Frame Number;Main Thread;System Used Memory;GC Reserved Memory;Total Reserved Memory;ServerFixedUpdate;TerrainGeneration;PlayerTerrainGenCheck;StructureGeneration;TerrainLogicSystem;GetUpdates;ReevaluatePropagateMarker;PropagateLogicState;PropInputBlocks;PropActiveLogicBlocks;CheckGateState;StatisticsSystem;GhostSimulationSystemGroup;PredictedSimulationSystemGroup;Number of Terrain Areas (Client);Number of Terrain Areas (Server);Number of Players (Client);Number of Players (Server);
1;0;470896640;9670656;397266944;0;0;0;0;0;0;0;0;0;0;0;0;0;0;
2;66057353;477442048;9670656;397266944;0;0;0;0;0;0;0;0;0;0;0;175649;0;0;0;0;0;0;
3;5576949;478400512;9670656;397266944;0;0;0;0;0;0;0;0;0;0;0;2695;0;0;0;0;0;0;
4;2758243;478400512;9670656;397266944;0;0;0;0;0;0;0;0;0;0;0;2304;0;0;0;0;0;0;
5;3500244;487419904;9670656;430821376;0;0;0;0;0;0;0;0;0;0;0;2175;0;0;0;0;0;0;
6;1189521;487960576;9670656;430821376;0;0;0;0;0;0;0;0;0;0;0;2595;0;0;0;0;0;0;
7;920837;487960576;9670656;430821376;0;0;0;0;0;0;0;0;0;0;0;2615;0;0;0;0;0;0;
8;901160;487960576;9670656;430821376;0;0;0;0;0;0;0;0;0;0;0;2605;0;0;0;0;0;0;
9;899476;487960576;9670656;430821376;0;0;0;0;0;0;0;0;0;0;0;2685;0;0;0;0;0;0;
10;875312;487960576;9670656;430821376;0;0;0;0;0;0;0;0;0;0;0;2594;0;0;0;0;0;0;
11;896101;487960576;9670656;430821376;0;0;0;0;0;0;0;0;0;0;0;2445;0;0;0;0;0;0;
12;896110;487960576;9670656;430821376;0;0;0;0;0;0;0;0;0;0;0;2605;0;0;0;0;0;0;
13;938551;487960576;9670656;430821376;0;0;0;0;0;0;0;0;0;0;0;2555;0;0;0;0;0;0;
14;912592;487960576;9670656;430821376;0;0;0;0;0;0;0;0;0;0;0;2585;0;0;0;0;0;0;
15;1180393;487960576;9670656;430821376;0;0;0;0;0;0;0;0;0;0;0;2395;0;0;0;0;0;0;
16;1493681;487960576;9670656;430821376;0;0;0;0;0;0;0;0;0;0;0;2104;0;0;0;0;0;0;
17;981481;487960576;9670656;430821376;0;0;0;0;0;0;0;0;0;0;0;2164;0;0;0;0;0;0;
18;824867;487960576;9670656;430821376;0;0;0;0;0;0;0;0;0;0;0;2345;0;0;0;0;0;0;
19;957075;488284160;9670656;430821376;0;0;0;0;0;0;0;0;0;0;0;2445;0;0;0;0;0;0;
20;831469;488775680;9670656;430821376;0;0;0;0;0;0;0;0;0;0;0;2034;0;0;0;0;0;0;
21;1433689;488775680;9670656;430821376;0;0;0;0;0;0;0;0;0;0;0;2124;0;0;0;0;0;0;
22;791985;488775680;9670656;430821376;0;0;0;0;0;0;0;0;0;0;0;2415;0;0;0;0;0;0;
23;886112;489467904;9670656;430821376;0;0;0;0;0;0;0;0;0;0;0;2434;0;0;0;0;0;0;
24;789490;489467904;9670656;430821376;0;0;0;0;0;0;0;0;0;0;0;2425;0;0;0;0;0;0;
25;950543;489467904;9670656;430821376;0;0;0;0;0;0;0;0;0;0;0;2355;0;0;0;0;0;0;
26;854302;489467904;9670656;430821376;0;0;0;0;0;0;0;0;0;0;0;2424;0;0;0;0;0;0;
27;894347;489467904;9670656;430821376;0;0;0;0;0;0;0;0;0;0;0;2485;0;0;0;0;0;0;
28;788409;489467904;9670656;430821376;0;0;0;0;0;0;0;0;0;0;0;2385;0;0;0;0;0;0;
29;889158;490168320;9670656;430821376;0;0;0;0;0;0;0;0;0;0;0;2024;0;0;0;0;0;0;
30;859952;490168320;9670656;430821376;0;0;0;0;0;0;0;0;0;0;0;2635;0;0;0;0;0;0;
31;991179;490168320;9670656;430821376;0;0;0;0;0;0;0;0;0;0;0;2414;0;0;0;0;0;0;
32;815560;490643456;9670656;430821376;0;0;0;0;0;0;0;0;0;0;0;2424;0;0;0;0;0;0;
33;751409;490643456;9670656;430821376;0;0;0;0;0;0;0;0;0;0;0;2234;0;0;0;0;0;0;
34;807054;490643456;9670656;430821376;0;0;0;0;0;0;0;0;0;0;0;2324;0;0;0;0;0;0;
35;887424;490643456;9670656;430821376;0;0;0;0;0;0;0;0;0;0;0;2354;0;0;0;0;0;0;
36;836769;490643456;9670656;430821376;0;0;0;0;0;0;0;0;0;0;0;2144;0;0;0;0;0;0;
37;809037;490643456;9670656;430821376;0;0;0;0;0;0;0;0;0;0;0;1994;0;0;0;0;0;0;
38;793548;490643456;9670656;430821376;0;0;0;0;0;0;0;0;0;0;0;1994;0;0;0;0;0;0;
39;746931;490643456;9670656;430821376;0;0;0;0;0;0;0;0;0;0;0;2094;0;0;0;0;0;0;
40;782117;490913792;9670656;430821376;0;0;0;0;0;0;0;0;0;0;0;2114;0;0;0;0;0;0;
41;783319;490913792;9670656;430821376;0;0;0;0;0;0;0;0;0;0;0;2054;0;0;0;0;0;0;
42;796885;490913792;9670656;430821376;0;0;0;0;0;0;0;0;0;0;0;2335;0;0;0;0;0;0;
43;759143;490913792;9670656;430821376;0;0;0;0;0;0;0;0;0;0;0;2084;0;0;0;0;0;0;
44;765045;490913792;9670656;430821376;0;0;0;0;0;0;0;0;0;0;0;2365;0;0;0;0;0;0;
45;2653417;490913792;9732096;430882816;0;0;0;0;0;0;0;0;0;0;0;2315;0;0;0;0;0;0;
46;922931;490913792;9732096;430882816;0;0;0;0;0;0;0;0;0;0;0;2445;0;0;0;0;0;0;
47;876865;490913792;9732096;430882816;0;0;0;0;0;0;0;0;0;0;0;4118;0;0;0;0;0;0;
48;910117;490913792;9732096;430882816;0;0;0;0;0;0;0;0;0;0;0;2685;0;0;0;0;0;0;
49;936747;490913792;9732096;430882816;0;0;0;0;0;0;0;0;0;0;0;2164;0;0;0;0;0;0;
50;871785;491339776;9732096;430882816;0;0;0;0;0;0;0;0;0;0;0;3857;0;0;0;0;0;0;
51;6216108;491339776;9732096;430882816;0;0;0;0;0;0;0;0;0;0;0;2304;0;0;0;0;0;0;
52;13073608;492347392;9732096;430882816;0;0;0;0;0;0;0;0;0;0;0;2665;0;0;0;0;0;0;
53;1092850;492347392;9732096;430882816;0;0;0;0;0;0;0;0;0;0;0;2675;0;0;0;0;0;0;
54;1006227;492347392;9732096;430882816;0;0;0;0;0;0;0;0;0;0;0;2695;0;0;0;0;0;0;
55;1055730;492347392;9732096;430882816;0;0;0;0;0;0;0;0;0;0;0;2625;0;0;0;0;0;0;
56;1029100;492347392;9732096;430882816;0;0;0;0;0;0;0;0;0;0;0;2585;0;0;0;0;0;0;
57;1175514;492347392;9732096;430882816;0;0;0;0;0;0;0;0;0;0;0;2625;0;0;0;0;0;0;
58;1073574;492347392;9732096;430882816;0;0;0;0;0;0;0;0;0;0;0;2575;0;0;0;0;0;0;
59;1246538;492347392;9732096;430882816;0;0;0;0;0;0;0;0;0;0;0;2545;0;0;0;0;0;0;
60;940073;492347392;9732096;430882816;0;0;0;0;0;0;0;0;0;0;0;2605;0;0;0;0;0;0;
61;995186;492347392;9732096;430882816;0;0;0;0;0;0;0;0;0;0;0;2585;0;0;0;0;0;0;
62;897333;492347392;9732096;430882816;0;0;0;0;0;0;0;0;0;0;0;2595;0;0;0;0;0;0;
63;1322560;492347392;9732096;430882816;0;0;0;0;0;0;0;0;0;0;0;2535;0;0;0;0;0;0;
64;900980;492347392;9732096;430882816;0;0;0;0;0;0;0;0;0;0;0;2735;0;0;0;0;0;0;
65;1050631;492679168;9732096;430882816;0;0;0;0;0;0;0;0;0;0;0;2485;0;0;0;0;0;0;
66;974828;492679168;9732096;430882816;0;0;0;0;0;0;0;0;0;0;0;2605;0;0;0;0;0;0;
67;977563;492679168;9732096;430882816;0;0;0;0;0;0;0;0;0;0;0;2685;0;0;0;0;0;0;
68;877806;492679168;9732096;430882816;0;0;0;0;0;0;0;0;0;0;0;2585;0;0;0;0;0;0;
69;1049008;492679168;9732096;430882816;0;0;0;0;0;0;0;0;0;0;0;2655;0;0;0;0;0;0;
70;1065008;492679168;9732096;430882816;0;0;0;0;0;0;0;0;0;0;0;2605;0;0;0;0;0;0;
71;913403;492679168;9732096;430882816;0;0;0;0;0;0;0;0;0;0;0;2615;0;0;0;0;0;0;
72;1354850;492679168;9732096;430882816;0;0;0;0;0;0;0;0;0;0;0;2585;0;0;0;0;0;0;
73;989776;492679168;9732096;430882816;0;0;0;0;0;0;0;0;0;0;0;2224;0;0;0;0;0;0;
74;939141;492679168;9732096;430882816;0;0;0;0;0;0;0;0;0;0;0;2474;0;0;0;0;0;0;
75;969508;492679168;9732096;430882816;0;0;0;0;0;0;0;0;0;0;0;2615;0;0;0;0;0;0;
76;1000105;492679168;9732096;430882816;0;0;0;0;0;0;0;0;0;0;0;2504;0;0;0;0;0;0;
77;1050229;492679168;9732096;430882816;0;0;0;0;0;0;0;0;0;0;0;2565;0;0;0;0;0;0;
78;1005376;492679168;9732096;430882816;0;0;0;0;0;0;0;0;0;0;0;2595;0;0;0;0;0;0;
79;921168;492679168;9732096;430882816;0;0;0;0;0;0;0;0;0;0;0;2635;0;0;0;0;0;0;
80;1083252;492679168;9732096;430882816;0;0;0;0;0;0;0;0;0;0;0;2505;0;0;0;0;0;0;
81;1025874;492949504;9732096;430882816;0;0;0;0;0;0;0;0;0;0;0;2725;0;0;0;0;0;0;
82;932579;492949504;9732096;430882816;0;0;0;0;0;0;0;0;0;0;0;2354;0;0;0;0;0;0;
83;954521;492949504;9732096;430882816;0;0;0;0;0;0;0;0;0;0;0;2295;0;0;0;0;0;0;
84;895169;492949504;9732096;430882816;0;0;0;0;0;0;0;0;0;0;0;2305;0;0;0;0;0;0;
85;1020283;492949504;9732096;430882816;0;0;0;0;0;0;0;0;0;0;0;2554;0;0;0;0;0;0;
86;1034480;492949504;9732096;430882816;0;0;0;0;0;0;0;0;0;0;0;2545;0;0;0;0;0;0;
87;1398713;492949504;9732096;430882816;0;0;0;0;0;0;0;0;0;0;0;2645;0;0;0;0;0;0;
88;904556;492949504;9732096;430882816;0;0;0;0;0;0;0;0;0;0;0;2565;0;0;0;0;0;0;
89;926949;492949504;9732096;430882816;0;0;0;0;0;0;0;0;0;0;0;2505;0;0;0;0;0;0;
90;1255755;492949504;9732096;430882816;0;0;0;0;0;0;0;0;0;0;0;2524;0;0;0;0;0;0;
91;913373;492949504;9732096;430882816;0;0;0;0;0;0;0;0;0;0;0;2675;0;0;0;0;0;0;
92;905909;492949504;9732096;430882816;0;0;0;0;0;0;0;0;0;0;0;2515;0;0;0;0;0;0;
93;1068103;492949504;9732096;430882816;0;0;0;0;0;0;0;0;0;0;0;2554;0;0;0;0;0;0;
94;967505;492949504;9732096;430882816;0;0;0;0;0;0;0;0;0;0;0;2254;0;0;0;0;0;0;
95;1107287;493219840;9732096;430882816;0;0;0;0;0;0;0;0;0;0;0;2545;0;0;0;0;0;0;
96;1027567;493219840;9732096;430882816;0;0;0;0;0;0;0;0;0;0;0;2625;0;0;0;0;0;0;
97;924434;493219840;9732096;430882816;0;0;0;0;0;0;0;0;0;0;0;2285;0;0;0;0;0;0;
98;925736;493219840;9732096;430882816;0;0;0;0;0;0;0;0;0;0;0;2534;0;0;0;0;0;0;
99;891793;493219840;9732096;430882816;0;0;0;0;0;0;0;0;0;0;0;2555;0;0;0;0;0;0;
100;986720;493219840;9732096;430882816;0;0;0;0;0;0;0;0;0;0;0;2635;0;0;0;0;0;0;
101;1002190;493219840;9732096;430882816;0;0;0;0;0;0;0;0;0;0;0;2686;0;0;0;0;0;0;
102;1214528;493219840;9732096;430882816;0;0;0;0;0;0;0;0;0;0;0;2595;0;0;0;0;0;0;
103;1043406;493219840;9732096;430882816;0;0;0;0;0;0;0;0;0;0;0;2575;0;0;0;0;0;0;
104;955873;493219840;9732096;430882816;0;0;0;0;0;0;0;0;0;0;0;2705;0;0;0;0;0;0;
105;926117;493219840;9732096;430882816;0;0;0;0;0;0;0;0;0;0;0;2525;0;0;0;0;0;0;
106;930014;493219840;9732096;430882816;0;0;0;0;0;0;0;0;0;0;0;2675;0;0;0;0;0;0;
107;951434;493219840;9732096;430882816;0;0;0;0;0;0;0;0;0;0;0;2575;0;0;0;0;0;0;
108;940143;493219840;9732096;430882816;0;0;0;0;0;0;0;0;0;0;0;2344;0;0;0;0;0;0;
109;973606;493219840;9732096;430882816;0;0;0;0;0;0;0;0;0;0;0;2625;0;0;0;0;0;0;
110;944211;493219840;9732096;430882816;0;0;0;0;0;0;0;0;0;0;0;2565;0;0;0;0;0;0;
111;1286223;493490176;9732096;430882816;0;0;0;0;0;0;0;0;0;0;0;2234;0;0;0;0;0;0;
112;956554;493490176;9732096;430882816;0;0;0;0;0;0;0;0;0;0;0;2695;0;0;0;0;0;0;
113;968687;493490176;9732096;430882816;0;0;0;0;0;0;0;0;0;0;0;2585;0;0;0;0;0;0;
114;937749;493490176;9732096;430882816;0;0;0;0;0;0;0;0;0;0;0;2685;0;0;0;0;0;0;
115;979497;493490176;9732096;430882816;0;0;0;0;0;0;0;0;0;0;0;2645;0;0;0;0;0;0;
116;882485;493490176;9732096;430882816;0;0;0;0;0;0;0;0;0;0;0;2254;0;0;0;0;0;0;
117;979657;493490176;9732096;430882816;0;0;0;0;0;0;0;0;0;0;0;2365;0;0;0;0;0;0;
118;993403;493490176;9732096;430882816;0;0;0;0;0;0;0;0;0;0;0;2405;0;0;0;0;0;0;
119;1000005;493490176;9732096;430882816;0;0;0;0;0;0;0;0;0;0;0;2615;0;0;0;0;0;0;
120;987161;493490176;9732096;430882816;0;0;0;0;0;0;0;0;0;0;0;2334;0;0;0;0;0;0;
121;994224;493490176;9732096;430882816;0;0;0;0;0;0;0;0;0;0;0;2204;0;0;0;0;0;0;
122;2567675;493490176;9732096;430882816;0;0;0;0;0;0;0;0;0;0;0;4068;0;0;0;0;15;0;
123;1014292;493490176;9732096;430882816;0;0;0;0;0;0;0;0;0;0;0;3026;0;0;0;0;15;0;
124;1038868;493490176;9732096;430882816;0;0;0;0;0;0;0;0;0;0;0;2875;0;0;0;0;15;0;
125;1025964;493490176;9732096;430882816;0;0;0;0;0;0;0;0;0;0;0;2965;0;0;0;0;15;0;
126;1066209;493490176;9732096;430882816;0;0;0;0;0;0;0;0;0;0;0;2815;0;0;0;0;15;0;
127;938530;493490176;9732096;430882816;0;0;0;0;0;0;0;0;0;0;0;2965;0;0;0;0;15;0;
128;924875;493490176;9732096;430882816;0;0;0;0;0;0;0;0;0;0;0;2815;0;0;0;0;15;0;
129;3057374;493490176;9732096;430882816;0;0;0;0;0;0;0;0;0;0;0;2796;0;0;0;0;15;0;
130;1077070;493490176;9732096;430882816;0;0;0;0;0;0;0;0;0;0;0;2875;0;0;0;0;15;0;
131;1046152;493490176;9732096;430882816;0;0;0;0;0;0;0;0;0;0;0;2765;0;0;0;0;15;0;
132;963628;493490176;9732096;430882816;0;0;0;0;0;0;0;0;0;0;0;3306;0;0;0;0;15;0;
133;1093120;493490176;9732096;430882816;0;0;0;0;0;0;0;0;0;0;0;3076;0;0;0;0;15;0;
134;1767665;493490176;9732096;430882816;0;0;0;0;0;0;0;0;0;0;0;3176;0;0;0;0;15;0;
135;1773416;497946624;9732096;447660032;0;0;0;0;0;0;0;0;0;0;0;3276;0;0;0;0;15;0;
136;1092619;497946624;9732096;447660032;0;0;0;0;0;0;0;0;0;0;0;3176;0;0;0;0;15;0;
137;1005496;497946624;9732096;447660032;0;0;0;0;0;0;0;0;0;0;0;3006;0;0;0;0;15;0;
138;1084674;497946624;9732096;447660032;0;0;0;0;0;0;0;0;0;0;0;2725;0;0;0;0;15;0;
139;983805;497946624;9732096;447660032;0;0;0;0;0;0;0;0;0;0;0;3257;0;0;0;0;15;0;
140;1086247;497946624;9732096;447660032;0;0;0;0;0;0;0;0;0;0;0;2926;0;0;0;0;15;0;
141;998012;497946624;9732096;447660032;0;0;0;0;0;0;0;0;0;0;0;3036;0;0;0;0;15;0;
142;1017488;497946624;9732096;447660032;0;0;0;0;0;0;0;0;0;0;0;3006;0;0;0;0;15;0;
143;1051832;497946624;9732096;447660032;0;0;0;0;0;0;0;0;0;0;0;2946;0;0;0;0;15;0;
144;979948;497946624;9732096;447660032;0;0;0;0;0;0;0;0;0;0;0;3287;0;0;0;0;15;0;
145;959169;497946624;9732096;447660032;0;0;0;0;0;0;0;0;0;0;0;2966;0;0;0;0;15;0;
146;1039870;497946624;9732096;447660032;0;0;0;0;0;0;0;0;0;0;0;3076;0;0;0;0;15;0;
147;1011657;497946624;9732096;447660032;0;0;0;0;0;0;0;0;0;0;0;2916;0;0;0;0;15;0;
148;970019;497946624;9732096;447660032;0;0;0;0;0;0;0;0;0;0;0;2935;0;0;0;0;15;0;
149;1110913;497946624;9732096;447660032;0;0;0;0;0;0;0;0;0;0;0;2946;0;0;0;0;15;0;
150;1021356;497946624;9732096;447660032;0;0;0;0;0;0;0;0;0;0;0;3066;0;0;0;0;15;0;
151;1074756;497946624;9732096;447660032;0;0;0;0;0;0;0;0;0;0;0;2956;0;0;0;0;15;0;
152;1009153;497946624;9732096;447660032;0;0;0;0;0;0;0;0;0;0;0;3166;0;0;0;0;15;0;
153;1052234;497946624;9732096;447660032;0;0;0;0;0;0;0;0;0;0;0;3116;0;0;0;0;15;0;
154;1141180;497946624;9732096;447660032;0;0;0;0;0;0;0;0;0;0;0;3086;0;0;0;0;15;0;
155;1031896;497946624;9732096;447660032;0;0;0;0;0;0;0;0;0;0;0;3196;0;0;0;0;15;0;
156;1040020;497946624;9732096;447660032;0;0;0;0;0;0;0;0;0;0;0;3166;0;0;0;0;15;0;
157;1145107;497946624;9732096;447660032;0;0;0;0;0;0;0;0;0;0;0;2956;0;0;0;0;15;0;
158;970800;497946624;9732096;447660032;0;0;0;0;0;0;0;0;0;0;0;3216;0;0;0;0;15;0;
159;1071610;497946624;9732096;447660032;0;0;0;0;0;0;0;0;0;0;0;65152;0;0;0;0;15;0;
160;1030643;497946624;9732096;447660032;0;0;0;0;0;0;0;0;0;0;0;2986;0;0;0;0;15;0;
161;1032196;497946624;9732096;447660032;0;0;0;0;0;0;0;0;0;0;0;3186;0;0;0;0;15;0;
162;966383;497946624;9732096;447660032;0;0;0;0;0;0;0;0;0;0;0;3226;0;0;0;0;15;0;
163;987742;497946624;9732096;447660032;0;0;0;0;0;0;0;0;0;0;0;3116;0;0;0;0;15;0;
164;1954926;497946624;9732096;447660032;0;0;0;0;0;0;0;0;0;0;0;2795;0;0;0;0;15;0;
165;1405676;497946624;9732096;447660032;0;0;0;0;0;0;0;0;0;0;0;3327;0;0;0;0;15;0;
166;3255776;502185984;9732096;447660032;0;0;0;0;0;0;0;0;0;0;0;3446;0;0;1;0;15;0;
167;1162680;502185984;9732096;447660032;0;0;0;0;0;0;0;0;0;0;0;2976;0;0;1;0;15;0;
168;1807109;504283136;9732096;464437248;0;0;0;0;0;0;0;0;0;0;0;3106;0;0;1;0;15;0;
169;1919610;510574592;9732096;481214464;0;0;0;0;0;0;0;0;0;0;0;2906;0;0;1;0;15;0;
170;1190632;510574592;9732096;481214464;0;0;0;0;0;0;0;0;0;0;0;3025;0;0;1;0;15;0;
171;1053947;510574592;9732096;481214464;0;0;0;0;0;0;0;0;0;0;0;2965;0;0;1;0;15;0;
172;1066450;510574592;9732096;481214464;0;0;0;0;0;0;0;0;0;0;0;2705;0;0;1;0;15;0;
173;1029320;510574592;9732096;481214464;0;0;0;0;0;0;0;0;0;0;0;3046;0;0;1;0;15;0;
174;996890;510574592;9732096;481214464;0;0;0;0;0;0;0;0;0;0;0;2675;0;0;1;0;15;0;
175;998202;510574592;9732096;481214464;0;0;0;0;0;0;0;0;0;0;0;2515;0;0;1;0;15;0;
176;1723402;510574592;9732096;481214464;0;0;0;0;0;0;0;0;0;0;0;2635;0;0;1;0;15;0;
177;1192527;510574592;9732096;481214464;0;0;0;0;0;0;0;0;0;0;0;2675;0;0;1;0;15;0;
178;2711956;514920448;9732096;481214464;0;0;0;0;0;0;0;0;0;0;0;2725;0;0;2;0;15;0;
179;1007449;514920448;9732096;481214464;0;0;0;0;0;0;0;0;0;0;0;2555;0;0;2;0;15;0;
180;982071;514920448;9732096;481214464;0;0;0;0;0;0;0;0;0;0;0;2505;0;0;2;0;15;0;
181;1056972;514920448;9732096;481214464;0;0;0;0;0;0;0;0;0;0;0;2505;0;0;2;0;15;0;
182;1030683;514920448;9732096;481214464;0;0;0;0;0;0;0;0;0;0;0;11452;0;0;2;0;15;0;
183;1015395;514920448;9732096;481214464;0;0;0;0;0;0;0;0;0;0;0;2565;0;0;2;0;15;0;
184;971913;514920448;9732096;481214464;0;0;0;0;0;0;0;0;0;0;0;2745;0;0;2;0;15;0;
185;998683;514920448;9732096;481214464;0;0;0;0;0;0;0;0;0;0;0;2505;0;0;2;0;15;0;
186;1758878;514920448;9732096;481214464;0;0;0;0;0;0;0;0;0;0;0;2575;0;0;2;0;15;0;
187;1078994;514920448;9732096;481214464;0;0;0;0;0;0;0;0;0;0;0;2545;0;0;2;0;15;0;
188;1030542;514920448;9732096;481214464;0;0;0;0;0;0;0;0;0;0;0;2625;0;0;2;0;15;0;
189;954971;514920448;9732096;481214464;0;0;0;0;0;0;0;0;0;0;0;2425;0;0;2;0;15;0;
190;1045210;514920448;9732096;481214464;0;0;0;0;0;0;0;0;0;0;0;2535;0;0;2;0;15;0;
191;946515;514920448;9732096;481214464;0;0;0;0;0;0;0;0;0;0;0;2585;0;0;2;0;15;0;
192;934102;514920448;9732096;481214464;0;0;0;0;0;0;0;0;0;0;0;2535;0;0;2;0;15;0;
193;2684594;517079040;9732096;481214464;0;0;0;0;0;0;0;0;0;0;0;3105;0;0;3;0;15;0;
194;1033098;517079040;9732096;481214464;0;0;0;0;0;0;0;0;0;0;0;2555;0;0;3;0;15;0;
195;1049438;517079040;9732096;481214464;0;0;0;0;0;0;0;0;0;0;0;2464;0;0;3;0;15;0;
196;1101135;517079040;9732096;481214464;0;0;0;0;0;0;0;0;0;0;0;2545;0;0;3;0;15;0;
197;1910052;517079040;9732096;481214464;0;0;0;0;0;0;0;0;0;0;0;2455;0;0;3;0;15;0;
198;1004775;517079040;9732096;481214464;0;0;0;0;0;0;0;0;0;0;0;2485;0;0;3;0;15;0;
199;974728;517079040;9732096;481214464;0;0;0;0;0;0;0;0;0;0;0;2564;0;0;3;0;15;0;
200;1124429;517079040;9732096;481214464;0;0;0;0;0;0;0;0;0;0;0;2565;0;0;3;0;15;0;
201;1111444;517079040;9732096;481214464;0;0;0;0;0;0;0;0;0;0;0;2675;0;0;3;0;15;0;
202;1088662;517079040;9732096;481214464;0;0;0;0;0;0;0;0;0;0;0;2414;0;0;3;0;15;0;
203;1062473;517079040;9732096;481214464;0;0;0;0;0;0;0;0;0;0;0;2534;0;0;3;0;15;0;
204;1066951;517079040;9732096;481214464;0;0;0;0;0;0;0;0;0;0;0;2585;0;0;3;0;15;0;
205;1137924;517079040;9732096;481214464;0;0;0;0;0;0;0;0;0;0;0;2524;0;0;3;0;15;0;
206;1087209;517079040;9732096;481214464;0;0;0;0;0;0;0;0;0;0;0;2615;0;0;3;0;15;0;
207;2326343;523370496;9732096;497991680;0;0;0;0;0;0;0;0;0;0;0;2926;0;0;4;0;15;0;
208;1152552;523370496;9732096;497991680;0;0;0;0;0;0;0;0;0;0;0;2605;0;0;4;0;15;0;
209;1081208;523370496;9732096;497991680;0;0;0;0;0;0;0;0;0;0;0;2605;0;0;4;0;15;0;
210;1151500;523370496;9732096;497991680;0;0;0;0;0;0;0;0;0;0;0;2625;0;0;4;0;15;0;
211;1079193;523370496;9732096;497991680;0;0;0;0;0;0;0;0;0;0;0;2725;0;0;4;0;15;0;
212;1176997;523370496;9732096;497991680;0;0;0;0;0;0;0;0;0;0;0;2675;0;0;4;0;15;0;
213;1016467;523370496;9732096;497991680;0;0;0;0;0;0;0;0;0;0;0;2555;0;0;4;0;15;0;
214;1237430;523370496;9732096;497991680;0;0;0;0;0;0;0;0;0;0;0;2605;0;0;4;0;15;0;
215;1011186;523370496;9732096;497991680;0;0;0;0;0;0;0;0;0;0;0;2725;0;0;4;0;15;0;
216;1102738;523370496;9732096;497991680;0;0;0;0;0;0;0;0;0;0;0;2735;0;0;4;0;15;0;
217;1057814;523370496;9732096;497991680;0;0;0;0;0;0;0;0;0;0;0;2564;0;0;4;0;15;0;
218;969208;523370496;9732096;497991680;0;0;0;0;0;0;0;0;0;0;0;2705;0;0;4;0;15;0;
219;1032666;523370496;9732096;497991680;0;0;0;0;0;0;0;0;0;0;0;2635;0;0;4;0;15;0;
220;973445;523370496;9732096;497991680;0;0;0;0;0;0;0;0;0;0;0;2394;0;0;4;0;15;0;
221;1061210;523370496;9732096;497991680;0;0;0;0;0;0;0;0;0;0;0;2645;0;0;4;0;15;0;
222;1106495;523370496;9732096;497991680;0;0;0;0;0;0;0;0;0;0;0;2705;0;0;4;0;15;0;
223;1130690;523370496;9732096;497991680;0;0;0;0;0;0;0;0;0;0;0;2685;0;0;4;0;15;0;
224;1109170;523370496;9732096;497991680;0;0;0;0;0;0;0;0;0;0;0;2755;0;0;4;0;15;0;
225;1095585;523370496;9732096;497991680;0;0;0;0;0;0;0;0;0;0;0;2675;0;0;4;0;15;0;
226;1034660;523370496;9732096;497991680;0;0;0;0;0;0;0;0;0;0;0;2635;0;0;4;0;15;0;
227;1094553;523370496;9732096;497991680;0;0;0;0;0;0;0;0;0;0;0;2645;0;0;4;0;15;0;
228;1151289;523370496;9732096;497991680;0;0;0;0;0;0;0;0;0;0;0;2665;0;0;4;0;15;0;
229;1065317;523370496;9732096;497991680;0;0;0;0;0;0;0;0;0;0;0;2625;0;0;4;0;15;0;
230;1995242;523370496;9732096;497991680;0;0;0;0;0;0;0;0;0;0;0;2765;0;0;4;0;15;0;
231;1242019;523370496;9732096;497991680;0;0;0;0;0;0;0;0;0;0;0;2545;0;0;4;0;15;0;
232;1102878;523370496;9732096;497991680;0;0;0;0;0;0;0;0;0;0;0;2464;0;0;4;0;15;0;
233;1019752;523370496;9732096;497991680;0;0;0;0;0;0;0;0;0;0;0;2745;0;0;4;0;15;0;
234;1043457;523370496;9732096;497991680;0;0;0;0;0;0;0;0;0;0;0;2715;0;0;4;0;15;0;
235;1167740;523370496;9732096;497991680;0;0;0;0;0;0;0;0;0;0;0;2715;0;0;4;0;15;0;
236;1208596;523370496;9732096;497991680;0;0;0;0;0;0;0;0;0;0;0;2765;0;0;4;0;15;0;
237;1226561;523370496;9732096;497991680;0;0;0;0;0;0;0;0;0;0;0;2735;0;0;4;0;15;0;
238;1127926;523370496;9732096;497991680;0;0;0;0;0;0;0;0;0;0;0;2495;0;0;4;0;15;0;
239;1451582;523370496;9732096;497991680;0;0;0;0;0;0;0;0;0;0;0;2645;0;0;4;0;15;0;
240;1063013;523370496;9732096;497991680;0;0;0;0;0;0;0;0;0;0;0;2635;0;0;4;0;15;0;
241;1146691;523370496;9732096;497991680;0;0;0;0;0;0;0;0;0;0;0;2715;0;0;4;0;15;0;
242;1833308;523370496;9732096;497991680;0;0;0;0;0;0;0;0;0;0;0;2194;0;0;4;0;15;0;
243;2979248;527601664;9732096;497991680;0;0;0;0;0;0;0;0;0;0;0;3236;0;0;5;0;15;0;
244;1191745;527601664;9732096;497991680;0;0;0;0;0;0;0;0;0;0;0;2525;0;0;5;0;15;0;
245;1113568;527601664;9732096;497991680;0;0;0;0;0;0;0;0;0;0;0;2755;0;0;5;0;15;0;
246;1027086;527601664;9732096;497991680;0;0;0;0;0;0;0;0;0;0;0;2495;0;0;5;0;15;0;
247;1062602;527601664;9732096;497991680;0;0;0;0;0;0;0;0;0;0;0;2665;0;0;5;0;15;0;
248;1213797;527601664;9732096;497991680;0;0;0;0;0;0;0;0;0;0;0;2585;0;0;5;0;15;0;
249;1239986;527601664;9732096;497991680;0;0;0;0;0;0;0;0;0;0;0;2635;0;0;5;0;15;0;
250;4097374;527601664;9732096;497991680;0;0;0;0;0;0;0;0;0;0;0;4368;0;0;5;0;16;0;
251;4885272;527601664;9732096;497991680;0;0;0;0;0;0;0;0;0;0;0;4188;0;0;5;0;16;0;
252;1721769;527601664;9732096;497991680;0;0;0;0;0;0;0;0;0;0;0;2695;0;0;5;0;16;0;
253;1361864;527601664;9732096;497991680;0;0;0;0;0;0;0;0;0;0;0;2735;0;0;5;0;16;0;
254;1243972;527601664;9732096;497991680;0;0;0;0;0;0;0;0;0;0;0;2836;0;0;5;0;16;0;
255;1346295;527601664;9732096;497991680;0;0;0;0;0;0;0;0;0;0;0;3266;0;0;5;0;16;0;
256;1474846;527601664;9732096;497991680;0;0;0;0;0;0;0;0;0;0;0;3005;0;0;5;0;16;0;
257;1390718;527601664;9732096;497991680;0;0;0;0;0;0;0;0;0;0;0;2805;0;0;5;0;16;0;
258;1331286;527601664;9732096;497991680;0;0;0;0;0;0;0;0;0;0;0;3316;0;0;5;0;16;0;
259;1346175;527601664;9732096;497991680;0;0;0;0;0;0;0;0;0;0;0;2775;0;0;5;0;16;0;
260;2065694;527601664;9732096;497991680;0;0;0;0;0;0;0;0;0;0;0;2946;0;0;5;0;16;0;
261;1669381;527601664;9732096;497991680;0;0;0;0;0;0;0;0;0;0;0;3266;0;0;5;0;16;0;
262;1451402;527601664;9732096;497991680;0;0;0;0;0;0;0;0;0;0;0;2736;0;0;5;0;16;0;
263;1666526;527601664;9732096;497991680;0;0;0;0;0;0;0;0;0;0;0;2746;0;0;5;0;16;0;
264;1458385;527601664;9732096;497991680;0;0;0;0;0;0;0;0;0;0;0;2756;0;0;5;0;16;0;
265;1445441;527601664;9732096;497991680;0;0;0;0;0;0;0;0;0;0;0;3076;0;0;5;0;16;0;
266;1301281;527601664;9732096;497991680;0;0;0;0;0;0;0;0;0;0;0;2735;0;0;5;0;16;0;
267;1334763;527601664;9732096;497991680;0;0;0;0;0;0;0;0;0;0;0;3136;0;0;5;0;16;0;
268;2791185;527601664;9732096;497991680;0;0;0;0;0;0;0;0;0;0;0;3076;0;0;5;0;16;0;
269;3096347;527601664;9732096;497991680;0;0;0;0;0;0;0;0;0;0;0;4359;0;0;5;0;17;0;
270;2047380;531795968;9732096;514768896;0;0;0;0;0;0;0;0;0;0;0;2665;0;0;5;0;17;0;
271;1444118;531795968;9732096;514768896;0;0;0;0;0;0;0;0;0;0;0;2635;0;0;5;0;17;0;
272;1527545;531795968;9732096;514768896;0;0;0;0;0;0;0;0;0;0;0;2936;0;0;5;0;17;0;
273;1433097;531795968;9732096;514768896;0;0;0;0;0;0;0;0;0;0;0;2795;0;0;5;0;17;0;
274;1440291;531795968;9732096;514768896;0;0;0;0;0;0;0;0;0;0;0;3116;0;0;5;0;17;0;
275;1410906;531795968;9732096;514768896;0;0;0;0;0;0;0;0;0;0;0;2765;0;0;5;0;17;0;
276;1393724;531795968;9732096;514768896;0;0;0;0;0;0;0;0;0;0;0;2715;0;0;5;0;17;0;
277;1333521;531795968;9732096;514768896;0;0;0;0;0;0;0;0;0;0;0;2805;0;0;5;0;17;0;
278;3617775;536723456;9732096;514768896;0;0;0;0;0;0;0;0;0;0;0;3095;0;0;6;0;17;0;
279;1575585;536723456;9732096;514768896;0;0;0;0;0;0;0;0;0;0;0;2956;0;0;6;0;17;0;
280;2429046;536723456;9732096;514768896;0;0;0;0;0;0;0;0;0;0;0;2746;0;0;6;0;17;0;
281;1533666;536723456;9732096;514768896;0;0;0;0;0;0;0;0;0;0;0;2865;0;0;6;0;17;0;
282;1498380;536723456;9732096;514768896;0;0;0;0;0;0;0;0;0;0;0;2916;0;0;6;0;17;0;
283;1476349;536723456;9732096;514768896;0;0;0;0;0;0;0;0;0;0;0;3186;0;0;6;0;17;0;
284;1441243;536723456;9732096;514768896;0;0;0;0;0;0;0;0;0;0;0;3095;0;0;6;0;17;0;
285;1341846;536723456;9732096;514768896;0;0;0;0;0;0;0;0;0;0;0;3136;0;0;6;0;17;0;
286;1335624;536723456;9732096;514768896;0;0;0;0;0;0;0;0;0;0;0;3116;0;0;6;0;17;0;
287;1409794;536723456;9732096;514768896;0;0;0;0;0;0;0;0;0;0;0;3166;0;0;6;0;17;0;
288;3734644;540971008;9732096;514768896;0;0;0;0;0;0;0;0;0;0;0;4178;0;0;7;0;17;0;
289;1857814;540971008;9732096;514768896;0;0;0;0;0;0;0;0;0;0;0;2926;0;0;7;0;17;0;
290;1363838;540971008;9732096;514768896;0;0;0;0;0;0;0;0;0;0;0;3075;0;0;7;0;17;0;
291;1432476;540971008;9732096;514768896;0;0;0;0;0;0;0;0;0;0;0;3035;0;0;7;0;17;0;
292;1385939;540971008;9732096;514768896;0;0;0;0;0;0;0;0;0;0;0;3066;0;0;7;0;17;0;
293;1463054;540971008;9732096;514768896;0;0;0;0;0;0;0;0;0;0;0;2866;0;0;7;0;17;0;
294;1445180;540971008;9732096;514768896;0;0;0;0;0;0;0;0;0;0;0;3086;0;0;7;0;17;0;
295;1430463;540971008;9732096;514768896;0;0;0;0;0;0;0;0;0;0;0;3006;0;0;7;0;17;0;
296;1378906;540971008;9732096;514768896;0;0;0;0;0;0;0;0;0;0;0;3166;0;0;7;0;17;0;
297;1386420;540971008;9732096;514768896;0;0;0;0;0;0;0;0;0;0;0;3036;0;0;7;0;17;0;
298;3478984;543129600;9732096;514768896;0;0;0;0;0;0;0;0;0;0;0;3847;0;0;8;0;17;0;
299;1544777;543129600;9732096;514768896;0;0;0;0;0;0;0;0;0;0;0;2876;0;0;8;0;17;0;
300;2152768;543129600;9732096;514768896;0;0;0;0;0;0;0;0;0;0;0;2825;0;0;8;0;17;0;
301;1436263;543129600;9732096;514768896;0;0;0;0;0;0;0;0;0;0;0;2415;0;0;8;0;17;0;
302;1298565;543129600;9732096;514768896;0;0;0;0;0;0;0;0;0;0;0;2425;0;0;8;0;17;0;
303;1362155;543129600;9732096;514768896;0;0;0;0;0;0;0;0;0;0;0;2385;0;0;8;0;17;0;
304;1296902;543129600;9732096;514768896;0;0;0;0;0;0;0;0;0;0;0;2555;0;0;8;0;17;0;
305;1298215;543129600;9732096;514768896;0;0;0;0;0;0;0;0;0;0;0;2385;0;0;8;0;17;0;
306;1405676;543129600;9732096;514768896;0;0;0;0;0;0;0;0;0;0;0;2254;0;0;8;0;17;0;
307;1525711;543129600;9732096;514768896;0;0;0;0;0;0;0;0;0;0;0;2445;0;0;8;0;17;0;
308;3397071;549421056;9732096;531546112;0;0;0;0;0;0;0;0;0;0;0;3226;0;0;9;0;17;0;
309;1404574;549421056;9732096;531546112;0;0;0;0;0;0;0;0;0;0;0;2364;0;0;9;0;17;0;
310;1320687;549421056;9732096;531546112;0;0;0;0;0;0;0;0;0;0;0;2444;0;0;9;0;17;0;
311;1384867;549421056;9732096;531546112;0;0;0;0;0;0;0;0;0;0;0;3176;0;0;9;0;17;0;
312;17553780;549421056;9732096;531546112;0;0;0;0;0;0;0;0;0;0;0;3186;0;0;9;0;17;0;
313;1745724;549421056;9732096;531546112;0;0;0;0;0;0;0;0;0;0;0;2855;0;0;9;0;17;0;
314;1485847;549421056;9732096;531546112;0;0;0;0;0;0;0;0;0;0;0;2835;0;0;9;0;17;0;
315;1636309;549421056;9732096;531546112;0;0;0;0;0;0;0;0;0;0;0;2936;0;0;9;0;17;0;
316;1611192;549421056;9732096;531546112;0;0;0;0;0;0;0;0;0;0;0;2915;0;0;9;0;17;0;
317;1579953;549421056;9732096;531546112;0;0;0;0;0;0;0;0;0;0;0;3125;0;0;9;0;17;0;
318;1553824;549421056;9732096;531546112;0;0;0;0;0;0;0;0;0;0;0;3176;0;0;9;0;17;0;
319;1450810;549421056;9732096;531546112;0;0;0;0;0;0;0;0;0;0;0;3026;0;0;9;0;17;0;
320;1784186;549421056;9732096;531546112;0;0;0;0;0;0;0;0;0;0;0;2895;0;0;9;0;17;0;
321;1766002;549421056;9732096;531546112;0;0;0;0;0;0;0;0;0;0;0;2886;0;0;9;0;17;0;
322;1524158;549421056;9732096;531546112;0;0;0;0;0;0;0;0;0;0;0;3106;0;0;9;0;17;0;
323;1682796;549421056;9732096;531546112;0;0;0;0;0;0;0;0;0;0;0;2976;0;0;9;0;17;0;
324;1617584;549421056;9732096;531546112;0;0;0;0;0;0;0;0;0;0;0;2825;0;0;9;0;17;0;
325;1581577;549421056;9732096;531546112;0;0;0;0;0;0;0;0;0;0;0;2866;0;0;9;0;17;0;
326;1452905;549421056;9732096;531546112;0;0;0;0;0;0;0;0;0;0;0;2906;0;0;9;0;17;0;
327;1411567;549421056;9732096;531546112;0;0;0;0;0;0;0;0;0;0;0;2785;0;0;9;0;17;0;
328;1819442;549421056;9732096;531546112;0;0;0;0;0;0;0;0;0;0;0;4458;0;0;9;0;19;0;
329;1514561;549421056;9732096;531546112;0;0;0;0;0;0;0;0;0;0;0;3036;0;0;9;0;19;0;
330;2423765;549421056;9732096;531546112;0;0;0;0;0;0;0;0;0;0;0;3026;0;0;9;0;19;0;
331;1373817;549421056;9732096;531546112;0;0;0;0;0;0;0;0;0;0;0;2975;0;0;9;0;19;0;
332;1495785;549421056;9732096;531546112;0;0;0;0;0;0;0;0;0;0;0;2515;0;0;9;0;19;0;
333;1634856;549421056;9732096;531546112;0;0;0;0;0;0;0;0;0;0;0;2545;0;0;9;0;19;0;
334;1752296;549421056;9732096;531546112;0;0;0;0;0;0;0;0;0;0;0;2515;0;0;9;0;19;0;
335;1573521;549421056;9732096;531546112;0;0;0;0;0;0;0;0;0;0;0;2756;0;0;9;0;19;0;
336;1343469;549421056;9732096;531546112;0;0;0;0;0;0;0;0;0;0;0;2395;0;0;9;0;19;0;
337;1353037;549421056;9732096;531546112;0;0;0;0;0;0;0;0;0;0;0;2364;0;0;9;0;19;0;
338;1350152;549421056;9732096;531546112;0;0;0;0;0;0;0;0;0;0;0;2895;0;0;9;0;19;0;
339;1410695;549421056;9732096;531546112;0;0;0;0;0;0;0;0;0;0;0;2485;0;0;9;0;19;0;
340;1561088;549421056;9732096;531546112;0;0;0;0;0;0;0;0;0;0;0;2816;0;0;9;0;19;0;
341;1502969;549421056;9732096;531546112;0;0;0;0;0;0;0;0;0;0;0;2525;0;0;9;0;19;0;
342;1412188;549421056;9732096;531546112;0;0;0;0;0;0;0;0;0;0;0;2394;0;0;9;0;19;0;
343;2243537;549421056;9732096;531546112;0;0;0;0;0;0;0;0;0;0;0;2715;0;0;9;0;19;0;
344;1507347;549421056;9732096;531546112;0;0;0;0;0;0;0;0;0;0;0;2494;0;0;9;0;19;0;
345;1286913;549421056;9732096;531546112;0;0;0;0;0;0;0;0;0;0;0;2585;0;0;9;0;19;0;
346;1375269;549421056;9732096;531546112;0;0;0;0;0;0;0;0;0;0;0;2585;0;0;9;0;19;0;
347;1444278;549421056;9732096;531546112;0;0;0;0;0;0;0;0;0;0;0;2505;0;0;9;0;19;0;
348;1279149;549421056;9732096;531546112;0;0;0;0;0;0;0;0;0;0;0;2495;0;0;9;0;19;0;
349;1280832;549421056;9732096;531546112;0;0;0;0;0;0;0;0;0;0;0;2525;0;0;9;0;19;0;
350;2020900;549421056;9732096;531546112;0;0;0;0;0;0;0;0;0;0;0;75742;0;0;9;0;19;0;
351;1592056;549421056;9732096;531546112;0;0;0;0;0;0;0;0;0;0;0;2465;0;0;9;0;19;0;
352;1376371;549421056;9732096;531546112;0;0;0;0;0;0;0;0;0;0;0;2494;0;0;9;0;19;0;
353;1386330;549421056;9732096;531546112;0;0;0;0;0;0;0;0;0;0;0;2465;0;0;9;0;19;0;
354;1420815;549421056;9732096;531546112;0;0;0;0;0;0;0;0;0;0;0;2445;0;0;9;0;19;0;
355;1287415;549421056;9732096;531546112;0;0;0;0;0;0;0;0;0;0;0;2405;0;0;9;0;19;0;
356;1330725;549421056;9732096;531546112;0;0;0;0;0;0;0;0;0;0;0;2375;0;0;9;0;19;0;
357;1345624;549421056;9732096;531546112;0;0;0;0;0;0;0;0;0;0;0;2675;0;0;9;0;19;0;
358;2140875;549580800;9560064;531374080;0;0;0;0;0;0;0;0;0;0;0;2415;0;0;9;0;19;0;
359;1615349;549580800;9560064;531374080;0;0;0;0;0;0;0;0;0;0;0;2685;0;0;9;0;19;0;
360;1493131;549580800;9560064;531374080;0;0;0;0;0;0;0;0;0;0;0;2896;0;0;9;0;19;0;
361;1835322;549580800;9560064;531374080;0;0;0;0;0;0;0;0;0;0;0;2625;0;0;9;0;19;0;
362;1652379;549580800;9560064;531374080;0;0;0;0;0;0;0;0;0;0;0;2514;0;0;9;0;19;0;
363;1498991;549580800;9560064;531374080;0;0;0;0;0;0;0;0;0;0;0;2425;0;0;9;0;19;0;
364;1455129;549580800;9560064;531374080;0;0;0;0;0;0;0;0;0;0;0;2495;0;0;9;0;19;0;
365;1247499;549580800;9560064;531374080;0;0;0;0;0;0;0;0;0;0;0;2394;0;0;9;0;19;0;
366;1420625;549580800;9560064;531374080;0;0;0;0;0;0;0;0;0;0;0;2465;0;0;9;0;19;0;
367;1465378;549580800;9560064;531374080;0;0;0;0;0;0;0;0;0;0;0;2455;0;0;9;0;19;0;
368;1373896;549580800;9560064;531374080;0;0;0;0;0;0;0;0;0;0;0;2405;0;0;9;0;19;0;
369;1345343;549580800;9560064;531374080;0;0;0;0;0;0;0;0;0;0;0;2525;0;0;9;0;19;0;
370;1989070;549580800;9560064;531374080;0;0;0;0;0;0;0;0;0;0;0;2655;0;0;9;0;19;0;
371;1437536;549580800;9560064;531374080;0;0;0;0;0;0;0;0;0;0;0;2565;0;0;9;0;19;0;
372;1365341;549580800;9560064;531374080;0;0;0;0;0;0;0;0;0;0;0;2405;0;0;9;0;19;0;
373;1346936;549580800;9560064;531374080;0;0;0;0;0;0;0;0;0;0;0;2445;0;0;9;0;19;0;
374;1311229;549580800;9560064;531374080;0;0;0;0;0;0;0;0;0;0;0;2124;0;0;9;0;19;0;
375;1324364;549580800;9560064;531374080;0;0;0;0;0;0;0;0;0;0;0;2444;0;0;9;0;19;0;
376;1354430;549580800;9560064;531374080;0;0;0;0;0;0;0;0;0;0;0;2665;0;0;9;0;19;0;
377;1477140;549580800;9560064;531374080;0;0;0;0;0;0;0;0;0;0;0;2655;0;0;9;0;19;0;
378;1753388;549580800;9560064;531374080;0;0;0;0;0;0;0;0;0;0;0;2454;0;0;9;0;19;0;
379;1339021;549580800;9560064;531374080;0;0;0;0;0;0;0;0;0;0;0;2335;0;0;9;0;19;0;
380;1300869;549580800;9560064;531374080;0;0;0;0;0;0;0;0;0;0;0;2325;0;0;9;0;19;0;
381;1216451;549580800;9560064;531374080;0;0;0;0;0;0;0;0;0;0;0;2935;0;0;9;0;19;0;
382;3202606;553562112;9560064;531374080;0;0;0;0;0;0;0;0;0;0;0;2905;0;0;10;0;19;0;
383;1587898;553562112;9560064;531374080;0;0;0;0;0;0;0;0;0;0;0;2344;0;0;10;0;19;0;
384;3077852;553586688;9367552;531181568;0;0;0;0;0;0;0;0;0;0;0;2845;0;0;10;0;19;0;
385;1448767;553586688;9367552;531181568;0;0;0;0;0;0;0;0;0;0;0;2635;0;0;10;0;19;0;
386;1576036;553586688;9367552;531181568;0;0;0;0;0;0;0;0;0;0;0;2695;0;0;10;0;19;0;
387;1290340;553586688;9367552;531181568;0;0;0;0;0;0;0;0;0;0;0;2655;0;0;10;0;19;0;
388;1256286;553586688;9367552;531181568;0;0;0;0;0;0;0;0;0;0;0;2554;0;0;10;0;19;0;
389;1271625;553586688;9367552;531181568;0;0;0;0;0;0;0;0;0;0;0;2494;0;0;10;0;19;0;
390;1300860;553586688;9367552;531181568;0;0;0;0;0;0;0;0;0;0;0;2675;0;0;10;0;19;0;
391;1665143;553586688;9367552;531181568;0;0;0;0;0;0;0;0;0;0;0;3637;0;0;10;0;20;0;
392;1443998;553586688;9367552;531181568;0;0;0;0;0;0;0;0;0;0;0;2725;0;0;10;0;20;0;
393;1285340;553586688;9367552;531181568;0;0;0;0;0;0;0;0;0;0;0;2575;0;0;10;0;20;0;
394;1297142;553586688;9367552;531181568;0;0;0;0;0;0;0;0;0;0;0;2946;0;0;10;0;20;0;
395;1237922;553586688;9367552;531181568;0;0;0;0;0;0;0;0;0;0;0;2665;0;0;10;0;20;0;
396;2135204;553586688;9367552;531181568;0;0;0;0;0;0;0;0;0;0;0;2765;0;0;10;0;20;0;
397;1515101;553586688;9367552;531181568;0;0;0;0;0;0;0;0;0;0;0;2625;0;0;10;0;20;0;
398;1341426;553586688;9367552;531181568;0;0;0;0;0;0;0;0;0;0;0;2615;0;0;10;0;20;0;
399;1331016;553586688;9367552;531181568;0;0;0;0;0;0;0;0;0;0;0;2445;0;0;10;0;20;0;
400;1505293;553586688;9367552;531181568;0;0;0;0;0;0;0;0;0;0;0;2795;0;0;10;0;20;0;
401;1298486;553586688;9367552;531181568;0;0;0;0;0;0;0;0;0;0;0;2455;0;0;10;0;20;0;
402;1368947;553586688;9367552;531181568;0;0;0;0;0;0;0;0;0;0;0;2575;0;0;10;0;20;0;
403;1338390;553586688;9367552;531181568;0;0;0;0;0;0;0;0;0;0;0;2424;0;0;10;0;20;0;
404;1364209;553586688;9367552;531181568;0;0;0;0;0;0;0;0;0;0;0;2635;0;0;10;0;20;0;
405;1391460;553586688;9367552;531181568;0;0;0;0;0;0;0;0;0;0;0;2635;0;0;10;0;20;0;
406;1404975;553586688;9367552;531181568;0;0;0;0;0;0;0;0;0;0;0;2544;0;0;10;0;20;0;
407;1384737;553586688;9367552;531181568;0;0;0;0;0;0;0;0;0;0;0;2625;0;0;10;0;20;0;
408;2876134;553529344;9224192;531038208;0;0;0;0;0;0;0;0;0;0;0;2716;0;0;10;0;20;0;
409;2144982;557723648;9224192;547815424;0;0;0;0;0;0;0;0;0;0;0;2956;0;0;10;0;20;0;
410;1398042;557723648;9224192;547815424;0;0;0;0;0;0;0;0;0;0;0;2444;0;0;10;0;20;0;
411;1295640;557723648;9224192;547815424;0;0;0;0;0;0;0;0;0;0;0;3146;0;0;10;0;20;0;
412;1349441;557723648;9224192;547815424;0;0;0;0;0;0;0;0;0;0;0;2706;0;0;10;0;20;0;
413;3085036;561692672;9224192;547815424;0;0;0;0;0;0;0;0;0;0;0;2615;0;0;11;0;20;0;
414;1349972;561692672;9224192;547815424;0;0;0;0;0;0;0;0;0;0;0;2375;0;0;11;0;20;0;
415;1302883;561692672;9224192;547815424;0;0;0;0;0;0;0;0;0;0;0;2745;0;0;11;0;20;0;
416;1473092;561692672;9224192;547815424;0;0;0;0;0;0;0;0;0;0;0;2334;0;0;11;0;20;0;
417;1373907;561692672;9224192;547815424;0;0;0;0;0;0;0;0;0;0;0;2615;0;0;11;0;20;0;
418;2105649;561692672;9224192;547815424;0;0;0;0;0;0;0;0;0;0;0;3286;0;0;11;0;20;0;
419;1486307;561692672;9224192;547815424;0;0;0;0;0;0;0;0;0;0;0;2364;0;0;11;0;20;0;
420;1346104;561692672;9224192;547815424;0;0;0;0;0;0;0;0;0;0;0;2665;0;0;11;0;20;0;
421;1292484;561692672;9224192;547815424;0;0;0;0;0;0;0;0;0;0;0;2615;0;0;11;0;20;0;
422;1375430;561692672;9224192;547815424;0;0;0;0;0;0;0;0;0;0;0;2495;0;0;11;0;20;0;
423;3071761;565936128;9224192;547815424;0;0;0;0;0;0;0;0;0;0;0;2675;0;0;12;0;20;0;
424;1382783;565936128;9224192;547815424;0;0;0;0;0;0;0;0;0;0;0;2374;0;0;12;0;20;0;
425;1290591;565936128;9224192;547815424;0;0;0;0;0;0;0;0;0;0;0;2484;0;0;12;0;20;0;
426;1393724;565936128;9224192;547815424;0;0;0;0;0;0;0;0;0;0;0;2425;0;0;12;0;20;0;
427;1445220;565936128;9224192;547815424;0;0;0;0;0;0;0;0;0;0;0;2474;0;0;12;0;20;0;
428;1775480;565936128;9224192;547815424;0;0;0;0;0;0;0;0;0;0;0;2695;0;0;12;0;20;0;
429;1409754;565936128;9224192;547815424;0;0;0;0;0;0;0;0;0;0;0;2384;0;0;12;0;20;0;
430;1392492;565936128;9224192;547815424;0;0;0;0;0;0;0;0;0;0;0;2285;0;0;12;0;20;0;
431;2311915;566116352;9216000;547807232;0;0;0;0;0;0;0;0;0;0;0;2876;0;0;12;0;20;0;
432;1418079;566116352;9216000;547807232;0;0;0;0;0;0;0;0;0;0;0;2595;0;0;12;0;20;0;
433;3957011;570163200;9216000;547807232;0;0;0;0;0;0;0;0;0;0;0;2855;0;0;13;0;20;0;
434;1574563;570163200;9216000;547807232;0;0;0;0;0;0;0;0;0;0;0;2515;0;0;13;0;20;0;
435;2408256;570163200;9216000;547807232;0;0;0;0;0;0;0;0;0;0;0;2615;0;0;13;0;20;0;
436;2246163;574357504;9216000;564584448;0;0;0;0;0;0;0;0;0;0;0;2435;0;0;13;0;20;0;
437;1388454;574357504;9216000;564584448;0;0;0;0;0;0;0;0;0;0;0;2494;0;0;13;0;20;0;
438;1368997;574357504;9216000;564584448;0;0;0;0;0;0;0;0;0;0;0;2405;0;0;13;0;20;0;
439;1439249;574357504;9216000;564584448;0;0;0;0;0;0;0;0;0;0;0;2905;0;0;13;0;20;0;
440;1238642;574357504;9216000;564584448;0;0;0;0;0;0;0;0;0;0;0;2866;0;0;13;0;20;0;
441;3081579;578596864;9216000;564584448;0;0;0;0;0;0;0;0;0;0;0;2855;0;0;14;0;20;0;
442;1440601;578596864;9216000;564584448;0;0;0;0;0;0;0;0;0;0;0;2424;0;0;14;0;20;0;
443;1341636;578596864;9216000;564584448;0;0;0;0;0;0;0;0;0;0;0;2395;0;0;14;0;20;0;
444;1530731;578596864;9216000;564584448;0;0;0;0;0;0;0;0;0;0;0;2424;0;0;14;0;20;0;
445;2126768;578596864;9216000;564584448;0;0;0;0;0;0;0;0;0;0;0;2815;0;0;14;0;20;0;
446;1565997;578596864;9216000;564584448;0;0;0;0;0;0;0;0;0;0;0;2465;0;0;14;0;20;0;
447;1401478;578596864;9216000;564584448;0;0;0;0;0;0;0;0;0;0;0;2645;0;0;14;0;20;0;
448;1334052;578596864;9216000;564584448;0;0;0;0;0;0;0;0;0;0;0;2404;0;0;14;0;20;0;
449;1333550;578596864;9216000;564584448;0;0;0;0;0;0;0;0;0;0;0;2455;0;0;14;0;20;0;
450;1293336;578596864;9216000;564584448;0;0;0;0;0;0;0;0;0;0;0;2294;0;0;14;0;20;0;
451;1622813;578596864;9216000;564584448;0;0;0;0;0;0;0;0;0;0;0;2865;0;0;14;0;20;0;
452;1596074;578596864;12533760;567902208;0;0;0;0;0;0;0;0;0;0;0;2735;0;0;14;0;20;0;
453;2304211;578752512;12500992;567869440;0;0;0;0;0;0;0;0;0;0;0;2625;0;0;14;0;20;0;
454;2416572;578752512;12500992;567869440;0;0;0;0;0;0;0;0;0;0;0;2685;0;0;14;0;20;0;
455;1786370;578752512;12500992;567869440;0;0;0;0;0;0;0;0;0;0;0;2856;0;0;14;0;20;0;
456;1342017;578752512;12500992;567869440;0;0;0;0;0;0;0;0;0;0;0;3006;0;0;14;0;20;0;
457;1323412;578752512;12500992;567869440;0;0;0;0;0;0;0;0;0;0;0;2475;0;0;14;0;20;0;
458;1545107;578752512;12500992;567869440;0;0;0;0;0;0;0;0;0;0;0;2765;0;0;14;0;20;0;
459;1452644;578752512;12500992;567869440;0;0;0;0;0;0;0;0;0;0;0;2485;0;0;14;0;20;0;
460;1510923;578752512;12500992;567869440;0;0;0;0;0;0;0;0;0;0;0;2625;0;0;14;0;20;0;
461;3567460;585043968;12500992;584646656;0;0;0;0;0;0;0;0;0;0;0;4068;0;0;15;0;20;0;
462;2438082;585043968;12500992;584646656;0;0;0;0;0;0;0;0;0;0;0;2855;0;0;15;0;20;0;
463;1692414;585043968;12500992;584646656;0;0;0;0;0;0;0;0;0;0;0;2474;0;0;15;0;20;0;
464;1616111;585043968;12500992;584646656;0;0;0;0;0;0;0;0;0;0;0;2484;0;0;15;0;20;0;
465;1551470;585043968;12500992;584646656;0;0;0;0;0;0;0;0;0;0;0;2745;0;0;15;0;20;0;
466;1321759;585043968;12500992;584646656;0;0;0;0;0;0;0;0;0;0;0;2425;0;0;15;0;20;0;
467;1486357;585043968;12500992;584646656;0;0;0;0;0;0;0;0;0;0;0;2645;0;0;15;0;20;0;
468;1361794;585043968;12500992;584646656;0;0;0;0;0;0;0;0;0;0;0;2355;0;0;15;0;20;0;
469;1315838;585043968;12500992;584646656;0;0;0;0;0;0;0;0;0;0;0;2454;0;0;15;0;20;0;
470;3421947;589262848;12500992;584646656;0;0;0;0;0;0;0;0;0;0;0;2434;0;0;16;0;20;0;
471;1335304;589262848;12500992;584646656;0;0;0;0;0;0;0;0;0;0;0;2334;0;0;16;0;20;0;
472;2176442;589262848;12500992;584646656;0;0;0;0;0;0;0;0;0;0;0;2495;0;0;16;0;20;0;
473;1734763;589533184;12500992;584646656;0;0;0;0;0;0;0;0;0;0;0;3095;0;0;16;0;20;0;
474;2220324;589611008;12455936;584601600;0;0;0;0;0;0;0;0;0;0;0;2975;0;0;16;0;20;0;
475;1268519;589611008;12455936;584601600;0;0;0;0;0;0;0;0;0;0;0;2565;0;0;16;0;20;0;
476;1343349;589611008;12455936;584601600;0;0;0;0;0;0;0;0;0;0;0;2465;0;0;16;0;20;0;
477;1549706;589611008;12455936;584601600;0;0;0;0;0;0;0;0;0;0;0;2574;0;0;16;0;20;0;
478;1497218;589611008;12455936;584601600;0;0;0;0;0;0;0;0;0;0;0;2585;0;0;16;0;20;0;
479;3216092;595902464;12455936;601378816;0;0;0;0;0;0;0;0;0;0;0;3136;0;0;17;0;20;0;
480;2112071;595902464;12455936;601378816;0;0;0;0;0;0;0;0;0;0;0;2875;0;0;17;0;20;0;
481;2270898;595902464;12455936;601378816;0;0;0;0;0;0;0;0;0;0;0;2525;0;0;17;0;20;0;
482;1681013;595902464;12455936;601378816;0;0;0;0;0;0;0;0;0;0;0;2415;0;0;17;0;20;0;
483;1290069;595902464;12455936;601378816;0;0;0;0;0;0;0;0;0;0;0;2635;0;0;17;0;20;0;
484;1335825;595902464;12455936;601378816;0;0;0;0;0;0;0;0;0;0;0;2625;0;0;17;0;20;0;
485;1393103;595902464;12455936;601378816;0;0;0;0;0;0;0;0;0;0;0;2384;0;0;17;0;20;0;
486;1436834;595902464;12455936;601378816;0;0;0;0;0;0;0;0;0;0;0;2465;0;0;17;0;20;0;
487;1341106;595902464;12455936;601378816;0;0;0;0;0;0;0;0;0;0;0;2354;0;0;17;0;20;0;
488;3349100;599863296;12455936;601378816;0;0;0;0;0;0;0;0;0;0;0;2866;0;0;18;0;20;0;
489;1702934;599863296;12455936;601378816;0;0;0;0;0;0;0;0;0;0;0;2325;0;0;18;0;20;0;
490;1393122;599863296;12455936;601378816;0;0;0;0;0;0;0;0;0;0;0;2434;0;0;18;0;20;0;
491;1540980;599863296;12455936;601378816;0;0;0;0;0;0;0;0;0;0;0;2344;0;0;18;0;20;0;
492;1674120;599863296;12455936;601378816;0;0;0;0;0;0;0;0;0;0;0;2415;0;0;18;0;20;0;
493;1645396;600125440;12455936;601378816;0;0;0;0;0;0;0;0;0;0;0;2625;0;0;18;0;20;0;
494;2402546;600125440;12455936;601378816;0;0;0;0;0;0;0;0;0;0;0;2625;0;0;18;0;20;0;
495;1760772;600125440;12455936;601378816;0;0;0;0;0;0;0;0;0;0;0;2495;0;0;18;0;20;0;
496;1465017;600125440;12455936;601378816;0;0;0;0;0;0;0;0;0;0;0;2595;0;0;18;0;20;0;
497;3529118;604377088;12455936;601378816;0;0;0;0;0;0;0;0;0;0;0;2906;0;0;19;0;20;0;
498;1522225;604377088;12455936;601378816;0;0;0;0;0;0;0;0;0;0;0;2425;0;0;19;0;20;0;
499;1563011;604377088;12455936;601378816;0;0;0;0;0;0;0;0;0;0;0;2625;0;0;19;0;20;0;
500;1689178;604377088;12455936;601378816;0;0;0;0;0;0;0;0;0;0;0;2504;0;0;19;0;20;0;
501;2458130;604377088;12455936;601378816;0;0;0;0;0;0;0;0;0;0;0;2685;0;0;19;0;20;0;
502;1502858;604377088;12455936;601378816;0;0;0;0;0;0;0;0;0;0;0;2625;0;0;19;0;20;0;
503;1345803;604377088;12455936;601378816;0;0;0;0;0;0;0;0;0;0;0;2415;0;0;19;0;20;0;
504;1321539;604377088;12455936;601378816;0;0;0;0;0;0;0;0;0;0;0;2385;0;0;19;0;20;0;
505;1227582;604377088;12455936;601378816;0;0;0;0;0;0;0;0;0;0;0;2415;0;0;19;0;20;0;
506;3081288;610668544;12455936;618156032;0;0;0;0;0;0;0;0;0;0;0;3115;0;0;20;0;20;0;
507;1490225;610668544;12455936;618156032;0;0;0;0;0;0;0;0;0;0;0;2384;0;0;20;0;20;0;
508;3376903;610668544;12455936;618156032;0;0;0;0;0;0;0;0;0;0;0;7263;0;0;20;0;20;0;
509;1953313;610668544;12455936;618156032;0;0;0;0;0;0;0;0;0;0;0;2786;0;0;20;0;20;0;
510;1297233;610668544;12455936;618156032;0;0;0;0;0;0;0;0;0;0;0;2004;0;0;20;0;20;0;
511;1277686;610668544;12455936;618156032;0;0;0;0;0;0;0;0;0;0;0;1793;0;0;20;0;20;0;
512;1411677;610668544;12455936;618156032;0;0;0;0;0;0;0;0;0;0;0;1903;0;0;20;0;20;0;
513;1193859;610668544;12455936;618156032;0;0;0;0;0;0;0;0;0;0;0;2033;0;0;20;0;20;0;
514;1809173;610922496;12455936;618156032;0;0;0;0;0;0;0;0;0;0;0;1964;0;0;20;0;20;0;
515;1225629;610922496;12455936;618156032;0;0;0;0;0;0;0;0;0;0;0;2064;0;0;20;0;20;0;
516;1195933;610922496;12455936;618156032;0;0;0;0;0;0;0;0;0;0;0;2325;0;0;20;0;20;0;
517;2000913;610922496;12455936;618156032;0;0;0;0;0;0;0;0;0;0;0;98254;0;0;20;0;20;0;
518;1377774;610922496;12455936;618156032;0;0;0;0;0;0;0;0;0;0;0;2234;0;0;20;0;20;0;
519;1314134;610922496;12455936;618156032;0;0;0;0;0;0;0;0;0;0;0;2114;0;0;20;0;20;0;
520;1247640;610922496;12455936;618156032;0;0;0;0;0;0;0;0;0;0;0;2124;0;0;20;0;20;0;
521;1145108;610922496;12455936;618156032;0;0;0;0;0;0;0;0;0;0;0;2134;0;0;20;0;20;0;
522;1308454;610922496;12455936;618156032;0;0;0;0;0;0;0;0;0;0;0;2144;0;0;20;0;20;0;
523;1571207;610922496;12455936;618156032;0;0;0;0;0;0;0;0;0;0;0;1914;0;0;20;0;20;0;
524;1193769;610922496;12455936;618156032;0;0;0;0;0;0;0;0;0;0;0;1964;0;0;20;0;20;0;
525;1086347;610922496;12455936;618156032;0;0;0;0;0;0;0;0;0;0;0;2014;0;0;20;0;20;0;
526;1033138;610922496;12455936;618156032;0;0;0;0;0;0;0;0;0;0;0;1874;0;0;20;0;20;0;
527;2831851;615170048;12455936;618156032;0;0;0;0;0;0;0;0;0;0;0;2755;0;0;21;0;20;0;
528;1357446;615170048;12455936;618156032;0;0;0;0;0;0;0;0;0;0;0;2244;0;0;21;0;20;0;
529;1108679;615170048;12455936;618156032;0;0;0;0;0;0;0;0;0;0;0;1964;0;0;21;0;20;0;
530;1385088;615170048;12455936;618156032;0;0;0;0;0;0;0;0;0;0;0;1813;0;0;21;0;20;0;
531;1254983;615170048;12455936;618156032;0;0;0;0;0;0;0;0;0;0;0;2024;0;0;21;0;20;0;
532;2206759;615170048;12455936;618156032;0;0;0;0;0;0;0;0;0;0;0;2054;0;0;21;0;20;0;
533;1953703;615170048;12455936;618156032;0;0;0;0;0;0;0;0;0;0;0;2054;0;0;21;0;20;0;
534;1070337;615170048;12455936;618156032;0;0;0;0;0;0;0;0;0;0;0;2114;0;0;21;0;20;0;
535;1307172;615170048;12455936;618156032;0;0;0;0;0;0;0;0;0;0;0;1914;0;0;21;0;20;0;
536;1021686;615170048;12455936;618156032;0;0;0;0;0;0;0;0;0;0;0;1874;0;0;21;0;20;0;
537;1211162;615170048;12455936;618156032;0;0;0;0;0;0;0;0;0;0;0;1973;0;0;21;0;20;0;
538;2917933;621461504;12455936;634933248;0;0;0;0;0;0;0;0;0;0;0;2154;0;0;22;0;20;0;
539;1392682;621461504;12455936;634933248;0;0;0;0;0;0;0;0;0;0;0;1923;0;0;22;0;20;0;
540;1250997;621461504;12455936;634933248;0;0;0;0;0;0;0;0;0;0;0;2004;0;0;22;0;20;0;
541;1347157;621461504;12455936;634933248;0;0;0;0;0;0;0;0;0;0;0;1784;0;0;22;0;20;0;
542;1322701;621461504;12455936;634933248;0;0;0;0;0;0;0;0;0;0;0;2004;0;0;22;0;20;0;
543;1551109;621461504;12455936;634933248;0;0;0;0;0;0;0;0;0;0;0;1964;0;0;22;0;20;0;
544;1289018;621461504;12455936;634933248;0;0;0;0;0;0;0;0;0;0;0;1833;0;0;22;0;20;0;
545;1346395;621461504;12455936;634933248;0;0;0;0;0;0;0;0;0;0;0;1813;0;0;22;0;20;0;
546;1234124;621461504;12455936;634933248;0;0;0;0;0;0;0;0;0;0;0;1984;0;0;22;0;20;0;
547;1176807;621461504;12455936;634933248;0;0;0;0;0;0;0;0;0;0;0;1744;0;0;22;0;20;0;
548;1241649;621461504;12455936;634933248;0;0;0;0;0;0;0;0;0;0;0;1994;0;0;22;0;20;0;
549;3773687;625496064;12455936;634933248;0;0;0;0;0;0;0;0;0;0;0;2194;0;0;23;0;20;0;
550;1114170;625766400;12455936;634933248;0;0;0;0;0;0;0;0;0;0;0;2124;0;0;23;0;20;0;
551;4626686;625766400;12455936;634933248;0;0;0;0;0;0;0;0;0;0;0;2174;0;0;23;0;20;0;
552;3688778;626012160;12451840;634929152;0;0;0;0;0;0;0;0;0;0;0;2315;0;0;23;0;20;0;
553;1271574;626012160;12451840;634929152;0;0;0;0;0;0;0;0;0;0;0;1684;0;0;23;0;20;0;
554;1387682;626012160;12451840;634929152;0;0;0;0;0;0;0;0;0;0;0;1884;0;0;23;0;20;0;
555;3379448;630255616;12451840;634929152;0;0;0;0;0;0;0;0;0;0;0;3456;0;0;24;0;22;0;
556;1278638;630255616;12451840;634929152;0;0;0;0;0;0;0;0;0;0;0;2124;0;0;24;0;22;0;
557;1263520;630255616;12451840;634929152;0;0;0;0;0;0;0;0;0;0;0;1924;0;0;24;0;22;0;
558;1972008;630255616;12451840;634929152;0;0;0;0;0;0;0;0;0;0;0;1983;0;0;24;0;22;0;
559;1831685;630255616;12451840;634929152;0;0;0;0;0;0;0;0;0;0;0;2325;0;0;24;0;22;0;
560;1269832;630255616;12451840;634929152;0;0;0;0;0;0;0;0;0;0;0;1883;0;0;24;0;22;0;
561;1288756;630255616;12451840;634929152;0;0;0;0;0;0;0;0;0;0;0;1553;0;0;24;0;22;0;
562;1274480;630255616;12451840;634929152;0;0;0;0;0;0;0;0;0;0;0;1993;0;0;24;0;22;0;
563;1369498;630255616;12451840;634929152;0;0;0;0;0;0;0;0;0;0;0;1934;0;0;24;0;22;0;
564;1450841;630255616;12451840;634929152;0;0;0;0;0;0;0;0;0;0;0;2334;0;0;24;0;22;0;
565;1158653;630255616;12451840;634929152;0;0;0;0;0;0;0;0;0;0;0;1894;0;0;24;0;22;0;
566;1046222;630255616;12451840;634929152;0;0;0;0;0;0;0;0;0;0;0;1994;0;0;24;0;22;0;
567;1261456;630255616;12451840;634929152;0;0;0;0;0;0;0;0;0;0;0;1994;0;0;24;0;22;0;
568;1521073;630255616;12451840;634929152;0;0;0;0;0;0;0;0;0;0;0;2284;0;0;24;0;22;0;
569;1797341;630255616;12451840;634929152;0;0;0;0;0;0;0;0;0;0;0;2054;0;0;24;0;22;0;
570;1886709;630255616;12451840;634929152;0;0;0;0;0;0;0;0;0;0;0;2074;0;0;24;0;22;0;
571;2166182;634449920;12451840;651706368;0;0;0;0;0;0;0;0;0;0;0;2665;0;0;24;0;22;0;
572;1029421;634449920;12451840;651706368;0;0;0;0;0;0;0;0;0;0;0;2044;0;0;24;0;22;0;
573;1110072;634449920;12451840;651706368;0;0;0;0;0;0;0;0;0;0;0;1814;0;0;24;0;22;0;
574;1092099;634449920;12451840;651706368;0;0;0;0;0;0;0;0;0;0;0;2064;0;0;24;0;22;0;
575;1411627;634449920;12451840;651706368;0;0;0;0;0;0;0;0;0;0;0;1823;0;0;24;0;22;0;
576;1224406;634449920;12451840;651706368;0;0;0;0;0;0;0;0;0;0;0;2564;0;0;24;0;22;0;
577;2883067;638685184;12451840;651706368;0;0;0;0;0;0;0;0;0;0;0;2304;0;0;25;0;22;0;
578;1256466;638685184;12451840;651706368;0;0;0;0;0;0;0;0;0;0;0;1843;0;0;25;0;22;0;
579;1144917;638685184;12451840;651706368;0;0;0;0;0;0;0;0;0;0;0;2024;0;0;25;0;22;0;
580;2072476;638685184;12451840;651706368;0;0;0;0;0;0;0;0;0;0;0;1913;0;0;25;0;22;0;
581;1247480;638685184;12451840;651706368;0;0;0;0;0;0;0;0;0;0;0;1793;0;0;25;0;22;0;
582;1433879;638685184;12451840;651706368;0;0;0;0;0;0;0;0;0;0;0;1943;0;0;25;0;22;0;
583;1301301;638685184;12451840;651706368;0;0;0;0;0;0;0;0;0;0;0;2284;0;0;25;0;22;0;
584;1430924;638685184;12451840;651706368;0;0;0;0;0;0;0;0;0;0;0;1954;0;0;25;0;22;0;
585;1376431;638685184;12451840;651706368;0;0;0;0;0;0;0;0;0;0;0;2084;0;0;25;0;22;0;
586;1671215;638685184;12451840;651706368;0;0;0;0;0;0;0;0;0;0;0;2214;0;0;25;0;22;0;
587;1069175;638685184;12451840;651706368;0;0;0;0;0;0;0;0;0;0;0;2204;0;0;25;0;22;0;
588;2780355;644976640;12451840;668483584;0;0;0;0;0;0;0;0;0;0;0;3266;0;0;26;0;22;0;
589;1325526;644976640;12451840;668483584;0;0;0;0;0;0;0;0;0;0;0;1903;0;0;26;0;22;0;
590;1191114;644976640;12451840;668483584;0;0;0;0;0;0;0;0;0;0;0;2053;0;0;26;0;22;0;
591;2138681;644976640;12451840;668483584;0;0;0;0;0;0;0;0;0;0;0;1923;0;0;26;0;22;0;
592;1376000;644976640;12451840;668483584;0;0;0;0;0;0;0;0;0;0;0;1684;0;0;26;0;22;0;
593;1332950;644976640;12451840;668483584;0;0;0;0;0;0;0;0;0;0;0;2024;0;0;26;0;22;0;
594;1204329;644976640;12451840;668483584;0;0;0;0;0;0;0;0;0;0;0;2144;0;0;26;0;22;0;
595;1216752;644976640;12451840;668483584;0;0;0;0;0;0;0;0;0;0;0;2004;0;0;26;0;22;0;
596;1522305;644976640;12451840;668483584;0;0;0;0;0;0;0;0;0;0;0;1633;0;0;26;0;22;0;
597;1118568;644976640;12451840;668483584;0;0;0;0;0;0;0;0;0;0;0;1733;0;0;26;0;22;0;
598;1251527;644976640;12451840;668483584;0;0;0;0;0;0;0;0;0;0;0;2205;0;0;26;0;22;0;
599;3597958;649203712;12451840;668483584;0;0;0;0;0;0;0;0;0;0;0;2865;0;0;27;0;22;0;
600;1688387;649203712;12451840;668483584;0;0;0;0;0;0;0;0;0;0;0;2024;0;0;27;0;22;0;
601;1124609;649203712;12451840;668483584;0;0;0;0;0;0;0;0;0;0;0;2174;0;0;27;0;22;0;
602;2110078;649203712;12451840;668483584;0;0;0;0;0;0;0;0;0;0;0;2685;0;0;27;0;22;0;
603;1398262;649203712;12451840;668483584;0;0;0;0;0;0;0;0;0;0;0;1974;0;0;27;0;22;0;
604;1476088;649203712;12451840;668483584;0;0;0;0;0;0;0;0;0;0;0;2234;0;0;27;0;22;0;
605;1288376;649203712;12451840;668483584;0;0;0;0;0;0;0;0;0;0;0;2043;0;0;27;0;22;0;
606;1195913;649203712;12451840;668483584;0;0;0;0;0;0;0;0;0;0;0;1964;0;0;27;0;22;0;
607;1291793;649203712;12451840;668483584;0;0;0;0;0;0;0;0;0;0;0;2044;0;0;27;0;22;0;
608;1271234;649203712;12451840;668483584;0;0;0;0;0;0;0;0;0;0;0;1984;0;0;27;0;22;0;
609;3130090;653451264;12451840;668483584;0;0;0;0;0;0;0;0;0;0;0;2796;0;0;28;0;22;0;
610;1238823;653451264;12451840;668483584;0;0;0;0;0;0;0;0;0;0;0;2044;0;0;28;0;22;0;
611;1379016;653451264;12451840;668483584;0;0;0;0;0;0;0;0;0;0;0;2245;0;0;28;0;22;0;
612;1061610;653451264;12451840;668483584;0;0;0;0;0;0;0;0;0;0;0;2415;0;0;28;0;22;0;
613;1300138;653451264;12451840;668483584;0;0;0;0;0;0;0;0;0;0;0;1683;0;0;28;0;22;0;
614;1294047;653451264;12451840;668483584;0;0;0;0;0;0;0;0;0;0;0;2024;0;0;28;0;22;0;
615;1067312;653451264;12451840;668483584;0;0;0;0;0;0;0;0;0;0;0;1783;0;0;28;0;22;0;
616;1068524;653451264;12451840;668483584;0;0;0;0;0;0;0;0;0;0;0;2164;0;0;28;0;22;0;
617;1258591;653451264;12451840;668483584;0;0;0;0;0;0;0;0;0;0;0;2054;0;0;28;0;22;0;
618;1877091;653451264;12451840;668483584;0;0;0;0;0;0;0;0;0;0;0;2014;0;0;28;0;22;0;
619;1402781;653451264;12451840;668483584;0;0;0;0;0;0;0;0;0;0;0;2114;0;0;28;0;22;0;
620;3475207;657506304;12451840;668483584;0;0;0;0;0;0;0;0;0;0;0;2685;0;0;29;0;22;0;
621;1295300;657506304;12451840;668483584;0;0;0;0;0;0;0;0;0;0;0;1994;0;0;29;0;22;0;
622;2992752;657506304;12451840;668483584;0;0;0;0;0;0;0;0;0;0;0;1964;0;0;29;0;22;0;
623;1278698;657506304;12451840;668483584;0;0;0;0;0;0;0;0;0;0;0;1623;0;0;29;0;22;0;
624;1353057;657506304;12451840;668483584;0;0;0;0;0;0;0;0;0;0;0;1833;0;0;29;0;22;0;
625;1271906;657506304;12451840;668483584;0;0;0;0;0;0;0;0;0;0;0;2034;0;0;29;0;22;0;
626;1155858;657506304;12451840;668483584;0;0;0;0;0;0;0;0;0;0;0;2013;0;0;29;0;22;0;
627;1249073;657506304;12451840;668483584;0;0;0;0;0;0;0;0;0;0;0;1673;0;0;29;0;22;0;
628;1051963;657506304;12451840;668483584;0;0;0;0;0;0;0;0;0;0;0;1674;0;0;29;0;22;0;
629;1361233;657506304;12451840;668483584;0;0;0;0;0;0;0;0;0;0;0;2194;0;0;29;0;22;0;
630;1183911;657506304;12451840;668483584;0;0;0;0;0;0;0;0;0;0;0;1943;0;0;29;0;22;0;
631;1153503;657506304;12451840;668483584;0;0;0;0;0;0;0;0;0;0;0;2074;0;0;29;0;22;0;
632;1174392;657506304;12451840;668483584;0;0;0;0;0;0;0;0;0;0;0;1613;0;0;29;0;22;0;
633;1312080;657506304;12451840;668483584;0;0;0;0;0;0;0;0;0;0;0;2064;0;0;29;0;22;0;
634;2318177;657506304;12451840;668483584;0;0;0;0;0;0;0;0;0;0;0;1744;0;0;29;0;22;0;
635;1793153;661700608;12451840;685260800;0;0;0;0;0;0;0;0;0;0;0;2224;0;0;29;0;22;0;
636;1295810;661700608;12451840;685260800;0;0;0;0;0;0;0;0;0;0;0;1793;0;0;29;0;22;0;
637;1167048;661700608;12451840;685260800;0;0;0;0;0;0;0;0;0;0;0;2154;0;0;29;0;22;0;
638;1377563;661700608;12451840;685260800;0;0;0;0;0;0;0;0;0;0;0;1853;0;0;29;0;22;0;
639;1223274;661700608;12451840;685260800;0;0;0;0;0;0;0;0;0;0;0;2014;0;0;29;0;22;0;
640;1259803;661700608;12451840;685260800;0;0;0;0;0;0;0;0;0;0;0;1673;0;0;29;0;22;0;
641;1240236;661700608;12451840;685260800;0;0;0;0;0;0;0;0;0;0;0;2024;0;0;29;0;22;0;
642;1122876;661700608;12451840;685260800;0;0;0;0;0;0;0;0;0;0;0;2093;0;0;29;0;22;0;
643;1285290;661700608;12451840;685260800;0;0;0;0;0;0;0;0;0;0;0;1944;0;0;29;0;22;0;
644;1178450;661700608;12451840;685260800;0;0;0;0;0;0;0;0;0;0;0;1703;0;0;29;0;22;0;
645;2315151;661700608;12451840;685260800;0;0;0;0;0;0;0;0;0;0;0;1824;0;0;29;0;22;0;
646;1810665;661700608;12451840;685260800;0;0;0;0;0;0;0;0;0;0;0;2224;0;0;29;0;22;0;
647;1426395;661700608;12451840;685260800;0;0;0;0;0;0;0;0;0;0;0;2294;0;0;29;0;22;0;
648;1201824;661700608;12451840;685260800;0;0;0;0;0;0;0;0;0;0;0;1823;0;0;29;0;22;0;
649;1696081;661872640;10207232;683016192;0;0;0;0;0;0;0;0;0;0;0;1723;0;0;29;0;22;0;
650;1344291;661872640;10207232;683016192;0;0;0;0;0;0;0;0;0;0;0;1944;0;0;29;0;22;0;
651;1318803;661872640;10207232;683016192;0;0;0;0;0;0;0;0;0;0;0;2064;0;0;29;0;22;0;
652;1201974;661872640;10207232;683016192;0;0;0;0;0;0;0;0;0;0;0;1944;0;0;29;0;22;0;
653;1240767;661872640;10207232;683016192;0;0;0;0;0;0;0;0;0;0;0;1723;0;0;29;0;22;0;
654;2873228;665849856;10207232;683016192;0;0;0;0;0;0;0;0;0;0;0;2705;0;0;30;0;22;0;
655;1109220;665849856;10207232;683016192;0;0;0;0;0;0;0;0;0;0;0;2104;0;0;30;0;22;0;
656;1096627;665849856;10207232;683016192;0;0;0;0;0;0;0;0;0;0;0;1994;0;0;30;0;22;0;
657;1695820;665849856;10207232;683016192;0;0;0;0;0;0;0;0;0;0;0;1663;0;0;30;0;22;0;
658;1894774;665849856;10207232;683016192;0;0;0;0;0;0;0;0;0;0;0;1664;0;0;30;0;22;0;
659;1359310;665849856;10207232;683016192;0;0;0;0;0;0;0;0;0;0;0;2074;0;0;30;0;22;0;
660;1070928;665849856;10207232;683016192;0;0;0;0;0;0;0;0;0;0;0;12233;0;0;30;0;22;0;
661;1103329;665849856;10207232;683016192;0;0;0;0;0;0;0;0;0;0;0;2084;0;0;30;0;22;0;
662;1199620;665849856;10207232;683016192;0;0;0;0;0;0;0;0;0;0;0;2124;0;0;30;0;22;0;
663;1194851;665849856;10207232;683016192;0;0;0;0;0;0;0;0;0;0;0;2144;0;0;30;0;22;0;
664;1807770;665997312;10133504;682942464;0;0;0;0;0;0;0;0;0;0;0;2475;0;0;30;0;22;0;
665;2851759;672288768;10133504;699719680;0;0;0;0;0;0;0;0;0;0;0;3607;0;0;31;0;22;0;
666;1200341;672288768;10133504;699719680;0;0;0;0;0;0;0;0;0;0;0;1953;0;0;31;0;22;0;
667;1150528;672288768;10133504;699719680;0;0;0;0;0;0;0;0;0;0;0;1633;0;0;31;0;22;0;
668;1214618;672288768;10133504;699719680;0;0;0;0;0;0;0;0;0;0;0;1633;0;0;31;0;22;0;
669;1195622;672288768;10133504;699719680;0;0;0;0;0;0;0;0;0;0;0;1763;0;0;31;0;22;0;
670;1002129;672288768;10133504;699719680;0;0;0;0;0;0;0;0;0;0;0;1904;0;0;31;0;22;0;
671;1535299;672288768;10133504;699719680;0;0;0;0;0;0;0;0;0;0;0;1934;0;0;31;0;22;0;
672;1171207;672288768;10133504;699719680;0;0;0;0;0;0;0;0;0;0;0;1753;0;0;31;0;22;0;
673;1176907;672288768;10133504;699719680;0;0;0;0;0;0;0;0;0;0;0;1744;0;0;31;0;22;0;
674;1288216;672288768;10133504;699719680;0;0;0;0;0;0;0;0;0;0;0;2074;0;0;31;0;22;0;
675;1097218;672288768;10133504;699719680;0;0;0;0;0;0;0;0;0;0;0;2184;0;0;31;0;22;0;
676;1296591;672288768;10133504;699719680;0;0;0;0;0;0;0;0;0;0;0;2084;0;0;31;0;22;0;
677;2917071;676249600;10133504;699719680;0;0;0;0;0;0;0;0;0;0;0;2114;0;0;32;0;22;0;
678;1475868;676249600;10133504;699719680;0;0;0;0;0;0;0;0;0;0;0;1904;0;0;32;0;22;0;
679;1978851;676249600;10133504;699719680;0;0;0;0;0;0;0;0;0;0;0;2044;0;0;32;0;22;0;
680;1203146;676249600;10133504;699719680;0;0;0;0;0;0;0;0;0;0;0;1954;0;0;32;0;22;0;
681;1149105;676249600;10133504;699719680;0;0;0;0;0;0;0;0;0;0;0;1933;0;0;32;0;22;0;
682;1309857;676249600;10133504;699719680;0;0;0;0;0;0;0;0;0;0;0;1994;0;0;32;0;22;0;
683;1276594;676249600;10133504;699719680;0;0;0;0;0;0;0;0;0;0;0;2154;0;0;32;0;22;0;
684;1217684;676249600;10133504;699719680;0;0;0;0;0;0;0;0;0;0;0;1974;0;0;32;0;22;0;
685;1241388;676249600;10133504;699719680;0;0;0;0;0;0;0;0;0;0;0;1933;0;0;32;0;22;0;
686;1200572;676249600;10133504;699719680;0;0;0;0;0;0;0;0;0;0;0;1964;0;0;32;0;22;0;
687;1213857;676249600;10133504;699719680;0;0;0;0;0;0;0;0;0;0;0;1973;0;0;32;0;22;0;
688;2931237;680493056;10133504;699719680;0;0;0;0;0;0;0;0;0;0;0;2344;0;0;33;0;22;0;
689;1299246;680493056;10133504;699719680;0;0;0;0;0;0;0;0;0;0;0;2435;0;0;33;0;22;0;
690;1062933;680493056;10133504;699719680;0;0;0;0;0;0;0;0;0;0;0;1914;0;0;33;0;22;0;
691;1214698;680493056;10133504;699719680;0;0;0;0;0;0;0;0;0;0;0;2064;0;0;33;0;22;0;
692;1134899;680493056;10133504;699719680;0;0;0;0;0;0;0;0;0;0;0;2064;0;0;33;0;22;0;
693;1176647;680493056;10133504;699719680;0;0;0;0;0;0;0;0;0;0;0;2134;0;0;33;0;22;0;
694;2689844;680493056;10133504;699719680;0;0;0;0;0;0;0;0;0;0;0;2084;0;0;33;0;22;0;
695;1276714;680493056;10133504;699719680;0;0;0;0;0;0;0;0;0;0;0;2014;0;0;33;0;22;0;
696;1135570;680493056;10133504;699719680;0;0;0;0;0;0;0;0;0;0;0;1933;0;0;33;0;22;0;
697;1045921;680493056;10133504;699719680;0;0;0;0;0;0;0;0;0;0;0;2204;0;0;33;0;22;0;
698;1086948;680493056;10133504;699719680;0;0;0;0;0;0;0;0;0;0;0;2254;0;0;33;0;22;0;
699;1138706;680493056;10133504;699719680;0;0;0;0;0;0;0;0;0;0;0;2084;0;0;33;0;22;0;
700;1214027;680493056;10133504;699719680;0;0;0;0;0;0;0;0;0;0;0;3616;0;0;33;0;22;0;
701;1172299;680493056;10133504;699719680;0;0;0;0;0;0;0;0;0;0;0;2374;0;0;33;0;22;0;
702;1501827;680493056;10133504;699719680;0;0;0;0;0;0;0;0;0;0;0;2164;0;0;33;0;22;0;
703;1181045;680493056;10133504;699719680;0;0;0;0;0;0;0;0;0;0;0;1884;0;0;33;0;22;0;
704;1042074;680493056;10133504;699719680;0;0;0;0;0;0;0;0;0;0;0;2134;0;0;33;0;22;0;
705;1141511;680493056;10133504;699719680;0;0;0;0;0;0;0;0;0;0;0;2194;0;0;33;0;22;0;
706;1115462;680493056;10133504;699719680;0;0;0;0;0;0;0;0;0;0;0;1963;0;0;33;0;22;0;
707;1199599;680493056;10133504;699719680;0;0;0;0;0;0;0;0;0;0;0;2134;0;0;33;0;22;0;
708;1531863;680493056;10133504;699719680;0;0;0;0;0;0;0;0;0;0;0;1784;0;0;33;0;22;0;
709;1111805;680493056;10133504;699719680;0;0;0;0;0;0;0;0;0;0;0;1934;0;0;33;0;22;0;
710;1071749;680493056;10133504;699719680;0;0;0;0;0;0;0;0;0;0;0;2014;0;0;33;0;22;0;
711;1112185;680493056;10133504;699719680;0;0;0;0;0;0;0;0;0;0;0;2265;0;0;33;0;22;0;
712;1043708;680493056;10133504;699719680;0;0;0;0;0;0;0;0;0;0;0;1964;0;0;33;0;22;0;
713;1107877;680493056;10133504;699719680;0;0;0;0;0;0;0;0;0;0;0;2374;0;0;33;0;22;0;
714;1047886;680493056;10133504;699719680;0;0;0;0;0;0;0;0;0;0;0;2064;0;0;33;0;22;0;
715;1088352;680493056;10133504;699719680;0;0;0;0;0;0;0;0;0;0;0;2034;0;0;33;0;22;0;
716;1110532;680493056;10133504;699719680;0;0;0;0;0;0;0;0;0;0;0;2033;0;0;33;0;22;0;
717;1188649;680493056;10133504;699719680;0;0;0;0;0;0;0;0;0;0;0;2144;0;0;33;0;22;0;
718;1258079;680493056;10133504;699719680;0;0;0;0;0;0;0;0;0;0;0;1964;0;0;33;0;22;0;
719;1075797;680493056;10133504;699719680;0;0;0;0;0;0;0;0;0;0;0;1793;0;0;33;0;22;0;
720;1028449;680493056;10133504;699719680;0;0;0;0;0;0;0;0;0;0;0;2364;0;0;33;0;22;0;
721;1270814;680763392;12378112;701964288;0;0;0;0;0;0;0;0;0;0;0;1984;0;0;33;0;22;0;
722;1530551;680845312;12279808;701865984;0;0;0;0;0;0;0;0;0;0;0;1613;0;0;33;0;22;0;
723;1133005;680845312;12279808;701865984;0;0;0;0;0;0;0;0;0;0;0;2515;0;0;33;0;22;0;
724;1016847;680845312;12279808;701865984;0;0;0;0;0;0;0;0;0;0;0;2104;0;0;33;0;22;0;
725;1009072;680845312;12279808;701865984;0;0;0;0;0;0;0;0;0;0;0;1933;0;0;33;0;22;0;
726;1081047;680845312;12279808;701865984;0;0;0;0;0;0;0;0;0;0;0;1753;0;0;33;0;22;0;
727;1139647;680845312;12279808;701865984;0;0;0;0;0;0;0;0;0;0;0;1804;0;0;33;0;22;0;
728;2701917;682733568;12279808;701865984;0;0;0;0;0;0;0;0;0;0;0;2505;0;0;34;0;22;0;
729;1093811;682733568;12279808;701865984;0;0;0;0;0;0;0;0;0;0;0;2254;0;0;34;0;22;0;
730;1560076;684830720;12279808;703963136;0;0;0;0;0;0;0;0;0;0;0;1973;0;0;34;0;22;0;
731;1706541;684830720;12279808;703963136;0;0;0;0;0;0;0;0;0;0;0;2114;0;0;34;0;22;0;
732;1141371;684830720;12279808;703963136;0;0;0;0;0;0;0;0;0;0;0;1944;0;0;34;0;22;0;
733;1423449;684830720;12279808;703963136;0;0;0;0;0;0;0;0;0;0;0;1764;0;0;34;0;22;0;
734;1156689;685096960;12279808;703963136;0;0;0;0;0;0;0;0;0;0;0;1953;0;0;34;0;22;0;
735;1093702;685096960;12279808;703963136;0;0;0;0;0;0;0;0;0;0;0;1994;0;0;34;0;22;0;
736;1713764;685309952;12177408;703860736;0;0;0;0;0;0;0;0;0;0;0;1834;0;0;34;0;22;0;
737;1103790;685309952;12177408;703860736;0;0;0;0;0;0;0;0;0;0;0;2214;0;0;34;0;22;0;
738;1097939;685309952;12177408;703860736;0;0;0;0;0;0;0;0;0;0;0;2195;0;0;34;0;22;0;
739;1029330;685309952;12177408;703860736;0;0;0;0;0;0;0;0;0;0;0;2235;0;0;34;0;22;0;
740;1083001;685309952;12177408;703860736;0;0;0;0;0;0;0;0;0;0;0;1983;0;0;34;0;22;0;
741;1070788;685309952;12177408;703860736;0;0;0;0;0;0;0;0;0;0;0;1894;0;0;34;0;22;0;
742;1068785;685309952;12177408;703860736;0;0;0;0;0;0;0;0;0;0;0;1954;0;0;34;0;22;0;
743;1579202;685309952;12177408;703860736;0;0;0;0;0;0;0;0;0;0;0;1693;0;0;34;0;22;0;
744;1037485;685309952;12177408;703860736;0;0;0;0;0;0;0;0;0;0;0;1904;0;0;34;0;22;0;
745;1039039;685309952;12177408;703860736;0;0;0;0;0;0;0;0;0;0;0;1803;0;0;34;0;22;0;
746;1037576;685309952;12177408;703860736;0;0;0;0;0;0;0;0;0;0;0;1964;0;0;34;0;22;0;
747;1145638;685309952;12177408;703860736;0;0;0;0;0;0;0;0;0;0;0;1843;0;0;34;0;22;0;
748;1107608;685309952;12177408;703860736;0;0;0;0;0;0;0;0;0;0;0;2104;0;0;34;0;22;0;
749;1068313;685309952;12177408;703860736;0;0;0;0;0;0;0;0;0;0;0;1973;0;0;34;0;22;0;
750;1514700;685576192;12177408;703860736;0;0;0;0;0;0;0;0;0;0;0;2053;0;0;34;0;22;0;
751;1046733;685576192;12177408;703860736;0;0;0;0;0;0;0;0;0;0;0;2024;0;0;34;0;22;0;
752;1051472;685576192;12177408;703860736;0;0;0;0;0;0;0;0;0;0;0;1853;0;0;34;0;22;0;
753;1042765;685576192;12177408;703860736;0;0;0;0;0;0;0;0;0;0;0;1914;0;0;34;0;22;0;
754;1056611;685576192;12177408;703860736;0;0;0;0;0;0;0;0;0;0;0;1673;0;0;34;0;22;0;
755;1069356;685576192;12177408;703860736;0;0;0;0;0;0;0;0;0;0;0;2024;0;0;34;0;22;0;
756;1029511;685576192;12177408;703860736;0;0;0;0;0;0;0;0;0;0;0;1814;0;0;34;0;22;0;
757;1244234;685576192;12177408;703860736;0;0;0;0;0;0;0;0;0;0;0;2004;0;0;34;0;22;0;
758;1023430;685576192;12177408;703860736;0;0;0;0;0;0;0;0;0;0;0;2033;0;0;34;0;22;0;
759;1111044;685576192;12177408;703860736;0;0;0;0;0;0;0;0;0;0;0;1843;0;0;34;0;22;0;
760;1133996;685576192;12177408;703860736;0;0;0;0;0;0;0;0;0;0;0;1903;0;0;34;0;22;0;
761;1163131;685576192;12177408;703860736;0;0;0;0;0;0;0;0;0;0;0;1854;0;0;34;0;22;0;
762;1262207;685576192;12177408;703860736;0;0;0;0;0;0;0;0;0;0;0;2023;0;0;34;0;22;0;
763;1652539;685826048;12070912;703754240;0;0;0;0;0;0;0;0;0;0;0;2124;0;0;34;0;22;0;
764;1854939;685826048;12070912;703754240;0;0;0;0;0;0;0;0;0;0;0;1863;0;0;34;0;22;0;
765;1718983;690020352;12070912;720531456;0;0;0;0;0;0;0;0;0;0;0;2284;0;0;34;0;22;0;
766;1117286;690020352;12070912;720531456;0;0;0;0;0;0;0;0;0;0;0;2184;0;0;34;0;22;0;
767;2705283;693989376;12070912;720531456;0;0;0;0;0;0;0;0;0;0;0;2254;0;0;35;0;22;0;
768;1069095;693989376;12070912;720531456;0;0;0;0;0;0;0;0;0;0;0;2104;0;0;35;0;22;0;
769;1018550;693989376;12070912;720531456;0;0;0;0;0;0;0;0;0;0;0;1973;0;0;35;0;22;0;
770;1224096;693989376;12070912;720531456;0;0;0;0;0;0;0;0;0;0;0;1944;0;0;35;0;22;0;
771;1063936;693989376;12070912;720531456;0;0;0;0;0;0;0;0;0;0;0;2034;0;0;35;0;22;0;
772;1058635;693989376;12070912;720531456;0;0;0;0;0;0;0;0;0;0;0;1814;0;0;35;0;22;0;
773;1219147;693989376;12070912;720531456;0;0;0;0;0;0;0;0;0;0;0;1823;0;0;35;0;22;0;
774;1082250;693989376;12070912;720531456;0;0;0;0;0;0;0;0;0;0;0;1883;0;0;35;0;22;0;
775;1179331;693989376;12070912;720531456;0;0;0;0;0;0;0;0;0;0;0;2003;0;0;35;0;22;0;
776;1787813;694255616;12070912;720531456;0;0;0;0;0;0;0;0;0;0;0;2315;0;0;35;0;22;0;
777;1742057;694255616;12070912;720531456;0;0;0;0;0;0;0;0;0;0;0;2054;0;0;35;0;22;0;
778;1320116;694255616;12070912;720531456;0;0;0;0;0;0;0;0;0;0;0;1933;0;0;35;0;22;0;
779;1076960;694255616;12070912;720531456;0;0;0;0;0;0;0;0;0;0;0;2004;0;0;35;0;22;0;
780;1076489;694255616;12070912;720531456;0;0;0;0;0;0;0;0;0;0;0;2014;0;0;35;0;22;0;
781;1132814;694255616;12070912;720531456;0;0;0;0;0;0;0;0;0;0;0;1983;0;0;35;0;22;0;
782;1246989;694255616;12070912;720531456;0;0;0;0;0;0;0;0;0;0;0;1813;0;0;35;0;22;0;
783;1719244;694255616;12070912;720531456;0;0;0;0;0;0;0;0;0;0;0;2014;0;0;35;0;22;0;
784;1359810;694255616;12070912;720531456;0;0;0;0;0;0;0;0;0;0;0;1854;0;0;35;0;22;0;
785;1132463;694255616;12070912;720531456;0;0;0;0;0;0;0;0;0;0;0;2174;0;0;35;0;22;0;
786;1200572;694255616;12070912;720531456;0;0;0;0;0;0;0;0;0;0;0;1804;0;0;35;0;22;0;
787;1205020;694255616;12070912;720531456;0;0;0;0;0;0;0;0;0;0;0;1954;0;0;35;0;22;0;
788;1175013;694521856;12070912;720531456;0;0;0;0;0;0;0;0;0;0;0;1793;0;0;35;0;22;0;
789;4269968;694521856;12070912;720531456;0;0;0;0;0;0;0;0;0;0;0;2595;0;0;35;0;22;0;
790;4440627;701083648;12075008;737312768;0;0;0;0;0;0;0;0;0;0;0;4278;0;0;36;0;22;0;
791;1944817;701083648;12075008;737312768;0;0;0;0;0;0;0;0;0;0;0;2445;0;0;36;0;22;0;
792;1329182;701083648;12075008;737312768;0;0;0;0;0;0;0;0;0;0;0;2284;0;0;36;0;22;0;
793;1433538;701329408;12075008;737312768;0;0;0;0;0;0;0;0;0;0;0;2054;0;0;36;0;22;0;
794;1123757;701329408;12075008;737312768;0;0;0;0;0;0;0;0;0;0;0;2234;0;0;36;0;22;0;
795;1262778;701599744;12075008;737312768;0;0;0;0;0;0;0;0;0;0;0;1874;0;0;36;0;22;0;
796;1598237;701599744;12075008;737312768;0;0;0;0;0;0;0;0;0;0;0;1904;0;0;36;0;22;0;
797;1200602;701599744;12075008;737312768;0;0;0;0;0;0;0;0;0;0;0;1784;0;0;36;0;22;0;
798;1178631;701599744;12075008;737312768;0;0;0;0;0;0;0;0;0;0;0;2014;0;0;36;0;22;0;
799;1184742;701599744;12075008;737312768;0;0;0;0;0;0;0;0;0;0;0;2053;0;0;36;0;22;0;
800;3158513;705581056;12075008;737312768;0;0;0;0;0;0;0;0;0;0;0;2746;0;0;37;0;22;0;
801;1291402;705581056;12075008;737312768;0;0;0;0;0;0;0;0;0;0;0;2094;0;0;37;0;22;0;
802;1693897;705581056;12075008;737312768;0;0;0;0;0;0;0;0;0;0;0;1944;0;0;37;0;22;0;
803;1241308;705581056;12075008;737312768;0;0;0;0;0;0;0;0;0;0;0;1954;0;0;37;0;22;0;
804;1157481;705581056;12075008;737312768;0;0;0;0;0;0;0;0;0;0;0;1994;0;0;37;0;22;0;
805;1318443;705581056;12075008;737312768;0;0;0;0;0;0;0;0;0;0;0;1744;0;0;37;0;22;0;
806;1148834;705581056;12075008;737312768;0;0;0;0;0;0;0;0;0;0;0;1854;0;0;37;0;22;0;
807;1267427;705581056;12075008;737312768;0;0;0;0;0;0;0;0;0;0;0;2124;0;0;37;0;22;0;
808;1268709;705581056;12075008;737312768;0;0;0;0;0;0;0;0;0;0;0;2134;0;0;37;0;22;0;
809;1181095;705581056;12075008;737312768;0;0;0;0;0;0;0;0;0;0;0;1833;0;0;37;0;22;0;
810;1633303;705581056;12075008;737312768;0;0;0;0;0;0;0;0;0;0;0;1993;0;0;37;0;22;0;
811;3296442;709902336;12075008;737312768;0;0;0;0;0;0;0;0;0;0;0;2194;0;0;38;0;22;0;
812;1231730;709902336;12075008;737312768;0;0;0;0;0;0;0;0;0;0;0;2074;0;0;38;0;22;0;
813;1734282;710438912;12075008;737312768;0;0;0;0;0;0;0;0;0;0;0;1924;0;0;38;0;22;0;
814;1831484;710438912;12075008;737312768;0;0;0;0;0;0;0;0;0;0;0;1763;0;0;38;0;22;0;
815;1338871;710438912;12075008;737312768;0;0;0;0;0;0;0;0;0;0;0;1994;0;0;38;0;22;0;
816;1132404;710438912;12075008;737312768;0;0;0;0;0;0;0;0;0;0;0;2023;0;0;38;0;22;0;
817;1254111;710438912;12075008;737312768;0;0;0;0;0;0;0;0;0;0;0;1783;0;0;38;0;22;0;
818;1079644;710438912;12075008;737312768;0;0;0;0;0;0;0;0;0;0;0;1793;0;0;38;0;22;0;
819;1152130;710438912;12075008;737312768;0;0;0;0;0;0;0;0;0;0;0;1953;0;0;38;0;22;0;
820;1056702;710438912;12075008;737312768;0;0;0;0;0;0;0;0;0;0;0;1764;0;0;38;0;22;0;
821;1199350;710438912;12075008;737312768;0;0;0;0;0;0;0;0;0;0;0;1793;0;0;38;0;22;0;
822;3272647;714489856;12075008;737312768;0;0;0;0;0;0;0;0;0;0;0;2214;0;0;39;0;22;0;
823;1202354;714489856;12075008;737312768;0;0;0;0;0;0;0;0;0;0;0;1984;0;0;39;0;22;0;
824;1215510;714489856;12075008;737312768;0;0;0;0;0;0;0;0;0;0;0;1783;0;0;39;0;22;0;
825;1087931;714489856;12075008;737312768;0;0;0;0;0;0;0;0;0;0;0;2033;0;0;39;0;22;0;
826;1504863;714489856;12075008;737312768;0;0;0;0;0;0;0;0;0;0;0;1733;0;0;39;0;22;0;
827;1259452;714489856;12075008;737312768;0;0;0;0;0;0;0;0;0;0;0;2204;0;0;39;0;22;0;
828;1231409;714489856;12075008;737312768;0;0;0;0;0;0;0;0;0;0;0;2234;0;0;39;0;22;0;
829;1202866;714489856;12075008;737312768;0;0;0;0;0;0;0;0;0;0;0;2284;0;0;39;0;22;0;
830;1298465;714489856;12075008;737312768;0;0;0;0;0;0;0;0;0;0;0;1854;0;0;39;0;22;0;
831;1134257;714489856;12075008;737312768;0;0;0;0;0;0;0;0;0;0;0;1674;0;0;39;0;22;0;
832;1204579;714489856;12075008;737312768;0;0;0;0;0;0;0;0;0;0;0;1703;0;0;39;0;22;0;
833;1330846;714489856;12075008;737312768;0;0;0;0;0;0;0;0;0;0;0;2164;0;0;39;0;22;0;
834;1248541;714489856;12075008;737312768;0;0;0;0;0;0;0;0;0;0;0;1664;0;0;39;0;22;0;
835;1120482;714489856;12075008;737312768;0;0;0;0;0;0;0;0;0;0;0;2034;0;0;39;0;22;0;
836;1232020;714489856;12075008;737312768;0;0;0;0;0;0;0;0;0;0;0;2024;0;0;39;0;22;0;
837;1245847;714489856;12075008;737312768;0;0;0;0;0;0;0;0;0;0;0;1964;0;0;39;0;22;0;
838;2411432;714489856;12075008;737312768;0;0;0;0;0;0;0;0;0;0;0;1934;0;0;39;0;22;0;
839;1904222;718684160;12075008;754089984;0;0;0;0;0;0;0;0;0;0;0;2675;0;0;39;0;22;0;
840;1333190;718684160;12075008;754089984;0;0;0;0;0;0;0;0;0;0;0;1743;0;0;39;0;22;0;
841;1153553;718684160;12075008;754089984;0;0;0;0;0;0;0;0;0;0;0;1713;0;0;39;0;22;0;
842;1303114;718684160;12075008;754089984;0;0;0;0;0;0;0;0;0;0;0;1714;0;0;39;0;22;0;
843;1214878;718684160;12075008;754089984;0;0;0;0;0;0;0;0;0;0;0;2174;0;0;39;0;22;0;
844;1493150;718684160;12075008;754089984;0;0;0;0;0;0;0;0;0;0;0;1693;0;0;39;0;22;0;
845;1167119;718684160;12075008;754089984;0;0;0;0;0;0;0;0;0;0;0;2264;0;0;39;0;22;0;
846;1218585;718684160;12075008;754089984;0;0;0;0;0;0;0;0;0;0;0;2034;0;0;39;0;22;0;
847;1192867;718684160;12075008;754089984;0;0;0;0;0;0;0;0;0;0;0;1914;0;0;39;0;22;0;
848;1107377;718684160;12075008;754089984;0;0;0;0;0;0;0;0;0;0;0;1733;0;0;39;0;22;0;
849;1293987;718684160;12075008;754089984;0;0;0;0;0;0;0;0;0;0;0;2014;0;0;39;0;22;0;
850;1767886;718684160;12075008;754089984;0;0;0;0;0;0;0;0;0;0;0;2144;0;0;39;0;22;0;
851;1378205;718684160;12075008;754089984;0;0;0;0;0;0;0;0;0;0;0;1934;0;0;39;0;22;0;
852;1144226;718684160;12075008;754089984;0;0;0;0;0;0;0;0;0;0;0;2104;0;0;39;0;22;0;
853;1172429;718684160;12075008;754089984;0;0;0;0;0;0;0;0;0;0;0;1903;0;0;39;0;22;0;
854;1147572;718684160;12075008;754089984;0;0;0;0;0;0;0;0;0;0;0;1913;0;0;39;0;22;0;
855;1017178;718684160;12075008;754089984;0;0;0;0;0;0;0;0;0;0;0;2053;0;0;39;0;22;0;
856;1133415;718684160;12075008;754089984;0;0;0;0;0;0;0;0;0;0;0;1563;0;0;39;0;22;0;
857;1325506;718684160;12075008;754089984;0;0;0;0;0;0;0;0;0;0;0;2855;0;0;39;0;22;0;
858;1048717;718684160;12075008;754089984;0;0;0;0;0;0;0;0;0;0;0;2144;0;0;39;0;22;0;
859;1118598;718684160;12075008;754089984;0;0;0;0;0;0;0;0;0;0;0;1913;0;0;39;0;22;0;
860;1167460;718684160;12075008;754089984;0;0;0;0;0;0;0;0;0;0;0;1874;0;0;39;0;22;0;
861;1247559;718684160;12075008;754089984;0;0;0;0;0;0;0;0;0;0;0;1963;0;0;39;0;22;0;
862;1638643;718684160;12075008;754089984;0;0;0;0;0;0;0;0;0;0;0;2074;0;0;39;0;22;0;
863;1333461;718684160;12075008;754089984;0;0;0;0;0;0;0;0;0;0;0;1874;0;0;39;0;22;0;
864;1167760;718684160;12075008;754089984;0;0;0;0;0;0;0;0;0;0;0;1934;0;0;39;0;22;0;
865;1307943;718684160;12075008;754089984;0;0;0;0;0;0;0;0;0;0;0;2053;0;0;39;0;22;0;
866;1152331;718684160;12075008;754089984;0;0;0;0;0;0;0;0;0;0;0;1974;0;0;39;0;22;0;
867;1224727;718684160;12075008;754089984;0;0;0;0;0;0;0;0;0;0;0;2024;0;0;39;0;22;0;
868;1145398;718684160;12075008;754089984;0;0;0;0;0;0;0;0;0;0;0;1993;0;0;39;0;22;0;
869;1212273;718684160;12075008;754089984;0;0;0;0;0;0;0;0;0;0;0;2114;0;0;39;0;22;0;
870;1132373;718684160;12075008;754089984;0;0;0;0;0;0;0;0;0;0;0;2064;0;0;39;0;22;0;
871;1145728;718684160;12075008;754089984;0;0;0;0;0;0;0;0;0;0;0;1793;0;0;39;0;22;0;
872;3141382;722919424;12075008;754089984;0;0;0;0;0;0;0;0;0;0;0;3516;0;0;40;0;22;0;
873;1153854;722919424;12075008;754089984;0;0;0;0;0;0;0;0;0;0;0;1803;0;0;40;0;22;0;
874;2599134;722808832;11890688;753905664;0;0;0;0;0;0;0;0;0;0;0;2235;0;0;40;0;22;0;
875;1478312;722808832;11890688;753905664;0;0;0;0;0;0;0;0;0;0;0;1954;0;0;40;0;22;0;
876;1219618;722808832;11890688;753905664;0;0;0;0;0;0;0;0;0;0;0;1953;0;0;40;0;22;0;
877;1224517;722808832;11890688;753905664;0;0;0;0;0;0;0;0;0;0;0;1983;0;0;40;0;22;0;
878;1197045;722808832;11890688;753905664;0;0;0;0;0;0;0;0;0;0;0;2074;0;0;40;0;22;0;
879;1319625;722808832;11890688;753905664;0;0;0;0;0;0;0;0;0;0;0;1994;0;0;40;0;22;0;
880;1305628;722808832;11890688;753905664;0;0;0;0;0;0;0;0;0;0;0;1934;0;0;40;0;22;0;
881;1160396;722808832;11890688;753905664;0;0;0;0;0;0;0;0;0;0;0;1663;0;0;40;0;22;0;
882;1291071;722808832;11890688;753905664;0;0;0;0;0;0;0;0;0;0;0;2275;0;0;40;0;22;0;
883;1138936;722808832;11890688;753905664;0;0;0;0;0;0;0;0;0;0;0;1924;0;0;40;0;22;0;
884;1158352;722808832;11890688;753905664;0;0;0;0;0;0;0;0;0;0;0;2084;0;0;40;0;22;0;
885;1317461;722808832;11890688;753905664;0;0;0;0;0;0;0;0;0;0;0;2195;0;0;40;0;22;0;
886;1812289;722808832;11890688;753905664;0;0;0;0;0;0;0;0;0;0;0;2094;0;0;40;0;22;0;
887;1108108;722808832;11890688;753905664;0;0;0;0;0;0;0;0;0;0;0;1653;0;0;40;0;22;0;
888;1191735;722808832;11890688;753905664;0;0;0;0;0;0;0;0;0;0;0;2184;0;0;40;0;22;0;
889;2012644;722808832;11890688;753905664;0;0;0;0;0;0;0;0;0;0;0;2044;0;0;40;0;22;0;
890;1824091;727003136;11890688;770682880;0;0;0;0;0;0;0;0;0;0;0;2605;0;0;40;0;22;0;
891;1306170;727003136;11890688;770682880;0;0;0;0;0;0;0;0;0;0;0;2044;0;0;40;0;22;0;
892;1063545;727003136;11890688;770682880;0;0;0;0;0;0;0;0;0;0;0;2003;0;0;40;0;22;0;
893;1182798;727003136;11890688;770682880;0;0;0;0;0;0;0;0;0;0;0;2074;0;0;40;0;22;0;
894;1052414;727003136;11890688;770682880;0;0;0;0;0;0;0;0;0;0;0;2024;0;0;40;0;22;0;
895;1058725;727003136;11890688;770682880;0;0;0;0;0;0;0;0;0;0;0;2164;0;0;40;0;22;0;
896;2773160;731230208;11890688;770682880;0;0;0;0;0;0;0;0;0;0;0;2595;0;0;41;0;22;0;
897;1735054;731230208;11890688;770682880;0;0;0;0;0;0;0;0;0;0;0;1683;0;0;41;0;22;0;
898;1499983;731791360;11890688;770682880;0;0;0;0;0;0;0;0;0;0;0;2004;0;0;41;0;22;0;
899;1375099;731791360;11890688;770682880;0;0;0;0;0;0;0;0;0;0;0;2154;0;0;41;0;22;0;
900;1285661;731791360;11890688;770682880;0;0;0;0;0;0;0;0;0;0;0;1793;0;0;41;0;22;0;
901;1199429;731791360;11890688;770682880;0;0;0;0;0;0;0;0;0;0;0;1934;0;0;41;0;22;0;
902;1637501;731791360;11890688;770682880;0;0;0;0;0;0;0;0;0;0;0;2034;0;0;41;0;22;0;
903;1110603;731791360;11890688;770682880;0;0;0;0;0;0;0;0;0;0;0;2014;0;0;41;0;22;0;
904;1239123;731791360;11890688;770682880;0;0;0;0;0;0;0;0;0;0;0;2134;0;0;41;0;22;0;
905;1163562;731791360;11890688;770682880;0;0;0;0;0;0;0;0;0;0;0;2204;0;0;41;0;22;0;
906;1225268;731791360;11890688;770682880;0;0;0;0;0;0;0;0;0;0;0;1874;0;0;41;0;22;0;
907;1125110;731791360;11890688;770682880;0;0;0;0;0;0;0;0;0;0;0;1883;0;0;41;0;22;0;
908;1526002;731852800;11812864;770605056;0;0;0;0;0;0;0;0;0;0;0;2084;0;0;41;0;22;0;
909;1271445;731852800;11812864;770605056;0;0;0;0;0;0;0;0;0;0;0;1984;0;0;41;0;22;0;
910;1111204;731852800;11812864;770605056;0;0;0;0;0;0;0;0;0;0;0;1773;0;0;41;0;22;0;
911;1090776;731852800;11812864;770605056;0;0;0;0;0;0;0;0;0;0;0;2324;0;0;41;0;22;0;
912;1290340;731852800;11812864;770605056;0;0;0;0;0;0;0;0;0;0;0;2124;0;0;41;0;22;0;
913;1295890;731852800;11812864;770605056;0;0;0;0;0;0;0;0;0;0;0;1984;0;0;41;0;22;0;
914;1203166;731852800;11812864;770605056;0;0;0;0;0;0;0;0;0;0;0;2174;0;0;41;0;22;0;
915;1147231;731852800;11812864;770605056;0;0;0;0;0;0;0;0;0;0;0;2064;0;0;41;0;22;0;
916;1139387;731852800;11812864;770605056;0;0;0;0;0;0;0;0;0;0;0;2214;0;0;41;0;22;0;
917;1142392;731852800;11812864;770605056;0;0;0;0;0;0;0;0;0;0;0;1633;0;0;41;0;22;0;
918;1270482;731852800;11812864;770605056;0;0;0;0;0;0;0;0;0;0;0;2244;0;0;41;0;22;0;
919;2069722;731717632;11677696;770469888;0;0;0;0;0;0;0;0;0;0;0;2184;0;0;41;0;22;0;
920;3738321;735764480;11677696;770469888;0;0;0;0;0;0;0;0;0;0;0;3296;0;0;42;0;22;0;
921;2226395;735764480;11677696;770469888;0;0;0;0;0;0;0;0;0;0;0;2154;0;0;42;0;22;0;
922;1394315;735764480;11677696;770469888;0;0;0;0;0;0;0;0;0;0;0;2224;0;0;42;0;22;0;
923;1294547;735764480;11677696;770469888;0;0;0;0;0;0;0;0;0;0;0;2094;0;0;42;0;22;0;
924;1380399;735764480;11677696;770469888;0;0;0;0;0;0;0;0;0;0;0;2004;0;0;42;0;22;0;
925;1418430;735764480;11677696;770469888;0;0;0;0;0;0;0;0;0;0;0;2074;0;0;42;0;22;0;
926;1403382;735764480;11677696;770469888;0;0;0;0;0;0;0;0;0;0;0;1984;0;0;42;0;22;0;
927;1303305;735764480;11677696;770469888;0;0;0;0;0;0;0;0;0;0;0;2184;0;0;42;0;22;0;
928;1241930;735764480;11677696;770469888;0;0;0;0;0;0;0;0;0;0;0;1944;0;0;42;0;22;0;
929;1288096;735764480;11677696;770469888;0;0;0;0;0;0;0;0;0;0;0;2314;0;0;42;0;22;0;
930;1901335;735764480;11677696;770469888;0;0;0;0;0;0;0;0;0;0;0;2655;0;0;42;0;22;0;
931;1365460;735764480;11677696;770469888;0;0;0;0;0;0;0;0;0;0;0;1613;0;0;42;0;22;0;
932;1337759;735764480;11677696;770469888;0;0;0;0;0;0;0;0;0;0;0;2054;0;0;42;0;22;0;
933;1071029;735764480;11677696;770469888;0;0;0;0;0;0;0;0;0;0;0;2335;0;0;42;0;22;0;
934;1105563;735764480;11677696;770469888;0;0;0;0;0;0;0;0;0;0;0;2114;0;0;42;0;22;0;
935;1272326;735764480;11677696;770469888;0;0;0;0;0;0;0;0;0;0;0;2023;0;0;42;0;22;0;
936;1357957;735764480;11677696;770469888;0;0;0;0;0;0;0;0;0;0;0;2053;0;0;42;0;22;0;
937;2141296;735764480;11677696;770469888;0;0;0;0;0;0;0;0;0;0;0;2034;0;0;42;0;22;0;
938;1894844;739958784;11677696;787247104;0;0;0;0;0;0;0;0;0;0;0;2275;0;0;42;0;22;0;
939;1249614;739958784;11677696;787247104;0;0;0;0;0;0;0;0;0;0;0;2314;0;0;42;0;22;0;
940;1282796;739958784;11677696;787247104;0;0;0;0;0;0;0;0;0;0;0;1894;0;0;42;0;22;0;
941;4182655;739958784;11677696;787247104;0;0;0;0;0;0;0;0;0;0;0;1953;0;0;42;0;22;0;
942;2593944;739975168;11821056;787390464;0;0;0;0;0;0;0;0;0;0;0;1983;0;0;42;0;22;0;
943;1495214;739975168;11821056;787390464;0;0;0;0;0;0;0;0;0;0;0;1974;0;0;42;0;22;0;
944;2046849;739975168;11821056;787390464;0;0;0;0;0;0;0;0;0;0;0;1984;0;0;42;0;22;0;
945;1540349;740241408;12173312;787742720;0;0;0;0;0;0;0;0;0;0;0;2094;0;0;42;0;22;0;
946;1423129;740507648;12173312;787742720;0;0;0;0;0;0;0;0;0;0;0;2033;0;0;42;0;22;0;
947;1310988;740507648;12173312;787742720;0;0;0;0;0;0;0;0;0;0;0;2415;0;0;42;0;22;0;
948;1199961;740507648;12173312;787742720;0;0;0;0;0;0;0;0;0;0;0;2154;0;0;42;0;22;0;
949;1116474;740507648;12173312;787742720;0;0;0;0;0;0;0;0;0;0;0;1724;0;0;42;0;22;0;
950;2887385;744755200;12173312;787742720;0;0;0;0;0;0;0;0;0;0;0;2976;0;0;43;0;22;0;
951;1394936;744755200;12173312;787742720;0;0;0;0;0;0;0;0;0;0;0;2054;0;0;43;0;22;0;
952;1800857;744755200;12173312;787742720;0;0;0;0;0;0;0;0;0;0;0;2084;0;0;43;0;22;0;
953;1902417;744755200;12173312;787742720;0;0;0;0;0;0;0;0;0;0;0;2054;0;0;43;0;22;0;
954;1240065;744755200;12173312;787742720;0;0;0;0;0;0;0;0;0;0;0;1723;0;0;43;0;22;0;
955;1336837;744755200;12173312;787742720;0;0;0;0;0;0;0;0;0;0;0;2164;0;0;43;0;22;0;
956;1228093;744755200;12173312;787742720;0;0;0;0;0;0;0;0;0;0;0;1683;0;0;43;0;22;0;
957;1222422;744755200;12173312;787742720;0;0;0;0;0;0;0;0;0;0;0;2164;0;0;43;0;22;0;
958;1232381;744755200;12173312;787742720;0;0;0;0;0;0;0;0;0;0;0;2124;0;0;43;0;22;0;
959;1319354;744755200;12173312;787742720;0;0;0;0;0;0;0;0;0;0;0;2114;0;0;43;0;22;0;
960;1340634;744755200;12173312;787742720;0;0;0;0;0;0;0;0;0;0;0;1934;0;0;43;0;22;0;
961;2966553;751046656;12173312;804519936;0;0;0;0;0;0;0;0;0;0;0;3887;0;0;44;0;22;0;
962;1140960;751046656;12173312;804519936;0;0;0;0;0;0;0;0;0;0;0;1583;0;0;44;0;22;0;
963;7853869;751046656;12173312;804519936;0;0;0;0;0;0;0;0;0;0;0;1923;0;0;44;0;22;0;
964;1315527;751046656;12173312;804519936;0;0;0;0;0;0;0;0;0;0;0;2365;0;0;44;0;22;0;
965;1217053;751046656;12173312;804519936;0;0;0;0;0;0;0;0;0;0;0;2094;0;0;44;0;22;0;
966;1283017;751046656;12173312;804519936;0;0;0;0;0;0;0;0;0;0;0;1623;0;0;44;0;22;0;
967;3173793;755273728;12173312;804519936;0;0;0;0;0;0;0;0;0;0;0;2655;0;0;45;0;22;0;
968;1248441;755273728;12173312;804519936;0;0;0;0;0;0;0;0;0;0;0;1924;0;0;45;0;22;0;
969;1197456;755273728;12173312;804519936;0;0;0;0;0;0;0;0;0;0;0;1583;0;0;45;0;22;0;
970;1127434;755273728;12173312;804519936;0;0;0;0;0;0;0;0;0;0;0;2184;0;0;45;0;22;0;
971;1522015;755273728;12173312;804519936;0;0;0;0;0;0;0;0;0;0;0;2164;0;0;45;0;22;0;
972;1193538;755273728;12173312;804519936;0;0;0;0;0;0;0;0;0;0;0;1903;0;0;45;0;22;0;
973;1654172;755273728;12173312;804519936;0;0;0;0;0;0;0;0;0;0;0;1854;0;0;45;0;22;0;
974;1201663;755273728;12173312;804519936;0;0;0;0;0;0;0;0;0;0;0;2094;0;0;45;0;22;0;
975;1101205;755273728;12173312;804519936;0;0;0;0;0;0;0;0;0;0;0;1744;0;0;45;0;22;0;
976;1279490;755273728;12173312;804519936;0;0;0;0;0;0;0;0;0;0;0;1663;0;0;45;0;22;0;
977;1248672;755273728;12173312;804519936;0;0;0;0;0;0;0;0;0;0;0;1633;0;0;45;0;22;0;
978;1331748;755273728;12173312;804519936;0;0;0;0;0;0;0;0;0;0;0;2515;0;0;45;0;22;0;
979;2990138;759525376;12173312;804519936;0;0;0;0;0;0;0;0;0;0;0;2084;0;0;46;0;22;0;
980;1534988;759525376;12173312;804519936;0;0;0;0;0;0;0;0;0;0;0;2114;0;0;46;0;22;0;
981;1053686;759525376;12173312;804519936;0;0;0;0;0;0;0;0;0;0;0;2234;0;0;46;0;22;0;
982;1359840;759525376;12173312;804519936;0;0;0;0;0;0;0;0;0;0;0;2174;0;0;46;0;22;0;
983;1941261;759525376;12173312;804519936;0;0;0;0;0;0;0;0;0;0;0;2033;0;0;46;0;22;0;
984;1341846;759525376;12173312;804519936;0;0;0;0;0;0;0;0;0;0;0;2034;0;0;46;0;22;0;
985;1427658;759525376;12173312;804519936;0;0;0;0;0;0;0;0;0;0;0;1994;0;0;46;0;22;0;
986;1227171;759525376;12173312;804519936;0;0;0;0;0;0;0;0;0;0;0;2003;0;0;46;0;22;0;
987;1149326;759525376;12173312;804519936;0;0;0;0;0;0;0;0;0;0;0;1884;0;0;46;0;22;0;
988;1266966;759525376;12173312;804519936;0;0;0;0;0;0;0;0;0;0;0;1824;0;0;46;0;22;0;
989;1160797;759525376;12173312;804519936;0;0;0;0;0;0;0;0;0;0;0;1633;0;0;46;0;22;0;
990;1238453;759525376;12173312;804519936;0;0;0;0;0;0;0;0;0;0;0;2254;0;0;46;0;22;0;
991;1268279;759525376;12173312;804519936;0;0;0;0;0;0;0;0;0;0;0;13685;0;0;46;0;22;0;
992;1811718;759525376;12173312;804519936;0;0;0;0;0;0;0;0;0;0;0;1934;0;0;46;0;22;0;
993;1941030;759525376;12173312;804519936;0;0;0;0;0;0;0;0;0;0;0;2114;0;0;46;0;22;0;
994;1290520;759525376;12173312;804519936;0;0;0;0;0;0;0;0;0;0;0;2043;0;0;46;0;22;0;
995;1261215;759525376;12173312;804519936;0;0;0;0;0;0;0;0;0;0;0;2023;0;0;46;0;22;0;
996;1286873;759525376;12173312;804519936;0;0;0;0;0;0;0;0;0;0;0;1833;0;0;46;0;22;0;
997;1103059;759525376;12173312;804519936;0;0;0;0;0;0;0;0;0;0;0;1784;0;0;46;0;22;0;
998;1133706;759525376;12173312;804519936;0;0;0;0;0;0;0;0;0;0;0;2024;0;0;46;0;22;0;
999;1038698;759525376;12173312;804519936;0;0;0;0;0;0;0;0;0;0;0;2024;0;0;46;0;22;0;
1000;1232220;759525376;12173312;804519936;0;0;0;0;0;0;0;0;0;0;0;1853;0;0;46;0;22;0;
1001;1155598;759525376;12173312;804519936;0;0;0;0;0;0;0;0;0;0;0;2044;0;0;46;0;22;0;
1002;1154626;759525376;12173312;804519936;0;0;0;0;0;0;0;0;0;0;0;2214;0;0;46;0;22;0;
1003;1659963;759525376;12173312;804519936;0;0;0;0;0;0;0;0;0;0;0;1924;0;0;46;0;22;0;
1004;1187216;759525376;12173312;804519936;0;0;0;0;0;0;0;0;0;0;0;2034;0;0;46;0;22;0;
1005;1133856;759525376;12173312;804519936;0;0;0;0;0;0;0;0;0;0;0;2044;0;0;46;0;22;0;
1006;1157250;759525376;12173312;804519936;0;0;0;0;0;0;0;0;0;0;0;2043;0;0;46;0;22;0;
1007;1240857;759525376;12173312;804519936;0;0;0;0;0;0;0;0;0;0;0;2134;0;0;46;0;22;0;
1008;1503920;759525376;12173312;804519936;0;0;0;0;0;0;0;0;0;0;0;2214;0;0;46;0;22;0;
1009;1477891;759525376;12173312;804519936;0;0;0;0;0;0;0;0;0;0;0;2044;0;0;46;0;22;0;
1010;1211542;759525376;12173312;804519936;0;0;0;0;0;0;0;0;0;0;0;2455;0;0;46;0;22;0;
1011;1203297;759525376;12173312;804519936;0;0;0;0;0;0;0;0;0;0;0;1803;0;0;46;0;22;0;
1012;1146881;759525376;12173312;804519936;0;0;0;0;0;0;0;0;0;0;0;2324;0;0;46;0;22;0;
1013;1566769;759525376;12173312;804519936;0;0;0;0;0;0;0;0;0;0;0;2204;0;0;46;0;22;0;
1014;1129217;759525376;12173312;804519936;0;0;0;0;0;0;0;0;0;0;0;2044;0;0;46;0;22;0;
1015;1171107;759525376;12173312;804519936;0;0;0;0;0;0;0;0;0;0;0;1733;0;0;46;0;22;0;
1016;1988710;759525376;12173312;804519936;0;0;0;0;0;0;0;0;0;0;0;1894;0;0;46;0;22;0;
1017;1433549;759525376;12173312;804519936;0;0;0;0;0;0;0;0;0;0;0;2114;0;0;46;0;22;0;
1018;1123777;759525376;12173312;804519936;0;0;0;0;0;0;0;0;0;0;0;1883;0;0;46;0;22;0;
1019;1333601;759525376;12173312;804519936;0;0;0;0;0;0;0;0;0;0;0;2004;0;0;46;0;22;0;
1020;1207856;759525376;12173312;804519936;0;0;0;0;0;0;0;0;0;0;0;1814;0;0;46;0;22;0;
1021;1110082;759525376;12173312;804519936;0;0;0;0;0;0;0;0;0;0;0;1804;0;0;46;0;22;0;
1022;1091858;759525376;12173312;804519936;0;0;0;0;0;0;0;0;0;0;0;1663;0;0;46;0;22;0;
1023;1644474;759414784;12013568;804360192;0;0;0;0;0;0;0;0;0;0;0;3516;0;0;46;0;22;0;
1024;1222753;759414784;12013568;804360192;0;0;0;0;0;0;0;0;0;0;0;2054;0;0;46;0;22;0;
1025;1105213;759414784;12013568;804360192;0;0;0;0;0;0;0;0;0;0;0;2274;0;0;46;0;22;0;
1026;1143124;759414784;12013568;804360192;0;0;0;0;0;0;0;0;0;0;0;2033;0;0;46;0;22;0;
1027;2913794;765706240;12013568;821137408;0;0;0;0;0;0;0;0;0;0;0;3046;0;0;47;0;22;0;
1028;1280842;765706240;12013568;821137408;0;0;0;0;0;0;0;0;0;0;0;1904;0;0;47;0;22;0;
1029;1224477;765706240;12013568;821137408;0;0;0;0;0;0;0;0;0;0;0;1793;0;0;47;0;22;0;
1030;1343399;765706240;12013568;821137408;0;0;0;0;0;0;0;0;0;0;0;1543;0;0;47;0;22;0;
1031;1284408;765706240;12013568;821137408;0;0;0;0;0;0;0;0;0;0;0;2094;0;0;47;0;22;0;
1032;1247209;765706240;12013568;821137408;0;0;0;0;0;0;0;0;0;0;0;1974;0;0;47;0;22;0;
1033;1629066;765706240;12013568;821137408;0;0;0;0;0;0;0;0;0;0;0;2003;0;0;47;0;22;0;
1034;1398894;765706240;12013568;821137408;0;0;0;0;0;0;0;0;0;0;0;19937;0;0;47;0;22;0;
1035;1201744;765706240;12013568;821137408;0;0;0;0;0;0;0;0;0;0;0;1843;0;0;47;0;22;0;
1036;1117536;765706240;12013568;821137408;0;0;0;0;0;0;0;0;0;0;0;1844;0;0;47;0;22;0;
1037;1080977;765706240;12013568;821137408;0;0;0;0;0;0;0;0;0;0;0;1994;0;0;47;0;22;0;
1038;1188128;765706240;12013568;821137408;0;0;0;0;0;0;0;0;0;0;0;2034;0;0;47;0;22;0;
1039;1089624;765706240;12013568;821137408;0;0;0;0;0;0;0;0;0;0;0;1833;0;0;47;0;22;0;
1040;1916724;765706240;12013568;821137408;0;0;0;0;0;0;0;0;0;0;0;2023;0;0;47;0;22;0;
1041;1419452;765706240;12013568;821137408;0;0;0;0;0;0;0;0;0;0;0;1844;0;0;47;0;22;0;
1042;1231660;765706240;12013568;821137408;0;0;0;0;0;0;0;0;0;0;0;1824;0;0;47;0;22;0;
1043;1781591;765706240;12013568;821137408;0;0;0;0;0;0;0;0;0;0;0;2084;0;0;47;0;22;0;
1044;1233684;765706240;12013568;821137408;0;0;0;0;0;0;0;0;0;0;0;2204;0;0;47;0;22;0;
1045;1296190;765706240;12013568;821137408;0;0;0;0;0;0;0;0;0;0;0;1814;0;0;47;0;22;0;
1046;1298436;765706240;12013568;821137408;0;0;0;0;0;0;0;0;0;0;0;2034;0;0;47;0;22;0;
1047;1259171;765706240;12013568;821137408;0;0;0;0;0;0;0;0;0;0;0;1864;0;0;47;0;22;0;
1048;1203588;765706240;12013568;821137408;0;0;0;0;0;0;0;0;0;0;0;1983;0;0;47;0;22;0;
1049;1198598;765706240;12013568;821137408;0;0;0;0;0;0;0;0;0;0;0;1984;0;0;47;0;22;0;
1050;1409674;765706240;12013568;821137408;0;0;0;0;0;0;0;0;0;0;0;1774;0;0;47;0;22;0;
1051;3056983;769671168;12013568;821137408;0;0;0;0;0;0;0;0;0;0;0;3166;0;0;48;0;22;0;
1052;1398022;769671168;12013568;821137408;0;0;0;0;0;0;0;0;0;0;0;1893;0;0;48;0;22;0;
1053;4361519;769671168;12013568;821137408;0;0;0;0;0;0;0;0;0;0;0;2134;0;0;48;0;22;0;
1054;3542053;769671168;12021760;821145600;0;0;0;0;0;0;0;0;0;0;0;1904;0;0;48;0;22;0;
1055;1624857;769933312;12021760;821145600;0;0;0;0;0;0;0;0;0;0;0;1884;0;0;48;0;22;0;
1056;1181295;769933312;12021760;821145600;0;0;0;0;0;0;0;0;0;0;0;2003;0;0;48;0;22;0;
1057;1227282;769933312;12021760;821145600;0;0;0;0;0;0;0;0;0;0;0;1984;0;0;48;0;22;0;
1058;1135460;769933312;12021760;821145600;0;0;0;0;0;0;0;0;0;0;0;2064;0;0;48;0;22;0;
1059;1183900;769933312;12021760;821145600;0;0;0;0;0;0;0;0;0;0;0;1904;0;0;48;0;22;0;
1060;1097348;769933312;12021760;821145600;0;0;0;0;0;0;0;0;0;0;0;1914;0;0;48;0;22;0;
1061;1191514;769933312;12021760;821145600;0;0;0;0;0;0;0;0;0;0;0;1963;0;0;48;0;22;0;
1062;1195663;769933312;12021760;821145600;0;0;0;0;0;0;0;0;0;0;0;1924;0;0;48;0;22;0;
1063;1771623;769933312;12021760;821145600;0;0;0;0;0;0;0;0;0;0;0;1844;0;0;48;0;22;0;
1064;1728752;769933312;12021760;821145600;0;0;0;0;0;0;0;0;0;0;0;1883;0;0;48;0;22;0;
1065;1244344;769933312;12021760;821145600;0;0;0;0;0;0;0;0;0;0;0;2024;0;0;48;0;22;0;
1066;1133205;769933312;12021760;821145600;0;0;0;0;0;0;0;0;0;0;0;2144;0;0;48;0;22;0;
1067;1328161;769933312;12021760;821145600;0;0;0;0;0;0;0;0;0;0;0;1753;0;0;48;0;22;0;
1068;1082019;769933312;12021760;821145600;0;0;0;0;0;0;0;0;0;0;0;1854;0;0;48;0;22;0;
1069;1205271;769933312;12021760;821145600;0;0;0;0;0;0;0;0;0;0;0;2033;0;0;48;0;22;0;
1070;2836550;772096000;12021760;821145600;0;0;0;0;0;0;0;0;0;0;0;2224;0;0;49;0;22;0;
1071;1432537;772096000;12021760;821145600;0;0;0;0;0;0;0;0;0;0;0;1903;0;0;49;0;22;0;
1072;2371077;772096000;12021760;821145600;0;0;0;0;0;0;0;0;0;0;0;1873;0;0;49;0;22;0;
1073;1674000;772096000;12021760;821145600;0;0;0;0;0;0;0;0;0;0;0;2044;0;0;49;0;22;0;
1074;1270082;772096000;12021760;821145600;0;0;0;0;0;0;0;0;0;0;0;2094;0;0;49;0;22;0;
1075;1270243;772096000;12021760;821145600;0;0;0;0;0;0;0;0;0;0;0;2034;0;0;49;0;22;0;
1076;1269490;772096000;12021760;821145600;0;0;0;0;0;0;0;0;0;0;0;1873;0;0;49;0;22;0;
1077;1257317;772096000;12021760;821145600;0;0;0;0;0;0;0;0;0;0;0;2434;0;0;49;0;22;0;
1078;1187387;772096000;12021760;821145600;0;0;0;0;0;0;0;0;0;0;0;1974;0;0;49;0;22;0;
1079;1160847;772096000;12021760;821145600;0;0;0;0;0;0;0;0;0;0;0;1833;0;0;49;0;22;0;
1080;1271865;772096000;12021760;821145600;0;0;0;0;0;0;0;0;0;0;0;1863;0;0;49;0;22;0;
1081;3620059;778387456;12021760;837922816;0;0;0;0;0;0;0;0;0;0;0;3717;0;0;50;0;22;0;
1082;2099818;778387456;12021760;837922816;0;0;0;0;0;0;0;0;0;0;0;1954;0;0;50;0;22;0;
1083;1506054;778387456;12021760;837922816;0;0;0;0;0;0;0;0;0;0;0;2013;0;0;50;0;22;0;
1084;1453005;778387456;12021760;837922816;0;0;0;0;0;0;0;0;0;0;0;2244;0;0;50;0;22;0;
1085;1333631;778387456;12021760;837922816;0;0;0;0;0;0;0;0;0;0;0;2164;0;0;50;0;22;0;
1086;1409323;778387456;12021760;837922816;0;0;0;0;0;0;0;0;0;0;0;1894;0;0;50;0;22;0;
1087;1219036;778387456;12021760;837922816;0;0;0;0;0;0;0;0;0;0;0;2164;0;0;50;0;22;0;
1088;1228795;778387456;12021760;837922816;0;0;0;0;0;0;0;0;0;0;0;1903;0;0;50;0;22;0;
1089;1168040;778387456;12021760;837922816;0;0;0;0;0;0;0;0;0;0;0;2184;0;0;50;0;22;0;
1090;1725817;778387456;12021760;837922816;0;0;0;0;0;0;0;0;0;0;0;2195;0;0;50;0;22;0;
1091;1363447;778387456;12021760;837922816;0;0;0;0;0;0;0;0;0;0;0;2174;0;0;50;0;22;0;
1092;1205861;778387456;12021760;837922816;0;0;0;0;0;0;0;0;0;0;0;2013;0;0;50;0;22;0;
1093;1800096;778387456;12021760;837922816;0;0;0;0;0;0;0;0;0;0;0;1864;0;0;50;0;22;0;
1094;1490265;778387456;12021760;837922816;0;0;0;0;0;0;0;0;0;0;0;2174;0;0;50;0;22;0;
1095;1543054;778387456;12021760;837922816;0;0;0;0;0;0;0;0;0;0;0;2094;0;0;50;0;22;0;
1096;1261436;778387456;12021760;837922816;0;0;0;0;0;0;0;0;0;0;0;2555;0;0;50;0;22;0;
1097;1433368;778387456;12021760;837922816;0;0;0;0;0;0;0;0;0;0;0;2264;0;0;50;0;22;0;
1098;1282506;778387456;12021760;837922816;0;0;0;0;0;0;0;0;0;0;0;2154;0;0;50;0;22;0;
1099;1617594;778387456;12021760;837922816;0;0;0;0;0;0;0;0;0;0;0;2144;0;0;50;0;22;0;
1100;1243722;778387456;12021760;837922816;0;0;0;0;0;0;0;0;0;0;0;2144;0;0;50;0;22;0;
1101;1198978;778387456;12021760;837922816;0;0;0;0;0;0;0;0;0;0;0;1723;0;0;50;0;22;0;
1102;3354852;782614528;12021760;837922816;0;0;0;0;0;0;0;0;0;0;0;2675;0;0;51;0;22;0;
1103;1275893;782614528;12021760;837922816;0;0;0;0;0;0;0;0;0;0;0;2154;0;0;51;0;22;0;
1104;1320136;782614528;12021760;837922816;0;0;0;0;0;0;0;0;0;0;0;1763;0;0;51;0;22;0;
1105;1118938;782614528;12021760;837922816;0;0;0;0;0;0;0;0;0;0;0;2114;0;0;51;0;22;0;
1106;1405746;782614528;12021760;837922816;0;0;0;0;0;0;0;0;0;0;0;2154;0;0;51;0;22;0;
1107;1244164;782614528;12021760;837922816;0;0;0;0;0;0;0;0;0;0;0;1774;0;0;51;0;22;0;
1108;2506991;782614528;12021760;837922816;0;0;0;0;0;0;0;0;0;0;0;2104;0;0;51;0;22;0;
1109;1438788;782614528;12021760;837922816;0;0;0;0;0;0;0;0;0;0;0;1874;0;0;51;0;22;0;
1110;1198637;782614528;12021760;837922816;0;0;0;0;0;0;0;0;0;0;0;1803;0;0;51;0;22;0;
1111;1222393;782614528;12021760;837922816;0;0;0;0;0;0;0;0;0;0;0;1974;0;0;51;0;22;0;
1112;1343069;782614528;12021760;837922816;0;0;0;0;0;0;0;0;0;0;0;2034;0;0;51;0;22;0;
1113;2811473;788905984;12021760;854700032;0;0;0;0;0;0;0;0;0;0;0;3607;0;0;52;0;22;0;
1114;1225098;788905984;12021760;854700032;0;0;0;0;0;0;0;0;0;0;0;2384;0;0;52;0;22;0;
1115;1274520;788905984;12021760;854700032;0;0;0;0;0;0;0;0;0;0;0;2013;0;0;52;0;22;0;
1116;1399204;788905984;12021760;854700032;0;0;0;0;0;0;0;0;0;0;0;1863;0;0;52;0;22;0;
1117;2577023;789004288;12017664;854695936;0;0;0;0;0;0;0;0;0;0;0;2043;0;0;52;0;22;0;
1118;1676645;789004288;12017664;854695936;0;0;0;0;0;0;0;0;0;0;0;2184;0;0;52;0;22;0;
1119;1372203;789004288;12017664;854695936;0;0;0;0;0;0;0;0;0;0;0;2104;0;0;52;0;22;0;
1120;1173391;789004288;12017664;854695936;0;0;0;0;0;0;0;0;0;0;0;1893;0;0;52;0;22;0;
1121;1099452;789004288;12017664;854695936;0;0;0;0;0;0;0;0;0;0;0;1914;0;0;52;0;22;0;
1122;1443768;789004288;12017664;854695936;0;0;0;0;0;0;0;0;0;0;0;2204;0;0;52;0;22;0;
1123;3818872;792985600;12017664;854695936;0;0;0;0;0;0;0;0;0;0;0;2655;0;0;53;0;22;0;
1124;1868133;793243648;12017664;854695936;0;0;0;0;0;0;0;0;0;0;0;1913;0;0;53;0;22;0;
1125;1340353;793243648;12017664;854695936;0;0;0;0;0;0;0;0;0;0;0;1833;0;0;53;0;22;0;
1126;1701942;793243648;12017664;854695936;0;0;0;0;0;0;0;0;0;0;0;2164;0;0;53;0;22;0;
1127;1225819;793243648;12017664;854695936;0;0;0;0;0;0;0;0;0;0;0;2104;0;0;53;0;22;0;
1128;1456361;793243648;12017664;854695936;0;0;0;0;0;0;0;0;0;0;0;1933;0;0;53;0;22;0;
1129;1287274;793243648;12017664;854695936;0;0;0;0;0;0;0;0;0;0;0;1853;0;0;53;0;22;0;
1130;1579412;793243648;12017664;854695936;0;0;0;0;0;0;0;0;0;0;0;1804;0;0;53;0;22;0;
1131;1439861;793243648;12017664;854695936;0;0;0;0;0;0;0;0;0;0;0;1913;0;0;53;0;22;0;
1132;2964750;799535104;12017664;871473152;0;0;0;0;0;0;0;0;0;0;0;2805;0;0;54;0;22;0;
1133;1342077;799535104;12017664;871473152;0;0;0;0;0;0;0;0;0;0;0;1723;0;0;54;0;22;0;
1134;1284329;799535104;12017664;871473152;0;0;0;0;0;0;0;0;0;0;0;2094;0;0;54;0;22;0;
1135;1918859;799535104;12017664;871473152;0;0;0;0;0;0;0;0;0;0;0;1874;0;0;54;0;22;0;
1136;1347958;799535104;12017664;871473152;0;0;0;0;0;0;0;0;0;0;0;2395;0;0;54;0;22;0;
1137;1147873;799535104;12017664;871473152;0;0;0;0;0;0;0;0;0;0;0;1673;0;0;54;0;22;0;
1138;1366252;799535104;12017664;871473152;0;0;0;0;0;0;0;0;0;0;0;2074;0;0;54;0;22;0;
1139;1280892;799535104;12017664;871473152;0;0;0;0;0;0;0;0;0;0;0;2134;0;0;54;0;22;0;
1140;1336988;799535104;12017664;871473152;0;0;0;0;0;0;0;0;0;0;0;2224;0;0;54;0;22;0;
1141;1411086;799535104;12017664;871473152;0;0;0;0;0;0;0;0;0;0;0;1673;0;0;54;0;22;0;
1142;1278447;799535104;12017664;871473152;0;0;0;0;0;0;0;0;0;0;0;2184;0;0;54;0;22;0;
1143;3662889;803573760;12017664;871473152;0;0;0;0;0;0;0;0;0;0;0;2525;0;0;55;0;22;0;
1144;1965316;803524608;11841536;871297024;0;0;0;0;0;0;0;0;0;0;0;2165;0;0;55;0;22;0;
1145;1408602;803524608;11841536;871297024;0;0;0;0;0;0;0;0;0;0;0;2044;0;0;55;0;22;0;
1146;1076910;803524608;11841536;871297024;0;0;0;0;0;0;0;0;0;0;0;1843;0;0;55;0;22;0;
1147;1238453;803524608;11841536;871297024;0;0;0;0;0;0;0;0;0;0;0;2475;0;0;55;0;22;0;
1148;1311499;803524608;11841536;871297024;0;0;0;0;0;0;0;0;0;0;0;2114;0;0;55;0;22;0;
1149;2221376;803524608;11841536;871297024;0;0;0;0;0;0;0;0;0;0;0;2194;0;0;55;0;22;0;
1150;1489433;803524608;11841536;871297024;0;0;0;0;0;0;0;0;0;0;0;2204;0;0;55;0;22;0;
1151;1272737;803524608;11841536;871297024;0;0;0;0;0;0;0;0;0;0;0;2164;0;0;55;0;22;0;
1152;1299477;803524608;11841536;871297024;0;0;0;0;0;0;0;0;0;0;0;2194;0;0;55;0;22;0;
1153;6370437;807501824;11845632;871301120;0;0;0;0;0;0;0;0;0;0;0;3046;0;0;56;0;22;0;
1154;2622879;807501824;11849728;871305216;0;0;0;0;0;0;0;0;0;0;0;2023;0;0;56;0;22;0;
1155;1442275;807501824;11849728;871305216;0;0;0;0;0;0;0;0;0;0;0;2214;0;0;56;0;22;0;
1156;1411948;807501824;11849728;871305216;0;0;0;0;0;0;0;0;0;0;0;2024;0;0;56;0;22;0;
1157;1472672;807501824;11849728;871305216;0;0;0;0;0;0;0;0;0;0;0;1944;0;0;56;0;22;0;
1158;1289599;807501824;11849728;871305216;0;0;0;0;0;0;0;0;0;0;0;1954;0;0;56;0;22;0;
1159;1930010;807501824;11849728;871305216;0;0;0;0;0;0;0;0;0;0;0;1854;0;0;56;0;22;0;
1160;1646558;807501824;11849728;871305216;0;0;0;0;0;0;0;0;0;0;0;2004;0;0;56;0;22;0;
1161;1252619;807501824;11849728;871305216;0;0;0;0;0;0;0;0;0;0;0;2134;0;0;56;0;22;0;
1162;1329784;807501824;11849728;871305216;0;0;0;0;0;0;0;0;0;0;0;1853;0;0;56;0;22;0;
1163;1789346;807501824;11849728;871305216;0;0;0;0;0;0;0;0;0;0;0;2294;0;0;56;0;22;0;
1164;1277526;807501824;11849728;871305216;0;0;0;0;0;0;0;0;0;0;0;2134;0;0;56;0;22;0;
1165;1319624;807501824;11849728;871305216;0;0;0;0;0;0;0;0;0;0;0;1964;0;0;56;0;22;0;
1166;1411287;807501824;11849728;871305216;0;0;0;0;0;0;0;0;0;0;0;1943;0;0;56;0;22;0;
1167;1222853;807501824;11849728;871305216;0;0;0;0;0;0;0;0;0;0;0;2044;0;0;56;0;22;0;
1168;1247189;807501824;11849728;871305216;0;0;0;0;0;0;0;0;0;0;0;2074;0;0;56;0;22;0;
1169;1384386;807501824;11849728;871305216;0;0;0;0;0;0;0;0;0;0;0;1543;0;0;56;0;22;0;
1170;1926893;807501824;11849728;871305216;0;0;0;0;0;0;0;0;0;0;0;1793;0;0;56;0;22;0;
1171;2916159;814055424;11849728;888082432;0;0;0;0;0;0;0;0;0;0;0;3747;0;0;57;0;22;0;
1172;1980634;814055424;11849728;888082432;0;0;0;0;0;0;0;0;0;0;0;1894;0;0;57;0;22;0;
1173;1272687;814055424;11849728;888082432;0;0;0;0;0;0;0;0;0;0;0;1963;0;0;57;0;22;0;
1174;2095200;814055424;11849728;888082432;0;0;0;0;0;0;0;0;0;0;0;2034;0;0;57;0;22;0;
1175;1412970;814055424;11849728;888082432;0;0;0;0;0;0;0;0;0;0;0;2124;0;0;57;0;22;0;
1176;1232822;814055424;11849728;888082432;0;0;0;0;0;0;0;0;0;0;0;2094;0;0;57;0;22;0;
1177;1405626;814055424;11849728;888082432;0;0;0;0;0;0;0;0;0;0;0;1953;0;0;57;0;22;0;
1178;1343199;814055424;11849728;888082432;0;0;0;0;0;0;0;0;0;0;0;1854;0;0;57;0;22;0;
1179;1270944;814055424;11849728;888082432;0;0;0;0;0;0;0;0;0;0;0;1804;0;0;57;0;22;0;
1180;1218666;814055424;11849728;888082432;0;0;0;0;0;0;0;0;0;0;0;1923;0;0;57;0;22;0;
1181;1798764;814055424;11849728;888082432;0;0;0;0;0;0;0;0;0;0;0;1953;0;0;57;0;22;0;
1182;3052064;818290688;11849728;888082432;0;0;0;0;0;0;0;0;0;0;0;2585;0;0;58;0;22;0;
1183;1506045;818290688;11849728;888082432;0;0;0;0;0;0;0;0;0;0;0;1813;0;0;58;0;22;0;
1184;1664691;818290688;11849728;888082432;0;0;0;0;0;0;0;0;0;0;0;1543;0;0;58;0;22;0;
1185;1417409;818290688;11849728;888082432;0;0;0;0;0;0;0;0;0;0;0;1964;0;0;58;0;22;0;
1186;1283717;818290688;11849728;888082432;0;0;0;0;0;0;0;0;0;0;0;1833;0;0;58;0;22;0;
1187;1274230;818290688;11849728;888082432;0;0;0;0;0;0;0;0;0;0;0;1924;0;0;58;0;22;0;
1188;1293456;818290688;11849728;888082432;0;0;0;0;0;0;0;0;0;0;0;1773;0;0;58;0;22;0;
1189;1277015;818290688;11849728;888082432;0;0;0;0;0;0;0;0;0;0;0;2375;0;0;58;0;22;0;
1190;1799665;818290688;11849728;888082432;0;0;0;0;0;0;0;0;0;0;0;2044;0;0;58;0;22;0;
1191;1318272;818290688;11849728;888082432;0;0;0;0;0;0;0;0;0;0;0;1864;0;0;58;0;22;0;
1192;3674672;822341632;11849728;888082432;0;0;0;0;0;0;0;0;0;0;0;3126;0;0;59;0;22;0;
1193;1324594;822341632;11849728;888082432;0;0;0;0;0;0;0;0;0;0;0;2134;0;0;59;0;22;0;
1194;2161433;822341632;11849728;888082432;0;0;0;0;0;0;0;0;0;0;0;2144;0;0;59;0;22;0;
1195;1496937;822341632;11849728;888082432;0;0;0;0;0;0;0;0;0;0;0;2264;0;0;59;0;22;0;
1196;1311529;822341632;11849728;888082432;0;0;0;0;0;0;0;0;0;0;0;1914;0;0;59;0;22;0;
1197;1266775;822341632;11849728;888082432;0;0;0;0;0;0;0;0;0;0;0;2104;0;0;59;0;22;0;
1198;1248471;822341632;11849728;888082432;0;0;0;0;0;0;0;0;0;0;0;2305;0;0;59;0;22;0;
1199;1743760;822341632;11849728;888082432;0;0;0;0;0;0;0;0;0;0;0;2254;0;0;59;0;22;0;
1200;1322650;822341632;11849728;888082432;0;0;0;0;0;0;0;0;0;0;0;2044;0;0;59;0;22;0;
1201;1263320;822341632;11849728;888082432;0;0;0;0;0;0;0;0;0;0;0;2114;0;0;59;0;22;0;
1202;3322050;826593280;11849728;888082432;0;0;0;0;0;0;0;0;0;0;0;2846;0;0;60;0;22;0;
1203;1393793;826593280;11849728;888082432;0;0;0;0;0;0;0;0;0;0;0;2294;0;0;60;0;22;0;
1204;1285491;826593280;11849728;888082432;0;0;0;0;0;0;0;0;0;0;0;2074;0;0;60;0;22;0;
1205;1105503;826593280;11849728;888082432;0;0;0;0;0;0;0;0;0;0;0;2034;0;0;60;0;22;0;
1206;1539387;826593280;11849728;888082432;0;0;0;0;0;0;0;0;0;0;0;2064;0;0;60;0;22;0;
1207;1304706;826593280;11849728;888082432;0;0;0;0;0;0;0;0;0;0;0;2194;0;0;60;0;22;0;
1208;1874676;826593280;11849728;888082432;0;0;0;0;0;0;0;0;0;0;0;1714;0;0;60;0;22;0;
1209;1378265;826593280;11849728;888082432;0;0;0;0;0;0;0;0;0;0;0;1673;0;0;60;0;22;0;
1210;1488732;826593280;11849728;888082432;0;0;0;0;0;0;0;0;0;0;0;1893;0;0;60;0;22;0;
1211;1334893;826593280;11849728;888082432;0;0;0;0;0;0;0;0;0;0;0;2034;0;0;60;0;22;0;
1212;1358107;826593280;11849728;888082432;0;0;0;0;0;0;0;0;0;0;0;2224;0;0;60;0;22;0;
1213;1218004;826593280;11849728;888082432;0;0;0;0;0;0;0;0;0;0;0;2064;0;0;60;0;22;0;
1214;1456502;826593280;11849728;888082432;0;0;0;0;0;0;0;0;0;0;0;2094;0;0;60;0;22;0;
1215;1914671;826593280;11849728;888082432;0;0;0;0;0;0;0;0;0;0;0;2144;0;0;60;0;22;0;
1216;1615540;826593280;11849728;888082432;0;0;0;0;0;0;0;0;0;0;0;2955;0;0;60;0;22;0;
1217;1891357;826617856;11841536;888074240;0;0;0;0;0;0;0;0;0;0;0;2314;0;0;60;0;22;0;
1218;1364910;826617856;11841536;888074240;0;0;0;0;0;0;0;0;0;0;0;2164;0;0;60;0;22;0;
1219;1511865;826617856;11841536;888074240;0;0;0;0;0;0;0;0;0;0;0;2124;0;0;60;0;22;0;
1220;1302663;826617856;11841536;888074240;0;0;0;0;0;0;0;0;0;0;0;2444;0;0;60;0;22;0;
1221;1267377;826617856;11841536;888074240;0;0;0;0;0;0;0;0;0;0;0;2294;0;0;60;0;22;0;
1222;1276845;826617856;11841536;888074240;0;0;0;0;0;0;0;0;0;0;0;1693;0;0;60;0;22;0;
1223;2882405;832909312;11841536;904851456;0;0;0;0;0;0;0;0;0;0;0;3837;0;0;61;0;22;0;
1224;2046869;832909312;11841536;904851456;0;0;0;0;0;0;0;0;0;0;0;1643;0;0;61;0;22;0;
1225;1411016;832909312;11841536;904851456;0;0;0;0;0;0;0;0;0;0;0;1914;0;0;61;0;22;0;
1226;2020038;832909312;11841536;904851456;0;0;0;0;0;0;0;0;0;0;0;1944;0;0;61;0;22;0;
1227;1139247;832909312;11841536;904851456;0;0;0;0;0;0;0;0;0;0;0;2375;0;0;61;0;22;0;
1228;1333101;832909312;11841536;904851456;0;0;0;0;0;0;0;0;0;0;0;1963;0;0;61;0;22;0;
1229;1321388;832909312;11841536;904851456;0;0;0;0;0;0;0;0;0;0;0;1823;0;0;61;0;22;0;
1230;1281743;832909312;11841536;904851456;0;0;0;0;0;0;0;0;0;0;0;1984;0;0;61;0;22;0;
1231;1271565;832909312;11841536;904851456;0;0;0;0;0;0;0;0;0;0;0;2234;0;0;61;0;22;0;
1232;1314315;832909312;11841536;904851456;0;0;0;0;0;0;0;0;0;0;0;2214;0;0;61;0;22;0;
1233;1382804;832909312;11841536;904851456;0;0;0;0;0;0;0;0;0;0;0;1893;0;0;61;0;22;0;
1234;1781000;832909312;11841536;904851456;0;0;0;0;0;0;0;0;0;0;0;2365;0;0;61;0;22;0;
1235;2518523;832585728;11706368;904716288;0;0;0;0;0;0;0;0;0;0;0;2104;0;0;61;0;22;0;
1236;1664662;832585728;11706368;904716288;0;0;0;0;0;0;0;0;0;0;0;2114;0;0;61;0;22;0;
1237;1309155;832585728;11706368;904716288;0;0;0;0;0;0;0;0;0;0;0;1663;0;0;61;0;22;0;
1238;1233293;832585728;11706368;904716288;0;0;0;0;0;0;0;0;0;0;0;2435;0;0;61;0;22;0;
1239;1360061;832585728;11706368;904716288;0;0;0;0;0;0;0;0;0;0;0;1773;0;0;61;0;22;0;
1240;1233163;832847872;11980800;904990720;0;0;0;0;0;0;0;0;0;0;0;1873;0;0;61;0;22;0;
1241;1288807;832847872;11980800;904990720;0;0;0;0;0;0;0;0;0;0;0;1683;0;0;61;0;22;0;
1242;1217433;832847872;11980800;904990720;0;0;0;0;0;0;0;0;0;0;0;2144;0;0;61;0;22;0;
1243;1348439;832847872;11980800;904990720;0;0;0;0;0;0;0;0;0;0;0;2114;0;0;61;0;22;0;
1244;6478680;837369856;12492800;905502720;0;0;0;0;0;0;0;0;0;0;0;3657;0;0;62;0;22;0;
1245;3565106;837640192;12496896;905506816;0;0;0;0;0;0;0;0;0;0;0;2344;0;0;62;0;22;0;
1246;1332318;837640192;12496896;905506816;0;0;0;0;0;0;0;0;0;0;0;1624;0;0;62;0;22;0;
1247;1366774;837640192;12496896;905506816;0;0;0;0;0;0;0;0;0;0;0;2084;0;0;62;0;22;0;
1248;1396849;837640192;12496896;905506816;0;0;0;0;0;0;0;0;0;0;0;1684;0;0;62;0;22;0;
1249;1214016;837640192;12496896;905506816;0;0;0;0;0;0;0;0;0;0;0;2054;0;0;62;0;22;0;
1250;1785198;837640192;12496896;905506816;0;0;0;0;0;0;0;0;0;0;0;2245;0;0;62;0;22;0;
1251;3572460;843931648;12496896;922284032;0;0;0;0;0;0;0;0;0;0;0;2885;0;0;63;0;22;0;
1252;1617092;843931648;12496896;922284032;0;0;0;0;0;0;0;0;0;0;0;2956;0;0;63;0;22;0;
1253;1997616;843931648;12496896;922284032;0;0;0;0;0;0;0;0;0;0;0;1964;0;0;63;0;22;0;
1254;1525020;843931648;12496896;922284032;0;0;0;0;0;0;0;0;0;0;0;2094;0;0;63;0;22;0;
1255;1262828;843931648;12496896;922284032;0;0;0;0;0;0;0;0;0;0;0;2294;0;0;63;0;22;0;
1256;1530450;843931648;12496896;922284032;0;0;0;0;0;0;0;0;0;0;0;2315;0;0;63;0;22;0;
1257;1252729;843931648;12496896;922284032;0;0;0;0;0;0;0;0;0;0;0;2194;0;0;63;0;22;0;
1258;1646698;843931648;12496896;922284032;0;0;0;0;0;0;0;0;0;0;0;2124;0;0;63;0;22;0;
1259;1396499;843931648;12496896;922284032;0;0;0;0;0;0;0;0;0;0;0;1884;0;0;63;0;22;0;
1260;3256978;848162816;12496896;922284032;0;0;0;0;0;0;0;0;0;0;0;2885;0;0;64;0;22;0;
1261;2662493;848162816;12496896;922284032;0;0;0;0;0;0;0;0;0;0;0;2154;0;0;64;0;22;0;
1262;1870818;848162816;12496896;922284032;0;0;0;0;0;0;0;0;0;0;0;2254;0;0;64;0;22;0;
1263;1565586;848162816;12496896;922284032;0;0;0;0;0;0;0;0;0;0;0;2144;0;0;64;0;22;0;
1264;1385949;848162816;12496896;922284032;0;0;0;0;0;0;0;0;0;0;0;2044;0;0;64;0;22;0;
1265;1363017;848162816;12496896;922284032;0;0;0;0;0;0;0;0;0;0;0;2314;0;0;64;0;22;0;
1266;1327730;848162816;12496896;922284032;0;0;0;0;0;0;0;0;0;0;0;1924;0;0;64;0;22;0;
1267;1344451;848162816;12496896;922284032;0;0;0;0;0;0;0;0;0;0;0;1874;0;0;64;0;22;0;
1268;1549837;848162816;12496896;922284032;0;0;0;0;0;0;0;0;0;0;0;2074;0;0;64;0;22;0;
1269;3453386;854454272;12496896;939061248;0;0;0;0;0;0;0;0;0;0;0;3938;0;0;65;0;22;0;
1270;2124956;854454272;12496896;939061248;0;0;0;0;0;0;0;0;0;0;0;2796;0;0;65;0;22;0;
1271;1570285;854454272;12496896;939061248;0;0;0;0;0;0;0;0;0;0;0;2354;0;0;65;0;22;0;
1272;1214198;854454272;12496896;939061248;0;0;0;0;0;0;0;0;0;0;0;1933;0;0;65;0;22;0;
1273;1164153;854454272;12496896;939061248;0;0;0;0;0;0;0;0;0;0;0;1994;0;0;65;0;22;0;
1274;1458595;854454272;12496896;939061248;0;0;0;0;0;0;0;0;0;0;0;1894;0;0;65;0;22;0;
1275;1431324;854454272;12496896;939061248;0;0;0;0;0;0;0;0;0;0;0;1993;0;0;65;0;22;0;
1276;1333471;854454272;12496896;939061248;0;0;0;0;0;0;0;0;0;0;0;2104;0;0;65;0;22;0;
1277;2019808;854454272;12496896;939061248;0;0;0;0;0;0;0;0;0;0;0;1913;0;0;65;0;22;0;
1278;1117636;854454272;12496896;939061248;0;0;0;0;0;0;0;0;0;0;0;2084;0;0;65;0;22;0;
1279;3095255;858689536;12496896;939061248;0;0;0;0;0;0;0;0;0;0;0;2806;0;0;66;0;22;0;
1280;1173230;858689536;12496896;939061248;0;0;0;0;0;0;0;0;0;0;0;2214;0;0;66;0;22;0;
1281;1258951;858689536;12496896;939061248;0;0;0;0;0;0;0;0;0;0;0;1934;0;0;66;0;22;0;
1282;1561027;858689536;12496896;939061248;0;0;0;0;0;0;0;0;0;0;0;1903;0;0;66;0;22;0;
1283;1318733;858689536;12496896;939061248;0;0;0;0;0;0;0;0;0;0;0;2104;0;0;66;0;22;0;
1284;1262037;858689536;12496896;939061248;0;0;0;0;0;0;0;0;0;0;0;1763;0;0;66;0;22;0;
1285;1613376;858689536;12496896;939061248;0;0;0;0;0;0;0;0;0;0;0;1883;0;0;66;0;22;0;
1286;1161689;858689536;12496896;939061248;0;0;0;0;0;0;0;0;0;0;0;2044;0;0;66;0;22;0;
1287;1148304;858689536;12496896;939061248;0;0;0;0;0;0;0;0;0;0;0;2064;0;0;66;0;22;0;
1288;1137423;858689536;12496896;939061248;0;0;0;0;0;0;0;0;0;0;0;2144;0;0;66;0;22;0;
1289;1225728;858689536;12496896;939061248;0;0;0;0;0;0;0;0;0;0;0;2034;0;0;66;0;22;0;
1290;3475197;862736384;12496896;939061248;0;0;0;0;0;0;0;0;0;0;0;2745;0;0;67;0;22;0;
1291;1375700;862736384;12496896;939061248;0;0;0;0;0;0;0;0;0;0;0;2013;0;0;67;0;22;0;
1292;1473493;862736384;12496896;939061248;0;0;0;0;0;0;0;0;0;0;0;2033;0;0;67;0;22;0;
1293;2467688;862736384;12496896;939061248;0;0;0;0;0;0;0;0;0;0;0;2564;0;0;67;0;22;0;
1294;1237982;862736384;12496896;939061248;0;0;0;0;0;0;0;0;0;0;0;1794;0;0;67;0;22;0;
1295;1071559;862736384;12496896;939061248;0;0;0;0;0;0;0;0;0;0;0;1944;0;0;67;0;22;0;
1296;1082009;862736384;12496896;939061248;0;0;0;0;0;0;0;0;0;0;0;1984;0;0;67;0;22;0;
1297;1181275;862736384;12496896;939061248;0;0;0;0;0;0;0;0;0;0;0;1943;0;0;67;0;22;0;
1298;1158212;862736384;12496896;939061248;0;0;0;0;0;0;0;0;0;0;0;2023;0;0;67;0;22;0;
1299;1115242;862736384;12496896;939061248;0;0;0;0;0;0;0;0;0;0;0;2084;0;0;67;0;22;0;
1300;1167129;862736384;12496896;939061248;0;0;0;0;0;0;0;0;0;0;0;2394;0;0;67;0;22;0;
1301;3502969;867016704;12324864;938889216;0;0;0;0;0;0;0;0;0;0;0;2805;0;0;68;0;22;0;
1302;1418180;867016704;12324864;938889216;0;0;0;0;0;0;0;0;0;0;0;2695;0;0;68;0;22;0;
1303;1995462;867016704;12324864;938889216;0;0;0;0;0;0;0;0;0;0;0;1994;0;0;68;0;22;0;
1304;1258661;867016704;12324864;938889216;0;0;0;0;0;0;0;0;0;0;0;1864;0;0;68;0;22;0;
1305;1391520;867016704;12324864;938889216;0;0;0;0;0;0;0;0;0;0;0;1974;0;0;68;0;22;0;
1306;1252599;867016704;12324864;938889216;0;0;0;0;0;0;0;0;0;0;0;2324;0;0;68;0;22;0;
1307;1174533;867016704;12324864;938889216;0;0;0;0;0;0;0;0;0;0;0;1703;0;0;68;0;22;0;
1308;1272566;867016704;12324864;938889216;0;0;0;0;0;0;0;0;0;0;0;2254;0;0;68;0;22;0;
1309;1645706;867016704;12324864;938889216;0;0;0;0;0;0;0;0;0;0;0;3166;0;0;68;0;22;0;
1310;1347006;867016704;12324864;938889216;0;0;0;0;0;0;0;0;0;0;0;2264;0;0;68;0;22;0;
1311;1223805;867016704;12324864;938889216;0;0;0;0;0;0;0;0;0;0;0;2244;0;0;68;0;22;0;
1312;1211582;867016704;12324864;938889216;0;0;0;0;0;0;0;0;0;0;0;2235;0;0;68;0;22;0;
1313;1084524;867016704;12324864;938889216;0;0;0;0;0;0;0;0;0;0;0;2134;0;0;68;0;22;0;
1314;1364148;867016704;12324864;938889216;0;0;0;0;0;0;0;0;0;0;0;2154;0;0;68;0;22;0;
1315;1655896;867016704;12324864;938889216;0;0;0;0;0;0;0;0;0;0;0;1803;0;0;68;0;22;0;
1316;1822337;871211008;12324864;955666432;0;0;0;0;0;0;0;0;0;0;0;1774;0;0;68;0;22;0;
1317;4452741;871211008;12324864;955666432;0;0;0;0;0;0;0;0;0;0;0;2184;0;0;68;0;22;0;
1318;2746250;871211008;12324864;955666432;0;0;0;0;0;0;0;0;0;0;0;2414;0;0;68;0;22;0;
1319;3200562;875180032;12324864;955666432;0;0;0;0;0;0;0;0;0;0;0;2986;0;0;69;0;22;0;
1320;2158859;875180032;12324864;955666432;0;0;0;0;0;0;0;0;0;0;0;2114;0;0;69;0;22;0;
1321;1453566;875180032;12324864;955666432;0;0;0;0;0;0;0;0;0;0;0;1703;0;0;69;0;22;0;
1322;1253751;875180032;12324864;955666432;0;0;0;0;0;0;0;0;0;0;0;1683;0;0;69;0;22;0;
1323;1432576;875180032;12324864;955666432;0;0;0;0;0;0;0;0;0;0;0;1803;0;0;69;0;22;0;
1324;1129969;875180032;12324864;955666432;0;0;0;0;0;0;0;0;0;0;0;2144;0;0;69;0;22;0;
1325;1209118;875180032;12324864;955666432;0;0;0;0;0;0;0;0;0;0;0;2094;0;0;69;0;22;0;
1326;1685220;875180032;12324864;955666432;0;0;0;0;0;0;0;0;0;0;0;2254;0;0;69;0;22;0;
1327;1222573;875180032;12324864;955666432;0;0;0;0;0;0;0;0;0;0;0;2044;0;0;69;0;22;0;
1328;1392141;875180032;12324864;955666432;0;0;0;0;0;0;0;0;0;0;0;1913;0;0;69;0;22;0;
1329;1094763;875180032;12324864;955666432;0;0;0;0;0;0;0;0;0;0;0;1803;0;0;69;0;22;0;
1330;3039600;879427584;12324864;955666432;0;0;0;0;0;0;0;0;0;0;0;2925;0;0;70;0;22;0;
1331;1207995;879427584;12324864;955666432;0;0;0;0;0;0;0;0;0;0;0;1953;0;0;70;0;22;0;
1332;1879535;879427584;12324864;955666432;0;0;0;0;0;0;0;0;0;0;0;1883;0;0;70;0;22;0;
1333;1418791;879427584;12324864;955666432;0;0;0;0;0;0;0;0;0;0;0;1984;0;0;70;0;22;0;
1334;1647480;879427584;12324864;955666432;0;0;0;0;0;0;0;0;0;0;0;1903;0;0;70;0;22;0;
1335;1141411;879427584;12324864;955666432;0;0;0;0;0;0;0;0;0;0;0;2304;0;0;70;0;22;0;
1336;1198588;879427584;12324864;955666432;0;0;0;0;0;0;0;0;0;0;0;1973;0;0;70;0;22;0;
1337;1313043;879427584;12324864;955666432;0;0;0;0;0;0;0;0;0;0;0;1974;0;0;70;0;22;0;
1338;1268950;879427584;12324864;955666432;0;0;0;0;0;0;0;0;0;0;0;1994;0;0;70;0;22;0;
1339;1129679;879427584;12324864;955666432;0;0;0;0;0;0;0;0;0;0;0;2054;0;0;70;0;22;0;
1340;1098731;879427584;12324864;955666432;0;0;0;0;0;0;0;0;0;0;0;2204;0;0;70;0;22;0;
1341;3081278;885719040;12324864;972443648;0;0;0;0;0;0;0;0;0;0;0;4719;0;0;71;0;22;0;
1342;2668554;885719040;12324864;972443648;0;0;0;0;0;0;0;0;0;0;0;2164;0;0;71;0;22;0;
1343;1510393;885964800;12324864;972443648;0;0;0;0;0;0;0;0;0;0;0;1803;0;0;71;0;22;0;
1344;1146420;885964800;12324864;972443648;0;0;0;0;0;0;0;0;0;0;0;1914;0;0;71;0;22;0;
1345;1186815;885964800;12324864;972443648;0;0;0;0;0;0;0;0;0;0;0;2063;0;0;71;0;22;0;
1346;1205611;885964800;12324864;972443648;0;0;0;0;0;0;0;0;0;0;0;2064;0;0;71;0;22;0;
1347;1134879;885964800;12324864;972443648;0;0;0;0;0;0;0;0;0;0;0;1823;0;0;71;0;22;0;
1348;1115091;885964800;12324864;972443648;0;0;0;0;0;0;0;0;0;0;0;2174;0;0;71;0;22;0;
1349;1223936;885964800;12324864;972443648;0;0;0;0;0;0;0;0;0;0;0;2244;0;0;71;0;22;0;
1350;1871459;885964800;12324864;972443648;0;0;0;0;0;0;0;0;0;0;0;2094;0;0;71;0;22;0;
1351;3038879;889946112;12324864;972443648;0;0;0;0;0;0;0;0;0;0;0;3596;0;0;72;0;22;0;
1352;1249133;889946112;12324864;972443648;0;0;0;0;0;0;0;0;0;0;0;2004;0;0;72;0;22;0;
1353;1217313;889946112;12324864;972443648;0;0;0;0;0;0;0;0;0;0;0;2024;0;0;72;0;22;0;
1354;1523948;889946112;12324864;972443648;0;0;0;0;0;0;0;0;0;0;0;1913;0;0;72;0;22;0;
1355;1165055;889946112;12324864;972443648;0;0;0;0;0;0;0;0;0;0;0;2455;0;0;72;0;22;0;
1356;1173351;889946112;12324864;972443648;0;0;0;0;0;0;0;0;0;0;0;2084;0;0;72;0;22;0;
1357;1315346;889946112;12324864;972443648;0;0;0;0;0;0;0;0;0;0;0;1733;0;0;72;0;22;0;
1358;1812890;889946112;12324864;972443648;0;0;0;0;0;0;0;0;0;0;0;2265;0;0;72;0;22;0;
1359;1212564;889946112;12324864;972443648;0;0;0;0;0;0;0;0;0;0;0;2043;0;0;72;0;22;0;
1360;1199089;889946112;12324864;972443648;0;0;0;0;0;0;0;0;0;0;0;1954;0;0;72;0;22;0;
1361;1259853;889946112;12324864;972443648;0;0;0;0;0;0;0;0;0;0;0;2124;0;0;72;0;22;0;
1362;3415806;894271488;12324864;972443648;0;0;0;0;0;0;0;0;0;0;0;3086;0;0;73;0;22;0;
1363;1877251;894271488;12324864;972443648;0;0;0;0;0;0;0;0;0;0;0;2314;0;0;73;0;22;0;
1364;1247189;894271488;12324864;972443648;0;0;0;0;0;0;0;0;0;0;0;2454;0;0;73;0;22;0;
1365;1333922;894271488;12324864;972443648;0;0;0;0;0;0;0;0;0;0;0;1923;0;0;73;0;22;0;
1366;1784577;894271488;12324864;972443648;0;0;0;0;0;0;0;0;0;0;0;2014;0;0;73;0;22;0;
1367;1240026;894271488;12324864;972443648;0;0;0;0;0;0;0;0;0;0;0;1904;0;0;73;0;22;0;
1368;1196915;894271488;12324864;972443648;0;0;0;0;0;0;0;0;0;0;0;2114;0;0;73;0;22;0;
1369;1311399;894271488;12324864;972443648;0;0;0;0;0;0;0;0;0;0;0;1893;0;0;73;0;22;0;
1370;1497469;894271488;12324864;972443648;0;0;0;0;0;0;0;0;0;0;0;1984;0;0;73;0;22;0;
1371;1209378;894271488;12324864;972443648;0;0;0;0;0;0;0;0;0;0;0;2054;0;0;73;0;22;0;
1372;2781587;900562944;12324864;989220864;0;0;0;0;0;0;0;0;0;0;0;3176;0;0;74;0;22;0;
1373;1253040;900562944;12324864;989220864;0;0;0;0;0;0;0;0;0;0;0;2475;0;0;74;0;22;0;
1374;2352452;900415488;12120064;989016064;0;0;0;0;0;0;0;0;0;0;0;2084;0;0;74;0;22;0;
1375;1534838;900415488;12120064;989016064;0;0;0;0;0;0;0;0;0;0;0;2024;0;0;74;0;22;0;
1376;1192707;900415488;12120064;989016064;0;0;0;0;0;0;0;0;0;0;0;1994;0;0;74;0;22;0;
1377;1225098;900415488;12120064;989016064;0;0;0;0;0;0;0;0;0;0;0;2023;0;0;74;0;22;0;
1378;1249904;900415488;12120064;989016064;0;0;0;0;0;0;0;0;0;0;0;1923;0;0;74;0;22;0;
1379;1173641;900415488;12120064;989016064;0;0;0;0;0;0;0;0;0;0;0;2224;0;0;74;0;22;0;
1380;1222943;900415488;12120064;989016064;0;0;0;0;0;0;0;0;0;0;0;1924;0;0;74;0;22;0;
1381;1119901;900415488;12120064;989016064;0;0;0;0;0;0;0;0;0;0;0;1864;0;0;74;0;22;0;
1382;1677275;900415488;12120064;989016064;0;0;0;0;0;0;0;0;0;0;0;2104;0;0;74;0;22;0;
1383;1274380;900415488;12120064;989016064;0;0;0;0;0;0;0;0;0;0;0;2054;0;0;74;0;22;0;
1384;1218415;900415488;12120064;989016064;0;0;0;0;0;0;0;0;0;0;0;1944;0;0;74;0;22;0;
1385;1210931;900415488;12120064;989016064;0;0;0;0;0;0;0;0;0;0;0;1884;0;0;74;0;22;0;
1386;1235848;900415488;12120064;989016064;0;0;0;0;0;0;0;0;0;0;0;2404;0;0;74;0;22;0;
1387;1646167;900415488;12120064;989016064;0;0;0;0;0;0;0;0;0;0;0;2104;0;0;74;0;22;0;
1388;1355843;900415488;12120064;989016064;0;0;0;0;0;0;0;0;0;0;0;2204;0;0;74;0;22;0;
1389;1356904;900415488;12120064;989016064;0;0;0;0;0;0;0;0;0;0;0;2364;0;0;74;0;22;0;
1390;4455385;900415488;12120064;989016064;0;0;0;0;0;0;0;0;0;0;0;2144;0;0;74;0;22;0;
1391;2838784;900415488;12120064;989016064;0;0;0;0;0;0;0;0;0;0;0;2394;0;0;74;0;22;0;
1392;2916289;904658944;12120064;989016064;0;0;0;0;0;0;0;0;0;0;0;3176;0;0;75;0;22;0;
1393;1191294;904658944;12120064;989016064;0;0;0;0;0;0;0;0;0;0;0;2705;0;0;75;0;22;0;
1394;1214788;904658944;12120064;989016064;0;0;0;0;0;0;0;0;0;0;0;2114;0;0;75;0;22;0;
1395;1178650;904658944;12120064;989016064;0;0;0;0;0;0;0;0;0;0;0;1983;0;0;75;0;22;0;
1396;1097538;904658944;12120064;989016064;0;0;0;0;0;0;0;0;0;0;0;1944;0;0;75;0;22;0;
1397;1255865;904658944;12120064;989016064;0;0;0;0;0;0;0;0;0;0;0;2405;0;0;75;0;22;0;
1398;2477226;904658944;12120064;989016064;0;0;0;0;0;0;0;0;0;0;0;1984;0;0;75;0;22;0;
1399;1522906;904658944;12120064;989016064;0;0;0;0;0;0;0;0;0;0;0;2154;0;0;75;0;22;0;
1400;1442525;904658944;12120064;989016064;0;0;0;0;0;0;0;0;0;0;0;2044;0;0;75;0;22;0;
1401;1424902;904658944;12120064;989016064;0;0;0;0;0;0;0;0;0;0;0;1773;0;0;75;0;22;0;
1402;2862138;910950400;12120064;1005793280;0;0;0;0;0;0;0;0;0;0;0;3136;0;0;76;0;22;0;
1403;1292904;910950400;12120064;1005793280;0;0;0;0;0;0;0;0;0;0;0;2474;0;0;76;0;22;0;
1404;1133075;910950400;12120064;1005793280;0;0;0;0;0;0;0;0;0;0;0;2214;0;0;76;0;22;0;
1405;2463089;910950400;12120064;1005793280;0;0;0;0;0;0;0;0;0;0;0;2124;0;0;76;0;22;0;
1406;1522105;910950400;12120064;1005793280;0;0;0;0;0;0;0;0;0;0;0;2154;0;0;76;0;22;0;
1407;1269962;910950400;12120064;1005793280;0;0;0;0;0;0;0;0;0;0;0;2004;0;0;76;0;22;0;
1408;1252299;910950400;12120064;1005793280;0;0;0;0;0;0;0;0;0;0;0;2164;0;0;76;0;22;0;
1409;1258060;910950400;12120064;1005793280;0;0;0;0;0;0;0;0;0;0;0;2194;0;0;76;0;22;0;
1410;1324664;910950400;12120064;1005793280;0;0;0;0;0;0;0;0;0;0;0;2134;0;0;76;0;22;0;
1411;1457173;910950400;12120064;1005793280;0;0;0;0;0;0;0;0;0;0;0;2224;0;0;76;0;22;0;
1412;1774218;910950400;12120064;1005793280;0;0;0;0;0;0;0;0;0;0;0;2234;0;0;76;0;22;0;
1413;1328441;910950400;12120064;1005793280;0;0;0;0;0;0;0;0;0;0;0;2385;0;0;76;0;22;0;
1414;1163152;910950400;12120064;1005793280;0;0;0;0;0;0;0;0;0;0;0;1953;0;0;76;0;22;0;
1415;1242931;910950400;12120064;1005793280;0;0;0;0;0;0;0;0;0;0;0;2254;0;0;76;0;22;0;
1416;2084089;910950400;12120064;1005793280;0;0;0;0;0;0;0;0;0;0;0;2074;0;0;76;0;22;0;
1417;1579993;910950400;12120064;1005793280;0;0;0;0;0;0;0;0;0;0;0;2194;0;0;76;0;22;0;
1418;1312131;910950400;12120064;1005793280;0;0;0;0;0;0;0;0;0;0;0;2194;0;0;76;0;22;0;
1419;1874606;910950400;12120064;1005793280;0;0;0;0;0;0;0;0;0;0;0;2134;0;0;76;0;22;0;
1420;1219036;910950400;12120064;1005793280;0;0;0;0;0;0;0;0;0;0;0;2124;0;0;76;0;22;0;
1421;1226670;910950400;12120064;1005793280;0;0;0;0;0;0;0;0;0;0;0;2144;0;0;76;0;22;0;
1422;1169323;910950400;12120064;1005793280;0;0;0;0;0;0;0;0;0;0;0;1784;0;0;76;0;22;0;
1423;1349411;910950400;12120064;1005793280;0;0;0;0;0;0;0;0;0;0;0;2265;0;0;76;0;22;0;
1424;3032196;917471232;12120064;1022570496;0;0;0;0;0;0;0;0;0;0;0;2855;0;0;77;0;22;0;
1425;1528346;917471232;12120064;1022570496;0;0;0;0;0;0;0;0;0;0;0;2094;0;0;77;0;22;0;
1426;1877641;917471232;12120064;1022570496;0;0;0;0;0;0;0;0;0;0;0;1894;0;0;77;0;22;0;
1427;1253110;917471232;12120064;1022570496;0;0;0;0;0;0;0;0;0;0;0;1663;0;0;77;0;22;0;
1428;1177668;917471232;12120064;1022570496;0;0;0;0;0;0;0;0;0;0;0;2084;0;0;77;0;22;0;
1429;1215108;917471232;12120064;1022570496;0;0;0;0;0;0;0;0;0;0;0;2024;0;0;77;0;22;0;
1430;1195402;917471232;12120064;1022570496;0;0;0;0;0;0;0;0;0;0;0;2154;0;0;77;0;22;0;
1431;1432957;917471232;12120064;1022570496;0;0;0;0;0;0;0;0;0;0;0;2014;0;0;77;0;22;0;
1432;1196053;917471232;12120064;1022570496;0;0;0;0;0;0;0;0;0;0;0;2094;0;0;77;0;22;0;
1433;1597896;917471232;12120064;1022570496;0;0;0;0;0;0;0;0;0;0;0;2184;0;0;77;0;22;0;
1434;1199400;917471232;12120064;1022570496;0;0;0;0;0;0;0;0;0;0;0;2144;0;0;77;0;22;0;
1435;4154020;921518080;12120064;1022570496;0;0;0;0;0;0;0;0;0;0;0;2715;0;0;78;0;22;0;
1436;1600341;921518080;12120064;1022570496;0;0;0;0;0;0;0;0;0;0;0;2284;0;0;78;0;22;0;
1437;1167881;921518080;12120064;1022570496;0;0;0;0;0;0;0;0;0;0;0;2164;0;0;78;0;22;0;
1438;1188579;921518080;12120064;1022570496;0;0;0;0;0;0;0;0;0;0;0;2124;0;0;78;0;22;0;
1439;1299227;921518080;12120064;1022570496;0;0;0;0;0;0;0;0;0;0;0;2164;0;0;78;0;22;0;
1440;1778806;921518080;12120064;1022570496;0;0;0;0;0;0;0;0;0;0;0;2494;0;0;78;0;22;0;
1441;1276474;921518080;12120064;1022570496;0;0;0;0;0;0;0;0;0;0;0;2064;0;0;78;0;22;0;
1442;1232001;921518080;12120064;1022570496;0;0;0;0;0;0;0;0;0;0;0;2254;0;0;78;0;22;0;
1443;1343740;921518080;12120064;1022570496;0;0;0;0;0;0;0;0;0;0;0;2154;0;0;78;0;22;0;
1444;1265644;921518080;12120064;1022570496;0;0;0;0;0;0;0;0;0;0;0;1684;0;0;78;0;22;0;
1445;3370772;925761536;12120064;1022570496;0;0;0;0;0;0;0;0;0;0;0;2594;0;0;79;0;22;0;
1446;1256326;925761536;12120064;1022570496;0;0;0;0;0;0;0;0;0;0;0;2254;0;0;79;0;22;0;
1447;1884053;925761536;12120064;1022570496;0;0;0;0;0;0;0;0;0;0;0;2245;0;0;79;0;22;0;
1448;2369383;925761536;12120064;1022570496;0;0;0;0;0;0;0;0;0;0;0;2084;0;0;79;0;22;0;
1449;1683047;925761536;12120064;1022570496;0;0;0;0;0;0;0;0;0;0;0;2174;0;0;79;0;22;0;
1450;1325205;925761536;12120064;1022570496;0;0;0;0;0;0;0;0;0;0;0;1804;0;0;79;0;22;0;
1451;1298795;925761536;12120064;1022570496;0;0;0;0;0;0;0;0;0;0;0;2134;0;0;79;0;22;0;
1452;1291412;925761536;12120064;1022570496;0;0;0;0;0;0;0;0;0;0;0;2013;0;0;79;0;22;0;
1453;1293737;925761536;12120064;1022570496;0;0;0;0;0;0;0;0;0;0;0;2204;0;0;79;0;22;0;
1454;4577835;925761536;12124160;1022574592;0;0;0;0;0;0;0;0;0;0;0;2104;0;0;79;0;22;0;
1455;2699322;925642752;12505088;1022955520;0;0;0;0;0;0;0;0;0;0;0;2355;0;0;79;0;22;0;
1456;2093977;925642752;12505088;1022955520;0;0;0;0;0;0;0;0;0;0;0;2094;0;0;79;0;22;0;
1457;1396950;925642752;12505088;1022955520;0;0;0;0;0;0;0;0;0;0;0;2194;0;0;79;0;22;0;
1458;1290510;925908992;12505088;1022955520;0;0;0;0;0;0;0;0;0;0;0;1793;0;0;79;0;22;0;
1459;1457493;925908992;12505088;1022955520;0;0;0;0;0;0;0;0;0;0;0;1784;0;0;79;0;22;0;
1460;1299126;925908992;12505088;1022955520;0;0;0;0;0;0;0;0;0;0;0;1874;0;0;79;0;22;0;
1461;1288766;925908992;12505088;1022955520;0;0;0;0;0;0;0;0;0;0;0;1924;0;0;79;0;22;0;
1462;3337990;932200448;12505088;1039732736;0;0;0;0;0;0;0;0;0;0;0;3787;0;0;80;0;22;0;
1463;1605952;932200448;12505088;1039732736;0;0;0;0;0;0;0;0;0;0;0;2284;0;0;80;0;22;0;
1464;1367946;932200448;12505088;1039732736;0;0;0;0;0;0;0;0;0;0;0;2004;0;0;80;0;22;0;
1465;2040727;932200448;12505088;1039732736;0;0;0;0;0;0;0;0;0;0;0;1923;0;0;80;0;22;0;
1466;1555928;932200448;12505088;1039732736;0;0;0;0;0;0;0;0;0;0;0;2004;0;0;80;0;22;0;
1467;1262377;932200448;12505088;1039732736;0;0;0;0;0;0;0;0;0;0;0;2134;0;0;80;0;22;0;
1468;1293286;932200448;12505088;1039732736;0;0;0;0;0;0;0;0;0;0;0;2044;0;0;80;0;22;0;
1469;2057569;932200448;12505088;1039732736;0;0;0;0;0;0;0;0;0;0;0;2224;0;0;80;0;22;0;
1470;1155928;932200448;12505088;1039732736;0;0;0;0;0;0;0;0;0;0;0;2074;0;0;80;0;22;0;
1471;1361103;932200448;12505088;1039732736;0;0;0;0;0;0;0;0;0;0;0;2063;0;0;80;0;22;0;
1472;3105093;936427520;12505088;1039732736;0;0;0;0;0;0;0;0;0;0;0;2365;0;0;81;0;22;0;
1473;1312341;936427520;12505088;1039732736;0;0;0;0;0;0;0;0;0;0;0;2174;0;0;81;0;22;0;
1474;1170926;936427520;12505088;1039732736;0;0;0;0;0;0;0;0;0;0;0;2054;0;0;81;0;22;0;
1475;1365511;936427520;12505088;1039732736;0;0;0;0;0;0;0;0;0;0;0;2234;0;0;81;0;22;0;
1476;1781170;936427520;12505088;1039732736;0;0;0;0;0;0;0;0;0;0;0;2084;0;0;81;0;22;0;
1477;1446202;936427520;12505088;1039732736;0;0;0;0;0;0;0;0;0;0;0;2144;0;0;81;0;22;0;
1478;1232021;936427520;12505088;1039732736;0;0;0;0;0;0;0;0;0;0;0;1964;0;0;81;0;22;0;
1479;1144787;936427520;12505088;1039732736;0;0;0;0;0;0;0;0;0;0;0;1963;0;0;81;0;22;0;
1480;1274190;936427520;12505088;1039732736;0;0;0;0;0;0;0;0;0;0;0;1863;0;0;81;0;22;0;
1481;1225438;936427520;12505088;1039732736;0;0;0;0;0;0;0;0;0;0;0;1823;0;0;81;0;22;0;
1482;1353589;936427520;12505088;1039732736;0;0;0;0;0;0;0;0;0;0;0;1914;0;0;81;0;22;0;
1483;3361083;942718976;12505088;1056509952;0;0;0;0;0;0;0;0;0;0;0;3757;0;0;82;0;22;0;
1484;1272256;942718976;12505088;1056509952;0;0;0;0;0;0;0;0;0;0;0;2265;0;0;82;0;22;0;
1485;2262463;942718976;12505088;1056509952;0;0;0;0;0;0;0;0;0;0;0;2365;0;0;82;0;22;0;
1486;1266034;942718976;12505088;1056509952;0;0;0;0;0;0;0;0;0;0;0;2305;0;0;82;0;22;0;
1487;1195923;942718976;12505088;1056509952;0;0;0;0;0;0;0;0;0;0;0;2275;0;0;82;0;22;0;
1488;1321959;942718976;12505088;1056509952;0;0;0;0;0;0;0;0;0;0;0;2093;0;0;82;0;22;0;
1489;1440962;942718976;12505088;1056509952;0;0;0;0;0;0;0;0;0;0;0;2024;0;0;82;0;22;0;
1490;1713754;942718976;12505088;1056509952;0;0;0;0;0;0;0;0;0;0;0;14577;0;0;82;0;22;0;
1491;1188078;942718976;12505088;1056509952;0;0;0;0;0;0;0;0;0;0;0;1904;0;0;82;0;22;0;
1492;1247690;942718976;12505088;1056509952;0;0;0;0;0;0;0;0;0;0;0;1833;0;0;82;0;22;0;
1493;3660474;947023872;12505088;1056509952;0;0;0;0;0;0;0;0;0;0;0;3076;0;0;83;0;22;0;
1494;1308684;947023872;12505088;1056509952;0;0;0;0;0;0;0;0;0;0;0;1853;0;0;83;0;22;0;
1495;1297263;947023872;12505088;1056509952;0;0;0;0;0;0;0;0;0;0;0;1793;0;0;83;0;22;0;
1496;1357446;947023872;12505088;1056509952;0;0;0;0;0;0;0;0;0;0;0;2094;0;0;83;0;22;0;
1497;1839560;947023872;12505088;1056509952;0;0;0;0;0;0;0;0;0;0;0;1884;0;0;83;0;22;0;
1498;1253611;947023872;12505088;1056509952;0;0;0;0;0;0;0;0;0;0;0;2034;0;0;83;0;22;0;
1499;1364519;947023872;12505088;1056509952;0;0;0;0;0;0;0;0;0;0;0;1813;0;0;83;0;22;0;
1500;1290150;947023872;12505088;1056509952;0;0;0;0;0;0;0;0;0;0;0;2023;0;0;83;0;22;0;
1501;1314075;947023872;12505088;1056509952;0;0;0;0;0;0;0;0;0;0;0;1904;0;0;83;0;22;0;
1502;1224156;947023872;12505088;1056509952;0;0;0;0;0;0;0;0;0;0;0;1833;0;0;83;0;22;0;
1503;1143594;947023872;12505088;1056509952;0;0;0;0;0;0;0;0;0;0;0;1914;0;0;83;0;22;0;
1504;1744612;947257344;12492800;1056497664;0;0;0;0;0;0;0;0;0;0;0;1953;0;0;83;0;22;0;
1505;1208196;947257344;12492800;1056497664;0;0;0;0;0;0;0;0;0;0;0;2083;0;0;83;0;22;0;
1506;1263399;947257344;12492800;1056497664;0;0;0;0;0;0;0;0;0;0;0;2174;0;0;83;0;22;0;
1507;1351775;947257344;12492800;1056497664;0;0;0;0;0;0;0;0;0;0;0;1923;0;0;83;0;22;0;
1508;2222258;947257344;12492800;1056497664;0;0;0;0;0;0;0;0;0;0;0;2134;0;0;83;0;22;0;
1509;1651337;947257344;12492800;1056497664;0;0;0;0;0;0;0;0;0;0;0;2024;0;0;83;0;22;0;
1510;1210971;947257344;12492800;1056497664;0;0;0;0;0;0;0;0;0;0;0;2204;0;0;83;0;22;0;
1511;4503486;947257344;12492800;1056497664;0;0;0;0;0;0;0;0;0;0;0;2084;0;0;83;0;22;0;
1512;4573106;951500800;12505088;1056509952;0;0;0;0;0;0;0;0;0;0;0;2906;0;0;84;0;22;0;
1513;1268830;951500800;12505088;1056509952;0;0;0;0;0;0;0;0;0;0;0;2444;0;0;84;0;22;0;
1514;1336997;951500800;12505088;1056509952;0;0;0;0;0;0;0;0;0;0;0;2114;0;0;84;0;22;0;
1515;1278017;951500800;12505088;1056509952;0;0;0;0;0;0;0;0;0;0;0;2004;0;0;84;0;22;0;
1516;1318302;951500800;12505088;1056509952;0;0;0;0;0;0;0;0;0;0;0;2004;0;0;84;0;22;0;
1517;2098095;951500800;12505088;1056509952;0;0;0;0;0;0;0;0;0;0;0;1984;0;0;84;0;22;0;
1518;1855980;955695104;12505088;1073287168;0;0;0;0;0;0;0;0;0;0;0;2705;0;0;84;0;22;0;
1519;1880166;955695104;12505088;1073287168;0;0;0;0;0;0;0;0;0;0;0;2054;0;0;84;0;22;0;
1520;1229386;955695104;12505088;1073287168;0;0;0;0;0;0;0;0;0;0;0;1984;0;0;84;0;22;0;
1521;1196835;955695104;12505088;1073287168;0;0;0;0;0;0;0;0;0;0;0;2164;0;0;84;0;22;0;
1522;1322831;955695104;12505088;1073287168;0;0;0;0;0;0;0;0;0;0;0;2094;0;0;84;0;22;0;
1523;2072297;955695104;12505088;1073287168;0;0;0;0;0;0;0;0;0;0;0;2124;0;0;84;0;22;0;
1524;1463665;955695104;12505088;1073287168;0;0;0;0;0;0;0;0;0;0;0;2124;0;0;84;0;22;0;
1525;1546230;955695104;12505088;1073287168;0;0;0;0;0;0;0;0;0;0;0;2094;0;0;84;0;22;0;
1526;1607074;955695104;12505088;1073287168;0;0;0;0;0;0;0;0;0;0;0;1683;0;0;84;0;22;0;
1527;1252429;955695104;12505088;1073287168;0;0;0;0;0;0;0;0;0;0;0;1723;0;0;84;0;22;0;
1528;1109851;955695104;12505088;1073287168;0;0;0;0;0;0;0;0;0;0;0;2034;0;0;84;0;22;0;
1529;1128507;955695104;12505088;1073287168;0;0;0;0;0;0;0;0;0;0;0;1854;0;0;84;0;22;0;
1530;1256126;955695104;12505088;1073287168;0;0;0;0;0;0;0;0;0;0;0;2034;0;0;84;0;22;0;
1531;1162440;955695104;12505088;1073287168;0;0;0;0;0;0;0;0;0;0;0;2003;0;0;84;0;22;0;
1532;1171447;955695104;12505088;1073287168;0;0;0;0;0;0;0;0;0;0;0;1904;0;0;84;0;22;0;
1533;3573912;959926272;12505088;1073287168;0;0;0;0;0;0;0;0;0;0;0;2725;0;0;85;0;22;0;
1534;1381611;959926272;12505088;1073287168;0;0;0;0;0;0;0;0;0;0;0;1893;0;0;85;0;22;0;
1535;1340464;959926272;12505088;1073287168;0;0;0;0;0;0;0;0;0;0;0;2134;0;0;85;0;22;0;
1536;1424401;959926272;12505088;1073287168;0;0;0;0;0;0;0;0;0;0;0;3166;0;0;85;0;22;0;
1537;1129528;959926272;12505088;1073287168;0;0;0;0;0;0;0;0;0;0;0;2144;0;0;85;0;22;0;
1538;1148293;959926272;12505088;1073287168;0;0;0;0;0;0;0;0;0;0;0;2214;0;0;85;0;22;0;
1539;1332339;959926272;12505088;1073287168;0;0;0;0;0;0;0;0;0;0;0;2074;0;0;85;0;22;0;
1540;1833468;959926272;12505088;1073287168;0;0;0;0;0;0;0;0;0;0;0;2364;0;0;85;0;22;0;
1541;1296271;959926272;12505088;1073287168;0;0;0;0;0;0;0;0;0;0;0;1863;0;0;85;0;22;0;
1542;1185192;959926272;12505088;1073287168;0;0;0;0;0;0;0;0;0;0;0;1874;0;0;85;0;22;0;
1543;1262027;959926272;12505088;1073287168;0;0;0;0;0;0;0;0;0;0;0;2004;0;0;85;0;22;0;
1544;2802145;966217728;12505088;1090064384;0;0;0;0;0;0;0;0;0;0;0;3657;0;0;86;0;22;0;
1545;1269550;966217728;12505088;1090064384;0;0;0;0;0;0;0;0;0;0;0;2575;0;0;86;0;22;0;
1546;1275982;966217728;12505088;1090064384;0;0;0;0;0;0;0;0;0;0;0;1863;0;0;86;0;22;0;
1547;2146726;966217728;12505088;1090064384;0;0;0;0;0;0;0;0;0;0;0;2094;0;0;86;0;22;0;
1548;1269411;966217728;12505088;1090064384;0;0;0;0;0;0;0;0;0;0;0;1843;0;0;86;0;22;0;
1549;1795687;966217728;12505088;1090064384;0;0;0;0;0;0;0;0;0;0;0;1984;0;0;86;0;22;0;
1550;1599890;966217728;12505088;1090064384;0;0;0;0;0;0;0;0;0;0;0;1974;0;0;86;0;22;0;
1551;1280852;966217728;12505088;1090064384;0;0;0;0;0;0;0;0;0;0;0;1974;0;0;86;0;22;0;
1552;1231780;966217728;12505088;1090064384;0;0;0;0;0;0;0;0;0;0;0;1823;0;0;86;0;22;0;
1553;1282815;966217728;12505088;1090064384;0;0;0;0;0;0;0;0;0;0;0;1913;0;0;86;0;22;0;
1554;4163247;970440704;12505088;1090064384;0;0;0;0;0;0;0;0;0;0;0;3227;0;0;87;0;22;0;
1555;1442144;970440704;12505088;1090064384;0;0;0;0;0;0;0;0;0;0;0;2114;0;0;87;0;22;0;
1556;1290550;970440704;12505088;1090064384;0;0;0;0;0;0;0;0;0;0;0;2194;0;0;87;0;22;0;
1557;1216761;970440704;12505088;1090064384;0;0;0;0;0;0;0;0;0;0;0;1993;0;0;87;0;22;0;
1558;1165496;970440704;12505088;1090064384;0;0;0;0;0;0;0;0;0;0;0;2315;0;0;87;0;22;0;
1559;2109797;970440704;12505088;1090064384;0;0;0;0;0;0;0;0;0;0;0;2043;0;0;87;0;22;0;
1560;1994220;974635008;12505088;1106841600;0;0;0;0;0;0;0;0;0;0;0;2294;0;0;87;0;22;0;
1561;1817639;974815232;12492800;1106829312;0;0;0;0;0;0;0;0;0;0;0;1803;0;0;87;0;22;0;
1562;1248332;974815232;12492800;1106829312;0;0;0;0;0;0;0;0;0;0;0;1964;0;0;87;0;22;0;
1563;1312411;974815232;12492800;1106829312;0;0;0;0;0;0;0;0;0;0;0;2014;0;0;87;0;22;0;
1564;2993935;978796544;12492800;1106829312;0;0;0;0;0;0;0;0;0;0;0;2525;0;0;88;0;22;0;
1565;1334041;978796544;12492800;1106829312;0;0;0;0;0;0;0;0;0;0;0;2124;0;0;88;0;22;0;
1566;1311440;978796544;12492800;1106829312;0;0;0;0;0;0;0;0;0;0;0;2103;0;0;88;0;22;0;
1567;1422979;978796544;12492800;1106829312;0;0;0;0;0;0;0;0;0;0;0;1924;0;0;88;0;22;0;
1568;4453132;978796544;12496896;1106833408;0;0;0;0;0;0;0;0;0;0;0;2384;0;0;88;0;22;0;
1569;2526418;978796544;12509184;1106845696;0;0;0;0;0;0;0;0;0;0;0;2104;0;0;88;0;22;0;
1570;1244424;978796544;12509184;1106845696;0;0;0;0;0;0;0;0;0;0;0;2294;0;0;88;0;22;0;
1571;1231900;978796544;12509184;1106845696;0;0;0;0;0;0;0;0;0;0;0;2555;0;0;88;0;22;0;
1572;3354181;983040000;12509184;1106845696;0;0;0;0;0;0;0;0;0;0;0;3416;0;0;89;0;22;0;
1573;1414031;983040000;12509184;1106845696;0;0;0;0;0;0;0;0;0;0;0;2374;0;0;89;0;22;0;
1574;1940799;983040000;12509184;1106845696;0;0;0;0;0;0;0;0;0;0;0;2275;0;0;89;0;22;0;
1575;1247780;983040000;12509184;1106845696;0;0;0;0;0;0;0;0;0;0;0;2154;0;0;89;0;22;0;
1576;7847046;983040000;12509184;1106845696;0;0;0;0;0;0;0;0;0;0;0;1743;0;0;89;0;22;0;
1577;2645892;989331456;12509184;1123622912;0;0;0;0;0;0;0;0;0;0;0;3797;0;0;90;0;22;0;
1578;1426024;989331456;12509184;1123622912;0;0;0;0;0;0;0;0;0;0;0;2134;0;0;90;0;22;0;
1579;1164554;989331456;12509184;1123622912;0;0;0;0;0;0;0;0;0;0;0;2234;0;0;90;0;22;0;
1580;1572770;989331456;12509184;1123622912;0;0;0;0;0;0;0;0;0;0;0;2194;0;0;90;0;22;0;
1581;1193599;989331456;12509184;1123622912;0;0;0;0;0;0;0;0;0;0;0;2355;0;0;90;0;22;0;
1582;1201333;989331456;12509184;1123622912;0;0;0;0;0;0;0;0;0;0;0;2435;0;0;90;0;22;0;
1583;1710287;989331456;12509184;1123622912;0;0;0;0;0;0;0;0;0;0;0;2114;0;0;90;0;22;0;
1584;1249563;989331456;12509184;1123622912;0;0;0;0;0;0;0;0;0;0;0;2034;0;0;90;0;22;0;
1585;2093165;989331456;12509184;1123622912;0;0;0;0;0;0;0;0;0;0;0;2014;0;0;90;0;22;0;
1586;1412789;989577216;12509184;1123622912;0;0;0;0;0;0;0;0;0;0;0;2395;0;0;90;0;22;0;
1587;1325706;989577216;12509184;1123622912;0;0;0;0;0;0;0;0;0;0;0;2214;0;0;90;0;22;0;
1588;1257819;989577216;12509184;1123622912;0;0;0;0;0;0;0;0;0;0;0;2014;0;0;90;0;22;0;
1589;1232170;989577216;12509184;1123622912;0;0;0;0;0;0;0;0;0;0;0;1733;0;0;90;0;22;0;
1590;1808793;989368320;12255232;1123368960;0;0;0;0;0;0;0;0;0;0;0;1783;0;0;90;0;22;0;
1591;1861020;989368320;12255232;1123368960;0;0;0;0;0;0;0;0;0;0;0;2184;0;0;90;0;22;0;
1592;2325220;989368320;12255232;1123368960;0;0;0;0;0;0;0;0;0;0;0;2264;0;0;90;0;22;0;
1593;1154776;989368320;12255232;1123368960;0;0;0;0;0;0;0;0;0;0;0;2234;0;0;90;0;22;0;
1594;1126673;989368320;12255232;1123368960;0;0;0;0;0;0;0;0;0;0;0;2675;0;0;90;0;22;0;
1595;1206242;989368320;12255232;1123368960;0;0;0;0;0;0;0;0;0;0;0;2114;0;0;90;0;22;0;
1596;1375089;989368320;12255232;1123368960;0;0;0;0;0;0;0;0;0;0;0;2144;0;0;90;0;22;0;
1597;1717270;989368320;12255232;1123368960;0;0;0;0;0;0;0;0;0;0;0;2195;0;0;90;0;22;0;
1598;1263469;989368320;12255232;1123368960;0;0;0;0;0;0;0;0;0;0;0;2084;0;0;90;0;22;0;
1599;3042927;995659776;12255232;1140146176;0;0;0;0;0;0;0;0;0;0;0;3357;0;0;91;0;22;0;
1600;1458846;995659776;12255232;1140146176;0;0;0;0;0;0;0;0;0;0;0;2074;0;0;91;0;22;0;
1601;1262959;995659776;12255232;1140146176;0;0;0;0;0;0;0;0;0;0;0;1724;0;0;91;0;22;0;
1602;2301226;995659776;12255232;1140146176;0;0;0;0;0;0;0;0;0;0;0;2054;0;0;91;0;22;0;
1603;1462844;995659776;12255232;1140146176;0;0;0;0;0;0;0;0;0;0;0;2064;0;0;91;0;22;0;
1604;1946962;995659776;12255232;1140146176;0;0;0;0;0;0;0;0;0;0;0;2003;0;0;91;0;22;0;
1605;1230277;995659776;12255232;1140146176;0;0;0;0;0;0;0;0;0;0;0;2354;0;0;91;0;22;0;
1606;1380148;995659776;12255232;1140146176;0;0;0;0;0;0;0;0;0;0;0;2154;0;0;91;0;22;0;
1607;1245085;995659776;12255232;1140146176;0;0;0;0;0;0;0;0;0;0;0;2244;0;0;91;0;22;0;
1608;1273439;995659776;12255232;1140146176;0;0;0;0;0;0;0;0;0;0;0;2164;0;0;91;0;22;0;
1609;2990649;999882752;12255232;1140146176;0;0;0;0;0;0;0;0;0;0;0;2354;0;0;92;0;22;0;
1610;1193308;999882752;12255232;1140146176;0;0;0;0;0;0;0;0;0;0;0;2425;0;0;92;0;22;0;
1611;1780489;999882752;12255232;1140146176;0;0;0;0;0;0;0;0;0;0;0;2054;0;0;92;0;22;0;
1612;1381371;999882752;12255232;1140146176;0;0;0;0;0;0;0;0;0;0;0;1763;0;0;92;0;22;0;
1613;1322600;999882752;12255232;1140146176;0;0;0;0;0;0;0;0;0;0;0;2194;0;0;92;0;22;0;
1614;1368356;999882752;12255232;1140146176;0;0;0;0;0;0;0;0;0;0;0;1683;0;0;92;0;22;0;
1615;1371692;999882752;12255232;1140146176;0;0;0;0;0;0;0;0;0;0;0;2625;0;0;92;0;22;0;
1616;1296622;999882752;12255232;1140146176;0;0;0;0;0;0;0;0;0;0;0;2214;0;0;92;0;22;0;
1617;1530441;999882752;12255232;1140146176;0;0;0;0;0;0;0;0;0;0;0;2374;0;0;92;0;22;0;
1618;2006013;999940096;12238848;1140129792;0;0;0;0;0;0;0;0;0;0;0;2084;0;0;92;0;22;0;
1619;3065189;1003913216;12238848;1140129792;0;0;0;0;0;0;0;0;0;0;0;2715;0;0;93;0;22;0;
1620;1904282;1003913216;12238848;1140129792;0;0;0;0;0;0;0;0;0;0;0;1893;0;0;93;0;22;0;
1621;1589230;1003913216;12238848;1140129792;0;0;0;0;0;0;0;0;0;0;0;2335;0;0;93;0;22;0;
1622;1287214;1003913216;12238848;1140129792;0;0;0;0;0;0;0;0;0;0;0;2404;0;0;93;0;22;0;
1623;1227091;1003913216;12238848;1140129792;0;0;0;0;0;0;0;0;0;0;0;3316;0;0;93;0;22;0;
1624;1249573;1003913216;12238848;1140129792;0;0;0;0;0;0;0;0;0;0;0;2575;0;0;93;0;22;0;
1625;4233950;1003913216;12238848;1140129792;0;0;0;0;0;0;0;0;0;0;0;2184;0;0;93;0;22;0;
1626;2747392;1003913216;12247040;1140137984;0;0;0;0;0;0;0;0;0;0;0;2906;0;0;93;0;22;0;
1627;3916315;1008238592;12247040;1140137984;0;0;0;0;0;0;0;0;0;0;0;4258;0;0;94;0;22;0;
1628;1579733;1008238592;12247040;1140137984;0;0;0;0;0;0;0;0;0;0;0;2184;0;0;94;0;22;0;
1629;1281834;1008238592;12247040;1140137984;0;0;0;0;0;0;0;0;0;0;0;2114;0;0;94;0;22;0;
1630;1170616;1008238592;12247040;1140137984;0;0;0;0;0;0;0;0;0;0;0;1713;0;0;94;0;22;0;
1631;1228434;1008238592;12247040;1140137984;0;0;0;0;0;0;0;0;0;0;0;2164;0;0;94;0;22;0;
1632;1913508;1008238592;12247040;1140137984;0;0;0;0;0;0;0;0;0;0;0;2315;0;0;94;0;22;0;
1633;1520110;1008238592;12247040;1140137984;0;0;0;0;0;0;0;0;0;0;0;2214;0;0;94;0;22;0;
1634;1292143;1008238592;12247040;1140137984;0;0;0;0;0;0;0;0;0;0;0;2084;0;0;94;0;22;0;
1635;1125641;1008238592;12247040;1140137984;0;0;0;0;0;0;0;0;0;0;0;2104;0;0;94;0;22;0;
1636;1278397;1008238592;12247040;1140137984;0;0;0;0;0;0;0;0;0;0;0;2044;0;0;94;0;22;0;
1637;1187437;1008238592;12247040;1140137984;0;0;0;0;0;0;0;0;0;0;0;2004;0;0;94;0;22;0;
1638;1908570;1008238592;12247040;1140137984;0;0;0;0;0;0;0;0;0;0;0;1703;0;0;94;0;22;0;
1639;1312311;1008238592;12247040;1140137984;0;0;0;0;0;0;0;0;0;0;0;2535;0;0;94;0;22;0;
1640;1313233;1008238592;12247040;1140137984;0;0;0;0;0;0;0;0;0;0;0;2214;0;0;94;0;22;0;
1641;1119560;1008238592;12247040;1140137984;0;0;0;0;0;0;0;0;0;0;0;1874;0;0;94;0;22;0;
1642;1321127;1008238592;12247040;1140137984;0;0;0;0;0;0;0;0;0;0;0;2264;0;0;94;0;22;0;
1643;1265032;1008238592;12247040;1140137984;0;0;0;0;0;0;0;0;0;0;0;1853;0;0;94;0;22;0;
1644;1630588;1008238592;12247040;1140137984;0;0;0;0;0;0;0;0;0;0;0;2014;0;0;94;0;22;0;
1645;1222612;1008238592;12247040;1140137984;0;0;0;0;0;0;0;0;0;0;0;1944;0;0;94;0;22;0;
1646;1167038;1008238592;12247040;1140137984;0;0;0;0;0;0;0;0;0;0;0;2265;0;0;94;0;22;0;
1647;1146550;1008238592;12247040;1140137984;0;0;0;0;0;0;0;0;0;0;0;2374;0;0;94;0;22;0;
1648;1313183;1008238592;12247040;1140137984;0;0;0;0;0;0;0;0;0;0;0;2424;0;0;94;0;22;0;
1649;3076410;1010130944;12247040;1140137984;0;0;0;0;0;0;0;0;0;0;0;3136;0;0;95;0;22;0;
1650;2585529;1010130944;12247040;1140137984;0;0;0;0;0;0;0;0;0;0;0;2365;0;0;95;0;22;0;
1651;1965025;1014325248;12247040;1156915200;0;0;0;0;0;0;0;0;0;0;0;2384;0;0;95;0;22;0;
1652;1309366;1014325248;12247040;1156915200;0;0;0;0;0;0;0;0;0;0;0;2345;0;0;95;0;22;0;
1653;1201874;1014325248;12247040;1156915200;0;0;0;0;0;0;0;0;0;0;0;1723;0;0;95;0;22;0;
1654;1147432;1014325248;12247040;1156915200;0;0;0;0;0;0;0;0;0;0;0;2074;0;0;95;0;22;0;
1655;1131452;1014325248;12247040;1156915200;0;0;0;0;0;0;0;0;0;0;0;2224;0;0;95;0;22;0;
1656;1607585;1014325248;12247040;1156915200;0;0;0;0;0;0;0;0;0;0;0;2184;0;0;95;0;22;0;
1657;1273748;1014325248;12247040;1156915200;0;0;0;0;0;0;0;0;0;0;0;2114;0;0;95;0;22;0;
1658;1144676;1014325248;12247040;1156915200;0;0;0;0;0;0;0;0;0;0;0;2094;0;0;95;0;22;0;
1659;1094232;1014325248;12247040;1156915200;0;0;0;0;0;0;0;0;0;0;0;2114;0;0;95;0;22;0;
1660;1137864;1014325248;12247040;1156915200;0;0;0;0;0;0;0;0;0;0;0;2485;0;0;95;0;22;0;
1661;1190042;1014325248;12247040;1156915200;0;0;0;0;0;0;0;0;0;0;0;2114;0;0;95;0;22;0;
1662;1735705;1014325248;12247040;1156915200;0;0;0;0;0;0;0;0;0;0;0;2244;0;0;95;0;22;0;
1663;1932254;1014325248;12247040;1156915200;0;0;0;0;0;0;0;0;0;0;0;2074;0;0;95;0;22;0;
1664;1565966;1014579200;12247040;1156915200;0;0;0;0;0;0;0;0;0;0;0;1974;0;0;95;0;22;0;
1665;1288166;1014579200;12247040;1156915200;0;0;0;0;0;0;0;0;0;0;0;2074;0;0;95;0;22;0;
1666;1171947;1014579200;12247040;1156915200;0;0;0;0;0;0;0;0;0;0;0;2434;0;0;95;0;22;0;
1667;1306460;1014579200;12247040;1156915200;0;0;0;0;0;0;0;0;0;0;0;2224;0;0;95;0;22;0;
1668;1649183;1014562816;12161024;1156829184;0;0;0;0;0;0;0;0;0;0;0;2655;0;0;95;0;22;0;
1669;1324033;1014562816;12161024;1156829184;0;0;0;0;0;0;0;0;0;0;0;1894;0;0;95;0;22;0;
1670;1240837;1014562816;12161024;1156829184;0;0;0;0;0;0;0;0;0;0;0;1783;0;0;95;0;22;0;
1671;1112106;1014562816;12161024;1156829184;0;0;0;0;0;0;0;0;0;0;0;1753;0;0;95;0;22;0;
1672;1238744;1014562816;12161024;1156829184;0;0;0;0;0;0;0;0;0;0;0;2324;0;0;95;0;22;0;
1673;1811998;1014562816;12161024;1156829184;0;0;0;0;0;0;0;0;0;0;0;2455;0;0;95;0;22;0;
1674;4550454;1014562816;12161024;1156829184;0;0;0;0;0;0;0;0;0;0;0;2806;0;0;95;0;22;0;
1675;2524795;1014562816;12169216;1156837376;0;0;0;0;0;0;0;0;0;0;0;2194;0;0;95;0;22;0;
1676;1405536;1014562816;12169216;1156837376;0;0;0;0;0;0;0;0;0;0;0;2265;0;0;95;0;22;0;
1677;1438888;1014562816;12169216;1156837376;0;0;0;0;0;0;0;0;0;0;0;2074;0;0;95;0;22;0;
1678;1296842;1014562816;12169216;1156837376;0;0;0;0;0;0;0;0;0;0;0;2245;0;0;95;0;22;0;
1679;1292413;1014562816;12169216;1156837376;0;0;0;0;0;0;0;0;0;0;0;1703;0;0;95;0;22;0;
1680;3030133;1020854272;12169216;1173614592;0;0;0;0;0;0;0;0;0;0;0;4168;0;0;96;0;22;0;
1681;2111950;1020854272;12169216;1173614592;0;0;0;0;0;0;0;0;0;0;0;3296;0;0;96;0;22;0;
1682;1367705;1020854272;12169216;1173614592;0;0;0;0;0;0;0;0;0;0;0;2214;0;0;96;0;22;0;
1683;1379667;1020854272;12169216;1173614592;0;0;0;0;0;0;0;0;0;0;0;2345;0;0;96;0;22;0;
1684;1324223;1020854272;12169216;1173614592;0;0;0;0;0;0;0;0;0;0;0;2104;0;0;96;0;22;0;
1685;1267256;1020854272;12169216;1173614592;0;0;0;0;0;0;0;0;0;0;0;2295;0;0;96;0;22;0;
1686;1426565;1020854272;12169216;1173614592;0;0;0;0;0;0;0;0;0;0;0;2225;0;0;96;0;22;0;
1687;1620028;1020854272;12169216;1173614592;0;0;0;0;0;0;0;0;0;0;0;2244;0;0;96;0;22;0;
1688;1414703;1020854272;12169216;1173614592;0;0;0;0;0;0;0;0;0;0;0;2084;0;0;96;0;22;0;
1689;1319274;1020854272;12169216;1173614592;0;0;0;0;0;0;0;0;0;0;0;2225;0;0;96;0;22;0;
1690;3042216;1025073152;12169216;1173614592;0;0;0;0;0;0;0;0;0;0;0;2936;0;0;97;0;22;0;
1691;1366282;1025073152;12169216;1173614592;0;0;0;0;0;0;0;0;0;0;0;2104;0;0;97;0;22;0;
1692;1411918;1025073152;12169216;1173614592;0;0;0;0;0;0;0;0;0;0;0;2304;0;0;97;0;22;0;
1693;1987487;1025073152;12169216;1173614592;0;0;0;0;0;0;0;0;0;0;0;2424;0;0;97;0;22;0;
1694;1502418;1025073152;12169216;1173614592;0;0;0;0;0;0;0;0;0;0;0;2394;0;0;97;0;22;0;
1695;1447726;1025073152;12169216;1173614592;0;0;0;0;0;0;0;0;0;0;0;2094;0;0;97;0;22;0;
1696;1396930;1025073152;12169216;1173614592;0;0;0;0;0;0;0;0;0;0;0;2124;0;0;97;0;22;0;
1697;1642670;1025073152;12169216;1173614592;0;0;0;0;0;0;0;0;0;0;0;2124;0;0;97;0;22;0;
1698;1300168;1025073152;12169216;1173614592;0;0;0;0;0;0;0;0;0;0;0;1974;0;0;97;0;22;0;
1699;1714385;1024884736;11894784;1173340160;0;0;0;0;0;0;0;0;0;0;0;2354;0;0;97;0;22;0;
1700;3256427;1028857856;11894784;1173340160;0;0;0;0;0;0;0;0;0;0;0;2304;0;0;98;0;22;0;
1701;1763567;1028857856;11894784;1173340160;0;0;0;0;0;0;0;0;0;0;0;2013;0;0;98;0;22;0;
1702;1382352;1028857856;11894784;1173340160;0;0;0;0;0;0;0;0;0;0;0;2114;0;0;98;0;22;0;
1703;1366503;1028857856;11894784;1173340160;0;0;0;0;0;0;0;0;0;0;0;1994;0;0;98;0;22;0;
1704;1370180;1028857856;11894784;1173340160;0;0;0;0;0;0;0;0;0;0;0;2084;0;0;98;0;22;0;
1705;1823029;1028857856;11894784;1173340160;0;0;0;0;0;0;0;0;0;0;0;1904;0;0;98;0;22;0;
1706;1278448;1028857856;11894784;1173340160;0;0;0;0;0;0;0;0;0;0;0;2334;0;0;98;0;22;0;
1707;1283868;1028857856;11894784;1173340160;0;0;0;0;0;0;0;0;0;0;0;1874;0;0;98;0;22;0;
1708;1406027;1028857856;11894784;1173340160;0;0;0;0;0;0;0;0;0;0;0;2234;0;0;98;0;22;0;
1709;1226930;1028857856;11894784;1173340160;0;0;0;0;0;0;0;0;0;0;0;2254;0;0;98;0;22;0;
1710;1564795;1028857856;11894784;1173340160;0;0;0;0;0;0;0;0;0;0;0;1653;0;0;98;0;22;0;
1711;1918629;1028857856;11894784;1173340160;0;0;0;0;0;0;0;0;0;0;0;1863;0;0;98;0;22;0;
1712;1257147;1028857856;11894784;1173340160;0;0;0;0;0;0;0;0;0;0;0;2254;0;0;98;0;22;0;
1713;1455169;1028857856;11894784;1173340160;0;0;0;0;0;0;0;0;0;0;0;2344;0;0;98;0;22;0;
1714;1943465;1028857856;11894784;1173340160;0;0;0;0;0;0;0;0;0;0;0;2235;0;0;98;0;22;0;
1715;1480367;1028857856;11894784;1173340160;0;0;0;0;0;0;0;0;0;0;0;2044;0;0;98;0;22;0;
1716;1332048;1028857856;11894784;1173340160;0;0;0;0;0;0;0;0;0;0;0;2275;0;0;98;0;22;0;
1717;4419027;1028857856;11894784;1173340160;0;0;0;0;0;0;0;0;0;0;0;2215;0;0;98;0;22;0;
1718;2769594;1029128192;11972608;1173417984;0;0;0;0;0;0;0;0;0;0;0;2524;0;0;98;0;22;0;
1719;1326938;1029128192;11972608;1173417984;0;0;0;0;0;0;0;0;0;0;0;2134;0;0;98;0;22;0;
1720;2005311;1029128192;11972608;1173417984;0;0;0;0;0;0;0;0;0;0;0;2084;0;0;98;0;22;0;
1721;1506174;1029128192;11972608;1173417984;0;0;0;0;0;0;0;0;0;0;0;2465;0;0;98;0;22;0;
1722;1398152;1029128192;11972608;1173417984;0;0;0;0;0;0;0;0;0;0;0;2184;0;0;98;0;22;0;
1723;1245286;1029128192;11972608;1173417984;0;0;0;0;0;0;0;0;0;0;0;2244;0;0;98;0;22;0;
1724;1731107;1029128192;11972608;1173417984;0;0;0;0;0;0;0;0;0;0;0;1713;0;0;98;0;22;0;
1725;1420143;1029128192;11972608;1173417984;0;0;0;0;0;0;0;0;0;0;0;2114;0;0;98;0;22;0;
1726;1299547;1029128192;11972608;1173417984;0;0;0;0;0;0;0;0;0;0;0;2394;0;0;98;0;22;0;
1727;1470888;1029128192;11972608;1173417984;0;0;0;0;0;0;0;0;0;0;0;2124;0;0;98;0;22;0;
1728;1220088;1029128192;11972608;1173417984;0;0;0;0;0;0;0;0;0;0;0;2114;0;0;98;0;22;0;
1729;1225017;1029128192;11972608;1173417984;0;0;0;0;0;0;0;0;0;0;0;1984;0;0;98;0;22;0;
1730;1700990;1029128192;11972608;1173417984;0;0;0;0;0;0;0;0;0;0;0;2074;0;0;98;0;22;0;
1731;1250565;1029128192;11972608;1173417984;0;0;0;0;0;0;0;0;0;0;0;1724;0;0;98;0;22;0;
1732;1973832;1029128192;11972608;1173417984;0;0;0;0;0;0;0;0;0;0;0;2154;0;0;98;0;22;0;
1733;1706140;1029128192;11972608;1173417984;0;0;0;0;0;0;0;0;0;0;0;2144;0;0;98;0;22;0;
1734;1441333;1029128192;11972608;1173417984;0;0;0;0;0;0;0;0;0;0;0;2265;0;0;98;0;22;0;
1735;1329724;1029128192;11972608;1173417984;0;0;0;0;0;0;0;0;0;0;0;2094;0;0;98;0;22;0;
1736;1790958;1029128192;11972608;1173417984;0;0;0;0;0;0;0;0;0;0;0;2184;0;0;98;0;22;0;
1737;1273818;1029128192;11972608;1173417984;0;0;0;0;0;0;0;0;0;0;0;2014;0;0;98;0;22;0;
1738;1402580;1029128192;11972608;1173417984;0;0;0;0;0;0;0;0;0;0;0;2204;0;0;98;0;22;0;
1739;1200241;1029128192;11972608;1173417984;0;0;0;0;0;0;0;0;0;0;0;1743;0;0;98;0;22;0;
1740;3362096;1035419648;11972608;1190195200;0;0;0;0;0;0;0;0;0;0;0;3627;0;0;99;0;22;0;
1741;2108414;1035419648;11972608;1190195200;0;0;0;0;0;0;0;0;0;0;0;2104;0;0;99;0;22;0;
1742;2113955;1035419648;11972608;1190195200;0;0;0;0;0;0;0;0;0;0;0;2605;0;0;99;0;22;0;
1743;1261566;1035419648;11972608;1190195200;0;0;0;0;0;0;0;0;0;0;0;1713;0;0;99;0;22;0;
1744;1318653;1035419648;11972608;1190195200;0;0;0;0;0;0;0;0;0;0;0;1724;0;0;99;0;22;0;
1745;1268899;1035419648;11972608;1190195200;0;0;0;0;0;0;0;0;0;0;0;1764;0;0;99;0;22;0;
1746;1464356;1035419648;11972608;1190195200;0;0;0;0;0;0;0;0;0;0;0;2064;0;0;99;0;22;0;
1747;1388164;1035419648;11972608;1190195200;0;0;0;0;0;0;0;0;0;0;0;1783;0;0;99;0;22;0;
1748;1801999;1035419648;11972608;1190195200;0;0;0;0;0;0;0;0;0;0;0;1874;0;0;99;0;22;0;
1749;3430163;1039650816;11972608;1190195200;0;0;0;0;0;0;0;0;0;0;0;2986;0;0;100;0;22;0;
1750;1248040;1039650816;11972608;1190195200;0;0;0;0;0;0;0;0;0;0;0;1503;0;0;100;0;22;0;
1751;1416276;1039650816;11972608;1190195200;0;0;0;0;0;0;0;0;0;0;0;1984;0;0;100;0;22;0;
1752;1478733;1039650816;11972608;1190195200;0;0;0;0;0;0;0;0;0;0;0;1823;0;0;100;0;22;0;
1753;1380729;1039650816;11972608;1190195200;0;0;0;0;0;0;0;0;0;0;0;1884;0;0;100;0;22;0;
1754;1857374;1039716352;11943936;1190166528;0;0;0;0;0;0;0;0;0;0;0;2224;0;0;100;0;22;0;
1755;1398773;1039716352;11943936;1190166528;0;0;0;0;0;0;0;0;0;0;0;2264;0;0;100;0;22;0;
1756;1558032;1039716352;11943936;1190166528;0;0;0;0;0;0;0;0;0;0;0;1833;0;0;100;0;22;0;
1757;1336386;1039716352;11943936;1190166528;0;0;0;0;0;0;0;0;0;0;0;1914;0;0;100;0;22;0;
1758;1250345;1039716352;11943936;1190166528;0;0;0;0;0;0;0;0;0;0;0;1954;0;0;100;0;22;0;
1759;3192847;1041604608;11943936;1190166528;0;0;0;0;0;0;0;0;0;0;0;3196;0;0;101;0;22;0;
1760;4503166;1041604608;11943936;1190166528;0;0;0;0;0;0;0;0;0;0;0;2004;0;0;101;0;22;0;
1761;3522245;1041874944;16588800;1194811392;0;0;0;0;0;0;0;0;0;0;0;2274;0;0;101;0;22;0;
1762;1564104;1041874944;16588800;1194811392;0;0;0;0;0;0;0;0;0;0;0;2044;0;0;101;0;22;0;
1763;1276685;1041874944;16588800;1194811392;0;0;0;0;0;0;0;0;0;0;0;2665;0;0;101;0;22;0;
1764;1232812;1041874944;16588800;1194811392;0;0;0;0;0;0;0;0;0;0;0;2415;0;0;101;0;22;0;
1765;1174162;1041874944;16588800;1194811392;0;0;0;0;0;0;0;0;0;0;0;2074;0;0;101;0;22;0;
1766;3886188;1046196224;16588800;1194811392;0;0;0;0;0;0;0;0;0;0;0;4018;0;0;102;0;22;0;
1767;1891798;1046196224;16588800;1194811392;0;0;0;0;0;0;0;0;0;0;0;2074;0;0;102;0;22;0;
1768;2215675;1046196224;16588800;1194811392;0;0;0;0;0;0;0;0;0;0;0;1893;0;0;102;0;22;0;
1769;1985574;1050390528;16588800;1211588608;0;0;0;0;0;0;0;0;0;0;0;2314;0;0;102;0;22;0;
1770;1522805;1050390528;16588800;1211588608;0;0;0;0;0;0;0;0;0;0;0;2114;0;0;102;0;22;0;
1771;1278998;1050390528;16588800;1211588608;0;0;0;0;0;0;0;0;0;0;0;1964;0;0;102;0;22;0;
1772;1478112;1050390528;16588800;1211588608;0;0;0;0;0;0;0;0;0;0;0;2124;0;0;102;0;22;0;
1773;2102133;1050648576;16588800;1211588608;0;0;0;0;0;0;0;0;0;0;0;2054;0;0;102;0;22;0;
1774;1463986;1050648576;16588800;1211588608;0;0;0;0;0;0;0;0;0;0;0;2134;0;0;102;0;22;0;
1775;1496727;1050648576;16588800;1211588608;0;0;0;0;0;0;0;0;0;0;0;2314;0;0;102;0;22;0;
1776;1484484;1050648576;16588800;1211588608;0;0;0;0;0;0;0;0;0;0;0;1914;0;0;102;0;22;0;
1777;1412028;1050648576;16588800;1211588608;0;0;0;0;0;0;0;0;0;0;0;2114;0;0;102;0;22;0;
1778;1734833;1050918912;16588800;1211588608;0;0;0;0;0;0;0;0;0;0;0;1913;0;0;102;0;22;0;
1779;2445396;1051189248;16588800;1211588608;0;0;0;0;0;0;0;0;0;0;0;2165;0;0;102;0;22;0;
1780;3294799;1051189248;16588800;1211588608;0;0;0;0;0;0;0;0;0;0;0;6542;0;0;102;0;22;0;
1781;2069130;1051189248;16588800;1211588608;0;0;0;0;0;0;0;0;0;0;0;2715;0;0;102;0;22;0;
1782;1647981;1051189248;16588800;1211588608;0;0;0;0;0;0;0;0;0;0;0;2615;0;0;102;0;22;0;
1783;3834882;1055436800;16588800;1211588608;0;0;0;0;0;0;0;0;0;0;0;3486;0;0;103;0;22;0;
1784;2372169;1055436800;16588800;1211588608;0;0;0;0;0;0;0;0;0;0;0;2815;0;0;103;0;22;0;
1785;3241970;1059901440;16588800;1228365824;0;0;0;0;0;0;0;0;0;0;0;3827;0;0;103;0;22;0;
1786;1690160;1059901440;16588800;1228365824;0;0;0;0;0;0;0;0;0;0;0;2926;0;0;103;0;22;0;
1787;1822718;1059901440;16588800;1228365824;0;0;0;0;0;0;0;0;0;0;0;2565;0;0;103;0;22;0;
1788;1557311;1059901440;16588800;1228365824;0;0;0;0;0;0;0;0;0;0;0;2945;0;0;103;0;22;0;
1789;1433759;1059901440;16588800;1228365824;0;0;0;0;0;0;0;0;0;0;0;2756;0;0;103;0;22;0;
1790;3622254;1064144896;16588800;1228365824;0;0;0;0;0;0;0;0;0;0;0;3918;0;0;104;0;22;0;
1791;2692510;1066500096;16588800;1228365824;0;0;0;0;0;0;0;0;0;0;0;3246;0;0;104;0;22;0;
1792;1611011;1066500096;16588800;1228365824;0;0;0;0;0;0;0;0;0;0;0;2725;0;0;104;0;22;0;
1793;1477100;1066500096;16588800;1228365824;0;0;0;0;0;0;0;0;0;0;0;2695;0;0;104;0;22;0;
1794;1594100;1066500096;16588800;1228365824;0;0;0;0;0;0;0;0;0;0;0;2685;0;0;104;0;22;0;
1795;1512196;1066500096;16588800;1228365824;0;0;0;0;0;0;0;0;0;0;0;2645;0;0;104;0;22;0;
1796;1575455;1066500096;16588800;1228365824;0;0;0;0;0;0;0;0;0;0;0;2785;0;0;104;0;22;0;
1797;2150343;1066508288;16474112;1228251136;0;0;0;0;0;0;0;0;0;0;0;2946;0;0;104;0;22;0;
1798;3781993;1070481408;16474112;1228251136;0;0;0;0;0;0;0;0;0;0;0;3086;0;0;105;0;22;0;
1799;1398843;1070481408;16474112;1228251136;0;0;0;0;0;0;0;0;0;0;0;3005;0;0;105;0;22;0;
1800;1417228;1070481408;16474112;1228251136;0;0;0;0;0;0;0;0;0;0;0;2605;0;0;105;0;22;0;
1801;1856371;1070481408;16474112;1228251136;0;0;0;0;0;0;0;0;0;0;0;2885;0;0;105;0;22;0;
1802;2237526;1070481408;16474112;1228251136;0;0;0;0;0;0;0;0;0;0;0;2705;0;0;105;0;22;0;
1803;4794381;1070481408;16474112;1228251136;0;0;0;0;0;0;0;0;0;0;0;2885;0;0;105;0;22;0;
1804;3321459;1070481408;16474112;1228251136;0;0;0;0;0;0;0;0;0;0;0;3035;0;0;105;0;22;0;
1805;4009499;1076772864;16474112;1245028352;0;0;0;0;0;0;0;0;0;0;0;5620;0;0;106;0;22;0;
1806;2587512;1076772864;16474112;1245028352;0;0;0;0;0;0;0;0;0;0;0;3467;0;0;106;0;22;0;
1807;1826896;1077018624;16474112;1245028352;0;0;0;0;0;0;0;0;0;0;0;2695;0;0;106;0;22;0;
1808;1474215;1077018624;16474112;1245028352;0;0;0;0;0;0;0;0;0;0;0;2835;0;0;106;0;22;0;
1809;1528066;1077018624;16474112;1245028352;0;0;0;0;0;0;0;0;0;0;0;2946;0;0;106;0;22;0;
1810;2427372;1077018624;16474112;1245028352;0;0;0;0;0;0;0;0;0;0;0;3096;0;0;106;0;22;0;
1811;1824862;1077018624;16474112;1245028352;0;0;0;0;0;0;0;0;0;0;0;2846;0;0;106;0;22;0;
1812;1576196;1077018624;16474112;1245028352;0;0;0;0;0;0;0;0;0;0;0;2775;0;0;106;0;22;0;
1813;1652078;1077018624;16474112;1245028352;0;0;0;0;0;0;0;0;0;0;0;3066;0;0;106;0;22;0;
1814;1811978;1077018624;16474112;1245028352;0;0;0;0;0;0;0;0;0;0;0;3115;0;0;106;0;22;0;
1815;2456897;1077018624;16474112;1245028352;0;0;0;0;0;0;0;0;0;0;0;2956;0;0;106;0;22;0;
1816;2784182;1077018624;16474112;1245028352;0;0;0;0;0;0;0;0;0;0;0;2805;0;0;106;0;22;0;
1817;1464537;1077018624;16474112;1245028352;0;0;0;0;0;0;0;0;0;0;0;2815;0;0;106;0;22;0;
1818;1489082;1077018624;16474112;1245028352;0;0;0;0;0;0;0;0;0;0;0;2886;0;0;106;0;22;0;
1819;1580684;1077018624;16474112;1245028352;0;0;0;0;0;0;0;0;0;0;0;2866;0;0;106;0;22;0;
1820;4128312;1083310080;16474112;1261805568;0;0;0;0;0;0;0;0;0;0;0;4168;0;0;107;0;22;0;
1821;1714575;1083310080;16474112;1261805568;0;0;0;0;0;0;0;0;0;0;0;3075;0;0;107;0;22;0;
1822;2160601;1083310080;16474112;1261805568;0;0;0;0;0;0;0;0;0;0;0;2585;0;0;107;0;22;0;
1823;2422713;1083310080;16474112;1261805568;0;0;0;0;0;0;0;0;0;0;0;2725;0;0;107;0;22;0;
1824;1703013;1083310080;16474112;1261805568;0;0;0;0;0;0;0;0;0;0;0;3657;0;0;107;0;22;0;
1825;1488943;1083310080;16474112;1261805568;0;0;0;0;0;0;0;0;0;0;0;2735;0;0;107;0;22;0;
1826;1466640;1083310080;16474112;1261805568;0;0;0;0;0;0;0;0;0;0;0;3267;0;0;107;0;22;0;
1827;1404373;1083310080;16474112;1261805568;0;0;0;0;0;0;0;0;0;0;0;2865;0;0;107;0;22;0;
1828;4384332;1087541248;16474112;1261805568;0;0;0;0;0;0;0;0;0;0;0;3707;0;0;108;0;22;0;
1829;1697713;1087541248;16474112;1261805568;0;0;0;0;0;0;0;0;0;0;0;2855;0;0;108;0;22;0;
1830;1924028;1087541248;16474112;1261805568;0;0;0;0;0;0;0;0;0;0;0;2795;0;0;108;0;22;0;
1831;2041478;1087541248;16474112;1261805568;0;0;0;0;0;0;0;0;0;0;0;3135;0;0;108;0;22;0;
1832;1529108;1087541248;16474112;1261805568;0;0;0;0;0;0;0;0;0;0;0;3186;0;0;108;0;22;0;
1833;1627613;1087541248;16474112;1261805568;0;0;0;0;0;0;0;0;0;0;0;2796;0;0;108;0;22;0;
1834;2181842;1087541248;16474112;1261805568;0;0;0;0;0;0;0;0;0;0;0;2815;0;0;108;0;22;0;
1835;1575515;1087541248;16474112;1261805568;0;0;0;0;0;0;0;0;0;0;0;3025;0;0;108;0;22;0;
1836;3944026;1091784704;16474112;1261805568;0;0;0;0;0;0;0;0;0;0;0;3526;0;0;109;0;22;0;
1837;1584040;1091784704;16474112;1261805568;0;0;0;0;0;0;0;0;0;0;0;2495;0;0;109;0;22;0;
1838;1425964;1091784704;16474112;1261805568;0;0;0;0;0;0;0;0;0;0;0;2555;0;0;109;0;22;0;
1839;2528051;1091784704;16474112;1261805568;0;0;0;0;0;0;0;0;0;0;0;2796;0;0;109;0;22;0;
1840;2348875;1091784704;16474112;1261805568;0;0;0;0;0;0;0;0;0;0;0;2504;0;0;109;0;22;0;
1841;1639875;1091784704;16474112;1261805568;0;0;0;0;0;0;0;0;0;0;0;2494;0;0;109;0;22;0;
1842;1414272;1091784704;16474112;1261805568;0;0;0;0;0;0;0;0;0;0;0;2465;0;0;109;0;22;0;
1843;1473193;1091784704;16474112;1261805568;0;0;0;0;0;0;0;0;0;0;0;2465;0;0;109;0;22;0;
1844;3998289;1095839744;16474112;1261805568;0;0;0;0;0;0;0;0;0;0;0;3727;0;0;110;0;22;0;
1845;1567089;1095839744;16474112;1261805568;0;0;0;0;0;0;0;0;0;0;0;2645;0;0;110;0;22;0;
1846;4520869;1095839744;16474112;1261805568;0;0;0;0;0;0;0;0;0;0;0;2535;0;0;110;0;22;0;
1847;3423430;1095839744;16474112;1261805568;0;0;0;0;0;0;0;0;0;0;0;2975;0;0;110;0;22;0;
1848;1527615;1095839744;16474112;1261805568;0;0;0;0;0;0;0;0;0;0;0;2404;0;0;110;0;22;0;
1849;1473854;1095839744;16474112;1261805568;0;0;0;0;0;0;0;0;0;0;0;2444;0;0;110;0;22;0;
1850;1878102;1095839744;16474112;1261805568;0;0;0;0;0;0;0;0;0;0;0;4108;0;0;110;0;24;0;
1851;1517716;1095839744;16474112;1261805568;0;0;0;0;0;0;0;0;0;0;0;2695;0;0;110;0;24;0;
1852;1674751;1095839744;16474112;1261805568;0;0;0;0;0;0;0;0;0;0;0;2465;0;0;110;0;24;0;
1853;1888181;1095839744;16474112;1261805568;0;0;0;0;0;0;0;0;0;0;0;2745;0;0;110;0;24;0;
1854;1610099;1095839744;16474112;1261805568;0;0;0;0;0;0;0;0;0;0;0;2655;0;0;110;0;24;0;
1855;1467282;1095839744;16474112;1261805568;0;0;0;0;0;0;0;0;0;0;0;3667;0;0;110;0;24;0;
1856;1494343;1095839744;16474112;1261805568;0;0;0;0;0;0;0;0;0;0;0;2534;0;0;110;0;24;0;
1857;1779327;1095839744;16474112;1261805568;0;0;0;0;0;0;0;0;0;0;0;2855;0;0;110;0;24;0;
1858;1496626;1095839744;16474112;1261805568;0;0;0;0;0;0;0;0;0;0;0;2816;0;0;110;0;24;0;
1859;1859468;1095839744;16474112;1261805568;0;0;0;0;0;0;0;0;0;0;0;2665;0;0;110;0;24;0;
1860;3426266;1098002432;16474112;1261805568;0;0;0;0;0;0;0;0;0;0;0;3276;0;0;111;0;24;0;
1861;1460719;1098002432;16474112;1261805568;0;0;0;0;0;0;0;0;0;0;0;2415;0;0;111;0;24;0;
1862;1958824;1098002432;16474112;1261805568;0;0;0;0;0;0;0;0;0;0;0;2775;0;0;111;0;24;0;
1863;2678584;1098002432;16474112;1261805568;0;0;0;0;0;0;0;0;0;0;0;2975;0;0;111;0;24;0;
1864;2502874;1102196736;16474112;1278582784;0;0;0;0;0;0;0;0;0;0;0;3597;0;0;111;0;24;0;
1865;2432782;1102196736;16474112;1278582784;0;0;0;0;0;0;0;0;0;0;0;3016;0;0;111;0;24;0;
1866;1543635;1102196736;16474112;1278582784;0;0;0;0;0;0;0;0;0;0;0;3306;0;0;111;0;24;0;
1867;1672085;1102196736;16474112;1278582784;0;0;0;0;0;0;0;0;0;0;0;2785;0;0;111;0;24;0;
1868;1806328;1102196736;16474112;1278582784;0;0;0;0;0;0;0;0;0;0;0;2855;0;0;111;0;24;0;
1869;1754481;1102196736;16474112;1278582784;0;0;0;0;0;0;0;0;0;0;0;2695;0;0;111;0;24;0;
1870;1768366;1102196736;16474112;1278582784;0;0;0;0;0;0;0;0;0;0;0;2455;0;0;111;0;24;0;
1871;2373411;1102196736;16474112;1278582784;0;0;0;0;0;0;0;0;0;0;0;2675;0;0;111;0;24;0;
1872;1911255;1102196736;16474112;1278582784;0;0;0;0;0;0;0;0;0;0;0;2985;0;0;111;0;24;0;
1873;1459727;1102196736;16474112;1278582784;0;0;0;0;0;0;0;0;0;0;0;2524;0;0;111;0;24;0;
1874;1437215;1102196736;16474112;1278582784;0;0;0;0;0;0;0;0;0;0;0;2465;0;0;111;0;24;0;
1875;1547452;1102196736;16474112;1278582784;0;0;0;0;0;0;0;0;0;0;0;2554;0;0;111;0;24;0;
1876;1393583;1102196736;16474112;1278582784;0;0;0;0;0;0;0;0;0;0;0;2785;0;0;111;0;24;0;
1877;2124745;1102196736;16474112;1278582784;0;0;0;0;0;0;0;0;0;0;0;2736;0;0;111;0;24;0;
1878;1735745;1102196736;16474112;1278582784;0;0;0;0;0;0;0;0;0;0;0;2875;0;0;111;0;24;0;
1879;1754120;1102196736;16474112;1278582784;0;0;0;0;0;0;0;0;0;0;0;2645;0;0;111;0;24;0;
1880;1699216;1102196736;16474112;1278582784;0;0;0;0;0;0;0;0;0;0;0;2645;0;0;111;0;24;0;
1881;1370460;1102196736;16474112;1278582784;0;0;0;0;0;0;0;0;0;0;0;2845;0;0;111;0;24;0;
1882;1513018;1102196736;16474112;1278582784;0;0;0;0;0;0;0;0;0;0;0;2525;0;0;111;0;24;0;
1883;2269967;1098588160;11935744;1274044416;0;0;0;0;0;0;0;0;0;0;0;2775;0;0;111;0;24;0;
1884;1374267;1098588160;11935744;1274044416;0;0;0;0;0;0;0;0;0;0;0;2825;0;0;111;0;24;0;
1885;1545388;1098588160;11935744;1274044416;0;0;0;0;0;0;0;0;0;0;0;2805;0;0;111;0;24;0;
1886;1579182;1098588160;11935744;1274044416;0;0;0;0;0;0;0;0;0;0;0;2905;0;0;111;0;24;0;
1887;4091102;1102569472;11935744;1274044416;0;0;0;0;0;0;0;0;0;0;0;4458;0;0;112;0;24;0;
1888;1608336;1102569472;11935744;1274044416;0;0;0;0;0;0;0;0;0;0;0;2835;0;0;112;0;24;0;
1889;5566460;1102569472;11935744;1274044416;0;0;0;0;0;0;0;0;0;0;0;3226;0;0;112;0;24;0;
1890;4183816;1102827520;11935744;1274044416;0;0;0;0;0;0;0;0;0;0;0;2735;0;0;112;0;24;0;
1891;1634756;1102827520;11935744;1274044416;0;0;0;0;0;0;0;0;0;0;0;2885;0;0;112;0;24;0;
1892;1515933;1102827520;11935744;1274044416;0;0;0;0;0;0;0;0;0;0;0;2475;0;0;112;0;24;0;
1893;1591134;1102827520;11935744;1274044416;0;0;0;0;0;0;0;0;0;0;0;2625;0;0;112;0;24;0;
1894;1660514;1102827520;11935744;1274044416;0;0;0;0;0;0;0;0;0;0;0;2534;0;0;112;0;24;0;
1895;1726458;1102827520;11935744;1274044416;0;0;0;0;0;0;0;0;0;0;0;2545;0;0;112;0;24;0;
1896;2091532;1102827520;11935744;1274044416;0;0;0;0;0;0;0;0;0;0;0;2785;0;0;112;0;24;0;
1897;1585714;1102827520;11935744;1274044416;0;0;0;0;0;0;0;0;0;0;0;2956;0;0;112;0;24;0;
1898;1636148;1102827520;11935744;1274044416;0;0;0;0;0;0;0;0;0;0;0;2705;0;0;112;0;24;0;
1899;1582989;1102827520;11935744;1274044416;0;0;0;0;0;0;0;0;0;0;0;2796;0;0;112;0;24;0;
1900;1591104;1102827520;11935744;1274044416;0;0;0;0;0;0;0;0;0;0;0;2554;0;0;112;0;24;0;
1901;1482320;1102827520;11935744;1274044416;0;0;0;0;0;0;0;0;0;0;0;2665;0;0;112;0;24;0;
1902;2141276;1102827520;11935744;1274044416;0;0;0;0;0;0;0;0;0;0;0;2685;0;0;112;0;24;0;
1903;1920532;1102827520;11935744;1274044416;0;0;0;0;0;0;0;0;0;0;0;2775;0;0;112;0;24;0;
1904;1492840;1102827520;11935744;1274044416;0;0;0;0;0;0;0;0;0;0;0;2655;0;0;112;0;24;0;
1905;1452043;1102827520;11935744;1274044416;0;0;0;0;0;0;0;0;0;0;0;2635;0;0;112;0;24;0;
1906;2180078;1102827520;11935744;1274044416;0;0;0;0;0;0;0;0;0;0;0;2525;0;0;112;0;24;0;
1907;2074390;1107021824;11935744;1290821632;0;0;0;0;0;0;0;0;0;0;0;3396;0;0;112;0;24;0;
1908;2215275;1107021824;11935744;1290821632;0;0;0;0;0;0;0;0;0;0;0;3096;0;0;112;0;24;0;
1909;1468614;1107021824;11935744;1290821632;0;0;0;0;0;0;0;0;0;0;0;2895;0;0;112;0;24;0;
1910;3335355;1111257088;11935744;1290821632;0;0;0;0;0;0;0;0;0;0;0;3597;0;0;113;0;24;0;
1911;1587447;1111257088;11935744;1290821632;0;0;0;0;0;0;0;0;0;0;0;2755;0;0;113;0;24;0;
1912;1740684;1111257088;11935744;1290821632;0;0;0;0;0;0;0;0;0;0;0;2905;0;0;113;0;24;0;
1913;2285065;1111257088;11935744;1290821632;0;0;0;0;0;0;0;0;0;0;0;2756;0;0;113;0;24;0;
1914;2460013;1111257088;11935744;1290821632;0;0;0;0;0;0;0;0;0;0;0;2554;0;0;113;0;24;0;
1915;1929769;1111257088;11935744;1290821632;0;0;0;0;0;0;0;0;0;0;0;2344;0;0;113;0;24;0;
1916;1897057;1111257088;11935744;1290821632;0;0;0;0;0;0;0;0;0;0;0;2525;0;0;113;0;24;0;
1917;1556659;1111257088;11935744;1290821632;0;0;0;0;0;0;0;0;0;0;0;2615;0;0;113;0;24;0;
1918;1593108;1111257088;11935744;1290821632;0;0;0;0;0;0;0;0;0;0;0;2505;0;0;113;0;24;0;
1919;1433508;1111257088;11935744;1290821632;0;0;0;0;0;0;0;0;0;0;0;2825;0;0;113;0;24;0;
1920;2238879;1111257088;11935744;1290821632;0;0;0;0;0;0;0;0;0;0;0;2574;0;0;113;0;24;0;
1921;1633363;1111257088;11935744;1290821632;0;0;0;0;0;0;0;0;0;0;0;2515;0;0;113;0;24;0;
1922;1547762;1111257088;11935744;1290821632;0;0;0;0;0;0;0;0;0;0;0;2555;0;0;113;0;24;0;
1923;1323412;1111257088;11935744;1290821632;0;0;0;0;0;0;0;0;0;0;0;2595;0;0;113;0;24;0;
1924;2765155;1111257088;11935744;1290821632;0;0;0;0;0;0;0;0;0;0;0;2464;0;0;113;0;24;0;
1925;1708785;1111257088;11935744;1290821632;0;0;0;0;0;0;0;0;0;0;0;2615;0;0;113;0;24;0;
1926;2308510;1111257088;11935744;1290821632;0;0;0;0;0;0;0;0;0;0;0;2514;0;0;113;0;24;0;
1927;3788084;1115234304;11935744;1290821632;0;0;0;0;0;0;0;0;0;0;0;4539;0;0;114;0;24;0;
1928;1639815;1115234304;11935744;1290821632;0;0;0;0;0;0;0;0;0;0;0;2695;0;0;114;0;24;0;
1929;1602054;1115234304;11935744;1290821632;0;0;0;0;0;0;0;0;0;0;0;11852;0;0;114;0;24;0;
1930;1755673;1115234304;11935744;1290821632;0;0;0;0;0;0;0;0;0;0;0;2425;0;0;114;0;24;0;
1931;1599971;1115234304;11935744;1290821632;0;0;0;0;0;0;0;0;0;0;0;2895;0;0;114;0;24;0;
1932;4983145;1115774976;16474112;1295360000;0;0;0;0;0;0;0;0;0;0;0;2975;0;0;114;0;24;0;
1933;4074011;1117872128;16474112;1295360000;0;0;0;0;0;0;0;0;0;0;0;2925;0;0;114;0;24;0;
1934;1889674;1117872128;16474112;1295360000;0;0;0;0;0;0;0;0;0;0;0;2866;0;0;114;0;24;0;
1935;1829381;1117872128;16474112;1295360000;0;0;0;0;0;0;0;0;0;0;0;2475;0;0;114;0;24;0;
1936;1686182;1117872128;16474112;1295360000;0;0;0;0;0;0;0;0;0;0;0;2575;0;0;114;0;24;0;
1937;1499852;1117872128;16474112;1295360000;0;0;0;0;0;0;0;0;0;0;0;2424;0;0;114;0;24;0;
1938;2045917;1117872128;16474112;1295360000;0;0;0;0;0;0;0;0;0;0;0;2966;0;0;114;0;24;0;
1939;1766072;1117872128;16474112;1295360000;0;0;0;0;0;0;0;0;0;0;0;2695;0;0;114;0;24;0;
1940;1468383;1117872128;16474112;1295360000;0;0;0;0;0;0;0;0;0;0;0;2525;0;0;114;0;24;0;
1941;1571557;1117872128;16474112;1295360000;0;0;0;0;0;0;0;0;0;0;0;2485;0;0;114;0;24;0;
1942;3498150;1124163584;16474112;1312137216;0;0;0;0;0;0;0;0;0;0;0;3998;0;0;115;0;24;0;
1943;2332284;1124163584;16474112;1312137216;0;0;0;0;0;0;0;0;0;0;0;2736;0;0;115;0;24;0;
1944;2491252;1124163584;16474112;1312137216;0;0;0;0;0;0;0;0;0;0;0;3437;0;0;115;0;24;0;
1945;1947742;1124163584;16474112;1312137216;0;0;0;0;0;0;0;0;0;0;0;2585;0;0;115;0;24;0;
1946;1523527;1124163584;16474112;1312137216;0;0;0;0;0;0;0;0;0;0;0;2795;0;0;115;0;24;0;
1947;1733230;1124163584;16474112;1312137216;0;0;0;0;0;0;0;0;0;0;0;2885;0;0;115;0;24;0;
1948;2206748;1124163584;16474112;1312137216;0;0;0;0;0;0;0;0;0;0;0;3186;0;0;115;0;24;0;
1949;1930721;1124163584;16474112;1312137216;0;0;0;0;0;0;0;0;0;0;0;2985;0;0;115;0;24;0;
1950;1565325;1124163584;16474112;1312137216;0;0;0;0;0;0;0;0;0;0;0;2995;0;0;115;0;24;0;
1951;1774929;1124163584;16474112;1312137216;0;0;0;0;0;0;0;0;0;0;0;2865;0;0;115;0;24;0;
1952;1450791;1124163584;16474112;1312137216;0;0;0;0;0;0;0;0;0;0;0;2845;0;0;115;0;24;0;
1953;2334698;1124163584;16474112;1312137216;0;0;0;0;0;0;0;0;0;0;0;3016;0;0;115;0;24;0;
1954;2512141;1124163584;16474112;1312137216;0;0;0;0;0;0;0;0;0;0;0;2896;0;0;115;0;24;0;
1955;2434075;1124409344;16474112;1312137216;0;0;0;0;0;0;0;0;0;0;0;2635;0;0;115;0;24;0;
1956;1863635;1124409344;16474112;1312137216;0;0;0;0;0;0;0;0;0;0;0;2555;0;0;115;0;24;0;
1957;1964765;1124409344;16474112;1312137216;0;0;0;0;0;0;0;0;0;0;0;2505;0;0;115;0;24;0;
1958;1998067;1124409344;16474112;1312137216;0;0;0;0;0;0;0;0;0;0;0;2545;0;0;115;0;24;0;
1959;2756630;1124409344;16474112;1312137216;0;0;0;0;0;0;0;0;0;0;0;3036;0;0;115;0;24;0;
1960;1466370;1124409344;16474112;1312137216;0;0;0;0;0;0;0;0;0;0;0;2605;0;0;115;0;24;0;
1961;2201910;1124409344;16474112;1312137216;0;0;0;0;0;0;0;0;0;0;0;2876;0;0;115;0;24;0;
1962;1940620;1124409344;16474112;1312137216;0;0;0;0;0;0;0;0;0;0;0;2755;0;0;115;0;24;0;
1963;1726758;1124409344;16474112;1312137216;0;0;0;0;0;0;0;0;0;0;0;2475;0;0;115;0;24;0;
1964;1840913;1124409344;16474112;1312137216;0;0;0;0;0;0;0;0;0;0;0;2785;0;0;115;0;24;0;
1965;2273413;1122500608;12582912;1308246016;0;0;0;0;0;0;0;0;0;0;0;2555;0;0;115;0;24;0;
1966;4298882;1126477824;12582912;1308246016;0;0;0;0;0;0;0;0;0;0;0;4518;0;0;116;0;27;0;
1967;1791741;1126477824;12582912;1308246016;0;0;0;0;0;0;0;0;0;0;0;2675;0;0;116;0;27;0;
1968;1921002;1126477824;12582912;1308246016;0;0;0;0;0;0;0;0;0;0;0;2715;0;0;116;0;27;0;
1969;1916875;1126477824;12582912;1308246016;0;0;0;0;0;0;0;0;0;0;0;2314;0;0;116;0;27;0;
1970;1668659;1126477824;12582912;1308246016;0;0;0;0;0;0;0;0;0;0;0;2675;0;0;116;0;27;0;
1971;5471811;1126477824;12582912;1308246016;0;0;0;0;0;0;0;0;0;0;0;2796;0;0;116;0;27;0;
1972;5729455;1133309952;16474112;1328914432;0;0;0;0;0;0;0;0;0;0;0;5520;0;0;117;0;27;0;
1973;2126187;1133309952;16474112;1328914432;0;0;0;0;0;0;0;0;0;0;0;3446;0;0;117;0;27;0;
1974;1717531;1133309952;16474112;1328914432;0;0;0;0;0;0;0;0;0;0;0;2875;0;0;117;0;27;0;
1975;1580774;1133309952;16474112;1328914432;0;0;0;0;0;0;0;0;0;0;0;2585;0;0;117;0;27;0;
1976;1893230;1133309952;16474112;1328914432;0;0;0;0;0;0;0;0;0;0;0;2765;0;0;117;0;27;0;
1977;2611858;1133559808;16474112;1328914432;0;0;0;0;0;0;0;0;0;0;0;2755;0;0;117;0;27;0;
1978;2110057;1133559808;16474112;1328914432;0;0;0;0;0;0;0;0;0;0;0;2925;0;0;117;0;27;0;
1979;1430283;1133559808;16474112;1328914432;0;0;0;0;0;0;0;0;0;0;0;2885;0;0;117;0;27;0;
1980;1842896;1133559808;16474112;1328914432;0;0;0;0;0;0;0;0;0;0;0;2795;0;0;117;0;27;0;
1981;1796319;1133559808;16474112;1328914432;0;0;0;0;0;0;0;0;0;0;0;3377;0;0;117;0;27;0;
1982;2943901;1133830144;16474112;1328914432;0;0;0;0;0;0;0;0;0;0;0;2975;0;0;117;0;27;0;
1983;1752808;1133830144;16474112;1328914432;0;0;0;0;0;0;0;0;0;0;0;2805;0;0;117;0;27;0;
1984;2055876;1133830144;16474112;1328914432;0;0;0;0;0;0;0;0;0;0;0;2856;0;0;117;0;27;0;
1985;1669050;1133830144;16474112;1328914432;0;0;0;0;0;0;0;0;0;0;0;2495;0;0;117;0;27;0;
1986;1651167;1133830144;16474112;1328914432;0;0;0;0;0;0;0;0;0;0;0;2585;0;0;117;0;27;0;
1987;5492942;1138356224;16474112;1328914432;0;0;0;0;0;0;0;0;0;0;0;4508;0;0;118;0;27;0;
1988;2129404;1138356224;16474112;1328914432;0;0;0;0;0;0;0;0;0;0;0;2425;0;0;118;0;27;0;
1989;2587302;1138356224;16474112;1328914432;0;0;0;0;0;0;0;0;0;0;0;3967;0;0;118;0;27;0;
1990;2776677;1138356224;16474112;1328914432;0;0;0;0;0;0;0;0;0;0;0;2224;0;0;118;0;27;0;
1991;2211557;1138622464;16474112;1328914432;0;0;0;0;0;0;0;0;0;0;0;2745;0;0;118;0;27;0;
1992;2852750;1139163136;16474112;1328914432;0;0;0;0;0;0;0;0;0;0;0;3046;0;0;118;0;27;0;
1993;2268094;1139163136;16474112;1328914432;0;0;0;0;0;0;0;0;0;0;0;2946;0;0;118;0;27;0;
1994;2066987;1139163136;16474112;1328914432;0;0;0;0;0;0;0;0;0;0;0;2986;0;0;118;0;27;0;
1995;1975294;1139163136;16474112;1328914432;0;0;0;0;0;0;0;0;0;0;0;3005;0;0;118;0;27;0;
1996;1868123;1139163136;16474112;1328914432;0;0;0;0;0;0;0;0;0;0;0;2645;0;0;118;0;27;0;
1997;2439294;1139433472;16474112;1328914432;0;0;0;0;0;0;0;0;0;0;0;2625;0;0;118;0;27;0;
1998;2035918;1139433472;16474112;1328914432;0;0;0;0;0;0;0;0;0;0;0;2766;0;0;118;0;27;0;
1999;1732799;1139433472;16474112;1328914432;0;0;0;0;0;0;0;0;0;0;0;2895;0;0;118;0;27;0;
2000;1733260;1139433472;16474112;1328914432;0;0;0;0;0;0;0;0;0;0;0;2876;0;0;118;0;27;0;
2001;2104276;1139433472;16474112;1328914432;0;0;0;0;0;0;0;0;0;0;0;111689;0;0;118;0;27;0;
2002;2555913;1139703808;16474112;1328914432;0;0;0;0;0;0;0;0;0;0;0;2495;0;0;118;0;27;0;
2003;3212053;1139703808;16474112;1328914432;0;0;0;0;0;0;0;0;0;0;0;3357;0;0;118;0;27;0;
2004;2323948;1139703808;16474112;1328914432;0;0;0;0;0;0;0;0;0;0;0;2705;0;0;118;0;27;0;
2005;2187323;1139703808;16474112;1328914432;0;0;0;0;0;0;0;0;0;0;0;2715;0;0;118;0;27;0;
2006;1977258;1139703808;16474112;1328914432;0;0;0;0;0;0;0;0;0;0;0;2495;0;0;118;0;27;0;
2007;7436266;1144225792;16474112;1328914432;0;0;0;0;0;0;0;0;0;0;0;3516;0;0;119;0;27;0;
2008;4547458;1144496128;16474112;1328914432;0;0;0;0;0;0;0;0;0;0;0;3316;0;0;119;0;27;0;
2009;1822698;1145036800;16474112;1328914432;0;0;0;0;0;0;0;0;0;0;0;2865;0;0;119;0;27;0;
2010;2057108;1145036800;16474112;1328914432;0;0;0;0;0;0;0;0;0;0;0;2435;0;0;119;0;27;0;
2011;2640623;1145036800;16474112;1328914432;0;0;0;0;0;0;0;0;0;0;0;2745;0;0;119;0;27;0;
2012;2024457;1145036800;16474112;1328914432;0;0;0;0;0;0;0;0;0;0;0;2415;0;0;119;0;27;0;
2013;3409785;1145036800;16474112;1328914432;0;0;0;0;0;0;0;0;0;0;0;262863;0;0;119;0;27;0;
2014;2765016;1145036800;16474112;1328914432;0;0;0;0;0;0;0;0;0;0;0;2695;0;0;119;0;27;0;
2015;2368041;1145036800;16474112;1328914432;0;0;0;0;0;0;0;0;0;0;0;2726;0;0;119;0;27;0;
2016;2133110;1145036800;16474112;1328914432;0;0;0;0;0;0;0;0;0;0;0;2625;0;0;119;0;27;0;
2017;2124134;1145036800;16474112;1328914432;0;0;0;0;0;0;0;0;0;0;0;3005;0;0;119;0;27;0;
2018;3559506;1145036800;16474112;1328914432;0;0;0;0;0;0;0;0;0;0;0;4569;0;0;119;0;28;0;
2019;2347953;1145036800;16474112;1328914432;0;0;0;0;0;0;0;0;0;0;0;2845;0;0;119;0;28;0;
2020;1807239;1145036800;16474112;1328914432;0;0;0;0;0;0;0;0;0;0;0;2615;0;0;119;0;28;0;
2021;1909441;1145036800;16474112;1328914432;0;0;0;0;0;0;0;0;0;0;0;2475;0;0;119;0;28;0;
2022;1789105;1145036800;16474112;1328914432;0;0;0;0;0;0;0;0;0;0;0;2485;0;0;119;0;28;0;
2023;2167385;1145036800;16474112;1328914432;0;0;0;0;0;0;0;0;0;0;0;3066;0;0;119;0;28;0;
2024;1782613;1145036800;16474112;1328914432;0;0;0;0;0;0;0;0;0;0;0;2555;0;0;119;0;28;0;
2025;2034977;1145036800;16474112;1328914432;0;0;0;0;0;0;0;0;0;0;0;2534;0;0;119;0;28;0;
2026;1860008;1145036800;16474112;1328914432;0;0;0;0;0;0;0;0;0;0;0;2474;0;0;119;0;28;0;
2027;1930170;1145036800;16474112;1328914432;0;0;0;0;0;0;0;0;0;0;0;2695;0;0;119;0;28;0;
2028;2285496;1145036800;16474112;1328914432;0;0;0;0;0;0;0;0;0;0;0;3076;0;0;119;0;28;0;
2029;2001884;1145036800;16474112;1328914432;0;0;0;0;0;0;0;0;0;0;0;2695;0;0;119;0;28;0;
2030;2097584;1145036800;16474112;1328914432;0;0;0;0;0;0;0;0;0;0;0;2615;0;0;119;0;28;0;
2031;1802961;1145036800;16474112;1328914432;0;0;0;0;0;0;0;0;0;0;0;2765;0;0;119;0;28;0;
2032;2285696;1145036800;16474112;1328914432;0;0;0;0;0;0;0;0;0;0;0;2735;0;0;119;0;28;0;
2033;2888397;1145036800;16474112;1328914432;0;0;0;0;0;0;0;0;0;0;0;2896;0;0;119;0;28;0;
2034;3726619;1151328256;16474112;1345691648;0;0;0;0;0;0;0;0;0;0;0;5040;0;0;120;0;28;0;
2035;1882450;1151328256;16474112;1345691648;0;0;0;0;0;0;0;0;0;0;0;2795;0;0;120;0;28;0;
2036;1851813;1151328256;16474112;1345691648;0;0;0;0;0;0;0;0;0;0;0;3046;0;0;120;0;28;0;
2037;2404820;1151328256;16474112;1345691648;0;0;0;0;0;0;0;0;0;0;0;2524;0;0;120;0;28;0;
2038;5031476;1151328256;16474112;1345691648;0;0;0;0;0;0;0;0;0;0;0;3267;0;0;120;0;28;0;
2039;4137659;1151328256;16474112;1345691648;0;0;0;0;0;0;0;0;0;0;0;3256;0;0;120;0;28;0;
2040;1795718;1151328256;16474112;1345691648;0;0;0;0;0;0;0;0;0;0;0;3086;0;0;120;0;28;0;
2041;2059713;1151328256;16474112;1345691648;0;0;0;0;0;0;0;0;0;0;0;2865;0;0;120;0;28;0;
2042;2981110;1151328256;16474112;1345691648;0;0;0;0;0;0;0;0;0;0;0;2074;0;0;120;0;28;0;
2043;2128111;1151328256;16474112;1345691648;0;0;0;0;0;0;0;0;0;0;0;2624;0;0;120;0;28;0;
2044;2868499;1151328256;16474112;1345691648;0;0;0;0;0;0;0;0;0;0;0;2675;0;0;120;0;28;0;
2045;2312466;1151328256;16474112;1345691648;0;0;0;0;0;0;0;0;0;0;0;2825;0;0;120;0;28;0;
2046;2769864;1151328256;16474112;1345691648;0;0;0;0;0;0;0;0;0;0;0;4348;0;0;120;0;29;0;
2047;2072657;1151328256;16474112;1345691648;0;0;0;0;0;0;0;0;0;0;0;2746;0;0;120;0;29;0;
2048;2232958;1151328256;16474112;1345691648;0;0;0;0;0;0;0;0;0;0;0;2515;0;0;120;0;29;0;
2049;2821050;1151328256;16474112;1345691648;0;0;0;0;0;0;0;0;0;0;0;2675;0;0;120;0;29;0;
2050;2411382;1151328256;16474112;1345691648;0;0;0;0;0;0;0;0;0;0;0;2956;0;0;120;0;29;0;
2051;2305223;1151328256;16474112;1345691648;0;0;0;0;0;0;0;0;0;0;0;2485;0;0;120;0;29;0;
2052;2427612;1151328256;16474112;1345691648;0;0;0;0;0;0;0;0;0;0;0;2715;0;0;120;0;29;0;
2053;2739317;1151328256;16474112;1345691648;0;0;0;0;0;0;0;0;0;0;0;2595;0;0;120;0;29;0;
2054;3485036;1151328256;16474112;1345691648;0;0;0;0;0;0;0;0;0;0;0;2726;0;0;120;0;29;0;
2055;3001709;1151328256;16474112;1345691648;0;0;0;0;0;0;0;0;0;0;0;2785;0;0;120;0;29;0;
2056;2620234;1151328256;16474112;1345691648;0;0;0;0;0;0;0;0;0;0;0;2625;0;0;120;0;29;0;
2057;2952788;1151328256;16474112;1345691648;0;0;0;0;0;0;0;0;0;0;0;2776;0;0;120;0;29;0;
2058;1801238;1151328256;16474112;1345691648;0;0;0;0;0;0;0;0;0;0;0;2915;0;0;120;0;29;0;
2059;2435477;1151328256;16474112;1345691648;0;0;0;0;0;0;0;0;0;0;0;2855;0;0;120;0;29;0;
2060;2083117;1151328256;16474112;1345691648;0;0;0;0;0;0;0;0;0;0;0;2535;0;0;120;0;29;0;
2061;1931612;1151328256;16474112;1345691648;0;0;0;0;0;0;0;0;0;0;0;2765;0;0;120;0;29;0;
2062;2686409;1151328256;16474112;1345691648;0;0;0;0;0;0;0;0;0;0;0;2565;0;0;120;0;29;0;
2063;2969509;1151328256;16474112;1345691648;0;0;0;0;0;0;0;0;0;0;0;2876;0;0;120;0;29;0;
2064;2895460;1151328256;16474112;1345691648;0;0;0;0;0;0;0;0;0;0;0;2655;0;0;120;0;29;0;
2065;1654664;1151328256;16474112;1345691648;0;0;0;0;0;0;0;0;0;0;0;2725;0;0;120;0;29;0;
2066;2660239;1151328256;16474112;1345691648;0;0;0;0;0;0;0;0;0;0;0;3987;0;0;120;0;31;0;
2067;1766403;1151328256;16474112;1345691648;0;0;0;0;0;0;0;0;0;0;0;2595;0;0;120;0;31;0;
2068;2934363;1151328256;16474112;1345691648;0;0;0;0;0;0;0;0;0;0;0;2645;0;0;120;0;31;0;
2069;8341003;1151328256;16474112;1345691648;0;0;0;0;0;0;0;0;0;0;0;2575;0;0;120;0;31;0;
2070;5553555;1151328256;16474112;1345691648;0;0;0;0;0;0;0;0;0;0;0;6563;0;0;120;0;31;0;
2071;2545553;1151328256;16474112;1345691648;0;0;0;0;0;0;0;0;0;0;0;4028;0;0;120;0;31;0;
2072;1757817;1151328256;16474112;1345691648;0;0;0;0;0;0;0;0;0;0;0;2525;0;0;120;0;31;0;
2073;1929709;1151328256;16474112;1345691648;0;0;0;0;0;0;0;0;0;0;0;2185;0;0;120;0;31;0;
2074;1820625;1151328256;16474112;1345691648;0;0;0;0;0;0;0;0;0;0;0;2294;0;0;120;0;31;0;
2075;2405522;1151328256;16474112;1345691648;0;0;0;0;0;0;0;0;0;0;0;2294;0;0;120;0;31;0;
2076;1453957;1151328256;16474112;1345691648;0;0;0;0;0;0;0;0;0;0;0;2725;0;0;120;0;31;0;
2077;3614088;1155559424;16474112;1345691648;0;0;0;0;0;0;0;0;0;0;0;3016;0;0;121;0;31;0;
2078;2199425;1155559424;16474112;1345691648;0;0;0;0;0;0;0;0;0;0;0;3256;0;0;121;0;31;0;
2079;1635777;1155559424;16474112;1345691648;0;0;0;0;0;0;0;0;0;0;0;2675;0;0;121;0;31;0;
2080;2152437;1155559424;16474112;1345691648;0;0;0;0;0;0;0;0;0;0;0;1984;0;0;121;0;31;0;
2081;1792231;1155559424;16474112;1345691648;0;0;0;0;0;0;0;0;0;0;0;2254;0;0;121;0;31;0;
2082;1479605;1155559424;16474112;1345691648;0;0;0;0;0;0;0;0;0;0;0;1663;0;0;121;0;31;0;
2083;1996344;1155559424;16474112;1345691648;0;0;0;0;0;0;0;0;0;0;0;2835;0;0;121;0;31;0;
2084;1668249;1155559424;16474112;1345691648;0;0;0;0;0;0;0;0;0;0;0;2195;0;0;121;0;31;0;
2085;4922271;1159610368;16474112;1345691648;0;0;0;0;0;0;0;0;0;0;0;3436;0;0;122;0;31;0;
2086;1730786;1159610368;16474112;1345691648;0;0;0;0;0;0;0;0;0;0;0;2845;0;0;122;0;31;0;
2087;1482380;1159610368;16474112;1345691648;0;0;0;0;0;0;0;0;0;0;0;2445;0;0;122;0;31;0;
2088;1785409;1159610368;16474112;1345691648;0;0;0;0;0;0;0;0;0;0;0;1994;0;0;122;0;31;0;
2089;1254243;1159610368;16474112;1345691648;0;0;0;0;0;0;0;0;0;0;0;1893;0;0;122;0;31;0;
2090;2132188;1159610368;16474112;1345691648;0;0;0;0;0;0;0;0;0;0;0;2094;0;0;122;0;31;0;
2091;2045456;1159610368;16474112;1345691648;0;0;0;0;0;0;0;0;0;0;0;2184;0;0;122;0;31;0;
2092;2524134;1159610368;16474112;1345691648;0;0;0;0;0;0;0;0;0;0;0;2033;0;0;122;0;31;0;
2093;1958894;1159610368;16474112;1345691648;0;0;0;0;0;0;0;0;0;0;0;1863;0;0;122;0;31;0;
2094;1416616;1159610368;16474112;1345691648;0;0;0;0;0;0;0;0;0;0;0;2434;0;0;122;0;31;0;
2095;2194385;1159610368;16474112;1345691648;0;0;0;0;0;0;0;0;0;0;0;2936;0;0;122;0;31;0;
2096;1786851;1159610368;16474112;1345691648;0;0;0;0;0;0;0;0;0;0;0;2665;0;0;122;0;31;0;
2097;1919760;1159610368;16474112;1345691648;0;0;0;0;0;0;0;0;0;0;0;1823;0;0;122;0;31;0;
2098;2668214;1159610368;16474112;1345691648;0;0;0;0;0;0;0;0;0;0;0;2104;0;0;122;0;31;0;
2099;2434816;1163804672;16474112;1362468864;0;0;0;0;0;0;0;0;0;0;0;2574;0;0;122;0;31;0;
2100;5431426;1163804672;16474112;1362468864;0;0;0;0;0;0;0;0;0;0;0;2425;0;0;122;0;31;0;
2101;3037687;1163804672;16474112;1362468864;0;0;0;0;0;0;0;0;0;0;0;2185;0;0;122;0;31;0;
2102;1467673;1163804672;16474112;1362468864;0;0;0;0;0;0;0;0;0;0;0;2625;0;0;122;0;31;0;
2103;2254178;1163804672;16474112;1362468864;0;0;0;0;0;0;0;0;0;0;0;2033;0;0;122;0;31;0;
2104;1723893;1163804672;16474112;1362468864;0;0;0;0;0;0;0;0;0;0;0;2124;0;0;122;0;31;0;
2105;1616331;1163804672;16474112;1362468864;0;0;0;0;0;0;0;0;0;0;0;1904;0;0;122;0;31;0;
2106;1955247;1163804672;16474112;1362468864;0;0;0;0;0;0;0;0;0;0;0;2094;0;0;122;0;31;0;
2107;1411738;1163804672;16474112;1362468864;0;0;0;0;0;0;0;0;0;0;0;1973;0;0;122;0;31;0;
2108;1938796;1163804672;16474112;1362468864;0;0;0;0;0;0;0;0;0;0;0;2134;0;0;122;0;31;0;
2109;6945175;1168039936;16474112;1362468864;0;0;0;0;0;0;0;0;0;0;0;3687;0;0;123;0;31;0;
2110;1761604;1168039936;16474112;1362468864;0;0;0;0;0;0;0;0;0;0;0;2284;0;0;123;0;31;0;
2111;2133551;1168039936;16474112;1362468864;0;0;0;0;0;0;0;0;0;0;0;2264;0;0;123;0;31;0;
2112;1634966;1168039936;16474112;1362468864;0;0;0;0;0;0;0;0;0;0;0;2184;0;0;123;0;31;0;
2113;1252489;1168039936;16474112;1362468864;0;0;0;0;0;0;0;0;0;0;0;2314;0;0;123;0;31;0;
2114;1599870;1168039936;16474112;1362468864;0;0;0;0;0;0;0;0;0;0;0;2614;0;0;123;0;31;0;
2115;1465428;1168039936;16474112;1362468864;0;0;0;0;0;0;0;0;0;0;0;1963;0;0;123;0;31;0;
2116;1911925;1168039936;16474112;1362468864;0;0;0;0;0;0;0;0;0;0;0;1914;0;0;123;0;31;0;
2117;1729002;1168039936;16474112;1362468864;0;0;0;0;0;0;0;0;0;0;0;2114;0;0;123;0;31;0;
2118;1362525;1168039936;16474112;1362468864;0;0;0;0;0;0;0;0;0;0;0;1913;0;0;123;0;31;0;
2119;1459557;1168039936;16474112;1362468864;0;0;0;0;0;0;0;0;0;0;0;1864;0;0;123;0;31;0;
2120;1532655;1168039936;16474112;1362468864;0;0;0;0;0;0;0;0;0;0;0;1854;0;0;123;0;31;0;
2121;1624306;1168039936;16474112;1362468864;0;0;0;0;0;0;0;0;0;0;0;2254;0;0;123;0;31;0;
2122;1398403;1168039936;16474112;1362468864;0;0;0;0;0;0;0;0;0;0;0;2555;0;0;123;0;31;0;
2123;1259102;1168039936;16474112;1362468864;0;0;0;0;0;0;0;0;0;0;0;2114;0;0;123;0;31;0;
2124;1523637;1168039936;16474112;1362468864;0;0;0;0;0;0;0;0;0;0;0;1733;0;0;123;0;31;0;
2125;1328883;1168039936;16474112;1362468864;0;0;0;0;0;0;0;0;0;0;0;2455;0;0;123;0;31;0;
2126;1692985;1168039936;16474112;1362468864;0;0;0;0;0;0;0;0;0;0;0;1854;0;0;123;0;31;0;
2127;1541621;1168039936;16474112;1362468864;0;0;0;0;0;0;0;0;0;0;0;4258;0;0;123;0;32;0;
2128;1389727;1168039936;16474112;1362468864;0;0;0;0;0;0;0;0;0;0;0;2174;0;0;123;0;32;0;
2129;1614658;1168039936;16474112;1362468864;0;0;0;0;0;0;0;0;0;0;0;2324;0;0;123;0;32;0;
2130;1518578;1168039936;16474112;1362468864;0;0;0;0;0;0;0;0;0;0;0;2034;0;0;123;0;32;0;
2131;4303361;1168039936;16474112;1362468864;0;0;0;0;0;0;0;0;0;0;0;2064;0;0;123;0;32;0;
2132;2904888;1168039936;16474112;1362468864;0;0;0;0;0;0;0;0;0;0;0;2905;0;0;123;0;32;0;
2133;1724144;1168039936;16474112;1362468864;0;0;0;0;0;0;0;0;0;0;0;2605;0;0;123;0;32;0;
2134;1425263;1168039936;16474112;1362468864;0;0;0;0;0;0;0;0;0;0;0;2174;0;0;123;0;32;0;
2135;1494062;1168039936;16474112;1362468864;0;0;0;0;0;0;0;0;0;0;0;2305;0;0;123;0;32;0;
2136;1420133;1168039936;16474112;1362468864;0;0;0;0;0;0;0;0;0;0;0;2575;0;0;123;0;32;0;
2137;1853256;1168039936;16474112;1362468864;0;0;0;0;0;0;0;0;0;0;0;2164;0;0;123;0;32;0;
2138;1407981;1168039936;16474112;1362468864;0;0;0;0;0;0;0;0;0;0;0;1843;0;0;123;0;32;0;
2139;1155728;1168039936;16474112;1362468864;0;0;0;0;0;0;0;0;0;0;0;2235;0;0;123;0;32;0;
2140;1563783;1168039936;16474112;1362468864;0;0;0;0;0;0;0;0;0;0;0;2154;0;0;123;0;32;0;
2141;1385789;1168039936;16474112;1362468864;0;0;0;0;0;0;0;0;0;0;0;2245;0;0;123;0;32;0;
2142;1710949;1168039936;16474112;1362468864;0;0;0;0;0;0;0;0;0;0;0;2344;0;0;123;0;32;0;
2143;1596244;1168039936;16474112;1362468864;0;0;0;0;0;0;0;0;0;0;0;2073;0;0;123;0;32;0;
2144;1277696;1168039936;16474112;1362468864;0;0;0;0;0;0;0;0;0;0;0;2315;0;0;123;0;32;0;
2145;1420084;1168039936;16474112;1362468864;0;0;0;0;0;0;0;0;0;0;0;2185;0;0;123;0;32;0;
2146;1479295;1168039936;16474112;1362468864;0;0;0;0;0;0;0;0;0;0;0;2224;0;0;123;0;32;0;
2147;1763808;1168039936;16474112;1362468864;0;0;0;0;0;0;0;0;0;0;0;1924;0;0;123;0;32;0;
2148;1452254;1168039936;16474112;1362468864;0;0;0;0;0;0;0;0;0;0;0;2014;0;0;123;0;32;0;
2149;1281393;1168039936;16474112;1362468864;0;0;0;0;0;0;0;0;0;0;0;2194;0;0;123;0;32;0;
2150;1449378;1168039936;16474112;1362468864;0;0;0;0;0;0;0;0;0;0;0;2395;0;0;123;0;32;0;
2151;1348859;1168039936;16474112;1362468864;0;0;0;0;0;0;0;0;0;0;0;2254;0;0;123;0;32;0;
2152;1754811;1168039936;16474112;1362468864;0;0;0;0;0;0;0;0;0;0;0;2865;0;0;123;0;32;0;
2153;1244023;1168039936;16474112;1362468864;0;0;0;0;0;0;0;0;0;0;0;1934;0;0;123;0;32;0;
2154;1298015;1168039936;16474112;1362468864;0;0;0;0;0;0;0;0;0;0;0;2043;0;0;123;0;32;0;
2155;1130330;1168039936;16474112;1362468864;0;0;0;0;0;0;0;0;0;0;0;2194;0;0;123;0;32;0;
2156;1401549;1168039936;16474112;1362468864;0;0;0;0;0;0;0;0;0;0;0;2254;0;0;123;0;32;0;
2157;2792948;1168039936;16474112;1362468864;0;0;0;0;0;0;0;0;0;0;0;2245;0;0;123;0;32;0;
2158;1849058;1168039936;16474112;1362468864;0;0;0;0;0;0;0;0;0;0;0;2274;0;0;123;0;32;0;
2159;1239104;1168039936;16474112;1362468864;0;0;0;0;0;0;0;0;0;0;0;2164;0;0;123;0;32;0;
2160;1152301;1168039936;16474112;1362468864;0;0;0;0;0;0;0;0;0;0;0;1934;0;0;123;0;32;0;
2161;1267878;1168039936;16474112;1362468864;0;0;0;0;0;0;0;0;0;0;0;2194;0;0;123;0;32;0;
2162;4310824;1168039936;16474112;1362468864;0;0;0;0;0;0;0;0;0;0;0;2314;0;0;123;0;32;0;
2163;2926629;1168039936;16474112;1362468864;0;0;0;0;0;0;0;0;0;0;0;2855;0;0;123;0;32;0;
2164;1625569;1168039936;16474112;1362468864;0;0;0;0;0;0;0;0;0;0;0;2685;0;0;123;0;32;0;
2165;1574092;1168039936;16474112;1362468864;0;0;0;0;0;0;0;0;0;0;0;1944;0;0;123;0;32;0;
2166;1586274;1168039936;16474112;1362468864;0;0;0;0;0;0;0;0;0;0;0;1883;0;0;123;0;32;0;
2167;1595392;1168039936;16474112;1362468864;0;0;0;0;0;0;0;0;0;0;0;1963;0;0;123;0;32;0;
2168;1902728;1168039936;16474112;1362468864;0;0;0;0;0;0;0;0;0;0;0;2044;0;0;123;0;32;0;
2169;1356203;1168039936;16474112;1362468864;0;0;0;0;0;0;0;0;0;0;0;1934;0;0;123;0;32;0;
2170;1503690;1168039936;16474112;1362468864;0;0;0;0;0;0;0;0;0;0;0;1893;0;0;123;0;32;0;
2171;1475156;1168039936;16474112;1362468864;0;0;0;0;0;0;0;0;0;0;0;1864;0;0;123;0;32;0;
2172;1395347;1168039936;16474112;1362468864;0;0;0;0;0;0;0;0;0;0;0;2113;0;0;123;0;32;0;
2173;1842455;1168039936;16474112;1362468864;0;0;0;0;0;0;0;0;0;0;0;1993;0;0;123;0;32;0;
2174;1462573;1168039936;16474112;1362468864;0;0;0;0;0;0;0;0;0;0;0;1894;0;0;123;0;32;0;
2175;1657970;1168039936;16474112;1362468864;0;0;0;0;0;0;0;0;0;0;0;2094;0;0;123;0;32;0;
2176;1642991;1168039936;16474112;1362468864;0;0;0;0;0;0;0;0;0;0;0;1894;0;0;123;0;32;0;
2177;1547933;1168039936;16474112;1362468864;0;0;0;0;0;0;0;0;0;0;0;2154;0;0;123;0;32;0;
2178;1836865;1168039936;16474112;1362468864;0;0;0;0;0;0;0;0;0;0;0;2225;0;0;123;0;32;0;
2179;1312180;1168039936;16474112;1362468864;0;0;0;0;0;0;0;0;0;0;0;2104;0;0;123;0;32;0;
2180;1632261;1168039936;16474112;1362468864;0;0;0;0;0;0;0;0;0;0;0;2114;0;0;123;0;32;0;
2181;1527404;1168039936;16474112;1362468864;0;0;0;0;0;0;0;0;0;0;0;1953;0;0;123;0;32;0;
2182;1428560;1168039936;16474112;1362468864;0;0;0;0;0;0;0;0;0;0;0;2144;0;0;123;0;32;0;
2183;1971798;1168039936;16474112;1362468864;0;0;0;0;0;0;0;0;0;0;0;2194;0;0;123;0;32;0;
2184;1364889;1168039936;16474112;1362468864;0;0;0;0;0;0;0;0;0;0;0;2214;0;0;123;0;32;0;
2185;1318653;1168039936;16474112;1362468864;0;0;0;0;0;0;0;0;0;0;0;2004;0;0;123;0;32;0;
2186;4102784;1174331392;16474112;1379246080;0;0;0;0;0;0;0;0;0;0;0;4018;0;0;124;0;32;0;
2187;1710948;1174331392;16474112;1379246080;0;0;0;0;0;0;0;0;0;0;0;2174;0;0;124;0;32;0;
2188;2241984;1174331392;16474112;1379246080;0;0;0;0;0;0;0;0;0;0;0;2054;0;0;124;0;32;0;
2189;1587797;1174331392;16474112;1379246080;0;0;0;0;0;0;0;0;0;0;0;2294;0;0;124;0;32;0;
2190;2086583;1174331392;16474112;1379246080;0;0;0;0;0;0;0;0;0;0;0;2084;0;0;124;0;32;0;
2191;1809263;1174331392;16474112;1379246080;0;0;0;0;0;0;0;0;0;0;0;2305;0;0;124;0;32;0;
2192;1430042;1174331392;16474112;1379246080;0;0;0;0;0;0;0;0;0;0;0;2374;0;0;124;0;32;0;
2193;4646374;1174331392;16474112;1379246080;0;0;0;0;0;0;0;0;0;0;0;2174;0;0;124;0;32;0;
2194;3115783;1174331392;16474112;1379246080;0;0;0;0;0;0;0;0;0;0;0;2254;0;0;124;0;32;0;
2195;1405526;1174331392;16474112;1379246080;0;0;0;0;0;0;0;0;0;0;0;2014;0;0;124;0;32;0;
2196;3047365;1174331392;16474112;1379246080;0;0;0;0;0;0;0;0;0;0;0;3236;0;0;124;0;32;0;
2197;1777564;1174331392;16474112;1379246080;0;0;0;0;0;0;0;0;0;0;0;2044;0;0;124;0;32;0;
2198;1487910;1174331392;16474112;1379246080;0;0;0;0;0;0;0;0;0;0;0;1894;0;0;124;0;32;0;
2199;2425178;1174331392;16474112;1379246080;0;0;0;0;0;0;0;0;0;0;0;2084;0;0;124;0;32;0;
2200;1928737;1174331392;16474112;1379246080;0;0;0;0;0;0;0;0;0;0;0;54422;0;0;124;0;32;0;
2201;1906175;1174331392;16474112;1379246080;0;0;0;0;0;0;0;0;0;0;0;1883;0;0;124;0;32;0;
2202;1743048;1174331392;16474112;1379246080;0;0;0;0;0;0;0;0;0;0;0;2044;0;0;124;0;32;0;
2203;2618791;1174331392;16474112;1379246080;0;0;0;0;0;0;0;0;0;0;0;2134;0;0;124;0;32;0;
2204;1971106;1174331392;16474112;1379246080;0;0;0;0;0;0;0;0;0;0;0;3156;0;0;124;0;32;0;
2205;1419222;1174331392;16474112;1379246080;0;0;0;0;0;0;0;0;0;0;0;2815;0;0;124;0;32;0;
2206;1535249;1174331392;16474112;1379246080;0;0;0;0;0;0;0;0;0;0;0;2054;0;0;124;0;32;0;
2207;1232401;1174331392;16474112;1379246080;0;0;0;0;0;0;0;0;0;0;0;1984;0;0;124;0;32;0;
2208;1424111;1174331392;16474112;1379246080;0;0;0;0;0;0;0;0;0;0;0;1944;0;0;124;0;32;0;
2209;1980364;1174331392;16474112;1379246080;0;0;0;0;0;0;0;0;0;0;0;2104;0;0;124;0;32;0;
2210;1345975;1174331392;16474112;1379246080;0;0;0;0;0;0;0;0;0;0;0;2154;0;0;124;0;32;0;
2211;1472702;1174331392;16474112;1379246080;0;0;0;0;0;0;0;0;0;0;0;1954;0;0;124;0;32;0;
2212;1573751;1174331392;16474112;1379246080;0;0;0;0;0;0;0;0;0;0;0;2444;0;0;124;0;32;0;
2213;1172860;1174331392;16474112;1379246080;0;0;0;0;0;0;0;0;0;0;0;2074;0;0;124;0;32;0;
2214;1856792;1174331392;16474112;1379246080;0;0;0;0;0;0;0;0;0;0;0;2164;0;0;124;0;32;0;
2215;1427167;1174331392;16474112;1379246080;0;0;0;0;0;0;0;0;0;0;0;1934;0;0;124;0;32;0;
2216;1390958;1174331392;16474112;1379246080;0;0;0;0;0;0;0;0;0;0;0;2174;0;0;124;0;32;0;
2217;1381551;1174331392;16474112;1379246080;0;0;0;0;0;0;0;0;0;0;0;2054;0;0;124;0;32;0;
2218;1639244;1174331392;16474112;1379246080;0;0;0;0;0;0;0;0;0;0;0;2144;0;0;124;0;32;0;
2219;1858034;1174331392;16474112;1379246080;0;0;0;0;0;0;0;0;0;0;0;2144;0;0;124;0;32;0;
2220;3999931;1178562560;16474112;1379246080;0;0;0;0;0;0;0;0;0;0;0;3677;0;0;125;0;32;0;
2221;1908589;1178562560;16474112;1379246080;0;0;0;0;0;0;0;0;0;0;0;1994;0;0;125;0;32;0;
2222;1613876;1178562560;16474112;1379246080;0;0;0;0;0;0;0;0;0;0;0;2204;0;0;125;0;32;0;
2223;1733781;1178562560;16474112;1379246080;0;0;0;0;0;0;0;0;0;0;0;1994;0;0;125;0;32;0;
2224;4706086;1178562560;16474112;1379246080;0;0;0;0;0;0;0;0;0;0;0;1913;0;0;125;0;32;0;
2225;2875884;1178562560;16474112;1379246080;0;0;0;0;0;0;0;0;0;0;0;2174;0;0;125;0;32;0;
2226;1800236;1178562560;16474112;1379246080;0;0;0;0;0;0;0;0;0;0;0;1954;0;0;125;0;32;0;
2227;1407329;1178562560;16474112;1379246080;0;0;0;0;0;0;0;0;0;0;0;2044;0;0;125;0;32;0;
2228;1600742;1178562560;16474112;1379246080;0;0;0;0;0;0;0;0;0;0;0;2094;0;0;125;0;32;0;
2229;1641017;1178562560;16474112;1379246080;0;0;0;0;0;0;0;0;0;0;0;2194;0;0;125;0;32;0;
2230;1877882;1178562560;16474112;1379246080;0;0;0;0;0;0;0;0;0;0;0;2184;0;0;125;0;32;0;
2231;1396829;1178562560;16474112;1379246080;0;0;0;0;0;0;0;0;0;0;0;2074;0;0;125;0;32;0;
2232;1281253;1178562560;16474112;1379246080;0;0;0;0;0;0;0;0;0;0;0;1984;0;0;125;0;32;0;
2233;1299868;1178562560;16474112;1379246080;0;0;0;0;0;0;0;0;0;0;0;1823;0;0;125;0;32;0;
2234;1399334;1178562560;16474112;1379246080;0;0;0;0;0;0;0;0;0;0;0;2214;0;0;125;0;32;0;
2235;1660905;1178562560;16474112;1379246080;0;0;0;0;0;0;0;0;0;0;0;1944;0;0;125;0;32;0;
2236;1242851;1178562560;16474112;1379246080;0;0;0;0;0;0;0;0;0;0;0;1863;0;0;125;0;32;0;
2237;1608536;1178562560;16474112;1379246080;0;0;0;0;0;0;0;0;0;0;0;1803;0;0;125;0;32;0;
2238;1304226;1178562560;16474112;1379246080;0;0;0;0;0;0;0;0;0;0;0;1783;0;0;125;0;32;0;
2239;1311740;1178562560;16474112;1379246080;0;0;0;0;0;0;0;0;0;0;0;1894;0;0;125;0;32;0;
2240;1762095;1178562560;16474112;1379246080;0;0;0;0;0;0;0;0;0;0;0;2063;0;0;125;0;32;0;
2241;1321849;1178562560;16474112;1379246080;0;0;0;0;0;0;0;0;0;0;0;1914;0;0;125;0;32;0;
2242;1438689;1178562560;16474112;1379246080;0;0;0;0;0;0;0;0;0;0;0;2054;0;0;125;0;32;0;
2243;1232412;1178562560;16474112;1379246080;0;0;0;0;0;0;0;0;0;0;0;1993;0;0;125;0;32;0;
2244;1301450;1178562560;16474112;1379246080;0;0;0;0;0;0;0;0;0;0;0;2094;0;0;125;0;32;0;
2245;1518017;1178562560;16474112;1379246080;0;0;0;0;0;0;0;0;0;0;0;2144;0;0;125;0;32;0;
2246;1889022;1178562560;16474112;1379246080;0;0;0;0;0;0;0;0;0;0;0;2024;0;0;125;0;32;0;
2247;1374137;1178562560;16474112;1379246080;0;0;0;0;0;0;0;0;0;0;0;2023;0;0;125;0;32;0;
2248;1373356;1178562560;16474112;1379246080;0;0;0;0;0;0;0;0;0;0;0;1973;0;0;125;0;32;0;
2249;1423950;1178562560;16474112;1379246080;0;0;0;0;0;0;0;0;0;0;0;2014;0;0;125;0;32;0;
2250;1743710;1178562560;16474112;1379246080;0;0;0;0;0;0;0;0;0;0;0;2064;0;0;125;0;32;0;
2251;1480196;1178562560;16474112;1379246080;0;0;0;0;0;0;0;0;0;0;0;1853;0;0;125;0;32;0;
2252;1224767;1178562560;16474112;1379246080;0;0;0;0;0;0;0;0;0;0;0;1873;0;0;125;0;32;0;
2253;1829101;1178562560;16474112;1379246080;0;0;0;0;0;0;0;0;0;0;0;2024;0;0;125;0;32;0;
2254;1340163;1178562560;16474112;1379246080;0;0;0;0;0;0;0;0;0;0;0;1854;0;0;125;0;32;0;
2255;4265660;1178562560;16474112;1379246080;0;0;0;0;0;0;0;0;0;0;0;2224;0;0;125;0;32;0;
2256;2864192;1178562560;16474112;1379246080;0;0;0;0;0;0;0;0;0;0;0;2464;0;0;125;0;32;0;
2257;1294818;1178562560;16474112;1379246080;0;0;0;0;0;0;0;0;0;0;0;2214;0;0;125;0;32;0;
2258;1453696;1178562560;16474112;1379246080;0;0;0;0;0;0;0;0;0;0;0;2154;0;0;125;0;32;0;
2259;1473944;1178562560;16474112;1379246080;0;0;0;0;0;0;0;0;0;0;0;1913;0;0;125;0;32;0;
2260;2019407;1178746880;16465920;1379237888;0;0;0;0;0;0;0;0;0;0;0;2024;0;0;125;0;32;0;
2261;1787593;1178746880;16465920;1379237888;0;0;0;0;0;0;0;0;0;0;0;1874;0;0;125;0;32;0;
2262;1396439;1178746880;16465920;1379237888;0;0;0;0;0;0;0;0;0;0;0;1874;0;0;125;0;32;0;
2263;1620840;1178746880;16465920;1379237888;0;0;0;0;0;0;0;0;0;0;0;2144;0;0;125;0;32;0;
2264;1873334;1178746880;16465920;1379237888;0;0;0;0;0;0;0;0;0;0;0;2064;0;0;125;0;32;0;
2265;1654763;1178746880;16465920;1379237888;0;0;0;0;0;0;0;0;0;0;0;2234;0;0;125;0;32;0;
2266;1301110;1178746880;16465920;1379237888;0;0;0;0;0;0;0;0;0;0;0;1984;0;0;125;0;32;0;
2267;1497048;1178746880;16465920;1379237888;0;0;0;0;0;0;0;0;0;0;0;1944;0;0;125;0;32;0;
2268;1282936;1178746880;16465920;1379237888;0;0;0;0;0;0;0;0;0;0;0;1824;0;0;125;0;32;0;
2269;1493250;1178746880;16465920;1379237888;0;0;0;0;0;0;0;0;0;0;0;2033;0;0;125;0;32;0;
2270;1743911;1178746880;16465920;1379237888;0;0;0;0;0;0;0;0;0;0;0;2033;0;0;125;0;32;0;
2271;1323572;1178746880;16465920;1379237888;0;0;0;0;0;0;0;0;0;0;0;1873;0;0;125;0;32;0;
2272;1054828;1178746880;16465920;1379237888;0;0;0;0;0;0;0;0;0;0;0;1823;0;0;125;0;32;0;
2273;1446072;1178746880;16465920;1379237888;0;0;0;0;0;0;0;0;0;0;0;1883;0;0;125;0;32;0;
2274;1289839;1178746880;16465920;1379237888;0;0;0;0;0;0;0;0;0;0;0;2124;0;0;125;0;32;0;
2275;1625438;1178746880;16465920;1379237888;0;0;0;0;0;0;0;0;0;0;0;1964;0;0;125;0;32;0;
2276;1524830;1178746880;16465920;1379237888;0;0;0;0;0;0;0;0;0;0;0;2064;0;0;125;0;32;0;
2277;1448336;1178746880;16465920;1379237888;0;0;0;0;0;0;0;0;0;0;0;2144;0;0;125;0;32;0;
2278;1630578;1178746880;16465920;1379237888;0;0;0;0;0;0;0;0;0;0;0;2074;0;0;125;0;32;0;
2279;1380208;1178746880;16465920;1379237888;0;0;0;0;0;0;0;0;0;0;0;2174;0;0;125;0;32;0;
2280;1758006;1178746880;16465920;1379237888;0;0;0;0;0;0;0;0;0;0;0;2033;0;0;125;0;32;0;
2281;1310959;1178746880;16465920;1379237888;0;0;0;0;0;0;0;0;0;0;0;2164;0;0;125;0;32;0;
2282;1470367;1178746880;16465920;1379237888;0;0;0;0;0;0;0;0;0;0;0;2073;0;0;125;0;32;0;
2283;1312051;1178746880;16465920;1379237888;0;0;0;0;0;0;0;0;0;0;0;1824;0;0;125;0;32;0;
2284;1495374;1178746880;16465920;1379237888;0;0;0;0;0;0;0;0;0;0;0;1834;0;0;125;0;32;0;
2285;4518424;1178746880;16465920;1379237888;0;0;0;0;0;0;0;0;0;0;0;2344;0;0;125;0;32;0;
2286;2855896;1178746880;16465920;1379237888;0;0;0;0;0;0;0;0;0;0;0;2384;0;0;125;0;32;0;
2287;1428388;1178746880;16465920;1379237888;0;0;0;0;0;0;0;0;0;0;0;2144;0;0;125;0;32;0;
2288;1424121;1178746880;16465920;1379237888;0;0;0;0;0;0;0;0;0;0;0;2074;0;0;125;0;32;0;
2289;1687985;1178746880;16465920;1379237888;0;0;0;0;0;0;0;0;0;0;0;1903;0;0;125;0;32;0;
2290;2288642;1178746880;16465920;1379237888;0;0;0;0;0;0;0;0;0;0;0;1823;0;0;125;0;32;0;
2291;1510142;1178746880;16465920;1379237888;0;0;0;0;0;0;0;0;0;0;0;1864;0;0;125;0;32;0;
2292;1453176;1178746880;16465920;1379237888;0;0;0;0;0;0;0;0;0;0;0;1944;0;0;125;0;32;0;
2293;1262397;1178746880;16465920;1379237888;0;0;0;0;0;0;0;0;0;0;0;1863;0;0;125;0;32;0;
2294;1702643;1178746880;16465920;1379237888;0;0;0;0;0;0;0;0;0;0;0;2033;0;0;125;0;32;0;
2295;2109316;1178746880;16465920;1379237888;0;0;0;0;0;0;0;0;0;0;0;1854;0;0;125;0;32;0;
2296;1471900;1178746880;16465920;1379237888;0;0;0;0;0;0;0;0;0;0;0;1984;0;0;125;0;32;0;
2297;1421425;1178746880;16465920;1379237888;0;0;0;0;0;0;0;0;0;0;0;2024;0;0;125;0;32;0;
2298;1530139;1178746880;16465920;1379237888;0;0;0;0;0;0;0;0;0;0;0;2064;0;0;125;0;32;0;
2299;1601323;1178746880;16465920;1379237888;0;0;0;0;0;0;0;0;0;0;0;1943;0;0;125;0;32;0;
2300;1709285;1178746880;16465920;1379237888;0;0;0;0;0;0;0;0;0;0;0;2315;0;0;125;0;32;0;
2301;1446653;1178746880;16465920;1379237888;0;0;0;0;0;0;0;0;0;0;0;1853;0;0;125;0;32;0;
2302;1593478;1178746880;16465920;1379237888;0;0;0;0;0;0;0;0;0;0;0;2215;0;0;125;0;32;0;
2303;1662969;1178746880;16465920;1379237888;0;0;0;0;0;0;0;0;0;0;0;2134;0;0;125;0;32;0;
2304;1479235;1178746880;16465920;1379237888;0;0;0;0;0;0;0;0;0;0;0;2134;0;0;125;0;32;0;
2305;2165351;1178746880;16465920;1379237888;0;0;0;0;0;0;0;0;0;0;0;2264;0;0;125;0;32;0;
2306;1473253;1178746880;16465920;1379237888;0;0;0;0;0;0;0;0;0;0;0;2154;0;0;125;0;32;0;
2307;1412930;1178746880;16465920;1379237888;0;0;0;0;0;0;0;0;0;0;0;2004;0;0;125;0;32;0;
2308;1624106;1178746880;16465920;1379237888;0;0;0;0;0;0;0;0;0;0;0;2124;0;0;125;0;32;0;
2309;1546380;1178746880;16465920;1379237888;0;0;0;0;0;0;0;0;0;0;0;2074;0;0;125;0;32;0;
2310;2380865;1178746880;16465920;1379237888;0;0;0;0;0;0;0;0;0;0;0;2264;0;0;125;0;32;0;
2311;1394605;1178746880;16465920;1379237888;0;0;0;0;0;0;0;0;0;0;0;2304;0;0;125;0;32;0;
2312;1491247;1178746880;16465920;1379237888;0;0;0;0;0;0;0;0;0;0;0;1923;0;0;125;0;32;0;
2313;1424361;1178746880;16465920;1379237888;0;0;0;0;0;0;0;0;0;0;0;1974;0;0;125;0;32;0;
2314;1545649;1178746880;16465920;1379237888;0;0;0;0;0;0;0;0;0;0;0;2174;0;0;125;0;32;0;
2315;5426147;1179013120;16465920;1379237888;0;0;0;0;0;0;0;0;0;0;0;2004;0;0;125;0;32;0;
2316;3518529;1179013120;16474112;1379246080;0;0;0;0;0;0;0;0;0;0;0;2435;0;0;125;0;32;0;
2317;2015801;1179013120;16474112;1379246080;0;0;0;0;0;0;0;0;0;0;0;1834;0;0;125;0;32;0;
2318;1422478;1179013120;16474112;1379246080;0;0;0;0;0;0;0;0;0;0;0;1673;0;0;125;0;32;0;
2319;1381611;1179013120;16474112;1379246080;0;0;0;0;0;0;0;0;0;0;0;1913;0;0;125;0;32;0;
2320;1570004;1179013120;16474112;1379246080;0;0;0;0;0;0;0;0;0;0;0;2244;0;0;125;0;32;0;
2321;2241063;1179013120;16474112;1379246080;0;0;0;0;0;0;0;0;0;0;0;1773;0;0;125;0;32;0;
2322;1472051;1179013120;16474112;1379246080;0;0;0;0;0;0;0;0;0;0;0;1993;0;0;125;0;32;0;
2323;1340765;1179013120;16474112;1379246080;0;0;0;0;0;0;0;0;0;0;0;1943;0;0;125;0;32;0;
2324;1318723;1179013120;16474112;1379246080;0;0;0;0;0;0;0;0;0;0;0;1954;0;0;125;0;32;0;
2325;1392461;1179013120;16474112;1379246080;0;0;0;0;0;0;0;0;0;0;0;1823;0;0;125;0;32;0;
2326;1888391;1179013120;16474112;1379246080;0;0;0;0;0;0;0;0;0;0;0;1934;0;0;125;0;32;0;
2327;1486598;1179013120;16474112;1379246080;0;0;0;0;0;0;0;0;0;0;0;1874;0;0;125;0;32;0;
2328;1755953;1179013120;16474112;1379246080;0;0;0;0;0;0;0;0;0;0;0;1824;0;0;125;0;32;0;
2329;1720817;1179013120;16474112;1379246080;0;0;0;0;0;0;0;0;0;0;0;2154;0;0;125;0;32;0;
2330;1427477;1179013120;16474112;1379246080;0;0;0;0;0;0;0;0;0;0;0;2214;0;0;125;0;32;0;
2331;2389581;1179013120;16474112;1379246080;0;0;0;0;0;0;0;0;0;0;0;1913;0;0;125;0;32;0;
2332;1518067;1179013120;16474112;1379246080;0;0;0;0;0;0;0;0;0;0;0;1853;0;0;125;0;32;0;
2333;1555287;1179013120;16474112;1379246080;0;0;0;0;0;0;0;0;0;0;0;2044;0;0;125;0;32;0;
2334;1704646;1179013120;16474112;1379246080;0;0;0;0;0;0;0;0;0;0;0;1754;0;0;125;0;32;0;
2335;1327449;1179013120;16474112;1379246080;0;0;0;0;0;0;0;0;0;0;0;1824;0;0;125;0;32;0;
2336;1790838;1179013120;16474112;1379246080;0;0;0;0;0;0;0;0;0;0;0;2053;0;0;125;0;32;0;
2337;1746255;1179013120;16474112;1379246080;0;0;0;0;0;0;0;0;0;0;0;2104;0;0;125;0;32;0;
2338;1485737;1179013120;16474112;1379246080;0;0;0;0;0;0;0;0;0;0;0;2014;0;0;125;0;32;0;
2339;1583129;1179013120;16474112;1379246080;0;0;0;0;0;0;0;0;0;0;0;1913;0;0;125;0;32;0;
2340;1237240;1179013120;16474112;1379246080;0;0;0;0;0;0;0;0;0;0;0;2034;0;0;125;0;32;0;
2341;2362060;1179013120;16474112;1379246080;0;0;0;0;0;0;0;0;0;0;0;2104;0;0;125;0;32;0;
2342;1946931;1179013120;16474112;1379246080;0;0;0;0;0;0;0;0;0;0;0;1944;0;0;125;0;32;0;
2343;1696331;1179013120;16474112;1379246080;0;0;0;0;0;0;0;0;0;0;0;2034;0;0;125;0;32;0;
2344;1507998;1179013120;16474112;1379246080;0;0;0;0;0;0;0;0;0;0;0;2064;0;0;125;0;32;0;
2345;1764800;1179013120;16474112;1379246080;0;0;0;0;0;0;0;0;0;0;0;1984;0;0;125;0;32;0;
2346;4531548;1179013120;16474112;1379246080;0;0;0;0;0;0;0;0;0;0;0;2014;0;0;125;0;32;0;
2347;2109947;1179013120;16474112;1379246080;0;0;0;0;0;0;0;0;0;0;0;2004;0;0;125;0;32;0;
2348;1230688;1179013120;16474112;1379246080;0;0;0;0;0;0;0;0;0;0;0;2024;0;0;125;0;32;0;
2349;1499171;1179013120;16474112;1379246080;0;0;0;0;0;0;0;0;0;0;0;2545;0;0;125;0;32;0;
2350;2967235;1179013120;16465920;1379237888;0;0;0;0;0;0;0;0;0;0;0;2184;0;0;125;0;32;0;
2351;1660183;1179013120;16465920;1379237888;0;0;0;0;0;0;0;0;0;0;0;2174;0;0;125;0;32;0;
2352;1381270;1179013120;16465920;1379237888;0;0;0;0;0;0;0;0;0;0;0;2144;0;0;125;0;32;0;
2353;1571356;1179013120;16465920;1379237888;0;0;0;0;0;0;0;0;0;0;0;2164;0;0;125;0;32;0;
2354;1283717;1179013120;16465920;1379237888;0;0;0;0;0;0;0;0;0;0;0;2024;0;0;125;0;32;0;
2355;2673244;1179013120;16465920;1379237888;0;0;0;0;0;0;0;0;0;0;0;1953;0;0;125;0;32;0;
2356;1524629;1179013120;16465920;1379237888;0;0;0;0;0;0;0;0;0;0;0;2084;0;0;125;0;32;0;
2357;1517346;1179013120;16465920;1379237888;0;0;0;0;0;0;0;0;0;0;0;1954;0;0;125;0;32;0;
2358;1222212;1179013120;16465920;1379237888;0;0;0;0;0;0;0;0;0;0;0;2134;0;0;125;0;32;0;
2359;1344582;1179013120;16465920;1379237888;0;0;0;0;0;0;0;0;0;0;0;1854;0;0;125;0;32;0;
2360;1778706;1179013120;16465920;1379237888;0;0;0;0;0;0;0;0;0;0;0;2103;0;0;125;0;32;0;
2361;1464426;1179013120;16465920;1379237888;0;0;0;0;0;0;0;0;0;0;0;2204;0;0;125;0;32;0;
2362;1143123;1179013120;16465920;1379237888;0;0;0;0;0;0;0;0;0;0;0;2265;0;0;125;0;32;0;
2363;1286522;1179013120;16465920;1379237888;0;0;0;0;0;0;0;0;0;0;0;2154;0;0;125;0;32;0;
2364;1311249;1179013120;16465920;1379237888;0;0;0;0;0;0;0;0;0;0;0;1954;0;0;125;0;32;0;
2365;1784096;1179013120;16465920;1379237888;0;0;0;0;0;0;0;0;0;0;0;2204;0;0;125;0;32;0;
2366;1553965;1179013120;16465920;1379237888;0;0;0;0;0;0;0;0;0;0;0;2435;0;0;125;0;32;0;
2367;1856261;1179013120;16465920;1379237888;0;0;0;0;0;0;0;0;0;0;0;2154;0;0;125;0;32;0;
2368;1258420;1179013120;16465920;1379237888;0;0;0;0;0;0;0;0;0;0;0;2004;0;0;125;0;32;0;
2369;1148664;1179013120;16465920;1379237888;0;0;0;0;0;0;0;0;0;0;0;2315;0;0;125;0;32;0;
2370;2013155;1179013120;16465920;1379237888;0;0;0;0;0;0;0;0;0;0;0;1963;0;0;125;0;32;0;
2371;1263650;1179013120;16465920;1379237888;0;0;0;0;0;0;0;0;0;0;0;2235;0;0;125;0;32;0;
2372;1652810;1179013120;16465920;1379237888;0;0;0;0;0;0;0;0;0;0;0;1994;0;0;125;0;32;0;
2373;1344392;1179013120;16465920;1379237888;0;0;0;0;0;0;0;0;0;0;0;2144;0;0;125;0;32;0;
2374;1453516;1179013120;16465920;1379237888;0;0;0;0;0;0;0;0;0;0;0;1893;0;0;125;0;32;0;
2375;4459935;1179013120;16465920;1379237888;0;0;0;0;0;0;0;0;0;0;0;1854;0;0;125;0;32;0;
2376;3089584;1179013120;16465920;1379237888;0;0;0;0;0;0;0;0;0;0;0;2304;0;0;125;0;32;0;
2377;1543745;1179013120;16465920;1379237888;0;0;0;0;0;0;0;0;0;0;0;2325;0;0;125;0;32;0;
2378;1575474;1179013120;16465920;1379237888;0;0;0;0;0;0;0;0;0;0;0;2134;0;0;125;0;32;0;
2379;1877891;1179013120;16465920;1379237888;0;0;0;0;0;0;0;0;0;0;0;1994;0;0;125;0;32;0;
2380;1121263;1179013120;16465920;1379237888;0;0;0;0;0;0;0;0;0;0;0;2314;0;0;125;0;32;0;
2381;1462934;1179013120;16465920;1379237888;0;0;0;0;0;0;0;0;0;0;0;2074;0;0;125;0;32;0;
2382;1279279;1179013120;16465920;1379237888;0;0;0;0;0;0;0;0;0;0;0;1733;0;0;125;0;32;0;
2383;1781562;1179013120;16465920;1379237888;0;0;0;0;0;0;0;0;0;0;0;2174;0;0;125;0;32;0;
2384;1362515;1179013120;16465920;1379237888;0;0;0;0;0;0;0;0;0;0;0;2164;0;0;125;0;32;0;
2385;1754020;1179013120;16465920;1379237888;0;0;0;0;0;0;0;0;0;0;0;2154;0;0;125;0;32;0;
2386;1128026;1179013120;16465920;1379237888;0;0;0;0;0;0;0;0;0;0;0;1974;0;0;125;0;32;0;
2387;1283788;1179013120;16465920;1379237888;0;0;0;0;0;0;0;0;0;0;0;2094;0;0;125;0;32;0;
2388;2015389;1179013120;16465920;1379237888;0;0;0;0;0;0;0;0;0;0;0;2265;0;0;125;0;32;0;
2389;1544646;1179013120;16465920;1379237888;0;0;0;0;0;0;0;0;0;0;0;2424;0;0;125;0;32;0;
2390;1311319;1179013120;16465920;1379237888;0;0;0;0;0;0;0;0;0;0;0;2134;0;0;125;0;32;0;
2391;1507017;1179013120;16465920;1379237888;0;0;0;0;0;0;0;0;0;0;0;1974;0;0;125;0;32;0;
2392;1110352;1179013120;16465920;1379237888;0;0;0;0;0;0;0;0;0;0;0;2315;0;0;125;0;32;0;
2393;1929759;1179013120;16465920;1379237888;0;0;0;0;0;0;0;0;0;0;0;2023;0;0;125;0;32;0;
2394;1407700;1179013120;16465920;1379237888;0;0;0;0;0;0;0;0;0;0;0;2324;0;0;125;0;32;0;
2395;1069436;1179013120;16465920;1379237888;0;0;0;0;0;0;0;0;0;0;0;2254;0;0;125;0;32;0;
2396;1878803;1179013120;16465920;1379237888;0;0;0;0;0;0;0;0;0;0;0;2144;0;0;125;0;32;0;
2397;1327159;1179013120;16465920;1379237888;0;0;0;0;0;0;0;0;0;0;0;2014;0;0;125;0;32;0;
2398;1947613;1179013120;16465920;1379237888;0;0;0;0;0;0;0;0;0;0;0;2063;0;0;125;0;32;0;
2399;1192987;1179013120;16465920;1379237888;0;0;0;0;0;0;0;0;0;0;0;2244;0;0;125;0;32;0;
2400;1254102;1179013120;16465920;1379237888;0;0;0;0;0;0;0;0;0;0;0;1994;0;0;125;0;32;0;
2401;1256226;1179013120;16465920;1379237888;0;0;0;0;0;0;0;0;0;0;0;1904;0;0;125;0;32;0;
2402;1064757;1179013120;16465920;1379237888;0;0;0;0;0;0;0;0;0;0;0;1873;0;0;125;0;32;0;
2403;4345129;1179013120;16465920;1379237888;0;0;0;0;0;0;0;0;0;0;0;2465;0;0;125;0;32;0;
2404;2589857;1179013120;16465920;1379237888;0;0;0;0;0;0;0;0;0;0;0;2344;0;0;125;0;32;0;
2405;1223014;1179013120;16465920;1379237888;0;0;0;0;0;0;0;0;0;0;0;1783;0;0;125;0;32;0;
2406;1544056;1179013120;16465920;1379237888;0;0;0;0;0;0;0;0;0;0;0;1803;0;0;125;0;32;0;
2407;1540479;1179013120;16465920;1379237888;0;0;0;0;0;0;0;0;0;0;0;1914;0;0;125;0;32;0;
2408;1223304;1179013120;16465920;1379237888;0;0;0;0;0;0;0;0;0;0;0;1934;0;0;125;0;32;0;
2409;1876369;1179013120;16465920;1379237888;0;0;0;0;0;0;0;0;0;0;0;1633;0;0;125;0;32;0;
2410;1355612;1179013120;16465920;1379237888;0;0;0;0;0;0;0;0;0;0;0;1843;0;0;125;0;32;0;
2411;1873384;1179013120;16465920;1379237888;0;0;0;0;0;0;0;0;0;0;0;1893;0;0;125;0;32;0;
2412;1679550;1179013120;16465920;1379237888;0;0;0;0;0;0;0;0;0;0;0;1923;0;0;125;0;32;0;
2413;1119199;1179013120;16465920;1379237888;0;0;0;0;0;0;0;0;0;0;0;2204;0;0;125;0;32;0;
2414;1161558;1179013120;16465920;1379237888;0;0;0;0;0;0;0;0;0;0;0;2124;0;0;125;0;32;0;
2415;1666295;1179013120;16465920;1379237888;0;0;0;0;0;0;0;0;0;0;0;2405;0;0;125;0;32;0;
2416;1175074;1179013120;16465920;1379237888;0;0;0;0;0;0;0;0;0;0;0;1863;0;0;125;0;32;0;
2417;1493180;1179013120;16465920;1379237888;0;0;0;0;0;0;0;0;0;0;0;1944;0;0;125;0;32;0;
2418;1177709;1179013120;16465920;1379237888;0;0;0;0;0;0;0;0;0;0;0;1853;0;0;125;0;32;0;
2419;1274441;1179013120;16465920;1379237888;0;0;0;0;0;0;0;0;0;0;0;2134;0;0;125;0;32;0;
2420;1691963;1179013120;16465920;1379237888;0;0;0;0;0;0;0;0;0;0;0;2114;0;0;125;0;32;0;
2421;1828620;1179013120;16465920;1379237888;0;0;0;0;0;0;0;0;0;0;0;1874;0;0;125;0;32;0;
2422;1371282;1179013120;16465920;1379237888;0;0;0;0;0;0;0;0;0;0;0;1924;0;0;125;0;32;0;
2423;1344652;1179013120;16465920;1379237888;0;0;0;0;0;0;0;0;0;0;0;2094;0;0;125;0;32;0;
2424;1791920;1179013120;16465920;1379237888;0;0;0;0;0;0;0;0;0;0;0;2164;0;0;125;0;32;0;
2425;1325706;1179013120;16465920;1379237888;0;0;0;0;0;0;0;0;0;0;0;2154;0;0;125;0;32;0;
2426;1308875;1179013120;16465920;1379237888;0;0;0;0;0;0;0;0;0;0;0;2254;0;0;125;0;32;0;
2427;1049318;1179013120;16465920;1379237888;0;0;0;0;0;0;0;0;0;0;0;2064;0;0;125;0;32;0;
2428;1177458;1179013120;16465920;1379237888;0;0;0;0;0;0;0;0;0;0;0;2304;0;0;125;0;32;0;
2429;4125337;1179013120;16465920;1379237888;0;0;0;0;0;0;0;0;0;0;0;2034;0;0;125;0;32;0;
2430;2611468;1179013120;16474112;1379246080;0;0;0;0;0;0;0;0;0;0;0;2355;0;0;125;0;32;0;
2431;2529394;1179279360;16474112;1379246080;0;0;0;0;0;0;0;0;0;0;0;1944;0;0;125;0;32;0;
2432;1428489;1179279360;16474112;1379246080;0;0;0;0;0;0;0;0;0;0;0;2154;0;0;125;0;32;0;
2433;1263440;1179279360;16474112;1379246080;0;0;0;0;0;0;0;0;0;0;0;1954;0;0;125;0;32;0;
2434;1886378;1179279360;16474112;1379246080;0;0;0;0;0;0;0;0;0;0;0;1854;0;0;125;0;32;0;
2435;1383104;1179279360;16474112;1379246080;0;0;0;0;0;0;0;0;0;0;0;2114;0;0;125;0;32;0;
2436;1422087;1179279360;16474112;1379246080;0;0;0;0;0;0;0;0;0;0;0;1973;0;0;125;0;32;0;
2437;1272056;1179279360;16474112;1379246080;0;0;0;0;0;0;0;0;0;0;0;2044;0;0;125;0;32;0;
2438;1802481;1179279360;16474112;1379246080;0;0;0;0;0;0;0;0;0;0;0;2325;0;0;125;0;32;0;
2439;1460700;1179279360;16474112;1379246080;0;0;0;0;0;0;0;0;0;0;0;2114;0;0;125;0;32;0;
2440;1522225;1179279360;16474112;1379246080;0;0;0;0;0;0;0;0;0;0;0;2174;0;0;125;0;32;0;
2441;1240867;1179279360;16474112;1379246080;0;0;0;0;0;0;0;0;0;0;0;2054;0;0;125;0;32;0;
2442;1707543;1179279360;16474112;1379246080;0;0;0;0;0;0;0;0;0;0;0;2124;0;0;125;0;32;0;
2443;1506496;1179279360;16474112;1379246080;0;0;0;0;0;0;0;0;0;0;0;78036;0;0;125;0;32;0;
2444;1266866;1179279360;16474112;1379246080;0;0;0;0;0;0;0;0;0;0;0;2024;0;0;125;0;32;0;
2445;1511926;1179279360;16474112;1379246080;0;0;0;0;0;0;0;0;0;0;0;2224;0;0;125;0;32;0;
2446;1424692;1179279360;16474112;1379246080;0;0;0;0;0;0;0;0;0;0;0;1964;0;0;125;0;32;0;
2447;2108194;1179279360;16474112;1379246080;0;0;0;0;0;0;0;0;0;0;0;2004;0;0;125;0;32;0;
2448;1212934;1179279360;16474112;1379246080;0;0;0;0;0;0;0;0;0;0;0;2084;0;0;125;0;32;0;
2449;1115893;1179279360;16474112;1379246080;0;0;0;0;0;0;0;0;0;0;0;2705;0;0;125;0;32;0;
2450;1321007;1179279360;16474112;1379246080;0;0;0;0;0;0;0;0;0;0;0;1763;0;0;125;0;32;0;
2451;1761243;1179279360;16474112;1379246080;0;0;0;0;0;0;0;0;0;0;0;2014;0;0;125;0;32;0;
2452;1611563;1179279360;16474112;1379246080;0;0;0;0;0;0;0;0;0;0;0;2044;0;0;125;0;32;0;
2453;1288266;1179279360;16474112;1379246080;0;0;0;0;0;0;0;0;0;0;0;2334;0;0;125;0;32;0;
2454;1263790;1179279360;16474112;1379246080;0;0;0;0;0;0;0;0;0;0;0;1883;0;0;125;0;32;0;
2455;1179292;1179279360;16474112;1379246080;0;0;0;0;0;0;0;0;0;0;0;2184;0;0;125;0;32;0;
2456;4459423;1179279360;16474112;1379246080;0;0;0;0;0;0;0;0;0;0;0;1963;0;0;125;0;32;0;
2457;2153158;1179279360;16474112;1379246080;0;0;0;0;0;0;0;0;0;0;0;2004;0;0;125;0;32;0;
2458;1293936;1179279360;16474112;1379246080;0;0;0;0;0;0;0;0;0;0;0;2154;0;0;125;0;32;0;
2459;1355121;1179279360;16474112;1379246080;0;0;0;0;0;0;0;0;0;0;0;1903;0;0;125;0;32;0;
2460;1534789;1179279360;16474112;1379246080;0;0;0;0;0;0;0;0;0;0;0;2104;0;0;125;0;32;0;
2461;1472391;1179279360;16474112;1379246080;0;0;0;0;0;0;0;0;0;0;0;2154;0;0;125;0;32;0;
2462;2852640;1179279360;16474112;1379246080;0;0;0;0;0;0;0;0;0;0;0;1964;0;0;125;0;32;0;
2463;1442546;1179279360;16474112;1379246080;0;0;0;0;0;0;0;0;0;0;0;1854;0;0;125;0;32;0;
2464;1553684;1179279360;16474112;1379246080;0;0;0;0;0;0;0;0;0;0;0;2404;0;0;125;0;32;0;
2465;1434540;1179279360;16474112;1379246080;0;0;0;0;0;0;0;0;0;0;0;2024;0;0;125;0;32;0;
2466;1328392;1179279360;16474112;1379246080;0;0;0;0;0;0;0;0;0;0;0;2083;0;0;125;0;32;0;
2467;1157000;1179279360;16474112;1379246080;0;0;0;0;0;0;0;0;0;0;0;2214;0;0;125;0;32;0;
2468;1885646;1179279360;16474112;1379246080;0;0;0;0;0;0;0;0;0;0;0;1894;0;0;125;0;32;0;
2469;1099472;1179279360;16474112;1379246080;0;0;0;0;0;0;0;0;0;0;0;1954;0;0;125;0;32;0;
2470;1265293;1179279360;16474112;1379246080;0;0;0;0;0;0;0;0;0;0;0;2144;0;0;125;0;32;0;
2471;2011863;1179279360;16474112;1379246080;0;0;0;0;0;0;0;0;0;0;0;2204;0;0;125;0;32;0;
2472;2046157;1179279360;16474112;1379246080;0;0;0;0;0;0;0;0;0;0;0;2144;0;0;125;0;32;0;
2473;1230758;1179279360;16474112;1379246080;0;0;0;0;0;0;0;0;0;0;0;1724;0;0;125;0;32;0;
2474;1583870;1179279360;16474112;1379246080;0;0;0;0;0;0;0;0;0;0;0;1894;0;0;125;0;32;0;
2475;1409153;1179279360;16474112;1379246080;0;0;0;0;0;0;0;0;0;0;0;1843;0;0;125;0;32;0;
2476;4532039;1179279360;16474112;1379246080;0;0;0;0;0;0;0;0;0;0;0;2084;0;0;125;0;32;0;
2477;2867769;1179279360;16482304;1379254272;0;0;0;0;0;0;0;0;0;0;0;2354;0;0;125;0;32;0;
2478;1674501;1179279360;16482304;1379254272;0;0;0;0;0;0;0;0;0;0;0;1964;0;0;125;0;32;0;
2479;1363538;1179279360;16482304;1379254272;0;0;0;0;0;0;0;0;0;0;0;1873;0;0;125;0;32;0;
2480;1203577;1179279360;16482304;1379254272;0;0;0;0;0;0;0;0;0;0;0;1964;0;0;125;0;32;0;
2481;1574503;1179279360;16482304;1379254272;0;0;0;0;0;0;0;0;0;0;0;1973;0;0;125;0;32;0;
2482;1419973;1179279360;16482304;1379254272;0;0;0;0;0;0;0;0;0;0;0;2013;0;0;125;0;32;0;
2483;1318743;1179279360;16482304;1379254272;0;0;0;0;0;0;0;0;0;0;0;1943;0;0;125;0;32;0;
2484;1316539;1179279360;16482304;1379254272;0;0;0;0;0;0;0;0;0;0;0;2024;0;0;125;0;32;0;
2485;1606423;1179279360;16482304;1379254272;0;0;0;0;0;0;0;0;0;0;0;1774;0;0;125;0;32;0;
2486;1371221;1179279360;16482304;1379254272;0;0;0;0;0;0;0;0;0;0;0;1864;0;0;125;0;32;0;
2487;1106795;1179279360;16482304;1379254272;0;0;0;0;0;0;0;0;0;0;0;2023;0;0;125;0;32;0;
2488;1333190;1179279360;16482304;1379254272;0;0;0;0;0;0;0;0;0;0;0;2104;0;0;125;0;32;0;
2489;1576006;1179279360;16482304;1379254272;0;0;0;0;0;0;0;0;0;0;0;2064;0;0;125;0;32;0;
2490;1659242;1179279360;16482304;1379254272;0;0;0;0;0;0;0;0;0;0;0;2074;0;0;125;0;32;0;
2491;1156859;1179279360;16482304;1379254272;0;0;0;0;0;0;0;0;0;0;0;1944;0;0;125;0;32;0;
2492;1204419;1179279360;16482304;1379254272;0;0;0;0;0;0;0;0;0;0;0;1994;0;0;125;0;32;0;
2493;1750743;1179279360;16482304;1379254272;0;0;0;0;0;0;0;0;0;0;0;1934;0;0;125;0;32;0;
2494;1186806;1179279360;16482304;1379254272;0;0;0;0;0;0;0;0;0;0;0;2204;0;0;125;0;32;0;
2495;1399034;1179279360;16482304;1379254272;0;0;0;0;0;0;0;0;0;0;0;1874;0;0;125;0;32;0;
2496;1181496;1179279360;16482304;1379254272;0;0;0;0;0;0;0;0;0;0;0;2064;0;0;125;0;32;0;
2497;4298160;1179279360;16482304;1379254272;0;0;0;0;0;0;0;0;0;0;0;2104;0;0;125;0;32;0;
2498;2326713;1179279360;16482304;1379254272;0;0;0;0;0;0;0;0;0;0;0;2114;0;0;125;0;32;0;
2499;1377894;1179279360;16482304;1379254272;0;0;0;0;0;0;0;0;0;0;0;1964;0;0;125;0;32;0;
2500;1288045;1179279360;16482304;1379254272;0;0;0;0;0;0;0;0;0;0;0;1884;0;0;125;0;32;0;
2501;2029496;1179279360;16482304;1379254272;0;0;0;0;0;0;0;0;0;0;0;2144;0;0;125;0;32;0;
2502;1538085;1179279360;16482304;1379254272;0;0;0;0;0;0;0;0;0;0;0;1873;0;0;125;0;32;0;
2503;1353207;1179279360;16482304;1379254272;0;0;0;0;0;0;0;0;0;0;0;1914;0;0;125;0;32;0;
2504;1364539;1179279360;16482304;1379254272;0;0;0;0;0;0;0;0;0;0;0;1893;0;0;125;0;32;0;
2505;2142358;1179475968;16474112;1379246080;0;0;0;0;0;0;0;0;0;0;0;1914;0;0;125;0;32;0;
2506;1529068;1179475968;16474112;1379246080;0;0;0;0;0;0;0;0;0;0;0;2044;0;0;125;0;32;0;
2507;1453606;1179475968;16474112;1379246080;0;0;0;0;0;0;0;0;0;0;0;1984;0;0;125;0;32;0;
2508;1837025;1179475968;16474112;1379246080;0;0;0;0;0;0;0;0;0;0;0;2565;0;0;125;0;32;0;
2509;1700940;1179475968;16474112;1379246080;0;0;0;0;0;0;0;0;0;0;0;1984;0;0;125;0;32;0;
2510;1201203;1179475968;16474112;1379246080;0;0;0;0;0;0;0;0;0;0;0;2024;0;0;125;0;32;0;
2511;1407750;1179475968;16474112;1379246080;0;0;0;0;0;0;0;0;0;0;0;1863;0;0;125;0;32;0;
2512;1406107;1179475968;16474112;1379246080;0;0;0;0;0;0;0;0;0;0;0;1893;0;0;125;0;32;0;
2513;2107783;1179475968;16474112;1379246080;0;0;0;0;0;0;0;0;0;0;0;2525;0;0;125;0;32;0;
2514;1284369;1179475968;16474112;1379246080;0;0;0;0;0;0;0;0;0;0;0;2124;0;0;125;0;32;0;
2515;1298055;1179475968;16474112;1379246080;0;0;0;0;0;0;0;0;0;0;0;2264;0;0;125;0;32;0;
2516;1255865;1179475968;16474112;1379246080;0;0;0;0;0;0;0;0;0;0;0;2174;0;0;125;0;32;0;
2517;4565893;1179475968;16474112;1379246080;0;0;0;0;0;0;0;0;0;0;0;1753;0;0;125;0;32;0;
2518;2335530;1179475968;16474112;1379246080;0;0;0;0;0;0;0;0;0;0;0;2245;0;0;125;0;32;0;
2519;1688957;1179475968;16474112;1379246080;0;0;0;0;0;0;0;0;0;0;0;2204;0;0;125;0;32;0;
2520;1195702;1179475968;16474112;1379246080;0;0;0;0;0;0;0;0;0;0;0;2215;0;0;125;0;32;0;
2521;2645712;1179475968;16474112;1379246080;0;0;0;0;0;0;0;0;0;0;0;1944;0;0;125;0;32;0;
2522;1795507;1179475968;16474112;1379246080;0;0;0;0;0;0;0;0;0;0;0;2094;0;0;125;0;32;0;
2523;1577157;1179475968;16474112;1379246080;0;0;0;0;0;0;0;0;0;0;0;2014;0;0;125;0;32;0;
2524;1397350;1179475968;16474112;1379246080;0;0;0;0;0;0;0;0;0;0;0;1974;0;0;125;0;32;0;
2525;2072677;1179471872;16470016;1379241984;0;0;0;0;0;0;0;0;0;0;0;2154;0;0;125;0;32;0;
2526;1320797;1179471872;16470016;1379241984;0;0;0;0;0;0;0;0;0;0;0;2123;0;0;125;0;32;0;
2527;1420494;1179471872;16470016;1379241984;0;0;0;0;0;0;0;0;0;0;0;2134;0;0;125;0;32;0;
2528;1609478;1179471872;16470016;1379241984;0;0;0;0;0;0;0;0;0;0;0;2254;0;0;125;0;32;0;
2529;3067723;1179471872;16470016;1379241984;0;0;0;0;0;0;0;0;0;0;0;2104;0;0;125;0;32;0;
2530;2790834;1179471872;16470016;1379241984;0;0;0;0;0;0;0;0;0;0;0;7203;0;0;125;0;32;0;
2531;1688286;1179471872;16470016;1379241984;0;0;0;0;0;0;0;0;0;0;0;2054;0;0;125;0;32;0;
2532;1494282;1179471872;16470016;1379241984;0;0;0;0;0;0;0;0;0;0;0;2124;0;0;125;0;32;0;
2533;2466756;1179471872;16470016;1379241984;0;0;0;0;0;0;0;0;0;0;0;3046;0;0;125;0;32;0;
2534;1666505;1179471872;16470016;1379241984;0;0;0;0;0;0;0;0;0;0;0;2865;0;0;125;0;32;0;
2535;1976267;1179471872;16470016;1379241984;0;0;0;0;0;0;0;0;0;0;0;2505;0;0;125;0;32;0;
2536;1602335;1179471872;16470016;1379241984;0;0;0;0;0;0;0;0;0;0;0;3085;0;0;125;0;32;0;
2537;5918158;1179471872;16470016;1379241984;0;0;0;0;0;0;0;0;0;0;0;3086;0;0;125;0;32;0;
2538;4598634;1179471872;16478208;1379250176;0;0;0;0;0;0;0;0;0;0;0;3005;0;0;125;0;32;0;
2539;1850901;1179471872;16478208;1379250176;0;0;0;0;0;0;0;0;0;0;0;2114;0;0;125;0;32;0;
2540;1846563;1179471872;16478208;1379250176;0;0;0;0;0;0;0;0;0;0;0;2144;0;0;125;0;32;0;
2541;1465759;1179471872;16478208;1379250176;0;0;0;0;0;0;0;0;0;0;0;2054;0;0;125;0;32;0;
2542;2255790;1179471872;16478208;1379250176;0;0;0;0;0;0;0;0;0;0;0;2144;0;0;125;0;32;0;
2543;1968302;1179471872;16478208;1379250176;0;0;0;0;0;0;0;0;0;0;0;1904;0;0;125;0;32;0;
2544;1436765;1179471872;16478208;1379250176;0;0;0;0;0;0;0;0;0;0;0;2244;0;0;125;0;32;0;
2545;1805546;1179471872;16478208;1379250176;0;0;0;0;0;0;0;0;0;0;0;1924;0;0;125;0;32;0;
2546;1955087;1179471872;16478208;1379250176;0;0;0;0;0;0;0;0;0;0;0;1944;0;0;125;0;32;0;
2547;1572168;1179471872;16478208;1379250176;0;0;0;0;0;0;0;0;0;0;0;2084;0;0;125;0;32;0;
2548;1573511;1179471872;16478208;1379250176;0;0;0;0;0;0;0;0;0;0;0;2053;0;0;125;0;32;0;
2549;1420524;1179471872;16478208;1379250176;0;0;0;0;0;0;0;0;0;0;0;2225;0;0;125;0;32;0;
2550;2193634;1179471872;16478208;1379250176;0;0;0;0;0;0;0;0;0;0;0;3085;0;0;125;0;32;0;
2551;1590503;1179471872;16478208;1379250176;0;0;0;0;0;0;0;0;0;0;0;3176;0;0;125;0;32;0;
2552;2012084;1179471872;16478208;1379250176;0;0;0;0;0;0;0;0;0;0;0;2705;0;0;125;0;32;0;
2553;1953323;1179471872;16478208;1379250176;0;0;0;0;0;0;0;0;0;0;0;2826;0;0;125;0;32;0;
2554;2504136;1179471872;16478208;1379250176;0;0;0;0;0;0;0;0;0;0;0;2024;0;0;125;0;32;0;
2555;1595462;1179471872;16478208;1379250176;0;0;0;0;0;0;0;0;0;0;0;1964;0;0;125;0;32;0;
2556;1257950;1179471872;16478208;1379250176;0;0;0;0;0;0;0;0;0;0;0;2224;0;0;125;0;32;0;
2557;1768968;1179471872;16478208;1379250176;0;0;0;0;0;0;0;0;0;0;0;1823;0;0;125;0;32;0;
2558;4555213;1179471872;16478208;1379250176;0;0;0;0;0;0;0;0;0;0;0;1944;0;0;125;0;32;0;
2559;3402561;1179471872;16482304;1379254272;0;0;0;0;0;0;0;0;0;0;0;2925;0;0;125;0;32;0;
2560;1953464;1179471872;16482304;1379254272;0;0;0;0;0;0;0;0;0;0;0;2074;0;0;125;0;32;0;
2561;1466560;1179471872;16482304;1379254272;0;0;0;0;0;0;0;0;0;0;0;1804;0;0;125;0;32;0;
2562;1183891;1179471872;16482304;1379254272;0;0;0;0;0;0;0;0;0;0;0;2024;0;0;125;0;32;0;
2563;2075553;1179471872;16482304;1379254272;0;0;0;0;0;0;0;0;0;0;0;2174;0;0;125;0;32;0;
2564;1528968;1179471872;16482304;1379254272;0;0;0;0;0;0;0;0;0;0;0;1683;0;0;125;0;32;0;
2565;1237040;1179471872;16482304;1379254272;0;0;0;0;0;0;0;0;0;0;0;1663;0;0;125;0;32;0;
2566;1725175;1179471872;16482304;1379254272;0;0;0;0;0;0;0;0;0;0;0;1904;0;0;125;0;32;0;
2567;1743119;1179471872;16482304;1379254272;0;0;0;0;0;0;0;0;0;0;0;2224;0;0;125;0;32;0;
2568;1265874;1179471872;16482304;1379254272;0;0;0;0;0;0;0;0;0;0;0;2134;0;0;125;0;32;0;
2569;2317967;1179471872;16482304;1379254272;0;0;0;0;0;0;0;0;0;0;0;2164;0;0;125;0;32;0;
2570;1409153;1179471872;16482304;1379254272;0;0;0;0;0;0;0;0;0;0;0;1933;0;0;125;0;32;0;
2571;2217559;1179471872;16482304;1379254272;0;0;0;0;0;0;0;0;0;0;0;1704;0;0;125;0;32;0;
2572;1361142;1179471872;16482304;1379254272;0;0;0;0;0;0;0;0;0;0;0;1883;0;0;125;0;32;0;
2573;2711435;1179471872;16482304;1379254272;0;0;0;0;0;0;0;0;0;0;0;2134;0;0;125;0;32;0;
2574;1211382;1179471872;16482304;1379254272;0;0;0;0;0;0;0;0;0;0;0;2144;0;0;125;0;32;0;
2575;1657789;1179471872;16482304;1379254272;0;0;0;0;0;0;0;0;0;0;0;1994;0;0;125;0;32;0;
2576;1292994;1179471872;16482304;1379254272;0;0;0;0;0;0;0;0;0;0;0;2315;0;0;125;0;32;0;
2577;1282265;1179471872;16482304;1379254272;0;0;0;0;0;0;0;0;0;0;0;2094;0;0;125;0;32;0;
2578;1284589;1179471872;16482304;1379254272;0;0;0;0;0;0;0;0;0;0;0;1873;0;0;125;0;32;0;
2579;4174418;1179471872;16482304;1379254272;0;0;0;0;0;0;0;0;0;0;0;2013;0;0;125;0;32;0;
2580;2920567;1179471872;16482304;1379254272;0;0;0;0;0;0;0;0;0;0;0;2184;0;0;125;0;32;0;
2581;1362846;1179471872;16482304;1379254272;0;0;0;0;0;0;0;0;0;0;0;2124;0;0;125;0;32;0;
2582;1526583;1179471872;16482304;1379254272;0;0;0;0;0;0;0;0;0;0;0;1924;0;0;125;0;32;0;
2583;1813671;1179471872;16482304;1379254272;0;0;0;0;0;0;0;0;0;0;0;2004;0;0;125;0;32;0;
2584;1661215;1179471872;16482304;1379254272;0;0;0;0;0;0;0;0;0;0;0;1573;0;0;125;0;32;0;
2585;1307381;1179471872;16482304;1379254272;0;0;0;0;0;0;0;0;0;0;0;2064;0;0;125;0;32;0;
2586;1492919;1179471872;16482304;1379254272;0;0;0;0;0;0;0;0;0;0;0;2024;0;0;125;0;32;0;
2587;1772114;1179475968;16474112;1379246080;0;0;0;0;0;0;0;0;0;0;0;2033;0;0;125;0;32;0;
2588;1573621;1179475968;16474112;1379246080;0;0;0;0;0;0;0;0;0;0;0;1923;0;0;125;0;32;0;
2589;1335725;1179475968;16474112;1379246080;0;0;0;0;0;0;0;0;0;0;0;2314;0;0;125;0;32;0;
2590;1594961;1179475968;16474112;1379246080;0;0;0;0;0;0;0;0;0;0;0;1853;0;0;125;0;32;0;
2591;1689037;1179475968;16474112;1379246080;0;0;0;0;0;0;0;0;0;0;0;2494;0;0;125;0;32;0;
2592;1193428;1179475968;16474112;1379246080;0;0;0;0;0;0;0;0;0;0;0;2114;0;0;125;0;32;0;
2593;1312872;1179475968;16474112;1379246080;0;0;0;0;0;0;0;0;0;0;0;2044;0;0;125;0;32;0;
2594;1187277;1179475968;16474112;1379246080;0;0;0;0;0;0;0;0;0;0;0;2204;0;0;125;0;32;0;
2595;1779547;1179475968;16474112;1379246080;0;0;0;0;0;0;0;0;0;0;0;2084;0;0;125;0;32;0;
2596;1347186;1179475968;16474112;1379246080;0;0;0;0;0;0;0;0;0;0;0;2605;0;0;125;0;32;0;
2597;1324654;1179475968;16474112;1379246080;0;0;0;0;0;0;0;0;0;0;0;2384;0;0;125;0;32;0;
2598;1358798;1179475968;16474112;1379246080;0;0;0;0;0;0;0;0;0;0;0;1903;0;0;125;0;32;0;
2599;4888889;1179475968;16474112;1379246080;0;0;0;0;0;0;0;0;0;0;0;1953;0;0;125;0;32;0;
2600;2637306;1179475968;16474112;1379246080;0;0;0;0;0;0;0;0;0;0;0;2254;0;0;125;0;32;0;
2601;1353879;1179475968;16474112;1379246080;0;0;0;0;0;0;0;0;0;0;0;2014;0;0;125;0;32;0;
2602;1296131;1179475968;16474112;1379246080;0;0;0;0;0;0;0;0;0;0;0;1994;0;0;125;0;32;0;
2603;1618095;1179475968;16474112;1379246080;0;0;0;0;0;0;0;0;0;0;0;1994;0;0;125;0;32;0;
2604;1326769;1179475968;16474112;1379246080;0;0;0;0;0;0;0;0;0;0;0;2084;0;0;125;0;32;0;
2605;1337799;1179475968;16474112;1379246080;0;0;0;0;0;0;0;0;0;0;0;2184;0;0;125;0;32;0;
2606;1474645;1179475968;16474112;1379246080;0;0;0;0;0;0;0;0;0;0;0;1954;0;0;125;0;32;0;
2607;1756865;1179471872;16470016;1379241984;0;0;0;0;0;0;0;0;0;0;0;1864;0;0;125;0;32;0;
2608;1377724;1179471872;16470016;1379241984;0;0;0;0;0;0;0;0;0;0;0;1964;0;0;125;0;32;0;
2609;1638623;1179471872;16470016;1379241984;0;0;0;0;0;0;0;0;0;0;0;2234;0;0;125;0;32;0;
2610;1359069;1179471872;16470016;1379241984;0;0;0;0;0;0;0;0;0;0;0;1884;0;0;125;0;32;0;
2611;1742087;1179471872;16470016;1379241984;0;0;0;0;0;0;0;0;0;0;0;1863;0;0;125;0;32;0;
2612;1489153;1179471872;16470016;1379241984;0;0;0;0;0;0;0;0;0;0;0;1853;0;0;125;0;32;0;
2613;1205000;1179471872;16470016;1379241984;0;0;0;0;0;0;0;0;0;0;0;1984;0;0;125;0;32;0;
2614;1498591;1179471872;16470016;1379241984;0;0;0;0;0;0;0;0;0;0;0;1933;0;0;125;0;32;0;
2615;1803933;1179471872;16470016;1379241984;0;0;0;0;0;0;0;0;0;0;0;2204;0;0;125;0;32;0;
2616;1261275;1179471872;16470016;1379241984;0;0;0;0;0;0;0;0;0;0;0;2044;0;0;125;0;32;0;
2617;1258971;1179471872;16470016;1379241984;0;0;0;0;0;0;0;0;0;0;0;2445;0;0;125;0;32;0;
2618;1295479;1179471872;16470016;1379241984;0;0;0;0;0;0;0;0;0;0;0;1894;0;0;125;0;32;0;
2619;9315931;1179471872;16470016;1379241984;0;0;0;0;0;0;0;0;0;0;0;2184;0;0;125;0;32;0;
2620;4085512;1179471872;16478208;1379250176;0;0;0;0;0;0;0;0;0;0;0;2023;0;0;125;0;32;0;
2621;1575304;1179471872;16478208;1379250176;0;0;0;0;0;0;0;0;0;0;0;2134;0;0;125;0;32;0;
2622;1123647;1179471872;16478208;1379250176;0;0;0;0;0;0;0;0;0;0;0;2285;0;0;125;0;32;0;
2623;1099451;1179471872;16478208;1379250176;0;0;0;0;0;0;0;0;0;0;0;2164;0;0;125;0;32;0;
2624;3211082;1179471872;16478208;1379250176;0;0;0;0;0;0;0;0;0;0;0;1853;0;0;125;0;32;0;
2625;1381460;1179471872;16478208;1379250176;0;0;0;0;0;0;0;0;0;0;0;2184;0;0;125;0;32;0;
2626;1338620;1179471872;16478208;1379250176;0;0;0;0;0;0;0;0;0;0;0;1943;0;0;125;0;32;0;
2627;1308744;1179471872;16478208;1379250176;0;0;0;0;0;0;0;0;0;0;0;1964;0;0;125;0;32;0;
2628;2040687;1179471872;16478208;1379250176;0;0;0;0;0;0;0;0;0;0;0;2013;0;0;125;0;32;0;
2629;1552291;1179471872;16478208;1379250176;0;0;0;0;0;0;0;0;0;0;0;2775;0;0;125;0;32;0;
2630;1549116;1179471872;16478208;1379250176;0;0;0;0;0;0;0;0;0;0;0;2725;0;0;125;0;32;0;
2631;1429451;1179471872;16478208;1379250176;0;0;0;0;0;0;0;0;0;0;0;2725;0;0;125;0;32;0;
2632;2081333;1179471872;16478208;1379250176;0;0;0;0;0;0;0;0;0;0;0;1923;0;0;125;0;32;0;
2633;1413831;1179471872;16478208;1379250176;0;0;0;0;0;0;0;0;0;0;0;1983;0;0;125;0;32;0;
2634;1415775;1179471872;16478208;1379250176;0;0;0;0;0;0;0;0;0;0;0;2345;0;0;125;0;32;0;
2635;1317521;1179471872;16478208;1379250176;0;0;0;0;0;0;0;0;0;0;0;2114;0;0;125;0;32;0;
2636;2377749;1179471872;16478208;1379250176;0;0;0;0;0;0;0;0;0;0;0;2916;0;0;125;0;32;0;
2637;1720627;1179471872;16478208;1379250176;0;0;0;0;0;0;0;0;0;0;0;2695;0;0;125;0;32;0;
2638;1525420;1179471872;16478208;1379250176;0;0;0;0;0;0;0;0;0;0;0;2705;0;0;125;0;32;0;
2639;1709466;1179471872;16478208;1379250176;0;0;0;0;0;0;0;0;0;0;0;2815;0;0;125;0;32;0;
2640;5159276;1179471872;16478208;1379250176;0;0;0;0;0;0;0;0;0;0;0;2715;0;0;125;0;32;0;
2641;5230930;1179471872;16482304;1379254272;0;0;0;0;0;0;0;0;0;0;0;12704;0;0;125;0;32;0;
2642;1933806;1179471872;16482304;1379254272;0;0;0;0;0;0;0;0;0;0;0;2886;0;0;125;0;32;0;
2643;1617213;1179471872;16482304;1379254272;0;0;0;0;0;0;0;0;0;0;0;2765;0;0;125;0;32;0;
2644;1731147;1179471872;16482304;1379254272;0;0;0;0;0;0;0;0;0;0;0;2665;0;0;125;0;32;0;
2645;2183074;1179471872;16482304;1379254272;0;0;0;0;0;0;0;0;0;0;0;1943;0;0;125;0;32;0;
2646;1560817;1179471872;16482304;1379254272;0;0;0;0;0;0;0;0;0;0;0;1954;0;0;125;0;32;0;
2647;1755362;1179471872;16482304;1379254272;0;0;0;0;0;0;0;0;0;0;0;1994;0;0;125;0;32;0;
2648;2701346;1179471872;16482304;1379254272;0;0;0;0;0;0;0;0;0;0;0;2976;0;0;125;0;32;0;
2649;2322506;1179471872;16482304;1379254272;0;0;0;0;0;0;0;0;0;0;0;1964;0;0;125;0;32;0;
2650;1822889;1179471872;16482304;1379254272;0;0;0;0;0;0;0;0;0;0;0;2725;0;0;125;0;32;0;
2651;2039545;1179471872;16482304;1379254272;0;0;0;0;0;0;0;0;0;0;0;2795;0;0;125;0;32;0;
2652;1518297;1179471872;16482304;1379254272;0;0;0;0;0;0;0;0;0;0;0;2765;0;0;125;0;32;0;
2653;2422684;1179471872;16482304;1379254272;0;0;0;0;0;0;0;0;0;0;0;2955;0;0;125;0;32;0;
2654;1764358;1179471872;16482304;1379254272;0;0;0;0;0;0;0;0;0;0;0;2835;0;0;125;0;32;0;
2655;2198884;1179471872;16482304;1379254272;0;0;0;0;0;0;0;0;0;0;0;3146;0;0;125;0;32;0;
2656;1932664;1179471872;16482304;1379254272;0;0;0;0;0;0;0;0;0;0;0;1874;0;0;125;0;32;0;
2657;1700339;1179471872;16482304;1379254272;0;0;0;0;0;0;0;0;0;0;0;2144;0;0;125;0;32;0;
2658;1551319;1179471872;16482304;1379254272;0;0;0;0;0;0;0;0;0;0;0;1873;0;0;125;0;32;0;
2659;1658570;1179471872;16482304;1379254272;0;0;0;0;0;0;0;0;0;0;0;2314;0;0;125;0;32;0;
2660;2009058;1179471872;16482304;1379254272;0;0;0;0;0;0;0;0;0;0;0;2394;0;0;125;0;32;0;
2661;4388240;1179471872;16482304;1379254272;0;0;0;0;0;0;0;0;0;0;0;1783;0;0;125;0;32;0;
2662;3245526;1179471872;16482304;1379254272;0;0;0;0;0;0;0;0;0;0;0;2254;0;0;125;0;32;0;
2663;1922065;1179471872;16482304;1379254272;0;0;0;0;0;0;0;0;0;0;0;2084;0;0;125;0;32;0;
2664;1647700;1179471872;16482304;1379254272;0;0;0;0;0;0;0;0;0;0;0;1804;0;0;125;0;32;0;
2665;2312727;1179471872;16482304;1379254272;0;0;0;0;0;0;0;0;0;0;0;1963;0;0;125;0;32;0;
2666;1842816;1179471872;16482304;1379254272;0;0;0;0;0;0;0;0;0;0;0;1933;0;0;125;0;32;0;
2667;1912867;1179471872;16482304;1379254272;0;0;0;0;0;0;0;0;0;0;0;2053;0;0;125;0;32;0;
2668;1448196;1179471872;16482304;1379254272;0;0;0;0;0;0;0;0;0;0;0;1883;0;0;125;0;32;0;
2669;2293682;1179475968;16474112;1379246080;0;0;0;0;0;0;0;0;0;0;0;1944;0;0;125;0;32;0;
2670;1687785;1179475968;16474112;1379246080;0;0;0;0;0;0;0;0;0;0;0;1884;0;0;125;0;32;0;
2671;1883282;1179475968;16474112;1379246080;0;0;0;0;0;0;0;0;0;0;0;2174;0;0;125;0;32;0;
2672;1725185;1179475968;16474112;1379246080;0;0;0;0;0;0;0;0;0;0;0;1874;0;0;125;0;32;0;
2673;2258276;1179475968;16474112;1379246080;0;0;0;0;0;0;0;0;0;0;0;1874;0;0;125;0;32;0;
2674;1870628;1179475968;16474112;1379246080;0;0;0;0;0;0;0;0;0;0;0;2274;0;0;125;0;32;0;
2675;1297904;1179475968;16474112;1379246080;0;0;0;0;0;0;0;0;0;0;0;1984;0;0;125;0;32;0;
2676;1892308;1179475968;16474112;1379246080;0;0;0;0;0;0;0;0;0;0;0;1874;0;0;125;0;32;0;
2677;2045707;1179475968;16474112;1379246080;0;0;0;0;0;0;0;0;0;0;0;2665;0;0;125;0;32;0;
2678;2091993;1179475968;16474112;1379246080;0;0;0;0;0;0;0;0;0;0;0;2785;0;0;125;0;32;0;
2679;1606643;1179475968;16474112;1379246080;0;0;0;0;0;0;0;0;0;0;0;2725;0;0;125;0;32;0;
2680;1415685;1179475968;16474112;1379246080;0;0;0;0;0;0;0;0;0;0;0;1974;0;0;125;0;32;0;
2681;5321991;1179475968;16474112;1379246080;0;0;0;0;0;0;0;0;0;0;0;1884;0;0;125;0;32;0;
2682;3567541;1179475968;16478208;1379250176;0;0;0;0;0;0;0;0;0;0;0;1984;0;0;125;0;32;0;
2683;1351194;1179475968;16478208;1379250176;0;0;0;0;0;0;0;0;0;0;0;2014;0;0;125;0;32;0;
2684;1621822;1179475968;16478208;1379250176;0;0;0;0;0;0;0;0;0;0;0;1934;0;0;125;0;32;0;
2685;1892950;1179475968;16478208;1379250176;0;0;0;0;0;0;0;0;0;0;0;2254;0;0;125;0;32;0;
2686;2093707;1179475968;16478208;1379250176;0;0;0;0;0;0;0;0;0;0;0;2003;0;0;125;0;32;0;
2687;2248937;1179475968;16478208;1379250176;0;0;0;0;0;0;0;0;0;0;0;2294;0;0;125;0;32;0;
2688;1452494;1179475968;16478208;1379250176;0;0;0;0;0;0;0;0;0;0;0;2054;0;0;125;0;32;0;
2689;1486457;1179475968;16478208;1379250176;0;0;0;0;0;0;0;0;0;0;0;1914;0;0;125;0;32;0;
2690;2517441;1179475968;16478208;1379250176;0;0;0;0;0;0;0;0;0;0;0;1873;0;0;125;0;32;0;
2691;1940209;1179475968;16478208;1379250176;0;0;0;0;0;0;0;0;0;0;0;1914;0;0;125;0;32;0;
2692;1969083;1179475968;16478208;1379250176;0;0;0;0;0;0;0;0;0;0;0;3055;0;0;125;0;32;0;
2693;1649614;1179475968;16478208;1379250176;0;0;0;0;0;0;0;0;0;0;0;3446;0;0;125;0;32;0;
2694;2653527;1179475968;16478208;1379250176;0;0;0;0;0;0;0;0;0;0;0;1603;0;0;125;0;32;0;
2695;1645806;1179475968;16478208;1379250176;0;0;0;0;0;0;0;0;0;0;0;1653;0;0;125;0;32;0;
2696;1426235;1179475968;16478208;1379250176;0;0;0;0;0;0;0;0;0;0;0;2244;0;0;125;0;32;0;
2697;1240417;1179475968;16478208;1379250176;0;0;0;0;0;0;0;0;0;0;0;2054;0;0;125;0;32;0;
2698;2291808;1179475968;16478208;1379250176;0;0;0;0;0;0;0;0;0;0;0;2184;0;0;125;0;32;0;
2699;1773305;1179475968;16478208;1379250176;0;0;0;0;0;0;0;0;0;0;0;2054;0;0;125;0;32;0;
2700;1253140;1179475968;16478208;1379250176;0;0;0;0;0;0;0;0;0;0;0;1844;0;0;125;0;32;0;
2701;1601684;1179475968;16478208;1379250176;0;0;0;0;0;0;0;0;0;0;0;2034;0;0;125;0;32;0;
2702;4658186;1179475968;16478208;1379250176;0;0;0;0;0;0;0;0;0;0;0;1934;0;0;125;0;32;0;
2703;3914751;1179475968;16478208;1379250176;0;0;0;0;0;0;0;0;0;0;0;3316;0;0;125;0;32;0;
2704;2879921;1179475968;16478208;1379250176;0;0;0;0;0;0;0;0;0;0;0;2935;0;0;125;0;32;0;
2705;2077586;1179475968;16478208;1379250176;0;0;0;0;0;0;0;0;0;0;0;2745;0;0;125;0;32;0;
2706;2158047;1179475968;16478208;1379250176;0;0;0;0;0;0;0;0;0;0;0;1993;0;0;125;0;32;0;
2707;2327956;1179475968;16478208;1379250176;0;0;0;0;0;0;0;0;0;0;0;2094;0;0;125;0;32;0;
2708;1354030;1179475968;16478208;1379250176;0;0;0;0;0;0;0;0;0;0;0;2214;0;0;125;0;32;0;
2709;1510092;1179475968;16478208;1379250176;0;0;0;0;0;0;0;0;0;0;0;1853;0;0;125;0;32;0;
2710;1498500;1179475968;16478208;1379250176;0;0;0;0;0;0;0;0;0;0;0;2134;0;0;125;0;32;0;
2711;2105238;1179475968;16474112;1379246080;0;0;0;0;0;0;0;0;0;0;0;1873;0;0;125;0;32;0;
2712;1424281;1179475968;16474112;1379246080;0;0;0;0;0;0;0;0;0;0;0;2224;0;0;125;0;32;0;
2713;1383375;1179475968;16474112;1379246080;0;0;0;0;0;0;0;0;0;0;0;1863;0;0;125;0;32;0;
2714;1349240;1179475968;16474112;1379246080;0;0;0;0;0;0;0;0;0;0;0;2274;0;0;125;0;32;0;
2715;1713454;1179475968;16474112;1379246080;0;0;0;0;0;0;0;0;0;0;0;1833;0;0;125;0;32;0;
2716;1290681;1179475968;16474112;1379246080;0;0;0;0;0;0;0;0;0;0;0;1582;0;0;125;0;32;0;
2717;1371732;1179475968;16474112;1379246080;0;0;0;0;0;0;0;0;0;0;0;2033;0;0;125;0;32;0;
2718;1475627;1179475968;16474112;1379246080;0;0;0;0;0;0;0;0;0;0;0;1894;0;0;125;0;32;0;
2719;1469406;1179475968;16474112;1379246080;0;0;0;0;0;0;0;0;0;0;0;1883;0;0;125;0;32;0;
2720;1268369;1179475968;16474112;1379246080;0;0;0;0;0;0;0;0;0;0;0;1954;0;0;125;0;32;0;
2721;1980183;1179475968;16474112;1379246080;0;0;0;0;0;0;0;0;0;0;0;1813;0;0;125;0;32;0;
2722;1386260;1179475968;16474112;1379246080;0;0;0;0;0;0;0;0;0;0;0;1904;0;0;125;0;32;0;
2723;4292350;1179475968;16474112;1379246080;0;0;0;0;0;0;0;0;0;0;0;2064;0;0;125;0;32;0;
2724;2375354;1179475968;16474112;1379246080;0;0;0;0;0;0;0;0;0;0;0;2034;0;0;125;0;32;0;
2725;1739753;1179475968;16474112;1379246080;0;0;0;0;0;0;0;0;0;0;0;1853;0;0;125;0;32;0;
2726;1432387;1179475968;16474112;1379246080;0;0;0;0;0;0;0;0;0;0;0;1924;0;0;125;0;32;0;
2727;2001103;1179475968;16474112;1379246080;0;0;0;0;0;0;0;0;0;0;0;1984;0;0;125;0;32;0;
2728;1494602;1179475968;16474112;1379246080;0;0;0;0;0;0;0;0;0;0;0;2234;0;0;125;0;32;0;
2729;1321348;1179475968;16474112;1379246080;0;0;0;0;0;0;0;0;0;0;0;2084;0;0;125;0;32;0;
2730;1668319;1179475968;16474112;1379246080;0;0;0;0;0;0;0;0;0;0;0;2154;0;0;125;0;32;0;
2731;1995803;1179471872;16470016;1379241984;0;0;0;0;0;0;0;0;0;0;0;2244;0;0;125;0;32;0;
2732;1091357;1179471872;16470016;1379241984;0;0;0;0;0;0;0;0;0;0;0;1924;0;0;125;0;32;0;
2733;1383184;1179471872;16470016;1379241984;0;0;0;0;0;0;0;0;0;0;0;2024;0;0;125;0;32;0;
2734;1105483;1179471872;16470016;1379241984;0;0;0;0;0;0;0;0;0;0;0;1863;0;0;125;0;32;0;
2735;2159941;1179471872;16470016;1379241984;0;0;0;0;0;0;0;0;0;0;0;1863;0;0;125;0;32;0;
2736;1727369;1179471872;16470016;1379241984;0;0;0;0;0;0;0;0;0;0;0;2765;0;0;125;0;32;0;
2737;1664332;1179471872;16470016;1379241984;0;0;0;0;0;0;0;0;0;0;0;2826;0;0;125;0;32;0;
2738;1718894;1179471872;16470016;1379241984;0;0;0;0;0;0;0;0;0;0;0;2835;0;0;125;0;32;0;
2739;2194546;1179471872;16470016;1379241984;0;0;0;0;0;0;0;0;0;0;0;2645;0;0;125;0;32;0;
2740;1767465;1179471872;16470016;1379241984;0;0;0;0;0;0;0;0;0;0;0;2765;0;0;125;0;32;0;
2741;1525711;1179471872;16470016;1379241984;0;0;0;0;0;0;0;0;0;0;0;2945;0;0;125;0;32;0;
2742;1847896;1179471872;16470016;1379241984;0;0;0;0;0;0;0;0;0;0;0;2645;0;0;125;0;32;0;
2743;4664448;1179471872;16470016;1379241984;0;0;0;0;0;0;0;0;0;0;0;2765;0;0;125;0;32;0;
2744;3381202;1179471872;16478208;1379250176;0;0;0;0;0;0;0;0;0;0;0;3396;0;0;125;0;32;0;
2745;1390548;1179471872;16478208;1379250176;0;0;0;0;0;0;0;0;0;0;0;2063;0;0;125;0;32;0;
2746;1017648;1179471872;16478208;1379250176;0;0;0;0;0;0;0;0;0;0;0;1944;0;0;125;0;32;0;
2747;1254303;1179471872;16478208;1379250176;0;0;0;0;0;0;0;0;0;0;0;1773;0;0;125;0;32;0;
2748;1909611;1179471872;16478208;1379250176;0;0;0;0;0;0;0;0;0;0;0;1913;0;0;125;0;32;0;
2749;1662178;1179471872;16478208;1379250176;0;0;0;0;0;0;0;0;0;0;0;2014;0;0;125;0;32;0;
2750;1030543;1179471872;16478208;1379250176;0;0;0;0;0;0;0;0;0;0;0;2054;0;0;125;0;32;0;
2751;1444359;1179471872;16478208;1379250176;0;0;0;0;0;0;0;0;0;0;0;1804;0;0;125;0;32;0;
2752;1799114;1179471872;16478208;1379250176;0;0;0;0;0;0;0;0;0;0;0;1914;0;0;125;0;32;0;
2753;1705548;1179471872;16478208;1379250176;0;0;0;0;0;0;0;0;0;0;0;1964;0;0;125;0;32;0;
2754;1499301;1179471872;16478208;1379250176;0;0;0;0;0;0;0;0;0;0;0;1944;0;0;125;0;32;0;
2755;1300990;1179471872;16478208;1379250176;0;0;0;0;0;0;0;0;0;0;0;1954;0;0;125;0;32;0;
2756;2139382;1179471872;16478208;1379250176;0;0;0;0;0;0;0;0;0;0;0;1974;0;0;125;0;32;0;
2757;1346445;1179471872;16478208;1379250176;0;0;0;0;0;0;0;0;0;0;0;2305;0;0;125;0;32;0;
2758;1113999;1179471872;16478208;1379250176;0;0;0;0;0;0;0;0;0;0;0;2034;0;0;125;0;32;0;
2759;975179;1179471872;16478208;1379250176;0;0;0;0;0;0;0;0;0;0;0;1943;0;0;125;0;32;0;
2760;2033914;1179471872;16478208;1379250176;0;0;0;0;0;0;0;0;0;0;0;2535;0;0;125;0;32;0;
2761;1411357;1179471872;16478208;1379250176;0;0;0;0;0;0;0;0;0;0;0;1934;0;0;125;0;32;0;
2762;1108378;1179471872;16478208;1379250176;0;0;0;0;0;0;0;0;0;0;0;1953;0;0;125;0;32;0;
2763;1218926;1179471872;16478208;1379250176;0;0;0;0;0;0;0;0;0;0;0;1934;0;0;125;0;32;0;
2764;4429146;1179471872;16478208;1379250176;0;0;0;0;0;0;0;0;0;0;0;1863;0;0;125;0;32;0;
2765;2193724;1179471872;16478208;1379250176;0;0;0;0;0;0;0;0;0;0;0;2064;0;0;125;0;32;0;
2766;1634446;1179471872;16478208;1379250176;0;0;0;0;0;0;0;0;0;0;0;2053;0;0;125;0;32;0;
2767;1444499;1179471872;16478208;1379250176;0;0;0;0;0;0;0;0;0;0;0;2234;0;0;125;0;32;0;
2768;1994100;1179471872;16478208;1379250176;0;0;0;0;0;0;0;0;0;0;0;1984;0;0;125;0;32;0;
2769;1965747;1179471872;16478208;1379250176;0;0;0;0;0;0;0;0;0;0;0;2755;0;0;125;0;32;0;
2770;1571808;1179471872;16478208;1379250176;0;0;0;0;0;0;0;0;0;0;0;2736;0;0;125;0;32;0;
2771;1443117;1179471872;16478208;1379250176;0;0;0;0;0;0;0;0;0;0;0;2655;0;0;125;0;32;0;
2772;2056887;1179475968;16474112;1379246080;0;0;0;0;0;0;0;0;0;0;0;2735;0;0;125;0;32;0;
2773;1564895;1179475968;16474112;1379246080;0;0;0;0;0;0;0;0;0;0;0;3116;0;0;125;0;32;0;
2774;1603708;1179475968;16474112;1379246080;0;0;0;0;0;0;0;0;0;0;0;2625;0;0;125;0;32;0;
2775;1846313;1179475968;16474112;1379246080;0;0;0;0;0;0;0;0;0;0;0;2675;0;0;125;0;32;0;
2776;2016782;1179475968;16474112;1379246080;0;0;0;0;0;0;0;0;0;0;0;2795;0;0;125;0;32;0;
2777;1662919;1179475968;16474112;1379246080;0;0;0;0;0;0;0;0;0;0;0;2715;0;0;125;0;32;0;
2778;1418460;1179475968;16474112;1379246080;0;0;0;0;0;0;0;0;0;0;0;3126;0;0;125;0;32;0;
2779;1594611;1179475968;16474112;1379246080;0;0;0;0;0;0;0;0;0;0;0;2695;0;0;125;0;32;0;
2780;1777364;1179475968;16474112;1379246080;0;0;0;0;0;0;0;0;0;0;0;1893;0;0;125;0;32;0;
2781;1135400;1179475968;16474112;1379246080;0;0;0;0;0;0;0;0;0;0;0;2034;0;0;125;0;32;0;
2782;1069455;1179475968;16474112;1379246080;0;0;0;0;0;0;0;0;0;0;0;1914;0;0;125;0;32;0;
2783;1194450;1179475968;16474112;1379246080;0;0;0;0;0;0;0;0;0;0;0;2334;0;0;125;0;32;0;
2784;4174789;1179475968;16474112;1379246080;0;0;0;0;0;0;0;0;0;0;0;1933;0;0;125;0;32;0;
2785;2495309;1179475968;16474112;1379246080;0;0;0;0;0;0;0;0;0;0;0;2104;0;0;125;0;32;0;
2786;1035713;1179475968;16474112;1379246080;0;0;0;0;0;0;0;0;0;0;0;1914;0;0;125;0;32;0;
2787;1220109;1179475968;16474112;1379246080;0;0;0;0;0;0;0;0;0;0;0;1874;0;0;125;0;32;0;
2788;1846663;1179475968;16474112;1379246080;0;0;0;0;0;0;0;0;0;0;0;1913;0;0;125;0;32;0;
2789;1801419;1179475968;16474112;1379246080;0;0;0;0;0;0;0;0;0;0;0;2715;0;0;125;0;32;0;
2790;1501676;1179475968;16474112;1379246080;0;0;0;0;0;0;0;0;0;0;0;2976;0;0;125;0;32;0;
2791;1506796;1179475968;16474112;1379246080;0;0;0;0;0;0;0;0;0;0;0;2926;0;0;125;0;32;0;
2792;1914731;1179471872;16470016;1379241984;0;0;0;0;0;0;0;0;0;0;0;1874;0;0;125;0;32;0;
2793;1396599;1179471872;16470016;1379241984;0;0;0;0;0;0;0;0;0;0;0;2054;0;0;125;0;32;0;
2794;1262056;1179471872;16470016;1379241984;0;0;0;0;0;0;0;0;0;0;0;2164;0;0;125;0;32;0;
2795;1256256;1179471872;16470016;1379241984;0;0;0;0;0;0;0;0;0;0;0;2184;0;0;125;0;32;0;
2796;2397166;1179471872;16470016;1379241984;0;0;0;0;0;0;0;0;0;0;0;2023;0;0;125;0;32;0;
2797;1261456;1179471872;16470016;1379241984;0;0;0;0;0;0;0;0;0;0;0;1924;0;0;125;0;32;0;
2798;1272196;1179471872;16470016;1379241984;0;0;0;0;0;0;0;0;0;0;0;2184;0;0;125;0;32;0;
2799;1496466;1179471872;16470016;1379241984;0;0;0;0;0;0;0;0;0;0;0;2094;0;0;125;0;32;0;
2800;2722767;1179471872;16470016;1379241984;0;0;0;0;0;0;0;0;0;0;0;2805;0;0;125;0;32;0;
2801;1636669;1179471872;16470016;1379241984;0;0;0;0;0;0;0;0;0;0;0;2755;0;0;125;0;32;0;
2802;1548384;1179471872;16470016;1379241984;0;0;0;0;0;0;0;0;0;0;0;2805;0;0;125;0;32;0;
2803;1589491;1179471872;16470016;1379241984;0;0;0;0;0;0;0;0;0;0;0;2665;0;0;125;0;32;0;
2804;4462859;1179471872;16470016;1379241984;0;0;0;0;0;0;0;0;0;0;0;2685;0;0;125;0;32;0;
2805;2942658;1179471872;16478208;1379250176;0;0;0;0;0;0;0;0;0;0;0;2314;0;0;125;0;32;0;
2806;1714486;1179471872;16478208;1379250176;0;0;0;0;0;0;0;0;0;0;0;2034;0;0;125;0;32;0;
2807;1123717;1179471872;16478208;1379250176;0;0;0;0;0;0;0;0;0;0;0;1844;0;0;125;0;32;0;
2808;1061761;1179471872;16478208;1379250176;0;0;0;0;0;0;0;0;0;0;0;1924;0;0;125;0;32;0;
2809;1627843;1179471872;16478208;1379250176;0;0;0;0;0;0;0;0;0;0;0;1934;0;0;125;0;32;0;
2810;1156850;1179471872;16478208;1379250176;0;0;0;0;0;0;0;0;0;0;0;1994;0;0;125;0;32;0;
2811;1183059;1179471872;16478208;1379250176;0;0;0;0;0;0;0;0;0;0;0;1934;0;0;125;0;32;0;
2812;1057263;1179471872;16478208;1379250176;0;0;0;0;0;0;0;0;0;0;0;1784;0;0;125;0;32;0;
2813;1519289;1179471872;16478208;1379250176;0;0;0;0;0;0;0;0;0;0;0;2024;0;0;125;0;32;0;
2814;1677856;1179471872;16478208;1379250176;0;0;0;0;0;0;0;0;0;0;0;2114;0;0;125;0;32;0;
2815;1223294;1179471872;16478208;1379250176;0;0;0;0;0;0;0;0;0;0;0;1964;0;0;125;0;32;0;
2816;1439370;1179471872;16478208;1379250176;0;0;0;0;0;0;0;0;0;0;0;2175;0;0;125;0;32;0;
2817;1964354;1179471872;16478208;1379250176;0;0;0;0;0;0;0;0;0;0;0;2785;0;0;125;0;32;0;
2818;1870879;1179471872;16478208;1379250176;0;0;0;0;0;0;0;0;0;0;0;2765;0;0;125;0;32;0;
2819;1440110;1179471872;16478208;1379250176;0;0;0;0;0;0;0;0;0;0;0;2805;0;0;125;0;32;0;
2820;1376561;1179471872;16478208;1379250176;0;0;0;0;0;0;0;0;0;0;0;2755;0;0;125;0;32;0;
2821;1927214;1179471872;16478208;1379250176;0;0;0;0;0;0;0;0;0;0;0;2705;0;0;125;0;32;0;
2822;1408191;1179471872;16478208;1379250176;0;0;0;0;0;0;0;0;0;0;0;2785;0;0;125;0;32;0;
2823;1502357;1179471872;16478208;1379250176;0;0;0;0;0;0;0;0;0;0;0;2945;0;0;125;0;32;0;
2824;1439640;1179471872;16478208;1379250176;0;0;0;0;0;0;0;0;0;0;0;2926;0;0;125;0;32;0;
2825;4684605;1179471872;16478208;1379250176;0;0;0;0;0;0;0;0;0;0;0;2715;0;0;125;0;32;0;
2826;2546125;1179471872;16478208;1379250176;0;0;0;0;0;0;0;0;0;0;0;2836;0;0;125;0;32;0;
2827;1450259;1179471872;16478208;1379250176;0;0;0;0;0;0;0;0;0;0;0;2855;0;0;125;0;32;0;
2828;1564714;1179471872;16478208;1379250176;0;0;0;0;0;0;0;0;0;0;0;2785;0;0;125;0;32;0;
2829;2155322;1179471872;16478208;1379250176;0;0;0;0;0;0;0;0;0;0;0;2725;0;0;125;0;32;0;
2830;1715817;1179471872;16478208;1379250176;0;0;0;0;0;0;0;0;0;0;0;2876;0;0;125;0;32;0;
2831;1611552;1179471872;16478208;1379250176;0;0;0;0;0;0;0;0;0;0;0;2745;0;0;125;0;32;0;
2832;2098966;1179471872;16478208;1379250176;0;0;0;0;0;0;0;0;0;0;0;2775;0;0;125;0;32;0;
2833;2029997;1179475968;16474112;1379246080;0;0;0;0;0;0;0;0;0;0;0;2815;0;0;125;0;32;0;
2834;1573621;1179475968;16474112;1379246080;0;0;0;0;0;0;0;0;0;0;0;2856;0;0;125;0;32;0;
2835;1641920;1179475968;16474112;1379246080;0;0;0;0;0;0;0;0;0;0;0;2855;0;0;125;0;32;0;
2836;1585043;1179475968;16474112;1379246080;0;0;0;0;0;0;0;0;0;0;0;2745;0;0;125;0;32;0;
2837;2081293;1179475968;16474112;1379246080;0;0;0;0;0;0;0;0;0;0;0;2715;0;0;125;0;32;0;
2838;1658570;1179475968;16474112;1379246080;0;0;0;0;0;0;0;0;0;0;0;2735;0;0;125;0;32;0;
2839;1567159;1179475968;16474112;1379246080;0;0;0;0;0;0;0;0;0;0;0;2765;0;0;125;0;32;0;
2840;1270583;1179475968;16474112;1379246080;0;0;0;0;0;0;0;0;0;0;0;2765;0;0;125;0;32;0;
2841;2061656;1179475968;16474112;1379246080;0;0;0;0;0;0;0;0;0;0;0;2054;0;0;125;0;32;0;
2842;1521673;1179475968;16474112;1379246080;0;0;0;0;0;0;0;0;0;0;0;1943;0;0;125;0;32;0;
2843;1387342;1179475968;16474112;1379246080;0;0;0;0;0;0;0;0;0;0;0;1873;0;0;125;0;32;0;
2844;1431474;1179475968;16474112;1379246080;0;0;0;0;0;0;0;0;0;0;0;1904;0;0;125;0;32;0;
2845;4407376;1179475968;16474112;1379246080;0;0;0;0;0;0;0;0;0;0;0;1883;0;0;125;0;32;0;
2846;2846518;1179475968;16478208;1379250176;0;0;0;0;0;0;0;0;0;0;0;1914;0;0;125;0;32;0;
2847;1408111;1179475968;16478208;1379250176;0;0;0;0;0;0;0;0;0;0;0;2825;0;0;125;0;32;0;
2848;1759229;1179475968;16478208;1379250176;0;0;0;0;0;0;0;0;0;0;0;2735;0;0;125;0;32;0;
2849;987221;1179475968;16478208;1379250176;0;0;0;0;0;0;0;0;0;0;0;1944;0;0;125;0;32;0;
2850;1520081;1179475968;16478208;1379250176;0;0;0;0;0;0;0;0;0;0;0;9528;0;0;125;0;32;0;
2851;1379958;1179475968;16478208;1379250176;0;0;0;0;0;0;0;0;0;0;0;1984;0;0;125;0;32;0;
2852;1220218;1179475968;16478208;1379250176;0;0;0;0;0;0;0;0;0;0;0;1884;0;0;125;0;32;0;
2853;1432156;1179475968;16478208;1379250176;0;0;0;0;0;0;0;0;0;0;0;1913;0;0;125;0;32;0;
2854;1822217;1179475968;16478208;1379250176;0;0;0;0;0;0;0;0;0;0;0;1984;0;0;125;0;32;0;
2855;1226019;1179475968;16478208;1379250176;0;0;0;0;0;0;0;0;0;0;0;1954;0;0;125;0;32;0;
2856;1348379;1179475968;16478208;1379250176;0;0;0;0;0;0;0;0;0;0;0;1943;0;0;125;0;32;0;
2857;1411918;1179475968;16478208;1379250176;0;0;0;0;0;0;0;0;0;0;0;1934;0;0;125;0;32;0;
2858;1982578;1179475968;16478208;1379250176;0;0;0;0;0;0;0;0;0;0;0;1884;0;0;125;0;32;0;
2859;1244153;1179475968;16478208;1379250176;0;0;0;0;0;0;0;0;0;0;0;2104;0;0;125;0;32;0;
2860;1525902;1179475968;16478208;1379250176;0;0;0;0;0;0;0;0;0;0;0;2194;0;0;125;0;32;0;
2861;1233503;1179475968;16478208;1379250176;0;0;0;0;0;0;0;0;0;0;0;2194;0;0;125;0;32;0;
2862;1617443;1179475968;16478208;1379250176;0;0;0;0;0;0;0;0;0;0;0;1993;0;0;125;0;32;0;
2863;1224547;1179475968;16478208;1379250176;0;0;0;0;0;0;0;0;0;0;0;1953;0;0;125;0;32;0;
2864;1198458;1179475968;16478208;1379250176;0;0;0;0;0;0;0;0;0;0;0;1934;0;0;125;0;32;0;
2865;1566889;1179475968;16478208;1379250176;0;0;0;0;0;0;0;0;0;0;0;2034;0;0;125;0;32;0;
2866;4587262;1179475968;16478208;1379250176;0;0;0;0;0;0;0;0;0;0;0;2033;0;0;125;0;32;0;
2867;2622057;1179475968;16478208;1379250176;0;0;0;0;0;0;0;0;0;0;0;2164;0;0;125;0;32;0;
2868;1126172;1179475968;16478208;1379250176;0;0;0;0;0;0;0;0;0;0;0;2234;0;0;125;0;32;0;
2869;1352637;1179475968;16478208;1379250176;0;0;0;0;0;0;0;0;0;0;0;2214;0;0;125;0;32;0;
2870;2414488;1179475968;16478208;1379250176;0;0;0;0;0;0;0;0;0;0;0;1934;0;0;125;0;32;0;
2871;1489364;1179475968;16478208;1379250176;0;0;0;0;0;0;0;0;0;0;0;2044;0;0;125;0;32;0;
2872;1366572;1179475968;16478208;1379250176;0;0;0;0;0;0;0;0;0;0;0;1853;0;0;125;0;32;0;
2873;1561298;1179475968;16478208;1379250176;0;0;0;0;0;0;0;0;0;0;0;1914;0;0;125;0;32;0;
2874;2012164;1179475968;16474112;1379246080;0;0;0;0;0;0;0;0;0;0;0;1934;0;0;125;0;32;0;
2875;1585603;1179475968;16474112;1379246080;0;0;0;0;0;0;0;0;0;0;0;2014;0;0;125;0;32;0;
2876;1651006;1179475968;16474112;1379246080;0;0;0;0;0;0;0;0;0;0;0;1924;0;0;125;0;32;0;
2877;1501797;1179475968;16474112;1379246080;0;0;0;0;0;0;0;0;0;0;0;1954;0;0;125;0;32;0;
2878;2248337;1179475968;16474112;1379246080;0;0;0;0;0;0;0;0;0;0;0;1904;0;0;125;0;32;0;
2879;1395407;1179475968;16474112;1379246080;0;0;0;0;0;0;0;0;0;0;0;2254;0;0;125;0;32;0;
2880;1563392;1179475968;16474112;1379246080;0;0;0;0;0;0;0;0;0;0;0;1964;0;0;125;0;32;0;
2881;2128030;1179475968;16474112;1379246080;0;0;0;0;0;0;0;0;0;0;0;2074;0;0;125;0;32;0;
2882;1888332;1179475968;16474112;1379246080;0;0;0;0;0;0;0;0;0;0;0;1943;0;0;125;0;32;0;
2883;2011563;1179475968;16474112;1379246080;0;0;0;0;0;0;0;0;0;0;0;1923;0;0;125;0;32;0;
2884;1393763;1179475968;16474112;1379246080;0;0;0;0;0;0;0;0;0;0;0;1953;0;0;125;0;32;0;
2885;1681924;1179475968;16474112;1379246080;0;0;0;0;0;0;0;0;0;0;0;1893;0;0;125;0;32;0;
2886;4682982;1179475968;16474112;1379246080;0;0;0;0;0;0;0;0;0;0;0;1984;0;0;125;0;32;0;
2887;1840201;1179475968;16474112;1379246080;0;0;0;0;0;0;0;0;0;0;0;3045;0;0;125;0;32;0;
2888;1521343;1179475968;16474112;1379246080;0;0;0;0;0;0;0;0;0;0;0;1883;0;0;125;0;32;0;
2889;1240176;1179475968;16474112;1379246080;0;0;0;0;0;0;0;0;0;0;0;2144;0;0;125;0;32;0;
2890;2064462;1179475968;16474112;1379246080;0;0;0;0;0;0;0;0;0;0;0;1924;0;0;125;0;32;0;
2891;1591314;1179475968;16474112;1379246080;0;0;0;0;0;0;0;0;0;0;0;2124;0;0;125;0;32;0;
2892;1047004;1179475968;16474112;1379246080;0;0;0;0;0;0;0;0;0;0;0;2114;0;0;125;0;32;0;
2893;1853355;1179475968;16474112;1379246080;0;0;0;0;0;0;0;0;0;0;0;2715;0;0;125;0;32;0;
2894;1932805;1179471872;16470016;1379241984;0;0;0;0;0;0;0;0;0;0;0;1984;0;0;125;0;32;0;
2895;1340334;1179471872;16470016;1379241984;0;0;0;0;0;0;0;0;0;0;0;2154;0;0;125;0;32;0;
2896;1410075;1179471872;16470016;1379241984;0;0;0;0;0;0;0;0;0;0;0;2154;0;0;125;0;32;0;
2897;1419232;1179471872;16470016;1379241984;0;0;0;0;0;0;0;0;0;0;0;1994;0;0;125;0;32;0;
2898;1718422;1179471872;16470016;1379241984;0;0;0;0;0;0;0;0;0;0;0;2044;0;0;125;0;32;0;
2899;1607575;1179471872;16470016;1379241984;0;0;0;0;0;0;0;0;0;0;0;2184;0;0;125;0;32;0;
2900;1368988;1179471872;16470016;1379241984;0;0;0;0;0;0;0;0;0;0;0;2314;0;0;125;0;32;0;
2901;1412899;1179471872;16470016;1379241984;0;0;0;0;0;0;0;0;0;0;0;2144;0;0;125;0;32;0;
2902;2601829;1179471872;16470016;1379241984;0;0;0;0;0;0;0;0;0;0;0;2825;0;0;125;0;32;0;
2903;1723292;1179471872;16470016;1379241984;0;0;0;0;0;0;0;0;0;0;0;2906;0;0;125;0;32;0;
2904;1582859;1179471872;16470016;1379241984;0;0;0;0;0;0;0;0;0;0;0;2615;0;0;125;0;32;0;
2905;1511033;1179471872;16470016;1379241984;0;0;0;0;0;0;0;0;0;0;0;2605;0;0;125;0;32;0;
2906;4582474;1179471872;16470016;1379241984;0;0;0;0;0;0;0;0;0;0;0;2755;0;0;125;0;32;0;
2907;3441094;1179471872;16478208;1379250176;0;0;0;0;0;0;0;0;0;0;0;3717;0;0;125;0;32;0;
2908;2017553;1179471872;16478208;1379250176;0;0;0;0;0;0;0;0;0;0;0;2936;0;0;125;0;32;0;
2909;1732519;1179471872;16478208;1379250176;0;0;0;0;0;0;0;0;0;0;0;3176;0;0;125;0;32;0;
2910;1663400;1179471872;16478208;1379250176;0;0;0;0;0;0;0;0;0;0;0;3166;0;0;125;0;32;0;
2911;2288261;1179471872;16478208;1379250176;0;0;0;0;0;0;0;0;0;0;0;2795;0;0;125;0;32;0;
2912;1596815;1179471872;16478208;1379250176;0;0;0;0;0;0;0;0;0;0;0;2815;0;0;125;0;32;0;
2913;2333716;1179471872;16478208;1379250176;0;0;0;0;0;0;0;0;0;0;0;2896;0;0;125;0;32;0;
2914;1820965;1179471872;16478208;1379250176;0;0;0;0;0;0;0;0;0;0;0;2856;0;0;125;0;32;0;
2915;2877706;1179471872;16478208;1379250176;0;0;0;0;0;0;0;0;0;0;0;2836;0;0;125;0;32;0;
2916;2014098;1179471872;16478208;1379250176;0;0;0;0;0;0;0;0;0;0;0;2916;0;0;125;0;32;0;
2917;1750823;1179471872;16478208;1379250176;0;0;0;0;0;0;0;0;0;0;0;2765;0;0;125;0;32;0;
2918;1798604;1179471872;16478208;1379250176;0;0;0;0;0;0;0;0;0;0;0;2755;0;0;125;0;32;0;
2919;2234530;1179471872;16478208;1379250176;0;0;0;0;0;0;0;0;0;0;0;2775;0;0;125;0;32;0;
2920;1381280;1179471872;16478208;1379250176;0;0;0;0;0;0;0;0;0;0;0;2735;0;0;125;0;32;0;
2921;1542833;1179471872;16478208;1379250176;0;0;0;0;0;0;0;0;0;0;0;2715;0;0;125;0;32;0;
2922;1151289;1179471872;16478208;1379250176;0;0;0;0;0;0;0;0;0;0;0;2104;0;0;125;0;32;0;
2923;3887009;1179471872;16478208;1379250176;0;0;0;0;0;0;0;0;0;0;0;11832;0;0;125;0;32;0;
2924;1502448;1179471872;16478208;1379250176;0;0;0;0;0;0;0;0;0;0;0;1893;0;0;125;0;32;0;
2925;1203417;1179471872;16478208;1379250176;0;0;0;0;0;0;0;0;0;0;0;2114;0;0;125;0;32;0;
2926;1358157;1179471872;16478208;1379250176;0;0;0;0;0;0;0;0;0;0;0;1834;0;0;125;0;32;0;
2927;4227939;1179471872;16478208;1379250176;0;0;0;0;0;0;0;0;0;0;0;2185;0;0;125;0;32;0;
2928;1952101;1179471872;16478208;1379250176;0;0;0;0;0;0;0;0;0;0;0;2084;0;0;125;0;32;0;
2929;1252279;1179471872;16478208;1379250176;0;0;0;0;0;0;0;0;0;0;0;2024;0;0;125;0;32;0;
2930;1139156;1179471872;16478208;1379250176;0;0;0;0;0;0;0;0;0;0;0;1874;0;0;125;0;32;0;
2931;1961569;1179471872;16478208;1379250176;0;0;0;0;0;0;0;0;0;0;0;2154;0;0;125;0;32;0;
2932;1018831;1179471872;16478208;1379250176;0;0;0;0;0;0;0;0;0;0;0;1854;0;0;125;0;32;0;
2933;1302653;1179471872;16478208;1379250176;0;0;0;0;0;0;0;0;0;0;0;1904;0;0;125;0;32;0;
2934;1238182;1179471872;16478208;1379250176;0;0;0;0;0;0;0;0;0;0;0;1874;0;0;125;0;32;0;
2935;1902758;1179475968;16474112;1379246080;0;0;0;0;0;0;0;0;0;0;0;2725;0;0;125;0;32;0;
2936;1635657;1179475968;16474112;1379246080;0;0;0;0;0;0;0;0;0;0;0;2795;0;0;125;0;32;0;
2937;1269310;1179475968;16474112;1379246080;0;0;0;0;0;0;0;0;0;0;0;1934;0;0;125;0;32;0;
2938;1349831;1179475968;16474112;1379246080;0;0;0;0;0;0;0;0;0;0;0;1994;0;0;125;0;32;0;
2939;1506996;1179475968;16474112;1379246080;0;0;0;0;0;0;0;0;0;0;0;2004;0;0;125;0;32;0;
2940;1328181;1179475968;16474112;1379246080;0;0;0;0;0;0;0;0;0;0;0;1923;0;0;125;0;32;0;
2941;1242460;1179475968;16474112;1379246080;0;0;0;0;0;0;0;0;0;0;0;1843;0;0;125;0;32;0;
2942;1258850;1179475968;16474112;1379246080;0;0;0;0;0;0;0;0;0;0;0;1904;0;0;125;0;32;0;
2943;1773215;1179475968;16474112;1379246080;0;0;0;0;0;0;0;0;0;0;0;1844;0;0;125;0;32;0;
2944;1207445;1179475968;16474112;1379246080;0;0;0;0;0;0;0;0;0;0;0;1934;0;0;125;0;32;0;
2945;1221471;1179475968;16474112;1379246080;0;0;0;0;0;0;0;0;0;0;0;1814;0;0;125;0;32;0;
2946;1205972;1179475968;16474112;1379246080;0;0;0;0;0;0;0;0;0;0;0;1904;0;0;125;0;32;0;
2947;4370105;1179475968;16474112;1379246080;0;0;0;0;0;0;0;0;0;0;0;2204;0;0;125;0;32;0;
2948;2652164;1179475968;16478208;1379250176;0;0;0;0;0;0;0;0;0;0;0;2264;0;0;125;0;32;0;
2949;1125751;1179475968;16478208;1379250176;0;0;0;0;0;0;0;0;0;0;0;2155;0;0;125;0;32;0;
2950;1425363;1179475968;16478208;1379250176;0;0;0;0;0;0;0;0;0;0;0;1864;0;0;125;0;32;0;
2951;1322080;1179475968;16478208;1379250176;0;0;0;0;0;0;0;0;0;0;0;1914;0;0;125;0;32;0;
2952;1905564;1179475968;16478208;1379250176;0;0;0;0;0;0;0;0;0;0;0;2003;0;0;125;0;32;0;
2953;1402350;1179475968;16478208;1379250176;0;0;0;0;0;0;0;0;0;0;0;1904;0;0;125;0;32;0;
2954;1449017;1179475968;16478208;1379250176;0;0;0;0;0;0;0;0;0;0;0;2113;0;0;125;0;32;0;
2955;1398873;1179475968;16478208;1379250176;0;0;0;0;0;0;0;0;0;0;0;1923;0;0;125;0;32;0;
2956;2254458;1179475968;16478208;1379250176;0;0;0;0;0;0;0;0;0;0;0;2084;0;0;125;0;32;0;
2957;1385047;1179475968;16478208;1379250176;0;0;0;0;0;0;0;0;0;0;0;1833;0;0;125;0;32;0;
2958;1230037;1179475968;16478208;1379250176;0;0;0;0;0;0;0;0;0;0;0;1923;0;0;125;0;32;0;
2959;1123457;1179475968;16478208;1379250176;0;0;0;0;0;0;0;0;0;0;0;1813;0;0;125;0;32;0;
2960;1527334;1179475968;16478208;1379250176;0;0;0;0;0;0;0;0;0;0;0;2344;0;0;125;0;32;0;
2961;1165486;1179475968;16478208;1379250176;0;0;0;0;0;0;0;0;0;0;0;1914;0;0;125;0;32;0;
2962;1254142;1179475968;16478208;1379250176;0;0;0;0;0;0;0;0;0;0;0;2024;0;0;125;0;32;0;
2963;1856121;1179475968;16478208;1379250176;0;0;0;0;0;0;0;0;0;0;0;2885;0;0;125;0;32;0;
2964;1813100;1179475968;16478208;1379250176;0;0;0;0;0;0;0;0;0;0;0;2004;0;0;125;0;32;0;
2965;1458736;1179475968;16478208;1379250176;0;0;0;0;0;0;0;0;0;0;0;2014;0;0;125;0;32;0;
2966;1400627;1179475968;16478208;1379250176;0;0;0;0;0;0;0;0;0;0;0;2204;0;0;125;0;32;0;
2967;1174914;1179475968;16478208;1379250176;0;0;0;0;0;0;0;0;0;0;0;2244;0;0;125;0;32;0;
2968;4229612;1179475968;16478208;1379250176;0;0;0;0;0;0;0;0;0;0;0;1924;0;0;125;0;32;0;
2969;3141291;1179475968;16482304;1379254272;0;0;0;0;0;0;0;0;0;0;0;1943;0;0;125;0;32;0;
2970;1920231;1179475968;16482304;1379254272;0;0;0;0;0;0;0;0;0;0;0;3056;0;0;125;0;32;0;
2971;2432692;1179475968;16482304;1379254272;0;0;0;0;0;0;0;0;0;0;0;3236;0;0;125;0;32;0;
2972;1826836;1179475968;16482304;1379254272;0;0;0;0;0;0;0;0;0;0;0;3006;0;0;125;0;32;0;
2973;1999039;1179475968;16482304;1379254272;0;0;0;0;0;0;0;0;0;0;0;2204;0;0;125;0;32;0;
2974;1437015;1179475968;16482304;1379254272;0;0;0;0;0;0;0;0;0;0;0;2185;0;0;125;0;32;0;
2975;1220459;1179475968;16482304;1379254272;0;0;0;0;0;0;0;0;0;0;0;2084;0;0;125;0;32;0;
2976;2013395;1179475968;16482304;1379254272;0;0;0;0;0;0;0;0;0;0;0;3006;0;0;125;0;32;0;
2977;2710383;1179475968;16482304;1379254272;0;0;0;0;0;0;0;0;0;0;0;2084;0;0;125;0;32;0;
2978;1715637;1179475968;16482304;1379254272;0;0;0;0;0;0;0;0;0;0;0;2044;0;0;125;0;32;0;
2979;1502788;1179475968;16482304;1379254272;0;0;0;0;0;0;0;0;0;0;0;1923;0;0;125;0;32;0;
2980;1973992;1179475968;16482304;1379254272;0;0;0;0;0;0;0;0;0;0;0;2094;0;0;125;0;32;0;
2981;2459312;1179475968;16482304;1379254272;0;0;0;0;0;0;0;0;0;0;0;1773;0;0;125;0;32;0;
2982;1488601;1179475968;16482304;1379254272;0;0;0;0;0;0;0;0;0;0;0;2264;0;0;125;0;32;0;
2983;1235707;1179475968;16482304;1379254272;0;0;0;0;0;0;0;0;0;0;0;2655;0;0;125;0;32;0;
2984;1266956;1179475968;16482304;1379254272;0;0;0;0;0;0;0;0;0;0;0;2184;0;0;125;0;32;0;
2985;2001443;1179475968;16482304;1379254272;0;0;0;0;0;0;0;0;0;0;0;2134;0;0;125;0;32;0;
2986;1200902;1179475968;16482304;1379254272;0;0;0;0;0;0;0;0;0;0;0;1823;0;0;125;0;32;0;
2987;1277947;1179475968;16482304;1379254272;0;0;0;0;0;0;0;0;0;0;0;2124;0;0;125;0;32;0;
2988;1589721;1179475968;16482304;1379254272;0;0;0;0;0;0;0;0;0;0;0;2054;0;0;125;0;32;0;
2989;4709532;1179475968;16482304;1379254272;0;0;0;0;0;0;0;0;0;0;0;2204;0;0;125;0;32;0;
2990;3237892;1179475968;16482304;1379254272;0;0;0;0;0;0;0;0;0;0;0;2404;0;0;125;0;32;0;
2991;1394656;1179475968;16482304;1379254272;0;0;0;0;0;0;0;0;0;0;0;1924;0;0;125;0;32;0;
2992;1364549;1179475968;16482304;1379254272;0;0;0;0;0;0;0;0;0;0;0;2365;0;0;125;0;32;0;
2993;1240627;1179475968;16482304;1379254272;0;0;0;0;0;0;0;0;0;0;0;2365;0;0;125;0;32;0;
2994;1809733;1179475968;16482304;1379254272;0;0;0;0;0;0;0;0;0;0;0;2254;0;0;125;0;32;0;
2995;1388464;1179475968;16482304;1379254272;0;0;0;0;0;0;0;0;0;0;0;2104;0;0;125;0;32;0;
2996;1605852;1179475968;16482304;1379254272;0;0;0;0;0;0;0;0;0;0;0;1923;0;0;125;0;32;0;
2997;1201614;1179475968;16482304;1379254272;0;0;0;0;0;0;0;0;0;0;0;2144;0;0;125;0;32;0;
2998;2186240;1179475968;16482304;1379254272;0;0;0;0;0;0;0;0;0;0;0;1894;0;0;125;0;32;0;
2999;1944096;1179475968;16482304;1379254272;0;0;0;0;0;0;0;0;0;0;0;2826;0;0;125;0;32;0;
3000;1467241;1179475968;16482304;1379254272;0;0;0;0;0;0;0;0;0;0;0;2835;0;0;125;0;32;0;
3001;1657188;1179475968;16482304;1379254272;0;0;0;0;0;0;0;0;0;0;0;2735;0;0;125;0;32;0;
3002;1794285;1179475968;16482304;1379254272;0;0;0;0;0;0;0;0;0;0;0;2034;0;0;125;0;32;0;
3003;1647189;1179475968;16482304;1379254272;0;0;0;0;0;0;0;0;0;0;0;2545;0;0;125;0;32;0;
3004;1186064;1179475968;16482304;1379254272;0;0;0;0;0;0;0;0;0;0;0;2164;0;0;125;0;32;0;
3005;1277255;1179475968;16482304;1379254272;0;0;0;0;0;0;0;0;0;0;0;2084;0;0;125;0;32;0;
3006;2106631;1179475968;16482304;1379254272;0;0;0;0;0;0;0;0;0;0;0;2184;0;0;125;0;32;0;
3007;1831846;1179475968;16482304;1379254272;0;0;0;0;0;0;0;0;0;0;0;2054;0;0;125;0;32;0;
3008;1002390;1179475968;16482304;1379254272;0;0;0;0;0;0;0;0;0;0;0;2014;0;0;125;0;32;0;
3009;1332599;1179475968;16482304;1379254272;0;0;0;0;0;0;0;0;0;0;0;2244;0;0;125;0;32;0;
3010;4476916;1179475968;16482304;1379254272;0;0;0;0;0;0;0;0;0;0;0;2134;0;0;125;0;32;0;
3011;3896457;1179475968;16482304;1379254272;0;0;0;0;0;0;0;0;0;0;0;3426;0;0;125;0;32;0;
3012;1349992;1179475968;16482304;1379254272;0;0;0;0;0;0;0;0;0;0;0;2134;0;0;125;0;32;0;
3013;1463335;1179475968;16482304;1379254272;0;0;0;0;0;0;0;0;0;0;0;2384;0;0;125;0;32;0;
3014;1143315;1179475968;16482304;1379254272;0;0;0;0;0;0;0;0;0;0;0;2164;0;0;125;0;32;0;
3015;1876009;1179475968;16482304;1379254272;0;0;0;0;0;0;0;0;0;0;0;2094;0;0;125;0;32;0;
3016;1251887;1179475968;16482304;1379254272;0;0;0;0;0;0;0;0;0;0;0;1984;0;0;125;0;32;0;
3017;1459187;1179475968;16482304;1379254272;0;0;0;0;0;0;0;0;0;0;0;1923;0;0;125;0;32;0;
3018;1229877;1179475968;16482304;1379254272;0;0;0;0;0;0;0;0;0;0;0;1964;0;0;125;0;32;0;
3019;2185037;1179475968;16482304;1379254272;0;0;0;0;0;0;0;0;0;0;0;1974;0;0;125;0;32;0;
3020;1700409;1179475968;16482304;1379254272;0;0;0;0;0;0;0;0;0;0;0;2715;0;0;125;0;32;0;
3021;1496567;1179475968;16482304;1379254272;0;0;0;0;0;0;0;0;0;0;0;2685;0;0;125;0;32;0;
3022;1552451;1179475968;16482304;1379254272;0;0;0;0;0;0;0;0;0;0;0;2685;0;0;125;0;32;0;
3023;1673178;1179475968;16482304;1379254272;0;0;0;0;0;0;0;0;0;0;0;2064;0;0;125;0;32;0;
3024;1039810;1179475968;16482304;1379254272;0;0;0;0;0;0;0;0;0;0;0;1903;0;0;125;0;32;0;
3025;1005375;1179475968;16482304;1379254272;0;0;0;0;0;0;0;0;0;0;0;2164;0;0;125;0;32;0;
3026;1165436;1179475968;16482304;1379254272;0;0;0;0;0;0;0;0;0;0;0;2194;0;0;125;0;32;0;
3027;1678668;1179475968;16482304;1379254272;0;0;0;0;0;0;0;0;0;0;0;2054;0;0;125;0;32;0;
3028;1083282;1179475968;16482304;1379254272;0;0;0;0;0;0;0;0;0;0;0;2064;0;0;125;0;32;0;
3029;1104482;1179475968;16482304;1379254272;0;0;0;0;0;0;0;0;0;0;0;2084;0;0;125;0;32;0;
3030;1030463;1179475968;16482304;1379254272;0;0;0;0;0;0;0;0;0;0;0;1833;0;0;125;0;32;0;
3031;4340721;1179475968;16482304;1379254272;0;0;0;0;0;0;0;0;0;0;0;2084;0;0;125;0;32;0;
3032;2788480;1179475968;16482304;1379254272;0;0;0;0;0;0;0;0;0;0;0;2124;0;0;125;0;32;0;
3033;1228343;1179475968;16482304;1379254272;0;0;0;0;0;0;0;0;0;0;0;1823;0;0;125;0;32;0;
3034;1297964;1179475968;16482304;1379254272;0;0;0;0;0;0;0;0;0;0;0;2054;0;0;125;0;32;0;
3035;1628064;1179475968;16482304;1379254272;0;0;0;0;0;0;0;0;0;0;0;2044;0;0;125;0;32;0;
3036;1199059;1179475968;16482304;1379254272;0;0;0;0;0;0;0;0;0;0;0;2004;0;0;125;0;32;0;
3037;1209158;1179475968;16482304;1379254272;0;0;0;0;0;0;0;0;0;0;0;1984;0;0;125;0;32;0;
3038;1346556;1179475968;16482304;1379254272;0;0;0;0;0;0;0;0;0;0;0;2114;0;0;125;0;32;0;
3039;2161353;1179475968;16474112;1379246080;0;0;0;0;0;0;0;0;0;0;0;1993;0;0;125;0;32;0;
3040;1218034;1179475968;16474112;1379246080;0;0;0;0;0;0;0;0;0;0;0;1914;0;0;125;0;32;0;
3041;1331216;1179475968;16474112;1379246080;0;0;0;0;0;0;0;0;0;0;0;1994;0;0;125;0;32;0;
3042;1230768;1179475968;16474112;1379246080;0;0;0;0;0;0;0;0;0;0;0;1823;0;0;125;0;32;0;
3043;1759459;1179475968;16474112;1379246080;0;0;0;0;0;0;0;0;0;0;0;2344;0;0;125;0;32;0;
3044;1587507;1179475968;16474112;1379246080;0;0;0;0;0;0;0;0;0;0;0;2765;0;0;125;0;32;0;
3045;1425043;1179475968;16474112;1379246080;0;0;0;0;0;0;0;0;0;0;0;2756;0;0;125;0;32;0;
3046;1433138;1179475968;16474112;1379246080;0;0;0;0;0;0;0;0;0;0;0;2705;0;0;125;0;32;0;
3047;2020589;1179475968;16474112;1379246080;0;0;0;0;0;0;0;0;0;0;0;2735;0;0;125;0;32;0;
3048;1416236;1179475968;16474112;1379246080;0;0;0;0;0;0;0;0;0;0;0;2615;0;0;125;0;32;0;
3049;1791480;1179475968;16474112;1379246080;0;0;0;0;0;0;0;0;0;0;0;2865;0;0;125;0;32;0;
3050;1596424;1179475968;16474112;1379246080;0;0;0;0;0;0;0;0;0;0;0;2685;0;0;125;0;32;0;
3051;4651683;1179475968;16474112;1379246080;0;0;0;0;0;0;0;0;0;0;0;2635;0;0;125;0;32;0;
3052;2418326;1179475968;16478208;1379250176;0;0;0;0;0;0;0;0;0;0;0;1964;0;0;125;0;32;0;
3053;1534718;1179475968;16478208;1379250176;0;0;0;0;0;0;0;0;0;0;0;2114;0;0;125;0;32;0;
3054;1302432;1179475968;16478208;1379250176;0;0;0;0;0;0;0;0;0;0;0;2194;0;0;125;0;32;0;
3055;1241298;1179475968;16478208;1379250176;0;0;0;0;0;0;0;0;0;0;0;2014;0;0;125;0;32;0;
3056;2115728;1179475968;16478208;1379250176;0;0;0;0;0;0;0;0;0;0;0;3356;0;0;125;0;32;0;
3057;1672416;1179475968;16478208;1379250176;0;0;0;0;0;0;0;0;0;0;0;3446;0;0;125;0;32;0;
3058;1548314;1179475968;16478208;1379250176;0;0;0;0;0;0;0;0;0;0;0;3106;0;0;125;0;32;0;
3059;1433869;1179475968;16478208;1379250176;0;0;0;0;0;0;0;0;0;0;0;2705;0;0;125;0;32;0;
3060;1926644;1179475968;16478208;1379250176;0;0;0;0;0;0;0;0;0;0;0;2995;0;0;125;0;32;0;
3061;1570946;1179475968;16478208;1379250176;0;0;0;0;0;0;0;0;0;0;0;2866;0;0;125;0;32;0;
3062;1333270;1179475968;16478208;1379250176;0;0;0;0;0;0;0;0;0;0;0;2725;0;0;125;0;32;0;
3063;1395197;1179475968;16478208;1379250176;0;0;0;0;0;0;0;0;0;0;0;3015;0;0;125;0;32;0;
3064;2156063;1179475968;16478208;1379250176;0;0;0;0;0;0;0;0;0;0;0;2855;0;0;125;0;32;0;
3065;1339783;1179475968;16478208;1379250176;0;0;0;0;0;0;0;0;0;0;0;2736;0;0;125;0;32;0;
3066;1355633;1179475968;16478208;1379250176;0;0;0;0;0;0;0;0;0;0;0;2675;0;0;125;0;32;0;
3067;1526322;1179475968;16478208;1379250176;0;0;0;0;0;0;0;0;0;0;0;2775;0;0;125;0;32;0;
3068;2381967;1179475968;16478208;1379250176;0;0;0;0;0;0;0;0;0;0;0;2815;0;0;125;0;32;0;
3069;1627652;1179475968;16478208;1379250176;0;0;0;0;0;0;0;0;0;0;0;2725;0;0;125;0;32;0;
3070;1321598;1179475968;16478208;1379250176;0;0;0;0;0;0;0;0;0;0;0;2985;0;0;125;0;32;0;
3071;1294087;1179475968;16478208;1379250176;0;0;0;0;0;0;0;0;0;0;0;2815;0;0;125;0;32;0;
3072;4626226;1179475968;16478208;1379250176;0;0;0;0;0;0;0;0;0;0;0;2735;0;0;125;0;32;0;
3073;3592086;1179475968;16482304;1379254272;0;0;0;0;0;0;0;0;0;0;0;3086;0;0;125;0;32;0;
3074;1299426;1179475968;16482304;1379254272;0;0;0;0;0;0;0;0;0;0;0;2335;0;0;125;0;32;0;
3075;1300770;1179475968;16482304;1379254272;0;0;0;0;0;0;0;0;0;0;0;2044;0;0;125;0;32;0;
3076;1372023;1179475968;16482304;1379254272;0;0;0;0;0;0;0;0;0;0;0;1803;0;0;125;0;32;0;
3077;1728332;1179475968;16482304;1379254272;0;0;0;0;0;0;0;0;0;0;0;1713;0;0;125;0;32;0;
3078;1077090;1179475968;16482304;1379254272;0;0;0;0;0;0;0;0;0;0;0;2083;0;0;125;0;32;0;
3079;1546039;1179475968;16482304;1379254272;0;0;0;0;0;0;0;0;0;0;0;3186;0;0;125;0;32;0;
3080;1380439;1179475968;16482304;1379254272;0;0;0;0;0;0;0;0;0;0;0;2916;0;0;125;0;32;0;
3081;2082345;1179475968;16482304;1379254272;0;0;0;0;0;0;0;0;0;0;0;2695;0;0;125;0;32;0;
3082;1265814;1179475968;16482304;1379254272;0;0;0;0;0;0;0;0;0;0;0;2054;0;0;125;0;32;0;
3083;1140239;1179475968;16482304;1379254272;0;0;0;0;0;0;0;0;0;0;0;2184;0;0;125;0;32;0;
3084;1339012;1179475968;16482304;1379254272;0;0;0;0;0;0;0;0;0;0;0;3206;0;0;125;0;32;0;
3085;1852224;1179475968;16482304;1379254272;0;0;0;0;0;0;0;0;0;0;0;1874;0;0;125;0;32;0;
3086;1308163;1179475968;16482304;1379254272;0;0;0;0;0;0;0;0;0;0;0;1954;0;0;125;0;32;0;
3087;1162360;1179475968;16482304;1379254272;0;0;0;0;0;0;0;0;0;0;0;2004;0;0;125;0;32;0;
3088;1098500;1179475968;16482304;1379254272;0;0;0;0;0;0;0;0;0;0;0;2054;0;0;125;0;32;0;
3089;1615600;1179475968;16482304;1379254272;0;0;0;0;0;0;0;0;0;0;0;2124;0;0;125;0;32;0;
3090;1186335;1179475968;16482304;1379254272;0;0;0;0;0;0;0;0;0;0;0;1934;0;0;125;0;32;0;
3091;1269201;1179475968;16482304;1379254272;0;0;0;0;0;0;0;0;0;0;0;1824;0;0;125;0;32;0;
3092;1208927;1179475968;16482304;1379254272;0;0;0;0;0;0;0;0;0;0;0;2004;0;0;125;0;32;0;
3093;4261232;1179475968;16482304;1379254272;0;0;0;0;0;0;0;0;0;0;0;1894;0;0;125;0;32;0;
3094;2239670;1179475968;16482304;1379254272;0;0;0;0;0;0;0;0;0;0;0;2094;0;0;125;0;32;0;
3095;1421336;1179475968;16482304;1379254272;0;0;0;0;0;0;0;0;0;0;0;1903;0;0;125;0;32;0;
3096;1119219;1179475968;16482304;1379254272;0;0;0;0;0;0;0;0;0;0;0;2044;0;0;125;0;32;0;
3097;1705038;1179475968;16482304;1379254272;0;0;0;0;0;0;0;0;0;0;0;1974;0;0;125;0;32;0;
3098;1329243;1179475968;16482304;1379254272;0;0;0;0;0;0;0;0;0;0;0;2154;0;0;125;0;32;0;
3099;1098250;1179475968;16482304;1379254272;0;0;0;0;0;0;0;0;0;0;0;1874;0;0;125;0;32;0;
3100;1185543;1179475968;16482304;1379254272;0;0;0;0;0;0;0;0;0;0;0;1853;0;0;125;0;32;0;
3101;1558202;1179475968;16474112;1379246080;0;0;0;0;0;0;0;0;0;0;0;1944;0;0;125;0;32;0;
3102;1114320;1179475968;16474112;1379246080;0;0;0;0;0;0;0;0;0;0;0;2094;0;0;125;0;32;0;
3103;1135800;1179475968;16474112;1379246080;0;0;0;0;0;0;0;0;0;0;0;1923;0;0;125;0;32;0;
3104;1098520;1179475968;16474112;1379246080;0;0;0;0;0;0;0;0;0;0;0;1923;0;0;125;0;32;0;
3105;1613617;1179475968;16474112;1379246080;0;0;0;0;0;0;0;0;0;0;0;1863;0;0;125;0;32;0;
3106;1551630;1179475968;16474112;1379246080;0;0;0;0;0;0;0;0;0;0;0;2064;0;0;125;0;32;0;
3107;1069055;1179475968;16474112;1379246080;0;0;0;0;0;0;0;0;0;0;0;1914;0;0;125;0;32;0;
3108;1319083;1179475968;16474112;1379246080;0;0;0;0;0;0;0;0;0;0;0;2164;0;0;125;0;32;0;
3109;1726928;1179475968;16474112;1379246080;0;0;0;0;0;0;0;0;0;0;0;2004;0;0;125;0;32;0;
3110;1109551;1179475968;16474112;1379246080;0;0;0;0;0;0;0;0;0;0;0;1884;0;0;125;0;32;0;
3111;1232992;1179475968;16474112;1379246080;0;0;0;0;0;0;0;0;0;0;0;2084;0;0;125;0;32;0;
3112;1161388;1179475968;16474112;1379246080;0;0;0;0;0;0;0;0;0;0;0;1994;0;0;125;0;32;0;
3113;4299062;1179475968;16474112;1379246080;0;0;0;0;0;0;0;0;0;0;0;1813;0;0;125;0;32;0;
3114;2363092;1179475968;16474112;1379246080;0;0;0;0;0;0;0;0;0;0;0;2104;0;0;125;0;32;0;
3115;1039529;1179475968;16474112;1379246080;0;0;0;0;0;0;0;0;0;0;0;1964;0;0;125;0;32;0;
3116;1123757;1179475968;16474112;1379246080;0;0;0;0;0;0;0;0;0;0;0;1924;0;0;125;0;32;0;
3117;2045296;1179475968;16474112;1379246080;0;0;0;0;0;0;0;0;0;0;0;2053;0;0;125;0;32;0;
3118;1946711;1179475968;16474112;1379246080;0;0;0;0;0;0;0;0;0;0;0;2044;0;0;125;0;32;0;
3119;1223555;1179475968;16474112;1379246080;0;0;0;0;0;0;0;0;0;0;0;1994;0;0;125;0;32;0;
3120;1351585;1179475968;16474112;1379246080;0;0;0;0;0;0;0;0;0;0;0;2285;0;0;125;0;32;0;
3121;1909431;1179471872;16470016;1379241984;0;0;0;0;0;0;0;0;0;0;0;2785;0;0;125;0;32;0;
3122;1573020;1179471872;16470016;1379241984;0;0;0;0;0;0;0;0;0;0;0;2695;0;0;125;0;32;0;
3123;1625418;1179471872;16470016;1379241984;0;0;0;0;0;0;0;0;0;0;0;2675;0;0;125;0;32;0;
3124;1402831;1179471872;16470016;1379241984;0;0;0;0;0;0;0;0;0;0;0;2805;0;0;125;0;32;0;
3125;1843668;1179471872;16470016;1379241984;0;0;0;0;0;0;0;0;0;0;0;2635;0;0;125;0;32;0;
3126;1435422;1179471872;16470016;1379241984;0;0;0;0;0;0;0;0;0;0;0;2755;0;0;125;0;32;0;
3127;1683177;1179471872;16470016;1379241984;0;0;0;0;0;0;0;0;0;0;0;2675;0;0;125;0;32;0;
3128;1592506;1179471872;16470016;1379241984;0;0;0;0;0;0;0;0;0;0;0;2795;0;0;125;0;32;0;
3129;1976757;1179471872;16470016;1379241984;0;0;0;0;0;0;0;0;0;0;0;2785;0;0;125;0;32;0;
3130;1578570;1179471872;16470016;1379241984;0;0;0;0;0;0;0;0;0;0;0;2635;0;0;125;0;32;0;
3131;1597205;1179471872;16470016;1379241984;0;0;0;0;0;0;0;0;0;0;0;2905;0;0;125;0;32;0;
3132;1711029;1179471872;16470016;1379241984;0;0;0;0;0;0;0;0;0;0;0;2795;0;0;125;0;32;0;
3133;4587353;1179471872;16470016;1379241984;0;0;0;0;0;0;0;0;0;0;0;2635;0;0;125;0;32;0;
3134;3429993;1179471872;16470016;1379241984;0;0;0;0;0;0;0;0;0;0;0;3005;0;0;125;0;32;0;
3135;1305268;1179471872;16470016;1379241984;0;0;0;0;0;0;0;0;0;0;0;1904;0;0;125;0;32;0;
3136;16348910;1179471872;16470016;1379241984;0;0;0;0;0;0;0;0;0;0;0;2745;0;0;125;0;32;0;
3137;1729073;1179471872;16470016;1379241984;0;0;0;0;0;0;0;0;0;0;0;1994;0;0;125;0;32;0;
3138;1257949;1179471872;16470016;1379241984;0;0;0;0;0;0;0;0;0;0;0;2074;0;0;125;0;32;0;
3139;1558953;1179471872;16470016;1379241984;0;0;0;0;0;0;0;0;0;0;0;2034;0;0;125;0;32;0;
3140;2035247;1179471872;16470016;1379241984;0;0;0;0;0;0;0;0;0;0;0;1923;0;0;125;0;32;0;
3141;1410054;1179471872;16470016;1379241984;0;0;0;0;0;0;0;0;0;0;0;1974;0;0;125;0;32;0;
3142;1277225;1179471872;16470016;1379241984;0;0;0;0;0;0;0;0;0;0;0;2014;0;0;125;0;32;0;
3143;1481197;1179471872;16470016;1379241984;0;0;0;0;0;0;0;0;0;0;0;2124;0;0;125;0;32;0;
3144;1809213;1179471872;16470016;1379241984;0;0;0;0;0;0;0;0;0;0;0;1923;0;0;125;0;32;0;
3145;1537133;1179471872;16470016;1379241984;0;0;0;0;0;0;0;0;0;0;0;1853;0;0;125;0;32;0;
3146;1399444;1179471872;16470016;1379241984;0;0;0;0;0;0;0;0;0;0;0;2284;0;0;125;0;32;0;
3147;1436885;1179471872;16470016;1379241984;0;0;0;0;0;0;0;0;0;0;0;1843;0;0;125;0;32;0;
3148;1702343;1179471872;16470016;1379241984;0;0;0;0;0;0;0;0;0;0;0;2705;0;0;125;0;32;0;
3149;1008181;1179471872;16470016;1379241984;0;0;0;0;0;0;0;0;0;0;0;2174;0;0;125;0;32;0;
3150;1363457;1179471872;16470016;1379241984;0;0;0;0;0;0;0;0;0;0;0;1993;0;0;125;0;32;0;
3151;1125270;1179471872;16470016;1379241984;0;0;0;0;0;0;0;0;0;0;0;2044;0;0;125;0;32;0;
3152;4245282;1179471872;16470016;1379241984;0;0;0;0;0;0;0;0;0;0;0;1943;0;0;125;0;32;0;
3153;2811002;1179471872;16470016;1379241984;0;0;0;0;0;0;0;0;0;0;0;2315;0;0;125;0;32;0;
3154;1120652;1179471872;16470016;1379241984;0;0;0;0;0;0;0;0;0;0;0;2144;0;0;125;0;32;0;
3155;8166265;1179471872;16470016;1379241984;0;0;0;0;0;0;0;0;0;0;0;2174;0;0;125;0;32;0;
3156;1627171;1179471872;16470016;1379241984;0;0;0;0;0;0;0;0;0;0;0;1853;0;0;125;0;32;0;
3157;1273769;1179471872;16470016;1379241984;0;0;0;0;0;0;0;0;0;0;0;2465;0;0;125;0;32;0;
3158;1564534;1179471872;16470016;1379241984;0;0;0;0;0;0;0;0;0;0;0;2404;0;0;125;0;32;0;
3159;2078237;1179471872;16470016;1379241984;0;0;0;0;0;0;0;0;0;0;0;2174;0;0;125;0;32;0;
3160;1268639;1179471872;16470016;1379241984;0;0;0;0;0;0;0;0;0;0;0;2154;0;0;125;0;32;0;
3161;1776171;1179471872;16470016;1379241984;0;0;0;0;0;0;0;0;0;0;0;2314;0;0;125;0;32;0;
3162;2161634;1179471872;16470016;1379241984;0;0;0;0;0;0;0;0;0;0;0;1913;0;0;125;0;32;0;
3163;2763793;1179471872;16470016;1379241984;0;0;0;0;0;0;0;0;0;0;0;7073;0;0;125;0;32;0;
3164;2311465;1179471872;16470016;1379241984;0;0;0;0;0;0;0;0;0;0;0;3777;0;0;125;0;32;0;
3165;1596053;1179471872;16470016;1379241984;0;0;0;0;0;0;0;0;0;0;0;3196;0;0;125;0;32;0;
3166;2354525;1179471872;16470016;1379241984;0;0;0;0;0;0;0;0;0;0;0;3256;0;0;125;0;32;0;
3167;1944927;1179471872;16470016;1379241984;0;0;0;0;0;0;0;0;0;0;0;3006;0;0;125;0;32;0;
3168;1745623;1179471872;16470016;1379241984;0;0;0;0;0;0;0;0;0;0;0;2584;0;0;125;0;32;0;
3169;2087475;1179471872;16470016;1379241984;0;0;0;0;0;0;0;0;0;0;0;3136;0;0;125;0;32;0;
3170;4799451;1179471872;16470016;1379241984;0;0;0;0;0;0;0;0;0;0;0;2485;0;0;125;0;32;0;
3171;4548280;1179471872;16482304;1379254272;0;0;0;0;0;0;0;0;0;0;0;3467;0;0;125;0;32;0;
3172;1477301;1179471872;16482304;1379254272;0;0;0;0;0;0;0;0;0;0;0;3377;0;0;125;0;32;0;
3173;1347798;1179471872;16482304;1379254272;0;0;0;0;0;0;0;0;0;0;0;2555;0;0;125;0;32;0;
3174;2384602;1179471872;16482304;1379254272;0;0;0;0;0;0;0;0;0;0;0;2745;0;0;125;0;32;0;
3175;1416096;1179471872;16482304;1379254272;0;0;0;0;0;0;0;0;0;0;0;2715;0;0;125;0;32;0;
3176;1596855;1179471872;16482304;1379254272;0;0;0;0;0;0;0;0;0;0;0;2815;0;0;125;0;32;0;
3177;1772815;1179471872;16482304;1379254272;0;0;0;0;0;0;0;0;0;0;0;2886;0;0;125;0;32;0;
3178;2354124;1179471872;16482304;1379254272;0;0;0;0;0;0;0;0;0;0;0;2385;0;0;125;0;32;0;
3179;1603407;1179471872;16482304;1379254272;0;0;0;0;0;0;0;0;0;0;0;2635;0;0;125;0;32;0;
3180;1602385;1179471872;16482304;1379254272;0;0;0;0;0;0;0;0;0;0;0;2585;0;0;125;0;32;0;
3181;1415795;1179471872;16482304;1379254272;0;0;0;0;0;0;0;0;0;0;0;2524;0;0;125;0;32;0;
3182;2471224;1179471872;16482304;1379254272;0;0;0;0;0;0;0;0;0;0;0;2505;0;0;125;0;32;0;
3183;1551930;1179471872;16482304;1379254272;0;0;0;0;0;0;0;0;0;0;0;2414;0;0;125;0;32;0;
3184;1661786;1179471872;16482304;1379254272;0;0;0;0;0;0;0;0;0;0;0;2415;0;0;125;0;32;0;
3185;1613957;1179471872;16482304;1379254272;0;0;0;0;0;0;0;0;0;0;0;2635;0;0;125;0;32;0;
3186;2262503;1179471872;16482304;1379254272;0;0;0;0;0;0;0;0;0;0;0;2324;0;0;125;0;32;0;
3187;1373045;1179471872;16482304;1379254272;0;0;0;0;0;0;0;0;0;0;0;2485;0;0;125;0;32;0;
3188;1317481;1179471872;16482304;1379254272;0;0;0;0;0;0;0;0;0;0;0;2385;0;0;125;0;32;0;
3189;1361343;1179471872;16482304;1379254272;0;0;0;0;0;0;0;0;0;0;0;2364;0;0;125;0;32;0;
3190;4444836;1179471872;16482304;1379254272;0;0;0;0;0;0;0;0;0;0;0;2385;0;0;125;0;32;0;
3191;3707854;1179471872;16482304;1379254272;0;0;0;0;0;0;0;0;0;0;0;2414;0;0;125;0;32;0;
3192;1466160;1179471872;16482304;1379254272;0;0;0;0;0;0;0;0;0;0;0;2365;0;0;125;0;32;0;
3193;1398263;1179471872;16482304;1379254272;0;0;0;0;0;0;0;0;0;0;0;2525;0;0;125;0;32;0;
3194;1801598;1179471872;16482304;1379254272;0;0;0;0;0;0;0;0;0;0;0;2535;0;0;125;0;32;0;
3195;1660624;1179471872;16482304;1379254272;0;0;0;0;0;0;0;0;0;0;0;2846;0;0;125;0;32;0;
3196;1647990;1179471872;16482304;1379254272;0;0;0;0;0;0;0;0;0;0;0;2785;0;0;125;0;32;0;
3197;1584531;1179471872;16482304;1379254272;0;0;0;0;0;0;0;0;0;0;0;2795;0;0;125;0;32;0;
3198;2677200;1179475968;16474112;1379246080;0;0;0;0;0;0;0;0;0;0;0;2805;0;0;125;0;32;0;
3199;1522966;1179475968;16474112;1379246080;0;0;0;0;0;0;0;0;0;0;0;2925;0;0;125;0;32;0;
3200;2027222;1179475968;16474112;1379246080;0;0;0;0;0;0;0;0;0;0;0;3015;0;0;125;0;32;0;
3201;1660594;1179475968;16474112;1379246080;0;0;0;0;0;0;0;0;0;0;0;2695;0;0;125;0;32;0;
3202;1971537;1179475968;16474112;1379246080;0;0;0;0;0;0;0;0;0;0;0;2865;0;0;125;0;32;0;
3203;1563122;1179475968;16474112;1379246080;0;0;0;0;0;0;0;0;0;0;0;2896;0;0;125;0;32;0;
3204;1656617;1179475968;16474112;1379246080;0;0;0;0;0;0;0;0;0;0;0;2675;0;0;125;0;32;0;
3205;1462943;1179475968;16474112;1379246080;0;0;0;0;0;0;0;0;0;0;0;2846;0;0;125;0;32;0;
3206;2388589;1179475968;16474112;1379246080;0;0;0;0;0;0;0;0;0;0;0;2705;0;0;125;0;32;0;
3207;1573962;1179475968;16474112;1379246080;0;0;0;0;0;0;0;0;0;0;0;3116;0;0;125;0;32;0;
3208;1706300;1179475968;16474112;1379246080;0;0;0;0;0;0;0;0;0;0;0;2725;0;0;125;0;32;0;
3209;1907538;1179475968;16474112;1379246080;0;0;0;0;0;0;0;0;0;0;0;2825;0;0;125;0;32;0;
3210;4729400;1179475968;16474112;1379246080;0;0;0;0;0;0;0;0;0;0;0;3096;0;0;125;0;32;0;
3211;3818130;1179475968;16474112;1379246080;0;0;0;0;0;0;0;0;0;0;0;2845;0;0;125;0;32;0;
3212;1451913;1179475968;16474112;1379246080;0;0;0;0;0;0;0;0;0;0;0;2815;0;0;125;0;32;0;
3213;1404223;1179475968;16474112;1379246080;0;0;0;0;0;0;0;0;0;0;0;2916;0;0;125;0;32;0;
3214;1874886;1179475968;16474112;1379246080;0;0;0;0;0;0;0;0;0;0;0;2715;0;0;125;0;32;0;
3215;1387131;1179475968;16474112;1379246080;0;0;0;0;0;0;0;0;0;0;0;3046;0;0;125;0;32;0;
3216;1533646;1179475968;16474112;1379246080;0;0;0;0;0;0;0;0;0;0;0;3026;0;0;125;0;32;0;
3217;2430217;1179475968;16474112;1379246080;0;0;0;0;0;0;0;0;0;0;0;2725;0;0;125;0;32;0;
3218;1965967;1179475968;16474112;1379246080;0;0;0;0;0;0;0;0;0;0;0;2806;0;0;125;0;32;0;
3219;1385308;1179475968;16474112;1379246080;0;0;0;0;0;0;0;0;0;0;0;2715;0;0;125;0;32;0;
3220;1439690;1179475968;16474112;1379246080;0;0;0;0;0;0;0;0;0;0;0;2825;0;0;125;0;32;0;
3221;2171722;1179475968;16474112;1379246080;0;0;0;0;0;0;0;0;0;0;0;2845;0;0;125;0;32;0;
3222;1568732;1179475968;16474112;1379246080;0;0;0;0;0;0;0;0;0;0;0;2865;0;0;125;0;32;0;
3223;1561900;1179475968;16474112;1379246080;0;0;0;0;0;0;0;0;0;0;0;3266;0;0;125;0;32;0;
3224;1736035;1179475968;16474112;1379246080;0;0;0;0;0;0;0;0;0;0;0;2946;0;0;125;0;32;0;
3225;2334067;1179475968;16474112;1379246080;0;0;0;0;0;0;0;0;0;0;0;2855;0;0;125;0;32;0;
3226;1547532;1179475968;16474112;1379246080;0;0;0;0;0;0;0;0;0;0;0;3577;0;0;125;0;32;0;
3227;1760943;1179475968;16474112;1379246080;0;0;0;0;0;0;0;0;0;0;0;3126;0;0;125;0;32;0;
3228;2108124;1179475968;16474112;1379246080;0;0;0;0;0;0;0;0;0;0;0;2985;0;0;125;0;32;0;
3229;4661081;1179475968;16474112;1379246080;0;0;0;0;0;0;0;0;0;0;0;2855;0;0;125;0;32;0;
3230;3786681;1179475968;16482304;1379254272;0;0;0;0;0;0;0;0;0;0;0;3257;0;0;125;0;32;0;
3231;1743029;1179475968;16482304;1379254272;0;0;0;0;0;0;0;0;0;0;0;2986;0;0;125;0;32;0;
3232;1809794;1179475968;16482304;1379254272;0;0;0;0;0;0;0;0;0;0;0;2875;0;0;125;0;32;0;
3233;2618230;1179475968;16482304;1379254272;0;0;0;0;0;0;0;0;0;0;0;2765;0;0;125;0;32;0;
3234;1535309;1179475968;16482304;1379254272;0;0;0;0;0;0;0;0;0;0;0;2414;0;0;125;0;32;0;
3235;1516635;1179475968;16482304;1379254272;0;0;0;0;0;0;0;0;0;0;0;2535;0;0;125;0;32;0;
3236;1843457;1179475968;16482304;1379254272;0;0;0;0;0;0;0;0;0;0;0;2495;0;0;125;0;32;0;
3237;1697373;1179475968;16482304;1379254272;0;0;0;0;0;0;0;0;0;0;0;2465;0;0;125;0;32;0;
3238;1434300;1179475968;16482304;1379254272;0;0;0;0;0;0;0;0;0;0;0;2415;0;0;125;0;32;0;
3239;1348119;1179475968;16482304;1379254272;0;0;0;0;0;0;0;0;0;0;0;2525;0;0;125;0;32;0;
3240;2138370;1179475968;16482304;1379254272;0;0;0;0;0;0;0;0;0;0;0;2945;0;0;125;0;32;0;
3241;1479114;1179475968;16482304;1379254272;0;0;0;0;0;0;0;0;0;0;0;2144;0;0;125;0;32;0;
3242;1457543;1179475968;16482304;1379254272;0;0;0;0;0;0;0;0;0;0;0;2965;0;0;125;0;32;0;
3243;1659793;1179475968;16482304;1379254272;0;0;0;0;0;0;0;0;0;0;0;2555;0;0;125;0;32;0;
3244;2170650;1179475968;16482304;1379254272;0;0;0;0;0;0;0;0;0;0;0;2364;0;0;125;0;32;0;
3245;1351134;1179475968;16482304;1379254272;0;0;0;0;0;0;0;0;0;0;0;2525;0;0;125;0;32;0;
3246;1318853;1179475968;16482304;1379254272;0;0;0;0;0;0;0;0;0;0;0;2304;0;0;125;0;32;0;
3247;1516765;1179475968;16482304;1379254272;0;0;0;0;0;0;0;0;0;0;0;2635;0;0;125;0;32;0;
3248;4673214;1179475968;16482304;1379254272;0;0;0;0;0;0;0;0;0;0;0;2434;0;0;125;0;32;0;
3249;3042616;1179475968;16482304;1379254272;0;0;0;0;0;0;0;0;0;0;0;2965;0;0;125;0;32;0;
3250;2221436;1179475968;16482304;1379254272;0;0;0;0;0;0;0;0;0;0;0;2535;0;0;125;0;32;0;
3251;1497518;1179475968;16482304;1379254272;0;0;0;0;0;0;0;0;0;0;0;2284;0;0;125;0;32;0;
3252;1822107;1179475968;16482304;1379254272;0;0;0;0;0;0;0;0;0;0;0;2545;0;0;125;0;32;0;
3253;1927696;1179475968;16482304;1379254272;0;0;0;0;0;0;0;0;0;0;0;2946;0;0;125;0;32;0;
3254;1851402;1179475968;16482304;1379254272;0;0;0;0;0;0;0;0;0;0;0;3005;0;0;125;0;32;0;
3255;2257604;1179475968;16482304;1379254272;0;0;0;0;0;0;0;0;0;0;0;3176;0;0;125;0;32;0;
3256;1593308;1179475968;16482304;1379254272;0;0;0;0;0;0;0;0;0;0;0;3427;0;0;125;0;32;0;
3257;1510402;1179475968;16482304;1379254272;0;0;0;0;0;0;0;0;0;0;0;2765;0;0;125;0;32;0;
3258;2317045;1179475968;16482304;1379254272;0;0;0;0;0;0;0;0;0;0;0;2745;0;0;125;0;32;0;
3259;2596219;1179475968;16482304;1379254272;0;0;0;0;0;0;0;0;0;0;0;6362;0;0;125;0;32;0;
3260;1444649;1179475968;16482304;1379254272;0;0;0;0;0;0;0;0;0;0;0;2144;0;0;125;0;32;0;
3261;1461541;1179475968;16482304;1379254272;0;0;0;0;0;0;0;0;0;0;0;2024;0;0;125;0;32;0;
3262;2028354;1179475968;16482304;1379254272;0;0;0;0;0;0;0;0;0;0;0;2104;0;0;125;0;32;0;
3263;1384286;1179475968;16482304;1379254272;0;0;0;0;0;0;0;0;0;0;0;1703;0;0;125;0;32;0;
3264;1061932;1179475968;16482304;1379254272;0;0;0;0;0;0;0;0;0;0;0;2134;0;0;125;0;32;0;
3265;1277255;1179475968;16482304;1379254272;0;0;0;0;0;0;0;0;0;0;0;1983;0;0;125;0;32;0;
3266;4287581;1179475968;16482304;1379254272;0;0;0;0;0;0;0;0;0;0;0;2033;0;0;125;0;32;0;
3267;3914992;1179475968;16482304;1379254272;0;0;0;0;0;0;0;0;0;0;0;2695;0;0;125;0;32;0;
3268;2056226;1179475968;16482304;1379254272;0;0;0;0;0;0;0;0;0;0;0;3086;0;0;125;0;32;0;
3269;1840853;1179475968;16482304;1379254272;0;0;0;0;0;0;0;0;0;0;0;2936;0;0;125;0;32;0;
3270;2693882;1179475968;16482304;1379254272;0;0;0;0;0;0;0;0;0;0;0;2856;0;0;125;0;32;0;
3271;1869055;1179475968;16482304;1379254272;0;0;0;0;0;0;0;0;0;0;0;2975;0;0;125;0;32;0;
3272;1660434;1179475968;16482304;1379254272;0;0;0;0;0;0;0;0;0;0;0;2735;0;0;125;0;32;0;
3273;2419668;1179475968;16482304;1379254272;0;0;0;0;0;0;0;0;0;0;0;2985;0;0;125;0;32;0;
3274;1666305;1179475968;16482304;1379254272;0;0;0;0;0;0;0;0;0;0;0;3076;0;0;125;0;32;0;
3275;1938765;1179475968;16482304;1379254272;0;0;0;0;0;0;0;0;0;0;0;3106;0;0;125;0;32;0;
3276;2400492;1179475968;16482304;1379254272;0;0;0;0;0;0;0;0;0;0;0;3026;0;0;125;0;32;0;
3277;1853997;1179475968;16482304;1379254272;0;0;0;0;0;0;0;0;0;0;0;2985;0;0;125;0;32;0;
3278;1686793;1179475968;16482304;1379254272;0;0;0;0;0;0;0;0;0;0;0;3026;0;0;125;0;32;0;
3279;1392812;1179475968;16482304;1379254272;0;0;0;0;0;0;0;0;0;0;0;2825;0;0;125;0;32;0;
3280;2192582;1179475968;16482304;1379254272;0;0;0;0;0;0;0;0;0;0;0;3527;0;0;125;0;32;0;
3281;1774828;1179475968;16482304;1379254272;0;0;0;0;0;0;0;0;0;0;0;3126;0;0;125;0;32;0;
3282;1562530;1179475968;16482304;1379254272;0;0;0;0;0;0;0;0;0;0;0;2976;0;0;125;0;32;0;
3283;1634606;1179475968;16482304;1379254272;0;0;0;0;0;0;0;0;0;0;0;2916;0;0;125;0;32;0;
3284;4443884;1179475968;16482304;1379254272;0;0;0;0;0;0;0;0;0;0;0;3036;0;0;125;0;32;0;
3285;4950975;1179475968;16482304;1379254272;0;0;0;0;0;0;0;0;0;0;0;2995;0;0;125;0;32;0;
3286;1715347;1179475968;16482304;1379254272;0;0;0;0;0;0;0;0;0;0;0;3396;0;0;125;0;32;0;
3287;2208041;1179475968;16482304;1379254272;0;0;0;0;0;0;0;0;0;0;0;3236;0;0;125;0;32;0;
3288;2565271;1179475968;16482304;1379254272;0;0;0;0;0;0;0;0;0;0;0;2895;0;0;125;0;32;0;
3289;2887055;1179475968;16482304;1379254272;0;0;0;0;0;0;0;0;0;0;0;3216;0;0;125;0;32;0;
3290;1867803;1179475968;16482304;1379254272;0;0;0;0;0;0;0;0;0;0;0;2795;0;0;125;0;32;0;
3291;2640311;1179475968;16482304;1379254272;0;0;0;0;0;0;0;0;0;0;0;2945;0;0;125;0;32;0;
3292;1990693;1179475968;16482304;1379254272;0;0;0;0;0;0;0;0;0;0;0;3116;0;0;125;0;32;0;
3293;1794535;1179475968;16482304;1379254272;0;0;0;0;0;0;0;0;0;0;0;3196;0;0;125;0;32;0;
3294;2144793;1179475968;16482304;1379254272;0;0;0;0;0;0;0;0;0;0;0;2845;0;0;125;0;32;0;
3295;1885486;1179475968;16482304;1379254272;0;0;0;0;0;0;0;0;0;0;0;3747;0;0;125;0;32;0;
3296;1427948;1179475968;16482304;1379254272;0;0;0;0;0;0;0;0;0;0;0;3085;0;0;125;0;32;0;
3297;1859737;1179475968;16482304;1379254272;0;0;0;0;0;0;0;0;0;0;0;2715;0;0;125;0;32;0;
3298;2684104;1179475968;16482304;1379254272;0;0;0;0;0;0;0;0;0;0;0;3106;0;0;125;0;32;0;
3299;1929859;1179475968;16482304;1379254272;0;0;0;0;0;0;0;0;0;0;0;2715;0;0;125;0;32;0;
3300;1745533;1179475968;16482304;1379254272;0;0;0;0;0;0;0;0;0;0;0;2846;0;0;125;0;32;0;
3301;4824678;1179475968;16482304;1379254272;0;0;0;0;0;0;0;0;0;0;0;2695;0;0;125;0;32;0;
3302;3442025;1179475968;16482304;1379254272;0;0;0;0;0;0;0;0;0;0;0;3376;0;0;125;0;32;0;
3303;1820895;1179475968;16482304;1379254272;0;0;0;0;0;0;0;0;0;0;0;2484;0;0;125;0;32;0;
3304;2441198;1179475968;16482304;1379254272;0;0;0;0;0;0;0;0;0;0;0;2816;0;0;125;0;32;0;
3305;1702893;1179475968;16482304;1379254272;0;0;0;0;0;0;0;0;0;0;0;2514;0;0;125;0;32;0;
3306;1824592;1179475968;16482304;1379254272;0;0;0;0;0;0;0;0;0;0;0;2435;0;0;125;0;32;0;
3307;2108574;1179480064;16478208;1379250176;0;0;0;0;0;0;0;0;0;0;0;2695;0;0;125;0;32;0;
3308;1792000;1179480064;16478208;1379250176;0;0;0;0;0;0;0;0;0;0;0;2956;0;0;125;0;32;0;
3309;1948996;1179480064;16478208;1379250176;0;0;0;0;0;0;0;0;0;0;0;2625;0;0;125;0;32;0;
3310;2516038;1179480064;16478208;1379250176;0;0;0;0;0;0;0;0;0;0;0;2595;0;0;125;0;32;0;
3311;1714906;1179480064;16478208;1379250176;0;0;0;0;0;0;0;0;0;0;0;2745;0;0;125;0;32;0;
3312;2487195;1179480064;16478208;1379250176;0;0;0;0;0;0;0;0;0;0;0;3146;0;0;125;0;32;0;
3313;5377515;1179480064;16478208;1379250176;0;0;0;0;0;0;0;0;0;0;0;2294;0;0;125;0;32;0;
3314;4358824;1179480064;16482304;1379254272;0;0;0;0;0;0;0;0;0;0;0;2635;0;0;125;0;32;0;
3315;1865288;1179480064;16482304;1379254272;0;0;0;0;0;0;0;0;0;0;0;2906;0;0;125;0;32;0;
3316;1801388;1179480064;16482304;1379254272;0;0;0;0;0;0;0;0;0;0;0;2786;0;0;125;0;32;0;
3317;2357130;1179480064;16482304;1379254272;0;0;0;0;0;0;0;0;0;0;0;2856;0;0;125;0;32;0;
3318;1956729;1179480064;16482304;1379254272;0;0;0;0;0;0;0;0;0;0;0;2314;0;0;125;0;32;0;
3319;1472451;1179480064;16482304;1379254272;0;0;0;0;0;0;0;0;0;0;0;2585;0;0;125;0;32;0;
3320;2699833;1179480064;16482304;1379254272;0;0;0;0;0;0;0;0;0;0;0;2314;0;0;125;0;32;0;
3321;1838288;1179480064;16482304;1379254272;0;0;0;0;0;0;0;0;0;0;0;2796;0;0;125;0;32;0;
3322;1766974;1179480064;16482304;1379254272;0;0;0;0;0;0;0;0;0;0;0;3045;0;0;125;0;32;0;
3323;2233760;1179480064;16482304;1379254272;0;0;0;0;0;0;0;0;0;0;0;2725;0;0;125;0;32;0;
3324;2454513;1179480064;16482304;1379254272;0;0;0;0;0;0;0;0;0;0;0;2334;0;0;125;0;32;0;
3325;1966297;1179480064;16482304;1379254272;0;0;0;0;0;0;0;0;0;0;0;2805;0;0;125;0;32;0;
3326;5630980;1179480064;16482304;1379254272;0;0;0;0;0;0;0;0;0;0;0;2965;0;0;125;0;32;0;
3327;4918725;1179480064;16486400;1379258368;0;0;0;0;0;0;0;0;0;0;0;2485;0;0;125;0;32;0;
3328;1903410;1179480064;16486400;1379258368;0;0;0;0;0;0;0;0;0;0;0;2826;0;0;125;0;32;0;
3329;2351479;1179480064;16486400;1379258368;0;0;0;0;0;0;0;0;0;0;0;2715;0;0;125;0;32;0;
3330;3142252;1179480064;16486400;1379258368;0;0;0;0;0;0;0;0;0;0;0;3076;0;0;125;0;32;0;
3331;2268274;1179480064;16486400;1379258368;0;0;0;0;0;0;0;0;0;0;0;3086;0;0;125;0;32;0;
3332;2484870;1179480064;16486400;1379258368;0;0;0;0;0;0;0;0;0;0;0;3536;0;0;125;0;32;0;
3333;2936958;1179480064;16486400;1379258368;0;0;0;0;0;0;0;0;0;0;0;3467;0;0;125;0;32;0;
3334;2908885;1179480064;16486400;1379258368;0;0;0;0;0;0;0;0;0;0;0;3357;0;0;125;0;32;0;
3335;2561163;1179480064;16486400;1379258368;0;0;0;0;0;0;0;0;0;0;0;2615;0;0;125;0;32;0;
3336;2518383;1179480064;16486400;1379258368;0;0;0;0;0;0;0;0;0;0;0;2375;0;0;125;0;32;0;
3337;1705859;1179480064;16486400;1379258368;0;0;0;0;0;0;0;0;0;0;0;2685;0;0;125;0;32;0;
3338;2119895;1179480064;16486400;1379258368;0;0;0;0;0;0;0;0;0;0;0;3106;0;0;125;0;32;0;
3339;1634886;1179480064;16486400;1379258368;0;0;0;0;0;0;0;0;0;0;0;2775;0;0;125;0;32;0;
3340;2819759;1179480064;16486400;1379258368;0;0;0;0;0;0;0;0;0;0;0;3447;0;0;125;0;32;0;
3341;1827076;1179480064;16486400;1379258368;0;0;0;0;0;0;0;0;0;0;0;3827;0;0;125;0;32;0;
3342;1880977;1179480064;16486400;1379258368;0;0;0;0;0;0;0;0;0;0;0;2895;0;0;125;0;32;0;
3343;2235592;1179480064;16486400;1379258368;0;0;0;0;0;0;0;0;0;0;0;3165;0;0;125;0;32;0;
3344;4921440;1179480064;16486400;1379258368;0;0;0;0;0;0;0;0;0;0;0;2424;0;0;125;0;32;0;
3345;4722847;1179480064;16486400;1379258368;0;0;0;0;0;0;0;0;0;0;0;3987;0;0;125;0;32;0;
3346;2188815;1179480064;16486400;1379258368;0;0;0;0;0;0;0;0;0;0;0;4168;0;0;125;0;32;0;
3347;1914791;1179480064;16486400;1379258368;0;0;0;0;0;0;0;0;0;0;0;3436;0;0;125;0;32;0;
3348;4191601;1179480064;16486400;1379258368;0;0;0;0;0;0;0;0;0;0;0;1943;0;0;125;0;32;0;
3349;2088106;1179480064;16486400;1379258368;0;0;0;0;0;0;0;0;0;0;0;3616;0;0;125;0;32;0;
3350;1739984;1179480064;16486400;1379258368;0;0;0;0;0;0;0;0;0;0;0;2856;0;0;125;0;32;0;
3351;2689915;1179475968;16474112;1379246080;0;0;0;0;0;0;0;0;0;0;0;1943;0;0;125;0;32;0;
3352;1906064;1179475968;16474112;1379246080;0;0;0;0;0;0;0;0;0;0;0;2725;0;0;125;0;32;0;
3353;1428720;1179475968;16474112;1379246080;0;0;0;0;0;0;0;0;0;0;0;2385;0;0;125;0;32;0;
3354;2893497;1179475968;16474112;1379246080;0;0;0;0;0;0;0;0;0;0;0;3026;0;0;125;0;32;0;
3355;2258305;1179475968;16474112;1379246080;0;0;0;0;0;0;0;0;0;0;0;2415;0;0;125;0;32;0;
3356;2114896;1179475968;16474112;1379246080;0;0;0;0;0;0;0;0;0;0;0;2434;0;0;125;0;32;0;
3357;4764104;1179475968;16474112;1379246080;0;0;0;0;0;0;0;0;0;0;0;2795;0;0;125;0;32;0;
3358;5751536;1179475968;16482304;1379254272;0;0;0;0;0;0;0;0;0;0;0;4498;0;0;125;0;32;0;
3359;2371117;1179475968;16482304;1379254272;0;0;0;0;0;0;0;0;0;0;0;3317;0;0;125;0;32;0;
3360;2150603;1179475968;16482304;1379254272;0;0;0;0;0;0;0;0;0;0;0;2856;0;0;125;0;32;0;
3361;2831180;1179475968;16482304;1379254272;0;0;0;0;0;0;0;0;0;0;0;3096;0;0;125;0;32;0;
3362;1877080;1179475968;16482304;1379254272;0;0;0;0;0;0;0;0;0;0;0;3056;0;0;125;0;32;0;
3363;1701481;1179475968;16482304;1379254272;0;0;0;0;0;0;0;0;0;0;0;2786;0;0;125;0;32;0;
3364;2532289;1179475968;16482304;1379254272;0;0;0;0;0;0;0;0;0;0;0;3216;0;0;125;0;32;0;
3365;1650796;1179475968;16482304;1379254272;0;0;0;0;0;0;0;0;0;0;0;3146;0;0;125;0;32;0;
3366;1551249;1179475968;16482304;1379254272;0;0;0;0;0;0;0;0;0;0;0;3296;0;0;125;0;32;0;
3367;2694062;1179475968;16482304;1379254272;0;0;0;0;0;0;0;0;0;0;0;3586;0;0;125;0;32;0;
3368;2475663;1179475968;16482304;1379254272;0;0;0;0;0;0;0;0;0;0;0;3356;0;0;125;0;32;0;
3369;2063580;1179475968;16482304;1379254272;0;0;0;0;0;0;0;0;0;0;0;2905;0;0;125;0;32;0;
3370;5138977;1179475968;16482304;1379254272;0;0;0;0;0;0;0;0;0;0;0;4138;0;0;125;0;32;0;
3371;5052305;1179475968;16486400;1379258368;0;0;0;0;0;0;0;0;0;0;0;4428;0;0;125;0;32;0;
3372;3104633;1179475968;16486400;1379258368;0;0;0;0;0;0;0;0;0;0;0;7935;0;0;125;0;32;0;
3373;2547468;1179475968;16486400;1379258368;0;0;0;0;0;0;0;0;0;0;0;2124;0;0;125;0;32;0;
3374;2029416;1179475968;16486400;1379258368;0;0;0;0;0;0;0;0;0;0;0;1813;0;0;125;0;32;0;
3375;1245656;1179475968;16486400;1379258368;0;0;0;0;0;0;0;0;0;0;0;2024;0;0;125;0;32;0;
3376;1259532;1179475968;16486400;1379258368;0;0;0;0;0;0;0;0;0;0;0;2064;0;0;125;0;32;0;
3377;2537168;1179475968;16486400;1379258368;0;0;0;0;0;0;0;0;0;0;0;2204;0;0;125;0;32;0;
3378;2132029;1179475968;16486400;1379258368;0;0;0;0;0;0;0;0;0;0;0;3547;0;0;125;0;33;0;
3379;1687785;1179475968;16486400;1379258368;0;0;0;0;0;0;0;0;0;0;0;2054;0;0;125;0;33;0;
3380;2799269;1179475968;16486400;1379258368;0;0;0;0;0;0;0;0;0;0;0;2195;0;0;125;0;33;0;
3381;2091502;1179475968;16486400;1379258368;0;0;0;0;0;0;0;0;0;0;0;2825;0;0;125;0;33;0;
3382;1640566;1179475968;16486400;1379258368;0;0;0;0;0;0;0;0;0;0;0;2314;0;0;125;0;33;0;
3383;5311501;1179475968;16486400;1379258368;0;0;0;0;0;0;0;0;0;0;0;2786;0;0;125;0;33;0;
3384;3148856;1179475968;16486400;1379258368;0;0;0;0;0;0;0;0;0;0;0;1953;0;0;125;0;33;0;
3385;1884895;1179475968;16486400;1379258368;0;0;0;0;0;0;0;0;0;0;0;2014;0;0;125;0;33;0;
3386;1837676;1179475968;16486400;1379258368;0;0;0;0;0;0;0;0;0;0;0;2375;0;0;125;0;33;0;
3387;1985123;1179475968;16486400;1379258368;0;0;0;0;0;0;0;0;0;0;0;2084;0;0;125;0;33;0;
3388;1349430;1179475968;16486400;1379258368;0;0;0;0;0;0;0;0;0;0;0;2034;0;0;125;0;33;0;
3389;1220599;1179475968;16486400;1379258368;0;0;0;0;0;0;0;0;0;0;0;2064;0;0;125;0;33;0;
3390;2230092;1179475968;16486400;1379258368;0;0;0;0;0;0;0;0;0;0;0;2064;0;0;125;0;33;0;
3391;1883041;1179475968;16486400;1379258368;0;0;0;0;0;0;0;0;0;0;0;2064;0;0;125;0;33;0;
3392;1362916;1179475968;16486400;1379258368;0;0;0;0;0;0;0;0;0;0;0;2124;0;0;125;0;33;0;
3393;2077576;1179475968;16486400;1379258368;0;0;0;0;0;0;0;0;0;0;0;1934;0;0;125;0;33;0;
3394;1613085;1179475968;16486400;1379258368;0;0;0;0;0;0;0;0;0;0;0;1904;0;0;125;0;33;0;
3395;1708143;1179475968;16486400;1379258368;0;0;0;0;0;0;0;0;0;0;0;2124;0;0;125;0;33;0;
3396;4933102;1179475968;16486400;1379258368;0;0;0;0;0;0;0;0;0;0;0;2524;0;0;125;0;33;0;
3397;3044660;1179475968;16486400;1379258368;0;0;0;0;0;0;0;0;0;0;0;2204;0;0;125;0;33;0;
3398;1288877;1179475968;16486400;1379258368;0;0;0;0;0;0;0;0;0;0;0;1863;0;0;125;0;33;0;
3399;1701000;1179475968;16486400;1379258368;0;0;0;0;0;0;0;0;0;0;0;2705;0;0;125;0;33;0;
3400;1341416;1179475968;16486400;1379258368;0;0;0;0;0;0;0;0;0;0;0;2074;0;0;125;0;33;0;
3401;1334102;1179475968;16486400;1379258368;0;0;0;0;0;0;0;0;0;0;0;2154;0;0;125;0;33;0;
3402;1917355;1179475968;16486400;1379258368;0;0;0;0;0;0;0;0;0;0;0;2074;0;0;125;0;33;0;
3403;1727119;1179475968;16486400;1379258368;0;0;0;0;0;0;0;0;0;0;0;2124;0;0;125;0;33;0;
3404;1524138;1179475968;16486400;1379258368;0;0;0;0;0;0;0;0;0;0;0;2084;0;0;125;0;33;0;
3405;2593203;1179508736;16482304;1379254272;0;0;0;0;0;0;0;0;0;0;0;2404;0;0;125;0;33;0;
3406;1357235;1179508736;16482304;1379254272;0;0;0;0;0;0;0;0;0;0;0;2445;0;0;125;0;33;0;
3407;1648342;1179508736;16482304;1379254272;0;0;0;0;0;0;0;0;0;0;0;2385;0;0;125;0;33;0;
3408;5074005;1179508736;16482304;1379254272;0;0;0;0;0;0;0;0;0;0;0;3196;0;0;125;0;33;0;
3409;3463616;1179508736;16494592;1379266560;0;0;0;0;0;0;0;0;0;0;0;2024;0;0;125;0;33;0;
3410;1889484;1179508736;16494592;1379266560;0;0;0;0;0;0;0;0;0;0;0;2375;0;0;125;0;33;0;
3411;1735505;1179508736;16494592;1379266560;0;0;0;0;0;0;0;0;0;0;0;2174;0;0;125;0;33;0;
3412;2305012;1179508736;16494592;1379266560;0;0;0;0;0;0;0;0;0;0;0;2224;0;0;125;0;33;0;
3413;2161634;1179508736;16494592;1379266560;0;0;0;0;0;0;0;0;0;0;0;2013;0;0;125;0;33;0;
3414;1527084;1179508736;16494592;1379266560;0;0;0;0;0;0;0;0;0;0;0;1894;0;0;125;0;33;0;
3415;1996564;1179508736;16494592;1379266560;0;0;0;0;0;0;0;0;0;0;0;1993;0;0;125;0;33;0;
3416;1825183;1179508736;16494592;1379266560;0;0;0;0;0;0;0;0;0;0;0;3146;0;0;125;0;34;0;
3417;1539306;1179508736;16494592;1379266560;0;0;0;0;0;0;0;0;0;0;0;1883;0;0;125;0;34;0;
3418;2683262;1179508736;16494592;1379266560;0;0;0;0;0;0;0;0;0;0;0;2325;0;0;125;0;34;0;
3419;1838017;1179508736;16494592;1379266560;0;0;0;0;0;0;0;0;0;0;0;1894;0;0;125;0;34;0;
3420;1408882;1179508736;16494592;1379266560;0;0;0;0;0;0;0;0;0;0;0;2204;0;0;125;0;34;0;
3421;4802537;1179508736;16494592;1379266560;0;0;0;0;0;0;0;0;0;0;0;2905;0;0;125;0;34;0;
3422;3103891;1179508736;16494592;1379266560;0;0;0;0;0;0;0;0;0;0;0;2054;0;0;125;0;34;0;
3423;1297603;1179508736;16494592;1379266560;0;0;0;0;0;0;0;0;0;0;0;1994;0;0;125;0;34;0;
3424;1371733;1179508736;16494592;1379266560;0;0;0;0;0;0;0;0;0;0;0;1904;0;0;125;0;34;0;
3425;1968461;1179508736;16494592;1379266560;0;0;0;0;0;0;0;0;0;0;0;2024;0;0;125;0;34;0;
3426;1589150;1179508736;16494592;1379266560;0;0;0;0;0;0;0;0;0;0;0;2154;0;0;125;0;34;0;
3427;1477671;1179508736;16494592;1379266560;0;0;0;0;0;0;0;0;0;0;0;1974;0;0;125;0;34;0;
3428;1816557;1179508736;16494592;1379266560;0;0;0;0;0;0;0;0;0;0;0;1893;0;0;125;0;34;0;
3429;1523156;1179508736;16494592;1379266560;0;0;0;0;0;0;0;0;0;0;0;1963;0;0;125;0;34;0;
3430;1391960;1179508736;16494592;1379266560;0;0;0;0;0;0;0;0;0;0;0;1904;0;0;125;0;34;0;
3431;1689488;1179512832;16486400;1379258368;0;0;0;0;0;0;0;0;0;0;0;2194;0;0;125;0;34;0;
3432;1352337;1179512832;16486400;1379258368;0;0;0;0;0;0;0;0;0;0;0;1954;0;0;125;0;34;0;
3433;1325506;1179512832;16486400;1379258368;0;0;0;0;0;0;0;0;0;0;0;3336;0;0;125;0;35;0;
3434;5276114;1179512832;16486400;1379258368;0;0;0;0;0;0;0;0;0;0;0;3587;0;0;125;0;35;0;
3435;3762486;1179512832;16486400;1379258368;0;0;0;0;0;0;0;0;0;0;0;2935;0;0;125;0;35;0;
3436;2470122;1179512832;16486400;1379258368;0;0;0;0;0;0;0;0;0;0;0;1933;0;0;125;0;35;0;
3437;2580559;1179512832;16486400;1379258368;0;0;0;0;0;0;0;0;0;0;0;2114;0;0;125;0;35;0;
3438;1723091;1179512832;16486400;1379258368;0;0;0;0;0;0;0;0;0;0;0;1884;0;0;125;0;35;0;
3439;1681875;1179512832;16486400;1379258368;0;0;0;0;0;0;0;0;0;0;0;1914;0;0;125;0;35;0;
3440;2142307;1179512832;16486400;1379258368;0;0;0;0;0;0;0;0;0;0;0;2154;0;0;125;0;35;0;
3441;1806097;1179512832;16486400;1379258368;0;0;0;0;0;0;0;0;0;0;0;2364;0;0;125;0;35;0;
3442;1506034;1179512832;16486400;1379258368;0;0;0;0;0;0;0;0;0;0;0;2405;0;0;125;0;35;0;
3443;2364605;1179508736;16482304;1379254272;0;0;0;0;0;0;0;0;0;0;0;2114;0;0;125;0;35;0;
3444;1696511;1179508736;16482304;1379254272;0;0;0;0;0;0;0;0;0;0;0;2725;0;0;125;0;35;0;
3445;2453091;1179508736;16482304;1379254272;0;0;0;0;0;0;0;0;0;0;0;2435;0;0;125;0;35;0;
3446;4937731;1179508736;16482304;1379254272;0;0;0;0;0;0;0;0;0;0;0;2114;0;0;125;0;35;0;
3447;3436375;1179508736;16494592;1379266560;0;0;0;0;0;0;0;0;0;0;0;2093;0;0;125;0;35;0;
3448;1951590;1179508736;16494592;1379266560;0;0;0;0;0;0;0;0;0;0;0;2304;0;0;125;0;35;0;
3449;1485526;1179508736;16494592;1379266560;0;0;0;0;0;0;0;0;0;0;0;2104;0;0;125;0;35;0;
3450;1929318;1179508736;16494592;1379266560;0;0;0;0;0;0;0;0;0;0;0;1943;0;0;125;0;35;0;
3451;1720236;1179508736;16494592;1379266560;0;0;0;0;0;0;0;0;0;0;0;2154;0;0;125;0;35;0;
3452;1483492;1179508736;16494592;1379266560;0;0;0;0;0;0;0;0;0;0;0;2444;0;0;125;0;35;0;
3453;1806388;1179508736;16494592;1379266560;0;0;0;0;0;0;0;0;0;0;0;1873;0;0;125;0;35;0;
3454;1290260;1179508736;16494592;1379266560;0;0;0;0;0;0;0;0;0;0;0;2265;0;0;125;0;35;0;
3455;1083562;1179508736;16494592;1379266560;0;0;0;0;0;0;0;0;0;0;0;2144;0;0;125;0;35;0;
3456;2808797;1179508736;16494592;1379266560;0;0;0;0;0;0;0;0;0;0;0;2114;0;0;125;0;35;0;
3457;2025789;1179508736;16494592;1379266560;0;0;0;0;0;0;0;0;0;0;0;2605;0;0;125;0;35;0;
3458;2090331;1179508736;16494592;1379266560;0;0;0;0;0;0;0;0;0;0;0;2564;0;0;125;0;35;0;
3459;4830078;1179508736;16494592;1379266560;0;0;0;0;0;0;0;0;0;0;0;2695;0;0;125;0;35;0;
3460;3986115;1179508736;16494592;1379266560;0;0;0;0;0;0;0;0;0;0;0;2535;0;0;125;0;35;0;
3461;1440080;1179508736;16494592;1379266560;0;0;0;0;0;0;0;0;0;0;0;2395;0;0;125;0;35;0;
3462;1806669;1179508736;16494592;1379266560;0;0;0;0;0;0;0;0;0;0;0;2164;0;0;125;0;35;0;
3463;2475663;1179508736;16494592;1379266560;0;0;0;0;0;0;0;0;0;0;0;2435;0;0;125;0;35;0;
3464;1539507;1179508736;16494592;1379266560;0;0;0;0;0;0;0;0;0;0;0;3206;0;0;125;0;35;0;
3465;1800697;1179508736;16494592;1379266560;0;0;0;0;0;0;0;0;0;0;0;2044;0;0;125;0;35;0;
3466;2922731;1179508736;16494592;1379266560;0;0;0;0;0;0;0;0;0;0;0;1924;0;0;125;0;35;0;
3467;1385128;1179508736;16494592;1379266560;0;0;0;0;0;0;0;0;0;0;0;1813;0;0;125;0;35;0;
3468;1517376;1179508736;16494592;1379266560;0;0;0;0;0;0;0;0;0;0;0;1763;0;0;125;0;35;0;
3469;2373552;1179512832;16486400;1379258368;0;0;0;0;0;0;0;0;0;0;0;2114;0;0;125;0;35;0;
3470;1642040;1179512832;16486400;1379258368;0;0;0;0;0;0;0;0;0;0;0;1924;0;0;125;0;35;0;
3471;2005682;1179512832;16486400;1379258368;0;0;0;0;0;0;0;0;0;0;0;2575;0;0;125;0;35;0;
3472;5105946;1179512832;16486400;1379258368;0;0;0;0;0;0;0;0;0;0;0;2305;0;0;125;0;35;0;
3473;3485316;1179512832;16486400;1379258368;0;0;0;0;0;0;0;0;0;0;0;2154;0;0;125;0;35;0;
3474;1712883;1179512832;16486400;1379258368;0;0;0;0;0;0;0;0;0;0;0;2224;0;0;125;0;35;0;
3475;1815345;1179512832;16486400;1379258368;0;0;0;0;0;0;0;0;0;0;0;2234;0;0;125;0;35;0;
3476;2494137;1179512832;16486400;1379258368;0;0;0;0;0;0;0;0;0;0;0;2074;0;0;125;0;35;0;
3477;2185289;1179512832;16486400;1379258368;0;0;0;0;0;0;0;0;0;0;0;2204;0;0;125;0;35;0;
3478;1792932;1179512832;16486400;1379258368;0;0;0;0;0;0;0;0;0;0;0;2785;0;0;125;0;35;0;
3479;2078959;1179512832;16486400;1379258368;0;0;0;0;0;0;0;0;0;0;0;1653;0;0;125;0;35;0;
3480;2170651;1179512832;16486400;1379258368;0;0;0;0;0;0;0;0;0;0;0;2284;0;0;125;0;35;0;
3481;1826856;1179512832;16486400;1379258368;0;0;0;0;0;0;0;0;0;0;0;1943;0;0;125;0;35;0;
3482;1792812;1179512832;16486400;1379258368;0;0;0;0;0;0;0;0;0;0;0;2084;0;0;125;0;35;0;
3483;1662798;1179512832;16486400;1379258368;0;0;0;0;0;0;0;0;0;0;0;3937;0;0;125;0;36;0;
3484;1639545;1179512832;16486400;1379258368;0;0;0;0;0;0;0;0;0;0;0;1953;0;0;125;0;36;0;
3485;5174203;1179512832;16486400;1379258368;0;0;0;0;0;0;0;0;0;0;0;2204;0;0;125;0;36;0;
3486;3483573;1179512832;16486400;1379258368;0;0;0;0;0;0;0;0;0;0;0;2414;0;0;125;0;36;0;
3487;2134723;1179512832;16486400;1379258368;0;0;0;0;0;0;0;0;0;0;0;2205;0;0;125;0;36;0;
3488;2101111;1179512832;16486400;1379258368;0;0;0;0;0;0;0;0;0;0;0;2515;0;0;125;0;36;0;
3489;1946891;1179512832;16486400;1379258368;0;0;0;0;0;0;0;0;0;0;0;2254;0;0;125;0;36;0;
3490;1455379;1179512832;16486400;1379258368;0;0;0;0;0;0;0;0;0;0;0;2154;0;0;125;0;36;0;
3491;2503666;1179512832;16486400;1379258368;0;0;0;0;0;0;0;0;0;0;0;2565;0;0;125;0;36;0;
3492;1910974;1179512832;16486400;1379258368;0;0;0;0;0;0;0;0;0;0;0;3206;0;0;125;0;36;0;
3493;1818029;1179512832;16486400;1379258368;0;0;0;0;0;0;0;0;0;0;0;1793;0;0;125;0;36;0;
3494;3118058;1179508736;16482304;1379254272;0;0;0;0;0;0;0;0;0;0;0;3166;0;0;125;0;36;0;
3495;2058520;1179508736;16482304;1379254272;0;0;0;0;0;0;0;0;0;0;0;3266;0;0;125;0;36;0;
3496;1600161;1179508736;16482304;1379254272;0;0;0;0;0;0;0;0;0;0;0;2384;0;0;125;0;36;0;
3497;4787379;1179508736;16482304;1379254272;0;0;0;0;0;0;0;0;0;0;0;2735;0;0;125;0;36;0;
3498;3221021;1179508736;16494592;1379266560;0;0;0;0;0;0;0;0;0;0;0;2234;0;0;125;0;36;0;
3499;1719214;1179508736;16494592;1379266560;0;0;0;0;0;0;0;0;0;0;0;1994;0;0;125;0;36;0;
3500;1445010;1179508736;16494592;1379266560;0;0;0;0;0;0;0;0;0;0;0;2224;0;0;125;0;36;0;
3501;2010130;1179508736;16494592;1379266560;0;0;0;0;0;0;0;0;0;0;0;2214;0;0;125;0;36;0;
3502;2078437;1179508736;16494592;1379266560;0;0;0;0;0;0;0;0;0;0;0;1893;0;0;125;0;36;0;
3503;2116289;1179508736;16494592;1379266560;0;0;0;0;0;0;0;0;0;0;0;2114;0;0;125;0;36;0;
3504;2825699;1179508736;16494592;1379266560;0;0;0;0;0;0;0;0;0;0;0;2144;0;0;125;0;36;0;
3505;2005131;1179508736;16494592;1379266560;0;0;0;0;0;0;0;0;0;0;0;2214;0;0;125;0;36;0;
3506;1939838;1179508736;16494592;1379266560;0;0;0;0;0;0;0;0;0;0;0;2164;0;0;125;0;36;0;
3507;2289494;1179508736;16494592;1379266560;0;0;0;0;0;0;0;0;0;0;0;2004;0;0;125;0;36;0;
3508;1720927;1179508736;16494592;1379266560;0;0;0;0;0;0;0;0;0;0;0;1903;0;0;125;0;36;0;
3509;1517085;1179508736;16494592;1379266560;0;0;0;0;0;0;0;0;0;0;0;2785;0;0;125;0;36;0;
3510;5609620;1179508736;16494592;1379266560;0;0;0;0;0;0;0;0;0;0;0;2374;0;0;125;0;36;0;
3511;3408412;1179508736;16494592;1379266560;0;0;0;0;0;0;0;0;0;0;0;3206;0;0;125;0;37;0;
3512;1492980;1179508736;16494592;1379266560;0;0;0;0;0;0;0;0;0;0;0;1983;0;0;125;0;37;0;
3513;1188730;1179508736;16494592;1379266560;0;0;0;0;0;0;0;0;0;0;0;1823;0;0;125;0;37;0;
3514;1994721;1179508736;16494592;1379266560;0;0;0;0;0;0;0;0;0;0;0;2074;0;0;125;0;37;0;
3515;2176452;1179508736;16494592;1379266560;0;0;0;0;0;0;0;0;0;0;0;1904;0;0;125;0;37;0;
3516;1517015;1179508736;16494592;1379266560;0;0;0;0;0;0;0;0;0;0;0;2044;0;0;125;0;37;0;
3517;1907327;1179508736;16494592;1379266560;0;0;0;0;0;0;0;0;0;0;0;2355;0;0;125;0;37;0;
3518;1691883;1179508736;16494592;1379266560;0;0;0;0;0;0;0;0;0;0;0;2294;0;0;125;0;37;0;
3519;1663360;1179508736;16494592;1379266560;0;0;0;0;0;0;0;0;0;0;0;1903;0;0;125;0;37;0;
3520;2064542;1179512832;16486400;1379258368;0;0;0;0;0;0;0;0;0;0;0;2074;0;0;125;0;37;0;
3521;2505969;1179512832;16486400;1379258368;0;0;0;0;0;0;0;0;0;0;0;2635;0;0;125;0;37;0;
3522;2250200;1179512832;16486400;1379258368;0;0;0;0;0;0;0;0;0;0;0;1824;0;0;125;0;37;0;
3523;5203689;1179512832;16486400;1379258368;0;0;0;0;0;0;0;0;0;0;0;2865;0;0;125;0;37;0;
3524;3881820;1179512832;16486400;1379258368;0;0;0;0;0;0;0;0;0;0;0;4598;0;0;125;0;39;0;
3525;2628840;1179512832;16486400;1379258368;0;0;0;0;0;0;0;0;0;0;0;2364;0;0;125;0;39;0;
3526;1405206;1179512832;16486400;1379258368;0;0;0;0;0;0;0;0;0;0;0;1924;0;0;125;0;39;0;
3527;1839640;1179512832;16486400;1379258368;0;0;0;0;0;0;0;0;0;0;0;2033;0;0;125;0;39;0;
3528;1923066;1179512832;16486400;1379258368;0;0;0;0;0;0;0;0;0;0;0;2585;0;0;125;0;39;0;
3529;1652419;1179512832;16486400;1379258368;0;0;0;0;0;0;0;0;0;0;0;2525;0;0;125;0;39;0;
3530;2294403;1179512832;16486400;1379258368;0;0;0;0;0;0;0;0;0;0;0;2816;0;0;125;0;39;0;
3531;1718833;1179512832;16486400;1379258368;0;0;0;0;0;0;0;0;0;0;0;2424;0;0;125;0;39;0;
3532;1652369;1179512832;16486400;1379258368;0;0;0;0;0;0;0;0;0;0;0;2605;0;0;125;0;39;0;
3533;2328817;1179512832;16486400;1379258368;0;0;0;0;0;0;0;0;0;0;0;2395;0;0;125;0;39;0;
3534;1706640;1179512832;16486400;1379258368;0;0;0;0;0;0;0;0;0;0;0;2325;0;0;125;0;39;0;
3535;1712171;1179512832;16486400;1379258368;0;0;0;0;0;0;0;0;0;0;0;2345;0;0;125;0;39;0;
3536;6483499;1179512832;16486400;1379258368;0;0;0;0;0;0;0;0;0;0;0;2715;0;0;125;0;39;0;
3537;4290336;1179512832;16486400;1379258368;0;0;0;0;0;0;0;0;0;0;0;2595;0;0;125;0;39;0;
3538;1906575;1179512832;16486400;1379258368;0;0;0;0;0;0;0;0;0;0;0;2014;0;0;125;0;39;0;
3539;2375525;1179512832;16486400;1379258368;0;0;0;0;0;0;0;0;0;0;0;2364;0;0;125;0;39;0;
3540;3344793;1179512832;16486400;1379258368;0;0;0;0;0;0;0;0;0;0;0;2555;0;0;125;0;39;0;
3541;2137629;1179512832;16486400;1379258368;0;0;0;0;0;0;0;0;0;0;0;2444;0;0;125;0;39;0;
3542;2418055;1179512832;16486400;1379258368;0;0;0;0;0;0;0;0;0;0;0;2494;0;0;125;0;39;0;
3543;2524655;1179512832;16486400;1379258368;0;0;0;0;0;0;0;0;0;0;0;2315;0;0;125;0;39;0;
3544;1858185;1179512832;16486400;1379258368;0;0;0;0;0;0;0;0;0;0;0;3136;0;0;125;0;40;0;
3545;1981176;1179512832;16486400;1379258368;0;0;0;0;0;0;0;0;0;0;0;1763;0;0;125;0;40;0;
3546;2677852;1179512832;16486400;1379258368;0;0;0;0;0;0;0;0;0;0;0;1904;0;0;125;0;40;0;
3547;3441474;1179512832;16486400;1379258368;0;0;0;0;0;0;0;0;0;0;0;6202;0;0;125;0;40;0;
3548;1634095;1179512832;16486400;1379258368;0;0;0;0;0;0;0;0;0;0;0;2174;0;0;125;0;40;0;
3549;4629232;1179512832;16486400;1379258368;0;0;0;0;0;0;0;0;0;0;0;2104;0;0;125;0;40;0;
3550;3849840;1179512832;16486400;1379258368;0;0;0;0;0;0;0;0;0;0;0;3226;0;0;125;0;41;0;
3551;2130615;1179512832;16486400;1379258368;0;0;0;0;0;0;0;0;0;0;0;1924;0;0;125;0;41;0;
3552;1866520;1179512832;16486400;1379258368;0;0;0;0;0;0;0;0;0;0;0;2184;0;0;125;0;41;0;
3553;2957977;1179512832;16486400;1379258368;0;0;0;0;0;0;0;0;0;0;0;2134;0;0;125;0;41;0;
3554;1658881;1179512832;16486400;1379258368;0;0;0;0;0;0;0;0;0;0;0;1973;0;0;125;0;41;0;
3555;1151980;1179512832;16486400;1379258368;0;0;0;0;0;0;0;0;0;0;0;1963;0;0;125;0;41;0;
3556;2368412;1179512832;16486400;1379258368;0;0;0;0;0;0;0;0;0;0;0;1914;0;0;125;0;41;0;
3557;1347236;1179512832;16486400;1379258368;0;0;0;0;0;0;0;0;0;0;0;2124;0;0;125;0;41;0;
3558;2082896;1179512832;16486400;1379258368;0;0;0;0;0;0;0;0;0;0;0;3206;0;0;125;0;42;0;
3559;2446047;1179512832;16486400;1379258368;0;0;0;0;0;0;0;0;0;0;0;1933;0;0;125;0;42;0;
3560;1397070;1179512832;16486400;1379258368;0;0;0;0;0;0;0;0;0;0;0;2004;0;0;125;0;42;0;
3561;2059432;1179512832;16486400;1379258368;0;0;0;0;0;0;0;0;0;0;0;2244;0;0;125;0;42;0;
3562;4320583;1179512832;16486400;1379258368;0;0;0;0;0;0;0;0;0;0;0;2274;0;0;125;0;42;0;
3563;2643698;1179512832;16486400;1379258368;0;0;0;0;0;0;0;0;0;0;0;2064;0;0;125;0;42;0;
3564;1655234;1179512832;16486400;1379258368;0;0;0;0;0;0;0;0;0;0;0;1663;0;0;125;0;42;0;
3565;1867683;1179512832;16486400;1379258368;0;0;0;0;0;0;0;0;0;0;0;2244;0;0;125;0;42;0;
3566;1321007;1179512832;16486400;1379258368;0;0;0;0;0;0;0;0;0;0;0;2074;0;0;125;0;42;0;
3567;1343149;1179512832;16486400;1379258368;0;0;0;0;0;0;0;0;0;0;0;1863;0;0;125;0;42;0;
3568;2649659;1179512832;16486400;1379258368;0;0;0;0;0;0;0;0;0;0;0;1834;0;0;125;0;42;0;
3569;1837667;1179512832;16486400;1379258368;0;0;0;0;0;0;0;0;0;0;0;1804;0;0;125;0;42;0;
3570;2007395;1179512832;16486400;1379258368;0;0;0;0;0;0;0;0;0;0;0;1914;0;0;125;0;42;0;
3571;2103444;1179508736;16482304;1379254272;0;0;0;0;0;0;0;0;0;0;0;1974;0;0;125;0;42;0;
3572;1971177;1179508736;16482304;1379254272;0;0;0;0;0;0;0;0;0;0;0;1694;0;0;125;0;42;0;
3573;1842635;1179508736;16482304;1379254272;0;0;0;0;0;0;0;0;0;0;0;1914;0;0;125;0;42;0;
3574;4753585;1179508736;16482304;1379254272;0;0;0;0;0;0;0;0;0;0;0;2675;0;0;125;0;42;0;
3575;3494283;1179508736;16490496;1379262464;0;0;0;0;0;0;0;0;0;0;0;1903;0;0;125;0;42;0;
3576;2097825;1179508736;16490496;1379262464;0;0;0;0;0;0;0;0;0;0;0;1984;0;0;125;0;42;0;
3577;2326163;1179508736;16490496;1379262464;0;0;0;0;0;0;0;0;0;0;0;1953;0;0;125;0;42;0;
3578;1458976;1179508736;16490496;1379262464;0;0;0;0;0;0;0;0;0;0;0;1874;0;0;125;0;42;0;
3579;1344692;1179508736;16490496;1379262464;0;0;0;0;0;0;0;0;0;0;0;2104;0;0;125;0;42;0;
3580;2093055;1179508736;16490496;1379262464;0;0;0;0;0;0;0;0;0;0;0;1894;0;0;125;0;42;0;
3581;1818781;1179508736;16490496;1379262464;0;0;0;0;0;0;0;0;0;0;0;1923;0;0;125;0;42;0;
3582;1127275;1179508736;16490496;1379262464;0;0;0;0;0;0;0;0;0;0;0;2164;0;0;125;0;42;0;
3583;2300725;1179508736;16490496;1379262464;0;0;0;0;0;0;0;0;0;0;0;2265;0;0;125;0;42;0;
3584;1590232;1179508736;16490496;1379262464;0;0;0;0;0;0;0;0;0;0;0;2043;0;0;125;0;42;0;
3585;1764840;1179508736;16490496;1379262464;0;0;0;0;0;0;0;0;0;0;0;2004;0;0;125;0;42;0;
3586;5245698;1179508736;16490496;1379262464;0;0;0;0;0;0;0;0;0;0;0;2395;0;0;125;0;42;0;
3587;3029632;1179508736;16494592;1379266560;0;0;0;0;0;0;0;0;0;0;0;2014;0;0;125;0;42;0;
3588;1712622;1179508736;16494592;1379266560;0;0;0;0;0;0;0;0;0;0;0;1893;0;0;125;0;42;0;
3589;1289468;1179508736;16494592;1379266560;0;0;0;0;0;0;0;0;0;0;0;2234;0;0;125;0;42;0;
3590;8013959;1179508736;16494592;1379266560;0;0;0;0;0;0;0;0;0;0;0;2144;0;0;125;0;42;0;
3591;1948995;1179508736;16494592;1379266560;0;0;0;0;0;0;0;0;0;0;0;2175;0;0;125;0;42;0;
3592;1654623;1179508736;16494592;1379266560;0;0;0;0;0;0;0;0;0;0;0;1944;0;0;125;0;42;0;
3593;1991304;1179508736;16494592;1379266560;0;0;0;0;0;0;0;0;0;0;0;2033;0;0;125;0;42;0;
3594;1854248;1179508736;16494592;1379266560;0;0;0;0;0;0;0;0;0;0;0;1863;0;0;125;0;42;0;
3595;1556960;1179508736;16494592;1379266560;0;0;0;0;0;0;0;0;0;0;0;1903;0;0;125;0;42;0;
3596;1623455;1179508736;16494592;1379266560;0;0;0;0;0;0;0;0;0;0;0;1884;0;0;125;0;42;0;
3597;1748950;1179508736;16494592;1379266560;0;0;0;0;0;0;0;0;0;0;0;89407;0;0;125;0;42;0;
3598;1935429;1179508736;16494592;1379266560;0;0;0;0;0;0;0;0;0;0;0;1954;0;0;125;0;42;0;
3599;4958169;1179508736;16494592;1379266560;0;0;0;0;0;0;0;0;0;0;0;2245;0;0;125;0;42;0;
3600;3159545;1179508736;16494592;1379266560;0;0;0;0;0;0;0;0;0;0;0;1974;0;0;125;0;42;0;
3601;1461952;1179508736;16494592;1379266560;0;0;0;0;0;0;0;0;0;0;0;2044;0;0;125;0;42;0;
3602;2084048;1179508736;16494592;1379266560;0;0;0;0;0;0;0;0;0;0;0;2255;0;0;125;0;42;0;
3603;1788413;1179508736;16494592;1379266560;0;0;0;0;0;0;0;0;0;0;0;2084;0;0;125;0;42;0;
3604;1719205;1179508736;16494592;1379266560;0;0;0;0;0;0;0;0;0;0;0;1994;0;0;125;0;42;0;
3605;1982458;1179508736;16494592;1379266560;0;0;0;0;0;0;0;0;0;0;0;2164;0;0;125;0;42;0;
3606;1315908;1179508736;16494592;1379266560;0;0;0;0;0;0;0;0;0;0;0;2184;0;0;125;0;42;0;
3607;1411247;1179508736;16494592;1379266560;0;0;0;0;0;0;0;0;0;0;0;1933;0;0;125;0;42;0;
3608;1716469;1179508736;16482304;1379254272;0;0;0;0;0;0;0;0;0;0;0;1894;0;0;125;0;42;0;
3609;1337909;1179508736;16482304;1379254272;0;0;0;0;0;0;0;0;0;0;0;2184;0;0;125;0;42;0;
3610;1627292;1179508736;16482304;1379254272;0;0;0;0;0;0;0;0;0;0;0;2254;0;0;125;0;42;0;
3611;5139669;1179508736;16482304;1379254272;0;0;0;0;0;0;0;0;0;0;0;3026;0;0;125;0;42;0;
3612;3391951;1179508736;16494592;1379266560;0;0;0;0;0;0;0;0;0;0;0;2194;0;0;125;0;42;0;
3613;1991625;1179508736;16494592;1379266560;0;0;0;0;0;0;0;0;0;0;0;2214;0;0;125;0;42;0;
3614;1223093;1179508736;16494592;1379266560;0;0;0;0;0;0;0;0;0;0;0;1624;0;0;125;0;42;0;
3615;1812169;1179508736;16494592;1379266560;0;0;0;0;0;0;0;0;0;0;0;1913;0;0;125;0;42;0;
3616;1979422;1179508736;16494592;1379266560;0;0;0;0;0;0;0;0;0;0;0;1894;0;0;125;0;42;0;
3617;1377774;1179508736;16494592;1379266560;0;0;0;0;0;0;0;0;0;0;0;2003;0;0;125;0;42;0;
3618;1916183;1179508736;16494592;1379266560;0;0;0;0;0;0;0;0;0;0;0;1934;0;0;125;0;42;0;
3619;1879325;1179508736;16494592;1379266560;0;0;0;0;0;0;0;0;0;0;0;1843;0;0;125;0;42;0;
3620;1559845;1179508736;16494592;1379266560;0;0;0;0;0;0;0;0;0;0;0;2174;0;0;125;0;42;0;
3621;2148780;1179508736;16494592;1379266560;0;0;0;0;0;0;0;0;0;0;0;1863;0;0;125;0;42;0;
3622;1487800;1179508736;16494592;1379266560;0;0;0;0;0;0;0;0;0;0;0;2164;0;0;125;0;42;0;
3623;1771742;1179508736;16494592;1379266560;0;0;0;0;0;0;0;0;0;0;0;1904;0;0;125;0;42;0;
3624;4841569;1179508736;16494592;1379266560;0;0;0;0;0;0;0;0;0;0;0;2224;0;0;125;0;42;0;
3625;2451257;1179508736;16494592;1379266560;0;0;0;0;0;0;0;0;0;0;0;2154;0;0;125;0;42;0;
3626;1875016;1179508736;16494592;1379266560;0;0;0;0;0;0;0;0;0;0;0;1893;0;0;125;0;42;0;
3627;1726838;1179508736;16494592;1379266560;0;0;0;0;0;0;0;0;0;0;0;1924;0;0;125;0;42;0;
3628;1593118;1179508736;16494592;1379266560;0;0;0;0;0;0;0;0;0;0;0;1983;0;0;125;0;42;0;
3629;1294748;1179508736;16494592;1379266560;0;0;0;0;0;0;0;0;0;0;0;2014;0;0;125;0;42;0;
3630;2212469;1179508736;16494592;1379266560;0;0;0;0;0;0;0;0;0;0;0;1994;0;0;125;0;42;0;
3631;1910152;1179508736;16494592;1379266560;0;0;0;0;0;0;0;0;0;0;0;2013;0;0;125;0;42;0;
3632;2175841;1179508736;16494592;1379266560;0;0;0;0;0;0;0;0;0;0;0;1954;0;0;125;0;42;0;
3633;2101511;1179508736;16482304;1379254272;0;0;0;0;0;0;0;0;0;0;0;1943;0;0;125;0;42;0;
3634;1336667;1179508736;16482304;1379254272;0;0;0;0;0;0;0;0;0;0;0;2144;0;0;125;0;42;0;
3635;1188368;1179508736;16482304;1379254272;0;0;0;0;0;0;0;0;0;0;0;1733;0;0;125;0;42;0;
3636;4741783;1179508736;16482304;1379254272;0;0;0;0;0;0;0;0;0;0;0;1903;0;0;125;0;42;0;
3637;3169274;1179508736;16490496;1379262464;0;0;0;0;0;0;0;0;0;0;0;2104;0;0;125;0;42;0;
3638;1716048;1179508736;16490496;1379262464;0;0;0;0;0;0;0;0;0;0;0;2195;0;0;125;0;42;0;
3639;1660233;1179508736;16490496;1379262464;0;0;0;0;0;0;0;0;0;0;0;2003;0;0;125;0;42;0;
3640;1903690;1179508736;16490496;1379262464;0;0;0;0;0;0;0;0;0;0;0;1873;0;0;125;0;42;0;
3641;1418710;1179508736;16490496;1379262464;0;0;0;0;0;0;0;0;0;0;0;1924;0;0;125;0;42;0;
3642;1501256;1179508736;16490496;1379262464;0;0;0;0;0;0;0;0;0;0;0;1914;0;0;125;0;42;0;
3643;2126739;1179508736;16490496;1379262464;0;0;0;0;0;0;0;0;0;0;0;1844;0;0;125;0;42;0;
3644;1825264;1179508736;16490496;1379262464;0;0;0;0;0;0;0;0;0;0;0;1913;0;0;125;0;42;0;
3645;1664782;1179508736;16490496;1379262464;0;0;0;0;0;0;0;0;0;0;0;2054;0;0;125;0;42;0;
3646;2566463;1179508736;16490496;1379262464;0;0;0;0;0;0;0;0;0;0;0;1904;0;0;125;0;42;0;
3647;2086132;1179508736;16490496;1379262464;0;0;0;0;0;0;0;0;0;0;0;1894;0;0;125;0;42;0;
3648;1636850;1179508736;16490496;1379262464;0;0;0;0;0;0;0;0;0;0;0;1894;0;0;125;0;42;0;
3649;4445397;1179508736;16490496;1379262464;0;0;0;0;0;0;0;0;0;0;0;2986;0;0;125;0;42;0;
3650;2581041;1179508736;16490496;1379262464;0;0;0;0;0;0;0;0;0;0;0;1893;0;0;125;0;42;0;
3651;2285065;1179508736;16490496;1379262464;0;0;0;0;0;0;0;0;0;0;0;2014;0;0;125;0;42;0;
3652;1968381;1179508736;16490496;1379262464;0;0;0;0;0;0;0;0;0;0;0;2145;0;0;125;0;42;0;
3653;1358588;1179508736;16490496;1379262464;0;0;0;0;0;0;0;0;0;0;0;1903;0;0;125;0;42;0;
3654;1498030;1179508736;16490496;1379262464;0;0;0;0;0;0;0;0;0;0;0;1904;0;0;125;0;42;0;
3655;1811657;1179508736;16490496;1379262464;0;0;0;0;0;0;0;0;0;0;0;2084;0;0;125;0;42;0;
3656;1576667;1179508736;16490496;1379262464;0;0;0;0;0;0;0;0;0;0;0;2024;0;0;125;0;42;0;
3657;1496366;1179508736;16490496;1379262464;0;0;0;0;0;0;0;0;0;0;0;1894;0;0;125;0;42;0;
3658;2468139;1179508736;16482304;1379254272;0;0;0;0;0;0;0;0;0;0;0;1884;0;0;125;0;42;0;
3659;1660284;1179508736;16482304;1379254272;0;0;0;0;0;0;0;0;0;0;0;1904;0;0;125;0;42;0;
3660;1658951;1179508736;16482304;1379254272;0;0;0;0;0;0;0;0;0;0;0;2465;0;0;125;0;42;0;
3661;4837402;1179508736;16482304;1379254272;0;0;0;0;0;0;0;0;0;0;0;2215;0;0;125;0;42;0;
3662;3889114;1179508736;16490496;1379262464;0;0;0;0;0;0;0;0;0;0;0;2054;0;0;125;0;42;0;
3663;1443037;1179508736;16490496;1379262464;0;0;0;0;0;0;0;0;0;0;0;2014;0;0;125;0;42;0;
3664;1700419;1179508736;16490496;1379262464;0;0;0;0;0;0;0;0;0;0;0;2004;0;0;125;0;42;0;
3665;1414963;1179508736;16490496;1379262464;0;0;0;0;0;0;0;0;0;0;0;2024;0;0;125;0;42;0;
3666;1216000;1179508736;16490496;1379262464;0;0;0;0;0;0;0;0;0;0;0;1883;0;0;125;0;42;0;
3667;1762415;1179508736;16490496;1379262464;0;0;0;0;0;0;0;0;0;0;0;1944;0;0;125;0;42;0;
3668;1622352;1179508736;16490496;1379262464;0;0;0;0;0;0;0;0;0;0;0;1953;0;0;125;0;42;0;
3669;1180193;1179508736;16490496;1379262464;0;0;0;0;0;0;0;0;0;0;0;2034;0;0;125;0;42;0;
3670;1787272;1179508736;16490496;1379262464;0;0;0;0;0;0;0;0;0;0;0;1913;0;0;125;0;42;0;
3671;1506345;1179508736;16490496;1379262464;0;0;0;0;0;0;0;0;0;0;0;2204;0;0;125;0;42;0;
3672;2262773;1179779072;16490496;1379262464;0;0;0;0;0;0;0;0;0;0;0;1693;0;0;125;0;42;0;
3673;5158394;1179779072;16490496;1379262464;0;0;0;0;0;0;0;0;0;0;0;2344;0;0;125;0;42;0;
3674;2893526;1179779072;16494592;1379266560;0;0;0;0;0;0;0;0;0;0;0;1984;0;0;125;0;42;0;
3675;1635216;1179779072;16494592;1379266560;0;0;0;0;0;0;0;0;0;0;0;1923;0;0;125;0;42;0;
3676;1862563;1179779072;16494592;1379266560;0;0;0;0;0;0;0;0;0;0;0;1873;0;0;125;0;42;0;
3677;1690521;1179779072;16494592;1379266560;0;0;0;0;0;0;0;0;0;0;0;1854;0;0;125;0;42;0;
3678;2168697;1179779072;16494592;1379266560;0;0;0;0;0;0;0;0;0;0;0;1704;0;0;125;0;42;0;
3679;1191454;1179779072;16494592;1379266560;0;0;0;0;0;0;0;0;0;0;0;2284;0;0;125;0;42;0;
3680;1993569;1179779072;16494592;1379266560;0;0;0;0;0;0;0;0;0;0;0;2104;0;0;125;0;42;0;
3681;1623935;1179779072;16494592;1379266560;0;0;0;0;0;0;0;0;0;0;0;1914;0;0;125;0;42;0;
3682;1395558;1179779072;16494592;1379266560;0;0;0;0;0;0;0;0;0;0;0;2014;0;0;125;0;42;0;
3683;1850621;1179779072;16494592;1379266560;0;0;0;0;0;0;0;0;0;0;0;2184;0;0;125;0;42;0;
3684;1469225;1179779072;16494592;1379266560;0;0;0;0;0;0;0;0;0;0;0;1984;0;0;125;0;42;0;
3685;1642340;1179779072;16494592;1379266560;0;0;0;0;0;0;0;0;0;0;0;2004;0;0;125;0;42;0;
3686;4984077;1179779072;16494592;1379266560;0;0;0;0;0;0;0;0;0;0;0;2534;0;0;125;0;42;0;
3687;2681149;1179779072;16494592;1379266560;0;0;0;0;0;0;0;0;0;0;0;2064;0;0;125;0;42;0;
3688;2210536;1179779072;16494592;1379266560;0;0;0;0;0;0;0;0;0;0;0;2074;0;0;125;0;42;0;
3689;2050265;1179779072;16494592;1379266560;0;0;0;0;0;0;0;0;0;0;0;2094;0;0;125;0;42;0;
3690;1608517;1179779072;16494592;1379266560;0;0;0;0;0;0;0;0;0;0;0;2023;0;0;125;0;42;0;
3691;1632231;1179779072;16494592;1379266560;0;0;0;0;0;0;0;0;0;0;0;2014;0;0;125;0;42;0;
3692;2075923;1179779072;16494592;1379266560;0;0;0;0;0;0;0;0;0;0;0;1903;0;0;125;0;42;0;
3693;2009288;1179779072;16494592;1379266560;0;0;0;0;0;0;0;0;0;0;0;1923;0;0;125;0;42;0;
3694;1675271;1179779072;16494592;1379266560;0;0;0;0;0;0;0;0;0;0;0;2124;0;0;125;0;42;0;
3695;2185539;1179779072;16482304;1379254272;0;0;0;0;0;0;0;0;0;0;0;1894;0;0;125;0;42;0;
3696;1346084;1179779072;16482304;1379254272;0;0;0;0;0;0;0;0;0;0;0;1973;0;0;125;0;42;0;
3697;1127845;1179779072;16482304;1379254272;0;0;0;0;0;0;0;0;0;0;0;1893;0;0;125;0;42;0;
3698;5011799;1179779072;16482304;1379254272;0;0;0;0;0;0;0;0;0;0;0;2275;0;0;125;0;42;0;
3699;2722697;1179779072;16494592;1379266560;0;0;0;0;0;0;0;0;0;0;0;1914;0;0;125;0;42;0;
3700;1402741;1179779072;16494592;1379266560;0;0;0;0;0;0;0;0;0;0;0;1923;0;0;125;0;42;0;
3701;1376191;1179779072;16494592;1379266560;0;0;0;0;0;0;0;0;0;0;0;1873;0;0;125;0;42;0;
3702;2143620;1179779072;16494592;1379266560;0;0;0;0;0;0;0;0;0;0;0;1804;0;0;125;0;42;0;
3703;1844008;1179779072;16494592;1379266560;0;0;0;0;0;0;0;0;0;0;0;1703;0;0;125;0;42;0;
3704;1890916;1179779072;16494592;1379266560;0;0;0;0;0;0;0;0;0;0;0;1953;0;0;125;0;42;0;
3705;2120527;1179779072;16494592;1379266560;0;0;0;0;0;0;0;0;0;0;0;1964;0;0;125;0;42;0;
3706;1663269;1179779072;16494592;1379266560;0;0;0;0;0;0;0;0;0;0;0;1853;0;0;125;0;42;0;
3707;2539302;1179779072;16494592;1379266560;0;0;0;0;0;0;0;0;0;0;0;1703;0;0;125;0;42;0;
3708;2107993;1179779072;16494592;1379266560;0;0;0;0;0;0;0;0;0;0;0;2084;0;0;125;0;42;0;
3709;1382592;1179779072;16494592;1379266560;0;0;0;0;0;0;0;0;0;0;0;1983;0;0;125;0;42;0;
3710;1816376;1179779072;16494592;1379266560;0;0;0;0;0;0;0;0;0;0;0;1904;0;0;125;0;42;0;
3711;4748445;1179779072;16494592;1379266560;0;0;0;0;0;0;0;0;0;0;0;2344;0;0;125;0;42;0;
3712;3186366;1180045312;16494592;1379266560;0;0;0;0;0;0;0;0;0;0;0;2104;0;0;125;0;42;0;
3713;1440431;1180045312;16494592;1379266560;0;0;0;0;0;0;0;0;0;0;0;1913;0;0;125;0;42;0;
3714;2126959;1180045312;16494592;1379266560;0;0;0;0;0;0;0;0;0;0;0;2024;0;0;125;0;42;0;
3715;1980905;1180045312;16494592;1379266560;0;0;0;0;0;0;0;0;0;0;0;1954;0;0;125;0;42;0;
3716;2062478;1180045312;16494592;1379266560;0;0;0;0;0;0;0;0;0;0;0;1904;0;0;125;0;42;0;
3717;2544251;1180045312;16494592;1379266560;0;0;0;0;0;0;0;0;0;0;0;1903;0;0;125;0;42;0;
3718;2588494;1180045312;16494592;1379266560;0;0;0;0;0;0;0;0;0;0;0;1954;0;0;125;0;42;0;
3719;1890556;1180045312;16494592;1379266560;0;0;0;0;0;0;0;0;0;0;0;1964;0;0;125;0;42;0;
3720;2062488;1180045312;16482304;1379254272;0;0;0;0;0;0;0;0;0;0;0;1964;0;0;125;0;42;0;
3721;2502773;1180045312;16482304;1379254272;0;0;0;0;0;0;0;0;0;0;0;1673;0;0;125;0;42;0;
3722;1453696;1180045312;16482304;1379254272;0;0;0;0;0;0;0;0;0;0;0;2044;0;0;125;0;42;0;
3723;4878259;1180045312;16482304;1379254272;0;0;0;0;0;0;0;0;0;0;0;2385;0;0;125;0;42;0;
3724;3000507;1180045312;16494592;1379266560;0;0;0;0;0;0;0;0;0;0;0;2154;0;0;125;0;42;0;
3725;1971086;1180045312;16494592;1379266560;0;0;0;0;0;0;0;0;0;0;0;2054;0;0;125;0;42;0;
3726;1758738;1180045312;16494592;1379266560;0;0;0;0;0;0;0;0;0;0;0;2034;0;0;125;0;42;0;
3727;1633673;1180045312;16494592;1379266560;0;0;0;0;0;0;0;0;0;0;0;2014;0;0;125;0;42;0;
3728;1582537;1180045312;16494592;1379266560;0;0;0;0;0;0;0;0;0;0;0;2134;0;0;125;0;42;0;
3729;1804234;1180045312;16494592;1379266560;0;0;0;0;0;0;0;0;0;0;0;1914;0;0;125;0;42;0;
3730;2173556;1180045312;16494592;1379266560;0;0;0;0;0;0;0;0;0;0;0;1923;0;0;125;0;42;0;
3731;1495104;1180045312;16494592;1379266560;0;0;0;0;0;0;0;0;0;0;0;1943;0;0;125;0;42;0;
3732;1723532;1180045312;16494592;1379266560;0;0;0;0;0;0;0;0;0;0;0;2104;0;0;125;0;42;0;
3733;2281138;1180045312;16494592;1379266560;0;0;0;0;0;0;0;0;0;0;0;1914;0;0;125;0;42;0;
3734;1686773;1180045312;16494592;1379266560;0;0;0;0;0;0;0;0;0;0;0;1964;0;0;125;0;42;0;
3735;1564353;1180045312;16494592;1379266560;0;0;0;0;0;0;0;0;0;0;0;2274;0;0;125;0;42;0;
3736;4752773;1180045312;16494592;1379266560;0;0;0;0;0;0;0;0;0;0;0;2404;0;0;125;0;42;0;
3737;3159094;1180045312;16494592;1379266560;0;0;0;0;0;0;0;0;0;0;0;1973;0;0;125;0;42;0;
3738;1982187;1180045312;16494592;1379266560;0;0;0;0;0;0;0;0;0;0;0;2264;0;0;125;0;42;0;
3739;1155216;1180045312;16494592;1379266560;0;0;0;0;0;0;0;0;0;0;0;1944;0;0;125;0;42;0;
3740;2372209;1180045312;16494592;1379266560;0;0;0;0;0;0;0;0;0;0;0;2014;0;0;125;0;42;0;
3741;1677756;1180045312;16494592;1379266560;0;0;0;0;0;0;0;0;0;0;0;77666;0;0;125;0;42;0;
3742;1630668;1180045312;16494592;1379266560;0;0;0;0;0;0;0;0;0;0;0;2024;0;0;125;0;42;0;
3743;1925191;1180045312;16494592;1379266560;0;0;0;0;0;0;0;0;0;0;0;1984;0;0;125;0;42;0;
3744;1461070;1180045312;16494592;1379266560;0;0;0;0;0;0;0;0;0;0;0;2224;0;0;125;0;42;0;
3745;1520672;1180045312;16494592;1379266560;0;0;0;0;0;0;0;0;0;0;0;2094;0;0;125;0;42;0;
3746;2057178;1180049408;16486400;1379258368;0;0;0;0;0;0;0;0;0;0;0;1994;0;0;125;0;42;0;
3747;1273738;1180049408;16486400;1379258368;0;0;0;0;0;0;0;0;0;0;0;2144;0;0;125;0;42;0;
3748;1449278;1180049408;16486400;1379258368;0;0;0;0;0;0;0;0;0;0;0;2024;0;0;125;0;42;0;
3749;4417144;1180049408;16486400;1379258368;0;0;0;0;0;0;0;0;0;0;0;3165;0;0;125;0;42;0;
3750;2822894;1180049408;16486400;1379258368;0;0;0;0;0;0;0;0;0;0;0;1653;0;0;125;0;42;0;
3751;1496326;1180049408;16486400;1379258368;0;0;0;0;0;0;0;0;0;0;0;1903;0;0;125;0;42;0;
3752;1636148;1180049408;16486400;1379258368;0;0;0;0;0;0;0;0;0;0;0;1963;0;0;125;0;42;0;
3753;1777914;1180049408;16486400;1379258368;0;0;0;0;0;0;0;0;0;0;0;2094;0;0;125;0;42;0;
3754;1214979;1180049408;16486400;1379258368;0;0;0;0;0;0;0;0;0;0;0;1864;0;0;125;0;42;0;
3755;1773185;1180049408;16486400;1379258368;0;0;0;0;0;0;0;0;0;0;0;2063;0;0;125;0;42;0;
3756;1787522;1180049408;16486400;1379258368;0;0;0;0;0;0;0;0;0;0;0;2004;0;0;125;0;42;0;
3757;1716590;1180049408;16486400;1379258368;0;0;0;0;0;0;0;0;0;0;0;2024;0;0;125;0;42;0;
3758;1587096;1180049408;16486400;1379258368;0;0;0;0;0;0;0;0;0;0;0;1944;0;0;125;0;42;0;
3759;1719415;1180049408;16486400;1379258368;0;0;0;0;0;0;0;0;0;0;0;1893;0;0;125;0;42;0;
3760;1646177;1180049408;16486400;1379258368;0;0;0;0;0;0;0;0;0;0;0;2134;0;0;125;0;42;0;
3761;1588088;1180049408;16486400;1379258368;0;0;0;0;0;0;0;0;0;0;0;1944;0;0;125;0;42;0;
3762;5082672;1180049408;16486400;1379258368;0;0;0;0;0;0;0;0;0;0;0;2525;0;0;125;0;42;0;
3763;2841289;1180049408;16486400;1379258368;0;0;0;0;0;0;0;0;0;0;0;49072;0;0;125;0;42;0;
3764;1570826;1180049408;16486400;1379258368;0;0;0;0;0;0;0;0;0;0;0;2094;0;0;125;0;42;0;
3765;2104297;1180049408;16486400;1379258368;0;0;0;0;0;0;0;0;0;0;0;1914;0;0;125;0;42;0;
3766;1385217;1180049408;16486400;1379258368;0;0;0;0;0;0;0;0;0;0;0;1974;0;0;125;0;42;0;
3767;2236995;1180049408;16486400;1379258368;0;0;0;0;0;0;0;0;0;0;0;1913;0;0;125;0;42;0;
3768;2089218;1180049408;16486400;1379258368;0;0;0;0;0;0;0;0;0;0;0;1953;0;0;125;0;42;0;
3769;1766833;1180049408;16486400;1379258368;0;0;0;0;0;0;0;0;0;0;0;1994;0;0;125;0;42;0;
3770;1440732;1180049408;16486400;1379258368;0;0;0;0;0;0;0;0;0;0;0;1964;0;0;125;0;42;0;
3771;1986425;1180045312;16482304;1379254272;0;0;0;0;0;0;0;0;0;0;0;1924;0;0;125;0;42;0;
3772;1755302;1180045312;16482304;1379254272;0;0;0;0;0;0;0;0;0;0;0;1974;0;0;125;0;42;0;
3773;1608216;1180045312;16482304;1379254272;0;0;0;0;0;0;0;0;0;0;0;2194;0;0;125;0;42;0;
3774;4713038;1180045312;16482304;1379254272;0;0;0;0;0;0;0;0;0;0;0;2755;0;0;125;0;42;0;
3775;2532339;1180045312;16490496;1379262464;0;0;0;0;0;0;0;0;0;0;0;1903;0;0;125;0;42;0;
3776;1557931;1180045312;16490496;1379262464;0;0;0;0;0;0;0;0;0;0;0;1994;0;0;125;0;42;0;
3777;1766774;1180045312;16490496;1379262464;0;0;0;0;0;0;0;0;0;0;0;1953;0;0;125;0;42;0;
3778;1210991;1180045312;16490496;1379262464;0;0;0;0;0;0;0;0;0;0;0;2084;0;0;125;0;42;0;
3779;1099703;1180045312;16490496;1379262464;0;0;0;0;0;0;0;0;0;0;0;1913;0;0;125;0;42;0;
3780;1614849;1180045312;16490496;1379262464;0;0;0;0;0;0;0;0;0;0;0;1933;0;0;125;0;42;0;
3781;1790298;1180045312;16490496;1379262464;0;0;0;0;0;0;0;0;0;0;0;1723;0;0;125;0;42;0;
3782;1487971;1180045312;16490496;1379262464;0;0;0;0;0;0;0;0;0;0;0;2114;0;0;125;0;42;0;
3783;1894042;1180045312;16490496;1379262464;0;0;0;0;0;0;0;0;0;0;0;1924;0;0;125;0;42;0;
3784;1894142;1180045312;16490496;1379262464;0;0;0;0;0;0;0;0;0;0;0;1723;0;0;125;0;42;0;
3785;1534377;1180045312;16490496;1379262464;0;0;0;0;0;0;0;0;0;0;0;2034;0;0;125;0;42;0;
3786;4760147;1180045312;16490496;1379262464;0;0;0;0;0;0;0;0;0;0;0;2104;0;0;125;0;42;0;
3787;2774012;1180045312;16494592;1379266560;0;0;0;0;0;0;0;0;0;0;0;1904;0;0;125;0;42;0;
3788;1827527;1180045312;16494592;1379266560;0;0;0;0;0;0;0;0;0;0;0;2235;0;0;125;0;42;0;
3789;1406137;1180045312;16494592;1379266560;0;0;0;0;0;0;0;0;0;0;0;2044;0;0;125;0;42;0;
3790;1946461;1180045312;16494592;1379266560;0;0;0;0;0;0;0;0;0;0;0;1954;0;0;125;0;42;0;
3791;2022613;1180045312;16494592;1379266560;0;0;0;0;0;0;0;0;0;0;0;2074;0;0;125;0;42;0;
3792;1928497;1180045312;16494592;1379266560;0;0;0;0;0;0;0;0;0;0;0;2104;0;0;125;0;42;0;
3793;1851051;1180045312;16494592;1379266560;0;0;0;0;0;0;0;0;0;0;0;2034;0;0;125;0;42;0;
3794;1728321;1180045312;16494592;1379266560;0;0;0;0;0;0;0;0;0;0;0;1994;0;0;125;0;42;0;
3795;1628384;1180045312;16494592;1379266560;0;0;0;0;0;0;0;0;0;0;0;1854;0;0;125;0;42;0;
3796;1664983;1180045312;16494592;1379266560;0;0;0;0;0;0;0;0;0;0;0;1883;0;0;125;0;42;0;
3797;1759359;1180045312;16494592;1379266560;0;0;0;0;0;0;0;0;0;0;0;2104;0;0;125;0;42;0;
3798;2100990;1180045312;16494592;1379266560;0;0;0;0;0;0;0;0;0;0;0;5931;0;0;125;0;42;0;
3799;4341462;1180045312;16494592;1379266560;0;0;0;0;0;0;0;0;0;0;0;2134;0;0;125;0;42;0;
3800;3695670;1180045312;16494592;1379266560;0;0;0;0;0;0;0;0;0;0;0;2154;0;0;125;0;42;0;
3801;2279625;1180045312;16494592;1379266560;0;0;0;0;0;0;0;0;0;0;0;2154;0;0;125;0;42;0;
3802;1888351;1180045312;16494592;1379266560;0;0;0;0;0;0;0;0;0;0;0;1873;0;0;125;0;42;0;
3803;2107953;1180045312;16494592;1379266560;0;0;0;0;0;0;0;0;0;0;0;1974;0;0;125;0;42;0;
3804;2294884;1180045312;16494592;1379266560;0;0;0;0;0;0;0;0;0;0;0;2164;0;0;125;0;42;0;
3805;2048983;1180045312;16494592;1379266560;0;0;0;0;0;0;0;0;0;0;0;1903;0;0;125;0;42;0;
3806;1653902;1180045312;16494592;1379266560;0;0;0;0;0;0;0;0;0;0;0;1914;0;0;125;0;42;0;
3807;1469045;1180045312;16494592;1379266560;0;0;0;0;0;0;0;0;0;0;0;1883;0;0;125;0;42;0;
3808;2417173;1180045312;16482304;1379254272;0;0;0;0;0;0;0;0;0;0;0;1753;0;0;125;0;42;0;
3809;1714896;1180045312;16482304;1379254272;0;0;0;0;0;0;0;0;0;0;0;1983;0;0;125;0;42;0;
3810;1299206;1180045312;16482304;1379254272;0;0;0;0;0;0;0;0;0;0;0;2074;0;0;125;0;42;0;
3811;5066241;1180045312;16482304;1379254272;0;0;0;0;0;0;0;0;0;0;0;1783;0;0;125;0;42;0;
3812;2437070;1180045312;16490496;1379262464;0;0;0;0;0;0;0;0;0;0;0;1984;0;0;125;0;42;0;
3813;1618626;1180045312;16490496;1379262464;0;0;0;0;0;0;0;0;0;0;0;1963;0;0;125;0;42;0;
3814;2286108;1180045312;16490496;1379262464;0;0;0;0;0;0;0;0;0;0;0;1944;0;0;125;0;42;0;
3815;1730956;1180045312;16490496;1379262464;0;0;0;0;0;0;0;0;0;0;0;2014;0;0;125;0;42;0;
3816;2364063;1180045312;16490496;1379262464;0;0;0;0;0;0;0;0;0;0;0;2064;0;0;125;0;42;0;
3817;2020469;1180045312;16490496;1379262464;0;0;0;0;0;0;0;0;0;0;0;2204;0;0;125;0;42;0;
3818;2120016;1180045312;16490496;1379262464;0;0;0;0;0;0;0;0;0;0;0;88626;0;0;125;0;42;0;
3819;1704657;1180045312;16490496;1379262464;0;0;0;0;0;0;0;0;0;0;0;2044;0;0;125;0;42;0;
3820;2143089;1180045312;16490496;1379262464;0;0;0;0;0;0;0;0;0;0;0;2104;0;0;125;0;42;0;
3821;1768607;1180045312;16490496;1379262464;0;0;0;0;0;0;0;0;0;0;0;2084;0;0;125;0;42;0;
3822;1446573;1180045312;16490496;1379262464;0;0;0;0;0;0;0;0;0;0;0;2174;0;0;125;0;42;0;
3823;4850045;1180045312;16490496;1379262464;0;0;0;0;0;0;0;0;0;0;0;2124;0;0;125;0;42;0;
3824;3056813;1180045312;16490496;1379262464;0;0;0;0;0;0;0;0;0;0;0;2114;0;0;125;0;42;0;
3825;1856682;1180045312;16490496;1379262464;0;0;0;0;0;0;0;0;0;0;0;1953;0;0;125;0;42;0;
3826;1986375;1180045312;16490496;1379262464;0;0;0;0;0;0;0;0;0;0;0;1964;0;0;125;0;42;0;
3827;1717361;1180045312;16490496;1379262464;0;0;0;0;0;0;0;0;0;0;0;2044;0;0;125;0;42;0;
3828;1475948;1180045312;16490496;1379262464;0;0;0;0;0;0;0;0;0;0;0;1884;0;0;125;0;42;0;
3829;1835142;1180045312;16490496;1379262464;0;0;0;0;0;0;0;0;0;0;0;2164;0;0;125;0;42;0;
3830;1562560;1180045312;16490496;1379262464;0;0;0;0;0;0;0;0;0;0;0;2505;0;0;125;0;42;0;
3831;1745934;1180045312;16490496;1379262464;0;0;0;0;0;0;0;0;0;0;0;1984;0;0;125;0;42;0;
3832;2247105;1180045312;16490496;1379262464;0;0;0;0;0;0;0;0;0;0;0;2094;0;0;125;0;42;0;
3833;1287525;1180045312;16490496;1379262464;0;0;0;0;0;0;0;0;0;0;0;1983;0;0;125;0;42;0;
3834;1560657;1180045312;16490496;1379262464;0;0;0;0;0;0;0;0;0;0;0;1913;0;0;125;0;42;0;
3835;5110243;1180045312;16490496;1379262464;0;0;0;0;0;0;0;0;0;0;0;2124;0;0;125;0;42;0;
3836;2934443;1180045312;16490496;1379262464;0;0;0;0;0;0;0;0;0;0;0;1904;0;0;125;0;42;0;
3837;1643061;1180045312;16490496;1379262464;0;0;0;0;0;0;0;0;0;0;0;1934;0;0;125;0;42;0;
3838;2061656;1180045312;16490496;1379262464;0;0;0;0;0;0;0;0;0;0;0;1954;0;0;125;0;42;0;
3839;1523346;1180045312;16490496;1379262464;0;0;0;0;0;0;0;0;0;0;0;2214;0;0;125;0;42;0;
3840;1470547;1180045312;16490496;1379262464;0;0;0;0;0;0;0;0;0;0;0;2174;0;0;125;0;42;0;
3841;1817639;1180045312;16490496;1379262464;0;0;0;0;0;0;0;0;0;0;0;1934;0;0;125;0;42;0;
3842;1271384;1180045312;16490496;1379262464;0;0;0;0;0;0;0;0;0;0;0;1904;0;0;125;0;42;0;
3843;1198718;1180045312;16490496;1379262464;0;0;0;0;0;0;0;0;0;0;0;2204;0;0;125;0;42;0;
3844;2068289;1180045312;16490496;1379262464;0;0;0;0;0;0;0;0;0;0;0;1963;0;0;125;0;42;0;
3845;1635607;1180045312;16490496;1379262464;0;0;0;0;0;0;0;0;0;0;0;1933;0;0;125;0;42;0;
3846;1232862;1180045312;16490496;1379262464;0;0;0;0;0;0;0;0;0;0;0;2054;0;0;125;0;42;0;
3847;4394091;1180045312;16490496;1379262464;0;0;0;0;0;0;0;0;0;0;0;2495;0;0;125;0;42;0;
3848;2761549;1180045312;16490496;1379262464;0;0;0;0;0;0;0;0;0;0;0;2224;0;0;125;0;42;0;
3849;1997416;1180045312;16490496;1379262464;0;0;0;0;0;0;0;0;0;0;0;1854;0;0;125;0;42;0;
3850;2434746;1180045312;16490496;1379262464;0;0;0;0;0;0;0;0;0;0;0;1994;0;0;125;0;42;0;
3851;1716740;1180045312;16490496;1379262464;0;0;0;0;0;0;0;0;0;0;0;1974;0;0;125;0;42;0;
3852;1401027;1180045312;16490496;1379262464;0;0;0;0;0;0;0;0;0;0;0;1934;0;0;125;0;42;0;
3853;2805421;1180315648;16490496;1379262464;0;0;0;0;0;0;0;0;0;0;0;1713;0;0;125;0;42;0;
3854;1924710;1180315648;16490496;1379262464;0;0;0;0;0;0;0;0;0;0;0;2004;0;0;125;0;42;0;
3855;1740704;1180315648;16490496;1379262464;0;0;0;0;0;0;0;0;0;0;0;2094;0;0;125;0;42;0;
3856;1880346;1180315648;16490496;1379262464;0;0;0;0;0;0;0;0;0;0;0;1623;0;0;125;0;42;0;
3857;1569433;1180315648;16490496;1379262464;0;0;0;0;0;0;0;0;0;0;0;2144;0;0;125;0;42;0;
3858;1379567;1180315648;16490496;1379262464;0;0;0;0;0;0;0;0;0;0;0;2134;0;0;125;0;42;0;
3859;4384823;1180315648;16490496;1379262464;0;0;0;0;0;0;0;0;0;0;0;2364;0;0;125;0;42;0;
3860;2888627;1180315648;16490496;1379262464;0;0;0;0;0;0;0;0;0;0;0;2024;0;0;125;0;42;0;
3861;1590343;1180315648;16490496;1379262464;0;0;0;0;0;0;0;0;0;0;0;2344;0;0;125;0;42;0;
3862;2208432;1180315648;16490496;1379262464;0;0;0;0;0;0;0;0;0;0;0;1934;0;0;125;0;42;0;
3863;1228464;1180315648;16490496;1379262464;0;0;0;0;0;0;0;0;0;0;0;1854;0;0;125;0;42;0;
3864;1827407;1180315648;16490496;1379262464;0;0;0;0;0;0;0;0;0;0;0;2144;0;0;125;0;42;0;
3865;1909100;1180315648;16490496;1379262464;0;0;0;0;0;0;0;0;0;0;0;2094;0;0;125;0;42;0;
3866;1611562;1180315648;16490496;1379262464;0;0;0;0;0;0;0;0;0;0;0;2044;0;0;125;0;42;0;
3867;1663941;1180315648;16490496;1379262464;0;0;0;0;0;0;0;0;0;0;0;1994;0;0;125;0;42;0;
3868;2312577;1180319744;16486400;1379258368;0;0;0;0;0;0;0;0;0;0;0;2475;0;0;125;0;42;0;
3869;2495049;1180319744;16486400;1379258368;0;0;0;0;0;0;0;0;0;0;0;6372;0;0;125;0;42;0;
3870;1344932;1180319744;16486400;1379258368;0;0;0;0;0;0;0;0;0;0;0;2224;0;0;125;0;42;0;
3871;5242712;1180319744;16486400;1379258368;0;0;0;0;0;0;0;0;0;0;0;2495;0;0;125;0;42;0;
3872;4115288;1180319744;16490496;1379262464;0;0;0;0;0;0;0;0;0;0;0;2254;0;0;125;0;42;0;
3873;1768838;1180319744;16490496;1379262464;0;0;0;0;0;0;0;0;0;0;0;1763;0;0;125;0;42;0;
3874;1504722;1180319744;16490496;1379262464;0;0;0;0;0;0;0;0;0;0;0;2014;0;0;125;0;42;0;
3875;2414809;1180319744;16490496;1379262464;0;0;0;0;0;0;0;0;0;0;0;1853;0;0;125;0;42;0;
3876;1702683;1180319744;16490496;1379262464;0;0;0;0;0;0;0;0;0;0;0;1914;0;0;125;0;42;0;
3877;1560957;1180319744;16490496;1379262464;0;0;0;0;0;0;0;0;0;0;0;2174;0;0;125;0;42;0;
3878;1711079;1180319744;16490496;1379262464;0;0;0;0;0;0;0;0;0;0;0;1924;0;0;125;0;42;0;
3879;2050676;1180319744;16490496;1379262464;0;0;0;0;0;0;0;0;0;0;0;2665;0;0;125;0;42;0;
3880;1670543;1180319744;16490496;1379262464;0;0;0;0;0;0;0;0;0;0;0;2164;0;0;125;0;42;0;
3881;2568808;1180319744;16490496;1379262464;0;0;0;0;0;0;0;0;0;0;0;2033;0;0;125;0;42;0;
3882;1950869;1180319744;16490496;1379262464;0;0;0;0;0;0;0;0;0;0;0;1933;0;0;125;0;42;0;
3883;1470127;1180319744;16490496;1379262464;0;0;0;0;0;0;0;0;0;0;0;2756;0;0;125;0;42;0;
3884;5213087;1180319744;16490496;1379262464;0;0;0;0;0;0;0;0;0;0;0;3386;0;0;125;0;42;0;
3885;4218972;1180581888;16490496;1379262464;0;0;0;0;0;0;0;0;0;0;0;2374;0;0;125;0;42;0;
3886;2543060;1180581888;16490496;1379262464;0;0;0;0;0;0;0;0;0;0;0;2374;0;0;125;0;42;0;
3887;2482345;1180581888;16490496;1379262464;0;0;0;0;0;0;0;0;0;0;0;2164;0;0;125;0;42;0;
3888;2057940;1180581888;16490496;1379262464;0;0;0;0;0;0;0;0;0;0;0;2134;0;0;125;0;42;0;
3889;1518989;1180581888;16490496;1379262464;0;0;0;0;0;0;0;0;0;0;0;2064;0;0;125;0;42;0;
3890;2403728;1180581888;16490496;1379262464;0;0;0;0;0;0;0;0;0;0;0;1963;0;0;125;0;42;0;
3891;2541496;1180581888;16490496;1379262464;0;0;0;0;0;0;0;0;0;0;0;1954;0;0;125;0;42;0;
3892;1502778;1180581888;16490496;1379262464;0;0;0;0;0;0;0;0;0;0;0;2184;0;0;125;0;42;0;
3893;1563402;1180581888;16490496;1379262464;0;0;0;0;0;0;0;0;0;0;0;2315;0;0;125;0;42;0;
3894;2664076;1180581888;16486400;1379258368;0;0;0;0;0;0;0;0;0;0;0;2275;0;0;125;0;42;0;
3895;2273173;1180581888;16486400;1379258368;0;0;0;0;0;0;0;0;0;0;0;5210;0;0;125;0;42;0;
3896;1769759;1180581888;16486400;1379258368;0;0;0;0;0;0;0;0;0;0;0;2936;0;0;125;0;42;0;
3897;5448208;1180581888;16486400;1379258368;0;0;0;0;0;0;0;0;0;0;0;3146;0;0;125;0;42;0;
3898;4486985;1180581888;16486400;1379258368;0;0;0;0;0;0;0;0;0;0;0;2825;0;0;125;0;42;0;
3899;2345509;1180581888;16486400;1379258368;0;0;0;0;0;0;0;0;0;0;0;3346;0;0;125;0;42;0;
3900;1632592;1180581888;16486400;1379258368;0;0;0;0;0;0;0;0;0;0;0;2645;0;0;125;0;42;0;
3901;3346486;1180581888;16486400;1379258368;0;0;0;0;0;0;0;0;0;0;0;2735;0;0;125;0;42;0;
3902;1687014;1180581888;16486400;1379258368;0;0;0;0;0;0;0;0;0;0;0;2735;0;0;125;0;42;0;
3903;2790854;1180581888;16486400;1379258368;0;0;0;0;0;0;0;0;0;0;0;3035;0;0;125;0;42;0;
3904;2685587;1180581888;16486400;1379258368;0;0;0;0;0;0;0;0;0;0;0;2755;0;0;125;0;42;0;
3905;2779873;1180581888;16486400;1379258368;0;0;0;0;0;0;0;0;0;0;0;3176;0;0;125;0;42;0;
3906;1858356;1180581888;16486400;1379258368;0;0;0;0;0;0;0;0;0;0;0;2796;0;0;125;0;42;0;
3907;2234491;1180581888;16486400;1379258368;0;0;0;0;0;0;0;0;0;0;0;2544;0;0;125;0;42;0;
3908;2496502;1180581888;16486400;1379258368;0;0;0;0;0;0;0;0;0;0;0;2635;0;0;125;0;42;0;
3909;2242446;1180581888;16486400;1379258368;0;0;0;0;0;0;0;0;0;0;0;2805;0;0;125;0;42;0;
3910;5368268;1180581888;16486400;1379258368;0;0;0;0;0;0;0;0;0;0;0;2825;0;0;125;0;42;0;
3911;4807756;1180581888;16486400;1379258368;0;0;0;0;0;0;0;0;0;0;0;2865;0;0;125;0;42;0;
3912;1862323;1180581888;16486400;1379258368;0;0;0;0;0;0;0;0;0;0;0;2726;0;0;125;0;42;0;
3913;2624532;1180581888;16486400;1379258368;0;0;0;0;0;0;0;0;0;0;0;2605;0;0;125;0;42;0;
3914;2784422;1180581888;16486400;1379258368;0;0;0;0;0;0;0;0;0;0;0;2665;0;0;125;0;42;0;
3915;2435778;1180581888;16486400;1379258368;0;0;0;0;0;0;0;0;0;0;0;2695;0;0;125;0;42;0;
3916;2519856;1180581888;16486400;1379258368;0;0;0;0;0;0;0;0;0;0;0;2775;0;0;125;0;42;0;
3917;2990759;1180581888;16486400;1379258368;0;0;0;0;0;0;0;0;0;0;0;2265;0;0;125;0;42;0;
3918;2118192;1180581888;16486400;1379258368;0;0;0;0;0;0;0;0;0;0;0;1994;0;0;125;0;42;0;
3919;2287991;1180581888;16486400;1379258368;0;0;0;0;0;0;0;0;0;0;0;1983;0;0;125;0;42;0;
3920;2641013;1180581888;16486400;1379258368;0;0;0;0;0;0;0;0;0;0;0;1664;0;0;125;0;42;0;
3921;1836063;1180581888;16486400;1379258368;0;0;0;0;0;0;0;0;0;0;0;1634;0;0;125;0;42;0;
3922;1620138;1180581888;16486400;1379258368;0;0;0;0;0;0;0;0;0;0;0;1372;0;0;125;0;42;0;
3923;5054920;1180581888;16486400;1379258368;0;0;0;0;0;0;0;0;0;0;0;2525;0;0;125;0;42;0;
3924;2553729;1180581888;16486400;1379258368;0;0;0;0;0;0;0;0;0;0;0;1703;0;0;125;0;42;0;
3925;1384296;1180581888;16486400;1379258368;0;0;0;0;0;0;0;0;0;0;0;1533;0;0;125;0;42;0;
3926;2095119;1180581888;16486400;1379258368;0;0;0;0;0;0;0;0;0;0;0;1573;0;0;125;0;42;0;
3927;1493390;1180581888;16486400;1379258368;0;0;0;0;0;0;0;0;0;0;0;1633;0;0;125;0;42;0;
3928;1704206;1180581888;16486400;1379258368;0;0;0;0;0;0;0;0;0;0;0;1673;0;0;125;0;42;0;
3929;1907698;1180581888;16486400;1379258368;0;0;0;0;0;0;0;0;0;0;0;1553;0;0;125;0;42;0;
3930;1335785;1180581888;16486400;1379258368;0;0;0;0;0;0;0;0;0;0;0;1854;0;0;125;0;42;0;
3931;1329733;1180581888;16486400;1379258368;0;0;0;0;0;0;0;0;0;0;0;1593;0;0;125;0;42;0;
3932;2404299;1180577792;16482304;1379254272;0;0;0;0;0;0;0;0;0;0;0;1714;0;0;125;0;42;0;
3933;1760131;1180577792;16482304;1379254272;0;0;0;0;0;0;0;0;0;0;0;1653;0;0;125;0;42;0;
3934;1396509;1180577792;16482304;1379254272;0;0;0;0;0;0;0;0;0;0;0;1913;0;0;125;0;42;0;
3935;5501898;1180577792;16482304;1379254272;0;0;0;0;0;0;0;0;0;0;0;2154;0;0;125;0;42;0;
3936;2944893;1180577792;16490496;1379262464;0;0;0;0;0;0;0;0;0;0;0;1833;0;0;125;0;42;0;
3937;2292038;1180577792;16490496;1379262464;0;0;0;0;0;0;0;0;0;0;0;2575;0;0;125;0;42;0;
3938;2120547;1180577792;16490496;1379262464;0;0;0;0;0;0;0;0;0;0;0;1953;0;0;125;0;42;0;
3939;1594240;1180577792;16490496;1379262464;0;0;0;0;0;0;0;0;0;0;0;1994;0;0;125;0;42;0;
3940;1420544;1180577792;16490496;1379262464;0;0;0;0;0;0;0;0;0;0;0;1944;0;0;125;0;42;0;
3941;2147848;1180577792;16490496;1379262464;0;0;0;0;0;0;0;0;0;0;0;1974;0;0;125;0;42;0;
3942;2212790;1180577792;16490496;1379262464;0;0;0;0;0;0;0;0;0;0;0;2094;0;0;125;0;42;0;
3943;1932845;1180577792;16490496;1379262464;0;0;0;0;0;0;0;0;0;0;0;1553;0;0;125;0;42;0;
3944;2787317;1180577792;16490496;1379262464;0;0;0;0;0;0;0;0;0;0;0;1603;0;0;125;0;42;0;
3945;2233709;1180577792;16490496;1379262464;0;0;0;0;0;0;0;0;0;0;0;1633;0;0;125;0;42;0;
3946;1475607;1180577792;16490496;1379262464;0;0;0;0;0;0;0;0;0;0;0;1724;0;0;125;0;42;0;
3947;5270624;1180577792;16490496;1379262464;0;0;0;0;0;0;0;0;0;0;0;33654;0;0;125;0;42;0;
3948;2685887;1180577792;16494592;1379266560;0;0;0;0;0;0;0;0;0;0;0;1553;0;0;125;0;42;0;
3949;1941912;1180577792;16494592;1379266560;0;0;0;0;0;0;0;0;0;0;0;1933;0;0;125;0;42;0;
3950;1770941;1180577792;16494592;1379266560;0;0;0;0;0;0;0;0;0;0;0;1923;0;0;125;0;42;0;
3951;2403848;1180577792;16494592;1379266560;0;0;0;0;0;0;0;0;0;0;0;1944;0;0;125;0;42;0;
3952;2230092;1180577792;16494592;1379266560;0;0;0;0;0;0;0;0;0;0;0;1893;0;0;125;0;42;0;
3953;1792351;1180577792;16494592;1379266560;0;0;0;0;0;0;0;0;0;0;0;1994;0;0;125;0;42;0;
3954;1941681;1180577792;16494592;1379266560;0;0;0;0;0;0;0;0;0;0;0;2004;0;0;125;0;42;0;
3955;1799154;1180577792;16494592;1379266560;0;0;0;0;0;0;0;0;0;0;0;2024;0;0;125;0;42;0;
3956;1394275;1180577792;16494592;1379266560;0;0;0;0;0;0;0;0;0;0;0;1863;0;0;125;0;42;0;
3957;2538881;1180577792;16494592;1379266560;0;0;0;0;0;0;0;0;0;0;0;2194;0;0;125;0;42;0;
3958;2119094;1180577792;16494592;1379266560;0;0;0;0;0;0;0;0;0;0;0;1593;0;0;125;0;42;0;
3959;1618064;1180577792;16494592;1379266560;0;0;0;0;0;0;0;0;0;0;0;1553;0;0;125;0;42;0;
3960;4934153;1180577792;16494592;1379266560;0;0;0;0;0;0;0;0;0;0;0;2354;0;0;125;0;42;0;
3961;2543580;1180577792;16494592;1379266560;0;0;0;0;0;0;0;0;0;0;0;1633;0;0;125;0;42;0;
3962;1488402;1180577792;16494592;1379266560;0;0;0;0;0;0;0;0;0;0;0;1653;0;0;125;0;42;0;
3963;1620890;1180577792;16494592;1379266560;0;0;0;0;0;0;0;0;0;0;0;1512;0;0;125;0;42;0;
3964;2072697;1180577792;16494592;1379266560;0;0;0;0;0;0;0;0;0;0;0;1843;0;0;125;0;42;0;
3965;1206603;1180577792;16494592;1379266560;0;0;0;0;0;0;0;0;0;0;0;1583;0;0;125;0;42;0;
3966;2055925;1180577792;16494592;1379266560;0;0;0;0;0;0;0;0;0;0;0;1773;0;0;125;0;42;0;
3967;1828288;1180577792;16494592;1379266560;0;0;0;0;0;0;0;0;0;0;0;1673;0;0;125;0;42;0;
3968;1433037;1180577792;16494592;1379266560;0;0;0;0;0;0;0;0;0;0;0;1542;0;0;125;0;42;0;
3969;1594139;1180577792;16482304;1379254272;0;0;0;0;0;0;0;0;0;0;0;1543;0;0;125;0;42;0;
3970;1464707;1180577792;16482304;1379254272;0;0;0;0;0;0;0;0;0;0;0;1773;0;0;125;0;42;0;
3971;1675632;1180577792;16482304;1379254272;0;0;0;0;0;0;0;0;0;0;0;1583;0;0;125;0;42;0;
3972;5714677;1180577792;16482304;1379254272;0;0;0;0;0;0;0;0;0;0;0;2815;0;0;125;0;42;0;
3973;4255601;1180848128;16494592;1379266560;0;0;0;0;0;0;0;0;0;0;0;2324;0;0;125;0;42;0;
3974;2430708;1180848128;16494592;1379266560;0;0;0;0;0;0;0;0;0;0;0;2766;0;0;125;0;42;0;
3975;1934187;1180848128;16494592;1379266560;0;0;0;0;0;0;0;0;0;0;0;2685;0;0;125;0;42;0;
3976;2207019;1180848128;16494592;1379266560;0;0;0;0;0;0;0;0;0;0;0;2765;0;0;125;0;42;0;
3977;1794055;1180848128;16494592;1379266560;0;0;0;0;0;0;0;0;0;0;0;2765;0;0;125;0;42;0;
3978;2282701;1180848128;16494592;1379266560;0;0;0;0;0;0;0;0;0;0;0;2715;0;0;125;0;42;0;
3979;2195457;1180848128;16494592;1379266560;0;0;0;0;0;0;0;0;0;0;0;2705;0;0;125;0;42;0;
3980;1589010;1180848128;16494592;1379266560;0;0;0;0;0;0;0;0;0;0;0;2725;0;0;125;0;42;0;
3981;1942403;1180848128;16494592;1379266560;0;0;0;0;0;0;0;0;0;0;0;2284;0;0;125;0;42;0;
3982;2283383;1180848128;16494592;1379266560;0;0;0;0;0;0;0;0;0;0;0;2495;0;0;125;0;42;0;
3983;1713714;1180848128;16494592;1379266560;0;0;0;0;0;0;0;0;0;0;0;2726;0;0;125;0;42;0;
3984;2467678;1180848128;16494592;1379266560;0;0;0;0;0;0;0;0;0;0;0;2866;0;0;125;0;42;0;
3985;5581898;1180848128;16494592;1379266560;0;0;0;0;0;0;0;0;0;0;0;3026;0;0;125;0;42;0;
3986;3713004;1180848128;16494592;1379266560;0;0;0;0;0;0;0;0;0;0;0;2295;0;0;125;0;42;0;
3987;2077566;1180848128;16494592;1379266560;0;0;0;0;0;0;0;0;0;0;0;3046;0;0;125;0;42;0;
3988;2221767;1180848128;16494592;1379266560;0;0;0;0;0;0;0;0;0;0;0;3116;0;0;125;0;42;0;
3989;1896146;1180848128;16494592;1379266560;0;0;0;0;0;0;0;0;0;0;0;2575;0;0;125;0;42;0;
3990;1776281;1180848128;16494592;1379266560;0;0;0;0;0;0;0;0;0;0;0;2685;0;0;125;0;42;0;
3991;2648968;1180848128;16494592;1379266560;0;0;0;0;0;0;0;0;0;0;0;2645;0;0;125;0;42;0;
3992;2558748;1180848128;16494592;1379266560;0;0;0;0;0;0;0;0;0;0;0;2875;0;0;125;0;42;0;
3993;2591490;1180848128;16494592;1379266560;0;0;0;0;0;0;0;0;0;0;0;2745;0;0;125;0;42;0;
3994;2799791;1180848128;16482304;1379254272;0;0;0;0;0;0;0;0;0;0;0;2685;0;0;125;0;42;0;
3995;1818601;1180848128;16482304;1379254272;0;0;0;0;0;0;0;0;0;0;0;2024;0;0;125;0;42;0;
3996;2119204;1180848128;16482304;1379254272;0;0;0;0;0;0;0;0;0;0;0;2114;0;0;125;0;42;0;
3997;4861027;1180848128;16482304;1379254272;0;0;0;0;0;0;0;0;0;0;0;3517;0;0;125;0;42;0;
3998;4176071;1180848128;16490496;1379262464;0;0;0;0;0;0;0;0;0;0;0;2865;0;0;125;0;42;0;
3999;2068389;1180848128;16490496;1379262464;0;0;0;0;0;0;0;0;0;0;0;2705;0;0;125;0;42;0;
4000;3697504;1180848128;16490496;1379262464;0;0;0;0;0;0;0;0;0;0;0;2735;0;0;125;0;42;0;
4001;2481734;1180848128;16490496;1379262464;0;0;0;0;0;0;0;0;0;0;0;2785;0;0;125;0;42;0;
4002;2561604;1180848128;16490496;1379262464;0;0;0;0;0;0;0;0;0;0;0;2745;0;0;125;0;42;0;
4003;2838143;1180848128;16490496;1379262464;0;0;0;0;0;0;0;0;0;0;0;2786;0;0;125;0;42;0;
4004;1492970;1180848128;16490496;1379262464;0;0;0;0;0;0;0;0;0;0;0;2685;0;0;125;0;42;0;
4005;1375510;1180848128;16490496;1379262464;0;0;0;0;0;0;0;0;0;0;0;2755;0;0;125;0;42;0;
4006;2578666;1180848128;16490496;1379262464;0;0;0;0;0;0;0;0;0;0;0;2594;0;0;125;0;42;0;
4007;2033023;1180848128;16490496;1379262464;0;0;0;0;0;0;0;0;0;0;0;1864;0;0;125;0;42;0;
4008;2010851;1180848128;16490496;1379262464;0;0;0;0;0;0;0;0;0;0;0;1703;0;0;125;0;42;0;
4009;4806674;1180848128;16490496;1379262464;0;0;0;0;0;0;0;0;0;0;0;2394;0;0;125;0;42;0;
4010;3243312;1180848128;16494592;1379266560;0;0;0;0;0;0;0;0;0;0;0;2164;0;0;125;0;42;0;
4011;1497508;1180848128;16494592;1379266560;0;0;0;0;0;0;0;0;0;0;0;1633;0;0;125;0;42;0;
4012;2088156;1180848128;16494592;1379266560;0;0;0;0;0;0;0;0;0;0;0;1613;0;0;125;0;42;0;
4013;2407696;1180848128;16494592;1379266560;0;0;0;0;0;0;0;0;0;0;0;1553;0;0;125;0;42;0;
4014;1516374;1180848128;16494592;1379266560;0;0;0;0;0;0;0;0;0;0;0;1774;0;0;125;0;42;0;
4015;1162340;1180848128;16494592;1379266560;0;0;0;0;0;0;0;0;0;0;0;1583;0;0;125;0;42;0;
4016;2185218;1180848128;16494592;1379266560;0;0;0;0;0;0;0;0;0;0;0;1603;0;0;125;0;42;0;
4017;1748850;1180848128;16494592;1379266560;0;0;0;0;0;0;0;0;0;0;0;1522;0;0;125;0;42;0;
4018;1765501;1180848128;16494592;1379266560;0;0;0;0;0;0;0;0;0;0;0;1994;0;0;125;0;42;0;
4019;2406383;1180848128;16494592;1379266560;0;0;0;0;0;0;0;0;0;0;0;1613;0;0;125;0;42;0;
4020;1460038;1180848128;16494592;1379266560;0;0;0;0;0;0;0;0;0;0;0;1773;0;0;125;0;42;0;
4021;1168361;1180848128;16494592;1379266560;0;0;0;0;0;0;0;0;0;0;0;1513;0;0;125;0;42;0;
4022;5358980;1180848128;16494592;1379266560;0;0;0;0;0;0;0;0;0;0;0;3146;0;0;125;0;42;0;
4023;4565041;1180848128;16494592;1379266560;0;0;0;0;0;0;0;0;0;0;0;2946;0;0;125;0;42;0;
4024;2525186;1180848128;16494592;1379266560;0;0;0;0;0;0;0;0;0;0;0;2685;0;0;125;0;42;0;
4025;2548259;1180848128;16494592;1379266560;0;0;0;0;0;0;0;0;0;0;0;2665;0;0;125;0;42;0;
4026;2212359;1180848128;16494592;1379266560;0;0;0;0;0;0;0;0;0;0;0;2755;0;0;125;0;42;0;
4027;3076310;1180848128;16494592;1379266560;0;0;0;0;0;0;0;0;0;0;0;2675;0;0;125;0;42;0;
4028;2763122;1180848128;16494592;1379266560;0;0;0;0;0;0;0;0;0;0;0;2886;0;0;125;0;42;0;
4029;2585318;1180848128;16494592;1379266560;0;0;0;0;0;0;0;0;0;0;0;2685;0;0;125;0;42;0;
4030;2277091;1180848128;16494592;1379266560;0;0;0;0;0;0;0;0;0;0;0;2735;0;0;125;0;42;0;
4031;2573887;1180848128;16482304;1379254272;0;0;0;0;0;0;0;0;0;0;0;2915;0;0;125;0;42;0;
4032;3163262;1180848128;16482304;1379254272;0;0;0;0;0;0;0;0;0;0;0;2755;0;0;125;0;42;0;
4033;2054042;1180848128;16482304;1379254272;0;0;0;0;0;0;0;0;0;0;0;2855;0;0;125;0;42;0;
4034;11254687;1180848128;16482304;1379254272;0;0;0;0;0;0;0;0;0;0;0;2414;0;0;125;0;42;0;
4035;3306892;1180848128;16494592;1379266560;0;0;0;0;0;0;0;0;0;0;0;2154;0;0;125;0;42;0;
4036;2682271;1180848128;16494592;1379266560;0;0;0;0;0;0;0;0;0;0;0;2565;0;0;125;0;42;0;
4037;2140404;1180848128;16494592;1379266560;0;0;0;0;0;0;0;0;0;0;0;2064;0;0;125;0;42;0;
4038;2586591;1180848128;16494592;1379266560;0;0;0;0;0;0;0;0;0;0;0;2385;0;0;125;0;42;0;
4039;2093807;1180848128;16494592;1379266560;0;0;0;0;0;0;0;0;0;0;0;1693;0;0;125;0;42;0;
4040;2663576;1180848128;16494592;1379266560;0;0;0;0;0;0;0;0;0;0;0;1633;0;0;125;0;42;0;
4041;2271379;1180848128;16494592;1379266560;0;0;0;0;0;0;0;0;0;0;0;1703;0;0;125;0;42;0;
4042;2156204;1180848128;16494592;1379266560;0;0;0;0;0;0;0;0;0;0;0;1753;0;0;125;0;42;0;
4043;1882480;1180848128;16494592;1379266560;0;0;0;0;0;0;0;0;0;0;0;1634;0;0;125;0;42;0;
4044;1743630;1180848128;16494592;1379266560;0;0;0;0;0;0;0;0;0;0;0;1603;0;0;125;0;42;0;
4045;1721569;1180848128;16494592;1379266560;0;0;0;0;0;0;0;0;0;0;0;1673;0;0;125;0;42;0;
4046;1487229;1180848128;16494592;1379266560;0;0;0;0;0;0;0;0;0;0;0;2124;0;0;125;0;42;0;
4047;5923269;1180848128;16494592;1379266560;0;0;0;0;0;0;0;0;0;0;0;3646;0;0;125;0;42;0;
4048;3313765;1180848128;16494592;1379266560;0;0;0;0;0;0;0;0;0;0;0;120607;0;0;125;0;42;0;
4049;2454203;1180848128;16494592;1379266560;0;0;0;0;0;0;0;0;0;0;0;1733;0;0;125;0;42;0;
4050;1965456;1180848128;16494592;1379266560;0;0;0;0;0;0;0;0;0;0;0;1723;0;0;125;0;42;0;
4051;1842195;1180848128;16494592;1379266560;0;0;0;0;0;0;0;0;0;0;0;1583;0;0;125;0;42;0;
4052;949080;1180848128;16494592;1379266560;0;0;0;0;0;0;0;0;0;0;0;1613;0;0;125;0;42;0;
4053;2017223;1180848128;16494592;1379266560;0;0;0;0;0;0;0;0;0;0;0;1553;0;0;125;0;42;0;
4054;1657338;1180848128;16494592;1379266560;0;0;0;0;0;0;0;0;0;0;0;87134;0;0;125;0;42;0;
4055;1870287;1180848128;16494592;1379266560;0;0;0;0;0;0;0;0;0;0;0;1633;0;0;125;0;42;0;
4056;2244630;1180848128;16482304;1379254272;0;0;0;0;0;0;0;0;0;0;0;1583;0;0;125;0;42;0;
4057;1549256;1180848128;16482304;1379254272;0;0;0;0;0;0;0;0;0;0;0;2003;0;0;125;0;42;0;
4058;1383925;1180848128;16482304;1379254272;0;0;0;0;0;0;0;0;0;0;0;1633;0;0;125;0;42;0;
4059;4947398;1180848128;16482304;1379254272;0;0;0;0;0;0;0;0;0;0;0;2284;0;0;125;0;42;0;
4060;3130832;1180848128;16490496;1379262464;0;0;0;0;0;0;0;0;0;0;0;2024;0;0;125;0;42;0;
4061;1963282;1180848128;16490496;1379262464;0;0;0;0;0;0;0;0;0;0;0;1984;0;0;125;0;42;0;
4062;2184157;1180848128;16490496;1379262464;0;0;0;0;0;0;0;0;0;0;0;2074;0;0;125;0;42;0;
4063;2192782;1180848128;16490496;1379262464;0;0;0;0;0;0;0;0;0;0;0;2114;0;0;125;0;42;0;
4064;1903089;1180848128;16490496;1379262464;0;0;0;0;0;0;0;0;0;0;0;2796;0;0;125;0;42;0;
4065;2983846;1180848128;16490496;1379262464;0;0;0;0;0;0;0;0;0;0;0;2835;0;0;125;0;42;0;
4066;2428234;1180848128;16490496;1379262464;0;0;0;0;0;0;0;0;0;0;0;2755;0;0;125;0;42;0;
4067;2597411;1180848128;16490496;1379262464;0;0;0;0;0;0;0;0;0;0;0;2896;0;0;125;0;42;0;
4068;2391345;1180848128;16490496;1379262464;0;0;0;0;0;0;0;0;0;0;0;2826;0;0;125;0;42;0;
4069;2796514;1180848128;16490496;1379262464;0;0;0;0;0;0;0;0;0;0;0;2875;0;0;125;0;42;0;
4070;2452710;1180848128;16490496;1379262464;0;0;0;0;0;0;0;0;0;0;0;2014;0;0;125;0;42;0;
4071;1935640;1180848128;16490496;1379262464;0;0;0;0;0;0;0;0;0;0;0;1984;0;0;125;0;42;0;
4072;4547118;1180848128;16490496;1379262464;0;0;0;0;0;0;0;0;0;0;0;2204;0;0;125;0;42;0;
4073;3241058;1180848128;16490496;1379262464;0;0;0;0;0;0;0;0;0;0;0;2044;0;0;125;0;42;0;
4074;1887039;1180848128;16490496;1379262464;0;0;0;0;0;0;0;0;0;0;0;2024;0;0;125;0;42;0;
4075;1932394;1180848128;16490496;1379262464;0;0;0;0;0;0;0;0;0;0;0;2094;0;0;125;0;42;0;
4076;2107772;1180848128;16490496;1379262464;0;0;0;0;0;0;0;0;0;0;0;2084;0;0;125;0;42;0;
4077;1969985;1180848128;16490496;1379262464;0;0;0;0;0;0;0;0;0;0;0;2034;0;0;125;0;42;0;
4078;2229211;1180848128;16490496;1379262464;0;0;0;0;0;0;0;0;0;0;0;1984;0;0;125;0;42;0;
4079;1608086;1180848128;16490496;1379262464;0;0;0;0;0;0;0;0;0;0;0;1784;0;0;125;0;42;0;
4080;1964134;1180848128;16490496;1379262464;0;0;0;0;0;0;0;0;0;0;0;2034;0;0;125;0;42;0;
4081;2344306;1180848128;16482304;1379254272;0;0;0;0;0;0;0;0;0;0;0;2194;0;0;125;0;42;0;
4082;2279615;1180848128;16482304;1379254272;0;0;0;0;0;0;0;0;0;0;0;2815;0;0;125;0;42;0;
4083;2558138;1180848128;16482304;1379254272;0;0;0;0;0;0;0;0;0;0;0;2805;0;0;125;0;42;0;
4084;5114021;1180848128;16482304;1379254272;0;0;0;0;0;0;0;0;0;0;0;2936;0;0;125;0;42;0;
4085;3542564;1180848128;16494592;1379266560;0;0;0;0;0;0;0;0;0;0;0;2825;0;0;125;0;42;0;
4086;1931262;1180848128;16494592;1379266560;0;0;0;0;0;0;0;0;0;0;0;1663;0;0;125;0;42;0;
4087;1749161;1180848128;16494592;1379266560;0;0;0;0;0;0;0;0;0;0;0;1924;0;0;125;0;42;0;
4088;1850691;1180848128;16494592;1379266560;0;0;0;0;0;0;0;0;0;0;0;1683;0;0;125;0;42;0;
4089;1778255;1180848128;16494592;1379266560;0;0;0;0;0;0;0;0;0;0;0;1814;0;0;125;0;42;0;
4090;2409899;1180848128;16494592;1379266560;0;0;0;0;0;0;0;0;0;0;0;1683;0;0;125;0;42;0;
4091;2140845;1180848128;16494592;1379266560;0;0;0;0;0;0;0;0;0;0;0;1603;0;0;125;0;42;0;
4092;1731988;1180848128;16494592;1379266560;0;0;0;0;0;0;0;0;0;0;0;1664;0;0;125;0;42;0;
4093;1470077;1180848128;16494592;1379266560;0;0;0;0;0;0;0;0;0;0;0;1633;0;0;125;0;42;0;
4094;2139663;1180848128;16494592;1379266560;0;0;0;0;0;0;0;0;0;0;0;1903;0;0;125;0;42;0;
4095;1772023;1180848128;16494592;1379266560;0;0;0;0;0;0;0;0;0;0;0;1653;0;0;125;0;42;0;
4096;1429410;1180848128;16494592;1379266560;0;0;0;0;0;0;0;0;0;0;0;1773;0;0;125;0;42;0;
4097;5387434;1180848128;16494592;1379266560;0;0;0;0;0;0;0;0;0;0;0;2224;0;0;125;0;42;0;
4098;3069647;1180848128;16494592;1379266560;0;0;0;0;0;0;0;0;0;0;0;1643;0;0;125;0;42;0;
4099;1298064;1180848128;16494592;1379266560;0;0;0;0;0;0;0;0;0;0;0;1613;0;0;125;0;42;0;
4100;2373261;1180848128;16494592;1379266560;0;0;0;0;0;0;0;0;0;0;0;1723;0;0;125;0;42;0;
4101;1864937;1180848128;16494592;1379266560;0;0;0;0;0;0;0;0;0;0;0;1673;0;0;125;0;42;0;
4102;2008857;1180848128;16494592;1379266560;0;0;0;0;0;0;0;0;0;0;0;1693;0;0;125;0;42;0;
4103;1583991;1180848128;16494592;1379266560;0;0;0;0;0;0;0;0;0;0;0;1653;0;0;125;0;42;0;
4104;1860620;1180848128;16494592;1379266560;0;0;0;0;0;0;0;0;0;0;0;1593;0;0;125;0;42;0;
4105;1795317;1180848128;16494592;1379266560;0;0;0;0;0;0;0;0;0;0;0;2104;0;0;125;0;42;0;
4106;1732809;1180848128;16494592;1379266560;0;0;0;0;0;0;0;0;0;0;0;2024;0;0;125;0;42;0;
4107;1756704;1180852224;16486400;1379258368;0;0;0;0;0;0;0;0;0;0;0;2014;0;0;125;0;42;0;
4108;2028555;1180852224;16486400;1379258368;0;0;0;0;0;0;0;0;0;0;0;2084;0;0;125;0;42;0;
4109;1426455;1180852224;16486400;1379258368;0;0;0;0;0;0;0;0;0;0;0;2144;0;0;125;0;42;0;
4110;4802657;1180852224;16486400;1379258368;0;0;0;0;0;0;0;0;0;0;0;2605;0;0;125;0;42;0;
4111;2975700;1180852224;16486400;1379258368;0;0;0;0;0;0;0;0;0;0;0;2103;0;0;125;0;42;0;
4112;1458174;1180852224;16486400;1379258368;0;0;0;0;0;0;0;0;0;0;0;1974;0;0;125;0;42;0;
4113;2140394;1180852224;16486400;1379258368;0;0;0;0;0;0;0;0;0;0;0;2084;0;0;125;0;42;0;
4114;1851232;1180852224;16486400;1379258368;0;0;0;0;0;0;0;0;0;0;0;2164;0;0;125;0;42;0;
4115;1315366;1180852224;16486400;1379258368;0;0;0;0;0;0;0;0;0;0;0;2274;0;0;125;0;42;0;
4116;1761584;1180852224;16486400;1379258368;0;0;0;0;0;0;0;0;0;0;0;2003;0;0;125;0;42;0;
4117;1703395;1180852224;16486400;1379258368;0;0;0;0;0;0;0;0;0;0;0;2174;0;0;125;0;42;0;
4118;1898461;1180852224;16486400;1379258368;0;0;0;0;0;0;0;0;0;0;0;2053;0;0;125;0;42;0;
4119;2769174;1180848128;16482304;1379254272;0;0;0;0;0;0;0;0;0;0;0;2124;0;0;125;0;42;0;
4120;1737408;1180848128;16482304;1379254272;0;0;0;0;0;0;0;0;0;0;0;1954;0;0;125;0;42;0;
4121;1824352;1180848128;16482304;1379254272;0;0;0;0;0;0;0;0;0;0;0;2024;0;0;125;0;42;0;
4122;5305981;1180848128;16482304;1379254272;0;0;0;0;0;0;0;0;0;0;0;1984;0;0;125;0;42;0;
4123;2457389;1180848128;16490496;1379262464;0;0;0;0;0;0;0;0;0;0;0;1863;0;0;125;0;42;0;
4124;1749410;1180848128;16490496;1379262464;0;0;0;0;0;0;0;0;0;0;0;1854;0;0;125;0;42;0;
4125;1668990;1180848128;16490496;1379262464;0;0;0;0;0;0;0;0;0;0;0;1623;0;0;125;0;42;0;
4126;1387612;1180848128;16490496;1379262464;0;0;0;0;0;0;0;0;0;0;0;1603;0;0;125;0;42;0;
4127;1799896;1180848128;16490496;1379262464;0;0;0;0;0;0;0;0;0;0;0;1553;0;0;125;0;42;0;
4128;2330701;1180848128;16490496;1379262464;0;0;0;0;0;0;0;0;0;0;0;1513;0;0;125;0;42;0;
4129;1845722;1180848128;16490496;1379262464;0;0;0;0;0;0;0;0;0;0;0;1853;0;0;125;0;42;0;
4130;1303044;1180848128;16490496;1379262464;0;0;0;0;0;0;0;0;0;0;0;2084;0;0;125;0;42;0;
4131;2123963;1180848128;16490496;1379262464;0;0;0;0;0;0;0;0;0;0;0;1633;0;0;125;0;42;0;
4132;1114641;1180848128;16490496;1379262464;0;0;0;0;0;0;0;0;0;0;0;1784;0;0;125;0;42;0;
4133;1165996;1180848128;16490496;1379262464;0;0;0;0;0;0;0;0;0;0;0;1593;0;0;125;0;42;0;
4134;4683233;1180848128;16490496;1379262464;0;0;0;0;0;0;0;0;0;0;0;2034;0;0;125;0;42;0;
4135;2543590;1180848128;16494592;1379266560;0;0;0;0;0;0;0;0;0;0;0;1783;0;0;125;0;42;0;
4136;1571948;1180848128;16494592;1379266560;0;0;0;0;0;0;0;0;0;0;0;2064;0;0;125;0;42;0;
4137;1629666;1180848128;16494592;1379266560;0;0;0;0;0;0;0;0;0;0;0;1953;0;0;125;0;42;0;
4138;1460209;1180848128;16494592;1379266560;0;0;0;0;0;0;0;0;0;0;0;1984;0;0;125;0;42;0;
4139;1160496;1180848128;16494592;1379266560;0;0;0;0;0;0;0;0;0;0;0;1783;0;0;125;0;42;0;
4140;1165786;1180848128;16494592;1379266560;0;0;0;0;0;0;0;0;0;0;0;1703;0;0;125;0;42;0;
4141;1928307;1180848128;16494592;1379266560;0;0;0;0;0;0;0;0;0;0;0;1703;0;0;125;0;42;0;
4142;2343224;1180848128;16494592;1379266560;0;0;0;0;0;0;0;0;0;0;0;2715;0;0;125;0;42;0;
4143;2225013;1180848128;16494592;1379266560;0;0;0;0;0;0;0;0;0;0;0;2956;0;0;125;0;42;0;
4144;2450826;1180848128;16494592;1379266560;0;0;0;0;0;0;0;0;0;0;0;2776;0;0;125;0;42;0;
4145;1238222;1180848128;16494592;1379266560;0;0;0;0;0;0;0;0;0;0;0;2294;0;0;125;0;42;0;
4146;1777484;1180848128;16494592;1379266560;0;0;0;0;0;0;0;0;0;0;0;2314;0;0;125;0;42;0;
4147;5081109;1180848128;16494592;1379266560;0;0;0;0;0;0;0;0;0;0;0;2154;0;0;125;0;42;0;
4148;3075648;1180848128;16494592;1379266560;0;0;0;0;0;0;0;0;0;0;0;2275;0;0;125;0;42;0;
4149;1729353;1180848128;16494592;1379266560;0;0;0;0;0;0;0;0;0;0;0;2364;0;0;125;0;42;0;
4150;2284203;1180848128;16494592;1379266560;0;0;0;0;0;0;0;0;0;0;0;1964;0;0;125;0;42;0;
4151;2331532;1180848128;16494592;1379266560;0;0;0;0;0;0;0;0;0;0;0;1994;0;0;125;0;42;0;
4152;2247946;1180848128;16494592;1379266560;0;0;0;0;0;0;0;0;0;0;0;2345;0;0;125;0;42;0;
4153;1852815;1180848128;16494592;1379266560;0;0;0;0;0;0;0;0;0;0;0;2325;0;0;125;0;42;0;
4154;1818701;1180848128;16494592;1379266560;0;0;0;0;0;0;0;0;0;0;0;2314;0;0;125;0;42;0;
4155;1881137;1180848128;16494592;1379266560;0;0;0;0;0;0;0;0;0;0;0;2615;0;0;125;0;42;0;
4156;1339361;1180848128;16494592;1379266560;0;0;0;0;0;0;0;0;0;0;0;2274;0;0;125;0;42;0;
4157;2455916;1180852224;16486400;1379258368;0;0;0;0;0;0;0;0;0;0;0;1963;0;0;125;0;42;0;
4158;2483948;1180852224;16486400;1379258368;0;0;0;0;0;0;0;0;0;0;0;1973;0;0;125;0;42;0;
4159;1928396;1180852224;16486400;1379258368;0;0;0;0;0;0;0;0;0;0;0;2345;0;0;125;0;42;0;
4160;4919986;1180852224;16486400;1379258368;0;0;0;0;0;0;0;0;0;0;0;2615;0;0;125;0;42;0;
4161;3797041;1180852224;16486400;1379258368;0;0;0;0;0;0;0;0;0;0;0;2475;0;0;125;0;42;0;
4162;2362010;1180852224;16486400;1379258368;0;0;0;0;0;0;0;0;0;0;0;2304;0;0;125;0;42;0;
4163;2148599;1180852224;16486400;1379258368;0;0;0;0;0;0;0;0;0;0;0;2424;0;0;125;0;42;0;
4164;2918443;1180852224;16486400;1379258368;0;0;0;0;0;0;0;0;0;0;0;2625;0;0;125;0;42;0;
4165;2170179;1180852224;16486400;1379258368;0;0;0;0;0;0;0;0;0;0;0;2003;0;0;125;0;42;0;
4166;2616476;1180852224;16486400;1379258368;0;0;0;0;0;0;0;0;0;0;0;2505;0;0;125;0;42;0;
4167;2380224;1180852224;16486400;1379258368;0;0;0;0;0;0;0;0;0;0;0;2334;0;0;125;0;42;0;
4168;1872361;1180852224;16486400;1379258368;0;0;0;0;0;0;0;0;0;0;0;2344;0;0;125;0;42;0;
4169;1690460;1180852224;16486400;1379258368;0;0;0;0;0;0;0;0;0;0;0;2425;0;0;125;0;42;0;
4170;1857173;1180852224;16486400;1379258368;0;0;0;0;0;0;0;0;0;0;0;2385;0;0;125;0;42;0;
4171;1801749;1180852224;16486400;1379258368;0;0;0;0;0;0;0;0;0;0;0;2054;0;0;125;0;42;0;
4172;1331507;1180852224;16486400;1379258368;0;0;0;0;0;0;0;0;0;0;0;2004;0;0;125;0;42;0;
4173;4501362;1180852224;16486400;1379258368;0;0;0;0;0;0;0;0;0;0;0;1893;0;0;125;0;42;0;
4174;2459703;1180852224;16486400;1379258368;0;0;0;0;0;0;0;0;0;0;0;1643;0;0;125;0;42;0;
4175;1250515;1180852224;16486400;1379258368;0;0;0;0;0;0;0;0;0;0;0;1583;0;0;125;0;42;0;
4176;1792251;1180852224;16486400;1379258368;0;0;0;0;0;0;0;0;0;0;0;1372;0;0;125;0;42;0;
4177;1260744;1180852224;16486400;1379258368;0;0;0;0;0;0;0;0;0;0;0;1633;0;0;125;0;42;0;
4178;1013821;1180852224;16486400;1379258368;0;0;0;0;0;0;0;0;0;0;0;1613;0;0;125;0;42;0;
4179;1463334;1180852224;16486400;1379258368;0;0;0;0;0;0;0;0;0;0;0;1663;0;0;125;0;42;0;
4180;1516324;1180852224;16486400;1379258368;0;0;0;0;0;0;0;0;0;0;0;1783;0;0;125;0;42;0;
4181;1241519;1180852224;16486400;1379258368;0;0;0;0;0;0;0;0;0;0;0;1663;0;0;125;0;42;0;
4182;1710447;1180864512;16482304;1379254272;0;0;0;0;0;0;0;0;0;0;0;1613;0;0;125;0;42;0;
4183;1489484;1180864512;16482304;1379254272;0;0;0;0;0;0;0;0;0;0;0;1553;0;0;125;0;42;0;
4184;1128316;1180864512;16482304;1379254272;0;0;0;0;0;0;0;0;0;0;0;1823;0;0;125;0;42;0;
4185;4692029;1180864512;16482304;1379254272;0;0;0;0;0;0;0;0;0;0;0;2064;0;0;125;0;42;0;
4186;2075182;1180864512;16490496;1379262464;0;0;0;0;0;0;0;0;0;0;0;11852;0;0;125;0;42;0;
4187;1681743;1180864512;16490496;1379262464;0;0;0;0;0;0;0;0;0;0;0;1984;0;0;125;0;42;0;
4188;1711970;1180864512;16490496;1379262464;0;0;0;0;0;0;0;0;0;0;0;1763;0;0;125;0;42;0;
4189;2099598;1180864512;16490496;1379262464;0;0;0;0;0;0;0;0;0;0;0;1673;0;0;125;0;42;0;
4190;1514049;1180864512;16490496;1379262464;0;0;0;0;0;0;0;0;0;0;0;1883;0;0;125;0;42;0;
4191;1514881;1180864512;16490496;1379262464;0;0;0;0;0;0;0;0;0;0;0;2004;0;0;125;0;42;0;
4192;1726759;1180864512;16490496;1379262464;0;0;0;0;0;0;0;0;0;0;0;1944;0;0;125;0;42;0;
4193;1250295;1180864512;16490496;1379262464;0;0;0;0;0;0;0;0;0;0;0;2084;0;0;125;0;42;0;
4194;1393494;1180864512;16490496;1379262464;0;0;0;0;0;0;0;0;0;0;0;1994;0;0;125;0;42;0;
4195;1613596;1180864512;16490496;1379262464;0;0;0;0;0;0;0;0;0;0;0;1974;0;0;125;0;42;0;
4196;1651548;1180864512;16490496;1379262464;0;0;0;0;0;0;0;0;0;0;0;1974;0;0;125;0;42;0;
4197;1308033;1180864512;16490496;1379262464;0;0;0;0;0;0;0;0;0;0;0;1894;0;0;125;0;42;0;
4198;4523734;1180864512;16490496;1379262464;0;0;0;0;0;0;0;0;0;0;0;2345;0;0;125;0;42;0;
4199;2529924;1180864512;16490496;1379262464;0;0;0;0;0;0;0;0;0;0;0;1633;0;0;125;0;42;0;
4200;1180134;1180864512;16490496;1379262464;0;0;0;0;0;0;0;0;0;0;0;1643;0;0;125;0;42;0;
4201;1498721;1180864512;16490496;1379262464;0;0;0;0;0;0;0;0;0;0;0;1653;0;0;125;0;42;0;
4202;1497499;1180864512;16490496;1379262464;0;0;0;0;0;0;0;0;0;0;0;2264;0;0;125;0;42;0;
4203;1377153;1180864512;16490496;1379262464;0;0;0;0;0;0;0;0;0;0;0;1933;0;0;125;0;42;0;
4204;1488060;1180864512;16490496;1379262464;0;0;0;0;0;0;0;0;0;0;0;1994;0;0;125;0;42;0;
4205;1565897;1180864512;16490496;1379262464;0;0;0;0;0;0;0;0;0;0;0;107131;0;0;125;0;42;0;
4206;1500163;1180864512;16490496;1379262464;0;0;0;0;0;0;0;0;0;0;0;2074;0;0;125;0;42;0;
4207;2122771;1180864512;16478208;1379250176;0;0;0;0;0;0;0;0;0;0;0;1984;0;0;125;0;42;0;
4208;1542342;1180864512;16478208;1379250176;0;0;0;0;0;0;0;0;0;0;0;1674;0;0;125;0;42;0;
4209;1489243;1180864512;16478208;1379250176;0;0;0;0;0;0;0;0;0;0;0;1362;0;0;125;0;42;0;
4210;4618100;1180864512;16482304;1379254272;0;0;0;0;0;0;0;0;0;0;0;2325;0;0;125;0;42;0;
4211;2125125;1180864512;16494592;1379266560;0;0;0;0;0;0;0;0;0;0;0;1583;0;0;125;0;42;0;
4212;1022969;1180864512;16494592;1379266560;0;0;0;0;0;0;0;0;0;0;0;1703;0;0;125;0;42;0;
4213;1169733;1180864512;16494592;1379266560;0;0;0;0;0;0;0;0;0;0;0;1613;0;0;125;0;42;0;
4214;1732159;1180864512;16494592;1379266560;0;0;0;0;0;0;0;0;0;0;0;1823;0;0;125;0;42;0;
4215;1430232;1180864512;16494592;1379266560;0;0;0;0;0;0;0;0;0;0;0;1533;0;0;125;0;42;0;
4216;1029521;1180864512;16494592;1379266560;0;0;0;0;0;0;0;0;0;0;0;1563;0;0;125;0;42;0;
4217;1704467;1180864512;16494592;1379266560;0;0;0;0;0;0;0;0;0;0;0;1553;0;0;125;0;42;0;
4218;1202986;1180864512;16494592;1379266560;0;0;0;0;0;0;0;0;0;0;0;1713;0;0;125;0;42;0;
4219;1030833;1180864512;16494592;1379266560;0;0;0;0;0;0;0;0;0;0;0;1553;0;0;125;0;42;0;
4220;1986015;1180864512;16494592;1379266560;0;0;0;0;0;0;0;0;0;0;0;1573;0;0;125;0;42;0;
4221;1395467;1180864512;16494592;1379266560;0;0;0;0;0;0;0;0;0;0;0;1623;0;0;125;0;42;0;
4222;1725666;1180864512;16494592;1379266560;0;0;0;0;0;0;0;0;0;0;0;1673;0;0;125;0;42;0;
4223;4344638;1180864512;16494592;1379266560;0;0;0;0;0;0;0;0;0;0;0;1803;0;0;125;0;42;0;
4224;2486783;1180864512;16494592;1379266560;0;0;0;0;0;0;0;0;0;0;0;1623;0;0;125;0;42;0;
4225;1385960;1180864512;16494592;1379266560;0;0;0;0;0;0;0;0;0;0;0;1583;0;0;125;0;42;0;
4226;1354591;1180864512;16494592;1379266560;0;0;0;0;0;0;0;0;0;0;0;1493;0;0;125;0;42;0;
4227;1706931;1180864512;16494592;1379266560;0;0;0;0;0;0;0;0;0;0;0;1593;0;0;125;0;42;0;
4228;1795017;1180864512;16494592;1379266560;0;0;0;0;0;0;0;0;0;0;0;1543;0;0;125;0;42;0;
4229;1789656;1180864512;16494592;1379266560;0;0;0;0;0;0;0;0;0;0;0;1553;0;0;125;0;42;0;
4230;1959154;1180864512;16494592;1379266560;0;0;0;0;0;0;0;0;0;0;0;1543;0;0;125;0;42;0;
4231;1967981;1180864512;16494592;1379266560;0;0;0;0;0;0;0;0;0;0;0;1623;0;0;125;0;42;0;
4232;1576928;1180864512;16494592;1379266560;0;0;0;0;0;0;0;0;0;0;0;1673;0;0;125;0;42;0;
4233;1775530;1180872704;16486400;1379258368;0;0;0;0;0;0;0;0;0;0;0;1563;0;0;125;0;42;0;
4234;1650255;1180872704;16486400;1379258368;0;0;0;0;0;0;0;0;0;0;0;2405;0;0;125;0;42;0;
4235;1307583;1180872704;16486400;1379258368;0;0;0;0;0;0;0;0;0;0;0;2184;0;0;125;0;42;0;
4236;4940745;1180872704;16486400;1379258368;0;0;0;0;0;0;0;0;0;0;0;2705;0;0;125;0;42;0;
4237;3844029;1180872704;16486400;1379258368;0;0;0;0;0;0;0;0;0;0;0;2164;0;0;125;0;42;0;
4238;1888632;1180872704;16486400;1379258368;0;0;0;0;0;0;0;0;0;0;0;2905;0;0;125;0;42;0;
4239;1560116;1180872704;16486400;1379258368;0;0;0;0;0;0;0;0;0;0;0;2405;0;0;125;0;42;0;
4240;2495150;1180872704;16486400;1379258368;0;0;0;0;0;0;0;0;0;0;0;1933;0;0;125;0;42;0;
4241;1526824;1180872704;16486400;1379258368;0;0;0;0;0;0;0;0;0;0;0;2094;0;0;125;0;42;0;
4242;1055470;1180872704;16486400;1379258368;0;0;0;0;0;0;0;0;0;0;0;2094;0;0;125;0;42;0;
4243;1744572;1180872704;16486400;1379258368;0;0;0;0;0;0;0;0;0;0;0;1913;0;0;125;0;42;0;
4244;1339001;1180872704;16486400;1379258368;0;0;0;0;0;0;0;0;0;0;0;2174;0;0;125;0;42;0;
4245;1138465;1180872704;16486400;1379258368;0;0;0;0;0;0;0;0;0;0;0;2185;0;0;125;0;42;0;
4246;2465133;1180872704;16486400;1379258368;0;0;0;0;0;0;0;0;0;0;0;2265;0;0;125;0;42;0;
4247;1444669;1180872704;16486400;1379258368;0;0;0;0;0;0;0;0;0;0;0;1954;0;0;125;0;42;0;
4248;1318373;1180872704;16486400;1379258368;0;0;0;0;0;0;0;0;0;0;0;2344;0;0;125;0;42;0;
4249;4907103;1180872704;16486400;1379258368;0;0;0;0;0;0;0;0;0;0;0;2975;0;0;125;0;42;0;
4250;3430944;1180872704;16486400;1379258368;0;0;0;0;0;0;0;0;0;0;0;2815;0;0;125;0;42;0;
4251;1327168;1180872704;16486400;1379258368;0;0;0;0;0;0;0;0;0;0;0;2064;0;0;125;0;42;0;
4252;2643117;1180872704;16486400;1379258368;0;0;0;0;0;0;0;0;0;0;0;2144;0;0;125;0;42;0;
4253;1877551;1180872704;16486400;1379258368;0;0;0;0;0;0;0;0;0;0;0;1643;0;0;125;0;42;0;
4254;1222302;1180872704;16486400;1379258368;0;0;0;0;0;0;0;0;0;0;0;2134;0;0;125;0;42;0;
4255;1622944;1180872704;16486400;1379258368;0;0;0;0;0;0;0;0;0;0;0;2114;0;0;125;0;42;0;
4256;1158773;1180872704;16486400;1379258368;0;0;0;0;0;0;0;0;0;0;0;1864;0;0;125;0;42;0;
4257;929543;1180872704;16486400;1379258368;0;0;0;0;0;0;0;0;0;0;0;1603;0;0;125;0;42;0;
4258;1986415;1180868608;16482304;1379254272;0;0;0;0;0;0;0;0;0;0;0;1583;0;0;125;0;42;0;
4259;1228184;1180868608;16482304;1379254272;0;0;0;0;0;0;0;0;0;0;0;1482;0;0;125;0;42;0;
4260;1481879;1180868608;16482304;1379254272;0;0;0;0;0;0;0;0;0;0;0;1483;0;0;125;0;42;0;
4261;4328608;1180868608;16482304;1379254272;0;0;0;0;0;0;0;0;0;0;0;1873;0;0;125;0;42;0;
4262;2678734;1180868608;16490496;1379262464;0;0;0;0;0;0;0;0;0;0;0;1583;0;0;125;0;42;0;
4263;1295529;1180868608;16490496;1379262464;0;0;0;0;0;0;0;0;0;0;0;1623;0;0;125;0;42;0;
4264;1679781;1180868608;16490496;1379262464;0;0;0;0;0;0;0;0;0;0;0;1513;0;0;125;0;42;0;
4265;1377042;1180868608;16490496;1379262464;0;0;0;0;0;0;0;0;0;0;0;1523;0;0;125;0;42;0;
4266;1048166;1180868608;16490496;1379262464;0;0;0;0;0;0;0;0;0;0;0;1523;0;0;125;0;42;0;
4267;1611843;1180868608;16490496;1379262464;0;0;0;0;0;0;0;0;0;0;0;1463;0;0;125;0;42;0;
4268;1242540;1180868608;16490496;1379262464;0;0;0;0;0;0;0;0;0;0;0;1573;0;0;125;0;42;0;
4269;1228624;1180868608;16490496;1379262464;0;0;0;0;0;0;0;0;0;0;0;1573;0;0;125;0;42;0;
4270;1564534;1180868608;16490496;1379262464;0;0;0;0;0;0;0;0;0;0;0;1894;0;0;125;0;42;0;
4271;1154055;1180868608;16490496;1379262464;0;0;0;0;0;0;0;0;0;0;0;1543;0;0;125;0;42;0;
4272;881974;1180868608;16490496;1379262464;0;0;0;0;0;0;0;0;0;0;0;1753;0;0;125;0;42;0;
4273;4736633;1180868608;16490496;1379262464;0;0;0;0;0;0;0;0;0;0;0;1653;0;0;125;0;42;0;
4274;1736396;1180868608;16490496;1379262464;0;0;0;0;0;0;0;0;0;0;0;1493;0;0;125;0;42;0;
4275;1240086;1180868608;16490496;1379262464;0;0;0;0;0;0;0;0;0;0;0;1533;0;0;125;0;42;0;
4276;1539177;1180868608;16490496;1379262464;0;0;0;0;0;0;0;0;0;0;0;1864;0;0;125;0;42;0;
4277;1433709;1180868608;16490496;1379262464;0;0;0;0;0;0;0;0;0;0;0;1553;0;0;125;0;42;0;
4278;1500725;1180868608;16490496;1379262464;0;0;0;0;0;0;0;0;0;0;0;1533;0;0;125;0;42;0;
4279;1788354;1180868608;16490496;1379262464;0;0;0;0;0;0;0;0;0;0;0;1593;0;0;125;0;42;0;
4280;2173596;1180868608;16490496;1379262464;0;0;0;0;0;0;0;0;0;0;0;1623;0;0;125;0;42;0;
4281;1851532;1180868608;16490496;1379262464;0;0;0;0;0;0;0;0;0;0;0;2034;0;0;125;0;42;0;
4282;1793053;1180868608;16490496;1379262464;0;0;0;0;0;0;0;0;0;0;0;1994;0;0;125;0;42;0;
4283;1928427;1180868608;16490496;1379262464;0;0;0;0;0;0;0;0;0;0;0;1954;0;0;125;0;42;0;
4284;1171197;1180868608;16490496;1379262464;0;0;0;0;0;0;0;0;0;0;0;1864;0;0;125;0;42;0;
4285;4716665;1180868608;16490496;1379262464;0;0;0;0;0;0;0;0;0;0;0;2184;0;0;125;0;42;0;
4286;2425930;1180868608;16490496;1379262464;0;0;0;0;0;0;0;0;0;0;0;1723;0;0;125;0;42;0;
4287;1452604;1180868608;16490496;1379262464;0;0;0;0;0;0;0;0;0;0;0;1573;0;0;125;0;42;0;
4288;2455475;1180868608;16490496;1379262464;0;0;0;0;0;0;0;0;0;0;0;2304;0;0;125;0;42;0;
4289;1666706;1180868608;16490496;1379262464;0;0;0;0;0;0;0;0;0;0;0;2705;0;0;125;0;42;0;
4290;1727660;1180868608;16490496;1379262464;0;0;0;0;0;0;0;0;0;0;0;2255;0;0;125;0;42;0;
4291;1983810;1180868608;16490496;1379262464;0;0;0;0;0;0;0;0;0;0;0;2194;0;0;125;0;42;0;
4292;1577809;1180868608;16490496;1379262464;0;0;0;0;0;0;0;0;0;0;0;45165;0;0;125;0;42;0;
4293;1186125;1180868608;16490496;1379262464;0;0;0;0;0;0;0;0;0;0;0;1823;0;0;125;0;42;0;
4294;1673078;1180868608;16490496;1379262464;0;0;0;0;0;0;0;0;0;0;0;1863;0;0;125;0;42;0;
4295;1542753;1180868608;16490496;1379262464;0;0;0;0;0;0;0;0;0;0;0;1914;0;0;125;0;42;0;
4296;1518127;1180868608;16490496;1379262464;0;0;0;0;0;0;0;0;0;0;0;1883;0;0;125;0;42;0;
4297;4407285;1180868608;16490496;1379262464;0;0;0;0;0;0;0;0;0;0;0;2044;0;0;125;0;42;0;
4298;2507282;1180868608;16490496;1379262464;0;0;0;0;0;0;0;0;0;0;0;2355;0;0;125;0;42;0;
4299;1561879;1180868608;16490496;1379262464;0;0;0;0;0;0;0;0;0;0;0;1924;0;0;125;0;42;0;
4300;1670823;1180868608;16490496;1379262464;0;0;0;0;0;0;0;0;0;0;0;1864;0;0;125;0;42;0;
4301;1584071;1180868608;16490496;1379262464;0;0;0;0;0;0;0;0;0;0;0;1883;0;0;125;0;42;0;
4302;1271675;1180868608;16490496;1379262464;0;0;0;0;0;0;0;0;0;0;0;1964;0;0;125;0;42;0;
4303;1790007;1180868608;16490496;1379262464;0;0;0;0;0;0;0;0;0;0;0;1834;0;0;125;0;42;0;
4304;1464206;1180868608;16490496;1379262464;0;0;0;0;0;0;0;0;0;0;0;1954;0;0;125;0;42;0;
4305;1073914;1180868608;16490496;1379262464;0;0;0;0;0;0;0;0;0;0;0;1934;0;0;125;0;42;0;
4306;1619577;1180868608;16490496;1379262464;0;0;0;0;0;0;0;0;0;0;0;1973;0;0;125;0;42;0;
4307;1309686;1180868608;16490496;1379262464;0;0;0;0;0;0;0;0;0;0;0;1873;0;0;125;0;42;0;
4308;1443738;1180868608;16490496;1379262464;0;0;0;0;0;0;0;0;0;0;0;1873;0;0;125;0;42;0;
4309;4340140;1180868608;16490496;1379262464;0;0;0;0;0;0;0;0;0;0;0;1734;0;0;125;0;42;0;
4310;2064983;1180868608;16490496;1379262464;0;0;0;0;0;0;0;0;0;0;0;1553;0;0;125;0;42;0;
4311;1148995;1180868608;16490496;1379262464;0;0;0;0;0;0;0;0;0;0;0;1824;0;0;125;0;42;0;
4312;1500814;1180868608;16490496;1379262464;0;0;0;0;0;0;0;0;0;0;0;1613;0;0;125;0;42;0;
4313;1119710;1180868608;16490496;1379262464;0;0;0;0;0;0;0;0;0;0;0;1553;0;0;125;0;42;0;
4314;1353218;1180868608;16490496;1379262464;0;0;0;0;0;0;0;0;0;0;0;1522;0;0;125;0;42;0;
4315;1283156;1180868608;16490496;1379262464;0;0;0;0;0;0;0;0;0;0;0;1493;0;0;125;0;42;0;
4316;1117085;1180868608;16490496;1379262464;0;0;0;0;0;0;0;0;0;0;0;1643;0;0;125;0;42;0;
4317;1765000;1180868608;16490496;1379262464;0;0;0;0;0;0;0;0;0;0;0;1503;0;0;125;0;42;0;
4318;1918729;1180868608;16490496;1379262464;0;0;0;0;0;0;0;0;0;0;0;1673;0;0;125;0;42;0;
4319;1908610;1180868608;16490496;1379262464;0;0;0;0;0;0;0;0;0;0;0;2244;0;0;125;0;42;0;
4320;1526623;1180868608;16490496;1379262464;0;0;0;0;0;0;0;0;0;0;0;2154;0;0;125;0;42;0;
4321;4649439;1180868608;16490496;1379262464;0;0;0;0;0;0;0;0;0;0;0;2886;0;0;125;0;42;0;
4322;3082581;1180868608;16494592;1379266560;0;0;0;0;0;0;0;0;0;0;0;2214;0;0;125;0;42;0;
4323;2335029;1180868608;16494592;1379266560;0;0;0;0;0;0;0;0;0;0;0;2324;0;0;125;0;42;0;
4324;2196329;1180868608;16494592;1379266560;0;0;0;0;0;0;0;0;0;0;0;2234;0;0;125;0;42;0;
4325;2287761;1180868608;16494592;1379266560;0;0;0;0;0;0;0;0;0;0;0;2254;0;0;125;0;42;0;
4326;1789375;1180868608;16494592;1379266560;0;0;0;0;0;0;0;0;0;0;0;2244;0;0;125;0;42;0;
4327;1465379;1180868608;16494592;1379266560;0;0;0;0;0;0;0;0;0;0;0;2184;0;0;125;0;42;0;
4328;1613266;1180868608;16494592;1379266560;0;0;0;0;0;0;0;0;0;0;0;2214;0;0;125;0;42;0;
4329;2041649;1180868608;16494592;1379266560;0;0;0;0;0;0;0;0;0;0;0;2705;0;0;125;0;42;0;
4330;1734322;1180868608;16494592;1379266560;0;0;0;0;0;0;0;0;0;0;0;2254;0;0;125;0;42;0;
4331;1763798;1180868608;16494592;1379266560;0;0;0;0;0;0;0;0;0;0;0;2265;0;0;125;0;42;0;
4332;1223875;1180868608;16494592;1379266560;0;0;0;0;0;0;0;0;0;0;0;1593;0;0;125;0;42;0;
4333;1953423;1180868608;16494592;1379266560;0;0;0;0;0;0;0;0;0;0;0;56316;0;0;125;0;42;0;
4334;5254624;1180868608;16494592;1379266560;0;0;0;0;0;0;0;0;0;0;0;1894;0;0;125;0;42;0;
4335;2181581;1180868608;16494592;1379266560;0;0;0;0;0;0;0;0;0;0;0;1523;0;0;125;0;42;0;
4336;1502648;1180868608;16494592;1379266560;0;0;0;0;0;0;0;0;0;0;0;1683;0;0;125;0;42;0;
4337;2009508;1180868608;16494592;1379266560;0;0;0;0;0;0;0;0;0;0;0;1543;0;0;125;0;42;0;
4338;1798233;1180868608;16494592;1379266560;0;0;0;0;0;0;0;0;0;0;0;1803;0;0;125;0;42;0;
4339;1889022;1180868608;16494592;1379266560;0;0;0;0;0;0;0;0;0;0;0;1583;0;0;125;0;42;0;
4340;2404049;1180868608;16494592;1379266560;0;0;0;0;0;0;0;0;0;0;0;1533;0;0;125;0;42;0;
4341;2117552;1180868608;16494592;1379266560;0;0;0;0;0;0;0;0;0;0;0;1623;0;0;125;0;42;0;
4342;1290580;1180868608;16494592;1379266560;0;0;0;0;0;0;0;0;0;0;0;1713;0;0;125;0;42;0;
4343;1826375;1180868608;16482304;1379254272;0;0;0;0;0;0;0;0;0;0;0;1803;0;0;125;0;42;0;
4344;1451181;1180868608;16482304;1379254272;0;0;0;0;0;0;0;0;0;0;0;2525;0;0;125;0;42;0;
4345;1670683;1180868608;16482304;1379254272;0;0;0;0;0;0;0;0;0;0;0;2645;0;0;125;0;42;0;
4346;5222454;1180868608;16482304;1379254272;0;0;0;0;0;0;0;0;0;0;0;2555;0;0;125;0;42;0;
4347;3021497;1180868608;16490496;1379262464;0;0;0;0;0;0;0;0;0;0;0;1894;0;0;125;0;42;0;
4348;2079380;1180868608;16490496;1379262464;0;0;0;0;0;0;0;0;0;0;0;2294;0;0;125;0;42;0;
4349;2477676;1180868608;16490496;1379262464;0;0;0;0;0;0;0;0;0;0;0;2174;0;0;125;0;42;0;
4350;2155532;1180868608;16490496;1379262464;0;0;0;0;0;0;0;0;0;0;0;2234;0;0;125;0;42;0;
4351;1940078;1180868608;16490496;1379262464;0;0;0;0;0;0;0;0;0;0;0;2184;0;0;125;0;42;0;
4352;2334137;1180868608;16490496;1379262464;0;0;0;0;0;0;0;0;0;0;0;2184;0;0;125;0;42;0;
4353;1864016;1180868608;16490496;1379262464;0;0;0;0;0;0;0;0;0;0;0;2184;0;0;125;0;42;0;
4354;2063149;1180868608;16490496;1379262464;0;0;0;0;0;0;0;0;0;0;0;2254;0;0;125;0;42;0;
4355;2685816;1180868608;16490496;1379262464;0;0;0;0;0;0;0;0;0;0;0;1934;0;0;125;0;42;0;
4356;2190237;1180868608;16490496;1379262464;0;0;0;0;0;0;0;0;0;0;0;2264;0;0;125;0;42;0;
4357;2063490;1180868608;16490496;1379262464;0;0;0;0;0;0;0;0;0;0;0;2184;0;0;125;0;42;0;
4358;5344963;1180868608;16490496;1379262464;0;0;0;0;0;0;0;0;0;0;0;2445;0;0;125;0;42;0;
4359;3575526;1180868608;16494592;1379266560;0;0;0;0;0;0;0;0;0;0;0;2494;0;0;125;0;42;0;
4360;2101982;1180868608;16494592;1379266560;0;0;0;0;0;0;0;0;0;0;0;2295;0;0;125;0;42;0;
4361;2234471;1180868608;16494592;1379266560;0;0;0;0;0;0;0;0;0;0;0;2325;0;0;125;0;42;0;
4362;2130596;1180868608;16494592;1379266560;0;0;0;0;0;0;0;0;0;0;0;2305;0;0;125;0;42;0;
4363;1938966;1180868608;16494592;1379266560;0;0;0;0;0;0;0;0;0;0;0;2304;0;0;125;0;42;0;
4364;1440411;1180868608;16494592;1379266560;0;0;0;0;0;0;0;0;0;0;0;2254;0;0;125;0;42;0;
4365;2115237;1180868608;16494592;1379266560;0;0;0;0;0;0;0;0;0;0;0;2295;0;0;125;0;42;0;
4366;2242285;1180868608;16494592;1379266560;0;0;0;0;0;0;0;0;0;0;0;2464;0;0;125;0;42;0;
4367;1818079;1180868608;16494592;1379266560;0;0;0;0;0;0;0;0;0;0;0;1934;0;0;125;0;42;0;
4368;2352422;1180868608;16494592;1379266560;0;0;0;0;0;0;0;0;0;0;0;1684;0;0;125;0;42;0;
4369;2284194;1180868608;16494592;1379266560;0;0;0;0;0;0;0;0;0;0;0;1573;0;0;125;0;42;0;
4370;1388454;1180868608;16494592;1379266560;0;0;0;0;0;0;0;0;0;0;0;1483;0;0;125;0;42;0;
4371;4882046;1180868608;16494592;1379266560;0;0;0;0;0;0;0;0;0;0;0;1733;0;0;125;0;42;0;
4372;2486954;1180868608;16494592;1379266560;0;0;0;0;0;0;0;0;0;0;0;1512;0;0;125;0;42;0;
4373;2307187;1180868608;16494592;1379266560;0;0;0;0;0;0;0;0;0;0;0;1643;0;0;125;0;42;0;
4374;2312757;1180868608;16494592;1379266560;0;0;0;0;0;0;0;0;0;0;0;1522;0;0;125;0;42;0;
4375;2697248;1180868608;16494592;1379266560;0;0;0;0;0;0;0;0;0;0;0;1773;0;0;125;0;42;0;
4376;1859056;1180868608;16494592;1379266560;0;0;0;0;0;0;0;0;0;0;0;2465;0;0;125;0;42;0;
4377;1608356;1180868608;16494592;1379266560;0;0;0;0;0;0;0;0;0;0;0;2234;0;0;125;0;42;0;
4378;2065293;1180868608;16494592;1379266560;0;0;0;0;0;0;0;0;0;0;0;2264;0;0;125;0;42;0;
4379;1770200;1180868608;16494592;1379266560;0;0;0;0;0;0;0;0;0;0;0;2475;0;0;125;0;42;0;
4380;1618555;1180868608;16494592;1379266560;0;0;0;0;0;0;0;0;0;0;0;2204;0;0;125;0;42;0;
4381;2121719;1180872704;16486400;1379258368;0;0;0;0;0;0;0;0;0;0;0;2395;0;0;125;0;42;0;
4382;2032733;1180872704;16486400;1379258368;0;0;0;0;0;0;0;0;0;0;0;2315;0;0;125;0;42;0;
4383;2170240;1180872704;16486400;1379258368;0;0;0;0;0;0;0;0;0;0;0;2044;0;0;125;0;42;0;
4384;5474858;1180872704;16486400;1379258368;0;0;0;0;0;0;0;0;0;0;0;3246;0;0;125;0;42;0;
4385;3388274;1180872704;16486400;1379258368;0;0;0;0;0;0;0;0;0;0;0;2725;0;0;125;0;42;0;
4386;2311555;1180872704;16486400;1379258368;0;0;0;0;0;0;0;0;0;0;0;2144;0;0;125;0;42;0;
4387;2079229;1180872704;16486400;1379258368;0;0;0;0;0;0;0;0;0;0;0;2334;0;0;125;0;42;0;
4388;2260710;1180872704;16486400;1379258368;0;0;0;0;0;0;0;0;0;0;0;2264;0;0;125;0;42;0;
4389;1981125;1180872704;16486400;1379258368;0;0;0;0;0;0;0;0;0;0;0;1593;0;0;125;0;42;0;
4390;1683086;1180872704;16486400;1379258368;0;0;0;0;0;0;0;0;0;0;0;1473;0;0;125;0;42;0;
4391;1544046;1180872704;16486400;1379258368;0;0;0;0;0;0;0;0;0;0;0;1563;0;0;125;0;42;0;
4392;1028078;1180872704;16486400;1379258368;0;0;0;0;0;0;0;0;0;0;0;1513;0;0;125;0;42;0;
4393;1075227;1180872704;16486400;1379258368;0;0;0;0;0;0;0;0;0;0;0;1663;0;0;125;0;42;0;
4394;1584131;1180872704;16486400;1379258368;0;0;0;0;0;0;0;0;0;0;0;1563;0;0;125;0;42;0;
4395;1376661;1180872704;16486400;1379258368;0;0;0;0;0;0;0;0;0;0;0;1533;0;0;125;0;42;0;
4396;1141250;1180872704;16486400;1379258368;0;0;0;0;0;0;0;0;0;0;0;1743;0;0;125;0;42;0;
4397;4509127;1180872704;16486400;1379258368;0;0;0;0;0;0;0;0;0;0;0;2415;0;0;125;0;42;0;
4398;3046944;1180872704;16486400;1379258368;0;0;0;0;0;0;0;0;0;0;0;1863;0;0;125;0;42;0;
4399;1416726;1180872704;16486400;1379258368;0;0;0;0;0;0;0;0;0;0;0;2415;0;0;125;0;42;0;
4400;1429341;1180872704;16486400;1379258368;0;0;0;0;0;0;0;0;0;0;0;1543;0;0;125;0;42;0;
4401;2679606;1180872704;16486400;1379258368;0;0;0;0;0;0;0;0;0;0;0;2044;0;0;125;0;42;0;
4402;1519099;1180872704;16486400;1379258368;0;0;0;0;0;0;0;0;0;0;0;1543;0;0;125;0;42;0;
4403;1619938;1180872704;16486400;1379258368;0;0;0;0;0;0;0;0;0;0;0;1503;0;0;125;0;42;0;
4404;2046358;1180872704;16486400;1379258368;0;0;0;0;0;0;0;0;0;0;0;2334;0;0;125;0;42;0;
4405;1266094;1180872704;16486400;1379258368;0;0;0;0;0;0;0;0;0;0;0;1803;0;0;125;0;42;0;
4406;1949025;1180872704;16486400;1379258368;0;0;0;0;0;0;0;0;0;0;0;1483;0;0;125;0;42;0;
4407;2541526;1180872704;16486400;1379258368;0;0;0;0;0;0;0;0;0;0;0;1583;0;0;125;0;42;0;
4408;1571598;1180872704;16486400;1379258368;0;0;0;0;0;0;0;0;0;0;0;1793;0;0;125;0;42;0;
4409;1248221;1180872704;16486400;1379258368;0;0;0;0;0;0;0;0;0;0;0;1492;0;0;125;0;42;0;
4410;4832162;1180872704;16486400;1379258368;0;0;0;0;0;0;0;0;0;0;0;2986;0;0;125;0;42;0;
4411;2454042;1180872704;16486400;1379258368;0;0;0;0;0;0;0;0;0;0;0;1954;0;0;125;0;42;0;
4412;1397862;1180872704;16486400;1379258368;0;0;0;0;0;0;0;0;0;0;0;1503;0;0;125;0;42;0;
4413;1427067;1180872704;16486400;1379258368;0;0;0;0;0;0;0;0;0;0;0;1583;0;0;125;0;42;0;
4414;1836013;1180872704;16486400;1379258368;0;0;0;0;0;0;0;0;0;0;0;1753;0;0;125;0;42;0;
4415;1119780;1180872704;16486400;1379258368;0;0;0;0;0;0;0;0;0;0;0;1532;0;0;125;0;42;0;
4416;839094;1180872704;16486400;1379258368;0;0;0;0;0;0;0;0;0;0;0;1503;0;0;125;0;42;0;
4417;1770110;1180872704;16486400;1379258368;0;0;0;0;0;0;0;0;0;0;0;1693;0;0;125;0;42;0;
4418;1058224;1180872704;16486400;1379258368;0;0;0;0;0;0;0;0;0;0;0;1563;0;0;125;0;42;0;
4419;1040502;1180872704;16486400;1379258368;0;0;0;0;0;0;0;0;0;0;0;1463;0;0;125;0;42;0;
4420;1843037;1180872704;16486400;1379258368;0;0;0;0;0;0;0;0;0;0;0;1492;0;0;125;0;42;0;
4421;1438388;1180872704;16486400;1379258368;0;0;0;0;0;0;0;0;0;0;0;1583;0;0;125;0;42;0;
4422;1405636;1180872704;16486400;1379258368;0;0;0;0;0;0;0;0;0;0;0;1442;0;0;125;0;42;0;
4423;4925307;1180872704;16486400;1379258368;0;0;0;0;0;0;0;0;0;0;0;3126;0;0;125;0;42;0;
4424;3738902;1180872704;16486400;1379258368;0;0;0;0;0;0;0;0;0;0;0;3016;0;0;125;0;42;0;
4425;1976837;1180872704;16486400;1379258368;0;0;0;0;0;0;0;0;0;0;0;2364;0;0;125;0;42;0;
4426;1533065;1180872704;16486400;1379258368;0;0;0;0;0;0;0;0;0;0;0;2104;0;0;125;0;42;0;
4427;2244099;1180872704;16486400;1379258368;0;0;0;0;0;0;0;0;0;0;0;2144;0;0;125;0;42;0;
4428;1733541;1180872704;16486400;1379258368;0;0;0;0;0;0;0;0;0;0;0;2265;0;0;125;0;42;0;
4429;1299116;1180872704;16486400;1379258368;0;0;0;0;0;0;0;0;0;0;0;2134;0;0;125;0;42;0;
4430;2181752;1180872704;16486400;1379258368;0;0;0;0;0;0;0;0;0;0;0;2104;0;0;125;0;42;0;
4431;1774999;1180872704;16486400;1379258368;0;0;0;0;0;0;0;0;0;0;0;2174;0;0;125;0;42;0;
4432;1591134;1180872704;16486400;1379258368;0;0;0;0;0;0;0;0;0;0;0;2385;0;0;125;0;42;0;
4433;1908168;1180872704;16486400;1379258368;0;0;0;0;0;0;0;0;0;0;0;2264;0;0;125;0;42;0;
4434;1947602;1180872704;16486400;1379258368;0;0;0;0;0;0;0;0;0;0;0;2444;0;0;125;0;42;0;
4435;1563242;1180872704;16486400;1379258368;0;0;0;0;0;0;0;0;0;0;0;2134;0;0;125;0;42;0;
4436;4562566;1180872704;16486400;1379258368;0;0;0;0;0;0;0;0;0;0;0;2374;0;0;125;0;42;0;
4437;2940064;1180872704;16486400;1379258368;0;0;0;0;0;0;0;0;0;0;0;2304;0;0;125;0;42;0;
4438;1480908;1180872704;16486400;1379258368;0;0;0;0;0;0;0;0;0;0;0;2154;0;0;125;0;42;0;
4439;2693050;1180872704;16486400;1379258368;0;0;0;0;0;0;0;0;0;0;0;2174;0;0;125;0;42;0;
4440;1623134;1180872704;16486400;1379258368;0;0;0;0;0;0;0;0;0;0;0;2114;0;0;125;0;42;0;
4441;1938465;1180872704;16486400;1379258368;0;0;0;0;0;0;0;0;0;0;0;2285;0;0;125;0;42;0;
4442;2060334;1180872704;16486400;1379258368;0;0;0;0;0;0;0;0;0;0;0;2154;0;0;125;0;42;0;
4443;1754340;1180872704;16486400;1379258368;0;0;0;0;0;0;0;0;0;0;0;2134;0;0;125;0;42;0;
4444;1512868;1180872704;16486400;1379258368;0;0;0;0;0;0;0;0;0;0;0;2064;0;0;125;0;42;0;
4445;1833669;1180868608;16482304;1379254272;0;0;0;0;0;0;0;0;0;0;0;2134;0;0;125;0;42;0;
4446;1618696;1180868608;16482304;1379254272;0;0;0;0;0;0;0;0;0;0;0;2144;0;0;125;0;42;0;
4447;1756785;1180868608;16482304;1379254272;0;0;0;0;0;0;0;0;0;0;0;2144;0;0;125;0;42;0;
4448;4960583;1180868608;16482304;1379254272;0;0;0;0;0;0;0;0;0;0;0;2295;0;0;125;0;42;0;
4449;3096237;1180868608;16494592;1379266560;0;0;0;0;0;0;0;0;0;0;0;2234;0;0;125;0;42;0;
4450;2047550;1180868608;16494592;1379266560;0;0;0;0;0;0;0;0;0;0;0;2164;0;0;125;0;42;0;
4451;1917897;1180868608;16494592;1379266560;0;0;0;0;0;0;0;0;0;0;0;2204;0;0;125;0;42;0;
4452;2005541;1180868608;16494592;1379266560;0;0;0;0;0;0;0;0;0;0;0;2415;0;0;125;0;42;0;
4453;2083578;1180868608;16494592;1379266560;0;0;0;0;0;0;0;0;0;0;0;2235;0;0;125;0;42;0;
4454;2812425;1180868608;16494592;1379266560;0;0;0;0;0;0;0;0;0;0;0;2235;0;0;125;0;42;0;
4455;2242565;1180868608;16494592;1379266560;0;0;0;0;0;0;0;0;0;0;0;2214;0;0;125;0;42;0;
4456;1924579;1180868608;16494592;1379266560;0;0;0;0;0;0;0;0;0;0;0;2194;0;0;125;0;42;0;
4457;2282911;1180868608;16494592;1379266560;0;0;0;0;0;0;0;0;0;0;0;2204;0;0;125;0;42;0;
4458;2363913;1180868608;16494592;1379266560;0;0;0;0;0;0;0;0;0;0;0;2084;0;0;125;0;42;0;
4459;1319785;1180868608;16494592;1379266560;0;0;0;0;0;0;0;0;0;0;0;2144;0;0;125;0;42;0;
4460;1761734;1180868608;16494592;1379266560;0;0;0;0;0;0;0;0;0;0;0;2194;0;0;125;0;42;0;
4461;5016759;1180868608;16494592;1379266560;0;0;0;0;0;0;0;0;0;0;0;2615;0;0;125;0;42;0;
4462;3520812;1180868608;16494592;1379266560;0;0;0;0;0;0;0;0;0;0;0;2184;0;0;125;0;42;0;
4463;1681443;1180868608;16494592;1379266560;0;0;0;0;0;0;0;0;0;0;0;2234;0;0;125;0;42;0;
4464;2495340;1180868608;16494592;1379266560;0;0;0;0;0;0;0;0;0;0;0;2335;0;0;125;0;42;0;
4465;1456782;1180868608;16494592;1379266560;0;0;0;0;0;0;0;0;0;0;0;2415;0;0;125;0;42;0;
4466;1607855;1180868608;16494592;1379266560;0;0;0;0;0;0;0;0;0;0;0;2184;0;0;125;0;42;0;
4467;2176241;1180868608;16494592;1379266560;0;0;0;0;0;0;0;0;0;0;0;2154;0;0;125;0;42;0;
4468;2286548;1180868608;16494592;1379266560;0;0;0;0;0;0;0;0;0;0;0;2234;0;0;125;0;42;0;
4469;1301271;1180868608;16494592;1379266560;0;0;0;0;0;0;0;0;0;0;0;2164;0;0;125;0;42;0;
4470;1792712;1180868608;16482304;1379254272;0;0;0;0;0;0;0;0;0;0;0;2124;0;0;125;0;42;0;
4471;1412318;1180868608;16482304;1379254272;0;0;0;0;0;0;0;0;0;0;0;2185;0;0;125;0;42;0;
4472;1566467;1180868608;16482304;1379254272;0;0;0;0;0;0;0;0;0;0;0;2214;0;0;125;0;42;0;
4473;4810231;1180868608;16482304;1379254272;0;0;0;0;0;0;0;0;0;0;0;2454;0;0;125;0;42;0;
4474;2930506;1180868608;16494592;1379266560;0;0;0;0;0;0;0;0;0;0;0;2134;0;0;125;0;42;0;
4475;1751385;1180868608;16494592;1379266560;0;0;0;0;0;0;0;0;0;0;0;2254;0;0;125;0;42;0;
4476;2045286;1180868608;16494592;1379266560;0;0;0;0;0;0;0;0;0;0;0;1593;0;0;125;0;42;0;
4477;1831104;1180868608;16494592;1379266560;0;0;0;0;0;0;0;0;0;0;0;1623;0;0;125;0;42;0;
4478;1322651;1180868608;16494592;1379266560;0;0;0;0;0;0;0;0;0;0;0;1513;0;0;125;0;42;0;
4479;1572669;1180868608;16494592;1379266560;0;0;0;0;0;0;0;0;0;0;0;1663;0;0;125;0;42;0;
4480;1750884;1180868608;16494592;1379266560;0;0;0;0;0;0;0;0;0;0;0;1913;0;0;125;0;42;0;
4481;935585;1180868608;16494592;1379266560;0;0;0;0;0;0;0;0;0;0;0;1453;0;0;125;0;42;0;
4482;1309346;1180868608;16494592;1379266560;0;0;0;0;0;0;0;0;0;0;0;1463;0;0;125;0;42;0;
4483;1634685;1180868608;16494592;1379266560;0;0;0;0;0;0;0;0;0;0;0;1503;0;0;125;0;42;0;
4484;2050957;1180868608;16494592;1379266560;0;0;0;0;0;0;0;0;0;0;0;2164;0;0;125;0;42;0;
4485;1345213;1180868608;16494592;1379266560;0;0;0;0;0;0;0;0;0;0;0;2264;0;0;125;0;42;0;
4486;4498446;1180868608;16494592;1379266560;0;0;0;0;0;0;0;0;0;0;0;1413;0;0;125;0;42;0;
4487;2745038;1180868608;16494592;1379266560;0;0;0;0;0;0;0;0;0;0;0;2154;0;0;125;0;42;0;
4488;1671174;1180868608;16494592;1379266560;0;0;0;0;0;0;0;0;0;0;0;2124;0;0;125;0;42;0;
4489;1626360;1180868608;16494592;1379266560;0;0;0;0;0;0;0;0;0;0;0;2114;0;0;125;0;42;0;
4490;1236078;1180868608;16494592;1379266560;0;0;0;0;0;0;0;0;0;0;0;2064;0;0;125;0;42;0;
4491;1107867;1180868608;16494592;1379266560;0;0;0;0;0;0;0;0;0;0;0;2244;0;0;125;0;42;0;
4492;2465824;1180868608;16494592;1379266560;0;0;0;0;0;0;0;0;0;0;0;2214;0;0;125;0;42;0;
4493;1241769;1180868608;16494592;1379266560;0;0;0;0;0;0;0;0;0;0;0;2174;0;0;125;0;42;0;
4494;1613015;1180868608;16494592;1379266560;0;0;0;0;0;0;0;0;0;0;0;2494;0;0;125;0;42;0;
4495;1724624;1180868608;16482304;1379254272;0;0;0;0;0;0;0;0;0;0;0;2525;0;0;125;0;42;0;
4496;1376031;1180868608;16482304;1379254272;0;0;0;0;0;0;0;0;0;0;0;2164;0;0;125;0;42;0;
4497;1397371;1180868608;16482304;1379254272;0;0;0;0;0;0;0;0;0;0;0;2334;0;0;125;0;42;0;
4498;4879141;1180868608;16482304;1379254272;0;0;0;0;0;0;0;0;0;0;0;2575;0;0;125;0;42;0;
4499;2729209;1180868608;16490496;1379262464;0;0;0;0;0;0;0;0;0;0;0;2164;0;0;125;0;42;0;
4500;1074114;1180868608;16490496;1379262464;0;0;0;0;0;0;0;0;0;0;0;2184;0;0;125;0;42;0;
4501;1647350;1180868608;16490496;1379262464;0;0;0;0;0;0;0;0;0;0;0;2174;0;0;125;0;42;0;
4502;1777674;1180868608;16490496;1379262464;0;0;0;0;0;0;0;0;0;0;0;2134;0;0;125;0;42;0;
4503;1572259;1180868608;16490496;1379262464;0;0;0;0;0;0;0;0;0;0;0;2154;0;0;125;0;42;0;
4504;7618888;1180868608;16490496;1379262464;0;0;0;0;0;0;0;0;0;0;0;2044;0;0;125;0;42;0;
4505;1010054;1180868608;16490496;1379262464;0;0;0;0;0;0;0;0;0;0;0;2485;0;0;125;0;42;0;
4506;1100304;1180868608;16490496;1379262464;0;0;0;0;0;0;0;0;0;0;0;1563;0;0;125;0;42;0;
4507;1534498;1180868608;16490496;1379262464;0;0;0;0;0;0;0;0;0;0;0;1413;0;0;125;0;42;0;
4508;1085817;1180868608;16490496;1379262464;0;0;0;0;0;0;0;0;0;0;0;1493;0;0;125;0;42;0;
4509;1270683;1180868608;16490496;1379262464;0;0;0;0;0;0;0;0;0;0;0;1493;0;0;125;0;42;0;
4510;4409910;1180868608;16490496;1379262464;0;0;0;0;0;0;0;0;0;0;0;1834;0;0;125;0;42;0;
4511;2176532;1180868608;16494592;1379266560;0;0;0;0;0;0;0;0;0;0;0;1653;0;0;125;0;42;0;
4512;1605952;1180868608;16494592;1379266560;0;0;0;0;0;0;0;0;0;0;0;1583;0;0;125;0;42;0;
4513;1207935;1180868608;16494592;1379266560;0;0;0;0;0;0;0;0;0;0;0;1533;0;0;125;0;42;0;
4514;1615490;1180868608;16494592;1379266560;0;0;0;0;0;0;0;0;0;0;0;1402;0;0;125;0;42;0;
4515;1351194;1180868608;16494592;1379266560;0;0;0;0;0;0;0;0;0;0;0;2435;0;0;125;0;42;0;
4516;1325165;1180868608;16494592;1379266560;0;0;0;0;0;0;0;0;0;0;0;2124;0;0;125;0;42;0;
4517;1771752;1180868608;16494592;1379266560;0;0;0;0;0;0;0;0;0;0;0;2474;0;0;125;0;42;0;
4518;1858055;1180868608;16494592;1379266560;0;0;0;0;0;0;0;0;0;0;0;2184;0;0;125;0;42;0;
4519;1409794;1180868608;16494592;1379266560;0;0;0;0;0;0;0;0;0;0;0;2134;0;0;125;0;42;0;
4520;1989962;1180868608;16494592;1379266560;0;0;0;0;0;0;0;0;0;0;0;2023;0;0;125;0;42;0;
4521;1296913;1180868608;16494592;1379266560;0;0;0;0;0;0;0;0;0;0;0;2104;0;0;125;0;42;0;
4522;1278768;1180868608;16494592;1379266560;0;0;0;0;0;0;0;0;0;0;0;2205;0;0;125;0;42;0;
4523;4633961;1180868608;16494592;1379266560;0;0;0;0;0;0;0;0;0;0;0;2355;0;0;125;0;42;0;
4524;2857229;1180868608;16494592;1379266560;0;0;0;0;0;0;0;0;0;0;0;2124;0;0;125;0;42;0;
4525;1360592;1180868608;16494592;1379266560;0;0;0;0;0;0;0;0;0;0;0;1542;0;0;125;0;42;0;
4526;2326984;1180868608;16494592;1379266560;0;0;0;0;0;0;0;0;0;0;0;1644;0;0;125;0;42;0;
4527;2068339;1180868608;16494592;1379266560;0;0;0;0;0;0;0;0;0;0;0;2214;0;0;125;0;42;0;
4528;1822528;1180868608;16494592;1379266560;0;0;0;0;0;0;0;0;0;0;0;2124;0;0;125;0;42;0;
4529;2430779;1180868608;16494592;1379266560;0;0;0;0;0;0;0;0;0;0;0;2164;0;0;125;0;42;0;
4530;1917125;1180868608;16494592;1379266560;0;0;0;0;0;0;0;0;0;0;0;2224;0;0;125;0;42;0;
4531;1167900;1180868608;16494592;1379266560;0;0;0;0;0;0;0;0;0;0;0;2234;0;0;125;0;42;0;
4532;2653246;1180868608;16482304;1379254272;0;0;0;0;0;0;0;0;0;0;0;2114;0;0;125;0;42;0;
4533;1695590;1180868608;16482304;1379254272;0;0;0;0;0;0;0;0;0;0;0;2083;0;0;125;0;42;0;
4534;2414007;1180868608;16482304;1379254272;0;0;0;0;0;0;0;0;0;0;0;2655;0;0;125;0;42;0;
4535;4677743;1180868608;16494592;1379266560;0;0;0;0;0;0;0;0;0;0;0;2334;0;0;125;0;42;0;
4536;2764124;1180868608;16498688;1379270656;0;0;0;0;0;0;0;0;0;0;0;2184;0;0;125;0;42;0;
4537;1952462;1180868608;16498688;1379270656;0;0;0;0;0;0;0;0;0;0;0;2414;0;0;125;0;42;0;
4538;2258956;1180868608;16498688;1379270656;0;0;0;0;0;0;0;0;0;0;0;2214;0;0;125;0;42;0;
4539;1143064;1180868608;16498688;1379270656;0;0;0;0;0;0;0;0;0;0;0;2264;0;0;125;0;42;0;
4540;1862102;1180868608;16498688;1379270656;0;0;0;0;0;0;0;0;0;0;0;2355;0;0;125;0;42;0;
4541;2469551;1180868608;16498688;1379270656;0;0;0;0;0;0;0;0;0;0;0;2235;0;0;125;0;42;0;
4542;1961047;1180868608;16498688;1379270656;0;0;0;0;0;0;0;0;0;0;0;2154;0;0;125;0;42;0;
4543;2561274;1180868608;16498688;1379270656;0;0;0;0;0;0;0;0;0;0;0;2204;0;0;125;0;42;0;
4544;2363652;1180868608;16498688;1379270656;0;0;0;0;0;0;0;0;0;0;0;2314;0;0;125;0;42;0;
4545;2082927;1180868608;16498688;1379270656;0;0;0;0;0;0;0;0;0;0;0;2265;0;0;125;0;42;0;
4546;1634145;1180868608;16498688;1379270656;0;0;0;0;0;0;0;0;0;0;0;2144;0;0;125;0;42;0;
4547;5222615;1180868608;16498688;1379270656;0;0;0;0;0;0;0;0;0;0;0;2735;0;0;125;0;42;0;
4548;3534198;1180868608;16498688;1379270656;0;0;0;0;0;0;0;0;0;0;0;2364;0;0;125;0;42;0;
4549;2385274;1180868608;16498688;1379270656;0;0;0;0;0;0;0;0;0;0;0;2164;0;0;125;0;42;0;
4550;1857364;1180868608;16498688;1379270656;0;0;0;0;0;0;0;0;0;0;0;2144;0;0;125;0;42;0;
4551;1856522;1180868608;16498688;1379270656;0;0;0;0;0;0;0;0;0;0;0;2174;0;0;125;0;42;0;
4552;2660630;1180868608;16498688;1379270656;0;0;0;0;0;0;0;0;0;0;0;2245;0;0;125;0;42;0;
4553;2497594;1180868608;16498688;1379270656;0;0;0;0;0;0;0;0;0;0;0;2395;0;0;125;0;42;0;
4554;1749351;1180868608;16498688;1379270656;0;0;0;0;0;0;0;0;0;0;0;2494;0;0;125;0;42;0;
4555;1640226;1180868608;16498688;1379270656;0;0;0;0;0;0;0;0;0;0;0;2404;0;0;125;0;42;0;
4556;1844699;1180876800;16490496;1379262464;0;0;0;0;0;0;0;0;0;0;0;2134;0;0;125;0;42;0;
4557;1520170;1180876800;16490496;1379262464;0;0;0;0;0;0;0;0;0;0;0;1754;0;0;125;0;42;0;
4558;1136442;1180876800;16490496;1379262464;0;0;0;0;0;0;0;0;0;0;0;1613;0;0;125;0;42;0;
4559;4913044;1180876800;16490496;1379262464;0;0;0;0;0;0;0;0;0;0;0;2014;0;0;125;0;42;0;
4560;2898015;1180876800;16490496;1379262464;0;0;0;0;0;0;0;0;0;0;0;2174;0;0;125;0;42;0;
4561;1349211;1180876800;16490496;1379262464;0;0;0;0;0;0;0;0;0;0;0;2164;0;0;125;0;42;0;
4562;1947362;1180876800;16490496;1379262464;0;0;0;0;0;0;0;0;0;0;0;2374;0;0;125;0;42;0;
4563;2164950;1180876800;16490496;1379262464;0;0;0;0;0;0;0;0;0;0;0;2154;0;0;125;0;42;0;
4564;2002395;1180876800;16490496;1379262464;0;0;0;0;0;0;0;0;0;0;0;2174;0;0;125;0;42;0;
4565;2213370;1180876800;16490496;1379262464;0;0;0;0;0;0;0;0;0;0;0;2114;0;0;125;0;42;0;
4566;1481348;1180876800;16490496;1379262464;0;0;0;0;0;0;0;0;0;0;0;2435;0;0;125;0;42;0;
4567;2287059;1180876800;16490496;1379262464;0;0;0;0;0;0;0;0;0;0;0;2194;0;0;125;0;42;0;
4568;2645721;1180876800;16490496;1379262464;0;0;0;0;0;0;0;0;0;0;0;2224;0;0;125;0;42;0;
4569;1952662;1180876800;16490496;1379262464;0;0;0;0;0;0;0;0;0;0;0;2294;0;0;125;0;42;0;
4570;1892519;1180876800;16490496;1379262464;0;0;0;0;0;0;0;0;0;0;0;2195;0;0;125;0;42;0;
4571;4678044;1180876800;16490496;1379262464;0;0;0;0;0;0;0;0;0;0;0;2735;0;0;125;0;42;0;
4572;2801774;1180876800;16494592;1379266560;0;0;0;0;0;0;0;0;0;0;0;2194;0;0;125;0;42;0;
4573;1680541;1180876800;16494592;1379266560;0;0;0;0;0;0;0;0;0;0;0;2485;0;0;125;0;42;0;
4574;2488046;1180876800;16494592;1379266560;0;0;0;0;0;0;0;0;0;0;0;2315;0;0;125;0;42;0;
4575;2691418;1180876800;16494592;1379266560;0;0;0;0;0;0;0;0;0;0;0;2174;0;0;125;0;42;0;
4576;1668550;1180876800;16494592;1379266560;0;0;0;0;0;0;0;0;0;0;0;2545;0;0;125;0;42;0;
4577;1441002;1180876800;16494592;1379266560;0;0;0;0;0;0;0;0;0;0;0;2214;0;0;125;0;42;0;
4578;2144962;1180876800;16494592;1379266560;0;0;0;0;0;0;0;0;0;0;0;2204;0;0;125;0;42;0;
4579;1518478;1180876800;16494592;1379266560;0;0;0;0;0;0;0;0;0;0;0;2114;0;0;125;0;42;0;
4580;1661076;1180876800;16494592;1379266560;0;0;0;0;0;0;0;0;0;0;0;2074;0;0;125;0;42;0;
4581;1962530;1180876800;16494592;1379266560;0;0;0;0;0;0;0;0;0;0;0;2124;0;0;125;0;42;0;
4582;1733401;1180876800;16494592;1379266560;0;0;0;0;0;0;0;0;0;0;0;2154;0;0;125;0;42;0;
4583;1570224;1180876800;16494592;1379266560;0;0;0;0;0;0;0;0;0;0;0;2484;0;0;125;0;42;0;
4584;4909727;1180876800;16494592;1379266560;0;0;0;0;0;0;0;0;0;0;0;2454;0;0;125;0;42;0;
4585;2748415;1180876800;16494592;1379266560;0;0;0;0;0;0;0;0;0;0;0;2215;0;0;125;0;42;0;
4586;2963047;1180876800;16494592;1379266560;0;0;0;0;0;0;0;0;0;0;0;9939;0;0;125;0;42;0;
4587;2309912;1180876800;16494592;1379266560;0;0;0;0;0;0;0;0;0;0;0;4829;0;0;125;0;42;0;
4588;2595898;1180876800;16494592;1379266560;0;0;0;0;0;0;0;0;0;0;0;3126;0;0;125;0;42;0;
4589;3135481;1180876800;16494592;1379266560;0;0;0;0;0;0;0;0;0;0;0;4648;0;0;125;0;42;0;
4590;2493376;1180876800;16494592;1379266560;0;0;0;0;0;0;0;0;0;0;0;2865;0;0;125;0;42;0;
4591;3016607;1180876800;16494592;1379266560;0;0;0;0;0;0;0;0;0;0;0;2735;0;0;125;0;42;0;
4592;2096682;1180876800;16494592;1379266560;0;0;0;0;0;0;0;0;0;0;0;2655;0;0;125;0;42;0;
4593;1856472;1180876800;16494592;1379266560;0;0;0;0;0;0;0;0;0;0;0;2375;0;0;125;0;42;0;
4594;1830653;1180872704;16486400;1379258368;0;0;0;0;0;0;0;0;0;0;0;2364;0;0;125;0;42;0;
4595;1820143;1180872704;16486400;1379258368;0;0;0;0;0;0;0;0;0;0;0;2554;0;0;125;0;42;0;
4596;1609438;1180872704;16486400;1379258368;0;0;0;0;0;0;0;0;0;0;0;2375;0;0;125;0;42;0;
4597;5005818;1180872704;16486400;1379258368;0;0;0;0;0;0;0;0;0;0;0;3116;0;0;125;0;42;0;
4598;3438689;1180872704;16486400;1379258368;0;0;0;0;0;0;0;0;0;0;0;3666;0;0;125;0;42;0;
4599;2052950;1180872704;16486400;1379258368;0;0;0;0;0;0;0;0;0;0;0;2425;0;0;125;0;42;0;
4600;2530275;1180872704;16486400;1379258368;0;0;0;0;0;0;0;0;0;0;0;2414;0;0;125;0;42;0;
4601;1265904;1180872704;16486400;1379258368;0;0;0;0;0;0;0;0;0;0;0;2245;0;0;125;0;42;0;
4602;1411838;1180872704;16486400;1379258368;0;0;0;0;0;0;0;0;0;0;0;2435;0;0;125;0;42;0;
4603;1854689;1180872704;16486400;1379258368;0;0;0;0;0;0;0;0;0;0;0;2304;0;0;125;0;42;0;
4604;1562761;1180872704;16486400;1379258368;0;0;0;0;0;0;0;0;0;0;0;2214;0;0;125;0;42;0;
4605;1343970;1180872704;16486400;1379258368;0;0;0;0;0;0;0;0;0;0;0;2184;0;0;125;0;42;0;
4606;1847344;1180868608;16482304;1379254272;0;0;0;0;0;0;0;0;0;0;0;2275;0;0;125;0;42;0;
4607;1155056;1180868608;16482304;1379254272;0;0;0;0;0;0;0;0;0;0;0;2245;0;0;125;0;42;0;
4608;1591885;1180868608;16482304;1379254272;0;0;0;0;0;0;0;0;0;0;0;2325;0;0;125;0;42;0;
4609;4723027;1180868608;16482304;1379254272;0;0;0;0;0;0;0;0;0;0;0;2565;0;0;125;0;42;0;
4610;3704889;1180868608;16490496;1379262464;0;0;0;0;0;0;0;0;0;0;0;2815;0;0;125;0;42;0;
4611;1365661;1180868608;16490496;1379262464;0;0;0;0;0;0;0;0;0;0;0;2474;0;0;125;0;42;0;
4612;2054473;1180868608;16490496;1379262464;0;0;0;0;0;0;0;0;0;0;0;2134;0;0;125;0;42;0;
4613;1448587;1180868608;16490496;1379262464;0;0;0;0;0;0;0;0;0;0;0;2244;0;0;125;0;42;0;
4614;1273589;1180868608;16490496;1379262464;0;0;0;0;0;0;0;0;0;0;0;2054;0;0;125;0;42;0;
4615;1989872;1180868608;16490496;1379262464;0;0;0;0;0;0;0;0;0;0;0;2044;0;0;125;0;42;0;
4616;1339111;1180868608;16490496;1379262464;0;0;0;0;0;0;0;0;0;0;0;2044;0;0;125;0;42;0;
4617;1340895;1180868608;16490496;1379262464;0;0;0;0;0;0;0;0;0;0;0;2384;0;0;125;0;42;0;
4618;1503800;1180868608;16490496;1379262464;0;0;0;0;0;0;0;0;0;0;0;1784;0;0;125;0;42;0;
4619;1362725;1180868608;16490496;1379262464;0;0;0;0;0;0;0;0;0;0;0;1883;0;0;125;0;42;0;
4620;1083712;1180868608;16490496;1379262464;0;0;0;0;0;0;0;0;0;0;0;1863;0;0;125;0;42;0;
4621;5736799;1180868608;16490496;1379262464;0;0;0;0;0;0;0;0;0;0;0;2605;0;0;125;0;42;0;
4622;3903551;1180868608;16494592;1379266560;0;0;0;0;0;0;0;0;0;0;0;2365;0;0;125;0;42;0;
4623;1986536;1180868608;16494592;1379266560;0;0;0;0;0;0;0;0;0;0;0;2294;0;0;125;0;42;0;
4624;1666626;1180868608;16494592;1379266560;0;0;0;0;0;0;0;0;0;0;0;2395;0;0;125;0;42;0;
4625;1974292;1180868608;16494592;1379266560;0;0;0;0;0;0;0;0;0;0;0;2424;0;0;125;0;42;0;
4626;2220134;1180868608;16494592;1379266560;0;0;0;0;0;0;0;0;0;0;0;2364;0;0;125;0;42;0;
4627;1845882;1180868608;16494592;1379266560;0;0;0;0;0;0;0;0;0;0;0;2475;0;0;125;0;42;0;
4628;1720176;1180868608;16494592;1379266560;0;0;0;0;0;0;0;0;0;0;0;2545;0;0;125;0;42;0;
4629;1718874;1180868608;16494592;1379266560;0;0;0;0;0;0;0;0;0;0;0;2385;0;0;125;0;42;0;
4630;1781882;1180868608;16494592;1379266560;0;0;0;0;0;0;0;0;0;0;0;2525;0;0;125;0;42;0;
4631;2765386;1180868608;16494592;1379266560;0;0;0;0;0;0;0;0;0;0;0;2214;0;0;125;0;42;0;
4632;1955748;1180868608;16494592;1379266560;0;0;0;0;0;0;0;0;0;0;0;2494;0;0;125;0;42;0;
4633;1592857;1180868608;16494592;1379266560;0;0;0;0;0;0;0;0;0;0;0;2264;0;0;125;0;42;0;
4634;5721399;1180868608;16494592;1379266560;0;0;0;0;0;0;0;0;0;0;0;2595;0;0;125;0;42;0;
4635;3349742;1180868608;16494592;1379266560;0;0;0;0;0;0;0;0;0;0;0;2304;0;0;125;0;42;0;
4636;1417428;1180868608;16494592;1379266560;0;0;0;0;0;0;0;0;0;0;0;2194;0;0;125;0;42;0;
4637;2004659;1180868608;16494592;1379266560;0;0;0;0;0;0;0;0;0;0;0;2365;0;0;125;0;42;0;
4638;2391265;1180868608;16494592;1379266560;0;0;0;0;0;0;0;0;0;0;0;2405;0;0;125;0;42;0;
4639;2314962;1180868608;16494592;1379266560;0;0;0;0;0;0;0;0;0;0;0;2415;0;0;125;0;42;0;
4640;1853727;1180868608;16494592;1379266560;0;0;0;0;0;0;0;0;0;0;0;2394;0;0;125;0;42;0;
4641;2449704;1180868608;16494592;1379266560;0;0;0;0;0;0;0;0;0;0;0;2235;0;0;125;0;42;0;
4642;2422944;1180868608;16494592;1379266560;0;0;0;0;0;0;0;0;0;0;0;2735;0;0;125;0;42;0;
4643;2200227;1180868608;16494592;1379266560;0;0;0;0;0;0;0;0;0;0;0;2414;0;0;125;0;42;0;
4644;2951655;1180872704;16486400;1379258368;0;0;0;0;0;0;0;0;0;0;0;2184;0;0;125;0;42;0;
4645;1320416;1180872704;16486400;1379258368;0;0;0;0;0;0;0;0;0;0;0;2785;0;0;125;0;42;0;
4646;1471830;1180872704;16486400;1379258368;0;0;0;0;0;0;0;0;0;0;0;2234;0;0;125;0;42;0;
4647;5663842;1180872704;16486400;1379258368;0;0;0;0;0;0;0;0;0;0;0;2134;0;0;125;0;42;0;
4648;2770296;1180872704;16486400;1379258368;0;0;0;0;0;0;0;0;0;0;0;1793;0;0;125;0;42;0;
4649;1905564;1180872704;16486400;1379258368;0;0;0;0;0;0;0;0;0;0;0;2345;0;0;125;0;42;0;
4650;1924138;1180872704;16486400;1379258368;0;0;0;0;0;0;0;0;0;0;0;2264;0;0;125;0;42;0;
4651;2360667;1180872704;16486400;1379258368;0;0;0;0;0;0;0;0;0;0;0;2234;0;0;125;0;42;0;
4652;2546696;1180872704;16486400;1379258368;0;0;0;0;0;0;0;0;0;0;0;2234;0;0;125;0;42;0;
4653;1251096;1180872704;16486400;1379258368;0;0;0;0;0;0;0;0;0;0;0;2245;0;0;125;0;42;0;
4654;2101622;1180872704;16486400;1379258368;0;0;0;0;0;0;0;0;0;0;0;2204;0;0;125;0;42;0;
4655;1722791;1180872704;16486400;1379258368;0;0;0;0;0;0;0;0;0;0;0;2244;0;0;125;0;42;0;
4656;1569844;1180872704;16486400;1379258368;0;0;0;0;0;0;0;0;0;0;0;2274;0;0;125;0;42;0;
4657;2515858;1180872704;16486400;1379258368;0;0;0;0;0;0;0;0;0;0;0;2254;0;0;125;0;42;0;
4658;1806498;1180872704;16486400;1379258368;0;0;0;0;0;0;0;0;0;0;0;2144;0;0;125;0;42;0;
4659;1584702;1180872704;16486400;1379258368;0;0;0;0;0;0;0;0;0;0;0;2174;0;0;125;0;42;0;
4660;4860074;1180872704;16486400;1379258368;0;0;0;0;0;0;0;0;0;0;0;2394;0;0;125;0;42;0;
4661;3134709;1180872704;16486400;1379258368;0;0;0;0;0;0;0;0;0;0;0;2344;0;0;125;0;42;0;
4662;2042230;1180872704;16486400;1379258368;0;0;0;0;0;0;0;0;0;0;0;2234;0;0;125;0;42;0;
4663;2475062;1180872704;16486400;1379258368;0;0;0;0;0;0;0;0;0;0;0;2354;0;0;125;0;42;0;
4664;2300104;1180872704;16486400;1379258368;0;0;0;0;0;0;0;0;0;0;0;2494;0;0;125;0;42;0;
4665;1417198;1180872704;16486400;1379258368;0;0;0;0;0;0;0;0;0;0;0;2255;0;0;125;0;42;0;
4666;1752456;1180872704;16486400;1379258368;0;0;0;0;0;0;0;0;0;0;0;2184;0;0;125;0;42;0;
4667;2056857;1180872704;16486400;1379258368;0;0;0;0;0;0;0;0;0;0;0;2194;0;0;125;0;42;0;
4668;1725175;1180872704;16486400;1379258368;0;0;0;0;0;0;0;0;0;0;0;2264;0;0;125;0;42;0;
4669;2256482;1180868608;16482304;1379254272;0;0;0;0;0;0;0;0;0;0;0;2195;0;0;125;0;42;0;
4670;1623966;1180868608;16482304;1379254272;0;0;0;0;0;0;0;0;0;0;0;2194;0;0;125;0;42;0;
4671;1301691;1180868608;16482304;1379254272;0;0;0;0;0;0;0;0;0;0;0;2164;0;0;125;0;42;0;
4672;4769705;1180868608;16482304;1379254272;0;0;0;0;0;0;0;0;0;0;0;2154;0;0;125;0;42;0;
4673;2997441;1180868608;16490496;1379262464;0;0;0;0;0;0;0;0;0;0;0;1834;0;0;125;0;42;0;
4674;1674821;1180868608;16490496;1379262464;0;0;0;0;0;0;0;0;0;0;0;1924;0;0;125;0;42;0;
4675;1930300;1180868608;16490496;1379262464;0;0;0;0;0;0;0;0;0;0;0;2194;0;0;125;0;42;0;
4676;1934227;1180868608;16490496;1379262464;0;0;0;0;0;0;0;0;0;0;0;2295;0;0;125;0;42;0;
4677;1683036;1180868608;16490496;1379262464;0;0;0;0;0;0;0;0;0;0;0;2214;0;0;125;0;42;0;
4678;1827076;1180868608;16490496;1379262464;0;0;0;0;0;0;0;0;0;0;0;2685;0;0;125;0;42;0;
4679;1912146;1180868608;16490496;1379262464;0;0;0;0;0;0;0;0;0;0;0;2324;0;0;125;0;42;0;
4680;1707513;1180868608;16490496;1379262464;0;0;0;0;0;0;0;0;0;0;0;2244;0;0;125;0;42;0;
4681;2190649;1180868608;16490496;1379262464;0;0;0;0;0;0;0;0;0;0;0;2114;0;0;125;0;42;0;
4682;2010982;1180868608;16490496;1379262464;0;0;0;0;0;0;0;0;0;0;0;1793;0;0;125;0;42;0;
4683;1304767;1180868608;16490496;1379262464;0;0;0;0;0;0;0;0;0;0;0;1804;0;0;125;0;42;0;
4684;4736012;1180868608;16490496;1379262464;0;0;0;0;0;0;0;0;0;0;0;2013;0;0;125;0;42;0;
4685;3109101;1180868608;16494592;1379266560;0;0;0;0;0;0;0;0;0;0;0;2014;0;0;125;0;42;0;
4686;1645146;1180868608;16494592;1379266560;0;0;0;0;0;0;0;0;0;0;0;2435;0;0;125;0;42;0;
4687;2407405;1180868608;16494592;1379266560;0;0;0;0;0;0;0;0;0;0;0;2305;0;0;125;0;42;0;
4688;2696426;1180868608;16494592;1379266560;0;0;0;0;0;0;0;0;0;0;0;2424;0;0;125;0;42;0;
4689;2013766;1180868608;16494592;1379266560;0;0;0;0;0;0;0;0;0;0;0;2294;0;0;125;0;42;0;
4690;1848286;1180868608;16494592;1379266560;0;0;0;0;0;0;0;0;0;0;0;2184;0;0;125;0;42;0;
4691;2372039;1180868608;16494592;1379266560;0;0;0;0;0;0;0;0;0;0;0;2214;0;0;125;0;42;0;
4692;1653981;1180868608;16494592;1379266560;0;0;0;0;0;0;0;0;0;0;0;2214;0;0;125;0;42;0;
4693;1445962;1180868608;16494592;1379266560;0;0;0;0;0;0;0;0;0;0;0;2264;0;0;125;0;42;0;
4694;3177689;1180868608;16494592;1379266560;0;0;0;0;0;0;0;0;0;0;0;2444;0;0;125;0;42;0;
4695;1654994;1180868608;16494592;1379266560;0;0;0;0;0;0;0;0;0;0;0;2234;0;0;125;0;42;0;
4696;1447053;1180868608;16494592;1379266560;0;0;0;0;0;0;0;0;0;0;0;2204;0;0;125;0;42;0;
4697;5082752;1180868608;16494592;1379266560;0;0;0;0;0;0;0;0;0;0;0;2504;0;0;125;0;42;0;
4698;3016397;1180868608;16494592;1379266560;0;0;0;0;0;0;0;0;0;0;0;2254;0;0;125;0;42;0;
4699;1598588;1180868608;16494592;1379266560;0;0;0;0;0;0;0;0;0;0;0;2284;0;0;125;0;42;0;
4700;1761333;1180868608;16494592;1379266560;0;0;0;0;0;0;0;0;0;0;0;2294;0;0;125;0;42;0;
4701;2181982;1180868608;16494592;1379266560;0;0;0;0;0;0;0;0;0;0;0;2324;0;0;125;0;42;0;
4702;2245261;1180868608;16494592;1379266560;0;0;0;0;0;0;0;0;0;0;0;2064;0;0;125;0;42;0;
4703;1599550;1180868608;16494592;1379266560;0;0;0;0;0;0;0;0;0;0;0;1933;0;0;125;0;42;0;
4704;2074149;1180868608;16494592;1379266560;0;0;0;0;0;0;0;0;0;0;0;1793;0;0;125;0;42;0;
4705;1546510;1180868608;16494592;1379266560;0;0;0;0;0;0;0;0;0;0;0;2245;0;0;125;0;42;0;
4706;1426916;1180868608;16494592;1379266560;0;0;0;0;0;0;0;0;0;0;0;2254;0;0;125;0;42;0;
4707;1910874;1180872704;16486400;1379258368;0;0;0;0;0;0;0;0;0;0;0;2264;0;0;125;0;42;0;
4708;1680722;1180872704;16486400;1379258368;0;0;0;0;0;0;0;0;0;0;0;2425;0;0;125;0;42;0;
4709;1760021;1180872704;16486400;1379258368;0;0;0;0;0;0;0;0;0;0;0;2244;0;0;125;0;42;0;
4710;4831201;1180872704;16486400;1379258368;0;0;0;0;0;0;0;0;0;0;0;1983;0;0;125;0;42;0;
4711;2987402;1180872704;16486400;1379258368;0;0;0;0;0;0;0;0;0;0;0;1823;0;0;125;0;42;0;
4712;2262684;1180872704;16486400;1379258368;0;0;0;0;0;0;0;0;0;0;0;2485;0;0;125;0;42;0;
4713;1674120;1180872704;16486400;1379258368;0;0;0;0;0;0;0;0;0;0;0;2235;0;0;125;0;42;0;
4714;1701441;1180872704;16486400;1379258368;0;0;0;0;0;0;0;0;0;0;0;2565;0;0;125;0;42;0;
4715;2090761;1180872704;16486400;1379258368;0;0;0;0;0;0;0;0;0;0;0;2534;0;0;125;0;42;0;
4716;1559815;1180872704;16486400;1379258368;0;0;0;0;0;0;0;0;0;0;0;2344;0;0;125;0;42;0;
4717;1385368;1180872704;16486400;1379258368;0;0;0;0;0;0;0;0;0;0;0;2625;0;0;125;0;42;0;
4718;1992727;1180868608;16482304;1379254272;0;0;0;0;0;0;0;0;0;0;0;2194;0;0;125;0;42;0;
4719;1763868;1180868608;16482304;1379254272;0;0;0;0;0;0;0;0;0;0;0;2194;0;0;125;0;42;0;
4720;1710628;1180868608;16482304;1379254272;0;0;0;0;0;0;0;0;0;0;0;2515;0;0;125;0;42;0;
4721;5072152;1180868608;16482304;1379254272;0;0;0;0;0;0;0;0;0;0;0;2996;0;0;125;0;42;0;
4722;3732159;1180868608;16490496;1379262464;0;0;0;0;0;0;0;0;0;0;0;2825;0;0;125;0;42;0;
4723;2795703;1180868608;16490496;1379262464;0;0;0;0;0;0;0;0;0;0;0;1793;0;0;125;0;42;0;
4724;1526373;1180868608;16490496;1379262464;0;0;0;0;0;0;0;0;0;0;0;1803;0;0;125;0;42;0;
4725;1392571;1180868608;16490496;1379262464;0;0;0;0;0;0;0;0;0;0;0;1713;0;0;125;0;42;0;
4726;1701410;1180868608;16490496;1379262464;0;0;0;0;0;0;0;0;0;0;0;1803;0;0;125;0;42;0;
4727;1628674;1180868608;16490496;1379262464;0;0;0;0;0;0;0;0;0;0;0;1813;0;0;125;0;42;0;
4728;1620710;1180868608;16490496;1379262464;0;0;0;0;0;0;0;0;0;0;0;1743;0;0;125;0;42;0;
4729;1564885;1180868608;16490496;1379262464;0;0;0;0;0;0;0;0;0;0;0;1763;0;0;125;0;42;0;
4730;1050169;1180868608;16490496;1379262464;0;0;0;0;0;0;0;0;0;0;0;2044;0;0;125;0;42;0;
4731;1064727;1180868608;16490496;1379262464;0;0;0;0;0;0;0;0;0;0;0;1764;0;0;125;0;42;0;
4732;4813808;1180868608;16490496;1379262464;0;0;0;0;0;0;0;0;0;0;0;2375;0;0;125;0;42;0;
4733;2818997;1180868608;16494592;1379266560;0;0;0;0;0;0;0;0;0;0;0;1803;0;0;125;0;42;0;
4734;1419472;1180868608;16494592;1379266560;0;0;0;0;0;0;0;0;0;0;0;1723;0;0;125;0;42;0;
4735;1823019;1180868608;16494592;1379266560;0;0;0;0;0;0;0;0;0;0;0;1954;0;0;125;0;42;0;
4736;2007605;1180868608;16494592;1379266560;0;0;0;0;0;0;0;0;0;0;0;1803;0;0;125;0;42;0;
4737;1750753;1180868608;16494592;1379266560;0;0;0;0;0;0;0;0;0;0;0;1904;0;0;125;0;42;0;
4738;1748189;1180868608;16494592;1379266560;0;0;0;0;0;0;0;0;0;0;0;1923;0;0;125;0;42;0;
4739;2510579;1180868608;16494592;1379266560;0;0;0;0;0;0;0;0;0;0;0;1844;0;0;125;0;42;0;
4740;1862383;1180868608;16494592;1379266560;0;0;0;0;0;0;0;0;0;0;0;2104;0;0;125;0;42;0;
4741;1458385;1180868608;16494592;1379266560;0;0;0;0;0;0;0;0;0;0;0;2435;0;0;125;0;42;0;
4742;2177053;1180868608;16494592;1379266560;0;0;0;0;0;0;0;0;0;0;0;2394;0;0;125;0;42;0;
4743;1316669;1180868608;16494592;1379266560;0;0;0;0;0;0;0;0;0;0;0;2234;0;0;125;0;42;0;
4744;1403482;1180868608;16494592;1379266560;0;0;0;0;0;0;0;0;0;0;0;2134;0;0;125;0;42;0;
4745;4964129;1180868608;16494592;1379266560;0;0;0;0;0;0;0;0;0;0;0;2755;0;0;125;0;42;0;
4746;3756414;1180868608;16494592;1379266560;0;0;0;0;0;0;0;0;0;0;0;2234;0;0;125;0;42;0;
4747;2115898;1180868608;16494592;1379266560;0;0;0;0;0;0;0;0;0;0;0;2205;0;0;125;0;42;0;
4748;1409263;1180868608;16494592;1379266560;0;0;0;0;0;0;0;0;0;0;0;1863;0;0;125;0;42;0;
4749;1340153;1180868608;16494592;1379266560;0;0;0;0;0;0;0;0;0;0;0;2004;0;0;125;0;42;0;
4750;2082956;1180868608;16494592;1379266560;0;0;0;0;0;0;0;0;0;0;0;1854;0;0;125;0;42;0;
4751;1305759;1180868608;16494592;1379266560;0;0;0;0;0;0;0;0;0;0;0;2004;0;0;125;0;42;0;
4752;1237160;1180868608;16494592;1379266560;0;0;0;0;0;0;0;0;0;0;0;1984;0;0;125;0;42;0;
4753;1879594;1180868608;16482304;1379254272;0;0;0;0;0;0;0;0;0;0;0;1723;0;0;125;0;42;0;
4754;1381671;1180868608;16482304;1379254272;0;0;0;0;0;0;0;0;0;0;0;1853;0;0;125;0;42;0;
4755;1309165;1180868608;16482304;1379254272;0;0;0;0;0;0;0;0;0;0;0;1944;0;0;125;0;42;0;
4756;5744683;1180868608;16482304;1379254272;0;0;0;0;0;0;0;0;0;0;0;2605;0;0;125;0;42;0;
4757;3311471;1180868608;16502784;1379274752;0;0;0;0;0;0;0;0;0;0;0;2385;0;0;125;0;42;0;
4758;1646218;1180868608;16502784;1379274752;0;0;0;0;0;0;0;0;0;0;0;2134;0;0;125;0;42;0;
4759;1397751;1180868608;16502784;1379274752;0;0;0;0;0;0;0;0;0;0;0;2063;0;0;125;0;42;0;
4760;2609313;1180868608;16502784;1379274752;0;0;0;0;0;0;0;0;0;0;0;2204;0;0;125;0;42;0;
4761;2278053;1180868608;16502784;1379274752;0;0;0;0;0;0;0;0;0;0;0;2224;0;0;125;0;42;0;
4762;2136837;1180868608;16502784;1379274752;0;0;0;0;0;0;0;0;0;0;0;2214;0;0;125;0;42;0;
4763;1853216;1180868608;16502784;1379274752;0;0;0;0;0;0;0;0;0;0;0;2475;0;0;125;0;42;0;
4764;2148209;1180868608;16502784;1379274752;0;0;0;0;0;0;0;0;0;0;0;2184;0;0;125;0;42;0;
4765;2160141;1180868608;16502784;1379274752;0;0;0;0;0;0;0;0;0;0;0;2164;0;0;125;0;42;0;
4766;2704642;1180868608;16502784;1379274752;0;0;0;0;0;0;0;0;0;0;0;2084;0;0;125;0;42;0;
4767;2047730;1180868608;16502784;1379274752;0;0;0;0;0;0;0;0;0;0;0;1954;0;0;125;0;42;0;
4768;1676925;1180868608;16502784;1379274752;0;0;0;0;0;0;0;0;0;0;0;2044;0;0;125;0;42;0;
4769;4989837;1180868608;16502784;1379274752;0;0;0;0;0;0;0;0;0;0;0;2815;0;0;125;0;42;0;
4770;3272678;1180868608;16502784;1379274752;0;0;0;0;0;0;0;0;0;0;0;2354;0;0;125;0;42;0;
4771;1999220;1180868608;16502784;1379274752;0;0;0;0;0;0;0;0;0;0;0;2014;0;0;125;0;42;0;
4772;1591555;1180868608;16502784;1379274752;0;0;0;0;0;0;0;0;0;0;0;1853;0;0;125;0;42;0;
4773;1975855;1180868608;16502784;1379274752;0;0;0;0;0;0;0;0;0;0;0;1803;0;0;125;0;42;0;
4774;1496887;1180868608;16502784;1379274752;0;0;0;0;0;0;0;0;0;0;0;1914;0;0;125;0;42;0;
4775;2395533;1180868608;16502784;1379274752;0;0;0;0;0;0;0;0;0;0;0;1764;0;0;125;0;42;0;
4776;1438056;1180868608;16502784;1379274752;0;0;0;0;0;0;0;0;0;0;0;1964;0;0;125;0;42;0;
4777;1665774;1180868608;16502784;1379274752;0;0;0;0;0;0;0;0;0;0;0;1984;0;0;125;0;42;0;
4778;1860178;1180872704;16486400;1379258368;0;0;0;0;0;0;0;0;0;0;0;1813;0;0;125;0;42;0;
4779;1228023;1180872704;16486400;1379258368;0;0;0;0;0;0;0;0;0;0;0;1904;0;0;125;0;42;0;
4780;2511430;1180872704;16486400;1379258368;0;0;0;0;0;0;0;0;0;0;0;1804;0;0;125;0;42;0;
4781;6146487;1180872704;16486400;1379258368;0;0;0;0;0;0;0;0;0;0;0;3276;0;0;125;0;42;0;
4782;3449209;1180872704;16486400;1379258368;0;0;0;0;0;0;0;0;0;0;0;2555;0;0;125;0;42;0;
4783;2264937;1180872704;16486400;1379258368;0;0;0;0;0;0;0;0;0;0;0;2765;0;0;125;0;42;0;
4784;1791771;1180872704;16486400;1379258368;0;0;0;0;0;0;0;0;0;0;0;2114;0;0;125;0;42;0;
4785;1977759;1180872704;16486400;1379258368;0;0;0;0;0;0;0;0;0;0;0;2044;0;0;125;0;42;0;
4786;2082755;1180872704;16486400;1379258368;0;0;0;0;0;0;0;0;0;0;0;2214;0;0;125;0;42;0;
4787;1877582;1180872704;16486400;1379258368;0;0;0;0;0;0;0;0;0;0;0;2054;0;0;125;0;42;0;
4788;2261932;1180872704;16486400;1379258368;0;0;0;0;0;0;0;0;0;0;0;2334;0;0;125;0;42;0;
4789;1606693;1180872704;16486400;1379258368;0;0;0;0;0;0;0;0;0;0;0;2154;0;0;125;0;42;0;
4790;3522195;1180860416;16474112;1379246080;0;0;0;0;0;0;0;0;0;0;0;2364;0;0;125;0;42;0;
4791;1827898;1180860416;16474112;1379246080;0;0;0;0;0;0;0;0;0;0;0;2455;0;0;125;0;42;0;
4792;1842055;1180860416;16474112;1379246080;0;0;0;0;0;0;0;0;0;0;0;2164;0;0;125;0;42;0;
4793;5267017;1180860416;16474112;1379246080;0;0;0;0;0;0;0;0;0;0;0;2936;0;0;125;0;42;0;
4794;3284870;1180860416;16482304;1379254272;0;0;0;0;0;0;0;0;0;0;0;2655;0;0;125;0;42;0;
4795;2843813;1180860416;16482304;1379254272;0;0;0;0;0;0;0;0;0;0;0;2475;0;0;125;0;42;0;
4796;2965161;1180860416;16482304;1379254272;0;0;0;0;0;0;0;0;0;0;0;2244;0;0;125;0;42;0;
4797;2287330;1180860416;16482304;1379254272;0;0;0;0;0;0;0;0;0;0;0;2284;0;0;125;0;42;0;
4798;2008207;1180860416;16482304;1379254272;0;0;0;0;0;0;0;0;0;0;0;2365;0;0;125;0;42;0;
4799;2553108;1180860416;16482304;1379254272;0;0;0;0;0;0;0;0;0;0;0;1874;0;0;125;0;42;0;
4800;2361980;1180860416;16482304;1379254272;0;0;0;0;0;0;0;0;0;0;0;2585;0;0;125;0;42;0;
4801;2079981;1180860416;16482304;1379254272;0;0;0;0;0;0;0;0;0;0;0;2144;0;0;125;0;42;0;
4802;1725807;1180860416;16482304;1379254272;0;0;0;0;0;0;0;0;0;0;0;2104;0;0;125;0;42;0;
4803;4968157;1180860416;16482304;1379254272;0;0;0;0;0;0;0;0;0;0;0;2695;0;0;125;0;42;0;
4804;2779723;1180860416;16490496;1379262464;0;0;0;0;0;0;0;0;0;0;0;78056;0;0;125;0;42;0;
4805;1848256;1180860416;16490496;1379262464;0;0;0;0;0;0;0;0;0;0;0;1753;0;0;125;0;42;0;
4806;1574353;1180860416;16490496;1379262464;0;0;0;0;0;0;0;0;0;0;0;1743;0;0;125;0;42;0;
4807;1719555;1180860416;16490496;1379262464;0;0;0;0;0;0;0;0;0;0;0;2134;0;0;125;0;42;0;
4808;1733421;1180860416;16490496;1379262464;0;0;0;0;0;0;0;0;0;0;0;1763;0;0;125;0;42;0;
4809;2028774;1180860416;16490496;1379262464;0;0;0;0;0;0;0;0;0;0;0;1823;0;0;125;0;42;0;
4810;2254338;1180860416;16490496;1379262464;0;0;0;0;0;0;0;0;0;0;0;1713;0;0;125;0;42;0;
4811;1379197;1180860416;16490496;1379262464;0;0;0;0;0;0;0;0;0;0;0;1804;0;0;125;0;42;0;
4812;1860439;1180860416;16490496;1379262464;0;0;0;0;0;0;0;0;0;0;0;1733;0;0;125;0;42;0;
4813;4647315;1180860416;16490496;1379262464;0;0;0;0;0;0;0;0;0;0;0;2435;0;0;125;0;42;0;
4814;2308399;1180860416;16490496;1379262464;0;0;0;0;0;0;0;0;0;0;0;2224;0;0;125;0;42;0;
4815;2623840;1180860416;16490496;1379262464;0;0;0;0;0;0;0;0;0;0;0;1813;0;0;125;0;42;0;
4816;1869606;1180860416;16490496;1379262464;0;0;0;0;0;0;0;0;0;0;0;2264;0;0;125;0;42;0;
4817;3406038;1180860416;16490496;1379262464;0;0;0;0;0;0;0;0;0;0;0;2124;0;0;125;0;42;0;
4818;1808602;1180860416;16490496;1379262464;0;0;0;0;0;0;0;0;0;0;0;2175;0;0;125;0;42;0;
4819;2311225;1180860416;16490496;1379262464;0;0;0;0;0;0;0;0;0;0;0;2354;0;0;125;0;42;0;
4820;2710563;1180860416;16490496;1379262464;0;0;0;0;0;0;0;0;0;0;0;2254;0;0;125;0;42;0;
4821;1711469;1180860416;16490496;1379262464;0;0;0;0;0;0;0;0;0;0;0;2014;0;0;125;0;42;0;
4822;1660053;1180860416;16490496;1379262464;0;0;0;0;0;0;0;0;0;0;0;1773;0;0;125;0;42;0;
4823;4910639;1180860416;16490496;1379262464;0;0;0;0;0;0;0;0;0;0;0;2414;0;0;125;0;42;0;
4824;3809926;1180860416;16494592;1379266560;0;0;0;0;0;0;0;0;0;0;0;2354;0;0;125;0;42;0;
4825;1880136;1180860416;16494592;1379266560;0;0;0;0;0;0;0;0;0;0;0;1863;0;0;125;0;42;0;
4826;2180459;1180860416;16494592;1379266560;0;0;0;0;0;0;0;0;0;0;0;2224;0;0;125;0;42;0;
4827;1497318;1180860416;16494592;1379266560;0;0;0;0;0;0;0;0;0;0;0;2504;0;0;125;0;42;0;
4828;1930089;1180860416;16494592;1379266560;0;0;0;0;0;0;0;0;0;0;0;2305;0;0;125;0;42;0;
4829;2337133;1180860416;16494592;1379266560;0;0;0;0;0;0;0;0;0;0;0;2384;0;0;125;0;42;0;
4830;1910874;1180860416;16494592;1379266560;0;0;0;0;0;0;0;0;0;0;0;2304;0;0;125;0;42;0;
4831;2111600;1180860416;16494592;1379266560;0;0;0;0;0;0;0;0;0;0;0;2174;0;0;125;0;42;0;
4832;2187763;1180860416;16494592;1379266560;0;0;0;0;0;0;0;0;0;0;0;2405;0;0;125;0;42;0;
4833;1433358;1180860416;16494592;1379266560;0;0;0;0;0;0;0;0;0;0;0;2424;0;0;125;0;42;0;
4834;1963672;1180860416;16494592;1379266560;0;0;0;0;0;0;0;0;0;0;0;2144;0;0;125;0;42;0;
4835;5147304;1180860416;16494592;1379266560;0;0;0;0;0;0;0;0;0;0;0;2535;0;0;125;0;42;0;
4836;3945679;1180860416;16494592;1379266560;0;0;0;0;0;0;0;0;0;0;0;100769;0;0;125;0;42;0;
4837;2386035;1180860416;16494592;1379266560;0;0;0;0;0;0;0;0;0;0;0;2294;0;0;125;0;42;0;
4838;3086448;1180860416;16494592;1379266560;0;0;0;0;0;0;0;0;0;0;0;136666;0;0;125;0;42;0;
4839;1792843;1180860416;16494592;1379266560;0;0;0;0;0;0;0;0;0;0;0;1663;0;0;125;0;42;0;
4840;1762325;1180860416;16494592;1379266560;0;0;0;0;0;0;0;0;0;0;0;1703;0;0;125;0;42;0;
4841;2116630;1180860416;16494592;1379266560;0;0;0;0;0;0;0;0;0;0;0;1693;0;0;125;0;42;0;
4842;1471650;1180860416;16494592;1379266560;0;0;0;0;0;0;0;0;0;0;0;1783;0;0;125;0;42;0;
4843;1257148;1180860416;16494592;1379266560;0;0;0;0;0;0;0;0;0;0;0;1913;0;0;125;0;42;0;
4844;2824377;1180872704;16486400;1379258368;0;0;0;0;0;0;0;0;0;0;0;1884;0;0;125;0;42;0;
4845;1541461;1180872704;16486400;1379258368;0;0;0;0;0;0;0;0;0;0;0;1784;0;0;125;0;42;0;
4846;2390402;1180872704;16486400;1379258368;0;0;0;0;0;0;0;0;0;0;0;54422;0;0;125;0;42;0;
4847;4552087;1180872704;16486400;1379258368;0;0;0;0;0;0;0;0;0;0;0;2555;0;0;125;0;42;0;
4848;2770325;1180872704;16486400;1379258368;0;0;0;0;0;0;0;0;0;0;0;2294;0;0;125;0;42;0;
4849;1888481;1180872704;16486400;1379258368;0;0;0;0;0;0;0;0;0;0;0;2324;0;0;125;0;42;0;
4850;1454228;1180872704;16486400;1379258368;0;0;0;0;0;0;0;0;0;0;0;2305;0;0;125;0;42;0;
4851;1793053;1180872704;16486400;1379258368;0;0;0;0;0;0;0;0;0;0;0;2434;0;0;125;0;42;0;
4852;2476043;1180872704;16486400;1379258368;0;0;0;0;0;0;0;0;0;0;0;86222;0;0;125;0;42;0;
4853;1908098;1180872704;16486400;1379258368;0;0;0;0;0;0;0;0;0;0;0;3477;0;0;125;0;42;0;
4854;2281959;1180868608;16482304;1379254272;0;0;0;0;0;0;0;0;0;0;0;2524;0;0;125;0;42;0;
4855;1542693;1180868608;16482304;1379254272;0;0;0;0;0;0;0;0;0;0;0;2445;0;0;125;0;42;0;
4856;1247049;1180868608;16482304;1379254272;0;0;0;0;0;0;0;0;0;0;0;2164;0;0;125;0;42;0;
4857;4597392;1180868608;16482304;1379254272;0;0;0;0;0;0;0;0;0;0;0;1934;0;0;125;0;42;0;
4858;3708374;1180868608;16490496;1379262464;0;0;0;0;0;0;0;0;0;0;0;2214;0;0;125;0;42;0;
4859;2478478;1180868608;16490496;1379262464;0;0;0;0;0;0;0;0;0;0;0;2094;0;0;125;0;42;0;
4860;1938615;1180868608;16490496;1379262464;0;0;0;0;0;0;0;0;0;0;0;2154;0;0;125;0;42;0;
4861;2534063;1180868608;16490496;1379262464;0;0;0;0;0;0;0;0;0;0;0;2245;0;0;125;0;42;0;
4862;1816396;1180868608;16490496;1379262464;0;0;0;0;0;0;0;0;0;0;0;2264;0;0;125;0;42;0;
4863;1414804;1180868608;16490496;1379262464;0;0;0;0;0;0;0;0;0;0;0;2284;0;0;125;0;42;0;
4864;1946130;1180868608;16490496;1379262464;0;0;0;0;0;0;0;0;0;0;0;2164;0;0;125;0;42;0;
4865;1544627;1180868608;16490496;1379262464;0;0;0;0;0;0;0;0;0;0;0;1723;0;0;125;0;42;0;
4866;1411777;1180868608;16490496;1379262464;0;0;0;0;0;0;0;0;0;0;0;1683;0;0;125;0;42;0;
4867;4550854;1180868608;16490496;1379262464;0;0;0;0;0;0;0;0;0;0;0;2655;0;0;125;0;42;0;
4868;2458871;1180868608;16490496;1379262464;0;0;0;0;0;0;0;0;0;0;0;1703;0;0;125;0;42;0;
4869;1805596;1180868608;16490496;1379262464;0;0;0;0;0;0;0;0;0;0;0;1783;0;0;125;0;42;0;
4870;1470067;1180868608;16490496;1379262464;0;0;0;0;0;0;0;0;0;0;0;1713;0;0;125;0;42;0;
4871;1695149;1180868608;16490496;1379262464;0;0;0;0;0;0;0;0;0;0;0;1693;0;0;125;0;42;0;
4872;1603307;1180868608;16490496;1379262464;0;0;0;0;0;0;0;0;0;0;0;1803;0;0;125;0;42;0;
4873;1439950;1180868608;16490496;1379262464;0;0;0;0;0;0;0;0;0;0;0;1793;0;0;125;0;42;0;
4874;1976256;1180868608;16490496;1379262464;0;0;0;0;0;0;0;0;0;0;0;2104;0;0;125;0;42;0;
4875;1474755;1180868608;16490496;1379262464;0;0;0;0;0;0;0;0;0;0;0;2073;0;0;125;0;42;0;
4876;4369034;1180868608;16490496;1379262464;0;0;0;0;0;0;0;0;0;0;0;2715;0;0;125;0;42;0;
4877;2735691;1180868608;16490496;1379262464;0;0;0;0;0;0;0;0;0;0;0;2104;0;0;125;0;42;0;
4878;1509220;1180868608;16490496;1379262464;0;0;0;0;0;0;0;0;0;0;0;2214;0;0;125;0;42;0;
4879;2131788;1180868608;16490496;1379262464;0;0;0;0;0;0;0;0;0;0;0;2014;0;0;125;0;42;0;
4880;1378455;1180868608;16490496;1379262464;0;0;0;0;0;0;0;0;0;0;0;2024;0;0;125;0;42;0;
4881;2064151;1180868608;16490496;1379262464;0;0;0;0;0;0;0;0;0;0;0;2224;0;0;125;0;42;0;
4882;1727921;1180868608;16490496;1379262464;0;0;0;0;0;0;0;0;0;0;0;2244;0;0;125;0;42;0;
4883;1356483;1180868608;16490496;1379262464;0;0;0;0;0;0;0;0;0;0;0;1984;0;0;125;0;42;0;
4884;1834530;1180872704;16486400;1379258368;0;0;0;0;0;0;0;0;0;0;0;2255;0;0;125;0;42;0;
4885;1286653;1180872704;16486400;1379258368;0;0;0;0;0;0;0;0;0;0;0;2084;0;0;125;0;42;0;
4886;1592146;1180872704;16486400;1379258368;0;0;0;0;0;0;0;0;0;0;0;2054;0;0;125;0;42;0;
4887;4366429;1180872704;16486400;1379258368;0;0;0;0;0;0;0;0;0;0;0;2043;0;0;125;0;42;0;
4888;2503666;1180872704;16486400;1379258368;0;0;0;0;0;0;0;0;0;0;0;1743;0;0;125;0;42;0;
4889;1913007;1180872704;16486400;1379258368;0;0;0;0;0;0;0;0;0;0;0;1864;0;0;125;0;42;0;
4890;1139046;1180872704;16486400;1379258368;0;0;0;0;0;0;0;0;0;0;0;1693;0;0;125;0;42;0;
4891;1473113;1180872704;16486400;1379258368;0;0;0;0;0;0;0;0;0;0;0;2043;0;0;125;0;42;0;
4892;1355211;1180872704;16486400;1379258368;0;0;0;0;0;0;0;0;0;0;0;1633;0;0;125;0;42;0;
4893;1789866;1180868608;16482304;1379254272;0;0;0;0;0;0;0;0;0;0;0;1653;0;0;125;0;42;0;
4894;1336857;1180868608;16482304;1379254272;0;0;0;0;0;0;0;0;0;0;0;1823;0;0;125;0;42;0;
4895;1359379;1180868608;16482304;1379254272;0;0;0;0;0;0;0;0;0;0;0;1593;0;0;125;0;42;0;
4896;5061081;1180868608;16482304;1379254272;0;0;0;0;0;0;0;0;0;0;0;2384;0;0;125;0;42;0;
4897;2184727;1180868608;16490496;1379262464;0;0;0;0;0;0;0;0;0;0;0;1783;0;0;125;0;42;0;
4898;1931603;1180868608;16490496;1379262464;0;0;0;0;0;0;0;0;0;0;0;2003;0;0;125;0;42;0;
4899;875982;1180868608;16490496;1379262464;0;0;0;0;0;0;0;0;0;0;0;1694;0;0;125;0;42;0;
4900;2239130;1180868608;16490496;1379262464;0;0;0;0;0;0;0;0;0;0;0;1813;0;0;125;0;42;0;
4901;1030573;1180868608;16490496;1379262464;0;0;0;0;0;0;0;0;0;0;0;1633;0;0;125;0;42;0;
4902;4082756;1180868608;16490496;1379262464;0;0;0;0;0;0;0;0;0;0;0;1543;0;0;125;0;42;0;
4903;2291237;1180868608;16490496;1379262464;0;0;0;0;0;0;0;0;0;0;0;2514;0;0;125;0;42;0;
4904;2130385;1180868608;16490496;1379262464;0;0;0;0;0;0;0;0;0;0;0;2054;0;0;125;0;42;0;
4905;1944467;1180868608;16490496;1379262464;0;0;0;0;0;0;0;0;0;0;0;2084;0;0;125;0;42;0;
4906;2161925;1180868608;16490496;1379262464;0;0;0;0;0;0;0;0;0;0;0;2024;0;0;125;0;42;0;
4907;1610811;1180868608;16490496;1379262464;0;0;0;0;0;0;0;0;0;0;0;2044;0;0;125;0;42;0;
4908;4972105;1180868608;16490496;1379262464;0;0;0;0;0;0;0;0;0;0;0;2224;0;0;125;0;42;0;
4909;3497068;1180868608;16490496;1379262464;0;0;0;0;0;0;0;0;0;0;0;3186;0;0;125;0;42;0;
4910;1977909;1180868608;16490496;1379262464;0;0;0;0;0;0;0;0;0;0;0;2305;0;0;125;0;42;0;
4911;2701337;1180868608;16482304;1379254272;0;0;0;0;0;0;0;0;0;0;0;2104;0;0;125;0;42;0;
4912;1602024;1180868608;16482304;1379254272;0;0;0;0;0;0;0;0;0;0;0;2084;0;0;125;0;42;0;
4913;2414868;1180868608;16482304;1379254272;0;0;0;0;0;0;0;0;0;0;0;2124;0;0;125;0;42;0;
4914;1507107;1180868608;16482304;1379254272;0;0;0;0;0;0;0;0;0;0;0;2144;0;0;125;0;42;0;
4915;1356524;1180868608;16482304;1379254272;0;0;0;0;0;0;0;0;0;0;0;2034;0;0;125;0;42;0;
4916;2150163;1180868608;16482304;1379254272;0;0;0;0;0;0;0;0;0;0;0;1763;0;0;125;0;42;0;
4917;1164113;1180868608;16482304;1379254272;0;0;0;0;0;0;0;0;0;0;0;1913;0;0;125;0;42;0;
4918;1261757;1180868608;16482304;1379254272;0;0;0;0;0;0;0;0;0;0;0;1703;0;0;125;0;42;0;
4919;4513875;1180868608;16482304;1379254272;0;0;0;0;0;0;0;0;0;0;0;1653;0;0;125;0;42;0;
4920;2356970;1180868608;16482304;1379254272;0;0;0;0;0;0;0;0;0;0;0;1673;0;0;125;0;42;0;
4921;1666496;1180868608;16482304;1379254272;0;0;0;0;0;0;0;0;0;0;0;2054;0;0;125;0;42;0;
4922;1865178;1180868608;16482304;1379254272;0;0;0;0;0;0;0;0;0;0;0;2144;0;0;125;0;42;0;
4923;1319284;1180868608;16482304;1379254272;0;0;0;0;0;0;0;0;0;0;0;2164;0;0;125;0;42;0;
4924;1395167;1180868608;16482304;1379254272;0;0;0;0;0;0;0;0;0;0;0;2064;0;0;125;0;42;0;
4925;1083923;1180868608;16482304;1379254272;0;0;0;0;0;0;0;0;0;0;0;1994;0;0;125;0;42;0;
4926;1139037;1180868608;16482304;1379254272;0;0;0;0;0;0;0;0;0;0;0;1983;0;0;125;0;42;0;
4927;1653340;1180868608;16482304;1379254272;0;0;0;0;0;0;0;0;0;0;0;2145;0;0;125;0;42;0;
4928;1301420;1180868608;16482304;1379254272;0;0;0;0;0;0;0;0;0;0;0;2204;0;0;125;0;42;0;
4929;1418870;1180868608;16482304;1379254272;0;0;0;0;0;0;0;0;0;0;0;2054;0;0;125;0;42;0;
4930;4740921;1180868608;16482304;1379254272;0;0;0;0;0;0;0;0;0;0;0;1993;0;0;125;0;42;0;
4931;2411924;1180868608;16482304;1379254272;0;0;0;0;0;0;0;0;0;0;0;2385;0;0;125;0;42;0;
4932;1876339;1180868608;16482304;1379254272;0;0;0;0;0;0;0;0;0;0;0;1994;0;0;125;0;42;0;
4933;1453706;1180868608;16482304;1379254272;0;0;0;0;0;0;0;0;0;0;0;2254;0;0;125;0;42;0;
4934;2019056;1180868608;16482304;1379254272;0;0;0;0;0;0;0;0;0;0;0;1954;0;0;125;0;42;0;
4935;1706991;1180868608;16482304;1379254272;0;0;0;0;0;0;0;0;0;0;0;2064;0;0;125;0;42;0;
4936;4186992;1180868608;16482304;1379254272;0;0;0;0;0;0;0;0;0;0;0;2054;0;0;125;0;42;0;
4937;2817093;1180864512;16478208;1379250176;0;0;0;0;0;0;0;0;0;0;0;2294;0;0;125;0;42;0;
4938;1691793;1180864512;16478208;1379250176;0;0;0;0;0;0;0;0;0;0;0;2004;0;0;125;0;42;0;
4939;1189370;1180864512;16478208;1379250176;0;0;0;0;0;0;0;0;0;0;0;2244;0;0;125;0;42;0;
4940;2119715;1180864512;16478208;1379250176;0;0;0;0;0;0;0;0;0;0;0;1964;0;0;125;0;42;0;
4941;1802240;1180864512;16478208;1379250176;0;0;0;0;0;0;0;0;0;0;0;2214;0;0;125;0;42;0;
4942;4604465;1180864512;16478208;1379250176;0;0;0;0;0;0;0;0;0;0;0;2204;0;0;125;0;42;0;
4943;6198304;1180864512;16478208;1379250176;0;0;0;0;0;0;0;0;0;0;0;2234;0;0;125;0;42;0;
4944;5627293;1180864512;16478208;1379250176;0;0;0;0;0;0;0;0;0;0;0;2004;0;0;125;0;42;0;
4945;2348123;1180864512;16478208;1379250176;0;0;0;0;0;0;0;0;0;0;0;5610;0;0;125;0;42;0;
4946;2391585;1180864512;16478208;1379250176;0;0;0;0;0;0;0;0;0;0;0;1714;0;0;125;0;42;0;
4947;2269727;1180864512;16478208;1379250176;0;0;0;0;0;0;0;0;0;0;0;1904;0;0;125;0;42;0;
4948;5140430;1180864512;16478208;1379250176;0;0;0;0;0;0;0;0;0;0;0;1943;0;0;125;0;42;0;
4949;3639185;1180864512;16478208;1379250176;0;0;0;0;0;0;0;0;0;0;0;3646;0;0;125;0;42;0;
4950;1383865;1180864512;16478208;1379250176;0;0;0;0;0;0;0;0;0;0;0;1994;0;0;125;0;42;0;
4951;2086183;1180860416;16474112;1379246080;0;0;0;0;0;0;0;0;0;0;0;1973;0;0;125;0;42;0;
4952;1374738;1180860416;16474112;1379246080;0;0;0;0;0;0;0;0;0;0;0;1973;0;0;125;0;42;0;
4953;1935540;1180860416;16474112;1379246080;0;0;0;0;0;0;0;0;0;0;0;1924;0;0;125;0;42;0;
4954;1650305;1180860416;16474112;1379246080;0;0;0;0;0;0;0;0;0;0;0;1963;0;0;125;0;42;0;
4955;1697874;1180860416;16474112;1379246080;0;0;0;0;0;0;0;0;0;0;0;1853;0;0;125;0;42;0;
4956;2340229;1180860416;16474112;1379246080;0;0;0;0;0;0;0;0;0;0;0;2304;0;0;125;0;42;0;
4957;1373696;1180860416;16474112;1379246080;0;0;0;0;0;0;0;0;0;0;0;2365;0;0;125;0;42;0;
4958;1724584;1180860416;16474112;1379246080;0;0;0;0;0;0;0;0;0;0;0;2084;0;0;125;0;42;0;
4959;4390434;1180860416;16474112;1379246080;0;0;0;0;0;0;0;0;0;0;0;2325;0;0;125;0;42;0;
4960;3623215;1180860416;16482304;1379254272;0;0;0;0;0;0;0;0;0;0;0;2595;0;0;125;0;42;0;
4961;2723227;1180860416;16482304;1379254272;0;0;0;0;0;0;0;0;0;0;0;2073;0;0;125;0;42;0;
4962;2723979;1180860416;16482304;1379254272;0;0;0;0;0;0;0;0;0;0;0;2114;0;0;125;0;42;0;
4963;1567901;1180860416;16482304;1379254272;0;0;0;0;0;0;0;0;0;0;0;2565;0;0;125;0;42;0;
4964;1607144;1180860416;16482304;1379254272;0;0;0;0;0;0;0;0;0;0;0;2074;0;0;125;0;42;0;
4965;1513198;1180860416;16482304;1379254272;0;0;0;0;0;0;0;0;0;0;0;2064;0;0;125;0;42;0;
4966;1171086;1180860416;16482304;1379254272;0;0;0;0;0;0;0;0;0;0;0;2275;0;0;125;0;42;0;
4967;2000582;1180860416;16482304;1379254272;0;0;0;0;0;0;0;0;0;0;0;2164;0;0;125;0;42;0;
4968;1723192;1180860416;16482304;1379254272;0;0;0;0;0;0;0;0;0;0;0;2675;0;0;125;0;42;0;
4969;1427036;1180860416;16482304;1379254272;0;0;0;0;0;0;0;0;0;0;0;2395;0;0;125;0;42;0;
4970;4800713;1180860416;16482304;1379254272;0;0;0;0;0;0;0;0;0;0;0;2535;0;0;125;0;42;0;
4971;2716574;1180860416;16482304;1379254272;0;0;0;0;0;0;0;0;0;0;0;2204;0;0;125;0;42;0;
4972;1758498;1180860416;16482304;1379254272;0;0;0;0;0;0;0;0;0;0;0;2514;0;0;125;0;42;0;
4973;1484434;1180860416;16482304;1379254272;0;0;0;0;0;0;0;0;0;0;0;2104;0;0;125;0;42;0;
4974;1809464;1180860416;16482304;1379254272;0;0;0;0;0;0;0;0;0;0;0;1744;0;0;125;0;42;0;
4975;1407299;1180860416;16482304;1379254272;0;0;0;0;0;0;0;0;0;0;0;1753;0;0;125;0;42;0;
4976;5202677;1180860416;16482304;1379254272;0;0;0;0;0;0;0;0;0;0;0;2344;0;0;125;0;42;0;
4977;3009645;1180864512;16478208;1379250176;0;0;0;0;0;0;0;0;0;0;0;2124;0;0;125;0;42;0;
4978;1867453;1180864512;16478208;1379250176;0;0;0;0;0;0;0;0;0;0;0;2295;0;0;125;0;42;0;
4979;2063690;1180864512;16478208;1379250176;0;0;0;0;0;0;0;0;0;0;0;2124;0;0;125;0;42;0;
4980;1099281;1180864512;16478208;1379250176;0;0;0;0;0;0;0;0;0;0;0;2104;0;0;125;0;42;0;
4981;2481534;1180864512;16478208;1379250176;0;0;0;0;0;0;0;0;0;0;0;1884;0;0;125;0;42;0;
4982;1380950;1180864512;16478208;1379250176;0;0;0;0;0;0;0;0;0;0;0;1643;0;0;125;0;42;0;
4983;1442575;1180864512;16478208;1379250176;0;0;0;0;0;0;0;0;0;0;0;1813;0;0;125;0;42;0;
4984;1713984;1180864512;16478208;1379250176;0;0;0;0;0;0;0;0;0;0;0;1963;0;0;125;0;42;0;
4985;1408562;1180864512;16478208;1379250176;0;0;0;0;0;0;0;0;0;0;0;1914;0;0;125;0;42;0;
4986;4872588;1180864512;16478208;1379250176;0;0;0;0;0;0;0;0;0;0;0;2464;0;0;125;0;42;0;
4987;2822734;1180864512;16478208;1379250176;0;0;0;0;0;0;0;0;0;0;0;2114;0;0;125;0;42;0;
4988;1316048;1180864512;16478208;1379250176;0;0;0;0;0;0;0;0;0;0;0;2104;0;0;125;0;42;0;
4989;2174338;1180864512;16478208;1379250176;0;0;0;0;0;0;0;0;0;0;0;2134;0;0;125;0;42;0;
4990;1582588;1180864512;16478208;1379250176;0;0;0;0;0;0;0;0;0;0;0;2144;0;0;125;0;42;0;
4991;2598283;1180864512;16478208;1379250176;0;0;0;0;0;0;0;0;0;0;0;2064;0;0;125;0;42;0;
4992;1368947;1180864512;16478208;1379250176;0;0;0;0;0;0;0;0;0;0;0;2274;0;0;125;0;42;0;
4993;1934628;1180852224;16465920;1379237888;0;0;0;0;0;0;0;0;0;0;0;2044;0;0;125;0;42;0;
4994;1493070;1180852224;16465920;1379237888;0;0;0;0;0;0;0;0;0;0;0;2074;0;0;125;0;42;0;
4995;1409964;1180852224;16465920;1379237888;0;0;0;0;0;0;0;0;0;0;0;2083;0;0;125;0;42;0;
4996;4184758;1180852224;16465920;1379237888;0;0;0;0;0;0;0;0;0;0;0;2083;0;0;125;0;42;0;
4997;3668319;1180852224;16474112;1379246080;0;0;0;0;0;0;0;0;0;0;0;6122;0;0;125;0;42;0;
4998;3086769;1180852224;16474112;1379246080;0;0;0;0;0;0;0;0;0;0;0;1954;0;0;125;0;42;0;
4999;1656176;1180852224;16474112;1379246080;0;0;0;0;0;0;0;0;0;0;0;2024;0;0;125;0;42;0;
5000;1881338;1180852224;16474112;1379246080;0;0;0;0;0;0;0;0;0;0;0;2074;0;0;125;0;42;0;
5001;1754100;1180852224;16474112;1379246080;0;0;0;0;0;0;0;0;0;0;0;1974;0;0;125;0;42;0;
5002;4823647;1180852224;16474112;1379246080;0;0;0;0;0;0;0;0;0;0;0;1774;0;0;125;0;42;0;
5003;3251348;1180852224;16478208;1379250176;0;0;0;0;0;0;0;0;0;0;0;1944;0;0;125;0;42;0;
5004;2290536;1180852224;16478208;1379250176;0;0;0;0;0;0;0;0;0;0;0;6452;0;0;125;0;42;0;
5005;2038322;1180852224;16478208;1379250176;0;0;0;0;0;0;0;0;0;0;0;1924;0;0;125;0;42;0;
5006;2235723;1180852224;16478208;1379250176;0;0;0;0;0;0;0;0;0;0;0;2284;0;0;125;0;42;0;
5007;1541450;1180852224;16478208;1379250176;0;0;0;0;0;0;0;0;0;0;0;2114;0;0;125;0;42;0;
5008;5366043;1180852224;16478208;1379250176;0;0;0;0;0;0;0;0;0;0;0;2084;0;0;125;0;42;0;
5009;2900058;1180852224;16478208;1379250176;0;0;0;0;0;0;0;0;0;0;0;2144;0;0;125;0;42;0;
5010;1593248;1180852224;16478208;1379250176;0;0;0;0;0;0;0;0;0;0;0;2124;0;0;125;0;42;0;
5011;2215535;1180852224;16478208;1379250176;0;0;0;0;0;0;0;0;0;0;0;1794;0;0;125;0;42;0;
5012;1650004;1180852224;16478208;1379250176;0;0;0;0;0;0;0;0;0;0;0;2184;0;0;125;0;42;0;
5013;2188083;1180852224;16478208;1379250176;0;0;0;0;0;0;0;0;0;0;0;2124;0;0;125;0;42;0;
5014;2402075;1180852224;16478208;1379250176;0;0;0;0;0;0;0;0;0;0;0;2214;0;0;125;0;42;0;
5015;5021016;1180852224;16478208;1379250176;0;0;0;0;0;0;0;0;0;0;0;2184;0;0;125;0;42;0;
5016;3127907;1180852224;16478208;1379250176;0;0;0;0;0;0;0;0;0;0;0;2224;0;0;125;0;42;0;
5017;2983706;1180860416;16474112;1379246080;0;0;0;0;0;0;0;0;0;0;0;2264;0;0;125;0;42;0;
5018;1950428;1180860416;16474112;1379246080;0;0;0;0;0;0;0;0;0;0;0;2254;0;0;125;0;42;0;
5019;2181421;1180860416;16474112;1379246080;0;0;0;0;0;0;0;0;0;0;0;2164;0;0;125;0;42;0;
5020;1473513;1180860416;16474112;1379246080;0;0;0;0;0;0;0;0;0;0;0;2184;0;0;125;0;42;0;
5021;4435478;1180860416;16474112;1379246080;0;0;0;0;0;0;0;0;0;0;0;2505;0;0;125;0;42;0;
5022;3819804;1180860416;16474112;1379246080;0;0;0;0;0;0;0;0;0;0;0;3687;0;0;125;0;42;0;
5023;2218590;1180856320;16470016;1379241984;0;0;0;0;0;0;0;0;0;0;0;2134;0;0;125;0;42;0;
5024;1700880;1180856320;16470016;1379241984;0;0;0;0;0;0;0;0;0;0;0;2034;0;0;125;0;42;0;
5025;2151404;1180856320;16470016;1379241984;0;0;0;0;0;0;0;0;0;0;0;1873;0;0;125;0;42;0;
5026;2215585;1180856320;16470016;1379241984;0;0;0;0;0;0;0;0;0;0;0;2114;0;0;125;0;42;0;
5027;5385670;1180856320;16470016;1379241984;0;0;0;0;0;0;0;0;0;0;0;1903;0;0;125;0;42;0;
5028;3519420;1180856320;16470016;1379241984;0;0;0;0;0;0;0;0;0;0;0;3417;0;0;125;0;42;0;
5029;2682080;1180856320;16470016;1379241984;0;0;0;0;0;0;0;0;0;0;0;2114;0;0;125;0;42;0;
5030;1985684;1180856320;16470016;1379241984;0;0;0;0;0;0;0;0;0;0;0;2185;0;0;125;0;42;0;
5031;2230012;1180856320;16470016;1379241984;0;0;0;0;0;0;0;0;0;0;0;2374;0;0;125;0;42;0;
5032;1772845;1180856320;16470016;1379241984;0;0;0;0;0;0;0;0;0;0;0;2434;0;0;125;0;42;0;
5033;4561405;1180856320;16470016;1379241984;0;0;0;0;0;0;0;0;0;0;0;2114;0;0;125;0;42;0;
5034;4876245;1180856320;16470016;1379241984;0;0;0;0;0;0;0;0;0;0;0;4318;0;0;125;0;42;0;
5035;2209273;1180856320;16470016;1379241984;0;0;0;0;0;0;0;0;0;0;0;2665;0;0;125;0;42;0;
5036;1499222;1180856320;16470016;1379241984;0;0;0;0;0;0;0;0;0;0;0;2254;0;0;125;0;42;0;
5037;2700475;1180856320;16470016;1379241984;0;0;0;0;0;0;0;0;0;0;0;2415;0;0;125;0;42;0;
5038;2082376;1180856320;16470016;1379241984;0;0;0;0;0;0;0;0;0;0;0;2445;0;0;125;0;42;0;
5039;4391456;1180856320;16470016;1379241984;0;0;0;0;0;0;0;0;0;0;0;2504;0;0;125;0;42;0;
5040;3364089;1180856320;16470016;1379241984;0;0;0;0;0;0;0;0;0;0;0;3276;0;0;125;0;42;0;
5041;2922911;1180856320;16470016;1379241984;0;0;0;0;0;0;0;0;0;0;0;2525;0;0;125;0;42;0;
5042;1550839;1180856320;16470016;1379241984;0;0;0;0;0;0;0;0;0;0;0;2544;0;0;125;0;42;0;
5043;1707021;1180856320;16470016;1379241984;0;0;0;0;0;0;0;0;0;0;0;2195;0;0;125;0;42;0;
5044;1695230;1180856320;16470016;1379241984;0;0;0;0;0;0;0;0;0;0;0;2915;0;0;125;0;42;0;
5045;4364886;1180856320;16470016;1379241984;0;0;0;0;0;0;0;0;0;0;0;2384;0;0;125;0;42;0;
5046;4575300;1180856320;16470016;1379241984;0;0;0;0;0;0;0;0;0;0;0;4057;0;0;125;0;42;0;
5047;2855365;1180856320;16470016;1379241984;0;0;0;0;0;0;0;0;0;0;0;3266;0;0;125;0;42;0;
5048;1732128;1180856320;16470016;1379241984;0;0;0;0;0;0;0;0;0;0;0;2956;0;0;125;0;42;0;
5049;2498896;1180856320;16470016;1379241984;0;0;0;0;0;0;0;0;0;0;0;2965;0;0;125;0;42;0;
5050;1497789;1180856320;16470016;1379241984;0;0;0;0;0;0;0;0;0;0;0;2164;0;0;125;0;42;0;
5051;5512017;1180856320;16470016;1379241984;0;0;0;0;0;0;0;0;0;0;0;2325;0;0;125;0;42;0;
5052;4471716;1180856320;16470016;1379241984;0;0;0;0;0;0;0;0;0;0;0;3857;0;0;125;0;42;0;
5053;3274040;1180856320;16470016;1379241984;0;0;0;0;0;0;0;0;0;0;0;2735;0;0;125;0;42;0;
5054;2220584;1180856320;16470016;1379241984;0;0;0;0;0;0;0;0;0;0;0;3136;0;0;125;0;42;0;
5055;3125631;1180856320;16470016;1379241984;0;0;0;0;0;0;0;0;0;0;0;2505;0;0;125;0;42;0;
5056;1476018;1180856320;16470016;1379241984;0;0;0;0;0;0;0;0;0;0;0;2324;0;0;125;0;42;0;
5057;4246374;1180856320;16470016;1379241984;0;0;0;0;0;0;0;0;0;0;0;2454;0;0;125;0;42;0;
5058;3642572;1180856320;16470016;1379241984;0;0;0;0;0;0;0;0;0;0;0;3226;0;0;125;0;42;0;
5059;2062117;1180856320;16470016;1379241984;0;0;0;0;0;0;0;0;0;0;0;1834;0;0;125;0;42;0;
5060;1779768;1180856320;16470016;1379241984;0;0;0;0;0;0;0;0;0;0;0;1803;0;0;125;0;42;0;
5061;2043012;1180856320;16470016;1379241984;0;0;0;0;0;0;0;0;0;0;0;1764;0;0;125;0;42;0;
5062;1695640;1180856320;16470016;1379241984;0;0;0;0;0;0;0;0;0;0;0;2023;0;0;125;0;42;0;
5063;4952428;1180856320;16470016;1379241984;0;0;0;0;0;0;0;0;0;0;0;1683;0;0;125;0;42;0;
5064;3347778;1180856320;16470016;1379241984;0;0;0;0;0;0;0;0;0;0;0;1864;0;0;125;0;42;0;
5065;2869441;1180856320;16470016;1379241984;0;0;0;0;0;0;0;0;0;0;0;1873;0;0;125;0;42;0;
5066;1953774;1180856320;16470016;1379241984;0;0;0;0;0;0;0;0;0;0;0;1784;0;0;125;0;42;0;
5067;2465734;1180856320;16470016;1379241984;0;0;0;0;0;0;0;0;0;0;0;1944;0;0;125;0;42;0;
5068;1992777;1180856320;16470016;1379241984;0;0;0;0;0;0;0;0;0;0;0;1744;0;0;125;0;42;0;
5069;4560382;1180856320;16470016;1379241984;0;0;0;0;0;0;0;0;0;0;0;2004;0;0;125;0;42;0;
5070;2984808;1180856320;16470016;1379241984;0;0;0;0;0;0;0;0;0;0;0;2184;0;0;125;0;42;0;
5071;2343595;1180856320;16470016;1379241984;0;0;0;0;0;0;0;0;0;0;0;1824;0;0;125;0;42;0;
5072;2049233;1180856320;16470016;1379241984;0;0;0;0;0;0;0;0;0;0;0;1783;0;0;125;0;42;0;
5073;1699528;1180856320;16470016;1379241984;0;0;0;0;0;0;0;0;0;0;0;1673;0;0;125;0;42;0;
5074;2237977;1180856320;16470016;1379241984;0;0;0;0;0;0;0;0;0;0;0;2214;0;0;125;0;42;0;
5075;4660751;1180856320;16470016;1379241984;0;0;0;0;0;0;0;0;0;0;0;2084;0;0;125;0;42;0;
5076;2847751;1180856320;16470016;1379241984;0;0;0;0;0;0;0;0;0;0;0;2174;0;0;125;0;42;0;
5077;2194756;1180856320;16470016;1379241984;0;0;0;0;0;0;0;0;0;0;0;2144;0;0;125;0;42;0;
5078;2261401;1180856320;16470016;1379241984;0;0;0;0;0;0;0;0;0;0;0;2274;0;0;125;0;42;0;
5079;2330280;1180856320;16470016;1379241984;0;0;0;0;0;0;0;0;0;0;0;2114;0;0;125;0;42;0;
5080;1413010;1180856320;16470016;1379241984;0;0;0;0;0;0;0;0;0;0;0;2114;0;0;125;0;42;0;
5081;4641375;1180856320;16470016;1379241984;0;0;0;0;0;0;0;0;0;0;0;2104;0;0;125;0;42;0;
5082;3619888;1180856320;16470016;1379241984;0;0;0;0;0;0;0;0;0;0;0;125957;0;0;125;0;42;0;
5083;2376096;1180856320;16470016;1379241984;0;0;0;0;0;0;0;0;0;0;0;2454;0;0;125;0;42;0;
5084;1733111;1180856320;16470016;1379241984;0;0;0;0;0;0;0;0;0;0;0;2114;0;0;125;0;42;0;
5085;2294193;1180856320;16470016;1379241984;0;0;0;0;0;0;0;0;0;0;0;2284;0;0;125;0;42;0;
5086;1546720;1180856320;16470016;1379241984;0;0;0;0;0;0;0;0;0;0;0;2655;0;0;125;0;42;0;
5087;5221572;1180856320;16470016;1379241984;0;0;0;0;0;0;0;0;0;0;0;1823;0;0;125;0;42;0;
5088;3968813;1180856320;16470016;1379241984;0;0;0;0;0;0;0;0;0;0;0;2484;0;0;125;0;42;0;
5089;2246373;1180856320;16470016;1379241984;0;0;0;0;0;0;0;0;0;0;0;2204;0;0;125;0;42;0;
5090;1882911;1180856320;16470016;1379241984;0;0;0;0;0;0;0;0;0;0;0;2314;0;0;125;0;42;0;
5091;2652003;1180856320;16470016;1379241984;0;0;0;0;0;0;0;0;0;0;0;2124;0;0;125;0;42;0;
5092;2097483;1180856320;16470016;1379241984;0;0;0;0;0;0;0;0;0;0;0;1963;0;0;125;0;42;0;
5093;5122977;1180856320;16470016;1379241984;0;0;0;0;0;0;0;0;0;0;0;1843;0;0;125;0;42;0;
5094;2595477;1180856320;16470016;1379241984;0;0;0;0;0;0;0;0;0;0;0;1873;0;0;125;0;42;0;
5095;1975305;1180856320;16470016;1379241984;0;0;0;0;0;0;0;0;0;0;0;1663;0;0;125;0;42;0;
5096;1369899;1180856320;16470016;1379241984;0;0;0;0;0;0;0;0;0;0;0;1763;0;0;125;0;42;0;
5097;2006242;1180856320;16470016;1379241984;0;0;0;0;0;0;0;0;0;0;0;1994;0;0;125;0;42;0;
5098;1742367;1180856320;16470016;1379241984;0;0;0;0;0;0;0;0;0;0;0;1833;0;0;125;0;42;0;
5099;5477622;1180856320;16470016;1379241984;0;0;0;0;0;0;0;0;0;0;0;1763;0;0;125;0;42;0;
5100;3309617;1180856320;16470016;1379241984;0;0;0;0;0;0;0;0;0;0;0;2184;0;0;125;0;42;0;
5101;2513915;1180856320;16470016;1379241984;0;0;0;0;0;0;0;0;0;0;0;1894;0;0;125;0;42;0;
5102;1904521;1180856320;16470016;1379241984;0;0;0;0;0;0;0;0;0;0;0;1834;0;0;125;0;42;0;
5103;3173502;1180856320;16470016;1379241984;0;0;0;0;0;0;0;0;0;0;0;1783;0;0;125;0;42;0;
5104;1990533;1180856320;16470016;1379241984;0;0;0;0;0;0;0;0;0;0;0;2154;0;0;125;0;42;0;
5105;4909247;1180856320;16470016;1379241984;0;0;0;0;0;0;0;0;0;0;0;1644;0;0;125;0;42;0;
5106;5461132;1180856320;16470016;1379241984;0;0;0;0;0;0;0;0;0;0;0;6963;0;0;125;0;42;0;
5107;3152653;1180856320;16470016;1379241984;0;0;0;0;0;0;0;0;0;0;0;2134;0;0;125;0;42;0;
5108;2724409;1180856320;16470016;1379241984;0;0;0;0;0;0;0;0;0;0;0;2024;0;0;125;0;42;0;
5109;2835357;1180856320;16470016;1379241984;0;0;0;0;0;0;0;0;0;0;0;2174;0;0;125;0;42;0;
5110;1977208;1180856320;16470016;1379241984;0;0;0;0;0;0;0;0;0;0;0;1993;0;0;125;0;42;0;
5111;5244596;1180856320;16470016;1379241984;0;0;0;0;0;0;0;0;0;0;0;2294;0;0;125;0;42;0;
5112;2341962;1180856320;16470016;1379241984;0;0;0;0;0;0;0;0;0;0;0;1673;0;0;125;0;42;0;
5113;2543410;1180856320;16470016;1379241984;0;0;0;0;0;0;0;0;0;0;0;1953;0;0;125;0;42;0;
5114;1757997;1180856320;16470016;1379241984;0;0;0;0;0;0;0;0;0;0;0;1824;0;0;125;0;42;0;
5115;2080301;1180856320;16470016;1379241984;0;0;0;0;0;0;0;0;0;0;0;1673;0;0;125;0;42;0;
5116;2052229;1180856320;16470016;1379241984;0;0;0;0;0;0;0;0;0;0;0;2345;0;0;125;0;42;0;
5117;4969890;1180856320;16470016;1379241984;0;0;0;0;0;0;0;0;0;0;0;2314;0;0;125;0;42;0;
5118;4037952;1180856320;16470016;1379241984;0;0;0;0;0;0;0;0;0;0;0;2385;0;0;125;0;42;0;
5119;1871660;1180856320;16470016;1379241984;0;0;0;0;0;0;0;0;0;0;0;2194;0;0;125;0;42;0;
5120;1644924;1180856320;16470016;1379241984;0;0;0;0;0;0;0;0;0;0;0;1983;0;0;125;0;42;0;
5121;2291207;1180856320;16470016;1379241984;0;0;0;0;0;0;0;0;0;0;0;1984;0;0;125;0;42;0;
5122;1676374;1180856320;16470016;1379241984;0;0;0;0;0;0;0;0;0;0;0;2044;0;0;125;0;42;0;
5123;5162451;1180856320;16470016;1379241984;0;0;0;0;0;0;0;0;0;0;0;1974;0;0;125;0;42;0;
5124;3548775;1180856320;16470016;1379241984;0;0;0;0;0;0;0;0;0;0;0;1683;0;0;125;0;42;0;
5125;2302127;1180856320;16470016;1379241984;0;0;0;0;0;0;0;0;0;0;0;1593;0;0;125;0;42;0;
5126;2390233;1180856320;16470016;1379241984;0;0;0;0;0;0;0;0;0;0;0;2004;0;0;125;0;42;0;
5127;2693371;1180856320;16470016;1379241984;0;0;0;0;0;0;0;0;0;0;0;97673;0;0;125;0;42;0;
5128;1973851;1180856320;16470016;1379241984;0;0;0;0;0;0;0;0;0;0;0;2174;0;0;125;0;42;0;
5129;4838454;1180856320;16470016;1379241984;0;0;0;0;0;0;0;0;0;0;0;2155;0;0;125;0;42;0;
5130;3396380;1180856320;16470016;1379241984;0;0;0;0;0;0;0;0;0;0;0;2205;0;0;125;0;42;0;
5131;1877792;1180856320;16470016;1379241984;0;0;0;0;0;0;0;0;0;0;0;2044;0;0;125;0;42;0;
5132;1236088;1180856320;16470016;1379241984;0;0;0;0;0;0;0;0;0;0;0;2004;0;0;125;0;42;0;
5133;2466976;1180856320;16470016;1379241984;0;0;0;0;0;0;0;0;0;0;0;1974;0;0;125;0;42;0;
5134;1511896;1180856320;16470016;1379241984;0;0;0;0;0;0;0;0;0;0;0;2054;0;0;125;0;42;0;
5135;4964631;1180856320;16470016;1379241984;0;0;0;0;0;0;0;0;0;0;0;1943;0;0;125;0;42;0;
5136;2718098;1180856320;16470016;1379241984;0;0;0;0;0;0;0;0;0;0;0;2304;0;0;125;0;42;0;
5137;1990623;1180856320;16470016;1379241984;0;0;0;0;0;0;0;0;0;0;0;2064;0;0;125;0;42;0;
5138;1449959;1180856320;16470016;1379241984;0;0;0;0;0;0;0;0;0;0;0;2024;0;0;125;0;42;0;
5139;1655635;1180856320;16470016;1379241984;0;0;0;0;0;0;0;0;0;0;0;2124;0;0;125;0;42;0;
5140;1742959;1180856320;16470016;1379241984;0;0;0;0;0;0;0;0;0;0;0;1874;0;0;125;0;42;0;
5141;4739268;1180856320;16470016;1379241984;0;0;0;0;0;0;0;0;0;0;0;1743;0;0;125;0;42;0;
5142;1938295;1180856320;16470016;1379241984;0;0;0;0;0;0;0;0;0;0;0;1663;0;0;125;0;42;0;
5143;1672777;1180856320;16470016;1379241984;0;0;0;0;0;0;0;0;0;0;0;1664;0;0;125;0;42;0;
5144;1473814;1180856320;16470016;1379241984;0;0;0;0;0;0;0;0;0;0;0;1684;0;0;125;0;42;0;
5145;1712512;1180856320;16470016;1379241984;0;0;0;0;0;0;0;0;0;0;0;1983;0;0;125;0;42;0;
5146;1318833;1180856320;16470016;1379241984;0;0;0;0;0;0;0;0;0;0;0;1623;0;0;125;0;42;0;
5147;4659077;1180856320;16470016;1379241984;0;0;0;0;0;0;0;0;0;0;0;1593;0;0;125;0;42;0;
5148;2732254;1180856320;16470016;1379241984;0;0;0;0;0;0;0;0;0;0;0;2164;0;0;125;0;42;0;
5149;1566368;1180856320;16470016;1379241984;0;0;0;0;0;0;0;0;0;0;0;1863;0;0;125;0;42;0;
5150;1682786;1180856320;16470016;1379241984;0;0;0;0;0;0;0;0;0;0;0;2024;0;0;125;0;42;0;
5151;1844279;1180856320;16470016;1379241984;0;0;0;0;0;0;0;0;0;0;0;1984;0;0;125;0;42;0;
5152;1817739;1180856320;16470016;1379241984;0;0;0;0;0;0;0;0;0;0;0;2014;0;0;125;0;42;0;
5153;2080872;1180856320;16470016;1379241984;0;0;0;0;0;0;0;0;0;0;0;2053;0;0;125;0;42;0;
5154;4789362;1180856320;16470016;1379241984;0;0;0;0;0;0;0;0;0;0;0;1964;0;0;125;0;42;0;
5155;3236369;1180856320;16470016;1379241984;0;0;0;0;0;0;0;0;0;0;0;2424;0;0;125;0;42;0;
5156;1200111;1180856320;16470016;1379241984;0;0;0;0;0;0;0;0;0;0;0;2354;0;0;125;0;42;0;
5157;2362741;1180856320;16470016;1379241984;0;0;0;0;0;0;0;0;0;0;0;1954;0;0;125;0;42;0;
5158;2015760;1180856320;16470016;1379241984;0;0;0;0;0;0;0;0;0;0;0;2114;0;0;125;0;42;0;
5159;1911986;1180856320;16470016;1379241984;0;0;0;0;0;0;0;0;0;0;0;2174;0;0;125;0;42;0;
5160;1602375;1180856320;16470016;1379241984;0;0;0;0;0;0;0;0;0;0;0;2164;0;0;125;0;42;0;
5161;4548440;1180856320;16470016;1379241984;0;0;0;0;0;0;0;0;0;0;0;2014;0;0;125;0;42;0;
5162;2602100;1180856320;16470016;1379241984;0;0;0;0;0;0;0;0;0;0;0;2555;0;0;125;0;42;0;
5163;2004700;1180856320;16470016;1379241984;0;0;0;0;0;0;0;0;0;0;0;1974;0;0;125;0;42;0;
5164;1665013;1180856320;16470016;1379241984;0;0;0;0;0;0;0;0;0;0;0;1963;0;0;125;0;42;0;
5165;2258967;1180856320;16470016;1379241984;0;0;0;0;0;0;0;0;0;0;0;2194;0;0;125;0;42;0;
5166;1528397;1180856320;16470016;1379241984;0;0;0;0;0;0;0;0;0;0;0;2014;0;0;125;0;42;0;
5167;5172691;1180856320;16470016;1379241984;0;0;0;0;0;0;0;0;0;0;0;1754;0;0;125;0;42;0;
5168;3219799;1180856320;16470016;1379241984;0;0;0;0;0;0;0;0;0;0;0;1764;0;0;125;0;42;0;
5169;1311971;1180856320;16470016;1379241984;0;0;0;0;0;0;0;0;0;0;0;1623;0;0;125;0;42;0;
5170;1767384;1180856320;16470016;1379241984;0;0;0;0;0;0;0;0;0;0;0;1643;0;0;125;0;42;0;
5171;1156369;1180856320;16470016;1379241984;0;0;0;0;0;0;0;0;0;0;0;1844;0;0;125;0;42;0;
5172;1698525;1180856320;16470016;1379241984;0;0;0;0;0;0;0;0;0;0;0;1683;0;0;125;0;42;0;
5173;1407740;1180856320;16470016;1379241984;0;0;0;0;0;0;0;0;0;0;0;1653;0;0;125;0;42;0;
5174;5038309;1180856320;16470016;1379241984;0;0;0;0;0;0;0;0;0;0;0;1824;0;0;125;0;42;0;
5175;2862338;1180856320;16470016;1379241984;0;0;0;0;0;0;0;0;0;0;0;1813;0;0;125;0;42;0;
5176;2295395;1180856320;16470016;1379241984;0;0;0;0;0;0;0;0;0;0;0;1613;0;0;125;0;42;0;
5177;2668815;1180856320;16470016;1379241984;0;0;0;0;0;0;0;0;0;0;0;1683;0;0;125;0;42;0;
5178;2241263;1180856320;16470016;1379241984;0;0;0;0;0;0;0;0;0;0;0;1743;0;0;125;0;42;0;
5179;946745;1180856320;16470016;1379241984;0;0;0;0;0;0;0;0;0;0;0;2004;0;0;125;0;42;0;
5180;5037277;1180856320;16470016;1379241984;0;0;0;0;0;0;0;0;0;0;0;1593;0;0;125;0;42;0;
5181;3724615;1180856320;16470016;1379241984;0;0;0;0;0;0;0;0;0;0;0;4318;0;0;125;0;42;0;
5182;1974252;1180856320;16470016;1379241984;0;0;0;0;0;0;0;0;0;0;0;1923;0;0;125;0;42;0;
5183;1773125;1180856320;16470016;1379241984;0;0;0;0;0;0;0;0;0;0;0;1843;0;0;125;0;42;0;
5184;2440377;1180856320;16470016;1379241984;0;0;0;0;0;0;0;0;0;0;0;1824;0;0;125;0;42;0;
5185;1551039;1180856320;16470016;1379241984;0;0;0;0;0;0;0;0;0;0;0;2184;0;0;125;0;42;0;
5186;4852651;1180856320;16470016;1379241984;0;0;0;0;0;0;0;0;0;0;0;1743;0;0;125;0;42;0;
5187;2823044;1180856320;16470016;1379241984;0;0;0;0;0;0;0;0;0;0;0;2535;0;0;125;0;42;0;
5188;2036078;1180856320;16470016;1379241984;0;0;0;0;0;0;0;0;0;0;0;2044;0;0;125;0;42;0;
5189;2017934;1180856320;16470016;1379241984;0;0;0;0;0;0;0;0;0;0;0;1533;0;0;125;0;42;0;
5190;1274610;1180856320;16470016;1379241984;0;0;0;0;0;0;0;0;0;0;0;1503;0;0;125;0;42;0;
5191;1701331;1180856320;16470016;1379241984;0;0;0;0;0;0;0;0;0;0;0;1834;0;0;125;0;42;0;
5192;1082439;1180856320;16470016;1379241984;0;0;0;0;0;0;0;0;0;0;0;1583;0;0;125;0;42;0;
5193;4136438;1180856320;16470016;1379241984;0;0;0;0;0;0;0;0;0;0;0;1723;0;0;125;0;42;0;
5194;3178721;1180856320;16470016;1379241984;0;0;0;0;0;0;0;0;0;0;0;1823;0;0;125;0;42;0;
5195;2201900;1180856320;16470016;1379241984;0;0;0;0;0;0;0;0;0;0;0;1653;0;0;125;0;42;0;
5196;1184121;1180856320;16470016;1379241984;0;0;0;0;0;0;0;0;0;0;0;1654;0;0;125;0;42;0;
5197;1666695;1180856320;16470016;1379241984;0;0;0;0;0;0;0;0;0;0;0;1703;0;0;125;0;42;0;
5198;1326187;1180856320;16470016;1379241984;0;0;0;0;0;0;0;0;0;0;0;1653;0;0;125;0;42;0;
5199;4332074;1180856320;16470016;1379241984;0;0;0;0;0;0;0;0;0;0;0;1693;0;0;125;0;42;0;
5200;2120567;1180856320;16470016;1379241984;0;0;0;0;0;0;0;0;0;0;0;1773;0;0;125;0;42;0;
5201;1522666;1180856320;16470016;1379241984;0;0;0;0;0;0;0;0;0;0;0;1904;0;0;125;0;42;0;
5202;1594711;1180856320;16470016;1379241984;0;0;0;0;0;0;0;0;0;0;0;1633;0;0;125;0;42;0;
5203;1535890;1180856320;16470016;1379241984;0;0;0;0;0;0;0;0;0;0;0;1603;0;0;125;0;42;0;
5204;1570957;1180856320;16470016;1379241984;0;0;0;0;0;0;0;0;0;0;0;1623;0;0;125;0;42;0;
5205;4514687;1180856320;16470016;1379241984;0;0;0;0;0;0;0;0;0;0;0;2094;0;0;125;0;42;0;
5206;2657234;1180856320;16470016;1379241984;0;0;0;0;0;0;0;0;0;0;0;3687;0;0;125;0;42;0;
5207;1843187;1180856320;16470016;1379241984;0;0;0;0;0;0;0;0;0;0;0;1933;0;0;125;0;42;0;
5208;1784948;1180856320;16470016;1379241984;0;0;0;0;0;0;0;0;0;0;0;1924;0;0;125;0;42;0;
5209;2017634;1180856320;16470016;1379241984;0;0;0;0;0;0;0;0;0;0;0;2114;0;0;125;0;42;0;
5210;1338931;1180856320;16470016;1379241984;0;0;0;0;0;0;0;0;0;0;0;2234;0;0;125;0;42;0;
5211;4560753;1180856320;16470016;1379241984;0;0;0;0;0;0;0;0;0;0;0;1823;0;0;125;0;42;0;
5212;3589942;1180856320;16470016;1379241984;0;0;0;0;0;0;0;0;0;0;0;2845;0;0;125;0;42;0;
5213;1648562;1180856320;16470016;1379241984;0;0;0;0;0;0;0;0;0;0;0;2114;0;0;125;0;42;0;
5214;2020870;1180856320;16470016;1379241984;0;0;0;0;0;0;0;0;0;0;0;1854;0;0;125;0;42;0;
5215;2463480;1180856320;16470016;1379241984;0;0;0;0;0;0;0;0;0;0;0;2525;0;0;125;0;42;0;
5216;1875167;1180856320;16470016;1379241984;0;0;0;0;0;0;0;0;0;0;0;1894;0;0;125;0;42;0;
5217;1594871;1180856320;16470016;1379241984;0;0;0;0;0;0;0;0;0;0;0;1934;0;0;125;0;42;0;
5218;4722306;1180856320;16470016;1379241984;0;0;0;0;0;0;0;0;0;0;0;2044;0;0;125;0;42;0;
5219;3760863;1180856320;16470016;1379241984;0;0;0;0;0;0;0;0;0;0;0;3456;0;0;125;0;42;0;
5220;1517727;1180856320;16470016;1379241984;0;0;0;0;0;0;0;0;0;0;0;1964;0;0;125;0;42;0;
5221;1569353;1180856320;16470016;1379241984;0;0;0;0;0;0;0;0;0;0;0;2215;0;0;125;0;42;0;
5222;2282420;1180856320;16470016;1379241984;0;0;0;0;0;0;0;0;0;0;0;1913;0;0;125;0;42;0;
5223;2774493;1180856320;16470016;1379241984;0;0;0;0;0;0;0;0;0;0;0;1944;0;0;125;0;42;0;
5224;1728201;1180856320;16470016;1379241984;0;0;0;0;0;0;0;0;0;0;0;1974;0;0;125;0;42;0;
5225;4813307;1180856320;16470016;1379241984;0;0;0;0;0;0;0;0;0;0;0;1823;0;0;125;0;42;0;
5226;3424964;1180856320;16470016;1379241984;0;0;0;0;0;0;0;0;0;0;0;2254;0;0;125;0;42;0;
5227;1919570;1180856320;16470016;1379241984;0;0;0;0;0;0;0;0;0;0;0;2445;0;0;125;0;42;0;
5228;2450245;1180856320;16470016;1379241984;0;0;0;0;0;0;0;0;0;0;0;2084;0;0;125;0;42;0;
5229;2150844;1180856320;16470016;1379241984;0;0;0;0;0;0;0;0;0;0;0;7054;0;0;125;0;42;0;
5230;3011357;1180856320;16470016;1379241984;0;0;0;0;0;0;0;0;0;0;0;2284;0;0;125;0;42;0;
5231;1810325;1180856320;16470016;1379241984;0;0;0;0;0;0;0;0;0;0;0;2104;0;0;125;0;42;0;
5232;4765808;1180856320;16470016;1379241984;0;0;0;0;0;0;0;0;0;0;0;2074;0;0;125;0;42;0;
5233;3590904;1180856320;16470016;1379241984;0;0;0;0;0;0;0;0;0;0;0;2405;0;0;125;0;42;0;
5234;2224683;1180856320;16470016;1379241984;0;0;0;0;0;0;0;0;0;0;0;2174;0;0;125;0;42;0;
5235;1823830;1180856320;16470016;1379241984;0;0;0;0;0;0;0;0;0;0;0;1953;0;0;125;0;42;0;
5236;2451748;1180856320;16470016;1379241984;0;0;0;0;0;0;0;0;0;0;0;1914;0;0;125;0;42;0;
5237;1980655;1180856320;16470016;1379241984;0;0;0;0;0;0;0;0;0;0;0;1953;0;0;125;0;42;0;
5238;1471089;1180856320;16470016;1379241984;0;0;0;0;0;0;0;0;0;0;0;2184;0;0;125;0;42;0;
5239;4682712;1180856320;16470016;1379241984;0;0;0;0;0;0;0;0;0;0;0;1944;0;0;125;0;42;0;
5240;3216572;1180856320;16470016;1379241984;0;0;0;0;0;0;0;0;0;0;0;2064;0;0;125;0;42;0;
5241;2003588;1180856320;16470016;1379241984;0;0;0;0;0;0;0;0;0;0;0;2004;0;0;125;0;42;0;
5242;2547257;1180856320;16470016;1379241984;0;0;0;0;0;0;0;0;0;0;0;2144;0;0;125;0;42;0;
5243;1528717;1180856320;16470016;1379241984;0;0;0;0;0;0;0;0;0;0;0;2074;0;0;125;0;42;0;
5244;1574473;1180856320;16470016;1379241984;0;0;0;0;0;0;0;0;0;0;0;1914;0;0;125;0;42;0;
5245;1505193;1180856320;16470016;1379241984;0;0;0;0;0;0;0;0;0;0;0;2184;0;0;125;0;42;0;
5246;5037628;1180856320;16470016;1379241984;0;0;0;0;0;0;0;0;0;0;0;1874;0;0;125;0;42;0;
5247;3786912;1180856320;16470016;1379241984;0;0;0;0;0;0;0;0;0;0;0;2555;0;0;125;0;42;0;
5248;2294734;1180856320;16470016;1379241984;0;0;0;0;0;0;0;0;0;0;0;1954;0;0;125;0;42;0;
5249;1689498;1180856320;16470016;1379241984;0;0;0;0;0;0;0;0;0;0;0;1933;0;0;125;0;42;0;
5250;3034200;1180856320;16470016;1379241984;0;0;0;0;0;0;0;0;0;0;0;2044;0;0;125;0;42;0;
5251;2442822;1180856320;16470016;1379241984;0;0;0;0;0;0;0;0;0;0;0;2074;0;0;125;0;42;0;
5252;5256107;1180856320;16470016;1379241984;0;0;0;0;0;0;0;0;0;0;0;2044;0;0;125;0;42;0;
5253;2740189;1180856320;16470016;1379241984;0;0;0;0;0;0;0;0;0;0;0;2224;0;0;125;0;42;0;
5254;1973542;1180856320;16470016;1379241984;0;0;0;0;0;0;0;0;0;0;0;1954;0;0;125;0;42;0;
5255;2117221;1180856320;16470016;1379241984;0;0;0;0;0;0;0;0;0;0;0;2144;0;0;125;0;42;0;
5256;2585178;1180856320;16470016;1379241984;0;0;0;0;0;0;0;0;0;0;0;1974;0;0;125;0;42;0;
5257;1374488;1180856320;16470016;1379241984;0;0;0;0;0;0;0;0;0;0;0;2064;0;0;125;0;42;0;
5258;4411053;1180856320;16470016;1379241984;0;0;0;0;0;0;0;0;0;0;0;2104;0;0;125;0;42;0;
5259;3059207;1180856320;16470016;1379241984;0;0;0;0;0;0;0;0;0;0;0;2344;0;0;125;0;42;0;
5260;3151370;1180856320;16470016;1379241984;0;0;0;0;0;0;0;0;0;0;0;1984;0;0;125;0;42;0;
5261;2267873;1180856320;16470016;1379241984;0;0;0;0;0;0;0;0;0;0;0;2084;0;0;125;0;42;0;
5262;2645251;1180856320;16470016;1379241984;0;0;0;0;0;0;0;0;0;0;0;1893;0;0;125;0;42;0;
5263;2177704;1180856320;16470016;1379241984;0;0;0;0;0;0;0;0;0;0;0;1913;0;0;125;0;42;0;
5264;5075278;1180856320;16470016;1379241984;0;0;0;0;0;0;0;0;0;0;0;1954;0;0;125;0;42;0;
5265;1944126;1180856320;16470016;1379241984;0;0;0;0;0;0;0;0;0;0;0;2185;0;0;125;0;42;0;
5266;2246293;1180856320;16470016;1379241984;0;0;0;0;0;0;0;0;0;0;0;2003;0;0;125;0;42;0;
5267;1831013;1180856320;16470016;1379241984;0;0;0;0;0;0;0;0;0;0;0;2063;0;0;125;0;42;0;
5268;1704948;1180856320;16470016;1379241984;0;0;0;0;0;0;0;0;0;0;0;1944;0;0;125;0;42;0;
5269;1562881;1180856320;16470016;1379241984;0;0;0;0;0;0;0;0;0;0;0;1993;0;0;125;0;42;0;
5270;4112512;1180856320;16470016;1379241984;0;0;0;0;0;0;0;0;0;0;0;1934;0;0;125;0;42;0;
5271;2344306;1180856320;16470016;1379241984;0;0;0;0;0;0;0;0;0;0;0;2776;0;0;125;0;42;0;
5272;2436920;1180856320;16470016;1379241984;0;0;0;0;0;0;0;0;0;0;0;1974;0;0;125;0;42;0;
5273;2204634;1180856320;16470016;1379241984;0;0;0;0;0;0;0;0;0;0;0;2144;0;0;125;0;42;0;
5274;2010050;1180856320;16470016;1379241984;0;0;0;0;0;0;0;0;0;0;0;1903;0;0;125;0;42;0;
5275;1359089;1180856320;16470016;1379241984;0;0;0;0;0;0;0;0;0;0;0;1954;0;0;125;0;42;0;
5276;4690256;1180856320;16470016;1379241984;0;0;0;0;0;0;0;0;0;0;0;1974;0;0;125;0;42;0;
5277;2557256;1180856320;16470016;1379241984;0;0;0;0;0;0;0;0;0;0;0;1883;0;0;125;0;42;0;
5278;2139843;1180856320;16470016;1379241984;0;0;0;0;0;0;0;0;0;0;0;1943;0;0;125;0;42;0;
5279;1293806;1180856320;16470016;1379241984;0;0;0;0;0;0;0;0;0;0;0;2395;0;0;125;0;42;0;
5280;1981817;1180856320;16470016;1379241984;0;0;0;0;0;0;0;0;0;0;0;2124;0;0;125;0;42;0;
5281;1167861;1180856320;16470016;1379241984;0;0;0;0;0;0;0;0;0;0;0;1954;0;0;125;0;42;0;
5282;4311405;1180856320;16470016;1379241984;0;0;0;0;0;0;0;0;0;0;0;1953;0;0;125;0;42;0;
5283;2488317;1180856320;16470016;1379241984;0;0;0;0;0;0;0;0;0;0;0;2013;0;0;125;0;42;0;
5284;1566127;1180856320;16470016;1379241984;0;0;0;0;0;0;0;0;0;0;0;1884;0;0;125;0;42;0;
5285;1486779;1180856320;16470016;1379241984;0;0;0;0;0;0;0;0;0;0;0;1983;0;0;125;0;42;0;
5286;2285075;1180856320;16470016;1379241984;0;0;0;0;0;0;0;0;0;0;0;1853;0;0;125;0;42;0;
5287;1186275;1180856320;16470016;1379241984;0;0;0;0;0;0;0;0;0;0;0;1924;0;0;125;0;42;0;
5288;4715263;1180856320;16470016;1379241984;0;0;0;0;0;0;0;0;0;0;0;1923;0;0;125;0;42;0;
5289;2124234;1180856320;16470016;1379241984;0;0;0;0;0;0;0;0;0;0;0;1994;0;0;125;0;42;0;
5290;1881809;1180856320;16470016;1379241984;0;0;0;0;0;0;0;0;0;0;0;2264;0;0;125;0;42;0;
5291;1411107;1180856320;16470016;1379241984;0;0;0;0;0;0;0;0;0;0;0;1924;0;0;125;0;42;0;
5292;2036980;1180856320;16470016;1379241984;0;0;0;0;0;0;0;0;0;0;0;2174;0;0;125;0;42;0;
5293;1357916;1180856320;16470016;1379241984;0;0;0;0;0;0;0;0;0;0;0;1884;0;0;125;0;42;0;
5294;4158418;1180856320;16470016;1379241984;0;0;0;0;0;0;0;0;0;0;0;2154;0;0;125;0;42;0;
5295;2593534;1180856320;16470016;1379241984;0;0;0;0;0;0;0;0;0;0;0;2275;0;0;125;0;42;0;
5296;2184267;1180856320;16470016;1379241984;0;0;0;0;0;0;0;0;0;0;0;2946;0;0;125;0;42;0;
5297;1378845;1180856320;16470016;1379241984;0;0;0;0;0;0;0;0;0;0;0;1913;0;0;125;0;42;0;
5298;1524749;1180856320;16470016;1379241984;0;0;0;0;0;0;0;0;0;0;0;2194;0;0;125;0;42;0;
5299;1470207;1180856320;16470016;1379241984;0;0;0;0;0;0;0;0;0;0;0;2054;0;0;125;0;42;0;
5300;4324289;1180856320;16470016;1379241984;0;0;0;0;0;0;0;0;0;0;0;2044;0;0;125;0;42;0;
5301;2396594;1180856320;16470016;1379241984;0;0;0;0;0;0;0;0;0;0;0;86251;0;0;125;0;42;0;
5302;1893731;1180856320;16470016;1379241984;0;0;0;0;0;0;0;0;0;0;0;2074;0;0;125;0;42;0;
5303;1732970;1180856320;16470016;1379241984;0;0;0;0;0;0;0;0;0;0;0;1914;0;0;125;0;42;0;
5304;1921443;1180856320;16470016;1379241984;0;0;0;0;0;0;0;0;0;0;0;1833;0;0;125;0;42;0;
5305;1232912;1180856320;16470016;1379241984;0;0;0;0;0;0;0;0;0;0;0;1954;0;0;125;0;42;0;
5306;4393860;1180856320;16470016;1379241984;0;0;0;0;0;0;0;0;0;0;0;1873;0;0;125;0;42;0;
5307;2762942;1180856320;16470016;1379241984;0;0;0;0;0;0;0;0;0;0;0;2455;0;0;125;0;42;0;
5308;1641789;1180856320;16470016;1379241984;0;0;0;0;0;0;0;0;0;0;0;2144;0;0;125;0;42;0;
5309;1528426;1180856320;16470016;1379241984;0;0;0;0;0;0;0;0;0;0;0;2074;0;0;125;0;42;0;
5310;2151054;1180856320;16470016;1379241984;0;0;0;0;0;0;0;0;0;0;0;1974;0;0;125;0;42;0;
5311;1245265;1180856320;16470016;1379241984;0;0;0;0;0;0;0;0;0;0;0;2134;0;0;125;0;42;0;
5312;4558849;1180856320;16470016;1379241984;0;0;0;0;0;0;0;0;0;0;0;1914;0;0;125;0;42;0;
5313;2773361;1180856320;16470016;1379241984;0;0;0;0;0;0;0;0;0;0;0;3126;0;0;125;0;42;0;
5314;1755052;1180856320;16470016;1379241984;0;0;0;0;0;0;0;0;0;0;0;2104;0;0;125;0;42;0;
5315;1388213;1180856320;16470016;1379241984;0;0;0;0;0;0;0;0;0;0;0;2084;0;0;125;0;42;0;
5316;1489032;1180856320;16470016;1379241984;0;0;0;0;0;0;0;0;0;0;0;2224;0;0;125;0;42;0;
5317;1315327;1180856320;16470016;1379241984;0;0;0;0;0;0;0;0;0;0;0;1934;0;0;125;0;42;0;
5318;4942980;1180856320;16470016;1379241984;0;0;0;0;0;0;0;0;0;0;0;2064;0;0;125;0;42;0;
5319;3502138;1180856320;16470016;1379241984;0;0;0;0;0;0;0;0;0;0;0;2805;0;0;125;0;42;0;
5320;2445346;1180856320;16470016;1379241984;0;0;0;0;0;0;0;0;0;0;0;5841;0;0;125;0;42;0;
5321;2674626;1180856320;16470016;1379241984;0;0;0;0;0;0;0;0;0;0;0;2465;0;0;125;0;42;0;
5322;2147568;1180856320;16470016;1379241984;0;0;0;0;0;0;0;0;0;0;0;2254;0;0;125;0;42;0;
5323;2764695;1180856320;16470016;1379241984;0;0;0;0;0;0;0;0;0;0;0;2144;0;0;125;0;42;0;
5324;1675963;1180856320;16470016;1379241984;0;0;0;0;0;0;0;0;0;0;0;2194;0;0;125;0;42;0;
5325;4636095;1180856320;16470016;1379241984;0;0;0;0;0;0;0;0;0;0;0;2325;0;0;125;0;42;0;
5326;3529039;1180856320;16470016;1379241984;0;0;0;0;0;0;0;0;0;0;0;2465;0;0;125;0;42;0;
5327;1857233;1180856320;16470016;1379241984;0;0;0;0;0;0;0;0;0;0;0;2214;0;0;125;0;42;0;
5328;8127843;1180856320;16470016;1379241984;0;0;0;0;0;0;0;0;0;0;0;1843;0;0;125;0;42;0;
5329;1425733;1180856320;16470016;1379241984;0;0;0;0;0;0;0;0;0;0;0;1994;0;0;125;0;42;0;
5330;1633884;1180856320;16470016;1379241984;0;0;0;0;0;0;0;0;0;0;0;1993;0;0;125;0;42;0;
5331;1223625;1180856320;16470016;1379241984;0;0;0;0;0;0;0;0;0;0;0;2164;0;0;125;0;42;0;
5332;5004345;1180856320;16470016;1379241984;0;0;0;0;0;0;0;0;0;0;0;2043;0;0;125;0;42;0;
5333;3350624;1180856320;16470016;1379241984;0;0;0;0;0;0;0;0;0;0;0;3376;0;0;125;0;42;0;
5334;1338841;1180856320;16470016;1379241984;0;0;0;0;0;0;0;0;0;0;0;2094;0;0;125;0;42;0;
5335;2595598;1180856320;16470016;1379241984;0;0;0;0;0;0;0;0;0;0;0;1924;0;0;125;0;42;0;
5336;1120622;1180856320;16470016;1379241984;0;0;0;0;0;0;0;0;0;0;0;2314;0;0;125;0;42;0;
5337;1951300;1180856320;16470016;1379241984;0;0;0;0;0;0;0;0;0;0;0;1964;0;0;125;0;42;0;
5338;1362064;1180856320;16470016;1379241984;0;0;0;0;0;0;0;0;0;0;0;1893;0;0;125;0;42;0;
5339;4477598;1180856320;16470016;1379241984;0;0;0;0;0;0;0;0;0;0;0;2294;0;0;125;0;42;0;
5340;2653647;1180856320;16470016;1379241984;0;0;0;0;0;0;0;0;0;0;0;1673;0;0;125;0;42;0;
5341;2448812;1180856320;16470016;1379241984;0;0;0;0;0;0;0;0;0;0;0;1603;0;0;125;0;42;0;
5342;1476970;1180856320;16470016;1379241984;0;0;0;0;0;0;0;0;0;0;0;1654;0;0;125;0;42;0;
5343;2087215;1180856320;16470016;1379241984;0;0;0;0;0;0;0;0;0;0;0;1583;0;0;125;0;42;0;
5344;1315197;1180856320;16470016;1379241984;0;0;0;0;0;0;0;0;0;0;0;1543;0;0;125;0;42;0;
5345;4893047;1180856320;16470016;1379241984;0;0;0;0;0;0;0;0;0;0;0;1473;0;0;125;0;42;0;
5346;2352051;1180856320;16470016;1379241984;0;0;0;0;0;0;0;0;0;0;0;1904;0;0;125;0;42;0;
5347;2486142;1180856320;16470016;1379241984;0;0;0;0;0;0;0;0;0;0;0;1924;0;0;125;0;42;0;
5348;2394170;1180856320;16470016;1379241984;0;0;0;0;0;0;0;0;0;0;0;1933;0;0;125;0;42;0;
5349;1841824;1180856320;16470016;1379241984;0;0;0;0;0;0;0;0;0;0;0;1923;0;0;125;0;42;0;
5350;1516434;1180856320;16470016;1379241984;0;0;0;0;0;0;0;0;0;0;0;1503;0;0;125;0;42;0;
5351;1327169;1180856320;16470016;1379241984;0;0;0;0;0;0;0;0;0;0;0;2365;0;0;125;0;42;0;
5352;4302729;1180856320;16470016;1379241984;0;0;0;0;0;0;0;0;0;0;0;2585;0;0;125;0;42;0;
5353;2885832;1180856320;16470016;1379241984;0;0;0;0;0;0;0;0;0;0;0;2255;0;0;125;0;42;0;
5354;2160572;1180856320;16470016;1379241984;0;0;0;0;0;0;0;0;0;0;0;2124;0;0;125;0;42;0;
5355;2033023;1180856320;16470016;1379241984;0;0;0;0;0;0;0;0;0;0;0;1954;0;0;125;0;42;0;
5356;1420103;1180856320;16470016;1379241984;0;0;0;0;0;0;0;0;0;0;0;1853;0;0;125;0;42;0;
5357;1939547;1180856320;16470016;1379241984;0;0;0;0;0;0;0;0;0;0;0;1753;0;0;125;0;42;0;
5358;1896496;1180856320;16470016;1379241984;0;0;0;0;0;0;0;0;0;0;0;1934;0;0;125;0;42;0;
5359;5310880;1180856320;16474112;1379246080;0;0;0;0;0;0;0;0;0;0;0;2214;0;0;125;0;42;0;
5360;3419403;1180856320;16478208;1379250176;0;0;0;0;0;0;0;0;0;0;0;1863;0;0;125;0;42;0;
5361;2020469;1180856320;16478208;1379250176;0;0;0;0;0;0;0;0;0;0;0;1984;0;0;125;0;42;0;
5362;1459477;1180856320;16478208;1379250176;0;0;0;0;0;0;0;0;0;0;0;2003;0;0;125;0;42;0;
5363;1277285;1180856320;16478208;1379250176;0;0;0;0;0;0;0;0;0;0;0;1814;0;0;125;0;42;0;
5364;2200327;1180856320;16478208;1379250176;0;0;0;0;0;0;0;0;0;0;0;1903;0;0;125;0;42;0;
5365;1825433;1180856320;16478208;1379250176;0;0;0;0;0;0;0;0;0;0;0;1452;0;0;125;0;42;0;
5366;4725873;1180856320;16478208;1379250176;0;0;0;0;0;0;0;0;0;0;0;1503;0;0;125;0;42;0;
5367;2115758;1180856320;16478208;1379250176;0;0;0;0;0;0;0;0;0;0;0;1643;0;0;125;0;42;0;
5368;1586195;1180856320;16478208;1379250176;0;0;0;0;0;0;0;0;0;0;0;1573;0;0;125;0;42;0;
5369;1156970;1180856320;16478208;1379250176;0;0;0;0;0;0;0;0;0;0;0;1693;0;0;125;0;42;0;
5370;2497915;1180856320;16478208;1379250176;0;0;0;0;0;0;0;0;0;0;0;1272;0;0;125;0;42;0;
5371;1506525;1180856320;16478208;1379250176;0;0;0;0;0;0;0;0;0;0;0;1663;0;0;125;0;42;0;
5372;4910378;1180856320;16478208;1379250176;0;0;0;0;0;0;0;0;0;0;0;1533;0;0;125;0;42;0;
5373;2287781;1180856320;16478208;1379250176;0;0;0;0;0;0;0;0;0;0;0;1743;0;0;125;0;42;0;
5374;1142643;1180856320;16478208;1379250176;0;0;0;0;0;0;0;0;0;0;0;1492;0;0;125;0;42;0;
5375;1539938;1180856320;16470016;1379241984;0;0;0;0;0;0;0;0;0;0;0;1744;0;0;125;0;42;0;
5376;1335695;1180856320;16470016;1379241984;0;0;0;0;0;0;0;0;0;0;0;1723;0;0;125;0;42;0;
5377;1651677;1180856320;16470016;1379241984;0;0;0;0;0;0;0;0;0;0;0;1563;0;0;125;0;42;0;
5378;1490566;1180856320;16470016;1379241984;0;0;0;0;0;0;0;0;0;0;0;1513;0;0;125;0;42;0;
5379;4742073;1180856320;16470016;1379241984;0;0;0;0;0;0;0;0;0;0;0;1713;0;0;125;0;42;0;
5380;2661351;1180856320;16470016;1379241984;0;0;0;0;0;0;0;0;0;0;0;2204;0;0;125;0;42;0;
5381;1379938;1180856320;16470016;1379241984;0;0;0;0;0;0;0;0;0;0;0;1733;0;0;125;0;42;0;
5382;1393733;1180856320;16470016;1379241984;0;0;0;0;0;0;0;0;0;0;0;1513;0;0;125;0;42;0;
5383;1476089;1180856320;16470016;1379241984;0;0;0;0;0;0;0;0;0;0;0;1513;0;0;125;0;42;0;
5384;1622823;1180856320;16470016;1379241984;0;0;0;0;0;0;0;0;0;0;0;1784;0;0;125;0;42;0;
5385;1934147;1180856320;16470016;1379241984;0;0;0;0;0;0;0;0;0;0;0;1533;0;0;125;0;42;0;
5386;4242005;1180856320;16470016;1379241984;0;0;0;0;0;0;0;0;0;0;0;1633;0;0;125;0;42;0;
5387;2113634;1180856320;16470016;1379241984;0;0;0;0;0;0;0;0;0;0;0;1673;0;0;125;0;42;0;
5388;1625158;1180856320;16470016;1379241984;0;0;0;0;0;0;0;0;0;0;0;1683;0;0;125;0;42;0;
5389;1477100;1180856320;16470016;1379241984;0;0;0;0;0;0;0;0;0;0;0;1533;0;0;125;0;42;0;
5390;2088767;1180856320;16470016;1379241984;0;0;0;0;0;0;0;0;0;0;0;1543;0;0;125;0;42;0;
5391;1237250;1180856320;16470016;1379241984;0;0;0;0;0;0;0;0;0;0;0;1714;0;0;125;0;42;0;
5392;4558228;1180856320;16470016;1379241984;0;0;0;0;0;0;0;0;0;0;0;1413;0;0;125;0;42;0;
5393;1763978;1180856320;16470016;1379241984;0;0;0;0;0;0;0;0;0;0;0;1783;0;0;125;0;42;0;
5394;1608647;1180856320;16470016;1379241984;0;0;0;0;0;0;0;0;0;0;0;1543;0;0;125;0;42;0;
5395;1268669;1180856320;16470016;1379241984;0;0;0;0;0;0;0;0;0;0;0;1653;0;0;125;0;42;0;
5396;2122821;1180856320;16470016;1379241984;0;0;0;0;0;0;0;0;0;0;0;1553;0;0;125;0;42;0;
5397;1654152;1180856320;16470016;1379241984;0;0;0;0;0;0;0;0;0;0;0;2475;0;0;125;0;42;0;
5398;4444335;1180856320;16470016;1379241984;0;0;0;0;0;0;0;0;0;0;0;2505;0;0;125;0;42;0;
5399;2668394;1180856320;16470016;1379241984;0;0;0;0;0;0;0;0;0;0;0;2024;0;0;125;0;42;0;
5400;1758688;1180856320;16470016;1379241984;0;0;0;0;0;0;0;0;0;0;0;1913;0;0;125;0;42;0;
5401;1535440;1180856320;16470016;1379241984;0;0;0;0;0;0;0;0;0;0;0;2214;0;0;125;0;42;0;
5402;2192883;1180856320;16470016;1379241984;0;0;0;0;0;0;0;0;0;0;0;1823;0;0;125;0;42;0;
5403;1434881;1180856320;16470016;1379241984;0;0;0;0;0;0;0;0;0;0;0;2024;0;0;125;0;42;0;
5404;4661101;1180856320;16470016;1379241984;0;0;0;0;0;0;0;0;0;0;0;1883;0;0;125;0;42;0;
5405;3150469;1180856320;16470016;1379241984;0;0;0;0;0;0;0;0;0;0;0;2014;0;0;125;0;42;0;
5406;1885115;1180856320;16470016;1379241984;0;0;0;0;0;0;0;0;0;0;0;1823;0;0;125;0;42;0;
5407;1905063;1180856320;16470016;1379241984;0;0;0;0;0;0;0;0;0;0;0;1763;0;0;125;0;42;0;
5408;1365241;1180856320;16470016;1379241984;0;0;0;0;0;0;0;0;0;0;0;2064;0;0;125;0;42;0;
5409;1558984;1180856320;16470016;1379241984;0;0;0;0;0;0;0;0;0;0;0;1963;0;0;125;0;42;0;
5410;1330886;1180856320;16470016;1379241984;0;0;0;0;0;0;0;0;0;0;0;1814;0;0;125;0;42;0;
5411;4213902;1180856320;16470016;1379241984;0;0;0;0;0;0;0;0;0;0;0;2064;0;0;125;0;42;0;
5412;2575029;1180856320;16470016;1379241984;0;0;0;0;0;0;0;0;0;0;0;2314;0;0;125;0;42;0;
5413;1643101;1180856320;16470016;1379241984;0;0;0;0;0;0;0;0;0;0;0;1954;0;0;125;0;42;0;
5414;1394285;1180856320;16470016;1379241984;0;0;0;0;0;0;0;0;0;0;0;1793;0;0;125;0;42;0;
5415;1453536;1180856320;16470016;1379241984;0;0;0;0;0;0;0;0;0;0;0;2084;0;0;125;0;42;0;
5416;1311299;1180856320;16470016;1379241984;0;0;0;0;0;0;0;0;0;0;0;2154;0;0;125;0;42;0;
5417;4254068;1180856320;16470016;1379241984;0;0;0;0;0;0;0;0;0;0;0;1793;0;0;125;0;42;0;
5418;1631199;1180856320;16470016;1379241984;0;0;0;0;0;0;0;0;0;0;0;1542;0;0;125;0;42;0;
5419;1673689;1180856320;16470016;1379241984;0;0;0;0;0;0;0;0;0;0;0;1423;0;0;125;0;42;0;
5420;1242861;1180856320;16470016;1379241984;0;0;0;0;0;0;0;0;0;0;0;1523;0;0;125;0;42;0;
5421;1791710;1180856320;16470016;1379241984;0;0;0;0;0;0;0;0;0;0;0;1483;0;0;125;0;42;0;
5422;1284149;1180856320;16470016;1379241984;0;0;0;0;0;0;0;0;0;0;0;1513;0;0;125;0;42;0;
5423;4161815;1180856320;16470016;1379241984;0;0;0;0;0;0;0;0;0;0;0;1643;0;0;125;0;42;0;
5424;1552021;1180856320;16470016;1379241984;0;0;0;0;0;0;0;0;0;0;0;1743;0;0;125;0;42;0;
5425;1739142;1180856320;16470016;1379241984;0;0;0;0;0;0;0;0;0;0;0;1462;0;0;125;0;42;0;
5426;930885;1180856320;16470016;1379241984;0;0;0;0;0;0;0;0;0;0;0;1623;0;0;125;0;42;0;
5427;1502168;1180856320;16470016;1379241984;0;0;0;0;0;0;0;0;0;0;0;1613;0;0;125;0;42;0;
5428;1356514;1180856320;16470016;1379241984;0;0;0;0;0;0;0;0;0;0;0;1533;0;0;125;0;42;0;
5429;4087967;1180856320;16470016;1379241984;0;0;0;0;0;0;0;0;0;0;0;1513;0;0;125;0;42;0;
5430;2220794;1180856320;16470016;1379241984;0;0;0;0;0;0;0;0;0;0;0;1443;0;0;125;0;42;0;
5431;1261826;1180856320;16470016;1379241984;0;0;0;0;0;0;0;0;0;0;0;1653;0;0;125;0;42;0;
5432;1460549;1180852224;16465920;1379237888;0;0;0;0;0;0;0;0;0;0;0;1492;0;0;125;0;42;0;
5433;1621270;1180852224;16465920;1379237888;0;0;0;0;0;0;0;0;0;0;0;1453;0;0;125;0;42;0;
5434;1655715;1180852224;16465920;1379237888;0;0;0;0;0;0;0;0;0;0;0;1433;0;0;125;0;42;0;
5435;1797651;1180852224;16465920;1379237888;0;0;0;0;0;0;0;0;0;0;0;1493;0;0;125;0;42;0;
5436;4493187;1180852224;16465920;1379237888;0;0;0;0;0;0;0;0;0;0;0;1563;0;0;125;0;42;0;
5437;2061256;1180852224;16465920;1379237888;0;0;0;0;0;0;0;0;0;0;0;2274;0;0;125;0;42;0;
5438;1869446;1180852224;16465920;1379237888;0;0;0;0;0;0;0;0;0;0;0;1794;0;0;125;0;42;0;
5439;1403032;1180852224;16465920;1379237888;0;0;0;0;0;0;0;0;0;0;0;1793;0;0;125;0;42;0;
5440;1926313;1180852224;16465920;1379237888;0;0;0;0;0;0;0;0;0;0;0;1914;0;0;125;0;42;0;
5441;2009880;1180852224;16465920;1379237888;0;0;0;0;0;0;0;0;0;0;0;1864;0;0;125;0;42;0;
5442;4600328;1180852224;16465920;1379237888;0;0;0;0;0;0;0;0;0;0;0;1793;0;0;125;0;42;0;
5443;2675628;1180852224;16465920;1379237888;0;0;0;0;0;0;0;0;0;0;0;1783;0;0;125;0;42;0;
5444;1501295;1180852224;16465920;1379237888;0;0;0;0;0;0;0;0;0;0;0;1783;0;0;125;0;42;0;
5445;1326037;1180852224;16465920;1379237888;0;0;0;0;0;0;0;0;0;0;0;9989;0;0;125;0;42;0;
5446;2085511;1180852224;16465920;1379237888;0;0;0;0;0;0;0;0;0;0;0;1753;0;0;125;0;42;0;
5447;1370650;1180852224;16465920;1379237888;0;0;0;0;0;0;0;0;0;0;0;1864;0;0;125;0;42;0;
5448;4542298;1180852224;16465920;1379237888;0;0;0;0;0;0;0;0;0;0;0;1884;0;0;125;0;42;0;
5449;2123723;1180852224;16470016;1379241984;0;0;0;0;0;0;0;0;0;0;0;2114;0;0;125;0;42;0;
5450;1867121;1180852224;16470016;1379241984;0;0;0;0;0;0;0;0;0;0;0;2064;0;0;125;0;42;0;
5451;1271555;1180852224;16470016;1379241984;0;0;0;0;0;0;0;0;0;0;0;1954;0;0;125;0;42;0;
5452;1860229;1180852224;16470016;1379241984;0;0;0;0;0;0;0;0;0;0;0;1763;0;0;125;0;42;0;
5453;1259252;1180852224;16470016;1379241984;0;0;0;0;0;0;0;0;0;0;0;1803;0;0;125;0;42;0;
5454;4790264;1180852224;16470016;1379241984;0;0;0;0;0;0;0;0;0;0;0;2264;0;0;125;0;42;0;
5455;2455565;1180852224;16470016;1379241984;0;0;0;0;0;0;0;0;0;0;0;2304;0;0;125;0;42;0;
5456;1949065;1180852224;16470016;1379241984;0;0;0;0;0;0;0;0;0;0;0;1943;0;0;125;0;42;0;
5457;1144416;1180852224;16470016;1379241984;0;0;0;0;0;0;0;0;0;0;0;1774;0;0;125;0;42;0;
5458;1531772;1180852224;16470016;1379241984;0;0;0;0;0;0;0;0;0;0;0;1874;0;0;125;0;42;0;
5459;1008231;1180852224;16470016;1379241984;0;0;0;0;0;0;0;0;0;0;0;1492;0;0;125;0;42;0;
5460;4471335;1180852224;16470016;1379241984;0;0;0;0;0;0;0;0;0;0;0;1473;0;0;125;0;42;0;
5461;3157302;1180852224;16470016;1379241984;0;0;0;0;0;0;0;0;0;0;0;2675;0;0;125;0;42;0;
5462;2131638;1180852224;16470016;1379241984;0;0;0;0;0;0;0;0;0;0;0;2104;0;0;125;0;42;0;
5463;2287961;1180852224;16470016;1379241984;0;0;0;0;0;0;0;0;0;0;0;2084;0;0;125;0;42;0;
5464;1501636;1180852224;16470016;1379241984;0;0;0;0;0;0;0;0;0;0;0;2134;0;0;125;0;42;0;
5465;1707493;1180852224;16470016;1379241984;0;0;0;0;0;0;0;0;0;0;0;2094;0;0;125;0;42;0;
5466;1592487;1180852224;16470016;1379241984;0;0;0;0;0;0;0;0;0;0;0;2204;0;0;125;0;42;0;
5467;5043929;1180852224;16470016;1379241984;0;0;0;0;0;0;0;0;0;0;0;2053;0;0;125;0;42;0;
5468;3336818;1180852224;16470016;1379241984;0;0;0;0;0;0;0;0;0;0;0;2605;0;0;125;0;42;0;
5469;1256276;1180852224;16470016;1379241984;0;0;0;0;0;0;0;0;0;0;0;1633;0;0;125;0;42;0;
5470;1970485;1180852224;16470016;1379241984;0;0;0;0;0;0;0;0;0;0;0;1704;0;0;125;0;42;0;
5471;1214638;1180852224;16470016;1379241984;0;0;0;0;0;0;0;0;0;0;0;1533;0;0;125;0;42;0;
5472;1487099;1180852224;16470016;1379241984;0;0;0;0;0;0;0;0;0;0;0;1463;0;0;125;0;42;0;
5473;872496;1180852224;16470016;1379241984;0;0;0;0;0;0;0;0;0;0;0;1593;0;0;125;0;42;0;
5474;4272513;1180852224;16470016;1379241984;0;0;0;0;0;0;0;0;0;0;0;1463;0;0;125;0;42;0;
5475;1729243;1180852224;16470016;1379241984;0;0;0;0;0;0;0;0;0;0;0;1893;0;0;125;0;42;0;
5476;1950328;1180852224;16470016;1379241984;0;0;0;0;0;0;0;0;0;0;0;1502;0;0;125;0;42;0;
5477;1098721;1180852224;16470016;1379241984;0;0;0;0;0;0;0;0;0;0;0;1453;0;0;125;0;42;0;
5478;1437896;1180852224;16470016;1379241984;0;0;0;0;0;0;0;0;0;0;0;1683;0;0;125;0;42;0;
5479;1622983;1180852224;16470016;1379241984;0;0;0;0;0;0;0;0;0;0;0;1523;0;0;125;0;42;0;
5480;4466296;1180852224;16470016;1379241984;0;0;0;0;0;0;0;0;0;0;0;1674;0;0;125;0;42;0;
5481;1626571;1180852224;16470016;1379241984;0;0;0;0;0;0;0;0;0;0;0;1543;0;0;125;0;42;0;
5482;1723974;1180852224;16470016;1379241984;0;0;0;0;0;0;0;0;0;0;0;1442;0;0;125;0;42;0;
5483;1139447;1180852224;16470016;1379241984;0;0;0;0;0;0;0;0;0;0;0;1734;0;0;125;0;42;0;
5484;1847184;1180852224;16470016;1379241984;0;0;0;0;0;0;0;0;0;0;0;1943;0;0;125;0;42;0;
5485;1147532;1180852224;16470016;1379241984;0;0;0;0;0;0;0;0;0;0;0;1853;0;0;125;0;42;0;
5486;4142829;1180852224;16470016;1379241984;0;0;0;0;0;0;0;0;0;0;0;1463;0;0;125;0;42;0;
5487;1535489;1180852224;16470016;1379241984;0;0;0;0;0;0;0;0;0;0;0;1914;0;0;125;0;42;0;
5488;1520081;1180852224;16470016;1379241984;0;0;0;0;0;0;0;0;0;0;0;1452;0;0;125;0;42;0;
5489;1398723;1180852224;16470016;1379241984;0;0;0;0;0;0;0;0;0;0;0;1413;0;0;125;0;42;0;
5490;1392431;1180852224;16470016;1379241984;0;0;0;0;0;0;0;0;0;0;0;1683;0;0;125;0;42;0;
5491;1113829;1180852224;16470016;1379241984;0;0;0;0;0;0;0;0;0;0;0;1793;0;0;125;0;42;0;
5492;4384252;1180852224;16470016;1379241984;0;0;0;0;0;0;0;0;0;0;0;2274;0;0;125;0;42;0;
5493;2205487;1180852224;16470016;1379241984;0;0;0;0;0;0;0;0;0;0;0;2615;0;0;125;0;42;0;
5494;1791119;1180852224;16465920;1379237888;0;0;0;0;0;0;0;0;0;0;0;2124;0;0;125;0;42;0;
5495;1160376;1180852224;16465920;1379237888;0;0;0;0;0;0;0;0;0;0;0;2104;0;0;125;0;42;0;
5496;2256863;1180852224;16465920;1379237888;0;0;0;0;0;0;0;0;0;0;0;2124;0;0;125;0;42;0;
5497;1389346;1180852224;16465920;1379237888;0;0;0;0;0;0;0;0;0;0;0;2285;0;0;125;0;42;0;
5498;4163368;1180852224;16465920;1379237888;0;0;0;0;0;0;0;0;0;0;0;2144;0;0;125;0;42;0;
5499;2093366;1180852224;16470016;1379241984;0;0;0;0;0;0;0;0;0;0;0;2074;0;0;125;0;42;0;
5500;2011282;1180852224;16470016;1379241984;0;0;0;0;0;0;0;0;0;0;0;1503;0;0;125;0;42;0;
5501;1140068;1180852224;16470016;1379241984;0;0;0;0;0;0;0;0;0;0;0;1693;0;0;125;0;42;0;
5502;1860329;1180852224;16470016;1379241984;0;0;0;0;0;0;0;0;0;0;0;1643;0;0;125;0;42;0;
5503;2049023;1180852224;16470016;1379241984;0;0;0;0;0;0;0;0;0;0;0;1593;0;0;125;0;42;0;
5504;4587143;1180852224;16470016;1379241984;0;0;0;0;0;0;0;0;0;0;0;1753;0;0;125;0;42;0;
5505;1706390;1180852224;16470016;1379241984;0;0;0;0;0;0;0;0;0;0;0;2324;0;0;125;0;42;0;
5506;1305328;1180852224;16470016;1379241984;0;0;0;0;0;0;0;0;0;0;0;1633;0;0;125;0;42;0;
5507;1277626;1180852224;16470016;1379241984;0;0;0;0;0;0;0;0;0;0;0;2144;0;0;125;0;42;0;
5508;1958322;1180852224;16470016;1379241984;0;0;0;0;0;0;0;0;0;0;0;1983;0;0;125;0;42;0;
5509;1223415;1180852224;16470016;1379241984;0;0;0;0;0;0;0;0;0;0;0;2114;0;0;125;0;42;0;
5510;4903266;1180852224;16470016;1379241984;0;0;0;0;0;0;0;0;0;0;0;2084;0;0;125;0;42;0;
5511;2183775;1180852224;16470016;1379241984;0;0;0;0;0;0;0;0;0;0;0;2405;0;0;125;0;42;0;
5512;1835903;1180852224;16470016;1379241984;0;0;0;0;0;0;0;0;0;0;0;1793;0;0;125;0;42;0;
5513;1259923;1180852224;16470016;1379241984;0;0;0;0;0;0;0;0;0;0;0;1823;0;0;125;0;42;0;
5514;2053681;1180852224;16470016;1379241984;0;0;0;0;0;0;0;0;0;0;0;1783;0;0;125;0;42;0;
5515;1632301;1180852224;16470016;1379241984;0;0;0;0;0;0;0;0;0;0;0;1903;0;0;125;0;42;0;
5516;4662334;1180852224;16470016;1379241984;0;0;0;0;0;0;0;0;0;0;0;1773;0;0;125;0;42;0;
5517;1784146;1180852224;16470016;1379241984;0;0;0;0;0;0;0;0;0;0;0;2034;0;0;125;0;42;0;
5518;1786851;1180852224;16470016;1379241984;0;0;0;0;0;0;0;0;0;0;0;1854;0;0;125;0;42;0;
5519;1159354;1180852224;16470016;1379241984;0;0;0;0;0;0;0;0;0;0;0;1813;0;0;125;0;42;0;
5520;1957511;1180852224;16470016;1379241984;0;0;0;0;0;0;0;0;0;0;0;2034;0;0;125;0;42;0;
5521;1196955;1180852224;16470016;1379241984;0;0;0;0;0;0;0;0;0;0;0;1683;0;0;125;0;42;0;
5522;4176793;1180852224;16470016;1379241984;0;0;0;0;0;0;0;0;0;0;0;1683;0;0;125;0;42;0;
5523;2360046;1180852224;16470016;1379241984;0;0;0;0;0;0;0;0;0;0;0;2405;0;0;125;0;42;0;
5524;2345208;1180852224;16470016;1379241984;0;0;0;0;0;0;0;0;0;0;0;1813;0;0;125;0;42;0;
5525;1213455;1180852224;16470016;1379241984;0;0;0;0;0;0;0;0;0;0;0;1944;0;0;125;0;42;0;
5526;2204625;1180852224;16470016;1379241984;0;0;0;0;0;0;0;0;0;0;0;1773;0;0;125;0;42;0;
5527;1098400;1180852224;16470016;1379241984;0;0;0;0;0;0;0;0;0;0;0;1983;0;0;125;0;42;0;
5528;4236094;1180852224;16470016;1379241984;0;0;0;0;0;0;0;0;0;0;0;1743;0;0;125;0;42;0;
5529;2573556;1180852224;16470016;1379241984;0;0;0;0;0;0;0;0;0;0;0;1983;0;0;125;0;42;0;
5530;1557440;1180852224;16470016;1379241984;0;0;0;0;0;0;0;0;0;0;0;1793;0;0;125;0;42;0;
5531;1910683;1180852224;16470016;1379241984;0;0;0;0;0;0;0;0;0;0;0;1823;0;0;125;0;42;0;
5532;1877992;1180852224;16470016;1379241984;0;0;0;0;0;0;0;0;0;0;0;1743;0;0;125;0;42;0;
5533;1953283;1180852224;16470016;1379241984;0;0;0;0;0;0;0;0;0;0;0;1813;0;0;125;0;42;0;
5534;4832633;1180852224;16470016;1379241984;0;0;0;0;0;0;0;0;0;0;0;1753;0;0;125;0;42;0;
5535;2497284;1180852224;16470016;1379241984;0;0;0;0;0;0;0;0;0;0;0;2084;0;0;125;0;42;0;
5536;1991766;1180852224;16470016;1379241984;0;0;0;0;0;0;0;0;0;0;0;1834;0;0;125;0;42;0;
5537;1784557;1180852224;16470016;1379241984;0;0;0;0;0;0;0;0;0;0;0;1933;0;0;125;0;42;0;
5538;2327295;1180852224;16470016;1379241984;0;0;0;0;0;0;0;0;0;0;0;2214;0;0;125;0;42;0;
5539;1836074;1180852224;16470016;1379241984;0;0;0;0;0;0;0;0;0;0;0;1794;0;0;125;0;42;0;
5540;4351811;1180852224;16470016;1379241984;0;0;0;0;0;0;0;0;0;0;0;1793;0;0;125;0;42;0;
5541;3419774;1180852224;16470016;1379241984;0;0;0;0;0;0;0;0;0;0;0;5931;0;0;125;0;42;0;
5542;2608842;1180852224;16470016;1379241984;0;0;0;0;0;0;0;0;0;0;0;3536;0;0;125;0;42;0;
5543;2236485;1180852224;16470016;1379241984;0;0;0;0;0;0;0;0;0;0;0;2345;0;0;125;0;42;0;
5544;1997366;1180852224;16470016;1379241984;0;0;0;0;0;0;0;0;0;0;0;2284;0;0;125;0;42;0;
5545;1878954;1180852224;16470016;1379241984;0;0;0;0;0;0;0;0;0;0;0;2083;0;0;125;0;42;0;
5546;1411447;1180852224;16470016;1379241984;0;0;0;0;0;0;0;0;0;0;0;1834;0;0;125;0;42;0;
5547;4543551;1180852224;16470016;1379241984;0;0;0;0;0;0;0;0;0;0;0;2074;0;0;125;0;42;0;
5548;4123493;1180852224;16470016;1379241984;0;0;0;0;0;0;0;0;0;0;0;2435;0;0;125;0;42;0;
5549;1358839;1180852224;16470016;1379241984;0;0;0;0;0;0;0;0;0;0;0;2505;0;0;125;0;42;0;
5550;2665549;1180852224;16470016;1379241984;0;0;0;0;0;0;0;0;0;0;0;2124;0;0;125;0;42;0;
5551;2029396;1180852224;16470016;1379241984;0;0;0;0;0;0;0;0;0;0;0;2224;0;0;125;0;42;0;
5552;2131768;1180852224;16470016;1379241984;0;0;0;0;0;0;0;0;0;0;0;2414;0;0;125;0;42;0;
5553;1591836;1180852224;16470016;1379241984;0;0;0;0;0;0;0;0;0;0;0;2435;0;0;125;0;42;0;
5554;5333583;1180852224;16470016;1379241984;0;0;0;0;0;0;0;0;0;0;0;2044;0;0;125;0;42;0;
5555;3823620;1180852224;16470016;1379241984;0;0;0;0;0;0;0;0;0;0;0;2405;0;0;125;0;42;0;
5556;2633349;1180852224;16470016;1379241984;0;0;0;0;0;0;0;0;0;0;0;2104;0;0;125;0;42;0;
5557;2302809;1180852224;16470016;1379241984;0;0;0;0;0;0;0;0;0;0;0;2164;0;0;125;0;42;0;
5558;1719645;1180852224;16470016;1379241984;0;0;0;0;0;0;0;0;0;0;0;2174;0;0;125;0;42;0;
5559;2012935;1180852224;16470016;1379241984;0;0;0;0;0;0;0;0;0;0;0;2334;0;0;125;0;42;0;
5560;1597246;1180852224;16470016;1379241984;0;0;0;0;0;0;0;0;0;0;0;2225;0;0;125;0;42;0;
5561;5640077;1180852224;16470016;1379241984;0;0;0;0;0;0;0;0;0;0;0;2204;0;0;125;0;42;0;
5562;4499578;1180852224;16470016;1379241984;0;0;0;0;0;0;0;0;0;0;0;2775;0;0;125;0;42;0;
5563;1637421;1180852224;16470016;1379241984;0;0;0;0;0;0;0;0;0;0;0;2094;0;0;125;0;42;0;
5564;1799645;1180852224;16470016;1379241984;0;0;0;0;0;0;0;0;0;0;0;1824;0;0;125;0;42;0;
5565;1653551;1180852224;16470016;1379241984;0;0;0;0;0;0;0;0;0;0;0;2174;0;0;125;0;42;0;
5566;2815410;1180852224;16470016;1379241984;0;0;0;0;0;0;0;0;0;0;0;2134;0;0;125;0;42;0;
5567;1951079;1180852224;16470016;1379241984;0;0;0;0;0;0;0;0;0;0;0;2224;0;0;125;0;42;0;
5568;5243824;1180852224;16470016;1379241984;0;0;0;0;0;0;0;0;0;0;0;2205;0;0;125;0;42;0;
5569;4247185;1180852224;16470016;1379241984;0;0;0;0;0;0;0;0;0;0;0;7264;0;0;125;0;42;0;
5570;2469501;1180852224;16470016;1379241984;0;0;0;0;0;0;0;0;0;0;0;2254;0;0;125;0;42;0;
5571;1392992;1180852224;16470016;1379241984;0;0;0;0;0;0;0;0;0;0;0;1824;0;0;125;0;42;0;
5572;2101061;1180852224;16470016;1379241984;0;0;0;0;0;0;0;0;0;0;0;1783;0;0;125;0;42;0;
5573;2119626;1180852224;16470016;1379241984;0;0;0;0;0;0;0;0;0;0;0;2164;0;0;125;0;42;0;
5574;4541246;1180852224;16470016;1379241984;0;0;0;0;0;0;0;0;0;0;0;2124;0;0;125;0;42;0;
5575;3059407;1180852224;16470016;1379241984;0;0;0;0;0;0;0;0;0;0;0;2514;0;0;125;0;42;0;
5576;2072366;1180852224;16470016;1379241984;0;0;0;0;0;0;0;0;0;0;0;2214;0;0;125;0;42;0;
5577;1683086;1180852224;16470016;1379241984;0;0;0;0;0;0;0;0;0;0;0;2375;0;0;125;0;42;0;
5578;2453942;1180852224;16470016;1379241984;0;0;0;0;0;0;0;0;0;0;0;2154;0;0;125;0;42;0;
5579;1262197;1180852224;16470016;1379241984;0;0;0;0;0;0;0;0;0;0;0;2174;0;0;125;0;42;0;
5580;4482536;1180852224;16470016;1379241984;0;0;0;0;0;0;0;0;0;0;0;2284;0;0;125;0;42;0;
5581;3527295;1180852224;16470016;1379241984;0;0;0;0;0;0;0;0;0;0;0;2194;0;0;125;0;42;0;
5582;2253967;1180852224;16470016;1379241984;0;0;0;0;0;0;0;0;0;0;0;2174;0;0;125;0;42;0;
5583;2209314;1180852224;16470016;1379241984;0;0;0;0;0;0;0;0;0;0;0;1713;0;0;125;0;42;0;
5584;1953674;1180852224;16470016;1379241984;0;0;0;0;0;0;0;0;0;0;0;2064;0;0;125;0;42;0;
5585;2591520;1180852224;16470016;1379241984;0;0;0;0;0;0;0;0;0;0;0;1903;0;0;125;0;42;0;
5586;4440718;1180852224;16470016;1379241984;0;0;0;0;0;0;0;0;0;0;0;1953;0;0;125;0;42;0;
5587;2804129;1180852224;16470016;1379241984;0;0;0;0;0;0;0;0;0;0;0;2024;0;0;125;0;42;0;
5588;2262884;1180852224;16470016;1379241984;0;0;0;0;0;0;0;0;0;0;0;2074;0;0;125;0;42;0;
5589;1581275;1180852224;16470016;1379241984;0;0;0;0;0;0;0;0;0;0;0;2274;0;0;125;0;42;0;
5590;1727359;1180852224;16470016;1379241984;0;0;0;0;0;0;0;0;0;0;0;2294;0;0;125;0;42;0;
5591;1904081;1180852224;16470016;1379241984;0;0;0;0;0;0;0;0;0;0;0;2174;0;0;125;0;42;0;
5592;4584067;1180852224;16470016;1379241984;0;0;0;0;0;0;0;0;0;0;0;2174;0;0;125;0;42;0;
5593;2802916;1180852224;16470016;1379241984;0;0;0;0;0;0;0;0;0;0;0;1783;0;0;125;0;42;0;
5594;1912085;1180852224;16470016;1379241984;0;0;0;0;0;0;0;0;0;0;0;1773;0;0;125;0;42;0;
5595;2205516;1180852224;16470016;1379241984;0;0;0;0;0;0;0;0;0;0;0;2234;0;0;125;0;42;0;
5596;2169509;1180852224;16470016;1379241984;0;0;0;0;0;0;0;0;0;0;0;2134;0;0;125;0;42;0;
5597;2052779;1180852224;16470016;1379241984;0;0;0;0;0;0;0;0;0;0;0;2344;0;0;125;0;42;0;
5598;4433254;1180852224;16470016;1379241984;0;0;0;0;0;0;0;0;0;0;0;2304;0;0;125;0;42;0;
5599;2613741;1180852224;16470016;1379241984;0;0;0;0;0;0;0;0;0;0;0;2845;0;0;125;0;42;0;
5600;1742177;1180852224;16470016;1379241984;0;0;0;0;0;0;0;0;0;0;0;2194;0;0;125;0;42;0;
5601;1498952;1180852224;16470016;1379241984;0;0;0;0;0;0;0;0;0;0;0;2094;0;0;125;0;42;0;
5602;1765731;1180852224;16470016;1379241984;0;0;0;0;0;0;0;0;0;0;0;2384;0;0;125;0;42;0;
5603;1869095;1180852224;16470016;1379241984;0;0;0;0;0;0;0;0;0;0;0;2164;0;0;125;0;42;0;
5604;4298301;1180852224;16470016;1379241984;0;0;0;0;0;0;0;0;0;0;0;2044;0;0;125;0;42;0;
5605;3201904;1180852224;16470016;1379241984;0;0;0;0;0;0;0;0;0;0;0;1994;0;0;125;0;42;0;
5606;2513294;1180852224;16470016;1379241984;0;0;0;0;0;0;0;0;0;0;0;1863;0;0;125;0;42;0;
5607;2006233;1180852224;16470016;1379241984;0;0;0;0;0;0;0;0;0;0;0;1904;0;0;125;0;42;0;
5608;1809404;1180852224;16470016;1379241984;0;0;0;0;0;0;0;0;0;0;0;1833;0;0;125;0;42;0;
5609;1595171;1180852224;16470016;1379241984;0;0;0;0;0;0;0;0;0;0;0;1853;0;0;125;0;42;0;
5610;4626026;1180852224;16470016;1379241984;0;0;0;0;0;0;0;0;0;0;0;1793;0;0;125;0;42;0;
5611;1460599;1180852224;16470016;1379241984;0;0;0;0;0;0;0;0;0;0;0;1994;0;0;125;0;42;0;
5612;1974914;1180852224;16470016;1379241984;0;0;0;0;0;0;0;0;0;0;0;1764;0;0;125;0;42;0;
5613;1383655;1180852224;16470016;1379241984;0;0;0;0;0;0;0;0;0;0;0;1774;0;0;125;0;42;0;
5614;1852424;1180852224;16470016;1379241984;0;0;0;0;0;0;0;0;0;0;0;1783;0;0;125;0;42;0;
5615;1256156;1180852224;16470016;1379241984;0;0;0;0;0;0;0;0;0;0;0;1964;0;0;125;0;42;0;
5616;4561715;1180852224;16470016;1379241984;0;0;0;0;0;0;0;0;0;0;0;1743;0;0;125;0;42;0;
5617;2575550;1180852224;16470016;1379241984;0;0;0;0;0;0;0;0;0;0;0;1803;0;0;125;0;42;0;
5618;1992868;1180852224;16470016;1379241984;0;0;0;0;0;0;0;0;0;0;0;1693;0;0;125;0;42;0;
5619;1708314;1180852224;16470016;1379241984;0;0;0;0;0;0;0;0;0;0;0;1974;0;0;125;0;42;0;
5620;1775901;1180852224;16470016;1379241984;0;0;0;0;0;0;0;0;0;0;0;1743;0;0;125;0;42;0;
5621;981341;1180852224;16470016;1379241984;0;0;0;0;0;0;0;0;0;0;0;1713;0;0;125;0;42;0;
5622;4452831;1180852224;16470016;1379241984;0;0;0;0;0;0;0;0;0;0;0;1643;0;0;125;0;42;0;
5623;2238047;1180852224;16470016;1379241984;0;0;0;0;0;0;0;0;0;0;0;2685;0;0;125;0;42;0;
5624;2507773;1180852224;16470016;1379241984;0;0;0;0;0;0;0;0;0;0;0;2114;0;0;125;0;42;0;
5625;1887981;1180852224;16470016;1379241984;0;0;0;0;0;0;0;0;0;0;0;2304;0;0;125;0;42;0;
5626;2191159;1180852224;16470016;1379241984;0;0;0;0;0;0;0;0;0;0;0;2053;0;0;125;0;42;0;
5627;1515803;1180852224;16470016;1379241984;0;0;0;0;0;0;0;0;0;0;0;2154;0;0;125;0;42;0;
5628;4786978;1180852224;16470016;1379241984;0;0;0;0;0;0;0;0;0;0;0;2124;0;0;125;0;42;0;
5629;2466275;1180852224;16470016;1379241984;0;0;0;0;0;0;0;0;0;0;0;2164;0;0;125;0;42;0;
5630;2136136;1180852224;16470016;1379241984;0;0;0;0;0;0;0;0;0;0;0;2384;0;0;125;0;42;0;
5631;1582758;1180852224;16470016;1379241984;0;0;0;0;0;0;0;0;0;0;0;2324;0;0;125;0;42;0;
5632;2087124;1180852224;16470016;1379241984;0;0;0;0;0;0;0;0;0;0;0;2094;0;0;125;0;42;0;
5633;1750774;1180852224;16470016;1379241984;0;0;0;0;0;0;0;0;0;0;0;2094;0;0;125;0;42;0;
5634;4352071;1180852224;16470016;1379241984;0;0;0;0;0;0;0;0;0;0;0;2305;0;0;125;0;42;0;
5635;2473158;1180852224;16470016;1379241984;0;0;0;0;0;0;0;0;0;0;0;2565;0;0;125;0;42;0;
5636;1672036;1180852224;16470016;1379241984;0;0;0;0;0;0;0;0;0;0;0;2535;0;0;125;0;42;0;
5637;1430212;1180852224;16470016;1379241984;0;0;0;0;0;0;0;0;0;0;0;1773;0;0;125;0;42;0;
5638;1664561;1180852224;16470016;1379241984;0;0;0;0;0;0;0;0;0;0;0;1753;0;0;125;0;42;0;
5639;1563212;1180852224;16470016;1379241984;0;0;0;0;0;0;0;0;0;0;0;1833;0;0;125;0;42;0;
5640;4541317;1180852224;16470016;1379241984;0;0;0;0;0;0;0;0;0;0;0;1733;0;0;125;0;42;0;
5641;1778164;1180852224;16470016;1379241984;0;0;0;0;0;0;0;0;0;0;0;1783;0;0;125;0;42;0;
5642;1738981;1180852224;16470016;1379241984;0;0;0;0;0;0;0;0;0;0;0;1823;0;0;125;0;42;0;
5643;1262648;1180852224;16470016;1379241984;0;0;0;0;0;0;0;0;0;0;0;1923;0;0;125;0;42;0;
5644;1450750;1180852224;16470016;1379241984;0;0;0;0;0;0;0;0;0;0;0;1904;0;0;125;0;42;0;
5645;1110963;1180852224;16470016;1379241984;0;0;0;0;0;0;0;0;0;0;0;1733;0;0;125;0;42;0;
5646;4112273;1180852224;16470016;1379241984;0;0;0;0;0;0;0;0;0;0;0;1893;0;0;125;0;42;0;
5647;2138009;1180852224;16470016;1379241984;0;0;0;0;0;0;0;0;0;0;0;2144;0;0;125;0;42;0;
5648;1752096;1180852224;16470016;1379241984;0;0;0;0;0;0;0;0;0;0;0;1954;0;0;125;0;42;0;
5649;1418981;1180852224;16470016;1379241984;0;0;0;0;0;0;0;0;0;0;0;1784;0;0;125;0;42;0;
5650;1763006;1180852224;16470016;1379241984;0;0;0;0;0;0;0;0;0;0;0;1933;0;0;125;0;42;0;
5651;1533636;1180852224;16470016;1379241984;0;0;0;0;0;0;0;0;0;0;0;2124;0;0;125;0;42;0;
5652;4716485;1180852224;16470016;1379241984;0;0;0;0;0;0;0;0;0;0;0;2124;0;0;125;0;42;0;
5653;2332885;1180852224;16470016;1379241984;0;0;0;0;0;0;0;0;0;0;0;2475;0;0;125;0;42;0;
5654;2229131;1180852224;16470016;1379241984;0;0;0;0;0;0;0;0;0;0;0;2355;0;0;125;0;42;0;
5655;1468244;1180852224;16470016;1379241984;0;0;0;0;0;0;0;0;0;0;0;1894;0;0;125;0;42;0;
5656;2082957;1180852224;16470016;1379241984;0;0;0;0;0;0;0;0;0;0;0;1874;0;0;125;0;42;0;
5657;1372143;1180852224;16470016;1379241984;0;0;0;0;0;0;0;0;0;0;0;2114;0;0;125;0;42;0;
5658;4475854;1180852224;16470016;1379241984;0;0;0;0;0;0;0;0;0;0;0;2104;0;0;125;0;42;0;
5659;2553929;1180852224;16470016;1379241984;0;0;0;0;0;0;0;0;0;0;0;2585;0;0;125;0;42;0;
5660;2066425;1180852224;16470016;1379241984;0;0;0;0;0;0;0;0;0;0;0;2244;0;0;125;0;42;0;
5661;1176716;1180852224;16470016;1379241984;0;0;0;0;0;0;0;0;0;0;0;2475;0;0;125;0;42;0;
5662;1741686;1180852224;16470016;1379241984;0;0;0;0;0;0;0;0;0;0;0;2104;0;0;125;0;42;0;
5663;1512156;1180852224;16470016;1379241984;0;0;0;0;0;0;0;0;0;0;0;2204;0;0;125;0;42;0;
5664;4601539;1180852224;16470016;1379241984;0;0;0;0;0;0;0;0;0;0;0;2334;0;0;125;0;42;0;
5665;2456016;1180852224;16470016;1379241984;0;0;0;0;0;0;0;0;0;0;0;2344;0;0;125;0;42;0;
5666;2278122;1180852224;16470016;1379241984;0;0;0;0;0;0;0;0;0;0;0;2124;0;0;125;0;42;0;
5667;1361253;1180852224;16470016;1379241984;0;0;0;0;0;0;0;0;0;0;0;2344;0;0;125;0;42;0;
5668;1758047;1180852224;16470016;1379241984;0;0;0;0;0;0;0;0;0;0;0;2154;0;0;125;0;42;0;
5669;1507096;1180852224;16470016;1379241984;0;0;0;0;0;0;0;0;0;0;0;2385;0;0;125;0;42;0;
5670;4351130;1180852224;16470016;1379241984;0;0;0;0;0;0;0;0;0;0;0;2204;0;0;125;0;42;0;
5671;2683643;1180852224;16470016;1379241984;0;0;0;0;0;0;0;0;0;0;0;2324;0;0;125;0;42;0;
5672;1703234;1180852224;16470016;1379241984;0;0;0;0;0;0;0;0;0;0;0;2124;0;0;125;0;42;0;
5673;1596224;1180852224;16470016;1379241984;0;0;0;0;0;0;0;0;0;0;0;2144;0;0;125;0;42;0;
5674;1771702;1180852224;16470016;1379241984;0;0;0;0;0;0;0;0;0;0;0;2114;0;0;125;0;42;0;
5675;1612875;1180852224;16470016;1379241984;0;0;0;0;0;0;0;0;0;0;0;2294;0;0;125;0;42;0;
5676;4625585;1180852224;16470016;1379241984;0;0;0;0;0;0;0;0;0;0;0;2454;0;0;125;0;42;0;
5677;2516719;1180852224;16470016;1379241984;0;0;0;0;0;0;0;0;0;0;0;2375;0;0;125;0;42;0;
5678;1994320;1180852224;16470016;1379241984;0;0;0;0;0;0;0;0;0;0;0;2294;0;0;125;0;42;0;
5679;1347316;1180852224;16470016;1379241984;0;0;0;0;0;0;0;0;0;0;0;2314;0;0;125;0;42;0;
5680;1947833;1180852224;16470016;1379241984;0;0;0;0;0;0;0;0;0;0;0;2164;0;0;125;0;42;0;
5681;1416867;1180852224;16470016;1379241984;0;0;0;0;0;0;0;0;0;0;0;2134;0;0;125;0;42;0;
5682;4139724;1180852224;16470016;1379241984;0;0;0;0;0;0;0;0;0;0;0;2144;0;0;125;0;42;0;
5683;2706997;1180852224;16470016;1379241984;0;0;0;0;0;0;0;0;0;0;0;3006;0;0;125;0;42;0;
5684;1994300;1180852224;16470016;1379241984;0;0;0;0;0;0;0;0;0;0;0;2244;0;0;125;0;42;0;
5685;2390603;1180852224;16470016;1379241984;0;0;0;0;0;0;0;0;0;0;0;4769;0;0;125;0;42;0;
5686;1852184;1180852224;16470016;1379241984;0;0;0;0;0;0;0;0;0;0;0;2504;0;0;125;0;42;0;
5687;1172419;1180852224;16470016;1379241984;0;0;0;0;0;0;0;0;0;0;0;1634;0;0;125;0;42;0;
5688;4549232;1180852224;16470016;1379241984;0;0;0;0;0;0;0;0;0;0;0;1613;0;0;125;0;42;0;
5689;3591896;1180852224;16470016;1379241984;0;0;0;0;0;0;0;0;0;0;0;1844;0;0;125;0;42;0;
5690;2057058;1180852224;16470016;1379241984;0;0;0;0;0;0;0;0;0;0;0;1754;0;0;125;0;42;0;
5691;2094628;1180852224;16470016;1379241984;0;0;0;0;0;0;0;0;0;0;0;1763;0;0;125;0;42;0;
5692;1302903;1180852224;16470016;1379241984;0;0;0;0;0;0;0;0;0;0;0;1523;0;0;125;0;42;0;
5693;1546711;1180852224;16470016;1379241984;0;0;0;0;0;0;0;0;0;0;0;1503;0;0;125;0;42;0;
5694;1236750;1180852224;16470016;1379241984;0;0;0;0;0;0;0;0;0;0;0;1453;0;0;125;0;42;0;
5695;4097575;1180852224;16470016;1379241984;0;0;0;0;0;0;0;0;0;0;0;1693;0;0;125;0;42;0;
5696;3305690;1180852224;16470016;1379241984;0;0;0;0;0;0;0;0;0;0;0;2395;0;0;125;0;42;0;
5697;1683127;1180852224;16470016;1379241984;0;0;0;0;0;0;0;0;0;0;0;2595;0;0;125;0;42;0;
5698;2052099;1180852224;16470016;1379241984;0;0;0;0;0;0;0;0;0;0;0;2195;0;0;125;0;42;0;
5699;1147051;1180852224;16470016;1379241984;0;0;0;0;0;0;0;0;0;0;0;2104;0;0;125;0;42;0;
5700;1875968;1180852224;16470016;1379241984;0;0;0;0;0;0;0;0;0;0;0;2014;0;0;125;0;42;0;
5701;1362325;1180852224;16470016;1379241984;0;0;0;0;0;0;0;0;0;0;0;1914;0;0;125;0;42;0;
5702;4382759;1180852224;16470016;1379241984;0;0;0;0;0;0;0;0;0;0;0;2375;0;0;125;0;42;0;
5703;4304953;1180852224;16470016;1379241984;0;0;0;0;0;0;0;0;0;0;0;1953;0;0;125;0;42;0;
5704;2215976;1180852224;16470016;1379241984;0;0;0;0;0;0;0;0;0;0;0;1654;0;0;125;0;42;0;
5705;1724955;1180852224;16470016;1379241984;0;0;0;0;0;0;0;0;0;0;0;1653;0;0;125;0;42;0;
5706;1955087;1180852224;16470016;1379241984;0;0;0;0;0;0;0;0;0;0;0;1402;0;0;125;0;42;0;
5707;1505153;1180852224;16470016;1379241984;0;0;0;0;0;0;0;0;0;0;0;1553;0;0;125;0;42;0;
5708;4463070;1180852224;16470016;1379241984;0;0;0;0;0;0;0;0;0;0;0;1623;0;0;125;0;42;0;
5709;3104442;1180852224;16470016;1379241984;0;0;0;0;0;0;0;0;0;0;0;2315;0;0;125;0;42;0;
5710;1979032;1180852224;16470016;1379241984;0;0;0;0;0;0;0;0;0;0;0;2124;0;0;125;0;42;0;
5711;1318072;1180852224;16470016;1379241984;0;0;0;0;0;0;0;0;0;0;0;2244;0;0;125;0;42;0;
5712;1910964;1180852224;16470016;1379241984;0;0;0;0;0;0;0;0;0;0;0;2104;0;0;125;0;42;0;
5713;1672376;1180852224;16470016;1379241984;0;0;0;0;0;0;0;0;0;0;0;2174;0;0;125;0;42;0;
5714;4594756;1180852224;16470016;1379241984;0;0;0;0;0;0;0;0;0;0;0;1974;0;0;125;0;42;0;
5715;3107788;1180852224;16470016;1379241984;0;0;0;0;0;0;0;0;0;0;0;2214;0;0;125;0;42;0;
5716;1794295;1180852224;16470016;1379241984;0;0;0;0;0;0;0;0;0;0;0;2144;0;0;125;0;42;0;
5717;1348239;1180852224;16470016;1379241984;0;0;0;0;0;0;0;0;0;0;0;2194;0;0;125;0;42;0;
5718;2453311;1180852224;16470016;1379241984;0;0;0;0;0;0;0;0;0;0;0;2043;0;0;125;0;42;0;
5719;1548514;1180852224;16470016;1379241984;0;0;0;0;0;0;0;0;0;0;0;2244;0;0;125;0;42;0;
5720;4578827;1180852224;16470016;1379241984;0;0;0;0;0;0;0;0;0;0;0;1913;0;0;125;0;42;0;
5721;2779823;1180852224;16470016;1379241984;0;0;0;0;0;0;0;0;0;0;0;2545;0;0;125;0;42;0;
5722;1753729;1180852224;16470016;1379241984;0;0;0;0;0;0;0;0;0;0;0;2104;0;0;125;0;42;0;
5723;1290130;1180852224;16470016;1379241984;0;0;0;0;0;0;0;0;0;0;0;1854;0;0;125;0;42;0;
5724;2145814;1180852224;16470016;1379241984;0;0;0;0;0;0;0;0;0;0;0;1954;0;0;125;0;42;0;
5725;1589371;1180852224;16470016;1379241984;0;0;0;0;0;0;0;0;0;0;0;1783;0;0;125;0;42;0;
5726;4536627;1180852224;16470016;1379241984;0;0;0;0;0;0;0;0;0;0;0;1924;0;0;125;0;42;0;
5727;2713659;1180852224;16470016;1379241984;0;0;0;0;0;0;0;0;0;0;0;1894;0;0;125;0;42;0;
5728;2408186;1180852224;16470016;1379241984;0;0;0;0;0;0;0;0;0;0;0;1844;0;0;125;0;42;0;
5729;2030719;1180852224;16470016;1379241984;0;0;0;0;0;0;0;0;0;0;0;3116;0;0;125;0;42;0;
5730;2434325;1180852224;16470016;1379241984;0;0;0;0;0;0;0;0;0;0;0;1783;0;0;125;0;42;0;
5731;2096271;1180852224;16470016;1379241984;0;0;0;0;0;0;0;0;0;0;0;1743;0;0;125;0;42;0;
5732;4859854;1180852224;16470016;1379241984;0;0;0;0;0;0;0;0;0;0;0;1763;0;0;125;0;42;0;
5733;3075497;1180852224;16470016;1379241984;0;0;0;0;0;0;0;0;0;0;0;2094;0;0;125;0;42;0;
5734;2164679;1180852224;16470016;1379241984;0;0;0;0;0;0;0;0;0;0;0;1963;0;0;125;0;42;0;
5735;1577329;1180852224;16470016;1379241984;0;0;0;0;0;0;0;0;0;0;0;1963;0;0;125;0;42;0;
5736;1739392;1180852224;16470016;1379241984;0;0;0;0;0;0;0;0;0;0;0;2254;0;0;125;0;42;0;
5737;1814784;1180852224;16470016;1379241984;0;0;0;0;0;0;0;0;0;0;0;1803;0;0;125;0;42;0;
5738;4423365;1180852224;16470016;1379241984;0;0;0;0;0;0;0;0;0;0;0;1774;0;0;125;0;42;0;
5739;3301802;1180852224;16470016;1379241984;0;0;0;0;0;0;0;0;0;0;0;2234;0;0;125;0;42;0;
5740;2182924;1180852224;16470016;1379241984;0;0;0;0;0;0;0;0;0;0;0;2274;0;0;125;0;42;0;
5741;2671210;1180852224;16470016;1379241984;0;0;0;0;0;0;0;0;0;0;0;1874;0;0;125;0;42;0;
5742;1951169;1180852224;16470016;1379241984;0;0;0;0;0;0;0;0;0;0;0;2034;0;0;125;0;42;0;
5743;2055475;1180852224;16470016;1379241984;0;0;0;0;0;0;0;0;0;0;0;1733;0;0;125;0;42;0;
5744;1975235;1180852224;16470016;1379241984;0;0;0;0;0;0;0;0;0;0;0;2094;0;0;125;0;42;0;
5745;4794882;1180852224;16470016;1379241984;0;0;0;0;0;0;0;0;0;0;0;2034;0;0;125;0;42;0;
5746;3186306;1180852224;16470016;1379241984;0;0;0;0;0;0;0;0;0;0;0;3196;0;0;125;0;42;0;
5747;2153749;1180852224;16470016;1379241984;0;0;0;0;0;0;0;0;0;0;0;2604;0;0;125;0;42;0;
5748;1837537;1180852224;16470016;1379241984;0;0;0;0;0;0;0;0;0;0;0;2364;0;0;125;0;42;0;
5749;2130365;1180852224;16470016;1379241984;0;0;0;0;0;0;0;0;0;0;0;2074;0;0;125;0;42;0;
5750;1740263;1180852224;16470016;1379241984;0;0;0;0;0;0;0;0;0;0;0;2324;0;0;125;0;42;0;
5751;7227815;1180852224;16470016;1379241984;0;0;0;0;0;0;0;0;0;0;0;2545;0;0;125;0;42;0;
5752;6690767;1180852224;16470016;1379241984;0;0;0;0;0;0;0;0;0;0;0;2104;0;0;125;0;42;0;
5753;1332148;1180852224;16470016;1379241984;0;0;0;0;0;0;0;0;0;0;0;2094;0;0;125;0;42;0;
5754;3009975;1180852224;16470016;1379241984;0;0;0;0;0;0;0;0;0;0;0;2054;0;0;125;0;42;0;
5755;1640567;1180852224;16470016;1379241984;0;0;0;0;0;0;0;0;0;0;0;1963;0;0;125;0;42;0;
5756;2587773;1180852224;16470016;1379241984;0;0;0;0;0;0;0;0;0;0;0;1894;0;0;125;0;42;0;
5757;2308670;1180852224;16470016;1379241984;0;0;0;0;0;0;0;0;0;0;0;1463;0;0;125;0;42;0;
5758;4148129;1180852224;16470016;1379241984;0;0;0;0;0;0;0;0;0;0;0;1412;0;0;125;0;42;0;
5759;2165661;1180852224;16470016;1379241984;0;0;0;0;0;0;0;0;0;0;0;1623;0;0;125;0;42;0;
5760;2505970;1180852224;16470016;1379241984;0;0;0;0;0;0;0;0;0;0;0;2375;0;0;125;0;42;0;
5761;1582508;1180852224;16470016;1379241984;0;0;0;0;0;0;0;0;0;0;0;2034;0;0;125;0;42;0;
5762;2003307;1180852224;16470016;1379241984;0;0;0;0;0;0;0;0;0;0;0;1984;0;0;125;0;42;0;
5763;1130860;1180852224;16470016;1379241984;0;0;0;0;0;0;0;0;0;0;0;2565;0;0;125;0;42;0;
5764;4508776;1180852224;16470016;1379241984;0;0;0;0;0;0;0;0;0;0;0;2355;0;0;125;0;42;0;
5765;2959390;1180852224;16470016;1379241984;0;0;0;0;0;0;0;0;0;0;0;1823;0;0;125;0;42;0;
5766;2214282;1180852224;16470016;1379241984;0;0;0;0;0;0;0;0;0;0;0;1873;0;0;125;0;42;0;
5767;1788845;1180852224;16470016;1379241984;0;0;0;0;0;0;0;0;0;0;0;1863;0;0;125;0;42;0;
5768;1804294;1180852224;16470016;1379241984;0;0;0;0;0;0;0;0;0;0;0;1864;0;0;125;0;42;0;
5769;2256282;1180852224;16470016;1379241984;0;0;0;0;0;0;0;0;0;0;0;1984;0;0;125;0;42;0;
5770;1166628;1180852224;16470016;1379241984;0;0;0;0;0;0;0;0;0;0;0;1943;0;0;125;0;42;0;
5771;4383722;1180852224;16470016;1379241984;0;0;0;0;0;0;0;0;0;0;0;1532;0;0;125;0;42;0;
5772;3888011;1180852224;16470016;1379241984;0;0;0;0;0;0;0;0;0;0;0;6783;0;0;125;0;42;0;
5773;2350498;1180852224;16470016;1379241984;0;0;0;0;0;0;0;0;0;0;0;1933;0;0;125;0;42;0;
5774;1964164;1180852224;16470016;1379241984;0;0;0;0;0;0;0;0;0;0;0;1943;0;0;125;0;42;0;
5775;2522541;1180852224;16470016;1379241984;0;0;0;0;0;0;0;0;0;0;0;2124;0;0;125;0;42;0;
5776;2031339;1180852224;16470016;1379241984;0;0;0;0;0;0;0;0;0;0;0;2575;0;0;125;0;42;0;
5777;4616868;1180852224;16470016;1379241984;0;0;0;0;0;0;0;0;0;0;0;1754;0;0;125;0;42;0;
5778;2539854;1180852224;16470016;1379241984;0;0;0;0;0;0;0;0;0;0;0;1272;0;0;125;0;42;0;
5779;2431880;1180852224;16470016;1379241984;0;0;0;0;0;0;0;0;0;0;0;1673;0;0;125;0;42;0;
5780;1246688;1180852224;16470016;1379241984;0;0;0;0;0;0;0;0;0;0;0;1503;0;0;125;0;42;0;
5781;1849177;1180852224;16470016;1379241984;0;0;0;0;0;0;0;0;0;0;0;1503;0;0;125;0;42;0;
5782;2173396;1180852224;16470016;1379241984;0;0;0;0;0;0;0;0;0;0;0;1733;0;0;125;0;42;0;
5783;4651974;1180852224;16470016;1379241984;0;0;0;0;0;0;0;0;0;0;0;1883;0;0;125;0;42;0;
5784;2487625;1180852224;16470016;1379241984;0;0;0;0;0;0;0;0;0;0;0;1393;0;0;125;0;42;0;
5785;2186871;1180852224;16470016;1379241984;0;0;0;0;0;0;0;0;0;0;0;1483;0;0;125;0;42;0;
5786;1663319;1180852224;16470016;1379241984;0;0;0;0;0;0;0;0;0;0;0;1623;0;0;125;0;42;0;
5787;2076354;1180852224;16470016;1379241984;0;0;0;0;0;0;0;0;0;0;0;1403;0;0;125;0;42;0;
5788;1478012;1180852224;16470016;1379241984;0;0;0;0;0;0;0;0;0;0;0;1653;0;0;125;0;42;0;
5789;4725542;1180852224;16470016;1379241984;0;0;0;0;0;0;0;0;0;0;0;1653;0;0;125;0;42;0;
5790;3246308;1180852224;16470016;1379241984;0;0;0;0;0;0;0;0;0;0;0;2845;0;0;125;0;42;0;
5791;3535871;1180852224;16470016;1379241984;0;0;0;0;0;0;0;0;0;0;0;2235;0;0;125;0;42;0;
5792;3396630;1180852224;16470016;1379241984;0;0;0;0;0;0;0;0;0;0;0;6472;0;0;125;0;42;0;
5793;2991160;1180852224;16470016;1379241984;0;0;0;0;0;0;0;0;0;0;0;2885;0;0;125;0;42;0;
5794;1452383;1180852224;16470016;1379241984;0;0;0;0;0;0;0;0;0;0;0;2404;0;0;125;0;42;0;
5795;6313650;1180852224;16470016;1379241984;0;0;0;0;0;0;0;0;0;0;0;2945;0;0;125;0;42;0;
5796;4946707;1180852224;16470016;1379241984;0;0;0;0;0;0;0;0;0;0;0;3847;0;0;125;0;42;0;
5797;2425709;1180852224;16470016;1379241984;0;0;0;0;0;0;0;0;0;0;0;1833;0;0;125;0;42;0;
5798;3189261;1180852224;16470016;1379241984;0;0;0;0;0;0;0;0;0;0;0;1492;0;0;125;0;42;0;
5799;2331132;1180852224;16470016;1379241984;0;0;0;0;0;0;0;0;0;0;0;3627;0;0;125;0;42;0;
5800;2054243;1180852224;16470016;1379241984;0;0;0;0;0;0;0;0;0;0;0;1763;0;0;125;0;42;0;
5801;1587737;1180852224;16470016;1379241984;0;0;0;0;0;0;0;0;0;0;0;2124;0;0;125;0;42;0;
5802;4766059;1180852224;16470016;1379241984;0;0;0;0;0;0;0;0;0;0;0;2565;0;0;125;0;42;0;
5803;4969490;1180852224;16470016;1379241984;0;0;0;0;0;0;0;0;0;0;0;2305;0;0;125;0;42;0;
5804;2604364;1180852224;16470016;1379241984;0;0;0;0;0;0;0;0;0;0;0;2204;0;0;125;0;42;0;
5805;1429872;1180852224;16470016;1379241984;0;0;0;0;0;0;0;0;0;0;0;1653;0;0;125;0;42;0;
5806;1764799;1180852224;16470016;1379241984;0;0;0;0;0;0;0;0;0;0;0;1613;0;0;125;0;42;0;
5807;1387422;1180852224;16470016;1379241984;0;0;0;0;0;0;0;0;0;0;0;1674;0;0;125;0;42;0;
5808;5284731;1180852224;16470016;1379241984;0;0;0;0;0;0;0;0;0;0;0;1754;0;0;125;0;42;0;
5809;3306221;1180852224;16470016;1379241984;0;0;0;0;0;0;0;0;0;0;0;2294;0;0;125;0;42;0;
5810;1799495;1180852224;16470016;1379241984;0;0;0;0;0;0;0;0;0;0;0;2274;0;0;125;0;42;0;
5811;1915923;1180852224;16470016;1379241984;0;0;0;0;0;0;0;0;0;0;0;1583;0;0;125;0;42;0;
5812;2154690;1180852224;16470016;1379241984;0;0;0;0;0;0;0;0;0;0;0;1613;0;0;125;0;42;0;
5813;1908620;1180852224;16470016;1379241984;0;0;0;0;0;0;0;0;0;0;0;2575;0;0;125;0;42;0;
5814;4997352;1180852224;16470016;1379241984;0;0;0;0;0;0;0;0;0;0;0;1813;0;0;125;0;42;0;
5815;3457364;1180852224;16470016;1379241984;0;0;0;0;0;0;0;0;0;0;0;2716;0;0;125;0;42;0;
5816;2211417;1180852224;16470016;1379241984;0;0;0;0;0;0;0;0;0;0;0;1714;0;0;125;0;42;0;
5817;1263730;1180852224;16470016;1379241984;0;0;0;0;0;0;0;0;0;0;0;1703;0;0;125;0;42;0;
5818;3229196;1180852224;16470016;1379241984;0;0;0;0;0;0;0;0;0;0;0;1543;0;0;125;0;42;0;
5819;1998718;1180852224;16470016;1379241984;0;0;0;0;0;0;0;0;0;0;0;2204;0;0;125;0;42;0;
5820;5530051;1180852224;16470016;1379241984;0;0;0;0;0;0;0;0;0;0;0;1873;0;0;125;0;42;0;
5821;4575772;1180852224;16470016;1379241984;0;0;0;0;0;0;0;0;0;0;0;2104;0;0;125;0;42;0;
5822;3567140;1180852224;16470016;1379241984;0;0;0;0;0;0;0;0;0;0;0;5320;0;0;125;0;42;0;
5823;2633318;1180852224;16470016;1379241984;0;0;0;0;0;0;0;0;0;0;0;2414;0;0;125;0;42;0;
5824;2642796;1180852224;16470016;1379241984;0;0;0;0;0;0;0;0;0;0;0;2154;0;0;125;0;42;0;
5825;3257539;1180852224;16470016;1379241984;0;0;0;0;0;0;0;0;0;0;0;2475;0;0;125;0;42;0;
5826;1682415;1180852224;16470016;1379241984;0;0;0;0;0;0;0;0;0;0;0;2475;0;0;125;0;42;0;
5827;5068876;1180852224;16470016;1379241984;0;0;0;0;0;0;0;0;0;0;0;1973;0;0;125;0;42;0;
5828;5123468;1180852224;16470016;1379241984;0;0;0;0;0;0;0;0;0;0;0;2855;0;0;125;0;42;0;
5829;2605215;1180852224;16470016;1379241984;0;0;0;0;0;0;0;0;0;0;0;2584;0;0;125;0;42;0;
5830;1652339;1180852224;16470016;1379241984;0;0;0;0;0;0;0;0;0;0;0;2425;0;0;125;0;42;0;
5831;2284695;1180852224;16470016;1379241984;0;0;0;0;0;0;0;0;0;0;0;2424;0;0;125;0;42;0;
5832;2102943;1180852224;16470016;1379241984;0;0;0;0;0;0;0;0;0;0;0;2575;0;0;125;0;42;0;
5833;5653162;1180852224;16470016;1379241984;0;0;0;0;0;0;0;0;0;0;0;2425;0;0;125;0;42;0;
5834;3601404;1180852224;16470016;1379241984;0;0;0;0;0;0;0;0;0;0;0;2295;0;0;125;0;42;0;
5835;2642266;1180852224;16470016;1379241984;0;0;0;0;0;0;0;0;0;0;0;2114;0;0;125;0;42;0;
5836;2079440;1180852224;16470016;1379241984;0;0;0;0;0;0;0;0;0;0;0;2285;0;0;125;0;42;0;
5837;2211648;1180852224;16470016;1379241984;0;0;0;0;0;0;0;0;0;0;0;2244;0;0;125;0;42;0;
5838;2118914;1180852224;16470016;1379241984;0;0;0;0;0;0;0;0;0;0;0;2635;0;0;125;0;42;0;
5839;5245307;1180852224;16470016;1379241984;0;0;0;0;0;0;0;0;0;0;0;2455;0;0;125;0;42;0;
5840;4290205;1180852224;16470016;1379241984;0;0;0;0;0;0;0;0;0;0;0;2645;0;0;125;0;42;0;
5841;2004029;1180852224;16470016;1379241984;0;0;0;0;0;0;0;0;0;0;0;1793;0;0;125;0;42;0;
5842;1555577;1180852224;16470016;1379241984;0;0;0;0;0;0;0;0;0;0;0;2014;0;0;125;0;42;0;
5843;2769003;1180852224;16470016;1379241984;0;0;0;0;0;0;0;0;0;0;0;2074;0;0;125;0;42;0;
5844;2197481;1180852224;16470016;1379241984;0;0;0;0;0;0;0;0;0;0;0;1864;0;0;125;0;42;0;
5845;5115624;1180852224;16470016;1379241984;0;0;0;0;0;0;0;0;0;0;0;1773;0;0;125;0;42;0;
5846;2672873;1180852224;16470016;1379241984;0;0;0;0;0;0;0;0;0;0;0;2003;0;0;125;0;42;0;
5847;2367750;1180852224;16470016;1379241984;0;0;0;0;0;0;0;0;0;0;0;2084;0;0;125;0;42;0;
5848;2148560;1180852224;16470016;1379241984;0;0;0;0;0;0;0;0;0;0;0;1713;0;0;125;0;42;0;
5849;2096772;1180852224;16470016;1379241984;0;0;0;0;0;0;0;0;0;0;0;1924;0;0;125;0;42;0;
5850;1550097;1180852224;16470016;1379241984;0;0;0;0;0;0;0;0;0;0;0;1643;0;0;125;0;42;0;
5851;4320523;1180852224;16470016;1379241984;0;0;0;0;0;0;0;0;0;0;0;1673;0;0;125;0;42;0;
5852;3300530;1180852224;16470016;1379241984;0;0;0;0;0;0;0;0;0;0;0;1984;0;0;125;0;42;0;
5853;1488642;1180852224;16470016;1379241984;0;0;0;0;0;0;0;0;0;0;0;2114;0;0;125;0;42;0;
5854;3022859;1180852224;16470016;1379241984;0;0;0;0;0;0;0;0;0;0;0;2084;0;0;125;0;42;0;
5855;2429827;1180852224;16470016;1379241984;0;0;0;0;0;0;0;0;0;0;0;2846;0;0;125;0;42;0;
5856;2414669;1180852224;16470016;1379241984;0;0;0;0;0;0;0;0;0;0;0;2174;0;0;125;0;42;0;
5857;1572919;1180852224;16470016;1379241984;0;0;0;0;0;0;0;0;0;0;0;2234;0;0;125;0;42;0;
5858;4685838;1180852224;16470016;1379241984;0;0;0;0;0;0;0;0;0;0;0;2415;0;0;125;0;42;0;
5859;3108089;1180852224;16470016;1379241984;0;0;0;0;0;0;0;0;0;0;0;2905;0;0;125;0;42;0;
5860;2571522;1180852224;16470016;1379241984;0;0;0;0;0;0;0;0;0;0;0;1744;0;0;125;0;42;0;
5861;1570465;1180852224;16470016;1379241984;0;0;0;0;0;0;0;0;0;0;0;1843;0;0;125;0;42;0;
5862;1920953;1180852224;16470016;1379241984;0;0;0;0;0;0;0;0;0;0;0;1653;0;0;125;0;42;0;
5863;1433539;1180852224;16470016;1379241984;0;0;0;0;0;0;0;0;0;0;0;1693;0;0;125;0;42;0;
5864;4129584;1180852224;16470016;1379241984;0;0;0;0;0;0;0;0;0;0;0;1683;0;0;125;0;42;0;
5865;2893807;1180852224;16470016;1379241984;0;0;0;0;0;0;0;0;0;0;0;2605;0;0;125;0;42;0;
5866;2105559;1180852224;16470016;1379241984;0;0;0;0;0;0;0;0;0;0;0;1633;0;0;125;0;42;0;
5867;1527484;1180852224;16470016;1379241984;0;0;0;0;0;0;0;0;0;0;0;1853;0;0;125;0;42;0;
5868;2138080;1180852224;16470016;1379241984;0;0;0;0;0;0;0;0;0;0;0;1813;0;0;125;0;42;0;
5869;2586280;1180852224;16470016;1379241984;0;0;0;0;0;0;0;0;0;0;0;6833;0;0;125;0;42;0;
5870;5183912;1180852224;16470016;1379241984;0;0;0;0;0;0;0;0;0;0;0;2355;0;0;125;0;42;0;
5871;2985559;1180852224;16470016;1379241984;0;0;0;0;0;0;0;0;0;0;0;3126;0;0;125;0;42;0;
5872;2234160;1180852224;16470016;1379241984;0;0;0;0;0;0;0;0;0;0;0;2355;0;0;125;0;42;0;
5873;2352261;1180852224;16470016;1379241984;0;0;0;0;0;0;0;0;0;0;0;2435;0;0;125;0;42;0;
5874;2982494;1180852224;16470016;1379241984;0;0;0;0;0;0;0;0;0;0;0;2264;0;0;125;0;42;0;
5875;1960527;1180852224;16470016;1379241984;0;0;0;0;0;0;0;0;0;0;0;2936;0;0;125;0;42;0;
5876;4679707;1180852224;16470016;1379241984;0;0;0;0;0;0;0;0;0;0;0;2425;0;0;125;0;42;0;
5877;3094353;1180852224;16470016;1379241984;0;0;0;0;0;0;0;0;0;0;0;3917;0;0;125;0;42;0;
5878;2647405;1180852224;16470016;1379241984;0;0;0;0;0;0;0;0;0;0;0;2775;0;0;125;0;42;0;
5879;2583615;1180852224;16470016;1379241984;0;0;0;0;0;0;0;0;0;0;0;2334;0;0;125;0;42;0;
5880;2351120;1180852224;16470016;1379241984;0;0;0;0;0;0;0;0;0;0;0;2494;0;0;125;0;42;0;
5881;1664522;1180852224;16470016;1379241984;0;0;0;0;0;0;0;0;0;0;0;2094;0;0;125;0;42;0;
5882;4637768;1180852224;16470016;1379241984;0;0;0;0;0;0;0;0;0;0;0;2154;0;0;125;0;42;0;
5883;3229927;1180852224;16470016;1379241984;0;0;0;0;0;0;0;0;0;0;0;1864;0;0;125;0;42;0;
5884;2184216;1180852224;16470016;1379241984;0;0;0;0;0;0;0;0;0;0;0;2324;0;0;125;0;42;0;
5885;1967189;1180852224;16470016;1379241984;0;0;0;0;0;0;0;0;0;0;0;1733;0;0;125;0;42;0;
5886;1801218;1180852224;16470016;1379241984;0;0;0;0;0;0;0;0;0;0;0;1583;0;0;125;0;42;0;
5887;1406858;1180852224;16470016;1379241984;0;0;0;0;0;0;0;0;0;0;0;1733;0;0;125;0;42;0;
5888;5194031;1180852224;16470016;1379241984;0;0;0;0;0;0;0;0;0;0;0;1432;0;0;125;0;42;0;
5889;3198869;1180852224;16470016;1379241984;0;0;0;0;0;0;0;0;0;0;0;2746;0;0;125;0;42;0;
5890;2861877;1180852224;16470016;1379241984;0;0;0;0;0;0;0;0;0;0;0;1703;0;0;125;0;42;0;
5891;2849163;1180852224;16470016;1379241984;0;0;0;0;0;0;0;0;0;0;0;2244;0;0;125;0;42;0;
5892;2644941;1180852224;16470016;1379241984;0;0;0;0;0;0;0;0;0;0;0;2044;0;0;125;0;42;0;
5893;1968262;1180852224;16470016;1379241984;0;0;0;0;0;0;0;0;0;0;0;2234;0;0;125;0;42;0;
5894;4264788;1180852224;16470016;1379241984;0;0;0;0;0;0;0;0;0;0;0;1954;0;0;125;0;42;0;
5895;2775926;1180852224;16470016;1379241984;0;0;0;0;0;0;0;0;0;0;0;2345;0;0;125;0;42;0;
5896;3099072;1180852224;16470016;1379241984;0;0;0;0;0;0;0;0;0;0;0;2043;0;0;125;0;42;0;
5897;1264853;1180852224;16470016;1379241984;0;0;0;0;0;0;0;0;0;0;0;1904;0;0;125;0;42;0;
5898;2594045;1180852224;16470016;1379241984;0;0;0;0;0;0;0;0;0;0;0;1843;0;0;125;0;42;0;
5899;1147622;1180852224;16470016;1379241984;0;0;0;0;0;0;0;0;0;0;0;1753;0;0;125;0;42;0;
5900;5150249;1180852224;16470016;1379241984;0;0;0;0;0;0;0;0;0;0;0;1673;0;0;125;0;42;0;
5901;2493126;1180852224;16470016;1379241984;0;0;0;0;0;0;0;0;0;0;0;2756;0;0;125;0;42;0;
5902;2653847;1180852224;16470016;1379241984;0;0;0;0;0;0;0;0;0;0;0;2585;0;0;125;0;42;0;
5903;1620800;1180852224;16470016;1379241984;0;0;0;0;0;0;0;0;0;0;0;2384;0;0;125;0;42;0;
5904;2854994;1180852224;16470016;1379241984;0;0;0;0;0;0;0;0;0;0;0;2665;0;0;125;0;42;0;
5905;2512272;1180852224;16470016;1379241984;0;0;0;0;0;0;0;0;0;0;0;4318;0;0;125;0;42;0;
5906;4918013;1180852224;16470016;1379241984;0;0;0;0;0;0;0;0;0;0;0;2585;0;0;125;0;42;0;
5907;4710063;1180852224;16470016;1379241984;0;0;0;0;0;0;0;0;0;0;0;4158;0;0;125;0;42;0;
5908;3147333;1180852224;16470016;1379241984;0;0;0;0;0;0;0;0;0;0;0;2685;0;0;125;0;42;0;
5909;1943955;1180852224;16470016;1379241984;0;0;0;0;0;0;0;0;0;0;0;2294;0;0;125;0;42;0;
5910;1973651;1180852224;16470016;1379241984;0;0;0;0;0;0;0;0;0;0;0;2094;0;0;125;0;42;0;
5911;1738130;1180852224;16470016;1379241984;0;0;0;0;0;0;0;0;0;0;0;2103;0;0;125;0;42;0;
5912;5288488;1180852224;16470016;1379241984;0;0;0;0;0;0;0;0;0;0;0;2234;0;0;125;0;42;0;
5913;4431961;1180852224;16470016;1379241984;0;0;0;0;0;0;0;0;0;0;0;3527;0;0;125;0;42;0;
5914;2238648;1180852224;16470016;1379241984;0;0;0;0;0;0;0;0;0;0;0;2945;0;0;125;0;42;0;
5915;2129914;1180852224;16470016;1379241984;0;0;0;0;0;0;0;0;0;0;0;2976;0;0;125;0;42;0;
5916;1632031;1180852224;16470016;1379241984;0;0;0;0;0;0;0;0;0;0;0;2023;0;0;125;0;42;0;
5917;1485586;1180852224;16470016;1379241984;0;0;0;0;0;0;0;0;0;0;0;1794;0;0;125;0;42;0;
5918;1277456;1180852224;16470016;1379241984;0;0;0;0;0;0;0;0;0;0;0;1834;0;0;125;0;42;0;
5919;4964220;1180852224;16470016;1379241984;0;0;0;0;0;0;0;0;0;0;0;1643;0;0;125;0;42;0;
5920;3895595;1180852224;16470016;1379241984;0;0;0;0;0;0;0;0;0;0;0;3196;0;0;125;0;42;0;
5921;1955848;1180852224;16470016;1379241984;0;0;0;0;0;0;0;0;0;0;0;2414;0;0;125;0;42;0;
5922;2396244;1180852224;16470016;1379241984;0;0;0;0;0;0;0;0;0;0;0;1713;0;0;125;0;42;0;
5923;1385869;1180852224;16470016;1379241984;0;0;0;0;0;0;0;0;0;0;0;1934;0;0;125;0;42;0;
5924;2576161;1180852224;16470016;1379241984;0;0;0;0;0;0;0;0;0;0;0;1874;0;0;125;0;42;0;
5925;2479170;1180852224;16470016;1379241984;0;0;0;0;0;0;0;0;0;0;0;2885;0;0;125;0;42;0;
5926;4824989;1180852224;16470016;1379241984;0;0;0;0;0;0;0;0;0;0;0;2805;0;0;125;0;42;0;
5927;4742764;1180852224;16470016;1379241984;0;0;0;0;0;0;0;0;0;0;0;4128;0;0;125;0;42;0;
5928;2244229;1180852224;16470016;1379241984;0;0;0;0;0;0;0;0;0;0;0;2835;0;0;125;0;42;0;
5929;1513218;1180852224;16470016;1379241984;0;0;0;0;0;0;0;0;0;0;0;2515;0;0;125;0;42;0;
5930;1996434;1180852224;16470016;1379241984;0;0;0;0;0;0;0;0;0;0;0;2134;0;0;125;0;42;0;
5931;1388253;1180852224;16470016;1379241984;0;0;0;0;0;0;0;0;0;0;0;2114;0;0;125;0;42;0;
5932;5614990;1180852224;16470016;1379241984;0;0;0;0;0;0;0;0;0;0;0;2225;0;0;125;0;42;0;
5933;4032293;1180852224;16470016;1379241984;0;0;0;0;0;0;0;0;0;0;0;3236;0;0;125;0;42;0;
5934;1556840;1180852224;16470016;1379241984;0;0;0;0;0;0;0;0;0;0;0;2565;0;0;125;0;42;0;
5935;3368748;1180852224;16470016;1379241984;0;0;0;0;0;0;0;0;0;0;0;2685;0;0;125;0;42;0;
5936;1520972;1180852224;16470016;1379241984;0;0;0;0;0;0;0;0;0;0;0;2334;0;0;125;0;42;0;
5937;2438312;1180852224;16470016;1379241984;0;0;0;0;0;0;0;0;0;0;0;2394;0;0;125;0;42;0;
5938;1875126;1180852224;16470016;1379241984;0;0;0;0;0;0;0;0;0;0;0;2835;0;0;125;0;42;0;
5939;5187870;1180852224;16470016;1379241984;0;0;0;0;0;0;0;0;0;0;0;3066;0;0;125;0;42;0;
5940;4599997;1180852224;16470016;1379241984;0;0;0;0;0;0;0;0;0;0;0;3747;0;0;125;0;42;0;
5941;2330320;1180852224;16470016;1379241984;0;0;0;0;0;0;0;0;0;0;0;2915;0;0;125;0;42;0;
5942;2793198;1180852224;16470016;1379241984;0;0;0;0;0;0;0;0;0;0;0;3006;0;0;125;0;42;0;
5943;2838854;1180852224;16470016;1379241984;0;0;0;0;0;0;0;0;0;0;0;2855;0;0;125;0;42;0;
5944;2777168;1180852224;16470016;1379241984;0;0;0;0;0;0;0;0;0;0;0;2946;0;0;125;0;42;0;
5945;1963893;1180852224;16470016;1379241984;0;0;0;0;0;0;0;0;0;0;0;2845;0;0;125;0;42;0;
5946;5143115;1180852224;16470016;1379241984;0;0;0;0;0;0;0;0;0;0;0;2946;0;0;125;0;42;0;
5947;4574689;1180852224;16470016;1379241984;0;0;0;0;0;0;0;0;0;0;0;2816;0;0;125;0;42;0;
5948;2468098;1180852224;16470016;1379241984;0;0;0;0;0;0;0;0;0;0;0;2886;0;0;125;0;42;0;
5949;1635287;1180852224;16470016;1379241984;0;0;0;0;0;0;0;0;0;0;0;3005;0;0;125;0;42;0;
5950;2360166;1180852224;16470016;1379241984;0;0;0;0;0;0;0;0;0;0;0;2886;0;0;125;0;42;0;
5951;1991295;1180852224;16470016;1379241984;0;0;0;0;0;0;0;0;0;0;0;1723;0;0;125;0;42;0;
5952;5121134;1180852224;16470016;1379241984;0;0;0;0;0;0;0;0;0;0;0;1683;0;0;125;0;42;0;
5953;4651524;1180852224;16470016;1379241984;0;0;0;0;0;0;0;0;0;0;0;4789;0;0;125;0;42;0;
5954;25211020;1180852224;16470016;1379241984;0;0;0;0;0;0;0;0;0;0;0;3557;0;0;125;0;42;0;
5955;3274010;1180852224;16470016;1379241984;0;0;0;0;0;0;0;0;0;0;0;3807;0;0;125;0;42;0;
5956;2777449;1180852224;16470016;1379241984;0;0;0;0;0;0;0;0;0;0;0;2274;0;0;125;0;42;0;
5957;3576487;1180852224;16470016;1379241984;0;0;0;0;0;0;0;0;0;0;0;2164;0;0;125;0;42;0;
5958;5725398;1180852224;16470016;1379241984;0;0;0;0;0;0;0;0;0;0;0;1703;0;0;125;0;42;0;
5959;5379548;1180852224;16470016;1379241984;0;0;0;0;0;0;0;0;0;0;0;2594;0;0;125;0;42;0;
5960;2358874;1180852224;16470016;1379241984;0;0;0;0;0;0;0;0;0;0;0;1452;0;0;125;0;42;0;
5961;3250976;1180852224;16470016;1379241984;0;0;0;0;0;0;0;0;0;0;0;1693;0;0;125;0;42;0;
5962;1943144;1180852224;16470016;1379241984;0;0;0;0;0;0;0;0;0;0;0;2004;0;0;125;0;42;0;
5963;2402135;1180852224;16470016;1379241984;0;0;0;0;0;0;0;0;0;0;0;1953;0;0;125;0;42;0;
5964;1727440;1180852224;16470016;1379241984;0;0;0;0;0;0;0;0;0;0;0;1924;0;0;125;0;42;0;
5965;4550624;1180852224;16470016;1379241984;0;0;0;0;0;0;0;0;0;0;0;1804;0;0;125;0;42;0;
5966;2688993;1180852224;16470016;1379241984;0;0;0;0;0;0;0;0;0;0;0;1994;0;0;125;0;42;0;
5967;2939844;1180852224;16470016;1379241984;0;0;0;0;0;0;0;0;0;0;0;1773;0;0;125;0;42;0;
5968;2027141;1180852224;16470016;1379241984;0;0;0;0;0;0;0;0;0;0;0;1703;0;0;125;0;42;0;
5969;2313940;1180852224;16470016;1379241984;0;0;0;0;0;0;0;0;0;0;0;1663;0;0;125;0;42;0;
5970;1971868;1180852224;16470016;1379241984;0;0;0;0;0;0;0;0;0;0;0;2114;0;0;125;0;42;0;
5971;5283508;1180852224;16470016;1379241984;0;0;0;0;0;0;0;0;0;0;0;2053;0;0;125;0;42;0;
5972;2579537;1180852224;16470016;1379241984;0;0;0;0;0;0;0;0;0;0;0;2675;0;0;125;0;42;0;
5973;3110383;1180852224;16470016;1379241984;0;0;0;0;0;0;0;0;0;0;0;2224;0;0;125;0;42;0;
5974;1857493;1180852224;16470016;1379241984;0;0;0;0;0;0;0;0;0;0;0;1984;0;0;125;0;42;0;
5975;1516224;1180852224;16470016;1379241984;0;0;0;0;0;0;0;0;0;0;0;1623;0;0;125;0;42;0;
5976;2159851;1180852224;16470016;1379241984;0;0;0;0;0;0;0;0;0;0;0;1733;0;0;125;0;42;0;
5977;4587904;1180852224;16470016;1379241984;0;0;0;0;0;0;0;0;0;0;0;1974;0;0;125;0;42;0;
5978;2014809;1180852224;16470016;1379241984;0;0;0;0;0;0;0;0;0;0;0;1823;0;0;125;0;42;0;
5979;1936692;1180852224;16470016;1379241984;0;0;0;0;0;0;0;0;0;0;0;1553;0;0;125;0;42;0;
5980;1361984;1180852224;16470016;1379241984;0;0;0;0;0;0;0;0;0;0;0;1924;0;0;125;0;42;0;
5981;2187212;1180852224;16470016;1379241984;0;0;0;0;0;0;0;0;0;0;0;1653;0;0;125;0;42;0;
5982;1938726;1180852224;16470016;1379241984;0;0;0;0;0;0;0;0;0;0;0;2144;0;0;125;0;42;0;
5983;5179764;1180852224;16470016;1379241984;0;0;0;0;0;0;0;0;0;0;0;2214;0;0;125;0;42;0;
5984;2712908;1180852224;16470016;1379241984;0;0;0;0;0;0;0;0;0;0;0;2545;0;0;125;0;42;0;
5985;2284154;1180852224;16470016;1379241984;0;0;0;0;0;0;0;0;0;0;0;2174;0;0;125;0;42;0;
5986;1791369;1180852224;16470016;1379241984;0;0;0;0;0;0;0;0;0;0;0;2795;0;0;125;0;42;0;
5987;2884068;1180852224;16470016;1379241984;0;0;0;0;0;0;0;0;0;0;0;64872;0;0;125;0;42;0;
5988;1697503;1180852224;16470016;1379241984;0;0;0;0;0;0;0;0;0;0;0;2585;0;0;125;0;42;0;
5989;5367156;1180852224;16470016;1379241984;0;0;0;0;0;0;0;0;0;0;0;2605;0;0;125;0;42;0;
5990;3983791;1180852224;16470016;1379241984;0;0;0;0;0;0;0;0;0;0;0;2785;0;0;125;0;42;0;
5991;2442570;1180852224;16470016;1379241984;0;0;0;0;0;0;0;0;0;0;0;2464;0;0;125;0;42;0;
5992;2114575;1180852224;16470016;1379241984;0;0;0;0;0;0;0;0;0;0;0;2615;0;0;125;0;42;0;
5993;2065734;1180852224;16470016;1379241984;0;0;0;0;0;0;0;0;0;0;0;2164;0;0;125;0;42;0;
5994;2748294;1180852224;16470016;1379241984;0;0;0;0;0;0;0;0;0;0;0;5941;0;0;125;0;42;0;
5995;4440648;1180852224;16470016;1379241984;0;0;0;0;0;0;0;0;0;0;0;2084;0;0;125;0;42;0;
5996;3914401;1180852224;16470016;1379241984;0;0;0;0;0;0;0;0;0;0;0;2485;0;0;125;0;42;0;
5997;2056667;1180852224;16470016;1379241984;0;0;0;0;0;0;0;0;0;0;0;2254;0;0;125;0;42;0;
5998;1794645;1180852224;16470016;1379241984;0;0;0;0;0;0;0;0;0;0;0;2064;0;0;125;0;42;0;
5999;2658145;1180852224;16470016;1379241984;0;0;0;0;0;0;0;0;0;0;0;2244;0;0;125;0;42;0;
6000;1949746;1180852224;16470016;1379241984;0;0;0;0;0;0;0;0;0;0;0;2225;0;0;125;0;42;0;
6001;5096317;1180852224;16470016;1379241984;0;0;0;0;0;0;0;0;0;0;0;2123;0;0;125;0;42;0;
6002;4420490;1180852224;16470016;1379241984;0;0;0;0;0;0;0;0;0;0;0;2515;0;0;125;0;42;0;
6003;3218195;1180852224;16470016;1379241984;0;0;0;0;0;0;0;0;0;0;0;2605;0;0;125;0;42;0;
6004;1920612;1180852224;16470016;1379241984;0;0;0;0;0;0;0;0;0;0;0;2194;0;0;125;0;42;0;
6005;1699377;1180852224;16470016;1379241984;0;0;0;0;0;0;0;0;0;0;0;2094;0;0;125;0;42;0;
6006;2131086;1180852224;16470016;1379241984;0;0;0;0;0;0;0;0;0;0;0;2134;0;0;125;0;42;0;
6007;5068605;1180852224;16470016;1379241984;0;0;0;0;0;0;0;0;0;0;0;2104;0;0;125;0;42;0;
6008;3671135;1180852224;16470016;1379241984;0;0;0;0;0;0;0;0;0;0;0;2856;0;0;125;0;42;0;
6009;2663224;1180852224;16470016;1379241984;0;0;0;0;0;0;0;0;0;0;0;2084;0;0;125;0;42;0;
6010;2212599;1180852224;16470016;1379241984;0;0;0;0;0;0;0;0;0;0;0;2174;0;0;125;0;42;0;
6011;2335109;1180852224;16470016;1379241984;0;0;0;0;0;0;0;0;0;0;0;2104;0;0;125;0;42;0;
6012;1587227;1180852224;16470016;1379241984;0;0;0;0;0;0;0;0;0;0;0;2114;0;0;125;0;42;0;
6013;4892094;1180852224;16470016;1379241984;0;0;0;0;0;0;0;0;0;0;0;2234;0;0;125;0;42;0;
6014;3880697;1180852224;16470016;1379241984;0;0;0;0;0;0;0;0;0;0;0;2705;0;0;125;0;42;0;
6015;2880632;1180852224;16470016;1379241984;0;0;0;0;0;0;0;0;0;0;0;2455;0;0;125;0;42;0;
6016;2049594;1180852224;16470016;1379241984;0;0;0;0;0;0;0;0;0;0;0;2595;0;0;125;0;42;0;
6017;2727966;1180852224;16470016;1379241984;0;0;0;0;0;0;0;0;0;0;0;6713;0;0;125;0;42;0;
6018;2081614;1180852224;16470016;1379241984;0;0;0;0;0;0;0;0;0;0;0;2515;0;0;125;0;42;0;
6019;4825509;1180852224;16470016;1379241984;0;0;0;0;0;0;0;0;0;0;0;2624;0;0;125;0;42;0;
6020;2810190;1180852224;16470016;1379241984;0;0;0;0;0;0;0;0;0;0;0;1783;0;0;125;0;42;0;
6021;1515553;1180852224;16470016;1379241984;0;0;0;0;0;0;0;0;0;0;0;1693;0;0;125;0;42;0;
6022;2069702;1180852224;16470016;1379241984;0;0;0;0;0;0;0;0;0;0;0;1924;0;0;125;0;42;0;
6023;2287941;1180852224;16470016;1379241984;0;0;0;0;0;0;0;0;0;0;0;1684;0;0;125;0;42;0;
6024;1558343;1180852224;16470016;1379241984;0;0;0;0;0;0;0;0;0;0;0;2074;0;0;125;0;42;0;
6025;4533542;1180852224;16470016;1379241984;0;0;0;0;0;0;0;0;0;0;0;1834;0;0;125;0;42;0;
6026;3229136;1180852224;16470016;1379241984;0;0;0;0;0;0;0;0;0;0;0;2214;0;0;125;0;42;0;
6027;1913619;1180852224;16470016;1379241984;0;0;0;0;0;0;0;0;0;0;0;1834;0;0;125;0;42;0;
6028;2197702;1180852224;16470016;1379241984;0;0;0;0;0;0;0;0;0;0;0;2865;0;0;125;0;42;0;
6029;2596980;1180852224;16470016;1379241984;0;0;0;0;0;0;0;0;0;0;0;2505;0;0;125;0;42;0;
6030;2424307;1180852224;16470016;1379241984;0;0;0;0;0;0;0;0;0;0;0;2725;0;0;125;0;42;0;
6031;4678564;1180852224;16470016;1379241984;0;0;0;0;0;0;0;0;0;0;0;2595;0;0;125;0;42;0;
6032;3978231;1180852224;16470016;1379241984;0;0;0;0;0;0;0;0;0;0;0;2164;0;0;125;0;42;0;
6033;2123703;1180852224;16470016;1379241984;0;0;0;0;0;0;0;0;0;0;0;2124;0;0;125;0;42;0;
6034;1792482;1180852224;16470016;1379241984;0;0;0;0;0;0;0;0;0;0;0;2134;0;0;125;0;42;0;
6035;2812074;1180852224;16470016;1379241984;0;0;0;0;0;0;0;0;0;0;0;2154;0;0;125;0;42;0;
6036;1957641;1180852224;16470016;1379241984;0;0;0;0;0;0;0;0;0;0;0;2044;0;0;125;0;42;0;
6037;4643348;1180852224;16470016;1379241984;0;0;0;0;0;0;0;0;0;0;0;2053;0;0;125;0;42;0;
6038;2402085;1180852224;16470016;1379241984;0;0;0;0;0;0;0;0;0;0;0;2204;0;0;125;0;42;0;
6039;2482585;1180852224;16470016;1379241984;0;0;0;0;0;0;0;0;0;0;0;2034;0;0;125;0;42;0;
6040;2243999;1180852224;16470016;1379241984;0;0;0;0;0;0;0;0;0;0;0;1914;0;0;125;0;42;0;
6041;2819497;1180852224;16470016;1379241984;0;0;0;0;0;0;0;0;0;0;0;1944;0;0;125;0;42;0;
6042;2834466;1180852224;16470016;1379241984;0;0;0;0;0;0;0;0;0;0;0;6432;0;0;125;0;42;0;
6043;4784683;1180852224;16470016;1379241984;0;0;0;0;0;0;0;0;0;0;0;1784;0;0;125;0;42;0;
6044;3336267;1180852224;16470016;1379241984;0;0;0;0;0;0;0;0;0;0;0;2174;0;0;125;0;42;0;
6045;2834345;1180852224;16470016;1379241984;0;0;0;0;0;0;0;0;0;0;0;1853;0;0;125;0;42;0;
6046;2362069;1180852224;16470016;1379241984;0;0;0;0;0;0;0;0;0;0;0;2244;0;0;125;0;42;0;
6047;2357401;1180852224;16470016;1379241984;0;0;0;0;0;0;0;0;0;0;0;1943;0;0;125;0;42;0;
6048;2507933;1180852224;16470016;1379241984;0;0;0;0;0;0;0;0;0;0;0;2184;0;0;125;0;42;0;
6049;4679515;1180852224;16470016;1379241984;0;0;0;0;0;0;0;0;0;0;0;1784;0;0;125;0;42;0;
6050;4327376;1180852224;16470016;1379241984;0;0;0;0;0;0;0;0;0;0;0;3156;0;0;125;0;42;0;
6051;2253856;1180852224;16470016;1379241984;0;0;0;0;0;0;0;0;0;0;0;1683;0;0;125;0;42;0;
6052;1888151;1180852224;16470016;1379241984;0;0;0;0;0;0;0;0;0;0;0;2184;0;0;125;0;42;0;
6053;2439936;1180852224;16470016;1379241984;0;0;0;0;0;0;0;0;0;0;0;1984;0;0;125;0;42;0;
6054;2165692;1180852224;16470016;1379241984;0;0;0;0;0;0;0;0;0;0;0;2655;0;0;125;0;42;0;
6055;4941086;1180852224;16470016;1379241984;0;0;0;0;0;0;0;0;0;0;0;3136;0;0;125;0;42;0;
6056;4345990;1180852224;16470016;1379241984;0;0;0;0;0;0;0;0;0;0;0;2985;0;0;125;0;42;0;
6057;2625243;1180852224;16470016;1379241984;0;0;0;0;0;0;0;0;0;0;0;2475;0;0;125;0;42;0;
6058;1646007;1180852224;16470016;1379241984;0;0;0;0;0;0;0;0;0;0;0;1704;0;0;125;0;42;0;
6059;2037882;1180852224;16470016;1379241984;0;0;0;0;0;0;0;0;0;0;0;1933;0;0;125;0;42;0;
6060;2877116;1180852224;16470016;1379241984;0;0;0;0;0;0;0;0;0;0;0;2735;0;0;125;0;42;0;
6061;6493137;1180852224;16470016;1379241984;0;0;0;0;0;0;0;0;0;0;0;2464;0;0;125;0;42;0;
6062;2908344;1180852224;16470016;1379241984;0;0;0;0;0;0;0;0;0;0;0;2705;0;0;125;0;42;0;
6063;2896843;1180852224;16470016;1379241984;0;0;0;0;0;0;0;0;0;0;0;2014;0;0;125;0;42;0;
6064;2739507;1180852224;16470016;1379241984;0;0;0;0;0;0;0;0;0;0;0;1913;0;0;125;0;42;0;
6065;2241574;1180852224;16470016;1379241984;0;0;0;0;0;0;0;0;0;0;0;1994;0;0;125;0;42;0;
6066;1937523;1180852224;16470016;1379241984;0;0;0;0;0;0;0;0;0;0;0;1934;0;0;125;0;42;0;
6067;5081280;1180852224;16470016;1379241984;0;0;0;0;0;0;0;0;0;0;0;1703;0;0;125;0;42;0;
6068;3843137;1180852224;16470016;1379241984;0;0;0;0;0;0;0;0;0;0;0;2364;0;0;125;0;42;0;
6069;2567756;1180852224;16470016;1379241984;0;0;0;0;0;0;0;0;0;0;0;2214;0;0;125;0;42;0;
6070;2228960;1180852224;16470016;1379241984;0;0;0;0;0;0;0;0;0;0;0;2104;0;0;125;0;42;0;
6071;2522561;1180852224;16470016;1379241984;0;0;0;0;0;0;0;0;0;0;0;2244;0;0;125;0;42;0;
6072;2081564;1180852224;16470016;1379241984;0;0;0;0;0;0;0;0;0;0;0;2315;0;0;125;0;42;0;
6073;5648623;1180852224;16470016;1379241984;0;0;0;0;0;0;0;0;0;0;0;2224;0;0;125;0;42;0;
6074;3378366;1180852224;16470016;1379241984;0;0;0;0;0;0;0;0;0;0;0;2324;0;0;125;0;42;0;
6075;2362701;1180852224;16470016;1379241984;0;0;0;0;0;0;0;0;0;0;0;2194;0;0;125;0;42;0;
6076;2129875;1180852224;16470016;1379241984;0;0;0;0;0;0;0;0;0;0;0;2224;0;0;125;0;42;0;
6077;3266556;1180852224;16470016;1379241984;0;0;0;0;0;0;0;0;0;0;0;2504;0;0;125;0;42;0;
6078;2371478;1180852224;16470016;1379241984;0;0;0;0;0;0;0;0;0;0;0;2184;0;0;125;0;42;0;
6079;5324305;1180852224;16470016;1379241984;0;0;0;0;0;0;0;0;0;0;0;2244;0;0;125;0;42;0;
6080;3879786;1180852224;16470016;1379241984;0;0;0;0;0;0;0;0;0;0;0;2064;0;0;125;0;42;0;
6081;2162615;1180852224;16470016;1379241984;0;0;0;0;0;0;0;0;0;0;0;1813;0;0;125;0;42;0;
6082;1412800;1180852224;16470016;1379241984;0;0;0;0;0;0;0;0;0;0;0;1773;0;0;125;0;42;0;
6083;2620153;1180852224;16470016;1379241984;0;0;0;0;0;0;0;0;0;0;0;1954;0;0;125;0;42;0;
6084;2591209;1180852224;16470016;1379241984;0;0;0;0;0;0;0;0;0;0;0;2374;0;0;125;0;42;0;
6085;4549902;1180852224;16470016;1379241984;0;0;0;0;0;0;0;0;0;0;0;2144;0;0;125;0;42;0;
6086;9659185;1180852224;16470016;1379241984;0;0;0;0;0;0;0;0;0;0;0;2094;0;0;125;0;42;0;
6087;1924830;1180852224;16470016;1379241984;0;0;0;0;0;0;0;0;0;0;0;2334;0;0;125;0;42;0;
6088;1387261;1180852224;16470016;1379241984;0;0;0;0;0;0;0;0;0;0;0;1864;0;0;125;0;42;0;
6089;2468439;1180852224;16470016;1379241984;0;0;0;0;0;0;0;0;0;0;0;1833;0;0;125;0;42;0;
6090;1980404;1180852224;16470016;1379241984;0;0;0;0;0;0;0;0;0;0;0;2084;0;0;125;0;42;0;
6091;4905650;1180852224;16470016;1379241984;0;0;0;0;0;0;0;0;0;0;0;1894;0;0;125;0;42;0;
6092;2460574;1180852224;16470016;1379241984;0;0;0;0;0;0;0;0;0;0;0;2284;0;0;125;0;42;0;
6093;2186220;1180852224;16470016;1379241984;0;0;0;0;0;0;0;0;0;0;0;1873;0;0;125;0;42;0;
6094;1817298;1180852224;16470016;1379241984;0;0;0;0;0;0;0;0;0;0;0;2164;0;0;125;0;42;0;
6095;2041408;1180852224;16470016;1379241984;0;0;0;0;0;0;0;0;0;0;0;2294;0;0;125;0;42;0;
6096;1617513;1180852224;16470016;1379241984;0;0;0;0;0;0;0;0;0;0;0;1904;0;0;125;0;42;0;
6097;5467974;1180852224;16470016;1379241984;0;0;0;0;0;0;0;0;0;0;0;2354;0;0;125;0;42;0;
6098;2963448;1180852224;16470016;1379241984;0;0;0;0;0;0;0;0;0;0;0;2285;0;0;125;0;42;0;
6099;1920572;1180852224;16470016;1379241984;0;0;0;0;0;0;0;0;0;0;0;1763;0;0;125;0;42;0;
6100;2148639;1180852224;16470016;1379241984;0;0;0;0;0;0;0;0;0;0;0;1473;0;0;125;0;42;0;
6101;1828800;1180852224;16470016;1379241984;0;0;0;0;0;0;0;0;0;0;0;1863;0;0;125;0;42;0;
6102;1984201;1180852224;16470016;1379241984;0;0;0;0;0;0;0;0;0;0;0;1794;0;0;125;0;42;0;
6103;4608262;1180852224;16470016;1379241984;0;0;0;0;0;0;0;0;0;0;0;2174;0;0;125;0;42;0;
6104;3297123;1180852224;16470016;1379241984;0;0;0;0;0;0;0;0;0;0;0;2094;0;0;125;0;42;0;
6105;2006814;1180852224;16470016;1379241984;0;0;0;0;0;0;0;0;0;0;0;1823;0;0;125;0;42;0;
6106;1952321;1180852224;16470016;1379241984;0;0;0;0;0;0;0;0;0;0;0;1774;0;0;125;0;42;0;
6107;2266550;1180852224;16470016;1379241984;0;0;0;0;0;0;0;0;0;0;0;1993;0;0;125;0;42;0;
6108;1943415;1180852224;16470016;1379241984;0;0;0;0;0;0;0;0;0;0;0;1964;0;0;125;0;42;0;
6109;4684375;1180852224;16470016;1379241984;0;0;0;0;0;0;0;0;0;0;0;1974;0;0;125;0;42;0;
6110;3368477;1180852224;16470016;1379241984;0;0;0;0;0;0;0;0;0;0;0;1633;0;0;125;0;42;0;
6111;2068710;1180852224;16470016;1379241984;0;0;0;0;0;0;0;0;0;0;0;1954;0;0;125;0;42;0;
6112;1626510;1180852224;16470016;1379241984;0;0;0;0;0;0;0;0;0;0;0;1734;0;0;125;0;42;0;
6113;2399200;1180852224;16470016;1379241984;0;0;0;0;0;0;0;0;0;0;0;1784;0;0;125;0;42;0;
6114;1630257;1180852224;16470016;1379241984;0;0;0;0;0;0;0;0;0;0;0;2044;0;0;125;0;42;0;
6115;4804761;1180852224;16470016;1379241984;0;0;0;0;0;0;0;0;0;0;0;2335;0;0;125;0;42;0;
6116;2914976;1180852224;16478208;1379250176;0;0;0;0;0;0;0;0;0;0;0;1984;0;0;125;0;42;0;
6117;1866140;1180852224;16478208;1379250176;0;0;0;0;0;0;0;0;0;0;0;1884;0;0;125;0;42;0;
6118;1131121;1180852224;16478208;1379250176;0;0;0;0;0;0;0;0;0;0;0;1803;0;0;125;0;42;0;
6119;1573050;1180852224;16478208;1379250176;0;0;0;0;0;0;0;0;0;0;0;1663;0;0;125;0;42;0;
6120;1809744;1180852224;16478208;1379250176;0;0;0;0;0;0;0;0;0;0;0;1664;0;0;125;0;42;0;
6121;4810662;1180852224;16478208;1379250176;0;0;0;0;0;0;0;0;0;0;0;2014;0;0;125;0;42;0;
6122;2249379;1180852224;16478208;1379250176;0;0;0;0;0;0;0;0;0;0;0;2114;0;0;125;0;42;0;
6123;1710698;1180852224;16478208;1379250176;0;0;0;0;0;0;0;0;0;0;0;1843;0;0;125;0;42;0;
6124;1375851;1180852224;16478208;1379250176;0;0;0;0;0;0;0;0;0;0;0;1753;0;0;125;0;42;0;
6125;1644023;1180852224;16478208;1379250176;0;0;0;0;0;0;0;0;0;0;0;1934;0;0;125;0;42;0;
6126;1345102;1180852224;16478208;1379250176;0;0;0;0;0;0;0;0;0;0;0;2094;0;0;125;0;42;0;
6127;4393810;1180852224;16478208;1379250176;0;0;0;0;0;0;0;0;0;0;0;2174;0;0;125;0;42;0;
6128;3243302;1180852224;16478208;1379250176;0;0;0;0;0;0;0;0;0;0;0;2384;0;0;125;0;42;0;
6129;2408137;1180856320;16470016;1379241984;0;0;0;0;0;0;0;0;0;0;0;2324;0;0;125;0;42;0;
6130;1266225;1180856320;16470016;1379241984;0;0;0;0;0;0;0;0;0;0;0;2144;0;0;125;0;42;0;
6131;1787192;1180856320;16470016;1379241984;0;0;0;0;0;0;0;0;0;0;0;1934;0;0;125;0;42;0;
6132;2282912;1180856320;16470016;1379241984;0;0;0;0;0;0;0;0;0;0;0;2815;0;0;125;0;42;0;
6133;4728799;1180856320;16470016;1379241984;0;0;0;0;0;0;0;0;0;0;0;2475;0;0;125;0;42;0;
6134;4412685;1180856320;16470016;1379241984;0;0;0;0;0;0;0;0;0;0;0;3276;0;0;125;0;42;0;
6135;1959645;1180856320;16470016;1379241984;0;0;0;0;0;0;0;0;0;0;0;2064;0;0;125;0;42;0;
6136;1382723;1180856320;16470016;1379241984;0;0;0;0;0;0;0;0;0;0;0;1984;0;0;125;0;42;0;
6137;1939557;1180856320;16470016;1379241984;0;0;0;0;0;0;0;0;0;0;0;1984;0;0;125;0;42;0;
6138;1648642;1180856320;16470016;1379241984;0;0;0;0;0;0;0;0;0;0;0;1913;0;0;125;0;42;0;
6139;4821242;1180856320;16470016;1379241984;0;0;0;0;0;0;0;0;0;0;0;1904;0;0;125;0;42;0;
6140;4887326;1180856320;16470016;1379241984;0;0;0;0;0;0;0;0;0;0;0;2735;0;0;125;0;42;0;
6141;1808341;1180856320;16470016;1379241984;0;0;0;0;0;0;0;0;0;0;0;1764;0;0;125;0;42;0;
6142;1378084;1180856320;16470016;1379241984;0;0;0;0;0;0;0;0;0;0;0;1723;0;0;125;0;42;0;
6143;1663831;1180856320;16470016;1379241984;0;0;0;0;0;0;0;0;0;0;0;1683;0;0;125;0;42;0;
6144;1640677;1180856320;16470016;1379241984;0;0;0;0;0;0;0;0;0;0;0;1934;0;0;125;0;42;0;
6145;4455095;1180856320;16470016;1379241984;0;0;0;0;0;0;0;0;0;0;0;1853;0;0;125;0;42;0;
6146;3033979;1180856320;16470016;1379241984;0;0;0;0;0;0;0;0;0;0;0;1993;0;0;125;0;42;0;
6147;1831585;1180856320;16470016;1379241984;0;0;0;0;0;0;0;0;0;0;0;1753;0;0;125;0;42;0;
6148;1064026;1180856320;16470016;1379241984;0;0;0;0;0;0;0;0;0;0;0;1914;0;0;125;0;42;0;
6149;2084760;1180856320;16470016;1379241984;0;0;0;0;0;0;0;0;0;0;0;2134;0;0;125;0;42;0;
6150;1524278;1180856320;16470016;1379241984;0;0;0;0;0;0;0;0;0;0;0;2174;0;0;125;0;42;0;
6151;4346571;1180856320;16470016;1379241984;0;0;0;0;0;0;0;0;0;0;0;2314;0;0;125;0;42;0;
6152;4274646;1180856320;16470016;1379241984;0;0;0;0;0;0;0;0;0;0;0;1863;0;0;125;0;42;0;
6153;2255229;1180856320;16470016;1379241984;0;0;0;0;0;0;0;0;0;0;0;2254;0;0;125;0;42;0;
6154;2395924;1180856320;16470016;1379241984;0;0;0;0;0;0;0;0;0;0;0;4549;0;0;125;0;42;0;
6155;2007705;1180856320;16470016;1379241984;0;0;0;0;0;0;0;0;0;0;0;2034;0;0;125;0;42;0;
6156;1370069;1180856320;16470016;1379241984;0;0;0;0;0;0;0;0;0;0;0;2644;0;0;125;0;42;0;
6157;4896092;1180856320;16470016;1379241984;0;0;0;0;0;0;0;0;0;0;0;2144;0;0;125;0;42;0;
6158;5054229;1180856320;16470016;1379241984;0;0;0;0;0;0;0;0;0;0;0;3296;0;0;125;0;42;0;
6159;2789372;1180856320;16470016;1379241984;0;0;0;0;0;0;0;0;0;0;0;2535;0;0;125;0;42;0;
6160;1811477;1180856320;16470016;1379241984;0;0;0;0;0;0;0;0;0;0;0;2916;0;0;125;0;42;0;
6161;1950267;1180856320;16470016;1379241984;0;0;0;0;0;0;0;0;0;0;0;2524;0;0;125;0;42;0;
6162;1682275;1180856320;16470016;1379241984;0;0;0;0;0;0;0;0;0;0;0;2755;0;0;125;0;42;0;
6163;4773262;1180856320;16470016;1379241984;0;0;0;0;0;0;0;0;0;0;0;2574;0;0;125;0;42;0;
6164;3659764;1180856320;16470016;1379241984;0;0;0;0;0;0;0;0;0;0;0;1773;0;0;125;0;42;0;
6165;2373832;1180856320;16470016;1379241984;0;0;0;0;0;0;0;0;0;0;0;2314;0;0;125;0;42;0;
6166;1765641;1180856320;16470016;1379241984;0;0;0;0;0;0;0;0;0;0;0;1723;0;0;125;0;42;0;
6167;1671635;1180856320;16470016;1379241984;0;0;0;0;0;0;0;0;0;0;0;2104;0;0;125;0;42;0;
6168;1022527;1180856320;16470016;1379241984;0;0;0;0;0;0;0;0;0;0;0;2013;0;0;125;0;42;0;
6169;4234541;1180856320;16470016;1379241984;0;0;0;0;0;0;0;0;0;0;0;1873;0;0;125;0;42;0;
6170;2731462;1180856320;16470016;1379241984;0;0;0;0;0;0;0;0;0;0;0;2375;0;0;125;0;42;0;
6171;1717150;1180856320;16470016;1379241984;0;0;0;0;0;0;0;0;0;0;0;1823;0;0;125;0;42;0;
6172;1359480;1180856320;16470016;1379241984;0;0;0;0;0;0;0;0;0;0;0;1823;0;0;125;0;42;0;
6173;1417388;1180856320;16470016;1379241984;0;0;0;0;0;0;0;0;0;0;0;2054;0;0;125;0;42;0;
6174;1275101;1180856320;16470016;1379241984;0;0;0;0;0;0;0;0;0;0;0;2074;0;0;125;0;42;0;
6175;4187894;1180856320;16470016;1379241984;0;0;0;0;0;0;0;0;0;0;0;1924;0;0;125;0;42;0;
6176;2677561;1180856320;16470016;1379241984;0;0;0;0;0;0;0;0;0;0;0;1563;0;0;125;0;42;0;
6177;1554485;1180856320;16470016;1379241984;0;0;0;0;0;0;0;0;0;0;0;1714;0;0;125;0;42;0;
6178;1530380;1180856320;16470016;1379241984;0;0;0;0;0;0;0;0;0;0;0;2184;0;0;125;0;42;0;
6179;2329800;1180856320;16470016;1379241984;0;0;0;0;0;0;0;0;0;0;0;1894;0;0;125;0;42;0;
6180;1242189;1180856320;16470016;1379241984;0;0;0;0;0;0;0;0;0;0;0;2174;0;0;125;0;42;0;
6181;4233199;1180856320;16470016;1379241984;0;0;0;0;0;0;0;0;0;0;0;2234;0;0;125;0;42;0;
6182;3083462;1180856320;16470016;1379241984;0;0;0;0;0;0;0;0;0;0;0;2624;0;0;125;0;42;0;
6183;1826936;1180856320;16470016;1379241984;0;0;0;0;0;0;0;0;0;0;0;2175;0;0;125;0;42;0;
6184;1944447;1180856320;16470016;1379241984;0;0;0;0;0;0;0;0;0;0;0;2214;0;0;125;0;42;0;
6185;2442841;1180856320;16470016;1379241984;0;0;0;0;0;0;0;0;0;0;0;2204;0;0;125;0;42;0;
6186;1406818;1180856320;16470016;1379241984;0;0;0;0;0;0;0;0;0;0;0;2274;0;0;125;0;42;0;
6187;5018100;1180856320;16470016;1379241984;0;0;0;0;0;0;0;0;0;0;0;2024;0;0;125;0;42;0;
6188;2667853;1180856320;16470016;1379241984;0;0;0;0;0;0;0;0;0;0;0;1894;0;0;125;0;42;0;
6189;1928636;1180856320;16470016;1379241984;0;0;0;0;0;0;0;0;0;0;0;1913;0;0;125;0;42;0;
6190;1237050;1180856320;16470016;1379241984;0;0;0;0;0;0;0;0;0;0;0;1703;0;0;125;0;42;0;
6191;2229521;1180856320;16470016;1379241984;0;0;0;0;0;0;0;0;0;0;0;1964;0;0;125;0;42;0;
6192;1384446;1180856320;16470016;1379241984;0;0;0;0;0;0;0;0;0;0;0;1973;0;0;125;0;42;0;
6193;4081965;1180856320;16470016;1379241984;0;0;0;0;0;0;0;0;0;0;0;2024;0;0;125;0;42;0;
6194;2353304;1180856320;16470016;1379241984;0;0;0;0;0;0;0;0;0;0;0;2114;0;0;125;0;42;0;
6195;1794365;1180856320;16470016;1379241984;0;0;0;0;0;0;0;0;0;0;0;1894;0;0;125;0;42;0;
6196;1114259;1180856320;16470016;1379241984;0;0;0;0;0;0;0;0;0;0;0;1743;0;0;125;0;42;0;
6197;1519550;1180856320;16470016;1379241984;0;0;0;0;0;0;0;0;0;0;0;2134;0;0;125;0;42;0;
6198;1039109;1180856320;16470016;1379241984;0;0;0;0;0;0;0;0;0;0;0;2084;0;0;125;0;42;0;
6199;4257655;1180856320;16470016;1379241984;0;0;0;0;0;0;0;0;0;0;0;1724;0;0;125;0;42;0;
6200;2415951;1180856320;16470016;1379241984;0;0;0;0;0;0;0;0;0;0;0;2665;0;0;125;0;42;0;
6201;1603667;1180856320;16470016;1379241984;0;0;0;0;0;0;0;0;0;0;0;1923;0;0;125;0;42;0;
6202;1227001;1180856320;16470016;1379241984;0;0;0;0;0;0;0;0;0;0;0;1814;0;0;125;0;42;0;
6203;2169850;1180856320;16470016;1379241984;0;0;0;0;0;0;0;0;0;0;0;1924;0;0;125;0;42;0;
6204;1117275;1180856320;16470016;1379241984;0;0;0;0;0;0;0;0;0;0;0;2154;0;0;125;0;42;0;
6205;4266712;1180856320;16470016;1379241984;0;0;0;0;0;0;0;0;0;0;0;2184;0;0;125;0;42;0;
6206;2870834;1180856320;16470016;1379241984;0;0;0;0;0;0;0;0;0;0;0;2124;0;0;125;0;42;0;
6207;2243327;1180856320;16470016;1379241984;0;0;0;0;0;0;0;0;0;0;0;2374;0;0;125;0;42;0;
6208;1605582;1180856320;16470016;1379241984;0;0;0;0;0;0;0;0;0;0;0;2254;0;0;125;0;42;0;
6209;1715627;1180856320;16470016;1379241984;0;0;0;0;0;0;0;0;0;0;0;2165;0;0;125;0;42;0;
6210;2524625;1180856320;16470016;1379241984;0;0;0;0;0;0;0;0;0;0;0;2224;0;0;125;0;42;0;
6211;4557337;1180856320;16470016;1379241984;0;0;0;0;0;0;0;0;0;0;0;2384;0;0;125;0;42;0;
6212;3118529;1180856320;16470016;1379241984;0;0;0;0;0;0;0;0;0;0;0;2033;0;0;125;0;42;0;
6213;2828304;1180856320;16470016;1379241984;0;0;0;0;0;0;0;0;0;0;0;1563;0;0;125;0;42;0;
6214;1373596;1180856320;16470016;1379241984;0;0;0;0;0;0;0;0;0;0;0;2144;0;0;125;0;42;0;
6215;1946470;1180856320;16470016;1379241984;0;0;0;0;0;0;0;0;0;0;0;2444;0;0;125;0;42;0;
6216;1900745;1180856320;16470016;1379241984;0;0;0;0;0;0;0;0;0;0;0;2244;0;0;125;0;42;0;
6217;5052726;1180856320;16470016;1379241984;0;0;0;0;0;0;0;0;0;0;0;2164;0;0;125;0;42;0;
6218;2863770;1180856320;16470016;1379241984;0;0;0;0;0;0;0;0;0;0;0;2354;0;0;125;0;42;0;
6219;1837365;1180856320;16470016;1379241984;0;0;0;0;0;0;0;0;0;0;0;2174;0;0;125;0;42;0;
6220;1643001;1180856320;16470016;1379241984;0;0;0;0;0;0;0;0;0;0;0;2154;0;0;125;0;42;0;
6221;2292209;1180856320;16470016;1379241984;0;0;0;0;0;0;0;0;0;0;0;2465;0;0;125;0;42;0;
6222;1462563;1180856320;16470016;1379241984;0;0;0;0;0;0;0;0;0;0;0;2174;0;0;125;0;42;0;
6223;4092225;1180856320;16470016;1379241984;0;0;0;0;0;0;0;0;0;0;0;2284;0;0;125;0;42;0;
6224;2656782;1180856320;16470016;1379241984;0;0;0;0;0;0;0;0;0;0;0;2305;0;0;125;0;42;0;
6225;1766153;1180856320;16470016;1379241984;0;0;0;0;0;0;0;0;0;0;0;2144;0;0;125;0;42;0;
6226;1424071;1180856320;16470016;1379241984;0;0;0;0;0;0;0;0;0;0;0;2234;0;0;125;0;42;0;
6227;1864246;1180856320;16470016;1379241984;0;0;0;0;0;0;0;0;0;0;0;2174;0;0;125;0;42;0;
6228;1411076;1180856320;16470016;1379241984;0;0;0;0;0;0;0;0;0;0;0;2344;0;0;125;0;42;0;
6229;4725442;1180856320;16470016;1379241984;0;0;0;0;0;0;0;0;0;0;0;2224;0;0;125;0;42;0;
6230;2670849;1180856320;16470016;1379241984;0;0;0;0;0;0;0;0;0;0;0;2144;0;0;125;0;42;0;
6231;1908839;1180856320;16470016;1379241984;0;0;0;0;0;0;0;0;0;0;0;2154;0;0;125;0;42;0;
6232;1660855;1180856320;16470016;1379241984;0;0;0;0;0;0;0;0;0;0;0;2795;0;0;125;0;42;0;
6233;1921043;1180856320;16470016;1379241984;0;0;0;0;0;0;0;0;0;0;0;2856;0;0;125;0;42;0;
6234;1339732;1180856320;16470016;1379241984;0;0;0;0;0;0;0;0;0;0;0;2785;0;0;125;0;42;0;
6235;4680748;1180856320;16470016;1379241984;0;0;0;0;0;0;0;0;0;0;0;2615;0;0;125;0;42;0;
6236;2734779;1180856320;16470016;1379241984;0;0;0;0;0;0;0;0;0;0;0;2094;0;0;125;0;42;0;
6237;1880356;1180856320;16470016;1379241984;0;0;0;0;0;0;0;0;0;0;0;1753;0;0;125;0;42;0;
6238;1750994;1180856320;16470016;1379241984;0;0;0;0;0;0;0;0;0;0;0;1773;0;0;125;0;42;0;
6239;1546040;1180856320;16470016;1379241984;0;0;0;0;0;0;0;0;0;0;0;1864;0;0;125;0;42;0;
6240;1206313;1180856320;16470016;1379241984;0;0;0;0;0;0;0;0;0;0;0;1784;0;0;125;0;42;0;
6241;4156395;1180856320;16470016;1379241984;0;0;0;0;0;0;0;0;0;0;0;1683;0;0;125;0;42;0;
6242;2691929;1180856320;16470016;1379241984;0;0;0;0;0;0;0;0;0;0;0;2765;0;0;125;0;42;0;
6243;2121749;1180856320;16470016;1379241984;0;0;0;0;0;0;0;0;0;0;0;2084;0;0;125;0;42;0;
6244;1416878;1180856320;16470016;1379241984;0;0;0;0;0;0;0;0;0;0;0;2154;0;0;125;0;42;0;
6245;2171653;1180856320;16470016;1379241984;0;0;0;0;0;0;0;0;0;0;0;2194;0;0;125;0;42;0;
6246;2281539;1180856320;16470016;1379241984;0;0;0;0;0;0;0;0;0;0;0;5861;0;0;125;0;42;0;
6247;4613061;1180856320;16470016;1379241984;0;0;0;0;0;0;0;0;0;0;0;1492;0;0;125;0;42;0;
6248;3710890;1180856320;16470016;1379241984;0;0;0;0;0;0;0;0;0;0;0;2155;0;0;125;0;42;0;
6249;2194315;1180856320;16470016;1379241984;0;0;0;0;0;0;0;0;0;0;0;2264;0;0;125;0;42;0;
6250;1879515;1180856320;16470016;1379241984;0;0;0;0;0;0;0;0;0;0;0;2234;0;0;125;0;42;0;
6251;2312917;1180856320;16470016;1379241984;0;0;0;0;0;0;0;0;0;0;0;2184;0;0;125;0;42;0;
6252;1657248;1180856320;16470016;1379241984;0;0;0;0;0;0;0;0;0;0;0;1984;0;0;125;0;42;0;
6253;4852350;1180856320;16470016;1379241984;0;0;0;0;0;0;0;0;0;0;0;2084;0;0;125;0;42;0;
6254;3373857;1180856320;16470016;1379241984;0;0;0;0;0;0;0;0;0;0;0;12033;0;0;125;0;42;0;
6255;2308910;1180856320;16470016;1379241984;0;0;0;0;0;0;0;0;0;0;0;2114;0;0;125;0;42;0;
6256;1611071;1180856320;16470016;1379241984;0;0;0;0;0;0;0;0;0;0;0;1793;0;0;125;0;42;0;
6257;1720917;1180856320;16470016;1379241984;0;0;0;0;0;0;0;0;0;0;0;1884;0;0;125;0;42;0;
6258;2172915;1180856320;16470016;1379241984;0;0;0;0;0;0;0;0;0;0;0;2645;0;0;125;0;42;0;
6259;5042376;1180856320;16470016;1379241984;0;0;0;0;0;0;0;0;0;0;0;2916;0;0;125;0;42;0;
6260;3779558;1180856320;16470016;1379241984;0;0;0;0;0;0;0;0;0;0;0;3096;0;0;125;0;42;0;
6261;2520848;1180856320;16470016;1379241984;0;0;0;0;0;0;0;0;0;0;0;2845;0;0;125;0;42;0;
6262;1724163;1180856320;16470016;1379241984;0;0;0;0;0;0;0;0;0;0;0;2645;0;0;125;0;42;0;
6263;2408497;1180856320;16470016;1379241984;0;0;0;0;0;0;0;0;0;0;0;2996;0;0;125;0;42;0;
6264;2200427;1180856320;16470016;1379241984;0;0;0;0;0;0;0;0;0;0;0;2956;0;0;125;0;42;0;
6265;5010958;1180856320;16470016;1379241984;0;0;0;0;0;0;0;0;0;0;0;2716;0;0;125;0;42;0;
6266;4793780;1180856320;16470016;1379241984;0;0;0;0;0;0;0;0;0;0;0;4929;0;0;125;0;42;0;
6267;2625373;1180856320;16470016;1379241984;0;0;0;0;0;0;0;0;0;0;0;3186;0;0;125;0;42;0;
6268;1733812;1180856320;16470016;1379241984;0;0;0;0;0;0;0;0;0;0;0;3056;0;0;125;0;42;0;
6269;2223320;1180856320;16470016;1379241984;0;0;0;0;0;0;0;0;0;0;0;2555;0;0;125;0;42;0;
6270;1421867;1180856320;16470016;1379241984;0;0;0;0;0;0;0;0;0;0;0;2545;0;0;125;0;42;0;
6271;4261302;1180856320;16470016;1379241984;0;0;0;0;0;0;0;0;0;0;0;2525;0;0;125;0;42;0;
6272;3320848;1180856320;16470016;1379241984;0;0;0;0;0;0;0;0;0;0;0;2174;0;0;125;0;42;0;
6273;1960566;1180856320;16470016;1379241984;0;0;0;0;0;0;0;0;0;0;0;1974;0;0;125;0;42;0;
6274;1511645;1180856320;16470016;1379241984;0;0;0;0;0;0;0;0;0;0;0;1783;0;0;125;0;42;0;
6275;1995161;1180856320;16470016;1379241984;0;0;0;0;0;0;0;0;0;0;0;1753;0;0;125;0;42;0;
6276;1174252;1180856320;16470016;1379241984;0;0;0;0;0;0;0;0;0;0;0;1653;0;0;125;0;42;0;
6277;5245387;1180856320;16470016;1379241984;0;0;0;0;0;0;0;0;0;0;0;1864;0;0;125;0;42;0;
6278;4582584;1180856320;16470016;1379241984;0;0;0;0;0;0;0;0;0;0;0;5290;0;0;125;0;42;0;
6279;3318243;1180856320;16470016;1379241984;0;0;0;0;0;0;0;0;0;0;0;3596;0;0;125;0;42;0;
6280;1914731;1180856320;16470016;1379241984;0;0;0;0;0;0;0;0;0;0;0;3537;0;0;125;0;42;0;
6281;2838534;1180856320;16470016;1379241984;0;0;0;0;0;0;0;0;0;0;0;3156;0;0;125;0;42;0;
6282;2393128;1180856320;16470016;1379241984;0;0;0;0;0;0;0;0;0;0;0;2816;0;0;125;0;42;0;
6283;5413312;1180856320;16470016;1379241984;0;0;0;0;0;0;0;0;0;0;0;3045;0;0;125;0;42;0;
6284;4849815;1180856320;16470016;1379241984;0;0;0;0;0;0;0;0;0;0;0;4227;0;0;125;0;42;0;
6285;2770496;1180856320;16470016;1379241984;0;0;0;0;0;0;0;0;0;0;0;2465;0;0;125;0;42;0;
6286;1751635;1180856320;16470016;1379241984;0;0;0;0;0;0;0;0;0;0;0;2505;0;0;125;0;42;0;
6287;2524414;1180856320;16470016;1379241984;0;0;0;0;0;0;0;0;0;0;0;2535;0;0;125;0;42;0;
6288;1442605;1180856320;16470016;1379241984;0;0;0;0;0;0;0;0;0;0;0;2504;0;0;125;0;42;0;
6289;5060030;1180856320;16470016;1379241984;0;0;0;0;0;0;0;0;0;0;0;2575;0;0;125;0;42;0;
6290;3858266;1180856320;16470016;1379241984;0;0;0;0;0;0;0;0;0;0;0;3437;0;0;125;0;42;0;
6291;2169168;1180856320;16470016;1379241984;0;0;0;0;0;0;0;0;0;0;0;2886;0;0;125;0;42;0;
6292;2098836;1180856320;16470016;1379241984;0;0;0;0;0;0;0;0;0;0;0;2755;0;0;125;0;42;0;
6293;2346090;1180856320;16470016;1379241984;0;0;0;0;0;0;0;0;0;0;0;2605;0;0;125;0;42;0;
6294;1765201;1180856320;16470016;1379241984;0;0;0;0;0;0;0;0;0;0;0;2685;0;0;125;0;42;0;
6295;4834386;1180856320;16470016;1379241984;0;0;0;0;0;0;0;0;0;0;0;2896;0;0;125;0;42;0;
6296;3711911;1180856320;16470016;1379241984;0;0;0;0;0;0;0;0;0;0;0;2985;0;0;125;0;42;0;
6297;2335079;1180856320;16470016;1379241984;0;0;0;0;0;0;0;0;0;0;0;2525;0;0;125;0;42;0;
6298;1709246;1180856320;16470016;1379241984;0;0;0;0;0;0;0;0;0;0;0;2725;0;0;125;0;42;0;
6299;3030534;1180856320;16470016;1379241984;0;0;0;0;0;0;0;0;0;0;0;2655;0;0;125;0;42;0;
6300;2587943;1180856320;16470016;1379241984;0;0;0;0;0;0;0;0;0;0;0;2655;0;0;125;0;42;0;
6301;5323724;1180856320;16470016;1379241984;0;0;0;0;0;0;0;0;0;0;0;2895;0;0;125;0;42;0;
6302;3899994;1180856320;16470016;1379241984;0;0;0;0;0;0;0;0;0;0;0;2484;0;0;125;0;42;0;
6303;2444595;1180856320;16470016;1379241984;0;0;0;0;0;0;0;0;0;0;0;2585;0;0;125;0;42;0;
6304;1502558;1180856320;16470016;1379241984;0;0;0;0;0;0;0;0;0;0;0;2124;0;0;125;0;42;0;
6305;2543761;1180856320;16470016;1379241984;0;0;0;0;0;0;0;0;0;0;0;2435;0;0;125;0;42;0;
6306;1502768;1180856320;16470016;1379241984;0;0;0;0;0;0;0;0;0;0;0;2485;0;0;125;0;42;0;
6307;4401965;1180856320;16470016;1379241984;0;0;0;0;0;0;0;0;0;0;0;2124;0;0;125;0;42;0;
6308;2827914;1180856320;16470016;1379241984;0;0;0;0;0;0;0;0;0;0;0;2615;0;0;125;0;42;0;
6309;2078929;1180856320;16470016;1379241984;0;0;0;0;0;0;0;0;0;0;0;2164;0;0;125;0;42;0;
6310;1174142;1180856320;16470016;1379241984;0;0;0;0;0;0;0;0;0;0;0;2405;0;0;125;0;42;0;
6311;2216627;1180856320;16470016;1379241984;0;0;0;0;0;0;0;0;0;0;0;2404;0;0;125;0;42;0;
6312;1682506;1180856320;16470016;1379241984;0;0;0;0;0;0;0;0;0;0;0;3026;0;0;125;0;42;0;
6313;4632418;1180856320;16470016;1379241984;0;0;0;0;0;0;0;0;0;0;0;2344;0;0;125;0;42;0;
6314;2267803;1180856320;16470016;1379241984;0;0;0;0;0;0;0;0;0;0;0;2124;0;0;125;0;42;0;
6315;1857374;1180856320;16470016;1379241984;0;0;0;0;0;0;0;0;0;0;0;1804;0;0;125;0;42;0;
6316;1623204;1180856320;16470016;1379241984;0;0;0;0;0;0;0;0;0;0;0;2525;0;0;125;0;42;0;
6317;2360767;1180856320;16470016;1379241984;0;0;0;0;0;0;0;0;0;0;0;2454;0;0;125;0;42;0;
6318;1672576;1180856320;16470016;1379241984;0;0;0;0;0;0;0;0;0;0;0;1793;0;0;125;0;42;0;
6319;4915007;1180856320;16470016;1379241984;0;0;0;0;0;0;0;0;0;0;0;1723;0;0;125;0;42;0;
6320;2134373;1180856320;16470016;1379241984;0;0;0;0;0;0;0;0;0;0;0;2104;0;0;125;0;42;0;
6321;1704206;1180856320;16470016;1379241984;0;0;0;0;0;0;0;0;0;0;0;1803;0;0;125;0;42;0;
6322;1431775;1180856320;16470016;1379241984;0;0;0;0;0;0;0;0;0;0;0;1814;0;0;125;0;42;0;
6323;1653070;1180856320;16470016;1379241984;0;0;0;0;0;0;0;0;0;0;0;1764;0;0;125;0;42;0;
6324;1183359;1180856320;16470016;1379241984;0;0;0;0;0;0;0;0;0;0;0;1764;0;0;125;0;42;0;
6325;4511200;1180856320;16470016;1379241984;0;0;0;0;0;0;0;0;0;0;0;1793;0;0;125;0;42;0;
6326;2315613;1180856320;16470016;1379241984;0;0;0;0;0;0;0;0;0;0;0;2013;0;0;125;0;42;0;
6327;1985454;1180856320;16470016;1379241984;0;0;0;0;0;0;0;0;0;0;0;1813;0;0;125;0;42;0;
6328;1277035;1180856320;16470016;1379241984;0;0;0;0;0;0;0;0;0;0;0;1733;0;0;125;0;42;0;
6329;1598908;1180856320;16470016;1379241984;0;0;0;0;0;0;0;0;0;0;0;1803;0;0;125;0;42;0;
6330;1371131;1180856320;16470016;1379241984;0;0;0;0;0;0;0;0;0;0;0;1773;0;0;125;0;42;0;
6331;4518113;1180856320;16470016;1379241984;0;0;0;0;0;0;0;0;0;0;0;1793;0;0;125;0;42;0;
6332;4468420;1180856320;16470016;1379241984;0;0;0;0;0;0;0;0;0;0;0;1943;0;0;125;0;42;0;
6333;2050596;1180856320;16470016;1379241984;0;0;0;0;0;0;0;0;0;0;0;1783;0;0;125;0;42;0;
6334;1560526;1180856320;16470016;1379241984;0;0;0;0;0;0;0;0;0;0;0;1953;0;0;125;0;42;0;
6335;1687495;1180856320;16470016;1379241984;0;0;0;0;0;0;0;0;0;0;0;1773;0;0;125;0;42;0;
6336;1175785;1180856320;16470016;1379241984;0;0;0;0;0;0;0;0;0;0;0;1733;0;0;125;0;42;0;
6337;4395984;1180856320;16470016;1379241984;0;0;0;0;0;0;0;0;0;0;0;2094;0;0;125;0;42;0;
6338;3277957;1180856320;16470016;1379241984;0;0;0;0;0;0;0;0;0;0;0;1954;0;0;125;0;42;0;
6339;2247755;1180856320;16470016;1379241984;0;0;0;0;0;0;0;0;0;0;0;1833;0;0;125;0;42;0;
6340;1636239;1180856320;16470016;1379241984;0;0;0;0;0;0;0;0;0;0;0;2124;0;0;125;0;42;0;
6341;1628064;1180856320;16470016;1379241984;0;0;0;0;0;0;0;0;0;0;0;1854;0;0;125;0;42;0;
6342;1680171;1180856320;16470016;1379241984;0;0;0;0;0;0;0;0;0;0;0;2655;0;0;125;0;42;0;
6343;5128658;1180856320;16470016;1379241984;0;0;0;0;0;0;0;0;0;0;0;2585;0;0;125;0;42;0;
6344;3231450;1180856320;16470016;1379241984;0;0;0;0;0;0;0;0;0;0;0;2535;0;0;125;0;42;0;
6345;2194807;1180856320;16470016;1379241984;0;0;0;0;0;0;0;0;0;0;0;2765;0;0;125;0;42;0;
6346;1595582;1180856320;16470016;1379241984;0;0;0;0;0;0;0;0;0;0;0;2264;0;0;125;0;42;0;
6347;2689925;1180856320;16470016;1379241984;0;0;0;0;0;0;0;0;0;0;0;2765;0;0;125;0;42;0;
6348;1561128;1180856320;16470016;1379241984;0;0;0;0;0;0;0;0;0;0;0;2344;0;0;125;0;42;0;
6349;4743996;1180856320;16470016;1379241984;0;0;0;0;0;0;0;0;0;0;0;2354;0;0;125;0;42;0;
6350;2894087;1180856320;16470016;1379241984;0;0;0;0;0;0;0;0;0;0;0;2314;0;0;125;0;42;0;
6351;2286257;1180856320;16470016;1379241984;0;0;0;0;0;0;0;0;0;0;0;2134;0;0;125;0;42;0;
6352;1240346;1180856320;16470016;1379241984;0;0;0;0;0;0;0;0;0;0;0;2535;0;0;125;0;42;0;
6353;2223830;1180856320;16470016;1379241984;0;0;0;0;0;0;0;0;0;0;0;2514;0;0;125;0;42;0;
6354;1389766;1180856320;16470016;1379241984;0;0;0;0;0;0;0;0;0;0;0;2255;0;0;125;0;42;0;
6355;4731213;1180856320;16470016;1379241984;0;0;0;0;0;0;0;0;0;0;0;2234;0;0;125;0;42;0;
6356;2389862;1180856320;16470016;1379241984;0;0;0;0;0;0;0;0;0;0;0;1903;0;0;125;0;42;0;
6357;2041188;1180856320;16470016;1379241984;0;0;0;0;0;0;0;0;0;0;0;2064;0;0;125;0;42;0;
6358;1916414;1180856320;16470016;1379241984;0;0;0;0;0;0;0;0;0;0;0;1954;0;0;125;0;42;0;
6359;2029265;1180856320;16470016;1379241984;0;0;0;0;0;0;0;0;0;0;0;1923;0;0;125;0;42;0;
6360;1696231;1180856320;16470016;1379241984;0;0;0;0;0;0;0;0;0;0;0;1753;0;0;125;0;42;0;
6361;4455125;1180856320;16470016;1379241984;0;0;0;0;0;0;0;0;0;0;0;1693;0;0;125;0;42;0;
6362;2261231;1180856320;16470016;1379241984;0;0;0;0;0;0;0;0;0;0;0;1814;0;0;125;0;42;0;
6363;2052950;1180856320;16470016;1379241984;0;0;0;0;0;0;0;0;0;0;0;1803;0;0;125;0;42;0;
6364;1653762;1180856320;16470016;1379241984;0;0;0;0;0;0;0;0;0;0;0;2645;0;0;125;0;42;0;
6365;2007885;1180856320;16470016;1379241984;0;0;0;0;0;0;0;0;0;0;0;2515;0;0;125;0;42;0;
6366;2402776;1180856320;16470016;1379241984;0;0;0;0;0;0;0;0;0;0;0;2876;0;0;125;0;42;0;
6367;4676170;1180856320;16470016;1379241984;0;0;0;0;0;0;0;0;0;0;0;2816;0;0;125;0;42;0;
6368;2939974;1180856320;16470016;1379241984;0;0;0;0;0;0;0;0;0;0;0;2164;0;0;125;0;42;0;
6369;1796830;1180856320;16470016;1379241984;0;0;0;0;0;0;0;0;0;0;0;1793;0;0;125;0;42;0;
6370;1265283;1180856320;16470016;1379241984;0;0;0;0;0;0;0;0;0;0;0;1723;0;0;125;0;42;0;
6371;1640818;1180856320;16470016;1379241984;0;0;0;0;0;0;0;0;0;0;0;1714;0;0;125;0;42;0;
6372;1210010;1180856320;16470016;1379241984;0;0;0;0;0;0;0;0;0;0;0;1863;0;0;125;0;42;0;
6373;4318158;1180856320;16470016;1379241984;0;0;0;0;0;0;0;0;0;0;0;1773;0;0;125;0;42;0;
6374;3176578;1180856320;16470016;1379241984;0;0;0;0;0;0;0;0;0;0;0;2053;0;0;125;0;42;0;
6375;1571337;1180856320;16470016;1379241984;0;0;0;0;0;0;0;0;0;0;0;1683;0;0;125;0;42;0;
6376;1232431;1180856320;16470016;1379241984;0;0;0;0;0;0;0;0;0;0;0;1964;0;0;125;0;42;0;
6377;1896778;1180856320;16470016;1379241984;0;0;0;0;0;0;0;0;0;0;0;1613;0;0;125;0;42;0;
6378;1249714;1180856320;16470016;1379241984;0;0;0;0;0;0;0;0;0;0;0;1763;0;0;125;0;42;0;
6379;4117742;1180856320;16470016;1379241984;0;0;0;0;0;0;0;0;0;0;0;1954;0;0;125;0;42;0;
6380;2965651;1180856320;16470016;1379241984;0;0;0;0;0;0;0;0;0;0;0;2084;0;0;125;0;42;0;
6381;2039635;1180856320;16470016;1379241984;0;0;0;0;0;0;0;0;0;0;0;1773;0;0;125;0;42;0;
6382;1431414;1180856320;16470016;1379241984;0;0;0;0;0;0;0;0;0;0;0;1843;0;0;125;0;42;0;
6383;1566187;1180856320;16470016;1379241984;0;0;0;0;0;0;0;0;0;0;0;1914;0;0;125;0;42;0;
6384;1306230;1180856320;16470016;1379241984;0;0;0;0;0;0;0;0;0;0;0;1894;0;0;125;0;42;0;
6385;4446258;1180856320;16470016;1379241984;0;0;0;0;0;0;0;0;0;0;0;1753;0;0;125;0;42;0;
6386;2697609;1180856320;16470016;1379241984;0;0;0;0;0;0;0;0;0;0;0;2174;0;0;125;0;42;0;
6387;2064592;1180856320;16470016;1379241984;0;0;0;0;0;0;0;0;0;0;0;2194;0;0;125;0;42;0;
6388;1473123;1180856320;16470016;1379241984;0;0;0;0;0;0;0;0;0;0;0;1864;0;0;125;0;42;0;
6389;1610621;1180856320;16470016;1379241984;0;0;0;0;0;0;0;0;0;0;0;1763;0;0;125;0;42;0;
6390;1376621;1180856320;16470016;1379241984;0;0;0;0;0;0;0;0;0;0;0;1724;0;0;125;0;42;0;
6391;4394893;1180856320;16470016;1379241984;0;0;0;0;0;0;0;0;0;0;0;1743;0;0;125;0;42;0;
6392;1903440;1180856320;16470016;1379241984;0;0;0;0;0;0;0;0;0;0;0;1813;0;0;125;0;42;0;
6393;2065003;1180856320;16470016;1379241984;0;0;0;0;0;0;0;0;0;0;0;1844;0;0;125;0;42;0;
6394;1373706;1180856320;16470016;1379241984;0;0;0;0;0;0;0;0;0;0;0;1784;0;0;125;0;42;0;
6395;1622853;1180856320;16470016;1379241984;0;0;0;0;0;0;0;0;0;0;0;1773;0;0;125;0;42;0;
6396;1464286;1180856320;16470016;1379241984;0;0;0;0;0;0;0;0;0;0;0;1934;0;0;125;0;42;0;
6397;4238028;1180856320;16470016;1379241984;0;0;0;0;0;0;0;0;0;0;0;1924;0;0;125;0;42;0;
6398;3409203;1180856320;16470016;1379241984;0;0;0;0;0;0;0;0;0;0;0;1913;0;0;125;0;42;0;
6399;2148239;1180856320;16470016;1379241984;0;0;0;0;0;0;0;0;0;0;0;1713;0;0;125;0;42;0;
6400;2526448;1180856320;16470016;1379241984;0;0;0;0;0;0;0;0;0;0;0;1984;0;0;125;0;42;0;
6401;2532991;1180856320;16470016;1379241984;0;0;0;0;0;0;0;0;0;0;0;1853;0;0;125;0;42;0;
6402;2499848;1180856320;16470016;1379241984;0;0;0;0;0;0;0;0;0;0;0;1703;0;0;125;0;42;0;
6403;5071171;1180856320;16470016;1379241984;0;0;0;0;0;0;0;0;0;0;0;1643;0;0;125;0;42;0;
6404;2810230;1180856320;16470016;1379241984;0;0;0;0;0;0;0;0;0;0;0;1944;0;0;125;0;42;0;
6405;2519245;1180856320;16470016;1379241984;0;0;0;0;0;0;0;0;0;0;0;1723;0;0;125;0;42;0;
6406;1667918;1180856320;16470016;1379241984;0;0;0;0;0;0;0;0;0;0;0;1693;0;0;125;0;42;0;
6407;1778656;1180856320;16470016;1379241984;0;0;0;0;0;0;0;0;0;0;0;1664;0;0;125;0;42;0;
6408;1863524;1180856320;16470016;1379241984;0;0;0;0;0;0;0;0;0;0;0;1683;0;0;125;0;42;0;
6409;4524506;1180856320;16470016;1379241984;0;0;0;0;0;0;0;0;0;0;0;1713;0;0;125;0;42;0;
6410;3179062;1180856320;16470016;1379241984;0;0;0;0;0;0;0;0;0;0;0;2464;0;0;125;0;42;0;
6411;2564439;1180856320;16470016;1379241984;0;0;0;0;0;0;0;0;0;0;0;2505;0;0;125;0;42;0;
6412;1549787;1180856320;16470016;1379241984;0;0;0;0;0;0;0;0;0;0;0;2465;0;0;125;0;42;0;
6413;2515117;1180856320;16470016;1379241984;0;0;0;0;0;0;0;0;0;0;0;2354;0;0;125;0;42;0;
6414;2606539;1180856320;16470016;1379241984;0;0;0;0;0;0;0;0;0;0;0;3085;0;0;125;0;42;0;
6415;5311040;1180856320;16470016;1379241984;0;0;0;0;0;0;0;0;0;0;0;3116;0;0;125;0;42;0;
6416;4109367;1180856320;16470016;1379241984;0;0;0;0;0;0;0;0;0;0;0;3136;0;0;125;0;42;0;
6417;3290901;1180856320;16470016;1379241984;0;0;0;0;0;0;0;0;0;0;0;2935;0;0;125;0;42;0;
6418;2015871;1180856320;16470016;1379241984;0;0;0;0;0;0;0;0;0;0;0;2955;0;0;125;0;42;0;
6419;2887736;1180856320;16470016;1379241984;0;0;0;0;0;0;0;0;0;0;0;2855;0;0;125;0;42;0;
6420;1789225;1180856320;16470016;1379241984;0;0;0;0;0;0;0;0;0;0;0;1834;0;0;125;0;42;0;
6421;4964120;1180856320;16470016;1379241984;0;0;0;0;0;0;0;0;0;0;0;1723;0;0;125;0;42;0;
6422;2957716;1180856320;16470016;1379241984;0;0;0;0;0;0;0;0;0;0;0;2515;0;0;125;0;42;0;
6423;2675437;1180856320;16470016;1379241984;0;0;0;0;0;0;0;0;0;0;0;2735;0;0;125;0;42;0;
6424;2203833;1180856320;16470016;1379241984;0;0;0;0;0;0;0;0;0;0;0;2455;0;0;125;0;42;0;
6425;3080808;1180856320;16470016;1379241984;0;0;0;0;0;0;0;0;0;0;0;2445;0;0;125;0;42;0;
6426;2536718;1180856320;16470016;1379241984;0;0;0;0;0;0;0;0;0;0;0;2705;0;0;125;0;42;0;
6427;4996099;1180856320;16470016;1379241984;0;0;0;0;0;0;0;0;0;0;0;1743;0;0;125;0;42;0;
6428;2306496;1180856320;16470016;1379241984;0;0;0;0;0;0;0;0;0;0;0;1684;0;0;125;0;42;0;
6429;2188525;1180856320;16470016;1379241984;0;0;0;0;0;0;0;0;0;0;0;1633;0;0;125;0;42;0;
6430;2261972;1180856320;16470016;1379241984;0;0;0;0;0;0;0;0;0;0;0;2805;0;0;125;0;42;0;
6431;2686919;1180856320;16470016;1379241984;0;0;0;0;0;0;0;0;0;0;0;2936;0;0;125;0;42;0;
6432;2396124;1180856320;16470016;1379241984;0;0;0;0;0;0;0;0;0;0;0;2545;0;0;125;0;42;0;
6433;4597782;1180856320;16470016;1379241984;0;0;0;0;0;0;0;0;0;0;0;2585;0;0;125;0;42;0;
6434;2944001;1180856320;16470016;1379241984;0;0;0;0;0;0;0;0;0;0;0;2484;0;0;125;0;42;0;
6435;3494915;1180856320;16470016;1379241984;0;0;0;0;0;0;0;0;0;0;0;2685;0;0;125;0;42;0;
6436;2476965;1180856320;16470016;1379241984;0;0;0;0;0;0;0;0;0;0;0;2795;0;0;125;0;42;0;
6437;2454924;1180856320;16470016;1379241984;0;0;0;0;0;0;0;0;0;0;0;3046;0;0;125;0;42;0;
6438;1820895;1180856320;16470016;1379241984;0;0;0;0;0;0;0;0;0;0;0;2845;0;0;125;0;42;0;
6439;4622409;1180856320;16470016;1379241984;0;0;0;0;0;0;0;0;0;0;0;2775;0;0;125;0;42;0;
6440;3679461;1180856320;16470016;1379241984;0;0;0;0;0;0;0;0;0;0;0;2896;0;0;125;0;42;0;
6441;3235047;1180856320;16470016;1379241984;0;0;0;0;0;0;0;0;0;0;0;3226;0;0;125;0;42;0;
6442;1588589;1180856320;16470016;1379241984;0;0;0;0;0;0;0;0;0;0;0;3226;0;0;125;0;42;0;
6443;3092360;1180856320;16470016;1379241984;0;0;0;0;0;0;0;0;0;0;0;3407;0;0;125;0;42;0;
6444;2779914;1180856320;16470016;1379241984;0;0;0;0;0;0;0;0;0;0;0;2976;0;0;125;0;42;0;
6445;5819293;1180856320;16470016;1379241984;0;0;0;0;0;0;0;0;0;0;0;3055;0;0;125;0;42;0;
6446;4354206;1180856320;16470016;1379241984;0;0;0;0;0;0;0;0;0;0;0;3286;0;0;125;0;42;0;
6447;3232633;1180856320;16470016;1379241984;0;0;0;0;0;0;0;0;0;0;0;2835;0;0;125;0;42;0;
6448;2866937;1180856320;16470016;1379241984;0;0;0;0;0;0;0;0;0;0;0;2905;0;0;125;0;42;0;
6449;3112487;1180856320;16470016;1379241984;0;0;0;0;0;0;0;0;0;0;0;2865;0;0;125;0;42;0;
6450;2981060;1180856320;16470016;1379241984;0;0;0;0;0;0;0;0;0;0;0;2966;0;0;125;0;42;0;
6451;5993961;1180856320;16470016;1379241984;0;0;0;0;0;0;0;0;0;0;0;2976;0;0;125;0;42;0;
6452;4566645;1180856320;16470016;1379241984;0;0;0;0;0;0;0;0;0;0;0;3076;0;0;125;0;42;0;
6453;2746331;1180856320;16470016;1379241984;0;0;0;0;0;0;0;0;0;0;0;2415;0;0;125;0;42;0;
6454;1798503;1180856320;16470016;1379241984;0;0;0;0;0;0;0;0;0;0;0;2444;0;0;125;0;42;0;
6455;3363017;1180856320;16470016;1379241984;0;0;0;0;0;0;0;0;0;0;0;2455;0;0;125;0;42;0;
6456;2395773;1180856320;16470016;1379241984;0;0;0;0;0;0;0;0;0;0;0;2525;0;0;125;0;42;0;
6457;4940055;1180856320;16470016;1379241984;0;0;0;0;0;0;0;0;0;0;0;2785;0;0;125;0;42;0;
6458;3523448;1180856320;16470016;1379241984;0;0;0;0;0;0;0;0;0;0;0;2465;0;0;125;0;42;0;
6459;2113984;1180856320;16470016;1379241984;0;0;0;0;0;0;0;0;0;0;0;2474;0;0;125;0;42;0;
6460;2302067;1180856320;16470016;1379241984;0;0;0;0;0;0;0;0;0;0;0;2624;0;0;125;0;42;0;
6461;2738516;1180856320;16470016;1379241984;0;0;0;0;0;0;0;0;0;0;0;2475;0;0;125;0;42;0;
6462;1700619;1180856320;16470016;1379241984;0;0;0;0;0;0;0;0;0;0;0;1673;0;0;125;0;42;0;
6463;10576675;1180856320;16470016;1379241984;0;0;0;0;0;0;0;0;0;0;0;1643;0;0;125;0;42;0;
6464;3294318;1180856320;16470016;1379241984;0;0;0;0;0;0;0;0;0;0;0;2975;0;0;125;0;42;0;
6465;2679515;1180856320;16470016;1379241984;0;0;0;0;0;0;0;0;0;0;0;2975;0;0;125;0;42;0;
6466;2739187;1180856320;16470016;1379241984;0;0;0;0;0;0;0;0;0;0;0;2574;0;0;125;0;42;0;
6467;3093571;1180856320;16470016;1379241984;0;0;0;0;0;0;0;0;0;0;0;2564;0;0;125;0;42;0;
6468;2312537;1180856320;16470016;1379241984;0;0;0;0;0;0;0;0;0;0;0;2124;0;0;125;0;42;0;
6469;4550493;1180856320;16470016;1379241984;0;0;0;0;0;0;0;0;0;0;0;2545;0;0;125;0;42;0;
6470;3447155;1180856320;16470016;1379241984;0;0;0;0;0;0;0;0;0;0;0;1853;0;0;125;0;42;0;
6471;1946650;1180856320;16470016;1379241984;0;0;0;0;0;0;0;0;0;0;0;1744;0;0;125;0;42;0;
6472;1450340;1180856320;16470016;1379241984;0;0;0;0;0;0;0;0;0;0;0;1673;0;0;125;0;42;0;
6473;3012028;1180856320;16470016;1379241984;0;0;0;0;0;0;0;0;0;0;0;2404;0;0;125;0;42;0;
6474;1719795;1180856320;16470016;1379241984;0;0;0;0;0;0;0;0;0;0;0;2434;0;0;125;0;42;0;
6475;4947769;1180856320;16470016;1379241984;0;0;0;0;0;0;0;0;0;0;0;2425;0;0;125;0;42;0;
6476;3255094;1180856320;16470016;1379241984;0;0;0;0;0;0;0;0;0;0;0;2514;0;0;125;0;42;0;
6477;2278613;1180856320;16470016;1379241984;0;0;0;0;0;0;0;0;0;0;0;2705;0;0;125;0;42;0;
6478;1800727;1180856320;16470016;1379241984;0;0;0;0;0;0;0;0;0;0;0;2986;0;0;125;0;42;0;
6479;2610556;1180856320;16470016;1379241984;0;0;0;0;0;0;0;0;0;0;0;2915;0;0;125;0;42;0;
6480;1428619;1180856320;16470016;1379241984;0;0;0;0;0;0;0;0;0;0;0;1703;0;0;125;0;42;0;
6481;4922652;1180856320;16470016;1379241984;0;0;0;0;0;0;0;0;0;0;0;1733;0;0;125;0;42;0;
6482;3444419;1180856320;16470016;1379241984;0;0;0;0;0;0;0;0;0;0;0;2725;0;0;125;0;42;0;
6483;3152853;1180856320;16470016;1379241984;0;0;0;0;0;0;0;0;0;0;0;2555;0;0;125;0;42;0;
6484;1659562;1180856320;16470016;1379241984;0;0;0;0;0;0;0;0;0;0;0;2635;0;0;125;0;42;0;
6485;2172314;1180856320;16470016;1379241984;0;0;0;0;0;0;0;0;0;0;0;2786;0;0;125;0;42;0;
6486;1955357;1180856320;16470016;1379241984;0;0;0;0;0;0;0;0;0;0;0;2545;0;0;125;0;42;0;
6487;5222544;1180856320;16470016;1379241984;0;0;0;0;0;0;0;0;0;0;0;101390;0;0;125;0;42;0;
6488;1983149;1180856320;16470016;1379241984;0;0;0;0;0;0;0;0;0;0;0;1933;0;0;125;0;42;0;
6489;3123598;1180856320;16470016;1379241984;0;0;0;0;0;0;0;0;0;0;0;2304;0;0;125;0;42;0;
6490;3923588;1180856320;16470016;1379241984;0;0;0;0;0;0;0;0;0;0;0;5891;0;0;125;0;42;0;
6491;2204445;1180856320;16470016;1379241984;0;0;0;0;0;0;0;0;0;0;0;2234;0;0;125;0;42;0;
6492;2176242;1180856320;16470016;1379241984;0;0;0;0;0;0;0;0;0;0;0;2365;0;0;125;0;42;0;
6493;4896783;1180856320;16470016;1379241984;0;0;0;0;0;0;0;0;0;0;0;2324;0;0;125;0;42;0;
6494;5324585;1180856320;16474112;1379246080;0;0;0;0;0;0;0;0;0;0;0;6803;0;0;125;0;42;0;
6495;3580355;1180856320;16474112;1379246080;0;0;0;0;0;0;0;0;0;0;0;3387;0;0;125;0;42;0;
6496;3105724;1180856320;16474112;1379246080;0;0;0;0;0;0;0;0;0;0;0;5159;0;0;125;0;42;0;
6497;2888697;1180856320;16474112;1379246080;0;0;0;0;0;0;0;0;0;0;0;2324;0;0;125;0;42;0;
6498;2066486;1180856320;16474112;1379246080;0;0;0;0;0;0;0;0;0;0;0;1733;0;0;125;0;42;0;
6499;5364160;1180856320;16474112;1379246080;0;0;0;0;0;0;0;0;0;0;0;1924;0;0;125;0;42;0;
6500;3379427;1180856320;16474112;1379246080;0;0;0;0;0;0;0;0;0;0;0;2264;0;0;125;0;42;0;
6501;3166178;1180856320;16474112;1379246080;0;0;0;0;0;0;0;0;0;0;0;2064;0;0;125;0;42;0;
6502;2528942;1180856320;16474112;1379246080;0;0;0;0;0;0;0;0;0;0;0;1944;0;0;125;0;42;0;
6503;2886693;1180856320;16474112;1379246080;0;0;0;0;0;0;0;0;0;0;0;1974;0;0;125;0;42;0;
6504;1848336;1180856320;16474112;1379246080;0;0;0;0;0;0;0;0;0;0;0;1953;0;0;125;0;42;0;
6505;4487726;1180856320;16474112;1379246080;0;0;0;0;0;0;0;0;0;0;0;1703;0;0;125;0;42;0;
6506;4890301;1180856320;16474112;1379246080;0;0;0;0;0;0;0;0;0;0;0;2705;0;0;125;0;42;0;
6507;3612785;1180856320;16470016;1379241984;0;0;0;0;0;0;0;0;0;0;0;2645;0;0;125;0;42;0;
6508;1666946;1180856320;16470016;1379241984;0;0;0;0;0;0;0;0;0;0;0;2434;0;0;125;0;42;0;
6509;2991550;1180856320;16470016;1379241984;0;0;0;0;0;0;0;0;0;0;0;2715;0;0;125;0;42;0;
6510;2327585;1180856320;16470016;1379241984;0;0;0;0;0;0;0;0;0;0;0;2445;0;0;125;0;42;0;
6511;5223607;1180856320;16470016;1379241984;0;0;0;0;0;0;0;0;0;0;0;2414;0;0;125;0;42;0;
6512;4255441;1180856320;16470016;1379241984;0;0;0;0;0;0;0;0;0;0;0;1763;0;0;125;0;42;0;
6513;2832983;1180856320;16470016;1379241984;0;0;0;0;0;0;0;0;0;0;0;1853;0;0;125;0;42;0;
6514;2354866;1180856320;16470016;1379241984;0;0;0;0;0;0;0;0;0;0;0;1833;0;0;125;0;42;0;
6515;2826751;1180856320;16470016;1379241984;0;0;0;0;0;0;0;0;0;0;0;1694;0;0;125;0;42;0;
6516;1408351;1180856320;16470016;1379241984;0;0;0;0;0;0;0;0;0;0;0;1913;0;0;125;0;42;0;
6517;4267172;1180856320;16470016;1379241984;0;0;0;0;0;0;0;0;0;0;0;1904;0;0;125;0;42;0;
6518;2083949;1180856320;16470016;1379241984;0;0;0;0;0;0;0;0;0;0;0;1583;0;0;125;0;42;0;
6519;2018776;1180856320;16470016;1379241984;0;0;0;0;0;0;0;0;0;0;0;1884;0;0;125;0;42;0;
6520;1533035;1180856320;16470016;1379241984;0;0;0;0;0;0;0;0;0;0;0;1864;0;0;125;0;42;0;
6521;1917185;1180856320;16470016;1379241984;0;0;0;0;0;0;0;0;0;0;0;1693;0;0;125;0;42;0;
6522;1403252;1180856320;16470016;1379241984;0;0;0;0;0;0;0;0;0;0;0;1863;0;0;125;0;42;0;
6523;4270790;1180856320;16470016;1379241984;0;0;0;0;0;0;0;0;0;0;0;1413;0;0;125;0;42;0;
6524;4127611;1180856320;16470016;1379241984;0;0;0;0;0;0;0;0;0;0;0;2966;0;0;125;0;42;0;
6525;2583405;1180856320;16470016;1379241984;0;0;0;0;0;0;0;0;0;0;0;2855;0;0;125;0;42;0;
6526;2049975;1180856320;16470016;1379241984;0;0;0;0;0;0;0;0;0;0;0;2374;0;0;125;0;42;0;
6527;2906561;1180856320;16470016;1379241984;0;0;0;0;0;0;0;0;0;0;0;3046;0;0;125;0;42;0;
6528;2130596;1180856320;16470016;1379241984;0;0;0;0;0;0;0;0;0;0;0;2765;0;0;125;0;42;0;
6529;5375481;1180856320;16470016;1379241984;0;0;0;0;0;0;0;0;0;0;0;2324;0;0;125;0;42;0;
6530;3661356;1180856320;16470016;1379241984;0;0;0;0;0;0;0;0;0;0;0;2043;0;0;125;0;42;0;
6531;2174879;1180856320;16470016;1379241984;0;0;0;0;0;0;0;0;0;0;0;1723;0;0;125;0;42;0;
6532;1126944;1180856320;16470016;1379241984;0;0;0;0;0;0;0;0;0;0;0;1904;0;0;125;0;42;0;
6533;2175510;1180856320;16470016;1379241984;0;0;0;0;0;0;0;0;0;0;0;1713;0;0;125;0;42;0;
6534;2209303;1180856320;16470016;1379241984;0;0;0;0;0;0;0;0;0;0;0;1773;0;0;125;0;42;0;
6535;4564030;1180856320;16470016;1379241984;0;0;0;0;0;0;0;0;0;0;0;1603;0;0;125;0;42;0;
6536;3178712;1180856320;16470016;1379241984;0;0;0;0;0;0;0;0;0;0;0;3016;0;0;125;0;42;0;
6537;2150383;1180856320;16470016;1379241984;0;0;0;0;0;0;0;0;0;0;0;2775;0;0;125;0;42;0;
6538;1763147;1180856320;16470016;1379241984;0;0;0;0;0;0;0;0;0;0;0;3006;0;0;125;0;42;0;
6539;2149611;1180856320;16470016;1379241984;0;0;0;0;0;0;0;0;0;0;0;3166;0;0;125;0;42;0;
6540;1621420;1180856320;16470016;1379241984;0;0;0;0;0;0;0;0;0;0;0;1663;0;0;125;0;42;0;
6541;4845667;1180856320;16470016;1379241984;0;0;0;0;0;0;0;0;0;0;0;1654;0;0;125;0;42;0;
6542;3799415;1180856320;16470016;1379241984;0;0;0;0;0;0;0;0;0;0;0;2936;0;0;125;0;42;0;
6543;2338446;1180856320;16470016;1379241984;0;0;0;0;0;0;0;0;0;0;0;2715;0;0;125;0;42;0;
6544;1998938;1180856320;16470016;1379241984;0;0;0;0;0;0;0;0;0;0;0;2755;0;0;125;0;42;0;
6545;2238598;1180856320;16470016;1379241984;0;0;0;0;0;0;0;0;0;0;0;2725;0;0;125;0;42;0;
6546;1759680;1180856320;16470016;1379241984;0;0;0;0;0;0;0;0;0;0;0;1633;0;0;125;0;42;0;
6547;4511771;1180856320;16470016;1379241984;0;0;0;0;0;0;0;0;0;0;0;1914;0;0;125;0;42;0;
6548;3614369;1180856320;16470016;1379241984;0;0;0;0;0;0;0;0;0;0;0;2725;0;0;125;0;42;0;
6549;2912321;1180856320;16470016;1379241984;0;0;0;0;0;0;0;0;0;0;0;2435;0;0;125;0;42;0;
6550;2824137;1180856320;16470016;1379241984;0;0;0;0;0;0;0;0;0;0;0;2565;0;0;125;0;42;0;
6551;2746060;1180856320;16470016;1379241984;0;0;0;0;0;0;0;0;0;0;0;2404;0;0;125;0;42;0;
6552;2189717;1180856320;16470016;1379241984;0;0;0;0;0;0;0;0;0;0;0;2104;0;0;125;0;42;0;
6553;5171649;1180856320;16470016;1379241984;0;0;0;0;0;0;0;0;0;0;0;2485;0;0;125;0;42;0;
6554;3421426;1180856320;16470016;1379241984;0;0;0;0;0;0;0;0;0;0;0;2465;0;0;125;0;42;0;
6555;2506100;1180856320;16470016;1379241984;0;0;0;0;0;0;0;0;0;0;0;2435;0;0;125;0;42;0;
6556;1741155;1180856320;16470016;1379241984;0;0;0;0;0;0;0;0;0;0;0;2365;0;0;125;0;42;0;
6557;2422524;1180856320;16470016;1379241984;0;0;0;0;0;0;0;0;0;0;0;2525;0;0;125;0;42;0;
6558;1788985;1180856320;16470016;1379241984;0;0;0;0;0;0;0;0;0;0;0;2525;0;0;125;0;42;0;
6559;4928794;1180856320;16470016;1379241984;0;0;0;0;0;0;0;0;0;0;0;2545;0;0;125;0;42;0;
6560;3186716;1180856320;16470016;1379241984;0;0;0;0;0;0;0;0;0;0;0;2816;0;0;125;0;42;0;
6561;2808657;1180856320;16470016;1379241984;0;0;0;0;0;0;0;0;0;0;0;2746;0;0;125;0;42;0;
6562;1927685;1180856320;16470016;1379241984;0;0;0;0;0;0;0;0;0;0;0;2975;0;0;125;0;42;0;
6563;2680908;1180856320;16470016;1379241984;0;0;0;0;0;0;0;0;0;0;0;3046;0;0;125;0;42;0;
6564;2441850;1180856320;16470016;1379241984;0;0;0;0;0;0;0;0;0;0;0;2946;0;0;125;0;42;0;
6565;5283158;1180856320;16470016;1379241984;0;0;0;0;0;0;0;0;0;0;0;2966;0;0;125;0;42;0;
6566;5862093;1180856320;16470016;1379241984;0;0;0;0;0;0;0;0;0;0;0;4709;0;0;125;0;42;0;
6567;3182979;1180856320;16470016;1379241984;0;0;0;0;0;0;0;0;0;0;0;3457;0;0;125;0;42;0;
6568;2454683;1180856320;16470016;1379241984;0;0;0;0;0;0;0;0;0;0;0;3536;0;0;125;0;42;0;
6569;4216908;1180856320;16470016;1379241984;0;0;0;0;0;0;0;0;0;0;0;2936;0;0;125;0;42;0;
6570;1837947;1180856320;16470016;1379241984;0;0;0;0;0;0;0;0;0;0;0;3416;0;0;125;0;42;0;
6571;6469162;1180856320;16470016;1379241984;0;0;0;0;0;0;0;0;0;0;0;5090;0;0;125;0;42;0;
6572;5341257;1180856320;16470016;1379241984;0;0;0;0;0;0;0;0;0;0;0;4889;0;0;125;0;42;0;
6573;2720943;1180856320;16470016;1379241984;0;0;0;0;0;0;0;0;0;0;0;3106;0;0;125;0;42;0;
6574;2158298;1180856320;16470016;1379241984;0;0;0;0;0;0;0;0;0;0;0;2404;0;0;125;0;42;0;
6575;2334548;1180856320;16470016;1379241984;0;0;0;0;0;0;0;0;0;0;0;2284;0;0;125;0;42;0;
6576;2651603;1180856320;16470016;1379241984;0;0;0;0;0;0;0;0;0;0;0;2955;0;0;125;0;42;0;
6577;5062624;1180856320;16470016;1379241984;0;0;0;0;0;0;0;0;0;0;0;2044;0;0;125;0;42;0;
6578;4394421;1180856320;16470016;1379241984;0;0;0;0;0;0;0;0;0;0;0;4178;0;0;125;0;42;0;
6579;2385003;1180856320;16470016;1379241984;0;0;0;0;0;0;0;0;0;0;0;2665;0;0;125;0;42;0;
6580;1260474;1180856320;16470016;1379241984;0;0;0;0;0;0;0;0;0;0;0;1993;0;0;125;0;42;0;
6581;1953333;1180856320;16470016;1379241984;0;0;0;0;0;0;0;0;0;0;0;2264;0;0;125;0;42;0;
6582;1192005;1180856320;16470016;1379241984;0;0;0;0;0;0;0;0;0;0;0;1863;0;0;125;0;42;0;
6583;4289243;1180856320;16470016;1379241984;0;0;0;0;0;0;0;0;0;0;0;1823;0;0;125;0;42;0;
6584;4386336;1180856320;16470016;1379241984;0;0;0;0;0;0;0;0;0;0;0;4578;0;0;125;0;42;0;
6585;2993064;1180856320;16470016;1379241984;0;0;0;0;0;0;0;0;0;0;0;2866;0;0;125;0;42;0;
6586;1961529;1180856320;16470016;1379241984;0;0;0;0;0;0;0;0;0;0;0;2766;0;0;125;0;42;0;
6587;3495215;1180856320;16470016;1379241984;0;0;0;0;0;0;0;0;0;0;0;3126;0;0;125;0;42;0;
6588;2163738;1180856320;16470016;1379241984;0;0;0;0;0;0;0;0;0;0;0;3096;0;0;125;0;42;0;
6589;5190554;1180856320;16470016;1379241984;0;0;0;0;0;0;0;0;0;0;0;2956;0;0;125;0;42;0;
6590;4742474;1180856320;16470016;1379241984;0;0;0;0;0;0;0;0;0;0;0;4448;0;0;125;0;42;0;
6591;2794191;1180856320;16470016;1379241984;0;0;0;0;0;0;0;0;0;0;0;2314;0;0;125;0;42;0;
6592;2075081;1180856320;16470016;1379241984;0;0;0;0;0;0;0;0;0;0;0;4168;0;0;125;0;42;0;
6593;2923473;1180856320;16470016;1379241984;0;0;0;0;0;0;0;0;0;0;0;3105;0;0;125;0;42;0;
6594;1491758;1180856320;16470016;1379241984;0;0;0;0;0;0;0;0;0;0;0;2665;0;0;125;0;42;0;
6595;4490601;1180856320;16470016;1379241984;0;0;0;0;0;0;0;0;0;0;0;3396;0;0;125;0;42;0;
6596;3554566;1180856320;16470016;1379241984;0;0;0;0;0;0;0;0;0;0;0;3496;0;0;125;0;42;0;
6597;2659467;1180856320;16470016;1379241984;0;0;0;0;0;0;0;0;0;0;0;2826;0;0;125;0;42;0;
6598;2676078;1180856320;16470016;1379241984;0;0;0;0;0;0;0;0;0;0;0;4839;0;0;125;0;42;0;
6599;2102072;1180856320;16470016;1379241984;0;0;0;0;0;0;0;0;0;0;0;1934;0;0;125;0;42;0;
6600;2034155;1180856320;16470016;1379241984;0;0;0;0;0;0;0;0;0;0;0;2324;0;0;125;0;42;0;
6601;4705966;1180856320;16470016;1379241984;0;0;0;0;0;0;0;0;0;0;0;2014;0;0;125;0;42;0;
6602;3694689;1180856320;16470016;1379241984;0;0;0;0;0;0;0;0;0;0;0;1954;0;0;125;0;42;0;
6603;2227337;1180856320;16470016;1379241984;0;0;0;0;0;0;0;0;0;0;0;1844;0;0;125;0;42;0;
6604;1864096;1180856320;16470016;1379241984;0;0;0;0;0;0;0;0;0;0;0;1924;0;0;125;0;42;0;
6605;2499357;1180856320;16470016;1379241984;0;0;0;0;0;0;0;0;0;0;0;2084;0;0;125;0;42;0;
6606;2000822;1180856320;16470016;1379241984;0;0;0;0;0;0;0;0;0;0;0;2084;0;0;125;0;42;0;
6607;4896964;1180856320;16470016;1379241984;0;0;0;0;0;0;0;0;0;0;0;1954;0;0;125;0;42;0;
6608;3033700;1180856320;16470016;1379241984;0;0;0;0;0;0;0;0;0;0;0;2385;0;0;125;0;42;0;
6609;2094198;1180856320;16470016;1379241984;0;0;0;0;0;0;0;0;0;0;0;2154;0;0;125;0;42;0;
6610;1444829;1180856320;16470016;1379241984;0;0;0;0;0;0;0;0;0;0;0;2094;0;0;125;0;42;0;
6611;2078598;1180856320;16470016;1379241984;0;0;0;0;0;0;0;0;0;0;0;1913;0;0;125;0;42;0;
6612;1453325;1180856320;16470016;1379241984;0;0;0;0;0;0;0;0;0;0;0;2004;0;0;125;0;42;0;
6613;4344547;1180856320;16470016;1379241984;0;0;0;0;0;0;0;0;0;0;0;1983;0;0;125;0;42;0;
6614;3307032;1180856320;16470016;1379241984;0;0;0;0;0;0;0;0;0;0;0;2214;0;0;125;0;42;0;
6615;1902979;1180856320;16470016;1379241984;0;0;0;0;0;0;0;0;0;0;0;2174;0;0;125;0;42;0;
6616;1369909;1180856320;16470016;1379241984;0;0;0;0;0;0;0;0;0;0;0;2013;0;0;125;0;42;0;
6617;1993879;1180856320;16470016;1379241984;0;0;0;0;0;0;0;0;0;0;0;1893;0;0;125;0;42;0;
6618;1738169;1180856320;16470016;1379241984;0;0;0;0;0;0;0;0;0;0;0;2004;0;0;125;0;42;0;
6619;4644220;1180856320;16470016;1379241984;0;0;0;0;0;0;0;0;0;0;0;2244;0;0;125;0;42;0;
6620;3318503;1180856320;16470016;1379241984;0;0;0;0;0;0;0;0;0;0;0;2925;0;0;125;0;42;0;
6621;2289554;1180856320;16470016;1379241984;0;0;0;0;0;0;0;0;0;0;0;2364;0;0;125;0;42;0;
6622;1479485;1180856320;16470016;1379241984;0;0;0;0;0;0;0;0;0;0;0;2024;0;0;125;0;42;0;
6623;2036990;1180856320;16470016;1379241984;0;0;0;0;0;0;0;0;0;0;0;1943;0;0;125;0;42;0;
6624;1735725;1180856320;16470016;1379241984;0;0;0;0;0;0;0;0;0;0;0;1904;0;0;125;0;42;0;
6625;4348836;1180856320;16470016;1379241984;0;0;0;0;0;0;0;0;0;0;0;1884;0;0;125;0;42;0;
6626;3714005;1180856320;16470016;1379241984;0;0;0;0;0;0;0;0;0;0;0;2775;0;0;125;0;42;0;
6627;2122119;1180856320;16470016;1379241984;0;0;0;0;0;0;0;0;0;0;0;2364;0;0;125;0;42;0;
6628;1610691;1180856320;16470016;1379241984;0;0;0;0;0;0;0;0;0;0;0;2044;0;0;125;0;42;0;
6629;2314080;1180856320;16470016;1379241984;0;0;0;0;0;0;0;0;0;0;0;2244;0;0;125;0;42;0;
6630;1390798;1180856320;16470016;1379241984;0;0;0;0;0;0;0;0;0;0;0;1994;0;0;125;0;42;0;
6631;5093272;1180856320;16470016;1379241984;0;0;0;0;0;0;0;0;0;0;0;1894;0;0;125;0;42;0;
6632;2652254;1180856320;16470016;1379241984;0;0;0;0;0;0;0;0;0;0;0;2174;0;0;125;0;42;0;
6633;2085401;1180856320;16470016;1379241984;0;0;0;0;0;0;0;0;0;0;0;1974;0;0;125;0;42;0;
6634;1931082;1180856320;16470016;1379241984;0;0;0;0;0;0;0;0;0;0;0;2295;0;0;125;0;42;0;
6635;1978520;1180856320;16470016;1379241984;0;0;0;0;0;0;0;0;0;0;0;2114;0;0;125;0;42;0;
6636;1296422;1180856320;16470016;1379241984;0;0;0;0;0;0;0;0;0;0;0;2204;0;0;125;0;42;0;
6637;4660480;1180856320;16470016;1379241984;0;0;0;0;0;0;0;0;0;0;0;2164;0;0;125;0;42;0;
6638;3995182;1180856320;16470016;1379241984;0;0;0;0;0;0;0;0;0;0;0;8216;0;0;125;0;42;0;
6639;3474767;1180856320;16470016;1379241984;0;0;0;0;0;0;0;0;0;0;0;3487;0;0;125;0;42;0;
6640;1930771;1180856320;16470016;1379241984;0;0;0;0;0;0;0;0;0;0;0;3006;0;0;125;0;42;0;
6641;2441349;1180856320;16470016;1379241984;0;0;0;0;0;0;0;0;0;0;0;2816;0;0;125;0;42;0;
6642;2534012;1180856320;16470016;1379241984;0;0;0;0;0;0;0;0;0;0;0;2755;0;0;125;0;42;0;
6643;4904879;1180856320;16470016;1379241984;0;0;0;0;0;0;0;0;0;0;0;2986;0;0;125;0;42;0;
6644;4578165;1180856320;16470016;1379241984;0;0;0;0;0;0;0;0;0;0;0;3035;0;0;125;0;42;0;
6645;2402836;1180856320;16470016;1379241984;0;0;0;0;0;0;0;0;0;0;0;2765;0;0;125;0;42;0;
6646;1586635;1180856320;16470016;1379241984;0;0;0;0;0;0;0;0;0;0;0;2565;0;0;125;0;42;0;
6647;2965221;1180856320;16470016;1379241984;0;0;0;0;0;0;0;0;0;0;0;2505;0;0;125;0;42;0;
6648;2159530;1180856320;16470016;1379241984;0;0;0;0;0;0;0;0;0;0;0;2715;0;0;125;0;42;0;
6649;5265836;1180856320;16470016;1379241984;0;0;0;0;0;0;0;0;0;0;0;2605;0;0;125;0;42;0;
6650;4395774;1180856320;16470016;1379241984;0;0;0;0;0;0;0;0;0;0;0;3396;0;0;125;0;42;0;
6651;2227568;1180856320;16470016;1379241984;0;0;0;0;0;0;0;0;0;0;0;2094;0;0;125;0;42;0;
6652;2209504;1180856320;16470016;1379241984;0;0;0;0;0;0;0;0;0;0;0;1864;0;0;125;0;42;0;
6653;2440857;1180856320;16470016;1379241984;0;0;0;0;0;0;0;0;0;0;0;2174;0;0;125;0;42;0;
6654;1403002;1180856320;16470016;1379241984;0;0;0;0;0;0;0;0;0;0;0;1924;0;0;125;0;42;0;
6655;5432268;1180856320;16470016;1379241984;0;0;0;0;0;0;0;0;0;0;0;2044;0;0;125;0;42;0;
6656;3217585;1180856320;16470016;1379241984;0;0;0;0;0;0;0;0;0;0;0;2144;0;0;125;0;42;0;
6657;2297498;1180856320;16470016;1379241984;0;0;0;0;0;0;0;0;0;0;0;2234;0;0;125;0;42;0;
6658;1650144;1180856320;16470016;1379241984;0;0;0;0;0;0;0;0;0;0;0;2294;0;0;125;0;42;0;
6659;2381226;1180856320;16470016;1379241984;0;0;0;0;0;0;0;0;0;0;0;2555;0;0;125;0;42;0;
6660;2324960;1180856320;16470016;1379241984;0;0;0;0;0;0;0;0;0;0;0;3547;0;0;125;0;42;0;
6661;5071511;1180856320;16470016;1379241984;0;0;0;0;0;0;0;0;0;0;0;2465;0;0;125;0;42;0;
6662;4157056;1180856320;16470016;1379241984;0;0;0;0;0;0;0;0;0;0;0;2094;0;0;125;0;42;0;
6663;2397506;1180856320;16470016;1379241984;0;0;0;0;0;0;0;0;0;0;0;2685;0;0;125;0;42;0;
6664;2272942;1180856320;16470016;1379241984;0;0;0;0;0;0;0;0;0;0;0;3467;0;0;125;0;42;0;
6665;2556615;1180856320;16470016;1379241984;0;0;0;0;0;0;0;0;0;0;0;1793;0;0;125;0;42;0;
6666;1465198;1180856320;16470016;1379241984;0;0;0;0;0;0;0;0;0;0;0;2094;0;0;125;0;42;0;
6667;4938251;1180856320;16470016;1379241984;0;0;0;0;0;0;0;0;0;0;0;2585;0;0;125;0;42;0;
6668;4602732;1180856320;16470016;1379241984;0;0;0;0;0;0;0;0;0;0;0;4619;0;0;125;0;42;0;
6669;3290661;1180856320;16470016;1379241984;0;0;0;0;0;0;0;0;0;0;0;2715;0;0;125;0;42;0;
6670;1519469;1180856320;16470016;1379241984;0;0;0;0;0;0;0;0;0;0;0;2665;0;0;125;0;42;0;
6671;2729128;1180856320;16470016;1379241984;0;0;0;0;0;0;0;0;0;0;0;2535;0;0;125;0;42;0;
6672;1598468;1180856320;16470016;1379241984;0;0;0;0;0;0;0;0;0;0;0;2194;0;0;125;0;42;0;
6673;4889359;1180856320;16470016;1379241984;0;0;0;0;0;0;0;0;0;0;0;2134;0;0;125;0;42;0;
6674;5161740;1180856320;16470016;1379241984;0;0;0;0;0;0;0;0;0;0;0;3898;0;0;125;0;42;0;
6675;2350748;1180856320;16470016;1379241984;0;0;0;0;0;0;0;0;0;0;0;2235;0;0;125;0;42;0;
6676;1363718;1180856320;16470016;1379241984;0;0;0;0;0;0;0;0;0;0;0;2375;0;0;125;0;42;0;
6677;1612073;1180856320;16470016;1379241984;0;0;0;0;0;0;0;0;0;0;0;2164;0;0;125;0;42;0;
6678;1395016;1180856320;16470016;1379241984;0;0;0;0;0;0;0;0;0;0;0;2164;0;0;125;0;42;0;
6679;5174905;1180856320;16470016;1379241984;0;0;0;0;0;0;0;0;0;0;0;2324;0;0;125;0;42;0;
6680;4208332;1180856320;16470016;1379241984;0;0;0;0;0;0;0;0;0;0;0;4298;0;0;125;0;42;0;
6681;2810150;1180856320;16470016;1379241984;0;0;0;0;0;0;0;0;0;0;0;3006;0;0;125;0;42;0;
6682;1809453;1180856320;16470016;1379241984;0;0;0;0;0;0;0;0;0;0;0;2855;0;0;125;0;42;0;
6683;3001428;1180856320;16470016;1379241984;0;0;0;0;0;0;0;0;0;0;0;2815;0;0;125;0;42;0;
6684;2057618;1180856320;16470016;1379241984;0;0;0;0;0;0;0;0;0;0;0;2855;0;0;125;0;42;0;
6685;4598644;1180856320;16470016;1379241984;0;0;0;0;0;0;0;0;0;0;0;2625;0;0;125;0;42;0;
6686;4822163;1180856320;16470016;1379241984;0;0;0;0;0;0;0;0;0;0;0;5320;0;0;125;0;42;0;
6687;3455240;1180856320;16470016;1379241984;0;0;0;0;0;0;0;0;0;0;0;3356;0;0;125;0;42;0;
6688;1914440;1180856320;16470016;1379241984;0;0;0;0;0;0;0;0;0;0;0;3527;0;0;125;0;42;0;
6689;2971673;1180856320;16470016;1379241984;0;0;0;0;0;0;0;0;0;0;0;2905;0;0;125;0;42;0;
6690;1411127;1180856320;16470016;1379241984;0;0;0;0;0;0;0;0;0;0;0;2745;0;0;125;0;42;0;
6691;4615296;1180856320;16470016;1379241984;0;0;0;0;0;0;0;0;0;0;0;2575;0;0;125;0;42;0;
6692;4242647;1180856320;16470016;1379241984;0;0;0;0;0;0;0;0;0;0;0;4899;0;0;125;0;42;0;
6693;3034120;1180856320;16470016;1379241984;0;0;0;0;0;0;0;0;0;0;0;3016;0;0;125;0;42;0;
6694;2564049;1180856320;16470016;1379241984;0;0;0;0;0;0;0;0;0;0;0;3687;0;0;125;0;42;0;
6695;2487174;1180856320;16470016;1379241984;0;0;0;0;0;0;0;0;0;0;0;3086;0;0;125;0;42;0;
6696;1403312;1180856320;16470016;1379241984;0;0;0;0;0;0;0;0;0;0;0;2254;0;0;125;0;42;0;
6697;5342719;1180856320;16470016;1379241984;0;0;0;0;0;0;0;0;0;0;0;2225;0;0;125;0;42;0;
6698;4391366;1180856320;16470016;1379241984;0;0;0;0;0;0;0;0;0;0;0;4328;0;0;125;0;42;0;
6699;3599310;1180856320;16470016;1379241984;0;0;0;0;0;0;0;0;0;0;0;3206;0;0;125;0;42;0;
6700;2361048;1180856320;16470016;1379241984;0;0;0;0;0;0;0;0;0;0;0;3697;0;0;125;0;42;0;
6701;2425278;1180856320;16470016;1379241984;0;0;0;0;0;0;0;0;0;0;0;2805;0;0;125;0;42;0;
6702;1561458;1180856320;16470016;1379241984;0;0;0;0;0;0;0;0;0;0;0;2214;0;0;125;0;42;0;
6703;4446108;1180856320;16470016;1379241984;0;0;0;0;0;0;0;0;0;0;0;2214;0;0;125;0;42;0;
6704;4666882;1180856320;16470016;1379241984;0;0;0;0;0;0;0;0;0;0;0;4388;0;0;125;0;42;0;
6705;2153108;1180856320;16470016;1379241984;0;0;0;0;0;0;0;0;0;0;0;2274;0;0;125;0;42;0;
6706;2032862;1180856320;16470016;1379241984;0;0;0;0;0;0;0;0;0;0;0;2214;0;0;125;0;42;0;
6707;2620775;1180856320;16470016;1379241984;0;0;0;0;0;0;0;0;0;0;0;2504;0;0;125;0;42;0;
6708;1754169;1180856320;16470016;1379241984;0;0;0;0;0;0;0;0;0;0;0;2144;0;0;125;0;42;0;
6709;4479191;1180856320;16470016;1379241984;0;0;0;0;0;0;0;0;0;0;0;1673;0;0;125;0;42;0;
6710;4206749;1180856320;16470016;1379241984;0;0;0;0;0;0;0;0;0;0;0;4128;0;0;125;0;42;0;
6711;4123894;1180856320;16470016;1379241984;0;0;0;0;0;0;0;0;0;0;0;2775;0;0;125;0;42;0;
6712;2381426;1180856320;16470016;1379241984;0;0;0;0;0;0;0;0;0;0;0;3166;0;0;125;0;42;0;
6713;2457238;1180856320;16470016;1379241984;0;0;0;0;0;0;0;0;0;0;0;1944;0;0;125;0;42;0;
6714;2357922;1180856320;16470016;1379241984;0;0;0;0;0;0;0;0;0;0;0;2645;0;0;125;0;42;0;
6715;4997142;1180856320;16470016;1379241984;0;0;0;0;0;0;0;0;0;0;0;2354;0;0;125;0;42;0;
6716;4299493;1180856320;16470016;1379241984;0;0;0;0;0;0;0;0;0;0;0;4197;0;0;125;0;42;0;
6717;3157853;1180856320;16470016;1379241984;0;0;0;0;0;0;0;0;0;0;0;3186;0;0;125;0;42;0;
6718;2545273;1180856320;16470016;1379241984;0;0;0;0;0;0;0;0;0;0;0;2766;0;0;125;0;42;0;
6719;2752672;1180856320;16470016;1379241984;0;0;0;0;0;0;0;0;0;0;0;3136;0;0;125;0;42;0;
6720;1709265;1180856320;16470016;1379241984;0;0;0;0;0;0;0;0;0;0;0;3216;0;0;125;0;42;0;
6721;4918915;1180856320;16470016;1379241984;0;0;0;0;0;0;0;0;0;0;0;2966;0;0;125;0;42;0;
6722;3357056;1180856320;16470016;1379241984;0;0;0;0;0;0;0;0;0;0;0;3246;0;0;125;0;42;0;
6723;1882921;1180856320;16470016;1379241984;0;0;0;0;0;0;0;0;0;0;0;1913;0;0;125;0;42;0;
6724;1943595;1180856320;16470016;1379241984;0;0;0;0;0;0;0;0;0;0;0;2565;0;0;125;0;42;0;
6725;2431370;1180856320;16470016;1379241984;0;0;0;0;0;0;0;0;0;0;0;2735;0;0;125;0;42;0;
6726;1978741;1180856320;16470016;1379241984;0;0;0;0;0;0;0;0;0;0;0;2555;0;0;125;0;42;0;
6727;5306151;1180856320;16470016;1379241984;0;0;0;0;0;0;0;0;0;0;0;4198;0;0;125;0;42;0;
6728;5453227;1180856320;16470016;1379241984;0;0;0;0;0;0;0;0;0;0;0;6211;0;0;125;0;42;0;
6729;2473358;1180856320;16470016;1379241984;0;0;0;0;0;0;0;0;0;0;0;2675;0;0;125;0;42;0;
6730;1795096;1180856320;16470016;1379241984;0;0;0;0;0;0;0;0;0;0;0;2635;0;0;125;0;42;0;
6731;2342203;1180856320;16470016;1379241984;0;0;0;0;0;0;0;0;0;0;0;2845;0;0;125;0;42;0;
6732;2186851;1180856320;16470016;1379241984;0;0;0;0;0;0;0;0;0;0;0;3416;0;0;125;0;42;0;
6733;4951476;1180856320;16470016;1379241984;0;0;0;0;0;0;0;0;0;0;0;2625;0;0;125;0;42;0;
6734;4143170;1180856320;16470016;1379241984;0;0;0;0;0;0;0;0;0;0;0;4519;0;0;125;0;42;0;
6735;3027928;1180856320;16470016;1379241984;0;0;0;0;0;0;0;0;0;0;0;3065;0;0;125;0;42;0;
6736;2478769;1180856320;16470016;1379241984;0;0;0;0;0;0;0;0;0;0;0;3066;0;0;125;0;42;0;
6737;2198353;1180856320;16470016;1379241984;0;0;0;0;0;0;0;0;0;0;0;2946;0;0;125;0;42;0;
6738;1876069;1180856320;16470016;1379241984;0;0;0;0;0;0;0;0;0;0;0;2525;0;0;125;0;42;0;
6739;5019243;1180856320;16470016;1379241984;0;0;0;0;0;0;0;0;0;0;0;2655;0;0;125;0;42;0;
6740;4961274;1180856320;16470016;1379241984;0;0;0;0;0;0;0;0;0;0;0;5690;0;0;125;0;42;0;
6741;2765376;1180856320;16470016;1379241984;0;0;0;0;0;0;0;0;0;0;0;3526;0;0;125;0;42;0;
6742;2182883;1180856320;16470016;1379241984;0;0;0;0;0;0;0;0;0;0;0;3267;0;0;125;0;42;0;
6743;2393589;1180856320;16470016;1379241984;0;0;0;0;0;0;0;0;0;0;0;3646;0;0;125;0;42;0;
6744;1588840;1180856320;16470016;1379241984;0;0;0;0;0;0;0;0;0;0;0;2334;0;0;125;0;42;0;
6745;4709903;1180856320;16470016;1379241984;0;0;0;0;0;0;0;0;0;0;0;2424;0;0;125;0;42;0;
6746;4383271;1180856320;16470016;1379241984;0;0;0;0;0;0;0;0;0;0;0;4569;0;0;125;0;42;0;
6747;2560232;1180856320;16470016;1379241984;0;0;0;0;0;0;0;0;0;0;0;3056;0;0;125;0;42;0;
6748;2095680;1180856320;16470016;1379241984;0;0;0;0;0;0;0;0;0;0;0;2866;0;0;125;0;42;0;
6749;2396685;1180856320;16470016;1379241984;0;0;0;0;0;0;0;0;0;0;0;2354;0;0;125;0;42;0;
6750;1550779;1180856320;16470016;1379241984;0;0;0;0;0;0;0;0;0;0;0;2304;0;0;125;0;42;0;
6751;4456789;1180856320;16470016;1379241984;0;0;0;0;0;0;0;0;0;0;0;1943;0;0;125;0;42;0;
6752;4083769;1180856320;16470016;1379241984;0;0;0;0;0;0;0;0;0;0;0;4539;0;0;125;0;42;0;
6753;2311295;1180856320;16470016;1379241984;0;0;0;0;0;0;0;0;0;0;0;2285;0;0;125;0;42;0;
6754;2251923;1180856320;16470016;1379241984;0;0;0;0;0;0;0;0;0;0;0;2515;0;0;125;0;42;0;
6755;2624963;1180856320;16470016;1379241984;0;0;0;0;0;0;0;0;0;0;0;2465;0;0;125;0;42;0;
6756;1593729;1180856320;16470016;1379241984;0;0;0;0;0;0;0;0;0;0;0;2285;0;0;125;0;42;0;
6757;4665139;1180856320;16470016;1379241984;0;0;0;0;0;0;0;0;0;0;0;2545;0;0;125;0;42;0;
6758;3642832;1180856320;16470016;1379241984;0;0;0;0;0;0;0;0;0;0;0;3897;0;0;125;0;42;0;
6759;3395107;1180856320;16470016;1379241984;0;0;0;0;0;0;0;0;0;0;0;3326;0;0;125;0;42;0;
6760;1860218;1180856320;16470016;1379241984;0;0;0;0;0;0;0;0;0;0;0;3176;0;0;125;0;42;0;
6761;2218119;1180856320;16470016;1379241984;0;0;0;0;0;0;0;0;0;0;0;2595;0;0;125;0;42;0;
6762;1775691;1180856320;16470016;1379241984;0;0;0;0;0;0;0;0;0;0;0;3096;0;0;125;0;42;0;
6763;5335766;1180856320;16470016;1379241984;0;0;0;0;0;0;0;0;0;0;0;2304;0;0;125;0;42;0;
6764;5424263;1180856320;16470016;1379241984;0;0;0;0;0;0;0;0;0;0;0;4709;0;0;125;0;42;0;
6765;3120562;1180856320;16470016;1379241984;0;0;0;0;0;0;0;0;0;0;0;3386;0;0;125;0;42;0;
6766;2019237;1180856320;16470016;1379241984;0;0;0;0;0;0;0;0;0;0;0;3296;0;0;125;0;42;0;
6767;3327080;1180856320;16470016;1379241984;0;0;0;0;0;0;0;0;0;0;0;3026;0;0;125;0;42;0;
6768;2226385;1180856320;16470016;1379241984;0;0;0;0;0;0;0;0;0;0;0;2214;0;0;125;0;42;0;
6769;5200614;1180856320;16470016;1379241984;0;0;0;0;0;0;0;0;0;0;0;2375;0;0;125;0;42;0;
6770;3478363;1180856320;16470016;1379241984;0;0;0;0;0;0;0;0;0;0;0;4368;0;0;125;0;42;0;
6771;2736552;1180856320;16470016;1379241984;0;0;0;0;0;0;0;0;0;0;0;2144;0;0;125;0;42;0;
6772;1636840;1180856320;16470016;1379241984;0;0;0;0;0;0;0;0;0;0;0;3055;0;0;125;0;42;0;
6773;2697859;1180856320;16470016;1379241984;0;0;0;0;0;0;0;0;0;0;0;2034;0;0;125;0;42;0;
6774;2611607;1180856320;16470016;1379241984;0;0;0;0;0;0;0;0;0;0;0;3937;0;0;125;0;42;0;
6775;6042692;1180856320;16470016;1379241984;0;0;0;0;0;0;0;0;0;0;0;3316;0;0;125;0;42;0;
6776;4100600;1180856320;16470016;1379241984;0;0;0;0;0;0;0;0;0;0;0;4098;0;0;125;0;42;0;
6777;2270208;1180856320;16470016;1379241984;0;0;0;0;0;0;0;0;0;0;0;2124;0;0;125;0;42;0;
6778;1924559;1180856320;16470016;1379241984;0;0;0;0;0;0;0;0;0;0;0;2395;0;0;125;0;42;0;
6779;2299622;1180856320;16470016;1379241984;0;0;0;0;0;0;0;0;0;0;0;2604;0;0;125;0;42;0;
6780;1888512;1180856320;16470016;1379241984;0;0;0;0;0;0;0;0;0;0;0;2415;0;0;125;0;42;0;
6781;5087832;1180856320;16470016;1379241984;0;0;0;0;0;0;0;0;0;0;0;2355;0;0;125;0;42;0;
6782;3189161;1180856320;16470016;1379241984;0;0;0;0;0;0;0;0;0;0;0;1984;0;0;125;0;42;0;
6783;2172425;1180856320;16470016;1379241984;0;0;0;0;0;0;0;0;0;0;0;2044;0;0;125;0;42;0;
6784;1609398;1180856320;16470016;1379241984;0;0;0;0;0;0;0;0;0;0;0;1954;0;0;125;0;42;0;
6785;2231315;1180856320;16470016;1379241984;0;0;0;0;0;0;0;0;0;0;0;2144;0;0;125;0;42;0;
6786;2558168;1180856320;16470016;1379241984;0;0;0;0;0;0;0;0;0;0;0;2444;0;0;125;0;42;0;
6787;4549452;1180856320;16470016;1379241984;0;0;0;0;0;0;0;0;0;0;0;2334;0;0;125;0;42;0;
6788;3979263;1180856320;16470016;1379241984;0;0;0;0;0;0;0;0;0;0;0;3026;0;0;125;0;42;0;
6789;2380465;1180856320;16470016;1379241984;0;0;0;0;0;0;0;0;0;0;0;2084;0;0;125;0;42;0;
6790;1725676;1180856320;16470016;1379241984;0;0;0;0;0;0;0;0;0;0;0;2094;0;0;125;0;42;0;
6791;2212580;1180856320;16470016;1379241984;0;0;0;0;0;0;0;0;0;0;0;2174;0;0;125;0;42;0;
6792;1713343;1180856320;16470016;1379241984;0;0;0;0;0;0;0;0;0;0;0;1994;0;0;125;0;42;0;
6793;7814515;1180856320;16470016;1379241984;0;0;0;0;0;0;0;0;0;0;0;2184;0;0;125;0;42;0;
6794;4950324;1180856320;16470016;1379241984;0;0;0;0;0;0;0;0;0;0;0;2735;0;0;125;0;42;0;
6795;2485000;1180856320;16470016;1379241984;0;0;0;0;0;0;0;0;0;0;0;2124;0;0;125;0;42;0;
6796;3004014;1180856320;16470016;1379241984;0;0;0;0;0;0;0;0;0;0;0;3085;0;0;125;0;42;0;
6797;3258301;1180856320;16470016;1379241984;0;0;0;0;0;0;0;0;0;0;0;2184;0;0;125;0;42;0;
6798;1653912;1180856320;16470016;1379241984;0;0;0;0;0;0;0;0;0;0;0;2435;0;0;125;0;42;0;
6799;4529795;1180856320;16470016;1379241984;0;0;0;0;0;0;0;0;0;0;0;2114;0;0;125;0;42;0;
6800;2953929;1180856320;16470016;1379241984;0;0;0;0;0;0;0;0;0;0;0;2706;0;0;125;0;42;0;
6801;2425909;1180856320;16470016;1379241984;0;0;0;0;0;0;0;0;0;0;0;2104;0;0;125;0;42;0;
6802;1504001;1180856320;16470016;1379241984;0;0;0;0;0;0;0;0;0;0;0;1643;0;0;125;0;42;0;
6803;2434486;1180856320;16470016;1379241984;0;0;0;0;0;0;0;0;0;0;0;2715;0;0;125;0;42;0;
6804;1505483;1180856320;16470016;1379241984;0;0;0;0;0;0;0;0;0;0;0;1994;0;0;125;0;42;0;
6805;4851198;1180856320;16470016;1379241984;0;0;0;0;0;0;0;0;0;0;0;1924;0;0;125;0;42;0;
6806;3992588;1180856320;16470016;1379241984;0;0;0;0;0;0;0;0;0;0;0;7173;0;0;125;0;42;0;
6807;2907923;1180856320;16470016;1379241984;0;0;0;0;0;0;0;0;0;0;0;2635;0;0;125;0;42;0;
6808;1985594;1180856320;16470016;1379241984;0;0;0;0;0;0;0;0;0;0;0;2074;0;0;125;0;42;0;
6809;2942308;1180856320;16470016;1379241984;0;0;0;0;0;0;0;0;0;0;0;2104;0;0;125;0;42;0;
6810;1881168;1180856320;16470016;1379241984;0;0;0;0;0;0;0;0;0;0;0;1914;0;0;125;0;42;0;
6811;5153906;1180856320;16470016;1379241984;0;0;0;0;0;0;0;0;0;0;0;2445;0;0;125;0;42;0;
6812;3897009;1180856320;16470016;1379241984;0;0;0;0;0;0;0;0;0;0;0;2735;0;0;125;0;42;0;
6813;2405852;1180856320;16470016;1379241984;0;0;0;0;0;0;0;0;0;0;0;2084;0;0;125;0;42;0;
6814;1638693;1180856320;16470016;1379241984;0;0;0;0;0;0;0;0;0;0;0;2174;0;0;125;0;42;0;
6815;3086389;1180856320;16470016;1379241984;0;0;0;0;0;0;0;0;0;0;0;1923;0;0;125;0;42;0;
6816;1717972;1180856320;16470016;1379241984;0;0;0;0;0;0;0;0;0;0;0;2064;0;0;125;0;42;0;
6817;4880904;1180856320;16470016;1379241984;0;0;0;0;0;0;0;0;0;0;0;4037;0;0;125;0;42;0;
6818;2761990;1180856320;16470016;1379241984;0;0;0;0;0;0;0;0;0;0;0;1963;0;0;125;0;42;0;
6819;2173236;1180856320;16470016;1379241984;0;0;0;0;0;0;0;0;0;0;0;2154;0;0;125;0;42;0;
6820;1346445;1180856320;16470016;1379241984;0;0;0;0;0;0;0;0;0;0;0;2174;0;0;125;0;42;0;
6821;2138270;1180856320;16470016;1379241984;0;0;0;0;0;0;0;0;0;0;0;1934;0;0;125;0;42;0;
6822;1103399;1180856320;16470016;1379241984;0;0;0;0;0;0;0;0;0;0;0;1893;0;0;125;0;42;0;
6823;4846769;1180856320;16474112;1379246080;0;0;0;0;0;0;0;0;0;0;0;2755;0;0;125;0;42;0;
6824;3224457;1180856320;16482304;1379254272;0;0;0;0;0;0;0;0;0;0;0;2114;0;0;125;0;42;0;
6825;2496792;1180856320;16482304;1379254272;0;0;0;0;0;0;0;0;0;0;0;1944;0;0;125;0;42;0;
6826;1348189;1180856320;16482304;1379254272;0;0;0;0;0;0;0;0;0;0;0;2004;0;0;125;0;42;0;
6827;2475753;1180856320;16482304;1379254272;0;0;0;0;0;0;0;0;0;0;0;1914;0;0;125;0;42;0;
6828;1328662;1180856320;16482304;1379254272;0;0;0;0;0;0;0;0;0;0;0;2134;0;0;125;0;42;0;
6829;4513415;1180856320;16482304;1379254272;0;0;0;0;0;0;0;0;0;0;0;2585;0;0;125;0;42;0;
6830;3243633;1180856320;16482304;1379254272;0;0;0;0;0;0;0;0;0;0;0;2174;0;0;125;0;42;0;
6831;2049554;1180856320;16482304;1379254272;0;0;0;0;0;0;0;0;0;0;0;2184;0;0;125;0;42;0;
6832;1289177;1180856320;16482304;1379254272;0;0;0;0;0;0;0;0;0;0;0;2003;0;0;125;0;42;0;
6833;2395122;1180856320;16482304;1379254272;0;0;0;0;0;0;0;0;0;0;0;2154;0;0;125;0;42;0;
6834;1559615;1180856320;16482304;1379254272;0;0;0;0;0;0;0;0;0;0;0;2003;0;0;125;0;42;0;
6835;4696548;1180856320;16482304;1379254272;0;0;0;0;0;0;0;0;0;0;0;2325;0;0;125;0;42;0;
6836;2882836;1180856320;16482304;1379254272;0;0;0;0;0;0;0;0;0;0;0;2184;0;0;125;0;42;0;
6837;2228590;1180856320;16470016;1379241984;0;0;0;0;0;0;0;0;0;0;0;1934;0;0;125;0;42;0;
6838;2106040;1180856320;16470016;1379241984;0;0;0;0;0;0;0;0;0;0;0;2255;0;0;125;0;42;0;
6839;2159380;1180856320;16470016;1379241984;0;0;0;0;0;0;0;0;0;0;0;2204;0;0;125;0;42;0;
6840;2044494;1180856320;16470016;1379241984;0;0;0;0;0;0;0;0;0;0;0;2485;0;0;125;0;42;0;
6841;5288398;1180856320;16470016;1379241984;0;0;0;0;0;0;0;0;0;0;0;2555;0;0;125;0;42;0;
6842;4393931;1180856320;16470016;1379241984;0;0;0;0;0;0;0;0;0;0;0;4067;0;0;125;0;42;0;
6843;1992045;1180856320;16470016;1379241984;0;0;0;0;0;0;0;0;0;0;0;2234;0;0;125;0;42;0;
6844;1815144;1180856320;16470016;1379241984;0;0;0;0;0;0;0;0;0;0;0;2564;0;0;125;0;42;0;
6845;2174639;1180856320;16470016;1379241984;0;0;0;0;0;0;0;0;0;0;0;2374;0;0;125;0;42;0;
6846;2019878;1180856320;16470016;1379241984;0;0;0;0;0;0;0;0;0;0;0;1993;0;0;125;0;42;0;
6847;4895611;1180856320;16470016;1379241984;0;0;0;0;0;0;0;0;0;0;0;2184;0;0;125;0;42;0;
6848;3961990;1180856320;16470016;1379241984;0;0;0;0;0;0;0;0;0;0;0;4649;0;0;125;0;42;0;
6849;1855610;1180856320;16470016;1379241984;0;0;0;0;0;0;0;0;0;0;0;2635;0;0;125;0;42;0;
6850;1549115;1180856320;16470016;1379241984;0;0;0;0;0;0;0;0;0;0;0;2444;0;0;125;0;42;0;
6851;3213978;1180856320;16470016;1379241984;0;0;0;0;0;0;0;0;0;0;0;2405;0;0;125;0;42;0;
6852;1574994;1180856320;16470016;1379241984;0;0;0;0;0;0;0;0;0;0;0;2595;0;0;125;0;42;0;
6853;6233780;1180856320;16470016;1379241984;0;0;0;0;0;0;0;0;0;0;0;2264;0;0;125;0;42;0;
6854;5548486;1180856320;16470016;1379241984;0;0;0;0;0;0;0;0;0;0;0;4278;0;0;125;0;42;0;
6855;2447079;1180856320;16470016;1379241984;0;0;0;0;0;0;0;0;0;0;0;2595;0;0;125;0;42;0;
6856;1335445;1180856320;16470016;1379241984;0;0;0;0;0;0;0;0;0;0;0;2886;0;0;125;0;42;0;
6857;2647825;1180856320;16470016;1379241984;0;0;0;0;0;0;0;0;0;0;0;2265;0;0;125;0;42;0;
6858;1636529;1180856320;16470016;1379241984;0;0;0;0;0;0;0;0;0;0;0;2474;0;0;125;0;42;0;
6859;5554738;1180856320;16470016;1379241984;0;0;0;0;0;0;0;0;0;0;0;2304;0;0;125;0;42;0;
6860;3440151;1180856320;16470016;1379241984;0;0;0;0;0;0;0;0;0;0;0;3938;0;0;125;0;42;0;
6861;1845100;1180856320;16470016;1379241984;0;0;0;0;0;0;0;0;0;0;0;2224;0;0;125;0;42;0;
6862;1522215;1180856320;16470016;1379241984;0;0;0;0;0;0;0;0;0;0;0;2475;0;0;125;0;42;0;
6863;2016461;1180856320;16470016;1379241984;0;0;0;0;0;0;0;0;0;0;0;1924;0;0;125;0;42;0;
6864;1512416;1180856320;16470016;1379241984;0;0;0;0;0;0;0;0;0;0;0;2164;0;0;125;0;42;0;
6865;4611699;1180856320;16470016;1379241984;0;0;0;0;0;0;0;0;0;0;0;2274;0;0;125;0;42;0;
6866;4861177;1180856320;16470016;1379241984;0;0;0;0;0;0;0;0;0;0;0;4739;0;0;125;0;42;0;
6867;2191290;1180856320;16470016;1379241984;0;0;0;0;0;0;0;0;0;0;0;1843;0;0;125;0;42;0;
6868;1389696;1180856320;16470016;1379241984;0;0;0;0;0;0;0;0;0;0;0;1814;0;0;125;0;42;0;
6869;2600417;1180856320;16470016;1379241984;0;0;0;0;0;0;0;0;0;0;0;2164;0;0;125;0;42;0;
6870;2088617;1180856320;16470016;1379241984;0;0;0;0;0;0;0;0;0;0;0;1743;0;0;125;0;42;0;
6871;6295016;1180856320;16470016;1379241984;0;0;0;0;0;0;0;0;0;0;0;2876;0;0;125;0;42;0;
6872;4634822;1180856320;16470016;1379241984;0;0;0;0;0;0;0;0;0;0;0;5120;0;0;125;0;42;0;
6873;2139292;1180856320;16470016;1379241984;0;0;0;0;0;0;0;0;0;0;0;1613;0;0;125;0;42;0;
6874;2332634;1180856320;16470016;1379241984;0;0;0;0;0;0;0;0;0;0;0;2715;0;0;125;0;42;0;
6875;3254013;1180856320;16470016;1379241984;0;0;0;0;0;0;0;0;0;0;0;2525;0;0;125;0;42;0;
6876;3046293;1180856320;16470016;1379241984;0;0;0;0;0;0;0;0;0;0;0;4949;0;0;125;0;42;0;
6877;5291944;1180856320;16470016;1379241984;0;0;0;0;0;0;0;0;0;0;0;2154;0;0;125;0;42;0;
6878;2640893;1180856320;16470016;1379241984;0;0;0;0;0;0;0;0;0;0;0;2074;0;0;125;0;42;0;
6879;2210075;1180856320;16470016;1379241984;0;0;0;0;0;0;0;0;0;0;0;1874;0;0;125;0;42;0;
6880;1640868;1180856320;16470016;1379241984;0;0;0;0;0;0;0;0;0;0;0;2445;0;0;125;0;42;0;
6881;2550102;1180856320;16470016;1379241984;0;0;0;0;0;0;0;0;0;0;0;2785;0;0;125;0;42;0;
6882;1270513;1180856320;16470016;1379241984;0;0;0;0;0;0;0;0;0;0;0;2305;0;0;125;0;42;0;
6883;4978527;1180856320;16470016;1379241984;0;0;0;0;0;0;0;0;0;0;0;2154;0;0;125;0;42;0;
6884;3079706;1180856320;16470016;1379241984;0;0;0;0;0;0;0;0;0;0;0;2795;0;0;125;0;42;0;
6885;2571502;1180856320;16470016;1379241984;0;0;0;0;0;0;0;0;0;0;0;2385;0;0;125;0;42;0;
6886;1825023;1180856320;16470016;1379241984;0;0;0;0;0;0;0;0;0;0;0;2665;0;0;125;0;42;0;
6887;3332139;1180856320;16470016;1379241984;0;0;0;0;0;0;0;0;0;0;0;3136;0;0;125;0;42;0;
6888;1656948;1180856320;16470016;1379241984;0;0;0;0;0;0;0;0;0;0;0;1974;0;0;125;0;42;0;
6889;4337495;1180856320;16470016;1379241984;0;0;0;0;0;0;0;0;0;0;0;2074;0;0;125;0;42;0;
6890;2392647;1180856320;16470016;1379241984;0;0;0;0;0;0;0;0;0;0;0;1944;0;0;125;0;42;0;
6891;2665509;1180856320;16470016;1379241984;0;0;0;0;0;0;0;0;0;0;0;1864;0;0;125;0;42;0;
6892;1921514;1180856320;16470016;1379241984;0;0;0;0;0;0;0;0;0;0;0;2254;0;0;125;0;42;0;
6893;2076464;1180856320;16470016;1379241984;0;0;0;0;0;0;0;0;0;0;0;2054;0;0;125;0;42;0;
6894;1515993;1180856320;16470016;1379241984;0;0;0;0;0;0;0;0;0;0;0;1934;0;0;125;0;42;0;
6895;4623390;1180856320;16470016;1379241984;0;0;0;0;0;0;0;0;0;0;0;2164;0;0;125;0;42;0;
6896;2139522;1180856320;16470016;1379241984;0;0;0;0;0;0;0;0;0;0;0;2324;0;0;125;0;42;0;
6897;1931492;1180856320;16470016;1379241984;0;0;0;0;0;0;0;0;0;0;0;1864;0;0;125;0;42;0;
6898;1584231;1180856320;16470016;1379241984;0;0;0;0;0;0;0;0;0;0;0;1903;0;0;125;0;42;0;
6899;1671465;1180856320;16470016;1379241984;0;0;0;0;0;0;0;0;0;0;0;2134;0;0;125;0;42;0;
6900;1619798;1180856320;16470016;1379241984;0;0;0;0;0;0;0;0;0;0;0;2064;0;0;125;0;42;0;
6901;4450125;1180856320;16470016;1379241984;0;0;0;0;0;0;0;0;0;0;0;1884;0;0;125;0;42;0;
6902;3031535;1180856320;16470016;1379241984;0;0;0;0;0;0;0;0;0;0;0;2124;0;0;125;0;42;0;
6903;1907256;1180856320;16470016;1379241984;0;0;0;0;0;0;0;0;0;0;0;2074;0;0;125;0;42;0;
6904;2278614;1180856320;16470016;1379241984;0;0;0;0;0;0;0;0;0;0;0;2355;0;0;125;0;42;0;
6905;1582538;1180856320;16470016;1379241984;0;0;0;0;0;0;0;0;0;0;0;1973;0;0;125;0;42;0;
6906;1730746;1180856320;16470016;1379241984;0;0;0;0;0;0;0;0;0;0;0;2064;0;0;125;0;42;0;
6907;4802617;1180856320;16470016;1379241984;0;0;0;0;0;0;0;0;0;0;0;2294;0;0;125;0;42;0;
6908;5152583;1180856320;16470016;1379241984;0;0;0;0;0;0;0;0;0;0;0;14387;0;0;125;0;42;0;
6909;2445125;1180856320;16470016;1379241984;0;0;0;0;0;0;0;0;0;0;0;3036;0;0;125;0;42;0;
6910;2231695;1180856320;16470016;1379241984;0;0;0;0;0;0;0;0;0;0;0;2866;0;0;125;0;42;0;
6911;2936377;1180856320;16470016;1379241984;0;0;0;0;0;0;0;0;0;0;0;2254;0;0;125;0;42;0;
6912;1828599;1180856320;16470016;1379241984;0;0;0;0;0;0;0;0;0;0;0;2234;0;0;125;0;42;0;
6913;4594496;1180856320;16470016;1379241984;0;0;0;0;0;0;0;0;0;0;0;2094;0;0;125;0;42;0;
6914;4047420;1180856320;16470016;1379241984;0;0;0;0;0;0;0;0;0;0;0;4308;0;0;125;0;42;0;
6915;3220510;1180856320;16470016;1379241984;0;0;0;0;0;0;0;0;0;0;0;3296;0;0;125;0;42;0;
6916;1502668;1180856320;16470016;1379241984;0;0;0;0;0;0;0;0;0;0;0;2835;0;0;125;0;42;0;
6917;3236870;1180856320;16470016;1379241984;0;0;0;0;0;0;0;0;0;0;0;2805;0;0;125;0;42;0;
6918;1812680;1180856320;16470016;1379241984;0;0;0;0;0;0;0;0;0;0;0;2875;0;0;125;0;42;0;
6919;4527200;1180856320;16470016;1379241984;0;0;0;0;0;0;0;0;0;0;0;2354;0;0;125;0;42;0;
6920;5301432;1180856320;16470016;1379241984;0;0;0;0;0;0;0;0;0;0;0;6532;0;0;125;0;42;0;
6921;2619112;1180856320;16470016;1379241984;0;0;0;0;0;0;0;0;0;0;0;2264;0;0;125;0;42;0;
6922;1588359;1180856320;16470016;1379241984;0;0;0;0;0;0;0;0;0;0;0;2154;0;0;125;0;42;0;
6923;2044274;1180856320;16470016;1379241984;0;0;0;0;0;0;0;0;0;0;0;1883;0;0;125;0;42;0;
6924;2462949;1180856320;16470016;1379241984;0;0;0;0;0;0;0;0;0;0;0;2244;0;0;125;0;42;0;
6925;4888818;1180856320;16470016;1379241984;0;0;0;0;0;0;0;0;0;0;0;2164;0;0;125;0;42;0;
6926;3554546;1180856320;16470016;1379241984;0;0;0;0;0;0;0;0;0;0;0;2154;0;0;125;0;42;0;
6927;2920116;1180856320;16470016;1379241984;0;0;0;0;0;0;0;0;0;0;0;1793;0;0;125;0;42;0;
6928;1859096;1180856320;16470016;1379241984;0;0;0;0;0;0;0;0;0;0;0;1994;0;0;125;0;42;0;
6929;2612419;1180856320;16470016;1379241984;0;0;0;0;0;0;0;0;0;0;0;1834;0;0;125;0;42;0;
6930;1468454;1180856320;16470016;1379241984;0;0;0;0;0;0;0;0;0;0;0;2154;0;0;125;0;42;0;
6931;4821061;1180856320;16470016;1379241984;0;0;0;0;0;0;0;0;0;0;0;2114;0;0;125;0;42;0;
6932;2898145;1180856320;16470016;1379241984;0;0;0;0;0;0;0;0;0;0;0;2124;0;0;125;0;42;0;
6933;2529604;1180856320;16470016;1379241984;0;0;0;0;0;0;0;0;0;0;0;1954;0;0;125;0;42;0;
6934;1429651;1180856320;16470016;1379241984;0;0;0;0;0;0;0;0;0;0;0;2154;0;0;125;0;42;0;
6935;2479941;1180856320;16470016;1379241984;0;0;0;0;0;0;0;0;0;0;0;2054;0;0;125;0;42;0;
6936;1734122;1180856320;16470016;1379241984;0;0;0;0;0;0;0;0;0;0;0;2104;0;0;125;0;42;0;
6937;4665820;1180856320;16470016;1379241984;0;0;0;0;0;0;0;0;0;0;0;2184;0;0;125;0;42;0;
6938;5682978;1180856320;16470016;1379241984;0;0;0;0;0;0;0;0;0;0;0;5541;0;0;125;0;42;0;
6939;2757822;1180856320;16470016;1379241984;0;0;0;0;0;0;0;0;0;0;0;2474;0;0;125;0;42;0;
6940;1941512;1180856320;16470016;1379241984;0;0;0;0;0;0;0;0;0;0;0;2184;0;0;125;0;42;0;
6941;3038709;1180856320;16470016;1379241984;0;0;0;0;0;0;0;0;0;0;0;1994;0;0;125;0;42;0;
6942;1870699;1180856320;16470016;1379241984;0;0;0;0;0;0;0;0;0;0;0;1944;0;0;125;0;42;0;
6943;4985439;1180856320;16470016;1379241984;0;0;0;0;0;0;0;0;0;0;0;1953;0;0;125;0;42;0;
6944;3775039;1180856320;16470016;1379241984;0;0;0;0;0;0;0;0;0;0;0;2345;0;0;125;0;42;0;
6945;2321444;1180856320;16470016;1379241984;0;0;0;0;0;0;0;0;0;0;0;2013;0;0;125;0;42;0;
6946;2192712;1180856320;16470016;1379241984;0;0;0;0;0;0;0;0;0;0;0;1994;0;0;125;0;42;0;
6947;2356479;1180856320;16470016;1379241984;0;0;0;0;0;0;0;0;0;0;0;2034;0;0;125;0;42;0;
6948;1587908;1180856320;16470016;1379241984;0;0;0;0;0;0;0;0;0;0;0;2114;0;0;125;0;42;0;
6949;4536387;1180856320;16470016;1379241984;0;0;0;0;0;0;0;0;0;0;0;2225;0;0;125;0;42;0;
6950;2924454;1180856320;16470016;1379241984;0;0;0;0;0;0;0;0;0;0;0;2444;0;0;125;0;42;0;
6951;2075151;1180856320;16470016;1379241984;0;0;0;0;0;0;0;0;0;0;0;1884;0;0;125;0;42;0;
6952;1482810;1180856320;16470016;1379241984;0;0;0;0;0;0;0;0;0;0;0;2014;0;0;125;0;42;0;
6953;2827353;1180856320;16470016;1379241984;0;0;0;0;0;0;0;0;0;0;0;1994;0;0;125;0;42;0;
6954;1094172;1180856320;16470016;1379241984;0;0;0;0;0;0;0;0;0;0;0;1973;0;0;125;0;42;0;
6955;4589297;1180856320;16470016;1379241984;0;0;0;0;0;0;0;0;0;0;0;2225;0;0;125;0;42;0;
6956;2941226;1180856320;16470016;1379241984;0;0;0;0;0;0;0;0;0;0;0;2154;0;0;125;0;42;0;
6957;3266236;1180856320;16470016;1379241984;0;0;0;0;0;0;0;0;0;0;0;2434;0;0;125;0;42;0;
6958;2799310;1180856320;16470016;1379241984;0;0;0;0;0;0;0;0;0;0;0;6613;0;0;125;0;42;0;
6959;2768923;1180856320;16470016;1379241984;0;0;0;0;0;0;0;0;0;0;0;2945;0;0;125;0;42;0;
6960;1878423;1180856320;16470016;1379241984;0;0;0;0;0;0;0;0;0;0;0;2785;0;0;125;0;42;0;
6961;5113700;1180856320;16470016;1379241984;0;0;0;0;0;0;0;0;0;0;0;2655;0;0;125;0;42;0;
6962;4354366;1180856320;16470016;1379241984;0;0;0;0;0;0;0;0;0;0;0;2464;0;0;125;0;42;0;
6963;2613642;1180856320;16470016;1379241984;0;0;0;0;0;0;0;0;0;0;0;2094;0;0;125;0;42;0;
6964;1810966;1180856320;16470016;1379241984;0;0;0;0;0;0;0;0;0;0;0;3327;0;0;125;0;42;0;
6965;3141321;1180856320;16470016;1379241984;0;0;0;0;0;0;0;0;0;0;0;2866;0;0;125;0;42;0;
6966;1362495;1180856320;16470016;1379241984;0;0;0;0;0;0;0;0;0;0;0;1954;0;0;125;0;42;0;
6967;4568548;1180856320;16470016;1379241984;0;0;0;0;0;0;0;0;0;0;0;2004;0;0;125;0;42;0;
6968;3261296;1180856320;16470016;1379241984;0;0;0;0;0;0;0;0;0;0;0;1814;0;0;125;0;42;0;
6969;1956069;1180856320;16470016;1379241984;0;0;0;0;0;0;0;0;0;0;0;2014;0;0;125;0;42;0;
6970;2111670;1180856320;16470016;1379241984;0;0;0;0;0;0;0;0;0;0;0;1764;0;0;125;0;42;0;
6971;2092334;1180856320;16470016;1379241984;0;0;0;0;0;0;0;0;0;0;0;1783;0;0;125;0;42;0;
6972;1232892;1180856320;16470016;1379241984;0;0;0;0;0;0;0;0;0;0;0;2134;0;0;125;0;42;0;
6973;5311080;1180856320;16470016;1379241984;0;0;0;0;0;0;0;0;0;0;0;2855;0;0;125;0;42;0;
6974;4556305;1180856320;16470016;1379241984;0;0;0;0;0;0;0;0;0;0;0;2786;0;0;125;0;42;0;
6975;3158744;1180856320;16470016;1379241984;0;0;0;0;0;0;0;0;0;0;0;3326;0;0;125;0;42;0;
6976;1958813;1180856320;16470016;1379241984;0;0;0;0;0;0;0;0;0;0;0;3136;0;0;125;0;42;0;
6977;2708439;1180856320;16470016;1379241984;0;0;0;0;0;0;0;0;0;0;0;2735;0;0;125;0;42;0;
6978;2215545;1180856320;16470016;1379241984;0;0;0;0;0;0;0;0;0;0;0;2826;0;0;125;0;42;0;
6979;5149057;1180856320;16470016;1379241984;0;0;0;0;0;0;0;0;0;0;0;3126;0;0;125;0;42;0;
6980;4095490;1180856320;16470016;1379241984;0;0;0;0;0;0;0;0;0;0;0;2986;0;0;125;0;42;0;
6981;2379022;1180856320;16470016;1379241984;0;0;0;0;0;0;0;0;0;0;0;3026;0;0;125;0;42;0;
6982;1623224;1180856320;16470016;1379241984;0;0;0;0;0;0;0;0;0;0;0;2815;0;0;125;0;42;0;
6983;2634610;1180856320;16470016;1379241984;0;0;0;0;0;0;0;0;0;0;0;2014;0;0;125;0;42;0;
6984;1707412;1180856320;16470016;1379241984;0;0;0;0;0;0;0;0;0;0;0;1883;0;0;125;0;42;0;
6985;4309131;1180856320;16470016;1379241984;0;0;0;0;0;0;0;0;0;0;0;1773;0;0;125;0;42;0;
6986;3448888;1180856320;16470016;1379241984;0;0;0;0;0;0;0;0;0;0;0;2936;0;0;125;0;42;0;
6987;2528451;1180856320;16470016;1379241984;0;0;0;0;0;0;0;0;0;0;0;2955;0;0;125;0;42;0;
6988;1886468;1180856320;16470016;1379241984;0;0;0;0;0;0;0;0;0;0;0;2695;0;0;125;0;42;0;
6989;2765296;1180856320;16470016;1379241984;0;0;0;0;0;0;0;0;0;0;0;2885;0;0;125;0;42;0;
6990;2045707;1180856320;16470016;1379241984;0;0;0;0;0;0;0;0;0;0;0;2786;0;0;125;0;42;0;
6991;5560778;1180856320;16470016;1379241984;0;0;0;0;0;0;0;0;0;0;0;2565;0;0;125;0;42;0;
6992;4559130;1180856320;16470016;1379241984;0;0;0;0;0;0;0;0;0;0;0;2665;0;0;125;0;42;0;
6993;2095940;1180856320;16470016;1379241984;0;0;0;0;0;0;0;0;0;0;0;3005;0;0;125;0;42;0;
6994;1693747;1180856320;16470016;1379241984;0;0;0;0;0;0;0;0;0;0;0;1933;0;0;125;0;42;0;
6995;2303560;1180856320;16470016;1379241984;0;0;0;0;0;0;0;0;0;0;0;2235;0;0;125;0;42;0;
6996;1160958;1180856320;16470016;1379241984;0;0;0;0;0;0;0;0;0;0;0;1994;0;0;125;0;42;0;
6997;4658978;1180856320;16470016;1379241984;0;0;0;0;0;0;0;0;0;0;0;1823;0;0;125;0;42;0;
6998;3180505;1180856320;16474112;1379246080;0;0;0;0;0;0;0;0;0;0;0;1864;0;0;125;0;42;0;
6999;2229662;1180856320;16474112;1379246080;0;0;0;0;0;0;0;0;0;0;0;2144;0;0;125;0;42;0;
7000;1552592;1180856320;16474112;1379246080;0;0;0;0;0;0;0;0;0;0;0;2855;0;0;125;0;42;0;
7001;3058947;1180856320;16474112;1379246080;0;0;0;0;0;0;0;0;0;0;0;2435;0;0;125;0;42;0;
7002;2258976;1180856320;16474112;1379246080;0;0;0;0;0;0;0;0;0;0;0;2084;0;0;125;0;42;0;
7003;5007001;1180856320;16474112;1379246080;0;0;0;0;0;0;0;0;0;0;0;1873;0;0;125;0;42;0;
7004;4058321;1180856320;16474112;1379246080;0;0;0;0;0;0;0;0;0;0;0;2455;0;0;125;0;42;0;
7005;2457229;1180856320;16474112;1379246080;0;0;0;0;0;0;0;0;0;0;0;1824;0;0;125;0;42;0;
7006;1543705;1180856320;16474112;1379246080;0;0;0;0;0;0;0;0;0;0;0;2014;0;0;125;0;42;0;
7007;2846048;1180856320;16474112;1379246080;0;0;0;0;0;0;0;0;0;0;0;2635;0;0;125;0;42;0;
7008;1743840;1180856320;16474112;1379246080;0;0;0;0;0;0;0;0;0;0;0;2715;0;0;125;0;42;0;
7009;4905620;1180856320;16474112;1379246080;0;0;0;0;0;0;0;0;0;0;0;2635;0;0;125;0;42;0;
7010;4732425;1180856320;16474112;1379246080;0;0;0;0;0;0;0;0;0;0;0;2855;0;0;125;0;42;0;
7011;2581502;1180856320;16470016;1379241984;0;0;0;0;0;0;0;0;0;0;0;3106;0;0;125;0;42;0;
7012;1652419;1180856320;16470016;1379241984;0;0;0;0;0;0;0;0;0;0;0;2705;0;0;125;0;42;0;
7013;3016758;1180856320;16470016;1379241984;0;0;0;0;0;0;0;0;0;0;0;2745;0;0;125;0;42;0;
7014;1798964;1180856320;16470016;1379241984;0;0;0;0;0;0;0;0;0;0;0;2705;0;0;125;0;42;0;
7015;5359521;1180856320;16470016;1379241984;0;0;0;0;0;0;0;0;0;0;0;2715;0;0;125;0;42;0;
7016;3934970;1180856320;16470016;1379241984;0;0;0;0;0;0;0;0;0;0;0;2725;0;0;125;0;42;0;
7017;2694193;1180856320;16470016;1379241984;0;0;0;0;0;0;0;0;0;0;0;2665;0;0;125;0;42;0;
7018;2126338;1180856320;16470016;1379241984;0;0;0;0;0;0;0;0;0;0;0;2786;0;0;125;0;42;0;
7019;3127255;1180856320;16470016;1379241984;0;0;0;0;0;0;0;0;0;0;0;3036;0;0;125;0;42;0;
7020;2136547;1180856320;16470016;1379241984;0;0;0;0;0;0;0;0;0;0;0;2755;0;0;125;0;42;0;
7021;4995619;1180856320;16470016;1379241984;0;0;0;0;0;0;0;0;0;0;0;2826;0;0;125;0;42;0;
7022;3297544;1180856320;16470016;1379241984;0;0;0;0;0;0;0;0;0;0;0;2735;0;0;125;0;42;0;
7023;2845516;1180856320;16470016;1379241984;0;0;0;0;0;0;0;0;0;0;0;1803;0;0;125;0;42;0;
7024;1802089;1180856320;16470016;1379241984;0;0;0;0;0;0;0;0;0;0;0;1894;0;0;125;0;42;0;
7025;2636234;1180856320;16470016;1379241984;0;0;0;0;0;0;0;0;0;0;0;1784;0;0;125;0;42;0;
7026;1368045;1180856320;16470016;1379241984;0;0;0;0;0;0;0;0;0;0;0;2154;0;0;125;0;42;0;
7027;5067403;1180856320;16470016;1379241984;0;0;0;0;0;0;0;0;0;0;0;1983;0;0;125;0;42;0;
7028;2417083;1180856320;16470016;1379241984;0;0;0;0;0;0;0;0;0;0;0;1953;0;0;125;0;42;0;
7029;2588905;1180856320;16470016;1379241984;0;0;0;0;0;0;0;0;0;0;0;2024;0;0;125;0;42;0;
7030;2033324;1180856320;16470016;1379241984;0;0;0;0;0;0;0;0;0;0;0;1833;0;0;125;0;42;0;
7031;2177313;1180856320;16470016;1379241984;0;0;0;0;0;0;0;0;0;0;0;1933;0;0;125;0;42;0;
7032;1741365;1180856320;16470016;1379241984;0;0;0;0;0;0;0;0;0;0;0;1883;0;0;125;0;42;0;
7033;4685918;1180856320;16470016;1379241984;0;0;0;0;0;0;0;0;0;0;0;1893;0;0;125;0;42;0;
7034;3108980;1180856320;16470016;1379241984;0;0;0;0;0;0;0;0;0;0;0;2895;0;0;125;0;42;0;
7035;3321118;1180856320;16470016;1379241984;0;0;0;0;0;0;0;0;0;0;0;2905;0;0;125;0;42;0;
7036;2033484;1180856320;16470016;1379241984;0;0;0;0;0;0;0;0;0;0;0;2905;0;0;125;0;42;0;
7037;2457929;1180856320;16470016;1379241984;0;0;0;0;0;0;0;0;0;0;0;3116;0;0;125;0;42;0;
7038;2183615;1180856320;16470016;1379241984;0;0;0;0;0;0;0;0;0;0;0;2876;0;0;125;0;42;0;
7039;5201565;1180856320;16470016;1379241984;0;0;0;0;0;0;0;0;0;0;0;3075;0;0;125;0;42;0;
7040;3885807;1180856320;16470016;1379241984;0;0;0;0;0;0;0;0;0;0;0;2865;0;0;125;0;42;0;
7041;2425118;1180856320;16470016;1379241984;0;0;0;0;0;0;0;0;0;0;0;2585;0;0;125;0;42;0;
7042;2332124;1180856320;16470016;1379241984;0;0;0;0;0;0;0;0;0;0;0;2675;0;0;125;0;42;0;
7043;3169884;1180856320;16470016;1379241984;0;0;0;0;0;0;0;0;0;0;0;2905;0;0;125;0;42;0;
7044;1622002;1180856320;16470016;1379241984;0;0;0;0;0;0;0;0;0;0;0;1874;0;0;125;0;42;0;
7045;4849625;1180856320;16470016;1379241984;0;0;0;0;0;0;0;0;0;0;0;1894;0;0;125;0;42;0;
7046;3648752;1180856320;16470016;1379241984;0;0;0;0;0;0;0;0;0;0;0;2956;0;0;125;0;42;0;
7047;3223255;1180856320;16470016;1379241984;0;0;0;0;0;0;0;0;0;0;0;2094;0;0;125;0;42;0;
7048;2738776;1180856320;16470016;1379241984;0;0;0;0;0;0;0;0;0;0;0;2896;0;0;125;0;42;0;
7049;2258235;1180856320;16470016;1379241984;0;0;0;0;0;0;0;0;0;0;0;2685;0;0;125;0;42;0;
7050;1322039;1180856320;16470016;1379241984;0;0;0;0;0;0;0;0;0;0;0;2134;0;0;125;0;42;0;
7051;5253081;1180856320;16470016;1379241984;0;0;0;0;0;0;0;0;0;0;0;3226;0;0;125;0;42;0;
7052;5108600;1180856320;16470016;1379241984;0;0;0;0;0;0;0;0;0;0;0;2134;0;0;125;0;42;0;
7053;3393665;1180856320;16470016;1379241984;0;0;0;0;0;0;0;0;0;0;0;1853;0;0;125;0;42;0;
7054;1590964;1180856320;16470016;1379241984;0;0;0;0;0;0;0;0;0;0;0;1934;0;0;125;0;42;0;
7055;2767460;1180856320;16470016;1379241984;0;0;0;0;0;0;0;0;0;0;0;70933;0;0;125;0;42;0;
7056;1992667;1180856320;16470016;1379241984;0;0;0;0;0;0;0;0;0;0;0;2895;0;0;125;0;42;0;
7057;5182709;1180856320;16470016;1379241984;0;0;0;0;0;0;0;0;0;0;0;3427;0;0;125;0;42;0;
7058;4371909;1180856320;16470016;1379241984;0;0;0;0;0;0;0;0;0;0;0;2796;0;0;125;0;42;0;
7059;2422043;1180856320;16470016;1379241984;0;0;0;0;0;0;0;0;0;0;0;2705;0;0;125;0;42;0;
7060;1792381;1180856320;16470016;1379241984;0;0;0;0;0;0;0;0;0;0;0;2835;0;0;125;0;42;0;
7061;2588615;1180856320;16470016;1379241984;0;0;0;0;0;0;0;0;0;0;0;2755;0;0;125;0;42;0;
7062;2365666;1180856320;16470016;1379241984;0;0;0;0;0;0;0;0;0;0;0;3086;0;0;125;0;42;0;
7063;5250386;1180856320;16470016;1379241984;0;0;0;0;0;0;0;0;0;0;0;2756;0;0;125;0;42;0;
7064;2998483;1180856320;16470016;1379241984;0;0;0;0;0;0;0;0;0;0;0;2514;0;0;125;0;42;0;
7065;2344337;1180856320;16470016;1379241984;0;0;0;0;0;0;0;0;0;0;0;1924;0;0;125;0;42;0;
7066;2101150;1180856320;16470016;1379241984;0;0;0;0;0;0;0;0;0;0;0;1864;0;0;125;0;42;0;
7067;2372700;1180856320;16470016;1379241984;0;0;0;0;0;0;0;0;0;0;0;1863;0;0;125;0;42;0;
7068;2441389;1180856320;16470016;1379241984;0;0;0;0;0;0;0;0;0;0;0;2736;0;0;125;0;42;0;
7069;6069613;1180856320;16470016;1379241984;0;0;0;0;0;0;0;0;0;0;0;2796;0;0;125;0;42;0;
7070;3877893;1180856320;16470016;1379241984;0;0;0;0;0;0;0;0;0;0;0;2555;0;0;125;0;42;0;
7071;1899001;1180856320;16470016;1379241984;0;0;0;0;0;0;0;0;0;0;0;2304;0;0;125;0;42;0;
7072;1944828;1180856320;16470016;1379241984;0;0;0;0;0;0;0;0;0;0;0;2535;0;0;125;0;42;0;
7073;2402436;1180856320;16470016;1379241984;0;0;0;0;0;0;0;0;0;0;0;2245;0;0;125;0;42;0;
7074;2414448;1180856320;16470016;1379241984;0;0;0;0;0;0;0;0;0;0;0;2565;0;0;125;0;42;0;
7075;5152463;1180856320;16470016;1379241984;0;0;0;0;0;0;0;0;0;0;0;2425;0;0;125;0;42;0;
7076;2938020;1180856320;16470016;1379241984;0;0;0;0;0;0;0;0;0;0;0;2675;0;0;125;0;42;0;
7077;2967375;1180856320;16470016;1379241984;0;0;0;0;0;0;0;0;0;0;0;2705;0;0;125;0;42;0;
7078;2126748;1180856320;16470016;1379241984;0;0;0;0;0;0;0;0;0;0;0;2385;0;0;125;0;42;0;
7079;2510759;1180856320;16470016;1379241984;0;0;0;0;0;0;0;0;0;0;0;2755;0;0;125;0;42;0;
7080;2476163;1180856320;16470016;1379241984;0;0;0;0;0;0;0;0;0;0;0;2986;0;0;125;0;42;0;
7081;5342669;1180856320;16470016;1379241984;0;0;0;0;0;0;0;0;0;0;0;2886;0;0;125;0;42;0;
7082;2742704;1180856320;16470016;1379241984;0;0;0;0;0;0;0;0;0;0;0;1964;0;0;125;0;42;0;
7083;1820594;1180856320;16470016;1379241984;0;0;0;0;0;0;0;0;0;0;0;2004;0;0;125;0;42;0;
7084;1387272;1180856320;16470016;1379241984;0;0;0;0;0;0;0;0;0;0;0;1984;0;0;125;0;42;0;
7085;1835031;1180856320;16470016;1379241984;0;0;0;0;0;0;0;0;0;0;0;1853;0;0;125;0;42;0;
7086;2077315;1180856320;16470016;1379241984;0;0;0;0;0;0;0;0;0;0;0;1943;0;0;125;0;42;0;
7087;4486675;1180856320;16470016;1379241984;0;0;0;0;0;0;0;0;0;0;0;1924;0;0;125;0;42;0;
7088;3217164;1180856320;16470016;1379241984;0;0;0;0;0;0;0;0;0;0;0;2264;0;0;125;0;42;0;
7089;2255890;1180856320;16470016;1379241984;0;0;0;0;0;0;0;0;0;0;0;1933;0;0;125;0;42;0;
7090;1971778;1180856320;16470016;1379241984;0;0;0;0;0;0;0;0;0;0;0;2945;0;0;125;0;42;0;
7091;2873459;1180856320;16470016;1379241984;0;0;0;0;0;0;0;0;0;0;0;2765;0;0;125;0;42;0;
7092;3164635;1180856320;16470016;1379241984;0;0;0;0;0;0;0;0;0;0;0;2875;0;0;125;0;42;0;
7093;5766364;1180856320;16470016;1379241984;0;0;0;0;0;0;0;0;0;0;0;2855;0;0;125;0;42;0;
7094;3042766;1180856320;16470016;1379241984;0;0;0;0;0;0;0;0;0;0;0;1894;0;0;125;0;42;0;
7095;1915703;1180856320;16470016;1379241984;0;0;0;0;0;0;0;0;0;0;0;2124;0;0;125;0;42;0;
7096;1970616;1180856320;16470016;1379241984;0;0;0;0;0;0;0;0;0;0;0;1964;0;0;125;0;42;0;
7097;2256411;1180856320;16470016;1379241984;0;0;0;0;0;0;0;0;0;0;0;1814;0;0;125;0;42;0;
7098;1819002;1180856320;16470016;1379241984;0;0;0;0;0;0;0;0;0;0;0;2234;0;0;125;0;42;0;
7099;4769705;1180856320;16470016;1379241984;0;0;0;0;0;0;0;0;0;0;0;2164;0;0;125;0;42;0;
7100;2900649;1180856320;16470016;1379241984;0;0;0;0;0;0;0;0;0;0;0;2334;0;0;125;0;42;0;
7101;2473649;1180856320;16470016;1379241984;0;0;0;0;0;0;0;0;0;0;0;2215;0;0;125;0;42;0;
7102;1546340;1180856320;16470016;1379241984;0;0;0;0;0;0;0;0;0;0;0;2265;0;0;125;0;42;0;
7103;2111720;1180856320;16470016;1379241984;0;0;0;0;0;0;0;0;0;0;0;2535;0;0;125;0;42;0;
7104;1755352;1180856320;16470016;1379241984;0;0;0;0;0;0;0;0;0;0;0;1804;0;0;125;0;42;0;
7105;4606249;1180856320;16470016;1379241984;0;0;0;0;0;0;0;0;0;0;0;2014;0;0;125;0;42;0;
7106;1980975;1180856320;16470016;1379241984;0;0;0;0;0;0;0;0;0;0;0;2084;0;0;125;0;42;0;
7107;1871509;1180856320;16470016;1379241984;0;0;0;0;0;0;0;0;0;0;0;1874;0;0;125;0;42;0;
7108;1460489;1180856320;16470016;1379241984;0;0;0;0;0;0;0;0;0;0;0;1903;0;0;125;0;42;0;
7109;1675712;1180856320;16470016;1379241984;0;0;0;0;0;0;0;0;0;0;0;2074;0;0;125;0;42;0;
7110;1115562;1180856320;16470016;1379241984;0;0;0;0;0;0;0;0;0;0;0;1883;0;0;125;0;42;0;
7111;4570081;1180856320;16470016;1379241984;0;0;0;0;0;0;0;0;0;0;0;2094;0;0;125;0;42;0;
7112;2799099;1180856320;16470016;1379241984;0;0;0;0;0;0;0;0;0;0;0;1904;0;0;125;0;42;0;
7113;1840562;1180856320;16470016;1379241984;0;0;0;0;0;0;0;0;0;0;0;1793;0;0;125;0;42;0;
7114;1552321;1180856320;16470016;1379241984;0;0;0;0;0;0;0;0;0;0;0;2284;0;0;125;0;42;0;
7115;1724955;1180856320;16470016;1379241984;0;0;0;0;0;0;0;0;0;0;0;2004;0;0;125;0;42;0;
7116;2001603;1180856320;16470016;1379241984;0;0;0;0;0;0;0;0;0;0;0;1994;0;0;125;0;42;0;
7117;4915749;1180856320;16470016;1379241984;0;0;0;0;0;0;0;0;0;0;0;2205;0;0;125;0;42;0;
7118;4005221;1180856320;16470016;1379241984;0;0;0;0;0;0;0;0;0;0;0;2374;0;0;125;0;42;0;
7119;2552898;1180856320;16470016;1379241984;0;0;0;0;0;0;0;0;0;0;0;2284;0;0;125;0;42;0;
7120;1647540;1180856320;16470016;1379241984;0;0;0;0;0;0;0;0;0;0;0;2324;0;0;125;0;42;0;
7121;1864687;1180856320;16470016;1379241984;0;0;0;0;0;0;0;0;0;0;0;2194;0;0;125;0;42;0;
7122;1915251;1180856320;16470016;1379241984;0;0;0;0;0;0;0;0;0;0;0;2835;0;0;125;0;42;0;
7123;5547815;1180856320;16470016;1379241984;0;0;0;0;0;0;0;0;0;0;0;2334;0;0;125;0;42;0;
7124;3847876;1180856320;16470016;1379241984;0;0;0;0;0;0;0;0;0;0;0;2806;0;0;125;0;42;0;
7125;2171894;1180856320;16470016;1379241984;0;0;0;0;0;0;0;0;0;0;0;2675;0;0;125;0;42;0;
7126;2055555;1180856320;16470016;1379241984;0;0;0;0;0;0;0;0;0;0;0;2755;0;0;125;0;42;0;
7127;2160893;1180856320;16470016;1379241984;0;0;0;0;0;0;0;0;0;0;0;2816;0;0;125;0;42;0;
7128;1560577;1180856320;16470016;1379241984;0;0;0;0;0;0;0;0;0;0;0;2275;0;0;125;0;42;0;
7129;4472818;1180856320;16470016;1379241984;0;0;0;0;0;0;0;0;0;0;0;2335;0;0;125;0;42;0;
7130;3497529;1180856320;16470016;1379241984;0;0;0;0;0;0;0;0;0;0;0;2424;0;0;125;0;42;0;
7131;2300755;1180856320;16470016;1379241984;0;0;0;0;0;0;0;0;0;0;0;2424;0;0;125;0;42;0;
7132;1740895;1180856320;16470016;1379241984;0;0;0;0;0;0;0;0;0;0;0;1833;0;0;125;0;42;0;
7133;1807750;1180856320;16470016;1379241984;0;0;0;0;0;0;0;0;0;0;0;1884;0;0;125;0;42;0;
7134;1478844;1180856320;16470016;1379241984;0;0;0;0;0;0;0;0;0;0;0;1994;0;0;125;0;42;0;
7135;4242466;1180856320;16470016;1379241984;0;0;0;0;0;0;0;0;0;0;0;1894;0;0;125;0;42;0;
7136;2331202;1180856320;16470016;1379241984;0;0;0;0;0;0;0;0;0;0;0;1944;0;0;125;0;42;0;
7137;2096081;1180856320;16470016;1379241984;0;0;0;0;0;0;0;0;0;0;0;1883;0;0;125;0;42;0;
7138;1423650;1180856320;16470016;1379241984;0;0;0;0;0;0;0;0;0;0;0;2064;0;0;125;0;42;0;
7139;7540922;1180856320;16470016;1379241984;0;0;0;0;0;0;0;0;0;0;0;1874;0;0;125;0;42;0;
7140;1423269;1180856320;16470016;1379241984;0;0;0;0;0;0;0;0;0;0;0;2404;0;0;125;0;42;0;
7141;4532911;1180856320;16470016;1379241984;0;0;0;0;0;0;0;0;0;0;0;1983;0;0;125;0;42;0;
7142;4292831;1180856320;16470016;1379241984;0;0;0;0;0;0;0;0;0;0;0;2905;0;0;125;0;42;0;
7143;3010376;1180856320;16470016;1379241984;0;0;0;0;0;0;0;0;0;0;0;3055;0;0;125;0;42;0;
7144;1653651;1180856320;16470016;1379241984;0;0;0;0;0;0;0;0;0;0;0;2976;0;0;125;0;42;0;
7145;2795503;1180856320;16470016;1379241984;0;0;0;0;0;0;0;0;0;0;0;2875;0;0;125;0;42;0;
7146;1637631;1180856320;16470016;1379241984;0;0;0;0;0;0;0;0;0;0;0;2996;0;0;125;0;42;0;
7147;5037837;1180856320;16470016;1379241984;0;0;0;0;0;0;0;0;0;0;0;2945;0;0;125;0;42;0;
7148;3974914;1180856320;16470016;1379241984;0;0;0;0;0;0;0;0;0;0;0;3156;0;0;125;0;42;0;
7149;2554751;1180856320;16470016;1379241984;0;0;0;0;0;0;0;0;0;0;0;3026;0;0;125;0;42;0;
7150;1904041;1180856320;16470016;1379241984;0;0;0;0;0;0;0;0;0;0;0;2996;0;0;125;0;42;0;
7151;3552112;1180856320;16470016;1379241984;0;0;0;0;0;0;0;0;0;0;0;2996;0;0;125;0;42;0;
7152;2583024;1180856320;16470016;1379241984;0;0;0;0;0;0;0;0;0;0;0;4157;0;0;125;0;42;0;
7153;4969610;1180856320;16470016;1379241984;0;0;0;0;0;0;0;0;0;0;0;1844;0;0;125;0;42;0;
7154;3208477;1180856320;16470016;1379241984;0;0;0;0;0;0;0;0;0;0;0;1984;0;0;125;0;42;0;
7155;2130215;1180856320;16470016;1379241984;0;0;0;0;0;0;0;0;0;0;0;2044;0;0;125;0;42;0;
7156;2001654;1180856320;16470016;1379241984;0;0;0;0;0;0;0;0;0;0;0;2014;0;0;125;0;42;0;
7157;2212309;1180856320;16470016;1379241984;0;0;0;0;0;0;0;0;0;0;0;2224;0;0;125;0;42;0;
7158;2093496;1180856320;16470016;1379241984;0;0;0;0;0;0;0;0;0;0;0;2635;0;0;125;0;42;0;
7159;4796946;1180856320;16470016;1379241984;0;0;0;0;0;0;0;0;0;0;0;2544;0;0;125;0;42;0;
7160;3280883;1180856320;16470016;1379241984;0;0;0;0;0;0;0;0;0;0;0;2224;0;0;125;0;42;0;
7161;2092294;1180856320;16470016;1379241984;0;0;0;0;0;0;0;0;0;0;0;1974;0;0;125;0;42;0;
7162;2591059;1180856320;16470016;1379241984;0;0;0;0;0;0;0;0;0;0;0;2715;0;0;125;0;42;0;
7163;2016742;1180856320;16470016;1379241984;0;0;0;0;0;0;0;0;0;0;0;2886;0;0;125;0;42;0;
7164;1359179;1180856320;16470016;1379241984;0;0;0;0;0;0;0;0;0;0;0;2224;0;0;125;0;42;0;
7165;4758243;1180856320;16470016;1379241984;0;0;0;0;0;0;0;0;0;0;0;1813;0;0;125;0;42;0;
7166;2353233;1180856320;16470016;1379241984;0;0;0;0;0;0;0;0;0;0;0;2144;0;0;125;0;42;0;
7167;2223740;1180856320;16470016;1379241984;0;0;0;0;0;0;0;0;0;0;0;1764;0;0;125;0;42;0;
7168;1726258;1180856320;16470016;1379241984;0;0;0;0;0;0;0;0;0;0;0;2074;0;0;125;0;42;0;
7169;2236074;1180856320;16470016;1379241984;0;0;0;0;0;0;0;0;0;0;0;2224;0;0;125;0;42;0;
7170;1561068;1180856320;16470016;1379241984;0;0;0;0;0;0;0;0;0;0;0;2765;0;0;125;0;42;0;
7171;4738927;1180856320;16470016;1379241984;0;0;0;0;0;0;0;0;0;0;0;2114;0;0;125;0;42;0;
7172;3455721;1180856320;16474112;1379246080;0;0;0;0;0;0;0;0;0;0;0;2695;0;0;125;0;42;0;
7173;2190187;1180856320;16474112;1379246080;0;0;0;0;0;0;0;0;0;0;0;2766;0;0;125;0;42;0;
7174;1980103;1180856320;16474112;1379246080;0;0;0;0;0;0;0;0;0;0;0;2444;0;0;125;0;42;0;
7175;2459022;1180856320;16474112;1379246080;0;0;0;0;0;0;0;0;0;0;0;2054;0;0;125;0;42;0;
7176;1579592;1180856320;16474112;1379246080;0;0;0;0;0;0;0;0;0;0;0;1883;0;0;125;0;42;0;
7177;4509337;1180856320;16474112;1379246080;0;0;0;0;0;0;0;0;0;0;0;2094;0;0;125;0;42;0;
7178;2630142;1180856320;16474112;1379246080;0;0;0;0;0;0;0;0;0;0;0;2454;0;0;125;0;42;0;
7179;2330080;1180856320;16474112;1379246080;0;0;0;0;0;0;0;0;0;0;0;2084;0;0;125;0;42;0;
7180;1569273;1180856320;16474112;1379246080;0;0;0;0;0;0;0;0;0;0;0;2155;0;0;125;0;42;0;
7181;2910108;1180856320;16474112;1379246080;0;0;0;0;0;0;0;0;0;0;0;2395;0;0;125;0;42;0;
7182;2057258;1180856320;16474112;1379246080;0;0;0;0;0;0;0;0;0;0;0;1873;0;0;125;0;42;0;
7183;4757191;1180856320;16474112;1379246080;0;0;0;0;0;0;0;0;0;0;0;1954;0;0;125;0;42;0;
7184;2413146;1180856320;16474112;1379246080;0;0;0;0;0;0;0;0;0;0;0;2294;0;0;125;0;42;0;
7185;1956219;1180856320;16470016;1379241984;0;0;0;0;0;0;0;0;0;0;0;2053;0;0;125;0;42;0;
7186;1456561;1180856320;16470016;1379241984;0;0;0;0;0;0;0;0;0;0;0;1893;0;0;125;0;42;0;
7187;1695540;1180856320;16470016;1379241984;0;0;0;0;0;0;0;0;0;0;0;1904;0;0;125;0;42;0;
7188;1115693;1180856320;16470016;1379241984;0;0;0;0;0;0;0;0;0;0;0;2044;0;0;125;0;42;0;
7189;5097440;1180856320;16470016;1379241984;0;0;0;0;0;0;0;0;0;0;0;1894;0;0;125;0;42;0;
7190;4897615;1180856320;16470016;1379241984;0;0;0;0;0;0;0;0;0;0;0;2946;0;0;125;0;42;0;
7191;2338095;1180856320;16470016;1379241984;0;0;0;0;0;0;0;0;0;0;0;2906;0;0;125;0;42;0;
7192;1767435;1180856320;16470016;1379241984;0;0;0;0;0;0;0;0;0;0;0;3146;0;0;125;0;42;0;
7193;2212770;1180856320;16470016;1379241984;0;0;0;0;0;0;0;0;0;0;0;3085;0;0;125;0;42;0;
7194;1672827;1180856320;16470016;1379241984;0;0;0;0;0;0;0;0;0;0;0;2204;0;0;125;0;42;0;
7195;5586146;1180856320;16470016;1379241984;0;0;0;0;0;0;0;0;0;0;0;2164;0;0;125;0;42;0;
7196;3720508;1180856320;16470016;1379241984;0;0;0;0;0;0;0;0;0;0;0;2955;0;0;125;0;42;0;
7197;2045946;1180856320;16470016;1379241984;0;0;0;0;0;0;0;0;0;0;0;2895;0;0;125;0;42;0;
7198;2450465;1180856320;16470016;1379241984;0;0;0;0;0;0;0;0;0;0;0;3146;0;0;125;0;42;0;
7199;2397547;1180856320;16470016;1379241984;0;0;0;0;0;0;0;0;0;0;0;2735;0;0;125;0;42;0;
7200;1931262;1180856320;16470016;1379241984;0;0;0;0;0;0;0;0;0;0;0;3136;0;0;125;0;42;0;
7201;5437467;1180856320;16470016;1379241984;0;0;0;0;0;0;0;0;0;0;0;2815;0;0;125;0;42;0;
7202;3463996;1180856320;16470016;1379241984;0;0;0;0;0;0;0;0;0;0;0;3116;0;0;125;0;42;0;
7203;2809579;1180856320;16470016;1379241984;0;0;0;0;0;0;0;0;0;0;0;2825;0;0;125;0;42;0;
7204;1928306;1180856320;16470016;1379241984;0;0;0;0;0;0;0;0;0;0;0;2595;0;0;125;0;42;0;
7205;3399986;1180856320;16470016;1379241984;0;0;0;0;0;0;0;0;0;0;0;3506;0;0;125;0;42;0;
7206;3061972;1180856320;16470016;1379241984;0;0;0;0;0;0;0;0;0;0;0;3587;0;0;125;0;42;0;
7207;5378096;1180856320;16470016;1379241984;0;0;0;0;0;0;0;0;0;0;0;3367;0;0;125;0;42;0;
7208;4851919;1180856320;16470016;1379241984;0;0;0;0;0;0;0;0;0;0;0;4719;0;0;125;0;42;0;
7209;2706886;1180856320;16470016;1379241984;0;0;0;0;0;0;0;0;0;0;0;3216;0;0;125;0;42;0;
7210;2309812;1180856320;16470016;1379241984;0;0;0;0;0;0;0;0;0;0;0;3256;0;0;125;0;42;0;
7211;3238924;1180856320;16470016;1379241984;0;0;0;0;0;0;0;0;0;0;0;2876;0;0;125;0;42;0;
7212;2024467;1180856320;16470016;1379241984;0;0;0;0;0;0;0;0;0;0;0;2625;0;0;125;0;42;0;
7213;4873089;1180856320;16470016;1379241984;0;0;0;0;0;0;0;0;0;0;0;2795;0;0;125;0;42;0;
7214;4517012;1180856320;16470016;1379241984;0;0;0;0;0;0;0;0;0;0;0;3957;0;0;125;0;42;0;
7215;2229952;1180856320;16470016;1379241984;0;0;0;0;0;0;0;0;0;0;0;2235;0;0;125;0;42;0;
7216;1961058;1180856320;16470016;1379241984;0;0;0;0;0;0;0;0;0;0;0;3146;0;0;125;0;42;0;
7217;2244800;1180856320;16470016;1379241984;0;0;0;0;0;0;0;0;0;0;0;2735;0;0;125;0;42;0;
7218;1789385;1180856320;16470016;1379241984;0;0;0;0;0;0;0;0;0;0;0;2174;0;0;125;0;42;0;
7219;4681529;1180856320;16470016;1379241984;0;0;0;0;0;0;0;0;0;0;0;2845;0;0;125;0;42;0;
7220;4763934;1180856320;16470016;1379241984;0;0;0;0;0;0;0;0;0;0;0;5150;0;0;125;0;42;0;
7221;3252079;1180856320;16470016;1379241984;0;0;0;0;0;0;0;0;0;0;0;2926;0;0;125;0;42;0;
7222;1879896;1180856320;16470016;1379241984;0;0;0;0;0;0;0;0;0;0;0;2244;0;0;125;0;42;0;
7223;3757987;1180856320;16470016;1379241984;0;0;0;0;0;0;0;0;0;0;0;2224;0;0;125;0;42;0;
7224;2392377;1180856320;16470016;1379241984;0;0;0;0;0;0;0;0;0;0;0;2785;0;0;125;0;42;0;
7225;4764175;1180856320;16470016;1379241984;0;0;0;0;0;0;0;0;0;0;0;2103;0;0;125;0;42;0;
7226;5012790;1180856320;16470016;1379241984;0;0;0;0;0;0;0;0;0;0;0;4348;0;0;125;0;42;0;
7227;2643568;1180856320;16470016;1379241984;0;0;0;0;0;0;0;0;0;0;0;2785;0;0;125;0;42;0;
7228;1587347;1180856320;16470016;1379241984;0;0;0;0;0;0;0;0;0;0;0;2915;0;0;125;0;42;0;
7229;1789436;1180856320;16470016;1379241984;0;0;0;0;0;0;0;0;0;0;0;2425;0;0;125;0;42;0;
7230;1632081;1180856320;16470016;1379241984;0;0;0;0;0;0;0;0;0;0;0;2395;0;0;125;0;42;0;
7231;5261858;1180856320;16470016;1379241984;0;0;0;0;0;0;0;0;0;0;0;2765;0;0;125;0;42;0;
7232;5234607;1180856320;16470016;1379241984;0;0;0;0;0;0;0;0;0;0;0;5190;0;0;125;0;42;0;
7233;2849904;1180856320;16470016;1379241984;0;0;0;0;0;0;0;0;0;0;0;3557;0;0;125;0;42;0;
7234;2026992;1180856320;16470016;1379241984;0;0;0;0;0;0;0;0;0;0;0;3316;0;0;125;0;42;0;
7235;2821271;1180856320;16470016;1379241984;0;0;0;0;0;0;0;0;0;0;0;1934;0;0;125;0;42;0;
7236;1615460;1180856320;16470016;1379241984;0;0;0;0;0;0;0;0;0;0;0;2365;0;0;125;0;42;0;
7237;4695055;1180856320;16470016;1379241984;0;0;0;0;0;0;0;0;0;0;0;2544;0;0;125;0;42;0;
7238;6399412;1180856320;16470016;1379241984;0;0;0;0;0;0;0;0;0;0;0;5229;0;0;125;0;42;0;
7239;2913674;1180856320;16470016;1379241984;0;0;0;0;0;0;0;0;0;0;0;2534;0;0;125;0;42;0;
7240;2057238;1180856320;16470016;1379241984;0;0;0;0;0;0;0;0;0;0;0;2575;0;0;125;0;42;0;
7241;2447770;1180856320;16470016;1379241984;0;0;0;0;0;0;0;0;0;0;0;2344;0;0;125;0;42;0;
7242;2389802;1180856320;16470016;1379241984;0;0;0;0;0;0;0;0;0;0;0;2625;0;0;125;0;42;0;
7243;4612180;1180856320;16470016;1379241984;0;0;0;0;0;0;0;0;0;0;0;2244;0;0;125;0;42;0;
7244;4258366;1180856320;16470016;1379241984;0;0;0;0;0;0;0;0;0;0;0;4739;0;0;125;0;42;0;
7245;2608202;1180856320;16470016;1379241984;0;0;0;0;0;0;0;0;0;0;0;2776;0;0;125;0;42;0;
7246;2491933;1180856320;16470016;1379241984;0;0;0;0;0;0;0;0;0;0;0;3256;0;0;125;0;42;0;
7247;2439154;1180856320;16470016;1379241984;0;0;0;0;0;0;0;0;0;0;0;2895;0;0;125;0;42;0;
7248;2123543;1180856320;16470016;1379241984;0;0;0;0;0;0;0;0;0;0;0;2635;0;0;125;0;42;0;
7249;4542058;1180856320;16470016;1379241984;0;0;0;0;0;0;0;0;0;0;0;2776;0;0;125;0;42;0;
7250;3310699;1180856320;16470016;1379241984;0;0;0;0;0;0;0;0;0;0;0;3146;0;0;125;0;42;0;
7251;2535004;1180856320;16470016;1379241984;0;0;0;0;0;0;0;0;0;0;0;2074;0;0;125;0;42;0;
7252;1663420;1180856320;16470016;1379241984;0;0;0;0;0;0;0;0;0;0;0;2074;0;0;125;0;42;0;
7253;2840237;1180856320;16470016;1379241984;0;0;0;0;0;0;0;0;0;0;0;2375;0;0;125;0;42;0;
7254;1516585;1180856320;16470016;1379241984;0;0;0;0;0;0;0;0;0;0;0;1953;0;0;125;0;42;0;
7255;4549722;1180856320;16470016;1379241984;0;0;0;0;0;0;0;0;0;0;0;2234;0;0;125;0;42;0;
7256;3695891;1180856320;16470016;1379241984;0;0;0;0;0;0;0;0;0;0;0;3937;0;0;125;0;42;0;
7257;1945488;1180856320;16470016;1379241984;0;0;0;0;0;0;0;0;0;0;0;2284;0;0;125;0;42;0;
7258;1504502;1180856320;16470016;1379241984;0;0;0;0;0;0;0;0;0;0;0;2545;0;0;125;0;42;0;
7259;1823941;1180856320;16470016;1379241984;0;0;0;0;0;0;0;0;0;0;0;1944;0;0;125;0;42;0;
7260;2577734;1180856320;16470016;1379241984;0;0;0;0;0;0;0;0;0;0;0;2194;0;0;125;0;42;0;
7261;5105565;1180856320;16470016;1379241984;0;0;0;0;0;0;0;0;0;0;0;1894;0;0;125;0;42;0;
7262;3545489;1180856320;16470016;1379241984;0;0;0;0;0;0;0;0;0;0;0;4448;0;0;125;0;42;0;
7263;2130756;1180856320;16470016;1379241984;0;0;0;0;0;0;0;0;0;0;0;2835;0;0;125;0;42;0;
7264;1851011;1180856320;16470016;1379241984;0;0;0;0;0;0;0;0;0;0;0;3447;0;0;125;0;42;0;
7265;2090300;1180856320;16470016;1379241984;0;0;0;0;0;0;0;0;0;0;0;2305;0;0;125;0;42;0;
7266;1371101;1180856320;16470016;1379241984;0;0;0;0;0;0;0;0;0;0;0;2535;0;0;125;0;42;0;
7267;4761539;1180856320;16470016;1379241984;0;0;0;0;0;0;0;0;0;0;0;2645;0;0;125;0;42;0;
7268;4396536;1180856320;16470016;1379241984;0;0;0;0;0;0;0;0;0;0;0;5731;0;0;125;0;42;0;
7269;2927760;1180856320;16470016;1379241984;0;0;0;0;0;0;0;0;0;0;0;3306;0;0;125;0;42;0;
7270;2016151;1180856320;16470016;1379241984;0;0;0;0;0;0;0;0;0;0;0;2615;0;0;125;0;42;0;
7271;2018796;1180856320;16470016;1379241984;0;0;0;0;0;0;0;0;0;0;0;2123;0;0;125;0;42;0;
7272;1158032;1180856320;16470016;1379241984;0;0;0;0;0;0;0;0;0;0;0;1773;0;0;125;0;42;0;
7273;4268916;1180856320;16470016;1379241984;0;0;0;0;0;0;0;0;0;0;0;1703;0;0;125;0;42;0;
7274;4214244;1180856320;16470016;1379241984;0;0;0;0;0;0;0;0;0;0;0;5671;0;0;125;0;42;0;
7275;2731603;1180856320;16470016;1379241984;0;0;0;0;0;0;0;0;0;0;0;3247;0;0;125;0;42;0;
7276;1924699;1180856320;16470016;1379241984;0;0;0;0;0;0;0;0;0;0;0;3647;0;0;125;0;42;0;
7277;2391074;1180856320;16470016;1379241984;0;0;0;0;0;0;0;0;0;0;0;3336;0;0;125;0;42;0;
7278;1580664;1180856320;16470016;1379241984;0;0;0;0;0;0;0;0;0;0;0;3156;0;0;125;0;42;0;
7279;4737625;1180856320;16470016;1379241984;0;0;0;0;0;0;0;0;0;0;0;3386;0;0;125;0;42;0;
7280;4730201;1180856320;16470016;1379241984;0;0;0;0;0;0;0;0;0;0;0;5841;0;0;125;0;42;0;
7281;2774574;1180856320;16470016;1379241984;0;0;0;0;0;0;0;0;0;0;0;3767;0;0;125;0;42;0;
7282;2016141;1180856320;16470016;1379241984;0;0;0;0;0;0;0;0;0;0;0;2805;0;0;125;0;42;0;
7283;3261727;1180856320;16470016;1379241984;0;0;0;0;0;0;0;0;0;0;0;2975;0;0;125;0;42;0;
7284;2908675;1180856320;16470016;1379241984;0;0;0;0;0;0;0;0;0;0;0;6863;0;0;125;0;42;0;
7285;4967506;1180856320;16470016;1379241984;0;0;0;0;0;0;0;0;0;0;0;2846;0;0;125;0;42;0;
7286;4116430;1180856320;16470016;1379241984;0;0;0;0;0;0;0;0;0;0;0;5049;0;0;125;0;42;0;
7287;4953470;1180856320;16470016;1379241984;0;0;0;0;0;0;0;0;0;0;0;2935;0;0;125;0;42;0;
7288;2561755;1180856320;16470016;1379241984;0;0;0;0;0;0;0;0;0;0;0;4458;0;0;125;0;42;0;
7289;3198959;1180856320;16470016;1379241984;0;0;0;0;0;0;0;0;0;0;0;1774;0;0;125;0;42;0;
7290;1642771;1180856320;16470016;1379241984;0;0;0;0;0;0;0;0;0;0;0;2184;0;0;125;0;42;0;
7291;4979950;1180856320;16470016;1379241984;0;0;0;0;0;0;0;0;0;0;0;2124;0;0;125;0;42;0;
7292;4780395;1180856320;16470016;1379241984;0;0;0;0;0;0;0;0;0;0;0;2715;0;0;125;0;42;0;
7293;2258195;1180856320;16470016;1379241984;0;0;0;0;0;0;0;0;0;0;0;2184;0;0;125;0;42;0;
7294;1584642;1180856320;16470016;1379241984;0;0;0;0;0;0;0;0;0;0;0;2154;0;0;125;0;42;0;
7295;3069366;1180856320;16470016;1379241984;0;0;0;0;0;0;0;0;0;0;0;2305;0;0;125;0;42;0;
7296;1620359;1180856320;16470016;1379241984;0;0;0;0;0;0;0;0;0;0;0;2014;0;0;125;0;42;0;
7297;5148345;1180856320;16470016;1379241984;0;0;0;0;0;0;0;0;0;0;0;2195;0;0;125;0;42;0;
7298;4040338;1180856320;16470016;1379241984;0;0;0;0;0;0;0;0;0;0;0;4158;0;0;125;0;42;0;
7299;2364024;1180856320;16470016;1379241984;0;0;0;0;0;0;0;0;0;0;0;3647;0;0;125;0;42;0;
7300;1586606;1180856320;16470016;1379241984;0;0;0;0;0;0;0;0;0;0;0;2244;0;0;125;0;42;0;
7301;2518463;1180856320;16470016;1379241984;0;0;0;0;0;0;0;0;0;0;0;2034;0;0;125;0;42;0;
7302;1755602;1180856320;16470016;1379241984;0;0;0;0;0;0;0;0;0;0;0;2204;0;0;125;0;42;0;
7303;5154136;1180856320;16470016;1379241984;0;0;0;0;0;0;0;0;0;0;0;2355;0;0;125;0;42;0;
7304;5188400;1180856320;16470016;1379241984;0;0;0;0;0;0;0;0;0;0;0;6773;0;0;125;0;42;0;
7305;2314591;1180856320;16470016;1379241984;0;0;0;0;0;0;0;0;0;0;0;1904;0;0;125;0;42;0;
7306;1494553;1180856320;16470016;1379241984;0;0;0;0;0;0;0;0;0;0;0;2144;0;0;125;0;42;0;
7307;2182093;1180856320;16470016;1379241984;0;0;0;0;0;0;0;0;0;0;0;1823;0;0;125;0;42;0;
7308;2033985;1180856320;16470016;1379241984;0;0;0;0;0;0;0;0;0;0;0;2164;0;0;125;0;42;0;
7309;4589758;1180856320;16470016;1379241984;0;0;0;0;0;0;0;0;0;0;0;2124;0;0;125;0;42;0;
7310;3595683;1180856320;16470016;1379241984;0;0;0;0;0;0;0;0;0;0;0;2534;0;0;125;0;42;0;
7311;1904111;1180856320;16470016;1379241984;0;0;0;0;0;0;0;0;0;0;0;2354;0;0;125;0;42;0;
7312;1356514;1180856320;16470016;1379241984;0;0;0;0;0;0;0;0;0;0;0;2204;0;0;125;0;42;0;
7313;1952031;1180856320;16470016;1379241984;0;0;0;0;0;0;0;0;0;0;0;1924;0;0;125;0;42;0;
7314;2040657;1180856320;16470016;1379241984;0;0;0;0;0;0;0;0;0;0;0;2104;0;0;125;0;42;0;
7315;4927731;1180856320;16470016;1379241984;0;0;0;0;0;0;0;0;0;0;0;2525;0;0;125;0;42;0;
7316;3245987;1180856320;16470016;1379241984;0;0;0;0;0;0;0;0;0;0;0;2605;0;0;125;0;42;0;
7317;2354466;1180856320;16470016;1379241984;0;0;0;0;0;0;0;0;0;0;0;1964;0;0;125;0;42;0;
7318;2104046;1180856320;16470016;1379241984;0;0;0;0;0;0;0;0;0;0;0;1963;0;0;125;0;42;0;
7319;3028350;1180856320;16470016;1379241984;0;0;0;0;0;0;0;0;0;0;0;2184;0;0;125;0;42;0;
7320;1976697;1180856320;16470016;1379241984;0;0;0;0;0;0;0;0;0;0;0;2284;0;0;125;0;42;0;
7321;4577895;1180856320;16470016;1379241984;0;0;0;0;0;0;0;0;0;0;0;1924;0;0;125;0;42;0;
7322;2979879;1180856320;16470016;1379241984;0;0;0;0;0;0;0;0;0;0;0;2114;0;0;125;0;42;0;
7323;1952862;1180856320;16470016;1379241984;0;0;0;0;0;0;0;0;0;0;0;2374;0;0;125;0;42;0;
7324;1494903;1180856320;16470016;1379241984;0;0;0;0;0;0;0;0;0;0;0;2134;0;0;125;0;42;0;
7325;1930631;1180856320;16470016;1379241984;0;0;0;0;0;0;0;0;0;0;0;2004;0;0;125;0;42;0;
7326;1955939;1180856320;16470016;1379241984;0;0;0;0;0;0;0;0;0;0;0;2004;0;0;125;0;42;0;
7327;4941206;1180856320;16470016;1379241984;0;0;0;0;0;0;0;0;0;0;0;1984;0;0;125;0;42;0;
7328;2189275;1180856320;16470016;1379241984;0;0;0;0;0;0;0;0;0;0;0;1904;0;0;125;0;42;0;
7329;2033273;1180856320;16470016;1379241984;0;0;0;0;0;0;0;0;0;0;0;2264;0;0;125;0;42;0;
7330;1529168;1180856320;16470016;1379241984;0;0;0;0;0;0;0;0;0;0;0;2274;0;0;125;0;42;0;
7331;2147227;1180856320;16470016;1379241984;0;0;0;0;0;0;0;0;0;0;0;2104;0;0;125;0;42;0;
7332;1331116;1180856320;16470016;1379241984;0;0;0;0;0;0;0;0;0;0;0;2174;0;0;125;0;42;0;
7333;4392668;1180856320;16470016;1379241984;0;0;0;0;0;0;0;0;0;0;0;2104;0;0;125;0;42;0;
7334;3759180;1180856320;16470016;1379241984;0;0;0;0;0;0;0;0;0;0;0;2144;0;0;125;0;42;0;
7335;2167124;1180856320;16470016;1379241984;0;0;0;0;0;0;0;0;0;0;0;2475;0;0;125;0;42;0;
7336;2039815;1180856320;16470016;1379241984;0;0;0;0;0;0;0;0;0;0;0;2004;0;0;125;0;42;0;
7337;2423916;1180856320;16470016;1379241984;0;0;0;0;0;0;0;0;0;0;0;1943;0;0;125;0;42;0;
7338;2271731;1180856320;16470016;1379241984;0;0;0;0;0;0;0;0;0;0;0;2134;0;0;125;0;42;0;
7339;4641304;1180856320;16470016;1379241984;0;0;0;0;0;0;0;0;0;0;0;2013;0;0;125;0;42;0;
7340;2837120;1180856320;16470016;1379241984;0;0;0;0;0;0;0;0;0;0;0;2114;0;0;125;0;42;0;
7341;1983220;1180856320;16470016;1379241984;0;0;0;0;0;0;0;0;0;0;0;1993;0;0;125;0;42;0;
7342;1412779;1180856320;16470016;1379241984;0;0;0;0;0;0;0;0;0;0;0;2284;0;0;125;0;42;0;
7343;1968422;1180856320;16470016;1379241984;0;0;0;0;0;0;0;0;0;0;0;1943;0;0;125;0;42;0;
7344;1336056;1180856320;16470016;1379241984;0;0;0;0;0;0;0;0;0;0;0;2044;0;0;125;0;42;0;
7345;4141968;1180856320;16470016;1379241984;0;0;0;0;0;0;0;0;0;0;0;2084;0;0;125;0;42;0;
7346;3047365;1180856320;16470016;1379241984;0;0;0;0;0;0;0;0;0;0;0;2405;0;0;125;0;42;0;
7347;2417995;1180856320;16470016;1379241984;0;0;0;0;0;0;0;0;0;0;0;1593;0;0;125;0;42;0;
7348;1360121;1180856320;16470016;1379241984;0;0;0;0;0;0;0;0;0;0;0;1943;0;0;125;0;42;0;
7349;2351139;1180856320;16470016;1379241984;0;0;0;0;0;0;0;0;0;0;0;2084;0;0;125;0;42;0;
7350;1300950;1180856320;16470016;1379241984;0;0;0;0;0;0;0;0;0;0;0;1914;0;0;125;0;42;0;
7351;4492886;1180856320;16470016;1379241984;0;0;0;0;0;0;0;0;0;0;0;1884;0;0;125;0;42;0;
7352;3023580;1180856320;16470016;1379241984;0;0;0;0;0;0;0;0;0;0;0;2786;0;0;125;0;42;0;
7353;2870083;1180856320;16470016;1379241984;0;0;0;0;0;0;0;0;0;0;0;2134;0;0;125;0;42;0;
7354;1608196;1180856320;16470016;1379241984;0;0;0;0;0;0;0;0;0;0;0;1924;0;0;125;0;42;0;
7355;1765591;1180856320;16470016;1379241984;0;0;0;0;0;0;0;0;0;0;0;2314;0;0;125;0;42;0;
7356;1719044;1180856320;16470016;1379241984;0;0;0;0;0;0;0;0;0;0;0;2004;0;0;125;0;42;0;
7357;4738937;1180856320;16470016;1379241984;0;0;0;0;0;0;0;0;0;0;0;2184;0;0;125;0;42;0;
7358;3855050;1180856320;16470016;1379241984;0;0;0;0;0;0;0;0;0;0;0;2325;0;0;125;0;42;0;
7359;2092003;1180856320;16470016;1379241984;0;0;0;0;0;0;0;0;0;0;0;2093;0;0;125;0;42;0;
7360;1545589;1180856320;16470016;1379241984;0;0;0;0;0;0;0;0;0;0;0;2134;0;0;125;0;42;0;
7361;2259818;1180856320;16470016;1379241984;0;0;0;0;0;0;0;0;0;0;0;2033;0;0;125;0;42;0;
7362;1146400;1180856320;16470016;1379241984;0;0;0;0;0;0;0;0;0;0;0;2175;0;0;125;0;42;0;
7363;4311065;1180856320;16470016;1379241984;0;0;0;0;0;0;0;0;0;0;0;1914;0;0;125;0;42;0;
7364;2921479;1180856320;16470016;1379241984;0;0;0;0;0;0;0;0;0;0;0;2475;0;0;125;0;42;0;
7365;2383730;1180856320;16470016;1379241984;0;0;0;0;0;0;0;0;0;0;0;2214;0;0;125;0;42;0;
7366;1375920;1180856320;16470016;1379241984;0;0;0;0;0;0;0;0;0;0;0;2325;0;0;125;0;42;0;
7367;2036109;1180856320;16470016;1379241984;0;0;0;0;0;0;0;0;0;0;0;1973;0;0;125;0;42;0;
7368;1426686;1180856320;16470016;1379241984;0;0;0;0;0;0;0;0;0;0;0;1984;0;0;125;0;42;0;
7369;4705645;1180856320;16470016;1379241984;0;0;0;0;0;0;0;0;0;0;0;2124;0;0;125;0;42;0;
7370;6150274;1180856320;16470016;1379241984;0;0;0;0;0;0;0;0;0;0;0;6332;0;0;125;0;42;0;
7371;2066225;1180856320;16470016;1379241984;0;0;0;0;0;0;0;0;0;0;0;2154;0;0;125;0;42;0;
7372;1240506;1180856320;16470016;1379241984;0;0;0;0;0;0;0;0;0;0;0;1763;0;0;125;0;42;0;
7373;1804605;1180856320;16470016;1379241984;0;0;0;0;0;0;0;0;0;0;0;1914;0;0;125;0;42;0;
7374;2118814;1180856320;16470016;1379241984;0;0;0;0;0;0;0;0;0;0;0;1593;0;0;125;0;42;0;
7375;4840748;1180856320;16470016;1379241984;0;0;0;0;0;0;0;0;0;0;0;2124;0;0;125;0;42;0;
7376;3842266;1180856320;16470016;1379241984;0;0;0;0;0;0;0;0;0;0;0;2865;0;0;125;0;42;0;
7377;2008366;1180856320;16470016;1379241984;0;0;0;0;0;0;0;0;0;0;0;1863;0;0;125;0;42;0;
7378;1523658;1180856320;16470016;1379241984;0;0;0;0;0;0;0;0;0;0;0;1944;0;0;125;0;42;0;
7379;1606843;1180856320;16470016;1379241984;0;0;0;0;0;0;0;0;0;0;0;2434;0;0;125;0;42;0;
7380;1673298;1180856320;16470016;1379241984;0;0;0;0;0;0;0;0;0;0;0;2174;0;0;125;0;42;0;
7381;4724070;1180856320;16470016;1379241984;0;0;0;0;0;0;0;0;0;0;0;1904;0;0;125;0;42;0;
7382;4028986;1180856320;16470016;1379241984;0;0;0;0;0;0;0;0;0;0;0;2084;0;0;125;0;42;0;
7383;2303310;1180856320;16470016;1379241984;0;0;0;0;0;0;0;0;0;0;0;1923;0;0;125;0;42;0;
7384;1720477;1180856320;16470016;1379241984;0;0;0;0;0;0;0;0;0;0;0;1944;0;0;125;0;42;0;
7385;1947172;1180856320;16470016;1379241984;0;0;0;0;0;0;0;0;0;0;0;2104;0;0;125;0;42;0;
7386;1399925;1180856320;16470016;1379241984;0;0;0;0;0;0;0;0;0;0;0;2245;0;0;125;0;42;0;
7387;4715323;1180856320;16470016;1379241984;0;0;0;0;0;0;0;0;0;0;0;2003;0;0;125;0;42;0;
7388;3341827;1180856320;16470016;1379241984;0;0;0;0;0;0;0;0;0;0;0;2725;0;0;125;0;42;0;
7389;2799911;1180856320;16470016;1379241984;0;0;0;0;0;0;0;0;0;0;0;2775;0;0;125;0;42;0;
7390;2162396;1180856320;16470016;1379241984;0;0;0;0;0;0;0;0;0;0;0;15649;0;0;125;0;42;0;
7391;2091944;1180856320;16470016;1379241984;0;0;0;0;0;0;0;0;0;0;0;2204;0;0;125;0;42;0;
7392;1544687;1180856320;16470016;1379241984;0;0;0;0;0;0;0;0;0;0;0;2144;0;0;125;0;42;0;
7393;5369920;1180856320;16470016;1379241984;0;0;0;0;0;0;0;0;0;0;0;1874;0;0;125;0;42;0;
7394;3780970;1180856320;16470016;1379241984;0;0;0;0;0;0;0;0;0;0;0;1893;0;0;125;0;42;0;
7395;2731663;1180856320;16470016;1379241984;0;0;0;0;0;0;0;0;0;0;0;2134;0;0;125;0;42;0;
7396;2351600;1180856320;16470016;1379241984;0;0;0;0;0;0;0;0;0;0;0;5750;0;0;125;0;42;0;
7397;2118192;1180856320;16470016;1379241984;0;0;0;0;0;0;0;0;0;0;0;2735;0;0;125;0;42;0;
7398;2042370;1180856320;16470016;1379241984;0;0;0;0;0;0;0;0;0;0;0;2725;0;0;125;0;42;0;
7399;4615566;1180856320;16470016;1379241984;0;0;0;0;0;0;0;0;0;0;0;2074;0;0;125;0;42;0;
7400;4373953;1180856320;16470016;1379241984;0;0;0;0;0;0;0;0;0;0;0;4619;0;0;125;0;42;0;
7401;3394806;1180856320;16470016;1379241984;0;0;0;0;0;0;0;0;0;0;0;2725;0;0;125;0;42;0;
7402;1975635;1180856320;16470016;1379241984;0;0;0;0;0;0;0;0;0;0;0;3105;0;0;125;0;42;0;
7403;2187512;1180856320;16470016;1379241984;0;0;0;0;0;0;0;0;0;0;0;2535;0;0;125;0;42;0;
7404;1515252;1180856320;16470016;1379241984;0;0;0;0;0;0;0;0;0;0;0;2305;0;0;125;0;42;0;
7405;5277257;1180856320;16470016;1379241984;0;0;0;0;0;0;0;0;0;0;0;2465;0;0;125;0;42;0;
7406;3980004;1180856320;16470016;1379241984;0;0;0;0;0;0;0;0;0;0;0;3105;0;0;125;0;42;0;
7407;2120356;1180856320;16470016;1379241984;0;0;0;0;0;0;0;0;0;0;0;2324;0;0;125;0;42;0;
7408;1329985;1180856320;16470016;1379241984;0;0;0;0;0;0;0;0;0;0;0;2324;0;0;125;0;42;0;
7409;2036789;1180856320;16470016;1379241984;0;0;0;0;0;0;0;0;0;0;0;2284;0;0;125;0;42;0;
7410;1139437;1180856320;16470016;1379241984;0;0;0;0;0;0;0;0;0;0;0;1944;0;0;125;0;42;0;
7411;4615856;1180856320;16470016;1379241984;0;0;0;0;0;0;0;0;0;0;0;2034;0;0;125;0;42;0;
7412;4253026;1180856320;16470016;1379241984;0;0;0;0;0;0;0;0;0;0;0;2695;0;0;125;0;42;0;
7413;2701576;1180856320;16470016;1379241984;0;0;0;0;0;0;0;0;0;0;0;2444;0;0;125;0;42;0;
7414;1676194;1180856320;16470016;1379241984;0;0;0;0;0;0;0;0;0;0;0;2294;0;0;125;0;42;0;
7415;2522391;1180856320;16470016;1379241984;0;0;0;0;0;0;0;0;0;0;0;2695;0;0;125;0;42;0;
7416;1325195;1180856320;16470016;1379241984;0;0;0;0;0;0;0;0;0;0;0;2054;0;0;125;0;42;0;
7417;4430368;1180856320;16470016;1379241984;0;0;0;0;0;0;0;0;0;0;0;2244;0;0;125;0;42;0;
7418;3699438;1180856320;16470016;1379241984;0;0;0;0;0;0;0;0;0;0;0;2355;0;0;125;0;42;0;
7419;2186160;1180856320;16470016;1379241984;0;0;0;0;0;0;0;0;0;0;0;2164;0;0;125;0;42;0;
7420;1238433;1180856320;16470016;1379241984;0;0;0;0;0;0;0;0;0;0;0;2104;0;0;125;0;42;0;
7421;2381025;1180856320;16470016;1379241984;0;0;0;0;0;0;0;0;0;0;0;2254;0;0;125;0;42;0;
7422;1928046;1180856320;16470016;1379241984;0;0;0;0;0;0;0;0;0;0;0;2134;0;0;125;0;42;0;
7423;4958820;1180856320;16470016;1379241984;0;0;0;0;0;0;0;0;0;0;0;1814;0;0;125;0;42;0;
7424;3628955;1180856320;16470016;1379241984;0;0;0;0;0;0;0;0;0;0;0;2404;0;0;125;0;42;0;
7425;2082776;1180856320;16470016;1379241984;0;0;0;0;0;0;0;0;0;0;0;1843;0;0;125;0;42;0;
7426;1799384;1180856320;16470016;1379241984;0;0;0;0;0;0;0;0;0;0;0;2164;0;0;125;0;42;0;
7427;2424697;1180856320;16470016;1379241984;0;0;0;0;0;0;0;0;0;0;0;1863;0;0;125;0;42;0;
7428;1286052;1180856320;16470016;1379241984;0;0;0;0;0;0;0;0;0;0;0;1844;0;0;125;0;42;0;
7429;5077733;1180856320;16470016;1379241984;0;0;0;0;0;0;0;0;0;0;0;2224;0;0;125;0;42;0;
7430;4006544;1180856320;16470016;1379241984;0;0;0;0;0;0;0;0;0;0;0;2314;0;0;125;0;42;0;
7431;2592242;1180856320;16470016;1379241984;0;0;0;0;0;0;0;0;0;0;0;2525;0;0;125;0;42;0;
7432;1422157;1180856320;16470016;1379241984;0;0;0;0;0;0;0;0;0;0;0;2515;0;0;125;0;42;0;
7433;2355468;1180856320;16470016;1379241984;0;0;0;0;0;0;0;0;0;0;0;2374;0;0;125;0;42;0;
7434;1487490;1180856320;16470016;1379241984;0;0;0;0;0;0;0;0;0;0;0;2555;0;0;125;0;42;0;
7435;4891914;1180856320;16470016;1379241984;0;0;0;0;0;0;0;0;0;0;0;2605;0;0;125;0;42;0;
7436;3335756;1180856320;16470016;1379241984;0;0;0;0;0;0;0;0;0;0;0;2444;0;0;125;0;42;0;
7437;2445336;1180856320;16470016;1379241984;0;0;0;0;0;0;0;0;0;0;0;2364;0;0;125;0;42;0;
7438;1556038;1180856320;16470016;1379241984;0;0;0;0;0;0;0;0;0;0;0;2455;0;0;125;0;42;0;
7439;2002195;1180856320;16470016;1379241984;0;0;0;0;0;0;0;0;0;0;0;2314;0;0;125;0;42;0;
7440;1450451;1180856320;16470016;1379241984;0;0;0;0;0;0;0;0;0;0;0;2565;0;0;125;0;42;0;
7441;4912693;1180856320;16470016;1379241984;0;0;0;0;0;0;0;0;0;0;0;2264;0;0;125;0;42;0;
7442;2938811;1180856320;16470016;1379241984;0;0;0;0;0;0;0;0;0;0;0;2104;0;0;125;0;42;0;
7443;3262569;1180856320;16470016;1379241984;0;0;0;0;0;0;0;0;0;0;0;1794;0;0;125;0;42;0;
7444;2006663;1180856320;16470016;1379241984;0;0;0;0;0;0;0;0;0;0;0;2164;0;0;125;0;42;0;
7445;1766593;1180856320;16470016;1379241984;0;0;0;0;0;0;0;0;0;0;0;2194;0;0;125;0;42;0;
7446;1179171;1180856320;16470016;1379241984;0;0;0;0;0;0;0;0;0;0;0;2094;0;0;125;0;42;0;
7447;4744358;1180856320;16470016;1379241984;0;0;0;0;0;0;0;0;0;0;0;2294;0;0;125;0;42;0;
7448;3749171;1180856320;16470016;1379241984;0;0;0;0;0;0;0;0;0;0;0;3096;0;0;125;0;42;0;
7449;2557757;1180856320;16470016;1379241984;0;0;0;0;0;0;0;0;0;0;0;2875;0;0;125;0;42;0;
7450;1747417;1180856320;16470016;1379241984;0;0;0;0;0;0;0;0;0;0;0;2605;0;0;125;0;42;0;
7451;2206749;1180856320;16470016;1379241984;0;0;0;0;0;0;0;0;0;0;0;2455;0;0;125;0;42;0;
7452;1444148;1180856320;16470016;1379241984;0;0;0;0;0;0;0;0;0;0;0;2585;0;0;125;0;42;0;
7453;4816653;1180856320;16470016;1379241984;0;0;0;0;0;0;0;0;0;0;0;2515;0;0;125;0;42;0;
7454;3234005;1180856320;16470016;1379241984;0;0;0;0;0;0;0;0;0;0;0;2515;0;0;125;0;42;0;
7455;1974453;1180856320;16470016;1379241984;0;0;0;0;0;0;0;0;0;0;0;2214;0;0;125;0;42;0;
7456;2179888;1180856320;16470016;1379241984;0;0;0;0;0;0;0;0;0;0;0;2124;0;0;125;0;42;0;
7457;1919530;1180856320;16470016;1379241984;0;0;0;0;0;0;0;0;0;0;0;1664;0;0;125;0;42;0;
7458;1363196;1180856320;16470016;1379241984;0;0;0;0;0;0;0;0;0;0;0;1954;0;0;125;0;42;0;
7459;4570862;1180856320;16470016;1379241984;0;0;0;0;0;0;0;0;0;0;0;1864;0;0;125;0;42;0;
7460;3200562;1180856320;16470016;1379241984;0;0;0;0;0;0;0;0;0;0;0;2555;0;0;125;0;42;0;
7461;2577754;1180856320;16470016;1379241984;0;0;0;0;0;0;0;0;0;0;0;160962;0;0;125;0;42;0;
7462;2742603;1180856320;16470016;1379241984;0;0;0;0;0;0;0;0;0;0;0;2565;0;0;125;0;42;0;
7463;2340209;1180856320;16470016;1379241984;0;0;0;0;0;0;0;0;0;0;0;2635;0;0;125;0;42;0;
7464;1202014;1180856320;16470016;1379241984;0;0;0;0;0;0;0;0;0;0;0;2184;0;0;125;0;42;0;
7465;4412706;1180856320;16470016;1379241984;0;0;0;0;0;0;0;0;0;0;0;2275;0;0;125;0;42;0;
7466;4281520;1180856320;16470016;1379241984;0;0;0;0;0;0;0;0;0;0;0;3256;0;0;125;0;42;0;
7467;2261291;1180856320;16470016;1379241984;0;0;0;0;0;0;0;0;0;0;0;2124;0;0;125;0;42;0;
7468;1481408;1180856320;16470016;1379241984;0;0;0;0;0;0;0;0;0;0;0;2094;0;0;125;0;42;0;
7469;1782744;1180856320;16470016;1379241984;0;0;0;0;0;0;0;0;0;0;0;2154;0;0;125;0;42;0;
7470;1426526;1180856320;16470016;1379241984;0;0;0;0;0;0;0;0;0;0;0;1953;0;0;125;0;42;0;
7471;4507723;1180856320;16470016;1379241984;0;0;0;0;0;0;0;0;0;0;0;2024;0;0;125;0;42;0;
7472;3234466;1180856320;16470016;1379241984;0;0;0;0;0;0;0;0;0;0;0;2736;0;0;125;0;42;0;
7473;2180329;1180856320;16470016;1379241984;0;0;0;0;0;0;0;0;0;0;0;2234;0;0;125;0;42;0;
7474;1497448;1180856320;16470016;1379241984;0;0;0;0;0;0;0;0;0;0;0;1894;0;0;125;0;42;0;
7475;1783465;1180856320;16470016;1379241984;0;0;0;0;0;0;0;0;0;0;0;2124;0;0;125;0;42;0;
7476;1388324;1180856320;16470016;1379241984;0;0;0;0;0;0;0;0;0;0;0;1963;0;0;125;0;42;0;
7477;4664107;1180856320;16470016;1379241984;0;0;0;0;0;0;0;0;0;0;0;2254;0;0;125;0;42;0;
7478;3412890;1180856320;16470016;1379241984;0;0;0;0;0;0;0;0;0;0;0;2505;0;0;125;0;42;0;
7479;2093967;1180856320;16470016;1379241984;0;0;0;0;0;0;0;0;0;0;0;2555;0;0;125;0;42;0;
7480;1470668;1180856320;16470016;1379241984;0;0;0;0;0;0;0;0;0;0;0;2064;0;0;125;0;42;0;
7481;3362015;1180856320;16470016;1379241984;0;0;0;0;0;0;0;0;0;0;0;2365;0;0;125;0;42;0;
7482;2844945;1180856320;16470016;1379241984;0;0;0;0;0;0;0;0;0;0;0;5430;0;0;125;0;42;0;
7483;4931538;1180856320;16470016;1379241984;0;0;0;0;0;0;0;0;0;0;0;2124;0;0;125;0;42;0;
7484;3367365;1180856320;16470016;1379241984;0;0;0;0;0;0;0;0;0;0;0;2315;0;0;125;0;42;0;
7485;2505659;1180856320;16470016;1379241984;0;0;0;0;0;0;0;0;0;0;0;2304;0;0;125;0;42;0;
7486;2756199;1180856320;16470016;1379241984;0;0;0;0;0;0;0;0;0;0;0;2434;0;0;125;0;42;0;
7487;8679848;1180856320;16470016;1379241984;0;0;0;0;0;0;0;0;0;0;0;2064;0;0;125;0;42;0;
7488;1933746;1180856320;16470016;1379241984;0;0;0;0;0;0;0;0;0;0;0;2144;0;0;125;0;42;0;
7489;4614414;1180856320;16470016;1379241984;0;0;0;0;0;0;0;0;0;0;0;1964;0;0;125;0;42;0;
7490;3594090;1180856320;16470016;1379241984;0;0;0;0;0;0;0;0;0;0;0;3306;0;0;125;0;42;0;
7491;2461597;1180856320;16470016;1379241984;0;0;0;0;0;0;0;0;0;0;0;2274;0;0;125;0;42;0;
7492;1874776;1180856320;16470016;1379241984;0;0;0;0;0;0;0;0;0;0;0;2935;0;0;125;0;42;0;
7493;2241163;1180856320;16470016;1379241984;0;0;0;0;0;0;0;0;0;0;0;2956;0;0;125;0;42;0;
7494;1976967;1180856320;16470016;1379241984;0;0;0;0;0;0;0;0;0;0;0;2845;0;0;125;0;42;0;
7495;5370221;1180856320;16470016;1379241984;0;0;0;0;0;0;0;0;0;0;0;2695;0;0;125;0;42;0;
7496;3510854;1180856320;16470016;1379241984;0;0;0;0;0;0;0;0;0;0;0;2355;0;0;125;0;42;0;
7497;2312427;1180856320;16470016;1379241984;0;0;0;0;0;0;0;0;0;0;0;2425;0;0;125;0;42;0;
7498;1734674;1180856320;16470016;1379241984;0;0;0;0;0;0;0;0;0;0;0;2024;0;0;125;0;42;0;
7499;2307007;1180856320;16470016;1379241984;0;0;0;0;0;0;0;0;0;0;0;2084;0;0;125;0;42;0;
7500;2012634;1180856320;16470016;1379241984;0;0;0;0;0;0;0;0;0;0;0;100369;0;0;125;0;42;0;
7501;4516861;1180856320;16470016;1379241984;0;0;0;0;0;0;0;0;0;0;0;2385;0;0;125;0;42;0;
7502;2934212;1180856320;16470016;1379241984;0;0;0;0;0;0;0;0;0;0;0;2264;0;0;125;0;42;0;
7503;2893246;1180856320;16470016;1379241984;0;0;0;0;0;0;0;0;0;0;0;2906;0;0;125;0;42;0;
7504;1789686;1180856320;16470016;1379241984;0;0;0;0;0;0;0;0;0;0;0;3186;0;0;125;0;42;0;
7505;2457378;1180856320;16470016;1379241984;0;0;0;0;0;0;0;0;0;0;0;2836;0;0;125;0;42;0;
7506;1905844;1180856320;16470016;1379241984;0;0;0;0;0;0;0;0;0;0;0;2044;0;0;125;0;42;0;
7507;4674696;1180856320;16470016;1379241984;0;0;0;0;0;0;0;0;0;0;0;2294;0;0;125;0;42;0;
7508;4953330;1180856320;16470016;1379241984;0;0;0;0;0;0;0;0;0;0;0;3587;0;0;125;0;42;0;
7509;2051668;1180856320;16470016;1379241984;0;0;0;0;0;0;0;0;0;0;0;2815;0;0;125;0;42;0;
7510;1677215;1180856320;16470016;1379241984;0;0;0;0;0;0;0;0;0;0;0;2244;0;0;125;0;42;0;
7511;2972134;1180856320;16470016;1379241984;0;0;0;0;0;0;0;0;0;0;0;1964;0;0;125;0;42;0;
7512;1952181;1180856320;16470016;1379241984;0;0;0;0;0;0;0;0;0;0;0;2916;0;0;125;0;42;0;
7513;4867638;1180856320;16470016;1379241984;0;0;0;0;0;0;0;0;0;0;0;3015;0;0;125;0;42;0;
7514;4046629;1180856320;16470016;1379241984;0;0;0;0;0;0;0;0;0;0;0;3286;0;0;125;0;42;0;
7515;2260159;1180856320;16470016;1379241984;0;0;0;0;0;0;0;0;0;0;0;2685;0;0;125;0;42;0;
7516;1615700;1180856320;16470016;1379241984;0;0;0;0;0;0;0;0;0;0;0;2796;0;0;125;0;42;0;
7517;3482601;1180856320;16470016;1379241984;0;0;0;0;0;0;0;0;0;0;0;2776;0;0;125;0;42;0;
7518;1723763;1180856320;16470016;1379241984;0;0;0;0;0;0;0;0;0;0;0;2825;0;0;125;0;42;0;
7519;4878619;1180856320;16470016;1379241984;0;0;0;0;0;0;0;0;0;0;0;3156;0;0;125;0;42;0;
7520;4087415;1180856320;16470016;1379241984;0;0;0;0;0;0;0;0;0;0;0;3236;0;0;125;0;42;0;
7521;2232126;1180856320;16470016;1379241984;0;0;0;0;0;0;0;0;0;0;0;3055;0;0;125;0;42;0;
7522;2025879;1180856320;16470016;1379241984;0;0;0;0;0;0;0;0;0;0;0;3136;0;0;125;0;42;0;
7523;3663050;1180856320;16470016;1379241984;0;0;0;0;0;0;0;0;0;0;0;3417;0;0;125;0;42;0;
7524;1917867;1180856320;16470016;1379241984;0;0;0;0;0;0;0;0;0;0;0;2154;0;0;125;0;42;0;
7525;4904809;1180856320;16470016;1379241984;0;0;0;0;0;0;0;0;0;0;0;2154;0;0;125;0;42;0;
7526;2970331;1180856320;16470016;1379241984;0;0;0;0;0;0;0;0;0;0;0;2044;0;0;125;0;42;0;
7527;2168768;1180856320;16470016;1379241984;0;0;0;0;0;0;0;0;0;0;0;2495;0;0;125;0;42;0;
7528;1629176;1180856320;16470016;1379241984;0;0;0;0;0;0;0;0;0;0;0;2294;0;0;125;0;42;0;
7529;1963863;1180856320;16470016;1379241984;0;0;0;0;0;0;0;0;0;0;0;2385;0;0;125;0;42;0;
7530;1359520;1180856320;16470016;1379241984;0;0;0;0;0;0;0;0;0;0;0;2084;0;0;125;0;42;0;
7531;4588095;1180856320;16470016;1379241984;0;0;0;0;0;0;0;0;0;0;0;1953;0;0;125;0;42;0;
7532;3222673;1180856320;16470016;1379241984;0;0;0;0;0;0;0;0;0;0;0;2114;0;0;125;0;42;0;
7533;1787994;1180856320;16470016;1379241984;0;0;0;0;0;0;0;0;0;0;0;1943;0;0;125;0;42;0;
7534;2556875;1180856320;16470016;1379241984;0;0;0;0;0;0;0;0;0;0;0;2053;0;0;125;0;42;0;
7535;2607219;1180856320;16470016;1379241984;0;0;0;0;0;0;0;0;0;0;0;1964;0;0;125;0;42;0;
7536;1507287;1180856320;16470016;1379241984;0;0;0;0;0;0;0;0;0;0;0;2304;0;0;125;0;42;0;
7537;4430258;1180856320;16470016;1379241984;0;0;0;0;0;0;0;0;0;0;0;2274;0;0;125;0;42;0;
7538;3284671;1180856320;16470016;1379241984;0;0;0;0;0;0;0;0;0;0;0;2996;0;0;125;0;42;0;
7539;2964380;1180856320;16470016;1379241984;0;0;0;0;0;0;0;0;0;0;0;2144;0;0;125;0;42;0;
7540;1448987;1180856320;16470016;1379241984;0;0;0;0;0;0;0;0;0;0;0;2144;0;0;125;0;42;0;
7541;2777208;1180856320;16470016;1379241984;0;0;0;0;0;0;0;0;0;0;0;2174;0;0;125;0;42;0;
7542;2593153;1180856320;16470016;1379241984;0;0;0;0;0;0;0;0;0;0;0;2013;0;0;125;0;42;0;
7543;4438464;1180856320;16470016;1379241984;0;0;0;0;0;0;0;0;0;0;0;1903;0;0;125;0;42;0;
7544;3156470;1180856320;16470016;1379241984;0;0;0;0;0;0;0;0;0;0;0;2936;0;0;125;0;42;0;
7545;2649659;1180856320;16470016;1379241984;0;0;0;0;0;0;0;0;0;0;0;2885;0;0;125;0;42;0;
7546;2525306;1180856320;16470016;1379241984;0;0;0;0;0;0;0;0;0;0;0;2855;0;0;125;0;42;0;
7547;2189686;1180856320;16470016;1379241984;0;0;0;0;0;0;0;0;0;0;0;2765;0;0;125;0;42;0;
7548;1847705;1180856320;16470016;1379241984;0;0;0;0;0;0;0;0;0;0;0;2935;0;0;125;0;42;0;
7549;4896362;1180856320;16470016;1379241984;0;0;0;0;0;0;0;0;0;0;0;2895;0;0;125;0;42;0;
7550;2756099;1180856320;16470016;1379241984;0;0;0;0;0;0;0;0;0;0;0;2144;0;0;125;0;42;0;
7551;1911414;1180856320;16470016;1379241984;0;0;0;0;0;0;0;0;0;0;0;2094;0;0;125;0;42;0;
7552;1494653;1180856320;16470016;1379241984;0;0;0;0;0;0;0;0;0;0;0;2044;0;0;125;0;42;0;
7553;2115007;1180856320;16470016;1379241984;0;0;0;0;0;0;0;0;0;0;0;2093;0;0;125;0;42;0;
7554;1465809;1180856320;16470016;1379241984;0;0;0;0;0;0;0;0;0;0;0;2114;0;0;125;0;42;0;
7555;4426051;1180856320;16470016;1379241984;0;0;0;0;0;0;0;0;0;0;0;1923;0;0;125;0;42;0;
7556;3803152;1180856320;16470016;1379241984;0;0;0;0;0;0;0;0;0;0;0;3146;0;0;125;0;42;0;
7557;2316524;1180856320;16470016;1379241984;0;0;0;0;0;0;0;0;0;0;0;2796;0;0;125;0;42;0;
7558;2633408;1180856320;16470016;1379241984;0;0;0;0;0;0;0;0;0;0;0;2695;0;0;125;0;42;0;
7559;2062799;1180856320;16470016;1379241984;0;0;0;0;0;0;0;0;0;0;0;2866;0;0;125;0;42;0;
7560;1388724;1180856320;16470016;1379241984;0;0;0;0;0;0;0;0;0;0;0;2054;0;0;125;0;42;0;
7561;4412826;1180856320;16470016;1379241984;0;0;0;0;0;0;0;0;0;0;0;1953;0;0;125;0;42;0;
7562;3644234;1180856320;16470016;1379241984;0;0;0;0;0;0;0;0;0;0;0;2825;0;0;125;0;42;0;
7563;2495861;1180856320;16470016;1379241984;0;0;0;0;0;0;0;0;0;0;0;2866;0;0;125;0;42;0;
7564;2257244;1180856320;16470016;1379241984;0;0;0;0;0;0;0;0;0;0;0;2885;0;0;125;0;42;0;
7565;2437071;1180856320;16470016;1379241984;0;0;0;0;0;0;0;0;0;0;0;3006;0;0;125;0;42;0;
7566;1805426;1180856320;16470016;1379241984;0;0;0;0;0;0;0;0;0;0;0;2985;0;0;125;0;42;0;
7567;4839706;1180856320;16470016;1379241984;0;0;0;0;0;0;0;0;0;0;0;2304;0;0;125;0;42;0;
7568;3520222;1180856320;16470016;1379241984;0;0;0;0;0;0;0;0;0;0;0;3597;0;0;125;0;42;0;
7569;2575109;1180856320;16470016;1379241984;0;0;0;0;0;0;0;0;0;0;0;3006;0;0;125;0;42;0;
7570;2193143;1180856320;16470016;1379241984;0;0;0;0;0;0;0;0;0;0;0;2915;0;0;125;0;42;0;
7571;2789351;1180856320;16470016;1379241984;0;0;0;0;0;0;0;0;0;0;0;2905;0;0;125;0;42;0;
7572;2007996;1180856320;16470016;1379241984;0;0;0;0;0;0;0;0;0;0;0;1984;0;0;125;0;42;0;
7573;4646263;1180856320;16470016;1379241984;0;0;0;0;0;0;0;0;0;0;0;1883;0;0;125;0;42;0;
7574;2224352;1180856320;16470016;1379241984;0;0;0;0;0;0;0;0;0;0;0;2234;0;0;125;0;42;0;
7575;1942422;1180856320;16470016;1379241984;0;0;0;0;0;0;0;0;0;0;0;1984;0;0;125;0;42;0;
7576;1251788;1180856320;16470016;1379241984;0;0;0;0;0;0;0;0;0;0;0;2064;0;0;125;0;42;0;
7577;1957832;1180856320;16470016;1379241984;0;0;0;0;0;0;0;0;0;0;0;2184;0;0;125;0;42;0;
7578;1913358;1180856320;16470016;1379241984;0;0;0;0;0;0;0;0;0;0;0;2405;0;0;125;0;42;0;
7579;4907704;1180856320;16470016;1379241984;0;0;0;0;0;0;0;0;0;0;0;2034;0;0;125;0;42;0;
7580;2222929;1180856320;16470016;1379241984;0;0;0;0;0;0;0;0;0;0;0;2365;0;0;125;0;42;0;
7581;1669261;1180856320;16470016;1379241984;0;0;0;0;0;0;0;0;0;0;0;1983;0;0;125;0;42;0;
7582;1449859;1180856320;16470016;1379241984;0;0;0;0;0;0;0;0;0;0;0;1994;0;0;125;0;42;0;
7583;2326824;1180856320;16470016;1379241984;0;0;0;0;0;0;0;0;0;0;0;2024;0;0;125;0;42;0;
7584;1894934;1180856320;16470016;1379241984;0;0;0;0;0;0;0;0;0;0;0;2214;0;0;125;0;42;0;
7585;4347133;1180856320;16470016;1379241984;0;0;0;0;0;0;0;0;0;0;0;2415;0;0;125;0;42;0;
7586;2910638;1180856320;16470016;1379241984;0;0;0;0;0;0;0;0;0;0;0;2023;0;0;125;0;42;0;
7587;1817638;1180856320;16470016;1379241984;0;0;0;0;0;0;0;0;0;0;0;2054;0;0;125;0;42;0;
7588;1518789;1180856320;16470016;1379241984;0;0;0;0;0;0;0;0;0;0;0;2023;0;0;125;0;42;0;
7589;1812119;1180856320;16470016;1379241984;0;0;0;0;0;0;0;0;0;0;0;1954;0;0;125;0;42;0;
7590;1161909;1180856320;16470016;1379241984;0;0;0;0;0;0;0;0;0;0;0;1944;0;0;125;0;42;0;
7591;5075939;1180856320;16470016;1379241984;0;0;0;0;0;0;0;0;0;0;0;2094;0;0;125;0;42;0;
7592;3620720;1180856320;16470016;1379241984;0;0;0;0;0;0;0;0;0;0;0;3236;0;0;125;0;42;0;
7593;2082966;1180856320;16470016;1379241984;0;0;0;0;0;0;0;0;0;0;0;3176;0;0;125;0;42;0;
7594;1643823;1180856320;16470016;1379241984;0;0;0;0;0;0;0;0;0;0;0;2855;0;0;125;0;42;0;
7595;2374953;1180856320;16470016;1379241984;0;0;0;0;0;0;0;0;0;0;0;2856;0;0;125;0;42;0;
7596;1373546;1180856320;16470016;1379241984;0;0;0;0;0;0;0;0;0;0;0;2855;0;0;125;0;42;0;
7597;4861387;1180856320;16470016;1379241984;0;0;0;0;0;0;0;0;0;0;0;2856;0;0;125;0;42;0;
7598;2672622;1180856320;16470016;1379241984;0;0;0;0;0;0;0;0;0;0;0;2345;0;0;125;0;42;0;
7599;1614267;1180856320;16470016;1379241984;0;0;0;0;0;0;0;0;0;0;0;1854;0;0;125;0;42;0;
7600;1171076;1180856320;16470016;1379241984;0;0;0;0;0;0;0;0;0;0;0;1944;0;0;125;0;42;0;
7601;1525591;1180856320;16470016;1379241984;0;0;0;0;0;0;0;0;0;0;0;2114;0;0;125;0;42;0;
7602;1318943;1180856320;16470016;1379241984;0;0;0;0;0;0;0;0;0;0;0;1974;0;0;125;0;42;0;
7603;4321184;1180856320;16470016;1379241984;0;0;0;0;0;0;0;0;0;0;0;2014;0;0;125;0;42;0;
7604;2277481;1180856320;16470016;1379241984;0;0;0;0;0;0;0;0;0;0;0;2294;0;0;125;0;42;0;
7605;1997786;1180856320;16470016;1379241984;0;0;0;0;0;0;0;0;0;0;0;1904;0;0;125;0;42;0;
7606;1309065;1180856320;16470016;1379241984;0;0;0;0;0;0;0;0;0;0;0;2886;0;0;125;0;42;0;
7607;2084720;1180856320;16470016;1379241984;0;0;0;0;0;0;0;0;0;0;0;2305;0;0;125;0;42;0;
7608;1246137;1180856320;16470016;1379241984;0;0;0;0;0;0;0;0;0;0;0;2004;0;0;125;0;42;0;
7609;4199797;1180856320;16470016;1379241984;0;0;0;0;0;0;0;0;0;0;0;2094;0;0;125;0;42;0;
7610;3345705;1180856320;16470016;1379241984;0;0;0;0;0;0;0;0;0;0;0;3196;0;0;125;0;42;0;
7611;2442120;1180856320;16470016;1379241984;0;0;0;0;0;0;0;0;0;0;0;2776;0;0;125;0;42;0;
7612;2491883;1180856320;16470016;1379241984;0;0;0;0;0;0;0;0;0;0;0;2054;0;0;125;0;42;0;
7613;2553649;1180856320;16470016;1379241984;0;0;0;0;0;0;0;0;0;0;0;2234;0;0;125;0;42;0;
7614;1611742;1180856320;16470016;1379241984;0;0;0;0;0;0;0;0;0;0;0;2044;0;0;125;0;42;0;
7615;4303701;1180856320;16470016;1379241984;0;0;0;0;0;0;0;0;0;0;0;2385;0;0;125;0;42;0;
7616;3362115;1180856320;16470016;1379241984;0;0;0;0;0;0;0;0;0;0;0;3416;0;0;125;0;42;0;
7617;2450947;1180856320;16470016;1379241984;0;0;0;0;0;0;0;0;0;0;0;2785;0;0;125;0;42;0;
7618;1244764;1180856320;16470016;1379241984;0;0;0;0;0;0;0;0;0;0;0;2054;0;0;125;0;42;0;
7619;2368933;1180856320;16470016;1379241984;0;0;0;0;0;0;0;0;0;0;0;2836;0;0;125;0;42;0;
7620;2034235;1180856320;16470016;1379241984;0;0;0;0;0;0;0;0;0;0;0;2896;0;0;125;0;42;0;
7621;4682732;1180856320;16470016;1379241984;0;0;0;0;0;0;0;0;0;0;0;2806;0;0;125;0;42;0;
7622;2803277;1180856320;16470016;1379241984;0;0;0;0;0;0;0;0;0;0;0;2575;0;0;125;0;42;0;
7623;2499647;1180856320;16470016;1379241984;0;0;0;0;0;0;0;0;0;0;0;1914;0;0;125;0;42;0;
7624;1451732;1180856320;16470016;1379241984;0;0;0;0;0;0;0;0;0;0;0;1994;0;0;125;0;42;0;
7625;2185118;1180856320;16470016;1379241984;0;0;0;0;0;0;0;0;0;0;0;1884;0;0;125;0;42;0;
7626;1362355;1180856320;16470016;1379241984;0;0;0;0;0;0;0;0;0;0;0;2214;0;0;125;0;42;0;
7627;4731253;1180856320;16470016;1379241984;0;0;0;0;0;0;0;0;0;0;0;1913;0;0;125;0;42;0;
7628;2735821;1180856320;16470016;1379241984;0;0;0;0;0;0;0;0;0;0;0;2204;0;0;125;0;42;0;
7629;2845737;1180856320;16470016;1379241984;0;0;0;0;0;0;0;0;0;0;0;2013;0;0;125;0;42;0;
7630;1442024;1180856320;16470016;1379241984;0;0;0;0;0;0;0;0;0;0;0;2775;0;0;125;0;42;0;
7631;2188905;1180856320;16470016;1379241984;0;0;0;0;0;0;0;0;0;0;0;2745;0;0;125;0;42;0;
7632;1389405;1180856320;16470016;1379241984;0;0;0;0;0;0;0;0;0;0;0;1914;0;0;125;0;42;0;
7633;4543692;1180856320;16470016;1379241984;0;0;0;0;0;0;0;0;0;0;0;1964;0;0;125;0;42;0;
7634;2300926;1180856320;16470016;1379241984;0;0;0;0;0;0;0;0;0;0;0;2384;0;0;125;0;42;0;
7635;1718713;1180856320;16470016;1379241984;0;0;0;0;0;0;0;0;0;0;0;2024;0;0;125;0;42;0;
7636;1312392;1180856320;16470016;1379241984;0;0;0;0;0;0;0;0;0;0;0;2004;0;0;125;0;42;0;
7637;1758388;1180856320;16470016;1379241984;0;0;0;0;0;0;0;0;0;0;0;2074;0;0;125;0;42;0;
7638;1388484;1180856320;16470016;1379241984;0;0;0;0;0;0;0;0;0;0;0;2084;0;0;125;0;42;0;
7639;4896192;1180856320;16470016;1379241984;0;0;0;0;0;0;0;0;0;0;0;2435;0;0;125;0;42;0;
7640;3842326;1180856320;16470016;1379241984;0;0;0;0;0;0;0;0;0;0;0;3106;0;0;125;0;42;0;
7641;1859017;1180856320;16470016;1379241984;0;0;0;0;0;0;0;0;0;0;0;2806;0;0;125;0;42;0;
7642;1437746;1180856320;16470016;1379241984;0;0;0;0;0;0;0;0;0;0;0;1953;0;0;125;0;42;0;
7643;1796670;1180856320;16470016;1379241984;0;0;0;0;0;0;0;0;0;0;0;1923;0;0;125;0;42;0;
7644;1310588;1180856320;16470016;1379241984;0;0;0;0;0;0;0;0;0;0;0;2104;0;0;125;0;42;0;
7645;4584608;1180856320;16470016;1379241984;0;0;0;0;0;0;0;0;0;0;0;2354;0;0;125;0;42;0;
7646;2813135;1180856320;16470016;1379241984;0;0;0;0;0;0;0;0;0;0;0;2775;0;0;125;0;42;0;
7647;2054402;1180856320;16470016;1379241984;0;0;0;0;0;0;0;0;0;0;0;2033;0;0;125;0;42;0;
7648;1440431;1180856320;16470016;1379241984;0;0;0;0;0;0;0;0;0;0;0;2234;0;0;125;0;42;0;
7649;2633529;1180856320;16470016;1379241984;0;0;0;0;0;0;0;0;0;0;0;1903;0;0;125;0;42;0;
7650;1690370;1180856320;16470016;1379241984;0;0;0;0;0;0;0;0;0;0;0;2745;0;0;125;0;42;0;
7651;4913044;1180856320;16470016;1379241984;0;0;0;0;0;0;0;0;0;0;0;2064;0;0;125;0;42;0;
7652;3972349;1180856320;16470016;1379241984;0;0;0;0;0;0;0;0;0;0;0;3407;0;0;125;0;42;0;
7653;2955393;1180856320;16470016;1379241984;0;0;0;0;0;0;0;0;0;0;0;2945;0;0;125;0;42;0;
7654;1727860;1180856320;16470016;1379241984;0;0;0;0;0;0;0;0;0;0;0;3366;0;0;125;0;42;0;
7655;2223731;1180856320;16470016;1379241984;0;0;0;0;0;0;0;0;0;0;0;3697;0;0;125;0;42;0;
7656;1991935;1180856320;16470016;1379241984;0;0;0;0;0;0;0;0;0;0;0;1994;0;0;125;0;42;0;
7657;4407605;1180856320;16470016;1379241984;0;0;0;0;0;0;0;0;0;0;0;2214;0;0;125;0;42;0;
7658;2857059;1180856320;16470016;1379241984;0;0;0;0;0;0;0;0;0;0;0;2194;0;0;125;0;42;0;
7659;1593088;1180856320;16470016;1379241984;0;0;0;0;0;0;0;0;0;0;0;2134;0;0;125;0;42;0;
7660;1735666;1180856320;16470016;1379241984;0;0;0;0;0;0;0;0;0;0;0;1983;0;0;125;0;42;0;
7661;2077185;1180856320;16470016;1379241984;0;0;0;0;0;0;0;0;0;0;0;1894;0;0;125;0;42;0;
7662;1556209;1180856320;16470016;1379241984;0;0;0;0;0;0;0;0;0;0;0;1943;0;0;125;0;42;0;
7663;4544913;1180856320;16470016;1379241984;0;0;0;0;0;0;0;0;0;0;0;1874;0;0;125;0;42;0;
7664;3062213;1180856320;16470016;1379241984;0;0;0;0;0;0;0;0;0;0;0;2044;0;0;125;0;42;0;
7665;2347051;1180856320;16470016;1379241984;0;0;0;0;0;0;0;0;0;0;0;1944;0;0;125;0;42;0;
7666;1231680;1180856320;16470016;1379241984;0;0;0;0;0;0;0;0;0;0;0;1993;0;0;125;0;42;0;
7667;2457739;1180856320;16470016;1379241984;0;0;0;0;0;0;0;0;0;0;0;1973;0;0;125;0;42;0;
7668;1176246;1180856320;16470016;1379241984;0;0;0;0;0;0;0;0;0;0;0;1943;0;0;125;0;42;0;
7669;4577174;1180856320;16470016;1379241984;0;0;0;0;0;0;0;0;0;0;0;2123;0;0;125;0;42;0;
7670;4176543;1180856320;16470016;1379241984;0;0;0;0;0;0;0;0;0;0;0;3587;0;0;125;0;42;0;
7671;2496141;1180856320;16470016;1379241984;0;0;0;0;0;0;0;0;0;0;0;2935;0;0;125;0;42;0;
7672;1725055;1180856320;16470016;1379241984;0;0;0;0;0;0;0;0;0;0;0;2805;0;0;125;0;42;0;
7673;1665954;1180856320;16470016;1379241984;0;0;0;0;0;0;0;0;0;0;0;2234;0;0;125;0;42;0;
7674;1470518;1180856320;16470016;1379241984;0;0;0;0;0;0;0;0;0;0;0;1853;0;0;125;0;42;0;
7675;5082712;1180856320;16470016;1379241984;0;0;0;0;0;0;0;0;0;0;0;2685;0;0;125;0;42;0;
7676;3295070;1180856320;16470016;1379241984;0;0;0;0;0;0;0;0;0;0;0;2625;0;0;125;0;42;0;
7677;2187823;1180856320;16470016;1379241984;0;0;0;0;0;0;0;0;0;0;0;2234;0;0;125;0;42;0;
7678;1587497;1180856320;16470016;1379241984;0;0;0;0;0;0;0;0;0;0;0;2034;0;0;125;0;42;0;
7679;2030578;1180856320;16470016;1379241984;0;0;0;0;0;0;0;0;0;0;0;1994;0;0;125;0;42;0;
7680;1568963;1180856320;16470016;1379241984;0;0;0;0;0;0;0;0;0;0;0;2254;0;0;125;0;42;0;
7681;4404981;1180856320;16470016;1379241984;0;0;0;0;0;0;0;0;0;0;0;2194;0;0;125;0;42;0;
7682;2900589;1180856320;16470016;1379241984;0;0;0;0;0;0;0;0;0;0;0;2164;0;0;125;0;42;0;
7683;1902287;1180856320;16470016;1379241984;0;0;0;0;0;0;0;0;0;0;0;2845;0;0;125;0;42;0;
7684;1539787;1180856320;16470016;1379241984;0;0;0;0;0;0;0;0;0;0;0;2024;0;0;125;0;42;0;
7685;1890876;1180856320;16470016;1379241984;0;0;0;0;0;0;0;0;0;0;0;2034;0;0;125;0;42;0;
7686;1606082;1180856320;16470016;1379241984;0;0;0;0;0;0;0;0;0;0;0;2004;0;0;125;0;42;0;
7687;4140886;1180856320;16470016;1379241984;0;0;0;0;0;0;0;0;0;0;0;1893;0;0;125;0;42;0;
7688;2696578;1180856320;16470016;1379241984;0;0;0;0;0;0;0;0;0;0;0;2494;0;0;125;0;42;0;
7689;2791646;1180856320;16470016;1379241984;0;0;0;0;0;0;0;0;0;0;0;2104;0;0;125;0;42;0;
7690;1511996;1180856320;16470016;1379241984;0;0;0;0;0;0;0;0;0;0;0;2956;0;0;125;0;42;0;
7691;2399971;1180856320;16470016;1379241984;0;0;0;0;0;0;0;0;0;0;0;2965;0;0;125;0;42;0;
7692;3088201;1180856320;16470016;1379241984;0;0;0;0;0;0;0;0;0;0;0;7845;0;0;125;0;42;0;
7693;5806840;1180856320;16470016;1379241984;0;0;0;0;0;0;0;0;0;0;0;3436;0;0;125;0;42;0;
7694;5231801;1180856320;16470016;1379241984;0;0;0;0;0;0;0;0;0;0;0;5039;0;0;125;0;42;0;
7695;3398093;1180856320;16470016;1379241984;0;0;0;0;0;0;0;0;0;0;0;2996;0;0;125;0;42;0;
7696;1989201;1180856320;16470016;1379241984;0;0;0;0;0;0;0;0;0;0;0;2765;0;0;125;0;42;0;
7697;2339247;1180856320;16470016;1379241984;0;0;0;0;0;0;0;0;0;0;0;2555;0;0;125;0;42;0;
7698;2800592;1180856320;16470016;1379241984;0;0;0;0;0;0;0;0;0;0;0;5470;0;0;125;0;42;0;
7699;4800813;1180856320;16470016;1379241984;0;0;0;0;0;0;0;0;0;0;0;2074;0;0;125;0;42;0;
7700;3530641;1180856320;16470016;1379241984;0;0;0;0;0;0;0;0;0;0;0;2354;0;0;125;0;42;0;
7701;2309591;1180856320;16470016;1379241984;0;0;0;0;0;0;0;0;0;0;0;2104;0;0;125;0;42;0;
7702;1331297;1180856320;16470016;1379241984;0;0;0;0;0;0;0;0;0;0;0;2104;0;0;125;0;42;0;
7703;1872552;1180856320;16470016;1379241984;0;0;0;0;0;0;0;0;0;0;0;1954;0;0;125;0;42;0;
7704;1685391;1180856320;16470016;1379241984;0;0;0;0;0;0;0;0;0;0;0;1913;0;0;125;0;42;0;
7705;4476025;1180856320;16470016;1379241984;0;0;0;0;0;0;0;0;0;0;0;1874;0;0;125;0;42;0;
7706;2664237;1180856320;16470016;1379241984;0;0;0;0;0;0;0;0;0;0;0;1994;0;0;125;0;42;0;
7707;2077125;1180856320;16470016;1379241984;0;0;0;0;0;0;0;0;0;0;0;2003;0;0;125;0;42;0;
7708;1300429;1180856320;16470016;1379241984;0;0;0;0;0;0;0;0;0;0;0;2285;0;0;125;0;42;0;
7709;2083688;1180856320;16470016;1379241984;0;0;0;0;0;0;0;0;0;0;0;2355;0;0;125;0;42;0;
7710;1385808;1180856320;16470016;1379241984;0;0;0;0;0;0;0;0;0;0;0;1974;0;0;125;0;42;0;
7711;4736122;1180856320;16470016;1379241984;0;0;0;0;0;0;0;0;0;0;0;2534;0;0;125;0;42;0;
7712;3402832;1180856320;16470016;1379241984;0;0;0;0;0;0;0;0;0;0;0;2234;0;0;125;0;42;0;
7713;1913639;1180856320;16470016;1379241984;0;0;0;0;0;0;0;0;0;0;0;2014;0;0;125;0;42;0;
7714;1475497;1180856320;16470016;1379241984;0;0;0;0;0;0;0;0;0;0;0;2124;0;0;125;0;42;0;
7715;2178475;1180856320;16470016;1379241984;0;0;0;0;0;0;0;0;0;0;0;1663;0;0;125;0;42;0;
7716;1268930;1180856320;16470016;1379241984;0;0;0;0;0;0;0;0;0;0;0;2103;0;0;125;0;42;0;
7717;4362191;1180856320;16470016;1379241984;0;0;0;0;0;0;0;0;0;0;0;2204;0;0;125;0;42;0;
7718;3038037;1180856320;16470016;1379241984;0;0;0;0;0;0;0;0;0;0;0;2254;0;0;125;0;42;0;
7719;2494228;1180856320;16470016;1379241984;0;0;0;0;0;0;0;0;0;0;0;2054;0;0;125;0;42;0;
7720;1422107;1180856320;16470016;1379241984;0;0;0;0;0;0;0;0;0;0;0;2204;0;0;125;0;42;0;
7721;2203522;1180856320;16470016;1379241984;0;0;0;0;0;0;0;0;0;0;0;2124;0;0;125;0;42;0;
7722;1845101;1180856320;16470016;1379241984;0;0;0;0;0;0;0;0;0;0;0;2284;0;0;125;0;42;0;
7723;4511712;1180856320;16470016;1379241984;0;0;0;0;0;0;0;0;0;0;0;1984;0;0;125;0;42;0;
7724;3762576;1180856320;16470016;1379241984;0;0;0;0;0;0;0;0;0;0;0;2264;0;0;125;0;42;0;
7725;2072697;1180856320;16470016;1379241984;0;0;0;0;0;0;0;0;0;0;0;2365;0;0;125;0;42;0;
7726;1429420;1180856320;16470016;1379241984;0;0;0;0;0;0;0;0;0;0;0;2355;0;0;125;0;42;0;
7727;2410300;1180856320;16470016;1379241984;0;0;0;0;0;0;0;0;0;0;0;2104;0;0;125;0;42;0;
7728;1356313;1180856320;16470016;1379241984;0;0;0;0;0;0;0;0;0;0;0;2204;0;0;125;0;42;0;
7729;4551345;1180856320;16470016;1379241984;0;0;0;0;0;0;0;0;0;0;0;1994;0;0;125;0;42;0;
7730;2662734;1180856320;16470016;1379241984;0;0;0;0;0;0;0;0;0;0;0;1994;0;0;125;0;42;0;
7731;2122380;1180856320;16470016;1379241984;0;0;0;0;0;0;0;0;0;0;0;2124;0;0;125;0;42;0;
7732;1671856;1180856320;16470016;1379241984;0;0;0;0;0;0;0;0;0;0;0;2365;0;0;125;0;42;0;
7733;2708489;1180856320;16470016;1379241984;0;0;0;0;0;0;0;0;0;0;0;2245;0;0;125;0;42;0;
7734;1600161;1180856320;16470016;1379241984;0;0;0;0;0;0;0;0;0;0;0;2164;0;0;125;0;42;0;
7735;5094414;1180856320;16470016;1379241984;0;0;0;0;0;0;0;0;0;0;0;2074;0;0;125;0;42;0;
7736;2435317;1180856320;16470016;1379241984;0;0;0;0;0;0;0;0;0;0;0;2415;0;0;125;0;42;0;
7737;2534603;1180856320;16470016;1379241984;0;0;0;0;0;0;0;0;0;0;0;2184;0;0;125;0;42;0;
7738;1846243;1180856320;16470016;1379241984;0;0;0;0;0;0;0;0;0;0;0;2185;0;0;125;0;42;0;
7739;1826645;1180856320;16470016;1379241984;0;0;0;0;0;0;0;0;0;0;0;2024;0;0;125;0;42;0;
7740;1164504;1180856320;16470016;1379241984;0;0;0;0;0;0;0;0;0;0;0;1964;0;0;125;0;42;0;
7741;4983025;1180856320;16470016;1379241984;0;0;0;0;0;0;0;0;0;0;0;2224;0;0;125;0;42;0;
7742;2776417;1180856320;16470016;1379241984;0;0;0;0;0;0;0;0;0;0;0;2465;0;0;125;0;42;0;
7743;1840211;1180856320;16470016;1379241984;0;0;0;0;0;0;0;0;0;0;0;2154;0;0;125;0;42;0;
7744;1321539;1180856320;16470016;1379241984;0;0;0;0;0;0;0;0;0;0;0;2104;0;0;125;0;42;0;
7745;2361859;1180856320;16470016;1379241984;0;0;0;0;0;0;0;0;0;0;0;2034;0;0;125;0;42;0;
7746;1451762;1180856320;16470016;1379241984;0;0;0;0;0;0;0;0;0;0;0;2324;0;0;125;0;42;0;
7747;4674797;1180856320;16470016;1379241984;0;0;0;0;0;0;0;0;0;0;0;1984;0;0;125;0;42;0;
7748;3153564;1180856320;16470016;1379241984;0;0;0;0;0;0;0;0;0;0;0;1984;0;0;125;0;42;0;
7749;2142318;1180856320;16470016;1379241984;0;0;0;0;0;0;0;0;0;0;0;1883;0;0;125;0;42;0;
7750;1184963;1180856320;16470016;1379241984;0;0;0;0;0;0;0;0;0;0;0;2074;0;0;125;0;42;0;
7751;1618996;1180856320;16470016;1379241984;0;0;0;0;0;0;0;0;0;0;0;2114;0;0;125;0;42;0;
7752;1558643;1180856320;16470016;1379241984;0;0;0;0;0;0;0;0;0;0;0;1974;0;0;125;0;42;0;
7753;4258646;1180856320;16470016;1379241984;0;0;0;0;0;0;0;0;0;0;0;2033;0;0;125;0;42;0;
7754;2594105;1180856320;16470016;1379241984;0;0;0;0;0;0;0;0;0;0;0;1973;0;0;125;0;42;0;
7755;2279675;1180856320;16470016;1379241984;0;0;0;0;0;0;0;0;0;0;0;2165;0;0;125;0;42;0;
7756;1349310;1180856320;16470016;1379241984;0;0;0;0;0;0;0;0;0;0;0;2224;0;0;125;0;42;0;
7757;2127190;1180856320;16470016;1379241984;0;0;0;0;0;0;0;0;0;0;0;2014;0;0;125;0;42;0;
7758;1549946;1180856320;16470016;1379241984;0;0;0;0;0;0;0;0;0;0;0;2094;0;0;125;0;42;0;
7759;4368032;1180856320;16470016;1379241984;0;0;0;0;0;0;0;0;0;0;0;2154;0;0;125;0;42;0;
7760;2800432;1180856320;16470016;1379241984;0;0;0;0;0;0;0;0;0;0;0;2204;0;0;125;0;42;0;
7761;2075482;1180856320;16470016;1379241984;0;0;0;0;0;0;0;0;0;0;0;2144;0;0;125;0;42;0;
7762;1462362;1180856320;16470016;1379241984;0;0;0;0;0;0;0;0;0;0;0;2024;0;0;125;0;42;0;
7763;1942654;1180856320;16470016;1379241984;0;0;0;0;0;0;0;0;0;0;0;2284;0;0;125;0;42;0;
7764;1652309;1180856320;16470016;1379241984;0;0;0;0;0;0;0;0;0;0;0;2314;0;0;125;0;42;0;
7765;4401244;1180856320;16470016;1379241984;0;0;0;0;0;0;0;0;0;0;0;2023;0;0;125;0;42;0;
7766;2777760;1180856320;16470016;1379241984;0;0;0;0;0;0;0;0;0;0;0;2245;0;0;125;0;42;0;
7767;2017012;1180856320;16470016;1379241984;0;0;0;0;0;0;0;0;0;0;0;1894;0;0;125;0;42;0;
7768;1467462;1180856320;16470016;1379241984;0;0;0;0;0;0;0;0;0;0;0;2164;0;0;125;0;42;0;
7769;1763928;1180856320;16470016;1379241984;0;0;0;0;0;0;0;0;0;0;0;1884;0;0;125;0;42;0;
7770;1483472;1180856320;16470016;1379241984;0;0;0;0;0;0;0;0;0;0;0;2013;0;0;125;0;42;0;
7771;4358564;1180856320;16470016;1379241984;0;0;0;0;0;0;0;0;0;0;0;2154;0;0;125;0;42;0;
7772;2851297;1180856320;16470016;1379241984;0;0;0;0;0;0;0;0;0;0;0;2235;0;0;125;0;42;0;
7773;1944777;1180856320;16470016;1379241984;0;0;0;0;0;0;0;0;0;0;0;2014;0;0;125;0;42;0;
7774;1197486;1180856320;16470016;1379241984;0;0;0;0;0;0;0;0;0;0;0;2004;0;0;125;0;42;0;
7775;1976156;1180856320;16470016;1379241984;0;0;0;0;0;0;0;0;0;0;0;1974;0;0;125;0;42;0;
7776;1478222;1180856320;16470016;1379241984;0;0;0;0;0;0;0;0;0;0;0;14798;0;0;125;0;42;0;
7777;4236566;1180856320;16470016;1379241984;0;0;0;0;0;0;0;0;0;0;0;2164;0;0;125;0;42;0;
7778;2702639;1180856320;16470016;1379241984;0;0;0;0;0;0;0;0;0;0;0;2174;0;0;125;0;42;0;
7779;2481394;1180856320;16470016;1379241984;0;0;0;0;0;0;0;0;0;0;0;2154;0;0;125;0;42;0;
7780;1164635;1180856320;16470016;1379241984;0;0;0;0;0;0;0;0;0;0;0;2004;0;0;125;0;42;0;
7781;2088747;1180856320;16470016;1379241984;0;0;0;0;0;0;0;0;0;0;0;2004;0;0;125;0;42;0;
7782;1444959;1180856320;16470016;1379241984;0;0;0;0;0;0;0;0;0;0;0;2114;0;0;125;0;42;0;
7783;4411453;1180856320;16470016;1379241984;0;0;0;0;0;0;0;0;0;0;0;2174;0;0;125;0;42;0;
7784;2388529;1180856320;16470016;1379241984;0;0;0;0;0;0;0;0;0;0;0;2255;0;0;125;0;42;0;
7785;1749791;1180856320;16470016;1379241984;0;0;0;0;0;0;0;0;0;0;0;2194;0;0;125;0;42;0;
7786;1152021;1180856320;16470016;1379241984;0;0;0;0;0;0;0;0;0;0;0;2224;0;0;125;0;42;0;
7787;1611632;1180856320;16470016;1379241984;0;0;0;0;0;0;0;0;0;0;0;2084;0;0;125;0;42;0;
7788;1481469;1180856320;16470016;1379241984;0;0;0;0;0;0;0;0;0;0;0;2114;0;0;125;0;42;0;
7789;4387699;1180856320;16470016;1379241984;0;0;0;0;0;0;0;0;0;0;0;2204;0;0;125;0;42;0;
7790;3087741;1180856320;16470016;1379241984;0;0;0;0;0;0;0;0;0;0;0;2465;0;0;125;0;42;0;
7791;2231575;1180856320;16470016;1379241984;0;0;0;0;0;0;0;0;0;0;0;1984;0;0;125;0;42;0;
7792;3123467;1180856320;16470016;1379241984;0;0;0;0;0;0;0;0;0;0;0;5370;0;0;125;0;42;0;
7793;2554110;1180856320;16470016;1379241984;0;0;0;0;0;0;0;0;0;0;0;2335;0;0;125;0;42;0;
7794;1534258;1180856320;16470016;1379241984;0;0;0;0;0;0;0;0;0;0;0;2134;0;0;125;0;42;0;
7795;4925397;1180856320;16470016;1379241984;0;0;0;0;0;0;0;0;0;0;0;2324;0;0;125;0;42;0;
7796;3177660;1180856320;16470016;1379241984;0;0;0;0;0;0;0;0;0;0;0;2104;0;0;125;0;42;0;
7797;1730585;1180856320;16470016;1379241984;0;0;0;0;0;0;0;0;0;0;0;1793;0;0;125;0;42;0;
7798;1469957;1180856320;16470016;1379241984;0;0;0;0;0;0;0;0;0;0;0;2164;0;0;125;0;42;0;
7799;2430217;1180856320;16470016;1379241984;0;0;0;0;0;0;0;0;0;0;0;2144;0;0;125;0;42;0;
7800;1500324;1180856320;16470016;1379241984;0;0;0;0;0;0;0;0;0;0;0;2014;0;0;125;0;42;0;
7801;5444140;1180856320;16470016;1379241984;0;0;0;0;0;0;0;0;0;0;0;2114;0;0;125;0;42;0;
7802;3360442;1180856320;16470016;1379241984;0;0;0;0;0;0;0;0;0;0;0;2174;0;0;125;0;42;0;
7803;1906896;1180856320;16470016;1379241984;0;0;0;0;0;0;0;0;0;0;0;1713;0;0;125;0;42;0;
7804;1164003;1180856320;16470016;1379241984;0;0;0;0;0;0;0;0;0;0;0;2044;0;0;125;0;42;0;
7805;2237346;1180856320;16470016;1379241984;0;0;0;0;0;0;0;0;0;0;0;1984;0;0;125;0;42;0;
7806;1977619;1180856320;16470016;1379241984;0;0;0;0;0;0;0;0;0;0;0;1763;0;0;125;0;42;0;
7807;5000287;1180856320;16470016;1379241984;0;0;0;0;0;0;0;0;0;0;0;2084;0;0;125;0;42;0;
7808;2699202;1180856320;16470016;1379241984;0;0;0;0;0;0;0;0;0;0;0;1913;0;0;125;0;42;0;
7809;2141486;1180856320;16470016;1379241984;0;0;0;0;0;0;0;0;0;0;0;2245;0;0;125;0;42;0;
7810;1234546;1180856320;16470016;1379241984;0;0;0;0;0;0;0;0;0;0;0;1763;0;0;125;0;42;0;
7811;2372730;1180856320;16470016;1379241984;0;0;0;0;0;0;0;0;0;0;0;2134;0;0;125;0;42;0;
7812;1705479;1180856320;16470016;1379241984;0;0;0;0;0;0;0;0;0;0;0;2204;0;0;125;0;42;0;
7813;4534714;1180856320;16470016;1379241984;0;0;0;0;0;0;0;0;0;0;0;2195;0;0;125;0;42;0;
7814;2887745;1180856320;16470016;1379241984;0;0;0;0;0;0;0;0;0;0;0;2334;0;0;125;0;42;0;
7815;2204394;1180856320;16470016;1379241984;0;0;0;0;0;0;0;0;0;0;0;1983;0;0;125;0;42;0;
7816;1367865;1180856320;16470016;1379241984;0;0;0;0;0;0;0;0;0;0;0;2094;0;0;125;0;42;0;
7817;2511290;1180856320;16470016;1379241984;0;0;0;0;0;0;0;0;0;0;0;2034;0;0;125;0;42;0;
7818;1935821;1180856320;16470016;1379241984;0;0;0;0;0;0;0;0;0;0;0;2154;0;0;125;0;42;0;
7819;4578396;1180856320;16470016;1379241984;0;0;0;0;0;0;0;0;0;0;0;3246;0;0;125;0;42;0;
7820;3357286;1180856320;16470016;1379241984;0;0;0;0;0;0;0;0;0;0;0;2033;0;0;125;0;42;0;
7821;1807279;1180856320;16470016;1379241984;0;0;0;0;0;0;0;0;0;0;0;2124;0;0;125;0;42;0;
7822;1447495;1180856320;16470016;1379241984;0;0;0;0;0;0;0;0;0;0;0;1904;0;0;125;0;42;0;
7823;1707452;1180856320;16470016;1379241984;0;0;0;0;0;0;0;0;0;0;0;1754;0;0;125;0;42;0;
7824;1565235;1180856320;16470016;1379241984;0;0;0;0;0;0;0;0;0;0;0;2094;0;0;125;0;42;0;
7825;4523483;1180856320;16470016;1379241984;0;0;0;0;0;0;0;0;0;0;0;2104;0;0;125;0;42;0;
7826;3480588;1180856320;16470016;1379241984;0;0;0;0;0;0;0;0;0;0;0;2425;0;0;125;0;42;0;
7827;2168928;1180856320;16470016;1379241984;0;0;0;0;0;0;0;0;0;0;0;2034;0;0;125;0;42;0;
7828;1488852;1180856320;16470016;1379241984;0;0;0;0;0;0;0;0;0;0;0;2064;0;0;125;0;42;0;
7829;1849609;1180856320;16470016;1379241984;0;0;0;0;0;0;0;0;0;0;0;1924;0;0;125;0;42;0;
7830;1480847;1180856320;16470016;1379241984;0;0;0;0;0;0;0;0;0;0;0;2455;0;0;125;0;42;0;
7831;4638298;1180856320;16470016;1379241984;0;0;0;0;0;0;0;0;0;0;0;2064;0;0;125;0;42;0;
7832;2709231;1180856320;16470016;1379241984;0;0;0;0;0;0;0;0;0;0;0;2094;0;0;125;0;42;0;
7833;1968141;1180856320;16470016;1379241984;0;0;0;0;0;0;0;0;0;0;0;2675;0;0;125;0;42;0;
7834;1539487;1180856320;16470016;1379241984;0;0;0;0;0;0;0;0;0;0;0;2014;0;0;125;0;42;0;
7835;1726688;1180856320;16470016;1379241984;0;0;0;0;0;0;0;0;0;0;0;1924;0;0;125;0;42;0;
7836;1406258;1180856320;16470016;1379241984;0;0;0;0;0;0;0;0;0;0;0;1994;0;0;125;0;42;0;
7837;4839456;1180856320;16470016;1379241984;0;0;0;0;0;0;0;0;0;0;0;2194;0;0;125;0;42;0;
7838;3208307;1180856320;16470016;1379241984;0;0;0;0;0;0;0;0;0;0;0;2284;0;0;125;0;42;0;
7839;2154661;1180856320;16470016;1379241984;0;0;0;0;0;0;0;0;0;0;0;2204;0;0;125;0;42;0;
7840;1554997;1180856320;16470016;1379241984;0;0;0;0;0;0;0;0;0;0;0;2004;0;0;125;0;42;0;
7841;2077045;1180856320;16470016;1379241984;0;0;0;0;0;0;0;0;0;0;0;1913;0;0;125;0;42;0;
7842;1443467;1180856320;16470016;1379241984;0;0;0;0;0;0;0;0;0;0;0;2164;0;0;125;0;42;0;
7843;4807396;1180856320;16470016;1379241984;0;0;0;0;0;0;0;0;0;0;0;2524;0;0;125;0;42;0;
7844;2791686;1180856320;16470016;1379241984;0;0;0;0;0;0;0;0;0;0;0;2435;0;0;125;0;42;0;
7845;1889433;1180856320;16470016;1379241984;0;0;0;0;0;0;0;0;0;0;0;1963;0;0;125;0;42;0;
7846;2360868;1180856320;16470016;1379241984;0;0;0;0;0;0;0;0;0;0;0;1903;0;0;125;0;42;0;
7847;1914691;1180856320;16470016;1379241984;0;0;0;0;0;0;0;0;0;0;0;2094;0;0;125;0;42;0;
7848;1615079;1180856320;16470016;1379241984;0;0;0;0;0;0;0;0;0;0;0;2164;0;0;125;0;42;0;
7849;4580541;1180856320;16470016;1379241984;0;0;0;0;0;0;0;0;0;0;0;2164;0;0;125;0;42;0;
7850;2724589;1180856320;16470016;1379241984;0;0;0;0;0;0;0;0;0;0;0;1933;0;0;125;0;42;0;
7851;2386646;1180856320;16470016;1379241984;0;0;0;0;0;0;0;0;0;0;0;1983;0;0;125;0;42;0;
7852;1854518;1180856320;16470016;1379241984;0;0;0;0;0;0;0;0;0;0;0;2345;0;0;125;0;42;0;
7853;2483578;1180856320;16470016;1379241984;0;0;0;0;0;0;0;0;0;0;0;1924;0;0;125;0;42;0;
7854;1486848;1180856320;16470016;1379241984;0;0;0;0;0;0;0;0;0;0;0;2083;0;0;125;0;42;0;
7855;4379433;1180856320;16470016;1379241984;0;0;0;0;0;0;0;0;0;0;0;1954;0;0;125;0;42;0;
7856;2718719;1180856320;16470016;1379241984;0;0;0;0;0;0;0;0;0;0;0;2375;0;0;125;0;42;0;
7857;2227077;1180856320;16470016;1379241984;0;0;0;0;0;0;0;0;0;0;0;2244;0;0;125;0;42;0;
7858;1508138;1180856320;16470016;1379241984;0;0;0;0;0;0;0;0;0;0;0;2114;0;0;125;0;42;0;
7859;2194996;1180856320;16470016;1379241984;0;0;0;0;0;0;0;0;0;0;0;2094;0;0;125;0;42;0;
7860;1756123;1180856320;16470016;1379241984;0;0;0;0;0;0;0;0;0;0;0;2184;0;0;125;0;42;0;
7861;4382148;1180856320;16470016;1379241984;0;0;0;0;0;0;0;0;0;0;0;2164;0;0;125;0;42;0;
7862;2618100;1180856320;16470016;1379241984;0;0;0;0;0;0;0;0;0;0;0;2164;0;0;125;0;42;0;
7863;2457880;1180856320;16470016;1379241984;0;0;0;0;0;0;0;0;0;0;0;2064;0;0;125;0;42;0;
7864;1388023;1180856320;16470016;1379241984;0;0;0;0;0;0;0;0;0;0;0;1904;0;0;125;0;42;0;
7865;2144431;1180856320;16470016;1379241984;0;0;0;0;0;0;0;0;0;0;0;2384;0;0;125;0;42;0;
7866;2015900;1180856320;16470016;1379241984;0;0;0;0;0;0;0;0;0;0;0;1924;0;0;125;0;42;0;
7867;4412815;1180856320;16470016;1379241984;0;0;0;0;0;0;0;0;0;0;0;2705;0;0;125;0;42;0;
7868;2413616;1180856320;16470016;1379241984;0;0;0;0;0;0;0;0;0;0;0;2424;0;0;125;0;42;0;
7869;7816789;1180856320;16470016;1379241984;0;0;0;0;0;0;0;0;0;0;0;1944;0;0;125;0;42;0;
7870;1345303;1180856320;16470016;1379241984;0;0;0;0;0;0;0;0;0;0;0;1963;0;0;125;0;42;0;
7871;2294614;1180856320;16470016;1379241984;0;0;0;0;0;0;0;0;0;0;0;2053;0;0;125;0;42;0;
7872;1694828;1180856320;16470016;1379241984;0;0;0;0;0;0;0;0;0;0;0;2064;0;0;125;0;42;0;
7873;5004756;1180856320;16470016;1379241984;0;0;0;0;0;0;0;0;0;0;0;2013;0;0;125;0;42;0;
7874;2953790;1180856320;16470016;1379241984;0;0;0;0;0;0;0;0;0;0;0;1993;0;0;125;0;42;0;
7875;2052309;1180856320;16470016;1379241984;0;0;0;0;0;0;0;0;0;0;0;1904;0;0;125;0;42;0;
7876;1341636;1180856320;16470016;1379241984;0;0;0;0;0;0;0;0;0;0;0;2034;0;0;125;0;42;0;
7877;2958399;1180856320;16470016;1379241984;0;0;0;0;0;0;0;0;0;0;0;1914;0;0;125;0;42;0;
7878;2187503;1180856320;16470016;1379241984;0;0;0;0;0;0;0;0;0;0;0;2204;0;0;125;0;42;0;
7879;4824247;1180856320;16470016;1379241984;0;0;0;0;0;0;0;0;0;0;0;2225;0;0;125;0;42;0;
7880;2966894;1180856320;16470016;1379241984;0;0;0;0;0;0;0;0;0;0;0;2365;0;0;125;0;42;0;
7881;2518393;1180856320;16470016;1379241984;0;0;0;0;0;0;0;0;0;0;0;2014;0;0;125;0;42;0;
7882;2246593;1180856320;16470016;1379241984;0;0;0;0;0;0;0;0;0;0;0;2154;0;0;125;0;42;0;
7883;1770100;1180856320;16470016;1379241984;0;0;0;0;0;0;0;0;0;0;0;2114;0;0;125;0;42;0;
7884;1479745;1180856320;16470016;1379241984;0;0;0;0;0;0;0;0;0;0;0;2265;0;0;125;0;42;0;
7885;4457680;1180856320;16470016;1379241984;0;0;0;0;0;0;0;0;0;0;0;2294;0;0;125;0;42;0;
7886;2634080;1180856320;16470016;1379241984;0;0;0;0;0;0;0;0;0;0;0;2124;0;0;125;0;42;0;
7887;1704587;1180856320;16470016;1379241984;0;0;0;0;0;0;0;0;0;0;0;2485;0;0;125;0;42;0;
7888;1478403;1180856320;16470016;1379241984;0;0;0;0;0;0;0;0;0;0;0;2224;0;0;125;0;42;0;
7889;2391716;1180856320;16470016;1379241984;0;0;0;0;0;0;0;0;0;0;0;2515;0;0;125;0;42;0;
7890;1307702;1180856320;16470016;1379241984;0;0;0;0;0;0;0;0;0;0;0;1793;0;0;125;0;42;0;
7891;4404530;1180856320;16470016;1379241984;0;0;0;0;0;0;0;0;0;0;0;1723;0;0;125;0;42;0;
7892;3478454;1180856320;16470016;1379241984;0;0;0;0;0;0;0;0;0;0;0;2415;0;0;125;0;42;0;
7893;1626190;1180856320;16470016;1379241984;0;0;0;0;0;0;0;0;0;0;0;2024;0;0;125;0;42;0;
7894;1390899;1180856320;16470016;1379241984;0;0;0;0;0;0;0;0;0;0;0;1963;0;0;125;0;42;0;
7895;2039915;1180856320;16470016;1379241984;0;0;0;0;0;0;0;0;0;0;0;2034;0;0;125;0;42;0;
7896;1930981;1180856320;16470016;1379241984;0;0;0;0;0;0;0;0;0;0;0;2254;0;0;125;0;42;0;
7897;4853442;1180856320;16470016;1379241984;0;0;0;0;0;0;0;0;0;0;0;2054;0;0;125;0;42;0;
7898;3443548;1180856320;16470016;1379241984;0;0;0;0;0;0;0;0;0;0;0;1994;0;0;125;0;42;0;
7899;1957280;1180856320;16470016;1379241984;0;0;0;0;0;0;0;0;0;0;0;2555;0;0;125;0;42;0;
7900;1338640;1180856320;16470016;1379241984;0;0;0;0;0;0;0;0;0;0;0;2114;0;0;125;0;42;0;
7901;1686923;1180856320;16470016;1379241984;0;0;0;0;0;0;0;0;0;0;0;2144;0;0;125;0;42;0;
7902;1319284;1180856320;16470016;1379241984;0;0;0;0;0;0;0;0;0;0;0;1904;0;0;125;0;42;0;
7903;5164836;1180856320;16470016;1379241984;0;0;0;0;0;0;0;0;0;0;0;2034;0;0;125;0;42;0;
7904;4645462;1180856320;16470016;1379241984;0;0;0;0;0;0;0;0;0;0;0;4849;0;0;125;0;42;0;
7905;2686969;1180856320;16470016;1379241984;0;0;0;0;0;0;0;0;0;0;0;2444;0;0;125;0;42;0;
7906;1871009;1180856320;16470016;1379241984;0;0;0;0;0;0;0;0;0;0;0;2074;0;0;125;0;42;0;
7907;2106350;1180856320;16470016;1379241984;0;0;0;0;0;0;0;0;0;0;0;1974;0;0;125;0;42;0;
7908;1550358;1180856320;16470016;1379241984;0;0;0;0;0;0;0;0;0;0;0;1983;0;0;125;0;42;0;
7909;4713901;1180856320;16470016;1379241984;0;0;0;0;0;0;0;0;0;0;0;2344;0;0;125;0;42;0;
7910;3343030;1180856320;16470016;1379241984;0;0;0;0;0;0;0;0;0;0;0;2104;0;0;125;0;42;0;
7911;1971868;1180856320;16470016;1379241984;0;0;0;0;0;0;0;0;0;0;0;2204;0;0;125;0;42;0;
7912;1193939;1180856320;16470016;1379241984;0;0;0;0;0;0;0;0;0;0;0;2204;0;0;125;0;42;0;
7913;2277030;1180856320;16470016;1379241984;0;0;0;0;0;0;0;0;0;0;0;2264;0;0;125;0;42;0;
7914;1266024;1180856320;16470016;1379241984;0;0;0;0;0;0;0;0;0;0;0;1663;0;0;125;0;42;0;
7915;4439225;1180856320;16470016;1379241984;0;0;0;0;0;0;0;0;0;0;0;2364;0;0;125;0;42;0;
7916;5185294;1180856320;16470016;1379241984;0;0;0;0;0;0;0;0;0;0;0;6252;0;0;125;0;42;0;
7917;2421261;1180856320;16470016;1379241984;0;0;0;0;0;0;0;0;0;0;0;2375;0;0;125;0;42;0;
7918;1438548;1180856320;16470016;1379241984;0;0;0;0;0;0;0;0;0;0;0;1914;0;0;125;0;42;0;
7919;2671610;1180856320;16470016;1379241984;0;0;0;0;0;0;0;0;0;0;0;1974;0;0;125;0;42;0;
7920;3012860;1180856320;16470016;1379241984;0;0;0;0;0;0;0;0;0;0;0;6472;0;0;125;0;42;0;
7921;5601575;1180856320;16470016;1379241984;0;0;0;0;0;0;0;0;0;0;0;3347;0;0;125;0;42;0;
7922;4808458;1180856320;16470016;1379241984;0;0;0;0;0;0;0;0;0;0;0;4187;0;0;125;0;42;0;
7923;2440337;1180856320;16470016;1379241984;0;0;0;0;0;0;0;0;0;0;0;2234;0;0;125;0;42;0;
7924;2011682;1180856320;16470016;1379241984;0;0;0;0;0;0;0;0;0;0;0;1993;0;0;125;0;42;0;
7925;2582063;1180856320;16470016;1379241984;0;0;0;0;0;0;0;0;0;0;0;2134;0;0;125;0;42;0;
7926;1539317;1180856320;16470016;1379241984;0;0;0;0;0;0;0;0;0;0;0;2064;0;0;125;0;42;0;
7927;4818256;1180856320;16470016;1379241984;0;0;0;0;0;0;0;0;0;0;0;2485;0;0;125;0;42;0;
7928;3415035;1180856320;16470016;1379241984;0;0;0;0;0;0;0;0;0;0;0;2415;0;0;125;0;42;0;
7929;2110168;1180856320;16470016;1379241984;0;0;0;0;0;0;0;0;0;0;0;2044;0;0;125;0;42;0;
7930;1368667;1180856320;16470016;1379241984;0;0;0;0;0;0;0;0;0;0;0;1954;0;0;125;0;42;0;
7931;1897628;1180856320;16470016;1379241984;0;0;0;0;0;0;0;0;0;0;0;2084;0;0;125;0;42;0;
7932;1598418;1180856320;16470016;1379241984;0;0;0;0;0;0;0;0;0;0;0;2474;0;0;125;0;42;0;
7933;4537179;1180856320;16470016;1379241984;0;0;0;0;0;0;0;0;0;0;0;1733;0;0;125;0;42;0;
7934;2788008;1180856320;16470016;1379241984;0;0;0;0;0;0;0;0;0;0;0;1903;0;0;125;0;42;0;
7935;2126487;1180856320;16470016;1379241984;0;0;0;0;0;0;0;0;0;0;0;2164;0;0;125;0;42;0;
7936;1452444;1180856320;16470016;1379241984;0;0;0;0;0;0;0;0;0;0;0;2204;0;0;125;0;42;0;
7937;2227928;1180856320;16470016;1379241984;0;0;0;0;0;0;0;0;0;0;0;2204;0;0;125;0;42;0;
7938;1792572;1180856320;16470016;1379241984;0;0;0;0;0;0;0;0;0;0;0;2084;0;0;125;0;42;0;
7939;4375506;1180856320;16470016;1379241984;0;0;0;0;0;0;0;0;0;0;0;2044;0;0;125;0;42;0;
7940;2316514;1180856320;16470016;1379241984;0;0;0;0;0;0;0;0;0;0;0;2645;0;0;125;0;42;0;
7941;2022784;1180856320;16470016;1379241984;0;0;0;0;0;0;0;0;0;0;0;1863;0;0;125;0;42;0;
7942;1247389;1180856320;16470016;1379241984;0;0;0;0;0;0;0;0;0;0;0;2104;0;0;125;0;42;0;
7943;2043913;1180856320;16470016;1379241984;0;0;0;0;0;0;0;0;0;0;0;1943;0;0;125;0;42;0;
7944;1357025;1180856320;16470016;1379241984;0;0;0;0;0;0;0;0;0;0;0;2284;0;0;125;0;42;0;
7945;4437091;1180856320;16470016;1379241984;0;0;0;0;0;0;0;0;0;0;0;2274;0;0;125;0;42;0;
7946;2937469;1180856320;16470016;1379241984;0;0;0;0;0;0;0;0;0;0;0;3237;0;0;125;0;42;0;
7947;1901847;1180856320;16470016;1379241984;0;0;0;0;0;0;0;0;0;0;0;1934;0;0;125;0;42;0;
7948;1522926;1180856320;16470016;1379241984;0;0;0;0;0;0;0;0;0;0;0;1874;0;0;125;0;42;0;
7949;1792672;1180856320;16470016;1379241984;0;0;0;0;0;0;0;0;0;0;0;2154;0;0;125;0;42;0;
7950;1716108;1180856320;16470016;1379241984;0;0;0;0;0;0;0;0;0;0;0;2084;0;0;125;0;42;0;
7951;4723498;1180856320;16470016;1379241984;0;0;0;0;0;0;0;0;0;0;0;1873;0;0;125;0;42;0;
7952;2514525;1180856320;16470016;1379241984;0;0;0;0;0;0;0;0;0;0;0;2204;0;0;125;0;42;0;
7953;1850049;1180856320;16470016;1379241984;0;0;0;0;0;0;0;0;0;0;0;2185;0;0;125;0;42;0;
7954;1478784;1180856320;16470016;1379241984;0;0;0;0;0;0;0;0;0;0;0;1873;0;0;125;0;42;0;
7955;2079109;1180856320;16470016;1379241984;0;0;0;0;0;0;0;0;0;0;0;2094;0;0;125;0;42;0;
7956;1581486;1180856320;16470016;1379241984;0;0;0;0;0;0;0;0;0;0;0;2004;0;0;125;0;42;0;
7957;4582925;1180856320;16470016;1379241984;0;0;0;0;0;0;0;0;0;0;0;2194;0;0;125;0;42;0;
7958;3108129;1180856320;16470016;1379241984;0;0;0;0;0;0;0;0;0;0;0;2285;0;0;125;0;42;0;
7959;1960547;1180856320;16470016;1379241984;0;0;0;0;0;0;0;0;0;0;0;2164;0;0;125;0;42;0;
7960;1593027;1180856320;16470016;1379241984;0;0;0;0;0;0;0;0;0;0;0;2064;0;0;125;0;42;0;
7961;2677782;1180856320;16470016;1379241984;0;0;0;0;0;0;0;0;0;0;0;2074;0;0;125;0;42;0;
7962;2591951;1180856320;16470016;1379241984;0;0;0;0;0;0;0;0;0;0;0;5491;0;0;125;0;42;0;
7963;4569169;1180856320;16470016;1379241984;0;0;0;0;0;0;0;0;0;0;0;2054;0;0;125;0;42;0;
7964;3178350;1180856320;16470016;1379241984;0;0;0;0;0;0;0;0;0;0;0;2635;0;0;125;0;42;0;
7965;2913874;1180856320;16470016;1379241984;0;0;0;0;0;0;0;0;0;0;0;2064;0;0;125;0;42;0;
7966;1570054;1180856320;16470016;1379241984;0;0;0;0;0;0;0;0;0;0;0;1964;0;0;125;0;42;0;
7967;2702398;1180856320;16470016;1379241984;0;0;0;0;0;0;0;0;0;0;0;2104;0;0;125;0;42;0;
7968;2377098;1180856320;16470016;1379241984;0;0;0;0;0;0;0;0;0;0;0;2565;0;0;125;0;42;0;
7969;4677042;1180856320;16470016;1379241984;0;0;0;0;0;0;0;0;0;0;0;2094;0;0;125;0;42;0;
7970;4066165;1180856320;16470016;1379241984;0;0;0;0;0;0;0;0;0;0;0;2424;0;0;125;0;42;0;
7971;2173056;1180856320;16470016;1379241984;0;0;0;0;0;0;0;0;0;0;0;1873;0;0;125;0;42;0;
7972;1482130;1180856320;16470016;1379241984;0;0;0;0;0;0;0;0;0;0;0;1874;0;0;125;0;42;0;
7973;2621346;1180856320;16470016;1379241984;0;0;0;0;0;0;0;0;0;0;0;1954;0;0;125;0;42;0;
7974;1612765;1180856320;16470016;1379241984;0;0;0;0;0;0;0;0;0;0;0;2264;0;0;125;0;42;0;
7975;4558248;1180856320;16470016;1379241984;0;0;0;0;0;0;0;0;0;0;0;2325;0;0;125;0;42;0;
7976;3334894;1180856320;16470016;1379241984;0;0;0;0;0;0;0;0;0;0;0;2294;0;0;125;0;42;0;
7977;2121970;1180856320;16470016;1379241984;0;0;0;0;0;0;0;0;0;0;0;2064;0;0;125;0;42;0;
7978;1655936;1180856320;16470016;1379241984;0;0;0;0;0;0;0;0;0;0;0;2144;0;0;125;0;42;0;
7979;2385714;1180856320;16470016;1379241984;0;0;0;0;0;0;0;0;0;0;0;2134;0;0;125;0;42;0;
7980;1806248;1180856320;16470016;1379241984;0;0;0;0;0;0;0;0;0;0;0;2004;0;0;125;0;42;0;
7981;4466837;1180856320;16470016;1379241984;0;0;0;0;0;0;0;0;0;0;0;2434;0;0;125;0;42;0;
7982;2503576;1180856320;16470016;1379241984;0;0;0;0;0;0;0;0;0;0;0;2685;0;0;125;0;42;0;
7983;2086162;1180856320;16470016;1379241984;0;0;0;0;0;0;0;0;0;0;0;1973;0;0;125;0;42;0;
7984;2094859;1180856320;16470016;1379241984;0;0;0;0;0;0;0;0;0;0;0;1934;0;0;125;0;42;0;
7985;1863965;1180856320;16470016;1379241984;0;0;0;0;0;0;0;0;0;0;0;1913;0;0;125;0;42;0;
7986;1470799;1180856320;16470016;1379241984;0;0;0;0;0;0;0;0;0;0;0;2175;0;0;125;0;42;0;
7987;4667503;1180856320;16470016;1379241984;0;0;0;0;0;0;0;0;0;0;0;2394;0;0;125;0;42;0;
7988;2772610;1180856320;16470016;1379241984;0;0;0;0;0;0;0;0;0;0;0;2355;0;0;125;0;42;0;
7989;2139433;1180856320;16470016;1379241984;0;0;0;0;0;0;0;0;0;0;0;1854;0;0;125;0;42;0;
7990;1739442;1180856320;16470016;1379241984;0;0;0;0;0;0;0;0;0;0;0;2204;0;0;125;0;42;0;
7991;2143399;1180856320;16470016;1379241984;0;0;0;0;0;0;0;0;0;0;0;2084;0;0;125;0;42;0;
7992;1511786;1180856320;16470016;1379241984;0;0;0;0;0;0;0;0;0;0;0;1963;0;0;125;0;42;0;
7993;4529184;1180856320;16470016;1379241984;0;0;0;0;0;0;0;0;0;0;0;1963;0;0;125;0;42;0;
7994;2743675;1180856320;16470016;1379241984;0;0;0;0;0;0;0;0;0;0;0;2104;0;0;125;0;42;0;
7995;2110027;1180856320;16470016;1379241984;0;0;0;0;0;0;0;0;0;0;0;2144;0;0;125;0;42;0;
7996;1546741;1180856320;16470016;1379241984;0;0;0;0;0;0;0;0;0;0;0;2034;0;0;125;0;42;0;
7997;2402496;1180856320;16470016;1379241984;0;0;0;0;0;0;0;0;0;0;0;2094;0;0;125;0;42;0;
7998;1245707;1180856320;16470016;1379241984;0;0;0;0;0;0;0;0;0;0;0;2073;0;0;125;0;42;0;
7999;4301026;1180856320;16470016;1379241984;0;0;0;0;0;0;0;0;0;0;0;2004;0;0;125;0;42;0;
8000;2446738;1180856320;16470016;1379241984;0;0;0;0;0;0;0;0;0;0;0;1974;0;0;125;0;42;0;
8001;1935990;1180856320;16470016;1379241984;0;0;0;0;0;0;0;0;0;0;0;2054;0;0;125;0;42;0;
8002;1346997;1180856320;16470016;1379241984;0;0;0;0;0;0;0;0;0;0;0;2024;0;0;125;0;42;0;
8003;2310293;1180856320;16470016;1379241984;0;0;0;0;0;0;0;0;0;0;0;1944;0;0;125;0;42;0;
8004;1427076;1180856320;16470016;1379241984;0;0;0;0;0;0;0;0;0;0;0;1893;0;0;125;0;42;0;
8005;4383340;1180856320;16470016;1379241984;0;0;0;0;0;0;0;0;0;0;0;2244;0;0;125;0;42;0;
8006;2610085;1180856320;16470016;1379241984;0;0;0;0;0;0;0;0;0;0;0;2104;0;0;125;0;42;0;
8007;2077305;1180856320;16470016;1379241984;0;0;0;0;0;0;0;0;0;0;0;2024;0;0;125;0;42;0;
8008;1348499;1180856320;16470016;1379241984;0;0;0;0;0;0;0;0;0;0;0;2365;0;0;125;0;42;0;
8009;1726367;1180856320;16470016;1379241984;0;0;0;0;0;0;0;0;0;0;0;1933;0;0;125;0;42;0;
8010;1313654;1180856320;16470016;1379241984;0;0;0;0;0;0;0;0;0;0;0;1784;0;0;125;0;42;0;
8011;4248417;1180856320;16470016;1379241984;0;0;0;0;0;0;0;0;0;0;0;2034;0;0;125;0;42;0;
8012;2916329;1180856320;16470016;1379241984;0;0;0;0;0;0;0;0;0;0;0;2274;0;0;125;0;42;0;
8013;1959655;1180856320;16470016;1379241984;0;0;0;0;0;0;0;0;0;0;0;2214;0;0;125;0;42;0;
8014;1204128;1180856320;16470016;1379241984;0;0;0;0;0;0;0;0;0;0;0;2194;0;0;125;0;42;0;
8015;1848787;1180856320;16470016;1379241984;0;0;0;0;0;0;0;0;0;0;0;2064;0;0;125;0;42;0;
8016;1239856;1180856320;16470016;1379241984;0;0;0;0;0;0;0;0;0;0;0;2204;0;0;125;0;42;0;
8017;4684775;1180856320;16470016;1379241984;0;0;0;0;0;0;0;0;0;0;0;2084;0;0;125;0;42;0;
8018;3507047;1180856320;16470016;1379241984;0;0;0;0;0;0;0;0;0;0;0;2064;0;0;125;0;42;0;
8019;1827698;1180856320;16470016;1379241984;0;0;0;0;0;0;0;0;0;0;0;1904;0;0;125;0;42;0;
8020;1132404;1180856320;16470016;1379241984;0;0;0;0;0;0;0;0;0;0;0;2284;0;0;125;0;42;0;
8021;1867111;1180856320;16470016;1379241984;0;0;0;0;0;0;0;0;0;0;0;2084;0;0;125;0;42;0;
8022;1256857;1180856320;16470016;1379241984;0;0;0;0;0;0;0;0;0;0;0;1913;0;0;125;0;42;0;
8023;4246614;1180856320;16470016;1379241984;0;0;0;0;0;0;0;0;0;0;0;2074;0;0;125;0;42;0;
8024;2307367;1180856320;16470016;1379241984;0;0;0;0;0;0;0;0;0;0;0;2625;0;0;125;0;42;0;
8025;1648361;1180856320;16470016;1379241984;0;0;0;0;0;0;0;0;0;0;0;1954;0;0;125;0;42;0;
8026;1377884;1180856320;16470016;1379241984;0;0;0;0;0;0;0;0;0;0;0;2064;0;0;125;0;42;0;
8027;2229882;1180856320;16470016;1379241984;0;0;0;0;0;0;0;0;0;0;0;2244;0;0;125;0;42;0;
8028;1227492;1180856320;16470016;1379241984;0;0;0;0;0;0;0;0;0;0;0;2224;0;0;125;0;42;0;
8029;4636816;1180856320;16470016;1379241984;0;0;0;0;0;0;0;0;0;0;0;2134;0;0;125;0;42;0;
8030;2585198;1180856320;16470016;1379241984;0;0;0;0;0;0;0;0;0;0;0;2284;0;0;125;0;42;0;
8031;1890926;1180856320;16470016;1379241984;0;0;0;0;0;0;0;0;0;0;0;2164;0;0;125;0;42;0;
8032;1450791;1180856320;16470016;1379241984;0;0;0;0;0;0;0;0;0;0;0;2305;0;0;125;0;42;0;
8033;2116610;1180856320;16470016;1379241984;0;0;0;0;0;0;0;0;0;0;0;2174;0;0;125;0;42;0;
8034;1284830;1180856320;16470016;1379241984;0;0;0;0;0;0;0;0;0;0;0;2024;0;0;125;0;42;0;
8035;4244109;1180856320;16470016;1379241984;0;0;0;0;0;0;0;0;0;0;0;2114;0;0;125;0;42;0;
8036;2688652;1180856320;16470016;1379241984;0;0;0;0;0;0;0;0;0;0;0;2165;0;0;125;0;42;0;
8037;2200807;1180856320;16470016;1379241984;0;0;0;0;0;0;0;0;0;0;0;2094;0;0;125;0;42;0;
8038;1265603;1180856320;16470016;1379241984;0;0;0;0;0;0;0;0;0;0;0;2645;0;0;125;0;42;0;
8039;1892670;1180856320;16470016;1379241984;0;0;0;0;0;0;0;0;0;0;0;2334;0;0;125;0;42;0;
8040;1768056;1180856320;16470016;1379241984;0;0;0;0;0;0;0;0;0;0;0;2124;0;0;125;0;42;0;
8041;4744879;1180856320;16470016;1379241984;0;0;0;0;0;0;0;0;0;0;0;2114;0;0;125;0;42;0;
8042;2868790;1180856320;16470016;1379241984;0;0;0;0;0;0;0;0;0;0;0;1924;0;0;125;0;42;0;
8043;1730686;1180856320;16470016;1379241984;0;0;0;0;0;0;0;0;0;0;0;2344;0;0;125;0;42;0;
8044;1185864;1180856320;16470016;1379241984;0;0;0;0;0;0;0;0;0;0;0;2235;0;0;125;0;42;0;
8045;1619688;1180856320;16470016;1379241984;0;0;0;0;0;0;0;0;0;0;0;1844;0;0;125;0;42;0;
8046;1150127;1180856320;16470016;1379241984;0;0;0;0;0;0;0;0;0;0;0;1993;0;0;125;0;42;0;
8047;4352433;1180856320;16470016;1379241984;0;0;0;0;0;0;0;0;0;0;0;2374;0;0;125;0;42;0;
8048;2775095;1180856320;16470016;1379241984;0;0;0;0;0;0;0;0;0;0;0;2484;0;0;125;0;42;0;
8049;1930060;1180856320;16470016;1379241984;0;0;0;0;0;0;0;0;0;0;0;2375;0;0;125;0;42;0;
8050;1228013;1180856320;16470016;1379241984;0;0;0;0;0;0;0;0;0;0;0;2214;0;0;125;0;42;0;
8051;1706651;1180856320;16470016;1379241984;0;0;0;0;0;0;0;0;0;0;0;2295;0;0;125;0;42;0;
8052;1367654;1180856320;16470016;1379241984;0;0;0;0;0;0;0;0;0;0;0;2415;0;0;125;0;42;0;
8053;4436150;1180856320;16470016;1379241984;0;0;0;0;0;0;0;0;0;0;0;1964;0;0;125;0;42;0;
8054;2799510;1180856320;16470016;1379241984;0;0;0;0;0;0;0;0;0;0;0;2485;0;0;125;0;42;0;
8055;1823960;1180856320;16470016;1379241984;0;0;0;0;0;0;0;0;0;0;0;2325;0;0;125;0;42;0;
8056;1135299;1180856320;16470016;1379241984;0;0;0;0;0;0;0;0;0;0;0;1903;0;0;125;0;42;0;
8057;1771432;1180856320;16470016;1379241984;0;0;0;0;0;0;0;0;0;0;0;1894;0;0;125;0;42;0;
8058;1470929;1180856320;16470016;1379241984;0;0;0;0;0;0;0;0;0;0;0;1943;0;0;125;0;42;0;
8059;4656924;1180856320;16470016;1379241984;0;0;0;0;0;0;0;0;0;0;0;2244;0;0;125;0;42;0;
8060;2761940;1180856320;16470016;1379241984;0;0;0;0;0;0;0;0;0;0;0;2054;0;0;125;0;42;0;
8061;1860869;1180856320;16470016;1379241984;0;0;0;0;0;0;0;0;0;0;0;2275;0;0;125;0;42;0;
8062;2630684;1180856320;16470016;1379241984;0;0;0;0;0;0;0;0;0;0;0;4598;0;0;125;0;42;0;
8063;2662774;1180856320;16470016;1379241984;0;0;0;0;0;0;0;0;0;0;0;1994;0;0;125;0;42;0;
8064;1853025;1180856320;16470016;1379241984;0;0;0;0;0;0;0;0;0;0;0;1873;0;0;125;0;42;0;
8065;4794722;1180856320;16470016;1379241984;0;0;0;0;0;0;0;0;0;0;0;1934;0;0;125;0;42;0;
8066;3267037;1180856320;16470016;1379241984;0;0;0;0;0;0;0;0;0;0;0;2305;0;0;125;0;42;0;
8067;2093696;1180856320;16470016;1379241984;0;0;0;0;0;0;0;0;0;0;0;2314;0;0;125;0;42;0;
8068;1711930;1180856320;16470016;1379241984;0;0;0;0;0;0;0;0;0;0;0;2204;0;0;125;0;42;0;
8069;2603082;1180856320;16470016;1379241984;0;0;0;0;0;0;0;0;0;0;0;2214;0;0;125;0;42;0;
8070;1428379;1180856320;16470016;1379241984;0;0;0;0;0;0;0;0;0;0;0;2464;0;0;125;0;42;0;
8071;4882616;1180856320;16470016;1379241984;0;0;0;0;0;0;0;0;0;0;0;2365;0;0;125;0;42;0;
8072;2885502;1180856320;16470016;1379241984;0;0;0;0;0;0;0;0;0;0;0;2865;0;0;125;0;42;0;
8073;2485902;1180856320;16470016;1379241984;0;0;0;0;0;0;0;0;0;0;0;2294;0;0;125;0;42;0;
8074;2508955;1180856320;16470016;1379241984;0;0;0;0;0;0;0;0;0;0;0;2204;0;0;125;0;42;0;
8075;1915552;1180856320;16470016;1379241984;0;0;0;0;0;0;0;0;0;0;0;2294;0;0;125;0;42;0;
8076;1469706;1180856320;16470016;1379241984;0;0;0;0;0;0;0;0;0;0;0;2294;0;0;125;0;42;0;
8077;4772451;1180856320;16470016;1379241984;0;0;0;0;0;0;0;0;0;0;0;2043;0;0;125;0;42;0;
8078;2848642;1180856320;16470016;1379241984;0;0;0;0;0;0;0;0;0;0;0;1934;0;0;125;0;42;0;
8079;2616136;1180856320;16470016;1379241984;0;0;0;0;0;0;0;0;0;0;0;2144;0;0;125;0;42;0;
8080;2036639;1180856320;16470016;1379241984;0;0;0;0;0;0;0;0;0;0;0;2004;0;0;125;0;42;0;
8081;2014328;1180856320;16470016;1379241984;0;0;0;0;0;0;0;0;0;0;0;2024;0;0;125;0;42;0;
8082;1624467;1180856320;16470016;1379241984;0;0;0;0;0;0;0;0;0;0;0;2174;0;0;125;0;42;0;
8083;4314391;1180856320;16470016;1379241984;0;0;0;0;0;0;0;0;0;0;0;1884;0;0;125;0;42;0;
8084;2779833;1180856320;16470016;1379241984;0;0;0;0;0;0;0;0;0;0;0;2996;0;0;125;0;42;0;
8085;1938215;1180856320;16470016;1379241984;0;0;0;0;0;0;0;0;0;0;0;2114;0;0;125;0;42;0;
8086;1457744;1180856320;16470016;1379241984;0;0;0;0;0;0;0;0;0;0;0;2165;0;0;125;0;42;0;
8087;2169439;1180856320;16470016;1379241984;0;0;0;0;0;0;0;0;0;0;0;2054;0;0;125;0;42;0;
8088;1723963;1180856320;16470016;1379241984;0;0;0;0;0;0;0;0;0;0;0;1974;0;0;125;0;42;0;
8089;4571734;1180856320;16470016;1379241984;0;0;0;0;0;0;0;0;0;0;0;2214;0;0;125;0;42;0;
8090;2958057;1180856320;16470016;1379241984;0;0;0;0;0;0;0;0;0;0;0;2114;0;0;125;0;42;0;
8091;2175930;1180856320;16470016;1379241984;0;0;0;0;0;0;0;0;0;0;0;2104;0;0;125;0;42;0;
8092;1399845;1180856320;16470016;1379241984;0;0;0;0;0;0;0;0;0;0;0;1984;0;0;125;0;42;0;
8093;2183255;1180856320;16470016;1379241984;0;0;0;0;0;0;0;0;0;0;0;2304;0;0;125;0;42;0;
8094;1578240;1180856320;16470016;1379241984;0;0;0;0;0;0;0;0;0;0;0;2064;0;0;125;0;42;0;
8095;4650932;1180856320;16470016;1379241984;0;0;0;0;0;0;0;0;0;0;0;2264;0;0;125;0;42;0;
8096;3227213;1180856320;16470016;1379241984;0;0;0;0;0;0;0;0;0;0;0;2545;0;0;125;0;42;0;
8097;2011893;1180856320;16470016;1379241984;0;0;0;0;0;0;0;0;0;0;0;1894;0;0;125;0;42;0;
8098;1332499;1180856320;16470016;1379241984;0;0;0;0;0;0;0;0;0;0;0;1954;0;0;125;0;42;0;
8099;1821566;1180856320;16470016;1379241984;0;0;0;0;0;0;0;0;0;0;0;2174;0;0;125;0;42;0;
8100;2078478;1180856320;16470016;1379241984;0;0;0;0;0;0;0;0;0;0;0;1944;0;0;125;0;42;0;
8101;4856699;1180856320;16470016;1379241984;0;0;0;0;0;0;0;0;0;0;0;2024;0;0;125;0;42;0;
8102;2122992;1180856320;16470016;1379241984;0;0;0;0;0;0;0;0;0;0;0;1994;0;0;125;0;42;0;
8103;1628334;1180856320;16470016;1379241984;0;0;0;0;0;0;0;0;0;0;0;2144;0;0;125;0;42;0;
8104;1526704;1180856320;16470016;1379241984;0;0;0;0;0;0;0;0;0;0;0;2375;0;0;125;0;42;0;
8105;1626560;1180856320;16470016;1379241984;0;0;0;0;0;0;0;0;0;0;0;2134;0;0;125;0;42;0;
8106;1214468;1180856320;16470016;1379241984;0;0;0;0;0;0;0;0;0;0;0;2114;0;0;125;0;42;0;
8107;4172885;1180856320;16470016;1379241984;0;0;0;0;0;0;0;0;0;0;0;1914;0;0;125;0;42;0;
8108;2742784;1180856320;16470016;1379241984;0;0;0;0;0;0;0;0;0;0;0;2365;0;0;125;0;42;0;
8109;1858996;1180856320;16470016;1379241984;0;0;0;0;0;0;0;0;0;0;0;2064;0;0;125;0;42;0;
8110;1397401;1180856320;16470016;1379241984;0;0;0;0;0;0;0;0;0;0;0;2104;0;0;125;0;42;0;
8111;2161885;1180856320;16470016;1379241984;0;0;0;0;0;0;0;0;0;0;0;2114;0;0;125;0;42;0;
8112;1822688;1180856320;16470016;1379241984;0;0;0;0;0;0;0;0;0;0;0;2094;0;0;125;0;42;0;
8113;4677202;1180856320;16470016;1379241984;0;0;0;0;0;0;0;0;0;0;0;1974;0;0;125;0;42;0;
8114;2820690;1180856320;16470016;1379241984;0;0;0;0;0;0;0;0;0;0;0;2184;0;0;125;0;42;0;
8115;1740724;1180856320;16470016;1379241984;0;0;0;0;0;0;0;0;0;0;0;1914;0;0;125;0;42;0;
8116;1363717;1180856320;16470016;1379241984;0;0;0;0;0;0;0;0;0;0;0;3015;0;0;125;0;42;0;
8117;1812018;1180856320;16470016;1379241984;0;0;0;0;0;0;0;0;0;0;0;2154;0;0;125;0;42;0;
8118;1403602;1180856320;16470016;1379241984;0;0;0;0;0;0;0;0;0;0;0;2234;0;0;125;0;42;0;
8119;4221196;1180856320;16470016;1379241984;0;0;0;0;0;0;0;0;0;0;0;1833;0;0;125;0;42;0;
8120;3413662;1180856320;16470016;1379241984;0;0;0;0;0;0;0;0;0;0;0;3056;0;0;125;0;42;0;
8121;2450115;1180856320;16470016;1379241984;0;0;0;0;0;0;0;0;0;0;0;2224;0;0;125;0;42;0;
8122;1468554;1180856320;16470016;1379241984;0;0;0;0;0;0;0;0;0;0;0;2225;0;0;125;0;42;0;
8123;1744742;1180856320;16470016;1379241984;0;0;0;0;0;0;0;0;0;0;0;2514;0;0;125;0;42;0;
8124;1407960;1180856320;16470016;1379241984;0;0;0;0;0;0;0;0;0;0;0;2184;0;0;125;0;42;0;
8125;4345710;1180856320;16470016;1379241984;0;0;0;0;0;0;0;0;0;0;0;2244;0;0;125;0;42;0;
8126;2734769;1180856320;16470016;1379241984;0;0;0;0;0;0;0;0;0;0;0;2084;0;0;125;0;42;0;
8127;3096036;1180856320;16470016;1379241984;0;0;0;0;0;0;0;0;0;0;0;2014;0;0;125;0;42;0;
8128;1457012;1180856320;16470016;1379241984;0;0;0;0;0;0;0;0;0;0;0;2144;0;0;125;0;42;0;
8129;2421331;1180856320;16470016;1379241984;0;0;0;0;0;0;0;0;0;0;0;2004;0;0;125;0;42;0;
8130;1214848;1180856320;16470016;1379241984;0;0;0;0;0;0;0;0;0;0;0;1954;0;0;125;0;42;0;
8131;4555985;1180856320;16470016;1379241984;0;0;0;0;0;0;0;0;0;0;0;2154;0;0;125;0;42;0;
8132;2777098;1180856320;16470016;1379241984;0;0;0;0;0;0;0;0;0;0;0;2204;0;0;125;0;42;0;
8133;1879625;1180856320;16470016;1379241984;0;0;0;0;0;0;0;0;0;0;0;2104;0;0;125;0;42;0;
8134;1117045;1180856320;16470016;1379241984;0;0;0;0;0;0;0;0;0;0;0;17904;0;0;125;0;42;0;
8135;1848356;1180856320;16470016;1379241984;0;0;0;0;0;0;0;0;0;0;0;1893;0;0;125;0;42;0;
8136;1405376;1180856320;16470016;1379241984;0;0;0;0;0;0;0;0;0;0;0;1923;0;0;125;0;42;0;
8137;4246744;1180856320;16470016;1379241984;0;0;0;0;0;0;0;0;0;0;0;2184;0;0;125;0;42;0;
8138;3825334;1180856320;16470016;1379241984;0;0;0;0;0;0;0;0;0;0;0;2023;0;0;125;0;42;0;
8139;1816867;1180856320;16470016;1379241984;0;0;0;0;0;0;0;0;0;0;0;2114;0;0;125;0;42;0;
8140;1418349;1180856320;16470016;1379241984;0;0;0;0;0;0;0;0;0;0;0;2164;0;0;125;0;42;0;
8141;1894913;1180856320;16470016;1379241984;0;0;0;0;0;0;0;0;0;0;0;2214;0;0;125;0;42;0;
8142;1289859;1180856320;16470016;1379241984;0;0;0;0;0;0;0;0;0;0;0;2064;0;0;125;0;42;0;
8143;4432302;1180856320;16470016;1379241984;0;0;0;0;0;0;0;0;0;0;0;2295;0;0;125;0;42;0;
8144;3207044;1180856320;16470016;1379241984;0;0;0;0;0;0;0;0;0;0;0;2855;0;0;125;0;42;0;
8145;2701686;1180856320;16470016;1379241984;0;0;0;0;0;0;0;0;0;0;0;2214;0;0;125;0;42;0;
8146;1403132;1180856320;16470016;1379241984;0;0;0;0;0;0;0;0;0;0;0;2103;0;0;125;0;42;0;
8147;1587066;1180856320;16470016;1379241984;0;0;0;0;0;0;0;0;0;0;0;2033;0;0;125;0;42;0;
8148;1173631;1180856320;16470016;1379241984;0;0;0;0;0;0;0;0;0;0;0;2195;0;0;125;0;42;0;
8149;4297950;1180856320;16470016;1379241984;0;0;0;0;0;0;0;0;0;0;0;1914;0;0;125;0;42;0;
8150;2617329;1180856320;16470016;1379241984;0;0;0;0;0;0;0;0;0;0;0;2615;0;0;125;0;42;0;
8151;1528556;1180856320;16470016;1379241984;0;0;0;0;0;0;0;0;0;0;0;2084;0;0;125;0;42;0;
8152;1453767;1180856320;16470016;1379241984;0;0;0;0;0;0;0;0;0;0;0;1933;0;0;125;0;42;0;
8153;1783766;1180856320;16470016;1379241984;0;0;0;0;0;0;0;0;0;0;0;1843;0;0;125;0;42;0;
8154;1290791;1180856320;16470016;1379241984;0;0;0;0;0;0;0;0;0;0;0;1954;0;0;125;0;42;0;
8155;4207921;1180856320;16470016;1379241984;0;0;0;0;0;0;0;0;0;0;0;2104;0;0;125;0;42;0;
8156;3255956;1180856320;16470016;1379241984;0;0;0;0;0;0;0;0;0;0;0;2786;0;0;125;0;42;0;
8157;1672486;1180856320;16470016;1379241984;0;0;0;0;0;0;0;0;0;0;0;1774;0;0;125;0;42;0;
8158;1177979;1180856320;16470016;1379241984;0;0;0;0;0;0;0;0;0;0;0;2114;0;0;125;0;42;0;
8159;1676505;1180856320;16470016;1379241984;0;0;0;0;0;0;0;0;0;0;0;2485;0;0;125;0;42;0;
8160;1556659;1180856320;16470016;1379241984;0;0;0;0;0;0;0;0;0;0;0;1954;0;0;125;0;42;0;
8161;4477698;1180856320;16470016;1379241984;0;0;0;0;0;0;0;0;0;0;0;2214;0;0;125;0;42;0;
8162;3096067;1180856320;16470016;1379241984;0;0;0;0;0;0;0;0;0;0;0;2164;0;0;125;0;42;0;
8163;2080011;1180856320;16470016;1379241984;0;0;0;0;0;0;0;0;0;0;0;2334;0;0;125;0;42;0;
8164;1549326;1180856320;16470016;1379241984;0;0;0;0;0;0;0;0;0;0;0;2074;0;0;125;0;42;0;
8165;2072076;1180856320;16470016;1379241984;0;0;0;0;0;0;0;0;0;0;0;1733;0;0;125;0;42;0;
8166;1699758;1180856320;16470016;1379241984;0;0;0;0;0;0;0;0;0;0;0;2254;0;0;125;0;42;0;
8167;4984428;1180856320;16470016;1379241984;0;0;0;0;0;0;0;0;0;0;0;2795;0;0;125;0;42;0;
8168;3078514;1180856320;16470016;1379241984;0;0;0;0;0;0;0;0;0;0;0;2515;0;0;125;0;42;0;
8169;1912437;1180856320;16470016;1379241984;0;0;0;0;0;0;0;0;0;0;0;1973;0;0;125;0;42;0;
8170;1779196;1180856320;16470016;1379241984;0;0;0;0;0;0;0;0;0;0;0;2124;0;0;125;0;42;0;
8171;1645817;1180856320;16470016;1379241984;0;0;0;0;0;0;0;0;0;0;0;2004;0;0;125;0;42;0;
8172;1188279;1180856320;16470016;1379241984;0;0;0;0;0;0;0;0;0;0;0;2234;0;0;125;0;42;0;
8173;4214974;1180856320;16470016;1379241984;0;0;0;0;0;0;0;0;0;0;0;1933;0;0;125;0;42;0;
8174;2634591;1180856320;16470016;1379241984;0;0;0;0;0;0;0;0;0;0;0;2354;0;0;125;0;42;0;
8175;1696461;1180856320;16470016;1379241984;0;0;0;0;0;0;0;0;0;0;0;1944;0;0;125;0;42;0;
8176;1365361;1180856320;16470016;1379241984;0;0;0;0;0;0;0;0;0;0;0;2044;0;0;125;0;42;0;
8177;1603116;1180856320;16470016;1379241984;0;0;0;0;0;0;0;0;0;0;0;1943;0;0;125;0;42;0;
8178;1530039;1180856320;16470016;1379241984;0;0;0;0;0;0;0;0;0;0;0;2675;0;0;125;0;42;0;
8179;4501592;1180856320;16470016;1379241984;0;0;0;0;0;0;0;0;0;0;0;2485;0;0;125;0;42;0;
8180;2687390;1180856320;16470016;1379241984;0;0;0;0;0;0;0;0;0;0;0;2054;0;0;125;0;42;0;
8181;2088055;1180856320;16470016;1379241984;0;0;0;0;0;0;0;0;0;0;0;2315;0;0;125;0;42;0;
8182;1273749;1180856320;16470016;1379241984;0;0;0;0;0;0;0;0;0;0;0;1954;0;0;125;0;42;0;
8183;2210625;1180856320;16470016;1379241984;0;0;0;0;0;0;0;0;0;0;0;2054;0;0;125;0;42;0;
8184;1180394;1180856320;16470016;1379241984;0;0;0;0;0;0;0;0;0;0;0;1933;0;0;125;0;42;0;
8185;4349277;1180856320;16470016;1379241984;0;0;0;0;0;0;0;0;0;0;0;1924;0;0;125;0;42;0;
8186;2808898;1180856320;16470016;1379241984;0;0;0;0;0;0;0;0;0;0;0;1753;0;0;125;0;42;0;
8187;2381716;1180856320;16470016;1379241984;0;0;0;0;0;0;0;0;0;0;0;2174;0;0;125;0;42;0;
8188;1515483;1180856320;16470016;1379241984;0;0;0;0;0;0;0;0;0;0;0;2294;0;0;125;0;42;0;
8189;1712051;1180856320;16470016;1379241984;0;0;0;0;0;0;0;0;0;0;0;2165;0;0;125;0;42;0;
8190;1235908;1180856320;16470016;1379241984;0;0;0;0;0;0;0;0;0;0;0;2063;0;0;125;0;42;0;
8191;4490863;1180856320;16470016;1379241984;0;0;0;0;0;0;0;0;0;0;0;2134;0;0;125;0;42;0;
8192;2862808;1180856320;16470016;1379241984;0;0;0;0;0;0;0;0;0;0;0;2404;0;0;125;0;42;0;
8193;2112372;1180856320;16470016;1379241984;0;0;0;0;0;0;0;0;0;0;0;2124;0;0;125;0;42;0;
8194;1490856;1180856320;16470016;1379241984;0;0;0;0;0;0;0;0;0;0;0;2013;0;0;125;0;42;0;
8195;1987227;1180856320;16470016;1379241984;0;0;0;0;0;0;0;0;0;0;0;1954;0;0;125;0;42;0;
8196;1825593;1180856320;16470016;1379241984;0;0;0;0;0;0;0;0;0;0;0;2034;0;0;125;0;42;0;
8197;4604766;1180856320;16470016;1379241984;0;0;0;0;0;0;0;0;0;0;0;2114;0;0;125;0;42;0;
8198;3136682;1180856320;16470016;1379241984;0;0;0;0;0;0;0;0;0;0;0;1994;0;0;125;0;42;0;
8199;1795417;1180856320;16470016;1379241984;0;0;0;0;0;0;0;0;0;0;0;2234;0;0;125;0;42;0;
8200;1425112;1180856320;16470016;1379241984;0;0;0;0;0;0;0;0;0;0;0;2063;0;0;125;0;42;0;
8201;1773326;1180856320;16470016;1379241984;0;0;0;0;0;0;0;0;0;0;0;2014;0;0;125;0;42;0;
8202;1604239;1180856320;16470016;1379241984;0;0;0;0;0;0;0;0;0;0;0;1954;0;0;125;0;42;0;
8203;4483328;1180856320;16470016;1379241984;0;0;0;0;0;0;0;0;0;0;0;2083;0;0;125;0;42;0;
8204;2439415;1180856320;16470016;1379241984;0;0;0;0;0;0;0;0;0;0;0;2003;0;0;125;0;42;0;
8205;1813531;1180856320;16470016;1379241984;0;0;0;0;0;0;0;0;0;0;0;1914;0;0;125;0;42;0;
8206;1378334;1180856320;16470016;1379241984;0;0;0;0;0;0;0;0;0;0;0;1914;0;0;125;0;42;0;
8207;2034615;1180856320;16470016;1379241984;0;0;0;0;0;0;0;0;0;0;0;2073;0;0;125;0;42;0;
8208;1161618;1180856320;16470016;1379241984;0;0;0;0;0;0;0;0;0;0;0;2194;0;0;125;0;42;0;
8209;4404971;1180856320;16470016;1379241984;0;0;0;0;0;0;0;0;0;0;0;2294;0;0;125;0;42;0;
8210;3658952;1180856320;16470016;1379241984;0;0;0;0;0;0;0;0;0;0;0;2494;0;0;125;0;42;0;
8211;1974393;1180856320;16470016;1379241984;0;0;0;0;0;0;0;0;0;0;0;2124;0;0;125;0;42;0;
8212;1735605;1180856320;16470016;1379241984;0;0;0;0;0;0;0;0;0;0;0;1953;0;0;125;0;42;0;
8213;1975364;1180856320;16470016;1379241984;0;0;0;0;0;0;0;0;0;0;0;2144;0;0;125;0;42;0;
8214;1503440;1180856320;16470016;1379241984;0;0;0;0;0;0;0;0;0;0;0;1954;0;0;125;0;42;0;
8215;4746201;1180856320;16470016;1379241984;0;0;0;0;0;0;0;0;0;0;0;2064;0;0;125;0;42;0;
8216;5119261;1180856320;16470016;1379241984;0;0;0;0;0;0;0;0;0;0;0;7174;0;0;125;0;42;0;
8217;2266090;1180856320;16470016;1379241984;0;0;0;0;0;0;0;0;0;0;0;2355;0;0;125;0;42;0;
8218;7454199;1180856320;16470016;1379241984;0;0;0;0;0;0;0;0;0;0;0;1874;0;0;125;0;42;0;
8219;2586080;1180856320;16470016;1379241984;0;0;0;0;0;0;0;0;0;0;0;2184;0;0;125;0;42;0;
8220;1841834;1180856320;16470016;1379241984;0;0;0;0;0;0;0;0;0;0;0;1843;0;0;125;0;42;0;
8221;5387453;1180856320;16470016;1379241984;0;0;0;0;0;0;0;0;0;0;0;1964;0;0;125;0;42;0;
8222;3541512;1180856320;16470016;1379241984;0;0;0;0;0;0;0;0;0;0;0;2425;0;0;125;0;42;0;
8223;2577714;1180856320;16470016;1379241984;0;0;0;0;0;0;0;0;0;0;0;2114;0;0;125;0;42;0;
8224;1977148;1180856320;16470016;1379241984;0;0;0;0;0;0;0;0;0;0;0;2174;0;0;125;0;42;0;
8225;2258375;1180856320;16470016;1379241984;0;0;0;0;0;0;0;0;0;0;0;2205;0;0;125;0;42;0;
8226;1871310;1180856320;16470016;1379241984;0;0;0;0;0;0;0;0;0;0;0;1913;0;0;125;0;42;0;
8227;4751230;1180856320;16470016;1379241984;0;0;0;0;0;0;0;0;0;0;0;2134;0;0;125;0;42;0;
8228;3710298;1180856320;16470016;1379241984;0;0;0;0;0;0;0;0;0;0;0;2265;0;0;125;0;42;0;
8229;2021822;1180856320;16470016;1379241984;0;0;0;0;0;0;0;0;0;0;0;2605;0;0;125;0;42;0;
8230;1370871;1180856320;16470016;1379241984;0;0;0;0;0;0;0;0;0;0;0;2124;0;0;125;0;42;0;
8231;2106139;1180856320;16470016;1379241984;0;0;0;0;0;0;0;0;0;0;0;1994;0;0;125;0;42;0;
8232;1510243;1180856320;16470016;1379241984;0;0;0;0;0;0;0;0;0;0;0;2124;0;0;125;0;42;0;
8233;5023992;1180856320;16470016;1379241984;0;0;0;0;0;0;0;0;0;0;0;2054;0;0;125;0;42;0;
8234;3634316;1180856320;16470016;1379241984;0;0;0;0;0;0;0;0;0;0;0;2224;0;0;125;0;42;0;
8235;2531448;1180856320;16470016;1379241984;0;0;0;0;0;0;0;0;0;0;0;2094;0;0;125;0;42;0;
8236;1648532;1180856320;16470016;1379241984;0;0;0;0;0;0;0;0;0;0;0;2174;0;0;125;0;42;0;
8237;1956309;1180856320;16470016;1379241984;0;0;0;0;0;0;0;0;0;0;0;2214;0;0;125;0;42;0;
8238;1695119;1180856320;16470016;1379241984;0;0;0;0;0;0;0;0;0;0;0;2344;0;0;125;0;42;0;
8239;4577023;1180856320;16470016;1379241984;0;0;0;0;0;0;0;0;0;0;0;2214;0;0;125;0;42;0;
8240;2716084;1180856320;16470016;1379241984;0;0;0;0;0;0;0;0;0;0;0;2635;0;0;125;0;42;0;
8241;1800196;1180856320;16470016;1379241984;0;0;0;0;0;0;0;0;0;0;0;1843;0;0;125;0;42;0;
8242;1110443;1180856320;16470016;1379241984;0;0;0;0;0;0;0;0;0;0;0;2255;0;0;125;0;42;0;
8243;1837657;1180856320;16470016;1379241984;0;0;0;0;0;0;0;0;0;0;0;1973;0;0;125;0;42;0;
8244;1563131;1180856320;16470016;1379241984;0;0;0;0;0;0;0;0;0;0;0;1994;0;0;125;0;42;0;
8245;4781196;1180856320;16470016;1379241984;0;0;0;0;0;0;0;0;0;0;0;1904;0;0;125;0;42;0;
8246;3243212;1180856320;16470016;1379241984;0;0;0;0;0;0;0;0;0;0;0;2635;0;0;125;0;42;0;
8247;2271500;1180856320;16470016;1379241984;0;0;0;0;0;0;0;0;0;0;0;2003;0;0;125;0;42;0;
8248;1163102;1180856320;16470016;1379241984;0;0;0;0;0;0;0;0;0;0;0;1933;0;0;125;0;42;0;
8249;1946169;1180856320;16470016;1379241984;0;0;0;0;0;0;0;0;0;0;0;2124;0;0;125;0;42;0;
8250;1410194;1180856320;16470016;1379241984;0;0;0;0;0;0;0;0;0;0;0;2144;0;0;125;0;42;0;
8251;4248808;1180856320;16470016;1379241984;0;0;0;0;0;0;0;0;0;0;0;2034;0;0;125;0;42;0;
8252;3191635;1180856320;16470016;1379241984;0;0;0;0;0;0;0;0;0;0;0;2314;0;0;125;0;42;0;
8253;2369604;1180856320;16470016;1379241984;0;0;0;0;0;0;0;0;0;0;0;1953;0;0;125;0;42;0;
8254;2278483;1180856320;16470016;1379241984;0;0;0;0;0;0;0;0;0;0;0;2013;0;0;125;0;42;0;
8255;1607995;1180856320;16470016;1379241984;0;0;0;0;0;0;0;0;0;0;0;1984;0;0;125;0;42;0;
8256;1473874;1180856320;16470016;1379241984;0;0;0;0;0;0;0;0;0;0;0;2064;0;0;125;0;42;0;
8257;4313490;1180856320;16470016;1379241984;0;0;0;0;0;0;0;0;0;0;0;2355;0;0;125;0;42;0;
8258;2393909;1180856320;16470016;1379241984;0;0;0;0;0;0;0;0;0;0;0;2394;0;0;125;0;42;0;
8259;1862413;1180856320;16470016;1379241984;0;0;0;0;0;0;0;0;0;0;0;2204;0;0;125;0;42;0;
8260;1411447;1180856320;16470016;1379241984;0;0;0;0;0;0;0;0;0;0;0;1983;0;0;125;0;42;0;
8261;1774779;1180856320;16470016;1379241984;0;0;0;0;0;0;0;0;0;0;0;2194;0;0;125;0;42;0;
8262;1856972;1180856320;16470016;1379241984;0;0;0;0;0;0;0;0;0;0;0;2164;0;0;125;0;42;0;
8263;4708961;1180856320;16470016;1379241984;0;0;0;0;0;0;0;0;0;0;0;1874;0;0;125;0;42;0;
8264;8335402;1180856320;16470016;1379241984;0;0;0;0;0;0;0;0;0;0;0;1904;0;0;125;0;42;0;
8265;1952392;1180856320;16470016;1379241984;0;0;0;0;0;0;0;0;0;0;0;2314;0;0;125;0;42;0;
8266;1336977;1180856320;16470016;1379241984;0;0;0;0;0;0;0;0;0;0;0;2314;0;0;125;0;42;0;
8267;2179447;1180856320;16470016;1379241984;0;0;0;0;0;0;0;0;0;0;0;2214;0;0;125;0;42;0;
8268;1601493;1180856320;16470016;1379241984;0;0;0;0;0;0;0;0;0;0;0;2134;0;0;125;0;42;0;
8269;4378431;1180856320;16470016;1379241984;0;0;0;0;0;0;0;0;0;0;0;1974;0;0;125;0;42;0;
8270;3153454;1180856320;16470016;1379241984;0;0;0;0;0;0;0;0;0;0;0;3176;0;0;125;0;42;0;
8271;1747216;1180856320;16470016;1379241984;0;0;0;0;0;0;0;0;0;0;0;1843;0;0;125;0;42;0;
8272;1589721;1180856320;16470016;1379241984;0;0;0;0;0;0;0;0;0;0;0;10359;0;0;125;0;42;0;
8273;2120106;1180856320;16470016;1379241984;0;0;0;0;0;0;0;0;0;0;0;2204;0;0;125;0;42;0;
8274;1719114;1180856320;16470016;1379241984;0;0;0;0;0;0;0;0;0;0;0;2064;0;0;125;0;42;0;
8275;4510820;1180856320;16470016;1379241984;0;0;0;0;0;0;0;0;0;0;0;2204;0;0;125;0;42;0;
8276;3817419;1180856320;16470016;1379241984;0;0;0;0;0;0;0;0;0;0;0;2244;0;0;125;0;42;0;
8277;1991295;1180856320;16470016;1379241984;0;0;0;0;0;0;0;0;0;0;0;1973;0;0;125;0;42;0;
8278;1180354;1180856320;16470016;1379241984;0;0;0;0;0;0;0;0;0;0;0;1854;0;0;125;0;42;0;
8279;2338856;1180856320;16470016;1379241984;0;0;0;0;0;0;0;0;0;0;0;2134;0;0;125;0;42;0;
8280;2203653;1180856320;16470016;1379241984;0;0;0;0;0;0;0;0;0;0;0;1994;0;0;125;0;42;0;
8281;4783160;1180856320;16470016;1379241984;0;0;0;0;0;0;0;0;0;0;0;1964;0;0;125;0;42;0;
8282;3759700;1180856320;16470016;1379241984;0;0;0;0;0;0;0;0;0;0;0;2084;0;0;125;0;42;0;
8283;2072847;1180856320;16470016;1379241984;0;0;0;0;0;0;0;0;0;0;0;1913;0;0;125;0;42;0;
8284;1336837;1180856320;16470016;1379241984;0;0;0;0;0;0;0;0;0;0;0;3236;0;0;125;0;42;0;
8285;1773696;1180856320;16470016;1379241984;0;0;0;0;0;0;0;0;0;0;0;1833;0;0;125;0;42;0;
8286;1878783;1180856320;16470016;1379241984;0;0;0;0;0;0;0;0;0;0;0;2084;0;0;125;0;42;0;
8287;4426151;1180856320;16470016;1379241984;0;0;0;0;0;0;0;0;0;0;0;2304;0;0;125;0;42;0;
8288;3750864;1180856320;16470016;1379241984;0;0;0;0;0;0;0;0;0;0;0;2905;0;0;125;0;42;0;
8289;2317456;1180856320;16470016;1379241984;0;0;0;0;0;0;0;0;0;0;0;2355;0;0;125;0;42;0;
8290;1557050;1180856320;16470016;1379241984;0;0;0;0;0;0;0;0;0;0;0;2554;0;0;125;0;42;0;
8291;1736547;1180856320;16470016;1379241984;0;0;0;0;0;0;0;0;0;0;0;1964;0;0;125;0;42;0;
8292;1450090;1180856320;16470016;1379241984;0;0;0;0;0;0;0;0;0;0;0;1974;0;0;125;0;42;0;
8293;4726364;1180856320;16470016;1379241984;0;0;0;0;0;0;0;0;0;0;0;2594;0;0;125;0;42;0;
8294;3048157;1180856320;16470016;1379241984;0;0;0;0;0;0;0;0;0;0;0;2224;0;0;125;0;42;0;
8295;1606423;1180856320;16470016;1379241984;0;0;0;0;0;0;0;0;0;0;0;1814;0;0;125;0;42;0;
8296;1523908;1180856320;16470016;1379241984;0;0;0;0;0;0;0;0;0;0;0;2044;0;0;125;0;42;0;
8297;1926042;1180856320;16470016;1379241984;0;0;0;0;0;0;0;0;0;0;0;1974;0;0;125;0;42;0;
8298;1765561;1180856320;16470016;1379241984;0;0;0;0;0;0;0;0;0;0;0;1923;0;0;125;0;42;0;
8299;4679355;1180856320;16470016;1379241984;0;0;0;0;0;0;0;0;0;0;0;1903;0;0;125;0;42;0;
8300;2583455;1180856320;16470016;1379241984;0;0;0;0;0;0;0;0;0;0;0;2525;0;0;125;0;42;0;
8301;3751555;1180856320;16470016;1379241984;0;0;0;0;0;0;0;0;0;0;0;2014;0;0;125;0;42;0;
8302;1540118;1180856320;16470016;1379241984;0;0;0;0;0;0;0;0;0;0;0;2214;0;0;125;0;42;0;
8303;2424828;1180856320;16470016;1379241984;0;0;0;0;0;0;0;0;0;0;0;2094;0;0;125;0;42;0;
8304;1450070;1180856320;16470016;1379241984;0;0;0;0;0;0;0;0;0;0;0;1914;0;0;125;0;42;0;
8305;4792258;1180856320;16470016;1379241984;0;0;0;0;0;0;0;0;0;0;0;2325;0;0;125;0;42;0;
8306;3694578;1180856320;16470016;1379241984;0;0;0;0;0;0;0;0;0;0;0;2745;0;0;125;0;42;0;
8307;2262123;1180856320;16470016;1379241984;0;0;0;0;0;0;0;0;0;0;0;2084;0;0;125;0;42;0;
8308;1345774;1180856320;16470016;1379241984;0;0;0;0;0;0;0;0;0;0;0;2364;0;0;125;0;42;0;
8309;1780028;1180856320;16470016;1379241984;0;0;0;0;0;0;0;0;0;0;0;2204;0;0;125;0;42;0;
8310;1569113;1180856320;16470016;1379241984;0;0;0;0;0;0;0;0;0;0;0;2114;0;0;125;0;42;0;
8311;4557918;1180856320;16470016;1379241984;0;0;0;0;0;0;0;0;0;0;0;2705;0;0;125;0;42;0;
8312;7760034;1180856320;16470016;1379241984;0;0;0;0;0;0;0;0;0;0;0;8506;0;0;125;0;42;0;
8313;3502549;1180856320;16470016;1379241984;0;0;0;0;0;0;0;0;0;0;0;3837;0;0;125;0;42;0;
8314;2375615;1180856320;16470016;1379241984;0;0;0;0;0;0;0;0;0;0;0;3888;0;0;125;0;42;0;
8315;3818782;1180856320;16470016;1379241984;0;0;0;0;0;0;0;0;0;0;0;4178;0;0;125;0;42;0;
8316;2072897;1180856320;16470016;1379241984;0;0;0;0;0;0;0;0;0;0;0;2855;0;0;125;0;42;0;
8317;5389127;1180856320;16470016;1379241984;0;0;0;0;0;0;0;0;0;0;0;2855;0;0;125;0;42;0;
8318;5913390;1180856320;16470016;1379241984;0;0;0;0;0;0;0;0;0;0;0;6252;0;0;125;0;42;0;
8319;3664312;1180856320;16470016;1379241984;0;0;0;0;0;0;0;0;0;0;0;111199;0;0;125;0;42;0;
8320;3275012;1180856320;16470016;1379241984;0;0;0;0;0;0;0;0;0;0;0;4458;0;0;125;0;42;0;
8321;4509016;1180856320;16470016;1379241984;0;0;0;0;0;0;0;0;0;0;0;4088;0;0;125;0;42;0;
8322;1948454;1180856320;16470016;1379241984;0;0;0;0;0;0;0;0;0;0;0;3436;0;0;125;0;42;0;
8323;4984187;1180856320;16470016;1379241984;0;0;0;0;0;0;0;0;0;0;0;3006;0;0;125;0;42;0;
8324;5170025;1180856320;16470016;1379241984;0;0;0;0;0;0;0;0;0;0;0;5280;0;0;125;0;42;0;
8325;3471991;1180856320;16470016;1379241984;0;0;0;0;0;0;0;0;0;0;0;3316;0;0;125;0;42;0;
8326;2477246;1180856320;16470016;1379241984;0;0;0;0;0;0;0;0;0;0;0;5149;0;0;125;0;42;0;
8327;3127125;1180856320;16470016;1379241984;0;0;0;0;0;0;0;0;0;0;0;4047;0;0;125;0;42;0;
8328;3488122;1180856320;16470016;1379241984;0;0;0;0;0;0;0;0;0;0;0;5200;0;0;125;0;42;0;
8329;6099209;1180856320;16470016;1379241984;0;0;0;0;0;0;0;0;0;0;0;2875;0;0;125;0;42;0;
8330;6309503;1180856320;16470016;1379241984;0;0;0;0;0;0;0;0;0;0;0;5370;0;0;125;0;42;0;
8331;3620179;1180856320;16470016;1379241984;0;0;0;0;0;0;0;0;0;0;0;3788;0;0;125;0;42;0;
8332;3304638;1180856320;16470016;1379241984;0;0;0;0;0;0;0;0;0;0;0;3537;0;0;125;0;42;0;
8333;3471560;1180856320;16470016;1379241984;0;0;0;0;0;0;0;0;0;0;0;3897;0;0;125;0;42;0;
8334;2571853;1180856320;16470016;1379241984;0;0;0;0;0;0;0;0;0;0;0;12313;0;0;125;0;42;0;
8335;4763924;1180856320;16470016;1379241984;0;0;0;0;0;0;0;0;0;0;0;3306;0;0;125;0;42;0;
8336;5575476;1180856320;16470016;1379241984;0;0;0;0;0;0;0;0;0;0;0;5781;0;0;125;0;42;0;
8337;4172215;1180856320;16470016;1379241984;0;0;0;0;0;0;0;0;0;0;0;4208;0;0;125;0;42;0;
8338;2328046;1180856320;16470016;1379241984;0;0;0;0;0;0;0;0;0;0;0;4358;0;0;125;0;42;0;
8339;3911575;1180856320;16470016;1379241984;0;0;0;0;0;0;0;0;0;0;0;3226;0;0;125;0;42;0;
8340;3482010;1180856320;16470016;1379241984;0;0;0;0;0;0;0;0;0;0;0;6141;0;0;125;0;42;0;
8341;4755408;1180856320;16470016;1379241984;0;0;0;0;0;0;0;0;0;0;0;2144;0;0;125;0;42;0;
8342;4324550;1180856320;16470016;1379241984;0;0;0;0;0;0;0;0;0;0;0;3987;0;0;125;0;42;0;
8343;2154481;1180856320;16470016;1379241984;0;0;0;0;0;0;0;0;0;0;0;2395;0;0;125;0;42;0;
8344;2144051;1180856320;16470016;1379241984;0;0;0;0;0;0;0;0;0;0;0;2064;0;0;125;0;42;0;
8345;3757026;1180856320;16470016;1379241984;0;0;0;0;0;0;0;0;0;0;0;1984;0;0;125;0;42;0;
8346;1728161;1180856320;16470016;1379241984;0;0;0;0;0;0;0;0;0;0;0;2224;0;0;125;0;42;0;
8347;5040032;1180856320;16470016;1379241984;0;0;0;0;0;0;0;0;0;0;0;1883;0;0;125;0;42;0;
8348;4120167;1180856320;16470016;1379241984;0;0;0;0;0;0;0;0;0;0;0;2434;0;0;125;0;42;0;
8349;2753514;1180856320;16470016;1379241984;0;0;0;0;0;0;0;0;0;0;0;2264;0;0;125;0;42;0;
8350;1519730;1180856320;16470016;1379241984;0;0;0;0;0;0;0;0;0;0;0;2204;0;0;125;0;42;0;
8351;2148921;1180856320;16470016;1379241984;0;0;0;0;0;0;0;0;0;0;0;2254;0;0;125;0;42;0;
8352;1488973;1180856320;16470016;1379241984;0;0;0;0;0;0;0;0;0;0;0;2144;0;0;125;0;42;0;
8353;4978456;1180856320;16470016;1379241984;0;0;0;0;0;0;0;0;0;0;0;1944;0;0;125;0;42;0;
8354;2793599;1180856320;16470016;1379241984;0;0;0;0;0;0;0;0;0;0;0;2194;0;0;125;0;42;0;
8355;2544582;1180856320;16470016;1379241984;0;0;0;0;0;0;0;0;0;0;0;2705;0;0;125;0;42;0;
8356;1700820;1180856320;16470016;1379241984;0;0;0;0;0;0;0;0;0;0;0;2735;0;0;125;0;42;0;
8357;2576782;1180856320;16470016;1379241984;0;0;0;0;0;0;0;0;0;0;0;2124;0;0;125;0;42;0;
8358;1712671;1180856320;16470016;1379241984;0;0;0;0;0;0;0;0;0;0;0;2044;0;0;125;0;42;0;
8359;4591280;1180856320;16470016;1379241984;0;0;0;0;0;0;0;0;0;0;0;2444;0;0;125;0;42;0;
8360;2956385;1180856320;16470016;1379241984;0;0;0;0;0;0;0;0;0;0;0;2605;0;0;125;0;42;0;
8361;2063339;1180856320;16470016;1379241984;0;0;0;0;0;0;0;0;0;0;0;2064;0;0;125;0;42;0;
8362;2143390;1180856320;16470016;1379241984;0;0;0;0;0;0;0;0;0;0;0;146685;0;0;125;0;42;0;
8363;2521548;1180856320;16470016;1379241984;0;0;0;0;0;0;0;0;0;0;0;1994;0;0;125;0;42;0;
8364;1286082;1180856320;16470016;1379241984;0;0;0;0;0;0;0;0;0;0;0;2054;0;0;125;0;42;0;
8365;4854003;1180856320;16470016;1379241984;0;0;0;0;0;0;0;0;0;0;0;10139;0;0;125;0;42;0;
8366;2425709;1180856320;16470016;1379241984;0;0;0;0;0;0;0;0;0;0;0;1994;0;0;125;0;42;0;
8367;2242625;1180856320;16470016;1379241984;0;0;0;0;0;0;0;0;0;0;0;1904;0;0;125;0;42;0;
8368;2006993;1180856320;16470016;1379241984;0;0;0;0;0;0;0;0;0;0;0;1974;0;0;125;0;42;0;
8369;2965782;1180856320;16470016;1379241984;0;0;0;0;0;0;0;0;0;0;0;1994;0;0;125;0;42;0;
8370;3071290;1180856320;16470016;1379241984;0;0;0;0;0;0;0;0;0;0;0;6292;0;0;125;0;42;0;
8371;5388155;1180856320;16470016;1379241984;0;0;0;0;0;0;0;0;0;0;0;2285;0;0;125;0;42;0;
8372;3665404;1180856320;16470016;1379241984;0;0;0;0;0;0;0;0;0;0;0;2244;0;0;125;0;42;0;
8373;2887896;1180856320;16470016;1379241984;0;0;0;0;0;0;0;0;0;0;0;2124;0;0;125;0;42;0;
8374;2487425;1180856320;16470016;1379241984;0;0;0;0;0;0;0;0;0;0;0;2224;0;0;125;0;42;0;
8375;2487244;1180856320;16470016;1379241984;0;0;0;0;0;0;0;0;0;0;0;2084;0;0;125;0;42;0;
8376;1558884;1180856320;16470016;1379241984;0;0;0;0;0;0;0;0;0;0;0;1933;0;0;125;0;42;0;
8377;4833585;1180856320;16470016;1379241984;0;0;0;0;0;0;0;0;0;0;0;2064;0;0;125;0;42;0;
8378;3621792;1180856320;16470016;1379241984;0;0;0;0;0;0;0;0;0;0;0;2315;0;0;125;0;42;0;
8379;2508274;1180856320;16470016;1379241984;0;0;0;0;0;0;0;0;0;0;0;1963;0;0;125;0;42;0;
8380;2036889;1180856320;16470016;1379241984;0;0;0;0;0;0;0;0;0;0;0;2665;0;0;125;0;42;0;
8381;2360587;1180856320;16470016;1379241984;0;0;0;0;0;0;0;0;0;0;0;2355;0;0;125;0;42;0;
8382;1714104;1180856320;16470016;1379241984;0;0;0;0;0;0;0;0;0;0;0;1844;0;0;125;0;42;0;
8383;4432463;1180856320;16470016;1379241984;0;0;0;0;0;0;0;0;0;0;0;2455;0;0;125;0;42;0;
8384;3291833;1180856320;16470016;1379241984;0;0;0;0;0;0;0;0;0;0;0;2755;0;0;125;0;42;0;
8385;2317937;1180856320;16470016;1379241984;0;0;0;0;0;0;0;0;0;0;0;2054;0;0;125;0;42;0;
8386;2012003;1180856320;16470016;1379241984;0;0;0;0;0;0;0;0;0;0;0;2365;0;0;125;0;42;0;
8387;2709361;1180856320;16470016;1379241984;0;0;0;0;0;0;0;0;0;0;0;1974;0;0;125;0;42;0;
8388;1600171;1180856320;16470016;1379241984;0;0;0;0;0;0;0;0;0;0;0;2224;0;0;125;0;42;0;
8389;4825219;1180856320;16470016;1379241984;0;0;0;0;0;0;0;0;0;0;0;1934;0;0;125;0;42;0;
8390;4949231;1180856320;16470016;1379241984;0;0;0;0;0;0;0;0;0;0;0;5119;0;0;125;0;42;0;
8391;1978310;1180856320;16470016;1379241984;0;0;0;0;0;0;0;0;0;0;0;1964;0;0;125;0;42;0;
8392;1304557;1180856320;16470016;1379241984;0;0;0;0;0;0;0;0;0;0;0;2375;0;0;125;0;42;0;
8393;2356129;1180856320;16470016;1379241984;0;0;0;0;0;0;0;0;0;0;0;2124;0;0;125;0;42;0;
8394;2112632;1180856320;16470016;1379241984;0;0;0;0;0;0;0;0;0;0;0;2374;0;0;125;0;42;0;
8395;4852801;1180856320;16470016;1379241984;0;0;0;0;0;0;0;0;0;0;0;2495;0;0;125;0;42;0;
8396;3844129;1180856320;16470016;1379241984;0;0;0;0;0;0;0;0;0;0;0;3256;0;0;125;0;42;0;
8397;2745028;1180856320;16470016;1379241984;0;0;0;0;0;0;0;0;0;0;0;2315;0;0;125;0;42;0;
8398;1681794;1180856320;16470016;1379241984;0;0;0;0;0;0;0;0;0;0;0;2284;0;0;125;0;42;0;
8399;2366308;1180856320;16470016;1379241984;0;0;0;0;0;0;0;0;0;0;0;2164;0;0;125;0;42;0;
8400;1241889;1180856320;16470016;1379241984;0;0;0;0;0;0;0;0;0;0;0;1904;0;0;125;0;42;0;
8401;4725552;1180856320;16470016;1379241984;0;0;0;0;0;0;0;0;0;0;0;2214;0;0;125;0;42;0;
8402;4135175;1180856320;16470016;1379241984;0;0;0;0;0;0;0;0;0;0;0;3667;0;0;125;0;42;0;
8403;1886989;1180856320;16470016;1379241984;0;0;0;0;0;0;0;0;0;0;0;2044;0;0;125;0;42;0;
8404;1486778;1180856320;16470016;1379241984;0;0;0;0;0;0;0;0;0;0;0;2154;0;0;125;0;42;0;
8405;2207230;1180856320;16470016;1379241984;0;0;0;0;0;0;0;0;0;0;0;2204;0;0;125;0;42;0;
8406;1535540;1180856320;16470016;1379241984;0;0;0;0;0;0;0;0;0;0;0;2134;0;0;125;0;42;0;
8407;4697539;1180856320;16470016;1379241984;0;0;0;0;0;0;0;0;0;0;0;2194;0;0;125;0;42;0;
8408;3392302;1180856320;16470016;1379241984;0;0;0;0;0;0;0;0;0;0;0;2214;0;0;125;0;42;0;
8409;2590348;1180856320;16470016;1379241984;0;0;0;0;0;0;0;0;0;0;0;2054;0;0;125;0;42;0;
8410;1654734;1180856320;16470016;1379241984;0;0;0;0;0;0;0;0;0;0;0;2134;0;0;125;0;42;0;
8411;2202831;1180856320;16470016;1379241984;0;0;0;0;0;0;0;0;0;0;0;2034;0;0;125;0;42;0;
8412;1416166;1180856320;16470016;1379241984;0;0;0;0;0;0;0;0;0;0;0;2375;0;0;125;0;42;0;
8413;4248317;1180856320;16470016;1379241984;0;0;0;0;0;0;0;0;0;0;0;2144;0;0;125;0;42;0;
8414;3474596;1180856320;16470016;1379241984;0;0;0;0;0;0;0;0;0;0;0;2815;0;0;125;0;42;0;
8415;2150212;1180856320;16470016;1379241984;0;0;0;0;0;0;0;0;0;0;0;1994;0;0;125;0;42;0;
8416;2008466;1180856320;16470016;1379241984;0;0;0;0;0;0;0;0;0;0;0;2074;0;0;125;0;42;0;
8417;1801007;1180856320;16470016;1379241984;0;0;0;0;0;0;0;0;0;0;0;1834;0;0;125;0;42;0;
8418;1534408;1180856320;16470016;1379241984;0;0;0;0;0;0;0;0;0;0;0;2285;0;0;125;0;42;0;
8419;4952087;1180856320;16470016;1379241984;0;0;0;0;0;0;0;0;0;0;0;1974;0;0;125;0;42;0;
8420;3992658;1180856320;16470016;1379241984;0;0;0;0;0;0;0;0;0;0;0;2866;0;0;125;0;42;0;
8421;2420689;1180856320;16470016;1379241984;0;0;0;0;0;0;0;0;0;0;0;2104;0;0;125;0;42;0;
8422;1967289;1180856320;16470016;1379241984;0;0;0;0;0;0;0;0;0;0;0;1954;0;0;125;0;42;0;
8423;2515958;1180856320;16470016;1379241984;0;0;0;0;0;0;0;0;0;0;0;2354;0;0;125;0;42;0;
8424;1250475;1180856320;16470016;1379241984;0;0;0;0;0;0;0;0;0;0;0;2114;0;0;125;0;42;0;
8425;4499258;1180856320;16470016;1379241984;0;0;0;0;0;0;0;0;0;0;0;2174;0;0;125;0;42;0;
8426;2596229;1180856320;16470016;1379241984;0;0;0;0;0;0;0;0;0;0;0;2424;0;0;125;0;42;0;
8427;2659588;1180856320;16470016;1379241984;0;0;0;0;0;0;0;0;0;0;0;2074;0;0;125;0;42;0;
8428;2211878;1180856320;16470016;1379241984;0;0;0;0;0;0;0;0;0;0;0;1924;0;0;125;0;42;0;
8429;2013857;1180856320;16470016;1379241984;0;0;0;0;0;0;0;0;0;0;0;2024;0;0;125;0;42;0;
8430;1782764;1180856320;16470016;1379241984;0;0;0;0;0;0;0;0;0;0;0;2234;0;0;125;0;42;0;
8431;4573227;1180856320;16470016;1379241984;0;0;0;0;0;0;0;0;0;0;0;1924;0;0;125;0;42;0;
8432;2823004;1180856320;16470016;1379241984;0;0;0;0;0;0;0;0;0;0;0;2164;0;0;125;0;42;0;
8433;1710839;1180856320;16470016;1379241984;0;0;0;0;0;0;0;0;0;0;0;1984;0;0;125;0;42;0;
8434;1642119;1180856320;16470016;1379241984;0;0;0;0;0;0;0;0;0;0;0;2374;0;0;125;0;42;0;
8435;1908500;1180856320;16470016;1379241984;0;0;0;0;0;0;0;0;0;0;0;1944;0;0;125;0;42;0;
8436;1830302;1180856320;16470016;1379241984;0;0;0;0;0;0;0;0;0;0;0;2254;0;0;125;0;42;0;
8437;4977595;1180856320;16470016;1379241984;0;0;0;0;0;0;0;0;0;0;0;2034;0;0;125;0;42;0;
8438;2532650;1180856320;16470016;1379241984;0;0;0;0;0;0;0;0;0;0;0;2444;0;0;125;0;42;0;
8439;2323538;1180856320;16470016;1379241984;0;0;0;0;0;0;0;0;0;0;0;2315;0;0;125;0;42;0;
8440;2119145;1180856320;16470016;1379241984;0;0;0;0;0;0;0;0;0;0;0;2204;0;0;125;0;42;0;
8441;2093988;1180856320;16470016;1379241984;0;0;0;0;0;0;0;0;0;0;0;1863;0;0;125;0;42;0;
8442;1332068;1180856320;16470016;1379241984;0;0;0;0;0;0;0;0;0;0;0;2204;0;0;125;0;42;0;
8443;4546837;1180856320;16470016;1379241984;0;0;0;0;0;0;0;0;0;0;0;2083;0;0;125;0;42;0;
8444;2693772;1180856320;16470016;1379241984;0;0;0;0;0;0;0;0;0;0;0;2605;0;0;125;0;42;0;
8445;2045917;1180856320;16470016;1379241984;0;0;0;0;0;0;0;0;0;0;0;2215;0;0;125;0;42;0;
8446;1344281;1180856320;16470016;1379241984;0;0;0;0;0;0;0;0;0;0;0;1994;0;0;125;0;42;0;
8447;2210204;1180856320;16470016;1379241984;0;0;0;0;0;0;0;0;0;0;0;2374;0;0;125;0;42;0;
8448;2030408;1180856320;16470016;1379241984;0;0;0;0;0;0;0;0;0;0;0;2214;0;0;125;0;42;0;
8449;4443954;1180856320;16470016;1379241984;0;0;0;0;0;0;0;0;0;0;0;2224;0;0;125;0;42;0;
8450;2743455;1180856320;16470016;1379241984;0;0;0;0;0;0;0;0;0;0;0;2264;0;0;125;0;42;0;
8451;2324329;1180856320;16470016;1379241984;0;0;0;0;0;0;0;0;0;0;0;2204;0;0;125;0;42;0;
8452;1499312;1180856320;16470016;1379241984;0;0;0;0;0;0;0;0;0;0;0;1984;0;0;125;0;42;0;
8453;1628334;1180856320;16470016;1379241984;0;0;0;0;0;0;0;0;0;0;0;1943;0;0;125;0;42;0;
8454;1386009;1180856320;16470016;1379241984;0;0;0;0;0;0;0;0;0;0;0;2084;0;0;125;0;42;0;
8455;4144833;1180856320;16470016;1379241984;0;0;0;0;0;0;0;0;0;0;0;2044;0;0;125;0;42;0;
8456;2490150;1180856320;16470016;1379241984;0;0;0;0;0;0;0;0;0;0;0;2875;0;0;125;0;42;0;
8457;1804544;1180856320;16470016;1379241984;0;0;0;0;0;0;0;0;0;0;0;2304;0;0;125;0;42;0;
8458;1580604;1180856320;16470016;1379241984;0;0;0;0;0;0;0;0;0;0;0;2345;0;0;125;0;42;0;
8459;1809785;1180856320;16470016;1379241984;0;0;0;0;0;0;0;0;0;0;0;2024;0;0;125;0;42;0;
8460;1342157;1180856320;16470016;1379241984;0;0;0;0;0;0;0;0;0;0;0;2164;0;0;125;0;42;0;
8461;4447340;1180856320;16470016;1379241984;0;0;0;0;0;0;0;0;0;0;0;2034;0;0;125;0;42;0;
8462;3015866;1180856320;16470016;1379241984;0;0;0;0;0;0;0;0;0;0;0;2816;0;0;125;0;42;0;
8463;2251042;1180856320;16470016;1379241984;0;0;0;0;0;0;0;0;0;0;0;2185;0;0;125;0;42;0;
8464;1189160;1180856320;16470016;1379241984;0;0;0;0;0;0;0;0;0;0;0;2084;0;0;125;0;42;0;
8465;1674972;1180856320;16470016;1379241984;0;0;0;0;0;0;0;0;0;0;0;2535;0;0;125;0;42;0;
8466;1498250;1180856320;16470016;1379241984;0;0;0;0;0;0;0;0;0;0;0;2034;0;0;125;0;42;0;
8467;4344177;1180856320;16470016;1379241984;0;0;0;0;0;0;0;0;0;0;0;1994;0;0;125;0;42;0;
8468;3160707;1180856320;16470016;1379241984;0;0;0;0;0;0;0;0;0;0;0;2434;0;0;125;0;42;0;
8469;1930971;1180856320;16470016;1379241984;0;0;0;0;0;0;0;0;0;0;0;2024;0;0;125;0;42;0;
8470;1515733;1180856320;16470016;1379241984;0;0;0;0;0;0;0;0;0;0;0;2074;0;0;125;0;42;0;
8471;1862613;1180856320;16470016;1379241984;0;0;0;0;0;0;0;0;0;0;0;2204;0;0;125;0;42;0;
8472;2735961;1180856320;16470016;1379241984;0;0;0;0;0;0;0;0;0;0;0;7013;0;0;125;0;42;0;
8473;5050431;1180856320;16470016;1379241984;0;0;0;0;0;0;0;0;0;0;0;3116;0;0;125;0;42;0;
8474;5106577;1180856320;16470016;1379241984;0;0;0;0;0;0;0;0;0;0;0;4048;0;0;125;0;42;0;
8475;2375024;1180856320;16470016;1379241984;0;0;0;0;0;0;0;0;0;0;0;2305;0;0;125;0;42;0;
8476;1582288;1180856320;16470016;1379241984;0;0;0;0;0;0;0;0;0;0;0;2935;0;0;125;0;42;0;
8477;2258996;1180856320;16470016;1379241984;0;0;0;0;0;0;0;0;0;0;0;2855;0;0;125;0;42;0;
8478;1958713;1180856320;16470016;1379241984;0;0;0;0;0;0;0;0;0;0;0;3317;0;0;125;0;42;0;
8479;5136724;1180856320;16470016;1379241984;0;0;0;0;0;0;0;0;0;0;0;2134;0;0;125;0;42;0;
8480;3675623;1180856320;16470016;1379241984;0;0;0;0;0;0;0;0;0;0;0;3366;0;0;125;0;42;0;
8481;2392276;1180856320;16470016;1379241984;0;0;0;0;0;0;0;0;0;0;0;3026;0;0;125;0;42;0;
8482;1428769;1180856320;16470016;1379241984;0;0;0;0;0;0;0;0;0;0;0;1974;0;0;125;0;42;0;
8483;1864817;1180856320;16470016;1379241984;0;0;0;0;0;0;0;0;0;0;0;2485;0;0;125;0;42;0;
8484;1409142;1180856320;16470016;1379241984;0;0;0;0;0;0;0;0;0;0;0;2265;0;0;125;0;42;0;
8485;4868610;1180856320;16470016;1379241984;0;0;0;0;0;0;0;0;0;0;0;1894;0;0;125;0;42;0;
8486;3573682;1180856320;16470016;1379241984;0;0;0;0;0;0;0;0;0;0;0;2565;0;0;125;0;42;0;
8487;2331402;1180856320;16470016;1379241984;0;0;0;0;0;0;0;0;0;0;0;2104;0;0;125;0;42;0;
8488;1407390;1180856320;16470016;1379241984;0;0;0;0;0;0;0;0;0;0;0;2265;0;0;125;0;42;0;
8489;1955618;1180856320;16470016;1379241984;0;0;0;0;0;0;0;0;0;0;0;1944;0;0;125;0;42;0;
8490;1502247;1180856320;16470016;1379241984;0;0;0;0;0;0;0;0;0;0;0;2064;0;0;125;0;42;0;
8491;4350930;1180856320;16470016;1379241984;0;0;0;0;0;0;0;0;0;0;0;2024;0;0;125;0;42;0;
8492;4073529;1180856320;16470016;1379241984;0;0;0;0;0;0;0;0;0;0;0;3286;0;0;125;0;42;0;
8493;2191610;1180856320;16470016;1379241984;0;0;0;0;0;0;0;0;0;0;0;2956;0;0;125;0;42;0;
8494;2207209;1180856320;16470016;1379241984;0;0;0;0;0;0;0;0;0;0;0;2865;0;0;125;0;42;0;
8495;2316705;1180856320;16470016;1379241984;0;0;0;0;0;0;0;0;0;0;0;2836;0;0;125;0;42;0;
8496;1686463;1180856320;16470016;1379241984;0;0;0;0;0;0;0;0;0;0;0;2865;0;0;125;0;42;0;
8497;4897465;1180856320;16470016;1379241984;0;0;0;0;0;0;0;0;0;0;0;2755;0;0;125;0;42;0;
8498;4089479;1180856320;16470016;1379241984;0;0;0;0;0;0;0;0;0;0;0;3357;0;0;125;0;42;0;
8499;2651322;1180856320;16470016;1379241984;0;0;0;0;0;0;0;0;0;0;0;2826;0;0;125;0;42;0;
8500;1755773;1180856320;16470016;1379241984;0;0;0;0;0;0;0;0;0;0;0;1913;0;0;125;0;42;0;
8501;2066776;1180856320;16470016;1379241984;0;0;0;0;0;0;0;0;0;0;0;2254;0;0;125;0;42;0;
8502;1245035;1180856320;16470016;1379241984;0;0;0;0;0;0;0;0;0;0;0;2034;0;0;125;0;42;0;
8503;4867328;1180856320;16470016;1379241984;0;0;0;0;0;0;0;0;0;0;0;1953;0;0;125;0;42;0;
8504;4523844;1180856320;16470016;1379241984;0;0;0;0;0;0;0;0;0;0;0;3256;0;0;125;0;42;0;
8505;2544852;1180856320;16470016;1379241984;0;0;0;0;0;0;0;0;0;0;0;2805;0;0;125;0;42;0;
8506;1861571;1180856320;16470016;1379241984;0;0;0;0;0;0;0;0;0;0;0;1903;0;0;125;0;42;0;
8507;2835207;1180856320;16470016;1379241984;0;0;0;0;0;0;0;0;0;0;0;1913;0;0;125;0;42;0;
8508;1607806;1180856320;16470016;1379241984;0;0;0;0;0;0;0;0;0;0;0;2304;0;0;125;0;42;0;
8509;4920348;1180856320;16470016;1379241984;0;0;0;0;0;0;0;0;0;0;0;2064;0;0;125;0;42;0;
8510;3820385;1180856320;16470016;1379241984;0;0;0;0;0;0;0;0;0;0;0;3417;0;0;125;0;42;0;
8511;2859713;1180856320;16470016;1379241984;0;0;0;0;0;0;0;0;0;0;0;2775;0;0;125;0;42;0;
8512;2224051;1180856320;16470016;1379241984;0;0;0;0;0;0;0;0;0;0;0;2886;0;0;125;0;42;0;
8513;2534032;1180856320;16470016;1379241984;0;0;0;0;0;0;0;0;0;0;0;3627;0;0;125;0;42;0;
8514;1387642;1180856320;16470016;1379241984;0;0;0;0;0;0;0;0;0;0;0;2094;0;0;125;0;42;0;
8515;4486935;1180856320;16470016;1379241984;0;0;0;0;0;0;0;0;0;0;0;2094;0;0;125;0;42;0;
8516;2602831;1180856320;16470016;1379241984;0;0;0;0;0;0;0;0;0;0;0;1993;0;0;125;0;42;0;
8517;2286177;1180856320;16470016;1379241984;0;0;0;0;0;0;0;0;0;0;0;2184;0;0;125;0;42;0;
8518;1743109;1180856320;16470016;1379241984;0;0;0;0;0;0;0;0;0;0;0;2134;0;0;125;0;42;0;
8519;2101461;1180856320;16470016;1379241984;0;0;0;0;0;0;0;0;0;0;0;1984;0;0;125;0;42;0;
8520;1847314;1180856320;16470016;1379241984;0;0;0;0;0;0;0;0;0;0;0;1983;0;0;125;0;42;0;
8521;4587914;1180856320;16470016;1379241984;0;0;0;0;0;0;0;0;0;0;0;1944;0;0;125;0;42;0;
8522;3238944;1180856320;16470016;1379241984;0;0;0;0;0;0;0;0;0;0;0;1943;0;0;125;0;42;0;
8523;1986565;1180856320;16470016;1379241984;0;0;0;0;0;0;0;0;0;0;0;2084;0;0;125;0;42;0;
8524;1734142;1180856320;16470016;1379241984;0;0;0;0;0;0;0;0;0;0;0;2214;0;0;125;0;42;0;
8525;2241614;1180856320;16470016;1379241984;0;0;0;0;0;0;0;0;0;0;0;1914;0;0;125;0;42;0;
8526;1857213;1180856320;16470016;1379241984;0;0;0;0;0;0;0;0;0;0;0;2835;0;0;125;0;42;0;
8527;5390298;1180856320;16470016;1379241984;0;0;0;0;0;0;0;0;0;0;0;2755;0;0;125;0;42;0;
8528;3923919;1180856320;16470016;1379241984;0;0;0;0;0;0;0;0;0;0;0;2786;0;0;125;0;42;0;
8529;2140885;1180856320;16470016;1379241984;0;0;0;0;0;0;0;0;0;0;0;2174;0;0;125;0;42;0;
8530;1591524;1180856320;16470016;1379241984;0;0;0;0;0;0;0;0;0;0;0;2545;0;0;125;0;42;0;
8531;2082916;1180856320;16470016;1379241984;0;0;0;0;0;0;0;0;0;0;0;2074;0;0;125;0;42;0;
8532;1533326;1180856320;16470016;1379241984;0;0;0;0;0;0;0;0;0;0;0;2034;0;0;125;0;42;0;
8533;4906171;1180856320;16470016;1379241984;0;0;0;0;0;0;0;0;0;0;0;2184;0;0;125;0;42;0;
8534;4291959;1180856320;16470016;1379241984;0;0;0;0;0;0;0;0;0;0;0;3287;0;0;125;0;42;0;
8535;2639761;1180856320;16470016;1379241984;0;0;0;0;0;0;0;0;0;0;0;2074;0;0;125;0;42;0;
8536;1618765;1180856320;16470016;1379241984;0;0;0;0;0;0;0;0;0;0;0;2294;0;0;125;0;42;0;
8537;2191029;1180856320;16470016;1379241984;0;0;0;0;0;0;0;0;0;0;0;2174;0;0;125;0;42;0;
8538;1710748;1180856320;16470016;1379241984;0;0;0;0;0;0;0;0;0;0;0;2064;0;0;125;0;42;0;
8539;4630253;1180856320;16470016;1379241984;0;0;0;0;0;0;0;0;0;0;0;1884;0;0;125;0;42;0;
8540;4087946;1180856320;16470016;1379241984;0;0;0;0;0;0;0;0;0;0;0;3216;0;0;125;0;42;0;
8541;2464832;1180856320;16470016;1379241984;0;0;0;0;0;0;0;0;0;0;0;2966;0;0;125;0;42;0;
8542;2109847;1180856320;16470016;1379241984;0;0;0;0;0;0;0;0;0;0;0;3045;0;0;125;0;42;0;
8543;2585959;1180856320;16470016;1379241984;0;0;0;0;0;0;0;0;0;0;0;3045;0;0;125;0;42;0;
8544;1701361;1180856320;16470016;1379241984;0;0;0;0;0;0;0;0;0;0;0;3066;0;0;125;0;42;0;
8545;5281515;1180856320;16470016;1379241984;0;0;0;0;0;0;0;0;0;0;0;2705;0;0;125;0;42;0;
8546;4631305;1180856320;16470016;1379241984;0;0;0;0;0;0;0;0;0;0;0;3326;0;0;125;0;42;0;
8547;3141672;1180856320;16470016;1379241984;0;0;0;0;0;0;0;0;0;0;0;2765;0;0;125;0;42;0;
8548;1355182;1180856320;16470016;1379241984;0;0;0;0;0;0;0;0;0;0;0;2023;0;0;125;0;42;0;
8549;2429807;1180856320;16470016;1379241984;0;0;0;0;0;0;0;0;0;0;0;1834;0;0;125;0;42;0;
8550;2919956;1180856320;16470016;1379241984;0;0;0;0;0;0;0;0;0;0;0;2925;0;0;125;0;42;0;
8551;4974779;1180856320;16470016;1379241984;0;0;0;0;0;0;0;0;0;0;0;2835;0;0;125;0;42;0;
8552;3809744;1180856320;16470016;1379241984;0;0;0;0;0;0;0;0;0;0;0;132348;0;0;125;0;42;0;
8553;2459342;1180856320;16470016;1379241984;0;0;0;0;0;0;0;0;0;0;0;2134;0;0;125;0;42;0;
8554;1273879;1180856320;16470016;1379241984;0;0;0;0;0;0;0;0;0;0;0;1933;0;0;125;0;42;0;
8555;2082255;1180856320;16470016;1379241984;0;0;0;0;0;0;0;0;0;0;0;1964;0;0;125;0;42;0;
8556;1895284;1180856320;16470016;1379241984;0;0;0;0;0;0;0;0;0;0;0;2875;0;0;125;0;42;0;
8557;4972415;1180856320;16470016;1379241984;0;0;0;0;0;0;0;0;0;0;0;1964;0;0;125;0;42;0;
8558;2558879;1180856320;16470016;1379241984;0;0;0;0;0;0;0;0;0;0;0;1974;0;0;125;0;42;0;
8559;1829561;1180856320;16470016;1379241984;0;0;0;0;0;0;0;0;0;0;0;1913;0;0;125;0;42;0;
8560;1307863;1180856320;16470016;1379241984;0;0;0;0;0;0;0;0;0;0;0;2214;0;0;125;0;42;0;
8561;2100890;1180856320;16470016;1379241984;0;0;0;0;0;0;0;0;0;0;0;2004;0;0;125;0;42;0;
8562;1670893;1180856320;16470016;1379241984;0;0;0;0;0;0;0;0;0;0;0;3066;0;0;125;0;42;0;
8563;4597122;1180856320;16470016;1379241984;0;0;0;0;0;0;0;0;0;0;0;2736;0;0;125;0;42;0;
8564;2795562;1180856320;16470016;1379241984;0;0;0;0;0;0;0;0;0;0;0;2134;0;0;125;0;42;0;
8565;2791775;1180856320;16470016;1379241984;0;0;0;0;0;0;0;0;0;0;0;2194;0;0;125;0;42;0;
8566;1429211;1180856320;16470016;1379241984;0;0;0;0;0;0;0;0;0;0;0;2094;0;0;125;0;42;0;
8567;2435127;1180856320;16470016;1379241984;0;0;0;0;0;0;0;0;0;0;0;2084;0;0;125;0;42;0;
8568;1742689;1180856320;16470016;1379241984;0;0;0;0;0;0;0;0;0;0;0;2905;0;0;125;0;42;0;
8569;4556325;1180856320;16470016;1379241984;0;0;0;0;0;0;0;0;0;0;0;3206;0;0;125;0;42;0;
8570;2738186;1180856320;16470016;1379241984;0;0;0;0;0;0;0;0;0;0;0;3106;0;0;125;0;42;0;
8571;2230984;1180856320;16470016;1379241984;0;0;0;0;0;0;0;0;0;0;0;2114;0;0;125;0;42;0;
8572;1674601;1180856320;16470016;1379241984;0;0;0;0;0;0;0;0;0;0;0;1923;0;0;125;0;42;0;
8573;2845095;1180856320;16470016;1379241984;0;0;0;0;0;0;0;0;0;0;0;2013;0;0;125;0;42;0;
8574;1988289;1180856320;16470016;1379241984;0;0;0;0;0;0;0;0;0;0;0;1883;0;0;125;0;42;0;
8575;4616558;1180856320;16470016;1379241984;0;0;0;0;0;0;0;0;0;0;0;2154;0;0;125;0;42;0;
8576;3085757;1180856320;16470016;1379241984;0;0;0;0;0;0;0;0;0;0;0;2404;0;0;125;0;42;0;
8577;2163748;1180856320;16470016;1379241984;0;0;0;0;0;0;0;0;0;0;0;2084;0;0;125;0;42;0;
8578;1654894;1180856320;16470016;1379241984;0;0;0;0;0;0;0;0;0;0;0;2123;0;0;125;0;42;0;
8579;2628630;1180856320;16470016;1379241984;0;0;0;0;0;0;0;0;0;0;0;1884;0;0;125;0;42;0;
8580;2017694;1180856320;16470016;1379241984;0;0;0;0;0;0;0;0;0;0;0;1953;0;0;125;0;42;0;
8581;4577254;1180856320;16470016;1379241984;0;0;0;0;0;0;0;0;0;0;0;2164;0;0;125;0;42;0;
8582;3344813;1180856320;16470016;1379241984;0;0;0;0;0;0;0;0;0;0;0;2063;0;0;125;0;42;0;
8583;2390413;1180856320;16470016;1379241984;0;0;0;0;0;0;0;0;0;0;0;2054;0;0;125;0;42;0;
8584;1545058;1180856320;16470016;1379241984;0;0;0;0;0;0;0;0;0;0;0;2084;0;0;125;0;42;0;
8585;2463730;1180856320;16470016;1379241984;0;0;0;0;0;0;0;0;0;0;0;2144;0;0;125;0;42;0;
8586;1435582;1180856320;16470016;1379241984;0;0;0;0;0;0;0;0;0;0;0;2124;0;0;125;0;42;0;
8587;4796776;1180856320;16470016;1379241984;0;0;0;0;0;0;0;0;0;0;0;2184;0;0;125;0;42;0;
8588;3449659;1180856320;16470016;1379241984;0;0;0;0;0;0;0;0;0;0;0;3036;0;0;125;0;42;0;
8589;2012645;1180856320;16470016;1379241984;0;0;0;0;0;0;0;0;0;0;0;2134;0;0;125;0;42;0;
8590;1847876;1180856320;16470016;1379241984;0;0;0;0;0;0;0;0;0;0;0;2074;0;0;125;0;42;0;
8591;2951886;1180856320;16470016;1379241984;0;0;0;0;0;0;0;0;0;0;0;2154;0;0;125;0;42;0;
8592;3130200;1180856320;16470016;1379241984;0;0;0;0;0;0;0;0;0;0;0;6563;0;0;125;0;42;0;
8593;5049840;1180856320;16470016;1379241984;0;0;0;0;0;0;0;0;0;0;0;3617;0;0;125;0;42;0;
8594;4465034;1180856320;16470016;1379241984;0;0;0;0;0;0;0;0;0;0;0;3717;0;0;125;0;42;0;
8595;2572515;1180856320;16470016;1379241984;0;0;0;0;0;0;0;0;0;0;0;2325;0;0;125;0;42;0;
8596;1518708;1180856320;16470016;1379241984;0;0;0;0;0;0;0;0;0;0;0;2405;0;0;125;0;42;0;
8597;2938220;1180856320;16470016;1379241984;0;0;0;0;0;0;0;0;0;0;0;3076;0;0;125;0;42;0;
8598;1721859;1180856320;16470016;1379241984;0;0;0;0;0;0;0;0;0;0;0;7574;0;0;125;0;42;0;
8599;5338762;1180856320;16470016;1379241984;0;0;0;0;0;0;0;0;0;0;0;1974;0;0;125;0;42;0;
8600;3667769;1180856320;16470016;1379241984;0;0;0;0;0;0;0;0;0;0;0;2584;0;0;125;0;42;0;
8601;1969313;1180856320;16470016;1379241984;0;0;0;0;0;0;0;0;0;0;0;2204;0;0;125;0;42;0;
8602;1638853;1180856320;16470016;1379241984;0;0;0;0;0;0;0;0;0;0;0;2254;0;0;125;0;42;0;
8603;2519966;1180856320;16470016;1379241984;0;0;0;0;0;0;0;0;0;0;0;1973;0;0;125;0;42;0;
8604;1802701;1180856320;16470016;1379241984;0;0;0;0;0;0;0;0;0;0;0;2395;0;0;125;0;42;0;
8605;4766529;1180856320;16470016;1379241984;0;0;0;0;0;0;0;0;0;0;0;1923;0;0;125;0;42;0;
8606;6599236;1180856320;16470016;1379241984;0;0;0;0;0;0;0;0;0;0;0;6372;0;0;125;0;42;0;
8607;2642696;1180856320;16470016;1379241984;0;0;0;0;0;0;0;0;0;0;0;2605;0;0;125;0;42;0;
8608;1767054;1180856320;16470016;1379241984;0;0;0;0;0;0;0;0;0;0;0;2114;0;0;125;0;42;0;
8609;2518253;1180856320;16470016;1379241984;0;0;0;0;0;0;0;0;0;0;0;2945;0;0;125;0;42;0;
8610;1786511;1180856320;16470016;1379241984;0;0;0;0;0;0;0;0;0;0;0;2855;0;0;125;0;42;0;
8611;5085097;1180856320;16470016;1379241984;0;0;0;0;0;0;0;0;0;0;0;2795;0;0;125;0;42;0;
8612;10087538;1180856320;16470016;1379241984;0;0;0;0;0;0;0;0;0;0;0;2966;0;0;125;0;42;0;
8613;2135965;1180856320;16470016;1379241984;0;0;0;0;0;0;0;0;0;0;0;2755;0;0;125;0;42;0;
8614;1959845;1180856320;16470016;1379241984;0;0;0;0;0;0;0;0;0;0;0;1873;0;0;125;0;42;0;
8615;2549992;1180856320;16470016;1379241984;0;0;0;0;0;0;0;0;0;0;0;1754;0;0;125;0;42;0;
8616;1629155;1180856320;16470016;1379241984;0;0;0;0;0;0;0;0;0;0;0;1593;0;0;125;0;42;0;
8617;5200122;1180856320;16470016;1379241984;0;0;0;0;0;0;0;0;0;0;0;2294;0;0;125;0;42;0;
8618;4423045;1180856320;16470016;1379241984;0;0;0;0;0;0;0;0;0;0;0;2846;0;0;125;0;42;0;
8619;2243327;1180856320;16470016;1379241984;0;0;0;0;0;0;0;0;0;0;0;2595;0;0;125;0;42;0;
8620;1920331;1180856320;16470016;1379241984;0;0;0;0;0;0;0;0;0;0;0;2565;0;0;125;0;42;0;
8621;2267382;1180856320;16470016;1379241984;0;0;0;0;0;0;0;0;0;0;0;2685;0;0;125;0;42;0;
8622;1731086;1180856320;16470016;1379241984;0;0;0;0;0;0;0;0;0;0;0;2725;0;0;125;0;42;0;
8623;4828586;1180856320;16470016;1379241984;0;0;0;0;0;0;0;0;0;0;0;2575;0;0;125;0;42;0;
8624;3446764;1180856320;16470016;1379241984;0;0;0;0;0;0;0;0;0;0;0;2715;0;0;125;0;42;0;
8625;1670113;1180856320;16470016;1379241984;0;0;0;0;0;0;0;0;0;0;0;1783;0;0;125;0;42;0;
8626;1575615;1180856320;16470016;1379241984;0;0;0;0;0;0;0;0;0;0;0;1873;0;0;125;0;42;0;
8627;1936251;1180856320;16470016;1379241984;0;0;0;0;0;0;0;0;0;0;0;2114;0;0;125;0;42;0;
8628;2304873;1180856320;16470016;1379241984;0;0;0;0;0;0;0;0;0;0;0;2024;0;0;125;0;42;0;
8629;4788120;1180856320;16470016;1379241984;0;0;0;0;0;0;0;0;0;0;0;2104;0;0;125;0;42;0;
8630;3516024;1180856320;16470016;1379241984;0;0;0;0;0;0;0;0;0;0;0;2034;0;0;125;0;42;0;
8631;1810546;1180856320;16470016;1379241984;0;0;0;0;0;0;0;0;0;0;0;1843;0;0;125;0;42;0;
8632;1911955;1180856320;16470016;1379241984;0;0;0;0;0;0;0;0;0;0;0;1753;0;0;125;0;42;0;
8633;2223991;1180856320;16470016;1379241984;0;0;0;0;0;0;0;0;0;0;0;1723;0;0;125;0;42;0;
8634;1491006;1180856320;16470016;1379241984;0;0;0;0;0;0;0;0;0;0;0;2145;0;0;125;0;42;0;
8635;4534654;1180856320;16470016;1379241984;0;0;0;0;0;0;0;0;0;0;0;2324;0;0;125;0;42;0;
8636;2489088;1180856320;16470016;1379241984;0;0;0;0;0;0;0;0;0;0;0;2504;0;0;125;0;42;0;
8637;1970105;1180856320;16470016;1379241984;0;0;0;0;0;0;0;0;0;0;0;2235;0;0;125;0;42;0;
8638;1249253;1180856320;16470016;1379241984;0;0;0;0;0;0;0;0;0;0;0;1884;0;0;125;0;42;0;
8639;2000201;1180856320;16470016;1379241984;0;0;0;0;0;0;0;0;0;0;0;1964;0;0;125;0;42;0;
8640;1893341;1180856320;16470016;1379241984;0;0;0;0;0;0;0;0;0;0;0;2916;0;0;125;0;42;0;
8641;5046104;1180856320;16470016;1379241984;0;0;0;0;0;0;0;0;0;0;0;2685;0;0;125;0;42;0;
8642;4272132;1180856320;16470016;1379241984;0;0;0;0;0;0;0;0;0;0;0;3076;0;0;125;0;42;0;
8643;2276249;1180856320;16470016;1379241984;0;0;0;0;0;0;0;0;0;0;0;2665;0;0;125;0;42;0;
8644;1895645;1180856320;16470016;1379241984;0;0;0;0;0;0;0;0;0;0;0;2735;0;0;125;0;42;0;
8645;3511736;1180856320;16470016;1379241984;0;0;0;0;0;0;0;0;0;0;0;2284;0;0;125;0;42;0;
8646;1884915;1180856320;16470016;1379241984;0;0;0;0;0;0;0;0;0;0;0;2695;0;0;125;0;42;0;
8647;5260295;1180856320;16470016;1379241984;0;0;0;0;0;0;0;0;0;0;0;2815;0;0;125;0;42;0;
8648;4245391;1180856320;16470016;1379241984;0;0;0;0;0;0;0;0;0;0;0;1723;0;0;125;0;42;0;
8649;2109115;1180856320;16470016;1379241984;0;0;0;0;0;0;0;0;0;0;0;2544;0;0;125;0;42;0;
8650;2263365;1180856320;16470016;1379241984;0;0;0;0;0;0;0;0;0;0;0;2715;0;0;125;0;42;0;
8651;2327275;1180856320;16470016;1379241984;0;0;0;0;0;0;0;0;0;0;0;3065;0;0;125;0;42;0;
8652;2355478;1180856320;16470016;1379241984;0;0;0;0;0;0;0;0;0;0;0;2705;0;0;125;0;42;0;
8653;4851057;1180856320;16470016;1379241984;0;0;0;0;0;0;0;0;0;0;0;2796;0;0;125;0;42;0;
8654;5105434;1180856320;16470016;1379241984;0;0;0;0;0;0;0;0;0;0;0;6462;0;0;125;0;42;0;
8655;2821190;1180856320;16470016;1379241984;0;0;0;0;0;0;0;0;0;0;0;2444;0;0;125;0;42;0;
8656;1422708;1180856320;16470016;1379241984;0;0;0;0;0;0;0;0;0;0;0;2194;0;0;125;0;42;0;
8657;1912286;1180856320;16470016;1379241984;0;0;0;0;0;0;0;0;0;0;0;2134;0;0;125;0;42;0;
8658;1293887;1180856320;16470016;1379241984;0;0;0;0;0;0;0;0;0;0;0;2555;0;0;125;0;42;0;
8659;5729355;1180856320;16470016;1379241984;0;0;0;0;0;0;0;0;0;0;0;2154;0;0;125;0;42;0;
8660;3805356;1180856320;16470016;1379241984;0;0;0;0;0;0;0;0;0;0;0;2475;0;0;125;0;42;0;
8661;2484248;1180856320;16470016;1379241984;0;0;0;0;0;0;0;0;0;0;0;1974;0;0;125;0;42;0;
8662;1294167;1180856320;16470016;1379241984;0;0;0;0;0;0;0;0;0;0;0;2144;0;0;125;0;42;0;
8663;1908810;1180856320;16470016;1379241984;0;0;0;0;0;0;0;0;0;0;0;2124;0;0;125;0;42;0;
8664;1344661;1180856320;16470016;1379241984;0;0;0;0;0;0;0;0;0;0;0;2044;0;0;125;0;42;0;
8665;4848453;1180856320;16470016;1379241984;0;0;0;0;0;0;0;0;0;0;0;2154;0;0;125;0;42;0;
8666;4948981;1180856320;16470016;1379241984;0;0;0;0;0;0;0;0;0;0;0;3476;0;0;125;0;42;0;
8667;2981652;1180856320;16470016;1379241984;0;0;0;0;0;0;0;0;0;0;0;2605;0;0;125;0;42;0;
8668;1992216;1180856320;16470016;1379241984;0;0;0;0;0;0;0;0;0;0;0;2665;0;0;125;0;42;0;
8669;2330991;1180856320;16470016;1379241984;0;0;0;0;0;0;0;0;0;0;0;2725;0;0;125;0;42;0;
8670;1439861;1180856320;16470016;1379241984;0;0;0;0;0;0;0;0;0;0;0;2976;0;0;125;0;42;0;
8671;5249375;1180856320;16470016;1379241984;0;0;0;0;0;0;0;0;0;0;0;3156;0;0;125;0;42;0;
8672;4466236;1180856320;16470016;1379241984;0;0;0;0;0;0;0;0;0;0;0;3437;0;0;125;0;42;0;
8673;2221206;1180856320;16470016;1379241984;0;0;0;0;0;0;0;0;0;0;0;2986;0;0;125;0;42;0;
8674;2348264;1180856320;16470016;1379241984;0;0;0;0;0;0;0;0;0;0;0;2926;0;0;125;0;42;0;
8675;2245110;1180856320;16470016;1379241984;0;0;0;0;0;0;0;0;0;0;0;2605;0;0;125;0;42;0;
8676;1431544;1180856320;16470016;1379241984;0;0;0;0;0;0;0;0;0;0;0;3246;0;0;125;0;42;0;
8677;4518995;1180856320;16470016;1379241984;0;0;0;0;0;0;0;0;0;0;0;2575;0;0;125;0;42;0;
8678;4188585;1180856320;16470016;1379241984;0;0;0;0;0;0;0;0;0;0;0;2745;0;0;125;0;42;0;
8679;2334077;1180856320;16470016;1379241984;0;0;0;0;0;0;0;0;0;0;0;2665;0;0;125;0;42;0;
8680;1656326;1180856320;16470016;1379241984;0;0;0;0;0;0;0;0;0;0;0;3066;0;0;125;0;42;0;
8681;2514586;1180856320;16470016;1379241984;0;0;0;0;0;0;0;0;0;0;0;2585;0;0;125;0;42;0;
8682;1819853;1180856320;16470016;1379241984;0;0;0;0;0;0;0;0;0;0;0;2264;0;0;125;0;42;0;
8683;5085487;1180856320;16470016;1379241984;0;0;0;0;0;0;0;0;0;0;0;2695;0;0;125;0;42;0;
8684;3693287;1180856320;16470016;1379241984;0;0;0;0;0;0;0;0;0;0;0;2024;0;0;125;0;42;0;
8685;2370295;1180856320;16470016;1379241984;0;0;0;0;0;0;0;0;0;0;0;3076;0;0;125;0;42;0;
8686;1714836;1180856320;16470016;1379241984;0;0;0;0;0;0;0;0;0;0;0;2415;0;0;125;0;42;0;
8687;2645872;1180856320;16470016;1379241984;0;0;0;0;0;0;0;0;0;0;0;2825;0;0;125;0;42;0;
8688;2008838;1180856320;16470016;1379241984;0;0;0;0;0;0;0;0;0;0;0;2945;0;0;125;0;42;0;
8689;4650833;1180856320;16470016;1379241984;0;0;0;0;0;0;0;0;0;0;0;2855;0;0;125;0;42;0;
8690;3704637;1180856320;16470016;1379241984;0;0;0;0;0;0;0;0;0;0;0;2965;0;0;125;0;42;0;
8691;2520547;1180856320;16470016;1379241984;0;0;0;0;0;0;0;0;0;0;0;2835;0;0;125;0;42;0;
8692;1982618;1180856320;16470016;1379241984;0;0;0;0;0;0;0;0;0;0;0;2785;0;0;125;0;42;0;
8693;2250200;1180856320;16470016;1379241984;0;0;0;0;0;0;0;0;0;0;0;2404;0;0;125;0;42;0;
8694;2288582;1180856320;16470016;1379241984;0;0;0;0;0;0;0;0;0;0;0;2895;0;0;125;0;42;0;
8695;5207696;1180856320;16470016;1379241984;0;0;0;0;0;0;0;0;0;0;0;3257;0;0;125;0;42;0;
8696;6065485;1180856320;16470016;1379241984;0;0;0;0;0;0;0;0;0;0;0;14968;0;0;125;0;42;0;
8697;2489599;1180856320;16470016;1379241984;0;0;0;0;0;0;0;0;0;0;0;3216;0;0;125;0;42;0;
8698;2355968;1180856320;16470016;1379241984;0;0;0;0;0;0;0;0;0;0;0;2756;0;0;125;0;42;0;
8699;1899472;1180856320;16470016;1379241984;0;0;0;0;0;0;0;0;0;0;0;1823;0;0;125;0;42;0;
8700;2022703;1180856320;16470016;1379241984;0;0;0;0;0;0;0;0;0;0;0;2575;0;0;125;0;42;0;
8701;4610777;1180856320;16470016;1379241984;0;0;0;0;0;0;0;0;0;0;0;2064;0;0;125;0;42;0;
8702;5123158;1180856320;16470016;1379241984;0;0;0;0;0;0;0;0;0;0;0;5751;0;0;125;0;42;0;
8703;2855626;1180856320;16470016;1379241984;0;0;0;0;0;0;0;0;0;0;0;2465;0;0;125;0;42;0;
8704;1758388;1180856320;16470016;1379241984;0;0;0;0;0;0;0;0;0;0;0;3306;0;0;125;0;42;0;
8705;2324039;1180856320;16470016;1379241984;0;0;0;0;0;0;0;0;0;0;0;3356;0;0;125;0;42;0;
8706;1601704;1180856320;16470016;1379241984;0;0;0;0;0;0;0;0;0;0;0;3036;0;0;125;0;42;0;
8707;5249876;1180856320;16470016;1379241984;0;0;0;0;0;0;0;0;0;0;0;3266;0;0;125;0;42;0;
8708;4858913;1180856320;16470016;1379241984;0;0;0;0;0;0;0;0;0;0;0;5530;0;0;125;0;42;0;
8709;3209409;1180856320;16470016;1379241984;0;0;0;0;0;0;0;0;0;0;0;2544;0;0;125;0;42;0;
8710;2302908;1180856320;16470016;1379241984;0;0;0;0;0;0;0;0;0;0;0;2735;0;0;125;0;42;0;
8711;2320211;1180856320;16470016;1379241984;0;0;0;0;0;0;0;0;0;0;0;2705;0;0;125;0;42;0;
8712;1942343;1180856320;16470016;1379241984;0;0;0;0;0;0;0;0;0;0;0;2725;0;0;125;0;42;0;
8713;4488467;1180856320;16470016;1379241984;0;0;0;0;0;0;0;0;0;0;0;2685;0;0;125;0;42;0;
8714;4584318;1180856320;16470016;1379241984;0;0;0;0;0;0;0;0;0;0;0;2474;0;0;125;0;42;0;
8715;2556033;1180856320;16470016;1379241984;0;0;0;0;0;0;0;0;0;0;0;2845;0;0;125;0;42;0;
8716;2356770;1180856320;16470016;1379241984;0;0;0;0;0;0;0;0;0;0;0;2775;0;0;125;0;42;0;
8717;2389090;1180856320;16470016;1379241984;0;0;0;0;0;0;0;0;0;0;0;2765;0;0;125;0;42;0;
8718;1736607;1180856320;16470016;1379241984;0;0;0;0;0;0;0;0;0;0;0;2805;0;0;125;0;42;0;
8719;4371568;1180856320;16470016;1379241984;0;0;0;0;0;0;0;0;0;0;0;2254;0;0;125;0;42;0;
8720;4844215;1180856320;16470016;1379241984;0;0;0;0;0;0;0;0;0;0;0;2885;0;0;125;0;42;0;
8721;2587633;1180856320;16470016;1379241984;0;0;0;0;0;0;0;0;0;0;0;2655;0;0;125;0;42;0;
8722;1876730;1180856320;16470016;1379241984;0;0;0;0;0;0;0;0;0;0;0;2815;0;0;125;0;42;0;
8723;2363823;1180856320;16470016;1379241984;0;0;0;0;0;0;0;0;0;0;0;2254;0;0;125;0;42;0;
8724;1173781;1180856320;16470016;1379241984;0;0;0;0;0;0;0;0;0;0;0;1934;0;0;125;0;42;0;
8725;4832913;1180856320;16470016;1379241984;0;0;0;0;0;0;0;0;0;0;0;2244;0;0;125;0;42;0;
8726;3478934;1180856320;16470016;1379241984;0;0;0;0;0;0;0;0;0;0;0;1884;0;0;125;0;42;0;
8727;2232947;1180856320;16470016;1379241984;0;0;0;0;0;0;0;0;0;0;0;2164;0;0;125;0;42;0;
8728;1584722;1180856320;16470016;1379241984;0;0;0;0;0;0;0;0;0;0;0;2274;0;0;125;0;42;0;
8729;1780560;1180856320;16470016;1379241984;0;0;0;0;0;0;0;0;0;0;0;1974;0;0;125;0;42;0;
8730;1514701;1180856320;16470016;1379241984;0;0;0;0;0;0;0;0;0;0;0;2264;0;0;125;0;42;0;
8731;4637377;1180856320;16470016;1379241984;0;0;0;0;0;0;0;0;0;0;0;1843;0;0;125;0;42;0;
8732;3752137;1180856320;16470016;1379241984;0;0;0;0;0;0;0;0;0;0;0;2825;0;0;125;0;42;0;
8733;2653316;1180856320;16470016;1379241984;0;0;0;0;0;0;0;0;0;0;0;1864;0;0;125;0;42;0;
8734;1756113;1180856320;16470016;1379241984;0;0;0;0;0;0;0;0;0;0;0;1914;0;0;125;0;42;0;
8735;1683196;1180856320;16470016;1379241984;0;0;0;0;0;0;0;0;0;0;0;2064;0;0;125;0;42;0;
8736;1265193;1180856320;16470016;1379241984;0;0;0;0;0;0;0;0;0;0;0;1994;0;0;125;0;42;0;
8737;4198895;1180856320;16470016;1379241984;0;0;0;0;0;0;0;0;0;0;0;1784;0;0;125;0;42;0;
8738;4788270;1180856320;16470016;1379241984;0;0;0;0;0;0;0;0;0;0;0;6472;0;0;125;0;42;0;
8739;2827854;1180856320;16470016;1379241984;0;0;0;0;0;0;0;0;0;0;0;2265;0;0;125;0;42;0;
8740;1617373;1180856320;16470016;1379241984;0;0;0;0;0;0;0;0;0;0;0;2114;0;0;125;0;42;0;
8741;1783364;1180856320;16470016;1379241984;0;0;0;0;0;0;0;0;0;0;0;1994;0;0;125;0;42;0;
8742;1662007;1180856320;16470016;1379241984;0;0;0;0;0;0;0;0;0;0;0;2004;0;0;125;0;42;0;
8743;4574789;1180856320;16470016;1379241984;0;0;0;0;0;0;0;0;0;0;0;2084;0;0;125;0;42;0;
8744;3237181;1180856320;16470016;1379241984;0;0;0;0;0;0;0;0;0;0;0;2504;0;0;125;0;42;0;
8745;2198784;1180856320;16470016;1379241984;0;0;0;0;0;0;0;0;0;0;0;1974;0;0;125;0;42;0;
8746;1853015;1180856320;16470016;1379241984;0;0;0;0;0;0;0;0;0;0;0;2224;0;0;125;0;42;0;
8747;2248968;1180856320;16470016;1379241984;0;0;0;0;0;0;0;0;0;0;0;1933;0;0;125;0;42;0;
8748;1570465;1180856320;16470016;1379241984;0;0;0;0;0;0;0;0;0;0;0;2063;0;0;125;0;42;0;
8749;4665179;1180856320;16470016;1379241984;0;0;0;0;0;0;0;0;0;0;0;2305;0;0;125;0;42;0;
8750;3348660;1180856320;16470016;1379241984;0;0;0;0;0;0;0;0;0;0;0;2525;0;0;125;0;42;0;
8751;2539202;1180856320;16470016;1379241984;0;0;0;0;0;0;0;0;0;0;0;2214;0;0;125;0;42;0;
8752;1634666;1180856320;16470016;1379241984;0;0;0;0;0;0;0;0;0;0;0;1984;0;0;125;0;42;0;
8753;2223360;1180856320;16470016;1379241984;0;0;0;0;0;0;0;0;0;0;0;1923;0;0;125;0;42;0;
8754;1256907;1180856320;16470016;1379241984;0;0;0;0;0;0;0;0;0;0;0;1984;0;0;125;0;42;0;
8755;4648588;1180856320;16470016;1379241984;0;0;0;0;0;0;0;0;0;0;0;2425;0;0;125;0;42;0;
8756;2799741;1180856320;16470016;1379241984;0;0;0;0;0;0;0;0;0;0;0;2004;0;0;125;0;42;0;
8757;2597091;1180856320;16470016;1379241984;0;0;0;0;0;0;0;0;0;0;0;2044;0;0;125;0;42;0;
8758;1828709;1180856320;16470016;1379241984;0;0;0;0;0;0;0;0;0;0;0;2074;0;0;125;0;42;0;
8759;1829962;1180856320;16470016;1379241984;0;0;0;0;0;0;0;0;0;0;0;2264;0;0;125;0;42;0;
8760;1724023;1180856320;16470016;1379241984;0;0;0;0;0;0;0;0;0;0;0;1723;0;0;125;0;42;0;
8761;4625365;1180856320;16470016;1379241984;0;0;0;0;0;0;0;0;0;0;0;1964;0;0;125;0;42;0;
8762;2632927;1180856320;16470016;1379241984;0;0;0;0;0;0;0;0;0;0;0;2405;0;0;125;0;42;0;
8763;2404138;1180856320;16470016;1379241984;0;0;0;0;0;0;0;0;0;0;0;1874;0;0;125;0;42;0;
8764;2132018;1180856320;16470016;1379241984;0;0;0;0;0;0;0;0;0;0;0;2435;0;0;125;0;42;0;
8765;2788520;1180856320;16470016;1379241984;0;0;0;0;0;0;0;0;0;0;0;2064;0;0;125;0;42;0;
8766;1250365;1180856320;16470016;1379241984;0;0;0;0;0;0;0;0;0;0;0;2625;0;0;125;0;42;0;
8767;4640012;1180856320;16470016;1379241984;0;0;0;0;0;0;0;0;0;0;0;2094;0;0;125;0;42;0;
8768;2875913;1180856320;16470016;1379241984;0;0;0;0;0;0;0;0;0;0;0;2474;0;0;125;0;42;0;
8769;2315423;1180856320;16470016;1379241984;0;0;0;0;0;0;0;0;0;0;0;2254;0;0;125;0;42;0;
8770;1213025;1180856320;16470016;1379241984;0;0;0;0;0;0;0;0;0;0;0;2225;0;0;125;0;42;0;
8771;2207159;1180856320;16470016;1379241984;0;0;0;0;0;0;0;0;0;0;0;2124;0;0;125;0;42;0;
8772;1401849;1180856320;16470016;1379241984;0;0;0;0;0;0;0;0;0;0;0;2104;0;0;125;0;42;0;
8773;4485582;1180856320;16470016;1379241984;0;0;0;0;0;0;0;0;0;0;0;2073;0;0;125;0;42;0;
8774;2822232;1180856320;16470016;1379241984;0;0;0;0;0;0;0;0;0;0;0;2235;0;0;125;0;42;0;
8775;2396694;1180856320;16470016;1379241984;0;0;0;0;0;0;0;0;0;0;0;2064;0;0;125;0;42;0;
8776;1430402;1180856320;16470016;1379241984;0;0;0;0;0;0;0;0;0;0;0;2114;0;0;125;0;42;0;
8777;2515768;1180856320;16470016;1379241984;0;0;0;0;0;0;0;0;0;0;0;2014;0;0;125;0;42;0;
8778;1311199;1180856320;16470016;1379241984;0;0;0;0;0;0;0;0;0;0;0;1984;0;0;125;0;42;0;
8779;4461947;1180856320;16470016;1379241984;0;0;0;0;0;0;0;0;0;0;0;2134;0;0;125;0;42;0;
8780;2349076;1180856320;16470016;1379241984;0;0;0;0;0;0;0;0;0;0;0;1954;0;0;125;0;42;0;
8781;2104978;1180856320;16470016;1379241984;0;0;0;0;0;0;0;0;0;0;0;2074;0;0;125;0;42;0;
8782;1541871;1180856320;16470016;1379241984;0;0;0;0;0;0;0;0;0;0;0;2114;0;0;125;0;42;0;
8783;2528392;1180856320;16470016;1379241984;0;0;0;0;0;0;0;0;0;0;0;1963;0;0;125;0;42;0;
8784;1157020;1180856320;16470016;1379241984;0;0;0;0;0;0;0;0;0;0;0;1974;0;0;125;0;42;0;
8785;4600898;1180856320;16470016;1379241984;0;0;0;0;0;0;0;0;0;0;0;2445;0;0;125;0;42;0;
8786;2348104;1180856320;16470016;1379241984;0;0;0;0;0;0;0;0;0;0;0;2254;0;0;125;0;42;0;
8787;2573256;1180856320;16470016;1379241984;0;0;0;0;0;0;0;0;0;0;0;2043;0;0;125;0;42;0;
8788;1288727;1180856320;16470016;1379241984;0;0;0;0;0;0;0;0;0;0;0;2184;0;0;125;0;42;0;
8789;2499919;1180856320;16470016;1379241984;0;0;0;0;0;0;0;0;0;0;0;2304;0;0;125;0;42;0;
8790;2090220;1180856320;16470016;1379241984;0;0;0;0;0;0;0;0;0;0;0;1934;0;0;125;0;42;0;
8791;4578446;1180856320;16470016;1379241984;0;0;0;0;0;0;0;0;0;0;0;2224;0;0;125;0;42;0;
8792;3003493;1180856320;16470016;1379241984;0;0;0;0;0;0;0;0;0;0;0;2324;0;0;125;0;42;0;
8793;2162115;1180856320;16470016;1379241984;0;0;0;0;0;0;0;0;0;0;0;2254;0;0;125;0;42;0;
8794;1622493;1180856320;16470016;1379241984;0;0;0;0;0;0;0;0;0;0;0;1963;0;0;125;0;42;0;
8795;1603096;1180856320;16470016;1379241984;0;0;0;0;0;0;0;0;0;0;0;2114;0;0;125;0;42;0;
8796;1517406;1180856320;16470016;1379241984;0;0;0;0;0;0;0;0;0;0;0;2094;0;0;125;0;42;0;
8797;4210146;1180856320;16470016;1379241984;0;0;0;0;0;0;0;0;0;0;0;2185;0;0;125;0;42;0;
8798;2893907;1180856320;16470016;1379241984;0;0;0;0;0;0;0;0;0;0;0;2073;0;0;125;0;42;0;
8799;1935079;1180856320;16470016;1379241984;0;0;0;0;0;0;0;0;0;0;0;2043;0;0;125;0;42;0;
8800;1209979;1180856320;16470016;1379241984;0;0;0;0;0;0;0;0;0;0;0;2194;0;0;125;0;42;0;
8801;1845391;1180856320;16470016;1379241984;0;0;0;0;0;0;0;0;0;0;0;2044;0;0;125;0;42;0;
8802;1504752;1180856320;16470016;1379241984;0;0;0;0;0;0;0;0;0;0;0;1994;0;0;125;0;42;0;
8803;4460505;1180856320;16470016;1379241984;0;0;0;0;0;0;0;0;0;0;0;2033;0;0;125;0;42;0;
8804;2099127;1180856320;16470016;1379241984;0;0;0;0;0;0;0;0;0;0;0;2024;0;0;125;0;42;0;
8805;2099858;1180856320;16470016;1379241984;0;0;0;0;0;0;0;0;0;0;0;2294;0;0;125;0;42;0;
8806;1177508;1180856320;16470016;1379241984;0;0;0;0;0;0;0;0;0;0;0;2104;0;0;125;0;42;0;
8807;1719645;1180856320;16470016;1379241984;0;0;0;0;0;0;0;0;0;0;0;1924;0;0;125;0;42;0;
8808;1349371;1180856320;16470016;1379241984;0;0;0;0;0;0;0;0;0;0;0;2014;0;0;125;0;42;0;
8809;4325172;1180856320;16470016;1379241984;0;0;0;0;0;0;0;0;0;0;0;1814;0;0;125;0;42;0;
8810;2711605;1180856320;16470016;1379241984;0;0;0;0;0;0;0;0;0;0;0;2445;0;0;125;0;42;0;
8811;2153879;1180856320;16470016;1379241984;0;0;0;0;0;0;0;0;0;0;0;2274;0;0;125;0;42;0;
8812;1239114;1180856320;16470016;1379241984;0;0;0;0;0;0;0;0;0;0;0;2083;0;0;125;0;42;0;
8813;1968461;1180856320;16470016;1379241984;0;0;0;0;0;0;0;0;0;0;0;2204;0;0;125;0;42;0;
8814;2471976;1180856320;16470016;1379241984;0;0;0;0;0;0;0;0;0;0;0;5170;0;0;125;0;42;0;
8815;4870504;1180856320;16470016;1379241984;0;0;0;0;0;0;0;0;0;0;0;2845;0;0;125;0;42;0;
8816;4103997;1180856320;16470016;1379241984;0;0;0;0;0;0;0;0;0;0;0;4569;0;0;125;0;42;0;
8817;2603502;1180856320;16470016;1379241984;0;0;0;0;0;0;0;0;0;0;0;2124;0;0;125;0;42;0;
8818;1573260;1180856320;16470016;1379241984;0;0;0;0;0;0;0;0;0;0;0;2495;0;0;125;0;42;0;
8819;2828254;1180856320;16470016;1379241984;0;0;0;0;0;0;0;0;0;0;0;3546;0;0;125;0;42;0;
8820;1914059;1180856320;16470016;1379241984;0;0;0;0;0;0;0;0;0;0;0;2855;0;0;125;0;42;0;
8821;4727546;1180856320;16470016;1379241984;0;0;0;0;0;0;0;0;0;0;0;2224;0;0;125;0;42;0;
8822;3907028;1180856320;16470016;1379241984;0;0;0;0;0;0;0;0;0;0;0;4218;0;0;125;0;42;0;
8823;2377048;1180856320;16470016;1379241984;0;0;0;0;0;0;0;0;0;0;0;2364;0;0;125;0;42;0;
8824;1777924;1180856320;16470016;1379241984;0;0;0;0;0;0;0;0;0;0;0;2164;0;0;125;0;42;0;
8825;2252505;1180856320;16470016;1379241984;0;0;0;0;0;0;0;0;0;0;0;1893;0;0;125;0;42;0;
8826;1487199;1180856320;16470016;1379241984;0;0;0;0;0;0;0;0;0;0;0;2314;0;0;125;0;42;0;
8827;4717337;1180856320;16470016;1379241984;0;0;0;0;0;0;0;0;0;0;0;2244;0;0;125;0;42;0;
8828;3278128;1180856320;16470016;1379241984;0;0;0;0;0;0;0;0;0;0;0;2094;0;0;125;0;42;0;
8829;2111630;1180856320;16470016;1379241984;0;0;0;0;0;0;0;0;0;0;0;2244;0;0;125;0;42;0;
8830;1605140;1180856320;16470016;1379241984;0;0;0;0;0;0;0;0;0;0;0;2134;0;0;125;0;42;0;
8831;2042411;1180856320;16470016;1379241984;0;0;0;0;0;0;0;0;0;0;0;1933;0;0;125;0;42;0;
8832;1356815;1180856320;16470016;1379241984;0;0;0;0;0;0;0;0;0;0;0;1973;0;0;125;0;42;0;
8833;4662855;1180856320;16470016;1379241984;0;0;0;0;0;0;0;0;0;0;0;2285;0;0;125;0;42;0;
8834;2829887;1180856320;16474112;1379246080;0;0;0;0;0;0;0;0;0;0;0;2033;0;0;125;0;42;0;
8835;1786591;1180856320;16474112;1379246080;0;0;0;0;0;0;0;0;0;0;0;1884;0;0;125;0;42;0;
8836;1161768;1180856320;16474112;1379246080;0;0;0;0;0;0;0;0;0;0;0;2134;0;0;125;0;42;0;
8837;2023384;1180856320;16474112;1379246080;0;0;0;0;0;0;0;0;0;0;0;2034;0;0;125;0;42;0;
8838;1605030;1180856320;16474112;1379246080;0;0;0;0;0;0;0;0;0;0;0;2364;0;0;125;0;42;0;
8839;4277112;1180856320;16474112;1379246080;0;0;0;0;0;0;0;0;0;0;0;1953;0;0;125;0;42;0;
8840;3280472;1180856320;16474112;1379246080;0;0;0;0;0;0;0;0;0;0;0;2405;0;0;125;0;42;0;
8841;2457499;1180856320;16474112;1379246080;0;0;0;0;0;0;0;0;0;0;0;1903;0;0;125;0;42;0;
8842;1300789;1180856320;16474112;1379246080;0;0;0;0;0;0;0;0;0;0;0;2064;0;0;125;0;42;0;
8843;2350678;1180856320;16474112;1379246080;0;0;0;0;0;0;0;0;0;0;0;2675;0;0;125;0;42;0;
8844;1326668;1180856320;16474112;1379246080;0;0;0;0;0;0;0;0;0;0;0;2184;0;0;125;0;42;0;
8845;4441700;1180856320;16474112;1379246080;0;0;0;0;0;0;0;0;0;0;0;2124;0;0;125;0;42;0;
8846;3043497;1180856320;16474112;1379246080;0;0;0;0;0;0;0;0;0;0;0;1823;0;0;125;0;42;0;
8847;1824442;1180856320;16470016;1379241984;0;0;0;0;0;0;0;0;0;0;0;1844;0;0;125;0;42;0;
8848;1434811;1180856320;16470016;1379241984;0;0;0;0;0;0;0;0;0;0;0;2044;0;0;125;0;42;0;
8849;2208552;1180856320;16470016;1379241984;0;0;0;0;0;0;0;0;0;0;0;2164;0;0;125;0;42;0;
8850;2486683;1180856320;16470016;1379241984;0;0;0;0;0;0;0;0;0;0;0;2255;0;0;125;0;42;0;
8851;4711637;1180856320;16470016;1379241984;0;0;0;0;0;0;0;0;0;0;0;2033;0;0;125;0;42;0;
8852;3390599;1180856320;16470016;1379241984;0;0;0;0;0;0;0;0;0;0;0;2265;0;0;125;0;42;0;
8853;2166072;1180856320;16470016;1379241984;0;0;0;0;0;0;0;0;0;0;0;2124;0;0;125;0;42;0;
8854;1115091;1180856320;16470016;1379241984;0;0;0;0;0;0;0;0;0;0;0;1954;0;0;125;0;42;0;
8855;2031109;1180856320;16470016;1379241984;0;0;0;0;0;0;0;0;0;0;0;2655;0;0;125;0;42;0;
8856;1494212;1180856320;16470016;1379241984;0;0;0;0;0;0;0;0;0;0;0;2254;0;0;125;0;42;0;
8857;4468510;1180856320;16470016;1379241984;0;0;0;0;0;0;0;0;0;0;0;1903;0;0;125;0;42;0;
8858;3661918;1180856320;16470016;1379241984;0;0;0;0;0;0;0;0;0;0;0;2134;0;0;125;0;42;0;
8859;2284734;1180856320;16470016;1379241984;0;0;0;0;0;0;0;0;0;0;0;2014;0;0;125;0;42;0;
8860;1627673;1180856320;16470016;1379241984;0;0;0;0;0;0;0;0;0;0;0;2174;0;0;125;0;42;0;
8861;1914701;1180856320;16470016;1379241984;0;0;0;0;0;0;0;0;0;0;0;2395;0;0;125;0;42;0;
8862;1440632;1180856320;16470016;1379241984;0;0;0;0;0;0;0;0;0;0;0;2033;0;0;125;0;42;0;
8863;4870334;1180856320;16470016;1379241984;0;0;0;0;0;0;0;0;0;0;0;2124;0;0;125;0;42;0;
8864;3696382;1180856320;16470016;1379241984;0;0;0;0;0;0;0;0;0;0;0;2004;0;0;125;0;42;0;
8865;1783384;1180856320;16470016;1379241984;0;0;0;0;0;0;0;0;0;0;0;1883;0;0;125;0;42;0;
8866;1140869;1180856320;16470016;1379241984;0;0;0;0;0;0;0;0;0;0;0;1984;0;0;125;0;42;0;
8867;1913258;1180856320;16470016;1379241984;0;0;0;0;0;0;0;0;0;0;0;1993;0;0;125;0;42;0;
8868;1323823;1180856320;16470016;1379241984;0;0;0;0;0;0;0;0;0;0;0;2195;0;0;125;0;42;0;
8869;4308951;1180856320;16470016;1379241984;0;0;0;0;0;0;0;0;0;0;0;2224;0;0;125;0;42;0;
8870;3342799;1180856320;16470016;1379241984;0;0;0;0;0;0;0;0;0;0;0;2274;0;0;125;0;42;0;
8871;2225203;1180856320;16470016;1379241984;0;0;0;0;0;0;0;0;0;0;0;2064;0;0;125;0;42;0;
8872;1345684;1180856320;16470016;1379241984;0;0;0;0;0;0;0;0;0;0;0;2004;0;0;125;0;42;0;
8873;1473684;1180856320;16470016;1379241984;0;0;0;0;0;0;0;0;0;0;0;2174;0;0;125;0;42;0;
8874;1630368;1180856320;16470016;1379241984;0;0;0;0;0;0;0;0;0;0;0;13035;0;0;125;0;42;0;
8875;4505690;1180856320;16470016;1379241984;0;0;0;0;0;0;0;0;0;0;0;2053;0;0;125;0;42;0;
8876;3848478;1180856320;16470016;1379241984;0;0;0;0;0;0;0;0;0;0;0;2826;0;0;125;0;42;0;
8877;2294653;1180856320;16470016;1379241984;0;0;0;0;0;0;0;0;0;0;0;2084;0;0;125;0;42;0;
8878;1496576;1180856320;16470016;1379241984;0;0;0;0;0;0;0;0;0;0;0;1964;0;0;125;0;42;0;
8879;2001002;1180856320;16470016;1379241984;0;0;0;0;0;0;0;0;0;0;0;2144;0;0;125;0;42;0;
8880;1327400;1180856320;16470016;1379241984;0;0;0;0;0;0;0;0;0;0;0;2194;0;0;125;0;42;0;
8881;4769144;1180856320;16470016;1379241984;0;0;0;0;0;0;0;0;0;0;0;2084;0;0;125;0;42;0;
8882;4329299;1180856320;16470016;1379241984;0;0;0;0;0;0;0;0;0;0;0;2515;0;0;125;0;42;0;
8883;2683252;1180856320;16470016;1379241984;0;0;0;0;0;0;0;0;0;0;0;2164;0;0;125;0;42;0;
8884;1661846;1180856320;16470016;1379241984;0;0;0;0;0;0;0;0;0;0;0;2284;0;0;125;0;42;0;
8885;1958633;1180856320;16470016;1379241984;0;0;0;0;0;0;0;0;0;0;0;2084;0;0;125;0;42;0;
8886;1468283;1180856320;16470016;1379241984;0;0;0;0;0;0;0;0;0;0;0;2825;0;0;125;0;42;0;
8887;4444906;1180856320;16470016;1379241984;0;0;0;0;0;0;0;0;0;0;0;2204;0;0;125;0;42;0;
8888;2740239;1180856320;16470016;1379241984;0;0;0;0;0;0;0;0;0;0;0;2024;0;0;125;0;42;0;
8889;2101902;1180856320;16470016;1379241984;0;0;0;0;0;0;0;0;0;0;0;2124;0;0;125;0;42;0;
8890;1328201;1180856320;16470016;1379241984;0;0;0;0;0;0;0;0;0;0;0;1964;0;0;125;0;42;0;
8891;1788364;1180856320;16470016;1379241984;0;0;0;0;0;0;0;0;0;0;0;2104;0;0;125;0;42;0;
8892;1390327;1180856320;16470016;1379241984;0;0;0;0;0;0;0;0;0;0;0;1803;0;0;125;0;42;0;
8893;4578346;1180856320;16470016;1379241984;0;0;0;0;0;0;0;0;0;0;0;1944;0;0;125;0;42;0;
8894;2404639;1180856320;16470016;1379241984;0;0;0;0;0;0;0;0;0;0;0;2404;0;0;125;0;42;0;
8895;2635763;1180856320;16470016;1379241984;0;0;0;0;0;0;0;0;0;0;0;2114;0;0;125;0;42;0;
8896;1911905;1180856320;16470016;1379241984;0;0;0;0;0;0;0;0;0;0;0;2605;0;0;125;0;42;0;
8897;1642760;1180856320;16470016;1379241984;0;0;0;0;0;0;0;0;0;0;0;2144;0;0;125;0;42;0;
8898;1275181;1180856320;16470016;1379241984;0;0;0;0;0;0;0;0;0;0;0;2304;0;0;125;0;42;0;
8899;4510649;1180856320;16470016;1379241984;0;0;0;0;0;0;0;0;0;0;0;2104;0;0;125;0;42;0;
8900;2809438;1180856320;16470016;1379241984;0;0;0;0;0;0;0;0;0;0;0;2354;0;0;125;0;42;0;
8901;2143199;1180856320;16470016;1379241984;0;0;0;0;0;0;0;0;0;0;0;2505;0;0;125;0;42;0;
8902;1772904;1180856320;16470016;1379241984;0;0;0;0;0;0;0;0;0;0;0;2194;0;0;125;0;42;0;
8903;2460915;1180856320;16470016;1379241984;0;0;0;0;0;0;0;0;0;0;0;1794;0;0;125;0;42;0;
8904;1392221;1180856320;16470016;1379241984;0;0;0;0;0;0;0;0;0;0;0;2275;0;0;125;0;42;0;
8905;5051283;1180856320;16470016;1379241984;0;0;0;0;0;0;0;0;0;0;0;2084;0;0;125;0;42;0;
8906;2698049;1180856320;16470016;1379241984;0;0;0;0;0;0;0;0;0;0;0;2505;0;0;125;0;42;0;
8907;2190559;1180856320;16470016;1379241984;0;0;0;0;0;0;0;0;0;0;0;2264;0;0;125;0;42;0;
8908;1520291;1180856320;16470016;1379241984;0;0;0;0;0;0;0;0;0;0;0;2334;0;0;125;0;42;0;
8909;2327155;1180856320;16470016;1379241984;0;0;0;0;0;0;0;0;0;0;0;2265;0;0;125;0;42;0;
8910;2330320;1180856320;16470016;1379241984;0;0;0;0;0;0;0;0;0;0;0;2134;0;0;125;0;42;0;
8911;4522461;1180856320;16470016;1379241984;0;0;0;0;0;0;0;0;0;0;0;2034;0;0;125;0;42;0;
8912;2767951;1180856320;16470016;1379241984;0;0;0;0;0;0;0;0;0;0;0;2405;0;0;125;0;42;0;
8913;1646578;1180856320;16470016;1379241984;0;0;0;0;0;0;0;0;0;0;0;2194;0;0;125;0;42;0;
8914;1277426;1180856320;16470016;1379241984;0;0;0;0;0;0;0;0;0;0;0;2324;0;0;125;0;42;0;
8915;1948154;1180856320;16470016;1379241984;0;0;0;0;0;0;0;0;0;0;0;2164;0;0;125;0;42;0;
8916;1604629;1180856320;16470016;1379241984;0;0;0;0;0;0;0;0;0;0;0;2034;0;0;125;0;42;0;
8917;4847561;1180856320;16470016;1379241984;0;0;0;0;0;0;0;0;0;0;0;2515;0;0;125;0;42;0;
8918;3283097;1180856320;16470016;1379241984;0;0;0;0;0;0;0;0;0;0;0;2454;0;0;125;0;42;0;
8919;1756474;1180856320;16470016;1379241984;0;0;0;0;0;0;0;0;0;0;0;2224;0;0;125;0;42;0;
8920;1346395;1180856320;16470016;1379241984;0;0;0;0;0;0;0;0;0;0;0;1794;0;0;125;0;42;0;
8921;1888011;1180856320;16470016;1379241984;0;0;0;0;0;0;0;0;0;0;0;1633;0;0;125;0;42;0;
8922;1168041;1180856320;16470016;1379241984;0;0;0;0;0;0;0;0;0;0;0;2475;0;0;125;0;42;0;
8923;4588184;1180856320;16470016;1379241984;0;0;0;0;0;0;0;0;0;0;0;2314;0;0;125;0;42;0;
8924;3201845;1180856320;16470016;1379241984;0;0;0;0;0;0;0;0;0;0;0;2435;0;0;125;0;42;0;
8925;2028985;1180856320;16470016;1379241984;0;0;0;0;0;0;0;0;0;0;0;1913;0;0;125;0;42;0;
8926;1410906;1180856320;16470016;1379241984;0;0;0;0;0;0;0;0;0;0;0;2064;0;0;125;0;42;0;
8927;1969894;1180856320;16470016;1379241984;0;0;0;0;0;0;0;0;0;0;0;2074;0;0;125;0;42;0;
8928;1377423;1180856320;16470016;1379241984;0;0;0;0;0;0;0;0;0;0;0;1734;0;0;125;0;42;0;
8929;4703711;1180856320;16470016;1379241984;0;0;0;0;0;0;0;0;0;0;0;1993;0;0;125;0;42;0;
8930;2834696;1180856320;16470016;1379241984;0;0;0;0;0;0;0;0;0;0;0;2324;0;0;125;0;42;0;
8931;2018876;1180856320;16470016;1379241984;0;0;0;0;0;0;0;0;0;0;0;2064;0;0;125;0;42;0;
8932;1684349;1180856320;16470016;1379241984;0;0;0;0;0;0;0;0;0;0;0;2775;0;0;125;0;42;0;
8933;1848436;1180856320;16470016;1379241984;0;0;0;0;0;0;0;0;0;0;0;2214;0;0;125;0;42;0;
8934;1455771;1180856320;16470016;1379241984;0;0;0;0;0;0;0;0;0;0;0;2304;0;0;125;0;42;0;
8935;4351471;1180856320;16470016;1379241984;0;0;0;0;0;0;0;0;0;0;0;1803;0;0;125;0;42;0;
8936;4066256;1180856320;16470016;1379241984;0;0;0;0;0;0;0;0;0;0;0;2595;0;0;125;0;42;0;
8937;2730711;1180856320;16470016;1379241984;0;0;0;0;0;0;0;0;0;0;0;2064;0;0;125;0;42;0;
8938;1343500;1180856320;16470016;1379241984;0;0;0;0;0;0;0;0;0;0;0;2375;0;0;125;0;42;0;
8939;1671004;1180856320;16470016;1379241984;0;0;0;0;0;0;0;0;0;0;0;2074;0;0;125;0;42;0;
8940;1314776;1180856320;16470016;1379241984;0;0;0;0;0;0;0;0;0;0;0;2234;0;0;125;0;42;0;
8941;4536808;1180856320;16470016;1379241984;0;0;0;0;0;0;0;0;0;0;0;2124;0;0;125;0;42;0;
8942;3454688;1180856320;16470016;1379241984;0;0;0;0;0;0;0;0;0;0;0;1974;0;0;125;0;42;0;
8943;2306225;1180856320;16470016;1379241984;0;0;0;0;0;0;0;0;0;0;0;2033;0;0;125;0;42;0;
8944;1398643;1180856320;16470016;1379241984;0;0;0;0;0;0;0;0;0;0;0;1913;0;0;125;0;42;0;
8945;1542713;1180856320;16470016;1379241984;0;0;0;0;0;0;0;0;0;0;0;2504;0;0;125;0;42;0;
8946;1751485;1180856320;16470016;1379241984;0;0;0;0;0;0;0;0;0;0;0;2033;0;0;125;0;42;0;
8947;4277662;1180856320;16470016;1379241984;0;0;0;0;0;0;0;0;0;0;0;2104;0;0;125;0;42;0;
8948;3212014;1180856320;16470016;1379241984;0;0;0;0;0;0;0;0;0;0;0;2665;0;0;125;0;42;0;
8949;2482225;1180856320;16470016;1379241984;0;0;0;0;0;0;0;0;0;0;0;2064;0;0;125;0;42;0;
8950;1776532;1180856320;16470016;1379241984;0;0;0;0;0;0;0;0;0;0;0;2244;0;0;125;0;42;0;
8951;1778706;1180856320;16470016;1379241984;0;0;0;0;0;0;0;0;0;0;0;1974;0;0;125;0;42;0;
8952;1188349;1180856320;16470016;1379241984;0;0;0;0;0;0;0;0;0;0;0;1913;0;0;125;0;42;0;
8953;4346912;1180856320;16470016;1379241984;0;0;0;0;0;0;0;0;0;0;0;2234;0;0;125;0;42;0;
8954;3168271;1180856320;16470016;1379241984;0;0;0;0;0;0;0;0;0;0;0;2034;0;0;125;0;42;0;
8955;3227333;1180856320;16470016;1379241984;0;0;0;0;0;0;0;0;0;0;0;1883;0;0;125;0;42;0;
8956;1940499;1180856320;16470016;1379241984;0;0;0;0;0;0;0;0;0;0;0;2234;0;0;125;0;42;0;
8957;1838087;1180856320;16470016;1379241984;0;0;0;0;0;0;0;0;0;0;0;2064;0;0;125;0;42;0;
8958;1432487;1180856320;16470016;1379241984;0;0;0;0;0;0;0;0;0;0;0;1884;0;0;125;0;42;0;
8959;4325502;1180856320;16470016;1379241984;0;0;0;0;0;0;0;0;0;0;0;2315;0;0;125;0;42;0;
8960;2222929;1180856320;16470016;1379241984;0;0;0;0;0;0;0;0;0;0;0;2294;0;0;125;0;42;0;
8961;1812780;1180856320;16470016;1379241984;0;0;0;0;0;0;0;0;0;0;0;2525;0;0;125;0;42;0;
8962;1310288;1180856320;16470016;1379241984;0;0;0;0;0;0;0;0;0;0;0;1983;0;0;125;0;42;0;
8963;2035387;1180856320;16470016;1379241984;0;0;0;0;0;0;0;0;0;0;0;1924;0;0;125;0;42;0;
8964;1441192;1180856320;16470016;1379241984;0;0;0;0;0;0;0;0;0;0;0;2214;0;0;125;0;42;0;
8965;4269547;1180856320;16470016;1379241984;0;0;0;0;0;0;0;0;0;0;0;2465;0;0;125;0;42;0;
8966;2595608;1180856320;16470016;1379241984;0;0;0;0;0;0;0;0;0;0;0;2314;0;0;125;0;42;0;
8967;1680702;1180856320;16470016;1379241984;0;0;0;0;0;0;0;0;0;0;0;2274;0;0;125;0;42;0;
8968;1285451;1180856320;16470016;1379241984;0;0;0;0;0;0;0;0;0;0;0;1843;0;0;125;0;42;0;
8969;1659863;1180856320;16470016;1379241984;0;0;0;0;0;0;0;0;0;0;0;2174;0;0;125;0;42;0;
8970;1644323;1180856320;16470016;1379241984;0;0;0;0;0;0;0;0;0;0;0;2114;0;0;125;0;42;0;
8971;4639020;1180856320;16470016;1379241984;0;0;0;0;0;0;0;0;0;0;0;2144;0;0;125;0;42;0;
8972;3388575;1180856320;16470016;1379241984;0;0;0;0;0;0;0;0;0;0;0;1703;0;0;125;0;42;0;
8973;2066455;1180856320;16470016;1379241984;0;0;0;0;0;0;0;0;0;0;0;2946;0;0;125;0;42;0;
8974;1295079;1180856320;16470016;1379241984;0;0;0;0;0;0;0;0;0;0;0;2355;0;0;125;0;42;0;
8975;1806217;1180856320;16470016;1379241984;0;0;0;0;0;0;0;0;0;0;0;2224;0;0;125;0;42;0;
8976;1198197;1180856320;16470016;1379241984;0;0;0;0;0;0;0;0;0;0;0;2454;0;0;125;0;42;0;
8977;4496593;1180856320;16470016;1379241984;0;0;0;0;0;0;0;0;0;0;0;2244;0;0;125;0;42;0;
8978;2616677;1180856320;16470016;1379241984;0;0;0;0;0;0;0;0;0;0;0;2175;0;0;125;0;42;0;
8979;2010220;1180856320;16470016;1379241984;0;0;0;0;0;0;0;0;0;0;0;2124;0;0;125;0;42;0;
8980;1429821;1180856320;16470016;1379241984;0;0;0;0;0;0;0;0;0;0;0;1964;0;0;125;0;42;0;
8981;1877421;1180856320;16470016;1379241984;0;0;0;0;0;0;0;0;0;0;0;2365;0;0;125;0;42;0;
8982;1392611;1180856320;16470016;1379241984;0;0;0;0;0;0;0;0;0;0;0;2204;0;0;125;0;42;0;
8983;4333618;1180856320;16470016;1379241984;0;0;0;0;0;0;0;0;0;0;0;2114;0;0;125;0;42;0;
8984;2932399;1180856320;16470016;1379241984;0;0;0;0;0;0;0;0;0;0;0;2034;0;0;125;0;42;0;
8985;2625584;1180856320;16470016;1379241984;0;0;0;0;0;0;0;0;0;0;0;2074;0;0;125;0;42;0;
8986;2519555;1180856320;16470016;1379241984;0;0;0;0;0;0;0;0;0;0;0;5941;0;0;125;0;42;0;
8987;7850693;1180856320;16470016;1379241984;0;0;0;0;0;0;0;0;0;0;0;2094;0;0;125;0;42;0;
8988;4798920;1180856320;16470016;1379241984;0;0;0;0;0;0;0;0;0;0;0;2154;0;0;125;0;42;0;
8989;5993239;1180856320;16470016;1379241984;0;0;0;0;0;0;0;0;0;0;0;2394;0;0;125;0;42;0;
8990;3684089;1180856320;16470016;1379241984;0;0;0;0;0;0;0;0;0;0;0;2295;0;0;125;0;42;0;
8991;2327024;1180856320;16470016;1379241984;0;0;0;0;0;0;0;0;0;0;0;2074;0;0;125;0;42;0;
8992;1819493;1180856320;16470016;1379241984;0;0;0;0;0;0;0;0;0;0;0;2274;0;0;125;0;42;0;
8993;2688652;1180856320;16470016;1379241984;0;0;0;0;0;0;0;0;0;0;0;1954;0;0;125;0;42;0;
8994;1594190;1180856320;16470016;1379241984;0;0;0;0;0;0;0;0;0;0;0;2334;0;0;125;0;42;0;
8995;4959681;1180856320;16470016;1379241984;0;0;0;0;0;0;0;0;0;0;0;2214;0;0;125;0;42;0;
8996;3291603;1180856320;16470016;1379241984;0;0;0;0;0;0;0;0;0;0;0;2976;0;0;125;0;42;0;
8997;2149131;1180852224;16465920;1379237888;0;0;0;0;0;0;0;0;0;0;0;2094;0;0;125;0;42;0;
8998;1804234;1180852224;16465920;1379237888;0;0;0;0;0;0;0;0;0;0;0;1783;0;0;125;0;42;0;
8999;1919650;1180852224;16465920;1379237888;0;0;0;0;0;0;0;0;0;0;0;1813;0;0;125;0;42;0;
9000;1318373;1180852224;16465920;1379237888;0;0;0;0;0;0;0;0;0;0;0;2174;0;0;125;0;42;0;
9001;5174314;1180852224;16465920;1379237888;0;0;0;0;0;0;0;0;0;0;0;2345;0;0;125;0;42;0;
9002;5301943;1180852224;16470016;1379241984;0;0;0;0;0;0;0;0;0;0;0;6853;0;0;125;0;42;0;
9003;3404475;1180852224;16470016;1379241984;0;0;0;0;0;0;0;0;0;0;0;3056;0;0;125;0;42;0;
9004;3517457;1180852224;16470016;1379241984;0;0;0;0;0;0;0;0;0;0;0;6432;0;0;125;0;42;0;
9005;2495150;1180852224;16470016;1379241984;0;0;0;0;0;0;0;0;0;0;0;2144;0;0;125;0;42;0;
9006;1575795;1180852224;16470016;1379241984;0;0;0;0;0;0;0;0;0;0;0;1913;0;0;125;0;42;0;
9007;5262890;1180852224;16470016;1379241984;0;0;0;0;0;0;0;0;0;0;0;2054;0;0;125;0;42;0;
9008;3876540;1180852224;16470016;1379241984;0;0;0;0;0;0;0;0;0;0;0;2384;0;0;125;0;42;0;
9009;2782418;1180852224;16470016;1379241984;0;0;0;0;0;0;0;0;0;0;0;2024;0;0;125;0;42;0;
9010;1788815;1180852224;16470016;1379241984;0;0;0;0;0;0;0;0;0;0;0;2024;0;0;125;0;42;0;
9011;2631936;1180852224;16470016;1379241984;0;0;0;0;0;0;0;0;0;0;0;2154;0;0;125;0;42;0;
9012;1801789;1180852224;16470016;1379241984;0;0;0;0;0;0;0;0;0;0;0;2214;0;0;125;0;42;0;
9013;4664498;1180852224;16470016;1379241984;0;0;0;0;0;0;0;0;0;0;0;2274;0;0;125;0;42;0;
9014;3384417;1180852224;16470016;1379241984;0;0;0;0;0;0;0;0;0;0;0;2064;0;0;125;0;42;0;
9015;2585258;1180852224;16470016;1379241984;0;0;0;0;0;0;0;0;0;0;0;2324;0;0;125;0;42;0;
9016;1444899;1180852224;16470016;1379241984;0;0;0;0;0;0;0;0;0;0;0;2034;0;0;125;0;42;0;
9017;1940209;1180852224;16470016;1379241984;0;0;0;0;0;0;0;0;0;0;0;2535;0;0;125;0;42;0;
9018;1447244;1180852224;16470016;1379241984;0;0;0;0;0;0;0;0;0;0;0;2184;0;0;125;0;42;0;
9019;4902725;1180852224;16470016;1379241984;0;0;0;0;0;0;0;0;0;0;0;2275;0;0;125;0;42;0;
9020;3458325;1180852224;16470016;1379241984;0;0;0;0;0;0;0;0;0;0;0;2765;0;0;125;0;42;0;
9021;2190478;1180852224;16470016;1379241984;0;0;0;0;0;0;0;0;0;0;0;2395;0;0;125;0;42;0;
9022;1614248;1180852224;16470016;1379241984;0;0;0;0;0;0;0;0;0;0;0;2114;0;0;125;0;42;0;
9023;2580019;1180852224;16470016;1379241984;0;0;0;0;0;0;0;0;0;0;0;2374;0;0;125;0;42;0;
9024;1823340;1180852224;16470016;1379241984;0;0;0;0;0;0;0;0;0;0;0;2114;0;0;125;0;42;0;
9025;4292780;1180852224;16470016;1379241984;0;0;0;0;0;0;0;0;0;0;0;1973;0;0;125;0;42;0;
9026;2666691;1180852224;16470016;1379241984;0;0;0;0;0;0;0;0;0;0;0;1893;0;0;125;0;42;0;
9027;2244710;1180852224;16470016;1379241984;0;0;0;0;0;0;0;0;0;0;0;1913;0;0;125;0;42;0;
9028;1575375;1180852224;16470016;1379241984;0;0;0;0;0;0;0;0;0;0;0;1984;0;0;125;0;42;0;
9029;1897238;1180852224;16470016;1379241984;0;0;0;0;0;0;0;0;0;0;0;1863;0;0;125;0;42;0;
9030;1787042;1180852224;16470016;1379241984;0;0;0;0;0;0;0;0;0;0;0;2174;0;0;125;0;42;0;
9031;4490471;1180852224;16470016;1379241984;0;0;0;0;0;0;0;0;0;0;0;2184;0;0;125;0;42;0;
9032;2843372;1180852224;16470016;1379241984;0;0;0;0;0;0;0;0;0;0;0;2495;0;0;125;0;42;0;
9033;1901355;1180852224;16470016;1379241984;0;0;0;0;0;0;0;0;0;0;0;1913;0;0;125;0;42;0;
9034;1725305;1180852224;16470016;1379241984;0;0;0;0;0;0;0;0;0;0;0;1984;0;0;125;0;42;0;
9035;2636665;1180852224;16470016;1379241984;0;0;0;0;0;0;0;0;0;0;0;1893;0;0;125;0;42;0;
9036;1567089;1180852224;16470016;1379241984;0;0;0;0;0;0;0;0;0;0;0;1984;0;0;125;0;42;0;
9037;4521430;1180852224;16470016;1379241984;0;0;0;0;0;0;0;0;0;0;0;2024;0;0;125;0;42;0;
9038;2996540;1180852224;16470016;1379241984;0;0;0;0;0;0;0;0;0;0;0;2044;0;0;125;0;42;0;
9039;2472397;1180852224;16470016;1379241984;0;0;0;0;0;0;0;0;0;0;0;2434;0;0;125;0;42;0;
9040;1990863;1180852224;16470016;1379241984;0;0;0;0;0;0;0;0;0;0;0;2254;0;0;125;0;42;0;
9041;2389060;1180852224;16470016;1379241984;0;0;0;0;0;0;0;0;0;0;0;1893;0;0;125;0;42;0;
9042;1887450;1180852224;16470016;1379241984;0;0;0;0;0;0;0;0;0;0;0;2365;0;0;125;0;42;0;
9043;4574078;1180852224;16470016;1379241984;0;0;0;0;0;0;0;0;0;0;0;2074;0;0;125;0;42;0;
9044;2389221;1180852224;16470016;1379241984;0;0;0;0;0;0;0;0;0;0;0;2755;0;0;125;0;42;0;
9045;2841820;1180852224;16470016;1379241984;0;0;0;0;0;0;0;0;0;0;0;2094;0;0;125;0;42;0;
9046;1435513;1180852224;16470016;1379241984;0;0;0;0;0;0;0;0;0;0;0;2254;0;0;125;0;42;0;
9047;2147447;1180852224;16470016;1379241984;0;0;0;0;0;0;0;0;0;0;0;2094;0;0;125;0;42;0;
9048;1599139;1180852224;16470016;1379241984;0;0;0;0;0;0;0;0;0;0;0;2234;0;0;125;0;42;0;
9049;4514697;1180852224;16470016;1379241984;0;0;0;0;0;0;0;0;0;0;0;1743;0;0;125;0;42;0;
9050;2793950;1180852224;16470016;1379241984;0;0;0;0;0;0;0;0;0;0;0;2294;0;0;125;0;42;0;
9051;2019858;1180852224;16470016;1379241984;0;0;0;0;0;0;0;0;0;0;0;2214;0;0;125;0;42;0;
9052;1770169;1180852224;16470016;1379241984;0;0;0;0;0;0;0;0;0;0;0;2084;0;0;125;0;42;0;
9053;2047330;1180852224;16470016;1379241984;0;0;0;0;0;0;0;0;0;0;0;2184;0;0;125;0;42;0;
9054;1335114;1180852224;16470016;1379241984;0;0;0;0;0;0;0;0;0;0;0;2244;0;0;125;0;42;0;
9055;4430779;1180852224;16470016;1379241984;0;0;0;0;0;0;0;0;0;0;0;2435;0;0;125;0;42;0;
9056;2862719;1180852224;16470016;1379241984;0;0;0;0;0;0;0;0;0;0;0;2154;0;0;125;0;42;0;
9057;2222708;1180852224;16470016;1379241984;0;0;0;0;0;0;0;0;0;0;0;2244;0;0;125;0;42;0;
9058;1498861;1180852224;16470016;1379241984;0;0;0;0;0;0;0;0;0;0;0;1973;0;0;125;0;42;0;
9059;2520186;1180852224;16470016;1379241984;0;0;0;0;0;0;0;0;0;0;0;2404;0;0;125;0;42;0;
9060;1751795;1180852224;16470016;1379241984;0;0;0;0;0;0;0;0;0;0;0;1994;0;0;125;0;42;0;
9061;4380254;1180852224;16470016;1379241984;0;0;0;0;0;0;0;0;0;0;0;1973;0;0;125;0;42;0;
9062;2465473;1180852224;16470016;1379241984;0;0;0;0;0;0;0;0;0;0;0;1913;0;0;125;0;42;0;
9063;2082876;1180852224;16470016;1379241984;0;0;0;0;0;0;0;0;0;0;0;1884;0;0;125;0;42;0;
9064;1364038;1180852224;16470016;1379241984;0;0;0;0;0;0;0;0;0;0;0;2064;0;0;125;0;42;0;
9065;1820555;1180852224;16470016;1379241984;0;0;0;0;0;0;0;0;0;0;0;1874;0;0;125;0;42;0;
9066;1187818;1180852224;16470016;1379241984;0;0;0;0;0;0;0;0;0;0;0;2214;0;0;125;0;42;0;
9067;4401755;1180852224;16470016;1379241984;0;0;0;0;0;0;0;0;0;0;0;2645;0;0;125;0;42;0;
9068;4368653;1180852224;16470016;1379241984;0;0;0;0;0;0;0;0;0;0;0;2665;0;0;125;0;42;0;
9069;2457809;1180852224;16470016;1379241984;0;0;0;0;0;0;0;0;0;0;0;2224;0;0;125;0;42;0;
9070;1241408;1180852224;16470016;1379241984;0;0;0;0;0;0;0;0;0;0;0;2124;0;0;125;0;42;0;
9071;1837406;1180852224;16470016;1379241984;0;0;0;0;0;0;0;0;0;0;0;2204;0;0;125;0;42;0;
9072;1366864;1180852224;16470016;1379241984;0;0;0;0;0;0;0;0;0;0;0;1943;0;0;125;0;42;0;
9073;4846910;1180852224;16470016;1379241984;0;0;0;0;0;0;0;0;0;0;0;1964;0;0;125;0;42;0;
9074;4312578;1180852224;16470016;1379241984;0;0;0;0;0;0;0;0;0;0;0;2054;0;0;125;0;42;0;
9075;2153659;1180852224;16470016;1379241984;0;0;0;0;0;0;0;0;0;0;0;2204;0;0;125;0;42;0;
9076;1278418;1180852224;16470016;1379241984;0;0;0;0;0;0;0;0;0;0;0;2023;0;0;125;0;42;0;
9077;1947602;1180852224;16470016;1379241984;0;0;0;0;0;0;0;0;0;0;0;2324;0;0;125;0;42;0;
9078;1116954;1180852224;16470016;1379241984;0;0;0;0;0;0;0;0;0;0;0;2185;0;0;125;0;42;0;
9079;5433971;1180852224;16470016;1379241984;0;0;0;0;0;0;0;0;0;0;0;2034;0;0;125;0;42;0;
9080;3974083;1180852224;16470016;1379241984;0;0;0;0;0;0;0;0;0;0;0;2375;0;0;125;0;42;0;
9081;1870207;1180852224;16470016;1379241984;0;0;0;0;0;0;0;0;0;0;0;1954;0;0;125;0;42;0;
9082;1102949;1180852224;16470016;1379241984;0;0;0;0;0;0;0;0;0;0;0;2264;0;0;125;0;42;0;
9083;2656112;1180852224;16470016;1379241984;0;0;0;0;0;0;0;0;0;0;0;2164;0;0;125;0;42;0;
9084;2738556;1180852224;16470016;1379241984;0;0;0;0;0;0;0;0;0;0;0;4688;0;0;125;0;42;0;
9085;5498371;1180852224;16470016;1379241984;0;0;0;0;0;0;0;0;0;0;0;3156;0;0;125;0;42;0;
9086;4650672;1180852224;16470016;1379241984;0;0;0;0;0;0;0;0;0;0;0;3536;0;0;125;0;42;0;
9087;3454618;1180852224;16470016;1379241984;0;0;0;0;0;0;0;0;0;0;0;2956;0;0;125;0;42;0;
9088;2093587;1180852224;16470016;1379241984;0;0;0;0;0;0;0;0;0;0;0;2635;0;0;125;0;42;0;
9089;2553008;1180852224;16470016;1379241984;0;0;0;0;0;0;0;0;0;0;0;2785;0;0;125;0;42;0;
9090;2261742;1180852224;16470016;1379241984;0;0;0;0;0;0;0;0;0;0;0;2895;0;0;125;0;42;0;
9091;5337800;1180852224;16470016;1379241984;0;0;0;0;0;0;0;0;0;0;0;2895;0;0;125;0;42;0;
9092;4949652;1180852224;16470016;1379241984;0;0;0;0;0;0;0;0;0;0;0;3336;0;0;125;0;42;0;
9093;2805362;1180852224;16470016;1379241984;0;0;0;0;0;0;0;0;0;0;0;2295;0;0;125;0;42;0;
9094;1366413;1180852224;16470016;1379241984;0;0;0;0;0;0;0;0;0;0;0;2525;0;0;125;0;42;0;
9095;2422683;1180852224;16470016;1379241984;0;0;0;0;0;0;0;0;0;0;0;2654;0;0;125;0;42;0;
9096;2544532;1180852224;16470016;1379241984;0;0;0;0;0;0;0;0;0;0;0;3486;0;0;125;0;42;0;
9097;5614630;1180852224;16613376;1379385344;0;0;0;0;0;0;0;0;0;0;0;174166;0;0;125;0;42;0;
9098;3834190;1180852224;16613376;1379385344;0;0;0;0;0;0;0;0;0;0;0;3035;0;0;125;0;42;0;
9099;2701496;1180852224;16613376;1379385344;0;0;0;0;0;0;0;0;0;0;0;2916;0;0;125;0;42;0;
9100;2029496;1180852224;16613376;1379385344;0;0;0;0;0;0;0;0;0;0;0;3136;0;0;125;0;42;0;
9101;2984237;1180852224;16613376;1379385344;0;0;0;0;0;0;0;0;0;0;0;2594;0;0;125;0;42;0;
9102;2520016;1180852224;16613376;1379385344;0;0;0;0;0;0;0;0;0;0;0;2475;0;0;125;0;42;0;
9103;5586216;1180852224;16613376;1379385344;0;0;0;0;0;0;0;0;0;0;0;2965;0;0;125;0;42;0;
9104;5680683;1180852224;16613376;1379385344;0;0;0;0;0;0;0;0;0;0;0;3406;0;0;125;0;42;0;
9105;2705845;1180852224;16613376;1379385344;0;0;0;0;0;0;0;0;0;0;0;3026;0;0;125;0;42;0;
9106;2108284;1180852224;16613376;1379385344;0;0;0;0;0;0;0;0;0;0;0;2885;0;0;125;0;42;0;
9107;2783380;1180852224;16613376;1379385344;0;0;0;0;0;0;0;0;0;0;0;2935;0;0;125;0;42;0;
9108;2048402;1180852224;16613376;1379385344;0;0;0;0;0;0;0;0;0;0;0;2464;0;0;125;0;42;0;
9109;4910639;1180852224;16613376;1379385344;0;0;0;0;0;0;0;0;0;0;0;2515;0;0;125;0;42;0;
9110;5725147;1180852224;16613376;1379385344;0;0;0;0;0;0;0;0;0;0;0;3086;0;0;125;0;42;0;
9111;2552126;1180852224;16613376;1379385344;0;0;0;0;0;0;0;0;0;0;0;3217;0;0;125;0;42;0;
9112;2342443;1180852224;16613376;1379385344;0;0;0;0;0;0;0;0;0;0;0;2976;0;0;125;0;42;0;
9113;2554180;1180852224;16613376;1379385344;0;0;0;0;0;0;0;0;0;0;0;3306;0;0;125;0;42;0;
9114;2189196;1180852224;16613376;1379385344;0;0;0;0;0;0;0;0;0;0;0;3186;0;0;125;0;42;0;
9115;5274652;1180852224;16613376;1379385344;0;0;0;0;0;0;0;0;0;0;0;3075;0;0;125;0;42;0;
9116;4700154;1180852224;16613376;1379385344;0;0;0;0;0;0;0;0;0;0;0;3376;0;0;125;0;42;0;
9117;3405136;1180852224;16613376;1379385344;0;0;0;0;0;0;0;0;0;0;0;3266;0;0;125;0;42;0;
9118;2596409;1180852224;16613376;1379385344;0;0;0;0;0;0;0;0;0;0;0;2885;0;0;125;0;42;0;
9119;3351395;1180852224;16613376;1379385344;0;0;0;0;0;0;0;0;0;0;0;2585;0;0;125;0;42;0;
9120;2246783;1180852224;16613376;1379385344;0;0;0;0;0;0;0;0;0;0;0;3397;0;0;125;0;42;0;
9121;5293337;1180852224;16613376;1379385344;0;0;0;0;0;0;0;0;0;0;0;3015;0;0;125;0;42;0;
9122;5164416;1180852224;16613376;1379385344;0;0;0;0;0;0;0;0;0;0;0;3336;0;0;125;0;42;0;
9123;3293447;1180852224;16613376;1379385344;0;0;0;0;0;0;0;0;0;0;0;2675;0;0;125;0;42;0;
9124;3367536;1180852224;16613376;1379385344;0;0;0;0;0;0;0;0;0;0;0;3056;0;0;125;0;42;0;
9125;3101196;1180852224;16613376;1379385344;0;0;0;0;0;0;0;0;0;0;0;2565;0;0;125;0;42;0;
9126;1896837;1180852224;16613376;1379385344;0;0;0;0;0;0;0;0;0;0;0;2946;0;0;125;0;42;0;
9127;4766740;1180852224;16613376;1379385344;0;0;0;0;0;0;0;0;0;0;0;2625;0;0;125;0;42;0;
9128;5014765;1180852224;16613376;1379385344;0;0;0;0;0;0;0;0;0;0;0;6202;0;0;125;0;42;0;
9129;2599575;1180852224;16613376;1379385344;0;0;0;0;0;0;0;0;0;0;0;2645;0;0;125;0;42;0;
9130;2206818;1180852224;16613376;1379385344;0;0;0;0;0;0;0;0;0;0;0;2535;0;0;125;0;42;0;
9131;2876444;1180852224;16613376;1379385344;0;0;0;0;0;0;0;0;0;0;0;2615;0;0;125;0;42;0;
9132;1676795;1180852224;16613376;1379385344;0;0;0;0;0;0;0;0;0;0;0;2885;0;0;125;0;42;0;
9133;4779143;1180852224;16613376;1379385344;0;0;0;0;0;0;0;0;0;0;0;2635;0;0;125;0;42;0;
9134;5075819;1180852224;16613376;1379385344;0;0;0;0;0;0;0;0;0;0;0;2795;0;0;125;0;42;0;
9135;2587974;1180852224;16613376;1379385344;0;0;0;0;0;0;0;0;0;0;0;2675;0;0;125;0;42;0;
9136;1909571;1180852224;16613376;1379385344;0;0;0;0;0;0;0;0;0;0;0;2534;0;0;125;0;42;0;
9137;2577143;1180852224;16613376;1379385344;0;0;0;0;0;0;0;0;0;0;0;2625;0;0;125;0;42;0;
9138;1671605;1180852224;16613376;1379385344;0;0;0;0;0;0;0;0;0;0;0;2555;0;0;125;0;42;0;
9139;4588446;1180852224;16613376;1379385344;0;0;0;0;0;0;0;0;0;0;0;2364;0;0;125;0;42;0;
9140;5093994;1180852224;16613376;1379385344;0;0;0;0;0;0;0;0;0;0;0;2785;0;0;125;0;42;0;
9141;2919034;1180852224;16613376;1379385344;0;0;0;0;0;0;0;0;0;0;0;2635;0;0;125;0;42;0;
9142;1598367;1180852224;16613376;1379385344;0;0;0;0;0;0;0;0;0;0;0;2595;0;0;125;0;42;0;
9143;2405321;1180852224;16613376;1379385344;0;0;0;0;0;0;0;0;0;0;0;2585;0;0;125;0;42;0;
9144;1910833;1180852224;16613376;1379385344;0;0;0;0;0;0;0;0;0;0;0;2535;0;0;125;0;42;0;
9145;5558554;1180852224;16613376;1379385344;0;0;0;0;0;0;0;0;0;0;0;2675;0;0;125;0;42;0;
9146;3603197;1180852224;16613376;1379385344;0;0;0;0;0;0;0;0;0;0;0;2746;0;0;125;0;42;0;
9147;2867798;1180852224;16613376;1379385344;0;0;0;0;0;0;0;0;0;0;0;2775;0;0;125;0;42;0;
9148;1635898;1180852224;16613376;1379385344;0;0;0;0;0;0;0;0;0;0;0;2865;0;0;125;0;42;0;
9149;2146585;1180852224;16613376;1379385344;0;0;0;0;0;0;0;0;0;0;0;2565;0;0;125;0;42;0;
9150;1883583;1180852224;16613376;1379385344;0;0;0;0;0;0;0;0;0;0;0;2845;0;0;125;0;42;0;
9151;4581893;1180852224;16613376;1379385344;0;0;0;0;0;0;0;0;0;0;0;2836;0;0;125;0;42;0;
9152;3405396;1180852224;16613376;1379385344;0;0;0;0;0;0;0;0;0;0;0;2895;0;0;125;0;42;0;
9153;2535095;1180852224;16613376;1379385344;0;0;0;0;0;0;0;0;0;0;0;2966;0;0;125;0;42;0;
9154;2854643;1180852224;16613376;1379385344;0;0;0;0;0;0;0;0;0;0;0;6683;0;0;125;0;42;0;
9155;2417524;1180852224;16613376;1379385344;0;0;0;0;0;0;0;0;0;0;0;2355;0;0;125;0;42;0;
9156;1699597;1180852224;16613376;1379385344;0;0;0;0;0;0;0;0;0;0;0;2204;0;0;125;0;42;0;
9157;4521590;1180852224;16613376;1379385344;0;0;0;0;0;0;0;0;0;0;0;2214;0;0;125;0;42;0;
9158;3798353;1180852224;16613376;1379385344;0;0;0;0;0;0;0;0;0;0;0;2395;0;0;125;0;42;0;
9159;2139552;1180852224;16613376;1379385344;0;0;0;0;0;0;0;0;0;0;0;2074;0;0;125;0;42;0;
9160;1495094;1180852224;16613376;1379385344;0;0;0;0;0;0;0;0;0;0;0;2214;0;0;125;0;42;0;
9161;1805195;1180852224;16613376;1379385344;0;0;0;0;0;0;0;0;0;0;0;2154;0;0;125;0;42;0;
9162;1630959;1180852224;16613376;1379385344;0;0;0;0;0;0;0;0;0;0;0;2094;0;0;125;0;42;0;
9163;4396746;1180852224;16613376;1379385344;0;0;0;0;0;0;0;0;0;0;0;1993;0;0;125;0;42;0;
9164;2773872;1180852224;16613376;1379385344;0;0;0;0;0;0;0;0;0;0;0;2525;0;0;125;0;42;0;
9165;2277932;1180852224;16613376;1379385344;0;0;0;0;0;0;0;0;0;0;0;2274;0;0;125;0;42;0;
9166;1356334;1180852224;16613376;1379385344;0;0;0;0;0;0;0;0;0;0;0;2224;0;0;125;0;42;0;
9167;2226365;1180852224;16613376;1379385344;0;0;0;0;0;0;0;0;0;0;0;2214;0;0;125;0;42;0;
9168;1456732;1180852224;16613376;1379385344;0;0;0;0;0;0;0;0;0;0;0;2084;0;0;125;0;42;0;
9169;4805692;1180852224;16613376;1379385344;0;0;0;0;0;0;0;0;0;0;0;2224;0;0;125;0;42;0;
9170;3651639;1180852224;16613376;1379385344;0;0;0;0;0;0;0;0;0;0;0;2274;0;0;125;0;42;0;
9171;2502893;1180852224;16613376;1379385344;0;0;0;0;0;0;0;0;0;0;0;2114;0;0;125;0;42;0;
9172;1964404;1180852224;16613376;1379385344;0;0;0;0;0;0;0;0;0;0;0;1583;0;0;125;0;42;0;
9173;2027172;1180852224;16613376;1379385344;0;0;0;0;0;0;0;0;0;0;0;2255;0;0;125;0;42;0;
9174;1525230;1180852224;16613376;1379385344;0;0;0;0;0;0;0;0;0;0;0;2365;0;0;125;0;42;0;
9175;5038729;1180852224;16613376;1379385344;0;0;0;0;0;0;0;0;0;0;0;2294;0;0;125;0;42;0;
9176;3169264;1180852224;16613376;1379385344;0;0;0;0;0;0;0;0;0;0;0;2385;0;0;125;0;42;0;
9177;2477557;1180852224;16613376;1379385344;0;0;0;0;0;0;0;0;0;0;0;2184;0;0;125;0;42;0;
9178;1533315;1180852224;16613376;1379385344;0;0;0;0;0;0;0;0;0;0;0;1814;0;0;125;0;42;0;
9179;2423164;1180852224;16613376;1379385344;0;0;0;0;0;0;0;0;0;0;0;2204;0;0;125;0;42;0;
9180;1558593;1180852224;16613376;1379385344;0;0;0;0;0;0;0;0;0;0;0;2214;0;0;125;0;42;0;
9181;4352944;1180852224;16613376;1379385344;0;0;0;0;0;0;0;0;0;0;0;2124;0;0;125;0;42;0;
9182;3163192;1180852224;16613376;1379385344;0;0;0;0;0;0;0;0;0;0;0;3055;0;0;125;0;42;0;
9183;2536346;1180852224;16613376;1379385344;0;0;0;0;0;0;0;0;0;0;0;2054;0;0;125;0;42;0;
9184;2824557;1180852224;16613376;1379385344;0;0;0;0;0;0;0;0;0;0;0;6823;0;0;125;0;42;0;
9185;2531998;1180852224;16613376;1379385344;0;0;0;0;0;0;0;0;0;0;0;3186;0;0;125;0;42;0;
9186;1922926;1180852224;16613376;1379385344;0;0;0;0;0;0;0;0;0;0;0;3136;0;0;125;0;42;0;
9187;5269442;1180852224;16613376;1379385344;0;0;0;0;0;0;0;0;0;0;0;3016;0;0;125;0;42;0;
9188;4381227;1180852224;16613376;1379385344;0;0;0;0;0;0;0;0;0;0;0;4088;0;0;125;0;42;0;
9189;3002992;1180852224;16613376;1379385344;0;0;0;0;0;0;0;0;0;0;0;2815;0;0;125;0;42;0;
9190;1664161;1180852224;16613376;1379385344;0;0;0;0;0;0;0;0;0;0;0;2756;0;0;125;0;42;0;
9191;2172604;1180852224;16613376;1379385344;0;0;0;0;0;0;0;0;0;0;0;2975;0;0;125;0;42;0;
9192;2133080;1180852224;16613376;1379385344;0;0;0;0;0;0;0;0;0;0;0;2474;0;0;125;0;42;0;
9193;4854113;1180852224;16613376;1379385344;0;0;0;0;0;0;0;0;0;0;0;1954;0;0;125;0;42;0;
9194;3251909;1180852224;16613376;1379385344;0;0;0;0;0;0;0;0;0;0;0;2445;0;0;125;0;42;0;
9195;2140444;1180852224;16613376;1379385344;0;0;0;0;0;0;0;0;0;0;0;1944;0;0;125;0;42;0;
9196;1399334;1180852224;16613376;1379385344;0;0;0;0;0;0;0;0;0;0;0;1873;0;0;125;0;42;0;
9197;1946330;1180852224;16613376;1379385344;0;0;0;0;0;0;0;0;0;0;0;2164;0;0;125;0;42;0;
9198;1505223;1180852224;16613376;1379385344;0;0;0;0;0;0;0;0;0;0;0;2194;0;0;125;0;42;0;
9199;4790114;1180852224;16613376;1379385344;0;0;0;0;0;0;0;0;0;0;0;2174;0;0;125;0;42;0;
9200;2799670;1180852224;16613376;1379385344;0;0;0;0;0;0;0;0;0;0;0;2414;0;0;125;0;42;0;
9201;2483217;1180852224;16613376;1379385344;0;0;0;0;0;0;0;0;0;0;0;2244;0;0;125;0;42;0;
9202;1421846;1180852224;16613376;1379385344;0;0;0;0;0;0;0;0;0;0;0;2344;0;0;125;0;42;0;
9203;2162786;1180852224;16613376;1379385344;0;0;0;0;0;0;0;0;0;0;0;2044;0;0;125;0;42;0;
9204;1299046;1180852224;16613376;1379385344;0;0;0;0;0;0;0;0;0;0;0;2144;0;0;125;0;42;0;
9205;4804159;1180852224;16613376;1379385344;0;0;0;0;0;0;0;0;0;0;0;2324;0;0;125;0;42;0;
9206;3027568;1180852224;16613376;1379385344;0;0;0;0;0;0;0;0;0;0;0;2545;0;0;125;0;42;0;
9207;1753318;1180852224;16613376;1379385344;0;0;0;0;0;0;0;0;0;0;0;2334;0;0;125;0;42;0;
9208;1311279;1180852224;16613376;1379385344;0;0;0;0;0;0;0;0;0;0;0;1924;0;0;125;0;42;0;
9209;2056427;1180852224;16613376;1379385344;0;0;0;0;0;0;0;0;0;0;0;1884;0;0;125;0;42;0;
9210;1895274;1180852224;16613376;1379385344;0;0;0;0;0;0;0;0;0;0;0;3216;0;0;125;0;42;0;
9211;4911501;1180852224;16613376;1379385344;0;0;0;0;0;0;0;0;0;0;0;2826;0;0;125;0;42;0;
9212;3602897;1180852224;16613376;1379385344;0;0;0;0;0;0;0;0;0;0;0;2815;0;0;125;0;42;0;
9213;2384702;1180852224;16613376;1379385344;0;0;0;0;0;0;0;0;0;0;0;1934;0;0;125;0;42;0;
9214;1659011;1180852224;16613376;1379385344;0;0;0;0;0;0;0;0;0;0;0;2785;0;0;125;0;42;0;
9215;2175279;1180852224;16613376;1379385344;0;0;0;0;0;0;0;0;0;0;0;2785;0;0;125;0;42;0;
9216;1337809;1180852224;16613376;1379385344;0;0;0;0;0;0;0;0;0;0;0;1914;0;0;125;0;42;0;
9217;4540996;1180852224;16613376;1379385344;0;0;0;0;0;0;0;0;0;0;0;1543;0;0;125;0;42;0;
9218;3451493;1180852224;16613376;1379385344;0;0;0;0;0;0;0;0;0;0;0;2274;0;0;125;0;42;0;
9219;2129424;1180852224;16613376;1379385344;0;0;0;0;0;0;0;0;0;0;0;1974;0;0;125;0;42;0;
9220;1717421;1180852224;16613376;1379385344;0;0;0;0;0;0;0;0;0;0;0;1964;0;0;125;0;42;0;
9221;2257123;1180852224;16613376;1379385344;0;0;0;0;0;0;0;0;0;0;0;1974;0;0;125;0;42;0;
9222;1422327;1180852224;16613376;1379385344;0;0;0;0;0;0;0;0;0;0;0;2134;0;0;125;0;42;0;
9223;4467999;1180852224;16613376;1379385344;0;0;0;0;0;0;0;0;0;0;0;2264;0;0;125;0;42;0;
9224;2963137;1180852224;16613376;1379385344;0;0;0;0;0;0;0;0;0;0;0;3237;0;0;125;0;42;0;
9225;2019748;1180966912;16609280;1379381248;0;0;0;0;0;0;0;0;0;0;0;2435;0;0;125;0;42;0;
9226;1832126;1180966912;16609280;1379381248;0;0;0;0;0;0;0;0;0;0;0;2474;0;0;125;0;42;0;
9227;2181020;1180966912;16609280;1379381248;0;0;0;0;0;0;0;0;0;0;0;2014;0;0;125;0;42;0;
9228;1429882;1180966912;16609280;1379381248;0;0;0;0;0;0;0;0;0;0;0;2234;0;0;125;0;42;0;
9229;4259538;1180966912;16609280;1379381248;0;0;0;0;0;0;0;0;0;0;0;2044;0;0;125;0;42;0;
9230;2536026;1180966912;16613376;1379385344;0;0;0;0;0;0;0;0;0;0;0;2355;0;0;125;0;42;0;
9231;2226797;1180966912;16613376;1379385344;0;0;0;0;0;0;0;0;0;0;0;2124;0;0;125;0;42;0;
9232;1566277;1180966912;16613376;1379385344;0;0;0;0;0;0;0;0;0;0;0;2134;0;0;125;0;42;0;
9233;2042711;1180966912;16613376;1379385344;0;0;0;0;0;0;0;0;0;0;0;2114;0;0;125;0;42;0;
9234;1879655;1180966912;16613376;1379385344;0;0;0;0;0;0;0;0;0;0;0;2404;0;0;125;0;42;0;
9235;4441029;1180966912;16613376;1379385344;0;0;0;0;0;0;0;0;0;0;0;2244;0;0;125;0;42;0;
9236;2581311;1180966912;16613376;1379385344;0;0;0;0;0;0;0;0;0;0;0;2455;0;0;125;0;42;0;
9237;2065324;1180966912;16613376;1379385344;0;0;0;0;0;0;0;0;0;0;0;2324;0;0;125;0;42;0;
9238;2479720;1180966912;16613376;1379385344;0;0;0;0;0;0;0;0;0;0;0;2255;0;0;125;0;42;0;
9239;2166142;1180966912;16613376;1379385344;0;0;0;0;0;0;0;0;0;0;0;2054;0;0;125;0;42;0;
9240;1510273;1180966912;16613376;1379385344;0;0;0;0;0;0;0;0;0;0;0;1964;0;0;125;0;42;0;
9241;5407401;1184407552;24109056;1386881024;0;0;0;0;0;0;0;0;0;0;0;2194;0;0;125;0;42;0;
9242;3133566;1184407552;24109056;1386881024;0;0;0;0;0;0;0;0;0;0;0;2525;0;0;125;0;42;0;
9243;2615685;1184407552;24109056;1386881024;0;0;0;0;0;0;0;0;0;0;0;2144;0;0;125;0;42;0;
9244;1700780;1184407552;24109056;1386881024;0;0;0;0;0;0;0;0;0;0;0;2004;0;0;125;0;42;0;
9245;2480592;1186504704;24109056;1386881024;0;0;0;0;0;0;0;0;0;0;0;2194;0;0;125;0;42;0;
9246;1519339;1186504704;24109056;1386881024;0;0;0;0;0;0;0;0;0;0;0;1893;0;0;125;0;42;0;
9247;4746401;1187311616;24109056;1386881024;0;0;0;0;0;0;0;0;0;0;0;1894;0;0;125;0;42;0;
9248;2797516;1187311616;24109056;1386881024;0;0;0;0;0;0;0;0;0;0;0;2385;0;0;125;0;42;0;
9249;2450385;1187311616;24109056;1386881024;0;0;0;0;0;0;0;0;0;0;0;2164;0;0;125;0;42;0;
9250;2431490;1187311616;24109056;1386881024;0;0;0;0;0;0;0;0;0;0;0;2234;0;0;125;0;42;0;
9251;2539282;1187311616;24109056;1386881024;0;0;0;0;0;0;0;0;0;0;0;2895;0;0;125;0;42;0;
9252;2038162;1187311616;24109056;1386881024;0;0;0;0;0;0;0;0;0;0;0;2865;0;0;125;0;42;0;
9253;4542099;1187311616;24109056;1386881024;0;0;0;0;0;0;0;0;0;0;0;2925;0;0;125;0;42;0;
9254;3680492;1187311616;24109056;1386881024;0;0;0;0;0;0;0;0;0;0;0;3286;0;0;125;0;42;0;
9255;3156760;1179422720;16146432;1378918400;0;0;0;0;0;0;0;0;0;0;0;2866;0;0;125;0;42;0;
9256;2144412;1179422720;16146432;1378918400;0;0;0;0;0;0;0;0;0;0;0;2915;0;0;125;0;42;0;
9257;2253796;1179422720;16146432;1378918400;0;0;0;0;0;0;0;0;0;0;0;2816;0;0;125;0;42;0;
9258;1810034;1179422720;16146432;1378918400;0;0;0;0;0;0;0;0;0;0;0;2925;0;0;125;0;42;0;
9259;4659288;1179422720;16146432;1378918400;0;0;0;0;0;0;0;0;0;0;0;3276;0;0;125;0;42;0;
9260;3631530;1179422720;16146432;1378918400;0;0;0;0;0;0;0;0;0;0;0;3907;0;0;125;0;42;0;
9261;2816622;1179422720;16146432;1378918400;0;0;0;0;0;0;0;0;0;0;0;2875;0;0;125;0;42;0;
9262;1827988;1179422720;16146432;1378918400;0;0;0;0;0;0;0;0;0;0;0;3116;0;0;125;0;42;0;
9263;2230593;1179422720;16146432;1378918400;0;0;0;0;0;0;0;0;0;0;0;3286;0;0;125;0;42;0;
9264;1290931;1179422720;16146432;1378918400;0;0;0;0;0;0;0;0;0;0;0;2274;0;0;125;0;42;0;
9265;5216703;1180770304;24109056;1386881024;0;0;0;0;0;0;0;0;0;0;0;2184;0;0;125;0;42;0;
9266;2667362;1180770304;24109056;1386881024;0;0;0;0;0;0;0;0;0;0;0;1643;0;0;125;0;42;0;
9267;2500088;1183133696;24109056;1386881024;0;0;0;0;0;0;0;0;0;0;0;2204;0;0;125;0;42;0;
9268;1613115;1183133696;24109056;1386881024;0;0;0;0;0;0;0;0;0;0;0;2284;0;0;125;0;42;0;
9269;2273834;1185230848;24109056;1386881024;0;0;0;0;0;0;0;0;0;0;0;1923;0;0;125;0;42;0;
9270;1239635;1185230848;24109056;1386881024;0;0;0;0;0;0;0;0;0;0;0;1954;0;0;125;0;42;0;
9271;4415321;1185767424;24109056;1386881024;0;0;0;0;0;0;0;0;0;0;0;2104;0;0;125;0;42;0;
9272;2428324;1185767424;24109056;1386881024;0;0;0;0;0;0;0;0;0;0;0;2365;0;0;125;0;42;0;
9273;2352953;1185767424;24109056;1386881024;0;0;0;0;0;0;0;0;0;0;0;1974;0;0;125;0;42;0;
9274;1365882;1185767424;24109056;1386881024;0;0;0;0;0;0;0;0;0;0;0;2114;0;0;125;0;42;0;
9275;1955998;1185767424;24109056;1386881024;0;0;0;0;0;0;0;0;0;0;0;1934;0;0;125;0;42;0;
9276;1656226;1185767424;24109056;1386881024;0;0;0;0;0;0;0;0;0;0;0;2886;0;0;125;0;42;0;
9277;4617249;1185767424;24109056;1386881024;0;0;0;0;0;0;0;0;0;0;0;2756;0;0;125;0;42;0;
9278;3595493;1185767424;24109056;1386881024;0;0;0;0;0;0;0;0;0;0;0;3317;0;0;125;0;42;0;
9279;2033093;1185767424;24109056;1386881024;0;0;0;0;0;0;0;0;0;0;0;3286;0;0;125;0;42;0;
9280;1907798;1185767424;24109056;1386881024;0;0;0;0;0;0;0;0;0;0;0;2876;0;0;125;0;42;0;
9281;2208441;1185767424;24109056;1386881024;0;0;0;0;0;0;0;0;0;0;0;2855;0;0;125;0;42;0;
9282;1625779;1185767424;24109056;1386881024;0;0;0;0;0;0;0;0;0;0;0;2805;0;0;125;0;42;0;
9283;4905871;1185767424;24109056;1386881024;0;0;0;0;0;0;0;0;0;0;0;2765;0;0;125;0;42;0;
9284;3834301;1185767424;24109056;1386881024;0;0;0;0;0;0;0;0;0;0;0;3086;0;0;125;0;42;0;
9285;2215054;1185767424;24109056;1386881024;0;0;0;0;0;0;0;0;0;0;0;2866;0;0;125;0;42;0;
9286;1786480;1185767424;24109056;1386881024;0;0;0;0;0;0;0;0;0;0;0;3025;0;0;125;0;42;0;
9287;2799831;1185767424;24109056;1386881024;0;0;0;0;0;0;0;0;0;0;0;2976;0;0;125;0;42;0;
9288;1922155;1185767424;24109056;1386881024;0;0;0;0;0;0;0;0;0;0;0;2906;0;0;125;0;42;0;
9289;4988665;1185767424;24109056;1386881024;0;0;0;0;0;0;0;0;0;0;0;3116;0;0;125;0;42;0;
9290;3376763;1185767424;24109056;1386881024;0;0;0;0;0;0;0;0;0;0;0;3036;0;0;125;0;42;0;
9291;2708770;1185767424;24109056;1386881024;0;0;0;0;0;0;0;0;0;0;0;2955;0;0;125;0;42;0;
9292;2449384;1185767424;24109056;1386881024;0;0;0;0;0;0;0;0;0;0;0;3036;0;0;125;0;42;0;
9293;2736552;1185767424;24109056;1386881024;0;0;0;0;0;0;0;0;0;0;0;3146;0;0;125;0;42;0;
9294;1653250;1185767424;24109056;1386881024;0;0;0;0;0;0;0;0;0;0;0;2966;0;0;125;0;42;0;
9295;4740851;1185767424;24109056;1386881024;0;0;0;0;0;0;0;0;0;0;0;3086;0;0;125;0;42;0;
9296;2672231;1185767424;24109056;1386881024;0;0;0;0;0;0;0;0;0;0;0;2735;0;0;125;0;42;0;
9297;2059732;1185767424;24109056;1386881024;0;0;0;0;0;0;0;0;0;0;0;2265;0;0;125;0;42;0;
9298;2064521;1185767424;24109056;1386881024;0;0;0;0;0;0;0;0;0;0;0;2123;0;0;125;0;42;0;
9299;2510468;1185767424;24109056;1386881024;0;0;0;0;0;0;0;0;0;0;0;2875;0;0;125;0;42;0;
9300;1617724;1185767424;24109056;1386881024;0;0;0;0;0;0;0;0;0;0;0;2064;0;0;125;0;42;0;
9301;4548660;1185767424;24109056;1386881024;0;0;0;0;0;0;0;0;0;0;0;2334;0;0;125;0;42;0;
9302;2067357;1185767424;24109056;1386881024;0;0;0;0;0;0;0;0;0;0;0;2204;0;0;125;0;42;0;
9303;2389922;1185767424;24109056;1386881024;0;0;0;0;0;0;0;0;0;0;0;2525;0;0;125;0;42;0;
9304;1826917;1185767424;24109056;1386881024;0;0;0;0;0;0;0;0;0;0;0;2184;0;0;125;0;42;0;
9305;2297739;1185767424;24109056;1386881024;0;0;0;0;0;0;0;0;0;0;0;2164;0;0;125;0;42;0;
9306;1682796;1185767424;24109056;1386881024;0;0;0;0;0;0;0;0;0;0;0;2164;0;0;125;0;42;0;
9307;4592813;1185767424;24109056;1386881024;0;0;0;0;0;0;0;0;0;0;0;2374;0;0;125;0;42;0;
9308;3557081;1185767424;24109056;1386881024;0;0;0;0;0;0;0;0;0;0;0;3155;0;0;125;0;42;0;
9309;2485801;1185767424;24109056;1386881024;0;0;0;0;0;0;0;0;0;0;0;2755;0;0;125;0;42;0;
9310;2027432;1185767424;24109056;1386881024;0;0;0;0;0;0;0;0;0;0;0;2836;0;0;125;0;42;0;
9311;2380224;1185767424;24109056;1386881024;0;0;0;0;0;0;0;0;0;0;0;2985;0;0;125;0;42;0;
9312;1361513;1185767424;24109056;1386881024;0;0;0;0;0;0;0;0;0;0;0;1994;0;0;125;0;42;0;
9313;4730802;1185767424;24109056;1386881024;0;0;0;0;0;0;0;0;0;0;0;1874;0;0;125;0;42;0;
9314;2885942;1185767424;24109056;1386881024;0;0;0;0;0;0;0;0;0;0;0;3446;0;0;125;0;42;0;
9315;1934327;1185767424;24109056;1386881024;0;0;0;0;0;0;0;0;0;0;0;1964;0;0;125;0;42;0;
9316;1433158;1185767424;24109056;1386881024;0;0;0;0;0;0;0;0;0;0;0;1903;0;0;125;0;42;0;
9317;1909611;1185767424;24109056;1386881024;0;0;0;0;0;0;0;0;0;0;0;2054;0;0;125;0;42;0;
9318;1469967;1185767424;24109056;1386881024;0;0;0;0;0;0;0;0;0;0;0;2074;0;0;125;0;42;0;
9319;4352974;1185767424;24109056;1386881024;0;0;0;0;0;0;0;0;0;0;0;2023;0;0;125;0;42;0;
9320;2929464;1185767424;24109056;1386881024;0;0;0;0;0;0;0;0;0;0;0;2004;0;0;125;0;42;0;
9321;1576085;1185767424;24109056;1386881024;0;0;0;0;0;0;0;0;0;0;0;2134;0;0;125;0;42;0;
9322;1073684;1185767424;24109056;1386881024;0;0;0;0;0;0;0;0;0;0;0;2023;0;0;125;0;42;0;
9323;1819873;1185767424;24109056;1386881024;0;0;0;0;0;0;0;0;0;0;0;1963;0;0;125;0;42;0;
9324;1602125;1185767424;24109056;1386881024;0;0;0;0;0;0;0;0;0;0;0;2084;0;0;125;0;42;0;
9325;4318478;1185767424;24109056;1386881024;0;0;0;0;0;0;0;0;0;0;0;1963;0;0;125;0;42;0;
9326;2840016;1185767424;24109056;1386881024;0;0;0;0;0;0;0;0;0;0;0;2705;0;0;125;0;42;0;
9327;2163918;1185767424;24109056;1386881024;0;0;0;0;0;0;0;0;0;0;0;2234;0;0;125;0;42;0;
9328;1398883;1185767424;24109056;1386881024;0;0;0;0;0;0;0;0;0;0;0;1783;0;0;125;0;42;0;
9329;1919530;1185767424;24109056;1386881024;0;0;0;0;0;0;0;0;0;0;0;2154;0;0;125;0;42;0;
9330;1438438;1185767424;24109056;1386881024;0;0;0;0;0;0;0;0;0;0;0;2875;0;0;125;0;42;0;
9331;4667914;1185767424;24109056;1386881024;0;0;0;0;0;0;0;0;0;0;0;2815;0;0;125;0;42;0;
9332;3326769;1185767424;24109056;1386881024;0;0;0;0;0;0;0;0;0;0;0;2595;0;0;125;0;42;0;
9333;1901105;1185767424;24109056;1386881024;0;0;0;0;0;0;0;0;0;0;0;1993;0;0;125;0;42;0;
9334;1310778;1185767424;24109056;1386881024;0;0;0;0;0;0;0;0;0;0;0;1894;0;0;125;0;42;0;
9335;1601964;1185767424;24109056;1386881024;0;0;0;0;0;0;0;0;0;0;0;2004;0;0;125;0;42;0;
9336;1101667;1185767424;24109056;1386881024;0;0;0;0;0;0;0;0;0;0;0;1924;0;0;125;0;42;0;
9337;4346873;1185767424;24109056;1386881024;0;0;0;0;0;0;0;0;0;0;0;2074;0;0;125;0;42;0;
9338;3292314;1185767424;24109056;1386881024;0;0;0;0;0;0;0;0;0;0;0;2364;0;0;125;0;42;0;
9339;2516520;1185767424;24109056;1386881024;0;0;0;0;0;0;0;0;0;0;0;1964;0;0;125;0;42;0;
9340;1474806;1185767424;24109056;1386881024;0;0;0;0;0;0;0;0;0;0;0;1954;0;0;125;0;42;0;
9341;4851128;1185767424;24109056;1386881024;0;0;0;0;0;0;0;0;0;0;0;1874;0;0;125;0;42;0;
9342;1242730;1185767424;24109056;1386881024;0;0;0;0;0;0;0;0;0;0;0;2184;0;0;125;0;42;0;
9343;7386603;1185767424;24109056;1386881024;0;0;0;0;0;0;0;0;0;0;0;1904;0;0;125;0;42;0;
9344;3333461;1185767424;24109056;1386881024;0;0;0;0;0;0;0;0;0;0;0;2455;0;0;125;0;42;0;
9345;1885025;1185767424;24109056;1386881024;0;0;0;0;0;0;0;0;0;0;0;1984;0;0;125;0;42;0;
9346;1409723;1185767424;24109056;1386881024;0;0;0;0;0;0;0;0;0;0;0;1934;0;0;125;0;42;0;
9347;1889123;1185767424;24109056;1386881024;0;0;0;0;0;0;0;0;0;0;0;1953;0;0;125;0;42;0;
9348;1456191;1185767424;24109056;1386881024;0;0;0;0;0;0;0;0;0;0;0;2064;0;0;125;0;42;0;
9349;4313550;1185767424;24109056;1386881024;0;0;0;0;0;0;0;0;0;0;0;2044;0;0;125;0;42;0;
9350;3083403;1185767424;24109056;1386881024;0;0;0;0;0;0;0;0;0;0;0;2144;0;0;125;0;42;0;
9351;2238568;1185767424;24109056;1386881024;0;0;0;0;0;0;0;0;0;0;0;2034;0;0;125;0;42;0;
9352;1756494;1185767424;24109056;1386881024;0;0;0;0;0;0;0;0;0;0;0;1924;0;0;125;0;42;0;
9353;2605907;1185767424;24109056;1386881024;0;0;0;0;0;0;0;0;0;0;0;1914;0;0;125;0;42;0;
9354;1203427;1185767424;24109056;1386881024;0;0;0;0;0;0;0;0;0;0;0;1573;0;0;125;0;42;0;
9355;4758915;1185767424;24109056;1386881024;0;0;0;0;0;0;0;0;0;0;0;1944;0;0;125;0;42;0;
9356;2631545;1185767424;24109056;1386881024;0;0;0;0;0;0;0;0;0;0;0;2334;0;0;125;0;42;0;
9357;2039064;1185767424;24109056;1386881024;0;0;0;0;0;0;0;0;0;0;0;2294;0;0;125;0;42;0;
9358;1652960;1185767424;24109056;1386881024;0;0;0;0;0;0;0;0;0;0;0;1913;0;0;125;0;42;0;
9359;2541225;1185767424;24109056;1386881024;0;0;0;0;0;0;0;0;0;0;0;1974;0;0;125;0;42;0;
9360;1402941;1185767424;24109056;1386881024;0;0;0;0;0;0;0;0;0;0;0;1974;0;0;125;0;42;0;
9361;4247666;1185767424;24109056;1386881024;0;0;0;0;0;0;0;0;0;0;0;2185;0;0;125;0;42;0;
9362;2772219;1185767424;24109056;1386881024;0;0;0;0;0;0;0;0;0;0;0;2445;0;0;125;0;42;0;
9363;2448181;1185767424;24109056;1386881024;0;0;0;0;0;0;0;0;0;0;0;2815;0;0;125;0;42;0;
9364;1429441;1185767424;24109056;1386881024;0;0;0;0;0;0;0;0;0;0;0;1914;0;0;125;0;42;0;
9365;1746465;1185767424;24109056;1386881024;0;0;0;0;0;0;0;0;0;0;0;2204;0;0;125;0;42;0;
9366;1242971;1185767424;24109056;1386881024;0;0;0;0;0;0;0;0;0;0;0;2264;0;0;125;0;42;0;
9367;4698492;1185767424;24109056;1386881024;0;0;0;0;0;0;0;0;0;0;0;1943;0;0;125;0;42;0;
9368;2625754;1185767424;24109056;1386881024;0;0;0;0;0;0;0;0;0;0;0;2414;0;0;125;0;42;0;
9369;1701361;1185767424;24109056;1386881024;0;0;0;0;0;0;0;0;0;0;0;2014;0;0;125;0;42;0;
9370;1389255;1185767424;24109056;1386881024;0;0;0;0;0;0;0;0;0;0;0;2234;0;0;125;0;42;0;
9371;2134984;1185767424;24109056;1386881024;0;0;0;0;0;0;0;0;0;0;0;2375;0;0;125;0;42;0;
9372;1460098;1185767424;24109056;1386881024;0;0;0;0;0;0;0;0;0;0;0;1894;0;0;125;0;42;0;
9373;4358133;1185767424;24109056;1386881024;0;0;0;0;0;0;0;0;0;0;0;2134;0;0;125;0;42;0;
9374;2225314;1185767424;24109056;1386881024;0;0;0;0;0;0;0;0;0;0;0;2304;0;0;125;0;42;0;
9375;2007044;1185767424;24109056;1386881024;0;0;0;0;0;0;0;0;0;0;0;2104;0;0;125;0;42;0;
9376;1539176;1185767424;24109056;1386881024;0;0;0;0;0;0;0;0;0;0;0;2134;0;0;125;0;42;0;
9377;1929639;1185767424;24109056;1386881024;0;0;0;0;0;0;0;0;0;0;0;2154;0;0;125;0;42;0;
9378;1772915;1185767424;24109056;1386881024;0;0;0;0;0;0;0;0;0;0;0;1813;0;0;125;0;42;0;
9379;4463240;1185767424;24109056;1386881024;0;0;0;0;0;0;0;0;0;0;0;2194;0;0;125;0;42;0;
9380;2945504;1185767424;24109056;1386881024;0;0;0;0;0;0;0;0;0;0;0;2364;0;0;125;0;42;0;
9381;1989231;1185767424;24109056;1386881024;0;0;0;0;0;0;0;0;0;0;0;2124;0;0;125;0;42;0;
9382;1338671;1185767424;24109056;1386881024;0;0;0;0;0;0;0;0;0;0;0;2014;0;0;125;0;42;0;
9383;1754340;1185767424;24109056;1386881024;0;0;0;0;0;0;0;0;0;0;0;2234;0;0;125;0;42;0;
9384;1706270;1185767424;24109056;1386881024;0;0;0;0;0;0;0;0;0;0;0;2966;0;0;125;0;42;0;
9385;5357087;1185767424;24109056;1386881024;0;0;0;0;0;0;0;0;0;0;0;2715;0;0;125;0;42;0;
9386;3767225;1185767424;24109056;1386881024;0;0;0;0;0;0;0;0;0;0;0;2825;0;0;125;0;42;0;
9387;2476655;1185767424;24109056;1386881024;0;0;0;0;0;0;0;0;0;0;0;2435;0;0;125;0;42;0;
9388;1601684;1185767424;24109056;1386881024;0;0;0;0;0;0;0;0;0;0;0;2975;0;0;125;0;42;0;
9389;2504377;1185767424;24109056;1386881024;0;0;0;0;0;0;0;0;0;0;0;3026;0;0;125;0;42;0;
9390;1656407;1185767424;24109056;1386881024;0;0;0;0;0;0;0;0;0;0;0;3276;0;0;125;0;42;0;
9391;5221442;1185767424;24109056;1386881024;0;0;0;0;0;0;0;0;0;0;0;3146;0;0;125;0;42;0;
9392;4311917;1185767424;24109056;1386881024;0;0;0;0;0;0;0;0;0;0;0;2786;0;0;125;0;42;0;
9393;3064988;1185767424;24109056;1386881024;0;0;0;0;0;0;0;0;0;0;0;3006;0;0;125;0;42;0;
9394;1640707;1185767424;24109056;1386881024;0;0;0;0;0;0;0;0;0;0;0;2805;0;0;125;0;42;0;
9395;2532359;1185767424;24109056;1386881024;0;0;0;0;0;0;0;0;0;0;0;2846;0;0;125;0;42;0;
9396;1644343;1185767424;24109056;1386881024;0;0;0;0;0;0;0;0;0;0;0;2975;0;0;125;0;42;0;
9397;4979779;1185767424;24109056;1386881024;0;0;0;0;0;0;0;0;0;0;0;2845;0;0;125;0;42;0;
9398;3377615;1185767424;24109056;1386881024;0;0;0;0;0;0;0;0;0;0;0;3577;0;0;125;0;42;0;
9399;2288572;1185767424;24109056;1386881024;0;0;0;0;0;0;0;0;0;0;0;3065;0;0;125;0;42;0;
9400;1666154;1185767424;24109056;1386881024;0;0;0;0;0;0;0;0;0;0;0;3617;0;0;125;0;42;0;
9401;2671631;1185767424;24109056;1386881024;0;0;0;0;0;0;0;0;0;0;0;2745;0;0;125;0;42;0;
9402;2412374;1185767424;24109056;1386881024;0;0;0;0;0;0;0;0;0;0;0;2945;0;0;125;0;42;0;
9403;4826121;1185767424;24109056;1386881024;0;0;0;0;0;0;0;0;0;0;0;2886;0;0;125;0;42;0;
9404;3082030;1185767424;24109056;1386881024;0;0;0;0;0;0;0;0;0;0;0;2665;0;0;125;0;42;0;
9405;2087384;1185767424;24109056;1386881024;0;0;0;0;0;0;0;0;0;0;0;1844;0;0;125;0;42;0;
9406;1185753;1185767424;24109056;1386881024;0;0;0;0;0;0;0;0;0;0;0;2355;0;0;125;0;42;0;
9407;2308088;1185767424;24109056;1386881024;0;0;0;0;0;0;0;0;0;0;0;2124;0;0;125;0;42;0;
9408;1546139;1185767424;24109056;1386881024;0;0;0;0;0;0;0;0;0;0;0;2144;0;0;125;0;42;0;
9409;4561274;1185767424;24109056;1386881024;0;0;0;0;0;0;0;0;0;0;0;2154;0;0;125;0;42;0;
9410;2854333;1185767424;24109056;1386881024;0;0;0;0;0;0;0;0;0;0;0;2625;0;0;125;0;42;0;
9411;2291367;1185767424;24109056;1386881024;0;0;0;0;0;0;0;0;0;0;0;2275;0;0;125;0;42;0;
9412;1288015;1185767424;24109056;1386881024;0;0;0;0;0;0;0;0;0;0;0;2104;0;0;125;0;42;0;
9413;2289133;1185767424;24109056;1386881024;0;0;0;0;0;0;0;0;0;0;0;1923;0;0;125;0;42;0;
9414;3036174;1185767424;24109056;1386881024;0;0;0;0;0;0;0;0;0;0;0;2855;0;0;125;0;42;0;
9415;4845277;1185767424;24109056;1386881024;0;0;0;0;0;0;0;0;0;0;0;2735;0;0;125;0;42;0;
9416;4076535;1185767424;24109056;1386881024;0;0;0;0;0;0;0;0;0;0;0;3266;0;0;125;0;42;0;
9417;2083227;1185767424;24109056;1386881024;0;0;0;0;0;0;0;0;0;0;0;2806;0;0;125;0;42;0;
9418;1352577;1185767424;24109056;1386881024;0;0;0;0;0;0;0;0;0;0;0;2144;0;0;125;0;42;0;
9419;1901717;1185767424;24109056;1386881024;0;0;0;0;0;0;0;0;0;0;0;1854;0;0;125;0;42;0;
9420;1774237;1185767424;24109056;1386881024;0;0;0;0;0;0;0;0;0;0;0;2003;0;0;125;0;42;0;
9421;5054509;1186037760;24109056;1386881024;0;0;0;0;0;0;0;0;0;0;0;2014;0;0;125;0;42;0;
9422;3818992;1186037760;24109056;1386881024;0;0;0;0;0;0;0;0;0;0;0;3557;0;0;125;0;42;0;
9423;2037151;1186037760;24109056;1386881024;0;0;0;0;0;0;0;0;0;0;0;2816;0;0;125;0;42;0;
9424;1895705;1186037760;24109056;1386881024;0;0;0;0;0;0;0;0;0;0;0;2054;0;0;125;0;42;0;
9425;2792247;1186037760;24109056;1386881024;0;0;0;0;0;0;0;0;0;0;0;2104;0;0;125;0;42;0;
9426;2977244;1186037760;24109056;1386881024;0;0;0;0;0;0;0;0;0;0;0;6262;0;0;125;0;42;0;
9427;4899539;1186037760;24109056;1386881024;0;0;0;0;0;0;0;0;0;0;0;2335;0;0;125;0;42;0;
9428;3095605;1186037760;24109056;1386881024;0;0;0;0;0;0;0;0;0;0;0;2384;0;0;125;0;42;0;
9429;2480993;1186037760;24109056;1386881024;0;0;0;0;0;0;0;0;0;0;0;2264;0;0;125;0;42;0;
9430;1303124;1186037760;24109056;1386881024;0;0;0;0;0;0;0;0;0;0;0;2696;0;0;125;0;42;0;
9431;2062268;1186037760;24109056;1386881024;0;0;0;0;0;0;0;0;0;0;0;2304;0;0;125;0;42;0;
9432;1672667;1186037760;24109056;1386881024;0;0;0;0;0;0;0;0;0;0;0;2234;0;0;125;0;42;0;
9433;4674947;1186037760;24109056;1386881024;0;0;0;0;0;0;0;0;0;0;0;2175;0;0;125;0;42;0;
9434;3013642;1186037760;24109056;1386881024;0;0;0;0;0;0;0;0;0;0;0;2314;0;0;125;0;42;0;
9435;1822388;1186037760;24109056;1386881024;0;0;0;0;0;0;0;0;0;0;0;2434;0;0;125;0;42;0;
9436;1384897;1186037760;24109056;1386881024;0;0;0;0;0;0;0;0;0;0;0;1843;0;0;125;0;42;0;
9437;1948324;1186037760;24109056;1386881024;0;0;0;0;0;0;0;0;0;0;0;2254;0;0;125;0;42;0;
9438;2097674;1186037760;24109056;1386881024;0;0;0;0;0;0;0;0;0;0;0;2154;0;0;125;0;42;0;
9439;4459494;1186037760;24109056;1386881024;0;0;0;0;0;0;0;0;0;0;0;2063;0;0;125;0;42;0;
9440;4228480;1186037760;24109056;1386881024;0;0;0;0;0;0;0;0;0;0;0;2665;0;0;125;0;42;0;
9441;1996274;1186037760;24109056;1386881024;0;0;0;0;0;0;0;0;0;0;0;2295;0;0;125;0;42;0;
9442;1276113;1186037760;24109056;1386881024;0;0;0;0;0;0;0;0;0;0;0;1994;0;0;125;0;42;0;
9443;2117652;1186037760;24109056;1386881024;0;0;0;0;0;0;0;0;0;0;0;2144;0;0;125;0;42;0;
9444;1160536;1186037760;24109056;1386881024;0;0;0;0;0;0;0;0;0;0;0;2003;0;0;125;0;42;0;
9445;5251599;1186037760;24109056;1386881024;0;0;0;0;0;0;0;0;0;0;0;2044;0;0;125;0;42;0;
9446;3092980;1186037760;24109056;1386881024;0;0;0;0;0;0;0;0;0;0;0;2755;0;0;125;0;42;0;
9447;1958774;1186037760;24109056;1386881024;0;0;0;0;0;0;0;0;0;0;0;1984;0;0;125;0;42;0;
9448;1585914;1186037760;24109056;1386881024;0;0;0;0;0;0;0;0;0;0;0;1994;0;0;125;0;42;0;
9449;2215826;1186037760;24109056;1386881024;0;0;0;0;0;0;0;0;0;0;0;2234;0;0;125;0;42;0;
9450;1560286;1186037760;24109056;1386881024;0;0;0;0;0;0;0;0;0;0;0;2284;0;0;125;0;42;0;
9451;4665710;1186037760;24109056;1386881024;0;0;0;0;0;0;0;0;0;0;0;2124;0;0;125;0;42;0;
9452;3091909;1186037760;24109056;1386881024;0;0;0;0;0;0;0;0;0;0;0;2104;0;0;125;0;42;0;
9453;2168507;1186037760;24109056;1386881024;0;0;0;0;0;0;0;0;0;0;0;2254;0;0;125;0;42;0;
9454;2186842;1186037760;24109056;1386881024;0;0;0;0;0;0;0;0;0;0;0;1753;0;0;125;0;42;0;
9455;1788784;1186037760;24109056;1386881024;0;0;0;0;0;0;0;0;0;0;0;2254;0;0;125;0;42;0;
9456;1144987;1186037760;24109056;1386881024;0;0;0;0;0;0;0;0;0;0;0;2184;0;0;125;0;42;0;
9457;4415590;1186037760;24109056;1386881024;0;0;0;0;0;0;0;0;0;0;0;2204;0;0;125;0;42;0;
9458;3462563;1186037760;24109056;1386881024;0;0;0;0;0;0;0;0;0;0;0;2265;0;0;125;0;42;0;
9459;2254297;1186037760;24109056;1386881024;0;0;0;0;0;0;0;0;0;0;0;2264;0;0;125;0;42;0;
9460;1185603;1186037760;24109056;1386881024;0;0;0;0;0;0;0;0;0;0;0;1954;0;0;125;0;42;0;
9461;1566277;1186037760;24109056;1386881024;0;0;0;0;0;0;0;0;0;0;0;2374;0;0;125;0;42;0;
9462;1271014;1186037760;24109056;1386881024;0;0;0;0;0;0;0;0;0;0;0;2134;0;0;125;0;42;0;
9463;4511310;1186037760;24109056;1386881024;0;0;0;0;0;0;0;0;0;0;0;2114;0;0;125;0;42;0;
9464;3257078;1186037760;24109056;1386881024;0;0;0;0;0;0;0;0;0;0;0;3046;0;0;125;0;42;0;
9465;2261401;1186037760;24109056;1386881024;0;0;0;0;0;0;0;0;0;0;0;2264;0;0;125;0;42;0;
9466;1240737;1186037760;24109056;1386881024;0;0;0;0;0;0;0;0;0;0;0;2094;0;0;125;0;42;0;
9467;1754661;1186037760;24109056;1386881024;0;0;0;0;0;0;0;0;0;0;0;1913;0;0;125;0;42;0;
9468;1182027;1186037760;24109056;1386881024;0;0;0;0;0;0;0;0;0;0;0;1944;0;0;125;0;42;0;
9469;4273654;1186037760;24109056;1386881024;0;0;0;0;0;0;0;0;0;0;0;2073;0;0;125;0;42;0;
9470;3025935;1186037760;24109056;1386881024;0;0;0;0;0;0;0;0;0;0;0;2204;0;0;125;0;42;0;
9471;1863185;1186037760;24109056;1386881024;0;0;0;0;0;0;0;0;0;0;0;2245;0;0;125;0;42;0;
9472;2239440;1186037760;24109056;1386881024;0;0;0;0;0;0;0;0;0;0;0;1683;0;0;125;0;42;0;
9473;1874225;1186037760;24109056;1386881024;0;0;0;0;0;0;0;0;0;0;0;2244;0;0;125;0;42;0;
9474;1304075;1186037760;24109056;1386881024;0;0;0;0;0;0;0;0;0;0;0;2244;0;0;125;0;42;0;
9475;4454574;1186037760;24109056;1386881024;0;0;0;0;0;0;0;0;0;0;0;2134;0;0;125;0;42;0;
9476;2533772;1186037760;24109056;1386881024;0;0;0;0;0;0;0;0;0;0;0;2204;0;0;125;0;42;0;
9477;2105529;1186037760;24109056;1386881024;0;0;0;0;0;0;0;0;0;0;0;1943;0;0;125;0;42;0;
9478;1927686;1186037760;24109056;1386881024;0;0;0;0;0;0;0;0;0;0;0;1873;0;0;125;0;42;0;
9479;1718603;1186037760;24109056;1386881024;0;0;0;0;0;0;0;0;0;0;0;2144;0;0;125;0;42;0;
9480;1170505;1186037760;24109056;1386881024;0;0;0;0;0;0;0;0;0;0;0;2094;0;0;125;0;42;0;
9481;4394622;1186037760;24109056;1386881024;0;0;0;0;0;0;0;0;0;0;0;2365;0;0;125;0;42;0;
9482;2785734;1186037760;24109056;1386881024;0;0;0;0;0;0;0;0;0;0;0;2074;0;0;125;0;42;0;
9483;1786491;1186037760;24109056;1386881024;0;0;0;0;0;0;0;0;0;0;0;2134;0;0;125;0;42;0;
9484;1102628;1186037760;24109056;1386881024;0;0;0;0;0;0;0;0;0;0;0;2324;0;0;125;0;42;0;
9485;1846353;1186037760;24109056;1386881024;0;0;0;0;0;0;0;0;0;0;0;2114;0;0;125;0;42;0;
9486;1662187;1186037760;24109056;1386881024;0;0;0;0;0;0;0;0;0;0;0;1913;0;0;125;0;42;0;
9487;4198324;1186037760;24109056;1386881024;0;0;0;0;0;0;0;0;0;0;0;2134;0;0;125;0;42;0;
9488;2850636;1186037760;24109056;1386881024;0;0;0;0;0;0;0;0;0;0;0;2364;0;0;125;0;42;0;
9489;2022433;1186037760;24109056;1386881024;0;0;0;0;0;0;0;0;0;0;0;2174;0;0;125;0;42;0;
9490;1289839;1186037760;24109056;1386881024;0;0;0;0;0;0;0;0;0;0;0;2074;0;0;125;0;42;0;
9491;1985764;1186037760;24109056;1386881024;0;0;0;0;0;0;0;0;0;0;0;1954;0;0;125;0;42;0;
9492;1136421;1186037760;24109056;1386881024;0;0;0;0;0;0;0;0;0;0;0;1964;0;0;125;0;42;0;
9493;4523053;1186037760;24109056;1386881024;0;0;0;0;0;0;0;0;0;0;0;1933;0;0;125;0;42;0;
9494;3622464;1186037760;24109056;1386881024;0;0;0;0;0;0;0;0;0;0;0;2855;0;0;125;0;42;0;
9495;2002866;1186037760;24109056;1386881024;0;0;0;0;0;0;0;0;0;0;0;2004;0;0;125;0;42;0;
9496;1925330;1186037760;24109056;1386881024;0;0;0;0;0;0;0;0;0;0;0;1904;0;0;125;0;42;0;
9497;1364108;1186037760;24109056;1386881024;0;0;0;0;0;0;0;0;0;0;0;1934;0;0;125;0;42;0;
9498;4704573;1186037760;24109056;1386881024;0;0;0;0;0;0;0;0;0;0;0;2044;0;0;125;0;42;0;
9499;2816642;1186037760;24113152;1386885120;0;0;0;0;0;0;0;0;0;0;0;2154;0;0;125;0;42;0;
9500;2119394;1186037760;24113152;1386885120;0;0;0;0;0;0;0;0;0;0;0;2093;0;0;125;0;42;0;
9501;2063851;1186037760;24113152;1386885120;0;0;0;0;0;0;0;0;0;0;0;1914;0;0;125;0;42;0;
9502;1344000;1186037760;24113152;1386885120;0;0;0;0;0;0;0;0;0;0;0;2123;0;0;125;0;42;0;
9503;4556005;1186037760;24113152;1386885120;0;0;0;0;0;0;0;0;0;0;0;2315;0;0;125;0;42;0;
9504;2841008;1186037760;24113152;1386885120;0;0;0;0;0;0;0;0;0;0;0;2254;0;0;125;0;42;0;
9505;1777664;1186037760;24113152;1386885120;0;0;0;0;0;0;0;0;0;0;0;1974;0;0;125;0;42;0;
9506;2493776;1186037760;24113152;1386885120;0;0;0;0;0;0;0;0;0;0;0;2034;0;0;125;0;42;0;
9507;1215400;1186037760;24113152;1386885120;0;0;0;0;0;0;0;0;0;0;0;2014;0;0;125;0;42;0;
9508;4308269;1186037760;24113152;1386885120;0;0;0;0;0;0;0;0;0;0;0;2044;0;0;125;0;42;0;
9509;3397682;1179607040;16617472;1379389440;0;0;0;0;0;0;0;0;0;0;0;2635;0;0;125;0;42;0;
9510;1547201;1179607040;16617472;1379389440;0;0;0;0;0;0;0;0;0;0;0;1864;0;0;125;0;42;0;
9511;2145444;1179607040;16617472;1379389440;0;0;0;0;0;0;0;0;0;0;0;2014;0;0;125;0;42;0;
9512;1519499;1179607040;16617472;1379389440;0;0;0;0;0;0;0;0;0;0;0;1794;0;0;125;0;42;0;
9513;4524405;1179607040;16617472;1379389440;0;0;0;0;0;0;0;0;0;0;0;2344;0;0;125;0;42;0;
9514;3956580;1183236096;24109056;1386881024;0;0;0;0;0;0;0;0;0;0;0;2775;0;0;125;0;42;0;
9515;1291763;1183236096;24109056;1386881024;0;0;0;0;0;0;0;0;0;0;0;2084;0;0;125;0;42;0;
9516;2150313;1185333248;24109056;1386881024;0;0;0;0;0;0;0;0;0;0;0;2165;0;0;125;0;42;0;
9517;1353278;1185333248;24109056;1386881024;0;0;0;0;0;0;0;0;0;0;0;2194;0;0;125;0;42;0;
9518;4847732;1186136064;24109056;1386881024;0;0;0;0;0;0;0;0;0;0;0;2084;0;0;125;0;42;0;
9519;3918058;1186136064;24109056;1386881024;0;0;0;0;0;0;0;0;0;0;0;2093;0;0;125;0;42;0;
9520;1981296;1186136064;24109056;1386881024;0;0;0;0;0;0;0;0;0;0;0;2104;0;0;125;0;42;0;
9521;1802170;1186136064;24109056;1386881024;0;0;0;0;0;0;0;0;0;0;0;1984;0;0;125;0;42;0;
9522;1261776;1186136064;24109056;1386881024;0;0;0;0;0;0;0;0;0;0;0;2434;0;0;125;0;42;0;
9523;5261627;1186136064;24109056;1386881024;0;0;0;0;0;0;0;0;0;0;0;2264;0;0;125;0;42;0;
9524;4659879;1186136064;24109056;1386881024;0;0;0;0;0;0;0;0;0;0;0;1963;0;0;125;0;42;0;
9525;1535860;1186136064;24109056;1386881024;0;0;0;0;0;0;0;0;0;0;0;1904;0;0;125;0;42;0;
9526;2212309;1186136064;24109056;1386881024;0;0;0;0;0;0;0;0;0;0;0;2504;0;0;125;0;42;0;
9527;1354270;1186136064;24109056;1386881024;0;0;0;0;0;0;0;0;0;0;0;1994;0;0;125;0;42;0;
9528;4826842;1186136064;24109056;1386881024;0;0;0;0;0;0;0;0;0;0;0;2274;0;0;125;0;42;0;
9529;3591315;1186136064;24109056;1386881024;0;0;0;0;0;0;0;0;0;0;0;2725;0;0;125;0;42;0;
9530;1682064;1186136064;24109056;1386881024;0;0;0;0;0;0;0;0;0;0;0;2185;0;0;125;0;42;0;
9531;2133882;1186136064;24109056;1386881024;0;0;0;0;0;0;0;0;0;0;0;2014;0;0;125;0;42;0;
9532;1680251;1186136064;24109056;1386881024;0;0;0;0;0;0;0;0;0;0;0;1964;0;0;125;0;42;0;
9533;4599746;1186136064;24109056;1386881024;0;0;0;0;0;0;0;0;0;0;0;2565;0;0;125;0;42;0;
9534;3933377;1179619328;16613376;1379385344;0;0;0;0;0;0;0;0;0;0;0;2194;0;0;125;0;42;0;
9535;1518027;1179619328;16613376;1379385344;0;0;0;0;0;0;0;0;0;0;0;1943;0;0;125;0;42;0;
9536;1770400;1179619328;16613376;1379385344;0;0;0;0;0;0;0;0;0;0;0;1944;0;0;125;0;42;0;
9537;1945628;1179619328;16613376;1379385344;0;0;0;0;0;0;0;0;0;0;0;1944;0;0;125;0;42;0;
9538;4426962;1179619328;16613376;1379385344;0;0;0;0;0;0;0;0;0;0;0;2094;0;0;125;0;42;0;
9539;3874265;1183059968;24109056;1386881024;0;0;0;0;0;0;0;0;0;0;0;2485;0;0;125;0;42;0;
9540;1533997;1183059968;24109056;1386881024;0;0;0;0;0;0;0;0;0;0;0;2084;0;0;125;0;42;0;
9541;2172273;1185157120;24109056;1386881024;0;0;0;0;0;0;0;0;0;0;0;2314;0;0;125;0;42;0;
9542;2164569;1185157120;24109056;1386881024;0;0;0;0;0;0;0;0;0;0;0;2415;0;0;125;0;42;0;
9543;4642867;1185964032;24109056;1386881024;0;0;0;0;0;0;0;0;0;0;0;2264;0;0;125;0;42;0;
9544;3178471;1185964032;24109056;1386881024;0;0;0;0;0;0;0;0;0;0;0;2235;0;0;125;0;42;0;
9545;1515792;1185964032;24109056;1386881024;0;0;0;0;0;0;0;0;0;0;0;1964;0;0;125;0;42;0;
9546;2531277;1185964032;24109056;1386881024;0;0;0;0;0;0;0;0;0;0;0;1994;0;0;125;0;42;0;
9547;1639665;1185964032;24109056;1386881024;0;0;0;0;0;0;0;0;0;0;0;2164;0;0;125;0;42;0;
9548;4910800;1185964032;24109056;1386881024;0;0;0;0;0;0;0;0;0;0;0;2425;0;0;125;0;42;0;
9549;3422830;1185964032;24109056;1386881024;0;0;0;0;0;0;0;0;0;0;0;2224;0;0;125;0;42;0;
9550;1548524;1185964032;24109056;1386881024;0;0;0;0;0;0;0;0;0;0;0;2204;0;0;125;0;42;0;
9551;2226185;1185964032;24109056;1386881024;0;0;0;0;0;0;0;0;0;0;0;2354;0;0;125;0;42;0;
9552;1239404;1185964032;24109056;1386881024;0;0;0;0;0;0;0;0;0;0;0;2033;0;0;125;0;42;0;
9553;4573066;1185964032;24109056;1386881024;0;0;0;0;0;0;0;0;0;0;0;2354;0;0;125;0;42;0;
9554;3756936;1185964032;24109056;1386881024;0;0;0;0;0;0;0;0;0;0;0;2184;0;0;125;0;42;0;
9555;1844940;1185964032;24109056;1386881024;0;0;0;0;0;0;0;0;0;0;0;2084;0;0;125;0;42;0;
9556;2128532;1185964032;24109056;1386881024;0;0;0;0;0;0;0;0;0;0;0;1553;0;0;125;0;42;0;
9557;1414333;1185964032;24109056;1386881024;0;0;0;0;0;0;0;0;0;0;0;2003;0;0;125;0;42;0;
9558;4477477;1185964032;24109056;1386881024;0;0;0;0;0;0;0;0;0;0;0;2555;0;0;125;0;42;0;
9559;3196084;1179635712;16613376;1379385344;0;0;0;0;0;0;0;0;0;0;0;2024;0;0;125;0;42;0;
9560;2631435;1179635712;16613376;1379385344;0;0;0;0;0;0;0;0;0;0;0;1954;0;0;125;0;42;0;
9561;1898961;1179635712;16613376;1379385344;0;0;0;0;0;0;0;0;0;0;0;1924;0;0;125;0;42;0;
9562;1544627;1179635712;16613376;1379385344;0;0;0;0;0;0;0;0;0;0;0;2014;0;0;125;0;42;0;
9563;4422724;1179635712;16613376;1379385344;0;0;0;0;0;0;0;0;0;0;0;2314;0;0;125;0;42;0;
9564;4279586;1183076352;24109056;1386881024;0;0;0;0;0;0;0;0;0;0;0;2014;0;0;125;0;42;0;
9565;1323522;1183076352;24109056;1386881024;0;0;0;0;0;0;0;0;0;0;0;2294;0;0;125;0;42;0;
9566;1838207;1185173504;24109056;1386881024;0;0;0;0;0;0;0;0;0;0;0;1983;0;0;125;0;42;0;
9567;2256031;1185980416;24109056;1386881024;0;0;0;0;0;0;0;0;0;0;0;2375;0;0;125;0;42;0;
9568;4895310;1185980416;24109056;1386881024;0;0;0;0;0;0;0;0;0;0;0;2615;0;0;125;0;42;0;
9569;3473644;1185980416;24109056;1386881024;0;0;0;0;0;0;0;0;0;0;0;2084;0;0;125;0;42;0;
9570;1396600;1185980416;24109056;1386881024;0;0;0;0;0;0;0;0;0;0;0;2144;0;0;125;0;42;0;
9571;1854508;1185980416;24109056;1386881024;0;0;0;0;0;0;0;0;0;0;0;2305;0;0;125;0;42;0;
9572;1707372;1185980416;24109056;1386881024;0;0;0;0;0;0;0;0;0;0;0;2314;0;0;125;0;42;0;
9573;5182319;1186250752;24109056;1386881024;0;0;0;0;0;0;0;0;0;0;0;2474;0;0;125;0;42;0;
9574;3644845;1186250752;24109056;1386881024;0;0;0;0;0;0;0;0;0;0;0;2074;0;0;125;0;42;0;
9575;1541200;1186250752;24109056;1386881024;0;0;0;0;0;0;0;0;0;0;0;2014;0;0;125;0;42;0;
9576;1942062;1186250752;24109056;1386881024;0;0;0;0;0;0;0;0;0;0;0;2104;0;0;125;0;42;0;
9577;1210601;1186250752;24109056;1386881024;0;0;0;0;0;0;0;0;0;0;0;1944;0;0;125;0;42;0;
9578;4510198;1186250752;24109056;1386881024;0;0;0;0;0;0;0;0;0;0;0;2354;0;0;125;0;42;0;
9579;4737525;1179652096;16613376;1379385344;0;0;0;0;0;0;0;0;0;0;0;2174;0;0;125;0;42;0;
9580;1706961;1179652096;16613376;1379385344;0;0;0;0;0;0;0;0;0;0;0;1954;0;0;125;0;42;0;
9581;1950729;1179652096;16613376;1379385344;0;0;0;0;0;0;0;0;0;0;0;2004;0;0;125;0;42;0;
9582;1602856;1179652096;16613376;1379385344;0;0;0;0;0;0;0;0;0;0;0;2014;0;0;125;0;42;0;
9583;4568879;1179652096;16613376;1379385344;0;0;0;0;0;0;0;0;0;0;0;2154;0;0;125;0;42;0;
9584;4105319;1183092736;24109056;1386881024;0;0;0;0;0;0;0;0;0;0;0;2665;0;0;125;0;42;0;
9585;1671925;1183092736;24109056;1386881024;0;0;0;0;0;0;0;0;0;0;0;1963;0;0;125;0;42;0;
9586;2037411;1185189888;24109056;1386881024;0;0;0;0;0;0;0;0;0;0;0;2204;0;0;125;0;42;0;
9587;1175414;1185189888;24109056;1386881024;0;0;0;0;0;0;0;0;0;0;0;2184;0;0;125;0;42;0;
9588;4807977;1186267136;24109056;1386881024;0;0;0;0;0;0;0;0;0;0;0;2464;0;0;125;0;42;0;
9589;3152372;1186267136;24109056;1386881024;0;0;0;0;0;0;0;0;0;0;0;2244;0;0;125;0;42;0;
9590;1854879;1186267136;24109056;1386881024;0;0;0;0;0;0;0;0;0;0;0;1983;0;0;125;0;42;0;
9591;1605842;1186267136;24109056;1386881024;0;0;0;0;0;0;0;0;0;0;0;1974;0;0;125;0;42;0;
9592;1400476;1186267136;24109056;1386881024;0;0;0;0;0;0;0;0;0;0;0;2034;0;0;125;0;42;0;
9593;4544854;1186267136;24109056;1386881024;0;0;0;0;0;0;0;0;0;0;0;2345;0;0;125;0;42;0;
9594;3274340;1186267136;24109056;1386881024;0;0;0;0;0;0;0;0;0;0;0;2034;0;0;125;0;42;0;
9595;1362255;1186267136;24109056;1386881024;0;0;0;0;0;0;0;0;0;0;0;2054;0;0;125;0;42;0;
9596;2500420;1186267136;24109056;1386881024;0;0;0;0;0;0;0;0;0;0;0;2154;0;0;125;0;42;0;
9597;1399916;1186267136;24109056;1386881024;0;0;0;0;0;0;0;0;0;0;0;1853;0;0;125;0;42;0;
9598;4503966;1186267136;24109056;1386881024;0;0;0;0;0;0;0;0;0;0;0;2435;0;0;125;0;42;0;
9599;3487130;1186267136;24109056;1386881024;0;0;0;0;0;0;0;0;0;0;0;2224;0;0;125;0;42;0;
9600;1610480;1186267136;24109056;1386881024;0;0;0;0;0;0;0;0;0;0;0;2044;0;0;125;0;42;0;
9601;2049283;1186267136;24109056;1386881024;0;0;0;0;0;0;0;0;0;0;0;2214;0;0;125;0;42;0;
9602;1355823;1186267136;24109056;1386881024;0;0;0;0;0;0;0;0;0;0;0;2285;0;0;125;0;42;0;
9603;4929074;1186267136;24109056;1386881024;0;0;0;0;0;0;0;0;0;0;0;2335;0;0;125;0;42;0;
9604;3290751;1179668480;16613376;1379385344;0;0;0;0;0;0;0;0;0;0;0;2224;0;0;125;0;42;0;
9605;1754981;1179668480;16613376;1379385344;0;0;0;0;0;0;0;0;0;0;0;2074;0;0;125;0;42;0;
9606;2212690;1179668480;16613376;1379385344;0;0;0;0;0;0;0;0;0;0;0;2184;0;0;125;0;42;0;
9607;1202966;1179668480;16613376;1379385344;0;0;0;0;0;0;0;0;0;0;0;2024;0;0;125;0;42;0;
9608;4322877;1179668480;16613376;1379385344;0;0;0;0;0;0;0;0;0;0;0;2405;0;0;125;0;42;0;
9609;4216859;1183109120;24109056;1386881024;0;0;0;0;0;0;0;0;0;0;0;2544;0;0;125;0;42;0;
9610;1482710;1183109120;24109056;1386881024;0;0;0;0;0;0;0;0;0;0;0;2234;0;0;125;0;42;0;
9611;1978771;1185206272;24109056;1386881024;0;0;0;0;0;0;0;0;0;0;0;2525;0;0;125;0;42;0;
9612;1335144;1185206272;24109056;1386881024;0;0;0;0;0;0;0;0;0;0;0;2004;0;0;125;0;42;0;
9613;4908816;1186283520;24109056;1386881024;0;0;0;0;0;0;0;0;0;0;0;2364;0;0;125;0;42;0;
9614;3267779;1186283520;24109056;1386881024;0;0;0;0;0;0;0;0;0;0;0;2184;0;0;125;0;42;0;
9615;1719354;1186283520;24109056;1386881024;0;0;0;0;0;0;0;0;0;0;0;1944;0;0;125;0;42;0;
9616;1884013;1186283520;24109056;1386881024;0;0;0;0;0;0;0;0;0;0;0;2224;0;0;125;0;42;0;
9617;1780069;1186283520;24109056;1386881024;0;0;0;0;0;0;0;0;0;0;0;2194;0;0;125;0;42;0;
9618;4443122;1186283520;24109056;1386881024;0;0;0;0;0;0;0;0;0;0;0;2895;0;0;125;0;42;0;
9619;3278278;1186283520;24109056;1386881024;0;0;0;0;0;0;0;0;0;0;0;1964;0;0;125;0;42;0;
9620;1532755;1186283520;24109056;1386881024;0;0;0;0;0;0;0;0;0;0;0;1954;0;0;125;0;42;0;
9621;2160362;1186283520;24109056;1386881024;0;0;0;0;0;0;0;0;0;0;0;2565;0;0;125;0;42;0;
9622;1394746;1186283520;24109056;1386881024;0;0;0;0;0;0;0;0;0;0;0;2014;0;0;125;0;42;0;
9623;4513765;1186283520;24109056;1386881024;0;0;0;0;0;0;0;0;0;0;0;2214;0;0;125;0;42;0;
9624;3218406;1186283520;24109056;1386881024;0;0;0;0;0;0;0;0;0;0;0;1903;0;0;125;0;42;0;
9625;1343970;1186283520;24109056;1386881024;0;0;0;0;0;0;0;0;0;0;0;1944;0;0;125;0;42;0;
9626;2188304;1186283520;24109056;1386881024;0;0;0;0;0;0;0;0;0;0;0;2044;0;0;125;0;42;0;
9627;1303645;1186283520;24109056;1386881024;0;0;0;0;0;0;0;0;0;0;0;2093;0;0;125;0;42;0;
9628;4198243;1186283520;24109056;1386881024;0;0;0;0;0;0;0;0;0;0;0;2044;0;0;125;0;42;0;
9629;3860440;1179684864;16613376;1379385344;0;0;0;0;0;0;0;0;0;0;0;2675;0;0;125;0;42;0;
9630;1487650;1179684864;16613376;1379385344;0;0;0;0;0;0;0;0;0;0;0;2014;0;0;125;0;42;0;
9631;2161183;1179684864;16613376;1379385344;0;0;0;0;0;0;0;0;0;0;0;1983;0;0;125;0;42;0;
9632;1481028;1179684864;16613376;1379385344;0;0;0;0;0;0;0;0;0;0;0;2254;0;0;125;0;42;0;
9633;4131097;1179684864;16613376;1379385344;0;0;0;0;0;0;0;0;0;0;0;2144;0;0;125;0;42;0;
9634;4349587;1183313920;24104960;1386876928;0;0;0;0;0;0;0;0;0;0;0;2595;0;0;125;0;42;0;
9635;1553754;1183313920;24104960;1386876928;0;0;0;0;0;0;0;0;0;0;0;1993;0;0;125;0;42;0;
9636;2612419;1185411072;24104960;1386876928;0;0;0;0;0;0;0;0;0;0;0;1834;0;0;125;0;42;0;
9637;1494824;1185411072;24104960;1386876928;0;0;0;0;0;0;0;0;0;0;0;1934;0;0;125;0;42;0;
9638;5162091;1186213888;24109056;1386881024;0;0;0;0;0;0;0;0;0;0;0;2094;0;0;125;0;42;0;
9639;3927035;1186213888;24109056;1386881024;0;0;0;0;0;0;0;0;0;0;0;1934;0;0;125;0;42;0;
9640;1471510;1186213888;24109056;1386881024;0;0;0;0;0;0;0;0;0;0;0;2054;0;0;125;0;42;0;
9641;1784877;1186213888;24109056;1386881024;0;0;0;0;0;0;0;0;0;0;0;2004;0;0;125;0;42;0;
9642;1270973;1186213888;24109056;1386881024;0;0;0;0;0;0;0;0;0;0;0;1943;0;0;125;0;42;0;
9643;4691638;1186213888;24109056;1386881024;0;0;0;0;0;0;0;0;0;0;0;2194;0;0;125;0;42;0;
9644;3678649;1186213888;24109056;1386881024;0;0;0;0;0;0;0;0;0;0;0;2034;0;0;125;0;42;0;
9645;2616286;1186213888;24109056;1386881024;0;0;0;0;0;0;0;0;0;0;0;2114;0;0;125;0;42;0;
9646;2020820;1186213888;24109056;1386881024;0;0;0;0;0;0;0;0;0;0;0;2024;0;0;125;0;42;0;
9647;1341506;1186213888;24109056;1386881024;0;0;0;0;0;0;0;0;0;0;0;2404;0;0;125;0;42;0;
9648;4854213;1186213888;24109056;1386881024;0;0;0;0;0;0;0;0;0;0;0;2424;0;0;125;0;42;0;
9649;3736548;1186213888;24109056;1386881024;0;0;0;0;0;0;0;0;0;0;0;2044;0;0;125;0;42;0;
9650;1518046;1186213888;24109056;1386881024;0;0;0;0;0;0;0;0;0;0;0;2284;0;0;125;0;42;0;
9651;2708710;1186213888;24109056;1386881024;0;0;0;0;0;0;0;0;0;0;0;1864;0;0;125;0;42;0;
9652;1676334;1186213888;24109056;1386881024;0;0;0;0;0;0;0;0;0;0;0;2675;0;0;125;0;42;0;
9653;4589467;1186213888;24109056;1386881024;0;0;0;0;0;0;0;0;0;0;0;2565;0;0;125;0;42;0;
9654;4083788;1179701248;16613376;1379385344;0;0;0;0;0;0;0;0;0;0;0;2144;0;0;125;0;42;0;
9655;1292214;1179701248;16613376;1379385344;0;0;0;0;0;0;0;0;0;0;0;2314;0;0;125;0;42;0;
9656;1885877;1179701248;16613376;1379385344;0;0;0;0;0;0;0;0;0;0;0;1943;0;0;125;0;42;0;
9657;1389686;1179701248;16613376;1379385344;0;0;0;0;0;0;0;0;0;0;0;1784;0;0;125;0;42;0;
9658;4395603;1179701248;16613376;1379385344;0;0;0;0;0;0;0;0;0;0;0;2524;0;0;125;0;42;0;
9659;4392157;1183141888;24109056;1386881024;0;0;0;0;0;0;0;0;0;0;0;2755;0;0;125;0;42;0;
9660;1879856;1183141888;24109056;1386881024;0;0;0;0;0;0;0;0;0;0;0;2165;0;0;125;0;42;0;
9661;2782528;1185239040;24109056;1386881024;0;0;0;0;0;0;0;0;0;0;0;2134;0;0;125;0;42;0;
9662;1964674;1186316288;24109056;1386881024;0;0;0;0;0;0;0;0;0;0;0;2345;0;0;125;0;42;0;
9663;4468981;1186316288;24109056;1386881024;0;0;0;0;0;0;0;0;0;0;0;2324;0;0;125;0;42;0;
9664;4097404;1186316288;24109056;1386881024;0;0;0;0;0;0;0;0;0;0;0;2254;0;0;125;0;42;0;
9665;1552932;1186316288;24109056;1386881024;0;0;0;0;0;0;0;0;0;0;0;2284;0;0;125;0;42;0;
9666;1963994;1186316288;24109056;1386881024;0;0;0;0;0;0;0;0;0;0;0;2625;0;0;125;0;42;0;
9667;1390888;1186316288;24109056;1386881024;0;0;0;0;0;0;0;0;0;0;0;2244;0;0;125;0;42;0;
9668;4698031;1186316288;24109056;1386881024;0;0;0;0;0;0;0;0;0;0;0;2214;0;0;125;0;42;0;
9669;3491918;1186316288;24109056;1386881024;0;0;0;0;0;0;0;0;0;0;0;2344;0;0;125;0;42;0;
9670;2391264;1186316288;24109056;1386881024;0;0;0;0;0;0;0;0;0;0;0;2454;0;0;125;0;42;0;
9671;2178986;1186316288;24109056;1386881024;0;0;0;0;0;0;0;0;0;0;0;2284;0;0;125;0;42;0;
9672;1524329;1186316288;24109056;1386881024;0;0;0;0;0;0;0;0;0;0;0;2315;0;0;125;0;42;0;
9673;4649169;1186316288;24109056;1386881024;0;0;0;0;0;0;0;0;0;0;0;2425;0;0;125;0;42;0;
9674;3495415;1179717632;16613376;1379385344;0;0;0;0;0;0;0;0;0;0;0;2204;0;0;125;0;42;0;
9675;1356474;1179717632;16613376;1379385344;0;0;0;0;0;0;0;0;0;0;0;2204;0;0;125;0;42;0;
9676;2538731;1179717632;16613376;1379385344;0;0;0;0;0;0;0;0;0;0;0;2154;0;0;125;0;42;0;
9677;1513959;1179717632;16613376;1379385344;0;0;0;0;0;0;0;0;0;0;0;1883;0;0;125;0;42;0;
9678;5104984;1179717632;16613376;1379385344;0;0;0;0;0;0;0;0;0;0;0;2354;0;0;125;0;42;0;
9679;4127681;1183158272;24109056;1386881024;0;0;0;0;0;0;0;0;0;0;0;2224;0;0;125;0;42;0;
9680;1345293;1183158272;24109056;1386881024;0;0;0;0;0;0;0;0;0;0;0;1974;0;0;125;0;42;0;
9681;2185529;1185255424;24109056;1386881024;0;0;0;0;0;0;0;0;0;0;0;2324;0;0;125;0;42;0;
9682;1705479;1185255424;24109056;1386881024;0;0;0;0;0;0;0;0;0;0;0;1974;0;0;125;0;42;0;
9683;4896292;1186332672;24109056;1386881024;0;0;0;0;0;0;0;0;0;0;0;2725;0;0;125;0;42;0;
9684;3446052;1186332672;24109056;1386881024;0;0;0;0;0;0;0;0;0;0;0;1973;0;0;125;0;42;0;
9685;5291213;1186332672;24109056;1386881024;0;0;0;0;0;0;0;0;0;0;0;2405;0;0;125;0;42;0;
9686;2235132;1186332672;24109056;1386881024;0;0;0;0;0;0;0;0;0;0;0;2174;0;0;125;0;42;0;
9687;2071415;1186332672;24109056;1386881024;0;0;0;0;0;0;0;0;0;0;0;1993;0;0;125;0;42;0;
9688;4542028;1186332672;24109056;1386881024;0;0;0;0;0;0;0;0;0;0;0;2134;0;0;125;0;42;0;
9689;3318183;1186332672;24109056;1386881024;0;0;0;0;0;0;0;0;0;0;0;2305;0;0;125;0;42;0;
9690;1927364;1186332672;24109056;1386881024;0;0;0;0;0;0;0;0;0;0;0;2374;0;0;125;0;42;0;
9691;2290947;1186332672;24109056;1386881024;0;0;0;0;0;0;0;0;0;0;0;2344;0;0;125;0;42;0;
9692;1758397;1186332672;24109056;1386881024;0;0;0;0;0;0;0;0;0;0;0;2284;0;0;125;0;42;0;
9693;5361735;1186332672;24109056;1386881024;0;0;0;0;0;0;0;0;0;0;0;2484;0;0;125;0;42;0;
9694;3755473;1186332672;24109056;1386881024;0;0;0;0;0;0;0;0;0;0;0;2404;0;0;125;0;42;0;
9695;1562300;1186332672;24109056;1386881024;0;0;0;0;0;0;0;0;0;0;0;2284;0;0;125;0;42;0;
9696;1841013;1186332672;24109056;1386881024;0;0;0;0;0;0;0;0;0;0;0;2495;0;0;125;0;42;0;
9697;2035838;1186332672;24109056;1386881024;0;0;0;0;0;0;0;0;0;0;0;2215;0;0;125;0;42;0;
9698;5301483;1186332672;24109056;1386881024;0;0;0;0;0;0;0;0;0;0;0;3026;0;0;125;0;42;0;
9699;3888422;1179734016;16613376;1379385344;0;0;0;0;0;0;0;0;0;0;0;3046;0;0;125;0;42;0;
9700;1867742;1179734016;16613376;1379385344;0;0;0;0;0;0;0;0;0;0;0;2224;0;0;125;0;42;0;
9701;2531387;1179734016;16613376;1379385344;0;0;0;0;0;0;0;0;0;0;0;2004;0;0;125;0;42;0;
9702;1821506;1179734016;16613376;1379385344;0;0;0;0;0;0;0;0;0;0;0;2084;0;0;125;0;42;0;
9703;4940065;1179734016;16613376;1379385344;0;0;0;0;0;0;0;0;0;0;0;2575;0;0;125;0;42;0;
9704;4343916;1183174656;24109056;1386881024;0;0;0;0;0;0;0;0;0;0;0;2404;0;0;125;0;42;0;
9705;1978070;1183174656;24109056;1386881024;0;0;0;0;0;0;0;0;0;0;0;2625;0;0;125;0;42;0;
9706;2101511;1185271808;24109056;1386881024;0;0;0;0;0;0;0;0;0;0;0;2385;0;0;125;0;42;0;
9707;1248932;1185271808;24109056;1386881024;0;0;0;0;0;0;0;0;0;0;0;2023;0;0;125;0;42;0;
9708;5084075;1186349056;24109056;1386881024;0;0;0;0;0;0;0;0;0;0;0;2655;0;0;125;0;42;0;
9709;3546491;1186349056;24109056;1386881024;0;0;0;0;0;0;0;0;0;0;0;2515;0;0;125;0;42;0;
9710;1613015;1186349056;24109056;1386881024;0;0;0;0;0;0;0;0;0;0;0;2174;0;0;125;0;42;0;
9711;8271562;1186349056;24109056;1386881024;0;0;0;0;0;0;0;0;0;0;0;2204;0;0;125;0;42;0;
9712;3594992;1186349056;24109056;1386881024;0;0;0;0;0;0;0;0;0;0;0;6943;0;0;125;0;42;0;
9713;5470499;1186349056;24109056;1386881024;0;0;0;0;0;0;0;0;0;0;0;3737;0;0;125;0;42;0;
9714;4891944;1186349056;24109056;1386881024;0;0;0;0;0;0;0;0;0;0;0;2394;0;0;125;0;42;0;
9715;2024116;1186349056;24109056;1386881024;0;0;0;0;0;0;0;0;0;0;0;2284;0;0;125;0;42;0;
9716;2238939;1186349056;24109056;1386881024;0;0;0;0;0;0;0;0;0;0;0;2124;0;0;125;0;42;0;
9717;1361854;1186349056;24109056;1386881024;0;0;0;0;0;0;0;0;0;0;0;2114;0;0;125;0;42;0;
9718;4645342;1186349056;24109056;1386881024;0;0;0;0;0;0;0;0;0;0;0;2665;0;0;125;0;42;0;
9719;4838524;1186349056;24109056;1386881024;0;0;0;0;0;0;0;0;0;0;0;3006;0;0;125;0;42;0;
9720;2072838;1186349056;24109056;1386881024;0;0;0;0;0;0;0;0;0;0;0;2104;0;0;125;0;42;0;
9721;2128322;1186349056;24109056;1386881024;0;0;0;0;0;0;0;0;0;0;0;1823;0;0;125;0;42;0;
9722;1524048;1186349056;24109056;1386881024;0;0;0;0;0;0;0;0;0;0;0;2044;0;0;125;0;42;0;
9723;4670119;1186349056;24109056;1386881024;0;0;0;0;0;0;0;0;0;0;0;2936;0;0;125;0;42;0;
9724;5172570;1179750400;16613376;1379385344;0;0;0;0;0;0;0;0;0;0;0;2545;0;0;125;0;42;0;
9725;1601483;1179750400;16613376;1379385344;0;0;0;0;0;0;0;0;0;0;0;1643;0;0;125;0;42;0;
9726;2169028;1179750400;16613376;1379385344;0;0;0;0;0;0;0;0;0;0;0;2254;0;0;125;0;42;0;
9727;1865008;1179750400;16613376;1379385344;0;0;0;0;0;0;0;0;0;0;0;1803;0;0;125;0;42;0;
9728;4746421;1179750400;16613376;1379385344;0;0;0;0;0;0;0;0;0;0;0;2435;0;0;125;0;42;0;
9729;3704798;1183191040;24109056;1386881024;0;0;0;0;0;0;0;0;0;0;0;2304;0;0;125;0;42;0;
9730;1281373;1183191040;24109056;1386881024;0;0;0;0;0;0;0;0;0;0;0;2104;0;0;125;0;42;0;
9731;2357782;1185288192;24109056;1386881024;0;0;0;0;0;0;0;0;0;0;0;2645;0;0;125;0;42;0;
9732;1803563;1186365440;24109056;1386881024;0;0;0;0;0;0;0;0;0;0;0;1884;0;0;125;0;42;0;
9733;4535747;1186365440;24109056;1386881024;0;0;0;0;0;0;0;0;0;0;0;2755;0;0;125;0;42;0;
9734;2815520;1186365440;24109056;1386881024;0;0;0;0;0;0;0;0;0;0;0;2174;0;0;125;0;42;0;
9735;1607104;1186365440;24109056;1386881024;0;0;0;0;0;0;0;0;0;0;0;2224;0;0;125;0;42;0;
9736;1801339;1186365440;24109056;1386881024;0;0;0;0;0;0;0;0;0;0;0;2134;0;0;125;0;42;0;
9737;992321;1186365440;24109056;1386881024;0;0;0;0;0;0;0;0;0;0;0;2154;0;0;125;0;42;0;
9738;4545525;1186365440;24109056;1386881024;0;0;0;0;0;0;0;0;0;0;0;2595;0;0;125;0;42;0;
9739;3640056;1186365440;24109056;1386881024;0;0;0;0;0;0;0;0;0;0;0;2485;0;0;125;0;42;0;
9740;1495635;1186365440;24109056;1386881024;0;0;0;0;0;0;0;0;0;0;0;2204;0;0;125;0;42;0;
9741;1574583;1186365440;24109056;1386881024;0;0;0;0;0;0;0;0;0;0;0;2174;0;0;125;0;42;0;
9742;1240266;1186365440;24109056;1386881024;0;0;0;0;0;0;0;0;0;0;0;2144;0;0;125;0;42;0;
9743;4636015;1186365440;24109056;1386881024;0;0;0;0;0;0;0;0;0;0;0;2485;0;0;125;0;42;0;
9744;3405597;1179766784;16613376;1379385344;0;0;0;0;0;0;0;0;0;0;0;2565;0;0;125;0;42;0;
9745;1393704;1179766784;16613376;1379385344;0;0;0;0;0;0;0;0;0;0;0;1893;0;0;125;0;42;0;
9746;1906686;1179766784;16613376;1379385344;0;0;0;0;0;0;0;0;0;0;0;1914;0;0;125;0;42;0;
9747;1365941;1179766784;16613376;1379385344;0;0;0;0;0;0;0;0;0;0;0;2234;0;0;125;0;42;0;
9748;4546707;1179766784;16613376;1379385344;0;0;0;0;0;0;0;0;0;0;0;2274;0;0;125;0;42;0;
9749;3946280;1183207424;24109056;1386881024;0;0;0;0;0;0;0;0;0;0;0;2936;0;0;125;0;42;0;
9750;1598618;1183207424;24109056;1386881024;0;0;0;0;0;0;0;0;0;0;0;2255;0;0;125;0;42;0;
9751;1858936;1185304576;24109056;1386881024;0;0;0;0;0;0;0;0;0;0;0;2154;0;0;125;0;42;0;
9752;1243352;1185304576;24109056;1386881024;0;0;0;0;0;0;0;0;0;0;0;1733;0;0;125;0;42;0;
9753;5030233;1186381824;24109056;1386881024;0;0;0;0;0;0;0;0;0;0;0;3116;0;0;125;0;42;0;
9754;3087000;1186381824;24109056;1386881024;0;0;0;0;0;0;0;0;0;0;0;2114;0;0;125;0;42;0;
9755;1578971;1186381824;24109056;1386881024;0;0;0;0;0;0;0;0;0;0;0;1864;0;0;125;0;42;0;
9756;2275337;1186381824;24109056;1386881024;0;0;0;0;0;0;0;0;0;0;0;2074;0;0;125;0;42;0;
9757;1592256;1186381824;24109056;1386881024;0;0;0;0;0;0;0;0;0;0;0;2104;0;0;125;0;42;0;
9758;4882827;1186381824;24109056;1386881024;0;0;0;0;0;0;0;0;0;0;0;2224;0;0;125;0;42;0;
9759;3127445;1186381824;24109056;1386881024;0;0;0;0;0;0;0;0;0;0;0;2284;0;0;125;0;42;0;
9760;1627672;1186381824;24109056;1386881024;0;0;0;0;0;0;0;0;0;0;0;2294;0;0;125;0;42;0;
9761;2301586;1186381824;24109056;1386881024;0;0;0;0;0;0;0;0;0;0;0;1934;0;0;125;0;42;0;
9762;1210220;1186381824;24109056;1386881024;0;0;0;0;0;0;0;0;0;0;0;2375;0;0;125;0;42;0;
9763;4595539;1186381824;24109056;1386881024;0;0;0;0;0;0;0;0;0;0;0;2394;0;0;125;0;42;0;
9764;3562380;1186381824;24109056;1386881024;0;0;0;0;0;0;0;0;0;0;0;2365;0;0;125;0;42;0;
9765;1825203;1186381824;24109056;1386881024;0;0;0;0;0;0;0;0;0;0;0;2124;0;0;125;0;42;0;
9766;2468059;1186381824;24109056;1386881024;0;0;0;0;0;0;0;0;0;0;0;2285;0;0;125;0;42;0;
9767;1999120;1186381824;24109056;1386881024;0;0;0;0;0;0;0;0;0;0;0;1874;0;0;125;0;42;0;
9768;5123729;1186381824;24109056;1386881024;0;0;0;0;0;0;0;0;0;0;0;2635;0;0;125;0;42;0;
9769;4487365;1179783168;16613376;1379385344;0;0;0;0;0;0;0;0;0;0;0;2024;0;0;125;0;42;0;
9770;1717241;1179783168;16613376;1379385344;0;0;0;0;0;0;0;0;0;0;0;1943;0;0;125;0;42;0;
9771;2523933;1179783168;16613376;1379385344;0;0;0;0;0;0;0;0;0;0;0;1903;0;0;125;0;42;0;
9772;2189446;1179783168;16613376;1379385344;0;0;0;0;0;0;0;0;0;0;0;2304;0;0;125;0;42;0;
9773;4609565;1179783168;16613376;1379385344;0;0;0;0;0;0;0;0;0;0;0;2926;0;0;125;0;42;0;
9774;4554271;1183223808;24109056;1386881024;0;0;0;0;0;0;0;0;0;0;0;2335;0;0;125;0;42;0;
9775;1285561;1183223808;24109056;1386881024;0;0;0;0;0;0;0;0;0;0;0;2224;0;0;125;0;42;0;
9776;3312372;1185320960;24109056;1386881024;0;0;0;0;0;0;0;0;0;0;0;3166;0;0;125;0;42;0;
9777;1714125;1185320960;24109056;1386881024;0;0;0;0;0;0;0;0;0;0;0;1883;0;0;125;0;42;0;
9778;5481179;1186398208;24109056;1386881024;0;0;0;0;0;0;0;0;0;0;0;2735;0;0;125;0;42;0;
9779;3265495;1186398208;24109056;1386881024;0;0;0;0;0;0;0;0;0;0;0;2154;0;0;125;0;42;0;
9780;1450450;1186398208;24109056;1386881024;0;0;0;0;0;0;0;0;0;0;0;2004;0;0;125;0;42;0;
9781;2043753;1186398208;24109056;1386881024;0;0;0;0;0;0;0;0;0;0;0;2525;0;0;125;0;42;0;
9782;1495695;1186398208;24109056;1386881024;0;0;0;0;0;0;0;0;0;0;0;2475;0;0;125;0;42;0;
9783;4590489;1186398208;24109056;1386881024;0;0;0;0;0;0;0;0;0;0;0;2695;0;0;125;0;42;0;
9784;3679952;1186398208;24109056;1386881024;0;0;0;0;0;0;0;0;0;0;0;2154;0;0;125;0;42;0;
9785;1914500;1186398208;24109056;1386881024;0;0;0;0;0;0;0;0;0;0;0;1843;0;0;125;0;42;0;
9786;1973942;1186398208;24109056;1386881024;0;0;0;0;0;0;0;0;0;0;0;2284;0;0;125;0;42;0;
9787;1426155;1186398208;24109056;1386881024;0;0;0;0;0;0;0;0;0;0;0;1894;0;0;125;0;42;0;
9788;4699283;1186398208;24109056;1386881024;0;0;0;0;0;0;0;0;0;0;0;2505;0;0;125;0;42;0;
9789;3337970;1186398208;24109056;1386881024;0;0;0;0;0;0;0;0;0;0;0;2124;0;0;125;0;42;0;
9790;1751434;1186398208;24109056;1386881024;0;0;0;0;0;0;0;0;0;0;0;2144;0;0;125;0;42;0;
9791;2430187;1186398208;24109056;1386881024;0;0;0;0;0;0;0;0;0;0;0;2184;0;0;125;0;42;0;
9792;1740925;1186398208;24109056;1386881024;0;0;0;0;0;0;0;0;0;0;0;2344;0;0;125;0;42;0;
9793;4931709;1186398208;24109056;1386881024;0;0;0;0;0;0;0;0;0;0;0;2475;0;0;125;0;42;0;
9794;3924660;1179799552;16613376;1379385344;0;0;0;0;0;0;0;0;0;0;0;2244;0;0;125;0;42;0;
9795;1503029;1179799552;16613376;1379385344;0;0;0;0;0;0;0;0;0;0;0;2434;0;0;125;0;42;0;
9796;1849629;1179799552;16613376;1379385344;0;0;0;0;0;0;0;0;0;0;0;2104;0;0;125;0;42;0;
9797;1997326;1179799552;16613376;1379385344;0;0;0;0;0;0;0;0;0;0;0;2164;0;0;125;0;42;0;
9798;4653627;1179799552;16613376;1379385344;0;0;0;0;0;0;0;0;0;0;0;2114;0;0;125;0;42;0;
9799;4339107;1183240192;24109056;1386881024;0;0;0;0;0;0;0;0;0;0;0;2535;0;0;125;0;42;0;
9800;1597216;1183240192;24109056;1386881024;0;0;0;0;0;0;0;0;0;0;0;2265;0;0;125;0;42;0;
9801;2502894;1185337344;24109056;1386881024;0;0;0;0;0;0;0;0;0;0;0;1933;0;0;125;0;42;0;
9802;1379928;1185337344;24109056;1386881024;0;0;0;0;0;0;0;0;0;0;0;2073;0;0;125;0;42;0;
9803;4961715;1186414592;24109056;1386881024;0;0;0;0;0;0;0;0;0;0;0;2274;0;0;125;0;42;0;
9804;3424803;1186414592;24109056;1386881024;0;0;0;0;0;0;0;0;0;0;0;2455;0;0;125;0;42;0;
9805;2101712;1186414592;24109056;1386881024;0;0;0;0;0;0;0;0;0;0;0;2174;0;0;125;0;42;0;
9806;2054012;1186414592;24109056;1386881024;0;0;0;0;0;0;0;0;0;0;0;2295;0;0;125;0;42;0;
9807;1623385;1186414592;24109056;1386881024;0;0;0;0;0;0;0;0;0;0;0;2174;0;0;125;0;42;0;
9808;4593164;1186414592;24109056;1386881024;0;0;0;0;0;0;0;0;0;0;0;2475;0;0;125;0;42;0;
9809;3331588;1186414592;24109056;1386881024;0;0;0;0;0;0;0;0;0;0;0;1953;0;0;125;0;42;0;
9810;1657158;1186414592;24109056;1386881024;0;0;0;0;0;0;0;0;0;0;0;2305;0;0;125;0;42;0;
9811;2011102;1186414592;24109056;1386881024;0;0;0;0;0;0;0;0;0;0;0;2264;0;0;125;0;42;0;
9812;1648171;1186414592;24109056;1386881024;0;0;0;0;0;0;0;0;0;0;0;2104;0;0;125;0;42;0;
9813;4750289;1186414592;24109056;1386881024;0;0;0;0;0;0;0;0;0;0;0;2435;0;0;125;0;42;0;
9814;3353479;1186414592;24109056;1386881024;0;0;0;0;0;0;0;0;0;0;0;1903;0;0;125;0;42;0;
9815;1928667;1186414592;24109056;1386881024;0;0;0;0;0;0;0;0;0;0;0;1924;0;0;125;0;42;0;
9816;2344427;1186414592;24109056;1386881024;0;0;0;0;0;0;0;0;0;0;0;1953;0;0;125;0;42;0;
9817;1317942;1186414592;24109056;1386881024;0;0;0;0;0;0;0;0;0;0;0;2064;0;0;125;0;42;0;
9818;4759366;1186414592;24109056;1386881024;0;0;0;0;0;0;0;0;0;0;0;2535;0;0;125;0;42;0;
9819;3755894;1179815936;16613376;1379385344;0;0;0;0;0;0;0;0;0;0;0;2325;0;0;125;0;42;0;
9820;1569964;1179815936;16613376;1379385344;0;0;0;0;0;0;0;0;0;0;0;2114;0;0;125;0;42;0;
9821;2191229;1179815936;16613376;1379385344;0;0;0;0;0;0;0;0;0;0;0;2094;0;0;125;0;42;0;
9822;1710308;1179815936;16613376;1379385344;0;0;0;0;0;0;0;0;0;0;0;2064;0;0;125;0;42;0;
9823;4507283;1179815936;16613376;1379385344;0;0;0;0;0;0;0;0;0;0;0;2474;0;0;125;0;42;0;
9824;4723157;1183256576;24109056;1386881024;0;0;0;0;0;0;0;0;0;0;0;2875;0;0;125;0;42;0;
9825;1972859;1183256576;24109056;1386881024;0;0;0;0;0;0;0;0;0;0;0;2054;0;0;125;0;42;0;
9826;2291117;1185353728;24109056;1386881024;0;0;0;0;0;0;0;0;0;0;0;2475;0;0;125;0;42;0;
9827;1635797;1186430976;24109056;1386881024;0;0;0;0;0;0;0;0;0;0;0;2074;0;0;125;0;42;0;
9828;4579739;1186430976;24109056;1386881024;0;0;0;0;0;0;0;0;0;0;0;2404;0;0;125;0;42;0;
9829;3114631;1186430976;24109056;1386881024;0;0;0;0;0;0;0;0;0;0;0;2034;0;0;125;0;42;0;
9830;1762906;1186430976;24109056;1386881024;0;0;0;0;0;0;0;0;0;0;0;1883;0;0;125;0;42;0;
9831;2316194;1186430976;24109056;1386881024;0;0;0;0;0;0;0;0;0;0;0;2114;0;0;125;0;42;0;
9832;1430022;1186430976;24109056;1386881024;0;0;0;0;0;0;0;0;0;0;0;2004;0;0;125;0;42;0;
9833;4277782;1186430976;24109056;1386881024;0;0;0;0;0;0;0;0;0;0;0;1974;0;0;125;0;42;0;
9834;3522356;1186430976;24109056;1386881024;0;0;0;0;0;0;0;0;0;0;0;2926;0;0;125;0;42;0;
9835;1385749;1186430976;24109056;1386881024;0;0;0;0;0;0;0;0;0;0;0;2184;0;0;125;0;42;0;
9836;2440938;1186430976;24109056;1386881024;0;0;0;0;0;0;0;0;0;0;0;2144;0;0;125;0;42;0;
9837;1988389;1186430976;24109056;1386881024;0;0;0;0;0;0;0;0;0;0;0;2134;0;0;125;0;42;0;
9838;4309813;1186430976;24109056;1386881024;0;0;0;0;0;0;0;0;0;0;0;2645;0;0;125;0;42;0;
9839;3095805;1179832320;16613376;1379385344;0;0;0;0;0;0;0;0;0;0;0;2194;0;0;125;0;42;0;
9840;1405335;1179832320;16613376;1379385344;0;0;0;0;0;0;0;0;0;0;0;1953;0;0;125;0;42;0;
9841;1981356;1179832320;16613376;1379385344;0;0;0;0;0;0;0;0;0;0;0;2335;0;0;125;0;42;0;
9842;1486528;1179832320;16613376;1379385344;0;0;0;0;0;0;0;0;0;0;0;1923;0;0;125;0;42;0;
9843;4889079;1179832320;16613376;1379385344;0;0;0;0;0;0;0;0;0;0;0;115727;0;0;125;0;42;0;
9844;5362808;1183272960;24109056;1386881024;0;0;0;0;0;0;0;0;0;0;0;2414;0;0;125;0;42;0;
9845;1162079;1183272960;24109056;1386881024;0;0;0;0;0;0;0;0;0;0;0;2034;0;0;125;0;42;0;
9846;2220053;1185370112;24109056;1386881024;0;0;0;0;0;0;0;0;0;0;0;2204;0;0;125;0;42;0;
9847;1267256;1185370112;24109056;1386881024;0;0;0;0;0;0;0;0;0;0;0;2395;0;0;125;0;42;0;
9848;4666672;1186447360;24109056;1386881024;0;0;0;0;0;0;0;0;0;0;0;2023;0;0;125;0;42;0;
9849;3177248;1186447360;24109056;1386881024;0;0;0;0;0;0;0;0;0;0;0;2725;0;0;125;0;42;0;
9850;1359670;1186447360;24109056;1386881024;0;0;0;0;0;0;0;0;0;0;0;1913;0;0;125;0;42;0;
9851;1918238;1186447360;24109056;1386881024;0;0;0;0;0;0;0;0;0;0;0;2004;0;0;125;0;42;0;
9852;1675713;1186447360;24109056;1386881024;0;0;0;0;0;0;0;0;0;0;0;2194;0;0;125;0;42;0;
9853;5075369;1186447360;24109056;1386881024;0;0;0;0;0;0;0;0;0;0;0;3076;0;0;125;0;42;0;
9854;3484856;1186447360;24109056;1386881024;0;0;0;0;0;0;0;0;0;0;0;2164;0;0;125;0;42;0;
9855;1907647;1186447360;24109056;1386881024;0;0;0;0;0;0;0;0;0;0;0;1944;0;0;125;0;42;0;
9856;2140334;1186447360;24109056;1386881024;0;0;0;0;0;0;0;0;0;0;0;2014;0;0;125;0;42;0;
9857;1300018;1186447360;24109056;1386881024;0;0;0;0;0;0;0;0;0;0;0;2094;0;0;125;0;42;0;
9858;4792618;1186447360;24109056;1386881024;0;0;0;0;0;0;0;0;0;0;0;2395;0;0;125;0;42;0;
9859;3440252;1186447360;24109056;1386881024;0;0;0;0;0;0;0;0;0;0;0;1874;0;0;125;0;42;0;
9860;1321518;1186447360;24109056;1386881024;0;0;0;0;0;0;0;0;0;0;0;1973;0;0;125;0;42;0;
9861;2771648;1186447360;24109056;1386881024;0;0;0;0;0;0;0;0;0;0;0;1923;0;0;125;0;42;0;
9862;1607465;1186447360;24109056;1386881024;0;0;0;0;0;0;0;0;0;0;0;2104;0;0;125;0;42;0;
9863;4280537;1186447360;24109056;1386881024;0;0;0;0;0;0;0;0;0;0;0;2756;0;0;125;0;42;0;
9864;3054479;1179848704;16613376;1379385344;0;0;0;0;0;0;0;0;0;0;0;1914;0;0;125;0;42;0;
9865;1374828;1179848704;16613376;1379385344;0;0;0;0;0;0;0;0;0;0;0;2044;0;0;125;0;42;0;
9866;1930220;1179848704;16613376;1379385344;0;0;0;0;0;0;0;0;0;0;0;2344;0;0;125;0;42;0;
9867;1410916;1179848704;16613376;1379385344;0;0;0;0;0;0;0;0;0;0;0;2254;0;0;125;0;42;0;
9868;4648578;1179848704;16613376;1379385344;0;0;0;0;0;0;0;0;0;0;0;2735;0;0;125;0;42;0;
9869;5740075;1183289344;24109056;1386881024;0;0;0;0;0;0;0;0;0;0;0;2435;0;0;125;0;42;0;
9870;1743680;1183289344;24109056;1386881024;0;0;0;0;0;0;0;0;0;0;0;10850;0;0;125;0;42;0;
9871;2369894;1185386496;24109056;1386881024;0;0;0;0;0;0;0;0;0;0;0;2494;0;0;125;0;42;0;
9872;1524519;1185386496;24109056;1386881024;0;0;0;0;0;0;0;0;0;0;0;2174;0;0;125;0;42;0;
9873;5094033;1186463744;24109056;1386881024;0;0;0;0;0;0;0;0;0;0;0;2114;0;0;125;0;42;0;
9874;3421777;1186463744;24109056;1386881024;0;0;0;0;0;0;0;0;0;0;0;2094;0;0;125;0;42;0;
9875;1524720;1186463744;24109056;1386881024;0;0;0;0;0;0;0;0;0;0;0;2174;0;0;125;0;42;0;
9876;1817108;1186463744;24109056;1386881024;0;0;0;0;0;0;0;0;0;0;0;1934;0;0;125;0;42;0;
9877;1247630;1186463744;24109056;1386881024;0;0;0;0;0;0;0;0;0;0;0;2314;0;0;125;0;42;0;
9878;5031736;1186463744;24109056;1386881024;0;0;0;0;0;0;0;0;0;0;0;2645;0;0;125;0;42;0;
9879;3122966;1186463744;24109056;1386881024;0;0;0;0;0;0;0;0;0;0;0;2294;0;0;125;0;42;0;
9880;1464717;1186463744;24109056;1386881024;0;0;0;0;0;0;0;0;0;0;0;1953;0;0;125;0;42;0;
9881;2248968;1186463744;24109056;1386881024;0;0;0;0;0;0;0;0;0;0;0;1934;0;0;125;0;42;0;
9882;1533716;1186463744;24109056;1386881024;0;0;0;0;0;0;0;0;0;0;0;2104;0;0;125;0;42;0;
9883;4590278;1186463744;24109056;1386881024;0;0;0;0;0;0;0;0;0;0;0;2354;0;0;125;0;42;0;
9884;3179012;1186463744;24109056;1386881024;0;0;0;0;0;0;0;0;0;0;0;2445;0;0;125;0;42;0;
9885;1629726;1186463744;24109056;1386881024;0;0;0;0;0;0;0;0;0;0;0;2054;0;0;125;0;42;0;
9886;1938015;1186463744;24109056;1386881024;0;0;0;0;0;0;0;0;0;0;0;1874;0;0;125;0;42;0;
9887;1574813;1186463744;24109056;1386881024;0;0;0;0;0;0;0;0;0;0;0;2084;0;0;125;0;42;0;
9888;4991581;1186463744;24109056;1386881024;0;0;0;0;0;0;0;0;0;0;0;2525;0;0;125;0;42;0;
9889;3716570;1179865088;16613376;1379385344;0;0;0;0;0;0;0;0;0;0;0;1934;0;0;125;0;42;0;
9890;2103114;1179865088;16613376;1379385344;0;0;0;0;0;0;0;0;0;0;0;1864;0;0;125;0;42;0;
9891;2071315;1179865088;16613376;1379385344;0;0;0;0;0;0;0;0;0;0;0;2014;0;0;125;0;42;0;
9892;1304437;1179865088;16613376;1379385344;0;0;0;0;0;0;0;0;0;0;0;1964;0;0;125;0;42;0;
9893;4771168;1179865088;16613376;1379385344;0;0;0;0;0;0;0;0;0;0;0;2485;0;0;125;0;42;0;
9894;2743645;1179865088;16613376;1379385344;0;0;0;0;0;0;0;0;0;0;0;2334;0;0;125;0;42;0;
9895;1543705;1179865088;16613376;1379385344;0;0;0;0;0;0;0;0;0;0;0;2445;0;0;125;0;42;0;
9896;1967741;1179865088;16613376;1379385344;0;0;0;0;0;0;0;0;0;0;0;2074;0;0;125;0;42;0;
9897;2397296;1183305728;24109056;1386881024;0;0;0;0;0;0;0;0;0;0;0;2705;0;0;125;0;42;0;
9898;4835659;1183305728;24109056;1386881024;0;0;0;0;0;0;0;0;0;0;0;2304;0;0;125;0;42;0;
9899;3134779;1183305728;24109056;1386881024;0;0;0;0;0;0;0;0;0;0;0;2415;0;0;125;0;42;0;
9900;1878944;1183305728;24109056;1386881024;0;0;0;0;0;0;0;0;0;0;0;2124;0;0;125;0;42;0;
9901;2208632;1185402880;24109056;1386881024;0;0;0;0;0;0;0;0;0;0;0;2004;0;0;125;0;42;0;
9902;4774154;1186480128;24109056;1386881024;0;0;0;0;0;0;0;0;0;0;0;1853;0;0;125;0;42;0;
9903;3039951;1186709504;24104960;1386876928;0;0;0;0;0;0;0;0;0;0;0;2044;0;0;125;0;42;0;
9904;1439910;1186709504;24104960;1386876928;0;0;0;0;0;0;0;0;0;0;0;3376;0;0;125;0;42;0;
9905;2523643;1186709504;24104960;1386876928;0;0;0;0;0;0;0;0;0;0;0;2434;0;0;125;0;42;0;
9906;4476325;1186709504;24104960;1386876928;0;0;0;0;0;0;0;0;0;0;0;2124;0;0;125;0;42;0;
9907;3124880;1179881472;16146432;1378918400;0;0;0;0;0;0;0;0;0;0;0;2475;0;0;125;0;42;0;
9908;1531563;1179881472;16146432;1378918400;0;0;0;0;0;0;0;0;0;0;0;2144;0;0;125;0;42;0;
9909;2093736;1179881472;16146432;1378918400;0;0;0;0;0;0;0;0;0;0;0;2004;0;0;125;0;42;0;
9910;4410371;1179881472;16146432;1378918400;0;0;0;0;0;0;0;0;0;0;0;2224;0;0;125;0;42;0;
9911;2252985;1179881472;16150528;1378922496;0;0;0;0;0;0;0;0;0;0;0;2725;0;0;125;0;42;0;
9912;1615750;1179881472;16150528;1378922496;0;0;0;0;0;0;0;0;0;0;0;1994;0;0;125;0;42;0;
9913;2049944;1179881472;16150528;1378922496;0;0;0;0;0;0;0;0;0;0;0;2104;0;0;125;0;42;0;
9914;4555874;1179881472;16150528;1378922496;0;0;0;0;0;0;0;0;0;0;0;2064;0;0;125;0;42;0;
9915;3477562;1179881472;16150528;1378922496;0;0;0;0;0;0;0;0;0;0;0;2475;0;0;125;0;42;0;
9916;1857794;1179881472;16150528;1378922496;0;0;0;0;0;0;0;0;0;0;0;2465;0;0;125;0;42;0;
9917;1605711;1179881472;16150528;1378922496;0;0;0;0;0;0;0;0;0;0;0;1913;0;0;125;0;42;0;
9918;4931859;1179881472;16150528;1378922496;0;0;0;0;0;0;0;0;0;0;0;1883;0;0;125;0;42;0;
9919;2727536;1179881472;16150528;1378922496;0;0;0;0;0;0;0;0;0;0;0;2314;0;0;125;0;42;0;
9920;1645636;1179881472;16150528;1378922496;0;0;0;0;0;0;0;0;0;0;0;1933;0;0;125;0;42;0;
9921;1522095;1179881472;16150528;1378922496;0;0;0;0;0;0;0;0;0;0;0;2265;0;0;125;0;42;0;
9922;5358900;1183592448;24113152;1386885120;0;0;0;0;0;0;0;0;0;0;0;2224;0;0;125;0;42;0;
9923;3238434;1183690752;24109056;1386881024;0;0;0;0;0;0;0;0;0;0;0;2214;0;0;125;0;42;0;
9924;4726985;1183690752;24109056;1386881024;0;0;0;0;0;0;0;0;0;0;0;1844;0;0;125;0;42;0;
9925;3348209;1183690752;24109056;1386881024;0;0;0;0;0;0;0;0;0;0;0;2134;0;0;125;0;42;0;
9926;5408192;1183690752;24109056;1386881024;0;0;0;0;0;0;0;0;0;0;0;2064;0;0;125;0;42;0;
9927;2980780;1183690752;24109056;1386881024;0;0;0;0;0;0;0;0;0;0;0;2885;0;0;125;0;42;0;
9928;4522231;1183690752;24109056;1386881024;0;0;0;0;0;0;0;0;0;0;0;2665;0;0;125;0;42;0;
9929;3654043;1183690752;24117248;1386889216;0;0;0;0;0;0;0;0;0;0;0;2234;0;0;125;0;42;0;
9930;4797117;1183690752;24117248;1386889216;0;0;0;0;0;0;0;0;0;0;0;2194;0;0;125;0;42;0;
9931;2544371;1183690752;24117248;1386889216;0;0;0;0;0;0;0;0;0;0;0;2766;0;0;125;0;42;0;
9932;4926590;1183690752;24117248;1386889216;0;0;0;0;0;0;0;0;0;0;0;2324;0;0;125;0;42;0;
9933;3431345;1179893760;16154624;1378926592;0;0;0;0;0;0;0;0;0;0;0;2926;0;0;125;0;42;0;
9934;4978266;1179893760;16154624;1378926592;0;0;0;0;0;0;0;0;0;0;0;2234;0;0;125;0;42;0;
9935;2747593;1179885568;16146432;1378918400;0;0;0;0;0;0;0;0;0;0;0;2665;0;0;125;0;42;0;
9936;4612530;1179885568;16146432;1378918400;0;0;0;0;0;0;0;0;0;0;0;2114;0;0;125;0;42;0;
9937;3163593;1179885568;16146432;1378918400;0;0;0;0;0;0;0;0;0;0;0;2475;0;0;125;0;42;0;
9938;4744007;1179885568;16146432;1378918400;0;0;0;0;0;0;0;0;0;0;0;2134;0;0;125;0;42;0;
9939;3113900;1179885568;16146432;1378918400;0;0;0;0;0;0;0;0;0;0;0;2775;0;0;125;0;42;0;
9940;4383330;1179885568;16146432;1378918400;0;0;0;0;0;0;0;0;0;0;0;2064;0;0;125;0;42;0;
9941;3284961;1179885568;16146432;1378918400;0;0;0;0;0;0;0;0;0;0;0;2715;0;0;125;0;42;0;
9942;4847581;1179885568;16146432;1378918400;0;0;0;0;0;0;0;0;0;0;0;1963;0;0;125;0;42;0;
9943;3251678;1179885568;16146432;1378918400;0;0;0;0;0;0;0;0;0;0;0;2815;0;0;125;0;42;0;
9944;4949041;1179885568;16146432;1378918400;0;0;0;0;0;0;0;0;0;0;0;2675;0;0;125;0;42;0;
9945;2634300;1179885568;16146432;1378918400;0;0;0;0;0;0;0;0;0;0;0;2856;0;0;125;0;42;0;
9946;4640282;1179885568;16146432;1378918400;0;0;0;0;0;0;0;0;0;0;0;1763;0;0;125;0;42;0;
9947;3210982;1179885568;16146432;1378918400;0;0;0;0;0;0;0;0;0;0;0;2034;0;0;125;0;42;0;
9948;4777029;1179885568;16146432;1378918400;0;0;0;0;0;0;0;0;0;0;0;2354;0;0;125;0;42;0;
9949;4040618;1179885568;16146432;1378918400;0;0;0;0;0;0;0;0;0;0;0;2204;0;0;125;0;42;0;
9950;4857049;1179885568;16146432;1378918400;0;0;0;0;0;0;0;0;0;0;0;2365;0;0;125;0;42;0;
9951;3238053;1179885568;16146432;1378918400;0;0;0;0;0;0;0;0;0;0;0;2325;0;0;125;0;42;0;
9952;4780946;1179885568;16146432;1378918400;0;0;0;0;0;0;0;0;0;0;0;1953;0;0;125;0;42;0;
9953;3590884;1179885568;16146432;1378918400;0;0;0;0;0;0;0;0;0;0;0;2255;0;0;125;0;42;0;
9954;4775626;1179885568;16146432;1378918400;0;0;0;0;0;0;0;0;0;0;0;1954;0;0;125;0;42;0;
9955;2709371;1179885568;16146432;1378918400;0;0;0;0;0;0;0;0;0;0;0;3247;0;0;125;0;42;0;
9956;4724170;1179885568;16146432;1378918400;0;0;0;0;0;0;0;0;0;0;0;1994;0;0;125;0;42;0;
9957;3111516;1179885568;16146432;1378918400;0;0;0;0;0;0;0;0;0;0;0;2344;0;0;125;0;42;0;
9958;4727015;1179885568;16146432;1378918400;0;0;0;0;0;0;0;0;0;0;0;1884;0;0;125;0;42;0;
9959;2840828;1179885568;16146432;1378918400;0;0;0;0;0;0;0;0;0;0;0;2665;0;0;125;0;42;0;
9960;4860295;1179885568;16146432;1378918400;0;0;0;0;0;0;0;0;0;0;0;1983;0;0;125;0;42;0;
9961;4482106;1179885568;16146432;1378918400;0;0;0;0;0;0;0;0;0;0;0;2264;0;0;125;0;42;0;
9962;4464062;1179885568;16146432;1378918400;0;0;0;0;0;0;0;0;0;0;0;1954;0;0;125;0;42;0;
9963;3292926;1179885568;16146432;1378918400;0;0;0;0;0;0;0;0;0;0;0;2675;0;0;125;0;42;0;
9964;5295841;1179885568;16146432;1378918400;0;0;0;0;0;0;0;0;0;0;0;2144;0;0;125;0;42;0;
9965;2936888;1179885568;16146432;1378918400;0;0;0;0;0;0;0;0;0;0;0;2234;0;0;125;0;42;0;
9966;5095827;1179885568;16146432;1378918400;0;0;0;0;0;0;0;0;0;0;0;2053;0;0;125;0;42;0;
9967;3382394;1179885568;16146432;1378918400;0;0;0;0;0;0;0;0;0;0;0;2515;0;0;125;0;42;0;
9968;4508355;1179885568;16146432;1378918400;0;0;0;0;0;0;0;0;0;0;0;2154;0;0;125;0;42;0;
9969;2891112;1179885568;16146432;1378918400;0;0;0;0;0;0;0;0;0;0;0;3156;0;0;125;0;42;0;
9970;4747193;1179885568;16146432;1378918400;0;0;0;0;0;0;0;0;0;0;0;1924;0;0;125;0;42;0;
9971;5182509;1179885568;16146432;1378918400;0;0;0;0;0;0;0;0;0;0;0;6011;0;0;125;0;42;0;
9972;5557512;1179885568;16146432;1378918400;0;0;0;0;0;0;0;0;0;0;0;2786;0;0;125;0;42;0;
9973;5108441;1179885568;16146432;1378918400;0;0;0;0;0;0;0;0;0;0;0;4979;0;0;125;0;42;0;
9974;5467534;1179885568;16146432;1378918400;0;0;0;0;0;0;0;0;0;0;0;3076;0;0;125;0;42;0;
9975;6166194;1179885568;16146432;1378918400;0;0;0;0;0;0;0;0;0;0;0;6792;0;0;125;0;42;0;
9976;6245112;1179885568;16146432;1378918400;0;0;0;0;0;0;0;0;0;0;0;4408;0;0;125;0;42;0;
9977;7135682;1179885568;16146432;1378918400;0;0;0;0;0;0;0;0;0;0;0;5661;0;0;125;0;42;0;
9978;5603579;1179885568;16146432;1378918400;0;0;0;0;0;0;0;0;0;0;0;4909;0;0;125;0;42;0;
9979;6715544;1179885568;16146432;1378918400;0;0;0;0;0;0;0;0;0;0;0;6903;0;0;125;0;42;0;
9980;6114707;1179885568;16146432;1378918400;0;0;0;0;0;0;0;0;0;0;0;4369;0;0;125;0;42;0;
9981;6007656;1179885568;16146432;1378918400;0;0;0;0;0;0;0;0;0;0;0;6061;0;0;125;0;42;0;
9982;5633626;1179885568;16146432;1378918400;0;0;0;0;0;0;0;0;0;0;0;2154;0;0;125;0;42;0;
9983;5744883;1179885568;16146432;1378918400;0;0;0;0;0;0;0;0;0;0;0;6632;0;0;125;0;42;0;
9984;5079997;1179885568;16146432;1378918400;0;0;0;0;0;0;0;0;0;0;0;3456;0;0;125;0;42;0;
9985;6403168;1179885568;16146432;1378918400;0;0;0;0;0;0;0;0;0;0;0;6151;0;0;125;0;42;0;
9986;5672087;1179885568;16146432;1378918400;0;0;0;0;0;0;0;0;0;0;0;4629;0;0;125;0;42;0;
9987;6085954;1179885568;16146432;1378918400;0;0;0;0;0;0;0;0;0;0;0;4779;0;0;125;0;42;0;
9988;5578392;1179885568;16146432;1378918400;0;0;0;0;0;0;0;0;0;0;0;3947;0;0;125;0;42;0;
9989;5727682;1179885568;16146432;1378918400;0;0;0;0;0;0;0;0;0;0;0;6372;0;0;125;0;42;0;
9990;5929410;1179885568;16146432;1378918400;0;0;0;0;0;0;0;0;0;0;0;4889;0;0;125;0;42;0;
9991;5832598;1179885568;16146432;1378918400;0;0;0;0;0;0;0;0;0;0;0;6362;0;0;125;0;42;0;
9992;4912663;1179885568;16146432;1378918400;0;0;0;0;0;0;0;0;0;0;0;2625;0;0;125;0;42;0;
9993;6787690;1179885568;16146432;1378918400;0;0;0;0;0;0;0;0;0;0;0;4178;0;0;125;0;42;0;
9994;5104163;1179885568;16146432;1378918400;0;0;0;0;0;0;0;0;0;0;0;2424;0;0;125;0;42;0;
9995;6482727;1179885568;16146432;1378918400;0;0;0;0;0;0;0;0;0;0;0;4960;0;0;125;0;42;0;
9996;5098942;1179885568;16146432;1378918400;0;0;0;0;0;0;0;0;0;0;0;2515;0;0;125;0;42;0;
9997;4637467;1179885568;16146432;1378918400;0;0;0;0;0;0;0;0;0;0;0;5100;0;0;125;0;42;0;
9998;5308655;1179885568;16146432;1378918400;0;0;0;0;0;0;0;0;0;0;0;3086;0;0;125;0;42;0;
9999;4555804;1179885568;16146432;1378918400;0;0;0;0;0;0;0;0;0;0;0;4158;0;0;125;0;42;0;
10000;5347058;1179885568;16146432;1378918400;0;0;0;0;0;0;0;0;0;0;0;4258;0;0;125;0;42;0;
10001;4384423;1179885568;16146432;1378918400;0;0;0;0;0;0;0;0;0;0;0;4238;0;0;125;0;42;0;
10002;5152082;1179885568;16146432;1378918400;0;0;0;0;0;0;0;0;0;0;0;2635;0;0;125;0;42;0;
10003;4979579;1179885568;16146432;1378918400;0;0;0;0;0;0;0;0;0;0;0;5179;0;0;125;0;42;0;
10004;4606119;1179885568;16146432;1378918400;0;0;0;0;0;0;0;0;0;0;0;2415;0;0;125;0;42;0;
10005;5229026;1179885568;16146432;1378918400;0;0;0;0;0;0;0;0;0;0;0;5009;0;0;125;0;42;0;
10006;4833314;1179885568;16146432;1378918400;0;0;0;0;0;0;0;0;0;0;0;2454;0;0;125;0;42;0;
10007;11093605;1179885568;16146432;1378918400;0;0;0;0;0;0;0;0;0;0;0;6272;0;0;125;0;42;0;
10008;4799471;1179885568;16146432;1378918400;0;0;0;0;0;0;0;0;0;0;0;2625;0;0;125;0;42;0;
10009;4376377;1179885568;16146432;1378918400;0;0;0;0;0;0;0;0;0;0;0;4728;0;0;125;0;42;0;
10010;4484921;1179885568;16146432;1378918400;0;0;0;0;0;0;0;0;0;0;0;2324;0;0;125;0;42;0;
10011;4392858;1179885568;16146432;1378918400;0;0;0;0;0;0;0;0;0;0;0;5100;0;0;125;0;42;0;
10012;4806003;1179885568;16146432;1378918400;0;0;0;0;0;0;0;0;0;0;0;2245;0;0;125;0;42;0;
10013;4154912;1179885568;16146432;1378918400;0;0;0;0;0;0;0;0;0;0;0;3617;0;0;125;0;42;0;
10014;5356165;1179885568;16146432;1378918400;0;0;0;0;0;0;0;0;0;0;0;2184;0;0;125;0;42;0;
10015;5528819;1179885568;16146432;1378918400;0;0;0;0;0;0;0;0;0;0;0;4859;0;0;125;0;42;0;
10016;4728719;1179885568;16146432;1378918400;0;0;0;0;0;0;0;0;0;0;0;2254;0;0;125;0;42;0;
10017;5132185;1179885568;16146432;1378918400;0;0;0;0;0;0;0;0;0;0;0;5259;0;0;125;0;42;0;
10018;4778662;1179885568;16146432;1378918400;0;0;0;0;0;0;0;0;0;0;0;1933;0;0;125;0;42;0;
10019;5028390;1179885568;16146432;1378918400;0;0;0;0;0;0;0;0;0;0;0;5179;0;0;125;0;42;0;
10020;5012361;1179885568;16146432;1378918400;0;0;0;0;0;0;0;0;0;0;0;2595;0;0;125;0;42;0;
10021;5415897;1179885568;16146432;1378918400;0;0;0;0;0;0;0;0;0;0;0;6402;0;0;125;0;42;0;
10022;5471461;1179885568;16146432;1378918400;0;0;0;0;0;0;0;0;0;0;0;3376;0;0;125;0;42;0;
10023;5810928;1179885568;16146432;1378918400;0;0;0;0;0;0;0;0;0;0;0;6321;0;0;125;0;42;0;
10024;5370432;1179885568;16146432;1378918400;0;0;0;0;0;0;0;0;0;0;0;4399;0;0;125;0;42;0;
10025;6082718;1179885568;16146432;1378918400;0;0;0;0;0;0;0;0;0;0;0;7294;0;0;125;0;42;0;
10026;5623516;1179885568;16146432;1378918400;0;0;0;0;0;0;0;0;0;0;0;3627;0;0;125;0;42;0;
10027;6467018;1179885568;16146432;1378918400;0;0;0;0;0;0;0;0;0;0;0;5871;0;0;125;0;42;0;
10028;6850708;1179885568;16146432;1378918400;0;0;0;0;0;0;0;0;0;0;0;2986;0;0;125;0;42;0;
10029;4693602;1179885568;16146432;1378918400;0;0;0;0;0;0;0;0;0;0;0;4969;0;0;125;0;42;0;
10030;5066521;1179885568;16146432;1378918400;0;0;0;0;0;0;0;0;0;0;0;3988;0;0;125;0;42;0;
10031;6385886;1179885568;16154624;1378926592;0;0;0;0;0;0;0;0;0;0;0;5561;0;0;125;0;42;0;
10032;4674867;1179885568;16154624;1378926592;0;0;0;0;0;0;0;0;0;0;0;3196;0;0;125;0;42;0;
10033;7447958;1179885568;16154624;1378926592;0;0;0;0;0;0;0;0;0;0;0;5781;0;0;125;0;42;0;
10034;5652331;1179885568;16154624;1378926592;0;0;0;0;0;0;0;0;0;0;0;3005;0;0;125;0;42;0;
10035;5745906;1179885568;16154624;1378926592;0;0;0;0;0;0;0;0;0;0;0;5361;0;0;125;0;42;0;
10036;5062474;1179885568;16154624;1378926592;0;0;0;0;0;0;0;0;0;0;0;3687;0;0;125;0;42;0;
10037;6276711;1179910144;16146432;1378918400;0;0;0;0;0;0;0;0;0;0;0;5992;0;0;125;0;42;0;
10038;6185711;1179910144;16146432;1378918400;0;0;0;0;0;0;0;0;0;0;0;2896;0;0;125;0;42;0;
10039;4297599;1179910144;16146432;1378918400;0;0;0;0;0;0;0;0;0;0;0;5189;0;0;125;0;42;0;
10040;6453673;1179910144;16146432;1378918400;0;0;0;0;0;0;0;0;0;0;0;4288;0;0;125;0;42;0;
10041;4617910;1179910144;16146432;1378918400;0;0;0;0;0;0;0;0;0;0;0;4989;0;0;125;0;42;0;
10042;5752719;1179910144;16146432;1378918400;0;0;0;0;0;0;0;0;0;0;0;3016;0;0;125;0;42;0;
10043;5283318;1179910144;16146432;1378918400;0;0;0;0;0;0;0;0;0;0;0;6402;0;0;125;0;42;0;
10044;4847311;1179910144;16146432;1378918400;0;0;0;0;0;0;0;0;0;0;0;2144;0;0;125;0;42;0;
10045;4078649;1179910144;16146432;1378918400;0;0;0;0;0;0;0;0;0;0;0;4869;0;0;125;0;42;0;
10046;5754863;1179910144;16146432;1378918400;0;0;0;0;0;0;0;0;0;0;0;4629;0;0;125;0;42;0;
10047;4277922;1179910144;16146432;1378918400;0;0;0;0;0;0;0;0;0;0;0;4318;0;0;125;0;42;0;
10048;4575541;1179910144;16146432;1378918400;0;0;0;0;0;0;0;0;0;0;0;2725;0;0;125;0;42;0;
10049;5083424;1179910144;16146432;1378918400;0;0;0;0;0;0;0;0;0;0;0;4528;0;0;125;0;42;0;
10050;4554622;1179910144;16146432;1378918400;0;0;0;0;0;0;0;0;0;0;0;2324;0;0;125;0;42;0;
10051;5561971;1179910144;16146432;1378918400;0;0;0;0;0;0;0;0;0;0;0;6412;0;0;125;0;42;0;
10052;4860435;1179910144;16146432;1378918400;0;0;0;0;0;0;0;0;0;0;0;3717;0;0;125;0;42;0;
10053;5699027;1179910144;16146432;1378918400;0;0;0;0;0;0;0;0;0;0;0;4789;0;0;125;0;42;0;
10054;4980981;1179910144;16146432;1378918400;0;0;0;0;0;0;0;0;0;0;0;3486;0;0;125;0;42;0;
10055;4241584;1179910144;16146432;1378918400;0;0;0;0;0;0;0;0;0;0;0;13956;0;0;125;0;42;0;
10056;5055340;1179910144;16146432;1378918400;0;0;0;0;0;0;0;0;0;0;0;2445;0;0;125;0;42;0;
10057;4370185;1179910144;16146432;1378918400;0;0;0;0;0;0;0;0;0;0;0;4830;0;0;125;0;42;0;
10058;6904068;1179910144;16146432;1378918400;0;0;0;0;0;0;0;0;0;0;0;3105;0;0;125;0;42;0;
10059;5068045;1179910144;16146432;1378918400;0;0;0;0;0;0;0;0;0;0;0;5460;0;0;125;0;42;0;
10060;4825650;1179910144;16146432;1378918400;0;0;0;0;0;0;0;0;0;0;0;2254;0;0;125;0;42;0;
10061;4804881;1179910144;16146432;1378918400;0;0;0;0;0;0;0;0;0;0;0;5049;0;0;125;0;42;0;
10062;5407892;1179910144;16146432;1378918400;0;0;0;0;0;0;0;0;0;0;0;2094;0;0;125;0;42;0;
10063;5383376;1179910144;16146432;1378918400;0;0;0;0;0;0;0;0;0;0;0;6001;0;0;125;0;42;0;
10064;4652595;1179910144;16146432;1378918400;0;0;0;0;0;0;0;0;0;0;0;2145;0;0;125;0;42;0;
10065;6825160;1179910144;16146432;1378918400;0;0;0;0;0;0;0;0;0;0;0;10900;0;0;125;0;42;0;
10066;5304518;1179910144;16146432;1378918400;0;0;0;0;0;0;0;0;0;0;0;3136;0;0;125;0;42;0;
10067;5942354;1179910144;16146432;1378918400;0;0;0;0;0;0;0;0;0;0;0;5090;0;0;125;0;42;0;
10068;4864302;1179910144;16146432;1378918400;0;0;0;0;0;0;0;0;0;0;0;2114;0;0;125;0;42;0;
10069;4132690;1179910144;16146432;1378918400;0;0;0;0;0;0;0;0;0;0;0;5370;0;0;125;0;42;0;
10070;5552794;1179910144;16146432;1378918400;0;0;0;0;0;0;0;0;0;0;0;2285;0;0;125;0;42;0;
10071;4595809;1179910144;16146432;1378918400;0;0;0;0;0;0;0;0;0;0;0;5470;0;0;125;0;42;0;
10072;5173893;1179910144;16146432;1378918400;0;0;0;0;0;0;0;0;0;0;0;2716;0;0;125;0;42;0;
10073;5615351;1179910144;16146432;1378918400;0;0;0;0;0;0;0;0;0;0;0;5610;0;0;125;0;42;0;
10074;4416392;1179910144;16146432;1378918400;0;0;0;0;0;0;0;0;0;0;0;2395;0;0;125;0;42;0;
10075;4392417;1179910144;16146432;1378918400;0;0;0;0;0;0;0;0;0;0;0;2275;0;0;125;0;42;0;
10076;4506672;1179910144;16146432;1378918400;0;0;0;0;0;0;0;0;0;0;0;1884;0;0;125;0;42;0;
10077;2496762;1179910144;16146432;1378918400;0;0;0;0;0;0;0;0;0;0;0;2625;0;0;125;0;42;0;
10078;4749807;1179910144;16146432;1378918400;0;0;0;0;0;0;0;0;0;0;0;2114;0;0;125;0;42;0;
10079;3570305;1179910144;16146432;1378918400;0;0;0;0;0;0;0;0;0;0;0;3326;0;0;125;0;42;0;
10080;5356335;1179910144;16146432;1378918400;0;0;0;0;0;0;0;0;0;0;0;2845;0;0;125;0;42;0;
10081;4111831;1179910144;16146432;1378918400;0;0;0;0;0;0;0;0;0;0;0;2335;0;0;125;0;42;0;
10082;4288051;1179910144;16146432;1378918400;0;0;0;0;0;0;0;0;0;0;0;2274;0;0;125;0;42;0;
10083;3459738;1179910144;16146432;1378918400;0;0;0;0;0;0;0;0;0;0;0;2865;0;0;125;0;42;0;
10084;4753033;1179910144;16146432;1378918400;0;0;0;0;0;0;0;0;0;0;0;2024;0;0;125;0;42;0;
10085;3451342;1179910144;16146432;1378918400;0;0;0;0;0;0;0;0;0;0;0;2234;0;0;125;0;42;0;
10086;4894048;1179910144;16146432;1378918400;0;0;0;0;0;0;0;0;0;0;0;2315;0;0;125;0;42;0;
10087;3714346;1179910144;16146432;1378918400;0;0;0;0;0;0;0;0;0;0;0;2415;0;0;125;0;42;0;
10088;4594947;1179910144;16146432;1378918400;0;0;0;0;0;0;0;0;0;0;0;2244;0;0;125;0;42;0;
10089;3229326;1179910144;16146432;1378918400;0;0;0;0;0;0;0;0;0;0;0;2464;0;0;125;0;42;0;
10090;4823085;1179910144;16146432;1378918400;0;0;0;0;0;0;0;0;0;0;0;2013;0;0;125;0;42;0;
10091;3168592;1179910144;16146432;1378918400;0;0;0;0;0;0;0;0;0;0;0;2415;0;0;125;0;42;0;
10092;4517472;1179910144;16146432;1378918400;0;0;0;0;0;0;0;0;0;0;0;1953;0;0;125;0;42;0;
10093;3109381;1179910144;16146432;1378918400;0;0;0;0;0;0;0;0;0;0;0;2745;0;0;125;0;42;0;
10094;4307879;1179910144;16146432;1378918400;0;0;0;0;0;0;0;0;0;0;0;2134;0;0;125;0;42;0;
10095;3184713;1179910144;16146432;1378918400;0;0;0;0;0;0;0;0;0;0;0;3006;0;0;125;0;42;0;
10096;4648558;1179910144;16146432;1378918400;0;0;0;0;0;0;0;0;0;0;0;2064;0;0;125;0;42;0;
10097;3491017;1179910144;16146432;1378918400;0;0;0;0;0;0;0;0;0;0;0;3216;0;0;125;0;42;0;
10098;4984939;1179910144;16146432;1378918400;0;0;0;0;0;0;0;0;0;0;0;2845;0;0;125;0;42;0;
10099;4267764;1179910144;16146432;1378918400;0;0;0;0;0;0;0;0;0;0;0;3828;0;0;125;0;42;0;
10100;4986612;1179910144;16146432;1378918400;0;0;0;0;0;0;0;0;0;0;0;2915;0;0;125;0;42;0;
10101;4756530;1179910144;16146432;1378918400;0;0;0;0;0;0;0;0;0;0;0;3717;0;0;125;0;42;0;
10102;4611217;1179910144;16146432;1378918400;0;0;0;0;0;0;0;0;0;0;0;2735;0;0;125;0;42;0;
10103;3513870;1179910144;16146432;1378918400;0;0;0;0;0;0;0;0;0;0;0;3065;0;0;125;0;42;0;
10104;5468134;1179910144;16146432;1378918400;0;0;0;0;0;0;0;0;0;0;0;1913;0;0;125;0;42;0;
10105;2508103;1179910144;16146432;1378918400;0;0;0;0;0;0;0;0;0;0;0;2394;0;0;125;0;42;0;
10106;4667283;1179910144;16146432;1378918400;0;0;0;0;0;0;0;0;0;0;0;2204;0;0;125;0;42;0;
10107;3419302;1179910144;16146432;1378918400;0;0;0;0;0;0;0;0;0;0;0;3466;0;0;125;0;42;0;
10108;4668465;1179910144;16146432;1378918400;0;0;0;0;0;0;0;0;0;0;0;2234;0;0;125;0;42;0;
10109;3887080;1179910144;16146432;1378918400;0;0;0;0;0;0;0;0;0;0;0;3507;0;0;125;0;42;0;
10110;4750780;1179910144;16146432;1378918400;0;0;0;0;0;0;0;0;0;0;0;3237;0;0;125;0;42;0;
10111;4557747;1179910144;16146432;1378918400;0;0;0;0;0;0;0;0;0;0;0;3837;0;0;125;0;42;0;
10112;5476090;1179910144;16146432;1378918400;0;0;0;0;0;0;0;0;0;0;0;2164;0;0;125;0;42;0;
10113;3009554;1179910144;16146432;1378918400;0;0;0;0;0;0;0;0;0;0;0;2745;0;0;125;0;42;0;
10114;5101787;1179910144;16146432;1378918400;0;0;0;0;0;0;0;0;0;0;0;1863;0;0;125;0;42;0;
10115;3090045;1179910144;16146432;1378918400;0;0;0;0;0;0;0;0;0;0;0;2294;0;0;125;0;42;0;
10116;5030715;1179910144;16146432;1378918400;0;0;0;0;0;0;0;0;0;0;0;2064;0;0;125;0;42;0;
10117;3545980;1179910144;16146432;1378918400;0;0;0;0;0;0;0;0;0;0;0;2084;0;0;125;0;42;0;
10118;4943571;1179910144;16146432;1378918400;0;0;0;0;0;0;0;0;0;0;0;2735;0;0;125;0;42;0;
10119;4083628;1179910144;16146432;1378918400;0;0;0;0;0;0;0;0;0;0;0;4699;0;0;125;0;42;0;
10120;4563618;1179910144;16146432;1378918400;0;0;0;0;0;0;0;0;0;0;0;2404;0;0;125;0;42;0;
10121;5030885;1179910144;16146432;1378918400;0;0;0;0;0;0;0;0;0;0;0;5711;0;0;125;0;42;0;
10122;5355985;1179910144;16146432;1378918400;0;0;0;0;0;0;0;0;0;0;0;3256;0;0;125;0;42;0;
10123;4841099;1179910144;16146432;1378918400;0;0;0;0;0;0;0;0;0;0;0;3146;0;0;125;0;42;0;
10124;4839926;1179910144;16146432;1378918400;0;0;0;0;0;0;0;0;0;0;0;2434;0;0;125;0;42;0;
10125;3487200;1179910144;16146432;1378918400;0;0;0;0;0;0;0;0;0;0;0;2595;0;0;125;0;42;0;
10126;4737925;1179910144;16146432;1378918400;0;0;0;0;0;0;0;0;0;0;0;2295;0;0;125;0;42;0;
10127;4310244;1179910144;16146432;1378918400;0;0;0;0;0;0;0;0;0;0;0;3777;0;0;125;0;42;0;
10128;4612060;1179910144;16146432;1378918400;0;0;0;0;0;0;0;0;0;0;0;2745;0;0;125;0;42;0;
10129;4473449;1179910144;16146432;1378918400;0;0;0;0;0;0;0;0;0;0;0;3487;0;0;125;0;42;0;
10130;5369590;1179910144;16146432;1378918400;0;0;0;0;0;0;0;0;0;0;0;2806;0;0;125;0;42;0;
10131;4060755;1179910144;16146432;1378918400;0;0;0;0;0;0;0;0;0;0;0;2725;0;0;125;0;42;0;
10132;5230099;1179910144;16146432;1378918400;0;0;0;0;0;0;0;0;0;0;0;1954;0;0;125;0;42;0;
10133;3938406;1179910144;16146432;1378918400;0;0;0;0;0;0;0;0;0;0;0;3196;0;0;125;0;42;0;
10134;4996630;1179910144;16146432;1378918400;0;0;0;0;0;0;0;0;0;0;0;1894;0;0;125;0;42;0;
10135;2883267;1179910144;16146432;1378918400;0;0;0;0;0;0;0;0;0;0;0;2003;0;0;125;0;42;0;
10136;4812395;1179910144;16146432;1378918400;0;0;0;0;0;0;0;0;0;0;0;2315;0;0;125;0;42;0;
10137;3234576;1179910144;16154624;1378926592;0;0;0;0;0;0;0;0;0;0;0;1883;0;0;125;0;42;0;
10138;4695546;1179910144;16154624;1378926592;0;0;0;0;0;0;0;0;0;0;0;2033;0;0;125;0;42;0;
10139;3114731;1179910144;16154624;1378926592;0;0;0;0;0;0;0;0;0;0;0;2755;0;0;125;0;42;0;
10140;4555313;1179910144;16154624;1378926592;0;0;0;0;0;0;0;0;0;0;0;1843;0;0;125;0;42;0;
10141;3442135;1179910144;16154624;1378926592;0;0;0;0;0;0;0;0;0;0;0;3046;0;0;125;0;42;0;
10142;4674336;1179910144;16154624;1378926592;0;0;0;0;0;0;0;0;0;0;0;1953;0;0;125;0;42;0;
10143;2982484;1180008448;16146432;1378918400;0;0;0;0;0;0;0;0;0;0;0;2574;0;0;125;0;42;0;
10144;4700095;1180008448;16146432;1378918400;0;0;0;0;0;0;0;0;0;0;0;2004;0;0;125;0;42;0;
10145;3072422;1180008448;16146432;1378918400;0;0;0;0;0;0;0;0;0;0;0;2565;0;0;125;0;42;0;
10146;4494729;1180008448;16146432;1378918400;0;0;0;0;0;0;0;0;0;0;0;2094;0;0;125;0;42;0;
10147;3870249;1180008448;16146432;1378918400;0;0;0;0;0;0;0;0;0;0;0;3056;0;0;125;0;42;0;
10148;4540956;1180008448;16146432;1378918400;0;0;0;0;0;0;0;0;0;0;0;2996;0;0;125;0;42;0;
10149;4857159;1180008448;16146432;1378918400;0;0;0;0;0;0;0;0;0;0;0;3015;0;0;125;0;42;0;
10150;4724140;1180008448;16146432;1378918400;0;0;0;0;0;0;0;0;0;0;0;2284;0;0;125;0;42;0;
10151;3060740;1180008448;16146432;1378918400;0;0;0;0;0;0;0;0;0;0;0;2485;0;0;125;0;42;0;
10152;4327957;1180008448;16146432;1378918400;0;0;0;0;0;0;0;0;0;0;0;2023;0;0;125;0;42;0;
10153;3806579;1180008448;16146432;1378918400;0;0;0;0;0;0;0;0;0;0;0;2435;0;0;125;0;42;0;
10154;5052976;1180008448;16146432;1378918400;0;0;0;0;0;0;0;0;0;0;0;1964;0;0;125;0;42;0;
10155;3695551;1180008448;16146432;1378918400;0;0;0;0;0;0;0;0;0;0;0;2745;0;0;125;0;42;0;
10156;4785494;1180008448;16146432;1378918400;0;0;0;0;0;0;0;0;0;0;0;2214;0;0;125;0;42;0;
10157;3175155;1180008448;16146432;1378918400;0;0;0;0;0;0;0;0;0;0;0;2104;0;0;125;0;42;0;
10158;5040694;1180008448;16146432;1378918400;0;0;0;0;0;0;0;0;0;0;0;2795;0;0;125;0;42;0;
10159;3695340;1180008448;16146432;1378918400;0;0;0;0;0;0;0;0;0;0;0;2435;0;0;125;0;42;0;
10160;4596861;1180008448;16146432;1378918400;0;0;0;0;0;0;0;0;0;0;0;2114;0;0;125;0;42;0;
10161;3841184;1180008448;16146432;1378918400;0;0;0;0;0;0;0;0;0;0;0;2394;0;0;125;0;42;0;
10162;4788350;1180008448;16146432;1378918400;0;0;0;0;0;0;0;0;0;0;0;1983;0;0;125;0;42;0;
10163;3271235;1180008448;16146432;1378918400;0;0;0;0;0;0;0;0;0;0;0;2504;0;0;125;0;42;0;
10164;4585360;1180008448;16146432;1378918400;0;0;0;0;0;0;0;0;0;0;0;1934;0;0;125;0;42;0;
10165;2938391;1180008448;16146432;1378918400;0;0;0;0;0;0;0;0;0;0;0;2335;0;0;125;0;42;0;
10166;4496082;1180008448;16146432;1378918400;0;0;0;0;0;0;0;0;0;0;0;2114;0;0;125;0;42;0;
10167;2593233;1180008448;16146432;1378918400;0;0;0;0;0;0;0;0;0;0;0;3026;0;0;125;0;42;0;
10168;4472168;1180008448;16146432;1378918400;0;0;0;0;0;0;0;0;0;0;0;2355;0;0;125;0;42;0;
10169;3258621;1180008448;16146432;1378918400;0;0;0;0;0;0;0;0;0;0;0;2505;0;0;125;0;42;0;
10170;4359506;1180008448;16146432;1378918400;0;0;0;0;0;0;0;0;0;0;0;1923;0;0;125;0;42;0;
10171;2884009;1180008448;16146432;1378918400;0;0;0;0;0;0;0;0;0;0;0;2645;0;0;125;0;42;0;
10172;4548190;1180008448;16146432;1378918400;0;0;0;0;0;0;0;0;0;0;0;2034;0;0;125;0;42;0;
10173;3567280;1180008448;16146432;1378918400;0;0;0;0;0;0;0;0;0;0;0;2725;0;0;125;0;42;0;
10174;4885853;1180008448;16146432;1378918400;0;0;0;0;0;0;0;0;0;0;0;1953;0;0;125;0;42;0;
10175;2864001;1180008448;16146432;1378918400;0;0;0;0;0;0;0;0;0;0;0;2565;0;0;125;0;42;0;
10176;4570621;1180008448;16146432;1378918400;0;0;0;0;0;0;0;0;0;0;0;2124;0;0;125;0;42;0;
10177;3202686;1180008448;16146432;1378918400;0;0;0;0;0;0;0;0;0;0;0;2405;0;0;125;0;42;0;
10178;5074867;1180008448;16146432;1378918400;0;0;0;0;0;0;0;0;0;0;0;13545;0;0;125;0;42;0;
10179;3589842;1180008448;16146432;1378918400;0;0;0;0;0;0;0;0;0;0;0;2264;0;0;125;0;42;0;
10180;4655822;1180008448;16146432;1378918400;0;0;0;0;0;0;0;0;0;0;0;2264;0;0;125;0;42;0;
10181;4376948;1180008448;16146432;1378918400;0;0;0;0;0;0;0;0;0;0;0;3135;0;0;125;0;42;0;
10182;5971659;1180008448;16146432;1378918400;0;0;0;0;0;0;0;0;0;0;0;2826;0;0;125;0;42;0;
10183;4152207;1180008448;16146432;1378918400;0;0;0;0;0;0;0;0;0;0;0;3467;0;0;125;0;42;0;
10184;4573327;1180008448;16146432;1378918400;0;0;0;0;0;0;0;0;0;0;0;3056;0;0;125;0;42;0;
10185;3635608;1180008448;16146432;1378918400;0;0;0;0;0;0;0;0;0;0;0;2795;0;0;125;0;42;0;
10186;4934104;1180008448;16146432;1378918400;0;0;0;0;0;0;0;0;0;0;0;2134;0;0;125;0;42;0;
10187;3483763;1180008448;16146432;1378918400;0;0;0;0;0;0;0;0;0;0;0;3286;0;0;125;0;42;0;
10188;4427684;1180008448;16146432;1378918400;0;0;0;0;0;0;0;0;0;0;0;1934;0;0;125;0;42;0;
10189;2360166;1180008448;16146432;1378918400;0;0;0;0;0;0;0;0;0;0;0;2495;0;0;125;0;42;0;
10190;4588054;1180008448;16146432;1378918400;0;0;0;0;0;0;0;0;0;0;0;1974;0;0;125;0;42;0;
10191;2889599;1180008448;16146432;1378918400;0;0;0;0;0;0;0;0;0;0;0;2655;0;0;125;0;42;0;
10192;4956766;1180008448;16146432;1378918400;0;0;0;0;0;0;0;0;0;0;0;2064;0;0;125;0;42;0;
10193;2629691;1180008448;16146432;1378918400;0;0;0;0;0;0;0;0;0;0;0;2515;0;0;125;0;42;0;
10194;4949442;1180008448;16146432;1378918400;0;0;0;0;0;0;0;0;0;0;0;1974;0;0;125;0;42;0;
10195;5071922;1180008448;16146432;1378918400;0;0;0;0;0;0;0;0;0;0;0;3567;0;0;125;0;42;0;
10196;5472834;1180008448;16146432;1378918400;0;0;0;0;0;0;0;0;0;0;0;2815;0;0;125;0;42;0;
10197;4660320;1180008448;16146432;1378918400;0;0;0;0;0;0;0;0;0;0;0;3166;0;0;125;0;42;0;
10198;4427423;1180008448;16146432;1378918400;0;0;0;0;0;0;0;0;0;0;0;2234;0;0;125;0;42;0;
10199;3904683;1180008448;16146432;1378918400;0;0;0;0;0;0;0;0;0;0;0;12743;0;0;125;0;42;0;
10200;4406745;1180008448;16146432;1378918400;0;0;0;0;0;0;0;0;0;0;0;2124;0;0;125;0;42;0;
10201;3943245;1180008448;16146432;1378918400;0;0;0;0;0;0;0;0;0;0;0;2485;0;0;125;0;42;0;
10202;4833534;1180008448;16146432;1378918400;0;0;0;0;0;0;0;0;0;0;0;2274;0;0;125;0;42;0;
10203;3157412;1180008448;16146432;1378918400;0;0;0;0;0;0;0;0;0;0;0;2024;0;0;125;0;42;0;
10204;4441299;1180008448;16146432;1378918400;0;0;0;0;0;0;0;0;0;0;0;1974;0;0;125;0;42;0;
10205;2920517;1180008448;16146432;1378918400;0;0;0;0;0;0;0;0;0;0;0;2534;0;0;125;0;42;0;
10206;4693011;1180008448;16146432;1378918400;0;0;0;0;0;0;0;0;0;0;0;1974;0;0;125;0;42;0;
10207;2692680;1180008448;16146432;1378918400;0;0;0;0;0;0;0;0;0;0;0;2184;0;0;125;0;42;0;
10208;4628891;1180008448;16146432;1378918400;0;0;0;0;0;0;0;0;0;0;0;2114;0;0;125;0;42;0;
10209;2907373;1180008448;16146432;1378918400;0;0;0;0;0;0;0;0;0;0;0;2645;0;0;125;0;42;0;
10210;5151621;1180008448;16146432;1378918400;0;0;0;0;0;0;0;0;0;0;0;2074;0;0;125;0;42;0;
10211;2583765;1180008448;16146432;1378918400;0;0;0;0;0;0;0;0;0;0;0;2305;0;0;125;0;42;0;
10212;4639420;1180008448;16146432;1378918400;0;0;0;0;0;0;0;0;0;0;0;1904;0;0;125;0;42;0;
10213;3294057;1180008448;16146432;1378918400;0;0;0;0;0;0;0;0;0;0;0;2264;0;0;125;0;42;0;
10214;4821943;1180008448;16146432;1378918400;0;0;0;0;0;0;0;0;0;0;0;2134;0;0;125;0;42;0;
10215;2566553;1180008448;16146432;1378918400;0;0;0;0;0;0;0;0;0;0;0;2605;0;0;125;0;42;0;
10216;5276576;1180008448;16146432;1378918400;0;0;0;0;0;0;0;0;0;0;0;1924;0;0;125;0;42;0;
10217;2683963;1180008448;16146432;1378918400;0;0;0;0;0;0;0;0;0;0;0;2335;0;0;125;0;42;0;
10218;4978687;1180008448;16146432;1378918400;0;0;0;0;0;0;0;0;0;0;0;1904;0;0;125;0;42;0;
10219;2527229;1180008448;16146432;1378918400;0;0;0;0;0;0;0;0;0;0;0;2805;0;0;125;0;42;0;
10220;5089105;1180008448;16146432;1378918400;0;0;0;0;0;0;0;0;0;0;0;1964;0;0;125;0;42;0;
10221;3388104;1180008448;16146432;1378918400;0;0;0;0;0;0;0;0;0;0;0;2464;0;0;125;0;42;0;
10222;5251608;1180008448;16146432;1378918400;0;0;0;0;0;0;0;0;0;0;0;2124;0;0;125;0;42;0;
10223;4049203;1180008448;16146432;1378918400;0;0;0;0;0;0;0;0;0;0;0;2875;0;0;125;0;42;0;
10224;5348210;1180008448;16146432;1378918400;0;0;0;0;0;0;0;0;0;0;0;3146;0;0;125;0;42;0;
10225;3496948;1180008448;16146432;1378918400;0;0;0;0;0;0;0;0;0;0;0;2254;0;0;125;0;42;0;
10226;5366103;1180008448;16146432;1378918400;0;0;0;0;0;0;0;0;0;0;0;2174;0;0;125;0;42;0;
10227;2761650;1180008448;16146432;1378918400;0;0;0;0;0;0;0;0;0;0;0;2103;0;0;125;0;42;0;
10228;10071198;1180008448;16146432;1378918400;0;0;0;0;0;0;0;0;0;0;0;2685;0;0;125;0;42;0;
10229;6089861;1180008448;16146432;1378918400;0;0;0;0;0;0;0;0;0;0;0;7274;0;0;125;0;42;0;
10230;5365082;1180008448;16146432;1378918400;0;0;0;0;0;0;0;0;0;0;0;4238;0;0;125;0;42;0;
10231;5820215;1180008448;16146432;1378918400;0;0;0;0;0;0;0;0;0;0;0;5620;0;0;125;0;42;0;
10232;5725878;1180008448;16146432;1378918400;0;0;0;0;0;0;0;0;0;0;0;2886;0;0;125;0;42;0;
10233;6677182;1180008448;16146432;1378918400;0;0;0;0;0;0;0;0;0;0;0;6291;0;0;125;0;42;0;
10234;5154987;1180008448;16146432;1378918400;0;0;0;0;0;0;0;0;0;0;0;3326;0;0;125;0;42;0;
10235;6063461;1180008448;16146432;1378918400;0;0;0;0;0;0;0;0;0;0;0;5210;0;0;125;0;42;0;
10236;5494875;1180008448;16146432;1378918400;0;0;0;0;0;0;0;0;0;0;0;3837;0;0;125;0;42;0;
10237;5925572;1180008448;16146432;1378918400;0;0;0;0;0;0;0;0;0;0;0;5450;0;0;125;0;42;0;
10238;5062314;1180008448;16146432;1378918400;0;0;0;0;0;0;0;0;0;0;0;4098;0;0;125;0;42;0;
10239;5463246;1180008448;16146432;1378918400;0;0;0;0;0;0;0;0;0;0;0;5230;0;0;125;0;42;0;
10240;5058276;1180008448;16146432;1378918400;0;0;0;0;0;0;0;0;0;0;0;3647;0;0;125;0;42;0;
10241;6077588;1180008448;16146432;1378918400;0;0;0;0;0;0;0;0;0;0;0;5881;0;0;125;0;42;0;
10242;5088342;1180008448;16146432;1378918400;0;0;0;0;0;0;0;0;0;0;0;3136;0;0;125;0;42;0;
10243;6699935;1180008448;16146432;1378918400;0;0;0;0;0;0;0;0;0;0;0;5921;0;0;125;0;42;0;
10244;5201866;1180008448;16146432;1378918400;0;0;0;0;0;0;0;0;0;0;0;3086;0;0;125;0;42;0;
10245;6119156;1180008448;16146432;1378918400;0;0;0;0;0;0;0;0;0;0;0;5951;0;0;125;0;42;0;
10246;5552033;1180008448;16146432;1378918400;0;0;0;0;0;0;0;0;0;0;0;3296;0;0;125;0;42;0;
10247;6634773;1180008448;16146432;1378918400;0;0;0;0;0;0;0;0;0;0;0;5621;0;0;125;0;42;0;
10248;4949973;1180008448;16146432;1378918400;0;0;0;0;0;0;0;0;0;0;0;3126;0;0;125;0;42;0;
10249;6257264;1180008448;16146432;1378918400;0;0;0;0;0;0;0;0;0;0;0;5611;0;0;125;0;42;0;
10250;6076836;1180008448;16146432;1378918400;0;0;0;0;0;0;0;0;0;0;0;3216;0;0;125;0;42;0;
10251;6053372;1180008448;16146432;1378918400;0;0;0;0;0;0;0;0;0;0;0;5991;0;0;125;0;42;0;
10252;5547604;1180008448;16146432;1378918400;0;0;0;0;0;0;0;0;0;0;0;2845;0;0;125;0;42;0;
10253;6806174;1180008448;16146432;1378918400;0;0;0;0;0;0;0;0;0;0;0;6632;0;0;125;0;42;0;
10254;6546677;1180008448;16146432;1378918400;0;0;0;0;0;0;0;0;0;0;0;5119;0;0;125;0;42;0;
10255;6564291;1180008448;16146432;1378918400;0;0;0;0;0;0;0;0;0;0;0;5150;0;0;125;0;42;0;
10256;5263672;1180008448;16146432;1378918400;0;0;0;0;0;0;0;0;0;0;0;3927;0;0;125;0;42;0;
10257;5965617;1180008448;16146432;1378918400;0;0;0;0;0;0;0;0;0;0;0;5210;0;0;125;0;42;0;
10258;5246710;1180008448;16146432;1378918400;0;0;0;0;0;0;0;0;0;0;0;3667;0;0;125;0;42;0;
10259;4635844;1180008448;16146432;1378918400;0;0;0;0;0;0;0;0;0;0;0;4308;0;0;125;0;42;0;
10260;4984638;1180008448;16146432;1378918400;0;0;0;0;0;0;0;0;0;0;0;2755;0;0;125;0;42;0;
10261;6513896;1180008448;16146432;1378918400;0;0;0;0;0;0;0;0;0;0;0;5891;0;0;125;0;42;0;
10262;5139018;1180008448;16146432;1378918400;0;0;0;0;0;0;0;0;0;0;0;3206;0;0;125;0;42;0;
10263;5646419;1180008448;16146432;1378918400;0;0;0;0;0;0;0;0;0;0;0;5881;0;0;125;0;42;0;
10264;5502089;1180008448;16146432;1378918400;0;0;0;0;0;0;0;0;0;0;0;3546;0;0;125;0;42;0;
10265;6238169;1180008448;16146432;1378918400;0;0;0;0;0;0;0;0;0;0;0;5120;0;0;125;0;42;0;
10266;5565016;1180008448;16146432;1378918400;0;0;0;0;0;0;0;0;0;0;0;3727;0;0;125;0;42;0;
10267;6386177;1180008448;16146432;1378918400;0;0;0;0;0;0;0;0;0;0;0;5981;0;0;125;0;42;0;
10268;5125723;1180008448;16146432;1378918400;0;0;0;0;0;0;0;0;0;0;0;3317;0;0;125;0;42;0;
10269;6012376;1180008448;16146432;1378918400;0;0;0;0;0;0;0;0;0;0;0;6352;0;0;125;0;42;0;
10270;5068796;1180008448;16146432;1378918400;0;0;0;0;0;0;0;0;0;0;0;3617;0;0;125;0;42;0;
10271;6373283;1180008448;16146432;1378918400;0;0;0;0;0;0;0;0;0;0;0;7143;0;0;125;0;42;0;
10272;5799767;1180008448;16146432;1378918400;0;0;0;0;0;0;0;0;0;0;0;3677;0;0;125;0;42;0;
10273;6130366;1180008448;16146432;1378918400;0;0;0;0;0;0;0;0;0;0;0;6782;0;0;125;0;42;0;
10274;4936497;1180008448;16146432;1378918400;0;0;0;0;0;0;0;0;0;0;0;3947;0;0;125;0;42;0;
10275;6226588;1180008448;16146432;1378918400;0;0;0;0;0;0;0;0;0;0;0;6262;0;0;125;0;42;0;
10276;5301603;1180008448;16146432;1378918400;0;0;0;0;0;0;0;0;0;0;0;3507;0;0;125;0;42;0;
10277;5553044;1180008448;16146432;1378918400;0;0;0;0;0;0;0;0;0;0;0;6512;0;0;125;0;42;0;
10278;5899273;1180008448;16146432;1378918400;0;0;0;0;0;0;0;0;0;0;0;3627;0;0;125;0;42;0;
10279;6333007;1180008448;16146432;1378918400;0;0;0;0;0;0;0;0;0;0;0;6963;0;0;125;0;42;0;
10280;6001946;1180008448;16146432;1378918400;0;0;0;0;0;0;0;0;0;0;0;3858;0;0;125;0;42;0;
10281;5721410;1180008448;16146432;1378918400;0;0;0;0;0;0;0;0;0;0;0;6092;0;0;125;0;42;0;
10282;4980530;1180008448;16146432;1378918400;0;0;0;0;0;0;0;0;0;0;0;2916;0;0;125;0;42;0;
10283;5842758;1180008448;16146432;1378918400;0;0;0;0;0;0;0;0;0;0;0;6121;0;0;125;0;42;0;
10284;5625340;1180008448;16146432;1378918400;0;0;0;0;0;0;0;0;0;0;0;2935;0;0;125;0;42;0;
10285;5798755;1180008448;16146432;1378918400;0;0;0;0;0;0;0;0;0;0;0;6632;0;0;125;0;42;0;
10286;6062930;1180008448;16146432;1378918400;0;0;0;0;0;0;0;0;0;0;0;12554;0;0;125;0;42;0;
10287;5311702;1180008448;16146432;1378918400;0;0;0;0;0;0;0;0;0;0;0;5701;0;0;125;0;42;0;
10288;5588030;1180008448;16146432;1378918400;0;0;0;0;0;0;0;0;0;0;0;3867;0;0;125;0;42;0;
10289;5740205;1180008448;16146432;1378918400;0;0;0;0;0;0;0;0;0;0;0;6422;0;0;125;0;42;0;
10290;5148836;1180008448;16146432;1378918400;0;0;0;0;0;0;0;0;0;0;0;3536;0;0;125;0;42;0;
10291;6301317;1180008448;16146432;1378918400;0;0;0;0;0;0;0;0;0;0;0;5811;0;0;125;0;42;0;
10292;6005051;1180008448;16146432;1378918400;0;0;0;0;0;0;0;0;0;0;0;4128;0;0;125;0;42;0;
10293;6181502;1180008448;16146432;1378918400;0;0;0;0;0;0;0;0;0;0;0;5901;0;0;125;0;42;0;
10294;4822454;1180008448;16146432;1378918400;0;0;0;0;0;0;0;0;0;0;0;2996;0;0;125;0;42;0;
10295;7148867;1180008448;16146432;1378918400;0;0;0;0;0;0;0;0;0;0;0;4960;0;0;125;0;42;0;
10296;5184684;1180008448;16146432;1378918400;0;0;0;0;0;0;0;0;0;0;0;3447;0;0;125;0;42;0;
10297;5760313;1180008448;16146432;1378918400;0;0;0;0;0;0;0;0;0;0;0;6112;0;0;125;0;42;0;
10298;5346597;1180008448;16146432;1378918400;0;0;0;0;0;0;0;0;0;0;0;3677;0;0;125;0;42;0;
10299;5737951;1180008448;16146432;1378918400;0;0;0;0;0;0;0;0;0;0;0;6322;0;0;125;0;42;0;
10300;5521274;1180008448;16146432;1378918400;0;0;0;0;0;0;0;0;0;0;0;3036;0;0;125;0;42;0;
10301;6243900;1180008448;16146432;1378918400;0;0;0;0;0;0;0;0;0;0;0;6221;0;0;125;0;42;0;
10302;4925097;1180008448;16146432;1378918400;0;0;0;0;0;0;0;0;0;0;0;3687;0;0;125;0;42;0;
10303;5759581;1180008448;16146432;1378918400;0;0;0;0;0;0;0;0;0;0;0;5821;0;0;125;0;42;0;
10304;5621252;1180008448;16146432;1378918400;0;0;0;0;0;0;0;0;0;0;0;3757;0;0;125;0;42;0;
10305;5479436;1180008448;16146432;1378918400;0;0;0;0;0;0;0;0;0;0;0;6222;0;0;125;0;42;0;
10306;5565458;1180008448;16146432;1378918400;0;0;0;0;0;0;0;0;0;0;0;3386;0;0;125;0;42;0;
10307;6348085;1180008448;16146432;1378918400;0;0;0;0;0;0;0;0;0;0;0;6102;0;0;125;0;42;0;
10308;5171087;1180008448;16146432;1378918400;0;0;0;0;0;0;0;0;0;0;0;2866;0;0;125;0;42;0;
10309;5688669;1180008448;16146432;1378918400;0;0;0;0;0;0;0;0;0;0;0;5751;0;0;125;0;42;0;
10310;5667579;1180008448;16146432;1378918400;0;0;0;0;0;0;0;0;0;0;0;3226;0;0;125;0;42;0;
10311;5701112;1180008448;16146432;1378918400;0;0;0;0;0;0;0;0;0;0;0;4659;0;0;125;0;42;0;
10312;4972405;1180008448;16146432;1378918400;0;0;0;0;0;0;0;0;0;0;0;3045;0;0;125;0;42;0;
10313;5803424;1180008448;16146432;1378918400;0;0;0;0;0;0;0;0;0;0;0;6041;0;0;125;0;42;0;
10314;4950424;1180008448;16146432;1378918400;0;0;0;0;0;0;0;0;0;0;0;3507;0;0;125;0;42;0;
10315;6021403;1180008448;16146432;1378918400;0;0;0;0;0;0;0;0;0;0;0;6663;0;0;125;0;42;0;
10316;5412390;1180008448;16146432;1378918400;0;0;0;0;0;0;0;0;0;0;0;3707;0;0;125;0;42;0;
10317;5406489;1180008448;16146432;1378918400;0;0;0;0;0;0;0;0;0;0;0;6423;0;0;125;0;42;0;
10318;5182790;1180008448;16146432;1378918400;0;0;0;0;0;0;0;0;0;0;0;2605;0;0;125;0;42;0;
10319;6309373;1180008448;16146432;1378918400;0;0;0;0;0;0;0;0;0;0;0;6232;0;0;125;0;42;0;
10320;5400739;1180008448;16146432;1378918400;0;0;0;0;0;0;0;0;0;0;0;3317;0;0;125;0;42;0;
10321;5823642;1180008448;16146432;1378918400;0;0;0;0;0;0;0;0;0;0;0;5541;0;0;125;0;42;0;
10322;5215982;1180008448;16146432;1378918400;0;0;0;0;0;0;0;0;0;0;0;3196;0;0;125;0;42;0;
10323;5675744;1180008448;16146432;1378918400;0;0;0;0;0;0;0;0;0;0;0;6392;0;0;125;0;42;0;
10324;5363349;1180008448;16146432;1378918400;0;0;0;0;0;0;0;0;0;0;0;3257;0;0;125;0;42;0;
10325;6306908;1180008448;16146432;1378918400;0;0;0;0;0;0;0;0;0;0;0;6923;0;0;125;0;42;0;
10326;5205282;1180008448;16146432;1378918400;0;0;0;0;0;0;0;0;0;0;0;3076;0;0;125;0;42;0;
10327;6136328;1180008448;16146432;1378918400;0;0;0;0;0;0;0;0;0;0;0;6151;0;0;125;0;42;0;
10328;5554607;1180008448;16146432;1378918400;0;0;0;0;0;0;0;0;0;0;0;3437;0;0;125;0;42;0;
10329;6817485;1180008448;16146432;1378918400;0;0;0;0;0;0;0;0;0;0;0;6823;0;0;125;0;42;0;
10330;6092957;1180008448;16146432;1378918400;0;0;0;0;0;0;0;0;0;0;0;3276;0;0;125;0;42;0;
10331;6303181;1180008448;16146432;1378918400;0;0;0;0;0;0;0;0;0;0;0;7023;0;0;125;0;42;0;
10332;4861397;1180008448;16146432;1378918400;0;0;0;0;0;0;0;0;0;0;0;3767;0;0;125;0;42;0;
10333;5898111;1180008448;16146432;1378918400;0;0;0;0;0;0;0;0;0;0;0;6212;0;0;125;0;42;0;
10334;4943341;1180008448;16146432;1378918400;0;0;0;0;0;0;0;0;0;0;0;3056;0;0;125;0;42;0;
10335;5496719;1180008448;16146432;1378918400;0;0;0;0;0;0;0;0;0;0;0;4639;0;0;125;0;42;0;
10336;5533398;1180008448;16146432;1378918400;0;0;0;0;0;0;0;0;0;0;0;2956;0;0;125;0;42;0;
10337;5016398;1180008448;16146432;1378918400;0;0;0;0;0;0;0;0;0;0;0;5360;0;0;125;0;42;0;
10338;4897294;1180008448;16146432;1378918400;0;0;0;0;0;0;0;0;0;0;0;2895;0;0;125;0;42;0;
10339;6221067;1180008448;16146432;1378918400;0;0;0;0;0;0;0;0;0;0;0;6041;0;0;125;0;42;0;
10340;4611538;1180008448;16146432;1378918400;0;0;0;0;0;0;0;0;0;0;0;2706;0;0;125;0;42;0;
10341;4876315;1180008448;16146432;1378918400;0;0;0;0;0;0;0;0;0;0;0;5260;0;0;125;0;42;0;
10342;5639126;1180008448;16146432;1378918400;0;0;0;0;0;0;0;0;0;0;0;3046;0;0;125;0;42;0;
10343;4716936;1180008448;16146432;1378918400;0;0;0;0;0;0;0;0;0;0;0;5260;0;0;125;0;42;0;
10344;5641039;1180008448;16146432;1378918400;0;0;0;0;0;0;0;0;0;0;0;2484;0;0;125;0;42;0;
10345;4146947;1180008448;16146432;1378918400;0;0;0;0;0;0;0;0;0;0;0;4459;0;0;125;0;42;0;
10346;5239205;1180008448;16146432;1378918400;0;0;0;0;0;0;0;0;0;0;0;2405;0;0;125;0;42;0;
10347;5522466;1180008448;16146432;1378918400;0;0;0;0;0;0;0;0;0;0;0;5911;0;0;125;0;42;0;
10348;5374379;1180008448;16146432;1378918400;0;0;0;0;0;0;0;0;0;0;0;2835;0;0;125;0;42;0;
10349;5914282;1180008448;16146432;1378918400;0;0;0;0;0;0;0;0;0;0;0;5811;0;0;125;0;42;0;
10350;5899273;1180008448;16146432;1378918400;0;0;0;0;0;0;0;0;0;0;0;4127;0;0;125;0;42;0;
10351;5409926;1180008448;16146432;1378918400;0;0;0;0;0;0;0;0;0;0;0;5230;0;0;125;0;42;0;
10352;5132576;1180008448;16146432;1378918400;0;0;0;0;0;0;0;0;0;0;0;3948;0;0;125;0;42;0;
10353;5282617;1180008448;16146432;1378918400;0;0;0;0;0;0;0;0;0;0;0;5080;0;0;125;0;42;0;
10354;5153294;1180008448;16146432;1378918400;0;0;0;0;0;0;0;0;0;0;0;3868;0;0;125;0;42;0;
10355;6104849;1180008448;16146432;1378918400;0;0;0;0;0;0;0;0;0;0;0;5520;0;0;125;0;42;0;
10356;5099413;1180008448;16146432;1378918400;0;0;0;0;0;0;0;0;0;0;0;3196;0;0;125;0;42;0;
10357;6455136;1180008448;16146432;1378918400;0;0;0;0;0;0;0;0;0;0;0;6081;0;0;125;0;42;0;
10358;5207526;1180008448;16146432;1378918400;0;0;0;0;0;0;0;0;0;0;0;3226;0;0;125;0;42;0;
10359;5572030;1180008448;16146432;1378918400;0;0;0;0;0;0;0;0;0;0;0;5781;0;0;125;0;42;0;
10360;4927982;1180008448;16146432;1378918400;0;0;0;0;0;0;0;0;0;0;0;3487;0;0;125;0;42;0;
10361;6104859;1180008448;16146432;1378918400;0;0;0;0;0;0;0;0;0;0;0;5711;0;0;125;0;42;0;
10362;4946036;1180008448;16146432;1378918400;0;0;0;0;0;0;0;0;0;0;0;4319;0;0;125;0;42;0;
10363;5237632;1180008448;16146432;1378918400;0;0;0;0;0;0;0;0;0;0;0;4909;0;0;125;0;42;0;
10364;5386271;1180008448;16146432;1378918400;0;0;0;0;0;0;0;0;0;0;0;3046;0;0;125;0;42;0;
10365;4726014;1180008448;16146432;1378918400;0;0;0;0;0;0;0;0;0;0;0;5480;0;0;125;0;42;0;
10366;5139208;1180008448;16146432;1378918400;0;0;0;0;0;0;0;0;0;0;0;2565;0;0;125;0;42;0;
10367;5285452;1180008448;16146432;1378918400;0;0;0;0;0;0;0;0;0;0;0;6432;0;0;125;0;42;0;
10368;4731183;1180008448;16146432;1378918400;0;0;0;0;0;0;0;0;0;0;0;2495;0;0;125;0;42;0;
10369;4718499;1180008448;16146432;1378918400;0;0;0;0;0;0;0;0;0;0;0;5821;0;0;125;0;42;0;
10370;5283910;1180008448;16146432;1378918400;0;0;0;0;0;0;0;0;0;0;0;3406;0;0;125;0;42;0;
10371;6168629;1180008448;16146432;1378918400;0;0;0;0;0;0;0;0;0;0;0;5791;0;0;125;0;42;0;
10372;5088603;1180008448;16146432;1378918400;0;0;0;0;0;0;0;0;0;0;0;3877;0;0;125;0;42;0;
10373;6904719;1180008448;16146432;1378918400;0;0;0;0;0;0;0;0;0;0;0;6102;0;0;125;0;42;0;
10374;5063886;1180008448;16146432;1378918400;0;0;0;0;0;0;0;0;0;0;0;3106;0;0;125;0;42;0;
10375;5289710;1180008448;16146432;1378918400;0;0;0;0;0;0;0;0;0;0;0;5831;0;0;125;0;42;0;
10376;5118630;1180008448;16146432;1378918400;0;0;0;0;0;0;0;0;0;0;0;3296;0;0;125;0;42;0;
10377;4667704;1180008448;16146432;1378918400;0;0;0;0;0;0;0;0;0;0;0;6301;0;0;125;0;42;0;
10378;4841880;1180008448;16146432;1378918400;0;0;0;0;0;0;0;0;0;0;0;2695;0;0;125;0;42;0;
10379;4543811;1180008448;16146432;1378918400;0;0;0;0;0;0;0;0;0;0;0;4619;0;0;125;0;42;0;
10380;4713009;1180008448;16146432;1378918400;0;0;0;0;0;0;0;0;0;0;0;3417;0;0;125;0;42;0;
10381;3439531;1180008448;16146432;1378918400;0;0;0;0;0;0;0;0;0;0;0;3256;0;0;125;0;42;0;
10382;4666282;1180008448;16146432;1378918400;0;0;0;0;0;0;0;0;0;0;0;2695;0;0;125;0;42;0;
10383;4041099;1180008448;16146432;1378918400;0;0;0;0;0;0;0;0;0;0;0;4579;0;0;125;0;42;0;
10384;5007471;1180008448;16146432;1378918400;0;0;0;0;0;0;0;0;0;0;0;2244;0;0;125;0;42;0;
10385;4843624;1180008448;16146432;1378918400;0;0;0;0;0;0;0;0;0;0;0;5049;0;0;125;0;42;0;
10386;4742874;1180008448;16146432;1378918400;0;0;0;0;0;0;0;0;0;0;0;2996;0;0;125;0;42;0;
10387;6065686;1180008448;16146432;1378918400;0;0;0;0;0;0;0;0;0;0;0;5831;0;0;125;0;42;0;
10388;4795133;1180008448;16146432;1378918400;0;0;0;0;0;0;0;0;0;0;0;3306;0;0;125;0;42;0;
10389;5645067;1180008448;16146432;1378918400;0;0;0;0;0;0;0;0;0;0;0;5982;0;0;125;0;42;0;
10390;5358780;1180008448;16146432;1378918400;0;0;0;0;0;0;0;0;0;0;0;2695;0;0;125;0;42;0;
10391;5714607;1180008448;16146432;1378918400;0;0;0;0;0;0;0;0;0;0;0;5871;0;0;125;0;42;0;
10392;5063115;1180008448;16146432;1378918400;0;0;0;0;0;0;0;0;0;0;0;3256;0;0;125;0;42;0;
10393;5241540;1180008448;16146432;1378918400;0;0;0;0;0;0;0;0;0;0;0;6392;0;0;125;0;42;0;
10394;6096293;1180008448;16146432;1378918400;0;0;0;0;0;0;0;0;0;0;0;3767;0;0;125;0;42;0;
10395;3993951;1180008448;16146432;1378918400;0;0;0;0;0;0;0;0;0;0;0;5340;0;0;125;0;42;0;
10396;4687120;1180008448;16146432;1378918400;0;0;0;0;0;0;0;0;0;0;0;2676;0;0;125;0;42;0;
10397;4679135;1180008448;16146432;1378918400;0;0;0;0;0;0;0;0;0;0;0;3927;0;0;125;0;42;0;
10398;5385540;1180008448;16146432;1378918400;0;0;0;0;0;0;0;0;0;0;0;2505;0;0;125;0;42;0;
10399;5091548;1180008448;16146432;1378918400;0;0;0;0;0;0;0;0;0;0;0;6191;0;0;125;0;42;0;
10400;4990790;1180008448;16146432;1378918400;0;0;0;0;0;0;0;0;0;0;0;3146;0;0;125;0;42;0;
10401;5607086;1180008448;16146432;1378918400;0;0;0;0;0;0;0;0;0;0;0;5942;0;0;125;0;42;0;
10402;5288208;1180008448;16146432;1378918400;0;0;0;0;0;0;0;0;0;0;0;2915;0;0;125;0;42;0;
10403;5861763;1180008448;16146432;1378918400;0;0;0;0;0;0;0;0;0;0;0;5751;0;0;125;0;42;0;
10404;5301412;1180008448;16146432;1378918400;0;0;0;0;0;0;0;0;0;0;0;3446;0;0;125;0;42;0;
10405;5960007;1180008448;16146432;1378918400;0;0;0;0;0;0;0;0;0;0;0;6712;0;0;125;0;42;0;
10406;4937519;1180008448;16146432;1378918400;0;0;0;0;0;0;0;0;0;0;0;11902;0;0;125;0;42;0;
10407;11644828;1180008448;16146432;1378918400;0;0;0;0;0;0;0;0;0;0;0;6342;0;0;125;0;42;0;
10408;5214609;1180008448;16146432;1378918400;0;0;0;0;0;0;0;0;0;0;0;3196;0;0;125;0;42;0;
10409;5295160;1180008448;16146432;1378918400;0;0;0;0;0;0;0;0;0;0;0;15008;0;0;125;0;42;0;
10410;6595459;1180008448;16146432;1378918400;0;0;0;0;0;0;0;0;0;0;0;2735;0;0;125;0;42;0;
10411;5681214;1180008448;16146432;1378918400;0;0;0;0;0;0;0;0;0;0;0;6893;0;0;125;0;42;0;
10412;5719626;1180008448;16146432;1378918400;0;0;0;0;0;0;0;0;0;0;0;3466;0;0;125;0;42;0;
10413;5118499;1180008448;16146432;1378918400;0;0;0;0;0;0;0;0;0;0;0;6082;0;0;125;0;42;0;
10414;5137895;1180008448;16146432;1378918400;0;0;0;0;0;0;0;0;0;0;0;2826;0;0;125;0;42;0;
10415;5864288;1180008448;16146432;1378918400;0;0;0;0;0;0;0;0;0;0;0;5520;0;0;125;0;42;0;
10416;5157783;1180008448;16146432;1378918400;0;0;0;0;0;0;0;0;0;0;0;2826;0;0;125;0;42;0;
10417;4850848;1180008448;16146432;1378918400;0;0;0;0;0;0;0;0;0;0;0;6301;0;0;125;0;42;0;
10418;5627464;1180008448;16146432;1378918400;0;0;0;0;0;0;0;0;0;0;0;2755;0;0;125;0;42;0;
10419;5469347;1180008448;16146432;1378918400;0;0;0;0;0;0;0;0;0;0;0;5240;0;0;125;0;42;0;
10420;5360152;1180008448;16146432;1378918400;0;0;0;0;0;0;0;0;0;0;0;3466;0;0;125;0;42;0;
10421;5934920;1180008448;16146432;1378918400;0;0;0;0;0;0;0;0;0;0;0;6101;0;0;125;0;42;0;
10422;5143596;1180008448;16146432;1378918400;0;0;0;0;0;0;0;0;0;0;0;3266;0;0;125;0;42;0;
10423;7123880;1180008448;16146432;1378918400;0;0;0;0;0;0;0;0;0;0;0;4869;0;0;125;0;42;0;
10424;5160758;1180008448;16146432;1378918400;0;0;0;0;0;0;0;0;0;0;0;2976;0;0;125;0;42;0;
10425;5295321;1180008448;16146432;1378918400;0;0;0;0;0;0;0;0;0;0;0;4979;0;0;125;0;42;0;
10426;4902474;1180008448;16146432;1378918400;0;0;0;0;0;0;0;0;0;0;0;2775;0;0;125;0;42;0;
10427;6137340;1180008448;16146432;1378918400;0;0;0;0;0;0;0;0;0;0;0;4659;0;0;125;0;42;0;
10428;4945665;1180008448;16146432;1378918400;0;0;0;0;0;0;0;0;0;0;0;2685;0;0;125;0;42;0;
10429;5733793;1180008448;16146432;1378918400;0;0;0;0;0;0;0;0;0;0;0;6963;0;0;125;0;42;0;
10430;5607076;1180008448;16146432;1378918400;0;0;0;0;0;0;0;0;0;0;0;6012;0;0;125;0;42;0;
10431;4962597;1180008448;16154624;1378926592;0;0;0;0;0;0;0;0;0;0;0;5130;0;0;125;0;42;0;
10432;4827543;1180008448;16154624;1378926592;0;0;0;0;0;0;0;0;0;0;0;2745;0;0;125;0;42;0;
10433;6377801;1180008448;16154624;1378926592;0;0;0;0;0;0;0;0;0;0;0;5891;0;0;125;0;42;0;
10434;5256328;1180008448;16154624;1378926592;0;0;0;0;0;0;0;0;0;0;0;2946;0;0;125;0;42;0;
10435;5397863;1180008448;16154624;1378926592;0;0;0;0;0;0;0;0;0;0;0;5411;0;0;125;0;42;0;
10436;5347549;1180008448;16154624;1378926592;0;0;0;0;0;0;0;0;0;0;0;2585;0;0;125;0;42;0;
10437;4898476;1180250112;16146432;1378918400;0;0;0;0;0;0;0;0;0;0;0;4849;0;0;125;0;42;0;
10438;5102399;1180250112;16146432;1378918400;0;0;0;0;0;0;0;0;0;0;0;2875;0;0;125;0;42;0;
10439;4574038;1180250112;16146432;1378918400;0;0;0;0;0;0;0;0;0;0;0;5891;0;0;125;0;42;0;
10440;5123669;1180250112;16146432;1378918400;0;0;0;0;0;0;0;0;0;0;0;2554;0;0;125;0;42;0;
10441;5294329;1180250112;16146432;1378918400;0;0;0;0;0;0;0;0;0;0;0;6051;0;0;125;0;42;0;
10442;5020065;1180250112;16146432;1378918400;0;0;0;0;0;0;0;0;0;0;0;2885;0;0;125;0;42;0;
10443;5696453;1180250112;16146432;1378918400;0;0;0;0;0;0;0;0;0;0;0;5179;0;0;125;0;42;0;
10444;9395179;1180250112;16146432;1378918400;0;0;0;0;0;0;0;0;0;0;0;4409;0;0;125;0;42;0;
10445;6626517;1180250112;16146432;1378918400;0;0;0;0;0;0;0;0;0;0;0;5360;0;0;125;0;42;0;
10446;5929901;1180250112;16146432;1378918400;0;0;0;0;0;0;0;0;0;0;0;4058;0;0;125;0;42;0;
10447;4763183;1180250112;16146432;1378918400;0;0;0;0;0;0;0;0;0;0;0;5320;0;0;125;0;42;0;
10448;5378267;1180250112;16146432;1378918400;0;0;0;0;0;0;0;0;0;0;0;3136;0;0;125;0;42;0;
10449;5023591;1180250112;16146432;1378918400;0;0;0;0;0;0;0;0;0;0;0;6051;0;0;125;0;42;0;
10450;5060671;1180250112;16146432;1378918400;0;0;0;0;0;0;0;0;0;0;0;3496;0;0;125;0;42;0;
10451;4730782;1180250112;16146432;1378918400;0;0;0;0;0;0;0;0;0;0;0;5189;0;0;125;0;42;0;
10452;4783662;1180250112;16146432;1378918400;0;0;0;0;0;0;0;0;0;0;0;2405;0;0;125;0;42;0;
10453;5858176;1180250112;16146432;1378918400;0;0;0;0;0;0;0;0;0;0;0;6211;0;0;125;0;42;0;
10454;5144247;1180250112;16146432;1378918400;0;0;0;0;0;0;0;0;0;0;0;1954;0;0;125;0;42;0;
10455;6508506;1180250112;16146432;1378918400;0;0;0;0;0;0;0;0;0;0;0;5100;0;0;125;0;42;0;
10456;4787969;1180250112;16146432;1378918400;0;0;0;0;0;0;0;0;0;0;0;3426;0;0;125;0;42;0;
10457;5120352;1180250112;16146432;1378918400;0;0;0;0;0;0;0;0;0;0;0;5671;0;0;125;0;42;0;
10458;5090937;1180250112;16146432;1378918400;0;0;0;0;0;0;0;0;0;0;0;2736;0;0;125;0;42;0;
10459;5336408;1180250112;16146432;1378918400;0;0;0;0;0;0;0;0;0;0;0;6082;0;0;125;0;42;0;
10460;5013713;1180250112;16146432;1378918400;0;0;0;0;0;0;0;0;0;0;0;2685;0;0;125;0;42;0;
10461;5145600;1180250112;16146432;1378918400;0;0;0;0;0;0;0;0;0;0;0;5451;0;0;125;0;42;0;
10462;5528017;1180250112;16146432;1378918400;0;0;0;0;0;0;0;0;0;0;0;2524;0;0;125;0;42;0;
10463;5699198;1180250112;16146432;1378918400;0;0;0;0;0;0;0;0;0;0;0;5431;0;0;125;0;42;0;
10464;5635178;1180250112;16146432;1378918400;0;0;0;0;0;0;0;0;0;0;0;2945;0;0;125;0;42;0;
10465;4589838;1180250112;16146432;1378918400;0;0;0;0;0;0;0;0;0;0;0;5621;0;0;125;0;42;0;
10466;5093121;1180250112;16146432;1378918400;0;0;0;0;0;0;0;0;0;0;0;2675;0;0;125;0;42;0;
10467;4881214;1180250112;16146432;1378918400;0;0;0;0;0;0;0;0;0;0;0;5510;0;0;125;0;42;0;
10468;5123368;1180250112;16146432;1378918400;0;0;0;0;0;0;0;0;0;0;0;3347;0;0;125;0;42;0;
10469;4096462;1180250112;16146432;1378918400;0;0;0;0;0;0;0;0;0;0;0;3596;0;0;125;0;42;0;
10470;5373598;1180250112;16146432;1378918400;0;0;0;0;0;0;0;0;0;0;0;3596;0;0;125;0;42;0;
10471;4064914;1180250112;16146432;1378918400;0;0;0;0;0;0;0;0;0;0;0;3607;0;0;125;0;42;0;
10472;5106847;1180250112;16146432;1378918400;0;0;0;0;0;0;0;0;0;0;0;2675;0;0;125;0;42;0;
10473;5714707;1180250112;16146432;1378918400;0;0;0;0;0;0;0;0;0;0;0;6101;0;0;125;0;42;0;
10474;5256998;1180250112;16146432;1378918400;0;0;0;0;0;0;0;0;0;0;0;2695;0;0;125;0;42;0;
10475;4661532;1180250112;16146432;1378918400;0;0;0;0;0;0;0;0;0;0;0;5501;0;0;125;0;42;0;
10476;5869096;1180250112;16146432;1378918400;0;0;0;0;0;0;0;0;0;0;0;3447;0;0;125;0;42;0;
10477;4192242;1180250112;16146432;1378918400;0;0;0;0;0;0;0;0;0;0;0;4709;0;0;125;0;42;0;
10478;5845473;1180250112;16146432;1378918400;0;0;0;0;0;0;0;0;0;0;0;7674;0;0;125;0;42;0;
10479;4354667;1180250112;16146432;1378918400;0;0;0;0;0;0;0;0;0;0;0;5391;0;0;125;0;42;0;
10480;5413392;1180250112;16146432;1378918400;0;0;0;0;0;0;0;0;0;0;0;2966;0;0;125;0;42;0;
10481;4556576;1180250112;16146432;1378918400;0;0;0;0;0;0;0;0;0;0;0;5100;0;0;125;0;42;0;
10482;4875143;1180250112;16146432;1378918400;0;0;0;0;0;0;0;0;0;0;0;3226;0;0;125;0;42;0;
10483;4941737;1180250112;16146432;1378918400;0;0;0;0;0;0;0;0;0;0;0;4769;0;0;125;0;42;0;
10484;5921786;1180250112;16146432;1378918400;0;0;0;0;0;0;0;0;0;0;0;3046;0;0;125;0;42;0;
10485;4164440;1180250112;16146432;1378918400;0;0;0;0;0;0;0;0;0;0;0;3968;0;0;125;0;42;0;
10486;5127366;1180250112;16146432;1378918400;0;0;0;0;0;0;0;0;0;0;0;3076;0;0;125;0;42;0;
10487;4273154;1180250112;16146432;1378918400;0;0;0;0;0;0;0;0;0;0;0;5129;0;0;125;0;42;0;
10488;4635934;1180250112;16146432;1378918400;0;0;0;0;0;0;0;0;0;0;0;2174;0;0;125;0;42;0;
10489;5115654;1180250112;16146432;1378918400;0;0;0;0;0;0;0;0;0;0;0;6212;0;0;125;0;42;0;
10490;5026707;1180250112;16146432;1378918400;0;0;0;0;0;0;0;0;0;0;0;3637;0;0;125;0;42;0;
10491;5852576;1180250112;16146432;1378918400;0;0;0;0;0;0;0;0;0;0;0;6402;0;0;125;0;42;0;
10492;4992874;1180250112;16146432;1378918400;0;0;0;0;0;0;0;0;0;0;0;4288;0;0;125;0;42;0;
10493;6451849;1180250112;16146432;1378918400;0;0;0;0;0;0;0;0;0;0;0;5741;0;0;125;0;42;0;
10494;4934935;1180250112;16146432;1378918400;0;0;0;0;0;0;0;0;0;0;0;2214;0;0;125;0;42;0;
10495;5275884;1180250112;16146432;1378918400;0;0;0;0;0;0;0;0;0;0;0;4989;0;0;125;0;42;0;
10496;4831631;1180250112;16146432;1378918400;0;0;0;0;0;0;0;0;0;0;0;3707;0;0;125;0;42;0;
10497;5151211;1180250112;16146432;1378918400;0;0;0;0;0;0;0;0;0;0;0;6753;0;0;125;0;42;0;
10498;5285583;1180250112;16146432;1378918400;0;0;0;0;0;0;0;0;0;0;0;6592;0;0;125;0;42;0;
10499;5657811;1180250112;16146432;1378918400;0;0;0;0;0;0;0;0;0;0;0;5401;0;0;125;0;42;0;
10500;4998434;1180250112;16146432;1378918400;0;0;0;0;0;0;0;0;0;0;0;2665;0;0;125;0;42;0;
10501;3209850;1180250112;16146432;1378918400;0;0;0;0;0;0;0;0;0;0;0;2915;0;0;125;0;42;0;
10502;5095015;1180250112;16146432;1378918400;0;0;0;0;0;0;0;0;0;0;0;2424;0;0;125;0;42;0;
10503;3763197;1180250112;16146432;1378918400;0;0;0;0;0;0;0;0;0;0;0;2795;0;0;125;0;42;0;
10504;4397367;1180250112;16146432;1378918400;0;0;0;0;0;0;0;0;0;0;0;2104;0;0;125;0;42;0;
10505;3697203;1180250112;16146432;1378918400;0;0;0;0;0;0;0;0;0;0;0;2494;0;0;125;0;42;0;
10506;4289364;1180250112;16146432;1378918400;0;0;0;0;0;0;0;0;0;0;0;2174;0;0;125;0;42;0;
10507;3999170;1180250112;16146432;1378918400;0;0;0;0;0;0;0;0;0;0;0;3046;0;0;125;0;42;0;
10508;4547769;1180250112;16146432;1378918400;0;0;0;0;0;0;0;0;0;0;0;2575;0;0;125;0;42;0;
10509;3203928;1180250112;16146432;1378918400;0;0;0;0;0;0;0;0;0;0;0;2454;0;0;125;0;42;0;
10510;4703000;1180250112;16146432;1378918400;0;0;0;0;0;0;0;0;0;0;0;1944;0;0;125;0;42;0;
10511;3856993;1180250112;16146432;1378918400;0;0;0;0;0;0;0;0;0;0;0;3346;0;0;125;0;42;0;
10512;4861437;1180250112;16146432;1378918400;0;0;0;0;0;0;0;0;0;0;0;2064;0;0;125;0;42;0;
10513;3619107;1180250112;16146432;1378918400;0;0;0;0;0;0;0;0;0;0;0;2865;0;0;125;0;42;0;
10514;4839726;1180250112;16146432;1378918400;0;0;0;0;0;0;0;0;0;0;0;2104;0;0;125;0;42;0;
10515;3543416;1180250112;16146432;1378918400;0;0;0;0;0;0;0;0;0;0;0;2474;0;0;125;0;42;0;
10516;4675709;1180250112;16146432;1378918400;0;0;0;0;0;0;0;0;0;0;0;1933;0;0;125;0;42;0;
10517;3461241;1180250112;16146432;1378918400;0;0;0;0;0;0;0;0;0;0;0;2775;0;0;125;0;42;0;
10518;5628485;1180250112;16146432;1378918400;0;0;0;0;0;0;0;0;0;0;0;3096;0;0;125;0;42;0;
10519;6898087;1180250112;16146432;1378918400;0;0;0;0;0;0;0;0;0;0;0;5711;0;0;125;0;42;0;
10520;5386982;1180250112;16146432;1378918400;0;0;0;0;0;0;0;0;0;0;0;2014;0;0;125;0;42;0;
10521;4561044;1180250112;16146432;1378918400;0;0;0;0;0;0;0;0;0;0;0;3848;0;0;125;0;42;0;
10522;4607641;1180250112;16146432;1378918400;0;0;0;0;0;0;0;0;0;0;0;2314;0;0;125;0;42;0;
10523;4088658;1180250112;16146432;1378918400;0;0;0;0;0;0;0;0;0;0;0;2786;0;0;125;0;42;0;
10524;4721114;1180250112;16146432;1378918400;0;0;0;0;0;0;0;0;0;0;0;1994;0;0;125;0;42;0;
10525;3685201;1180250112;16146432;1378918400;0;0;0;0;0;0;0;0;0;0;0;2294;0;0;125;0;42;0;
10526;4989437;1180250112;16146432;1378918400;0;0;0;0;0;0;0;0;0;0;0;2084;0;0;125;0;42;0;
10527;3592808;1180250112;16146432;1378918400;0;0;0;0;0;0;0;0;0;0;0;2655;0;0;125;0;42;0;
10528;4425750;1180250112;16146432;1378918400;0;0;0;0;0;0;0;0;0;0;0;2404;0;0;125;0;42;0;
10529;3772395;1180250112;16146432;1378918400;0;0;0;0;0;0;0;0;0;0;0;2494;0;0;125;0;42;0;
10530;4564540;1180250112;16146432;1378918400;0;0;0;0;0;0;0;0;0;0;0;2614;0;0;125;0;42;0;
10531;3081939;1180250112;16154624;1378926592;0;0;0;0;0;0;0;0;0;0;0;2124;0;0;125;0;42;0;
10532;4337374;1180250112;16154624;1378926592;0;0;0;0;0;0;0;0;0;0;0;1893;0;0;125;0;42;0;
10533;3251337;1180250112;16154624;1378926592;0;0;0;0;0;0;0;0;0;0;0;2685;0;0;125;0;42;0;
10534;4308119;1180250112;16154624;1378926592;0;0;0;0;0;0;0;0;0;0;0;1944;0;0;125;0;42;0;
10535;2933050;1180250112;16154624;1378926592;0;0;0;0;0;0;0;0;0;0;0;2265;0;0;125;0;42;0;
10536;4683543;1180250112;16154624;1378926592;0;0;0;0;0;0;0;0;0;0;0;2214;0;0;125;0;42;0;
10537;2269777;1180286976;16146432;1378918400;0;0;0;0;0;0;0;0;0;0;0;2114;0;0;125;0;42;0;
10538;5196816;1180286976;16146432;1378918400;0;0;0;0;0;0;0;0;0;0;0;1944;0;0;125;0;42;0;
10539;3354270;1180286976;16146432;1378918400;0;0;0;0;0;0;0;0;0;0;0;2454;0;0;125;0;42;0;
10540;4719201;1180286976;16146432;1378918400;0;0;0;0;0;0;0;0;0;0;0;2074;0;0;125;0;42;0;
10541;2905739;1180286976;16146432;1378918400;0;0;0;0;0;0;0;0;0;0;0;2255;0;0;125;0;42;0;
10542;4325282;1180286976;16146432;1378918400;0;0;0;0;0;0;0;0;0;0;0;1884;0;0;125;0;42;0;
10543;3098821;1180286976;16146432;1378918400;0;0;0;0;0;0;0;0;0;0;0;2274;0;0;125;0;42;0;
10544;4233139;1180286976;16146432;1378918400;0;0;0;0;0;0;0;0;0;0;0;2204;0;0;125;0;42;0;
10545;2409869;1180286976;16146432;1378918400;0;0;0;0;0;0;0;0;0;0;0;1873;0;0;125;0;42;0;
10546;4365827;1180286976;16146432;1378918400;0;0;0;0;0;0;0;0;0;0;0;1904;0;0;125;0;42;0;
10547;3122215;1180286976;16146432;1378918400;0;0;0;0;0;0;0;0;0;0;0;2835;0;0;125;0;42;0;
10548;4529985;1180286976;16146432;1378918400;0;0;0;0;0;0;0;0;0;0;0;1913;0;0;125;0;42;0;
10549;2564850;1180286976;16146432;1378918400;0;0;0;0;0;0;0;0;0;0;0;1873;0;0;125;0;42;0;
10550;4466256;1180286976;16146432;1378918400;0;0;0;0;0;0;0;0;0;0;0;1863;0;0;125;0;42;0;
10551;3714386;1180286976;16146432;1378918400;0;0;0;0;0;0;0;0;0;0;0;2345;0;0;125;0;42;0;
10552;5365662;1180286976;16146432;1378918400;0;0;0;0;0;0;0;0;0;0;0;1934;0;0;125;0;42;0;
10553;3066461;1180286976;16146432;1378918400;0;0;0;0;0;0;0;0;0;0;0;2114;0;0;125;0;42;0;
10554;4893968;1180286976;16146432;1378918400;0;0;0;0;0;0;0;0;0;0;0;1913;0;0;125;0;42;0;
10555;3509692;1180286976;16146432;1378918400;0;0;0;0;0;0;0;0;0;0;0;5581;0;0;125;0;42;0;
10556;4635073;1180286976;16146432;1378918400;0;0;0;0;0;0;0;0;0;0;0;2154;0;0;125;0;42;0;
10557;2267843;1180286976;16146432;1378918400;0;0;0;0;0;0;0;0;0;0;0;2004;0;0;125;0;42;0;
10558;4447441;1180286976;16146432;1378918400;0;0;0;0;0;0;0;0;0;0;0;2064;0;0;125;0;42;0;
10559;2232537;1180286976;16146432;1378918400;0;0;0;0;0;0;0;0;0;0;0;2455;0;0;125;0;42;0;
10560;4585109;1180286976;16146432;1378918400;0;0;0;0;0;0;0;0;0;0;0;2364;0;0;125;0;42;0;
10561;2837852;1180286976;16146432;1378918400;0;0;0;0;0;0;0;0;0;0;0;2525;0;0;125;0;42;0;
10562;4474792;1180286976;16146432;1378918400;0;0;0;0;0;0;0;0;0;0;0;2504;0;0;125;0;42;0;
10563;2871615;1180286976;16146432;1378918400;0;0;0;0;0;0;0;0;0;0;0;2104;0;0;125;0;42;0;
10564;4436150;1180286976;16146432;1378918400;0;0;0;0;0;0;0;0;0;0;0;1593;0;0;125;0;42;0;
10565;4334268;1180286976;16146432;1378918400;0;0;0;0;0;0;0;0;0;0;0;4869;0;0;125;0;42;0;
10566;4578326;1180286976;16146432;1378918400;0;0;0;0;0;0;0;0;0;0;0;2765;0;0;125;0;42;0;
10567;5758179;1180286976;16146432;1378918400;0;0;0;0;0;0;0;0;0;0;0;5751;0;0;125;0;42;0;
10568;4802266;1180286976;16146432;1378918400;0;0;0;0;0;0;0;0;0;0;0;3637;0;0;125;0;42;0;
10569;6129034;1180286976;16146432;1378918400;0;0;0;0;0;0;0;0;0;0;0;5700;0;0;125;0;42;0;
10570;4824548;1180286976;16146432;1378918400;0;0;0;0;0;0;0;0;0;0;0;2244;0;0;125;0;42;0;
10571;4142940;1180286976;16146432;1378918400;0;0;0;0;0;0;0;0;0;0;0;4829;0;0;125;0;42;0;
10572;4853823;1180286976;16146432;1378918400;0;0;0;0;0;0;0;0;0;0;0;2364;0;0;125;0;42;0;
10573;2918063;1180286976;16146432;1378918400;0;0;0;0;0;0;0;0;0;0;0;2645;0;0;125;0;42;0;
10574;4248718;1180286976;16146432;1378918400;0;0;0;0;0;0;0;0;0;0;0;1914;0;0;125;0;42;0;
10575;3777514;1180286976;16146432;1378918400;0;0;0;0;0;0;0;0;0;0;0;2194;0;0;125;0;42;0;
10576;4539664;1180286976;16146432;1378918400;0;0;0;0;0;0;0;0;0;0;0;1893;0;0;125;0;42;0;
10577;2453110;1180286976;16146432;1378918400;0;0;0;0;0;0;0;0;0;0;0;1964;0;0;125;0;42;0;
10578;4232548;1180286976;16146432;1378918400;0;0;0;0;0;0;0;0;0;0;0;2194;0;0;125;0;42;0;
10579;2607610;1180286976;16146432;1378918400;0;0;0;0;0;0;0;0;0;0;0;2665;0;0;125;0;42;0;
10580;4477246;1180286976;16146432;1378918400;0;0;0;0;0;0;0;0;0;0;0;1873;0;0;125;0;42;0;
10581;2778230;1180286976;16146432;1378918400;0;0;0;0;0;0;0;0;0;0;0;2164;0;0;125;0;42;0;
10582;4339748;1180286976;16146432;1378918400;0;0;0;0;0;0;0;0;0;0;0;1883;0;0;125;0;42;0;
10583;3034070;1180286976;16146432;1378918400;0;0;0;0;0;0;0;0;0;0;0;2504;0;0;125;0;42;0;
10584;4692159;1180286976;16146432;1378918400;0;0;0;0;0;0;0;0;0;0;0;2214;0;0;125;0;42;0;
10585;2127841;1180286976;16146432;1378918400;0;0;0;0;0;0;0;0;0;0;0;11692;0;0;125;0;42;0;
10586;4393850;1180286976;16146432;1378918400;0;0;0;0;0;0;0;0;0;0;0;2234;0;0;125;0;42;0;
10587;3071651;1180286976;16146432;1378918400;0;0;0;0;0;0;0;0;0;0;0;2695;0;0;125;0;42;0;
10588;5232854;1180286976;16146432;1378918400;0;0;0;0;0;0;0;0;0;0;0;2104;0;0;125;0;42;0;
10589;2553119;1180286976;16146432;1378918400;0;0;0;0;0;0;0;0;0;0;0;2615;0;0;125;0;42;0;
10590;4623010;1180286976;16146432;1378918400;0;0;0;0;0;0;0;0;0;0;0;2063;0;0;125;0;42;0;
10591;3370020;1180286976;16146432;1378918400;0;0;0;0;0;0;0;0;0;0;0;2735;0;0;125;0;42;0;
10592;4620486;1180286976;16146432;1378918400;0;0;0;0;0;0;0;0;0;0;0;2114;0;0;125;0;42;0;
10593;2965922;1180286976;16146432;1378918400;0;0;0;0;0;0;0;0;0;0;0;2926;0;0;125;0;42;0;
10594;4610066;1180286976;16146432;1378918400;0;0;0;0;0;0;0;0;0;0;0;2144;0;0;125;0;42;0;
10595;2420208;1180286976;16146432;1378918400;0;0;0;0;0;0;0;0;0;0;0;2795;0;0;125;0;42;0;
10596;4623190;1180286976;16146432;1378918400;0;0;0;0;0;0;0;0;0;0;0;2044;0;0;125;0;42;0;
10597;5523569;1180286976;16146432;1378918400;0;0;0;0;0;0;0;0;0;0;0;6743;0;0;125;0;42;0;
10598;5110283;1180286976;16146432;1378918400;0;0;0;0;0;0;0;0;0;0;0;1813;0;0;125;0;42;0;
10599;3606373;1180286976;16146432;1378918400;0;0;0;0;0;0;0;0;0;0;0;2595;0;0;125;0;42;0;
10600;4949492;1180286976;16146432;1378918400;0;0;0;0;0;0;0;0;0;0;0;2144;0;0;125;0;42;0;
10601;4338777;1180286976;16146432;1378918400;0;0;0;0;0;0;0;0;0;0;0;2886;0;0;125;0;42;0;
10602;5316039;1180286976;16146432;1378918400;0;0;0;0;0;0;0;0;0;0;0;1994;0;0;125;0;42;0;
10603;2823455;1180286976;16146432;1378918400;0;0;0;0;0;0;0;0;0;0;0;2826;0;0;125;0;42;0;
10604;5172781;1180286976;16146432;1378918400;0;0;0;0;0;0;0;0;0;0;0;1733;0;0;125;0;42;0;
10605;4615015;1180286976;16146432;1378918400;0;0;0;0;0;0;0;0;0;0;0;3126;0;0;125;0;42;0;
10606;4750099;1180286976;16146432;1378918400;0;0;0;0;0;0;0;0;0;0;0;2555;0;0;125;0;42;0;
10607;5803334;1180286976;16146432;1378918400;0;0;0;0;0;0;0;0;0;0;0;6302;0;0;125;0;42;0;
10608;6256774;1180286976;16146432;1378918400;0;0;0;0;0;0;0;0;0;0;0;3106;0;0;125;0;42;0;
10609;5096869;1180286976;16146432;1378918400;0;0;0;0;0;0;0;0;0;0;0;5590;0;0;125;0;42;0;
10610;4961114;1180286976;16146432;1378918400;0;0;0;0;0;0;0;0;0;0;0;2254;0;0;125;0;42;0;
10611;5419744;1180286976;16146432;1378918400;0;0;0;0;0;0;0;0;0;0;0;5039;0;0;125;0;42;0;
10612;5059619;1180286976;16146432;1378918400;0;0;0;0;0;0;0;0;0;0;0;2455;0;0;125;0;42;0;
10613;5006168;1180286976;16146432;1378918400;0;0;0;0;0;0;0;0;0;0;0;4298;0;0;125;0;42;0;
10614;4868401;1180286976;16146432;1378918400;0;0;0;0;0;0;0;0;0;0;0;2064;0;0;125;0;42;0;
10615;5106066;1180286976;16146432;1378918400;0;0;0;0;0;0;0;0;0;0;0;5290;0;0;125;0;42;0;
10616;5056814;1180286976;16146432;1378918400;0;0;0;0;0;0;0;0;0;0;0;2494;0;0;125;0;42;0;
10617;5050181;1180286976;16146432;1378918400;0;0;0;0;0;0;0;0;0;0;0;5460;0;0;125;0;42;0;
10618;7367427;1180286976;16146432;1378918400;0;0;0;0;0;0;0;0;0;0;0;2695;0;0;125;0;42;0;
10619;9439062;1180286976;16146432;1378918400;0;0;0;0;0;0;0;0;0;0;0;6913;0;0;125;0;42;0;
10620;5997337;1180286976;16146432;1378918400;0;0;0;0;0;0;0;0;0;0;0;3376;0;0;125;0;42;0;
10621;4793379;1180286976;16146432;1378918400;0;0;0;0;0;0;0;0;0;0;0;2845;0;0;125;0;42;0;
10622;5259834;1180286976;16146432;1378918400;0;0;0;0;0;0;0;0;0;0;0;2184;0;0;125;0;42;0;
10623;3565717;1180286976;16146432;1378918400;0;0;0;0;0;0;0;0;0;0;0;2224;0;0;125;0;42;0;
10624;4925828;1180286976;16146432;1378918400;0;0;0;0;0;0;0;0;0;0;0;2144;0;0;125;0;42;0;
10625;3633384;1180286976;16146432;1378918400;0;0;0;0;0;0;0;0;0;0;0;5370;0;0;125;0;42;0;
10626;4879611;1180286976;16146432;1378918400;0;0;0;0;0;0;0;0;0;0;0;2074;0;0;125;0;42;0;
10627;4664277;1180286976;16146432;1378918400;0;0;0;0;0;0;0;0;0;0;0;3186;0;0;125;0;42;0;
10628;4963799;1180286976;16146432;1378918400;0;0;0;0;0;0;0;0;0;0;0;3056;0;0;125;0;42;0;
10629;3663390;1180286976;16146432;1378918400;0;0;0;0;0;0;0;0;0;0;0;2154;0;0;125;0;42;0;
10630;4623901;1180286976;16146432;1378918400;0;0;0;0;0;0;0;0;0;0;0;1873;0;0;125;0;42;0;
10631;3147413;1180286976;16146432;1378918400;0;0;0;0;0;0;0;0;0;0;0;2835;0;0;125;0;42;0;
10632;4619232;1180286976;16146432;1378918400;0;0;0;0;0;0;0;0;0;0;0;1974;0;0;125;0;42;0;
10633;4498617;1180286976;16146432;1378918400;0;0;0;0;0;0;0;0;0;0;0;2325;0;0;125;0;42;0;
10634;4682050;1180286976;16146432;1378918400;0;0;0;0;0;0;0;0;0;0;0;2104;0;0;125;0;42;0;
10635;3285743;1180286976;16146432;1378918400;0;0;0;0;0;0;0;0;0;0;0;2555;0;0;125;0;42;0;
10636;4481585;1180286976;16146432;1378918400;0;0;0;0;0;0;0;0;0;0;0;2284;0;0;125;0;42;0;
10637;4515708;1180286976;16146432;1378918400;0;0;0;0;0;0;0;0;0;0;0;3757;0;0;125;0;42;0;
10638;5372064;1180286976;16146432;1378918400;0;0;0;0;0;0;0;0;0;0;0;2976;0;0;125;0;42;0;
10639;4493106;1180286976;16146432;1378918400;0;0;0;0;0;0;0;0;0;0;0;3066;0;0;125;0;42;0;
10640;5271366;1180286976;16146432;1378918400;0;0;0;0;0;0;0;0;0;0;0;2775;0;0;125;0;42;0;
10641;3783946;1180286976;16146432;1378918400;0;0;0;0;0;0;0;0;0;0;0;2144;0;0;125;0;42;0;
10642;5253803;1180286976;16146432;1378918400;0;0;0;0;0;0;0;0;0;0;0;2053;0;0;125;0;42;0;
10643;4048763;1180286976;16146432;1378918400;0;0;0;0;0;0;0;0;0;0;0;2755;0;0;125;0;42;0;
10644;4913615;1180286976;16146432;1378918400;0;0;0;0;0;0;0;0;0;0;0;1934;0;0;125;0;42;0;
10645;3711751;1180286976;16146432;1378918400;0;0;0;0;0;0;0;0;0;0;0;3477;0;0;125;0;42;0;
10646;5284260;1180286976;16146432;1378918400;0;0;0;0;0;0;0;0;0;0;0;3497;0;0;125;0;42;0;
10647;3789436;1180286976;16154624;1378926592;0;0;0;0;0;0;0;0;0;0;0;2715;0;0;125;0;42;0;
10648;5035804;1180286976;16154624;1378926592;0;0;0;0;0;0;0;0;0;0;0;2896;0;0;125;0;42;0;
10649;5386933;1180286976;16154624;1378926592;0;0;0;0;0;0;0;0;0;0;0;2956;0;0;125;0;42;0;
10650;5122065;1180286976;16154624;1378926592;0;0;0;0;0;0;0;0;0;0;0;2835;0;0;125;0;42;0;
10651;4404740;1180286976;16154624;1378926592;0;0;0;0;0;0;0;0;0;0;0;3207;0;0;125;0;42;0;
10652;5848378;1180286976;16154624;1378926592;0;0;0;0;0;0;0;0;0;0;0;3146;0;0;125;0;42;0;
10653;4412315;1180368896;16146432;1378918400;0;0;0;0;0;0;0;0;0;0;0;3727;0;0;125;0;42;0;
10654;5401069;1180368896;16146432;1378918400;0;0;0;0;0;0;0;0;0;0;0;2044;0;0;125;0;42;0;
10655;3496627;1180368896;16146432;1378918400;0;0;0;0;0;0;0;0;0;0;0;2264;0;0;125;0;42;0;
10656;5206855;1180368896;16146432;1378918400;0;0;0;0;0;0;0;0;0;0;0;2244;0;0;125;0;42;0;
10657;2998433;1180368896;16146432;1378918400;0;0;0;0;0;0;0;0;0;0;0;2655;0;0;125;0;42;0;
10658;4972615;1180368896;16146432;1378918400;0;0;0;0;0;0;0;0;0;0;0;1964;0;0;125;0;42;0;
10659;4100760;1180368896;16146432;1378918400;0;0;0;0;0;0;0;0;0;0;0;2415;0;0;125;0;42;0;
10660;4619062;1180368896;16146432;1378918400;0;0;0;0;0;0;0;0;0;0;0;2033;0;0;125;0;42;0;
10661;4544533;1180368896;16146432;1378918400;0;0;0;0;0;0;0;0;0;0;0;2314;0;0;125;0;42;0;
10662;4762742;1180368896;16146432;1378918400;0;0;0;0;0;0;0;0;0;0;0;2294;0;0;125;0;42;0;
10663;4246263;1180368896;16146432;1378918400;0;0;0;0;0;0;0;0;0;0;0;7294;0;0;125;0;42;0;
10664;4858652;1180368896;16146432;1378918400;0;0;0;0;0;0;0;0;0;0;0;3827;0;0;125;0;42;0;
10665;3282025;1180368896;16146432;1378918400;0;0;0;0;0;0;0;0;0;0;0;2635;0;0;125;0;42;0;
10666;5255076;1180368896;16146432;1378918400;0;0;0;0;0;0;0;0;0;0;0;2314;0;0;125;0;42;0;
10667;3637863;1180368896;16146432;1378918400;0;0;0;0;0;0;0;0;0;0;0;2535;0;0;125;0;42;0;
10668;4411313;1180368896;16146432;1378918400;0;0;0;0;0;0;0;0;0;0;0;2455;0;0;125;0;42;0;
10669;2343245;1180368896;16146432;1378918400;0;0;0;0;0;0;0;0;0;0;0;2384;0;0;125;0;42;0;
10670;4704112;1180368896;16146432;1378918400;0;0;0;0;0;0;0;0;0;0;0;2034;0;0;125;0;42;0;
10671;3778155;1180368896;16146432;1378918400;0;0;0;0;0;0;0;0;0;0;0;3457;0;0;125;0;42;0;
10672;5132425;1180368896;16146432;1378918400;0;0;0;0;0;0;0;0;0;0;0;3076;0;0;125;0;42;0;
10673;3900575;1180368896;16146432;1378918400;0;0;0;0;0;0;0;0;0;0;0;3076;0;0;125;0;42;0;
10674;4768573;1180368896;16146432;1378918400;0;0;0;0;0;0;0;0;0;0;0;2805;0;0;125;0;42;0;
10675;3302914;1180368896;16146432;1378918400;0;0;0;0;0;0;0;0;0;0;0;2806;0;0;125;0;42;0;
10676;5094615;1180368896;16146432;1378918400;0;0;0;0;0;0;0;0;0;0;0;2364;0;0;125;0;42;0;
10677;2931778;1180368896;16146432;1378918400;0;0;0;0;0;0;0;0;0;0;0;2625;0;0;125;0;42;0;
10678;4448263;1180368896;16146432;1378918400;0;0;0;0;0;0;0;0;0;0;0;2244;0;0;125;0;42;0;
10679;3301702;1180368896;16146432;1378918400;0;0;0;0;0;0;0;0;0;0;0;2255;0;0;125;0;42;0;
10680;4687541;1180368896;16146432;1378918400;0;0;0;0;0;0;0;0;0;0;0;2244;0;0;125;0;42;0;
10681;3196224;1180368896;16146432;1378918400;0;0;0;0;0;0;0;0;0;0;0;2314;0;0;125;0;42;0;
10682;4999676;1180368896;16146432;1378918400;0;0;0;0;0;0;0;0;0;0;0;2294;0;0;125;0;42;0;
10683;4285487;1180368896;16146432;1378918400;0;0;0;0;0;0;0;0;0;0;0;2975;0;0;125;0;42;0;
10684;4622309;1180368896;16146432;1378918400;0;0;0;0;0;0;0;0;0;0;0;2955;0;0;125;0;42;0;
10685;2499738;1180368896;16146432;1378918400;0;0;0;0;0;0;0;0;0;0;0;2485;0;0;125;0;42;0;
10686;4788210;1180368896;16146432;1378918400;0;0;0;0;0;0;0;0;0;0;0;1984;0;0;125;0;42;0;
10687;3296321;1180368896;16146432;1378918400;0;0;0;0;0;0;0;0;0;0;0;2234;0;0;125;0;42;0;
10688;4628270;1180368896;16146432;1378918400;0;0;0;0;0;0;0;0;0;0;0;2184;0;0;125;0;42;0;
10689;2924645;1180368896;16146432;1378918400;0;0;0;0;0;0;0;0;0;0;0;1943;0;0;125;0;42;0;
10690;4624002;1180368896;16146432;1378918400;0;0;0;0;0;0;0;0;0;0;0;2004;0;0;125;0;42;0;
10691;3652249;1180368896;16146432;1378918400;0;0;0;0;0;0;0;0;0;0;0;2144;0;0;125;0;42;0;
10692;5157552;1180368896;16146432;1378918400;0;0;0;0;0;0;0;0;0;0;0;1944;0;0;125;0;42;0;
10693;3410476;1180368896;16146432;1378918400;0;0;0;0;0;0;0;0;0;0;0;2334;0;0;125;0;42;0;
10694;4891974;1180368896;16146432;1378918400;0;0;0;0;0;0;0;0;0;0;0;1924;0;0;125;0;42;0;
10695;4784283;1180368896;16146432;1378918400;0;0;0;0;0;0;0;0;0;0;0;3587;0;0;125;0;42;0;
10696;5060170;1180368896;16146432;1378918400;0;0;0;0;0;0;0;0;0;0;0;2955;0;0;125;0;42;0;
10697;3515573;1180368896;16146432;1378918400;0;0;0;0;0;0;0;0;0;0;0;2645;0;0;125;0;42;0;
10698;4527841;1180368896;16146432;1378918400;0;0;0;0;0;0;0;0;0;0;0;2004;0;0;125;0;42;0;
10699;4495732;1180368896;16146432;1378918400;0;0;0;0;0;0;0;0;0;0;0;2244;0;0;125;0;42;0;
10700;4933221;1180368896;16146432;1378918400;0;0;0;0;0;0;0;0;0;0;0;1983;0;0;125;0;42;0;
10701;3116485;1180368896;16146432;1378918400;0;0;0;0;0;0;0;0;0;0;0;2605;0;0;125;0;42;0;
10702;5308396;1180368896;16146432;1378918400;0;0;0;0;0;0;0;0;0;0;0;1884;0;0;125;0;42;0;
10703;3333702;1180368896;16146432;1378918400;0;0;0;0;0;0;0;0;0;0;0;2355;0;0;125;0;42;0;
10704;4447030;1180368896;16146432;1378918400;0;0;0;0;0;0;0;0;0;0;0;2455;0;0;125;0;42;0;
10705;2879199;1180368896;16146432;1378918400;0;0;0;0;0;0;0;0;0;0;0;2484;0;0;125;0;42;0;
10706;5260225;1180368896;16146432;1378918400;0;0;0;0;0;0;0;0;0;0;0;2164;0;0;125;0;42;0;
10707;3281595;1180368896;16146432;1378918400;0;0;0;0;0;0;0;0;0;0;0;2314;0;0;125;0;42;0;
10708;4583365;1180368896;16146432;1378918400;0;0;0;0;0;0;0;0;0;0;0;2404;0;0;125;0;42;0;
10709;2776707;1180368896;16146432;1378918400;0;0;0;0;0;0;0;0;0;0;0;2444;0;0;125;0;42;0;
10710;4620785;1180368896;16146432;1378918400;0;0;0;0;0;0;0;0;0;0;0;2175;0;0;125;0;42;0;
10711;3396199;1180368896;16146432;1378918400;0;0;0;0;0;0;0;0;0;0;0;3186;0;0;125;0;42;0;
10712;4823396;1180368896;16146432;1378918400;0;0;0;0;0;0;0;0;0;0;0;2324;0;0;125;0;42;0;
10713;3702373;1180368896;16146432;1378918400;0;0;0;0;0;0;0;0;0;0;0;2344;0;0;125;0;42;0;
10714;4820320;1180368896;16146432;1378918400;0;0;0;0;0;0;0;0;0;0;0;2174;0;0;125;0;42;0;
10715;3063536;1180368896;16146432;1378918400;0;0;0;0;0;0;0;0;0;0;0;2524;0;0;125;0;42;0;
10716;4854234;1180368896;16146432;1378918400;0;0;0;0;0;0;0;0;0;0;0;2014;0;0;125;0;42;0;
10717;3444449;1180368896;16146432;1378918400;0;0;0;0;0;0;0;0;0;0;0;1863;0;0;125;0;42;0;
10718;5026597;1180368896;16146432;1378918400;0;0;0;0;0;0;0;0;0;0;0;2344;0;0;125;0;42;0;
10719;4069602;1180368896;16146432;1378918400;0;0;0;0;0;0;0;0;0;0;0;3226;0;0;125;0;42;0;
10720;4821251;1180368896;16146432;1378918400;0;0;0;0;0;0;0;0;0;0;0;2926;0;0;125;0;42;0;
10721;4480282;1180368896;16146432;1378918400;0;0;0;0;0;0;0;0;0;0;0;3026;0;0;125;0;42;0;
10722;5569105;1180368896;16146432;1378918400;0;0;0;0;0;0;0;0;0;0;0;2836;0;0;125;0;42;0;
10723;4375406;1180368896;16146432;1378918400;0;0;0;0;0;0;0;0;0;0;0;3747;0;0;125;0;42;0;
10724;4765887;1180368896;16146432;1378918400;0;0;0;0;0;0;0;0;0;0;0;2905;0;0;125;0;42;0;
10725;3689669;1180368896;16146432;1378918400;0;0;0;0;0;0;0;0;0;0;0;2835;0;0;125;0;42;0;
10726;4840117;1180368896;16146432;1378918400;0;0;0;0;0;0;0;0;0;0;0;1914;0;0;125;0;42;0;
10727;2886704;1180368896;16146432;1378918400;0;0;0;0;0;0;0;0;0;0;0;2384;0;0;125;0;42;0;
10728;4489970;1180368896;16146432;1378918400;0;0;0;0;0;0;0;0;0;0;0;1983;0;0;125;0;42;0;
10729;2740950;1180368896;16146432;1378918400;0;0;0;0;0;0;0;0;0;0;0;2605;0;0;125;0;42;0;
10730;4810101;1180368896;16146432;1378918400;0;0;0;0;0;0;0;0;0;0;0;2344;0;0;125;0;42;0;
10731;3181868;1180368896;16146432;1378918400;0;0;0;0;0;0;0;0;0;0;0;2415;0;0;125;0;42;0;
10732;4709332;1180368896;16146432;1378918400;0;0;0;0;0;0;0;0;0;0;0;2134;0;0;125;0;42;0;
10733;3384948;1180368896;16146432;1378918400;0;0;0;0;0;0;0;0;0;0;0;2986;0;0;125;0;42;0;
10734;4448212;1180368896;16146432;1378918400;0;0;0;0;0;0;0;0;0;0;0;2185;0;0;125;0;42;0;
10735;3993419;1180368896;16146432;1378918400;0;0;0;0;0;0;0;0;0;0;0;2565;0;0;125;0;42;0;
10736;4903326;1180368896;16146432;1378918400;0;0;0;0;0;0;0;0;0;0;0;2073;0;0;125;0;42;0;
10737;3986656;1180368896;16146432;1378918400;0;0;0;0;0;0;0;0;0;0;0;2285;0;0;125;0;42;0;
10738;4928784;1180368896;16146432;1378918400;0;0;0;0;0;0;0;0;0;0;0;2515;0;0;125;0;42;0;
10739;5370993;1180368896;16146432;1378918400;0;0;0;0;0;0;0;0;0;0;0;7865;0;0;125;0;42;0;
10740;4935877;1180368896;16146432;1378918400;0;0;0;0;0;0;0;0;0;0;0;2134;0;0;125;0;42;0;
10741;4691648;1180368896;16146432;1378918400;0;0;0;0;0;0;0;0;0;0;0;2525;0;0;125;0;42;0;
10742;4787128;1180368896;16146432;1378918400;0;0;0;0;0;0;0;0;0;0;0;2165;0;0;125;0;42;0;
10743;2983395;1180368896;16146432;1378918400;0;0;0;0;0;0;0;0;0;0;0;3076;0;0;125;0;42;0;
10744;4902695;1180368896;16146432;1378918400;0;0;0;0;0;0;0;0;0;0;0;2675;0;0;125;0;42;0;
10745;3361785;1180368896;16146432;1378918400;0;0;0;0;0;0;0;0;0;0;0;3156;0;0;125;0;42;0;
10746;4866577;1180368896;16146432;1378918400;0;0;0;0;0;0;0;0;0;0;0;1923;0;0;125;0;42;0;
10747;2707899;1180368896;16146432;1378918400;0;0;0;0;0;0;0;0;0;0;0;2475;0;0;125;0;42;0;
10748;4181833;1180368896;16146432;1378918400;0;0;0;0;0;0;0;0;0;0;0;2134;0;0;125;0;42;0;
10749;3196825;1180368896;16146432;1378918400;0;0;0;0;0;0;0;0;0;0;0;2925;0;0;125;0;42;0;
10750;4707458;1180368896;16146432;1378918400;0;0;0;0;0;0;0;0;0;0;0;2275;0;0;125;0;42;0;
10751;4163648;1180368896;16146432;1378918400;0;0;0;0;0;0;0;0;0;0;0;2194;0;0;125;0;42;0;
10752;4368934;1180368896;16146432;1378918400;0;0;0;0;0;0;0;0;0;0;0;2074;0;0;125;0;42;0;
10753;3753349;1180368896;16146432;1378918400;0;0;0;0;0;0;0;0;0;0;0;3026;0;0;125;0;42;0;
10754;4748515;1180368896;16146432;1378918400;0;0;0;0;0;0;0;0;0;0;0;2214;0;0;125;0;42;0;
10755;2971693;1180368896;16146432;1378918400;0;0;0;0;0;0;0;0;0;0;0;2244;0;0;125;0;42;0;
10756;4479671;1180368896;16146432;1378918400;0;0;0;0;0;0;0;0;0;0;0;2225;0;0;125;0;42;0;
10757;3101717;1180368896;16146432;1378918400;0;0;0;0;0;0;0;0;0;0;0;2295;0;0;125;0;42;0;
10758;4491704;1180368896;16146432;1378918400;0;0;0;0;0;0;0;0;0;0;0;1824;0;0;125;0;42;0;
10759;3397070;1180368896;16146432;1378918400;0;0;0;0;0;0;0;0;0;0;0;3036;0;0;125;0;42;0;
10760;4558148;1180368896;16146432;1378918400;0;0;0;0;0;0;0;0;0;0;0;2004;0;0;125;0;42;0;
10761;2996360;1180368896;16146432;1378918400;0;0;0;0;0;0;0;0;0;0;0;2565;0;0;125;0;42;0;
10762;4657815;1180368896;16146432;1378918400;0;0;0;0;0;0;0;0;0;0;0;2074;0;0;125;0;42;0;
10763;4044244;1180368896;16146432;1378918400;0;0;0;0;0;0;0;0;0;0;0;3026;0;0;125;0;42;0;
10764;4729620;1180368896;16146432;1378918400;0;0;0;0;0;0;0;0;0;0;0;1914;0;0;125;0;42;0;
10765;3350053;1180368896;16154624;1378926592;0;0;0;0;0;0;0;0;0;0;0;2244;0;0;125;0;42;0;
10766;4519225;1180368896;16154624;1378926592;0;0;0;0;0;0;0;0;0;0;0;2054;0;0;125;0;42;0;
10767;3717472;1180368896;16154624;1378926592;0;0;0;0;0;0;0;0;0;0;0;3056;0;0;125;0;42;0;
10768;4352893;1180368896;16154624;1378926592;0;0;0;0;0;0;0;0;0;0;0;2244;0;0;125;0;42;0;
10769;3209118;1180368896;16154624;1378926592;0;0;0;0;0;0;0;0;0;0;0;2655;0;0;125;0;42;0;
10770;4624943;1180368896;16154624;1378926592;0;0;0;0;0;0;0;0;0;0;0;2074;0;0;125;0;42;0;
10771;3188079;1180467200;16146432;1378918400;0;0;0;0;0;0;0;0;0;0;0;2635;0;0;125;0;42;0;
10772;4856878;1180467200;16146432;1378918400;0;0;0;0;0;0;0;0;0;0;0;2264;0;0;125;0;42;0;
10773;2608893;1180467200;16146432;1378918400;0;0;0;0;0;0;0;0;0;0;0;3136;0;0;125;0;42;0;
10774;4826482;1180467200;16146432;1378918400;0;0;0;0;0;0;0;0;0;0;0;2164;0;0;125;0;42;0;
10775;2677922;1180467200;16146432;1378918400;0;0;0;0;0;0;0;0;0;0;0;1693;0;0;125;0;42;0;
10776;4799581;1180467200;16146432;1378918400;0;0;0;0;0;0;0;0;0;0;0;2254;0;0;125;0;42;0;
10777;2383701;1180467200;16146432;1378918400;0;0;0;0;0;0;0;0;0;0;0;2305;0;0;125;0;42;0;
10778;4821533;1180467200;16146432;1378918400;0;0;0;0;0;0;0;0;0;0;0;2084;0;0;125;0;42;0;
10779;2513635;1180467200;16146432;1378918400;0;0;0;0;0;0;0;0;0;0;0;2514;0;0;125;0;42;0;
10780;4344598;1180467200;16146432;1378918400;0;0;0;0;0;0;0;0;0;0;0;2134;0;0;125;0;42;0;
10781;2465434;1180467200;16146432;1378918400;0;0;0;0;0;0;0;0;0;0;0;2305;0;0;125;0;42;0;
10782;4492334;1180467200;16146432;1378918400;0;0;0;0;0;0;0;0;0;0;0;2204;0;0;125;0;42;0;
10783;2265168;1180467200;16146432;1378918400;0;0;0;0;0;0;0;0;0;0;0;2505;0;0;125;0;42;0;
10784;4605838;1180467200;16146432;1378918400;0;0;0;0;0;0;0;0;0;0;0;2114;0;0;125;0;42;0;
10785;2574898;1180467200;16146432;1378918400;0;0;0;0;0;0;0;0;0;0;0;1663;0;0;125;0;42;0;
10786;4425670;1180467200;16146432;1378918400;0;0;0;0;0;0;0;0;0;0;0;2014;0;0;125;0;42;0;
10787;2551976;1180467200;16146432;1378918400;0;0;0;0;0;0;0;0;0;0;0;2315;0;0;125;0;42;0;
10788;4468100;1180467200;16146432;1378918400;0;0;0;0;0;0;0;0;0;0;0;2194;0;0;125;0;42;0;
10789;2665629;1180467200;16146432;1378918400;0;0;0;0;0;0;0;0;0;0;0;2134;0;0;125;0;42;0;
10790;5026898;1180467200;16146432;1378918400;0;0;0;0;0;0;0;0;0;0;0;2264;0;0;125;0;42;0;
10791;2533632;1180467200;16146432;1378918400;0;0;0;0;0;0;0;0;0;0;0;2134;0;0;125;0;42;0;
10792;4565171;1180467200;16146432;1378918400;0;0;0;0;0;0;0;0;0;0;0;1934;0;0;125;0;42;0;
10793;2690035;1180467200;16146432;1378918400;0;0;0;0;0;0;0;0;0;0;0;2474;0;0;125;0;42;0;
10794;4455035;1180467200;16146432;1378918400;0;0;0;0;0;0;0;0;0;0;0;2074;0;0;125;0;42;0;
10795;2795372;1180467200;16146432;1378918400;0;0;0;0;0;0;0;0;0;0;0;2545;0;0;125;0;42;0;
10796;4475814;1180467200;16146432;1378918400;0;0;0;0;0;0;0;0;0;0;0;2104;0;0;125;0;42;0;
10797;2646012;1180467200;16146432;1378918400;0;0;0;0;0;0;0;0;0;0;0;2324;0;0;125;0;42;0;
10798;4573336;1180467200;16146432;1378918400;0;0;0;0;0;0;0;0;0;0;0;1853;0;0;125;0;42;0;
10799;3830113;1180467200;16146432;1378918400;0;0;0;0;0;0;0;0;0;0;0;2624;0;0;125;0;42;0;
10800;4564279;1180467200;16146432;1378918400;0;0;0;0;0;0;0;0;0;0;0;2144;0;0;125;0;42;0;
10801;2960442;1180467200;16146432;1378918400;0;0;0;0;0;0;0;0;0;0;0;2505;0;0;125;0;42;0;
10802;4867087;1180467200;16146432;1378918400;0;0;0;0;0;0;0;0;0;0;0;1643;0;0;125;0;42;0;
10803;2820740;1180467200;16146432;1378918400;0;0;0;0;0;0;0;0;0;0;0;2705;0;0;125;0;42;0;
10804;4568408;1180467200;16146432;1378918400;0;0;0;0;0;0;0;0;0;0;0;2354;0;0;125;0;42;0;
10805;3459157;1180467200;16146432;1378918400;0;0;0;0;0;0;0;0;0;0;0;2114;0;0;125;0;42;0;
10806;4786837;1180467200;16146432;1378918400;0;0;0;0;0;0;0;0;0;0;0;2094;0;0;125;0;42;0;
10807;3381552;1180467200;16146432;1378918400;0;0;0;0;0;0;0;0;0;0;0;2144;0;0;125;0;42;0;
10808;4342304;1180467200;16146432;1378918400;0;0;0;0;0;0;0;0;0;0;0;2124;0;0;125;0;42;0;
10809;2927770;1180467200;16146432;1378918400;0;0;0;0;0;0;0;0;0;0;0;1894;0;0;125;0;42;0;
10810;4493176;1180467200;16146432;1378918400;0;0;0;0;0;0;0;0;0;0;0;1944;0;0;125;0;42;0;
10811;3385710;1180467200;16146432;1378918400;0;0;0;0;0;0;0;0;0;0;0;2394;0;0;125;0;42;0;
10812;4675468;1180467200;16146432;1378918400;0;0;0;0;0;0;0;0;0;0;0;2023;0;0;125;0;42;0;
10813;2832753;1180467200;16146432;1378918400;0;0;0;0;0;0;0;0;0;0;0;2274;0;0;125;0;42;0;
10814;4525267;1180467200;16146432;1378918400;0;0;0;0;0;0;0;0;0;0;0;2004;0;0;125;0;42;0;
10815;2821431;1180467200;16146432;1378918400;0;0;0;0;0;0;0;0;0;0;0;2735;0;0;125;0;42;0;
10816;4640453;1180467200;16146432;1378918400;0;0;0;0;0;0;0;0;0;0;0;2214;0;0;125;0;42;0;
10817;2876445;1180467200;16146432;1378918400;0;0;0;0;0;0;0;0;0;0;0;2435;0;0;125;0;42;0;
10818;4473730;1180467200;16146432;1378918400;0;0;0;0;0;0;0;0;0;0;0;2214;0;0;125;0;42;0;
10819;2998754;1180467200;16146432;1378918400;0;0;0;0;0;0;0;0;0;0;0;2605;0;0;125;0;42;0;
10820;4528122;1180467200;16146432;1378918400;0;0;0;0;0;0;0;0;0;0;0;2144;0;0;125;0;42;0;
10821;3035784;1180467200;16146432;1378918400;0;0;0;0;0;0;0;0;0;0;0;2685;0;0;125;0;42;0;
10822;4483718;1180467200;16146432;1378918400;0;0;0;0;0;0;0;0;0;0;0;2164;0;0;125;0;42;0;
10823;3694468;1180467200;16146432;1378918400;0;0;0;0;0;0;0;0;0;0;0;2855;0;0;125;0;42;0;
10824;4427593;1180467200;16146432;1378918400;0;0;0;0;0;0;0;0;0;0;0;2134;0;0;125;0;42;0;
10825;3231881;1180467200;16146432;1378918400;0;0;0;0;0;0;0;0;0;0;0;2324;0;0;125;0;42;0;
10826;4730512;1180467200;16146432;1378918400;0;0;0;0;0;0;0;0;0;0;0;1963;0;0;125;0;42;0;
10827;3068434;1180467200;16146432;1378918400;0;0;0;0;0;0;0;0;0;0;0;2214;0;0;125;0;42;0;
10828;4795193;1180467200;16146432;1378918400;0;0;0;0;0;0;0;0;0;0;0;1913;0;0;125;0;42;0;
10829;2951736;1180467200;16146432;1378918400;0;0;0;0;0;0;0;0;0;0;0;2284;0;0;125;0;42;0;
10830;4619654;1180467200;16146432;1378918400;0;0;0;0;0;0;0;0;0;0;0;2164;0;0;125;0;42;0;
10831;3321238;1180467200;16146432;1378918400;0;0;0;0;0;0;0;0;0;0;0;2134;0;0;125;0;42;0;
10832;4608122;1180467200;16146432;1378918400;0;0;0;0;0;0;0;0;0;0;0;2144;0;0;125;0;42;0;
10833;3116204;1180467200;16146432;1378918400;0;0;0;0;0;0;0;0;0;0;0;2504;0;0;125;0;42;0;
10834;4478268;1180467200;16146432;1378918400;0;0;0;0;0;0;0;0;0;0;0;2174;0;0;125;0;42;0;
10835;2642005;1180467200;16146432;1378918400;0;0;0;0;0;0;0;0;0;0;0;2665;0;0;125;0;42;0;
10836;4481474;1180467200;16146432;1378918400;0;0;0;0;0;0;0;0;0;0;0;1803;0;0;125;0;42;0;
10837;3615331;1180467200;16146432;1378918400;0;0;0;0;0;0;0;0;0;0;0;2134;0;0;125;0;42;0;
10838;4885923;1180467200;16146432;1378918400;0;0;0;0;0;0;0;0;0;0;0;2454;0;0;125;0;42;0;
10839;3065910;1180467200;16146432;1378918400;0;0;0;0;0;0;0;0;0;0;0;2315;0;0;125;0;42;0;
10840;4398439;1180467200;16146432;1378918400;0;0;0;0;0;0;0;0;0;0;0;2084;0;0;125;0;42;0;
10841;3519610;1180467200;16146432;1378918400;0;0;0;0;0;0;0;0;0;0;0;2304;0;0;125;0;42;0;
10842;4497494;1180467200;16146432;1378918400;0;0;0;0;0;0;0;0;0;0;0;2034;0;0;125;0;42;0;
10843;2805482;1180467200;16146432;1378918400;0;0;0;0;0;0;0;0;0;0;0;2615;0;0;125;0;42;0;
10844;4426001;1180467200;16146432;1378918400;0;0;0;0;0;0;0;0;0;0;0;2084;0;0;125;0;42;0;
10845;3264513;1180467200;16146432;1378918400;0;0;0;0;0;0;0;0;0;0;0;2435;0;0;125;0;42;0;
10846;4478619;1180467200;16146432;1378918400;0;0;0;0;0;0;0;0;0;0;0;2034;0;0;125;0;42;0;
10847;2693091;1180467200;16146432;1378918400;0;0;0;0;0;0;0;0;0;0;0;2715;0;0;125;0;42;0;
10848;4493817;1180467200;16146432;1378918400;0;0;0;0;0;0;0;0;0;0;0;2305;0;0;125;0;42;0;
10849;3347378;1180467200;16146432;1378918400;0;0;0;0;0;0;0;0;0;0;0;2785;0;0;125;0;42;0;
10850;4779443;1180467200;16146432;1378918400;0;0;0;0;0;0;0;0;0;0;0;2144;0;0;125;0;42;0;
10851;3117236;1180467200;16146432;1378918400;0;0;0;0;0;0;0;0;0;0;0;2465;0;0;125;0;42;0;
10852;4570301;1180467200;16146432;1378918400;0;0;0;0;0;0;0;0;0;0;0;2074;0;0;125;0;42;0;
10853;2921900;1180467200;16146432;1378918400;0;0;0;0;0;0;0;0;0;0;0;1894;0;0;125;0;42;0;
10854;4701357;1180467200;16146432;1378918400;0;0;0;0;0;0;0;0;0;0;0;2084;0;0;125;0;42;0;
10855;3268299;1180467200;16146432;1378918400;0;0;0;0;0;0;0;0;0;0;0;2455;0;0;125;0;42;0;
10856;4525076;1180467200;16146432;1378918400;0;0;0;0;0;0;0;0;0;0;0;2464;0;0;125;0;42;0;
10857;2953990;1180467200;16146432;1378918400;0;0;0;0;0;0;0;0;0;0;0;3256;0;0;125;0;42;0;
10858;4548600;1180467200;16146432;1378918400;0;0;0;0;0;0;0;0;0;0;0;2174;0;0;125;0;42;0;
10859;3539989;1180467200;16146432;1378918400;0;0;0;0;0;0;0;0;0;0;0;2094;0;0;125;0;42;0;
10860;10508097;1180467200;16146432;1378918400;0;0;0;0;0;0;0;0;0;0;0;2034;0;0;125;0;42;0;
10861;2992772;1180467200;16146432;1378918400;0;0;0;0;0;0;0;0;0;0;0;2455;0;0;125;0;42;0;
10862;4745930;1180467200;16146432;1378918400;0;0;0;0;0;0;0;0;0;0;0;1994;0;0;125;0;42;0;
10863;3086178;1180467200;16146432;1378918400;0;0;0;0;0;0;0;0;0;0;0;3096;0;0;125;0;42;0;
10864;4515789;1180467200;16146432;1378918400;0;0;0;0;0;0;0;0;0;0;0;2084;0;0;125;0;42;0;
10865;5860461;1180467200;16146432;1378918400;0;0;0;0;0;0;0;0;0;0;0;2384;0;0;125;0;42;0;
10866;4509548;1180467200;16146432;1378918400;0;0;0;0;0;0;0;0;0;0;0;1944;0;0;125;0;42;0;
10867;2886373;1180467200;16146432;1378918400;0;0;0;0;0;0;0;0;0;0;0;2364;0;0;125;0;42;0;
10868;4531298;1180467200;16146432;1378918400;0;0;0;0;0;0;0;0;0;0;0;2023;0;0;125;0;42;0;
10869;3935621;1180467200;16146432;1378918400;0;0;0;0;0;0;0;0;0;0;0;2485;0;0;125;0;42;0;
10870;4514086;1180467200;16146432;1378918400;0;0;0;0;0;0;0;0;0;0;0;2184;0;0;125;0;42;0;
10871;2835998;1180467200;16146432;1378918400;0;0;0;0;0;0;0;0;0;0;0;2344;0;0;125;0;42;0;
10872;4235633;1180467200;16146432;1378918400;0;0;0;0;0;0;0;0;0;0;0;2224;0;0;125;0;42;0;
10873;3860961;1180467200;16146432;1378918400;0;0;0;0;0;0;0;0;0;0;0;2484;0;0;125;0;42;0;
10874;4873861;1180467200;16146432;1378918400;0;0;0;0;0;0;0;0;0;0;0;1944;0;0;125;0;42;0;
10875;3267488;1180467200;16146432;1378918400;0;0;0;0;0;0;0;0;0;0;0;2073;0;0;125;0;42;0;
10876;4895251;1180467200;16146432;1378918400;0;0;0;0;0;0;0;0;0;0;0;2103;0;0;125;0;42;0;
10877;2971162;1180467200;16146432;1378918400;0;0;0;0;0;0;0;0;0;0;0;2324;0;0;125;0;42;0;
10878;5320818;1180467200;16146432;1378918400;0;0;0;0;0;0;0;0;0;0;0;1814;0;0;125;0;42;0;
10879;3211373;1180467200;16146432;1378918400;0;0;0;0;0;0;0;0;0;0;0;2505;0;0;125;0;42;0;
10880;4489099;1180467200;16146432;1378918400;0;0;0;0;0;0;0;0;0;0;0;1804;0;0;125;0;42;0;
10881;4133041;1180467200;16146432;1378918400;0;0;0;0;0;0;0;0;0;0;0;2555;0;0;125;0;42;0;
10882;4662043;1180467200;16146432;1378918400;0;0;0;0;0;0;0;0;0;0;0;2134;0;0;125;0;42;0;
10883;2725802;1180467200;16146432;1378918400;0;0;0;0;0;0;0;0;0;0;0;2515;0;0;125;0;42;0;
10884;4393309;1180467200;16146432;1378918400;0;0;0;0;0;0;0;0;0;0;0;2154;0;0;125;0;42;0;
10885;3855570;1180467200;16146432;1378918400;0;0;0;0;0;0;0;0;0;0;0;2715;0;0;125;0;42;0;
10886;4786867;1180467200;16146432;1378918400;0;0;0;0;0;0;0;0;0;0;0;2355;0;0;125;0;42;0;
10887;2977695;1180467200;16146432;1378918400;0;0;0;0;0;0;0;0;0;0;0;2595;0;0;125;0;42;0;
10888;4693913;1180467200;16146432;1378918400;0;0;0;0;0;0;0;0;0;0;0;2244;0;0;125;0;42;0;
10889;2468619;1180467200;16146432;1378918400;0;0;0;0;0;0;0;0;0;0;0;3045;0;0;125;0;42;0;
10890;5217084;1180467200;16146432;1378918400;0;0;0;0;0;0;0;0;0;0;0;2244;0;0;125;0;42;0;
10891;2623129;1180467200;16146432;1378918400;0;0;0;0;0;0;0;0;0;0;0;2044;0;0;125;0;42;0;
10892;4869302;1180467200;16146432;1378918400;0;0;0;0;0;0;0;0;0;0;0;2525;0;0;125;0;42;0;
10893;3121273;1180467200;16154624;1378926592;0;0;0;0;0;0;0;0;0;0;0;2245;0;0;125;0;42;0;
10894;4960362;1180467200;16154624;1378926592;0;0;0;0;0;0;0;0;0;0;0;2415;0;0;125;0;42;0;
10895;3438218;1180467200;16154624;1378926592;0;0;0;0;0;0;0;0;0;0;0;2064;0;0;125;0;42;0;
10896;4994998;1180467200;16154624;1378926592;0;0;0;0;0;0;0;0;0;0;0;2224;0;0;125;0;42;0;
10897;3104562;1180467200;16154624;1378926592;0;0;0;0;0;0;0;0;0;0;0;2585;0;0;125;0;42;0;
10898;4822074;1180467200;16154624;1378926592;0;0;0;0;0;0;0;0;0;0;0;2044;0;0;125;0;42;0;
10899;2806834;1180528640;16146432;1378918400;0;0;0;0;0;0;0;0;0;0;0;2524;0;0;125;0;42;0;
10900;4542218;1180528640;16146432;1378918400;0;0;0;0;0;0;0;0;0;0;0;2194;0;0;125;0;42;0;
10901;3174844;1180528640;16146432;1378918400;0;0;0;0;0;0;0;0;0;0;0;3065;0;0;125;0;42;0;
10902;5534619;1180528640;16146432;1378918400;0;0;0;0;0;0;0;0;0;0;0;2284;0;0;125;0;42;0;
10903;3039791;1180528640;16146432;1378918400;0;0;0;0;0;0;0;0;0;0;0;2525;0;0;125;0;42;0;
10904;4430899;1180528640;16146432;1378918400;0;0;0;0;0;0;0;0;0;0;0;2053;0;0;125;0;42;0;
10905;3053547;1180528640;16146432;1378918400;0;0;0;0;0;0;0;0;0;0;0;2184;0;0;125;0;42;0;
10906;4997903;1180528640;16146432;1378918400;0;0;0;0;0;0;0;0;0;0;0;2284;0;0;125;0;42;0;
10907;3276484;1180528640;16146432;1378918400;0;0;0;0;0;0;0;0;0;0;0;3086;0;0;125;0;42;0;
10908;4843063;1180528640;16146432;1378918400;0;0;0;0;0;0;0;0;0;0;0;2144;0;0;125;0;42;0;
10909;2746982;1180528640;16146432;1378918400;0;0;0;0;0;0;0;0;0;0;0;2314;0;0;125;0;42;0;
10910;4673755;1180528640;16146432;1378918400;0;0;0;0;0;0;0;0;0;0;0;1974;0;0;125;0;42;0;
10911;2654869;1180528640;16146432;1378918400;0;0;0;0;0;0;0;0;0;0;0;2695;0;0;125;0;42;0;
10912;4586190;1180528640;16146432;1378918400;0;0;0;0;0;0;0;0;0;0;0;2194;0;0;125;0;42;0;
10913;3261467;1180528640;16146432;1378918400;0;0;0;0;0;0;0;0;0;0;0;2715;0;0;125;0;42;0;
10914;4516660;1180528640;16146432;1378918400;0;0;0;0;0;0;0;0;0;0;0;1893;0;0;125;0;42;0;
10915;3124069;1180528640;16146432;1378918400;0;0;0;0;0;0;0;0;0;0;0;2855;0;0;125;0;42;0;
10916;4547077;1180528640;16146432;1378918400;0;0;0;0;0;0;0;0;0;0;0;2675;0;0;125;0;42;0;
10917;2530827;1180528640;16146432;1378918400;0;0;0;0;0;0;0;0;0;0;0;2625;0;0;125;0;42;0;
10918;4690396;1180528640;16146432;1378918400;0;0;0;0;0;0;0;0;0;0;0;2215;0;0;125;0;42;0;
10919;2723518;1180528640;16146432;1378918400;0;0;0;0;0;0;0;0;0;0;0;1844;0;0;125;0;42;0;
10920;4435228;1180528640;16146432;1378918400;0;0;0;0;0;0;0;0;0;0;0;2014;0;0;125;0;42;0;
10921;2737003;1180528640;16146432;1378918400;0;0;0;0;0;0;0;0;0;0;0;2515;0;0;125;0;42;0;
10922;4723609;1180528640;16146432;1378918400;0;0;0;0;0;0;0;0;0;0;0;1944;0;0;125;0;42;0;
10923;2339938;1180528640;16146432;1378918400;0;0;0;0;0;0;0;0;0;0;0;2094;0;0;125;0;42;0;
10924;4728207;1180528640;16146432;1378918400;0;0;0;0;0;0;0;0;0;0;0;1974;0;0;125;0;42;0;
10925;2970611;1180528640;16146432;1378918400;0;0;0;0;0;0;0;0;0;0;0;2054;0;0;125;0;42;0;
10926;4475693;1180528640;16146432;1378918400;0;0;0;0;0;0;0;0;0;0;0;1884;0;0;125;0;42;0;
10927;2551375;1180528640;16146432;1378918400;0;0;0;0;0;0;0;0;0;0;0;2194;0;0;125;0;42;0;
10928;4744057;1180528640;16146432;1378918400;0;0;0;0;0;0;0;0;0;0;0;2074;0;0;125;0;42;0;
10929;2466566;1180528640;16146432;1378918400;0;0;0;0;0;0;0;0;0;0;0;2595;0;0;125;0;42;0;
10930;4361690;1180528640;16146432;1378918400;0;0;0;0;0;0;0;0;0;0;0;2225;0;0;125;0;42;0;
10931;2782408;1180528640;16146432;1378918400;0;0;0;0;0;0;0;0;0;0;0;2665;0;0;125;0;42;0;
10932;4442371;1180528640;16146432;1378918400;0;0;0;0;0;0;0;0;0;0;0;1984;0;0;125;0;42;0;
10933;2322035;1180528640;16146432;1378918400;0;0;0;0;0;0;0;0;0;0;0;2144;0;0;125;0;42;0;
10934;5068145;1180528640;16146432;1378918400;0;0;0;0;0;0;0;0;0;0;0;2054;0;0;125;0;42;0;
10935;2761839;1180528640;16146432;1378918400;0;0;0;0;0;0;0;0;0;0;0;2274;0;0;125;0;42;0;
10936;4571914;1180528640;16146432;1378918400;0;0;0;0;0;0;0;0;0;0;0;2234;0;0;125;0;42;0;
10937;3083413;1180528640;16146432;1378918400;0;0;0;0;0;0;0;0;0;0;0;2896;0;0;125;0;42;0;
10938;4631897;1180528640;16146432;1378918400;0;0;0;0;0;0;0;0;0;0;0;1934;0;0;125;0;42;0;
10939;2628990;1180528640;16146432;1378918400;0;0;0;0;0;0;0;0;0;0;0;2254;0;0;125;0;42;0;
10940;4287891;1180528640;16146432;1378918400;0;0;0;0;0;0;0;0;0;0;0;2284;0;0;125;0;42;0;
10941;2202660;1180528640;16146432;1378918400;0;0;0;0;0;0;0;0;0;0;0;2324;0;0;125;0;42;0;
10942;4321284;1180528640;16146432;1378918400;0;0;0;0;0;0;0;0;0;0;0;1954;0;0;125;0;42;0;
10943;3745104;1180528640;16146432;1378918400;0;0;0;0;0;0;0;0;0;0;0;2004;0;0;125;0;42;0;
10944;4364475;1180528640;16146432;1378918400;0;0;0;0;0;0;0;0;0;0;0;2264;0;0;125;0;42;0;
10945;3298776;1180528640;16146432;1378918400;0;0;0;0;0;0;0;0;0;0;0;2655;0;0;125;0;42;0;
10946;4779514;1180528640;16146432;1378918400;0;0;0;0;0;0;0;0;0;0;0;2084;0;0;125;0;42;0;
10947;3365632;1180528640;16146432;1378918400;0;0;0;0;0;0;0;0;0;0;0;2064;0;0;125;0;42;0;
10948;4507644;1180528640;16146432;1378918400;0;0;0;0;0;0;0;0;0;0;0;1923;0;0;125;0;42;0;
10949;2873509;1180528640;16146432;1378918400;0;0;0;0;0;0;0;0;0;0;0;2334;0;0;125;0;42;0;
10950;4725713;1180528640;16146432;1378918400;0;0;0;0;0;0;0;0;0;0;0;1863;0;0;125;0;42;0;
10951;3343851;1180528640;16146432;1378918400;0;0;0;0;0;0;0;0;0;0;0;2745;0;0;125;0;42;0;
10952;4377259;1180528640;16146432;1378918400;0;0;0;0;0;0;0;0;0;0;0;2034;0;0;125;0;42;0;
10953;2905229;1180528640;16146432;1378918400;0;0;0;0;0;0;0;0;0;0;0;2024;0;0;125;0;42;0;
10954;4551957;1180528640;16146432;1378918400;0;0;0;0;0;0;0;0;0;0;0;2034;0;0;125;0;42;0;
10955;3243122;1180528640;16146432;1378918400;0;0;0;0;0;0;0;0;0;0;0;2956;0;0;125;0;42;0;
10956;4499468;1180528640;16146432;1378918400;0;0;0;0;0;0;0;0;0;0;0;1984;0;0;125;0;42;0;
10957;2167575;1180528640;16146432;1378918400;0;0;0;0;0;0;0;0;0;0;0;1934;0;0;125;0;42;0;
10958;4227598;1180528640;16146432;1378918400;0;0;0;0;0;0;0;0;0;0;0;2014;0;0;125;0;42;0;
10959;2703791;1180528640;16146432;1378918400;0;0;0;0;0;0;0;0;0;0;0;2585;0;0;125;0;42;0;
10960;4738125;1180528640;16146432;1378918400;0;0;0;0;0;0;0;0;0;0;0;2164;0;0;125;0;42;0;
10961;2776788;1180528640;16146432;1378918400;0;0;0;0;0;0;0;0;0;0;0;1913;0;0;125;0;42;0;
10962;4375686;1180528640;16146432;1378918400;0;0;0;0;0;0;0;0;0;0;0;2004;0;0;125;0;42;0;
10963;2460675;1180528640;16146432;1378918400;0;0;0;0;0;0;0;0;0;0;0;2544;0;0;125;0;42;0;
10964;4358373;1180528640;16146432;1378918400;0;0;0;0;0;0;0;0;0;0;0;2164;0;0;125;0;42;0;
10965;3270083;1180528640;16146432;1378918400;0;0;0;0;0;0;0;0;0;0;0;2425;0;0;125;0;42;0;
10966;4686579;1180528640;16146432;1378918400;0;0;0;0;0;0;0;0;0;0;0;1964;0;0;125;0;42;0;
10967;2621577;1180528640;16146432;1378918400;0;0;0;0;0;0;0;0;0;0;0;2425;0;0;125;0;42;0;
10968;4398990;1180528640;16146432;1378918400;0;0;0;0;0;0;0;0;0;0;0;2024;0;0;125;0;42;0;
10969;3285301;1180528640;16146432;1378918400;0;0;0;0;0;0;0;0;0;0;0;2525;0;0;125;0;42;0;
10970;4408608;1180528640;16146432;1378918400;0;0;0;0;0;0;0;0;0;0;0;2245;0;0;125;0;42;0;
10971;2336051;1180528640;16146432;1378918400;0;0;0;0;0;0;0;0;0;0;0;2505;0;0;125;0;42;0;
10972;4584838;1180528640;16146432;1378918400;0;0;0;0;0;0;0;0;0;0;0;1894;0;0;125;0;42;0;
10973;3695361;1180528640;16146432;1378918400;0;0;0;0;0;0;0;0;0;0;0;2585;0;0;125;0;42;0;
10974;4730582;1180528640;16146432;1378918400;0;0;0;0;0;0;0;0;0;0;0;2274;0;0;125;0;42;0;
10975;2615004;1180528640;16146432;1378918400;0;0;0;0;0;0;0;0;0;0;0;2304;0;0;125;0;42;0;
10976;4712397;1180528640;16146432;1378918400;0;0;0;0;0;0;0;0;0;0;0;2645;0;0;125;0;42;0;
10977;2304702;1180528640;16146432;1378918400;0;0;0;0;0;0;0;0;0;0;0;2464;0;0;125;0;42;0;
10978;5356135;1180528640;16146432;1378918400;0;0;0;0;0;0;0;0;0;0;0;2205;0;0;125;0;42;0;
10979;2439765;1180528640;16146432;1378918400;0;0;0;0;0;0;0;0;0;0;0;2424;0;0;125;0;42;0;
10980;4496122;1180528640;16146432;1378918400;0;0;0;0;0;0;0;0;0;0;0;1884;0;0;125;0;42;0;
10981;2787527;1180528640;16146432;1378918400;0;0;0;0;0;0;0;0;0;0;0;2104;0;0;125;0;42;0;
10982;4940736;1180528640;16146432;1378918400;0;0;0;0;0;0;0;0;0;0;0;2094;0;0;125;0;42;0;
10983;2930846;1180528640;16146432;1378918400;0;0;0;0;0;0;0;0;0;0;0;2655;0;0;125;0;42;0;
10984;4597352;1180528640;16146432;1378918400;0;0;0;0;0;0;0;0;0;0;0;2084;0;0;125;0;42;0;
10985;2875663;1180528640;16146432;1378918400;0;0;0;0;0;0;0;0;0;0;0;2264;0;0;125;0;42;0;
10986;4398448;1180528640;16146432;1378918400;0;0;0;0;0;0;0;0;0;0;0;2014;0;0;125;0;42;0;
10987;2946135;1180528640;16146432;1378918400;0;0;0;0;0;0;0;0;0;0;0;2214;0;0;125;0;42;0;
10988;4383210;1180528640;16146432;1378918400;0;0;0;0;0;0;0;0;0;0;0;1993;0;0;125;0;42;0;
10989;2615034;1180528640;16146432;1378918400;0;0;0;0;0;0;0;0;0;0;0;2094;0;0;125;0;42;0;
10990;4555163;1180528640;16146432;1378918400;0;0;0;0;0;0;0;0;0;0;0;1934;0;0;125;0;42;0;
10991;3118688;1180528640;16146432;1378918400;0;0;0;0;0;0;0;0;0;0;0;2835;0;0;125;0;42;0;
10992;4724000;1180528640;16146432;1378918400;0;0;0;0;0;0;0;0;0;0;0;1843;0;0;125;0;42;0;
10993;2974618;1180528640;16146432;1378918400;0;0;0;0;0;0;0;0;0;0;0;2034;0;0;125;0;42;0;
10994;5007400;1180528640;16146432;1378918400;0;0;0;0;0;0;0;0;0;0;0;2164;0;0;125;0;42;0;
10995;2408928;1180528640;16146432;1378918400;0;0;0;0;0;0;0;0;0;0;0;2225;0;0;125;0;42;0;
10996;4199606;1180528640;16146432;1378918400;0;0;0;0;0;0;0;0;0;0;0;2324;0;0;125;0;42;0;
10997;3658481;1180528640;16146432;1378918400;0;0;0;0;0;0;0;0;0;0;0;2625;0;0;125;0;42;0;
10998;4754106;1180528640;16146432;1378918400;0;0;0;0;0;0;0;0;0;0;0;2435;0;0;125;0;42;0;
10999;3933677;1180528640;16146432;1378918400;0;0;0;0;0;0;0;0;0;0;0;2645;0;0;125;0;42;0;
11000;4669868;1180528640;16146432;1378918400;0;0;0;0;0;0;0;0;0;0;0;2164;0;0;125;0;42;0;
11001;3614339;1180528640;16146432;1378918400;0;0;0;0;0;0;0;0;0;0;0;2385;0;0;125;0;42;0;
11002;4512232;1180528640;16146432;1378918400;0;0;0;0;0;0;0;0;0;0;0;2084;0;0;125;0;42;0;
11003;2336161;1180528640;16146432;1378918400;0;0;0;0;0;0;0;0;0;0;0;2574;0;0;125;0;42;0;
11004;4613272;1180528640;16146432;1378918400;0;0;0;0;0;0;0;0;0;0;0;1863;0;0;125;0;42;0;
11005;3642361;1180528640;16146432;1378918400;0;0;0;0;0;0;0;0;0;0;0;2535;0;0;125;0;42;0;
11006;4357141;1180528640;16146432;1378918400;0;0;0;0;0;0;0;0;0;0;0;1994;0;0;125;0;42;0;
11007;2922711;1180528640;16146432;1378918400;0;0;0;0;0;0;0;0;0;0;0;3357;0;0;125;0;42;0;
11008;5472934;1180528640;16146432;1378918400;0;0;0;0;0;0;0;0;0;0;0;2124;0;0;125;0;42;0;
11009;3743621;1180528640;16146432;1378918400;0;0;0;0;0;0;0;0;0;0;0;2154;0;0;125;0;42;0;
11010;4435277;1180528640;16146432;1378918400;0;0;0;0;0;0;0;0;0;0;0;1844;0;0;125;0;42;0;
11011;3593550;1180528640;16146432;1378918400;0;0;0;0;0;0;0;0;0;0;0;2585;0;0;125;0;42;0;
11012;5085156;1180528640;16146432;1378918400;0;0;0;0;0;0;0;0;0;0;0;2275;0;0;125;0;42;0;
11013;3304217;1180528640;16146432;1378918400;0;0;0;0;0;0;0;0;0;0;0;2495;0;0;125;0;42;0;
11014;4406874;1180528640;16146432;1378918400;0;0;0;0;0;0;0;0;0;0;0;2154;0;0;125;0;42;0;
11015;3221191;1180528640;16146432;1378918400;0;0;0;0;0;0;0;0;0;0;0;2454;0;0;125;0;42;0;
11016;4775156;1180528640;16146432;1378918400;0;0;0;0;0;0;0;0;0;0;0;2134;0;0;125;0;42;0;
11017;3171347;1180528640;16146432;1378918400;0;0;0;0;0;0;0;0;0;0;0;2063;0;0;125;0;42;0;
11018;4585179;1180528640;16146432;1378918400;0;0;0;0;0;0;0;0;0;0;0;2355;0;0;125;0;42;0;
11019;3346145;1180528640;16146432;1378918400;0;0;0;0;0;0;0;0;0;0;0;2194;0;0;125;0;42;0;
11020;4364735;1180528640;16146432;1378918400;0;0;0;0;0;0;0;0;0;0;0;2113;0;0;125;0;42;0;
11021;3441203;1180528640;16146432;1378918400;0;0;0;0;0;0;0;0;0;0;0;2655;0;0;125;0;42;0;
11022;4565342;1180528640;16146432;1378918400;0;0;0;0;0;0;0;0;0;0;0;2244;0;0;125;0;42;0;
11023;2752962;1180528640;16146432;1378918400;0;0;0;0;0;0;0;0;0;0;0;2214;0;0;125;0;42;0;
11024;4880673;1180528640;16146432;1378918400;0;0;0;0;0;0;0;0;0;0;0;1713;0;0;125;0;42;0;
11025;2523092;1180528640;16146432;1378918400;0;0;0;0;0;0;0;0;0;0;0;3015;0;0;125;0;42;0;
11026;4487295;1180528640;16146432;1378918400;0;0;0;0;0;0;0;0;0;0;0;2255;0;0;125;0;42;0;
11027;2270549;1180528640;16146432;1378918400;0;0;0;0;0;0;0;0;0;0;0;2324;0;0;125;0;42;0;
11028;4626487;1180528640;16146432;1378918400;0;0;0;0;0;0;0;0;0;0;0;2294;0;0;125;0;42;0;
11029;3660826;1180528640;16146432;1378918400;0;0;0;0;0;0;0;0;0;0;0;2715;0;0;125;0;42;0;
11030;4659028;1180528640;16146432;1378918400;0;0;0;0;0;0;0;0;0;0;0;2114;0;0;125;0;42;0;
11031;2730841;1180528640;16146432;1378918400;0;0;0;0;0;0;0;0;0;0;0;2305;0;0;125;0;42;0;
11032;4154872;1180528640;16146432;1378918400;0;0;0;0;0;0;0;0;0;0;0;2104;0;0;125;0;42;0;
11033;3086458;1180528640;16146432;1378918400;0;0;0;0;0;0;0;0;0;0;0;3005;0;0;125;0;42;0;
11034;4561956;1180528640;16146432;1378918400;0;0;0;0;0;0;0;0;0;0;0;1974;0;0;125;0;42;0;
11035;2390333;1180528640;16146432;1378918400;0;0;0;0;0;0;0;0;0;0;0;2004;0;0;125;0;42;0;
11036;4600417;1180528640;16146432;1378918400;0;0;0;0;0;0;0;0;0;0;0;2014;0;0;125;0;42;0;
11037;2496702;1180528640;16146432;1378918400;0;0;0;0;0;0;0;0;0;0;0;2465;0;0;125;0;42;0;
11038;4770687;1180528640;16146432;1378918400;0;0;0;0;0;0;0;0;0;0;0;1994;0;0;125;0;42;0;
11039;2738265;1180528640;16146432;1378918400;0;0;0;0;0;0;0;0;0;0;0;3036;0;0;125;0;42;0;
11040;4379053;1180528640;16146432;1378918400;0;0;0;0;0;0;0;0;0;0;0;2104;0;0;125;0;42;0;
11041;2950974;1180528640;16146432;1378918400;0;0;0;0;0;0;0;0;0;0;0;2444;0;0;125;0;42;0;
11042;4468801;1180528640;16146432;1378918400;0;0;0;0;0;0;0;0;0;0;0;1924;0;0;125;0;42;0;
11043;4990650;1180528640;16146432;1378918400;0;0;0;0;0;0;0;0;0;0;0;1884;0;0;125;0;42;0;
11044;4613322;1180528640;16146432;1378918400;0;0;0;0;0;0;0;0;0;0;0;2124;0;0;125;0;42;0;
11045;3689600;1180528640;16146432;1378918400;0;0;0;0;0;0;0;0;0;0;0;2494;0;0;125;0;42;0;
11046;4966554;1180528640;16146432;1378918400;0;0;0;0;0;0;0;0;0;0;0;2114;0;0;125;0;42;0;
11047;2695666;1180528640;16146432;1378918400;0;0;0;0;0;0;0;0;0;0;0;2485;0;0;125;0;42;0;
11048;4791125;1180528640;16146432;1378918400;0;0;0;0;0;0;0;0;0;0;0;2254;0;0;125;0;42;0;
11049;2893817;1180528640;16146432;1378918400;0;0;0;0;0;0;0;0;0;0;0;2915;0;0;125;0;42;0;
11050;4694364;1180528640;16146432;1378918400;0;0;0;0;0;0;0;0;0;0;0;2124;0;0;125;0;42;0;
11051;2978626;1180528640;16146432;1378918400;0;0;0;0;0;0;0;0;0;0;0;2645;0;0;125;0;42;0;
11052;4490511;1180528640;16146432;1378918400;0;0;0;0;0;0;0;0;0;0;0;2084;0;0;125;0;42;0;
11053;2781306;1180528640;16146432;1378918400;0;0;0;0;0;0;0;0;0;0;0;2525;0;0;125;0;42;0;
11054;4519255;1180528640;16146432;1378918400;0;0;0;0;0;0;0;0;0;0;0;2114;0;0;125;0;42;0;
11055;3837738;1180528640;16146432;1378918400;0;0;0;0;0;0;0;0;0;0;0;3076;0;0;125;0;42;0;
11056;5284601;1180528640;16146432;1378918400;0;0;0;0;0;0;0;0;0;0;0;2374;0;0;125;0;42;0;
11057;3025694;1180528640;16146432;1378918400;0;0;0;0;0;0;0;0;0;0;0;2665;0;0;125;0;42;0;
11058;4422504;1180528640;16146432;1378918400;0;0;0;0;0;0;0;0;0;0;0;2184;0;0;125;0;42;0;
11059;3510854;1180528640;16146432;1378918400;0;0;0;0;0;0;0;0;0;0;0;2765;0;0;125;0;42;0;
11060;4766419;1180528640;16146432;1378918400;0;0;0;0;0;0;0;0;0;0;0;1854;0;0;125;0;42;0;
11061;2411413;1180528640;16146432;1378918400;0;0;0;0;0;0;0;0;0;0;0;2345;0;0;125;0;42;0;
11062;4372630;1180528640;16146432;1378918400;0;0;0;0;0;0;0;0;0;0;0;1923;0;0;125;0;42;0;
11063;3355553;1180528640;16146432;1378918400;0;0;0;0;0;0;0;0;0;0;0;2574;0;0;125;0;42;0;
11064;4649009;1180528640;16146432;1378918400;0;0;0;0;0;0;0;0;0;0;0;2224;0;0;125;0;42;0;
11065;4496102;1180528640;16146432;1378918400;0;0;0;0;0;0;0;0;0;0;0;2224;0;0;125;0;42;0;
11066;4334459;1180528640;16146432;1378918400;0;0;0;0;0;0;0;0;0;0;0;2184;0;0;125;0;42;0;
11067;3284990;1180528640;16146432;1378918400;0;0;0;0;0;0;0;0;0;0;0;2535;0;0;125;0;42;0;
11068;4782388;1180528640;16146432;1378918400;0;0;0;0;0;0;0;0;0;0;0;2285;0;0;125;0;42;0;
11069;2860996;1180528640;16146432;1378918400;0;0;0;0;0;0;0;0;0;0;0;2305;0;0;125;0;42;0;
11070;4471045;1180528640;16146432;1378918400;0;0;0;0;0;0;0;0;0;0;0;2344;0;0;125;0;42;0;
11071;3464837;1180528640;16146432;1378918400;0;0;0;0;0;0;0;0;0;0;0;3116;0;0;125;0;42;0;
11072;4811814;1180528640;16146432;1378918400;0;0;0;0;0;0;0;0;0;0;0;2104;0;0;125;0;42;0;
11073;2928131;1180528640;16146432;1378918400;0;0;0;0;0;0;0;0;0;0;0;2425;0;0;125;0;42;0;
11074;4697760;1180528640;16146432;1378918400;0;0;0;0;0;0;0;0;0;0;0;1954;0;0;125;0;42;0;
11075;3111014;1180528640;16146432;1378918400;0;0;0;0;0;0;0;0;0;0;0;2565;0;0;125;0;42;0;
11076;4644360;1180528640;16146432;1378918400;0;0;0;0;0;0;0;0;0;0;0;2214;0;0;125;0;42;0;
11077;3084344;1180528640;16146432;1378918400;0;0;0;0;0;0;0;0;0;0;0;2094;0;0;125;0;42;0;
11078;4589266;1180528640;16146432;1378918400;0;0;0;0;0;0;0;0;0;0;0;1833;0;0;125;0;42;0;
11079;2519826;1180528640;16146432;1378918400;0;0;0;0;0;0;0;0;0;0;0;3126;0;0;125;0;42;0;
11080;5007120;1180528640;16146432;1378918400;0;0;0;0;0;0;0;0;0;0;0;1913;0;0;125;0;42;0;
11081;2599044;1180528640;16146432;1378918400;0;0;0;0;0;0;0;0;0;0;0;2425;0;0;125;0;42;0;
11082;4288883;1180528640;16146432;1378918400;0;0;0;0;0;0;0;0;0;0;0;2274;0;0;125;0;42;0;
11083;2922400;1180528640;16146432;1378918400;0;0;0;0;0;0;0;0;0;0;0;2615;0;0;125;0;42;0;
11084;4285687;1180528640;16146432;1378918400;0;0;0;0;0;0;0;0;0;0;0;2004;0;0;125;0;42;0;
11085;3612334;1180528640;16146432;1378918400;0;0;0;0;0;0;0;0;0;0;0;2485;0;0;125;0;42;0;
11086;4401374;1180528640;16146432;1378918400;0;0;0;0;0;0;0;0;0;0;0;1984;0;0;125;0;42;0;
11087;2853201;1180528640;16146432;1378918400;0;0;0;0;0;0;0;0;0;0;0;2455;0;0;125;0;42;0;
11088;4447541;1180528640;16146432;1378918400;0;0;0;0;0;0;0;0;0;0;0;2074;0;0;125;0;42;0;
11089;2595347;1180528640;16146432;1378918400;0;0;0;0;0;0;0;0;0;0;0;1994;0;0;125;0;42;0;
11090;4731343;1180528640;16146432;1378918400;0;0;0;0;0;0;0;0;0;0;0;2004;0;0;125;0;42;0;
11091;2777769;1180528640;16146432;1378918400;0;0;0;0;0;0;0;0;0;0;0;2775;0;0;125;0;42;0;
11092;5057305;1180528640;16146432;1378918400;0;0;0;0;0;0;0;0;0;0;0;1984;0;0;125;0;42;0;
11093;2942569;1180528640;16146432;1378918400;0;0;0;0;0;0;0;0;0;0;0;2745;0;0;125;0;42;0;
11094;5270233;1180528640;16146432;1378918400;0;0;0;0;0;0;0;0;0;0;0;1993;0;0;125;0;42;0;
11095;2796795;1180528640;16146432;1378918400;0;0;0;0;0;0;0;0;0;0;0;2614;0;0;125;0;42;0;
11096;4757853;1180528640;16146432;1378918400;0;0;0;0;0;0;0;0;0;0;0;1894;0;0;125;0;42;0;
11097;2223330;1180528640;16146432;1378918400;0;0;0;0;0;0;0;0;0;0;0;2424;0;0;125;0;42;0;
11098;4408898;1180528640;16146432;1378918400;0;0;0;0;0;0;0;0;0;0;0;2004;0;0;125;0;42;0;
11099;3652490;1180528640;16146432;1378918400;0;0;0;0;0;0;0;0;0;0;0;2525;0;0;125;0;42;0;
11100;4478679;1180528640;16146432;1378918400;0;0;0;0;0;0;0;0;0;0;0;2335;0;0;125;0;42;0;
11101;2733496;1180528640;16146432;1378918400;0;0;0;0;0;0;0;0;0;0;0;2495;0;0;125;0;42;0;
11102;4591190;1180528640;16146432;1378918400;0;0;0;0;0;0;0;0;0;0;0;1904;0;0;125;0;42;0;
11103;3682476;1180528640;16146432;1378918400;0;0;0;0;0;0;0;0;0;0;0;2414;0;0;125;0;42;0;
11104;4502013;1180528640;16146432;1378918400;0;0;0;0;0;0;0;0;0;0;0;2204;0;0;125;0;42;0;
11105;2387568;1180528640;16146432;1378918400;0;0;0;0;0;0;0;0;0;0;0;2324;0;0;125;0;42;0;
11106;4515077;1180528640;16146432;1378918400;0;0;0;0;0;0;0;0;0;0;0;2064;0;0;125;0;42;0;
11107;3449800;1180528640;16146432;1378918400;0;0;0;0;0;0;0;0;0;0;0;2906;0;0;125;0;42;0;
11108;4587764;1180528640;16146432;1378918400;0;0;0;0;0;0;0;0;0;0;0;2004;0;0;125;0;42;0;
11109;2133291;1180528640;16146432;1378918400;0;0;0;0;0;0;0;0;0;0;0;2184;0;0;125;0;42;0;
11110;4358865;1180528640;16146432;1378918400;0;0;0;0;0;0;0;0;0;0;0;2014;0;0;125;0;42;0;
11111;3207745;1180528640;16146432;1378918400;0;0;0;0;0;0;0;0;0;0;0;2745;0;0;125;0;42;0;
11112;4328107;1180528640;16146432;1378918400;0;0;0;0;0;0;0;0;0;0;0;2254;0;0;125;0;42;0;
11113;3184602;1180528640;16146432;1378918400;0;0;0;0;0;0;0;0;0;0;0;2424;0;0;125;0;42;0;
11114;4686078;1180528640;16146432;1378918400;0;0;0;0;0;0;0;0;0;0;0;2024;0;0;125;0;42;0;
11115;2911069;1180528640;16146432;1378918400;0;0;0;0;0;0;0;0;0;0;0;2625;0;0;125;0;42;0;
11116;4471055;1180528640;16146432;1378918400;0;0;0;0;0;0;0;0;0;0;0;2625;0;0;125;0;42;0;
11117;2320893;1180528640;16146432;1378918400;0;0;0;0;0;0;0;0;0;0;0;2776;0;0;125;0;42;0;
11118;8948151;1180528640;16146432;1378918400;0;0;0;0;0;0;0;0;0;0;0;2215;0;0;125;0;42;0;
11119;4026451;1180528640;16146432;1378918400;0;0;0;0;0;0;0;0;0;0;0;2565;0;0;125;0;42;0;
11120;5280663;1180528640;16146432;1378918400;0;0;0;0;0;0;0;0;0;0;0;2194;0;0;125;0;42;0;
11121;3349401;1180528640;16146432;1378918400;0;0;0;0;0;0;0;0;0;0;0;2635;0;0;125;0;42;0;
11122;4493998;1180528640;16146432;1378918400;0;0;0;0;0;0;0;0;0;0;0;2014;0;0;125;0;42;0;
11123;3229787;1180528640;16146432;1378918400;0;0;0;0;0;0;0;0;0;0;0;2525;0;0;125;0;42;0;
11124;4502413;1180528640;16146432;1378918400;0;0;0;0;0;0;0;0;0;0;0;2225;0;0;125;0;42;0;
11125;5177239;1180528640;16146432;1378918400;0;0;0;0;0;0;0;0;0;0;0;5720;0;0;125;0;42;0;
11126;4942219;1180528640;16146432;1378918400;0;0;0;0;0;0;0;0;0;0;0;2074;0;0;125;0;42;0;
11127;4055847;1180528640;16146432;1378918400;0;0;0;0;0;0;0;0;0;0;0;2384;0;0;125;0;42;0;
11128;4492034;1180528640;16146432;1378918400;0;0;0;0;0;0;0;0;0;0;0;2004;0;0;125;0;42;0;
11129;3047225;1180528640;16146432;1378918400;0;0;0;0;0;0;0;0;0;0;0;2175;0;0;125;0;42;0;
11130;4520728;1180528640;16146432;1378918400;0;0;0;0;0;0;0;0;0;0;0;1834;0;0;125;0;42;0;
11131;3342719;1180528640;16146432;1378918400;0;0;0;0;0;0;0;0;0;0;0;2495;0;0;125;0;42;0;
11132;4622179;1180528640;16146432;1378918400;0;0;0;0;0;0;0;0;0;0;0;2144;0;0;125;0;42;0;
11133;3240067;1180528640;16146432;1378918400;0;0;0;0;0;0;0;0;0;0;0;2104;0;0;125;0;42;0;
11134;4550835;1180528640;16146432;1378918400;0;0;0;0;0;0;0;0;0;0;0;2064;0;0;125;0;42;0;
11135;3275292;1180528640;16146432;1378918400;0;0;0;0;0;0;0;0;0;0;0;2565;0;0;125;0;42;0;
11136;4610917;1180528640;16146432;1378918400;0;0;0;0;0;0;0;0;0;0;0;2054;0;0;125;0;42;0;
11137;2554812;1180528640;16146432;1378918400;0;0;0;0;0;0;0;0;0;0;0;2385;0;0;125;0;42;0;
11138;4618732;1180528640;16146432;1378918400;0;0;0;0;0;0;0;0;0;0;0;2184;0;0;125;0;42;0;
11139;2698420;1180528640;16146432;1378918400;0;0;0;0;0;0;0;0;0;0;0;2585;0;0;125;0;42;0;
11140;4637306;1180528640;16146432;1378918400;0;0;0;0;0;0;0;0;0;0;0;2354;0;0;125;0;42;0;
11141;3364921;1180528640;16146432;1378918400;0;0;0;0;0;0;0;0;0;0;0;2796;0;0;125;0;42;0;
11142;5176328;1180528640;16146432;1378918400;0;0;0;0;0;0;0;0;0;0;0;2004;0;0;125;0;42;0;
11143;3916215;1180528640;16146432;1378918400;0;0;0;0;0;0;0;0;0;0;0;2535;0;0;125;0;42;0;
11144;4478910;1180528640;16146432;1378918400;0;0;0;0;0;0;0;0;0;0;0;2074;0;0;125;0;42;0;
11145;2952868;1180528640;16146432;1378918400;0;0;0;0;0;0;0;0;0;0;0;2445;0;0;125;0;42;0;
11146;4423276;1180528640;16146432;1378918400;0;0;0;0;0;0;0;0;0;0;0;2284;0;0;125;0;42;0;
11147;3295009;1180528640;16146432;1378918400;0;0;0;0;0;0;0;0;0;0;0;2334;0;0;125;0;42;0;
11148;5244075;1180528640;16146432;1378918400;0;0;0;0;0;0;0;0;0;0;0;2395;0;0;125;0;42;0;
11149;2315642;1180528640;16146432;1378918400;0;0;0;0;0;0;0;0;0;0;0;2525;0;0;125;0;42;0;
11150;4723749;1180528640;16146432;1378918400;0;0;0;0;0;0;0;0;0;0;0;2074;0;0;125;0;42;0;
11151;3013721;1180528640;16146432;1378918400;0;0;0;0;0;0;0;0;0;0;0;2564;0;0;125;0;42;0;
11152;4976583;1180528640;16146432;1378918400;0;0;0;0;0;0;0;0;0;0;0;2274;0;0;125;0;42;0;
11153;2753824;1180528640;16146432;1378918400;0;0;0;0;0;0;0;0;0;0;0;2475;0;0;125;0;42;0;
11154;4662724;1180528640;16146432;1378918400;0;0;0;0;0;0;0;0;0;0;0;2004;0;0;125;0;42;0;
11155;2552126;1180528640;16146432;1378918400;0;0;0;0;0;0;0;0;0;0;0;1984;0;0;125;0;42;0;
11156;4705685;1180528640;16146432;1378918400;0;0;0;0;0;0;0;0;0;0;0;1723;0;0;125;0;42;0;
11157;3897149;1180528640;16146432;1378918400;0;0;0;0;0;0;0;0;0;0;0;2395;0;0;125;0;42;0;
11158;4403188;1180528640;16146432;1378918400;0;0;0;0;0;0;0;0;0;0;0;2214;0;0;125;0;42;0;
11159;3038689;1180528640;16146432;1378918400;0;0;0;0;0;0;0;0;0;0;0;2234;0;0;125;0;42;0;
11160;4789813;1180528640;16146432;1378918400;0;0;0;0;0;0;0;0;0;0;0;1703;0;0;125;0;42;0;
11161;2702078;1180528640;16146432;1378918400;0;0;0;0;0;0;0;0;0;0;0;2756;0;0;125;0;42;0;
11162;4440818;1180528640;16146432;1378918400;0;0;0;0;0;0;0;0;0;0;0;2134;0;0;125;0;42;0;
11163;3628815;1180528640;16146432;1378918400;0;0;0;0;0;0;0;0;0;0;0;2565;0;0;125;0;42;0;
11164;4533211;1180528640;16146432;1378918400;0;0;0;0;0;0;0;0;0;0;0;2104;0;0;125;0;42;0;
11165;3712863;1180528640;16146432;1378918400;0;0;0;0;0;0;0;0;0;0;0;2435;0;0;125;0;42;0;
11166;4831020;1180528640;16146432;1378918400;0;0;0;0;0;0;0;0;0;0;0;2214;0;0;125;0;42;0;
11167;2777028;1180528640;16146432;1378918400;0;0;0;0;0;0;0;0;0;0;0;2104;0;0;125;0;42;0;
11168;4357993;1180528640;16146432;1378918400;0;0;0;0;0;0;0;0;0;0;0;1773;0;0;125;0;42;0;
11169;3115613;1180528640;16146432;1378918400;0;0;0;0;0;0;0;0;0;0;0;2435;0;0;125;0;42;0;
11170;4589617;1180528640;16146432;1378918400;0;0;0;0;0;0;0;0;0;0;0;2154;0;0;125;0;42;0;
11171;3418531;1180528640;16146432;1378918400;0;0;0;0;0;0;0;0;0;0;0;1823;0;0;125;0;42;0;
11172;4525326;1180528640;16146432;1378918400;0;0;0;0;0;0;0;0;0;0;0;2064;0;0;125;0;42;0;
11173;3862894;1180528640;16146432;1378918400;0;0;0;0;0;0;0;0;0;0;0;7053;0;0;125;0;42;0;
11174;4429217;1180528640;16146432;1378918400;0;0;0;0;0;0;0;0;0;0;0;2184;0;0;125;0;42;0;
11175;3423901;1180528640;16146432;1378918400;0;0;0;0;0;0;0;0;0;0;0;2444;0;0;125;0;42;0;
11176;4499438;1180528640;16146432;1378918400;0;0;0;0;0;0;0;0;0;0;0;1934;0;0;125;0;42;0;
11177;3899644;1180528640;16146432;1378918400;0;0;0;0;0;0;0;0;0;0;0;2124;0;0;125;0;42;0;
11178;4410532;1180528640;16146432;1378918400;0;0;0;0;0;0;0;0;0;0;0;2274;0;0;125;0;42;0;
11179;2475282;1180528640;16146432;1378918400;0;0;0;0;0;0;0;0;0;0;0;2305;0;0;125;0;42;0;
11180;4540936;1180528640;16146432;1378918400;0;0;0;0;0;0;0;0;0;0;0;1913;0;0;125;0;42;0;
11181;3688878;1180528640;16146432;1378918400;0;0;0;0;0;0;0;0;0;0;0;2335;0;0;125;0;42;0;
11182;5386552;1180528640;16146432;1378918400;0;0;0;0;0;0;0;0;0;0;0;2074;0;0;125;0;42;0;
11183;2852008;1180528640;16146432;1378918400;0;0;0;0;0;0;0;0;0;0;0;2144;0;0;125;0;42;0;
11184;4524104;1180528640;16146432;1378918400;0;0;0;0;0;0;0;0;0;0;0;2064;0;0;125;0;42;0;
11185;2299723;1180528640;16146432;1378918400;0;0;0;0;0;0;0;0;0;0;0;2144;0;0;125;0;42;0;
11186;4948460;1180528640;16146432;1378918400;0;0;0;0;0;0;0;0;0;0;0;2084;0;0;125;0;42;0;
11187;3556059;1180528640;16146432;1378918400;0;0;0;0;0;0;0;0;0;0;0;2214;0;0;125;0;42;0;
11188;4435759;1180528640;16146432;1378918400;0;0;0;0;0;0;0;0;0;0;0;2325;0;0;125;0;42;0;
11189;2773772;1180528640;16146432;1378918400;0;0;0;0;0;0;0;0;0;0;0;2265;0;0;125;0;42;0;
11190;5274222;1180528640;16146432;1378918400;0;0;0;0;0;0;0;0;0;0;0;2064;0;0;125;0;42;0;
11191;3160206;1180528640;16146432;1378918400;0;0;0;0;0;0;0;0;0;0;0;2325;0;0;125;0;42;0;
11192;4692982;1180528640;16146432;1378918400;0;0;0;0;0;0;0;0;0;0;0;2114;0;0;125;0;42;0;
11193;2777970;1180528640;16146432;1378918400;0;0;0;0;0;0;0;0;0;0;0;2134;0;0;125;0;42;0;
11194;4576532;1180528640;16146432;1378918400;0;0;0;0;0;0;0;0;0;0;0;2345;0;0;125;0;42;0;
11195;3360533;1180528640;16146432;1378918400;0;0;0;0;0;0;0;0;0;0;0;2635;0;0;125;0;42;0;
11196;4450747;1180528640;16146432;1378918400;0;0;0;0;0;0;0;0;0;0;0;2053;0;0;125;0;42;0;
11197;2945874;1180528640;16146432;1378918400;0;0;0;0;0;0;0;0;0;0;0;2355;0;0;125;0;42;0;
11198;4386216;1180528640;16146432;1378918400;0;0;0;0;0;0;0;0;0;0;0;2094;0;0;125;0;42;0;
11199;2991550;1180528640;16146432;1378918400;0;0;0;0;0;0;0;0;0;0;0;1953;0;0;125;0;42;0;
11200;4257875;1180528640;16146432;1378918400;0;0;0;0;0;0;0;0;0;0;0;1964;0;0;125;0;42;0;
11201;2844605;1180528640;16146432;1378918400;0;0;0;0;0;0;0;0;0;0;0;2294;0;0;125;0;42;0;
11202;4893226;1180528640;16146432;1378918400;0;0;0;0;0;0;0;0;0;0;0;1894;0;0;125;0;42;0;
11203;2673264;1180528640;16146432;1378918400;0;0;0;0;0;0;0;0;0;0;0;2244;0;0;125;0;42;0;
11204;4863761;1180528640;16146432;1378918400;0;0;0;0;0;0;0;0;0;0;0;1903;0;0;125;0;42;0;
11205;2692118;1180528640;16146432;1378918400;0;0;0;0;0;0;0;0;0;0;0;1984;0;0;125;0;42;0;
11206;4289314;1180528640;16146432;1378918400;0;0;0;0;0;0;0;0;0;0;0;1903;0;0;125;0;42;0;
11207;3655996;1180528640;16146432;1378918400;0;0;0;0;0;0;0;0;0;0;0;2515;0;0;125;0;42;0;
11208;5225971;1180528640;16146432;1378918400;0;0;0;0;0;0;0;0;0;0;0;2174;0;0;125;0;42;0;
11209;3156830;1180528640;16146432;1378918400;0;0;0;0;0;0;0;0;0;0;0;1944;0;0;125;0;42;0;
11210;4592974;1180528640;16146432;1378918400;0;0;0;0;0;0;0;0;0;0;0;1854;0;0;125;0;42;0;
11211;3412550;1180528640;16146432;1378918400;0;0;0;0;0;0;0;0;0;0;0;2505;0;0;125;0;42;0;
11212;4885382;1180528640;16146432;1378918400;0;0;0;0;0;0;0;0;0;0;0;2094;0;0;125;0;42;0;
11213;2265689;1180528640;16146432;1378918400;0;0;0;0;0;0;0;0;0;0;0;2354;0;0;125;0;42;0;
11214;4728688;1180528640;16146432;1378918400;0;0;0;0;0;0;0;0;0;0;0;2154;0;0;125;0;42;0;
11215;3181897;1180528640;16146432;1378918400;0;0;0;0;0;0;0;0;0;0;0;2325;0;0;125;0;42;0;
11216;4927701;1180528640;16146432;1378918400;0;0;0;0;0;0;0;0;0;0;0;2285;0;0;125;0;42;0;
11217;3269291;1180528640;16146432;1378918400;0;0;0;0;0;0;0;0;0;0;0;2395;0;0;125;0;42;0;
11218;4465805;1180528640;16146432;1378918400;0;0;0;0;0;0;0;0;0;0;0;2745;0;0;125;0;42;0;
11219;3592958;1180528640;16146432;1378918400;0;0;0;0;0;0;0;0;0;0;0;3006;0;0;125;0;42;0;
11220;4610106;1180528640;16146432;1378918400;0;0;0;0;0;0;0;0;0;0;0;2024;0;0;125;0;42;0;
11221;3633364;1180528640;16146432;1378918400;0;0;0;0;0;0;0;0;0;0;0;2144;0;0;125;0;42;0;
11222;4784022;1180528640;16146432;1378918400;0;0;0;0;0;0;0;0;0;0;0;2174;0;0;125;0;42;0;
11223;1763166;1180528640;16146432;1378918400;0;0;0;0;0;0;0;0;0;0;0;2364;0;0;125;0;42;0;
11224;4683914;1180528640;16146432;1378918400;0;0;0;0;0;0;0;0;0;0;0;2014;0;0;125;0;42;0;
11225;2898806;1180528640;16146432;1378918400;0;0;0;0;0;0;0;0;0;0;0;1973;0;0;125;0;42;0;
11226;4531879;1180528640;16146432;1378918400;0;0;0;0;0;0;0;0;0;0;0;2014;0;0;125;0;42;0;
11227;2872547;1180528640;16146432;1378918400;0;0;0;0;0;0;0;0;0;0;0;2826;0;0;125;0;42;0;
11228;4451839;1180528640;16146432;1378918400;0;0;0;0;0;0;0;0;0;0;0;2063;0;0;125;0;42;0;
11229;3179633;1180528640;16146432;1378918400;0;0;0;0;0;0;0;0;0;0;0;2414;0;0;125;0;42;0;
11230;5011248;1180528640;16146432;1378918400;0;0;0;0;0;0;0;0;0;0;0;1934;0;0;125;0;42;0;
11231;3446513;1180528640;16146432;1378918400;0;0;0;0;0;0;0;0;0;0;0;2856;0;0;125;0;42;0;
11232;4526389;1180528640;16146432;1378918400;0;0;0;0;0;0;0;0;0;0;0;2094;0;0;125;0;42;0;
11233;2889078;1180528640;16146432;1378918400;0;0;0;0;0;0;0;0;0;0;0;2124;0;0;125;0;42;0;
11234;4576823;1180528640;16146432;1378918400;0;0;0;0;0;0;0;0;0;0;0;1984;0;0;125;0;42;0;
11235;2763844;1180528640;16146432;1378918400;0;0;0;0;0;0;0;0;0;0;0;2545;0;0;125;0;42;0;
11236;4282712;1180528640;16146432;1378918400;0;0;0;0;0;0;0;0;0;0;0;1943;0;0;125;0;42;0;
11237;2348494;1180528640;16146432;1378918400;0;0;0;0;0;0;0;0;0;0;0;10149;0;0;125;0;42;0;
11238;4565963;1180528640;16146432;1378918400;0;0;0;0;0;0;0;0;0;0;0;1833;0;0;125;0;42;0;
11239;3209389;1180528640;16146432;1378918400;0;0;0;0;0;0;0;0;0;0;0;2495;0;0;125;0;42;0;
11240;4347714;1180528640;16146432;1378918400;0;0;0;0;0;0;0;0;0;0;0;2515;0;0;125;0;42;0;
11241;3003362;1180528640;16146432;1378918400;0;0;0;0;0;0;0;0;0;0;0;2023;0;0;125;0;42;0;
11242;4384582;1180528640;16146432;1378918400;0;0;0;0;0;0;0;0;0;0;0;2013;0;0;125;0;42;0;
11243;3063445;1180528640;16146432;1378918400;0;0;0;0;0;0;0;0;0;0;0;2645;0;0;125;0;42;0;
11244;4557647;1180528640;16146432;1378918400;0;0;0;0;0;0;0;0;0;0;0;2184;0;0;125;0;42;0;
11245;4493578;1180528640;16146432;1378918400;0;0;0;0;0;0;0;0;0;0;0;6753;0;0;125;0;42;0;
11246;5882632;1180528640;16146432;1378918400;0;0;0;0;0;0;0;0;0;0;0;3086;0;0;125;0;42;0;
11247;4826031;1180528640;16146432;1378918400;0;0;0;0;0;0;0;0;0;0;0;3105;0;0;125;0;42;0;
11248;5128738;1180528640;16146432;1378918400;0;0;0;0;0;0;0;0;0;0;0;2845;0;0;125;0;42;0;
11249;4476264;1180528640;16146432;1378918400;0;0;0;0;0;0;0;0;0;0;0;2825;0;0;125;0;42;0;
11250;5207957;1180528640;16146432;1378918400;0;0;0;0;0;0;0;0;0;0;0;2735;0;0;125;0;42;0;
11251;3945569;1180528640;16146432;1378918400;0;0;0;0;0;0;0;0;0;0;0;3357;0;0;125;0;42;0;
11252;4784773;1180528640;16146432;1378918400;0;0;0;0;0;0;0;0;0;0;0;3096;0;0;125;0;42;0;
11253;4124515;1180528640;16146432;1378918400;0;0;0;0;0;0;0;0;0;0;0;3317;0;0;125;0;42;0;
11254;5391250;1180528640;16146432;1378918400;0;0;0;0;0;0;0;0;0;0;0;2956;0;0;125;0;42;0;
11255;4413116;1180528640;16146432;1378918400;0;0;0;0;0;0;0;0;0;0;0;3076;0;0;125;0;42;0;
11256;4687220;1180528640;16146432;1378918400;0;0;0;0;0;0;0;0;0;0;0;2284;0;0;125;0;42;0;
11257;3671946;1180528640;16146432;1378918400;0;0;0;0;0;0;0;0;0;0;0;2515;0;0;125;0;42;0;
11258;4994837;1180528640;16146432;1378918400;0;0;0;0;0;0;0;0;0;0;0;2174;0;0;125;0;42;0;
11259;3399926;1180528640;16146432;1378918400;0;0;0;0;0;0;0;0;0;0;0;2625;0;0;125;0;42;0;
11260;5080327;1180528640;16146432;1378918400;0;0;0;0;0;0;0;0;0;0;0;2836;0;0;125;0;42;0;
11261;3820385;1180528640;16146432;1378918400;0;0;0;0;0;0;0;0;0;0;0;10780;0;0;125;0;42;0;
11262;4684174;1180528640;16146432;1378918400;0;0;0;0;0;0;0;0;0;0;0;2184;0;0;125;0;42;0;
11263;3358999;1180528640;16146432;1378918400;0;0;0;0;0;0;0;0;0;0;0;2675;0;0;125;0;42;0;
11264;5578101;1180528640;16146432;1378918400;0;0;0;0;0;0;0;0;0;0;0;2364;0;0;125;0;42;0;
11265;3099813;1180528640;16146432;1378918400;0;0;0;0;0;0;0;0;0;0;0;2344;0;0;125;0;42;0;
11266;4566584;1180528640;16146432;1378918400;0;0;0;0;0;0;0;0;0;0;0;2354;0;0;125;0;42;0;
11267;3208356;1180528640;16146432;1378918400;0;0;0;0;0;0;0;0;0;0;0;2375;0;0;125;0;42;0;
11268;5029612;1180528640;16146432;1378918400;0;0;0;0;0;0;0;0;0;0;0;2264;0;0;125;0;42;0;
11269;2964700;1180528640;16146432;1378918400;0;0;0;0;0;0;0;0;0;0;0;2485;0;0;125;0;42;0;
11270;4669246;1180528640;16146432;1378918400;0;0;0;0;0;0;0;0;0;0;0;2204;0;0;125;0;42;0;
11271;3047535;1180528640;16146432;1378918400;0;0;0;0;0;0;0;0;0;0;0;2534;0;0;125;0;42;0;
11272;4731794;1180528640;16146432;1378918400;0;0;0;0;0;0;0;0;0;0;0;2475;0;0;125;0;42;0;
11273;3694539;1180528640;16146432;1378918400;0;0;0;0;0;0;0;0;0;0;0;2705;0;0;125;0;42;0;
11274;6183867;1180528640;16146432;1378918400;0;0;0;0;0;0;0;0;0;0;0;2395;0;0;125;0;42;0;
11275;4072658;1180528640;16146432;1378918400;0;0;0;0;0;0;0;0;0;0;0;119655;0;0;125;0;42;0;
11276;5157502;1180528640;16146432;1378918400;0;0;0;0;0;0;0;0;0;0;0;2836;0;0;125;0;42;0;
11277;4375946;1180528640;16154624;1378926592;0;0;0;0;0;0;0;0;0;0;0;2404;0;0;125;0;42;0;
11278;4918233;1180528640;16154624;1378926592;0;0;0;0;0;0;0;0;0;0;0;2564;0;0;125;0;42;0;
11279;3593008;1180528640;16154624;1378926592;0;0;0;0;0;0;0;0;0;0;0;3457;0;0;125;0;42;0;
11280;5461552;1180528640;16154624;1378926592;0;0;0;0;0;0;0;0;0;0;0;2695;0;0;125;0;42;0;
11281;4154802;1180528640;16154624;1378926592;0;0;0;0;0;0;0;0;0;0;0;2775;0;0;125;0;42;0;
11282;4804370;1180528640;16154624;1378926592;0;0;0;0;0;0;0;0;0;0;0;2214;0;0;125;0;42;0;
11283;4128252;1180540928;16146432;1378918400;0;0;0;0;0;0;0;0;0;0;0;2475;0;0;125;0;42;0;
11284;5297004;1180540928;16146432;1378918400;0;0;0;0;0;0;0;0;0;0;0;2825;0;0;125;0;42;0;
11285;3709627;1180540928;16146432;1378918400;0;0;0;0;0;0;0;0;0;0;0;12032;0;0;125;0;42;0;
11286;4625024;1180540928;16146432;1378918400;0;0;0;0;0;0;0;0;0;0;0;2144;0;0;125;0;42;0;
11287;3644585;1180540928;16146432;1378918400;0;0;0;0;0;0;0;0;0;0;0;2525;0;0;125;0;42;0;
11288;5064708;1180540928;16146432;1378918400;0;0;0;0;0;0;0;0;0;0;0;2234;0;0;125;0;42;0;
11289;5527546;1180540928;16146432;1378918400;0;0;0;0;0;0;0;0;0;0;0;5711;0;0;125;0;42;0;
11290;5410556;1180540928;16146432;1378918400;0;0;0;0;0;0;0;0;0;0;0;1883;0;0;125;0;42;0;
11291;4038835;1180540928;16146432;1378918400;0;0;0;0;0;0;0;0;0;0;0;2745;0;0;125;0;42;0;
11292;4826661;1180540928;16146432;1378918400;0;0;0;0;0;0;0;0;0;0;0;2364;0;0;125;0;42;0;
11293;3759731;1180540928;16146432;1378918400;0;0;0;0;0;0;0;0;0;0;0;2835;0;0;125;0;42;0;
11294;5023952;1180540928;16146432;1378918400;0;0;0;0;0;0;0;0;0;0;0;2074;0;0;125;0;42;0;
11295;2986020;1180540928;16146432;1378918400;0;0;0;0;0;0;0;0;0;0;0;2154;0;0;125;0;42;0;
11296;4971824;1180540928;16146432;1378918400;0;0;0;0;0;0;0;0;0;0;0;2294;0;0;125;0;42;0;
11297;3083953;1180540928;16146432;1378918400;0;0;0;0;0;0;0;0;0;0;0;2415;0;0;125;0;42;0;
11298;4363654;1180540928;16146432;1378918400;0;0;0;0;0;0;0;0;0;0;0;1713;0;0;125;0;42;0;
11299;3980044;1180540928;16146432;1378918400;0;0;0;0;0;0;0;0;0;0;0;2555;0;0;125;0;42;0;
11300;4892515;1180540928;16146432;1378918400;0;0;0;0;0;0;0;0;0;0;0;2325;0;0;125;0;42;0;
11301;3067503;1180540928;16146432;1378918400;0;0;0;0;0;0;0;0;0;0;0;2725;0;0;125;0;42;0;
11302;4774534;1180540928;16146432;1378918400;0;0;0;0;0;0;0;0;0;0;0;2625;0;0;125;0;42;0;
11303;3690511;1180540928;16146432;1378918400;0;0;0;0;0;0;0;0;0;0;0;2425;0;0;125;0;42;0;
11304;5020005;1180540928;16146432;1378918400;0;0;0;0;0;0;0;0;0;0;0;1753;0;0;125;0;42;0;
11305;3431536;1180540928;16146432;1378918400;0;0;0;0;0;0;0;0;0;0;0;2455;0;0;125;0;42;0;
11306;4587033;1180540928;16146432;1378918400;0;0;0;0;0;0;0;0;0;0;0;2004;0;0;125;0;42;0;
11307;3529389;1180540928;16146432;1378918400;0;0;0;0;0;0;0;0;0;0;0;2986;0;0;125;0;42;0;
11308;4486725;1180540928;16146432;1378918400;0;0;0;0;0;0;0;0;0;0;0;1993;0;0;125;0;42;0;
11309;3265313;1180540928;16146432;1378918400;0;0;0;0;0;0;0;0;0;0;0;2144;0;0;125;0;42;0;
11310;5061772;1180540928;16146432;1378918400;0;0;0;0;0;0;0;0;0;0;0;1964;0;0;125;0;42;0;
11311;4172515;1180540928;16146432;1378918400;0;0;0;0;0;0;0;0;0;0;0;3386;0;0;125;0;42;0;
11312;4717487;1180540928;16146432;1378918400;0;0;0;0;0;0;0;0;0;0;0;1994;0;0;125;0;42;0;
11313;3594531;1180540928;16146432;1378918400;0;0;0;0;0;0;0;0;0;0;0;2374;0;0;125;0;42;0;
11314;4644941;1180540928;16146432;1378918400;0;0;0;0;0;0;0;0;0;0;0;1894;0;0;125;0;42;0;
11315;2482726;1180540928;16146432;1378918400;0;0;0;0;0;0;0;0;0;0;0;2285;0;0;125;0;42;0;
11316;4699884;1180540928;16146432;1378918400;0;0;0;0;0;0;0;0;0;0;0;1983;0;0;125;0;42;0;
11317;3175515;1180540928;16146432;1378918400;0;0;0;0;0;0;0;0;0;0;0;2405;0;0;125;0;42;0;
11318;5026476;1180540928;16146432;1378918400;0;0;0;0;0;0;0;0;0;0;0;1934;0;0;125;0;42;0;
11319;3048317;1180540928;16146432;1378918400;0;0;0;0;0;0;0;0;0;0;0;2204;0;0;125;0;42;0;
11320;4432252;1180540928;16146432;1378918400;0;0;0;0;0;0;0;0;0;0;0;2425;0;0;125;0;42;0;
11321;3382835;1180540928;16146432;1378918400;0;0;0;0;0;0;0;0;0;0;0;2134;0;0;125;0;42;0;
11322;4724260;1180540928;16146432;1378918400;0;0;0;0;0;0;0;0;0;0;0;2375;0;0;125;0;42;0;
11323;3796831;1180540928;16146432;1378918400;0;0;0;0;0;0;0;0;0;0;0;2755;0;0;125;0;42;0;
11324;4604294;1180540928;16146432;1378918400;0;0;0;0;0;0;0;0;0;0;0;2194;0;0;125;0;42;0;
11325;2741541;1180540928;16146432;1378918400;0;0;0;0;0;0;0;0;0;0;0;2134;0;0;125;0;42;0;
11326;5090656;1180540928;16146432;1378918400;0;0;0;0;0;0;0;0;0;0;0;2545;0;0;125;0;42;0;
11327;3125292;1180540928;16146432;1378918400;0;0;0;0;0;0;0;0;0;0;0;2565;0;0;125;0;42;0;
11328;4691859;1180540928;16146432;1378918400;0;0;0;0;0;0;0;0;0;0;0;2265;0;0;125;0;42;0;
11329;2583354;1180540928;16146432;1378918400;0;0;0;0;0;0;0;0;0;0;0;2454;0;0;125;0;42;0;
11330;4566013;1180540928;16146432;1378918400;0;0;0;0;0;0;0;0;0;0;0;2124;0;0;125;0;42;0;
11331;3598188;1180540928;16146432;1378918400;0;0;0;0;0;0;0;0;0;0;0;3016;0;0;125;0;42;0;
11332;4704092;1180540928;16146432;1378918400;0;0;0;0;0;0;0;0;0;0;0;2475;0;0;125;0;42;0;
11333;4097915;1180540928;16146432;1378918400;0;0;0;0;0;0;0;0;0;0;0;1924;0;0;125;0;42;0;
11334;4963539;1180540928;16146432;1378918400;0;0;0;0;0;0;0;0;0;0;0;1893;0;0;125;0;42;0;
11335;3625850;1180540928;16146432;1378918400;0;0;0;0;0;0;0;0;0;0;0;2585;0;0;125;0;42;0;
11336;4618812;1180540928;16146432;1378918400;0;0;0;0;0;0;0;0;0;0;0;1943;0;0;125;0;42;0;
11337;2739007;1180540928;16146432;1378918400;0;0;0;0;0;0;0;0;0;0;0;2245;0;0;125;0;42;0;
11338;5306442;1180540928;16146432;1378918400;0;0;0;0;0;0;0;0;0;0;0;2434;0;0;125;0;42;0;
11339;3371133;1180540928;16146432;1378918400;0;0;0;0;0;0;0;0;0;0;0;2394;0;0;125;0;42;0;
11340;4699633;1180540928;16146432;1378918400;0;0;0;0;0;0;0;0;0;0;0;2094;0;0;125;0;42;0;
11341;3139577;1180540928;16146432;1378918400;0;0;0;0;0;0;0;0;0;0;0;2645;0;0;125;0;42;0;
11342;4639571;1180540928;16146432;1378918400;0;0;0;0;0;0;0;0;0;0;0;1944;0;0;125;0;42;0;
11343;4335290;1180540928;16146432;1378918400;0;0;0;0;0;0;0;0;0;0;0;2695;0;0;125;0;42;0;
11344;4760408;1180540928;16146432;1378918400;0;0;0;0;0;0;0;0;0;0;0;1943;0;0;125;0;42;0;
11345;3556500;1180540928;16146432;1378918400;0;0;0;0;0;0;0;0;0;0;0;2315;0;0;125;0;42;0;
11346;4900911;1180540928;16146432;1378918400;0;0;0;0;0;0;0;0;0;0;0;2004;0;0;125;0;42;0;
11347;3232352;1180540928;16146432;1378918400;0;0;0;0;0;0;0;0;0;0;0;2965;0;0;125;0;42;0;
11348;4888728;1180540928;16146432;1378918400;0;0;0;0;0;0;0;0;0;0;0;2364;0;0;125;0;42;0;
11349;3045161;1180553216;16142336;1378914304;0;0;0;0;0;0;0;0;0;0;0;3016;0;0;125;0;42;0;
11350;4833634;1180553216;16142336;1378914304;0;0;0;0;0;0;0;0;0;0;0;2314;0;0;125;0;42;0;
11351;3652170;1180553216;16142336;1378914304;0;0;0;0;0;0;0;0;0;0;0;2665;0;0;125;0;42;0;
11352;5006419;1180553216;16142336;1378914304;0;0;0;0;0;0;0;0;0;0;0;1924;0;0;125;0;42;0;
11353;3280172;1180553216;16142336;1378914304;0;0;0;0;0;0;0;0;0;0;0;2375;0;0;125;0;42;0;
11354;4706246;1180553216;16142336;1378914304;0;0;0;0;0;0;0;0;0;0;0;1953;0;0;125;0;42;0;
11355;3614729;1180553216;16142336;1378914304;0;0;0;0;0;0;0;0;0;0;0;2335;0;0;125;0;42;0;
11356;4774144;1180553216;16142336;1378914304;0;0;0;0;0;0;0;0;0;0;0;2354;0;0;125;0;42;0;
11357;2506641;1180553216;16142336;1378914304;0;0;0;0;0;0;0;0;0;0;0;1883;0;0;125;0;42;0;
11358;4748635;1180553216;16142336;1378914304;0;0;0;0;0;0;0;0;0;0;0;2264;0;0;125;0;42;0;
11359;2912682;1180553216;16142336;1378914304;0;0;0;0;0;0;0;0;0;0;0;2725;0;0;125;0;42;0;
11360;4627579;1180553216;16142336;1378914304;0;0;0;0;0;0;0;0;0;0;0;1923;0;0;125;0;42;0;
11361;2812294;1180553216;16142336;1378914304;0;0;0;0;0;0;0;0;0;0;0;2665;0;0;125;0;42;0;
11362;10655283;1180553216;16142336;1378914304;0;0;0;0;0;0;0;0;0;0;0;1904;0;0;125;0;42;0;
11363;3479646;1180553216;16142336;1378914304;0;0;0;0;0;0;0;0;0;0;0;2906;0;0;125;0;42;0;
11364;5083984;1180553216;16142336;1378914304;0;0;0;0;0;0;0;0;0;0;0;2414;0;0;125;0;42;0;
11365;3891247;1180553216;16146432;1378918400;0;0;0;0;0;0;0;0;0;0;0;2294;0;0;125;0;42;0;
11366;5896909;1184264192;24109056;1386881024;0;0;0;0;0;0;0;0;0;0;0;2595;0;0;125;0;42;0;
11367;3071911;1184264192;24109056;1386881024;0;0;0;0;0;0;0;0;0;0;0;2334;0;0;125;0;42;0;
11368;5020746;1186361344;24109056;1386881024;0;0;0;0;0;0;0;0;0;0;0;2154;0;0;125;0;42;0;
11369;3476209;1186361344;24109056;1386881024;0;0;0;0;0;0;0;0;0;0;0;2044;0;0;125;0;42;0;
11370;6829077;1186361344;24109056;1386881024;0;0;0;0;0;0;0;0;0;0;0;1983;0;0;125;0;42;0;
11371;5787283;1186361344;24109056;1386881024;0;0;0;0;0;0;0;0;0;0;0;5661;0;0;125;0;42;0;
11372;4831351;1186361344;24109056;1386881024;0;0;0;0;0;0;0;0;0;0;0;3286;0;0;125;0;42;0;
11373;5785821;1186361344;24109056;1386881024;0;0;0;0;0;0;0;0;0;0;0;5450;0;0;125;0;42;0;
11374;5364631;1186361344;24109056;1386881024;0;0;0;0;0;0;0;0;0;0;0;4518;0;0;125;0;42;0;
11375;5171268;1186361344;24109056;1386881024;0;0;0;0;0;0;0;0;0;0;0;5510;0;0;125;0;42;0;
11376;4658075;1186361344;24109056;1386881024;0;0;0;0;0;0;0;0;0;0;0;2395;0;0;125;0;42;0;
11377;5650917;1180557312;16146432;1378918400;0;0;0;0;0;0;0;0;0;0;0;5280;0;0;125;0;42;0;
11378;4986782;1180557312;16146432;1378918400;0;0;0;0;0;0;0;0;0;0;0;4028;0;0;125;0;42;0;
11379;3868575;1180557312;16146432;1378918400;0;0;0;0;0;0;0;0;0;0;0;5691;0;0;125;0;42;0;
11380;4893537;1180557312;16146432;1378918400;0;0;0;0;0;0;0;0;0;0;0;2434;0;0;125;0;42;0;
11381;5892611;1180557312;16146432;1378918400;0;0;0;0;0;0;0;0;0;0;0;5831;0;0;125;0;42;0;
11382;5109352;1180557312;16146432;1378918400;0;0;0;0;0;0;0;0;0;0;0;3016;0;0;125;0;42;0;
11383;5276495;1180557312;16146432;1378918400;0;0;0;0;0;0;0;0;0;0;0;5229;0;0;125;0;42;0;
11384;5238474;1180557312;16146432;1378918400;0;0;0;0;0;0;0;0;0;0;0;3036;0;0;125;0;42;0;
11385;4213642;1180557312;16146432;1378918400;0;0;0;0;0;0;0;0;0;0;0;5650;0;0;125;0;42;0;
11386;4501181;1180557312;16146432;1378918400;0;0;0;0;0;0;0;0;0;0;0;2185;0;0;125;0;42;0;
11387;5021036;1180557312;16146432;1378918400;0;0;0;0;0;0;0;0;0;0;0;5520;0;0;125;0;42;0;
11388;5481490;1180557312;16146432;1378918400;0;0;0;0;0;0;0;0;0;0;0;3847;0;0;125;0;42;0;
11389;4326834;1180557312;16146432;1378918400;0;0;0;0;0;0;0;0;0;0;0;5751;0;0;125;0;42;0;
11390;7669002;1184268288;24109056;1386881024;0;0;0;0;0;0;0;0;0;0;0;6873;0;0;125;0;42;0;
11391;4836169;1186365440;24117248;1386889216;0;0;0;0;0;0;0;0;0;0;0;4940;0;0;125;0;42;0;
11392;4603824;1186365440;24117248;1386889216;0;0;0;0;0;0;0;0;0;0;0;2004;0;0;125;0;42;0;
11393;5329224;1186492416;22147072;1384919040;0;0;0;0;0;0;0;0;0;0;0;5610;0;0;125;0;42;0;
11394;5288017;1186492416;22147072;1384919040;0;0;0;0;0;0;0;0;0;0;0;4168;0;0;125;0;42;0;
11395;4399892;1186492416;22147072;1384919040;0;0;0;0;0;0;0;0;0;0;0;5300;0;0;125;0;42;0;
11396;5690281;1186492416;22147072;1384919040;0;0;0;0;0;0;0;0;0;0;0;3437;0;0;125;0;42;0;
11397;5071310;1178988544;14643200;1377415168;0;0;0;0;0;0;0;0;0;0;0;6021;0;0;125;0;42;0;
11398;5688247;1178988544;14643200;1377415168;0;0;0;0;0;0;0;0;0;0;0;3076;0;0;125;0;42;0;
11399;4973487;1178988544;14643200;1377415168;0;0;0;0;0;0;0;0;0;0;0;5401;0;0;125;0;42;0;
11400;5442356;1178988544;14643200;1377415168;0;0;0;0;0;0;0;0;0;0;0;2104;0;0;125;0;42;0;
11401;5121996;1178988544;14643200;1377415168;0;0;0;0;0;0;0;0;0;0;0;5431;0;0;125;0;42;0;
11402;5239786;1178988544;14643200;1377415168;0;0;0;0;0;0;0;0;0;0;0;3667;0;0;125;0;42;0;
11403;4904718;1178988544;14643200;1377415168;0;0;0;0;0;0;0;0;0;0;0;4699;0;0;125;0;42;0;
11404;4784934;1178988544;14643200;1377415168;0;0;0;0;0;0;0;0;0;0;0;2315;0;0;125;0;42;0;
11405;3192127;1178988544;14643200;1377415168;0;0;0;0;0;0;0;0;0;0;0;3387;0;0;125;0;42;0;
11406;4474522;1178988544;14643200;1377415168;0;0;0;0;0;0;0;0;0;0;0;1853;0;0;125;0;42;0;
11407;3922677;1178988544;14643200;1377415168;0;0;0;0;0;0;0;0;0;0;0;2845;0;0;125;0;42;0;
11408;5149868;1178988544;14643200;1377415168;0;0;0;0;0;0;0;0;0;0;0;2204;0;0;125;0;42;0;
11409;3085256;1178988544;14643200;1377415168;0;0;0;0;0;0;0;0;0;0;0;2685;0;0;125;0;42;0;
11410;4564560;1178988544;14643200;1377415168;0;0;0;0;0;0;0;0;0;0;0;1774;0;0;125;0;42;0;
11411;4067037;1178988544;14643200;1377415168;0;0;0;0;0;0;0;0;0;0;0;4398;0;0;125;0;42;0;
11412;4703180;1178988544;14643200;1377415168;0;0;0;0;0;0;0;0;0;0;0;2224;0;0;125;0;42;0;
11413;3727170;1178988544;14643200;1377415168;0;0;0;0;0;0;0;0;0;0;0;3657;0;0;125;0;42;0;
11414;4690937;1178988544;14643200;1377415168;0;0;0;0;0;0;0;0;0;0;0;1763;0;0;125;0;42;0;
11415;3745885;1178988544;14643200;1377415168;0;0;0;0;0;0;0;0;0;0;0;2815;0;0;125;0;42;0;
11416;4985901;1178988544;14643200;1377415168;0;0;0;0;0;0;0;0;0;0;0;1983;0;0;125;0;42;0;
11417;2836870;1178988544;14643200;1377415168;0;0;0;0;0;0;0;0;0;0;0;2685;0;0;125;0;42;0;
11418;4962627;1178988544;14643200;1377415168;0;0;0;0;0;0;0;0;0;0;0;2164;0;0;125;0;42;0;
11419;3182298;1178988544;14643200;1377415168;0;0;0;0;0;0;0;0;0;0;0;3066;0;0;125;0;42;0;
11420;4766299;1178988544;14643200;1377415168;0;0;0;0;0;0;0;0;0;0;0;2114;0;0;125;0;42;0;
11421;3050120;1178988544;14643200;1377415168;0;0;0;0;0;0;0;0;0;0;0;3055;0;0;125;0;42;0;
11422;5141372;1178988544;14643200;1377415168;0;0;0;0;0;0;0;0;0;0;0;12504;0;0;125;0;42;0;
11423;3815145;1178988544;14643200;1377415168;0;0;0;0;0;0;0;0;0;0;0;2685;0;0;125;0;42;0;
11424;4945194;1178988544;14643200;1377415168;0;0;0;0;0;0;0;0;0;0;0;2044;0;0;125;0;42;0;
11425;3883573;1178988544;14643200;1377415168;0;0;0;0;0;0;0;0;0;0;0;3026;0;0;125;0;42;0;
11426;4852571;1178988544;14643200;1377415168;0;0;0;0;0;0;0;0;0;0;0;2304;0;0;125;0;42;0;
11427;3540580;1178988544;14643200;1377415168;0;0;0;0;0;0;0;0;0;0;0;2836;0;0;125;0;42;0;
11428;4908736;1178988544;14643200;1377415168;0;0;0;0;0;0;0;0;0;0;0;1984;0;0;125;0;42;0;
11429;3071751;1178988544;14643200;1377415168;0;0;0;0;0;0;0;0;0;0;0;2545;0;0;125;0;42;0;
11430;4884921;1178988544;14643200;1377415168;0;0;0;0;0;0;0;0;0;0;0;2214;0;0;125;0;42;0;
11431;2445596;1178988544;14643200;1377415168;0;0;0;0;0;0;0;0;0;0;0;3036;0;0;125;0;42;0;
11432;5177319;1178988544;14643200;1377415168;0;0;0;0;0;0;0;0;0;0;0;1964;0;0;125;0;42;0;
11433;2611948;1178988544;14643200;1377415168;0;0;0;0;0;0;0;0;0;0;0;2925;0;0;125;0;42;0;
11434;4545304;1178988544;14643200;1377415168;0;0;0;0;0;0;0;0;0;0;0;1954;0;0;125;0;42;0;
11435;3859268;1178988544;14643200;1377415168;0;0;0;0;0;0;0;0;0;0;0;2776;0;0;125;0;42;0;
11436;4639751;1178988544;14643200;1377415168;0;0;0;0;0;0;0;0;0;0;0;2044;0;0;125;0;42;0;
11437;4032843;1178988544;14643200;1377415168;0;0;0;0;0;0;0;0;0;0;0;2905;0;0;125;0;42;0;
11438;5265895;1178988544;14643200;1377415168;0;0;0;0;0;0;0;0;0;0;0;2054;0;0;125;0;42;0;
11439;2665940;1178988544;14643200;1377415168;0;0;0;0;0;0;0;0;0;0;0;2144;0;0;125;0;42;0;
11440;4438655;1178988544;14643200;1377415168;0;0;0;0;0;0;0;0;0;0;0;1924;0;0;125;0;42;0;
11441;3708846;1178988544;14643200;1377415168;0;0;0;0;0;0;0;0;0;0;0;3637;0;0;125;0;42;0;
11442;5032278;1178988544;14643200;1377415168;0;0;0;0;0;0;0;0;0;0;0;2084;0;0;125;0;42;0;
11443;3403603;1178988544;14643200;1377415168;0;0;0;0;0;0;0;0;0;0;0;2114;0;0;125;0;42;0;
11444;4811323;1178988544;14643200;1377415168;0;0;0;0;0;0;0;0;0;0;0;2094;0;0;125;0;42;0;
11445;3443939;1178988544;14643200;1377415168;0;0;0;0;0;0;0;0;0;0;0;2976;0;0;125;0;42;0;
11446;4719681;1178988544;14643200;1377415168;0;0;0;0;0;0;0;0;0;0;0;2154;0;0;125;0;42;0;
11447;2988334;1178988544;14643200;1377415168;0;0;0;0;0;0;0;0;0;0;0;2424;0;0;125;0;42;0;
11448;5344082;1178988544;14643200;1377415168;0;0;0;0;0;0;0;0;0;0;0;2124;0;0;125;0;42;0;
11449;3110734;1178988544;14643200;1377415168;0;0;0;0;0;0;0;0;0;0;0;2284;0;0;125;0;42;0;
11450;4831811;1178988544;14643200;1377415168;0;0;0;0;0;0;0;0;0;0;0;2304;0;0;125;0;42;0;
11451;2588033;1178988544;14643200;1377415168;0;0;0;0;0;0;0;0;0;0;0;2364;0;0;125;0;42;0;
11452;5188961;1178988544;14643200;1377415168;0;0;0;0;0;0;0;0;0;0;0;1924;0;0;125;0;42;0;
11453;2620044;1178988544;14643200;1377415168;0;0;0;0;0;0;0;0;0;0;0;2836;0;0;125;0;42;0;
11454;5108821;1178988544;14643200;1377415168;0;0;0;0;0;0;0;0;0;0;0;7594;0;0;125;0;42;0;
11455;2716715;1178988544;14643200;1377415168;0;0;0;0;0;0;0;0;0;0;0;2485;0;0;125;0;42;0;
11456;4431110;1178988544;14643200;1377415168;0;0;0;0;0;0;0;0;0;0;0;2084;0;0;125;0;42;0;
11457;3316730;1178988544;14643200;1377415168;0;0;0;0;0;0;0;0;0;0;0;2986;0;0;125;0;42;0;
11458;4662594;1178988544;14643200;1377415168;0;0;0;0;0;0;0;0;0;0;0;2685;0;0;125;0;42;0;
11459;3046894;1178988544;14643200;1377415168;0;0;0;0;0;0;0;0;0;0;0;2344;0;0;125;0;42;0;
11460;4512793;1178988544;14643200;1377415168;0;0;0;0;0;0;0;0;0;0;0;2094;0;0;125;0;42;0;
11461;3341577;1178988544;14643200;1377415168;0;0;0;0;0;0;0;0;0;0;0;2494;0;0;125;0;42;0;
11462;4549742;1178988544;14643200;1377415168;0;0;0;0;0;0;0;0;0;0;0;2064;0;0;125;0;42;0;
11463;3294538;1178988544;14643200;1377415168;0;0;0;0;0;0;0;0;0;0;0;2334;0;0;125;0;42;0;
11464;4437652;1178988544;14643200;1377415168;0;0;0;0;0;0;0;0;0;0;0;2064;0;0;125;0;42;0;
11465;3225960;1178988544;14643200;1377415168;0;0;0;0;0;0;0;0;0;0;0;2515;0;0;125;0;42;0;
11466;4500881;1178988544;14643200;1377415168;0;0;0;0;0;0;0;0;0;0;0;2124;0;0;125;0;42;0;
11467;3012129;1178988544;14643200;1377415168;0;0;0;0;0;0;0;0;0;0;0;2164;0;0;125;0;42;0;
11468;4527291;1178988544;14643200;1377415168;0;0;0;0;0;0;0;0;0;0;0;2074;0;0;125;0;42;0;
11469;3268920;1178988544;14643200;1377415168;0;0;0;0;0;0;0;0;0;0;0;3106;0;0;125;0;42;0;
11470;5041054;1178988544;14643200;1377415168;0;0;0;0;0;0;0;0;0;0;0;2104;0;0;125;0;42;0;
11471;2576943;1178988544;14643200;1377415168;0;0;0;0;0;0;0;0;0;0;0;2685;0;0;125;0;42;0;
11472;5100094;1178988544;14643200;1377415168;0;0;0;0;0;0;0;0;0;0;0;2084;0;0;125;0;42;0;
11473;2966443;1178988544;14643200;1377415168;0;0;0;0;0;0;0;0;0;0;0;2696;0;0;125;0;42;0;
11474;4769445;1178988544;14643200;1377415168;0;0;0;0;0;0;0;0;0;0;0;1973;0;0;125;0;42;0;
11475;3530982;1178988544;14643200;1377415168;0;0;0;0;0;0;0;0;0;0;0;2795;0;0;125;0;42;0;
11476;4368042;1178988544;14643200;1377415168;0;0;0;0;0;0;0;0;0;0;0;1974;0;0;125;0;42;0;
11477;3043197;1178988544;14643200;1377415168;0;0;0;0;0;0;0;0;0;0;0;2615;0;0;125;0;42;0;
11478;4689114;1178988544;14643200;1377415168;0;0;0;0;0;0;0;0;0;0;0;2384;0;0;125;0;42;0;
11479;2944392;1178988544;14643200;1377415168;0;0;0;0;0;0;0;0;0;0;0;2365;0;0;125;0;42;0;
11480;4568968;1178988544;14643200;1377415168;0;0;0;0;0;0;0;0;0;0;0;1924;0;0;125;0;42;0;
11481;3662168;1178988544;14643200;1377415168;0;0;0;0;0;0;0;0;0;0;0;2315;0;0;125;0;42;0;
11482;4521028;1178988544;14643200;1377415168;0;0;0;0;0;0;0;0;0;0;0;2184;0;0;125;0;42;0;
11483;3477201;1178988544;14643200;1377415168;0;0;0;0;0;0;0;0;0;0;0;2625;0;0;125;0;42;0;
11484;5070810;1178988544;14643200;1377415168;0;0;0;0;0;0;0;0;0;0;0;2144;0;0;125;0;42;0;
11485;3463736;1178988544;14643200;1377415168;0;0;0;0;0;0;0;0;0;0;0;2435;0;0;125;0;42;0;
11486;4724560;1178988544;14643200;1377415168;0;0;0;0;0;0;0;0;0;0;0;2154;0;0;125;0;42;0;
11487;3818641;1178988544;14643200;1377415168;0;0;0;0;0;0;0;0;0;0;0;3046;0;0;125;0;42;0;
11488;4612921;1178988544;14643200;1377415168;0;0;0;0;0;0;0;0;0;0;0;1953;0;0;125;0;42;0;
11489;2200607;1178988544;14643200;1377415168;0;0;0;0;0;0;0;0;0;0;0;2555;0;0;125;0;42;0;
11490;4783962;1178988544;14643200;1377415168;0;0;0;0;0;0;0;0;0;0;0;2114;0;0;125;0;42;0;
11491;2695054;1178988544;14643200;1377415168;0;0;0;0;0;0;0;0;0;0;0;2795;0;0;125;0;42;0;
11492;4457289;1178988544;14643200;1377415168;0;0;0;0;0;0;0;0;0;0;0;2224;0;0;125;0;42;0;
11493;2599124;1178988544;14643200;1377415168;0;0;0;0;0;0;0;0;0;0;0;2224;0;0;125;0;42;0;
11494;4457820;1178988544;14643200;1377415168;0;0;0;0;0;0;0;0;0;0;0;2194;0;0;125;0;42;0;
11495;3400978;1178988544;14643200;1377415168;0;0;0;0;0;0;0;0;0;0;0;2314;0;0;125;0;42;0;
11496;4524405;1178988544;14643200;1377415168;0;0;0;0;0;0;0;0;0;0;0;2314;0;0;125;0;42;0;
11497;2840597;1178988544;14643200;1377415168;0;0;0;0;0;0;0;0;0;0;0;3546;0;0;125;0;42;0;
11498;4693522;1178988544;14643200;1377415168;0;0;0;0;0;0;0;0;0;0;0;2665;0;0;125;0;42;0;
11499;2957206;1178988544;14643200;1377415168;0;0;0;0;0;0;0;0;0;0;0;2445;0;0;125;0;42;0;
11500;4459914;1178988544;14643200;1377415168;0;0;0;0;0;0;0;0;0;0;0;2013;0;0;125;0;42;0;
11501;3170556;1178988544;14643200;1377415168;0;0;0;0;0;0;0;0;0;0;0;2795;0;0;125;0;42;0;
11502;4477297;1178988544;14643200;1377415168;0;0;0;0;0;0;0;0;0;0;0;2495;0;0;125;0;42;0;
11503;2650211;1178988544;14643200;1377415168;0;0;0;0;0;0;0;0;0;0;0;2645;0;0;125;0;42;0;
11504;4549302;1178988544;14643200;1377415168;0;0;0;0;0;0;0;0;0;0;0;1924;0;0;125;0;42;0;
11505;2835588;1178988544;14643200;1377415168;0;0;0;0;0;0;0;0;0;0;0;2064;0;0;125;0;42;0;
11506;5668661;1182429184;22138880;1384910848;0;0;0;0;0;0;0;0;0;0;0;2174;0;0;125;0;42;0;
11507;3525041;1184526336;22138880;1384910848;0;0;0;0;0;0;0;0;0;0;0;3336;0;0;125;0;42;0;
11508;4926128;1184792576;22138880;1384910848;0;0;0;0;0;0;0;0;0;0;0;2034;0;0;125;0;42;0;
11509;3071070;1184792576;22138880;1384910848;0;0;0;0;0;0;0;0;0;0;0;2324;0;0;125;0;42;0;
11510;4605908;1184792576;22138880;1384910848;0;0;0;0;0;0;0;0;0;0;0;2134;0;0;125;0;42;0;
11511;2911641;1184792576;22138880;1384910848;0;0;0;0;0;0;0;0;0;0;0;2534;0;0;125;0;42;0;
11512;4641595;1184792576;22138880;1384910848;0;0;0;0;0;0;0;0;0;0;0;2394;0;0;125;0;42;0;
11513;3007691;1177075712;14176256;1376948224;0;0;0;0;0;0;0;0;0;0;0;2044;0;0;125;0;42;0;
11514;4853061;1177075712;14176256;1376948224;0;0;0;0;0;0;0;0;0;0;0;2004;0;0;125;0;42;0;
11515;3280342;1177075712;14176256;1376948224;0;0;0;0;0;0;0;0;0;0;0;2194;0;0;125;0;42;0;
11516;4596150;1177075712;14176256;1376948224;0;0;0;0;0;0;0;0;0;0;0;1924;0;0;125;0;42;0;
11517;3244545;1177075712;14176256;1376948224;0;0;0;0;0;0;0;0;0;0;0;2014;0;0;125;0;42;0;
11518;4752322;1177075712;14176256;1376948224;0;0;0;0;0;0;0;0;0;0;0;2093;0;0;125;0;42;0;
11519;2918754;1177075712;14176256;1376948224;0;0;0;0;0;0;0;0;0;0;0;2444;0;0;125;0;42;0;
11520;4931047;1177075712;14176256;1376948224;0;0;0;0;0;0;0;0;0;0;0;1813;0;0;125;0;42;0;
11521;1866249;1177075712;14176256;1376948224;0;0;0;0;0;0;0;0;0;0;0;2245;0;0;125;0;42;0;
11522;4673675;1177075712;14176256;1376948224;0;0;0;0;0;0;0;0;0;0;0;2254;0;0;125;0;42;0;
11523;2739167;1177075712;14176256;1376948224;0;0;0;0;0;0;0;0;0;0;0;2524;0;0;125;0;42;0;
11524;4647806;1177075712;14176256;1376948224;0;0;0;0;0;0;0;0;0;0;0;2615;0;0;125;0;42;0;
11525;2454293;1177075712;14176256;1376948224;0;0;0;0;0;0;0;0;0;0;0;2284;0;0;125;0;42;0;
11526;4487656;1177075712;14176256;1376948224;0;0;0;0;0;0;0;0;0;0;0;2185;0;0;125;0;42;0;
11527;2628128;1177075712;14176256;1376948224;0;0;0;0;0;0;0;0;0;0;0;2876;0;0;125;0;42;0;
11528;5538306;1180786688;22138880;1384910848;0;0;0;0;0;0;0;0;0;0;0;2936;0;0;125;0;42;0;
11529;3403343;1182883840;22138880;1384910848;0;0;0;0;0;0;0;0;0;0;0;2915;0;0;125;0;42;0;
11530;4385385;1182883840;22138880;1384910848;0;0;0;0;0;0;0;0;0;0;0;2635;0;0;125;0;42;0;
11531;3288036;1182883840;22138880;1384910848;0;0;0;0;0;0;0;0;0;0;0;5490;0;0;125;0;42;0;
11532;4921389;1182883840;22138880;1384910848;0;0;0;0;0;0;0;0;0;0;0;2174;0;0;125;0;42;0;
11533;2918192;1182883840;22138880;1384910848;0;0;0;0;0;0;0;0;0;0;0;2856;0;0;125;0;42;0;
11534;4554140;1182883840;22138880;1384910848;0;0;0;0;0;0;0;0;0;0;0;2254;0;0;125;0;42;0;
11535;3435563;1177088000;14643200;1377415168;0;0;0;0;0;0;0;0;0;0;0;2515;0;0;125;0;42;0;
11536;5145520;1177088000;14643200;1377415168;0;0;0;0;0;0;0;0;0;0;0;2074;0;0;125;0;42;0;
11537;3391040;1177088000;14643200;1377415168;0;0;0;0;0;0;0;0;0;0;0;2434;0;0;125;0;42;0;
11538;4927791;1177088000;14643200;1377415168;0;0;0;0;0;0;0;0;0;0;0;2254;0;0;125;0;42;0;
11539;3184843;1177088000;14643200;1377415168;0;0;0;0;0;0;0;0;0;0;0;2885;0;0;125;0;42;0;
11540;4457680;1177088000;14643200;1377415168;0;0;0;0;0;0;0;0;0;0;0;2295;0;0;125;0;42;0;
11541;3099864;1177088000;14643200;1377415168;0;0;0;0;0;0;0;0;0;0;0;2655;0;0;125;0;42;0;
11542;4617589;1177088000;14643200;1377415168;0;0;0;0;0;0;0;0;0;0;0;2394;0;0;125;0;42;0;
11543;3550719;1177088000;14643200;1377415168;0;0;0;0;0;0;0;0;0;0;0;2655;0;0;125;0;42;0;
11544;4832764;1177088000;14643200;1377415168;0;0;0;0;0;0;0;0;0;0;0;2164;0;0;125;0;42;0;
11545;3391480;1177088000;14643200;1377415168;0;0;0;0;0;0;0;0;0;0;0;1944;0;0;125;0;42;0;
11546;4626636;1177088000;14643200;1377415168;0;0;0;0;0;0;0;0;0;0;0;2014;0;0;125;0;42;0;
11547;2489168;1177088000;14643200;1377415168;0;0;0;0;0;0;0;0;0;0;0;2495;0;0;125;0;42;0;
11548;5220560;1177088000;14643200;1377415168;0;0;0;0;0;0;0;0;0;0;0;2295;0;0;125;0;42;0;
11549;2283563;1177088000;14643200;1377415168;0;0;0;0;0;0;0;0;0;0;0;2284;0;0;125;0;42;0;
11550;4698712;1177088000;14643200;1377415168;0;0;0;0;0;0;0;0;0;0;0;2375;0;0;125;0;42;0;
11551;3209679;1177088000;14643200;1377415168;0;0;0;0;0;0;0;0;0;0;0;2375;0;0;125;0;42;0;
11552;5802471;1180528640;22138880;1384910848;0;0;0;0;0;0;0;0;0;0;0;7224;0;0;125;0;42;0;
11553;3535991;1182625792;22138880;1384910848;0;0;0;0;0;0;0;0;0;0;0;3727;0;0;125;0;42;0;
11554;4883188;1182892032;22138880;1384910848;0;0;0;0;0;0;0;0;0;0;0;2074;0;0;125;0;42;0;
11555;3153894;1182892032;22138880;1384910848;0;0;0;0;0;0;0;0;0;0;0;3056;0;0;125;0;42;0;
11556;4834125;1182892032;22138880;1384910848;0;0;0;0;0;0;0;0;0;0;0;2855;0;0;125;0;42;0;
11557;2823755;1182892032;22138880;1384910848;0;0;0;0;0;0;0;0;0;0;0;2505;0;0;125;0;42;0;
11558;4736062;1182892032;22138880;1384910848;0;0;0;0;0;0;0;0;0;0;0;2335;0;0;125;0;42;0;
11559;3663491;1177100288;14176256;1376948224;0;0;0;0;0;0;0;0;0;0;0;2715;0;0;125;0;42;0;
11560;4865104;1177100288;14176256;1376948224;0;0;0;0;0;0;0;0;0;0;0;2495;0;0;125;0;42;0;
11561;2449974;1177100288;14176256;1376948224;0;0;0;0;0;0;0;0;0;0;0;2886;0;0;125;0;42;0;
11562;4683524;1177100288;14176256;1376948224;0;0;0;0;0;0;0;0;0;0;0;2124;0;0;125;0;42;0;
11563;3668881;1177100288;14176256;1376948224;0;0;0;0;0;0;0;0;0;0;0;2304;0;0;125;0;42;0;
11564;4491643;1177100288;14176256;1376948224;0;0;0;0;0;0;0;0;0;0;0;2004;0;0;125;0;42;0;
11565;4809921;1177100288;14176256;1376948224;0;0;0;0;0;0;0;0;0;0;0;3196;0;0;125;0;42;0;
11566;4603283;1177100288;14176256;1376948224;0;0;0;0;0;0;0;0;0;0;0;2264;0;0;125;0;42;0;
11567;3182338;1177100288;14176256;1376948224;0;0;0;0;0;0;0;0;0;0;0;2826;0;0;125;0;42;0;
11568;4435999;1177100288;14176256;1376948224;0;0;0;0;0;0;0;0;0;0;0;2024;0;0;125;0;42;0;
11569;3054398;1177100288;14176256;1376948224;0;0;0;0;0;0;0;0;0;0;0;2875;0;0;125;0;42;0;
11570;4340100;1177100288;14176256;1376948224;0;0;0;0;0;0;0;0;0;0;0;2144;0;0;125;0;42;0;
11571;3094162;1177100288;14176256;1376948224;0;0;0;0;0;0;0;0;0;0;0;2856;0;0;125;0;42;0;
11572;4534724;1177100288;14176256;1376948224;0;0;0;0;0;0;0;0;0;0;0;2064;0;0;125;0;42;0;
11573;3386722;1177100288;14176256;1376948224;0;0;0;0;0;0;0;0;0;0;0;2455;0;0;125;0;42;0;
11574;5679761;1180811264;22138880;1384910848;0;0;0;0;0;0;0;0;0;0;0;2124;0;0;125;0;42;0;
11575;3352037;1182908416;22138880;1384910848;0;0;0;0;0;0;0;0;0;0;0;2554;0;0;125;0;42;0;
11576;4648497;1182908416;22138880;1384910848;0;0;0;0;0;0;0;0;0;0;0;2234;0;0;125;0;42;0;
11577;3717793;1182908416;22138880;1384910848;0;0;0;0;0;0;0;0;0;0;0;2855;0;0;125;0;42;0;
11578;4610887;1182908416;22138880;1384910848;0;0;0;0;0;0;0;0;0;0;0;1824;0;0;125;0;42;0;
11579;3624968;1182908416;22138880;1384910848;0;0;0;0;0;0;0;0;0;0;0;2445;0;0;125;0;42;0;
11580;4669347;1182908416;22138880;1384910848;0;0;0;0;0;0;0;0;0;0;0;2305;0;0;125;0;42;0;
11581;4424437;1177112576;14643200;1377415168;0;0;0;0;0;0;0;0;0;0;0;8546;0;0;125;0;42;0;
11582;5653993;1177112576;14643200;1377415168;0;0;0;0;0;0;0;0;0;0;0;3807;0;0;125;0;42;0;
11583;4746000;1177112576;14643200;1377415168;0;0;0;0;0;0;0;0;0;0;0;3907;0;0;125;0;42;0;
11584;5579413;1177112576;14643200;1377415168;0;0;0;0;0;0;0;0;0;0;0;2755;0;0;125;0;42;0;
11585;5610131;1177112576;14643200;1377415168;0;0;0;0;0;0;0;0;0;0;0;6012;0;0;125;0;42;0;
11586;5689800;1177112576;14643200;1377415168;0;0;0;0;0;0;0;0;0;0;0;3527;0;0;125;0;42;0;
11587;5200433;1177112576;14643200;1377415168;0;0;0;0;0;0;0;0;0;0;0;3536;0;0;125;0;42;0;
11588;4739759;1177112576;14643200;1377415168;0;0;0;0;0;0;0;0;0;0;0;2776;0;0;125;0;42;0;
11589;3646829;1177112576;14643200;1377415168;0;0;0;0;0;0;0;0;0;0;0;2956;0;0;125;0;42;0;
11590;4288903;1177112576;14643200;1377415168;0;0;0;0;0;0;0;0;0;0;0;2064;0;0;125;0;42;0;
11591;2878879;1177112576;14643200;1377415168;0;0;0;0;0;0;0;0;0;0;0;3196;0;0;125;0;42;0;
11592;5443409;1177112576;14643200;1377415168;0;0;0;0;0;0;0;0;0;0;0;2485;0;0;125;0;42;0;
11593;2525767;1177112576;14643200;1377415168;0;0;0;0;0;0;0;0;0;0;0;3286;0;0;125;0;42;0;
11594;5162151;1177112576;14643200;1377415168;0;0;0;0;0;0;0;0;0;0;0;2585;0;0;125;0;42;0;
11595;2262944;1177112576;14643200;1377415168;0;0;0;0;0;0;0;0;0;0;0;2855;0;0;125;0;42;0;
11596;5054449;1177112576;14643200;1377415168;0;0;0;0;0;0;0;0;0;0;0;2074;0;0;125;0;42;0;
11597;11804899;1177112576;14643200;1377415168;0;0;0;0;0;0;0;0;0;0;0;2966;0;0;125;0;42;0;
11598;5967471;1180553216;22138880;1384910848;0;0;0;0;0;0;0;0;0;0;0;3095;0;0;125;0;42;0;
11599;3230850;1182650368;22138880;1384910848;0;0;0;0;0;0;0;0;0;0;0;2605;0;0;125;0;42;0;
11600;4596360;1182916608;22138880;1384910848;0;0;0;0;0;0;0;0;0;0;0;2845;0;0;125;0;42;0;
11601;3133496;1182916608;22138880;1384910848;0;0;0;0;0;0;0;0;0;0;0;2906;0;0;125;0;42;0;
11602;5109813;1182916608;22138880;1384910848;0;0;0;0;0;0;0;0;0;0;0;2946;0;0;125;0;42;0;
11603;3131383;1182916608;22138880;1384910848;0;0;0;0;0;0;0;0;0;0;0;3176;0;0;125;0;42;0;
11604;5091318;1182916608;22138880;1384910848;0;0;0;0;0;0;0;0;0;0;0;2725;0;0;125;0;42;0;
11605;3997167;1177124864;14176256;1376948224;0;0;0;0;0;0;0;0;0;0;0;2374;0;0;125;0;42;0;
11606;4907343;1177124864;14176256;1376948224;0;0;0;0;0;0;0;0;0;0;0;2565;0;0;125;0;42;0;
11607;2608441;1177124864;14176256;1376948224;0;0;0;0;0;0;0;0;0;0;0;2846;0;0;125;0;42;0;
11608;4639340;1177124864;14176256;1376948224;0;0;0;0;0;0;0;0;0;0;0;1994;0;0;125;0;42;0;
11609;2693131;1177124864;14176256;1376948224;0;0;0;0;0;0;0;0;0;0;0;3136;0;0;125;0;42;0;
11610;4994727;1177124864;14176256;1376948224;0;0;0;0;0;0;0;0;0;0;0;3146;0;0;125;0;42;0;
11611;4561044;1177124864;14176256;1376948224;0;0;0;0;0;0;0;0;0;0;0;4508;0;0;125;0;42;0;
11612;4843834;1177124864;14176256;1376948224;0;0;0;0;0;0;0;0;0;0;0;3075;0;0;125;0;42;0;
11613;4584718;1177124864;14176256;1376948224;0;0;0;0;0;0;0;0;0;0;0;3857;0;0;125;0;42;0;
11614;5002763;1177124864;14176256;1376948224;0;0;0;0;0;0;0;0;0;0;0;2014;0;0;125;0;42;0;
11615;3554205;1177124864;14176256;1376948224;0;0;0;0;0;0;0;0;0;0;0;1994;0;0;125;0;42;0;
11616;4825189;1177124864;14176256;1376948224;0;0;0;0;0;0;0;0;0;0;0;1904;0;0;125;0;42;0;
11617;2890782;1177124864;14176256;1376948224;0;0;0;0;0;0;0;0;0;0;0;2414;0;0;125;0;42;0;
11618;4498366;1177124864;14176256;1376948224;0;0;0;0;0;0;0;0;0;0;0;1964;0;0;125;0;42;0;
11619;2156794;1177124864;14176256;1376948224;0;0;0;0;0;0;0;0;0;0;0;2415;0;0;125;0;42;0;
11620;4677662;1177124864;14176256;1376948224;0;0;0;0;0;0;0;0;0;0;0;2114;0;0;125;0;42;0;
11621;2953118;1177124864;14176256;1376948224;0;0;0;0;0;0;0;0;0;0;0;1954;0;0;125;0;42;0;
11622;4875193;1180835840;22138880;1384910848;0;0;0;0;0;0;0;0;0;0;0;2094;0;0;125;0;42;0;
11623;2328366;1182932992;22138880;1384910848;0;0;0;0;0;0;0;0;0;0;0;1974;0;0;125;0;42;0;
11624;5645447;1182932992;22138880;1384910848;0;0;0;0;0;0;0;0;0;0;0;1944;0;0;125;0;42;0;
11625;3101927;1182932992;22138880;1384910848;0;0;0;0;0;0;0;0;0;0;0;4308;0;0;125;0;42;0;
11626;5885127;1182932992;22138880;1384910848;0;0;0;0;0;0;0;0;0;0;0;3306;0;0;125;0;42;0;
11627;4050006;1182932992;22138880;1384910848;0;0;0;0;0;0;0;0;0;0;0;3266;0;0;125;0;42;0;
11628;4996250;1182932992;22138880;1384910848;0;0;0;0;0;0;0;0;0;0;0;2946;0;0;125;0;42;0;
11629;3907197;1177137152;14643200;1377415168;0;0;0;0;0;0;0;0;0;0;0;3116;0;0;125;0;42;0;
11630;5051283;1177137152;14643200;1377415168;0;0;0;0;0;0;0;0;0;0;0;2895;0;0;125;0;42;0;
11631;2907382;1177137152;14643200;1377415168;0;0;0;0;0;0;0;0;0;0;0;2254;0;0;125;0;42;0;
11632;4273665;1177137152;14643200;1377415168;0;0;0;0;0;0;0;0;0;0;0;1944;0;0;125;0;42;0;
11633;2480142;1177137152;14643200;1377415168;0;0;0;0;0;0;0;0;0;0;0;2264;0;0;125;0;42;0;
11634;4252275;1177137152;14643200;1377415168;0;0;0;0;0;0;0;0;0;0;0;2455;0;0;125;0;42;0;
11635;2207219;1177137152;14643200;1377415168;0;0;0;0;0;0;0;0;0;0;0;2594;0;0;125;0;42;0;
11636;4595459;1177137152;14643200;1377415168;0;0;0;0;0;0;0;0;0;0;0;2084;0;0;125;0;42;0;
11637;2226396;1177137152;14643200;1377415168;0;0;0;0;0;0;0;0;0;0;0;2665;0;0;125;0;42;0;
11638;4341933;1177137152;14643200;1377415168;0;0;0;0;0;0;0;0;0;0;0;2225;0;0;125;0;42;0;
11639;2805231;1177137152;14643200;1377415168;0;0;0;0;0;0;0;0;0;0;0;2505;0;0;125;0;42;0;
11640;4560753;1177137152;14643200;1377415168;0;0;0;0;0;0;0;0;0;0;0;1934;0;0;125;0;42;0;
11641;2985889;1177137152;14643200;1377415168;0;0;0;0;0;0;0;0;0;0;0;2345;0;0;125;0;42;0;
11642;4924275;1177137152;14643200;1377415168;0;0;0;0;0;0;0;0;0;0;0;2074;0;0;125;0;42;0;
11643;4478920;1177137152;14643200;1377415168;0;0;0;0;0;0;0;0;0;0;0;2435;0;0;125;0;42;0;
11644;5533918;1180577792;22138880;1384910848;0;0;0;0;0;0;0;0;0;0;0;2094;0;0;125;0;42;0;
11645;3819764;1182674944;22138880;1384910848;0;0;0;0;0;0;0;0;0;0;0;2945;0;0;125;0;42;0;
11646;4628961;1182941184;22138880;1384910848;0;0;0;0;0;0;0;0;0;0;0;1864;0;0;125;0;42;0;
11647;3246168;1182941184;22138880;1384910848;0;0;0;0;0;0;0;0;0;0;0;2234;0;0;125;0;42;0;
11648;4716786;1182941184;22138880;1384910848;0;0;0;0;0;0;0;0;0;0;0;2044;0;0;125;0;42;0;
11649;2992051;1182941184;22138880;1384910848;0;0;0;0;0;0;0;0;0;0;0;2525;0;0;125;0;42;0;
11650;4989407;1182941184;22138880;1384910848;0;0;0;0;0;0;0;0;0;0;0;2185;0;0;125;0;42;0;
11651;3464397;1177149440;14176256;1376948224;0;0;0;0;0;0;0;0;0;0;0;2314;0;0;125;0;42;0;
11652;4773853;1177149440;14176256;1376948224;0;0;0;0;0;0;0;0;0;0;0;2254;0;0;125;0;42;0;
11653;2702498;1177149440;14176256;1376948224;0;0;0;0;0;0;0;0;0;0;0;2385;0;0;125;0;42;0;
11654;5095366;1177149440;14176256;1376948224;0;0;0;0;0;0;0;0;0;0;0;2013;0;0;125;0;42;0;
11655;4327255;1177149440;14176256;1376948224;0;0;0;0;0;0;0;0;0;0;0;3246;0;0;125;0;42;0;
11656;4968648;1177149440;14176256;1376948224;0;0;0;0;0;0;0;0;0;0;0;2875;0;0;125;0;42;0;
11657;3118108;1177149440;14176256;1376948224;0;0;0;0;0;0;0;0;0;0;0;2294;0;0;125;0;42;0;
11658;4357763;1177149440;14176256;1376948224;0;0;0;0;0;0;0;0;0;0;0;2083;0;0;125;0;42;0;
11659;3251748;1177149440;14176256;1376948224;0;0;0;0;0;0;0;0;0;0;0;2815;0;0;125;0;42;0;
11660;4524375;1177149440;14176256;1376948224;0;0;0;0;0;0;0;0;0;0;0;1954;0;0;125;0;42;0;
11661;3239415;1177149440;14176256;1376948224;0;0;0;0;0;0;0;0;0;0;0;2856;0;0;125;0;42;0;
11662;5438279;1177149440;14176256;1376948224;0;0;0;0;0;0;0;0;0;0;0;3326;0;0;125;0;42;0;
11663;4309442;1177149440;14176256;1376948224;0;0;0;0;0;0;0;0;0;0;0;3096;0;0;125;0;42;0;
11664;5268200;1177149440;14176256;1376948224;0;0;0;0;0;0;0;0;0;0;0;1964;0;0;125;0;42;0;
11665;3216412;1177149440;14176256;1376948224;0;0;0;0;0;0;0;0;0;0;0;2154;0;0;125;0;42;0;
11666;4416733;1177149440;14176256;1376948224;0;0;0;0;0;0;0;0;0;0;0;2194;0;0;125;0;42;0;
11667;3205311;1177149440;14176256;1376948224;0;0;0;0;0;0;0;0;0;0;0;2785;0;0;125;0;42;0;
11668;5804546;1180860416;22138880;1384910848;0;0;0;0;0;0;0;0;0;0;0;2585;0;0;125;0;42;0;
11669;3895165;1182957568;22138880;1384910848;0;0;0;0;0;0;0;0;0;0;0;2975;0;0;125;0;42;0;
11670;4795093;1182957568;22138880;1384910848;0;0;0;0;0;0;0;0;0;0;0;2244;0;0;125;0;42;0;
11671;4384763;1182957568;22138880;1384910848;0;0;0;0;0;0;0;0;0;0;0;2605;0;0;125;0;42;0;
11672;4731292;1182957568;22138880;1384910848;0;0;0;0;0;0;0;0;0;0;0;1894;0;0;125;0;42;0;
11673;4351250;1182957568;22138880;1384910848;0;0;0;0;0;0;0;0;0;0;0;2264;0;0;125;0;42;0;
11674;4504688;1182957568;22138880;1384910848;0;0;0;0;0;0;0;0;0;0;0;2054;0;0;125;0;42;0;
11675;3554496;1177161728;14643200;1377415168;0;0;0;0;0;0;0;0;0;0;0;9468;0;0;125;0;42;0;
11676;4615886;1177161728;14643200;1377415168;0;0;0;0;0;0;0;0;0;0;0;1924;0;0;125;0;42;0;
11677;3611192;1177161728;14643200;1377415168;0;0;0;0;0;0;0;0;0;0;0;3617;0;0;125;0;42;0;
11678;5107098;1177161728;14643200;1377415168;0;0;0;0;0;0;0;0;0;0;0;3136;0;0;125;0;42;0;
11679;4608593;1177161728;14643200;1377415168;0;0;0;0;0;0;0;0;0;0;0;3327;0;0;125;0;42;0;
11680;4873230;1177161728;14643200;1377415168;0;0;0;0;0;0;0;0;0;0;0;2786;0;0;125;0;42;0;
11681;4103035;1177161728;14643200;1377415168;0;0;0;0;0;0;0;0;0;0;0;2174;0;0;125;0;42;0;
11682;4448743;1177161728;14643200;1377415168;0;0;0;0;0;0;0;0;0;0;0;2305;0;0;125;0;42;0;
11683;4405281;1177161728;14643200;1377415168;0;0;0;0;0;0;0;0;0;0;0;3376;0;0;125;0;42;0;
11684;4860585;1177161728;14643200;1377415168;0;0;0;0;0;0;0;0;0;0;0;2785;0;0;125;0;42;0;
11685;4406074;1177161728;14643200;1377415168;0;0;0;0;0;0;0;0;0;0;0;2285;0;0;125;0;42;0;
11686;4690797;1177161728;14643200;1377415168;0;0;0;0;0;0;0;0;0;0;0;2054;0;0;125;0;42;0;
11687;3670995;1177161728;14643200;1377415168;0;0;0;0;0;0;0;0;0;0;0;2464;0;0;125;0;42;0;
11688;4581743;1177161728;14643200;1377415168;0;0;0;0;0;0;0;0;0;0;0;1944;0;0;125;0;42;0;
11689;2700124;1177161728;14643200;1377415168;0;0;0;0;0;0;0;0;0;0;0;2003;0;0;125;0;42;0;
11690;5023962;1177161728;14643200;1377415168;0;0;0;0;0;0;0;0;0;0;0;2033;0;0;125;0;42;0;
11691;2919064;1177161728;14643200;1377415168;0;0;0;0;0;0;0;0;0;0;0;2544;0;0;125;0;42;0;
11692;5719176;1180602368;22138880;1384910848;0;0;0;0;0;0;0;0;0;0;0;2274;0;0;125;0;42;0;
11693;4264708;1182699520;22138880;1384910848;0;0;0;0;0;0;0;0;0;0;0;2575;0;0;125;0;42;0;
11694;5278199;1183236096;22138880;1384910848;0;0;0;0;0;0;0;0;0;0;0;1924;0;0;125;0;42;0;
11695;3552773;1183236096;22138880;1384910848;0;0;0;0;0;0;0;0;0;0;0;2505;0;0;125;0;42;0;
11696;4433875;1183236096;22138880;1384910848;0;0;0;0;0;0;0;0;0;0;0;1894;0;0;125;0;42;0;
11697;4390885;1183236096;22138880;1384910848;0;0;0;0;0;0;0;0;0;0;0;6332;0;0;125;0;42;0;
11698;5685373;1183236096;22138880;1384910848;0;0;0;0;0;0;0;0;0;0;0;3266;0;0;125;0;42;0;
11699;4171893;1177174016;14176256;1376948224;0;0;0;0;0;0;0;0;0;0;0;2785;0;0;125;0;42;0;
11700;5638274;1177174016;14176256;1376948224;0;0;0;0;0;0;0;0;0;0;0;2595;0;0;125;0;42;0;
11701;4694654;1177174016;14176256;1376948224;0;0;0;0;0;0;0;0;0;0;0;4047;0;0;125;0;42;0;
11702;5221572;1177174016;14176256;1376948224;0;0;0;0;0;0;0;0;0;0;0;3446;0;0;125;0;42;0;
11703;4362402;1177174016;14176256;1376948224;0;0;0;0;0;0;0;0;0;0;0;3226;0;0;125;0;42;0;
11704;4713820;1177174016;14176256;1376948224;0;0;0;0;0;0;0;0;0;0;0;2826;0;0;125;0;42;0;
11705;3070368;1177174016;14176256;1376948224;0;0;0;0;0;0;0;0;0;0;0;2414;0;0;125;0;42;0;
11706;4689474;1177174016;14176256;1376948224;0;0;0;0;0;0;0;0;0;0;0;2034;0;0;125;0;42;0;
11707;3546552;1177174016;14176256;1376948224;0;0;0;0;0;0;0;0;0;0;0;2495;0;0;125;0;42;0;
11708;4363573;1177174016;14176256;1376948224;0;0;0;0;0;0;0;0;0;0;0;1993;0;0;125;0;42;0;
11709;2565912;1177174016;14176256;1376948224;0;0;0;0;0;0;0;0;0;0;0;2424;0;0;125;0;42;0;
11710;4664718;1177174016;14176256;1376948224;0;0;0;0;0;0;0;0;0;0;0;2295;0;0;125;0;42;0;
11711;3355162;1177174016;14176256;1376948224;0;0;0;0;0;0;0;0;0;0;0;2675;0;0;125;0;42;0;
11712;4635263;1177174016;14176256;1376948224;0;0;0;0;0;0;0;0;0;0;0;2404;0;0;125;0;42;0;
11713;3845512;1177174016;14176256;1376948224;0;0;0;0;0;0;0;0;0;0;0;2655;0;0;125;0;42;0;
11714;5404395;1180884992;22138880;1384910848;0;0;0;0;0;0;0;0;0;0;0;2315;0;0;125;0;42;0;
11715;3914431;1182982144;22138880;1384910848;0;0;0;0;0;0;0;0;0;0;0;3015;0;0;125;0;42;0;
11716;4553108;1183248384;22138880;1384910848;0;0;0;0;0;0;0;0;0;0;0;2014;0;0;125;0;42;0;
11717;3393675;1183248384;22138880;1384910848;0;0;0;0;0;0;0;0;0;0;0;2264;0;0;125;0;42;0;
11718;4506762;1183248384;22138880;1384910848;0;0;0;0;0;0;0;0;0;0;0;2294;0;0;125;0;42;0;
11719;3478974;1183248384;22138880;1384910848;0;0;0;0;0;0;0;0;0;0;0;2384;0;0;125;0;42;0;
11720;4463812;1183248384;22138880;1384910848;0;0;0;0;0;0;0;0;0;0;0;2585;0;0;125;0;42;0;
11721;3851172;1177186304;14643200;1377415168;0;0;0;0;0;0;0;0;0;0;0;2465;0;0;125;0;42;0;
11722;5197347;1177186304;14643200;1377415168;0;0;0;0;0;0;0;0;0;0;0;2164;0;0;125;0;42;0;
11723;3219327;1177186304;14643200;1377415168;0;0;0;0;0;0;0;0;0;0;0;2304;0;0;125;0;42;0;
11724;5046715;1177186304;14643200;1377415168;0;0;0;0;0;0;0;0;0;0;0;2184;0;0;125;0;42;0;
11725;2788369;1177186304;14643200;1377415168;0;0;0;0;0;0;0;0;0;0;0;2134;0;0;125;0;42;0;
11726;5160588;1177186304;14643200;1377415168;0;0;0;0;0;0;0;0;0;0;0;1884;0;0;125;0;42;0;
11727;2818005;1177186304;14643200;1377415168;0;0;0;0;0;0;0;0;0;0;0;2545;0;0;125;0;42;0;
11728;4821532;1177186304;14643200;1377415168;0;0;0;0;0;0;0;0;0;0;0;2184;0;0;125;0;42;0;
11729;2464802;1177186304;14643200;1377415168;0;0;0;0;0;0;0;0;0;0;0;2244;0;0;125;0;42;0;
11730;4837062;1177186304;14643200;1377415168;0;0;0;0;0;0;0;0;0;0;0;2204;0;0;125;0;42;0;
11731;3976378;1177186304;14643200;1377415168;0;0;0;0;0;0;0;0;0;0;0;3206;0;0;125;0;42;0;
11732;5536854;1177186304;14643200;1377415168;0;0;0;0;0;0;0;0;0;0;0;2184;0;0;125;0;42;0;
11733;2842301;1177186304;14643200;1377415168;0;0;0;0;0;0;0;0;0;0;0;1964;0;0;125;0;42;0;
11734;4745569;1177186304;14643200;1377415168;0;0;0;0;0;0;0;0;0;0;0;2044;0;0;125;0;42;0;
11735;2456567;1177186304;14643200;1377415168;0;0;0;0;0;0;0;0;0;0;0;2625;0;0;125;0;42;0;
11736;4731023;1177186304;14643200;1377415168;0;0;0;0;0;0;0;0;0;0;0;2114;0;0;125;0;42;0;
11737;2934102;1177186304;14643200;1377415168;0;0;0;0;0;0;0;0;0;0;0;2174;0;0;125;0;42;0;
11738;5589543;1180626944;22138880;1384910848;0;0;0;0;0;0;0;0;0;0;0;2164;0;0;125;0;42;0;
11739;3426576;1182724096;22138880;1384910848;0;0;0;0;0;0;0;0;0;0;0;2565;0;0;125;0;42;0;
11740;5025484;1183260672;22138880;1384910848;0;0;0;0;0;0;0;0;0;0;0;1943;0;0;125;0;42;0;
11741;3997788;1183260672;22138880;1384910848;0;0;0;0;0;0;0;0;0;0;0;2585;0;0;125;0;42;0;
11742;4577184;1183260672;22138880;1384910848;0;0;0;0;0;0;0;0;0;0;0;2224;0;0;125;0;42;0;
11743;3970917;1183260672;22138880;1384910848;0;0;0;0;0;0;0;0;0;0;0;3346;0;0;125;0;42;0;
11744;5347208;1183260672;22138880;1384910848;0;0;0;0;0;0;0;0;0;0;0;2785;0;0;125;0;42;0;
11745;4591231;1177198592;14176256;1376948224;0;0;0;0;0;0;0;0;0;0;0;2245;0;0;125;0;42;0;
11746;4780515;1177198592;14176256;1376948224;0;0;0;0;0;0;0;0;0;0;0;2205;0;0;125;0;42;0;
11747;2876926;1177198592;14176256;1376948224;0;0;0;0;0;0;0;0;0;0;0;6151;0;0;125;0;42;0;
11748;4776007;1177198592;14176256;1376948224;0;0;0;0;0;0;0;0;0;0;0;1774;0;0;125;0;42;0;
11749;3753349;1177198592;14176256;1376948224;0;0;0;0;0;0;0;0;0;0;0;3086;0;0;125;0;42;0;
11750;5823862;1177198592;14176256;1376948224;0;0;0;0;0;0;0;0;0;0;0;3326;0;0;125;0;42;0;
11751;4222138;1177198592;14184448;1376956416;0;0;0;0;0;0;0;0;0;0;0;3336;0;0;125;0;42;0;
11752;5920453;1180909568;22147072;1384919040;0;0;0;0;0;0;0;0;0;0;0;14056;0;0;125;0;42;0;
11753;5103191;1183006720;22147072;1384919040;0;0;0;0;0;0;0;0;0;0;0;3407;0;0;125;0;42;0;
11754;5637933;1183272960;22147072;1384919040;0;0;0;0;0;0;0;0;0;0;0;3096;0;0;125;0;42;0;
11755;3792462;1183272960;22147072;1384919040;0;0;0;0;0;0;0;0;0;0;0;2565;0;0;125;0;42;0;
11756;4422484;1183272960;22147072;1384919040;0;0;0;0;0;0;0;0;0;0;0;2314;0;0;125;0;42;0;
11757;3299278;1183305728;22138880;1384910848;0;0;0;0;0;0;0;0;0;0;0;2936;0;0;125;0;42;0;
11758;4631746;1183305728;22138880;1384910848;0;0;0;0;0;0;0;0;0;0;0;2465;0;0;125;0;42;0;
11759;3251027;1177198592;14643200;1377415168;0;0;0;0;0;0;0;0;0;0;0;2806;0;0;125;0;42;0;
11760;5805417;1180639232;22138880;1384910848;0;0;0;0;0;0;0;0;0;0;0;2785;0;0;125;0;42;0;
11761;3618255;1182736384;22138880;1384910848;0;0;0;0;0;0;0;0;0;0;0;2735;0;0;125;0;42;0;
11762;5154677;1183272960;22138880;1384910848;0;0;0;0;0;0;0;0;0;0;0;2114;0;0;125;0;42;0;
11763;3778927;1183272960;22138880;1384910848;0;0;0;0;0;0;0;0;0;0;0;3697;0;0;125;0;42;0;
11764;4445628;1183272960;22138880;1384910848;0;0;0;0;0;0;0;0;0;0;0;2385;0;0;125;0;42;0;
11765;3639355;1183272960;22138880;1384910848;0;0;0;0;0;0;0;0;0;0;0;3817;0;0;125;0;42;0;
11766;4516770;1183272960;22138880;1384910848;0;0;0;0;0;0;0;0;0;0;0;2475;0;0;125;0;42;0;
11767;4033114;1177210880;14176256;1376948224;0;0;0;0;0;0;0;0;0;0;0;3457;0;0;125;0;42;0;
11768;4686359;1177210880;14176256;1376948224;0;0;0;0;0;0;0;0;0;0;0;2995;0;0;125;0;42;0;
11769;3446143;1177210880;14176256;1376948224;0;0;0;0;0;0;0;0;0;0;0;3066;0;0;125;0;42;0;
11770;4851619;1177210880;14176256;1376948224;0;0;0;0;0;0;0;0;0;0;0;3316;0;0;125;0;42;0;
11771;3461050;1177210880;14176256;1376948224;0;0;0;0;0;0;0;0;0;0;0;2405;0;0;125;0;42;0;
11772;4224974;1177210880;14176256;1376948224;0;0;0;0;0;0;0;0;0;0;0;2325;0;0;125;0;42;0;
11773;2721193;1177210880;14176256;1376948224;0;0;0;0;0;0;0;0;0;0;0;3136;0;0;125;0;42;0;
11774;4678183;1177210880;14176256;1376948224;0;0;0;0;0;0;0;0;0;0;0;2054;0;0;125;0;42;0;
11775;3128978;1177210880;14176256;1376948224;0;0;0;0;0;0;0;0;0;0;0;3106;0;0;125;0;42;0;
11776;4540645;1177210880;14176256;1376948224;0;0;0;0;0;0;0;0;0;0;0;1804;0;0;125;0;42;0;
11777;2920457;1177210880;14176256;1376948224;0;0;0;0;0;0;0;0;0;0;0;1823;0;0;125;0;42;0;
11778;4637477;1177210880;14176256;1376948224;0;0;0;0;0;0;0;0;0;0;0;2134;0;0;125;0;42;0;
11779;2388520;1177210880;14176256;1376948224;0;0;0;0;0;0;0;0;0;0;0;2846;0;0;125;0;42;0;
11780;4934585;1177210880;14176256;1376948224;0;0;0;0;0;0;0;0;0;0;0;2023;0;0;125;0;42;0;
11781;2746651;1177210880;14176256;1376948224;0;0;0;0;0;0;0;0;0;0;0;2185;0;0;125;0;42;0;
11782;4392798;1177210880;14176256;1376948224;0;0;0;0;0;0;0;0;0;0;0;2054;0;0;125;0;42;0;
11783;3069506;1177210880;14176256;1376948224;0;0;0;0;0;0;0;0;0;0;0;2164;0;0;125;0;42;0;
11784;5256197;1180921856;22138880;1384910848;0;0;0;0;0;0;0;0;0;0;0;2415;0;0;125;0;42;0;
11785;3074376;1183019008;22138880;1384910848;0;0;0;0;0;0;0;0;0;0;0;2404;0;0;125;0;42;0;
11786;4664939;1183285248;22138880;1384910848;0;0;0;0;0;0;0;0;0;0;0;2003;0;0;125;0;42;0;
11787;3059648;1183285248;22138880;1384910848;0;0;0;0;0;0;0;0;0;0;0;2815;0;0;125;0;42;0;
11788;4673925;1183285248;22138880;1384910848;0;0;0;0;0;0;0;0;0;0;0;2154;0;0;125;0;42;0;
11789;4217320;1183285248;22138880;1384910848;0;0;0;0;0;0;0;0;0;0;0;3366;0;0;125;0;42;0;
11790;5093172;1183285248;22138880;1384910848;0;0;0;0;0;0;0;0;0;0;0;3186;0;0;125;0;42;0;
11791;4008287;1177223168;14643200;1377415168;0;0;0;0;0;0;0;0;0;0;0;2214;0;0;125;0;42;0;
11792;4631756;1177223168;14643200;1377415168;0;0;0;0;0;0;0;0;0;0;0;2194;0;0;125;0;42;0;
11793;2453251;1177223168;14643200;1377415168;0;0;0;0;0;0;0;0;0;0;0;2605;0;0;125;0;42;0;
11794;4745970;1177223168;14643200;1377415168;0;0;0;0;0;0;0;0;0;0;0;1923;0;0;125;0;42;0;
11795;3887540;1177223168;14643200;1377415168;0;0;0;0;0;0;0;0;0;0;0;5570;0;0;125;0;42;0;
11796;4474271;1177223168;14643200;1377415168;0;0;0;0;0;0;0;0;0;0;0;2284;0;0;125;0;42;0;
11797;2491933;1177223168;14643200;1377415168;0;0;0;0;0;0;0;0;0;0;0;2324;0;0;125;0;42;0;
11798;4780235;1177223168;14643200;1377415168;0;0;0;0;0;0;0;0;0;0;0;1923;0;0;125;0;42;0;
11799;3539348;1177223168;14643200;1377415168;0;0;0;0;0;0;0;0;0;0;0;2334;0;0;125;0;42;0;
11800;4478329;1177223168;14643200;1377415168;0;0;0;0;0;0;0;0;0;0;0;1954;0;0;125;0;42;0;
11801;3294318;1177223168;14643200;1377415168;0;0;0;0;0;0;0;0;0;0;0;2314;0;0;125;0;42;0;
11802;4942950;1177223168;14643200;1377415168;0;0;0;0;0;0;0;0;0;0;0;1963;0;0;125;0;42;0;
11803;3855941;1177223168;14643200;1377415168;0;0;0;0;0;0;0;0;0;0;0;2425;0;0;125;0;42;0;
11804;4659869;1177223168;14643200;1377415168;0;0;0;0;0;0;0;0;0;0;0;2184;0;0;125;0;42;0;
11805;3049980;1177223168;14643200;1377415168;0;0;0;0;0;0;0;0;0;0;0;2224;0;0;125;0;42;0;
11806;5085648;1177223168;14643200;1377415168;0;0;0;0;0;0;0;0;0;0;0;1974;0;0;125;0;42;0;
11807;2862628;1177223168;14643200;1377415168;0;0;0;0;0;0;0;0;0;0;0;2003;0;0;125;0;42;0;
11808;5999661;1180663808;22138880;1384910848;0;0;0;0;0;0;0;0;0;0;0;2395;0;0;125;0;42;0;
11809;3824072;1182760960;22138880;1384910848;0;0;0;0;0;0;0;0;0;0;0;2384;0;0;125;0;42;0;
11810;5157903;1183297536;22138880;1384910848;0;0;0;0;0;0;0;0;0;0;0;2194;0;0;125;0;42;0;
11811;4075653;1183297536;22138880;1384910848;0;0;0;0;0;0;0;0;0;0;0;2736;0;0;125;0;42;0;
11812;5574224;1183297536;22138880;1384910848;0;0;0;0;0;0;0;0;0;0;0;1933;0;0;125;0;42;0;
11813;4086513;1183297536;22138880;1384910848;0;0;0;0;0;0;0;0;0;0;0;1893;0;0;125;0;42;0;
11814;4581722;1183297536;22138880;1384910848;0;0;0;0;0;0;0;0;0;0;0;1914;0;0;125;0;42;0;
11815;4167556;1177235456;14176256;1376948224;0;0;0;0;0;0;0;0;0;0;0;2184;0;0;125;0;42;0;
11816;5107579;1177235456;14176256;1376948224;0;0;0;0;0;0;0;0;0;0;0;1914;0;0;125;0;42;0;
11817;2570581;1177235456;14176256;1376948224;0;0;0;0;0;0;0;0;0;0;0;2755;0;0;125;0;42;0;
11818;4828665;1177235456;14176256;1376948224;0;0;0;0;0;0;0;0;0;0;0;1934;0;0;125;0;42;0;
11819;3277517;1177235456;14176256;1376948224;0;0;0;0;0;0;0;0;0;0;0;2154;0;0;125;0;42;0;
11820;4678925;1177235456;14176256;1376948224;0;0;0;0;0;0;0;0;0;0;0;2184;0;0;125;0;42;0;
11821;2740269;1177235456;14176256;1376948224;0;0;0;0;0;0;0;0;0;0;0;2364;0;0;125;0;42;0;
11822;4489619;1177235456;14176256;1376948224;0;0;0;0;0;0;0;0;0;0;0;1864;0;0;125;0;42;0;
11823;3911986;1177235456;14176256;1376948224;0;0;0;0;0;0;0;0;0;0;0;2144;0;0;125;0;42;0;
11824;4555773;1177235456;14176256;1376948224;0;0;0;0;0;0;0;0;0;0;0;1984;0;0;125;0;42;0;
11825;3726419;1177235456;14176256;1376948224;0;0;0;0;0;0;0;0;0;0;0;2395;0;0;125;0;42;0;
11826;4547609;1177235456;14176256;1376948224;0;0;0;0;0;0;0;0;0;0;0;1873;0;0;125;0;42;0;
11827;3147393;1177235456;14176256;1376948224;0;0;0;0;0;0;0;0;0;0;0;2134;0;0;125;0;42;0;
11828;4559100;1177235456;14176256;1376948224;0;0;0;0;0;0;0;0;0;0;0;2194;0;0;125;0;42;0;
11829;2703761;1177235456;14176256;1376948224;0;0;0;0;0;0;0;0;0;0;0;2064;0;0;125;0;42;0;
11830;5506116;1180946432;22138880;1384910848;0;0;0;0;0;0;0;0;0;0;0;2144;0;0;125;0;42;0;
11831;3352087;1183043584;22138880;1384910848;0;0;0;0;0;0;0;0;0;0;0;3026;0;0;125;0;42;0;
11832;5037898;1183309824;22138880;1384910848;0;0;0;0;0;0;0;0;0;0;0;1883;0;0;125;0;42;0;
11833;11782697;1183309824;22138880;1384910848;0;0;0;0;0;0;0;0;0;0;0;2344;0;0;125;0;42;0;
11834;4975591;1183309824;22138880;1384910848;0;0;0;0;0;0;0;0;0;0;0;1993;0;0;125;0;42;0;
11835;4820781;1183309824;22138880;1384910848;0;0;0;0;0;0;0;0;0;0;0;2675;0;0;125;0;42;0;
11836;4453703;1183309824;22138880;1384910848;0;0;0;0;0;0;0;0;0;0;0;2164;0;0;125;0;42;0;
11837;3646288;1177247744;14643200;1377415168;0;0;0;0;0;0;0;0;0;0;0;2655;0;0;125;0;42;0;
11838;5691404;1177247744;14643200;1377415168;0;0;0;0;0;0;0;0;0;0;0;2174;0;0;125;0;42;0;
11839;3298426;1177247744;14643200;1377415168;0;0;0;0;0;0;0;0;0;0;0;2455;0;0;125;0;42;0;
11840;4731643;1177247744;14643200;1377415168;0;0;0;0;0;0;0;0;0;0;0;2124;0;0;125;0;42;0;
11841;3432016;1177247744;14643200;1377415168;0;0;0;0;0;0;0;0;0;0;0;2194;0;0;125;0;42;0;
11842;4970551;1177247744;14643200;1377415168;0;0;0;0;0;0;0;0;0;0;0;2124;0;0;125;0;42;0;
11843;2751420;1177247744;14643200;1377415168;0;0;0;0;0;0;0;0;0;0;0;2495;0;0;125;0;42;0;
11844;4715804;1177247744;14643200;1377415168;0;0;0;0;0;0;0;0;0;0;0;2345;0;0;125;0;42;0;
11845;3121735;1177247744;14643200;1377415168;0;0;0;0;0;0;0;0;0;0;0;2445;0;0;125;0;42;0;
11846;5412751;1177247744;14643200;1377415168;0;0;0;0;0;0;0;0;0;0;0;2345;0;0;125;0;42;0;
11847;3923408;1177247744;14643200;1377415168;0;0;0;0;0;0;0;0;0;0;0;3327;0;0;125;0;42;0;
11848;4957697;1177247744;14643200;1377415168;0;0;0;0;0;0;0;0;0;0;0;3176;0;0;125;0;42;0;
11849;4555703;1177247744;14643200;1377415168;0;0;0;0;0;0;0;0;0;0;0;2895;0;0;125;0;42;0;
11850;5544488;1177247744;14643200;1377415168;0;0;0;0;0;0;0;0;0;0;0;2956;0;0;125;0;42;0;
11851;3637902;1177247744;14643200;1377415168;0;0;0;0;0;0;0;0;0;0;0;3386;0;0;125;0;42;0;
11852;4694825;1177247744;14643200;1377415168;0;0;0;0;0;0;0;0;0;0;0;2835;0;0;125;0;42;0;
11853;3497269;1177247744;14643200;1377415168;0;0;0;0;0;0;0;0;0;0;0;2275;0;0;125;0;42;0;
11854;5776063;1180688384;22138880;1384910848;0;0;0;0;0;0;0;0;0;0;0;2575;0;0;125;0;42;0;
11855;4435648;1182785536;22138880;1384910848;0;0;0;0;0;0;0;0;0;0;0;3286;0;0;125;0;42;0;
11856;4827985;1183322112;22138880;1384910848;0;0;0;0;0;0;0;0;0;0;0;3276;0;0;125;0;42;0;
11857;3970506;1183322112;22138880;1384910848;0;0;0;0;0;0;0;0;0;0;0;3246;0;0;125;0;42;0;
11858;4602281;1183322112;22138880;1384910848;0;0;0;0;0;0;0;0;0;0;0;3116;0;0;125;0;42;0;
11859;2703841;1183322112;22138880;1384910848;0;0;0;0;0;0;0;0;0;0;0;2174;0;0;125;0;42;0;
11860;5272548;1183322112;22138880;1384910848;0;0;0;0;0;0;0;0;0;0;0;2324;0;0;125;0;42;0;
11861;3247460;1177260032;14176256;1376948224;0;0;0;0;0;0;0;0;0;0;0;3747;0;0;125;0;42;0;
11862;4646324;1177260032;14176256;1376948224;0;0;0;0;0;0;0;0;0;0;0;3076;0;0;125;0;42;0;
11863;3693748;1177260032;14176256;1376948224;0;0;0;0;0;0;0;0;0;0;0;3066;0;0;125;0;42;0;
11864;4616829;1177260032;14176256;1376948224;0;0;0;0;0;0;0;0;0;0;0;3086;0;0;125;0;42;0;
11865;3949937;1177260032;14176256;1376948224;0;0;0;0;0;0;0;0;0;0;0;3055;0;0;125;0;42;0;
11866;5069457;1177260032;14176256;1376948224;0;0;0;0;0;0;0;0;0;0;0;2985;0;0;125;0;42;0;
11867;3637381;1177260032;14176256;1376948224;0;0;0;0;0;0;0;0;0;0;0;2995;0;0;125;0;42;0;
11868;5182129;1177260032;14176256;1376948224;0;0;0;0;0;0;0;0;0;0;0;2875;0;0;125;0;42;0;
11869;2581993;1177260032;14176256;1376948224;0;0;0;0;0;0;0;0;0;0;0;2275;0;0;125;0;42;0;
11870;4547879;1177260032;14176256;1376948224;0;0;0;0;0;0;0;0;0;0;0;2545;0;0;125;0;42;0;
11871;2893907;1177260032;14176256;1376948224;0;0;0;0;0;0;0;0;0;0;0;2414;0;0;125;0;42;0;
11872;4735110;1177260032;14176256;1376948224;0;0;0;0;0;0;0;0;0;0;0;2144;0;0;125;0;42;0;
11873;2683022;1177260032;14176256;1376948224;0;0;0;0;0;0;0;0;0;0;0;4288;0;0;125;0;42;0;
11874;4279927;1177260032;14176256;1376948224;0;0;0;0;0;0;0;0;0;0;0;2013;0;0;125;0;42;0;
11875;2579207;1177260032;14176256;1376948224;0;0;0;0;0;0;0;0;0;0;0;2554;0;0;125;0;42;0;
11876;4401465;1177260032;14176256;1376948224;0;0;0;0;0;0;0;0;0;0;0;2004;0;0;125;0;42;0;
11877;3206393;1177260032;14176256;1376948224;0;0;0;0;0;0;0;0;0;0;0;2094;0;0;125;0;42;0;
11878;5302263;1180971008;22138880;1384910848;0;0;0;0;0;0;0;0;0;0;0;2093;0;0;125;0;42;0;
11879;2903425;1183068160;22138880;1384910848;0;0;0;0;0;0;0;0;0;0;0;3156;0;0;125;0;42;0;
11880;4960553;1183334400;22138880;1384910848;0;0;0;0;0;0;0;0;0;0;0;2875;0;0;125;0;42;0;
11881;4643989;1183334400;22138880;1384910848;0;0;0;0;0;0;0;0;0;0;0;2876;0;0;125;0;42;0;
11882;4951536;1183334400;22138880;1384910848;0;0;0;0;0;0;0;0;0;0;0;2876;0;0;125;0;42;0;
11883;2687550;1183334400;22138880;1384910848;0;0;0;0;0;0;0;0;0;0;0;2285;0;0;125;0;42;0;
11884;4476735;1183334400;22138880;1384910848;0;0;0;0;0;0;0;0;0;0;0;1913;0;0;125;0;42;0;
11885;2278583;1177272320;14643200;1377415168;0;0;0;0;0;0;0;0;0;0;0;2194;0;0;125;0;42;0;
11886;5246559;1177272320;14643200;1377415168;0;0;0;0;0;0;0;0;0;0;0;2134;0;0;125;0;42;0;
11887;2463650;1177272320;14643200;1377415168;0;0;0;0;0;0;0;0;0;0;0;3266;0;0;125;0;42;0;
11888;4564670;1177272320;14643200;1377415168;0;0;0;0;0;0;0;0;0;0;0;2946;0;0;125;0;42;0;
11889;2892364;1177272320;14643200;1377415168;0;0;0;0;0;0;0;0;0;0;0;2365;0;0;125;0;42;0;
11890;4726795;1177272320;14643200;1377415168;0;0;0;0;0;0;0;0;0;0;0;1994;0;0;125;0;42;0;
11891;2118242;1177272320;14643200;1377415168;0;0;0;0;0;0;0;0;0;0;0;2304;0;0;125;0;42;0;
11892;4503916;1177272320;14643200;1377415168;0;0;0;0;0;0;0;0;0;0;0;1894;0;0;125;0;42;0;
11893;1942563;1177272320;14643200;1377415168;0;0;0;0;0;0;0;0;0;0;0;2464;0;0;125;0;42;0;
11894;4353294;1177272320;14643200;1377415168;0;0;0;0;0;0;0;0;0;0;0;1984;0;0;125;0;42;0;
11895;1818781;1177272320;14643200;1377415168;0;0;0;0;0;0;0;0;0;0;0;2224;0;0;125;0;42;0;
11896;4427693;1177272320;14643200;1377415168;0;0;0;0;0;0;0;0;0;0;0;2054;0;0;125;0;42;0;
11897;2122240;1177272320;14643200;1377415168;0;0;0;0;0;0;0;0;0;0;0;2434;0;0;125;0;42;0;
11898;3913158;1177272320;14643200;1377415168;0;0;0;0;0;0;0;0;0;0;0;2374;0;0;125;0;42;0;
11899;1874656;1177272320;14643200;1377415168;0;0;0;0;0;0;0;0;0;0;0;2254;0;0;125;0;42;0;
11900;4971724;1180712960;22138880;1384910848;0;0;0;0;0;0;0;0;0;0;0;2204;0;0;125;0;42;0;
11901;1977639;1182810112;22138880;1384910848;0;0;0;0;0;0;0;0;0;0;0;2565;0;0;125;0;42;0;
11902;4623050;1183346688;22138880;1384910848;0;0;0;0;0;0;0;0;0;0;0;2134;0;0;125;0;42;0;
11903;1991876;1183346688;22138880;1384910848;0;0;0;0;0;0;0;0;0;0;0;2364;0;0;125;0;42;0;
11904;4864343;1183346688;22138880;1384910848;0;0;0;0;0;0;0;0;0;0;0;1984;0;0;125;0;42;0;
11905;2160402;1183346688;22138880;1384910848;0;0;0;0;0;0;0;0;0;0;0;2165;0;0;125;0;42;0;
11906;4843023;1183346688;22138880;1384910848;0;0;0;0;0;0;0;0;0;0;0;1954;0;0;125;0;42;0;
11907;2365917;1177284608;14176256;1376948224;0;0;0;0;0;0;0;0;0;0;0;2004;0;0;125;0;42;0;
11908;4199576;1177284608;14176256;1376948224;0;0;0;0;0;0;0;0;0;0;0;2284;0;0;125;0;42;0;
11909;2246814;1177284608;14176256;1376948224;0;0;0;0;0;0;0;0;0;0;0;2204;0;0;125;0;42;0;
11910;4502363;1177284608;14176256;1376948224;0;0;0;0;0;0;0;0;0;0;0;2264;0;0;125;0;42;0;
11911;1912818;1177284608;14176256;1376948224;0;0;0;0;0;0;0;0;0;0;0;2084;0;0;125;0;42;0;
11912;4428846;1177284608;14176256;1376948224;0;0;0;0;0;0;0;0;0;0;0;2355;0;0;125;0;42;0;
11913;3971739;1177284608;14176256;1376948224;0;0;0;0;0;0;0;0;0;0;0;3186;0;0;125;0;42;0;
11914;4997212;1177284608;14176256;1376948224;0;0;0;0;0;0;0;0;0;0;0;2845;0;0;125;0;42;0;
11915;2674766;1177284608;14176256;1376948224;0;0;0;0;0;0;0;0;0;0;0;2344;0;0;125;0;42;0;
11916;4274015;1177284608;14176256;1376948224;0;0;0;0;0;0;0;0;0;0;0;2174;0;0;125;0;42;0;
11917;1796419;1177284608;14176256;1376948224;0;0;0;0;0;0;0;0;0;0;0;2064;0;0;125;0;42;0;
11918;4352593;1177284608;14176256;1376948224;0;0;0;0;0;0;0;0;0;0;0;2124;0;0;125;0;42;0;
11919;2157927;1177284608;14176256;1376948224;0;0;0;0;0;0;0;0;0;0;0;2255;0;0;125;0;42;0;
11920;4483728;1177284608;14176256;1376948224;0;0;0;0;0;0;0;0;0;0;0;2044;0;0;125;0;42;0;
11921;3483252;1177284608;14176256;1376948224;0;0;0;0;0;0;0;0;0;0;0;3065;0;0;125;0;42;0;
11922;4739157;1177284608;14176256;1376948224;0;0;0;0;0;0;0;0;0;0;0;3056;0;0;125;0;42;0;
11923;3242561;1177284608;14176256;1376948224;0;0;0;0;0;0;0;0;0;0;0;2985;0;0;125;0;42;0;
11924;5809164;1180995584;22138880;1384910848;0;0;0;0;0;0;0;0;0;0;0;2925;0;0;125;0;42;0;
11925;3266907;1183092736;22138880;1384910848;0;0;0;0;0;0;0;0;0;0;0;3226;0;0;125;0;42;0;
11926;4971403;1183358976;22138880;1384910848;0;0;0;0;0;0;0;0;0;0;0;2845;0;0;125;0;42;0;
11927;4055545;1183358976;22138880;1384910848;0;0;0;0;0;0;0;0;0;0;0;2966;0;0;125;0;42;0;
11928;4771689;1183358976;22138880;1384910848;0;0;0;0;0;0;0;0;0;0;0;2935;0;0;125;0;42;0;
11929;2584807;1183358976;22138880;1384910848;0;0;0;0;0;0;0;0;0;0;0;2094;0;0;125;0;42;0;
11930;4230413;1183358976;22138880;1384910848;0;0;0;0;0;0;0;0;0;0;0;2244;0;0;125;0;42;0;
11931;4453983;1177296896;14643200;1377415168;0;0;0;0;0;0;0;0;0;0;0;3286;0;0;125;0;42;0;
11932;4996891;1177296896;14643200;1377415168;0;0;0;0;0;0;0;0;0;0;0;3637;0;0;125;0;42;0;
11933;3068655;1177296896;14643200;1377415168;0;0;0;0;0;0;0;0;0;0;0;2154;0;0;125;0;42;0;
11934;4291358;1177296896;14643200;1377415168;0;0;0;0;0;0;0;0;0;0;0;2134;0;0;125;0;42;0;
11935;2817925;1177296896;14643200;1377415168;0;0;0;0;0;0;0;0;0;0;0;2454;0;0;125;0;42;0;
11936;5160818;1177296896;14643200;1377415168;0;0;0;0;0;0;0;0;0;0;0;2023;0;0;125;0;42;0;
11937;2440587;1177296896;14643200;1377415168;0;0;0;0;0;0;0;0;0;0;0;2204;0;0;125;0;42;0;
11938;4394762;1177296896;14643200;1377415168;0;0;0;0;0;0;0;0;0;0;0;1964;0;0;125;0;42;0;
11939;2049935;1177296896;14643200;1377415168;0;0;0;0;0;0;0;0;0;0;0;2114;0;0;125;0;42;0;
11940;4420460;1177296896;14643200;1377415168;0;0;0;0;0;0;0;0;0;0;0;2044;0;0;125;0;42;0;
11941;3456022;1177296896;14643200;1377415168;0;0;0;0;0;0;0;0;0;0;0;3477;0;0;125;0;42;0;
11942;4981492;1177296896;14643200;1377415168;0;0;0;0;0;0;0;0;0;0;0;2735;0;0;125;0;42;0;
11943;4733988;1177296896;14643200;1377415168;0;0;0;0;0;0;0;0;0;0;0;2765;0;0;125;0;42;0;
11944;4646234;1177296896;14643200;1377415168;0;0;0;0;0;0;0;0;0;0;0;2936;0;0;125;0;42;0;
11945;3985845;1177296896;14643200;1377415168;0;0;0;0;0;0;0;0;0;0;0;3076;0;0;125;0;42;0;
11946;4986001;1177296896;14643200;1377415168;0;0;0;0;0;0;0;0;0;0;0;3126;0;0;125;0;42;0;
11947;4895891;1177296896;14643200;1377415168;0;0;0;0;0;0;0;0;0;0;0;3286;0;0;125;0;42;0;
11948;6146056;1180737536;22138880;1384910848;0;0;0;0;0;0;0;0;0;0;0;2745;0;0;125;0;42;0;
11949;4972645;1182834688;22138880;1384910848;0;0;0;0;0;0;0;0;0;0;0;3206;0;0;125;0;42;0;
11950;5204421;1183371264;22138880;1384910848;0;0;0;0;0;0;0;0;0;0;0;2915;0;0;125;0;42;0;
11951;4914828;1183371264;22138880;1384910848;0;0;0;0;0;0;0;0;0;0;0;3917;0;0;125;0;42;0;
11952;5282667;1183371264;22138880;1384910848;0;0;0;0;0;0;0;0;0;0;0;3046;0;0;125;0;42;0;
11953;3845001;1183371264;22138880;1384910848;0;0;0;0;0;0;0;0;0;0;0;3076;0;0;125;0;42;0;
11954;4729961;1183371264;22138880;1384910848;0;0;0;0;0;0;0;0;0;0;0;2946;0;0;125;0;42;0;
11955;3491468;1177309184;14176256;1376948224;0;0;0;0;0;0;0;0;0;0;0;2785;0;0;125;0;42;0;
11956;4668646;1177309184;14176256;1376948224;0;0;0;0;0;0;0;0;0;0;0;2144;0;0;125;0;42;0;
11957;3483002;1177309184;14176256;1376948224;0;0;0;0;0;0;0;0;0;0;0;2625;0;0;125;0;42;0;
11958;4782639;1177309184;14176256;1376948224;0;0;0;0;0;0;0;0;0;0;0;2024;0;0;125;0;42;0;
11959;3961590;1177309184;14176256;1376948224;0;0;0;0;0;0;0;0;0;0;0;2695;0;0;125;0;42;0;
11960;4296918;1177309184;14176256;1376948224;0;0;0;0;0;0;0;0;0;0;0;2064;0;0;125;0;42;0;
11961;4674837;1177309184;14176256;1376948224;0;0;0;0;0;0;0;0;0;0;0;2836;0;0;125;0;42;0;
11962;5204150;1177309184;14176256;1376948224;0;0;0;0;0;0;0;0;0;0;0;2806;0;0;125;0;42;0;
11963;3879526;1177309184;14176256;1376948224;0;0;0;0;0;0;0;0;0;0;0;2555;0;0;125;0;42;0;
11964;4421252;1177309184;14176256;1376948224;0;0;0;0;0;0;0;0;0;0;0;2004;0;0;125;0;42;0;
11965;2863299;1177309184;14176256;1376948224;0;0;0;0;0;0;0;0;0;0;0;2695;0;0;125;0;42;0;
11966;4591100;1177309184;14176256;1376948224;0;0;0;0;0;0;0;0;0;0;0;2004;0;0;125;0;42;0;
11967;3046964;1177309184;14176256;1376948224;0;0;0;0;0;0;0;0;0;0;0;2865;0;0;125;0;42;0;
11968;4585590;1177309184;14176256;1376948224;0;0;0;0;0;0;0;0;0;0;0;2164;0;0;125;0;42;0;
11969;3428750;1177309184;14176256;1376948224;0;0;0;0;0;0;0;0;0;0;0;2715;0;0;125;0;42;0;
11970;5898412;1181020160;22138880;1384910848;0;0;0;0;0;0;0;0;0;0;0;2595;0;0;125;0;42;0;
11971;5174675;1183117312;22138880;1384910848;0;0;0;0;0;0;0;0;0;0;0;3968;0;0;125;0;42;0;
11972;5227574;1183383552;22138880;1384910848;0;0;0;0;0;0;0;0;0;0;0;2846;0;0;125;0;42;0;
11973;5119762;1183383552;22138880;1384910848;0;0;0;0;0;0;0;0;0;0;0;3847;0;0;125;0;42;0;
11974;5206184;1183383552;22138880;1384910848;0;0;0;0;0;0;0;0;0;0;0;2685;0;0;125;0;42;0;
11975;4183145;1183383552;22138880;1384910848;0;0;0;0;0;0;0;0;0;0;0;3566;0;0;125;0;42;0;
11976;5183501;1183383552;22138880;1384910848;0;0;0;0;0;0;0;0;0;0;0;2815;0;0;125;0;42;0;
11977;5281434;1177321472;14643200;1377415168;0;0;0;0;0;0;0;0;0;0;0;3046;0;0;125;0;42;0;
11978;5149447;1177321472;14643200;1377415168;0;0;0;0;0;0;0;0;0;0;0;3106;0;0;125;0;42;0;
11979;4688362;1177321472;14643200;1377415168;0;0;0;0;0;0;0;0;0;0;0;3417;0;0;125;0;42;0;
11980;5119301;1177321472;14643200;1377415168;0;0;0;0;0;0;0;0;0;0;0;2815;0;0;125;0;42;0;
11981;3524219;1177321472;14643200;1377415168;0;0;0;0;0;0;0;0;0;0;0;2504;0;0;125;0;42;0;
11982;4575902;1177321472;14643200;1377415168;0;0;0;0;0;0;0;0;0;0;0;1934;0;0;125;0;42;0;
11983;4042391;1177321472;14643200;1377415168;0;0;0;0;0;0;0;0;0;0;0;2235;0;0;125;0;42;0;
11984;4750479;1177321472;14643200;1377415168;0;0;0;0;0;0;0;0;0;0;0;2815;0;0;125;0;42;0;
11985;5811549;1177321472;14643200;1377415168;0;0;0;0;0;0;0;0;0;0;0;2274;0;0;125;0;42;0;
11986;4581772;1177321472;14643200;1377415168;0;0;0;0;0;0;0;0;0;0;0;1994;0;0;125;0;42;0;
11987;5284661;1177321472;14643200;1377415168;0;0;0;0;0;0;0;0;0;0;0;2544;0;0;125;0;42;0;
11988;4878369;1177321472;14643200;1377415168;0;0;0;0;0;0;0;0;0;0;0;55013;0;0;125;0;42;0;
11989;3607425;1177321472;14643200;1377415168;0;0;0;0;0;0;0;0;0;0;0;2766;0;0;125;0;42;0;
11990;6427164;1177321472;14643200;1377415168;0;0;0;0;0;0;0;0;0;0;0;2856;0;0;125;0;42;0;
11991;4036560;1177321472;14651392;1377423360;0;0;0;0;0;0;0;0;0;0;0;2314;0;0;125;0;42;0;
11992;5567081;1180762112;22147072;1384919040;0;0;0;0;0;0;0;0;0;0;0;2304;0;0;125;0;42;0;
11993;4237457;1182859264;22147072;1384919040;0;0;0;0;0;0;0;0;0;0;0;2855;0;0;125;0;42;0;
11994;5316260;1183395840;22147072;1384919040;0;0;0;0;0;0;0;0;0;0;0;1943;0;0;125;0;42;0;
11995;4361139;1183395840;22147072;1384919040;0;0;0;0;0;0;0;0;0;0;0;3346;0;0;125;0;42;0;
11996;5308355;1183395840;22147072;1384919040;0;0;0;0;0;0;0;0;0;0;0;2835;0;0;125;0;42;0;
11997;5642101;1183563776;22138880;1384910848;0;0;0;0;0;0;0;0;0;0;0;3697;0;0;125;0;42;0;
11998;4929264;1183563776;22138880;1384910848;0;0;0;0;0;0;0;0;0;0;0;2936;0;0;125;0;42;0;
11999;4769003;1177333760;14176256;1376948224;0;0;0;0;0;0;0;0;0;0;0;3356;0;0;125;0;42;0;
12000;5357698;1177333760;14176256;1376948224;0;0;0;0;0;0;0;0;0;0;0;3005;0;0;125;0;42;0;
12001;6964080;1177333760;14176256;1376948224;0;0;0;0;0;0;0;0;0;0;0;7073;0;0;125;0;42;0;
12002;6699374;1177333760;14176256;1376948224;0;0;0;0;0;0;0;0;0;0;0;5470;0;0;125;0;42;0;
12003;5836646;1177333760;14176256;1376948224;0;0;0;0;0;0;0;0;0;0;0;3056;0;0;125;0;42;0;
12004;4775075;1177333760;14176256;1376948224;0;0;0;0;0;0;0;0;0;0;0;2054;0;0;125;0;42;0;
12005;2913574;1177333760;14176256;1376948224;0;0;0;0;0;0;0;0;0;0;0;2975;0;0;125;0;42;0;
12006;4566174;1177333760;14176256;1376948224;0;0;0;0;0;0;0;0;0;0;0;1983;0;0;125;0;42;0;
12007;3371343;1177333760;14176256;1376948224;0;0;0;0;0;0;0;0;0;0;0;2645;0;0;125;0;42;0;
12008;4551956;1177333760;14176256;1376948224;0;0;0;0;0;0;0;0;0;0;0;2194;0;0;125;0;42;0;
12009;3170126;1177333760;14176256;1376948224;0;0;0;0;0;0;0;0;0;0;0;2374;0;0;125;0;42;0;
12010;4375566;1177333760;14176256;1376948224;0;0;0;0;0;0;0;0;0;0;0;1953;0;0;125;0;42;0;
12011;3304768;1177333760;14176256;1376948224;0;0;0;0;0;0;0;0;0;0;0;2745;0;0;125;0;42;0;
12012;4503716;1177333760;14176256;1376948224;0;0;0;0;0;0;0;0;0;0;0;2174;0;0;125;0;42;0;
12013;2926228;1177333760;14176256;1376948224;0;0;0;0;0;0;0;0;0;0;0;2635;0;0;125;0;42;0;
12014;4675628;1177333760;14176256;1376948224;0;0;0;0;0;0;0;0;0;0;0;2204;0;0;125;0;42;0;
12015;2963437;1177333760;14176256;1376948224;0;0;0;0;0;0;0;0;0;0;0;2816;0;0;125;0;42;0;
12016;5514561;1181044736;22138880;1384910848;0;0;0;0;0;0;0;0;0;0;0;2235;0;0;125;0;42;0;
12017;5828471;1183141888;22138880;1384910848;0;0;0;0;0;0;0;0;0;0;0;3246;0;0;125;0;42;0;
12018;5104923;1183408128;22138880;1384910848;0;0;0;0;0;0;0;0;0;0;0;2876;0;0;125;0;42;0;
12019;5439311;1183408128;22138880;1384910848;0;0;0;0;0;0;0;0;0;0;0;3527;0;0;125;0;42;0;
12020;4907714;1183408128;22138880;1384910848;0;0;0;0;0;0;0;0;0;0;0;3206;0;0;125;0;42;0;
12021;5012169;1183408128;22138880;1384910848;0;0;0;0;0;0;0;0;0;0;0;3988;0;0;125;0;42;0;
12022;5523258;1183408128;22138880;1384910848;0;0;0;0;0;0;0;0;0;0;0;3536;0;0;125;0;42;0;
12023;4521579;1177346048;14643200;1377415168;0;0;0;0;0;0;0;0;0;0;0;4058;0;0;125;0;42;0;
12024;5438660;1177346048;14643200;1377415168;0;0;0;0;0;0;0;0;0;0;0;3386;0;0;125;0;42;0;
12025;6027774;1177346048;14643200;1377415168;0;0;0;0;0;0;0;0;0;0;0;3577;0;0;125;0;42;0;
12026;4951666;1177346048;14643200;1377415168;0;0;0;0;0;0;0;0;0;0;0;2936;0;0;125;0;42;0;
12027;2936697;1177346048;14643200;1377415168;0;0;0;0;0;0;0;0;0;0;0;2795;0;0;125;0;42;0;
12028;4353614;1177346048;14643200;1377415168;0;0;0;0;0;0;0;0;0;0;0;2194;0;0;125;0;42;0;
12029;3388154;1177346048;14643200;1377415168;0;0;0;0;0;0;0;0;0;0;0;2926;0;0;125;0;42;0;
12030;4355949;1177346048;14643200;1377415168;0;0;0;0;0;0;0;0;0;0;0;1984;0;0;125;0;42;0;
12031;4629883;1177346048;14643200;1377415168;0;0;0;0;0;0;0;0;0;0;0;3226;0;0;125;0;42;0;
12032;5200863;1177346048;14643200;1377415168;0;0;0;0;0;0;0;0;0;0;0;3036;0;0;125;0;42;0;
12033;3946421;1177346048;14643200;1377415168;0;0;0;0;0;0;0;0;0;0;0;2826;0;0;125;0;42;0;
12034;4836971;1177346048;14643200;1377415168;0;0;0;0;0;0;0;0;0;0;0;2494;0;0;125;0;42;0;
12035;3472713;1177346048;14643200;1377415168;0;0;0;0;0;0;0;0;0;0;0;2705;0;0;125;0;42;0;
12036;4859613;1177346048;14643200;1377415168;0;0;0;0;0;0;0;0;0;0;0;2665;0;0;125;0;42;0;
12037;3015164;1177346048;14643200;1377415168;0;0;0;0;0;0;0;0;0;0;0;2876;0;0;125;0;42;0;
12038;4542178;1177346048;14643200;1377415168;0;0;0;0;0;0;0;0;0;0;0;2034;0;0;125;0;42;0;
12039;4315564;1177346048;14643200;1377415168;0;0;0;0;0;0;0;0;0;0;0;3818;0;0;125;0;42;0;
12040;6187254;1180786688;22138880;1384910848;0;0;0;0;0;0;0;0;0;0;0;3497;0;0;125;0;42;0;
12041;4942509;1182883840;22138880;1384910848;0;0;0;0;0;0;0;0;0;0;0;3677;0;0;125;0;42;0;
12042;5191536;1183420416;22138880;1384910848;0;0;0;0;0;0;0;0;0;0;0;2926;0;0;125;0;42;0;
12043;6196290;1183420416;22138880;1384910848;0;0;0;0;0;0;0;0;0;0;0;3256;0;0;125;0;42;0;
12044;5413112;1183420416;22138880;1384910848;0;0;0;0;0;0;0;0;0;0;0;2976;0;0;125;0;42;0;
12045;3075258;1183420416;22138880;1384910848;0;0;0;0;0;0;0;0;0;0;0;2374;0;0;125;0;42;0;
12046;4602812;1183420416;22138880;1384910848;0;0;0;0;0;0;0;0;0;0;0;1994;0;0;125;0;42;0;
12047;3933036;1177358336;14176256;1376948224;0;0;0;0;0;0;0;0;0;0;0;3356;0;0;125;0;42;0;
12048;4942779;1177358336;14176256;1376948224;0;0;0;0;0;0;0;0;0;0;0;2865;0;0;125;0;42;0;
12049;3528788;1177358336;14176256;1376948224;0;0;0;0;0;0;0;0;0;0;0;3416;0;0;125;0;42;0;
12050;4760748;1177358336;14176256;1376948224;0;0;0;0;0;0;0;0;0;0;0;2705;0;0;125;0;42;0;
12051;4183406;1177358336;14176256;1376948224;0;0;0;0;0;0;0;0;0;0;0;3868;0;0;125;0;42;0;
12052;5362266;1177358336;14176256;1376948224;0;0;0;0;0;0;0;0;0;0;0;3416;0;0;125;0;42;0;
12053;4112983;1177358336;14176256;1376948224;0;0;0;0;0;0;0;0;0;0;0;3186;0;0;125;0;42;0;
12054;5067203;1177358336;14176256;1376948224;0;0;0;0;0;0;0;0;0;0;0;2765;0;0;125;0;42;0;
12055;3928598;1177358336;14176256;1376948224;0;0;0;0;0;0;0;0;0;0;0;3206;0;0;125;0;42;0;
12056;4968478;1177358336;14176256;1376948224;0;0;0;0;0;0;0;0;0;0;0;3597;0;0;125;0;42;0;
12057;3224087;1177358336;14176256;1376948224;0;0;0;0;0;0;0;0;0;0;0;2555;0;0;125;0;42;0;
12058;5157923;1177358336;14176256;1376948224;0;0;0;0;0;0;0;0;0;0;0;2896;0;0;125;0;42;0;
12059;3649133;1177358336;14176256;1376948224;0;0;0;0;0;0;0;0;0;0;0;1983;0;0;125;0;42;0;
12060;4732735;1177358336;14176256;1376948224;0;0;0;0;0;0;0;0;0;0;0;2174;0;0;125;0;42;0;
12061;3156189;1177358336;14176256;1376948224;0;0;0;0;0;0;0;0;0;0;0;2475;0;0;125;0;42;0;
12062;4972084;1177358336;14176256;1376948224;0;0;0;0;0;0;0;0;0;0;0;1954;0;0;125;0;42;0;
12063;12934287;1177358336;14176256;1376948224;0;0;0;0;0;0;0;0;0;0;0;2564;0;0;125;0;42;0;
12064;5567822;1181069312;22138880;1384910848;0;0;0;0;0;0;0;0;0;0;0;2785;0;0;125;0;42;0;
12065;3835984;1183166464;22138880;1384910848;0;0;0;0;0;0;0;0;0;0;0;3456;0;0;125;0;42;0;
12066;5307604;1183432704;22138880;1384910848;0;0;0;0;0;0;0;0;0;0;0;2424;0;0;125;0;42;0;
12067;5678069;1183432704;22138880;1384910848;0;0;0;0;0;0;0;0;0;0;0;6141;0;0;125;0;42;0;
12068;5549106;1183432704;22138880;1384910848;0;0;0;0;0;0;0;0;0;0;0;3186;0;0;125;0;42;0;
12069;5713114;1183432704;22138880;1384910848;0;0;0;0;0;0;0;0;0;0;0;4819;0;0;125;0;42;0;
12070;5078645;1183432704;22138880;1384910848;0;0;0;0;0;0;0;0;0;0;0;2604;0;0;125;0;42;0;
12071;9223007;1177370624;14643200;1377415168;0;0;0;0;0;0;0;0;0;0;0;75251;0;0;125;0;42;0;
12072;5274742;1177370624;14643200;1377415168;0;0;0;0;0;0;0;0;0;0;0;4338;0;0;125;0;42;0;
12073;8303502;1177370624;14643200;1377415168;0;0;0;0;0;0;0;0;0;0;0;7424;0;0;125;0;42;0;
12074;5650477;1177370624;14643200;1377415168;0;0;0;0;0;0;0;0;0;0;0;3567;0;0;125;0;42;0;
12075;7187579;1177370624;14643200;1377415168;0;0;0;0;0;0;0;0;0;0;0;6793;0;0;125;0;42;0;
12076;5807812;1177370624;14643200;1377415168;0;0;0;0;0;0;0;0;0;0;0;3397;0;0;125;0;42;0;
12077;5625781;1177370624;14643200;1377415168;0;0;0;0;0;0;0;0;0;0;0;7374;0;0;125;0;42;0;
12078;6314272;1177370624;14643200;1377415168;0;0;0;0;0;0;0;0;0;0;0;6261;0;0;125;0;42;0;
12079;6028716;1177370624;14643200;1377415168;0;0;0;0;0;0;0;0;0;0;0;5079;0;0;125;0;42;0;
12080;5517698;1177370624;14643200;1377415168;0;0;0;0;0;0;0;0;0;0;0;4158;0;0;125;0;42;0;
12081;5027759;1177370624;14643200;1377415168;0;0;0;0;0;0;0;0;0;0;0;4178;0;0;125;0;42;0;
12082;5195443;1177370624;14643200;1377415168;0;0;0;0;0;0;0;0;0;0;0;5109;0;0;125;0;42;0;
12083;4734259;1177370624;14643200;1377415168;0;0;0;0;0;0;0;0;0;0;0;4970;0;0;125;0;42;0;
12084;5032618;1177370624;14643200;1377415168;0;0;0;0;0;0;0;0;0;0;0;4037;0;0;125;0;42;0;
12085;4612490;1177370624;14643200;1377415168;0;0;0;0;0;0;0;0;0;0;0;5861;0;0;125;0;42;0;
12086;5266366;1180811264;22138880;1384910848;0;0;0;0;0;0;0;0;0;0;0;2465;0;0;125;0;42;0;
12087;4860776;1182908416;22138880;1384910848;0;0;0;0;0;0;0;0;0;0;0;3296;0;0;125;0;42;0;
12088;4952267;1183444992;22138880;1384910848;0;0;0;0;0;0;0;0;0;0;0;2184;0;0;125;0;42;0;
12089;3929569;1183444992;22138880;1384910848;0;0;0;0;0;0;0;0;0;0;0;3447;0;0;125;0;42;0;
12090;5210101;1183444992;22138880;1384910848;0;0;0;0;0;0;0;0;0;0;0;2204;0;0;125;0;42;0;
12091;3761865;1183444992;22138880;1384910848;0;0;0;0;0;0;0;0;0;0;0;2615;0;0;125;0;42;0;
12092;4669096;1183444992;22138880;1384910848;0;0;0;0;0;0;0;0;0;0;0;2024;0;0;125;0;42;0;
12093;3374779;1177382912;14176256;1376948224;0;0;0;0;0;0;0;0;0;0;0;2465;0;0;125;0;42;0;
12094;4731514;1177382912;14176256;1376948224;0;0;0;0;0;0;0;0;0;0;0;1603;0;0;125;0;42;0;
12095;3579693;1177382912;14176256;1376948224;0;0;0;0;0;0;0;0;0;0;0;2525;0;0;125;0;42;0;
12096;4888488;1177382912;14176256;1376948224;0;0;0;0;0;0;0;0;0;0;0;2023;0;0;125;0;42;0;
12097;2976852;1177382912;14176256;1376948224;0;0;0;0;0;0;0;0;0;0;0;2214;0;0;125;0;42;0;
12098;4448182;1177382912;14176256;1376948224;0;0;0;0;0;0;0;0;0;0;0;2104;0;0;125;0;42;0;
12099;3152392;1177382912;14176256;1376948224;0;0;0;0;0;0;0;0;0;0;0;2374;0;0;125;0;42;0;
12100;4671651;1177382912;14176256;1376948224;0;0;0;0;0;0;0;0;0;0;0;2014;0;0;125;0;42;0;
12101;2355668;1177382912;14176256;1376948224;0;0;0;0;0;0;0;0;0;0;0;1964;0;0;125;0;42;0;
12102;4923223;1177382912;14176256;1376948224;0;0;0;0;0;0;0;0;0;0;0;1984;0;0;125;0;42;0;
12103;4112823;1177382912;14176256;1376948224;0;0;0;0;0;0;0;0;0;0;0;4068;0;0;125;0;42;0;
12104;4919315;1177382912;14176256;1376948224;0;0;0;0;0;0;0;0;0;0;0;3366;0;0;125;0;42;0;
12105;3689449;1177382912;14176256;1376948224;0;0;0;0;0;0;0;0;0;0;0;70683;0;0;125;0;42;0;
12106;4639120;1177382912;14176256;1376948224;0;0;0;0;0;0;0;0;0;0;0;2084;0;0;125;0;42;0;
12107;3730426;1177382912;14176256;1376948224;0;0;0;0;0;0;0;0;0;0;0;2555;0;0;125;0;42;0;
12108;5227964;1177382912;14176256;1376948224;0;0;0;0;0;0;0;0;0;0;0;2264;0;0;125;0;42;0;
12109;4197362;1177382912;14176256;1376948224;0;0;0;0;0;0;0;0;0;0;0;3025;0;0;125;0;42;0;
12110;5879065;1181093888;22138880;1384910848;0;0;0;0;0;0;0;0;0;0;0;3447;0;0;125;0;42;0;
12111;3944347;1183191040;22138880;1384910848;0;0;0;0;0;0;0;0;0;0;0;3627;0;0;125;0;42;0;
12112;4628841;1183457280;22138880;1384910848;0;0;0;0;0;0;0;0;0;0;0;2114;0;0;125;0;42;0;
12113;3412209;1183457280;22138880;1384910848;0;0;0;0;0;0;0;0;0;0;0;2685;0;0;125;0;42;0;
12114;4367752;1183457280;22138880;1384910848;0;0;0;0;0;0;0;0;0;0;0;2275;0;0;125;0;42;0;
12115;3601474;1183457280;22138880;1384910848;0;0;0;0;0;0;0;0;0;0;0;2705;0;0;125;0;42;0;
12116;4628901;1183457280;22138880;1384910848;0;0;0;0;0;0;0;0;0;0;0;2174;0;0;125;0;42;0;
12117;3712953;1177395200;14643200;1377415168;0;0;0;0;0;0;0;0;0;0;0;3947;0;0;125;0;42;0;
12118;5143587;1177395200;14643200;1377415168;0;0;0;0;0;0;0;0;0;0;0;3907;0;0;125;0;42;0;
12119;3381883;1177395200;14643200;1377415168;0;0;0;0;0;0;0;0;0;0;0;2755;0;0;125;0;42;0;
12120;4599225;1177395200;14643200;1377415168;0;0;0;0;0;0;0;0;0;0;0;2385;0;0;125;0;42;0;
12121;3661918;1177395200;14643200;1377415168;0;0;0;0;0;0;0;0;0;0;0;2975;0;0;125;0;42;0;
12122;4575461;1177395200;14643200;1377415168;0;0;0;0;0;0;0;0;0;0;0;2094;0;0;125;0;42;0;
12123;4175170;1177395200;14643200;1377415168;0;0;0;0;0;0;0;0;0;0;0;3086;0;0;125;0;42;0;
12124;4988025;1177395200;14643200;1377415168;0;0;0;0;0;0;0;0;0;0;0;2024;0;0;125;0;42;0;
12125;3389646;1177395200;14643200;1377415168;0;0;0;0;0;0;0;0;0;0;0;2494;0;0;125;0;42;0;
12126;4775105;1177395200;14643200;1377415168;0;0;0;0;0;0;0;0;0;0;0;2414;0;0;125;0;42;0;
12127;3657669;1177395200;14643200;1377415168;0;0;0;0;0;0;0;0;0;0;0;2805;0;0;125;0;42;0;
12128;4834948;1177395200;14643200;1377415168;0;0;0;0;0;0;0;0;0;0;0;2044;0;0;125;0;42;0;
12129;3489244;1177395200;14643200;1377415168;0;0;0;0;0;0;0;0;0;0;0;2464;0;0;125;0;42;0;
12130;4640673;1177395200;14643200;1377415168;0;0;0;0;0;0;0;0;0;0;0;2154;0;0;125;0;42;0;
12131;3266806;1177395200;14643200;1377415168;0;0;0;0;0;0;0;0;0;0;0;2816;0;0;125;0;42;0;
12132;4538261;1177395200;14643200;1377415168;0;0;0;0;0;0;0;0;0;0;0;2214;0;0;125;0;42;0;
12133;3119720;1177395200;14643200;1377415168;0;0;0;0;0;0;0;0;0;0;0;2425;0;0;125;0;42;0;
12134;5753550;1180835840;22138880;1384910848;0;0;0;0;0;0;0;0;0;0;0;3125;0;0;125;0;42;0;
12135;3852114;1182932992;22138880;1384910848;0;0;0;0;0;0;0;0;0;0;0;3727;0;0;125;0;42;0;
12136;5223857;1183469568;22138880;1384910848;0;0;0;0;0;0;0;0;0;0;0;2394;0;0;125;0;42;0;
12137;5269512;1183469568;22138880;1384910848;0;0;0;0;0;0;0;0;0;0;0;4028;0;0;125;0;42;0;
12138;5469718;1183469568;22138880;1384910848;0;0;0;0;0;0;0;0;0;0;0;3396;0;0;125;0;42;0;
12139;4556785;1183469568;22138880;1384910848;0;0;0;0;0;0;0;0;0;0;0;3757;0;0;125;0;42;0;
12140;4961014;1183469568;22138880;1384910848;0;0;0;0;0;0;0;0;0;0;0;2925;0;0;125;0;42;0;
12141;5051043;1177407488;14176256;1376948224;0;0;0;0;0;0;0;0;0;0;0;3256;0;0;125;0;42;0;
12142;5088112;1177407488;14176256;1376948224;0;0;0;0;0;0;0;0;0;0;0;2094;0;0;125;0;42;0;
12143;4386346;1177407488;14176256;1376948224;0;0;0;0;0;0;0;0;0;0;0;4408;0;0;125;0;42;0;
12144;5714237;1177407488;14176256;1376948224;0;0;0;0;0;0;0;0;0;0;0;3015;0;0;125;0;42;0;
12145;4759265;1177407488;14176256;1376948224;0;0;0;0;0;0;0;0;0;0;0;3537;0;0;125;0;42;0;
12146;4376318;1177407488;14176256;1376948224;0;0;0;0;0;0;0;0;0;0;0;2495;0;0;125;0;42;0;
12147;3125211;1177407488;14176256;1376948224;0;0;0;0;0;0;0;0;0;0;0;3025;0;0;125;0;42;0;
12148;4636405;1177407488;14176256;1376948224;0;0;0;0;0;0;0;0;0;0;0;2555;0;0;125;0;42;0;
12149;4303731;1177407488;14176256;1376948224;0;0;0;0;0;0;0;0;0;0;0;3206;0;0;125;0;42;0;
12150;4726153;1177407488;14176256;1376948224;0;0;0;0;0;0;0;0;0;0;0;2244;0;0;125;0;42;0;
12151;3194481;1177407488;14176256;1376948224;0;0;0;0;0;0;0;0;0;0;0;2815;0;0;125;0;42;0;
12152;4561314;1177407488;14176256;1376948224;0;0;0;0;0;0;0;0;0;0;0;2154;0;0;125;0;42;0;
12153;4264067;1177407488;14176256;1376948224;0;0;0;0;0;0;0;0;0;0;0;2695;0;0;125;0;42;0;
12154;4541307;1177407488;14176256;1376948224;0;0;0;0;0;0;0;0;0;0;0;1974;0;0;125;0;42;0;
12155;4061978;1177407488;14176256;1376948224;0;0;0;0;0;0;0;0;0;0;0;3367;0;0;125;0;42;0;
12156;5420446;1181118464;22138880;1384910848;0;0;0;0;0;0;0;0;0;0;0;2445;0;0;125;0;42;0;
12157;4275859;1183215616;22138880;1384910848;0;0;0;0;0;0;0;0;0;0;0;3105;0;0;125;0;42;0;
12158;5147033;1183481856;22138880;1384910848;0;0;0;0;0;0;0;0;0;0;0;2224;0;0;125;0;42;0;
12159;3574254;1183481856;22138880;1384910848;0;0;0;0;0;0;0;0;0;0;0;3136;0;0;125;0;42;0;
12160;5011649;1183481856;22138880;1384910848;0;0;0;0;0;0;0;0;0;0;0;2064;0;0;125;0;42;0;
12161;4300735;1183481856;22138880;1384910848;0;0;0;0;0;0;0;0;0;0;0;2736;0;0;125;0;42;0;
12162;4702669;1183481856;22138880;1384910848;0;0;0;0;0;0;0;0;0;0;0;2455;0;0;125;0;42;0;
12163;6098938;1177419776;14643200;1377415168;0;0;0;0;0;0;0;0;0;0;0;4428;0;0;125;0;42;0;
12164;5688208;1177419776;14643200;1377415168;0;0;0;0;0;0;0;0;0;0;0;2414;0;0;125;0;42;0;
12165;6144824;1177419776;14643200;1377415168;0;0;0;0;0;0;0;0;0;0;0;7324;0;0;125;0;42;0;
12166;6653698;1177419776;14643200;1377415168;0;0;0;0;0;0;0;0;0;0;0;4519;0;0;125;0;42;0;
12167;4977124;1177419776;14643200;1377415168;0;0;0;0;0;0;0;0;0;0;0;3937;0;0;125;0;42;0;
12168;5085127;1177419776;14643200;1377415168;0;0;0;0;0;0;0;0;0;0;0;2846;0;0;125;0;42;0;
12169;6049134;1177419776;14643200;1377415168;0;0;0;0;0;0;0;0;0;0;0;5069;0;0;125;0;42;0;
12170;5744423;1177419776;14643200;1377415168;0;0;0;0;0;0;0;0;0;0;0;3206;0;0;125;0;42;0;
12171;5040864;1177419776;14643200;1377415168;0;0;0;0;0;0;0;0;0;0;0;4268;0;0;125;0;42;0;
12172;5666527;1177419776;14643200;1377415168;0;0;0;0;0;0;0;0;0;0;0;2996;0;0;125;0;42;0;
12173;3956951;1177419776;14643200;1377415168;0;0;0;0;0;0;0;0;0;0;0;3497;0;0;125;0;42;0;
12174;4990820;1177419776;14643200;1377415168;0;0;0;0;0;0;0;0;0;0;0;3096;0;0;125;0;42;0;
12175;4453932;1177419776;14643200;1377415168;0;0;0;0;0;0;0;0;0;0;0;3867;0;0;125;0;42;0;
12176;5753961;1177419776;14643200;1377415168;0;0;0;0;0;0;0;0;0;0;0;2796;0;0;125;0;42;0;
12177;3968843;1177419776;14643200;1377415168;0;0;0;0;0;0;0;0;0;0;0;3336;0;0;125;0;42;0;
12178;4758113;1177419776;14643200;1377415168;0;0;0;0;0;0;0;0;0;0;0;2495;0;0;125;0;42;0;
12179;4593605;1177419776;14643200;1377415168;0;0;0;0;0;0;0;0;0;0;0;3516;0;0;125;0;42;0;
12180;5766374;1180860416;22138880;1384910848;0;0;0;0;0;0;0;0;0;0;0;3146;0;0;125;0;42;0;
12181;4612099;1182957568;22138880;1384910848;0;0;0;0;0;0;0;0;0;0;0;3486;0;0;125;0;42;0;
12182;5632844;1183494144;22138880;1384910848;0;0;0;0;0;0;0;0;0;0;0;2675;0;0;125;0;42;0;
12183;4171423;1183494144;22138880;1384910848;0;0;0;0;0;0;0;0;0;0;0;3337;0;0;125;0;42;0;
12184;4834547;1183494144;22138880;1384910848;0;0;0;0;0;0;0;0;0;0;0;2515;0;0;125;0;42;0;
12185;4246233;1183494144;22138880;1384910848;0;0;0;0;0;0;0;0;0;0;0;2715;0;0;125;0;42;0;
12186;5019694;1183494144;22138880;1384910848;0;0;0;0;0;0;0;0;0;0;0;2485;0;0;125;0;42;0;
12187;4238578;1177432064;14176256;1376948224;0;0;0;0;0;0;0;0;0;0;0;3447;0;0;125;0;42;0;
12188;5286935;1177432064;14176256;1376948224;0;0;0;0;0;0;0;0;0;0;0;2565;0;0;125;0;42;0;
12189;4027704;1177432064;14176256;1376948224;0;0;0;0;0;0;0;0;0;0;0;3376;0;0;125;0;42;0;
12190;4866186;1177432064;14176256;1376948224;0;0;0;0;0;0;0;0;0;0;0;2865;0;0;125;0;42;0;
12191;4440247;1177432064;14176256;1376948224;0;0;0;0;0;0;0;0;0;0;0;3016;0;0;125;0;42;0;
12192;4832963;1177432064;14176256;1376948224;0;0;0;0;0;0;0;0;0;0;0;2575;0;0;125;0;42;0;
12193;6104268;1177432064;14176256;1376948224;0;0;0;0;0;0;0;0;0;0;0;5320;0;0;125;0;42;0;
12194;5632834;1177432064;14176256;1376948224;0;0;0;0;0;0;0;0;0;0;0;2745;0;0;125;0;42;0;
12195;4197953;1177432064;14176256;1376948224;0;0;0;0;0;0;0;0;0;0;0;2876;0;0;125;0;42;0;
12196;5018763;1177432064;14176256;1376948224;0;0;0;0;0;0;0;0;0;0;0;2274;0;0;125;0;42;0;
12197;3640427;1177432064;14176256;1376948224;0;0;0;0;0;0;0;0;0;0;0;2746;0;0;125;0;42;0;
12198;4686669;1177432064;14176256;1376948224;0;0;0;0;0;0;0;0;0;0;0;2214;0;0;125;0;42;0;
12199;2359635;1177432064;14176256;1376948224;0;0;0;0;0;0;0;0;0;0;0;3016;0;0;125;0;42;0;
12200;4798900;1177432064;14176256;1376948224;0;0;0;0;0;0;0;0;0;0;0;2074;0;0;125;0;42;0;
12201;4422634;1177432064;14176256;1376948224;0;0;0;0;0;0;0;0;0;0;0;2826;0;0;125;0;42;0;
12202;4761660;1177432064;14176256;1376948224;0;0;0;0;0;0;0;0;0;0;0;2023;0;0;125;0;42;0;
12203;3081589;1177432064;14176256;1376948224;0;0;0;0;0;0;0;0;0;0;0;2435;0;0;125;0;42;0;
12204;6151676;1181143040;22138880;1384910848;0;0;0;0;0;0;0;0;0;0;0;2214;0;0;125;0;42;0;
12205;3784888;1183240192;22138880;1384910848;0;0;0;0;0;0;0;0;0;0;0;3085;0;0;125;0;42;0;
12206;4984257;1183776768;22138880;1384910848;0;0;0;0;0;0;0;0;0;0;0;1954;0;0;125;0;42;0;
12207;3500305;1183776768;22138880;1384910848;0;0;0;0;0;0;0;0;0;0;0;3376;0;0;125;0;42;0;
12208;5045382;1183776768;22138880;1384910848;0;0;0;0;0;0;0;0;0;0;0;2274;0;0;125;0;42;0;
12209;2639861;1183776768;22138880;1384910848;0;0;0;0;0;0;0;0;0;0;0;2424;0;0;125;0;42;0;
12210;4534604;1183776768;22138880;1384910848;0;0;0;0;0;0;0;0;0;0;0;2004;0;0;125;0;42;0;
12211;3700991;1177444352;14643200;1377415168;0;0;0;0;0;0;0;0;0;0;0;2395;0;0;125;0;42;0;
12212;4666251;1177444352;14643200;1377415168;0;0;0;0;0;0;0;0;0;0;0;2184;0;0;125;0;42;0;
12213;3477502;1177444352;14643200;1377415168;0;0;0;0;0;0;0;0;0;0;0;2284;0;0;125;0;42;0;
12214;4980500;1177444352;14643200;1377415168;0;0;0;0;0;0;0;0;0;0;0;1984;0;0;125;0;42;0;
12215;2887585;1177444352;14643200;1377415168;0;0;0;0;0;0;0;0;0;0;0;2114;0;0;125;0;42;0;
12216;4861146;1177444352;14643200;1377415168;0;0;0;0;0;0;0;0;0;0;0;1914;0;0;125;0;42;0;
12217;3215230;1177444352;14643200;1377415168;0;0;0;0;0;0;0;0;0;0;0;2174;0;0;125;0;42;0;
12218;4762471;1177444352;14643200;1377415168;0;0;0;0;0;0;0;0;0;0;0;1953;0;0;125;0;42;0;
12219;2488456;1177444352;14643200;1377415168;0;0;0;0;0;0;0;0;0;0;0;2094;0;0;125;0;42;0;
12220;4858502;1177444352;14643200;1377415168;0;0;0;0;0;0;0;0;0;0;0;2103;0;0;125;0;42;0;
12221;4876295;1177444352;14643200;1377415168;0;0;0;0;0;0;0;0;0;0;0;6031;0;0;125;0;42;0;
12222;5696613;1177444352;14643200;1377415168;0;0;0;0;0;0;0;0;0;0;0;3096;0;0;125;0;42;0;
12223;4950383;1177444352;14643200;1377415168;0;0;0;0;0;0;0;0;0;0;0;3366;0;0;125;0;42;0;
12224;5569855;1177444352;14643200;1377415168;0;0;0;0;0;0;0;0;0;0;0;2104;0;0;125;0;42;0;
12225;2531207;1177444352;14643200;1377415168;0;0;0;0;0;0;0;0;0;0;0;2314;0;0;125;0;42;0;
12226;5580806;1180884992;22138880;1384910848;0;0;0;0;0;0;0;0;0;0;0;2555;0;0;125;0;42;0;
12227;4429988;1182982144;22138880;1384910848;0;0;0;0;0;0;0;0;0;0;0;4568;0;0;125;0;42;0;
12228;4959441;1183789056;22138880;1384910848;0;0;0;0;0;0;0;0;0;0;0;3176;0;0;125;0;42;0;
12229;4430980;1183789056;22138880;1384910848;0;0;0;0;0;0;0;0;0;0;0;3487;0;0;125;0;42;0;
12230;4978246;1183789056;22138880;1384910848;0;0;0;0;0;0;0;0;0;0;0;3306;0;0;125;0;42;0;
12231;4861096;1183789056;22138880;1384910848;0;0;0;0;0;0;0;0;0;0;0;3878;0;0;125;0;42;0;
12232;4659588;1183789056;22138880;1384910848;0;0;0;0;0;0;0;0;0;0;0;2274;0;0;125;0;42;0;
12233;3823130;1177456640;14176256;1376948224;0;0;0;0;0;0;0;0;0;0;0;2274;0;0;125;0;42;0;
12234;4558539;1177456640;14176256;1376948224;0;0;0;0;0;0;0;0;0;0;0;2485;0;0;125;0;42;0;
12235;5404054;1177456640;14176256;1376948224;0;0;0;0;0;0;0;0;0;0;0;2966;0;0;125;0;42;0;
12236;4504288;1177456640;14176256;1376948224;0;0;0;0;0;0;0;0;0;0;0;1913;0;0;125;0;42;0;
12237;2837110;1177456640;14176256;1376948224;0;0;0;0;0;0;0;0;0;0;0;2074;0;0;125;0;42;0;
12238;4994597;1177456640;14176256;1376948224;0;0;0;0;0;0;0;0;0;0;0;1884;0;0;125;0;42;0;
12239;3723342;1177456640;14176256;1376948224;0;0;0;0;0;0;0;0;0;0;0;4117;0;0;125;0;42;0;
12240;4865635;1177456640;14176256;1376948224;0;0;0;0;0;0;0;0;0;0;0;3056;0;0;125;0;42;0;
12241;4774865;1177456640;14176256;1376948224;0;0;0;0;0;0;0;0;0;0;0;2805;0;0;125;0;42;0;
12242;4952338;1177456640;14176256;1376948224;0;0;0;0;0;0;0;0;0;0;0;2134;0;0;125;0;42;0;
12243;2870113;1177456640;14176256;1376948224;0;0;0;0;0;0;0;0;0;0;0;2485;0;0;125;0;42;0;
12244;4547589;1177456640;14176256;1376948224;0;0;0;0;0;0;0;0;0;0;0;1954;0;0;125;0;42;0;
12245;3910975;1177456640;14176256;1376948224;0;0;0;0;0;0;0;0;0;0;0;2645;0;0;125;0;42;0;
12246;4548770;1177456640;14176256;1376948224;0;0;0;0;0;0;0;0;0;0;0;2254;0;0;125;0;42;0;
12247;3018711;1177456640;14176256;1376948224;0;0;0;0;0;0;0;0;0;0;0;2254;0;0;125;0;42;0;
12248;4413948;1177456640;14176256;1376948224;0;0;0;0;0;0;0;0;0;0;0;2364;0;0;125;0;42;0;
12249;3337800;1177456640;14176256;1376948224;0;0;0;0;0;0;0;0;0;0;0;2465;0;0;125;0;42;0;
12250;5600483;1181167616;22138880;1384910848;0;0;0;0;0;0;0;0;0;0;0;2274;0;0;125;0;42;0;
12251;4177925;1183264768;22138880;1384910848;0;0;0;0;0;0;0;0;0;0;0;2805;0;0;125;0;42;0;
12252;4741893;1183801344;22138880;1384910848;0;0;0;0;0;0;0;0;0;0;0;2525;0;0;125;0;42;0;
12253;3079575;1183801344;22138880;1384910848;0;0;0;0;0;0;0;0;0;0;0;2364;0;0;125;0;42;0;
12254;5216143;1183801344;22138880;1384910848;0;0;0;0;0;0;0;0;0;0;0;2445;0;0;125;0;42;0;
12255;3751095;1183801344;22138880;1384910848;0;0;0;0;0;0;0;0;0;0;0;2214;0;0;125;0;42;0;
12256;4839956;1183801344;22138880;1384910848;0;0;0;0;0;0;0;0;0;0;0;1764;0;0;125;0;42;0;
12257;3582278;1177468928;14643200;1377415168;0;0;0;0;0;0;0;0;0;0;0;2584;0;0;125;0;42;0;
12258;5516025;1177468928;14643200;1377415168;0;0;0;0;0;0;0;0;0;0;0;1944;0;0;125;0;42;0;
12259;3212024;1177468928;14643200;1377415168;0;0;0;0;0;0;0;0;0;0;0;2324;0;0;125;0;42;0;
12260;4912934;1177468928;14643200;1377415168;0;0;0;0;0;0;0;0;0;0;0;2124;0;0;125;0;42;0;
12261;5775962;1177468928;14643200;1377415168;0;0;0;0;0;0;0;0;0;0;0;6252;0;0;125;0;42;0;
12262;4957046;1177468928;14643200;1377415168;0;0;0;0;0;0;0;0;0;0;0;2304;0;0;125;0;42;0;
12263;3199851;1177468928;14643200;1377415168;0;0;0;0;0;0;0;0;0;0;0;2504;0;0;125;0;42;0;
12264;4734650;1177468928;14643200;1377415168;0;0;0;0;0;0;0;0;0;0;0;2194;0;0;125;0;42;0;
12265;2747873;1177468928;14643200;1377415168;0;0;0;0;0;0;0;0;0;0;0;2235;0;0;125;0;42;0;
12266;4963559;1177468928;14643200;1377415168;0;0;0;0;0;0;0;0;0;0;0;2104;0;0;125;0;42;0;
12267;2861346;1177468928;14643200;1377415168;0;0;0;0;0;0;0;0;0;0;0;2284;0;0;125;0;42;0;
12268;4264638;1177468928;14643200;1377415168;0;0;0;0;0;0;0;0;0;0;0;2104;0;0;125;0;42;0;
12269;3056582;1177468928;14643200;1377415168;0;0;0;0;0;0;0;0;0;0;0;2334;0;0;125;0;42;0;
12270;4478599;1177468928;14643200;1377415168;0;0;0;0;0;0;0;0;0;0;0;1994;0;0;125;0;42;0;
12271;3322080;1177468928;14643200;1377415168;0;0;0;0;0;0;0;0;0;0;0;2054;0;0;125;0;42;0;
12272;5631331;1180909568;22138880;1384910848;0;0;0;0;0;0;0;0;0;0;0;2264;0;0;125;0;42;0;
12273;3657389;1183006720;22138880;1384910848;0;0;0;0;0;0;0;0;0;0;0;2675;0;0;125;0;42;0;
12274;5047215;1183813632;22138880;1384910848;0;0;0;0;0;0;0;0;0;0;0;1943;0;0;125;0;42;0;
12275;2838434;1183813632;22138880;1384910848;0;0;0;0;0;0;0;0;0;0;0;2906;0;0;125;0;42;0;
12276;4516430;1183813632;22138880;1384910848;0;0;0;0;0;0;0;0;0;0;0;2054;0;0;125;0;42;0;
12277;3054068;1183813632;22138880;1384910848;0;0;0;0;0;0;0;0;0;0;0;2515;0;0;125;0;42;0;
12278;6310494;1183813632;22138880;1384910848;0;0;0;0;0;0;0;0;0;0;0;1883;0;0;125;0;42;0;
12279;10598066;1177481216;14176256;1376948224;0;0;0;0;0;0;0;0;0;0;0;2134;0;0;125;0;42;0;
12280;5422800;1177481216;14176256;1376948224;0;0;0;0;0;0;0;0;0;0;0;2304;0;0;125;0;42;0;
12281;2961835;1177481216;14176256;1376948224;0;0;0;0;0;0;0;0;0;0;0;2375;0;0;125;0;42;0;
12282;4487887;1177481216;14176256;1376948224;0;0;0;0;0;0;0;0;0;0;0;1983;0;0;125;0;42;0;
12283;3045712;1177481216;14176256;1376948224;0;0;0;0;0;0;0;0;0;0;0;2314;0;0;125;0;42;0;
12284;5185856;1177481216;14176256;1376948224;0;0;0;0;0;0;0;0;0;0;0;2876;0;0;125;0;42;0;
12285;4157897;1177481216;14176256;1376948224;0;0;0;0;0;0;0;0;0;0;0;3105;0;0;125;0;42;0;
12286;4841700;1177481216;14176256;1376948224;0;0;0;0;0;0;0;0;0;0;0;2765;0;0;125;0;42;0;
12287;4067027;1177481216;14176256;1376948224;0;0;0;0;0;0;0;0;0;0;0;2515;0;0;125;0;42;0;
12288;4412605;1177481216;14176256;1376948224;0;0;0;0;0;0;0;0;0;0;0;2185;0;0;125;0;42;0;
12289;3557642;1177481216;14176256;1376948224;0;0;0;0;0;0;0;0;0;0;0;3256;0;0;125;0;42;0;
12290;4792348;1177481216;14176256;1376948224;0;0;0;0;0;0;0;0;0;0;0;3186;0;0;125;0;42;0;
12291;4301356;1177481216;14176256;1376948224;0;0;0;0;0;0;0;0;0;0;0;3266;0;0;125;0;42;0;
12292;5151862;1177481216;14176256;1376948224;0;0;0;0;0;0;0;0;0;0;0;3226;0;0;125;0;42;0;
12293;3112717;1177481216;14176256;1376948224;0;0;0;0;0;0;0;0;0;0;0;2255;0;0;125;0;42;0;
12294;4594166;1177481216;14176256;1376948224;0;0;0;0;0;0;0;0;0;0;0;2214;0;0;125;0;42;0;
12295;3296292;1177481216;14176256;1376948224;0;0;0;0;0;0;0;0;0;0;0;2484;0;0;125;0;42;0;
12296;5842076;1181192192;22138880;1384910848;0;0;0;0;0;0;0;0;0;0;0;2765;0;0;125;0;42;0;
12297;3461261;1183289344;22138880;1384910848;0;0;0;0;0;0;0;0;0;0;0;2234;0;0;125;0;42;0;
12298;4629442;1183825920;22138880;1384910848;0;0;0;0;0;0;0;0;0;0;0;2094;0;0;125;0;42;0;
12299;3255335;1183825920;22138880;1384910848;0;0;0;0;0;0;0;0;0;0;0;2204;0;0;125;0;42;0;
12300;4363193;1183825920;22138880;1384910848;0;0;0;0;0;0;0;0;0;0;0;2675;0;0;125;0;42;0;
12301;3954166;1183825920;22138880;1384910848;0;0;0;0;0;0;0;0;0;0;0;3156;0;0;125;0;42;0;
12302;4965442;1183825920;22138880;1384910848;0;0;0;0;0;0;0;0;0;0;0;3005;0;0;125;0;42;0;
12303;4767140;1177493504;14643200;1377415168;0;0;0;0;0;0;0;0;0;0;0;2906;0;0;125;0;42;0;
12304;4482567;1177493504;14643200;1377415168;0;0;0;0;0;0;0;0;0;0;0;2374;0;0;125;0;42;0;
12305;4300505;1177493504;14643200;1377415168;0;0;0;0;0;0;0;0;0;0;0;3487;0;0;125;0;42;0;
12306;4966685;1177493504;14643200;1377415168;0;0;0;0;0;0;0;0;0;0;0;3146;0;0;125;0;42;0;
12307;4970642;1177493504;14643200;1377415168;0;0;0;0;0;0;0;0;0;0;0;2936;0;0;125;0;42;0;
12308;5017029;1177493504;14643200;1377415168;0;0;0;0;0;0;0;0;0;0;0;2845;0;0;125;0;42;0;
12309;3959626;1177493504;14643200;1377415168;0;0;0;0;0;0;0;0;0;0;0;2936;0;0;125;0;42;0;
12310;5367857;1177493504;14643200;1377415168;0;0;0;0;0;0;0;0;0;0;0;2755;0;0;125;0;42;0;
12311;2976151;1177493504;14643200;1377415168;0;0;0;0;0;0;0;0;0;0;0;2094;0;0;125;0;42;0;
12312;4644099;1177493504;14643200;1377415168;0;0;0;0;0;0;0;0;0;0;0;2154;0;0;125;0;42;0;
12313;3145840;1177493504;14643200;1377415168;0;0;0;0;0;0;0;0;0;0;0;2465;0;0;125;0;42;0;
12314;4627759;1177493504;14643200;1377415168;0;0;0;0;0;0;0;0;0;0;0;2244;0;0;125;0;42;0;
12315;2932499;1177493504;14643200;1377415168;0;0;0;0;0;0;0;0;0;0;0;2515;0;0;125;0;42;0;
12316;4964169;1177493504;14643200;1377415168;0;0;0;0;0;0;0;0;0;0;0;2655;0;0;125;0;42;0;
12317;2796435;1177493504;14651392;1377423360;0;0;0;0;0;0;0;0;0;0;0;1873;0;0;125;0;42;0;
12318;5915324;1180934144;22147072;1384919040;0;0;0;0;0;0;0;0;0;0;0;2354;0;0;125;0;42;0;
12319;4680848;1183031296;22147072;1384919040;0;0;0;0;0;0;0;0;0;0;0;3798;0;0;125;0;42;0;
12320;5451033;1183838208;22147072;1384919040;0;0;0;0;0;0;0;0;0;0;0;3055;0;0;125;0;42;0;
12321;4543962;1183838208;22147072;1384919040;0;0;0;0;0;0;0;0;0;0;0;3346;0;0;125;0;42;0;
12322;6073039;1183838208;22147072;1384919040;0;0;0;0;0;0;0;0;0;0;0;3136;0;0;125;0;42;0;
12323;4110048;1183907840;22138880;1384910848;0;0;0;0;0;0;0;0;0;0;0;111188;0;0;125;0;42;0;
12324;5423331;1183907840;22138880;1384910848;0;0;0;0;0;0;0;0;0;0;0;2244;0;0;125;0;42;0;
12325;3621351;1177505792;14176256;1376948224;0;0;0;0;0;0;0;0;0;0;0;2705;0;0;125;0;42;0;
12326;4562947;1177505792;14176256;1376948224;0;0;0;0;0;0;0;0;0;0;0;2164;0;0;125;0;42;0;
12327;3922506;1177505792;14176256;1376948224;0;0;0;0;0;0;0;0;0;0;0;3006;0;0;125;0;42;0;
12328;5741066;1177505792;14176256;1376948224;0;0;0;0;0;0;0;0;0;0;0;2945;0;0;125;0;42;0;
12329;4323228;1177505792;14176256;1376948224;0;0;0;0;0;0;0;0;0;0;0;2765;0;0;125;0;42;0;
12330;4956806;1177505792;14176256;1376948224;0;0;0;0;0;0;0;0;0;0;0;3026;0;0;125;0;42;0;
12331;3811889;1177505792;14176256;1376948224;0;0;0;0;0;0;0;0;0;0;0;2805;0;0;125;0;42;0;
12332;4834687;1177505792;14176256;1376948224;0;0;0;0;0;0;0;0;0;0;0;2314;0;0;125;0;42;0;
12333;3629777;1177505792;14176256;1376948224;0;0;0;0;0;0;0;0;0;0;0;2365;0;0;125;0;42;0;
12334;4735892;1177505792;14176256;1376948224;0;0;0;0;0;0;0;0;0;0;0;2455;0;0;125;0;42;0;
12335;3736888;1177505792;14176256;1376948224;0;0;0;0;0;0;0;0;0;0;0;1924;0;0;125;0;42;0;
12336;4851358;1177505792;14176256;1376948224;0;0;0;0;0;0;0;0;0;0;0;2034;0;0;125;0;42;0;
12337;3854459;1177505792;14176256;1376948224;0;0;0;0;0;0;0;0;0;0;0;2214;0;0;125;0;42;0;
12338;4415220;1177505792;14176256;1376948224;0;0;0;0;0;0;0;0;0;0;0;1914;0;0;125;0;42;0;
12339;2847810;1177505792;14176256;1376948224;0;0;0;0;0;0;0;0;0;0;0;2394;0;0;125;0;42;0;
12340;4827954;1177505792;14176256;1376948224;0;0;0;0;0;0;0;0;0;0;0;1943;0;0;125;0;42;0;
12341;3012680;1177505792;14176256;1376948224;0;0;0;0;0;0;0;0;0;0;0;2314;0;0;125;0;42;0;
12342;5715208;1181216768;22138880;1384910848;0;0;0;0;0;0;0;0;0;0;0;2675;0;0;125;0;42;0;
12343;4875694;1183313920;22138880;1384910848;0;0;0;0;0;0;0;0;0;0;0;3476;0;0;125;0;42;0;
12344;5201746;1183850496;22138880;1384910848;0;0;0;0;0;0;0;0;0;0;0;3417;0;0;125;0;42;0;
12345;4309973;1183850496;22138880;1384910848;0;0;0;0;0;0;0;0;0;0;0;3316;0;0;125;0;42;0;
12346;5349302;1183850496;22138880;1384910848;0;0;0;0;0;0;0;0;0;0;0;2805;0;0;125;0;42;0;
12347;4371789;1183850496;22138880;1384910848;0;0;0;0;0;0;0;0;0;0;0;3056;0;0;125;0;42;0;
12348;4926829;1183850496;22138880;1384910848;0;0;0;0;0;0;0;0;0;0;0;2785;0;0;125;0;42;0;
12349;4144552;1177518080;14643200;1377415168;0;0;0;0;0;0;0;0;0;0;0;2936;0;0;125;0;42;0;
12350;4979017;1177518080;14643200;1377415168;0;0;0;0;0;0;0;0;0;0;0;3045;0;0;125;0;42;0;
12351;5014514;1177518080;14643200;1377415168;0;0;0;0;0;0;0;0;0;0;0;3256;0;0;125;0;42;0;
12352;4941457;1177518080;14643200;1377415168;0;0;0;0;0;0;0;0;0;0;0;3266;0;0;125;0;42;0;
12353;4317487;1177518080;14643200;1377415168;0;0;0;0;0;0;0;0;0;0;0;3056;0;0;125;0;42;0;
12354;5180986;1177518080;14643200;1377415168;0;0;0;0;0;0;0;0;0;0;0;2895;0;0;125;0;42;0;
12355;3241159;1177518080;14643200;1377415168;0;0;0;0;0;0;0;0;0;0;0;3176;0;0;125;0;42;0;
12356;4726654;1177518080;14643200;1377415168;0;0;0;0;0;0;0;0;0;0;0;2795;0;0;125;0;42;0;
12357;3333903;1177518080;14643200;1377415168;0;0;0;0;0;0;0;0;0;0;0;1893;0;0;125;0;42;0;
12358;4702609;1177518080;14643200;1377415168;0;0;0;0;0;0;0;0;0;0;0;2144;0;0;125;0;42;0;
12359;2831731;1177518080;14643200;1377415168;0;0;0;0;0;0;0;0;0;0;0;2185;0;0;125;0;42;0;
12360;4404189;1177518080;14643200;1377415168;0;0;0;0;0;0;0;0;0;0;0;2054;0;0;125;0;42;0;
12361;4214093;1177518080;14643200;1377415168;0;0;0;0;0;0;0;0;0;0;0;2154;0;0;125;0;42;0;
12362;4928323;1177518080;14643200;1377415168;0;0;0;0;0;0;0;0;0;0;0;1914;0;0;125;0;42;0;
12363;4175150;1177518080;14643200;1377415168;0;0;0;0;0;0;0;0;0;0;0;2043;0;0;125;0;42;0;
12364;4470264;1177518080;14643200;1377415168;0;0;0;0;0;0;0;0;0;0;0;1934;0;0;125;0;42;0;
12365;2948870;1177518080;14643200;1377415168;0;0;0;0;0;0;0;0;0;0;0;1984;0;0;125;0;42;0;
12366;6219174;1180958720;22138880;1384910848;0;0;0;0;0;0;0;0;0;0;0;2335;0;0;125;0;42;0;
12367;2640532;1183055872;22138880;1384910848;0;0;0;0;0;0;0;0;0;0;0;3045;0;0;125;0;42;0;
12368;5008924;1183862784;22138880;1384910848;0;0;0;0;0;0;0;0;0;0;0;2354;0;0;125;0;42;0;
12369;3148865;1183862784;22138880;1384910848;0;0;0;0;0;0;0;0;0;0;0;2395;0;0;125;0;42;0;
12370;5260516;1183862784;22138880;1384910848;0;0;0;0;0;0;0;0;0;0;0;2585;0;0;125;0;42;0;
12371;3665614;1183862784;22138880;1384910848;0;0;0;0;0;0;0;0;0;0;0;3086;0;0;125;0;42;0;
12372;4801836;1183862784;22138880;1384910848;0;0;0;0;0;0;0;0;0;0;0;2274;0;0;125;0;42;0;
12373;4585509;1177530368;14176256;1376948224;0;0;0;0;0;0;0;0;0;0;0;3557;0;0;125;0;42;0;
12374;4984308;1177530368;14176256;1376948224;0;0;0;0;0;0;0;0;0;0;0;2855;0;0;125;0;42;0;
12375;3723534;1177530368;14176256;1376948224;0;0;0;0;0;0;0;0;0;0;0;2545;0;0;125;0;42;0;
12376;4541236;1177530368;14176256;1376948224;0;0;0;0;0;0;0;0;0;0;0;2104;0;0;125;0;42;0;
12377;3821788;1177530368;14176256;1376948224;0;0;0;0;0;0;0;0;0;0;0;4038;0;0;125;0;42;0;
12378;4989908;1177530368;14176256;1376948224;0;0;0;0;0;0;0;0;0;0;0;3326;0;0;125;0;42;0;
12379;4753225;1177530368;14176256;1376948224;0;0;0;0;0;0;0;0;0;0;0;3146;0;0;125;0;42;0;
12380;4503967;1177530368;14176256;1376948224;0;0;0;0;0;0;0;0;0;0;0;2255;0;0;125;0;42;0;
12381;3670714;1177530368;14176256;1376948224;0;0;0;0;0;0;0;0;0;0;0;3136;0;0;125;0;42;0;
12382;4495440;1177530368;14176256;1376948224;0;0;0;0;0;0;0;0;0;0;0;2365;0;0;125;0;42;0;
12383;2891533;1177530368;14176256;1376948224;0;0;0;0;0;0;0;0;0;0;0;2755;0;0;125;0;42;0;
12384;4692951;1177530368;14176256;1376948224;0;0;0;0;0;0;0;0;0;0;0;2104;0;0;125;0;42;0;
12385;2972976;1177530368;14176256;1376948224;0;0;0;0;0;0;0;0;0;0;0;2966;0;0;125;0;42;0;
12386;5003834;1177530368;14176256;1376948224;0;0;0;0;0;0;0;0;0;0;0;1924;0;0;125;0;42;0;
12387;2559049;1177530368;14176256;1376948224;0;0;0;0;0;0;0;0;0;0;0;2886;0;0;125;0;42;0;
12388;4474562;1177530368;14176256;1376948224;0;0;0;0;0;0;0;0;0;0;0;2244;0;0;125;0;42;0;
12389;3912327;1177530368;14176256;1376948224;0;0;0;0;0;0;0;0;0;0;0;3727;0;0;125;0;42;0;
12390;6503938;1181241344;22138880;1384910848;0;0;0;0;0;0;0;0;0;0;0;3887;0;0;125;0;42;0;
12391;4579027;1183338496;22138880;1384910848;0;0;0;0;0;0;0;0;0;0;0;3737;0;0;125;0;42;0;
12392;5285663;1183875072;22138880;1384910848;0;0;0;0;0;0;0;0;0;0;0;3046;0;0;125;0;42;0;
12393;4464283;1183875072;22138880;1384910848;0;0;0;0;0;0;0;0;0;0;0;3427;0;0;125;0;42;0;
12394;5396160;1183875072;22138880;1384910848;0;0;0;0;0;0;0;0;0;0;0;3356;0;0;125;0;42;0;
12395;3328463;1183875072;22138880;1384910848;0;0;0;0;0;0;0;0;0;0;0;3046;0;0;125;0;42;0;
12396;5320388;1183875072;22138880;1384910848;0;0;0;0;0;0;0;0;0;0;0;2434;0;0;125;0;42;0;
12397;3952482;1177542656;14643200;1377415168;0;0;0;0;0;0;0;0;0;0;0;2024;0;0;125;0;42;0;
12398;4484781;1177542656;14643200;1377415168;0;0;0;0;0;0;0;0;0;0;0;1833;0;0;125;0;42;0;
12399;3105994;1177542656;14643200;1377415168;0;0;0;0;0;0;0;0;0;0;0;2535;0;0;125;0;42;0;
12400;4792758;1177542656;14643200;1377415168;0;0;0;0;0;0;0;0;0;0;0;2244;0;0;125;0;42;0;
12401;4460315;1177542656;14643200;1377415168;0;0;0;0;0;0;0;0;0;0;0;3466;0;0;125;0;42;0;
12402;5289359;1177542656;14643200;1377415168;0;0;0;0;0;0;0;0;0;0;0;3657;0;0;125;0;42;0;
12403;3610241;1177542656;14643200;1377415168;0;0;0;0;0;0;0;0;0;0;0;3326;0;0;125;0;42;0;
12404;4953270;1177542656;14643200;1377415168;0;0;0;0;0;0;0;0;0;0;0;2224;0;0;125;0;42;0;
12405;3523488;1177542656;14643200;1377415168;0;0;0;0;0;0;0;0;0;0;0;2735;0;0;125;0;42;0;
12406;4862539;1177542656;14643200;1377415168;0;0;0;0;0;0;0;0;0;0;0;2564;0;0;125;0;42;0;
12407;3902289;1177542656;14643200;1377415168;0;0;0;0;0;0;0;0;0;0;0;2475;0;0;125;0;42;0;
12408;5093101;1177542656;14643200;1377415168;0;0;0;0;0;0;0;0;0;0;0;1793;0;0;125;0;42;0;
12409;2157246;1177542656;14643200;1377415168;0;0;0;0;0;0;0;0;0;0;0;2455;0;0;125;0;42;0;
12410;5486018;1177542656;14643200;1377415168;0;0;0;0;0;0;0;0;0;0;0;2925;0;0;125;0;42;0;
12411;3933186;1177542656;14643200;1377415168;0;0;0;0;0;0;0;0;0;0;0;3296;0;0;125;0;42;0;
12412;6884642;1180983296;22138880;1384910848;0;0;0;0;0;0;0;0;0;0;0;3918;0;0;125;0;42;0;
12413;3277016;1183080448;22138880;1384910848;0;0;0;0;0;0;0;0;0;0;0;2925;0;0;125;0;42;0;
12414;4560713;1183887360;22138880;1384910848;0;0;0;0;0;0;0;0;0;0;0;2084;0;0;125;0;42;0;
12415;3699237;1183887360;22138880;1384910848;0;0;0;0;0;0;0;0;0;0;0;3196;0;0;125;0;42;0;
12416;4828615;1183887360;22138880;1384910848;0;0;0;0;0;0;0;0;0;0;0;3287;0;0;125;0;42;0;
12417;4069352;1183887360;22138880;1384910848;0;0;0;0;0;0;0;0;0;0;0;3596;0;0;125;0;42;0;
12418;4900360;1183887360;22138880;1384910848;0;0;0;0;0;0;0;0;0;0;0;3206;0;0;125;0;42;0;
12419;4957888;1177554944;14176256;1376948224;0;0;0;0;0;0;0;0;0;0;0;3316;0;0;125;0;42;0;
12420;4463300;1177554944;14176256;1376948224;0;0;0;0;0;0;0;0;0;0;0;1984;0;0;125;0;42;0;
12421;3555649;1177554944;14176256;1376948224;0;0;0;0;0;0;0;0;0;0;0;2315;0;0;125;0;42;0;
12422;4672813;1177554944;14176256;1376948224;0;0;0;0;0;0;0;0;0;0;0;2074;0;0;125;0;42;0;
12423;3733803;1177554944;14176256;1376948224;0;0;0;0;0;0;0;0;0;0;0;2635;0;0;125;0;42;0;
12424;4609785;1177554944;14176256;1376948224;0;0;0;0;0;0;0;0;0;0;0;2284;0;0;125;0;42;0;
12425;2406714;1177554944;14176256;1376948224;0;0;0;0;0;0;0;0;0;0;0;2234;0;0;125;0;42;0;
12426;4682592;1177554944;14176256;1376948224;0;0;0;0;0;0;0;0;0;0;0;2104;0;0;125;0;42;0;
12427;3216653;1177554944;14176256;1376948224;0;0;0;0;0;0;0;0;0;0;0;2344;0;0;125;0;42;0;
12428;4317337;1177554944;14176256;1376948224;0;0;0;0;0;0;0;0;0;0;0;2184;0;0;125;0;42;0;
12429;2993614;1177554944;14176256;1376948224;0;0;0;0;0;0;0;0;0;0;0;2435;0;0;125;0;42;0;
12430;5306722;1177554944;14176256;1376948224;0;0;0;0;0;0;0;0;0;0;0;2715;0;0;125;0;42;0;
12431;3306701;1177554944;14184448;1376956416;0;0;0;0;0;0;0;0;0;0;0;2054;0;0;125;0;42;0;
12432;5031877;1177554944;14184448;1376956416;0;0;0;0;0;0;0;0;0;0;0;2084;0;0;125;0;42;0;
12433;2786015;1177554944;14184448;1376956416;0;0;0;0;0;0;0;0;0;0;0;2565;0;0;125;0;42;0;
12434;4680177;1177554944;14184448;1376956416;0;0;0;0;0;0;0;0;0;0;0;2124;0;0;125;0;42;0;
12435;3245356;1177554944;14184448;1376956416;0;0;0;0;0;0;0;0;0;0;0;2164;0;0;125;0;42;0;
12436;6154652;1181265920;22147072;1384919040;0;0;0;0;0;0;0;0;0;0;0;2214;0;0;125;0;42;0;
12437;3885988;1183461376;22138880;1384910848;0;0;0;0;0;0;0;0;0;0;0;3586;0;0;125;0;42;0;
12438;4959681;1183997952;22138880;1384910848;0;0;0;0;0;0;0;0;0;0;0;2104;0;0;125;0;42;0;
12439;4758033;1183997952;22138880;1384910848;0;0;0;0;0;0;0;0;0;0;0;4027;0;0;125;0;42;0;
12440;4976432;1183997952;22138880;1384910848;0;0;0;0;0;0;0;0;0;0;0;3005;0;0;125;0;42;0;
12441;3878414;1183997952;22138880;1384910848;0;0;0;0;0;0;0;0;0;0;0;3376;0;0;125;0;42;0;
12442;5109442;1183997952;22138880;1384910848;0;0;0;0;0;0;0;0;0;0;0;2935;0;0;125;0;42;0;
12443;3832246;1177567232;14643200;1377415168;0;0;0;0;0;0;0;0;0;0;0;2545;0;0;125;0;42;0;
12444;4850597;1177567232;14643200;1377415168;0;0;0;0;0;0;0;0;0;0;0;2354;0;0;125;0;42;0;
12445;4164010;1177567232;14643200;1377415168;0;0;0;0;0;0;0;0;0;0;0;3486;0;0;125;0;42;0;
12446;5086759;1177567232;14643200;1377415168;0;0;0;0;0;0;0;0;0;0;0;2996;0;0;125;0;42;0;
12447;3342268;1177567232;14643200;1377415168;0;0;0;0;0;0;0;0;0;0;0;2555;0;0;125;0;42;0;
12448;4530888;1177567232;14643200;1377415168;0;0;0;0;0;0;0;0;0;0;0;2875;0;0;125;0;42;0;
12449;3072201;1177567232;14643200;1377415168;0;0;0;0;0;0;0;0;0;0;0;2755;0;0;125;0;42;0;
12450;4373723;1177567232;14643200;1377415168;0;0;0;0;0;0;0;0;0;0;0;1984;0;0;125;0;42;0;
12451;4664408;1177567232;14643200;1377415168;0;0;0;0;0;0;0;0;0;0;0;3657;0;0;125;0;42;0;
12452;4892556;1177567232;14643200;1377415168;0;0;0;0;0;0;0;0;0;0;0;2776;0;0;125;0;42;0;
12453;4593214;1177567232;14643200;1377415168;0;0;0;0;0;0;0;0;0;0;0;3006;0;0;125;0;42;0;
12454;5441545;1177567232;14643200;1377415168;0;0;0;0;0;0;0;0;0;0;0;2835;0;0;125;0;42;0;
12455;4575671;1177567232;14643200;1377415168;0;0;0;0;0;0;0;0;0;0;0;3196;0;0;125;0;42;0;
12456;5111216;1177567232;14643200;1377415168;0;0;0;0;0;0;0;0;0;0;0;1974;0;0;125;0;42;0;
12457;2754847;1177567232;14643200;1377415168;0;0;0;0;0;0;0;0;0;0;0;2605;0;0;125;0;42;0;
12458;5077332;1177567232;14643200;1377415168;0;0;0;0;0;0;0;0;0;0;0;2355;0;0;125;0;42;0;
12459;2549681;1177567232;14643200;1377415168;0;0;0;0;0;0;0;0;0;0;0;2314;0;0;125;0;42;0;
12460;5849219;1181007872;22138880;1384910848;0;0;0;0;0;0;0;0;0;0;0;2414;0;0;125;0;42;0;
12461;3921354;1183105024;22138880;1384910848;0;0;0;0;0;0;0;0;0;0;0;3076;0;0;125;0;42;0;
12462;5647892;1183911936;22138880;1384910848;0;0;0;0;0;0;0;0;0;0;0;2114;0;0;125;0;42;0;
12463;2852780;1183911936;22138880;1384910848;0;0;0;0;0;0;0;0;0;0;0;2364;0;0;125;0;42;0;
12464;4548089;1183911936;22138880;1384910848;0;0;0;0;0;0;0;0;0;0;0;2023;0;0;125;0;42;0;
12465;3301772;1183911936;22138880;1384910848;0;0;0;0;0;0;0;0;0;0;0;2415;0;0;125;0;42;0;
12466;4348746;1183911936;22138880;1384910848;0;0;0;0;0;0;0;0;0;0;0;1914;0;0;125;0;42;0;
12467;3319966;1177579520;14176256;1376948224;0;0;0;0;0;0;0;0;0;0;0;2424;0;0;125;0;42;0;
12468;4751691;1177579520;14176256;1376948224;0;0;0;0;0;0;0;0;0;0;0;1993;0;0;125;0;42;0;
12469;3937915;1177579520;14176256;1376948224;0;0;0;0;0;0;0;0;0;0;0;2565;0;0;125;0;42;0;
12470;5016578;1177579520;14176256;1376948224;0;0;0;0;0;0;0;0;0;0;0;2054;0;0;125;0;42;0;
12471;4017444;1177579520;14176256;1376948224;0;0;0;0;0;0;0;0;0;0;0;2905;0;0;125;0;42;0;
12472;5029903;1177579520;14176256;1376948224;0;0;0;0;0;0;0;0;0;0;0;2755;0;0;125;0;42;0;
12473;4029787;1177579520;14176256;1376948224;0;0;0;0;0;0;0;0;0;0;0;2074;0;0;125;0;42;0;
12474;4583366;1177579520;14176256;1376948224;0;0;0;0;0;0;0;0;0;0;0;2043;0;0;125;0;42;0;
12475;4196991;1177579520;14176256;1376948224;0;0;0;0;0;0;0;0;0;0;0;6562;0;0;125;0;42;0;
12476;5597317;1177579520;14176256;1376948224;0;0;0;0;0;0;0;0;0;0;0;2976;0;0;125;0;42;0;
12477;4980661;1177579520;14176256;1376948224;0;0;0;0;0;0;0;0;0;0;0;5871;0;0;125;0;42;0;
12478;6010281;1177579520;14176256;1376948224;0;0;0;0;0;0;0;0;0;0;0;3467;0;0;125;0;42;0;
12479;4420951;1177579520;14176256;1376948224;0;0;0;0;0;0;0;0;0;0;0;4198;0;0;125;0;42;0;
12480;5009555;1177579520;14176256;1376948224;0;0;0;0;0;0;0;0;0;0;0;2234;0;0;125;0;42;0;
12481;4753294;1177579520;14176256;1376948224;0;0;0;0;0;0;0;0;0;0;0;5250;0;0;125;0;42;0;
12482;6333097;1181290496;22138880;1384910848;0;0;0;0;0;0;0;0;0;0;0;2875;0;0;125;0;42;0;
12483;6140826;1183387648;22138880;1384910848;0;0;0;0;0;0;0;0;0;0;0;6121;0;0;125;0;42;0;
12484;5352448;1183924224;22138880;1384910848;0;0;0;0;0;0;0;0;0;0;0;2655;0;0;125;0;42;0;
12485;5541211;1183924224;22138880;1384910848;0;0;0;0;0;0;0;0;0;0;0;5290;0;0;125;0;42;0;
12486;5067544;1183924224;22138880;1384910848;0;0;0;0;0;0;0;0;0;0;0;2545;0;0;125;0;42;0;
12487;5944529;1183924224;22138880;1384910848;0;0;0;0;0;0;0;0;0;0;0;13946;0;0;125;0;42;0;
12488;5587269;1183924224;22138880;1384910848;0;0;0;0;0;0;0;0;0;0;0;2595;0;0;125;0;42;0;
12489;5421317;1177591808;14643200;1377415168;0;0;0;0;0;0;0;0;0;0;0;5561;0;0;125;0;42;0;
12490;5318625;1177591808;14643200;1377415168;0;0;0;0;0;0;0;0;0;0;0;4108;0;0;125;0;42;0;
12491;5842227;1177591808;14643200;1377415168;0;0;0;0;0;0;0;0;0;0;0;5300;0;0;125;0;42;0;
12492;5427519;1177591808;14643200;1377415168;0;0;0;0;0;0;0;0;0;0;0;3065;0;0;125;0;42;0;
12493;4064162;1177591808;14643200;1377415168;0;0;0;0;0;0;0;0;0;0;0;4348;0;0;125;0;42;0;
12494;4936919;1177591808;14643200;1377415168;0;0;0;0;0;0;0;0;0;0;0;3146;0;0;125;0;42;0;
12495;4873640;1177591808;14643200;1377415168;0;0;0;0;0;0;0;0;0;0;0;4598;0;0;125;0;42;0;
12496;5269593;1177591808;14643200;1377415168;0;0;0;0;0;0;0;0;0;0;0;3626;0;0;125;0;42;0;
12497;4455465;1177591808;14643200;1377415168;0;0;0;0;0;0;0;0;0;0;0;4869;0;0;125;0;42;0;
12498;4974499;1177591808;14643200;1377415168;0;0;0;0;0;0;0;0;0;0;0;3848;0;0;125;0;42;0;
12499;5509963;1177591808;14643200;1377415168;0;0;0;0;0;0;0;0;0;0;0;5229;0;0;125;0;42;0;
12500;9513772;1177591808;14643200;1377415168;0;0;0;0;0;0;0;0;0;0;0;1763;0;0;125;0;42;0;
12501;6061878;1177591808;14643200;1377415168;0;0;0;0;0;0;0;0;0;0;0;5530;0;0;125;0;42;0;
12502;4675939;1177591808;14643200;1377415168;0;0;0;0;0;0;0;0;0;0;0;2936;0;0;125;0;42;0;
12503;4335781;1177591808;14643200;1377415168;0;0;0;0;0;0;0;0;0;0;0;4679;0;0;125;0;42;0;
12504;4982914;1177591808;14643200;1377415168;0;0;0;0;0;0;0;0;0;0;0;3337;0;0;125;0;42;0;
12505;4584759;1177591808;14643200;1377415168;0;0;0;0;0;0;0;0;0;0;0;5580;0;0;125;0;42;0;
12506;6569671;1181032448;22138880;1384910848;0;0;0;0;0;0;0;0;0;0;0;5490;0;0;125;0;42;0;
12507;6615096;1183129600;22138880;1384910848;0;0;0;0;0;0;0;0;0;0;0;5009;0;0;125;0;42;0;
12508;5506948;1183936512;22138880;1384910848;0;0;0;0;0;0;0;0;0;0;0;2144;0;0;125;0;42;0;
12509;4779573;1183936512;22138880;1384910848;0;0;0;0;0;0;0;0;0;0;0;5440;0;0;125;0;42;0;
12510;4944392;1183936512;22138880;1384910848;0;0;0;0;0;0;0;0;0;0;0;2995;0;0;125;0;42;0;
12511;5394036;1183936512;22138880;1384910848;0;0;0;0;0;0;0;0;0;0;0;5110;0;0;125;0;42;0;
12512;5405718;1183936512;22138880;1384910848;0;0;0;0;0;0;0;0;0;0;0;3697;0;0;125;0;42;0;
12513;7275214;1177604096;14176256;1376948224;0;0;0;0;0;0;0;0;0;0;0;6913;0;0;125;0;42;0;
12514;5112117;1177604096;14176256;1376948224;0;0;0;0;0;0;0;0;0;0;0;3256;0;0;125;0;42;0;
12515;3642761;1177604096;14176256;1376948224;0;0;0;0;0;0;0;0;0;0;0;2615;0;0;125;0;42;0;
12516;5090487;1177604096;14176256;1376948224;0;0;0;0;0;0;0;0;0;0;0;2014;0;0;125;0;42;0;
12517;5455591;1177604096;14176256;1376948224;0;0;0;0;0;0;0;0;0;0;0;5811;0;0;125;0;42;0;
12518;5656919;1177604096;14176256;1376948224;0;0;0;0;0;0;0;0;0;0;0;4037;0;0;125;0;42;0;
12519;4348405;1177604096;14176256;1376948224;0;0;0;0;0;0;0;0;0;0;0;2565;0;0;125;0;42;0;
12520;5093092;1177604096;14176256;1376948224;0;0;0;0;0;0;0;0;0;0;0;1903;0;0;125;0;42;0;
12521;2917401;1177604096;14176256;1376948224;0;0;0;0;0;0;0;0;0;0;0;2655;0;0;125;0;42;0;
12522;4727106;1177604096;14176256;1376948224;0;0;0;0;0;0;0;0;0;0;0;8677;0;0;125;0;42;0;
12523;2843854;1177604096;14176256;1376948224;0;0;0;0;0;0;0;0;0;0;0;2776;0;0;125;0;42;0;
12524;4826322;1177604096;14176256;1376948224;0;0;0;0;0;0;0;0;0;0;0;1833;0;0;125;0;42;0;
12525;3425253;1177604096;14176256;1376948224;0;0;0;0;0;0;0;0;0;0;0;2345;0;0;125;0;42;0;
12526;4710634;1177604096;14176256;1376948224;0;0;0;0;0;0;0;0;0;0;0;2014;0;0;125;0;42;0;
12527;2407656;1177604096;14176256;1376948224;0;0;0;0;0;0;0;0;0;0;0;2776;0;0;125;0;42;0;
12528;5556390;1181315072;22138880;1384910848;0;0;0;0;0;0;0;0;0;0;0;2285;0;0;125;0;42;0;
12529;3500094;1183412224;22138880;1384910848;0;0;0;0;0;0;0;0;0;0;0;2305;0;0;125;0;42;0;
12530;4757913;1183948800;22138880;1384910848;0;0;0;0;0;0;0;0;0;0;0;2334;0;0;125;0;42;0;
12531;2972174;1183948800;22138880;1384910848;0;0;0;0;0;0;0;0;0;0;0;2354;0;0;125;0;42;0;
12532;4481495;1183948800;22138880;1384910848;0;0;0;0;0;0;0;0;0;0;0;2064;0;0;125;0;42;0;
12533;2824567;1183948800;22138880;1384910848;0;0;0;0;0;0;0;0;0;0;0;2204;0;0;125;0;42;0;
12534;4555583;1183948800;22138880;1384910848;0;0;0;0;0;0;0;0;0;0;0;1944;0;0;125;0;42;0;
12535;3418170;1177616384;14643200;1377415168;0;0;0;0;0;0;0;0;0;0;0;2385;0;0;125;0;42;0;
12536;4690436;1177616384;14643200;1377415168;0;0;0;0;0;0;0;0;0;0;0;2735;0;0;125;0;42;0;
12537;3669612;1177616384;14651392;1377423360;0;0;0;0;0;0;0;0;0;0;0;1813;0;0;125;0;42;0;
12538;5351737;1181057024;22147072;1384919040;0;0;0;0;0;0;0;0;0;0;0;2204;0;0;125;0;42;0;
12539;3616442;1183154176;22147072;1384919040;0;0;0;0;0;0;0;0;0;0;0;2955;0;0;125;0;42;0;
12540;4898486;1183961088;22147072;1384919040;0;0;0;0;0;0;0;0;0;0;0;2074;0;0;125;0;42;0;
12541;4023525;1183961088;22147072;1384919040;0;0;0;0;0;0;0;0;0;0;0;2495;0;0;125;0;42;0;
12542;4729029;1183961088;22147072;1384919040;0;0;0;0;0;0;0;0;0;0;0;2074;0;0;125;0;42;0;
12543;3371703;1184141312;22138880;1384910848;0;0;0;0;0;0;0;0;0;0;0;2695;0;0;125;0;42;0;
12544;4697079;1184141312;22138880;1384910848;0;0;0;0;0;0;0;0;0;0;0;2004;0;0;125;0;42;0;
12545;3651318;1177616384;14176256;1376948224;0;0;0;0;0;0;0;0;0;0;0;2886;0;0;125;0;42;0;
12546;4235173;1177616384;14176256;1376948224;0;0;0;0;0;0;0;0;0;0;0;2244;0;0;125;0;42;0;
12547;2563698;1177616384;14176256;1376948224;0;0;0;0;0;0;0;0;0;0;0;2284;0;0;125;0;42;0;
12548;4597282;1177616384;14176256;1376948224;0;0;0;0;0;0;0;0;0;0;0;2054;0;0;125;0;42;0;
12549;3477602;1177616384;14176256;1376948224;0;0;0;0;0;0;0;0;0;0;0;2805;0;0;125;0;42;0;
12550;4648468;1177616384;14176256;1376948224;0;0;0;0;0;0;0;0;0;0;0;2034;0;0;125;0;42;0;
12551;3208367;1177616384;14176256;1376948224;0;0;0;0;0;0;0;0;0;0;0;2364;0;0;125;0;42;0;
12552;5755563;1181327360;22138880;1384910848;0;0;0;0;0;0;0;0;0;0;0;2254;0;0;125;0;42;0;
12553;4084330;1183424512;22138880;1384910848;0;0;0;0;0;0;0;0;0;0;0;2594;0;0;125;0;42;0;
12554;4640803;1183961088;22138880;1384910848;0;0;0;0;0;0;0;0;0;0;0;1914;0;0;125;0;42;0;
12555;3194701;1183961088;22138880;1384910848;0;0;0;0;0;0;0;0;0;0;0;2856;0;0;125;0;42;0;
12556;4925958;1183961088;22138880;1384910848;0;0;0;0;0;0;0;0;0;0;0;2094;0;0;125;0;42;0;
12557;3455911;1183961088;22138880;1384910848;0;0;0;0;0;0;0;0;0;0;0;2795;0;0;125;0;42;0;
12558;4810171;1183961088;22138880;1384910848;0;0;0;0;0;0;0;0;0;0;0;2555;0;0;125;0;42;0;
12559;3735366;1177628672;14643200;1377415168;0;0;0;0;0;0;0;0;0;0;0;2385;0;0;125;0;42;0;
12560;4388971;1177628672;14643200;1377415168;0;0;0;0;0;0;0;0;0;0;0;2184;0;0;125;0;42;0;
12561;3059688;1177628672;14643200;1377415168;0;0;0;0;0;0;0;0;0;0;0;2825;0;0;125;0;42;0;
12562;4692530;1177628672;14643200;1377415168;0;0;0;0;0;0;0;0;0;0;0;2274;0;0;125;0;42;0;
12563;3094243;1177628672;14643200;1377415168;0;0;0;0;0;0;0;0;0;0;0;2885;0;0;125;0;42;0;
12564;4616758;1177628672;14643200;1377415168;0;0;0;0;0;0;0;0;0;0;0;1973;0;0;125;0;42;0;
12565;3073504;1177628672;14643200;1377415168;0;0;0;0;0;0;0;0;0;0;0;2345;0;0;125;0;42;0;
12566;4360057;1177628672;14643200;1377415168;0;0;0;0;0;0;0;0;0;0;0;2364;0;0;125;0;42;0;
12567;3890777;1177628672;14643200;1377415168;0;0;0;0;0;0;0;0;0;0;0;2725;0;0;125;0;42;0;
12568;4663897;1177628672;14643200;1377415168;0;0;0;0;0;0;0;0;0;0;0;2866;0;0;125;0;42;0;
12569;3262117;1177628672;14643200;1377415168;0;0;0;0;0;0;0;0;0;0;0;2735;0;0;125;0;42;0;
12570;4550554;1177628672;14643200;1377415168;0;0;0;0;0;0;0;0;0;0;0;3086;0;0;125;0;42;0;
12571;3432748;1177628672;14643200;1377415168;0;0;0;0;0;0;0;0;0;0;0;2464;0;0;125;0;42;0;
12572;4629993;1177628672;14643200;1377415168;0;0;0;0;0;0;0;0;0;0;0;2094;0;0;125;0;42;0;
12573;3844400;1177628672;14643200;1377415168;0;0;0;0;0;0;0;0;0;0;0;2474;0;0;125;0;42;0;
12574;4739949;1177628672;14643200;1377415168;0;0;0;0;0;0;0;0;0;0;0;1874;0;0;125;0;42;0;
12575;3081118;1177628672;14643200;1377415168;0;0;0;0;0;0;0;0;0;0;0;2524;0;0;125;0;42;0;
12576;5380270;1181069312;22138880;1384910848;0;0;0;0;0;0;0;0;0;0;0;2455;0;0;125;0;42;0;
12577;3611002;1183166464;22138880;1384910848;0;0;0;0;0;0;0;0;0;0;0;3046;0;0;125;0;42;0;
12578;5231932;1183973376;22138880;1384910848;0;0;0;0;0;0;0;0;0;0;0;1884;0;0;125;0;42;0;
12579;3261427;1183973376;22138880;1384910848;0;0;0;0;0;0;0;0;0;0;0;3237;0;0;125;0;42;0;
12580;4563799;1183973376;22138880;1384910848;0;0;0;0;0;0;0;0;0;0;0;2275;0;0;125;0;42;0;
12581;3588200;1183973376;22138880;1384910848;0;0;0;0;0;0;0;0;0;0;0;2966;0;0;125;0;42;0;
12582;5074677;1183973376;22138880;1384910848;0;0;0;0;0;0;0;0;0;0;0;2454;0;0;125;0;42;0;
12583;3721328;1177640960;14176256;1376948224;0;0;0;0;0;0;0;0;0;0;0;2885;0;0;125;0;42;0;
12584;4499799;1177640960;14176256;1376948224;0;0;0;0;0;0;0;0;0;0;0;2435;0;0;125;0;42;0;
12585;3412380;1177640960;14176256;1376948224;0;0;0;0;0;0;0;0;0;0;0;2875;0;0;125;0;42;0;
12586;4654820;1177640960;14176256;1376948224;0;0;0;0;0;0;0;0;0;0;0;2384;0;0;125;0;42;0;
12587;2811773;1177640960;14176256;1376948224;0;0;0;0;0;0;0;0;0;0;0;3176;0;0;125;0;42;0;
12588;4569740;1177640960;14176256;1376948224;0;0;0;0;0;0;0;0;0;0;0;2555;0;0;125;0;42;0;
12589;3320858;1177640960;14176256;1376948224;0;0;0;0;0;0;0;0;0;0;0;2655;0;0;125;0;42;0;
12590;4558810;1177640960;14176256;1376948224;0;0;0;0;0;0;0;0;0;0;0;2475;0;0;125;0;42;0;
12591;3905023;1177640960;14176256;1376948224;0;0;0;0;0;0;0;0;0;0;0;2905;0;0;125;0;42;0;
12592;4373762;1177640960;14176256;1376948224;0;0;0;0;0;0;0;0;0;0;0;2344;0;0;125;0;42;0;
12593;3014072;1177640960;14176256;1376948224;0;0;0;0;0;0;0;0;0;0;0;3206;0;0;125;0;42;0;
12594;4579248;1177640960;14176256;1376948224;0;0;0;0;0;0;0;0;0;0;0;2815;0;0;125;0;42;0;
12595;2574218;1177640960;14176256;1376948224;0;0;0;0;0;0;0;0;0;0;0;2795;0;0;125;0;42;0;
12596;4362601;1177640960;14176256;1376948224;0;0;0;0;0;0;0;0;0;0;0;2194;0;0;125;0;42;0;
12597;3325376;1177640960;14176256;1376948224;0;0;0;0;0;0;0;0;0;0;0;2705;0;0;125;0;42;0;
12598;5611463;1181351936;22138880;1384910848;0;0;0;0;0;0;0;0;0;0;0;2314;0;0;125;0;42;0;
12599;4291599;1183449088;22138880;1384910848;0;0;0;0;0;0;0;0;0;0;0;4047;0;0;125;0;42;0;
12600;4824949;1183985664;22138880;1384910848;0;0;0;0;0;0;0;0;0;0;0;2405;0;0;125;0;42;0;
12601;3203869;1183985664;22138880;1384910848;0;0;0;0;0;0;0;0;0;0;0;2073;0;0;125;0;42;0;
12602;4855305;1183985664;22138880;1384910848;0;0;0;0;0;0;0;0;0;0;0;2344;0;0;125;0;42;0;
12603;2762180;1183985664;22138880;1384910848;0;0;0;0;0;0;0;0;0;0;0;1964;0;0;125;0;42;0;
12604;4710985;1183985664;22138880;1384910848;0;0;0;0;0;0;0;0;0;0;0;2354;0;0;125;0;42;0;
12605;3435133;1177653248;14643200;1377415168;0;0;0;0;0;0;0;0;0;0;0;2354;0;0;125;0;42;0;
12606;4759416;1177653248;14643200;1377415168;0;0;0;0;0;0;0;0;0;0;0;1874;0;0;125;0;42;0;
12607;3353289;1177653248;14643200;1377415168;0;0;0;0;0;0;0;0;0;0;0;2215;0;0;125;0;42;0;
12608;4390163;1177653248;14643200;1377415168;0;0;0;0;0;0;0;0;0;0;0;2044;0;0;125;0;42;0;
12609;2783510;1177653248;14643200;1377415168;0;0;0;0;0;0;0;0;0;0;0;2184;0;0;125;0;42;0;
12610;4713439;1177653248;14643200;1377415168;0;0;0;0;0;0;0;0;0;0;0;2234;0;0;125;0;42;0;
12611;2576803;1177653248;14643200;1377415168;0;0;0;0;0;0;0;0;0;0;0;1933;0;0;125;0;42;0;
12612;4607541;1177653248;14643200;1377415168;0;0;0;0;0;0;0;0;0;0;0;2194;0;0;125;0;42;0;
12613;2967345;1177653248;14643200;1377415168;0;0;0;0;0;0;0;0;0;0;0;2144;0;0;125;0;42;0;
12614;4512012;1177653248;14643200;1377415168;0;0;0;0;0;0;0;0;0;0;0;2054;0;0;125;0;42;0;
12615;3454909;1177653248;14643200;1377415168;0;0;0;0;0;0;0;0;0;0;0;3046;0;0;125;0;42;0;
12616;4450266;1177653248;14643200;1377415168;0;0;0;0;0;0;0;0;0;0;0;2265;0;0;125;0;42;0;
12617;2603052;1177653248;14643200;1377415168;0;0;0;0;0;0;0;0;0;0;0;2164;0;0;125;0;42;0;
12618;4650081;1177653248;14643200;1377415168;0;0;0;0;0;0;0;0;0;0;0;1853;0;0;125;0;42;0;
12619;3620830;1177653248;14643200;1377415168;0;0;0;0;0;0;0;0;0;0;0;2184;0;0;125;0;42;0;
12620;4887796;1177653248;14643200;1377415168;0;0;0;0;0;0;0;0;0;0;0;2535;0;0;125;0;42;0;
12621;2191310;1177653248;14643200;1377415168;0;0;0;0;0;0;0;0;0;0;0;2054;0;0;125;0;42;0;
12622;5291804;1181093888;22138880;1384910848;0;0;0;0;0;0;0;0;0;0;0;1913;0;0;125;0;42;0;
12623;3859418;1183191040;22138880;1384910848;0;0;0;0;0;0;0;0;0;0;0;3046;0;0;125;0;42;0;
12624;4975892;1183997952;22138880;1384910848;0;0;0;0;0;0;0;0;0;0;0;2134;0;0;125;0;42;0;
12625;2938290;1183997952;22138880;1384910848;0;0;0;0;0;0;0;0;0;0;0;2504;0;0;125;0;42;0;
12626;4361730;1183997952;22138880;1384910848;0;0;0;0;0;0;0;0;0;0;0;2334;0;0;125;0;42;0;
12627;3152612;1183997952;22138880;1384910848;0;0;0;0;0;0;0;0;0;0;0;2464;0;0;125;0;42;0;
12628;4684876;1183997952;22138880;1384910848;0;0;0;0;0;0;0;0;0;0;0;2385;0;0;125;0;42;0;
12629;3652089;1177665536;14176256;1376948224;0;0;0;0;0;0;0;0;0;0;0;2625;0;0;125;0;42;0;
12630;4665259;1177665536;14176256;1376948224;0;0;0;0;0;0;0;0;0;0;0;2224;0;0;125;0;42;0;
12631;3334093;1177665536;14176256;1376948224;0;0;0;0;0;0;0;0;0;0;0;2424;0;0;125;0;42;0;
12632;4549161;1177665536;14176256;1376948224;0;0;0;0;0;0;0;0;0;0;0;2324;0;0;125;0;42;0;
12633;2610997;1177665536;14176256;1376948224;0;0;0;0;0;0;0;0;0;0;0;2855;0;0;125;0;42;0;
12634;4561855;1177665536;14176256;1376948224;0;0;0;0;0;0;0;0;0;0;0;2354;0;0;125;0;42;0;
12635;3118318;1177665536;14176256;1376948224;0;0;0;0;0;0;0;0;0;0;0;3908;0;0;125;0;42;0;
12636;4470664;1177665536;14176256;1376948224;0;0;0;0;0;0;0;0;0;0;0;2225;0;0;125;0;42;0;
12637;3127786;1177665536;14176256;1376948224;0;0;0;0;0;0;0;0;0;0;0;2695;0;0;125;0;42;0;
12638;4359245;1177665536;14176256;1376948224;0;0;0;0;0;0;0;0;0;0;0;2915;0;0;125;0;42;0;
12639;3459919;1177665536;14176256;1376948224;0;0;0;0;0;0;0;0;0;0;0;2675;0;0;125;0;42;0;
12640;4787809;1177665536;14176256;1376948224;0;0;0;0;0;0;0;0;0;0;0;2114;0;0;125;0;42;0;
12641;3216512;1177665536;14176256;1376948224;0;0;0;0;0;0;0;0;0;0;0;2335;0;0;125;0;42;0;
12642;4367401;1177665536;14176256;1376948224;0;0;0;0;0;0;0;0;0;0;0;2124;0;0;125;0;42;0;
12643;3168272;1177665536;14176256;1376948224;0;0;0;0;0;0;0;0;0;0;0;2454;0;0;125;0;42;0;
12644;4479811;1177665536;14176256;1376948224;0;0;0;0;0;0;0;0;0;0;0;2324;0;0;125;0;42;0;
12645;3246158;1177665536;14176256;1376948224;0;0;0;0;0;0;0;0;0;0;0;3336;0;0;125;0;42;0;
12646;5519652;1181376512;22138880;1384910848;0;0;0;0;0;0;0;0;0;0;0;2094;0;0;125;0;42;0;
12647;3642491;1183473664;22138880;1384910848;0;0;0;0;0;0;0;0;0;0;0;3276;0;0;125;0;42;0;
12648;5010837;1184010240;22138880;1384910848;0;0;0;0;0;0;0;0;0;0;0;2144;0;0;125;0;42;0;
12649;3600903;1184010240;22138880;1384910848;0;0;0;0;0;0;0;0;0;0;0;2555;0;0;125;0;42;0;
12650;4718820;1184010240;22138880;1384910848;0;0;0;0;0;0;0;0;0;0;0;2195;0;0;125;0;42;0;
12651;3096427;1184010240;22138880;1384910848;0;0;0;0;0;0;0;0;0;0;0;2234;0;0;125;0;42;0;
12652;4804300;1184010240;22138880;1384910848;0;0;0;0;0;0;0;0;0;0;0;2014;0;0;125;0;42;0;
12653;3336918;1177677824;14643200;1377415168;0;0;0;0;0;0;0;0;0;0;0;2024;0;0;125;0;42;0;
12654;4462359;1177677824;14643200;1377415168;0;0;0;0;0;0;0;0;0;0;0;1984;0;0;125;0;42;0;
12655;2976803;1177677824;14643200;1377415168;0;0;0;0;0;0;0;0;0;0;0;2354;0;0;125;0;42;0;
12656;4440959;1177677824;14643200;1377415168;0;0;0;0;0;0;0;0;0;0;0;1954;0;0;125;0;42;0;
12657;3188390;1177677824;14643200;1377415168;0;0;0;0;0;0;0;0;0;0;0;2394;0;0;125;0;42;0;
12658;4636665;1177677824;14643200;1377415168;0;0;0;0;0;0;0;0;0;0;0;1974;0;0;125;0;42;0;
12659;2579507;1177677824;14643200;1377415168;0;0;0;0;0;0;0;0;0;0;0;2264;0;0;125;0;42;0;
12660;4731223;1177677824;14643200;1377415168;0;0;0;0;0;0;0;0;0;0;0;2625;0;0;125;0;42;0;
12661;3114380;1177677824;14643200;1377415168;0;0;0;0;0;0;0;0;0;0;0;2364;0;0;125;0;42;0;
12662;4869913;1177677824;14643200;1377415168;0;0;0;0;0;0;0;0;0;0;0;1923;0;0;125;0;42;0;
12663;3075517;1177677824;14643200;1377415168;0;0;0;0;0;0;0;0;0;0;0;2595;0;0;125;0;42;0;
12664;4623280;1177677824;14643200;1377415168;0;0;0;0;0;0;0;0;0;0;0;1914;0;0;125;0;42;0;
12665;4964931;1177677824;14643200;1377415168;0;0;0;0;0;0;0;0;0;0;0;6882;0;0;125;0;42;0;
12666;5642823;1177677824;14643200;1377415168;0;0;0;0;0;0;0;0;0;0;0;2475;0;0;125;0;42;0;
12667;3520272;1177677824;14643200;1377415168;0;0;0;0;0;0;0;0;0;0;0;2354;0;0;125;0;42;0;
12668;5752008;1181118464;22138880;1384910848;0;0;0;0;0;0;0;0;0;0;0;1984;0;0;125;0;42;0;
12669;4460946;1183215616;22138880;1384910848;0;0;0;0;0;0;0;0;0;0;0;2484;0;0;125;0;42;0;
12670;5376523;1184022528;22138880;1384910848;0;0;0;0;0;0;0;0;0;0;0;1874;0;0;125;0;42;0;
12671;2724800;1184022528;22138880;1384910848;0;0;0;0;0;0;0;0;0;0;0;2054;0;0;125;0;42;0;
12672;4421612;1184022528;22138880;1384910848;0;0;0;0;0;0;0;0;0;0;0;2124;0;0;125;0;42;0;
12673;4053041;1184022528;22138880;1384910848;0;0;0;0;0;0;0;0;0;0;0;2976;0;0;125;0;42;0;
12674;4775336;1184022528;22138880;1384910848;0;0;0;0;0;0;0;0;0;0;0;1904;0;0;125;0;42;0;
12675;3540350;1177690112;14176256;1376948224;0;0;0;0;0;0;0;0;0;0;0;1933;0;0;125;0;42;0;
12676;4958419;1177690112;14176256;1376948224;0;0;0;0;0;0;0;0;0;0;0;2073;0;0;125;0;42;0;
12677;3017228;1177690112;14176256;1376948224;0;0;0;0;0;0;0;0;0;0;0;2314;0;0;125;0;42;0;
12678;4473390;1177690112;14176256;1376948224;0;0;0;0;0;0;0;0;0;0;0;2034;0;0;125;0;42;0;
12679;3244184;1177690112;14176256;1376948224;0;0;0;0;0;0;0;0;0;0;0;2214;0;0;125;0;42;0;
12680;4511330;1177690112;14176256;1376948224;0;0;0;0;0;0;0;0;0;0;0;1914;0;0;125;0;42;0;
12681;3413873;1177690112;14176256;1376948224;0;0;0;0;0;0;0;0;0;0;0;2635;0;0;125;0;42;0;
12682;4599746;1177690112;14176256;1376948224;0;0;0;0;0;0;0;0;0;0;0;2074;0;0;125;0;42;0;
12683;2587243;1177690112;14176256;1376948224;0;0;0;0;0;0;0;0;0;0;0;2144;0;0;125;0;42;0;
12684;4254188;1177690112;14176256;1376948224;0;0;0;0;0;0;0;0;0;0;0;1974;0;0;125;0;42;0;
12685;3107388;1177690112;14176256;1376948224;0;0;0;0;0;0;0;0;0;0;0;2244;0;0;125;0;42;0;
12686;4788069;1177690112;14176256;1376948224;0;0;0;0;0;0;0;0;0;0;0;1964;0;0;125;0;42;0;
12687;2509397;1177690112;14176256;1376948224;0;0;0;0;0;0;0;0;0;0;0;1963;0;0;125;0;42;0;
12688;4355669;1177690112;14176256;1376948224;0;0;0;0;0;0;0;0;0;0;0;2184;0;0;125;0;42;0;
12689;3278939;1177690112;14176256;1376948224;0;0;0;0;0;0;0;0;0;0;0;2474;0;0;125;0;42;0;
12690;4607862;1177690112;14176256;1376948224;0;0;0;0;0;0;0;0;0;0;0;2084;0;0;125;0;42;0;
12691;4932149;1177690112;14176256;1376948224;0;0;0;0;0;0;0;0;0;0;0;7464;0;0;125;0;42;0;
12692;6735521;1181401088;22138880;1384910848;0;0;0;0;0;0;0;0;0;0;0;3797;0;0;125;0;42;0;
12693;5606925;1183498240;22138880;1384910848;0;0;0;0;0;0;0;0;0;0;0;4008;0;0;125;0;42;0;
12694;5235749;1184034816;22138880;1384910848;0;0;0;0;0;0;0;0;0;0;0;3036;0;0;125;0;42;0;
12695;3985505;1184034816;22138880;1384910848;0;0;0;0;0;0;0;0;0;0;0;2615;0;0;125;0;42;0;
12696;5055410;1184034816;22138880;1384910848;0;0;0;0;0;0;0;0;0;0;0;1974;0;0;125;0;42;0;
12697;3982679;1184034816;22138880;1384910848;0;0;0;0;0;0;0;0;0;0;0;3106;0;0;125;0;42;0;
12698;5092981;1184034816;22138880;1384910848;0;0;0;0;0;0;0;0;0;0;0;2254;0;0;125;0;42;0;
12699;3778646;1177702400;14643200;1377415168;0;0;0;0;0;0;0;0;0;0;0;2274;0;0;125;0;42;0;
12700;4819338;1177702400;14643200;1377415168;0;0;0;0;0;0;0;0;0;0;0;2124;0;0;125;0;42;0;
12701;4045698;1177702400;14643200;1377415168;0;0;0;0;0;0;0;0;0;0;0;1914;0;0;125;0;42;0;
12702;4427633;1177702400;14643200;1377415168;0;0;0;0;0;0;0;0;0;0;0;1743;0;0;125;0;42;0;
12703;2813767;1177702400;14643200;1377415168;0;0;0;0;0;0;0;0;0;0;0;2805;0;0;125;0;42;0;
12704;4687571;1177702400;14643200;1377415168;0;0;0;0;0;0;0;0;0;0;0;2154;0;0;125;0;42;0;
12705;2962256;1177702400;14643200;1377415168;0;0;0;0;0;0;0;0;0;0;0;2425;0;0;125;0;42;0;
12706;4502494;1177702400;14643200;1377415168;0;0;0;0;0;0;0;0;0;0;0;2114;0;0;125;0;42;0;
12707;4096012;1177702400;14643200;1377415168;0;0;0;0;0;0;0;0;0;0;0;2645;0;0;125;0;42;0;
12708;4525808;1177702400;14643200;1377415168;0;0;0;0;0;0;0;0;0;0;0;2255;0;0;125;0;42;0;
12709;4217320;1177702400;14643200;1377415168;0;0;0;0;0;0;0;0;0;0;0;2284;0;0;125;0;42;0;
12710;4406263;1177702400;14643200;1377415168;0;0;0;0;0;0;0;0;0;0;0;2645;0;0;125;0;42;0;
12711;3700059;1177702400;14643200;1377415168;0;0;0;0;0;0;0;0;0;0;0;3416;0;0;125;0;42;0;
12712;5142394;1177702400;14643200;1377415168;0;0;0;0;0;0;0;0;0;0;0;3156;0;0;125;0;42;0;
12713;3985134;1177702400;14643200;1377415168;0;0;0;0;0;0;0;0;0;0;0;2935;0;0;125;0;42;0;
12714;5547604;1177702400;14643200;1377415168;0;0;0;0;0;0;0;0;0;0;0;2044;0;0;125;0;42;0;
12715;3599831;1177702400;14643200;1377415168;0;0;0;0;0;0;0;0;0;0;0;2895;0;0;125;0;42;0;
12716;5701943;1181143040;22138880;1384910848;0;0;0;0;0;0;0;0;0;0;0;2415;0;0;125;0;42;0;
12717;4441860;1183240192;22138880;1384910848;0;0;0;0;0;0;0;0;0;0;0;4809;0;0;125;0;42;0;
12718;5571138;1184317440;22138880;1384910848;0;0;0;0;0;0;0;0;0;0;0;3216;0;0;125;0;42;0;
12719;4535496;1184317440;22138880;1384910848;0;0;0;0;0;0;0;0;0;0;0;3126;0;0;125;0;42;0;
12720;4848252;1184317440;22138880;1384910848;0;0;0;0;0;0;0;0;0;0;0;3566;0;0;125;0;42;0;
12721;3700950;1184317440;22138880;1384910848;0;0;0;0;0;0;0;0;0;0;0;2274;0;0;125;0;42;0;
12722;4815701;1184317440;22138880;1384910848;0;0;0;0;0;0;0;0;0;0;0;1864;0;0;125;0;42;0;
12723;3857004;1177714688;14176256;1376948224;0;0;0;0;0;0;0;0;0;0;0;2435;0;0;125;0;42;0;
12724;4559951;1177714688;14176256;1376948224;0;0;0;0;0;0;0;0;0;0;0;2114;0;0;125;0;42;0;
12725;3355282;1177714688;14176256;1376948224;0;0;0;0;0;0;0;0;0;0;0;2695;0;0;125;0;42;0;
12726;4514166;1177714688;14176256;1376948224;0;0;0;0;0;0;0;0;0;0;0;2264;0;0;125;0;42;0;
12727;3441945;1177714688;14176256;1376948224;0;0;0;0;0;0;0;0;0;0;0;2675;0;0;125;0;42;0;
12728;5002222;1177714688;14176256;1376948224;0;0;0;0;0;0;0;0;0;0;0;2264;0;0;125;0;42;0;
12729;2447810;1177714688;14176256;1376948224;0;0;0;0;0;0;0;0;0;0;0;2444;0;0;125;0;42;0;
12730;4755438;1177714688;14176256;1376948224;0;0;0;0;0;0;0;0;0;0;0;1924;0;0;125;0;42;0;
12731;2611788;1177714688;14176256;1376948224;0;0;0;0;0;0;0;0;0;0;0;2334;0;0;125;0;42;0;
12732;4749447;1177714688;14176256;1376948224;0;0;0;0;0;0;0;0;0;0;0;2034;0;0;125;0;42;0;
12733;2936768;1177714688;14176256;1376948224;0;0;0;0;0;0;0;0;0;0;0;2024;0;0;125;0;42;0;
12734;4590228;1177714688;14176256;1376948224;0;0;0;0;0;0;0;0;0;0;0;2024;0;0;125;0;42;0;
12735;3175906;1177714688;14176256;1376948224;0;0;0;0;0;0;0;0;0;0;0;1903;0;0;125;0;42;0;
12736;6510159;1177714688;14176256;1376948224;0;0;0;0;0;0;0;0;0;0;0;2134;0;0;125;0;42;0;
12737;12628503;1177714688;14176256;1376948224;0;0;0;0;0;0;0;0;0;0;0;3005;0;0;125;0;42;0;
12738;6138733;1181425664;22138880;1384910848;0;0;0;0;0;0;0;0;0;0;0;1964;0;0;125;0;42;0;
12739;5106907;1183522816;22138880;1384910848;0;0;0;0;0;0;0;0;0;0;0;3096;0;0;125;0;42;0;
12740;4787859;1184329728;22138880;1384910848;0;0;0;0;0;0;0;0;0;0;0;2254;0;0;125;0;42;0;
12741;2854413;1184329728;22138880;1384910848;0;0;0;0;0;0;0;0;0;0;0;2314;0;0;125;0;42;0;
12742;4508365;1184329728;22138880;1384910848;0;0;0;0;0;0;0;0;0;0;0;1884;0;0;125;0;42;0;
12743;3140610;1184329728;22138880;1384910848;0;0;0;0;0;0;0;0;0;0;0;2114;0;0;125;0;42;0;
12744;5313695;1184329728;22138880;1384910848;0;0;0;0;0;0;0;0;0;0;0;1983;0;0;125;0;42;0;
12745;4030539;1177726976;14643200;1377415168;0;0;0;0;0;0;0;0;0;0;0;2265;0;0;125;0;42;0;
12746;4772861;1177726976;14643200;1377415168;0;0;0;0;0;0;0;0;0;0;0;2054;0;0;125;0;42;0;
12747;3247481;1177726976;14643200;1377415168;0;0;0;0;0;0;0;0;0;0;0;2435;0;0;125;0;42;0;
12748;4691399;1177726976;14643200;1377415168;0;0;0;0;0;0;0;0;0;0;0;2014;0;0;125;0;42;0;
12749;5776683;1177726976;14643200;1377415168;0;0;0;0;0;0;0;0;0;0;0;5721;0;0;125;0;42;0;
12750;5218547;1177726976;14643200;1377415168;0;0;0;0;0;0;0;0;0;0;0;2304;0;0;125;0;42;0;
12751;3355373;1177726976;14643200;1377415168;0;0;0;0;0;0;0;0;0;0;0;3166;0;0;125;0;42;0;
12752;5019694;1177726976;14643200;1377415168;0;0;0;0;0;0;0;0;0;0;0;2334;0;0;125;0;42;0;
12753;2988565;1177726976;14643200;1377415168;0;0;0;0;0;0;0;0;0;0;0;2424;0;0;125;0;42;0;
12754;4878099;1177726976;14643200;1377415168;0;0;0;0;0;0;0;0;0;0;0;2174;0;0;125;0;42;0;
12755;3020795;1177726976;14643200;1377415168;0;0;0;0;0;0;0;0;0;0;0;2394;0;0;125;0;42;0;
12756;4957126;1177726976;14643200;1377415168;0;0;0;0;0;0;0;0;0;0;0;2244;0;0;125;0;42;0;
12757;3321439;1177726976;14643200;1377415168;0;0;0;0;0;0;0;0;0;0;0;2434;0;0;125;0;42;0;
12758;4571803;1177726976;14643200;1377415168;0;0;0;0;0;0;0;0;0;0;0;2155;0;0;125;0;42;0;
12759;2968296;1177726976;14643200;1377415168;0;0;0;0;0;0;0;0;0;0;0;2384;0;0;125;0;42;0;
12760;4685397;1177726976;14643200;1377415168;0;0;0;0;0;0;0;0;0;0;0;2364;0;0;125;0;42;0;
12761;3455490;1177726976;14643200;1377415168;0;0;0;0;0;0;0;0;0;0;0;2224;0;0;125;0;42;0;
12762;5785760;1181167616;22138880;1384910848;0;0;0;0;0;0;0;0;0;0;0;2144;0;0;125;0;42;0;
12763;3707222;1183264768;22138880;1384910848;0;0;0;0;0;0;0;0;0;0;0;3357;0;0;125;0;42;0;
12764;4906421;1184342016;22138880;1384910848;0;0;0;0;0;0;0;0;0;0;0;2154;0;0;125;0;42;0;
12765;3481990;1184342016;22138880;1384910848;0;0;0;0;0;0;0;0;0;0;0;3256;0;0;125;0;42;0;
12766;4981251;1184342016;22138880;1384910848;0;0;0;0;0;0;0;0;0;0;0;2345;0;0;125;0;42;0;
12767;4965452;1184342016;22138880;1384910848;0;0;0;0;0;0;0;0;0;0;0;4088;0;0;125;0;42;0;
12768;5032668;1184342016;22138880;1384910848;0;0;0;0;0;0;0;0;0;0;0;2144;0;0;125;0;42;0;
12769;4384773;1177739264;14176256;1376948224;0;0;0;0;0;0;0;0;0;0;0;2856;0;0;125;0;42;0;
12770;4863951;1177739264;14176256;1376948224;0;0;0;0;0;0;0;0;0;0;0;2124;0;0;125;0;42;0;
12771;3345895;1177739264;14176256;1376948224;0;0;0;0;0;0;0;0;0;0;0;3968;0;0;125;0;42;0;
12772;4929936;1177739264;14176256;1376948224;0;0;0;0;0;0;0;0;0;0;0;2735;0;0;125;0;42;0;
12773;3134128;1177739264;14176256;1376948224;0;0;0;0;0;0;0;0;0;0;0;2495;0;0;125;0;42;0;
12774;4719110;1177739264;14176256;1376948224;0;0;0;0;0;0;0;0;0;0;0;2164;0;0;125;0;42;0;
12775;4156515;1177739264;14176256;1376948224;0;0;0;0;0;0;0;0;0;0;0;2815;0;0;125;0;42;0;
12776;4504507;1177739264;14176256;1376948224;0;0;0;0;0;0;0;0;0;0;0;2174;0;0;125;0;42;0;
12777;3285852;1177739264;14176256;1376948224;0;0;0;0;0;0;0;0;0;0;0;2645;0;0;125;0;42;0;
12778;4486463;1177739264;14176256;1376948224;0;0;0;0;0;0;0;0;0;0;0;2314;0;0;125;0;42;0;
12779;3899052;1177739264;14176256;1376948224;0;0;0;0;0;0;0;0;0;0;0;3587;0;0;125;0;42;0;
12780;5000548;1177739264;14176256;1376948224;0;0;0;0;0;0;0;0;0;0;0;2935;0;0;125;0;42;0;
12781;4123353;1177739264;14176256;1376948224;0;0;0;0;0;0;0;0;0;0;0;2514;0;0;125;0;42;0;
12782;4366980;1177739264;14176256;1376948224;0;0;0;0;0;0;0;0;0;0;0;2475;0;0;125;0;42;0;
12783;4778731;1177739264;14176256;1376948224;0;0;0;0;0;0;0;0;0;0;0;3667;0;0;125;0;42;0;
12784;6513606;1181450240;22138880;1384910848;0;0;0;0;0;0;0;0;0;0;0;116789;0;0;125;0;42;0;
12785;3869386;1183547392;22138880;1384910848;0;0;0;0;0;0;0;0;0;0;0;3266;0;0;125;0;42;0;
12786;4922361;1184354304;22138880;1384910848;0;0;0;0;0;0;0;0;0;0;0;2535;0;0;125;0;42;0;
12787;3501557;1184354304;22138880;1384910848;0;0;0;0;0;0;0;0;0;0;0;2965;0;0;125;0;42;0;
12788;4856478;1184354304;22138880;1384910848;0;0;0;0;0;0;0;0;0;0;0;4459;0;0;125;0;42;0;
12789;2579548;1184354304;22138880;1384910848;0;0;0;0;0;0;0;0;0;0;0;2645;0;0;125;0;42;0;
12790;4409098;1184354304;22138880;1384910848;0;0;0;0;0;0;0;0;0;0;0;2114;0;0;125;0;42;0;
12791;3173201;1177751552;14643200;1377415168;0;0;0;0;0;0;0;0;0;0;0;2425;0;0;125;0;42;0;
12792;4514697;1177751552;14643200;1377415168;0;0;0;0;0;0;0;0;0;0;0;2364;0;0;125;0;42;0;
12793;3022879;1177751552;14643200;1377415168;0;0;0;0;0;0;0;0;0;0;0;2164;0;0;125;0;42;0;
12794;4519055;1177751552;14643200;1377415168;0;0;0;0;0;0;0;0;0;0;0;1884;0;0;125;0;42;0;
12795;3159715;1177751552;14643200;1377415168;0;0;0;0;0;0;0;0;0;0;0;2735;0;0;125;0;42;0;
12796;4805863;1177751552;14643200;1377415168;0;0;0;0;0;0;0;0;0;0;0;2174;0;0;125;0;42;0;
12797;3160567;1177751552;14643200;1377415168;0;0;0;0;0;0;0;0;0;0;0;2775;0;0;125;0;42;0;
12798;5669362;1177751552;14643200;1377415168;0;0;0;0;0;0;0;0;0;0;0;2635;0;0;125;0;42;0;
12799;4093216;1177751552;14643200;1377415168;0;0;0;0;0;0;0;0;0;0;0;3727;0;0;125;0;42;0;
12800;5602978;1177751552;14643200;1377415168;0;0;0;0;0;0;0;0;0;0;0;2584;0;0;125;0;42;0;
12801;4624493;1177751552;14643200;1377415168;0;0;0;0;0;0;0;0;0;0;0;3186;0;0;125;0;42;0;
12802;5205722;1177751552;14643200;1377415168;0;0;0;0;0;0;0;0;0;0;0;3216;0;0;125;0;42;0;
12803;4513775;1177751552;14643200;1377415168;0;0;0;0;0;0;0;0;0;0;0;3316;0;0;125;0;42;0;
12804;5030714;1177751552;14643200;1377415168;0;0;0;0;0;0;0;0;0;0;0;2976;0;0;125;0;42;0;
12805;3966258;1177751552;14643200;1377415168;0;0;0;0;0;0;0;0;0;0;0;2966;0;0;125;0;42;0;
12806;4799350;1177751552;14643200;1377415168;0;0;0;0;0;0;0;0;0;0;0;3146;0;0;125;0;42;0;
12807;3270965;1177751552;14643200;1377415168;0;0;0;0;0;0;0;0;0;0;0;3036;0;0;125;0;42;0;
12808;5499514;1181192192;22138880;1384910848;0;0;0;0;0;0;0;0;0;0;0;2505;0;0;125;0;42;0;
12809;3539157;1183289344;22138880;1384910848;0;0;0;0;0;0;0;0;0;0;0;2114;0;0;125;0;42;0;
12810;5043979;1184366592;22138880;1384910848;0;0;0;0;0;0;0;0;0;0;0;1933;0;0;125;0;42;0;
12811;3979292;1184366592;22138880;1384910848;0;0;0;0;0;0;0;0;0;0;0;3166;0;0;125;0;42;0;
12812;5129610;1184366592;22138880;1384910848;0;0;0;0;0;0;0;0;0;0;0;2875;0;0;125;0;42;0;
12813;4350639;1184366592;22138880;1384910848;0;0;0;0;0;0;0;0;0;0;0;3346;0;0;125;0;42;0;
12814;4960613;1184366592;22138880;1384910848;0;0;0;0;0;0;0;0;0;0;0;2865;0;0;125;0;42;0;
12815;4452651;1177763840;14176256;1376948224;0;0;0;0;0;0;0;0;0;0;0;3787;0;0;125;0;42;0;
12816;5145169;1177763840;14176256;1376948224;0;0;0;0;0;0;0;0;0;0;0;2665;0;0;125;0;42;0;
12817;4130456;1177763840;14176256;1376948224;0;0;0;0;0;0;0;0;0;0;0;3496;0;0;125;0;42;0;
12818;4905870;1177763840;14176256;1376948224;0;0;0;0;0;0;0;0;0;0;0;3115;0;0;125;0;42;0;
12819;3723774;1177763840;14176256;1376948224;0;0;0;0;0;0;0;0;0;0;0;3857;0;0;125;0;42;0;
12820;4899629;1177763840;14176256;1376948224;0;0;0;0;0;0;0;0;0;0;0;2996;0;0;125;0;42;0;
12821;3969965;1177763840;14176256;1376948224;0;0;0;0;0;0;0;0;0;0;0;3036;0;0;125;0;42;0;
12822;4722597;1177763840;14176256;1376948224;0;0;0;0;0;0;0;0;0;0;0;2644;0;0;125;0;42;0;
12823;2736111;1177763840;14176256;1376948224;0;0;0;0;0;0;0;0;0;0;0;3075;0;0;125;0;42;0;
12824;4538993;1177763840;14176256;1376948224;0;0;0;0;0;0;0;0;0;0;0;2074;0;0;125;0;42;0;
12825;3723753;1177763840;14176256;1376948224;0;0;0;0;0;0;0;0;0;0;0;2444;0;0;125;0;42;0;
12826;4966294;1177763840;14176256;1376948224;0;0;0;0;0;0;0;0;0;0;0;2315;0;0;125;0;42;0;
12827;3411328;1177763840;14176256;1376948224;0;0;0;0;0;0;0;0;0;0;0;3276;0;0;125;0;42;0;
12828;4885432;1177763840;14176256;1376948224;0;0;0;0;0;0;0;0;0;0;0;2515;0;0;125;0;42;0;
12829;3238714;1177763840;14176256;1376948224;0;0;0;0;0;0;0;0;0;0;0;2705;0;0;125;0;42;0;
12830;4594517;1177763840;14176256;1376948224;0;0;0;0;0;0;0;0;0;0;0;2374;0;0;125;0;42;0;
12831;3045992;1177763840;14176256;1376948224;0;0;0;0;0;0;0;0;0;0;0;2875;0;0;125;0;42;0;
12832;5772256;1181474816;22138880;1384910848;0;0;0;0;0;0;0;0;0;0;0;2455;0;0;125;0;42;0;
12833;4378041;1183571968;22138880;1384910848;0;0;0;0;0;0;0;0;0;0;0;4548;0;0;125;0;42;0;
12834;5239786;1184378880;22138880;1384910848;0;0;0;0;0;0;0;0;0;0;0;3116;0;0;125;0;42;0;
12835;2877787;1184378880;22138880;1384910848;0;0;0;0;0;0;0;0;0;0;0;2565;0;0;125;0;42;0;
12836;5029302;1184378880;22138880;1384910848;0;0;0;0;0;0;0;0;0;0;0;2184;0;0;125;0;42;0;
12837;3528417;1184378880;22138880;1384910848;0;0;0;0;0;0;0;0;0;0;0;1943;0;0;125;0;42;0;
12838;4717227;1184378880;22138880;1384910848;0;0;0;0;0;0;0;0;0;0;0;2195;0;0;125;0;42;0;
12839;3648062;1177776128;14643200;1377415168;0;0;0;0;0;0;0;0;0;0;0;2334;0;0;125;0;42;0;
12840;4702880;1177776128;14643200;1377415168;0;0;0;0;0;0;0;0;0;0;0;2264;0;0;125;0;42;0;
12841;4742123;1177776128;14643200;1377415168;0;0;0;0;0;0;0;0;0;0;0;3767;0;0;125;0;42;0;
12842;4940596;1177776128;14643200;1377415168;0;0;0;0;0;0;0;0;0;0;0;2996;0;0;125;0;42;0;
12843;4301357;1177776128;14643200;1377415168;0;0;0;0;0;0;0;0;0;0;0;3106;0;0;125;0;42;0;
12844;4747393;1177776128;14643200;1377415168;0;0;0;0;0;0;0;0;0;0;0;2054;0;0;125;0;42;0;
12845;3132334;1177776128;14643200;1377415168;0;0;0;0;0;0;0;0;0;0;0;2705;0;0;125;0;42;0;
12846;4751902;1177776128;14643200;1377415168;0;0;0;0;0;0;0;0;0;0;0;2745;0;0;125;0;42;0;
12847;3769749;1177776128;14643200;1377415168;0;0;0;0;0;0;0;0;0;0;0;2765;0;0;125;0;42;0;
12848;4752353;1177776128;14643200;1377415168;0;0;0;0;0;0;0;0;0;0;0;2104;0;0;125;0;42;0;
12849;3786571;1177776128;14643200;1377415168;0;0;0;0;0;0;0;0;0;0;0;3947;0;0;125;0;42;0;
12850;5122416;1177776128;14643200;1377415168;0;0;0;0;0;0;0;0;0;0;0;3607;0;0;125;0;42;0;
12851;4638589;1177776128;14643200;1377415168;0;0;0;0;0;0;0;0;0;0;0;3807;0;0;125;0;42;0;
12852;5189152;1177776128;14643200;1377415168;0;0;0;0;0;0;0;0;0;0;0;3486;0;0;125;0;42;0;
12853;4244700;1177776128;14643200;1377415168;0;0;0;0;0;0;0;0;0;0;0;3437;0;0;125;0;42;0;
12854;6717057;1181216768;22138880;1384910848;0;0;0;0;0;0;0;0;0;0;0;3526;0;0;125;0;42;0;
12855;5045332;1183313920;22138880;1384910848;0;0;0;0;0;0;0;0;0;0;0;3987;0;0;125;0;42;0;
12856;5160437;1184391168;22138880;1384910848;0;0;0;0;0;0;0;0;0;0;0;1794;0;0;125;0;42;0;
12857;4016873;1184391168;22138880;1384910848;0;0;0;0;0;0;0;0;0;0;0;12514;0;0;125;0;42;0;
12858;5289329;1184391168;22138880;1384910848;0;0;0;0;0;0;0;0;0;0;0;4358;0;0;125;0;42;0;
12859;3928868;1184391168;22138880;1384910848;0;0;0;0;0;0;0;0;0;0;0;3035;0;0;125;0;42;0;
12860;5057374;1184391168;22138880;1384910848;0;0;0;0;0;0;0;0;0;0;0;3727;0;0;125;0;42;0;
12861;5157332;1177788416;14176256;1376948224;0;0;0;0;0;0;0;0;0;0;0;3997;0;0;125;0;42;0;
12862;5131643;1177788416;14176256;1376948224;0;0;0;0;0;0;0;0;0;0;0;4118;0;0;125;0;42;0;
12863;4091303;1177788416;14176256;1376948224;0;0;0;0;0;0;0;0;0;0;0;4358;0;0;125;0;42;0;
12864;5176257;1177788416;14176256;1376948224;0;0;0;0;0;0;0;0;0;0;0;4428;0;0;125;0;42;0;
12865;5036045;1177788416;14176256;1376948224;0;0;0;0;0;0;0;0;0;0;0;4879;0;0;125;0;42;0;
12866;5139279;1177788416;14176256;1376948224;0;0;0;0;0;0;0;0;0;0;0;3656;0;0;125;0;42;0;
12867;4855215;1177788416;14176256;1376948224;0;0;0;0;0;0;0;0;0;0;0;4558;0;0;125;0;42;0;
12868;5178772;1177788416;14176256;1376948224;0;0;0;0;0;0;0;0;0;0;0;3186;0;0;125;0;42;0;
12869;5122937;1177788416;14176256;1376948224;0;0;0;0;0;0;0;0;0;0;0;3967;0;0;125;0;42;0;
12870;4760428;1177788416;14176256;1376948224;0;0;0;0;0;0;0;0;0;0;0;3246;0;0;125;0;42;0;
12871;3658511;1177788416;14176256;1376948224;0;0;0;0;0;0;0;0;0;0;0;3176;0;0;125;0;42;0;
12872;4774044;1177788416;14176256;1376948224;0;0;0;0;0;0;0;0;0;0;0;2845;0;0;125;0;42;0;
12873;3921915;1177788416;14176256;1376948224;0;0;0;0;0;0;0;0;0;0;0;4198;0;0;125;0;42;0;
12874;4772821;1177788416;14176256;1376948224;0;0;0;0;0;0;0;0;0;0;0;2895;0;0;125;0;42;0;
12875;4742293;1177788416;14176256;1376948224;0;0;0;0;0;0;0;0;0;0;0;4799;0;0;125;0;42;0;
12876;5345225;1177788416;14176256;1376948224;0;0;0;0;0;0;0;0;0;0;0;3757;0;0;125;0;42;0;
12877;4814348;1177788416;14176256;1376948224;0;0;0;0;0;0;0;0;0;0;0;3737;0;0;125;0;42;0;
12878;6938101;1181499392;22138880;1384910848;0;0;0;0;0;0;0;0;0;0;0;3677;0;0;125;0;42;0;
12879;4610938;1183596544;22138880;1384910848;0;0;0;0;0;0;0;0;0;0;0;5310;0;0;125;0;42;0;
12880;5328022;1184403456;22138880;1384910848;0;0;0;0;0;0;0;0;0;0;0;3146;0;0;125;0;42;0;
12881;4283092;1184403456;22138880;1384910848;0;0;0;0;0;0;0;0;0;0;0;3046;0;0;125;0;42;0;
12882;4773231;1184403456;22138880;1384910848;0;0;0;0;0;0;0;0;0;0;0;2745;0;0;125;0;42;0;
12883;4392217;1184403456;22138880;1384910848;0;0;0;0;0;0;0;0;0;0;0;3767;0;0;125;0;42;0;
12884;4714562;1184403456;22138880;1384910848;0;0;0;0;0;0;0;0;0;0;0;2314;0;0;125;0;42;0;
12885;4620666;1177800704;14643200;1377415168;0;0;0;0;0;0;0;0;0;0;0;3486;0;0;125;0;42;0;
12886;4805783;1177800704;14643200;1377415168;0;0;0;0;0;0;0;0;0;0;0;2826;0;0;125;0;42;0;
12887;3963133;1177800704;14651392;1377423360;0;0;0;0;0;0;0;0;0;0;0;2595;0;0;125;0;42;0;
12888;5352819;1181241344;22147072;1384919040;0;0;0;0;0;0;0;0;0;0;0;3096;0;0;125;0;42;0;
12889;4793830;1183338496;22147072;1384919040;0;0;0;0;0;0;0;0;0;0;0;3637;0;0;125;0;42;0;
12890;5497930;1184415744;22147072;1384919040;0;0;0;0;0;0;0;0;0;0;0;104606;0;0;125;0;42;0;
12891;3665655;1184415744;22147072;1384919040;0;0;0;0;0;0;0;0;0;0;0;2835;0;0;125;0;42;0;
12892;4273765;1184415744;22147072;1384919040;0;0;0;0;0;0;0;0;0;0;0;1964;0;0;125;0;42;0;
12893;4150234;1184509952;22138880;1384910848;0;0;0;0;0;0;0;0;0;0;0;1934;0;0;125;0;42;0;
12894;4578487;1184509952;22138880;1384910848;0;0;0;0;0;0;0;0;0;0;0;1924;0;0;125;0;42;0;
12895;4119456;1177800704;14176256;1376948224;0;0;0;0;0;0;0;0;0;0;0;4319;0;0;125;0;42;0;
12896;5002392;1177800704;14176256;1376948224;0;0;0;0;0;0;0;0;0;0;0;3376;0;0;125;0;42;0;
12897;4780345;1177800704;14176256;1376948224;0;0;0;0;0;0;0;0;0;0;0;3847;0;0;125;0;42;0;
12898;5116465;1177800704;14176256;1376948224;0;0;0;0;0;0;0;0;0;0;0;2795;0;0;125;0;42;0;
12899;4409730;1177800704;14176256;1376948224;0;0;0;0;0;0;0;0;0;0;0;3256;0;0;125;0;42;0;
12900;6497986;1181511680;22138880;1384910848;0;0;0;0;0;0;0;0;0;0;0;3877;0;0;125;0;42;0;
12901;3981707;1183608832;22138880;1384910848;0;0;0;0;0;0;0;0;0;0;0;3476;0;0;125;0;42;0;
12902;5213928;1184415744;22138880;1384910848;0;0;0;0;0;0;0;0;0;0;0;2224;0;0;125;0;42;0;
12903;3200572;1184415744;22138880;1384910848;0;0;0;0;0;0;0;0;0;0;0;2876;0;0;125;0;42;0;
12904;4651182;1184415744;22138880;1384910848;0;0;0;0;0;0;0;0;0;0;0;2494;0;0;125;0;42;0;
12905;3019764;1184415744;22138880;1384910848;0;0;0;0;0;0;0;0;0;0;0;2805;0;0;125;0;42;0;
12906;4692289;1184415744;22138880;1384910848;0;0;0;0;0;0;0;0;0;0;0;2174;0;0;125;0;42;0;
12907;4043172;1177812992;14643200;1377415168;0;0;0;0;0;0;0;0;0;0;0;3617;0;0;125;0;42;0;
12908;4879531;1177812992;14643200;1377415168;0;0;0;0;0;0;0;0;0;0;0;2304;0;0;125;0;42;0;
12909;2540454;1177812992;14643200;1377415168;0;0;0;0;0;0;0;0;0;0;0;2665;0;0;125;0;42;0;
12910;4635072;1177812992;14643200;1377415168;0;0;0;0;0;0;0;0;0;0;0;2585;0;0;125;0;42;0;
12911;3055790;1177812992;14643200;1377415168;0;0;0;0;0;0;0;0;0;0;0;2935;0;0;125;0;42;0;
12912;4427042;1177812992;14643200;1377415168;0;0;0;0;0;0;0;0;0;0;0;2224;0;0;125;0;42;0;
12913;3399325;1177812992;14643200;1377415168;0;0;0;0;0;0;0;0;0;0;0;2735;0;0;125;0;42;0;
12914;4376417;1177812992;14643200;1377415168;0;0;0;0;0;0;0;0;0;0;0;2604;0;0;125;0;42;0;
12915;2959049;1177812992;14643200;1377415168;0;0;0;0;0;0;0;0;0;0;0;3266;0;0;125;0;42;0;
12916;4807776;1177812992;14643200;1377415168;0;0;0;0;0;0;0;0;0;0;0;2485;0;0;125;0;42;0;
12917;3504052;1177812992;14643200;1377415168;0;0;0;0;0;0;0;0;0;0;0;3626;0;0;125;0;42;0;
12918;4418587;1177812992;14643200;1377415168;0;0;0;0;0;0;0;0;0;0;0;2174;0;0;125;0;42;0;
12919;3278308;1177812992;14643200;1377415168;0;0;0;0;0;0;0;0;0;0;0;2786;0;0;125;0;42;0;
12920;4549552;1177812992;14643200;1377415168;0;0;0;0;0;0;0;0;0;0;0;2354;0;0;125;0;42;0;
12921;3930111;1177812992;14643200;1377415168;0;0;0;0;0;0;0;0;0;0;0;3616;0;0;125;0;42;0;
12922;4676710;1177812992;14643200;1377415168;0;0;0;0;0;0;0;0;0;0;0;2285;0;0;125;0;42;0;
12923;3405887;1177812992;14643200;1377415168;0;0;0;0;0;0;0;0;0;0;0;13535;0;0;125;0;42;0;
12924;5555689;1181253632;22138880;1384910848;0;0;0;0;0;0;0;0;0;0;0;2404;0;0;125;0;42;0;
12925;4001204;1183350784;22138880;1384910848;0;0;0;0;0;0;0;0;0;0;0;2364;0;0;125;0;42;0;
12926;5128849;1184428032;22138880;1384910848;0;0;0;0;0;0;0;0;0;0;0;2114;0;0;125;0;42;0;
12927;2981161;1184428032;22138880;1384910848;0;0;0;0;0;0;0;0;0;0;0;2225;0;0;125;0;42;0;
12928;4516560;1184428032;22138880;1384910848;0;0;0;0;0;0;0;0;0;0;0;1994;0;0;125;0;42;0;
12929;2893316;1184428032;22138880;1384910848;0;0;0;0;0;0;0;0;0;0;0;2034;0;0;125;0;42;0;
12930;4235543;1184428032;22138880;1384910848;0;0;0;0;0;0;0;0;0;0;0;1994;0;0;125;0;42;0;
12931;3656557;1177825280;14176256;1376948224;0;0;0;0;0;0;0;0;0;0;0;3096;0;0;125;0;42;0;
12932;4401955;1177825280;14176256;1376948224;0;0;0;0;0;0;0;0;0;0;0;1944;0;0;125;0;42;0;
12933;2661461;1177825280;14176256;1376948224;0;0;0;0;0;0;0;0;0;0;0;2294;0;0;125;0;42;0;
12934;4352032;1177825280;14176256;1376948224;0;0;0;0;0;0;0;0;0;0;0;2084;0;0;125;0;42;0;
12935;3880217;1177825280;14176256;1376948224;0;0;0;0;0;0;0;0;0;0;0;3466;0;0;125;0;42;0;
12936;5176618;1177825280;14176256;1376948224;0;0;0;0;0;0;0;0;0;0;0;2976;0;0;125;0;42;0;
12937;3603819;1177825280;14176256;1376948224;0;0;0;0;0;0;0;0;0;0;0;2575;0;0;125;0;42;0;
12938;4550684;1177825280;14176256;1376948224;0;0;0;0;0;0;0;0;0;0;0;2264;0;0;125;0;42;0;
12939;2513453;1177825280;14176256;1376948224;0;0;0;0;0;0;0;0;0;0;0;2124;0;0;125;0;42;0;
12940;4659719;1177825280;14176256;1376948224;0;0;0;0;0;0;0;0;0;0;0;5079;0;0;125;0;42;0;
12941;3151220;1177825280;14176256;1376948224;0;0;0;0;0;0;0;0;0;0;0;2114;0;0;125;0;42;0;
12942;4608713;1177825280;14176256;1376948224;0;0;0;0;0;0;0;0;0;0;0;1993;0;0;125;0;42;0;
12943;2861216;1177825280;14176256;1376948224;0;0;0;0;0;0;0;0;0;0;0;2895;0;0;125;0;42;0;
12944;4744558;1177825280;14176256;1376948224;0;0;0;0;0;0;0;0;0;0;0;1913;0;0;125;0;42;0;
12945;2668765;1177825280;14176256;1376948224;0;0;0;0;0;0;0;0;0;0;0;2194;0;0;125;0;42;0;
12946;4382629;1177825280;14176256;1376948224;0;0;0;0;0;0;0;0;0;0;0;2034;0;0;125;0;42;0;
12947;3094734;1177825280;14176256;1376948224;0;0;0;0;0;0;0;0;0;0;0;2154;0;0;125;0;42;0;
12948;5443579;1181536256;22138880;1384910848;0;0;0;0;0;0;0;0;0;0;0;2665;0;0;125;0;42;0;
12949;4107012;1183633408;22138880;1384910848;0;0;0;0;0;0;0;0;0;0;0;3026;0;0;125;0;42;0;
12950;4781147;1184440320;22138880;1384910848;0;0;0;0;0;0;0;0;0;0;0;2134;0;0;125;0;42;0;
12951;3007661;1184440320;22138880;1384910848;0;0;0;0;0;0;0;0;0;0;0;2845;0;0;125;0;42;0;
12952;4651283;1184440320;22138880;1384910848;0;0;0;0;0;0;0;0;0;0;0;2254;0;0;125;0;42;0;
12953;3080117;1184440320;22138880;1384910848;0;0;0;0;0;0;0;0;0;0;0;2124;0;0;125;0;42;0;
12954;4567316;1184440320;22138880;1384910848;0;0;0;0;0;0;0;0;0;0;0;2394;0;0;125;0;42;0;
12955;3282967;1177837568;14643200;1377415168;0;0;0;0;0;0;0;0;0;0;0;2865;0;0;125;0;42;0;
12956;4757762;1177837568;14643200;1377415168;0;0;0;0;0;0;0;0;0;0;0;1964;0;0;125;0;42;0;
12957;2800292;1177837568;14643200;1377415168;0;0;0;0;0;0;0;0;0;0;0;2474;0;0;125;0;42;0;
12958;4934594;1177837568;14643200;1377415168;0;0;0;0;0;0;0;0;0;0;0;2214;0;0;125;0;42;0;
12959;3159435;1177837568;14643200;1377415168;0;0;0;0;0;0;0;0;0;0;0;2635;0;0;125;0;42;0;
12960;4506612;1177837568;14643200;1377415168;0;0;0;0;0;0;0;0;0;0;0;1944;0;0;125;0;42;0;
12961;3881709;1177837568;14643200;1377415168;0;0;0;0;0;0;0;0;0;0;0;3768;0;0;125;0;42;0;
12962;7399567;1177837568;14643200;1377415168;0;0;0;0;0;0;0;0;0;0;0;3457;0;0;125;0;42;0;
12963;11026489;1177837568;14643200;1377415168;0;0;0;0;0;0;0;0;0;0;0;4558;0;0;125;0;42;0;
12964;5226582;1177837568;14643200;1377415168;0;0;0;0;0;0;0;0;0;0;0;2976;0;0;125;0;42;0;
12965;3309587;1177837568;14643200;1377415168;0;0;0;0;0;0;0;0;0;0;0;2425;0;0;125;0;42;0;
12966;5203699;1177837568;14643200;1377415168;0;0;0;0;0;0;0;0;0;0;0;2184;0;0;125;0;42;0;
12967;3765431;1177837568;14643200;1377415168;0;0;0;0;0;0;0;0;0;0;0;3096;0;0;125;0;42;0;
12968;4385745;1177837568;14643200;1377415168;0;0;0;0;0;0;0;0;0;0;0;2615;0;0;125;0;42;0;
12969;3837386;1177837568;14643200;1377415168;0;0;0;0;0;0;0;0;0;0;0;3757;0;0;125;0;42;0;
12970;6084651;1181278208;22138880;1384910848;0;0;0;0;0;0;0;0;0;0;0;3717;0;0;125;0;42;0;
12971;5768398;1183375360;22138880;1384910848;0;0;0;0;0;0;0;0;0;0;0;4128;0;0;125;0;42;0;
12972;5201875;1184452608;22138880;1384910848;0;0;0;0;0;0;0;0;0;0;0;3547;0;0;125;0;42;0;
12973;3888172;1184452608;22138880;1384910848;0;0;0;0;0;0;0;0;0;0;0;3537;0;0;125;0;42;0;
12974;4642196;1184452608;22138880;1384910848;0;0;0;0;0;0;0;0;0;0;0;2384;0;0;125;0;42;0;
12975;3435012;1184452608;22138880;1384910848;0;0;0;0;0;0;0;0;0;0;0;3146;0;0;125;0;42;0;
12976;4313229;1184452608;22138880;1384910848;0;0;0;0;0;0;0;0;0;0;0;2184;0;0;125;0;42;0;
12977;3048728;1177849856;14176256;1376948224;0;0;0;0;0;0;0;0;0;0;0;2595;0;0;125;0;42;0;
12978;4560252;1177849856;14176256;1376948224;0;0;0;0;0;0;0;0;0;0;0;2225;0;0;125;0;42;0;
12979;3051383;1177849856;14176256;1376948224;0;0;0;0;0;0;0;0;0;0;0;2415;0;0;125;0;42;0;
12980;4551025;1177849856;14176256;1376948224;0;0;0;0;0;0;0;0;0;0;0;1633;0;0;125;0;42;0;
12981;3643713;1177849856;14176256;1376948224;0;0;0;0;0;0;0;0;0;0;0;2274;0;0;125;0;42;0;
12982;4815020;1177849856;14176256;1376948224;0;0;0;0;0;0;0;0;0;0;0;2064;0;0;125;0;42;0;
12983;2863730;1177849856;14176256;1376948224;0;0;0;0;0;0;0;0;0;0;0;2955;0;0;125;0;42;0;
12984;4706717;1177849856;14176256;1376948224;0;0;0;0;0;0;0;0;0;0;0;2815;0;0;125;0;42;0;
12985;4488487;1177849856;14176256;1376948224;0;0;0;0;0;0;0;0;0;0;0;4197;0;0;125;0;42;0;
12986;4705375;1177849856;14176256;1376948224;0;0;0;0;0;0;0;0;0;0;0;2675;0;0;125;0;42;0;
12987;2645331;1177849856;14176256;1376948224;0;0;0;0;0;0;0;0;0;0;0;2665;0;0;125;0;42;0;
12988;4671882;1177849856;14176256;1376948224;0;0;0;0;0;0;0;0;0;0;0;1923;0;0;125;0;42;0;
12989;3717903;1177849856;14176256;1376948224;0;0;0;0;0;0;0;0;0;0;0;3226;0;0;125;0;42;0;
12990;4467959;1177849856;14176256;1376948224;0;0;0;0;0;0;0;0;0;0;0;2244;0;0;125;0;42;0;
12991;4597653;1177849856;14176256;1376948224;0;0;0;0;0;0;0;0;0;0;0;4258;0;0;125;0;42;0;
12992;4918023;1177849856;14176256;1376948224;0;0;0;0;0;0;0;0;0;0;0;3256;0;0;125;0;42;0;
12993;4990569;1177849856;14176256;1376948224;0;0;0;0;0;0;0;0;0;0;0;3947;0;0;125;0;42;0;
12994;6505981;1181560832;22138880;1384910848;0;0;0;0;0;0;0;0;0;0;0;3397;0;0;125;0;42;0;
12995;4858632;1183657984;22138880;1384910848;0;0;0;0;0;0;0;0;0;0;0;4358;0;0;125;0;42;0;
12996;5130742;1184464896;22138880;1384910848;0;0;0;0;0;0;0;0;0;0;0;3566;0;0;125;0;42;0;
12997;4991010;1184464896;22138880;1384910848;0;0;0;0;0;0;0;0;0;0;0;3777;0;0;125;0;42;0;
12998;4717667;1184464896;22138880;1384910848;0;0;0;0;0;0;0;0;0;0;0;3026;0;0;125;0;42;0;
12999;3935801;1184464896;22138880;1384910848;0;0;0;0;0;0;0;0;0;0;0;2585;0;0;125;0;42;0;
13000;4893968;1184464896;22138880;1384910848;0;0;0;0;0;0;0;0;0;0;0;2144;0;0;125;0;42;0;
13001;3278318;1177862144;14643200;1377415168;0;0;0;0;0;0;0;0;0;0;0;2484;0;0;125;0;42;0;
13002;4982995;1177862144;14643200;1377415168;0;0;0;0;0;0;0;0;0;0;0;2765;0;0;125;0;42;0;
13003;3610471;1177862144;14651392;1377423360;0;0;0;0;0;0;0;0;0;0;0;2174;0;0;125;0;42;0;
13004;5225600;1181302784;22147072;1384919040;0;0;0;0;0;0;0;0;0;0;0;2295;0;0;125;0;42;0;
13005;4317697;1183399936;22147072;1384919040;0;0;0;0;0;0;0;0;0;0;0;3547;0;0;125;0;42;0;
13006;4847050;1184477184;22147072;1384919040;0;0;0;0;0;0;0;0;0;0;0;2936;0;0;125;0;42;0;
13007;2864402;1184477184;22147072;1384919040;0;0;0;0;0;0;0;0;0;0;0;3216;0;0;125;0;42;0;
13008;4501031;1184477184;22147072;1384919040;0;0;0;0;0;0;0;0;0;0;0;2264;0;0;125;0;42;0;
13009;3387683;1184632832;22138880;1384910848;0;0;0;0;0;0;0;0;0;0;0;2765;0;0;125;0;42;0;
13010;4373312;1184632832;22138880;1384910848;0;0;0;0;0;0;0;0;0;0;0;2374;0;0;125;0;42;0;
13011;4930827;1177862144;14176256;1376948224;0;0;0;0;0;0;0;0;0;0;0;3997;0;0;125;0;42;0;
13012;4995168;1177862144;14176256;1376948224;0;0;0;0;0;0;0;0;0;0;0;2765;0;0;125;0;42;0;
13013;3201545;1177862144;14176256;1376948224;0;0;0;0;0;0;0;0;0;0;0;2435;0;0;125;0;42;0;
13014;4781116;1177862144;14176256;1376948224;0;0;0;0;0;0;0;0;0;0;0;2294;0;0;125;0;42;0;
13015;2822363;1177862144;14176256;1376948224;0;0;0;0;0;0;0;0;0;0;0;2655;0;0;125;0;42;0;
13016;5820525;1181573120;22138880;1384910848;0;0;0;0;0;0;0;0;0;0;0;3266;0;0;125;0;42;0;
13017;3630499;1183670272;22138880;1384910848;0;0;0;0;0;0;0;0;0;0;0;3397;0;0;125;0;42;0;
13018;4913004;1184477184;22138880;1384910848;0;0;0;0;0;0;0;0;0;0;0;2465;0;0;125;0;42;0;
13019;3044269;1184477184;22138880;1384910848;0;0;0;0;0;0;0;0;0;0;0;2896;0;0;125;0;42;0;
13020;4447931;1184477184;22138880;1384910848;0;0;0;0;0;0;0;0;0;0;0;2164;0;0;125;0;42;0;
13021;2852549;1184477184;22138880;1384910848;0;0;0;0;0;0;0;0;0;0;0;2635;0;0;125;0;42;0;
13022;4748786;1184477184;22138880;1384910848;0;0;0;0;0;0;0;0;0;0;0;2134;0;0;125;0;42;0;
13023;2594346;1177874432;14643200;1377415168;0;0;0;0;0;0;0;0;0;0;0;2604;0;0;125;0;42;0;
13024;5164696;1177874432;14643200;1377415168;0;0;0;0;0;0;0;0;0;0;0;2344;0;0;125;0;42;0;
13025;3205612;1177874432;14643200;1377415168;0;0;0;0;0;0;0;0;0;0;0;2184;0;0;125;0;42;0;
13026;4392918;1177874432;14643200;1377415168;0;0;0;0;0;0;0;0;0;0;0;1783;0;0;125;0;42;0;
13027;3357637;1177874432;14643200;1377415168;0;0;0;0;0;0;0;0;0;0;0;2555;0;0;125;0;42;0;
13028;5111216;1177874432;14643200;1377415168;0;0;0;0;0;0;0;0;0;0;0;2184;0;0;125;0;42;0;
13029;2922000;1177874432;14643200;1377415168;0;0;0;0;0;0;0;0;0;0;0;2234;0;0;125;0;42;0;
13030;4411052;1177874432;14643200;1377415168;0;0;0;0;0;0;0;0;0;0;0;1884;0;0;125;0;42;0;
13031;3622223;1177874432;14643200;1377415168;0;0;0;0;0;0;0;0;0;0;0;3747;0;0;125;0;42;0;
13032;4815270;1177874432;14643200;1377415168;0;0;0;0;0;0;0;0;0;0;0;3337;0;0;125;0;42;0;
13033;4770106;1177874432;14643200;1377415168;0;0;0;0;0;0;0;0;0;0;0;3767;0;0;125;0;42;0;
13034;4654309;1177874432;14643200;1377415168;0;0;0;0;0;0;0;0;0;0;0;3497;0;0;125;0;42;0;
13035;4607130;1177874432;14643200;1377415168;0;0;0;0;0;0;0;0;0;0;0;3576;0;0;125;0;42;0;
13036;5130492;1177874432;14643200;1377415168;0;0;0;0;0;0;0;0;0;0;0;3366;0;0;125;0;42;0;
13037;4857991;1177874432;14643200;1377415168;0;0;0;0;0;0;0;0;0;0;0;3216;0;0;125;0;42;0;
13038;4784864;1177874432;14643200;1377415168;0;0;0;0;0;0;0;0;0;0;0;3166;0;0;125;0;42;0;
13039;4192863;1177874432;14643200;1377415168;0;0;0;0;0;0;0;0;0;0;0;3547;0;0;125;0;42;0;
13040;6452521;1181315072;22138880;1384910848;0;0;0;0;0;0;0;0;0;0;0;3357;0;0;125;0;42;0;
13041;4885051;1183412224;22138880;1384910848;0;0;0;0;0;0;0;0;0;0;0;3577;0;0;125;0;42;0;
13042;5382424;1184489472;22138880;1384910848;0;0;0;0;0;0;0;0;0;0;0;2775;0;0;125;0;42;0;
13043;4511140;1184489472;22138880;1384910848;0;0;0;0;0;0;0;0;0;0;0;3918;0;0;125;0;42;0;
13044;5145991;1184489472;22138880;1384910848;0;0;0;0;0;0;0;0;0;0;0;2795;0;0;125;0;42;0;
13045;4481264;1184489472;22138880;1384910848;0;0;0;0;0;0;0;0;0;0;0;2906;0;0;125;0;42;0;
13046;4758694;1184489472;22138880;1384910848;0;0;0;0;0;0;0;0;0;0;0;3035;0;0;125;0;42;0;
13047;3616703;1177886720;14176256;1376948224;0;0;0;0;0;0;0;0;0;0;0;2655;0;0;125;0;42;0;
13048;4350890;1177886720;14176256;1376948224;0;0;0;0;0;0;0;0;0;0;0;2064;0;0;125;0;42;0;
13049;3031526;1177886720;14176256;1376948224;0;0;0;0;0;0;0;0;0;0;0;2464;0;0;125;0;42;0;
13050;4793520;1177886720;14176256;1376948224;0;0;0;0;0;0;0;0;0;0;0;2355;0;0;125;0;42;0;
13051;4071887;1177886720;14176256;1376948224;0;0;0;0;0;0;0;0;0;0;0;2936;0;0;125;0;42;0;
13052;4436750;1177886720;14176256;1376948224;0;0;0;0;0;0;0;0;0;0;0;2345;0;0;125;0;42;0;
13053;3430394;1177886720;14176256;1376948224;0;0;0;0;0;0;0;0;0;0;0;2414;0;0;125;0;42;0;
13054;4766720;1177886720;14176256;1376948224;0;0;0;0;0;0;0;0;0;0;0;2184;0;0;125;0;42;0;
13055;3579653;1177886720;14176256;1376948224;0;0;0;0;0;0;0;0;0;0;0;3096;0;0;125;0;42;0;
13056;4741892;1177886720;14176256;1376948224;0;0;0;0;0;0;0;0;0;0;0;2024;0;0;125;0;42;0;
13057;2592903;1177886720;14176256;1376948224;0;0;0;0;0;0;0;0;0;0;0;2033;0;0;125;0;42;0;
13058;4823727;1177886720;14176256;1376948224;0;0;0;0;0;0;0;0;0;0;0;2124;0;0;125;0;42;0;
13059;3001208;1177886720;14176256;1376948224;0;0;0;0;0;0;0;0;0;0;0;2706;0;0;125;0;42;0;
13060;4603724;1177886720;14176256;1376948224;0;0;0;0;0;0;0;0;0;0;0;2044;0;0;125;0;42;0;
13061;3011448;1177886720;14176256;1376948224;0;0;0;0;0;0;0;0;0;0;0;2224;0;0;125;0;42;0;
13062;4899789;1177886720;14176256;1376948224;0;0;0;0;0;0;0;0;0;0;0;1943;0;0;125;0;42;0;
13063;3205281;1177886720;14176256;1376948224;0;0;0;0;0;0;0;0;0;0;0;3076;0;0;125;0;42;0;
13064;5262590;1181597696;22138880;1384910848;0;0;0;0;0;0;0;0;0;0;0;2645;0;0;125;0;42;0;
13065;3278769;1183694848;22138880;1384910848;0;0;0;0;0;0;0;0;0;0;0;3506;0;0;125;0;42;0;
13066;4707148;1184501760;22138880;1384910848;0;0;0;0;0;0;0;0;0;0;0;2034;0;0;125;0;42;0;
13067;3697614;1184501760;22138880;1384910848;0;0;0;0;0;0;0;0;0;0;0;2875;0;0;125;0;42;0;
13068;4333156;1184501760;22138880;1384910848;0;0;0;0;0;0;0;0;0;0;0;2394;0;0;125;0;42;0;
13069;3191856;1184501760;22138880;1384910848;0;0;0;0;0;0;0;0;0;0;0;2695;0;0;125;0;42;0;
13070;4680398;1184501760;22138880;1384910848;0;0;0;0;0;0;0;0;0;0;0;2405;0;0;125;0;42;0;
13071;3395839;1177899008;14643200;1377415168;0;0;0;0;0;0;0;0;0;0;0;3176;0;0;125;0;42;0;
13072;4402326;1177899008;14643200;1377415168;0;0;0;0;0;0;0;0;0;0;0;2404;0;0;125;0;42;0;
13073;3542824;1177899008;14643200;1377415168;0;0;0;0;0;0;0;0;0;0;0;3306;0;0;125;0;42;0;
13074;4337664;1177899008;14643200;1377415168;0;0;0;0;0;0;0;0;0;0;0;2515;0;0;125;0;42;0;
13075;4199255;1177899008;14643200;1377415168;0;0;0;0;0;0;0;0;0;0;0;6232;0;0;125;0;42;0;
13076;5387103;1177899008;14643200;1377415168;0;0;0;0;0;0;0;0;0;0;0;3376;0;0;125;0;42;0;
13077;4438273;1177899008;14643200;1377415168;0;0;0;0;0;0;0;0;0;0;0;6002;0;0;125;0;42;0;
13078;5548716;1177899008;14643200;1377415168;0;0;0;0;0;0;0;0;0;0;0;3847;0;0;125;0;42;0;
13079;4145564;1177899008;14643200;1377415168;0;0;0;0;0;0;0;0;0;0;0;3376;0;0;125;0;42;0;
13080;4544803;1177899008;14643200;1377415168;0;0;0;0;0;0;0;0;0;0;0;2215;0;0;125;0;42;0;
13081;3330656;1177899008;14643200;1377415168;0;0;0;0;0;0;0;0;0;0;0;3526;0;0;125;0;42;0;
13082;5121134;1177899008;14643200;1377415168;0;0;0;0;0;0;0;0;0;0;0;16581;0;0;125;0;42;0;
13083;3203348;1177899008;14643200;1377415168;0;0;0;0;0;0;0;0;0;0;0;2816;0;0;125;0;42;0;
13084;4726074;1177899008;14643200;1377415168;0;0;0;0;0;0;0;0;0;0;0;2124;0;0;125;0;42;0;
13085;3489915;1177899008;14643200;1377415168;0;0;0;0;0;0;0;0;0;0;0;2785;0;0;125;0;42;0;
13086;4360167;1177899008;14643200;1377415168;0;0;0;0;0;0;0;0;0;0;0;2254;0;0;125;0;42;0;
13087;2462228;1177899008;14643200;1377415168;0;0;0;0;0;0;0;0;0;0;0;3006;0;0;125;0;42;0;
13088;5544248;1181339648;22138880;1384910848;0;0;0;0;0;0;0;0;0;0;0;2665;0;0;125;0;42;0;
13089;3338651;1183436800;22138880;1384910848;0;0;0;0;0;0;0;0;0;0;0;3317;0;0;125;0;42;0;
13090;5458086;1184514048;22138880;1384910848;0;0;0;0;0;0;0;0;0;0;0;2304;0;0;125;0;42;0;
13091;4253077;1184514048;22138880;1384910848;0;0;0;0;0;0;0;0;0;0;0;3516;0;0;125;0;42;0;
13092;4803759;1184514048;22138880;1384910848;0;0;0;0;0;0;0;0;0;0;0;2825;0;0;125;0;42;0;
13093;4410200;1184514048;22138880;1384910848;0;0;0;0;0;0;0;0;0;0;0;3757;0;0;125;0;42;0;
13094;5043068;1184514048;22138880;1384910848;0;0;0;0;0;0;0;0;0;0;0;3015;0;0;125;0;42;0;
13095;5085768;1177911296;14176256;1376948224;0;0;0;0;0;0;0;0;0;0;0;3747;0;0;125;0;42;0;
13096;5003324;1177911296;14176256;1376948224;0;0;0;0;0;0;0;0;0;0;0;3076;0;0;125;0;42;0;
13097;3967450;1177911296;14176256;1376948224;0;0;0;0;0;0;0;0;0;0;0;2925;0;0;125;0;42;0;
13098;4813537;1177911296;14176256;1376948224;0;0;0;0;0;0;0;0;0;0;0;1974;0;0;125;0;42;0;
13099;3398984;1177911296;14176256;1376948224;0;0;0;0;0;0;0;0;0;0;0;3026;0;0;125;0;42;0;
13100;4341793;1177911296;14176256;1376948224;0;0;0;0;0;0;0;0;0;0;0;2234;0;0;125;0;42;0;
13101;3791992;1177911296;14176256;1376948224;0;0;0;0;0;0;0;0;0;0;0;2334;0;0;125;0;42;0;
13102;5131774;1177911296;14176256;1376948224;0;0;0;0;0;0;0;0;0;0;0;2204;0;0;125;0;42;0;
13103;3182879;1177911296;14176256;1376948224;0;0;0;0;0;0;0;0;0;0;0;2635;0;0;125;0;42;0;
13104;4248688;1177911296;14176256;1376948224;0;0;0;0;0;0;0;0;0;0;0;2585;0;0;125;0;42;0;
13105;3894885;1177911296;14176256;1376948224;0;0;0;0;0;0;0;0;0;0;0;3547;0;0;125;0;42;0;
13106;4894700;1177911296;14176256;1376948224;0;0;0;0;0;0;0;0;0;0;0;3507;0;0;125;0;42;0;
13107;2918062;1177911296;14176256;1376948224;0;0;0;0;0;0;0;0;0;0;0;2856;0;0;125;0;42;0;
13108;4498887;1177911296;14176256;1376948224;0;0;0;0;0;0;0;0;0;0;0;2485;0;0;125;0;42;0;
13109;2975180;1177911296;14176256;1376948224;0;0;0;0;0;0;0;0;0;0;0;2304;0;0;125;0;42;0;
13110;5806319;1181622272;22138880;1384910848;0;0;0;0;0;0;0;0;0;0;0;2325;0;0;125;0;42;0;
13111;3593750;1183719424;22138880;1384910848;0;0;0;0;0;0;0;0;0;0;0;3146;0;0;125;0;42;0;
13112;4805131;1184526336;22138880;1384910848;0;0;0;0;0;0;0;0;0;0;0;2404;0;0;125;0;42;0;
13113;3636359;1184526336;22138880;1384910848;0;0;0;0;0;0;0;0;0;0;0;2765;0;0;125;0;42;0;
13114;4582414;1184526336;22138880;1384910848;0;0;0;0;0;0;0;0;0;0;0;2404;0;0;125;0;42;0;
13115;2465433;1184526336;22138880;1384910848;0;0;0;0;0;0;0;0;0;0;0;2755;0;0;125;0;42;0;
13116;4769444;1184526336;22138880;1384910848;0;0;0;0;0;0;0;0;0;0;0;1974;0;0;125;0;42;0;
13117;3305379;1177923584;14643200;1377415168;0;0;0;0;0;0;0;0;0;0;0;2936;0;0;125;0;42;0;
13118;4636284;1177923584;14643200;1377415168;0;0;0;0;0;0;0;0;0;0;0;1893;0;0;125;0;42;0;
13119;3209930;1177923584;14643200;1377415168;0;0;0;0;0;0;0;0;0;0;0;3917;0;0;125;0;42;0;
13120;5114471;1177923584;14643200;1377415168;0;0;0;0;0;0;0;0;0;0;0;4248;0;0;125;0;42;0;
13121;4362993;1177923584;14651392;1377423360;0;0;0;0;0;0;0;0;0;0;0;2385;0;0;125;0;42;0;
13122;5170327;1177923584;14651392;1377423360;0;0;0;0;0;0;0;0;0;0;0;3657;0;0;125;0;42;0;
13123;3143656;1177923584;14651392;1377423360;0;0;0;0;0;0;0;0;0;0;0;2665;0;0;125;0;42;0;
13124;4532941;1177923584;14651392;1377423360;0;0;0;0;0;0;0;0;0;0;0;2134;0;0;125;0;42;0;
13125;4298721;1177923584;14651392;1377423360;0;0;0;0;0;0;0;0;0;0;0;3326;0;0;125;0;42;0;
13126;5126735;1177923584;14651392;1377423360;0;0;0;0;0;0;0;0;0;0;0;3607;0;0;125;0;42;0;
13127;3266747;1177923584;14643200;1377415168;0;0;0;0;0;0;0;0;0;0;0;2936;0;0;125;0;42;0;
13128;4889620;1177923584;14643200;1377415168;0;0;0;0;0;0;0;0;0;0;0;2495;0;0;125;0;42;0;
13129;2817664;1177923584;14643200;1377415168;0;0;0;0;0;0;0;0;0;0;0;2225;0;0;125;0;42;0;
13130;4962947;1177923584;14643200;1377415168;0;0;0;0;0;0;0;0;0;0;0;2013;0;0;125;0;42;0;
13131;3003794;1177923584;14643200;1377415168;0;0;0;0;0;0;0;0;0;0;0;2475;0;0;125;0;42;0;
13132;4465514;1177923584;14643200;1377415168;0;0;0;0;0;0;0;0;0;0;0;2204;0;0;125;0;42;0;
13133;3186957;1177923584;14643200;1377415168;0;0;0;0;0;0;0;0;0;0;0;2585;0;0;125;0;42;0;
13134;5504223;1181364224;22138880;1384910848;0;0;0;0;0;0;0;0;0;0;0;1964;0;0;125;0;42;0;
13135;3634787;1183461376;22138880;1384910848;0;0;0;0;0;0;0;0;0;0;0;3527;0;0;125;0;42;0;
13136;4919576;1184538624;22138880;1384910848;0;0;0;0;0;0;0;0;0;0;0;2364;0;0;125;0;42;0;
13137;2802255;1184538624;22138880;1384910848;0;0;0;0;0;0;0;0;0;0;0;3126;0;0;125;0;42;0;
13138;4698361;1184538624;22138880;1384910848;0;0;0;0;0;0;0;0;0;0;0;2224;0;0;125;0;42;0;
13139;3123708;1184538624;22138880;1384910848;0;0;0;0;0;0;0;0;0;0;0;3307;0;0;125;0;42;0;
13140;5214930;1184538624;22138880;1384910848;0;0;0;0;0;0;0;0;0;0;0;3076;0;0;125;0;42;0;
13141;5089825;1177935872;14176256;1376948224;0;0;0;0;0;0;0;0;0;0;0;2796;0;0;125;0;42;0;
13142;4811283;1177935872;14176256;1376948224;0;0;0;0;0;0;0;0;0;0;0;2345;0;0;125;0;42;0;
13143;2671360;1177935872;14176256;1376948224;0;0;0;0;0;0;0;0;0;0;0;2635;0;0;125;0;42;0;
13144;4553851;1177935872;14176256;1376948224;0;0;0;0;0;0;0;0;0;0;0;2415;0;0;125;0;42;0;
13145;2951124;1177935872;14176256;1376948224;0;0;0;0;0;0;0;0;0;0;0;2454;0;0;125;0;42;0;
13146;5031336;1177935872;14176256;1376948224;0;0;0;0;0;0;0;0;0;0;0;1884;0;0;125;0;42;0;
13147;4076434;1177935872;14176256;1376948224;0;0;0;0;0;0;0;0;0;0;0;4288;0;0;125;0;42;0;
13148;5507308;1177935872;14176256;1376948224;0;0;0;0;0;0;0;0;0;0;0;3196;0;0;125;0;42;0;
13149;4343736;1177935872;14176256;1376948224;0;0;0;0;0;0;0;0;0;0;0;3716;0;0;125;0;42;0;
13150;4824377;1177935872;14176256;1376948224;0;0;0;0;0;0;0;0;0;0;0;3056;0;0;125;0;42;0;
13151;3944287;1177935872;14176256;1376948224;0;0;0;0;0;0;0;0;0;0;0;3647;0;0;125;0;42;0;
13152;4912644;1177935872;14176256;1376948224;0;0;0;0;0;0;0;0;0;0;0;3496;0;0;125;0;42;0;
13153;2975350;1177935872;14176256;1376948224;0;0;0;0;0;0;0;0;0;0;0;3006;0;0;125;0;42;0;
13154;4718309;1177935872;14176256;1376948224;0;0;0;0;0;0;0;0;0;0;0;2395;0;0;125;0;42;0;
13155;3952392;1177935872;14176256;1376948224;0;0;0;0;0;0;0;0;0;0;0;3547;0;0;125;0;42;0;
13156;5464979;1177935872;14176256;1376948224;0;0;0;0;0;0;0;0;0;0;0;2965;0;0;125;0;42;0;
13157;3897620;1177935872;14176256;1376948224;0;0;0;0;0;0;0;0;0;0;0;2325;0;0;125;0;42;0;
13158;5531544;1181646848;22138880;1384910848;0;0;0;0;0;0;0;0;0;0;0;2124;0;0;125;0;42;0;
13159;4126849;1183744000;22138880;1384910848;0;0;0;0;0;0;0;0;0;0;0;3577;0;0;125;0;42;0;
13160;5646028;1184550912;22138880;1384910848;0;0;0;0;0;0;0;0;0;0;0;3507;0;0;125;0;42;0;
13161;5032438;1184550912;22138880;1384910848;0;0;0;0;0;0;0;0;0;0;0;4618;0;0;125;0;42;0;
13162;4718629;1184550912;22138880;1384910848;0;0;0;0;0;0;0;0;0;0;0;2574;0;0;125;0;42;0;
13163;6454815;1184550912;22138880;1384910848;0;0;0;0;0;0;0;0;0;0;0;7043;0;0;125;0;42;0;
13164;5523549;1184550912;22138880;1384910848;0;0;0;0;0;0;0;0;0;0;0;4118;0;0;125;0;42;0;
13165;4867889;1177948160;14643200;1377415168;0;0;0;0;0;0;0;0;0;0;0;5129;0;0;125;0;42;0;
13166;5034662;1177948160;14643200;1377415168;0;0;0;0;0;0;0;0;0;0;0;4158;0;0;125;0;42;0;
13167;4592372;1177948160;14643200;1377415168;0;0;0;0;0;0;0;0;0;0;0;5189;0;0;125;0;42;0;
13168;5316611;1177948160;14643200;1377415168;0;0;0;0;0;0;0;0;0;0;0;4258;0;0;125;0;42;0;
13169;4307899;1177948160;14643200;1377415168;0;0;0;0;0;0;0;0;0;0;0;5270;0;0;125;0;42;0;
13170;5197477;1177948160;14643200;1377415168;0;0;0;0;0;0;0;0;0;0;0;2405;0;0;125;0;42;0;
13171;4065906;1177948160;14643200;1377415168;0;0;0;0;0;0;0;0;0;0;0;5881;0;0;125;0;42;0;
13172;4935997;1177948160;14643200;1377415168;0;0;0;0;0;0;0;0;0;0;0;2324;0;0;125;0;42;0;
13173;4343305;1177948160;14643200;1377415168;0;0;0;0;0;0;0;0;0;0;0;5601;0;0;125;0;42;0;
13174;4803749;1177948160;14643200;1377415168;0;0;0;0;0;0;0;0;0;0;0;2445;0;0;125;0;42;0;
13175;3150749;1177948160;14643200;1377415168;0;0;0;0;0;0;0;0;0;0;0;3377;0;0;125;0;42;0;
13176;4948199;1177948160;14643200;1377415168;0;0;0;0;0;0;0;0;0;0;0;4188;0;0;125;0;42;0;
13177;4186431;1177948160;14643200;1377415168;0;0;0;0;0;0;0;0;0;0;0;3997;0;0;125;0;42;0;
13178;5036285;1177948160;14643200;1377415168;0;0;0;0;0;0;0;0;0;0;0;2745;0;0;125;0;42;0;
13179;4748375;1177948160;14643200;1377415168;0;0;0;0;0;0;0;0;0;0;0;6202;0;0;125;0;42;0;
13180;5502329;1181388800;22138880;1384910848;0;0;0;0;0;0;0;0;0;0;0;3908;0;0;125;0;42;0;
13181;4279635;1183485952;22138880;1384910848;0;0;0;0;0;0;0;0;0;0;0;5881;0;0;125;0;42;0;
13182;6158639;1184563200;22138880;1384910848;0;0;0;0;0;0;0;0;0;0;0;4238;0;0;125;0;42;0;
13183;4225284;1184563200;22138880;1384910848;0;0;0;0;0;0;0;0;0;0;0;5210;0;0;125;0;42;0;
13184;4807366;1184563200;22138880;1384910848;0;0;0;0;0;0;0;0;0;0;0;2795;0;0;125;0;42;0;
13185;4264077;1184563200;22138880;1384910848;0;0;0;0;0;0;0;0;0;0;0;5530;0;0;125;0;42;0;
13186;4998123;1184563200;22138880;1384910848;0;0;0;0;0;0;0;0;0;0;0;3697;0;0;125;0;42;0;
13187;4571533;1177960448;14176256;1376948224;0;0;0;0;0;0;0;0;0;0;0;4659;0;0;125;0;42;0;
13188;7776604;1177960448;14176256;1376948224;0;0;0;0;0;0;0;0;0;0;0;2826;0;0;125;0;42;0;
13189;10615548;1177960448;14176256;1376948224;0;0;0;0;0;0;0;0;0;0;0;5721;0;0;125;0;42;0;
13190;5608188;1177960448;14176256;1376948224;0;0;0;0;0;0;0;0;0;0;0;4238;0;0;125;0;42;0;
13191;5173392;1177960448;14176256;1376948224;0;0;0;0;0;0;0;0;0;0;0;5270;0;0;125;0;42;0;
13192;4793921;1177960448;14176256;1376948224;0;0;0;0;0;0;0;0;0;0;0;3056;0;0;125;0;42;0;
13193;4459292;1177960448;14176256;1376948224;0;0;0;0;0;0;0;0;0;0;0;5130;0;0;125;0;42;0;
13194;4599485;1177960448;14176256;1376948224;0;0;0;0;0;0;0;0;0;0;0;3056;0;0;125;0;42;0;
13195;3633183;1177960448;14176256;1376948224;0;0;0;0;0;0;0;0;0;0;0;4318;0;0;125;0;42;0;
13196;4845407;1177960448;14176256;1376948224;0;0;0;0;0;0;0;0;0;0;0;3096;0;0;125;0;42;0;
13197;4236646;1177960448;14176256;1376948224;0;0;0;0;0;0;0;0;0;0;0;4729;0;0;125;0;42;0;
13198;4838053;1177960448;14176256;1376948224;0;0;0;0;0;0;0;0;0;0;0;2385;0;0;125;0;42;0;
13199;5926645;1177960448;14176256;1376948224;0;0;0;0;0;0;0;0;0;0;0;4929;0;0;125;0;42;0;
13200;5409114;1177960448;14176256;1376948224;0;0;0;0;0;0;0;0;0;0;0;2675;0;0;125;0;42;0;
13201;3650707;1177960448;14176256;1376948224;0;0;0;0;0;0;0;0;0;0;0;4308;0;0;125;0;42;0;
13202;4962416;1177960448;14176256;1376948224;0;0;0;0;0;0;0;0;0;0;0;4198;0;0;125;0;42;0;
13203;5080407;1177960448;14176256;1376948224;0;0;0;0;0;0;0;0;0;0;0;5851;0;0;125;0;42;0;
13204;7134029;1181671424;22138880;1384910848;0;0;0;0;0;0;0;0;0;0;0;5551;0;0;125;0;42;0;
13205;5916856;1183768576;22138880;1384910848;0;0;0;0;0;0;0;0;0;0;0;7444;0;0;125;0;42;0;
13206;7092060;1184575488;22138880;1384910848;0;0;0;0;0;0;0;0;0;0;0;4228;0;0;125;0;42;0;
13207;6860787;1184575488;22138880;1384910848;0;0;0;0;0;0;0;0;0;0;0;6442;0;0;125;0;42;0;
13208;5631321;1184575488;22138880;1384910848;0;0;0;0;0;0;0;0;0;0;0;5200;0;0;125;0;42;0;
13209;6567035;1184575488;22138880;1384910848;0;0;0;0;0;0;0;0;0;0;0;6523;0;0;125;0;42;0;
13210;5343582;1184575488;22138880;1384910848;0;0;0;0;0;0;0;0;0;0;0;2846;0;0;125;0;42;0;
13211;6392038;1177972736;14643200;1377415168;0;0;0;0;0;0;0;0;0;0;0;6502;0;0;125;0;42;0;
13212;5085748;1177972736;14643200;1377415168;0;0;0;0;0;0;0;0;0;0;0;3306;0;0;125;0;42;0;
13213;4882827;1177972736;14643200;1377415168;0;0;0;0;0;0;0;0;0;0;0;6012;0;0;125;0;42;0;
13214;4984808;1177972736;14643200;1377415168;0;0;0;0;0;0;0;0;0;0;0;2144;0;0;125;0;42;0;
13215;4480974;1177972736;14643200;1377415168;0;0;0;0;0;0;0;0;0;0;0;5761;0;0;125;0;42;0;
13216;4882326;1177972736;14643200;1377415168;0;0;0;0;0;0;0;0;0;0;0;2655;0;0;125;0;42;0;
13217;4199687;1177972736;14643200;1377415168;0;0;0;0;0;0;0;0;0;0;0;5350;0;0;125;0;42;0;
13218;4856497;1177972736;14643200;1377415168;0;0;0;0;0;0;0;0;0;0;0;2544;0;0;125;0;42;0;
13219;4110258;1177972736;14643200;1377415168;0;0;0;0;0;0;0;0;0;0;0;4859;0;0;125;0;42;0;
13220;4848693;1177972736;14643200;1377415168;0;0;0;0;0;0;0;0;0;0;0;3837;0;0;125;0;42;0;
13221;4326764;1177972736;14643200;1377415168;0;0;0;0;0;0;0;0;0;0;0;5290;0;0;125;0;42;0;
13222;5630539;1177972736;14643200;1377415168;0;0;0;0;0;0;0;0;0;0;0;2475;0;0;125;0;42;0;
13223;4020199;1177972736;14643200;1377415168;0;0;0;0;0;0;0;0;0;0;0;4709;0;0;125;0;42;0;
13224;5334173;1177972736;14643200;1377415168;0;0;0;0;0;0;0;0;0;0;0;5090;0;0;125;0;42;0;
13225;5253883;1181413376;22147072;1384919040;0;0;0;0;0;0;0;0;0;0;0;4959;0;0;125;0;42;0;
13226;4903816;1183510528;22147072;1384919040;0;0;0;0;0;0;0;0;0;0;0;3136;0;0;125;0;42;0;
13227;4246283;1183510528;22147072;1384919040;0;0;0;0;0;0;0;0;0;0;0;5690;0;0;125;0;42;0;
13228;5690773;1184858112;22147072;1384919040;0;0;0;0;0;0;0;0;0;0;0;3346;0;0;125;0;42;0;
13229;5686945;1184858112;22147072;1384919040;0;0;0;0;0;0;0;0;0;0;0;7103;0;0;125;0;42;0;
13230;5371092;1184858112;22147072;1384919040;0;0;0;0;0;0;0;0;0;0;0;3447;0;0;125;0;42;0;
13231;7213518;1184866304;22138880;1384910848;0;0;0;0;0;0;0;0;0;0;0;7995;0;0;125;0;42;0;
13232;5806239;1184866304;22138880;1384910848;0;0;0;0;0;0;0;0;0;0;0;4408;0;0;125;0;42;0;
13233;6970142;1177985024;14176256;1376948224;0;0;0;0;0;0;0;0;0;0;0;4859;0;0;125;0;42;0;
13234;5079827;1177985024;14176256;1376948224;0;0;0;0;0;0;0;0;0;0;0;2735;0;0;125;0;42;0;
13235;3743220;1177985024;14176256;1376948224;0;0;0;0;0;0;0;0;0;0;0;5030;0;0;125;0;42;0;
13236;5507228;1177985024;14176256;1376948224;0;0;0;0;0;0;0;0;0;0;0;2996;0;0;125;0;42;0;
13237;4624193;1177985024;14176256;1376948224;0;0;0;0;0;0;0;0;0;0;0;5731;0;0;125;0;42;0;
13238;5331589;1177985024;14176256;1376948224;0;0;0;0;0;0;0;0;0;0;0;2314;0;0;125;0;42;0;
13239;3672067;1177985024;14176256;1376948224;0;0;0;0;0;0;0;0;0;0;0;4940;0;0;125;0;42;0;
13240;4650582;1177985024;14176256;1376948224;0;0;0;0;0;0;0;0;0;0;0;2735;0;0;125;0;42;0;
13241;7086089;1177985024;14176256;1376948224;0;0;0;0;0;0;0;0;0;0;0;6211;0;0;125;0;42;0;
13242;5289109;1177985024;14176256;1376948224;0;0;0;0;0;0;0;0;0;0;0;3407;0;0;125;0;42;0;
13243;7230189;1177985024;14176256;1376948224;0;0;0;0;0;0;0;0;0;0;0;6522;0;0;125;0;42;0;
13244;5177290;1177985024;14176256;1376948224;0;0;0;0;0;0;0;0;0;0;0;3496;0;0;125;0;42;0;
13245;5783556;1177985024;14176256;1376948224;0;0;0;0;0;0;0;0;0;0;0;7144;0;0;125;0;42;0;
13246;5512898;1177985024;14176256;1376948224;0;0;0;0;0;0;0;0;0;0;0;2244;0;0;125;0;42;0;
13247;3766143;1177985024;14176256;1376948224;0;0;0;0;0;0;0;0;0;0;0;2965;0;0;125;0;42;0;
13248;4490110;1177985024;14176256;1376948224;0;0;0;0;0;0;0;0;0;0;0;2124;0;0;125;0;42;0;
13249;3944538;1177985024;14176256;1376948224;0;0;0;0;0;0;0;0;0;0;0;2885;0;0;125;0;42;0;
13250;6269488;1181696000;22138880;1384910848;0;0;0;0;0;0;0;0;0;0;0;3417;0;0;125;0;42;0;
13251;3747688;1183793152;22138880;1384910848;0;0;0;0;0;0;0;0;0;0;0;3476;0;0;125;0;42;0;
13252;4752222;1184870400;22138880;1384910848;0;0;0;0;0;0;0;0;0;0;0;2514;0;0;125;0;42;0;
13253;3732209;1184870400;22138880;1384910848;0;0;0;0;0;0;0;0;0;0;0;2916;0;0;125;0;42;0;
13254;4524135;1184870400;22138880;1384910848;0;0;0;0;0;0;0;0;0;0;0;2074;0;0;125;0;42;0;
13255;2675989;1184870400;22138880;1384910848;0;0;0;0;0;0;0;0;0;0;0;2585;0;0;125;0;42;0;
13256;4500310;1184870400;22138880;1384910848;0;0;0;0;0;0;0;0;0;0;0;2044;0;0;125;0;42;0;
13257;3770291;1177997312;14643200;1377415168;0;0;0;0;0;0;0;0;0;0;0;2355;0;0;125;0;42;0;
13258;4929345;1177997312;14643200;1377415168;0;0;0;0;0;0;0;0;0;0;0;5320;0;0;125;0;42;0;
13259;3004324;1177997312;14643200;1377415168;0;0;0;0;0;0;0;0;0;0;0;2614;0;0;125;0;42;0;
13260;4640823;1177997312;14643200;1377415168;0;0;0;0;0;0;0;0;0;0;0;2184;0;0;125;0;42;0;
13261;3162321;1177997312;14643200;1377415168;0;0;0;0;0;0;0;0;0;0;0;2865;0;0;125;0;42;0;
13262;5405377;1177997312;14643200;1377415168;0;0;0;0;0;0;0;0;0;0;0;2144;0;0;125;0;42;0;
13263;3031274;1177997312;14643200;1377415168;0;0;0;0;0;0;0;0;0;0;0;2434;0;0;125;0;42;0;
13264;4790174;1177997312;14643200;1377415168;0;0;0;0;0;0;0;0;0;0;0;2735;0;0;125;0;42;0;
13265;3155598;1177997312;14643200;1377415168;0;0;0;0;0;0;0;0;0;0;0;2735;0;0;125;0;42;0;
13266;5279651;1177997312;14643200;1377415168;0;0;0;0;0;0;0;0;0;0;0;9908;0;0;125;0;42;0;
13267;3978250;1177997312;14643200;1377415168;0;0;0;0;0;0;0;0;0;0;0;5640;0;0;125;0;42;0;
13268;4948310;1177997312;14643200;1377415168;0;0;0;0;0;0;0;0;0;0;0;2955;0;0;125;0;42;0;
13269;5007571;1177997312;14643200;1377415168;0;0;0;0;0;0;0;0;0;0;0;5982;0;0;125;0;42;0;
13270;5104383;1177997312;14643200;1377415168;0;0;0;0;0;0;0;0;0;0;0;2985;0;0;125;0;42;0;
13271;4537269;1177997312;14643200;1377415168;0;0;0;0;0;0;0;0;0;0;0;3276;0;0;125;0;42;0;
13272;4735541;1177997312;14643200;1377415168;0;0;0;0;0;0;0;0;0;0;0;2535;0;0;125;0;42;0;
13273;3651518;1177997312;14643200;1377415168;0;0;0;0;0;0;0;0;0;0;0;3457;0;0;125;0;42;0;
13274;5528718;1181437952;22138880;1384910848;0;0;0;0;0;0;0;0;0;0;0;3016;0;0;125;0;42;0;
13275;3615190;1183535104;22138880;1384910848;0;0;0;0;0;0;0;0;0;0;0;4208;0;0;125;0;42;0;
13276;4978647;1184882688;22138880;1384910848;0;0;0;0;0;0;0;0;0;0;0;2425;0;0;125;0;42;0;
13277;2906090;1184882688;22138880;1384910848;0;0;0;0;0;0;0;0;0;0;0;2855;0;0;125;0;42;0;
13278;4291408;1184882688;22138880;1384910848;0;0;0;0;0;0;0;0;0;0;0;2174;0;0;125;0;42;0;
13279;2417504;1184882688;22138880;1384910848;0;0;0;0;0;0;0;0;0;0;0;2254;0;0;125;0;42;0;
13280;4567616;1184882688;22138880;1384910848;0;0;0;0;0;0;0;0;0;0;0;2024;0;0;125;0;42;0;
13281;2747012;1178009600;14176256;1376948224;0;0;0;0;0;0;0;0;0;0;0;2294;0;0;125;0;42;0;
13282;4336081;1178009600;14176256;1376948224;0;0;0;0;0;0;0;0;0;0;0;1943;0;0;125;0;42;0;
13283;1979222;1178009600;14176256;1376948224;0;0;0;0;0;0;0;0;0;0;0;2254;0;0;125;0;42;0;
13284;4568278;1178009600;14176256;1376948224;0;0;0;0;0;0;0;0;0;0;0;2004;0;0;125;0;42;0;
13285;1653280;1178001408;14168064;1376940032;0;0;0;0;0;0;0;0;0;0;0;1983;0;0;125;0;42;0;
13286;4671692;1178001408;14168064;1376940032;0;0;0;0;0;0;0;0;0;0;0;2014;0;0;125;0;42;0;
13287;2470423;1178001408;14176256;1376948224;0;0;0;0;0;0;0;0;0;0;0;2174;0;0;125;0;42;0;
13288;4334078;1178001408;14176256;1376948224;0;0;0;0;0;0;0;0;0;0;0;2034;0;0;125;0;42;0;
13289;2060053;1178001408;14176256;1376948224;0;0;0;0;0;0;0;0;0;0;0;2084;0;0;125;0;42;0;
13290;4317256;1178001408;14176256;1376948224;0;0;0;0;0;0;0;0;0;0;0;2174;0;0;125;0;42;0;
13291;2182313;1178001408;14176256;1376948224;0;0;0;0;0;0;0;0;0;0;0;2234;0;0;125;0;42;0;
13292;4346602;1178001408;14176256;1376948224;0;0;0;0;0;0;0;0;0;0;0;1944;0;0;125;0;42;0;
13293;2229972;1178001408;14176256;1376948224;0;0;0;0;0;0;0;0;0;0;0;2114;0;0;125;0;42;0;
13294;4301898;1178001408;14176256;1376948224;0;0;0;0;0;0;0;0;0;0;0;2164;0;0;125;0;42;0;
13295;2299112;1178001408;14176256;1376948224;0;0;0;0;0;0;0;0;0;0;0;2033;0;0;125;0;42;0;
13296;5089755;1181712384;22138880;1384910848;0;0;0;0;0;0;0;0;0;0;0;2154;0;0;125;0;42;0;
13297;2720461;1183809536;22138880;1384910848;0;0;0;0;0;0;0;0;0;0;0;2134;0;0;125;0;42;0;
13298;4788590;1184886784;22138880;1384910848;0;0;0;0;0;0;0;0;0;0;0;1923;0;0;125;0;42;0;
13299;1911585;1184886784;22138880;1384910848;0;0;0;0;0;0;0;0;0;0;0;2685;0;0;125;0;42;0;
13300;4583235;1184886784;22138880;1384910848;0;0;0;0;0;0;0;0;0;0;0;2134;0;0;125;0;42;0;
13301;3664412;1184886784;22138880;1384910848;0;0;0;0;0;0;0;0;0;0;0;1864;0;0;125;0;42;0;
13302;9232554;1184886784;22138880;1384910848;0;0;0;0;0;0;0;0;0;0;0;2325;0;0;125;0;42;0;
13303;3944247;1178021888;14643200;1377415168;0;0;0;0;0;0;0;0;0;0;0;2615;0;0;125;0;42;0;
13304;4643559;1178021888;14643200;1377415168;0;0;0;0;0;0;0;0;0;0;0;2094;0;0;125;0;42;0;
13305;2919155;1178021888;14643200;1377415168;0;0;0;0;0;0;0;0;0;0;0;2915;0;0;125;0;42;0;
13306;4593445;1178021888;14643200;1377415168;0;0;0;0;0;0;0;0;0;0;0;1964;0;0;125;0;42;0;
13307;2531268;1178021888;14643200;1377415168;0;0;0;0;0;0;0;0;0;0;0;2776;0;0;125;0;42;0;
13308;4624273;1178021888;14643200;1377415168;0;0;0;0;0;0;0;0;0;0;0;2014;0;0;125;0;42;0;
13309;2245380;1178021888;14643200;1377415168;0;0;0;0;0;0;0;0;0;0;0;2395;0;0;125;0;42;0;
13310;4282761;1178021888;14643200;1377415168;0;0;0;0;0;0;0;0;0;0;0;2264;0;0;125;0;42;0;
13311;2483377;1178021888;14643200;1377415168;0;0;0;0;0;0;0;0;0;0;0;2345;0;0;125;0;42;0;
13312;4406264;1178021888;14643200;1377415168;0;0;0;0;0;0;0;0;0;0;0;2004;0;0;125;0;42;0;
13313;3783085;1178021888;14643200;1377415168;0;0;0;0;0;0;0;0;0;0;0;2454;0;0;125;0;42;0;
13314;4426781;1178021888;14643200;1377415168;0;0;0;0;0;0;0;0;0;0;0;2244;0;0;125;0;42;0;
13315;2445266;1178021888;14643200;1377415168;0;0;0;0;0;0;0;0;0;0;0;2284;0;0;125;0;42;0;
13316;4349166;1178021888;14643200;1377415168;0;0;0;0;0;0;0;0;0;0;0;2364;0;0;125;0;42;0;
13317;3473074;1178021888;14643200;1377415168;0;0;0;0;0;0;0;0;0;0;0;2515;0;0;125;0;42;0;
13318;4256663;1178021888;14643200;1377415168;0;0;0;0;0;0;0;0;0;0;0;2174;0;0;125;0;42;0;
13319;5369349;1178021888;14643200;1377415168;0;0;0;0;0;0;0;0;0;0;0;7865;0;0;125;0;42;0;
13320;7204681;1181462528;22138880;1384910848;0;0;0;0;0;0;0;0;0;0;0;6722;0;0;125;0;42;0;
13321;7186247;1183559680;22138880;1384910848;0;0;0;0;0;0;0;0;0;0;0;7213;0;0;125;0;42;0;
13322;5587088;1184907264;22138880;1384910848;0;0;0;0;0;0;0;0;0;0;0;4649;0;0;125;0;42;0;
13323;6463271;1184907264;22138880;1384910848;0;0;0;0;0;0;0;0;0;0;0;7264;0;0;125;0;42;0;
13324;5645177;1184907264;22138880;1384910848;0;0;0;0;0;0;0;0;0;0;0;5050;0;0;125;0;42;0;
13325;5905986;1184907264;22138880;1384910848;0;0;0;0;0;0;0;0;0;0;0;5921;0;0;125;0;42;0;
13326;6307900;1184907264;22138880;1384910848;0;0;0;0;0;0;0;0;0;0;0;15048;0;0;125;0;42;0;
13327;5607706;1178034176;14176256;1376948224;0;0;0;0;0;0;0;0;0;0;0;6392;0;0;125;0;42;0;
13328;5356005;1178034176;14176256;1376948224;0;0;0;0;0;0;0;0;0;0;0;4649;0;0;125;0;42;0;
13329;5946903;1178034176;14176256;1376948224;0;0;0;0;0;0;0;0;0;0;0;6873;0;0;125;0;42;0;
13330;5087230;1178034176;14176256;1376948224;0;0;0;0;0;0;0;0;0;0;0;4198;0;0;125;0;42;0;
13331;5328714;1178034176;14176256;1376948224;0;0;0;0;0;0;0;0;0;0;0;5660;0;0;125;0;42;0;
13332;5840022;1178034176;14176256;1376948224;0;0;0;0;0;0;0;0;0;0;0;3316;0;0;125;0;42;0;
13333;5613307;1178034176;14176256;1376948224;0;0;0;0;0;0;0;0;0;0;0;6783;0;0;125;0;42;0;
13334;6235744;1178034176;14176256;1376948224;0;0;0;0;0;0;0;0;0;0;0;6312;0;0;125;0;42;0;
13335;5900335;1178034176;14184448;1376956416;0;0;0;0;0;0;0;0;0;0;0;6171;0;0;125;0;42;0;
13336;5059358;1178034176;14184448;1376956416;0;0;0;0;0;0;0;0;0;0;0;2895;0;0;125;0;42;0;
13337;6180912;1178034176;14184448;1376956416;0;0;0;0;0;0;0;0;0;0;0;7343;0;0;125;0;42;0;
13338;5429703;1178034176;14184448;1376956416;0;0;0;0;0;0;0;0;0;0;0;3417;0;0;125;0;42;0;
13339;5908370;1178034176;14184448;1376956416;0;0;0;0;0;0;0;0;0;0;0;4869;0;0;125;0;42;0;
13340;5097389;1178034176;14184448;1376956416;0;0;0;0;0;0;0;0;0;0;0;3297;0;0;125;0;42;0;
13341;4328748;1178034176;14176256;1376948224;0;0;0;0;0;0;0;0;0;0;0;4909;0;0;125;0;42;0;
13342;4800483;1178034176;14176256;1376948224;0;0;0;0;0;0;0;0;0;0;0;3125;0;0;125;0;42;0;
13343;4455997;1178034176;14176256;1376948224;0;0;0;0;0;0;0;0;0;0;0;3226;0;0;125;0;42;0;
13344;5897991;1181745152;22138880;1384910848;0;0;0;0;0;0;0;0;0;0;0;3036;0;0;125;0;42;0;
13345;3230478;1183842304;22138880;1384910848;0;0;0;0;0;0;0;0;0;0;0;2395;0;0;125;0;42;0;
13346;5681375;1184919552;22138880;1384910848;0;0;0;0;0;0;0;0;0;0;0;2495;0;0;125;0;42;0;
13347;3615651;1184919552;22138880;1384910848;0;0;0;0;0;0;0;0;0;0;0;2815;0;0;125;0;42;0;
13348;4827023;1184919552;22138880;1384910848;0;0;0;0;0;0;0;0;0;0;0;2815;0;0;125;0;42;0;
13349;3113079;1184919552;22138880;1384910848;0;0;0;0;0;0;0;0;0;0;0;2786;0;0;125;0;42;0;
13350;4574118;1184919552;22138880;1384910848;0;0;0;0;0;0;0;0;0;0;0;2534;0;0;125;0;42;0;
13351;4310263;1178046464;14643200;1377415168;0;0;0;0;0;0;0;0;0;0;0;3326;0;0;125;0;42;0;
13352;4942960;1178046464;14643200;1377415168;0;0;0;0;0;0;0;0;0;0;0;2845;0;0;125;0;42;0;
13353;3339964;1178046464;14643200;1377415168;0;0;0;0;0;0;0;0;0;0;0;2696;0;0;125;0;42;0;
13354;5316240;1178046464;14643200;1377415168;0;0;0;0;0;0;0;0;0;0;0;2745;0;0;125;0;42;0;
13355;3692245;1178046464;14643200;1377415168;0;0;0;0;0;0;0;0;0;0;0;3176;0;0;125;0;42;0;
13356;4426291;1178046464;14643200;1377415168;0;0;0;0;0;0;0;0;0;0;0;2855;0;0;125;0;42;0;
13357;2698752;1178046464;14643200;1377415168;0;0;0;0;0;0;0;0;0;0;0;3096;0;0;125;0;42;0;
13358;4414519;1178046464;14643200;1377415168;0;0;0;0;0;0;0;0;0;0;0;2996;0;0;125;0;42;0;
13359;3658982;1178046464;14643200;1377415168;0;0;0;0;0;0;0;0;0;0;0;2885;0;0;125;0;42;0;
13360;4673275;1178046464;14643200;1377415168;0;0;0;0;0;0;0;0;0;0;0;2715;0;0;125;0;42;0;
13361;3632843;1178046464;14643200;1377415168;0;0;0;0;0;0;0;0;0;0;0;3045;0;0;125;0;42;0;
13362;4604686;1178046464;14643200;1377415168;0;0;0;0;0;0;0;0;0;0;0;11933;0;0;125;0;42;0;
13363;3830624;1178046464;14643200;1377415168;0;0;0;0;0;0;0;0;0;0;0;3427;0;0;125;0;42;0;
13364;5364901;1178046464;14643200;1377415168;0;0;0;0;0;0;0;0;0;0;0;2825;0;0;125;0;42;0;
13365;4178396;1178046464;14643200;1377415168;0;0;0;0;0;0;0;0;0;0;0;3597;0;0;125;0;42;0;
13366;6514998;1181487104;22138880;1384910848;0;0;0;0;0;0;0;0;0;0;0;3166;0;0;125;0;42;0;
13367;5416608;1183584256;22138880;1384910848;0;0;0;0;0;0;0;0;0;0;0;3808;0;0;125;0;42;0;
13368;5430534;1184931840;22138880;1384910848;0;0;0;0;0;0;0;0;0;0;0;2635;0;0;125;0;42;0;
13369;4089670;1184931840;22138880;1384910848;0;0;0;0;0;0;0;0;0;0;0;3917;0;0;125;0;42;0;
13370;5310510;1184931840;22138880;1384910848;0;0;0;0;0;0;0;0;0;0;0;2906;0;0;125;0;42;0;
13371;3895526;1184931840;22138880;1384910848;0;0;0;0;0;0;0;0;0;0;0;2605;0;0;125;0;42;0;
13372;4787358;1184931840;22138880;1384910848;0;0;0;0;0;0;0;0;0;0;0;2555;0;0;125;0;42;0;
13373;4655221;1178058752;14176256;1376948224;0;0;0;0;0;0;0;0;0;0;0;2845;0;0;125;0;42;0;
13374;4747693;1178058752;14176256;1376948224;0;0;0;0;0;0;0;0;0;0;0;2925;0;0;125;0;42;0;
13375;3726810;1178058752;14176256;1376948224;0;0;0;0;0;0;0;0;0;0;0;3046;0;0;125;0;42;0;
13376;4836590;1178058752;14176256;1376948224;0;0;0;0;0;0;0;0;0;0;0;2615;0;0;125;0;42;0;
13377;4479350;1178058752;14176256;1376948224;0;0;0;0;0;0;0;0;0;0;0;2895;0;0;125;0;42;0;
13378;4907553;1178058752;14176256;1376948224;0;0;0;0;0;0;0;0;0;0;0;2505;0;0;125;0;42;0;
13379;4453812;1178058752;14176256;1376948224;0;0;0;0;0;0;0;0;0;0;0;3156;0;0;125;0;42;0;
13380;6098978;1178058752;14176256;1376948224;0;0;0;0;0;0;0;0;0;0;0;2485;0;0;125;0;42;0;
13381;4721695;1178058752;14176256;1376948224;0;0;0;0;0;0;0;0;0;0;0;3076;0;0;125;0;42;0;
13382;5252911;1178058752;14176256;1376948224;0;0;0;0;0;0;0;0;0;0;0;2525;0;0;125;0;42;0;
13383;3973531;1178058752;14176256;1376948224;0;0;0;0;0;0;0;0;0;0;0;3647;0;0;125;0;42;0;
13384;5411538;1178058752;14176256;1376948224;0;0;0;0;0;0;0;0;0;0;0;2535;0;0;125;0;42;0;
13385;4048131;1178058752;14176256;1376948224;0;0;0;0;0;0;0;0;0;0;0;2835;0;0;125;0;42;0;
13386;4821151;1178058752;14176256;1376948224;0;0;0;0;0;0;0;0;0;0;0;2545;0;0;125;0;42;0;
13387;4210606;1178058752;14176256;1376948224;0;0;0;0;0;0;0;0;0;0;0;3807;0;0;125;0;42;0;
13388;5209199;1178058752;14176256;1376948224;0;0;0;0;0;0;0;0;0;0;0;2564;0;0;125;0;42;0;
13389;3347257;1178058752;14176256;1376948224;0;0;0;0;0;0;0;0;0;0;0;3036;0;0;125;0;42;0;
13390;6094480;1181769728;22138880;1384910848;0;0;0;0;0;0;0;0;0;0;0;3056;0;0;125;0;42;0;
13391;5163604;1183866880;22138880;1384910848;0;0;0;0;0;0;0;0;0;0;0;4158;0;0;125;0;42;0;
13392;5483764;1184944128;22138880;1384910848;0;0;0;0;0;0;0;0;0;0;0;3146;0;0;125;0;42;0;
13393;5943987;1184944128;22138880;1384910848;0;0;0;0;0;0;0;0;0;0;0;6161;0;0;125;0;42;0;
13394;5984944;1184944128;22138880;1384910848;0;0;0;0;0;0;0;0;0;0;0;2204;0;0;125;0;42;0;
13395;3568252;1184944128;22138880;1384910848;0;0;0;0;0;0;0;0;0;0;0;2275;0;0;125;0;42;0;
13396;4796345;1184944128;22138880;1384910848;0;0;0;0;0;0;0;0;0;0;0;2064;0;0;125;0;42;0;
13397;4104617;1178071040;14643200;1377415168;0;0;0;0;0;0;0;0;0;0;0;2114;0;0;125;0;42;0;
13398;4902804;1178071040;14643200;1377415168;0;0;0;0;0;0;0;0;0;0;0;1894;0;0;125;0;42;0;
13399;8664560;1178071040;14643200;1377415168;0;0;0;0;0;0;0;0;0;0;0;2465;0;0;125;0;42;0;
13400;8341293;1178071040;14643200;1377415168;0;0;0;0;0;0;0;0;0;0;0;3697;0;0;125;0;42;0;
13401;5368959;1178071040;14643200;1377415168;0;0;0;0;0;0;0;0;0;0;0;5420;0;0;125;0;42;0;
13402;5080818;1178071040;14643200;1377415168;0;0;0;0;0;0;0;0;0;0;0;2855;0;0;125;0;42;0;
13403;4796685;1178071040;14643200;1377415168;0;0;0;0;0;0;0;0;0;0;0;5690;0;0;125;0;42;0;
13404;5222725;1178071040;14643200;1377415168;0;0;0;0;0;0;0;0;0;0;0;2685;0;0;125;0;42;0;
13405;4700395;1178071040;14643200;1377415168;0;0;0;0;0;0;0;0;0;0;0;6012;0;0;125;0;42;0;
13406;5160689;1178071040;14643200;1377415168;0;0;0;0;0;0;0;0;0;0;0;2776;0;0;125;0;42;0;
13407;5320959;1178071040;14643200;1377415168;0;0;0;0;0;0;0;0;0;0;0;5671;0;0;125;0;42;0;
13408;4661913;1178071040;14643200;1377415168;0;0;0;0;0;0;0;0;0;0;0;2495;0;0;125;0;42;0;
13409;4536097;1178071040;14643200;1377415168;0;0;0;0;0;0;0;0;0;0;0;5040;0;0;125;0;42;0;
13410;5038419;1178071040;14643200;1377415168;0;0;0;0;0;0;0;0;0;0;0;2584;0;0;125;0;42;0;
13411;4283083;1178071040;14643200;1377415168;0;0;0;0;0;0;0;0;0;0;0;4859;0;0;125;0;42;0;
13412;5299709;1178071040;14643200;1377415168;0;0;0;0;0;0;0;0;0;0;0;3657;0;0;125;0;42;0;
13413;5372736;1178071040;14643200;1377415168;0;0;0;0;0;0;0;0;0;0;0;5770;0;0;125;0;42;0;
13414;6897085;1181511680;22138880;1384910848;0;0;0;0;0;0;0;0;0;0;0;4658;0;0;125;0;42;0;
13415;6770307;1183608832;22138880;1384910848;0;0;0;0;0;0;0;0;0;0;0;6312;0;0;125;0;42;0;
13416;6266091;1184956416;22138880;1384910848;0;0;0;0;0;0;0;0;0;0;0;8005;0;0;125;0;42;0;
13417;4174559;1184956416;22138880;1384910848;0;0;0;0;0;0;0;0;0;0;0;4008;0;0;125;0;42;0;
13418;5288678;1184956416;22138880;1384910848;0;0;0;0;0;0;0;0;0;0;0;3246;0;0;125;0;42;0;
13419;4666121;1184956416;22138880;1384910848;0;0;0;0;0;0;0;0;0;0;0;4939;0;0;125;0;42;0;
13420;4927451;1184956416;22138880;1384910848;0;0;0;0;0;0;0;0;0;0;0;3777;0;0;125;0;42;0;
13421;4552548;1178083328;14176256;1376948224;0;0;0;0;0;0;0;0;0;0;0;5069;0;0;125;0;42;0;
13422;4954702;1178083328;14176256;1376948224;0;0;0;0;0;0;0;0;0;0;0;3476;0;0;125;0;42;0;
13423;4232027;1178083328;14176256;1376948224;0;0;0;0;0;0;0;0;0;0;0;4709;0;0;125;0;42;0;
13424;4749998;1178083328;14176256;1376948224;0;0;0;0;0;0;0;0;0;0;0;2725;0;0;125;0;42;0;
13425;5569876;1178083328;14176256;1376948224;0;0;0;0;0;0;0;0;0;0;0;5570;0;0;125;0;42;0;
13426;5467994;1178083328;14176256;1376948224;0;0;0;0;0;0;0;0;0;0;0;2805;0;0;125;0;42;0;
13427;4445146;1178083328;14176256;1376948224;0;0;0;0;0;0;0;0;0;0;0;5340;0;0;125;0;42;0;
13428;5126144;1178083328;14176256;1376948224;0;0;0;0;0;0;0;0;0;0;0;2475;0;0;125;0;42;0;
13429;4715513;1178083328;14176256;1376948224;0;0;0;0;0;0;0;0;0;0;0;4448;0;0;125;0;42;0;
13430;6319912;1178083328;14176256;1376948224;0;0;0;0;0;0;0;0;0;0;0;3828;0;0;125;0;42;0;
13431;4888689;1178083328;14176256;1376948224;0;0;0;0;0;0;0;0;0;0;0;5601;0;0;125;0;42;0;
13432;4991491;1178083328;14176256;1376948224;0;0;0;0;0;0;0;0;0;0;0;3286;0;0;125;0;42;0;
13433;4962406;1178083328;14176256;1376948224;0;0;0;0;0;0;0;0;0;0;0;5620;0;0;125;0;42;0;
13434;4729149;1178083328;14176256;1376948224;0;0;0;0;0;0;0;0;0;0;0;2534;0;0;125;0;42;0;
13435;4534264;1178083328;14176256;1376948224;0;0;0;0;0;0;0;0;0;0;0;5300;0;0;125;0;42;0;
13436;5725297;1181794304;22138880;1384910848;0;0;0;0;0;0;0;0;0;0;0;4689;0;0;125;0;42;0;
13437;4890973;1183891456;22138880;1384910848;0;0;0;0;0;0;0;0;0;0;0;5801;0;0;125;0;42;0;
13438;5686995;1184968704;22138880;1384910848;0;0;0;0;0;0;0;0;0;0;0;3517;0;0;125;0;42;0;
13439;4775195;1184968704;22138880;1384910848;0;0;0;0;0;0;0;0;0;0;0;5440;0;0;125;0;42;0;
13440;5514472;1184968704;22138880;1384910848;0;0;0;0;0;0;0;0;0;0;0;3687;0;0;125;0;42;0;
13441;3677957;1184968704;22138880;1384910848;0;0;0;0;0;0;0;0;0;0;0;3296;0;0;125;0;42;0;
13442;5235058;1184968704;22138880;1384910848;0;0;0;0;0;0;0;0;0;0;0;3396;0;0;125;0;42;0;
13443;4388520;1178095616;14643200;1377415168;0;0;0;0;0;0;0;0;0;0;0;4448;0;0;125;0;42;0;
13444;4951816;1178095616;14643200;1377415168;0;0;0;0;0;0;0;0;0;0;0;2966;0;0;125;0;42;0;
13445;5053357;1178095616;14643200;1377415168;0;0;0;0;0;0;0;0;0;0;0;5410;0;0;125;0;42;0;
13446;5595243;1178095616;14643200;1377415168;0;0;0;0;0;0;0;0;0;0;0;4709;0;0;125;0;42;0;
13447;4205146;1178095616;14643200;1377415168;0;0;0;0;0;0;0;0;0;0;0;4299;0;0;125;0;42;0;
13448;4915609;1178095616;14643200;1377415168;0;0;0;0;0;0;0;0;0;0;0;2835;0;0;125;0;42;0;
13449;5317002;1178095616;14643200;1377415168;0;0;0;0;0;0;0;0;0;0;0;6282;0;0;125;0;42;0;
13450;5147203;1178095616;14643200;1377415168;0;0;0;0;0;0;0;0;0;0;0;2385;0;0;125;0;42;0;
13451;5382634;1178095616;14643200;1377415168;0;0;0;0;0;0;0;0;0;0;0;5491;0;0;125;0;42;0;
13452;5355764;1178095616;14643200;1377415168;0;0;0;0;0;0;0;0;0;0;0;2966;0;0;125;0;42;0;
13453;5314517;1178095616;14643200;1377415168;0;0;0;0;0;0;0;0;0;0;0;6702;0;0;125;0;42;0;
13454;5275203;1178095616;14643200;1377415168;0;0;0;0;0;0;0;0;0;0;0;3216;0;0;125;0;42;0;
13455;3925802;1178095616;14643200;1377415168;0;0;0;0;0;0;0;0;0;0;0;2395;0;0;125;0;42;0;
13456;4861056;1178095616;14643200;1377415168;0;0;0;0;0;0;0;0;0;0;0;1994;0;0;125;0;42;0;
13457;3124520;1178095616;14643200;1377415168;0;0;0;0;0;0;0;0;0;0;0;1994;0;0;125;0;42;0;
13458;4563408;1178095616;14643200;1377415168;0;0;0;0;0;0;0;0;0;0;0;2014;0;0;125;0;42;0;
13459;3880006;1178095616;14643200;1377415168;0;0;0;0;0;0;0;0;0;0;0;2765;0;0;125;0;42;0;
13460;5947634;1181536256;22138880;1384910848;0;0;0;0;0;0;0;0;0;0;0;3015;0;0;125;0;42;0;
13461;4268566;1183633408;22138880;1384910848;0;0;0;0;0;0;0;0;0;0;0;2595;0;0;125;0;42;0;
13462;5332591;1184980992;22138880;1384910848;0;0;0;0;0;0;0;0;0;0;0;2044;0;0;125;0;42;0;
13463;4485722;1184980992;22138880;1384910848;0;0;0;0;0;0;0;0;0;0;0;2595;0;0;125;0;42;0;
13464;4525257;1184980992;22138880;1384910848;0;0;0;0;0;0;0;0;0;0;0;2695;0;0;125;0;42;0;
13465;2962275;1184980992;22138880;1384910848;0;0;0;0;0;0;0;0;0;0;0;2925;0;0;125;0;42;0;
13466;4529945;1184980992;22138880;1384910848;0;0;0;0;0;0;0;0;0;0;0;2144;0;0;125;0;42;0;
13467;4371428;1178107904;14176256;1376948224;0;0;0;0;0;0;0;0;0;0;0;2434;0;0;125;0;42;0;
13468;4547348;1178107904;14176256;1376948224;0;0;0;0;0;0;0;0;0;0;0;2395;0;0;125;0;42;0;
13469;3292114;1178107904;14176256;1376948224;0;0;0;0;0;0;0;0;0;0;0;2444;0;0;125;0;42;0;
13470;4935436;1178107904;14176256;1376948224;0;0;0;0;0;0;0;0;0;0;0;2735;0;0;125;0;42;0;
13471;3467803;1178107904;14176256;1376948224;0;0;0;0;0;0;0;0;0;0;0;2876;0;0;125;0;42;0;
13472;4574328;1178107904;14176256;1376948224;0;0;0;0;0;0;0;0;0;0;0;2355;0;0;125;0;42;0;
13473;2665549;1178107904;14176256;1376948224;0;0;0;0;0;0;0;0;0;0;0;2424;0;0;125;0;42;0;
13474;4474982;1178107904;14176256;1376948224;0;0;0;0;0;0;0;0;0;0;0;1783;0;0;125;0;42;0;
13475;3789838;1178107904;14176256;1376948224;0;0;0;0;0;0;0;0;0;0;0;2685;0;0;125;0;42;0;
13476;4391085;1178107904;14176256;1376948224;0;0;0;0;0;0;0;0;0;0;0;2144;0;0;125;0;42;0;
13477;3078434;1178107904;14176256;1376948224;0;0;0;0;0;0;0;0;0;0;0;3056;0;0;125;0;42;0;
13478;4655050;1178107904;14176256;1376948224;0;0;0;0;0;0;0;0;0;0;0;2044;0;0;125;0;42;0;
13479;3586727;1178107904;14176256;1376948224;0;0;0;0;0;0;0;0;0;0;0;2886;0;0;125;0;42;0;
13480;4711065;1178107904;14176256;1376948224;0;0;0;0;0;0;0;0;0;0;0;2464;0;0;125;0;42;0;
13481;3619317;1178107904;14176256;1376948224;0;0;0;0;0;0;0;0;0;0;0;2194;0;0;125;0;42;0;
13482;6105660;1181818880;22138880;1384910848;0;0;0;0;0;0;0;0;0;0;0;2355;0;0;125;0;42;0;
13483;7936694;1183916032;22138880;1384910848;0;0;0;0;0;0;0;0;0;0;0;7344;0;0;125;0;42;0;
13484;6189588;1184993280;22138880;1384910848;0;0;0;0;0;0;0;0;0;0;0;4559;0;0;125;0;42;0;
13485;6673656;1184993280;22138880;1384910848;0;0;0;0;0;0;0;0;0;0;0;7024;0;0;125;0;42;0;
13486;5217675;1184993280;22138880;1384910848;0;0;0;0;0;0;0;0;0;0;0;4048;0;0;125;0;42;0;
13487;6051109;1184993280;22138880;1384910848;0;0;0;0;0;0;0;0;0;0;0;6041;0;0;125;0;42;0;
13488;5392042;1184993280;22138880;1384910848;0;0;0;0;0;0;0;0;0;0;0;5110;0;0;125;0;42;0;
13489;5950029;1178120192;14643200;1377415168;0;0;0;0;0;0;0;0;0;0;0;5631;0;0;125;0;42;0;
13490;5183491;1178120192;14643200;1377415168;0;0;0;0;0;0;0;0;0;0;0;5260;0;0;125;0;42;0;
13491;4221387;1178120192;14643200;1377415168;0;0;0;0;0;0;0;0;0;0;0;30828;0;0;125;0;42;0;
13492;5490146;1178120192;14643200;1377415168;0;0;0;0;0;0;0;0;0;0;0;4007;0;0;125;0;42;0;
13493;4605598;1178120192;14643200;1377415168;0;0;0;0;0;0;0;0;0;0;0;3907;0;0;125;0;42;0;
13494;5107078;1178120192;14643200;1377415168;0;0;0;0;0;0;0;0;0;0;0;4288;0;0;125;0;42;0;
13495;4672112;1178120192;14643200;1377415168;0;0;0;0;0;0;0;0;0;0;0;4278;0;0;125;0;42;0;
13496;4867177;1178120192;14643200;1377415168;0;0;0;0;0;0;0;0;0;0;0;3246;0;0;125;0;42;0;
13497;4339959;1178120192;14643200;1377415168;0;0;0;0;0;0;0;0;0;0;0;4217;0;0;125;0;42;0;
13498;5126864;1178120192;14643200;1377415168;0;0;0;0;0;0;0;0;0;0;0;3266;0;0;125;0;42;0;
13499;3768558;1178120192;14643200;1377415168;0;0;0;0;0;0;0;0;0;0;0;3126;0;0;125;0;42;0;
13500;4359906;1178120192;14643200;1377415168;0;0;0;0;0;0;0;0;0;0;0;2756;0;0;125;0;42;0;
13501;2680667;1178120192;14643200;1377415168;0;0;0;0;0;0;0;0;0;0;0;2855;0;0;125;0;42;0;
13502;4667153;1178120192;14643200;1377415168;0;0;0;0;0;0;0;0;0;0;0;2334;0;0;125;0;42;0;
13503;4305986;1178120192;14643200;1377415168;0;0;0;0;0;0;0;0;0;0;0;4058;0;0;125;0;42;0;
13504;5140090;1178120192;14643200;1377415168;0;0;0;0;0;0;0;0;0;0;0;3336;0;0;125;0;42;0;
13505;4624292;1178120192;14643200;1377415168;0;0;0;0;0;0;0;0;0;0;0;3086;0;0;125;0;42;0;
13506;5668470;1181560832;22138880;1384910848;0;0;0;0;0;0;0;0;0;0;0;2815;0;0;125;0;42;0;
13507;3810636;1183657984;22138880;1384910848;0;0;0;0;0;0;0;0;0;0;0;3397;0;0;125;0;42;0;
13508;5373417;1185005568;22138880;1384910848;0;0;0;0;0;0;0;0;0;0;0;3196;0;0;125;0;42;0;
13509;3524710;1185005568;22138880;1384910848;0;0;0;0;0;0;0;0;0;0;0;3406;0;0;125;0;42;0;
13510;4836199;1185005568;22138880;1384910848;0;0;0;0;0;0;0;0;0;0;0;3146;0;0;125;0;42;0;
13511;3992417;1185005568;22138880;1384910848;0;0;0;0;0;0;0;0;0;0;0;3016;0;0;125;0;42;0;
13512;4743216;1185005568;22138880;1384910848;0;0;0;0;0;0;0;0;0;0;0;2835;0;0;125;0;42;0;
13513;5579604;1178132480;14176256;1376948224;0;0;0;0;0;0;0;0;0;0;0;5710;0;0;125;0;42;0;
13514;5591025;1178132480;14176256;1376948224;0;0;0;0;0;0;0;0;0;0;0;2615;0;0;125;0;42;0;
13515;3904062;1178132480;14176256;1376948224;0;0;0;0;0;0;0;0;0;0;0;2685;0;0;125;0;42;0;
13516;5311792;1178132480;14176256;1376948224;0;0;0;0;0;0;0;0;0;0;0;2285;0;0;125;0;42;0;
13517;4333878;1178132480;14176256;1376948224;0;0;0;0;0;0;0;0;0;0;0;2454;0;0;125;0;42;0;
13518;5663291;1178132480;14176256;1376948224;0;0;0;0;0;0;0;0;0;0;0;2024;0;0;125;0;42;0;
13519;6667494;1178132480;14176256;1376948224;0;0;0;0;0;0;0;0;0;0;0;6081;0;0;125;0;42;0;
13520;5920864;1178132480;14176256;1376948224;0;0;0;0;0;0;0;0;0;0;0;3496;0;0;125;0;42;0;
13521;4867038;1178132480;14176256;1376948224;0;0;0;0;0;0;0;0;0;0;0;3517;0;0;125;0;42;0;
13522;5021798;1178132480;14176256;1376948224;0;0;0;0;0;0;0;0;0;0;0;3076;0;0;125;0;42;0;
13523;5370853;1178132480;14176256;1376948224;0;0;0;0;0;0;0;0;0;0;0;3316;0;0;125;0;42;0;
13524;5131143;1178132480;14176256;1376948224;0;0;0;0;0;0;0;0;0;0;0;2985;0;0;125;0;42;0;
13525;4016352;1178132480;14176256;1376948224;0;0;0;0;0;0;0;0;0;0;0;3256;0;0;125;0;42;0;
13526;5072663;1178132480;14176256;1376948224;0;0;0;0;0;0;0;0;0;0;0;3527;0;0;125;0;42;0;
13527;4365387;1178132480;14176256;1376948224;0;0;0;0;0;0;0;0;0;0;0;2855;0;0;125;0;42;0;
13528;4695666;1178132480;14176256;1376948224;0;0;0;0;0;0;0;0;0;0;0;3356;0;0;125;0;42;0;
13529;4576312;1178132480;14176256;1376948224;0;0;0;0;0;0;0;0;0;0;0;3527;0;0;125;0;42;0;
13530;7039522;1181843456;22138880;1384910848;0;0;0;0;0;0;0;0;0;0;0;3606;0;0;125;0;42;0;
13531;4402667;1183940608;22138880;1384910848;0;0;0;0;0;0;0;0;0;0;0;4649;0;0;125;0;42;0;
13532;5782765;1185017856;22138880;1384910848;0;0;0;0;0;0;0;0;0;0;0;2595;0;0;125;0;42;0;
13533;4904177;1185017856;22138880;1384910848;0;0;0;0;0;0;0;0;0;0;0;3337;0;0;125;0;42;0;
13534;5107138;1185017856;22138880;1384910848;0;0;0;0;0;0;0;0;0;0;0;2595;0;0;125;0;42;0;
13535;4418245;1185017856;22138880;1384910848;0;0;0;0;0;0;0;0;0;0;0;3276;0;0;125;0;42;0;
13536;5157462;1185017856;22138880;1384910848;0;0;0;0;0;0;0;0;0;0;0;3286;0;0;125;0;42;0;
13537;4545425;1178144768;14643200;1377415168;0;0;0;0;0;0;0;0;0;0;0;3366;0;0;125;0;42;0;
13538;5150740;1178144768;14643200;1377415168;0;0;0;0;0;0;0;0;0;0;0;2234;0;0;125;0;42;0;
13539;4229723;1178144768;14643200;1377415168;0;0;0;0;0;0;0;0;0;0;0;3426;0;0;125;0;42;0;
13540;5289650;1178144768;14643200;1377415168;0;0;0;0;0;0;0;0;0;0;0;3116;0;0;125;0;42;0;
13541;4119756;1178144768;14643200;1377415168;0;0;0;0;0;0;0;0;0;0;0;3646;0;0;125;0;42;0;
13542;4852951;1178144768;14643200;1377415168;0;0;0;0;0;0;0;0;0;0;0;2685;0;0;125;0;42;0;
13543;4619754;1178144768;14643200;1377415168;0;0;0;0;0;0;0;0;0;0;0;3897;0;0;125;0;42;0;
13544;4956505;1178144768;14643200;1377415168;0;0;0;0;0;0;0;0;0;0;0;3256;0;0;125;0;42;0;
13545;4357843;1178144768;14643200;1377415168;0;0;0;0;0;0;0;0;0;0;0;3707;0;0;125;0;42;0;
13546;4758314;1178144768;14643200;1377415168;0;0;0;0;0;0;0;0;0;0;0;2745;0;0;125;0;42;0;
13547;4554701;1178144768;14643200;1377415168;0;0;0;0;0;0;0;0;0;0;0;3717;0;0;125;0;42;0;
13548;4802106;1178144768;14643200;1377415168;0;0;0;0;0;0;0;0;0;0;0;2735;0;0;125;0;42;0;
13549;3918719;1178144768;14643200;1377415168;0;0;0;0;0;0;0;0;0;0;0;3576;0;0;125;0;42;0;
13550;4665900;1178144768;14643200;1377415168;0;0;0;0;0;0;0;0;0;0;0;2846;0;0;125;0;42;0;
13551;4092325;1178144768;14643200;1377415168;0;0;0;0;0;0;0;0;0;0;0;3306;0;0;125;0;42;0;
13552;5945320;1181585408;22138880;1384910848;0;0;0;0;0;0;0;0;0;0;0;3166;0;0;125;0;42;0;
13553;4759305;1183682560;22138880;1384910848;0;0;0;0;0;0;0;0;0;0;0;3677;0;0;125;0;42;0;
13554;5426456;1185030144;22138880;1384910848;0;0;0;0;0;0;0;0;0;0;0;3016;0;0;125;0;42;0;
13555;4263015;1185030144;22138880;1384910848;0;0;0;0;0;0;0;0;0;0;0;3897;0;0;125;0;42;0;
13556;4560102;1185030144;22138880;1384910848;0;0;0;0;0;0;0;0;0;0;0;3086;0;0;125;0;42;0;
13557;4548420;1185030144;22138880;1384910848;0;0;0;0;0;0;0;0;0;0;0;3727;0;0;125;0;42;0;
13558;5307353;1185030144;22138880;1384910848;0;0;0;0;0;0;0;0;0;0;0;10119;0;0;125;0;42;0;
13559;4509367;1178157056;14176256;1376948224;0;0;0;0;0;0;0;0;0;0;0;3386;0;0;125;0;42;0;
13560;5082311;1178157056;14176256;1376948224;0;0;0;0;0;0;0;0;0;0;0;3176;0;0;125;0;42;0;
13561;4201620;1178157056;14176256;1376948224;0;0;0;0;0;0;0;0;0;0;0;3296;0;0;125;0;42;0;
13562;5149277;1178157056;14176256;1376948224;0;0;0;0;0;0;0;0;0;0;0;2786;0;0;125;0;42;0;
13563;4813387;1178157056;14176256;1376948224;0;0;0;0;0;0;0;0;0;0;0;70853;0;0;125;0;42;0;
13564;4956065;1178157056;14176256;1376948224;0;0;0;0;0;0;0;0;0;0;0;3297;0;0;125;0;42;0;
13565;4536437;1178157056;14176256;1376948224;0;0;0;0;0;0;0;0;0;0;0;3877;0;0;125;0;42;0;
13566;5009775;1178157056;14176256;1376948224;0;0;0;0;0;0;0;0;0;0;0;2494;0;0;125;0;42;0;
13567;4522451;1178157056;14176256;1376948224;0;0;0;0;0;0;0;0;0;0;0;3577;0;0;125;0;42;0;
13568;4688773;1178157056;14176256;1376948224;0;0;0;0;0;0;0;0;0;0;0;3266;0;0;125;0;42;0;
13569;4545464;1178157056;14176256;1376948224;0;0;0;0;0;0;0;0;0;0;0;3015;0;0;125;0;42;0;
13570;4882667;1178157056;14176256;1376948224;0;0;0;0;0;0;0;0;0;0;0;2535;0;0;125;0;42;0;
13571;4793700;1178157056;14176256;1376948224;0;0;0;0;0;0;0;0;0;0;0;3467;0;0;125;0;42;0;
13572;4887225;1178157056;14176256;1376948224;0;0;0;0;0;0;0;0;0;0;0;2995;0;0;125;0;42;0;
13573;4767561;1178157056;14176256;1376948224;0;0;0;0;0;0;0;0;0;0;0;3256;0;0;125;0;42;0;
13574;5243223;1178157056;14176256;1376948224;0;0;0;0;0;0;0;0;0;0;0;2695;0;0;125;0;42;0;
13575;3794386;1178157056;14176256;1376948224;0;0;0;0;0;0;0;0;0;0;0;3086;0;0;125;0;42;0;
13576;5660776;1181868032;22138880;1384910848;0;0;0;0;0;0;0;0;0;0;0;3376;0;0;125;0;42;0;
13577;4546837;1183965184;22138880;1384910848;0;0;0;0;0;0;0;0;0;0;0;3627;0;0;125;0;42;0;
13578;5280744;1185042432;22138880;1384910848;0;0;0;0;0;0;0;0;0;0;0;2835;0;0;125;0;42;0;
13579;5066622;1185042432;22138880;1384910848;0;0;0;0;0;0;0;0;0;0;0;3496;0;0;125;0;42;0;
13580;5016288;1185042432;22138880;1384910848;0;0;0;0;0;0;0;0;0;0;0;3096;0;0;125;0;42;0;
13581;4490090;1185042432;22138880;1384910848;0;0;0;0;0;0;0;0;0;0;0;11722;0;0;125;0;42;0;
13582;5160348;1185042432;22138880;1384910848;0;0;0;0;0;0;0;0;0;0;0;2665;0;0;125;0;42;0;
13583;4610797;1178169344;14643200;1377415168;0;0;0;0;0;0;0;0;0;0;0;3497;0;0;125;0;42;0;
13584;6211319;1178169344;14643200;1377415168;0;0;0;0;0;0;0;0;0;0;0;2935;0;0;125;0;42;0;
13585;4905189;1178169344;14643200;1377415168;0;0;0;0;0;0;0;0;0;0;0;3085;0;0;125;0;42;0;
13586;5398234;1178169344;14643200;1377415168;0;0;0;0;0;0;0;0;0;0;0;2795;0;0;125;0;42;0;
13587;5135180;1178169344;14643200;1377415168;0;0;0;0;0;0;0;0;0;0;0;3146;0;0;125;0;42;0;
13588;4805422;1178169344;14643200;1377415168;0;0;0;0;0;0;0;0;0;0;0;2926;0;0;125;0;42;0;
13589;4542169;1178169344;14643200;1377415168;0;0;0;0;0;0;0;0;0;0;0;4488;0;0;125;0;42;0;
13590;5037157;1178169344;14643200;1377415168;0;0;0;0;0;0;0;0;0;0;0;3666;0;0;125;0;42;0;
13591;4888428;1178169344;14643200;1377415168;0;0;0;0;0;0;0;0;0;0;0;3406;0;0;125;0;42;0;
13592;4816603;1178169344;14643200;1377415168;0;0;0;0;0;0;0;0;0;0;0;2535;0;0;125;0;42;0;
13593;4447130;1178169344;14643200;1377415168;0;0;0;0;0;0;0;0;0;0;0;3616;0;0;125;0;42;0;
13594;4918113;1178169344;14643200;1377415168;0;0;0;0;0;0;0;0;0;0;0;2605;0;0;125;0;42;0;
13595;4757873;1178169344;14643200;1377415168;0;0;0;0;0;0;0;0;0;0;0;3787;0;0;125;0;42;0;
13596;5153495;1178169344;14643200;1377415168;0;0;0;0;0;0;0;0;0;0;0;3356;0;0;125;0;42;0;
13597;4699333;1178169344;14643200;1377415168;0;0;0;0;0;0;0;0;0;0;0;3337;0;0;125;0;42;0;
13598;4856969;1178169344;14643200;1377415168;0;0;0;0;0;0;0;0;0;0;0;2936;0;0;125;0;42;0;
13599;4679505;1178169344;14643200;1377415168;0;0;0;0;0;0;0;0;0;0;0;3717;0;0;125;0;42;0;
13600;6252095;1181609984;22138880;1384910848;0;0;0;0;0;0;0;0;0;0;0;2445;0;0;125;0;42;0;
13601;6565162;1183707136;22138880;1384910848;0;0;0;0;0;0;0;0;0;0;0;4488;0;0;125;0;42;0;
13602;11326772;1185054720;22138880;1384910848;0;0;0;0;0;0;0;0;0;0;0;2215;0;0;125;0;42;0;
13603;5141833;1185054720;22138880;1384910848;0;0;0;0;0;0;0;0;0;0;0;3817;0;0;125;0;42;0;
13604;4714882;1185054720;22138880;1384910848;0;0;0;0;0;0;0;0;0;0;0;3386;0;0;125;0;42;0;
13605;4455416;1185054720;22138880;1384910848;0;0;0;0;0;0;0;0;0;0;0;3777;0;0;125;0;42;0;
13606;5447135;1185054720;22138880;1384910848;0;0;0;0;0;0;0;0;0;0;0;2955;0;0;125;0;42;0;
13607;5459008;1178181632;14176256;1376948224;0;0;0;0;0;0;0;0;0;0;0;3176;0;0;125;0;42;0;
13608;5233335;1178181632;14176256;1376948224;0;0;0;0;0;0;0;0;0;0;0;3266;0;0;125;0;42;0;
13609;5328353;1178181632;14176256;1376948224;0;0;0;0;0;0;0;0;0;0;0;4128;0;0;125;0;42;0;
13610;5138777;1178181632;14176256;1376948224;0;0;0;0;0;0;0;0;0;0;0;2816;0;0;125;0;42;0;
13611;4531689;1178181632;14176256;1376948224;0;0;0;0;0;0;0;0;0;0;0;3867;0;0;125;0;42;0;
13612;5280883;1178181632;14176256;1376948224;0;0;0;0;0;0;0;0;0;0;0;3256;0;0;125;0;42;0;
13613;4325041;1178181632;14176256;1376948224;0;0;0;0;0;0;0;0;0;0;0;3607;0;0;125;0;42;0;
13614;5620320;1178181632;14176256;1376948224;0;0;0;0;0;0;0;0;0;0;0;3246;0;0;125;0;42;0;
13615;5510023;1178181632;14176256;1376948224;0;0;0;0;0;0;0;0;0;0;0;3406;0;0;125;0;42;0;
13616;5438319;1178181632;14176256;1376948224;0;0;0;0;0;0;0;0;0;0;0;3196;0;0;125;0;42;0;
13617;5393866;1178181632;14176256;1376948224;0;0;0;0;0;0;0;0;0;0;0;3797;0;0;125;0;42;0;
13618;5112538;1178181632;14176256;1376948224;0;0;0;0;0;0;0;0;0;0;0;3066;0;0;125;0;42;0;
13619;6039467;1178181632;14176256;1376948224;0;0;0;0;0;0;0;0;0;0;0;4057;0;0;125;0;42;0;
13620;5756255;1178181632;14176256;1376948224;0;0;0;0;0;0;0;0;0;0;0;3055;0;0;125;0;42;0;
13621;4706636;1178181632;14176256;1376948224;0;0;0;0;0;0;0;0;0;0;0;3546;0;0;125;0;42;0;
13622;7092251;1181892608;22138880;1384910848;0;0;0;0;0;0;0;0;0;0;0;3757;0;0;125;0;42;0;
13623;7612706;1183989760;22138880;1384910848;0;0;0;0;0;0;0;0;0;0;0;7133;0;0;125;0;42;0;
13624;6125808;1185067008;22138880;1384910848;0;0;0;0;0;0;0;0;0;0;0;3246;0;0;125;0;42;0;
13625;5289560;1185067008;22138880;1384910848;0;0;0;0;0;0;0;0;0;0;0;3426;0;0;125;0;42;0;
13626;5259784;1185067008;22138880;1384910848;0;0;0;0;0;0;0;0;0;0;0;3216;0;0;125;0;42;0;
13627;4927211;1185067008;22138880;1384910848;0;0;0;0;0;0;0;0;0;0;0;2945;0;0;125;0;42;0;
13628;5358099;1185067008;22138880;1384910848;0;0;0;0;0;0;0;0;0;0;0;2765;0;0;125;0;42;0;
13629;4997583;1178193920;14643200;1377415168;0;0;0;0;0;0;0;0;0;0;0;3196;0;0;125;0;42;0;
13630;5288308;1178193920;14643200;1377415168;0;0;0;0;0;0;0;0;0;0;0;2725;0;0;125;0;42;0;
13631;4602631;1178193920;14643200;1377415168;0;0;0;0;0;0;0;0;0;0;0;3387;0;0;125;0;42;0;
13632;5216693;1178193920;14643200;1377415168;0;0;0;0;0;0;0;0;0;0;0;2886;0;0;125;0;42;0;
13633;4489480;1178193920;14643200;1377415168;0;0;0;0;0;0;0;0;0;0;0;3567;0;0;125;0;42;0;
13634;6137841;1178193920;14643200;1377415168;0;0;0;0;0;0;0;0;0;0;0;2945;0;0;125;0;42;0;
13635;6884401;1178193920;14643200;1377415168;0;0;0;0;0;0;0;0;0;0;0;3727;0;0;125;0;42;0;
13636;5616292;1178193920;14643200;1377415168;0;0;0;0;0;0;0;0;0;0;0;2735;0;0;125;0;42;0;
13637;4757252;1178193920;14643200;1377415168;0;0;0;0;0;0;0;0;0;0;0;3777;0;0;125;0;42;0;
13638;5189051;1178193920;14643200;1377415168;0;0;0;0;0;0;0;0;0;0;0;2685;0;0;125;0;42;0;
13639;5033670;1178193920;14643200;1377415168;0;0;0;0;0;0;0;0;0;0;0;4248;0;0;125;0;42;0;
13640;5114491;1178193920;14643200;1377415168;0;0;0;0;0;0;0;0;0;0;0;3176;0;0;125;0;42;0;
13641;5143557;1178193920;14643200;1377415168;0;0;0;0;0;0;0;0;0;0;0;2725;0;0;125;0;42;0;
13642;5102179;1178193920;14643200;1377415168;0;0;0;0;0;0;0;0;0;0;0;3026;0;0;125;0;42;0;
13643;4865885;1178193920;14643200;1377415168;0;0;0;0;0;0;0;0;0;0;0;2545;0;0;125;0;42;0;
13644;5349002;1178193920;14643200;1377415168;0;0;0;0;0;0;0;0;0;0;0;3056;0;0;125;0;42;0;
13645;4901021;1178193920;14643200;1377415168;0;0;0;0;0;0;0;0;0;0;0;3496;0;0;125;0;42;0;
13646;6594988;1181634560;22138880;1384910848;0;0;0;0;0;0;0;0;0;0;0;3557;0;0;125;0;42;0;
13647;4963900;1183731712;22138880;1384910848;0;0;0;0;0;0;0;0;0;0;0;3997;0;0;125;0;42;0;
13648;5692826;1185079296;22138880;1384910848;0;0;0;0;0;0;0;0;0;0;0;3056;0;0;125;0;42;0;
13649;4520998;1185079296;22138880;1384910848;0;0;0;0;0;0;0;0;0;0;0;2855;0;0;125;0;42;0;
13650;5181918;1185079296;22138880;1384910848;0;0;0;0;0;0;0;0;0;0;0;2615;0;0;125;0;42;0;
13651;3617574;1185079296;22138880;1384910848;0;0;0;0;0;0;0;0;0;0;0;3066;0;0;125;0;42;0;
13652;4731223;1185079296;22138880;1384910848;0;0;0;0;0;0;0;0;0;0;0;2675;0;0;125;0;42;0;
13653;4146847;1178206208;14176256;1376948224;0;0;0;0;0;0;0;0;0;0;0;2856;0;0;125;0;42;0;
13654;5056563;1178206208;14176256;1376948224;0;0;0;0;0;0;0;0;0;0;0;3046;0;0;125;0;42;0;
13655;3500114;1178206208;14176256;1376948224;0;0;0;0;0;0;0;0;0;0;0;3347;0;0;125;0;42;0;
13656;4967336;1178206208;14176256;1376948224;0;0;0;0;0;0;0;0;0;0;0;2565;0;0;125;0;42;0;
13657;4356640;1178206208;14176256;1376948224;0;0;0;0;0;0;0;0;0;0;0;3016;0;0;125;0;42;0;
13658;4673845;1178206208;14176256;1376948224;0;0;0;0;0;0;0;0;0;0;0;2945;0;0;125;0;42;0;
13659;3795107;1178206208;14176256;1376948224;0;0;0;0;0;0;0;0;0;0;0;3306;0;0;125;0;42;0;
13660;5218888;1178206208;14176256;1376948224;0;0;0;0;0;0;0;0;0;0;0;2695;0;0;125;0;42;0;
13661;4682160;1178206208;14176256;1376948224;0;0;0;0;0;0;0;0;0;0;0;3026;0;0;125;0;42;0;
13662;4746812;1178206208;14176256;1376948224;0;0;0;0;0;0;0;0;0;0;0;2765;0;0;125;0;42;0;
13663;4340610;1178206208;14176256;1376948224;0;0;0;0;0;0;0;0;0;0;0;3417;0;0;125;0;42;0;
13664;6173859;1178206208;14176256;1376948224;0;0;0;0;0;0;0;0;0;0;0;2976;0;0;125;0;42;0;
13665;4112712;1178206208;14176256;1376948224;0;0;0;0;0;0;0;0;0;0;0;3096;0;0;125;0;42;0;
13666;4877918;1178206208;14176256;1376948224;0;0;0;0;0;0;0;0;0;0;0;2925;0;0;125;0;42;0;
13667;4144793;1178206208;14176256;1376948224;0;0;0;0;0;0;0;0;0;0;0;3136;0;0;125;0;42;0;
13668;4985780;1178206208;14176256;1376948224;0;0;0;0;0;0;0;0;0;0;0;2725;0;0;125;0;42;0;
13669;3980865;1178206208;14176256;1376948224;0;0;0;0;0;0;0;0;0;0;0;2956;0;0;125;0;42;0;
13670;5594532;1181917184;22138880;1384910848;0;0;0;0;0;0;0;0;0;0;0;3286;0;0;125;0;42;0;
13671;4866186;1184014336;22138880;1384910848;0;0;0;0;0;0;0;0;0;0;0;4528;0;0;125;0;42;0;
13672;5703817;1185091584;22138880;1384910848;0;0;0;0;0;0;0;0;0;0;0;2785;0;0;125;0;42;0;
13673;4108665;1185091584;22138880;1384910848;0;0;0;0;0;0;0;0;0;0;0;3837;0;0;125;0;42;0;
13674;5008553;1185091584;22138880;1384910848;0;0;0;0;0;0;0;0;0;0;0;2565;0;0;125;0;42;0;
13675;4397868;1185091584;22138880;1384910848;0;0;0;0;0;0;0;0;0;0;0;3146;0;0;125;0;42;0;
13676;5752849;1185091584;22138880;1384910848;0;0;0;0;0;0;0;0;0;0;0;2475;0;0;125;0;42;0;
13677;5563684;1178218496;14643200;1377415168;0;0;0;0;0;0;0;0;0;0;0;3257;0;0;125;0;42;0;
13678;5608818;1178218496;14643200;1377415168;0;0;0;0;0;0;0;0;0;0;0;2675;0;0;125;0;42;0;
13679;5178641;1178218496;14643200;1377415168;0;0;0;0;0;0;0;0;0;0;0;3236;0;0;125;0;42;0;
13680;5037978;1178218496;14643200;1377415168;0;0;0;0;0;0;0;0;0;0;0;3106;0;0;125;0;42;0;
13681;5338541;1178218496;14643200;1377415168;0;0;0;0;0;0;0;0;0;0;0;3216;0;0;125;0;42;0;
13682;4954482;1178218496;14643200;1377415168;0;0;0;0;0;0;0;0;0;0;0;2655;0;0;125;0;42;0;
13683;4100880;1178218496;14643200;1377415168;0;0;0;0;0;0;0;0;0;0;0;3287;0;0;125;0;42;0;
13684;5610963;1178218496;14643200;1377415168;0;0;0;0;0;0;0;0;0;0;0;3015;0;0;125;0;42;0;
13685;4667203;1178218496;14643200;1377415168;0;0;0;0;0;0;0;0;0;0;0;3066;0;0;125;0;42;0;
13686;5661177;1178218496;14643200;1377415168;0;0;0;0;0;0;0;0;0;0;0;2685;0;0;125;0;42;0;
13687;4843513;1178218496;14643200;1377415168;0;0;0;0;0;0;0;0;0;0;0;3106;0;0;125;0;42;0;
13688;5041305;1178218496;14643200;1377415168;0;0;0;0;0;0;0;0;0;0;0;3126;0;0;125;0;42;0;
13689;3175706;1178218496;14643200;1377415168;0;0;0;0;0;0;0;0;0;0;0;3216;0;0;125;0;42;0;
13690;4892956;1178218496;14643200;1377415168;0;0;0;0;0;0;0;0;0;0;0;3016;0;0;125;0;42;0;
13691;4142739;1178218496;14643200;1377415168;0;0;0;0;0;0;0;0;0;0;0;2856;0;0;125;0;42;0;
13692;5985465;1181659136;22138880;1384910848;0;0;0;0;0;0;0;0;0;0;0;3277;0;0;125;0;42;0;
13693;4735371;1183756288;22138880;1384910848;0;0;0;0;0;0;0;0;0;0;0;3777;0;0;125;0;42;0;
13694;6395124;1185103872;22138880;1384910848;0;0;0;0;0;0;0;0;0;0;0;3046;0;0;125;0;42;0;
13695;5045713;1185103872;22138880;1384910848;0;0;0;0;0;0;0;0;0;0;0;3196;0;0;125;0;42;0;
13696;4901592;1185103872;22138880;1384910848;0;0;0;0;0;0;0;0;0;0;0;2544;0;0;125;0;42;0;
13697;4668515;1185103872;22138880;1384910848;0;0;0;0;0;0;0;0;0;0;0;3526;0;0;125;0;42;0;
13698;4997783;1185103872;22138880;1384910848;0;0;0;0;0;0;0;0;0;0;0;3046;0;0;125;0;42;0;
13699;4686198;1178230784;14176256;1376948224;0;0;0;0;0;0;0;0;0;0;0;3236;0;0;125;0;42;0;
13700;5210862;1178230784;14176256;1376948224;0;0;0;0;0;0;0;0;0;0;0;3126;0;0;125;0;42;0;
13701;4390975;1178230784;14176256;1376948224;0;0;0;0;0;0;0;0;0;0;0;3206;0;0;125;0;42;0;
13702;5068846;1178230784;14176256;1376948224;0;0;0;0;0;0;0;0;0;0;0;2826;0;0;125;0;42;0;
13703;4581462;1178230784;14176256;1376948224;0;0;0;0;0;0;0;0;0;0;0;3046;0;0;125;0;42;0;
13704;5999912;1178230784;14176256;1376948224;0;0;0;0;0;0;0;0;0;0;0;3145;0;0;125;0;42;0;
13705;4724450;1178230784;14176256;1376948224;0;0;0;0;0;0;0;0;0;0;0;3236;0;0;125;0;42;0;
13706;5388586;1178230784;14176256;1376948224;0;0;0;0;0;0;0;0;0;0;0;2705;0;0;125;0;42;0;
13707;4198404;1178230784;14176256;1376948224;0;0;0;0;0;0;0;0;0;0;0;3516;0;0;125;0;42;0;
13708;5219619;1178230784;14176256;1376948224;0;0;0;0;0;0;0;0;0;0;0;2776;0;0;125;0;42;0;
13709;4233089;1178230784;14176256;1376948224;0;0;0;0;0;0;0;0;0;0;0;3567;0;0;125;0;42;0;
13710;5524089;1178230784;14176256;1376948224;0;0;0;0;0;0;0;0;0;0;0;2535;0;0;125;0;42;0;
13711;3952562;1178230784;14176256;1376948224;0;0;0;0;0;0;0;0;0;0;0;3677;0;0;125;0;42;0;
13712;4974148;1178230784;14176256;1376948224;0;0;0;0;0;0;0;0;0;0;0;2926;0;0;125;0;42;0;
13713;4115118;1178230784;14176256;1376948224;0;0;0;0;0;0;0;0;0;0;0;3617;0;0;125;0;42;0;
13714;5046674;1178230784;14176256;1376948224;0;0;0;0;0;0;0;0;0;0;0;2815;0;0;125;0;42;0;
13715;4945395;1178230784;14176256;1376948224;0;0;0;0;0;0;0;0;0;0;0;3266;0;0;125;0;42;0;
13716;6616198;1181941760;22138880;1384910848;0;0;0;0;0;0;0;0;0;0;0;3356;0;0;125;0;42;0;
13717;5734775;1184038912;22138880;1384910848;0;0;0;0;0;0;0;0;0;0;0;4128;0;0;125;0;42;0;
13718;5555428;1185116160;22138880;1384910848;0;0;0;0;0;0;0;0;0;0;0;2786;0;0;125;0;42;0;
13719;4285036;1185116160;22138880;1384910848;0;0;0;0;0;0;0;0;0;0;0;3106;0;0;125;0;42;0;
13720;5759912;1185116160;22138880;1384910848;0;0;0;0;0;0;0;0;0;0;0;2996;0;0;125;0;42;0;
13721;5353630;1185116160;22138880;1384910848;0;0;0;0;0;0;0;0;0;0;0;4217;0;0;125;0;42;0;
13722;5144578;1185116160;22138880;1384910848;0;0;0;0;0;0;0;0;0;0;0;2815;0;0;125;0;42;0;
13723;4659067;1178243072;14643200;1377415168;0;0;0;0;0;0;0;0;0;0;0;3186;0;0;125;0;42;0;
13724;5437407;1178243072;14643200;1377415168;0;0;0;0;0;0;0;0;0;0;0;3106;0;0;125;0;42;0;
13725;4613171;1178243072;14643200;1377415168;0;0;0;0;0;0;0;0;0;0;0;3256;0;0;125;0;42;0;
13726;4956305;1178243072;14643200;1377415168;0;0;0;0;0;0;0;0;0;0;0;2976;0;0;125;0;42;0;
13727;4366910;1178243072;14643200;1377415168;0;0;0;0;0;0;0;0;0;0;0;3326;0;0;125;0;42;0;
13728;5054219;1178243072;14643200;1377415168;0;0;0;0;0;0;0;0;0;0;0;2686;0;0;125;0;42;0;
13729;4609335;1178243072;14643200;1377415168;0;0;0;0;0;0;0;0;0;0;0;3135;0;0;125;0;42;0;
13730;5490637;1178243072;14643200;1377415168;0;0;0;0;0;0;0;0;0;0;0;2735;0;0;125;0;42;0;
13731;4693863;1178243072;14643200;1377415168;0;0;0;0;0;0;0;0;0;0;0;3507;0;0;125;0;42;0;
13732;5371113;1178243072;14643200;1377415168;0;0;0;0;0;0;0;0;0;0;0;2715;0;0;125;0;42;0;
13733;4482566;1178243072;14643200;1377415168;0;0;0;0;0;0;0;0;0;0;0;3446;0;0;125;0;42;0;
13734;5639235;1178243072;14643200;1377415168;0;0;0;0;0;0;0;0;0;0;0;3096;0;0;125;0;42;0;
13735;4825499;1178243072;14643200;1377415168;0;0;0;0;0;0;0;0;0;0;0;3727;0;0;125;0;42;0;
13736;5282296;1178243072;14643200;1377415168;0;0;0;0;0;0;0;0;0;0;0;3086;0;0;125;0;42;0;
13737;4080632;1178243072;14643200;1377415168;0;0;0;0;0;0;0;0;0;0;0;3647;0;0;125;0;42;0;
13738;7419935;1181683712;22138880;1384910848;0;0;0;0;0;0;0;0;0;0;0;3747;0;0;125;0;42;0;
13739;4421853;1183780864;22147072;1384919040;0;0;0;0;0;0;0;0;0;0;0;3386;0;0;125;0;42;0;
13740;6104438;1185398784;22147072;1384919040;0;0;0;0;0;0;0;0;0;0;0;3156;0;0;125;0;42;0;
13741;4374844;1185398784;22147072;1384919040;0;0;0;0;0;0;0;0;0;0;0;3697;0;0;125;0;42;0;
13742;4997642;1185398784;22147072;1384919040;0;0;0;0;0;0;0;0;0;0;0;2735;0;0;125;0;42;0;
13743;6405183;1185398784;22147072;1384919040;0;0;0;0;0;0;0;0;0;0;0;7223;0;0;125;0;42;0;
13744;6158520;1185398784;22147072;1384919040;0;0;0;0;0;0;0;0;0;0;0;2665;0;0;125;0;42;0;
13745;4080613;1178255360;14176256;1376948224;0;0;0;0;0;0;0;0;0;0;0;2985;0;0;125;0;42;0;
13746;5727822;1178255360;14176256;1376948224;0;0;0;0;0;0;0;0;0;0;0;2254;0;0;125;0;42;0;
13747;3314185;1178255360;14176256;1376948224;0;0;0;0;0;0;0;0;0;0;0;2564;0;0;125;0;42;0;
13748;4792869;1178255360;14176256;1376948224;0;0;0;0;0;0;0;0;0;0;0;2154;0;0;125;0;42;0;
13749;3359811;1178255360;14176256;1376948224;0;0;0;0;0;0;0;0;0;0;0;2955;0;0;125;0;42;0;
13750;5021447;1178255360;14176256;1376948224;0;0;0;0;0;0;0;0;0;0;0;2344;0;0;125;0;42;0;
13751;3123548;1178255360;14176256;1376948224;0;0;0;0;0;0;0;0;0;0;0;2625;0;0;125;0;42;0;
13752;4519997;1178255360;14176256;1376948224;0;0;0;0;0;0;0;0;0;0;0;2144;0;0;125;0;42;0;
13753;3385048;1178255360;14176256;1376948224;0;0;0;0;0;0;0;0;0;0;0;2435;0;0;125;0;42;0;
13754;4613171;1178255360;14176256;1376948224;0;0;0;0;0;0;0;0;0;0;0;2545;0;0;125;0;42;0;
13755;3379778;1178255360;14176256;1376948224;0;0;0;0;0;0;0;0;0;0;0;2915;0;0;125;0;42;0;
13756;4579479;1178255360;14176256;1376948224;0;0;0;0;0;0;0;0;0;0;0;2544;0;0;125;0;42;0;
13757;2900179;1178255360;14176256;1376948224;0;0;0;0;0;0;0;0;0;0;0;2254;0;0;125;0;42;0;
13758;5149176;1178255360;14176256;1376948224;0;0;0;0;0;0;0;0;0;0;0;2575;0;0;125;0;42;0;
13759;3166629;1178255360;14176256;1376948224;0;0;0;0;0;0;0;0;0;0;0;3025;0;0;125;0;42;0;
13760;4496803;1178255360;14176256;1376948224;0;0;0;0;0;0;0;0;0;0;0;2474;0;0;125;0;42;0;
13761;3304096;1178255360;14176256;1376948224;0;0;0;0;0;0;0;0;0;0;0;2655;0;0;125;0;42;0;
13762;5565237;1181966336;22138880;1384910848;0;0;0;0;0;0;0;0;0;0;0;3256;0;0;125;0;42;0;
13763;4472718;1184063488;22138880;1384910848;0;0;0;0;0;0;0;0;0;0;0;3817;0;0;125;0;42;0;
13764;5149397;1185411072;22138880;1384910848;0;0;0;0;0;0;0;0;0;0;0;2304;0;0;125;0;42;0;
13765;4897825;1185411072;22138880;1384910848;0;0;0;0;0;0;0;0;0;0;0;3606;0;0;125;0;42;0;
13766;5938497;1185411072;22138880;1384910848;0;0;0;0;0;0;0;0;0;0;0;3076;0;0;125;0;42;0;
13767;4515919;1185411072;22138880;1384910848;0;0;0;0;0;0;0;0;0;0;0;3617;0;0;125;0;42;0;
13768;5640408;1185411072;22138880;1384910848;0;0;0;0;0;0;0;0;0;0;0;2766;0;0;125;0;42;0;
13769;5121024;1178267648;14643200;1377415168;0;0;0;0;0;0;0;0;0;0;0;3317;0;0;125;0;42;0;
13770;5020245;1178267648;14643200;1377415168;0;0;0;0;0;0;0;0;0;0;0;3026;0;0;125;0;42;0;
13771;4658697;1178267648;14643200;1377415168;0;0;0;0;0;0;0;0;0;0;0;3437;0;0;125;0;42;0;
13772;5304919;1178267648;14643200;1377415168;0;0;0;0;0;0;0;0;0;0;0;2885;0;0;125;0;42;0;
13773;5464518;1178267648;14643200;1377415168;0;0;0;0;0;0;0;0;0;0;0;3006;0;0;125;0;42;0;
13774;4902795;1178267648;14643200;1377415168;0;0;0;0;0;0;0;0;0;0;0;2524;0;0;125;0;42;0;
13775;5196285;1178267648;14643200;1377415168;0;0;0;0;0;0;0;0;0;0;0;3266;0;0;125;0;42;0;
13776;5265074;1178267648;14643200;1377415168;0;0;0;0;0;0;0;0;0;0;0;2885;0;0;125;0;42;0;
13777;4546016;1178267648;14643200;1377415168;0;0;0;0;0;0;0;0;0;0;0;2846;0;0;125;0;42;0;
13778;5043188;1178267648;14643200;1377415168;0;0;0;0;0;0;0;0;0;0;0;2785;0;0;125;0;42;0;
13779;4872548;1178267648;14643200;1377415168;0;0;0;0;0;0;0;0;0;0;0;3165;0;0;125;0;42;0;
13780;5084385;1178267648;14643200;1377415168;0;0;0;0;0;0;0;0;0;0;0;3056;0;0;125;0;42;0;
13781;4338857;1178267648;14643200;1377415168;0;0;0;0;0;0;0;0;0;0;0;3166;0;0;125;0;42;0;
13782;5235518;1178267648;14643200;1377415168;0;0;0;0;0;0;0;0;0;0;0;2686;0;0;125;0;42;0;
13783;4564951;1178267648;14643200;1377415168;0;0;0;0;0;0;0;0;0;0;0;3096;0;0;125;0;42;0;
13784;4909256;1178267648;14643200;1377415168;0;0;0;0;0;0;0;0;0;0;0;2745;0;0;125;0;42;0;
13785;4422564;1178267648;14643200;1377415168;0;0;0;0;0;0;0;0;0;0;0;3266;0;0;125;0;42;0;
13786;6301618;1181708288;22138880;1384910848;0;0;0;0;0;0;0;0;0;0;0;3156;0;0;125;0;42;0;
13787;4379704;1183805440;22138880;1384910848;0;0;0;0;0;0;0;0;0;0;0;3767;0;0;125;0;42;0;
13788;5683839;1185423360;22138880;1384910848;0;0;0;0;0;0;0;0;0;0;0;3005;0;0;125;0;42;0;
13789;5981397;1185423360;22138880;1384910848;0;0;0;0;0;0;0;0;0;0;0;3436;0;0;125;0;42;0;
13790;4861548;1185423360;22138880;1384910848;0;0;0;0;0;0;0;0;0;0;0;3386;0;0;125;0;42;0;
13791;4454864;1185423360;22138880;1384910848;0;0;0;0;0;0;0;0;0;0;0;3216;0;0;125;0;42;0;
13792;5512228;1185423360;22138880;1384910848;0;0;0;0;0;0;0;0;0;0;0;2895;0;0;125;0;42;0;
13793;4458862;1178279936;14176256;1376948224;0;0;0;0;0;0;0;0;0;0;0;2805;0;0;125;0;42;0;
13794;5072273;1178279936;14176256;1376948224;0;0;0;0;0;0;0;0;0;0;0;2735;0;0;125;0;42;0;
13795;5272528;1178279936;14176256;1376948224;0;0;0;0;0;0;0;0;0;0;0;3456;0;0;125;0;42;0;
13796;5019925;1178279936;14176256;1376948224;0;0;0;0;0;0;0;0;0;0;0;3076;0;0;125;0;42;0;
13797;3814052;1178279936;14176256;1376948224;0;0;0;0;0;0;0;0;0;0;0;3236;0;0;125;0;42;0;
13798;5062374;1178279936;14176256;1376948224;0;0;0;0;0;0;0;0;0;0;0;2645;0;0;125;0;42;0;
13799;5642432;1178279936;14176256;1376948224;0;0;0;0;0;0;0;0;0;0;0;3446;0;0;125;0;42;0;
13800;9948037;1178279936;14176256;1376948224;0;0;0;0;0;0;0;0;0;0;0;2535;0;0;125;0;42;0;
13801;6201480;1178279936;14176256;1376948224;0;0;0;0;0;0;0;0;0;0;0;4899;0;0;125;0;42;0;
13802;5030233;1178279936;14176256;1376948224;0;0;0;0;0;0;0;0;0;0;0;2484;0;0;125;0;42;0;
13803;4031491;1178279936;14176256;1376948224;0;0;0;0;0;0;0;0;0;0;0;3036;0;0;125;0;42;0;
13804;4593164;1178279936;14176256;1376948224;0;0;0;0;0;0;0;0;0;0;0;1833;0;0;125;0;42;0;
13805;3159456;1178279936;14176256;1376948224;0;0;0;0;0;0;0;0;0;0;0;2615;0;0;125;0;42;0;
13806;5270815;1178279936;14176256;1376948224;0;0;0;0;0;0;0;0;0;0;0;2374;0;0;125;0;42;0;
13807;3288217;1178279936;14176256;1376948224;0;0;0;0;0;0;0;0;0;0;0;2274;0;0;125;0;42;0;
13808;5703977;1181990912;22138880;1384910848;0;0;0;0;0;0;0;0;0;0;0;2124;0;0;125;0;42;0;
13809;3604660;1184088064;22138880;1384910848;0;0;0;0;0;0;0;0;0;0;0;2915;0;0;125;0;42;0;
13810;5047066;1185435648;22138880;1384910848;0;0;0;0;0;0;0;0;0;0;0;2134;0;0;125;0;42;0;
13811;5869527;1185435648;22138880;1384910848;0;0;0;0;0;0;0;0;0;0;0;5751;0;0;125;0;42;0;
13812;6031231;1185435648;22138880;1384910848;0;0;0;0;0;0;0;0;0;0;0;2695;0;0;125;0;42;0;
13813;4560312;1185435648;22138880;1384910848;0;0;0;0;0;0;0;0;0;0;0;3536;0;0;125;0;42;0;
13814;5311541;1185435648;22138880;1384910848;0;0;0;0;0;0;0;0;0;0;0;3186;0;0;125;0;42;0;
13815;5486700;1178292224;14643200;1377415168;0;0;0;0;0;0;0;0;0;0;0;2985;0;0;125;0;42;0;
13816;5377636;1178292224;14643200;1377415168;0;0;0;0;0;0;0;0;0;0;0;2294;0;0;125;0;42;0;
13817;3667087;1178292224;14643200;1377415168;0;0;0;0;0;0;0;0;0;0;0;2074;0;0;125;0;42;0;
13818;4790905;1178292224;14643200;1377415168;0;0;0;0;0;0;0;0;0;0;0;2454;0;0;125;0;42;0;
13819;3258822;1178292224;14643200;1377415168;0;0;0;0;0;0;0;0;0;0;0;2074;0;0;125;0;42;0;
13820;4707879;1178292224;14643200;1377415168;0;0;0;0;0;0;0;0;0;0;0;2244;0;0;125;0;42;0;
13821;4630795;1178292224;14643200;1377415168;0;0;0;0;0;0;0;0;0;0;0;3136;0;0;125;0;42;0;
13822;5022129;1178292224;14643200;1377415168;0;0;0;0;0;0;0;0;0;0;0;3266;0;0;125;0;42;0;
13823;4313740;1178292224;14643200;1377415168;0;0;0;0;0;0;0;0;0;0;0;4017;0;0;125;0;42;0;
13824;6135416;1178292224;14643200;1377415168;0;0;0;0;0;0;0;0;0;0;0;2825;0;0;125;0;42;0;
13825;5261096;1178292224;14643200;1377415168;0;0;0;0;0;0;0;0;0;0;0;3497;0;0;125;0;42;0;
13826;5183000;1178292224;14643200;1377415168;0;0;0;0;0;0;0;0;0;0;0;3025;0;0;125;0;42;0;
13827;3757186;1178292224;14643200;1377415168;0;0;0;0;0;0;0;0;0;0;0;2855;0;0;125;0;42;0;
13828;5135371;1178292224;14643200;1377415168;0;0;0;0;0;0;0;0;0;0;0;2665;0;0;125;0;42;0;
13829;4943190;1178292224;14643200;1377415168;0;0;0;0;0;0;0;0;0;0;0;3216;0;0;125;0;42;0;
13830;4629713;1178292224;14643200;1377415168;0;0;0;0;0;0;0;0;0;0;0;2244;0;0;125;0;42;0;
13831;3672357;1178292224;14643200;1377415168;0;0;0;0;0;0;0;0;0;0;0;2745;0;0;125;0;42;0;
13832;6265741;1181732864;22138880;1384910848;0;0;0;0;0;0;0;0;0;0;0;2806;0;0;125;0;42;0;
13833;5213717;1183830016;22138880;1384910848;0;0;0;0;0;0;0;0;0;0;0;3377;0;0;125;0;42;0;
13834;5549858;1185447936;22138880;1384910848;0;0;0;0;0;0;0;0;0;0;0;2475;0;0;125;0;42;0;
13835;3773056;1185447936;22138880;1384910848;0;0;0;0;0;0;0;0;0;0;0;2725;0;0;125;0;42;0;
13836;4670960;1185447936;22138880;1384910848;0;0;0;0;0;0;0;0;0;0;0;2395;0;0;125;0;42;0;
13837;3549045;1185447936;22138880;1384910848;0;0;0;0;0;0;0;0;0;0;0;2594;0;0;125;0;42;0;
13838;5275794;1185447936;22138880;1384910848;0;0;0;0;0;0;0;0;0;0;0;2294;0;0;125;0;42;0;
13839;5336077;1178304512;14176256;1376948224;0;0;0;0;0;0;0;0;0;0;0;3186;0;0;125;0;42;0;
13840;5122987;1178304512;14176256;1376948224;0;0;0;0;0;0;0;0;0;0;0;2665;0;0;125;0;42;0;
13841;3546081;1178304512;14184448;1376956416;0;0;0;0;0;0;0;0;0;0;0;2224;0;0;125;0;42;0;
13842;5649966;1182015488;22147072;1384919040;0;0;0;0;0;0;0;0;0;0;0;2625;0;0;125;0;42;0;
13843;4309452;1184112640;22147072;1384919040;0;0;0;0;0;0;0;0;0;0;0;2675;0;0;125;0;42;0;
13844;5061913;1185460224;22147072;1384919040;0;0;0;0;0;0;0;0;0;0;0;2114;0;0;125;0;42;0;
13845;3330276;1185460224;22147072;1384919040;0;0;0;0;0;0;0;0;0;0;0;2736;0;0;125;0;42;0;
13846;4561995;1185460224;22147072;1384919040;0;0;0;0;0;0;0;0;0;0;0;2385;0;0;125;0;42;0;
13847;3714547;1185517568;22138880;1384910848;0;0;0;0;0;0;0;0;0;0;0;2835;0;0;125;0;42;0;
13848;4732996;1185517568;22138880;1384910848;0;0;0;0;0;0;0;0;0;0;0;2404;0;0;125;0;42;0;
13849;3535350;1178304512;14643200;1377415168;0;0;0;0;0;0;0;0;0;0;0;2865;0;0;125;0;42;0;
13850;5098402;1178304512;14643200;1377415168;0;0;0;0;0;0;0;0;0;0;0;2595;0;0;125;0;42;0;
13851;4467869;1178304512;14643200;1377415168;0;0;0;0;0;0;0;0;0;0;0;3407;0;0;125;0;42;0;
13852;4949052;1178304512;14643200;1377415168;0;0;0;0;0;0;0;0;0;0;0;3066;0;0;125;0;42;0;
13853;4641555;1178304512;14643200;1377415168;0;0;0;0;0;0;0;0;0;0;0;3015;0;0;125;0;42;0;
13854;6457490;1181745152;22138880;1384910848;0;0;0;0;0;0;0;0;0;0;0;2726;0;0;125;0;42;0;
13855;3876189;1183842304;22138880;1384910848;0;0;0;0;0;0;0;0;0;0;0;2765;0;0;125;0;42;0;
13856;5539027;1185460224;22138880;1384910848;0;0;0;0;0;0;0;0;0;0;0;2184;0;0;125;0;42;0;
13857;3670845;1185460224;22138880;1384910848;0;0;0;0;0;0;0;0;0;0;0;1914;0;0;125;0;42;0;
13858;4489259;1185460224;22138880;1384910848;0;0;0;0;0;0;0;0;0;0;0;2074;0;0;125;0;42;0;
13859;3136252;1185460224;22138880;1384910848;0;0;0;0;0;0;0;0;0;0;0;2495;0;0;125;0;42;0;
13860;4813577;1185460224;22138880;1384910848;0;0;0;0;0;0;0;0;0;0;0;1984;0;0;125;0;42;0;
13861;5284740;1178316800;14176256;1376948224;0;0;0;0;0;0;0;0;0;0;0;3246;0;0;125;0;42;0;
13862;5214489;1178316800;14176256;1376948224;0;0;0;0;0;0;0;0;0;0;0;3327;0;0;125;0;42;0;
13863;3459057;1178316800;14176256;1376948224;0;0;0;0;0;0;0;0;0;0;0;2935;0;0;125;0;42;0;
13864;5029061;1178316800;14176256;1376948224;0;0;0;0;0;0;0;0;0;0;0;2114;0;0;125;0;42;0;
13865;3133056;1178316800;14176256;1376948224;0;0;0;0;0;0;0;0;0;0;0;1974;0;0;125;0;42;0;
13866;4666020;1178316800;14176256;1376948224;0;0;0;0;0;0;0;0;0;0;0;2315;0;0;125;0;42;0;
13867;2887235;1178316800;14176256;1376948224;0;0;0;0;0;0;0;0;0;0;0;2585;0;0;125;0;42;0;
13868;4781678;1178316800;14176256;1376948224;0;0;0;0;0;0;0;0;0;0;0;2384;0;0;125;0;42;0;
13869;3170496;1178316800;14176256;1376948224;0;0;0;0;0;0;0;0;0;0;0;2465;0;0;125;0;42;0;
13870;4591331;1178316800;14176256;1376948224;0;0;0;0;0;0;0;0;0;0;0;2265;0;0;125;0;42;0;
13871;3763288;1178316800;14176256;1376948224;0;0;0;0;0;0;0;0;0;0;0;3297;0;0;125;0;42;0;
13872;4953049;1178316800;14176256;1376948224;0;0;0;0;0;0;0;0;0;0;0;3115;0;0;125;0;42;0;
13873;3495726;1178316800;14176256;1376948224;0;0;0;0;0;0;0;0;0;0;0;2625;0;0;125;0;42;0;
13874;4917201;1178316800;14176256;1376948224;0;0;0;0;0;0;0;0;0;0;0;2184;0;0;125;0;42;0;
13875;3121194;1178316800;14176256;1376948224;0;0;0;0;0;0;0;0;0;0;0;2515;0;0;125;0;42;0;
13876;4331774;1178316800;14176256;1376948224;0;0;0;0;0;0;0;0;0;0;0;2165;0;0;125;0;42;0;
13877;3665885;1178316800;14176256;1376948224;0;0;0;0;0;0;0;0;0;0;0;2515;0;0;125;0;42;0;
13878;5897981;1182027776;22138880;1384910848;0;0;0;0;0;0;0;0;0;0;0;2274;0;0;125;0;42;0;
13879;4054253;1184124928;22138880;1384910848;0;0;0;0;0;0;0;0;0;0;0;2786;0;0;125;0;42;0;
13880;5145710;1185472512;22138880;1384910848;0;0;0;0;0;0;0;0;0;0;0;3066;0;0;125;0;42;0;
13881;4354817;1185472512;22138880;1384910848;0;0;0;0;0;0;0;0;0;0;0;3336;0;0;125;0;42;0;
13882;4952167;1185472512;22138880;1384910848;0;0;0;0;0;0;0;0;0;0;0;2835;0;0;125;0;42;0;
13883;3470288;1185472512;22138880;1384910848;0;0;0;0;0;0;0;0;0;0;0;2545;0;0;125;0;42;0;
13884;4518584;1185472512;22138880;1384910848;0;0;0;0;0;0;0;0;0;0;0;2365;0;0;125;0;42;0;
13885;3685101;1178329088;14643200;1377415168;0;0;0;0;0;0;0;0;0;0;0;2154;0;0;125;0;42;0;
13886;4521680;1178329088;14643200;1377415168;0;0;0;0;0;0;0;0;0;0;0;2174;0;0;125;0;42;0;
13887;4069993;1178329088;14643200;1377415168;0;0;0;0;0;0;0;0;0;0;0;2996;0;0;125;0;42;0;
13888;5392072;1178329088;14643200;1377415168;0;0;0;0;0;0;0;0;0;0;0;2856;0;0;125;0;42;0;
13889;3521083;1178329088;14643200;1377415168;0;0;0;0;0;0;0;0;0;0;0;2385;0;0;125;0;42;0;
13890;4499899;1178329088;14643200;1377415168;0;0;0;0;0;0;0;0;0;0;0;2274;0;0;125;0;42;0;
13891;2699252;1178329088;14643200;1377415168;0;0;0;0;0;0;0;0;0;0;0;1953;0;0;125;0;42;0;
13892;5467654;1178329088;14643200;1377415168;0;0;0;0;0;0;0;0;0;0;0;2214;0;0;125;0;42;0;
13893;3173000;1178329088;14643200;1377415168;0;0;0;0;0;0;0;0;0;0;0;2204;0;0;125;0;42;0;
13894;4530667;1178329088;14643200;1377415168;0;0;0;0;0;0;0;0;0;0;0;2034;0;0;125;0;42;0;
13895;3857594;1178329088;14643200;1377415168;0;0;0;0;0;0;0;0;0;0;0;1973;0;0;125;0;42;0;
13896;4546066;1178329088;14643200;1377415168;0;0;0;0;0;0;0;0;0;0;0;2174;0;0;125;0;42;0;
13897;3660755;1178329088;14643200;1377415168;0;0;0;0;0;0;0;0;0;0;0;2064;0;0;125;0;42;0;
13898;4261472;1178329088;14643200;1377415168;0;0;0;0;0;0;0;0;0;0;0;2325;0;0;125;0;42;0;
13899;2804109;1178329088;14643200;1377415168;0;0;0;0;0;0;0;0;0;0;0;2204;0;0;125;0;42;0;
13900;5212966;1178329088;14643200;1377415168;0;0;0;0;0;0;0;0;0;0;0;2594;0;0;125;0;42;0;
13901;3554356;1178329088;14643200;1377415168;0;0;0;0;0;0;0;0;0;0;0;2695;0;0;125;0;42;0;
13902;5498551;1181769728;22138880;1384910848;0;0;0;0;0;0;0;0;0;0;0;2635;0;0;125;0;42;0;
13903;3862393;1183866880;22138880;1384910848;0;0;0;0;0;0;0;0;0;0;0;2665;0;0;125;0;42;0;
13904;5984513;1185484800;22138880;1384910848;0;0;0;0;0;0;0;0;0;0;0;2314;0;0;125;0;42;0;
13905;3446714;1185484800;22138880;1384910848;0;0;0;0;0;0;0;0;0;0;0;2685;0;0;125;0;42;0;
13906;4693472;1185484800;22138880;1384910848;0;0;0;0;0;0;0;0;0;0;0;2344;0;0;125;0;42;0;
13907;3144818;1185484800;22138880;1384910848;0;0;0;0;0;0;0;0;0;0;0;2595;0;0;125;0;42;0;
13908;4794842;1185484800;22138880;1384910848;0;0;0;0;0;0;0;0;0;0;0;2295;0;0;125;0;42;0;
13909;3838609;1178341376;14176256;1376948224;0;0;0;0;0;0;0;0;0;0;0;2424;0;0;125;0;42;0;
13910;4509537;1178341376;14176256;1376948224;0;0;0;0;0;0;0;0;0;0;0;2505;0;0;125;0;42;0;
13911;2595137;1178341376;14176256;1376948224;0;0;0;0;0;0;0;0;0;0;0;2575;0;0;125;0;42;0;
13912;4802236;1178341376;14176256;1376948224;0;0;0;0;0;0;0;0;0;0;0;2355;0;0;125;0;42;0;
13913;3223716;1178341376;14176256;1376948224;0;0;0;0;0;0;0;0;0;0;0;2084;0;0;125;0;42;0;
13914;4549522;1178341376;14176256;1376948224;0;0;0;0;0;0;0;0;0;0;0;2144;0;0;125;0;42;0;
13915;3300319;1178341376;14176256;1376948224;0;0;0;0;0;0;0;0;0;0;0;2404;0;0;125;0;42;0;
13916;5338893;1178341376;14176256;1376948224;0;0;0;0;0;0;0;0;0;0;0;1964;0;0;125;0;42;0;
13917;3033198;1178341376;14176256;1376948224;0;0;0;0;0;0;0;0;0;0;0;2184;0;0;125;0;42;0;
13918;4556846;1178341376;14176256;1376948224;0;0;0;0;0;0;0;0;0;0;0;2104;0;0;125;0;42;0;
13919;2865304;1178341376;14176256;1376948224;0;0;0;0;0;0;0;0;0;0;0;2464;0;0;125;0;42;0;
13920;5071381;1178341376;14176256;1376948224;0;0;0;0;0;0;0;0;0;0;0;2214;0;0;125;0;42;0;
13921;3203298;1178341376;14176256;1376948224;0;0;0;0;0;0;0;0;0;0;0;2635;0;0;125;0;42;0;
13922;4651644;1178341376;14176256;1376948224;0;0;0;0;0;0;0;0;0;0;0;1843;0;0;125;0;42;0;
13923;3084494;1178341376;14176256;1376948224;0;0;0;0;0;0;0;0;0;0;0;3507;0;0;125;0;42;0;
13924;4906973;1178341376;14176256;1376948224;0;0;0;0;0;0;0;0;0;0;0;3076;0;0;125;0;42;0;
13925;3536242;1178341376;14176256;1376948224;0;0;0;0;0;0;0;0;0;0;0;2294;0;0;125;0;42;0;
13926;6419549;1182052352;22138880;1384910848;0;0;0;0;0;0;0;0;0;0;0;2305;0;0;125;0;42;0;
13927;5103652;1184149504;22138880;1384910848;0;0;0;0;0;0;0;0;0;0;0;3527;0;0;125;0;42;0;
13928;5313695;1185497088;22138880;1384910848;0;0;0;0;0;0;0;0;0;0;0;2375;0;0;125;0;42;0;
13929;3321428;1185497088;22138880;1384910848;0;0;0;0;0;0;0;0;0;0;0;2765;0;0;125;0;42;0;
13930;4473921;1185497088;22138880;1384910848;0;0;0;0;0;0;0;0;0;0;0;2134;0;0;125;0;42;0;
13931;3765511;1185497088;22138880;1384910848;0;0;0;0;0;0;0;0;0;0;0;2655;0;0;125;0;42;0;
13932;4860194;1185497088;22138880;1384910848;0;0;0;0;0;0;0;0;0;0;0;2394;0;0;125;0;42;0;
13933;3567020;1178353664;14643200;1377415168;0;0;0;0;0;0;0;0;0;0;0;2444;0;0;125;0;42;0;
13934;4682923;1178353664;14643200;1377415168;0;0;0;0;0;0;0;0;0;0;0;2043;0;0;125;0;42;0;
13935;3440862;1178353664;14643200;1377415168;0;0;0;0;0;0;0;0;0;0;0;2675;0;0;125;0;42;0;
13936;5563153;1178353664;14643200;1377415168;0;0;0;0;0;0;0;0;0;0;0;2004;0;0;125;0;42;0;
13937;2939092;1178353664;14643200;1377415168;0;0;0;0;0;0;0;0;0;0;0;1903;0;0;125;0;42;0;
13938;4525678;1178353664;14643200;1377415168;0;0;0;0;0;0;0;0;0;0;0;1963;0;0;125;0;42;0;
13939;4017274;1178353664;14643200;1377415168;0;0;0;0;0;0;0;0;0;0;0;3126;0;0;125;0;42;0;
13940;4684014;1178353664;14643200;1377415168;0;0;0;0;0;0;0;0;0;0;0;2555;0;0;125;0;42;0;
13941;2985239;1178353664;14643200;1377415168;0;0;0;0;0;0;0;0;0;0;0;2655;0;0;125;0;42;0;
13942;4527521;1178353664;14643200;1377415168;0;0;0;0;0;0;0;0;0;0;0;2114;0;0;125;0;42;0;
13943;3249904;1178353664;14643200;1377415168;0;0;0;0;0;0;0;0;0;0;0;2856;0;0;125;0;42;0;
13944;4693783;1178353664;14643200;1377415168;0;0;0;0;0;0;0;0;0;0;0;2705;0;0;125;0;42;0;
13945;4351481;1178353664;14643200;1377415168;0;0;0;0;0;0;0;0;0;0;0;3567;0;0;125;0;42;0;
13946;4806444;1178353664;14643200;1377415168;0;0;0;0;0;0;0;0;0;0;0;2986;0;0;125;0;42;0;
13947;4345129;1178353664;14643200;1377415168;0;0;0;0;0;0;0;0;0;0;0;3056;0;0;125;0;42;0;
13948;6754948;1181794304;22138880;1384910848;0;0;0;0;0;0;0;0;0;0;0;3547;0;0;125;0;42;0;
13949;5035293;1183891456;22138880;1384910848;0;0;0;0;0;0;0;0;0;0;0;3666;0;0;125;0;42;0;
13950;5767857;1185509376;22138880;1384910848;0;0;0;0;0;0;0;0;0;0;0;2825;0;0;125;0;42;0;
13951;5109883;1185509376;22138880;1384910848;0;0;0;0;0;0;0;0;0;0;0;3817;0;0;125;0;42;0;
13952;4903717;1185509376;22138880;1384910848;0;0;0;0;0;0;0;0;0;0;0;2555;0;0;125;0;42;0;
13953;5073014;1185509376;22138880;1384910848;0;0;0;0;0;0;0;0;0;0;0;3707;0;0;125;0;42;0;
13954;5126314;1185509376;22138880;1384910848;0;0;0;0;0;0;0;0;0;0;0;3477;0;0;125;0;42;0;
13955;4893076;1178365952;14176256;1376948224;0;0;0;0;0;0;0;0;0;0;0;3657;0;0;125;0;42;0;
13956;4974779;1178365952;14176256;1376948224;0;0;0;0;0;0;0;0;0;0;0;3346;0;0;125;0;42;0;
13957;4921440;1178365952;14176256;1376948224;0;0;0;0;0;0;0;0;0;0;0;3616;0;0;125;0;42;0;
13958;5073464;1178365952;14176256;1376948224;0;0;0;0;0;0;0;0;0;0;0;3196;0;0;125;0;42;0;
13959;4022233;1178365952;14176256;1376948224;0;0;0;0;0;0;0;0;0;0;0;3446;0;0;125;0;42;0;
13960;5039662;1178365952;14176256;1376948224;0;0;0;0;0;0;0;0;0;0;0;3446;0;0;125;0;42;0;
13961;4024398;1178365952;14176256;1376948224;0;0;0;0;0;0;0;0;0;0;0;3246;0;0;125;0;42;0;
13962;4552368;1178365952;14176256;1376948224;0;0;0;0;0;0;0;0;0;0;0;2454;0;0;125;0;42;0;
13963;3884034;1178365952;14176256;1376948224;0;0;0;0;0;0;0;0;0;0;0;3567;0;0;125;0;42;0;
13964;5143876;1178365952;14176256;1376948224;0;0;0;0;0;0;0;0;0;0;0;3717;0;0;125;0;42;0;
13965;4811584;1178365952;14176256;1376948224;0;0;0;0;0;0;0;0;0;0;0;3717;0;0;125;0;42;0;
13966;5119040;1178365952;14176256;1376948224;0;0;0;0;0;0;0;0;0;0;0;3717;0;0;125;0;42;0;
13967;4322677;1178365952;14176256;1376948224;0;0;0;0;0;0;0;0;0;0;0;3757;0;0;125;0;42;0;
13968;5657700;1178365952;14176256;1376948224;0;0;0;0;0;0;0;0;0;0;0;3636;0;0;125;0;42;0;
13969;4093978;1178365952;14176256;1376948224;0;0;0;0;0;0;0;0;0;0;0;3768;0;0;125;0;42;0;
13970;5221082;1178365952;14176256;1376948224;0;0;0;0;0;0;0;0;0;0;0;3326;0;0;125;0;42;0;
13971;3977550;1178365952;14176256;1376948224;0;0;0;0;0;0;0;0;0;0;0;2184;0;0;125;0;42;0;
13972;5759361;1182076928;22138880;1384910848;0;0;0;0;0;0;0;0;0;0;0;2675;0;0;125;0;42;0;
13973;3569575;1184174080;22138880;1384910848;0;0;0;0;0;0;0;0;0;0;0;2805;0;0;125;0;42;0;
13974;5215081;1185521664;22138880;1384910848;0;0;0;0;0;0;0;0;0;0;0;2284;0;0;125;0;42;0;
13975;3614368;1185521664;22138880;1384910848;0;0;0;0;0;0;0;0;0;0;0;3156;0;0;125;0;42;0;
13976;5118830;1185521664;22138880;1384910848;0;0;0;0;0;0;0;0;0;0;0;2334;0;0;125;0;42;0;
13977;4031500;1185521664;22138880;1384910848;0;0;0;0;0;0;0;0;0;0;0;2355;0;0;125;0;42;0;
13978;6562297;1185521664;22138880;1384910848;0;0;0;0;0;0;0;0;0;0;0;7014;0;0;125;0;42;0;
13979;6088248;1178378240;14643200;1377415168;0;0;0;0;0;0;0;0;0;0;0;4568;0;0;125;0;42;0;
13980;5239246;1178378240;14643200;1377415168;0;0;0;0;0;0;0;0;0;0;0;1904;0;0;125;0;42;0;
13981;3859288;1178378240;14643200;1377415168;0;0;0;0;0;0;0;0;0;0;0;2485;0;0;125;0;42;0;
13982;4457048;1178378240;14643200;1377415168;0;0;0;0;0;0;0;0;0;0;0;2144;0;0;125;0;42;0;
13983;3877733;1178378240;14643200;1377415168;0;0;0;0;0;0;0;0;0;0;0;2525;0;0;125;0;42;0;
13984;4329750;1178378240;14643200;1377415168;0;0;0;0;0;0;0;0;0;0;0;1834;0;0;125;0;42;0;
13985;4036330;1178378240;14643200;1377415168;0;0;0;0;0;0;0;0;0;0;0;2474;0;0;125;0;42;0;
13986;4453252;1178378240;14643200;1377415168;0;0;0;0;0;0;0;0;0;0;0;2484;0;0;125;0;42;0;
13987;3812881;1178378240;14643200;1377415168;0;0;0;0;0;0;0;0;0;0;0;2886;0;0;125;0;42;0;
13988;4418085;1178378240;14643200;1377415168;0;0;0;0;0;0;0;0;0;0;0;2264;0;0;125;0;42;0;
13989;3768548;1178378240;14643200;1377415168;0;0;0;0;0;0;0;0;0;0;0;2484;0;0;125;0;42;0;
13990;4397437;1178378240;14643200;1377415168;0;0;0;0;0;0;0;0;0;0;0;2274;0;0;125;0;42;0;
13991;2959340;1178378240;14643200;1377415168;0;0;0;0;0;0;0;0;0;0;0;2234;0;0;125;0;42;0;
13992;4971794;1178378240;14643200;1377415168;0;0;0;0;0;0;0;0;0;0;0;2414;0;0;125;0;42;0;
13993;4307869;1178378240;14643200;1377415168;0;0;0;0;0;0;0;0;0;0;0;1924;0;0;125;0;42;0;
13994;5593610;1181818880;22138880;1384910848;0;0;0;0;0;0;0;0;0;0;0;2535;0;0;125;0;42;0;
13995;3960988;1183916032;22138880;1384910848;0;0;0;0;0;0;0;0;0;0;0;2595;0;0;125;0;42;0;
13996;5112057;1185533952;22138880;1384910848;0;0;0;0;0;0;0;0;0;0;0;2154;0;0;125;0;42;0;
13997;3693777;1185533952;22138880;1384910848;0;0;0;0;0;0;0;0;0;0;0;2946;0;0;125;0;42;0;
13998;4754757;1185533952;22138880;1384910848;0;0;0;0;0;0;0;0;0;0;0;2034;0;0;125;0;42;0;
13999;3201534;1185533952;22138880;1384910848;0;0;0;0;0;0;0;0;0;0;0;2565;0;0;125;0;42;0;
14000;5293467;1185533952;22138880;1384910848;0;0;0;0;0;0;0;0;0;0;0;2544;0;0;125;0;42;0;
14001;3677907;1178390528;14176256;1376948224;0;0;0;0;0;0;0;0;0;0;0;2775;0;0;125;0;42;0;
14002;4581302;1178390528;14176256;1376948224;0;0;0;0;0;0;0;0;0;0;0;2695;0;0;125;0;42;0;
14003;2730551;1178390528;14176256;1376948224;0;0;0;0;0;0;0;0;0;0;0;2504;0;0;125;0;42;0;
14004;4562406;1178390528;14176256;1376948224;0;0;0;0;0;0;0;0;0;0;0;2575;0;0;125;0;42;0;
14005;3420355;1178390528;14176256;1376948224;0;0;0;0;0;0;0;0;0;0;0;2876;0;0;125;0;42;0;
14006;4757041;1178390528;14176256;1376948224;0;0;0;0;0;0;0;0;0;0;0;2695;0;0;125;0;42;0;
14007;2664337;1178390528;14176256;1376948224;0;0;0;0;0;0;0;0;0;0;0;3016;0;0;125;0;42;0;
14008;4812134;1178390528;14176256;1376948224;0;0;0;0;0;0;0;0;0;0;0;2474;0;0;125;0;42;0;
14009;3450661;1178390528;14176256;1376948224;0;0;0;0;0;0;0;0;0;0;0;2515;0;0;125;0;42;0;
14010;4275438;1178390528;14176256;1376948224;0;0;0;0;0;0;0;0;0;0;0;2365;0;0;125;0;42;0;
14011;2725822;1178390528;14176256;1376948224;0;0;0;0;0;0;0;0;0;0;0;2675;0;0;125;0;42;0;
14012;4731955;1178390528;14176256;1376948224;0;0;0;0;0;0;0;0;0;0;0;2705;0;0;125;0;42;0;
14013;3166699;1178390528;14176256;1376948224;0;0;0;0;0;0;0;0;0;0;0;2575;0;0;125;0;42;0;
14014;4994557;1178390528;14176256;1376948224;0;0;0;0;0;0;0;0;0;0;0;3016;0;0;125;0;42;0;
14015;3657620;1178390528;14176256;1376948224;0;0;0;0;0;0;0;0;0;0;0;2875;0;0;125;0;42;0;
14016;5005207;1178390528;14176256;1376948224;0;0;0;0;0;0;0;0;0;0;0;2525;0;0;125;0;42;0;
14017;3337939;1178390528;14176256;1376948224;0;0;0;0;0;0;0;0;0;0;0;2775;0;0;125;0;42;0;
14018;5605442;1182101504;22138880;1384910848;0;0;0;0;0;0;0;0;0;0;0;2545;0;0;125;0;42;0;
14019;3881379;1184198656;22138880;1384910848;0;0;0;0;0;0;0;0;0;0;0;3226;0;0;125;0;42;0;
14020;5698166;1185546240;22138880;1384910848;0;0;0;0;0;0;0;0;0;0;0;2204;0;0;125;0;42;0;
14021;3239896;1185546240;22138880;1384910848;0;0;0;0;0;0;0;0;0;0;0;3126;0;0;125;0;42;0;
14022;7737320;1185546240;22138880;1384910848;0;0;0;0;0;0;0;0;0;0;0;2255;0;0;125;0;42;0;
14023;9951853;1185546240;22138880;1384910848;0;0;0;0;0;0;0;0;0;0;0;2184;0;0;125;0;42;0;
14024;5068846;1185546240;22138880;1384910848;0;0;0;0;0;0;0;0;0;0;0;2064;0;0;125;0;42;0;
14025;3832468;1178402816;14643200;1377415168;0;0;0;0;0;0;0;0;0;0;0;2184;0;0;125;0;42;0;
14026;5008903;1178402816;14643200;1377415168;0;0;0;0;0;0;0;0;0;0;0;2224;0;0;125;0;42;0;
14027;3193739;1178402816;14643200;1377415168;0;0;0;0;0;0;0;0;0;0;0;2284;0;0;125;0;42;0;
14028;4346141;1178402816;14643200;1377415168;0;0;0;0;0;0;0;0;0;0;0;2254;0;0;125;0;42;0;
14029;2578476;1178402816;14643200;1377415168;0;0;0;0;0;0;0;0;0;0;0;2705;0;0;125;0;42;0;
14030;4420140;1178402816;14643200;1377415168;0;0;0;0;0;0;0;0;0;0;0;2094;0;0;125;0;42;0;
14031;4060014;1178402816;14643200;1377415168;0;0;0;0;0;0;0;0;0;0;0;2565;0;0;125;0;42;0;
14032;5055932;1178402816;14643200;1377415168;0;0;0;0;0;0;0;0;0;0;0;2455;0;0;125;0;42;0;
14033;3549466;1178402816;14643200;1377415168;0;0;0;0;0;0;0;0;0;0;0;2114;0;0;125;0;42;0;
14034;4586541;1178402816;14643200;1377415168;0;0;0;0;0;0;0;0;0;0;0;2225;0;0;125;0;42;0;
14035;3601804;1178402816;14643200;1377415168;0;0;0;0;0;0;0;0;0;0;0;2104;0;0;125;0;42;0;
14036;4473650;1178402816;14643200;1377415168;0;0;0;0;0;0;0;0;0;0;0;1933;0;0;125;0;42;0;
14037;2723237;1178402816;14643200;1377415168;0;0;0;0;0;0;0;0;0;0;0;2615;0;0;125;0;42;0;
14038;4688754;1178402816;14643200;1377415168;0;0;0;0;0;0;0;0;0;0;0;2044;0;0;125;0;42;0;
14039;3733602;1178402816;14643200;1377415168;0;0;0;0;0;0;0;0;0;0;0;2715;0;0;125;0;42;0;
14040;4818827;1178402816;14643200;1377415168;0;0;0;0;0;0;0;0;0;0;0;2385;0;0;125;0;42;0;
14041;3900114;1178402816;14643200;1377415168;0;0;0;0;0;0;0;0;0;0;0;2344;0;0;125;0;42;0;
14042;5454950;1181843456;22138880;1384910848;0;0;0;0;0;0;0;0;0;0;0;2555;0;0;125;0;42;0;
14043;4605487;1183940608;22138880;1384910848;0;0;0;0;0;0;0;0;0;0;0;3236;0;0;125;0;42;0;
14044;5415606;1185558528;22138880;1384910848;0;0;0;0;0;0;0;0;0;0;0;1913;0;0;125;0;42;0;
14045;3399546;1185558528;22138880;1384910848;0;0;0;0;0;0;0;0;0;0;0;3206;0;0;125;0;42;0;
14046;4960503;1185558528;22138880;1384910848;0;0;0;0;0;0;0;0;0;0;0;2184;0;0;125;0;42;0;
14047;3427137;1185558528;22138880;1384910848;0;0;0;0;0;0;0;0;0;0;0;2816;0;0;125;0;42;0;
14048;4573758;1185558528;22138880;1384910848;0;0;0;0;0;0;0;0;0;0;0;2084;0;0;125;0;42;0;
14049;4210847;1178415104;14176256;1376948224;0;0;0;0;0;0;0;0;0;0;0;2885;0;0;125;0;42;0;
14050;5346617;1178415104;14176256;1376948224;0;0;0;0;0;0;0;0;0;0;0;2185;0;0;125;0;42;0;
14051;4104718;1178415104;14176256;1376948224;0;0;0;0;0;0;0;0;0;0;0;2375;0;0;125;0;42;0;
14052;4731574;1178415104;14176256;1376948224;0;0;0;0;0;0;0;0;0;0;0;2534;0;0;125;0;42;0;
14053;3381241;1178415104;14176256;1376948224;0;0;0;0;0;0;0;0;0;0;0;1903;0;0;125;0;42;0;
14054;5192308;1178415104;14176256;1376948224;0;0;0;0;0;0;0;0;0;0;0;2074;0;0;125;0;42;0;
14055;5748480;1178415104;14176256;1376948224;0;0;0;0;0;0;0;0;0;0;0;2255;0;0;125;0;42;0;
14056;4875133;1178415104;14176256;1376948224;0;0;0;0;0;0;0;0;0;0;0;1914;0;0;125;0;42;0;
14057;3695801;1178415104;14176256;1376948224;0;0;0;0;0;0;0;0;0;0;0;2434;0;0;125;0;42;0;
14058;4776888;1178415104;14176256;1376948224;0;0;0;0;0;0;0;0;0;0;0;2444;0;0;125;0;42;0;
14059;2982463;1178415104;14176256;1376948224;0;0;0;0;0;0;0;0;0;0;0;2535;0;0;125;0;42;0;
14060;4680337;1178415104;14176256;1376948224;0;0;0;0;0;0;0;0;0;0;0;1953;0;0;125;0;42;0;
14061;2914476;1178415104;14176256;1376948224;0;0;0;0;0;0;0;0;0;0;0;2344;0;0;125;0;42;0;
14062;5013342;1178415104;14176256;1376948224;0;0;0;0;0;0;0;0;0;0;0;2225;0;0;125;0;42;0;
14063;3080357;1178415104;14176256;1376948224;0;0;0;0;0;0;0;0;0;0;0;2264;0;0;125;0;42;0;
14064;5646359;1182126080;22138880;1384910848;0;0;0;0;0;0;0;0;0;0;0;2445;0;0;125;0;42;0;
14065;4293241;1184223232;22138880;1384910848;0;0;0;0;0;0;0;0;0;0;0;3216;0;0;125;0;42;0;
14066;4907033;1185570816;22138880;1384910848;0;0;0;0;0;0;0;0;0;0;0;2004;0;0;125;0;42;0;
14067;3864608;1185570816;22138880;1384910848;0;0;0;0;0;0;0;0;0;0;0;2695;0;0;125;0;42;0;
14068;4538932;1185570816;22138880;1384910848;0;0;0;0;0;0;0;0;0;0;0;2164;0;0;125;0;42;0;
14069;4047621;1185570816;22138880;1384910848;0;0;0;0;0;0;0;0;0;0;0;2565;0;0;125;0;42;0;
14070;4968227;1185570816;22138880;1384910848;0;0;0;0;0;0;0;0;0;0;0;2104;0;0;125;0;42;0;
14071;3905405;1178427392;14643200;1377415168;0;0;0;0;0;0;0;0;0;0;0;2414;0;0;125;0;42;0;
14072;4500621;1178427392;14643200;1377415168;0;0;0;0;0;0;0;0;0;0;0;2224;0;0;125;0;42;0;
14073;3112056;1178427392;14643200;1377415168;0;0;0;0;0;0;0;0;0;0;0;2204;0;0;125;0;42;0;
14074;4764986;1178427392;14643200;1377415168;0;0;0;0;0;0;0;0;0;0;0;2184;0;0;125;0;42;0;
14075;2861987;1178427392;14643200;1377415168;0;0;0;0;0;0;0;0;0;0;0;2194;0;0;125;0;42;0;
14076;4813647;1178427392;14643200;1377415168;0;0;0;0;0;0;0;0;0;0;0;2114;0;0;125;0;42;0;
14077;3002791;1178427392;14643200;1377415168;0;0;0;0;0;0;0;0;0;0;0;2384;0;0;125;0;42;0;
14078;4747864;1178427392;14643200;1377415168;0;0;0;0;0;0;0;0;0;0;0;1974;0;0;125;0;42;0;
14079;3072753;1178427392;14643200;1377415168;0;0;0;0;0;0;0;0;0;0;0;2344;0;0;125;0;42;0;
14080;4641976;1178427392;14643200;1377415168;0;0;0;0;0;0;0;0;0;0;0;2164;0;0;125;0;42;0;
14081;3220580;1178427392;14643200;1377415168;0;0;0;0;0;0;0;0;0;0;0;2414;0;0;125;0;42;0;
14082;4409941;1178427392;14643200;1377415168;0;0;0;0;0;0;0;0;0;0;0;1993;0;0;125;0;42;0;
14083;3089634;1178427392;14643200;1377415168;0;0;0;0;0;0;0;0;0;0;0;2404;0;0;125;0;42;0;
14084;4463391;1178427392;14643200;1377415168;0;0;0;0;0;0;0;0;0;0;0;2234;0;0;125;0;42;0;
14085;2902493;1178427392;14643200;1377415168;0;0;0;0;0;0;0;0;0;0;0;2404;0;0;125;0;42;0;
14086;4477447;1178427392;14643200;1377415168;0;0;0;0;0;0;0;0;0;0;0;2164;0;0;125;0;42;0;
14087;3256097;1178427392;14643200;1377415168;0;0;0;0;0;0;0;0;0;0;0;2574;0;0;125;0;42;0;
14088;5498782;1181868032;22138880;1384910848;0;0;0;0;0;0;0;0;0;0;0;2184;0;0;125;0;42;0;
14089;3373206;1183965184;22138880;1384910848;0;0;0;0;0;0;0;0;0;0;0;2986;0;0;125;0;42;0;
14090;5376674;1185583104;22138880;1384910848;0;0;0;0;0;0;0;0;0;0;0;2144;0;0;125;0;42;0;
14091;3397552;1185583104;22138880;1384910848;0;0;0;0;0;0;0;0;0;0;0;2345;0;0;125;0;42;0;
14092;4392728;1185583104;22138880;1384910848;0;0;0;0;0;0;0;0;0;0;0;2224;0;0;125;0;42;0;
14093;3296743;1185583104;22138880;1384910848;0;0;0;0;0;0;0;0;0;0;0;2164;0;0;125;0;42;0;
14094;4679476;1185583104;22138880;1384910848;0;0;0;0;0;0;0;0;0;0;0;2104;0;0;125;0;42;0;
14095;3909602;1178439680;14176256;1376948224;0;0;0;0;0;0;0;0;0;0;0;2505;0;0;125;0;42;0;
14096;4402837;1178439680;14176256;1376948224;0;0;0;0;0;0;0;0;0;0;0;2104;0;0;125;0;42;0;
14097;3373526;1178439680;14176256;1376948224;0;0;0;0;0;0;0;0;0;0;0;2264;0;0;125;0;42;0;
14098;5047275;1178439680;14176256;1376948224;0;0;0;0;0;0;0;0;0;0;0;2114;0;0;125;0;42;0;
14099;3612505;1178439680;14176256;1376948224;0;0;0;0;0;0;0;0;0;0;0;2665;0;0;125;0;42;0;
14100;4444225;1178439680;14176256;1376948224;0;0;0;0;0;0;0;0;0;0;0;2174;0;0;125;0;42;0;
14101;3343871;1178439680;14176256;1376948224;0;0;0;0;0;0;0;0;0;0;0;2234;0;0;125;0;42;0;
14102;5214449;1178439680;14176256;1376948224;0;0;0;0;0;0;0;0;0;0;0;2224;0;0;125;0;42;0;
14103;4134003;1178439680;14176256;1376948224;0;0;0;0;0;0;0;0;0;0;0;2435;0;0;125;0;42;0;
14104;4540545;1178439680;14176256;1376948224;0;0;0;0;0;0;0;0;0;0;0;1894;0;0;125;0;42;0;
14105;3479626;1178439680;14176256;1376948224;0;0;0;0;0;0;0;0;0;0;0;2384;0;0;125;0;42;0;
14106;4712397;1178439680;14176256;1376948224;0;0;0;0;0;0;0;0;0;0;0;2134;0;0;125;0;42;0;
14107;4109928;1178439680;14176256;1376948224;0;0;0;0;0;0;0;0;0;0;0;6753;0;0;125;0;42;0;
14108;5500937;1178439680;14176256;1376948224;0;0;0;0;0;0;0;0;0;0;0;3146;0;0;125;0;42;0;
14109;4825970;1178439680;14176256;1376948224;0;0;0;0;0;0;0;0;0;0;0;3005;0;0;125;0;42;0;
14110;5317883;1178439680;14176256;1376948224;0;0;0;0;0;0;0;0;0;0;0;2044;0;0;125;0;42;0;
14111;3882251;1178439680;14176256;1376948224;0;0;0;0;0;0;0;0;0;0;0;2775;0;0;125;0;42;0;
14112;5382264;1182150656;22138880;1384910848;0;0;0;0;0;0;0;0;0;0;0;2124;0;0;125;0;42;0;
14113;4463881;1184247808;22138880;1384910848;0;0;0;0;0;0;0;0;0;0;0;3376;0;0;125;0;42;0;
14114;5137124;1185595392;22138880;1384910848;0;0;0;0;0;0;0;0;0;0;0;2144;0;0;125;0;42;0;
14115;3294599;1185595392;22138880;1384910848;0;0;0;0;0;0;0;0;0;0;0;2695;0;0;125;0;42;0;
14116;4278965;1185595392;22138880;1384910848;0;0;0;0;0;0;0;0;0;0;0;1964;0;0;125;0;42;0;
14117;3912888;1185595392;22138880;1384910848;0;0;0;0;0;0;0;0;0;0;0;2625;0;0;125;0;42;0;
14118;4561464;1185595392;22138880;1384910848;0;0;0;0;0;0;0;0;0;0;0;1994;0;0;125;0;42;0;
14119;3607947;1178451968;14643200;1377415168;0;0;0;0;0;0;0;0;0;0;0;2374;0;0;125;0;42;0;
14120;4887577;1178451968;14643200;1377415168;0;0;0;0;0;0;0;0;0;0;0;1903;0;0;125;0;42;0;
14121;3617735;1178451968;14643200;1377415168;0;0;0;0;0;0;0;0;0;0;0;2545;0;0;125;0;42;0;
14122;5210782;1178451968;14643200;1377415168;0;0;0;0;0;0;0;0;0;0;0;2064;0;0;125;0;42;0;
14123;3829291;1178451968;14643200;1377415168;0;0;0;0;0;0;0;0;0;0;0;2545;0;0;125;0;42;0;
14124;4559761;1178451968;14643200;1377415168;0;0;0;0;0;0;0;0;0;0;0;2264;0;0;125;0;42;0;
14125;5579052;1178451968;14643200;1377415168;0;0;0;0;0;0;0;0;0;0;0;3597;0;0;125;0;42;0;
14126;5129370;1178451968;14643200;1377415168;0;0;0;0;0;0;0;0;0;0;0;1823;0;0;125;0;42;0;
14127;3399826;1178451968;14643200;1377415168;0;0;0;0;0;0;0;0;0;0;0;2515;0;0;125;0;42;0;
14128;4723859;1178451968;14643200;1377415168;0;0;0;0;0;0;0;0;0;0;0;2364;0;0;125;0;42;0;
14129;3902219;1178451968;14643200;1377415168;0;0;0;0;0;0;0;0;0;0;0;2645;0;0;125;0;42;0;
14130;4520938;1178451968;14643200;1377415168;0;0;0;0;0;0;0;0;0;0;0;2354;0;0;125;0;42;0;
14131;2991200;1178451968;14643200;1377415168;0;0;0;0;0;0;0;0;0;0;0;2314;0;0;125;0;42;0;
14132;4857009;1178451968;14643200;1377415168;0;0;0;0;0;0;0;0;0;0;0;2114;0;0;125;0;42;0;
14133;3329314;1178451968;14643200;1377415168;0;0;0;0;0;0;0;0;0;0;0;1823;0;0;125;0;42;0;
14134;5696193;1181892608;22138880;1384910848;0;0;0;0;0;0;0;0;0;0;0;2615;0;0;125;0;42;0;
14135;3828009;1183989760;22138880;1384910848;0;0;0;0;0;0;0;0;0;0;0;2865;0;0;125;0;42;0;
14136;5822780;1185607680;22138880;1384910848;0;0;0;0;0;0;0;0;0;0;0;2305;0;0;125;0;42;0;
14137;3999060;1185607680;22138880;1384910848;0;0;0;0;0;0;0;0;0;0;0;2595;0;0;125;0;42;0;
14138;4699253;1185607680;22138880;1384910848;0;0;0;0;0;0;0;0;0;0;0;2574;0;0;125;0;42;0;
14139;4052821;1185607680;22138880;1384910848;0;0;0;0;0;0;0;0;0;0;0;2796;0;0;125;0;42;0;
14140;4350318;1185607680;22138880;1384910848;0;0;0;0;0;0;0;0;0;0;0;1853;0;0;125;0;42;0;
14141;3766764;1178464256;14176256;1376948224;0;0;0;0;0;0;0;0;0;0;0;5861;0;0;125;0;42;0;
14142;4609745;1178464256;14176256;1376948224;0;0;0;0;0;0;0;0;0;0;0;1993;0;0;125;0;42;0;
14143;3742289;1178464256;14176256;1376948224;0;0;0;0;0;0;0;0;0;0;0;2284;0;0;125;0;42;0;
14144;4547398;1178464256;14176256;1376948224;0;0;0;0;0;0;0;0;0;0;0;2024;0;0;125;0;42;0;
14145;3501427;1178464256;14176256;1376948224;0;0;0;0;0;0;0;0;0;0;0;3036;0;0;125;0;42;0;
14146;4979469;1178464256;14176256;1376948224;0;0;0;0;0;0;0;0;0;0;0;2865;0;0;125;0;42;0;
14147;4931979;1178464256;14176256;1376948224;0;0;0;0;0;0;0;0;0;0;0;3407;0;0;125;0;42;0;
14148;5306291;1178464256;14176256;1376948224;0;0;0;0;0;0;0;0;0;0;0;2956;0;0;125;0;42;0;
14149;3714626;1178464256;14176256;1376948224;0;0;0;0;0;0;0;0;0;0;0;2124;0;0;125;0;42;0;
14150;4733848;1178464256;14176256;1376948224;0;0;0;0;0;0;0;0;0;0;0;2134;0;0;125;0;42;0;
14151;3990664;1178464256;14176256;1376948224;0;0;0;0;0;0;0;0;0;0;0;3126;0;0;125;0;42;0;
14152;4343155;1178464256;14176256;1376948224;0;0;0;0;0;0;0;0;0;0;0;2174;0;0;125;0;42;0;
14153;3058766;1178464256;14176256;1376948224;0;0;0;0;0;0;0;0;0;0;0;2444;0;0;125;0;42;0;
14154;4570060;1178464256;14176256;1376948224;0;0;0;0;0;0;0;0;0;0;0;2124;0;0;125;0;42;0;
14155;4140515;1178464256;14176256;1376948224;0;0;0;0;0;0;0;0;0;0;0;2605;0;0;125;0;42;0;
14156;4727906;1178464256;14176256;1376948224;0;0;0;0;0;0;0;0;0;0;0;2004;0;0;125;0;42;0;
14157;3437226;1178464256;14176256;1376948224;0;0;0;0;0;0;0;0;0;0;0;2274;0;0;125;0;42;0;
14158;5556129;1182175232;22138880;1384910848;0;0;0;0;0;0;0;0;0;0;0;2415;0;0;125;0;42;0;
14159;4294133;1184272384;22138880;1384910848;0;0;0;0;0;0;0;0;0;0;0;3066;0;0;125;0;42;0;
14160;4876666;1185619968;22138880;1384910848;0;0;0;0;0;0;0;0;0;0;0;1983;0;0;125;0;42;0;
14161;4193885;1185619968;22138880;1384910848;0;0;0;0;0;0;0;0;0;0;0;3787;0;0;125;0;42;0;
14162;5233695;1185619968;22138880;1384910848;0;0;0;0;0;0;0;0;0;0;0;3386;0;0;125;0;42;0;
14163;4633519;1185619968;22138880;1384910848;0;0;0;0;0;0;0;0;0;0;0;2625;0;0;125;0;42;0;
14164;5631051;1185619968;22138880;1384910848;0;0;0;0;0;0;0;0;0;0;0;3326;0;0;125;0;42;0;
14165;5643283;1178476544;14643200;1377415168;0;0;0;0;0;0;0;0;0;0;0;3927;0;0;125;0;42;0;
14166;5450061;1178476544;14643200;1377415168;0;0;0;0;0;0;0;0;0;0;0;3035;0;0;125;0;42;0;
14167;4734419;1178476544;14643200;1377415168;0;0;0;0;0;0;0;0;0;0;0;3176;0;0;125;0;42;0;
14168;5058386;1178476544;14643200;1377415168;0;0;0;0;0;0;0;0;0;0;0;2785;0;0;125;0;42;0;
14169;4699283;1178476544;14643200;1377415168;0;0;0;0;0;0;0;0;0;0;0;3867;0;0;125;0;42;0;
14170;5217505;1178476544;14643200;1377415168;0;0;0;0;0;0;0;0;0;0;0;3256;0;0;125;0;42;0;
14171;4163879;1178476544;14643200;1377415168;0;0;0;0;0;0;0;0;0;0;0;4208;0;0;125;0;42;0;
14172;5582740;1178476544;14643200;1377415168;0;0;0;0;0;0;0;0;0;0;0;3156;0;0;125;0;42;0;
14173;4392828;1178476544;14643200;1377415168;0;0;0;0;0;0;0;0;0;0;0;4027;0;0;125;0;42;0;
14174;4810201;1178476544;14643200;1377415168;0;0;0;0;0;0;0;0;0;0;0;3637;0;0;125;0;42;0;
14175;4251604;1178476544;14643200;1377415168;0;0;0;0;0;0;0;0;0;0;0;3828;0;0;125;0;42;0;
14176;5557763;1178476544;14643200;1377415168;0;0;0;0;0;0;0;0;0;0;0;3166;0;0;125;0;42;0;
14177;4314020;1178476544;14643200;1377415168;0;0;0;0;0;0;0;0;0;0;0;3226;0;0;125;0;42;0;
14178;5027969;1178476544;14643200;1377415168;0;0;0;0;0;0;0;0;0;0;0;2976;0;0;125;0;42;0;
14179;4095300;1178476544;14643200;1377415168;0;0;0;0;0;0;0;0;0;0;0;3016;0;0;125;0;42;0;
14180;4708470;1178476544;14643200;1377415168;0;0;0;0;0;0;0;0;0;0;0;2284;0;0;125;0;42;0;
14181;2676349;1178476544;14643200;1377415168;0;0;0;0;0;0;0;0;0;0;0;2234;0;0;125;0;42;0;
14182;5595143;1181917184;22138880;1384910848;0;0;0;0;0;0;0;0;0;0;0;2255;0;0;125;0;42;0;
14183;5420636;1184014336;22138880;1384910848;0;0;0;0;0;0;0;0;0;0;0;3707;0;0;125;0;42;0;
14184;5961349;1185632256;22138880;1384910848;0;0;0;0;0;0;0;0;0;0;0;2765;0;0;125;0;42;0;
14185;3889455;1185632256;22138880;1384910848;0;0;0;0;0;0;0;0;0;0;0;3246;0;0;125;0;42;0;
14186;4647506;1185632256;22138880;1384910848;0;0;0;0;0;0;0;0;0;0;0;2204;0;0;125;0;42;0;
14187;2496262;1185632256;22138880;1384910848;0;0;0;0;0;0;0;0;0;0;0;2816;0;0;125;0;42;0;
14188;4817705;1185632256;22138880;1384910848;0;0;0;0;0;0;0;0;0;0;0;1964;0;0;125;0;42;0;
14189;3790178;1178488832;14176256;1376948224;0;0;0;0;0;0;0;0;0;0;0;2795;0;0;125;0;42;0;
14190;4857680;1178488832;14176256;1376948224;0;0;0;0;0;0;0;0;0;0;0;2696;0;0;125;0;42;0;
14191;4244620;1178488832;14176256;1376948224;0;0;0;0;0;0;0;0;0;0;0;3697;0;0;125;0;42;0;
14192;5230579;1178488832;14176256;1376948224;0;0;0;0;0;0;0;0;0;0;0;3416;0;0;125;0;42;0;
14193;2931327;1178488832;14176256;1376948224;0;0;0;0;0;0;0;0;0;0;0;2534;0;0;125;0;42;0;
14194;5058317;1178488832;14176256;1376948224;0;0;0;0;0;0;0;0;0;0;0;2335;0;0;125;0;42;0;
14195;4070985;1178488832;14176256;1376948224;0;0;0;0;0;0;0;0;0;0;0;3677;0;0;125;0;42;0;
14196;4943892;1178488832;14176256;1376948224;0;0;0;0;0;0;0;0;0;0;0;3066;0;0;125;0;42;0;
14197;3943976;1178488832;14176256;1376948224;0;0;0;0;0;0;0;0;0;0;0;3226;0;0;125;0;42;0;
14198;5025885;1178488832;14176256;1376948224;0;0;0;0;0;0;0;0;0;0;0;2054;0;0;125;0;42;0;
14199;3151240;1178488832;14176256;1376948224;0;0;0;0;0;0;0;0;0;0;0;2144;0;0;125;0;42;0;
14200;5128188;1178488832;14176256;1376948224;0;0;0;0;0;0;0;0;0;0;0;2164;0;0;125;0;42;0;
14201;2639800;1178488832;14176256;1376948224;0;0;0;0;0;0;0;0;0;0;0;2505;0;0;125;0;42;0;
14202;4416904;1178488832;14176256;1376948224;0;0;0;0;0;0;0;0;0;0;0;2264;0;0;125;0;42;0;
14203;4183406;1178488832;14176256;1376948224;0;0;0;0;0;0;0;0;0;0;0;2334;0;0;125;0;42;0;
14204;6378572;1182199808;22138880;1384910848;0;0;0;0;0;0;0;0;0;0;0;2335;0;0;125;0;42;0;
14205;4722106;1184296960;22138880;1384910848;0;0;0;0;0;0;0;0;0;0;0;2385;0;0;125;0;42;0;
14206;5675674;1185644544;22138880;1384910848;0;0;0;0;0;0;0;0;0;0;0;2024;0;0;125;0;42;0;
14207;3226751;1185644544;22138880;1384910848;0;0;0;0;0;0;0;0;0;0;0;2204;0;0;125;0;42;0;
14208;4687841;1185644544;22138880;1384910848;0;0;0;0;0;0;0;0;0;0;0;1964;0;0;125;0;42;0;
14209;3871560;1185644544;22138880;1384910848;0;0;0;0;0;0;0;0;0;0;0;1974;0;0;125;0;42;0;
14210;4772150;1185644544;22138880;1384910848;0;0;0;0;0;0;0;0;0;0;0;2034;0;0;125;0;42;0;
14211;3818021;1178501120;14643200;1377415168;0;0;0;0;0;0;0;0;0;0;0;2425;0;0;125;0;42;0;
14212;4819950;1178501120;14643200;1377415168;0;0;0;0;0;0;0;0;0;0;0;2024;0;0;125;0;42;0;
14213;3651908;1178501120;14643200;1377415168;0;0;0;0;0;0;0;0;0;0;0;2434;0;0;125;0;42;0;
14214;4947278;1178501120;14643200;1377415168;0;0;0;0;0;0;0;0;0;0;0;1953;0;0;125;0;42;0;
14215;2773001;1178501120;14643200;1377415168;0;0;0;0;0;0;0;0;0;0;0;2615;0;0;125;0;42;0;
14216;4966574;1178501120;14643200;1377415168;0;0;0;0;0;0;0;0;0;0;0;2675;0;0;125;0;42;0;
14217;4536067;1178501120;14643200;1377415168;0;0;0;0;0;0;0;0;0;0;0;3527;0;0;125;0;42;0;
14218;5237252;1178501120;14643200;1377415168;0;0;0;0;0;0;0;0;0;0;0;2906;0;0;125;0;42;0;
14219;3133536;1178501120;14643200;1377415168;0;0;0;0;0;0;0;0;0;0;0;2544;0;0;125;0;42;0;
14220;4761640;1178501120;14643200;1377415168;0;0;0;0;0;0;0;0;0;0;0;2484;0;0;125;0;42;0;
14221;2613412;1178501120;14643200;1377415168;0;0;0;0;0;0;0;0;0;0;0;2585;0;0;125;0;42;0;
14222;5182690;1178501120;14643200;1377415168;0;0;0;0;0;0;0;0;0;0;0;1874;0;0;125;0;42;0;
14223;3213216;1178501120;14643200;1377415168;0;0;0;0;0;0;0;0;0;0;0;1983;0;0;125;0;42;0;
14224;4435778;1178501120;14643200;1377415168;0;0;0;0;0;0;0;0;0;0;0;2023;0;0;125;0;42;0;
14225;4464603;1178501120;14643200;1377415168;0;0;0;0;0;0;0;0;0;0;0;2074;0;0;125;0;42;0;
14226;4747603;1178501120;14643200;1377415168;0;0;0;0;0;0;0;0;0;0;0;2004;0;0;125;0;42;0;
14227;4735982;1178501120;14643200;1377415168;0;0;0;0;0;0;0;0;0;0;0;167995;0;0;125;0;42;0;
14228;5580285;1181941760;22138880;1384910848;0;0;0;0;0;0;0;0;0;0;0;2465;0;0;125;0;42;0;
14229;5076560;1184038912;22138880;1384910848;0;0;0;0;0;0;0;0;0;0;0;2655;0;0;125;0;42;0;
14230;5372706;1185656832;22138880;1384910848;0;0;0;0;0;0;0;0;0;0;0;1944;0;0;125;0;42;0;
14231;3914712;1185656832;22138880;1384910848;0;0;0;0;0;0;0;0;0;0;0;2875;0;0;125;0;42;0;
14232;4728668;1185656832;22138880;1384910848;0;0;0;0;0;0;0;0;0;0;0;1874;0;0;125;0;42;0;
14233;2508825;1185656832;22138880;1384910848;0;0;0;0;0;0;0;0;0;0;0;2725;0;0;125;0;42;0;
14234;5232132;1185656832;22138880;1384910848;0;0;0;0;0;0;0;0;0;0;0;1924;0;0;125;0;42;0;
14235;5807461;1178513408;14176256;1376948224;0;0;0;0;0;0;0;0;0;0;0;2094;0;0;125;0;42;0;
14236;5185685;1178513408;14176256;1376948224;0;0;0;0;0;0;0;0;0;0;0;2495;0;0;125;0;42;0;
14237;3300179;1178513408;14176256;1376948224;0;0;0;0;0;0;0;0;0;0;0;2725;0;0;125;0;42;0;
14238;4716475;1178513408;14176256;1376948224;0;0;0;0;0;0;0;0;0;0;0;2325;0;0;125;0;42;0;
14239;3530691;1178513408;14176256;1376948224;0;0;0;0;0;0;0;0;0;0;0;2394;0;0;125;0;42;0;
14240;5290221;1178513408;14176256;1376948224;0;0;0;0;0;0;0;0;0;0;0;2104;0;0;125;0;42;0;
14241;3219117;1178513408;14176256;1376948224;0;0;0;0;0;0;0;0;0;0;0;2274;0;0;125;0;42;0;
14242;4602813;1178513408;14176256;1376948224;0;0;0;0;0;0;0;0;0;0;0;1993;0;0;125;0;42;0;
14243;3705690;1178513408;14176256;1376948224;0;0;0;0;0;0;0;0;0;0;0;1913;0;0;125;0;42;0;
14244;4678434;1178513408;14176256;1376948224;0;0;0;0;0;0;0;0;0;0;0;2275;0;0;125;0;42;0;
14245;3235698;1178513408;14176256;1376948224;0;0;0;0;0;0;0;0;0;0;0;2765;0;0;125;0;42;0;
14246;4487535;1178513408;14176256;1376948224;0;0;0;0;0;0;0;0;0;0;0;2134;0;0;125;0;42;0;
14247;2728808;1178513408;14176256;1376948224;0;0;0;0;0;0;0;0;0;0;0;1954;0;0;125;0;42;0;
14248;4806715;1178513408;14176256;1376948224;0;0;0;0;0;0;0;0;0;0;0;2215;0;0;125;0;42;0;
14249;12643972;1178513408;14176256;1376948224;0;0;0;0;0;0;0;0;0;0;0;2235;0;0;125;0;42;0;
14250;5870029;1182224384;22138880;1384910848;0;0;0;0;0;0;0;0;0;0;0;2123;0;0;125;0;42;0;
14251;3862734;1184321536;22138880;1384910848;0;0;0;0;0;0;0;0;0;0;0;3226;0;0;125;0;42;0;
14252;5697605;1185939456;22138880;1384910848;0;0;0;0;0;0;0;0;0;0;0;2254;0;0;125;0;42;0;
14253;3436505;1185939456;22138880;1384910848;0;0;0;0;0;0;0;0;0;0;0;2355;0;0;125;0;42;0;
14254;4600888;1185939456;22138880;1384910848;0;0;0;0;0;0;0;0;0;0;0;2334;0;0;125;0;42;0;
14255;3667558;1185939456;22138880;1384910848;0;0;0;0;0;0;0;0;0;0;0;1984;0;0;125;0;42;0;
14256;4480593;1185939456;22138880;1384910848;0;0;0;0;0;0;0;0;0;0;0;1804;0;0;125;0;42;0;
14257;4861387;1178525696;14643200;1377415168;0;0;0;0;0;0;0;0;0;0;0;1783;0;0;125;0;42;0;
14258;4711155;1178525696;14643200;1377415168;0;0;0;0;0;0;0;0;0;0;0;2415;0;0;125;0;42;0;
14259;3579282;1178525696;14643200;1377415168;0;0;0;0;0;0;0;0;0;0;0;2094;0;0;125;0;42;0;
14260;4624032;1178525696;14643200;1377415168;0;0;0;0;0;0;0;0;0;0;0;2495;0;0;125;0;42;0;
14261;3495406;1178525696;14643200;1377415168;0;0;0;0;0;0;0;0;0;0;0;2785;0;0;125;0;42;0;
14262;4497825;1178525696;14643200;1377415168;0;0;0;0;0;0;0;0;0;0;0;2394;0;0;125;0;42;0;
14263;3627473;1178525696;14643200;1377415168;0;0;0;0;0;0;0;0;0;0;0;2485;0;0;125;0;42;0;
14264;4655430;1178525696;14643200;1377415168;0;0;0;0;0;0;0;0;0;0;0;1973;0;0;125;0;42;0;
14265;4176082;1178525696;14643200;1377415168;0;0;0;0;0;0;0;0;0;0;0;3707;0;0;125;0;42;0;
14266;5120193;1178525696;14643200;1377415168;0;0;0;0;0;0;0;0;0;0;0;2986;0;0;125;0;42;0;
14267;4361048;1178525696;14643200;1377415168;0;0;0;0;0;0;0;0;0;0;0;3838;0;0;125;0;42;0;
14268;5140400;1178525696;14643200;1377415168;0;0;0;0;0;0;0;0;0;0;0;3246;0;0;125;0;42;0;
14269;3321429;1178525696;14643200;1377415168;0;0;0;0;0;0;0;0;0;0;0;2274;0;0;125;0;42;0;
14270;4640022;1178525696;14643200;1377415168;0;0;0;0;0;0;0;0;0;0;0;2284;0;0;125;0;42;0;
14271;3678208;1178525696;14643200;1377415168;0;0;0;0;0;0;0;0;0;0;0;3166;0;0;125;0;42;0;
14272;4725642;1178525696;14643200;1377415168;0;0;0;0;0;0;0;0;0;0;0;3216;0;0;125;0;42;0;
14273;4823516;1178525696;14643200;1377415168;0;0;0;0;0;0;0;0;0;0;0;3006;0;0;125;0;42;0;
14274;5590935;1181966336;22138880;1384910848;0;0;0;0;0;0;0;0;0;0;0;2365;0;0;125;0;42;0;
14275;5119681;1184063488;22138880;1384910848;0;0;0;0;0;0;0;0;0;0;0;112851;0;0;125;0;42;0;
14276;5169014;1185951744;22138880;1384910848;0;0;0;0;0;0;0;0;0;0;0;2434;0;0;125;0;42;0;
14277;3804986;1185951744;22138880;1384910848;0;0;0;0;0;0;0;0;0;0;0;3035;0;0;125;0;42;0;
14278;5448408;1185951744;22138880;1384910848;0;0;0;0;0;0;0;0;0;0;0;2174;0;0;125;0;42;0;
14279;4560774;1185951744;22138880;1384910848;0;0;0;0;0;0;0;0;0;0;0;3176;0;0;125;0;42;0;
14280;4714251;1185951744;22138880;1384910848;0;0;0;0;0;0;0;0;0;0;0;2454;0;0;125;0;42;0;
14281;3886289;1178537984;14176256;1376948224;0;0;0;0;0;0;0;0;0;0;0;2856;0;0;125;0;42;0;
14282;4911231;1178537984;14176256;1376948224;0;0;0;0;0;0;0;0;0;0;0;2695;0;0;125;0;42;0;
14283;4128482;1178537984;14176256;1376948224;0;0;0;0;0;0;0;0;0;0;0;2535;0;0;125;0;42;0;
14284;5305640;1178537984;14176256;1376948224;0;0;0;0;0;0;0;0;0;0;0;3697;0;0;125;0;42;0;
14285;4472959;1178537984;14176256;1376948224;0;0;0;0;0;0;0;0;0;0;0;3657;0;0;125;0;42;0;
14286;5254754;1178537984;14176256;1376948224;0;0;0;0;0;0;0;0;0;0;0;3316;0;0;125;0;42;0;
14287;3833779;1178537984;14176256;1376948224;0;0;0;0;0;0;0;0;0;0;0;10770;0;0;125;0;42;0;
14288;5038108;1178537984;14176256;1376948224;0;0;0;0;0;0;0;0;0;0;0;1984;0;0;125;0;42;0;
14289;3395668;1178537984;14176256;1376948224;0;0;0;0;0;0;0;0;0;0;0;2525;0;0;125;0;42;0;
14290;5544538;1178537984;14176256;1376948224;0;0;0;0;0;0;0;0;0;0;0;2575;0;0;125;0;42;0;
14291;3106115;1178537984;14176256;1376948224;0;0;0;0;0;0;0;0;0;0;0;2404;0;0;125;0;42;0;
14292;5986267;1178537984;14176256;1376948224;0;0;0;0;0;0;0;0;0;0;0;3577;0;0;125;0;42;0;
14293;4568718;1178537984;14184448;1376956416;0;0;0;0;0;0;0;0;0;0;0;2384;0;0;125;0;42;0;
14294;4684765;1178537984;14184448;1376956416;0;0;0;0;0;0;0;0;0;0;0;2375;0;0;125;0;42;0;
14295;3851743;1178537984;14184448;1376956416;0;0;0;0;0;0;0;0;0;0;0;4238;0;0;125;0;42;0;
14296;5204801;1178537984;14184448;1376956416;0;0;0;0;0;0;0;0;0;0;0;3106;0;0;125;0;42;0;
14297;4325883;1178537984;14184448;1376956416;0;0;0;0;0;0;0;0;0;0;0;3477;0;0;125;0;42;0;
14298;6619604;1182248960;22147072;1384919040;0;0;0;0;0;0;0;0;0;0;0;3357;0;0;125;0;42;0;
14299;4972014;1184444416;22138880;1384910848;0;0;0;0;0;0;0;0;0;0;0;3817;0;0;125;0;42;0;
14300;5478505;1185792000;22138880;1384910848;0;0;0;0;0;0;0;0;0;0;0;3496;0;0;125;0;42;0;
14301;4409740;1185792000;22138880;1384910848;0;0;0;0;0;0;0;0;0;0;0;3537;0;0;125;0;42;0;
14302;4853803;1185792000;22138880;1384910848;0;0;0;0;0;0;0;0;0;0;0;3236;0;0;125;0;42;0;
14303;4758063;1185792000;22138880;1384910848;0;0;0;0;0;0;0;0;0;0;0;3647;0;0;125;0;42;0;
14304;5060541;1185792000;22138880;1384910848;0;0;0;0;0;0;0;0;0;0;0;2806;0;0;125;0;42;0;
14305;4661552;1178550272;14643200;1377415168;0;0;0;0;0;0;0;0;0;0;0;2244;0;0;125;0;42;0;
14306;4725593;1178550272;14643200;1377415168;0;0;0;0;0;0;0;0;0;0;0;1983;0;0;125;0;42;0;
14307;3860871;1178550272;14643200;1377415168;0;0;0;0;0;0;0;0;0;0;0;3486;0;0;125;0;42;0;
14308;4769715;1178550272;14643200;1377415168;0;0;0;0;0;0;0;0;0;0;0;2043;0;0;125;0;42;0;
14309;4004971;1178550272;14643200;1377415168;0;0;0;0;0;0;0;0;0;0;0;2865;0;0;125;0;42;0;
14310;4496522;1178550272;14643200;1377415168;0;0;0;0;0;0;0;0;0;0;0;2585;0;0;125;0;42;0;
14311;3635538;1178550272;14643200;1377415168;0;0;0;0;0;0;0;0;0;0;0;4999;0;0;125;0;42;0;
14312;5536042;1178550272;14643200;1377415168;0;0;0;0;0;0;0;0;0;0;0;2625;0;0;125;0;42;0;
14313;2970411;1178550272;14643200;1377415168;0;0;0;0;0;0;0;0;0;0;0;1813;0;0;125;0;42;0;
14314;5560638;1178550272;14643200;1377415168;0;0;0;0;0;0;0;0;0;0;0;3727;0;0;125;0;42;0;
14315;4451077;1178550272;14643200;1377415168;0;0;0;0;0;0;0;0;0;0;0;4158;0;0;125;0;42;0;
14316;5640348;1178550272;14643200;1377415168;0;0;0;0;0;0;0;0;0;0;0;2284;0;0;125;0;42;0;
14317;3062103;1178550272;14643200;1377415168;0;0;0;0;0;0;0;0;0;0;0;2625;0;0;125;0;42;0;
14318;4404390;1178550272;14643200;1377415168;0;0;0;0;0;0;0;0;0;0;0;2314;0;0;125;0;42;0;
14319;3782954;1178550272;14643200;1377415168;0;0;0;0;0;0;0;0;0;0;0;2745;0;0;125;0;42;0;
14320;5900405;1181990912;22138880;1384910848;0;0;0;0;0;0;0;0;0;0;0;2425;0;0;125;0;42;0;
14321;4075684;1184088064;22138880;1384910848;0;0;0;0;0;0;0;0;0;0;0;2906;0;0;125;0;42;0;
14322;5767286;1185976320;22138880;1384910848;0;0;0;0;0;0;0;0;0;0;0;2023;0;0;125;0;42;0;
14323;4001965;1185976320;22138880;1384910848;0;0;0;0;0;0;0;0;0;0;0;2785;0;0;125;0;42;0;
14324;4674196;1185976320;22138880;1384910848;0;0;0;0;0;0;0;0;0;0;0;2434;0;0;125;0;42;0;
14325;3864367;1185976320;22138880;1384910848;0;0;0;0;0;0;0;0;0;0;0;2615;0;0;125;0;42;0;
14326;4925017;1185976320;22138880;1384910848;0;0;0;0;0;0;0;0;0;0;0;2083;0;0;125;0;42;0;
14327;5581848;1178562560;14176256;1376948224;0;0;0;0;0;0;0;0;0;0;0;4608;0;0;125;0;42;0;
14328;5175136;1178562560;14176256;1376948224;0;0;0;0;0;0;0;0;0;0;0;3086;0;0;125;0;42;0;
14329;4347163;1178562560;14176256;1376948224;0;0;0;0;0;0;0;0;0;0;0;3407;0;0;125;0;42;0;
14330;5259523;1178562560;14176256;1376948224;0;0;0;0;0;0;0;0;0;0;0;3437;0;0;125;0;42;0;
14331;3659143;1178562560;14176256;1376948224;0;0;0;0;0;0;0;0;0;0;0;3537;0;0;125;0;42;0;
14332;5341397;1178562560;14176256;1376948224;0;0;0;0;0;0;0;0;0;0;0;2485;0;0;125;0;42;0;
14333;5285221;1178562560;14176256;1376948224;0;0;0;0;0;0;0;0;0;0;0;4899;0;0;125;0;42;0;
14334;5425264;1178562560;14176256;1376948224;0;0;0;0;0;0;0;0;0;0;0;4578;0;0;125;0;42;0;
14335;5002992;1178562560;14176256;1376948224;0;0;0;0;0;0;0;0;0;0;0;5330;0;0;125;0;42;0;
14336;4950624;1178562560;14176256;1376948224;0;0;0;0;0;0;0;0;0;0;0;3046;0;0;125;0;42;0;
14337;5938847;1178562560;14176256;1376948224;0;0;0;0;0;0;0;0;0;0;0;6081;0;0;125;0;42;0;
14338;5002451;1178562560;14176256;1376948224;0;0;0;0;0;0;0;0;0;0;0;2655;0;0;125;0;42;0;
14339;5075799;1178562560;14176256;1376948224;0;0;0;0;0;0;0;0;0;0;0;5821;0;0;125;0;42;0;
14340;5282577;1178562560;14176256;1376948224;0;0;0;0;0;0;0;0;0;0;0;2885;0;0;125;0;42;0;
14341;5188901;1178562560;14176256;1376948224;0;0;0;0;0;0;0;0;0;0;0;6112;0;0;125;0;42;0;
14342;5696313;1178562560;14176256;1376948224;0;0;0;0;0;0;0;0;0;0;0;2986;0;0;125;0;42;0;
14343;5494815;1178562560;14176256;1376948224;0;0;0;0;0;0;0;0;0;0;0;5510;0;0;125;0;42;0;
14344;6593225;1182273536;22138880;1384910848;0;0;0;0;0;0;0;0;0;0;0;5020;0;0;125;0;42;0;
14345;6635714;1184370688;22138880;1384910848;0;0;0;0;0;0;0;0;0;0;0;5119;0;0;125;0;42;0;
14346;7297626;1185988608;22138880;1384910848;0;0;0;0;0;0;0;0;0;0;0;4949;0;0;125;0;42;0;
14347;5452635;1185988608;22138880;1384910848;0;0;0;0;0;0;0;0;0;0;0;7274;0;0;125;0;42;0;
14348;6801034;1185988608;22138880;1384910848;0;0;0;0;0;0;0;0;0;0;0;5971;0;0;125;0;42;0;
14349;6461778;1185988608;22138880;1384910848;0;0;0;0;0;0;0;0;0;0;0;7063;0;0;125;0;42;0;
14350;5615351;1185988608;22138880;1384910848;0;0;0;0;0;0;0;0;0;0;0;4068;0;0;125;0;42;0;
14351;5471321;1178574848;14643200;1377415168;0;0;0;0;0;0;0;0;0;0;0;5460;0;0;125;0;42;0;
14352;5267789;1178574848;14643200;1377415168;0;0;0;0;0;0;0;0;0;0;0;3898;0;0;125;0;42;0;
14353;4345980;1178574848;14643200;1377415168;0;0;0;0;0;0;0;0;0;0;0;4459;0;0;125;0;42;0;
14354;5295652;1178574848;14643200;1377415168;0;0;0;0;0;0;0;0;0;0;0;2425;0;0;125;0;42;0;
14355;4651293;1178574848;14643200;1377415168;0;0;0;0;0;0;0;0;0;0;0;4999;0;0;125;0;42;0;
14356;4834496;1178574848;14643200;1377415168;0;0;0;0;0;0;0;0;0;0;0;2585;0;0;125;0;42;0;
14357;5623065;1178574848;14643200;1377415168;0;0;0;0;0;0;0;0;0;0;0;5350;0;0;125;0;42;0;
14358;4983806;1178574848;14643200;1377415168;0;0;0;0;0;0;0;0;0;0;0;2364;0;0;125;0;42;0;
14359;4538181;1178574848;14643200;1377415168;0;0;0;0;0;0;0;0;0;0;0;4759;0;0;125;0;42;0;
14360;5248122;1178574848;14643200;1377415168;0;0;0;0;0;0;0;0;0;0;0;3727;0;0;125;0;42;0;
14361;3833159;1178574848;14643200;1377415168;0;0;0;0;0;0;0;0;0;0;0;3957;0;0;125;0;42;0;
14362;4852009;1178574848;14643200;1377415168;0;0;0;0;0;0;0;0;0;0;0;3988;0;0;125;0;42;0;
14363;4525908;1178574848;14643200;1377415168;0;0;0;0;0;0;0;0;0;0;0;4248;0;0;125;0;42;0;
14364;4812655;1178574848;14643200;1377415168;0;0;0;0;0;0;0;0;0;0;0;2925;0;0;125;0;42;0;
14365;4144813;1178574848;14643200;1377415168;0;0;0;0;0;0;0;0;0;0;0;5851;0;0;125;0;42;0;
14366;4827753;1178574848;14643200;1377415168;0;0;0;0;0;0;0;0;0;0;0;2885;0;0;125;0;42;0;
14367;5935501;1178574848;14643200;1377415168;0;0;0;0;0;0;0;0;0;0;0;5250;0;0;125;0;42;0;
14368;5792233;1182015488;22138880;1384910848;0;0;0;0;0;0;0;0;0;0;0;3426;0;0;125;0;42;0;
14369;5373266;1184112640;22138880;1384910848;0;0;0;0;0;0;0;0;0;0;0;6101;0;0;125;0;42;0;
14370;5458366;1186000896;22138880;1384910848;0;0;0;0;0;0;0;0;0;0;0;2825;0;0;125;0;42;0;
14371;5292656;1186000896;22138880;1384910848;0;0;0;0;0;0;0;0;0;0;0;6432;0;0;125;0;42;0;
14372;4730301;1186000896;22138880;1384910848;0;0;0;0;0;0;0;0;0;0;0;3056;0;0;125;0;42;0;
14373;4468209;1186000896;22138880;1384910848;0;0;0;0;0;0;0;0;0;0;0;5410;0;0;125;0;42;0;
14374;4974239;1186000896;22138880;1384910848;0;0;0;0;0;0;0;0;0;0;0;2474;0;0;125;0;42;0;
14375;5385841;1178587136;14176256;1376948224;0;0;0;0;0;0;0;0;0;0;0;5430;0;0;125;0;42;0;
14376;4791346;1178587136;14176256;1376948224;0;0;0;0;0;0;0;0;0;0;0;2444;0;0;125;0;42;0;
14377;5220340;1178587136;14176256;1376948224;0;0;0;0;0;0;0;0;0;0;0;6262;0;0;125;0;42;0;
14378;4874091;1178587136;14176256;1376948224;0;0;0;0;0;0;0;0;0;0;0;2866;0;0;125;0;42;0;
14379;5081350;1178587136;14176256;1376948224;0;0;0;0;0;0;0;0;0;0;0;6081;0;0;125;0;42;0;
14380;5710830;1178587136;14176256;1376948224;0;0;0;0;0;0;0;0;0;0;0;2554;0;0;125;0;42;0;
14381;4179739;1178587136;14176256;1376948224;0;0;0;0;0;0;0;0;0;0;0;5270;0;0;125;0;42;0;
14382;5181528;1178587136;14176256;1376948224;0;0;0;0;0;0;0;0;0;0;0;2795;0;0;125;0;42;0;
14383;5283078;1178587136;14176256;1376948224;0;0;0;0;0;0;0;0;0;0;0;5550;0;0;125;0;42;0;
14384;5755423;1178587136;14176256;1376948224;0;0;0;0;0;0;0;0;0;0;0;3867;0;0;125;0;42;0;
14385;5482762;1178587136;14176256;1376948224;0;0;0;0;0;0;0;0;0;0;0;6512;0;0;125;0;42;0;
14386;5894454;1178587136;14176256;1376948224;0;0;0;0;0;0;0;0;0;0;0;5410;0;0;125;0;42;0;
14387;5097139;1178587136;14176256;1376948224;0;0;0;0;0;0;0;0;0;0;0;5921;0;0;125;0;42;0;
14388;5046655;1178587136;14176256;1376948224;0;0;0;0;0;0;0;0;0;0;0;2485;0;0;125;0;42;0;
14389;4138001;1178587136;14176256;1376948224;0;0;0;0;0;0;0;0;0;0;0;5280;0;0;125;0;42;0;
14390;6441811;1182298112;22138880;1384910848;0;0;0;0;0;0;0;0;0;0;0;5420;0;0;125;0;42;0;
14391;4288382;1184395264;22138880;1384910848;0;0;0;0;0;0;0;0;0;0;0;4398;0;0;125;0;42;0;
14392;5788415;1186013184;22138880;1384910848;0;0;0;0;0;0;0;0;0;0;0;4469;0;0;125;0;42;0;
14393;4808177;1186013184;22138880;1384910848;0;0;0;0;0;0;0;0;0;0;0;5079;0;0;125;0;42;0;
14394;5500696;1186013184;22138880;1384910848;0;0;0;0;0;0;0;0;0;0;0;4067;0;0;125;0;42;0;
14395;3763308;1186013184;22138880;1384910848;0;0;0;0;0;0;0;0;0;0;0;5189;0;0;125;0;42;0;
14396;5255186;1186013184;22138880;1384910848;0;0;0;0;0;0;0;0;0;0;0;2896;0;0;125;0;42;0;
14397;5562001;1178599424;14643200;1377415168;0;0;0;0;0;0;0;0;0;0;0;5440;0;0;125;0;42;0;
14398;4927241;1178599424;14643200;1377415168;0;0;0;0;0;0;0;0;0;0;0;3096;0;0;125;0;42;0;
14399;5528468;1178599424;14643200;1377415168;0;0;0;0;0;0;0;0;0;0;0;5751;0;0;125;0;42;0;
14400;5141432;1178599424;14643200;1377415168;0;0;0;0;0;0;0;0;0;0;0;2796;0;0;125;0;42;0;
14401;4605718;1178599424;14643200;1377415168;0;0;0;0;0;0;0;0;0;0;0;4509;0;0;125;0;42;0;
14402;5047967;1178599424;14643200;1377415168;0;0;0;0;0;0;0;0;0;0;0;4128;0;0;125;0;42;0;
14403;5276826;1178599424;14643200;1377415168;0;0;0;0;0;0;0;0;0;0;0;5350;0;0;125;0;42;0;
14404;5501447;1178599424;14643200;1377415168;0;0;0;0;0;0;0;0;0;0;0;4658;0;0;125;0;42;0;
14405;4916681;1178599424;14643200;1377415168;0;0;0;0;0;0;0;0;0;0;0;4959;0;0;125;0;42;0;
14406;5549768;1178599424;14643200;1377415168;0;0;0;0;0;0;0;0;0;0;0;2515;0;0;125;0;42;0;
14407;3836074;1178599424;14643200;1377415168;0;0;0;0;0;0;0;0;0;0;0;4989;0;0;125;0;42;0;
14408;4927822;1178599424;14643200;1377415168;0;0;0;0;0;0;0;0;0;0;0;2495;0;0;125;0;42;0;
14409;4430970;1178599424;14643200;1377415168;0;0;0;0;0;0;0;0;0;0;0;5530;0;0;125;0;42;0;
14410;4751461;1178599424;14643200;1377415168;0;0;0;0;0;0;0;0;0;0;0;2835;0;0;125;0;42;0;
14411;4206278;1178599424;14643200;1377415168;0;0;0;0;0;0;0;0;0;0;0;4499;0;0;125;0;42;0;
14412;4915208;1178599424;14643200;1377415168;0;0;0;0;0;0;0;0;0;0;0;3988;0;0;125;0;42;0;
14413;4697659;1178599424;14643200;1377415168;0;0;0;0;0;0;0;0;0;0;0;5400;0;0;125;0;42;0;
14414;6061588;1182040064;22138880;1384910848;0;0;0;0;0;0;0;0;0;0;0;3697;0;0;125;0;42;0;
14415;4107553;1184137216;22138880;1384910848;0;0;0;0;0;0;0;0;0;0;0;5170;0;0;125;0;42;0;
14416;4995238;1184137216;22138880;1384910848;0;0;0;0;0;0;0;0;0;0;0;3627;0;0;125;0;42;0;
14417;4891633;1184137216;22138880;1384910848;0;0;0;0;0;0;0;0;0;0;0;6152;0;0;125;0;42;0;
14418;4940385;1184137216;22138880;1384910848;0;0;0;0;0;0;0;0;0;0;0;2835;0;0;125;0;42;0;
14419;5244436;1184137216;22138880;1384910848;0;0;0;0;0;0;0;0;0;0;0;6332;0;0;125;0;42;0;
14420;5534429;1184137216;22138880;1384910848;0;0;0;0;0;0;0;0;0;0;0;2906;0;0;125;0;42;0;
14421;5871241;1184137216;22138880;1384910848;0;0;0;0;0;0;0;0;0;0;0;6783;0;0;125;0;42;0;
14422;5283970;1184137216;22138880;1384910848;0;0;0;0;0;0;0;0;0;0;0;3466;0;0;125;0;42;0;
14423;6127772;1178611712;14643200;1377415168;0;0;0;0;0;0;0;0;0;0;0;6933;0;0;125;0;42;0;
14424;5900706;1178611712;14643200;1377415168;0;0;0;0;0;0;0;0;0;0;0;3126;0;0;125;0;42;0;
14425;5915564;1178611712;14643200;1377415168;0;0;0;0;0;0;0;0;0;0;0;6843;0;0;125;0;42;0;
14426;5655376;1178611712;14643200;1377415168;0;0;0;0;0;0;0;0;0;0;0;5220;0;0;125;0;42;0;
14427;5150008;1178611712;14643200;1377415168;0;0;0;0;0;0;0;0;0;0;0;5941;0;0;125;0;42;0;
14428;5208017;1178611712;14643200;1377415168;0;0;0;0;0;0;0;0;0;0;0;4949;0;0;125;0;42;0;
14429;5218547;1178611712;14643200;1377415168;0;0;0;0;0;0;0;0;0;0;0;5390;0;0;125;0;42;0;
14430;5564866;1178611712;14643200;1377415168;0;0;0;0;0;0;0;0;0;0;0;4368;0;0;125;0;42;0;
14431;4887857;1178611712;14643200;1377415168;0;0;0;0;0;0;0;0;0;0;0;5120;0;0;125;0;42;0;
14432;5453017;1178611712;14643200;1377415168;0;0;0;0;0;0;0;0;0;0;0;4940;0;0;125;0;42;0;
14433;3504923;1178611712;14643200;1377415168;0;0;0;0;0;0;0;0;0;0;0;2955;0;0;125;0;42;0;
14434;4723819;1178611712;14643200;1377415168;0;0;0;0;0;0;0;0;0;0;0;2014;0;0;125;0;42;0;
14435;3722722;1178611712;14643200;1377415168;0;0;0;0;0;0;0;0;0;0;0;2785;0;0;125;0;42;0;
14436;5556841;1182052352;22138880;1384910848;0;0;0;0;0;0;0;0;0;0;0;2665;0;0;125;0;42;0;
14437;3395638;1184149504;22138880;1384910848;0;0;0;0;0;0;0;0;0;0;0;2615;0;0;125;0;42;0;
14438;4725392;1184149504;22138880;1384910848;0;0;0;0;0;0;0;0;0;0;0;2424;0;0;125;0;42;0;
14439;4245893;1184149504;22138880;1384910848;0;0;0;0;0;0;0;0;0;0;0;2875;0;0;125;0;42;0;
14440;4376478;1184149504;22138880;1384910848;0;0;0;0;0;0;0;0;0;0;0;2444;0;0;125;0;42;0;
14441;3456072;1184149504;22138880;1384910848;0;0;0;0;0;0;0;0;0;0;0;3075;0;0;125;0;42;0;
14442;4927862;1184149504;22138880;1384910848;0;0;0;0;0;0;0;0;0;0;0;2695;0;0;125;0;42;0;
14443;3909983;1184149504;22138880;1384910848;0;0;0;0;0;0;0;0;0;0;0;3056;0;0;125;0;42;0;
14444;4792227;1184149504;22138880;1384910848;0;0;0;0;0;0;0;0;0;0;0;1964;0;0;125;0;42;0;
14445;4896954;1178624000;14643200;1377415168;0;0;0;0;0;0;0;0;0;0;0;3276;0;0;125;0;42;0;
14446;5664763;1178624000;14643200;1377415168;0;0;0;0;0;0;0;0;0;0;0;3186;0;0;125;0;42;0;
14447;3416076;1178624000;14643200;1377415168;0;0;0;0;0;0;0;0;0;0;0;3216;0;0;125;0;42;0;
14448;4384643;1178624000;14643200;1377415168;0;0;0;0;0;0;0;0;0;0;0;2134;0;0;125;0;42;0;
14449;3387082;1178624000;14643200;1377415168;0;0;0;0;0;0;0;0;0;0;0;3436;0;0;125;0;42;0;
14450;4687240;1178624000;14643200;1377415168;0;0;0;0;0;0;0;0;0;0;0;2965;0;0;125;0;42;0;
14451;13613441;1178624000;14643200;1377415168;0;0;0;0;0;0;0;0;0;0;0;3847;0;0;125;0;42;0;
14452;5718504;1178624000;14643200;1377415168;0;0;0;0;0;0;0;0;0;0;0;3717;0;0;125;0;42;0;
14453;4255851;1178624000;14643200;1377415168;0;0;0;0;0;0;0;0;0;0;0;2334;0;0;125;0;42;0;
14454;5027468;1178624000;14643200;1377415168;0;0;0;0;0;0;0;0;0;0;0;2024;0;0;125;0;42;0;
14455;3765532;1178624000;14643200;1377415168;0;0;0;0;0;0;0;0;0;0;0;2795;0;0;125;0;42;0;
14456;4990108;1178624000;14643200;1377415168;0;0;0;0;0;0;0;0;0;0;0;2335;0;0;125;0;42;0;
14457;4357191;1178624000;14643200;1377415168;0;0;0;0;0;0;0;0;0;0;0;3156;0;0;125;0;42;0;
14458;5080799;1178624000;14643200;1377415168;0;0;0;0;0;0;0;0;0;0;0;2955;0;0;125;0;42;0;
14459;4877878;1178624000;14643200;1377415168;0;0;0;0;0;0;0;0;0;0;0;3347;0;0;125;0;42;0;
14460;6506923;1182064640;22138880;1384910848;0;0;0;0;0;0;0;0;0;0;0;3637;0;0;125;0;42;0;
14461;4126278;1184161792;22138880;1384910848;0;0;0;0;0;0;0;0;0;0;0;3516;0;0;125;0;42;0;
14462;5899294;1184161792;22138880;1384910848;0;0;0;0;0;0;0;0;0;0;0;3135;0;0;125;0;42;0;
14463;4165612;1184161792;22138880;1384910848;0;0;0;0;0;0;0;0;0;0;0;3967;0;0;125;0;42;0;
14464;5168563;1184161792;22138880;1384910848;0;0;0;0;0;0;0;0;0;0;0;2785;0;0;125;0;42;0;
14465;4210165;1184161792;22138880;1384910848;0;0;0;0;0;0;0;0;0;0;0;3657;0;0;125;0;42;0;
14466;5785630;1184161792;22138880;1384910848;0;0;0;0;0;0;0;0;0;0;0;3527;0;0;125;0;42;0;
14467;4442782;1184161792;22138880;1384910848;0;0;0;0;0;0;0;0;0;0;0;3426;0;0;125;0;42;0;
14468;5681385;1184161792;22138880;1384910848;0;0;0;0;0;0;0;0;0;0;0;2895;0;0;125;0;42;0;
14469;5332841;1178636288;14643200;1377415168;0;0;0;0;0;0;0;0;0;0;0;3787;0;0;125;0;42;0;
14470;5024724;1178636288;14643200;1377415168;0;0;0;0;0;0;0;0;0;0;0;3386;0;0;125;0;42;0;
14471;4747163;1178636288;14643200;1377415168;0;0;0;0;0;0;0;0;0;0;0;4188;0;0;125;0;42;0;
14472;5142474;1178636288;14643200;1377415168;0;0;0;0;0;0;0;0;0;0;0;2895;0;0;125;0;42;0;
14473;4044925;1178636288;14643200;1377415168;0;0;0;0;0;0;0;0;0;0;0;3386;0;0;125;0;42;0;
14474;5067153;1178636288;14643200;1377415168;0;0;0;0;0;0;0;0;0;0;0;2956;0;0;125;0;42;0;
14475;3819623;1178636288;14643200;1377415168;0;0;0;0;0;0;0;0;0;0;0;3016;0;0;125;0;42;0;
14476;4935627;1178636288;14643200;1377415168;0;0;0;0;0;0;0;0;0;0;0;2094;0;0;125;0;42;0;
14477;3197487;1178636288;14643200;1377415168;0;0;0;0;0;0;0;0;0;0;0;2805;0;0;125;0;42;0;
14478;4695697;1178636288;14643200;1377415168;0;0;0;0;0;0;0;0;0;0;0;2164;0;0;125;0;42;0;
14479;2773661;1178636288;14643200;1377415168;0;0;0;0;0;0;0;0;0;0;0;3386;0;0;125;0;42;0;
14480;4665800;1178636288;14643200;1377415168;0;0;0;0;0;0;0;0;0;0;0;2495;0;0;125;0;42;0;
14481;3390147;1178636288;14643200;1377415168;0;0;0;0;0;0;0;0;0;0;0;2184;0;0;125;0;42;0;
14482;5495606;1182076928;22138880;1384910848;0;0;0;0;0;0;0;0;0;0;0;3176;0;0;125;0;42;0;
14483;3837256;1184174080;22138880;1384910848;0;0;0;0;0;0;0;0;0;0;0;3717;0;0;125;0;42;0;
14484;4963418;1184174080;22138880;1384910848;0;0;0;0;0;0;0;0;0;0;0;2936;0;0;125;0;42;0;
14485;3295139;1184174080;22138880;1384910848;0;0;0;0;0;0;0;0;0;0;0;2835;0;0;125;0;42;0;
14486;4439186;1184174080;22138880;1384910848;0;0;0;0;0;0;0;0;0;0;0;2144;0;0;125;0;42;0;
14487;3775801;1184174080;22138880;1384910848;0;0;0;0;0;0;0;0;0;0;0;2374;0;0;125;0;42;0;
14488;4640803;1184174080;22138880;1384910848;0;0;0;0;0;0;0;0;0;0;0;1894;0;0;125;0;42;0;
14489;2846428;1184174080;22138880;1384910848;0;0;0;0;0;0;0;0;0;0;0;2735;0;0;125;0;42;0;
14490;4739218;1184174080;22138880;1384910848;0;0;0;0;0;0;0;0;0;0;0;2024;0;0;125;0;42;0;
14491;3056261;1178648576;14643200;1377415168;0;0;0;0;0;0;0;0;0;0;0;2455;0;0;125;0;42;0;
14492;4602050;1178648576;14643200;1377415168;0;0;0;0;0;0;0;0;0;0;0;2114;0;0;125;0;42;0;
14493;3810486;1178648576;14643200;1377415168;0;0;0;0;0;0;0;0;0;0;0;2755;0;0;125;0;42;0;
14494;4832703;1178648576;14643200;1377415168;0;0;0;0;0;0;0;0;0;0;0;2013;0;0;125;0;42;0;
14495;3890776;1178648576;14643200;1377415168;0;0;0;0;0;0;0;0;0;0;0;2224;0;0;125;0;42;0;
14496;5522707;1178648576;14643200;1377415168;0;0;0;0;0;0;0;0;0;0;0;2404;0;0;125;0;42;0;
14497;2774663;1178648576;14643200;1377415168;0;0;0;0;0;0;0;0;0;0;0;2544;0;0;125;0;42;0;
14498;5003514;1178648576;14643200;1377415168;0;0;0;0;0;0;0;0;0;0;0;2174;0;0;125;0;42;0;
14499;2746962;1178648576;14643200;1377415168;0;0;0;0;0;0;0;0;0;0;0;2695;0;0;125;0;42;0;
14500;5052786;1178648576;14643200;1377415168;0;0;0;0;0;0;0;0;0;0;0;2565;0;0;125;0;42;0;
14501;3024232;1178648576;14643200;1377415168;0;0;0;0;0;0;0;0;0;0;0;3337;0;0;125;0;42;0;
14502;4847030;1178648576;14643200;1377415168;0;0;0;0;0;0;0;0;0;0;0;2355;0;0;125;0;42;0;
14503;3309627;1178648576;14643200;1377415168;0;0;0;0;0;0;0;0;0;0;0;2355;0;0;125;0;42;0;
14504;4673785;1178648576;14643200;1377415168;0;0;0;0;0;0;0;0;0;0;0;2595;0;0;125;0;42;0;
14505;3746356;1178648576;14643200;1377415168;0;0;0;0;0;0;0;0;0;0;0;2845;0;0;125;0;42;0;
14506;5549107;1182089216;22138880;1384910848;0;0;0;0;0;0;0;0;0;0;0;2565;0;0;125;0;42;0;
14507;3441113;1184186368;22138880;1384910848;0;0;0;0;0;0;0;0;0;0;0;3346;0;0;125;0;42;0;
14508;4935956;1184186368;22138880;1384910848;0;0;0;0;0;0;0;0;0;0;0;2675;0;0;125;0;42;0;
14509;3867273;1184186368;22138880;1384910848;0;0;0;0;0;0;0;0;0;0;0;2785;0;0;125;0;42;0;
14510;4645532;1184186368;22138880;1384910848;0;0;0;0;0;0;0;0;0;0;0;2595;0;0;125;0;42;0;
14511;3435243;1184186368;22138880;1384910848;0;0;0;0;0;0;0;0;0;0;0;2935;0;0;125;0;42;0;
14512;4591541;1184186368;22138880;1384910848;0;0;0;0;0;0;0;0;0;0;0;2244;0;0;125;0;42;0;
14513;2781897;1184186368;22138880;1384910848;0;0;0;0;0;0;0;0;0;0;0;3236;0;0;125;0;42;0;
14514;4868581;1184186368;22138880;1384910848;0;0;0;0;0;0;0;0;0;0;0;2184;0;0;125;0;42;0;
14515;2902543;1178660864;14643200;1377415168;0;0;0;0;0;0;0;0;0;0;0;3065;0;0;125;0;42;0;
14516;4792868;1178660864;14643200;1377415168;0;0;0;0;0;0;0;0;0;0;0;2504;0;0;125;0;42;0;
14517;2954140;1178660864;14643200;1377415168;0;0;0;0;0;0;0;0;0;0;0;2895;0;0;125;0;42;0;
14518;4822173;1178660864;14643200;1377415168;0;0;0;0;0;0;0;0;0;0;0;2174;0;0;125;0;42;0;
14519;3358759;1178660864;14643200;1377415168;0;0;0;0;0;0;0;0;0;0;0;2555;0;0;125;0;42;0;
14520;4784312;1178660864;14643200;1377415168;0;0;0;0;0;0;0;0;0;0;0;2024;0;0;125;0;42;0;
14521;4109667;1178660864;14643200;1377415168;0;0;0;0;0;0;0;0;0;0;0;3166;0;0;125;0;42;0;
14522;4670669;1178660864;14643200;1377415168;0;0;0;0;0;0;0;0;0;0;0;2254;0;0;125;0;42;0;
14523;3298276;1178660864;14643200;1377415168;0;0;0;0;0;0;0;0;0;0;0;2384;0;0;125;0;42;0;
14524;4988836;1178660864;14643200;1377415168;0;0;0;0;0;0;0;0;0;0;0;1733;0;0;125;0;42;0;
14525;3848848;1178660864;14643200;1377415168;0;0;0;0;0;0;0;0;0;0;0;3556;0;0;125;0;42;0;
14526;4849755;1178660864;14643200;1377415168;0;0;0;0;0;0;0;0;0;0;0;3146;0;0;125;0;42;0;
14527;4329669;1178660864;14643200;1377415168;0;0;0;0;0;0;0;0;0;0;0;3185;0;0;125;0;42;0;
14528;4961785;1178660864;14643200;1377415168;0;0;0;0;0;0;0;0;0;0;0;3126;0;0;125;0;42;0;
14529;3779278;1178660864;14643200;1377415168;0;0;0;0;0;0;0;0;0;0;0;3196;0;0;125;0;42;0;
14530;6016493;1182101504;22138880;1384910848;0;0;0;0;0;0;0;0;0;0;0;3066;0;0;125;0;42;0;
14531;4197562;1184198656;22138880;1384910848;0;0;0;0;0;0;0;0;0;0;0;3357;0;0;125;0;42;0;
14532;4747453;1184198656;22138880;1384910848;0;0;0;0;0;0;0;0;0;0;0;2254;0;0;125;0;42;0;
14533;2758404;1184198656;22138880;1384910848;0;0;0;0;0;0;0;0;0;0;0;2544;0;0;125;0;42;0;
14534;4906492;1184198656;22138880;1384910848;0;0;0;0;0;0;0;0;0;0;0;1914;0;0;125;0;42;0;
14535;3007420;1184198656;22138880;1384910848;0;0;0;0;0;0;0;0;0;0;0;2745;0;0;125;0;42;0;
14536;4622118;1184198656;22138880;1384910848;0;0;0;0;0;0;0;0;0;0;0;2465;0;0;125;0;42;0;
14537;2638748;1184198656;22138880;1384910848;0;0;0;0;0;0;0;0;0;0;0;2735;0;0;125;0;42;0;
14538;4634432;1184198656;22138880;1384910848;0;0;0;0;0;0;0;0;0;0;0;2365;0;0;125;0;42;0;
14539;3057584;1178673152;14643200;1377415168;0;0;0;0;0;0;0;0;0;0;0;3056;0;0;125;0;42;0;
14540;4500860;1178673152;14643200;1377415168;0;0;0;0;0;0;0;0;0;0;0;2575;0;0;125;0;42;0;
14541;5110554;1178673152;14643200;1377415168;0;0;0;0;0;0;0;0;0;0;0;6933;0;0;125;0;42;0;
14542;5483614;1178673152;14643200;1377415168;0;0;0;0;0;0;0;0;0;0;0;2315;0;0;125;0;42;0;
14543;4683543;1178673152;14643200;1377415168;0;0;0;0;0;0;0;0;0;0;0;2525;0;0;125;0;42;0;
14544;4642817;1178673152;14643200;1377415168;0;0;0;0;0;0;0;0;0;0;0;2686;0;0;125;0;42;0;
14545;3481168;1178673152;14643200;1377415168;0;0;0;0;0;0;0;0;0;0;0;3226;0;0;125;0;42;0;
14546;4485733;1178673152;14643200;1377415168;0;0;0;0;0;0;0;0;0;0;0;2344;0;0;125;0;42;0;
14547;3551039;1178673152;14643200;1377415168;0;0;0;0;0;0;0;0;0;0;0;2394;0;0;125;0;42;0;
14548;4822915;1178673152;14643200;1377415168;0;0;0;0;0;0;0;0;0;0;0;2244;0;0;125;0;42;0;
14549;3703957;1178673152;14643200;1377415168;0;0;0;0;0;0;0;0;0;0;0;2374;0;0;125;0;42;0;
14550;4895702;1178673152;14643200;1377415168;0;0;0;0;0;0;0;0;0;0;0;2073;0;0;125;0;42;0;
14551;3155188;1178673152;14643200;1377415168;0;0;0;0;0;0;0;0;0;0;0;2835;0;0;125;0;42;0;
14552;5674442;1182113792;22138880;1384910848;0;0;0;0;0;0;0;0;0;0;0;2775;0;0;125;0;42;0;
14553;3784828;1184210944;22138880;1384910848;0;0;0;0;0;0;0;0;0;0;0;3486;0;0;125;0;42;0;
14554;4506331;1184210944;22138880;1384910848;0;0;0;0;0;0;0;0;0;0;0;2124;0;0;125;0;42;0;
14555;3888683;1184210944;22138880;1384910848;0;0;0;0;0;0;0;0;0;0;0;2284;0;0;125;0;42;0;
14556;4732706;1184210944;22138880;1384910848;0;0;0;0;0;0;0;0;0;0;0;2295;0;0;125;0;42;0;
14557;3307032;1184210944;22138880;1384910848;0;0;0;0;0;0;0;0;0;0;0;2224;0;0;125;0;42;0;
14558;4963218;1184210944;22138880;1384910848;0;0;0;0;0;0;0;0;0;0;0;2044;0;0;125;0;42;0;
14559;3516625;1184210944;22138880;1384910848;0;0;0;0;0;0;0;0;0;0;0;2625;0;0;125;0;42;0;
14560;5248052;1184210944;22138880;1384910848;0;0;0;0;0;0;0;0;0;0;0;1964;0;0;125;0;42;0;
14561;3237131;1178685440;14643200;1377415168;0;0;0;0;0;0;0;0;0;0;0;2335;0;0;125;0;42;0;
14562;5581608;1178685440;14643200;1377415168;0;0;0;0;0;0;0;0;0;0;0;1783;0;0;125;0;42;0;
14563;3702002;1178685440;14643200;1377415168;0;0;0;0;0;0;0;0;0;0;0;2515;0;0;125;0;42;0;
14564;4573517;1178685440;14643200;1377415168;0;0;0;0;0;0;0;0;0;0;0;1963;0;0;125;0;42;0;
14565;6478259;1178685440;14643200;1377415168;0;0;0;0;0;0;0;0;0;0;0;5771;0;0;125;0;42;0;
14566;6146728;1178685440;14643200;1377415168;0;0;0;0;0;0;0;0;0;0;0;2425;0;0;125;0;42;0;
14567;3365962;1178685440;14643200;1377415168;0;0;0;0;0;0;0;0;0;0;0;2444;0;0;125;0;42;0;
14568;4714372;1178685440;14643200;1377415168;0;0;0;0;0;0;0;0;0;0;0;2144;0;0;125;0;42;0;
14569;3402681;1178685440;14643200;1377415168;0;0;0;0;0;0;0;0;0;0;0;2295;0;0;125;0;42;0;
14570;4811533;1178685440;14643200;1377415168;0;0;0;0;0;0;0;0;0;0;0;2254;0;0;125;0;42;0;
14571;3360833;1178685440;14643200;1377415168;0;0;0;0;0;0;0;0;0;0;0;2825;0;0;125;0;42;0;
14572;4785885;1178685440;14643200;1377415168;0;0;0;0;0;0;0;0;0;0;0;2224;0;0;125;0;42;0;
14573;3905114;1178685440;14643200;1377415168;0;0;0;0;0;0;0;0;0;0;0;2956;0;0;125;0;42;0;
14574;5044851;1178685440;14643200;1377415168;0;0;0;0;0;0;0;0;0;0;0;2204;0;0;125;0;42;0;
14575;3569054;1178685440;14643200;1377415168;0;0;0;0;0;0;0;0;0;0;0;2845;0;0;125;0;42;0;
14576;5402282;1182126080;22138880;1384910848;0;0;0;0;0;0;0;0;0;0;0;2254;0;0;125;0;42;0;
14577;5639837;1184223232;22138880;1384910848;0;0;0;0;0;0;0;0;0;0;0;2906;0;0;125;0;42;0;
14578;5148736;1184223232;22138880;1384910848;0;0;0;0;0;0;0;0;0;0;0;2775;0;0;125;0;42;0;
14579;3630930;1184223232;22138880;1384910848;0;0;0;0;0;0;0;0;0;0;0;3056;0;0;125;0;42;0;
14580;4840799;1184223232;22138880;1384910848;0;0;0;0;0;0;0;0;0;0;0;2455;0;0;125;0;42;0;
14581;3388094;1184223232;22138880;1384910848;0;0;0;0;0;0;0;0;0;0;0;2345;0;0;125;0;42;0;
14582;4589387;1184223232;22138880;1384910848;0;0;0;0;0;0;0;0;0;0;0;2404;0;0;125;0;42;0;
14583;3464226;1184223232;22138880;1384910848;0;0;0;0;0;0;0;0;0;0;0;2495;0;0;125;0;42;0;
14584;4694765;1184223232;22138880;1384910848;0;0;0;0;0;0;0;0;0;0;0;1954;0;0;125;0;42;0;
14585;4683633;1178697728;14643200;1377415168;0;0;0;0;0;0;0;0;0;0;0;3166;0;0;125;0;42;0;
14586;4660931;1178697728;14643200;1377415168;0;0;0;0;0;0;0;0;0;0;0;2144;0;0;125;0;42;0;
14587;2918814;1178697728;14643200;1377415168;0;0;0;0;0;0;0;0;0;0;0;2495;0;0;125;0;42;0;
14588;5157443;1178697728;14643200;1377415168;0;0;0;0;0;0;0;0;0;0;0;2034;0;0;125;0;42;0;
14589;3535280;1178697728;14643200;1377415168;0;0;0;0;0;0;0;0;0;0;0;2244;0;0;125;0;42;0;
14590;4543832;1178697728;14643200;1377415168;0;0;0;0;0;0;0;0;0;0;0;2225;0;0;125;0;42;0;
14591;3612575;1178697728;14643200;1377415168;0;0;0;0;0;0;0;0;0;0;0;1984;0;0;125;0;42;0;
14592;4758964;1178697728;14643200;1377415168;0;0;0;0;0;0;0;0;0;0;0;2124;0;0;125;0;42;0;
14593;2873990;1178697728;14643200;1377415168;0;0;0;0;0;0;0;0;0;0;0;2214;0;0;125;0;42;0;
14594;4616368;1178697728;14643200;1377415168;0;0;0;0;0;0;0;0;0;0;0;2184;0;0;125;0;42;0;
14595;3061271;1178697728;14643200;1377415168;0;0;0;0;0;0;0;0;0;0;0;2926;0;0;125;0;42;0;
14596;5110223;1178697728;14643200;1377415168;0;0;0;0;0;0;0;0;0;0;0;2324;0;0;125;0;42;0;
14597;3421517;1178697728;14643200;1377415168;0;0;0;0;0;0;0;0;0;0;0;2315;0;0;125;0;42;0;
14598;5637733;1182138368;22138880;1384910848;0;0;0;0;0;0;0;0;0;0;0;2555;0;0;125;0;42;0;
14599;3894324;1184235520;22138880;1384910848;0;0;0;0;0;0;0;0;0;0;0;3206;0;0;125;0;42;0;
14600;4614894;1184235520;22138880;1384910848;0;0;0;0;0;0;0;0;0;0;0;2444;0;0;125;0;42;0;
14601;3735125;1184235520;22138880;1384910848;0;0;0;0;0;0;0;0;0;0;0;2835;0;0;125;0;42;0;
14602;5159887;1184235520;22138880;1384910848;0;0;0;0;0;0;0;0;0;0;0;2244;0;0;125;0;42;0;
14603;4035498;1184235520;22138880;1384910848;0;0;0;0;0;0;0;0;0;0;0;2755;0;0;125;0;42;0;
14604;4990609;1184235520;22138880;1384910848;0;0;0;0;0;0;0;0;0;0;0;3016;0;0;125;0;42;0;
14605;5714457;1184235520;22138880;1384910848;0;0;0;0;0;0;0;0;0;0;0;6132;0;0;125;0;42;0;
14606;5638304;1184235520;22138880;1384910848;0;0;0;0;0;0;0;0;0;0;0;2645;0;0;125;0;42;0;
14607;5497590;1178710016;14643200;1377415168;0;0;0;0;0;0;0;0;0;0;0;3476;0;0;125;0;42;0;
14608;4968578;1178710016;14643200;1377415168;0;0;0;0;0;0;0;0;0;0;0;2134;0;0;125;0;42;0;
14609;3036836;1178710016;14643200;1377415168;0;0;0;0;0;0;0;0;0;0;0;2765;0;0;125;0;42;0;
14610;4856709;1178710016;14643200;1377415168;0;0;0;0;0;0;0;0;0;0;0;2294;0;0;125;0;42;0;
14611;3442115;1178710016;14643200;1377415168;0;0;0;0;0;0;0;0;0;0;0;2354;0;0;125;0;42;0;
14612;4450667;1178710016;14643200;1377415168;0;0;0;0;0;0;0;0;0;0;0;2174;0;0;125;0;42;0;
14613;3443688;1178710016;14643200;1377415168;0;0;0;0;0;0;0;0;0;0;0;2295;0;0;125;0;42;0;
14614;4533933;1178710016;14643200;1377415168;0;0;0;0;0;0;0;0;0;0;0;1894;0;0;125;0;42;0;
14615;4093366;1178710016;14643200;1377415168;0;0;0;0;0;0;0;0;0;0;0;2414;0;0;125;0;42;0;
14616;4836600;1178710016;14643200;1377415168;0;0;0;0;0;0;0;0;0;0;0;2435;0;0;125;0;42;0;
14617;3077211;1178710016;14643200;1377415168;0;0;0;0;0;0;0;0;0;0;0;2675;0;0;125;0;42;0;
14618;4785004;1178710016;14643200;1377415168;0;0;0;0;0;0;0;0;0;0;0;2034;0;0;125;0;42;0;
14619;2755758;1178710016;14643200;1377415168;0;0;0;0;0;0;0;0;0;0;0;2484;0;0;125;0;42;0;
14620;4604385;1178710016;14643200;1377415168;0;0;0;0;0;0;0;0;0;0;0;2254;0;0;125;0;42;0;
14621;2852469;1178710016;14643200;1377415168;0;0;0;0;0;0;0;0;0;0;0;2295;0;0;125;0;42;0;
14622;4484880;1178710016;14643200;1377415168;0;0;0;0;0;0;0;0;0;0;0;2084;0;0;125;0;42;0;
14623;3257449;1178710016;14643200;1377415168;0;0;0;0;0;0;0;0;0;0;0;2334;0;0;125;0;42;0;
14624;5679952;1182150656;22138880;1384910848;0;0;0;0;0;0;0;0;0;0;0;2605;0;0;125;0;42;0;
14625;3628204;1184247808;22138880;1384910848;0;0;0;0;0;0;0;0;0;0;0;3076;0;0;125;0;42;0;
14626;4644952;1184247808;22138880;1384910848;0;0;0;0;0;0;0;0;0;0;0;2254;0;0;125;0;42;0;
14627;4243247;1184247808;22138880;1384910848;0;0;0;0;0;0;0;0;0;0;0;2975;0;0;125;0;42;0;
14628;4752523;1184247808;22138880;1384910848;0;0;0;0;0;0;0;0;0;0;0;2053;0;0;125;0;42;0;
14629;3045291;1184247808;22138880;1384910848;0;0;0;0;0;0;0;0;0;0;0;2315;0;0;125;0;42;0;
14630;4852460;1184247808;22138880;1384910848;0;0;0;0;0;0;0;0;0;0;0;2264;0;0;125;0;42;0;
14631;3515994;1184247808;22138880;1384910848;0;0;0;0;0;0;0;0;0;0;0;3286;0;0;125;0;42;0;
14632;4563528;1184247808;22138880;1384910848;0;0;0;0;0;0;0;0;0;0;0;2304;0;0;125;0;42;0;
14633;3342738;1178722304;14643200;1377415168;0;0;0;0;0;0;0;0;0;0;0;2204;0;0;125;0;42;0;
14634;4725332;1178722304;14643200;1377415168;0;0;0;0;0;0;0;0;0;0;0;1933;0;0;125;0;42;0;
14635;2360246;1178722304;14643200;1377415168;0;0;0;0;0;0;0;0;0;0;0;2455;0;0;125;0;42;0;
14636;4920779;1178722304;14643200;1377415168;0;0;0;0;0;0;0;0;0;0;0;2074;0;0;125;0;42;0;
14637;2592772;1178722304;14643200;1377415168;0;0;0;0;0;0;0;0;0;0;0;2034;0;0;125;0;42;0;
14638;5079085;1178722304;14643200;1377415168;0;0;0;0;0;0;0;0;0;0;0;2003;0;0;125;0;42;0;
14639;2673674;1178722304;14643200;1377415168;0;0;0;0;0;0;0;0;0;0;0;2735;0;0;125;0;42;0;
14640;4639401;1178722304;14643200;1377415168;0;0;0;0;0;0;0;0;0;0;0;2114;0;0;125;0;42;0;
14641;3042616;1178722304;14643200;1377415168;0;0;0;0;0;0;0;0;0;0;0;2404;0;0;125;0;42;0;
14642;4593033;1178722304;14643200;1377415168;0;0;0;0;0;0;0;0;0;0;0;2144;0;0;125;0;42;0;
14643;3582869;1178722304;14643200;1377415168;0;0;0;0;0;0;0;0;0;0;0;2394;0;0;125;0;42;0;
14644;4467709;1178722304;14643200;1377415168;0;0;0;0;0;0;0;0;0;0;0;2224;0;0;125;0;42;0;
14645;2170781;1178722304;14643200;1377415168;0;0;0;0;0;0;0;0;0;0;0;2435;0;0;125;0;42;0;
14646;5670926;1182162944;22138880;1384910848;0;0;0;0;0;0;0;0;0;0;0;2384;0;0;125;0;42;0;
14647;3130130;1184260096;22138880;1384910848;0;0;0;0;0;0;0;0;0;0;0;2745;0;0;125;0;42;0;
14648;4773723;1184260096;22138880;1384910848;0;0;0;0;0;0;0;0;0;0;0;2525;0;0;125;0;42;0;
14649;3183951;1184260096;22138880;1384910848;0;0;0;0;0;0;0;0;0;0;0;6221;0;0;125;0;42;0;
14650;4625895;1184260096;22138880;1384910848;0;0;0;0;0;0;0;0;0;0;0;2033;0;0;125;0;42;0;
14651;2870262;1184260096;22138880;1384910848;0;0;0;0;0;0;0;0;0;0;0;2354;0;0;125;0;42;0;
14652;4493327;1184260096;22138880;1384910848;0;0;0;0;0;0;0;0;0;0;0;2204;0;0;125;0;42;0;
14653;3684941;1184260096;22138880;1384910848;0;0;0;0;0;0;0;0;0;0;0;2575;0;0;125;0;42;0;
14654;4835048;1184260096;22138880;1384910848;0;0;0;0;0;0;0;0;0;0;0;2013;0;0;125;0;42;0;
14655;3462052;1178734592;14643200;1377415168;0;0;0;0;0;0;0;0;0;0;0;118683;0;0;125;0;42;0;
14656;4832443;1178734592;14643200;1377415168;0;0;0;0;0;0;0;0;0;0;0;1804;0;0;125;0;42;0;
14657;2867257;1178734592;14643200;1377415168;0;0;0;0;0;0;0;0;0;0;0;3026;0;0;125;0;42;0;
14658;4955473;1178734592;14643200;1377415168;0;0;0;0;0;0;0;0;0;0;0;1903;0;0;125;0;42;0;
14659;2920738;1178734592;14643200;1377415168;0;0;0;0;0;0;0;0;0;0;0;2865;0;0;125;0;42;0;
14660;4604966;1178734592;14643200;1377415168;0;0;0;0;0;0;0;0;0;0;0;2304;0;0;125;0;42;0;
14661;3879645;1178734592;14643200;1377415168;0;0;0;0;0;0;0;0;0;0;0;2996;0;0;125;0;42;0;
14662;4747473;1178734592;14643200;1377415168;0;0;0;0;0;0;0;0;0;0;0;2164;0;0;125;0;42;0;
14663;2639019;1178734592;14643200;1377415168;0;0;0;0;0;0;0;0;0;0;0;2314;0;0;125;0;42;0;
14664;4508124;1178734592;14643200;1377415168;0;0;0;0;0;0;0;0;0;0;0;2364;0;0;125;0;42;0;
14665;3592808;1178734592;14643200;1377415168;0;0;0;0;0;0;0;0;0;0;0;2565;0;0;125;0;42;0;
14666;4768153;1178734592;14643200;1377415168;0;0;0;0;0;0;0;0;0;0;0;1844;0;0;125;0;42;0;
14667;3131533;1178734592;14643200;1377415168;0;0;0;0;0;0;0;0;0;0;0;2535;0;0;125;0;42;0;
14668;5560288;1182175232;22138880;1384910848;0;0;0;0;0;0;0;0;0;0;0;2004;0;0;125;0;42;0;
14669;4950083;1184272384;22138880;1384910848;0;0;0;0;0;0;0;0;0;0;0;3136;0;0;125;0;42;0;
14670;4592342;1184272384;22138880;1384910848;0;0;0;0;0;0;0;0;0;0;0;2875;0;0;125;0;42;0;
14671;3465619;1184272384;22138880;1384910848;0;0;0;0;0;0;0;0;0;0;0;2655;0;0;125;0;42;0;
14672;4727456;1184272384;22138880;1384910848;0;0;0;0;0;0;0;0;0;0;0;1884;0;0;125;0;42;0;
14673;4332836;1184272384;22138880;1384910848;0;0;0;0;0;0;0;0;0;0;0;2916;0;0;125;0;42;0;
14674;4856768;1184272384;22138880;1384910848;0;0;0;0;0;0;0;0;0;0;0;1944;0;0;125;0;42;0;
14675;2864161;1184272384;22138880;1384910848;0;0;0;0;0;0;0;0;0;0;0;2745;0;0;125;0;42;0;
14676;4683954;1184272384;22138880;1384910848;0;0;0;0;0;0;0;0;0;0;0;2234;0;0;125;0;42;0;
14677;3908550;1178746880;14643200;1377415168;0;0;0;0;0;0;0;0;0;0;0;2685;0;0;125;0;42;0;
14678;5605012;1178746880;14643200;1377415168;0;0;0;0;0;0;0;0;0;0;0;2064;0;0;125;0;42;0;
14679;2478097;1178746880;14643200;1377415168;0;0;0;0;0;0;0;0;0;0;0;3166;0;0;125;0;42;0;
14680;5063987;1178746880;14643200;1377415168;0;0;0;0;0;0;0;0;0;0;0;2104;0;0;125;0;42;0;
14681;3363237;1178746880;14643200;1377415168;0;0;0;0;0;0;0;0;0;0;0;2856;0;0;125;0;42;0;
14682;10418869;1178746880;14643200;1377415168;0;0;0;0;0;0;0;0;0;0;0;2605;0;0;125;0;42;0;
14683;3884746;1178746880;14643200;1377415168;0;0;0;0;0;0;0;0;0;0;0;2875;0;0;125;0;42;0;
14684;5001209;1178746880;14643200;1377415168;0;0;0;0;0;0;0;0;0;0;0;2194;0;0;125;0;42;0;
14685;3571688;1178746880;14643200;1377415168;0;0;0;0;0;0;0;0;0;0;0;2915;0;0;125;0;42;0;
14686;4535616;1178746880;14643200;1377415168;0;0;0;0;0;0;0;0;0;0;0;2404;0;0;125;0;42;0;
14687;3931644;1178746880;14643200;1377415168;0;0;0;0;0;0;0;0;0;0;0;3036;0;0;125;0;42;0;
14688;4709813;1178746880;14643200;1377415168;0;0;0;0;0;0;0;0;0;0;0;2284;0;0;125;0;42;0;
14689;3293777;1178746880;14643200;1377415168;0;0;0;0;0;0;0;0;0;0;0;2916;0;0;125;0;42;0;
14690;4710594;1178746880;14643200;1377415168;0;0;0;0;0;0;0;0;0;0;0;2405;0;0;125;0;42;0;
14691;3815916;1178746880;14643200;1377415168;0;0;0;0;0;0;0;0;0;0;0;3076;0;0;125;0;42;0;
14692;5929260;1182187520;22138880;1384910848;0;0;0;0;0;0;0;0;0;0;0;2775;0;0;125;0;42;0;
14693;3470889;1184284672;22138880;1384910848;0;0;0;0;0;0;0;0;0;0;0;3005;0;0;125;0;42;0;
14694;4805933;1184284672;22138880;1384910848;0;0;0;0;0;0;0;0;0;0;0;2485;0;0;125;0;42;0;
14695;3665815;1184284672;22138880;1384910848;0;0;0;0;0;0;0;0;0;0;0;3286;0;0;125;0;42;0;
14696;4981241;1184284672;22138880;1384910848;0;0;0;0;0;0;0;0;0;0;0;2154;0;0;125;0;42;0;
14697;3741096;1184284672;22138880;1384910848;0;0;0;0;0;0;0;0;0;0;0;2615;0;0;125;0;42;0;
14698;5100856;1184284672;22138880;1384910848;0;0;0;0;0;0;0;0;0;0;0;2094;0;0;125;0;42;0;
14699;4134113;1184284672;22138880;1384910848;0;0;0;0;0;0;0;0;0;0;0;3296;0;0;125;0;42;0;
14700;5299509;1184284672;22138880;1384910848;0;0;0;0;0;0;0;0;0;0;0;2194;0;0;125;0;42;0;
14701;4244320;1178759168;14643200;1377415168;0;0;0;0;0;0;0;0;0;0;0;2645;0;0;125;0;42;0;
14702;4885432;1178759168;14643200;1377415168;0;0;0;0;0;0;0;0;0;0;0;2394;0;0;125;0;42;0;
14703;4031290;1178759168;14643200;1377415168;0;0;0;0;0;0;0;0;0;0;0;3346;0;0;125;0;42;0;
14704;4763954;1178759168;14643200;1377415168;0;0;0;0;0;0;0;0;0;0;0;2204;0;0;125;0;42;0;
14705;3545409;1178759168;14643200;1377415168;0;0;0;0;0;0;0;0;0;0;0;2505;0;0;125;0;42;0;
14706;4708390;1178759168;14643200;1377415168;0;0;0;0;0;0;0;0;0;0;0;1994;0;0;125;0;42;0;
14707;4073279;1178759168;14643200;1377415168;0;0;0;0;0;0;0;0;0;0;0;2495;0;0;125;0;42;0;
14708;4791506;1178759168;14643200;1377415168;0;0;0;0;0;0;0;0;0;0;0;2104;0;0;125;0;42;0;
14709;3131743;1178759168;14643200;1377415168;0;0;0;0;0;0;0;0;0;0;0;2364;0;0;125;0;42;0;
14710;5780010;1178759168;14643200;1377415168;0;0;0;0;0;0;0;0;0;0;0;1934;0;0;125;0;42;0;
14711;7443770;1178759168;14643200;1377415168;0;0;0;0;0;0;0;0;0;0;0;6983;0;0;125;0;42;0;
14712;5475068;1178759168;14643200;1377415168;0;0;0;0;0;0;0;0;0;0;0;3236;0;0;125;0;42;0;
14713;5633344;1178759168;14643200;1377415168;0;0;0;0;0;0;0;0;0;0;0;3617;0;0;125;0;42;0;
14714;5279491;1178759168;14643200;1377415168;0;0;0;0;0;0;0;0;0;0;0;3316;0;0;125;0;42;0;
14715;4687701;1178759168;14643200;1377415168;0;0;0;0;0;0;0;0;0;0;0;3717;0;0;125;0;42;0;
14716;6439206;1182199808;22138880;1384910848;0;0;0;0;0;0;0;0;0;0;0;3266;0;0;125;0;42;0;
14717;4789272;1184296960;22138880;1384910848;0;0;0;0;0;0;0;0;0;0;0;3767;0;0;125;0;42;0;
14718;4886875;1184296960;22138880;1384910848;0;0;0;0;0;0;0;0;0;0;0;2956;0;0;125;0;42;0;
14719;5356826;1184296960;22138880;1384910848;0;0;0;0;0;0;0;0;0;0;0;3687;0;0;125;0;42;0;
14720;5527416;1184296960;22138880;1384910848;0;0;0;0;0;0;0;0;0;0;0;2565;0;0;125;0;42;0;
14721;4658105;1184296960;22138880;1384910848;0;0;0;0;0;0;0;0;0;0;0;3687;0;0;125;0;42;0;
14722;5075879;1184296960;22138880;1384910848;0;0;0;0;0;0;0;0;0;0;0;2725;0;0;125;0;42;0;
14723;4731003;1184296960;22138880;1384910848;0;0;0;0;0;0;0;0;0;0;0;3847;0;0;125;0;42;0;
14724;6371189;1184296960;22138880;1384910848;0;0;0;0;0;0;0;0;0;0;0;2785;0;0;125;0;42;0;
14725;5195153;1178771456;14643200;1377415168;0;0;0;0;0;0;0;0;0;0;0;3737;0;0;125;0;42;0;
14726;6463652;1178771456;14643200;1377415168;0;0;0;0;0;0;0;0;0;0;0;3366;0;0;125;0;42;0;
14727;4267463;1178771456;14651392;1377423360;0;0;0;0;0;0;0;0;0;0;0;3276;0;0;125;0;42;0;
14728;6491905;1182212096;22147072;1384919040;0;0;0;0;0;0;0;0;0;0;0;3667;0;0;125;0;42;0;
14729;5200172;1184309248;22147072;1384919040;0;0;0;0;0;0;0;0;0;0;0;3556;0;0;125;0;42;0;
14730;5962623;1184309248;22147072;1384919040;0;0;0;0;0;0;0;0;0;0;0;2825;0;0;125;0;42;0;
14731;5025735;1184309248;22147072;1384919040;0;0;0;0;0;0;0;0;0;0;0;4328;0;0;125;0;42;0;
14732;5079646;1184309248;22147072;1384919040;0;0;0;0;0;0;0;0;0;0;0;2786;0;0;125;0;42;0;
14733;4252856;1184501760;22138880;1384910848;0;0;0;0;0;0;0;0;0;0;0;3897;0;0;125;0;42;0;
14734;4975050;1184501760;22138880;1384910848;0;0;0;0;0;0;0;0;0;0;0;3026;0;0;125;0;42;0;
14735;4056518;1184501760;22138880;1384910848;0;0;0;0;0;0;0;0;0;0;0;3797;0;0;125;0;42;0;
14736;5231832;1184501760;22138880;1384910848;0;0;0;0;0;0;0;0;0;0;0;2706;0;0;125;0;42;0;
14737;4867949;1178771456;14643200;1377415168;0;0;0;0;0;0;0;0;0;0;0;2935;0;0;125;0;42;0;
14738;6711337;1182212096;22138880;1384910848;0;0;0;0;0;0;0;0;0;0;0;3426;0;0;125;0;42;0;
14739;5473925;1184309248;22138880;1384910848;0;0;0;0;0;0;0;0;0;0;0;3838;0;0;125;0;42;0;
14740;4939123;1184309248;22138880;1384910848;0;0;0;0;0;0;0;0;0;0;0;2715;0;0;125;0;42;0;
14741;5811860;1184309248;22138880;1384910848;0;0;0;0;0;0;0;0;0;0;0;3967;0;0;125;0;42;0;
14742;5122005;1184309248;22138880;1384910848;0;0;0;0;0;0;0;0;0;0;0;2945;0;0;125;0;42;0;
14743;4060765;1184309248;22138880;1384910848;0;0;0;0;0;0;0;0;0;0;0;2976;0;0;125;0;42;0;
14744;5100646;1184309248;22138880;1384910848;0;0;0;0;0;0;0;0;0;0;0;2986;0;0;125;0;42;0;
14745;4202221;1184309248;22138880;1384910848;0;0;0;0;0;0;0;0;0;0;0;2986;0;0;125;0;42;0;
14746;5224498;1184309248;22138880;1384910848;0;0;0;0;0;0;0;0;0;0;0;2564;0;0;125;0;42;0;
14747;4698191;1178783744;14643200;1377415168;0;0;0;0;0;0;0;0;0;0;0;3396;0;0;125;0;42;0;
14748;5020986;1178783744;14643200;1377415168;0;0;0;0;0;0;0;0;0;0;0;3367;0;0;125;0;42;0;
14749;4407836;1178783744;14643200;1377415168;0;0;0;0;0;0;0;0;0;0;0;3657;0;0;125;0;42;0;
14750;5044029;1178783744;14643200;1377415168;0;0;0;0;0;0;0;0;0;0;0;3356;0;0;125;0;42;0;
14751;4518724;1178783744;14643200;1377415168;0;0;0;0;0;0;0;0;0;0;0;3337;0;0;125;0;42;0;
14752;6252175;1178783744;14643200;1377415168;0;0;0;0;0;0;0;0;0;0;0;2775;0;0;125;0;42;0;
14753;4764646;1178783744;14643200;1377415168;0;0;0;0;0;0;0;0;0;0;0;3366;0;0;125;0;42;0;
14754;6288844;1178783744;14643200;1377415168;0;0;0;0;0;0;0;0;0;0;0;3176;0;0;125;0;42;0;
14755;4213792;1178783744;14643200;1377415168;0;0;0;0;0;0;0;0;0;0;0;3236;0;0;125;0;42;0;
14756;5191496;1178783744;14643200;1377415168;0;0;0;0;0;0;0;0;0;0;0;2786;0;0;125;0;42;0;
14757;4065214;1178783744;14643200;1377415168;0;0;0;0;0;0;0;0;0;0;0;3226;0;0;125;0;42;0;
14758;5675844;1178783744;14643200;1377415168;0;0;0;0;0;0;0;0;0;0;0;2855;0;0;125;0;42;0;
14759;4279015;1178783744;14643200;1377415168;0;0;0;0;0;0;0;0;0;0;0;3496;0;0;125;0;42;0;
14760;4957127;1178783744;14643200;1377415168;0;0;0;0;0;0;0;0;0;0;0;2875;0;0;125;0;42;0;
14761;4755929;1178783744;14643200;1377415168;0;0;0;0;0;0;0;0;0;0;0;3156;0;0;125;0;42;0;
14762;6458131;1182224384;22138880;1384910848;0;0;0;0;0;0;0;0;0;0;0;2825;0;0;125;0;42;0;
14763;5496968;1184321536;22138880;1384910848;0;0;0;0;0;0;0;0;0;0;0;3156;0;0;125;0;42;0;
14764;5095526;1184321536;22138880;1384910848;0;0;0;0;0;0;0;0;0;0;0;2915;0;0;125;0;42;0;
14765;4425419;1184321536;22138880;1384910848;0;0;0;0;0;0;0;0;0;0;0;3627;0;0;125;0;42;0;
14766;5302735;1184321536;22138880;1384910848;0;0;0;0;0;0;0;0;0;0;0;2795;0;0;125;0;42;0;
14767;4266241;1184321536;22138880;1384910848;0;0;0;0;0;0;0;0;0;0;0;3125;0;0;125;0;42;0;
14768;5082733;1184321536;22138880;1384910848;0;0;0;0;0;0;0;0;0;0;0;2765;0;0;125;0;42;0;
14769;4149903;1184321536;22138880;1384910848;0;0;0;0;0;0;0;0;0;0;0;3817;0;0;125;0;42;0;
14770;5094113;1184321536;22138880;1384910848;0;0;0;0;0;0;0;0;0;0;0;2625;0;0;125;0;42;0;
14771;5152213;1178796032;14643200;1377415168;0;0;0;0;0;0;0;0;0;0;0;3727;0;0;125;0;42;0;
14772;5345926;1178796032;14643200;1377415168;0;0;0;0;0;0;0;0;0;0;0;3056;0;0;125;0;42;0;
14773;4487105;1178796032;14643200;1377415168;0;0;0;0;0;0;0;0;0;0;0;3377;0;0;125;0;42;0;
14774;5446505;1178796032;14643200;1377415168;0;0;0;0;0;0;0;0;0;0;0;2815;0;0;125;0;42;0;
14775;5687386;1178796032;14643200;1377415168;0;0;0;0;0;0;0;0;0;0;0;6312;0;0;125;0;42;0;
14776;5774299;1178796032;14643200;1377415168;0;0;0;0;0;0;0;0;0;0;0;2806;0;0;125;0;42;0;
14777;3824062;1178796032;14643200;1377415168;0;0;0;0;0;0;0;0;0;0;0;3026;0;0;125;0;42;0;
14778;5587058;1178796032;14643200;1377415168;0;0;0;0;0;0;0;0;0;0;0;2264;0;0;125;0;42;0;
14779;3679320;1178796032;14643200;1377415168;0;0;0;0;0;0;0;0;0;0;0;2494;0;0;125;0;42;0;
14780;5655817;1178796032;14643200;1377415168;0;0;0;0;0;0;0;0;0;0;0;2204;0;0;125;0;42;0;
14781;3795578;1178796032;14643200;1377415168;0;0;0;0;0;0;0;0;0;0;0;2624;0;0;125;0;42;0;
14782;5352889;1178796032;14643200;1377415168;0;0;0;0;0;0;0;0;0;0;0;2034;0;0;125;0;42;0;
14783;3353990;1178796032;14643200;1377415168;0;0;0;0;0;0;0;0;0;0;0;2274;0;0;125;0;42;0;
14784;5486940;1182236672;22138880;1384910848;0;0;0;0;0;0;0;0;0;0;0;3536;0;0;125;0;42;0;
14785;5226201;1184333824;22138880;1384910848;0;0;0;0;0;0;0;0;0;0;0;4749;0;0;125;0;42;0;
14786;5092130;1184333824;22138880;1384910848;0;0;0;0;0;0;0;0;0;0;0;2996;0;0;125;0;42;0;
14787;3664943;1184333824;22138880;1384910848;0;0;0;0;0;0;0;0;0;0;0;2364;0;0;125;0;42;0;
14788;5330687;1184333824;22138880;1384910848;0;0;0;0;0;0;0;0;0;0;0;2184;0;0;125;0;42;0;
14789;4473159;1184333824;22138880;1384910848;0;0;0;0;0;0;0;0;0;0;0;3386;0;0;125;0;42;0;
14790;5085807;1184333824;22138880;1384910848;0;0;0;0;0;0;0;0;0;0;0;2304;0;0;125;0;42;0;
14791;4452180;1184333824;22138880;1384910848;0;0;0;0;0;0;0;0;0;0;0;4518;0;0;125;0;42;0;
14792;5412210;1184333824;22138880;1384910848;0;0;0;0;0;0;0;0;0;0;0;3266;0;0;125;0;42;0;
14793;5142704;1178808320;14643200;1377415168;0;0;0;0;0;0;0;0;0;0;0;2585;0;0;125;0;42;0;
14794;4703070;1178808320;14643200;1377415168;0;0;0;0;0;0;0;0;0;0;0;2134;0;0;125;0;42;0;
14795;4402807;1178808320;14643200;1377415168;0;0;0;0;0;0;0;0;0;0;0;2785;0;0;125;0;42;0;
14796;4591951;1178808320;14643200;1377415168;0;0;0;0;0;0;0;0;0;0;0;1864;0;0;125;0;42;0;
14797;4369244;1178808320;14643200;1377415168;0;0;0;0;0;0;0;0;0;0;0;2354;0;0;125;0;42;0;
14798;4575060;1178808320;14643200;1377415168;0;0;0;0;0;0;0;0;0;0;0;1804;0;0;125;0;42;0;
14799;4018486;1178808320;14643200;1377415168;0;0;0;0;0;0;0;0;0;0;0;2915;0;0;125;0;42;0;
14800;4608202;1178808320;14643200;1377415168;0;0;0;0;0;0;0;0;0;0;0;2265;0;0;125;0;42;0;
14801;3265575;1178808320;14643200;1377415168;0;0;0;0;0;0;0;0;0;0;0;2415;0;0;125;0;42;0;
14802;4839927;1178808320;14643200;1377415168;0;0;0;0;0;0;0;0;0;0;0;2214;0;0;125;0;42;0;
14803;3126303;1178808320;14643200;1377415168;0;0;0;0;0;0;0;0;0;0;0;2625;0;0;125;0;42;0;
14804;4652435;1178808320;14643200;1377415168;0;0;0;0;0;0;0;0;0;0;0;1953;0;0;125;0;42;0;
14805;3503521;1178808320;14643200;1377415168;0;0;0;0;0;0;0;0;0;0;0;2585;0;0;125;0;42;0;
14806;4581652;1178808320;14643200;1377415168;0;0;0;0;0;0;0;0;0;0;0;2094;0;0;125;0;42;0;
14807;4689304;1178808320;14643200;1377415168;0;0;0;0;0;0;0;0;0;0;0;4318;0;0;125;0;42;0;
14808;5288909;1178808320;14643200;1377415168;0;0;0;0;0;0;0;0;0;0;0;3126;0;0;125;0;42;0;
14809;3772114;1178808320;14643200;1377415168;0;0;0;0;0;0;0;0;0;0;0;2735;0;0;125;0;42;0;
14810;5621914;1182248960;22138880;1384910848;0;0;0;0;0;0;0;0;0;0;0;2715;0;0;125;0;42;0;
14811;4468660;1184346112;22138880;1384910848;0;0;0;0;0;0;0;0;0;0;0;2675;0;0;125;0;42;0;
14812;4669166;1184346112;22138880;1384910848;0;0;0;0;0;0;0;0;0;0;0;2255;0;0;125;0;42;0;
14813;3683388;1184346112;22138880;1384910848;0;0;0;0;0;0;0;0;0;0;0;2535;0;0;125;0;42;0;
14814;5037658;1184346112;22138880;1384910848;0;0;0;0;0;0;0;0;0;0;0;1983;0;0;125;0;42;0;
14815;3032066;1184346112;22138880;1384910848;0;0;0;0;0;0;0;0;0;0;0;2345;0;0;125;0;42;0;
14816;4592814;1184346112;22138880;1384910848;0;0;0;0;0;0;0;0;0;0;0;2434;0;0;125;0;42;0;
14817;3317311;1184346112;22138880;1384910848;0;0;0;0;0;0;0;0;0;0;0;2445;0;0;125;0;42;0;
14818;5102228;1184346112;22138880;1384910848;0;0;0;0;0;0;0;0;0;0;0;2444;0;0;125;0;42;0;
14819;3698215;1178820608;14643200;1377415168;0;0;0;0;0;0;0;0;0;0;0;2645;0;0;125;0;42;0;
14820;4549913;1178820608;14643200;1377415168;0;0;0;0;0;0;0;0;0;0;0;2294;0;0;125;0;42;0;
14821;3411689;1178820608;14643200;1377415168;0;0;0;0;0;0;0;0;0;0;0;3367;0;0;125;0;42;0;
14822;5397693;1178820608;14643200;1377415168;0;0;0;0;0;0;0;0;0;0;0;2635;0;0;125;0;42;0;
14823;3427027;1178820608;14643200;1377415168;0;0;0;0;0;0;0;0;0;0;0;2685;0;0;125;0;42;0;
14824;4655832;1178820608;14643200;1377415168;0;0;0;0;0;0;0;0;0;0;0;2124;0;0;125;0;42;0;
14825;4398719;1178820608;14643200;1377415168;0;0;0;0;0;0;0;0;0;0;0;8907;0;0;125;0;42;0;
14826;5154787;1178820608;14643200;1377415168;0;0;0;0;0;0;0;0;0;0;0;3687;0;0;125;0;42;0;
14827;2954451;1178820608;14643200;1377415168;0;0;0;0;0;0;0;0;0;0;0;2545;0;0;125;0;42;0;
14828;4694374;1178820608;14643200;1377415168;0;0;0;0;0;0;0;0;0;0;0;2084;0;0;125;0;42;0;
14829;2310443;1178820608;14643200;1377415168;0;0;0;0;0;0;0;0;0;0;0;2604;0;0;125;0;42;0;
14830;4882376;1178820608;14643200;1377415168;0;0;0;0;0;0;0;0;0;0;0;2334;0;0;125;0;42;0;
14831;3621161;1178820608;14643200;1377415168;0;0;0;0;0;0;0;0;0;0;0;3005;0;0;125;0;42;0;
14832;5071872;1182261248;22138880;1384910848;0;0;0;0;0;0;0;0;0;0;0;2956;0;0;125;0;42;0;
14833;3493452;1184358400;22138880;1384910848;0;0;0;0;0;0;0;0;0;0;0;3376;0;0;125;0;42;0;
14834;4914417;1184358400;22138880;1384910848;0;0;0;0;0;0;0;0;0;0;0;3247;0;0;125;0;42;0;
14835;2783089;1184358400;22138880;1384910848;0;0;0;0;0;0;0;0;0;0;0;2725;0;0;125;0;42;0;
14836;4423606;1184358400;22138880;1384910848;0;0;0;0;0;0;0;0;0;0;0;2114;0;0;125;0;42;0;
14837;2930797;1184358400;22138880;1384910848;0;0;0;0;0;0;0;0;0;0;0;2314;0;0;125;0;42;0;
14838;4478699;1184358400;22138880;1384910848;0;0;0;0;0;0;0;0;0;0;0;2074;0;0;125;0;42;0;
14839;2962867;1184358400;22138880;1384910848;0;0;0;0;0;0;0;0;0;0;0;3347;0;0;125;0;42;0;
14840;4777810;1184358400;22138880;1384910848;0;0;0;0;0;0;0;0;0;0;0;3266;0;0;125;0;42;0;
14841;3583050;1178832896;14643200;1377415168;0;0;0;0;0;0;0;0;0;0;0;3106;0;0;125;0;42;0;
14842;5221412;1178832896;14643200;1377415168;0;0;0;0;0;0;0;0;0;0;0;3216;0;0;125;0;42;0;
14843;3819963;1178832896;14643200;1377415168;0;0;0;0;0;0;0;0;0;0;0;2514;0;0;125;0;42;0;
14844;4500981;1178832896;14643200;1377415168;0;0;0;0;0;0;0;0;0;0;0;2254;0;0;125;0;42;0;
14845;1886177;1178832896;14643200;1377415168;0;0;0;0;0;0;0;0;0;0;0;2695;0;0;125;0;42;0;
14846;4439916;1178832896;14643200;1377415168;0;0;0;0;0;0;0;0;0;0;0;2244;0;0;125;0;42;0;
14847;2515338;1178832896;14643200;1377415168;0;0;0;0;0;0;0;0;0;0;0;2395;0;0;125;0;42;0;
14848;4761941;1178832896;14643200;1377415168;0;0;0;0;0;0;0;0;0;0;0;2014;0;0;125;0;42;0;
14849;2138981;1178832896;14643200;1377415168;0;0;0;0;0;0;0;0;0;0;0;1984;0;0;125;0;42;0;
14850;4629542;1178832896;14643200;1377415168;0;0;0;0;0;0;0;0;0;0;0;2525;0;0;125;0;42;0;
14851;2983265;1178832896;14643200;1377415168;0;0;0;0;0;0;0;0;0;0;0;2605;0;0;125;0;42;0;
14852;4200147;1178832896;14643200;1377415168;0;0;0;0;0;0;0;0;0;0;0;10069;0;0;125;0;42;0;
14853;2032372;1178832896;14643200;1377415168;0;0;0;0;0;0;0;0;0;0;0;2445;0;0;125;0;42;0;
14854;5966760;1182273536;22138880;1384910848;0;0;0;0;0;0;0;0;0;0;0;2565;0;0;125;0;42;0;
14855;2145003;1184370688;22138880;1384910848;0;0;0;0;0;0;0;0;0;0;0;2675;0;0;125;0;42;0;
14856;4751952;1184370688;22138880;1384910848;0;0;0;0;0;0;0;0;0;0;0;2294;0;0;125;0;42;0;
14857;2229121;1184370688;22138880;1384910848;0;0;0;0;0;0;0;0;0;0;0;2595;0;0;125;0;42;0;
14858;4517332;1184370688;22138880;1384910848;0;0;0;0;0;0;0;0;0;0;0;2064;0;0;125;0;42;0;
14859;3463134;1184370688;22138880;1384910848;0;0;0;0;0;0;0;0;0;0;0;2635;0;0;125;0;42;0;
14860;4465314;1184370688;22138880;1384910848;0;0;0;0;0;0;0;0;0;0;0;2695;0;0;125;0;42;0;
14861;4358284;1184370688;22138880;1384910848;0;0;0;0;0;0;0;0;0;0;0;3446;0;0;125;0;42;0;
14862;5108380;1184370688;22138880;1384910848;0;0;0;0;0;0;0;0;0;0;0;3306;0;0;125;0;42;0;
14863;3294989;1178845184;14643200;1377415168;0;0;0;0;0;0;0;0;0;0;0;3086;0;0;125;0;42;0;
14864;4582144;1178845184;14643200;1377415168;0;0;0;0;0;0;0;0;0;0;0;2615;0;0;125;0;42;0;
14865;4695896;1178845184;14643200;1377415168;0;0;0;0;0;0;0;0;0;0;0;3156;0;0;125;0;42;0;
14866;4780024;1178845184;14643200;1377415168;0;0;0;0;0;0;0;0;0;0;0;2926;0;0;125;0;42;0;
14867;2646883;1178845184;14643200;1377415168;0;0;0;0;0;0;0;0;0;0;0;2124;0;0;125;0;42;0;
14868;4860866;1178845184;14643200;1377415168;0;0;0;0;0;0;0;0;0;0;0;2294;0;0;125;0;42;0;
14869;1846904;1178845184;14643200;1377415168;0;0;0;0;0;0;0;0;0;0;0;2425;0;0;125;0;42;0;
14870;4269657;1178845184;14643200;1377415168;0;0;0;0;0;0;0;0;0;0;0;2063;0;0;125;0;42;0;
14871;2249479;1178845184;14643200;1377415168;0;0;0;0;0;0;0;0;0;0;0;2314;0;0;125;0;42;0;
14872;4375355;1178845184;14643200;1377415168;0;0;0;0;0;0;0;0;0;0;0;2525;0;0;125;0;42;0;
14873;2573296;1178845184;14643200;1377415168;0;0;0;0;0;0;0;0;0;0;0;2364;0;0;125;0;42;0;
14874;4218732;1178845184;14643200;1377415168;0;0;0;0;0;0;0;0;0;0;0;2044;0;0;125;0;42;0;
14875;2852610;1178845184;14643200;1377415168;0;0;0;0;0;0;0;0;0;0;0;2364;0;0;125;0;42;0;
14876;4486594;1178845184;14643200;1377415168;0;0;0;0;0;0;0;0;0;0;0;2314;0;0;125;0;42;0;
14877;3076590;1178845184;14643200;1377415168;0;0;0;0;0;0;0;0;0;0;0;2504;0;0;125;0;42;0;
14878;4654789;1178845184;14643200;1377415168;0;0;0;0;0;0;0;0;0;0;0;2224;0;0;125;0;42;0;
14879;3211252;1178845184;14643200;1377415168;0;0;0;0;0;0;0;0;0;0;0;2214;0;0;125;0;42;0;
14880;5233555;1182285824;22138880;1384910848;0;0;0;0;0;0;0;0;0;0;0;2484;0;0;125;0;42;0;
14881;2989657;1184382976;22138880;1384910848;0;0;0;0;0;0;0;0;0;0;0;1783;0;0;125;0;42;0;
14882;4632678;1184382976;22138880;1384910848;0;0;0;0;0;0;0;0;0;0;0;2144;0;0;125;0;42;0;
14883;2896362;1184382976;22138880;1384910848;0;0;0;0;0;0;0;0;0;0;0;11872;0;0;125;0;42;0;
14884;4665189;1184382976;22138880;1384910848;0;0;0;0;0;0;0;0;0;0;0;2013;0;0;125;0;42;0;
14885;2785214;1184382976;22138880;1384910848;0;0;0;0;0;0;0;0;0;0;0;2605;0;0;125;0;42;0;
14886;4572876;1184382976;22138880;1384910848;0;0;0;0;0;0;0;0;0;0;0;2375;0;0;125;0;42;0;
14887;2746010;1184382976;22138880;1384910848;0;0;0;0;0;0;0;0;0;0;0;3306;0;0;125;0;42;0;
14888;4298221;1184382976;22138880;1384910848;0;0;0;0;0;0;0;0;0;0;0;2084;0;0;125;0;42;0;
14889;2700375;1178857472;14643200;1377415168;0;0;0;0;0;0;0;0;0;0;0;2826;0;0;125;0;42;0;
14890;4300375;1178857472;14643200;1377415168;0;0;0;0;0;0;0;0;0;0;0;2174;0;0;125;0;42;0;
14891;2366959;1178857472;14643200;1377415168;0;0;0;0;0;0;0;0;0;0;0;2315;0;0;125;0;42;0;
14892;4354777;1178857472;14643200;1377415168;0;0;0;0;0;0;0;0;0;0;0;2094;0;0;125;0;42;0;
14893;3546030;1178857472;14643200;1377415168;0;0;0;0;0;0;0;0;0;0;0;2425;0;0;125;0;42;0;
14894;5447747;1178857472;14643200;1377415168;0;0;0;0;0;0;0;0;0;0;0;2715;0;0;125;0;42;0;
14895;4463570;1178857472;14643200;1377415168;0;0;0;0;0;0;0;0;0;0;0;4008;0;0;125;0;42;0;
14896;5021988;1178857472;14643200;1377415168;0;0;0;0;0;0;0;0;0;0;0;3096;0;0;125;0;42;0;
14897;3911866;1178857472;14643200;1377415168;0;0;0;0;0;0;0;0;0;0;0;2595;0;0;125;0;42;0;
14898;4554501;1178857472;14643200;1377415168;0;0;0;0;0;0;0;0;0;0;0;2405;0;0;125;0;42;0;
14899;3133486;1178857472;14643200;1377415168;0;0;0;0;0;0;0;0;0;0;0;2595;0;0;125;0;42;0;
14900;4767010;1178857472;14643200;1377415168;0;0;0;0;0;0;0;0;0;0;0;2374;0;0;125;0;42;0;
14901;3639144;1178857472;14643200;1377415168;0;0;0;0;0;0;0;0;0;0;0;2715;0;0;125;0;42;0;
14902;5678179;1182298112;22138880;1384910848;0;0;0;0;0;0;0;0;0;0;0;2194;0;0;125;0;42;0;
14903;3882761;1184395264;22138880;1384910848;0;0;0;0;0;0;0;0;0;0;0;3547;0;0;125;0;42;0;
14904;10269409;1184395264;22138880;1384910848;0;0;0;0;0;0;0;0;0;0;0;2414;0;0;125;0;42;0;
14905;4310564;1184395264;22138880;1384910848;0;0;0;0;0;0;0;0;0;0;0;2906;0;0;125;0;42;0;
14906;5458848;1184395264;22138880;1384910848;0;0;0;0;0;0;0;0;0;0;0;2184;0;0;125;0;42;0;
14907;4444676;1184395264;22138880;1384910848;0;0;0;0;0;0;0;0;0;0;0;2685;0;0;125;0;42;0;
14908;5022178;1184395264;22138880;1384910848;0;0;0;0;0;0;0;0;0;0;0;2665;0;0;125;0;42;0;
14909;3705108;1184395264;22138880;1384910848;0;0;0;0;0;0;0;0;0;0;0;2865;0;0;125;0;42;0;
14910;4960433;1184395264;22138880;1384910848;0;0;0;0;0;0;0;0;0;0;0;2305;0;0;125;0;42;0;
14911;3756254;1178869760;14643200;1377415168;0;0;0;0;0;0;0;0;0;0;0;2274;0;0;125;0;42;0;
14912;4606328;1178869760;14643200;1377415168;0;0;0;0;0;0;0;0;0;0;0;2635;0;0;125;0;42;0;
14913;3682696;1178869760;14643200;1377415168;0;0;0;0;0;0;0;0;0;0;0;3406;0;0;125;0;42;0;
14914;4525907;1178869760;14643200;1377415168;0;0;0;0;0;0;0;0;0;0;0;2305;0;0;125;0;42;0;
14915;3620280;1178869760;14643200;1377415168;0;0;0;0;0;0;0;0;0;0;0;2995;0;0;125;0;42;0;
14916;4445446;1178869760;14643200;1377415168;0;0;0;0;0;0;0;0;0;0;0;2054;0;0;125;0;42;0;
14917;3367375;1178869760;14643200;1377415168;0;0;0;0;0;0;0;0;0;0;0;2204;0;0;125;0;42;0;
14918;4797868;1178869760;14643200;1377415168;0;0;0;0;0;0;0;0;0;0;0;2094;0;0;125;0;42;0;
14919;3000287;1178869760;14643200;1377415168;0;0;0;0;0;0;0;0;0;0;0;2585;0;0;125;0;42;0;
14920;5022399;1178869760;14643200;1377415168;0;0;0;0;0;0;0;0;0;0;0;2615;0;0;125;0;42;0;
14921;2840517;1178869760;14643200;1377415168;0;0;0;0;0;0;0;0;0;0;0;2424;0;0;125;0;42;0;
14922;4785445;1178869760;14643200;1377415168;0;0;0;0;0;0;0;0;0;0;0;1983;0;0;125;0;42;0;
14923;2965512;1178869760;14643200;1377415168;0;0;0;0;0;0;0;0;0;0;0;2254;0;0;125;0;42;0;
14924;5673670;1182310400;22138880;1384910848;0;0;0;0;0;0;0;0;0;0;0;2013;0;0;125;0;42;0;
14925;3952693;1184407552;22138880;1384910848;0;0;0;0;0;0;0;0;0;0;0;2805;0;0;125;0;42;0;
14926;4612681;1184407552;22138880;1384910848;0;0;0;0;0;0;0;0;0;0;0;2785;0;0;125;0;42;0;
14927;4096131;1184407552;22138880;1384910848;0;0;0;0;0;0;0;0;0;0;0;3677;0;0;125;0;42;0;
14928;4946977;1184407552;22138880;1384910848;0;0;0;0;0;0;0;0;0;0;0;2014;0;0;125;0;42;0;
14929;5221583;1184407552;22138880;1384910848;0;0;0;0;0;0;0;0;0;0;0;3206;0;0;125;0;42;0;
14930;4599986;1184407552;22138880;1384910848;0;0;0;0;0;0;0;0;0;0;0;2825;0;0;125;0;42;0;
14931;3544227;1184407552;22138880;1384910848;0;0;0;0;0;0;0;0;0;0;0;2995;0;0;125;0;42;0;
14932;4532030;1184407552;22138880;1384910848;0;0;0;0;0;0;0;0;0;0;0;1954;0;0;125;0;42;0;
14933;4457750;1178882048;14643200;1377415168;0;0;0;0;0;0;0;0;0;0;0;2665;0;0;125;0;42;0;
14934;5300381;1178882048;14643200;1377415168;0;0;0;0;0;0;0;0;0;0;0;2315;0;0;125;0;42;0;
14935;3348921;1178882048;14643200;1377415168;0;0;0;0;0;0;0;0;0;0;0;2805;0;0;125;0;42;0;
14936;5382164;1178882048;14643200;1377415168;0;0;0;0;0;0;0;0;0;0;0;1913;0;0;125;0;42;0;
14937;2766979;1178882048;14643200;1377415168;0;0;0;0;0;0;0;0;0;0;0;2405;0;0;125;0;42;0;
14938;4515559;1178882048;14643200;1377415168;0;0;0;0;0;0;0;0;0;0;0;2214;0;0;125;0;42;0;
14939;2734959;1178882048;14643200;1377415168;0;0;0;0;0;0;0;0;0;0;0;2975;0;0;125;0;42;0;
14940;4510699;1178882048;14643200;1377415168;0;0;0;0;0;0;0;0;0;0;0;2194;0;0;125;0;42;0;
14941;3496777;1178882048;14643200;1377415168;0;0;0;0;0;0;0;0;0;0;0;2455;0;0;125;0;42;0;
14942;4756270;1178882048;14643200;1377415168;0;0;0;0;0;0;0;0;0;0;0;2244;0;0;125;0;42;0;
14943;4528282;1178882048;14643200;1377415168;0;0;0;0;0;0;0;0;0;0;0;3136;0;0;125;0;42;0;
14944;4596561;1178882048;14643200;1377415168;0;0;0;0;0;0;0;0;0;0;0;2946;0;0;125;0;42;0;
14945;3906687;1178882048;14643200;1377415168;0;0;0;0;0;0;0;0;0;0;0;3206;0;0;125;0;42;0;
14946;5209180;1178882048;14643200;1377415168;0;0;0;0;0;0;0;0;0;0;0;2955;0;0;125;0;42;0;
14947;3417389;1178882048;14643200;1377415168;0;0;0;0;0;0;0;0;0;0;0;3216;0;0;125;0;42;0;
14948;6189488;1182322688;22138880;1384910848;0;0;0;0;0;0;0;0;0;0;0;1874;0;0;125;0;42;0;
14949;3726198;1184419840;22138880;1384910848;0;0;0;0;0;0;0;0;0;0;0;3006;0;0;125;0;42;0;
14950;5172039;1184419840;22138880;1384910848;0;0;0;0;0;0;0;0;0;0;0;2314;0;0;125;0;42;0;
14951;3582138;1184419840;22138880;1384910848;0;0;0;0;0;0;0;0;0;0;0;3757;0;0;125;0;42;0;
14952;4760107;1184419840;22138880;1384910848;0;0;0;0;0;0;0;0;0;0;0;1964;0;0;125;0;42;0;
14953;3314967;1184419840;22138880;1384910848;0;0;0;0;0;0;0;0;0;0;0;3186;0;0;125;0;42;0;
14954;4873029;1184419840;22138880;1384910848;0;0;0;0;0;0;0;0;0;0;0;2484;0;0;125;0;42;0;
14955;3423110;1184419840;22138880;1384910848;0;0;0;0;0;0;0;0;0;0;0;3136;0;0;125;0;42;0;
14956;4522822;1184419840;22138880;1384910848;0;0;0;0;0;0;0;0;0;0;0;2164;0;0;125;0;42;0;
14957;4917102;1178894336;14643200;1377415168;0;0;0;0;0;0;0;0;0;0;0;2535;0;0;125;0;42;0;
14958;4640572;1178894336;14643200;1377415168;0;0;0;0;0;0;0;0;0;0;0;2194;0;0;125;0;42;0;
14959;4148240;1178894336;14643200;1377415168;0;0;0;0;0;0;0;0;0;0;0;3657;0;0;125;0;42;0;
14960;4924345;1178894336;14643200;1377415168;0;0;0;0;0;0;0;0;0;0;0;3016;0;0;125;0;42;0;
14961;4430208;1178894336;14643200;1377415168;0;0;0;0;0;0;0;0;0;0;0;3457;0;0;125;0;42;0;
14962;5199551;1178894336;14643200;1377415168;0;0;0;0;0;0;0;0;0;0;0;3406;0;0;125;0;42;0;
14963;3964855;1178894336;14643200;1377415168;0;0;0;0;0;0;0;0;0;0;0;3567;0;0;125;0;42;0;
14964;5037387;1178894336;14643200;1377415168;0;0;0;0;0;0;0;0;0;0;0;2595;0;0;125;0;42;0;
14965;4468660;1178894336;14643200;1377415168;0;0;0;0;0;0;0;0;0;0;0;3717;0;0;125;0;42;0;
14966;6327626;1178894336;14643200;1377415168;0;0;0;0;0;0;0;0;0;0;0;3216;0;0;125;0;42;0;
14967;4346872;1178894336;14643200;1377415168;0;0;0;0;0;0;0;0;0;0;0;3307;0;0;125;0;42;0;
14968;4922712;1178894336;14643200;1377415168;0;0;0;0;0;0;0;0;0;0;0;2956;0;0;125;0;42;0;
14969;4540586;1178894336;14643200;1377415168;0;0;0;0;0;0;0;0;0;0;0;2514;0;0;125;0;42;0;
14970;4837773;1178894336;14643200;1377415168;0;0;0;0;0;0;0;0;0;0;0;2334;0;0;125;0;42;0;
14971;3861531;1178894336;14643200;1377415168;0;0;0;0;0;0;0;0;0;0;0;2685;0;0;125;0;42;0;
14972;5394947;1182334976;22138880;1384910848;0;0;0;0;0;0;0;0;0;0;0;2755;0;0;125;0;42;0;
14973;4725452;1184432128;22138880;1384910848;0;0;0;0;0;0;0;0;0;0;0;3246;0;0;125;0;42;0;
14974;4757612;1184432128;22138880;1384910848;0;0;0;0;0;0;0;0;0;0;0;2405;0;0;125;0;42;0;
14975;3329113;1184432128;22138880;1384910848;0;0;0;0;0;0;0;0;0;0;0;2395;0;0;125;0;42;0;
14976;4900059;1184432128;22138880;1384910848;0;0;0;0;0;0;0;0;0;0;0;2174;0;0;125;0;42;0;
14977;4298141;1184432128;22138880;1384910848;0;0;0;0;0;0;0;0;0;0;0;3176;0;0;125;0;42;0;
14978;4982424;1184432128;22138880;1384910848;0;0;0;0;0;0;0;0;0;0;0;2234;0;0;125;0;42;0;
14979;3451192;1184432128;22138880;1384910848;0;0;0;0;0;0;0;0;0;0;0;2505;0;0;125;0;42;0;
14980;4828655;1184432128;22138880;1384910848;0;0;0;0;0;0;0;0;0;0;0;2194;0;0;125;0;42;0;
14981;3703165;1178906624;14643200;1377415168;0;0;0;0;0;0;0;0;0;0;0;2725;0;0;125;0;42;0;
14982;4898627;1178906624;14643200;1377415168;0;0;0;0;0;0;0;0;0;0;0;2515;0;0;125;0;42;0;
14983;2638168;1178906624;14643200;1377415168;0;0;0;0;0;0;0;0;0;0;0;3226;0;0;125;0;42;0;
14984;4951897;1178906624;14643200;1377415168;0;0;0;0;0;0;0;0;0;0;0;2354;0;0;125;0;42;0;
14985;4277122;1178906624;14643200;1377415168;0;0;0;0;0;0;0;0;0;0;0;2404;0;0;125;0;42;0;
14986;5021908;1178906624;14643200;1377415168;0;0;0;0;0;0;0;0;0;0;0;2334;0;0;125;0;42;0;
14987;3143184;1178906624;14643200;1377415168;0;0;0;0;0;0;0;0;0;0;0;3377;0;0;125;0;42;0;
14988;4650251;1178906624;14643200;1377415168;0;0;0;0;0;0;0;0;0;0;0;2235;0;0;125;0;42;0;
14989;3698697;1178906624;14643200;1377415168;0;0;0;0;0;0;0;0;0;0;0;2084;0;0;125;0;42;0;
14990;4479561;1178906624;14643200;1377415168;0;0;0;0;0;0;0;0;0;0;0;2174;0;0;125;0;42;0;
14991;2993304;1178906624;14643200;1377415168;0;0;0;0;0;0;0;0;0;0;0;3356;0;0;125;0;42;0;
14992;4818046;1178906624;14643200;1377415168;0;0;0;0;0;0;0;0;0;0;0;2605;0;0;125;0;42;0;
14993;3330626;1178906624;14643200;1377415168;0;0;0;0;0;0;0;0;0;0;0;2886;0;0;125;0;42;0;
14994;5652340;1182347264;22138880;1384910848;0;0;0;0;0;0;0;0;0;0;0;3276;0;0;125;0;42;0;
14995;4020069;1184444416;22138880;1384910848;0;0;0;0;0;0;0;0;0;0;0;3537;0;0;125;0;42;0;
14996;4546787;1184444416;22138880;1384910848;0;0;0;0;0;0;0;0;0;0;0;2404;0;0;125;0;42;0;
14997;3516033;1184444416;22138880;1384910848;0;0;0;0;0;0;0;0;0;0;0;2886;0;0;125;0;42;0;
14998;5175406;1184444416;22138880;1384910848;0;0;0;0;0;0;0;0;0;0;0;2294;0;0;125;0;42;0;
14999;4367270;1184444416;22138880;1384910848;0;0;0;0;0;0;0;0;0;0;0;3306;0;0;125;0;42;0;
15000;4582574;1184444416;22138880;1384910848;0;0;0;0;0;0;0;0;0;0;0;2004;0;0;125;0;42;0;
15001;4363132;1184444416;22138880;1384910848;0;0;0;0;0;0;0;0;0;0;0;4488;0;0;125;0;42;0;
15002;5030965;1184444416;22138880;1384910848;0;0;0;0;0;0;0;0;0;0;0;2926;0;0;125;0;42;0;
15003;3464538;1178918912;14643200;1377415168;0;0;0;0;0;0;0;0;0;0;0;3226;0;0;125;0;42;0;
15004;4964901;1178918912;14643200;1377415168;0;0;0;0;0;0;0;0;0;0;0;2234;0;0;125;0;42;0;
15005;3846063;1178918912;14643200;1377415168;0;0;0;0;0;0;0;0;0;0;0;3095;0;0;125;0;42;0;
15006;5167541;1178918912;14643200;1377415168;0;0;0;0;0;0;0;0;0;0;0;2524;0;0;125;0;42;0;
15007;3759030;1178918912;14643200;1377415168;0;0;0;0;0;0;0;0;0;0;0;2605;0;0;125;0;42;0;
15008;4694404;1178918912;14643200;1377415168;0;0;0;0;0;0;0;0;0;0;0;2535;0;0;125;0;42;0;
15009;3701862;1178918912;14643200;1377415168;0;0;0;0;0;0;0;0;0;0;0;3306;0;0;125;0;42;0;
15010;4768353;1178918912;14643200;1377415168;0;0;0;0;0;0;0;0;0;0;0;2425;0;0;125;0;42;0;
15011;5986688;1178918912;14643200;1377415168;0;0;0;0;0;0;0;0;0;0;0;6753;0;0;125;0;42;0;
15012;5315529;1178918912;14643200;1377415168;0;0;0;0;0;0;0;0;0;0;0;2745;0;0;125;0;42;0;
15013;4046719;1178918912;14643200;1377415168;0;0;0;0;0;0;0;0;0;0;0;3316;0;0;125;0;42;0;
15014;4766439;1178918912;14643200;1377415168;0;0;0;0;0;0;0;0;0;0;0;2715;0;0;125;0;42;0;
15015;3651238;1178918912;14643200;1377415168;0;0;0;0;0;0;0;0;0;0;0;2996;0;0;125;0;42;0;
15016;5128047;1178918912;14643200;1377415168;0;0;0;0;0;0;0;0;0;0;0;2786;0;0;125;0;42;0;
15017;4623872;1178918912;14643200;1377415168;0;0;0;0;0;0;0;0;0;0;0;2705;0;0;125;0;42;0;
15018;6408027;1182359552;22138880;1384910848;0;0;0;0;0;0;0;0;0;0;0;3336;0;0;125;0;42;0;
15019;4402436;1184456704;22138880;1384910848;0;0;0;0;0;0;0;0;0;0;0;3537;0;0;125;0;42;0;
15020;5011870;1184456704;22138880;1384910848;0;0;0;0;0;0;0;0;0;0;0;2555;0;0;125;0;42;0;
15021;4169690;1184456704;22138880;1384910848;0;0;0;0;0;0;0;0;0;0;0;3857;0;0;125;0;42;0;
15022;5083754;1184456704;22138880;1384910848;0;0;0;0;0;0;0;0;0;0;0;1843;0;0;125;0;42;0;
15023;4308249;1184456704;22138880;1384910848;0;0;0;0;0;0;0;0;0;0;0;2795;0;0;125;0;42;0;
15024;4372320;1184456704;22138880;1384910848;0;0;0;0;0;0;0;0;0;0;0;2234;0;0;125;0;42;0;
15025;3949667;1184456704;22138880;1384910848;0;0;0;0;0;0;0;0;0;0;0;2976;0;0;125;0;42;0;
15026;4784583;1184456704;22138880;1384910848;0;0;0;0;0;0;0;0;0;0;0;2384;0;0;125;0;42;0;
15027;4541657;1178931200;14643200;1377415168;0;0;0;0;0;0;0;0;0;0;0;2815;0;0;125;0;42;0;
15028;4525978;1178931200;14643200;1377415168;0;0;0;0;0;0;0;0;0;0;0;2595;0;0;125;0;42;0;
15029;3685612;1178931200;14643200;1377415168;0;0;0;0;0;0;0;0;0;0;0;2665;0;0;125;0;42;0;
15030;4836561;1178931200;14643200;1377415168;0;0;0;0;0;0;0;0;0;0;0;2495;0;0;125;0;42;0;
15031;3797161;1178931200;14643200;1377415168;0;0;0;0;0;0;0;0;0;0;0;3016;0;0;125;0;42;0;
15032;5034652;1178931200;14643200;1377415168;0;0;0;0;0;0;0;0;0;0;0;1863;0;0;125;0;42;0;
15033;3663821;1178931200;14643200;1377415168;0;0;0;0;0;0;0;0;0;0;0;2415;0;0;125;0;42;0;
15034;5920073;1178931200;14643200;1377415168;0;0;0;0;0;0;0;0;0;0;0;2444;0;0;125;0;42;0;
15035;5705389;1178931200;14643200;1377415168;0;0;0;0;0;0;0;0;0;0;0;6873;0;0;125;0;42;0;
15036;5879005;1178931200;14643200;1377415168;0;0;0;0;0;0;0;0;0;0;0;2875;0;0;125;0;42;0;
15037;5461873;1178931200;14643200;1377415168;0;0;0;0;0;0;0;0;0;0;0;4208;0;0;125;0;42;0;
15038;5636901;1178931200;14643200;1377415168;0;0;0;0;0;0;0;0;0;0;0;2815;0;0;125;0;42;0;
15039;4448723;1178931200;14643200;1377415168;0;0;0;0;0;0;0;0;0;0;0;3567;0;0;125;0;42;0;
15040;7413263;1182371840;22138880;1384910848;0;0;0;0;0;0;0;0;0;0;0;3917;0;0;125;0;42;0;
15041;5510133;1184468992;22138880;1384910848;0;0;0;0;0;0;0;0;0;0;0;5380;0;0;125;0;42;0;
15042;5498081;1184468992;22138880;1384910848;0;0;0;0;0;0;0;0;0;0;0;3937;0;0;125;0;42;0;
15043;5896639;1184468992;22138880;1384910848;0;0;0;0;0;0;0;0;0;0;0;4609;0;0;125;0;42;0;
15044;4949773;1184468992;22138880;1384910848;0;0;0;0;0;0;0;0;0;0;0;2685;0;0;125;0;42;0;
15045;4983095;1184468992;22138880;1384910848;0;0;0;0;0;0;0;0;0;0;0;3998;0;0;125;0;42;0;
15046;5828451;1184468992;22138880;1384910848;0;0;0;0;0;0;0;0;0;0;0;3256;0;0;125;0;42;0;
15047;4477096;1184468992;22138880;1384910848;0;0;0;0;0;0;0;0;0;0;0;3596;0;0;125;0;42;0;
15048;4803619;1184468992;22138880;1384910848;0;0;0;0;0;0;0;0;0;0;0;2805;0;0;125;0;42;0;
15049;5024623;1178943488;14643200;1377415168;0;0;0;0;0;0;0;0;0;0;0;14857;0;0;125;0;42;0;
15050;4725902;1178943488;14643200;1377415168;0;0;0;0;0;0;0;0;0;0;0;2625;0;0;125;0;42;0;
15051;5299339;1178943488;14643200;1377415168;0;0;0;0;0;0;0;0;0;0;0;4028;0;0;125;0;42;0;
15052;6722196;1178943488;14643200;1377415168;0;0;0;0;0;0;0;0;0;0;0;3567;0;0;125;0;42;0;
15053;6514968;1178943488;14643200;1377415168;0;0;0;0;0;0;0;0;0;0;0;3777;0;0;125;0;42;0;
15054;5417290;1178943488;14643200;1377415168;0;0;0;0;0;0;0;0;0;0;0;3316;0;0;125;0;42;0;
15055;5004705;1178943488;14643200;1377415168;0;0;0;0;0;0;0;0;0;0;0;4098;0;0;125;0;42;0;
15056;4941587;1178943488;14643200;1377415168;0;0;0;0;0;0;0;0;0;0;0;2625;0;0;125;0;42;0;
15057;5045402;1178943488;14643200;1377415168;0;0;0;0;0;0;0;0;0;0;0;3637;0;0;125;0;42;0;
15058;5157753;1178943488;14643200;1377415168;0;0;0;0;0;0;0;0;0;0;0;2905;0;0;125;0;42;0;
15059;4240102;1178943488;14643200;1377415168;0;0;0;0;0;0;0;0;0;0;0;3386;0;0;125;0;42;0;
15060;6217811;1178943488;14643200;1377415168;0;0;0;0;0;0;0;0;0;0;0;2645;0;0;125;0;42;0;
15061;4887596;1178943488;14643200;1377415168;0;0;0;0;0;0;0;0;0;0;0;3407;0;0;125;0;42;0;
15062;5668330;1178943488;14643200;1377415168;0;0;0;0;0;0;0;0;0;0;0;2885;0;0;125;0;42;0;
15063;4831010;1178943488;14643200;1377415168;0;0;0;0;0;0;0;0;0;0;0;3667;0;0;125;0;42;0;
15064;5089475;1178943488;14643200;1377415168;0;0;0;0;0;0;0;0;0;0;0;2876;0;0;125;0;42;0;
15065;5199742;1178943488;14643200;1377415168;0;0;0;0;0;0;0;0;0;0;0;5691;0;0;125;0;42;0;
15066;5864618;1182384128;22138880;1384910848;0;0;0;0;0;0;0;0;0;0;0;3246;0;0;125;0;42;0;
15067;4843473;1184481280;22138880;1384910848;0;0;0;0;0;0;0;0;0;0;0;4458;0;0;125;0;42;0;
15068;5406900;1184481280;22138880;1384910848;0;0;0;0;0;0;0;0;0;0;0;2975;0;0;125;0;42;0;
15069;4115408;1184481280;22138880;1384910848;0;0;0;0;0;0;0;0;0;0;0;3407;0;0;125;0;42;0;
15070;4907484;1184481280;22138880;1384910848;0;0;0;0;0;0;0;0;0;0;0;2535;0;0;125;0;42;0;
15071;5218417;1184481280;22138880;1384910848;0;0;0;0;0;0;0;0;0;0;0;3507;0;0;125;0;42;0;
15072;4964361;1184481280;22138880;1384910848;0;0;0;0;0;0;0;0;0;0;0;3307;0;0;125;0;42;0;
15073;5002622;1184481280;22138880;1384910848;0;0;0;0;0;0;0;0;0;0;0;3566;0;0;125;0;42;0;
15074;4886544;1184481280;22138880;1384910848;0;0;0;0;0;0;0;0;0;0;0;3066;0;0;125;0;42;0;
15075;5167612;1178955776;14643200;1377415168;0;0;0;0;0;0;0;0;0;0;0;4348;0;0;125;0;42;0;
15076;5494564;1178955776;14643200;1377415168;0;0;0;0;0;0;0;0;0;0;0;2645;0;0;125;0;42;0;
15077;5166970;1178955776;14643200;1377415168;0;0;0;0;0;0;0;0;0;0;0;3948;0;0;125;0;42;0;
15078;5545871;1178955776;14643200;1377415168;0;0;0;0;0;0;0;0;0;0;0;3466;0;0;125;0;42;0;
15079;4230524;1178955776;14643200;1377415168;0;0;0;0;0;0;0;0;0;0;0;3386;0;0;125;0;42;0;
15080;5485007;1178955776;14643200;1377415168;0;0;0;0;0;0;0;0;0;0;0;2985;0;0;125;0;42;0;
15081;4585029;1178955776;14643200;1377415168;0;0;0;0;0;0;0;0;0;0;0;3937;0;0;125;0;42;0;
15082;5731188;1178955776;14643200;1377415168;0;0;0;0;0;0;0;0;0;0;0;3035;0;0;125;0;42;0;
15083;4569370;1178955776;14643200;1377415168;0;0;0;0;0;0;0;0;0;0;0;3636;0;0;125;0;42;0;
15084;5355033;1178955776;14643200;1377415168;0;0;0;0;0;0;0;0;0;0;0;2925;0;0;125;0;42;0;
15085;5411168;1178955776;14643200;1377415168;0;0;0;0;0;0;0;0;0;0;0;3406;0;0;125;0;42;0;
15086;10630286;1178955776;14643200;1377415168;0;0;0;0;0;0;0;0;0;0;0;3406;0;0;125;0;42;0;
15087;5115273;1178955776;14643200;1377415168;0;0;0;0;0;0;0;0;0;0;0;3848;0;0;125;0;42;0;
15088;6007637;1182396416;22138880;1384910848;0;0;0;0;0;0;0;0;0;0;0;3326;0;0;125;0;42;0;
15089;5401019;1184493568;22138880;1384910848;0;0;0;0;0;0;0;0;0;0;0;3747;0;0;125;0;42;0;
15090;5305210;1184493568;22138880;1384910848;0;0;0;0;0;0;0;0;0;0;0;2535;0;0;125;0;42;0;
15091;4535646;1184493568;22138880;1384910848;0;0;0;0;0;0;0;0;0;0;0;3616;0;0;125;0;42;0;
15092;5615722;1184493568;22138880;1384910848;0;0;0;0;0;0;0;0;0;0;0;3056;0;0;125;0;42;0;
15093;4171613;1184493568;22138880;1384910848;0;0;0;0;0;0;0;0;0;0;0;3076;0;0;125;0;42;0;
15094;5442156;1184493568;22138880;1384910848;0;0;0;0;0;0;0;0;0;0;0;3216;0;0;125;0;42;0;
15095;4339809;1184493568;22138880;1384910848;0;0;0;0;0;0;0;0;0;0;0;3366;0;0;125;0;42;0;
15096;4980971;1184493568;22138880;1384910848;0;0;0;0;0;0;0;0;0;0;0;2735;0;0;125;0;42;0;
15097;5134419;1178968064;14643200;1377415168;0;0;0;0;0;0;0;0;0;0;0;3056;0;0;125;0;42;0;
15098;4821372;1178968064;14643200;1377415168;0;0;0;0;0;0;0;0;0;0;0;2896;0;0;125;0;42;0;
15099;5450371;1178968064;14643200;1377415168;0;0;0;0;0;0;0;0;0;0;0;3196;0;0;125;0;42;0;
15100;4906732;1178968064;14643200;1377415168;0;0;0;0;0;0;0;0;0;0;0;3126;0;0;125;0;42;0;
15101;4850576;1178968064;14643200;1377415168;0;0;0;0;0;0;0;0;0;0;0;3346;0;0;125;0;42;0;
15102;5427949;1178968064;14643200;1377415168;0;0;0;0;0;0;0;0;0;0;0;3006;0;0;125;0;42;0;
15103;4210457;1178968064;14643200;1377415168;0;0;0;0;0;0;0;0;0;0;0;4087;0;0;125;0;42;0;
15104;5289380;1178968064;14643200;1377415168;0;0;0;0;0;0;0;0;0;0;0;3266;0;0;125;0;42;0;
15105;4520768;1178968064;14643200;1377415168;0;0;0;0;0;0;0;0;0;0;0;3607;0;0;125;0;42;0;
15106;5549477;1178968064;14643200;1377415168;0;0;0;0;0;0;0;0;0;0;0;3347;0;0;125;0;42;0;
15107;4468420;1178968064;14643200;1377415168;0;0;0;0;0;0;0;0;0;0;0;3757;0;0;125;0;42;0;
15108;5628576;1178968064;14643200;1377415168;0;0;0;0;0;0;0;0;0;0;0;3086;0;0;125;0;42;0;
15109;4332505;1178968064;14643200;1377415168;0;0;0;0;0;0;0;0;0;0;0;3617;0;0;125;0;42;0;
15110;5860271;1182408704;22138880;1384910848;0;0;0;0;0;0;0;0;0;0;0;4068;0;0;125;0;42;0;
15111;5209079;1184505856;22138880;1384910848;0;0;0;0;0;0;0;0;0;0;0;3997;0;0;125;0;42;0;
15112;5008213;1184505856;22138880;1384910848;0;0;0;0;0;0;0;0;0;0;0;2956;0;0;125;0;42;0;
15113;13543089;1184505856;22138880;1384910848;0;0;0;0;0;0;0;0;0;0;0;4228;0;0;125;0;42;0;
15114;5435814;1184505856;22138880;1384910848;0;0;0;0;0;0;0;0;0;0;0;3316;0;0;125;0;42;0;
15115;5054570;1184505856;22138880;1384910848;0;0;0;0;0;0;0;0;0;0;0;3456;0;0;125;0;42;0;
15116;4996119;1184505856;22138880;1384910848;0;0;0;0;0;0;0;0;0;0;0;2916;0;0;125;0;42;0;
15117;5707844;1184505856;22138880;1384910848;0;0;0;0;0;0;0;0;0;0;0;129904;0;0;125;0;42;0;
15118;4935366;1184505856;22138880;1384910848;0;0;0;0;0;0;0;0;0;0;0;3206;0;0;125;0;42;0;
15119;4627979;1178980352;14643200;1377415168;0;0;0;0;0;0;0;0;0;0;0;4148;0;0;125;0;42;0;
15120;5246560;1178980352;14643200;1377415168;0;0;0;0;0;0;0;0;0;0;0;3115;0;0;125;0;42;0;
15121;4836891;1178980352;14643200;1377415168;0;0;0;0;0;0;0;0;0;0;0;3146;0;0;125;0;42;0;
15122;4779323;1178980352;14643200;1377415168;0;0;0;0;0;0;0;0;0;0;0;3126;0;0;125;0;42;0;
15123;4703300;1178980352;14643200;1377415168;0;0;0;0;0;0;0;0;0;0;0;3877;0;0;125;0;42;0;
15124;5138597;1178980352;14643200;1377415168;0;0;0;0;0;0;0;0;0;0;0;3366;0;0;125;0;42;0;
15125;4554421;1178980352;14643200;1377415168;0;0;0;0;0;0;0;0;0;0;0;3306;0;0;125;0;42;0;
15126;4890481;1178980352;14643200;1377415168;0;0;0;0;0;0;0;0;0;0;0;3186;0;0;125;0;42;0;
15127;4501131;1178980352;14643200;1377415168;0;0;0;0;0;0;0;0;0;0;0;3136;0;0;125;0;42;0;
15128;4934744;1178980352;14643200;1377415168;0;0;0;0;0;0;0;0;0;0;0;2745;0;0;125;0;42;0;
15129;5202036;1178980352;14643200;1377415168;0;0;0;0;0;0;0;0;0;0;0;3466;0;0;125;0;42;0;
15130;5450962;1178980352;14643200;1377415168;0;0;0;0;0;0;0;0;0;0;0;3306;0;0;125;0;42;0;
15131;5811709;1178980352;14643200;1377415168;0;0;0;0;0;0;0;0;0;0;0;4148;0;0;125;0;42;0;
15132;5140951;1178980352;14643200;1377415168;0;0;0;0;0;0;0;0;0;0;0;3577;0;0;125;0;42;0;
15133;5374369;1178980352;14643200;1377415168;0;0;0;0;0;0;0;0;0;0;0;3557;0;0;125;0;42;0;
15134;5745385;1182420992;22138880;1384910848;0;0;0;0;0;0;0;0;0;0;0;3266;0;0;125;0;42;0;
15135;5181137;1184518144;22138880;1384910848;0;0;0;0;0;0;0;0;0;0;0;3396;0;0;125;0;42;0;
15136;5462394;1184518144;22138880;1384910848;0;0;0;0;0;0;0;0;0;0;0;2936;0;0;125;0;42;0;
15137;4924715;1184518144;22138880;1384910848;0;0;0;0;0;0;0;0;0;0;0;4228;0;0;125;0;42;0;
15138;5396951;1184518144;22138880;1384910848;0;0;0;0;0;0;0;0;0;0;0;2265;0;0;125;0;42;0;
15139;4724219;1184518144;22138880;1384910848;0;0;0;0;0;0;0;0;0;0;0;3016;0;0;125;0;42;0;
15140;5281745;1184518144;22138880;1384910848;0;0;0;0;0;0;0;0;0;0;0;3616;0;0;125;0;42;0;
15141;4430299;1184518144;22138880;1384910848;0;0;0;0;0;0;0;0;0;0;0;3526;0;0;125;0;42;0;
15142;4788190;1184518144;22138880;1384910848;0;0;0;0;0;0;0;0;0;0;0;3416;0;0;125;0;42;0;
15143;5132766;1178992640;14643200;1377415168;0;0;0;0;0;0;0;0;0;0;0;3948;0;0;125;0;42;0;
15144;4813247;1178992640;14643200;1377415168;0;0;0;0;0;0;0;0;0;0;0;3005;0;0;125;0;42;0;
15145;4324981;1178992640;14643200;1377415168;0;0;0;0;0;0;0;0;0;0;0;3677;0;0;125;0;42;0;
15146;5325067;1178992640;14643200;1377415168;0;0;0;0;0;0;0;0;0;0;0;3497;0;0;125;0;42;0;
15147;4466767;1178992640;14643200;1377415168;0;0;0;0;0;0;0;0;0;0;0;3506;0;0;125;0;42;0;
15148;5134619;1178992640;14643200;1377415168;0;0;0;0;0;0;0;0;0;0;0;3166;0;0;125;0;42;0;
15149;3802812;1178992640;14643200;1377415168;0;0;0;0;0;0;0;0;0;0;0;3967;0;0;125;0;42;0;
15150;6109047;1178992640;14643200;1377415168;0;0;0;0;0;0;0;0;0;0;0;3306;0;0;125;0;42;0;
15151;4620705;1178992640;14643200;1377415168;0;0;0;0;0;0;0;0;0;0;0;3246;0;0;125;0;42;0;
15152;4835659;1178992640;14643200;1377415168;0;0;0;0;0;0;0;0;0;0;0;2685;0;0;125;0;42;0;
15153;4004390;1178992640;14643200;1377415168;0;0;0;0;0;0;0;0;0;0;0;3207;0;0;125;0;42;0;
15154;5274602;1178992640;14643200;1377415168;0;0;0;0;0;0;0;0;0;0;0;2995;0;0;125;0;42;0;
15155;4709141;1178992640;14643200;1377415168;0;0;0;0;0;0;0;0;0;0;0;3827;0;0;125;0;42;0;
15156;5333392;1178992640;14643200;1377415168;0;0;0;0;0;0;0;0;0;0;0;2725;0;0;125;0;42;0;
15157;4969240;1178992640;14643200;1377415168;0;0;0;0;0;0;0;0;0;0;0;3797;0;0;125;0;42;0;
15158;6111681;1182433280;22138880;1384910848;0;0;0;0;0;0;0;0;0;0;0;3476;0;0;125;0;42;0;
15159;4500260;1184530432;22138880;1384910848;0;0;0;0;0;0;0;0;0;0;0;4098;0;0;125;0;42;0;
15160;5403193;1184530432;22138880;1384910848;0;0;0;0;0;0;0;0;0;0;0;3556;0;0;125;0;42;0;
15161;4638649;1184530432;22138880;1384910848;0;0;0;0;0;0;0;0;0;0;0;4348;0;0;125;0;42;0;
15162;4975722;1184530432;22138880;1384910848;0;0;0;0;0;0;0;0;0;0;0;3567;0;0;125;0;42;0;
15163;4883939;1184530432;22138880;1384910848;0;0;0;0;0;0;0;0;0;0;0;4428;0;0;125;0;42;0;
15164;5176377;1184530432;22138880;1384910848;0;0;0;0;0;0;0;0;0;0;0;2896;0;0;125;0;42;0;
15165;4171593;1184530432;22138880;1384910848;0;0;0;0;0;0;0;0;0;0;0;3597;0;0;125;0;42;0;
15166;4870143;1184530432;22138880;1384910848;0;0;0;0;0;0;0;0;0;0;0;3266;0;0;125;0;42;0;
15167;5741567;1179004928;14643200;1377415168;0;0;0;0;0;0;0;0;0;0;0;4529;0;0;125;0;42;0;
15168;5119380;1179004928;14643200;1377415168;0;0;0;0;0;0;0;0;0;0;0;3326;0;0;125;0;42;0;
15169;4950704;1179004928;14643200;1377415168;0;0;0;0;0;0;0;0;0;0;0;3928;0;0;125;0;42;0;
15170;5143245;1179004928;14643200;1377415168;0;0;0;0;0;0;0;0;0;0;0;3156;0;0;125;0;42;0;
15171;4974719;1179004928;14643200;1377415168;0;0;0;0;0;0;0;0;0;0;0;3326;0;0;125;0;42;0;
15172;5138707;1179004928;14643200;1377415168;0;0;0;0;0;0;0;0;0;0;0;2955;0;0;125;0;42;0;
15173;4026972;1179004928;14643200;1377415168;0;0;0;0;0;0;0;0;0;0;0;3837;0;0;125;0;42;0;
15174;4913795;1179004928;14643200;1377415168;0;0;0;0;0;0;0;0;0;0;0;2886;0;0;125;0;42;0;
15175;3906476;1179004928;14643200;1377415168;0;0;0;0;0;0;0;0;0;0;0;3426;0;0;125;0;42;0;
15176;4956586;1179004928;14643200;1377415168;0;0;0;0;0;0;0;0;0;0;0;3156;0;0;125;0;42;0;
15177;4358354;1179004928;14643200;1377415168;0;0;0;0;0;0;0;0;0;0;0;3026;0;0;125;0;42;0;
15178;4843243;1179004928;14643200;1377415168;0;0;0;0;0;0;0;0;0;0;0;2836;0;0;125;0;42;0;
15179;3989622;1179004928;14643200;1377415168;0;0;0;0;0;0;0;0;0;0;0;3547;0;0;125;0;42;0;
15180;5804837;1182445568;22138880;1384910848;0;0;0;0;0;0;0;0;0;0;0;3316;0;0;125;0;42;0;
15181;5246980;1184542720;22138880;1384910848;0;0;0;0;0;0;0;0;0;0;0;4088;0;0;125;0;42;0;
15182;4830920;1184542720;22138880;1384910848;0;0;0;0;0;0;0;0;0;0;0;2995;0;0;125;0;42;0;
15183;4578176;1184542720;22138880;1384910848;0;0;0;0;0;0;0;0;0;0;0;4308;0;0;125;0;42;0;
15184;5754922;1184542720;22138880;1384910848;0;0;0;0;0;0;0;0;0;0;0;2946;0;0;125;0;42;0;
15185;4256953;1184542720;22138880;1384910848;0;0;0;0;0;0;0;0;0;0;0;2895;0;0;125;0;42;0;
15186;4910229;1184542720;22138880;1384910848;0;0;0;0;0;0;0;0;0;0;0;2786;0;0;125;0;42;0;
15187;4354977;1184542720;22138880;1384910848;0;0;0;0;0;0;0;0;0;0;0;3557;0;0;125;0;42;0;
15188;5489185;1184542720;22138880;1384910848;0;0;0;0;0;0;0;0;0;0;0;2575;0;0;125;0;42;0;
15189;4320092;1179017216;14643200;1377415168;0;0;0;0;0;0;0;0;0;0;0;3056;0;0;125;0;42;0;
15190;4998404;1179017216;14643200;1377415168;0;0;0;0;0;0;0;0;0;0;0;2545;0;0;125;0;42;0;
15191;5001360;1179017216;14643200;1377415168;0;0;0;0;0;0;0;0;0;0;0;3186;0;0;125;0;42;0;
15192;4773773;1179017216;14643200;1377415168;0;0;0;0;0;0;0;0;0;0;0;2535;0;0;125;0;42;0;
15193;6309453;1179017216;14643200;1377415168;0;0;0;0;0;0;0;0;0;0;0;7404;0;0;125;0;42;0;
15194;6577906;1179017216;14643200;1377415168;0;0;0;0;0;0;0;0;0;0;0;3116;0;0;125;0;42;0;
15195;4549502;1179017216;14643200;1377415168;0;0;0;0;0;0;0;0;0;0;0;3156;0;0;125;0;42;0;
15196;4957187;1179017216;14643200;1377415168;0;0;0;0;0;0;0;0;0;0;0;2645;0;0;125;0;42;0;
15197;4634301;1179017216;14643200;1377415168;0;0;0;0;0;0;0;0;0;0;0;2895;0;0;125;0;42;0;
15198;4979388;1179017216;14643200;1377415168;0;0;0;0;0;0;0;0;0;0;0;2916;0;0;125;0;42;0;
15199;3880046;1179017216;14643200;1377415168;0;0;0;0;0;0;0;0;0;0;0;3717;0;0;125;0;42;0;
15200;4713590;1179017216;14643200;1377415168;0;0;0;0;0;0;0;0;0;0;0;2395;0;0;125;0;42;0;
15201;4522602;1179017216;14643200;1377415168;0;0;0;0;0;0;0;0;0;0;0;3917;0;0;125;0;42;0;
15202;5006900;1179017216;14643200;1377415168;0;0;0;0;0;0;0;0;0;0;0;3667;0;0;125;0;42;0;
15203;5255526;1179017216;14643200;1377415168;0;0;0;0;0;0;0;0;0;0;0;4559;0;0;125;0;42;0;
15204;5872914;1182457856;22138880;1384910848;0;0;0;0;0;0;0;0;0;0;0;3416;0;0;125;0;42;0;
15205;3636329;1184555008;22138880;1384910848;0;0;0;0;0;0;0;0;0;0;0;4048;0;0;125;0;42;0;
15206;5086188;1184555008;22138880;1384910848;0;0;0;0;0;0;0;0;0;0;0;3657;0;0;125;0;42;0;
15207;3271305;1184555008;22138880;1384910848;0;0;0;0;0;0;0;0;0;0;0;2825;0;0;125;0;42;0;
15208;5272839;1184555008;22138880;1384910848;0;0;0;0;0;0;0;0;0;0;0;3156;0;0;125;0;42;0;
15209;3348009;1184555008;22138880;1384910848;0;0;0;0;0;0;0;0;0;0;0;3827;0;0;125;0;42;0;
15210;4884660;1184555008;22138880;1384910848;0;0;0;0;0;0;0;0;0;0;0;4087;0;0;125;0;42;0;
15211;3382694;1184555008;22138880;1384910848;0;0;0;0;0;0;0;0;0;0;0;3888;0;0;125;0;42;0;
15212;5322742;1184555008;22138880;1384910848;0;0;0;0;0;0;0;0;0;0;0;3356;0;0;125;0;42;0;
15213;3760342;1179029504;14643200;1377415168;0;0;0;0;0;0;0;0;0;0;0;3607;0;0;125;0;42;0;
15214;5270224;1179029504;14643200;1377415168;0;0;0;0;0;0;0;0;0;0;0;2865;0;0;125;0;42;0;
15215;3960919;1179029504;14643200;1377415168;0;0;0;0;0;0;0;0;0;0;0;3827;0;0;125;0;42;0;
15216;4966303;1179029504;14643200;1377415168;0;0;0;0;0;0;0;0;0;0;0;3466;0;0;125;0;42;0;
15217;2907613;1179029504;14643200;1377415168;0;0;0;0;0;0;0;0;0;0;0;3306;0;0;125;0;42;0;
15218;5815356;1179029504;14643200;1377415168;0;0;0;0;0;0;0;0;0;0;0;3667;0;0;125;0;42;0;
15219;3766463;1179029504;14643200;1377415168;0;0;0;0;0;0;0;0;0;0;0;3867;0;0;125;0;42;0;
15220;5339334;1179029504;14643200;1377415168;0;0;0;0;0;0;0;0;0;0;0;3236;0;0;125;0;42;0;
15221;3796069;1179029504;14643200;1377415168;0;0;0;0;0;0;0;0;0;0;0;3416;0;0;125;0;42;0;
15222;5170026;1179029504;14643200;1377415168;0;0;0;0;0;0;0;0;0;0;0;2605;0;0;125;0;42;0;
15223;3566739;1179029504;14643200;1377415168;0;0;0;0;0;0;0;0;0;0;0;3537;0;0;125;0;42;0;
15224;4712428;1179029504;14643200;1377415168;0;0;0;0;0;0;0;0;0;0;0;2895;0;0;125;0;42;0;
15225;3517757;1179029504;14643200;1377415168;0;0;0;0;0;0;0;0;0;0;0;3056;0;0;125;0;42;0;
15226;4950594;1179029504;14643200;1377415168;0;0;0;0;0;0;0;0;0;0;0;2796;0;0;125;0;42;0;
15227;4522411;1179029504;14643200;1377415168;0;0;0;0;0;0;0;0;0;0;0;2965;0;0;125;0;42;0;
15228;5708436;1182470144;22138880;1384910848;0;0;0;0;0;0;0;0;0;0;0;2475;0;0;125;0;42;0;
15229;5087662;1184567296;22138880;1384910848;0;0;0;0;0;0;0;0;0;0;0;4849;0;0;125;0;42;0;
15230;5093483;1184567296;22138880;1384910848;0;0;0;0;0;0;0;0;0;0;0;2785;0;0;125;0;42;0;
15231;3913900;1184567296;22138880;1384910848;0;0;0;0;0;0;0;0;0;0;0;3637;0;0;125;0;42;0;
15232;4720783;1184567296;22138880;1384910848;0;0;0;0;0;0;0;0;0;0;0;2635;0;0;125;0;42;0;
15233;6193385;1184567296;22138880;1384910848;0;0;0;0;0;0;0;0;0;0;0;6322;0;0;125;0;42;0;
15234;5446354;1184567296;22138880;1384910848;0;0;0;0;0;0;0;0;0;0;0;2585;0;0;125;0;42;0;
15235;3467282;1184567296;22138880;1384910848;0;0;0;0;0;0;0;0;0;0;0;2414;0;0;125;0;42;0;
15236;5118499;1184567296;22138880;1384910848;0;0;0;0;0;0;0;0;0;0;0;2094;0;0;125;0;42;0;
15237;3853377;1179041792;14643200;1377415168;0;0;0;0;0;0;0;0;0;0;0;2364;0;0;125;0;42;0;
15238;4869062;1179041792;14643200;1377415168;0;0;0;0;0;0;0;0;0;0;0;2214;0;0;125;0;42;0;
15239;3109351;1179041792;14643200;1377415168;0;0;0;0;0;0;0;0;0;0;0;2605;0;0;125;0;42;0;
15240;5270955;1179041792;14643200;1377415168;0;0;0;0;0;0;0;0;0;0;0;2344;0;0;125;0;42;0;
15241;3566588;1179041792;14643200;1377415168;0;0;0;0;0;0;0;0;0;0;0;2354;0;0;125;0;42;0;
15242;4786296;1179041792;14643200;1377415168;0;0;0;0;0;0;0;0;0;0;0;2564;0;0;125;0;42;0;
15243;3458306;1179041792;14643200;1377415168;0;0;0;0;0;0;0;0;0;0;0;2385;0;0;125;0;42;0;
15244;4715484;1179041792;14643200;1377415168;0;0;0;0;0;0;0;0;0;0;0;2054;0;0;125;0;42;0;
15245;4555774;1179041792;14643200;1377415168;0;0;0;0;0;0;0;0;0;0;0;2645;0;0;125;0;42;0;
15246;4870514;1179041792;14643200;1377415168;0;0;0;0;0;0;0;0;0;0;0;2736;0;0;125;0;42;0;
15247;3783666;1179041792;14643200;1377415168;0;0;0;0;0;0;0;0;0;0;0;2946;0;0;125;0;42;0;
15248;5567030;1179041792;14643200;1377415168;0;0;0;0;0;0;0;0;0;0;0;2144;0;0;125;0;42;0;
15249;3256177;1179041792;14643200;1377415168;0;0;0;0;0;0;0;0;0;0;0;2655;0;0;125;0;42;0;
15250;5242232;1182482432;22138880;1384910848;0;0;0;0;0;0;0;0;0;0;0;2034;0;0;125;0;42;0;
15251;4615245;1184579584;22138880;1384910848;0;0;0;0;0;0;0;0;0;0;0;10570;0;0;125;0;42;0;
15252;4968338;1184579584;22138880;1384910848;0;0;0;0;0;0;0;0;0;0;0;2495;0;0;125;0;42;0;
15253;3610391;1184579584;22138880;1384910848;0;0;0;0;0;0;0;0;0;0;0;4198;0;0;125;0;42;0;
15254;5042226;1184579584;22138880;1384910848;0;0;0;0;0;0;0;0;0;0;0;2235;0;0;125;0;42;0;
15255;3975536;1184579584;22138880;1384910848;0;0;0;0;0;0;0;0;0;0;0;3076;0;0;125;0;42;0;
15256;4816923;1184579584;22138880;1384910848;0;0;0;0;0;0;0;0;0;0;0;2074;0;0;125;0;42;0;
15257;3999901;1184579584;22138880;1384910848;0;0;0;0;0;0;0;0;0;0;0;2705;0;0;125;0;42;0;
15258;4611618;1184579584;22138880;1384910848;0;0;0;0;0;0;0;0;0;0;0;1913;0;0;125;0;42;0;
15259;4530516;1179054080;14643200;1377415168;0;0;0;0;0;0;0;0;0;0;0;3016;0;0;125;0;42;0;
15260;4861928;1179054080;14643200;1377415168;0;0;0;0;0;0;0;0;0;0;0;2235;0;0;125;0;42;0;
15261;3062974;1179054080;14643200;1377415168;0;0;0;0;0;0;0;0;0;0;0;2605;0;0;125;0;42;0;
15262;4796365;1179054080;14643200;1377415168;0;0;0;0;0;0;0;0;0;0;0;2104;0;0;125;0;42;0;
15263;3232502;1179054080;14643200;1377415168;0;0;0;0;0;0;0;0;0;0;0;2655;0;0;125;0;42;0;
15264;4900380;1179054080;14643200;1377415168;0;0;0;0;0;0;0;0;0;0;0;2014;0;0;125;0;42;0;
15265;3741797;1179054080;14643200;1377415168;0;0;0;0;0;0;0;0;0;0;0;2465;0;0;125;0;42;0;
15266;4636695;1179054080;14643200;1377415168;0;0;0;0;0;0;0;0;0;0;0;2144;0;0;125;0;42;0;
15267;4028735;1179054080;14643200;1377415168;0;0;0;0;0;0;0;0;0;0;0;2826;0;0;125;0;42;0;
15268;4764285;1179054080;14643200;1377415168;0;0;0;0;0;0;0;0;0;0;0;2164;0;0;125;0;42;0;
15269;3859108;1179054080;14643200;1377415168;0;0;0;0;0;0;0;0;0;0;0;3667;0;0;125;0;42;0;
15270;4927421;1179054080;14643200;1377415168;0;0;0;0;0;0;0;0;0;0;0;3035;0;0;125;0;42;0;
15271;5569094;1179054080;14643200;1377415168;0;0;0;0;0;0;0;0;0;0;0;4999;0;0;125;0;42;0;
15272;5221081;1179054080;14643200;1377415168;0;0;0;0;0;0;0;0;0;0;0;2615;0;0;125;0;42;0;
15273;5287185;1179054080;14643200;1377415168;0;0;0;0;0;0;0;0;0;0;0;4148;0;0;125;0;42;0;
15274;6321535;1182494720;22138880;1384910848;0;0;0;0;0;0;0;0;0;0;0;3377;0;0;125;0;42;0;
15275;2866907;1184591872;22138880;1384910848;0;0;0;0;0;0;0;0;0;0;0;4158;0;0;125;0;42;0;
15276;4442993;1184591872;22138880;1384910848;0;0;0;0;0;0;0;0;0;0;0;2475;0;0;125;0;42;0;
15277;3575906;1184591872;22138880;1384910848;0;0;0;0;0;0;0;0;0;0;0;3657;0;0;125;0;42;0;
15278;4651754;1184591872;22138880;1384910848;0;0;0;0;0;0;0;0;0;0;0;3036;0;0;125;0;42;0;
15279;3591766;1184591872;22138880;1384910848;0;0;0;0;0;0;0;0;0;0;0;4068;0;0;125;0;42;0;
15280;4746291;1184591872;22138880;1384910848;0;0;0;0;0;0;0;0;0;0;0;2695;0;0;125;0;42;0;
15281;3591456;1184591872;22138880;1384910848;0;0;0;0;0;0;0;0;0;0;0;3356;0;0;125;0;42;0;
15282;4835478;1184591872;22138880;1384910848;0;0;0;0;0;0;0;0;0;0;0;3276;0;0;125;0;42;0;
15283;3539989;1184591872;22138880;1384910848;0;0;0;0;0;0;0;0;0;0;0;3446;0;0;125;0;42;0;
15284;4841961;1184591872;22138880;1384910848;0;0;0;0;0;0;0;0;0;0;0;2665;0;0;125;0;42;0;
15285;4127120;1184591872;22138880;1384910848;0;0;0;0;0;0;0;0;0;0;0;4138;0;0;125;0;42;0;
15286;4818917;1184591872;22138880;1384910848;0;0;0;0;0;0;0;0;0;0;0;2885;0;0;125;0;42;0;
15287;3409244;1184591872;22138880;1384910848;0;0;0;0;0;0;0;0;0;0;0;2935;0;0;125;0;42;0;
15288;4677533;1184591872;22138880;1384910848;0;0;0;0;0;0;0;0;0;0;0;2785;0;0;125;0;42;0;
15289;4006384;1184591872;22138880;1384910848;0;0;0;0;0;0;0;0;0;0;0;3266;0;0;125;0;42;0;
15290;4718509;1184591872;22138880;1384910848;0;0;0;0;0;0;0;0;0;0;0;2745;0;0;125;0;42;0;
15291;3545379;1184591872;22138880;1384910848;0;0;0;0;0;0;0;0;0;0;0;3276;0;0;125;0;42;0;
15292;4472507;1184591872;22138880;1384910848;0;0;0;0;0;0;0;0;0;0;0;2955;0;0;125;0;42;0;
15293;4726103;1184591872;22138880;1384910848;0;0;0;0;0;0;0;0;0;0;0;3487;0;0;125;0;42;0;
15294;5406449;1184591872;22138880;1384910848;0;0;0;0;0;0;0;0;0;0;0;2935;0;0;125;0;42;0;
15295;5731960;1184591872;22138880;1384910848;0;0;0;0;0;0;0;0;0;0;0;6191;0;0;125;0;42;0;
15296;5164837;1184591872;22138880;1384910848;0;0;0;0;0;0;0;0;0;0;0;2535;0;0;125;0;42;0;
15297;5256989;1184591872;22138880;1384910848;0;0;0;0;0;0;0;0;0;0;0;3116;0;0;125;0;42;0;
15298;4605928;1184591872;22138880;1384910848;0;0;0;0;0;0;0;0;0;0;0;2104;0;0;125;0;42;0;
15299;4291598;1184591872;22138880;1384910848;0;0;0;0;0;0;0;0;0;0;0;2635;0;0;125;0;42;0;
15300;5002031;1184591872;22138880;1384910848;0;0;0;0;0;0;0;0;0;0;0;2244;0;0;125;0;42;0;
15301;3988631;1184591872;22138880;1384910848;0;0;0;0;0;0;0;0;0;0;0;3287;0;0;125;0;42;0;
15302;4706336;1184591872;22138880;1384910848;0;0;0;0;0;0;0;0;0;0;0;2234;0;0;125;0;42;0;
15303;4008497;1184591872;22138880;1384910848;0;0;0;0;0;0;0;0;0;0;0;2765;0;0;125;0;42;0;
15304;5011849;1184591872;22138880;1384910848;0;0;0;0;0;0;0;0;0;0;0;2164;0;0;125;0;42;0;
15305;4088608;1184591872;22138880;1384910848;0;0;0;0;0;0;0;0;0;0;0;2665;0;0;125;0;42;0;
15306;4580260;1184591872;22138880;1384910848;0;0;0;0;0;0;0;0;0;0;0;1803;0;0;125;0;42;0;
15307;4440718;1184591872;22138880;1384910848;0;0;0;0;0;0;0;0;0;0;0;2375;0;0;125;0;42;0;
15308;4842471;1184591872;22138880;1384910848;0;0;0;0;0;0;0;0;0;0;0;2084;0;0;125;0;42;0;
15309;3717742;1184591872;22138880;1384910848;0;0;0;0;0;0;0;0;0;0;0;2635;0;0;125;0;42;0;
15310;4752452;1184591872;22138880;1384910848;0;0;0;0;0;0;0;0;0;0;0;2245;0;0;125;0;42;0;
15311;3760612;1184591872;22138880;1384910848;0;0;0;0;0;0;0;0;0;0;0;2384;0;0;125;0;42;0;
15312;5115964;1184591872;22138880;1384910848;0;0;0;0;0;0;0;0;0;0;0;2114;0;0;125;0;42;0;
15313;3768237;1184591872;22138880;1384910848;0;0;0;0;0;0;0;0;0;0;0;2655;0;0;125;0;42;0;
15314;4883118;1184591872;22138880;1384910848;0;0;0;0;0;0;0;0;0;0;0;1984;0;0;125;0;42;0;
15315;3504422;1184591872;22138880;1384910848;0;0;0;0;0;0;0;0;0;0;0;2364;0;0;125;0;42;0;
15316;5049981;1184591872;22138880;1384910848;0;0;0;0;0;0;0;0;0;0;0;1944;0;0;125;0;42;0;
15317;2743445;1184591872;22138880;1384910848;0;0;0;0;0;0;0;0;0;0;0;2495;0;0;125;0;42;0;
15318;4811173;1184591872;22138880;1384910848;0;0;0;0;0;0;0;0;0;0;0;2425;0;0;125;0;42;0;
15319;3431716;1184591872;22138880;1384910848;0;0;0;0;0;0;0;0;0;0;0;2935;0;0;125;0;42;0;
15320;4838955;1184591872;22138880;1384910848;0;0;0;0;0;0;0;0;0;0;0;2745;0;0;125;0;42;0;
15321;3364771;1184591872;22138880;1384910848;0;0;0;0;0;0;0;0;0;0;0;2525;0;0;125;0;42;0;
15322;4541196;1184591872;22138880;1384910848;0;0;0;0;0;0;0;0;0;0;0;2054;0;0;125;0;42;0;
15323;4195899;1184591872;22138880;1384910848;0;0;0;0;0;0;0;0;0;0;0;2645;0;0;125;0;42;0;
15324;10288344;1184591872;22138880;1384910848;0;0;0;0;0;0;0;0;0;0;0;2555;0;0;125;0;42;0;
15325;4443373;1184591872;22138880;1384910848;0;0;0;0;0;0;0;0;0;0;0;3026;0;0;125;0;42;0;
15326;5308175;1184591872;22138880;1384910848;0;0;0;0;0;0;0;0;0;0;0;2334;0;0;125;0;42;0;
15327;3540650;1184591872;22138880;1384910848;0;0;0;0;0;0;0;0;0;0;0;2484;0;0;125;0;42;0;
15328;4701146;1184591872;22138880;1384910848;0;0;0;0;0;0;0;0;0;0;0;2665;0;0;125;0;42;0;
15329;4525667;1184591872;22138880;1384910848;0;0;0;0;0;0;0;0;0;0;0;3005;0;0;125;0;42;0;
15330;4931999;1184591872;22138880;1384910848;0;0;0;0;0;0;0;0;0;0;0;2195;0;0;125;0;42;0;
15331;3505123;1184591872;22138880;1384910848;0;0;0;0;0;0;0;0;0;0;0;2374;0;0;125;0;42;0;
15332;4882086;1184591872;22138880;1384910848;0;0;0;0;0;0;0;0;0;0;0;2475;0;0;125;0;42;0;
15333;4270659;1184591872;22138880;1384910848;0;0;0;0;0;0;0;0;0;0;0;2726;0;0;125;0;42;0;
15334;4836901;1184591872;22138880;1384910848;0;0;0;0;0;0;0;0;0;0;0;1823;0;0;125;0;42;0;
15335;3512637;1184591872;22138880;1384910848;0;0;0;0;0;0;0;0;0;0;0;2765;0;0;125;0;42;0;
15336;5021988;1184591872;22138880;1384910848;0;0;0;0;0;0;0;0;0;0;0;2845;0;0;125;0;42;0;
15337;5658532;1184591872;22138880;1384910848;0;0;0;0;0;0;0;0;0;0;0;6582;0;0;125;0;42;0;
15338;5419724;1184591872;22138880;1384910848;0;0;0;0;0;0;0;0;0;0;0;3476;0;0;125;0;42;0;
15339;5346687;1184591872;22138880;1384910848;0;0;0;0;0;0;0;0;0;0;0;4718;0;0;125;0;42;0;
15340;5822299;1184591872;22138880;1384910848;0;0;0;0;0;0;0;0;0;0;0;3396;0;0;125;0;42;0;
15341;4846960;1184591872;22138880;1384910848;0;0;0;0;0;0;0;0;0;0;0;5610;0;0;125;0;42;0;
15342;4865815;1184591872;22138880;1384910848;0;0;0;0;0;0;0;0;0;0;0;3406;0;0;125;0;42;0;
15343;5431957;1184591872;22138880;1384910848;0;0;0;0;0;0;0;0;0;0;0;5611;0;0;125;0;42;0;
15344;5356205;1184591872;22138880;1384910848;0;0;0;0;0;0;0;0;0;0;0;3146;0;0;125;0;42;0;
15345;4883218;1184591872;22138880;1384910848;0;0;0;0;0;0;0;0;0;0;0;5921;0;0;125;0;42;0;
15346;5305059;1184591872;22138880;1384910848;0;0;0;0;0;0;0;0;0;0;0;2655;0;0;125;0;42;0;
15347;4670539;1184591872;22138880;1384910848;0;0;0;0;0;0;0;0;0;0;0;4979;0;0;125;0;42;0;
15348;4723739;1184591872;22138880;1384910848;0;0;0;0;0;0;0;0;0;0;0;2735;0;0;125;0;42;0;
15349;4860606;1184591872;22138880;1384910848;0;0;0;0;0;0;0;0;0;0;0;5019;0;0;125;0;42;0;
15350;5226982;1184591872;22138880;1384910848;0;0;0;0;0;0;0;0;0;0;0;3206;0;0;125;0;42;0;
15351;5717662;1184591872;22138880;1384910848;0;0;0;0;0;0;0;0;0;0;0;5731;0;0;125;0;42;0;
15352;5583712;1184591872;22138880;1384910848;0;0;0;0;0;0;0;0;0;0;0;3336;0;0;125;0;42;0;
15353;4720462;1184591872;22138880;1384910848;0;0;0;0;0;0;0;0;0;0;0;5580;0;0;125;0;42;0;
15354;5139729;1184591872;22138880;1384910848;0;0;0;0;0;0;0;0;0;0;0;2876;0;0;125;0;42;0;
15355;4668355;1184591872;22138880;1384910848;0;0;0;0;0;0;0;0;0;0;0;5119;0;0;125;0;42;0;
15356;5730306;1184591872;22138880;1384910848;0;0;0;0;0;0;0;0;0;0;0;3146;0;0;125;0;42;0;
15357;4621777;1184591872;22138880;1384910848;0;0;0;0;0;0;0;0;0;0;0;4388;0;0;125;0;42;0;
15358;5219729;1184591872;22138880;1384910848;0;0;0;0;0;0;0;0;0;0;0;3336;0;0;125;0;42;0;
15359;5987849;1184591872;22138880;1384910848;0;0;0;0;0;0;0;0;0;0;0;5701;0;0;125;0;42;0;
15360;5421066;1184591872;22138880;1384910848;0;0;0;0;0;0;0;0;0;0;0;4248;0;0;125;0;42;0;
15361;5032508;1184591872;22138880;1384910848;0;0;0;0;0;0;0;0;0;0;0;5541;0;0;125;0;42;0;
15362;5049439;1184591872;22138880;1384910848;0;0;0;0;0;0;0;0;0;0;0;3727;0;0;125;0;42;0;
15363;5272057;1184591872;22138880;1384910848;0;0;0;0;0;0;0;0;0;0;0;5320;0;0;125;0;42;0;
15364;4874332;1184591872;22138880;1384910848;0;0;0;0;0;0;0;0;0;0;0;3206;0;0;125;0;42;0;
15365;5454660;1184591872;22138880;1384910848;0;0;0;0;0;0;0;0;0;0;0;5741;0;0;125;0;42;0;
15366;5079636;1184591872;22138880;1384910848;0;0;0;0;0;0;0;0;0;0;0;2685;0;0;125;0;42;0;
15367;4404340;1184591872;22138880;1384910848;0;0;0;0;0;0;0;0;0;0;0;5470;0;0;125;0;42;0;
15368;5973002;1184591872;22138880;1384910848;0;0;0;0;0;0;0;0;0;0;0;5260;0;0;125;0;42;0;
15369;5479166;1184591872;22147072;1384919040;0;0;0;0;0;0;0;0;0;0;0;4178;0;0;125;0;42;0;
15370;5035113;1184591872;22147072;1384919040;0;0;0;0;0;0;0;0;0;0;0;2735;0;0;125;0;42;0;
15371;5407742;1184591872;22147072;1384919040;0;0;0;0;0;0;0;0;0;0;0;5009;0;0;125;0;42;0;
15372;5613978;1184591872;22147072;1384919040;0;0;0;0;0;0;0;0;0;0;0;3086;0;0;125;0;42;0;
15373;4803548;1184591872;22147072;1384919040;0;0;0;0;0;0;0;0;0;0;0;6092;0;0;125;0;42;0;
15374;4806825;1184591872;22147072;1384919040;0;0;0;0;0;0;0;0;0;0;0;3006;0;0;125;0;42;0;
15375;5161359;1184784384;22138880;1384910848;0;0;0;0;0;0;0;0;0;0;0;4809;0;0;125;0;42;0;
15376;4884060;1184784384;22138880;1384910848;0;0;0;0;0;0;0;0;0;0;0;3236;0;0;125;0;42;0;
15377;4461367;1184784384;22138880;1384910848;0;0;0;0;0;0;0;0;0;0;0;5450;0;0;125;0;42;0;
15378;5694790;1184784384;22138880;1384910848;0;0;0;0;0;0;0;0;0;0;0;2755;0;0;125;0;42;0;
15379;4690516;1184784384;22138880;1384910848;0;0;0;0;0;0;0;0;0;0;0;5941;0;0;125;0;42;0;
15380;4865074;1184784384;22138880;1384910848;0;0;0;0;0;0;0;0;0;0;0;2445;0;0;125;0;42;0;
15381;5078524;1184784384;22138880;1384910848;0;0;0;0;0;0;0;0;0;0;0;5230;0;0;125;0;42;0;
15382;5338562;1184784384;22138880;1384910848;0;0;0;0;0;0;0;0;0;0;0;2575;0;0;125;0;42;0;
15383;4319861;1184784384;22138880;1384910848;0;0;0;0;0;0;0;0;0;0;0;2966;0;0;125;0;42;0;
15384;4930777;1184784384;22138880;1384910848;0;0;0;0;0;0;0;0;0;0;0;2054;0;0;125;0;42;0;
15385;3626250;1184784384;22138880;1384910848;0;0;0;0;0;0;0;0;0;0;0;2896;0;0;125;0;42;0;
15386;4550033;1184784384;22138880;1384910848;0;0;0;0;0;0;0;0;0;0;0;2274;0;0;125;0;42;0;
15387;3220861;1184784384;22138880;1384910848;0;0;0;0;0;0;0;0;0;0;0;2615;0;0;125;0;42;0;
15388;4592984;1184784384;22138880;1384910848;0;0;0;0;0;0;0;0;0;0;0;2235;0;0;125;0;42;0;
15389;4063110;1184784384;22138880;1384910848;0;0;0;0;0;0;0;0;0;0;0;2314;0;0;125;0;42;0;
15390;4927551;1184784384;22138880;1384910848;0;0;0;0;0;0;0;0;0;0;0;2094;0;0;125;0;42;0;
15391;2812004;1184784384;22138880;1384910848;0;0;0;0;0;0;0;0;0;0;0;2365;0;0;125;0;42;0;
15392;4711325;1184784384;22138880;1384910848;0;0;0;0;0;0;0;0;0;0;0;2174;0;0;125;0;42;0;
15393;4085943;1184784384;22138880;1384910848;0;0;0;0;0;0;0;0;0;0;0;2745;0;0;125;0;42;0;
15394;4571143;1184784384;22138880;1384910848;0;0;0;0;0;0;0;0;0;0;0;2264;0;0;125;0;42;0;
15395;3238033;1184784384;22138880;1384910848;0;0;0;0;0;0;0;0;0;0;0;2374;0;0;125;0;42;0;
15396;4600869;1184784384;22138880;1384910848;0;0;0;0;0;0;0;0;0;0;0;2245;0;0;125;0;42;0;
15397;3534418;1184784384;22138880;1384910848;0;0;0;0;0;0;0;0;0;0;0;2575;0;0;125;0;42;0;
15398;4496362;1184784384;22138880;1384910848;0;0;0;0;0;0;0;0;0;0;0;1904;0;0;125;0;42;0;
15399;3621562;1184784384;22138880;1384910848;0;0;0;0;0;0;0;0;0;0;0;2725;0;0;125;0;42;0;
15400;4559191;1184784384;22138880;1384910848;0;0;0;0;0;0;0;0;0;0;0;2184;0;0;125;0;42;0;
15401;4396005;1184784384;22138880;1384910848;0;0;0;0;0;0;0;0;0;0;0;3306;0;0;125;0;42;0;
15402;4625164;1184784384;22138880;1384910848;0;0;0;0;0;0;0;0;0;0;0;1794;0;0;125;0;42;0;
15403;3793704;1184784384;22138880;1384910848;0;0;0;0;0;0;0;0;0;0;0;2745;0;0;125;0;42;0;
15404;4511872;1184784384;22138880;1384910848;0;0;0;0;0;0;0;0;0;0;0;2244;0;0;125;0;42;0;
15405;4784743;1184784384;22138880;1384910848;0;0;0;0;0;0;0;0;0;0;0;2726;0;0;125;0;42;0;
15406;4558178;1184784384;22138880;1384910848;0;0;0;0;0;0;0;0;0;0;0;2264;0;0;125;0;42;0;
15407;4027473;1184784384;22138880;1384910848;0;0;0;0;0;0;0;0;0;0;0;2555;0;0;125;0;42;0;
15408;4485773;1184784384;22138880;1384910848;0;0;0;0;0;0;0;0;0;0;0;2635;0;0;125;0;42;0;
15409;4291718;1184784384;22138880;1384910848;0;0;0;0;0;0;0;0;0;0;0;3206;0;0;125;0;42;0;
15410;4783952;1184784384;22138880;1384910848;0;0;0;0;0;0;0;0;0;0;0;2475;0;0;125;0;42;0;
15411;3124339;1184784384;22138880;1384910848;0;0;0;0;0;0;0;0;0;0;0;2295;0;0;125;0;42;0;
15412;4952177;1184784384;22138880;1384910848;0;0;0;0;0;0;0;0;0;0;0;2265;0;0;125;0;42;0;
15413;3556390;1184784384;22138880;1384910848;0;0;0;0;0;0;0;0;0;0;0;2675;0;0;125;0;42;0;
15414;5122116;1184784384;22138880;1384910848;0;0;0;0;0;0;0;0;0;0;0;1764;0;0;125;0;42;0;
15415;3213477;1184784384;22138880;1384910848;0;0;0;0;0;0;0;0;0;0;0;2344;0;0;125;0;42;0;
15416;4824487;1184784384;22138880;1384910848;0;0;0;0;0;0;0;0;0;0;0;1974;0;0;125;0;42;0;
15417;2919715;1184784384;22138880;1384910848;0;0;0;0;0;0;0;0;0;0;0;2915;0;0;125;0;42;0;
15418;4679646;1184784384;22138880;1384910848;0;0;0;0;0;0;0;0;0;0;0;2564;0;0;125;0;42;0;
15419;3375160;1184784384;22138880;1384910848;0;0;0;0;0;0;0;0;0;0;0;2845;0;0;125;0;42;0;
15420;5046935;1184784384;22138880;1384910848;0;0;0;0;0;0;0;0;0;0;0;2214;0;0;125;0;42;0;
15421;4088017;1184784384;22138880;1384910848;0;0;0;0;0;0;0;0;0;0;0;2495;0;0;125;0;42;0;
15422;4611568;1184784384;22138880;1384910848;0;0;0;0;0;0;0;0;0;0;0;1854;0;0;125;0;42;0;
15423;3481600;1184784384;22138880;1384910848;0;0;0;0;0;0;0;0;0;0;0;2395;0;0;125;0;42;0;
15424;4666872;1184784384;22138880;1384910848;0;0;0;0;0;0;0;0;0;0;0;2214;0;0;125;0;42;0;
15425;3965106;1184784384;22138880;1384910848;0;0;0;0;0;0;0;0;0;0;0;2545;0;0;125;0;42;0;
15426;4743155;1184784384;22138880;1384910848;0;0;0;0;0;0;0;0;0;0;0;2003;0;0;125;0;42;0;
15427;3000096;1184784384;22138880;1384910848;0;0;0;0;0;0;0;0;0;0;0;1984;0;0;125;0;42;0;
15428;4812736;1184784384;22138880;1384910848;0;0;0;0;0;0;0;0;0;0;0;2084;0;0;125;0;42;0;
15429;3622664;1184784384;22138880;1384910848;0;0;0;0;0;0;0;0;0;0;0;2945;0;0;125;0;42;0;
15430;4707608;1184784384;22138880;1384910848;0;0;0;0;0;0;0;0;0;0;0;2114;0;0;125;0;42;0;
15431;3124831;1184784384;22138880;1384910848;0;0;0;0;0;0;0;0;0;0;0;2515;0;0;125;0;42;0;
15432;5161019;1184784384;22138880;1384910848;0;0;0;0;0;0;0;0;0;0;0;2044;0;0;125;0;42;0;
15433;3399175;1184784384;22138880;1384910848;0;0;0;0;0;0;0;0;0;0;0;2555;0;0;125;0;42;0;
15434;4377039;1184784384;22138880;1384910848;0;0;0;0;0;0;0;0;0;0;0;2084;0;0;125;0;42;0;
15435;3276284;1184784384;22138880;1384910848;0;0;0;0;0;0;0;0;0;0;0;2605;0;0;125;0;42;0;
15436;4884230;1184784384;22138880;1384910848;0;0;0;0;0;0;0;0;0;0;0;2464;0;0;125;0;42;0;
15437;3708926;1184784384;22138880;1384910848;0;0;0;0;0;0;0;0;0;0;0;2584;0;0;125;0;42;0;
15438;4606219;1184784384;22138880;1384910848;0;0;0;0;0;0;0;0;0;0;0;2435;0;0;125;0;42;0;
15439;4247857;1184784384;22138880;1384910848;0;0;0;0;0;0;0;0;0;0;0;2384;0;0;125;0;42;0;
15440;4930076;1184784384;22138880;1384910848;0;0;0;0;0;0;0;0;0;0;0;2424;0;0;125;0;42;0;
15441;3803022;1184784384;22138880;1384910848;0;0;0;0;0;0;0;0;0;0;0;2365;0;0;125;0;42;0;
15442;4748565;1184784384;22138880;1384910848;0;0;0;0;0;0;0;0;0;0;0;2245;0;0;125;0;42;0;
15443;3085136;1184784384;22138880;1384910848;0;0;0;0;0;0;0;0;0;0;0;2455;0;0;125;0;42;0;
15444;5334434;1184784384;22138880;1384910848;0;0;0;0;0;0;0;0;0;0;0;2484;0;0;125;0;42;0;
15445;3018972;1184784384;22138880;1384910848;0;0;0;0;0;0;0;0;0;0;0;2425;0;0;125;0;42;0;
15446;4698301;1184784384;22138880;1384910848;0;0;0;0;0;0;0;0;0;0;0;2034;0;0;125;0;42;0;
15447;2703901;1184784384;22138880;1384910848;0;0;0;0;0;0;0;0;0;0;0;2404;0;0;125;0;42;0;
15448;4387327;1184784384;22138880;1384910848;0;0;0;0;0;0;0;0;0;0;0;2445;0;0;125;0;42;0;
15449;3665925;1184784384;22138880;1384910848;0;0;0;0;0;0;0;0;0;0;0;2705;0;0;125;0;42;0;
15450;4719731;1184784384;22138880;1384910848;0;0;0;0;0;0;0;0;0;0;0;2315;0;0;125;0;42;0;
15451;3181707;1184784384;22138880;1384910848;0;0;0;0;0;0;0;0;0;0;0;2736;0;0;125;0;42;0;
15452;4797567;1184784384;22138880;1384910848;0;0;0;0;0;0;0;0;0;0;0;2394;0;0;125;0;42;0;
15453;3272026;1184784384;22138880;1384910848;0;0;0;0;0;0;0;0;0;0;0;2775;0;0;125;0;42;0;
15454;4641905;1184784384;22138880;1384910848;0;0;0;0;0;0;0;0;0;0;0;2104;0;0;125;0;42;0;
15455;3422869;1184784384;22138880;1384910848;0;0;0;0;0;0;0;0;0;0;0;2405;0;0;125;0;42;0;
15456;4979789;1184784384;22138880;1384910848;0;0;0;0;0;0;0;0;0;0;0;2043;0;0;125;0;42;0;
15457;3617986;1184784384;22138880;1384910848;0;0;0;0;0;0;0;0;0;0;0;2304;0;0;125;0;42;0;
15458;4780495;1184784384;22138880;1384910848;0;0;0;0;0;0;0;0;0;0;0;2285;0;0;125;0;42;0;
15459;1924790;1184784384;22138880;1384910848;0;0;0;0;0;0;0;0;0;0;0;2304;0;0;125;0;42;0;
15460;4555463;1184784384;22138880;1384910848;0;0;0;0;0;0;0;0;0;0;0;2245;0;0;125;0;42;0;
15461;2701927;1184784384;22138880;1384910848;0;0;0;0;0;0;0;0;0;0;0;2775;0;0;125;0;42;0;
15462;4466486;1184784384;22138880;1384910848;0;0;0;0;0;0;0;0;0;0;0;2184;0;0;125;0;42;0;
15463;2107722;1184784384;22138880;1384910848;0;0;0;0;0;0;0;0;0;0;0;2084;0;0;125;0;42;0;
15464;4692931;1184784384;22138880;1384910848;0;0;0;0;0;0;0;0;0;0;0;2354;0;0;125;0;42;0;
15465;2114826;1184784384;22138880;1384910848;0;0;0;0;0;0;0;0;0;0;0;2594;0;0;125;0;42;0;
15466;4459924;1184784384;22138880;1384910848;0;0;0;0;0;0;0;0;0;0;0;2044;0;0;125;0;42;0;
15467;2901721;1184784384;22138880;1384910848;0;0;0;0;0;0;0;0;0;0;0;2415;0;0;125;0;42;0;
15468;4393570;1184784384;22138880;1384910848;0;0;0;0;0;0;0;0;0;0;0;2184;0;0;125;0;42;0;
15469;2320632;1184784384;22138880;1384910848;0;0;0;0;0;0;0;0;0;0;0;2254;0;0;125;0;42;0;
15470;4723940;1184784384;22138880;1384910848;0;0;0;0;0;0;0;0;0;0;0;2084;0;0;125;0;42;0;
15471;2533812;1184784384;22138880;1384910848;0;0;0;0;0;0;0;0;0;0;0;2565;0;0;125;0;42;0;
15472;4463791;1184784384;22138880;1384910848;0;0;0;0;0;0;0;0;0;0;0;2004;0;0;125;0;42;0;
15473;2702588;1184784384;22138880;1384910848;0;0;0;0;0;0;0;0;0;0;0;2485;0;0;125;0;42;0;
15474;4569680;1184784384;22138880;1384910848;0;0;0;0;0;0;0;0;0;0;0;2034;0;0;125;0;42;0;
15475;2801113;1184784384;22138880;1384910848;0;0;0;0;0;0;0;0;0;0;0;2415;0;0;125;0;42;0;
15476;4646594;1184784384;22138880;1384910848;0;0;0;0;0;0;0;0;0;0;0;2084;0;0;125;0;42;0;
15477;2323377;1184784384;22138880;1384910848;0;0;0;0;0;0;0;0;0;0;0;2284;0;0;125;0;42;0;
15478;4592653;1184784384;22138880;1384910848;0;0;0;0;0;0;0;0;0;0;0;2024;0;0;125;0;42;0;
15479;2255480;1184784384;22138880;1384910848;0;0;0;0;0;0;0;0;0;0;0;2355;0;0;125;0;42;0;
15480;4686760;1184784384;22138880;1384910848;0;0;0;0;0;0;0;0;0;0;0;2134;0;0;125;0;42;0;
15481;2622338;1184784384;22138880;1384910848;0;0;0;0;0;0;0;0;0;0;0;2425;0;0;125;0;42;0;
15482;4624984;1184784384;22138880;1384910848;0;0;0;0;0;0;0;0;0;0;0;2054;0;0;125;0;42;0;
15483;2490671;1184784384;22138880;1384910848;0;0;0;0;0;0;0;0;0;0;0;2595;0;0;125;0;42;0;
15484;4371699;1184784384;22138880;1384910848;0;0;0;0;0;0;0;0;0;0;0;2154;0;0;125;0;42;0;
15485;2654419;1184784384;22138880;1384910848;0;0;0;0;0;0;0;0;0;0;0;2464;0;0;125;0;42;0;
15486;4573547;1184784384;22138880;1384910848;0;0;0;0;0;0;0;0;0;0;0;2084;0;0;125;0;42;0;
15487;2939783;1184784384;22138880;1384910848;0;0;0;0;0;0;0;0;0;0;0;2525;0;0;125;0;42;0;
15488;5121736;1184784384;22138880;1384910848;0;0;0;0;0;0;0;0;0;0;0;2024;0;0;125;0;42;0;
15489;2156625;1184784384;22138880;1384910848;0;0;0;0;0;0;0;0;0;0;0;2415;0;0;125;0;42;0;
15490;4838654;1184784384;22138880;1384910848;0;0;0;0;0;0;0;0;0;0;0;1954;0;0;125;0;42;0;
15491;2236725;1184784384;22138880;1384910848;0;0;0;0;0;0;0;0;0;0;0;2354;0;0;125;0;42;0;
15492;4471465;1184784384;22138880;1384910848;0;0;0;0;0;0;0;0;0;0;0;2014;0;0;125;0;42;0;
15493;2341892;1184784384;22138880;1384910848;0;0;0;0;0;0;0;0;0;0;0;2465;0;0;125;0;42;0;
15494;4660670;1184784384;22138880;1384910848;0;0;0;0;0;0;0;0;0;0;0;2024;0;0;125;0;42;0;
15495;2420349;1184784384;22138880;1384910848;0;0;0;0;0;0;0;0;0;0;0;2324;0;0;125;0;42;0;
15496;4563097;1184784384;22138880;1384910848;0;0;0;0;0;0;0;0;0;0;0;2024;0;0;125;0;42;0;
15497;2149972;1184784384;22138880;1384910848;0;0;0;0;0;0;0;0;0;0;0;2475;0;0;125;0;42;0;
15498;4387007;1184784384;22138880;1384910848;0;0;0;0;0;0;0;0;0;0;0;2154;0;0;125;0;42;0;
15499;2496843;1184784384;22138880;1384910848;0;0;0;0;0;0;0;0;0;0;0;2144;0;0;125;0;42;0;
15500;4415871;1184784384;22138880;1384910848;0;0;0;0;0;0;0;0;0;0;0;2024;0;0;125;0;42;0;
15501;2844505;1184784384;22138880;1384910848;0;0;0;0;0;0;0;0;0;0;0;2535;0;0;125;0;42;0;
15502;4387808;1184784384;22138880;1384910848;0;0;0;0;0;0;0;0;0;0;0;2043;0;0;125;0;42;0;
15503;2930205;1184784384;22138880;1384910848;0;0;0;0;0;0;0;0;0;0;0;2235;0;0;125;0;42;0;
15504;4810982;1184784384;22138880;1384910848;0;0;0;0;0;0;0;0;0;0;0;2154;0;0;125;0;42;0;
15505;2464522;1184784384;22138880;1384910848;0;0;0;0;0;0;0;0;0;0;0;2635;0;0;125;0;42;0;
15506;4414649;1184784384;22138880;1384910848;0;0;0;0;0;0;0;0;0;0;0;2394;0;0;125;0;42;0;
15507;1982738;1184784384;22138880;1384910848;0;0;0;0;0;0;0;0;0;0;0;2344;0;0;125;0;42;0;
15508;4653848;1184784384;22138880;1384910848;0;0;0;0;0;0;0;0;0;0;0;2284;0;0;125;0;42;0;
15509;2838784;1184784384;22138880;1384910848;0;0;0;0;0;0;0;0;0;0;0;2154;0;0;125;0;42;0;
15510;4456237;1184784384;22138880;1384910848;0;0;0;0;0;0;0;0;0;0;0;1883;0;0;125;0;42;0;
15511;2695314;1184784384;22138880;1384910848;0;0;0;0;0;0;0;0;0;0;0;2234;0;0;125;0;42;0;
15512;4482717;1184784384;22138880;1384910848;0;0;0;0;0;0;0;0;0;0;0;1943;0;0;125;0;42;0;
15513;2757912;1184784384;22138880;1384910848;0;0;0;0;0;0;0;0;0;0;0;2404;0;0;125;0;42;0;
15514;4527411;1184784384;22138880;1384910848;0;0;0;0;0;0;0;0;0;0;0;1934;0;0;125;0;42;0;
15515;2367920;1184784384;22138880;1384910848;0;0;0;0;0;0;0;0;0;0;0;2265;0;0;125;0;42;0;
15516;4471926;1184784384;22138880;1384910848;0;0;0;0;0;0;0;0;0;0;0;2185;0;0;125;0;42;0;
15517;3583620;1184784384;22138880;1384910848;0;0;0;0;0;0;0;0;0;0;0;2856;0;0;125;0;42;0;
15518;4967066;1184784384;22138880;1384910848;0;0;0;0;0;0;0;0;0;0;0;2345;0;0;125;0;42;0;
15519;3224477;1184784384;22138880;1384910848;0;0;0;0;0;0;0;0;0;0;0;2525;0;0;125;0;42;0;
15520;4509357;1184784384;22138880;1384910848;0;0;0;0;0;0;0;0;0;0;0;2174;0;0;125;0;42;0;
15521;3401890;1184784384;22138880;1384910848;0;0;0;0;0;0;0;0;0;0;0;2535;0;0;125;0;42;0;
15522;5218587;1184784384;22138880;1384910848;0;0;0;0;0;0;0;0;0;0;0;2254;0;0;125;0;42;0;
15523;4141627;1184784384;22138880;1384910848;0;0;0;0;0;0;0;0;0;0;0;2675;0;0;125;0;42;0;
15524;4722657;1184784384;22138880;1384910848;0;0;0;0;0;0;0;0;0;0;0;2565;0;0;125;0;42;0;
15525;4783501;1184784384;22138880;1384910848;0;0;0;0;0;0;0;0;0;0;0;2645;0;0;125;0;42;0;
15526;4852961;1184784384;22138880;1384910848;0;0;0;0;0;0;0;0;0;0;0;2084;0;0;125;0;42;0;
15527;3997337;1184784384;22138880;1384910848;0;0;0;0;0;0;0;0;0;0;0;2735;0;0;125;0;42;0;
15528;4616729;1184784384;22138880;1384910848;0;0;0;0;0;0;0;0;0;0;0;2214;0;0;125;0;42;0;
15529;3782755;1184784384;22138880;1384910848;0;0;0;0;0;0;0;0;0;0;0;2915;0;0;125;0;42;0;
15530;4629923;1184784384;22138880;1384910848;0;0;0;0;0;0;0;0;0;0;0;2064;0;0;125;0;42;0;
15531;3283418;1184784384;22138880;1384910848;0;0;0;0;0;0;0;0;0;0;0;106891;0;0;125;0;42;0;
15532;4633059;1184784384;22138880;1384910848;0;0;0;0;0;0;0;0;0;0;0;1883;0;0;125;0;42;0;
15533;4016332;1184784384;22138880;1384910848;0;0;0;0;0;0;0;0;0;0;0;2956;0;0;125;0;42;0;
15534;4689545;1184784384;22138880;1384910848;0;0;0;0;0;0;0;0;0;0;0;2535;0;0;125;0;42;0;
15535;3264783;1184784384;22138880;1384910848;0;0;0;0;0;0;0;0;0;0;0;3276;0;0;125;0;42;0;
15536;4404621;1184784384;22138880;1384910848;0;0;0;0;0;0;0;0;0;0;0;2445;0;0;125;0;42;0;
15537;3290821;1184784384;22138880;1384910848;0;0;0;0;0;0;0;0;0;0;0;2846;0;0;125;0;42;0;
15538;4791255;1184784384;22138880;1384910848;0;0;0;0;0;0;0;0;0;0;0;2164;0;0;125;0;42;0;
15539;3289610;1184784384;22138880;1384910848;0;0;0;0;0;0;0;0;0;0;0;2745;0;0;125;0;42;0;
15540;4820260;1184784384;22138880;1384910848;0;0;0;0;0;0;0;0;0;0;0;2124;0;0;125;0;42;0;
15541;3402952;1184784384;22138880;1384910848;0;0;0;0;0;0;0;0;0;0;0;2706;0;0;125;0;42;0;
15542;4788190;1184784384;22138880;1384910848;0;0;0;0;0;0;0;0;0;0;0;1993;0;0;125;0;42;0;
15543;3589211;1184784384;22138880;1384910848;0;0;0;0;0;0;0;0;0;0;0;2465;0;0;125;0;42;0;
15544;4737485;1184784384;22138880;1384910848;0;0;0;0;0;0;0;0;0;0;0;1993;0;0;125;0;42;0;
15545;4467098;1184784384;22138880;1384910848;0;0;0;0;0;0;0;0;0;0;0;2765;0;0;125;0;42;0;
15546;4755418;1184784384;22138880;1384910848;0;0;0;0;0;0;0;0;0;0;0;1934;0;0;125;0;42;0;
15547;3503170;1184784384;22138880;1384910848;0;0;0;0;0;0;0;0;0;0;0;2535;0;0;125;0;42;0;
15548;4897335;1184784384;22138880;1384910848;0;0;0;0;0;0;0;0;0;0;0;2044;0;0;125;0;42;0;
15549;3421126;1184784384;22138880;1384910848;0;0;0;0;0;0;0;0;0;0;0;3386;0;0;125;0;42;0;
15550;4482627;1184784384;22138880;1384910848;0;0;0;0;0;0;0;0;0;0;0;2304;0;0;125;0;42;0;
15551;3467774;1184784384;22138880;1384910848;0;0;0;0;0;0;0;0;0;0;0;2585;0;0;125;0;42;0;
15552;4633139;1184784384;22138880;1384910848;0;0;0;0;0;0;0;0;0;0;0;2454;0;0;125;0;42;0;
15553;4033133;1184784384;22138880;1384910848;0;0;0;0;0;0;0;0;0;0;0;3026;0;0;125;0;42;0;
15554;5025154;1184784384;22138880;1384910848;0;0;0;0;0;0;0;0;0;0;0;2164;0;0;125;0;42;0;
15555;4000953;1184784384;22138880;1384910848;0;0;0;0;0;0;0;0;0;0;0;2715;0;0;125;0;42;0;
15556;4442832;1184784384;22138880;1384910848;0;0;0;0;0;0;0;0;0;0;0;2294;0;0;125;0;42;0;
15557;4151135;1184784384;22138880;1384910848;0;0;0;0;0;0;0;0;0;0;0;3126;0;0;125;0;42;0;
15558;9163144;1184784384;22138880;1384910848;0;0;0;0;0;0;0;0;0;0;0;2073;0;0;125;0;42;0;
15559;4907083;1184784384;22138880;1384910848;0;0;0;0;0;0;0;0;0;0;0;2915;0;0;125;0;42;0;
15560;5388145;1184784384;22138880;1384910848;0;0;0;0;0;0;0;0;0;0;0;3055;0;0;125;0;42;0;
15561;3768096;1184784384;22138880;1384910848;0;0;0;0;0;0;0;0;0;0;0;2975;0;0;125;0;42;0;
15562;4562978;1184784384;22138880;1384910848;0;0;0;0;0;0;0;0;0;0;0;2304;0;0;125;0;42;0;
15563;3146561;1184784384;22138880;1384910848;0;0;0;0;0;0;0;0;0;0;0;2274;0;0;125;0;42;0;
15564;4707198;1184784384;22138880;1384910848;0;0;0;0;0;0;0;0;0;0;0;2044;0;0;125;0;42;0;
15565;3570175;1184784384;22138880;1384910848;0;0;0;0;0;0;0;0;0;0;0;3006;0;0;125;0;42;0;
15566;4901392;1184784384;22138880;1384910848;0;0;0;0;0;0;0;0;0;0;0;1953;0;0;125;0;42;0;
15567;4047811;1184784384;22138880;1384910848;0;0;0;0;0;0;0;0;0;0;0;2535;0;0;125;0;42;0;
15568;4812004;1184784384;22138880;1384910848;0;0;0;0;0;0;0;0;0;0;0;2505;0;0;125;0;42;0;
15569;3235478;1184784384;22138880;1384910848;0;0;0;0;0;0;0;0;0;0;0;2655;0;0;125;0;42;0;
15570;4665630;1184784384;22138880;1384910848;0;0;0;0;0;0;0;0;0;0;0;2124;0;0;125;0;42;0;
15571;3556390;1184784384;22138880;1384910848;0;0;0;0;0;0;0;0;0;0;0;2936;0;0;125;0;42;0;
15572;4513835;1184784384;22138880;1384910848;0;0;0;0;0;0;0;0;0;0;0;2685;0;0;125;0;42;0;
15573;3879105;1184784384;22138880;1384910848;0;0;0;0;0;0;0;0;0;0;0;2565;0;0;125;0;42;0;
15574;4827052;1184784384;22138880;1384910848;0;0;0;0;0;0;0;0;0;0;0;2004;0;0;125;0;42;0;
15575;3921073;1184784384;22138880;1384910848;0;0;0;0;0;0;0;0;0;0;0;2244;0;0;125;0;42;0;
15576;4595518;1184784384;22138880;1384910848;0;0;0;0;0;0;0;0;0;0;0;2194;0;0;125;0;42;0;
15577;3189952;1184784384;22138880;1384910848;0;0;0;0;0;0;0;0;0;0;0;2905;0;0;125;0;42;0;
15578;4911060;1184784384;22138880;1384910848;0;0;0;0;0;0;0;0;0;0;0;2444;0;0;125;0;42;0;
15579;4545695;1184784384;22138880;1384910848;0;0;0;0;0;0;0;0;0;0;0;3136;0;0;125;0;42;0;
15580;5033320;1184784384;22138880;1384910848;0;0;0;0;0;0;0;0;0;0;0;2705;0;0;125;0;42;0;
15581;3137324;1184784384;22138880;1384910848;0;0;0;0;0;0;0;0;0;0;0;2825;0;0;125;0;42;0;
15582;4487696;1184784384;22138880;1384910848;0;0;0;0;0;0;0;0;0;0;0;2224;0;0;125;0;42;0;
15583;3812189;1184784384;22138880;1384910848;0;0;0;0;0;0;0;0;0;0;0;2936;0;0;125;0;42;0;
15584;4768493;1184784384;22138880;1384910848;0;0;0;0;0;0;0;0;0;0;0;2455;0;0;125;0;42;0;
15585;3385429;1184784384;22138880;1384910848;0;0;0;0;0;0;0;0;0;0;0;2595;0;0;125;0;42;0;
15586;4752763;1184784384;22138880;1384910848;0;0;0;0;0;0;0;0;0;0;0;2004;0;0;125;0;42;0;
15587;4174379;1184784384;22138880;1384910848;0;0;0;0;0;0;0;0;0;0;0;2525;0;0;125;0;42;0;
15588;4735100;1184784384;22138880;1384910848;0;0;0;0;0;0;0;0;0;0;0;2424;0;0;125;0;42;0;
15589;3655686;1184784384;22138880;1384910848;0;0;0;0;0;0;0;0;0;0;0;2484;0;0;125;0;42;0;
15590;4920067;1184784384;22138880;1384910848;0;0;0;0;0;0;0;0;0;0;0;1984;0;0;125;0;42;0;
15591;3198699;1184784384;22138880;1384910848;0;0;0;0;0;0;0;0;0;0;0;2515;0;0;125;0;42;0;
15592;4691198;1184784384;22138880;1384910848;0;0;0;0;0;0;0;0;0;0;0;2004;0;0;125;0;42;0;
15593;3383495;1184784384;22138880;1384910848;0;0;0;0;0;0;0;0;0;0;0;2384;0;0;125;0;42;0;
15594;4561625;1184784384;22138880;1384910848;0;0;0;0;0;0;0;0;0;0;0;2054;0;0;125;0;42;0;
15595;3838839;1184784384;22138880;1384910848;0;0;0;0;0;0;0;0;0;0;0;2144;0;0;125;0;42;0;
15596;5296593;1184784384;22138880;1384910848;0;0;0;0;0;0;0;0;0;0;0;2074;0;0;125;0;42;0;
15597;3357767;1184784384;22138880;1384910848;0;0;0;0;0;0;0;0;0;0;0;2825;0;0;125;0;42;0;
15598;4775305;1184784384;22138880;1384910848;0;0;0;0;0;0;0;0;0;0;0;2244;0;0;125;0;42;0;
15599;3833159;1184784384;22138880;1384910848;0;0;0;0;0;0;0;0;0;0;0;2204;0;0;125;0;42;0;
15600;4974319;1184784384;22138880;1384910848;0;0;0;0;0;0;0;0;0;0;0;2475;0;0;125;0;42;0;
15601;3818902;1184784384;22138880;1384910848;0;0;0;0;0;0;0;0;0;0;0;2414;0;0;125;0;42;0;
15602;4492816;1184784384;22138880;1384910848;0;0;0;0;0;0;0;0;0;0;0;2354;0;0;125;0;42;0;
15603;3775891;1184784384;22138880;1384910848;0;0;0;0;0;0;0;0;0;0;0;2655;0;0;125;0;42;0;
15604;4747975;1184784384;22138880;1384910848;0;0;0;0;0;0;0;0;0;0;0;2605;0;0;125;0;42;0;
15605;4261943;1184784384;22138880;1384910848;0;0;0;0;0;0;0;0;0;0;0;2514;0;0;125;0;42;0;
15606;4734639;1184784384;22138880;1384910848;0;0;0;0;0;0;0;0;0;0;0;1934;0;0;125;0;42;0;
15607;5303766;1184784384;22138880;1384910848;0;0;0;0;0;0;0;0;0;0;0;2885;0;0;125;0;42;0;
15608;5176378;1184784384;22138880;1384910848;0;0;0;0;0;0;0;0;0;0;0;2394;0;0;125;0;42;0;
15609;4953249;1184784384;22138880;1384910848;0;0;0;0;0;0;0;0;0;0;0;6853;0;0;125;0;42;0;
15610;6057099;1184784384;22138880;1384910848;0;0;0;0;0;0;0;0;0;0;0;3637;0;0;125;0;42;0;
15611;6350950;1184784384;22147072;1384919040;0;0;0;0;0;0;0;0;0;0;0;3106;0;0;125;0;42;0;
15612;5809595;1184784384;22147072;1384919040;0;0;0;0;0;0;0;0;0;0;0;2745;0;0;125;0;42;0;
15613;5467383;1184784384;22147072;1384919040;0;0;0;0;0;0;0;0;0;0;0;129924;0;0;125;0;42;0;
15614;5617856;1184784384;22147072;1384919040;0;0;0;0;0;0;0;0;0;0;0;3576;0;0;125;0;42;0;
15615;5178392;1184784384;22147072;1384919040;0;0;0;0;0;0;0;0;0;0;0;4358;0;0;125;0;42;0;
15616;5109392;1184784384;22147072;1384919040;0;0;0;0;0;0;0;0;0;0;0;3506;0;0;125;0;42;0;
15617;4616217;1184784384;22138880;1384910848;0;0;0;0;0;0;0;0;0;0;0;2845;0;0;125;0;42;0;
15618;4784933;1184784384;22138880;1384910848;0;0;0;0;0;0;0;0;0;0;0;2665;0;0;125;0;42;0;
15619;4339368;1184784384;22138880;1384910848;0;0;0;0;0;0;0;0;0;0;0;3115;0;0;125;0;42;0;
15620;4674908;1184784384;22138880;1384910848;0;0;0;0;0;0;0;0;0;0;0;2474;0;0;125;0;42;0;
15621;4286419;1184784384;22138880;1384910848;0;0;0;0;0;0;0;0;0;0;0;2625;0;0;125;0;42;0;
15622;5189092;1184784384;22138880;1384910848;0;0;0;0;0;0;0;0;0;0;0;2334;0;0;125;0;42;0;
15623;4826341;1184784384;22138880;1384910848;0;0;0;0;0;0;0;0;0;0;0;3557;0;0;125;0;42;0;
15624;5800298;1184784384;22138880;1384910848;0;0;0;0;0;0;0;0;0;0;0;16511;0;0;125;0;42;0;
15625;5706061;1184784384;22138880;1384910848;0;0;0;0;0;0;0;0;0;0;0;3677;0;0;125;0;42;0;
15626;5195583;1184784384;22138880;1384910848;0;0;0;0;0;0;0;0;0;0;0;3236;0;0;125;0;42;0;
15627;5852346;1184784384;22138880;1384910848;0;0;0;0;0;0;0;0;0;0;0;3667;0;0;125;0;42;0;
15628;4866948;1184784384;22138880;1384910848;0;0;0;0;0;0;0;0;0;0;0;3346;0;0;125;0;42;0;
15629;4883769;1184784384;22138880;1384910848;0;0;0;0;0;0;0;0;0;0;0;4378;0;0;125;0;42;0;
15630;5176458;1184784384;22138880;1384910848;0;0;0;0;0;0;0;0;0;0;0;3146;0;0;125;0;42;0;
15631;4919536;1184784384;22138880;1384910848;0;0;0;0;0;0;0;0;0;0;0;3306;0;0;125;0;42;0;
15632;5071871;1184784384;22138880;1384910848;0;0;0;0;0;0;0;0;0;0;0;2545;0;0;125;0;42;0;
15633;5850041;1184784384;22138880;1384910848;0;0;0;0;0;0;0;0;0;0;0;4008;0;0;125;0;42;0;
15634;5702063;1184784384;22138880;1384910848;0;0;0;0;0;0;0;0;0;0;0;3316;0;0;125;0;42;0;
15635;5322061;1184784384;22138880;1384910848;0;0;0;0;0;0;0;0;0;0;0;3366;0;0;125;0;42;0;
15636;5462354;1184784384;22138880;1384910848;0;0;0;0;0;0;0;0;0;0;0;3166;0;0;125;0;42;0;
15637;4301677;1184784384;22138880;1384910848;0;0;0;0;0;0;0;0;0;0;0;3296;0;0;125;0;42;0;
15638;5042978;1184784384;22138880;1384910848;0;0;0;0;0;0;0;0;0;0;0;2935;0;0;125;0;42;0;
15639;3687275;1184784384;22138880;1384910848;0;0;0;0;0;0;0;0;0;0;0;2575;0;0;125;0;42;0;
15640;4644310;1184784384;22138880;1384910848;0;0;0;0;0;0;0;0;0;0;0;2004;0;0;125;0;42;0;
15641;3229357;1184784384;22138880;1384910848;0;0;0;0;0;0;0;0;0;0;0;3277;0;0;125;0;42;0;
15642;4926529;1184784384;22138880;1384910848;0;0;0;0;0;0;0;0;0;0;0;2725;0;0;125;0;42;0;
15643;4562706;1184784384;22138880;1384910848;0;0;0;0;0;0;0;0;0;0;0;2865;0;0;125;0;42;0;
15644;4785274;1184784384;22138880;1384910848;0;0;0;0;0;0;0;0;0;0;0;2455;0;0;125;0;42;0;
15645;4895271;1184784384;22138880;1384910848;0;0;0;0;0;0;0;0;0;0;0;3506;0;0;125;0;42;0;
15646;4651002;1184784384;22138880;1384910848;0;0;0;0;0;0;0;0;0;0;0;2715;0;0;125;0;42;0;
15647;4953780;1184784384;22138880;1384910848;0;0;0;0;0;0;0;0;0;0;0;3075;0;0;125;0;42;0;
15648;4705374;1184784384;22138880;1384910848;0;0;0;0;0;0;0;0;0;0;0;2364;0;0;125;0;42;0;
15649;5272108;1184784384;22138880;1384910848;0;0;0;0;0;0;0;0;0;0;0;4238;0;0;125;0;42;0;
15650;5339394;1184784384;22138880;1384910848;0;0;0;0;0;0;0;0;0;0;0;3206;0;0;125;0;42;0;
15651;4358243;1184784384;22138880;1384910848;0;0;0;0;0;0;0;0;0;0;0;3026;0;0;125;0;42;0;
15652;4728237;1184784384;22138880;1384910848;0;0;0;0;0;0;0;0;0;0;0;2315;0;0;125;0;42;0;
15653;5428470;1184784384;22138880;1384910848;0;0;0;0;0;0;0;0;0;0;0;2926;0;0;125;0;42;0;
15654;5175707;1184784384;22138880;1384910848;0;0;0;0;0;0;0;0;0;0;0;2464;0;0;125;0;42;0;
15655;5227814;1184784384;22138880;1384910848;0;0;0;0;0;0;0;0;0;0;0;2675;0;0;125;0;42;0;
15656;4887466;1184784384;22138880;1384910848;0;0;0;0;0;0;0;0;0;0;0;1974;0;0;125;0;42;0;
15657;5603990;1184784384;22138880;1384910848;0;0;0;0;0;0;0;0;0;0;0;3326;0;0;125;0;42;0;
15658;4960573;1184784384;22138880;1384910848;0;0;0;0;0;0;0;0;0;0;0;2314;0;0;125;0;42;0;
15659;4537990;1184784384;22138880;1384910848;0;0;0;0;0;0;0;0;0;0;0;2534;0;0;125;0;42;0;
15660;5055581;1184784384;22138880;1384910848;0;0;0;0;0;0;0;0;0;0;0;2454;0;0;125;0;42;0;
15661;4390945;1184784384;22138880;1384910848;0;0;0;0;0;0;0;0;0;0;0;3277;0;0;125;0;42;0;
15662;5229547;1184784384;22138880;1384910848;0;0;0;0;0;0;0;0;0;0;0;2375;0;0;125;0;42;0;
15663;4685176;1184784384;22138880;1384910848;0;0;0;0;0;0;0;0;0;0;0;3376;0;0;125;0;42;0;
15664;4880913;1184784384;22138880;1384910848;0;0;0;0;0;0;0;0;0;0;0;3266;0;0;125;0;42;0;
15665;4557717;1184784384;22138880;1384910848;0;0;0;0;0;0;0;0;0;0;0;2836;0;0;125;0;42;0;
15666;5764460;1184784384;22138880;1384910848;0;0;0;0;0;0;0;0;0;0;0;2685;0;0;125;0;42;0;
15667;4210036;1184784384;22138880;1384910848;0;0;0;0;0;0;0;0;0;0;0;3256;0;0;125;0;42;0;
15668;4931408;1184784384;22138880;1384910848;0;0;0;0;0;0;0;0;0;0;0;2625;0;0;125;0;42;0;
15669;3438559;1184784384;22138880;1384910848;0;0;0;0;0;0;0;0;0;0;0;2595;0;0;125;0;42;0;
15670;4987343;1184784384;22138880;1384910848;0;0;0;0;0;0;0;0;0;0;0;2886;0;0;125;0;42;0;
15671;3620239;1184784384;22138880;1384910848;0;0;0;0;0;0;0;0;0;0;0;2815;0;0;125;0;42;0;
15672;4817745;1184784384;22138880;1384910848;0;0;0;0;0;0;0;0;0;0;0;2014;0;0;125;0;42;0;
15673;3317131;1184784384;22138880;1384910848;0;0;0;0;0;0;0;0;0;0;0;3487;0;0;125;0;42;0;
15674;4824137;1184784384;22138880;1384910848;0;0;0;0;0;0;0;0;0;0;0;2755;0;0;125;0;42;0;
15675;5423130;1184784384;22138880;1384910848;0;0;0;0;0;0;0;0;0;0;0;4178;0;0;125;0;42;0;
15676;4898988;1184784384;22138880;1384910848;0;0;0;0;0;0;0;0;0;0;0;3667;0;0;125;0;42;0;
15677;5636120;1184784384;22138880;1384910848;0;0;0;0;0;0;0;0;0;0;0;4959;0;0;125;0;42;0;
15678;5541913;1184784384;22138880;1384910848;0;0;0;0;0;0;0;0;0;0;0;3376;0;0;125;0;42;0;
15679;4398659;1184784384;22138880;1384910848;0;0;0;0;0;0;0;0;0;0;0;4529;0;0;125;0;42;0;
15680;5622414;1184784384;22138880;1384910848;0;0;0;0;0;0;0;0;0;0;0;3096;0;0;125;0;42;0;
15681;5040663;1184784384;22138880;1384910848;0;0;0;0;0;0;0;0;0;0;0;2996;0;0;125;0;42;0;
15682;5344132;1184784384;22138880;1384910848;0;0;0;0;0;0;0;0;0;0;0;2314;0;0;125;0;42;0;
15683;3677687;1184784384;22138880;1384910848;0;0;0;0;0;0;0;0;0;0;0;2685;0;0;125;0;42;0;
15684;5281134;1184784384;22138880;1384910848;0;0;0;0;0;0;0;0;0;0;0;2485;0;0;125;0;42;0;
15685;4829968;1184784384;22138880;1384910848;0;0;0;0;0;0;0;0;0;0;0;3847;0;0;125;0;42;0;
15686;6090452;1184784384;22138880;1384910848;0;0;0;0;0;0;0;0;0;0;0;2905;0;0;125;0;42;0;
15687;5246940;1184784384;22138880;1384910848;0;0;0;0;0;0;0;0;0;0;0;3517;0;0;125;0;42;0;
15688;5234848;1184784384;22138880;1384910848;0;0;0;0;0;0;0;0;0;0;0;3236;0;0;125;0;42;0;
15689;4580890;1184784384;22138880;1384910848;0;0;0;0;0;0;0;0;0;0;0;2725;0;0;125;0;42;0;
15690;4981071;1184784384;22138880;1384910848;0;0;0;0;0;0;0;0;0;0;0;2535;0;0;125;0;42;0;
15691;3981667;1184784384;22138880;1384910848;0;0;0;0;0;0;0;0;0;0;0;3697;0;0;125;0;42;0;
15692;5017259;1184784384;22138880;1384910848;0;0;0;0;0;0;0;0;0;0;0;3437;0;0;125;0;42;0;
15693;4989948;1184784384;22138880;1384910848;0;0;0;0;0;0;0;0;0;0;0;4017;0;0;125;0;42;0;
15694;5289189;1184784384;22138880;1384910848;0;0;0;0;0;0;0;0;0;0;0;3637;0;0;125;0;42;0;
15695;3981317;1184784384;22138880;1384910848;0;0;0;0;0;0;0;0;0;0;0;3246;0;0;125;0;42;0;
15696;4639110;1184784384;22138880;1384910848;0;0;0;0;0;0;0;0;0;0;0;2474;0;0;125;0;42;0;
15697;6277503;1184784384;22138880;1384910848;0;0;0;0;0;0;0;0;0;0;0;6432;0;0;125;0;42;0;
15698;5820115;1184784384;22138880;1384910848;0;0;0;0;0;0;0;0;0;0;0;3196;0;0;125;0;42;0;
15699;5122998;1184784384;22138880;1384910848;0;0;0;0;0;0;0;0;0;0;0;5480;0;0;125;0;42;0;
15700;5383216;1184784384;22138880;1384910848;0;0;0;0;0;0;0;0;0;0;0;3527;0;0;125;0;42;0;
15701;4916019;1184784384;22138880;1384910848;0;0;0;0;0;0;0;0;0;0;0;6332;0;0;125;0;42;0;
15702;5146823;1184784384;22138880;1384910848;0;0;0;0;0;0;0;0;0;0;0;2445;0;0;125;0;42;0;
15703;3863556;1184784384;22138880;1384910848;0;0;0;0;0;0;0;0;0;0;0;3466;0;0;125;0;42;0;
15704;4846009;1184784384;22138880;1384910848;0;0;0;0;0;0;0;0;0;0;0;2254;0;0;125;0;42;0;
15705;3183791;1184784384;22138880;1384910848;0;0;0;0;0;0;0;0;0;0;0;3486;0;0;125;0;42;0;
15706;4436981;1184784384;22138880;1384910848;0;0;0;0;0;0;0;0;0;0;0;2295;0;0;125;0;42;0;
15707;3801789;1184784384;22138880;1384910848;0;0;0;0;0;0;0;0;0;0;0;3556;0;0;125;0;42;0;
15708;4695505;1184784384;22138880;1384910848;0;0;0;0;0;0;0;0;0;0;0;2715;0;0;125;0;42;0;
15709;3276154;1184784384;22138880;1384910848;0;0;0;0;0;0;0;0;0;0;0;3257;0;0;125;0;42;0;
15710;4604936;1184784384;22138880;1384910848;0;0;0;0;0;0;0;0;0;0;0;2354;0;0;125;0;42;0;
15711;3110784;1184784384;22138880;1384910848;0;0;0;0;0;0;0;0;0;0;0;3577;0;0;125;0;42;0;
15712;5137685;1184784384;22138880;1384910848;0;0;0;0;0;0;0;0;0;0;0;3466;0;0;125;0;42;0;
15713;4097695;1184784384;22147072;1384919040;0;0;0;0;0;0;0;0;0;0;0;2916;0;0;125;0;42;0;
15714;4723248;1184784384;22147072;1384919040;0;0;0;0;0;0;0;0;0;0;0;2365;0;0;125;0;42;0;
15715;4274908;1184784384;22147072;1384919040;0;0;0;0;0;0;0;0;0;0;0;3697;0;0;125;0;42;0;
15716;5155699;1184784384;22147072;1384919040;0;0;0;0;0;0;0;0;0;0;0;2605;0;0;125;0;42;0;
15717;3597997;1184784384;22147072;1384919040;0;0;0;0;0;0;0;0;0;0;0;3526;0;0;125;0;42;0;
15718;5011378;1184784384;22147072;1384919040;0;0;0;0;0;0;0;0;0;0;0;2776;0;0;125;0;42;0;
15719;3750583;1184784384;22138880;1384910848;0;0;0;0;0;0;0;0;0;0;0;2996;0;0;125;0;42;0;
15720;5004085;1184784384;22138880;1384910848;0;0;0;0;0;0;0;0;0;0;0;2524;0;0;125;0;42;0;
15721;3646178;1184784384;22138880;1384910848;0;0;0;0;0;0;0;0;0;0;0;3417;0;0;125;0;42;0;
15722;4868039;1184784384;22138880;1384910848;0;0;0;0;0;0;0;0;0;0;0;2796;0;0;125;0;42;0;
15723;2904738;1184784384;22138880;1384910848;0;0;0;0;0;0;0;0;0;0;0;3276;0;0;125;0;42;0;
15724;4758735;1184784384;22138880;1384910848;0;0;0;0;0;0;0;0;0;0;0;2545;0;0;125;0;42;0;
15725;3319776;1184784384;22138880;1384910848;0;0;0;0;0;0;0;0;0;0;0;3176;0;0;125;0;42;0;
15726;4879731;1184784384;22138880;1384910848;0;0;0;0;0;0;0;0;0;0;0;2324;0;0;125;0;42;0;
15727;4960713;1184784384;22138880;1384910848;0;0;0;0;0;0;0;0;0;0;0;6412;0;0;125;0;42;0;
15728;5058176;1184784384;22138880;1384910848;0;0;0;0;0;0;0;0;0;0;0;2375;0;0;125;0;42;0;
15729;4332665;1184784384;22138880;1384910848;0;0;0;0;0;0;0;0;0;0;0;3526;0;0;125;0;42;0;
15730;4780235;1184784384;22138880;1384910848;0;0;0;0;0;0;0;0;0;0;0;3046;0;0;125;0;42;0;
15731;3069817;1184784384;22138880;1384910848;0;0;0;0;0;0;0;0;0;0;0;3056;0;0;125;0;42;0;
15732;4847481;1184784384;22138880;1384910848;0;0;0;0;0;0;0;0;0;0;0;2815;0;0;125;0;42;0;
15733;3576418;1184784384;22138880;1384910848;0;0;0;0;0;0;0;0;0;0;0;4038;0;0;125;0;42;0;
15734;4878068;1184784384;22138880;1384910848;0;0;0;0;0;0;0;0;0;0;0;3025;0;0;125;0;42;0;
15735;3638604;1184784384;22138880;1384910848;0;0;0;0;0;0;0;0;0;0;0;3577;0;0;125;0;42;0;
15736;4953350;1184784384;22138880;1384910848;0;0;0;0;0;0;0;0;0;0;0;2655;0;0;125;0;42;0;
15737;3824122;1184784384;22138880;1384910848;0;0;0;0;0;0;0;0;0;0;0;3517;0;0;125;0;42;0;
15738;4741031;1184784384;22138880;1384910848;0;0;0;0;0;0;0;0;0;0;0;2966;0;0;125;0;42;0;
15739;2967125;1184784384;22138880;1384910848;0;0;0;0;0;0;0;0;0;0;0;3576;0;0;125;0;42;0;
15740;5055110;1184784384;22138880;1384910848;0;0;0;0;0;0;0;0;0;0;0;3366;0;0;125;0;42;0;
15741;2822313;1184784384;22138880;1384910848;0;0;0;0;0;0;0;0;0;0;0;3427;0;0;125;0;42;0;
15742;4838434;1184784384;22138880;1384910848;0;0;0;0;0;0;0;0;0;0;0;2816;0;0;125;0;42;0;
15743;3293517;1184784384;22138880;1384910848;0;0;0;0;0;0;0;0;0;0;0;2995;0;0;125;0;42;0;
15744;5189292;1184784384;22138880;1384910848;0;0;0;0;0;0;0;0;0;0;0;2735;0;0;125;0;42;0;
15745;3345214;1184784384;22138880;1384910848;0;0;0;0;0;0;0;0;0;0;0;3116;0;0;125;0;42;0;
15746;5546923;1184784384;22138880;1384910848;0;0;0;0;0;0;0;0;0;0;0;3567;0;0;125;0;42;0;
15747;3790890;1184784384;22138880;1384910848;0;0;0;0;0;0;0;0;0;0;0;2494;0;0;125;0;42;0;
15748;5041594;1184784384;22138880;1384910848;0;0;0;0;0;0;0;0;0;0;0;3627;0;0;125;0;42;0;
15749;3141091;1184784384;22138880;1384910848;0;0;0;0;0;0;0;0;0;0;0;3236;0;0;125;0;42;0;
15750;5011328;1184784384;22138880;1384910848;0;0;0;0;0;0;0;0;0;0;0;3296;0;0;125;0;42;0;
15751;2693902;1184784384;22138880;1384910848;0;0;0;0;0;0;0;0;0;0;0;3006;0;0;125;0;42;0;
15752;4460225;1184784384;22138880;1384910848;0;0;0;0;0;0;0;0;0;0;0;2645;0;0;125;0;42;0;
15753;3117506;1184784384;22138880;1384910848;0;0;0;0;0;0;0;0;0;0;0;3146;0;0;125;0;42;0;
15754;4803779;1184784384;22138880;1384910848;0;0;0;0;0;0;0;0;0;0;0;2955;0;0;125;0;42;0;
15755;4878780;1184784384;22138880;1384910848;0;0;0;0;0;0;0;0;0;0;0;6502;0;0;125;0;42;0;
15756;4962858;1184784384;22138880;1384910848;0;0;0;0;0;0;0;0;0;0;0;2735;0;0;125;0;42;0;
15757;4547479;1184784384;22138880;1384910848;0;0;0;0;0;0;0;0;0;0;0;6061;0;0;125;0;42;0;
15758;5321560;1184784384;22138880;1384910848;0;0;0;0;0;0;0;0;0;0;0;2965;0;0;125;0;42;0;
15759;4703340;1184784384;22138880;1384910848;0;0;0;0;0;0;0;0;0;0;0;7004;0;0;125;0;42;0;
15760;5194441;1184784384;22138880;1384910848;0;0;0;0;0;0;0;0;0;0;0;2675;0;0;125;0;42;0;
15761;5474266;1184784384;22138880;1384910848;0;0;0;0;0;0;0;0;0;0;0;6432;0;0;125;0;42;0;
15762;4925046;1184784384;22138880;1384910848;0;0;0;0;0;0;0;0;0;0;0;3096;0;0;125;0;42;0;
15763;4874551;1184784384;22138880;1384910848;0;0;0;0;0;0;0;0;0;0;0;5931;0;0;125;0;42;0;
15764;4825179;1184784384;22138880;1384910848;0;0;0;0;0;0;0;0;0;0;0;2405;0;0;125;0;42;0;
15765;4652475;1184784384;22138880;1384910848;0;0;0;0;0;0;0;0;0;0;0;5269;0;0;125;0;42;0;
15766;6225956;1184784384;22138880;1384910848;0;0;0;0;0;0;0;0;0;0;0;2555;0;0;125;0;42;0;
15767;5071601;1184784384;22138880;1384910848;0;0;0;0;0;0;0;0;0;0;0;5841;0;0;125;0;42;0;
15768;5441545;1184784384;22138880;1384910848;0;0;0;0;0;0;0;0;0;0;0;2655;0;0;125;0;42;0;
15769;4585970;1184784384;22138880;1384910848;0;0;0;0;0;0;0;0;0;0;0;6733;0;0;125;0;42;0;
15770;4877237;1184784384;22138880;1384910848;0;0;0;0;0;0;0;0;0;0;0;3126;0;0;125;0;42;0;
15771;5571869;1184784384;22138880;1384910848;0;0;0;0;0;0;0;0;0;0;0;7013;0;0;125;0;42;0;
15772;9642242;1184784384;22138880;1384910848;0;0;0;0;0;0;0;0;0;0;0;2855;0;0;125;0;42;0;
15773;5650857;1184784384;22138880;1384910848;0;0;0;0;0;0;0;0;0;0;0;4068;0;0;125;0;42;0;
15774;5310940;1184784384;22138880;1384910848;0;0;0;0;0;0;0;0;0;0;0;2184;0;0;125;0;42;0;
15775;4063610;1184784384;22138880;1384910848;0;0;0;0;0;0;0;0;0;0;0;3076;0;0;125;0;42;0;
15776;4762973;1184784384;22138880;1384910848;0;0;0;0;0;0;0;0;0;0;0;2004;0;0;125;0;42;0;
15777;4177013;1184784384;22138880;1384910848;0;0;0;0;0;0;0;0;0;0;0;3506;0;0;125;0;42;0;
15778;4729750;1184784384;22138880;1384910848;0;0;0;0;0;0;0;0;0;0;0;2585;0;0;125;0;42;0;
15779;3456622;1184784384;22138880;1384910848;0;0;0;0;0;0;0;0;0;0;0;2455;0;0;125;0;42;0;
15780;4710393;1184784384;22138880;1384910848;0;0;0;0;0;0;0;0;0;0;0;2224;0;0;125;0;42;0;
15781;3661005;1184784384;22138880;1384910848;0;0;0;0;0;0;0;0;0;0;0;2755;0;0;125;0;42;0;
15782;4537069;1184784384;22138880;1384910848;0;0;0;0;0;0;0;0;0;0;0;2214;0;0;125;0;42;0;
15783;3357296;1184784384;22138880;1384910848;0;0;0;0;0;0;0;0;0;0;0;3006;0;0;125;0;42;0;
15784;5306282;1184784384;22138880;1384910848;0;0;0;0;0;0;0;0;0;0;0;1894;0;0;125;0;42;0;
15785;3242421;1184784384;22138880;1384910848;0;0;0;0;0;0;0;0;0;0;0;2765;0;0;125;0;42;0;
15786;4486704;1184784384;22138880;1384910848;0;0;0;0;0;0;0;0;0;0;0;1994;0;0;125;0;42;0;
15787;3047445;1184784384;22138880;1384910848;0;0;0;0;0;0;0;0;0;0;0;3596;0;0;125;0;42;0;
15788;5239195;1184784384;22138880;1384910848;0;0;0;0;0;0;0;0;0;0;0;2255;0;0;125;0;42;0;
15789;3493201;1184784384;22138880;1384910848;0;0;0;0;0;0;0;0;0;0;0;2715;0;0;125;0;42;0;
15790;4550494;1184784384;22138880;1384910848;0;0;0;0;0;0;0;0;0;0;0;2504;0;0;125;0;42;0;
15791;2954691;1184784384;22138880;1384910848;0;0;0;0;0;0;0;0;0;0;0;2936;0;0;125;0;42;0;
15792;4710023;1184784384;22138880;1384910848;0;0;0;0;0;0;0;0;0;0;0;2504;0;0;125;0;42;0;
15793;3709216;1184784384;22138880;1384910848;0;0;0;0;0;0;0;0;0;0;0;3096;0;0;125;0;42;0;
15794;4555965;1184784384;22138880;1384910848;0;0;0;0;0;0;0;0;0;0;0;2474;0;0;125;0;42;0;
15795;3268009;1184784384;22138880;1384910848;0;0;0;0;0;0;0;0;0;0;0;2845;0;0;125;0;42;0;
15796;4447891;1184784384;22138880;1384910848;0;0;0;0;0;0;0;0;0;0;0;2084;0;0;125;0;42;0;
15797;4256312;1184784384;22138880;1384910848;0;0;0;0;0;0;0;0;0;0;0;13796;0;0;125;0;42;0;
15798;5090937;1184784384;22138880;1384910848;0;0;0;0;0;0;0;0;0;0;0;2986;0;0;125;0;42;0;
15799;4657484;1184784384;22138880;1384910848;0;0;0;0;0;0;0;0;0;0;0;3166;0;0;125;0;42;0;
15800;5082071;1184784384;22138880;1384910848;0;0;0;0;0;0;0;0;0;0;0;2826;0;0;125;0;42;0;
15801;4603944;1184784384;22138880;1384910848;0;0;0;0;0;0;0;0;0;0;0;3767;0;0;125;0;42;0;
15802;5545550;1184784384;22138880;1384910848;0;0;0;0;0;0;0;0;0;0;0;2915;0;0;125;0;42;0;
15803;4141216;1184784384;22138880;1384910848;0;0;0;0;0;0;0;0;0;0;0;2585;0;0;125;0;42;0;
15804;5024473;1184784384;22138880;1384910848;0;0;0;0;0;0;0;0;0;0;0;2104;0;0;125;0;42;0;
15805;8737907;1184784384;22138880;1384910848;0;0;0;0;0;0;0;0;0;0;0;2555;0;0;125;0;42;0;
15806;4693933;1184784384;22138880;1384910848;0;0;0;0;0;0;0;0;0;0;0;2144;0;0;125;0;42;0;
15807;4236134;1184784384;22138880;1384910848;0;0;0;0;0;0;0;0;0;0;0;3076;0;0;125;0;42;0;
15808;4574319;1184784384;22138880;1384910848;0;0;0;0;0;0;0;0;0;0;0;2064;0;0;125;0;42;0;
15809;3608407;1184784384;22138880;1384910848;0;0;0;0;0;0;0;0;0;0;0;2795;0;0;125;0;42;0;
15810;4971834;1184784384;22138880;1384910848;0;0;0;0;0;0;0;0;0;0;0;2044;0;0;125;0;42;0;
15811;4570721;1184784384;22138880;1384910848;0;0;0;0;0;0;0;0;0;0;0;3937;0;0;125;0;42;0;
15812;4517132;1184784384;22138880;1384910848;0;0;0;0;0;0;0;0;0;0;0;2244;0;0;125;0;42;0;
15813;3527465;1184784384;22138880;1384910848;0;0;0;0;0;0;0;0;0;0;0;3326;0;0;125;0;42;0;
15814;5364320;1184784384;22138880;1384910848;0;0;0;0;0;0;0;0;0;0;0;2104;0;0;125;0;42;0;
15815;4449525;1184784384;22138880;1384910848;0;0;0;0;0;0;0;0;0;0;0;3797;0;0;125;0;42;0;
15816;5096708;1184784384;22138880;1384910848;0;0;0;0;0;0;0;0;0;0;0;3276;0;0;125;0;42;0;
15817;4398599;1184784384;22138880;1384910848;0;0;0;0;0;0;0;0;0;0;0;2274;0;0;125;0;42;0;
15818;5283439;1184784384;22138880;1384910848;0;0;0;0;0;0;0;0;0;0;0;2345;0;0;125;0;42;0;
15819;3797061;1184784384;22138880;1384910848;0;0;0;0;0;0;0;0;0;0;0;2545;0;0;125;0;42;0;
15820;4770908;1184784384;22138880;1384910848;0;0;0;0;0;0;0;0;0;0;0;2355;0;0;125;0;42;0;
15821;5293217;1184784384;22138880;1384910848;0;0;0;0;0;0;0;0;0;0;0;4118;0;0;125;0;42;0;
15822;5178181;1184784384;22138880;1384910848;0;0;0;0;0;0;0;0;0;0;0;2715;0;0;125;0;42;0;
15823;4115858;1184784384;22147072;1384919040;0;0;0;0;0;0;0;0;0;0;0;2325;0;0;125;0;42;0;
15824;5012770;1184784384;22147072;1384919040;0;0;0;0;0;0;0;0;0;0;0;2465;0;0;125;0;42;0;
15825;2756299;1184784384;22147072;1384919040;0;0;0;0;0;0;0;0;0;0;0;2665;0;0;125;0;42;0;
15826;4482046;1184784384;22147072;1384919040;0;0;0;0;0;0;0;0;0;0;0;2515;0;0;125;0;42;0;
15827;3313915;1184784384;22147072;1384919040;0;0;0;0;0;0;0;0;0;0;0;2665;0;0;125;0;42;0;
15828;4938902;1184784384;22147072;1384919040;0;0;0;0;0;0;0;0;0;0;0;2334;0;0;125;0;42;0;
15829;3568482;1184784384;22138880;1384910848;0;0;0;0;0;0;0;0;0;0;0;2665;0;0;125;0;42;0;
15830;4789231;1184784384;22138880;1384910848;0;0;0;0;0;0;0;0;0;0;0;2144;0;0;125;0;42;0;
15831;3488392;1184784384;22138880;1384910848;0;0;0;0;0;0;0;0;0;0;0;2284;0;0;125;0;42;0;
15832;5334545;1184784384;22138880;1384910848;0;0;0;0;0;0;0;0;0;0;0;3226;0;0;125;0;42;0;
15833;5028800;1184784384;22138880;1384910848;0;0;0;0;0;0;0;0;0;0;0;2695;0;0;125;0;42;0;
15834;4776508;1184784384;22138880;1384910848;0;0;0;0;0;0;0;0;0;0;0;2474;0;0;125;0;42;0;
15835;3686905;1184784384;22138880;1384910848;0;0;0;0;0;0;0;0;0;0;0;2534;0;0;125;0;42;0;
15836;5136363;1184784384;22138880;1384910848;0;0;0;0;0;0;0;0;0;0;0;2615;0;0;125;0;42;0;
15837;4049674;1184784384;22138880;1384910848;0;0;0;0;0;0;0;0;0;0;0;3606;0;0;125;0;42;0;
15838;4698351;1184784384;22138880;1384910848;0;0;0;0;0;0;0;0;0;0;0;2846;0;0;125;0;42;0;
15839;4215065;1184784384;22138880;1384910848;0;0;0;0;0;0;0;0;0;0;0;2344;0;0;125;0;42;0;
15840;5227594;1184784384;22138880;1384910848;0;0;0;0;0;0;0;0;0;0;0;2504;0;0;125;0;42;0;
15841;2741842;1184784384;22138880;1384910848;0;0;0;0;0;0;0;0;0;0;0;2875;0;0;125;0;42;0;
15842;4652254;1184784384;22138880;1384910848;0;0;0;0;0;0;0;0;0;0;0;1854;0;0;125;0;42;0;
15843;3078042;1184784384;22138880;1384910848;0;0;0;0;0;0;0;0;0;0;0;2374;0;0;125;0;42;0;
15844;4534925;1184784384;22138880;1384910848;0;0;0;0;0;0;0;0;0;0;0;2545;0;0;125;0;42;0;
15845;3019162;1184784384;22138880;1384910848;0;0;0;0;0;0;0;0;0;0;0;3075;0;0;125;0;42;0;
15846;4765698;1184784384;22138880;1384910848;0;0;0;0;0;0;0;0;0;0;0;1974;0;0;125;0;42;0;
15847;4424848;1184784384;22138880;1384910848;0;0;0;0;0;0;0;0;0;0;0;3036;0;0;125;0;42;0;
15848;5462143;1184784384;22138880;1384910848;0;0;0;0;0;0;0;0;0;0;0;3066;0;0;125;0;42;0;
15849;4822384;1184784384;22138880;1384910848;0;0;0;0;0;0;0;0;0;0;0;3927;0;0;125;0;42;0;
15850;4955514;1184784384;22138880;1384910848;0;0;0;0;0;0;0;0;0;0;0;3417;0;0;125;0;42;0;
15851;5660095;1184784384;22138880;1384910848;0;0;0;0;0;0;0;0;0;0;0;3977;0;0;125;0;42;0;
15852;5330908;1184784384;22138880;1384910848;0;0;0;0;0;0;0;0;0;0;0;3356;0;0;125;0;42;0;
15853;4886394;1184784384;22138880;1384910848;0;0;0;0;0;0;0;0;0;0;0;4118;0;0;125;0;42;0;
15854;5312674;1184784384;22138880;1384910848;0;0;0;0;0;0;0;0;0;0;0;3707;0;0;125;0;42;0;
15855;5200793;1184784384;22138880;1384910848;0;0;0;0;0;0;0;0;0;0;0;4008;0;0;125;0;42;0;
15856;5010146;1184784384;22138880;1384910848;0;0;0;0;0;0;0;0;0;0;0;3006;0;0;125;0;42;0;
15857;4036851;1184784384;22138880;1384910848;0;0;0;0;0;0;0;0;0;0;0;3497;0;0;125;0;42;0;
15858;5363098;1184784384;22138880;1384910848;0;0;0;0;0;0;0;0;0;0;0;2524;0;0;125;0;42;0;
15859;4097605;1184784384;22138880;1384910848;0;0;0;0;0;0;0;0;0;0;0;2324;0;0;125;0;42;0;
15860;4625565;1184784384;22138880;1384910848;0;0;0;0;0;0;0;0;0;0;0;2375;0;0;125;0;42;0;
15861;4902724;1184784384;22138880;1384910848;0;0;0;0;0;0;0;0;0;0;0;2795;0;0;125;0;42;0;
15862;4553049;1184784384;22138880;1384910848;0;0;0;0;0;0;0;0;0;0;0;2024;0;0;125;0;42;0;
15863;3610090;1184784384;22138880;1384910848;0;0;0;0;0;0;0;0;0;0;0;2555;0;0;125;0;42;0;
15864;4592813;1184784384;22138880;1384910848;0;0;0;0;0;0;0;0;0;0;0;2144;0;0;125;0;42;0;
15865;3699428;1184784384;22138880;1384910848;0;0;0;0;0;0;0;0;0;0;0;3196;0;0;125;0;42;0;
15866;4927641;1184784384;22138880;1384910848;0;0;0;0;0;0;0;0;0;0;0;2304;0;0;125;0;42;0;
15867;4043613;1184784384;22138880;1384910848;0;0;0;0;0;0;0;0;0;0;0;2625;0;0;125;0;42;0;
15868;5050261;1184784384;22138880;1384910848;0;0;0;0;0;0;0;0;0;0;0;3216;0;0;125;0;42;0;
15869;3430884;1184784384;22138880;1384910848;0;0;0;0;0;0;0;0;0;0;0;3006;0;0;125;0;42;0;
15870;5001049;1184784384;22138880;1384910848;0;0;0;0;0;0;0;0;0;0;0;2595;0;0;125;0;42;0;
15871;3671305;1184784384;22138880;1384910848;0;0;0;0;0;0;0;0;0;0;0;3296;0;0;125;0;42;0;
15872;4965742;1184784384;22138880;1384910848;0;0;0;0;0;0;0;0;0;0;0;2044;0;0;125;0;42;0;
15873;4234581;1184784384;22138880;1384910848;0;0;0;0;0;0;0;0;0;0;0;4037;0;0;125;0;42;0;
15874;4828194;1184784384;22138880;1384910848;0;0;0;0;0;0;0;0;0;0;0;2775;0;0;125;0;42;0;
15875;3150589;1184784384;22138880;1384910848;0;0;0;0;0;0;0;0;0;0;0;2455;0;0;125;0;42;0;
15876;4927401;1184784384;22138880;1384910848;0;0;0;0;0;0;0;0;0;0;0;2375;0;0;125;0;42;0;
15877;4085812;1184784384;22138880;1384910848;0;0;0;0;0;0;0;0;0;0;0;2655;0;0;125;0;42;0;
15878;4658787;1184784384;22138880;1384910848;0;0;0;0;0;0;0;0;0;0;0;2475;0;0;125;0;42;0;
15879;2563057;1184784384;22138880;1384910848;0;0;0;0;0;0;0;0;0;0;0;2705;0;0;125;0;42;0;
15880;5072453;1184784384;22138880;1384910848;0;0;0;0;0;0;0;0;0;0;0;2735;0;0;125;0;42;0;
15881;3859649;1184784384;22138880;1384910848;0;0;0;0;0;0;0;0;0;0;0;3637;0;0;125;0;42;0;
15882;5335155;1184784384;22138880;1384910848;0;0;0;0;0;0;0;0;0;0;0;3005;0;0;125;0;42;0;
15883;4483990;1184784384;22138880;1384910848;0;0;0;0;0;0;0;0;0;0;0;3356;0;0;125;0;42;0;
15884;5312513;1184784384;22138880;1384910848;0;0;0;0;0;0;0;0;0;0;0;2795;0;0;125;0;42;0;
15885;4629763;1184784384;22138880;1384910848;0;0;0;0;0;0;0;0;0;0;0;3857;0;0;125;0;42;0;
15886;4776157;1184784384;22138880;1384910848;0;0;0;0;0;0;0;0;0;0;0;3427;0;0;125;0;42;0;
15887;4588636;1184784384;22138880;1384910848;0;0;0;0;0;0;0;0;0;0;0;3676;0;0;125;0;42;0;
15888;5240077;1184784384;22138880;1384910848;0;0;0;0;0;0;0;0;0;0;0;3216;0;0;125;0;42;0;
15889;4049154;1184784384;22138880;1384910848;0;0;0;0;0;0;0;0;0;0;0;3277;0;0;125;0;42;0;
15890;4741552;1184784384;22138880;1384910848;0;0;0;0;0;0;0;0;0;0;0;2384;0;0;125;0;42;0;
15891;3505394;1184784384;22138880;1384910848;0;0;0;0;0;0;0;0;0;0;0;3667;0;0;125;0;42;0;
15892;4569119;1184784384;22138880;1384910848;0;0;0;0;0;0;0;0;0;0;0;2945;0;0;125;0;42;0;
15893;3637301;1184784384;22138880;1384910848;0;0;0;0;0;0;0;0;0;0;0;3126;0;0;125;0;42;0;
15894;4841570;1184784384;22138880;1384910848;0;0;0;0;0;0;0;0;0;0;0;2595;0;0;125;0;42;0;
15895;3851934;1184784384;22138880;1384910848;0;0;0;0;0;0;0;0;0;0;0;2975;0;0;125;0;42;0;
15896;4719661;1184784384;22138880;1384910848;0;0;0;0;0;0;0;0;0;0;0;2655;0;0;125;0;42;0;
15897;4093036;1184784384;22138880;1384910848;0;0;0;0;0;0;0;0;0;0;0;3998;0;0;125;0;42;0;
15898;5230149;1184784384;22138880;1384910848;0;0;0;0;0;0;0;0;0;0;0;3317;0;0;125;0;42;0;
15899;4589587;1184784384;22138880;1384910848;0;0;0;0;0;0;0;0;0;0;0;3788;0;0;125;0;42;0;
15900;5124180;1184784384;22138880;1384910848;0;0;0;0;0;0;0;0;0;0;0;3236;0;0;125;0;42;0;
15901;3621211;1184784384;22138880;1384910848;0;0;0;0;0;0;0;0;0;0;0;2765;0;0;125;0;42;0;
15902;4940876;1184784384;22138880;1384910848;0;0;0;0;0;0;0;0;0;0;0;2625;0;0;125;0;42;0;
15903;3787773;1184784384;22138880;1384910848;0;0;0;0;0;0;0;0;0;0;0;3076;0;0;125;0;42;0;
15904;4741162;1184784384;22138880;1384910848;0;0;0;0;0;0;0;0;0;0;0;2565;0;0;125;0;42;0;
15905;3044119;1184784384;22138880;1384910848;0;0;0;0;0;0;0;0;0;0;0;3036;0;0;125;0;42;0;
15906;5000367;1184784384;22138880;1384910848;0;0;0;0;0;0;0;0;0;0;0;2144;0;0;125;0;42;0;
15907;3240386;1184784384;22138880;1384910848;0;0;0;0;0;0;0;0;0;0;0;2134;0;0;125;0;42;0;
15908;4711566;1184784384;22138880;1384910848;0;0;0;0;0;0;0;0;0;0;0;2124;0;0;125;0;42;0;
15909;2903135;1184784384;22138880;1384910848;0;0;0;0;0;0;0;0;0;0;0;2113;0;0;125;0;42;0;
15910;5141662;1184784384;22138880;1384910848;0;0;0;0;0;0;0;0;0;0;0;2114;0;0;125;0;42;0;
15911;3646148;1184784384;22138880;1384910848;0;0;0;0;0;0;0;0;0;0;0;2825;0;0;125;0;42;0;
15912;4651023;1184784384;22138880;1384910848;0;0;0;0;0;0;0;0;0;0;0;2355;0;0;125;0;42;0;
15913;4392007;1184784384;22138880;1384910848;0;0;0;0;0;0;0;0;0;0;0;4018;0;0;125;0;42;0;
15914;5043568;1184784384;22138880;1384910848;0;0;0;0;0;0;0;0;0;0;0;3136;0;0;125;0;42;0;
15915;5447196;1184784384;22138880;1384910848;0;0;0;0;0;0;0;0;0;0;0;3516;0;0;125;0;42;0;
15916;5147513;1184784384;22138880;1384910848;0;0;0;0;0;0;0;0;0;0;0;3036;0;0;125;0;42;0;
15917;4111391;1184784384;22138880;1384910848;0;0;0;0;0;0;0;0;0;0;0;3327;0;0;125;0;42;0;
15918;4732646;1184784384;22138880;1384910848;0;0;0;0;0;0;0;0;0;0;0;2795;0;0;125;0;42;0;
15919;3588159;1184784384;22138880;1384910848;0;0;0;0;0;0;0;0;0;0;0;3447;0;0;125;0;42;0;
15920;4781006;1184784384;22138880;1384910848;0;0;0;0;0;0;0;0;0;0;0;2154;0;0;125;0;42;0;
15921;3473695;1184784384;22138880;1384910848;0;0;0;0;0;0;0;0;0;0;0;2816;0;0;125;0;42;0;
15922;5050201;1184784384;22138880;1384910848;0;0;0;0;0;0;0;0;0;0;0;2384;0;0;125;0;42;0;
15923;3527706;1184784384;22138880;1384910848;0;0;0;0;0;0;0;0;0;0;0;3106;0;0;125;0;42;0;
15924;4765978;1184784384;22138880;1384910848;0;0;0;0;0;0;0;0;0;0;0;2414;0;0;125;0;42;0;
15925;3132525;1184784384;22138880;1384910848;0;0;0;0;0;0;0;0;0;0;0;3587;0;0;125;0;42;0;
15926;4824418;1184784384;22138880;1384910848;0;0;0;0;0;0;0;0;0;0;0;2314;0;0;125;0;42;0;
15927;3202606;1184784384;22138880;1384910848;0;0;0;0;0;0;0;0;0;0;0;2695;0;0;125;0;42;0;
15928;4929505;1184784384;22138880;1384910848;0;0;0;0;0;0;0;0;0;0;0;2144;0;0;125;0;42;0;
15929;3460680;1184784384;22138880;1384910848;0;0;0;0;0;0;0;0;0;0;0;3366;0;0;125;0;42;0;
15930;5441334;1184784384;22138880;1384910848;0;0;0;0;0;0;0;0;0;0;0;2484;0;0;125;0;42;0;
15931;3554826;1184784384;22138880;1384910848;0;0;0;0;0;0;0;0;0;0;0;2605;0;0;125;0;42;0;
15932;4654458;1184784384;22138880;1384910848;0;0;0;0;0;0;0;0;0;0;0;1914;0;0;125;0;42;0;
15933;3422819;1184784384;22138880;1384910848;0;0;0;0;0;0;0;0;0;0;0;2645;0;0;125;0;42;0;
15934;5023712;1184784384;22138880;1384910848;0;0;0;0;0;0;0;0;0;0;0;2375;0;0;125;0;42;0;
15935;3366644;1184784384;22138880;1384910848;0;0;0;0;0;0;0;0;0;0;0;2304;0;0;125;0;42;0;
15936;4558208;1184784384;22138880;1384910848;0;0;0;0;0;0;0;0;0;0;0;2054;0;0;125;0;42;0;
15937;3708515;1184784384;22138880;1384910848;0;0;0;0;0;0;0;0;0;0;0;3516;0;0;125;0;42;0;
15938;5265254;1184784384;22138880;1384910848;0;0;0;0;0;0;0;0;0;0;0;2475;0;0;125;0;42;0;
15939;4273244;1184784384;22138880;1384910848;0;0;0;0;0;0;0;0;0;0;0;3367;0;0;125;0;42;0;
15940;5158204;1184784384;22138880;1384910848;0;0;0;0;0;0;0;0;0;0;0;2755;0;0;125;0;42;0;
15941;3589381;1184784384;22138880;1384910848;0;0;0;0;0;0;0;0;0;0;0;3637;0;0;125;0;42;0;
15942;4516751;1184784384;22138880;1384910848;0;0;0;0;0;0;0;0;0;0;0;2003;0;0;125;0;42;0;
15943;3146090;1184784384;22138880;1384910848;0;0;0;0;0;0;0;0;0;0;0;2605;0;0;125;0;42;0;
15944;4807356;1184784384;22138880;1384910848;0;0;0;0;0;0;0;0;0;0;0;2465;0;0;125;0;42;0;
15945;3124720;1184784384;22138880;1384910848;0;0;0;0;0;0;0;0;0;0;0;2956;0;0;125;0;42;0;
15946;4693292;1184784384;22138880;1384910848;0;0;0;0;0;0;0;0;0;0;0;2114;0;0;125;0;42;0;
15947;2702579;1184784384;22138880;1384910848;0;0;0;0;0;0;0;0;0;0;0;2845;0;0;125;0;42;0;
15948;4629462;1184784384;22138880;1384910848;0;0;0;0;0;0;0;0;0;0;0;2635;0;0;125;0;42;0;
15949;3410296;1184784384;22138880;1384910848;0;0;0;0;0;0;0;0;0;0;0;3136;0;0;125;0;42;0;
15950;4697650;1184784384;22138880;1384910848;0;0;0;0;0;0;0;0;0;0;0;2645;0;0;125;0;42;0;
15951;3872422;1184784384;22138880;1384910848;0;0;0;0;0;0;0;0;0;0;0;2585;0;0;125;0;42;0;
15952;4600127;1184784384;22138880;1384910848;0;0;0;0;0;0;0;0;0;0;0;11792;0;0;125;0;42;0;
15953;4211488;1184784384;22138880;1384910848;0;0;0;0;0;0;0;0;0;0;0;3517;0;0;125;0;42;0;
15954;5342769;1184784384;22138880;1384910848;0;0;0;0;0;0;0;0;0;0;0;2775;0;0;125;0;42;0;
15955;4286088;1184784384;22138880;1384910848;0;0;0;0;0;0;0;0;0;0;0;3477;0;0;125;0;42;0;
15956;4955935;1184784384;22138880;1384910848;0;0;0;0;0;0;0;0;0;0;0;2976;0;0;125;0;42;0;
15957;5057365;1184784384;22138880;1384910848;0;0;0;0;0;0;0;0;0;0;0;3677;0;0;125;0;42;0;
15958;6039607;1184784384;22138880;1384910848;0;0;0;0;0;0;0;0;0;0;0;5911;0;0;125;0;42;0;
15959;3140209;1184784384;22138880;1384910848;0;0;0;0;0;0;0;0;0;0;0;2905;0;0;125;0;42;0;
15960;5661037;1184784384;22138880;1384910848;0;0;0;0;0;0;0;0;0;0;0;2475;0;0;125;0;42;0;
15961;3541833;1184784384;22138880;1384910848;0;0;0;0;0;0;0;0;0;0;0;3747;0;0;125;0;42;0;
15962;4835960;1184784384;22138880;1384910848;0;0;0;0;0;0;0;0;0;0;0;2484;0;0;125;0;42;0;
15963;2910599;1184784384;22138880;1384910848;0;0;0;0;0;0;0;0;0;0;0;2746;0;0;125;0;42;0;
15964;4675198;1184784384;22138880;1384910848;0;0;0;0;0;0;0;0;0;0;0;2264;0;0;125;0;42;0;
15965;3104252;1184784384;22138880;1384910848;0;0;0;0;0;0;0;0;0;0;0;2635;0;0;125;0;42;0;
15966;4866146;1184784384;22138880;1384910848;0;0;0;0;0;0;0;0;0;0;0;2384;0;0;125;0;42;0;
15967;3230849;1184784384;22138880;1384910848;0;0;0;0;0;0;0;0;0;0;0;2314;0;0;125;0;42;0;
15968;4834246;1184784384;22138880;1384910848;0;0;0;0;0;0;0;0;0;0;0;3016;0;0;125;0;42;0;
15969;2932550;1184784384;22138880;1384910848;0;0;0;0;0;0;0;0;0;0;0;2815;0;0;125;0;42;0;
15970;4673504;1184784384;22138880;1384910848;0;0;0;0;0;0;0;0;0;0;0;2335;0;0;125;0;42;0;
15971;3353840;1184784384;22138880;1384910848;0;0;0;0;0;0;0;0;0;0;0;2535;0;0;125;0;42;0;
15972;4722777;1184784384;22138880;1384910848;0;0;0;0;0;0;0;0;0;0;0;2053;0;0;125;0;42;0;
15973;3356514;1184784384;22138880;1384910848;0;0;0;0;0;0;0;0;0;0;0;3346;0;0;125;0;42;0;
15974;5299789;1184784384;22138880;1384910848;0;0;0;0;0;0;0;0;0;0;0;2154;0;0;125;0;42;0;
15975;3188049;1184784384;22138880;1384910848;0;0;0;0;0;0;0;0;0;0;0;2505;0;0;125;0;42;0;
15976;5055541;1184784384;22138880;1384910848;0;0;0;0;0;0;0;0;0;0;0;2384;0;0;125;0;42;0;
15977;3577329;1184784384;22138880;1384910848;0;0;0;0;0;0;0;0;0;0;0;2916;0;0;125;0;42;0;
15978;4722146;1184784384;22138880;1384910848;0;0;0;0;0;0;0;0;0;0;0;2004;0;0;125;0;42;0;
15979;3253001;1184784384;22138880;1384910848;0;0;0;0;0;0;0;0;0;0;0;2354;0;0;125;0;42;0;
15980;4812916;1184784384;22138880;1384910848;0;0;0;0;0;0;0;0;0;0;0;2495;0;0;125;0;42;0;
15981;3770451;1184784384;22138880;1384910848;0;0;0;0;0;0;0;0;0;0;0;3467;0;0;125;0;42;0;
15982;4547468;1184784384;22138880;1384910848;0;0;0;0;0;0;0;0;0;0;0;1924;0;0;125;0;42;0;
15983;3992738;1184784384;22138880;1384910848;0;0;0;0;0;0;0;0;0;0;0;2866;0;0;125;0;42;0;
15984;4791406;1184784384;22138880;1384910848;0;0;0;0;0;0;0;0;0;0;0;2695;0;0;125;0;42;0;
15985;4164550;1184784384;22138880;1384910848;0;0;0;0;0;0;0;0;0;0;0;3366;0;0;125;0;42;0;
15986;4645763;1184784384;22138880;1384910848;0;0;0;0;0;0;0;0;0;0;0;2485;0;0;125;0;42;0;
15987;3469627;1184784384;22138880;1384910848;0;0;0;0;0;0;0;0;0;0;0;2685;0;0;125;0;42;0;
15988;5055271;1184784384;22138880;1384910848;0;0;0;0;0;0;0;0;0;0;0;2294;0;0;125;0;42;0;
15989;3713975;1184784384;22138880;1384910848;0;0;0;0;0;0;0;0;0;0;0;2725;0;0;125;0;42;0;
15990;4543862;1184784384;22138880;1384910848;0;0;0;0;0;0;0;0;0;0;0;2024;0;0;125;0;42;0;
15991;3142413;1184784384;22138880;1384910848;0;0;0;0;0;0;0;0;0;0;0;2835;0;0;125;0;42;0;
15992;4507123;1184784384;22138880;1384910848;0;0;0;0;0;0;0;0;0;0;0;2505;0;0;125;0;42;0;
15993;4244901;1184784384;22138880;1384910848;0;0;0;0;0;0;0;0;0;0;0;3016;0;0;125;0;42;0;
15994;4497725;1184784384;22138880;1384910848;0;0;0;0;0;0;0;0;0;0;0;2174;0;0;125;0;42;0;
15995;3819683;1184784384;22138880;1384910848;0;0;0;0;0;0;0;0;0;0;0;3527;0;0;125;0;42;0;
15996;4966344;1184784384;22138880;1384910848;0;0;0;0;0;0;0;0;0;0;0;3376;0;0;125;0;42;0;
15997;11611466;1184784384;22138880;1384910848;0;0;0;0;0;0;0;0;0;0;0;6402;0;0;125;0;42;0;
15998;6333167;1184784384;22138880;1384910848;0;0;0;0;0;0;0;0;0;0;0;5711;0;0;125;0;42;0;
15999;6648929;1184784384;22138880;1384910848;0;0;0;0;0;0;0;0;0;0;0;7043;0;0;125;0;42;0;
16000;5921344;1184784384;22138880;1384910848;0;0;0;0;0;0;0;0;0;0;0;3166;0;0;125;0;42;0;
16001;5802332;1184784384;22138880;1384910848;0;0;0;0;0;0;0;0;0;0;0;5430;0;0;125;0;42;0;
16002;4945936;1184784384;22138880;1384910848;0;0;0;0;0;0;0;0;0;0;0;2835;0;0;125;0;42;0;
16003;4903426;1184784384;22138880;1384910848;0;0;0;0;0;0;0;0;0;0;0;4628;0;0;125;0;42;0;
16004;5382023;1184784384;22138880;1384910848;0;0;0;0;0;0;0;0;0;0;0;4458;0;0;125;0;42;0;
16005;5604040;1184784384;22138880;1384910848;0;0;0;0;0;0;0;0;0;0;0;4839;0;0;125;0;42;0;
16006;5282096;1184784384;22138880;1384910848;0;0;0;0;0;0;0;0;0;0;0;4559;0;0;125;0;42;0;
16007;4764325;1184784384;22138880;1384910848;0;0;0;0;0;0;0;0;0;0;0;5982;0;0;125;0;42;0;
16008;5464518;1184784384;22138880;1384910848;0;0;0;0;0;0;0;0;0;0;0;5250;0;0;125;0;42;0;
16009;4507353;1184784384;22138880;1384910848;0;0;0;0;0;0;0;0;0;0;0;5110;0;0;125;0;42;0;
16010;5775651;1184784384;22138880;1384910848;0;0;0;0;0;0;0;0;0;0;0;4849;0;0;125;0;42;0;
16011;4471526;1184784384;22138880;1384910848;0;0;0;0;0;0;0;0;0;0;0;5300;0;0;125;0;42;0;
16012;5364501;1184784384;22138880;1384910848;0;0;0;0;0;0;0;0;0;0;0;4799;0;0;125;0;42;0;
16013;5101898;1184784384;22138880;1384910848;0;0;0;0;0;0;0;0;0;0;0;5941;0;0;125;0;42;0;
16014;5412461;1184784384;22138880;1384910848;0;0;0;0;0;0;0;0;0;0;0;4829;0;0;125;0;42;0;
16015;3498651;1184784384;22138880;1384910848;0;0;0;0;0;0;0;0;0;0;0;3497;0;0;125;0;42;0;
16016;4700064;1184784384;22138880;1384910848;0;0;0;0;0;0;0;0;0;0;0;2775;0;0;125;0;42;0;
16017;3744923;1184784384;22138880;1384910848;0;0;0;0;0;0;0;0;0;0;0;3046;0;0;125;0;42;0;
16018;4670349;1184784384;22138880;1384910848;0;0;0;0;0;0;0;0;0;0;0;2615;0;0;125;0;42;0;
16019;3013963;1184784384;22138880;1384910848;0;0;0;0;0;0;0;0;0;0;0;3517;0;0;125;0;42;0;
16020;4598574;1184784384;22138880;1384910848;0;0;0;0;0;0;0;0;0;0;0;2235;0;0;125;0;42;0;
16021;3666456;1184784384;22138880;1384910848;0;0;0;0;0;0;0;0;0;0;0;3286;0;0;125;0;42;0;
16022;4619413;1184784384;22138880;1384910848;0;0;0;0;0;0;0;0;0;0;0;3135;0;0;125;0;42;0;
16023;3597627;1184784384;22138880;1384910848;0;0;0;0;0;0;0;0;0;0;0;3116;0;0;125;0;42;0;
16024;4693672;1184784384;22138880;1384910848;0;0;0;0;0;0;0;0;0;0;0;9408;0;0;125;0;42;0;
16025;4300826;1184784384;22138880;1384910848;0;0;0;0;0;0;0;0;0;0;0;3807;0;0;125;0;42;0;
16026;5566359;1184784384;22138880;1384910848;0;0;0;0;0;0;0;0;0;0;0;3226;0;0;125;0;42;0;
16027;3664433;1184784384;22138880;1384910848;0;0;0;0;0;0;0;0;0;0;0;3025;0;0;125;0;42;0;
16028;4785775;1184784384;22138880;1384910848;0;0;0;0;0;0;0;0;0;0;0;1924;0;0;125;0;42;0;
16029;3417720;1184784384;22138880;1384910848;0;0;0;0;0;0;0;0;0;0;0;3477;0;0;125;0;42;0;
16030;4715663;1184784384;22138880;1384910848;0;0;0;0;0;0;0;0;0;0;0;3577;0;0;125;0;42;0;
16031;2902483;1184784384;22138880;1384910848;0;0;0;0;0;0;0;0;0;0;0;3196;0;0;125;0;42;0;
16032;4959061;1184784384;22138880;1384910848;0;0;0;0;0;0;0;0;0;0;0;3507;0;0;125;0;42;0;
16033;3644505;1184784384;22138880;1384910848;0;0;0;0;0;0;0;0;0;0;0;3096;0;0;125;0;42;0;
16034;4682542;1184784384;22138880;1384910848;0;0;0;0;0;0;0;0;0;0;0;3206;0;0;125;0;42;0;
16035;3375110;1184784384;22138880;1384910848;0;0;0;0;0;0;0;0;0;0;0;3256;0;0;125;0;42;0;
16036;4848433;1184784384;22138880;1384910848;0;0;0;0;0;0;0;0;0;0;0;2876;0;0;125;0;42;0;
16037;4452540;1184784384;22138880;1384910848;0;0;0;0;0;0;0;0;0;0;0;3937;0;0;125;0;42;0;
16038;5773338;1184784384;22138880;1384910848;0;0;0;0;0;0;0;0;0;0;0;3246;0;0;125;0;42;0;
16039;5833410;1184784384;22138880;1384910848;0;0;0;0;0;0;0;0;0;0;0;6653;0;0;125;0;42;0;
16040;5823431;1184784384;22138880;1384910848;0;0;0;0;0;0;0;0;0;0;0;5180;0;0;125;0;42;0;
16041;5806399;1184784384;22138880;1384910848;0;0;0;0;0;0;0;0;0;0;0;5650;0;0;125;0;42;0;
16042;5492411;1184784384;22138880;1384910848;0;0;0;0;0;0;0;0;0;0;0;4618;0;0;125;0;42;0;
16043;4920588;1184784384;22138880;1384910848;0;0;0;0;0;0;0;0;0;0;0;5220;0;0;125;0;42;0;
16044;5433319;1184784384;22138880;1384910848;0;0;0;0;0;0;0;0;0;0;0;4208;0;0;125;0;42;0;
16045;4731483;1184784384;22138880;1384910848;0;0;0;0;0;0;0;0;0;0;0;3837;0;0;125;0;42;0;
16046;4836781;1184784384;22138880;1384910848;0;0;0;0;0;0;0;0;0;0;0;3276;0;0;125;0;42;0;
16047;3465219;1184784384;22138880;1384910848;0;0;0;0;0;0;0;0;0;0;0;3075;0;0;125;0;42;0;
16048;4804440;1184784384;22138880;1384910848;0;0;0;0;0;0;0;0;0;0;0;2946;0;0;125;0;42;0;
16049;3452836;1184784384;22138880;1384910848;0;0;0;0;0;0;0;0;0;0;0;3266;0;0;125;0;42;0;
16050;4966234;1184784384;22138880;1384910848;0;0;0;0;0;0;0;0;0;0;0;2495;0;0;125;0;42;0;
16051;3800668;1184784384;22138880;1384910848;0;0;0;0;0;0;0;0;0;0;0;3145;0;0;125;0;42;0;
16052;4745980;1184784384;22138880;1384910848;0;0;0;0;0;0;0;0;0;0;0;2385;0;0;125;0;42;0;
16053;2966934;1184784384;22138880;1384910848;0;0;0;0;0;0;0;0;0;0;0;3196;0;0;125;0;42;0;
16054;4986221;1184784384;22138880;1384910848;0;0;0;0;0;0;0;0;0;0;0;2134;0;0;125;0;42;0;
16055;3404916;1184784384;22138880;1384910848;0;0;0;0;0;0;0;0;0;0;0;3797;0;0;125;0;42;0;
16056;5206233;1184784384;22138880;1384910848;0;0;0;0;0;0;0;0;0;0;0;2846;0;0;125;0;42;0;
16057;2776186;1184784384;22138880;1384910848;0;0;0;0;0;0;0;0;0;0;0;3346;0;0;125;0;42;0;
16058;4777971;1184784384;22138880;1384910848;0;0;0;0;0;0;0;0;0;0;0;2415;0;0;125;0;42;0;
16059;4002346;1184784384;22138880;1384910848;0;0;0;0;0;0;0;0;0;0;0;3677;0;0;125;0;42;0;
16060;5138587;1184784384;22138880;1384910848;0;0;0;0;0;0;0;0;0;0;0;2655;0;0;125;0;42;0;
16061;2648517;1184784384;22138880;1384910848;0;0;0;0;0;0;0;0;0;0;0;3386;0;0;125;0;42;0;
16062;4990739;1184784384;22138880;1384910848;0;0;0;0;0;0;0;0;0;0;0;2445;0;0;125;0;42;0;
16063;3354712;1184784384;22138880;1384910848;0;0;0;0;0;0;0;0;0;0;0;3566;0;0;125;0;42;0;
16064;4486203;1184784384;22138880;1384910848;0;0;0;0;0;0;0;0;0;0;0;2574;0;0;125;0;42;0;
16065;2708660;1184784384;22138880;1384910848;0;0;0;0;0;0;0;0;0;0;0;2915;0;0;125;0;42;0;
16066;4532871;1184784384;22138880;1384910848;0;0;0;0;0;0;0;0;0;0;0;1874;0;0;125;0;42;0;
16067;2556986;1184784384;22138880;1384910848;0;0;0;0;0;0;0;0;0;0;0;3717;0;0;125;0;42;0;
16068;4735952;1184784384;22138880;1384910848;0;0;0;0;0;0;0;0;0;0;0;2425;0;0;125;0;42;0;
16069;3276996;1184784384;22138880;1384910848;0;0;0;0;0;0;0;0;0;0;0;3767;0;0;125;0;42;0;
16070;5408924;1184784384;22138880;1384910848;0;0;0;0;0;0;0;0;0;0;0;4799;0;0;125;0;42;0;
16071;5167992;1184784384;22138880;1384910848;0;0;0;0;0;0;0;0;0;0;0;6732;0;0;125;0;42;0;
16072;5024173;1184784384;22138880;1384910848;0;0;0;0;0;0;0;0;0;0;0;2875;0;0;125;0;42;0;
16073;6041159;1184784384;22138880;1384910848;0;0;0;0;0;0;0;0;0;0;0;7103;0;0;125;0;42;0;
16074;5635138;1184784384;22138880;1384910848;0;0;0;0;0;0;0;0;0;0;0;5190;0;0;125;0;42;0;
16075;5278670;1184784384;22138880;1384910848;0;0;0;0;0;0;0;0;0;0;0;6643;0;0;125;0;42;0;
16076;5143335;1184784384;22138880;1384910848;0;0;0;0;0;0;0;0;0;0;0;2745;0;0;125;0;42;0;
16077;5093182;1184784384;22138880;1384910848;0;0;0;0;0;0;0;0;0;0;0;6503;0;0;125;0;42;0;
16078;5330426;1184784384;22138880;1384910848;0;0;0;0;0;0;0;0;0;0;0;3066;0;0;125;0;42;0;
16079;5342900;1184784384;22138880;1384910848;0;0;0;0;0;0;0;0;0;0;0;5260;0;0;125;0;42;0;
16080;4899368;1184784384;22138880;1384910848;0;0;0;0;0;0;0;0;0;0;0;2995;0;0;125;0;42;0;
16081;4867339;1184784384;22138880;1384910848;0;0;0;0;0;0;0;0;0;0;0;5831;0;0;125;0;42;0;
16082;4826281;1184784384;22138880;1384910848;0;0;0;0;0;0;0;0;0;0;0;2465;0;0;125;0;42;0;
16083;5111717;1184784384;22138880;1384910848;0;0;0;0;0;0;0;0;0;0;0;6051;0;0;125;0;42;0;
16084;5261337;1184784384;22138880;1384910848;0;0;0;0;0;0;0;0;0;0;0;2806;0;0;125;0;42;0;
16085;6344338;1184784384;22138880;1384910848;0;0;0;0;0;0;0;0;0;0;0;7764;0;0;125;0;42;0;
16086;6322357;1184784384;22138880;1384910848;0;0;0;0;0;0;0;0;0;0;0;5210;0;0;125;0;42;0;
16087;6032584;1184784384;22138880;1384910848;0;0;0;0;0;0;0;0;0;0;0;7073;0;0;125;0;42;0;
16088;6695046;1184784384;22138880;1384910848;0;0;0;0;0;0;0;0;0;0;0;5831;0;0;125;0;42;0;
16089;6547309;1184784384;22138880;1384910848;0;0;0;0;0;0;0;0;0;0;0;7344;0;0;125;0;42;0;
16090;5434812;1184784384;22138880;1384910848;0;0;0;0;0;0;0;0;0;0;0;4037;0;0;125;0;42;0;
16091;6268055;1184784384;22138880;1384910848;0;0;0;0;0;0;0;0;0;0;0;7204;0;0;125;0;42;0;
16092;6095632;1184784384;22138880;1384910848;0;0;0;0;0;0;0;0;0;0;0;4909;0;0;125;0;42;0;
16093;6178608;1184784384;22138880;1384910848;0;0;0;0;0;0;0;0;0;0;0;6452;0;0;125;0;42;0;
16094;5444240;1184784384;22138880;1384910848;0;0;0;0;0;0;0;0;0;0;0;3336;0;0;125;0;42;0;
16095;6279416;1184784384;22138880;1384910848;0;0;0;0;0;0;0;0;0;0;0;6272;0;0;125;0;42;0;
16096;5839101;1184784384;22138880;1384910848;0;0;0;0;0;0;0;0;0;0;0;4829;0;0;125;0;42;0;
16097;6363715;1184784384;22138880;1384910848;0;0;0;0;0;0;0;0;0;0;0;5931;0;0;125;0;42;0;
16098;5515344;1184784384;22138880;1384910848;0;0;0;0;0;0;0;0;0;0;0;3797;0;0;125;0;42;0;
16099;5508210;1184784384;22138880;1384910848;0;0;0;0;0;0;0;0;0;0;0;7003;0;0;125;0;42;0;
16100;4966314;1184784384;22138880;1384910848;0;0;0;0;0;0;0;0;0;0;0;4348;0;0;125;0;42;0;
16101;6654500;1184784384;22138880;1384910848;0;0;0;0;0;0;0;0;0;0;0;6763;0;0;125;0;42;0;
16102;5625750;1184784384;22138880;1384910848;0;0;0;0;0;0;0;0;0;0;0;3616;0;0;125;0;42;0;
16103;7644046;1184784384;22138880;1384910848;0;0;0;0;0;0;0;0;0;0;0;7374;0;0;125;0;42;0;
16104;5971859;1184784384;22138880;1384910848;0;0;0;0;0;0;0;0;0;0;0;4248;0;0;125;0;42;0;
16105;6522572;1184784384;22138880;1384910848;0;0;0;0;0;0;0;0;0;0;0;6242;0;0;125;0;42;0;
16106;5284701;1184784384;22138880;1384910848;0;0;0;0;0;0;0;0;0;0;0;2895;0;0;125;0;42;0;
16107;4828044;1184784384;22138880;1384910848;0;0;0;0;0;0;0;0;0;0;0;6903;0;0;125;0;42;0;
16108;4941126;1184784384;22138880;1384910848;0;0;0;0;0;0;0;0;0;0;0;1954;0;0;125;0;42;0;
16109;5330437;1184784384;22138880;1384910848;0;0;0;0;0;0;0;0;0;0;0;6041;0;0;125;0;42;0;
16110;4801936;1184784384;22138880;1384910848;0;0;0;0;0;0;0;0;0;0;0;1963;0;0;125;0;42;0;
16111;4699814;1184784384;22138880;1384910848;0;0;0;0;0;0;0;0;0;0;0;6833;0;0;125;0;42;0;
16112;5149908;1184784384;22138880;1384910848;0;0;0;0;0;0;0;0;0;0;0;2815;0;0;125;0;42;0;
16113;5048337;1184784384;22138880;1384910848;0;0;0;0;0;0;0;0;0;0;0;4719;0;0;125;0;42;0;
16114;5035914;1184784384;22138880;1384910848;0;0;0;0;0;0;0;0;0;0;0;3035;0;0;125;0;42;0;
16115;4401925;1184784384;22138880;1384910848;0;0;0;0;0;0;0;0;0;0;0;5270;0;0;125;0;42;0;
16116;5237983;1184784384;22138880;1384910848;0;0;0;0;0;0;0;0;0;0;0;4588;0;0;125;0;42;0;
16117;5272608;1184784384;22138880;1384910848;0;0;0;0;0;0;0;0;0;0;0;5861;0;0;125;0;42;0;
16118;5469327;1184784384;22138880;1384910848;0;0;0;0;0;0;0;0;0;0;0;3086;0;0;125;0;42;0;
16119;6157287;1184784384;22138880;1384910848;0;0;0;0;0;0;0;0;0;0;0;6302;0;0;125;0;42;0;
16120;4864092;1184784384;22138880;1384910848;0;0;0;0;0;0;0;0;0;0;0;3086;0;0;125;0;42;0;
16121;5529469;1184784384;22138880;1384910848;0;0;0;0;0;0;0;0;0;0;0;5720;0;0;125;0;42;0;
16122;5032448;1184784384;22138880;1384910848;0;0;0;0;0;0;0;0;0;0;0;2504;0;0;125;0;42;0;
16123;5947354;1184784384;22138880;1384910848;0;0;0;0;0;0;0;0;0;0;0;6873;0;0;125;0;42;0;
16124;5252250;1184784384;22138880;1384910848;0;0;0;0;0;0;0;0;0;0;0;2625;0;0;125;0;42;0;
16125;5588641;1184784384;22138880;1384910848;0;0;0;0;0;0;0;0;0;0;0;5981;0;0;125;0;42;0;
16126;5080207;1184784384;22138880;1384910848;0;0;0;0;0;0;0;0;0;0;0;3016;0;0;125;0;42;0;
16127;4390865;1184784384;22138880;1384910848;0;0;0;0;0;0;0;0;0;0;0;5350;0;0;125;0;42;0;
16128;5728844;1184784384;22138880;1384910848;0;0;0;0;0;0;0;0;0;0;0;2786;0;0;125;0;42;0;
16129;4541567;1184784384;22138880;1384910848;0;0;0;0;0;0;0;0;0;0;0;5119;0;0;125;0;42;0;
16130;5628836;1184784384;22138880;1384910848;0;0;0;0;0;0;0;0;0;0;0;4539;0;0;125;0;42;0;
16131;4754536;1184784384;22138880;1384910848;0;0;0;0;0;0;0;0;0;0;0;5020;0;0;125;0;42;0;
16132;4644180;1184784384;22138880;1384910848;0;0;0;0;0;0;0;0;0;0;0;3146;0;0;125;0;42;0;
16133;4517722;1184784384;22138880;1384910848;0;0;0;0;0;0;0;0;0;0;0;5881;0;0;125;0;42;0;
16134;4801475;1184784384;22138880;1384910848;0;0;0;0;0;0;0;0;0;0;0;2355;0;0;125;0;42;0;
16135;4508645;1184784384;22138880;1384910848;0;0;0;0;0;0;0;0;0;0;0;6012;0;0;125;0;42;0;
16136;5421247;1184784384;22138880;1384910848;0;0;0;0;0;0;0;0;0;0;0;4569;0;0;125;0;42;0;
16137;4819278;1184784384;22138880;1384910848;0;0;0;0;0;0;0;0;0;0;0;5600;0;0;125;0;42;0;
16138;5324555;1184784384;22138880;1384910848;0;0;0;0;0;0;0;0;0;0;0;2224;0;0;125;0;42;0;
16139;4865315;1184784384;22138880;1384910848;0;0;0;0;0;0;0;0;0;0;0;5640;0;0;125;0;42;0;
16140;5173692;1184784384;22138880;1384910848;0;0;0;0;0;0;0;0;0;0;0;5109;0;0;125;0;42;0;
16141;5604731;1184784384;22138880;1384910848;0;0;0;0;0;0;0;0;0;0;0;5671;0;0;125;0;42;0;
16142;6456969;1184784384;22138880;1384910848;0;0;0;0;0;0;0;0;0;0;0;6723;0;0;125;0;42;0;
16143;5688127;1184784384;22138880;1384910848;0;0;0;0;0;0;0;0;0;0;0;6462;0;0;125;0;42;0;
16144;5691533;1184784384;22138880;1384910848;0;0;0;0;0;0;0;0;0;0;0;5911;0;0;125;0;42;0;
16145;5753339;1184784384;22138880;1384910848;0;0;0;0;0;0;0;0;0;0;0;6091;0;0;125;0;42;0;
16146;5973243;1184784384;22138880;1384910848;0;0;0;0;0;0;0;0;0;0;0;5510;0;0;125;0;42;0;
16147;5907398;1184784384;22138880;1384910848;0;0;0;0;0;0;0;0;0;0;0;7444;0;0;125;0;42;0;
16148;5728644;1184784384;22138880;1384910848;0;0;0;0;0;0;0;0;0;0;0;3476;0;0;125;0;42;0;
16149;4247376;1184784384;22138880;1384910848;0;0;0;0;0;0;0;0;0;0;0;2685;0;0;125;0;42;0;
16150;4733287;1184784384;22138880;1384910848;0;0;0;0;0;0;0;0;0;0;0;3427;0;0;125;0;42;0;
16151;3242912;1184784384;22138880;1384910848;0;0;0;0;0;0;0;0;0;0;0;2716;0;0;125;0;42;0;
16152;4859543;1184784384;22138880;1384910848;0;0;0;0;0;0;0;0;0;0;0;3326;0;0;125;0;42;0;
16153;3275944;1184784384;22138880;1384910848;0;0;0;0;0;0;0;0;0;0;0;3356;0;0;125;0;42;0;
16154;4918414;1184784384;22138880;1384910848;0;0;0;0;0;0;0;0;0;0;0;2996;0;0;125;0;42;0;
16155;3297314;1184784384;22138880;1384910848;0;0;0;0;0;0;0;0;0;0;0;3757;0;0;125;0;42;0;
16156;4800964;1184784384;22138880;1384910848;0;0;0;0;0;0;0;0;0;0;0;2815;0;0;125;0;42;0;
16157;4030518;1184784384;22138880;1384910848;0;0;0;0;0;0;0;0;0;0;0;3908;0;0;125;0;42;0;
16158;5025034;1184784384;22138880;1384910848;0;0;0;0;0;0;0;0;0;0;0;2475;0;0;125;0;42;0;
16159;3675412;1184784384;22138880;1384910848;0;0;0;0;0;0;0;0;0;0;0;4047;0;0;125;0;42;0;
16160;5392853;1184784384;22138880;1384910848;0;0;0;0;0;0;0;0;0;0;0;3657;0;0;125;0;42;0;
16161;4314381;1184784384;22138880;1384910848;0;0;0;0;0;0;0;0;0;0;0;4358;0;0;125;0;42;0;
16162;5351266;1184784384;22138880;1384910848;0;0;0;0;0;0;0;0;0;0;0;3457;0;0;125;0;42;0;
16163;3660575;1184784384;22138880;1384910848;0;0;0;0;0;0;0;0;0;0;0;3506;0;0;125;0;42;0;
16164;4850757;1184784384;22138880;1384910848;0;0;0;0;0;0;0;0;0;0;0;3737;0;0;125;0;42;0;
16165;2918443;1184784384;22138880;1384910848;0;0;0;0;0;0;0;0;0;0;0;3116;0;0;125;0;42;0;
16166;4722136;1184784384;22138880;1384910848;0;0;0;0;0;0;0;0;0;0;0;2595;0;0;125;0;42;0;
16167;3207245;1184784384;22138880;1384910848;0;0;0;0;0;0;0;0;0;0;0;3827;0;0;125;0;42;0;
16168;4672873;1184784384;22138880;1384910848;0;0;0;0;0;0;0;0;0;0;0;2725;0;0;125;0;42;0;
16169;3620110;1184784384;22138880;1384910848;0;0;0;0;0;0;0;0;0;0;0;4368;0;0;125;0;42;0;
16170;5134810;1184784384;22138880;1384910848;0;0;0;0;0;0;0;0;0;0;0;6903;0;0;125;0;42;0;
16171;4165021;1184784384;22138880;1384910848;0;0;0;0;0;0;0;0;0;0;0;4048;0;0;125;0;42;0;
16172;4899088;1184784384;22138880;1384910848;0;0;0;0;0;0;0;0;0;0;0;3206;0;0;125;0;42;0;
16173;5427248;1184784384;22138880;1384910848;0;0;0;0;0;0;0;0;0;0;0;6462;0;0;125;0;42;0;
16174;5153124;1184784384;22138880;1384910848;0;0;0;0;0;0;0;0;0;0;0;2605;0;0;125;0;42;0;
16175;5052325;1184784384;22138880;1384910848;0;0;0;0;0;0;0;0;0;0;0;4308;0;0;125;0;42;0;
16176;5703787;1184784384;22138880;1384910848;0;0;0;0;0;0;0;0;0;0;0;2615;0;0;125;0;42;0;
16177;3613727;1184784384;22138880;1384910848;0;0;0;0;0;0;0;0;0;0;0;3367;0;0;125;0;42;0;
16178;4951696;1184784384;22138880;1384910848;0;0;0;0;0;0;0;0;0;0;0;2565;0;0;125;0;42;0;
16179;3625940;1184784384;22138880;1384910848;0;0;0;0;0;0;0;0;0;0;0;4008;0;0;125;0;42;0;
16180;4739589;1184784384;22138880;1384910848;0;0;0;0;0;0;0;0;0;0;0;2705;0;0;125;0;42;0;
16181;4044224;1184784384;22138880;1384910848;0;0;0;0;0;0;0;0;0;0;0;3627;0;0;125;0;42;0;
16182;4618792;1184784384;22138880;1384910848;0;0;0;0;0;0;0;0;0;0;0;2264;0;0;125;0;42;0;
16183;3319475;1184784384;22138880;1384910848;0;0;0;0;0;0;0;0;0;0;0;3908;0;0;125;0;42;0;
16184;5510214;1184784384;22138880;1384910848;0;0;0;0;0;0;0;0;0;0;0;3416;0;0;125;0;42;0;
16185;3760292;1184784384;22138880;1384910848;0;0;0;0;0;0;0;0;0;0;0;4278;0;0;125;0;42;0;
16186;5305570;1184784384;22138880;1384910848;0;0;0;0;0;0;0;0;0;0;0;3076;0;0;125;0;42;0;
16187;4709673;1184784384;22138880;1384910848;0;0;0;0;0;0;0;0;0;0;0;4218;0;0;125;0;42;0;
16188;5193620;1184784384;22138880;1384910848;0;0;0;0;0;0;0;0;0;0;0;3677;0;0;125;0;42;0;
16189;3400727;1184784384;22138880;1384910848;0;0;0;0;0;0;0;0;0;0;0;4108;0;0;125;0;42;0;
16190;4515629;1184784384;22138880;1384910848;0;0;0;0;0;0;0;0;0;0;0;2485;0;0;125;0;42;0;
16191;3349702;1184784384;22138880;1384910848;0;0;0;0;0;0;0;0;0;0;0;4097;0;0;125;0;42;0;
16192;5019503;1184784384;22138880;1384910848;0;0;0;0;0;0;0;0;0;0;0;2625;0;0;125;0;42;0;
16193;3823701;1184784384;22138880;1384910848;0;0;0;0;0;0;0;0;0;0;0;3897;0;0;125;0;42;0;
16194;4547658;1184784384;22138880;1384910848;0;0;0;0;0;0;0;0;0;0;0;2855;0;0;125;0;42;0;
16195;4660871;1184784384;22138880;1384910848;0;0;0;0;0;0;0;0;0;0;0;4489;0;0;125;0;42;0;
16196;4697279;1184784384;22138880;1384910848;0;0;0;0;0;0;0;0;0;0;0;2555;0;0;125;0;42;0;
16197;3895856;1184784384;22138880;1384910848;0;0;0;0;0;0;0;0;0;0;0;3837;0;0;125;0;42;0;
16198;4826141;1184784384;22138880;1384910848;0;0;0;0;0;0;0;0;0;0;0;2695;0;0;125;0;42;0;
16199;5012330;1184784384;22138880;1384910848;0;0;0;0;0;0;0;0;0;0;0;6332;0;0;125;0;42;0;
16200;11161762;1184784384;22138880;1384910848;0;0;0;0;0;0;0;0;0;0;0;2765;0;0;125;0;42;0;
16201;3613046;1184784384;22138880;1384910848;0;0;0;0;0;0;0;0;0;0;0;5210;0;0;125;0;42;0;
16202;5406729;1184784384;22138880;1384910848;0;0;0;0;0;0;0;0;0;0;0;3526;0;0;125;0;42;0;
16203;4362231;1184784384;22138880;1384910848;0;0;0;0;0;0;0;0;0;0;0;4478;0;0;125;0;42;0;
16204;5051383;1184784384;22138880;1384910848;0;0;0;0;0;0;0;0;0;0;0;3787;0;0;125;0;42;0;
16205;4080572;1184784384;22138880;1384910848;0;0;0;0;0;0;0;0;0;0;0;3828;0;0;125;0;42;0;
16206;4934664;1184784384;22138880;1384910848;0;0;0;0;0;0;0;0;0;0;0;3868;0;0;125;0;42;0;
16207;4566965;1184784384;22138880;1384910848;0;0;0;0;0;0;0;0;0;0;0;4007;0;0;125;0;42;0;
16208;4982364;1184784384;22138880;1384910848;0;0;0;0;0;0;0;0;0;0;0;4028;0;0;125;0;42;0;
16209;4202471;1184784384;22138880;1384910848;0;0;0;0;0;0;0;0;0;0;0;4048;0;0;125;0;42;0;
16210;6007206;1184784384;22138880;1384910848;0;0;0;0;0;0;0;0;0;0;0;4018;0;0;125;0;42;0;
16211;4486254;1184784384;22138880;1384910848;0;0;0;0;0;0;0;0;0;0;0;4308;0;0;125;0;42;0;
16212;5306812;1184784384;22138880;1384910848;0;0;0;0;0;0;0;0;0;0;0;3687;0;0;125;0;42;0;
16213;3903170;1184784384;22138880;1384910848;0;0;0;0;0;0;0;0;0;0;0;4108;0;0;125;0;42;0;
16214;4935526;1184784384;22138880;1384910848;0;0;0;0;0;0;0;0;0;0;0;4458;0;0;125;0;42;0;
16215;4209915;1184784384;22138880;1384910848;0;0;0;0;0;0;0;0;0;0;0;4369;0;0;125;0;42;0;
16216;5464017;1184784384;22138880;1384910848;0;0;0;0;0;0;0;0;0;0;0;3768;0;0;125;0;42;0;
16217;4388991;1184784384;22138880;1384910848;0;0;0;0;0;0;0;0;0;0;0;4177;0;0;125;0;42;0;
16218;5122066;1184784384;22138880;1384910848;0;0;0;0;0;0;0;0;0;0;0;3136;0;0;125;0;42;0;
16219;5645096;1184784384;22138880;1384910848;0;0;0;0;0;0;0;0;0;0;0;6662;0;0;125;0;42;0;
16220;5828581;1184784384;22138880;1384910848;0;0;0;0;0;0;0;0;0;0;0;5080;0;0;125;0;42;0;
16221;6120378;1184784384;22138880;1384910848;0;0;0;0;0;0;0;0;0;0;0;5250;0;0;125;0;42;0;
16222;5520343;1184784384;22138880;1384910848;0;0;0;0;0;0;0;0;0;0;0;5140;0;0;125;0;42;0;
16223;5738612;1184784384;22138880;1384910848;0;0;0;0;0;0;0;0;0;0;0;6021;0;0;125;0;42;0;
16224;7114623;1184784384;22138880;1384910848;0;0;0;0;0;0;0;0;0;0;0;5260;0;0;125;0;42;0;
16225;7570638;1184784384;22138880;1384910848;0;0;0;0;0;0;0;0;0;0;0;4909;0;0;125;0;42;0;
16226;5849199;1184784384;22138880;1384910848;0;0;0;0;0;0;0;0;0;0;0;5320;0;0;125;0;42;0;
16227;6074753;1184784384;22138880;1384910848;0;0;0;0;0;0;0;0;0;0;0;5741;0;0;125;0;42;0;
16228;5558915;1184784384;22138880;1384910848;0;0;0;0;0;0;0;0;0;0;0;3226;0;0;125;0;42;0;
16229;5805788;1184784384;22138880;1384910848;0;0;0;0;0;0;0;0;0;0;0;6642;0;0;125;0;42;0;
16230;5537275;1184784384;22138880;1384910848;0;0;0;0;0;0;0;0;0;0;0;3626;0;0;125;0;42;0;
16231;5881881;1184784384;22138880;1384910848;0;0;0;0;0;0;0;0;0;0;0;5841;0;0;125;0;42;0;
16232;5245758;1184784384;22138880;1384910848;0;0;0;0;0;0;0;0;0;0;0;4429;0;0;125;0;42;0;
16233;6440498;1184784384;22138880;1384910848;0;0;0;0;0;0;0;0;0;0;0;6803;0;0;125;0;42;0;
16234;5078594;1184784384;22138880;1384910848;0;0;0;0;0;0;0;0;0;0;0;3126;0;0;125;0;42;0;
16235;5865390;1184784384;22138880;1384910848;0;0;0;0;0;0;0;0;0;0;0;6943;0;0;125;0;42;0;
16236;5305780;1184784384;22138880;1384910848;0;0;0;0;0;0;0;0;0;0;0;3848;0;0;125;0;42;0;
16237;5772696;1184784384;22138880;1384910848;0;0;0;0;0;0;0;0;0;0;0;7003;0;0;125;0;42;0;
16238;5410797;1184784384;22138880;1384910848;0;0;0;0;0;0;0;0;0;0;0;3527;0;0;125;0;42;0;
16239;6355639;1184784384;22138880;1384910848;0;0;0;0;0;0;0;0;0;0;0;5470;0;0;125;0;42;0;
16240;5030625;1184784384;22138880;1384910848;0;0;0;0;0;0;0;0;0;0;0;4148;0;0;125;0;42;0;
16241;5945119;1184784384;22138880;1384910848;0;0;0;0;0;0;0;0;0;0;0;5811;0;0;125;0;42;0;
16242;6201971;1184784384;22138880;1384910848;0;0;0;0;0;0;0;0;0;0;0;5971;0;0;125;0;42;0;
16243;6776478;1184784384;22138880;1384910848;0;0;0;0;0;0;0;0;0;0;0;6172;0;0;125;0;42;0;
16244;6160624;1184784384;22138880;1384910848;0;0;0;0;0;0;0;0;0;0;0;5891;0;0;125;0;42;0;
16245;6756010;1184784384;22147072;1384919040;0;0;0;0;0;0;0;0;0;0;0;6462;0;0;125;0;42;0;
16246;5600553;1184784384;22147072;1384919040;0;0;0;0;0;0;0;0;0;0;0;5901;0;0;125;0;42;0;
16247;5396070;1184784384;22147072;1384919040;0;0;0;0;0;0;0;0;0;0;0;4378;0;0;125;0;42;0;
16248;5487211;1184784384;22147072;1384919040;0;0;0;0;0;0;0;0;0;0;0;5029;0;0;125;0;42;0;
16249;6248258;1184784384;22147072;1384919040;0;0;0;0;0;0;0;0;0;0;0;5931;0;0;125;0;42;0;
16250;5783928;1184784384;22147072;1384919040;0;0;0;0;0;0;0;0;0;0;0;5530;0;0;125;0;42;0;
16251;6996731;1184784384;22138880;1384910848;0;0;0;0;0;0;0;0;0;0;0;6242;0;0;125;0;42;0;
16252;5365032;1184784384;22138880;1384910848;0;0;0;0;0;0;0;0;0;0;0;3897;0;0;125;0;42;0;
16253;6964211;1184784384;22138880;1384910848;0;0;0;0;0;0;0;0;0;0;0;6051;0;0;125;0;42;0;
16254;5262028;1184784384;22138880;1384910848;0;0;0;0;0;0;0;0;0;0;0;3367;0;0;125;0;42;0;
16255;6177596;1184784384;22138880;1384910848;0;0;0;0;0;0;0;0;0;0;0;6622;0;0;125;0;42;0;
16256;5066201;1184784384;22138880;1384910848;0;0;0;0;0;0;0;0;0;0;0;3236;0;0;125;0;42;0;
16257;5831607;1184784384;22138880;1384910848;0;0;0;0;0;0;0;0;0;0;0;6281;0;0;125;0;42;0;
16258;5518118;1184784384;22138880;1384910848;0;0;0;0;0;0;0;0;0;0;0;3616;0;0;125;0;42;0;
16259;6755780;1184784384;22138880;1384910848;0;0;0;0;0;0;0;0;0;0;0;6772;0;0;125;0;42;0;
16260;5080418;1184784384;22138880;1384910848;0;0;0;0;0;0;0;0;0;0;0;3576;0;0;125;0;42;0;
16261;6184689;1184784384;22138880;1384910848;0;0;0;0;0;0;0;0;0;0;0;6682;0;0;125;0;42;0;
16262;5593360;1184784384;22138880;1384910848;0;0;0;0;0;0;0;0;0;0;0;3286;0;0;125;0;42;0;
16263;7310840;1184784384;22138880;1384910848;0;0;0;0;0;0;0;0;0;0;0;6162;0;0;125;0;42;0;
16264;6382800;1184784384;22138880;1384910848;0;0;0;0;0;0;0;0;0;0;0;3346;0;0;125;0;42;0;
16265;7923519;1184784384;22138880;1384910848;0;0;0;0;0;0;0;0;0;0;0;7664;0;0;125;0;42;0;
16266;5552292;1184784384;22138880;1384910848;0;0;0;0;0;0;0;0;0;0;0;3987;0;0;125;0;42;0;
16267;7211765;1184784384;22138880;1384910848;0;0;0;0;0;0;0;0;0;0;0;7313;0;0;125;0;42;0;
16268;6074381;1184784384;22138880;1384910848;0;0;0;0;0;0;0;0;0;0;0;4489;0;0;125;0;42;0;
16269;5909583;1184784384;22138880;1384910848;0;0;0;0;0;0;0;0;0;0;0;6603;0;0;125;0;42;0;
16270;5448498;1184784384;22138880;1384910848;0;0;0;0;0;0;0;0;0;0;0;3476;0;0;125;0;42;0;
16271;6687001;1184784384;22138880;1384910848;0;0;0;0;0;0;0;0;0;0;0;6422;0;0;125;0;42;0;
16272;5965357;1184784384;22138880;1384910848;0;0;0;0;0;0;0;0;0;0;0;3967;0;0;125;0;42;0;
16273;5602416;1184784384;22138880;1384910848;0;0;0;0;0;0;0;0;0;0;0;6653;0;0;125;0;42;0;
16274;5220591;1184784384;22138880;1384910848;0;0;0;0;0;0;0;0;0;0;0;3487;0;0;125;0;42;0;
16275;4915368;1184784384;22138880;1384910848;0;0;0;0;0;0;0;0;0;0;0;3837;0;0;125;0;42;0;
16276;6057720;1184784384;22138880;1384910848;0;0;0;0;0;0;0;0;0;0;0;4418;0;0;125;0;42;0;
16277;5975506;1184784384;22138880;1384910848;0;0;0;0;0;0;0;0;0;0;0;5390;0;0;125;0;42;0;
16278;6931960;1184784384;22138880;1384910848;0;0;0;0;0;0;0;0;0;0;0;2825;0;0;125;0;42;0;
16279;4932370;1184784384;22138880;1384910848;0;0;0;0;0;0;0;0;0;0;0;2494;0;0;125;0;42;0;
16280;5139168;1184784384;22138880;1384910848;0;0;0;0;0;0;0;0;0;0;0;2425;0;0;125;0;42;0;
16281;4418356;1184784384;22138880;1384910848;0;0;0;0;0;0;0;0;0;0;0;3627;0;0;125;0;42;0;
16282;4718099;1184784384;22138880;1384910848;0;0;0;0;0;0;0;0;0;0;0;2525;0;0;125;0;42;0;
16283;3630048;1184784384;22138880;1384910848;0;0;0;0;0;0;0;0;0;0;0;3897;0;0;125;0;42;0;
16284;4633750;1184784384;22138880;1384910848;0;0;0;0;0;0;0;0;0;0;0;2454;0;0;125;0;42;0;
16285;4221286;1184784384;22138880;1384910848;0;0;0;0;0;0;0;0;0;0;0;3386;0;0;125;0;42;0;
16286;4587844;1184784384;22138880;1384910848;0;0;0;0;0;0;0;0;0;0;0;1934;0;0;125;0;42;0;
16287;5170567;1184784384;22138880;1384910848;0;0;0;0;0;0;0;0;0;0;0;2996;0;0;125;0;42;0;
16288;5386562;1184784384;22138880;1384910848;0;0;0;0;0;0;0;0;0;0;0;2294;0;0;125;0;42;0;
16289;4940636;1184784384;22138880;1384910848;0;0;0;0;0;0;0;0;0;0;0;6743;0;0;125;0;42;0;
16290;6413568;1184784384;22138880;1384910848;0;0;0;0;0;0;0;0;0;0;0;4458;0;0;125;0;42;0;
16291;6739859;1184784384;22138880;1384910848;0;0;0;0;0;0;0;0;0;0;0;6422;0;0;125;0;42;0;
16292;5619990;1184784384;22138880;1384910848;0;0;0;0;0;0;0;0;0;0;0;3747;0;0;125;0;42;0;
16293;5918910;1184784384;22138880;1384910848;0;0;0;0;0;0;0;0;0;0;0;4007;0;0;125;0;42;0;
16294;5386642;1184784384;22138880;1384910848;0;0;0;0;0;0;0;0;0;0;0;2485;0;0;125;0;42;0;
16295;4461497;1184784384;22138880;1384910848;0;0;0;0;0;0;0;0;0;0;0;3636;0;0;125;0;42;0;
16296;4658717;1184784384;22138880;1384910848;0;0;0;0;0;0;0;0;0;0;0;1974;0;0;125;0;42;0;
16297;3967671;1184784384;22138880;1384910848;0;0;0;0;0;0;0;0;0;0;0;3085;0;0;125;0;42;0;
16298;4638028;1184784384;22138880;1384910848;0;0;0;0;0;0;0;0;0;0;0;1914;0;0;125;0;42;0;
16299;3686183;1184784384;22138880;1384910848;0;0;0;0;0;0;0;0;0;0;0;2695;0;0;125;0;42;0;
16300;4498236;1184784384;22138880;1384910848;0;0;0;0;0;0;0;0;0;0;0;2435;0;0;125;0;42;0;
16301;4872839;1184784384;22138880;1384910848;0;0;0;0;0;0;0;0;0;0;0;3346;0;0;125;0;42;0;
16302;4688152;1184784384;22138880;1384910848;0;0;0;0;0;0;0;0;0;0;0;2425;0;0;125;0;42;0;
16303;5509612;1184784384;22138880;1384910848;0;0;0;0;0;0;0;0;0;0;0;6683;0;0;125;0;42;0;
16304;6068190;1184784384;22138880;1384910848;0;0;0;0;0;0;0;0;0;0;0;3667;0;0;125;0;42;0;
16305;7085749;1184784384;22138880;1384910848;0;0;0;0;0;0;0;0;0;0;0;8126;0;0;125;0;42;0;
16306;6217219;1184784384;22138880;1384910848;0;0;0;0;0;0;0;0;0;0;0;2946;0;0;125;0;42;0;
16307;6675058;1184784384;22138880;1384910848;0;0;0;0;0;0;0;0;0;0;0;7294;0;0;125;0;42;0;
16308;5918159;1184784384;22138880;1384910848;0;0;0;0;0;0;0;0;0;0;0;4198;0;0;125;0;42;0;
16309;7241170;1184784384;22138880;1384910848;0;0;0;0;0;0;0;0;0;0;0;7574;0;0;125;0;42;0;
16310;5779369;1184784384;22138880;1384910848;0;0;0;0;0;0;0;0;0;0;0;3417;0;0;125;0;42;0;
16311;5733121;1184784384;22138880;1384910848;0;0;0;0;0;0;0;0;0;0;0;7043;0;0;125;0;42;0;
16312;5296764;1184784384;22138880;1384910848;0;0;0;0;0;0;0;0;0;0;0;3687;0;0;125;0;42;0;
16313;7216734;1184784384;22138880;1384910848;0;0;0;0;0;0;0;0;0;0;0;7614;0;0;125;0;42;0;
16314;5619909;1184784384;22138880;1384910848;0;0;0;0;0;0;0;0;0;0;0;2445;0;0;125;0;42;0;
16315;7317704;1184784384;22138880;1384910848;0;0;0;0;0;0;0;0;0;0;0;7374;0;0;125;0;42;0;
16316;5436205;1184784384;22138880;1384910848;0;0;0;0;0;0;0;0;0;0;0;3737;0;0;125;0;42;0;
16317;7837288;1184784384;22138880;1384910848;0;0;0;0;0;0;0;0;0;0;0;7374;0;0;125;0;42;0;
16318;5750414;1184784384;22138880;1384910848;0;0;0;0;0;0;0;0;0;0;0;4037;0;0;125;0;42;0;
16319;4725462;1184784384;22138880;1384910848;0;0;0;0;0;0;0;0;0;0;0;4037;0;0;125;0;42;0;
16320;5363879;1184784384;22138880;1384910848;0;0;0;0;0;0;0;0;0;0;0;2905;0;0;125;0;42;0;
16321;4092946;1184784384;22138880;1384910848;0;0;0;0;0;0;0;0;0;0;0;4398;0;0;125;0;42;0;
16322;4822715;1184784384;22138880;1384910848;0;0;0;0;0;0;0;0;0;0;0;3136;0;0;125;0;42;0;
16323;4164119;1184784384;22138880;1384910848;0;0;0;0;0;0;0;0;0;0;0;4348;0;0;125;0;42;0;
16324;5519541;1184784384;22138880;1384910848;0;0;0;0;0;0;0;0;0;0;0;3135;0;0;125;0;42;0;
16325;4246334;1184784384;22138880;1384910848;0;0;0;0;0;0;0;0;0;0;0;4398;0;0;125;0;42;0;
16326;5056182;1184784384;22138880;1384910848;0;0;0;0;0;0;0;0;0;0;0;3827;0;0;125;0;42;0;
16327;4462940;1184784384;22138880;1384910848;0;0;0;0;0;0;0;0;0;0;0;4268;0;0;125;0;42;0;
16328;5010577;1184784384;22138880;1384910848;0;0;0;0;0;0;0;0;0;0;0;3166;0;0;125;0;42;0;
16329;4114667;1184784384;22138880;1384910848;0;0;0;0;0;0;0;0;0;0;0;67426;0;0;125;0;42;0;
16330;5467543;1184784384;22138880;1384910848;0;0;0;0;0;0;0;0;0;0;0;2696;0;0;125;0;42;0;
16331;5056032;1184784384;22138880;1384910848;0;0;0;0;0;0;0;0;0;0;0;3928;0;0;125;0;42;0;
16332;4978316;1184784384;22138880;1384910848;0;0;0;0;0;0;0;0;0;0;0;3426;0;0;125;0;42;0;
16333;4269947;1184784384;22138880;1384910848;0;0;0;0;0;0;0;0;0;0;0;3908;0;0;125;0;42;0;
16334;5119150;1184784384;22138880;1384910848;0;0;0;0;0;0;0;0;0;0;0;3827;0;0;125;0;42;0;
16335;4564911;1184784384;22147072;1384919040;0;0;0;0;0;0;0;0;0;0;0;3767;0;0;125;0;42;0;
16336;5175726;1184784384;22147072;1384919040;0;0;0;0;0;0;0;0;0;0;0;3045;0;0;125;0;42;0;
16337;4851869;1184784384;22147072;1384919040;0;0;0;0;0;0;0;0;0;0;0;3767;0;0;125;0;42;0;
16338;4936388;1184784384;22147072;1384919040;0;0;0;0;0;0;0;0;0;0;0;2945;0;0;125;0;42;0;
16339;5888493;1184784384;22147072;1384919040;0;0;0;0;0;0;0;0;0;0;0;6682;0;0;125;0;42;0;
16340;5196074;1184784384;22147072;1384919040;0;0;0;0;0;0;0;0;0;0;0;3627;0;0;125;0;42;0;
16341;5663451;1184784384;22138880;1384910848;0;0;0;0;0;0;0;0;0;0;0;6743;0;0;125;0;42;0;
16342;5355964;1184784384;22138880;1384910848;0;0;0;0;0;0;0;0;0;0;0;3396;0;0;125;0;42;0;
16343;5457164;1184784384;22138880;1384910848;0;0;0;0;0;0;0;0;0;0;0;4378;0;0;125;0;42;0;
16344;5550740;1184784384;22138880;1384910848;0;0;0;0;0;0;0;0;0;0;0;3126;0;0;125;0;42;0;
16345;4281820;1184784384;22138880;1384910848;0;0;0;0;0;0;0;0;0;0;0;4127;0;0;125;0;42;0;
16346;5659774;1184784384;22138880;1384910848;0;0;0;0;0;0;0;0;0;0;0;3156;0;0;125;0;42;0;
16347;4529314;1184784384;22138880;1384910848;0;0;0;0;0;0;0;0;0;0;0;3606;0;0;125;0;42;0;
16348;5612505;1184784384;22138880;1384910848;0;0;0;0;0;0;0;0;0;0;0;3176;0;0;125;0;42;0;
16349;4394812;1184784384;22138880;1384910848;0;0;0;0;0;0;0;0;0;0;0;4398;0;0;125;0;42;0;
16350;4938030;1184784384;22138880;1384910848;0;0;0;0;0;0;0;0;0;0;0;2494;0;0;125;0;42;0;
16351;4205036;1184784384;22138880;1384910848;0;0;0;0;0;0;0;0;0;0;0;4018;0;0;125;0;42;0;
16352;5098602;1184784384;22138880;1384910848;0;0;0;0;0;0;0;0;0;0;0;2905;0;0;125;0;42;0;
16353;4351851;1184784384;22138880;1384910848;0;0;0;0;0;0;0;0;0;0;0;4939;0;0;125;0;42;0;
16354;6024919;1184784384;22138880;1384910848;0;0;0;0;0;0;0;0;0;0;0;4037;0;0;125;0;42;0;
16355;5408012;1184784384;22138880;1384910848;0;0;0;0;0;0;0;0;0;0;0;4428;0;0;125;0;42;0;
16356;6078709;1184784384;22138880;1384910848;0;0;0;0;0;0;0;0;0;0;0;4218;0;0;125;0;42;0;
16357;4628500;1184784384;22138880;1384910848;0;0;0;0;0;0;0;0;0;0;0;3307;0;0;125;0;42;0;
16358;5579514;1184784384;22138880;1384910848;0;0;0;0;0;0;0;0;0;0;0;3406;0;0;125;0;42;0;
16359;4370516;1184784384;22138880;1384910848;0;0;0;0;0;0;0;0;0;0;0;3908;0;0;125;0;42;0;
16360;5331498;1184784384;22138880;1384910848;0;0;0;0;0;0;0;0;0;0;0;3577;0;0;125;0;42;0;
16361;5454459;1184784384;22138880;1384910848;0;0;0;0;0;0;0;0;0;0;0;4368;0;0;125;0;42;0;
16362;6036100;1184784384;22138880;1384910848;0;0;0;0;0;0;0;0;0;0;0;3417;0;0;125;0;42;0;
16363;5329616;1184784384;22138880;1384910848;0;0;0;0;0;0;0;0;0;0;0;6342;0;0;125;0;42;0;
16364;5940841;1184784384;22138880;1384910848;0;0;0;0;0;0;0;0;0;0;0;6062;0;0;125;0;42;0;
16365;5165427;1184784384;22138880;1384910848;0;0;0;0;0;0;0;0;0;0;0;6452;0;0;125;0;42;0;
16366;5960708;1184784384;22138880;1384910848;0;0;0;0;0;0;0;0;0;0;0;5902;0;0;125;0;42;0;
16367;4561905;1184784384;22138880;1384910848;0;0;0;0;0;0;0;0;0;0;0;4939;0;0;125;0;42;0;
16368;5840774;1184784384;22138880;1384910848;0;0;0;0;0;0;0;0;0;0;0;4238;0;0;125;0;42;0;
16369;5031796;1184784384;22138880;1384910848;0;0;0;0;0;0;0;0;0;0;0;3937;0;0;125;0;42;0;
16370;5398073;1184784384;22138880;1384910848;0;0;0;0;0;0;0;0;0;0;0;3516;0;0;125;0;42;0;
16371;4142349;1184784384;22138880;1384910848;0;0;0;0;0;0;0;0;0;0;0;4098;0;0;125;0;42;0;
16372;5585705;1184784384;22138880;1384910848;0;0;0;0;0;0;0;0;0;0;0;3056;0;0;125;0;42;0;
16373;4769695;1184784384;22138880;1384910848;0;0;0;0;0;0;0;0;0;0;0;4408;0;0;125;0;42;0;
16374;5309357;1184784384;22138880;1384910848;0;0;0;0;0;0;0;0;0;0;0;3015;0;0;125;0;42;0;
16375;4796335;1184784384;22138880;1384910848;0;0;0;0;0;0;0;0;0;0;0;4017;0;0;125;0;42;0;
16376;6090703;1184784384;22138880;1384910848;0;0;0;0;0;0;0;0;0;0;0;3887;0;0;125;0;42;0;
16377;6170422;1184784384;22138880;1384910848;0;0;0;0;0;0;0;0;0;0;0;4318;0;0;125;0;42;0;
16378;4986351;1184784384;22138880;1384910848;0;0;0;0;0;0;0;0;0;0;0;2765;0;0;125;0;42;0;
16379;4160683;1184784384;22138880;1384910848;0;0;0;0;0;0;0;0;0;0;0;4118;0;0;125;0;42;0;
16380;5170757;1184784384;22138880;1384910848;0;0;0;0;0;0;0;0;0;0;0;3657;0;0;125;0;42;0;
16381;3543285;1184784384;22138880;1384910848;0;0;0;0;0;0;0;0;0;0;0;4088;0;0;125;0;42;0;
16382;8407717;1184784384;22138880;1384910848;0;0;0;0;0;0;0;0;0;0;0;3376;0;0;125;0;42;0;
16383;6869353;1184784384;22138880;1384910848;0;0;0;0;0;0;0;0;0;0;0;3266;0;0;125;0;42;0;
16384;5266336;1184784384;22138880;1384910848;0;0;0;0;0;0;0;0;0;0;0;4068;0;0;125;0;42;0;
16385;4878489;1184784384;22138880;1384910848;0;0;0;0;0;0;0;0;0;0;0;6101;0;0;125;0;42;0;
16386;5584243;1184784384;22138880;1384910848;0;0;0;0;0;0;0;0;0;0;0;4919;0;0;125;0;42;0;
16387;5499153;1184784384;22138880;1384910848;0;0;0;0;0;0;0;0;0;0;0;6222;0;0;125;0;42;0;
16388;6086816;1184784384;22138880;1384910848;0;0;0;0;0;0;0;0;0;0;0;4769;0;0;125;0;42;0;
16389;6798260;1184784384;22138880;1384910848;0;0;0;0;0;0;0;0;0;0;0;5962;0;0;125;0;42;0;
16390;5548856;1184784384;22138880;1384910848;0;0;0;0;0;0;0;0;0;0;0;3206;0;0;125;0;42;0;
16391;8664109;1184784384;22138880;1384910848;0;0;0;0;0;0;0;0;0;0;0;5310;0;0;125;0;42;0;
16392;5746507;1184784384;22138880;1384910848;0;0;0;0;0;0;0;0;0;0;0;6091;0;0;125;0;42;0;
16393;6907234;1184784384;22138880;1384910848;0;0;0;0;0;0;0;0;0;0;0;6362;0;0;125;0;42;0;
16394;6273375;1184784384;22138880;1384910848;0;0;0;0;0;0;0;0;0;0;0;12995;0;0;125;0;42;0;
16395;5835203;1184784384;22138880;1384910848;0;0;0;0;0;0;0;0;0;0;0;5781;0;0;125;0;42;0;
16396;5239556;1184784384;22138880;1384910848;0;0;0;0;0;0;0;0;0;0;0;4227;0;0;125;0;42;0;
16397;5723283;1184784384;22138880;1384910848;0;0;0;0;0;0;0;0;0;0;0;5851;0;0;125;0;42;0;
16398;5191456;1184784384;22138880;1384910848;0;0;0;0;0;0;0;0;0;0;0;3667;0;0;125;0;42;0;
16399;5776232;1184784384;22138880;1384910848;0;0;0;0;0;0;0;0;0;0;0;6252;0;0;125;0;42;0;
16400;4992102;1184784384;22138880;1384910848;0;0;0;0;0;0;0;0;0;0;0;3667;0;0;125;0;42;0;
16401;5480919;1184784384;22138880;1384910848;0;0;0;0;0;0;0;0;0;0;0;6312;0;0;125;0;42;0;
16402;5186226;1184784384;22138880;1384910848;0;0;0;0;0;0;0;0;0;0;0;3217;0;0;125;0;42;0;
16403;5820325;1184784384;22138880;1384910848;0;0;0;0;0;0;0;0;0;0;0;5600;0;0;125;0;42;0;
16404;5361535;1184784384;22138880;1384910848;0;0;0;0;0;0;0;0;0;0;0;2915;0;0;125;0;42;0;
16405;5793445;1184784384;22138880;1384910848;0;0;0;0;0;0;0;0;0;0;0;6061;0;0;125;0;42;0;
16406;5037777;1184784384;22138880;1384910848;0;0;0;0;0;0;0;0;0;0;0;3105;0;0;125;0;42;0;
16407;5428601;1184784384;22138880;1384910848;0;0;0;0;0;0;0;0;0;0;0;6903;0;0;125;0;42;0;
16408;5732561;1184784384;22138880;1384910848;0;0;0;0;0;0;0;0;0;0;0;4569;0;0;125;0;42;0;
16409;7632694;1184784384;22138880;1384910848;0;0;0;0;0;0;0;0;0;0;0;6762;0;0;125;0;42;0;
16410;5708245;1184784384;22138880;1384910848;0;0;0;0;0;0;0;0;0;0;0;3907;0;0;125;0;42;0;
16411;5946141;1184784384;22138880;1384910848;0;0;0;0;0;0;0;0;0;0;0;6212;0;0;125;0;42;0;
16412;6186803;1184784384;22138880;1384910848;0;0;0;0;0;0;0;0;0;0;0;4058;0;0;125;0;42;0;
16413;7536834;1184784384;22138880;1384910848;0;0;0;0;0;0;0;0;0;0;0;6282;0;0;125;0;42;0;
16414;5493632;1184784384;22138880;1384910848;0;0;0;0;0;0;0;0;0;0;0;3407;0;0;125;0;42;0;
16415;5458306;1184784384;22138880;1384910848;0;0;0;0;0;0;0;0;0;0;0;6352;0;0;125;0;42;0;
16416;5888713;1184784384;22138880;1384910848;0;0;0;0;0;0;0;0;0;0;0;3647;0;0;125;0;42;0;
16417;4695155;1184784384;22138880;1384910848;0;0;0;0;0;0;0;0;0;0;0;6322;0;0;125;0;42;0;
16418;5093552;1184784384;22138880;1384910848;0;0;0;0;0;0;0;0;0;0;0;3377;0;0;125;0;42;0;
16419;5325207;1184784384;22138880;1384910848;0;0;0;0;0;0;0;0;0;0;0;5691;0;0;125;0;42;0;
16420;5121765;1184784384;22138880;1384910848;0;0;0;0;0;0;0;0;0;0;0;5280;0;0;125;0;42;0;
16421;5697044;1184784384;22138880;1384910848;0;0;0;0;0;0;0;0;0;0;0;5740;0;0;125;0;42;0;
16422;5373147;1184784384;22138880;1384910848;0;0;0;0;0;0;0;0;0;0;0;4137;0;0;125;0;42;0;
16423;6702249;1184784384;22138880;1384910848;0;0;0;0;0;0;0;0;0;0;0;6502;0;0;125;0;42;0;
16424;6133052;1184784384;22138880;1384910848;0;0;0;0;0;0;0;0;0;0;0;5480;0;0;125;0;42;0;
16425;6699905;1184784384;22138880;1384910848;0;0;0;0;0;0;0;0;0;0;0;7134;0;0;125;0;42;0;
16426;6662985;1184784384;22138880;1384910848;0;0;0;0;0;0;0;0;0;0;0;5821;0;0;125;0;42;0;
16427;5915775;1184784384;22138880;1384910848;0;0;0;0;0;0;0;0;0;0;0;6472;0;0;125;0;42;0;
16428;5184002;1184784384;22138880;1384910848;0;0;0;0;0;0;0;0;0;0;0;6392;0;0;125;0;42;0;
16429;6038625;1184784384;22138880;1384910848;0;0;0;0;0;0;0;0;0;0;0;6201;0;0;125;0;42;0;
16430;5903692;1184784384;22138880;1384910848;0;0;0;0;0;0;0;0;0;0;0;5771;0;0;125;0;42;0;
16431;5502639;1184784384;22138880;1384910848;0;0;0;0;0;0;0;0;0;0;0;5901;0;0;125;0;42;0;
16432;6552919;1184784384;22138880;1384910848;0;0;0;0;0;0;0;0;0;0;0;5881;0;0;125;0;42;0;
16433;5798685;1184784384;22138880;1384910848;0;0;0;0;0;0;0;0;0;0;0;5871;0;0;125;0;42;0;
16434;5940681;1184784384;22138880;1384910848;0;0;0;0;0;0;0;0;0;0;0;5120;0;0;125;0;42;0;
16435;6216849;1184784384;22138880;1384910848;0;0;0;0;0;0;0;0;0;0;0;5951;0;0;125;0;42;0;
16436;5789197;1184784384;22138880;1384910848;0;0;0;0;0;0;0;0;0;0;0;5761;0;0;125;0;42;0;
16437;5583601;1184784384;22138880;1384910848;0;0;0;0;0;0;0;0;0;0;0;5861;0;0;125;0;42;0;
16438;6690106;1184784384;22138880;1384910848;0;0;0;0;0;0;0;0;0;0;0;4328;0;0;125;0;42;0;
16439;6160593;1184784384;22138880;1384910848;0;0;0;0;0;0;0;0;0;0;0;6412;0;0;125;0;42;0;
16440;5574184;1184784384;22138880;1384910848;0;0;0;0;0;0;0;0;0;0;0;4208;0;0;125;0;42;0;
16441;6185621;1184784384;22138880;1384910848;0;0;0;0;0;0;0;0;0;0;0;6783;0;0;125;0;42;0;
16442;5516346;1184784384;22138880;1384910848;0;0;0;0;0;0;0;0;0;0;0;3366;0;0;125;0;42;0;
16443;6412817;1184784384;22138880;1384910848;0;0;0;0;0;0;0;0;0;0;0;5901;0;0;125;0;42;0;
16444;5801090;1184784384;22138880;1384910848;0;0;0;0;0;0;0;0;0;0;0;3457;0;0;125;0;42;0;
16445;5452285;1184784384;22138880;1384910848;0;0;0;0;0;0;0;0;0;0;0;6261;0;0;125;0;42;0;
16446;5860120;1184784384;22138880;1384910848;0;0;0;0;0;0;0;0;0;0;0;5009;0;0;125;0;42;0;
16447;4641144;1184784384;22138880;1384910848;0;0;0;0;0;0;0;0;0;0;0;4659;0;0;125;0;42;0;
16448;5799306;1184784384;22138880;1384910848;0;0;0;0;0;0;0;0;0;0;0;4008;0;0;125;0;42;0;
16449;5029311;1184784384;22138880;1384910848;0;0;0;0;0;0;0;0;0;0;0;6001;0;0;125;0;42;0;
16450;5091308;1184784384;22138880;1384910848;0;0;0;0;0;0;0;0;0;0;0;3386;0;0;125;0;42;0;
16451;5055692;1184784384;22138880;1384910848;0;0;0;0;0;0;0;0;0;0;0;6211;0;0;125;0;42;0;
16452;5366945;1184784384;22138880;1384910848;0;0;0;0;0;0;0;0;0;0;0;3747;0;0;125;0;42;0;
16453;7968264;1184784384;22138880;1384910848;0;0;0;0;0;0;0;0;0;0;0;6673;0;0;125;0;42;0;
16454;5253542;1184784384;22138880;1384910848;0;0;0;0;0;0;0;0;0;0;0;3237;0;0;125;0;42;0;
16455;5537034;1184784384;22138880;1384910848;0;0;0;0;0;0;0;0;0;0;0;5881;0;0;125;0;42;0;
16456;5116466;1184784384;22138880;1384910848;0;0;0;0;0;0;0;0;0;0;0;2875;0;0;125;0;42;0;
16457;5334364;1184784384;22138880;1384910848;0;0;0;0;0;0;0;0;0;0;0;6151;0;0;125;0;42;0;
16458;5616172;1184784384;22138880;1384910848;0;0;0;0;0;0;0;0;0;0;0;3857;0;0;125;0;42;0;
16459;5364981;1184784384;22138880;1384910848;0;0;0;0;0;0;0;0;0;0;0;5530;0;0;125;0;42;0;
16460;5778937;1184784384;22138880;1384910848;0;0;0;0;0;0;0;0;0;0;0;5370;0;0;125;0;42;0;
16461;5423561;1184784384;22138880;1384910848;0;0;0;0;0;0;0;0;0;0;0;6803;0;0;125;0;42;0;
16462;5948736;1184784384;22138880;1384910848;0;0;0;0;0;0;0;0;0;0;0;5190;0;0;125;0;42;0;
16463;5221522;1184784384;22138880;1384910848;0;0;0;0;0;0;0;0;0;0;0;5130;0;0;125;0;42;0;
16464;5773628;1184784384;22138880;1384910848;0;0;0;0;0;0;0;0;0;0;0;3436;0;0;125;0;42;0;
16465;5915474;1184784384;22138880;1384910848;0;0;0;0;0;0;0;0;0;0;0;6693;0;0;125;0;42;0;
16466;5245217;1184784384;22138880;1384910848;0;0;0;0;0;0;0;0;0;0;0;3507;0;0;125;0;42;0;
16467;4753284;1184784384;22138880;1384910848;0;0;0;0;0;0;0;0;0;0;0;3406;0;0;125;0;42;0;
16468;5295551;1184784384;22138880;1384910848;0;0;0;0;0;0;0;0;0;0;0;2735;0;0;125;0;42;0;
16469;3909792;1184784384;22138880;1384910848;0;0;0;0;0;0;0;0;0;0;0;4027;0;0;125;0;42;0;
16470;5753920;1184784384;22138880;1384910848;0;0;0;0;0;0;0;0;0;0;0;2725;0;0;125;0;42;0;
16471;4162646;1184784384;22138880;1384910848;0;0;0;0;0;0;0;0;0;0;0;3467;0;0;125;0;42;0;
16472;5569245;1184784384;22138880;1384910848;0;0;0;0;0;0;0;0;0;0;0;3105;0;0;125;0;42;0;
16473;3823080;1184784384;22138880;1384910848;0;0;0;0;0;0;0;0;0;0;0;3496;0;0;125;0;42;0;
16474;6094970;1184784384;22138880;1384910848;0;0;0;0;0;0;0;0;0;0;0;2655;0;0;125;0;42;0;
16475;3739483;1184784384;22138880;1384910848;0;0;0;0;0;0;0;0;0;0;0;3095;0;0;125;0;42;0;
16476;4841930;1184784384;22138880;1384910848;0;0;0;0;0;0;0;0;0;0;0;3046;0;0;125;0;42;0;
16477;4756821;1184784384;22138880;1384910848;0;0;0;0;0;0;0;0;0;0;0;3377;0;0;125;0;42;0;
16478;5228626;1184784384;22138880;1384910848;0;0;0;0;0;0;0;0;0;0;0;2545;0;0;125;0;42;0;
16479;3300089;1184784384;22138880;1384910848;0;0;0;0;0;0;0;0;0;0;0;3226;0;0;125;0;42;0;
16480;4871415;1184784384;22138880;1384910848;0;0;0;0;0;0;0;0;0;0;0;2985;0;0;125;0;42;0;
16481;3562230;1184784384;22138880;1384910848;0;0;0;0;0;0;0;0;0;0;0;3006;0;0;125;0;42;0;
16482;5076992;1184784384;22138880;1384910848;0;0;0;0;0;0;0;0;0;0;0;2405;0;0;125;0;42;0;
16483;3352497;1184784384;22138880;1384910848;0;0;0;0;0;0;0;0;0;0;0;2935;0;0;125;0;42;0;
16484;4868020;1184784384;22138880;1384910848;0;0;0;0;0;0;0;0;0;0;0;3276;0;0;125;0;42;0;
16485;3523678;1184784384;22138880;1384910848;0;0;0;0;0;0;0;0;0;0;0;3356;0;0;125;0;42;0;
16486;4901101;1184784384;22138880;1384910848;0;0;0;0;0;0;0;0;0;0;0;2595;0;0;125;0;42;0;
16487;2985359;1184784384;22138880;1384910848;0;0;0;0;0;0;0;0;0;0;0;2795;0;0;125;0;42;0;
16488;4615837;1184784384;22138880;1384910848;0;0;0;0;0;0;0;0;0;0;0;2836;0;0;125;0;42;0;
16489;5017139;1184784384;22138880;1384910848;0;0;0;0;0;0;0;0;0;0;0;3516;0;0;125;0;42;0;
16490;5032708;1184784384;22138880;1384910848;0;0;0;0;0;0;0;0;0;0;0;2675;0;0;125;0;42;0;
16491;4119586;1184784384;22138880;1384910848;0;0;0;0;0;0;0;0;0;0;0;3366;0;0;125;0;42;0;
16492;4881144;1184784384;22138880;1384910848;0;0;0;0;0;0;0;0;0;0;0;2324;0;0;125;0;42;0;
16493;4934744;1184784384;22138880;1384910848;0;0;0;0;0;0;0;0;0;0;0;3637;0;0;125;0;42;0;
16494;5253321;1184784384;22138880;1384910848;0;0;0;0;0;0;0;0;0;0;0;3066;0;0;125;0;42;0;
16495;5087641;1184784384;22138880;1384910848;0;0;0;0;0;0;0;0;0;0;0;3487;0;0;125;0;42;0;
16496;5087571;1184784384;22138880;1384910848;0;0;0;0;0;0;0;0;0;0;0;2965;0;0;125;0;42;0;
16497;3687335;1184784384;22138880;1384910848;0;0;0;0;0;0;0;0;0;0;0;3246;0;0;125;0;42;0;
16498;4674587;1184784384;22138880;1384910848;0;0;0;0;0;0;0;0;0;0;0;2985;0;0;125;0;42;0;
16499;3661407;1184784384;22138880;1384910848;0;0;0;0;0;0;0;0;0;0;0;2985;0;0;125;0;42;0;
16500;5293698;1184784384;22138880;1384910848;0;0;0;0;0;0;0;0;0;0;0;3206;0;0;125;0;42;0;
16501;3111185;1184784384;22138880;1384910848;0;0;0;0;0;0;0;0;0;0;0;2725;0;0;125;0;42;0;
16502;4490361;1184784384;22138880;1384910848;0;0;0;0;0;0;0;0;0;0;0;2505;0;0;125;0;42;0;
16503;3189582;1184784384;22138880;1384910848;0;0;0;0;0;0;0;0;0;0;0;3106;0;0;125;0;42;0;
16504;5286524;1184784384;22138880;1384910848;0;0;0;0;0;0;0;0;0;0;0;3045;0;0;125;0;42;0;
16505;3056181;1184784384;22138880;1384910848;0;0;0;0;0;0;0;0;0;0;0;2635;0;0;125;0;42;0;
16506;4475013;1184784384;22138880;1384910848;0;0;0;0;0;0;0;0;0;0;0;2304;0;0;125;0;42;0;
16507;2995408;1184784384;22138880;1384910848;0;0;0;0;0;0;0;0;0;0;0;2484;0;0;125;0;42;0;
16508;4741662;1184784384;22138880;1384910848;0;0;0;0;0;0;0;0;0;0;0;2685;0;0;125;0;42;0;
16509;3433689;1184784384;22138880;1384910848;0;0;0;0;0;0;0;0;0;0;0;2945;0;0;125;0;42;0;
16510;4681360;1184784384;22138880;1384910848;0;0;0;0;0;0;0;0;0;0;0;2304;0;0;125;0;42;0;
16511;3128547;1184784384;22138880;1384910848;0;0;0;0;0;0;0;0;0;0;0;2675;0;0;125;0;42;0;
16512;4961625;1184784384;22138880;1384910848;0;0;0;0;0;0;0;0;0;0;0;2475;0;0;125;0;42;0;
16513;3467343;1184784384;22138880;1384910848;0;0;0;0;0;0;0;0;0;0;0;3136;0;0;125;0;42;0;
16514;5022129;1184784384;22138880;1384910848;0;0;0;0;0;0;0;0;0;0;0;9798;0;0;125;0;42;0;
16515;4177184;1184784384;22138880;1384910848;0;0;0;0;0;0;0;0;0;0;0;2816;0;0;125;0;42;0;
16516;5155950;1184784384;22138880;1384910848;0;0;0;0;0;0;0;0;0;0;0;3176;0;0;125;0;42;0;
16517;3396019;1184784384;22138880;1384910848;0;0;0;0;0;0;0;0;0;0;0;3136;0;0;125;0;42;0;
16518;4855727;1184784384;22138880;1384910848;0;0;0;0;0;0;0;0;0;0;0;3026;0;0;125;0;42;0;
16519;4333457;1184784384;22138880;1384910848;0;0;0;0;0;0;0;0;0;0;0;3947;0;0;125;0;42;0;
16520;5175847;1184784384;22138880;1384910848;0;0;0;0;0;0;0;0;0;0;0;3687;0;0;125;0;42;0;
16521;3983761;1184784384;22138880;1384910848;0;0;0;0;0;0;0;0;0;0;0;3888;0;0;125;0;42;0;
16522;4910059;1184784384;22138880;1384910848;0;0;0;0;0;0;0;0;0;0;0;2445;0;0;125;0;42;0;
16523;3162080;1184784384;22138880;1384910848;0;0;0;0;0;0;0;0;0;0;0;2805;0;0;125;0;42;0;
16524;5164465;1184784384;22138880;1384910848;0;0;0;0;0;0;0;0;0;0;0;3226;0;0;125;0;42;0;
16525;3547152;1184784384;22138880;1384910848;0;0;0;0;0;0;0;0;0;0;0;3366;0;0;125;0;42;0;
16526;4969079;1184784384;22138880;1384910848;0;0;0;0;0;0;0;0;0;0;0;3086;0;0;125;0;42;0;
16527;4096503;1184784384;22138880;1384910848;0;0;0;0;0;0;0;0;0;0;0;3246;0;0;125;0;42;0;
16528;5064478;1184784384;22138880;1384910848;0;0;0;0;0;0;0;0;0;0;0;2836;0;0;125;0;42;0;
16529;3776593;1184784384;22138880;1384910848;0;0;0;0;0;0;0;0;0;0;0;3016;0;0;125;0;42;0;
16530;5219679;1184784384;22138880;1384910848;0;0;0;0;0;0;0;0;0;0;0;2826;0;0;125;0;42;0;
16531;4285728;1184784384;22138880;1384910848;0;0;0;0;0;0;0;0;0;0;0;3286;0;0;125;0;42;0;
16532;4916941;1184784384;22138880;1384910848;0;0;0;0;0;0;0;0;0;0;0;3075;0;0;125;0;42;0;
16533;3287104;1184784384;22138880;1384910848;0;0;0;0;0;0;0;0;0;0;0;3396;0;0;125;0;42;0;
16534;5096518;1184784384;22138880;1384910848;0;0;0;0;0;0;0;0;0;0;0;2915;0;0;125;0;42;0;
16535;3522986;1184784384;22138880;1384910848;0;0;0;0;0;0;0;0;0;0;0;3186;0;0;125;0;42;0;
16536;4986481;1184784384;22138880;1384910848;0;0;0;0;0;0;0;0;0;0;0;2866;0;0;125;0;42;0;
16537;3578742;1184784384;22138880;1384910848;0;0;0;0;0;0;0;0;0;0;0;3085;0;0;125;0;42;0;
16538;5503922;1184784384;22138880;1384910848;0;0;0;0;0;0;0;0;0;0;0;2876;0;0;125;0;42;0;
16539;3855280;1184784384;22138880;1384910848;0;0;0;0;0;0;0;0;0;0;0;2915;0;0;125;0;42;0;
16540;4632558;1184784384;22138880;1384910848;0;0;0;0;0;0;0;0;0;0;0;2875;0;0;125;0;42;0;
16541;4092315;1184784384;22138880;1384910848;0;0;0;0;0;0;0;0;0;0;0;3286;0;0;125;0;42;0;
16542;5267969;1184784384;22138880;1384910848;0;0;0;0;0;0;0;0;0;0;0;2965;0;0;125;0;42;0;
16543;3443167;1184784384;22138880;1384910848;0;0;0;0;0;0;0;0;0;0;0;3437;0;0;125;0;42;0;
16544;5082763;1184784384;22138880;1384910848;0;0;0;0;0;0;0;0;0;0;0;3316;0;0;125;0;42;0;
16545;3942184;1184784384;22138880;1384910848;0;0;0;0;0;0;0;0;0;0;0;3857;0;0;125;0;42;0;
16546;5304348;1184784384;22138880;1384910848;0;0;0;0;0;0;0;0;0;0;0;2535;0;0;125;0;42;0;
16547;5039771;1184784384;22138880;1384910848;0;0;0;0;0;0;0;0;0;0;0;3156;0;0;125;0;42;0;
16548;5212726;1184784384;22138880;1384910848;0;0;0;0;0;0;0;0;0;0;0;3436;0;0;125;0;42;0;
16549;4118985;1184784384;22138880;1384910848;0;0;0;0;0;0;0;0;0;0;0;3287;0;0;125;0;42;0;
16550;5202406;1184784384;22138880;1384910848;0;0;0;0;0;0;0;0;0;0;0;2956;0;0;125;0;42;0;
16551;3522145;1184784384;22138880;1384910848;0;0;0;0;0;0;0;0;0;0;0;2836;0;0;125;0;42;0;
16552;4983887;1184784384;22138880;1384910848;0;0;0;0;0;0;0;0;0;0;0;2926;0;0;125;0;42;0;
16553;4322356;1184784384;22138880;1384910848;0;0;0;0;0;0;0;0;0;0;0;3106;0;0;125;0;42;0;
16554;4925818;1184784384;22138880;1384910848;0;0;0;0;0;0;0;0;0;0;0;2906;0;0;125;0;42;0;
16555;3522306;1184784384;22138880;1384910848;0;0;0;0;0;0;0;0;0;0;0;3015;0;0;125;0;42;0;
16556;5265545;1184784384;22138880;1384910848;0;0;0;0;0;0;0;0;0;0;0;3095;0;0;125;0;42;0;
16557;4178726;1184784384;22138880;1384910848;0;0;0;0;0;0;0;0;0;0;0;3276;0;0;125;0;42;0;
16558;4911912;1184784384;22138880;1384910848;0;0;0;0;0;0;0;0;0;0;0;2826;0;0;125;0;42;0;
16559;3513318;1184784384;22138880;1384910848;0;0;0;0;0;0;0;0;0;0;0;3096;0;0;125;0;42;0;
16560;4554371;1184784384;22138880;1384910848;0;0;0;0;0;0;0;0;0;0;0;2484;0;0;125;0;42;0;
16561;3333712;1184784384;22138880;1384910848;0;0;0;0;0;0;0;0;0;0;0;3076;0;0;125;0;42;0;
16562;4707328;1184784384;22138880;1384910848;0;0;0;0;0;0;0;0;0;0;0;3146;0;0;125;0;42;0;
16563;3711500;1184784384;22138880;1384910848;0;0;0;0;0;0;0;0;0;0;0;2976;0;0;125;0;42;0;
16564;5059809;1184784384;22138880;1384910848;0;0;0;0;0;0;0;0;0;0;0;3116;0;0;125;0;42;0;
16565;3938466;1184784384;22138880;1384910848;0;0;0;0;0;0;0;0;0;0;0;3326;0;0;125;0;42;0;
16566;5285612;1184784384;22138880;1384910848;0;0;0;0;0;0;0;0;0;0;0;3186;0;0;125;0;42;0;
16567;3609819;1184784384;22138880;1384910848;0;0;0;0;0;0;0;0;0;0;0;3286;0;0;125;0;42;0;
16568;5454880;1184784384;22138880;1384910848;0;0;0;0;0;0;0;0;0;0;0;3146;0;0;125;0;42;0;
16569;4058371;1184784384;22138880;1384910848;0;0;0;0;0;0;0;0;0;0;0;3607;0;0;125;0;42;0;
16570;4947799;1184784384;22138880;1384910848;0;0;0;0;0;0;0;0;0;0;0;2866;0;0;125;0;42;0;
16571;4608303;1184784384;22138880;1384910848;0;0;0;0;0;0;0;0;0;0;0;3426;0;0;125;0;42;0;
16572;5213377;1184784384;22138880;1384910848;0;0;0;0;0;0;0;0;0;0;0;3347;0;0;125;0;42;0;
16573;4421993;1184784384;22138880;1384910848;0;0;0;0;0;0;0;0;0;0;0;2965;0;0;125;0;42;0;
16574;4687921;1184784384;22138880;1384910848;0;0;0;0;0;0;0;0;0;0;0;3547;0;0;125;0;42;0;
16575;3956209;1184784384;22138880;1384910848;0;0;0;0;0;0;0;0;0;0;0;2615;0;0;125;0;42;0;
16576;4910068;1184784384;22138880;1384910848;0;0;0;0;0;0;0;0;0;0;0;3226;0;0;125;0;42;0;
16577;3684139;1184784384;22138880;1384910848;0;0;0;0;0;0;0;0;0;0;0;3105;0;0;125;0;42;0;
16578;4664267;1184784384;22138880;1384910848;0;0;0;0;0;0;0;0;0;0;0;3076;0;0;125;0;42;0;
16579;4218000;1184784384;22138880;1384910848;0;0;0;0;0;0;0;0;0;0;0;2916;0;0;125;0;42;0;
16580;6184178;1184784384;22138880;1384910848;0;0;0;0;0;0;0;0;0;0;0;2535;0;0;125;0;42;0;
16581;11394860;1184784384;22138880;1384910848;0;0;0;0;0;0;0;0;0;0;0;4108;0;0;125;0;42;0;
16582;5036004;1184784384;22138880;1384910848;0;0;0;0;0;0;0;0;0;0;0;3025;0;0;125;0;42;0;
16583;4358454;1184784384;22138880;1384910848;0;0;0;0;0;0;0;0;0;0;0;3476;0;0;125;0;42;0;
16584;4896883;1184784384;22138880;1384910848;0;0;0;0;0;0;0;0;0;0;0;3076;0;0;125;0;42;0;
16585;4637267;1184784384;22138880;1384910848;0;0;0;0;0;0;0;0;0;0;0;3577;0;0;125;0;42;0;
16586;5322191;1184784384;22138880;1384910848;0;0;0;0;0;0;0;0;0;0;0;3286;0;0;125;0;42;0;
16587;3771303;1184784384;22138880;1384910848;0;0;0;0;0;0;0;0;0;0;0;3547;0;0;125;0;42;0;
16588;5680373;1184784384;22138880;1384910848;0;0;0;0;0;0;0;0;0;0;0;3376;0;0;125;0;42;0;
16589;3851734;1184784384;22138880;1384910848;0;0;0;0;0;0;0;0;0;0;0;2845;0;0;125;0;42;0;
16590;4928764;1184784384;22138880;1384910848;0;0;0;0;0;0;0;0;0;0;0;2485;0;0;125;0;42;0;
16591;4103365;1184784384;22138880;1384910848;0;0;0;0;0;0;0;0;0;0;0;2865;0;0;125;0;42;0;
16592;4906080;1184784384;22138880;1384910848;0;0;0;0;0;0;0;0;0;0;0;2745;0;0;125;0;42;0;
16593;4575320;1184784384;22138880;1384910848;0;0;0;0;0;0;0;0;0;0;0;3436;0;0;125;0;42;0;
16594;5002451;1184784384;22138880;1384910848;0;0;0;0;0;0;0;0;0;0;0;2725;0;0;125;0;42;0;
16595;4771748;1184784384;22138880;1384910848;0;0;0;0;0;0;0;0;0;0;0;3647;0;0;125;0;42;0;
16596;4840368;1184784384;22138880;1384910848;0;0;0;0;0;0;0;0;0;0;0;3417;0;0;125;0;42;0;
16597;4197943;1184784384;22138880;1384910848;0;0;0;0;0;0;0;0;0;0;0;3947;0;0;125;0;42;0;
16598;5182970;1184784384;22138880;1384910848;0;0;0;0;0;0;0;0;0;0;0;2836;0;0;125;0;42;0;
16599;4492845;1184784384;22138880;1384910848;0;0;0;0;0;0;0;0;0;0;0;3347;0;0;125;0;42;0;
16600;4823075;1184784384;22138880;1384910848;0;0;0;0;0;0;0;0;0;0;0;3206;0;0;125;0;42;0;
16601;4242666;1184784384;22138880;1384910848;0;0;0;0;0;0;0;0;0;0;0;3526;0;0;125;0;42;0;
16602;4858983;1184784384;22138880;1384910848;0;0;0;0;0;0;0;0;0;0;0;3185;0;0;125;0;42;0;
16603;4574589;1184784384;22138880;1384910848;0;0;0;0;0;0;0;0;0;0;0;3657;0;0;125;0;42;0;
16604;4825330;1184784384;22138880;1384910848;0;0;0;0;0;0;0;0;0;0;0;3096;0;0;125;0;42;0;
16605;4200979;1184784384;22138880;1384910848;0;0;0;0;0;0;0;0;0;0;0;3547;0;0;125;0;42;0;
16606;5189482;1184784384;22138880;1384910848;0;0;0;0;0;0;0;0;0;0;0;2815;0;0;125;0;42;0;
16607;4143090;1184784384;22138880;1384910848;0;0;0;0;0;0;0;0;0;0;0;2886;0;0;125;0;42;0;
16608;5417289;1184784384;22138880;1384910848;0;0;0;0;0;0;0;0;0;0;0;2876;0;0;125;0;42;0;
16609;4171013;1184784384;22138880;1384910848;0;0;0;0;0;0;0;0;0;0;0;3967;0;0;125;0;42;0;
16610;5498662;1184784384;22138880;1384910848;0;0;0;0;0;0;0;0;0;0;0;3025;0;0;125;0;42;0;
16611;3957041;1184784384;22138880;1384910848;0;0;0;0;0;0;0;0;0;0;0;3537;0;0;125;0;42;0;
16612;4875614;1184784384;22138880;1384910848;0;0;0;0;0;0;0;0;0;0;0;2825;0;0;125;0;42;0;
16613;4585159;1184784384;22138880;1384910848;0;0;0;0;0;0;0;0;0;0;0;3417;0;0;125;0;42;0;
16614;4926550;1184784384;22138880;1384910848;0;0;0;0;0;0;0;0;0;0;0;3256;0;0;125;0;42;0;
16615;3608948;1184784384;22138880;1384910848;0;0;0;0;0;0;0;0;0;0;0;2956;0;0;125;0;42;0;
16616;5073334;1184784384;22138880;1384910848;0;0;0;0;0;0;0;0;0;0;0;2975;0;0;125;0;42;0;
16617;4634721;1184784384;22138880;1384910848;0;0;0;0;0;0;0;0;0;0;0;3477;0;0;125;0;42;0;
16618;5214710;1184784384;22138880;1384910848;0;0;0;0;0;0;0;0;0;0;0;3006;0;0;125;0;42;0;
16619;3999651;1184784384;22138880;1384910848;0;0;0;0;0;0;0;0;0;0;0;3897;0;0;125;0;42;0;
16620;5503151;1184784384;22138880;1384910848;0;0;0;0;0;0;0;0;0;0;0;3717;0;0;125;0;42;0;
16621;4788881;1184784384;22138880;1384910848;0;0;0;0;0;0;0;0;0;0;0;3968;0;0;125;0;42;0;
16622;5246570;1184784384;22138880;1384910848;0;0;0;0;0;0;0;0;0;0;0;2836;0;0;125;0;42;0;
16623;4462078;1184784384;22138880;1384910848;0;0;0;0;0;0;0;0;0;0;0;3366;0;0;125;0;42;0;
16624;5278208;1184784384;22138880;1384910848;0;0;0;0;0;0;0;0;0;0;0;2986;0;0;125;0;42;0;
16625;4322356;1184784384;22138880;1384910848;0;0;0;0;0;0;0;0;0;0;0;3126;0;0;125;0;42;0;
16626;5120253;1184784384;22138880;1384910848;0;0;0;0;0;0;0;0;0;0;0;2815;0;0;125;0;42;0;
16627;4558459;1184784384;22138880;1384910848;0;0;0;0;0;0;0;0;0;0;0;3196;0;0;125;0;42;0;
16628;5394267;1184784384;22138880;1384910848;0;0;0;0;0;0;0;0;0;0;0;3326;0;0;125;0;42;0;
16629;4138742;1184784384;22138880;1384910848;0;0;0;0;0;0;0;0;0;0;0;3156;0;0;125;0;42;0;
16630;5621081;1184784384;22138880;1384910848;0;0;0;0;0;0;0;0;0;0;0;2645;0;0;125;0;42;0;
16631;4406194;1184784384;22138880;1384910848;0;0;0;0;0;0;0;0;0;0;0;2925;0;0;125;0;42;0;
16632;5509463;1184784384;22138880;1384910848;0;0;0;0;0;0;0;0;0;0;0;3236;0;0;125;0;42;0;
16633;4632688;1184784384;22147072;1384919040;0;0;0;0;0;0;0;0;0;0;0;3025;0;0;125;0;42;0;
16634;5125573;1184784384;22147072;1384919040;0;0;0;0;0;0;0;0;0;0;0;2514;0;0;125;0;42;0;
16635;4155342;1184784384;22147072;1384919040;0;0;0;0;0;0;0;0;0;0;0;2925;0;0;125;0;42;0;
16636;5221092;1184784384;22147072;1384919040;0;0;0;0;0;0;0;0;0;0;0;2665;0;0;125;0;42;0;
16637;4917502;1184784384;22147072;1384919040;0;0;0;0;0;0;0;0;0;0;0;3386;0;0;125;0;42;0;
16638;5440272;1184784384;22147072;1384919040;0;0;0;0;0;0;0;0;0;0;0;2816;0;0;125;0;42;0;
16639;4368913;1184845824;22138880;1384910848;0;0;0;0;0;0;0;0;0;0;0;2785;0;0;125;0;42;0;
16640;5769541;1184845824;22138880;1384910848;0;0;0;0;0;0;0;0;0;0;0;3257;0;0;125;0;42;0;
16641;4290567;1184845824;22138880;1384910848;0;0;0;0;0;0;0;0;0;0;0;3356;0;0;125;0;42;0;
16642;5374399;1184845824;22138880;1384910848;0;0;0;0;0;0;0;0;0;0;0;2835;0;0;125;0;42;0;
16643;4591912;1184845824;22138880;1384910848;0;0;0;0;0;0;0;0;0;0;0;3447;0;0;125;0;42;0;
16644;5550900;1184845824;22138880;1384910848;0;0;0;0;0;0;0;0;0;0;0;3035;0;0;125;0;42;0;
16645;4110458;1184845824;22138880;1384910848;0;0;0;0;0;0;0;0;0;0;0;3326;0;0;125;0;42;0;
16646;4814710;1184845824;22138880;1384910848;0;0;0;0;0;0;0;0;0;0;0;2845;0;0;125;0;42;0;
16647;4759205;1184845824;22138880;1384910848;0;0;0;0;0;0;0;0;0;0;0;3767;0;0;125;0;42;0;
16648;5541863;1184845824;22138880;1384910848;0;0;0;0;0;0;0;0;0;0;0;2825;0;0;125;0;42;0;
16649;3876981;1184845824;22138880;1384910848;0;0;0;0;0;0;0;0;0;0;0;3627;0;0;125;0;42;0;
16650;5010437;1184845824;22138880;1384910848;0;0;0;0;0;0;0;0;0;0;0;2635;0;0;125;0;42;0;
16651;5244094;1184845824;22138880;1384910848;0;0;0;0;0;0;0;0;0;0;0;2374;0;0;125;0;42;0;
16652;5634958;1184845824;22138880;1384910848;0;0;0;0;0;0;0;0;0;0;0;3146;0;0;125;0;42;0;
16653;4198133;1184845824;22138880;1384910848;0;0;0;0;0;0;0;0;0;0;0;3847;0;0;125;0;42;0;
16654;5383096;1184845824;22138880;1384910848;0;0;0;0;0;0;0;0;0;0;0;2625;0;0;125;0;42;0;
16655;4641846;1184845824;22138880;1384910848;0;0;0;0;0;0;0;0;0;0;0;3507;0;0;125;0;42;0;
16656;5093272;1184845824;22138880;1384910848;0;0;0;0;0;0;0;0;0;0;0;3066;0;0;125;0;42;0;
16657;5124130;1184845824;22138880;1384910848;0;0;0;0;0;0;0;0;0;0;0;3116;0;0;125;0;42;0;
16658;4968868;1184845824;22138880;1384910848;0;0;0;0;0;0;0;0;0;0;0;2625;0;0;125;0;42;0;
16659;4367110;1184845824;22138880;1384910848;0;0;0;0;0;0;0;0;0;0;0;3046;0;0;125;0;42;0;
16660;5179784;1184845824;22138880;1384910848;0;0;0;0;0;0;0;0;0;0;0;3446;0;0;125;0;42;0;
16661;4847080;1184845824;22138880;1384910848;0;0;0;0;0;0;0;0;0;0;0;3277;0;0;125;0;42;0;
16662;5142514;1184845824;22138880;1384910848;0;0;0;0;0;0;0;0;0;0;0;2524;0;0;125;0;42;0;
16663;5257129;1184845824;22138880;1384910848;0;0;0;0;0;0;0;0;0;0;0;2845;0;0;125;0;42;0;
16664;5182199;1184845824;22138880;1384910848;0;0;0;0;0;0;0;0;0;0;0;2866;0;0;125;0;42;0;
16665;4305745;1184845824;22138880;1384910848;0;0;0;0;0;0;0;0;0;0;0;3536;0;0;125;0;42;0;
16666;5357858;1184845824;22138880;1384910848;0;0;0;0;0;0;0;0;0;0;0;3236;0;0;125;0;42;0;
16667;4550805;1184845824;22138880;1384910848;0;0;0;0;0;0;0;0;0;0;0;2916;0;0;125;0;42;0;
16668;4874041;1184845824;22138880;1384910848;0;0;0;0;0;0;0;0;0;0;0;2936;0;0;125;0;42;0;
16669;4113524;1184845824;22138880;1384910848;0;0;0;0;0;0;0;0;0;0;0;3276;0;0;125;0;42;0;
16670;5366204;1184845824;22138880;1384910848;0;0;0;0;0;0;0;0;0;0;0;3016;0;0;125;0;42;0;
16671;3962812;1184845824;22138880;1384910848;0;0;0;0;0;0;0;0;0;0;0;3496;0;0;125;0;42;0;
16672;4932290;1184845824;22138880;1384910848;0;0;0;0;0;0;0;0;0;0;0;2996;0;0;125;0;42;0;
16673;4133973;1184845824;22138880;1384910848;0;0;0;0;0;0;0;0;0;0;0;3046;0;0;125;0;42;0;
16674;5326970;1184845824;22138880;1384910848;0;0;0;0;0;0;0;0;0;0;0;2796;0;0;125;0;42;0;
16675;4934013;1184845824;22138880;1384910848;0;0;0;0;0;0;0;0;0;0;0;3476;0;0;125;0;42;0;
16676;5254855;1184845824;22138880;1384910848;0;0;0;0;0;0;0;0;0;0;0;2846;0;0;125;0;42;0;
16677;4229282;1184845824;22138880;1384910848;0;0;0;0;0;0;0;0;0;0;0;4078;0;0;125;0;42;0;
16678;5517277;1184845824;22138880;1384910848;0;0;0;0;0;0;0;0;0;0;0;2916;0;0;125;0;42;0;
16679;6451629;1184845824;22138880;1384910848;0;0;0;0;0;0;0;0;0;0;0;7995;0;0;125;0;42;0;
16680;5921755;1184845824;22138880;1384910848;0;0;0;0;0;0;0;0;0;0;0;3787;0;0;125;0;42;0;
16681;6085503;1184845824;22138880;1384910848;0;0;0;0;0;0;0;0;0;0;0;3407;0;0;125;0;42;0;
16682;5157713;1184845824;22138880;1384910848;0;0;0;0;0;0;0;0;0;0;0;3136;0;0;125;0;42;0;
16683;4270369;1184845824;22138880;1384910848;0;0;0;0;0;0;0;0;0;0;0;3607;0;0;125;0;42;0;
16684;4612760;1184845824;22138880;1384910848;0;0;0;0;0;0;0;0;0;0;0;2765;0;0;125;0;42;0;
16685;3721680;1184845824;22138880;1384910848;0;0;0;0;0;0;0;0;0;0;0;2856;0;0;125;0;42;0;
16686;4929424;1184845824;22138880;1384910848;0;0;0;0;0;0;0;0;0;0;0;2014;0;0;125;0;42;0;
16687;4133542;1184845824;22138880;1384910848;0;0;0;0;0;0;0;0;0;0;0;2996;0;0;125;0;42;0;
16688;4766338;1184845824;22138880;1384910848;0;0;0;0;0;0;0;0;0;0;0;2144;0;0;125;0;42;0;
16689;3519600;1184845824;22138880;1384910848;0;0;0;0;0;0;0;0;0;0;0;3026;0;0;125;0;42;0;
16690;5019623;1184845824;22138880;1384910848;0;0;0;0;0;0;0;0;0;0;0;1934;0;0;125;0;42;0;
16691;3500375;1184845824;22138880;1384910848;0;0;0;0;0;0;0;0;0;0;0;2395;0;0;125;0;42;0;
16692;5565397;1184845824;22138880;1384910848;0;0;0;0;0;0;0;0;0;0;0;3166;0;0;125;0;42;0;
16693;4650822;1184845824;22138880;1384910848;0;0;0;0;0;0;0;0;0;0;0;3306;0;0;125;0;42;0;
16694;5517588;1184845824;22138880;1384910848;0;0;0;0;0;0;0;0;0;0;0;2945;0;0;125;0;42;0;
16695;4894058;1184845824;22138880;1384910848;0;0;0;0;0;0;0;0;0;0;0;3667;0;0;125;0;42;0;
16696;5145469;1184845824;22138880;1384910848;0;0;0;0;0;0;0;0;0;0;0;2946;0;0;125;0;42;0;
16697;4441831;1184845824;22138880;1384910848;0;0;0;0;0;0;0;0;0;0;0;4057;0;0;125;0;42;0;
16698;5979274;1184845824;22138880;1384910848;0;0;0;0;0;0;0;0;0;0;0;3156;0;0;125;0;42;0;
16699;3154276;1184845824;22138880;1384910848;0;0;0;0;0;0;0;0;0;0;0;2585;0;0;125;0;42;0;
16700;4714962;1184845824;22138880;1384910848;0;0;0;0;0;0;0;0;0;0;0;2214;0;0;125;0;42;0;
16701;4122692;1184845824;22138880;1384910848;0;0;0;0;0;0;0;0;0;0;0;3457;0;0;125;0;42;0;
16702;4542649;1184845824;22138880;1384910848;0;0;0;0;0;0;0;0;0;0;0;2274;0;0;125;0;42;0;
16703;4521489;1184845824;22138880;1384910848;0;0;0;0;0;0;0;0;0;0;0;2304;0;0;125;0;42;0;
16704;4776588;1184845824;22138880;1384910848;0;0;0;0;0;0;0;0;0;0;0;2164;0;0;125;0;42;0;
16705;4051969;1184845824;22138880;1384910848;0;0;0;0;0;0;0;0;0;0;0;3186;0;0;125;0;42;0;
16706;4874241;1184845824;22138880;1384910848;0;0;0;0;0;0;0;0;0;0;0;2184;0;0;125;0;42;0;
16707;4979799;1184845824;22138880;1384910848;0;0;0;0;0;0;0;0;0;0;0;5801;0;0;125;0;42;0;
16708;5533908;1184845824;22138880;1384910848;0;0;0;0;0;0;0;0;0;0;0;2735;0;0;125;0;42;0;
16709;4396876;1184845824;22138880;1384910848;0;0;0;0;0;0;0;0;0;0;0;3907;0;0;125;0;42;0;
16710;4962797;1184845824;22138880;1384910848;0;0;0;0;0;0;0;0;0;0;0;2224;0;0;125;0;42;0;
16711;3487932;1184845824;22138880;1384910848;0;0;0;0;0;0;0;0;0;0;0;2434;0;0;125;0;42;0;
16712;4724951;1184845824;22138880;1384910848;0;0;0;0;0;0;0;0;0;0;0;2054;0;0;125;0;42;0;
16713;3972250;1184845824;22138880;1384910848;0;0;0;0;0;0;0;0;0;0;0;2425;0;0;125;0;42;0;
16714;4721474;1184845824;22138880;1384910848;0;0;0;0;0;0;0;0;0;0;0;1833;0;0;125;0;42;0;
16715;3255755;1184845824;22138880;1384910848;0;0;0;0;0;0;0;0;0;0;0;2675;0;0;125;0;42;0;
16716;5058457;1184845824;22138880;1384910848;0;0;0;0;0;0;0;0;0;0;0;1944;0;0;125;0;42;0;
16717;3832076;1184845824;22138880;1384910848;0;0;0;0;0;0;0;0;0;0;0;3025;0;0;125;0;42;0;
16718;4671121;1184845824;22138880;1384910848;0;0;0;0;0;0;0;0;0;0;0;2175;0;0;125;0;42;0;
16719;4111450;1184845824;22138880;1384910848;0;0;0;0;0;0;0;0;0;0;0;2295;0;0;125;0;42;0;
16720;4762301;1184845824;22138880;1384910848;0;0;0;0;0;0;0;0;0;0;0;2405;0;0;125;0;42;0;
16721;5902088;1184845824;22138880;1384910848;0;0;0;0;0;0;0;0;0;0;0;6723;0;0;125;0;42;0;
16722;5748731;1184845824;22138880;1384910848;0;0;0;0;0;0;0;0;0;0;0;3406;0;0;125;0;42;0;
16723;5676887;1184845824;22138880;1384910848;0;0;0;0;0;0;0;0;0;0;0;3907;0;0;125;0;42;0;
16724;5620029;1184845824;22138880;1384910848;0;0;0;0;0;0;0;0;0;0;0;3196;0;0;125;0;42;0;
16725;4466677;1184845824;22138880;1384910848;0;0;0;0;0;0;0;0;0;0;0;2966;0;0;125;0;42;0;
16726;5206304;1184845824;22138880;1384910848;0;0;0;0;0;0;0;0;0;0;0;2014;0;0;125;0;42;0;
16727;3558353;1184845824;22138880;1384910848;0;0;0;0;0;0;0;0;0;0;0;2826;0;0;125;0;42;0;
16728;4997933;1184845824;22138880;1384910848;0;0;0;0;0;0;0;0;0;0;0;2204;0;0;125;0;42;0;
16729;3888372;1184845824;22138880;1384910848;0;0;0;0;0;0;0;0;0;0;0;2425;0;0;125;0;42;0;
16730;4964360;1184845824;22138880;1384910848;0;0;0;0;0;0;0;0;0;0;0;2254;0;0;125;0;42;0;
16731;3303265;1184845824;22138880;1384910848;0;0;0;0;0;0;0;0;0;0;0;1984;0;0;125;0;42;0;
16732;4943942;1184845824;22138880;1384910848;0;0;0;0;0;0;0;0;0;0;0;2304;0;0;125;0;42;0;
16733;3305218;1184845824;22138880;1384910848;0;0;0;0;0;0;0;0;0;0;0;2645;0;0;125;0;42;0;
16734;5254975;1184845824;22138880;1384910848;0;0;0;0;0;0;0;0;0;0;0;2124;0;0;125;0;42;0;
16735;3546912;1184845824;22138880;1384910848;0;0;0;0;0;0;0;0;0;0;0;2415;0;0;125;0;42;0;
16736;4541608;1184845824;22138880;1384910848;0;0;0;0;0;0;0;0;0;0;0;1783;0;0;125;0;42;0;
16737;3697915;1184845824;22138880;1384910848;0;0;0;0;0;0;0;0;0;0;0;3176;0;0;125;0;42;0;
16738;5001269;1184845824;22138880;1384910848;0;0;0;0;0;0;0;0;0;0;0;2093;0;0;125;0;42;0;
16739;4944513;1184845824;22138880;1384910848;0;0;0;0;0;0;0;0;0;0;0;2835;0;0;125;0;42;0;
16740;4732245;1184845824;22138880;1384910848;0;0;0;0;0;0;0;0;0;0;0;2225;0;0;125;0;42;0;
16741;5396992;1184845824;22138880;1384910848;0;0;0;0;0;0;0;0;0;0;0;3987;0;0;125;0;42;0;
16742;5050010;1184845824;22138880;1384910848;0;0;0;0;0;0;0;0;0;0;0;3416;0;0;125;0;42;0;
16743;4853892;1184845824;22138880;1384910848;0;0;0;0;0;0;0;0;0;0;0;3326;0;0;125;0;42;0;
16744;5360313;1184845824;22138880;1384910848;0;0;0;0;0;0;0;0;0;0;0;3256;0;0;125;0;42;0;
16745;4924164;1184845824;22138880;1384910848;0;0;0;0;0;0;0;0;0;0;0;2826;0;0;125;0;42;0;
16746;5124831;1184845824;22138880;1384910848;0;0;0;0;0;0;0;0;0;0;0;2264;0;0;125;0;42;0;
16747;4487415;1184845824;22138880;1384910848;0;0;0;0;0;0;0;0;0;0;0;2775;0;0;125;0;42;0;
16748;5193149;1184845824;22138880;1384910848;0;0;0;0;0;0;0;0;0;0;0;2415;0;0;125;0;42;0;
16749;3393123;1184845824;22138880;1384910848;0;0;0;0;0;0;0;0;0;0;0;2705;0;0;125;0;42;0;
16750;4921509;1184845824;22138880;1384910848;0;0;0;0;0;0;0;0;0;0;0;2284;0;0;125;0;42;0;
16751;3075487;1184845824;22138880;1384910848;0;0;0;0;0;0;0;0;0;0;0;2505;0;0;125;0;42;0;
16752;4941377;1184845824;22138880;1384910848;0;0;0;0;0;0;0;0;0;0;0;2545;0;0;125;0;42;0;
16753;4099198;1184845824;22138880;1384910848;0;0;0;0;0;0;0;0;0;0;0;3997;0;0;125;0;42;0;
16754;5270163;1184845824;22138880;1384910848;0;0;0;0;0;0;0;0;0;0;0;3045;0;0;125;0;42;0;
16755;5860972;1184845824;22138880;1384910848;0;0;0;0;0;0;0;0;0;0;0;3958;0;0;125;0;42;0;
16756;6135095;1184845824;22138880;1384910848;0;0;0;0;0;0;0;0;0;0;0;1983;0;0;125;0;42;0;
16757;4275809;1184845824;22138880;1384910848;0;0;0;0;0;0;0;0;0;0;0;3326;0;0;125;0;42;0;
16758;4710163;1184845824;22138880;1384910848;0;0;0;0;0;0;0;0;0;0;0;2134;0;0;125;0;42;0;
16759;4753344;1184845824;22138880;1384910848;0;0;0;0;0;0;0;0;0;0;0;2925;0;0;125;0;42;0;
16760;5239736;1184845824;22138880;1384910848;0;0;0;0;0;0;0;0;0;0;0;2415;0;0;125;0;42;0;
16761;3971739;1184845824;22138880;1384910848;0;0;0;0;0;0;0;0;0;0;0;3306;0;0;125;0;42;0;
16762;4771789;1184845824;22138880;1384910848;0;0;0;0;0;0;0;0;0;0;0;2344;0;0;125;0;42;0;
16763;4398810;1184845824;22138880;1384910848;0;0;0;0;0;0;0;0;0;0;0;3496;0;0;125;0;42;0;
16764;5185675;1184845824;22138880;1384910848;0;0;0;0;0;0;0;0;0;0;0;2805;0;0;125;0;42;0;
16765;4011824;1184845824;22138880;1384910848;0;0;0;0;0;0;0;0;0;0;0;3496;0;0;125;0;42;0;
16766;4957758;1184845824;22138880;1384910848;0;0;0;0;0;0;0;0;0;0;0;2615;0;0;125;0;42;0;
16767;5566670;1184845824;22138880;1384910848;0;0;0;0;0;0;0;0;0;0;0;3687;0;0;125;0;42;0;
16768;5183401;1184845824;22138880;1384910848;0;0;0;0;0;0;0;0;0;0;0;3747;0;0;125;0;42;0;
16769;5472403;1184845824;22138880;1384910848;0;0;0;0;0;0;0;0;0;0;0;3316;0;0;125;0;42;0;
16770;5058337;1184845824;22138880;1384910848;0;0;0;0;0;0;0;0;0;0;0;2976;0;0;125;0;42;0;
16771;4932640;1184845824;22138880;1384910848;0;0;0;0;0;0;0;0;0;0;0;2535;0;0;125;0;42;0;
16772;5103461;1184845824;22138880;1384910848;0;0;0;0;0;0;0;0;0;0;0;3016;0;0;125;0;42;0;
16773;5273409;1184845824;22138880;1384910848;0;0;0;0;0;0;0;0;0;0;0;2825;0;0;125;0;42;0;
16774;4759346;1184845824;22138880;1384910848;0;0;0;0;0;0;0;0;0;0;0;1943;0;0;125;0;42;0;
16775;3719866;1184845824;22138880;1384910848;0;0;0;0;0;0;0;0;0;0;0;3327;0;0;125;0;42;0;
16776;5273200;1184845824;22138880;1384910848;0;0;0;0;0;0;0;0;0;0;0;2184;0;0;125;0;42;0;
16777;4737134;1184845824;22138880;1384910848;0;0;0;0;0;0;0;0;0;0;0;3717;0;0;125;0;42;0;
16778;5389347;1184845824;22138880;1384910848;0;0;0;0;0;0;0;0;0;0;0;2464;0;0;125;0;42;0;
16779;4033735;1184845824;22138880;1384910848;0;0;0;0;0;0;0;0;0;0;0;2335;0;0;125;0;42;0;
16780;4650090;1184845824;22138880;1384910848;0;0;0;0;0;0;0;0;0;0;0;2124;0;0;125;0;42;0;
16781;3851683;1184845824;22138880;1384910848;0;0;0;0;0;0;0;0;0;0;0;2455;0;0;125;0;42;0;
16782;4704493;1184845824;22138880;1384910848;0;0;0;0;0;0;0;0;0;0;0;2385;0;0;125;0;42;0;
16783;4396415;1184845824;22138880;1384910848;0;0;0;0;0;0;0;0;0;0;0;2324;0;0;125;0;42;0;
16784;4838324;1184845824;22138880;1384910848;0;0;0;0;0;0;0;0;0;0;0;2164;0;0;125;0;42;0;
16785;4489339;1184845824;22138880;1384910848;0;0;0;0;0;0;0;0;0;0;0;2655;0;0;125;0;42;0;
16786;5355163;1184845824;22138880;1384910848;0;0;0;0;0;0;0;0;0;0;0;2505;0;0;125;0;42;0;
16787;4886264;1184845824;22138880;1384910848;0;0;0;0;0;0;0;0;0;0;0;3026;0;0;125;0;42;0;
16788;9188672;1184845824;22138880;1384910848;0;0;0;0;0;0;0;0;0;0;0;2355;0;0;125;0;42;0;
16789;6474061;1184845824;22138880;1384910848;0;0;0;0;0;0;0;0;0;0;0;3507;0;0;125;0;42;0;
16790;5647491;1184845824;22138880;1384910848;0;0;0;0;0;0;0;0;0;0;0;3196;0;0;125;0;42;0;
16791;4934995;1184845824;22138880;1384910848;0;0;0;0;0;0;0;0;0;0;0;2284;0;0;125;0;42;0;
16792;5171518;1184845824;22138880;1384910848;0;0;0;0;0;0;0;0;0;0;0;2235;0;0;125;0;42;0;
16793;3823691;1184845824;22138880;1384910848;0;0;0;0;0;0;0;0;0;0;0;2665;0;0;125;0;42;0;
16794;4796675;1184845824;22138880;1384910848;0;0;0;0;0;0;0;0;0;0;0;1954;0;0;125;0;42;0;
16795;3945269;1184845824;22138880;1384910848;0;0;0;0;0;0;0;0;0;0;0;1943;0;0;125;0;42;0;
16796;4962907;1184845824;22138880;1384910848;0;0;0;0;0;0;0;0;0;0;0;2335;0;0;125;0;42;0;
16797;5820876;1184845824;22138880;1384910848;0;0;0;0;0;0;0;0;0;0;0;6593;0;0;125;0;42;0;
16798;6508285;1184845824;22138880;1384910848;0;0;0;0;0;0;0;0;0;0;0;4378;0;0;125;0;42;0;
16799;4607160;1184845824;22138880;1384910848;0;0;0;0;0;0;0;0;0;0;0;3968;0;0;125;0;42;0;
16800;5190354;1184845824;22138880;1384910848;0;0;0;0;0;0;0;0;0;0;0;4258;0;0;125;0;42;0;
16801;3932024;1184845824;22138880;1384910848;0;0;0;0;0;0;0;0;0;0;0;3697;0;0;125;0;42;0;
16802;6904990;1184845824;22138880;1384910848;0;0;0;0;0;0;0;0;0;0;0;3566;0;0;125;0;42;0;
16803;4254569;1184845824;22138880;1384910848;0;0;0;0;0;0;0;0;0;0;0;3586;0;0;125;0;42;0;
16804;5416218;1184845824;22138880;1384910848;0;0;0;0;0;0;0;0;0;0;0;3987;0;0;125;0;42;0;
16805;5014363;1184845824;22138880;1384910848;0;0;0;0;0;0;0;0;0;0;0;4268;0;0;125;0;42;0;
16806;5259403;1184845824;22138880;1384910848;0;0;0;0;0;0;0;0;0;0;0;3347;0;0;125;0;42;0;
16807;4823195;1184845824;22138880;1384910848;0;0;0;0;0;0;0;0;0;0;0;3958;0;0;125;0;42;0;
16808;5794577;1184845824;22138880;1384910848;0;0;0;0;0;0;0;0;0;0;0;3527;0;0;125;0;42;0;
16809;4888778;1184845824;22138880;1384910848;0;0;0;0;0;0;0;0;0;0;0;4388;0;0;125;0;42;0;
16810;5172099;1184845824;22138880;1384910848;0;0;0;0;0;0;0;0;0;0;0;3366;0;0;125;0;42;0;
16811;4750900;1184845824;22138880;1384910848;0;0;0;0;0;0;0;0;0;0;0;3757;0;0;125;0;42;0;
16812;5278269;1184845824;22138880;1384910848;0;0;0;0;0;0;0;0;0;0;0;3015;0;0;125;0;42;0;
16813;4432322;1184845824;22138880;1384910848;0;0;0;0;0;0;0;0;0;0;0;3907;0;0;125;0;42;0;
16814;4966694;1184845824;22138880;1384910848;0;0;0;0;0;0;0;0;0;0;0;3036;0;0;125;0;42;0;
16815;5057715;1184845824;22138880;1384910848;0;0;0;0;0;0;0;0;0;0;0;4178;0;0;125;0;42;0;
16816;5030454;1184845824;22138880;1384910848;0;0;0;0;0;0;0;0;0;0;0;3397;0;0;125;0;42;0;
16817;4375796;1184845824;22138880;1384910848;0;0;0;0;0;0;0;0;0;0;0;4378;0;0;125;0;42;0;
16818;5740015;1184845824;22138880;1384910848;0;0;0;0;0;0;0;0;0;0;0;2935;0;0;125;0;42;0;
16819;6132401;1184845824;22138880;1384910848;0;0;0;0;0;0;0;0;0;0;0;4048;0;0;125;0;42;0;
16820;5172781;1184845824;22138880;1384910848;0;0;0;0;0;0;0;0;0;0;0;3035;0;0;125;0;42;0;
16821;5356916;1184845824;22138880;1384910848;0;0;0;0;0;0;0;0;0;0;0;4619;0;0;125;0;42;0;
16822;5256037;1184845824;22138880;1384910848;0;0;0;0;0;0;0;0;0;0;0;2686;0;0;125;0;42;0;
16823;4832703;1184845824;22138880;1384910848;0;0;0;0;0;0;0;0;0;0;0;4318;0;0;125;0;42;0;
16824;5365122;1184845824;22138880;1384910848;0;0;0;0;0;0;0;0;0;0;0;3156;0;0;125;0;42;0;
16825;5284200;1184845824;22138880;1384910848;0;0;0;0;0;0;0;0;0;0;0;3737;0;0;125;0;42;0;
16826;4967466;1184845824;22138880;1384910848;0;0;0;0;0;0;0;0;0;0;0;3216;0;0;125;0;42;0;
16827;4138882;1184845824;22138880;1384910848;0;0;0;0;0;0;0;0;0;0;0;3987;0;0;125;0;42;0;
16828;5253242;1184845824;22138880;1384910848;0;0;0;0;0;0;0;0;0;0;0;3356;0;0;125;0;42;0;
16829;4176843;1184845824;22138880;1384910848;0;0;0;0;0;0;0;0;0;0;0;4127;0;0;125;0;42;0;
16830;5079767;1184845824;22138880;1384910848;0;0;0;0;0;0;0;0;0;0;0;2785;0;0;125;0;42;0;
16831;4961815;1184845824;22138880;1384910848;0;0;0;0;0;0;0;0;0;0;0;4529;0;0;125;0;42;0;
16832;4885803;1184845824;22138880;1384910848;0;0;0;0;0;0;0;0;0;0;0;3246;0;0;125;0;42;0;
16833;5133808;1184845824;22138880;1384910848;0;0;0;0;0;0;0;0;0;0;0;4609;0;0;125;0;42;0;
16834;5402061;1184845824;22138880;1384910848;0;0;0;0;0;0;0;0;0;0;0;3327;0;0;125;0;42;0;
16835;5229487;1184845824;22138880;1384910848;0;0;0;0;0;0;0;0;0;0;0;4328;0;0;125;0;42;0;
16836;11570599;1184845824;22138880;1384910848;0;0;0;0;0;0;0;0;0;0;0;4929;0;0;125;0;42;0;
16837;6592002;1184845824;22138880;1384910848;0;0;0;0;0;0;0;0;0;0;0;5601;0;0;125;0;42;0;
16838;5946993;1184845824;22138880;1384910848;0;0;0;0;0;0;0;0;0;0;0;3386;0;0;125;0;42;0;
16839;6338988;1184845824;22138880;1384910848;0;0;0;0;0;0;0;0;0;0;0;4008;0;0;125;0;42;0;
16840;4768563;1184845824;22138880;1384910848;0;0;0;0;0;0;0;0;0;0;0;3416;0;0;125;0;42;0;
16841;4328908;1184845824;22138880;1384910848;0;0;0;0;0;0;0;0;0;0;0;3988;0;0;125;0;42;0;
16842;6008307;1184845824;22138880;1384910848;0;0;0;0;0;0;0;0;0;0;0;2825;0;0;125;0;42;0;
16843;4462979;1184845824;22138880;1384910848;0;0;0;0;0;0;0;0;0;0;0;3887;0;0;125;0;42;0;
16844;4854975;1184845824;22138880;1384910848;0;0;0;0;0;0;0;0;0;0;0;3116;0;0;125;0;42;0;
16845;4771949;1184845824;22138880;1384910848;0;0;0;0;0;0;0;0;0;0;0;3847;0;0;125;0;42;0;
16846;5156009;1184845824;22138880;1384910848;0;0;0;0;0;0;0;0;0;0;0;3416;0;0;125;0;42;0;
16847;4219534;1184845824;22138880;1384910848;0;0;0;0;0;0;0;0;0;0;0;3647;0;0;125;0;42;0;
16848;5344784;1184845824;22138880;1384910848;0;0;0;0;0;0;0;0;0;0;0;3296;0;0;125;0;42;0;
16849;4297389;1184845824;22138880;1384910848;0;0;0;0;0;0;0;0;0;0;0;3827;0;0;125;0;42;0;
16850;5611834;1184845824;22138880;1384910848;0;0;0;0;0;0;0;0;0;0;0;3397;0;0;125;0;42;0;
16851;3457093;1184845824;22138880;1384910848;0;0;0;0;0;0;0;0;0;0;0;5070;0;0;125;0;42;0;
16852;5521394;1184845824;22138880;1384910848;0;0;0;0;0;0;0;0;0;0;0;3927;0;0;125;0;42;0;
16853;4447040;1184845824;22138880;1384910848;0;0;0;0;0;0;0;0;0;0;0;4127;0;0;125;0;42;0;
16854;5037006;1184845824;22138880;1384910848;0;0;0;0;0;0;0;0;0;0;0;2615;0;0;125;0;42;0;
16855;3583550;1184845824;22138880;1384910848;0;0;0;0;0;0;0;0;0;0;0;3607;0;0;125;0;42;0;
16856;5574734;1184845824;22138880;1384910848;0;0;0;0;0;0;0;0;0;0;0;4438;0;0;125;0;42;0;
16857;3943676;1184845824;22138880;1384910848;0;0;0;0;0;0;0;0;0;0;0;4147;0;0;125;0;42;0;
16858;5230419;1184845824;22138880;1384910848;0;0;0;0;0;0;0;0;0;0;0;4087;0;0;125;0;42;0;
16859;4700155;1184845824;22138880;1384910848;0;0;0;0;0;0;0;0;0;0;0;4338;0;0;125;0;42;0;
16860;5359281;1184845824;22138880;1384910848;0;0;0;0;0;0;0;0;0;0;0;3927;0;0;125;0;42;0;
16861;6186592;1184845824;22138880;1384910848;0;0;0;0;0;0;0;0;0;0;0;6232;0;0;125;0;42;0;
16862;6071837;1184845824;22138880;1384910848;0;0;0;0;0;0;0;0;0;0;0;4318;0;0;125;0;42;0;
16863;5129760;1184845824;22138880;1384910848;0;0;0;0;0;0;0;0;0;0;0;4628;0;0;125;0;42;0;
16864;5556630;1184845824;22138880;1384910848;0;0;0;0;0;0;0;0;0;0;0;5020;0;0;125;0;42;0;
16865;4596240;1184845824;22138880;1384910848;0;0;0;0;0;0;0;0;0;0;0;4137;0;0;125;0;42;0;
16866;5839351;1184845824;22138880;1384910848;0;0;0;0;0;0;0;0;0;0;0;3948;0;0;125;0;42;0;
16867;4314331;1184845824;22138880;1384910848;0;0;0;0;0;0;0;0;0;0;0;4338;0;0;125;0;42;0;
16868;5407241;1184845824;22138880;1384910848;0;0;0;0;0;0;0;0;0;0;0;3657;0;0;125;0;42;0;
16869;4653847;1184845824;22138880;1384910848;0;0;0;0;0;0;0;0;0;0;0;4519;0;0;125;0;42;0;
16870;5866311;1184845824;22138880;1384910848;0;0;0;0;0;0;0;0;0;0;0;4148;0;0;125;0;42;0;
16871;4898046;1184845824;22138880;1384910848;0;0;0;0;0;0;0;0;0;0;0;4208;0;0;125;0;42;0;
16872;5775742;1184845824;22138880;1384910848;0;0;0;0;0;0;0;0;0;0;0;4328;0;0;125;0;42;0;
16873;4814539;1184845824;22138880;1384910848;0;0;0;0;0;0;0;0;0;0;0;3456;0;0;125;0;42;0;
16874;5363468;1184845824;22138880;1384910848;0;0;0;0;0;0;0;0;0;0;0;3637;0;0;125;0;42;0;
16875;4069953;1184845824;22138880;1384910848;0;0;0;0;0;0;0;0;0;0;0;4207;0;0;125;0;42;0;
16876;5247211;1184845824;22138880;1384910848;0;0;0;0;0;0;0;0;0;0;0;4158;0;0;125;0;42;0;
16877;4155323;1184845824;22138880;1384910848;0;0;0;0;0;0;0;0;0;0;0;4388;0;0;125;0;42;0;
16878;5408402;1184845824;22138880;1384910848;0;0;0;0;0;0;0;0;0;0;0;4108;0;0;125;0;42;0;
16879;6715104;1184845824;22138880;1384910848;0;0;0;0;0;0;0;0;0;0;0;5400;0;0;125;0;42;0;
16880;6472008;1184845824;22138880;1384910848;0;0;0;0;0;0;0;0;0;0;0;4869;0;0;125;0;42;0;
16881;7470259;1184845824;22138880;1384910848;0;0;0;0;0;0;0;0;0;0;0;6432;0;0;125;0;42;0;
16882;6242868;1184845824;22138880;1384910848;0;0;0;0;0;0;0;0;0;0;0;5190;0;0;125;0;42;0;
16883;5945760;1184845824;22138880;1384910848;0;0;0;0;0;0;0;0;0;0;0;5270;0;0;125;0;42;0;
16884;5885487;1184845824;22138880;1384910848;0;0;0;0;0;0;0;0;0;0;0;4609;0;0;125;0;42;0;
16885;3664132;1184845824;22138880;1384910848;0;0;0;0;0;0;0;0;0;0;0;3456;0;0;125;0;42;0;
16886;5044230;1184845824;22138880;1384910848;0;0;0;0;0;0;0;0;0;0;0;4008;0;0;125;0;42;0;
16887;4232156;1184845824;22138880;1384910848;0;0;0;0;0;0;0;0;0;0;0;4288;0;0;125;0;42;0;
16888;5161751;1184845824;22138880;1384910848;0;0;0;0;0;0;0;0;0;0;0;3476;0;0;125;0;42;0;
16889;4524756;1184845824;22138880;1384910848;0;0;0;0;0;0;0;0;0;0;0;4088;0;0;125;0;42;0;
16890;5359391;1184845824;22138880;1384910848;0;0;0;0;0;0;0;0;0;0;0;3165;0;0;125;0;42;0;
16891;5016157;1184845824;22138880;1384910848;0;0;0;0;0;0;0;0;0;0;0;4158;0;0;125;0;42;0;
16892;5422890;1184845824;22138880;1384910848;0;0;0;0;0;0;0;0;0;0;0;3917;0;0;125;0;42;0;
16893;4595639;1184845824;22138880;1384910848;0;0;0;0;0;0;0;0;0;0;0;4177;0;0;125;0;42;0;
16894;5509002;1184845824;22138880;1384910848;0;0;0;0;0;0;0;0;0;0;0;4038;0;0;125;0;42;0;
16895;4724800;1184845824;22138880;1384910848;0;0;0;0;0;0;0;0;0;0;0;4268;0;0;125;0;42;0;
16896;5035473;1184845824;22138880;1384910848;0;0;0;0;0;0;0;0;0;0;0;3587;0;0;125;0;42;0;
16897;5466161;1184845824;22138880;1384910848;0;0;0;0;0;0;0;0;0;0;0;4298;0;0;125;0;42;0;
16898;5572210;1184845824;22138880;1384910848;0;0;0;0;0;0;0;0;0;0;0;4068;0;0;125;0;42;0;
16899;4388640;1184845824;22138880;1384910848;0;0;0;0;0;0;0;0;0;0;0;4749;0;0;125;0;42;0;
16900;5224889;1184845824;22138880;1384910848;0;0;0;0;0;0;0;0;0;0;0;4638;0;0;125;0;42;0;
16901;5103922;1184845824;22138880;1384910848;0;0;0;0;0;0;0;0;0;0;0;4659;0;0;125;0;42;0;
16902;5907670;1184845824;22138880;1384910848;0;0;0;0;0;0;0;0;0;0;0;4108;0;0;125;0;42;0;
16903;5293628;1184845824;22138880;1384910848;0;0;0;0;0;0;0;0;0;0;0;8416;0;0;125;0;42;0;
16904;5648323;1184845824;22138880;1384910848;0;0;0;0;0;0;0;0;0;0;0;3747;0;0;125;0;42;0;
16905;4451528;1184845824;22138880;1384910848;0;0;0;0;0;0;0;0;0;0;0;4358;0;0;125;0;42;0;
16906;5223095;1184845824;22138880;1384910848;0;0;0;0;0;0;0;0;0;0;0;3797;0;0;125;0;42;0;
16907;4112212;1184845824;22138880;1384910848;0;0;0;0;0;0;0;0;0;0;0;3887;0;0;125;0;42;0;
16908;5374449;1184845824;22138880;1384910848;0;0;0;0;0;0;0;0;0;0;0;3757;0;0;125;0;42;0;
16909;4148200;1184845824;22138880;1384910848;0;0;0;0;0;0;0;0;0;0;0;4017;0;0;125;0;42;0;
16910;5075448;1184845824;22138880;1384910848;0;0;0;0;0;0;0;0;0;0;0;3817;0;0;125;0;42;0;
16911;4265229;1184845824;22138880;1384910848;0;0;0;0;0;0;0;0;0;0;0;4379;0;0;125;0;42;0;
16912;5006169;1184845824;22138880;1384910848;0;0;0;0;0;0;0;0;0;0;0;3456;0;0;125;0;42;0;
16913;4644921;1184845824;22138880;1384910848;0;0;0;0;0;0;0;0;0;0;0;4258;0;0;125;0;42;0;
16914;5498832;1184845824;22138880;1384910848;0;0;0;0;0;0;0;0;0;0;0;3446;0;0;125;0;42;0;
16915;4413948;1184845824;22138880;1384910848;0;0;0;0;0;0;0;0;0;0;0;4398;0;0;125;0;42;0;
16916;5034091;1184845824;22138880;1384910848;0;0;0;0;0;0;0;0;0;0;0;3146;0;0;125;0;42;0;
16917;4576914;1184845824;22138880;1384910848;0;0;0;0;0;0;0;0;0;0;0;4308;0;0;125;0;42;0;
16918;5070590;1184845824;22138880;1384910848;0;0;0;0;0;0;0;0;0;0;0;3296;0;0;125;0;42;0;
16919;4790334;1184845824;22138880;1384910848;0;0;0;0;0;0;0;0;0;0;0;4319;0;0;125;0;42;0;
16920;4729600;1184845824;22138880;1384910848;0;0;0;0;0;0;0;0;0;0;0;3357;0;0;125;0;42;0;
16921;4680949;1184845824;22138880;1384910848;0;0;0;0;0;0;0;0;0;0;0;3798;0;0;125;0;42;0;
16922;5120473;1184845824;22138880;1384910848;0;0;0;0;0;0;0;0;0;0;0;3867;0;0;125;0;42;0;
16923;4758714;1184845824;22138880;1384910848;0;0;0;0;0;0;0;0;0;0;0;4037;0;0;125;0;42;0;
16924;5025745;1184845824;22138880;1384910848;0;0;0;0;0;0;0;0;0;0;0;3206;0;0;125;0;42;0;
16925;5641500;1184845824;22138880;1384910848;0;0;0;0;0;0;0;0;0;0;0;3697;0;0;125;0;42;0;
16926;5483323;1184845824;22138880;1384910848;0;0;0;0;0;0;0;0;0;0;0;2735;0;0;125;0;42;0;
16927;4535125;1184845824;22138880;1384910848;0;0;0;0;0;0;0;0;0;0;0;3557;0;0;125;0;42;0;
16928;5273360;1184845824;22138880;1384910848;0;0;0;0;0;0;0;0;0;0;0;3075;0;0;125;0;42;0;
16929;4251413;1184845824;22138880;1384910848;0;0;0;0;0;0;0;0;0;0;0;4027;0;0;125;0;42;0;
16930;4558789;1184845824;22138880;1384910848;0;0;0;0;0;0;0;0;0;0;0;2505;0;0;125;0;42;0;
16931;4898185;1184845824;22138880;1384910848;0;0;0;0;0;0;0;0;0;0;0;4318;0;0;125;0;42;0;
16932;5316681;1184845824;22138880;1384910848;0;0;0;0;0;0;0;0;0;0;0;3536;0;0;125;0;42;0;
16933;4814389;1184845824;22138880;1384910848;0;0;0;0;0;0;0;0;0;0;0;4057;0;0;125;0;42;0;
16934;5410987;1184845824;22138880;1384910848;0;0;0;0;0;0;0;0;0;0;0;3397;0;0;125;0;42;0;
16935;4812135;1184845824;22138880;1384910848;0;0;0;0;0;0;0;0;0;0;0;3657;0;0;125;0;42;0;
16936;5524511;1184845824;22138880;1384910848;0;0;0;0;0;0;0;0;0;0;0;3486;0;0;125;0;42;0;
16937;4765938;1184845824;22138880;1384910848;0;0;0;0;0;0;0;0;0;0;0;4508;0;0;125;0;42;0;
16938;5108371;1184845824;22138880;1384910848;0;0;0;0;0;0;0;0;0;0;0;3036;0;0;125;0;42;0;
16939;5211123;1184845824;22138880;1384910848;0;0;0;0;0;0;0;0;0;0;0;4408;0;0;125;0;42;0;
16940;5183912;1184845824;22138880;1384910848;0;0;0;0;0;0;0;0;0;0;0;3316;0;0;125;0;42;0;
16941;5350955;1184845824;22138880;1384910848;0;0;0;0;0;0;0;0;0;0;0;3958;0;0;125;0;42;0;
16942;5700972;1184845824;22138880;1384910848;0;0;0;0;0;0;0;0;0;0;0;4258;0;0;125;0;42;0;
16943;3874205;1184845824;22138880;1384910848;0;0;0;0;0;0;0;0;0;0;0;3606;0;0;125;0;42;0;
16944;5036805;1184845824;22138880;1384910848;0;0;0;0;0;0;0;0;0;0;0;4278;0;0;125;0;42;0;
16945;4764154;1184845824;22138880;1384910848;0;0;0;0;0;0;0;0;0;0;0;4057;0;0;125;0;42;0;
16946;5770241;1184845824;22138880;1384910848;0;0;0;0;0;0;0;0;0;0;0;4098;0;0;125;0;42;0;
16947;4398339;1184845824;22138880;1384910848;0;0;0;0;0;0;0;0;0;0;0;3546;0;0;125;0;42;0;
16948;5367466;1184845824;22138880;1384910848;0;0;0;0;0;0;0;0;0;0;0;3577;0;0;125;0;42;0;
16949;4358945;1184845824;22138880;1384910848;0;0;0;0;0;0;0;0;0;0;0;3547;0;0;125;0;42;0;
16950;5168924;1184845824;22138880;1384910848;0;0;0;0;0;0;0;0;0;0;0;3957;0;0;125;0;42;0;
16951;4690266;1184845824;22138880;1384910848;0;0;0;0;0;0;0;0;0;0;0;4188;0;0;125;0;42;0;
16952;5452415;1184845824;22138880;1384910848;0;0;0;0;0;0;0;0;0;0;0;3717;0;0;125;0;42;0;
16953;4115718;1184845824;22138880;1384910848;0;0;0;0;0;0;0;0;0;0;0;3486;0;0;125;0;42;0;
16954;5423351;1184845824;22138880;1384910848;0;0;0;0;0;0;0;0;0;0;0;3587;0;0;125;0;42;0;
16955;4397306;1184845824;22138880;1384910848;0;0;0;0;0;0;0;0;0;0;0;3657;0;0;125;0;42;0;
16956;5834161;1184845824;22138880;1384910848;0;0;0;0;0;0;0;0;0;0;0;4127;0;0;125;0;42;0;
16957;5032267;1184845824;22138880;1384910848;0;0;0;0;0;0;0;0;0;0;0;4268;0;0;125;0;42;0;
16958;5309707;1184845824;22138880;1384910848;0;0;0;0;0;0;0;0;0;0;0;2916;0;0;125;0;42;0;
16959;3898812;1184845824;22138880;1384910848;0;0;0;0;0;0;0;0;0;0;0;3847;0;0;125;0;42;0;
16960;5293387;1184845824;22138880;1384910848;0;0;0;0;0;0;0;0;0;0;0;3837;0;0;125;0;42;0;
16961;4352863;1184845824;22138880;1384910848;0;0;0;0;0;0;0;0;0;0;0;4028;0;0;125;0;42;0;
16962;5521655;1184845824;22138880;1384910848;0;0;0;0;0;0;0;0;0;0;0;3046;0;0;125;0;42;0;
16963;3844500;1184845824;22138880;1384910848;0;0;0;0;0;0;0;0;0;0;0;4107;0;0;125;0;42;0;
16964;5394988;1184845824;22138880;1384910848;0;0;0;0;0;0;0;0;0;0;0;3627;0;0;125;0;42;0;
16965;3954306;1184845824;22138880;1384910848;0;0;0;0;0;0;0;0;0;0;0;4028;0;0;125;0;42;0;
16966;5920614;1184845824;22138880;1384910848;0;0;0;0;0;0;0;0;0;0;0;4759;0;0;125;0;42;0;
16967;4196621;1184845824;22138880;1384910848;0;0;0;0;0;0;0;0;0;0;0;4117;0;0;125;0;42;0;
16968;5206033;1184845824;22138880;1384910848;0;0;0;0;0;0;0;0;0;0;0;3867;0;0;125;0;42;0;
16969;4017434;1184845824;22138880;1384910848;0;0;0;0;0;0;0;0;0;0;0;3777;0;0;125;0;42;0;
16970;5087511;1184845824;22138880;1384910848;0;0;0;0;0;0;0;0;0;0;0;3797;0;0;125;0;42;0;
16971;3909331;1184845824;22138880;1384910848;0;0;0;0;0;0;0;0;0;0;0;4218;0;0;125;0;42;0;
16972;5170096;1184845824;22138880;1384910848;0;0;0;0;0;0;0;0;0;0;0;3557;0;0;125;0;42;0;
16973;4104647;1184845824;22138880;1384910848;0;0;0;0;0;0;0;0;0;0;0;4639;0;0;125;0;42;0;
16974;5081240;1184845824;22138880;1384910848;0;0;0;0;0;0;0;0;0;0;0;2855;0;0;125;0;42;0;
16975;3957532;1184845824;22138880;1384910848;0;0;0;0;0;0;0;0;0;0;0;3958;0;0;125;0;42;0;
16976;4952438;1184845824;22138880;1384910848;0;0;0;0;0;0;0;0;0;0;0;3817;0;0;125;0;42;0;
16977;3889715;1184845824;22138880;1384910848;0;0;0;0;0;0;0;0;0;0;0;3938;0;0;125;0;42;0;
16978;4833354;1184845824;22138880;1384910848;0;0;0;0;0;0;0;0;0;0;0;3616;0;0;125;0;42;0;
16979;3758890;1184845824;22138880;1384910848;0;0;0;0;0;0;0;0;0;0;0;3897;0;0;125;0;42;0;
16980;4880472;1184845824;22138880;1384910848;0;0;0;0;0;0;0;0;0;0;0;3406;0;0;125;0;42;0;
16981;3896998;1184845824;22138880;1384910848;0;0;0;0;0;0;0;0;0;0;0;3937;0;0;125;0;42;0;
16982;5076901;1184845824;22138880;1384910848;0;0;0;0;0;0;0;0;0;0;0;2985;0;0;125;0;42;0;
16983;4515027;1184845824;22138880;1384910848;0;0;0;0;0;0;0;0;0;0;0;3907;0;0;125;0;42;0;
16984;11105998;1184845824;22138880;1384910848;0;0;0;0;0;0;0;0;0;0;0;2996;0;0;125;0;42;0;
16985;4511160;1184845824;22138880;1384910848;0;0;0;0;0;0;0;0;0;0;0;4248;0;0;125;0;42;0;
16986;5237983;1184845824;22138880;1384910848;0;0;0;0;0;0;0;0;0;0;0;3747;0;0;125;0;42;0;
16987;6489941;1184845824;22138880;1384910848;0;0;0;0;0;0;0;0;0;0;0;5921;0;0;125;0;42;0;
16988;6352032;1184845824;22138880;1384910848;0;0;0;0;0;0;0;0;0;0;0;4088;0;0;125;0;42;0;
16989;4989317;1184845824;22138880;1384910848;0;0;0;0;0;0;0;0;0;0;0;4108;0;0;125;0;42;0;
16990;5351406;1184845824;22138880;1384910848;0;0;0;0;0;0;0;0;0;0;0;3797;0;0;125;0;42;0;
16991;4154090;1184845824;22138880;1384910848;0;0;0;0;0;0;0;0;0;0;0;3627;0;0;125;0;42;0;
16992;5254685;1184845824;22138880;1384910848;0;0;0;0;0;0;0;0;0;0;0;3106;0;0;125;0;42;0;
16993;3818170;1184845824;22138880;1384910848;0;0;0;0;0;0;0;0;0;0;0;4188;0;0;125;0;42;0;
16994;5729104;1184845824;22138880;1384910848;0;0;0;0;0;0;0;0;0;0;0;4469;0;0;125;0;42;0;
16995;4458551;1184845824;22138880;1384910848;0;0;0;0;0;0;0;0;0;0;0;4719;0;0;125;0;42;0;
16996;5638925;1184845824;22138880;1384910848;0;0;0;0;0;0;0;0;0;0;0;3787;0;0;125;0;42;0;
16997;4510489;1184845824;22138880;1384910848;0;0;0;0;0;0;0;0;0;0;0;4078;0;0;125;0;42;0;
16998;5501888;1184845824;22138880;1384910848;0;0;0;0;0;0;0;0;0;0;0;4077;0;0;125;0;42;0;
16999;4063109;1184845824;22138880;1384910848;0;0;0;0;0;0;0;0;0;0;0;4167;0;0;125;0;42;0;
17000;4958389;1184845824;22138880;1384910848;0;0;0;0;0;0;0;0;0;0;0;2945;0;0;125;0;42;0;
17001;4729260;1184845824;22138880;1384910848;0;0;0;0;0;0;0;0;0;0;0;3436;0;0;125;0;42;0;
17002;4822334;1184845824;22138880;1384910848;0;0;0;0;0;0;0;0;0;0;0;3026;0;0;125;0;42;0;
17003;3348460;1184845824;22138880;1384910848;0;0;0;0;0;0;0;0;0;0;0;3636;0;0;125;0;42;0;
17004;4624022;1184845824;22138880;1384910848;0;0;0;0;0;0;0;0;0;0;0;2715;0;0;125;0;42;0;
17005;3438418;1184845824;22138880;1384910848;0;0;0;0;0;0;0;0;0;0;0;3857;0;0;125;0;42;0;
17006;4859774;1184845824;22138880;1384910848;0;0;0;0;0;0;0;0;0;0;0;3076;0;0;125;0;42;0;
17007;4005061;1184845824;22138880;1384910848;0;0;0;0;0;0;0;0;0;0;0;4408;0;0;125;0;42;0;
17008;4931057;1184845824;22138880;1384910848;0;0;0;0;0;0;0;0;0;0;0;3276;0;0;125;0;42;0;
17009;4810191;1184845824;22138880;1384910848;0;0;0;0;0;0;0;0;0;0;0;4017;0;0;125;0;42;0;
17010;5287386;1184845824;22138880;1384910848;0;0;0;0;0;0;0;0;0;0;0;4088;0;0;125;0;42;0;
17011;3691874;1184845824;22138880;1384910848;0;0;0;0;0;0;0;0;0;0;0;4278;0;0;125;0;42;0;
17012;5001029;1184845824;22138880;1384910848;0;0;0;0;0;0;0;0;0;0;0;3656;0;0;125;0;42;0;
17013;3714566;1184845824;22138880;1384910848;0;0;0;0;0;0;0;0;0;0;0;4789;0;0;125;0;42;0;
17014;5956501;1184845824;22138880;1384910848;0;0;0;0;0;0;0;0;0;0;0;3727;0;0;125;0;42;0;
17015;4983306;1184845824;22138880;1384910848;0;0;0;0;0;0;0;0;0;0;0;4328;0;0;125;0;42;0;
17016;5854450;1184845824;22138880;1384910848;0;0;0;0;0;0;0;0;0;0;0;3677;0;0;125;0;42;0;
17017;4707368;1184845824;22138880;1384910848;0;0;0;0;0;0;0;0;0;0;0;4308;0;0;125;0;42;0;
17018;5167331;1184845824;22138880;1384910848;0;0;0;0;0;0;0;0;0;0;0;2795;0;0;125;0;42;0;
17019;4734399;1184845824;22138880;1384910848;0;0;0;0;0;0;0;0;0;0;0;3908;0;0;125;0;42;0;
17020;5543326;1184845824;22138880;1384910848;0;0;0;0;0;0;0;0;0;0;0;3697;0;0;125;0;42;0;
17021;4076145;1184845824;22138880;1384910848;0;0;0;0;0;0;0;0;0;0;0;4198;0;0;125;0;42;0;
17022;5864929;1184845824;22138880;1384910848;0;0;0;0;0;0;0;0;0;0;0;3927;0;0;125;0;42;0;
17023;4184909;1184845824;22138880;1384910848;0;0;0;0;0;0;0;0;0;0;0;3798;0;0;125;0;42;0;
17024;5195284;1184845824;22138880;1384910848;0;0;0;0;0;0;0;0;0;0;0;3396;0;0;125;0;42;0;
17025;4586662;1184845824;22138880;1384910848;0;0;0;0;0;0;0;0;0;0;0;4238;0;0;125;0;42;0;
17026;4849935;1184845824;22138880;1384910848;0;0;0;0;0;0;0;0;0;0;0;3196;0;0;125;0;42;0;
17027;4676660;1184845824;22138880;1384910848;0;0;0;0;0;0;0;0;0;0;0;3927;0;0;125;0;42;0;
17028;4906050;1184845824;22138880;1384910848;0;0;0;0;0;0;0;0;0;0;0;3377;0;0;125;0;42;0;
17029;5511336;1184845824;22138880;1384910848;0;0;0;0;0;0;0;0;0;0;0;5370;0;0;125;0;42;0;
17030;5418081;1184845824;22138880;1384910848;0;0;0;0;0;0;0;0;0;0;0;3647;0;0;125;0;42;0;
17031;3310899;1184845824;22138880;1384910848;0;0;0;0;0;0;0;0;0;0;0;3316;0;0;125;0;42;0;
17032;5074547;1184845824;22138880;1384910848;0;0;0;0;0;0;0;0;0;0;0;2755;0;0;125;0;42;0;
17033;3100415;1184845824;22138880;1384910848;0;0;0;0;0;0;0;0;0;0;0;3686;0;0;125;0;42;0;
17034;4764556;1184845824;22138880;1384910848;0;0;0;0;0;0;0;0;0;0;0;2695;0;0;125;0;42;0;
17035;2661762;1184845824;22138880;1384910848;0;0;0;0;0;0;0;0;0;0;0;3377;0;0;125;0;42;0;
17036;4726154;1184845824;22138880;1384910848;0;0;0;0;0;0;0;0;0;0;0;3547;0;0;125;0;42;0;
17037;3880658;1184845824;22138880;1384910848;0;0;0;0;0;0;0;0;0;0;0;4017;0;0;125;0;42;0;
17038;5778527;1184845824;22138880;1384910848;0;0;0;0;0;0;0;0;0;0;0;3527;0;0;125;0;42;0;
17039;4005962;1184845824;22147072;1384919040;0;0;0;0;0;0;0;0;0;0;0;3507;0;0;125;0;42;0;
17040;5153645;1184845824;22147072;1384919040;0;0;0;0;0;0;0;0;0;0;0;3356;0;0;125;0;42;0;
17041;4742454;1184845824;22147072;1384919040;0;0;0;0;0;0;0;0;0;0;0;3556;0;0;125;0;42;0;
17042;5070819;1184845824;22147072;1384919040;0;0;0;0;0;0;0;0;0;0;0;3076;0;0;125;0;42;0;
17043;4059383;1184845824;22147072;1384919040;0;0;0;0;0;0;0;0;0;0;0;4178;0;0;125;0;42;0;
17044;5065008;1184845824;22147072;1384919040;0;0;0;0;0;0;0;0;0;0;0;3236;0;0;125;0;42;0;
17045;4340790;1184993280;22138880;1384910848;0;0;0;0;0;0;0;0;0;0;0;3277;0;0;125;0;42;0;
17046;4558068;1184993280;22138880;1384910848;0;0;0;0;0;0;0;0;0;0;0;2344;0;0;125;0;42;0;
17047;5330257;1184993280;22138880;1384910848;0;0;0;0;0;0;0;0;0;0;0;4359;0;0;125;0;42;0;
17048;5119581;1184993280;22138880;1384910848;0;0;0;0;0;0;0;0;0;0;0;3507;0;0;125;0;42;0;
17049;3903099;1184993280;22138880;1384910848;0;0;0;0;0;0;0;0;0;0;0;3196;0;0;125;0;42;0;
17050;4808507;1184993280;22138880;1384910848;0;0;0;0;0;0;0;0;0;0;0;2414;0;0;125;0;42;0;
17051;4314181;1184993280;22138880;1384910848;0;0;0;0;0;0;0;0;0;0;0;3637;0;0;125;0;42;0;
17052;4808097;1184993280;22138880;1384910848;0;0;0;0;0;0;0;0;0;0;0;2915;0;0;125;0;42;0;
17053;4962828;1184993280;22138880;1384910848;0;0;0;0;0;0;0;0;0;0;0;3797;0;0;125;0;42;0;
17054;4760418;1184993280;22138880;1384910848;0;0;0;0;0;0;0;0;0;0;0;2715;0;0;125;0;42;0;
17055;3748821;1184993280;22138880;1384910848;0;0;0;0;0;0;0;0;0;0;0;3897;0;0;125;0;42;0;
17056;5209920;1184993280;22138880;1384910848;0;0;0;0;0;0;0;0;0;0;0;2955;0;0;125;0;42;0;
17057;2805672;1184993280;22138880;1384910848;0;0;0;0;0;0;0;0;0;0;0;2895;0;0;125;0;42;0;
17058;4776307;1184993280;22138880;1384910848;0;0;0;0;0;0;0;0;0;0;0;3336;0;0;125;0;42;0;
17059;3295730;1184993280;22138880;1384910848;0;0;0;0;0;0;0;0;0;0;0;2736;0;0;125;0;42;0;
17060;4836240;1184993280;22138880;1384910848;0;0;0;0;0;0;0;0;0;0;0;2395;0;0;125;0;42;0;
17061;3611363;1184993280;22138880;1384910848;0;0;0;0;0;0;0;0;0;0;0;3126;0;0;125;0;42;0;
17062;4717227;1184993280;22138880;1384910848;0;0;0;0;0;0;0;0;0;0;0;2705;0;0;125;0;42;0;
17063;4288834;1184993280;22138880;1384910848;0;0;0;0;0;0;0;0;0;0;0;2595;0;0;125;0;42;0;
17064;4645742;1184993280;22138880;1384910848;0;0;0;0;0;0;0;0;0;0;0;2314;0;0;125;0;42;0;
17065;3019964;1184993280;22138880;1384910848;0;0;0;0;0;0;0;0;0;0;0;3046;0;0;125;0;42;0;
17066;4632047;1184993280;22138880;1384910848;0;0;0;0;0;0;0;0;0;0;0;2655;0;0;125;0;42;0;
17067;4161314;1184993280;22138880;1384910848;0;0;0;0;0;0;0;0;0;0;0;2665;0;0;125;0;42;0;
17068;4838905;1184993280;22138880;1384910848;0;0;0;0;0;0;0;0;0;0;0;2785;0;0;125;0;42;0;
17069;3522897;1184993280;22138880;1384910848;0;0;0;0;0;0;0;0;0;0;0;2835;0;0;125;0;42;0;
17070;5346948;1184993280;22138880;1384910848;0;0;0;0;0;0;0;0;0;0;0;2665;0;0;125;0;42;0;
17071;4203984;1184993280;22138880;1384910848;0;0;0;0;0;0;0;0;0;0;0;3176;0;0;125;0;42;0;
17072;5003965;1184993280;22138880;1384910848;0;0;0;0;0;0;0;0;0;0;0;3086;0;0;125;0;42;0;
17073;3426175;1184993280;22138880;1384910848;0;0;0;0;0;0;0;0;0;0;0;2555;0;0;125;0;42;0;
17074;4824297;1184993280;22138880;1384910848;0;0;0;0;0;0;0;0;0;0;0;2354;0;0;125;0;42;0;
17075;3364169;1184993280;22138880;1384910848;0;0;0;0;0;0;0;0;0;0;0;3196;0;0;125;0;42;0;
17076;4631215;1184993280;22138880;1384910848;0;0;0;0;0;0;0;0;0;0;0;3286;0;0;125;0;42;0;
17077;4180541;1184993280;22138880;1384910848;0;0;0;0;0;0;0;0;0;0;0;3597;0;0;125;0;42;0;
17078;5275083;1184993280;22138880;1384910848;0;0;0;0;0;0;0;0;0;0;0;2655;0;0;125;0;42;0;
17079;4595699;1184993280;22138880;1384910848;0;0;0;0;0;0;0;0;0;0;0;3046;0;0;125;0;42;0;
17080;5168884;1184993280;22138880;1384910848;0;0;0;0;0;0;0;0;0;0;0;3106;0;0;125;0;42;0;
17081;4032853;1184993280;22138880;1384910848;0;0;0;0;0;0;0;0;0;0;0;3887;0;0;125;0;42;0;
17082;5070399;1184993280;22138880;1384910848;0;0;0;0;0;0;0;0;0;0;0;2725;0;0;125;0;42;0;
17083;3832307;1184993280;22138880;1384910848;0;0;0;0;0;0;0;0;0;0;0;3016;0;0;125;0;42;0;
17084;4654519;1184993280;22138880;1384910848;0;0;0;0;0;0;0;0;0;0;0;2565;0;0;125;0;42;0;
17085;3782193;1184993280;22138880;1384910848;0;0;0;0;0;0;0;0;0;0;0;3326;0;0;125;0;42;0;
17086;4876516;1184993280;22138880;1384910848;0;0;0;0;0;0;0;0;0;0;0;2305;0;0;125;0;42;0;
17087;3947273;1184993280;22138880;1384910848;0;0;0;0;0;0;0;0;0;0;0;2705;0;0;125;0;42;0;
17088;4906581;1184993280;22138880;1384910848;0;0;0;0;0;0;0;0;0;0;0;2655;0;0;125;0;42;0;
17089;4260019;1184993280;22138880;1384910848;0;0;0;0;0;0;0;0;0;0;0;2895;0;0;125;0;42;0;
17090;4824839;1184993280;22138880;1384910848;0;0;0;0;0;0;0;0;0;0;0;2434;0;0;125;0;42;0;
17091;3234326;1184993280;22138880;1384910848;0;0;0;0;0;0;0;0;0;0;0;2475;0;0;125;0;42;0;
17092;4581262;1184993280;22138880;1384910848;0;0;0;0;0;0;0;0;0;0;0;2315;0;0;125;0;42;0;
17093;3888502;1184993280;22138880;1384910848;0;0;0;0;0;0;0;0;0;0;0;3376;0;0;125;0;42;0;
17094;4882005;1184993280;22138880;1384910848;0;0;0;0;0;0;0;0;0;0;0;2304;0;0;125;0;42;0;
17095;3864047;1184993280;22138880;1384910848;0;0;0;0;0;0;0;0;0;0;0;2815;0;0;125;0;42;0;
17096;4970682;1184993280;22138880;1384910848;0;0;0;0;0;0;0;0;0;0;0;2815;0;0;125;0;42;0;
17097;4504688;1184993280;22138880;1384910848;0;0;0;0;0;0;0;0;0;0;0;3918;0;0;125;0;42;0;
17098;5333152;1184993280;22138880;1384910848;0;0;0;0;0;0;0;0;0;0;0;2715;0;0;125;0;42;0;
17099;4252024;1184993280;22138880;1384910848;0;0;0;0;0;0;0;0;0;0;0;3257;0;0;125;0;42;0;
17100;5134690;1184993280;22138880;1384910848;0;0;0;0;0;0;0;0;0;0;0;3256;0;0;125;0;42;0;
17101;4324089;1184993280;22138880;1384910848;0;0;0;0;0;0;0;0;0;0;0;3556;0;0;125;0;42;0;
17102;5208147;1184993280;22138880;1384910848;0;0;0;0;0;0;0;0;0;0;0;2936;0;0;125;0;42;0;
17103;5575577;1184993280;22138880;1384910848;0;0;0;0;0;0;0;0;0;0;0;6562;0;0;125;0;42;0;
17104;5549627;1184993280;22138880;1384910848;0;0;0;0;0;0;0;0;0;0;0;2735;0;0;125;0;42;0;
17105;3980766;1184993280;22138880;1384910848;0;0;0;0;0;0;0;0;0;0;0;3336;0;0;125;0;42;0;
17106;5093963;1184993280;22138880;1384910848;0;0;0;0;0;0;0;0;0;0;0;2464;0;0;125;0;42;0;
17107;3318053;1184993280;22138880;1384910848;0;0;0;0;0;0;0;0;0;0;0;2756;0;0;125;0;42;0;
17108;5633635;1184993280;22138880;1384910848;0;0;0;0;0;0;0;0;0;0;0;2495;0;0;125;0;42;0;
17109;3404745;1184993280;22138880;1384910848;0;0;0;0;0;0;0;0;0;0;0;2976;0;0;125;0;42;0;
17110;4857600;1184993280;22138880;1384910848;0;0;0;0;0;0;0;0;0;0;0;2064;0;0;125;0;42;0;
17111;4137850;1184993280;22138880;1384910848;0;0;0;0;0;0;0;0;0;0;0;2425;0;0;125;0;42;0;
17112;4989286;1184993280;22138880;1384910848;0;0;0;0;0;0;0;0;0;0;0;2826;0;0;125;0;42;0;
17113;3742629;1184993280;22138880;1384910848;0;0;0;0;0;0;0;0;0;0;0;3266;0;0;125;0;42;0;
17114;4707879;1184993280;22138880;1384910848;0;0;0;0;0;0;0;0;0;0;0;2195;0;0;125;0;42;0;
17115;3686314;1184993280;22138880;1384910848;0;0;0;0;0;0;0;0;0;0;0;3517;0;0;125;0;42;0;
17116;4681489;1184993280;22138880;1384910848;0;0;0;0;0;0;0;0;0;0;0;2465;0;0;125;0;42;0;
17117;3560658;1184993280;22138880;1384910848;0;0;0;0;0;0;0;0;0;0;0;2475;0;0;125;0;42;0;
17118;4886644;1184993280;22138880;1384910848;0;0;0;0;0;0;0;0;0;0;0;1653;0;0;125;0;42;0;
17119;3762336;1184993280;22138880;1384910848;0;0;0;0;0;0;0;0;0;0;0;2775;0;0;125;0;42;0;
17120;4555834;1184993280;22138880;1384910848;0;0;0;0;0;0;0;0;0;0;0;2505;0;0;125;0;42;0;
17121;3922866;1184993280;22138880;1384910848;0;0;0;0;0;0;0;0;0;0;0;2945;0;0;125;0;42;0;
17122;4667904;1184993280;22138880;1384910848;0;0;0;0;0;0;0;0;0;0;0;2254;0;0;125;0;42;0;
17123;3822278;1184993280;22138880;1384910848;0;0;0;0;0;0;0;0;0;0;0;2966;0;0;125;0;42;0;
17124;4722687;1184993280;22138880;1384910848;0;0;0;0;0;0;0;0;0;0;0;2625;0;0;125;0;42;0;
17125;3611954;1184993280;22138880;1384910848;0;0;0;0;0;0;0;0;0;0;0;3006;0;0;125;0;42;0;
17126;5393655;1184993280;22138880;1384910848;0;0;0;0;0;0;0;0;0;0;0;104686;0;0;125;0;42;0;
17127;4201340;1184993280;22138880;1384910848;0;0;0;0;0;0;0;0;0;0;0;2625;0;0;125;0;42;0;
17128;4906071;1184993280;22138880;1384910848;0;0;0;0;0;0;0;0;0;0;0;2324;0;0;125;0;42;0;
17129;4116050;1184993280;22138880;1384910848;0;0;0;0;0;0;0;0;0;0;0;3216;0;0;125;0;42;0;
17130;5152784;1184993280;22138880;1384910848;0;0;0;0;0;0;0;0;0;0;0;1873;0;0;125;0;42;0;
17131;3833599;1184993280;22138880;1384910848;0;0;0;0;0;0;0;0;0;0;0;2314;0;0;125;0;42;0;
17132;5571659;1184993280;22138880;1384910848;0;0;0;0;0;0;0;0;0;0;0;2334;0;0;125;0;42;0;
17133;4570462;1184993280;22138880;1384910848;0;0;0;0;0;0;0;0;0;0;0;3236;0;0;125;0;42;0;
17134;5175827;1184993280;22138880;1384910848;0;0;0;0;0;0;0;0;0;0;0;2044;0;0;125;0;42;0;
17135;3669722;1184993280;22138880;1384910848;0;0;0;0;0;0;0;0;0;0;0;2846;0;0;125;0;42;0;
17136;5033389;1184993280;22138880;1384910848;0;0;0;0;0;0;0;0;0;0;0;2274;0;0;125;0;42;0;
17137;3592177;1184993280;22138880;1384910848;0;0;0;0;0;0;0;0;0;0;0;2174;0;0;125;0;42;0;
17138;4730952;1184993280;22138880;1384910848;0;0;0;0;0;0;0;0;0;0;0;2064;0;0;125;0;42;0;
17139;3334243;1184993280;22138880;1384910848;0;0;0;0;0;0;0;0;0;0;0;2294;0;0;125;0;42;0;
17140;4874833;1184993280;22138880;1384910848;0;0;0;0;0;0;0;0;0;0;0;2114;0;0;125;0;42;0;
17141;4091113;1184993280;22138880;1384910848;0;0;0;0;0;0;0;0;0;0;0;2224;0;0;125;0;42;0;
17142;4972385;1184993280;22138880;1384910848;0;0;0;0;0;0;0;0;0;0;0;2124;0;0;125;0;42;0;
17143;2991329;1184993280;22138880;1384910848;0;0;0;0;0;0;0;0;0;0;0;2014;0;0;125;0;42;0;
17144;4901061;1184993280;22138880;1384910848;0;0;0;0;0;0;0;0;0;0;0;2495;0;0;125;0;42;0;
17145;3281805;1184993280;22138880;1384910848;0;0;0;0;0;0;0;0;0;0;0;2264;0;0;125;0;42;0;
17146;5123408;1184993280;22138880;1384910848;0;0;0;0;0;0;0;0;0;0;0;2164;0;0;125;0;42;0;
17147;3483363;1184993280;22138880;1384910848;0;0;0;0;0;0;0;0;0;0;0;2104;0;0;125;0;42;0;
17148;4589668;1184993280;22138880;1384910848;0;0;0;0;0;0;0;0;0;0;0;2214;0;0;125;0;42;0;
17149;3368598;1184993280;22138880;1384910848;0;0;0;0;0;0;0;0;0;0;0;2585;0;0;125;0;42;0;
17150;5348982;1184993280;22138880;1384910848;0;0;0;0;0;0;0;0;0;0;0;2174;0;0;125;0;42;0;
17151;3592908;1184993280;22138880;1384910848;0;0;0;0;0;0;0;0;0;0;0;2034;0;0;125;0;42;0;
17152;5058456;1184993280;22138880;1384910848;0;0;0;0;0;0;0;0;0;0;0;2285;0;0;125;0;42;0;
17153;3979864;1184993280;22138880;1384910848;0;0;0;0;0;0;0;0;0;0;0;3256;0;0;125;0;42;0;
17154;6399592;1184993280;22138880;1384910848;0;0;0;0;0;0;0;0;0;0;0;2335;0;0;125;0;42;0;
17155;3823641;1184993280;22138880;1384910848;0;0;0;0;0;0;0;0;0;0;0;2344;0;0;125;0;42;0;
17156;5628997;1184993280;22138880;1384910848;0;0;0;0;0;0;0;0;0;0;0;2435;0;0;125;0;42;0;
17157;3384216;1184993280;22138880;1384910848;0;0;0;0;0;0;0;0;0;0;0;2595;0;0;125;0;42;0;
17158;5252320;1184993280;22138880;1384910848;0;0;0;0;0;0;0;0;0;0;0;2054;0;0;125;0;42;0;
17159;3790769;1184993280;22138880;1384910848;0;0;0;0;0;0;0;0;0;0;0;2655;0;0;125;0;42;0;
17160;5273150;1184993280;22138880;1384910848;0;0;0;0;0;0;0;0;0;0;0;2554;0;0;125;0;42;0;
17161;3638814;1184993280;22138880;1384910848;0;0;0;0;0;0;0;0;0;0;0;2615;0;0;125;0;42;0;
17162;4832222;1184993280;22138880;1384910848;0;0;0;0;0;0;0;0;0;0;0;2024;0;0;125;0;42;0;
17163;3976658;1184993280;22138880;1384910848;0;0;0;0;0;0;0;0;0;0;0;2495;0;0;125;0;42;0;
17164;5377074;1184993280;22138880;1384910848;0;0;0;0;0;0;0;0;0;0;0;2795;0;0;125;0;42;0;
17165;4099388;1184993280;22138880;1384910848;0;0;0;0;0;0;0;0;0;0;0;3286;0;0;125;0;42;0;
17166;4728368;1184993280;22138880;1384910848;0;0;0;0;0;0;0;0;0;0;0;2335;0;0;125;0;42;0;
17167;4175270;1184993280;22138880;1384910848;0;0;0;0;0;0;0;0;0;0;0;2615;0;0;125;0;42;0;
17168;5158193;1184993280;22138880;1384910848;0;0;0;0;0;0;0;0;0;0;0;2404;0;0;125;0;42;0;
17169;3559956;1184993280;22138880;1384910848;0;0;0;0;0;0;0;0;0;0;0;2635;0;0;125;0;42;0;
17170;4515389;1184993280;22138880;1384910848;0;0;0;0;0;0;0;0;0;0;0;2364;0;0;125;0;42;0;
17171;3762666;1184993280;22138880;1384910848;0;0;0;0;0;0;0;0;0;0;0;2574;0;0;125;0;42;0;
17172;5003593;1184993280;22138880;1384910848;0;0;0;0;0;0;0;0;0;0;0;2455;0;0;125;0;42;0;
17173;3676244;1184993280;22138880;1384910848;0;0;0;0;0;0;0;0;0;0;0;3055;0;0;125;0;42;0;
17174;4666501;1184993280;22138880;1384910848;0;0;0;0;0;0;0;0;0;0;0;2735;0;0;125;0;42;0;
17175;4004210;1184993280;22138880;1384910848;0;0;0;0;0;0;0;0;0;0;0;2535;0;0;125;0;42;0;
17176;5185585;1184993280;22138880;1384910848;0;0;0;0;0;0;0;0;0;0;0;2635;0;0;125;0;42;0;
17177;3629527;1184993280;22138880;1384910848;0;0;0;0;0;0;0;0;0;0;0;3085;0;0;125;0;42;0;
17178;4839546;1184993280;22138880;1384910848;0;0;0;0;0;0;0;0;0;0;0;2344;0;0;125;0;42;0;
17179;4229933;1184993280;22138880;1384910848;0;0;0;0;0;0;0;0;0;0;0;2645;0;0;125;0;42;0;
17180;4928573;1184993280;22138880;1384910848;0;0;0;0;0;0;0;0;0;0;0;2445;0;0;125;0;42;0;
17181;3209078;1184993280;22138880;1384910848;0;0;0;0;0;0;0;0;0;0;0;2264;0;0;125;0;42;0;
17182;4885683;1184993280;22138880;1384910848;0;0;0;0;0;0;0;0;0;0;0;1974;0;0;125;0;42;0;
17183;2962797;1184993280;22138880;1384910848;0;0;0;0;0;0;0;0;0;0;0;2254;0;0;125;0;42;0;
17184;5124771;1184993280;22138880;1384910848;0;0;0;0;0;0;0;0;0;0;0;2064;0;0;125;0;42;0;
17185;2983114;1184993280;22138880;1384910848;0;0;0;0;0;0;0;0;0;0;0;3196;0;0;125;0;42;0;
17186;5408754;1184993280;22138880;1384910848;0;0;0;0;0;0;0;0;0;0;0;2324;0;0;125;0;42;0;
17187;3072492;1184993280;22138880;1384910848;0;0;0;0;0;0;0;0;0;0;0;1833;0;0;125;0;42;0;
17188;5106547;1184993280;22138880;1384910848;0;0;0;0;0;0;0;0;0;0;0;2284;0;0;125;0;42;0;
17189;3650476;1184993280;22138880;1384910848;0;0;0;0;0;0;0;0;0;0;0;3005;0;0;125;0;42;0;
17190;4590509;1184993280;22138880;1384910848;0;0;0;0;0;0;0;0;0;0;0;2144;0;0;125;0;42;0;
17191;4295676;1184993280;22138880;1384910848;0;0;0;0;0;0;0;0;0;0;0;2605;0;0;125;0;42;0;
17192;4808257;1184993280;22138880;1384910848;0;0;0;0;0;0;0;0;0;0;0;2274;0;0;125;0;42;0;
17193;3630378;1184993280;22138880;1384910848;0;0;0;0;0;0;0;0;0;0;0;3006;0;0;125;0;42;0;
17194;5084265;1184993280;22138880;1384910848;0;0;0;0;0;0;0;0;0;0;0;1994;0;0;125;0;42;0;
17195;4075262;1184993280;22138880;1384910848;0;0;0;0;0;0;0;0;0;0;0;3026;0;0;125;0;42;0;
17196;4817705;1184993280;22138880;1384910848;0;0;0;0;0;0;0;0;0;0;0;2214;0;0;125;0;42;0;
17197;4127511;1184993280;22138880;1384910848;0;0;0;0;0;0;0;0;0;0;0;2746;0;0;125;0;42;0;
17198;4878629;1184993280;22138880;1384910848;0;0;0;0;0;0;0;0;0;0;0;2395;0;0;125;0;42;0;
17199;3102739;1184993280;22138880;1384910848;0;0;0;0;0;0;0;0;0;0;0;2625;0;0;125;0;42;0;
17200;4775125;1184993280;22138880;1384910848;0;0;0;0;0;0;0;0;0;0;0;2575;0;0;125;0;42;0;
17201;3238694;1184993280;22138880;1384910848;0;0;0;0;0;0;0;0;0;0;0;3676;0;0;125;0;42;0;
17202;4595859;1184993280;22138880;1384910848;0;0;0;0;0;0;0;0;0;0;0;2284;0;0;125;0;42;0;
17203;9841025;1184993280;22138880;1384910848;0;0;0;0;0;0;0;0;0;0;0;2625;0;0;125;0;42;0;
17204;7900877;1184993280;22138880;1384910848;0;0;0;0;0;0;0;0;0;0;0;2044;0;0;125;0;42;0;
17205;4018276;1184993280;22138880;1384910848;0;0;0;0;0;0;0;0;0;0;0;2956;0;0;125;0;42;0;
17206;4723218;1184993280;22138880;1384910848;0;0;0;0;0;0;0;0;0;0;0;1993;0;0;125;0;42;0;
17207;6245733;1184993280;22138880;1384910848;0;0;0;0;0;0;0;0;0;0;0;6382;0;0;125;0;42;0;
17208;6503226;1184993280;22138880;1384910848;0;0;0;0;0;0;0;0;0;0;0;3627;0;0;125;0;42;0;
17209;5961320;1184993280;22138880;1384910848;0;0;0;0;0;0;0;0;0;0;0;5941;0;0;125;0;42;0;
17210;5266266;1184993280;22138880;1384910848;0;0;0;0;0;0;0;0;0;0;0;3286;0;0;125;0;42;0;
17211;5759541;1184993280;22138880;1384910848;0;0;0;0;0;0;0;0;0;0;0;6052;0;0;125;0;42;0;
17212;5083674;1184993280;22138880;1384910848;0;0;0;0;0;0;0;0;0;0;0;3216;0;0;125;0;42;0;
17213;5977881;1184993280;22138880;1384910848;0;0;0;0;0;0;0;0;0;0;0;5991;0;0;125;0;42;0;
17214;6237057;1184993280;22138880;1384910848;0;0;0;0;0;0;0;0;0;0;0;13125;0;0;125;0;42;0;
17215;6003339;1184993280;22138880;1384910848;0;0;0;0;0;0;0;0;0;0;0;4919;0;0;125;0;42;0;
17216;5798745;1184993280;22138880;1384910848;0;0;0;0;0;0;0;0;0;0;0;4839;0;0;125;0;42;0;
17217;5330056;1184993280;22138880;1384910848;0;0;0;0;0;0;0;0;0;0;0;5781;0;0;125;0;42;0;
17218;5481009;1184993280;22138880;1384910848;0;0;0;0;0;0;0;0;0;0;0;3987;0;0;125;0;42;0;
17219;5908290;1184993280;22138880;1384910848;0;0;0;0;0;0;0;0;0;0;0;5560;0;0;125;0;42;0;
17220;5223667;1184993280;22138880;1384910848;0;0;0;0;0;0;0;0;0;0;0;3357;0;0;125;0;42;0;
17221;5517688;1184993280;22138880;1384910848;0;0;0;0;0;0;0;0;0;0;0;5962;0;0;125;0;42;0;
17222;5627554;1184993280;22138880;1384910848;0;0;0;0;0;0;0;0;0;0;0;4017;0;0;125;0;42;0;
17223;5762237;1184993280;22138880;1384910848;0;0;0;0;0;0;0;0;0;0;0;6122;0;0;125;0;42;0;
17224;5209841;1184993280;22138880;1384910848;0;0;0;0;0;0;0;0;0;0;0;2875;0;0;125;0;42;0;
17225;6160764;1184993280;22138880;1384910848;0;0;0;0;0;0;0;0;0;0;0;5621;0;0;125;0;42;0;
17226;5318785;1184993280;22138880;1384910848;0;0;0;0;0;0;0;0;0;0;0;3096;0;0;125;0;42;0;
17227;6083038;1184993280;22138880;1384910848;0;0;0;0;0;0;0;0;0;0;0;5961;0;0;125;0;42;0;
17228;5264323;1184993280;22138880;1384910848;0;0;0;0;0;0;0;0;0;0;0;3827;0;0;125;0;42;0;
17229;6105189;1184993280;22138880;1384910848;0;0;0;0;0;0;0;0;0;0;0;6422;0;0;125;0;42;0;
17230;5235148;1184993280;22138880;1384910848;0;0;0;0;0;0;0;0;0;0;0;3456;0;0;125;0;42;0;
17231;6407907;1184993280;22138880;1384910848;0;0;0;0;0;0;0;0;0;0;0;6101;0;0;125;0;42;0;
17232;5712514;1184993280;22138880;1384910848;0;0;0;0;0;0;0;0;0;0;0;3788;0;0;125;0;42;0;
17233;6562187;1184993280;22138880;1384910848;0;0;0;0;0;0;0;0;0;0;0;6232;0;0;125;0;42;0;
17234;5614770;1184993280;22138880;1384910848;0;0;0;0;0;0;0;0;0;0;0;3767;0;0;125;0;42;0;
17235;5257450;1184993280;22138880;1384910848;0;0;0;0;0;0;0;0;0;0;0;3356;0;0;125;0;42;0;
17236;5039651;1184993280;22138880;1384910848;0;0;0;0;0;0;0;0;0;0;0;3306;0;0;125;0;42;0;
17237;4808588;1184993280;22138880;1384910848;0;0;0;0;0;0;0;0;0;0;0;3556;0;0;125;0;42;0;
17238;4923854;1184993280;22138880;1384910848;0;0;0;0;0;0;0;0;0;0;0;2655;0;0;125;0;42;0;
17239;4759857;1184993280;22138880;1384910848;0;0;0;0;0;0;0;0;0;0;0;3277;0;0;125;0;42;0;
17240;4873500;1184993280;22138880;1384910848;0;0;0;0;0;0;0;0;0;0;0;3115;0;0;125;0;42;0;
17241;5140120;1184993280;22138880;1384910848;0;0;0;0;0;0;0;0;0;0;0;3176;0;0;125;0;42;0;
17242;5239086;1184993280;22138880;1384910848;0;0;0;0;0;0;0;0;0;0;0;2475;0;0;125;0;42;0;
17243;4963178;1184993280;22138880;1384910848;0;0;0;0;0;0;0;0;0;0;0;3196;0;0;125;0;42;0;
17244;5143055;1184993280;22138880;1384910848;0;0;0;0;0;0;0;0;0;0;0;2926;0;0;125;0;42;0;
17245;4483278;1184993280;22138880;1384910848;0;0;0;0;0;0;0;0;0;0;0;4108;0;0;125;0;42;0;
17246;4836320;1184993280;22138880;1384910848;0;0;0;0;0;0;0;0;0;0;0;2534;0;0;125;0;42;0;
17247;4504999;1184993280;22138880;1384910848;0;0;0;0;0;0;0;0;0;0;0;3467;0;0;125;0;42;0;
17248;5144829;1184993280;22138880;1384910848;0;0;0;0;0;0;0;0;0;0;0;3476;0;0;125;0;42;0;
17249;4659468;1184993280;22138880;1384910848;0;0;0;0;0;0;0;0;0;0;0;3957;0;0;125;0;42;0;
17250;5650867;1184993280;22138880;1384910848;0;0;0;0;0;0;0;0;0;0;0;3156;0;0;125;0;42;0;
17251;4333788;1184993280;22138880;1384910848;0;0;0;0;0;0;0;0;0;0;0;3446;0;0;125;0;42;0;
17252;5384007;1184993280;22138880;1384910848;0;0;0;0;0;0;0;0;0;0;0;3556;0;0;125;0;42;0;
17253;4875243;1184993280;22147072;1384919040;0;0;0;0;0;0;0;0;0;0;0;3016;0;0;125;0;42;0;
17254;5687597;1184993280;22147072;1384919040;0;0;0;0;0;0;0;0;0;0;0;2564;0;0;125;0;42;0;
17255;4610076;1184993280;22147072;1384919040;0;0;0;0;0;0;0;0;0;0;0;2805;0;0;125;0;42;0;
17256;4921990;1184993280;22147072;1384919040;0;0;0;0;0;0;0;0;0;0;0;2605;0;0;125;0;42;0;
17257;4892806;1184993280;22147072;1384919040;0;0;0;0;0;0;0;0;0;0;0;3236;0;0;125;0;42;0;
17258;4856858;1184993280;22147072;1384919040;0;0;0;0;0;0;0;0;0;0;0;2755;0;0;125;0;42;0;
17259;4408418;1185067008;22138880;1384910848;0;0;0;0;0;0;0;0;0;0;0;2995;0;0;125;0;42;0;
17260;5450622;1185067008;22138880;1384910848;0;0;0;0;0;0;0;0;0;0;0;3046;0;0;125;0;42;0;
17261;4435258;1185067008;22138880;1384910848;0;0;0;0;0;0;0;0;0;0;0;4128;0;0;125;0;42;0;
17262;4836350;1185067008;22138880;1384910848;0;0;0;0;0;0;0;0;0;0;0;2766;0;0;125;0;42;0;
17263;4662403;1185067008;22138880;1384910848;0;0;0;0;0;0;0;0;0;0;0;3326;0;0;125;0;42;0;
17264;5005487;1185067008;22138880;1384910848;0;0;0;0;0;0;0;0;0;0;0;2925;0;0;125;0;42;0;
17265;4088738;1185067008;22138880;1384910848;0;0;0;0;0;0;0;0;0;0;0;3807;0;0;125;0;42;0;
17266;5193059;1185067008;22138880;1384910848;0;0;0;0;0;0;0;0;0;0;0;2866;0;0;125;0;42;0;
17267;5033660;1185067008;22138880;1384910848;0;0;0;0;0;0;0;0;0;0;0;2986;0;0;125;0;42;0;
17268;5469157;1185067008;22138880;1384910848;0;0;0;0;0;0;0;0;0;0;0;3116;0;0;125;0;42;0;
17269;4045647;1185067008;22138880;1384910848;0;0;0;0;0;0;0;0;0;0;0;3777;0;0;125;0;42;0;
17270;5511797;1185067008;22138880;1384910848;0;0;0;0;0;0;0;0;0;0;0;2816;0;0;125;0;42;0;
17271;4380195;1185067008;22138880;1384910848;0;0;0;0;0;0;0;0;0;0;0;3216;0;0;125;0;42;0;
17272;4932511;1185067008;22138880;1384910848;0;0;0;0;0;0;0;0;0;0;0;3046;0;0;125;0;42;0;
17273;4509897;1185067008;22138880;1384910848;0;0;0;0;0;0;0;0;0;0;0;3557;0;0;125;0;42;0;
17274;5168433;1185067008;22138880;1384910848;0;0;0;0;0;0;0;0;0;0;0;2915;0;0;125;0;42;0;
17275;4148630;1185067008;22138880;1384910848;0;0;0;0;0;0;0;0;0;0;0;3436;0;0;125;0;42;0;
17276;5252190;1185067008;22138880;1384910848;0;0;0;0;0;0;0;0;0;0;0;3316;0;0;125;0;42;0;
17277;4687842;1185067008;22138880;1384910848;0;0;0;0;0;0;0;0;0;0;0;3676;0;0;125;0;42;0;
17278;5347920;1185067008;22138880;1384910848;0;0;0;0;0;0;0;0;0;0;0;3145;0;0;125;0;42;0;
17279;4867419;1185067008;22138880;1384910848;0;0;0;0;0;0;0;0;0;0;0;3657;0;0;125;0;42;0;
17280;5039241;1185067008;22138880;1384910848;0;0;0;0;0;0;0;0;0;0;0;2755;0;0;125;0;42;0;
17281;4925778;1185067008;22138880;1384910848;0;0;0;0;0;0;0;0;0;0;0;3977;0;0;125;0;42;0;
17282;4909107;1185067008;22138880;1384910848;0;0;0;0;0;0;0;0;0;0;0;3056;0;0;125;0;42;0;
17283;4406313;1185067008;22138880;1384910848;0;0;0;0;0;0;0;0;0;0;0;2986;0;0;125;0;42;0;
17284;5329716;1185067008;22138880;1384910848;0;0;0;0;0;0;0;0;0;0;0;3266;0;0;125;0;42;0;
17285;4056106;1185067008;22138880;1384910848;0;0;0;0;0;0;0;0;0;0;0;3306;0;0;125;0;42;0;
17286;4771829;1185067008;22138880;1384910848;0;0;0;0;0;0;0;0;0;0;0;2855;0;0;125;0;42;0;
17287;4864593;1185067008;22138880;1384910848;0;0;0;0;0;0;0;0;0;0;0;3516;0;0;125;0;42;0;
17288;5060600;1185067008;22138880;1384910848;0;0;0;0;0;0;0;0;0;0;0;3046;0;0;125;0;42;0;
17289;4570391;1185067008;22138880;1384910848;0;0;0;0;0;0;0;0;0;0;0;3747;0;0;125;0;42;0;
17290;5212695;1185067008;22138880;1384910848;0;0;0;0;0;0;0;0;0;0;0;2905;0;0;125;0;42;0;
17291;4641575;1185067008;22138880;1384910848;0;0;0;0;0;0;0;0;0;0;0;3617;0;0;125;0;42;0;
17292;5232182;1185067008;22138880;1384910848;0;0;0;0;0;0;0;0;0;0;0;3196;0;0;125;0;42;0;
17293;4205617;1185067008;22138880;1384910848;0;0;0;0;0;0;0;0;0;0;0;4509;0;0;125;0;42;0;
17294;5062233;1185067008;22138880;1384910848;0;0;0;0;0;0;0;0;0;0;0;3116;0;0;125;0;42;0;
17295;4780375;1185067008;22138880;1384910848;0;0;0;0;0;0;0;0;0;0;0;3817;0;0;125;0;42;0;
17296;5208979;1185067008;22138880;1384910848;0;0;0;0;0;0;0;0;0;0;0;3096;0;0;125;0;42;0;
17297;4789852;1185067008;22138880;1384910848;0;0;0;0;0;0;0;0;0;0;0;3927;0;0;125;0;42;0;
17298;5219359;1185067008;22138880;1384910848;0;0;0;0;0;0;0;0;0;0;0;2685;0;0;125;0;42;0;
17299;4423836;1185067008;22138880;1384910848;0;0;0;0;0;0;0;0;0;0;0;3196;0;0;125;0;42;0;
17300;5097560;1185067008;22138880;1384910848;0;0;0;0;0;0;0;0;0;0;0;3196;0;0;125;0;42;0;
17301;4781287;1185067008;22138880;1384910848;0;0;0;0;0;0;0;0;0;0;0;3537;0;0;125;0;42;0;
17302;5103711;1185067008;22138880;1384910848;0;0;0;0;0;0;0;0;0;0;0;3306;0;0;125;0;42;0;
17303;4314992;1185067008;22138880;1384910848;0;0;0;0;0;0;0;0;0;0;0;3717;0;0;125;0;42;0;
17304;5201234;1185067008;22138880;1384910848;0;0;0;0;0;0;0;0;0;0;0;2925;0;0;125;0;42;0;
17305;5368437;1185067008;22138880;1384910848;0;0;0;0;0;0;0;0;0;0;0;3176;0;0;125;0;42;0;
17306;5022479;1185067008;22138880;1384910848;0;0;0;0;0;0;0;0;0;0;0;3075;0;0;125;0;42;0;
17307;4217620;1185067008;22138880;1384910848;0;0;0;0;0;0;0;0;0;0;0;3597;0;0;125;0;42;0;
17308;5314457;1185067008;22138880;1384910848;0;0;0;0;0;0;0;0;0;0;0;3146;0;0;125;0;42;0;
17309;4517212;1185067008;22138880;1384910848;0;0;0;0;0;0;0;0;0;0;0;3787;0;0;125;0;42;0;
17310;5292405;1185067008;22138880;1384910848;0;0;0;0;0;0;0;0;0;0;0;3036;0;0;125;0;42;0;
17311;4408968;1185067008;22138880;1384910848;0;0;0;0;0;0;0;0;0;0;0;3797;0;0;125;0;42;0;
17312;5184483;1185067008;22138880;1384910848;0;0;0;0;0;0;0;0;0;0;0;3156;0;0;125;0;42;0;
17313;4270319;1185067008;22138880;1384910848;0;0;0;0;0;0;0;0;0;0;0;3316;0;0;125;0;42;0;
17314;6004110;1185067008;22138880;1384910848;0;0;0;0;0;0;0;0;0;0;0;3036;0;0;125;0;42;0;
17315;4837522;1185067008;22138880;1384910848;0;0;0;0;0;0;0;0;0;0;0;3096;0;0;125;0;42;0;
17316;5728984;1185067008;22138880;1384910848;0;0;0;0;0;0;0;0;0;0;0;117170;0;0;125;0;42;0;
17317;4345369;1185067008;22138880;1384910848;0;0;0;0;0;0;0;0;0;0;0;3046;0;0;125;0;42;0;
17318;5775571;1185067008;22138880;1384910848;0;0;0;0;0;0;0;0;0;0;0;3135;0;0;125;0;42;0;
17319;4496613;1185067008;22138880;1384910848;0;0;0;0;0;0;0;0;0;0;0;3236;0;0;125;0;42;0;
17320;5069106;1185067008;22138880;1384910848;0;0;0;0;0;0;0;0;0;0;0;2254;0;0;125;0;42;0;
17321;4789763;1185067008;22138880;1384910848;0;0;0;0;0;0;0;0;0;0;0;3877;0;0;125;0;42;0;
17322;5188581;1185067008;22138880;1384910848;0;0;0;0;0;0;0;0;0;0;0;2735;0;0;125;0;42;0;
17323;3956450;1185067008;22138880;1384910848;0;0;0;0;0;0;0;0;0;0;0;3507;0;0;125;0;42;0;
17324;5310489;1185067008;22138880;1384910848;0;0;0;0;0;0;0;0;0;0;0;2735;0;0;125;0;42;0;
17325;4792578;1185067008;22138880;1384910848;0;0;0;0;0;0;0;0;0;0;0;3476;0;0;125;0;42;0;
17326;5334294;1185067008;22138880;1384910848;0;0;0;0;0;0;0;0;0;0;0;2755;0;0;125;0;42;0;
17327;4481334;1185067008;22138880;1384910848;0;0;0;0;0;0;0;0;0;0;0;3176;0;0;125;0;42;0;
17328;5328503;1185067008;22138880;1384910848;0;0;0;0;0;0;0;0;0;0;0;3256;0;0;125;0;42;0;
17329;4264026;1185067008;22138880;1384910848;0;0;0;0;0;0;0;0;0;0;0;3116;0;0;125;0;42;0;
17330;4837842;1185067008;22138880;1384910848;0;0;0;0;0;0;0;0;0;0;0;2595;0;0;125;0;42;0;
17331;4522942;1185067008;22138880;1384910848;0;0;0;0;0;0;0;0;0;0;0;3066;0;0;125;0;42;0;
17332;5224468;1185067008;22138880;1384910848;0;0;0;0;0;0;0;0;0;0;0;3126;0;0;125;0;42;0;
17333;3987057;1185067008;22138880;1384910848;0;0;0;0;0;0;0;0;0;0;0;3496;0;0;125;0;42;0;
17334;5140280;1185067008;22138880;1384910848;0;0;0;0;0;0;0;0;0;0;0;2805;0;0;125;0;42;0;
17335;4966114;1185067008;22138880;1384910848;0;0;0;0;0;0;0;0;0;0;0;2815;0;0;125;0;42;0;
17336;4790324;1185067008;22138880;1384910848;0;0;0;0;0;0;0;0;0;0;0;3066;0;0;125;0;42;0;
17337;4376758;1185067008;22138880;1384910848;0;0;0;0;0;0;0;0;0;0;0;3607;0;0;125;0;42;0;
17338;5359491;1185067008;22138880;1384910848;0;0;0;0;0;0;0;0;0;0;0;2544;0;0;125;0;42;0;
17339;4350899;1185067008;22138880;1384910848;0;0;0;0;0;0;0;0;0;0;0;2975;0;0;125;0;42;0;
17340;5000558;1185067008;22138880;1384910848;0;0;0;0;0;0;0;0;0;0;0;2655;0;0;125;0;42;0;
17341;4818166;1185067008;22138880;1384910848;0;0;0;0;0;0;0;0;0;0;0;3667;0;0;125;0;42;0;
17342;5537054;1185067008;22138880;1384910848;0;0;0;0;0;0;0;0;0;0;0;2815;0;0;125;0;42;0;
17343;4376627;1185067008;22138880;1384910848;0;0;0;0;0;0;0;0;0;0;0;3156;0;0;125;0;42;0;
17344;5399305;1185067008;22138880;1384910848;0;0;0;0;0;0;0;0;0;0;0;3216;0;0;125;0;42;0;
17345;5098993;1185067008;22138880;1384910848;0;0;0;0;0;0;0;0;0;0;0;4028;0;0;125;0;42;0;
17346;5660125;1185067008;22138880;1384910848;0;0;0;0;0;0;0;0;0;0;0;3186;0;0;125;0;42;0;
17347;3935881;1185067008;22138880;1384910848;0;0;0;0;0;0;0;0;0;0;0;3266;0;0;125;0;42;0;
17348;5250237;1185067008;22138880;1384910848;0;0;0;0;0;0;0;0;0;0;0;2795;0;0;125;0;42;0;
17349;3873985;1185067008;22138880;1384910848;0;0;0;0;0;0;0;0;0;0;0;3387;0;0;125;0;42;0;
17350;4881344;1185067008;22138880;1384910848;0;0;0;0;0;0;0;0;0;0;0;2575;0;0;125;0;42;0;
17351;4234180;1185067008;22138880;1384910848;0;0;0;0;0;0;0;0;0;0;0;3717;0;0;125;0;42;0;
17352;6006224;1185067008;22138880;1384910848;0;0;0;0;0;0;0;0;0;0;0;3396;0;0;125;0;42;0;
17353;4515478;1185067008;22138880;1384910848;0;0;0;0;0;0;0;0;0;0;0;3537;0;0;125;0;42;0;
17354;5289840;1185067008;22138880;1384910848;0;0;0;0;0;0;0;0;0;0;0;2716;0;0;125;0;42;0;
17355;4321164;1185067008;22138880;1384910848;0;0;0;0;0;0;0;0;0;0;0;3647;0;0;125;0;42;0;
17356;5555238;1185067008;22138880;1384910848;0;0;0;0;0;0;0;0;0;0;0;3086;0;0;125;0;42;0;
17357;4219353;1185067008;22138880;1384910848;0;0;0;0;0;0;0;0;0;0;0;3646;0;0;125;0;42;0;
17358;5137014;1185067008;22138880;1384910848;0;0;0;0;0;0;0;0;0;0;0;2855;0;0;125;0;42;0;
17359;4712688;1185067008;22138880;1384910848;0;0;0;0;0;0;0;0;0;0;0;3677;0;0;125;0;42;0;
17360;5102208;1185067008;22138880;1384910848;0;0;0;0;0;0;0;0;0;0;0;3216;0;0;125;0;42;0;
17361;4632759;1185067008;22138880;1384910848;0;0;0;0;0;0;0;0;0;0;0;3587;0;0;125;0;42;0;
17362;5169084;1185067008;22138880;1384910848;0;0;0;0;0;0;0;0;0;0;0;3116;0;0;125;0;42;0;
17363;4943271;1185067008;22138880;1384910848;0;0;0;0;0;0;0;0;0;0;0;3206;0;0;125;0;42;0;
17364;5016628;1185067008;22138880;1384910848;0;0;0;0;0;0;0;0;0;0;0;3416;0;0;125;0;42;0;
17365;4490421;1185067008;22138880;1384910848;0;0;0;0;0;0;0;0;0;0;0;4238;0;0;125;0;42;0;
17366;5112508;1185067008;22138880;1384910848;0;0;0;0;0;0;0;0;0;0;0;2785;0;0;125;0;42;0;
17367;4796886;1185067008;22138880;1384910848;0;0;0;0;0;0;0;0;0;0;0;3546;0;0;125;0;42;0;
17368;5477222;1185067008;22138880;1384910848;0;0;0;0;0;0;0;0;0;0;0;2916;0;0;125;0;42;0;
17369;4195328;1185067008;22138880;1384910848;0;0;0;0;0;0;0;0;0;0;0;3737;0;0;125;0;42;0;
17370;6070485;1185067008;22138880;1384910848;0;0;0;0;0;0;0;0;0;0;0;2826;0;0;125;0;42;0;
17371;4391636;1185067008;22138880;1384910848;0;0;0;0;0;0;0;0;0;0;0;3226;0;0;125;0;42;0;
17372;5939318;1185067008;22138880;1384910848;0;0;0;0;0;0;0;0;0;0;0;3176;0;0;125;0;42;0;
17373;4796105;1185067008;22138880;1384910848;0;0;0;0;0;0;0;0;0;0;0;3266;0;0;125;0;42;0;
17374;5128417;1185067008;22138880;1384910848;0;0;0;0;0;0;0;0;0;0;0;2725;0;0;125;0;42;0;
17375;4687250;1185067008;22138880;1384910848;0;0;0;0;0;0;0;0;0;0;0;3286;0;0;125;0;42;0;
17376;5547133;1185067008;22138880;1384910848;0;0;0;0;0;0;0;0;0;0;0;3166;0;0;125;0;42;0;
17377;4185008;1185067008;22138880;1384910848;0;0;0;0;0;0;0;0;0;0;0;3256;0;0;125;0;42;0;
17378;5470349;1185067008;22138880;1384910848;0;0;0;0;0;0;0;0;0;0;0;2946;0;0;125;0;42;0;
17379;5237653;1185067008;22138880;1384910848;0;0;0;0;0;0;0;0;0;0;0;3357;0;0;125;0;42;0;
17380;6074291;1185067008;22138880;1384910848;0;0;0;0;0;0;0;0;0;0;0;3226;0;0;125;0;42;0;
17381;4644560;1185067008;22138880;1384910848;0;0;0;0;0;0;0;0;0;0;0;3877;0;0;125;0;42;0;
17382;5498442;1185067008;22138880;1384910848;0;0;0;0;0;0;0;0;0;0;0;3386;0;0;125;0;42;0;
17383;4259649;1185067008;22138880;1384910848;0;0;0;0;0;0;0;0;0;0;0;3847;0;0;125;0;42;0;
17384;5092511;1185067008;22138880;1384910848;0;0;0;0;0;0;0;0;0;0;0;3086;0;0;125;0;42;0;
17385;5352929;1185067008;22138880;1384910848;0;0;0;0;0;0;0;0;0;0;0;4118;0;0;125;0;42;0;
17386;5095266;1185067008;22138880;1384910848;0;0;0;0;0;0;0;0;0;0;0;3096;0;0;125;0;42;0;
17387;4422153;1185067008;22138880;1384910848;0;0;0;0;0;0;0;0;0;0;0;2996;0;0;125;0;42;0;
17388;6178928;1185067008;22138880;1384910848;0;0;0;0;0;0;0;0;0;0;0;3246;0;0;125;0;42;0;
17389;4505740;1185067008;22138880;1384910848;0;0;0;0;0;0;0;0;0;0;0;3586;0;0;125;0;42;0;
17390;5042366;1185067008;22138880;1384910848;0;0;0;0;0;0;0;0;0;0;0;2495;0;0;125;0;42;0;
17391;4550725;1185067008;22138880;1384910848;0;0;0;0;0;0;0;0;0;0;0;3145;0;0;125;0;42;0;
17392;5275203;1185067008;22138880;1384910848;0;0;0;0;0;0;0;0;0;0;0;2955;0;0;125;0;42;0;
17393;4555173;1185067008;22138880;1384910848;0;0;0;0;0;0;0;0;0;0;0;3076;0;0;125;0;42;0;
17394;4953540;1185067008;22138880;1384910848;0;0;0;0;0;0;0;0;0;0;0;3497;0;0;125;0;42;0;
17395;5467984;1185067008;22138880;1384910848;0;0;0;0;0;0;0;0;0;0;0;3256;0;0;125;0;42;0;
17396;4797748;1185067008;22138880;1384910848;0;0;0;0;0;0;0;0;0;0;0;2295;0;0;125;0;42;0;
17397;5445843;1185067008;22138880;1384910848;0;0;0;0;0;0;0;0;0;0;0;3677;0;0;125;0;42;0;
17398;5775872;1185067008;22138880;1384910848;0;0;0;0;0;0;0;0;0;0;0;3005;0;0;125;0;42;0;
17399;13652674;1185067008;22138880;1384910848;0;0;0;0;0;0;0;0;0;0;0;3757;0;0;125;0;42;0;
17400;5425334;1185067008;22138880;1384910848;0;0;0;0;0;0;0;0;0;0;0;3226;0;0;125;0;42;0;
17401;4543992;1185067008;22138880;1384910848;0;0;0;0;0;0;0;0;0;0;0;4158;0;0;125;0;42;0;
17402;5568032;1185067008;22138880;1384910848;0;0;0;0;0;0;0;0;0;0;0;3006;0;0;125;0;42;0;
17403;5057054;1185067008;22138880;1384910848;0;0;0;0;0;0;0;0;0;0;0;3467;0;0;125;0;42;0;
17404;5031286;1185067008;22138880;1384910848;0;0;0;0;0;0;0;0;0;0;0;2956;0;0;125;0;42;0;
17405;4742103;1185067008;22138880;1384910848;0;0;0;0;0;0;0;0;0;0;0;3807;0;0;125;0;42;0;
17406;5054219;1185067008;22138880;1384910848;0;0;0;0;0;0;0;0;0;0;0;2886;0;0;125;0;42;0;
17407;3975065;1185067008;22138880;1384910848;0;0;0;0;0;0;0;0;0;0;0;3296;0;0;125;0;42;0;
17408;4761600;1185067008;22138880;1384910848;0;0;0;0;0;0;0;0;0;0;0;2946;0;0;125;0;42;0;
17409;3568302;1185067008;22138880;1384910848;0;0;0;0;0;0;0;0;0;0;0;3296;0;0;125;0;42;0;
17410;5305660;1185067008;22138880;1384910848;0;0;0;0;0;0;0;0;0;0;0;2775;0;0;125;0;42;0;
17411;3551129;1185067008;22138880;1384910848;0;0;0;0;0;0;0;0;0;0;0;3156;0;0;125;0;42;0;
17412;4784373;1185067008;22138880;1384910848;0;0;0;0;0;0;0;0;0;0;0;2805;0;0;125;0;42;0;
17413;3963914;1185067008;22138880;1384910848;0;0;0;0;0;0;0;0;0;0;0;3617;0;0;125;0;42;0;
17414;4859173;1185067008;22138880;1384910848;0;0;0;0;0;0;0;0;0;0;0;2815;0;0;125;0;42;0;
17415;3361604;1185067008;22138880;1384910848;0;0;0;0;0;0;0;0;0;0;0;3026;0;0;125;0;42;0;
17416;4863791;1185067008;22138880;1384910848;0;0;0;0;0;0;0;0;0;0;0;2335;0;0;125;0;42;0;
17417;3693326;1185067008;22138880;1384910848;0;0;0;0;0;0;0;0;0;0;0;3226;0;0;125;0;42;0;
17418;4774183;1185067008;22138880;1384910848;0;0;0;0;0;0;0;0;0;0;0;3026;0;0;125;0;42;0;
17419;3694308;1185067008;22138880;1384910848;0;0;0;0;0;0;0;0;0;0;0;3216;0;0;125;0;42;0;
17420;4951616;1185067008;22138880;1384910848;0;0;0;0;0;0;0;0;0;0;0;2965;0;0;125;0;42;0;
17421;3900916;1185067008;22138880;1384910848;0;0;0;0;0;0;0;0;0;0;0;2985;0;0;125;0;42;0;
17422;5332380;1185067008;22138880;1384910848;0;0;0;0;0;0;0;0;0;0;0;2655;0;0;125;0;42;0;
17423;3657249;1185067008;22138880;1384910848;0;0;0;0;0;0;0;0;0;0;0;3336;0;0;125;0;42;0;
17424;4526118;1185067008;22138880;1384910848;0;0;0;0;0;0;0;0;0;0;0;3106;0;0;125;0;42;0;
17425;4374875;1185067008;22138880;1384910848;0;0;0;0;0;0;0;0;0;0;0;3447;0;0;125;0;42;0;
17426;4873449;1185067008;22138880;1384910848;0;0;0;0;0;0;0;0;0;0;0;2775;0;0;125;0;42;0;
17427;3617985;1185067008;22138880;1384910848;0;0;0;0;0;0;0;0;0;0;0;3416;0;0;125;0;42;0;
17428;4939253;1185067008;22138880;1384910848;0;0;0;0;0;0;0;0;0;0;0;3166;0;0;125;0;42;0;
17429;5664724;1185067008;22138880;1384910848;0;0;0;0;0;0;0;0;0;0;0;3847;0;0;125;0;42;0;
17430;5064849;1185067008;22138880;1384910848;0;0;0;0;0;0;0;0;0;0;0;2685;0;0;125;0;42;0;
17431;4876486;1185067008;22138880;1384910848;0;0;0;0;0;0;0;0;0;0;0;3737;0;0;125;0;42;0;
17432;5280152;1185067008;22138880;1384910848;0;0;0;0;0;0;0;0;0;0;0;3116;0;0;125;0;42;0;
17433;4228470;1185067008;22138880;1384910848;0;0;0;0;0;0;0;0;0;0;0;3747;0;0;125;0;42;0;
17434;5105434;1185067008;22138880;1384910848;0;0;0;0;0;0;0;0;0;0;0;3236;0;0;125;0;42;0;
17435;4448823;1185067008;22138880;1384910848;0;0;0;0;0;0;0;0;0;0;0;3136;0;0;125;0;42;0;
17436;5222004;1185067008;22138880;1384910848;0;0;0;0;0;0;0;0;0;0;0;3116;0;0;125;0;42;0;
17437;3332290;1185067008;22138880;1384910848;0;0;0;0;0;0;0;0;0;0;0;3496;0;0;125;0;42;0;
17438;4828535;1185067008;22138880;1384910848;0;0;0;0;0;0;0;0;0;0;0;2745;0;0;125;0;42;0;
17439;4356591;1185067008;22138880;1384910848;0;0;0;0;0;0;0;0;0;0;0;2985;0;0;125;0;42;0;
17440;4785354;1185067008;22138880;1384910848;0;0;0;0;0;0;0;0;0;0;0;2916;0;0;125;0;42;0;
17441;3407730;1185067008;22138880;1384910848;0;0;0;0;0;0;0;0;0;0;0;3516;0;0;125;0;42;0;
17442;4691098;1185067008;22138880;1384910848;0;0;0;0;0;0;0;0;0;0;0;2825;0;0;125;0;42;0;
17443;3063556;1185067008;22138880;1384910848;0;0;0;0;0;0;0;0;0;0;0;3055;0;0;125;0;42;0;
17444;5133077;1185067008;22138880;1384910848;0;0;0;0;0;0;0;0;0;0;0;3006;0;0;125;0;42;0;
17445;3475368;1185067008;22138880;1384910848;0;0;0;0;0;0;0;0;0;0;0;2986;0;0;125;0;42;0;
17446;5013092;1185067008;22138880;1384910848;0;0;0;0;0;0;0;0;0;0;0;2856;0;0;125;0;42;0;
17447;5135641;1185067008;22138880;1384910848;0;0;0;0;0;0;0;0;0;0;0;4208;0;0;125;0;42;0;
17448;5733292;1185067008;22138880;1384910848;0;0;0;0;0;0;0;0;0;0;0;3276;0;0;125;0;42;0;
17449;4203833;1185067008;22138880;1384910848;0;0;0;0;0;0;0;0;0;0;0;3697;0;0;125;0;42;0;
17450;4849265;1185067008;22138880;1384910848;0;0;0;0;0;0;0;0;0;0;0;2896;0;0;125;0;42;0;
17451;4772760;1185067008;22138880;1384910848;0;0;0;0;0;0;0;0;0;0;0;3336;0;0;125;0;42;0;
17452;5311812;1185067008;22138880;1384910848;0;0;0;0;0;0;0;0;0;0;0;2995;0;0;125;0;42;0;
17453;3343931;1185067008;22138880;1384910848;0;0;0;0;0;0;0;0;0;0;0;3136;0;0;125;0;42;0;
17454;6026091;1185067008;22138880;1384910848;0;0;0;0;0;0;0;0;0;0;0;2635;0;0;125;0;42;0;
17455;4226666;1185067008;22138880;1384910848;0;0;0;0;0;0;0;0;0;0;0;2955;0;0;125;0;42;0;
17456;5202617;1185067008;22138880;1384910848;0;0;0;0;0;0;0;0;0;0;0;3096;0;0;125;0;42;0;
17457;4963488;1185067008;22138880;1384910848;0;0;0;0;0;0;0;0;0;0;0;3396;0;0;125;0;42;0;
17458;5470560;1185067008;22138880;1384910848;0;0;0;0;0;0;0;0;0;0;0;3446;0;0;125;0;42;0;
17459;4875854;1185067008;22147072;1384919040;0;0;0;0;0;0;0;0;0;0;0;3216;0;0;125;0;42;0;
17460;5049640;1185067008;22147072;1384919040;0;0;0;0;0;0;0;0;0;0;0;3196;0;0;125;0;42;0;
17461;5056082;1185067008;22147072;1384919040;0;0;0;0;0;0;0;0;0;0;0;3807;0;0;125;0;42;0;
17462;4749908;1185067008;22147072;1384919040;0;0;0;0;0;0;0;0;0;0;0;3015;0;0;125;0;42;0;
17463;4329129;1185067008;22147072;1384919040;0;0;0;0;0;0;0;0;0;0;0;3346;0;0;125;0;42;0;
17464;5719115;1185067008;22147072;1384919040;0;0;0;0;0;0;0;0;0;0;0;2825;0;0;125;0;42;0;
17465;4532751;1185140736;22138880;1384910848;0;0;0;0;0;0;0;0;0;0;0;3126;0;0;125;0;42;0;
17466;5428230;1185140736;22138880;1384910848;0;0;0;0;0;0;0;0;0;0;0;2725;0;0;125;0;42;0;
17467;5344684;1185140736;22138880;1384910848;0;0;0;0;0;0;0;0;0;0;0;3096;0;0;125;0;42;0;
17468;5128688;1185140736;22138880;1384910848;0;0;0;0;0;0;0;0;0;0;0;2695;0;0;125;0;42;0;
17469;4015751;1185140736;22138880;1384910848;0;0;0;0;0;0;0;0;0;0;0;3206;0;0;125;0;42;0;
17470;5361244;1185140736;22138880;1384910848;0;0;0;0;0;0;0;0;0;0;0;2504;0;0;125;0;42;0;
17471;4903967;1185140736;22138880;1384910848;0;0;0;0;0;0;0;0;0;0;0;5540;0;0;125;0;42;0;
17472;6503267;1185140736;22138880;1384910848;0;0;0;0;0;0;0;0;0;0;0;3206;0;0;125;0;42;0;
17473;5304769;1185140736;22138880;1384910848;0;0;0;0;0;0;0;0;0;0;0;3406;0;0;125;0;42;0;
17474;6138242;1185140736;22138880;1384910848;0;0;0;0;0;0;0;0;0;0;0;2224;0;0;125;0;42;0;
17475;3042967;1185140736;22138880;1384910848;0;0;0;0;0;0;0;0;0;0;0;2425;0;0;125;0;42;0;
17476;4662114;1185140736;22138880;1384910848;0;0;0;0;0;0;0;0;0;0;0;2194;0;0;125;0;42;0;
17477;2961985;1185140736;22138880;1384910848;0;0;0;0;0;0;0;0;0;0;0;2535;0;0;125;0;42;0;
17478;4837101;1185140736;22138880;1384910848;0;0;0;0;0;0;0;0;0;0;0;2114;0;0;125;0;42;0;
17479;2326313;1185140736;22138880;1384910848;0;0;0;0;0;0;0;0;0;0;0;2174;0;0;125;0;42;0;
17480;4521860;1185140736;22138880;1384910848;0;0;0;0;0;0;0;0;0;0;0;2354;0;0;125;0;42;0;
17481;2485832;1185140736;22138880;1384910848;0;0;0;0;0;0;0;0;0;0;0;3116;0;0;125;0;42;0;
17482;4884481;1185140736;22138880;1384910848;0;0;0;0;0;0;0;0;0;0;0;2204;0;0;125;0;42;0;
17483;2111530;1185140736;22138880;1384910848;0;0;0;0;0;0;0;0;0;0;0;2555;0;0;125;0;42;0;
17484;4670869;1185140736;22138880;1384910848;0;0;0;0;0;0;0;0;0;0;0;2294;0;0;125;0;42;0;
17485;2513313;1185140736;22138880;1384910848;0;0;0;0;0;0;0;0;0;0;0;2905;0;0;125;0;42;0;
17486;4807195;1185140736;22138880;1384910848;0;0;0;0;0;0;0;0;0;0;0;2214;0;0;125;0;42;0;
17487;2852991;1185140736;22138880;1384910848;0;0;0;0;0;0;0;0;0;0;0;2394;0;0;125;0;42;0;
17488;4537970;1185140736;22138880;1384910848;0;0;0;0;0;0;0;0;0;0;0;2404;0;0;125;0;42;0;
17489;2785785;1185140736;22138880;1384910848;0;0;0;0;0;0;0;0;0;0;0;2635;0;0;125;0;42;0;
17490;4547137;1185140736;22138880;1384910848;0;0;0;0;0;0;0;0;0;0;0;2164;0;0;125;0;42;0;
17491;3273128;1185140736;22138880;1384910848;0;0;0;0;0;0;0;0;0;0;0;2084;0;0;125;0;42;0;
17492;4699874;1185140736;22138880;1384910848;0;0;0;0;0;0;0;0;0;0;0;2134;0;0;125;0;42;0;
17493;2804129;1185140736;22138880;1384910848;0;0;0;0;0;0;0;0;0;0;0;2485;0;0;125;0;42;0;
17494;4981512;1185140736;22138880;1384910848;0;0;0;0;0;0;0;0;0;0;0;2094;0;0;125;0;42;0;
17495;2759786;1185140736;22138880;1384910848;0;0;0;0;0;0;0;0;0;0;0;2424;0;0;125;0;42;0;
17496;4622278;1185140736;22138880;1384910848;0;0;0;0;0;0;0;0;0;0;0;2154;0;0;125;0;42;0;
17497;2648467;1185140736;22138880;1384910848;0;0;0;0;0;0;0;0;0;0;0;2354;0;0;125;0;42;0;
17498;5263802;1185140736;22138880;1384910848;0;0;0;0;0;0;0;0;0;0;0;1984;0;0;125;0;42;0;
17499;2380885;1185140736;22138880;1384910848;0;0;0;0;0;0;0;0;0;0;0;2384;0;0;125;0;42;0;
17500;5128628;1185140736;22138880;1384910848;0;0;0;0;0;0;0;0;0;0;0;2264;0;0;125;0;42;0;
17501;2899076;1185140736;22138880;1384910848;0;0;0;0;0;0;0;0;0;0;0;3016;0;0;125;0;42;0;
17502;4752333;1185140736;22138880;1384910848;0;0;0;0;0;0;0;0;0;0;0;2123;0;0;125;0;42;0;
17503;4190990;1185140736;22138880;1384910848;0;0;0;0;0;0;0;0;0;0;0;2224;0;0;125;0;42;0;
17504;4816663;1185140736;22138880;1384910848;0;0;0;0;0;0;0;0;0;0;0;2214;0;0;125;0;42;0;
17505;3864247;1185140736;22138880;1384910848;0;0;0;0;0;0;0;0;0;0;0;2855;0;0;125;0;42;0;
17506;4815160;1185140736;22138880;1384910848;0;0;0;0;0;0;0;0;0;0;0;2024;0;0;125;0;42;0;
17507;5499353;1185140736;22138880;1384910848;0;0;0;0;0;0;0;0;0;0;0;4298;0;0;125;0;42;0;
17508;5629928;1185140736;22138880;1384910848;0;0;0;0;0;0;0;0;0;0;0;2896;0;0;125;0;42;0;
17509;6699144;1185140736;22138880;1384910848;0;0;0;0;0;0;0;0;0;0;0;3997;0;0;125;0;42;0;
17510;5765633;1185140736;22138880;1384910848;0;0;0;0;0;0;0;0;0;0;0;2725;0;0;125;0;42;0;
17511;4668715;1185140736;22138880;1384910848;0;0;0;0;0;0;0;0;0;0;0;3436;0;0;125;0;42;0;
17512;5533006;1185140736;22138880;1384910848;0;0;0;0;0;0;0;0;0;0;0;2846;0;0;125;0;42;0;
17513;4835398;1185140736;22138880;1384910848;0;0;0;0;0;0;0;0;0;0;0;3898;0;0;125;0;42;0;
17514;5602146;1185140736;22138880;1384910848;0;0;0;0;0;0;0;0;0;0;0;2986;0;0;125;0;42;0;
17515;3451312;1185140736;22138880;1384910848;0;0;0;0;0;0;0;0;0;0;0;3045;0;0;125;0;42;0;
17516;5037668;1185140736;22138880;1384910848;0;0;0;0;0;0;0;0;0;0;0;2765;0;0;125;0;42;0;
17517;4290677;1185140736;22138880;1384910848;0;0;0;0;0;0;0;0;0;0;0;3396;0;0;125;0;42;0;
17518;5273620;1185140736;22138880;1384910848;0;0;0;0;0;0;0;0;0;0;0;2975;0;0;125;0;42;0;
17519;3395548;1185140736;22138880;1384910848;0;0;0;0;0;0;0;0;0;0;0;2835;0;0;125;0;42;0;
17520;4884480;1185140736;22138880;1384910848;0;0;0;0;0;0;0;0;0;0;0;2855;0;0;125;0;42;0;
17521;3876049;1185140736;22138880;1384910848;0;0;0;0;0;0;0;0;0;0;0;3056;0;0;125;0;42;0;
17522;4878149;1185140736;22138880;1384910848;0;0;0;0;0;0;0;0;0;0;0;2835;0;0;125;0;42;0;
17523;3200913;1185140736;22138880;1384910848;0;0;0;0;0;0;0;0;0;0;0;2935;0;0;125;0;42;0;
17524;4940225;1185140736;22138880;1384910848;0;0;0;0;0;0;0;0;0;0;0;2815;0;0;125;0;42;0;
17525;3375821;1185140736;22138880;1384910848;0;0;0;0;0;0;0;0;0;0;0;3146;0;0;125;0;42;0;
17526;4936157;1185140736;22138880;1384910848;0;0;0;0;0;0;0;0;0;0;0;2605;0;0;125;0;42;0;
17527;3401560;1185140736;22138880;1384910848;0;0;0;0;0;0;0;0;0;0;0;2785;0;0;125;0;42;0;
17528;5165908;1185140736;22138880;1384910848;0;0;0;0;0;0;0;0;0;0;0;2806;0;0;125;0;42;0;
17529;3609208;1185140736;22138880;1384910848;0;0;0;0;0;0;0;0;0;0;0;2876;0;0;125;0;42;0;
17530;4907564;1185140736;22138880;1384910848;0;0;0;0;0;0;0;0;0;0;0;2625;0;0;125;0;42;0;
17531;2928992;1185140736;22138880;1384910848;0;0;0;0;0;0;0;0;0;0;0;2845;0;0;125;0;42;0;
17532;4694825;1185140736;22138880;1384910848;0;0;0;0;0;0;0;0;0;0;0;2776;0;0;125;0;42;0;
17533;3276685;1185140736;22138880;1384910848;0;0;0;0;0;0;0;0;0;0;0;3647;0;0;125;0;42;0;
17534;4651544;1185140736;22138880;1384910848;0;0;0;0;0;0;0;0;0;0;0;2745;0;0;125;0;42;0;
17535;3624327;1185140736;22138880;1384910848;0;0;0;0;0;0;0;0;0;0;0;2986;0;0;125;0;42;0;
17536;4632217;1185140736;22138880;1384910848;0;0;0;0;0;0;0;0;0;0;0;2826;0;0;125;0;42;0;
17537;4008067;1185140736;22138880;1384910848;0;0;0;0;0;0;0;0;0;0;0;3777;0;0;125;0;42;0;
17538;5318595;1185140736;22138880;1384910848;0;0;0;0;0;0;0;0;0;0;0;3015;0;0;125;0;42;0;
17539;4808378;1185140736;22138880;1384910848;0;0;0;0;0;0;0;0;0;0;0;3336;0;0;125;0;42;0;
17540;5077903;1185140736;22138880;1384910848;0;0;0;0;0;0;0;0;0;0;0;2555;0;0;125;0;42;0;
17541;4975501;1185140736;22138880;1384910848;0;0;0;0;0;0;0;0;0;0;0;3576;0;0;125;0;42;0;
17542;5318895;1185140736;22138880;1384910848;0;0;0;0;0;0;0;0;0;0;0;2795;0;0;125;0;42;0;
17543;5116916;1185140736;22138880;1384910848;0;0;0;0;0;0;0;0;0;0;0;3036;0;0;125;0;42;0;
17544;5287426;1185140736;22138880;1384910848;0;0;0;0;0;0;0;0;0;0;0;3106;0;0;125;0;42;0;
17545;6106151;1185140736;22138880;1384910848;0;0;0;0;0;0;0;0;0;0;0;5680;0;0;125;0;42;0;
17546;5747629;1185140736;22138880;1384910848;0;0;0;0;0;0;0;0;0;0;0;4027;0;0;125;0;42;0;
17547;5149658;1185140736;22138880;1384910848;0;0;0;0;0;0;0;0;0;0;0;3877;0;0;125;0;42;0;
17548;4929525;1185140736;22138880;1384910848;0;0;0;0;0;0;0;0;0;0;0;2314;0;0;125;0;42;0;
17549;3796650;1185140736;22138880;1384910848;0;0;0;0;0;0;0;0;0;0;0;2866;0;0;125;0;42;0;
17550;4878369;1185140736;22138880;1384910848;0;0;0;0;0;0;0;0;0;0;0;2255;0;0;125;0;42;0;
17551;3667448;1185140736;22138880;1384910848;0;0;0;0;0;0;0;0;0;0;0;2305;0;0;125;0;42;0;
17552;4726524;1185140736;22138880;1384910848;0;0;0;0;0;0;0;0;0;0;0;2344;0;0;125;0;42;0;
17553;3698927;1185140736;22138880;1384910848;0;0;0;0;0;0;0;0;0;0;0;3576;0;0;125;0;42;0;
17554;4847841;1185140736;22138880;1384910848;0;0;0;0;0;0;0;0;0;0;0;2766;0;0;125;0;42;0;
17555;4060645;1185140736;22138880;1384910848;0;0;0;0;0;0;0;0;0;0;0;3367;0;0;125;0;42;0;
17556;4571283;1185140736;22138880;1384910848;0;0;0;0;0;0;0;0;0;0;0;2564;0;0;125;0;42;0;
17557;4588736;1185140736;22138880;1384910848;0;0;0;0;0;0;0;0;0;0;0;3407;0;0;125;0;42;0;
17558;4465905;1185140736;22138880;1384910848;0;0;0;0;0;0;0;0;0;0;0;2394;0;0;125;0;42;0;
17559;5153956;1185140736;22138880;1384910848;0;0;0;0;0;0;0;0;0;0;0;2294;0;0;125;0;42;0;
17560;4725452;1185140736;22138880;1384910848;0;0;0;0;0;0;0;0;0;0;0;2104;0;0;125;0;42;0;
17561;4267934;1185140736;22138880;1384910848;0;0;0;0;0;0;0;0;0;0;0;3076;0;0;125;0;42;0;
17562;4642276;1185140736;22138880;1384910848;0;0;0;0;0;0;0;0;0;0;0;1944;0;0;125;0;42;0;
17563;3590534;1185140736;22138880;1384910848;0;0;0;0;0;0;0;0;0;0;0;2525;0;0;125;0;42;0;
17564;4648428;1185140736;22138880;1384910848;0;0;0;0;0;0;0;0;0;0;0;2064;0;0;125;0;42;0;
17565;3575154;1185140736;22138880;1384910848;0;0;0;0;0;0;0;0;0;0;0;2615;0;0;125;0;42;0;
17566;4998284;1185140736;22138880;1384910848;0;0;0;0;0;0;0;0;0;0;0;1914;0;0;125;0;42;0;
17567;3999731;1185140736;22138880;1384910848;0;0;0;0;0;0;0;0;0;0;0;2905;0;0;125;0;42;0;
17568;4558078;1185140736;22138880;1384910848;0;0;0;0;0;0;0;0;0;0;0;2174;0;0;125;0;42;0;
17569;3965737;1185140736;22138880;1384910848;0;0;0;0;0;0;0;0;0;0;0;3186;0;0;125;0;42;0;
17570;5108961;1185140736;22138880;1384910848;0;0;0;0;0;0;0;0;0;0;0;2775;0;0;125;0;42;0;
17571;4134173;1185140736;22147072;1384919040;0;0;0;0;0;0;0;0;0;0;0;111600;0;0;125;0;42;0;
17572;4749017;1185140736;22147072;1384919040;0;0;0;0;0;0;0;0;0;0;0;2043;0;0;125;0;42;0;
17573;3437587;1185140736;22147072;1384919040;0;0;0;0;0;0;0;0;0;0;0;2364;0;0;125;0;42;0;
17574;4775816;1185140736;22147072;1384919040;0;0;0;0;0;0;0;0;0;0;0;2214;0;0;125;0;42;0;
17575;3567751;1185140736;22147072;1384919040;0;0;0;0;0;0;0;0;0;0;0;2525;0;0;125;0;42;0;
17576;4746752;1185140736;22147072;1384919040;0;0;0;0;0;0;0;0;0;0;0;2244;0;0;125;0;42;0;
17577;4493547;1185173504;22138880;1384910848;0;0;0;0;0;0;0;0;0;0;0;3257;0;0;125;0;42;0;
17578;4701768;1185173504;22138880;1384910848;0;0;0;0;0;0;0;0;0;0;0;2295;0;0;125;0;42;0;
17579;3445252;1185173504;22138880;1384910848;0;0;0;0;0;0;0;0;0;0;0;2715;0;0;125;0;42;0;
17580;4740219;1185173504;22138880;1384910848;0;0;0;0;0;0;0;0;0;0;0;2344;0;0;125;0;42;0;
17581;3668409;1185173504;22138880;1384910848;0;0;0;0;0;0;0;0;0;0;0;3075;0;0;125;0;42;0;
17582;4753885;1185173504;22138880;1384910848;0;0;0;0;0;0;0;0;0;0;0;2174;0;0;125;0;42;0;
17583;3311902;1185173504;22138880;1384910848;0;0;0;0;0;0;0;0;0;0;0;2235;0;0;125;0;42;0;
17584;4901793;1185173504;22138880;1384910848;0;0;0;0;0;0;0;0;0;0;0;2043;0;0;125;0;42;0;
17585;3975104;1185173504;22138880;1384910848;0;0;0;0;0;0;0;0;0;0;0;3116;0;0;125;0;42;0;
17586;5025635;1185173504;22138880;1384910848;0;0;0;0;0;0;0;0;0;0;0;1984;0;0;125;0;42;0;
17587;3447776;1185173504;22138880;1384910848;0;0;0;0;0;0;0;0;0;0;0;2635;0;0;125;0;42;0;
17588;5169555;1185173504;22138880;1384910848;0;0;0;0;0;0;0;0;0;0;0;2103;0;0;125;0;42;0;
17589;4471485;1185173504;22138880;1384910848;0;0;0;0;0;0;0;0;0;0;0;2875;0;0;125;0;42;0;
17590;4542649;1185173504;22138880;1384910848;0;0;0;0;0;0;0;0;0;0;0;1853;0;0;125;0;42;0;
17591;3601634;1185173504;22138880;1384910848;0;0;0;0;0;0;0;0;0;0;0;2374;0;0;125;0;42;0;
17592;4875523;1185173504;22138880;1384910848;0;0;0;0;0;0;0;0;0;0;0;2284;0;0;125;0;42;0;
17593;3563984;1185173504;22138880;1384910848;0;0;0;0;0;0;0;0;0;0;0;2846;0;0;125;0;42;0;
17594;4538431;1185173504;22138880;1384910848;0;0;0;0;0;0;0;0;0;0;0;2315;0;0;125;0;42;0;
17595;3437637;1185173504;22138880;1384910848;0;0;0;0;0;0;0;0;0;0;0;2645;0;0;125;0;42;0;
17596;4616618;1185173504;22138880;1384910848;0;0;0;0;0;0;0;0;0;0;0;2054;0;0;125;0;42;0;
17597;3990383;1185173504;22138880;1384910848;0;0;0;0;0;0;0;0;0;0;0;3266;0;0;125;0;42;0;
17598;4673564;1185173504;22138880;1384910848;0;0;0;0;0;0;0;0;0;0;0;2255;0;0;125;0;42;0;
17599;3267128;1185173504;22138880;1384910848;0;0;0;0;0;0;0;0;0;0;0;2364;0;0;125;0;42;0;
17600;5121625;1185173504;22138880;1384910848;0;0;0;0;0;0;0;0;0;0;0;2054;0;0;125;0;42;0;
17601;3693626;1185173504;22138880;1384910848;0;0;0;0;0;0;0;0;0;0;0;3146;0;0;125;0;42;0;
17602;4737975;1185173504;22138880;1384910848;0;0;0;0;0;0;0;0;0;0;0;2144;0;0;125;0;42;0;
17603;4323037;1185173504;22138880;1384910848;0;0;0;0;0;0;0;0;0;0;0;2335;0;0;125;0;42;0;
17604;4597622;1185173504;22138880;1384910848;0;0;0;0;0;0;0;0;0;0;0;2585;0;0;125;0;42;0;
17605;3493471;1185173504;22138880;1384910848;0;0;0;0;0;0;0;0;0;0;0;3416;0;0;125;0;42;0;
17606;5141512;1185173504;22138880;1384910848;0;0;0;0;0;0;0;0;0;0;0;2254;0;0;125;0;42;0;
17607;3966629;1185173504;22138880;1384910848;0;0;0;0;0;0;0;0;0;0;0;2715;0;0;125;0;42;0;
17608;5230820;1185173504;22138880;1384910848;0;0;0;0;0;0;0;0;0;0;0;2725;0;0;125;0;42;0;
17609;3677637;1185173504;22138880;1384910848;0;0;0;0;0;0;0;0;0;0;0;2675;0;0;125;0;42;0;
17610;5204561;1185173504;22138880;1384910848;0;0;0;0;0;0;0;0;0;0;0;2134;0;0;125;0;42;0;
17611;3640017;1185173504;22138880;1384910848;0;0;0;0;0;0;0;0;0;0;0;2545;0;0;125;0;42;0;
17612;4704142;1185173504;22138880;1384910848;0;0;0;0;0;0;0;0;0;0;0;1623;0;0;125;0;42;0;
17613;3319685;1185173504;22138880;1384910848;0;0;0;0;0;0;0;0;0;0;0;2585;0;0;125;0;42;0;
17614;4734199;1185173504;22138880;1384910848;0;0;0;0;0;0;0;0;0;0;0;2234;0;0;125;0;42;0;
17615;3795367;1185173504;22138880;1384910848;0;0;0;0;0;0;0;0;0;0;0;2634;0;0;125;0;42;0;
17616;4787789;1185173504;22138880;1384910848;0;0;0;0;0;0;0;0;0;0;0;2425;0;0;125;0;42;0;
17617;3977930;1185173504;22138880;1384910848;0;0;0;0;0;0;0;0;0;0;0;3397;0;0;125;0;42;0;
17618;5032558;1185173504;22138880;1384910848;0;0;0;0;0;0;0;0;0;0;0;2214;0;0;125;0;42;0;
17619;4291508;1185173504;22138880;1384910848;0;0;0;0;0;0;0;0;0;0;0;2955;0;0;125;0;42;0;
17620;10441341;1185173504;22138880;1384910848;0;0;0;0;0;0;0;0;0;0;0;9538;0;0;125;0;42;0;
17621;3868294;1185173504;22138880;1384910848;0;0;0;0;0;0;0;0;0;0;0;2575;0;0;125;0;42;0;
17622;4666953;1185173504;22138880;1384910848;0;0;0;0;0;0;0;0;0;0;0;2314;0;0;125;0;42;0;
17623;3517056;1185173504;22138880;1384910848;0;0;0;0;0;0;0;0;0;0;0;2885;0;0;125;0;42;0;
17624;4639180;1185173504;22138880;1384910848;0;0;0;0;0;0;0;0;0;0;0;2144;0;0;125;0;42;0;
17625;4054314;1185173504;22138880;1384910848;0;0;0;0;0;0;0;0;0;0;0;3737;0;0;125;0;42;0;
17626;4624302;1185173504;22138880;1384910848;0;0;0;0;0;0;0;0;0;0;0;1754;0;0;125;0;42;0;
17627;3337208;1185173504;22138880;1384910848;0;0;0;0;0;0;0;0;0;0;0;2875;0;0;125;0;42;0;
17628;4979688;1185173504;22138880;1384910848;0;0;0;0;0;0;0;0;0;0;0;2054;0;0;125;0;42;0;
17629;4388640;1185173504;22138880;1384910848;0;0;0;0;0;0;0;0;0;0;0;3807;0;0;125;0;42;0;
17630;5062905;1185173504;22138880;1384910848;0;0;0;0;0;0;0;0;0;0;0;2605;0;0;125;0;42;0;
17631;4182844;1185173504;22138880;1384910848;0;0;0;0;0;0;0;0;0;0;0;3236;0;0;125;0;42;0;
17632;4935346;1185173504;22138880;1384910848;0;0;0;0;0;0;0;0;0;0;0;2585;0;0;125;0;42;0;
17633;4002186;1185173504;22138880;1384910848;0;0;0;0;0;0;0;0;0;0;0;3356;0;0;125;0;42;0;
17634;5060640;1185173504;22138880;1384910848;0;0;0;0;0;0;0;0;0;0;0;2063;0;0;125;0;42;0;
17635;3061321;1185173504;22138880;1384910848;0;0;0;0;0;0;0;0;0;0;0;2865;0;0;125;0;42;0;
17636;5200152;1185173504;22138880;1384910848;0;0;0;0;0;0;0;0;0;0;0;3035;0;0;125;0;42;0;
17637;4135726;1185173504;22138880;1384910848;0;0;0;0;0;0;0;0;0;0;0;3767;0;0;125;0;42;0;
17638;4797697;1185173504;22138880;1384910848;0;0;0;0;0;0;0;0;0;0;0;2174;0;0;125;0;42;0;
17639;4044626;1185173504;22138880;1384910848;0;0;0;0;0;0;0;0;0;0;0;2985;0;0;125;0;42;0;
17640;6090291;1185173504;22138880;1384910848;0;0;0;0;0;0;0;0;0;0;0;2464;0;0;125;0;42;0;
17641;4198063;1185173504;22138880;1384910848;0;0;0;0;0;0;0;0;0;0;0;2465;0;0;125;0;42;0;
17642;4946206;1185173504;22138880;1384910848;0;0;0;0;0;0;0;0;0;0;0;2094;0;0;125;0;42;0;
17643;4394110;1185173504;22138880;1384910848;0;0;0;0;0;0;0;0;0;0;0;2445;0;0;125;0;42;0;
17644;4902765;1185173504;22138880;1384910848;0;0;0;0;0;0;0;0;0;0;0;1874;0;0;125;0;42;0;
17645;4668285;1185173504;22138880;1384910848;0;0;0;0;0;0;0;0;0;0;0;3086;0;0;125;0;42;0;
17646;5236140;1185173504;22138880;1384910848;0;0;0;0;0;0;0;0;0;0;0;2184;0;0;125;0;42;0;
17647;5040954;1185173504;22138880;1384910848;0;0;0;0;0;0;0;0;0;0;0;3417;0;0;125;0;42;0;
17648;4792658;1185173504;22138880;1384910848;0;0;0;0;0;0;0;0;0;0;0;2925;0;0;125;0;42;0;
17649;4068219;1185173504;22138880;1384910848;0;0;0;0;0;0;0;0;0;0;0;2865;0;0;125;0;42;0;
17650;4834025;1185173504;22138880;1384910848;0;0;0;0;0;0;0;0;0;0;0;2555;0;0;125;0;42;0;
17651;3699638;1185173504;22138880;1384910848;0;0;0;0;0;0;0;0;0;0;0;2895;0;0;125;0;42;0;
17652;4844175;1185173504;22138880;1384910848;0;0;0;0;0;0;0;0;0;0;0;2454;0;0;125;0;42;0;
17653;3737309;1185173504;22138880;1384910848;0;0;0;0;0;0;0;0;0;0;0;2445;0;0;125;0;42;0;
17654;5375702;1185173504;22138880;1384910848;0;0;0;0;0;0;0;0;0;0;0;2154;0;0;125;0;42;0;
17655;3283919;1185173504;22138880;1384910848;0;0;0;0;0;0;0;0;0;0;0;2846;0;0;125;0;42;0;
17656;5143075;1185173504;22138880;1384910848;0;0;0;0;0;0;0;0;0;0;0;2043;0;0;125;0;42;0;
17657;3405376;1185173504;22138880;1384910848;0;0;0;0;0;0;0;0;0;0;0;2295;0;0;125;0;42;0;
17658;5633585;1185173504;22138880;1384910848;0;0;0;0;0;0;0;0;0;0;0;2234;0;0;125;0;42;0;
17659;3276264;1185173504;22138880;1384910848;0;0;0;0;0;0;0;0;0;0;0;2414;0;0;125;0;42;0;
17660;4937549;1185173504;22138880;1384910848;0;0;0;0;0;0;0;0;0;0;0;2184;0;0;125;0;42;0;
17661;3962711;1185173504;22138880;1384910848;0;0;0;0;0;0;0;0;0;0;0;3206;0;0;125;0;42;0;
17662;4756601;1185173504;22138880;1384910848;0;0;0;0;0;0;0;0;0;0;0;2605;0;0;125;0;42;0;
17663;3817159;1185173504;22138880;1384910848;0;0;0;0;0;0;0;0;0;0;0;3025;0;0;125;0;42;0;
17664;5496629;1185173504;22138880;1384910848;0;0;0;0;0;0;0;0;0;0;0;3015;0;0;125;0;42;0;
17665;4738687;1185173504;22138880;1384910848;0;0;0;0;0;0;0;0;0;0;0;3536;0;0;125;0;42;0;
17666;4926570;1185173504;22138880;1384910848;0;0;0;0;0;0;0;0;0;0;0;2124;0;0;125;0;42;0;
17667;3704558;1185173504;22138880;1384910848;0;0;0;0;0;0;0;0;0;0;0;2555;0;0;125;0;42;0;
17668;5115203;1185173504;22138880;1384910848;0;0;0;0;0;0;0;0;0;0;0;2405;0;0;125;0;42;0;
17669;3683188;1185173504;22138880;1384910848;0;0;0;0;0;0;0;0;0;0;0;2444;0;0;125;0;42;0;
17670;4904257;1185173504;22138880;1384910848;0;0;0;0;0;0;0;0;0;0;0;2265;0;0;125;0;42;0;
17671;3539928;1185173504;22138880;1384910848;0;0;0;0;0;0;0;0;0;0;0;2805;0;0;125;0;42;0;
17672;4818096;1185173504;22138880;1384910848;0;0;0;0;0;0;0;0;0;0;0;2665;0;0;125;0;42;0;
17673;3742699;1185173504;22138880;1384910848;0;0;0;0;0;0;0;0;0;0;0;3306;0;0;125;0;42;0;
17674;4707268;1185173504;22138880;1384910848;0;0;0;0;0;0;0;0;0;0;0;2084;0;0;125;0;42;0;
17675;3444470;1185173504;22138880;1384910848;0;0;0;0;0;0;0;0;0;0;0;2735;0;0;125;0;42;0;
17676;4958589;1185173504;22138880;1384910848;0;0;0;0;0;0;0;0;0;0;0;2535;0;0;125;0;42;0;
17677;3196335;1185173504;22138880;1384910848;0;0;0;0;0;0;0;0;0;0;0;3156;0;0;125;0;42;0;
17678;4813247;1185173504;22138880;1384910848;0;0;0;0;0;0;0;0;0;0;0;2615;0;0;125;0;42;0;
17679;3722571;1185173504;22138880;1384910848;0;0;0;0;0;0;0;0;0;0;0;3367;0;0;125;0;42;0;
17680;4648358;1185173504;22138880;1384910848;0;0;0;0;0;0;0;0;0;0;0;2625;0;0;125;0;42;0;
17681;4540786;1185173504;22138880;1384910848;0;0;0;0;0;0;0;0;0;0;0;6082;0;0;125;0;42;0;
17682;4768964;1185173504;22138880;1384910848;0;0;0;0;0;0;0;0;0;0;0;2104;0;0;125;0;42;0;
17683;4248408;1185173504;22138880;1384910848;0;0;0;0;0;0;0;0;0;0;0;3086;0;0;125;0;42;0;
17684;4494419;1185173504;22138880;1384910848;0;0;0;0;0;0;0;0;0;0;0;2214;0;0;125;0;42;0;
17685;5871372;1185173504;22138880;1384910848;0;0;0;0;0;0;0;0;0;0;0;7725;0;0;125;0;42;0;
17686;6127992;1185173504;22138880;1384910848;0;0;0;0;0;0;0;0;0;0;0;4309;0;0;125;0;42;0;
17687;4740119;1185173504;22138880;1384910848;0;0;0;0;0;0;0;0;0;0;0;4047;0;0;125;0;42;0;
17688;5258551;1185173504;22138880;1384910848;0;0;0;0;0;0;0;0;0;0;0;3196;0;0;125;0;42;0;
17689;4907062;1185173504;22138880;1384910848;0;0;0;0;0;0;0;0;0;0;0;4959;0;0;125;0;42;0;
17690;5060731;1185173504;22138880;1384910848;0;0;0;0;0;0;0;0;0;0;0;2976;0;0;125;0;42;0;
17691;5885117;1185173504;22138880;1384910848;0;0;0;0;0;0;0;0;0;0;0;5350;0;0;125;0;42;0;
17692;5218426;1185173504;22138880;1384910848;0;0;0;0;0;0;0;0;0;0;0;3747;0;0;125;0;42;0;
17693;5027528;1185173504;22138880;1384910848;0;0;0;0;0;0;0;0;0;0;0;4739;0;0;125;0;42;0;
17694;5767416;1185173504;22138880;1384910848;0;0;0;0;0;0;0;0;0;0;0;3647;0;0;125;0;42;0;
17695;5836054;1185173504;22138880;1384910848;0;0;0;0;0;0;0;0;0;0;0;4278;0;0;125;0;42;0;
17696;5105264;1185173504;22138880;1384910848;0;0;0;0;0;0;0;0;0;0;0;3747;0;0;125;0;42;0;
17697;4665319;1185173504;22138880;1384910848;0;0;0;0;0;0;0;0;0;0;0;3878;0;0;125;0;42;0;
17698;5251809;1185173504;22138880;1384910848;0;0;0;0;0;0;0;0;0;0;0;3577;0;0;125;0;42;0;
17699;4276750;1185173504;22138880;1384910848;0;0;0;0;0;0;0;0;0;0;0;4097;0;0;125;0;42;0;
17700;4952778;1185173504;22138880;1384910848;0;0;0;0;0;0;0;0;0;0;0;3627;0;0;125;0;42;0;
17701;4774825;1185173504;22138880;1384910848;0;0;0;0;0;0;0;0;0;0;0;3958;0;0;125;0;42;0;
17702;5589933;1185173504;22138880;1384910848;0;0;0;0;0;0;0;0;0;0;0;3095;0;0;125;0;42;0;
17703;4184648;1185173504;22138880;1384910848;0;0;0;0;0;0;0;0;0;0;0;4508;0;0;125;0;42;0;
17704;5954997;1185173504;22138880;1384910848;0;0;0;0;0;0;0;0;0;0;0;3627;0;0;125;0;42;0;
17705;4772982;1185173504;22138880;1384910848;0;0;0;0;0;0;0;0;0;0;0;5791;0;0;125;0;42;0;
17706;13184496;1185173504;22138880;1384910848;0;0;0;0;0;0;0;0;0;0;0;4528;0;0;125;0;42;0;
17707;5354572;1185173504;22138880;1384910848;0;0;0;0;0;0;0;0;0;0;0;3947;0;0;125;0;42;0;
17708;4845287;1185173504;22138880;1384910848;0;0;0;0;0;0;0;0;0;0;0;3056;0;0;125;0;42;0;
17709;4658607;1185173504;22138880;1384910848;0;0;0;0;0;0;0;0;0;0;0;4057;0;0;125;0;42;0;
17710;5337980;1185173504;22138880;1384910848;0;0;0;0;0;0;0;0;0;0;0;2865;0;0;125;0;42;0;
17711;4098487;1185173504;22138880;1384910848;0;0;0;0;0;0;0;0;0;0;0;3847;0;0;125;0;42;0;
17712;5243133;1185173504;22138880;1384910848;0;0;0;0;0;0;0;0;0;0;0;3477;0;0;125;0;42;0;
17713;5247070;1185173504;22138880;1384910848;0;0;0;0;0;0;0;0;0;0;0;4348;0;0;125;0;42;0;
17714;5075558;1185173504;22138880;1384910848;0;0;0;0;0;0;0;0;0;0;0;3276;0;0;125;0;42;0;
17715;3773647;1185173504;22138880;1384910848;0;0;0;0;0;0;0;0;0;0;0;3848;0;0;125;0;42;0;
17716;5555950;1185173504;22138880;1384910848;0;0;0;0;0;0;0;0;0;0;0;3076;0;0;125;0;42;0;
17717;4329119;1185173504;22138880;1384910848;0;0;0;0;0;0;0;0;0;0;0;4178;0;0;125;0;42;0;
17718;4964991;1185173504;22138880;1384910848;0;0;0;0;0;0;0;0;0;0;0;3186;0;0;125;0;42;0;
17719;4075072;1185173504;22138880;1384910848;0;0;0;0;0;0;0;0;0;0;0;4639;0;0;125;0;42;0;
17720;5521385;1185173504;22138880;1384910848;0;0;0;0;0;0;0;0;0;0;0;3486;0;0;125;0;42;0;
17721;4618351;1185173504;22138880;1384910848;0;0;0;0;0;0;0;0;0;0;0;3987;0;0;125;0;42;0;
17722;4949673;1185173504;22138880;1384910848;0;0;0;0;0;0;0;0;0;0;0;2826;0;0;125;0;42;0;
17723;4589076;1185173504;22138880;1384910848;0;0;0;0;0;0;0;0;0;0;0;4309;0;0;125;0;42;0;
17724;5085187;1185173504;22138880;1384910848;0;0;0;0;0;0;0;0;0;0;0;3497;0;0;125;0;42;0;
17725;5013702;1185173504;22138880;1384910848;0;0;0;0;0;0;0;0;0;0;0;4158;0;0;125;0;42;0;
17726;5397272;1185173504;22138880;1384910848;0;0;0;0;0;0;0;0;0;0;0;3346;0;0;125;0;42;0;
17727;4581321;1185173504;22138880;1384910848;0;0;0;0;0;0;0;0;0;0;0;4278;0;0;125;0;42;0;
17728;5082451;1185173504;22138880;1384910848;0;0;0;0;0;0;0;0;0;0;0;3136;0;0;125;0;42;0;
17729;4753013;1185173504;22138880;1384910848;0;0;0;0;0;0;0;0;0;0;0;4028;0;0;125;0;42;0;
17730;5272147;1185173504;22138880;1384910848;0;0;0;0;0;0;0;0;0;0;0;3156;0;0;125;0;42;0;
17731;5151632;1185173504;22138880;1384910848;0;0;0;0;0;0;0;0;0;0;0;4739;0;0;125;0;42;0;
17732;5299749;1185173504;22138880;1384910848;0;0;0;0;0;0;0;0;0;0;0;3817;0;0;125;0;42;0;
17733;4209725;1185173504;22138880;1384910848;0;0;0;0;0;0;0;0;0;0;0;3918;0;0;125;0;42;0;
17734;5948195;1185173504;22138880;1384910848;0;0;0;0;0;0;0;0;0;0;0;3877;0;0;125;0;42;0;
17735;4964450;1185173504;22138880;1384910848;0;0;0;0;0;0;0;0;0;0;0;4248;0;0;125;0;42;0;
17736;5251328;1185173504;22138880;1384910848;0;0;0;0;0;0;0;0;0;0;0;3426;0;0;125;0;42;0;
17737;4060414;1185173504;22138880;1384910848;0;0;0;0;0;0;0;0;0;0;0;5440;0;0;125;0;42;0;
17738;5301482;1185173504;22138880;1384910848;0;0;0;0;0;0;0;0;0;0;0;3777;0;0;125;0;42;0;
17739;5606223;1185173504;22138880;1384910848;0;0;0;0;0;0;0;0;0;0;0;4558;0;0;125;0;42;0;
17740;5192017;1185173504;22138880;1384910848;0;0;0;0;0;0;0;0;0;0;0;3326;0;0;125;0;42;0;
17741;4183355;1185173504;22138880;1384910848;0;0;0;0;0;0;0;0;0;0;0;4048;0;0;125;0;42;0;
17742;4956235;1185173504;22138880;1384910848;0;0;0;0;0;0;0;0;0;0;0;3106;0;0;125;0;42;0;
17743;5073375;1185173504;22138880;1384910848;0;0;0;0;0;0;0;0;0;0;0;3727;0;0;125;0;42;0;
17744;4929986;1185173504;22138880;1384910848;0;0;0;0;0;0;0;0;0;0;0;2845;0;0;125;0;42;0;
17745;3808192;1185173504;22138880;1384910848;0;0;0;0;0;0;0;0;0;0;0;4168;0;0;125;0;42;0;
17746;5039431;1185173504;22138880;1384910848;0;0;0;0;0;0;0;0;0;0;0;3096;0;0;125;0;42;0;
17747;5254283;1185173504;22138880;1384910848;0;0;0;0;0;0;0;0;0;0;0;3888;0;0;125;0;42;0;
17748;4982033;1185173504;22138880;1384910848;0;0;0;0;0;0;0;0;0;0;0;3437;0;0;125;0;42;0;
17749;4630634;1185173504;22138880;1384910848;0;0;0;0;0;0;0;0;0;0;0;3948;0;0;125;0;42;0;
17750;4969199;1185173504;22138880;1384910848;0;0;0;0;0;0;0;0;0;0;0;3196;0;0;125;0;42;0;
17751;4536558;1185173504;22138880;1384910848;0;0;0;0;0;0;0;0;0;0;0;3767;0;0;125;0;42;0;
17752;5247351;1185173504;22138880;1384910848;0;0;0;0;0;0;0;0;0;0;0;3286;0;0;125;0;42;0;
17753;4738557;1185173504;22138880;1384910848;0;0;0;0;0;0;0;0;0;0;0;3887;0;0;125;0;42;0;
17754;4799151;1185173504;22138880;1384910848;0;0;0;0;0;0;0;0;0;0;0;3646;0;0;125;0;42;0;
17755;4741292;1185173504;22138880;1384910848;0;0;0;0;0;0;0;0;0;0;0;4248;0;0;125;0;42;0;
17756;5684971;1185173504;22138880;1384910848;0;0;0;0;0;0;0;0;0;0;0;3216;0;0;125;0;42;0;
17757;5534239;1185173504;22138880;1384910848;0;0;0;0;0;0;0;0;0;0;0;3837;0;0;125;0;42;0;
17758;4899338;1185173504;22138880;1384910848;0;0;0;0;0;0;0;0;0;0;0;2875;0;0;125;0;42;0;
17759;4800162;1185173504;22138880;1384910848;0;0;0;0;0;0;0;0;0;0;0;3707;0;0;125;0;42;0;
17760;5440553;1185173504;22138880;1384910848;0;0;0;0;0;0;0;0;0;0;0;3477;0;0;125;0;42;0;
17761;3905515;1185173504;22138880;1384910848;0;0;0;0;0;0;0;0;0;0;0;3817;0;0;125;0;42;0;
17762;4577434;1185173504;22138880;1384910848;0;0;0;0;0;0;0;0;0;0;0;2074;0;0;125;0;42;0;
17763;3263000;1185173504;22138880;1384910848;0;0;0;0;0;0;0;0;0;0;0;2444;0;0;125;0;42;0;
17764;4610827;1185173504;22138880;1384910848;0;0;0;0;0;0;0;0;0;0;0;2054;0;0;125;0;42;0;
17765;2904707;1185173504;22138880;1384910848;0;0;0;0;0;0;0;0;0;0;0;2494;0;0;125;0;42;0;
17766;4525277;1185173504;22138880;1384910848;0;0;0;0;0;0;0;0;0;0;0;2024;0;0;125;0;42;0;
17767;2455225;1185173504;22138880;1384910848;0;0;0;0;0;0;0;0;0;0;0;2434;0;0;125;0;42;0;
17768;5036184;1185173504;22138880;1384910848;0;0;0;0;0;0;0;0;0;0;0;2154;0;0;125;0;42;0;
17769;3355203;1185173504;22138880;1384910848;0;0;0;0;0;0;0;0;0;0;0;2895;0;0;125;0;42;0;
17770;5046464;1185173504;22138880;1384910848;0;0;0;0;0;0;0;0;0;0;0;2174;0;0;125;0;42;0;
17771;3587147;1185173504;22138880;1384910848;0;0;0;0;0;0;0;0;0;0;0;2765;0;0;125;0;42;0;
17772;4623842;1185173504;22138880;1384910848;0;0;0;0;0;0;0;0;0;0;0;2325;0;0;125;0;42;0;
17773;3101396;1185173504;22138880;1384910848;0;0;0;0;0;0;0;0;0;0;0;3947;0;0;125;0;42;0;
17774;5109021;1185173504;22138880;1384910848;0;0;0;0;0;0;0;0;0;0;0;1933;0;0;125;0;42;0;
17775;3711060;1185173504;22138880;1384910848;0;0;0;0;0;0;0;0;0;0;0;2334;0;0;125;0;42;0;
17776;4813036;1185173504;22138880;1384910848;0;0;0;0;0;0;0;0;0;0;0;2925;0;0;125;0;42;0;
17777;3688397;1185173504;22138880;1384910848;0;0;0;0;0;0;0;0;0;0;0;3356;0;0;125;0;42;0;
17778;4868881;1185173504;22138880;1384910848;0;0;0;0;0;0;0;0;0;0;0;2074;0;0;125;0;42;0;
17779;3385279;1185173504;22138880;1384910848;0;0;0;0;0;0;0;0;0;0;0;3196;0;0;125;0;42;0;
17780;5706351;1185173504;22138880;1384910848;0;0;0;0;0;0;0;0;0;0;0;2615;0;0;125;0;42;0;
17781;3627173;1185173504;22138880;1384910848;0;0;0;0;0;0;0;0;0;0;0;2875;0;0;125;0;42;0;
17782;4667063;1185173504;22138880;1384910848;0;0;0;0;0;0;0;0;0;0;0;2184;0;0;125;0;42;0;
17783;4326073;1185173504;22138880;1384910848;0;0;0;0;0;0;0;0;0;0;0;2845;0;0;125;0;42;0;
17784;4796555;1185173504;22138880;1384910848;0;0;0;0;0;0;0;0;0;0;0;2134;0;0;125;0;42;0;
17785;3366584;1185173504;22138880;1384910848;0;0;0;0;0;0;0;0;0;0;0;3366;0;0;125;0;42;0;
17786;5579013;1185173504;22138880;1384910848;0;0;0;0;0;0;0;0;0;0;0;3666;0;0;125;0;42;0;
17787;3821727;1185173504;22147072;1384919040;0;0;0;0;0;0;0;0;0;0;0;2715;0;0;125;0;42;0;
17788;4560703;1185173504;22147072;1384919040;0;0;0;0;0;0;0;0;0;0;0;2525;0;0;125;0;42;0;
17789;3705429;1185173504;22147072;1384919040;0;0;0;0;0;0;0;0;0;0;0;2385;0;0;125;0;42;0;
17790;4843403;1185173504;22147072;1384919040;0;0;0;0;0;0;0;0;0;0;0;1643;0;0;125;0;42;0;
17791;3736627;1185173504;22147072;1384919040;0;0;0;0;0;0;0;0;0;0;0;2234;0;0;125;0;42;0;
17792;4731774;1185173504;22147072;1384919040;0;0;0;0;0;0;0;0;0;0;0;2865;0;0;125;0;42;0;
17793;3212505;1185255424;22138880;1384910848;0;0;0;0;0;0;0;0;0;0;0;3136;0;0;125;0;42;0;
17794;4609435;1185255424;22138880;1384910848;0;0;0;0;0;0;0;0;0;0;0;2655;0;0;125;0;42;0;
17795;3792132;1185255424;22138880;1384910848;0;0;0;0;0;0;0;0;0;0;0;2484;0;0;125;0;42;0;
17796;4747554;1185255424;22138880;1384910848;0;0;0;0;0;0;0;0;0;0;0;2404;0;0;125;0;42;0;
17797;3844550;1185255424;22138880;1384910848;0;0;0;0;0;0;0;0;0;0;0;2544;0;0;125;0;42;0;
17798;4956896;1185255424;22138880;1384910848;0;0;0;0;0;0;0;0;0;0;0;2174;0;0;125;0;42;0;
17799;3697484;1185255424;22138880;1384910848;0;0;0;0;0;0;0;0;0;0;0;3226;0;0;125;0;42;0;
17800;4928072;1185255424;22138880;1384910848;0;0;0;0;0;0;0;0;0;0;0;2345;0;0;125;0;42;0;
17801;3328192;1185255424;22138880;1384910848;0;0;0;0;0;0;0;0;0;0;0;2605;0;0;125;0;42;0;
17802;5015656;1185255424;22138880;1384910848;0;0;0;0;0;0;0;0;0;0;0;2174;0;0;125;0;42;0;
17803;3220941;1185255424;22138880;1384910848;0;0;0;0;0;0;0;0;0;0;0;2835;0;0;125;0;42;0;
17804;4754306;1185255424;22138880;1384910848;0;0;0;0;0;0;0;0;0;0;0;2454;0;0;125;0;42;0;
17805;3224006;1185255424;22138880;1384910848;0;0;0;0;0;0;0;0;0;0;0;3256;0;0;125;0;42;0;
17806;5245297;1185255424;22138880;1384910848;0;0;0;0;0;0;0;0;0;0;0;2144;0;0;125;0;42;0;
17807;3464067;1185255424;22138880;1384910848;0;0;0;0;0;0;0;0;0;0;0;3126;0;0;125;0;42;0;
17808;5098231;1185255424;22138880;1384910848;0;0;0;0;0;0;0;0;0;0;0;2926;0;0;125;0;42;0;
17809;3145399;1185255424;22138880;1384910848;0;0;0;0;0;0;0;0;0;0;0;2925;0;0;125;0;42;0;
17810;4986952;1185255424;22138880;1384910848;0;0;0;0;0;0;0;0;0;0;0;2144;0;0;125;0;42;0;
17811;4140836;1185255424;22138880;1384910848;0;0;0;0;0;0;0;0;0;0;0;3176;0;0;125;0;42;0;
17812;5394667;1185255424;22138880;1384910848;0;0;0;0;0;0;0;0;0;0;0;2164;0;0;125;0;42;0;
17813;3586967;1185255424;22138880;1384910848;0;0;0;0;0;0;0;0;0;0;0;3607;0;0;125;0;42;0;
17814;5025815;1185255424;22138880;1384910848;0;0;0;0;0;0;0;0;0;0;0;2424;0;0;125;0;42;0;
17815;3513970;1185255424;22138880;1384910848;0;0;0;0;0;0;0;0;0;0;0;2795;0;0;125;0;42;0;
17816;4877337;1185255424;22138880;1384910848;0;0;0;0;0;0;0;0;0;0;0;1994;0;0;125;0;42;0;
17817;3718253;1185255424;22138880;1384910848;0;0;0;0;0;0;0;0;0;0;0;3437;0;0;125;0;42;0;
17818;5061742;1185255424;22138880;1384910848;0;0;0;0;0;0;0;0;0;0;0;2274;0;0;125;0;42;0;
17819;3933446;1185255424;22138880;1384910848;0;0;0;0;0;0;0;0;0;0;0;3437;0;0;125;0;42;0;
17820;4768683;1185255424;22138880;1384910848;0;0;0;0;0;0;0;0;0;0;0;2154;0;0;125;0;42;0;
17821;3360262;1185255424;22138880;1384910848;0;0;0;0;0;0;0;0;0;0;0;2956;0;0;125;0;42;0;
17822;5189823;1185255424;22138880;1384910848;0;0;0;0;0;0;0;0;0;0;0;1924;0;0;125;0;42;0;
17823;3184382;1185255424;22138880;1384910848;0;0;0;0;0;0;0;0;0;0;0;2384;0;0;125;0;42;0;
17824;4955624;1185255424;22138880;1384910848;0;0;0;0;0;0;0;0;0;0;0;2034;0;0;125;0;42;0;
17825;3432327;1185255424;22138880;1384910848;0;0;0;0;0;0;0;0;0;0;0;2735;0;0;125;0;42;0;
17826;5078805;1185255424;22138880;1384910848;0;0;0;0;0;0;0;0;0;0;0;2003;0;0;125;0;42;0;
17827;3881910;1185255424;22138880;1384910848;0;0;0;0;0;0;0;0;0;0;0;2845;0;0;125;0;42;0;
17828;4690246;1185255424;22138880;1384910848;0;0;0;0;0;0;0;0;0;0;0;2184;0;0;125;0;42;0;
17829;3858797;1185255424;22138880;1384910848;0;0;0;0;0;0;0;0;0;0;0;3356;0;0;125;0;42;0;
17830;4733968;1185255424;22138880;1384910848;0;0;0;0;0;0;0;0;0;0;0;2294;0;0;125;0;42;0;
17831;3489724;1185255424;22138880;1384910848;0;0;0;0;0;0;0;0;0;0;0;2725;0;0;125;0;42;0;
17832;4766269;1185255424;22138880;1384910848;0;0;0;0;0;0;0;0;0;0;0;2494;0;0;125;0;42;0;
17833;3969234;1185255424;22138880;1384910848;0;0;0;0;0;0;0;0;0;0;0;3136;0;0;125;0;42;0;
17834;4780726;1185255424;22138880;1384910848;0;0;0;0;0;0;0;0;0;0;0;2584;0;0;125;0;42;0;
17835;12480215;1185255424;22138880;1384910848;0;0;0;0;0;0;0;0;0;0;0;3056;0;0;125;0;42;0;
17836;5002361;1185255424;22138880;1384910848;0;0;0;0;0;0;0;0;0;0;0;7724;0;0;125;0;42;0;
17837;3983531;1185255424;22138880;1384910848;0;0;0;0;0;0;0;0;0;0;0;2334;0;0;125;0;42;0;
17838;4780495;1185255424;22138880;1384910848;0;0;0;0;0;0;0;0;0;0;0;1773;0;0;125;0;42;0;
17839;4100009;1185255424;22138880;1384910848;0;0;0;0;0;0;0;0;0;0;0;2335;0;0;125;0;42;0;
17840;5161109;1185255424;22138880;1384910848;0;0;0;0;0;0;0;0;0;0;0;1764;0;0;125;0;42;0;
17841;3430223;1185255424;22138880;1384910848;0;0;0;0;0;0;0;0;0;0;0;2725;0;0;125;0;42;0;
17842;5158224;1185255424;22138880;1384910848;0;0;0;0;0;0;0;0;0;0;0;2845;0;0;125;0;42;0;
17843;6152829;1185255424;22138880;1384910848;0;0;0;0;0;0;0;0;0;0;0;6462;0;0;125;0;42;0;
17844;5524321;1185255424;22138880;1384910848;0;0;0;0;0;0;0;0;0;0;0;2645;0;0;125;0;42;0;
17845;4800222;1185255424;22138880;1384910848;0;0;0;0;0;0;0;0;0;0;0;2675;0;0;125;0;42;0;
17846;5035634;1185255424;22138880;1384910848;0;0;0;0;0;0;0;0;0;0;0;2174;0;0;125;0;42;0;
17847;3489124;1185255424;22138880;1384910848;0;0;0;0;0;0;0;0;0;0;0;2354;0;0;125;0;42;0;
17848;4944723;1185255424;22138880;1384910848;0;0;0;0;0;0;0;0;0;0;0;2685;0;0;125;0;42;0;
17849;4148570;1185255424;22138880;1384910848;0;0;0;0;0;0;0;0;0;0;0;2655;0;0;125;0;42;0;
17850;5479507;1185255424;22138880;1384910848;0;0;0;0;0;0;0;0;0;0;0;2284;0;0;125;0;42;0;
17851;5570527;1185255424;22138880;1384910848;0;0;0;0;0;0;0;0;0;0;0;6272;0;0;125;0;42;0;
17852;5539018;1185255424;22138880;1384910848;0;0;0;0;0;0;0;0;0;0;0;2585;0;0;125;0;42;0;
17853;4780706;1185255424;22138880;1384910848;0;0;0;0;0;0;0;0;0;0;0;3647;0;0;125;0;42;0;
17854;4861256;1185255424;22138880;1384910848;0;0;0;0;0;0;0;0;0;0;0;2113;0;0;125;0;42;0;
17855;3701502;1185255424;22138880;1384910848;0;0;0;0;0;0;0;0;0;0;0;2525;0;0;125;0;42;0;
17856;5053457;1185255424;22138880;1384910848;0;0;0;0;0;0;0;0;0;0;0;2445;0;0;125;0;42;0;
17857;3887912;1185255424;22138880;1384910848;0;0;0;0;0;0;0;0;0;0;0;3247;0;0;125;0;42;0;
17858;4798770;1185255424;22138880;1384910848;0;0;0;0;0;0;0;0;0;0;0;1984;0;0;125;0;42;0;
17859;4267393;1185255424;22138880;1384910848;0;0;0;0;0;0;0;0;0;0;0;3126;0;0;125;0;42;0;
17860;4716736;1185255424;22138880;1384910848;0;0;0;0;0;0;0;0;0;0;0;2885;0;0;125;0;42;0;
17861;3752448;1185255424;22138880;1384910848;0;0;0;0;0;0;0;0;0;0;0;2995;0;0;125;0;42;0;
17862;4754386;1185255424;22138880;1384910848;0;0;0;0;0;0;0;0;0;0;0;2144;0;0;125;0;42;0;
17863;3971969;1185255424;22138880;1384910848;0;0;0;0;0;0;0;0;0;0;0;3267;0;0;125;0;42;0;
17864;5223667;1185255424;22138880;1384910848;0;0;0;0;0;0;0;0;0;0;0;2835;0;0;125;0;42;0;
17865;4257534;1185255424;22138880;1384910848;0;0;0;0;0;0;0;0;0;0;0;3175;0;0;125;0;42;0;
17866;4940755;1185255424;22138880;1384910848;0;0;0;0;0;0;0;0;0;0;0;2053;0;0;125;0;42;0;
17867;5638214;1185255424;22138880;1384910848;0;0;0;0;0;0;0;0;0;0;0;6803;0;0;125;0;42;0;
17868;5632222;1185255424;22138880;1384910848;0;0;0;0;0;0;0;0;0;0;0;2866;0;0;125;0;42;0;
17869;5762728;1185255424;22138880;1384910848;0;0;0;0;0;0;0;0;0;0;0;4087;0;0;125;0;42;0;
17870;6321916;1185255424;22138880;1384910848;0;0;0;0;0;0;0;0;0;0;0;3336;0;0;125;0;42;0;
17871;5892932;1185255424;22138880;1384910848;0;0;0;0;0;0;0;0;0;0;0;4107;0;0;125;0;42;0;
17872;4912452;1185255424;22138880;1384910848;0;0;0;0;0;0;0;0;0;0;0;3597;0;0;125;0;42;0;
17873;4613793;1185255424;22138880;1384910848;0;0;0;0;0;0;0;0;0;0;0;3055;0;0;125;0;42;0;
17874;5078194;1185255424;22138880;1384910848;0;0;0;0;0;0;0;0;0;0;0;2485;0;0;125;0;42;0;
17875;3055851;1185255424;22138880;1384910848;0;0;0;0;0;0;0;0;0;0;0;2385;0;0;125;0;42;0;
17876;4785295;1185255424;22138880;1384910848;0;0;0;0;0;0;0;0;0;0;0;2705;0;0;125;0;42;0;
17877;3418581;1185255424;22138880;1384910848;0;0;0;0;0;0;0;0;0;0;0;2655;0;0;125;0;42;0;
17878;4555443;1185255424;22138880;1384910848;0;0;0;0;0;0;0;0;0;0;0;2174;0;0;125;0;42;0;
17879;2961364;1185255424;22138880;1384910848;0;0;0;0;0;0;0;0;0;0;0;2384;0;0;125;0;42;0;
17880;4473840;1185255424;22138880;1384910848;0;0;0;0;0;0;0;0;0;0;0;2434;0;0;125;0;42;0;
17881;3020654;1185255424;22138880;1384910848;0;0;0;0;0;0;0;0;0;0;0;3237;0;0;125;0;42;0;
17882;4700435;1185255424;22138880;1384910848;0;0;0;0;0;0;0;0;0;0;0;2124;0;0;125;0;42;0;
17883;2937319;1185255424;22138880;1384910848;0;0;0;0;0;0;0;0;0;0;0;2405;0;0;125;0;42;0;
17884;4718118;1185255424;22138880;1384910848;0;0;0;0;0;0;0;0;0;0;0;2214;0;0;125;0;42;0;
17885;2776958;1185255424;22138880;1384910848;0;0;0;0;0;0;0;0;0;0;0;2544;0;0;125;0;42;0;
17886;4675568;1185255424;22138880;1384910848;0;0;0;0;0;0;0;0;0;0;0;2274;0;0;125;0;42;0;
17887;2520416;1185255424;22138880;1384910848;0;0;0;0;0;0;0;0;0;0;0;2745;0;0;125;0;42;0;
17888;4306737;1185255424;22138880;1384910848;0;0;0;0;0;0;0;0;0;0;0;2254;0;0;125;0;42;0;
17889;2223490;1185255424;22138880;1384910848;0;0;0;0;0;0;0;0;0;0;0;2555;0;0;125;0;42;0;
17890;4975221;1185255424;22138880;1384910848;0;0;0;0;0;0;0;0;0;0;0;1953;0;0;125;0;42;0;
17891;2635323;1185255424;22138880;1384910848;0;0;0;0;0;0;0;0;0;0;0;2836;0;0;125;0;42;0;
17892;4629783;1185255424;22138880;1384910848;0;0;0;0;0;0;0;0;0;0;0;2455;0;0;125;0;42;0;
17893;2316053;1185255424;22138880;1384910848;0;0;0;0;0;0;0;0;0;0;0;2745;0;0;125;0;42;0;
17894;5283138;1185255424;22138880;1384910848;0;0;0;0;0;0;0;0;0;0;0;2285;0;0;125;0;42;0;
17895;2892825;1185255424;22138880;1384910848;0;0;0;0;0;0;0;0;0;0;0;2464;0;0;125;0;42;0;
17896;4618111;1185255424;22138880;1384910848;0;0;0;0;0;0;0;0;0;0;0;2284;0;0;125;0;42;0;
17897;2847179;1185255424;22138880;1384910848;0;0;0;0;0;0;0;0;0;0;0;2805;0;0;125;0;42;0;
17898;5094193;1185255424;22138880;1384910848;0;0;0;0;0;0;0;0;0;0;0;2114;0;0;125;0;42;0;
17899;4142679;1185255424;22138880;1384910848;0;0;0;0;0;0;0;0;0;0;0;2865;0;0;125;0;42;0;
17900;5048077;1185255424;22138880;1384910848;0;0;0;0;0;0;0;0;0;0;0;2534;0;0;125;0;42;0;
17901;3575946;1185255424;22138880;1384910848;0;0;0;0;0;0;0;0;0;0;0;2485;0;0;125;0;42;0;
17902;5252811;1185255424;22138880;1384910848;0;0;0;0;0;0;0;0;0;0;0;2315;0;0;125;0;42;0;
17903;3855972;1185255424;22138880;1384910848;0;0;0;0;0;0;0;0;0;0;0;3116;0;0;125;0;42;0;
17904;4803057;1185255424;22138880;1384910848;0;0;0;0;0;0;0;0;0;0;0;2685;0;0;125;0;42;0;
17905;3441243;1185255424;22138880;1384910848;0;0;0;0;0;0;0;0;0;0;0;3186;0;0;125;0;42;0;
17906;4943661;1185255424;22138880;1384910848;0;0;0;0;0;0;0;0;0;0;0;2464;0;0;125;0;42;0;
17907;3647861;1185255424;22138880;1384910848;0;0;0;0;0;0;0;0;0;0;0;2474;0;0;125;0;42;0;
17908;4686830;1185255424;22138880;1384910848;0;0;0;0;0;0;0;0;0;0;0;2645;0;0;125;0;42;0;
17909;3192787;1185255424;22138880;1384910848;0;0;0;0;0;0;0;0;0;0;0;2575;0;0;125;0;42;0;
17910;5000739;1185255424;22138880;1384910848;0;0;0;0;0;0;0;0;0;0;0;2104;0;0;125;0;42;0;
17911;3687836;1185255424;22138880;1384910848;0;0;0;0;0;0;0;0;0;0;0;2575;0;0;125;0;42;0;
17912;4702389;1185255424;22138880;1384910848;0;0;0;0;0;0;0;0;0;0;0;2255;0;0;125;0;42;0;
17913;4182834;1185255424;22138880;1384910848;0;0;0;0;0;0;0;0;0;0;0;2976;0;0;125;0;42;0;
17914;4608383;1185255424;22138880;1384910848;0;0;0;0;0;0;0;0;0;0;0;1864;0;0;125;0;42;0;
17915;4004050;1185255424;22138880;1384910848;0;0;0;0;0;0;0;0;0;0;0;2625;0;0;125;0;42;0;
17916;5041555;1185255424;22138880;1384910848;0;0;0;0;0;0;0;0;0;0;0;2064;0;0;125;0;42;0;
17917;3812520;1185255424;22138880;1384910848;0;0;0;0;0;0;0;0;0;0;0;2425;0;0;125;0;42;0;
17918;4750479;1185255424;22138880;1384910848;0;0;0;0;0;0;0;0;0;0;0;2064;0;0;125;0;42;0;
17919;3968212;1185255424;22138880;1384910848;0;0;0;0;0;0;0;0;0;0;0;2625;0;0;125;0;42;0;
17920;4866847;1185255424;22138880;1384910848;0;0;0;0;0;0;0;0;0;0;0;2695;0;0;125;0;42;0;
17921;3468675;1185255424;22138880;1384910848;0;0;0;0;0;0;0;0;0;0;0;2715;0;0;125;0;42;0;
17922;4664748;1185255424;22138880;1384910848;0;0;0;0;0;0;0;0;0;0;0;2234;0;0;125;0;42;0;
17923;3514471;1185255424;22138880;1384910848;0;0;0;0;0;0;0;0;0;0;0;2314;0;0;125;0;42;0;
17924;4738537;1185255424;22138880;1384910848;0;0;0;0;0;0;0;0;0;0;0;2134;0;0;125;0;42;0;
17925;3037957;1185255424;22138880;1384910848;0;0;0;0;0;0;0;0;0;0;0;2114;0;0;125;0;42;0;
17926;5021086;1185255424;22138880;1384910848;0;0;0;0;0;0;0;0;0;0;0;2154;0;0;125;0;42;0;
17927;3391701;1185255424;22138880;1384910848;0;0;0;0;0;0;0;0;0;0;0;2375;0;0;125;0;42;0;
17928;4827865;1185255424;22138880;1384910848;0;0;0;0;0;0;0;0;0;0;0;2214;0;0;125;0;42;0;
17929;4618021;1185255424;22138880;1384910848;0;0;0;0;0;0;0;0;0;0;0;70843;0;0;125;0;42;0;
17930;4787538;1185255424;22138880;1384910848;0;0;0;0;0;0;0;0;0;0;0;1894;0;0;125;0;42;0;
17931;4022534;1185255424;22138880;1384910848;0;0;0;0;0;0;0;0;0;0;0;2915;0;0;125;0;42;0;
17932;5118429;1185255424;22138880;1384910848;0;0;0;0;0;0;0;0;0;0;0;2444;0;0;125;0;42;0;
17933;4327977;1185255424;22138880;1384910848;0;0;0;0;0;0;0;0;0;0;0;2926;0;0;125;0;42;0;
17934;5216704;1185255424;22138880;1384910848;0;0;0;0;0;0;0;0;0;0;0;2625;0;0;125;0;42;0;
17935;5699158;1185255424;22138880;1384910848;0;0;0;0;0;0;0;0;0;0;0;6091;0;0;125;0;42;0;
17936;6073741;1185255424;22138880;1384910848;0;0;0;0;0;0;0;0;0;0;0;3516;0;0;125;0;42;0;
17937;5266307;1185255424;22138880;1384910848;0;0;0;0;0;0;0;0;0;0;0;3507;0;0;125;0;42;0;
17938;5192759;1185255424;22138880;1384910848;0;0;0;0;0;0;0;0;0;0;0;2304;0;0;125;0;42;0;
17939;4393109;1185255424;22138880;1384910848;0;0;0;0;0;0;0;0;0;0;0;2795;0;0;125;0;42;0;
17940;5255726;1185255424;22138880;1384910848;0;0;0;0;0;0;0;0;0;0;0;2685;0;0;125;0;42;0;
17941;2785674;1185255424;22138880;1384910848;0;0;0;0;0;0;0;0;0;0;0;2935;0;0;125;0;42;0;
17942;4987023;1185255424;22138880;1384910848;0;0;0;0;0;0;0;0;0;0;0;2354;0;0;125;0;42;0;
17943;2229221;1185255424;22138880;1384910848;0;0;0;0;0;0;0;0;0;0;0;2104;0;0;125;0;42;0;
17944;5197437;1185255424;22138880;1384910848;0;0;0;0;0;0;0;0;0;0;0;2354;0;0;125;0;42;0;
17945;2036760;1185255424;22138880;1384910848;0;0;0;0;0;0;0;0;0;0;0;2685;0;0;125;0;42;0;
17946;4459614;1185255424;22138880;1384910848;0;0;0;0;0;0;0;0;0;0;0;2815;0;0;125;0;42;0;
17947;3683949;1185255424;22138880;1384910848;0;0;0;0;0;0;0;0;0;0;0;3126;0;0;125;0;42;0;
17948;5067674;1185255424;22138880;1384910848;0;0;0;0;0;0;0;0;0;0;0;3096;0;0;125;0;42;0;
17949;3745604;1185255424;22138880;1384910848;0;0;0;0;0;0;0;0;0;0;0;4068;0;0;125;0;42;0;
17950;5162201;1185255424;22138880;1384910848;0;0;0;0;0;0;0;0;0;0;0;2886;0;0;125;0;42;0;
17951;3674661;1185255424;22138880;1384910848;0;0;0;0;0;0;0;0;0;0;0;3326;0;0;125;0;42;0;
17952;5384117;1185255424;22138880;1384910848;0;0;0;0;0;0;0;0;0;0;0;3306;0;0;125;0;42;0;
17953;4226637;1185255424;22138880;1384910848;0;0;0;0;0;0;0;0;0;0;0;3336;0;0;125;0;42;0;
17954;5153675;1185255424;22138880;1384910848;0;0;0;0;0;0;0;0;0;0;0;3106;0;0;125;0;42;0;
17955;3673028;1185255424;22138880;1384910848;0;0;0;0;0;0;0;0;0;0;0;3236;0;0;125;0;42;0;
17956;5484385;1185255424;22138880;1384910848;0;0;0;0;0;0;0;0;0;0;0;3206;0;0;125;0;42;0;
17957;3766844;1185255424;22138880;1384910848;0;0;0;0;0;0;0;0;0;0;0;3497;0;0;125;0;42;0;
17958;6307609;1185255424;22138880;1384910848;0;0;0;0;0;0;0;0;0;0;0;3817;0;0;125;0;42;0;
17959;4298812;1185255424;22138880;1384910848;0;0;0;0;0;0;0;0;0;0;0;3747;0;0;125;0;42;0;
17960;5173261;1185255424;22138880;1384910848;0;0;0;0;0;0;0;0;0;0;0;2995;0;0;125;0;42;0;
17961;2537619;1185255424;22138880;1384910848;0;0;0;0;0;0;0;0;0;0;0;2454;0;0;125;0;42;0;
17962;4857540;1185255424;22138880;1384910848;0;0;0;0;0;0;0;0;0;0;0;2014;0;0;125;0;42;0;
17963;2961083;1185255424;22138880;1384910848;0;0;0;0;0;0;0;0;0;0;0;2395;0;0;125;0;42;0;
17964;5179353;1185255424;22138880;1384910848;0;0;0;0;0;0;0;0;0;0;0;2264;0;0;125;0;42;0;
17965;4009389;1185255424;22138880;1384910848;0;0;0;0;0;0;0;0;0;0;0;3727;0;0;125;0;42;0;
17966;5756646;1185255424;22138880;1384910848;0;0;0;0;0;0;0;0;0;0;0;2124;0;0;125;0;42;0;
17967;4519877;1185255424;22138880;1384910848;0;0;0;0;0;0;0;0;0;0;0;2756;0;0;125;0;42;0;
17968;4662103;1185255424;22138880;1384910848;0;0;0;0;0;0;0;0;0;0;0;2585;0;0;125;0;42;0;
17969;4396925;1185255424;22138880;1384910848;0;0;0;0;0;0;0;0;0;0;0;2745;0;0;125;0;42;0;
17970;5270123;1185255424;22138880;1384910848;0;0;0;0;0;0;0;0;0;0;0;1923;0;0;125;0;42;0;
17971;4189798;1185255424;22138880;1384910848;0;0;0;0;0;0;0;0;0;0;0;2485;0;0;125;0;42;0;
17972;4786096;1185255424;22138880;1384910848;0;0;0;0;0;0;0;0;0;0;0;2495;0;0;125;0;42;0;
17973;4559571;1185255424;22138880;1384910848;0;0;0;0;0;0;0;0;0;0;0;2846;0;0;125;0;42;0;
17974;5361585;1185255424;22138880;1384910848;0;0;0;0;0;0;0;0;0;0;0;2124;0;0;125;0;42;0;
17975;4448653;1185255424;22138880;1384910848;0;0;0;0;0;0;0;0;0;0;0;2304;0;0;125;0;42;0;
17976;5011328;1185255424;22138880;1384910848;0;0;0;0;0;0;0;0;0;0;0;2635;0;0;125;0;42;0;
17977;4817113;1185255424;22138880;1384910848;0;0;0;0;0;0;0;0;0;0;0;2625;0;0;125;0;42;0;
17978;5558574;1185255424;22138880;1384910848;0;0;0;0;0;0;0;0;0;0;0;2114;0;0;125;0;42;0;
17979;3980185;1185255424;22138880;1384910848;0;0;0;0;0;0;0;0;0;0;0;2695;0;0;125;0;42;0;
17980;4689014;1185255424;22138880;1384910848;0;0;0;0;0;0;0;0;0;0;0;2514;0;0;125;0;42;0;
17981;4482988;1185255424;22138880;1384910848;0;0;0;0;0;0;0;0;0;0;0;2876;0;0;125;0;42;0;
17982;5476250;1185255424;22138880;1384910848;0;0;0;0;0;0;0;0;0;0;0;2295;0;0;125;0;42;0;
17983;3846184;1185255424;22138880;1384910848;0;0;0;0;0;0;0;0;0;0;0;3146;0;0;125;0;42;0;
17984;4849485;1185255424;22138880;1384910848;0;0;0;0;0;0;0;0;0;0;0;2244;0;0;125;0;42;0;
17985;4127841;1185255424;22138880;1384910848;0;0;0;0;0;0;0;0;0;0;0;3066;0;0;125;0;42;0;
17986;5159937;1185255424;22138880;1384910848;0;0;0;0;0;0;0;0;0;0;0;1943;0;0;125;0;42;0;
17987;4295235;1185255424;22138880;1384910848;0;0;0;0;0;0;0;0;0;0;0;3035;0;0;125;0;42;0;
17988;5149598;1185255424;22138880;1384910848;0;0;0;0;0;0;0;0;0;0;0;2394;0;0;125;0;42;0;
17989;3628355;1185255424;22138880;1384910848;0;0;0;0;0;0;0;0;0;0;0;2926;0;0;125;0;42;0;
17990;4758885;1185255424;22138880;1384910848;0;0;0;0;0;0;0;0;0;0;0;2044;0;0;125;0;42;0;
17991;3222354;1185255424;22138880;1384910848;0;0;0;0;0;0;0;0;0;0;0;2144;0;0;125;0;42;0;
17992;5620551;1185255424;22138880;1384910848;0;0;0;0;0;0;0;0;0;0;0;2685;0;0;125;0;42;0;
17993;3525642;1185255424;22138880;1384910848;0;0;0;0;0;0;0;0;0;0;0;10219;0;0;125;0;42;0;
17994;4710704;1185255424;22138880;1384910848;0;0;0;0;0;0;0;0;0;0;0;2425;0;0;125;0;42;0;
17995;3950959;1185255424;22138880;1384910848;0;0;0;0;0;0;0;0;0;0;0;3637;0;0;125;0;42;0;
17996;5325097;1185255424;22138880;1384910848;0;0;0;0;0;0;0;0;0;0;0;2996;0;0;125;0;42;0;
17997;4676811;1185255424;22138880;1384910848;0;0;0;0;0;0;0;0;0;0;0;3417;0;0;125;0;42;0;
17998;4969981;1185255424;22138880;1384910848;0;0;0;0;0;0;0;0;0;0;0;3066;0;0;125;0;42;0;
17999;4947839;1185255424;22138880;1384910848;0;0;0;0;0;0;0;0;0;0;0;2565;0;0;125;0;42;0;
18000;4600398;1185255424;22138880;1384910848;0;0;0;0;0;0;0;0;0;0;0;2485;0;0;125;0;42;0;
18001;4270398;1185255424;22138880;1384910848;0;0;0;0;0;0;0;0;0;0;0;3457;0;0;125;0;42;0;
18002;5574124;1185255424;22138880;1384910848;0;0;0;0;0;0;0;0;0;0;0;3055;0;0;125;0;42;0;
18003;5031135;1185255424;22138880;1384910848;0;0;0;0;0;0;0;0;0;0;0;3216;0;0;125;0;42;0;
18004;4963719;1185255424;22138880;1384910848;0;0;0;0;0;0;0;0;0;0;0;3336;0;0;125;0;42;0;
18005;4766940;1185255424;22138880;1384910848;0;0;0;0;0;0;0;0;0;0;0;2875;0;0;125;0;42;0;
18006;5028170;1185255424;22138880;1384910848;0;0;0;0;0;0;0;0;0;0;0;1654;0;0;125;0;42;0;
18007;4089870;1185255424;22138880;1384910848;0;0;0;0;0;0;0;0;0;0;0;3106;0;0;125;0;42;0;
18008;4602101;1185255424;22138880;1384910848;0;0;0;0;0;0;0;0;0;0;0;2394;0;0;125;0;42;0;
18009;4872969;1185255424;22138880;1384910848;0;0;0;0;0;0;0;0;0;0;0;4028;0;0;125;0;42;0;
18010;5091528;1185255424;22138880;1384910848;0;0;0;0;0;0;0;0;0;0;0;3516;0;0;125;0;42;0;
18011;3531373;1185255424;22147072;1384919040;0;0;0;0;0;0;0;0;0;0;0;3166;0;0;125;0;42;0;
18012;5118128;1185255424;22147072;1384919040;0;0;0;0;0;0;0;0;0;0;0;2585;0;0;125;0;42;0;
18013;3512287;1185255424;22147072;1384919040;0;0;0;0;0;0;0;0;0;0;0;3156;0;0;125;0;42;0;
18014;4689184;1185255424;22147072;1384919040;0;0;0;0;0;0;0;0;0;0;0;2495;0;0;125;0;42;0;
18015;3904763;1185255424;22147072;1384919040;0;0;0;0;0;0;0;0;0;0;0;3566;0;0;125;0;42;0;
18016;5212446;1185255424;22147072;1384919040;0;0;0;0;0;0;0;0;0;0;0;2945;0;0;125;0;42;0;
18017;3161088;1185329152;22138880;1384910848;0;0;0;0;0;0;0;0;0;0;0;2926;0;0;125;0;42;0;
18018;4381978;1185329152;22138880;1384910848;0;0;0;0;0;0;0;0;0;0;0;2215;0;0;125;0;42;0;
18019;2682190;1185329152;22138880;1384910848;0;0;0;0;0;0;0;0;0;0;0;2455;0;0;125;0;42;0;
18020;4472878;1185329152;22138880;1384910848;0;0;0;0;0;0;0;0;0;0;0;2395;0;0;125;0;42;0;
18021;2908064;1185329152;22138880;1384910848;0;0;0;0;0;0;0;0;0;0;0;2856;0;0;125;0;42;0;
18022;4381738;1185329152;22138880;1384910848;0;0;0;0;0;0;0;0;0;0;0;2054;0;0;125;0;42;0;
18023;3060660;1185329152;22138880;1384910848;0;0;0;0;0;0;0;0;0;0;0;2695;0;0;125;0;42;0;
18024;4507053;1185329152;22138880;1384910848;0;0;0;0;0;0;0;0;0;0;0;2324;0;0;125;0;42;0;
18025;4119896;1185329152;22138880;1384910848;0;0;0;0;0;0;0;0;0;0;0;4879;0;0;125;0;42;0;
18026;5023130;1185329152;22138880;1384910848;0;0;0;0;0;0;0;0;0;0;0;3407;0;0;125;0;42;0;
18027;4246834;1185329152;22138880;1384910848;0;0;0;0;0;0;0;0;0;0;0;3256;0;0;125;0;42;0;
18028;5149958;1185329152;22138880;1384910848;0;0;0;0;0;0;0;0;0;0;0;3115;0;0;125;0;42;0;
18029;4281329;1185329152;22138880;1384910848;0;0;0;0;0;0;0;0;0;0;0;3667;0;0;125;0;42;0;
18030;5017930;1185329152;22138880;1384910848;0;0;0;0;0;0;0;0;0;0;0;3336;0;0;125;0;42;0;
18031;4215987;1185329152;22138880;1384910848;0;0;0;0;0;0;0;0;0;0;0;3506;0;0;125;0;42;0;
18032;5054198;1185329152;22138880;1384910848;0;0;0;0;0;0;0;0;0;0;0;2806;0;0;125;0;42;0;
18033;5019193;1185329152;22138880;1384910848;0;0;0;0;0;0;0;0;0;0;0;3767;0;0;125;0;42;0;
18034;4793409;1185329152;22138880;1384910848;0;0;0;0;0;0;0;0;0;0;0;2735;0;0;125;0;42;0;
18035;4226736;1185329152;22138880;1384910848;0;0;0;0;0;0;0;0;0;0;0;2635;0;0;125;0;42;0;
18036;4938802;1185329152;22138880;1384910848;0;0;0;0;0;0;0;0;0;0;0;2305;0;0;125;0;42;0;
18037;3887771;1185329152;22138880;1384910848;0;0;0;0;0;0;0;0;0;0;0;4528;0;0;125;0;42;0;
18038;5271877;1185329152;22138880;1384910848;0;0;0;0;0;0;0;0;0;0;0;3466;0;0;125;0;42;0;
18039;5285603;1185329152;22138880;1384910848;0;0;0;0;0;0;0;0;0;0;0;3737;0;0;125;0;42;0;
18040;5188029;1185329152;22138880;1384910848;0;0;0;0;0;0;0;0;0;0;0;3637;0;0;125;0;42;0;
18041;4790194;1185329152;22138880;1384910848;0;0;0;0;0;0;0;0;0;0;0;4548;0;0;125;0;42;0;
18042;5547434;1185329152;22138880;1384910848;0;0;0;0;0;0;0;0;0;0;0;3156;0;0;125;0;42;0;
18043;5295732;1185329152;22138880;1384910848;0;0;0;0;0;0;0;0;0;0;0;4038;0;0;125;0;42;0;
18044;5474637;1185329152;22138880;1384910848;0;0;0;0;0;0;0;0;0;0;0;3537;0;0;125;0;42;0;
18045;4908686;1185329152;22138880;1384910848;0;0;0;0;0;0;0;0;0;0;0;3637;0;0;125;0;42;0;
18046;5773137;1185329152;22138880;1384910848;0;0;0;0;0;0;0;0;0;0;0;3667;0;0;125;0;42;0;
18047;3287636;1185329152;22138880;1384910848;0;0;0;0;0;0;0;0;0;0;0;2825;0;0;125;0;42;0;
18048;5205983;1185329152;22138880;1384910848;0;0;0;0;0;0;0;0;0;0;0;2886;0;0;125;0;42;0;
18049;4884640;1185329152;22138880;1384910848;0;0;0;0;0;0;0;0;0;0;0;3526;0;0;125;0;42;0;
18050;4923854;1185329152;22138880;1384910848;0;0;0;0;0;0;0;0;0;0;0;3456;0;0;125;0;42;0;
18051;3078082;1185329152;22138880;1384910848;0;0;0;0;0;0;0;0;0;0;0;3616;0;0;125;0;42;0;
18052;4835738;1185329152;22138880;1384910848;0;0;0;0;0;0;0;0;0;0;0;3877;0;0;125;0;42;0;
18053;3565988;1185329152;22138880;1384910848;0;0;0;0;0;0;0;0;0;0;0;4659;0;0;125;0;42;0;
18054;7582731;1185329152;22138880;1384910848;0;0;0;0;0;0;0;0;0;0;0;4128;0;0;125;0;42;0;
18055;9570909;1185329152;22138880;1384910848;0;0;0;0;0;0;0;0;0;0;0;3587;0;0;125;0;42;0;
18056;5381141;1185329152;22138880;1384910848;0;0;0;0;0;0;0;0;0;0;0;3687;0;0;125;0;42;0;
18057;4760759;1185329152;22138880;1384910848;0;0;0;0;0;0;0;0;0;0;0;4728;0;0;125;0;42;0;
18058;5258362;1185329152;22138880;1384910848;0;0;0;0;0;0;0;0;0;0;0;3697;0;0;125;0;42;0;
18059;5878544;1185329152;22138880;1384910848;0;0;0;0;0;0;0;0;0;0;0;4729;0;0;125;0;42;0;
18060;5452686;1185329152;22138880;1384910848;0;0;0;0;0;0;0;0;0;0;0;3477;0;0;125;0;42;0;
18061;4327246;1185329152;22138880;1384910848;0;0;0;0;0;0;0;0;0;0;0;3647;0;0;125;0;42;0;
18062;5452636;1185329152;22138880;1384910848;0;0;0;0;0;0;0;0;0;0;0;3076;0;0;125;0;42;0;
18063;4025750;1185329152;22138880;1384910848;0;0;0;0;0;0;0;0;0;0;0;2575;0;0;125;0;42;0;
18064;4456337;1185329152;22138880;1384910848;0;0;0;0;0;0;0;0;0;0;0;2625;0;0;125;0;42;0;
18065;3417690;1185329152;22138880;1384910848;0;0;0;0;0;0;0;0;0;0;0;3096;0;0;125;0;42;0;
18066;4990369;1185329152;22138880;1384910848;0;0;0;0;0;0;0;0;0;0;0;2655;0;0;125;0;42;0;
18067;4186381;1185329152;22138880;1384910848;0;0;0;0;0;0;0;0;0;0;0;2555;0;0;125;0;42;0;
18068;4571994;1185329152;22138880;1384910848;0;0;0;0;0;0;0;0;0;0;0;2455;0;0;125;0;42;0;
18069;5116075;1185329152;22138880;1384910848;0;0;0;0;0;0;0;0;0;0;0;3226;0;0;125;0;42;0;
18070;4832803;1185329152;22138880;1384910848;0;0;0;0;0;0;0;0;0;0;0;1913;0;0;125;0;42;0;
18071;5255105;1185329152;22138880;1384910848;0;0;0;0;0;0;0;0;0;0;0;3767;0;0;125;0;42;0;
18072;5238374;1185329152;22138880;1384910848;0;0;0;0;0;0;0;0;0;0;0;3287;0;0;125;0;42;0;
18073;4502824;1185329152;22138880;1384910848;0;0;0;0;0;0;0;0;0;0;0;3377;0;0;125;0;42;0;
18074;5020546;1185329152;22138880;1384910848;0;0;0;0;0;0;0;0;0;0;0;2926;0;0;125;0;42;0;
18075;3873344;1185329152;22138880;1384910848;0;0;0;0;0;0;0;0;0;0;0;3456;0;0;125;0;42;0;
18076;5220701;1185329152;22138880;1384910848;0;0;0;0;0;0;0;0;0;0;0;2775;0;0;125;0;42;0;
18077;3005016;1185329152;22138880;1384910848;0;0;0;0;0;0;0;0;0;0;0;2855;0;0;125;0;42;0;
18078;4770006;1185329152;22138880;1384910848;0;0;0;0;0;0;0;0;0;0;0;1994;0;0;125;0;42;0;
18079;2604525;1185329152;22138880;1384910848;0;0;0;0;0;0;0;0;0;0;0;2736;0;0;125;0;42;0;
18080;4830479;1185329152;22138880;1384910848;0;0;0;0;0;0;0;0;0;0;0;2565;0;0;125;0;42;0;
18081;2697018;1185329152;22138880;1384910848;0;0;0;0;0;0;0;0;0;0;0;2454;0;0;125;0;42;0;
18082;4764154;1185329152;22138880;1384910848;0;0;0;0;0;0;0;0;0;0;0;2234;0;0;125;0;42;0;
18083;2369423;1185329152;22138880;1384910848;0;0;0;0;0;0;0;0;0;0;0;2856;0;0;125;0;42;0;
18084;4431691;1185329152;22138880;1384910848;0;0;0;0;0;0;0;0;0;0;0;2324;0;0;125;0;42;0;
18085;2989907;1185329152;22138880;1384910848;0;0;0;0;0;0;0;0;0;0;0;2655;0;0;125;0;42;0;
18086;4619814;1185329152;22138880;1384910848;0;0;0;0;0;0;0;0;0;0;0;2265;0;0;125;0;42;0;
18087;2527359;1185329152;22138880;1384910848;0;0;0;0;0;0;0;0;0;0;0;2726;0;0;125;0;42;0;
18088;4374324;1185329152;22138880;1384910848;0;0;0;0;0;0;0;0;0;0;0;2104;0;0;125;0;42;0;
18089;3017028;1185329152;22138880;1384910848;0;0;0;0;0;0;0;0;0;0;0;2675;0;0;125;0;42;0;
18090;4528723;1185329152;22138880;1384910848;0;0;0;0;0;0;0;0;0;0;0;2124;0;0;125;0;42;0;
18091;2653657;1185329152;22138880;1384910848;0;0;0;0;0;0;0;0;0;0;0;2294;0;0;125;0;42;0;
18092;4560513;1185329152;22138880;1384910848;0;0;0;0;0;0;0;0;0;0;0;2054;0;0;125;0;42;0;
18093;4340981;1185329152;22138880;1384910848;0;0;0;0;0;0;0;0;0;0;0;3476;0;0;125;0;42;0;
18094;5493683;1185329152;22138880;1384910848;0;0;0;0;0;0;0;0;0;0;0;3046;0;0;125;0;42;0;
18095;4023786;1185329152;22138880;1384910848;0;0;0;0;0;0;0;0;0;0;0;3236;0;0;125;0;42;0;
18096;6496142;1185329152;22138880;1384910848;0;0;0;0;0;0;0;0;0;0;0;3065;0;0;125;0;42;0;
18097;6177235;1185329152;22138880;1384910848;0;0;0;0;0;0;0;0;0;0;0;4719;0;0;125;0;42;0;
18098;5152774;1185329152;22138880;1384910848;0;0;0;0;0;0;0;0;0;0;0;3166;0;0;125;0;42;0;
18099;5182880;1185329152;22138880;1384910848;0;0;0;0;0;0;0;0;0;0;0;3867;0;0;125;0;42;0;
18100;5283158;1185329152;22138880;1384910848;0;0;0;0;0;0;0;0;0;0;0;3717;0;0;125;0;42;0;
18101;5623937;1185329152;22138880;1384910848;0;0;0;0;0;0;0;0;0;0;0;4589;0;0;125;0;42;0;
18102;5489415;1185329152;22138880;1384910848;0;0;0;0;0;0;0;0;0;0;0;3026;0;0;125;0;42;0;
18103;5271827;1185329152;22138880;1384910848;0;0;0;0;0;0;0;0;0;0;0;3596;0;0;125;0;42;0;
18104;5131924;1185329152;22138880;1384910848;0;0;0;0;0;0;0;0;0;0;0;3216;0;0;125;0;42;0;
18105;4975020;1185329152;22138880;1384910848;0;0;0;0;0;0;0;0;0;0;0;3807;0;0;125;0;42;0;
18106;5506937;1185329152;22138880;1384910848;0;0;0;0;0;0;0;0;0;0;0;3176;0;0;125;0;42;0;
18107;5063666;1185329152;22138880;1384910848;0;0;0;0;0;0;0;0;0;0;0;3667;0;0;125;0;42;0;
18108;5400588;1185329152;22138880;1384910848;0;0;0;0;0;0;0;0;0;0;0;3606;0;0;125;0;42;0;
18109;4881215;1185329152;22138880;1384910848;0;0;0;0;0;0;0;0;0;0;0;4258;0;0;125;0;42;0;
18110;6323088;1185329152;22138880;1384910848;0;0;0;0;0;0;0;0;0;0;0;3426;0;0;125;0;42;0;
18111;5347158;1185329152;22138880;1384910848;0;0;0;0;0;0;0;0;0;0;0;3377;0;0;125;0;42;0;
18112;5277136;1185329152;22138880;1384910848;0;0;0;0;0;0;0;0;0;0;0;3616;0;0;125;0;42;0;
18113;4481545;1185329152;22138880;1384910848;0;0;0;0;0;0;0;0;0;0;0;3957;0;0;125;0;42;0;
18114;5236320;1185329152;22138880;1384910848;0;0;0;0;0;0;0;0;0;0;0;2164;0;0;125;0;42;0;
18115;3632653;1185329152;22138880;1384910848;0;0;0;0;0;0;0;0;0;0;0;2805;0;0;125;0;42;0;
18116;6401174;1185329152;22138880;1384910848;0;0;0;0;0;0;0;0;0;0;0;2545;0;0;125;0;42;0;
18117;4147728;1185329152;22138880;1384910848;0;0;0;0;0;0;0;0;0;0;0;3086;0;0;125;0;42;0;
18118;5171279;1185329152;22138880;1384910848;0;0;0;0;0;0;0;0;0;0;0;2014;0;0;125;0;42;0;
18119;3996805;1185329152;22138880;1384910848;0;0;0;0;0;0;0;0;0;0;0;3557;0;0;125;0;42;0;
18120;4957758;1185329152;22138880;1384910848;0;0;0;0;0;0;0;0;0;0;0;3125;0;0;125;0;42;0;
18121;3516836;1185329152;22138880;1384910848;0;0;0;0;0;0;0;0;0;0;0;3557;0;0;125;0;42;0;
18122;5539609;1185329152;22138880;1384910848;0;0;0;0;0;0;0;0;0;0;0;2285;0;0;125;0;42;0;
18123;3660205;1185329152;22138880;1384910848;0;0;0;0;0;0;0;0;0;0;0;2695;0;0;125;0;42;0;
18124;4977254;1185329152;22138880;1384910848;0;0;0;0;0;0;0;0;0;0;0;2354;0;0;125;0;42;0;
18125;3342118;1185329152;22138880;1384910848;0;0;0;0;0;0;0;0;0;0;0;3777;0;0;125;0;42;0;
18126;4881845;1185329152;22138880;1384910848;0;0;0;0;0;0;0;0;0;0;0;3296;0;0;125;0;42;0;
18127;3581477;1185329152;22138880;1384910848;0;0;0;0;0;0;0;0;0;0;0;2635;0;0;125;0;42;0;
18128;4661943;1185329152;22138880;1384910848;0;0;0;0;0;0;0;0;0;0;0;2134;0;0;125;0;42;0;
18129;3647421;1185329152;22138880;1384910848;0;0;0;0;0;0;0;0;0;0;0;2444;0;0;125;0;42;0;
18130;4303701;1185329152;22138880;1384910848;0;0;0;0;0;0;0;0;0;0;0;2194;0;0;125;0;42;0;
18131;3775781;1185329152;22138880;1384910848;0;0;0;0;0;0;0;0;0;0;0;3136;0;0;125;0;42;0;
18132;5204971;1185329152;22138880;1384910848;0;0;0;0;0;0;0;0;0;0;0;2965;0;0;125;0;42;0;
18133;4058802;1185329152;22138880;1384910848;0;0;0;0;0;0;0;0;0;0;0;4168;0;0;125;0;42;0;
18134;4965623;1185329152;22138880;1384910848;0;0;0;0;0;0;0;0;0;0;0;3025;0;0;125;0;42;0;
18135;4386887;1185329152;22138880;1384910848;0;0;0;0;0;0;0;0;0;0;0;3035;0;0;125;0;42;0;
18136;4585400;1185329152;22138880;1384910848;0;0;0;0;0;0;0;0;0;0;0;3085;0;0;125;0;42;0;
18137;3627393;1185329152;22138880;1384910848;0;0;0;0;0;0;0;0;0;0;0;3497;0;0;125;0;42;0;
18138;5238434;1185329152;22138880;1384910848;0;0;0;0;0;0;0;0;0;0;0;3156;0;0;125;0;42;0;
18139;3862574;1185329152;22138880;1384910848;0;0;0;0;0;0;0;0;0;0;0;3045;0;0;125;0;42;0;
18140;5276636;1185329152;22138880;1384910848;0;0;0;0;0;0;0;0;0;0;0;2875;0;0;125;0;42;0;
18141;4178807;1185329152;22138880;1384910848;0;0;0;0;0;0;0;0;0;0;0;3196;0;0;125;0;42;0;
18142;4986621;1185329152;22138880;1384910848;0;0;0;0;0;0;0;0;0;0;0;3326;0;0;125;0;42;0;
18143;4838464;1185329152;22138880;1384910848;0;0;0;0;0;0;0;0;0;0;0;3707;0;0;125;0;42;0;
18144;5144558;1185329152;22138880;1384910848;0;0;0;0;0;0;0;0;0;0;0;3516;0;0;125;0;42;0;
18145;5740516;1185329152;22138880;1384910848;0;0;0;0;0;0;0;0;0;0;0;4989;0;0;125;0;42;0;
18146;5480418;1185329152;22138880;1384910848;0;0;0;0;0;0;0;0;0;0;0;3326;0;0;125;0;42;0;
18147;5372886;1185329152;22138880;1384910848;0;0;0;0;0;0;0;0;0;0;0;3827;0;0;125;0;42;0;
18148;5368979;1185329152;22138880;1384910848;0;0;0;0;0;0;0;0;0;0;0;3247;0;0;125;0;42;0;
18149;5144928;1185329152;22138880;1384910848;0;0;0;0;0;0;0;0;0;0;0;3326;0;0;125;0;42;0;
18150;5163163;1185329152;22138880;1384910848;0;0;0;0;0;0;0;0;0;0;0;3116;0;0;125;0;42;0;
18151;4342875;1185329152;22138880;1384910848;0;0;0;0;0;0;0;0;0;0;0;3346;0;0;125;0;42;0;
18152;5228315;1185329152;22138880;1384910848;0;0;0;0;0;0;0;0;0;0;0;3467;0;0;125;0;42;0;
18153;4620265;1185329152;22138880;1384910848;0;0;0;0;0;0;0;0;0;0;0;3096;0;0;125;0;42;0;
18154;5116525;1185329152;22138880;1384910848;0;0;0;0;0;0;0;0;0;0;0;2124;0;0;125;0;42;0;
18155;4309953;1185329152;22138880;1384910848;0;0;0;0;0;0;0;0;0;0;0;2825;0;0;125;0;42;0;
18156;5149126;1185329152;22138880;1384910848;0;0;0;0;0;0;0;0;0;0;0;2775;0;0;125;0;42;0;
18157;3363598;1185329152;22138880;1384910848;0;0;0;0;0;0;0;0;0;0;0;2725;0;0;125;0;42;0;
18158;5123348;1185329152;22138880;1384910848;0;0;0;0;0;0;0;0;0;0;0;2284;0;0;125;0;42;0;
18159;3863005;1185329152;22138880;1384910848;0;0;0;0;0;0;0;0;0;0;0;3145;0;0;125;0;42;0;
18160;5324505;1185329152;22138880;1384910848;0;0;0;0;0;0;0;0;0;0;0;2484;0;0;125;0;42;0;
18161;3900745;1185329152;22138880;1384910848;0;0;0;0;0;0;0;0;0;0;0;3287;0;0;125;0;42;0;
18162;6141257;1185329152;22138880;1384910848;0;0;0;0;0;0;0;0;0;0;0;2535;0;0;125;0;42;0;
18163;3739323;1185329152;22138880;1384910848;0;0;0;0;0;0;0;0;0;0;0;3015;0;0;125;0;42;0;
18164;5228004;1185329152;22138880;1384910848;0;0;0;0;0;0;0;0;0;0;0;2004;0;0;125;0;42;0;
18165;3341687;1185329152;22138880;1384910848;0;0;0;0;0;0;0;0;0;0;0;2785;0;0;125;0;42;0;
18166;5120112;1185329152;22138880;1384910848;0;0;0;0;0;0;0;0;0;0;0;2094;0;0;125;0;42;0;
18167;3342869;1185329152;22138880;1384910848;0;0;0;0;0;0;0;0;0;0;0;2886;0;0;125;0;42;0;
18168;5112628;1185329152;22138880;1384910848;0;0;0;0;0;0;0;0;0;0;0;2495;0;0;125;0;42;0;
18169;3710859;1185329152;22138880;1384910848;0;0;0;0;0;0;0;0;0;0;0;2685;0;0;125;0;42;0;
18170;5051162;1185329152;22138880;1384910848;0;0;0;0;0;0;0;0;0;0;0;2235;0;0;125;0;42;0;
18171;4451749;1185329152;22138880;1384910848;0;0;0;0;0;0;0;0;0;0;0;2956;0;0;125;0;42;0;
18172;5174364;1185329152;22138880;1384910848;0;0;0;0;0;0;0;0;0;0;0;2274;0;0;125;0;42;0;
18173;3123558;1185329152;22138880;1384910848;0;0;0;0;0;0;0;0;0;0;0;3356;0;0;125;0;42;0;
18174;5736768;1185329152;22138880;1384910848;0;0;0;0;0;0;0;0;0;0;0;1994;0;0;125;0;42;0;
18175;3400848;1185329152;22138880;1384910848;0;0;0;0;0;0;0;0;0;0;0;2524;0;0;125;0;42;0;
18176;4594807;1185329152;22138880;1384910848;0;0;0;0;0;0;0;0;0;0;0;2665;0;0;125;0;42;0;
18177;4284626;1185329152;22138880;1384910848;0;0;0;0;0;0;0;0;0;0;0;4007;0;0;125;0;42;0;
18178;4924425;1185329152;22138880;1384910848;0;0;0;0;0;0;0;0;0;0;0;1714;0;0;125;0;42;0;
18179;3851213;1185329152;22138880;1384910848;0;0;0;0;0;0;0;0;0;0;0;2665;0;0;125;0;42;0;
18180;5069668;1185329152;22138880;1384910848;0;0;0;0;0;0;0;0;0;0;0;1823;0;0;125;0;42;0;
18181;4846068;1185329152;22138880;1384910848;0;0;0;0;0;0;0;0;0;0;0;3427;0;0;125;0;42;0;
18182;5489605;1185329152;22138880;1384910848;0;0;0;0;0;0;0;0;0;0;0;3527;0;0;125;0;42;0;
18183;4578056;1185329152;22138880;1384910848;0;0;0;0;0;0;0;0;0;0;0;2504;0;0;125;0;42;0;
18184;4908816;1185329152;22138880;1384910848;0;0;0;0;0;0;0;0;0;0;0;2565;0;0;125;0;42;0;
18185;4720012;1185329152;22138880;1384910848;0;0;0;0;0;0;0;0;0;0;0;2915;0;0;125;0;42;0;
18186;4934143;1185329152;22138880;1384910848;0;0;0;0;0;0;0;0;0;0;0;2425;0;0;125;0;42;0;
18187;4064944;1185329152;22138880;1384910848;0;0;0;0;0;0;0;0;0;0;0;2986;0;0;125;0;42;0;
18188;4820110;1185329152;22138880;1384910848;0;0;0;0;0;0;0;0;0;0;0;2815;0;0;125;0;42;0;
18189;3733552;1185329152;22138880;1384910848;0;0;0;0;0;0;0;0;0;0;0;3596;0;0;125;0;42;0;
18190;4636475;1185329152;22138880;1384910848;0;0;0;0;0;0;0;0;0;0;0;2003;0;0;125;0;42;0;
18191;4050246;1185329152;22138880;1384910848;0;0;0;0;0;0;0;0;0;0;0;3406;0;0;125;0;42;0;
18192;4980119;1185329152;22138880;1384910848;0;0;0;0;0;0;0;0;0;0;0;2605;0;0;125;0;42;0;
18193;3668150;1185329152;22138880;1384910848;0;0;0;0;0;0;0;0;0;0;0;3005;0;0;125;0;42;0;
18194;4567716;1185329152;22138880;1384910848;0;0;0;0;0;0;0;0;0;0;0;1964;0;0;125;0;42;0;
18195;5494725;1185329152;22138880;1384910848;0;0;0;0;0;0;0;0;0;0;0;3908;0;0;125;0;42;0;
18196;5259534;1185329152;22138880;1384910848;0;0;0;0;0;0;0;0;0;0;0;3516;0;0;125;0;42;0;
18197;4872407;1185329152;22138880;1384910848;0;0;0;0;0;0;0;0;0;0;0;3817;0;0;125;0;42;0;
18198;4886795;1185329152;22138880;1384910848;0;0;0;0;0;0;0;0;0;0;0;3045;0;0;125;0;42;0;
18199;4453742;1185329152;22138880;1384910848;0;0;0;0;0;0;0;0;0;0;0;3316;0;0;125;0;42;0;
18200;4611428;1185329152;22138880;1384910848;0;0;0;0;0;0;0;0;0;0;0;2355;0;0;125;0;42;0;
18201;3754521;1185329152;22138880;1384910848;0;0;0;0;0;0;0;0;0;0;0;2715;0;0;125;0;42;0;
18202;4818717;1185329152;22138880;1384910848;0;0;0;0;0;0;0;0;0;0;0;3046;0;0;125;0;42;0;
18203;4396165;1185329152;22138880;1384910848;0;0;0;0;0;0;0;0;0;0;0;2405;0;0;125;0;42;0;
18204;4585880;1185329152;22138880;1384910848;0;0;0;0;0;0;0;0;0;0;0;2294;0;0;125;0;42;0;
18205;4112903;1185329152;22138880;1384910848;0;0;0;0;0;0;0;0;0;0;0;3095;0;0;125;0;42;0;
18206;5266978;1185329152;22138880;1384910848;0;0;0;0;0;0;0;0;0;0;0;2214;0;0;125;0;42;0;
18207;4077146;1185329152;22138880;1384910848;0;0;0;0;0;0;0;0;0;0;0;3336;0;0;125;0;42;0;
18208;4862609;1185329152;22138880;1384910848;0;0;0;0;0;0;0;0;0;0;0;2545;0;0;125;0;42;0;
18209;3492750;1185329152;22138880;1384910848;0;0;0;0;0;0;0;0;0;0;0;2775;0;0;125;0;42;0;
18210;4907704;1185329152;22138880;1384910848;0;0;0;0;0;0;0;0;0;0;0;2104;0;0;125;0;42;0;
18211;5128919;1185329152;22138880;1384910848;0;0;0;0;0;0;0;0;0;0;0;2975;0;0;125;0;42;0;
18212;4706286;1185329152;22138880;1384910848;0;0;0;0;0;0;0;0;0;0;0;2344;0;0;125;0;42;0;
18213;3908190;1185329152;22138880;1384910848;0;0;0;0;0;0;0;0;0;0;0;3036;0;0;125;0;42;0;
18214;4635032;1185329152;22138880;1384910848;0;0;0;0;0;0;0;0;0;0;0;2114;0;0;125;0;42;0;
18215;3841204;1185329152;22138880;1384910848;0;0;0;0;0;0;0;0;0;0;0;2545;0;0;125;0;42;0;
18216;5122217;1185329152;22138880;1384910848;0;0;0;0;0;0;0;0;0;0;0;2544;0;0;125;0;42;0;
18217;4332926;1185329152;22138880;1384910848;0;0;0;0;0;0;0;0;0;0;0;3116;0;0;125;0;42;0;
18218;4518194;1185329152;22138880;1384910848;0;0;0;0;0;0;0;0;0;0;0;2475;0;0;125;0;42;0;
18219;3804765;1185329152;22138880;1384910848;0;0;0;0;0;0;0;0;0;0;0;3306;0;0;125;0;42;0;
18220;4792909;1185329152;22138880;1384910848;0;0;0;0;0;0;0;0;0;0;0;2545;0;0;125;0;42;0;
18221;3900675;1185329152;22138880;1384910848;0;0;0;0;0;0;0;0;0;0;0;3005;0;0;125;0;42;0;
18222;4700385;1185329152;22138880;1384910848;0;0;0;0;0;0;0;0;0;0;0;2043;0;0;125;0;42;0;
18223;3494784;1185329152;22138880;1384910848;0;0;0;0;0;0;0;0;0;0;0;2484;0;0;125;0;42;0;
18224;4671792;1185329152;22138880;1384910848;0;0;0;0;0;0;0;0;0;0;0;2565;0;0;125;0;42;0;
18225;3602886;1185329152;22138880;1384910848;0;0;0;0;0;0;0;0;0;0;0;3246;0;0;125;0;42;0;
18226;4576553;1185329152;22138880;1384910848;0;0;0;0;0;0;0;0;0;0;0;2214;0;0;125;0;42;0;
18227;4052670;1185329152;22138880;1384910848;0;0;0;0;0;0;0;0;0;0;0;2384;0;0;125;0;42;0;
18228;4614493;1185329152;22138880;1384910848;0;0;0;0;0;0;0;0;0;0;0;2705;0;0;125;0;42;0;
18229;3488913;1185329152;22138880;1384910848;0;0;0;0;0;0;0;0;0;0;0;3537;0;0;125;0;42;0;
18230;4640032;1185329152;22138880;1384910848;0;0;0;0;0;0;0;0;0;0;0;1984;0;0;125;0;42;0;
18231;3346767;1185329152;22138880;1384910848;0;0;0;0;0;0;0;0;0;0;0;2384;0;0;125;0;42;0;
18232;4793068;1185329152;22138880;1384910848;0;0;0;0;0;0;0;0;0;0;0;2134;0;0;125;0;42;0;
18233;5149988;1185329152;22138880;1384910848;0;0;0;0;0;0;0;0;0;0;0;4158;0;0;125;0;42;0;
18234;5158815;1185329152;22138880;1384910848;0;0;0;0;0;0;0;0;0;0;0;3406;0;0;125;0;42;0;
18235;4540765;1185329152;22138880;1384910848;0;0;0;0;0;0;0;0;0;0;0;3777;0;0;125;0;42;0;
18236;5373216;1185329152;22138880;1384910848;0;0;0;0;0;0;0;0;0;0;0;3556;0;0;125;0;42;0;
18237;4909467;1185329152;22138880;1384910848;0;0;0;0;0;0;0;0;0;0;0;3828;0;0;125;0;42;0;
18238;4997763;1185329152;22138880;1384910848;0;0;0;0;0;0;0;0;0;0;0;3145;0;0;125;0;42;0;
18239;4969741;1185329152;22138880;1384910848;0;0;0;0;0;0;0;0;0;0;0;2615;0;0;125;0;42;0;
18240;5039471;1185329152;22138880;1384910848;0;0;0;0;0;0;0;0;0;0;0;2554;0;0;125;0;42;0;
18241;4058781;1185329152;22138880;1384910848;0;0;0;0;0;0;0;0;0;0;0;3357;0;0;125;0;42;0;
18242;5283137;1185329152;22138880;1384910848;0;0;0;0;0;0;0;0;0;0;0;2575;0;0;125;0;42;0;
18243;5243494;1185329152;22138880;1384910848;0;0;0;0;0;0;0;0;0;0;0;4038;0;0;125;0;42;0;
18244;5228496;1185329152;22138880;1384910848;0;0;0;0;0;0;0;0;0;0;0;3527;0;0;125;0;42;0;
18245;3866722;1185329152;22138880;1384910848;0;0;0;0;0;0;0;0;0;0;0;3186;0;0;125;0;42;0;
18246;5087110;1185329152;22138880;1384910848;0;0;0;0;0;0;0;0;0;0;0;2274;0;0;125;0;42;0;
18247;5380250;1185329152;22138880;1384910848;0;0;0;0;0;0;0;0;0;0;0;3146;0;0;125;0;42;0;
18248;4917953;1185329152;22138880;1384910848;0;0;0;0;0;0;0;0;0;0;0;2685;0;0;125;0;42;0;
18249;4125838;1185329152;22138880;1384910848;0;0;0;0;0;0;0;0;0;0;0;3056;0;0;125;0;42;0;
18250;4984809;1185329152;22138880;1384910848;0;0;0;0;0;0;0;0;0;0;0;2104;0;0;125;0;42;0;
18251;3312542;1185329152;22138880;1384910848;0;0;0;0;0;0;0;0;0;0;0;2234;0;0;125;0;42;0;
18252;4814919;1185329152;22138880;1384910848;0;0;0;0;0;0;0;0;0;0;0;1913;0;0;125;0;42;0;
18253;3562251;1185329152;22138880;1384910848;0;0;0;0;0;0;0;0;0;0;0;2305;0;0;125;0;42;0;
18254;5016428;1185329152;22138880;1384910848;0;0;0;0;0;0;0;0;0;0;0;2134;0;0;125;0;42;0;
18255;3501958;1185329152;22138880;1384910848;0;0;0;0;0;0;0;0;0;0;0;2575;0;0;125;0;42;0;
18256;5013191;1185329152;22138880;1384910848;0;0;0;0;0;0;0;0;0;0;0;2324;0;0;125;0;42;0;
18257;4921289;1185329152;22138880;1384910848;0;0;0;0;0;0;0;0;0;0;0;3657;0;0;125;0;42;0;
18258;4986902;1185329152;22138880;1384910848;0;0;0;0;0;0;0;0;0;0;0;2995;0;0;125;0;42;0;
18259;3700079;1185329152;22138880;1384910848;0;0;0;0;0;0;0;0;0;0;0;2494;0;0;125;0;42;0;
18260;4668385;1185329152;22138880;1384910848;0;0;0;0;0;0;0;0;0;0;0;2415;0;0;125;0;42;0;
18261;4683724;1185329152;22138880;1384910848;0;0;0;0;0;0;0;0;0;0;0;4528;0;0;125;0;42;0;
18262;4975982;1185329152;22138880;1384910848;0;0;0;0;0;0;0;0;0;0;0;3356;0;0;125;0;42;0;
18263;5058527;1185329152;22138880;1384910848;0;0;0;0;0;0;0;0;0;0;0;3457;0;0;125;0;42;0;
18264;5370512;1185329152;22138880;1384910848;0;0;0;0;0;0;0;0;0;0;0;3476;0;0;125;0;42;0;
18265;5062263;1185329152;22138880;1384910848;0;0;0;0;0;0;0;0;0;0;0;3366;0;0;125;0;42;0;
18266;5205973;1185329152;22138880;1384910848;0;0;0;0;0;0;0;0;0;0;0;3096;0;0;125;0;42;0;
18267;5040653;1185329152;22138880;1384910848;0;0;0;0;0;0;0;0;0;0;0;3387;0;0;125;0;42;0;
18268;8376038;1185329152;22138880;1384910848;0;0;0;0;0;0;0;0;0;0;0;3466;0;0;125;0;42;0;
18269;10623984;1185329152;22138880;1384910848;0;0;0;0;0;0;0;0;0;0;0;3697;0;0;125;0;42;0;
18270;5874016;1185329152;22138880;1384910848;0;0;0;0;0;0;0;0;0;0;0;3106;0;0;125;0;42;0;
18271;5058677;1185329152;22138880;1384910848;0;0;0;0;0;0;0;0;0;0;0;3777;0;0;125;0;42;0;
18272;5564135;1185329152;22138880;1384910848;0;0;0;0;0;0;0;0;0;0;0;2996;0;0;125;0;42;0;
18273;4337495;1185329152;22138880;1384910848;0;0;0;0;0;0;0;0;0;0;0;3828;0;0;125;0;42;0;
18274;5185726;1185329152;22138880;1384910848;0;0;0;0;0;0;0;0;0;0;0;3236;0;0;125;0;42;0;
18275;4302199;1185329152;22138880;1384910848;0;0;0;0;0;0;0;0;0;0;0;3527;0;0;125;0;42;0;
18276;5542455;1185329152;22138880;1384910848;0;0;0;0;0;0;0;0;0;0;0;3486;0;0;125;0;42;0;
18277;4641284;1185329152;22138880;1384910848;0;0;0;0;0;0;0;0;0;0;0;4238;0;0;125;0;42;0;
18278;5551582;1185329152;22138880;1384910848;0;0;0;0;0;0;0;0;0;0;0;2725;0;0;125;0;42;0;
18279;4806344;1185329152;22138880;1384910848;0;0;0;0;0;0;0;0;0;0;0;3827;0;0;125;0;42;0;
18280;5149788;1185329152;22138880;1384910848;0;0;0;0;0;0;0;0;0;0;0;3006;0;0;125;0;42;0;
18281;4386116;1185329152;22138880;1384910848;0;0;0;0;0;0;0;0;0;0;0;3888;0;0;125;0;42;0;
18282;5785740;1185329152;22138880;1384910848;0;0;0;0;0;0;0;0;0;0;0;11050;0;0;125;0;42;0;
18283;3561850;1185329152;22138880;1384910848;0;0;0;0;0;0;0;0;0;0;0;3016;0;0;125;0;42;0;
18284;4661472;1185329152;22138880;1384910848;0;0;0;0;0;0;0;0;0;0;0;2605;0;0;125;0;42;0;
18285;3816928;1185329152;22138880;1384910848;0;0;0;0;0;0;0;0;0;0;0;3367;0;0;125;0;42;0;
18286;5038099;1185329152;22138880;1384910848;0;0;0;0;0;0;0;0;0;0;0;2245;0;0;125;0;42;0;
18287;4483929;1185329152;22138880;1384910848;0;0;0;0;0;0;0;0;0;0;0;2675;0;0;125;0;42;0;
18288;4941888;1185329152;22138880;1384910848;0;0;0;0;0;0;0;0;0;0;0;2845;0;0;125;0;42;0;
18289;4223410;1185329152;22138880;1384910848;0;0;0;0;0;0;0;0;0;0;0;2605;0;0;125;0;42;0;
18290;4825670;1185329152;22138880;1384910848;0;0;0;0;0;0;0;0;0;0;0;2334;0;0;125;0;42;0;
18291;4242055;1185329152;22138880;1384910848;0;0;0;0;0;0;0;0;0;0;0;2625;0;0;125;0;42;0;
18292;4742364;1185329152;22138880;1384910848;0;0;0;0;0;0;0;0;0;0;0;2525;0;0;125;0;42;0;
18293;3814273;1185329152;22138880;1384910848;0;0;0;0;0;0;0;0;0;0;0;3787;0;0;125;0;42;0;
18294;5188821;1185329152;22138880;1384910848;0;0;0;0;0;0;0;0;0;0;0;2946;0;0;125;0;42;0;
18295;5427769;1185329152;22138880;1384910848;0;0;0;0;0;0;0;0;0;0;0;5991;0;0;125;0;42;0;
18296;5746207;1185329152;22138880;1384910848;0;0;0;0;0;0;0;0;0;0;0;3697;0;0;125;0;42;0;
18297;5212315;1185329152;22138880;1384910848;0;0;0;0;0;0;0;0;0;0;0;3347;0;0;125;0;42;0;
18298;5431857;1185329152;22138880;1384910848;0;0;0;0;0;0;0;0;0;0;0;2385;0;0;125;0;42;0;
18299;4220395;1185329152;22138880;1384910848;0;0;0;0;0;0;0;0;0;0;0;2715;0;0;125;0;42;0;
18300;5012060;1185329152;22138880;1384910848;0;0;0;0;0;0;0;0;0;0;0;2665;0;0;125;0;42;0;
18301;3927956;1185329152;22138880;1384910848;0;0;0;0;0;0;0;0;0;0;0;3226;0;0;125;0;42;0;
18302;4939183;1185329152;22138880;1384910848;0;0;0;0;0;0;0;0;0;0;0;2224;0;0;125;0;42;0;
18303;5133738;1185329152;22138880;1384910848;0;0;0;0;0;0;0;0;0;0;0;3186;0;0;125;0;42;0;
18304;4902814;1185329152;22138880;1384910848;0;0;0;0;0;0;0;0;0;0;0;2455;0;0;125;0;42;0;
18305;4125487;1185329152;22138880;1384910848;0;0;0;0;0;0;0;0;0;0;0;2655;0;0;125;0;42;0;
18306;4867779;1185329152;22138880;1384910848;0;0;0;0;0;0;0;0;0;0;0;2354;0;0;125;0;42;0;
18307;4438454;1185329152;22138880;1384910848;0;0;0;0;0;0;0;0;0;0;0;3116;0;0;125;0;42;0;
18308;4755118;1185329152;22138880;1384910848;0;0;0;0;0;0;0;0;0;0;0;3266;0;0;125;0;42;0;
18309;3912067;1185329152;22138880;1384910848;0;0;0;0;0;0;0;0;0;0;0;3196;0;0;125;0;42;0;
18310;4809830;1185329152;22138880;1384910848;0;0;0;0;0;0;0;0;0;0;0;1933;0;0;125;0;42;0;
18311;4918595;1185329152;22138880;1384910848;0;0;0;0;0;0;0;0;0;0;0;2635;0;0;125;0;42;0;
18312;4941337;1185329152;22138880;1384910848;0;0;0;0;0;0;0;0;0;0;0;2475;0;0;125;0;42;0;
18313;3915934;1185329152;22138880;1384910848;0;0;0;0;0;0;0;0;0;0;0;2986;0;0;125;0;42;0;
18314;4867960;1185329152;22138880;1384910848;0;0;0;0;0;0;0;0;0;0;0;2024;0;0;125;0;42;0;
18315;4254089;1185329152;22138880;1384910848;0;0;0;0;0;0;0;0;0;0;0;2575;0;0;125;0;42;0;
18316;4915278;1185329152;22138880;1384910848;0;0;0;0;0;0;0;0;0;0;0;2655;0;0;125;0;42;0;
18317;4718700;1185329152;22138880;1384910848;0;0;0;0;0;0;0;0;0;0;0;3386;0;0;125;0;42;0;
18318;4641725;1185329152;22138880;1384910848;0;0;0;0;0;0;0;0;0;0;0;2535;0;0;125;0;42;0;
18319;4007856;1185329152;22138880;1384910848;0;0;0;0;0;0;0;0;0;0;0;2775;0;0;125;0;42;0;
18320;4978596;1185329152;22138880;1384910848;0;0;0;0;0;0;0;0;0;0;0;2926;0;0;125;0;42;0;
18321;4444285;1185329152;22138880;1384910848;0;0;0;0;0;0;0;0;0;0;0;2926;0;0;125;0;42;0;
18322;5256017;1185329152;22138880;1384910848;0;0;0;0;0;0;0;0;0;0;0;2765;0;0;125;0;42;0;
18323;3986667;1185329152;22138880;1384910848;0;0;0;0;0;0;0;0;0;0;0;2705;0;0;125;0;42;0;
18324;4689064;1185329152;22138880;1384910848;0;0;0;0;0;0;0;0;0;0;0;2484;0;0;125;0;42;0;
18325;3759510;1185329152;22138880;1384910848;0;0;0;0;0;0;0;0;0;0;0;3387;0;0;125;0;42;0;
18326;4566544;1185329152;22138880;1384910848;0;0;0;0;0;0;0;0;0;0;0;2174;0;0;125;0;42;0;
18327;3978762;1185329152;22138880;1384910848;0;0;0;0;0;0;0;0;0;0;0;2836;0;0;125;0;42;0;
18328;4676450;1185329152;22138880;1384910848;0;0;0;0;0;0;0;0;0;0;0;2334;0;0;125;0;42;0;
18329;3899843;1185329152;22138880;1384910848;0;0;0;0;0;0;0;0;0;0;0;2996;0;0;125;0;42;0;
18330;5780060;1185329152;22138880;1384910848;0;0;0;0;0;0;0;0;0;0;0;2184;0;0;125;0;42;0;
18331;4469241;1185329152;22138880;1384910848;0;0;0;0;0;0;0;0;0;0;0;3096;0;0;125;0;42;0;
18332;5104673;1185329152;22138880;1384910848;0;0;0;0;0;0;0;0;0;0;0;2364;0;0;125;0;42;0;
18333;4500540;1185329152;22138880;1384910848;0;0;0;0;0;0;0;0;0;0;0;3898;0;0;125;0;42;0;
18334;5204972;1185329152;22138880;1384910848;0;0;0;0;0;0;0;0;0;0;0;2314;0;0;125;0;42;0;
18335;2720862;1185329152;22138880;1384910848;0;0;0;0;0;0;0;0;0;0;0;2464;0;0;125;0;42;0;
18336;4593845;1185329152;22138880;1384910848;0;0;0;0;0;0;0;0;0;0;0;2354;0;0;125;0;42;0;
18337;3155558;1185329152;22138880;1384910848;0;0;0;0;0;0;0;0;0;0;0;3026;0;0;125;0;42;0;
18338;4541988;1185329152;22138880;1384910848;0;0;0;0;0;0;0;0;0;0;0;2374;0;0;125;0;42;0;
18339;2871856;1185329152;22138880;1384910848;0;0;0;0;0;0;0;0;0;0;0;2545;0;0;125;0;42;0;
18340;4786647;1185329152;22138880;1384910848;0;0;0;0;0;0;0;0;0;0;0;2355;0;0;125;0;42;0;
18341;2580650;1185329152;22138880;1384910848;0;0;0;0;0;0;0;0;0;0;0;2475;0;0;125;0;42;0;
18342;4495611;1185329152;22138880;1384910848;0;0;0;0;0;0;0;0;0;0;0;2275;0;0;125;0;42;0;
18343;3561780;1185329152;22138880;1384910848;0;0;0;0;0;0;0;0;0;0;0;2695;0;0;125;0;42;0;
18344;4651323;1185329152;22138880;1384910848;0;0;0;0;0;0;0;0;0;0;0;2244;0;0;125;0;42;0;
18345;3533607;1185329152;22138880;1384910848;0;0;0;0;0;0;0;0;0;0;0;2976;0;0;125;0;42;0;
18346;4939995;1185329152;22138880;1384910848;0;0;0;0;0;0;0;0;0;0;0;2625;0;0;125;0;42;0;
18347;2533391;1185329152;22138880;1384910848;0;0;0;0;0;0;0;0;0;0;0;2725;0;0;125;0;42;0;
18348;4802226;1185329152;22138880;1384910848;0;0;0;0;0;0;0;0;0;0;0;2424;0;0;125;0;42;0;
18349;2444605;1185329152;22138880;1384910848;0;0;0;0;0;0;0;0;0;0;0;3086;0;0;125;0;42;0;
18350;4362070;1185329152;22138880;1384910848;0;0;0;0;0;0;0;0;0;0;0;2063;0;0;125;0;42;0;
18351;2828534;1185329152;22138880;1384910848;0;0;0;0;0;0;0;0;0;0;0;2525;0;0;125;0;42;0;
18352;4511241;1185329152;22138880;1384910848;0;0;0;0;0;0;0;0;0;0;0;2535;0;0;125;0;42;0;
18353;2833484;1185329152;22138880;1384910848;0;0;0;0;0;0;0;0;0;0;0;2425;0;0;125;0;42;0;
18354;4392368;1185329152;22138880;1384910848;0;0;0;0;0;0;0;0;0;0;0;2044;0;0;125;0;42;0;
18355;2853692;1185329152;22138880;1384910848;0;0;0;0;0;0;0;0;0;0;0;2474;0;0;125;0;42;0;
18356;4627508;1185329152;22138880;1384910848;0;0;0;0;0;0;0;0;0;0;0;2384;0;0;125;0;42;0;
18357;2563628;1185329152;22138880;1384910848;0;0;0;0;0;0;0;0;0;0;0;2444;0;0;125;0;42;0;
18358;4270198;1185329152;22138880;1384910848;0;0;0;0;0;0;0;0;0;0;0;2164;0;0;125;0;42;0;
18359;2345839;1185329152;22138880;1384910848;0;0;0;0;0;0;0;0;0;0;0;2495;0;0;125;0;42;0;
18360;4604315;1185329152;22138880;1384910848;0;0;0;0;0;0;0;0;0;0;0;2424;0;0;125;0;42;0;
18361;3690261;1185329152;22138880;1384910848;0;0;0;0;0;0;0;0;0;0;0;2916;0;0;125;0;42;0;
18362;4974659;1185329152;22138880;1384910848;0;0;0;0;0;0;0;0;0;0;0;2074;0;0;125;0;42;0;
18363;3850060;1185329152;22138880;1384910848;0;0;0;0;0;0;0;0;0;0;0;2916;0;0;125;0;42;0;
18364;4605968;1185329152;22138880;1384910848;0;0;0;0;0;0;0;0;0;0;0;2074;0;0;125;0;42;0;
18365;3543606;1185329152;22138880;1384910848;0;0;0;0;0;0;0;0;0;0;0;2655;0;0;125;0;42;0;
18366;4829327;1185329152;22138880;1384910848;0;0;0;0;0;0;0;0;0;0;0;2174;0;0;125;0;42;0;
18367;3826696;1185329152;22138880;1384910848;0;0;0;0;0;0;0;0;0;0;0;3096;0;0;125;0;42;0;
18368;4722927;1185329152;22138880;1384910848;0;0;0;0;0;0;0;0;0;0;0;2515;0;0;125;0;42;0;
18369;4309292;1185329152;22138880;1384910848;0;0;0;0;0;0;0;0;0;0;0;3276;0;0;125;0;42;0;
18370;5560388;1185329152;22138880;1384910848;0;0;0;0;0;0;0;0;0;0;0;2255;0;0;125;0;42;0;
18371;5916366;1185329152;22138880;1384910848;0;0;0;0;0;0;0;0;0;0;0;7544;0;0;125;0;42;0;
18372;6777170;1185329152;22138880;1384910848;0;0;0;0;0;0;0;0;0;0;0;3847;0;0;125;0;42;0;
18373;6199506;1185329152;22138880;1384910848;0;0;0;0;0;0;0;0;0;0;0;4438;0;0;125;0;42;0;
18374;5397773;1185329152;22138880;1384910848;0;0;0;0;0;0;0;0;0;0;0;2955;0;0;125;0;42;0;
18375;5391551;1185329152;22138880;1384910848;0;0;0;0;0;0;0;0;0;0;0;3506;0;0;125;0;42;0;
18376;5663482;1185329152;22138880;1384910848;0;0;0;0;0;0;0;0;0;0;0;3156;0;0;125;0;42;0;
18377;5107338;1185329152;22138880;1384910848;0;0;0;0;0;0;0;0;0;0;0;4509;0;0;125;0;42;0;
18378;4969239;1185329152;22138880;1384910848;0;0;0;0;0;0;0;0;0;0;0;3156;0;0;125;0;42;0;
18379;4755138;1185329152;22138880;1384910848;0;0;0;0;0;0;0;0;0;0;0;3396;0;0;125;0;42;0;
18380;5477382;1185329152;22138880;1384910848;0;0;0;0;0;0;0;0;0;0;0;2775;0;0;125;0;42;0;
18381;5395319;1185329152;22138880;1384910848;0;0;0;0;0;0;0;0;0;0;0;3276;0;0;125;0;42;0;
18382;5907549;1185329152;22138880;1384910848;0;0;0;0;0;0;0;0;0;0;0;3146;0;0;125;0;42;0;
18383;4460435;1185329152;22138880;1384910848;0;0;0;0;0;0;0;0;0;0;0;3246;0;0;125;0;42;0;
18384;4825590;1185329152;22138880;1384910848;0;0;0;0;0;0;0;0;0;0;0;2825;0;0;125;0;42;0;
18385;4270529;1185329152;22138880;1384910848;0;0;0;0;0;0;0;0;0;0;0;3577;0;0;125;0;42;0;
18386;4924174;1185329152;22138880;1384910848;0;0;0;0;0;0;0;0;0;0;0;2755;0;0;125;0;42;0;
18387;4181161;1185329152;22138880;1384910848;0;0;0;0;0;0;0;0;0;0;0;3026;0;0;125;0;42;0;
18388;4748685;1185329152;22138880;1384910848;0;0;0;0;0;0;0;0;0;0;0;2815;0;0;125;0;42;0;
18389;3951751;1185329152;22138880;1384910848;0;0;0;0;0;0;0;0;0;0;0;3997;0;0;125;0;42;0;
18390;5264994;1185329152;22138880;1384910848;0;0;0;0;0;0;0;0;0;0;0;3096;0;0;125;0;42;0;
18391;3619879;1185329152;22138880;1384910848;0;0;0;0;0;0;0;0;0;0;0;2855;0;0;125;0;42;0;
18392;4662854;1185329152;22138880;1384910848;0;0;0;0;0;0;0;0;0;0;0;3557;0;0;125;0;42;0;
18393;3809013;1185329152;22138880;1384910848;0;0;0;0;0;0;0;0;0;0;0;3717;0;0;125;0;42;0;
18394;5110444;1185329152;22138880;1384910848;0;0;0;0;0;0;0;0;0;0;0;2855;0;0;125;0;42;0;
18395;3913509;1185329152;22138880;1384910848;0;0;0;0;0;0;0;0;0;0;0;3687;0;0;125;0;42;0;
18396;5205593;1185329152;22138880;1384910848;0;0;0;0;0;0;0;0;0;0;0;2715;0;0;125;0;42;0;
18397;4355789;1185329152;22138880;1384910848;0;0;0;0;0;0;0;0;0;0;0;3045;0;0;125;0;42;0;
18398;5085327;1185329152;22138880;1384910848;0;0;0;0;0;0;0;0;0;0;0;3106;0;0;125;0;42;0;
18399;3944708;1185329152;22138880;1384910848;0;0;0;0;0;0;0;0;0;0;0;3196;0;0;125;0;42;0;
18400;5076500;1185329152;22138880;1384910848;0;0;0;0;0;0;0;0;0;0;0;2775;0;0;125;0;42;0;
18401;5031966;1185329152;22138880;1384910848;0;0;0;0;0;0;0;0;0;0;0;3897;0;0;125;0;42;0;
18402;4878920;1185329152;22138880;1384910848;0;0;0;0;0;0;0;0;0;0;0;2955;0;0;125;0;42;0;
18403;4126349;1185329152;22138880;1384910848;0;0;0;0;0;0;0;0;0;0;0;3186;0;0;125;0;42;0;
18404;5119181;1185329152;22138880;1384910848;0;0;0;0;0;0;0;0;0;0;0;3085;0;0;125;0;42;0;
18405;6210367;1185329152;22138880;1384910848;0;0;0;0;0;0;0;0;0;0;0;7895;0;0;125;0;42;0;
18406;6362512;1185329152;22138880;1384910848;0;0;0;0;0;0;0;0;0;0;0;17322;0;0;125;0;42;0;
18407;6349127;1185329152;22138880;1384910848;0;0;0;0;0;0;0;0;0;0;0;3888;0;0;125;0;42;0;
18408;5675784;1185329152;22138880;1384910848;0;0;0;0;0;0;0;0;0;0;0;3436;0;0;125;0;42;0;
18409;5853317;1185329152;22138880;1384910848;0;0;0;0;0;0;0;0;0;0;0;4088;0;0;125;0;42;0;
18410;5406069;1185329152;22138880;1384910848;0;0;0;0;0;0;0;0;0;0;0;3767;0;0;125;0;42;0;
18411;4662705;1185329152;22138880;1384910848;0;0;0;0;0;0;0;0;0;0;0;4378;0;0;125;0;42;0;
18412;6295957;1185329152;22138880;1384910848;0;0;0;0;0;0;0;0;0;0;0;3516;0;0;125;0;42;0;
18413;5954797;1185329152;22138880;1384910848;0;0;0;0;0;0;0;0;0;0;0;3747;0;0;125;0;42;0;
18414;5150730;1185329152;22138880;1384910848;0;0;0;0;0;0;0;0;0;0;0;2896;0;0;125;0;42;0;
18415;4755418;1185329152;22138880;1384910848;0;0;0;0;0;0;0;0;0;0;0;2986;0;0;125;0;42;0;
18416;5893874;1185329152;22138880;1384910848;0;0;0;0;0;0;0;0;0;0;0;3216;0;0;125;0;42;0;
18417;5976668;1185329152;22138880;1384910848;0;0;0;0;0;0;0;0;0;0;0;4398;0;0;125;0;42;0;
18418;5014093;1185329152;22138880;1384910848;0;0;0;0;0;0;0;0;0;0;0;3186;0;0;125;0;42;0;
18419;5668531;1185329152;22138880;1384910848;0;0;0;0;0;0;0;0;0;0;0;3586;0;0;125;0;42;0;
18420;5434402;1185329152;22138880;1384910848;0;0;0;0;0;0;0;0;0;0;0;3006;0;0;125;0;42;0;
18421;6120318;1185329152;22138880;1384910848;0;0;0;0;0;0;0;0;0;0;0;4929;0;0;125;0;42;0;
18422;5294630;1185329152;22138880;1384910848;0;0;0;0;0;0;0;0;0;0;0;3987;0;0;125;0;42;0;
18423;5313003;1185329152;22138880;1384910848;0;0;0;0;0;0;0;0;0;0;0;5019;0;0;125;0;42;0;
18424;5315479;1185329152;22138880;1384910848;0;0;0;0;0;0;0;0;0;0;0;3426;0;0;125;0;42;0;
18425;5180556;1185329152;22138880;1384910848;0;0;0;0;0;0;0;0;0;0;0;5079;0;0;125;0;42;0;
18426;5093793;1185329152;22138880;1384910848;0;0;0;0;0;0;0;0;0;0;0;3226;0;0;125;0;42;0;
18427;4174429;1185329152;22138880;1384910848;0;0;0;0;0;0;0;0;0;0;0;4769;0;0;125;0;42;0;
18428;5781232;1185329152;22138880;1384910848;0;0;0;0;0;0;0;0;0;0;0;3406;0;0;125;0;42;0;
18429;4259508;1185329152;22138880;1384910848;0;0;0;0;0;0;0;0;0;0;0;4097;0;0;125;0;42;0;
18430;5038779;1185329152;22138880;1384910848;0;0;0;0;0;0;0;0;0;0;0;3216;0;0;125;0;42;0;
18431;4935265;1185329152;22138880;1384910848;0;0;0;0;0;0;0;0;0;0;0;4779;0;0;125;0;42;0;
18432;4940485;1185329152;22138880;1384910848;0;0;0;0;0;0;0;0;0;0;0;3186;0;0;125;0;42;0;
18433;4914977;1185329152;22138880;1384910848;0;0;0;0;0;0;0;0;0;0;0;4178;0;0;125;0;42;0;
18434;5341067;1185329152;22138880;1384910848;0;0;0;0;0;0;0;0;0;0;0;3416;0;0;125;0;42;0;
18435;4888588;1185329152;22138880;1384910848;0;0;0;0;0;0;0;0;0;0;0;4568;0;0;125;0;42;0;
18436;5085097;1185329152;22138880;1384910848;0;0;0;0;0;0;0;0;0;0;0;3476;0;0;125;0;42;0;
18437;4197132;1185329152;22138880;1384910848;0;0;0;0;0;0;0;0;0;0;0;4198;0;0;125;0;42;0;
18438;5264423;1185329152;22138880;1384910848;0;0;0;0;0;0;0;0;0;0;0;3707;0;0;125;0;42;0;
18439;4764555;1185329152;22138880;1384910848;0;0;0;0;0;0;0;0;0;0;0;3727;0;0;125;0;42;0;
18440;5877703;1185329152;22138880;1384910848;0;0;0;0;0;0;0;0;0;0;0;11772;0;0;125;0;42;0;
18441;6656483;1185329152;22138880;1384910848;0;0;0;0;0;0;0;0;0;0;0;7264;0;0;125;0;42;0;
18442;6381848;1185329152;22138880;1384910848;0;0;0;0;0;0;0;0;0;0;0;4919;0;0;125;0;42;0;
18443;7041205;1185329152;22138880;1384910848;0;0;0;0;0;0;0;0;0;0;0;7123;0;0;125;0;42;0;
18444;5281795;1185329152;22138880;1384910848;0;0;0;0;0;0;0;0;0;0;0;3957;0;0;125;0;42;0;
18445;6945045;1185329152;22138880;1384910848;0;0;0;0;0;0;0;0;0;0;0;3697;0;0;125;0;42;0;
18446;5533157;1185329152;22138880;1384910848;0;0;0;0;0;0;0;0;0;0;0;3156;0;0;125;0;42;0;
18447;5483764;1185329152;22138880;1384910848;0;0;0;0;0;0;0;0;0;0;0;4950;0;0;125;0;42;0;
18448;5230900;1185329152;22138880;1384910848;0;0;0;0;0;0;0;0;0;0;0;13886;0;0;125;0;42;0;
18449;5903401;1185329152;22138880;1384910848;0;0;0;0;0;0;0;0;0;0;0;4419;0;0;125;0;42;0;
18450;5422399;1185329152;22138880;1384910848;0;0;0;0;0;0;0;0;0;0;0;3567;0;0;125;0;42;0;
18451;4880263;1185329152;22138880;1384910848;0;0;0;0;0;0;0;0;0;0;0;4589;0;0;125;0;42;0;
18452;5422730;1185329152;22138880;1384910848;0;0;0;0;0;0;0;0;0;0;0;3707;0;0;125;0;42;0;
18453;5215260;1185329152;22138880;1384910848;0;0;0;0;0;0;0;0;0;0;0;4078;0;0;125;0;42;0;
18454;6226537;1185329152;22138880;1384910848;0;0;0;0;0;0;0;0;0;0;0;3577;0;0;125;0;42;0;
18455;5003363;1185329152;22138880;1384910848;0;0;0;0;0;0;0;0;0;0;0;4068;0;0;125;0;42;0;
18456;5527426;1185329152;22138880;1384910848;0;0;0;0;0;0;0;0;0;0;0;3547;0;0;125;0;42;0;
18457;4446940;1185329152;22138880;1384910848;0;0;0;0;0;0;0;0;0;0;0;3877;0;0;125;0;42;0;
18458;5322853;1185329152;22138880;1384910848;0;0;0;0;0;0;0;0;0;0;0;3026;0;0;125;0;42;0;
18459;4823255;1185329152;22138880;1384910848;0;0;0;0;0;0;0;0;0;0;0;3797;0;0;125;0;42;0;
18460;4858362;1185329152;22138880;1384910848;0;0;0;0;0;0;0;0;0;0;0;2976;0;0;125;0;42;0;
18461;3921414;1185329152;22138880;1384910848;0;0;0;0;0;0;0;0;0;0;0;4148;0;0;125;0;42;0;
18462;5627724;1185329152;22138880;1384910848;0;0;0;0;0;0;0;0;0;0;0;3667;0;0;125;0;42;0;
18463;4765858;1185329152;22138880;1384910848;0;0;0;0;0;0;0;0;0;0;0;4388;0;0;125;0;42;0;
18464;5195434;1185329152;22138880;1384910848;0;0;0;0;0;0;0;0;0;0;0;2755;0;0;125;0;42;0;
18465;6039777;1185329152;22138880;1384910848;0;0;0;0;0;0;0;0;0;0;0;6913;0;0;125;0;42;0;
18466;6004300;1185329152;22138880;1384910848;0;0;0;0;0;0;0;0;0;0;0;4508;0;0;125;0;42;0;
18467;5449109;1185329152;22138880;1384910848;0;0;0;0;0;0;0;0;0;0;0;7104;0;0;125;0;42;0;
18468;5578723;1185329152;22138880;1384910848;0;0;0;0;0;0;0;0;0;0;0;4268;0;0;125;0;42;0;
18469;6635384;1185329152;22138880;1384910848;0;0;0;0;0;0;0;0;0;0;0;6923;0;0;125;0;42;0;
18470;5235609;1185329152;22138880;1384910848;0;0;0;0;0;0;0;0;0;0;0;3557;0;0;125;0;42;0;
18471;6711466;1185329152;22138880;1384910848;0;0;0;0;0;0;0;0;0;0;0;6953;0;0;125;0;42;0;
18472;10186254;1185329152;22138880;1384910848;0;0;0;0;0;0;0;0;0;0;0;4198;0;0;125;0;42;0;
18473;7310961;1185329152;22138880;1384910848;0;0;0;0;0;0;0;0;0;0;0;6822;0;0;125;0;42;0;
18474;5697034;1185329152;22138880;1384910848;0;0;0;0;0;0;0;0;0;0;0;4218;0;0;125;0;42;0;
18475;6420842;1185329152;22138880;1384910848;0;0;0;0;0;0;0;0;0;0;0;6813;0;0;125;0;42;0;
18476;5806259;1185329152;22138880;1384910848;0;0;0;0;0;0;0;0;0;0;0;4278;0;0;125;0;42;0;
18477;6461779;1185329152;22138880;1384910848;0;0;0;0;0;0;0;0;0;0;0;6733;0;0;125;0;42;0;
18478;5757938;1185329152;22138880;1384910848;0;0;0;0;0;0;0;0;0;0;0;4578;0;0;125;0;42;0;
18479;5831836;1185329152;22138880;1384910848;0;0;0;0;0;0;0;0;0;0;0;4689;0;0;125;0;42;0;
18480;5159656;1185329152;22138880;1384910848;0;0;0;0;0;0;0;0;0;0;0;3467;0;0;125;0;42;0;
18481;6197693;1185329152;22138880;1384910848;0;0;0;0;0;0;0;0;0;0;0;4088;0;0;125;0;42;0;
18482;4858111;1185329152;22138880;1384910848;0;0;0;0;0;0;0;0;0;0;0;3607;0;0;125;0;42;0;
18483;4861407;1185329152;22138880;1384910848;0;0;0;0;0;0;0;0;0;0;0;3988;0;0;125;0;42;0;
18484;5084615;1185329152;22138880;1384910848;0;0;0;0;0;0;0;0;0;0;0;3126;0;0;125;0;42;0;
18485;5181858;1185329152;22138880;1384910848;0;0;0;0;0;0;0;0;0;0;0;4067;0;0;125;0;42;0;
18486;5201845;1185329152;22138880;1384910848;0;0;0;0;0;0;0;0;0;0;0;3156;0;0;125;0;42;0;
18487;5189172;1185329152;22138880;1384910848;0;0;0;0;0;0;0;0;0;0;0;4098;0;0;125;0;42;0;
18488;5177781;1185329152;22138880;1384910848;0;0;0;0;0;0;0;0;0;0;0;3517;0;0;125;0;42;0;
18489;4071605;1185329152;22138880;1384910848;0;0;0;0;0;0;0;0;0;0;0;4298;0;0;125;0;42;0;
18490;4914496;1185329152;22138880;1384910848;0;0;0;0;0;0;0;0;0;0;0;3247;0;0;125;0;42;0;
18491;4852730;1185329152;22138880;1384910848;0;0;0;0;0;0;0;0;0;0;0;4008;0;0;125;0;42;0;
18492;5014424;1185329152;22138880;1384910848;0;0;0;0;0;0;0;0;0;0;0;3076;0;0;125;0;42;0;
18493;3827939;1185329152;22138880;1384910848;0;0;0;0;0;0;0;0;0;0;0;4428;0;0;125;0;42;0;
18494;5223636;1185329152;22138880;1384910848;0;0;0;0;0;0;0;0;0;0;0;3236;0;0;125;0;42;0;
18495;4249619;1185329152;22138880;1384910848;0;0;0;0;0;0;0;0;0;0;0;4017;0;0;125;0;42;0;
18496;5203499;1185329152;22138880;1384910848;0;0;0;0;0;0;0;0;0;0;0;3096;0;0;125;0;42;0;
18497;4250832;1185329152;22138880;1384910848;0;0;0;0;0;0;0;0;0;0;0;3797;0;0;125;0;42;0;
18498;5129059;1185329152;22138880;1384910848;0;0;0;0;0;0;0;0;0;0;0;3346;0;0;125;0;42;0;
18499;5080127;1185329152;22138880;1384910848;0;0;0;0;0;0;0;0;0;0;0;5680;0;0;125;0;42;0;
18500;5601736;1185329152;22138880;1384910848;0;0;0;0;0;0;0;0;0;0;0;3667;0;0;125;0;42;0;
18501;6976463;1185329152;22138880;1384910848;0;0;0;0;0;0;0;0;0;0;0;7254;0;0;125;0;42;0;
18502;5446113;1185329152;22138880;1384910848;0;0;0;0;0;0;0;0;0;0;0;3727;0;0;125;0;42;0;
18503;6983426;1185329152;22138880;1384910848;0;0;0;0;0;0;0;0;0;0;0;7384;0;0;125;0;42;0;
18504;6006013;1185329152;22138880;1384910848;0;0;0;0;0;0;0;0;0;0;0;4268;0;0;125;0;42;0;
18505;7536204;1185329152;22138880;1384910848;0;0;0;0;0;0;0;0;0;0;0;6993;0;0;125;0;42;0;
18506;5407441;1185329152;22138880;1384910848;0;0;0;0;0;0;0;0;0;0;0;3637;0;0;125;0;42;0;
18507;7071982;1185329152;22138880;1384910848;0;0;0;0;0;0;0;0;0;0;0;7745;0;0;125;0;42;0;
18508;5682407;1185329152;22138880;1384910848;0;0;0;0;0;0;0;0;0;0;0;3767;0;0;125;0;42;0;
18509;7567922;1185329152;22138880;1384910848;0;0;0;0;0;0;0;0;0;0;0;7264;0;0;125;0;42;0;
18510;5437237;1185329152;22138880;1384910848;0;0;0;0;0;0;0;0;0;0;0;3477;0;0;125;0;42;0;
18511;7485247;1185329152;22138880;1384910848;0;0;0;0;0;0;0;0;0;0;0;7153;0;0;125;0;42;0;
18512;6022124;1185329152;22138880;1384910848;0;0;0;0;0;0;0;0;0;0;0;4318;0;0;125;0;42;0;
18513;6010733;1185329152;22138880;1384910848;0;0;0;0;0;0;0;0;0;0;0;7084;0;0;125;0;42;0;
18514;5269182;1185329152;22138880;1384910848;0;0;0;0;0;0;0;0;0;0;0;4008;0;0;125;0;42;0;
18515;7083264;1185329152;22138880;1384910848;0;0;0;0;0;0;0;0;0;0;0;6602;0;0;125;0;42;0;
18516;5382013;1185329152;22138880;1384910848;0;0;0;0;0;0;0;0;0;0;0;4489;0;0;125;0;42;0;
18517;7431898;1185329152;22138880;1384910848;0;0;0;0;0;0;0;0;0;0;0;7504;0;0;125;0;42;0;
18518;5584203;1185329152;22138880;1384910848;0;0;0;0;0;0;0;0;0;0;0;3667;0;0;125;0;42;0;
18519;6716236;1185329152;22138880;1384910848;0;0;0;0;0;0;0;0;0;0;0;7433;0;0;125;0;42;0;
18520;6281270;1185329152;22138880;1384910848;0;0;0;0;0;0;0;0;0;0;0;4789;0;0;125;0;42;0;
18521;6321225;1185329152;22138880;1384910848;0;0;0;0;0;0;0;0;0;0;0;6453;0;0;125;0;42;0;
18522;5656579;1185329152;22138880;1384910848;0;0;0;0;0;0;0;0;0;0;0;4028;0;0;125;0;42;0;
18523;5433620;1185329152;22138880;1384910848;0;0;0;0;0;0;0;0;0;0;0;6662;0;0;125;0;42;0;
18524;6031701;1185329152;22138880;1384910848;0;0;0;0;0;0;0;0;0;0;0;4248;0;0;125;0;42;0;
18525;6325433;1185329152;22138880;1384910848;0;0;0;0;0;0;0;0;0;0;0;7754;0;0;125;0;42;0;
18526;5113089;1185329152;22138880;1384910848;0;0;0;0;0;0;0;0;0;0;0;3566;0;0;125;0;42;0;
18527;7324116;1185329152;22138880;1384910848;0;0;0;0;0;0;0;0;0;0;0;7053;0;0;125;0;42;0;
18528;5949948;1185329152;22138880;1384910848;0;0;0;0;0;0;0;0;0;0;0;3797;0;0;125;0;42;0;
18529;6090803;1185329152;22138880;1384910848;0;0;0;0;0;0;0;0;0;0;0;8035;0;0;125;0;42;0;
18530;5707884;1185329152;22138880;1384910848;0;0;0;0;0;0;0;0;0;0;0;4459;0;0;125;0;42;0;
18531;6959091;1185329152;22138880;1384910848;0;0;0;0;0;0;0;0;0;0;0;7003;0;0;125;0;42;0;
18532;5491750;1185329152;22138880;1384910848;0;0;0;0;0;0;0;0;0;0;0;3517;0;0;125;0;42;0;
18533;6621659;1185329152;22138880;1384910848;0;0;0;0;0;0;0;0;0;0;0;5370;0;0;125;0;42;0;
18534;5616033;1185329152;22138880;1384910848;0;0;0;0;0;0;0;0;0;0;0;5260;0;0;125;0;42;0;
18535;5284170;1185329152;22138880;1384910848;0;0;0;0;0;0;0;0;0;0;0;6341;0;0;125;0;42;0;
18536;5533348;1185329152;22138880;1384910848;0;0;0;0;0;0;0;0;0;0;0;4198;0;0;125;0;42;0;
18537;5315048;1185329152;22138880;1384910848;0;0;0;0;0;0;0;0;0;0;0;6262;0;0;125;0;42;0;
18538;5502089;1185329152;22138880;1384910848;0;0;0;0;0;0;0;0;0;0;0;5611;0;0;125;0;42;0;
18539;6356852;1185329152;22138880;1384910848;0;0;0;0;0;0;0;0;0;0;0;5580;0;0;125;0;42;0;
18540;6309042;1185329152;22138880;1384910848;0;0;0;0;0;0;0;0;0;0;0;4989;0;0;125;0;42;0;
18541;5561109;1185329152;22138880;1384910848;0;0;0;0;0;0;0;0;0;0;0;5972;0;0;125;0;42;0;
18542;5731108;1185329152;22138880;1384910848;0;0;0;0;0;0;0;0;0;0;0;5831;0;0;125;0;42;0;
18543;4962647;1185329152;22138880;1384910848;0;0;0;0;0;0;0;0;0;0;0;6061;0;0;125;0;42;0;
18544;5165888;1185329152;22138880;1384910848;0;0;0;0;0;0;0;0;0;0;0;5530;0;0;125;0;42;0;
18545;5629317;1185329152;22138880;1384910848;0;0;0;0;0;0;0;0;0;0;0;6742;0;0;125;0;42;0;
18546;5176978;1185329152;22138880;1384910848;0;0;0;0;0;0;0;0;0;0;0;3567;0;0;125;0;42;0;
18547;6469443;1185329152;22138880;1384910848;0;0;0;0;0;0;0;0;0;0;0;7033;0;0;125;0;42;0;
18548;5769861;1185329152;22138880;1384910848;0;0;0;0;0;0;0;0;0;0;0;3246;0;0;125;0;42;0;
18549;5149297;1185329152;22138880;1384910848;0;0;0;0;0;0;0;0;0;0;0;3176;0;0;125;0;42;0;
18550;5032558;1185329152;22138880;1384910848;0;0;0;0;0;0;0;0;0;0;0;2575;0;0;125;0;42;0;
18551;4207250;1185329152;22138880;1384910848;0;0;0;0;0;0;0;0;0;0;0;3436;0;0;125;0;42;0;
18552;4726414;1185329152;22138880;1384910848;0;0;0;0;0;0;0;0;0;0;0;2304;0;0;125;0;42;0;
18553;4391706;1185329152;22138880;1384910848;0;0;0;0;0;0;0;0;0;0;0;3997;0;0;125;0;42;0;
18554;4596390;1185329152;22138880;1384910848;0;0;0;0;0;0;0;0;0;0;0;2726;0;0;125;0;42;0;
18555;4118604;1185329152;22138880;1384910848;0;0;0;0;0;0;0;0;0;0;0;2996;0;0;125;0;42;0;
18556;4890111;1185329152;22138880;1384910848;0;0;0;0;0;0;0;0;0;0;0;2504;0;0;125;0;42;0;
18557;3623385;1185329152;22138880;1384910848;0;0;0;0;0;0;0;0;0;0;0;2895;0;0;125;0;42;0;
18558;4655681;1185329152;22138880;1384910848;0;0;0;0;0;0;0;0;0;0;0;2064;0;0;125;0;42;0;
18559;3334213;1185329152;22138880;1384910848;0;0;0;0;0;0;0;0;0;0;0;2896;0;0;125;0;42;0;
18560;5630649;1185329152;22138880;1384910848;0;0;0;0;0;0;0;0;0;0;0;2585;0;0;125;0;42;0;
18561;3151160;1185329152;22138880;1384910848;0;0;0;0;0;0;0;0;0;0;0;2695;0;0;125;0;42;0;
18562;4660160;1185329152;22138880;1384910848;0;0;0;0;0;0;0;0;0;0;0;2034;0;0;125;0;42;0;
18563;3831646;1185329152;22138880;1384910848;0;0;0;0;0;0;0;0;0;0;0;2965;0;0;125;0;42;0;
18564;5013062;1185329152;22138880;1384910848;0;0;0;0;0;0;0;0;0;0;0;2665;0;0;125;0;42;0;
18565;3248081;1185329152;22138880;1384910848;0;0;0;0;0;0;0;0;0;0;0;3287;0;0;125;0;42;0;
18566;4818296;1185329152;22138880;1384910848;0;0;0;0;0;0;0;0;0;0;0;1994;0;0;125;0;42;0;
18567;3912678;1185329152;22138880;1384910848;0;0;0;0;0;0;0;0;0;0;0;2975;0;0;125;0;42;0;
18568;4680808;1185329152;22138880;1384910848;0;0;0;0;0;0;0;0;0;0;0;2645;0;0;125;0;42;0;
18569;3924520;1185329152;22138880;1384910848;0;0;0;0;0;0;0;0;0;0;0;2876;0;0;125;0;42;0;
18570;5006359;1185329152;22138880;1384910848;0;0;0;0;0;0;0;0;0;0;0;2655;0;0;125;0;42;0;
18571;4016312;1185329152;22138880;1384910848;0;0;0;0;0;0;0;0;0;0;0;2915;0;0;125;0;42;0;
18572;4716204;1185329152;22138880;1384910848;0;0;0;0;0;0;0;0;0;0;0;2645;0;0;125;0;42;0;
18573;3683147;1185329152;22138880;1384910848;0;0;0;0;0;0;0;0;0;0;0;2815;0;0;125;0;42;0;
18574;4720783;1185329152;22138880;1384910848;0;0;0;0;0;0;0;0;0;0;0;2515;0;0;125;0;42;0;
18575;3436344;1185329152;22138880;1384910848;0;0;0;0;0;0;0;0;0;0;0;2806;0;0;125;0;42;0;
18576;4897695;1185329152;22138880;1384910848;0;0;0;0;0;0;0;0;0;0;0;2255;0;0;125;0;42;0;
18577;3963092;1185329152;22138880;1384910848;0;0;0;0;0;0;0;0;0;0;0;2815;0;0;125;0;42;0;
18578;5102279;1185329152;22138880;1384910848;0;0;0;0;0;0;0;0;0;0;0;2184;0;0;125;0;42;0;
18579;3715398;1185329152;22138880;1384910848;0;0;0;0;0;0;0;0;0;0;0;2705;0;0;125;0;42;0;
18580;4458091;1185329152;22138880;1384910848;0;0;0;0;0;0;0;0;0;0;0;2585;0;0;125;0;42;0;
18581;3890416;1185329152;22138880;1384910848;0;0;0;0;0;0;0;0;0;0;0;2895;0;0;125;0;42;0;
18582;5070559;1185329152;22138880;1384910848;0;0;0;0;0;0;0;0;0;0;0;2344;0;0;125;0;42;0;
18583;3544767;1185329152;22138880;1384910848;0;0;0;0;0;0;0;0;0;0;0;2635;0;0;125;0;42;0;
18584;4880783;1185329152;22138880;1384910848;0;0;0;0;0;0;0;0;0;0;0;2274;0;0;125;0;42;0;
18585;4204756;1185329152;22138880;1384910848;0;0;0;0;0;0;0;0;0;0;0;3015;0;0;125;0;42;0;
18586;4969389;1185329152;22138880;1384910848;0;0;0;0;0;0;0;0;0;0;0;2535;0;0;125;0;42;0;
18587;3126683;1185329152;22138880;1384910848;0;0;0;0;0;0;0;0;0;0;0;3136;0;0;125;0;42;0;
18588;4761990;1185329152;22138880;1384910848;0;0;0;0;0;0;0;0;0;0;0;2385;0;0;125;0;42;0;
18589;4010911;1185329152;22138880;1384910848;0;0;0;0;0;0;0;0;0;0;0;3266;0;0;125;0;42;0;
18590;5263311;1185329152;22138880;1384910848;0;0;0;0;0;0;0;0;0;0;0;2234;0;0;125;0;42;0;
18591;3511465;1185329152;22138880;1384910848;0;0;0;0;0;0;0;0;0;0;0;2395;0;0;125;0;42;0;
18592;4673685;1185329152;22138880;1384910848;0;0;0;0;0;0;0;0;0;0;0;2595;0;0;125;0;42;0;
18593;3674682;1185329152;22138880;1384910848;0;0;0;0;0;0;0;0;0;0;0;3937;0;0;125;0;42;0;
18594;4784553;1185329152;22138880;1384910848;0;0;0;0;0;0;0;0;0;0;0;2214;0;0;125;0;42;0;
18595;4075594;1185329152;22138880;1384910848;0;0;0;0;0;0;0;0;0;0;0;4378;0;0;125;0;42;0;
18596;4675699;1185329152;22138880;1384910848;0;0;0;0;0;0;0;0;0;0;0;2615;0;0;125;0;42;0;
18597;5708135;1185329152;22138880;1384910848;0;0;0;0;0;0;0;0;0;0;0;6102;0;0;125;0;42;0;
18598;5669443;1185329152;22138880;1384910848;0;0;0;0;0;0;0;0;0;0;0;3447;0;0;125;0;42;0;
18599;4205877;1185329152;22138880;1384910848;0;0;0;0;0;0;0;0;0;0;0;3276;0;0;125;0;42;0;
18600;4790824;1185329152;22138880;1384910848;0;0;0;0;0;0;0;0;0;0;0;2675;0;0;125;0;42;0;
18601;4335511;1185329152;22138880;1384910848;0;0;0;0;0;0;0;0;0;0;0;4207;0;0;125;0;42;0;
18602;5346647;1185329152;22138880;1384910848;0;0;0;0;0;0;0;0;0;0;0;2765;0;0;125;0;42;0;
18603;4249870;1185329152;22138880;1384910848;0;0;0;0;0;0;0;0;0;0;0;3857;0;0;125;0;42;0;
18604;5182088;1185329152;22138880;1384910848;0;0;0;0;0;0;0;0;0;0;0;2725;0;0;125;0;42;0;
18605;3782684;1185329152;22138880;1384910848;0;0;0;0;0;0;0;0;0;0;0;4008;0;0;125;0;42;0;
18606;4714702;1185329152;22138880;1384910848;0;0;0;0;0;0;0;0;0;0;0;2615;0;0;125;0;42;0;
18607;3254684;1185329152;22138880;1384910848;0;0;0;0;0;0;0;0;0;0;0;3677;0;0;125;0;42;0;
18608;4808889;1185329152;22138880;1384910848;0;0;0;0;0;0;0;0;0;0;0;2585;0;0;125;0;42;0;
18609;3677837;1185329152;22138880;1384910848;0;0;0;0;0;0;0;0;0;0;0;4499;0;0;125;0;42;0;
18610;4708300;1185329152;22138880;1384910848;0;0;0;0;0;0;0;0;0;0;0;2083;0;0;125;0;42;0;
18611;3506276;1185329152;22138880;1384910848;0;0;0;0;0;0;0;0;0;0;0;2575;0;0;125;0;42;0;
18612;4449314;1185329152;22138880;1384910848;0;0;0;0;0;0;0;0;0;0;0;2735;0;0;125;0;42;0;
18613;2732745;1185329152;22138880;1384910848;0;0;0;0;0;0;0;0;0;0;0;2434;0;0;125;0;42;0;
18614;4582734;1185329152;22138880;1384910848;0;0;0;0;0;0;0;0;0;0;0;2304;0;0;125;0;42;0;
18615;3365252;1185329152;22138880;1384910848;0;0;0;0;0;0;0;0;0;0;0;2925;0;0;125;0;42;0;
18616;4741081;1185329152;22138880;1384910848;0;0;0;0;0;0;0;0;0;0;0;2895;0;0;125;0;42;0;
18617;3752277;1185329152;22138880;1384910848;0;0;0;0;0;0;0;0;0;0;0;3687;0;0;125;0;42;0;
18618;5011128;1185329152;22138880;1384910848;0;0;0;0;0;0;0;0;0;0;0;2826;0;0;125;0;42;0;
18619;3577339;1185329152;22138880;1384910848;0;0;0;0;0;0;0;0;0;0;0;3125;0;0;125;0;42;0;
18620;5011829;1185329152;22138880;1384910848;0;0;0;0;0;0;0;0;0;0;0;2284;0;0;125;0;42;0;
18621;3767545;1185329152;22138880;1384910848;0;0;0;0;0;0;0;0;0;0;0;3447;0;0;125;0;42;0;
18622;5192728;1185329152;22138880;1384910848;0;0;0;0;0;0;0;0;0;0;0;2916;0;0;125;0;42;0;
18623;5556971;1185329152;22138880;1384910848;0;0;0;0;0;0;0;0;0;0;0;4208;0;0;125;0;42;0;
18624;5802051;1185329152;22138880;1384910848;0;0;0;0;0;0;0;0;0;0;0;3306;0;0;125;0;42;0;
18625;5323173;1185329152;22138880;1384910848;0;0;0;0;0;0;0;0;0;0;0;3316;0;0;125;0;42;0;
18626;4950694;1185329152;22138880;1384910848;0;0;0;0;0;0;0;0;0;0;0;2735;0;0;125;0;42;0;
18627;3957241;1185329152;22138880;1384910848;0;0;0;0;0;0;0;0;0;0;0;2985;0;0;125;0;42;0;
18628;4884330;1185329152;22138880;1384910848;0;0;0;0;0;0;0;0;0;0;0;2224;0;0;125;0;42;0;
18629;2847791;1185329152;22138880;1384910848;0;0;0;0;0;0;0;0;0;0;0;2716;0;0;125;0;42;0;
18630;4617891;1185329152;22138880;1384910848;0;0;0;0;0;0;0;0;0;0;0;2094;0;0;125;0;42;0;
18631;3251819;1185329152;22138880;1384910848;0;0;0;0;0;0;0;0;0;0;0;2765;0;0;125;0;42;0;
18632;4917954;1185329152;22138880;1384910848;0;0;0;0;0;0;0;0;0;0;0;2455;0;0;125;0;42;0;
18633;2456958;1185329152;22138880;1384910848;0;0;0;0;0;0;0;0;0;0;0;2835;0;0;125;0;42;0;
18634;4628840;1185329152;22138880;1384910848;0;0;0;0;0;0;0;0;0;0;0;2084;0;0;125;0;42;0;
18635;3099843;1185329152;22138880;1384910848;0;0;0;0;0;0;0;0;0;0;0;2475;0;0;125;0;42;0;
18636;5151602;1185329152;22138880;1384910848;0;0;0;0;0;0;0;0;0;0;0;2225;0;0;125;0;42;0;
18637;2610916;1185329152;22138880;1384910848;0;0;0;0;0;0;0;0;0;0;0;2505;0;0;125;0;42;0;
18638;4825629;1185329152;22138880;1384910848;0;0;0;0;0;0;0;0;0;0;0;2234;0;0;125;0;42;0;
18639;3337148;1185329152;22138880;1384910848;0;0;0;0;0;0;0;0;0;0;0;2785;0;0;125;0;42;0;
18640;4516921;1185329152;22138880;1384910848;0;0;0;0;0;0;0;0;0;0;0;2064;0;0;125;0;42;0;
18641;2506311;1185329152;22138880;1384910848;0;0;0;0;0;0;0;0;0;0;0;2555;0;0;125;0;42;0;
18642;4410171;1185329152;22138880;1384910848;0;0;0;0;0;0;0;0;0;0;0;2345;0;0;125;0;42;0;
18643;2423304;1185329152;22138880;1384910848;0;0;0;0;0;0;0;0;0;0;0;2474;0;0;125;0;42;0;
18644;5093843;1185329152;22138880;1384910848;0;0;0;0;0;0;0;0;0;0;0;2275;0;0;125;0;42;0;
18645;2686888;1185329152;22138880;1384910848;0;0;0;0;0;0;0;0;0;0;0;3126;0;0;125;0;42;0;
18646;4487135;1185329152;22138880;1384910848;0;0;0;0;0;0;0;0;0;0;0;2465;0;0;125;0;42;0;
18647;3538917;1185329152;22138880;1384910848;0;0;0;0;0;0;0;0;0;0;0;2635;0;0;125;0;42;0;
18648;4675979;1185329152;22138880;1384910848;0;0;0;0;0;0;0;0;0;0;0;2274;0;0;125;0;42;0;
18649;3394506;1185329152;22138880;1384910848;0;0;0;0;0;0;0;0;0;0;0;2505;0;0;125;0;42;0;
18650;4662224;1185329152;22138880;1384910848;0;0;0;0;0;0;0;0;0;0;0;2255;0;0;125;0;42;0;
18651;2057238;1185329152;22138880;1384910848;0;0;0;0;0;0;0;0;0;0;0;2274;0;0;125;0;42;0;
18652;4610637;1185329152;22138880;1384910848;0;0;0;0;0;0;0;0;0;0;0;2374;0;0;125;0;42;0;
18653;2664727;1185329152;22138880;1384910848;0;0;0;0;0;0;0;0;0;0;0;3126;0;0;125;0;42;0;
18654;4562617;1185329152;22138880;1384910848;0;0;0;0;0;0;0;0;0;0;0;2304;0;0;125;0;42;0;
18655;3255716;1185329152;22138880;1384910848;0;0;0;0;0;0;0;0;0;0;0;2654;0;0;125;0;42;0;
18656;4527150;1185329152;22138880;1384910848;0;0;0;0;0;0;0;0;0;0;0;2264;0;0;125;0;42;0;
18657;2863680;1185329152;22138880;1384910848;0;0;0;0;0;0;0;0;0;0;0;2464;0;0;125;0;42;0;
18658;4508204;1185329152;22138880;1384910848;0;0;0;0;0;0;0;0;0;0;0;2384;0;0;125;0;42;0;
18659;2826220;1185329152;22138880;1384910848;0;0;0;0;0;0;0;0;0;0;0;2545;0;0;125;0;42;0;
18660;4648137;1185329152;22138880;1384910848;0;0;0;0;0;0;0;0;0;0;0;2464;0;0;125;0;42;0;
18661;3360232;1185329152;22138880;1384910848;0;0;0;0;0;0;0;0;0;0;0;2554;0;0;125;0;42;0;
18662;4738747;1185329152;22138880;1384910848;0;0;0;0;0;0;0;0;0;0;0;2355;0;0;125;0;42;0;
18663;4446789;1185329152;22138880;1384910848;0;0;0;0;0;0;0;0;0;0;0;3516;0;0;125;0;42;0;
18664;5586246;1185329152;22138880;1384910848;0;0;0;0;0;0;0;0;0;0;0;3727;0;0;125;0;42;0;
18665;5067944;1185329152;22138880;1384910848;0;0;0;0;0;0;0;0;0;0;0;4268;0;0;125;0;42;0;
18666;5067874;1185329152;22138880;1384910848;0;0;0;0;0;0;0;0;0;0;0;3356;0;0;125;0;42;0;
18667;6594277;1185329152;22138880;1384910848;0;0;0;0;0;0;0;0;0;0;0;3847;0;0;125;0;42;0;
18668;4982073;1185329152;22138880;1384910848;0;0;0;0;0;0;0;0;0;0;0;3016;0;0;125;0;42;0;
18669;5410316;1185329152;22138880;1384910848;0;0;0;0;0;0;0;0;0;0;0;4758;0;0;125;0;42;0;
18670;5314637;1185329152;22138880;1384910848;0;0;0;0;0;0;0;0;0;0;0;3437;0;0;125;0;42;0;
18671;6032303;1185329152;22138880;1384910848;0;0;0;0;0;0;0;0;0;0;0;4990;0;0;125;0;42;0;
18672;5225801;1185329152;22138880;1384910848;0;0;0;0;0;0;0;0;0;0;0;3557;0;0;125;0;42;0;
18673;4481334;1185329152;22138880;1384910848;0;0;0;0;0;0;0;0;0;0;0;3657;0;0;125;0;42;0;
18674;5298407;1185329152;22138880;1384910848;0;0;0;0;0;0;0;0;0;0;0;3076;0;0;125;0;42;0;
18675;13997701;1185329152;22138880;1384910848;0;0;0;0;0;0;0;0;0;0;0;7023;0;0;125;0;42;0;
18676;5764370;1185329152;22138880;1384910848;0;0;0;0;0;0;0;0;0;0;0;3767;0;0;125;0;42;0;
18677;4719361;1185329152;22138880;1384910848;0;0;0;0;0;0;0;0;0;0;0;4398;0;0;125;0;42;0;
18678;5339273;1185329152;22138880;1384910848;0;0;0;0;0;0;0;0;0;0;0;3216;0;0;125;0;42;0;
18679;4269557;1185329152;22138880;1384910848;0;0;0;0;0;0;0;0;0;0;0;4649;0;0;125;0;42;0;
18680;4974719;1185329152;22138880;1384910848;0;0;0;0;0;0;0;0;0;0;0;3417;0;0;125;0;42;0;
18681;5113540;1185329152;22138880;1384910848;0;0;0;0;0;0;0;0;0;0;0;4398;0;0;125;0;42;0;
18682;4880283;1185329152;22138880;1384910848;0;0;0;0;0;0;0;0;0;0;0;3306;0;0;125;0;42;0;
18683;4401164;1185329152;22138880;1384910848;0;0;0;0;0;0;0;0;0;0;0;4208;0;0;125;0;42;0;
18684;4937119;1185329152;22138880;1384910848;0;0;0;0;0;0;0;0;0;0;0;2856;0;0;125;0;42;0;
18685;4433255;1185329152;22138880;1384910848;0;0;0;0;0;0;0;0;0;0;0;4258;0;0;125;0;42;0;
18686;4847701;1185329152;22138880;1384910848;0;0;0;0;0;0;0;0;0;0;0;3186;0;0;125;0;42;0;
18687;4167947;1185329152;22138880;1384910848;0;0;0;0;0;0;0;0;0;0;0;4408;0;0;125;0;42;0;
18688;4914446;1185329152;22138880;1384910848;0;0;0;0;0;0;0;0;0;0;0;2955;0;0;125;0;42;0;
18689;4545234;1185329152;22138880;1384910848;0;0;0;0;0;0;0;0;0;0;0;4839;0;0;125;0;42;0;
18690;5013612;1185329152;22138880;1384910848;0;0;0;0;0;0;0;0;0;0;0;3427;0;0;125;0;42;0;
18691;4071676;1185329152;22138880;1384910848;0;0;0;0;0;0;0;0;0;0;0;3928;0;0;125;0;42;0;
18692;4927751;1185329152;22138880;1384910848;0;0;0;0;0;0;0;0;0;0;0;3247;0;0;125;0;42;0;
18693;4557046;1185329152;22138880;1384910848;0;0;0;0;0;0;0;0;0;0;0;3677;0;0;125;0;42;0;
18694;4995899;1185329152;22138880;1384910848;0;0;0;0;0;0;0;0;0;0;0;3056;0;0;125;0;42;0;
18695;3823190;1185329152;22138880;1384910848;0;0;0;0;0;0;0;0;0;0;0;3927;0;0;125;0;42;0;
18696;5064808;1185329152;22138880;1384910848;0;0;0;0;0;0;0;0;0;0;0;3897;0;0;125;0;42;0;
18697;4766098;1185329152;22138880;1384910848;0;0;0;0;0;0;0;0;0;0;0;4047;0;0;125;0;42;0;
18698;5309497;1185329152;22138880;1384910848;0;0;0;0;0;0;0;0;0;0;0;3717;0;0;125;0;42;0;
18699;4481835;1185329152;22138880;1384910848;0;0;0;0;0;0;0;0;0;0;0;4668;0;0;125;0;42;0;
18700;5671727;1185329152;22138880;1384910848;0;0;0;0;0;0;0;0;0;0;0;3717;0;0;125;0;42;0;
18701;4168999;1185329152;22138880;1384910848;0;0;0;0;0;0;0;0;0;0;0;4278;0;0;125;0;42;0;
18702;5871011;1185329152;22138880;1384910848;0;0;0;0;0;0;0;0;0;0;0;4558;0;0;125;0;42;0;
18703;4028425;1185329152;22138880;1384910848;0;0;0;0;0;0;0;0;0;0;0;4148;0;0;125;0;42;0;
18704;5254494;1185329152;22138880;1384910848;0;0;0;0;0;0;0;0;0;0;0;3877;0;0;125;0;42;0;
18705;4432593;1185329152;22138880;1384910848;0;0;0;0;0;0;0;0;0;0;0;4398;0;0;125;0;42;0;
18706;5130762;1185329152;22138880;1384910848;0;0;0;0;0;0;0;0;0;0;0;3296;0;0;125;0;42;0;
18707;5436505;1185329152;22138880;1384910848;0;0;0;0;0;0;0;0;0;0;0;5530;0;0;125;0;42;0;
18708;5862645;1185329152;22138880;1384910848;0;0;0;0;0;0;0;0;0;0;0;4388;0;0;125;0;42;0;
18709;5159305;1185329152;22138880;1384910848;0;0;0;0;0;0;0;0;0;0;0;5310;0;0;125;0;42;0;
18710;5610081;1185329152;22138880;1384910848;0;0;0;0;0;0;0;0;0;0;0;3687;0;0;125;0;42;0;
18711;4978818;1185329152;22138880;1384910848;0;0;0;0;0;0;0;0;0;0;0;5100;0;0;125;0;42;0;
18712;5284009;1185329152;22138880;1384910848;0;0;0;0;0;0;0;0;0;0;0;3376;0;0;125;0;42;0;
18713;4594927;1185329152;22138880;1384910848;0;0;0;0;0;0;0;0;0;0;0;3687;0;0;125;0;42;0;
18714;4984718;1185329152;22138880;1384910848;0;0;0;0;0;0;0;0;0;0;0;3035;0;0;125;0;42;0;
18715;4104297;1185329152;22138880;1384910848;0;0;0;0;0;0;0;0;0;0;0;4839;0;0;125;0;42;0;
18716;4914626;1185329152;22138880;1384910848;0;0;0;0;0;0;0;0;0;0;0;3015;0;0;125;0;42;0;
18717;5254253;1185329152;22138880;1384910848;0;0;0;0;0;0;0;0;0;0;0;5250;0;0;125;0;42;0;
18718;5209019;1185329152;22138880;1384910848;0;0;0;0;0;0;0;0;0;0;0;3366;0;0;125;0;42;0;
18719;4447651;1185329152;22138880;1384910848;0;0;0;0;0;0;0;0;0;0;0;4699;0;0;125;0;42;0;
18720;4898266;1185329152;22138880;1384910848;0;0;0;0;0;0;0;0;0;0;0;3296;0;0;125;0;42;0;
18721;4496082;1185329152;22138880;1384910848;0;0;0;0;0;0;0;0;0;0;0;4128;0;0;125;0;42;0;
18722;4978065;1185329152;22138880;1384910848;0;0;0;0;0;0;0;0;0;0;0;3346;0;0;125;0;42;0;
18723;5044410;1185329152;22138880;1384910848;0;0;0;0;0;0;0;0;0;0;0;4649;0;0;125;0;42;0;
18724;4915599;1185329152;22138880;1384910848;0;0;0;0;0;0;0;0;0;0;0;3146;0;0;125;0;42;0;
18725;4309062;1185329152;22138880;1384910848;0;0;0;0;0;0;0;0;0;0;0;4208;0;0;125;0;42;0;
18726;4989287;1185329152;22138880;1384910848;0;0;0;0;0;0;0;0;0;0;0;3327;0;0;125;0;42;0;
18727;5163744;1185329152;22138880;1384910848;0;0;0;0;0;0;0;0;0;0;0;4819;0;0;125;0;42;0;
18728;5500906;1185329152;22138880;1384910848;0;0;0;0;0;0;0;0;0;0;0;3717;0;0;125;0;42;0;
18729;4926459;1185329152;22138880;1384910848;0;0;0;0;0;0;0;0;0;0;0;4578;0;0;125;0;42;0;
18730;5742239;1185329152;22138880;1384910848;0;0;0;0;0;0;0;0;0;0;0;3005;0;0;125;0;42;0;
18731;5379319;1185329152;22138880;1384910848;0;0;0;0;0;0;0;0;0;0;0;4879;0;0;125;0;42;0;
18732;4967786;1185329152;22138880;1384910848;0;0;0;0;0;0;0;0;0;0;0;3266;0;0;125;0;42;0;
18733;5242241;1185329152;22138880;1384910848;0;0;0;0;0;0;0;0;0;0;0;5139;0;0;125;0;42;0;
18734;5386822;1185329152;22138880;1384910848;0;0;0;0;0;0;0;0;0;0;0;3617;0;0;125;0;42;0;
18735;4898116;1185329152;22138880;1384910848;0;0;0;0;0;0;0;0;0;0;0;4058;0;0;125;0;42;0;
18736;5271806;1185329152;22138880;1384910848;0;0;0;0;0;0;0;0;0;0;0;2946;0;0;125;0;42;0;
18737;4468861;1185329152;22138880;1384910848;0;0;0;0;0;0;0;0;0;0;0;3998;0;0;125;0;42;0;
18738;5253823;1185329152;22138880;1384910848;0;0;0;0;0;0;0;0;0;0;0;2996;0;0;125;0;42;0;
18739;5101107;1185329152;22138880;1384910848;0;0;0;0;0;0;0;0;0;0;0;5029;0;0;125;0;42;0;
18740;5087301;1185329152;22138880;1384910848;0;0;0;0;0;0;0;0;0;0;0;3075;0;0;125;0;42;0;
18741;5016958;1185329152;22138880;1384910848;0;0;0;0;0;0;0;0;0;0;0;3787;0;0;125;0;42;0;
18742;5472794;1185329152;22138880;1384910848;0;0;0;0;0;0;0;0;0;0;0;3226;0;0;125;0;42;0;
18743;6602072;1185329152;22138880;1384910848;0;0;0;0;0;0;0;0;0;0;0;4098;0;0;125;0;42;0;
18744;5496498;1185329152;22138880;1384910848;0;0;0;0;0;0;0;0;0;0;0;3126;0;0;125;0;42;0;
18745;3995052;1185329152;22138880;1384910848;0;0;0;0;0;0;0;0;0;0;0;4208;0;0;125;0;42;0;
18746;4895782;1185329152;22138880;1384910848;0;0;0;0;0;0;0;0;0;0;0;3156;0;0;125;0;42;0;
18747;4749417;1185329152;22138880;1384910848;0;0;0;0;0;0;0;0;0;0;0;4418;0;0;125;0;42;0;
18748;5078243;1185329152;22138880;1384910848;0;0;0;0;0;0;0;0;0;0;0;2975;0;0;125;0;42;0;
18749;4077226;1185329152;22138880;1384910848;0;0;0;0;0;0;0;0;0;0;0;4308;0;0;125;0;42;0;
18750;5169384;1185329152;22138880;1384910848;0;0;0;0;0;0;0;0;0;0;0;2886;0;0;125;0;42;0;
18751;4333838;1185329152;22138880;1384910848;0;0;0;0;0;0;0;0;0;0;0;4639;0;0;125;0;42;0;
18752;4936407;1185329152;22138880;1384910848;0;0;0;0;0;0;0;0;0;0;0;3156;0;0;125;0;42;0;
18753;4948500;1185329152;22138880;1384910848;0;0;0;0;0;0;0;0;0;0;0;4038;0;0;125;0;42;0;
18754;5029462;1185329152;22138880;1384910848;0;0;0;0;0;0;0;0;0;0;0;3106;0;0;125;0;42;0;
18755;4068430;1185329152;22138880;1384910848;0;0;0;0;0;0;0;0;0;0;0;4097;0;0;125;0;42;0;
18756;4932410;1185329152;22138880;1384910848;0;0;0;0;0;0;0;0;0;0;0;3096;0;0;125;0;42;0;
18757;4636255;1185329152;22138880;1384910848;0;0;0;0;0;0;0;0;0;0;0;4208;0;0;125;0;42;0;
18758;5090757;1185329152;22138880;1384910848;0;0;0;0;0;0;0;0;0;0;0;2906;0;0;125;0;42;0;
18759;4002115;1185329152;22138880;1384910848;0;0;0;0;0;0;0;0;0;0;0;3787;0;0;125;0;42;0;
18760;5199902;1185329152;22138880;1384910848;0;0;0;0;0;0;0;0;0;0;0;2856;0;0;125;0;42;0;
18761;4614194;1185329152;22138880;1384910848;0;0;0;0;0;0;0;0;0;0;0;3968;0;0;125;0;42;0;
18762;5014283;1185329152;22138880;1384910848;0;0;0;0;0;0;0;0;0;0;0;2856;0;0;125;0;42;0;
18763;4686970;1185329152;22138880;1384910848;0;0;0;0;0;0;0;0;0;0;0;4389;0;0;125;0;42;0;
18764;4910619;1185329152;22138880;1384910848;0;0;0;0;0;0;0;0;0;0;0;2975;0;0;125;0;42;0;
18765;4343305;1185329152;22138880;1384910848;0;0;0;0;0;0;0;0;0;0;0;4188;0;0;125;0;42;0;
18766;4998845;1185329152;22138880;1384910848;0;0;0;0;0;0;0;0;0;0;0;2956;0;0;125;0;42;0;
18767;4422153;1185595392;22138880;1384910848;0;0;0;0;0;0;0;0;0;0;0;3567;0;0;125;0;42;0;
18768;5020555;1185595392;22138880;1384910848;0;0;0;0;0;0;0;0;0;0;0;3116;0;0;125;0;42;0;
18769;4252174;1185595392;22138880;1384910848;0;0;0;0;0;0;0;0;0;0;0;3777;0;0;125;0;42;0;
18770;4876515;1185595392;22138880;1384910848;0;0;0;0;0;0;0;0;0;0;0;3226;0;0;125;0;42;0;
18771;4826682;1185595392;22138880;1384910848;0;0;0;0;0;0;0;0;0;0;0;3727;0;0;125;0;42;0;
18772;5274972;1185595392;22138880;1384910848;0;0;0;0;0;0;0;0;0;0;0;3266;0;0;125;0;42;0;
18773;5251749;1185595392;22138880;1384910848;0;0;0;0;0;0;0;0;0;0;0;4478;0;0;125;0;42;0;
18774;5442967;1185595392;22138880;1384910848;0;0;0;0;0;0;0;0;0;0;0;3377;0;0;125;0;42;0;
18775;5435403;1185595392;22138880;1384910848;0;0;0;0;0;0;0;0;0;0;0;3757;0;0;125;0;42;0;
18776;5686234;1185595392;22138880;1384910848;0;0;0;0;0;0;0;0;0;0;0;2525;0;0;125;0;42;0;
18777;3759160;1185595392;22138880;1384910848;0;0;0;0;0;0;0;0;0;0;0;2424;0;0;125;0;42;0;
18778;5014484;1185595392;22138880;1384910848;0;0;0;0;0;0;0;0;0;0;0;2274;0;0;125;0;42;0;
18779;3358638;1185595392;22138880;1384910848;0;0;0;0;0;0;0;0;0;0;0;2395;0;0;125;0;42;0;
18780;4743637;1185595392;22138880;1384910848;0;0;0;0;0;0;0;0;0;0;0;2354;0;0;125;0;42;0;
18781;3691513;1185595392;22138880;1384910848;0;0;0;0;0;0;0;0;0;0;0;2805;0;0;125;0;42;0;
18782;4477868;1185595392;22138880;1384910848;0;0;0;0;0;0;0;0;0;0;0;2174;0;0;125;0;42;0;
18783;3335987;1185595392;22138880;1384910848;0;0;0;0;0;0;0;0;0;0;0;2365;0;0;125;0;42;0;
18784;4404280;1185595392;22138880;1384910848;0;0;0;0;0;0;0;0;0;0;0;2174;0;0;125;0;42;0;
18785;3752758;1185595392;22138880;1384910848;0;0;0;0;0;0;0;0;0;0;0;2985;0;0;125;0;42;0;
18786;5037417;1185595392;22138880;1384910848;0;0;0;0;0;0;0;0;0;0;0;2314;0;0;125;0;42;0;
18787;3227283;1185595392;22138880;1384910848;0;0;0;0;0;0;0;0;0;0;0;3066;0;0;125;0;42;0;
18788;4679505;1185595392;22138880;1384910848;0;0;0;0;0;0;0;0;0;0;0;2394;0;0;125;0;42;0;
18789;4320252;1185595392;22138880;1384910848;0;0;0;0;0;0;0;0;0;0;0;3336;0;0;125;0;42;0;
18790;5417019;1185595392;22138880;1384910848;0;0;0;0;0;0;0;0;0;0;0;2274;0;0;125;0;42;0;
18791;3939268;1185595392;22138880;1384910848;0;0;0;0;0;0;0;0;0;0;0;3206;0;0;125;0;42;0;
18792;5479276;1185595392;22138880;1384910848;0;0;0;0;0;0;0;0;0;0;0;2765;0;0;125;0;42;0;
18793;4940395;1185595392;22138880;1384910848;0;0;0;0;0;0;0;0;0;0;0;3647;0;0;125;0;42;0;
18794;5359762;1185595392;22138880;1384910848;0;0;0;0;0;0;0;0;0;0;0;2605;0;0;125;0;42;0;
18795;4199726;1185595392;22138880;1384910848;0;0;0;0;0;0;0;0;0;0;0;2715;0;0;125;0;42;0;
18796;5043108;1185595392;22138880;1384910848;0;0;0;0;0;0;0;0;0;0;0;2865;0;0;125;0;42;0;
18797;3706952;1185595392;22138880;1384910848;0;0;0;0;0;0;0;0;0;0;0;3907;0;0;125;0;42;0;
18798;4812084;1185595392;22138880;1384910848;0;0;0;0;0;0;0;0;0;0;0;2194;0;0;125;0;42;0;
18799;3765442;1185595392;22138880;1384910848;0;0;0;0;0;0;0;0;0;0;0;2514;0;0;125;0;42;0;
18800;4841880;1185595392;22138880;1384910848;0;0;0;0;0;0;0;0;0;0;0;2515;0;0;125;0;42;0;
18801;3473194;1185595392;22138880;1384910848;0;0;0;0;0;0;0;0;0;0;0;3677;0;0;125;0;42;0;
18802;4688904;1185595392;22138880;1384910848;0;0;0;0;0;0;0;0;0;0;0;2324;0;0;125;0;42;0;
18803;4570441;1185595392;22138880;1384910848;0;0;0;0;0;0;0;0;0;0;0;2605;0;0;125;0;42;0;
18804;4857179;1185595392;22138880;1384910848;0;0;0;0;0;0;0;0;0;0;0;2414;0;0;125;0;42;0;
18805;6239211;1185595392;22138880;1384910848;0;0;0;0;0;0;0;0;0;0;0;7674;0;0;125;0;42;0;
18806;5740355;1185595392;22138880;1384910848;0;0;0;0;0;0;0;0;0;0;0;2294;0;0;125;0;42;0;
18807;5496117;1185595392;22138880;1384910848;0;0;0;0;0;0;0;0;0;0;0;4308;0;0;125;0;42;0;
18808;5118920;1185595392;22138880;1384910848;0;0;0;0;0;0;0;0;0;0;0;2826;0;0;125;0;42;0;
18809;4844525;1185595392;22138880;1384910848;0;0;0;0;0;0;0;0;0;0;0;3497;0;0;125;0;42;0;
18810;4444425;1185595392;22138880;1384910848;0;0;0;0;0;0;0;0;0;0;0;2685;0;0;125;0;42;0;
18811;3398874;1185595392;22138880;1384910848;0;0;0;0;0;0;0;0;0;0;0;2805;0;0;125;0;42;0;
18812;4890241;1185595392;22138880;1384910848;0;0;0;0;0;0;0;0;0;0;0;2405;0;0;125;0;42;0;
18813;2804931;1185595392;22138880;1384910848;0;0;0;0;0;0;0;0;0;0;0;3246;0;0;125;0;42;0;
18814;4746772;1185595392;22138880;1384910848;0;0;0;0;0;0;0;0;0;0;0;2595;0;0;125;0;42;0;
18815;3035814;1185595392;22138880;1384910848;0;0;0;0;0;0;0;0;0;0;0;2825;0;0;125;0;42;0;
18816;4788891;1185595392;22138880;1384910848;0;0;0;0;0;0;0;0;0;0;0;2735;0;0;125;0;42;0;
18817;2938982;1185595392;22138880;1384910848;0;0;0;0;0;0;0;0;0;0;0;2775;0;0;125;0;42;0;
18818;4756260;1185595392;22138880;1384910848;0;0;0;0;0;0;0;0;0;0;0;2525;0;0;125;0;42;0;
18819;3073775;1185595392;22138880;1384910848;0;0;0;0;0;0;0;0;0;0;0;2675;0;0;125;0;42;0;
18820;4523633;1185595392;22138880;1384910848;0;0;0;0;0;0;0;0;0;0;0;2614;0;0;125;0;42;0;
18821;2994055;1185595392;22138880;1384910848;0;0;0;0;0;0;0;0;0;0;0;2996;0;0;125;0;42;0;
18822;4557096;1185595392;22138880;1384910848;0;0;0;0;0;0;0;0;0;0;0;2295;0;0;125;0;42;0;
18823;3129168;1185595392;22138880;1384910848;0;0;0;0;0;0;0;0;0;0;0;3136;0;0;125;0;42;0;
18824;5150229;1185595392;22138880;1384910848;0;0;0;0;0;0;0;0;0;0;0;2615;0;0;125;0;42;0;
18825;2875322;1185595392;22138880;1384910848;0;0;0;0;0;0;0;0;0;0;0;3597;0;0;125;0;42;0;
18826;4916269;1185595392;22138880;1384910848;0;0;0;0;0;0;0;0;0;0;0;2194;0;0;125;0;42;0;
18827;2926649;1185595392;22138880;1384910848;0;0;0;0;0;0;0;0;0;0;0;3045;0;0;125;0;42;0;
18828;5558574;1185595392;22138880;1384910848;0;0;0;0;0;0;0;0;0;0;0;2846;0;0;125;0;42;0;
18829;5827218;1185595392;22138880;1384910848;0;0;0;0;0;0;0;0;0;0;0;4088;0;0;125;0;42;0;
18830;5276465;1185595392;22138880;1384910848;0;0;0;0;0;0;0;0;0;0;0;2815;0;0;125;0;42;0;
18831;3427277;1185595392;22138880;1384910848;0;0;0;0;0;0;0;0;0;0;0;2926;0;0;125;0;42;0;
18832;5246629;1185595392;22138880;1384910848;0;0;0;0;0;0;0;0;0;0;0;2084;0;0;125;0;42;0;
18833;3780761;1185595392;22138880;1384910848;0;0;0;0;0;0;0;0;0;0;0;2805;0;0;125;0;42;0;
18834;5416327;1185595392;22138880;1384910848;0;0;0;0;0;0;0;0;0;0;0;2865;0;0;125;0;42;0;
18835;5058797;1185595392;22138880;1384910848;0;0;0;0;0;0;0;0;0;0;0;3447;0;0;125;0;42;0;
18836;5885337;1185595392;22138880;1384910848;0;0;0;0;0;0;0;0;0;0;0;2825;0;0;125;0;42;0;
18837;3518609;1185595392;22138880;1384910848;0;0;0;0;0;0;0;0;0;0;0;3066;0;0;125;0;42;0;
18838;4748846;1185595392;22138880;1384910848;0;0;0;0;0;0;0;0;0;0;0;2084;0;0;125;0;42;0;
18839;4081504;1185595392;22138880;1384910848;0;0;0;0;0;0;0;0;0;0;0;3526;0;0;125;0;42;0;
18840;4950825;1185595392;22138880;1384910848;0;0;0;0;0;0;0;0;0;0;0;3787;0;0;125;0;42;0;
18841;2798097;1185595392;22138880;1384910848;0;0;0;0;0;0;0;0;0;0;0;2655;0;0;125;0;42;0;
18842;4919185;1185595392;22138880;1384910848;0;0;0;0;0;0;0;0;0;0;0;2395;0;0;125;0;42;0;
18843;3091998;1185595392;22138880;1384910848;0;0;0;0;0;0;0;0;0;0;0;2535;0;0;125;0;42;0;
18844;4827834;1185595392;22138880;1384910848;0;0;0;0;0;0;0;0;0;0;0;2204;0;0;125;0;42;0;
18845;3279951;1185595392;22138880;1384910848;0;0;0;0;0;0;0;0;0;0;0;2595;0;0;125;0;42;0;
18846;5774379;1185595392;22138880;1384910848;0;0;0;0;0;0;0;0;0;0;0;3056;0;0;125;0;42;0;
18847;3203267;1185595392;22147072;1384919040;0;0;0;0;0;0;0;0;0;0;0;2485;0;0;125;0;42;0;
18848;4694304;1185595392;22147072;1384919040;0;0;0;0;0;0;0;0;0;0;0;2355;0;0;125;0;42;0;
18849;2767991;1185595392;22147072;1384919040;0;0;0;0;0;0;0;0;0;0;0;3085;0;0;125;0;42;0;
18850;5135241;1185595392;22147072;1384919040;0;0;0;0;0;0;0;0;0;0;0;3237;0;0;125;0;42;0;
18851;4658075;1185595392;22147072;1384919040;0;0;0;0;0;0;0;0;0;0;0;4309;0;0;125;0;42;0;
18852;4822504;1185595392;22147072;1384919040;0;0;0;0;0;0;0;0;0;0;0;3697;0;0;125;0;42;0;
18853;3113839;1185624064;22138880;1384910848;0;0;0;0;0;0;0;0;0;0;0;3768;0;0;125;0;42;0;
18854;5397191;1185624064;22138880;1384910848;0;0;0;0;0;0;0;0;0;0;0;3236;0;0;125;0;42;0;
18855;2740960;1185624064;22138880;1384910848;0;0;0;0;0;0;0;0;0;0;0;3236;0;0;125;0;42;0;
18856;4488277;1185624064;22138880;1384910848;0;0;0;0;0;0;0;0;0;0;0;2735;0;0;125;0;42;0;
18857;3492099;1185624064;22138880;1384910848;0;0;0;0;0;0;0;0;0;0;0;3196;0;0;125;0;42;0;
18858;5255466;1185624064;22138880;1384910848;0;0;0;0;0;0;0;0;0;0;0;2305;0;0;125;0;42;0;
18859;2869120;1185624064;22138880;1384910848;0;0;0;0;0;0;0;0;0;0;0;2886;0;0;125;0;42;0;
18860;4529374;1185624064;22138880;1384910848;0;0;0;0;0;0;0;0;0;0;0;2535;0;0;125;0;42;0;
18861;5919461;1185624064;22138880;1384910848;0;0;0;0;0;0;0;0;0;0;0;5941;0;0;125;0;42;0;
18862;7654795;1185624064;22138880;1384910848;0;0;0;0;0;0;0;0;0;0;0;2996;0;0;125;0;42;0;
18863;7764251;1185624064;22138880;1384910848;0;0;0;0;0;0;0;0;0;0;0;3196;0;0;125;0;42;0;
18864;5502870;1185624064;22138880;1384910848;0;0;0;0;0;0;0;0;0;0;0;2635;0;0;125;0;42;0;
18865;5141552;1185624064;22138880;1384910848;0;0;0;0;0;0;0;0;0;0;0;3847;0;0;125;0;42;0;
18866;5986216;1185624064;22138880;1384910848;0;0;0;0;0;0;0;0;0;0;0;3366;0;0;125;0;42;0;
18867;5139298;1185624064;22138880;1384910848;0;0;0;0;0;0;0;0;0;0;0;3677;0;0;125;0;42;0;
18868;5770703;1185624064;22138880;1384910848;0;0;0;0;0;0;0;0;0;0;0;2625;0;0;125;0;42;0;
18869;4532550;1185624064;22138880;1384910848;0;0;0;0;0;0;0;0;0;0;0;3627;0;0;125;0;42;0;
18870;5433711;1185624064;22138880;1384910848;0;0;0;0;0;0;0;0;0;0;0;3376;0;0;125;0;42;0;
18871;5247972;1185624064;22138880;1384910848;0;0;0;0;0;0;0;0;0;0;0;3136;0;0;125;0;42;0;
18872;5403554;1185624064;22138880;1384910848;0;0;0;0;0;0;0;0;0;0;0;2745;0;0;125;0;42;0;
18873;5360233;1185624064;22138880;1384910848;0;0;0;0;0;0;0;0;0;0;0;3597;0;0;125;0;42;0;
18874;5521926;1185624064;22138880;1384910848;0;0;0;0;0;0;0;0;0;0;0;2835;0;0;125;0;42;0;
18875;5598199;1185624064;22138880;1384910848;0;0;0;0;0;0;0;0;0;0;0;3827;0;0;125;0;42;0;
18876;6099088;1185624064;22138880;1384910848;0;0;0;0;0;0;0;0;0;0;0;3296;0;0;125;0;42;0;
18877;4533292;1185624064;22138880;1384910848;0;0;0;0;0;0;0;0;0;0;0;4098;0;0;125;0;42;0;
18878;4974479;1185624064;22138880;1384910848;0;0;0;0;0;0;0;0;0;0;0;2635;0;0;125;0;42;0;
18879;4585510;1185624064;22138880;1384910848;0;0;0;0;0;0;0;0;0;0;0;3517;0;0;125;0;42;0;
18880;5272988;1185624064;22138880;1384910848;0;0;0;0;0;0;0;0;0;0;0;3045;0;0;125;0;42;0;
18881;5093031;1185624064;22138880;1384910848;0;0;0;0;0;0;0;0;0;0;0;4097;0;0;125;0;42;0;
18882;7591096;1185624064;22138880;1384910848;0;0;0;0;0;0;0;0;0;0;0;2645;0;0;125;0;42;0;
18883;8459625;1185624064;22138880;1384910848;0;0;0;0;0;0;0;0;0;0;0;3287;0;0;125;0;42;0;
18884;5825746;1185624064;22138880;1384910848;0;0;0;0;0;0;0;0;0;0;0;3366;0;0;125;0;42;0;
18885;4597262;1185624064;22138880;1384910848;0;0;0;0;0;0;0;0;0;0;0;3507;0;0;125;0;42;0;
18886;5204270;1185624064;22138880;1384910848;0;0;0;0;0;0;0;0;0;0;0;2535;0;0;125;0;42;0;
18887;5394136;1185624064;22138880;1384910848;0;0;0;0;0;0;0;0;0;0;0;3616;0;0;125;0;42;0;
18888;5191747;1185624064;22138880;1384910848;0;0;0;0;0;0;0;0;0;0;0;3146;0;0;125;0;42;0;
18889;4414839;1185624064;22138880;1384910848;0;0;0;0;0;0;0;0;0;0;0;3417;0;0;125;0;42;0;
18890;6279636;1185624064;22138880;1384910848;0;0;0;0;0;0;0;0;0;0;0;2715;0;0;125;0;42;0;
18891;4827123;1185624064;22138880;1384910848;0;0;0;0;0;0;0;0;0;0;0;3176;0;0;125;0;42;0;
18892;5222114;1185624064;22138880;1384910848;0;0;0;0;0;0;0;0;0;0;0;2795;0;0;125;0;42;0;
18893;4533061;1185624064;22138880;1384910848;0;0;0;0;0;0;0;0;0;0;0;3376;0;0;125;0;42;0;
18894;5955659;1185624064;22138880;1384910848;0;0;0;0;0;0;0;0;0;0;0;2795;0;0;125;0;42;0;
18895;4634912;1185624064;22138880;1384910848;0;0;0;0;0;0;0;0;0;0;0;3597;0;0;125;0;42;0;
18896;4913505;1185624064;22138880;1384910848;0;0;0;0;0;0;0;0;0;0;0;3316;0;0;125;0;42;0;
18897;4843974;1185624064;22138880;1384910848;0;0;0;0;0;0;0;0;0;0;0;3907;0;0;125;0;42;0;
18898;5363608;1185624064;22138880;1384910848;0;0;0;0;0;0;0;0;0;0;0;2564;0;0;125;0;42;0;
18899;4773793;1185624064;22138880;1384910848;0;0;0;0;0;0;0;0;0;0;0;3377;0;0;125;0;42;0;
18900;5327812;1185624064;22138880;1384910848;0;0;0;0;0;0;0;0;0;0;0;3035;0;0;125;0;42;0;
18901;4728488;1185624064;22138880;1384910848;0;0;0;0;0;0;0;0;0;0;0;3336;0;0;125;0;42;0;
18902;5178652;1185624064;22138880;1384910848;0;0;0;0;0;0;0;0;0;0;0;2594;0;0;125;0;42;0;
18903;5643614;1185624064;22138880;1384910848;0;0;0;0;0;0;0;0;0;0;0;3426;0;0;125;0;42;0;
18904;5269532;1185624064;22138880;1384910848;0;0;0;0;0;0;0;0;0;0;0;3066;0;0;125;0;42;0;
18905;5456793;1185624064;22138880;1384910848;0;0;0;0;0;0;0;0;0;0;0;3957;0;0;125;0;42;0;
18906;5920773;1185624064;22138880;1384910848;0;0;0;0;0;0;0;0;0;0;0;2966;0;0;125;0;42;0;
18907;4998063;1185624064;22138880;1384910848;0;0;0;0;0;0;0;0;0;0;0;3867;0;0;125;0;42;0;
18908;5043618;1185624064;22138880;1384910848;0;0;0;0;0;0;0;0;0;0;0;3457;0;0;125;0;42;0;
18909;5080538;1185624064;22138880;1384910848;0;0;0;0;0;0;0;0;0;0;0;3937;0;0;125;0;42;0;
18910;5128859;1185624064;22138880;1384910848;0;0;0;0;0;0;0;0;0;0;0;3106;0;0;125;0;42;0;
18911;4913325;1185624064;22138880;1384910848;0;0;0;0;0;0;0;0;0;0;0;3838;0;0;125;0;42;0;
18912;5167000;1185624064;22138880;1384910848;0;0;0;0;0;0;0;0;0;0;0;3186;0;0;125;0;42;0;
18913;4701287;1185624064;22138880;1384910848;0;0;0;0;0;0;0;0;0;0;0;3697;0;0;125;0;42;0;
18914;4902143;1185624064;22138880;1384910848;0;0;0;0;0;0;0;0;0;0;0;2905;0;0;125;0;42;0;
18915;4892575;1185624064;22138880;1384910848;0;0;0;0;0;0;0;0;0;0;0;3437;0;0;125;0;42;0;
18916;5108790;1185624064;22138880;1384910848;0;0;0;0;0;0;0;0;0;0;0;3086;0;0;125;0;42;0;
18917;4937660;1185624064;22138880;1384910848;0;0;0;0;0;0;0;0;0;0;0;4117;0;0;125;0;42;0;
18918;5060941;1185624064;22138880;1384910848;0;0;0;0;0;0;0;0;0;0;0;2735;0;0;125;0;42;0;
18919;5119771;1185624064;22138880;1384910848;0;0;0;0;0;0;0;0;0;0;0;3076;0;0;125;0;42;0;
18920;6093878;1185624064;22138880;1384910848;0;0;0;0;0;0;0;0;0;0;0;3396;0;0;125;0;42;0;
18921;4208653;1185624064;22138880;1384910848;0;0;0;0;0;0;0;0;0;0;0;3226;0;0;125;0;42;0;
18922;5356115;1185624064;22138880;1384910848;0;0;0;0;0;0;0;0;0;0;0;2946;0;0;125;0;42;0;
18923;6210417;1185624064;22138880;1384910848;0;0;0;0;0;0;0;0;0;0;0;3506;0;0;125;0;42;0;
18924;5373908;1185624064;22138880;1384910848;0;0;0;0;0;0;0;0;0;0;0;3025;0;0;125;0;42;0;
18925;4757903;1185624064;22138880;1384910848;0;0;0;0;0;0;0;0;0;0;0;3306;0;0;125;0;42;0;
18926;5910134;1185624064;22138880;1384910848;0;0;0;0;0;0;0;0;0;0;0;2695;0;0;125;0;42;0;
18927;4730121;1185624064;22138880;1384910848;0;0;0;0;0;0;0;0;0;0;0;3507;0;0;125;0;42;0;
18928;6055266;1185624064;22138880;1384910848;0;0;0;0;0;0;0;0;0;0;0;3336;0;0;125;0;42;0;
18929;4577585;1185624064;22138880;1384910848;0;0;0;0;0;0;0;0;0;0;0;3477;0;0;125;0;42;0;
18930;5290121;1185624064;22138880;1384910848;0;0;0;0;0;0;0;0;0;0;0;3286;0;0;125;0;42;0;
18931;4968918;1185624064;22138880;1384910848;0;0;0;0;0;0;0;0;0;0;0;3798;0;0;125;0;42;0;
18932;5312614;1185624064;22138880;1384910848;0;0;0;0;0;0;0;0;0;0;0;2956;0;0;125;0;42;0;
18933;5141152;1185624064;22138880;1384910848;0;0;0;0;0;0;0;0;0;0;0;3757;0;0;125;0;42;0;
18934;5564335;1185624064;22138880;1384910848;0;0;0;0;0;0;0;0;0;0;0;3106;0;0;125;0;42;0;
18935;4804190;1185624064;22138880;1384910848;0;0;0;0;0;0;0;0;0;0;0;3747;0;0;125;0;42;0;
18936;6021843;1185624064;22138880;1384910848;0;0;0;0;0;0;0;0;0;0;0;3336;0;0;125;0;42;0;
18937;5410577;1185624064;22138880;1384910848;0;0;0;0;0;0;0;0;0;0;0;3567;0;0;125;0;42;0;
18938;4944873;1185624064;22138880;1384910848;0;0;0;0;0;0;0;0;0;0;0;2545;0;0;125;0;42;0;
18939;5205382;1185624064;22138880;1384910848;0;0;0;0;0;0;0;0;0;0;0;2826;0;0;125;0;42;0;
18940;5321069;1185624064;22138880;1384910848;0;0;0;0;0;0;0;0;0;0;0;2935;0;0;125;0;42;0;
18941;4662504;1185624064;22138880;1384910848;0;0;0;0;0;0;0;0;0;0;0;3637;0;0;125;0;42;0;
18942;5304417;1185624064;22138880;1384910848;0;0;0;0;0;0;0;0;0;0;0;3527;0;0;125;0;42;0;
18943;4329018;1185624064;22138880;1384910848;0;0;0;0;0;0;0;0;0;0;0;3597;0;0;125;0;42;0;
18944;5191847;1185624064;22138880;1384910848;0;0;0;0;0;0;0;0;0;0;0;2785;0;0;125;0;42;0;
18945;4848753;1185624064;22138880;1384910848;0;0;0;0;0;0;0;0;0;0;0;3637;0;0;125;0;42;0;
18946;5111386;1185624064;22138880;1384910848;0;0;0;0;0;0;0;0;0;0;0;2935;0;0;125;0;42;0;
18947;4934824;1185624064;22138880;1384910848;0;0;0;0;0;0;0;0;0;0;0;3406;0;0;125;0;42;0;
18948;4891724;1185624064;22138880;1384910848;0;0;0;0;0;0;0;0;0;0;0;2946;0;0;125;0;42;0;
18949;4939173;1185624064;22138880;1384910848;0;0;0;0;0;0;0;0;0;0;0;3506;0;0;125;0;42;0;
18950;5300982;1185624064;22138880;1384910848;0;0;0;0;0;0;0;0;0;0;0;2545;0;0;125;0;42;0;
18951;5260986;1185624064;22138880;1384910848;0;0;0;0;0;0;0;0;0;0;0;3316;0;0;125;0;42;0;
18952;5756115;1185624064;22138880;1384910848;0;0;0;0;0;0;0;0;0;0;0;3236;0;0;125;0;42;0;
18953;4255872;1185624064;22138880;1384910848;0;0;0;0;0;0;0;0;0;0;0;3937;0;0;125;0;42;0;
18954;5243123;1185624064;22138880;1384910848;0;0;0;0;0;0;0;0;0;0;0;2585;0;0;125;0;42;0;
18955;5689991;1185624064;22138880;1384910848;0;0;0;0;0;0;0;0;0;0;0;106890;0;0;125;0;42;0;
18956;6111011;1185624064;22138880;1384910848;0;0;0;0;0;0;0;0;0;0;0;3086;0;0;125;0;42;0;
18957;4704823;1185624064;22138880;1384910848;0;0;0;0;0;0;0;0;0;0;0;4168;0;0;125;0;42;0;
18958;5986497;1185624064;22138880;1384910848;0;0;0;0;0;0;0;0;0;0;0;3066;0;0;125;0;42;0;
18959;5219799;1185624064;22138880;1384910848;0;0;0;0;0;0;0;0;0;0;0;3597;0;0;125;0;42;0;
18960;6226608;1185624064;22138880;1384910848;0;0;0;0;0;0;0;0;0;0;0;3246;0;0;125;0;42;0;
18961;5563814;1185624064;22138880;1384910848;0;0;0;0;0;0;0;0;0;0;0;4218;0;0;125;0;42;0;
18962;5192318;1185624064;22138880;1384910848;0;0;0;0;0;0;0;0;0;0;0;3226;0;0;125;0;42;0;
18963;5205352;1185624064;22138880;1384910848;0;0;0;0;0;0;0;0;0;0;0;3567;0;0;125;0;42;0;
18964;5659314;1185624064;22138880;1384910848;0;0;0;0;0;0;0;0;0;0;0;3576;0;0;125;0;42;0;
18965;4802677;1185624064;22138880;1384910848;0;0;0;0;0;0;0;0;0;0;0;4138;0;0;125;0;42;0;
18966;5600844;1185624064;22138880;1384910848;0;0;0;0;0;0;0;0;0;0;0;3226;0;0;125;0;42;0;
18967;5700200;1185624064;22138880;1384910848;0;0;0;0;0;0;0;0;0;0;0;3556;0;0;125;0;42;0;
18968;5981648;1185624064;22138880;1384910848;0;0;0;0;0;0;0;0;0;0;0;2785;0;0;125;0;42;0;
18969;4773973;1185624064;22138880;1384910848;0;0;0;0;0;0;0;0;0;0;0;3367;0;0;125;0;42;0;
18970;4873159;1185624064;22138880;1384910848;0;0;0;0;0;0;0;0;0;0;0;3075;0;0;125;0;42;0;
18971;4555423;1185624064;22138880;1384910848;0;0;0;0;0;0;0;0;0;0;0;3537;0;0;125;0;42;0;
18972;5211493;1185624064;22138880;1384910848;0;0;0;0;0;0;0;0;0;0;0;3086;0;0;125;0;42;0;
18973;5199691;1185624064;22138880;1384910848;0;0;0;0;0;0;0;0;0;0;0;4288;0;0;125;0;42;0;
18974;5335265;1185624064;22138880;1384910848;0;0;0;0;0;0;0;0;0;0;0;2675;0;0;125;0;42;0;
18975;4265650;1185624064;22138880;1384910848;0;0;0;0;0;0;0;0;0;0;0;3356;0;0;125;0;42;0;
18976;5638885;1185624064;22138880;1384910848;0;0;0;0;0;0;0;0;0;0;0;2885;0;0;125;0;42;0;
18977;4883629;1185624064;22138880;1384910848;0;0;0;0;0;0;0;0;0;0;0;3486;0;0;125;0;42;0;
18978;5476170;1185624064;22138880;1384910848;0;0;0;0;0;0;0;0;0;0;0;3116;0;0;125;0;42;0;
18979;3974013;1185624064;22138880;1384910848;0;0;0;0;0;0;0;0;0;0;0;3837;0;0;125;0;42;0;
18980;5138576;1185624064;22138880;1384910848;0;0;0;0;0;0;0;0;0;0;0;3406;0;0;125;0;42;0;
18981;5308445;1185624064;22138880;1384910848;0;0;0;0;0;0;0;0;0;0;0;3447;0;0;125;0;42;0;
18982;5304578;1185624064;22138880;1384910848;0;0;0;0;0;0;0;0;0;0;0;3376;0;0;125;0;42;0;
18983;5273600;1185624064;22138880;1384910848;0;0;0;0;0;0;0;0;0;0;0;4177;0;0;125;0;42;0;
18984;5399196;1185624064;22138880;1384910848;0;0;0;0;0;0;0;0;0;0;0;2965;0;0;125;0;42;0;
18985;4943140;1185624064;22138880;1384910848;0;0;0;0;0;0;0;0;0;0;0;4719;0;0;125;0;42;0;
18986;5322010;1185624064;22138880;1384910848;0;0;0;0;0;0;0;0;0;0;0;3236;0;0;125;0;42;0;
18987;5230169;1185624064;22138880;1384910848;0;0;0;0;0;0;0;0;0;0;0;3657;0;0;125;0;42;0;
18988;4956365;1185624064;22138880;1384910848;0;0;0;0;0;0;0;0;0;0;0;3106;0;0;125;0;42;0;
18989;5348310;1185624064;22138880;1384910848;0;0;0;0;0;0;0;0;0;0;0;3857;0;0;125;0;42;0;
18990;6226717;1185624064;22138880;1384910848;0;0;0;0;0;0;0;0;0;0;0;3156;0;0;125;0;42;0;
18991;5287115;1185624064;22138880;1384910848;0;0;0;0;0;0;0;0;0;0;0;3426;0;0;125;0;42;0;
18992;5916316;1185624064;22138880;1384910848;0;0;0;0;0;0;0;0;0;0;0;3066;0;0;125;0;42;0;
18993;5069146;1185624064;22138880;1384910848;0;0;0;0;0;0;0;0;0;0;0;3527;0;0;125;0;42;0;
18994;5094013;1185624064;22138880;1384910848;0;0;0;0;0;0;0;0;0;0;0;3246;0;0;125;0;42;0;
18995;5095756;1185624064;22138880;1384910848;0;0;0;0;0;0;0;0;0;0;0;3968;0;0;125;0;42;0;
18996;5062785;1185624064;22138880;1384910848;0;0;0;0;0;0;0;0;0;0;0;3076;0;0;125;0;42;0;
18997;5068375;1185624064;22138880;1384910848;0;0;0;0;0;0;0;0;0;0;0;3687;0;0;125;0;42;0;
18998;5189823;1185624064;22138880;1384910848;0;0;0;0;0;0;0;0;0;0;0;2735;0;0;125;0;42;0;
18999;5248653;1185624064;22138880;1384910848;0;0;0;0;0;0;0;0;0;0;0;3446;0;0;125;0;42;0;
19000;5338252;1185624064;22138880;1384910848;0;0;0;0;0;0;0;0;0;0;0;3276;0;0;125;0;42;0;
19001;6216849;1185624064;22138880;1384910848;0;0;0;0;0;0;0;0;0;0;0;4208;0;0;125;0;42;0;
19002;5070379;1185624064;22138880;1384910848;0;0;0;0;0;0;0;0;0;0;0;3246;0;0;125;0;42;0;
19003;4907052;1185624064;22138880;1384910848;0;0;0;0;0;0;0;0;0;0;0;3576;0;0;125;0;42;0;
19004;5023371;1185624064;22138880;1384910848;0;0;0;0;0;0;0;0;0;0;0;3126;0;0;125;0;42;0;
19005;4925938;1185624064;22138880;1384910848;0;0;0;0;0;0;0;0;0;0;0;4288;0;0;125;0;42;0;
19006;5378326;1185624064;22138880;1384910848;0;0;0;0;0;0;0;0;0;0;0;3236;0;0;125;0;42;0;
19007;7370973;1185624064;22138880;1384910848;0;0;0;0;0;0;0;0;0;0;0;59832;0;0;125;0;42;0;
19008;7175317;1185624064;22138880;1384910848;0;0;0;0;0;0;0;0;0;0;0;6211;0;0;125;0;42;0;
19009;5390189;1185624064;22138880;1384910848;0;0;0;0;0;0;0;0;0;0;0;4107;0;0;125;0;42;0;
19010;5006619;1185624064;22138880;1384910848;0;0;0;0;0;0;0;0;0;0;0;2985;0;0;125;0;42;0;
19011;4354777;1185624064;22138880;1384910848;0;0;0;0;0;0;0;0;0;0;0;3427;0;0;125;0;42;0;
19012;4854234;1185624064;22138880;1384910848;0;0;0;0;0;0;0;0;0;0;0;2876;0;0;125;0;42;0;
19013;3735706;1185624064;22138880;1384910848;0;0;0;0;0;0;0;0;0;0;0;4108;0;0;125;0;42;0;
19014;4982143;1185624064;22138880;1384910848;0;0;0;0;0;0;0;0;0;0;0;2776;0;0;125;0;42;0;
19015;3997968;1185624064;22138880;1384910848;0;0;0;0;0;0;0;0;0;0;0;4028;0;0;125;0;42;0;
19016;4987393;1185624064;22138880;1384910848;0;0;0;0;0;0;0;0;0;0;0;2845;0;0;125;0;42;0;
19017;4088618;1185624064;22138880;1384910848;0;0;0;0;0;0;0;0;0;0;0;3967;0;0;125;0;42;0;
19018;4855325;1185624064;22138880;1384910848;0;0;0;0;0;0;0;0;0;0;0;2715;0;0;125;0;42;0;
19019;4330130;1185624064;22138880;1384910848;0;0;0;0;0;0;0;0;0;0;0;3446;0;0;125;0;42;0;
19020;5101116;1185624064;22138880;1384910848;0;0;0;0;0;0;0;0;0;0;0;2715;0;0;125;0;42;0;
19021;4400232;1185624064;22138880;1384910848;0;0;0;0;0;0;0;0;0;0;0;3497;0;0;125;0;42;0;
19022;5093733;1185624064;22138880;1384910848;0;0;0;0;0;0;0;0;0;0;0;3186;0;0;125;0;42;0;
19023;3496057;1185624064;22138880;1384910848;0;0;0;0;0;0;0;0;0;0;0;4058;0;0;125;0;42;0;
19024;5035634;1185624064;22138880;1384910848;0;0;0;0;0;0;0;0;0;0;0;2565;0;0;125;0;42;0;
19025;4479762;1185624064;22138880;1384910848;0;0;0;0;0;0;0;0;0;0;0;4108;0;0;125;0;42;0;
19026;4895862;1185624064;22138880;1384910848;0;0;0;0;0;0;0;0;0;0;0;3146;0;0;125;0;42;0;
19027;3828119;1185624064;22138880;1384910848;0;0;0;0;0;0;0;0;0;0;0;3787;0;0;125;0;42;0;
19028;4932110;1185624064;22138880;1384910848;0;0;0;0;0;0;0;0;0;0;0;3777;0;0;125;0;42;0;
19029;4033674;1185624064;22138880;1384910848;0;0;0;0;0;0;0;0;0;0;0;3306;0;0;125;0;42;0;
19030;5194532;1185624064;22138880;1384910848;0;0;0;0;0;0;0;0;0;0;0;3687;0;0;125;0;42;0;
19031;4463420;1185624064;22138880;1384910848;0;0;0;0;0;0;0;0;0;0;0;7293;0;0;125;0;42;0;
19032;5992238;1185624064;22138880;1384910848;0;0;0;0;0;0;0;0;0;0;0;5911;0;0;125;0;42;0;
19033;5692035;1185624064;22138880;1384910848;0;0;0;0;0;0;0;0;0;0;0;6061;0;0;125;0;42;0;
19034;5595514;1185624064;22138880;1384910848;0;0;0;0;0;0;0;0;0;0;0;5721;0;0;125;0;42;0;
19035;6016543;1185624064;22138880;1384910848;0;0;0;0;0;0;0;0;0;0;0;6492;0;0;125;0;42;0;
19036;5610081;1185624064;22138880;1384910848;0;0;0;0;0;0;0;0;0;0;0;4478;0;0;125;0;42;0;
19037;2983576;1185624064;22138880;1384910848;0;0;0;0;0;0;0;0;0;0;0;3436;0;0;125;0;42;0;
19038;4918935;1185624064;22138880;1384910848;0;0;0;0;0;0;0;0;0;0;0;3507;0;0;125;0;42;0;
19039;3387733;1185624064;22138880;1384910848;0;0;0;0;0;0;0;0;0;0;0;3988;0;0;125;0;42;0;
19040;5403934;1185624064;22138880;1384910848;0;0;0;0;0;0;0;0;0;0;0;3847;0;0;125;0;42;0;
19041;3596395;1185624064;22138880;1384910848;0;0;0;0;0;0;0;0;0;0;0;3266;0;0;125;0;42;0;
19042;5337811;1185624064;22138880;1384910848;0;0;0;0;0;0;0;0;0;0;0;3727;0;0;125;0;42;0;
19043;3532604;1185624064;22138880;1384910848;0;0;0;0;0;0;0;0;0;0;0;3586;0;0;125;0;42;0;
19044;5038589;1185624064;22138880;1384910848;0;0;0;0;0;0;0;0;0;0;0;3126;0;0;125;0;42;0;
19045;3125612;1185624064;22138880;1384910848;0;0;0;0;0;0;0;0;0;0;0;3557;0;0;125;0;42;0;
19046;4778191;1185624064;22138880;1384910848;0;0;0;0;0;0;0;0;0;0;0;3447;0;0;125;0;42;0;
19047;3183490;1185624064;22138880;1384910848;0;0;0;0;0;0;0;0;0;0;0;3476;0;0;125;0;42;0;
19048;5025715;1185624064;22138880;1384910848;0;0;0;0;0;0;0;0;0;0;0;2755;0;0;125;0;42;0;
19049;2670037;1185624064;22138880;1384910848;0;0;0;0;0;0;0;0;0;0;0;3838;0;0;125;0;42;0;
19050;4703430;1185624064;22138880;1384910848;0;0;0;0;0;0;0;0;0;0;0;2154;0;0;125;0;42;0;
19051;2401263;1185624064;22138880;1384910848;0;0;0;0;0;0;0;0;0;0;0;2846;0;0;125;0;42;0;
19052;4564601;1185624064;22138880;1384910848;0;0;0;0;0;0;0;0;0;0;0;2555;0;0;125;0;42;0;
19053;2808307;1185624064;22138880;1384910848;0;0;0;0;0;0;0;0;0;0;0;2895;0;0;125;0;42;0;
19054;4564159;1185624064;22138880;1384910848;0;0;0;0;0;0;0;0;0;0;0;2905;0;0;125;0;42;0;
19055;2653386;1185624064;22138880;1384910848;0;0;0;0;0;0;0;0;0;0;0;2835;0;0;125;0;42;0;
19056;4714692;1185624064;22138880;1384910848;0;0;0;0;0;0;0;0;0;0;0;2124;0;0;125;0;42;0;
19057;2478198;1185624064;22138880;1384910848;0;0;0;0;0;0;0;0;0;0;0;2725;0;0;125;0;42;0;
19058;4620836;1185624064;22138880;1384910848;0;0;0;0;0;0;0;0;0;0;0;2354;0;0;125;0;42;0;
19059;2848372;1185624064;22138880;1384910848;0;0;0;0;0;0;0;0;0;0;0;2895;0;0;125;0;42;0;
19060;4413838;1185624064;22138880;1384910848;0;0;0;0;0;0;0;0;0;0;0;2174;0;0;125;0;42;0;
19061;2882566;1185624064;22138880;1384910848;0;0;0;0;0;0;0;0;0;0;0;3206;0;0;125;0;42;0;
19062;5420636;1185624064;22138880;1384910848;0;0;0;0;0;0;0;0;0;0;0;2184;0;0;125;0;42;0;
19063;5177560;1185624064;22138880;1384910848;0;0;0;0;0;0;0;0;0;0;0;2775;0;0;125;0;42;0;
19064;4913555;1185624064;22138880;1384910848;0;0;0;0;0;0;0;0;0;0;0;2324;0;0;125;0;42;0;
19065;5558093;1185624064;22138880;1384910848;0;0;0;0;0;0;0;0;0;0;0;6783;0;0;125;0;42;0;
19066;6227519;1185624064;22138880;1384910848;0;0;0;0;0;0;0;0;0;0;0;4548;0;0;125;0;42;0;
19067;4465535;1185624064;22138880;1384910848;0;0;0;0;0;0;0;0;0;0;0;3877;0;0;125;0;42;0;
19068;5429202;1185624064;22138880;1384910848;0;0;0;0;0;0;0;0;0;0;0;3897;0;0;125;0;42;0;
19069;3965657;1185624064;22138880;1384910848;0;0;0;0;0;0;0;0;0;0;0;3346;0;0;125;0;42;0;
19070;5486680;1185624064;22138880;1384910848;0;0;0;0;0;0;0;0;0;0;0;4449;0;0;125;0;42;0;
19071;4320483;1185624064;22138880;1384910848;0;0;0;0;0;0;0;0;0;0;0;3927;0;0;125;0;42;0;
19072;5597588;1185624064;22138880;1384910848;0;0;0;0;0;0;0;0;0;0;0;4258;0;0;125;0;42;0;
19073;3940239;1185624064;22138880;1384910848;0;0;0;0;0;0;0;0;0;0;0;4428;0;0;125;0;42;0;
19074;5258121;1185624064;22138880;1384910848;0;0;0;0;0;0;0;0;0;0;0;3898;0;0;125;0;42;0;
19075;3900145;1185624064;22138880;1384910848;0;0;0;0;0;0;0;0;0;0;0;3657;0;0;125;0;42;0;
19076;5571519;1185624064;22138880;1384910848;0;0;0;0;0;0;0;0;0;0;0;3887;0;0;125;0;42;0;
19077;4538241;1185624064;22138880;1384910848;0;0;0;0;0;0;0;0;0;0;0;4078;0;0;125;0;42;0;
19078;5349853;1185624064;22138880;1384910848;0;0;0;0;0;0;0;0;0;0;0;3847;0;0;125;0;42;0;
19079;3951911;1185624064;22138880;1384910848;0;0;0;0;0;0;0;0;0;0;0;3897;0;0;125;0;42;0;
19080;4803168;1185624064;22138880;1384910848;0;0;0;0;0;0;0;0;0;0;0;2966;0;0;125;0;42;0;
19081;10989660;1185624064;22138880;1384910848;0;0;0;0;0;0;0;0;0;0;0;3747;0;0;125;0;42;0;
19082;4934664;1185624064;22138880;1384910848;0;0;0;0;0;0;0;0;0;0;0;2935;0;0;125;0;42;0;
19083;4924105;1185624064;22138880;1384910848;0;0;0;0;0;0;0;0;0;0;0;4379;0;0;125;0;42;0;
19084;5114261;1185624064;22138880;1384910848;0;0;0;0;0;0;0;0;0;0;0;3838;0;0;125;0;42;0;
19085;4856949;1185624064;22138880;1384910848;0;0;0;0;0;0;0;0;0;0;0;6372;0;0;125;0;42;0;
19086;5664694;1185624064;22138880;1384910848;0;0;0;0;0;0;0;0;0;0;0;3366;0;0;125;0;42;0;
19087;5290351;1185624064;22138880;1384910848;0;0;0;0;0;0;0;0;0;0;0;4398;0;0;125;0;42;0;
19088;5453087;1185624064;22138880;1384910848;0;0;0;0;0;0;0;0;0;0;0;3357;0;0;125;0;42;0;
19089;4972735;1185624064;22138880;1384910848;0;0;0;0;0;0;0;0;0;0;0;4078;0;0;125;0;42;0;
19090;5169475;1185624064;22138880;1384910848;0;0;0;0;0;0;0;0;0;0;0;3106;0;0;125;0;42;0;
19091;4662664;1185624064;22138880;1384910848;0;0;0;0;0;0;0;0;0;0;0;4008;0;0;125;0;42;0;
19092;5040152;1185624064;22138880;1384910848;0;0;0;0;0;0;0;0;0;0;0;3155;0;0;125;0;42;0;
19093;5467283;1185624064;22138880;1384910848;0;0;0;0;0;0;0;0;0;0;0;4469;0;0;125;0;42;0;
19094;5748902;1185624064;22138880;1384910848;0;0;0;0;0;0;0;0;0;0;0;4048;0;0;125;0;42;0;
19095;4839526;1185624064;22138880;1384910848;0;0;0;0;0;0;0;0;0;0;0;4118;0;0;125;0;42;0;
19096;5330377;1185624064;22138880;1384910848;0;0;0;0;0;0;0;0;0;0;0;3988;0;0;125;0;42;0;
19097;4611248;1185624064;22138880;1384910848;0;0;0;0;0;0;0;0;0;0;0;3747;0;0;125;0;42;0;
19098;5016638;1185624064;22138880;1384910848;0;0;0;0;0;0;0;0;0;0;0;3827;0;0;125;0;42;0;
19099;4489449;1185624064;22138880;1384910848;0;0;0;0;0;0;0;0;0;0;0;3737;0;0;125;0;42;0;
19100;5315288;1185624064;22138880;1384910848;0;0;0;0;0;0;0;0;0;0;0;3497;0;0;125;0;42;0;
19101;3874065;1185624064;22138880;1384910848;0;0;0;0;0;0;0;0;0;0;0;3727;0;0;125;0;42;0;
19102;4816153;1185624064;22138880;1384910848;0;0;0;0;0;0;0;0;0;0;0;3597;0;0;125;0;42;0;
19103;5085748;1185624064;22138880;1384910848;0;0;0;0;0;0;0;0;0;0;0;4037;0;0;125;0;42;0;
19104;4818747;1185624064;22138880;1384910848;0;0;0;0;0;0;0;0;0;0;0;3176;0;0;125;0;42;0;
19105;4106160;1185624064;22138880;1384910848;0;0;0;0;0;0;0;0;0;0;0;3817;0;0;125;0;42;0;
19106;5161510;1185624064;22138880;1384910848;0;0;0;0;0;0;0;0;0;0;0;2935;0;0;125;0;42;0;
19107;4972816;1185624064;22138880;1384910848;0;0;0;0;0;0;0;0;0;0;0;3978;0;0;125;0;42;0;
19108;7429132;1185624064;22138880;1384910848;0;0;0;0;0;0;0;0;0;0;0;2595;0;0;125;0;42;0;
19109;3412519;1185624064;22138880;1384910848;0;0;0;0;0;0;0;0;0;0;0;3306;0;0;125;0;42;0;
19110;4917452;1185624064;22138880;1384910848;0;0;0;0;0;0;0;0;0;0;0;2264;0;0;125;0;42;0;
19111;2133692;1185624064;22138880;1384910848;0;0;0;0;0;0;0;0;0;0;0;2715;0;0;125;0;42;0;
19112;4626807;1185624064;22138880;1384910848;0;0;0;0;0;0;0;0;0;0;0;2134;0;0;125;0;42;0;
19113;3753068;1185624064;22138880;1384910848;0;0;0;0;0;0;0;0;0;0;0;51306;0;0;125;0;42;0;
19114;4654188;1185624064;22138880;1384910848;0;0;0;0;0;0;0;0;0;0;0;2244;0;0;125;0;42;0;
19115;2890991;1185624064;22138880;1384910848;0;0;0;0;0;0;0;0;0;0;0;2375;0;0;125;0;42;0;
19116;4527862;1185624064;22138880;1384910848;0;0;0;0;0;0;0;0;0;0;0;2475;0;0;125;0;42;0;
19117;3510223;1185624064;22138880;1384910848;0;0;0;0;0;0;0;0;0;0;0;2665;0;0;125;0;42;0;
19118;4774054;1185624064;22138880;1384910848;0;0;0;0;0;0;0;0;0;0;0;2575;0;0;125;0;42;0;
19119;2733587;1185624064;22138880;1384910848;0;0;0;0;0;0;0;0;0;0;0;2635;0;0;125;0;42;0;
19120;4699463;1185624064;22138880;1384910848;0;0;0;0;0;0;0;0;0;0;0;2053;0;0;125;0;42;0;
19121;2548589;1185624064;22138880;1384910848;0;0;0;0;0;0;0;0;0;0;0;2665;0;0;125;0;42;0;
19122;4773011;1185624064;22138880;1384910848;0;0;0;0;0;0;0;0;0;0;0;2054;0;0;125;0;42;0;
19123;2420529;1185624064;22138880;1384910848;0;0;0;0;0;0;0;0;0;0;0;2745;0;0;125;0;42;0;
19124;4748145;1185624064;22138880;1384910848;0;0;0;0;0;0;0;0;0;0;0;2184;0;0;125;0;42;0;
19125;2874631;1185624064;22138880;1384910848;0;0;0;0;0;0;0;0;0;0;0;2855;0;0;125;0;42;0;
19126;5019443;1185624064;22138880;1384910848;0;0;0;0;0;0;0;0;0;0;0;2164;0;0;125;0;42;0;
19127;3249123;1185624064;22138880;1384910848;0;0;0;0;0;0;0;0;0;0;0;2695;0;0;125;0;42;0;
19128;4396635;1185624064;22138880;1384910848;0;0;0;0;0;0;0;0;0;0;0;2074;0;0;125;0;42;0;
19129;2466987;1185624064;22138880;1384910848;0;0;0;0;0;0;0;0;0;0;0;2325;0;0;125;0;42;0;
19130;4883909;1185624064;22138880;1384910848;0;0;0;0;0;0;0;0;0;0;0;2094;0;0;125;0;42;0;
19131;3089013;1185624064;22138880;1384910848;0;0;0;0;0;0;0;0;0;0;0;2455;0;0;125;0;42;0;
19132;4830850;1185624064;22138880;1384910848;0;0;0;0;0;0;0;0;0;0;0;2335;0;0;125;0;42;0;
19133;3910213;1185624064;22138880;1384910848;0;0;0;0;0;0;0;0;0;0;0;2905;0;0;125;0;42;0;
19134;5779979;1185624064;22138880;1384910848;0;0;0;0;0;0;0;0;0;0;0;2275;0;0;125;0;42;0;
19135;3415706;1185624064;22138880;1384910848;0;0;0;0;0;0;0;0;0;0;0;2965;0;0;125;0;42;0;
19136;4485342;1185624064;22138880;1384910848;0;0;0;0;0;0;0;0;0;0;0;2265;0;0;125;0;42;0;
19137;3406649;1185624064;22138880;1384910848;0;0;0;0;0;0;0;0;0;0;0;3156;0;0;125;0;42;0;
19138;5069417;1185624064;22138880;1384910848;0;0;0;0;0;0;0;0;0;0;0;2494;0;0;125;0;42;0;
19139;4037001;1185624064;22138880;1384910848;0;0;0;0;0;0;0;0;0;0;0;3115;0;0;125;0;42;0;
19140;4539494;1185624064;22138880;1384910848;0;0;0;0;0;0;0;0;0;0;0;2134;0;0;125;0;42;0;
19141;4373352;1185624064;22138880;1384910848;0;0;0;0;0;0;0;0;0;0;0;3266;0;0;125;0;42;0;
19142;4831932;1185624064;22138880;1384910848;0;0;0;0;0;0;0;0;0;0;0;2003;0;0;125;0;42;0;
19143;3651978;1185624064;22138880;1384910848;0;0;0;0;0;0;0;0;0;0;0;2906;0;0;125;0;42;0;
19144;4846550;1185624064;22138880;1384910848;0;0;0;0;0;0;0;0;0;0;0;2415;0;0;125;0;42;0;
19145;3933417;1185624064;22138880;1384910848;0;0;0;0;0;0;0;0;0;0;0;2515;0;0;125;0;42;0;
19146;5030013;1185624064;22138880;1384910848;0;0;0;0;0;0;0;0;0;0;0;2124;0;0;125;0;42;0;
19147;4560363;1185624064;22138880;1384910848;0;0;0;0;0;0;0;0;0;0;0;3446;0;0;125;0;42;0;
19148;5456523;1185624064;22138880;1384910848;0;0;0;0;0;0;0;0;0;0;0;58149;0;0;125;0;42;0;
19149;4016793;1185624064;22138880;1384910848;0;0;0;0;0;0;0;0;0;0;0;3216;0;0;125;0;42;0;
19150;4934645;1185624064;22138880;1384910848;0;0;0;0;0;0;0;0;0;0;0;2214;0;0;125;0;42;0;
19151;3343831;1185624064;22138880;1384910848;0;0;0;0;0;0;0;0;0;0;0;2756;0;0;125;0;42;0;
19152;5194351;1185624064;22138880;1384910848;0;0;0;0;0;0;0;0;0;0;0;2815;0;0;125;0;42;0;
19153;4355017;1185624064;22147072;1384919040;0;0;0;0;0;0;0;0;0;0;0;2866;0;0;125;0;42;0;
19154;5025094;1185624064;22147072;1384919040;0;0;0;0;0;0;0;0;0;0;0;2234;0;0;125;0;42;0;
19155;3973161;1185624064;22147072;1384919040;0;0;0;0;0;0;0;0;0;0;0;2875;0;0;125;0;42;0;
19156;5066863;1185624064;22147072;1384919040;0;0;0;0;0;0;0;0;0;0;0;2244;0;0;125;0;42;0;
19157;4259097;1185624064;22147072;1384919040;0;0;0;0;0;0;0;0;0;0;0;3376;0;0;125;0;42;0;
19158;4687731;1185624064;22147072;1384919040;0;0;0;0;0;0;0;0;0;0;0;1793;0;0;125;0;42;0;
19159;5090747;1185734656;22138880;1384910848;0;0;0;0;0;0;0;0;0;0;0;3817;0;0;125;0;42;0;
19160;4789702;1185734656;22138880;1384910848;0;0;0;0;0;0;0;0;0;0;0;2234;0;0;125;0;42;0;
19161;4552357;1185734656;22138880;1384910848;0;0;0;0;0;0;0;0;0;0;0;3216;0;0;125;0;42;0;
19162;4810732;1185734656;22138880;1384910848;0;0;0;0;0;0;0;0;0;0;0;2345;0;0;125;0;42;0;
19163;3378667;1185734656;22138880;1384910848;0;0;0;0;0;0;0;0;0;0;0;3316;0;0;125;0;42;0;
19164;6074623;1185734656;22138880;1384910848;0;0;0;0;0;0;0;0;0;0;0;3286;0;0;125;0;42;0;
19165;4046008;1185734656;22138880;1384910848;0;0;0;0;0;0;0;0;0;0;0;2816;0;0;125;0;42;0;
19166;4892145;1185734656;22138880;1384910848;0;0;0;0;0;0;0;0;0;0;0;2214;0;0;125;0;42;0;
19167;4151315;1185734656;22138880;1384910848;0;0;0;0;0;0;0;0;0;0;0;2655;0;0;125;0;42;0;
19168;5035414;1185734656;22138880;1384910848;0;0;0;0;0;0;0;0;0;0;0;2806;0;0;125;0;42;0;
19169;3993609;1185734656;22138880;1384910848;0;0;0;0;0;0;0;0;0;0;0;2865;0;0;125;0;42;0;
19170;4653988;1185734656;22138880;1384910848;0;0;0;0;0;0;0;0;0;0;0;1873;0;0;125;0;42;0;
19171;4142739;1185734656;22138880;1384910848;0;0;0;0;0;0;0;0;0;0;0;3176;0;0;125;0;42;0;
19172;5155649;1185734656;22138880;1384910848;0;0;0;0;0;0;0;0;0;0;0;2625;0;0;125;0;42;0;
19173;3126373;1185734656;22138880;1384910848;0;0;0;0;0;0;0;0;0;0;0;2665;0;0;125;0;42;0;
19174;4950965;1185734656;22138880;1384910848;0;0;0;0;0;0;0;0;0;0;0;1984;0;0;125;0;42;0;
19175;3799415;1185734656;22138880;1384910848;0;0;0;0;0;0;0;0;0;0;0;3236;0;0;125;0;42;0;
19176;4977375;1185734656;22138880;1384910848;0;0;0;0;0;0;0;0;0;0;0;2826;0;0;125;0;42;0;
19177;3616262;1185734656;22138880;1384910848;0;0;0;0;0;0;0;0;0;0;0;3447;0;0;125;0;42;0;
19178;4979018;1185734656;22138880;1384910848;0;0;0;0;0;0;0;0;0;0;0;1984;0;0;125;0;42;0;
19179;3692746;1185734656;22138880;1384910848;0;0;0;0;0;0;0;0;0;0;0;2705;0;0;125;0;42;0;
19180;4627238;1185734656;22138880;1384910848;0;0;0;0;0;0;0;0;0;0;0;2535;0;0;125;0;42;0;
19181;4351291;1185734656;22138880;1384910848;0;0;0;0;0;0;0;0;0;0;0;2876;0;0;125;0;42;0;
19182;4760909;1185734656;22138880;1384910848;0;0;0;0;0;0;0;0;0;0;0;2345;0;0;125;0;42;0;
19183;4383962;1185734656;22138880;1384910848;0;0;0;0;0;0;0;0;0;0;0;3236;0;0;125;0;42;0;
19184;4858582;1185734656;22138880;1384910848;0;0;0;0;0;0;0;0;0;0;0;2715;0;0;125;0;42;0;
19185;4302529;1185734656;22138880;1384910848;0;0;0;0;0;0;0;0;0;0;0;3176;0;0;125;0;42;0;
19186;5161239;1185734656;22138880;1384910848;0;0;0;0;0;0;0;0;0;0;0;1964;0;0;125;0;42;0;
19187;3753789;1185734656;22138880;1384910848;0;0;0;0;0;0;0;0;0;0;0;2825;0;0;125;0;42;0;
19188;4704983;1185734656;22138880;1384910848;0;0;0;0;0;0;0;0;0;0;0;2324;0;0;125;0;42;0;
19189;3457594;1185734656;22138880;1384910848;0;0;0;0;0;0;0;0;0;0;0;2936;0;0;125;0;42;0;
19190;5125462;1185734656;22138880;1384910848;0;0;0;0;0;0;0;0;0;0;0;2003;0;0;125;0;42;0;
19191;4459103;1185734656;22138880;1384910848;0;0;0;0;0;0;0;0;0;0;0;6682;0;0;125;0;42;0;
19192;6347955;1185734656;22138880;1384910848;0;0;0;0;0;0;0;0;0;0;0;4769;0;0;125;0;42;0;
19193;6116761;1185734656;22138880;1384910848;0;0;0;0;0;0;0;0;0;0;0;4558;0;0;125;0;42;0;
19194;6792589;1185734656;22138880;1384910848;0;0;0;0;0;0;0;0;0;0;0;2675;0;0;125;0;42;0;
19195;5326439;1185734656;22138880;1384910848;0;0;0;0;0;0;0;0;0;0;0;3657;0;0;125;0;42;0;
19196;5650197;1185734656;22138880;1384910848;0;0;0;0;0;0;0;0;0;0;0;3296;0;0;125;0;42;0;
19197;5138266;1185734656;22138880;1384910848;0;0;0;0;0;0;0;0;0;0;0;2945;0;0;125;0;42;0;
19198;5416829;1185734656;22138880;1384910848;0;0;0;0;0;0;0;0;0;0;0;2164;0;0;125;0;42;0;
19199;3644275;1185734656;22138880;1384910848;0;0;0;0;0;0;0;0;0;0;0;2474;0;0;125;0;42;0;
19200;4857330;1185734656;22138880;1384910848;0;0;0;0;0;0;0;0;0;0;0;2856;0;0;125;0;42;0;
19201;3874246;1185734656;22138880;1384910848;0;0;0;0;0;0;0;0;0;0;0;2976;0;0;125;0;42;0;
19202;4847000;1185734656;22138880;1384910848;0;0;0;0;0;0;0;0;0;0;0;2685;0;0;125;0;42;0;
19203;4026982;1185734656;22138880;1384910848;0;0;0;0;0;0;0;0;0;0;0;3446;0;0;125;0;42;0;
19204;4839686;1185734656;22138880;1384910848;0;0;0;0;0;0;0;0;0;0;0;2415;0;0;125;0;42;0;
19205;3785440;1185734656;22138880;1384910848;0;0;0;0;0;0;0;0;0;0;0;3447;0;0;125;0;42;0;
19206;5692696;1185734656;22138880;1384910848;0;0;0;0;0;0;0;0;0;0;0;2775;0;0;125;0;42;0;
19207;4259578;1185734656;22138880;1384910848;0;0;0;0;0;0;0;0;0;0;0;3486;0;0;125;0;42;0;
19208;4969069;1185734656;22138880;1384910848;0;0;0;0;0;0;0;0;0;0;0;3237;0;0;125;0;42;0;
19209;3843619;1185734656;22138880;1384910848;0;0;0;0;0;0;0;0;0;0;0;3176;0;0;125;0;42;0;
19210;5217445;1185734656;22138880;1384910848;0;0;0;0;0;0;0;0;0;0;0;3186;0;0;125;0;42;0;
19211;3201023;1185734656;22138880;1384910848;0;0;0;0;0;0;0;0;0;0;0;2756;0;0;125;0;42;0;
19212;4841480;1185734656;22138880;1384910848;0;0;0;0;0;0;0;0;0;0;0;2535;0;0;125;0;42;0;
19213;2652023;1185734656;22138880;1384910848;0;0;0;0;0;0;0;0;0;0;0;3036;0;0;125;0;42;0;
19214;4557126;1185734656;22138880;1384910848;0;0;0;0;0;0;0;0;0;0;0;2184;0;0;125;0;42;0;
19215;3609539;1185734656;22138880;1384910848;0;0;0;0;0;0;0;0;0;0;0;2554;0;0;125;0;42;0;
19216;4703951;1185734656;22138880;1384910848;0;0;0;0;0;0;0;0;0;0;0;2144;0;0;125;0;42;0;
19217;2455605;1185734656;22138880;1384910848;0;0;0;0;0;0;0;0;0;0;0;2565;0;0;125;0;42;0;
19218;4520317;1185734656;22138880;1384910848;0;0;0;0;0;0;0;0;0;0;0;1884;0;0;125;0;42;0;
19219;3283007;1185734656;22138880;1384910848;0;0;0;0;0;0;0;0;0;0;0;2475;0;0;125;0;42;0;
19220;4743736;1185734656;22138880;1384910848;0;0;0;0;0;0;0;0;0;0;0;2144;0;0;125;0;42;0;
19221;2446708;1185734656;22138880;1384910848;0;0;0;0;0;0;0;0;0;0;0;2785;0;0;125;0;42;0;
19222;4885172;1185734656;22138880;1384910848;0;0;0;0;0;0;0;0;0;0;0;2014;0;0;125;0;42;0;
19223;2001473;1185734656;22138880;1384910848;0;0;0;0;0;0;0;0;0;0;0;2595;0;0;125;0;42;0;
19224;4611699;1185734656;22138880;1384910848;0;0;0;0;0;0;0;0;0;0;0;2314;0;0;125;0;42;0;
19225;2844024;1185734656;22138880;1384910848;0;0;0;0;0;0;0;0;0;0;0;2405;0;0;125;0;42;0;
19226;4910339;1185734656;22138880;1384910848;0;0;0;0;0;0;0;0;0;0;0;1934;0;0;125;0;42;0;
19227;3192196;1185734656;22138880;1384910848;0;0;0;0;0;0;0;0;0;0;0;2344;0;0;125;0;42;0;
19228;4667654;1185734656;22138880;1384910848;0;0;0;0;0;0;0;0;0;0;0;2375;0;0;125;0;42;0;
19229;2240943;1185734656;22138880;1384910848;0;0;0;0;0;0;0;0;0;0;0;2535;0;0;125;0;42;0;
19230;4554371;1185734656;22138880;1384910848;0;0;0;0;0;0;0;0;0;0;0;2174;0;0;125;0;42;0;
19231;3122516;1185734656;22138880;1384910848;0;0;0;0;0;0;0;0;0;0;0;2655;0;0;125;0;42;0;
19232;4938792;1185734656;22138880;1384910848;0;0;0;0;0;0;0;0;0;0;0;2475;0;0;125;0;42;0;
19233;2738926;1185734656;22138880;1384910848;0;0;0;0;0;0;0;0;0;0;0;2936;0;0;125;0;42;0;
19234;4617730;1185734656;22138880;1384910848;0;0;0;0;0;0;0;0;0;0;0;2184;0;0;125;0;42;0;
19235;2727305;1185734656;22138880;1384910848;0;0;0;0;0;0;0;0;0;0;0;3005;0;0;125;0;42;0;
19236;5009635;1185734656;22138880;1384910848;0;0;0;0;0;0;0;0;0;0;0;2615;0;0;125;0;42;0;
19237;3111976;1185734656;22138880;1384910848;0;0;0;0;0;0;0;0;0;0;0;2865;0;0;125;0;42;0;
19238;4813737;1185734656;22138880;1384910848;0;0;0;0;0;0;0;0;0;0;0;2545;0;0;125;0;42;0;
19239;2531638;1185734656;22138880;1384910848;0;0;0;0;0;0;0;0;0;0;0;2585;0;0;125;0;42;0;
19240;5110785;1185734656;22138880;1384910848;0;0;0;0;0;0;0;0;0;0;0;2194;0;0;125;0;42;0;
19241;2710093;1185734656;22138880;1384910848;0;0;0;0;0;0;0;0;0;0;0;2384;0;0;125;0;42;0;
19242;4391095;1185734656;22138880;1384910848;0;0;0;0;0;0;0;0;0;0;0;2294;0;0;125;0;42;0;
19243;2444615;1185734656;22138880;1384910848;0;0;0;0;0;0;0;0;0;0;0;2375;0;0;125;0;42;0;
19244;4426822;1185734656;22138880;1384910848;0;0;0;0;0;0;0;0;0;0;0;1994;0;0;125;0;42;0;
19245;2606298;1185734656;22138880;1384910848;0;0;0;0;0;0;0;0;0;0;0;2464;0;0;125;0;42;0;
19246;4543952;1185734656;22138880;1384910848;0;0;0;0;0;0;0;0;0;0;0;1964;0;0;125;0;42;0;
19247;2651142;1185734656;22138880;1384910848;0;0;0;0;0;0;0;0;0;0;0;2304;0;0;125;0;42;0;
19248;4537900;1185734656;22138880;1384910848;0;0;0;0;0;0;0;0;0;0;0;2395;0;0;125;0;42;0;
19249;3558644;1185734656;22138880;1384910848;0;0;0;0;0;0;0;0;0;0;0;3647;0;0;125;0;42;0;
19250;5220230;1185734656;22138880;1384910848;0;0;0;0;0;0;0;0;0;0;0;2996;0;0;125;0;42;0;
19251;3774769;1185734656;22138880;1384910848;0;0;0;0;0;0;0;0;0;0;0;3246;0;0;125;0;42;0;
19252;4811344;1185734656;22138880;1384910848;0;0;0;0;0;0;0;0;0;0;0;3056;0;0;125;0;42;0;
19253;4043292;1185734656;22138880;1384910848;0;0;0;0;0;0;0;0;0;0;0;3306;0;0;125;0;42;0;
19254;5121114;1185734656;22138880;1384910848;0;0;0;0;0;0;0;0;0;0;0;2966;0;0;125;0;42;0;
19255;3979834;1185734656;22138880;1384910848;0;0;0;0;0;0;0;0;0;0;0;3336;0;0;125;0;42;0;
19256;4796486;1185734656;22138880;1384910848;0;0;0;0;0;0;0;0;0;0;0;3246;0;0;125;0;42;0;
19257;4210275;1185734656;22138880;1384910848;0;0;0;0;0;0;0;0;0;0;0;6231;0;0;125;0;42;0;
19258;5080267;1185734656;22138880;1384910848;0;0;0;0;0;0;0;0;0;0;0;2986;0;0;125;0;42;0;
19259;3548936;1185734656;22138880;1384910848;0;0;0;0;0;0;0;0;0;0;0;2144;0;0;125;0;42;0;
19260;5094855;1185734656;22138880;1384910848;0;0;0;0;0;0;0;0;0;0;0;2335;0;0;125;0;42;0;
19261;2582773;1185734656;22138880;1384910848;0;0;0;0;0;0;0;0;0;0;0;2746;0;0;125;0;42;0;
19262;4528653;1185734656;22138880;1384910848;0;0;0;0;0;0;0;0;0;0;0;2084;0;0;125;0;42;0;
19263;3042285;1185734656;22138880;1384910848;0;0;0;0;0;0;0;0;0;0;0;2584;0;0;125;0;42;0;
19264;5021478;1185734656;22138880;1384910848;0;0;0;0;0;0;0;0;0;0;0;2194;0;0;125;0;42;0;
19265;2595998;1185734656;22138880;1384910848;0;0;0;0;0;0;0;0;0;0;0;2515;0;0;125;0;42;0;
19266;4785555;1185734656;22138880;1384910848;0;0;0;0;0;0;0;0;0;0;0;2234;0;0;125;0;42;0;
19267;2850005;1185734656;22138880;1384910848;0;0;0;0;0;0;0;0;0;0;0;3266;0;0;125;0;42;0;
19268;4937530;1185734656;22138880;1384910848;0;0;0;0;0;0;0;0;0;0;0;3216;0;0;125;0;42;0;
19269;4047972;1185734656;22138880;1384910848;0;0;0;0;0;0;0;0;0;0;0;3256;0;0;125;0;42;0;
19270;5096928;1185734656;22138880;1384910848;0;0;0;0;0;0;0;0;0;0;0;2976;0;0;125;0;42;0;
19271;3864788;1185734656;22138880;1384910848;0;0;0;0;0;0;0;0;0;0;0;3296;0;0;125;0;42;0;
19272;4544042;1185734656;22138880;1384910848;0;0;0;0;0;0;0;0;0;0;0;2074;0;0;125;0;42;0;
19273;3398043;1185734656;22138880;1384910848;0;0;0;0;0;0;0;0;0;0;0;5661;0;0;125;0;42;0;
19274;5217254;1185734656;22138880;1384910848;0;0;0;0;0;0;0;0;0;0;0;2905;0;0;125;0;42;0;
19275;3363037;1185734656;22138880;1384910848;0;0;0;0;0;0;0;0;0;0;0;2424;0;0;125;0;42;0;
19276;5060140;1185734656;22138880;1384910848;0;0;0;0;0;0;0;0;0;0;0;2515;0;0;125;0;42;0;
19277;2964399;1185734656;22138880;1384910848;0;0;0;0;0;0;0;0;0;0;0;2665;0;0;125;0;42;0;
19278;4790794;1185734656;22138880;1384910848;0;0;0;0;0;0;0;0;0;0;0;2084;0;0;125;0;42;0;
19279;2422032;1185734656;22138880;1384910848;0;0;0;0;0;0;0;0;0;0;0;2645;0;0;125;0;42;0;
19280;4721405;1185734656;22138880;1384910848;0;0;0;0;0;0;0;0;0;0;0;2415;0;0;125;0;42;0;
19281;2719740;1185734656;22138880;1384910848;0;0;0;0;0;0;0;0;0;0;0;2575;0;0;125;0;42;0;
19282;4546677;1185734656;22138880;1384910848;0;0;0;0;0;0;0;0;0;0;0;2254;0;0;125;0;42;0;
19283;3516725;1185734656;22138880;1384910848;0;0;0;0;0;0;0;0;0;0;0;3116;0;0;125;0;42;0;
19284;4548861;1185734656;22138880;1384910848;0;0;0;0;0;0;0;0;0;0;0;2595;0;0;125;0;42;0;
19285;3220861;1185734656;22138880;1384910848;0;0;0;0;0;0;0;0;0;0;0;2424;0;0;125;0;42;0;
19286;4562416;1185734656;22138880;1384910848;0;0;0;0;0;0;0;0;0;0;0;2305;0;0;125;0;42;0;
19287;3199019;1185734656;22138880;1384910848;0;0;0;0;0;0;0;0;0;0;0;2875;0;0;125;0;42;0;
19288;4586602;1185734656;22138880;1384910848;0;0;0;0;0;0;0;0;0;0;0;2164;0;0;125;0;42;0;
19289;2716554;1185734656;22138880;1384910848;0;0;0;0;0;0;0;0;0;0;0;2715;0;0;125;0;42;0;
19290;4498336;1185734656;22138880;1384910848;0;0;0;0;0;0;0;0;0;0;0;2284;0;0;125;0;42;0;
19291;2374924;1185734656;22138880;1384910848;0;0;0;0;0;0;0;0;0;0;0;2465;0;0;125;0;42;0;
19292;4840177;1185734656;22138880;1384910848;0;0;0;0;0;0;0;0;0;0;0;2215;0;0;125;0;42;0;
19293;2702649;1185734656;22138880;1384910848;0;0;0;0;0;0;0;0;0;0;0;2364;0;0;125;0;42;0;
19294;4750729;1185734656;22138880;1384910848;0;0;0;0;0;0;0;0;0;0;0;2314;0;0;125;0;42;0;
19295;2316174;1185734656;22138880;1384910848;0;0;0;0;0;0;0;0;0;0;0;2284;0;0;125;0;42;0;
19296;4468831;1185734656;22138880;1384910848;0;0;0;0;0;0;0;0;0;0;0;2665;0;0;125;0;42;0;
19297;2990438;1185734656;22138880;1384910848;0;0;0;0;0;0;0;0;0;0;0;2525;0;0;125;0;42;0;
19298;4392557;1185734656;22138880;1384910848;0;0;0;0;0;0;0;0;0;0;0;1994;0;0;125;0;42;0;
19299;2973466;1185734656;22138880;1384910848;0;0;0;0;0;0;0;0;0;0;0;5550;0;0;125;0;42;0;
19300;4766579;1185734656;22138880;1384910848;0;0;0;0;0;0;0;0;0;0;0;2605;0;0;125;0;42;0;
19301;2357070;1185734656;22138880;1384910848;0;0;0;0;0;0;0;0;0;0;0;2515;0;0;125;0;42;0;
19302;4567967;1185734656;22138880;1384910848;0;0;0;0;0;0;0;0;0;0;0;2104;0;0;125;0;42;0;
19303;2416822;1185734656;22138880;1384910848;0;0;0;0;0;0;0;0;0;0;0;2395;0;0;125;0;42;0;
19304;4722797;1185734656;22138880;1384910848;0;0;0;0;0;0;0;0;0;0;0;2415;0;0;125;0;42;0;
19305;2929304;1185734656;22138880;1384910848;0;0;0;0;0;0;0;0;0;0;0;2745;0;0;125;0;42;0;
19306;4581663;1185734656;22138880;1384910848;0;0;0;0;0;0;0;0;0;0;0;1934;0;0;125;0;42;0;
19307;2888106;1185734656;22138880;1384910848;0;0;0;0;0;0;0;0;0;0;0;2485;0;0;125;0;42;0;
19308;4564490;1185734656;22138880;1384910848;0;0;0;0;0;0;0;0;0;0;0;2204;0;0;125;0;42;0;
19309;2344787;1185734656;22138880;1384910848;0;0;0;0;0;0;0;0;0;0;0;2665;0;0;125;0;42;0;
19310;4816152;1185734656;22138880;1384910848;0;0;0;0;0;0;0;0;0;0;0;2054;0;0;125;0;42;0;
19311;3394737;1185734656;22138880;1384910848;0;0;0;0;0;0;0;0;0;0;0;2695;0;0;125;0;42;0;
19312;4477797;1185734656;22138880;1384910848;0;0;0;0;0;0;0;0;0;0;0;2144;0;0;125;0;42;0;
19313;2636835;1185734656;22138880;1384910848;0;0;0;0;0;0;0;0;0;0;0;2324;0;0;125;0;42;0;
19314;7879567;1185734656;22138880;1384910848;0;0;0;0;0;0;0;0;0;0;0;2254;0;0;125;0;42;0;
19315;9054290;1185734656;22138880;1384910848;0;0;0;0;0;0;0;0;0;0;0;2475;0;0;125;0;42;0;
19316;4673674;1185734656;22138880;1384910848;0;0;0;0;0;0;0;0;0;0;0;2414;0;0;125;0;42;0;
19317;1923527;1185734656;22138880;1384910848;0;0;0;0;0;0;0;0;0;0;0;2404;0;0;125;0;42;0;
19318;4531488;1185734656;22138880;1384910848;0;0;0;0;0;0;0;0;0;0;0;2235;0;0;125;0;42;0;
19319;2828324;1185734656;22138880;1384910848;0;0;0;0;0;0;0;0;0;0;0;2756;0;0;125;0;42;0;
19320;4661382;1185734656;22138880;1384910848;0;0;0;0;0;0;0;0;0;0;0;2234;0;0;125;0;42;0;
19321;3156710;1185734656;22138880;1384910848;0;0;0;0;0;0;0;0;0;0;0;2635;0;0;125;0;42;0;
19322;4537239;1185734656;22138880;1384910848;0;0;0;0;0;0;0;0;0;0;0;2074;0;0;125;0;42;0;
19323;3126954;1185734656;22138880;1384910848;0;0;0;0;0;0;0;0;0;0;0;2385;0;0;125;0;42;0;
19324;4564651;1185734656;22138880;1384910848;0;0;0;0;0;0;0;0;0;0;0;2395;0;0;125;0;42;0;
19325;2771338;1185734656;22138880;1384910848;0;0;0;0;0;0;0;0;0;0;0;2624;0;0;125;0;42;0;
19326;4258887;1185734656;22138880;1384910848;0;0;0;0;0;0;0;0;0;0;0;2365;0;0;125;0;42;0;
19327;3029140;1185734656;22138880;1384910848;0;0;0;0;0;0;0;0;0;0;0;2705;0;0;125;0;42;0;
19328;4478559;1185734656;22138880;1384910848;0;0;0;0;0;0;0;0;0;0;0;2344;0;0;125;0;42;0;
19329;2832673;1185734656;22138880;1384910848;0;0;0;0;0;0;0;0;0;0;0;2575;0;0;125;0;42;0;
19330;4576904;1185734656;22138880;1384910848;0;0;0;0;0;0;0;0;0;0;0;2014;0;0;125;0;42;0;
19331;2674586;1185734656;22138880;1384910848;0;0;0;0;0;0;0;0;0;0;0;2365;0;0;125;0;42;0;
19332;4539954;1185734656;22138880;1384910848;0;0;0;0;0;0;0;0;0;0;0;2354;0;0;125;0;42;0;
19333;3225699;1185734656;22138880;1384910848;0;0;0;0;0;0;0;0;0;0;0;1954;0;0;125;0;42;0;
19334;4751892;1185734656;22138880;1384910848;0;0;0;0;0;0;0;0;0;0;0;2154;0;0;125;0;42;0;
19335;2717406;1185734656;22138880;1384910848;0;0;0;0;0;0;0;0;0;0;0;2575;0;0;125;0;42;0;
19336;4700946;1185734656;22138880;1384910848;0;0;0;0;0;0;0;0;0;0;0;2745;0;0;125;0;42;0;
19337;3378305;1185734656;22138880;1384910848;0;0;0;0;0;0;0;0;0;0;0;2755;0;0;125;0;42;0;
19338;4533212;1185734656;22138880;1384910848;0;0;0;0;0;0;0;0;0;0;0;1974;0;0;125;0;42;0;
19339;2890971;1185734656;22138880;1384910848;0;0;0;0;0;0;0;0;0;0;0;2414;0;0;125;0;42;0;
19340;4640213;1185734656;22138880;1384910848;0;0;0;0;0;0;0;0;0;0;0;2374;0;0;125;0;42;0;
19341;2709671;1185734656;22138880;1384910848;0;0;0;0;0;0;0;0;0;0;0;2414;0;0;125;0;42;0;
19342;4592673;1185734656;22138880;1384910848;0;0;0;0;0;0;0;0;0;0;0;2144;0;0;125;0;42;0;
19343;2281870;1185734656;22138880;1384910848;0;0;0;0;0;0;0;0;0;0;0;2855;0;0;125;0;42;0;
19344;4424377;1185734656;22138880;1384910848;0;0;0;0;0;0;0;0;0;0;0;2165;0;0;125;0;42;0;
19345;2410180;1185734656;22138880;1384910848;0;0;0;0;0;0;0;0;0;0;0;2895;0;0;125;0;42;0;
19346;4599426;1185734656;22138880;1384910848;0;0;0;0;0;0;0;0;0;0;0;2074;0;0;125;0;42;0;
19347;2291567;1185734656;22138880;1384910848;0;0;0;0;0;0;0;0;0;0;0;2154;0;0;125;0;42;0;
19348;4562216;1185734656;22138880;1384910848;0;0;0;0;0;0;0;0;0;0;0;2405;0;0;125;0;42;0;
19349;2663525;1185734656;22138880;1384910848;0;0;0;0;0;0;0;0;0;0;0;2375;0;0;125;0;42;0;
19350;4531057;1185734656;22138880;1384910848;0;0;0;0;0;0;0;0;0;0;0;2474;0;0;125;0;42;0;
19351;2421301;1185734656;22138880;1384910848;0;0;0;0;0;0;0;0;0;0;0;2404;0;0;125;0;42;0;
19352;4451588;1185734656;22138880;1384910848;0;0;0;0;0;0;0;0;0;0;0;2354;0;0;125;0;42;0;
19353;2807735;1185734656;22138880;1384910848;0;0;0;0;0;0;0;0;0;0;0;2875;0;0;125;0;42;0;
19354;4648828;1185734656;22138880;1384910848;0;0;0;0;0;0;0;0;0;0;0;2545;0;0;125;0;42;0;
19355;3150598;1185734656;22138880;1384910848;0;0;0;0;0;0;0;0;0;0;0;2635;0;0;125;0;42;0;
19356;4476135;1185734656;22138880;1384910848;0;0;0;0;0;0;0;0;0;0;0;2004;0;0;125;0;42;0;
19357;2684545;1185734656;22138880;1384910848;0;0;0;0;0;0;0;0;0;0;0;2885;0;0;125;0;42;0;
19358;5205462;1185734656;22138880;1384910848;0;0;0;0;0;0;0;0;0;0;0;2505;0;0;125;0;42;0;
19359;2218401;1185734656;22138880;1384910848;0;0;0;0;0;0;0;0;0;0;0;2464;0;0;125;0;42;0;
19360;4607241;1185734656;22138880;1384910848;0;0;0;0;0;0;0;0;0;0;0;2425;0;0;125;0;42;0;
19361;2966945;1185734656;22138880;1384910848;0;0;0;0;0;0;0;0;0;0;0;2996;0;0;125;0;42;0;
19362;4694524;1185734656;22138880;1384910848;0;0;0;0;0;0;0;0;0;0;0;2215;0;0;125;0;42;0;
19363;3478994;1185734656;22138880;1384910848;0;0;0;0;0;0;0;0;0;0;0;3256;0;0;125;0;42;0;
19364;4783391;1185734656;22138880;1384910848;0;0;0;0;0;0;0;0;0;0;0;2335;0;0;125;0;42;0;
19365;4827343;1185734656;22138880;1384910848;0;0;0;0;0;0;0;0;0;0;0;3737;0;0;125;0;42;0;
19366;4835899;1185734656;22138880;1384910848;0;0;0;0;0;0;0;0;0;0;0;2154;0;0;125;0;42;0;
19367;4574950;1185734656;22138880;1384910848;0;0;0;0;0;0;0;0;0;0;0;3316;0;0;125;0;42;0;
19368;4451869;1185734656;22138880;1384910848;0;0;0;0;0;0;0;0;0;0;0;2735;0;0;125;0;42;0;
19369;3941061;1185734656;22138880;1384910848;0;0;0;0;0;0;0;0;0;0;0;3266;0;0;125;0;42;0;
19370;5096498;1185734656;22138880;1384910848;0;0;0;0;0;0;0;0;0;0;0;2184;0;0;125;0;42;0;
19371;3342057;1185734656;22138880;1384910848;0;0;0;0;0;0;0;0;0;0;0;2735;0;0;125;0;42;0;
19372;4892235;1185734656;22138880;1384910848;0;0;0;0;0;0;0;0;0;0;0;2194;0;0;125;0;42;0;
19373;2877246;1185734656;22138880;1384910848;0;0;0;0;0;0;0;0;0;0;0;2385;0;0;125;0;42;0;
19374;4568998;1185734656;22138880;1384910848;0;0;0;0;0;0;0;0;0;0;0;2174;0;0;125;0;42;0;
19375;2904707;1185734656;22138880;1384910848;0;0;0;0;0;0;0;0;0;0;0;2595;0;0;125;0;42;0;
19376;4712869;1185734656;22138880;1384910848;0;0;0;0;0;0;0;0;0;0;0;2415;0;0;125;0;42;0;
19377;2881253;1185734656;22138880;1384910848;0;0;0;0;0;0;0;0;0;0;0;2755;0;0;125;0;42;0;
19378;4715524;1185734656;22138880;1384910848;0;0;0;0;0;0;0;0;0;0;0;2194;0;0;125;0;42;0;
19379;2765086;1185734656;22138880;1384910848;0;0;0;0;0;0;0;0;0;0;0;2214;0;0;125;0;42;0;
19380;4819018;1185734656;22138880;1384910848;0;0;0;0;0;0;0;0;0;0;0;2014;0;0;125;0;42;0;
19381;2217017;1185734656;22138880;1384910848;0;0;0;0;0;0;0;0;0;0;0;2485;0;0;125;0;42;0;
19382;4979489;1185734656;22138880;1384910848;0;0;0;0;0;0;0;0;0;0;0;2324;0;0;125;0;42;0;
19383;2982132;1185734656;22138880;1384910848;0;0;0;0;0;0;0;0;0;0;0;2585;0;0;125;0;42;0;
19384;4774404;1185734656;22138880;1384910848;0;0;0;0;0;0;0;0;0;0;0;2415;0;0;125;0;42;0;
19385;2570861;1185734656;22138880;1384910848;0;0;0;0;0;0;0;0;0;0;0;3266;0;0;125;0;42;0;
19386;4682311;1185734656;22138880;1384910848;0;0;0;0;0;0;0;0;0;0;0;2235;0;0;125;0;42;0;
19387;2826441;1185734656;22138880;1384910848;0;0;0;0;0;0;0;0;0;0;0;2695;0;0;125;0;42;0;
19388;4580260;1185734656;22138880;1384910848;0;0;0;0;0;0;0;0;0;0;0;2585;0;0;125;0;42;0;
19389;3373065;1185734656;22138880;1384910848;0;0;0;0;0;0;0;0;0;0;0;2925;0;0;125;0;42;0;
19390;4384353;1185734656;22138880;1384910848;0;0;0;0;0;0;0;0;0;0;0;2244;0;0;125;0;42;0;
19391;3213777;1185734656;22138880;1384910848;0;0;0;0;0;0;0;0;0;0;0;2675;0;0;125;0;42;0;
19392;4625284;1185734656;22138880;1384910848;0;0;0;0;0;0;0;0;0;0;0;1823;0;0;125;0;42;0;
19393;4131639;1185734656;22138880;1384910848;0;0;0;0;0;0;0;0;0;0;0;3487;0;0;125;0;42;0;
19394;4722105;1185734656;22138880;1384910848;0;0;0;0;0;0;0;0;0;0;0;2134;0;0;125;0;42;0;
19395;4022593;1185734656;22138880;1384910848;0;0;0;0;0;0;0;0;0;0;0;3296;0;0;125;0;42;0;
19396;4753004;1185734656;22138880;1384910848;0;0;0;0;0;0;0;0;0;0;0;2725;0;0;125;0;42;0;
19397;4259098;1185734656;22138880;1384910848;0;0;0;0;0;0;0;0;0;0;0;2635;0;0;125;0;42;0;
19398;4899589;1185734656;22138880;1384910848;0;0;0;0;0;0;0;0;0;0;0;2154;0;0;125;0;42;0;
19399;4048713;1185734656;22138880;1384910848;0;0;0;0;0;0;0;0;0;0;0;3877;0;0;125;0;42;0;
19400;5008413;1185734656;22138880;1384910848;0;0;0;0;0;0;0;0;0;0;0;2845;0;0;125;0;42;0;
19401;4041890;1185734656;22138880;1384910848;0;0;0;0;0;0;0;0;0;0;0;3808;0;0;125;0;42;0;
19402;4720933;1185734656;22138880;1384910848;0;0;0;0;0;0;0;0;0;0;0;2405;0;0;125;0;42;0;
19403;4106001;1185734656;22138880;1384910848;0;0;0;0;0;0;0;0;0;0;0;10991;0;0;125;0;42;0;
19404;4858101;1185734656;22138880;1384910848;0;0;0;0;0;0;0;0;0;0;0;2625;0;0;125;0;42;0;
19405;4451919;1185734656;22138880;1384910848;0;0;0;0;0;0;0;0;0;0;0;3727;0;0;125;0;42;0;
19406;5453237;1185734656;22138880;1384910848;0;0;0;0;0;0;0;0;0;0;0;2515;0;0;125;0;42;0;
19407;4512333;1185734656;22138880;1384910848;0;0;0;0;0;0;0;0;0;0;0;3737;0;0;125;0;42;0;
19408;5583080;1185734656;22138880;1384910848;0;0;0;0;0;0;0;0;0;0;0;2795;0;0;125;0;42;0;
19409;4529214;1185734656;22138880;1384910848;0;0;0;0;0;0;0;0;0;0;0;4418;0;0;125;0;42;0;
19410;4779774;1185734656;22138880;1384910848;0;0;0;0;0;0;0;0;0;0;0;2224;0;0;125;0;42;0;
19411;4556085;1185734656;22138880;1384910848;0;0;0;0;0;0;0;0;0;0;0;3437;0;0;125;0;42;0;
19412;5075549;1185734656;22138880;1384910848;0;0;0;0;0;0;0;0;0;0;0;2445;0;0;125;0;42;0;
19413;3914521;1185734656;22138880;1384910848;0;0;0;0;0;0;0;0;0;0;0;4037;0;0;125;0;42;0;
19414;5065239;1185734656;22138880;1384910848;0;0;0;0;0;0;0;0;0;0;0;2264;0;0;125;0;42;0;
19415;4681560;1185734656;22138880;1384910848;0;0;0;0;0;0;0;0;0;0;0;4038;0;0;125;0;42;0;
19416;5233014;1185734656;22138880;1384910848;0;0;0;0;0;0;0;0;0;0;0;2695;0;0;125;0;42;0;
19417;4161565;1185734656;22138880;1384910848;0;0;0;0;0;0;0;0;0;0;0;2635;0;0;125;0;42;0;
19418;4722005;1185734656;22138880;1384910848;0;0;0;0;0;0;0;0;0;0;0;2204;0;0;125;0;42;0;
19419;3904483;1185734656;22138880;1384910848;0;0;0;0;0;0;0;0;0;0;0;3377;0;0;125;0;42;0;
19420;5332460;1185734656;22138880;1384910848;0;0;0;0;0;0;0;0;0;0;0;2755;0;0;125;0;42;0;
19421;3851433;1185734656;22138880;1384910848;0;0;0;0;0;0;0;0;0;0;0;3286;0;0;125;0;42;0;
19422;5048077;1185734656;22138880;1384910848;0;0;0;0;0;0;0;0;0;0;0;2495;0;0;125;0;42;0;
19423;3683248;1185734656;22138880;1384910848;0;0;0;0;0;0;0;0;0;0;0;3296;0;0;125;0;42;0;
19424;5214729;1185734656;22138880;1384910848;0;0;0;0;0;0;0;0;0;0;0;3156;0;0;125;0;42;0;
19425;4119075;1185734656;22138880;1384910848;0;0;0;0;0;0;0;0;0;0;0;4178;0;0;125;0;42;0;
19426;4894640;1185734656;22138880;1384910848;0;0;0;0;0;0;0;0;0;0;0;2615;0;0;125;0;42;0;
19427;4457700;1185734656;22138880;1384910848;0;0;0;0;0;0;0;0;0;0;0;4018;0;0;125;0;42;0;
19428;5202446;1185734656;22138880;1384910848;0;0;0;0;0;0;0;0;0;0;0;2495;0;0;125;0;42;0;
19429;4828936;1185734656;22138880;1384910848;0;0;0;0;0;0;0;0;0;0;0;4007;0;0;125;0;42;0;
19430;4759426;1185734656;22138880;1384910848;0;0;0;0;0;0;0;0;0;0;0;2625;0;0;125;0;42;0;
19431;4430229;1185734656;22138880;1384910848;0;0;0;0;0;0;0;0;0;0;0;3045;0;0;125;0;42;0;
19432;4622639;1185734656;22138880;1384910848;0;0;0;0;0;0;0;0;0;0;0;2114;0;0;125;0;42;0;
19433;3146331;1185734656;22138880;1384910848;0;0;0;0;0;0;0;0;0;0;0;3336;0;0;125;0;42;0;
19434;4581281;1185734656;22138880;1384910848;0;0;0;0;0;0;0;0;0;0;0;2174;0;0;125;0;42;0;
19435;3015445;1185734656;22138880;1384910848;0;0;0;0;0;0;0;0;0;0;0;3297;0;0;125;0;42;0;
19436;4992152;1185734656;22138880;1384910848;0;0;0;0;0;0;0;0;0;0;0;2224;0;0;125;0;42;0;
19437;3041253;1185734656;22138880;1384910848;0;0;0;0;0;0;0;0;0;0;0;2976;0;0;125;0;42;0;
19438;4696678;1185734656;22138880;1384910848;0;0;0;0;0;0;0;0;0;0;0;2144;0;0;125;0;42;0;
19439;2942258;1185734656;22138880;1384910848;0;0;0;0;0;0;0;0;0;0;0;2795;0;0;125;0;42;0;
19440;4621427;1185734656;22138880;1384910848;0;0;0;0;0;0;0;0;0;0;0;2575;0;0;125;0;42;0;
19441;2367801;1185734656;22138880;1384910848;0;0;0;0;0;0;0;0;0;0;0;2635;0;0;125;0;42;0;
19442;5239196;1185734656;22138880;1384910848;0;0;0;0;0;0;0;0;0;0;0;2625;0;0;125;0;42;0;
19443;2743876;1185734656;22138880;1384910848;0;0;0;0;0;0;0;0;0;0;0;3116;0;0;125;0;42;0;
19444;4871656;1185734656;22138880;1384910848;0;0;0;0;0;0;0;0;0;0;0;2615;0;0;125;0;42;0;
19445;3227413;1185734656;22138880;1384910848;0;0;0;0;0;0;0;0;0;0;0;3516;0;0;125;0;42;0;
19446;4863611;1185734656;22138880;1384910848;0;0;0;0;0;0;0;0;0;0;0;2425;0;0;125;0;42;0;
19447;3352998;1185734656;22138880;1384910848;0;0;0;0;0;0;0;0;0;0;0;2785;0;0;125;0;42;0;
19448;4860956;1185734656;22138880;1384910848;0;0;0;0;0;0;0;0;0;0;0;2145;0;0;125;0;42;0;
19449;2686699;1185734656;22138880;1384910848;0;0;0;0;0;0;0;0;0;0;0;2645;0;0;125;0;42;0;
19450;4972926;1185734656;22138880;1384910848;0;0;0;0;0;0;0;0;0;0;0;2424;0;0;125;0;42;0;
19451;3531994;1185734656;22138880;1384910848;0;0;0;0;0;0;0;0;0;0;0;2635;0;0;125;0;42;0;
19452;4669898;1185734656;22138880;1384910848;0;0;0;0;0;0;0;0;0;0;0;2585;0;0;125;0;42;0;
19453;2579207;1185734656;22138880;1384910848;0;0;0;0;0;0;0;0;0;0;0;2625;0;0;125;0;42;0;
19454;5082101;1185734656;22138880;1384910848;0;0;0;0;0;0;0;0;0;0;0;2595;0;0;125;0;42;0;
19455;2587903;1185734656;22138880;1384910848;0;0;0;0;0;0;0;0;0;0;0;2545;0;0;125;0;42;0;
19456;4748596;1185734656;22138880;1384910848;0;0;0;0;0;0;0;0;0;0;0;3116;0;0;125;0;42;0;
19457;3348029;1185734656;22138880;1384910848;0;0;0;0;0;0;0;0;0;0;0;3076;0;0;125;0;42;0;
19458;4934474;1185734656;22138880;1384910848;0;0;0;0;0;0;0;0;0;0;0;2364;0;0;125;0;42;0;
19459;3837627;1185734656;22138880;1384910848;0;0;0;0;0;0;0;0;0;0;0;3266;0;0;125;0;42;0;
19460;4781487;1185734656;22138880;1384910848;0;0;0;0;0;0;0;0;0;0;0;2415;0;0;125;0;42;0;
19461;2869551;1185734656;22138880;1384910848;0;0;0;0;0;0;0;0;0;0;0;3026;0;0;125;0;42;0;
19462;4289815;1185734656;22138880;1384910848;0;0;0;0;0;0;0;0;0;0;0;2024;0;0;125;0;42;0;
19463;2505559;1185734656;22138880;1384910848;0;0;0;0;0;0;0;0;0;0;0;2855;0;0;125;0;42;0;
19464;5380100;1185734656;22138880;1384910848;0;0;0;0;0;0;0;0;0;0;0;2174;0;0;125;0;42;0;
19465;2545394;1185734656;22138880;1384910848;0;0;0;0;0;0;0;0;0;0;0;2434;0;0;125;0;42;0;
19466;4422474;1185734656;22138880;1384910848;0;0;0;0;0;0;0;0;0;0;0;2235;0;0;125;0;42;0;
19467;2742924;1185734656;22138880;1384910848;0;0;0;0;0;0;0;0;0;0;0;2595;0;0;125;0;42;0;
19468;4920418;1185734656;22138880;1384910848;0;0;0;0;0;0;0;0;0;0;0;2264;0;0;125;0;42;0;
19469;2384502;1185734656;22138880;1384910848;0;0;0;0;0;0;0;0;0;0;0;2805;0;0;125;0;42;0;
19470;4548360;1185734656;22138880;1384910848;0;0;0;0;0;0;0;0;0;0;0;2254;0;0;125;0;42;0;
19471;3146701;1185734656;22138880;1384910848;0;0;0;0;0;0;0;0;0;0;0;2645;0;0;125;0;42;0;
19472;5092501;1185734656;22138880;1384910848;0;0;0;0;0;0;0;0;0;0;0;2315;0;0;125;0;42;0;
19473;2895690;1185734656;22138880;1384910848;0;0;0;0;0;0;0;0;0;0;0;2585;0;0;125;0;42;0;
19474;4729469;1185734656;22138880;1384910848;0;0;0;0;0;0;0;0;0;0;0;2395;0;0;125;0;42;0;
19475;2830980;1185734656;22138880;1384910848;0;0;0;0;0;0;0;0;0;0;0;2625;0;0;125;0;42;0;
19476;4663305;1185734656;22138880;1384910848;0;0;0;0;0;0;0;0;0;0;0;2545;0;0;125;0;42;0;
19477;3105334;1185734656;22138880;1384910848;0;0;0;0;0;0;0;0;0;0;0;2604;0;0;125;0;42;0;
19478;4518734;1185734656;22138880;1384910848;0;0;0;0;0;0;0;0;0;0;0;2194;0;0;125;0;42;0;
19479;2630593;1185734656;22138880;1384910848;0;0;0;0;0;0;0;0;0;0;0;3015;0;0;125;0;42;0;
19480;5037457;1185734656;22138880;1384910848;0;0;0;0;0;0;0;0;0;0;0;2254;0;0;125;0;42;0;
19481;3598699;1185734656;22138880;1384910848;0;0;0;0;0;0;0;0;0;0;0;2635;0;0;125;0;42;0;
19482;4788460;1185734656;22138880;1384910848;0;0;0;0;0;0;0;0;0;0;0;2465;0;0;125;0;42;0;
19483;2723568;1185734656;22138880;1384910848;0;0;0;0;0;0;0;0;0;0;0;71955;0;0;125;0;42;0;
19484;4832863;1185734656;22138880;1384910848;0;0;0;0;0;0;0;0;0;0;0;2776;0;0;125;0;42;0;
19485;2855124;1185734656;22138880;1384910848;0;0;0;0;0;0;0;0;0;0;0;2635;0;0;125;0;42;0;
19486;5055371;1185734656;22138880;1384910848;0;0;0;0;0;0;0;0;0;0;0;2434;0;0;125;0;42;0;
19487;3561539;1185734656;22138880;1384910848;0;0;0;0;0;0;0;0;0;0;0;3387;0;0;125;0;42;0;
19488;5618307;1185734656;22138880;1384910848;0;0;0;0;0;0;0;0;0;0;0;2635;0;0;125;0;42;0;
19489;2760237;1185734656;22138880;1384910848;0;0;0;0;0;0;0;0;0;0;0;3085;0;0;125;0;42;0;
19490;4589768;1185734656;22138880;1384910848;0;0;0;0;0;0;0;0;0;0;0;2364;0;0;125;0;42;0;
19491;4010301;1185734656;22138880;1384910848;0;0;0;0;0;0;0;0;0;0;0;3216;0;0;125;0;42;0;
19492;4706546;1185734656;22138880;1384910848;0;0;0;0;0;0;0;0;0;0;0;2575;0;0;125;0;42;0;
19493;3075528;1185734656;22138880;1384910848;0;0;0;0;0;0;0;0;0;0;0;2755;0;0;125;0;42;0;
19494;4893016;1185734656;22138880;1384910848;0;0;0;0;0;0;0;0;0;0;0;2264;0;0;125;0;42;0;
19495;3236971;1185734656;22138880;1384910848;0;0;0;0;0;0;0;0;0;0;0;3286;0;0;125;0;42;0;
19496;4821212;1185734656;22138880;1384910848;0;0;0;0;0;0;0;0;0;0;0;2545;0;0;125;0;42;0;
19497;2551254;1185734656;22138880;1384910848;0;0;0;0;0;0;0;0;0;0;0;2515;0;0;125;0;42;0;
19498;4477758;1185734656;22138880;1384910848;0;0;0;0;0;0;0;0;0;0;0;2103;0;0;125;0;42;0;
19499;2680858;1185734656;22138880;1384910848;0;0;0;0;0;0;0;0;0;0;0;2465;0;0;125;0;42;0;
19500;4513996;1185734656;22138880;1384910848;0;0;0;0;0;0;0;0;0;0;0;2214;0;0;125;0;42;0;
19501;3116454;1185734656;22138880;1384910848;0;0;0;0;0;0;0;0;0;0;0;2515;0;0;125;0;42;0;
19502;4796425;1185734656;22138880;1384910848;0;0;0;0;0;0;0;0;0;0;0;1933;0;0;125;0;42;0;
19503;2788128;1185734656;22138880;1384910848;0;0;0;0;0;0;0;0;0;0;0;2875;0;0;125;0;42;0;
19504;4613422;1185734656;22138880;1384910848;0;0;0;0;0;0;0;0;0;0;0;2324;0;0;125;0;42;0;
19505;2790353;1185734656;22138880;1384910848;0;0;0;0;0;0;0;0;0;0;0;2756;0;0;125;0;42;0;
19506;4660049;1185734656;22138880;1384910848;0;0;0;0;0;0;0;0;0;0;0;2064;0;0;125;0;42;0;
19507;2664827;1185734656;22138880;1384910848;0;0;0;0;0;0;0;0;0;0;0;2595;0;0;125;0;42;0;
19508;4324580;1185734656;22138880;1384910848;0;0;0;0;0;0;0;0;0;0;0;2044;0;0;125;0;42;0;
19509;2329228;1185734656;22138880;1384910848;0;0;0;0;0;0;0;0;0;0;0;2805;0;0;125;0;42;0;
19510;4774655;1185734656;22138880;1384910848;0;0;0;0;0;0;0;0;0;0;0;1944;0;0;125;0;42;0;
19511;2449825;1185734656;22138880;1384910848;0;0;0;0;0;0;0;0;0;0;0;2484;0;0;125;0;42;0;
19512;4755488;1185734656;22138880;1384910848;0;0;0;0;0;0;0;0;0;0;0;1994;0;0;125;0;42;0;
19513;2298260;1185734656;22138880;1384910848;0;0;0;0;0;0;0;0;0;0;0;2655;0;0;125;0;42;0;
19514;4748926;1185734656;22138880;1384910848;0;0;0;0;0;0;0;0;0;0;0;2114;0;0;125;0;42;0;
19515;2878818;1185734656;22138880;1384910848;0;0;0;0;0;0;0;0;0;0;0;2735;0;0;125;0;42;0;
19516;4598594;1185734656;22138880;1384910848;0;0;0;0;0;0;0;0;0;0;0;2315;0;0;125;0;42;0;
19517;2329028;1185734656;22138880;1384910848;0;0;0;0;0;0;0;0;0;0;0;2405;0;0;125;0;42;0;
19518;4580190;1185734656;22138880;1384910848;0;0;0;0;0;0;0;0;0;0;0;1894;0;0;125;0;42;0;
19519;2825238;1185734656;22138880;1384910848;0;0;0;0;0;0;0;0;0;0;0;2324;0;0;125;0;42;0;
19520;4847110;1185734656;22138880;1384910848;0;0;0;0;0;0;0;0;0;0;0;2364;0;0;125;0;42;0;
19521;2755909;1185734656;22147072;1384919040;0;0;0;0;0;0;0;0;0;0;0;2235;0;0;125;0;42;0;
19522;4429256;1185734656;22147072;1384919040;0;0;0;0;0;0;0;0;0;0;0;2294;0;0;125;0;42;0;
19523;2693932;1185734656;22147072;1384919040;0;0;0;0;0;0;0;0;0;0;0;2204;0;0;125;0;42;0;
19524;4410612;1185734656;22147072;1384919040;0;0;0;0;0;0;0;0;0;0;0;1984;0;0;125;0;42;0;
19525;3160137;1185734656;22147072;1384919040;0;0;0;0;0;0;0;0;0;0;0;2394;0;0;125;0;42;0;
19526;4942820;1185734656;22147072;1384919040;0;0;0;0;0;0;0;0;0;0;0;1924;0;0;125;0;42;0;
19527;2366498;1185861632;22138880;1384910848;0;0;0;0;0;0;0;0;0;0;0;2454;0;0;125;0;42;0;
19528;4568257;1185861632;22138880;1384910848;0;0;0;0;0;0;0;0;0;0;0;2475;0;0;125;0;42;0;
19529;3094203;1185861632;22138880;1384910848;0;0;0;0;0;0;0;0;0;0;0;2624;0;0;125;0;42;0;
19530;4353164;1185861632;22138880;1384910848;0;0;0;0;0;0;0;0;0;0;0;2354;0;0;125;0;42;0;
19531;2453361;1185861632;22138880;1384910848;0;0;0;0;0;0;0;0;0;0;0;2044;0;0;125;0;42;0;
19532;4501693;1185861632;22138880;1384910848;0;0;0;0;0;0;0;0;0;0;0;2284;0;0;125;0;42;0;
19533;3552562;1185861632;22138880;1384910848;0;0;0;0;0;0;0;0;0;0;0;3126;0;0;125;0;42;0;
19534;4827303;1185861632;22138880;1384910848;0;0;0;0;0;0;0;0;0;0;0;2264;0;0;125;0;42;0;
19535;2592332;1185861632;22138880;1384910848;0;0;0;0;0;0;0;0;0;0;0;2745;0;0;125;0;42;0;
19536;4554120;1185861632;22138880;1384910848;0;0;0;0;0;0;0;0;0;0;0;2204;0;0;125;0;42;0;
19537;3040442;1185861632;22138880;1384910848;0;0;0;0;0;0;0;0;0;0;0;2385;0;0;125;0;42;0;
19538;5061903;1185861632;22138880;1384910848;0;0;0;0;0;0;0;0;0;0;0;2295;0;0;125;0;42;0;
19539;3729395;1185861632;22138880;1384910848;0;0;0;0;0;0;0;0;0;0;0;3807;0;0;125;0;42;0;
19540;4801605;1185861632;22138880;1384910848;0;0;0;0;0;0;0;0;0;0;0;2434;0;0;125;0;42;0;
19541;3147002;1185861632;22138880;1384910848;0;0;0;0;0;0;0;0;0;0;0;2926;0;0;125;0;42;0;
19542;5486960;1185861632;22138880;1384910848;0;0;0;0;0;0;0;0;0;0;0;2845;0;0;125;0;42;0;
19543;4125536;1185861632;22138880;1384910848;0;0;0;0;0;0;0;0;0;0;0;3356;0;0;125;0;42;0;
19544;5076330;1185861632;22138880;1384910848;0;0;0;0;0;0;0;0;0;0;0;2635;0;0;125;0;42;0;
19545;3886920;1185861632;22138880;1384910848;0;0;0;0;0;0;0;0;0;0;0;2715;0;0;125;0;42;0;
19546;4781748;1185861632;22138880;1384910848;0;0;0;0;0;0;0;0;0;0;0;2565;0;0;125;0;42;0;
19547;2217549;1185861632;22138880;1384910848;0;0;0;0;0;0;0;0;0;0;0;2444;0;0;125;0;42;0;
19548;4809930;1185861632;22138880;1384910848;0;0;0;0;0;0;0;0;0;0;0;2294;0;0;125;0;42;0;
19549;2253716;1185861632;22138880;1384910848;0;0;0;0;0;0;0;0;0;0;0;2715;0;0;125;0;42;0;
19550;4961444;1185861632;22138880;1384910848;0;0;0;0;0;0;0;0;0;0;0;2274;0;0;125;0;42;0;
19551;2549011;1185861632;22138880;1384910848;0;0;0;0;0;0;0;0;0;0;0;2715;0;0;125;0;42;0;
19552;4559160;1185861632;22138880;1384910848;0;0;0;0;0;0;0;0;0;0;0;2675;0;0;125;0;42;0;
19553;2971413;1185861632;22138880;1384910848;0;0;0;0;0;0;0;0;0;0;0;2655;0;0;125;0;42;0;
19554;5230068;1185861632;22138880;1384910848;0;0;0;0;0;0;0;0;0;0;0;2465;0;0;125;0;42;0;
19555;4164540;1185861632;22138880;1384910848;0;0;0;0;0;0;0;0;0;0;0;3537;0;0;125;0;42;0;
19556;5048858;1185861632;22138880;1384910848;0;0;0;0;0;0;0;0;0;0;0;3196;0;0;125;0;42;0;
19557;4633960;1185861632;22138880;1384910848;0;0;0;0;0;0;0;0;0;0;0;3566;0;0;125;0;42;0;
19558;5133107;1185861632;22138880;1384910848;0;0;0;0;0;0;0;0;0;0;0;2194;0;0;125;0;42;0;
19559;2672693;1185861632;22138880;1384910848;0;0;0;0;0;0;0;0;0;0;0;2304;0;0;125;0;42;0;
19560;4695185;1185861632;22138880;1384910848;0;0;0;0;0;0;0;0;0;0;0;2315;0;0;125;0;42;0;
19561;3038248;1185861632;22138880;1384910848;0;0;0;0;0;0;0;0;0;0;0;2445;0;0;125;0;42;0;
19562;7219829;1185861632;22138880;1384910848;0;0;0;0;0;0;0;0;0;0;0;2124;0;0;125;0;42;0;
19563;8908998;1185861632;22138880;1384910848;0;0;0;0;0;0;0;0;0;0;0;2906;0;0;125;0;42;0;
19564;4534934;1185861632;22138880;1384910848;0;0;0;0;0;0;0;0;0;0;0;2595;0;0;125;0;42;0;
19565;2851147;1185861632;22138880;1384910848;0;0;0;0;0;0;0;0;0;0;0;2455;0;0;125;0;42;0;
19566;4939714;1185861632;22138880;1384910848;0;0;0;0;0;0;0;0;0;0;0;2605;0;0;125;0;42;0;
19567;2990107;1185861632;22138880;1384910848;0;0;0;0;0;0;0;0;0;0;0;2394;0;0;125;0;42;0;
19568;5415205;1185861632;22138880;1384910848;0;0;0;0;0;0;0;0;0;0;0;2755;0;0;125;0;42;0;
19569;3624878;1185861632;22138880;1384910848;0;0;0;0;0;0;0;0;0;0;0;2605;0;0;125;0;42;0;
19570;4740360;1185861632;22138880;1384910848;0;0;0;0;0;0;0;0;0;0;0;2385;0;0;125;0;42;0;
19571;3379678;1185861632;22138880;1384910848;0;0;0;0;0;0;0;0;0;0;0;3006;0;0;125;0;42;0;
19572;5362196;1185861632;22138880;1384910848;0;0;0;0;0;0;0;0;0;0;0;3096;0;0;125;0;42;0;
19573;3896588;1185861632;22138880;1384910848;0;0;0;0;0;0;0;0;0;0;0;3317;0;0;125;0;42;0;
19574;5568132;1185861632;22138880;1384910848;0;0;0;0;0;0;0;0;0;0;0;2395;0;0;125;0;42;0;
19575;3612515;1185861632;22138880;1384910848;0;0;0;0;0;0;0;0;0;0;0;2856;0;0;125;0;42;0;
19576;4778491;1185861632;22138880;1384910848;0;0;0;0;0;0;0;0;0;0;0;2565;0;0;125;0;42;0;
19577;4084239;1185861632;22138880;1384910848;0;0;0;0;0;0;0;0;0;0;0;3326;0;0;125;0;42;0;
19578;4986481;1185861632;22138880;1384910848;0;0;0;0;0;0;0;0;0;0;0;2244;0;0;125;0;42;0;
19579;6204636;1185861632;22138880;1384910848;0;0;0;0;0;0;0;0;0;0;0;4068;0;0;125;0;42;0;
19580;6190189;1185861632;22138880;1384910848;0;0;0;0;0;0;0;0;0;0;0;2795;0;0;125;0;42;0;
19581;4932701;1185861632;22138880;1384910848;0;0;0;0;0;0;0;0;0;0;0;3697;0;0;125;0;42;0;
19582;5115433;1185861632;22138880;1384910848;0;0;0;0;0;0;0;0;0;0;0;13214;0;0;125;0;42;0;
19583;3652079;1185861632;22138880;1384910848;0;0;0;0;0;0;0;0;0;0;0;2244;0;0;125;0;42;0;
19584;4879581;1185861632;22138880;1384910848;0;0;0;0;0;0;0;0;0;0;0;2505;0;0;125;0;42;0;
19585;4137138;1185861632;22138880;1384910848;0;0;0;0;0;0;0;0;0;0;0;3045;0;0;125;0;42;0;
19586;4851298;1185861632;22138880;1384910848;0;0;0;0;0;0;0;0;0;0;0;2895;0;0;125;0;42;0;
19587;3623846;1185861632;22138880;1384910848;0;0;0;0;0;0;0;0;0;0;0;2515;0;0;125;0;42;0;
19588;4944323;1185861632;22138880;1384910848;0;0;0;0;0;0;0;0;0;0;0;1913;0;0;125;0;42;0;
19589;3069596;1185861632;22138880;1384910848;0;0;0;0;0;0;0;0;0;0;0;2325;0;0;125;0;42;0;
19590;4450176;1185861632;22138880;1384910848;0;0;0;0;0;0;0;0;0;0;0;2284;0;0;125;0;42;0;
19591;2320512;1185861632;22138880;1384910848;0;0;0;0;0;0;0;0;0;0;0;2344;0;0;125;0;42;0;
19592;4669347;1185861632;22138880;1384910848;0;0;0;0;0;0;0;0;0;0;0;2053;0;0;125;0;42;0;
19593;3016046;1185861632;22138880;1384910848;0;0;0;0;0;0;0;0;0;0;0;2284;0;0;125;0;42;0;
19594;4615696;1185861632;22138880;1384910848;0;0;0;0;0;0;0;0;0;0;0;2384;0;0;125;0;42;0;
19595;2955884;1185861632;22138880;1384910848;0;0;0;0;0;0;0;0;0;0;0;2445;0;0;125;0;42;0;
19596;4508745;1185861632;22138880;1384910848;0;0;0;0;0;0;0;0;0;0;0;2164;0;0;125;0;42;0;
19597;3285381;1185861632;22138880;1384910848;0;0;0;0;0;0;0;0;0;0;0;2635;0;0;125;0;42;0;
19598;4455436;1185861632;22138880;1384910848;0;0;0;0;0;0;0;0;0;0;0;2134;0;0;125;0;42;0;
19599;3873053;1185861632;22138880;1384910848;0;0;0;0;0;0;0;0;0;0;0;3747;0;0;125;0;42;0;
19600;4945215;1185861632;22138880;1384910848;0;0;0;0;0;0;0;0;0;0;0;3095;0;0;125;0;42;0;
19601;3232643;1185861632;22138880;1384910848;0;0;0;0;0;0;0;0;0;0;0;2975;0;0;125;0;42;0;
19602;5287045;1185861632;22138880;1384910848;0;0;0;0;0;0;0;0;0;0;0;2235;0;0;125;0;42;0;
19603;3044359;1185861632;22138880;1384910848;0;0;0;0;0;0;0;0;0;0;0;3346;0;0;125;0;42;0;
19604;4481765;1185861632;22138880;1384910848;0;0;0;0;0;0;0;0;0;0;0;2314;0;0;125;0;42;0;
19605;2718108;1185861632;22138880;1384910848;0;0;0;0;0;0;0;0;0;0;0;2494;0;0;125;0;42;0;
19606;4603944;1185861632;22138880;1384910848;0;0;0;0;0;0;0;0;0;0;0;2354;0;0;125;0;42;0;
19607;2561754;1185861632;22138880;1384910848;0;0;0;0;0;0;0;0;0;0;0;2184;0;0;125;0;42;0;
19608;5395859;1185861632;22138880;1384910848;0;0;0;0;0;0;0;0;0;0;0;2104;0;0;125;0;42;0;
19609;2522491;1185861632;22138880;1384910848;0;0;0;0;0;0;0;0;0;0;0;2174;0;0;125;0;42;0;
19610;4514146;1185861632;22138880;1384910848;0;0;0;0;0;0;0;0;0;0;0;1994;0;0;125;0;42;0;
19611;3406789;1185861632;22138880;1384910848;0;0;0;0;0;0;0;0;0;0;0;2324;0;0;125;0;42;0;
19612;4482216;1185861632;22138880;1384910848;0;0;0;0;0;0;0;0;0;0;0;1864;0;0;125;0;42;0;
19613;2774293;1185861632;22138880;1384910848;0;0;0;0;0;0;0;0;0;0;0;2345;0;0;125;0;42;0;
19614;4312006;1185861632;22138880;1384910848;0;0;0;0;0;0;0;0;0;0;0;2305;0;0;125;0;42;0;
19615;3558563;1185861632;22138880;1384910848;0;0;0;0;0;0;0;0;0;0;0;2945;0;0;125;0;42;0;
19616;4932110;1185861632;22138880;1384910848;0;0;0;0;0;0;0;0;0;0;0;2906;0;0;125;0;42;0;
19617;3780610;1185861632;22138880;1384910848;0;0;0;0;0;0;0;0;0;0;0;3026;0;0;125;0;42;0;
19618;4831070;1185861632;22138880;1384910848;0;0;0;0;0;0;0;0;0;0;0;1833;0;0;125;0;42;0;
19619;4080172;1185861632;22138880;1384910848;0;0;0;0;0;0;0;0;0;0;0;3186;0;0;125;0;42;0;
19620;4787237;1185861632;22138880;1384910848;0;0;0;0;0;0;0;0;0;0;0;2435;0;0;125;0;42;0;
19621;2748033;1185861632;22138880;1384910848;0;0;0;0;0;0;0;0;0;0;0;2615;0;0;125;0;42;0;
19622;4661933;1185861632;22138880;1384910848;0;0;0;0;0;0;0;0;0;0;0;2284;0;0;125;0;42;0;
19623;2621456;1185861632;22138880;1384910848;0;0;0;0;0;0;0;0;0;0;0;2895;0;0;125;0;42;0;
19624;4846659;1185861632;22138880;1384910848;0;0;0;0;0;0;0;0;0;0;0;2675;0;0;125;0;42;0;
19625;3242992;1185861632;22138880;1384910848;0;0;0;0;0;0;0;0;0;0;0;3586;0;0;125;0;42;0;
19626;4562877;1185861632;22138880;1384910848;0;0;0;0;0;0;0;0;0;0;0;2305;0;0;125;0;42;0;
19627;3134138;1185861632;22138880;1384910848;0;0;0;0;0;0;0;0;0;0;0;2635;0;0;125;0;42;0;
19628;4716355;1185861632;22138880;1384910848;0;0;0;0;0;0;0;0;0;0;0;2314;0;0;125;0;42;0;
19629;3031035;1185861632;22138880;1384910848;0;0;0;0;0;0;0;0;0;0;0;2424;0;0;125;0;42;0;
19630;4459143;1185861632;22138880;1384910848;0;0;0;0;0;0;0;0;0;0;0;2094;0;0;125;0;42;0;
19631;3273499;1185861632;22138880;1384910848;0;0;0;0;0;0;0;0;0;0;0;2635;0;0;125;0;42;0;
19632;4476555;1185861632;22138880;1384910848;0;0;0;0;0;0;0;0;0;0;0;2445;0;0;125;0;42;0;
19633;3038037;1185861632;22138880;1384910848;0;0;0;0;0;0;0;0;0;0;0;2625;0;0;125;0;42;0;
19634;4546266;1185861632;22138880;1384910848;0;0;0;0;0;0;0;0;0;0;0;2114;0;0;125;0;42;0;
19635;2392396;1185861632;22138880;1384910848;0;0;0;0;0;0;0;0;0;0;0;2665;0;0;125;0;42;0;
19636;4496433;1185861632;22138880;1384910848;0;0;0;0;0;0;0;0;0;0;0;1864;0;0;125;0;42;0;
19637;3677698;1185861632;22138880;1384910848;0;0;0;0;0;0;0;0;0;0;0;2274;0;0;125;0;42;0;
19638;4765818;1185861632;22138880;1384910848;0;0;0;0;0;0;0;0;0;0;0;2114;0;0;125;0;42;0;
19639;2772029;1185861632;22138880;1384910848;0;0;0;0;0;0;0;0;0;0;0;2745;0;0;125;0;42;0;
19640;4823456;1185861632;22138880;1384910848;0;0;0;0;0;0;0;0;0;0;0;2545;0;0;125;0;42;0;
19641;2920207;1185861632;22138880;1384910848;0;0;0;0;0;0;0;0;0;0;0;2695;0;0;125;0;42;0;
19642;4860656;1185861632;22138880;1384910848;0;0;0;0;0;0;0;0;0;0;0;2725;0;0;125;0;42;0;
19643;2559961;1185861632;22147072;1384919040;0;0;0;0;0;0;0;0;0;0;0;2235;0;0;125;0;42;0;
19644;4552568;1185861632;22147072;1384919040;0;0;0;0;0;0;0;0;0;0;0;2625;0;0;125;0;42;0;
19645;4417805;1185861632;22147072;1384919040;0;0;0;0;0;0;0;0;0;0;0;3517;0;0;125;0;42;0;
19646;4822003;1185861632;22147072;1384919040;0;0;0;0;0;0;0;0;0;0;0;2244;0;0;125;0;42;0;
19647;4018767;1185861632;22147072;1384919040;0;0;0;0;0;0;0;0;0;0;0;3056;0;0;125;0;42;0;
19648;4680347;1185861632;22147072;1384919040;0;0;0;0;0;0;0;0;0;0;0;2886;0;0;125;0;42;0;
19649;4675008;1185902592;22138880;1384910848;0;0;0;0;0;0;0;0;0;0;0;2645;0;0;125;0;42;0;
19650;4481504;1185902592;22138880;1384910848;0;0;0;0;0;0;0;0;0;0;0;2144;0;0;125;0;42;0;
19651;3293577;1185902592;22138880;1384910848;0;0;0;0;0;0;0;0;0;0;0;2585;0;0;125;0;42;0;
19652;5235870;1185902592;22138880;1384910848;0;0;0;0;0;0;0;0;0;0;0;2605;0;0;125;0;42;0;
19653;2526257;1185902592;22138880;1384910848;0;0;0;0;0;0;0;0;0;0;0;5781;0;0;125;0;42;0;
19654;4979779;1185902592;22138880;1384910848;0;0;0;0;0;0;0;0;0;0;0;2064;0;0;125;0;42;0;
19655;2635873;1185902592;22138880;1384910848;0;0;0;0;0;0;0;0;0;0;0;2545;0;0;125;0;42;0;
19656;4553980;1185902592;22138880;1384910848;0;0;0;0;0;0;0;0;0;0;0;2174;0;0;125;0;42;0;
19657;3389797;1185902592;22138880;1384910848;0;0;0;0;0;0;0;0;0;0;0;2725;0;0;125;0;42;0;
19658;4592372;1185902592;22138880;1384910848;0;0;0;0;0;0;0;0;0;0;0;1713;0;0;125;0;42;0;
19659;2702408;1185902592;22138880;1384910848;0;0;0;0;0;0;0;0;0;0;0;2465;0;0;125;0;42;0;
19660;4525637;1185902592;22138880;1384910848;0;0;0;0;0;0;0;0;0;0;0;2565;0;0;125;0;42;0;
19661;3115753;1185902592;22138880;1384910848;0;0;0;0;0;0;0;0;0;0;0;3096;0;0;125;0;42;0;
19662;5000648;1185902592;22138880;1384910848;0;0;0;0;0;0;0;0;0;0;0;2054;0;0;125;0;42;0;
19663;2246232;1185902592;22138880;1384910848;0;0;0;0;0;0;0;0;0;0;0;2514;0;0;125;0;42;0;
19664;4791846;1185902592;22138880;1384910848;0;0;0;0;0;0;0;0;0;0;0;2234;0;0;125;0;42;0;
19665;3163282;1185902592;22138880;1384910848;0;0;0;0;0;0;0;0;0;0;0;2685;0;0;125;0;42;0;
19666;4792207;1185902592;22138880;1384910848;0;0;0;0;0;0;0;0;0;0;0;2093;0;0;125;0;42;0;
19667;3268480;1185902592;22138880;1384910848;0;0;0;0;0;0;0;0;0;0;0;2655;0;0;125;0;42;0;
19668;4731193;1185902592;22138880;1384910848;0;0;0;0;0;0;0;0;0;0;0;2595;0;0;125;0;42;0;
19669;2571733;1185902592;22138880;1384910848;0;0;0;0;0;0;0;0;0;0;0;3035;0;0;125;0;42;0;
19670;4641385;1185902592;22138880;1384910848;0;0;0;0;0;0;0;0;0;0;0;2394;0;0;125;0;42;0;
19671;3272197;1185902592;22138880;1384910848;0;0;0;0;0;0;0;0;0;0;0;3227;0;0;125;0;42;0;
19672;5039831;1185902592;22138880;1384910848;0;0;0;0;0;0;0;0;0;0;0;2885;0;0;125;0;42;0;
19673;2655450;1185902592;22138880;1384910848;0;0;0;0;0;0;0;0;0;0;0;3246;0;0;125;0;42;0;
19674;4790383;1185902592;22138880;1384910848;0;0;0;0;0;0;0;0;0;0;0;2435;0;0;125;0;42;0;
19675;2610747;1185902592;22138880;1384910848;0;0;0;0;0;0;0;0;0;0;0;2464;0;0;125;0;42;0;
19676;5390199;1185902592;22138880;1384910848;0;0;0;0;0;0;0;0;0;0;0;2595;0;0;125;0;42;0;
19677;4032583;1185902592;22138880;1384910848;0;0;0;0;0;0;0;0;0;0;0;3367;0;0;125;0;42;0;
19678;4891864;1185902592;22138880;1384910848;0;0;0;0;0;0;0;0;0;0;0;2014;0;0;125;0;42;0;
19679;3554846;1185902592;22138880;1384910848;0;0;0;0;0;0;0;0;0;0;0;2675;0;0;125;0;42;0;
19680;5380841;1185902592;22138880;1384910848;0;0;0;0;0;0;0;0;0;0;0;3026;0;0;125;0;42;0;
19681;3195372;1185902592;22138880;1384910848;0;0;0;0;0;0;0;0;0;0;0;3015;0;0;125;0;42;0;
19682;5026106;1185902592;22138880;1384910848;0;0;0;0;0;0;0;0;0;0;0;2034;0;0;125;0;42;0;
19683;3525031;1185902592;22138880;1384910848;0;0;0;0;0;0;0;0;0;0;0;2936;0;0;125;0;42;0;
19684;4704142;1185902592;22138880;1384910848;0;0;0;0;0;0;0;0;0;0;0;2785;0;0;125;0;42;0;
19685;3376803;1185902592;22138880;1384910848;0;0;0;0;0;0;0;0;0;0;0;3387;0;0;125;0;42;0;
19686;4926179;1185902592;22138880;1384910848;0;0;0;0;0;0;0;0;0;0;0;2444;0;0;125;0;42;0;
19687;4055716;1185902592;22138880;1384910848;0;0;0;0;0;0;0;0;0;0;0;2895;0;0;125;0;42;0;
19688;4726614;1185902592;22138880;1384910848;0;0;0;0;0;0;0;0;0;0;0;2514;0;0;125;0;42;0;
19689;3312432;1185902592;22138880;1384910848;0;0;0;0;0;0;0;0;0;0;0;3597;0;0;125;0;42;0;
19690;5902229;1185902592;22138880;1384910848;0;0;0;0;0;0;0;0;0;0;0;2325;0;0;125;0;42;0;
19691;3924360;1185902592;22138880;1384910848;0;0;0;0;0;0;0;0;0;0;0;3497;0;0;125;0;42;0;
19692;4745811;1185902592;22138880;1384910848;0;0;0;0;0;0;0;0;0;0;0;3507;0;0;125;0;42;0;
19693;4061577;1185902592;22138880;1384910848;0;0;0;0;0;0;0;0;0;0;0;3236;0;0;125;0;42;0;
19694;5220200;1185902592;22138880;1384910848;0;0;0;0;0;0;0;0;0;0;0;2905;0;0;125;0;42;0;
19695;3671325;1185902592;22138880;1384910848;0;0;0;0;0;0;0;0;0;0;0;3707;0;0;125;0;42;0;
19696;4751792;1185902592;22138880;1384910848;0;0;0;0;0;0;0;0;0;0;0;2875;0;0;125;0;42;0;
19697;5311832;1185902592;22138880;1384910848;0;0;0;0;0;0;0;0;0;0;0;6793;0;0;125;0;42;0;
19698;5815456;1185902592;22138880;1384910848;0;0;0;0;0;0;0;0;0;0;0;4999;0;0;125;0;42;0;
19699;4709733;1185902592;22138880;1384910848;0;0;0;0;0;0;0;0;0;0;0;3827;0;0;125;0;42;0;
19700;5740405;1185902592;22138880;1384910848;0;0;0;0;0;0;0;0;0;0;0;2655;0;0;125;0;42;0;
19701;4215476;1185902592;22138880;1384910848;0;0;0;0;0;0;0;0;0;0;0;3717;0;0;125;0;42;0;
19702;5209430;1185902592;22138880;1384910848;0;0;0;0;0;0;0;0;0;0;0;2355;0;0;125;0;42;0;
19703;3933878;1185902592;22138880;1384910848;0;0;0;0;0;0;0;0;0;0;0;2866;0;0;125;0;42;0;
19704;5170797;1185902592;22138880;1384910848;0;0;0;0;0;0;0;0;0;0;0;2495;0;0;125;0;42;0;
19705;4675508;1185902592;22138880;1384910848;0;0;0;0;0;0;0;0;0;0;0;3807;0;0;125;0;42;0;
19706;4881705;1185902592;22138880;1384910848;0;0;0;0;0;0;0;0;0;0;0;2124;0;0;125;0;42;0;
19707;4711306;1185902592;22138880;1384910848;0;0;0;0;0;0;0;0;0;0;0;3296;0;0;125;0;42;0;
19708;5011208;1185902592;22138880;1384910848;0;0;0;0;0;0;0;0;0;0;0;2875;0;0;125;0;42;0;
19709;3885667;1185902592;22138880;1384910848;0;0;0;0;0;0;0;0;0;0;0;3056;0;0;125;0;42;0;
19710;5076390;1185902592;22138880;1384910848;0;0;0;0;0;0;0;0;0;0;0;2625;0;0;125;0;42;0;
19711;4393329;1185902592;22138880;1384910848;0;0;0;0;0;0;0;0;0;0;0;2645;0;0;125;0;42;0;
19712;5409465;1185902592;22138880;1384910848;0;0;0;0;0;0;0;0;0;0;0;2265;0;0;125;0;42;0;
19713;3988930;1185902592;22138880;1384910848;0;0;0;0;0;0;0;0;0;0;0;2865;0;0;125;0;42;0;
19714;4754877;1185902592;22138880;1384910848;0;0;0;0;0;0;0;0;0;0;0;2345;0;0;125;0;42;0;
19715;4677152;1185902592;22138880;1384910848;0;0;0;0;0;0;0;0;0;0;0;2595;0;0;125;0;42;0;
19716;5087802;1185902592;22138880;1384910848;0;0;0;0;0;0;0;0;0;0;0;2024;0;0;125;0;42;0;
19717;4005101;1185902592;22138880;1384910848;0;0;0;0;0;0;0;0;0;0;0;2806;0;0;125;0;42;0;
19718;5315789;1185902592;22138880;1384910848;0;0;0;0;0;0;0;0;0;0;0;2134;0;0;125;0;42;0;
19719;3757266;1185902592;22138880;1384910848;0;0;0;0;0;0;0;0;0;0;0;2866;0;0;125;0;42;0;
19720;4755608;1185902592;22138880;1384910848;0;0;0;0;0;0;0;0;0;0;0;2545;0;0;125;0;42;0;
19721;3911225;1185902592;22138880;1384910848;0;0;0;0;0;0;0;0;0;0;0;3316;0;0;125;0;42;0;
19722;5097119;1185902592;22138880;1384910848;0;0;0;0;0;0;0;0;0;0;0;2194;0;0;125;0;42;0;
19723;4364906;1185902592;22138880;1384910848;0;0;0;0;0;0;0;0;0;0;0;2985;0;0;125;0;42;0;
19724;4786617;1185902592;22138880;1384910848;0;0;0;0;0;0;0;0;0;0;0;2254;0;0;125;0;42;0;
19725;4207620;1185902592;22138880;1384910848;0;0;0;0;0;0;0;0;0;0;0;2605;0;0;125;0;42;0;
19726;5033800;1185902592;22138880;1384910848;0;0;0;0;0;0;0;0;0;0;0;2355;0;0;125;0;42;0;
19727;3732529;1185902592;22138880;1384910848;0;0;0;0;0;0;0;0;0;0;0;2886;0;0;125;0;42;0;
19728;5176618;1185902592;22138880;1384910848;0;0;0;0;0;0;0;0;0;0;0;2335;0;0;125;0;42;0;
19729;3894965;1185902592;22138880;1384910848;0;0;0;0;0;0;0;0;0;0;0;3436;0;0;125;0;42;0;
19730;4816903;1185902592;22138880;1384910848;0;0;0;0;0;0;0;0;0;0;0;2716;0;0;125;0;42;0;
19731;3552983;1185902592;22138880;1384910848;0;0;0;0;0;0;0;0;0;0;0;2204;0;0;125;0;42;0;
19732;4722126;1185902592;22138880;1384910848;0;0;0;0;0;0;0;0;0;0;0;2375;0;0;125;0;42;0;
19733;4183055;1185902592;22138880;1384910848;0;0;0;0;0;0;0;0;0;0;0;3416;0;0;125;0;42;0;
19734;5100465;1185902592;22138880;1384910848;0;0;0;0;0;0;0;0;0;0;0;2134;0;0;125;0;42;0;
19735;3721319;1185902592;22138880;1384910848;0;0;0;0;0;0;0;0;0;0;0;2976;0;0;125;0;42;0;
19736;4986011;1185902592;22138880;1384910848;0;0;0;0;0;0;0;0;0;0;0;2465;0;0;125;0;42;0;
19737;4108776;1185902592;22138880;1384910848;0;0;0;0;0;0;0;0;0;0;0;3637;0;0;125;0;42;0;
19738;4692280;1185902592;22138880;1384910848;0;0;0;0;0;0;0;0;0;0;0;2375;0;0;125;0;42;0;
19739;2849895;1185902592;22138880;1384910848;0;0;0;0;0;0;0;0;0;0;0;2405;0;0;125;0;42;0;
19740;4384593;1185902592;22138880;1384910848;0;0;0;0;0;0;0;0;0;0;0;2164;0;0;125;0;42;0;
19741;4006564;1185902592;22138880;1384910848;0;0;0;0;0;0;0;0;0;0;0;2425;0;0;125;0;42;0;
19742;4594837;1185902592;22138880;1384910848;0;0;0;0;0;0;0;0;0;0;0;2284;0;0;125;0;42;0;
19743;2666841;1185902592;22138880;1384910848;0;0;0;0;0;0;0;0;0;0;0;2364;0;0;125;0;42;0;
19744;4686759;1185902592;22138880;1384910848;0;0;0;0;0;0;0;0;0;0;0;2565;0;0;125;0;42;0;
19745;3845702;1185902592;22138880;1384910848;0;0;0;0;0;0;0;0;0;0;0;3417;0;0;125;0;42;0;
19746;5009865;1185902592;22138880;1384910848;0;0;0;0;0;0;0;0;0;0;0;3586;0;0;125;0;42;0;
19747;3874146;1185902592;22138880;1384910848;0;0;0;0;0;0;0;0;0;0;0;3367;0;0;125;0;42;0;
19748;4863932;1185902592;22138880;1384910848;0;0;0;0;0;0;0;0;0;0;0;9728;0;0;125;0;42;0;
19749;4087115;1185902592;22138880;1384910848;0;0;0;0;0;0;0;0;0;0;0;3166;0;0;125;0;42;0;
19750;5247130;1185902592;22138880;1384910848;0;0;0;0;0;0;0;0;0;0;0;3928;0;0;125;0;42;0;
19751;4121640;1185902592;22138880;1384910848;0;0;0;0;0;0;0;0;0;0;0;3887;0;0;125;0;42;0;
19752;5764020;1185902592;22138880;1384910848;0;0;0;0;0;0;0;0;0;0;0;3126;0;0;125;0;42;0;
19753;3158313;1185902592;22138880;1384910848;0;0;0;0;0;0;0;0;0;0;0;3186;0;0;125;0;42;0;
19754;4866507;1185902592;22138880;1384910848;0;0;0;0;0;0;0;0;0;0;0;3065;0;0;125;0;42;0;
19755;5115644;1185902592;22138880;1384910848;0;0;0;0;0;0;0;0;0;0;0;4879;0;0;125;0;42;0;
19756;5365343;1185902592;22138880;1384910848;0;0;0;0;0;0;0;0;0;0;0;3477;0;0;125;0;42;0;
19757;4203703;1185902592;22138880;1384910848;0;0;0;0;0;0;0;0;0;0;0;3657;0;0;125;0;42;0;
19758;4841068;1185902592;22138880;1384910848;0;0;0;0;0;0;0;0;0;0;0;2335;0;0;125;0;42;0;
19759;3737840;1185902592;22138880;1384910848;0;0;0;0;0;0;0;0;0;0;0;2524;0;0;125;0;42;0;
19760;4879842;1185902592;22138880;1384910848;0;0;0;0;0;0;0;0;0;0;0;2455;0;0;125;0;42;0;
19761;2949532;1185902592;22138880;1384910848;0;0;0;0;0;0;0;0;0;0;0;3707;0;0;125;0;42;0;
19762;4950935;1185902592;22138880;1384910848;0;0;0;0;0;0;0;0;0;0;0;2024;0;0;125;0;42;0;
19763;4458993;1185902592;22138880;1384910848;0;0;0;0;0;0;0;0;0;0;0;3296;0;0;125;0;42;0;
19764;5157813;1185902592;22138880;1384910848;0;0;0;0;0;0;0;0;0;0;0;2575;0;0;125;0;42;0;
19765;3297875;1185902592;22138880;1384910848;0;0;0;0;0;0;0;0;0;0;0;3216;0;0;125;0;42;0;
19766;5089605;1185902592;22138880;1384910848;0;0;0;0;0;0;0;0;0;0;0;2114;0;0;125;0;42;0;
19767;4292069;1185902592;22138880;1384910848;0;0;0;0;0;0;0;0;0;0;0;3416;0;0;125;0;42;0;
19768;4768403;1185902592;22138880;1384910848;0;0;0;0;0;0;0;0;0;0;0;2846;0;0;125;0;42;0;
19769;3448928;1185902592;22138880;1384910848;0;0;0;0;0;0;0;0;0;0;0;3146;0;0;125;0;42;0;
19770;4809700;1185902592;22138880;1384910848;0;0;0;0;0;0;0;0;0;0;0;1733;0;0;125;0;42;0;
19771;4343645;1185902592;22138880;1384910848;0;0;0;0;0;0;0;0;0;0;0;3005;0;0;125;0;42;0;
19772;4986081;1185902592;22138880;1384910848;0;0;0;0;0;0;0;0;0;0;0;2334;0;0;125;0;42;0;
19773;3790899;1185902592;22138880;1384910848;0;0;0;0;0;0;0;0;0;0;0;3046;0;0;125;0;42;0;
19774;4877667;1185902592;22138880;1384910848;0;0;0;0;0;0;0;0;0;0;0;1823;0;0;125;0;42;0;
19775;4086594;1185902592;22138880;1384910848;0;0;0;0;0;0;0;0;0;0;0;2505;0;0;125;0;42;0;
19776;4994978;1185902592;22138880;1384910848;0;0;0;0;0;0;0;0;0;0;0;2624;0;0;125;0;42;0;
19777;4096643;1185902592;22138880;1384910848;0;0;0;0;0;0;0;0;0;0;0;3556;0;0;125;0;42;0;
19778;5431126;1185902592;22138880;1384910848;0;0;0;0;0;0;0;0;0;0;0;2023;0;0;125;0;42;0;
19779;4064663;1185902592;22138880;1384910848;0;0;0;0;0;0;0;0;0;0;0;2906;0;0;125;0;42;0;
19780;4830058;1185902592;22138880;1384910848;0;0;0;0;0;0;0;0;0;0;0;2385;0;0;125;0;42;0;
19781;4364636;1185902592;22138880;1384910848;0;0;0;0;0;0;0;0;0;0;0;3226;0;0;125;0;42;0;
19782;5049069;1185902592;22138880;1384910848;0;0;0;0;0;0;0;0;0;0;0;2324;0;0;125;0;42;0;
19783;4145775;1185902592;22138880;1384910848;0;0;0;0;0;0;0;0;0;0;0;2775;0;0;125;0;42;0;
19784;4835959;1185902592;22138880;1384910848;0;0;0;0;0;0;0;0;0;0;0;2395;0;0;125;0;42;0;
19785;5141963;1185902592;22138880;1384910848;0;0;0;0;0;0;0;0;0;0;0;3727;0;0;125;0;42;0;
19786;8748918;1185902592;22138880;1384910848;0;0;0;0;0;0;0;0;0;0;0;2795;0;0;125;0;42;0;
19787;5780711;1185902592;22138880;1384910848;0;0;0;0;0;0;0;0;0;0;0;3747;0;0;125;0;42;0;
19788;5714366;1185902592;22138880;1384910848;0;0;0;0;0;0;0;0;0;0;0;3066;0;0;125;0;42;0;
19789;4978797;1185902592;22138880;1384910848;0;0;0;0;0;0;0;0;0;0;0;2735;0;0;125;0;42;0;
19790;5147984;1185902592;22138880;1384910848;0;0;0;0;0;0;0;0;0;0;0;2174;0;0;125;0;42;0;
19791;4555965;1185902592;22138880;1384910848;0;0;0;0;0;0;0;0;0;0;0;3727;0;0;125;0;42;0;
19792;11072245;1185902592;22138880;1384910848;0;0;0;0;0;0;0;0;0;0;0;3035;0;0;125;0;42;0;
19793;5812431;1185902592;22138880;1384910848;0;0;0;0;0;0;0;0;0;0;0;3737;0;0;125;0;42;0;
19794;5267058;1185902592;22138880;1384910848;0;0;0;0;0;0;0;0;0;0;0;2775;0;0;125;0;42;0;
19795;5444110;1185902592;22138880;1384910848;0;0;0;0;0;0;0;0;0;0;0;3647;0;0;125;0;42;0;
19796;5433109;1185902592;22138880;1384910848;0;0;0;0;0;0;0;0;0;0;0;7444;0;0;125;0;42;0;
19797;4924655;1185902592;22138880;1384910848;0;0;0;0;0;0;0;0;0;0;0;3777;0;0;125;0;42;0;
19798;5224117;1185902592;22138880;1384910848;0;0;0;0;0;0;0;0;0;0;0;2926;0;0;125;0;42;0;
19799;5547714;1185902592;22138880;1384910848;0;0;0;0;0;0;0;0;0;0;0;4228;0;0;125;0;42;0;
19800;5344874;1185902592;22138880;1384910848;0;0;0;0;0;0;0;0;0;0;0;3958;0;0;125;0;42;0;
19801;6174339;1185902592;22138880;1384910848;0;0;0;0;0;0;0;0;0;0;0;5460;0;0;125;0;42;0;
19802;5402532;1185902592;22138880;1384910848;0;0;0;0;0;0;0;0;0;0;0;1933;0;0;125;0;42;0;
19803;4837752;1185902592;22138880;1384910848;0;0;0;0;0;0;0;0;0;0;0;2625;0;0;125;0;42;0;
19804;4764475;1185902592;22138880;1384910848;0;0;0;0;0;0;0;0;0;0;0;2515;0;0;125;0;42;0;
19805;3989612;1185902592;22138880;1384910848;0;0;0;0;0;0;0;0;0;0;0;3005;0;0;125;0;42;0;
19806;5298026;1185902592;22138880;1384910848;0;0;0;0;0;0;0;0;0;0;0;2345;0;0;125;0;42;0;
19807;3923999;1185902592;22138880;1384910848;0;0;0;0;0;0;0;0;0;0;0;3456;0;0;125;0;42;0;
19808;4897975;1185902592;22138880;1384910848;0;0;0;0;0;0;0;0;0;0;0;2164;0;0;125;0;42;0;
19809;4596471;1185902592;22138880;1384910848;0;0;0;0;0;0;0;0;0;0;0;2425;0;0;125;0;42;0;
19810;5110404;1185902592;22138880;1384910848;0;0;0;0;0;0;0;0;0;0;0;2214;0;0;125;0;42;0;
19811;4303410;1185902592;22138880;1384910848;0;0;0;0;0;0;0;0;0;0;0;2906;0;0;125;0;42;0;
19812;5195634;1185902592;22138880;1384910848;0;0;0;0;0;0;0;0;0;0;0;2585;0;0;125;0;42;0;
19813;4767050;1185902592;22138880;1384910848;0;0;0;0;0;0;0;0;0;0;0;2525;0;0;125;0;42;0;
19814;5153164;1185902592;22138880;1384910848;0;0;0;0;0;0;0;0;0;0;0;2194;0;0;125;0;42;0;
19815;3498050;1185902592;22138880;1384910848;0;0;0;0;0;0;0;0;0;0;0;4479;0;0;125;0;42;0;
19816;5022198;1185902592;22138880;1384910848;0;0;0;0;0;0;0;0;0;0;0;2344;0;0;125;0;42;0;
19817;4057650;1185902592;22138880;1384910848;0;0;0;0;0;0;0;0;0;0;0;2976;0;0;125;0;42;0;
19818;4804249;1185902592;22138880;1384910848;0;0;0;0;0;0;0;0;0;0;0;2004;0;0;125;0;42;0;
19819;4136187;1185902592;22138880;1384910848;0;0;0;0;0;0;0;0;0;0;0;2935;0;0;125;0;42;0;
19820;5028621;1185902592;22138880;1384910848;0;0;0;0;0;0;0;0;0;0;0;2615;0;0;125;0;42;0;
19821;4553439;1185902592;22138880;1384910848;0;0;0;0;0;0;0;0;0;0;0;2545;0;0;125;0;42;0;
19822;4776237;1185902592;22138880;1384910848;0;0;0;0;0;0;0;0;0;0;0;2695;0;0;125;0;42;0;
19823;4529304;1185902592;22138880;1384910848;0;0;0;0;0;0;0;0;0;0;0;2695;0;0;125;0;42;0;
19824;4817104;1185902592;22138880;1384910848;0;0;0;0;0;0;0;0;0;0;0;2475;0;0;125;0;42;0;
19825;3990143;1185902592;22138880;1384910848;0;0;0;0;0;0;0;0;0;0;0;2405;0;0;125;0;42;0;
19826;4949973;1185902592;22138880;1384910848;0;0;0;0;0;0;0;0;0;0;0;1743;0;0;125;0;42;0;
19827;4331242;1185902592;22138880;1384910848;0;0;0;0;0;0;0;0;0;0;0;2756;0;0;125;0;42;0;
19828;5025435;1185902592;22138880;1384910848;0;0;0;0;0;0;0;0;0;0;0;2495;0;0;125;0;42;0;
19829;3810636;1185902592;22138880;1384910848;0;0;0;0;0;0;0;0;0;0;0;2174;0;0;125;0;42;0;
19830;4917162;1185902592;22138880;1384910848;0;0;0;0;0;0;0;0;0;0;0;2465;0;0;125;0;42;0;
19831;5277939;1185902592;22138880;1384910848;0;0;0;0;0;0;0;0;0;0;0;3106;0;0;125;0;42;0;
19832;4774094;1185902592;22138880;1384910848;0;0;0;0;0;0;0;0;0;0;0;2505;0;0;125;0;42;0;
19833;3884084;1185902592;22138880;1384910848;0;0;0;0;0;0;0;0;0;0;0;2625;0;0;125;0;42;0;
19834;4868710;1185902592;22138880;1384910848;0;0;0;0;0;0;0;0;0;0;0;2355;0;0;125;0;42;0;
19835;4062559;1185902592;22138880;1384910848;0;0;0;0;0;0;0;0;0;0;0;3657;0;0;125;0;42;0;
19836;5063937;1185902592;22138880;1384910848;0;0;0;0;0;0;0;0;0;0;0;2475;0;0;125;0;42;0;
19837;4423716;1185902592;22138880;1384910848;0;0;0;0;0;0;0;0;0;0;0;2966;0;0;125;0;42;0;
19838;5503682;1185902592;22138880;1384910848;0;0;0;0;0;0;0;0;0;0;0;1954;0;0;125;0;42;0;
19839;3955829;1185902592;22138880;1384910848;0;0;0;0;0;0;0;0;0;0;0;3196;0;0;125;0;42;0;
19840;5200082;1185902592;22138880;1384910848;0;0;0;0;0;0;0;0;0;0;0;2324;0;0;125;0;42;0;
19841;3768527;1185902592;22138880;1384910848;0;0;0;0;0;0;0;0;0;0;0;3236;0;0;125;0;42;0;
19842;5051744;1185902592;22138880;1384910848;0;0;0;0;0;0;0;0;0;0;0;2074;0;0;125;0;42;0;
19843;3477051;1185902592;22138880;1384910848;0;0;0;0;0;0;0;0;0;0;0;2886;0;0;125;0;42;0;
19844;4939353;1185902592;22138880;1384910848;0;0;0;0;0;0;0;0;0;0;0;2635;0;0;125;0;42;0;
19845;4331793;1185902592;22138880;1384910848;0;0;0;0;0;0;0;0;0;0;0;3166;0;0;125;0;42;0;
19846;4759355;1185902592;22138880;1384910848;0;0;0;0;0;0;0;0;0;0;0;2435;0;0;125;0;42;0;
19847;3870739;1185902592;22138880;1384910848;0;0;0;0;0;0;0;0;0;0;0;2955;0;0;125;0;42;0;
19848;4841139;1185902592;22138880;1384910848;0;0;0;0;0;0;0;0;0;0;0;2525;0;0;125;0;42;0;
19849;4976824;1185902592;22138880;1384910848;0;0;0;0;0;0;0;0;0;0;0;2675;0;0;125;0;42;0;
19850;4692530;1185902592;22138880;1384910848;0;0;0;0;0;0;0;0;0;0;0;2254;0;0;125;0;42;0;
19851;4108185;1185902592;22138880;1384910848;0;0;0;0;0;0;0;0;0;0;0;2695;0;0;125;0;42;0;
19852;5076781;1185902592;22138880;1384910848;0;0;0;0;0;0;0;0;0;0;0;2675;0;0;125;0;42;0;
19853;4736172;1185902592;22138880;1384910848;0;0;0;0;0;0;0;0;0;0;0;3286;0;0;125;0;42;0;
19854;5527116;1185902592;22138880;1384910848;0;0;0;0;0;0;0;0;0;0;0;2665;0;0;125;0;42;0;
19855;4178797;1185902592;22138880;1384910848;0;0;0;0;0;0;0;0;0;0;0;2895;0;0;125;0;42;0;
19856;5392954;1185902592;22138880;1384910848;0;0;0;0;0;0;0;0;0;0;0;3146;0;0;125;0;42;0;
19857;4122932;1185902592;22138880;1384910848;0;0;0;0;0;0;0;0;0;0;0;2635;0;0;125;0;42;0;
19858;4813036;1185902592;22138880;1384910848;0;0;0;0;0;0;0;0;0;0;0;2094;0;0;125;0;42;0;
19859;3759531;1185902592;22138880;1384910848;0;0;0;0;0;0;0;0;0;0;0;2535;0;0;125;0;42;0;
19860;4928172;1185902592;22138880;1384910848;0;0;0;0;0;0;0;0;0;0;0;2465;0;0;125;0;42;0;
19861;3380359;1185902592;22138880;1384910848;0;0;0;0;0;0;0;0;0;0;0;2816;0;0;125;0;42;0;
19862;4929766;1185902592;22138880;1384910848;0;0;0;0;0;0;0;0;0;0;0;2063;0;0;125;0;42;0;
19863;4830529;1185902592;22138880;1384910848;0;0;0;0;0;0;0;0;0;0;0;2846;0;0;125;0;42;0;
19864;4870054;1185902592;22138880;1384910848;0;0;0;0;0;0;0;0;0;0;0;2595;0;0;125;0;42;0;
19865;3309907;1185902592;22138880;1384910848;0;0;0;0;0;0;0;0;0;0;0;2876;0;0;125;0;42;0;
19866;4973287;1185902592;22138880;1384910848;0;0;0;0;0;0;0;0;0;0;0;2044;0;0;125;0;42;0;
19867;4203563;1185902592;22138880;1384910848;0;0;0;0;0;0;0;0;0;0;0;2805;0;0;125;0;42;0;
19868;4779643;1185902592;22138880;1384910848;0;0;0;0;0;0;0;0;0;0;0;2254;0;0;125;0;42;0;
19869;3535640;1185902592;22138880;1384910848;0;0;0;0;0;0;0;0;0;0;0;2745;0;0;125;0;42;0;
19870;4961164;1185902592;22138880;1384910848;0;0;0;0;0;0;0;0;0;0;0;2274;0;0;125;0;42;0;
19871;4247276;1185902592;22138880;1384910848;0;0;0;0;0;0;0;0;0;0;0;2886;0;0;125;0;42;0;
19872;4910859;1185902592;22138880;1384910848;0;0;0;0;0;0;0;0;0;0;0;2244;0;0;125;0;42;0;
19873;3526443;1185902592;22138880;1384910848;0;0;0;0;0;0;0;0;0;0;0;2565;0;0;125;0;42;0;
19874;4994416;1185902592;22138880;1384910848;0;0;0;0;0;0;0;0;0;0;0;2695;0;0;125;0;42;0;
19875;4381527;1185902592;22138880;1384910848;0;0;0;0;0;0;0;0;0;0;0;3537;0;0;125;0;42;0;
19876;5201835;1185902592;22138880;1384910848;0;0;0;0;0;0;0;0;0;0;0;2604;0;0;125;0;42;0;
19877;4251182;1185902592;22138880;1384910848;0;0;0;0;0;0;0;0;0;0;0;3166;0;0;125;0;42;0;
19878;5769229;1185902592;22138880;1384910848;0;0;0;0;0;0;0;0;0;0;0;2124;0;0;125;0;42;0;
19879;3744332;1185902592;22138880;1384910848;0;0;0;0;0;0;0;0;0;0;0;2515;0;0;125;0;42;0;
19880;5206254;1185902592;22138880;1384910848;0;0;0;0;0;0;0;0;0;0;0;2795;0;0;125;0;42;0;
19881;4065615;1185902592;22138880;1384910848;0;0;0;0;0;0;0;0;0;0;0;3277;0;0;125;0;42;0;
19882;4709072;1185902592;22138880;1384910848;0;0;0;0;0;0;0;0;0;0;0;2053;0;0;125;0;42;0;
19883;3594191;1185902592;22138880;1384910848;0;0;0;0;0;0;0;0;0;0;0;2474;0;0;125;0;42;0;
19884;5321610;1185902592;22138880;1384910848;0;0;0;0;0;0;0;0;0;0;0;2405;0;0;125;0;42;0;
19885;3966358;1185902592;22138880;1384910848;0;0;0;0;0;0;0;0;0;0;0;2966;0;0;125;0;42;0;
19886;5103251;1185902592;22138880;1384910848;0;0;0;0;0;0;0;0;0;0;0;2184;0;0;125;0;42;0;
19887;3604109;1185902592;22138880;1384910848;0;0;0;0;0;0;0;0;0;0;0;2585;0;0;125;0;42;0;
19888;6090432;1185902592;22138880;1384910848;0;0;0;0;0;0;0;0;0;0;0;2335;0;0;125;0;42;0;
19889;4012535;1185902592;22138880;1384910848;0;0;0;0;0;0;0;0;0;0;0;2855;0;0;125;0;42;0;
19890;5577289;1185902592;22138880;1384910848;0;0;0;0;0;0;0;0;0;0;0;2094;0;0;125;0;42;0;
19891;4144001;1185902592;22138880;1384910848;0;0;0;0;0;0;0;0;0;0;0;2715;0;0;125;0;42;0;
19892;5171669;1185902592;22138880;1384910848;0;0;0;0;0;0;0;0;0;0;0;2946;0;0;125;0;42;0;
19893;3959025;1185902592;22138880;1384910848;0;0;0;0;0;0;0;0;0;0;0;2835;0;0;125;0;42;0;
19894;5138887;1185902592;22138880;1384910848;0;0;0;0;0;0;0;0;0;0;0;2044;0;0;125;0;42;0;
19895;4738647;1185902592;22138880;1384910848;0;0;0;0;0;0;0;0;0;0;0;5810;0;0;125;0;42;0;
19896;5032558;1185902592;22138880;1384910848;0;0;0;0;0;0;0;0;0;0;0;2715;0;0;125;0;42;0;
19897;4220235;1185902592;22138880;1384910848;0;0;0;0;0;0;0;0;0;0;0;3336;0;0;125;0;42;0;
19898;4827414;1185902592;22138880;1384910848;0;0;0;0;0;0;0;0;0;0;0;2165;0;0;125;0;42;0;
19899;4508866;1185902592;22138880;1384910848;0;0;0;0;0;0;0;0;0;0;0;3076;0;0;125;0;42;0;
19900;4920348;1185902592;22138880;1384910848;0;0;0;0;0;0;0;0;0;0;0;2435;0;0;125;0;42;0;
19901;3818702;1185902592;22138880;1384910848;0;0;0;0;0;0;0;0;0;0;0;3357;0;0;125;0;42;0;
19902;4917782;1185902592;22138880;1384910848;0;0;0;0;0;0;0;0;0;0;0;2174;0;0;125;0;42;0;
19903;4671110;1185902592;22138880;1384910848;0;0;0;0;0;0;0;0;0;0;0;3316;0;0;125;0;42;0;
19904;4878620;1185902592;22138880;1384910848;0;0;0;0;0;0;0;0;0;0;0;2645;0;0;125;0;42;0;
19905;3766775;1185902592;22138880;1384910848;0;0;0;0;0;0;0;0;0;0;0;3656;0;0;125;0;42;0;
19906;5239076;1185902592;22138880;1384910848;0;0;0;0;0;0;0;0;0;0;0;2414;0;0;125;0;42;0;
19907;3704447;1185902592;22138880;1384910848;0;0;0;0;0;0;0;0;0;0;0;2735;0;0;125;0;42;0;
19908;4618591;1185902592;22138880;1384910848;0;0;0;0;0;0;0;0;0;0;0;2625;0;0;125;0;42;0;
19909;2726142;1185902592;22138880;1384910848;0;0;0;0;0;0;0;0;0;0;0;3226;0;0;125;0;42;0;
19910;4605257;1185902592;22138880;1384910848;0;0;0;0;0;0;0;0;0;0;0;2063;0;0;125;0;42;0;
19911;3689199;1185902592;22138880;1384910848;0;0;0;0;0;0;0;0;0;0;0;2805;0;0;125;0;42;0;
19912;4755589;1185902592;22138880;1384910848;0;0;0;0;0;0;0;0;0;0;0;2475;0;0;125;0;42;0;
19913;2130165;1185902592;22138880;1384910848;0;0;0;0;0;0;0;0;0;0;0;2345;0;0;125;0;42;0;
19914;4854244;1185902592;22138880;1384910848;0;0;0;0;0;0;0;0;0;0;0;2274;0;0;125;0;42;0;
19915;3358999;1185902592;22138880;1384910848;0;0;0;0;0;0;0;0;0;0;0;2525;0;0;125;0;42;0;
19916;4633780;1185902592;22138880;1384910848;0;0;0;0;0;0;0;0;0;0;0;2254;0;0;125;0;42;0;
19917;2857128;1185902592;22138880;1384910848;0;0;0;0;0;0;0;0;0;0;0;2925;0;0;125;0;42;0;
19918;4602061;1185902592;22138880;1384910848;0;0;0;0;0;0;0;0;0;0;0;2304;0;0;125;0;42;0;
19919;2785373;1185902592;22138880;1384910848;0;0;0;0;0;0;0;0;0;0;0;2615;0;0;125;0;42;0;
19920;4420370;1185902592;22138880;1384910848;0;0;0;0;0;0;0;0;0;0;0;2355;0;0;125;0;42;0;
19921;2820870;1185902592;22138880;1384910848;0;0;0;0;0;0;0;0;0;0;0;2274;0;0;125;0;42;0;
19922;4473881;1185902592;22138880;1384910848;0;0;0;0;0;0;0;0;0;0;0;2875;0;0;125;0;42;0;
19923;3689940;1185902592;22138880;1384910848;0;0;0;0;0;0;0;0;0;0;0;3206;0;0;125;0;42;0;
19924;4906943;1185902592;22138880;1384910848;0;0;0;0;0;0;0;0;0;0;0;2565;0;0;125;0;42;0;
19925;2829516;1185902592;22138880;1384910848;0;0;0;0;0;0;0;0;0;0;0;3035;0;0;125;0;42;0;
19926;5248924;1185902592;22138880;1384910848;0;0;0;0;0;0;0;0;0;0;0;2194;0;0;125;0;42;0;
19927;2315312;1185902592;22138880;1384910848;0;0;0;0;0;0;0;0;0;0;0;3016;0;0;125;0;42;0;
19928;5169896;1185902592;22138880;1384910848;0;0;0;0;0;0;0;0;0;0;0;2675;0;0;125;0;42;0;
19929;2961925;1185902592;22138880;1384910848;0;0;0;0;0;0;0;0;0;0;0;2605;0;0;125;0;42;0;
19930;4687271;1185902592;22138880;1384910848;0;0;0;0;0;0;0;0;0;0;0;2554;0;0;125;0;42;0;
19931;2761078;1185902592;22138880;1384910848;0;0;0;0;0;0;0;0;0;0;0;2776;0;0;125;0;42;0;
19932;5085978;1185902592;22138880;1384910848;0;0;0;0;0;0;0;0;0;0;0;2915;0;0;125;0;42;0;
19933;3353048;1185902592;22138880;1384910848;0;0;0;0;0;0;0;0;0;0;0;4047;0;0;125;0;42;0;
19934;4991591;1185902592;22138880;1384910848;0;0;0;0;0;0;0;0;0;0;0;2595;0;0;125;0;42;0;
19935;4671160;1185902592;22138880;1384910848;0;0;0;0;0;0;0;0;0;0;0;57127;0;0;125;0;42;0;
19936;5141583;1185902592;22138880;1384910848;0;0;0;0;0;0;0;0;0;0;0;2354;0;0;125;0;42;0;
19937;4222939;1185902592;22138880;1384910848;0;0;0;0;0;0;0;0;0;0;0;3697;0;0;125;0;42;0;
19938;5107398;1185902592;22138880;1384910848;0;0;0;0;0;0;0;0;0;0;0;2124;0;0;125;0;42;0;
19939;4484320;1185902592;22138880;1384910848;0;0;0;0;0;0;0;0;0;0;0;3366;0;0;125;0;42;0;
19940;5118509;1185902592;22138880;1384910848;0;0;0;0;0;0;0;0;0;0;0;2745;0;0;125;0;42;0;
19941;3617664;1185902592;22138880;1384910848;0;0;0;0;0;0;0;0;0;0;0;3957;0;0;125;0;42;0;
19942;5767867;1185902592;22138880;1384910848;0;0;0;0;0;0;0;0;0;0;0;2414;0;0;125;0;42;0;
19943;4516110;1185902592;22138880;1384910848;0;0;0;0;0;0;0;0;0;0;0;2865;0;0;125;0;42;0;
19944;4601289;1185902592;22138880;1384910848;0;0;0;0;0;0;0;0;0;0;0;2786;0;0;125;0;42;0;
19945;4042832;1185902592;22138880;1384910848;0;0;0;0;0;0;0;0;0;0;0;3387;0;0;125;0;42;0;
19946;5184773;1185902592;22138880;1384910848;0;0;0;0;0;0;0;0;0;0;0;2295;0;0;125;0;42;0;
19947;4126529;1185902592;22138880;1384910848;0;0;0;0;0;0;0;0;0;0;0;2635;0;0;125;0;42;0;
19948;4599747;1185902592;22138880;1384910848;0;0;0;0;0;0;0;0;0;0;0;2785;0;0;125;0;42;0;
19949;3589091;1185902592;22138880;1384910848;0;0;0;0;0;0;0;0;0;0;0;3136;0;0;125;0;42;0;
19950;5265665;1185902592;22138880;1384910848;0;0;0;0;0;0;0;0;0;0;0;2185;0;0;125;0;42;0;
19951;4331974;1185902592;22138880;1384910848;0;0;0;0;0;0;0;0;0;0;0;3346;0;0;125;0;42;0;
19952;4968247;1185902592;22138880;1384910848;0;0;0;0;0;0;0;0;0;0;0;2354;0;0;125;0;42;0;
19953;4380755;1185902592;22138880;1384910848;0;0;0;0;0;0;0;0;0;0;0;3206;0;0;125;0;42;0;
19954;5250256;1185902592;22138880;1384910848;0;0;0;0;0;0;0;0;0;0;0;1914;0;0;125;0;42;0;
19955;4221547;1185902592;22138880;1384910848;0;0;0;0;0;0;0;0;0;0;0;2975;0;0;125;0;42;0;
19956;4996060;1185902592;22138880;1384910848;0;0;0;0;0;0;0;0;0;0;0;3066;0;0;125;0;42;0;
19957;4111470;1185902592;22138880;1384910848;0;0;0;0;0;0;0;0;0;0;0;3546;0;0;125;0;42;0;
19958;4672062;1185902592;22138880;1384910848;0;0;0;0;0;0;0;0;0;0;0;2305;0;0;125;0;42;0;
19959;3704277;1185902592;22138880;1384910848;0;0;0;0;0;0;0;0;0;0;0;2475;0;0;125;0;42;0;
19960;4640894;1185902592;22138880;1384910848;0;0;0;0;0;0;0;0;0;0;0;2204;0;0;125;0;42;0;
19961;4174279;1185902592;22138880;1384910848;0;0;0;0;0;0;0;0;0;0;0;3246;0;0;125;0;42;0;
19962;4764836;1185902592;22138880;1384910848;0;0;0;0;0;0;0;0;0;0;0;2565;0;0;125;0;42;0;
19963;4339008;1185902592;22138880;1384910848;0;0;0;0;0;0;0;0;0;0;0;2836;0;0;125;0;42;0;
19964;4670288;1185902592;22138880;1384910848;0;0;0;0;0;0;0;0;0;0;0;2736;0;0;125;0;42;0;
19965;4066967;1185902592;22138880;1384910848;0;0;0;0;0;0;0;0;0;0;0;3667;0;0;125;0;42;0;
19966;4677002;1185902592;22138880;1384910848;0;0;0;0;0;0;0;0;0;0;0;2294;0;0;125;0;42;0;
19967;3674572;1185902592;22138880;1384910848;0;0;0;0;0;0;0;0;0;0;0;3336;0;0;125;0;42;0;
19968;5372626;1185902592;22138880;1384910848;0;0;0;0;0;0;0;0;0;0;0;2665;0;0;125;0;42;0;
19969;4104688;1185902592;22138880;1384910848;0;0;0;0;0;0;0;0;0;0;0;3336;0;0;125;0;42;0;
19970;4821122;1185902592;22138880;1384910848;0;0;0;0;0;0;0;0;0;0;0;2545;0;0;125;0;42;0;
19971;3495005;1185902592;22138880;1384910848;0;0;0;0;0;0;0;0;0;0;0;3136;0;0;125;0;42;0;
19972;4771167;1185902592;22138880;1384910848;0;0;0;0;0;0;0;0;0;0;0;2595;0;0;125;0;42;0;
19973;3843588;1185902592;22138880;1384910848;0;0;0;0;0;0;0;0;0;0;0;3397;0;0;125;0;42;0;
19974;4693733;1185902592;22138880;1384910848;0;0;0;0;0;0;0;0;0;0;0;2304;0;0;125;0;42;0;
19975;3647851;1185902592;22138880;1384910848;0;0;0;0;0;0;0;0;0;0;0;2976;0;0;125;0;42;0;
19976;4721995;1185902592;22138880;1384910848;0;0;0;0;0;0;0;0;0;0;0;2966;0;0;125;0;42;0;
19977;4323678;1185902592;22138880;1384910848;0;0;0;0;0;0;0;0;0;0;0;3006;0;0;125;0;42;0;
19978;4580279;1185902592;22138880;1384910848;0;0;0;0;0;0;0;0;0;0;0;1883;0;0;125;0;42;0;
19979;3457965;1185902592;22138880;1384910848;0;0;0;0;0;0;0;0;0;0;0;2535;0;0;125;0;42;0;
19980;4719621;1185902592;22138880;1384910848;0;0;0;0;0;0;0;0;0;0;0;2494;0;0;125;0;42;0;
19981;3792172;1185902592;22138880;1384910848;0;0;0;0;0;0;0;0;0;0;0;3106;0;0;125;0;42;0;
19982;4580369;1185902592;22138880;1384910848;0;0;0;0;0;0;0;0;0;0;0;2284;0;0;125;0;42;0;
19983;3321178;1185902592;22138880;1384910848;0;0;0;0;0;0;0;0;0;0;0;3156;0;0;125;0;42;0;
19984;5054479;1185902592;22138880;1384910848;0;0;0;0;0;0;0;0;0;0;0;2765;0;0;125;0;42;0;
19985;3805306;1185902592;22138880;1384910848;0;0;0;0;0;0;0;0;0;0;0;3727;0;0;125;0;42;0;
19986;4623911;1185902592;22138880;1384910848;0;0;0;0;0;0;0;0;0;0;0;1963;0;0;125;0;42;0;
19987;4136227;1185902592;22138880;1384910848;0;0;0;0;0;0;0;0;0;0;0;3507;0;0;125;0;42;0;
19988;4993304;1185902592;22138880;1384910848;0;0;0;0;0;0;0;0;0;0;0;2464;0;0;125;0;42;0;
19989;3704006;1185902592;22138880;1384910848;0;0;0;0;0;0;0;0;0;0;0;3256;0;0;125;0;42;0;
19990;4633950;1185902592;22138880;1384910848;0;0;0;0;0;0;0;0;0;0;0;2415;0;0;125;0;42;0;
19991;4465605;1185902592;22138880;1384910848;0;0;0;0;0;0;0;0;0;0;0;2905;0;0;125;0;42;0;
19992;4848674;1185902592;22138880;1384910848;0;0;0;0;0;0;0;0;0;0;0;2595;0;0;125;0;42;0;
19993;4434126;1185902592;22138880;1384910848;0;0;0;0;0;0;0;0;0;0;0;4087;0;0;125;0;42;0;
19994;4676811;1185902592;22138880;1384910848;0;0;0;0;0;0;0;0;0;0;0;2584;0;0;125;0;42;0;
19995;4183095;1185902592;22138880;1384910848;0;0;0;0;0;0;0;0;0;0;0;3066;0;0;125;0;42;0;
19996;5743572;1185902592;22138880;1384910848;0;0;0;0;0;0;0;0;0;0;0;2004;0;0;125;0;42;0;
19997;2303350;1185902592;22138880;1384910848;0;0;0;0;0;0;0;0;0;0;0;2595;0;0;125;0;42;0;
19998;4279726;1185902592;22138880;1384910848;0;0;0;0;0;0;0;0;0;0;0;2224;0;0;125;0;42;0;
19999;2952888;1185902592;22138880;1384910848;0;0;0;0;0;0;0;0;0;0;0;2465;0;0;125;0;42;0;
20000;4693863;1185902592;22138880;1384910848;0;0;0;0;0;0;0;0;0;0;0;2495;0;0;125;0;42;0;
20001;2596790;1185902592;22138880;1384910848;0;0;0;0;0;0;0;0;0;0;0;2254;0;0;125;0;42;0;
20002;4420910;1185902592;22138880;1384910848;0;0;0;0;0;0;0;0;0;0;0;2114;0;0;125;0;42;0;
20003;2696187;1185902592;22138880;1384910848;0;0;0;0;0;0;0;0;0;0;0;2525;0;0;125;0;42;0;
20004;4679677;1185902592;22138880;1384910848;0;0;0;0;0;0;0;0;0;0;0;2956;0;0;125;0;42;0;
20005;2716264;1185902592;22138880;1384910848;0;0;0;0;0;0;0;0;0;0;0;2866;0;0;125;0;42;0;
20006;4623441;1185902592;22138880;1384910848;0;0;0;0;0;0;0;0;0;0;0;2324;0;0;125;0;42;0;
20007;2668344;1185902592;22138880;1384910848;0;0;0;0;0;0;0;0;0;0;0;2455;0;0;125;0;42;0;
20008;4596751;1185902592;22138880;1384910848;0;0;0;0;0;0;0;0;0;0;0;2544;0;0;125;0;42;0;
20009;3007821;1185902592;22138880;1384910848;0;0;0;0;0;0;0;0;0;0;0;2885;0;0;125;0;42;0;
20010;4409319;1185902592;22138880;1384910848;0;0;0;0;0;0;0;0;0;0;0;2074;0;0;125;0;42;0;
20011;2490020;1185902592;22138880;1384910848;0;0;0;0;0;0;0;0;0;0;0;2495;0;0;125;0;42;0;
20012;4286529;1185902592;22138880;1384910848;0;0;0;0;0;0;0;0;0;0;0;2124;0;0;125;0;42;0;
20013;3393704;1185902592;22138880;1384910848;0;0;0;0;0;0;0;0;0;0;0;2675;0;0;125;0;42;0;
20014;4715122;1185902592;22138880;1384910848;0;0;0;0;0;0;0;0;0;0;0;2154;0;0;125;0;42;0;
20015;11778679;1185902592;22138880;1384910848;0;0;0;0;0;0;0;0;0;0;0;2815;0;0;125;0;42;0;
20016;4787939;1185902592;22138880;1384910848;0;0;0;0;0;0;0;0;0;0;0;2194;0;0;125;0;42;0;
20017;2693681;1185902592;22138880;1384910848;0;0;0;0;0;0;0;0;0;0;0;2935;0;0;125;0;42;0;
20018;4521359;1185902592;22138880;1384910848;0;0;0;0;0;0;0;0;0;0;0;2244;0;0;125;0;42;0;
20019;2512532;1185902592;22138880;1384910848;0;0;0;0;0;0;0;0;0;0;0;2485;0;0;125;0;42;0;
20020;4624743;1185902592;22138880;1384910848;0;0;0;0;0;0;0;0;0;0;0;2214;0;0;125;0;42;0;
20021;2776897;1185902592;22138880;1384910848;0;0;0;0;0;0;0;0;0;0;0;3687;0;0;125;0;42;0;
20022;4776167;1185902592;22138880;1384910848;0;0;0;0;0;0;0;0;0;0;0;2385;0;0;125;0;42;0;
20023;2755918;1185902592;22138880;1384910848;0;0;0;0;0;0;0;0;0;0;0;3096;0;0;125;0;42;0;
20024;4638649;1185902592;22138880;1384910848;0;0;0;0;0;0;0;0;0;0;0;2124;0;0;125;0;42;0;
20025;2771337;1185902592;22138880;1384910848;0;0;0;0;0;0;0;0;0;0;0;2425;0;0;125;0;42;0;
20026;4496513;1185902592;22138880;1384910848;0;0;0;0;0;0;0;0;0;0;0;2164;0;0;125;0;42;0;
20027;2813516;1185902592;22138880;1384910848;0;0;0;0;0;0;0;0;0;0;0;2725;0;0;125;0;42;0;
20028;4731844;1185902592;22138880;1384910848;0;0;0;0;0;0;0;0;0;0;0;2084;0;0;125;0;42;0;
20029;3087791;1185902592;22138880;1384910848;0;0;0;0;0;0;0;0;0;0;0;2755;0;0;125;0;42;0;
20030;4404179;1185902592;22138880;1384910848;0;0;0;0;0;0;0;0;0;0;0;2184;0;0;125;0;42;0;
20031;2403107;1185902592;22138880;1384910848;0;0;0;0;0;0;0;0;0;0;0;2575;0;0;125;0;42;0;
20032;4478959;1185902592;22138880;1384910848;0;0;0;0;0;0;0;0;0;0;0;2164;0;0;125;0;42;0;
20033;3158614;1185902592;22138880;1384910848;0;0;0;0;0;0;0;0;0;0;0;2785;0;0;125;0;42;0;
20034;4413648;1185902592;22138880;1384910848;0;0;0;0;0;0;0;0;0;0;0;2194;0;0;125;0;42;0;
20035;2710573;1185902592;22138880;1384910848;0;0;0;0;0;0;0;0;0;0;0;2415;0;0;125;0;42;0;
20036;4594828;1185902592;22138880;1384910848;0;0;0;0;0;0;0;0;0;0;0;2254;0;0;125;0;42;0;
20037;2706366;1185902592;22138880;1384910848;0;0;0;0;0;0;0;0;0;0;0;2685;0;0;125;0;42;0;
20038;4568668;1185902592;22138880;1384910848;0;0;0;0;0;0;0;0;0;0;0;2575;0;0;125;0;42;0;
20039;2504137;1185902592;22138880;1384910848;0;0;0;0;0;0;0;0;0;0;0;2174;0;0;125;0;42;0;
20040;4516230;1185902592;22138880;1384910848;0;0;0;0;0;0;0;0;0;0;0;2174;0;0;125;0;42;0;
20041;2784191;1185902592;22138880;1384910848;0;0;0;0;0;0;0;0;0;0;0;2595;0;0;125;0;42;0;
20042;4500761;1185902592;22138880;1384910848;0;0;0;0;0;0;0;0;0;0;0;2134;0;0;125;0;42;0;
20043;2925918;1185902592;22138880;1384910848;0;0;0;0;0;0;0;0;0;0;0;2595;0;0;125;0;42;0;
20044;4503716;1185902592;22138880;1384910848;0;0;0;0;0;0;0;0;0;0;0;2294;0;0;125;0;42;0;
20045;2714962;1185902592;22138880;1384910848;0;0;0;0;0;0;0;0;0;0;0;2335;0;0;125;0;42;0;
20046;4545555;1185902592;22138880;1384910848;0;0;0;0;0;0;0;0;0;0;0;2004;0;0;125;0;42;0;
20047;2894618;1185902592;22138880;1384910848;0;0;0;0;0;0;0;0;0;0;0;2464;0;0;125;0;42;0;
20048;4478639;1185902592;22138880;1384910848;0;0;0;0;0;0;0;0;0;0;0;2284;0;0;125;0;42;0;
20049;2224261;1185902592;22138880;1384910848;0;0;0;0;0;0;0;0;0;0;0;2855;0;0;125;0;42;0;
20050;4446990;1185902592;22138880;1384910848;0;0;0;0;0;0;0;0;0;0;0;2335;0;0;125;0;42;0;
20051;3828791;1185902592;22138880;1384910848;0;0;0;0;0;0;0;0;0;0;0;3226;0;0;125;0;42;0;
20052;5196395;1185902592;22138880;1384910848;0;0;0;0;0;0;0;0;0;0;0;2715;0;0;125;0;42;0;
20053;3846815;1185902592;22138880;1384910848;0;0;0;0;0;0;0;0;0;0;0;3527;0;0;125;0;42;0;
20054;4835077;1185902592;22138880;1384910848;0;0;0;0;0;0;0;0;0;0;0;121638;0;0;125;0;42;0;
20055;4622299;1185902592;22138880;1384910848;0;0;0;0;0;0;0;0;0;0;0;3326;0;0;125;0;42;0;
20056;4638539;1185902592;22138880;1384910848;0;0;0;0;0;0;0;0;0;0;0;3166;0;0;125;0;42;0;
20057;4208412;1185902592;22138880;1384910848;0;0;0;0;0;0;0;0;0;0;0;3948;0;0;125;0;42;0;
20058;4688803;1185902592;22138880;1384910848;0;0;0;0;0;0;0;0;0;0;0;2815;0;0;125;0;42;0;
20059;4438885;1185902592;22138880;1384910848;0;0;0;0;0;0;0;0;0;0;0;3396;0;0;125;0;42;0;
20060;4862850;1185902592;22138880;1384910848;0;0;0;0;0;0;0;0;0;0;0;3406;0;0;125;0;42;0;
20061;3409594;1185902592;22138880;1384910848;0;0;0;0;0;0;0;0;0;0;0;2756;0;0;125;0;42;0;
20062;4791235;1185902592;22138880;1384910848;0;0;0;0;0;0;0;0;0;0;0;2284;0;0;125;0;42;0;
20063;4367691;1185902592;22138880;1384910848;0;0;0;0;0;0;0;0;0;0;0;3046;0;0;125;0;42;0;
20064;4751621;1185902592;22138880;1384910848;0;0;0;0;0;0;0;0;0;0;0;2525;0;0;125;0;42;0;
20065;3813532;1185902592;22138880;1384910848;0;0;0;0;0;0;0;0;0;0;0;3356;0;0;125;0;42;0;
20066;4758594;1185902592;22138880;1384910848;0;0;0;0;0;0;0;0;0;0;0;2455;0;0;125;0;42;0;
20067;4823947;1185902592;22138880;1384910848;0;0;0;0;0;0;0;0;0;0;0;2865;0;0;125;0;42;0;
20068;4686118;1185902592;22138880;1384910848;0;0;0;0;0;0;0;0;0;0;0;2174;0;0;125;0;42;0;
20069;4032622;1185902592;22138880;1384910848;0;0;0;0;0;0;0;0;0;0;0;3476;0;0;125;0;42;0;
20070;4962817;1185902592;22138880;1384910848;0;0;0;0;0;0;0;0;0;0;0;2485;0;0;125;0;42;0;
20071;3999791;1185902592;22138880;1384910848;0;0;0;0;0;0;0;0;0;0;0;3246;0;0;125;0;42;0;
20072;4858772;1185902592;22138880;1384910848;0;0;0;0;0;0;0;0;0;0;0;2916;0;0;125;0;42;0;
20073;4009659;1185902592;22138880;1384910848;0;0;0;0;0;0;0;0;0;0;0;3897;0;0;125;0;42;0;
20074;4629351;1185902592;22138880;1384910848;0;0;0;0;0;0;0;0;0;0;0;1583;0;0;125;0;42;0;
20075;4348064;1185902592;22138880;1384910848;0;0;0;0;0;0;0;0;0;0;0;2776;0;0;125;0;42;0;
20076;4733397;1185902592;22138880;1384910848;0;0;0;0;0;0;0;0;0;0;0;2565;0;0;125;0;42;0;
20077;4406955;1185902592;22138880;1384910848;0;0;0;0;0;0;0;0;0;0;0;3035;0;0;125;0;42;0;
20078;5247341;1185902592;22138880;1384910848;0;0;0;0;0;0;0;0;0;0;0;2475;0;0;125;0;42;0;
20079;4040567;1185902592;22138880;1384910848;0;0;0;0;0;0;0;0;0;0;0;3596;0;0;125;0;42;0;
20080;4826912;1185902592;22138880;1384910848;0;0;0;0;0;0;0;0;0;0;0;2555;0;0;125;0;42;0;
20081;4294274;1185902592;22138880;1384910848;0;0;0;0;0;0;0;0;0;0;0;3136;0;0;125;0;42;0;
20082;4727696;1185902592;22138880;1384910848;0;0;0;0;0;0;0;0;0;0;0;2575;0;0;125;0;42;0;
20083;4325442;1185902592;22138880;1384910848;0;0;0;0;0;0;0;0;0;0;0;2966;0;0;125;0;42;0;
20084;4997131;1185902592;22138880;1384910848;0;0;0;0;0;0;0;0;0;0;0;3136;0;0;125;0;42;0;
20085;3931633;1185902592;22138880;1384910848;0;0;0;0;0;0;0;0;0;0;0;3757;0;0;125;0;42;0;
20086;5415487;1185902592;22138880;1384910848;0;0;0;0;0;0;0;0;0;0;0;2074;0;0;125;0;42;0;
20087;3743711;1185902592;22138880;1384910848;0;0;0;0;0;0;0;0;0;0;0;3837;0;0;125;0;42;0;
20088;4827664;1185902592;22138880;1384910848;0;0;0;0;0;0;0;0;0;0;0;2705;0;0;125;0;42;0;
20089;4729990;1185902592;22138880;1384910848;0;0;0;0;0;0;0;0;0;0;0;3586;0;0;125;0;42;0;
20090;5059068;1185902592;22138880;1384910848;0;0;0;0;0;0;0;0;0;0;0;2235;0;0;125;0;42;0;
20091;4809109;1185902592;22138880;1384910848;0;0;0;0;0;0;0;0;0;0;0;2905;0;0;125;0;42;0;
20092;5069488;1185902592;22138880;1384910848;0;0;0;0;0;0;0;0;0;0;0;2465;0;0;125;0;42;0;
20093;4388760;1185902592;22138880;1384910848;0;0;0;0;0;0;0;0;0;0;0;3276;0;0;125;0;42;0;
20094;4993405;1185902592;22138880;1384910848;0;0;0;0;0;0;0;0;0;0;0;2245;0;0;125;0;42;0;
20095;4430128;1185902592;22138880;1384910848;0;0;0;0;0;0;0;0;0;0;0;3536;0;0;125;0;42;0;
20096;4747653;1185902592;22138880;1384910848;0;0;0;0;0;0;0;0;0;0;0;2856;0;0;125;0;42;0;
20097;4110899;1185902592;22138880;1384910848;0;0;0;0;0;0;0;0;0;0;0;3847;0;0;125;0;42;0;
20098;4701166;1185902592;22138880;1384910848;0;0;0;0;0;0;0;0;0;0;0;2665;0;0;125;0;42;0;
20099;4152718;1185902592;22138880;1384910848;0;0;0;0;0;0;0;0;0;0;0;2936;0;0;125;0;42;0;
20100;4875182;1185902592;22138880;1384910848;0;0;0;0;0;0;0;0;0;0;0;2895;0;0;125;0;42;0;
20101;3770241;1185902592;22138880;1384910848;0;0;0;0;0;0;0;0;0;0;0;3767;0;0;125;0;42;0;
20102;4711145;1185902592;22138880;1384910848;0;0;0;0;0;0;0;0;0;0;0;7164;0;0;125;0;42;0;
20103;4767170;1185902592;22138880;1384910848;0;0;0;0;0;0;0;0;0;0;0;2925;0;0;125;0;42;0;
20104;5003484;1185902592;22138880;1384910848;0;0;0;0;0;0;0;0;0;0;0;2595;0;0;125;0;42;0;
20105;3786090;1185902592;22138880;1384910848;0;0;0;0;0;0;0;0;0;0;0;3567;0;0;125;0;42;0;
20106;4857750;1185902592;22138880;1384910848;0;0;0;0;0;0;0;0;0;0;0;2314;0;0;125;0;42;0;
20107;4020771;1185902592;22138880;1384910848;0;0;0;0;0;0;0;0;0;0;0;3827;0;0;125;0;42;0;
20108;4754066;1185902592;22138880;1384910848;0;0;0;0;0;0;0;0;0;0;0;2605;0;0;125;0;42;0;
20109;3668600;1185902592;22138880;1384910848;0;0;0;0;0;0;0;0;0;0;0;3617;0;0;125;0;42;0;
20110;5157883;1185902592;22138880;1384910848;0;0;0;0;0;0;0;0;0;0;0;2134;0;0;125;0;42;0;
20111;3598950;1185902592;22138880;1384910848;0;0;0;0;0;0;0;0;0;0;0;3306;0;0;125;0;42;0;
20112;4943872;1185902592;22138880;1384910848;0;0;0;0;0;0;0;0;0;0;0;2425;0;0;125;0;42;0;
20113;3867142;1185902592;22138880;1384910848;0;0;0;0;0;0;0;0;0;0;0;3417;0;0;125;0;42;0;
20114;4772070;1185902592;22138880;1384910848;0;0;0;0;0;0;0;0;0;0;0;2284;0;0;125;0;42;0;
20115;4401745;1185902592;22138880;1384910848;0;0;0;0;0;0;0;0;0;0;0;3496;0;0;125;0;42;0;
20116;5021687;1185902592;22138880;1384910848;0;0;0;0;0;0;0;0;0;0;0;2796;0;0;125;0;42;0;
20117;3660705;1185902592;22138880;1384910848;0;0;0;0;0;0;0;0;0;0;0;4118;0;0;125;0;42;0;
20118;4817394;1185902592;22138880;1384910848;0;0;0;0;0;0;0;0;0;0;0;1904;0;0;125;0;42;0;
20119;3813391;1185902592;22138880;1384910848;0;0;0;0;0;0;0;0;0;0;0;4188;0;0;125;0;42;0;
20120;4812555;1185902592;22138880;1384910848;0;0;0;0;0;0;0;0;0;0;0;2855;0;0;125;0;42;0;
20121;3676285;1185902592;22138880;1384910848;0;0;0;0;0;0;0;0;0;0;0;3336;0;0;125;0;42;0;
20122;4559721;1185902592;22138880;1384910848;0;0;0;0;0;0;0;0;0;0;0;2295;0;0;125;0;42;0;
20123;4104357;1185902592;22138880;1384910848;0;0;0;0;0;0;0;0;0;0;0;3036;0;0;125;0;42;0;
20124;4701688;1185902592;22138880;1384910848;0;0;0;0;0;0;0;0;0;0;0;1943;0;0;125;0;42;0;
20125;4777510;1185902592;22138880;1384910848;0;0;0;0;0;0;0;0;0;0;0;4148;0;0;125;0;42;0;
20126;5158794;1185902592;22138880;1384910848;0;0;0;0;0;0;0;0;0;0;0;2585;0;0;125;0;42;0;
20127;4883599;1185902592;22138880;1384910848;0;0;0;0;0;0;0;0;0;0;0;4669;0;0;125;0;42;0;
20128;4587593;1185902592;22138880;1384910848;0;0;0;0;0;0;0;0;0;0;0;9999;0;0;125;0;42;0;
20129;3575175;1185902592;22138880;1384910848;0;0;0;0;0;0;0;0;0;0;0;3507;0;0;125;0;42;0;
20130;4864343;1185902592;22138880;1384910848;0;0;0;0;0;0;0;0;0;0;0;2564;0;0;125;0;42;0;
20131;3640387;1185902592;22138880;1384910848;0;0;0;0;0;0;0;0;0;0;0;4248;0;0;125;0;42;0;
20132;5152874;1185902592;22138880;1384910848;0;0;0;0;0;0;0;0;0;0;0;3006;0;0;125;0;42;0;
20133;4446178;1185902592;22138880;1384910848;0;0;0;0;0;0;0;0;0;0;0;3637;0;0;125;0;42;0;
20134;4972074;1185902592;22138880;1384910848;0;0;0;0;0;0;0;0;0;0;0;2795;0;0;125;0;42;0;
20135;2834135;1185902592;22138880;1384910848;0;0;0;0;0;0;0;0;0;0;0;3526;0;0;125;0;42;0;
20136;4964760;1185902592;22138880;1384910848;0;0;0;0;0;0;0;0;0;0;0;2806;0;0;125;0;42;0;
20137;3057003;1185902592;22138880;1384910848;0;0;0;0;0;0;0;0;0;0;0;3166;0;0;125;0;42;0;
20138;4779624;1185902592;22138880;1384910848;0;0;0;0;0;0;0;0;0;0;0;2505;0;0;125;0;42;0;
20139;3253792;1185902592;22138880;1384910848;0;0;0;0;0;0;0;0;0;0;0;3176;0;0;125;0;42;0;
20140;5020947;1185902592;22138880;1384910848;0;0;0;0;0;0;0;0;0;0;0;2896;0;0;125;0;42;0;
20141;2608632;1185902592;22138880;1384910848;0;0;0;0;0;0;0;0;0;0;0;3326;0;0;125;0;42;0;
20142;4693913;1185902592;22138880;1384910848;0;0;0;0;0;0;0;0;0;0;0;2484;0;0;125;0;42;0;
20143;2797035;1185902592;22138880;1384910848;0;0;0;0;0;0;0;0;0;0;0;10770;0;0;125;0;42;0;
20144;4723369;1185902592;22138880;1384910848;0;0;0;0;0;0;0;0;0;0;0;2284;0;0;125;0;42;0;
20145;3043408;1185902592;22138880;1384910848;0;0;0;0;0;0;0;0;0;0;0;2786;0;0;125;0;42;0;
20146;4521059;1185902592;22138880;1384910848;0;0;0;0;0;0;0;0;0;0;0;2194;0;0;125;0;42;0;
20147;3549777;1185902592;22138880;1384910848;0;0;0;0;0;0;0;0;0;0;0;3276;0;0;125;0;42;0;
20148;4461286;1185902592;22138880;1384910848;0;0;0;0;0;0;0;0;0;0;0;2465;0;0;125;0;42;0;
20149;3531763;1185902592;22138880;1384910848;0;0;0;0;0;0;0;0;0;0;0;2986;0;0;125;0;42;0;
20150;4854764;1185902592;22138880;1384910848;0;0;0;0;0;0;0;0;0;0;0;2335;0;0;125;0;42;0;
20151;3584061;1185902592;22138880;1384910848;0;0;0;0;0;0;0;0;0;0;0;2535;0;0;125;0;42;0;
20152;4910890;1185902592;22138880;1384910848;0;0;0;0;0;0;0;0;0;0;0;2825;0;0;125;0;42;0;
20153;4155903;1185902592;22138880;1384910848;0;0;0;0;0;0;0;0;0;0;0;3917;0;0;125;0;42;0;
20154;5096788;1185902592;22138880;1384910848;0;0;0;0;0;0;0;0;0;0;0;2915;0;0;125;0;42;0;
20155;3956450;1185902592;22138880;1384910848;0;0;0;0;0;0;0;0;0;0;0;3607;0;0;125;0;42;0;
20156;5196746;1185902592;22138880;1384910848;0;0;0;0;0;0;0;0;0;0;0;2715;0;0;125;0;42;0;
20157;3597657;1185902592;22138880;1384910848;0;0;0;0;0;0;0;0;0;0;0;3827;0;0;125;0;42;0;
20158;5170356;1185902592;22138880;1384910848;0;0;0;0;0;0;0;0;0;0;0;2685;0;0;125;0;42;0;
20159;3708264;1185902592;22138880;1384910848;0;0;0;0;0;0;0;0;0;0;0;3206;0;0;125;0;42;0;
20160;4792518;1185902592;22138880;1384910848;0;0;0;0;0;0;0;0;0;0;0;2254;0;0;125;0;42;0;
20161;5228746;1185902592;22138880;1384910848;0;0;0;0;0;0;0;0;0;0;0;4288;0;0;125;0;42;0;
20162;5167571;1185902592;22138880;1384910848;0;0;0;0;0;0;0;0;0;0;0;3166;0;0;125;0;42;0;
20163;4575741;1185902592;22138880;1384910848;0;0;0;0;0;0;0;0;0;0;0;3236;0;0;125;0;42;0;
20164;4903476;1185902592;22138880;1384910848;0;0;0;0;0;0;0;0;0;0;0;2895;0;0;125;0;42;0;
20165;3886749;1185902592;22138880;1384910848;0;0;0;0;0;0;0;0;0;0;0;4027;0;0;125;0;42;0;
20166;5007561;1185902592;22138880;1384910848;0;0;0;0;0;0;0;0;0;0;0;2675;0;0;125;0;42;0;
20167;3779909;1185902592;22138880;1384910848;0;0;0;0;0;0;0;0;0;0;0;2925;0;0;125;0;42;0;
20168;5015977;1185902592;22138880;1384910848;0;0;0;0;0;0;0;0;0;0;0;2525;0;0;125;0;42;0;
20169;3850541;1185902592;22138880;1384910848;0;0;0;0;0;0;0;0;0;0;0;3406;0;0;125;0;42;0;
20170;5195443;1185902592;22138880;1384910848;0;0;0;0;0;0;0;0;0;0;0;3066;0;0;125;0;42;0;
20171;4523052;1185902592;22138880;1384910848;0;0;0;0;0;0;0;0;0;0;0;4278;0;0;125;0;42;0;
20172;4983195;1185902592;22138880;1384910848;0;0;0;0;0;0;0;0;0;0;0;2986;0;0;125;0;42;0;
20173;3968412;1185902592;22138880;1384910848;0;0;0;0;0;0;0;0;0;0;0;3637;0;0;125;0;42;0;
20174;4902644;1185902592;22138880;1384910848;0;0;0;0;0;0;0;0;0;0;0;2575;0;0;125;0;42;0;
20175;4149131;1185902592;22138880;1384910848;0;0;0;0;0;0;0;0;0;0;0;3256;0;0;125;0;42;0;
20176;4898276;1185902592;22138880;1384910848;0;0;0;0;0;0;0;0;0;0;0;2294;0;0;125;0;42;0;
20177;4227428;1185902592;22138880;1384910848;0;0;0;0;0;0;0;0;0;0;0;3407;0;0;125;0;42;0;
20178;5019023;1185902592;22138880;1384910848;0;0;0;0;0;0;0;0;0;0;0;2515;0;0;125;0;42;0;
20179;4170100;1185902592;22138880;1384910848;0;0;0;0;0;0;0;0;0;0;0;3907;0;0;125;0;42;0;
20180;5088953;1185902592;22138880;1384910848;0;0;0;0;0;0;0;0;0;0;0;3436;0;0;125;0;42;0;
20181;3682346;1185902592;22138880;1384910848;0;0;0;0;0;0;0;0;0;0;0;3356;0;0;125;0;42;0;
20182;5115093;1185902592;22138880;1384910848;0;0;0;0;0;0;0;0;0;0;0;2274;0;0;125;0;42;0;
20183;4403768;1185902592;22138880;1384910848;0;0;0;0;0;0;0;0;0;0;0;2956;0;0;125;0;42;0;
20184;5418772;1185902592;22138880;1384910848;0;0;0;0;0;0;0;0;0;0;0;2445;0;0;125;0;42;0;
20185;4151726;1185902592;22138880;1384910848;0;0;0;0;0;0;0;0;0;0;0;3006;0;0;125;0;42;0;
20186;4884139;1185902592;22138880;1384910848;0;0;0;0;0;0;0;0;0;0;0;2455;0;0;125;0;42;0;
20187;3968833;1185902592;22138880;1384910848;0;0;0;0;0;0;0;0;0;0;0;2495;0;0;125;0;42;0;
20188;4874040;1185902592;22138880;1384910848;0;0;0;0;0;0;0;0;0;0;0;2474;0;0;125;0;42;0;
20189;3726829;1185902592;22138880;1384910848;0;0;0;0;0;0;0;0;0;0;0;2364;0;0;125;0;42;0;
20190;5399015;1185902592;22138880;1384910848;0;0;0;0;0;0;0;0;0;0;0;2605;0;0;125;0;42;0;
20191;4371238;1185902592;22138880;1384910848;0;0;0;0;0;0;0;0;0;0;0;4057;0;0;125;0;42;0;
20192;5003434;1185902592;22138880;1384910848;0;0;0;0;0;0;0;0;0;0;0;2715;0;0;125;0;42;0;
20193;4286679;1185902592;22138880;1384910848;0;0;0;0;0;0;0;0;0;0;0;3576;0;0;125;0;42;0;
20194;5034311;1185902592;22138880;1384910848;0;0;0;0;0;0;0;0;0;0;0;3286;0;0;125;0;42;0;
20195;4200929;1185902592;22138880;1384910848;0;0;0;0;0;0;0;0;0;0;0;3908;0;0;125;0;42;0;
20196;4992603;1185902592;22138880;1384910848;0;0;0;0;0;0;0;0;0;0;0;2094;0;0;125;0;42;0;
20197;4027162;1185902592;22138880;1384910848;0;0;0;0;0;0;0;0;0;0;0;3106;0;0;125;0;42;0;
20198;5245377;1185902592;22138880;1384910848;0;0;0;0;0;0;0;0;0;0;0;3216;0;0;125;0;42;0;
20199;3537644;1185902592;22138880;1384910848;0;0;0;0;0;0;0;0;0;0;0;3226;0;0;125;0;42;0;
20200;5361314;1185902592;22138880;1384910848;0;0;0;0;0;0;0;0;0;0;0;2555;0;0;125;0;42;0;
20201;3755423;1185902592;22138880;1384910848;0;0;0;0;0;0;0;0;0;0;0;2955;0;0;125;0;42;0;
20202;5058196;1185902592;22138880;1384910848;0;0;0;0;0;0;0;0;0;0;0;2384;0;0;125;0;42;0;
20203;3159786;1185902592;22138880;1384910848;0;0;0;0;0;0;0;0;0;0;0;3337;0;0;125;0;42;0;
20204;4835879;1185902592;22138880;1384910848;0;0;0;0;0;0;0;0;0;0;0;2755;0;0;125;0;42;0;
20205;3394055;1185902592;22138880;1384910848;0;0;0;0;0;0;0;0;0;0;0;3196;0;0;125;0;42;0;
20206;4682441;1185902592;22138880;1384910848;0;0;0;0;0;0;0;0;0;0;0;2555;0;0;125;0;42;0;
20207;4416453;1185902592;22138880;1384910848;0;0;0;0;0;0;0;0;0;0;0;3206;0;0;125;0;42;0;
20208;5249224;1185902592;22138880;1384910848;0;0;0;0;0;0;0;0;0;0;0;2936;0;0;125;0;42;0;
20209;5214759;1185902592;22147072;1384919040;0;0;0;0;0;0;0;0;0;0;0;3907;0;0;125;0;42;0;
20210;4945745;1185902592;22147072;1384919040;0;0;0;0;0;0;0;0;0;0;0;2465;0;0;125;0;42;0;
20211;4060735;1185902592;22147072;1384919040;0;0;0;0;0;0;0;0;0;0;0;3246;0;0;125;0;42;0;
20212;5152202;1185902592;22147072;1384919040;0;0;0;0;0;0;0;0;0;0;0;2806;0;0;125;0;42;0;
20213;4055185;1185902592;22147072;1384919040;0;0;0;0;0;0;0;0;0;0;0;3426;0;0;125;0;42;0;
20214;5544438;1185902592;22147072;1384919040;0;0;0;0;0;0;0;0;0;0;0;2295;0;0;125;0;42;0;
20215;5779479;1186107392;22138880;1384910848;0;0;0;0;0;0;0;0;0;0;0;6462;0;0;125;0;42;0;
20216;6107103;1186107392;22138880;1384910848;0;0;0;0;0;0;0;0;0;0;0;3496;0;0;125;0;42;0;
20217;4063070;1186107392;22138880;1384910848;0;0;0;0;0;0;0;0;0;0;0;3296;0;0;125;0;42;0;
20218;5070990;1186107392;22138880;1384910848;0;0;0;0;0;0;0;0;0;0;0;2194;0;0;125;0;42;0;
20219;4544372;1186107392;22138880;1384910848;0;0;0;0;0;0;0;0;0;0;0;3276;0;0;125;0;42;0;
20220;5264653;1186107392;22138880;1384910848;0;0;0;0;0;0;0;0;0;0;0;2395;0;0;125;0;42;0;
20221;4022754;1186107392;22138880;1384910848;0;0;0;0;0;0;0;0;0;0;0;2875;0;0;125;0;42;0;
20222;5114351;1186107392;22138880;1384910848;0;0;0;0;0;0;0;0;0;0;0;2365;0;0;125;0;42;0;
20223;4232728;1186107392;22138880;1384910848;0;0;0;0;0;0;0;0;0;0;0;2705;0;0;125;0;42;0;
20224;4863702;1186107392;22138880;1384910848;0;0;0;0;0;0;0;0;0;0;0;2285;0;0;125;0;42;0;
20225;4258987;1186107392;22138880;1384910848;0;0;0;0;0;0;0;0;0;0;0;3637;0;0;125;0;42;0;
20226;4846369;1186107392;22138880;1384910848;0;0;0;0;0;0;0;0;0;0;0;2194;0;0;125;0;42;0;
20227;4493958;1186107392;22138880;1384910848;0;0;0;0;0;0;0;0;0;0;0;3546;0;0;125;0;42;0;
20228;4819318;1186107392;22138880;1384910848;0;0;0;0;0;0;0;0;0;0;0;2194;0;0;125;0;42;0;
20229;4364776;1186107392;22138880;1384910848;0;0;0;0;0;0;0;0;0;0;0;3656;0;0;125;0;42;0;
20230;4710043;1186107392;22138880;1384910848;0;0;0;0;0;0;0;0;0;0;0;2164;0;0;125;0;42;0;
20231;4277352;1186107392;22138880;1384910848;0;0;0;0;0;0;0;0;0;0;0;3396;0;0;125;0;42;0;
20232;4988746;1186107392;22138880;1384910848;0;0;0;0;0;0;0;0;0;0;0;2835;0;0;125;0;42;0;
20233;4288343;1186107392;22138880;1384910848;0;0;0;0;0;0;0;0;0;0;0;2605;0;0;125;0;42;0;
20234;5339744;1186107392;22138880;1384910848;0;0;0;0;0;0;0;0;0;0;0;2104;0;0;125;0;42;0;
20235;3578652;1186107392;22138880;1384910848;0;0;0;0;0;0;0;0;0;0;0;2465;0;0;125;0;42;0;
20236;4607772;1186107392;22138880;1384910848;0;0;0;0;0;0;0;0;0;0;0;2444;0;0;125;0;42;0;
20237;3989712;1186107392;22138880;1384910848;0;0;0;0;0;0;0;0;0;0;0;3166;0;0;125;0;42;0;
20238;4842702;1186107392;22138880;1384910848;0;0;0;0;0;0;0;0;0;0;0;2094;0;0;125;0;42;0;
20239;4099057;1186107392;22138880;1384910848;0;0;0;0;0;0;0;0;0;0;0;3266;0;0;125;0;42;0;
20240;4755718;1186107392;22138880;1384910848;0;0;0;0;0;0;0;0;0;0;0;2745;0;0;125;0;42;0;
20241;12850409;1186107392;22138880;1384910848;0;0;0;0;0;0;0;0;0;0;0;2906;0;0;125;0;42;0;
20242;5344703;1186107392;22138880;1384910848;0;0;0;0;0;0;0;0;0;0;0;2385;0;0;125;0;42;0;
20243;3773798;1186107392;22138880;1384910848;0;0;0;0;0;0;0;0;0;0;0;2876;0;0;125;0;42;0;
20244;5140760;1186107392;22138880;1384910848;0;0;0;0;0;0;0;0;0;0;0;2434;0;0;125;0;42;0;
20245;4087536;1186107392;22138880;1384910848;0;0;0;0;0;0;0;0;0;0;0;2936;0;0;125;0;42;0;
20246;5207176;1186107392;22138880;1384910848;0;0;0;0;0;0;0;0;0;0;0;2154;0;0;125;0;42;0;
20247;4516931;1186107392;22138880;1384910848;0;0;0;0;0;0;0;0;0;0;0;2634;0;0;125;0;42;0;
20248;5165668;1186107392;22138880;1384910848;0;0;0;0;0;0;0;0;0;0;0;2485;0;0;125;0;42;0;
20249;4593073;1186107392;22138880;1384910848;0;0;0;0;0;0;0;0;0;0;0;3677;0;0;125;0;42;0;
20250;5163694;1186107392;22138880;1384910848;0;0;0;0;0;0;0;0;0;0;0;2254;0;0;125;0;42;0;
20251;3803402;1186107392;22138880;1384910848;0;0;0;0;0;0;0;0;0;0;0;2475;0;0;125;0;42;0;
20252;4881495;1186107392;22138880;1384910848;0;0;0;0;0;0;0;0;0;0;0;2485;0;0;125;0;42;0;
20253;4428565;1186107392;22138880;1384910848;0;0;0;0;0;0;0;0;0;0;0;3015;0;0;125;0;42;0;
20254;4778131;1186107392;22138880;1384910848;0;0;0;0;0;0;0;0;0;0;0;2314;0;0;125;0;42;0;
20255;3629938;1186107392;22138880;1384910848;0;0;0;0;0;0;0;0;0;0;0;3767;0;0;125;0;42;0;
20256;4924255;1186107392;22138880;1384910848;0;0;0;0;0;0;0;0;0;0;0;2104;0;0;125;0;42;0;
20257;4328458;1186107392;22138880;1384910848;0;0;0;0;0;0;0;0;0;0;0;3206;0;0;125;0;42;0;
20258;4656212;1186107392;22138880;1384910848;0;0;0;0;0;0;0;0;0;0;0;2375;0;0;125;0;42;0;
20259;4093026;1186107392;22138880;1384910848;0;0;0;0;0;0;0;0;0;0;0;2765;0;0;125;0;42;0;
20260;5072252;1186107392;22138880;1384910848;0;0;0;0;0;0;0;0;0;0;0;2385;0;0;125;0;42;0;
20261;3743500;1186107392;22138880;1384910848;0;0;0;0;0;0;0;0;0;0;0;2354;0;0;125;0;42;0;
20262;5109603;1186107392;22138880;1384910848;0;0;0;0;0;0;0;0;0;0;0;2114;0;0;125;0;42;0;
20263;3954867;1186107392;22138880;1384910848;0;0;0;0;0;0;0;0;0;0;0;13124;0;0;125;0;42;0;
20264;4950014;1186107392;22138880;1384910848;0;0;0;0;0;0;0;0;0;0;0;2635;0;0;125;0;42;0;
20265;3549847;1186107392;22138880;1384910848;0;0;0;0;0;0;0;0;0;0;0;3116;0;0;125;0;42;0;
20266;4888418;1186107392;22138880;1384910848;0;0;0;0;0;0;0;0;0;0;0;2324;0;0;125;0;42;0;
20267;3434892;1186107392;22138880;1384910848;0;0;0;0;0;0;0;0;0;0;0;2855;0;0;125;0;42;0;
20268;4805873;1186107392;22138880;1384910848;0;0;0;0;0;0;0;0;0;0;0;2334;0;0;125;0;42;0;
20269;3745164;1186107392;22138880;1384910848;0;0;0;0;0;0;0;0;0;0;0;2915;0;0;125;0;42;0;
20270;4597883;1186107392;22138880;1384910848;0;0;0;0;0;0;0;0;0;0;0;1974;0;0;125;0;42;0;
20271;3800588;1186107392;22138880;1384910848;0;0;0;0;0;0;0;0;0;0;0;3237;0;0;125;0;42;0;
20272;5214119;1186107392;22138880;1384910848;0;0;0;0;0;0;0;0;0;0;0;2775;0;0;125;0;42;0;
20273;3527345;1186107392;22138880;1384910848;0;0;0;0;0;0;0;0;0;0;0;2635;0;0;125;0;42;0;
20274;4727987;1186107392;22138880;1384910848;0;0;0;0;0;0;0;0;0;0;0;2435;0;0;125;0;42;0;
20275;3854649;1186107392;22138880;1384910848;0;0;0;0;0;0;0;0;0;0;0;2976;0;0;125;0;42;0;
20276;5205332;1186107392;22138880;1384910848;0;0;0;0;0;0;0;0;0;0;0;2445;0;0;125;0;42;0;
20277;3455380;1186107392;22138880;1384910848;0;0;0;0;0;0;0;0;0;0;0;3176;0;0;125;0;42;0;
20278;4803809;1186107392;22138880;1384910848;0;0;0;0;0;0;0;0;0;0;0;2043;0;0;125;0;42;0;
20279;5003814;1186107392;22138880;1384910848;0;0;0;0;0;0;0;0;0;0;0;2565;0;0;125;0;42;0;
20280;4970972;1186107392;22138880;1384910848;0;0;0;0;0;0;0;0;0;0;0;2745;0;0;125;0;42;0;
20281;3793434;1186107392;22138880;1384910848;0;0;0;0;0;0;0;0;0;0;0;3267;0;0;125;0;42;0;
20282;4983706;1186107392;22138880;1384910848;0;0;0;0;0;0;0;0;0;0;0;2375;0;0;125;0;42;0;
20283;3910053;1186107392;22138880;1384910848;0;0;0;0;0;0;0;0;0;0;0;2865;0;0;125;0;42;0;
20284;4895321;1186107392;22138880;1384910848;0;0;0;0;0;0;0;0;0;0;0;2214;0;0;125;0;42;0;
20285;3247841;1186107392;22138880;1384910848;0;0;0;0;0;0;0;0;0;0;0;2525;0;0;125;0;42;0;
20286;4962847;1186107392;22138880;1384910848;0;0;0;0;0;0;0;0;0;0;0;1984;0;0;125;0;42;0;
20287;4058091;1186107392;22138880;1384910848;0;0;0;0;0;0;0;0;0;0;0;3346;0;0;125;0;42;0;
20288;4595127;1186107392;22138880;1384910848;0;0;0;0;0;0;0;0;0;0;0;2435;0;0;125;0;42;0;
20289;3706451;1186107392;22138880;1384910848;0;0;0;0;0;0;0;0;0;0;0;3486;0;0;125;0;42;0;
20290;5528108;1186107392;22138880;1384910848;0;0;0;0;0;0;0;0;0;0;0;4448;0;0;125;0;42;0;
20291;5104303;1186107392;22138880;1384910848;0;0;0;0;0;0;0;0;0;0;0;6282;0;0;125;0;42;0;
20292;5172330;1186107392;22138880;1384910848;0;0;0;0;0;0;0;0;0;0;0;4058;0;0;125;0;42;0;
20293;5817510;1186107392;22138880;1384910848;0;0;0;0;0;0;0;0;0;0;0;6463;0;0;125;0;42;0;
20294;5093643;1186107392;22138880;1384910848;0;0;0;0;0;0;0;0;0;0;0;2325;0;0;125;0;42;0;
20295;4532700;1186107392;22138880;1384910848;0;0;0;0;0;0;0;0;0;0;0;4428;0;0;125;0;42;0;
20296;5542915;1186107392;22138880;1384910848;0;0;0;0;0;0;0;0;0;0;0;3567;0;0;125;0;42;0;
20297;5269092;1186107392;22138880;1384910848;0;0;0;0;0;0;0;0;0;0;0;3777;0;0;125;0;42;0;
20298;5053798;1186107392;22138880;1384910848;0;0;0;0;0;0;0;0;0;0;0;3837;0;0;125;0;42;0;
20299;5796701;1186107392;22138880;1384910848;0;0;0;0;0;0;0;0;0;0;0;5450;0;0;125;0;42;0;
20300;5336388;1186107392;22138880;1384910848;0;0;0;0;0;0;0;0;0;0;0;3957;0;0;125;0;42;0;
20301;4430399;1186107392;22138880;1384910848;0;0;0;0;0;0;0;0;0;0;0;4499;0;0;125;0;42;0;
20302;6003449;1186107392;22138880;1384910848;0;0;0;0;0;0;0;0;0;0;0;4769;0;0;125;0;42;0;
20303;4445577;1186107392;22138880;1384910848;0;0;0;0;0;0;0;0;0;0;0;4439;0;0;125;0;42;0;
20304;5484145;1186107392;22138880;1384910848;0;0;0;0;0;0;0;0;0;0;0;4438;0;0;125;0;42;0;
20305;4493086;1186107392;22138880;1384910848;0;0;0;0;0;0;0;0;0;0;0;4097;0;0;125;0;42;0;
20306;5445884;1186107392;22138880;1384910848;0;0;0;0;0;0;0;0;0;0;0;3848;0;0;125;0;42;0;
20307;4477366;1186107392;22138880;1384910848;0;0;0;0;0;0;0;0;0;0;0;4478;0;0;125;0;42;0;
20308;4650802;1186107392;22138880;1384910848;0;0;0;0;0;0;0;0;0;0;0;3116;0;0;125;0;42;0;
20309;4439165;1186107392;22138880;1384910848;0;0;0;0;0;0;0;0;0;0;0;4919;0;0;125;0;42;0;
20310;5184293;1186107392;22138880;1384910848;0;0;0;0;0;0;0;0;0;0;0;3517;0;0;125;0;42;0;
20311;4464101;1186107392;22138880;1384910848;0;0;0;0;0;0;0;0;0;0;0;4178;0;0;125;0;42;0;
20312;5417200;1186107392;22138880;1384910848;0;0;0;0;0;0;0;0;0;0;0;3737;0;0;125;0;42;0;
20313;4241785;1186107392;22138880;1384910848;0;0;0;0;0;0;0;0;0;0;0;3787;0;0;125;0;42;0;
20314;5372345;1186107392;22138880;1384910848;0;0;0;0;0;0;0;0;0;0;0;3667;0;0;125;0;42;0;
20315;4184838;1186107392;22138880;1384910848;0;0;0;0;0;0;0;0;0;0;0;4198;0;0;125;0;42;0;
20316;5433930;1186107392;22138880;1384910848;0;0;0;0;0;0;0;0;0;0;0;4508;0;0;125;0;42;0;
20317;3884225;1186107392;22138880;1384910848;0;0;0;0;0;0;0;0;0;0;0;3647;0;0;125;0;42;0;
20318;4760197;1186107392;22138880;1384910848;0;0;0;0;0;0;0;0;0;0;0;3376;0;0;125;0;42;0;
20319;3263550;1186107392;22138880;1384910848;0;0;0;0;0;0;0;0;0;0;0;3737;0;0;125;0;42;0;
20320;5251368;1186107392;22138880;1384910848;0;0;0;0;0;0;0;0;0;0;0;3928;0;0;125;0;42;0;
20321;4834898;1186107392;22138880;1384910848;0;0;0;0;0;0;0;0;0;0;0;4248;0;0;125;0;42;0;
20322;4785114;1186107392;22138880;1384910848;0;0;0;0;0;0;0;0;0;0;0;4228;0;0;125;0;42;0;
20323;3558383;1186107392;22138880;1384910848;0;0;0;0;0;0;0;0;0;0;0;3697;0;0;125;0;42;0;
20324;5011579;1186107392;22138880;1384910848;0;0;0;0;0;0;0;0;0;0;0;3076;0;0;125;0;42;0;
20325;3020154;1186107392;22138880;1384910848;0;0;0;0;0;0;0;0;0;0;0;3636;0;0;125;0;42;0;
20326;8937271;1186107392;22138880;1384910848;0;0;0;0;0;0;0;0;0;0;0;4288;0;0;125;0;42;0;
20327;3379868;1186107392;22138880;1384910848;0;0;0;0;0;0;0;0;0;0;0;3767;0;0;125;0;42;0;
20328;5160097;1186107392;22138880;1384910848;0;0;0;0;0;0;0;0;0;0;0;2755;0;0;125;0;42;0;
20329;3833479;1186107392;22138880;1384910848;0;0;0;0;0;0;0;0;0;0;0;4138;0;0;125;0;42;0;
20330;5217826;1186107392;22138880;1384910848;0;0;0;0;0;0;0;0;0;0;0;7885;0;0;125;0;42;0;
20331;3577308;1186107392;22138880;1384910848;0;0;0;0;0;0;0;0;0;0;0;4548;0;0;125;0;42;0;
20332;4718840;1186107392;22138880;1384910848;0;0;0;0;0;0;0;0;0;0;0;3016;0;0;125;0;42;0;
20333;3541792;1186107392;22138880;1384910848;0;0;0;0;0;0;0;0;0;0;0;3156;0;0;125;0;42;0;
20334;4903676;1186107392;22138880;1384910848;0;0;0;0;0;0;0;0;0;0;0;2224;0;0;125;0;42;0;
20335;3062072;1186107392;22138880;1384910848;0;0;0;0;0;0;0;0;0;0;0;4218;0;0;125;0;42;0;
20336;4797999;1186107392;22138880;1384910848;0;0;0;0;0;0;0;0;0;0;0;3046;0;0;125;0;42;0;
20337;5004505;1186107392;22138880;1384910848;0;0;0;0;0;0;0;0;0;0;0;4789;0;0;125;0;42;0;
20338;5396932;1186107392;22138880;1384910848;0;0;0;0;0;0;0;0;0;0;0;3867;0;0;125;0;42;0;
20339;3446133;1186107392;22138880;1384910848;0;0;0;0;0;0;0;0;0;0;0;3527;0;0;125;0;42;0;
20340;5007952;1186107392;22138880;1384910848;0;0;0;0;0;0;0;0;0;0;0;2675;0;0;125;0;42;0;
20341;2255530;1186107392;22138880;1384910848;0;0;0;0;0;0;0;0;0;0;0;3056;0;0;125;0;42;0;
20342;5526715;1186107392;22138880;1384910848;0;0;0;0;0;0;0;0;0;0;0;3476;0;0;125;0;42;0;
20343;3667358;1186107392;22138880;1384910848;0;0;0;0;0;0;0;0;0;0;0;3356;0;0;125;0;42;0;
20344;5675303;1186107392;22138880;1384910848;0;0;0;0;0;0;0;0;0;0;0;5280;0;0;125;0;42;0;
20345;3961188;1186107392;22138880;1384910848;0;0;0;0;0;0;0;0;0;0;0;3947;0;0;125;0;42;0;
20346;4697099;1186107392;22138880;1384910848;0;0;0;0;0;0;0;0;0;0;0;2565;0;0;125;0;42;0;
20347;4480192;1186107392;22138880;1384910848;0;0;0;0;0;0;0;0;0;0;0;5029;0;0;125;0;42;0;
20348;5446294;1186107392;22138880;1384910848;0;0;0;0;0;0;0;0;0;0;0;3818;0;0;125;0;42;0;
20349;5969756;1186107392;22138880;1384910848;0;0;0;0;0;0;0;0;0;0;0;5150;0;0;125;0;42;0;
20350;5495566;1186107392;22138880;1384910848;0;0;0;0;0;0;0;0;0;0;0;3537;0;0;125;0;42;0;
20351;5592869;1186107392;22138880;1384910848;0;0;0;0;0;0;0;0;0;0;0;5580;0;0;125;0;42;0;
20352;5288858;1186107392;22138880;1384910848;0;0;0;0;0;0;0;0;0;0;0;3928;0;0;125;0;42;0;
20353;5539228;1186107392;22138880;1384910848;0;0;0;0;0;0;0;0;0;0;0;5059;0;0;125;0;42;0;
20354;5113179;1186107392;22138880;1384910848;0;0;0;0;0;0;0;0;0;0;0;4067;0;0;125;0;42;0;
20355;5843699;1186107392;22138880;1384910848;0;0;0;0;0;0;0;0;0;0;0;4959;0;0;125;0;42;0;
20356;5527076;1186107392;22138880;1384910848;0;0;0;0;0;0;0;0;0;0;0;4108;0;0;125;0;42;0;
20357;5689550;1186107392;22138880;1384910848;0;0;0;0;0;0;0;0;0;0;0;5030;0;0;125;0;42;0;
20358;5174304;1186107392;22138880;1384910848;0;0;0;0;0;0;0;0;0;0;0;4338;0;0;125;0;42;0;
20359;4877056;1186107392;22138880;1384910848;0;0;0;0;0;0;0;0;0;0;0;3797;0;0;125;0;42;0;
20360;4528593;1186107392;22138880;1384910848;0;0;0;0;0;0;0;0;0;0;0;1974;0;0;125;0;42;0;
20361;3357537;1186107392;22138880;1384910848;0;0;0;0;0;0;0;0;0;0;0;4087;0;0;125;0;42;0;
20362;4785395;1186107392;22138880;1384910848;0;0;0;0;0;0;0;0;0;0;0;3456;0;0;125;0;42;0;
20363;2999866;1186107392;22138880;1384910848;0;0;0;0;0;0;0;0;0;0;0;3466;0;0;125;0;42;0;
20364;4974800;1186107392;22138880;1384910848;0;0;0;0;0;0;0;0;0;0;0;3106;0;0;125;0;42;0;
20365;4538742;1186107392;22138880;1384910848;0;0;0;0;0;0;0;0;0;0;0;5110;0;0;125;0;42;0;
20366;5448207;1186107392;22138880;1384910848;0;0;0;0;0;0;0;0;0;0;0;2655;0;0;125;0;42;0;
20367;3942314;1186107392;22138880;1384910848;0;0;0;0;0;0;0;0;0;0;0;3216;0;0;125;0;42;0;
20368;4814529;1186107392;22138880;1384910848;0;0;0;0;0;0;0;0;0;0;0;2214;0;0;125;0;42;0;
20369;4670509;1186107392;22138880;1384910848;0;0;0;0;0;0;0;0;0;0;0;3877;0;0;125;0;42;0;
20370;5401169;1186107392;22138880;1384910848;0;0;0;0;0;0;0;0;0;0;0;2514;0;0;125;0;42;0;
20371;3885737;1186107392;22138880;1384910848;0;0;0;0;0;0;0;0;0;0;0;2966;0;0;125;0;42;0;
20372;5344864;1186107392;22138880;1384910848;0;0;0;0;0;0;0;0;0;0;0;2364;0;0;125;0;42;0;
20373;3879385;1186107392;22138880;1384910848;0;0;0;0;0;0;0;0;0;0;0;3376;0;0;125;0;42;0;
20374;4920658;1186107392;22138880;1384910848;0;0;0;0;0;0;0;0;0;0;0;2364;0;0;125;0;42;0;
20375;3555408;1186107392;22138880;1384910848;0;0;0;0;0;0;0;0;0;0;0;3256;0;0;125;0;42;0;
20376;5390991;1186107392;22138880;1384910848;0;0;0;0;0;0;0;0;0;0;0;2706;0;0;125;0;42;0;
20377;3463175;1186107392;22138880;1384910848;0;0;0;0;0;0;0;0;0;0;0;3206;0;0;125;0;42;0;
20378;5270675;1186107392;22138880;1384910848;0;0;0;0;0;0;0;0;0;0;0;2925;0;0;125;0;42;0;
20379;3746947;1186107392;22138880;1384910848;0;0;0;0;0;0;0;0;0;0;0;2805;0;0;125;0;42;0;
20380;5250847;1186107392;22138880;1384910848;0;0;0;0;0;0;0;0;0;0;0;2975;0;0;125;0;42;0;
20381;3346516;1186107392;22138880;1384910848;0;0;0;0;0;0;0;0;0;0;0;2905;0;0;125;0;42;0;
20382;4937540;1186107392;22138880;1384910848;0;0;0;0;0;0;0;0;0;0;0;1933;0;0;125;0;42;0;
20383;5019143;1186107392;22138880;1384910848;0;0;0;0;0;0;0;0;0;0;0;3857;0;0;125;0;42;0;
20384;5223696;1186107392;22138880;1384910848;0;0;0;0;0;0;0;0;0;0;0;3145;0;0;125;0;42;0;
20385;4679316;1186107392;22138880;1384910848;0;0;0;0;0;0;0;0;0;0;0;3807;0;0;125;0;42;0;
20386;4975882;1186107392;22138880;1384910848;0;0;0;0;0;0;0;0;0;0;0;3226;0;0;125;0;42;0;
20387;3566699;1186107392;22138880;1384910848;0;0;0;0;0;0;0;0;0;0;0;2956;0;0;125;0;42;0;
20388;4994066;1186107392;22138880;1384910848;0;0;0;0;0;0;0;0;0;0;0;3216;0;0;125;0;42;0;
20389;3303375;1186107392;22138880;1384910848;0;0;0;0;0;0;0;0;0;0;0;3277;0;0;125;0;42;0;
20390;5138507;1186107392;22138880;1384910848;0;0;0;0;0;0;0;0;0;0;0;2204;0;0;125;0;42;0;
20391;4046058;1186107392;22138880;1384910848;0;0;0;0;0;0;0;0;0;0;0;2675;0;0;125;0;42;0;
20392;5096027;1186107392;22138880;1384910848;0;0;0;0;0;0;0;0;0;0;0;2454;0;0;125;0;42;0;
20393;3308494;1186107392;22138880;1384910848;0;0;0;0;0;0;0;0;0;0;0;3186;0;0;125;0;42;0;
20394;5432228;1186107392;22138880;1384910848;0;0;0;0;0;0;0;0;0;0;0;2264;0;0;125;0;42;0;
20395;5528428;1186107392;22138880;1384910848;0;0;0;0;0;0;0;0;0;0;0;4398;0;0;125;0;42;0;
20396;5836976;1186107392;22138880;1384910848;0;0;0;0;0;0;0;0;0;0;0;3446;0;0;125;0;42;0;
20397;4197933;1186107392;22138880;1384910848;0;0;0;0;0;0;0;0;0;0;0;4217;0;0;125;0;42;0;
20398;5398023;1186107392;22138880;1384910848;0;0;0;0;0;0;0;0;0;0;0;2194;0;0;125;0;42;0;
20399;5679321;1186107392;22138880;1384910848;0;0;0;0;0;0;0;0;0;0;0;3096;0;0;125;0;42;0;
20400;5129400;1186107392;22138880;1384910848;0;0;0;0;0;0;0;0;0;0;0;2515;0;0;125;0;42;0;
20401;4263505;1186107392;22138880;1384910848;0;0;0;0;0;0;0;0;0;0;0;3546;0;0;125;0;42;0;
20402;5033460;1186107392;22138880;1384910848;0;0;0;0;0;0;0;0;0;0;0;2635;0;0;125;0;42;0;
20403;4385444;1186107392;22138880;1384910848;0;0;0;0;0;0;0;0;0;0;0;2445;0;0;125;0;42;0;
20404;4847030;1186107392;22138880;1384910848;0;0;0;0;0;0;0;0;0;0;0;2605;0;0;125;0;42;0;
20405;4036550;1186107392;22138880;1384910848;0;0;0;0;0;0;0;0;0;0;0;3236;0;0;125;0;42;0;
20406;5184553;1186107392;22138880;1384910848;0;0;0;0;0;0;0;0;0;0;0;2304;0;0;125;0;42;0;
20407;4124896;1186107392;22138880;1384910848;0;0;0;0;0;0;0;0;0;0;0;3506;0;0;125;0;42;0;
20408;5800338;1186107392;22138880;1384910848;0;0;0;0;0;0;0;0;0;0;0;3156;0;0;125;0;42;0;
20409;4021732;1186107392;22138880;1384910848;0;0;0;0;0;0;0;0;0;0;0;2815;0;0;125;0;42;0;
20410;4590419;1186107392;22138880;1384910848;0;0;0;0;0;0;0;0;0;0;0;2074;0;0;125;0;42;0;
20411;5276085;1186107392;22138880;1384910848;0;0;0;0;0;0;0;0;0;0;0;4258;0;0;125;0;42;0;
20412;5656969;1186107392;22138880;1384910848;0;0;0;0;0;0;0;0;0;0;0;3065;0;0;125;0;42;0;
20413;4696447;1186107392;22138880;1384910848;0;0;0;0;0;0;0;0;0;0;0;3506;0;0;125;0;42;0;
20414;4744928;1186107392;22138880;1384910848;0;0;0;0;0;0;0;0;0;0;0;2364;0;0;125;0;42;0;
20415;3912969;1186107392;22138880;1384910848;0;0;0;0;0;0;0;0;0;0;0;2655;0;0;125;0;42;0;
20416;5248253;1186107392;22138880;1384910848;0;0;0;0;0;0;0;0;0;0;0;2595;0;0;125;0;42;0;
20417;3212094;1186107392;22138880;1384910848;0;0;0;0;0;0;0;0;0;0;0;2735;0;0;125;0;42;0;
20418;5198839;1186107392;22138880;1384910848;0;0;0;0;0;0;0;0;0;0;0;2275;0;0;125;0;42;0;
20419;3617594;1186107392;22138880;1384910848;0;0;0;0;0;0;0;0;0;0;0;2645;0;0;125;0;42;0;
20420;6389293;1186107392;22138880;1384910848;0;0;0;0;0;0;0;0;0;0;0;6772;0;0;125;0;42;0;
20421;5190654;1186107392;22147072;1384919040;0;0;0;0;0;0;0;0;0;0;0;5651;0;0;125;0;42;0;
20422;6644200;1186107392;22147072;1384919040;0;0;0;0;0;0;0;0;0;0;0;3366;0;0;125;0;42;0;
20423;3922306;1186107392;22147072;1384919040;0;0;0;0;0;0;0;0;0;0;0;3858;0;0;125;0;42;0;
20424;5283448;1186107392;22147072;1384919040;0;0;0;0;0;0;0;0;0;0;0;3076;0;0;125;0;42;0;
20425;3418211;1186107392;22147072;1384919040;0;0;0;0;0;0;0;0;0;0;0;3527;0;0;125;0;42;0;
20426;5938327;1186107392;22147072;1384919040;0;0;0;0;0;0;0;0;0;0;0;3476;0;0;125;0;42;0;
20427;3205933;1186181120;22138880;1384910848;0;0;0;0;0;0;0;0;0;0;0;3877;0;0;125;0;42;0;
20428;5200083;1186181120;22138880;1384910848;0;0;0;0;0;0;0;0;0;0;0;3516;0;0;125;0;42;0;
20429;3224747;1186181120;22138880;1384910848;0;0;0;0;0;0;0;0;0;0;0;2405;0;0;125;0;42;0;
20430;4844145;1186181120;22138880;1384910848;0;0;0;0;0;0;0;0;0;0;0;2274;0;0;125;0;42;0;
20431;2621957;1186181120;22138880;1384910848;0;0;0;0;0;0;0;0;0;0;0;2635;0;0;125;0;42;0;
20432;4812225;1186181120;22138880;1384910848;0;0;0;0;0;0;0;0;0;0;0;2565;0;0;125;0;42;0;
20433;3467693;1186181120;22138880;1384910848;0;0;0;0;0;0;0;0;0;0;0;3086;0;0;125;0;42;0;
20434;4782068;1186181120;22138880;1384910848;0;0;0;0;0;0;0;0;0;0;0;2685;0;0;125;0;42;0;
20435;2888988;1186181120;22138880;1384910848;0;0;0;0;0;0;0;0;0;0;0;2785;0;0;125;0;42;0;
20436;4718149;1186181120;22138880;1384910848;0;0;0;0;0;0;0;0;0;0;0;2605;0;0;125;0;42;0;
20437;3632793;1186181120;22138880;1384910848;0;0;0;0;0;0;0;0;0;0;0;3627;0;0;125;0;42;0;
20438;4813988;1186181120;22138880;1384910848;0;0;0;0;0;0;0;0;0;0;0;3206;0;0;125;0;42;0;
20439;3755473;1186181120;22138880;1384910848;0;0;0;0;0;0;0;0;0;0;0;3767;0;0;125;0;42;0;
20440;4937239;1186181120;22138880;1384910848;0;0;0;0;0;0;0;0;0;0;0;3437;0;0;125;0;42;0;
20441;3933597;1186181120;22138880;1384910848;0;0;0;0;0;0;0;0;0;0;0;3697;0;0;125;0;42;0;
20442;4964390;1186181120;22138880;1384910848;0;0;0;0;0;0;0;0;0;0;0;3556;0;0;125;0;42;0;
20443;3746035;1186181120;22138880;1384910848;0;0;0;0;0;0;0;0;0;0;0;3356;0;0;125;0;42;0;
20444;5241169;1186181120;22138880;1384910848;0;0;0;0;0;0;0;0;0;0;0;3146;0;0;125;0;42;0;
20445;4625675;1186181120;22138880;1384910848;0;0;0;0;0;0;0;0;0;0;0;4158;0;0;125;0;42;0;
20446;5541913;1186181120;22138880;1384910848;0;0;0;0;0;0;0;0;0;0;0;3377;0;0;125;0;42;0;
20447;4539353;1186181120;22138880;1384910848;0;0;0;0;0;0;0;0;0;0;0;3577;0;0;125;0;42;0;
20448;5693898;1186181120;22138880;1384910848;0;0;0;0;0;0;0;0;0;0;0;3697;0;0;125;0;42;0;
20449;6259289;1186181120;22138880;1384910848;0;0;0;0;0;0;0;0;0;0;0;4389;0;0;125;0;42;0;
20450;5239356;1186181120;22138880;1384910848;0;0;0;0;0;0;0;0;0;0;0;3236;0;0;125;0;42;0;
20451;4559180;1186181120;22138880;1384910848;0;0;0;0;0;0;0;0;0;0;0;2454;0;0;125;0;42;0;
20452;5015876;1186181120;22138880;1384910848;0;0;0;0;0;0;0;0;0;0;0;2284;0;0;125;0;42;0;
20453;12075376;1186181120;22138880;1384910848;0;0;0;0;0;0;0;0;0;0;0;2705;0;0;125;0;42;0;
20454;5321740;1186181120;22138880;1384910848;0;0;0;0;0;0;0;0;0;0;0;3025;0;0;125;0;42;0;
20455;3766584;1186181120;22138880;1384910848;0;0;0;0;0;0;0;0;0;0;0;2905;0;0;125;0;42;0;
20456;5009294;1186181120;22138880;1384910848;0;0;0;0;0;0;0;0;0;0;0;2214;0;0;125;0;42;0;
20457;4068510;1186181120;22138880;1384910848;0;0;0;0;0;0;0;0;0;0;0;3146;0;0;125;0;42;0;
20458;4997232;1186181120;22138880;1384910848;0;0;0;0;0;0;0;0;0;0;0;2374;0;0;125;0;42;0;
20459;3994300;1186181120;22138880;1384910848;0;0;0;0;0;0;0;0;0;0;0;3386;0;0;125;0;42;0;
20460;5779128;1186181120;22138880;1384910848;0;0;0;0;0;0;0;0;0;0;0;3417;0;0;125;0;42;0;
20461;5237412;1186181120;22138880;1384910848;0;0;0;0;0;0;0;0;0;0;0;3216;0;0;125;0;42;0;
20462;4921950;1186181120;22138880;1384910848;0;0;0;0;0;0;0;0;0;0;0;2174;0;0;125;0;42;0;
20463;4878870;1186181120;22138880;1384910848;0;0;0;0;0;0;0;0;0;0;0;3787;0;0;125;0;42;0;
20464;5221552;1186181120;22138880;1384910848;0;0;0;0;0;0;0;0;0;0;0;2975;0;0;125;0;42;0;
20465;3298807;1186181120;22138880;1384910848;0;0;0;0;0;0;0;0;0;0;0;4087;0;0;125;0;42;0;
20466;5183320;1186181120;22138880;1384910848;0;0;0;0;0;0;0;0;0;0;0;3156;0;0;125;0;42;0;
20467;3776272;1186181120;22138880;1384910848;0;0;0;0;0;0;0;0;0;0;0;3827;0;0;125;0;42;0;
20468;5001459;1186181120;22138880;1384910848;0;0;0;0;0;0;0;0;0;0;0;3166;0;0;125;0;42;0;
20469;2990628;1186181120;22138880;1384910848;0;0;0;0;0;0;0;0;0;0;0;2845;0;0;125;0;42;0;
20470;5043579;1186181120;22138880;1384910848;0;0;0;0;0;0;0;0;0;0;0;11823;0;0;125;0;42;0;
20471;3407531;1186181120;22138880;1384910848;0;0;0;0;0;0;0;0;0;0;0;2484;0;0;125;0;42;0;
20472;4833003;1186181120;22138880;1384910848;0;0;0;0;0;0;0;0;0;0;0;2134;0;0;125;0;42;0;
20473;2434646;1186181120;22138880;1384910848;0;0;0;0;0;0;0;0;0;0;0;2575;0;0;125;0;42;0;
20474;4962857;1186181120;22138880;1384910848;0;0;0;0;0;0;0;0;0;0;0;2274;0;0;125;0;42;0;
20475;2893397;1186181120;22138880;1384910848;0;0;0;0;0;0;0;0;0;0;0;2405;0;0;125;0;42;0;
20476;4554742;1186181120;22138880;1384910848;0;0;0;0;0;0;0;0;0;0;0;2104;0;0;125;0;42;0;
20477;3755273;1186181120;22138880;1384910848;0;0;0;0;0;0;0;0;0;0;0;3657;0;0;125;0;42;0;
20478;4504558;1186181120;22138880;1384910848;0;0;0;0;0;0;0;0;0;0;0;2294;0;0;125;0;42;0;
20479;3126454;1186181120;22138880;1384910848;0;0;0;0;0;0;0;0;0;0;0;2555;0;0;125;0;42;0;
20480;4706918;1186181120;22138880;1384910848;0;0;0;0;0;0;0;0;0;0;0;2675;0;0;125;0;42;0;
20481;4020249;1186181120;22138880;1384910848;0;0;0;0;0;0;0;0;0;0;0;3076;0;0;125;0;42;0;
20482;4854414;1186181120;22138880;1384910848;0;0;0;0;0;0;0;0;0;0;0;2504;0;0;125;0;42;0;
20483;2558929;1186181120;22138880;1384910848;0;0;0;0;0;0;0;0;0;0;0;2464;0;0;125;0;42;0;
20484;4548340;1186181120;22138880;1384910848;0;0;0;0;0;0;0;0;0;0;0;2946;0;0;125;0;42;0;
20485;3517546;1186181120;22138880;1384910848;0;0;0;0;0;0;0;0;0;0;0;2715;0;0;125;0;42;0;
20486;4843243;1186181120;22138880;1384910848;0;0;0;0;0;0;0;0;0;0;0;2475;0;0;125;0;42;0;
20487;3201053;1186181120;22138880;1384910848;0;0;0;0;0;0;0;0;0;0;0;3616;0;0;125;0;42;0;
20488;4826051;1186181120;22138880;1384910848;0;0;0;0;0;0;0;0;0;0;0;2785;0;0;125;0;42;0;
20489;4255681;1186181120;22138880;1384910848;0;0;0;0;0;0;0;0;0;0;0;2745;0;0;125;0;42;0;
20490;4653266;1186181120;22138880;1384910848;0;0;0;0;0;0;0;0;0;0;0;2054;0;0;125;0;42;0;
20491;2565441;1186181120;22138880;1384910848;0;0;0;0;0;0;0;0;0;0;0;2455;0;0;125;0;42;0;
20492;4755479;1186181120;22138880;1384910848;0;0;0;0;0;0;0;0;0;0;0;2334;0;0;125;0;42;0;
20493;2594015;1186181120;22138880;1384910848;0;0;0;0;0;0;0;0;0;0;0;3055;0;0;125;0;42;0;
20494;4539414;1186181120;22138880;1384910848;0;0;0;0;0;0;0;0;0;0;0;2735;0;0;125;0;42;0;
20495;3497268;1186181120;22138880;1384910848;0;0;0;0;0;0;0;0;0;0;0;2154;0;0;125;0;42;0;
20496;4537600;1186181120;22138880;1384910848;0;0;0;0;0;0;0;0;0;0;0;2154;0;0;125;0;42;0;
20497;2904076;1186181120;22138880;1384910848;0;0;0;0;0;0;0;0;0;0;0;2955;0;0;125;0;42;0;
20498;4770025;1186181120;22138880;1384910848;0;0;0;0;0;0;0;0;0;0;0;2415;0;0;125;0;42;0;
20499;2258606;1186181120;22138880;1384910848;0;0;0;0;0;0;0;0;0;0;0;2856;0;0;125;0;42;0;
20500;4493116;1186181120;22138880;1384910848;0;0;0;0;0;0;0;0;0;0;0;2675;0;0;125;0;42;0;
20501;3119981;1186181120;22138880;1384910848;0;0;0;0;0;0;0;0;0;0;0;3126;0;0;125;0;42;0;
20502;4676470;1186181120;22138880;1384910848;0;0;0;0;0;0;0;0;0;0;0;2505;0;0;125;0;42;0;
20503;3114721;1186181120;22138880;1384910848;0;0;0;0;0;0;0;0;0;0;0;2375;0;0;125;0;42;0;
20504;4884300;1186181120;22138880;1384910848;0;0;0;0;0;0;0;0;0;0;0;2384;0;0;125;0;42;0;
20505;2639611;1186181120;22138880;1384910848;0;0;0;0;0;0;0;0;0;0;0;2665;0;0;125;0;42;0;
20506;4862289;1186181120;22138880;1384910848;0;0;0;0;0;0;0;0;0;0;0;2294;0;0;125;0;42;0;
20507;3394697;1186181120;22138880;1384910848;0;0;0;0;0;0;0;0;0;0;0;104476;0;0;125;0;42;0;
20508;4571393;1186181120;22138880;1384910848;0;0;0;0;0;0;0;0;0;0;0;2274;0;0;125;0;42;0;
20509;3408583;1186181120;22138880;1384910848;0;0;0;0;0;0;0;0;0;0;0;2365;0;0;125;0;42;0;
20510;4854234;1186181120;22138880;1384910848;0;0;0;0;0;0;0;0;0;0;0;2304;0;0;125;0;42;0;
20511;3182058;1186181120;22138880;1384910848;0;0;0;0;0;0;0;0;0;0;0;2675;0;0;125;0;42;0;
20512;5107007;1186181120;22138880;1384910848;0;0;0;0;0;0;0;0;0;0;0;2014;0;0;125;0;42;0;
20513;2233819;1186181120;22138880;1384910848;0;0;0;0;0;0;0;0;0;0;0;2265;0;0;125;0;42;0;
20514;4798900;1186181120;22138880;1384910848;0;0;0;0;0;0;0;0;0;0;0;2235;0;0;125;0;42;0;
20515;3288828;1186181120;22138880;1384910848;0;0;0;0;0;0;0;0;0;0;0;3757;0;0;125;0;42;0;
20516;4868280;1186181120;22138880;1384910848;0;0;0;0;0;0;0;0;0;0;0;2604;0;0;125;0;42;0;
20517;3841484;1186181120;22138880;1384910848;0;0;0;0;0;0;0;0;0;0;0;2565;0;0;125;0;42;0;
20518;4515769;1186181120;22138880;1384910848;0;0;0;0;0;0;0;0;0;0;0;2275;0;0;125;0;42;0;
20519;3838489;1186181120;22138880;1384910848;0;0;0;0;0;0;0;0;0;0;0;2695;0;0;125;0;42;0;
20520;4701628;1186181120;22138880;1384910848;0;0;0;0;0;0;0;0;0;0;0;2605;0;0;125;0;42;0;
20521;2638178;1186181120;22138880;1384910848;0;0;0;0;0;0;0;0;0;0;0;2364;0;0;125;0;42;0;
20522;4714832;1186181120;22138880;1384910848;0;0;0;0;0;0;0;0;0;0;0;2355;0;0;125;0;42;0;
20523;2874701;1186181120;22138880;1384910848;0;0;0;0;0;0;0;0;0;0;0;2986;0;0;125;0;42;0;
20524;4619203;1186181120;22138880;1384910848;0;0;0;0;0;0;0;0;0;0;0;2605;0;0;125;0;42;0;
20525;3204279;1186181120;22138880;1384910848;0;0;0;0;0;0;0;0;0;0;0;2855;0;0;125;0;42;0;
20526;4589717;1186181120;22138880;1384910848;0;0;0;0;0;0;0;0;0;0;0;2364;0;0;125;0;42;0;
20527;3519330;1186181120;22138880;1384910848;0;0;0;0;0;0;0;0;0;0;0;2695;0;0;125;0;42;0;
20528;4572174;1186181120;22138880;1384910848;0;0;0;0;0;0;0;0;0;0;0;2415;0;0;125;0;42;0;
20529;2701125;1186181120;22138880;1384910848;0;0;0;0;0;0;0;0;0;0;0;2865;0;0;125;0;42;0;
20530;4798038;1186181120;22138880;1384910848;0;0;0;0;0;0;0;0;0;0;0;2765;0;0;125;0;42;0;
20531;2958078;1186181120;22138880;1384910848;0;0;0;0;0;0;0;0;0;0;0;3316;0;0;125;0;42;0;
20532;4531589;1186181120;22138880;1384910848;0;0;0;0;0;0;0;0;0;0;0;2645;0;0;125;0;42;0;
20533;2497654;1186181120;22138880;1384910848;0;0;0;0;0;0;0;0;0;0;0;2455;0;0;125;0;42;0;
20534;4429086;1186181120;22138880;1384910848;0;0;0;0;0;0;0;0;0;0;0;2034;0;0;125;0;42;0;
20535;3078594;1186181120;22138880;1384910848;0;0;0;0;0;0;0;0;0;0;0;2284;0;0;125;0;42;0;
20536;4887967;1186181120;22138880;1384910848;0;0;0;0;0;0;0;0;0;0;0;2304;0;0;125;0;42;0;
20537;2186651;1186181120;22138880;1384910848;0;0;0;0;0;0;0;0;0;0;0;2575;0;0;125;0;42;0;
20538;4421912;1186181120;22138880;1384910848;0;0;0;0;0;0;0;0;0;0;0;2465;0;0;125;0;42;0;
20539;2729679;1186181120;22138880;1384910848;0;0;0;0;0;0;0;0;0;0;0;2244;0;0;125;0;42;0;
20540;4771970;1186181120;22138880;1384910848;0;0;0;0;0;0;0;0;0;0;0;2354;0;0;125;0;42;0;
20541;3013311;1186181120;22138880;1384910848;0;0;0;0;0;0;0;0;0;0;0;2705;0;0;125;0;42;0;
20542;4474512;1186181120;22138880;1384910848;0;0;0;0;0;0;0;0;0;0;0;2104;0;0;125;0;42;0;
20543;3862915;1186181120;22138880;1384910848;0;0;0;0;0;0;0;0;0;0;0;2826;0;0;125;0;42;0;
20544;4876185;1186181120;22138880;1384910848;0;0;0;0;0;0;0;0;0;0;0;2565;0;0;125;0;42;0;
20545;4355128;1186181120;22138880;1384910848;0;0;0;0;0;0;0;0;0;0;0;2815;0;0;125;0;42;0;
20546;4915859;1186181120;22138880;1384910848;0;0;0;0;0;0;0;0;0;0;0;2154;0;0;125;0;42;0;
20547;3606493;1186181120;22138880;1384910848;0;0;0;0;0;0;0;0;0;0;0;2815;0;0;125;0;42;0;
20548;6045358;1186181120;22138880;1384910848;0;0;0;0;0;0;0;0;0;0;0;2815;0;0;125;0;42;0;
20549;3979633;1186181120;22138880;1384910848;0;0;0;0;0;0;0;0;0;0;0;2855;0;0;125;0;42;0;
20550;4885322;1186181120;22138880;1384910848;0;0;0;0;0;0;0;0;0;0;0;2274;0;0;125;0;42;0;
20551;4322497;1186181120;22138880;1384910848;0;0;0;0;0;0;0;0;0;0;0;2314;0;0;125;0;42;0;
20552;5032978;1186181120;22138880;1384910848;0;0;0;0;0;0;0;0;0;0;0;2365;0;0;125;0;42;0;
20553;3491768;1186181120;22138880;1384910848;0;0;0;0;0;0;0;0;0;0;0;2745;0;0;125;0;42;0;
20554;4932471;1186181120;22138880;1384910848;0;0;0;0;0;0;0;0;0;0;0;2104;0;0;125;0;42;0;
20555;4605386;1186181120;22138880;1384910848;0;0;0;0;0;0;0;0;0;0;0;2134;0;0;125;0;42;0;
20556;5440163;1186181120;22138880;1384910848;0;0;0;0;0;0;0;0;0;0;0;2204;0;0;125;0;42;0;
20557;3574052;1186181120;22138880;1384910848;0;0;0;0;0;0;0;0;0;0;0;2865;0;0;125;0;42;0;
20558;4696958;1186181120;22138880;1384910848;0;0;0;0;0;0;0;0;0;0;0;1864;0;0;125;0;42;0;
20559;4992333;1186181120;22138880;1384910848;0;0;0;0;0;0;0;0;0;0;0;2354;0;0;125;0;42;0;
20560;5033530;1186181120;22138880;1384910848;0;0;0;0;0;0;0;0;0;0;0;2405;0;0;125;0;42;0;
20561;3619868;1186181120;22138880;1384910848;0;0;0;0;0;0;0;0;0;0;0;2726;0;0;125;0;42;0;
20562;4829337;1186181120;22138880;1384910848;0;0;0;0;0;0;0;0;0;0;0;2234;0;0;125;0;42;0;
20563;4047901;1186181120;22138880;1384910848;0;0;0;0;0;0;0;0;0;0;0;2285;0;0;125;0;42;0;
20564;5075568;1186181120;22138880;1384910848;0;0;0;0;0;0;0;0;0;0;0;2415;0;0;125;0;42;0;
20565;4533963;1186181120;22138880;1384910848;0;0;0;0;0;0;0;0;0;0;0;2604;0;0;125;0;42;0;
20566;5000919;1186181120;22138880;1384910848;0;0;0;0;0;0;0;0;0;0;0;2284;0;0;125;0;42;0;
20567;3126323;1186181120;22138880;1384910848;0;0;0;0;0;0;0;0;0;0;0;2886;0;0;125;0;42;0;
20568;4867558;1186181120;22138880;1384910848;0;0;0;0;0;0;0;0;0;0;0;2465;0;0;125;0;42;0;
20569;3328803;1186181120;22138880;1384910848;0;0;0;0;0;0;0;0;0;0;0;2926;0;0;125;0;42;0;
20570;5261728;1186181120;22138880;1384910848;0;0;0;0;0;0;0;0;0;0;0;1973;0;0;125;0;42;0;
20571;4083238;1186181120;22138880;1384910848;0;0;0;0;0;0;0;0;0;0;0;2976;0;0;125;0;42;0;
20572;4833905;1186181120;22138880;1384910848;0;0;0;0;0;0;0;0;0;0;0;2665;0;0;125;0;42;0;
20573;3786431;1186181120;22138880;1384910848;0;0;0;0;0;0;0;0;0;0;0;2685;0;0;125;0;42;0;
20574;5113049;1186181120;22138880;1384910848;0;0;0;0;0;0;0;0;0;0;0;2304;0;0;125;0;42;0;
20575;3961088;1186181120;22138880;1384910848;0;0;0;0;0;0;0;0;0;0;0;2655;0;0;125;0;42;0;
20576;4840708;1186181120;22138880;1384910848;0;0;0;0;0;0;0;0;0;0;0;2444;0;0;125;0;42;0;
20577;4116450;1186181120;22138880;1384910848;0;0;0;0;0;0;0;0;0;0;0;3437;0;0;125;0;42;0;
20578;5243022;1186181120;22138880;1384910848;0;0;0;0;0;0;0;0;0;0;0;6673;0;0;125;0;42;0;
20579;3900004;1186181120;22138880;1384910848;0;0;0;0;0;0;0;0;0;0;0;2715;0;0;125;0;42;0;
20580;4803709;1186181120;22138880;1384910848;0;0;0;0;0;0;0;0;0;0;0;2504;0;0;125;0;42;0;
20581;4012946;1186181120;22138880;1384910848;0;0;0;0;0;0;0;0;0;0;0;2685;0;0;125;0;42;0;
20582;4814068;1186181120;22138880;1384910848;0;0;0;0;0;0;0;0;0;0;0;2214;0;0;125;0;42;0;
20583;3588029;1186181120;22138880;1384910848;0;0;0;0;0;0;0;0;0;0;0;2926;0;0;125;0;42;0;
20584;4918043;1186181120;22138880;1384910848;0;0;0;0;0;0;0;0;0;0;0;2305;0;0;125;0;42;0;
20585;4148099;1186181120;22138880;1384910848;0;0;0;0;0;0;0;0;0;0;0;3186;0;0;125;0;42;0;
20586;5246500;1186181120;22138880;1384910848;0;0;0;0;0;0;0;0;0;0;0;1943;0;0;125;0;42;0;
20587;3141160;1186181120;22138880;1384910848;0;0;0;0;0;0;0;0;0;0;0;2365;0;0;125;0;42;0;
20588;4575290;1186181120;22138880;1384910848;0;0;0;0;0;0;0;0;0;0;0;2234;0;0;125;0;42;0;
20589;3750363;1186181120;22138880;1384910848;0;0;0;0;0;0;0;0;0;0;0;2645;0;0;125;0;42;0;
20590;4734048;1186181120;22138880;1384910848;0;0;0;0;0;0;0;0;0;0;0;2405;0;0;125;0;42;0;
20591;3624177;1186181120;22138880;1384910848;0;0;0;0;0;0;0;0;0;0;0;2735;0;0;125;0;42;0;
20592;4845327;1186181120;22138880;1384910848;0;0;0;0;0;0;0;0;0;0;0;2454;0;0;125;0;42;0;
20593;3950438;1186181120;22138880;1384910848;0;0;0;0;0;0;0;0;0;0;0;3226;0;0;125;0;42;0;
20594;4657554;1186181120;22138880;1384910848;0;0;0;0;0;0;0;0;0;0;0;2404;0;0;125;0;42;0;
20595;3793755;1186181120;22138880;1384910848;0;0;0;0;0;0;0;0;0;0;0;2775;0;0;125;0;42;0;
20596;4901191;1186181120;22138880;1384910848;0;0;0;0;0;0;0;0;0;0;0;2475;0;0;125;0;42;0;
20597;3611243;1186181120;22138880;1384910848;0;0;0;0;0;0;0;0;0;0;0;4197;0;0;125;0;42;0;
20598;4892986;1186181120;22138880;1384910848;0;0;0;0;0;0;0;0;0;0;0;2464;0;0;125;0;42;0;
20599;3697625;1186181120;22138880;1384910848;0;0;0;0;0;0;0;0;0;0;0;3476;0;0;125;0;42;0;
20600;4815160;1186181120;22138880;1384910848;0;0;0;0;0;0;0;0;0;0;0;2424;0;0;125;0;42;0;
20601;4189937;1186181120;22138880;1384910848;0;0;0;0;0;0;0;0;0;0;0;3617;0;0;125;0;42;0;
20602;4954161;1186181120;22138880;1384910848;0;0;0;0;0;0;0;0;0;0;0;3697;0;0;125;0;42;0;
20603;3604750;1186181120;22138880;1384910848;0;0;0;0;0;0;0;0;0;0;0;3387;0;0;125;0;42;0;
20604;5192327;1186181120;22138880;1384910848;0;0;0;0;0;0;0;0;0;0;0;2554;0;0;125;0;42;0;
20605;4198043;1186181120;22138880;1384910848;0;0;0;0;0;0;0;0;0;0;0;3456;0;0;125;0;42;0;
20606;4907664;1186181120;22138880;1384910848;0;0;0;0;0;0;0;0;0;0;0;2494;0;0;125;0;42;0;
20607;4149862;1186181120;22138880;1384910848;0;0;0;0;0;0;0;0;0;0;0;3316;0;0;125;0;42;0;
20608;4616157;1186181120;22138880;1384910848;0;0;0;0;0;0;0;0;0;0;0;2735;0;0;125;0;42;0;
20609;4015571;1186181120;22138880;1384910848;0;0;0;0;0;0;0;0;0;0;0;2766;0;0;125;0;42;0;
20610;4799170;1186181120;22138880;1384910848;0;0;0;0;0;0;0;0;0;0;0;2204;0;0;125;0;42;0;
20611;4046409;1186181120;22138880;1384910848;0;0;0;0;0;0;0;0;0;0;0;3617;0;0;125;0;42;0;
20612;4914777;1186181120;22138880;1384910848;0;0;0;0;0;0;0;0;0;0;0;2655;0;0;125;0;42;0;
20613;3474255;1186181120;22138880;1384910848;0;0;0;0;0;0;0;0;0;0;0;3066;0;0;125;0;42;0;
20614;5140852;1186181120;22138880;1384910848;0;0;0;0;0;0;0;0;0;0;0;1933;0;0;125;0;42;0;
20615;3518318;1186181120;22138880;1384910848;0;0;0;0;0;0;0;0;0;0;0;3306;0;0;125;0;42;0;
20616;5299879;1186181120;22138880;1384910848;0;0;0;0;0;0;0;0;0;0;0;3006;0;0;125;0;42;0;
20617;3884665;1186181120;22138880;1384910848;0;0;0;0;0;0;0;0;0;0;0;3447;0;0;125;0;42;0;
20618;4807807;1186181120;22138880;1384910848;0;0;0;0;0;0;0;0;0;0;0;2816;0;0;125;0;42;0;
20619;3881259;1186181120;22138880;1384910848;0;0;0;0;0;0;0;0;0;0;0;2936;0;0;125;0;42;0;
20620;4749177;1186181120;22138880;1384910848;0;0;0;0;0;0;0;0;0;0;0;2565;0;0;125;0;42;0;
20621;3889214;1186181120;22138880;1384910848;0;0;0;0;0;0;0;0;0;0;0;3346;0;0;125;0;42;0;
20622;4656973;1186181120;22138880;1384910848;0;0;0;0;0;0;0;0;0;0;0;2184;0;0;125;0;42;0;
20623;4033173;1186181120;22138880;1384910848;0;0;0;0;0;0;0;0;0;0;0;2715;0;0;125;0;42;0;
20624;4916490;1186181120;22138880;1384910848;0;0;0;0;0;0;0;0;0;0;0;2675;0;0;125;0;42;0;
20625;3889424;1186181120;22138880;1384910848;0;0;0;0;0;0;0;0;0;0;0;3947;0;0;125;0;42;0;
20626;4878699;1186181120;22138880;1384910848;0;0;0;0;0;0;0;0;0;0;0;2795;0;0;125;0;42;0;
20627;3826476;1186181120;22138880;1384910848;0;0;0;0;0;0;0;0;0;0;0;2665;0;0;125;0;42;0;
20628;4643098;1186181120;22138880;1384910848;0;0;0;0;0;0;0;0;0;0;0;2635;0;0;125;0;42;0;
20629;3808192;1186181120;22138880;1384910848;0;0;0;0;0;0;0;0;0;0;0;3636;0;0;125;0;42;0;
20630;4943831;1186181120;22138880;1384910848;0;0;0;0;0;0;0;0;0;0;0;2034;0;0;125;0;42;0;
20631;3974885;1186181120;22138880;1384910848;0;0;0;0;0;0;0;0;0;0;0;2685;0;0;125;0;42;0;
20632;4798248;1186181120;22138880;1384910848;0;0;0;0;0;0;0;0;0;0;0;1974;0;0;125;0;42;0;
20633;3592327;1186181120;22138880;1384910848;0;0;0;0;0;0;0;0;0;0;0;2885;0;0;125;0;42;0;
20634;4682040;1186181120;22138880;1384910848;0;0;0;0;0;0;0;0;0;0;0;2043;0;0;125;0;42;0;
20635;4014729;1186181120;22138880;1384910848;0;0;0;0;0;0;0;0;0;0;0;2835;0;0;125;0;42;0;
20636;4759015;1186181120;22138880;1384910848;0;0;0;0;0;0;0;0;0;0;0;2645;0;0;125;0;42;0;
20637;3707513;1186181120;22138880;1384910848;0;0;0;0;0;0;0;0;0;0;0;2876;0;0;125;0;42;0;
20638;5338582;1186181120;22138880;1384910848;0;0;0;0;0;0;0;0;0;0;0;1984;0;0;125;0;42;0;
20639;4007456;1186181120;22138880;1384910848;0;0;0;0;0;0;0;0;0;0;0;2635;0;0;125;0;42;0;
20640;5008954;1186181120;22138880;1384910848;0;0;0;0;0;0;0;0;0;0;0;2505;0;0;125;0;42;0;
20641;4578657;1186181120;22138880;1384910848;0;0;0;0;0;0;0;0;0;0;0;3287;0;0;125;0;42;0;
20642;4822785;1186181120;22138880;1384910848;0;0;0;0;0;0;0;0;0;0;0;2535;0;0;125;0;42;0;
20643;3781422;1186181120;22138880;1384910848;0;0;0;0;0;0;0;0;0;0;0;3497;0;0;125;0;42;0;
20644;4850937;1186181120;22138880;1384910848;0;0;0;0;0;0;0;0;0;0;0;2966;0;0;125;0;42;0;
20645;3833960;1186181120;22138880;1384910848;0;0;0;0;0;0;0;0;0;0;0;2605;0;0;125;0;42;0;
20646;5258853;1186181120;22138880;1384910848;0;0;0;0;0;0;0;0;0;0;0;2274;0;0;125;0;42;0;
20647;3545690;1186181120;22138880;1384910848;0;0;0;0;0;0;0;0;0;0;0;2535;0;0;125;0;42;0;
20648;4510118;1186181120;22138880;1384910848;0;0;0;0;0;0;0;0;0;0;0;2384;0;0;125;0;42;0;
20649;4138992;1186181120;22138880;1384910848;0;0;0;0;0;0;0;0;0;0;0;3226;0;0;125;0;42;0;
20650;4911942;1186181120;22138880;1384910848;0;0;0;0;0;0;0;0;0;0;0;2634;0;0;125;0;42;0;
20651;4237958;1186181120;22138880;1384910848;0;0;0;0;0;0;0;0;0;0;0;3337;0;0;125;0;42;0;
20652;4732445;1186181120;22138880;1384910848;0;0;0;0;0;0;0;0;0;0;0;2745;0;0;125;0;42;0;
20653;4040507;1186181120;22138880;1384910848;0;0;0;0;0;0;0;0;0;0;0;2885;0;0;125;0;42;0;
20654;4774294;1186181120;22138880;1384910848;0;0;0;0;0;0;0;0;0;0;0;2244;0;0;125;0;42;0;
20655;3704708;1186181120;22138880;1384910848;0;0;0;0;0;0;0;0;0;0;0;2414;0;0;125;0;42;0;
20656;4517983;1186181120;22138880;1384910848;0;0;0;0;0;0;0;0;0;0;0;2635;0;0;125;0;42;0;
20657;3871441;1186181120;22138880;1384910848;0;0;0;0;0;0;0;0;0;0;0;2885;0;0;125;0;42;0;
20658;4884971;1186181120;22138880;1384910848;0;0;0;0;0;0;0;0;0;0;0;2735;0;0;125;0;42;0;
20659;2693191;1186181120;22138880;1384910848;0;0;0;0;0;0;0;0;0;0;0;2605;0;0;125;0;42;0;
20660;4742594;1186181120;22138880;1384910848;0;0;0;0;0;0;0;0;0;0;0;2485;0;0;125;0;42;0;
20661;2915638;1186181120;22138880;1384910848;0;0;0;0;0;0;0;0;0;0;0;2434;0;0;125;0;42;0;
20662;4838214;1186181120;22138880;1384910848;0;0;0;0;0;0;0;0;0;0;0;2264;0;0;125;0;42;0;
20663;2759395;1186181120;22138880;1384910848;0;0;0;0;0;0;0;0;0;0;0;2605;0;0;125;0;42;0;
20664;4615847;1186181120;22138880;1384910848;0;0;0;0;0;0;0;0;0;0;0;2395;0;0;125;0;42;0;
20665;3110503;1186181120;22138880;1384910848;0;0;0;0;0;0;0;0;0;0;0;2885;0;0;125;0;42;0;
20666;4542929;1186181120;22138880;1384910848;0;0;0;0;0;0;0;0;0;0;0;2335;0;0;125;0;42;0;
20667;2383380;1186181120;22138880;1384910848;0;0;0;0;0;0;0;0;0;0;0;2956;0;0;125;0;42;0;
20668;4651443;1186181120;22138880;1384910848;0;0;0;0;0;0;0;0;0;0;0;2715;0;0;125;0;42;0;
20669;2748845;1186181120;22138880;1384910848;0;0;0;0;0;0;0;0;0;0;0;2876;0;0;125;0;42;0;
20670;4594967;1186181120;22138880;1384910848;0;0;0;0;0;0;0;0;0;0;0;2455;0;0;125;0;42;0;
20671;2983645;1186181120;22138880;1384910848;0;0;0;0;0;0;0;0;0;0;0;2996;0;0;125;0;42;0;
20672;4546606;1186181120;22138880;1384910848;0;0;0;0;0;0;0;0;0;0;0;2295;0;0;125;0;42;0;
20673;3290661;1186181120;22138880;1384910848;0;0;0;0;0;0;0;0;0;0;0;2845;0;0;125;0;42;0;
20674;4564730;1186181120;22138880;1384910848;0;0;0;0;0;0;0;0;0;0;0;2474;0;0;125;0;42;0;
20675;2916068;1186181120;22138880;1384910848;0;0;0;0;0;0;0;0;0;0;0;2705;0;0;125;0;42;0;
20676;4629221;1186181120;22138880;1384910848;0;0;0;0;0;0;0;0;0;0;0;2485;0;0;125;0;42;0;
20677;3061140;1186181120;22138880;1384910848;0;0;0;0;0;0;0;0;0;0;0;2434;0;0;125;0;42;0;
20678;4637728;1186181120;22138880;1384910848;0;0;0;0;0;0;0;0;0;0;0;2064;0;0;125;0;42;0;
20679;3100475;1186181120;22138880;1384910848;0;0;0;0;0;0;0;0;0;0;0;2535;0;0;125;0;42;0;
20680;4329779;1186181120;22138880;1384910848;0;0;0;0;0;0;0;0;0;0;0;2404;0;0;125;0;42;0;
20681;3730506;1186181120;22138880;1384910848;0;0;0;0;0;0;0;0;0;0;0;4378;0;0;125;0;42;0;
20682;5120513;1186181120;22138880;1384910848;0;0;0;0;0;0;0;0;0;0;0;2975;0;0;125;0;42;0;
20683;4575951;1186181120;22138880;1384910848;0;0;0;0;0;0;0;0;0;0;0;3657;0;0;125;0;42;0;
20684;5332069;1186181120;22138880;1384910848;0;0;0;0;0;0;0;0;0;0;0;3637;0;0;125;0;42;0;
20685;5799186;1186181120;22138880;1384910848;0;0;0;0;0;0;0;0;0;0;0;4559;0;0;125;0;42;0;
20686;8640063;1186181120;22138880;1384910848;0;0;0;0;0;0;0;0;0;0;0;2976;0;0;125;0;42;0;
20687;11303448;1186181120;22138880;1384910848;0;0;0;0;0;0;0;0;0;0;0;4148;0;0;125;0;42;0;
20688;5646510;1186181120;22138880;1384910848;0;0;0;0;0;0;0;0;0;0;0;4018;0;0;125;0;42;0;
20689;5178813;1186181120;22138880;1384910848;0;0;0;0;0;0;0;0;0;0;0;4077;0;0;125;0;42;0;
20690;5190374;1186181120;22138880;1384910848;0;0;0;0;0;0;0;0;0;0;0;3196;0;0;125;0;42;0;
20691;5942615;1186181120;22138880;1384910848;0;0;0;0;0;0;0;0;0;0;0;4649;0;0;125;0;42;0;
20692;5164104;1186181120;22138880;1384910848;0;0;0;0;0;0;0;0;0;0;0;3607;0;0;125;0;42;0;
20693;5136993;1186181120;22138880;1384910848;0;0;0;0;0;0;0;0;0;0;0;4538;0;0;125;0;42;0;
20694;5996315;1186181120;22138880;1384910848;0;0;0;0;0;0;0;0;0;0;0;2725;0;0;125;0;42;0;
20695;2977053;1186181120;22138880;1384910848;0;0;0;0;0;0;0;0;0;0;0;2996;0;0;125;0;42;0;
20696;4999305;1186181120;22138880;1384910848;0;0;0;0;0;0;0;0;0;0;0;2124;0;0;125;0;42;0;
20697;2382077;1186181120;22138880;1384910848;0;0;0;0;0;0;0;0;0;0;0;2505;0;0;125;0;42;0;
20698;4644190;1186181120;22138880;1384910848;0;0;0;0;0;0;0;0;0;0;0;2545;0;0;125;0;42;0;
20699;2982574;1186181120;22138880;1384910848;0;0;0;0;0;0;0;0;0;0;0;2334;0;0;125;0;42;0;
20700;4583957;1186181120;22138880;1384910848;0;0;0;0;0;0;0;0;0;0;0;2285;0;0;125;0;42;0;
20701;2520807;1186181120;22138880;1384910848;0;0;0;0;0;0;0;0;0;0;0;2585;0;0;125;0;42;0;
20702;5116916;1186181120;22138880;1384910848;0;0;0;0;0;0;0;0;0;0;0;2324;0;0;125;0;42;0;
20703;2723448;1186181120;22138880;1384910848;0;0;0;0;0;0;0;0;0;0;0;2184;0;0;125;0;42;0;
20704;4815471;1186181120;22138880;1384910848;0;0;0;0;0;0;0;0;0;0;0;2525;0;0;125;0;42;0;
20705;2137639;1186181120;22138880;1384910848;0;0;0;0;0;0;0;0;0;0;0;2464;0;0;125;0;42;0;
20706;4996981;1186181120;22138880;1384910848;0;0;0;0;0;0;0;0;0;0;0;2795;0;0;125;0;42;0;
20707;3290261;1186181120;22138880;1384910848;0;0;0;0;0;0;0;0;0;0;0;2855;0;0;125;0;42;0;
20708;4782639;1186181120;22138880;1384910848;0;0;0;0;0;0;0;0;0;0;0;2484;0;0;125;0;42;0;
20709;3725036;1186181120;22138880;1384910848;0;0;0;0;0;0;0;0;0;0;0;2865;0;0;125;0;42;0;
20710;5361365;1186181120;22138880;1384910848;0;0;0;0;0;0;0;0;0;0;0;3096;0;0;125;0;42;0;
20711;2745068;1186181120;22138880;1384910848;0;0;0;0;0;0;0;0;0;0;0;2545;0;0;125;0;42;0;
20712;5186046;1186181120;22138880;1384910848;0;0;0;0;0;0;0;0;0;0;0;2455;0;0;125;0;42;0;
20713;3007410;1186181120;22138880;1384910848;0;0;0;0;0;0;0;0;0;0;0;2384;0;0;125;0;42;0;
20714;4844716;1186181120;22138880;1384910848;0;0;0;0;0;0;0;0;0;0;0;2324;0;0;125;0;42;0;
20715;2858130;1186181120;22138880;1384910848;0;0;0;0;0;0;0;0;0;0;0;2595;0;0;125;0;42;0;
20716;4573187;1186181120;22138880;1384910848;0;0;0;0;0;0;0;0;0;0;0;2384;0;0;125;0;42;0;
20717;2927951;1186181120;22138880;1384910848;0;0;0;0;0;0;0;0;0;0;0;2825;0;0;125;0;42;0;
20718;4536908;1186181120;22138880;1384910848;0;0;0;0;0;0;0;0;0;0;0;2324;0;0;125;0;42;0;
20719;2997461;1186181120;22138880;1384910848;0;0;0;0;0;0;0;0;0;0;0;2395;0;0;125;0;42;0;
20720;5083002;1186181120;22138880;1384910848;0;0;0;0;0;0;0;0;0;0;0;2845;0;0;125;0;42;0;
20721;3926574;1186181120;22138880;1384910848;0;0;0;0;0;0;0;0;0;0;0;3186;0;0;125;0;42;0;
20722;4777590;1186181120;22138880;1384910848;0;0;0;0;0;0;0;0;0;0;0;2144;0;0;125;0;42;0;
20723;4688453;1186181120;22138880;1384910848;0;0;0;0;0;0;0;0;0;0;0;3396;0;0;125;0;42;0;
20724;5194962;1186181120;22138880;1384910848;0;0;0;0;0;0;0;0;0;0;0;3106;0;0;125;0;42;0;
20725;4399501;1186181120;22138880;1384910848;0;0;0;0;0;0;0;0;0;0;0;3085;0;0;125;0;42;0;
20726;5413672;1186181120;22138880;1384910848;0;0;0;0;0;0;0;0;0;0;0;3165;0;0;125;0;42;0;
20727;4047902;1186181120;22138880;1384910848;0;0;0;0;0;0;0;0;0;0;0;2425;0;0;125;0;42;0;
20728;5037768;1186181120;22138880;1384910848;0;0;0;0;0;0;0;0;0;0;0;2275;0;0;125;0;42;0;
20729;4019799;1186181120;22138880;1384910848;0;0;0;0;0;0;0;0;0;0;0;2836;0;0;125;0;42;0;
20730;4991331;1186181120;22138880;1384910848;0;0;0;0;0;0;0;0;0;0;0;2365;0;0;125;0;42;0;
20731;3531293;1186181120;22138880;1384910848;0;0;0;0;0;0;0;0;0;0;0;2935;0;0;125;0;42;0;
20732;4999616;1186181120;22138880;1384910848;0;0;0;0;0;0;0;0;0;0;0;9508;0;0;125;0;42;0;
20733;4105419;1186181120;22138880;1384910848;0;0;0;0;0;0;0;0;0;0;0;3076;0;0;125;0;42;0;
20734;5067444;1186181120;22138880;1384910848;0;0;0;0;0;0;0;0;0;0;0;1914;0;0;125;0;42;0;
20735;4322687;1186181120;22138880;1384910848;0;0;0;0;0;0;0;0;0;0;0;3417;0;0;125;0;42;0;
20736;4807325;1186181120;22138880;1384910848;0;0;0;0;0;0;0;0;0;0;0;2544;0;0;125;0;42;0;
20737;4029256;1186181120;22138880;1384910848;0;0;0;0;0;0;0;0;0;0;0;3086;0;0;125;0;42;0;
20738;5115213;1186181120;22138880;1384910848;0;0;0;0;0;0;0;0;0;0;0;2826;0;0;125;0;42;0;
20739;4067578;1186181120;22138880;1384910848;0;0;0;0;0;0;0;0;0;0;0;2394;0;0;125;0;42;0;
20740;5187388;1186181120;22138880;1384910848;0;0;0;0;0;0;0;0;0;0;0;2585;0;0;125;0;42;0;
20741;5028911;1186181120;22138880;1384910848;0;0;0;0;0;0;0;0;0;0;0;3036;0;0;125;0;42;0;
20742;4817535;1186181120;22138880;1384910848;0;0;0;0;0;0;0;0;0;0;0;2465;0;0;125;0;42;0;
20743;4172745;1186181120;22138880;1384910848;0;0;0;0;0;0;0;0;0;0;0;3226;0;0;125;0;42;0;
20744;4899859;1186181120;22138880;1384910848;0;0;0;0;0;0;0;0;0;0;0;2675;0;0;125;0;42;0;
20745;4036751;1186181120;22138880;1384910848;0;0;0;0;0;0;0;0;0;0;0;3025;0;0;125;0;42;0;
20746;4860235;1186181120;22138880;1384910848;0;0;0;0;0;0;0;0;0;0;0;2595;0;0;125;0;42;0;
20747;3574043;1186181120;22138880;1384910848;0;0;0;0;0;0;0;0;0;0;0;2786;0;0;125;0;42;0;
20748;5050622;1186181120;22138880;1384910848;0;0;0;0;0;0;0;0;0;0;0;2675;0;0;125;0;42;0;
20749;5143857;1186181120;22138880;1384910848;0;0;0;0;0;0;0;0;0;0;0;6142;0;0;125;0;42;0;
20750;5228195;1186181120;22138880;1384910848;0;0;0;0;0;0;0;0;0;0;0;2034;0;0;125;0;42;0;
20751;5602487;1186181120;22138880;1384910848;0;0;0;0;0;0;0;0;0;0;0;3116;0;0;125;0;42;0;
20752;4974900;1186181120;22138880;1384910848;0;0;0;0;0;0;0;0;0;0;0;2865;0;0;125;0;42;0;
20753;2978205;1186181120;22138880;1384910848;0;0;0;0;0;0;0;0;0;0;0;2134;0;0;125;0;42;0;
20754;4547288;1186181120;22138880;1384910848;0;0;0;0;0;0;0;0;0;0;0;2585;0;0;125;0;42;0;
20755;2656111;1186181120;22138880;1384910848;0;0;0;0;0;0;0;0;0;0;0;2795;0;0;125;0;42;0;
20756;4775155;1186181120;22138880;1384910848;0;0;0;0;0;0;0;0;0;0;0;2725;0;0;125;0;42;0;
20757;3151811;1186181120;22138880;1384910848;0;0;0;0;0;0;0;0;0;0;0;3326;0;0;125;0;42;0;
20758;4552758;1186181120;22138880;1384910848;0;0;0;0;0;0;0;0;0;0;0;2364;0;0;125;0;42;0;
20759;2489749;1186181120;22138880;1384910848;0;0;0;0;0;0;0;0;0;0;0;2605;0;0;125;0;42;0;
20760;4627819;1186181120;22138880;1384910848;0;0;0;0;0;0;0;0;0;0;0;2725;0;0;125;0;42;0;
20761;2694604;1186181120;22138880;1384910848;0;0;0;0;0;0;0;0;0;0;0;3016;0;0;125;0;42;0;
20762;4466046;1186181120;22138880;1384910848;0;0;0;0;0;0;0;0;0;0;0;2455;0;0;125;0;42;0;
20763;3193449;1186181120;22138880;1384910848;0;0;0;0;0;0;0;0;0;0;0;2856;0;0;125;0;42;0;
20764;5042116;1186181120;22138880;1384910848;0;0;0;0;0;0;0;0;0;0;0;2495;0;0;125;0;42;0;
20765;2451758;1186181120;22138880;1384910848;0;0;0;0;0;0;0;0;0;0;0;2625;0;0;125;0;42;0;
20766;5034833;1186181120;22138880;1384910848;0;0;0;0;0;0;0;0;0;0;0;2655;0;0;125;0;42;0;
20767;2610265;1186181120;22147072;1384919040;0;0;0;0;0;0;0;0;0;0;0;2685;0;0;125;0;42;0;
20768;4531037;1186181120;22147072;1384919040;0;0;0;0;0;0;0;0;0;0;0;2415;0;0;125;0;42;0;
20769;2907833;1186181120;22147072;1384919040;0;0;0;0;0;0;0;0;0;0;0;2495;0;0;125;0;42;0;
20770;4370847;1186181120;22147072;1384919040;0;0;0;0;0;0;0;0;0;0;0;2776;0;0;125;0;42;0;
20771;3244004;1186181120;22147072;1384919040;0;0;0;0;0;0;0;0;0;0;0;2685;0;0;125;0;42;0;
20772;4725763;1186181120;22147072;1384919040;0;0;0;0;0;0;0;0;0;0;0;2475;0;0;125;0;42;0;
20773;2754856;1186304000;22138880;1384910848;0;0;0;0;0;0;0;0;0;0;0;3476;0;0;125;0;42;0;
20774;4588936;1186304000;22138880;1384910848;0;0;0;0;0;0;0;0;0;0;0;2254;0;0;125;0;42;0;
20775;2863310;1186304000;22138880;1384910848;0;0;0;0;0;0;0;0;0;0;0;2454;0;0;125;0;42;0;
20776;4889230;1186304000;22138880;1384910848;0;0;0;0;0;0;0;0;0;0;0;2644;0;0;125;0;42;0;
20777;3427808;1186304000;22138880;1384910848;0;0;0;0;0;0;0;0;0;0;0;2915;0;0;125;0;42;0;
20778;5327000;1186304000;22138880;1384910848;0;0;0;0;0;0;0;0;0;0;0;3075;0;0;125;0;42;0;
20779;3783576;1186304000;22138880;1384910848;0;0;0;0;0;0;0;0;0;0;0;3356;0;0;125;0;42;0;
20780;5078474;1186304000;22138880;1384910848;0;0;0;0;0;0;0;0;0;0;0;2535;0;0;125;0;42;0;
20781;3473694;1186304000;22138880;1384910848;0;0;0;0;0;0;0;0;0;0;0;3557;0;0;125;0;42;0;
20782;4662013;1186304000;22138880;1384910848;0;0;0;0;0;0;0;0;0;0;0;2154;0;0;125;0;42;0;
20783;3644805;1186304000;22138880;1384910848;0;0;0;0;0;0;0;0;0;0;0;2966;0;0;125;0;42;0;
20784;4610426;1186304000;22138880;1384910848;0;0;0;0;0;0;0;0;0;0;0;2776;0;0;125;0;42;0;
20785;3401089;1186304000;22138880;1384910848;0;0;0;0;0;0;0;0;0;0;0;3647;0;0;125;0;42;0;
20786;4783120;1186304000;22138880;1384910848;0;0;0;0;0;0;0;0;0;0;0;2504;0;0;125;0;42;0;
20787;3702864;1186304000;22138880;1384910848;0;0;0;0;0;0;0;0;0;0;0;3106;0;0;125;0;42;0;
20788;5137124;1186304000;22138880;1384910848;0;0;0;0;0;0;0;0;0;0;0;2665;0;0;125;0;42;0;
20789;3224527;1186304000;22138880;1384910848;0;0;0;0;0;0;0;0;0;0;0;3547;0;0;125;0;42;0;
20790;4869042;1186304000;22138880;1384910848;0;0;0;0;0;0;0;0;0;0;0;2365;0;0;125;0;42;0;
20791;4086574;1186304000;22138880;1384910848;0;0;0;0;0;0;0;0;0;0;0;3136;0;0;125;0;42;0;
20792;4768192;1186304000;22138880;1384910848;0;0;0;0;0;0;0;0;0;0;0;2365;0;0;125;0;42;0;
20793;3355373;1186304000;22138880;1384910848;0;0;0;0;0;0;0;0;0;0;0;3046;0;0;125;0;42;0;
20794;5111136;1186304000;22138880;1384910848;0;0;0;0;0;0;0;0;0;0;0;2845;0;0;125;0;42;0;
20795;4118123;1186304000;22138880;1384910848;0;0;0;0;0;0;0;0;0;0;0;2825;0;0;125;0;42;0;
20796;4944343;1186304000;22138880;1384910848;0;0;0;0;0;0;0;0;0;0;0;2826;0;0;125;0;42;0;
20797;4283583;1186304000;22138880;1384910848;0;0;0;0;0;0;0;0;0;0;0;3567;0;0;125;0;42;0;
20798;4887186;1186304000;22138880;1384910848;0;0;0;0;0;0;0;0;0;0;0;1834;0;0;125;0;42;0;
20799;3343520;1186304000;22138880;1384910848;0;0;0;0;0;0;0;0;0;0;0;2935;0;0;125;0;42;0;
20800;7100787;1186304000;22138880;1384910848;0;0;0;0;0;0;0;0;0;0;0;2675;0;0;125;0;42;0;
20801;3488533;1186304000;22138880;1384910848;0;0;0;0;0;0;0;0;0;0;0;4479;0;0;125;0;42;0;
20802;5855912;1186304000;22138880;1384910848;0;0;0;0;0;0;0;0;0;0;0;3507;0;0;125;0;42;0;
20803;3849039;1186304000;22138880;1384910848;0;0;0;0;0;0;0;0;0;0;0;3567;0;0;125;0;42;0;
20804;4896533;1186304000;22138880;1384910848;0;0;0;0;0;0;0;0;0;0;0;3317;0;0;125;0;42;0;
20805;4114687;1186304000;22138880;1384910848;0;0;0;0;0;0;0;0;0;0;0;2976;0;0;125;0;42;0;
20806;4957828;1186304000;22138880;1384910848;0;0;0;0;0;0;0;0;0;0;0;1984;0;0;125;0;42;0;
20807;4064753;1186304000;22138880;1384910848;0;0;0;0;0;0;0;0;0;0;0;3025;0;0;125;0;42;0;
20808;4886294;1186304000;22138880;1384910848;0;0;0;0;0;0;0;0;0;0;0;2695;0;0;125;0;42;0;
20809;4303490;1186304000;22138880;1384910848;0;0;0;0;0;0;0;0;0;0;0;3627;0;0;125;0;42;0;
20810;4646885;1186304000;22138880;1384910848;0;0;0;0;0;0;0;0;0;0;0;2395;0;0;125;0;42;0;
20811;4479681;1186304000;22138880;1384910848;0;0;0;0;0;0;0;0;0;0;0;3226;0;0;125;0;42;0;
20812;4775816;1186304000;22138880;1384910848;0;0;0;0;0;0;0;0;0;0;0;2414;0;0;125;0;42;0;
20813;3687015;1186304000;22138880;1384910848;0;0;0;0;0;0;0;0;0;0;0;2895;0;0;125;0;42;0;
20814;4888788;1186304000;22138880;1384910848;0;0;0;0;0;0;0;0;0;0;0;2795;0;0;125;0;42;0;
20815;3798032;1186304000;22138880;1384910848;0;0;0;0;0;0;0;0;0;0;0;3496;0;0;125;0;42;0;
20816;4819789;1186304000;22138880;1384910848;0;0;0;0;0;0;0;0;0;0;0;2796;0;0;125;0;42;0;
20817;4098897;1186304000;22138880;1384910848;0;0;0;0;0;0;0;0;0;0;0;3397;0;0;125;0;42;0;
20818;5187538;1186304000;22138880;1384910848;0;0;0;0;0;0;0;0;0;0;0;2415;0;0;125;0;42;0;
20819;4882636;1186304000;22138880;1384910848;0;0;0;0;0;0;0;0;0;0;0;3747;0;0;125;0;42;0;
20820;4965181;1186304000;22138880;1384910848;0;0;0;0;0;0;0;0;0;0;0;2946;0;0;125;0;42;0;
20821;4309552;1186304000;22138880;1384910848;0;0;0;0;0;0;0;0;0;0;0;3005;0;0;125;0;42;0;
20822;4853321;1186304000;22138880;1384910848;0;0;0;0;0;0;0;0;0;0;0;2525;0;0;125;0;42;0;
20823;3482982;1186304000;22138880;1384910848;0;0;0;0;0;0;0;0;0;0;0;2775;0;0;125;0;42;0;
20824;4564710;1186304000;22138880;1384910848;0;0;0;0;0;0;0;0;0;0;0;2345;0;0;125;0;42;0;
20825;2923643;1186304000;22138880;1384910848;0;0;0;0;0;0;0;0;0;0;0;2715;0;0;125;0;42;0;
20826;5027809;1186304000;22138880;1384910848;0;0;0;0;0;0;0;0;0;0;0;2405;0;0;125;0;42;0;
20827;2690897;1186304000;22138880;1384910848;0;0;0;0;0;0;0;0;0;0;0;2775;0;0;125;0;42;0;
20828;4643027;1186304000;22138880;1384910848;0;0;0;0;0;0;0;0;0;0;0;2685;0;0;125;0;42;0;
20829;2296396;1186304000;22138880;1384910848;0;0;0;0;0;0;0;0;0;0;0;2735;0;0;125;0;42;0;
20830;4769645;1186304000;22138880;1384910848;0;0;0;0;0;0;0;0;0;0;0;2335;0;0;125;0;42;0;
20831;3281684;1186304000;22138880;1384910848;0;0;0;0;0;0;0;0;0;0;0;2815;0;0;125;0;42;0;
20832;4951125;1186304000;22138880;1384910848;0;0;0;0;0;0;0;0;0;0;0;2504;0;0;125;0;42;0;
20833;2600106;1186304000;22138880;1384910848;0;0;0;0;0;0;0;0;0;0;0;3276;0;0;125;0;42;0;
20834;4459674;1186304000;22138880;1384910848;0;0;0;0;0;0;0;0;0;0;0;2395;0;0;125;0;42;0;
20835;3304247;1186304000;22138880;1384910848;0;0;0;0;0;0;0;0;0;0;0;2294;0;0;125;0;42;0;
20836;4699964;1186304000;22138880;1384910848;0;0;0;0;0;0;0;0;0;0;0;2144;0;0;125;0;42;0;
20837;2891082;1186304000;22138880;1384910848;0;0;0;0;0;0;0;0;0;0;0;2425;0;0;125;0;42;0;
20838;4812535;1186304000;22138880;1384910848;0;0;0;0;0;0;0;0;0;0;0;2214;0;0;125;0;42;0;
20839;2999165;1186304000;22138880;1384910848;0;0;0;0;0;0;0;0;0;0;0;3006;0;0;125;0;42;0;
20840;4736823;1186304000;22138880;1384910848;0;0;0;0;0;0;0;0;0;0;0;2294;0;0;125;0;42;0;
20841;3173842;1186304000;22138880;1384910848;0;0;0;0;0;0;0;0;0;0;0;2876;0;0;125;0;42;0;
20842;4786737;1186304000;22138880;1384910848;0;0;0;0;0;0;0;0;0;0;0;2114;0;0;125;0;42;0;
20843;2933562;1186304000;22138880;1384910848;0;0;0;0;0;0;0;0;0;0;0;2585;0;0;125;0;42;0;
20844;5346357;1186304000;22138880;1384910848;0;0;0;0;0;0;0;0;0;0;0;2585;0;0;125;0;42;0;
20845;2923132;1186304000;22138880;1384910848;0;0;0;0;0;0;0;0;0;0;0;2665;0;0;125;0;42;0;
20846;4729219;1186304000;22138880;1384910848;0;0;0;0;0;0;0;0;0;0;0;2374;0;0;125;0;42;0;
20847;3025594;1186304000;22138880;1384910848;0;0;0;0;0;0;0;0;0;0;0;2425;0;0;125;0;42;0;
20848;5885868;1186304000;22138880;1384910848;0;0;0;0;0;0;0;0;0;0;0;2244;0;0;125;0;42;0;
20849;3613517;1186304000;22138880;1384910848;0;0;0;0;0;0;0;0;0;0;0;3908;0;0;125;0;42;0;
20850;5304859;1186304000;22138880;1384910848;0;0;0;0;0;0;0;0;0;0;0;2976;0;0;125;0;42;0;
20851;3917818;1186304000;22138880;1384910848;0;0;0;0;0;0;0;0;0;0;0;3356;0;0;125;0;42;0;
20852;5609140;1186304000;22138880;1384910848;0;0;0;0;0;0;0;0;0;0;0;2244;0;0;125;0;42;0;
20853;3589933;1186304000;22138880;1384910848;0;0;0;0;0;0;0;0;0;0;0;3376;0;0;125;0;42;0;
20854;4986301;1186304000;22138880;1384910848;0;0;0;0;0;0;0;0;0;0;0;2054;0;0;125;0;42;0;
20855;4653898;1186304000;22138880;1384910848;0;0;0;0;0;0;0;0;0;0;0;4088;0;0;125;0;42;0;
20856;5850992;1186304000;22138880;1384910848;0;0;0;0;0;0;0;0;0;0;0;3236;0;0;125;0;42;0;
20857;5910454;1186304000;22138880;1384910848;0;0;0;0;0;0;0;0;0;0;0;7554;0;0;125;0;42;0;
20858;6693012;1186304000;22138880;1384910848;0;0;0;0;0;0;0;0;0;0;0;3336;0;0;125;0;42;0;
20859;6172556;1186304000;22138880;1384910848;0;0;0;0;0;0;0;0;0;0;0;4769;0;0;125;0;42;0;
20860;5614118;1186304000;22138880;1384910848;0;0;0;0;0;0;0;0;0;0;0;3547;0;0;125;0;42;0;
20861;5079837;1186304000;22138880;1384910848;0;0;0;0;0;0;0;0;0;0;0;4408;0;0;125;0;42;0;
20862;5336999;1186304000;22138880;1384910848;0;0;0;0;0;0;0;0;0;0;0;2835;0;0;125;0;42;0;
20863;5641750;1186304000;22138880;1384910848;0;0;0;0;0;0;0;0;0;0;0;4558;0;0;125;0;42;0;
20864;5079055;1186304000;22138880;1384910848;0;0;0;0;0;0;0;0;0;0;0;3527;0;0;125;0;42;0;
20865;5297655;1186304000;22138880;1384910848;0;0;0;0;0;0;0;0;0;0;0;4208;0;0;125;0;42;0;
20866;5101878;1186304000;22138880;1384910848;0;0;0;0;0;0;0;0;0;0;0;3116;0;0;125;0;42;0;
20867;6424087;1186304000;22138880;1384910848;0;0;0;0;0;0;0;0;0;0;0;4539;0;0;125;0;42;0;
20868;5936894;1186304000;22138880;1384910848;0;0;0;0;0;0;0;0;0;0;0;3357;0;0;125;0;42;0;
20869;5164625;1186304000;22138880;1384910848;0;0;0;0;0;0;0;0;0;0;0;3656;0;0;125;0;42;0;
20870;5351546;1186304000;22138880;1384910848;0;0;0;0;0;0;0;0;0;0;0;2935;0;0;125;0;42;0;
20871;4868941;1186304000;22138880;1384910848;0;0;0;0;0;0;0;0;0;0;0;3637;0;0;125;0;42;0;
20872;5525622;1186304000;22138880;1384910848;0;0;0;0;0;0;0;0;0;0;0;3697;0;0;125;0;42;0;
20873;5084846;1186304000;22138880;1384910848;0;0;0;0;0;0;0;0;0;0;0;3697;0;0;125;0;42;0;
20874;5667538;1186304000;22138880;1384910848;0;0;0;0;0;0;0;0;0;0;0;3537;0;0;125;0;42;0;
20875;5053397;1186304000;22138880;1384910848;0;0;0;0;0;0;0;0;0;0;0;3617;0;0;125;0;42;0;
20876;5914572;1186304000;22138880;1384910848;0;0;0;0;0;0;0;0;0;0;0;3186;0;0;125;0;42;0;
20877;6036290;1186304000;22138880;1384910848;0;0;0;0;0;0;0;0;0;0;0;4258;0;0;125;0;42;0;
20878;5522978;1186304000;22138880;1384910848;0;0;0;0;0;0;0;0;0;0;0;3346;0;0;125;0;42;0;
20879;6248548;1186304000;22138880;1384910848;0;0;0;0;0;0;0;0;0;0;0;3837;0;0;125;0;42;0;
20880;5669322;1186304000;22138880;1384910848;0;0;0;0;0;0;0;0;0;0;0;3446;0;0;125;0;42;0;
20881;6237828;1186304000;22138880;1384910848;0;0;0;0;0;0;0;0;0;0;0;6062;0;0;125;0;42;0;
20882;6064854;1186304000;22138880;1384910848;0;0;0;0;0;0;0;0;0;0;0;3236;0;0;125;0;42;0;
20883;4757492;1186304000;22138880;1384910848;0;0;0;0;0;0;0;0;0;0;0;3677;0;0;125;0;42;0;
20884;5650608;1186304000;22138880;1384910848;0;0;0;0;0;0;0;0;0;0;0;3457;0;0;125;0;42;0;
20885;6404421;1186304000;22138880;1384910848;0;0;0;0;0;0;0;0;0;0;0;4708;0;0;125;0;42;0;
20886;5859739;1186304000;22138880;1384910848;0;0;0;0;0;0;0;0;0;0;0;3006;0;0;125;0;42;0;
20887;4887836;1186304000;22138880;1384910848;0;0;0;0;0;0;0;0;0;0;0;3547;0;0;125;0;42;0;
20888;5472884;1186304000;22138880;1384910848;0;0;0;0;0;0;0;0;0;0;0;3496;0;0;125;0;42;0;
20889;6373854;1186304000;22138880;1384910848;0;0;0;0;0;0;0;0;0;0;0;5199;0;0;125;0;42;0;
20890;6372922;1186304000;22138880;1384910848;0;0;0;0;0;0;0;0;0;0;0;2925;0;0;125;0;42;0;
20891;6690447;1186304000;22138880;1384910848;0;0;0;0;0;0;0;0;0;0;0;4208;0;0;125;0;42;0;
20892;6460586;1186304000;22138880;1384910848;0;0;0;0;0;0;0;0;0;0;0;3677;0;0;125;0;42;0;
20893;6049194;1186304000;22138880;1384910848;0;0;0;0;0;0;0;0;0;0;0;5250;0;0;125;0;42;0;
20894;5679191;1186304000;22138880;1384910848;0;0;0;0;0;0;0;0;0;0;0;3376;0;0;125;0;42;0;
20895;6108495;1186304000;22138880;1384910848;0;0;0;0;0;0;0;0;0;0;0;4709;0;0;125;0;42;0;
20896;5298407;1186304000;22138880;1384910848;0;0;0;0;0;0;0;0;0;0;0;3717;0;0;125;0;42;0;
20897;5158143;1186304000;22138880;1384910848;0;0;0;0;0;0;0;0;0;0;0;4248;0;0;125;0;42;0;
20898;5638465;1186304000;22138880;1384910848;0;0;0;0;0;0;0;0;0;0;0;2976;0;0;125;0;42;0;
20899;5447577;1186304000;22138880;1384910848;0;0;0;0;0;0;0;0;0;0;0;3807;0;0;125;0;42;0;
20900;5178261;1186304000;22138880;1384910848;0;0;0;0;0;0;0;0;0;0;0;3567;0;0;125;0;42;0;
20901;5532415;1186304000;22138880;1384910848;0;0;0;0;0;0;0;0;0;0;0;4147;0;0;125;0;42;0;
20902;11412253;1186304000;22138880;1384910848;0;0;0;0;0;0;0;0;0;0;0;3046;0;0;125;0;42;0;
20903;4589687;1186304000;22138880;1384910848;0;0;0;0;0;0;0;0;0;0;0;3566;0;0;125;0;42;0;
20904;5558905;1186304000;22138880;1384910848;0;0;0;0;0;0;0;0;0;0;0;2985;0;0;125;0;42;0;
20905;5498001;1186304000;22138880;1384910848;0;0;0;0;0;0;0;0;0;0;0;4218;0;0;125;0;42;0;
20906;5029622;1186304000;22138880;1384910848;0;0;0;0;0;0;0;0;0;0;0;2855;0;0;125;0;42;0;
20907;4849775;1186304000;22138880;1384910848;0;0;0;0;0;0;0;0;0;0;0;3647;0;0;125;0;42;0;
20908;5953726;1186304000;22138880;1384910848;0;0;0;0;0;0;0;0;0;0;0;3176;0;0;125;0;42;0;
20909;4430689;1186304000;22138880;1384910848;0;0;0;0;0;0;0;0;0;0;0;4057;0;0;125;0;42;0;
20910;5178983;1186304000;22138880;1384910848;0;0;0;0;0;0;0;0;0;0;0;3436;0;0;125;0;42;0;
20911;5287015;1186304000;22138880;1384910848;0;0;0;0;0;0;0;0;0;0;0;3386;0;0;125;0;42;0;
20912;5932236;1186304000;22138880;1384910848;0;0;0;0;0;0;0;0;0;0;0;2796;0;0;125;0;42;0;
20913;5122807;1186304000;22138880;1384910848;0;0;0;0;0;0;0;0;0;0;0;3336;0;0;125;0;42;0;
20914;5253673;1186304000;22138880;1384910848;0;0;0;0;0;0;0;0;0;0;0;2534;0;0;125;0;42;0;
20915;4840227;1186304000;22138880;1384910848;0;0;0;0;0;0;0;0;0;0;0;3467;0;0;125;0;42;0;
20916;6046509;1186304000;22138880;1384910848;0;0;0;0;0;0;0;0;0;0;0;3406;0;0;125;0;42;0;
20917;4881545;1186304000;22138880;1384910848;0;0;0;0;0;0;0;0;0;0;0;3086;0;0;125;0;42;0;
20918;4842501;1186304000;22138880;1384910848;0;0;0;0;0;0;0;0;0;0;0;2735;0;0;125;0;42;0;
20919;6207091;1186304000;22138880;1384910848;0;0;0;0;0;0;0;0;0;0;0;4538;0;0;125;0;42;0;
20920;5180055;1186304000;22138880;1384910848;0;0;0;0;0;0;0;0;0;0;0;3126;0;0;125;0;42;0;
20921;4772881;1186304000;22138880;1384910848;0;0;0;0;0;0;0;0;0;0;0;3416;0;0;125;0;42;0;
20922;5801971;1186304000;22138880;1384910848;0;0;0;0;0;0;0;0;0;0;0;2926;0;0;125;0;42;0;
20923;4812175;1186304000;22138880;1384910848;0;0;0;0;0;0;0;0;0;0;0;2886;0;0;125;0;42;0;
20924;5679942;1186304000;22138880;1384910848;0;0;0;0;0;0;0;0;0;0;0;3046;0;0;125;0;42;0;
20925;4931809;1186304000;22138880;1384910848;0;0;0;0;0;0;0;0;0;0;0;3516;0;0;125;0;42;0;
20926;5455771;1186304000;22138880;1384910848;0;0;0;0;0;0;0;0;0;0;0;2705;0;0;125;0;42;0;
20927;4744949;1186304000;22138880;1384910848;0;0;0;0;0;0;0;0;0;0;0;3246;0;0;125;0;42;0;
20928;4928743;1186304000;22138880;1384910848;0;0;0;0;0;0;0;0;0;0;0;2926;0;0;125;0;42;0;
20929;5763168;1186304000;22138880;1384910848;0;0;0;0;0;0;0;0;0;0;0;3998;0;0;125;0;42;0;
20930;5088292;1186304000;22138880;1384910848;0;0;0;0;0;0;0;0;0;0;0;2906;0;0;125;0;42;0;
20931;4465454;1186304000;22138880;1384910848;0;0;0;0;0;0;0;0;0;0;0;3556;0;0;125;0;42;0;
20932;5545189;1186304000;22138880;1384910848;0;0;0;0;0;0;0;0;0;0;0;2545;0;0;125;0;42;0;
20933;4646895;1186304000;22138880;1384910848;0;0;0;0;0;0;0;0;0;0;0;2775;0;0;125;0;42;0;
20934;5400798;1186304000;22138880;1384910848;0;0;0;0;0;0;0;0;0;0;0;2785;0;0;125;0;42;0;
20935;5264493;1186304000;22138880;1384910848;0;0;0;0;0;0;0;0;0;0;0;3938;0;0;125;0;42;0;
20936;5314797;1186304000;22138880;1384910848;0;0;0;0;0;0;0;0;0;0;0;3366;0;0;125;0;42;0;
20937;5169565;1186304000;22138880;1384910848;0;0;0;0;0;0;0;0;0;0;0;4147;0;0;125;0;42;0;
20938;5373057;1186304000;22138880;1384910848;0;0;0;0;0;0;0;0;0;0;0;3917;0;0;125;0;42;0;
20939;5713515;1186304000;22138880;1384910848;0;0;0;0;0;0;0;0;0;0;0;4388;0;0;125;0;42;0;
20940;5093612;1186304000;22138880;1384910848;0;0;0;0;0;0;0;0;0;0;0;3056;0;0;125;0;42;0;
20941;6752163;1186304000;22138880;1384910848;0;0;0;0;0;0;0;0;0;0;0;6913;0;0;125;0;42;0;
20942;5615321;1186304000;22138880;1384910848;0;0;0;0;0;0;0;0;0;0;0;3947;0;0;125;0;42;0;
20943;5210732;1186304000;22138880;1384910848;0;0;0;0;0;0;0;0;0;0;0;4318;0;0;125;0;42;0;
20944;6117443;1186304000;22138880;1384910848;0;0;0;0;0;0;0;0;0;0;0;3627;0;0;125;0;42;0;
20945;4254820;1186304000;22138880;1384910848;0;0;0;0;0;0;0;0;0;0;0;3487;0;0;125;0;42;0;
20946;4669597;1186304000;22138880;1384910848;0;0;0;0;0;0;0;0;0;0;0;2685;0;0;125;0;42;0;
20947;3937124;1186304000;22138880;1384910848;0;0;0;0;0;0;0;0;0;0;0;3075;0;0;125;0;42;0;
20948;4966844;1186304000;22138880;1384910848;0;0;0;0;0;0;0;0;0;0;0;2815;0;0;125;0;42;0;
20949;3944497;1186304000;22138880;1384910848;0;0;0;0;0;0;0;0;0;0;0;3417;0;0;125;0;42;0;
20950;4843383;1186304000;22138880;1384910848;0;0;0;0;0;0;0;0;0;0;0;2675;0;0;125;0;42;0;
20951;3977118;1186304000;22138880;1384910848;0;0;0;0;0;0;0;0;0;0;0;3025;0;0;125;0;42;0;
20952;5145770;1186304000;22138880;1384910848;0;0;0;0;0;0;0;0;0;0;0;2905;0;0;125;0;42;0;
20953;3799345;1186304000;22138880;1384910848;0;0;0;0;0;0;0;0;0;0;0;3386;0;0;125;0;42;0;
20954;4989197;1186304000;22138880;1384910848;0;0;0;0;0;0;0;0;0;0;0;2655;0;0;125;0;42;0;
20955;3571849;1186304000;22138880;1384910848;0;0;0;0;0;0;0;0;0;0;0;3046;0;0;125;0;42;0;
20956;4702338;1186304000;22138880;1384910848;0;0;0;0;0;0;0;0;0;0;0;2965;0;0;125;0;42;0;
20957;3692234;1186304000;22138880;1384910848;0;0;0;0;0;0;0;0;0;0;0;3347;0;0;125;0;42;0;
20958;4896823;1186304000;22138880;1384910848;0;0;0;0;0;0;0;0;0;0;0;2826;0;0;125;0;42;0;
20959;4425169;1186304000;22138880;1384910848;0;0;0;0;0;0;0;0;0;0;0;3597;0;0;125;0;42;0;
20960;4887436;1186304000;22138880;1384910848;0;0;0;0;0;0;0;0;0;0;0;2825;0;0;125;0;42;0;
20961;3570817;1186304000;22138880;1384910848;0;0;0;0;0;0;0;0;0;0;0;3036;0;0;125;0;42;0;
20962;4982274;1186304000;22138880;1384910848;0;0;0;0;0;0;0;0;0;0;0;3216;0;0;125;0;42;0;
20963;3355182;1186304000;22138880;1384910848;0;0;0;0;0;0;0;0;0;0;0;3477;0;0;125;0;42;0;
20964;5078234;1186304000;22138880;1384910848;0;0;0;0;0;0;0;0;0;0;0;2816;0;0;125;0;42;0;
20965;3815967;1186304000;22138880;1384910848;0;0;0;0;0;0;0;0;0;0;0;3587;0;0;125;0;42;0;
20966;5086098;1186304000;22138880;1384910848;0;0;0;0;0;0;0;0;0;0;0;2946;0;0;125;0;42;0;
20967;4884340;1186304000;22138880;1384910848;0;0;0;0;0;0;0;0;0;0;0;3166;0;0;125;0;42;0;
20968;5108701;1186304000;22138880;1384910848;0;0;0;0;0;0;0;0;0;0;0;3227;0;0;125;0;42;0;
20969;4900210;1186304000;22138880;1384910848;0;0;0;0;0;0;0;0;0;0;0;8235;0;0;125;0;42;0;
20970;5672899;1186304000;22138880;1384910848;0;0;0;0;0;0;0;0;0;0;0;2966;0;0;125;0;42;0;
20971;4804480;1186304000;22138880;1384910848;0;0;0;0;0;0;0;0;0;0;0;3436;0;0;125;0;42;0;
20972;5736228;1186304000;22138880;1384910848;0;0;0;0;0;0;0;0;0;0;0;3827;0;0;125;0;42;0;
20973;5169345;1186304000;22147072;1384919040;0;0;0;0;0;0;0;0;0;0;0;3396;0;0;125;0;42;0;
20974;5469537;1186304000;22147072;1384919040;0;0;0;0;0;0;0;0;0;0;0;3166;0;0;125;0;42;0;
20975;4786877;1186304000;22147072;1384919040;0;0;0;0;0;0;0;0;0;0;0;3837;0;0;125;0;42;0;
20976;5444821;1186304000;22147072;1384919040;0;0;0;0;0;0;0;0;0;0;0;2945;0;0;125;0;42;0;
20977;4755849;1186304000;22147072;1384919040;0;0;0;0;0;0;0;0;0;0;0;4849;0;0;125;0;42;0;
20978;5313535;1186304000;22147072;1384919040;0;0;0;0;0;0;0;0;0;0;0;3206;0;0;125;0;42;0;
20979;5289900;1186377728;22138880;1384910848;0;0;0;0;0;0;0;0;0;0;0;3797;0;0;125;0;42;0;
20980;5058807;1186377728;22138880;1384910848;0;0;0;0;0;0;0;0;0;0;0;3407;0;0;125;0;42;0;
20981;4473810;1186377728;22138880;1384910848;0;0;0;0;0;0;0;0;0;0;0;3797;0;0;125;0;42;0;
20982;5269372;1186377728;22138880;1384910848;0;0;0;0;0;0;0;0;0;0;0;3085;0;0;125;0;42;0;
20983;5111266;1186377728;22138880;1384910848;0;0;0;0;0;0;0;0;0;0;0;3878;0;0;125;0;42;0;
20984;5156159;1186377728;22138880;1384910848;0;0;0;0;0;0;0;0;0;0;0;3537;0;0;125;0;42;0;
20985;4818847;1186377728;22138880;1384910848;0;0;0;0;0;0;0;0;0;0;0;4449;0;0;125;0;42;0;
20986;5143496;1186377728;22138880;1384910848;0;0;0;0;0;0;0;0;0;0;0;3576;0;0;125;0;42;0;
20987;5230399;1186377728;22138880;1384910848;0;0;0;0;0;0;0;0;0;0;0;3998;0;0;125;0;42;0;
20988;4967265;1186377728;22138880;1384910848;0;0;0;0;0;0;0;0;0;0;0;3356;0;0;125;0;42;0;
20989;5371473;1186377728;22138880;1384910848;0;0;0;0;0;0;0;0;0;0;0;4068;0;0;125;0;42;0;
20990;5283449;1186377728;22138880;1384910848;0;0;0;0;0;0;0;0;0;0;0;3126;0;0;125;0;42;0;
20991;4907153;1186377728;22138880;1384910848;0;0;0;0;0;0;0;0;0;0;0;4047;0;0;125;0;42;0;
20992;5659264;1186377728;22138880;1384910848;0;0;0;0;0;0;0;0;0;0;0;3597;0;0;125;0;42;0;
20993;5204751;1186377728;22138880;1384910848;0;0;0;0;0;0;0;0;0;0;0;4359;0;0;125;0;42;0;
20994;5306492;1186377728;22138880;1384910848;0;0;0;0;0;0;0;0;0;0;0;3366;0;0;125;0;42;0;
20995;4954782;1186377728;22138880;1384910848;0;0;0;0;0;0;0;0;0;0;0;4168;0;0;125;0;42;0;
20996;6026312;1186377728;22138880;1384910848;0;0;0;0;0;0;0;0;0;0;0;3467;0;0;125;0;42;0;
20997;5112318;1186377728;22138880;1384910848;0;0;0;0;0;0;0;0;0;0;0;4198;0;0;125;0;42;0;
20998;5456663;1186377728;22138880;1384910848;0;0;0;0;0;0;0;0;0;0;0;2775;0;0;125;0;42;0;
20999;5759822;1186377728;22138880;1384910848;0;0;0;0;0;0;0;0;0;0;0;4388;0;0;125;0;42;0;
21000;5163764;1186377728;22138880;1384910848;0;0;0;0;0;0;0;0;0;0;0;3387;0;0;125;0;42;0;
21001;4961655;1186377728;22138880;1384910848;0;0;0;0;0;0;0;0;0;0;0;4258;0;0;125;0;42;0;
21002;5972821;1186377728;22138880;1384910848;0;0;0;0;0;0;0;0;0;0;0;2976;0;0;125;0;42;0;
21003;4828345;1186377728;22138880;1384910848;0;0;0;0;0;0;0;0;0;0;0;3737;0;0;125;0;42;0;
21004;5157182;1186377728;22138880;1384910848;0;0;0;0;0;0;0;0;0;0;0;3487;0;0;125;0;42;0;
21005;5621472;1186377728;22138880;1384910848;0;0;0;0;0;0;0;0;0;0;0;3898;0;0;125;0;42;0;
21006;5352497;1186377728;22138880;1384910848;0;0;0;0;0;0;0;0;0;0;0;2855;0;0;125;0;42;0;
21007;4227949;1186377728;22138880;1384910848;0;0;0;0;0;0;0;0;0;0;0;3667;0;0;125;0;42;0;
21008;5337019;1186377728;22138880;1384910848;0;0;0;0;0;0;0;0;0;0;0;3817;0;0;125;0;42;0;
21009;4987894;1186377728;22138880;1384910848;0;0;0;0;0;0;0;0;0;0;0;4118;0;0;125;0;42;0;
21010;5187088;1186377728;22138880;1384910848;0;0;0;0;0;0;0;0;0;0;0;3246;0;0;125;0;42;0;
21011;4690276;1186377728;22138880;1384910848;0;0;0;0;0;0;0;0;0;0;0;3546;0;0;125;0;42;0;
21012;4792989;1186377728;22138880;1384910848;0;0;0;0;0;0;0;0;0;0;0;3266;0;0;125;0;42;0;
21013;4601399;1186377728;22138880;1384910848;0;0;0;0;0;0;0;0;0;0;0;3917;0;0;125;0;42;0;
21014;5009074;1186377728;22138880;1384910848;0;0;0;0;0;0;0;0;0;0;0;3206;0;0;125;0;42;0;
21015;5981858;1186377728;22138880;1384910848;0;0;0;0;0;0;0;0;0;0;0;3537;0;0;125;0;42;0;
21016;5165577;1186377728;22138880;1384910848;0;0;0;0;0;0;0;0;0;0;0;3206;0;0;125;0;42;0;
21017;4964861;1186377728;22138880;1384910848;0;0;0;0;0;0;0;0;0;0;0;3807;0;0;125;0;42;0;
21018;5765012;1186377728;22138880;1384910848;0;0;0;0;0;0;0;0;0;0;0;3136;0;0;125;0;42;0;
21019;4809700;1186377728;22138880;1384910848;0;0;0;0;0;0;0;0;0;0;0;3857;0;0;125;0;42;0;
21020;5262539;1186377728;22138880;1384910848;0;0;0;0;0;0;0;0;0;0;0;3036;0;0;125;0;42;0;
21021;5109702;1186377728;22138880;1384910848;0;0;0;0;0;0;0;0;0;0;0;4519;0;0;125;0;42;0;
21022;4903917;1186377728;22138880;1384910848;0;0;0;0;0;0;0;0;0;0;0;3206;0;0;125;0;42;0;
21023;4552948;1186377728;22138880;1384910848;0;0;0;0;0;0;0;0;0;0;0;3566;0;0;125;0;42;0;
21024;5210221;1186377728;22138880;1384910848;0;0;0;0;0;0;0;0;0;0;0;3316;0;0;125;0;42;0;
21025;4953440;1186377728;22138880;1384910848;0;0;0;0;0;0;0;0;0;0;0;4258;0;0;125;0;42;0;
21026;5016208;1186377728;22138880;1384910848;0;0;0;0;0;0;0;0;0;0;0;3146;0;0;125;0;42;0;
21027;4675038;1186377728;22138880;1384910848;0;0;0;0;0;0;0;0;0;0;0;4238;0;0;125;0;42;0;
21028;5362257;1186377728;22138880;1384910848;0;0;0;0;0;0;0;0;0;0;0;3757;0;0;125;0;42;0;
21029;4946527;1186377728;22138880;1384910848;0;0;0;0;0;0;0;0;0;0;0;3987;0;0;125;0;42;0;
21030;5678359;1186377728;22138880;1384910848;0;0;0;0;0;0;0;0;0;0;0;2815;0;0;125;0;42;0;
21031;5388405;1186377728;22138880;1384910848;0;0;0;0;0;0;0;0;0;0;0;3877;0;0;125;0;42;0;
21032;5453317;1186377728;22138880;1384910848;0;0;0;0;0;0;0;0;0;0;0;3627;0;0;125;0;42;0;
21033;5127867;1186377728;22138880;1384910848;0;0;0;0;0;0;0;0;0;0;0;4489;0;0;125;0;42;0;
21034;5278119;1186377728;22138880;1384910848;0;0;0;0;0;0;0;0;0;0;0;3577;0;0;125;0;42;0;
21035;4631486;1186377728;22138880;1384910848;0;0;0;0;0;0;0;0;0;0;0;2895;0;0;125;0;42;0;
21036;5192518;1186377728;22138880;1384910848;0;0;0;0;0;0;0;0;0;0;0;2946;0;0;125;0;42;0;
21037;5537575;1186377728;22138880;1384910848;0;0;0;0;0;0;0;0;0;0;0;3807;0;0;125;0;42;0;
21038;4983566;1186377728;22138880;1384910848;0;0;0;0;0;0;0;0;0;0;0;2935;0;0;125;0;42;0;
21039;4848452;1186377728;22138880;1384910848;0;0;0;0;0;0;0;0;0;0;0;4118;0;0;125;0;42;0;
21040;5599852;1186377728;22138880;1384910848;0;0;0;0;0;0;0;0;0;0;0;3637;0;0;125;0;42;0;
21041;4787148;1186377728;22138880;1384910848;0;0;0;0;0;0;0;0;0;0;0;3727;0;0;125;0;42;0;
21042;4950143;1186377728;22138880;1384910848;0;0;0;0;0;0;0;0;0;0;0;2975;0;0;125;0;42;0;
21043;4974830;1186377728;22138880;1384910848;0;0;0;0;0;0;0;0;0;0;0;4238;0;0;125;0;42;0;
21044;5379578;1186377728;22138880;1384910848;0;0;0;0;0;0;0;0;0;0;0;3557;0;0;125;0;42;0;
21045;4886093;1186377728;22138880;1384910848;0;0;0;0;0;0;0;0;0;0;0;3847;0;0;125;0;42;0;
21046;5064608;1186377728;22138880;1384910848;0;0;0;0;0;0;0;0;0;0;0;3066;0;0;125;0;42;0;
21047;5121344;1186377728;22138880;1384910848;0;0;0;0;0;0;0;0;0;0;0;3847;0;0;125;0;42;0;
21048;5069698;1186377728;22138880;1384910848;0;0;0;0;0;0;0;0;0;0;0;3767;0;0;125;0;42;0;
21049;4251764;1186377728;22138880;1384910848;0;0;0;0;0;0;0;0;0;0;0;4198;0;0;125;0;42;0;
21050;5554447;1186377728;22138880;1384910848;0;0;0;0;0;0;0;0;0;0;0;2806;0;0;125;0;42;0;
21051;4331073;1186377728;22138880;1384910848;0;0;0;0;0;0;0;0;0;0;0;3407;0;0;125;0;42;0;
21052;5152102;1186377728;22138880;1384910848;0;0;0;0;0;0;0;0;0;0;0;3066;0;0;125;0;42;0;
21053;4341763;1186377728;22138880;1384910848;0;0;0;0;0;0;0;0;0;0;0;3827;0;0;125;0;42;0;
21054;5763128;1186377728;22138880;1384910848;0;0;0;0;0;0;0;0;0;0;0;3447;0;0;125;0;42;0;
21055;4876245;1186377728;22138880;1384910848;0;0;0;0;0;0;0;0;0;0;0;3227;0;0;125;0;42;0;
21056;5356415;1186377728;22138880;1384910848;0;0;0;0;0;0;0;0;0;0;0;3055;0;0;125;0;42;0;
21057;5450732;1186377728;22138880;1384910848;0;0;0;0;0;0;0;0;0;0;0;3617;0;0;125;0;42;0;
21058;5369981;1186377728;22138880;1384910848;0;0;0;0;0;0;0;0;0;0;0;3587;0;0;125;0;42;0;
21059;4658817;1186377728;22138880;1384910848;0;0;0;0;0;0;0;0;0;0;0;3987;0;0;125;0;42;0;
21060;5835444;1186377728;22138880;1384910848;0;0;0;0;0;0;0;0;0;0;0;3367;0;0;125;0;42;0;
21061;5135261;1186377728;22138880;1384910848;0;0;0;0;0;0;0;0;0;0;0;4288;0;0;125;0;42;0;
21062;5450051;1186377728;22138880;1384910848;0;0;0;0;0;0;0;0;0;0;0;2916;0;0;125;0;42;0;
21063;4890201;1186377728;22138880;1384910848;0;0;0;0;0;0;0;0;0;0;0;3898;0;0;125;0;42;0;
21064;5041184;1186377728;22138880;1384910848;0;0;0;0;0;0;0;0;0;0;0;3827;0;0;125;0;42;0;
21065;5087301;1186377728;22138880;1384910848;0;0;0;0;0;0;0;0;0;0;0;3717;0;0;125;0;42;0;
21066;5230790;1186377728;22138880;1384910848;0;0;0;0;0;0;0;0;0;0;0;3126;0;0;125;0;42;0;
21067;5428851;1186377728;22138880;1384910848;0;0;0;0;0;0;0;0;0;0;0;4438;0;0;125;0;42;0;
21068;4897795;1186377728;22138880;1384910848;0;0;0;0;0;0;0;0;0;0;0;3546;0;0;125;0;42;0;
21069;5021236;1186377728;22138880;1384910848;0;0;0;0;0;0;0;0;0;0;0;4288;0;0;125;0;42;0;
21070;5653843;1186377728;22138880;1384910848;0;0;0;0;0;0;0;0;0;0;0;3306;0;0;125;0;42;0;
21071;4448953;1186377728;22138880;1384910848;0;0;0;0;0;0;0;0;0;0;0;2956;0;0;125;0;42;0;
21072;5306121;1186377728;22138880;1384910848;0;0;0;0;0;0;0;0;0;0;0;3847;0;0;125;0;42;0;
21073;5213808;1186377728;22138880;1384910848;0;0;0;0;0;0;0;0;0;0;0;4008;0;0;125;0;42;0;
21074;5167902;1186377728;22138880;1384910848;0;0;0;0;0;0;0;0;0;0;0;3136;0;0;125;0;42;0;
21075;4610898;1186377728;22138880;1384910848;0;0;0;0;0;0;0;0;0;0;0;3977;0;0;125;0;42;0;
21076;5453938;1186377728;22138880;1384910848;0;0;0;0;0;0;0;0;0;0;0;3547;0;0;125;0;42;0;
21077;5069858;1186377728;22138880;1384910848;0;0;0;0;0;0;0;0;0;0;0;4518;0;0;125;0;42;0;
21078;5432519;1186377728;22138880;1384910848;0;0;0;0;0;0;0;0;0;0;0;3186;0;0;125;0;42;0;
21079;5172600;1186377728;22138880;1384910848;0;0;0;0;0;0;0;0;0;0;0;4358;0;0;125;0;42;0;
21080;5588691;1186377728;22138880;1384910848;0;0;0;0;0;0;0;0;0;0;0;3366;0;0;125;0;42;0;
21081;4565462;1186377728;22138880;1384910848;0;0;0;0;0;0;0;0;0;0;0;3637;0;0;125;0;42;0;
21082;5211855;1186377728;22138880;1384910848;0;0;0;0;0;0;0;0;0;0;0;3487;0;0;125;0;42;0;
21083;4896693;1186377728;22138880;1384910848;0;0;0;0;0;0;0;0;0;0;0;4248;0;0;125;0;42;0;
21084;5382976;1186377728;22138880;1384910848;0;0;0;0;0;0;0;0;0;0;0;3457;0;0;125;0;42;0;
21085;5284480;1186377728;22138880;1384910848;0;0;0;0;0;0;0;0;0;0;0;3497;0;0;125;0;42;0;
21086;5846535;1186377728;22138880;1384910848;0;0;0;0;0;0;0;0;0;0;0;3005;0;0;125;0;42;0;
21087;4997091;1186377728;22138880;1384910848;0;0;0;0;0;0;0;0;0;0;0;3617;0;0;125;0;42;0;
21088;5343842;1186377728;22138880;1384910848;0;0;0;0;0;0;0;0;0;0;0;3537;0;0;125;0;42;0;
21089;5187899;1186377728;22138880;1384910848;0;0;0;0;0;0;0;0;0;0;0;17993;0;0;125;0;42;0;
21090;4940926;1186377728;22138880;1384910848;0;0;0;0;0;0;0;0;0;0;0;3155;0;0;125;0;42;0;
21091;4449084;1186377728;22138880;1384910848;0;0;0;0;0;0;0;0;0;0;0;3146;0;0;125;0;42;0;
21092;5831526;1186377728;22138880;1384910848;0;0;0;0;0;0;0;0;0;0;0;3326;0;0;125;0;42;0;
21093;9231223;1186377728;22138880;1384910848;0;0;0;0;0;0;0;0;0;0;0;3416;0;0;125;0;42;0;
21094;6467900;1186377728;22138880;1384910848;0;0;0;0;0;0;0;0;0;0;0;2835;0;0;125;0;42;0;
21095;10930499;1186377728;22138880;1384910848;0;0;0;0;0;0;0;0;0;0;0;3516;0;0;125;0;42;0;
21096;5182158;1186377728;22138880;1384910848;0;0;0;0;0;0;0;0;0;0;0;3226;0;0;125;0;42;0;
21097;5220090;1186377728;22138880;1384910848;0;0;0;0;0;0;0;0;0;0;0;4178;0;0;125;0;42;0;
21098;5068194;1186377728;22138880;1384910848;0;0;0;0;0;0;0;0;0;0;0;3146;0;0;125;0;42;0;
21099;5573302;1186377728;22138880;1384910848;0;0;0;0;0;0;0;0;0;0;0;3948;0;0;125;0;42;0;
21100;5156030;1186377728;22138880;1384910848;0;0;0;0;0;0;0;0;0;0;0;3727;0;0;125;0;42;0;
21101;4599576;1186377728;22138880;1384910848;0;0;0;0;0;0;0;0;0;0;0;3376;0;0;125;0;42;0;
21102;4989717;1186377728;22138880;1384910848;0;0;0;0;0;0;0;0;0;0;0;3086;0;0;125;0;42;0;
21103;4798589;1186377728;22138880;1384910848;0;0;0;0;0;0;0;0;0;0;0;3687;0;0;125;0;42;0;
21104;5122166;1186377728;22138880;1384910848;0;0;0;0;0;0;0;0;0;0;0;3136;0;0;125;0;42;0;
21105;4695266;1186377728;22138880;1384910848;0;0;0;0;0;0;0;0;0;0;0;4217;0;0;125;0;42;0;
21106;5543686;1186377728;22138880;1384910848;0;0;0;0;0;0;0;0;0;0;0;2775;0;0;125;0;42;0;
21107;5288899;1186377728;22138880;1384910848;0;0;0;0;0;0;0;0;0;0;0;3838;0;0;125;0;42;0;
21108;5704808;1186377728;22138880;1384910848;0;0;0;0;0;0;0;0;0;0;0;3377;0;0;125;0;42;0;
21109;4684064;1186377728;22138880;1384910848;0;0;0;0;0;0;0;0;0;0;0;4037;0;0;125;0;42;0;
21110;5320678;1186377728;22138880;1384910848;0;0;0;0;0;0;0;0;0;0;0;3045;0;0;125;0;42;0;
21111;4063190;1186377728;22138880;1384910848;0;0;0;0;0;0;0;0;0;0;0;3797;0;0;125;0;42;0;
21112;5037537;1186377728;22138880;1384910848;0;0;0;0;0;0;0;0;0;0;0;3477;0;0;125;0;42;0;
21113;4835559;1186377728;22138880;1384910848;0;0;0;0;0;0;0;0;0;0;0;3427;0;0;125;0;42;0;
21114;5380811;1186377728;22138880;1384910848;0;0;0;0;0;0;0;0;0;0;0;2876;0;0;125;0;42;0;
21115;4144462;1186377728;22138880;1384910848;0;0;0;0;0;0;0;0;0;0;0;3587;0;0;125;0;42;0;
21116;5226392;1186377728;22138880;1384910848;0;0;0;0;0;0;0;0;0;0;0;3196;0;0;125;0;42;0;
21117;4423235;1186377728;22138880;1384910848;0;0;0;0;0;0;0;0;0;0;0;4118;0;0;125;0;42;0;
21118;4819909;1186377728;22138880;1384910848;0;0;0;0;0;0;0;0;0;0;0;3186;0;0;125;0;42;0;
21119;4215535;1186377728;22138880;1384910848;0;0;0;0;0;0;0;0;0;0;0;3777;0;0;125;0;42;0;
21120;5297545;1186377728;22138880;1384910848;0;0;0;0;0;0;0;0;0;0;0;3006;0;0;125;0;42;0;
21121;4717066;1186377728;22138880;1384910848;0;0;0;0;0;0;0;0;0;0;0;3467;0;0;125;0;42;0;
21122;5405508;1186377728;22138880;1384910848;0;0;0;0;0;0;0;0;0;0;0;2594;0;0;125;0;42;0;
21123;5868376;1186377728;22138880;1384910848;0;0;0;0;0;0;0;0;0;0;0;3977;0;0;125;0;42;0;
21124;5153305;1186377728;22138880;1384910848;0;0;0;0;0;0;0;0;0;0;0;3226;0;0;125;0;42;0;
21125;4793630;1186377728;22138880;1384910848;0;0;0;0;0;0;0;0;0;0;0;3497;0;0;125;0;42;0;
21126;5761906;1186377728;22138880;1384910848;0;0;0;0;0;0;0;0;0;0;0;3135;0;0;125;0;42;0;
21127;4975752;1186377728;22138880;1384910848;0;0;0;0;0;0;0;0;0;0;0;3717;0;0;125;0;42;0;
21128;5361675;1186377728;22138880;1384910848;0;0;0;0;0;0;0;0;0;0;0;3437;0;0;125;0;42;0;
21129;4728457;1186377728;22138880;1384910848;0;0;0;0;0;0;0;0;0;0;0;3477;0;0;125;0;42;0;
21130;5846715;1186377728;22138880;1384910848;0;0;0;0;0;0;0;0;0;0;0;2745;0;0;125;0;42;0;
21131;4423165;1186377728;22138880;1384910848;0;0;0;0;0;0;0;0;0;0;0;3727;0;0;125;0;42;0;
21132;5238594;1186377728;22138880;1384910848;0;0;0;0;0;0;0;0;0;0;0;3045;0;0;125;0;42;0;
21133;5534299;1186377728;22138880;1384910848;0;0;0;0;0;0;0;0;0;0;0;4478;0;0;125;0;42;0;
21134;5679481;1186377728;22138880;1384910848;0;0;0;0;0;0;0;0;0;0;0;3757;0;0;125;0;42;0;
21135;4380485;1186377728;22138880;1384910848;0;0;0;0;0;0;0;0;0;0;0;4228;0;0;125;0;42;0;
21136;5361685;1186377728;22138880;1384910848;0;0;0;0;0;0;0;0;0;0;0;3597;0;0;125;0;42;0;
21137;4644089;1186377728;22138880;1384910848;0;0;0;0;0;0;0;0;0;0;0;3917;0;0;125;0;42;0;
21138;5474026;1186377728;22138880;1384910848;0;0;0;0;0;0;0;0;0;0;0;2826;0;0;125;0;42;0;
21139;4767611;1186377728;22138880;1384910848;0;0;0;0;0;0;0;0;0;0;0;3367;0;0;125;0;42;0;
21140;5557693;1186377728;22138880;1384910848;0;0;0;0;0;0;0;0;0;0;0;3096;0;0;125;0;42;0;
21141;4778140;1186377728;22138880;1384910848;0;0;0;0;0;0;0;0;0;0;0;4178;0;0;125;0;42;0;
21142;5536373;1186377728;22138880;1384910848;0;0;0;0;0;0;0;0;0;0;0;3717;0;0;125;0;42;0;
21143;4360768;1186377728;22138880;1384910848;0;0;0;0;0;0;0;0;0;0;0;3476;0;0;125;0;42;0;
21144;4978977;1186377728;22138880;1384910848;0;0;0;0;0;0;0;0;0;0;0;2975;0;0;125;0;42;0;
21145;4223490;1186377728;22138880;1384910848;0;0;0;0;0;0;0;0;0;0;0;3687;0;0;125;0;42;0;
21146;5613047;1186377728;22138880;1384910848;0;0;0;0;0;0;0;0;0;0;0;2905;0;0;125;0;42;0;
21147;5557252;1186377728;22138880;1384910848;0;0;0;0;0;0;0;0;0;0;0;3997;0;0;125;0;42;0;
21148;5325527;1186377728;22138880;1384910848;0;0;0;0;0;0;0;0;0;0;0;3737;0;0;125;0;42;0;
21149;5197587;1186377728;22138880;1384910848;0;0;0;0;0;0;0;0;0;0;0;3707;0;0;125;0;42;0;
21150;5384007;1186377728;22138880;1384910848;0;0;0;0;0;0;0;0;0;0;0;2905;0;0;125;0;42;0;
21151;4570792;1186377728;22138880;1384910848;0;0;0;0;0;0;0;0;0;0;0;3797;0;0;125;0;42;0;
21152;6230204;1186377728;22138880;1384910848;0;0;0;0;0;0;0;0;0;0;0;3396;0;0;125;0;42;0;
21153;4610547;1186377728;22138880;1384910848;0;0;0;0;0;0;0;0;0;0;0;3597;0;0;125;0;42;0;
21154;4975541;1186377728;22138880;1384910848;0;0;0;0;0;0;0;0;0;0;0;3196;0;0;125;0;42;0;
21155;4924866;1186377728;22138880;1384910848;0;0;0;0;0;0;0;0;0;0;0;3677;0;0;125;0;42;0;
21156;5348200;1186377728;22138880;1384910848;0;0;0;0;0;0;0;0;0;0;0;3617;0;0;125;0;42;0;
21157;4564250;1186377728;22138880;1384910848;0;0;0;0;0;0;0;0;0;0;0;4218;0;0;125;0;42;0;
21158;4919596;1186377728;22138880;1384910848;0;0;0;0;0;0;0;0;0;0;0;3196;0;0;125;0;42;0;
21159;4426742;1186377728;22138880;1384910848;0;0;0;0;0;0;0;0;0;0;0;4208;0;0;125;0;42;0;
21160;4988596;1186377728;22138880;1384910848;0;0;0;0;0;0;0;0;0;0;0;3868;0;0;125;0;42;0;
21161;4862630;1186377728;22138880;1384910848;0;0;0;0;0;0;0;0;0;0;0;4238;0;0;125;0;42;0;
21162;5301252;1186377728;22138880;1384910848;0;0;0;0;0;0;0;0;0;0;0;3296;0;0;125;0;42;0;
21163;4225795;1186377728;22138880;1384910848;0;0;0;0;0;0;0;0;0;0;0;3346;0;0;125;0;42;0;
21164;5010447;1186377728;22138880;1384910848;0;0;0;0;0;0;0;0;0;0;0;3266;0;0;125;0;42;0;
21165;4594697;1186377728;22138880;1384910848;0;0;0;0;0;0;0;0;0;0;0;3316;0;0;125;0;42;0;
21166;5198159;1186377728;22138880;1384910848;0;0;0;0;0;0;0;0;0;0;0;3105;0;0;125;0;42;0;
21167;4380245;1186377728;22138880;1384910848;0;0;0;0;0;0;0;0;0;0;0;3827;0;0;125;0;42;0;
21168;5466783;1186377728;22138880;1384910848;0;0;0;0;0;0;0;0;0;0;0;3216;0;0;125;0;42;0;
21169;5792062;1186377728;22138880;1384910848;0;0;0;0;0;0;0;0;0;0;0;4469;0;0;125;0;42;0;
21170;5688658;1186377728;22138880;1384910848;0;0;0;0;0;0;0;0;0;0;0;3607;0;0;125;0;42;0;
21171;5073484;1186377728;22138880;1384910848;0;0;0;0;0;0;0;0;0;0;0;3727;0;0;125;0;42;0;
21172;6678725;1186377728;22138880;1384910848;0;0;0;0;0;0;0;0;0;0;0;4288;0;0;125;0;42;0;
21173;5146632;1186377728;22138880;1384910848;0;0;0;0;0;0;0;0;0;0;0;5130;0;0;125;0;42;0;
21174;5232523;1186377728;22138880;1384910848;0;0;0;0;0;0;0;0;0;0;0;3317;0;0;125;0;42;0;
21175;4703471;1186377728;22138880;1384910848;0;0;0;0;0;0;0;0;0;0;0;3657;0;0;125;0;42;0;
21176;5441405;1186377728;22138880;1384910848;0;0;0;0;0;0;0;0;0;0;0;2735;0;0;125;0;42;0;
21177;5017140;1186377728;22138880;1384910848;0;0;0;0;0;0;0;0;0;0;0;3647;0;0;125;0;42;0;
21178;5198369;1186377728;22138880;1384910848;0;0;0;0;0;0;0;0;0;0;0;2946;0;0;125;0;42;0;
21179;4920728;1186377728;22138880;1384910848;0;0;0;0;0;0;0;0;0;0;0;3817;0;0;125;0;42;0;
21180;5199330;1186377728;22138880;1384910848;0;0;0;0;0;0;0;0;0;0;0;3597;0;0;125;0;42;0;
21181;5475559;1186377728;22138880;1384910848;0;0;0;0;0;0;0;0;0;0;0;4208;0;0;125;0;42;0;
21182;6107003;1186377728;22138880;1384910848;0;0;0;0;0;0;0;0;0;0;0;2715;0;0;125;0;42;0;
21183;4894599;1186377728;22138880;1384910848;0;0;0;0;0;0;0;0;0;0;0;4258;0;0;125;0;42;0;
21184;5849159;1186377728;22138880;1384910848;0;0;0;0;0;0;0;0;0;0;0;3397;0;0;125;0;42;0;
21185;5483013;1186377728;22138880;1384910848;0;0;0;0;0;0;0;0;0;0;0;4057;0;0;125;0;42;0;
21186;5273520;1186377728;22138880;1384910848;0;0;0;0;0;0;0;0;0;0;0;3346;0;0;125;0;42;0;
21187;5222704;1186377728;22138880;1384910848;0;0;0;0;0;0;0;0;0;0;0;3787;0;0;125;0;42;0;
21188;5615932;1186377728;22138880;1384910848;0;0;0;0;0;0;0;0;0;0;0;3566;0;0;125;0;42;0;
21189;4292229;1186377728;22138880;1384910848;0;0;0;0;0;0;0;0;0;0;0;3306;0;0;125;0;42;0;
21190;4916771;1186377728;22138880;1384910848;0;0;0;0;0;0;0;0;0;0;0;3006;0;0;125;0;42;0;
21191;3978912;1186377728;22138880;1384910848;0;0;0;0;0;0;0;0;0;0;0;3086;0;0;125;0;42;0;
21192;5087842;1186377728;22138880;1384910848;0;0;0;0;0;0;0;0;0;0;0;3005;0;0;125;0;42;0;
21193;3583029;1186377728;22138880;1384910848;0;0;0;0;0;0;0;0;0;0;0;3347;0;0;125;0;42;0;
21194;4824027;1186377728;22138880;1384910848;0;0;0;0;0;0;0;0;0;0;0;2785;0;0;125;0;42;0;
21195;4006443;1186377728;22138880;1384910848;0;0;0;0;0;0;0;0;0;0;0;2976;0;0;125;0;42;0;
21196;5444020;1186377728;22138880;1384910848;0;0;0;0;0;0;0;0;0;0;0;2805;0;0;125;0;42;0;
21197;3747868;1186377728;22138880;1384910848;0;0;0;0;0;0;0;0;0;0;0;3537;0;0;125;0;42;0;
21198;5297635;1186377728;22138880;1384910848;0;0;0;0;0;0;0;0;0;0;0;3066;0;0;125;0;42;0;
21199;4534404;1186377728;22138880;1384910848;0;0;0;0;0;0;0;0;0;0;0;3296;0;0;125;0;42;0;
21200;5199832;1186377728;22138880;1384910848;0;0;0;0;0;0;0;0;0;0;0;2775;0;0;125;0;42;0;
21201;4773212;1186377728;22138880;1384910848;0;0;0;0;0;0;0;0;0;0;0;3156;0;0;125;0;42;0;
21202;4775466;1186377728;22138880;1384910848;0;0;0;0;0;0;0;0;0;0;0;2715;0;0;125;0;42;0;
21203;3803824;1186377728;22138880;1384910848;0;0;0;0;0;0;0;0;0;0;0;3476;0;0;125;0;42;0;
21204;5560588;1186377728;22138880;1384910848;0;0;0;0;0;0;0;0;0;0;0;2775;0;0;125;0;42;0;
21205;4390354;1186377728;22138880;1384910848;0;0;0;0;0;0;0;0;0;0;0;3637;0;0;125;0;42;0;
21206;5564706;1186377728;22138880;1384910848;0;0;0;0;0;0;0;0;0;0;0;3085;0;0;125;0;42;0;
21207;4435668;1186377728;22138880;1384910848;0;0;0;0;0;0;0;0;0;0;0;3506;0;0;125;0;42;0;
21208;5097670;1186377728;22138880;1384910848;0;0;0;0;0;0;0;0;0;0;0;2936;0;0;125;0;42;0;
21209;3993880;1186377728;22138880;1384910848;0;0;0;0;0;0;0;0;0;0;0;3336;0;0;125;0;42;0;
21210;5423311;1186377728;22138880;1384910848;0;0;0;0;0;0;0;0;0;0;0;3075;0;0;125;0;42;0;
21211;5171248;1186377728;22138880;1384910848;0;0;0;0;0;0;0;0;0;0;0;3807;0;0;125;0;42;0;
21212;5582119;1186377728;22138880;1384910848;0;0;0;0;0;0;0;0;0;0;0;3276;0;0;125;0;42;0;
21213;4874642;1186377728;22138880;1384910848;0;0;0;0;0;0;0;0;0;0;0;3517;0;0;125;0;42;0;
21214;5477372;1186377728;22138880;1384910848;0;0;0;0;0;0;0;0;0;0;0;3276;0;0;125;0;42;0;
21215;4626085;1186377728;22138880;1384910848;0;0;0;0;0;0;0;0;0;0;0;3827;0;0;125;0;42;0;
21216;5395649;1186377728;22138880;1384910848;0;0;0;0;0;0;0;0;0;0;0;3627;0;0;125;0;42;0;
21217;5156801;1186377728;22138880;1384910848;0;0;0;0;0;0;0;0;0;0;0;4278;0;0;125;0;42;0;
21218;5402672;1186377728;22138880;1384910848;0;0;0;0;0;0;0;0;0;0;0;3356;0;0;125;0;42;0;
21219;5200634;1186377728;22138880;1384910848;0;0;0;0;0;0;0;0;0;0;0;3487;0;0;125;0;42;0;
21220;5589162;1186377728;22138880;1384910848;0;0;0;0;0;0;0;0;0;0;0;3416;0;0;125;0;42;0;
21221;5743411;1186377728;22138880;1384910848;0;0;0;0;0;0;0;0;0;0;0;4910;0;0;125;0;42;0;
21222;5330186;1186377728;22138880;1384910848;0;0;0;0;0;0;0;0;0;0;0;2895;0;0;125;0;42;0;
21223;5166860;1186377728;22138880;1384910848;0;0;0;0;0;0;0;0;0;0;0;3256;0;0;125;0;42;0;
21224;5367276;1186377728;22138880;1384910848;0;0;0;0;0;0;0;0;0;0;0;3286;0;0;125;0;42;0;
21225;4513474;1186377728;22138880;1384910848;0;0;0;0;0;0;0;0;0;0;0;4809;0;0;125;0;42;0;
21226;5501798;1186377728;22138880;1384910848;0;0;0;0;0;0;0;0;0;0;0;4148;0;0;125;0;42;0;
21227;4787990;1186377728;22138880;1384910848;0;0;0;0;0;0;0;0;0;0;0;3727;0;0;125;0;42;0;
21228;5617295;1186377728;22138880;1384910848;0;0;0;0;0;0;0;0;0;0;0;3597;0;0;125;0;42;0;
21229;3854779;1186377728;22138880;1384910848;0;0;0;0;0;0;0;0;0;0;0;3677;0;0;125;0;42;0;
21230;5195334;1186377728;22138880;1384910848;0;0;0;0;0;0;0;0;0;0;0;3136;0;0;125;0;42;0;
21231;4244490;1186377728;22138880;1384910848;0;0;0;0;0;0;0;0;0;0;0;3136;0;0;125;0;42;0;
21232;5069808;1186377728;22138880;1384910848;0;0;0;0;0;0;0;0;0;0;0;3236;0;0;125;0;42;0;
21233;3719846;1186377728;22138880;1384910848;0;0;0;0;0;0;0;0;0;0;0;3386;0;0;125;0;42;0;
21234;4991691;1186377728;22138880;1384910848;0;0;0;0;0;0;0;0;0;0;0;2945;0;0;125;0;42;0;
21235;4156655;1186377728;22138880;1384910848;0;0;0;0;0;0;0;0;0;0;0;3657;0;0;125;0;42;0;
21236;5168022;1186377728;22138880;1384910848;0;0;0;0;0;0;0;0;0;0;0;3096;0;0;125;0;42;0;
21237;3871921;1186377728;22138880;1384910848;0;0;0;0;0;0;0;0;0;0;0;3667;0;0;125;0;42;0;
21238;4802016;1186377728;22138880;1384910848;0;0;0;0;0;0;0;0;0;0;0;2775;0;0;125;0;42;0;
21239;4319982;1186377728;22138880;1384910848;0;0;0;0;0;0;0;0;0;0;0;2976;0;0;125;0;42;0;
21240;5254905;1186377728;22138880;1384910848;0;0;0;0;0;0;0;0;0;0;0;2986;0;0;125;0;42;0;
21241;4136768;1186377728;22138880;1384910848;0;0;0;0;0;0;0;0;0;0;0;3657;0;0;125;0;42;0;
21242;5419012;1186377728;22138880;1384910848;0;0;0;0;0;0;0;0;0;0;0;3176;0;0;125;0;42;0;
21243;3576768;1186377728;22138880;1384910848;0;0;0;0;0;0;0;0;0;0;0;3306;0;0;125;0;42;0;
21244;4735290;1186377728;22138880;1384910848;0;0;0;0;0;0;0;0;0;0;0;2825;0;0;125;0;42;0;
21245;4481434;1186377728;22138880;1384910848;0;0;0;0;0;0;0;0;0;0;0;3837;0;0;125;0;42;0;
21246;4964660;1186377728;22138880;1384910848;0;0;0;0;0;0;0;0;0;0;0;2986;0;0;125;0;42;0;
21247;3873354;1186377728;22138880;1384910848;0;0;0;0;0;0;0;0;0;0;0;3476;0;0;125;0;42;0;
21248;5293477;1186377728;22138880;1384910848;0;0;0;0;0;0;0;0;0;0;0;3577;0;0;125;0;42;0;
21249;4820130;1186377728;22138880;1384910848;0;0;0;0;0;0;0;0;0;0;0;4779;0;0;125;0;42;0;
21250;5291683;1186377728;22138880;1384910848;0;0;0;0;0;0;0;0;0;0;0;3357;0;0;125;0;42;0;
21251;4419849;1186377728;22138880;1384910848;0;0;0;0;0;0;0;0;0;0;0;4729;0;0;125;0;42;0;
21252;5052806;1186377728;22138880;1384910848;0;0;0;0;0;0;0;0;0;0;0;3897;0;0;125;0;42;0;
21253;5515764;1186377728;22138880;1384910848;0;0;0;0;0;0;0;0;0;0;0;4699;0;0;125;0;42;0;
21254;6281210;1186377728;22138880;1384910848;0;0;0;0;0;0;0;0;0;0;0;3547;0;0;125;0;42;0;
21255;4986502;1186377728;22138880;1384910848;0;0;0;0;0;0;0;0;0;0;0;4448;0;0;125;0;42;0;
21256;5072213;1186377728;22138880;1384910848;0;0;0;0;0;0;0;0;0;0;0;3917;0;0;125;0;42;0;
21257;4872107;1186377728;22138880;1384910848;0;0;0;0;0;0;0;0;0;0;0;4218;0;0;125;0;42;0;
21258;5466953;1186377728;22138880;1384910848;0;0;0;0;0;0;0;0;0;0;0;3086;0;0;125;0;42;0;
21259;5653372;1186377728;22138880;1384910848;0;0;0;0;0;0;0;0;0;0;0;4168;0;0;125;0;42;0;
21260;5580967;1186377728;22138880;1384910848;0;0;0;0;0;0;0;0;0;0;0;3857;0;0;125;0;42;0;
21261;5125993;1186377728;22138880;1384910848;0;0;0;0;0;0;0;0;0;0;0;3236;0;0;125;0;42;0;
21262;5216222;1186377728;22138880;1384910848;0;0;0;0;0;0;0;0;0;0;0;3206;0;0;125;0;42;0;
21263;4421743;1186377728;22138880;1384910848;0;0;0;0;0;0;0;0;0;0;0;2905;0;0;125;0;42;0;
21264;5088273;1186377728;22138880;1384910848;0;0;0;0;0;0;0;0;0;0;0;3357;0;0;125;0;42;0;
21265;3567390;1186377728;22138880;1384910848;0;0;0;0;0;0;0;0;0;0;0;3697;0;0;125;0;42;0;
21266;5345024;1186377728;22138880;1384910848;0;0;0;0;0;0;0;0;0;0;0;2916;0;0;125;0;42;0;
21267;4400523;1186377728;22138880;1384910848;0;0;0;0;0;0;0;0;0;0;0;3296;0;0;125;0;42;0;
21268;5683539;1186377728;22138880;1384910848;0;0;0;0;0;0;0;0;0;0;0;3246;0;0;125;0;42;0;
21269;3971649;1186377728;22138880;1384910848;0;0;0;0;0;0;0;0;0;0;0;3156;0;0;125;0;42;0;
21270;5785941;1186377728;22138880;1384910848;0;0;0;0;0;0;0;0;0;0;0;2956;0;0;125;0;42;0;
21271;4696438;1186377728;22138880;1384910848;0;0;0;0;0;0;0;0;0;0;0;3136;0;0;125;0;42;0;
21272;5725908;1186377728;22138880;1384910848;0;0;0;0;0;0;0;0;0;0;0;3256;0;0;125;0;42;0;
21273;3613637;1186377728;22138880;1384910848;0;0;0;0;0;0;0;0;0;0;0;2896;0;0;125;0;42;0;
21274;5089224;1186377728;22138880;1384910848;0;0;0;0;0;0;0;0;0;0;0;3045;0;0;125;0;42;0;
21275;3360813;1186377728;22138880;1384910848;0;0;0;0;0;0;0;0;0;0;0;3106;0;0;125;0;42;0;
21276;5047907;1186377728;22138880;1384910848;0;0;0;0;0;0;0;0;0;0;0;3136;0;0;125;0;42;0;
21277;3594141;1186377728;22138880;1384910848;0;0;0;0;0;0;0;0;0;0;0;3155;0;0;125;0;42;0;
21278;5157793;1186377728;22138880;1384910848;0;0;0;0;0;0;0;0;0;0;0;3096;0;0;125;0;42;0;
21279;3868344;1186377728;22138880;1384910848;0;0;0;0;0;0;0;0;0;0;0;3256;0;0;125;0;42;0;
21280;5673119;1186377728;22138880;1384910848;0;0;0;0;0;0;0;0;0;0;0;2915;0;0;125;0;42;0;
21281;4354847;1186377728;22138880;1384910848;0;0;0;0;0;0;0;0;0;0;0;4298;0;0;125;0;42;0;
21282;5450251;1186377728;22138880;1384910848;0;0;0;0;0;0;0;0;0;0;0;3296;0;0;125;0;42;0;
21283;4753134;1186377728;22138880;1384910848;0;0;0;0;0;0;0;0;0;0;0;3667;0;0;125;0;42;0;
21284;5469998;1186377728;22138880;1384910848;0;0;0;0;0;0;0;0;0;0;0;3156;0;0;125;0;42;0;
21285;5434873;1186377728;22138880;1384910848;0;0;0;0;0;0;0;0;0;0;0;4979;0;0;125;0;42;0;
21286;5643504;1186377728;22138880;1384910848;0;0;0;0;0;0;0;0;0;0;0;3346;0;0;125;0;42;0;
21287;6465655;1186377728;22138880;1384910848;0;0;0;0;0;0;0;0;0;0;0;4468;0;0;125;0;42;0;
21288;5845652;1186377728;22138880;1384910848;0;0;0;0;0;0;0;0;0;0;0;3596;0;0;125;0;42;0;
21289;4861828;1186377728;22138880;1384910848;0;0;0;0;0;0;0;0;0;0;0;4228;0;0;125;0;42;0;
21290;5459589;1186377728;22138880;1384910848;0;0;0;0;0;0;0;0;0;0;0;3496;0;0;125;0;42;0;
21291;5193560;1186377728;22138880;1384910848;0;0;0;0;0;0;0;0;0;0;0;4729;0;0;125;0;42;0;
21292;5799386;1186377728;22138880;1384910848;0;0;0;0;0;0;0;0;0;0;0;4428;0;0;125;0;42;0;
21293;14057703;1186377728;22138880;1384910848;0;0;0;0;0;0;0;0;0;0;0;4899;0;0;125;0;42;0;
21294;6299784;1186377728;22138880;1384910848;0;0;0;0;0;0;0;0;0;0;0;3797;0;0;125;0;42;0;
21295;4945745;1186377728;22138880;1384910848;0;0;0;0;0;0;0;0;0;0;0;4378;0;0;125;0;42;0;
21296;5439421;1186377728;22138880;1384910848;0;0;0;0;0;0;0;0;0;0;0;3105;0;0;125;0;42;0;
21297;6230965;1186377728;22138880;1384910848;0;0;0;0;0;0;0;0;0;0;0;4368;0;0;125;0;42;0;
21298;5362326;1186377728;22138880;1384910848;0;0;0;0;0;0;0;0;0;0;0;3286;0;0;125;0;42;0;
21299;5101337;1186377728;22138880;1384910848;0;0;0;0;0;0;0;0;0;0;0;3707;0;0;125;0;42;0;
21300;5100796;1186377728;22138880;1384910848;0;0;0;0;0;0;0;0;0;0;0;2675;0;0;125;0;42;0;
21301;4427273;1186377728;22138880;1384910848;0;0;0;0;0;0;0;0;0;0;0;4289;0;0;125;0;42;0;
21302;5870410;1186377728;22138880;1384910848;0;0;0;0;0;0;0;0;0;0;0;3457;0;0;125;0;42;0;
21303;5774970;1186377728;22138880;1384910848;0;0;0;0;0;0;0;0;0;0;0;3627;0;0;125;0;42;0;
21304;5303787;1186377728;22138880;1384910848;0;0;0;0;0;0;0;0;0;0;0;2775;0;0;125;0;42;0;
21305;4437132;1186377728;22138880;1384910848;0;0;0;0;0;0;0;0;0;0;0;3887;0;0;125;0;42;0;
21306;5221242;1186377728;22138880;1384910848;0;0;0;0;0;0;0;0;0;0;0;3146;0;0;125;0;42;0;
21307;5064248;1186377728;22138880;1384910848;0;0;0;0;0;0;0;0;0;0;0;3226;0;0;125;0;42;0;
21308;5196957;1186377728;22138880;1384910848;0;0;0;0;0;0;0;0;0;0;0;2845;0;0;125;0;42;0;
21309;5426006;1186377728;22138880;1384910848;0;0;0;0;0;0;0;0;0;0;0;4188;0;0;125;0;42;0;
21310;5477503;1186377728;22138880;1384910848;0;0;0;0;0;0;0;0;0;0;0;3366;0;0;125;0;42;0;
21311;4924685;1186377728;22138880;1384910848;0;0;0;0;0;0;0;0;0;0;0;3707;0;0;125;0;42;0;
21312;5489285;1186377728;22138880;1384910848;0;0;0;0;0;0;0;0;0;0;0;3036;0;0;125;0;42;0;
21313;4782819;1186377728;22138880;1384910848;0;0;0;0;0;0;0;0;0;0;0;3988;0;0;125;0;42;0;
21314;5109883;1186377728;22138880;1384910848;0;0;0;0;0;0;0;0;0;0;0;2876;0;0;125;0;42;0;
21315;4583095;1186377728;22138880;1384910848;0;0;0;0;0;0;0;0;0;0;0;4168;0;0;125;0;42;0;
21316;5335596;1186377728;22138880;1384910848;0;0;0;0;0;0;0;0;0;0;0;2825;0;0;125;0;42;0;
21317;4195939;1186377728;22138880;1384910848;0;0;0;0;0;0;0;0;0;0;0;3928;0;0;125;0;42;0;
21318;5867884;1186377728;22138880;1384910848;0;0;0;0;0;0;0;0;0;0;0;3507;0;0;125;0;42;0;
21319;4688773;1186377728;22138880;1384910848;0;0;0;0;0;0;0;0;0;0;0;3527;0;0;125;0;42;0;
21320;5660706;1186377728;22138880;1384910848;0;0;0;0;0;0;0;0;0;0;0;3006;0;0;125;0;42;0;
21321;4086644;1186377728;22138880;1384910848;0;0;0;0;0;0;0;0;0;0;0;4218;0;0;125;0;42;0;
21322;5496187;1186377728;22138880;1384910848;0;0;0;0;0;0;0;0;0;0;0;3566;0;0;125;0;42;0;
21323;5200814;1186377728;22138880;1384910848;0;0;0;0;0;0;0;0;0;0;0;3757;0;0;125;0;42;0;
21324;5418542;1186377728;22138880;1384910848;0;0;0;0;0;0;0;0;0;0;0;3096;0;0;125;0;42;0;
21325;4418767;1186377728;22138880;1384910848;0;0;0;0;0;0;0;0;0;0;0;3416;0;0;125;0;42;0;
21326;5770061;1186377728;22138880;1384910848;0;0;0;0;0;0;0;0;0;0;0;3076;0;0;125;0;42;0;
21327;4046709;1186377728;22138880;1384910848;0;0;0;0;0;0;0;0;0;0;0;3517;0;0;125;0;42;0;
21328;5173061;1186377728;22138880;1384910848;0;0;0;0;0;0;0;0;0;0;0;3246;0;0;125;0;42;0;
21329;4688273;1186377728;22138880;1384910848;0;0;0;0;0;0;0;0;0;0;0;4879;0;0;125;0;42;0;
21330;5255606;1186377728;22138880;1384910848;0;0;0;0;0;0;0;0;0;0;0;3115;0;0;125;0;42;0;
21331;4503937;1186377728;22138880;1384910848;0;0;0;0;0;0;0;0;0;0;0;3586;0;0;125;0;42;0;
21332;5236030;1186377728;22138880;1384910848;0;0;0;0;0;0;0;0;0;0;0;3437;0;0;125;0;42;0;
21333;4387859;1186377728;22138880;1384910848;0;0;0;0;0;0;0;0;0;0;0;3957;0;0;125;0;42;0;
21334;5498411;1186377728;22138880;1384910848;0;0;0;0;0;0;0;0;0;0;0;2806;0;0;125;0;42;0;
21335;4232818;1186377728;22138880;1384910848;0;0;0;0;0;0;0;0;0;0;0;4669;0;0;125;0;42;0;
21336;6147279;1186377728;22138880;1384910848;0;0;0;0;0;0;0;0;0;0;0;3417;0;0;125;0;42;0;
21337;5009084;1186377728;22138880;1384910848;0;0;0;0;0;0;0;0;0;0;0;4058;0;0;125;0;42;0;
21338;5306622;1186377728;22138880;1384910848;0;0;0;0;0;0;0;0;0;0;0;3236;0;0;125;0;42;0;
21339;5374359;1186377728;22138880;1384910848;0;0;0;0;0;0;0;0;0;0;0;3987;0;0;125;0;42;0;
21340;5946502;1186377728;22138880;1384910848;0;0;0;0;0;0;0;0;0;0;0;3176;0;0;125;0;42;0;
21341;4414338;1186377728;22138880;1384910848;0;0;0;0;0;0;0;0;0;0;0;3486;0;0;125;0;42;0;
21342;6452922;1186377728;22138880;1384910848;0;0;0;0;0;0;0;0;0;0;0;3456;0;0;125;0;42;0;
21343;5663932;1186377728;22138880;1384910848;0;0;0;0;0;0;0;0;0;0;0;3286;0;0;125;0;42;0;
21344;5453277;1186377728;22138880;1384910848;0;0;0;0;0;0;0;0;0;0;0;3507;0;0;125;0;42;0;
21345;4781086;1186377728;22138880;1384910848;0;0;0;0;0;0;0;0;0;0;0;3787;0;0;125;0;42;0;
21346;5157021;1186377728;22138880;1384910848;0;0;0;0;0;0;0;0;0;0;0;2965;0;0;125;0;42;0;
21347;4610497;1186377728;22138880;1384910848;0;0;0;0;0;0;0;0;0;0;0;4138;0;0;125;0;42;0;
21348;6261643;1186377728;22138880;1384910848;0;0;0;0;0;0;0;0;0;0;0;3747;0;0;125;0;42;0;
21349;4540265;1186377728;22138880;1384910848;0;0;0;0;0;0;0;0;0;0;0;3496;0;0;125;0;42;0;
21350;5127275;1186377728;22138880;1384910848;0;0;0;0;0;0;0;0;0;0;0;3115;0;0;125;0;42;0;
21351;5329936;1186377728;22138880;1384910848;0;0;0;0;0;0;0;0;0;0;0;4258;0;0;125;0;42;0;
21352;5769560;1186377728;22138880;1384910848;0;0;0;0;0;0;0;0;0;0;0;3627;0;0;125;0;42;0;
21353;4735651;1186377728;22138880;1384910848;0;0;0;0;0;0;0;0;0;0;0;3406;0;0;125;0;42;0;
21354;5360372;1186377728;22138880;1384910848;0;0;0;0;0;0;0;0;0;0;0;2795;0;0;125;0;42;0;
21355;5085617;1186377728;22138880;1384910848;0;0;0;0;0;0;0;0;0;0;0;3757;0;0;125;0;42;0;
21356;5177360;1186377728;22138880;1384910848;0;0;0;0;0;0;0;0;0;0;0;3317;0;0;125;0;42;0;
21357;5283628;1186377728;22138880;1384910848;0;0;0;0;0;0;0;0;0;0;0;3516;0;0;125;0;42;0;
21358;5559957;1186377728;22138880;1384910848;0;0;0;0;0;0;0;0;0;0;0;2805;0;0;125;0;42;0;
21359;4436711;1186377728;22138880;1384910848;0;0;0;0;0;0;0;0;0;0;0;3377;0;0;125;0;42;0;
21360;5346296;1186377728;22138880;1384910848;0;0;0;0;0;0;0;0;0;0;0;3126;0;0;125;0;42;0;
21361;5069517;1186377728;22138880;1384910848;0;0;0;0;0;0;0;0;0;0;0;3948;0;0;125;0;42;0;
21362;5771825;1186377728;22138880;1384910848;0;0;0;0;0;0;0;0;0;0;0;3276;0;0;125;0;42;0;
21363;4621256;1186377728;22138880;1384910848;0;0;0;0;0;0;0;0;0;0;0;3536;0;0;125;0;42;0;
21364;6066637;1186377728;22138880;1384910848;0;0;0;0;0;0;0;0;0;0;0;3496;0;0;125;0;42;0;
21365;5092190;1186377728;22138880;1384910848;0;0;0;0;0;0;0;0;0;0;0;3567;0;0;125;0;42;0;
21366;5141812;1186377728;22138880;1384910848;0;0;0;0;0;0;0;0;0;0;0;2815;0;0;125;0;42;0;
21367;6909257;1186377728;22138880;1384910848;0;0;0;0;0;0;0;0;0;0;0;7214;0;0;125;0;42;0;
21368;5775421;1186377728;22138880;1384910848;0;0;0;0;0;0;0;0;0;0;0;4989;0;0;125;0;42;0;
21369;6730712;1186377728;22138880;1384910848;0;0;0;0;0;0;0;0;0;0;0;3987;0;0;125;0;42;0;
21370;5139439;1186377728;22138880;1384910848;0;0;0;0;0;0;0;0;0;0;0;3937;0;0;125;0;42;0;
21371;3248913;1186377728;22138880;1384910848;0;0;0;0;0;0;0;0;0;0;0;3797;0;0;125;0;42;0;
21372;5291423;1186377728;22138880;1384910848;0;0;0;0;0;0;0;0;0;0;0;3918;0;0;125;0;42;0;
21373;3554345;1186377728;22138880;1384910848;0;0;0;0;0;0;0;0;0;0;0;3016;0;0;125;0;42;0;
21374;4723478;1186377728;22138880;1384910848;0;0;0;0;0;0;0;0;0;0;0;3697;0;0;125;0;42;0;
21375;3376913;1186377728;22138880;1384910848;0;0;0;0;0;0;0;0;0;0;0;3677;0;0;125;0;42;0;
21376;4809459;1186377728;22138880;1384910848;0;0;0;0;0;0;0;0;0;0;0;2524;0;0;125;0;42;0;
21377;4274847;1186377728;22138880;1384910848;0;0;0;0;0;0;0;0;0;0;0;3377;0;0;125;0;42;0;
21378;4708190;1186377728;22138880;1384910848;0;0;0;0;0;0;0;0;0;0;0;3146;0;0;125;0;42;0;
21379;2880652;1186377728;22138880;1384910848;0;0;0;0;0;0;0;0;0;0;0;4178;0;0;125;0;42;0;
21380;4606409;1186377728;22138880;1384910848;0;0;0;0;0;0;0;0;0;0;0;3036;0;0;125;0;42;0;
21381;3527595;1186377728;22138880;1384910848;0;0;0;0;0;0;0;0;0;0;0;4058;0;0;125;0;42;0;
21382;5197036;1186377728;22138880;1384910848;0;0;0;0;0;0;0;0;0;0;0;3586;0;0;125;0;42;0;
21383;3442336;1186377728;22138880;1384910848;0;0;0;0;0;0;0;0;0;0;0;3237;0;0;125;0;42;0;
21384;5275053;1186377728;22138880;1384910848;0;0;0;0;0;0;0;0;0;0;0;3005;0;0;125;0;42;0;
21385;3498010;1186377728;22138880;1384910848;0;0;0;0;0;0;0;0;0;0;0;3677;0;0;125;0;42;0;
21386;4878790;1186377728;22138880;1384910848;0;0;0;0;0;0;0;0;0;0;0;3256;0;0;125;0;42;0;
21387;3676715;1186377728;22138880;1384910848;0;0;0;0;0;0;0;0;0;0;0;3877;0;0;125;0;42;0;
21388;4856548;1186377728;22138880;1384910848;0;0;0;0;0;0;0;0;0;0;0;2976;0;0;125;0;42;0;
21389;4015841;1186377728;22138880;1384910848;0;0;0;0;0;0;0;0;0;0;0;4238;0;0;125;0;42;0;
21390;5016848;1186377728;22138880;1384910848;0;0;0;0;0;0;0;0;0;0;0;2565;0;0;125;0;42;0;
21391;3363287;1186377728;22138880;1384910848;0;0;0;0;0;0;0;0;0;0;0;2655;0;0;125;0;42;0;
21392;4950644;1186377728;22138880;1384910848;0;0;0;0;0;0;0;0;0;0;0;2325;0;0;125;0;42;0;
21393;5172160;1186377728;22138880;1384910848;0;0;0;0;0;0;0;0;0;0;0;3597;0;0;125;0;42;0;
21394;5085798;1186377728;22138880;1384910848;0;0;0;0;0;0;0;0;0;0;0;2264;0;0;125;0;42;0;
21395;4680899;1186377728;22138880;1384910848;0;0;0;0;0;0;0;0;0;0;0;3036;0;0;125;0;42;0;
21396;5669383;1186377728;22138880;1384910848;0;0;0;0;0;0;0;0;0;0;0;2675;0;0;125;0;42;0;
21397;4413187;1186377728;22138880;1384910848;0;0;0;0;0;0;0;0;0;0;0;4668;0;0;125;0;42;0;
21398;5181938;1186377728;22138880;1384910848;0;0;0;0;0;0;0;0;0;0;0;3045;0;0;125;0;42;0;
21399;5812531;1186377728;22138880;1384910848;0;0;0;0;0;0;0;0;0;0;0;5039;0;0;125;0;42;0;
21400;6521290;1186377728;22138880;1384910848;0;0;0;0;0;0;0;0;0;0;0;3928;0;0;125;0;42;0;
21401;4445928;1186377728;22138880;1384910848;0;0;0;0;0;0;0;0;0;0;0;3366;0;0;125;0;42;0;
21402;5794287;1186377728;22138880;1384910848;0;0;0;0;0;0;0;0;0;0;0;2355;0;0;125;0;42;0;
21403;4208232;1186377728;22138880;1384910848;0;0;0;0;0;0;0;0;0;0;0;3366;0;0;125;0;42;0;
21404;5259393;1186377728;22138880;1384910848;0;0;0;0;0;0;0;0;0;0;0;2023;0;0;125;0;42;0;
21405;3992087;1186377728;22138880;1384910848;0;0;0;0;0;0;0;0;0;0;0;3186;0;0;125;0;42;0;
21406;5462364;1186377728;22138880;1384910848;0;0;0;0;0;0;0;0;0;0;0;2695;0;0;125;0;42;0;
21407;4413487;1186377728;22138880;1384910848;0;0;0;0;0;0;0;0;0;0;0;3146;0;0;125;0;42;0;
21408;5559195;1186377728;22138880;1384910848;0;0;0;0;0;0;0;0;0;0;0;2304;0;0;125;0;42;0;
21409;5124611;1186377728;22138880;1384910848;0;0;0;0;0;0;0;0;0;0;0;3676;0;0;125;0;42;0;
21410;5079827;1186377728;22138880;1384910848;0;0;0;0;0;0;0;0;0;0;0;3116;0;0;125;0;42;0;
21411;4015701;1186377728;22138880;1384910848;0;0;0;0;0;0;0;0;0;0;0;2925;0;0;125;0;42;0;
21412;5462695;1186377728;22138880;1384910848;0;0;0;0;0;0;0;0;0;0;0;8086;0;0;125;0;42;0;
21413;4327335;1186377728;22138880;1384910848;0;0;0;0;0;0;0;0;0;0;0;3206;0;0;125;0;42;0;
21414;5165407;1186377728;22138880;1384910848;0;0;0;0;0;0;0;0;0;0;0;2765;0;0;125;0;42;0;
21415;4523263;1186377728;22138880;1384910848;0;0;0;0;0;0;0;0;0;0;0;2946;0;0;125;0;42;0;
21416;5190353;1186377728;22138880;1384910848;0;0;0;0;0;0;0;0;0;0;0;2374;0;0;125;0;42;0;
21417;3768387;1186377728;22138880;1384910848;0;0;0;0;0;0;0;0;0;0;0;3066;0;0;125;0;42;0;
21418;5121465;1186377728;22138880;1384910848;0;0;0;0;0;0;0;0;0;0;0;2033;0;0;125;0;42;0;
21419;3855540;1186377728;22138880;1384910848;0;0;0;0;0;0;0;0;0;0;0;3306;0;0;125;0;42;0;
21420;4878399;1186377728;22138880;1384910848;0;0;0;0;0;0;0;0;0;0;0;2264;0;0;125;0;42;0;
21421;3694288;1186377728;22138880;1384910848;0;0;0;0;0;0;0;0;0;0;0;2766;0;0;125;0;42;0;
21422;4764556;1186377728;22138880;1384910848;0;0;0;0;0;0;0;0;0;0;0;2725;0;0;125;0;42;0;
21423;4192693;1186377728;22138880;1384910848;0;0;0;0;0;0;0;0;0;0;0;3476;0;0;125;0;42;0;
21424;4784252;1186377728;22138880;1384910848;0;0;0;0;0;0;0;0;0;0;0;2785;0;0;125;0;42;0;
21425;4597252;1186377728;22138880;1384910848;0;0;0;0;0;0;0;0;0;0;0;3586;0;0;125;0;42;0;
21426;4902955;1186377728;22138880;1384910848;0;0;0;0;0;0;0;0;0;0;0;2475;0;0;125;0;42;0;
21427;4494779;1186377728;22138880;1384910848;0;0;0;0;0;0;0;0;0;0;0;3427;0;0;125;0;42;0;
21428;5715458;1186377728;22138880;1384910848;0;0;0;0;0;0;0;0;0;0;0;1984;0;0;125;0;42;0;
21429;4086754;1186377728;22138880;1384910848;0;0;0;0;0;0;0;0;0;0;0;2725;0;0;125;0;42;0;
21430;5335116;1186377728;22138880;1384910848;0;0;0;0;0;0;0;0;0;0;0;2554;0;0;125;0;42;0;
21431;3960177;1186377728;22138880;1384910848;0;0;0;0;0;0;0;0;0;0;0;2505;0;0;125;0;42;0;
21432;5042927;1186377728;22138880;1384910848;0;0;0;0;0;0;0;0;0;0;0;2324;0;0;125;0;42;0;
21433;4331172;1186377728;22138880;1384910848;0;0;0;0;0;0;0;0;0;0;0;3527;0;0;125;0;42;0;
21434;5331479;1186377728;22138880;1384910848;0;0;0;0;0;0;0;0;0;0;0;2314;0;0;125;0;42;0;
21435;4212100;1186377728;22138880;1384910848;0;0;0;0;0;0;0;0;0;0;0;3567;0;0;125;0;42;0;
21436;4850106;1186377728;22138880;1384910848;0;0;0;0;0;0;0;0;0;0;0;2655;0;0;125;0;42;0;
21437;4481304;1186377728;22138880;1384910848;0;0;0;0;0;0;0;0;0;0;0;3236;0;0;125;0;42;0;
21438;5121935;1186377728;22138880;1384910848;0;0;0;0;0;0;0;0;0;0;0;3066;0;0;125;0;42;0;
21439;4320422;1186377728;22138880;1384910848;0;0;0;0;0;0;0;0;0;0;0;3066;0;0;125;0;42;0;
21440;4838284;1186377728;22138880;1384910848;0;0;0;0;0;0;0;0;0;0;0;2855;0;0;125;0;42;0;
21441;4391516;1186377728;22138880;1384910848;0;0;0;0;0;0;0;0;0;0;0;3506;0;0;125;0;42;0;
21442;4932300;1186377728;22138880;1384910848;0;0;0;0;0;0;0;0;0;0;0;2876;0;0;125;0;42;0;
21443;4126809;1186377728;22138880;1384910848;0;0;0;0;0;0;0;0;0;0;0;2845;0;0;125;0;42;0;
21444;4892325;1186377728;22138880;1384910848;0;0;0;0;0;0;0;0;0;0;0;2946;0;0;125;0;42;0;
21445;4639310;1186377728;22138880;1384910848;0;0;0;0;0;0;0;0;0;0;0;3898;0;0;125;0;42;0;
21446;4800283;1186377728;22138880;1384910848;0;0;0;0;0;0;0;0;0;0;0;2655;0;0;125;0;42;0;
21447;4896032;1186377728;22138880;1384910848;0;0;0;0;0;0;0;0;0;0;0;3747;0;0;125;0;42;0;
21448;5679371;1186377728;22138880;1384910848;0;0;0;0;0;0;0;0;0;0;0;3406;0;0;125;0;42;0;
21449;4075463;1186377728;22138880;1384910848;0;0;0;0;0;0;0;0;0;0;0;4028;0;0;125;0;42;0;
21450;4873399;1186377728;22138880;1384910848;0;0;0;0;0;0;0;0;0;0;0;2334;0;0;125;0;42;0;
21451;5347568;1186377728;22138880;1384910848;0;0;0;0;0;0;0;0;0;0;0;4308;0;0;125;0;42;0;
21452;5397673;1186377728;22138880;1384910848;0;0;0;0;0;0;0;0;0;0;0;3466;0;0;125;0;42;0;
21453;4752773;1186377728;22138880;1384910848;0;0;0;0;0;0;0;0;0;0;0;3947;0;0;125;0;42;0;
21454;5279812;1186377728;22138880;1384910848;0;0;0;0;0;0;0;0;0;0;0;3476;0;0;125;0;42;0;
21455;5688187;1186377728;22138880;1384910848;0;0;0;0;0;0;0;0;0;0;0;5360;0;0;125;0;42;0;
21456;6055236;1186377728;22138880;1384910848;0;0;0;0;0;0;0;0;0;0;0;5320;0;0;125;0;42;0;
21457;4729370;1186377728;22138880;1384910848;0;0;0;0;0;0;0;0;0;0;0;6201;0;0;125;0;42;0;
21458;5728373;1186377728;22138880;1384910848;0;0;0;0;0;0;0;0;0;0;0;6372;0;0;125;0;42;0;
21459;5335446;1186377728;22138880;1384910848;0;0;0;0;0;0;0;0;0;0;0;6282;0;0;125;0;42;0;
21460;5442887;1186377728;22138880;1384910848;0;0;0;0;0;0;0;0;0;0;0;4068;0;0;125;0;42;0;
21461;3951901;1186377728;22138880;1384910848;0;0;0;0;0;0;0;0;0;0;0;3657;0;0;125;0;42;0;
21462;4839956;1186377728;22138880;1384910848;0;0;0;0;0;0;0;0;0;0;0;3236;0;0;125;0;42;0;
21463;3887410;1186377728;22138880;1384910848;0;0;0;0;0;0;0;0;0;0;0;3447;0;0;125;0;42;0;
21464;5114352;1186377728;22138880;1384910848;0;0;0;0;0;0;0;0;0;0;0;2976;0;0;125;0;42;0;
21465;4055907;1186377728;22138880;1384910848;0;0;0;0;0;0;0;0;0;0;0;3286;0;0;125;0;42;0;
21466;4794732;1186377728;22138880;1384910848;0;0;0;0;0;0;0;0;0;0;0;3587;0;0;125;0;42;0;
21467;3994881;1186377728;22138880;1384910848;0;0;0;0;0;0;0;0;0;0;0;3757;0;0;125;0;42;0;
21468;4999917;1186377728;22138880;1384910848;0;0;0;0;0;0;0;0;0;0;0;2835;0;0;125;0;42;0;
21469;3940069;1186377728;22138880;1384910848;0;0;0;0;0;0;0;0;0;0;0;3717;0;0;125;0;42;0;
21470;5175516;1186377728;22138880;1384910848;0;0;0;0;0;0;0;0;0;0;0;2715;0;0;125;0;42;0;
21471;4619613;1186377728;22138880;1384910848;0;0;0;0;0;0;0;0;0;0;0;4658;0;0;125;0;42;0;
21472;6615336;1186377728;22138880;1384910848;0;0;0;0;0;0;0;0;0;0;0;4308;0;0;125;0;42;0;
21473;4157316;1186377728;22138880;1384910848;0;0;0;0;0;0;0;0;0;0;0;3767;0;0;125;0;42;0;
21474;4926459;1186377728;22138880;1384910848;0;0;0;0;0;0;0;0;0;0;0;2445;0;0;125;0;42;0;
21475;4145815;1186377728;22138880;1384910848;0;0;0;0;0;0;0;0;0;0;0;2565;0;0;125;0;42;0;
21476;5190684;1186377728;22138880;1384910848;0;0;0;0;0;0;0;0;0;0;0;3297;0;0;125;0;42;0;
21477;4483378;1186377728;22138880;1384910848;0;0;0;0;0;0;0;0;0;0;0;3697;0;0;125;0;42;0;
21478;5407752;1186377728;22138880;1384910848;0;0;0;0;0;0;0;0;0;0;0;2946;0;0;125;0;42;0;
21479;3939017;1186377728;22138880;1384910848;0;0;0;0;0;0;0;0;0;0;0;3346;0;0;125;0;42;0;
21480;5130652;1186377728;22138880;1384910848;0;0;0;0;0;0;0;0;0;0;0;3126;0;0;125;0;42;0;
21481;3848096;1186377728;22138880;1384910848;0;0;0;0;0;0;0;0;0;0;0;3286;0;0;125;0;42;0;
21482;5769750;1186377728;22138880;1384910848;0;0;0;0;0;0;0;0;0;0;0;3477;0;0;125;0;42;0;
21483;4810542;1186377728;22138880;1384910848;0;0;0;0;0;0;0;0;0;0;0;4038;0;0;125;0;42;0;
21484;5549057;1186377728;22138880;1384910848;0;0;0;0;0;0;0;0;0;0;0;3677;0;0;125;0;42;0;
21485;4167977;1186377728;22138880;1384910848;0;0;0;0;0;0;0;0;0;0;0;3507;0;0;125;0;42;0;
21486;5143877;1186377728;22138880;1384910848;0;0;0;0;0;0;0;0;0;0;0;2675;0;0;125;0;42;0;
21487;3734433;1186377728;22138880;1384910848;0;0;0;0;0;0;0;0;0;0;0;3556;0;0;125;0;42;0;
21488;4843213;1186377728;22138880;1384910848;0;0;0;0;0;0;0;0;0;0;0;2855;0;0;125;0;42;0;
21489;4276359;1186377728;22138880;1384910848;0;0;0;0;0;0;0;0;0;0;0;2835;0;0;125;0;42;0;
21490;4578085;1186377728;22138880;1384910848;0;0;0;0;0;0;0;0;0;0;0;2826;0;0;125;0;42;0;
21491;3317392;1186377728;22138880;1384910848;0;0;0;0;0;0;0;0;0;0;0;3216;0;0;125;0;42;0;
21492;4773042;1186377728;22138880;1384910848;0;0;0;0;0;0;0;0;0;0;0;2916;0;0;125;0;42;0;
21493;5106567;1186377728;22138880;1384910848;0;0;0;0;0;0;0;0;0;0;0;4519;0;0;125;0;42;0;
21494;11270357;1186377728;22138880;1384910848;0;0;0;0;0;0;0;0;0;0;0;3496;0;0;125;0;42;0;
21495;4821121;1186377728;22138880;1384910848;0;0;0;0;0;0;0;0;0;0;0;4308;0;0;125;0;42;0;
21496;5673951;1186377728;22138880;1384910848;0;0;0;0;0;0;0;0;0;0;0;3616;0;0;125;0;42;0;
21497;4641435;1186377728;22138880;1384910848;0;0;0;0;0;0;0;0;0;0;0;3907;0;0;125;0;42;0;
21498;5568012;1186377728;22138880;1384910848;0;0;0;0;0;0;0;0;0;0;0;3717;0;0;125;0;42;0;
21499;4358965;1186377728;22138880;1384910848;0;0;0;0;0;0;0;0;0;0;0;3917;0;0;125;0;42;0;
21500;5223656;1186377728;22138880;1384910848;0;0;0;0;0;0;0;0;0;0;0;3436;0;0;125;0;42;0;
21501;4583937;1186377728;22138880;1384910848;0;0;0;0;0;0;0;0;0;0;0;4187;0;0;125;0;42;0;
21502;5750274;1186377728;22138880;1384910848;0;0;0;0;0;0;0;0;0;0;0;4388;0;0;125;0;42;0;
21503;4225575;1186377728;22138880;1384910848;0;0;0;0;0;0;0;0;0;0;0;4539;0;0;125;0;42;0;
21504;5078995;1186377728;22138880;1384910848;0;0;0;0;0;0;0;0;0;0;0;3667;0;0;125;0;42;0;
21505;4897986;1186377728;22138880;1384910848;0;0;0;0;0;0;0;0;0;0;0;4067;0;0;125;0;42;0;
21506;5669112;1186377728;22138880;1384910848;0;0;0;0;0;0;0;0;0;0;0;3717;0;0;125;0;42;0;
21507;5043168;1186377728;22138880;1384910848;0;0;0;0;0;0;0;0;0;0;0;3978;0;0;125;0;42;0;
21508;5745174;1186377728;22138880;1384910848;0;0;0;0;0;0;0;0;0;0;0;3496;0;0;125;0;42;0;
21509;4595047;1186377728;22138880;1384910848;0;0;0;0;0;0;0;0;0;0;0;3236;0;0;125;0;42;0;
21510;4850546;1186377728;22138880;1384910848;0;0;0;0;0;0;0;0;0;0;0;2756;0;0;125;0;42;0;
21511;3498531;1186377728;22138880;1384910848;0;0;0;0;0;0;0;0;0;0;0;3286;0;0;125;0;42;0;
21512;5065290;1186377728;22138880;1384910848;0;0;0;0;0;0;0;0;0;0;0;3236;0;0;125;0;42;0;
21513;3436365;1186377728;22138880;1384910848;0;0;0;0;0;0;0;0;0;0;0;2955;0;0;125;0;42;0;
21514;4809300;1186377728;22138880;1384910848;0;0;0;0;0;0;0;0;0;0;0;2505;0;0;125;0;42;0;
21515;3830243;1186377728;22138880;1384910848;0;0;0;0;0;0;0;0;0;0;0;2695;0;0;125;0;42;0;
21516;5214348;1186377728;22138880;1384910848;0;0;0;0;0;0;0;0;0;0;0;2985;0;0;125;0;42;0;
21517;3421527;1186377728;22138880;1384910848;0;0;0;0;0;0;0;0;0;0;0;3306;0;0;125;0;42;0;
21518;5841785;1186377728;22138880;1384910848;0;0;0;0;0;0;0;0;0;0;0;3066;0;0;125;0;42;0;
21519;5180545;1186377728;22138880;1384910848;0;0;0;0;0;0;0;0;0;0;0;4128;0;0;125;0;42;0;
21520;5405187;1186377728;22138880;1384910848;0;0;0;0;0;0;0;0;0;0;0;2986;0;0;125;0;42;0;
21521;4423787;1186377728;22138880;1384910848;0;0;0;0;0;0;0;0;0;0;0;3687;0;0;125;0;42;0;
21522;5690441;1186377728;22138880;1384910848;0;0;0;0;0;0;0;0;0;0;0;3536;0;0;125;0;42;0;
21523;4791416;1186377728;22138880;1384910848;0;0;0;0;0;0;0;0;0;0;0;3998;0;0;125;0;42;0;
21524;5184363;1186377728;22138880;1384910848;0;0;0;0;0;0;0;0;0;0;0;2955;0;0;125;0;42;0;
21525;3451402;1186377728;22138880;1384910848;0;0;0;0;0;0;0;0;0;0;0;2665;0;0;125;0;42;0;
21526;5819975;1186377728;22138880;1384910848;0;0;0;0;0;0;0;0;0;0;0;2594;0;0;125;0;42;0;
21527;2914155;1186377728;22138880;1384910848;0;0;0;0;0;0;0;0;0;0;0;3086;0;0;125;0;42;0;
21528;5037788;1186377728;22138880;1384910848;0;0;0;0;0;0;0;0;0;0;0;2244;0;0;125;0;42;0;
21529;4037983;1186377728;22138880;1384910848;0;0;0;0;0;0;0;0;0;0;0;2966;0;0;125;0;42;0;
21530;4704903;1186377728;22138880;1384910848;0;0;0;0;0;0;0;0;0;0;0;2344;0;0;125;0;42;0;
21531;3851984;1186377728;22138880;1384910848;0;0;0;0;0;0;0;0;0;0;0;2975;0;0;125;0;42;0;
21532;5150249;1186377728;22138880;1384910848;0;0;0;0;0;0;0;0;0;0;0;2935;0;0;125;0;42;0;
21533;3459167;1186377728;22138880;1384910848;0;0;0;0;0;0;0;0;0;0;0;3868;0;0;125;0;42;0;
21534;6168839;1191645184;34295808;1397067776;0;0;0;0;0;0;0;0;0;0;0;3286;0;0;125;0;42;0;
21535;3987308;1191645184;34295808;1397067776;0;0;0;0;0;0;0;0;0;0;0;3346;0;0;125;0;42;0;
21536;5242472;1191645184;34295808;1397067776;0;0;0;0;0;0;0;0;0;0;0;2325;0;0;125;0;42;0;
21537;4014319;1191645184;34295808;1397067776;0;0;0;0;0;0;0;0;0;0;0;2775;0;0;125;0;42;0;
21538;5068886;1191645184;34295808;1397067776;0;0;0;0;0;0;0;0;0;0;0;2334;0;0;125;0;42;0;
21539;3305339;1191645184;34295808;1397067776;0;0;0;0;0;0;0;0;0;0;0;3096;0;0;125;0;42;0;
21540;5150890;1191645184;34295808;1397067776;0;0;0;0;0;0;0;0;0;0;0;3085;0;0;125;0;42;0;
21541;3981076;1191645184;34295808;1397067776;0;0;0;0;0;0;0;0;0;0;0;3066;0;0;125;0;42;0;
21542;5070439;1191645184;34295808;1397067776;0;0;0;0;0;0;0;0;0;0;0;2745;0;0;125;0;42;0;
21543;3574804;1191645184;34295808;1397067776;0;0;0;0;0;0;0;0;0;0;0;3537;0;0;125;0;42;0;
21544;5209610;1191645184;34295808;1397067776;0;0;0;0;0;0;0;0;0;0;0;3347;0;0;125;0;42;0;
21545;3908199;1191645184;34295808;1397067776;0;0;0;0;0;0;0;0;0;0;0;3426;0;0;125;0;42;0;
21546;4772511;1191645184;34295808;1397067776;0;0;0;0;0;0;0;0;0;0;0;2675;0;0;125;0;42;0;
21547;3942534;1191645184;34295808;1397067776;0;0;0;0;0;0;0;0;0;0;0;3566;0;0;125;0;42;0;
21548;5002432;1191645184;34295808;1397067776;0;0;0;0;0;0;0;0;0;0;0;2695;0;0;125;0;42;0;
21549;3942133;1191645184;34295808;1397067776;0;0;0;0;0;0;0;0;0;0;0;3958;0;0;125;0;42;0;
21550;4743817;1191645184;34295808;1397067776;0;0;0;0;0;0;0;0;0;0;0;2755;0;0;125;0;42;0;
21551;5658341;1191645184;34295808;1397067776;0;0;0;0;0;0;0;0;0;0;0;5120;0;0;125;0;42;0;
21552;5998330;1191645184;34295808;1397067776;0;0;0;0;0;0;0;0;0;0;0;3607;0;0;125;0;42;0;
21553;5308566;1191645184;34295808;1397067776;0;0;0;0;0;0;0;0;0;0;0;3877;0;0;125;0;42;0;
21554;5494404;1191645184;34295808;1397067776;0;0;0;0;0;0;0;0;0;0;0;3868;0;0;125;0;42;0;
21555;3626361;1191645184;34295808;1397067776;0;0;0;0;0;0;0;0;0;0;0;3276;0;0;125;0;42;0;
21556;5248714;1191645184;34295808;1397067776;0;0;0;0;0;0;0;0;0;0;0;2915;0;0;125;0;42;0;
21557;4126539;1191645184;34295808;1397067776;0;0;0;0;0;0;0;0;0;0;0;2866;0;0;125;0;42;0;
21558;6442923;1195839488;34295808;1397067776;0;0;0;0;0;0;0;0;0;0;0;4048;0;0;125;0;42;0;
21559;4533021;1195839488;34295808;1397067776;0;0;0;0;0;0;0;0;0;0;0;3998;0;0;125;0;42;0;
21560;6232177;1195839488;34295808;1397067776;0;0;0;0;0;0;0;0;0;0;0;3677;0;0;125;0;42;0;
21561;5430775;1195839488;34295808;1397067776;0;0;0;0;0;0;0;0;0;0;0;4038;0;0;125;0;42;0;
21562;5245497;1195839488;34295808;1397067776;0;0;0;0;0;0;0;0;0;0;0;3246;0;0;125;0;42;0;
21563;4969038;1195839488;34295808;1397067776;0;0;0;0;0;0;0;0;0;0;0;4668;0;0;125;0;42;0;
21564;5279502;1195839488;34295808;1397067776;0;0;0;0;0;0;0;0;0;0;0;3687;0;0;125;0;42;0;
21565;4589377;1195839488;34295808;1397067776;0;0;0;0;0;0;0;0;0;0;0;3987;0;0;125;0;42;0;
21566;5321590;1195839488;34295808;1397067776;0;0;0;0;0;0;0;0;0;0;0;3406;0;0;125;0;42;0;
21567;5300069;1195839488;34295808;1397067776;0;0;0;0;0;0;0;0;0;0;0;4208;0;0;125;0;42;0;
21568;5203659;1195839488;34295808;1397067776;0;0;0;0;0;0;0;0;0;0;0;3547;0;0;125;0;42;0;
21569;3323453;1195839488;34295808;1397067776;0;0;0;0;0;0;0;0;0;0;0;3306;0;0;125;0;42;0;
21570;5032829;1195839488;34295808;1397067776;0;0;0;0;0;0;0;0;0;0;0;3206;0;0;125;0;42;0;
21571;3931463;1195839488;34295808;1397067776;0;0;0;0;0;0;0;0;0;0;0;2625;0;0;125;0;42;0;
21572;4918644;1195839488;34295808;1397067776;0;0;0;0;0;0;0;0;0;0;0;2705;0;0;125;0;42;0;
21573;4036079;1195839488;34295808;1397067776;0;0;0;0;0;0;0;0;0;0;0;3086;0;0;125;0;42;0;
21574;4649971;1195839488;34295808;1397067776;0;0;0;0;0;0;0;0;0;0;0;2715;0;0;125;0;42;0;
21575;4639692;1195839488;34295808;1397067776;0;0;0;0;0;0;0;0;0;0;0;3977;0;0;125;0;42;0;
21576;4757402;1195839488;34295808;1397067776;0;0;0;0;0;0;0;0;0;0;0;2515;0;0;125;0;42;0;
21577;3306190;1195839488;34295808;1397067776;0;0;0;0;0;0;0;0;0;0;0;2996;0;0;125;0;42;0;
21578;4911902;1195839488;34295808;1397067776;0;0;0;0;0;0;0;0;0;0;0;2706;0;0;125;0;42;0;
21579;3238334;1195839488;34295808;1397067776;0;0;0;0;0;0;0;0;0;0;0;3186;0;0;125;0;42;0;
21580;5872914;1195839488;34295808;1397067776;0;0;0;0;0;0;0;0;0;0;0;2735;0;0;125;0;42;0;
21581;3336938;1195839488;34295808;1397067776;0;0;0;0;0;0;0;0;0;0;0;2905;0;0;125;0;42;0;
21582;5158244;1195839488;34295808;1397067776;0;0;0;0;0;0;0;0;0;0;0;3026;0;0;125;0;42;0;
21583;3413381;1195839488;34295808;1397067776;0;0;0;0;0;0;0;0;0;0;0;3236;0;0;125;0;42;0;
21584;5146922;1195839488;34295808;1397067776;0;0;0;0;0;0;0;0;0;0;0;3015;0;0;125;0;42;0;
21585;3408763;1195839488;34295808;1397067776;0;0;0;0;0;0;0;0;0;0;0;2885;0;0;125;0;42;0;
21586;5230870;1195839488;34295808;1397067776;0;0;0;0;0;0;0;0;0;0;0;3406;0;0;125;0;42;0;
21587;4265820;1195839488;34295808;1397067776;0;0;0;0;0;0;0;0;0;0;0;3466;0;0;125;0;42;0;
21588;5130302;1195839488;34295808;1397067776;0;0;0;0;0;0;0;0;0;0;0;3366;0;0;125;0;42;0;
21589;4778512;1195839488;34295808;1397067776;0;0;0;0;0;0;0;0;0;0;0;4108;0;0;125;0;42;0;
21590;5511937;1195839488;34295808;1397067776;0;0;0;0;0;0;0;0;0;0;0;3777;0;0;125;0;42;0;
21591;4854183;1195839488;34295808;1397067776;0;0;0;0;0;0;0;0;0;0;0;3576;0;0;125;0;42;0;
21592;5322442;1195839488;34295808;1397067776;0;0;0;0;0;0;0;0;0;0;0;3236;0;0;125;0;42;0;
21593;3822208;1195839488;34295808;1397067776;0;0;0;0;0;0;0;0;0;0;0;3206;0;0;125;0;42;0;
21594;4868731;1195839488;34295808;1397067776;0;0;0;0;0;0;0;0;0;0;0;3026;0;0;125;0;42;0;
21595;3173672;1195839488;34295808;1397067776;0;0;0;0;0;0;0;0;0;0;0;3506;0;0;125;0;42;0;
21596;4794632;1195839488;34295808;1397067776;0;0;0;0;0;0;0;0;0;0;0;1954;0;0;125;0;42;0;
21597;4003909;1195839488;34295808;1397067776;0;0;0;0;0;0;0;0;0;0;0;3457;0;0;125;0;42;0;
21598;5058316;1195839488;34295808;1397067776;0;0;0;0;0;0;0;0;0;0;0;3166;0;0;125;0;42;0;
21599;3554556;1195839488;34295808;1397067776;0;0;0;0;0;0;0;0;0;0;0;3526;0;0;125;0;42;0;
21600;4915919;1195839488;34295808;1397067776;0;0;0;0;0;0;0;0;0;0;0;2625;0;0;125;0;42;0;
21601;4442040;1195839488;34295808;1397067776;0;0;0;0;0;0;0;0;0;0;0;4539;0;0;125;0;42;0;
21602;4803388;1195839488;34295808;1397067776;0;0;0;0;0;0;0;0;0;0;0;2795;0;0;125;0;42;0;
21603;3623065;1195839488;34295808;1397067776;0;0;0;0;0;0;0;0;0;0;0;3256;0;0;125;0;42;0;
21604;4924736;1195839488;34295808;1397067776;0;0;0;0;0;0;0;0;0;0;0;2865;0;0;125;0;42;0;
21605;3853837;1195839488;34295808;1397067776;0;0;0;0;0;0;0;0;0;0;0;3797;0;0;125;0;42;0;
21606;4624502;1195839488;34295808;1397067776;0;0;0;0;0;0;0;0;0;0;0;2916;0;0;125;0;42;0;
21607;3529138;1195839488;34295808;1397067776;0;0;0;0;0;0;0;0;0;0;0;3096;0;0;125;0;42;0;
21608;5158283;1195839488;34295808;1397067776;0;0;0;0;0;0;0;0;0;0;0;2745;0;0;125;0;42;0;
21609;4262685;1195839488;34295808;1397067776;0;0;0;0;0;0;0;0;0;0;0;3446;0;0;125;0;42;0;
21610;4956245;1195839488;34295808;1397067776;0;0;0;0;0;0;0;0;0;0;0;2815;0;0;125;0;42;0;
21611;3501637;1195839488;34295808;1397067776;0;0;0;0;0;0;0;0;0;0;0;3337;0;0;125;0;42;0;
21612;4764125;1195839488;34295808;1397067776;0;0;0;0;0;0;0;0;0;0;0;2134;0;0;125;0;42;0;
21613;3216102;1195839488;34295808;1397067776;0;0;0;0;0;0;0;0;0;0;0;3797;0;0;125;0;42;0;
21614;4784393;1195839488;34295808;1397067776;0;0;0;0;0;0;0;0;0;0;0;2204;0;0;125;0;42;0;
21615;4944793;1195839488;34295808;1397067776;0;0;0;0;0;0;0;0;0;0;0;4408;0;0;125;0;42;0;
21616;5430114;1195839488;34295808;1397067776;0;0;0;0;0;0;0;0;0;0;0;3707;0;0;125;0;42;0;
21617;4839396;1195839488;34295808;1397067776;0;0;0;0;0;0;0;0;0;0;0;5089;0;0;125;0;42;0;
21618;5199521;1195839488;34295808;1397067776;0;0;0;0;0;0;0;0;0;0;0;4468;0;0;125;0;42;0;
21619;5034742;1195839488;34295808;1397067776;0;0;0;0;0;0;0;0;0;0;0;3927;0;0;125;0;42;0;
21620;4961144;1195839488;34295808;1397067776;0;0;0;0;0;0;0;0;0;0;0;2675;0;0;125;0;42;0;
21621;4127110;1195839488;34295808;1397067776;0;0;0;0;0;0;0;0;0;0;0;3116;0;0;125;0;42;0;
21622;4675548;1195839488;34295808;1397067776;0;0;0;0;0;0;0;0;0;0;0;2695;0;0;125;0;42;0;
21623;4371819;1195839488;34295808;1397067776;0;0;0;0;0;0;0;0;0;0;0;4769;0;0;125;0;42;0;
21624;5205251;1195839488;34295808;1397067776;0;0;0;0;0;0;0;0;0;0;0;3808;0;0;125;0;42;0;
21625;4952377;1195839488;34295808;1397067776;0;0;0;0;0;0;0;0;0;0;0;4198;0;0;125;0;42;0;
21626;5835484;1195839488;34295808;1397067776;0;0;0;0;0;0;0;0;0;0;0;3537;0;0;125;0;42;0;
21627;5161069;1195839488;34295808;1397067776;0;0;0;0;0;0;0;0;0;0;0;4218;0;0;125;0;42;0;
21628;5503171;1195839488;34295808;1397067776;0;0;0;0;0;0;0;0;0;0;0;3797;0;0;125;0;42;0;
21629;5293136;1195839488;34295808;1397067776;0;0;0;0;0;0;0;0;0;0;0;106660;0;0;125;0;42;0;
21630;5387895;1195839488;34295808;1397067776;0;0;0;0;0;0;0;0;0;0;0;3046;0;0;125;0;42;0;
21631;3672728;1195839488;34295808;1397067776;0;0;0;0;0;0;0;0;0;0;0;4118;0;0;125;0;42;0;
21632;5453958;1195839488;34295808;1397067776;0;0;0;0;0;0;0;0;0;0;0;3186;0;0;125;0;42;0;
21633;3767175;1195839488;34295808;1397067776;0;0;0;0;0;0;0;0;0;0;0;47228;0;0;125;0;42;0;
21634;4824197;1195839488;34295808;1397067776;0;0;0;0;0;0;0;0;0;0;0;2435;0;0;125;0;42;0;
21635;3553965;1195839488;34295808;1397067776;0;0;0;0;0;0;0;0;0;0;0;3126;0;0;125;0;42;0;
21636;5020255;1195839488;34295808;1397067776;0;0;0;0;0;0;0;0;0;0;0;2705;0;0;125;0;42;0;
21637;3813281;1195839488;34295808;1397067776;0;0;0;0;0;0;0;0;0;0;0;3426;0;0;125;0;42;0;
21638;4854514;1195839488;34295808;1397067776;0;0;0;0;0;0;0;0;0;0;0;3226;0;0;125;0;42;0;
21639;3537805;1195839488;34295808;1397067776;0;0;0;0;0;0;0;0;0;0;0;3867;0;0;125;0;42;0;
21640;4909046;1195839488;34295808;1397067776;0;0;0;0;0;0;0;0;0;0;0;3076;0;0;125;0;42;0;
21641;3658501;1195839488;34295808;1397067776;0;0;0;0;0;0;0;0;0;0;0;3446;0;0;125;0;42;0;
21642;5170316;1195839488;34295808;1397067776;0;0;0;0;0;0;0;0;0;0;0;2845;0;0;125;0;42;0;
21643;3832918;1195839488;34295808;1397067776;0;0;0;0;0;0;0;0;0;0;0;3977;0;0;125;0;42;0;
21644;5319245;1195839488;34295808;1397067776;0;0;0;0;0;0;0;0;0;0;0;3376;0;0;125;0;42;0;
21645;4464433;1195839488;34295808;1397067776;0;0;0;0;0;0;0;0;0;0;0;3978;0;0;125;0;42;0;
21646;5302374;1195839488;34295808;1397067776;0;0;0;0;0;0;0;0;0;0;0;3747;0;0;125;0;42;0;
21647;4698381;1195839488;34295808;1397067776;0;0;0;0;0;0;0;0;0;0;0;3797;0;0;125;0;42;0;
21648;5233474;1195839488;34295808;1397067776;0;0;0;0;0;0;0;0;0;0;0;3076;0;0;125;0;42;0;
21649;4628500;1195839488;34295808;1397067776;0;0;0;0;0;0;0;0;0;0;0;2876;0;0;125;0;42;0;
21650;5296353;1195839488;34295808;1397067776;0;0;0;0;0;0;0;0;0;0;0;2816;0;0;125;0;42;0;
21651;3683568;1195839488;34295808;1397067776;0;0;0;0;0;0;0;0;0;0;0;3156;0;0;125;0;42;0;
21652;4881835;1195839488;34295808;1397067776;0;0;0;0;0;0;0;0;0;0;0;2344;0;0;125;0;42;0;
21653;4945244;1195839488;34295808;1397067776;0;0;0;0;0;0;0;0;0;0;0;3437;0;0;125;0;42;0;
21654;5711692;1195839488;34295808;1397067776;0;0;0;0;0;0;0;0;0;0;0;3527;0;0;125;0;42;0;
21655;4649469;1195839488;34295808;1397067776;0;0;0;0;0;0;0;0;0;0;0;3797;0;0;125;0;42;0;
21656;5540631;1195839488;34295808;1397067776;0;0;0;0;0;0;0;0;0;0;0;3497;0;0;125;0;42;0;
21657;4749537;1195839488;34295808;1397067776;0;0;0;0;0;0;0;0;0;0;0;3847;0;0;125;0;42;0;
21658;5444160;1195839488;34295808;1397067776;0;0;0;0;0;0;0;0;0;0;0;3636;0;0;125;0;42;0;
21659;4277893;1195839488;34295808;1397067776;0;0;0;0;0;0;0;0;0;0;0;4979;0;0;125;0;42;0;
21660;5388966;1195839488;34295808;1397067776;0;0;0;0;0;0;0;0;0;0;0;3717;0;0;125;0;42;0;
21661;5461192;1195839488;34295808;1397067776;0;0;0;0;0;0;0;0;0;0;0;4107;0;0;125;0;42;0;
21662;6079902;1195839488;34295808;1397067776;0;0;0;0;0;0;0;0;0;0;0;3537;0;0;125;0;42;0;
21663;5341728;1195839488;34295808;1397067776;0;0;0;0;0;0;0;0;0;0;0;4408;0;0;125;0;42;0;
21664;5736408;1195839488;34295808;1397067776;0;0;0;0;0;0;0;0;0;0;0;3657;0;0;125;0;42;0;
21665;4656904;1195839488;34295808;1397067776;0;0;0;0;0;0;0;0;0;0;0;3617;0;0;125;0;42;0;
21666;6094249;1195839488;34295808;1397067776;0;0;0;0;0;0;0;0;0;0;0;3918;0;0;125;0;42;0;
21667;3795588;1195839488;34295808;1397067776;0;0;0;0;0;0;0;0;0;0;0;3296;0;0;125;0;42;0;
21668;4925297;1195839488;34295808;1397067776;0;0;0;0;0;0;0;0;0;0;0;2605;0;0;125;0;42;0;
21669;3014172;1195839488;34295808;1397067776;0;0;0;0;0;0;0;0;0;0;0;2756;0;0;125;0;42;0;
21670;5105345;1195839488;34295808;1397067776;0;0;0;0;0;0;0;0;0;0;0;2645;0;0;125;0;42;0;
21671;3252750;1195839488;34295808;1397067776;0;0;0;0;0;0;0;0;0;0;0;3316;0;0;125;0;42;0;
21672;4806945;1195839488;34295808;1397067776;0;0;0;0;0;0;0;0;0;0;0;2806;0;0;125;0;42;0;
21673;4053412;1195839488;34295808;1397067776;0;0;0;0;0;0;0;0;0;0;0;2775;0;0;125;0;42;0;
21674;5260014;1195839488;34295808;1397067776;0;0;0;0;0;0;0;0;0;0;0;2885;0;0;125;0;42;0;
21675;3665805;1195839488;34295808;1397067776;0;0;0;0;0;0;0;0;0;0;0;3206;0;0;125;0;42;0;
21676;4994707;1195839488;34295808;1397067776;0;0;0;0;0;0;0;0;0;0;0;2354;0;0;125;0;42;0;
21677;4188616;1195839488;34295808;1397067776;0;0;0;0;0;0;0;0;0;0;0;3296;0;0;125;0;42;0;
21678;5094173;1195839488;34295808;1397067776;0;0;0;0;0;0;0;0;0;0;0;2404;0;0;125;0;42;0;
21679;3603288;1195839488;34295808;1397067776;0;0;0;0;0;0;0;0;0;0;0;3026;0;0;125;0;42;0;
21680;4787649;1195839488;34295808;1397067776;0;0;0;0;0;0;0;0;0;0;0;2495;0;0;125;0;42;0;
21681;3745815;1195839488;34295808;1397067776;0;0;0;0;0;0;0;0;0;0;0;3456;0;0;125;0;42;0;
21682;5149488;1195839488;34295808;1397067776;0;0;0;0;0;0;0;0;0;0;0;2695;0;0;125;0;42;0;
21683;3610010;1195839488;34295808;1397067776;0;0;0;0;0;0;0;0;0;0;0;85119;0;0;125;0;42;0;
21684;5092581;1195839488;34295808;1397067776;0;0;0;0;0;0;0;0;0;0;0;3016;0;0;125;0;42;0;
21685;3390498;1195839488;34295808;1397067776;0;0;0;0;0;0;0;0;0;0;0;2886;0;0;125;0;42;0;
21686;5084726;1195839488;34295808;1397067776;0;0;0;0;0;0;0;0;0;0;0;3146;0;0;125;0;42;0;
21687;3315007;1195839488;34295808;1397067776;0;0;0;0;0;0;0;0;0;0;0;3256;0;0;125;0;42;0;
21688;5013312;1195839488;34295808;1397067776;0;0;0;0;0;0;0;0;0;0;0;2394;0;0;125;0;42;0;
21689;3925222;1195839488;34295808;1397067776;0;0;0;0;0;0;0;0;0;0;0;3226;0;0;125;0;42;0;
21690;4794081;1195839488;34295808;1397067776;0;0;0;0;0;0;0;0;0;0;0;2825;0;0;125;0;42;0;
21691;3679971;1195839488;34295808;1397067776;0;0;0;0;0;0;0;0;0;0;0;3186;0;0;125;0;42;0;
21692;4690436;1195839488;34295808;1397067776;0;0;0;0;0;0;0;0;0;0;0;2535;0;0;125;0;42;0;
21693;3662839;1195839488;34295808;1397067776;0;0;0;0;0;0;0;0;0;0;0;3366;0;0;125;0;42;0;
21694;5139178;1195839488;34295808;1397067776;0;0;0;0;0;0;0;0;0;0;0;2815;0;0;125;0;42;0;
21695;4960132;1195839488;34295808;1397067776;0;0;0;0;0;0;0;0;0;0;0;3427;0;0;125;0;42;0;
21696;5105224;1195839488;34295808;1397067776;0;0;0;0;0;0;0;0;0;0;0;2535;0;0;125;0;42;0;
21697;3585104;1195839488;34295808;1397067776;0;0;0;0;0;0;0;0;0;0;0;3507;0;0;125;0;42;0;
21698;4745931;1195839488;34295808;1397067776;0;0;0;0;0;0;0;0;0;0;0;2565;0;0;125;0;42;0;
21699;3497389;1195839488;34295808;1397067776;0;0;0;0;0;0;0;0;0;0;0;2585;0;0;125;0;42;0;
21700;4959391;1195839488;34295808;1397067776;0;0;0;0;0;0;0;0;0;0;0;2295;0;0;125;0;42;0;
21701;4419478;1195839488;34295808;1397067776;0;0;0;0;0;0;0;0;0;0;0;2585;0;0;125;0;42;0;
21702;4879761;1195839488;34295808;1397067776;0;0;0;0;0;0;0;0;0;0;0;1954;0;0;125;0;42;0;
21703;3318213;1195839488;34295808;1397067776;0;0;0;0;0;0;0;0;0;0;0;3447;0;0;125;0;42;0;
21704;5011318;1195839488;34295808;1397067776;0;0;0;0;0;0;0;0;0;0;0;2415;0;0;125;0;42;0;
21705;4407286;1195839488;34295808;1397067776;0;0;0;0;0;0;0;0;0;0;0;3096;0;0;125;0;42;0;
21706;10890765;1195839488;34295808;1397067776;0;0;0;0;0;0;0;0;0;0;0;2895;0;0;125;0;42;0;
21707;4478549;1195839488;34295808;1397067776;0;0;0;0;0;0;0;0;0;0;0;3757;0;0;125;0;42;0;
21708;5233625;1195839488;34295808;1397067776;0;0;0;0;0;0;0;0;0;0;0;3076;0;0;125;0;42;0;
21709;3468355;1195839488;34295808;1397067776;0;0;0;0;0;0;0;0;0;0;0;3176;0;0;125;0;42;0;
21710;4732275;1195839488;34295808;1397067776;0;0;0;0;0;0;0;0;0;0;0;2835;0;0;125;0;42;0;
21711;3975515;1195839488;34295808;1397067776;0;0;0;0;0;0;0;0;0;0;0;3316;0;0;125;0;42;0;
21712;5201454;1195839488;34295808;1397067776;0;0;0;0;0;0;0;0;0;0;0;2905;0;0;125;0;42;0;
21713;3674200;1195839488;34295808;1397067776;0;0;0;0;0;0;0;0;0;0;0;2955;0;0;125;0;42;0;
21714;4903526;1195839488;34295808;1397067776;0;0;0;0;0;0;0;0;0;0;0;2514;0;0;125;0;42;0;
21715;4381437;1195839488;34295808;1397067776;0;0;0;0;0;0;0;0;0;0;0;4538;0;0;125;0;42;0;
21716;5274732;1195839488;34295808;1397067776;0;0;0;0;0;0;0;0;0;0;0;3567;0;0;125;0;42;0;
21717;3384778;1195839488;34295808;1397067776;0;0;0;0;0;0;0;0;0;0;0;3206;0;0;125;0;42;0;
21718;4978206;1195839488;34295808;1397067776;0;0;0;0;0;0;0;0;0;0;0;3196;0;0;125;0;42;0;
21719;3394506;1195839488;34295808;1397067776;0;0;0;0;0;0;0;0;0;0;0;3287;0;0;125;0;42;0;
21720;5716932;1195839488;34295808;1397067776;0;0;0;0;0;0;0;0;0;0;0;2074;0;0;125;0;42;0;
21721;3722180;1195839488;34295808;1397067776;0;0;0;0;0;0;0;0;0;0;0;3156;0;0;125;0;42;0;
21722;5233295;1195839488;34295808;1397067776;0;0;0;0;0;0;0;0;0;0;0;2455;0;0;125;0;42;0;
21723;3598969;1195839488;34295808;1397067776;0;0;0;0;0;0;0;0;0;0;0;3016;0;0;125;0;42;0;
21724;4884661;1195839488;34295808;1397067776;0;0;0;0;0;0;0;0;0;0;0;2945;0;0;125;0;42;0;
21725;3186736;1195839488;34295808;1397067776;0;0;0;0;0;0;0;0;0;0;0;3096;0;0;125;0;42;0;
21726;5387674;1195839488;34295808;1397067776;0;0;0;0;0;0;0;0;0;0;0;2765;0;0;125;0;42;0;
21727;3265073;1195839488;34295808;1397067776;0;0;0;0;0;0;0;0;0;0;0;3437;0;0;125;0;42;0;
21728;4652475;1195839488;34295808;1397067776;0;0;0;0;0;0;0;0;0;0;0;2695;0;0;125;0;42;0;
21729;3538826;1195839488;34295808;1397067776;0;0;0;0;0;0;0;0;0;0;0;3467;0;0;125;0;42;0;
21730;5121755;1195839488;34295808;1397067776;0;0;0;0;0;0;0;0;0;0;0;2575;0;0;125;0;42;0;
21731;4106822;1195839488;34295808;1397067776;0;0;0;0;0;0;0;0;0;0;0;3356;0;0;125;0;42;0;
21732;4831050;1195839488;34295808;1397067776;0;0;0;0;0;0;0;0;0;0;0;2404;0;0;125;0;42;0;
21733;2629351;1195839488;34295808;1397067776;0;0;0;0;0;0;0;0;0;0;0;3035;0;0;125;0;42;0;
21734;5385389;1195839488;34295808;1397067776;0;0;0;0;0;0;0;0;0;0;0;2866;0;0;125;0;42;0;
21735;3355843;1195839488;34295808;1397067776;0;0;0;0;0;0;0;0;0;0;0;3096;0;0;125;0;42;0;
21736;4578396;1195839488;34295808;1397067776;0;0;0;0;0;0;0;0;0;0;0;2425;0;0;125;0;42;0;
21737;3448587;1195839488;34295808;1397067776;0;0;0;0;0;0;0;0;0;0;0;3135;0;0;125;0;42;0;
21738;4990008;1195839488;34295808;1397067776;0;0;0;0;0;0;0;0;0;0;0;2655;0;0;125;0;42;0;
21739;4453783;1195839488;34295808;1397067776;0;0;0;0;0;0;0;0;0;0;0;3016;0;0;125;0;42;0;
21740;5027338;1195839488;34295808;1397067776;0;0;0;0;0;0;0;0;0;0;0;2725;0;0;125;0;42;0;
21741;3360943;1195839488;34295808;1397067776;0;0;0;0;0;0;0;0;0;0;0;3527;0;0;125;0;42;0;
21742;5278680;1195839488;34295808;1397067776;0;0;0;0;0;0;0;0;0;0;0;2565;0;0;125;0;42;0;
21743;4250211;1195839488;34295808;1397067776;0;0;0;0;0;0;0;0;0;0;0;2334;0;0;125;0;42;0;
21744;4830980;1195839488;34295808;1397067776;0;0;0;0;0;0;0;0;0;0;0;2735;0;0;125;0;42;0;
21745;4199175;1195839488;34295808;1397067776;0;0;0;0;0;0;0;0;0;0;0;4469;0;0;125;0;42;0;
21746;5267168;1195839488;34295808;1397067776;0;0;0;0;0;0;0;0;0;0;0;3607;0;0;125;0;42;0;
21747;4826171;1195839488;34295808;1397067776;0;0;0;0;0;0;0;0;0;0;0;4578;0;0;125;0;42;0;
21748;5036746;1195839488;34295808;1397067776;0;0;0;0;0;0;0;0;0;0;0;3377;0;0;125;0;42;0;
21749;6204877;1195839488;34295808;1397067776;0;0;0;0;0;0;0;0;0;0;0;7043;0;0;125;0;42;0;
21750;5690853;1195839488;34295808;1397067776;0;0;0;0;0;0;0;0;0;0;0;2355;0;0;125;0;42;0;
21751;3759771;1195839488;34295808;1397067776;0;0;0;0;0;0;0;0;0;0;0;3887;0;0;125;0;42;0;
21752;5580396;1195839488;34295808;1397067776;0;0;0;0;0;0;0;0;0;0;0;3376;0;0;125;0;42;0;
21753;3563633;1195839488;34295808;1397067776;0;0;0;0;0;0;0;0;0;0;0;3035;0;0;125;0;42;0;
21754;5241039;1195839488;34295808;1397067776;0;0;0;0;0;0;0;0;0;0;0;3156;0;0;125;0;42;0;
21755;3595373;1195839488;34295808;1397067776;0;0;0;0;0;0;0;0;0;0;0;3597;0;0;125;0;42;0;
21756;6031391;1195839488;34295808;1397067776;0;0;0;0;0;0;0;0;0;0;0;2836;0;0;125;0;42;0;
21757;4557808;1195839488;34295808;1397067776;0;0;0;0;0;0;0;0;0;0;0;2895;0;0;125;0;42;0;
21758;5174023;1195839488;34295808;1397067776;0;0;0;0;0;0;0;0;0;0;0;2705;0;0;125;0;42;0;
21759;4762441;1195839488;34295808;1397067776;0;0;0;0;0;0;0;0;0;0;0;4499;0;0;125;0;42;0;
21760;4889319;1195839488;34295808;1397067776;0;0;0;0;0;0;0;0;0;0;0;2585;0;0;125;0;42;0;
21761;5280192;1195839488;34295808;1397067776;0;0;0;0;0;0;0;0;0;0;0;7023;0;0;125;0;42;0;
21762;6267624;1195839488;34295808;1397067776;0;0;0;0;0;0;0;0;0;0;0;4849;0;0;125;0;42;0;
21763;4862348;1195839488;34295808;1397067776;0;0;0;0;0;0;0;0;0;0;0;3757;0;0;125;0;42;0;
21764;5836025;1195839488;34295808;1397067776;0;0;0;0;0;0;0;0;0;0;0;2475;0;0;125;0;42;0;
21765;4557197;1195839488;34295808;1397067776;0;0;0;0;0;0;0;0;0;0;0;3787;0;0;125;0;42;0;
21766;5665976;1195839488;34295808;1397067776;0;0;0;0;0;0;0;0;0;0;0;2444;0;0;125;0;42;0;
21767;3658731;1195839488;34295808;1397067776;0;0;0;0;0;0;0;0;0;0;0;2555;0;0;125;0;42;0;
21768;5173432;1195839488;34295808;1397067776;0;0;0;0;0;0;0;0;0;0;0;2786;0;0;125;0;42;0;
21769;4582794;1195839488;34295808;1397067776;0;0;0;0;0;0;0;0;0;0;0;3878;0;0;125;0;42;0;
21770;5124360;1195839488;34295808;1397067776;0;0;0;0;0;0;0;0;0;0;0;2545;0;0;125;0;42;0;
21771;4078519;1195839488;34295808;1397067776;0;0;0;0;0;0;0;0;0;0;0;3406;0;0;125;0;42;0;
21772;5099684;1195839488;34295808;1397067776;0;0;0;0;0;0;0;0;0;0;0;2845;0;0;125;0;42;0;
21773;4759616;1195839488;34295808;1397067776;0;0;0;0;0;0;0;0;0;0;0;3236;0;0;125;0;42;0;
21774;5293818;1195839488;34295808;1397067776;0;0;0;0;0;0;0;0;0;0;0;2895;0;0;125;0;42;0;
21775;4689063;1195839488;34295808;1397067776;0;0;0;0;0;0;0;0;0;0;0;3386;0;0;125;0;42;0;
21776;5112528;1195839488;34295808;1397067776;0;0;0;0;0;0;0;0;0;0;0;2655;0;0;125;0;42;0;
21777;4228840;1195839488;34295808;1397067776;0;0;0;0;0;0;0;0;0;0;0;3887;0;0;125;0;42;0;
21778;4832443;1195839488;34295808;1397067776;0;0;0;0;0;0;0;0;0;0;0;2695;0;0;125;0;42;0;
21779;5898081;1195839488;34295808;1397067776;0;0;0;0;0;0;0;0;0;0;0;3276;0;0;125;0;42;0;
21780;4979439;1195839488;34295808;1397067776;0;0;0;0;0;0;0;0;0;0;0;2765;0;0;125;0;42;0;
21781;4590148;1195839488;34295808;1397067776;0;0;0;0;0;0;0;0;0;0;0;3276;0;0;125;0;42;0;
21782;5723694;1195839488;34295808;1397067776;0;0;0;0;0;0;0;0;0;0;0;2735;0;0;125;0;42;0;
21783;3848116;1195839488;34295808;1397067776;0;0;0;0;0;0;0;0;0;0;0;3606;0;0;125;0;42;0;
21784;5315088;1195839488;34295808;1397067776;0;0;0;0;0;0;0;0;0;0;0;2565;0;0;125;0;42;0;
21785;3966388;1195839488;34295808;1397067776;0;0;0;0;0;0;0;0;0;0;0;3035;0;0;125;0;42;0;
21786;4778352;1195839488;34295808;1397067776;0;0;0;0;0;0;0;0;0;0;0;3025;0;0;125;0;42;0;
21787;3823430;1195839488;34295808;1397067776;0;0;0;0;0;0;0;0;0;0;0;4368;0;0;125;0;42;0;
21788;5312483;1195839488;34295808;1397067776;0;0;0;0;0;0;0;0;0;0;0;2695;0;0;125;0;42;0;
21789;3901076;1195839488;34295808;1397067776;0;0;0;0;0;0;0;0;0;0;0;87534;0;0;125;0;42;0;
21790;4768182;1195839488;34295808;1397067776;0;0;0;0;0;0;0;0;0;0;0;2645;0;0;125;0;42;0;
21791;2639771;1195839488;34295808;1397067776;0;0;0;0;0;0;0;0;0;0;0;2365;0;0;125;0;42;0;
21792;4786597;1195839488;34295808;1397067776;0;0;0;0;0;0;0;0;0;0;0;2214;0;0;125;0;42;0;
21793;3122285;1195839488;34295808;1397067776;0;0;0;0;0;0;0;0;0;0;0;5971;0;0;125;0;42;0;
21794;4629272;1195839488;34295808;1397067776;0;0;0;0;0;0;0;0;0;0;0;2054;0;0;125;0;42;0;
21795;3279380;1195839488;34295808;1397067776;0;0;0;0;0;0;0;0;0;0;0;2365;0;0;125;0;42;0;
21796;4737034;1195839488;34295808;1397067776;0;0;0;0;0;0;0;0;0;0;0;2144;0;0;125;0;42;0;
21797;2473058;1195839488;34295808;1397067776;0;0;0;0;0;0;0;0;0;0;0;3005;0;0;125;0;42;0;
21798;5071932;1195839488;34295808;1397067776;0;0;0;0;0;0;0;0;0;0;0;2345;0;0;125;0;42;0;
21799;2202911;1195839488;34295808;1397067776;0;0;0;0;0;0;0;0;0;0;0;2454;0;0;125;0;42;0;
21800;4830339;1195839488;34295808;1397067776;0;0;0;0;0;0;0;0;0;0;0;2434;0;0;125;0;42;0;
21801;3073514;1195839488;34295808;1397067776;0;0;0;0;0;0;0;0;0;0;0;2485;0;0;125;0;42;0;
21802;4673876;1195839488;34295808;1397067776;0;0;0;0;0;0;0;0;0;0;0;2314;0;0;125;0;42;0;
21803;2496341;1195839488;34295808;1397067776;0;0;0;0;0;0;0;0;0;0;0;3226;0;0;125;0;42;0;
21804;4540806;1195839488;34295808;1397067776;0;0;0;0;0;0;0;0;0;0;0;2565;0;0;125;0;42;0;
21805;2875403;1195839488;34295808;1397067776;0;0;0;0;0;0;0;0;0;0;0;2956;0;0;125;0;42;0;
21806;4687621;1195839488;34295808;1397067776;0;0;0;0;0;0;0;0;0;0;0;2495;0;0;125;0;42;0;
21807;3123809;1195839488;34295808;1397067776;0;0;0;0;0;0;0;0;0;0;0;2645;0;0;125;0;42;0;
21808;4651884;1195839488;34295808;1397067776;0;0;0;0;0;0;0;0;0;0;0;2205;0;0;125;0;42;0;
21809;3535801;1195839488;34295808;1397067776;0;0;0;0;0;0;0;0;0;0;0;3126;0;0;125;0;42;0;
21810;5230089;1195839488;34295808;1397067776;0;0;0;0;0;0;0;0;0;0;0;2565;0;0;125;0;42;0;
21811;3762115;1195839488;34295808;1397067776;0;0;0;0;0;0;0;0;0;0;0;3126;0;0;125;0;42;0;
21812;4969770;1195839488;34295808;1397067776;0;0;0;0;0;0;0;0;0;0;0;2635;0;0;125;0;42;0;
21813;2426391;1195839488;34295808;1397067776;0;0;0;0;0;0;0;0;0;0;0;2655;0;0;125;0;42;0;
21814;4668866;1195839488;34295808;1397067776;0;0;0;0;0;0;0;0;0;0;0;2524;0;0;125;0;42;0;
21815;3785169;1195839488;34295808;1397067776;0;0;0;0;0;0;0;0;0;0;0;4158;0;0;125;0;42;0;
21816;5587629;1195839488;34295808;1397067776;0;0;0;0;0;0;0;0;0;0;0;2795;0;0;125;0;42;0;
21817;4336132;1195839488;34295808;1397067776;0;0;0;0;0;0;0;0;0;0;0;5611;0;0;125;0;42;0;
21818;5480949;1195839488;34295808;1397067776;0;0;0;0;0;0;0;0;0;0;0;2485;0;0;125;0;42;0;
21819;4033815;1195839488;34295808;1397067776;0;0;0;0;0;0;0;0;0;0;0;4217;0;0;125;0;42;0;
21820;5337079;1195839488;34295808;1397067776;0;0;0;0;0;0;0;0;0;0;0;3026;0;0;125;0;42;0;
21821;3984563;1195839488;34295808;1397067776;0;0;0;0;0;0;0;0;0;0;0;3917;0;0;125;0;42;0;
21822;4828555;1195839488;34295808;1397067776;0;0;0;0;0;0;0;0;0;0;0;2946;0;0;125;0;42;0;
21823;3530571;1195839488;34295808;1397067776;0;0;0;0;0;0;0;0;0;0;0;3537;0;0;125;0;42;0;
21824;5375871;1195839488;34295808;1397067776;0;0;0;0;0;0;0;0;0;0;0;3858;0;0;125;0;42;0;
21825;4143330;1195839488;34295808;1397067776;0;0;0;0;0;0;0;0;0;0;0;3967;0;0;125;0;42;0;
21826;5107809;1195839488;34295808;1397067776;0;0;0;0;0;0;0;0;0;0;0;3066;0;0;125;0;42;0;
21827;4244340;1195839488;34295808;1397067776;0;0;0;0;0;0;0;0;0;0;0;4208;0;0;125;0;42;0;
21828;5073605;1195839488;34295808;1397067776;0;0;0;0;0;0;0;0;0;0;0;2595;0;0;125;0;42;0;
21829;3280332;1195839488;34295808;1397067776;0;0;0;0;0;0;0;0;0;0;0;2465;0;0;125;0;42;0;
21830;4663286;1195839488;34295808;1397067776;0;0;0;0;0;0;0;0;0;0;0;2274;0;0;125;0;42;0;
21831;4973758;1195839488;34295808;1397067776;0;0;0;0;0;0;0;0;0;0;0;3937;0;0;125;0;42;0;
21832;5158785;1195839488;34295808;1397067776;0;0;0;0;0;0;0;0;0;0;0;2805;0;0;125;0;42;0;
21833;3399034;1195839488;34295808;1397067776;0;0;0;0;0;0;0;0;0;0;0;3627;0;0;125;0;42;0;
21834;5255386;1195839488;34295808;1397067776;0;0;0;0;0;0;0;0;0;0;0;3246;0;0;125;0;42;0;
21835;3441073;1195839488;34295808;1397067776;0;0;0;0;0;0;0;0;0;0;0;4027;0;0;125;0;42;0;
21836;5884375;1195839488;34295808;1397067776;0;0;0;0;0;0;0;0;0;0;0;4338;0;0;125;0;42;0;
21837;3912467;1195839488;34295808;1397067776;0;0;0;0;0;0;0;0;0;0;0;5320;0;0;125;0;42;0;
21838;5642903;1195839488;34295808;1397067776;0;0;0;0;0;0;0;0;0;0;0;4498;0;0;125;0;42;0;
21839;4588024;1195839488;34295808;1397067776;0;0;0;0;0;0;0;0;0;0;0;3306;0;0;125;0;42;0;
21840;5286004;1195839488;34295808;1397067776;0;0;0;0;0;0;0;0;0;0;0;3787;0;0;125;0;42;0;
21841;4461738;1195839488;34295808;1397067776;0;0;0;0;0;0;0;0;0;0;0;3616;0;0;125;0;42;0;
21842;5089004;1195839488;34295808;1397067776;0;0;0;0;0;0;0;0;0;0;0;2916;0;0;125;0;42;0;
21843;3989602;1195839488;34295808;1397067776;0;0;0;0;0;0;0;0;0;0;0;3437;0;0;125;0;42;0;
21844;4965833;1195839488;34295808;1397067776;0;0;0;0;0;0;0;0;0;0;0;2786;0;0;125;0;42;0;
21845;4539473;1195839488;34295808;1397067776;0;0;0;0;0;0;0;0;0;0;0;4518;0;0;125;0;42;0;
21846;5084866;1195839488;34295808;1397067776;0;0;0;0;0;0;0;0;0;0;0;3376;0;0;125;0;42;0;
21847;4510949;1195839488;34295808;1397067776;0;0;0;0;0;0;0;0;0;0;0;3166;0;0;125;0;42;0;
21848;5414203;1195839488;34295808;1397067776;0;0;0;0;0;0;0;0;0;0;0;3106;0;0;125;0;42;0;
21849;4579528;1195839488;34295808;1397067776;0;0;0;0;0;0;0;0;0;0;0;4438;0;0;125;0;42;0;
21850;5272378;1195839488;34295808;1397067776;0;0;0;0;0;0;0;0;0;0;0;3196;0;0;125;0;42;0;
21851;4940415;1195839488;34295808;1397067776;0;0;0;0;0;0;0;0;0;0;0;4328;0;0;125;0;42;0;
21852;5212335;1195839488;34295808;1397067776;0;0;0;0;0;0;0;0;0;0;0;3417;0;0;125;0;42;0;
21853;4876826;1195839488;34295808;1397067776;0;0;0;0;0;0;0;0;0;0;0;4619;0;0;125;0;42;0;
21854;5354371;1195839488;34295808;1397067776;0;0;0;0;0;0;0;0;0;0;0;3196;0;0;125;0;42;0;
21855;5112007;1195839488;34295808;1397067776;0;0;0;0;0;0;0;0;0;0;0;4178;0;0;125;0;42;0;
21856;5153174;1195839488;34295808;1397067776;0;0;0;0;0;0;0;0;0;0;0;3636;0;0;125;0;42;0;
21857;5743161;1195839488;34295808;1397067776;0;0;0;0;0;0;0;0;0;0;0;5090;0;0;125;0;42;0;
21858;5731449;1195839488;34295808;1397067776;0;0;0;0;0;0;0;0;0;0;0;3657;0;0;125;0;42;0;
21859;5406820;1195839488;34295808;1397067776;0;0;0;0;0;0;0;0;0;0;0;4399;0;0;125;0;42;0;
21860;5273089;1195839488;34295808;1397067776;0;0;0;0;0;0;0;0;0;0;0;3566;0;0;125;0;42;0;
21861;5286725;1195839488;34295808;1397067776;0;0;0;0;0;0;0;0;0;0;0;4859;0;0;125;0;42;0;
21862;5414685;1195839488;34295808;1397067776;0;0;0;0;0;0;0;0;0;0;0;3747;0;0;125;0;42;0;
21863;5382564;1195839488;34295808;1397067776;0;0;0;0;0;0;0;0;0;0;0;4248;0;0;125;0;42;0;
21864;5522016;1195839488;34295808;1397067776;0;0;0;0;0;0;0;0;0;0;0;3987;0;0;125;0;42;0;
21865;4738937;1195839488;34295808;1397067776;0;0;0;0;0;0;0;0;0;0;0;3617;0;0;125;0;42;0;
21866;5135451;1195839488;34295808;1397067776;0;0;0;0;0;0;0;0;0;0;0;3186;0;0;125;0;42;0;
21867;4708440;1195839488;34295808;1397067776;0;0;0;0;0;0;0;0;0;0;0;4468;0;0;125;0;42;0;
21868;5086760;1195839488;34295808;1397067776;0;0;0;0;0;0;0;0;0;0;0;3216;0;0;125;0;42;0;
21869;4122391;1195839488;34295808;1397067776;0;0;0;0;0;0;0;0;0;0;0;3266;0;0;125;0;42;0;
21870;5205031;1195839488;34295808;1397067776;0;0;0;0;0;0;0;0;0;0;0;3186;0;0;125;0;42;0;
21871;4113234;1195839488;34295808;1397067776;0;0;0;0;0;0;0;0;0;0;0;3958;0;0;125;0;42;0;
21872;4846970;1195839488;34295808;1397067776;0;0;0;0;0;0;0;0;0;0;0;3105;0;0;125;0;42;0;
21873;4254329;1195839488;34295808;1397067776;0;0;0;0;0;0;0;0;0;0;0;3407;0;0;125;0;42;0;
21874;5012511;1195839488;34295808;1397067776;0;0;0;0;0;0;0;0;0;0;0;2895;0;0;125;0;42;0;
21875;3848768;1195839488;34295808;1397067776;0;0;0;0;0;0;0;0;0;0;0;3136;0;0;125;0;42;0;
21876;5118699;1195839488;34295808;1397067776;0;0;0;0;0;0;0;0;0;0;0;2915;0;0;125;0;42;0;
21877;4687370;1195839488;34295808;1397067776;0;0;0;0;0;0;0;0;0;0;0;3356;0;0;125;0;42;0;
21878;4998735;1195839488;34295808;1397067776;0;0;0;0;0;0;0;0;0;0;0;3096;0;0;125;0;42;0;
21879;4197262;1195839488;34295808;1397067776;0;0;0;0;0;0;0;0;0;0;0;3747;0;0;125;0;42;0;
21880;5119771;1195839488;34295808;1397067776;0;0;0;0;0;0;0;0;0;0;0;3126;0;0;125;0;42;0;
21881;4748205;1195839488;34295808;1397067776;0;0;0;0;0;0;0;0;0;0;0;59913;0;0;125;0;42;0;
21882;4777069;1195839488;34295808;1397067776;0;0;0;0;0;0;0;0;0;0;0;2985;0;0;125;0;42;0;
21883;4000343;1195839488;34295808;1397067776;0;0;0;0;0;0;0;0;0;0;0;3296;0;0;125;0;42;0;
21884;5572109;1195839488;34295808;1397067776;0;0;0;0;0;0;0;0;0;0;0;3216;0;0;125;0;42;0;
21885;3834561;1195839488;34295808;1397067776;0;0;0;0;0;0;0;0;0;0;0;3316;0;0;125;0;42;0;
21886;5603288;1195839488;34295808;1397067776;0;0;0;0;0;0;0;0;0;0;0;3316;0;0;125;0;42;0;
21887;6674778;1195839488;34295808;1397067776;0;0;0;0;0;0;0;0;0;0;0;5060;0;0;125;0;42;0;
21888;5200132;1195839488;34295808;1397067776;0;0;0;0;0;0;0;0;0;0;0;3396;0;0;125;0;42;0;
21889;4900019;1195839488;34295808;1397067776;0;0;0;0;0;0;0;0;0;0;0;4819;0;0;125;0;42;0;
21890;5887992;1195839488;34295808;1397067776;0;0;0;0;0;0;0;0;0;0;0;3357;0;0;125;0;42;0;
21891;5143596;1195839488;34295808;1397067776;0;0;0;0;0;0;0;0;0;0;0;4598;0;0;125;0;42;0;
21892;4969329;1195839488;34295808;1397067776;0;0;0;0;0;0;0;0;0;0;0;3617;0;0;125;0;42;0;
21893;4965572;1195839488;34295808;1397067776;0;0;0;0;0;0;0;0;0;0;0;3387;0;0;125;0;42;0;
21894;4767641;1195839488;34295808;1397067776;0;0;0;0;0;0;0;0;0;0;0;2796;0;0;125;0;42;0;
21895;4244460;1195839488;34295808;1397067776;0;0;0;0;0;0;0;0;0;0;0;3998;0;0;125;0;42;0;
21896;5279130;1195839488;34295808;1397067776;0;0;0;0;0;0;0;0;0;0;0;3156;0;0;125;0;42;0;
21897;4004691;1195839488;34295808;1397067776;0;0;0;0;0;0;0;0;0;0;0;3326;0;0;125;0;42;0;
21898;5001510;1195839488;34295808;1397067776;0;0;0;0;0;0;0;0;0;0;0;2745;0;0;125;0;42;0;
21899;4931178;1195839488;34295808;1397067776;0;0;0;0;0;0;0;0;0;0;0;2936;0;0;125;0;42;0;
21900;5128267;1195839488;34295808;1397067776;0;0;0;0;0;0;0;0;0;0;0;2895;0;0;125;0;42;0;
21901;3972931;1195839488;34295808;1397067776;0;0;0;0;0;0;0;0;0;0;0;3907;0;0;125;0;42;0;
21902;5935060;1195839488;34295808;1397067776;0;0;0;0;0;0;0;0;0;0;0;3857;0;0;125;0;42;0;
21903;4117001;1195839488;34295808;1397067776;0;0;0;0;0;0;0;0;0;0;0;4198;0;0;125;0;42;0;
21904;5046344;1195839488;34295808;1397067776;0;0;0;0;0;0;0;0;0;0;0;3276;0;0;125;0;42;0;
21905;4406524;1195839488;34295808;1397067776;0;0;0;0;0;0;0;0;0;0;0;3907;0;0;125;0;42;0;
21906;4840668;1195839488;34295808;1397067776;0;0;0;0;0;0;0;0;0;0;0;3316;0;0;125;0;42;0;
21907;4789111;1195839488;34295808;1397067776;0;0;0;0;0;0;0;0;0;0;0;3336;0;0;125;0;42;0;
21908;5105255;1195839488;34295808;1397067776;0;0;0;0;0;0;0;0;0;0;0;3136;0;0;125;0;42;0;
21909;4489600;1195839488;34295808;1397067776;0;0;0;0;0;0;0;0;0;0;0;3156;0;0;125;0;42;0;
21910;5459058;1195839488;34295808;1397067776;0;0;0;0;0;0;0;0;0;0;0;2835;0;0;125;0;42;0;
21911;4057199;1195839488;34295808;1397067776;0;0;0;0;0;0;0;0;0;0;0;3687;0;0;125;0;42;0;
21912;6021102;1195839488;34295808;1397067776;0;0;0;0;0;0;0;0;0;0;0;2845;0;0;125;0;42;0;
21913;4160302;1195839488;34295808;1397067776;0;0;0;0;0;0;0;0;0;0;0;3236;0;0;125;0;42;0;
21914;5946011;1195839488;34295808;1397067776;0;0;0;0;0;0;0;0;0;0;0;4007;0;0;125;0;42;0;
21915;4555273;1195839488;34295808;1397067776;0;0;0;0;0;0;0;0;0;0;0;4789;0;0;125;0;42;0;
21916;5250397;1195839488;34295808;1397067776;0;0;0;0;0;0;0;0;0;0;0;3367;0;0;125;0;42;0;
21917;4189577;1195839488;34295808;1397067776;0;0;0;0;0;0;0;0;0;0;0;3567;0;0;125;0;42;0;
21918;8114347;1195839488;34295808;1397067776;0;0;0;0;0;0;0;0;0;0;0;2985;0;0;125;0;42;0;
21919;6887958;1195839488;34295808;1397067776;0;0;0;0;0;0;0;0;0;0;0;3427;0;0;125;0;42;0;
21920;5390199;1195839488;34295808;1397067776;0;0;0;0;0;0;0;0;0;0;0;3176;0;0;125;0;42;0;
21921;4616789;1195839488;34295808;1397067776;0;0;0;0;0;0;0;0;0;0;0;3577;0;0;125;0;42;0;
21922;4808749;1195839488;34295808;1397067776;0;0;0;0;0;0;0;0;0;0;0;3016;0;0;125;0;42;0;
21923;4726204;1195839488;34295808;1397067776;0;0;0;0;0;0;0;0;0;0;0;3156;0;0;125;0;42;0;
21924;4730552;1195839488;34295808;1397067776;0;0;0;0;0;0;0;0;0;0;0;3116;0;0;125;0;42;0;
21925;4354666;1195839488;34295808;1397067776;0;0;0;0;0;0;0;0;0;0;0;3346;0;0;125;0;42;0;
21926;5673219;1195839488;34295808;1397067776;0;0;0;0;0;0;0;0;0;0;0;3046;0;0;125;0;42;0;
21927;4622539;1195839488;34295808;1397067776;0;0;0;0;0;0;0;0;0;0;0;3787;0;0;125;0;42;0;
21928;5111005;1195839488;34295808;1397067776;0;0;0;0;0;0;0;0;0;0;0;2976;0;0;125;0;42;0;
21929;4186571;1195839488;34295808;1397067776;0;0;0;0;0;0;0;0;0;0;0;3697;0;0;125;0;42;0;
21930;5100034;1195839488;34295808;1397067776;0;0;0;0;0;0;0;0;0;0;0;3166;0;0;125;0;42;0;
21931;4862599;1195839488;34295808;1397067776;0;0;0;0;0;0;0;0;0;0;0;3677;0;0;125;0;42;0;
21932;4800393;1195839488;34295808;1397067776;0;0;0;0;0;0;0;0;0;0;0;3196;0;0;125;0;42;0;
21933;3719756;1195839488;34295808;1397067776;0;0;0;0;0;0;0;0;0;0;0;3396;0;0;125;0;42;0;
21934;5410506;1195839488;34295808;1397067776;0;0;0;0;0;0;0;0;0;0;0;2775;0;0;125;0;42;0;
21935;3831325;1195839488;34295808;1397067776;0;0;0;0;0;0;0;0;0;0;0;3427;0;0;125;0;42;0;
21936;4953950;1195839488;34295808;1397067776;0;0;0;0;0;0;0;0;0;0;0;2855;0;0;125;0;42;0;
21937;5129580;1195839488;34295808;1397067776;0;0;0;0;0;0;0;0;0;0;0;4489;0;0;125;0;42;0;
21938;5475198;1195839488;34295808;1397067776;0;0;0;0;0;0;0;0;0;0;0;3346;0;0;125;0;42;0;
21939;4879571;1195839488;34295808;1397067776;0;0;0;0;0;0;0;0;0;0;0;3977;0;0;125;0;42;0;
21940;5429151;1195839488;34295808;1397067776;0;0;0;0;0;0;0;0;0;0;0;4398;0;0;125;0;42;0;
21941;5646619;1195839488;34295808;1397067776;0;0;0;0;0;0;0;0;0;0;0;4098;0;0;125;0;42;0;
21942;5220510;1195839488;34295808;1397067776;0;0;0;0;0;0;0;0;0;0;0;2815;0;0;125;0;42;0;
21943;4508044;1195839488;34295808;1397067776;0;0;0;0;0;0;0;0;0;0;0;4258;0;0;125;0;42;0;
21944;5455010;1195839488;34295808;1397067776;0;0;0;0;0;0;0;0;0;0;0;3326;0;0;125;0;42;0;
21945;4799440;1195839488;34295808;1397067776;0;0;0;0;0;0;0;0;0;0;0;3877;0;0;125;0;42;0;
21946;5253963;1195839488;34295808;1397067776;0;0;0;0;0;0;0;0;0;0;0;4157;0;0;125;0;42;0;
21947;5188310;1195839488;34295808;1397067776;0;0;0;0;0;0;0;0;0;0;0;4569;0;0;125;0;42;0;
21948;5197848;1195839488;34295808;1397067776;0;0;0;0;0;0;0;0;0;0;0;4098;0;0;125;0;42;0;
21949;4362621;1195839488;34295808;1397067776;0;0;0;0;0;0;0;0;0;0;0;3977;0;0;125;0;42;0;
21950;5456843;1195839488;34295808;1397067776;0;0;0;0;0;0;0;0;0;0;0;3456;0;0;125;0;42;0;
21951;4443403;1195839488;34295808;1397067776;0;0;0;0;0;0;0;0;0;0;0;3927;0;0;125;0;42;0;
21952;4921910;1195839488;34295808;1397067776;0;0;0;0;0;0;0;0;0;0;0;3216;0;0;125;0;42;0;
21953;5185585;1195839488;34295808;1397067776;0;0;0;0;0;0;0;0;0;0;0;4158;0;0;125;0;42;0;
21954;5480768;1195839488;34295808;1397067776;0;0;0;0;0;0;0;0;0;0;0;3397;0;0;125;0;42;0;
21955;4409400;1195839488;34295808;1397067776;0;0;0;0;0;0;0;0;0;0;0;4158;0;0;125;0;42;0;
21956;5269533;1195839488;34295808;1397067776;0;0;0;0;0;0;0;0;0;0;0;4038;0;0;125;0;42;0;
21957;5172430;1195839488;34295808;1397067776;0;0;0;0;0;0;0;0;0;0;0;5090;0;0;125;0;42;0;
21958;5239967;1195839488;34295808;1397067776;0;0;0;0;0;0;0;0;0;0;0;3115;0;0;125;0;42;0;
21959;4746551;1195839488;34295808;1397067776;0;0;0;0;0;0;0;0;0;0;0;4218;0;0;125;0;42;0;
21960;6084390;1195839488;34295808;1397067776;0;0;0;0;0;0;0;0;0;0;0;3316;0;0;125;0;42;0;
21961;4326423;1195839488;34295808;1397067776;0;0;0;0;0;0;0;0;0;0;0;3186;0;0;125;0;42;0;
21962;5161410;1195839488;34295808;1397067776;0;0;0;0;0;0;0;0;0;0;0;3577;0;0;125;0;42;0;
21963;5071591;1195839488;34295808;1397067776;0;0;0;0;0;0;0;0;0;0;0;3977;0;0;125;0;42;0;
21964;5175657;1195839488;34295808;1397067776;0;0;0;0;0;0;0;0;0;0;0;3837;0;0;125;0;42;0;
21965;4723378;1195839488;34295808;1397067776;0;0;0;0;0;0;0;0;0;0;0;4168;0;0;125;0;42;0;
21966;5255095;1195839488;34295808;1397067776;0;0;0;0;0;0;0;0;0;0;0;3306;0;0;125;0;42;0;
21967;4925217;1195839488;34295808;1397067776;0;0;0;0;0;0;0;0;0;0;0;4068;0;0;125;0;42;0;
21968;5305049;1195839488;34295808;1397067776;0;0;0;0;0;0;0;0;0;0;0;3507;0;0;125;0;42;0;
21969;4836430;1195839488;34295808;1397067776;0;0;0;0;0;0;0;0;0;0;0;3997;0;0;125;0;42;0;
21970;5148074;1195839488;34295808;1397067776;0;0;0;0;0;0;0;0;0;0;0;3547;0;0;125;0;42;0;
21971;4516951;1195839488;34295808;1397067776;0;0;0;0;0;0;0;0;0;0;0;3947;0;0;125;0;42;0;
21972;5456653;1195839488;34295808;1397067776;0;0;0;0;0;0;0;0;0;0;0;3277;0;0;125;0;42;0;
21973;5270534;1195839488;34295808;1397067776;0;0;0;0;0;0;0;0;0;0;0;3988;0;0;125;0;42;0;
21974;5178391;1195839488;34295808;1397067776;0;0;0;0;0;0;0;0;0;0;0;3636;0;0;125;0;42;0;
21975;4463581;1195839488;34295808;1397067776;0;0;0;0;0;0;0;0;0;0;0;4358;0;0;125;0;42;0;
21976;5629508;1195839488;34295808;1397067776;0;0;0;0;0;0;0;0;0;0;0;3396;0;0;125;0;42;0;
21977;4589046;1195839488;34295808;1397067776;0;0;0;0;0;0;0;0;0;0;0;4529;0;0;125;0;42;0;
21978;5118469;1195839488;34295808;1397067776;0;0;0;0;0;0;0;0;0;0;0;3276;0;0;125;0;42;0;
21979;5152853;1195839488;34295808;1397067776;0;0;0;0;0;0;0;0;0;0;0;4408;0;0;125;0;42;0;
21980;5301062;1195839488;34295808;1397067776;0;0;0;0;0;0;0;0;0;0;0;3476;0;0;125;0;42;0;
21981;4365827;1195839488;34295808;1397067776;0;0;0;0;0;0;0;0;0;0;0;4258;0;0;125;0;42;0;
21982;6221017;1195839488;34295808;1397067776;0;0;0;0;0;0;0;0;0;0;0;3296;0;0;125;0;42;0;
21983;5212285;1195839488;34295808;1397067776;0;0;0;0;0;0;0;0;0;0;0;5180;0;0;125;0;42;0;
21984;5017149;1195839488;34295808;1397067776;0;0;0;0;0;0;0;0;0;0;0;3476;0;0;125;0;42;0;
21985;5498602;1195839488;34295808;1397067776;0;0;0;0;0;0;0;0;0;0;0;3888;0;0;125;0;42;0;
21986;5776443;1195839488;34295808;1397067776;0;0;0;0;0;0;0;0;0;0;0;3256;0;0;125;0;42;0;
21987;4624603;1195839488;34295808;1397067776;0;0;0;0;0;0;0;0;0;0;0;4398;0;0;125;0;42;0;
21988;5138437;1195839488;34295808;1397067776;0;0;0;0;0;0;0;0;0;0;0;2935;0;0;125;0;42;0;
21989;5293186;1195839488;34295808;1397067776;0;0;0;0;0;0;0;0;0;0;0;4398;0;0;125;0;42;0;
21990;4937449;1195839488;34295808;1397067776;0;0;0;0;0;0;0;0;0;0;0;3336;0;0;125;0;42;0;
21991;4201370;1195839488;34295808;1397067776;0;0;0;0;0;0;0;0;0;0;0;5139;0;0;125;0;42;0;
21992;5391751;1195839488;34295808;1397067776;0;0;0;0;0;0;0;0;0;0;0;4389;0;0;125;0;42;0;
21993;5053607;1195839488;34295808;1397067776;0;0;0;0;0;0;0;0;0;0;0;4147;0;0;125;0;42;0;
21994;5193009;1195839488;34295808;1397067776;0;0;0;0;0;0;0;0;0;0;0;3337;0;0;125;0;42;0;
21995;4840858;1195839488;34295808;1397067776;0;0;0;0;0;0;0;0;0;0;0;4729;0;0;125;0;42;0;
21996;5477913;1195839488;34295808;1397067776;0;0;0;0;0;0;0;0;0;0;0;3527;0;0;125;0;42;0;
21997;4919787;1195839488;34295808;1397067776;0;0;0;0;0;0;0;0;0;0;0;4218;0;0;125;0;42;0;
21998;5363088;1195839488;34295808;1397067776;0;0;0;0;0;0;0;0;0;0;0;4158;0;0;125;0;42;0;
21999;5249024;1195839488;34295808;1397067776;0;0;0;0;0;0;0;0;0;0;0;4438;0;0;125;0;42;0;
22000;5260135;1195839488;34295808;1397067776;0;0;0;0;0;0;0;0;0;0;0;3526;0;0;125;0;42;0;
22001;5329165;1195839488;34295808;1397067776;0;0;0;0;0;0;0;0;0;0;0;4789;0;0;125;0;42;0;
22002;5460300;1195839488;34295808;1397067776;0;0;0;0;0;0;0;0;0;0;0;3526;0;0;125;0;42;0;
22003;4496863;1195839488;34295808;1397067776;0;0;0;0;0;0;0;0;0;0;0;4539;0;0;125;0;42;0;
22004;5005006;1195839488;34295808;1397067776;0;0;0;0;0;0;0;0;0;0;0;3446;0;0;125;0;42;0;
22005;4882917;1195839488;34295808;1397067776;0;0;0;0;0;0;0;0;0;0;0;4188;0;0;125;0;42;0;
22006;5039952;1195839488;34295808;1397067776;0;0;0;0;0;0;0;0;0;0;0;3587;0;0;125;0;42;0;
22007;4438685;1195839488;34295808;1397067776;0;0;0;0;0;0;0;0;0;0;0;3927;0;0;125;0;42;0;
22008;5675313;1195839488;34295808;1397067776;0;0;0;0;0;0;0;0;0;0;0;3777;0;0;125;0;42;0;
22009;5224769;1195839488;34295808;1397067776;0;0;0;0;0;0;0;0;0;0;0;3937;0;0;125;0;42;0;
22010;4953430;1195839488;34295808;1397067776;0;0;0;0;0;0;0;0;0;0;0;3126;0;0;125;0;42;0;
22011;5448538;1195839488;34295808;1397067776;0;0;0;0;0;0;0;0;0;0;0;4488;0;0;125;0;42;0;
22012;5343271;1195839488;34295808;1397067776;0;0;0;0;0;0;0;0;0;0;0;3256;0;0;125;0;42;0;
22013;4842842;1195839488;34295808;1397067776;0;0;0;0;0;0;0;0;0;0;0;4198;0;0;125;0;42;0;
22014;5478515;1195839488;34295808;1397067776;0;0;0;0;0;0;0;0;0;0;0;3397;0;0;125;0;42;0;
22015;4871536;1195839488;34295808;1397067776;0;0;0;0;0;0;0;0;0;0;0;4398;0;0;125;0;42;0;
22016;5118970;1195839488;34295808;1397067776;0;0;0;0;0;0;0;0;0;0;0;3667;0;0;125;0;42;0;
22017;4568137;1195839488;34295808;1397067776;0;0;0;0;0;0;0;0;0;0;0;5009;0;0;125;0;42;0;
22018;5427098;1195839488;34295808;1397067776;0;0;0;0;0;0;0;0;0;0;0;3396;0;0;125;0;42;0;
22019;5146982;1195839488;34295808;1397067776;0;0;0;0;0;0;0;0;0;0;0;4599;0;0;125;0;42;0;
22020;4980300;1195839488;34295808;1397067776;0;0;0;0;0;0;0;0;0;0;0;3326;0;0;125;0;42;0;
22021;4363854;1195839488;34295808;1397067776;0;0;0;0;0;0;0;0;0;0;0;3937;0;0;125;0;42;0;
22022;5657340;1195839488;34295808;1397067776;0;0;0;0;0;0;0;0;0;0;0;3586;0;0;125;0;42;0;
22023;4797918;1195839488;34295808;1397067776;0;0;0;0;0;0;0;0;0;0;0;4107;0;0;125;0;42;0;
22024;5679120;1195839488;34295808;1397067776;0;0;0;0;0;0;0;0;0;0;0;3066;0;0;125;0;42;0;
22025;5311591;1195839488;34295808;1397067776;0;0;0;0;0;0;0;0;0;0;0;4448;0;0;125;0;42;0;
22026;4945354;1195839488;34295808;1397067776;0;0;0;0;0;0;0;0;0;0;0;3526;0;0;125;0;42;0;
22027;4569389;1195839488;34295808;1397067776;0;0;0;0;0;0;0;0;0;0;0;3937;0;0;125;0;42;0;
22028;5217345;1195839488;34295808;1397067776;0;0;0;0;0;0;0;0;0;0;0;3276;0;0;125;0;42;0;
22029;5056894;1195839488;34295808;1397067776;0;0;0;0;0;0;0;0;0;0;0;4649;0;0;125;0;42;0;
22030;5773668;1195839488;34295808;1397067776;0;0;0;0;0;0;0;0;0;0;0;3466;0;0;125;0;42;0;
22031;4985690;1195839488;34295808;1397067776;0;0;0;0;0;0;0;0;0;0;0;4599;0;0;125;0;42;0;
22032;10637459;1195839488;34295808;1397067776;0;0;0;0;0;0;0;0;0;0;0;3286;0;0;125;0;42;0;
22033;5829072;1195839488;34295808;1397067776;0;0;0;0;0;0;0;0;0;0;0;4128;0;0;125;0;42;0;
22034;5258171;1195839488;34295808;1397067776;0;0;0;0;0;0;0;0;0;0;0;3496;0;0;125;0;42;0;
22035;4798318;1195839488;34295808;1397067776;0;0;0;0;0;0;0;0;0;0;0;4358;0;0;125;0;42;0;
22036;5555719;1195839488;34295808;1397067776;0;0;0;0;0;0;0;0;0;0;0;3807;0;0;125;0;42;0;
22037;5317472;1195839488;34295808;1397067776;0;0;0;0;0;0;0;0;0;0;0;5280;0;0;125;0;42;0;
22038;4889349;1195839488;34295808;1397067776;0;0;0;0;0;0;0;0;0;0;0;4008;0;0;125;0;42;0;
22039;4416893;1195839488;34295808;1397067776;0;0;0;0;0;0;0;0;0;0;0;4949;0;0;125;0;42;0;
22040;6176153;1195839488;34295808;1397067776;0;0;0;0;0;0;0;0;0;0;0;4248;0;0;125;0;42;0;
22041;4432322;1195839488;34295808;1397067776;0;0;0;0;0;0;0;0;0;0;0;4939;0;0;125;0;42;0;
22042;5131403;1195839488;34295808;1397067776;0;0;0;0;0;0;0;0;0;0;0;3366;0;0;125;0;42;0;
22043;5194252;1195839488;34295808;1397067776;0;0;0;0;0;0;0;0;0;0;0;4408;0;0;125;0;42;0;
22044;5022168;1195839488;34295808;1397067776;0;0;0;0;0;0;0;0;0;0;0;3797;0;0;125;0;42;0;
22045;5055641;1195839488;34295808;1397067776;0;0;0;0;0;0;0;0;0;0;0;4408;0;0;125;0;42;0;
22046;5595624;1195839488;34295808;1397067776;0;0;0;0;0;0;0;0;0;0;0;3076;0;0;125;0;42;0;
22047;4640312;1195839488;34295808;1397067776;0;0;0;0;0;0;0;0;0;0;0;3456;0;0;125;0;42;0;
22048;5915103;1195839488;34295808;1397067776;0;0;0;0;0;0;0;0;0;0;0;3626;0;0;125;0;42;0;
22049;5505374;1195839488;34295808;1397067776;0;0;0;0;0;0;0;0;0;0;0;4779;0;0;125;0;42;0;
22050;5297405;1195839488;34295808;1397067776;0;0;0;0;0;0;0;0;0;0;0;3327;0;0;125;0;42;0;
22051;4634211;1195839488;34295808;1397067776;0;0;0;0;0;0;0;0;0;0;0;3667;0;0;125;0;42;0;
22052;5378476;1195839488;34295808;1397067776;0;0;0;0;0;0;0;0;0;0;0;3346;0;0;125;0;42;0;
22053;4877487;1195839488;34295808;1397067776;0;0;0;0;0;0;0;0;0;0;0;3627;0;0;125;0;42;0;
22054;5206804;1195839488;34295808;1397067776;0;0;0;0;0;0;0;0;0;0;0;3757;0;0;125;0;42;0;
22055;5320257;1195839488;34295808;1397067776;0;0;0;0;0;0;0;0;0;0;0;4128;0;0;125;0;42;0;
22056;5627634;1195839488;34295808;1397067776;0;0;0;0;0;0;0;0;0;0;0;3196;0;0;125;0;42;0;
22057;4480713;1195839488;34295808;1397067776;0;0;0;0;0;0;0;0;0;0;0;4168;0;0;125;0;42;0;
22058;5506026;1195839488;34295808;1397067776;0;0;0;0;0;0;0;0;0;0;0;3827;0;0;125;0;42;0;
22059;4845828;1195839488;34295808;1397067776;0;0;0;0;0;0;0;0;0;0;0;4468;0;0;125;0;42;0;
22060;5303907;1195839488;34295808;1397067776;0;0;0;0;0;0;0;0;0;0;0;3366;0;0;125;0;42;0;
22061;4165922;1195839488;34295808;1397067776;0;0;0;0;0;0;0;0;0;0;0;3927;0;0;125;0;42;0;
22062;5894835;1195839488;34295808;1397067776;0;0;0;0;0;0;0;0;0;0;0;3497;0;0;125;0;42;0;
22063;4468971;1195839488;34295808;1397067776;0;0;0;0;0;0;0;0;0;0;0;4579;0;0;125;0;42;0;
22064;5750053;1195839488;34295808;1397067776;0;0;0;0;0;0;0;0;0;0;0;3456;0;0;125;0;42;0;
22065;5172140;1195839488;34295808;1397067776;0;0;0;0;0;0;0;0;0;0;0;4118;0;0;125;0;42;0;
22066;5594863;1195839488;34295808;1397067776;0;0;0;0;0;0;0;0;0;0;0;3807;0;0;125;0;42;0;
22067;4617630;1195839488;34295808;1397067776;0;0;0;0;0;0;0;0;0;0;0;5049;0;0;125;0;42;0;
22068;5602517;1195839488;34295808;1397067776;0;0;0;0;0;0;0;0;0;0;0;3677;0;0;125;0;42;0;
22069;5036234;1195839488;34295808;1397067776;0;0;0;0;0;0;0;0;0;0;0;4378;0;0;125;0;42;0;
22070;5375060;1195839488;34295808;1397067776;0;0;0;0;0;0;0;0;0;0;0;3647;0;0;125;0;42;0;
22071;5144247;1195839488;34295808;1397067776;0;0;0;0;0;0;0;0;0;0;0;4368;0;0;125;0;42;0;
22072;5049710;1195839488;34295808;1397067776;0;0;0;0;0;0;0;0;0;0;0;3607;0;0;125;0;42;0;
22073;5783215;1195839488;34295808;1397067776;0;0;0;0;0;0;0;0;0;0;0;3687;0;0;125;0;42;0;
22074;6459704;1195839488;34295808;1397067776;0;0;0;0;0;0;0;0;0;0;0;3256;0;0;125;0;42;0;
22075;5690102;1195839488;34295808;1397067776;0;0;0;0;0;0;0;0;0;0;0;4549;0;0;125;0;42;0;
22076;5314406;1195839488;34295808;1397067776;0;0;0;0;0;0;0;0;0;0;0;3086;0;0;125;0;42;0;
22077;4833635;1195839488;34295808;1397067776;0;0;0;0;0;0;0;0;0;0;0;4518;0;0;125;0;42;0;
22078;6464223;1195839488;34295808;1397067776;0;0;0;0;0;0;0;0;0;0;0;3106;0;0;125;0;42;0;
22079;4397167;1195839488;34295808;1397067776;0;0;0;0;0;0;0;0;0;0;0;3557;0;0;125;0;42;0;
22080;5551652;1195839488;34295808;1397067776;0;0;0;0;0;0;0;0;0;0;0;3286;0;0;125;0;42;0;
22081;5400518;1195839488;34295808;1397067776;0;0;0;0;0;0;0;0;0;0;0;4338;0;0;125;0;42;0;
22082;5540681;1195839488;34295808;1397067776;0;0;0;0;0;0;0;0;0;0;0;3016;0;0;125;0;42;0;
22083;5127406;1195839488;34295808;1397067776;0;0;0;0;0;0;0;0;0;0;0;4719;0;0;125;0;42;0;
22084;5483534;1195839488;34295808;1397067776;0;0;0;0;0;0;0;0;0;0;0;3216;0;0;125;0;42;0;
22085;4755278;1195839488;34295808;1397067776;0;0;0;0;0;0;0;0;0;0;0;3797;0;0;125;0;42;0;
22086;5442006;1195839488;34295808;1397067776;0;0;0;0;0;0;0;0;0;0;0;3336;0;0;125;0;42;0;
22087;5066512;1195839488;34295808;1397067776;0;0;0;0;0;0;0;0;0;0;0;4188;0;0;125;0;42;0;
22088;6343627;1195839488;34295808;1397067776;0;0;0;0;0;0;0;0;0;0;0;4328;0;0;125;0;42;0;
22089;4355188;1195839488;34304000;1397075968;0;0;0;0;0;0;0;0;0;0;0;3286;0;0;125;0;42;0;
22090;5653433;1195839488;34304000;1397075968;0;0;0;0;0;0;0;0;0;0;0;3717;0;0;125;0;42;0;
22091;4461808;1195839488;34304000;1397075968;0;0;0;0;0;0;0;0;0;0;0;4178;0;0;125;0;42;0;
22092;5220330;1195839488;34304000;1397075968;0;0;0;0;0;0;0;0;0;0;0;3898;0;0;125;0;42;0;
22093;4955334;1195839488;34304000;1397075968;0;0;0;0;0;0;0;0;0;0;0;4138;0;0;125;0;42;0;
22094;5581066;1195839488;34304000;1397075968;0;0;0;0;0;0;0;0;0;0;0;3487;0;0;125;0;42;0;
22095;4220305;1196072960;34295808;1397067776;0;0;0;0;0;0;0;0;0;0;0;4198;0;0;125;0;42;0;
22096;5501017;1196072960;34295808;1397067776;0;0;0;0;0;0;0;0;0;0;0;3567;0;0;125;0;42;0;
22097;4647095;1196072960;34295808;1397067776;0;0;0;0;0;0;0;0;0;0;0;3847;0;0;125;0;42;0;
22098;5891949;1196072960;34295808;1397067776;0;0;0;0;0;0;0;0;0;0;0;3316;0;0;125;0;42;0;
22099;4607251;1196072960;34295808;1397067776;0;0;0;0;0;0;0;0;0;0;0;3737;0;0;125;0;42;0;
22100;5667478;1196072960;34295808;1397067776;0;0;0;0;0;0;0;0;0;0;0;2916;0;0;125;0;42;0;
22101;5014164;1196072960;34295808;1397067776;0;0;0;0;0;0;0;0;0;0;0;3216;0;0;125;0;42;0;
22102;6336593;1196072960;34295808;1397067776;0;0;0;0;0;0;0;0;0;0;0;3476;0;0;125;0;42;0;
22103;5543516;1196072960;34295808;1397067776;0;0;0;0;0;0;0;0;0;0;0;4910;0;0;125;0;42;0;
22104;5448698;1196072960;34295808;1397067776;0;0;0;0;0;0;0;0;0;0;0;3286;0;0;125;0;42;0;
22105;5445172;1196072960;34295808;1397067776;0;0;0;0;0;0;0;0;0;0;0;4117;0;0;125;0;42;0;
22106;5333282;1196072960;34295808;1397067776;0;0;0;0;0;0;0;0;0;0;0;3326;0;0;125;0;42;0;
22107;4747984;1196072960;34295808;1397067776;0;0;0;0;0;0;0;0;0;0;0;3437;0;0;125;0;42;0;
22108;4985619;1196072960;34295808;1397067776;0;0;0;0;0;0;0;0;0;0;0;2525;0;0;125;0;42;0;
22109;4717146;1196072960;34295808;1397067776;0;0;0;0;0;0;0;0;0;0;0;4248;0;0;125;0;42;0;
22110;8847472;1196072960;34295808;1397067776;0;0;0;0;0;0;0;0;0;0;0;3677;0;0;125;0;42;0;
22111;7576800;1196072960;34295808;1397067776;0;0;0;0;0;0;0;0;0;0;0;3737;0;0;125;0;42;0;
22112;5790550;1196072960;34295808;1397067776;0;0;0;0;0;0;0;0;0;0;0;3336;0;0;125;0;42;0;
22113;5057635;1196072960;34295808;1397067776;0;0;0;0;0;0;0;0;0;0;0;4318;0;0;125;0;42;0;
22114;5901768;1196072960;34295808;1397067776;0;0;0;0;0;0;0;0;0;0;0;3527;0;0;125;0;42;0;
22115;4472858;1196072960;34295808;1397067776;0;0;0;0;0;0;0;0;0;0;0;3767;0;0;125;0;42;0;
22116;5636150;1196072960;34295808;1397067776;0;0;0;0;0;0;0;0;0;0;0;3206;0;0;125;0;42;0;
22117;4047010;1196072960;34295808;1397067776;0;0;0;0;0;0;0;0;0;0;0;3096;0;0;125;0;42;0;
22118;5214028;1196072960;34295808;1397067776;0;0;0;0;0;0;0;0;0;0;0;2915;0;0;125;0;42;0;
22119;4153019;1196072960;34295808;1397067776;0;0;0;0;0;0;0;0;0;0;0;3426;0;0;125;0;42;0;
22120;4992182;1196072960;34295808;1397067776;0;0;0;0;0;0;0;0;0;0;0;2865;0;0;125;0;42;0;
22121;3830924;1196072960;34295808;1397067776;0;0;0;0;0;0;0;0;0;0;0;3296;0;0;125;0;42;0;
22122;5444842;1196072960;34295808;1397067776;0;0;0;0;0;0;0;0;0;0;0;3617;0;0;125;0;42;0;
22123;3591846;1196072960;34295808;1397067776;0;0;0;0;0;0;0;0;0;0;0;3807;0;0;125;0;42;0;
22124;5103010;1196072960;34295808;1397067776;0;0;0;0;0;0;0;0;0;0;0;2746;0;0;125;0;42;0;
22125;4114797;1196072960;34295808;1397067776;0;0;0;0;0;0;0;0;0;0;0;3677;0;0;125;0;42;0;
22126;5262089;1196072960;34295808;1397067776;0;0;0;0;0;0;0;0;0;0;0;2695;0;0;125;0;42;0;
22127;3106055;1196072960;34295808;1397067776;0;0;0;0;0;0;0;0;0;0;0;3677;0;0;125;0;42;0;
22128;4968047;1196072960;34295808;1397067776;0;0;0;0;0;0;0;0;0;0;0;3036;0;0;125;0;42;0;
22129;4180851;1196072960;34295808;1397067776;0;0;0;0;0;0;0;0;0;0;0;3076;0;0;125;0;42;0;
22130;4830840;1196072960;34295808;1397067776;0;0;0;0;0;0;0;0;0;0;0;2825;0;0;125;0;42;0;
22131;3956479;1196072960;34295808;1397067776;0;0;0;0;0;0;0;0;0;0;0;3276;0;0;125;0;42;0;
22132;5078264;1196072960;34295808;1397067776;0;0;0;0;0;0;0;0;0;0;0;3035;0;0;125;0;42;0;
22133;4175882;1196072960;34295808;1397067776;0;0;0;0;0;0;0;0;0;0;0;3346;0;0;125;0;42;0;
22134;4803138;1196072960;34295808;1397067776;0;0;0;0;0;0;0;0;0;0;0;3096;0;0;125;0;42;0;
22135;3571809;1196072960;34295808;1397067776;0;0;0;0;0;0;0;0;0;0;0;3576;0;0;125;0;42;0;
22136;5020085;1196072960;34295808;1397067776;0;0;0;0;0;0;0;0;0;0;0;2896;0;0;125;0;42;0;
22137;3774959;1196072960;34295808;1397067776;0;0;0;0;0;0;0;0;0;0;0;3526;0;0;125;0;42;0;
22138;5000187;1196072960;34295808;1397067776;0;0;0;0;0;0;0;0;0;0;0;3116;0;0;125;0;42;0;
22139;5556771;1196072960;34295808;1397067776;0;0;0;0;0;0;0;0;0;0;0;4438;0;0;125;0;42;0;
22140;5450963;1196072960;34295808;1397067776;0;0;0;0;0;0;0;0;0;0;0;3647;0;0;125;0;42;0;
22141;5321771;1196072960;34295808;1397067776;0;0;0;0;0;0;0;0;0;0;0;3366;0;0;125;0;42;0;
22142;4670399;1196072960;34295808;1397067776;0;0;0;0;0;0;0;0;0;0;0;3136;0;0;125;0;42;0;
22143;4892365;1196072960;34295808;1397067776;0;0;0;0;0;0;0;0;0;0;0;3667;0;0;125;0;42;0;
22144;4603283;1196072960;34295808;1397067776;0;0;0;0;0;0;0;0;0;0;0;3086;0;0;125;0;42;0;
22145;3981216;1196072960;34295808;1397067776;0;0;0;0;0;0;0;0;0;0;0;3547;0;0;125;0;42;0;
22146;4734890;1196072960;34295808;1397067776;0;0;0;0;0;0;0;0;0;0;0;3136;0;0;125;0;42;0;
22147;4288824;1196072960;34295808;1397067776;0;0;0;0;0;0;0;0;0;0;0;3707;0;0;125;0;42;0;
22148;5120783;1196072960;34295808;1397067776;0;0;0;0;0;0;0;0;0;0;0;3076;0;0;125;0;42;0;
22149;3742118;1196072960;34295808;1397067776;0;0;0;0;0;0;0;0;0;0;0;3276;0;0;125;0;42;0;
22150;5095987;1196072960;34295808;1397067776;0;0;0;0;0;0;0;0;0;0;0;3166;0;0;125;0;42;0;
22151;4401996;1196072960;34295808;1397067776;0;0;0;0;0;0;0;0;0;0;0;3777;0;0;125;0;42;0;
22152;4846479;1196072960;34295808;1397067776;0;0;0;0;0;0;0;0;0;0;0;3286;0;0;125;0;42;0;
22153;3501065;1196072960;34295808;1397067776;0;0;0;0;0;0;0;0;0;0;0;4118;0;0;125;0;42;0;
22154;5235458;1196072960;34295808;1397067776;0;0;0;0;0;0;0;0;0;0;0;3276;0;0;125;0;42;0;
22155;4401555;1196072960;34295808;1397067776;0;0;0;0;0;0;0;0;0;0;0;4047;0;0;125;0;42;0;
22156;5461422;1196072960;34295808;1397067776;0;0;0;0;0;0;0;0;0;0;0;3306;0;0;125;0;42;0;
22157;3527836;1196072960;34295808;1397067776;0;0;0;0;0;0;0;0;0;0;0;3427;0;0;125;0;42;0;
22158;6789924;1196072960;34295808;1397067776;0;0;0;0;0;0;0;0;0;0;0;3426;0;0;125;0;42;0;
22159;3745855;1196072960;34295808;1397067776;0;0;0;0;0;0;0;0;0;0;0;3567;0;0;125;0;42;0;
22160;4925316;1196072960;34295808;1397067776;0;0;0;0;0;0;0;0;0;0;0;2775;0;0;125;0;42;0;
22161;4044606;1196072960;34295808;1397067776;0;0;0;0;0;0;0;0;0;0;0;3536;0;0;125;0;42;0;
22162;4787028;1196072960;34295808;1397067776;0;0;0;0;0;0;0;0;0;0;0;2825;0;0;125;0;42;0;
22163;5040673;1196072960;34295808;1397067776;0;0;0;0;0;0;0;0;0;0;0;4378;0;0;125;0;42;0;
22164;5318965;1196072960;34295808;1397067776;0;0;0;0;0;0;0;0;0;0;0;3587;0;0;125;0;42;0;
22165;5407982;1196072960;34295808;1397067776;0;0;0;0;0;0;0;0;0;0;0;3807;0;0;125;0;42;0;
22166;5214209;1196072960;34295808;1397067776;0;0;0;0;0;0;0;0;0;0;0;2786;0;0;125;0;42;0;
22167;5024673;1196072960;34295808;1397067776;0;0;0;0;0;0;0;0;0;0;0;3727;0;0;125;0;42;0;
22168;5504934;1196072960;34295808;1397067776;0;0;0;0;0;0;0;0;0;0;0;3145;0;0;125;0;42;0;
22169;3680573;1196072960;34295808;1397067776;0;0;0;0;0;0;0;0;0;0;0;3317;0;0;125;0;42;0;
22170;5285362;1196072960;34295808;1397067776;0;0;0;0;0;0;0;0;0;0;0;3687;0;0;125;0;42;0;
22171;4633239;1196072960;34295808;1397067776;0;0;0;0;0;0;0;0;0;0;0;4538;0;0;125;0;42;0;
22172;5623968;1196072960;34295808;1397067776;0;0;0;0;0;0;0;0;0;0;0;3066;0;0;125;0;42;0;
22173;3880998;1196072960;34295808;1397067776;0;0;0;0;0;0;0;0;0;0;0;3436;0;0;125;0;42;0;
22174;5584923;1196072960;34295808;1397067776;0;0;0;0;0;0;0;0;0;0;0;4138;0;0;125;0;42;0;
22175;5068425;1196072960;34295808;1397067776;0;0;0;0;0;0;0;0;0;0;0;4108;0;0;125;0;42;0;
22176;5427629;1196072960;34295808;1397067776;0;0;0;0;0;0;0;0;0;0;0;3416;0;0;125;0;42;0;
22177;4191571;1196072960;34295808;1397067776;0;0;0;0;0;0;0;0;0;0;0;3767;0;0;125;0;42;0;
22178;6150324;1196072960;34295808;1397067776;0;0;0;0;0;0;0;0;0;0;0;4308;0;0;125;0;42;0;
22179;4902163;1196072960;34295808;1397067776;0;0;0;0;0;0;0;0;0;0;0;4458;0;0;125;0;42;0;
22180;5333251;1196072960;34295808;1397067776;0;0;0;0;0;0;0;0;0;0;0;3537;0;0;125;0;42;0;
22181;5193079;1196072960;34295808;1397067776;0;0;0;0;0;0;0;0;0;0;0;4448;0;0;125;0;42;0;
22182;5555799;1196072960;34295808;1397067776;0;0;0;0;0;0;0;0;0;0;0;3687;0;0;125;0;42;0;
22183;4796705;1196072960;34295808;1397067776;0;0;0;0;0;0;0;0;0;0;0;4048;0;0;125;0;42;0;
22184;5564856;1196072960;34295808;1397067776;0;0;0;0;0;0;0;0;0;0;0;3476;0;0;125;0;42;0;
22185;5021327;1196072960;34295808;1397067776;0;0;0;0;0;0;0;0;0;0;0;3787;0;0;125;0;42;0;
22186;5104062;1196072960;34295808;1397067776;0;0;0;0;0;0;0;0;0;0;0;3426;0;0;125;0;42;0;
22187;4773442;1196072960;34295808;1397067776;0;0;0;0;0;0;0;0;0;0;0;4689;0;0;125;0;42;0;
22188;5414624;1196072960;34295808;1397067776;0;0;0;0;0;0;0;0;0;0;0;3697;0;0;125;0;42;0;
22189;4832373;1196072960;34295808;1397067776;0;0;0;0;0;0;0;0;0;0;0;4248;0;0;125;0;42;0;
22190;6233029;1196072960;34295808;1397067776;0;0;0;0;0;0;0;0;0;0;0;3226;0;0;125;0;42;0;
22191;5586487;1196072960;34295808;1397067776;0;0;0;0;0;0;0;0;0;0;0;4869;0;0;125;0;42;0;
22192;5473094;1196072960;34295808;1397067776;0;0;0;0;0;0;0;0;0;0;0;3406;0;0;125;0;42;0;
22193;5624128;1196072960;34295808;1397067776;0;0;0;0;0;0;0;0;0;0;0;4789;0;0;125;0;42;0;
22194;5611324;1196072960;34295808;1397067776;0;0;0;0;0;0;0;0;0;0;0;3837;0;0;125;0;42;0;
22195;6538302;1196072960;34295808;1397067776;0;0;0;0;0;0;0;0;0;0;0;7434;0;0;125;0;42;0;
22196;6282091;1196072960;34295808;1397067776;0;0;0;0;0;0;0;0;0;0;0;3246;0;0;125;0;42;0;
22197;4500050;1196072960;34295808;1397067776;0;0;0;0;0;0;0;0;0;0;0;3707;0;0;125;0;42;0;
22198;5300761;1196072960;34295808;1397067776;0;0;0;0;0;0;0;0;0;0;0;3015;0;0;125;0;42;0;
22199;3959696;1196072960;34295808;1397067776;0;0;0;0;0;0;0;0;0;0;0;3556;0;0;125;0;42;0;
22200;5868365;1196072960;34295808;1397067776;0;0;0;0;0;0;0;0;0;0;0;3116;0;0;125;0;42;0;
22201;3656767;1196072960;34295808;1397067776;0;0;0;0;0;0;0;0;0;0;0;4018;0;0;125;0;42;0;
22202;5397302;1196072960;34295808;1397067776;0;0;0;0;0;0;0;0;0;0;0;3497;0;0;125;0;42;0;
22203;4427313;1196072960;34295808;1397067776;0;0;0;0;0;0;0;0;0;0;0;4228;0;0;125;0;42;0;
22204;5006649;1196072960;34295808;1397067776;0;0;0;0;0;0;0;0;0;0;0;2555;0;0;125;0;42;0;
22205;4373261;1196072960;34295808;1397067776;0;0;0;0;0;0;0;0;0;0;0;3156;0;0;125;0;42;0;
22206;5481470;1196072960;34295808;1397067776;0;0;0;0;0;0;0;0;0;0;0;2775;0;0;125;0;42;0;
22207;4765958;1196072960;34295808;1397067776;0;0;0;0;0;0;0;0;0;0;0;3977;0;0;125;0;42;0;
22208;5182089;1196072960;34295808;1397067776;0;0;0;0;0;0;0;0;0;0;0;2885;0;0;125;0;42;0;
22209;4003197;1196072960;34295808;1397067776;0;0;0;0;0;0;0;0;0;0;0;3857;0;0;125;0;42;0;
22210;6525578;1196072960;34295808;1397067776;0;0;0;0;0;0;0;0;0;0;0;3306;0;0;125;0;42;0;
22211;3966549;1196072960;34295808;1397067776;0;0;0;0;0;0;0;0;0;0;0;3396;0;0;125;0;42;0;
22212;5268701;1196072960;34295808;1397067776;0;0;0;0;0;0;0;0;0;0;0;2955;0;0;125;0;42;0;
22213;4251453;1196072960;34295808;1397067776;0;0;0;0;0;0;0;0;0;0;0;3997;0;0;125;0;42;0;
22214;5313665;1196072960;34295808;1397067776;0;0;0;0;0;0;0;0;0;0;0;1904;0;0;125;0;42;0;
22215;4266131;1196072960;34295808;1397067776;0;0;0;0;0;0;0;0;0;0;0;2905;0;0;125;0;42;0;
22216;4950935;1196072960;34295808;1397067776;0;0;0;0;0;0;0;0;0;0;0;2916;0;0;125;0;42;0;
22217;3965838;1196072960;34295808;1397067776;0;0;0;0;0;0;0;0;0;0;0;3156;0;0;125;0;42;0;
22218;4977385;1196072960;34295808;1397067776;0;0;0;0;0;0;0;0;0;0;0;2645;0;0;125;0;42;0;
22219;3849780;1196072960;34295808;1397067776;0;0;0;0;0;0;0;0;0;0;0;3487;0;0;125;0;42;0;
22220;4751161;1196072960;34295808;1397067776;0;0;0;0;0;0;0;0;0;0;0;2465;0;0;125;0;42;0;
22221;4361679;1196072960;34295808;1397067776;0;0;0;0;0;0;0;0;0;0;0;3346;0;0;125;0;42;0;
22222;4975801;1196072960;34295808;1397067776;0;0;0;0;0;0;0;0;0;0;0;3016;0;0;125;0;42;0;
22223;4583005;1196072960;34295808;1397067776;0;0;0;0;0;0;0;0;0;0;0;3477;0;0;125;0;42;0;
22224;5622704;1196072960;34295808;1397067776;0;0;0;0;0;0;0;0;0;0;0;3346;0;0;125;0;42;0;
22225;4252324;1196072960;34295808;1397067776;0;0;0;0;0;0;0;0;0;0;0;2895;0;0;125;0;42;0;
22226;5161731;1196072960;34295808;1397067776;0;0;0;0;0;0;0;0;0;0;0;2514;0;0;125;0;42;0;
22227;6485593;1196072960;34295808;1397067776;0;0;0;0;0;0;0;0;0;0;0;5160;0;0;125;0;42;0;
22228;7160499;1196072960;34295808;1397067776;0;0;0;0;0;0;0;0;0;0;0;3397;0;0;125;0;42;0;
22229;4929014;1196072960;34295808;1397067776;0;0;0;0;0;0;0;0;0;0;0;7484;0;0;125;0;42;0;
22230;5157653;1196072960;34295808;1397067776;0;0;0;0;0;0;0;0;0;0;0;3076;0;0;125;0;42;0;
22231;4553039;1196072960;34295808;1397067776;0;0;0;0;0;0;0;0;0;0;0;4218;0;0;125;0;42;0;
22232;5009695;1196072960;34295808;1397067776;0;0;0;0;0;0;0;0;0;0;0;2615;0;0;125;0;42;0;
22233;3105234;1196072960;34295808;1397067776;0;0;0;0;0;0;0;0;0;0;0;2906;0;0;125;0;42;0;
22234;4788771;1196072960;34295808;1397067776;0;0;0;0;0;0;0;0;0;0;0;2314;0;0;125;0;42;0;
22235;2925547;1196072960;34295808;1397067776;0;0;0;0;0;0;0;0;0;0;0;2905;0;0;125;0;42;0;
22236;4681229;1196072960;34295808;1397067776;0;0;0;0;0;0;0;0;0;0;0;2364;0;0;125;0;42;0;
22237;2697829;1196072960;34295808;1397067776;0;0;0;0;0;0;0;0;0;0;0;2915;0;0;125;0;42;0;
22238;5106176;1196072960;34295808;1397067776;0;0;0;0;0;0;0;0;0;0;0;2325;0;0;125;0;42;0;
22239;2095320;1196072960;34295808;1397067776;0;0;0;0;0;0;0;0;0;0;0;2565;0;0;125;0;42;0;
22240;4618501;1196072960;34295808;1397067776;0;0;0;0;0;0;0;0;0;0;0;2234;0;0;125;0;42;0;
22241;2064903;1196072960;34295808;1397067776;0;0;0;0;0;0;0;0;0;0;0;2815;0;0;125;0;42;0;
22242;4676139;1196072960;34295808;1397067776;0;0;0;0;0;0;0;0;0;0;0;2134;0;0;125;0;42;0;
22243;3846714;1196072960;34295808;1397067776;0;0;0;0;0;0;0;0;0;0;0;2956;0;0;125;0;42;0;
22244;4868991;1196072960;34295808;1397067776;0;0;0;0;0;0;0;0;0;0;0;2574;0;0;125;0;42;0;
22245;2838864;1196072960;34295808;1397067776;0;0;0;0;0;0;0;0;0;0;0;2805;0;0;125;0;42;0;
22246;4472528;1196072960;34295808;1397067776;0;0;0;0;0;0;0;0;0;0;0;2524;0;0;125;0;42;0;
22247;3966349;1196072960;34295808;1397067776;0;0;0;0;0;0;0;0;0;0;0;2655;0;0;125;0;42;0;
22248;4620455;1196072960;34295808;1397067776;0;0;0;0;0;0;0;0;0;0;0;2374;0;0;125;0;42;0;
22249;3326298;1196072960;34295808;1397067776;0;0;0;0;0;0;0;0;0;0;0;2524;0;0;125;0;42;0;
22250;4571483;1196072960;34295808;1397067776;0;0;0;0;0;0;0;0;0;0;0;2164;0;0;125;0;42;0;
22251;3617184;1196072960;34295808;1397067776;0;0;0;0;0;0;0;0;0;0;0;2675;0;0;125;0;42;0;
22252;4707969;1196072960;34295808;1397067776;0;0;0;0;0;0;0;0;0;0;0;2665;0;0;125;0;42;0;
22253;2755277;1196072960;34295808;1397067776;0;0;0;0;0;0;0;0;0;0;0;2374;0;0;125;0;42;0;
22254;5198630;1196072960;34295808;1397067776;0;0;0;0;0;0;0;0;0;0;0;2264;0;0;125;0;42;0;
22255;4374795;1196072960;34295808;1397067776;0;0;0;0;0;0;0;0;0;0;0;2885;0;0;125;0;42;0;
22256;5019273;1196072960;34295808;1397067776;0;0;0;0;0;0;0;0;0;0;0;2755;0;0;125;0;42;0;
22257;3872382;1196072960;34295808;1397067776;0;0;0;0;0;0;0;0;0;0;0;3155;0;0;125;0;42;0;
22258;5078243;1196072960;34295808;1397067776;0;0;0;0;0;0;0;0;0;0;0;2414;0;0;125;0;42;0;
22259;4302549;1196072960;34295808;1397067776;0;0;0;0;0;0;0;0;0;0;0;3386;0;0;125;0;42;0;
22260;4812004;1196072960;34295808;1397067776;0;0;0;0;0;0;0;0;0;0;0;2354;0;0;125;0;42;0;
22261;4576613;1196072960;34295808;1397067776;0;0;0;0;0;0;0;0;0;0;0;3577;0;0;125;0;42;0;
22262;4919055;1196072960;34295808;1397067776;0;0;0;0;0;0;0;0;0;0;0;2905;0;0;125;0;42;0;
22263;4318439;1196072960;34295808;1397067776;0;0;0;0;0;0;0;0;0;0;0;4028;0;0;125;0;42;0;
22264;4867418;1196072960;34295808;1397067776;0;0;0;0;0;0;0;0;0;0;0;2916;0;0;125;0;42;0;
22265;4244630;1196072960;34295808;1397067776;0;0;0;0;0;0;0;0;0;0;0;2985;0;0;125;0;42;0;
22266;6019639;1196072960;34295808;1397067776;0;0;0;0;0;0;0;0;0;0;0;3106;0;0;125;0;42;0;
22267;3494063;1196072960;34295808;1397067776;0;0;0;0;0;0;0;0;0;0;0;3677;0;0;125;0;42;0;
22268;5342610;1196072960;34295808;1397067776;0;0;0;0;0;0;0;0;0;0;0;2575;0;0;125;0;42;0;
22269;4168959;1196072960;34295808;1397067776;0;0;0;0;0;0;0;0;0;0;0;3587;0;0;125;0;42;0;
22270;5118630;1196072960;34295808;1397067776;0;0;0;0;0;0;0;0;0;0;0;2675;0;0;125;0;42;0;
22271;3912587;1196072960;34295808;1397067776;0;0;0;0;0;0;0;0;0;0;0;3036;0;0;125;0;42;0;
22272;5530161;1196072960;34295808;1397067776;0;0;0;0;0;0;0;0;0;0;0;2525;0;0;125;0;42;0;
22273;4412495;1196072960;34295808;1397067776;0;0;0;0;0;0;0;0;0;0;0;2996;0;0;125;0;42;0;
22274;5067193;1196072960;34295808;1397067776;0;0;0;0;0;0;0;0;0;0;0;3296;0;0;125;0;42;0;
22275;3910934;1196072960;34295808;1397067776;0;0;0;0;0;0;0;0;0;0;0;3366;0;0;125;0;42;0;
22276;5222764;1196072960;34295808;1397067776;0;0;0;0;0;0;0;0;0;0;0;2164;0;0;125;0;42;0;
22277;4371909;1196072960;34295808;1397067776;0;0;0;0;0;0;0;0;0;0;0;3287;0;0;125;0;42;0;
22278;5262158;1196072960;34295808;1397067776;0;0;0;0;0;0;0;0;0;0;0;2344;0;0;125;0;42;0;
22279;4442372;1196072960;34295808;1397067776;0;0;0;0;0;0;0;0;0;0;0;2976;0;0;125;0;42;0;
22280;5158564;1196072960;34295808;1397067776;0;0;0;0;0;0;0;0;0;0;0;2454;0;0;125;0;42;0;
22281;4552658;1196072960;34295808;1397067776;0;0;0;0;0;0;0;0;0;0;0;3316;0;0;125;0;42;0;
22282;5133667;1196072960;34295808;1397067776;0;0;0;0;0;0;0;0;0;0;0;2224;0;0;125;0;42;0;
22283;5382895;1196072960;34295808;1397067776;0;0;0;0;0;0;0;0;0;0;0;6142;0;0;125;0;42;0;
22284;6221067;1196072960;34295808;1397067776;0;0;0;0;0;0;0;0;0;0;0;4098;0;0;125;0;42;0;
22285;6224183;1196072960;34295808;1397067776;0;0;0;0;0;0;0;0;0;0;0;17122;0;0;125;0;42;0;
22286;6620827;1196072960;34295808;1397067776;0;0;0;0;0;0;0;0;0;0;0;2926;0;0;125;0;42;0;
22287;5110995;1196072960;34295808;1397067776;0;0;0;0;0;0;0;0;0;0;0;4559;0;0;125;0;42;0;
22288;5244165;1196072960;34295808;1397067776;0;0;0;0;0;0;0;0;0;0;0;3166;0;0;125;0;42;0;
22289;5110043;1196072960;34295808;1397067776;0;0;0;0;0;0;0;0;0;0;0;3547;0;0;125;0;42;0;
22290;5745575;1196072960;34295808;1397067776;0;0;0;0;0;0;0;0;0;0;0;3818;0;0;125;0;42;0;
22291;4759907;1196072960;34295808;1397067776;0;0;0;0;0;0;0;0;0;0;0;3777;0;0;125;0;42;0;
22292;5482312;1196072960;34295808;1397067776;0;0;0;0;0;0;0;0;0;0;0;3296;0;0;125;0;42;0;
22293;4784924;1196072960;34295808;1397067776;0;0;0;0;0;0;0;0;0;0;0;4238;0;0;125;0;42;0;
22294;6106121;1196072960;34295808;1397067776;0;0;0;0;0;0;0;0;0;0;0;4528;0;0;125;0;42;0;
22295;4775105;1196072960;34304000;1397075968;0;0;0;0;0;0;0;0;0;0;0;3787;0;0;125;0;42;0;
22296;5373147;1196072960;34304000;1397075968;0;0;0;0;0;0;0;0;0;0;0;2765;0;0;125;0;42;0;
22297;5045623;1196072960;34304000;1397075968;0;0;0;0;0;0;0;0;0;0;0;3677;0;0;125;0;42;0;
22298;5590604;1196072960;34304000;1397075968;0;0;0;0;0;0;0;0;0;0;0;2554;0;0;125;0;42;0;
22299;4918644;1196072960;34304000;1397075968;0;0;0;0;0;0;0;0;0;0;0;4318;0;0;125;0;42;0;
22300;5248834;1196072960;34304000;1397075968;0;0;0;0;0;0;0;0;0;0;0;3256;0;0;125;0;42;0;
22301;5285162;1196072960;34295808;1397067776;0;0;0;0;0;0;0;0;0;0;0;3657;0;0;125;0;42;0;
22302;6136819;1196072960;34295808;1397067776;0;0;0;0;0;0;0;0;0;0;0;10890;0;0;125;0;42;0;
22303;4557787;1196072960;34295808;1397067776;0;0;0;0;0;0;0;0;0;0;0;3887;0;0;125;0;42;0;
22304;5879887;1196072960;34295808;1397067776;0;0;0;0;0;0;0;0;0;0;0;3196;0;0;125;0;42;0;
22305;5011629;1196072960;34295808;1397067776;0;0;0;0;0;0;0;0;0;0;0;3397;0;0;125;0;42;0;
22306;5965868;1196072960;34295808;1397067776;0;0;0;0;0;0;0;0;0;0;0;2915;0;0;125;0;42;0;
22307;4916740;1196072960;34295808;1397067776;0;0;0;0;0;0;0;0;0;0;0;4087;0;0;125;0;42;0;
22308;5324385;1196072960;34295808;1397067776;0;0;0;0;0;0;0;0;0;0;0;2956;0;0;125;0;42;0;
22309;4130316;1196072960;34295808;1397067776;0;0;0;0;0;0;0;0;0;0;0;3687;0;0;125;0;42;0;
22310;5721500;1196072960;34295808;1397067776;0;0;0;0;0;0;0;0;0;0;0;3397;0;0;125;0;42;0;
22311;5001309;1196072960;34295808;1397067776;0;0;0;0;0;0;0;0;0;0;0;4157;0;0;125;0;42;0;
22312;5007171;1196072960;34295808;1397067776;0;0;0;0;0;0;0;0;0;0;0;2885;0;0;125;0;42;0;
22313;4194947;1196072960;34295808;1397067776;0;0;0;0;0;0;0;0;0;0;0;4118;0;0;125;0;42;0;
22314;5263251;1196072960;34295808;1397067776;0;0;0;0;0;0;0;0;0;0;0;4018;0;0;125;0;42;0;
22315;13873047;1196072960;34295808;1397067776;0;0;0;0;0;0;0;0;0;0;0;4048;0;0;125;0;42;0;
22316;5782604;1196072960;34295808;1397067776;0;0;0;0;0;0;0;0;0;0;0;3326;0;0;125;0;42;0;
22317;4797437;1196072960;34295808;1397067776;0;0;0;0;0;0;0;0;0;0;0;3968;0;0;125;0;42;0;
22318;5839702;1196072960;34295808;1397067776;0;0;0;0;0;0;0;0;0;0;0;3507;0;0;125;0;42;0;
22319;6167737;1196072960;34295808;1397067776;0;0;0;0;0;0;0;0;0;0;0;4929;0;0;125;0;42;0;
22320;5328262;1196072960;34295808;1397067776;0;0;0;0;0;0;0;0;0;0;0;3507;0;0;125;0;42;0;
22321;4609504;1196072960;34295808;1397067776;0;0;0;0;0;0;0;0;0;0;0;3947;0;0;125;0;42;0;
22322;6290046;1196072960;34295808;1397067776;0;0;0;0;0;0;0;0;0;0;0;3878;0;0;125;0;42;0;
22323;4255961;1196072960;34295808;1397067776;0;0;0;0;0;0;0;0;0;0;0;4178;0;0;125;0;42;0;
22324;5399015;1196072960;34295808;1397067776;0;0;0;0;0;0;0;0;0;0;0;3216;0;0;125;0;42;0;
22325;5152553;1196072960;34295808;1397067776;0;0;0;0;0;0;0;0;0;0;0;4518;0;0;125;0;42;0;
22326;5296042;1196072960;34295808;1397067776;0;0;0;0;0;0;0;0;0;0;0;3657;0;0;125;0;42;0;
22327;4590749;1196072960;34295808;1397067776;0;0;0;0;0;0;0;0;0;0;0;16320;0;0;125;0;42;0;
22328;5514752;1196072960;34295808;1397067776;0;0;0;0;0;0;0;0;0;0;0;3437;0;0;125;0;42;0;
22329;5273169;1196072960;34295808;1397067776;0;0;0;0;0;0;0;0;0;0;0;4439;0;0;125;0;42;0;
22330;5399616;1196072960;34295808;1397067776;0;0;0;0;0;0;0;0;0;0;0;3066;0;0;125;0;42;0;
22331;5151431;1196072960;34295808;1397067776;0;0;0;0;0;0;0;0;0;0;0;4409;0;0;125;0;42;0;
22332;6049345;1196072960;34295808;1397067776;0;0;0;0;0;0;0;0;0;0;0;3076;0;0;125;0;42;0;
22333;4684455;1196072960;34295808;1397067776;0;0;0;0;0;0;0;0;0;0;0;4038;0;0;125;0;42;0;
22334;5941412;1196072960;34295808;1397067776;0;0;0;0;0;0;0;0;0;0;0;3076;0;0;125;0;42;0;
22335;4980019;1196072960;34295808;1397067776;0;0;0;0;0;0;0;0;0;0;0;4378;0;0;125;0;42;0;
22336;5300441;1196072960;34295808;1397067776;0;0;0;0;0;0;0;0;0;0;0;3146;0;0;125;0;42;0;
22337;5359741;1196072960;34295808;1397067776;0;0;0;0;0;0;0;0;0;0;0;4729;0;0;125;0;42;0;
22338;5126504;1196072960;34295808;1397067776;0;0;0;0;0;0;0;0;0;0;0;4057;0;0;125;0;42;0;
22339;5011258;1196072960;34295808;1397067776;0;0;0;0;0;0;0;0;0;0;0;4518;0;0;125;0;42;0;
22340;5183682;1196072960;34295808;1397067776;0;0;0;0;0;0;0;0;0;0;0;3417;0;0;125;0;42;0;
22341;5635609;1196072960;34295808;1397067776;0;0;0;0;0;0;0;0;0;0;0;4588;0;0;125;0;42;0;
22342;5316721;1196072960;34295808;1397067776;0;0;0;0;0;0;0;0;0;0;0;3647;0;0;125;0;42;0;
22343;4809560;1196072960;34295808;1397067776;0;0;0;0;0;0;0;0;0;0;0;5180;0;0;125;0;42;0;
22344;5286163;1196072960;34295808;1397067776;0;0;0;0;0;0;0;0;0;0;0;3026;0;0;125;0;42;0;
22345;3906757;1196072960;34295808;1397067776;0;0;0;0;0;0;0;0;0;0;0;3347;0;0;125;0;42;0;
22346;4818717;1196072960;34295808;1397067776;0;0;0;0;0;0;0;0;0;0;0;2836;0;0;125;0;42;0;
22347;3940189;1196072960;34295808;1397067776;0;0;0;0;0;0;0;0;0;0;0;3166;0;0;125;0;42;0;
22348;4890762;1196072960;34295808;1397067776;0;0;0;0;0;0;0;0;0;0;0;3196;0;0;125;0;42;0;
22349;3828059;1196072960;34295808;1397067776;0;0;0;0;0;0;0;0;0;0;0;3246;0;0;125;0;42;0;
22350;5043038;1196072960;34295808;1397067776;0;0;0;0;0;0;0;0;0;0;0;2865;0;0;125;0;42;0;
22351;3843568;1196072960;34295808;1397067776;0;0;0;0;0;0;0;0;0;0;0;3517;0;0;125;0;42;0;
22352;4802286;1196072960;34295808;1397067776;0;0;0;0;0;0;0;0;0;0;0;3026;0;0;125;0;42;0;
22353;3337049;1196072960;34295808;1397067776;0;0;0;0;0;0;0;0;0;0;0;3496;0;0;125;0;42;0;
22354;5429352;1196072960;34295808;1397067776;0;0;0;0;0;0;0;0;0;0;0;2995;0;0;125;0;42;0;
22355;4507894;1196072960;34295808;1397067776;0;0;0;0;0;0;0;0;0;0;0;3847;0;0;125;0;42;0;
22356;5133087;1196072960;34295808;1397067776;0;0;0;0;0;0;0;0;0;0;0;3026;0;0;125;0;42;0;
22357;3457344;1196072960;34295808;1397067776;0;0;0;0;0;0;0;0;0;0;0;3687;0;0;125;0;42;0;
22358;4937209;1196072960;34295808;1397067776;0;0;0;0;0;0;0;0;0;0;0;2925;0;0;125;0;42;0;
22359;3777143;1196072960;34295808;1397067776;0;0;0;0;0;0;0;0;0;0;0;3456;0;0;125;0;42;0;
22360;5261177;1196072960;34295808;1397067776;0;0;0;0;0;0;0;0;0;0;0;3276;0;0;125;0;42;0;
22361;4054073;1196072960;34295808;1397067776;0;0;0;0;0;0;0;0;0;0;0;3186;0;0;125;0;42;0;
22362;5157833;1196072960;34295808;1397067776;0;0;0;0;0;0;0;0;0;0;0;3036;0;0;125;0;42;0;
22363;4316324;1196072960;34295808;1397067776;0;0;0;0;0;0;0;0;0;0;0;3216;0;0;125;0;42;0;
22364;5254565;1196072960;34295808;1397067776;0;0;0;0;0;0;0;0;0;0;0;3015;0;0;125;0;42;0;
22365;4194186;1196072960;34295808;1397067776;0;0;0;0;0;0;0;0;0;0;0;3837;0;0;125;0;42;0;
22366;5310710;1196072960;34295808;1397067776;0;0;0;0;0;0;0;0;0;0;0;3427;0;0;125;0;42;0;
22367;5257279;1196072960;34295808;1397067776;0;0;0;0;0;0;0;0;0;0;0;4658;0;0;125;0;42;0;
22368;5315800;1196072960;34295808;1397067776;0;0;0;0;0;0;0;0;0;0;0;3466;0;0;125;0;42;0;
22369;5386422;1196072960;34295808;1397067776;0;0;0;0;0;0;0;0;0;0;0;4479;0;0;125;0;42;0;
22370;5042536;1196072960;34295808;1397067776;0;0;0;0;0;0;0;0;0;0;0;3567;0;0;125;0;42;0;
22371;5010336;1196072960;34295808;1397067776;0;0;0;0;0;0;0;0;0;0;0;5721;0;0;125;0;42;0;
22372;5304679;1196072960;34295808;1397067776;0;0;0;0;0;0;0;0;0;0;0;3586;0;0;125;0;42;0;
22373;4788109;1196072960;34295808;1397067776;0;0;0;0;0;0;0;0;0;0;0;4588;0;0;125;0;42;0;
22374;5526855;1196072960;34295808;1397067776;0;0;0;0;0;0;0;0;0;0;0;3898;0;0;125;0;42;0;
22375;4723188;1196072960;34295808;1397067776;0;0;0;0;0;0;0;0;0;0;0;4418;0;0;125;0;42;0;
22376;5282426;1196072960;34295808;1397067776;0;0;0;0;0;0;0;0;0;0;0;3496;0;0;125;0;42;0;
22377;4892776;1196072960;34295808;1397067776;0;0;0;0;0;0;0;0;0;0;0;4619;0;0;125;0;42;0;
22378;5421588;1196072960;34295808;1397067776;0;0;0;0;0;0;0;0;0;0;0;3607;0;0;125;0;42;0;
22379;4998845;1196072960;34295808;1397067776;0;0;0;0;0;0;0;0;0;0;0;4980;0;0;125;0;42;0;
22380;5543206;1196072960;34295808;1397067776;0;0;0;0;0;0;0;0;0;0;0;3616;0;0;125;0;42;0;
22381;6076866;1196072960;34295808;1397067776;0;0;0;0;0;0;0;0;0;0;0;4468;0;0;125;0;42;0;
22382;5569555;1196072960;34295808;1397067776;0;0;0;0;0;0;0;0;0;0;0;3677;0;0;125;0;42;0;
22383;4617219;1196072960;34295808;1397067776;0;0;0;0;0;0;0;0;0;0;0;5370;0;0;125;0;42;0;
22384;5560057;1196072960;34295808;1397067776;0;0;0;0;0;0;0;0;0;0;0;3957;0;0;125;0;42;0;
22385;5006288;1196072960;34295808;1397067776;0;0;0;0;0;0;0;0;0;0;0;4629;0;0;125;0;42;0;
22386;5720508;1196072960;34295808;1397067776;0;0;0;0;0;0;0;0;0;0;0;3546;0;0;125;0;42;0;
22387;4795684;1196072960;34295808;1397067776;0;0;0;0;0;0;0;0;0;0;0;4258;0;0;125;0;42;0;
22388;5740196;1196072960;34295808;1397067776;0;0;0;0;0;0;0;0;0;0;0;3887;0;0;125;0;42;0;
22389;4791626;1196072960;34295808;1397067776;0;0;0;0;0;0;0;0;0;0;0;4518;0;0;125;0;42;0;
22390;5612846;1196072960;34295808;1397067776;0;0;0;0;0;0;0;0;0;0;0;3627;0;0;125;0;42;0;
22391;5924661;1196072960;34295808;1397067776;0;0;0;0;0;0;0;0;0;0;0;4318;0;0;125;0;42;0;
22392;5234617;1196072960;34295808;1397067776;0;0;0;0;0;0;0;0;0;0;0;2615;0;0;125;0;42;0;
22393;5758780;1196072960;34295808;1397067776;0;0;0;0;0;0;0;0;0;0;0;4148;0;0;125;0;42;0;
22394;5359401;1196072960;34295808;1397067776;0;0;0;0;0;0;0;0;0;0;0;3366;0;0;125;0;42;0;
22395;5843970;1196072960;34295808;1397067776;0;0;0;0;0;0;0;0;0;0;0;6722;0;0;125;0;42;0;
22396;6438965;1196072960;34295808;1397067776;0;0;0;0;0;0;0;0;0;0;0;5139;0;0;125;0;42;0;
22397;4858211;1196072960;34295808;1397067776;0;0;0;0;0;0;0;0;0;0;0;5089;0;0;125;0;42;0;
22398;6176323;1196072960;34295808;1397067776;0;0;0;0;0;0;0;0;0;0;0;3607;0;0;125;0;42;0;
22399;4169449;1196072960;34295808;1397067776;0;0;0;0;0;0;0;0;0;0;0;4058;0;0;125;0;42;0;
22400;4882397;1196072960;34295808;1397067776;0;0;0;0;0;0;0;0;0;0;0;4488;0;0;125;0;42;0;
22401;4609054;1196072960;34295808;1397067776;0;0;0;0;0;0;0;0;0;0;0;4328;0;0;125;0;42;0;
22402;5616252;1196072960;34295808;1397067776;0;0;0;0;0;0;0;0;0;0;0;3015;0;0;125;0;42;0;
22403;4888338;1196072960;34295808;1397067776;0;0;0;0;0;0;0;0;0;0;0;4138;0;0;125;0;42;0;
22404;4982645;1196072960;34295808;1397067776;0;0;0;0;0;0;0;0;0;0;0;3286;0;0;125;0;42;0;
22405;4654890;1196072960;34295808;1397067776;0;0;0;0;0;0;0;0;0;0;0;4208;0;0;125;0;42;0;
22406;4936487;1196072960;34295808;1397067776;0;0;0;0;0;0;0;0;0;0;0;3236;0;0;125;0;42;0;
22407;4417154;1196072960;34295808;1397067776;0;0;0;0;0;0;0;0;0;0;0;4018;0;0;125;0;42;0;
22408;5340095;1196072960;34295808;1397067776;0;0;0;0;0;0;0;0;0;0;0;2715;0;0;125;0;42;0;
22409;3858235;1196072960;34295808;1397067776;0;0;0;0;0;0;0;0;0;0;0;3547;0;0;125;0;42;0;
22410;4512592;1196072960;34295808;1397067776;0;0;0;0;0;0;0;0;0;0;0;2595;0;0;125;0;42;0;
22411;4638549;1196072960;34295808;1397067776;0;0;0;0;0;0;0;0;0;0;0;3637;0;0;125;0;42;0;
22412;4793610;1196072960;34295808;1397067776;0;0;0;0;0;0;0;0;0;0;0;2615;0;0;125;0;42;0;
22413;3462934;1196072960;34295808;1397067776;0;0;0;0;0;0;0;0;0;0;0;3627;0;0;125;0;42;0;
22414;4843814;1196072960;34295808;1397067776;0;0;0;0;0;0;0;0;0;0;0;2614;0;0;125;0;42;0;
22415;3383616;1196072960;34295808;1397067776;0;0;0;0;0;0;0;0;0;0;0;2755;0;0;125;0;42;0;
22416;4966294;1196072960;34295808;1397067776;0;0;0;0;0;0;0;0;0;0;0;2896;0;0;125;0;42;0;
22417;2635893;1196072960;34295808;1397067776;0;0;0;0;0;0;0;0;0;0;0;3316;0;0;125;0;42;0;
22418;5284580;1196072960;34295808;1397067776;0;0;0;0;0;0;0;0;0;0;0;2655;0;0;125;0;42;0;
22419;2706936;1196072960;34295808;1397067776;0;0;0;0;0;0;0;0;0;0;0;3006;0;0;125;0;42;0;
22420;4679025;1196072960;34295808;1397067776;0;0;0;0;0;0;0;0;0;0;0;2765;0;0;125;0;42;0;
22421;3280161;1196072960;34295808;1397067776;0;0;0;0;0;0;0;0;0;0;0;2716;0;0;125;0;42;0;
22422;4617109;1196072960;34295808;1397067776;0;0;0;0;0;0;0;0;0;0;0;2625;0;0;125;0;42;0;
22423;3372605;1196072960;34295808;1397067776;0;0;0;0;0;0;0;0;0;0;0;2966;0;0;125;0;42;0;
22424;5026917;1196072960;34295808;1397067776;0;0;0;0;0;0;0;0;0;0;0;3106;0;0;125;0;42;0;
22425;2636945;1196072960;34295808;1397067776;0;0;0;0;0;0;0;0;0;0;0;2605;0;0;125;0;42;0;
22426;4619894;1196072960;34295808;1397067776;0;0;0;0;0;0;0;0;0;0;0;2414;0;0;125;0;42;0;
22427;3238694;1196072960;34295808;1397067776;0;0;0;0;0;0;0;0;0;0;0;2545;0;0;125;0;42;0;
22428;5189823;1196072960;34295808;1397067776;0;0;0;0;0;0;0;0;0;0;0;2745;0;0;125;0;42;0;
22429;2734318;1196072960;34295808;1397067776;0;0;0;0;0;0;0;0;0;0;0;3397;0;0;125;0;42;0;
22430;5055652;1196072960;34295808;1397067776;0;0;0;0;0;0;0;0;0;0;0;2715;0;0;125;0;42;0;
22431;2258886;1196072960;34295808;1397067776;0;0;0;0;0;0;0;0;0;0;0;2635;0;0;125;0;42;0;
22432;4628580;1196072960;34295808;1397067776;0;0;0;0;0;0;0;0;0;0;0;2695;0;0;125;0;42;0;
22433;3122436;1196072960;34295808;1397067776;0;0;0;0;0;0;0;0;0;0;0;2785;0;0;125;0;42;0;
22434;4561274;1196072960;34295808;1397067776;0;0;0;0;0;0;0;0;0;0;0;2825;0;0;125;0;42;0;
22435;3563543;1196072960;34295808;1397067776;0;0;0;0;0;0;0;0;0;0;0;2594;0;0;125;0;42;0;
22436;4617830;1196072960;34295808;1397067776;0;0;0;0;0;0;0;0;0;0;0;2505;0;0;125;0;42;0;
22437;3258832;1196072960;34295808;1397067776;0;0;0;0;0;0;0;0;0;0;0;3666;0;0;125;0;42;0;
22438;5050100;1196072960;34295808;1397067776;0;0;0;0;0;0;0;0;0;0;0;2805;0;0;125;0;42;0;
22439;2790363;1196072960;34295808;1397067776;0;0;0;0;0;0;0;0;0;0;0;2765;0;0;125;0;42;0;
22440;4592863;1196072960;34295808;1397067776;0;0;0;0;0;0;0;0;0;0;0;2916;0;0;125;0;42;0;
22441;2911871;1196072960;34295808;1397067776;0;0;0;0;0;0;0;0;0;0;0;2986;0;0;125;0;42;0;
22442;4875414;1196072960;34295808;1397067776;0;0;0;0;0;0;0;0;0;0;0;2494;0;0;125;0;42;0;
22443;2858160;1196072960;34295808;1397067776;0;0;0;0;0;0;0;0;0;0;0;3016;0;0;125;0;42;0;
22444;4964581;1196072960;34295808;1397067776;0;0;0;0;0;0;0;0;0;0;0;2805;0;0;125;0;42;0;
22445;3118789;1196072960;34295808;1397067776;0;0;0;0;0;0;0;0;0;0;0;2585;0;0;125;0;42;0;
22446;4478128;1196072960;34295808;1397067776;0;0;0;0;0;0;0;0;0;0;0;2715;0;0;125;0;42;0;
22447;3526734;1196072960;34295808;1397067776;0;0;0;0;0;0;0;0;0;0;0;3386;0;0;125;0;42;0;
22448;5042787;1196072960;34295808;1397067776;0;0;0;0;0;0;0;0;0;0;0;2515;0;0;125;0;42;0;
22449;2953749;1196072960;34295808;1397067776;0;0;0;0;0;0;0;0;0;0;0;3116;0;0;125;0;42;0;
22450;4690637;1196072960;34295808;1397067776;0;0;0;0;0;0;0;0;0;0;0;2595;0;0;125;0;42;0;
22451;3125321;1196072960;34295808;1397067776;0;0;0;0;0;0;0;0;0;0;0;2565;0;0;125;0;42;0;
22452;4772420;1196072960;34295808;1397067776;0;0;0;0;0;0;0;0;0;0;0;2835;0;0;125;0;42;0;
22453;3065759;1196072960;34295808;1397067776;0;0;0;0;0;0;0;0;0;0;0;2776;0;0;125;0;42;0;
22454;4731433;1196072960;34295808;1397067776;0;0;0;0;0;0;0;0;0;0;0;2574;0;0;125;0;42;0;
22455;2809740;1196072960;34295808;1397067776;0;0;0;0;0;0;0;0;0;0;0;2966;0;0;125;0;42;0;
22456;4724190;1196072960;34295808;1397067776;0;0;0;0;0;0;0;0;0;0;0;2615;0;0;125;0;42;0;
22457;2853561;1196072960;34295808;1397067776;0;0;0;0;0;0;0;0;0;0;0;2805;0;0;125;0;42;0;
22458;5121084;1196072960;34295808;1397067776;0;0;0;0;0;0;0;0;0;0;0;2615;0;0;125;0;42;0;
22459;3624116;1196072960;34295808;1397067776;0;0;0;0;0;0;0;0;0;0;0;2876;0;0;125;0;42;0;
22460;4790955;1196072960;34295808;1397067776;0;0;0;0;0;0;0;0;0;0;0;2685;0;0;125;0;42;0;
22461;3658582;1196072960;34295808;1397067776;0;0;0;0;0;0;0;0;0;0;0;3156;0;0;125;0;42;0;
22462;4923012;1196072960;34295808;1397067776;0;0;0;0;0;0;0;0;0;0;0;3036;0;0;125;0;42;0;
22463;3613537;1196072960;34295808;1397067776;0;0;0;0;0;0;0;0;0;0;0;3005;0;0;125;0;42;0;
22464;6346092;1196072960;34295808;1397067776;0;0;0;0;0;0;0;0;0;0;0;3045;0;0;125;0;42;0;
22465;3297303;1196072960;34295808;1397067776;0;0;0;0;0;0;0;0;0;0;0;3817;0;0;125;0;42;0;
22466;5388946;1196072960;34295808;1397067776;0;0;0;0;0;0;0;0;0;0;0;2234;0;0;125;0;42;0;
22467;3380741;1196072960;34295808;1397067776;0;0;0;0;0;0;0;0;0;0;0;2675;0;0;125;0;42;0;
22468;4968397;1196072960;34295808;1397067776;0;0;0;0;0;0;0;0;0;0;0;2475;0;0;125;0;42;0;
22469;3377795;1196072960;34295808;1397067776;0;0;0;0;0;0;0;0;0;0;0;3086;0;0;125;0;42;0;
22470;4747804;1196072960;34295808;1397067776;0;0;0;0;0;0;0;0;0;0;0;2585;0;0;125;0;42;0;
22471;3472382;1196072960;34295808;1397067776;0;0;0;0;0;0;0;0;0;0;0;3437;0;0;125;0;42;0;
22472;4535806;1196072960;34295808;1397067776;0;0;0;0;0;0;0;0;0;0;0;3256;0;0;125;0;42;0;
22473;2529674;1196072960;34295808;1397067776;0;0;0;0;0;0;0;0;0;0;0;2986;0;0;125;0;42;0;
22474;4857459;1196072960;34295808;1397067776;0;0;0;0;0;0;0;0;0;0;0;2745;0;0;125;0;42;0;
22475;2594205;1196072960;34295808;1397067776;0;0;0;0;0;0;0;0;0;0;0;2906;0;0;125;0;42;0;
22476;4554512;1196072960;34295808;1397067776;0;0;0;0;0;0;0;0;0;0;0;2465;0;0;125;0;42;0;
22477;3669542;1196072960;34295808;1397067776;0;0;0;0;0;0;0;0;0;0;0;2946;0;0;125;0;42;0;
22478;4664818;1196072960;34295808;1397067776;0;0;0;0;0;0;0;0;0;0;0;2765;0;0;125;0;42;0;
22479;2977964;1196072960;34295808;1397067776;0;0;0;0;0;0;0;0;0;0;0;2936;0;0;125;0;42;0;
22480;4763924;1196072960;34295808;1397067776;0;0;0;0;0;0;0;0;0;0;0;2525;0;0;125;0;42;0;
22481;4545184;1196072960;34295808;1397067776;0;0;0;0;0;0;0;0;0;0;0;4548;0;0;125;0;42;0;
22482;5800007;1196072960;34295808;1397067776;0;0;0;0;0;0;0;0;0;0;0;4028;0;0;125;0;42;0;
22483;4898496;1196072960;34295808;1397067776;0;0;0;0;0;0;0;0;0;0;0;5571;0;0;125;0;42;0;
22484;5826237;1196072960;34295808;1397067776;0;0;0;0;0;0;0;0;0;0;0;4188;0;0;125;0;42;0;
22485;4180399;1196072960;34295808;1397067776;0;0;0;0;0;0;0;0;0;0;0;3596;0;0;125;0;42;0;
22486;5032999;1196072960;34295808;1397067776;0;0;0;0;0;0;0;0;0;0;0;3176;0;0;125;0;42;0;
22487;3750123;1196072960;34295808;1397067776;0;0;0;0;0;0;0;0;0;0;0;3867;0;0;125;0;42;0;
22488;4982164;1196072960;34295808;1397067776;0;0;0;0;0;0;0;0;0;0;0;2846;0;0;125;0;42;0;
22489;4635574;1196072960;34295808;1397067776;0;0;0;0;0;0;0;0;0;0;0;3817;0;0;125;0;42;0;
22490;5177720;1196072960;34295808;1397067776;0;0;0;0;0;0;0;0;0;0;0;3126;0;0;125;0;42;0;
22491;3752027;1196072960;34295808;1397067776;0;0;0;0;0;0;0;0;0;0;0;3346;0;0;125;0;42;0;
22492;5382224;1196072960;34295808;1397067776;0;0;0;0;0;0;0;0;0;0;0;3256;0;0;125;0;42;0;
22493;3662819;1196072960;34295808;1397067776;0;0;0;0;0;0;0;0;0;0;0;3516;0;0;125;0;42;0;
22494;5001319;1196072960;34295808;1397067776;0;0;0;0;0;0;0;0;0;0;0;3005;0;0;125;0;42;0;
22495;3688187;1196072960;34295808;1397067776;0;0;0;0;0;0;0;0;0;0;0;3607;0;0;125;0;42;0;
22496;5330256;1196072960;34295808;1397067776;0;0;0;0;0;0;0;0;0;0;0;3366;0;0;125;0;42;0;
22497;4051528;1196072960;34295808;1397067776;0;0;0;0;0;0;0;0;0;0;0;3787;0;0;125;0;42;0;
22498;5469528;1196072960;34295808;1397067776;0;0;0;0;0;0;0;0;0;0;0;2655;0;0;125;0;42;0;
22499;3722712;1196072960;34295808;1397067776;0;0;0;0;0;0;0;0;0;0;0;4068;0;0;125;0;42;0;
22500;5282026;1196072960;34295808;1397067776;0;0;0;0;0;0;0;0;0;0;0;3366;0;0;125;0;42;0;
22501;4260250;1196072960;34295808;1397067776;0;0;0;0;0;0;0;0;0;0;0;11872;0;0;125;0;42;0;
22502;5395879;1196072960;34295808;1397067776;0;0;0;0;0;0;0;0;0;0;0;2886;0;0;125;0;42;0;
22503;4177084;1196072960;34295808;1397067776;0;0;0;0;0;0;0;0;0;0;0;3306;0;0;125;0;42;0;
22504;5112819;1196072960;34295808;1397067776;0;0;0;0;0;0;0;0;0;0;0;3237;0;0;125;0;42;0;
22505;4488167;1196072960;34295808;1397067776;0;0;0;0;0;0;0;0;0;0;0;3947;0;0;125;0;42;0;
22506;7006640;1196072960;34295808;1397067776;0;0;0;0;0;0;0;0;0;0;0;4148;0;0;125;0;42;0;
22507;4350088;1196072960;34304000;1397075968;0;0;0;0;0;0;0;0;0;0;0;3576;0;0;125;0;42;0;
22508;5167942;1196072960;34304000;1397075968;0;0;0;0;0;0;0;0;0;0;0;3005;0;0;125;0;42;0;
22509;4515669;1196072960;34304000;1397075968;0;0;0;0;0;0;0;0;0;0;0;3236;0;0;125;0;42;0;
22510;5145880;1196072960;34304000;1397075968;0;0;0;0;0;0;0;0;0;0;0;3206;0;0;125;0;42;0;
22511;4198253;1196072960;34304000;1397075968;0;0;0;0;0;0;0;0;0;0;0;3937;0;0;125;0;42;0;
22512;5136904;1196072960;34304000;1397075968;0;0;0;0;0;0;0;0;0;0;0;2856;0;0;125;0;42;0;
22513;6801124;1196072960;34295808;1397067776;0;0;0;0;0;0;0;0;0;0;0;6612;0;0;125;0;42;0;
22514;5942865;1196072960;34295808;1397067776;0;0;0;0;0;0;0;0;0;0;0;3987;0;0;125;0;42;0;
22515;5479876;1196072960;34295808;1397067776;0;0;0;0;0;0;0;0;0;0;0;4017;0;0;125;0;42;0;
22516;5698456;1196072960;34295808;1397067776;0;0;0;0;0;0;0;0;0;0;0;3247;0;0;125;0;42;0;
22517;5281565;1196072960;34295808;1397067776;0;0;0;0;0;0;0;0;0;0;0;3367;0;0;125;0;42;0;
22518;5204280;1196072960;34295808;1397067776;0;0;0;0;0;0;0;0;0;0;0;3176;0;0;125;0;42;0;
22519;5657570;1196072960;34295808;1397067776;0;0;0;0;0;0;0;0;0;0;0;4328;0;0;125;0;42;0;
22520;5582119;1196072960;34295808;1397067776;0;0;0;0;0;0;0;0;0;0;0;3246;0;0;125;0;42;0;
22521;4817645;1196072960;34295808;1397067776;0;0;0;0;0;0;0;0;0;0;0;3918;0;0;125;0;42;0;
22522;6128093;1196072960;34295808;1397067776;0;0;0;0;0;0;0;0;0;0;0;4008;0;0;125;0;42;0;
22523;5373607;1196072960;34295808;1397067776;0;0;0;0;0;0;0;0;0;0;0;3798;0;0;125;0;42;0;
22524;5469658;1196072960;34295808;1397067776;0;0;0;0;0;0;0;0;0;0;0;3055;0;0;125;0;42;0;
22525;13913864;1196072960;34295808;1397067776;0;0;0;0;0;0;0;0;0;0;0;3577;0;0;125;0;42;0;
22526;7012271;1196072960;34295808;1397067776;0;0;0;0;0;0;0;0;0;0;0;4058;0;0;125;0;42;0;
22527;4646103;1196072960;34295808;1397067776;0;0;0;0;0;0;0;0;0;0;0;3697;0;0;125;0;42;0;
22528;5514281;1196072960;34295808;1397067776;0;0;0;0;0;0;0;0;0;0;0;3126;0;0;125;0;42;0;
22529;5620190;1196072960;34295808;1397067776;0;0;0;0;0;0;0;0;0;0;0;3436;0;0;125;0;42;0;
22530;5187358;1196072960;34295808;1397067776;0;0;0;0;0;0;0;0;0;0;0;2795;0;0;125;0;42;0;
22531;5622605;1196072960;34295808;1397067776;0;0;0;0;0;0;0;0;0;0;0;4228;0;0;125;0;42;0;
22532;5242362;1196072960;34295808;1397067776;0;0;0;0;0;0;0;0;0;0;0;2886;0;0;125;0;42;0;
22533;4827253;1196072960;34295808;1397067776;0;0;0;0;0;0;0;0;0;0;0;4207;0;0;125;0;42;0;
22534;5936433;1196072960;34295808;1397067776;0;0;0;0;0;0;0;0;0;0;0;2786;0;0;125;0;42;0;
22535;4667874;1196072960;34295808;1397067776;0;0;0;0;0;0;0;0;0;0;0;3457;0;0;125;0;42;0;
22536;5630009;1196072960;34295808;1397067776;0;0;0;0;0;0;0;0;0;0;0;3546;0;0;125;0;42;0;
22537;5118008;1196072960;34295808;1397067776;0;0;0;0;0;0;0;0;0;0;0;4358;0;0;125;0;42;0;
22538;6212180;1196072960;34295808;1397067776;0;0;0;0;0;0;0;0;0;0;0;2725;0;0;125;0;42;0;
22539;4822304;1196072960;34295808;1397067776;0;0;0;0;0;0;0;0;0;0;0;3757;0;0;125;0;42;0;
22540;5097169;1196072960;34295808;1397067776;0;0;0;0;0;0;0;0;0;0;0;2805;0;0;125;0;42;0;
22541;4873850;1196072960;34295808;1397067776;0;0;0;0;0;0;0;0;0;0;0;4127;0;0;125;0;42;0;
22542;5292726;1196072960;34295808;1397067776;0;0;0;0;0;0;0;0;0;0;0;3547;0;0;125;0;42;0;
22543;4866937;1196072960;34295808;1397067776;0;0;0;0;0;0;0;0;0;0;0;4639;0;0;125;0;42;0;
22544;5817931;1196072960;34295808;1397067776;0;0;0;0;0;0;0;0;0;0;0;3647;0;0;125;0;42;0;
22545;5272107;1196072960;34295808;1397067776;0;0;0;0;0;0;0;0;0;0;0;4098;0;0;125;0;42;0;
22546;5464748;1196072960;34295808;1397067776;0;0;0;0;0;0;0;0;0;0;0;3336;0;0;125;0;42;0;
22547;4827504;1196072960;34295808;1397067776;0;0;0;0;0;0;0;0;0;0;0;3777;0;0;125;0;42;0;
22548;5475599;1196072960;34295808;1397067776;0;0;0;0;0;0;0;0;0;0;0;3096;0;0;125;0;42;0;
22549;4578386;1196072960;34295808;1397067776;0;0;0;0;0;0;0;0;0;0;0;3457;0;0;125;0;42;0;
22550;5473876;1196072960;34295808;1397067776;0;0;0;0;0;0;0;0;0;0;0;2986;0;0;125;0;42;0;
22551;5166860;1196072960;34295808;1397067776;0;0;0;0;0;0;0;0;0;0;0;4108;0;0;125;0;42;0;
22552;5549888;1196072960;34295808;1397067776;0;0;0;0;0;0;0;0;0;0;0;3296;0;0;125;0;42;0;
22553;5356726;1196072960;34295808;1397067776;0;0;0;0;0;0;0;0;0;0;0;3707;0;0;125;0;42;0;
22554;6148230;1196072960;34295808;1397067776;0;0;0;0;0;0;0;0;0;0;0;3557;0;0;125;0;42;0;
22555;5216623;1196072960;34295808;1397067776;0;0;0;0;0;0;0;0;0;0;0;3877;0;0;125;0;42;0;
22556;5364470;1196072960;34295808;1397067776;0;0;0;0;0;0;0;0;0;0;0;3216;0;0;125;0;42;0;
22557;5575426;1196072960;34295808;1397067776;0;0;0;0;0;0;0;0;0;0;0;3015;0;0;125;0;42;0;
22558;7142765;1196072960;34295808;1397067776;0;0;0;0;0;0;0;0;0;0;0;2916;0;0;125;0;42;0;
22559;5107649;1196072960;34295808;1397067776;0;0;0;0;0;0;0;0;0;0;0;3166;0;0;125;0;42;0;
22560;5324255;1196072960;34295808;1397067776;0;0;0;0;0;0;0;0;0;0;0;3666;0;0;125;0;42;0;
22561;4644320;1196072960;34295808;1397067776;0;0;0;0;0;0;0;0;0;0;0;3336;0;0;125;0;42;0;
22562;5503521;1196072960;34295808;1397067776;0;0;0;0;0;0;0;0;0;0;0;2956;0;0;125;0;42;0;
22563;4581001;1196072960;34295808;1397067776;0;0;0;0;0;0;0;0;0;0;0;4078;0;0;125;0;42;0;
22564;4967596;1196072960;34295808;1397067776;0;0;0;0;0;0;0;0;0;0;0;3216;0;0;125;0;42;0;
22565;4652715;1196072960;34295808;1397067776;0;0;0;0;0;0;0;0;0;0;0;3477;0;0;125;0;42;0;
22566;5194101;1196072960;34295808;1397067776;0;0;0;0;0;0;0;0;0;0;0;3737;0;0;125;0;42;0;
22567;4761710;1196072960;34295808;1397067776;0;0;0;0;0;0;0;0;0;0;0;4067;0;0;125;0;42;0;
22568;5240267;1196072960;34295808;1397067776;0;0;0;0;0;0;0;0;0;0;0;3046;0;0;125;0;42;0;
22569;5972831;1196072960;34295808;1397067776;0;0;0;0;0;0;0;0;0;0;0;4779;0;0;125;0;42;0;
22570;5727441;1196072960;34295808;1397067776;0;0;0;0;0;0;0;0;0;0;0;3556;0;0;125;0;42;0;
22571;4704733;1196072960;34295808;1397067776;0;0;0;0;0;0;0;0;0;0;0;4067;0;0;125;0;42;0;
22572;5756466;1196072960;34295808;1397067776;0;0;0;0;0;0;0;0;0;0;0;3026;0;0;125;0;42;0;
22573;4963418;1196072960;34295808;1397067776;0;0;0;0;0;0;0;0;0;0;0;4318;0;0;125;0;42;0;
22574;5772947;1196072960;34295808;1397067776;0;0;0;0;0;0;0;0;0;0;0;3307;0;0;125;0;42;0;
22575;5523419;1196072960;34295808;1397067776;0;0;0;0;0;0;0;0;0;0;0;3958;0;0;125;0;42;0;
22576;5727241;1196072960;34295808;1397067776;0;0;0;0;0;0;0;0;0;0;0;2935;0;0;125;0;42;0;
22577;4650061;1196072960;34295808;1397067776;0;0;0;0;0;0;0;0;0;0;0;3938;0;0;125;0;42;0;
22578;5207687;1196072960;34295808;1397067776;0;0;0;0;0;0;0;0;0;0;0;2935;0;0;125;0;42;0;
22579;5459599;1196072960;34295808;1397067776;0;0;0;0;0;0;0;0;0;0;0;4889;0;0;125;0;42;0;
22580;5417210;1196072960;34295808;1397067776;0;0;0;0;0;0;0;0;0;0;0;3076;0;0;125;0;42;0;
22581;5568333;1196072960;34295808;1397067776;0;0;0;0;0;0;0;0;0;0;0;3617;0;0;125;0;42;0;
22582;5540220;1196072960;34295808;1397067776;0;0;0;0;0;0;0;0;0;0;0;2986;0;0;125;0;42;0;
22583;5033089;1196072960;34295808;1397067776;0;0;0;0;0;0;0;0;0;0;0;3496;0;0;125;0;42;0;
22584;5165457;1196072960;34295808;1397067776;0;0;0;0;0;0;0;0;0;0;0;3306;0;0;125;0;42;0;
22585;7159958;1196072960;34295808;1397067776;0;0;0;0;0;0;0;0;0;0;0;4709;0;0;125;0;42;0;
22586;5200743;1196072960;34295808;1397067776;0;0;0;0;0;0;0;0;0;0;0;3196;0;0;125;0;42;0;
22587;5820436;1196072960;34295808;1397067776;0;0;0;0;0;0;0;0;0;0;0;5069;0;0;125;0;42;0;
22588;5693297;1196072960;34295808;1397067776;0;0;0;0;0;0;0;0;0;0;0;4318;0;0;125;0;42;0;
22589;4940876;1196072960;34295808;1397067776;0;0;0;0;0;0;0;0;0;0;0;4589;0;0;125;0;42;0;
22590;5838840;1196072960;34295808;1397067776;0;0;0;0;0;0;0;0;0;0;0;3968;0;0;125;0;42;0;
22591;5091379;1196072960;34295808;1397067776;0;0;0;0;0;0;0;0;0;0;0;5180;0;0;125;0;42;0;
22592;5177981;1196072960;34295808;1397067776;0;0;0;0;0;0;0;0;0;0;0;3787;0;0;125;0;42;0;
22593;5158263;1196072960;34295808;1397067776;0;0;0;0;0;0;0;0;0;0;0;4128;0;0;125;0;42;0;
22594;5881360;1196072960;34295808;1397067776;0;0;0;0;0;0;0;0;0;0;0;3377;0;0;125;0;42;0;
22595;5178492;1196072960;34295808;1397067776;0;0;0;0;0;0;0;0;0;0;0;4097;0;0;125;0;42;0;
22596;5256959;1196072960;34295808;1397067776;0;0;0;0;0;0;0;0;0;0;0;3396;0;0;125;0;42;0;
22597;5073073;1196072960;34295808;1397067776;0;0;0;0;0;0;0;0;0;0;0;4077;0;0;125;0;42;0;
22598;5344533;1196072960;34295808;1397067776;0;0;0;0;0;0;0;0;0;0;0;3687;0;0;125;0;42;0;
22599;4918144;1196072960;34295808;1397067776;0;0;0;0;0;0;0;0;0;0;0;3126;0;0;125;0;42;0;
22600;5232292;1196072960;34295808;1397067776;0;0;0;0;0;0;0;0;0;0;0;3176;0;0;125;0;42;0;
22601;5361895;1196072960;34295808;1397067776;0;0;0;0;0;0;0;0;0;0;0;3997;0;0;125;0;42;0;
22602;5483123;1196072960;34295808;1397067776;0;0;0;0;0;0;0;0;0;0;0;3236;0;0;125;0;42;0;
22603;5975907;1196072960;34295808;1397067776;0;0;0;0;0;0;0;0;0;0;0;4067;0;0;125;0;42;0;
22604;5946873;1196072960;34295808;1397067776;0;0;0;0;0;0;0;0;0;0;0;3466;0;0;125;0;42;0;
22605;4468771;1196072960;34295808;1397067776;0;0;0;0;0;0;0;0;0;0;0;4218;0;0;125;0;42;0;
22606;6900771;1196072960;34295808;1397067776;0;0;0;0;0;0;0;0;0;0;0;6422;0;0;125;0;42;0;
22607;5964466;1196072960;34295808;1397067776;0;0;0;0;0;0;0;0;0;0;0;4418;0;0;125;0;42;0;
22608;4953500;1196072960;34295808;1397067776;0;0;0;0;0;0;0;0;0;0;0;3356;0;0;125;0;42;0;
22609;5028260;1196072960;34295808;1397067776;0;0;0;0;0;0;0;0;0;0;0;4709;0;0;125;0;42;0;
22610;5088964;1196072960;34295808;1397067776;0;0;0;0;0;0;0;0;0;0;0;3707;0;0;125;0;42;0;
22611;4745720;1196072960;34295808;1397067776;0;0;0;0;0;0;0;0;0;0;0;4579;0;0;125;0;42;0;
22612;5923890;1196072960;34295808;1397067776;0;0;0;0;0;0;0;0;0;0;0;3827;0;0;125;0;42;0;
22613;4234842;1196072960;34295808;1397067776;0;0;0;0;0;0;0;0;0;0;0;4789;0;0;125;0;42;0;
22614;6760328;1196072960;34295808;1397067776;0;0;0;0;0;0;0;0;0;0;0;3507;0;0;125;0;42;0;
22615;6219114;1196072960;34295808;1397067776;0;0;0;0;0;0;0;0;0;0;0;4589;0;0;125;0;42;0;
22616;5352698;1196072960;34295808;1397067776;0;0;0;0;0;0;0;0;0;0;0;4018;0;0;125;0;42;0;
22617;4425179;1196072960;34295808;1397067776;0;0;0;0;0;0;0;0;0;0;0;4929;0;0;125;0;42;0;
22618;5623045;1196072960;34295808;1397067776;0;0;0;0;0;0;0;0;0;0;0;3506;0;0;125;0;42;0;
22619;4967797;1196072960;34295808;1397067776;0;0;0;0;0;0;0;0;0;0;0;5109;0;0;125;0;42;0;
22620;5172761;1196072960;34295808;1397067776;0;0;0;0;0;0;0;0;0;0;0;3206;0;0;125;0;42;0;
22621;5509292;1196072960;34295808;1397067776;0;0;0;0;0;0;0;0;0;0;0;5340;0;0;125;0;42;0;
22622;5566069;1196072960;34295808;1397067776;0;0;0;0;0;0;0;0;0;0;0;3697;0;0;125;0;42;0;
22623;5424393;1196072960;34295808;1397067776;0;0;0;0;0;0;0;0;0;0;0;5090;0;0;125;0;42;0;
22624;5638805;1196072960;34295808;1397067776;0;0;0;0;0;0;0;0;0;0;0;11292;0;0;125;0;42;0;
22625;5163364;1196072960;34295808;1397067776;0;0;0;0;0;0;0;0;0;0;0;6703;0;0;125;0;42;0;
22626;5214789;1196072960;34295808;1397067776;0;0;0;0;0;0;0;0;0;0;0;4289;0;0;125;0;42;0;
22627;4858040;1196072960;34295808;1397067776;0;0;0;0;0;0;0;0;0;0;0;4518;0;0;125;0;42;0;
22628;5253763;1196072960;34295808;1397067776;0;0;0;0;0;0;0;0;0;0;0;3206;0;0;125;0;42;0;
22629;5343150;1196072960;34295808;1397067776;0;0;0;0;0;0;0;0;0;0;0;5420;0;0;125;0;42;0;
22630;5519491;1196072960;34295808;1397067776;0;0;0;0;0;0;0;0;0;0;0;3998;0;0;125;0;42;0;
22631;4842672;1196072960;34295808;1397067776;0;0;0;0;0;0;0;0;0;0;0;4599;0;0;125;0;42;0;
22632;5359441;1196072960;34295808;1397067776;0;0;0;0;0;0;0;0;0;0;0;3116;0;0;125;0;42;0;
22633;5129229;1196072960;34295808;1397067776;0;0;0;0;0;0;0;0;0;0;0;4518;0;0;125;0;42;0;
22634;5236801;1196072960;34295808;1397067776;0;0;0;0;0;0;0;0;0;0;0;3697;0;0;125;0;42;0;
22635;4659769;1196072960;34295808;1397067776;0;0;0;0;0;0;0;0;0;0;0;4438;0;0;125;0;42;0;
22636;6730923;1196072960;34295808;1397067776;0;0;0;0;0;0;0;0;0;0;0;3546;0;0;125;0;42;0;
22637;5191406;1196072960;34295808;1397067776;0;0;0;0;0;0;0;0;0;0;0;4879;0;0;125;0;42;0;
22638;5069437;1196072960;34295808;1397067776;0;0;0;0;0;0;0;0;0;0;0;3777;0;0;125;0;42;0;
22639;5201776;1196072960;34295808;1397067776;0;0;0;0;0;0;0;0;0;0;0;5029;0;0;125;0;42;0;
22640;5622585;1196072960;34295808;1397067776;0;0;0;0;0;0;0;0;0;0;0;3857;0;0;125;0;42;0;
22641;5446524;1196072960;34295808;1397067776;0;0;0;0;0;0;0;0;0;0;0;5581;0;0;125;0;42;0;
22642;5172420;1196072960;34295808;1397067776;0;0;0;0;0;0;0;0;0;0;0;3667;0;0;125;0;42;0;
22643;5343531;1196072960;34295808;1397067776;0;0;0;0;0;0;0;0;0;0;0;5351;0;0;125;0;42;0;
22644;4986282;1196072960;34295808;1397067776;0;0;0;0;0;0;0;0;0;0;0;4018;0;0;125;0;42;0;
22645;5669171;1196072960;34295808;1397067776;0;0;0;0;0;0;0;0;0;0;0;5260;0;0;125;0;42;0;
22646;5313966;1196072960;34295808;1397067776;0;0;0;0;0;0;0;0;0;0;0;3426;0;0;125;0;42;0;
22647;5624107;1196072960;34295808;1397067776;0;0;0;0;0;0;0;0;0;0;0;64060;0;0;125;0;42;0;
22648;5590514;1196072960;34295808;1397067776;0;0;0;0;0;0;0;0;0;0;0;4078;0;0;125;0;42;0;
22649;4765888;1196072960;34295808;1397067776;0;0;0;0;0;0;0;0;0;0;0;5170;0;0;125;0;42;0;
22650;5478996;1196072960;34295808;1397067776;0;0;0;0;0;0;0;0;0;0;0;4058;0;0;125;0;42;0;
22651;4119736;1196072960;34295808;1397067776;0;0;0;0;0;0;0;0;0;0;0;4589;0;0;125;0;42;0;
22652;5557092;1196072960;34295808;1397067776;0;0;0;0;0;0;0;0;0;0;0;4138;0;0;125;0;42;0;
22653;5012320;1196072960;34295808;1397067776;0;0;0;0;0;0;0;0;0;0;0;4489;0;0;125;0;42;0;
22654;5986708;1196072960;34295808;1397067776;0;0;0;0;0;0;0;0;0;0;0;3627;0;0;125;0;42;0;
22655;5022108;1196072960;34295808;1397067776;0;0;0;0;0;0;0;0;0;0;0;4409;0;0;125;0;42;0;
22656;6150996;1196072960;34295808;1397067776;0;0;0;0;0;0;0;0;0;0;0;4058;0;0;125;0;42;0;
22657;4404760;1196072960;34295808;1397067776;0;0;0;0;0;0;0;0;0;0;0;4439;0;0;125;0;42;0;
22658;6128082;1196072960;34295808;1397067776;0;0;0;0;0;0;0;0;0;0;0;4669;0;0;125;0;42;0;
22659;4383781;1196072960;34295808;1397067776;0;0;0;0;0;0;0;0;0;0;0;4578;0;0;125;0;42;0;
22660;6026382;1196072960;34295808;1397067776;0;0;0;0;0;0;0;0;0;0;0;5350;0;0;125;0;42;0;
22661;4138882;1196072960;34295808;1397067776;0;0;0;0;0;0;0;0;0;0;0;3897;0;0;125;0;42;0;
22662;5629848;1196072960;34295808;1397067776;0;0;0;0;0;0;0;0;0;0;0;4609;0;0;125;0;42;0;
22663;4621487;1196072960;34295808;1397067776;0;0;0;0;0;0;0;0;0;0;0;4809;0;0;125;0;42;0;
22664;5632913;1196072960;34295808;1397067776;0;0;0;0;0;0;0;0;0;0;0;4268;0;0;125;0;42;0;
22665;5277297;1196072960;34295808;1397067776;0;0;0;0;0;0;0;0;0;0;0;5170;0;0;125;0;42;0;
22666;5196605;1196072960;34295808;1397067776;0;0;0;0;0;0;0;0;0;0;0;4068;0;0;125;0;42;0;
22667;4328608;1196072960;34295808;1397067776;0;0;0;0;0;0;0;0;0;0;0;4929;0;0;125;0;42;0;
22668;5692806;1196072960;34295808;1397067776;0;0;0;0;0;0;0;0;0;0;0;3517;0;0;125;0;42;0;
22669;4619423;1196072960;34295808;1397067776;0;0;0;0;0;0;0;0;0;0;0;4569;0;0;125;0;42;0;
22670;5636540;1196072960;34295808;1397067776;0;0;0;0;0;0;0;0;0;0;0;3587;0;0;125;0;42;0;
22671;6140216;1196072960;34295808;1397067776;0;0;0;0;0;0;0;0;0;0;0;4459;0;0;125;0;42;0;
22672;5413252;1196072960;34295808;1397067776;0;0;0;0;0;0;0;0;0;0;0;2755;0;0;125;0;42;0;
22673;3848297;1196072960;34295808;1397067776;0;0;0;0;0;0;0;0;0;0;0;3105;0;0;125;0;42;0;
22674;5083183;1196072960;34295808;1397067776;0;0;0;0;0;0;0;0;0;0;0;2284;0;0;125;0;42;0;
22675;5544899;1196072960;34295808;1397067776;0;0;0;0;0;0;0;0;0;0;0;4288;0;0;125;0;42;0;
22676;5667769;1196072960;34295808;1397067776;0;0;0;0;0;0;0;0;0;0;0;4669;0;0;125;0;42;0;
22677;4646094;1196072960;34295808;1397067776;0;0;0;0;0;0;0;0;0;0;0;4769;0;0;125;0;42;0;
22678;5864528;1196072960;34295808;1397067776;0;0;0;0;0;0;0;0;0;0;0;4940;0;0;125;0;42;0;
22679;4371768;1196072960;34295808;1397067776;0;0;0;0;0;0;0;0;0;0;0;4098;0;0;125;0;42;0;
22680;5368067;1196072960;34295808;1397067776;0;0;0;0;0;0;0;0;0;0;0;4669;0;0;125;0;42;0;
22681;4585239;1196072960;34295808;1397067776;0;0;0;0;0;0;0;0;0;0;0;4899;0;0;125;0;42;0;
22682;5654404;1196072960;34295808;1397067776;0;0;0;0;0;0;0;0;0;0;0;4468;0;0;125;0;42;0;
22683;5495536;1196072960;34295808;1397067776;0;0;0;0;0;0;0;0;0;0;0;5169;0;0;125;0;42;0;
22684;6075363;1196072960;34295808;1397067776;0;0;0;0;0;0;0;0;0;0;0;4158;0;0;125;0;42;0;
22685;6004100;1196072960;34295808;1397067776;0;0;0;0;0;0;0;0;0;0;0;5169;0;0;125;0;42;0;
22686;5132876;1196072960;34295808;1397067776;0;0;0;0;0;0;0;0;0;0;0;3807;0;0;125;0;42;0;
22687;5727121;1196072960;34295808;1397067776;0;0;0;0;0;0;0;0;0;0;0;4880;0;0;125;0;42;0;
22688;5182749;1196072960;34295808;1397067776;0;0;0;0;0;0;0;0;0;0;0;3767;0;0;125;0;42;0;
22689;4500741;1196072960;34295808;1397067776;0;0;0;0;0;0;0;0;0;0;0;4318;0;0;125;0;42;0;
22690;5196275;1196072960;34295808;1397067776;0;0;0;0;0;0;0;0;0;0;0;3657;0;0;125;0;42;0;
22691;5281325;1196072960;34295808;1397067776;0;0;0;0;0;0;0;0;0;0;0;4719;0;0;125;0;42;0;
22692;5718475;1196072960;34295808;1397067776;0;0;0;0;0;0;0;0;0;0;0;3888;0;0;125;0;42;0;
22693;5160929;1196072960;34295808;1397067776;0;0;0;0;0;0;0;0;0;0;0;4889;0;0;125;0;42;0;
22694;5459920;1196072960;34295808;1397067776;0;0;0;0;0;0;0;0;0;0;0;3607;0;0;125;0;42;0;
22695;4823115;1196072960;34295808;1397067776;0;0;0;0;0;0;0;0;0;0;0;4900;0;0;125;0;42;0;
22696;5172952;1196072960;34295808;1397067776;0;0;0;0;0;0;0;0;0;0;0;3918;0;0;125;0;42;0;
22697;5157312;1196072960;34295808;1397067776;0;0;0;0;0;0;0;0;0;0;0;4779;0;0;125;0;42;0;
22698;13088966;1196072960;34295808;1397067776;0;0;0;0;0;0;0;0;0;0;0;4799;0;0;125;0;42;0;
22699;5769680;1196072960;34295808;1397067776;0;0;0;0;0;0;0;0;0;0;0;4739;0;0;125;0;42;0;
22700;5394828;1196072960;34295808;1397067776;0;0;0;0;0;0;0;0;0;0;0;3707;0;0;125;0;42;0;
22701;4519085;1196072960;34295808;1397067776;0;0;0;0;0;0;0;0;0;0;0;5179;0;0;125;0;42;0;
22702;5318774;1196072960;34295808;1397067776;0;0;0;0;0;0;0;0;0;0;0;4138;0;0;125;0;42;0;
22703;5619990;1196072960;34295808;1397067776;0;0;0;0;0;0;0;0;0;0;0;5530;0;0;125;0;42;0;
22704;5160498;1196072960;34295808;1397067776;0;0;0;0;0;0;0;0;0;0;0;3727;0;0;125;0;42;0;
22705;4982644;1196072960;34295808;1397067776;0;0;0;0;0;0;0;0;0;0;0;5160;0;0;125;0;42;0;
22706;5153094;1196072960;34295808;1397067776;0;0;0;0;0;0;0;0;0;0;0;3286;0;0;125;0;42;0;
22707;4633249;1196072960;34295808;1397067776;0;0;0;0;0;0;0;0;0;0;0;4489;0;0;125;0;42;0;
22708;5344423;1196072960;34295808;1397067776;0;0;0;0;0;0;0;0;0;0;0;4338;0;0;125;0;42;0;
22709;13365566;1196072960;34295808;1397067776;0;0;0;0;0;0;0;0;0;0;0;5210;0;0;125;0;42;0;
22710;5688789;1196072960;34295808;1397067776;0;0;0;0;0;0;0;0;0;0;0;4138;0;0;125;0;42;0;
22711;5806439;1196072960;34295808;1397067776;0;0;0;0;0;0;0;0;0;0;0;4910;0;0;125;0;42;0;
22712;5679542;1196072960;34295808;1397067776;0;0;0;0;0;0;0;0;0;0;0;4739;0;0;125;0;42;0;
22713;5039762;1196072960;34295808;1397067776;0;0;0;0;0;0;0;0;0;0;0;4668;0;0;125;0;42;0;
22714;5626863;1196072960;34295808;1397067776;0;0;0;0;0;0;0;0;0;0;0;4228;0;0;125;0;42;0;
22715;4186582;1196072960;34295808;1397067776;0;0;0;0;0;0;0;0;0;0;0;4599;0;0;125;0;42;0;
22716;5535972;1196072960;34295808;1397067776;0;0;0;0;0;0;0;0;0;0;0;4379;0;0;125;0;42;0;
22717;4281710;1196072960;34295808;1397067776;0;0;0;0;0;0;0;0;0;0;0;4558;0;0;125;0;42;0;
22718;5495857;1196072960;34295808;1397067776;0;0;0;0;0;0;0;0;0;0;0;4488;0;0;125;0;42;0;
22719;4504598;1196072960;34295808;1397067776;0;0;0;0;0;0;0;0;0;0;0;3938;0;0;125;0;42;0;
22720;5587980;1196072960;34295808;1397067776;0;0;0;0;0;0;0;0;0;0;0;4388;0;0;125;0;42;0;
22721;4786036;1196072960;34295808;1397067776;0;0;0;0;0;0;0;0;0;0;0;4328;0;0;125;0;42;0;
22722;5833740;1196072960;34295808;1397067776;0;0;0;0;0;0;0;0;0;0;0;4318;0;0;125;0;42;0;
22723;4834576;1196072960;34295808;1397067776;0;0;0;0;0;0;0;0;0;0;0;3767;0;0;125;0;42;0;
22724;5423761;1196072960;34295808;1397067776;0;0;0;0;0;0;0;0;0;0;0;3727;0;0;125;0;42;0;
22725;4037061;1196072960;34295808;1397067776;0;0;0;0;0;0;0;0;0;0;0;3907;0;0;125;0;42;0;
22726;5594111;1196072960;34295808;1397067776;0;0;0;0;0;0;0;0;0;0;0;3577;0;0;125;0;42;0;
22727;5222595;1196072960;34295808;1397067776;0;0;0;0;0;0;0;0;0;0;0;3937;0;0;125;0;42;0;
22728;5478384;1196072960;34295808;1397067776;0;0;0;0;0;0;0;0;0;0;0;3807;0;0;125;0;42;0;
22729;4812255;1196072960;34295808;1397067776;0;0;0;0;0;0;0;0;0;0;0;4969;0;0;125;0;42;0;
22730;5465380;1196072960;34295808;1397067776;0;0;0;0;0;0;0;0;0;0;0;5550;0;0;125;0;42;0;
22731;5150369;1196072960;34295808;1397067776;0;0;0;0;0;0;0;0;0;0;0;3627;0;0;125;0;42;0;
22732;5804255;1196072960;34295808;1397067776;0;0;0;0;0;0;0;0;0;0;0;4128;0;0;125;0;42;0;
22733;4662634;1196072960;34295808;1397067776;0;0;0;0;0;0;0;0;0;0;0;4809;0;0;125;0;42;0;
22734;5536433;1196072960;34295808;1397067776;0;0;0;0;0;0;0;0;0;0;0;3577;0;0;125;0;42;0;
22735;4666020;1196072960;34295808;1397067776;0;0;0;0;0;0;0;0;0;0;0;4728;0;0;125;0;42;0;
22736;5680914;1196072960;34295808;1397067776;0;0;0;0;0;0;0;0;0;0;0;4348;0;0;125;0;42;0;
22737;4615756;1196072960;34295808;1397067776;0;0;0;0;0;0;0;0;0;0;0;4728;0;0;125;0;42;0;
22738;5177009;1196072960;34295808;1397067776;0;0;0;0;0;0;0;0;0;0;0;3567;0;0;125;0;42;0;
22739;4870905;1196072960;34295808;1397067776;0;0;0;0;0;0;0;0;0;0;0;4990;0;0;125;0;42;0;
22740;5567461;1196072960;34295808;1397067776;0;0;0;0;0;0;0;0;0;0;0;3266;0;0;125;0;42;0;
22741;5386693;1196072960;34295808;1397067776;0;0;0;0;0;0;0;0;0;0;0;4389;0;0;125;0;42;0;
22742;5386491;1196072960;34295808;1397067776;0;0;0;0;0;0;0;0;0;0;0;3096;0;0;125;0;42;0;
22743;5101808;1196072960;34295808;1397067776;0;0;0;0;0;0;0;0;0;0;0;4027;0;0;125;0;42;0;
22744;5543076;1196072960;34295808;1397067776;0;0;0;0;0;0;0;0;0;0;0;4749;0;0;125;0;42;0;
22745;4434737;1196072960;34295808;1397067776;0;0;0;0;0;0;0;0;0;0;0;4388;0;0;125;0;42;0;
22746;5202556;1196072960;34295808;1397067776;0;0;0;0;0;0;0;0;0;0;0;3466;0;0;125;0;42;0;
22747;4137369;1196072960;34295808;1397067776;0;0;0;0;0;0;0;0;0;0;0;4228;0;0;125;0;42;0;
22748;5070719;1196072960;34295808;1397067776;0;0;0;0;0;0;0;0;0;0;0;3537;0;0;125;0;42;0;
22749;4927361;1196072960;34295808;1397067776;0;0;0;0;0;0;0;0;0;0;0;4559;0;0;125;0;42;0;
22750;4910639;1196072960;34295808;1397067776;0;0;0;0;0;0;0;0;0;0;0;3386;0;0;125;0;42;0;
22751;3457394;1196072960;34295808;1397067776;0;0;0;0;0;0;0;0;0;0;0;4127;0;0;125;0;42;0;
22752;5332520;1196072960;34295808;1397067776;0;0;0;0;0;0;0;0;0;0;0;4137;0;0;125;0;42;0;
22753;4786867;1196072960;34295808;1397067776;0;0;0;0;0;0;0;0;0;0;0;4919;0;0;125;0;42;0;
22754;5376814;1196072960;34295808;1397067776;0;0;0;0;0;0;0;0;0;0;0;3757;0;0;125;0;42;0;
22755;5447817;1196072960;34295808;1397067776;0;0;0;0;0;0;0;0;0;0;0;4939;0;0;125;0;42;0;
22756;5492240;1196072960;34295808;1397067776;0;0;0;0;0;0;0;0;0;0;0;4659;0;0;125;0;42;0;
22757;4993965;1196072960;34295808;1397067776;0;0;0;0;0;0;0;0;0;0;0;4919;0;0;125;0;42;0;
22758;6232438;1196072960;34295808;1397067776;0;0;0;0;0;0;0;0;0;0;0;4598;0;0;125;0;42;0;
22759;5083193;1196072960;34295808;1397067776;0;0;0;0;0;0;0;0;0;0;0;4689;0;0;125;0;42;0;
22760;5735797;1196072960;34295808;1397067776;0;0;0;0;0;0;0;0;0;0;0;4859;0;0;125;0;42;0;
22761;6038755;1196072960;34295808;1397067776;0;0;0;0;0;0;0;0;0;0;0;4559;0;0;125;0;42;0;
22762;5514982;1196072960;34295808;1397067776;0;0;0;0;0;0;0;0;0;0;0;4228;0;0;125;0;42;0;
22763;4864203;1196072960;34295808;1397067776;0;0;0;0;0;0;0;0;0;0;0;4959;0;0;125;0;42;0;
22764;5956651;1196072960;34295808;1397067776;0;0;0;0;0;0;0;0;0;0;0;4960;0;0;125;0;42;0;
22765;4661372;1196072960;34295808;1397067776;0;0;0;0;0;0;0;0;0;0;0;4759;0;0;125;0;42;0;
22766;5032688;1196072960;34295808;1397067776;0;0;0;0;0;0;0;0;0;0;0;3667;0;0;125;0;42;0;
22767;4943461;1196072960;34295808;1397067776;0;0;0;0;0;0;0;0;0;0;0;5070;0;0;125;0;42;0;
22768;5652361;1196072960;34295808;1397067776;0;0;0;0;0;0;0;0;0;0;0;3457;0;0;125;0;42;0;
22769;5308275;1196072960;34295808;1397067776;0;0;0;0;0;0;0;0;0;0;0;5991;0;0;125;0;42;0;
22770;5723153;1196072960;34295808;1397067776;0;0;0;0;0;0;0;0;0;0;0;3647;0;0;125;0;42;0;
22771;5811388;1196072960;34295808;1397067776;0;0;0;0;0;0;0;0;0;0;0;4298;0;0;125;0;42;0;
22772;5367246;1196072960;34295808;1397067776;0;0;0;0;0;0;0;0;0;0;0;4087;0;0;125;0;42;0;
22773;5500075;1196072960;34295808;1397067776;0;0;0;0;0;0;0;0;0;0;0;3957;0;0;125;0;42;0;
22774;5258763;1196072960;34295808;1397067776;0;0;0;0;0;0;0;0;0;0;0;4298;0;0;125;0;42;0;
22775;5013893;1196072960;34295808;1397067776;0;0;0;0;0;0;0;0;0;0;0;4719;0;0;125;0;42;0;
22776;5325588;1196072960;34295808;1397067776;0;0;0;0;0;0;0;0;0;0;0;3747;0;0;125;0;42;0;
22777;5292335;1196072960;34295808;1397067776;0;0;0;0;0;0;0;0;0;0;0;5220;0;0;125;0;42;0;
22778;5238535;1196072960;34295808;1397067776;0;0;0;0;0;0;0;0;0;0;0;4047;0;0;125;0;42;0;
22779;5117818;1196072960;34295808;1397067776;0;0;0;0;0;0;0;0;0;0;0;4839;0;0;125;0;42;0;
22780;5506927;1196072960;34295808;1397067776;0;0;0;0;0;0;0;0;0;0;0;4027;0;0;125;0;42;0;
22781;5895707;1196072960;34295808;1397067776;0;0;0;0;0;0;0;0;0;0;0;4378;0;0;125;0;42;0;
22782;5431586;1196072960;34295808;1397067776;0;0;0;0;0;0;0;0;0;0;0;4027;0;0;125;0;42;0;
22783;4833525;1196072960;34295808;1397067776;0;0;0;0;0;0;0;0;0;0;0;12734;0;0;125;0;42;0;
22784;5678279;1196072960;34295808;1397067776;0;0;0;0;0;0;0;0;0;0;0;4859;0;0;125;0;42;0;
22785;4815481;1196072960;34304000;1397075968;0;0;0;0;0;0;0;0;0;0;0;5801;0;0;125;0;42;0;
22786;5288328;1196072960;34304000;1397075968;0;0;0;0;0;0;0;0;0;0;0;3366;0;0;125;0;42;0;
22787;4536017;1196072960;34304000;1397075968;0;0;0;0;0;0;0;0;0;0;0;4489;0;0;125;0;42;0;
22788;5001469;1196072960;34304000;1397075968;0;0;0;0;0;0;0;0;0;0;0;3446;0;0;125;0;42;0;
22789;4725973;1196072960;34304000;1397075968;0;0;0;0;0;0;0;0;0;0;0;3978;0;0;125;0;42;0;
22790;5060390;1196072960;34304000;1397075968;0;0;0;0;0;0;0;0;0;0;0;2976;0;0;125;0;42;0;
22791;4936137;1196072960;34295808;1397067776;0;0;0;0;0;0;0;0;0;0;0;4308;0;0;125;0;42;0;
22792;5118499;1196072960;34295808;1397067776;0;0;0;0;0;0;0;0;0;0;0;2395;0;0;125;0;42;0;
22793;5155849;1196072960;34295808;1397067776;0;0;0;0;0;0;0;0;0;0;0;4388;0;0;125;0;42;0;
22794;5306241;1196072960;34295808;1397067776;0;0;0;0;0;0;0;0;0;0;0;2886;0;0;125;0;42;0;
22795;5915945;1196072960;34295808;1397067776;0;0;0;0;0;0;0;0;0;0;0;4448;0;0;125;0;42;0;
22796;5456694;1196072960;34295808;1397067776;0;0;0;0;0;0;0;0;0;0;0;3486;0;0;125;0;42;0;
22797;4343065;1196072960;34295808;1397067776;0;0;0;0;0;0;0;0;0;0;0;4158;0;0;125;0;42;0;
22798;5249124;1196072960;34295808;1397067776;0;0;0;0;0;0;0;0;0;0;0;3276;0;0;125;0;42;0;
22799;4350689;1196072960;34295808;1397067776;0;0;0;0;0;0;0;0;0;0;0;4097;0;0;125;0;42;0;
22800;5972631;1196072960;34295808;1397067776;0;0;0;0;0;0;0;0;0;0;0;4779;0;0;125;0;42;0;
22801;4007625;1196072960;34295808;1397067776;0;0;0;0;0;0;0;0;0;0;0;4749;0;0;125;0;42;0;
22802;5400187;1196072960;34295808;1397067776;0;0;0;0;0;0;0;0;0;0;0;3636;0;0;125;0;42;0;
22803;4712398;1196072960;34295808;1397067776;0;0;0;0;0;0;0;0;0;0;0;4108;0;0;125;0;42;0;
22804;5752999;1196072960;34295808;1397067776;0;0;0;0;0;0;0;0;0;0;0;3386;0;0;125;0;42;0;
22805;4103496;1196072960;34295808;1397067776;0;0;0;0;0;0;0;0;0;0;0;3737;0;0;125;0;42;0;
22806;6075434;1196072960;34295808;1397067776;0;0;0;0;0;0;0;0;0;0;0;4599;0;0;125;0;42;0;
22807;5293036;1196072960;34295808;1397067776;0;0;0;0;0;0;0;0;0;0;0;5029;0;0;125;0;42;0;
22808;5880207;1196072960;34295808;1397067776;0;0;0;0;0;0;0;0;0;0;0;5010;0;0;125;0;42;0;
22809;5405848;1196072960;34295808;1397067776;0;0;0;0;0;0;0;0;0;0;0;5531;0;0;125;0;42;0;
22810;5760463;1196072960;34295808;1397067776;0;0;0;0;0;0;0;0;0;0;0;4468;0;0;125;0;42;0;
22811;5033960;1196072960;34295808;1397067776;0;0;0;0;0;0;0;0;0;0;0;5541;0;0;125;0;42;0;
22812;5810537;1196072960;34295808;1397067776;0;0;0;0;0;0;0;0;0;0;0;4058;0;0;125;0;42;0;
22813;4006814;1196072960;34295808;1397067776;0;0;0;0;0;0;0;0;0;0;0;3887;0;0;125;0;42;0;
22814;6390445;1196072960;34295808;1397067776;0;0;0;0;0;0;0;0;0;0;0;3998;0;0;125;0;42;0;
22815;4557276;1196072960;34295808;1397067776;0;0;0;0;0;0;0;0;0;0;0;4098;0;0;125;0;42;0;
22816;5571449;1196072960;34295808;1397067776;0;0;0;0;0;0;0;0;0;0;0;4669;0;0;125;0;42;0;
22817;4180771;1196072960;34295808;1397067776;0;0;0;0;0;0;0;0;0;0;0;3887;0;0;125;0;42;0;
22818;5758430;1196072960;34295808;1397067776;0;0;0;0;0;0;0;0;0;0;0;3637;0;0;125;0;42;0;
22819;4384974;1196072960;34295808;1397067776;0;0;0;0;0;0;0;0;0;0;0;4107;0;0;125;0;42;0;
22820;5330557;1196072960;34295808;1397067776;0;0;0;0;0;0;0;0;0;0;0;3307;0;0;125;0;42;0;
22821;3999922;1196072960;34295808;1397067776;0;0;0;0;0;0;0;0;0;0;0;3867;0;0;125;0;42;0;
22822;5185205;1196072960;34295808;1397067776;0;0;0;0;0;0;0;0;0;0;0;3527;0;0;125;0;42;0;
22823;4526419;1196072960;34295808;1397067776;0;0;0;0;0;0;0;0;0;0;0;4248;0;0;125;0;42;0;
22824;4860255;1196072960;34295808;1397067776;0;0;0;0;0;0;0;0;0;0;0;3596;0;0;125;0;42;0;
22825;4783361;1196072960;34295808;1397067776;0;0;0;0;0;0;0;0;0;0;0;4579;0;0;125;0;42;0;
22826;5424644;1196072960;34295808;1397067776;0;0;0;0;0;0;0;0;0;0;0;3617;0;0;125;0;42;0;
22827;4694765;1196072960;34295808;1397067776;0;0;0;0;0;0;0;0;0;0;0;4408;0;0;125;0;42;0;
22828;5742519;1196072960;34295808;1397067776;0;0;0;0;0;0;0;0;0;0;0;4419;0;0;125;0;42;0;
22829;5553805;1196072960;34295808;1397067776;0;0;0;0;0;0;0;0;0;0;0;4679;0;0;125;0;42;0;
22830;5249454;1196072960;34295808;1397067776;0;0;0;0;0;0;0;0;0;0;0;4198;0;0;125;0;42;0;
22831;5231130;1196072960;34295808;1397067776;0;0;0;0;0;0;0;0;0;0;0;4559;0;0;125;0;42;0;
22832;5784558;1196072960;34295808;1397067776;0;0;0;0;0;0;0;0;0;0;0;3778;0;0;125;0;42;0;
22833;4792448;1196072960;34295808;1397067776;0;0;0;0;0;0;0;0;0;0;0;4648;0;0;125;0;42;0;
22834;5122977;1196072960;34295808;1397067776;0;0;0;0;0;0;0;0;0;0;0;3707;0;0;125;0;42;0;
22835;5231792;1196072960;34295808;1397067776;0;0;0;0;0;0;0;0;0;0;0;3888;0;0;125;0;42;0;
22836;5507760;1196072960;34295808;1397067776;0;0;0;0;0;0;0;0;0;0;0;2665;0;0;125;0;42;0;
22837;4290256;1196072960;34295808;1397067776;0;0;0;0;0;0;0;0;0;0;0;4458;0;0;125;0;42;0;
22838;5440523;1196072960;34295808;1397067776;0;0;0;0;0;0;0;0;0;0;0;2915;0;0;125;0;42;0;
22839;4735380;1196072960;34295808;1397067776;0;0;0;0;0;0;0;0;0;0;0;4057;0;0;125;0;42;0;
22840;5071881;1196072960;34295808;1397067776;0;0;0;0;0;0;0;0;0;0;0;3296;0;0;125;0;42;0;
22841;4327266;1196072960;34295808;1397067776;0;0;0;0;0;0;0;0;0;0;0;4028;0;0;125;0;42;0;
22842;5197528;1196072960;34295808;1397067776;0;0;0;0;0;0;0;0;0;0;0;3046;0;0;125;0;42;0;
22843;4515969;1196072960;34295808;1397067776;0;0;0;0;0;0;0;0;0;0;0;4138;0;0;125;0;42;0;
22844;5135370;1196072960;34295808;1397067776;0;0;0;0;0;0;0;0;0;0;0;3026;0;0;125;0;42;0;
22845;4269578;1196072960;34295808;1397067776;0;0;0;0;0;0;0;0;0;0;0;3837;0;0;125;0;42;0;
22846;5415807;1196072960;34295808;1397067776;0;0;0;0;0;0;0;0;0;0;0;4478;0;0;125;0;42;0;
22847;3634486;1196072960;34295808;1397067776;0;0;0;0;0;0;0;0;0;0;0;3737;0;0;125;0;42;0;
22848;5069537;1196072960;34295808;1397067776;0;0;0;0;0;0;0;0;0;0;0;3768;0;0;125;0;42;0;
22849;3850040;1196072960;34295808;1397067776;0;0;0;0;0;0;0;0;0;0;0;3587;0;0;125;0;42;0;
22850;5478624;1196072960;34295808;1397067776;0;0;0;0;0;0;0;0;0;0;0;4679;0;0;125;0;42;0;
22851;4794591;1196072960;34295808;1397067776;0;0;0;0;0;0;0;0;0;0;0;4639;0;0;125;0;42;0;
22852;6248899;1196072960;34295808;1397067776;0;0;0;0;0;0;0;0;0;0;0;4258;0;0;125;0;42;0;
22853;4654989;1196072960;34295808;1397067776;0;0;0;0;0;0;0;0;0;0;0;4428;0;0;125;0;42;0;
22854;5556982;1196072960;34295808;1397067776;0;0;0;0;0;0;0;0;0;0;0;4589;0;0;125;0;42;0;
22855;4818326;1196072960;34295808;1397067776;0;0;0;0;0;0;0;0;0;0;0;3988;0;0;125;0;42;0;
22856;5312493;1196072960;34295808;1397067776;0;0;0;0;0;0;0;0;0;0;0;4298;0;0;125;0;42;0;
22857;3723704;1196072960;34295808;1397067776;0;0;0;0;0;0;0;0;0;0;0;3667;0;0;125;0;42;0;
22858;5300451;1196072960;34295808;1397067776;0;0;0;0;0;0;0;0;0;0;0;3186;0;0;125;0;42;0;
22859;4528021;1196072960;34295808;1397067776;0;0;0;0;0;0;0;0;0;0;0;4749;0;0;125;0;42;0;
22860;6228932;1198432256;34295808;1397067776;0;0;0;0;0;0;0;0;0;0;0;3717;0;0;125;0;42;0;
22861;5652570;1198432256;34295808;1397067776;0;0;0;0;0;0;0;0;0;0;0;4809;0;0;125;0;42;0;
22862;5871842;1198702592;34295808;1397067776;0;0;0;0;0;0;0;0;0;0;0;3667;0;0;125;0;42;0;
22863;4102123;1198702592;34295808;1397067776;0;0;0;0;0;0;0;0;0;0;0;3787;0;0;125;0;42;0;
22864;5615642;1198702592;34295808;1397067776;0;0;0;0;0;0;0;0;0;0;0;3487;0;0;125;0;42;0;
22865;5041264;1198702592;34295808;1397067776;0;0;0;0;0;0;0;0;0;0;0;4077;0;0;125;0;42;0;
22866;5044882;1198702592;34295808;1397067776;0;0;0;0;0;0;0;0;0;0;0;3336;0;0;125;0;42;0;
22867;5080498;1198702592;34295808;1397067776;0;0;0;0;0;0;0;0;0;0;0;4658;0;0;125;0;42;0;
22868;5320068;1198702592;34295808;1397067776;0;0;0;0;0;0;0;0;0;0;0;3848;0;0;125;0;42;0;
22869;4211749;1198702592;34295808;1397067776;0;0;0;0;0;0;0;0;0;0;0;4278;0;0;125;0;42;0;
22870;5465690;1198702592;34295808;1397067776;0;0;0;0;0;0;0;0;0;0;0;3747;0;0;125;0;42;0;
22871;4254930;1198702592;34295808;1397067776;0;0;0;0;0;0;0;0;0;0;0;3697;0;0;125;0;42;0;
22872;5385601;1198702592;34295808;1397067776;0;0;0;0;0;0;0;0;0;0;0;3466;0;0;125;0;42;0;
22873;4465104;1198702592;34295808;1397067776;0;0;0;0;0;0;0;0;0;0;0;4158;0;0;125;0;42;0;
22874;5313926;1198702592;34295808;1397067776;0;0;0;0;0;0;0;0;0;0;0;3136;0;0;125;0;42;0;
22875;4292751;1198702592;34295808;1397067776;0;0;0;0;0;0;0;0;0;0;0;3867;0;0;125;0;42;0;
22876;5286084;1198702592;34295808;1397067776;0;0;0;0;0;0;0;0;0;0;0;3116;0;0;125;0;42;0;
22877;4407446;1198702592;34295808;1397067776;0;0;0;0;0;0;0;0;0;0;0;4138;0;0;125;0;42;0;
22878;5295030;1198702592;34295808;1397067776;0;0;0;0;0;0;0;0;0;0;0;3286;0;0;125;0;42;0;
22879;5389287;1198702592;34295808;1397067776;0;0;0;0;0;0;0;0;0;0;0;4608;0;0;125;0;42;0;
22880;5993120;1198702592;34295808;1397067776;0;0;0;0;0;0;0;0;0;0;0;3727;0;0;125;0;42;0;
22881;5377295;1198702592;34295808;1397067776;0;0;0;0;0;0;0;0;0;0;0;4799;0;0;125;0;42;0;
22882;5503611;1198702592;34295808;1397067776;0;0;0;0;0;0;0;0;0;0;0;3506;0;0;125;0;42;0;
22883;4871957;1198702592;34295808;1397067776;0;0;0;0;0;0;0;0;0;0;0;4058;0;0;125;0;42;0;
22884;5423341;1198702592;34295808;1397067776;0;0;0;0;0;0;0;0;0;0;0;3457;0;0;125;0;42;0;
22885;4199175;1198702592;34295808;1397067776;0;0;0;0;0;0;0;0;0;0;0;3957;0;0;125;0;42;0;
22886;5177380;1198702592;34295808;1397067776;0;0;0;0;0;0;0;0;0;0;0;3116;0;0;125;0;42;0;
22887;3626711;1198702592;34295808;1397067776;0;0;0;0;0;0;0;0;0;0;0;3547;0;0;125;0;42;0;
22888;4969359;1198702592;34295808;1397067776;0;0;0;0;0;0;0;0;0;0;0;2965;0;0;125;0;42;0;
22889;4374925;1198702592;34295808;1397067776;0;0;0;0;0;0;0;0;0;0;0;4519;0;0;125;0;42;0;
22890;5034071;1198702592;34295808;1397067776;0;0;0;0;0;0;0;0;0;0;0;3316;0;0;125;0;42;0;
22891;4306556;1198702592;34295808;1397067776;0;0;0;0;0;0;0;0;0;0;0;4348;0;0;125;0;42;0;
22892;5394186;1198702592;34295808;1397067776;0;0;0;0;0;0;0;0;0;0;0;3376;0;0;125;0;42;0;
22893;4974019;1198702592;34295808;1397067776;0;0;0;0;0;0;0;0;0;0;0;3927;0;0;125;0;42;0;
22894;5158814;1198702592;34295808;1397067776;0;0;0;0;0;0;0;0;0;0;0;3747;0;0;125;0;42;0;
22895;4510640;1198702592;34295808;1397067776;0;0;0;0;0;0;0;0;0;0;0;5289;0;0;125;0;42;0;
22896;6575932;1198702592;34295808;1397067776;0;0;0;0;0;0;0;0;0;0;0;4458;0;0;125;0;42;0;
22897;4293211;1198702592;34295808;1397067776;0;0;0;0;0;0;0;0;0;0;0;4348;0;0;125;0;42;0;
22898;6179249;1198702592;34295808;1397067776;0;0;0;0;0;0;0;0;0;0;0;4539;0;0;125;0;42;0;
22899;4419168;1198702592;34295808;1397067776;0;0;0;0;0;0;0;0;0;0;0;3968;0;0;125;0;42;0;
22900;6028425;1198702592;34295808;1397067776;0;0;0;0;0;0;0;0;0;0;0;6723;0;0;125;0;42;0;
22901;4373512;1198702592;34295808;1397067776;0;0;0;0;0;0;0;0;0;0;0;4499;0;0;125;0;42;0;
22902;11299290;1198702592;34295808;1397067776;0;0;0;0;0;0;0;0;0;0;0;3517;0;0;125;0;42;0;
22903;4491734;1198702592;34295808;1397067776;0;0;0;0;0;0;0;0;0;0;0;4048;0;0;125;0;42;0;
22904;6090822;1198702592;34295808;1397067776;0;0;0;0;0;0;0;0;0;0;0;3597;0;0;125;0;42;0;
22905;4247095;1198702592;34295808;1397067776;0;0;0;0;0;0;0;0;0;0;0;4438;0;0;125;0;42;0;
22906;5247741;1198702592;34295808;1397067776;0;0;0;0;0;0;0;0;0;0;0;4859;0;0;125;0;42;0;
22907;4527651;1198702592;34295808;1397067776;0;0;0;0;0;0;0;0;0;0;0;4468;0;0;125;0;42;0;
22908;5517407;1198702592;34295808;1397067776;0;0;0;0;0;0;0;0;0;0;0;3898;0;0;125;0;42;0;
22909;4369805;1198702592;34295808;1397067776;0;0;0;0;0;0;0;0;0;0;0;4378;0;0;125;0;42;0;
22910;5404886;1198702592;34295808;1397067776;0;0;0;0;0;0;0;0;0;0;0;4779;0;0;125;0;42;0;
22911;5003092;1198702592;34295808;1397067776;0;0;0;0;0;0;0;0;0;0;0;3437;0;0;125;0;42;0;
22912;5675204;1198702592;34295808;1397067776;0;0;0;0;0;0;0;0;0;0;0;3987;0;0;125;0;42;0;
22913;4377179;1198702592;34295808;1397067776;0;0;0;0;0;0;0;0;0;0;0;4519;0;0;125;0;42;0;
22914;5600934;1198702592;34295808;1397067776;0;0;0;0;0;0;0;0;0;0;0;3446;0;0;125;0;42;0;
22915;5276665;1198702592;34295808;1397067776;0;0;0;0;0;0;0;0;0;0;0;4388;0;0;125;0;42;0;
22916;5370652;1198702592;34295808;1397067776;0;0;0;0;0;0;0;0;0;0;0;4017;0;0;125;0;42;0;
22917;6424328;1198702592;34295808;1397067776;0;0;0;0;0;0;0;0;0;0;0;4619;0;0;125;0;42;0;
22918;5994031;1198702592;34295808;1397067776;0;0;0;0;0;0;0;0;0;0;0;3827;0;0;125;0;42;0;
22919;7036676;1198702592;34295808;1397067776;0;0;0;0;0;0;0;0;0;0;0;4649;0;0;125;0;42;0;
22920;5654114;1198702592;34295808;1397067776;0;0;0;0;0;0;0;0;0;0;0;4328;0;0;125;0;42;0;
22921;5207416;1198702592;34295808;1397067776;0;0;0;0;0;0;0;0;0;0;0;3807;0;0;125;0;42;0;
22922;4953340;1198702592;34295808;1397067776;0;0;0;0;0;0;0;0;0;0;0;3116;0;0;125;0;42;0;
22923;3592858;1198702592;34295808;1397067776;0;0;0;0;0;0;0;0;0;0;0;4398;0;0;125;0;42;0;
22924;5942434;1198702592;34295808;1397067776;0;0;0;0;0;0;0;0;0;0;0;4348;0;0;125;0;42;0;
22925;3730466;1198702592;34295808;1397067776;0;0;0;0;0;0;0;0;0;0;0;4318;0;0;125;0;42;0;
22926;5640589;1198702592;34295808;1397067776;0;0;0;0;0;0;0;0;0;0;0;3967;0;0;125;0;42;0;
22927;3562802;1198702592;34295808;1397067776;0;0;0;0;0;0;0;0;0;0;0;4078;0;0;125;0;42;0;
22928;5105094;1198702592;34295808;1397067776;0;0;0;0;0;0;0;0;0;0;0;3687;0;0;125;0;42;0;
22929;4718188;1198702592;34295808;1397067776;0;0;0;0;0;0;0;0;0;0;0;3657;0;0;125;0;42;0;
22930;5270113;1198702592;34295808;1397067776;0;0;0;0;0;0;0;0;0;0;0;3697;0;0;125;0;42;0;
22931;3835794;1198702592;34295808;1397067776;0;0;0;0;0;0;0;0;0;0;0;3306;0;0;125;0;42;0;
22932;5211974;1198702592;34295808;1397067776;0;0;0;0;0;0;0;0;0;0;0;3437;0;0;125;0;42;0;
22933;3796279;1198702592;34295808;1397067776;0;0;0;0;0;0;0;0;0;0;0;3837;0;0;125;0;42;0;
22934;6059934;1198702592;34295808;1397067776;0;0;0;0;0;0;0;0;0;0;0;3737;0;0;125;0;42;0;
22935;4125316;1198702592;34295808;1397067776;0;0;0;0;0;0;0;0;0;0;0;3637;0;0;125;0;42;0;
22936;5181578;1198702592;34295808;1397067776;0;0;0;0;0;0;0;0;0;0;0;2875;0;0;125;0;42;0;
22937;4108675;1198702592;34295808;1397067776;0;0;0;0;0;0;0;0;0;0;0;4078;0;0;125;0;42;0;
22938;5420445;1198702592;34295808;1397067776;0;0;0;0;0;0;0;0;0;0;0;3457;0;0;125;0;42;0;
22939;3940019;1198702592;34295808;1397067776;0;0;0;0;0;0;0;0;0;0;0;4368;0;0;125;0;42;0;
22940;4808167;1198702592;34295808;1397067776;0;0;0;0;0;0;0;0;0;0;0;3116;0;0;125;0;42;0;
22941;3697995;1198702592;34295808;1397067776;0;0;0;0;0;0;0;0;0;0;0;3808;0;0;125;0;42;0;
22942;4850457;1198702592;34295808;1397067776;0;0;0;0;0;0;0;0;0;0;0;2745;0;0;125;0;42;0;
22943;4482928;1198702592;34295808;1397067776;0;0;0;0;0;0;0;0;0;0;0;3998;0;0;125;0;42;0;
22944;5232924;1198702592;34295808;1397067776;0;0;0;0;0;0;0;0;0;0;0;3607;0;0;125;0;42;0;
22945;4816303;1198702592;34295808;1397067776;0;0;0;0;0;0;0;0;0;0;0;3476;0;0;125;0;42;0;
22946;4962286;1198702592;34295808;1397067776;0;0;0;0;0;0;0;0;0;0;0;2364;0;0;125;0;42;0;
22947;3211543;1198702592;34295808;1397067776;0;0;0;0;0;0;0;0;0;0;0;2404;0;0;125;0;42;0;
22948;4903476;1198702592;34295808;1397067776;0;0;0;0;0;0;0;0;0;0;0;2755;0;0;125;0;42;0;
22949;2855355;1198702592;34295808;1397067776;0;0;0;0;0;0;0;0;0;0;0;3156;0;0;125;0;42;0;
22950;4585098;1198702592;34295808;1397067776;0;0;0;0;0;0;0;0;0;0;0;2444;0;0;125;0;42;0;
22951;3123117;1198702592;34295808;1397067776;0;0;0;0;0;0;0;0;0;0;0;2836;0;0;125;0;42;0;
22952;5169846;1198702592;34295808;1397067776;0;0;0;0;0;0;0;0;0;0;0;2184;0;0;125;0;42;0;
22953;2489790;1198702592;34295808;1397067776;0;0;0;0;0;0;0;0;0;0;0;2695;0;0;125;0;42;0;
22954;4947719;1198702592;34295808;1397067776;0;0;0;0;0;0;0;0;0;0;0;2404;0;0;125;0;42;0;
22955;3101025;1198702592;34295808;1397067776;0;0;0;0;0;0;0;0;0;0;0;2986;0;0;125;0;42;0;
22956;4650451;1198702592;34295808;1397067776;0;0;0;0;0;0;0;0;0;0;0;2615;0;0;125;0;42;0;
22957;3057193;1198702592;34295808;1397067776;0;0;0;0;0;0;0;0;0;0;0;2845;0;0;125;0;42;0;
22958;4630564;1198702592;34295808;1397067776;0;0;0;0;0;0;0;0;0;0;0;2254;0;0;125;0;42;0;
22959;3169624;1198702592;34295808;1397067776;0;0;0;0;0;0;0;0;0;0;0;2726;0;0;125;0;42;0;
22960;5070409;1198702592;34295808;1397067776;0;0;0;0;0;0;0;0;0;0;0;2365;0;0;125;0;42;0;
22961;3355723;1198702592;34295808;1397067776;0;0;0;0;0;0;0;0;0;0;0;2775;0;0;125;0;42;0;
22962;4675819;1198702592;34295808;1397067776;0;0;0;0;0;0;0;0;0;0;0;2484;0;0;125;0;42;0;
22963;3107708;1198702592;34295808;1397067776;0;0;0;0;0;0;0;0;0;0;0;2875;0;0;125;0;42;0;
22964;4977414;1198702592;34295808;1397067776;0;0;0;0;0;0;0;0;0;0;0;2825;0;0;125;0;42;0;
22965;2571282;1198702592;34295808;1397067776;0;0;0;0;0;0;0;0;0;0;0;3196;0;0;125;0;42;0;
22966;4584458;1198702592;34295808;1397067776;0;0;0;0;0;0;0;0;0;0;0;2465;0;0;125;0;42;0;
22967;2720342;1198702592;34295808;1397067776;0;0;0;0;0;0;0;0;0;0;0;2786;0;0;125;0;42;0;
22968;4686048;1198702592;34295808;1397067776;0;0;0;0;0;0;0;0;0;0;0;2885;0;0;125;0;42;0;
22969;3250086;1198702592;34295808;1397067776;0;0;0;0;0;0;0;0;0;0;0;2905;0;0;125;0;42;0;
22970;5192488;1198702592;34295808;1397067776;0;0;0;0;0;0;0;0;0;0;0;3095;0;0;125;0;42;0;
22971;3599330;1198702592;34295808;1397067776;0;0;0;0;0;0;0;0;0;0;0;2635;0;0;125;0;42;0;
22972;5222434;1198702592;34295808;1397067776;0;0;0;0;0;0;0;0;0;0;0;2695;0;0;125;0;42;0;
22973;3671956;1198702592;34295808;1397067776;0;0;0;0;0;0;0;0;0;0;0;3046;0;0;125;0;42;0;
22974;5253993;1198702592;34295808;1397067776;0;0;0;0;0;0;0;0;0;0;0;2775;0;0;125;0;42;0;
22975;4294573;1198702592;34295808;1397067776;0;0;0;0;0;0;0;0;0;0;0;3747;0;0;125;0;42;0;
22976;6053493;1198702592;34295808;1397067776;0;0;0;0;0;0;0;0;0;0;0;3146;0;0;125;0;42;0;
22977;4002907;1198702592;34295808;1397067776;0;0;0;0;0;0;0;0;0;0;0;3848;0;0;125;0;42;0;
22978;4823115;1198702592;34295808;1397067776;0;0;0;0;0;0;0;0;0;0;0;2825;0;0;125;0;42;0;
22979;3902078;1198702592;34295808;1397067776;0;0;0;0;0;0;0;0;0;0;0;3527;0;0;125;0;42;0;
22980;5148686;1198702592;34295808;1397067776;0;0;0;0;0;0;0;0;0;0;0;3256;0;0;125;0;42;0;
22981;3885717;1198702592;34295808;1397067776;0;0;0;0;0;0;0;0;0;0;0;2675;0;0;125;0;42;0;
22982;5346026;1198702592;34295808;1397067776;0;0;0;0;0;0;0;0;0;0;0;2144;0;0;125;0;42;0;
22983;3847024;1198702592;34295808;1397067776;0;0;0;0;0;0;0;0;0;0;0;3236;0;0;125;0;42;0;
22984;5183311;1198702592;34295808;1397067776;0;0;0;0;0;0;0;0;0;0;0;3276;0;0;125;0;42;0;
22985;3665464;1198702592;34295808;1397067776;0;0;0;0;0;0;0;0;0;0;0;3426;0;0;125;0;42;0;
22986;5122557;1198702592;34295808;1397067776;0;0;0;0;0;0;0;0;0;0;0;2716;0;0;125;0;42;0;
22987;4255711;1198702592;34295808;1397067776;0;0;0;0;0;0;0;0;0;0;0;3857;0;0;125;0;42;0;
22988;5202968;1198702592;34295808;1397067776;0;0;0;0;0;0;0;0;0;0;0;3086;0;0;125;0;42;0;
22989;3855220;1198702592;34295808;1397067776;0;0;0;0;0;0;0;0;0;0;0;3958;0;0;125;0;42;0;
22990;5041675;1198702592;34295808;1397067776;0;0;0;0;0;0;0;0;0;0;0;3356;0;0;125;0;42;0;
22991;3417509;1198702592;34295808;1397067776;0;0;0;0;0;0;0;0;0;0;0;3025;0;0;125;0;42;0;
22992;5516265;1198702592;34295808;1397067776;0;0;0;0;0;0;0;0;0;0;0;3457;0;0;125;0;42;0;
22993;3827398;1198702592;34295808;1397067776;0;0;0;0;0;0;0;0;0;0;0;4098;0;0;125;0;42;0;
22994;4821412;1198702592;34295808;1397067776;0;0;0;0;0;0;0;0;0;0;0;2485;0;0;125;0;42;0;
22995;4291808;1198702592;34295808;1397067776;0;0;0;0;0;0;0;0;0;0;0;4068;0;0;125;0;42;0;
22996;5183992;1198702592;34295808;1397067776;0;0;0;0;0;0;0;0;0;0;0;2775;0;0;125;0;42;0;
22997;4349637;1198702592;34295808;1397067776;0;0;0;0;0;0;0;0;0;0;0;3787;0;0;125;0;42;0;
22998;5328172;1198702592;34295808;1397067776;0;0;0;0;0;0;0;0;0;0;0;2696;0;0;125;0;42;0;
22999;4312568;1198702592;34295808;1397067776;0;0;0;0;0;0;0;0;0;0;0;3797;0;0;125;0;42;0;
23000;5050171;1198702592;34295808;1397067776;0;0;0;0;0;0;0;0;0;0;0;2895;0;0;125;0;42;0;
23001;4789142;1198702592;34295808;1397067776;0;0;0;0;0;0;0;0;0;0;0;3777;0;0;125;0;42;0;
23002;5126094;1198702592;34295808;1397067776;0;0;0;0;0;0;0;0;0;0;0;3587;0;0;125;0;42;0;
23003;5681255;1198702592;34295808;1397067776;0;0;0;0;0;0;0;0;0;0;0;7774;0;0;125;0;42;0;
23004;6370397;1198702592;34295808;1397067776;0;0;0;0;0;0;0;0;0;0;0;4278;0;0;125;0;42;0;
23005;4937961;1198702592;34295808;1397067776;0;0;0;0;0;0;0;0;0;0;0;4649;0;0;125;0;42;0;
23006;5217104;1198702592;34295808;1397067776;0;0;0;0;0;0;0;0;0;0;0;3387;0;0;125;0;42;0;
23007;5077422;1198702592;34295808;1397067776;0;0;0;0;0;0;0;0;0;0;0;4449;0;0;125;0;42;0;
23008;5306793;1198702592;34295808;1397067776;0;0;0;0;0;0;0;0;0;0;0;3496;0;0;125;0;42;0;
23009;4574559;1198702592;34295808;1397067776;0;0;0;0;0;0;0;0;0;0;0;3998;0;0;125;0;42;0;
23010;5632874;1198702592;34295808;1397067776;0;0;0;0;0;0;0;0;0;0;0;3266;0;0;125;0;42;0;
23011;5003023;1198702592;34295808;1397067776;0;0;0;0;0;0;0;0;0;0;0;4298;0;0;125;0;42;0;
23012;5602737;1198702592;34295808;1397067776;0;0;0;0;0;0;0;0;0;0;0;3596;0;0;125;0;42;0;
23013;4319862;1198702592;34295808;1397067776;0;0;0;0;0;0;0;0;0;0;0;4328;0;0;125;0;42;0;
23014;5878775;1198702592;34295808;1397067776;0;0;0;0;0;0;0;0;0;0;0;3647;0;0;125;0;42;0;
23015;4705625;1198702592;34295808;1397067776;0;0;0;0;0;0;0;0;0;0;0;4117;0;0;125;0;42;0;
23016;5301132;1198702592;34295808;1397067776;0;0;0;0;0;0;0;0;0;0;0;3657;0;0;125;0;42;0;
23017;4643689;1198702592;34295808;1397067776;0;0;0;0;0;0;0;0;0;0;0;4218;0;0;125;0;42;0;
23018;5634087;1198702592;34295808;1397067776;0;0;0;0;0;0;0;0;0;0;0;3527;0;0;125;0;42;0;
23019;4086373;1198702592;34295808;1397067776;0;0;0;0;0;0;0;0;0;0;0;4087;0;0;125;0;42;0;
23020;5938777;1198702592;34295808;1397067776;0;0;0;0;0;0;0;0;0;0;0;3467;0;0;125;0;42;0;
23021;4820861;1198702592;34295808;1397067776;0;0;0;0;0;0;0;0;0;0;0;4368;0;0;125;0;42;0;
23022;5161380;1198702592;34295808;1397067776;0;0;0;0;0;0;0;0;0;0;0;3757;0;0;125;0;42;0;
23023;3988099;1198702592;34295808;1397067776;0;0;0;0;0;0;0;0;0;0;0;3977;0;0;125;0;42;0;
23024;6033165;1198702592;34295808;1397067776;0;0;0;0;0;0;0;0;0;0;0;3927;0;0;125;0;42;0;
23025;5528108;1198702592;34295808;1397067776;0;0;0;0;0;0;0;0;0;0;0;4668;0;0;125;0;42;0;
23026;5780831;1198702592;34295808;1397067776;0;0;0;0;0;0;0;0;0;0;0;4058;0;0;125;0;42;0;
23027;5438459;1198702592;34295808;1397067776;0;0;0;0;0;0;0;0;0;0;0;4018;0;0;125;0;42;0;
23028;5494774;1198702592;34295808;1397067776;0;0;0;0;0;0;0;0;0;0;0;3928;0;0;125;0;42;0;
23029;6346933;1198702592;34295808;1397067776;0;0;0;0;0;0;0;0;0;0;0;4248;0;0;125;0;42;0;
23030;5842016;1198702592;34295808;1397067776;0;0;0;0;0;0;0;0;0;0;0;3908;0;0;125;0;42;0;
23031;4712558;1198702592;34295808;1397067776;0;0;0;0;0;0;0;0;0;0;0;4278;0;0;125;0;42;0;
23032;5515844;1198702592;34295808;1397067776;0;0;0;0;0;0;0;0;0;0;0;3336;0;0;125;0;42;0;
23033;4851879;1198702592;34295808;1397067776;0;0;0;0;0;0;0;0;0;0;0;4339;0;0;125;0;42;0;
23034;5315348;1198702592;34295808;1397067776;0;0;0;0;0;0;0;0;0;0;0;3456;0;0;125;0;42;0;
23035;5256528;1198702592;34295808;1397067776;0;0;0;0;0;0;0;0;0;0;0;4319;0;0;125;0;42;0;
23036;5146271;1198702592;34295808;1397067776;0;0;0;0;0;0;0;0;0;0;0;2695;0;0;125;0;42;0;
23037;4577705;1198702592;34295808;1397067776;0;0;0;0;0;0;0;0;0;0;0;4058;0;0;125;0;42;0;
23038;5851564;1198702592;34295808;1397067776;0;0;0;0;0;0;0;0;0;0;0;3507;0;0;125;0;42;0;
23039;4461818;1198702592;34295808;1397067776;0;0;0;0;0;0;0;0;0;0;0;3666;0;0;125;0;42;0;
23040;5305550;1198702592;34295808;1397067776;0;0;0;0;0;0;0;0;0;0;0;3256;0;0;125;0;42;0;
23041;4543691;1198702592;34295808;1397067776;0;0;0;0;0;0;0;0;0;0;0;3597;0;0;125;0;42;0;
23042;5261457;1198702592;34295808;1397067776;0;0;0;0;0;0;0;0;0;0;0;3076;0;0;125;0;42;0;
23043;5201745;1198702592;34295808;1397067776;0;0;0;0;0;0;0;0;0;0;0;4438;0;0;125;0;42;0;
23044;5634567;1198702592;34295808;1397067776;0;0;0;0;0;0;0;0;0;0;0;3256;0;0;125;0;42;0;
23045;5886430;1198702592;34295808;1397067776;0;0;0;0;0;0;0;0;0;0;0;4118;0;0;125;0;42;0;
23046;5492771;1198702592;34295808;1397067776;0;0;0;0;0;0;0;0;0;0;0;2995;0;0;125;0;42;0;
23047;4480954;1198702592;34295808;1397067776;0;0;0;0;0;0;0;0;0;0;0;4178;0;0;125;0;42;0;
23048;5093792;1198702592;34295808;1397067776;0;0;0;0;0;0;0;0;0;0;0;3005;0;0;125;0;42;0;
23049;5851353;1198702592;34295808;1397067776;0;0;0;0;0;0;0;0;0;0;0;3988;0;0;125;0;42;0;
23050;5373428;1198702592;34295808;1397067776;0;0;0;0;0;0;0;0;0;0;0;3477;0;0;125;0;42;0;
23051;5452756;1198702592;34295808;1397067776;0;0;0;0;0;0;0;0;0;0;0;4729;0;0;125;0;42;0;
23052;5174625;1198702592;34295808;1397067776;0;0;0;0;0;0;0;0;0;0;0;2986;0;0;125;0;42;0;
23053;3935260;1198702592;34295808;1397067776;0;0;0;0;0;0;0;0;0;0;0;3297;0;0;125;0;42;0;
23054;5071270;1198702592;34295808;1397067776;0;0;0;0;0;0;0;0;0;0;0;3136;0;0;125;0;42;0;
23055;3907418;1198702592;34295808;1397067776;0;0;0;0;0;0;0;0;0;0;0;3828;0;0;125;0;42;0;
23056;5200183;1198702592;34295808;1397067776;0;0;0;0;0;0;0;0;0;0;0;3076;0;0;125;0;42;0;
23057;3593650;1198702592;34295808;1397067776;0;0;0;0;0;0;0;0;0;0;0;3637;0;0;125;0;42;0;
23058;5361114;1198702592;34295808;1397067776;0;0;0;0;0;0;0;0;0;0;0;3657;0;0;125;0;42;0;
23059;4176242;1198702592;34295808;1397067776;0;0;0;0;0;0;0;0;0;0;0;3367;0;0;125;0;42;0;
23060;5247491;1198702592;34295808;1397067776;0;0;0;0;0;0;0;0;0;0;0;3296;0;0;125;0;42;0;
23061;3390018;1198702592;34295808;1397067776;0;0;0;0;0;0;0;0;0;0;0;3086;0;0;125;0;42;0;
23062;5477613;1198702592;34295808;1397067776;0;0;0;0;0;0;0;0;0;0;0;3016;0;0;125;0;42;0;
23063;4228991;1198702592;34295808;1397067776;0;0;0;0;0;0;0;0;0;0;0;3596;0;0;125;0;42;0;
23064;5039591;1198702592;34295808;1397067776;0;0;0;0;0;0;0;0;0;0;0;3326;0;0;125;0;42;0;
23065;4579578;1198702592;34295808;1397067776;0;0;0;0;0;0;0;0;0;0;0;3446;0;0;125;0;42;0;
23066;5495296;1198702592;34295808;1397067776;0;0;0;0;0;0;0;0;0;0;0;2965;0;0;125;0;42;0;
23067;3874295;1198702592;34295808;1397067776;0;0;0;0;0;0;0;0;0;0;0;3346;0;0;125;0;42;0;
23068;5178672;1198702592;34295808;1397067776;0;0;0;0;0;0;0;0;0;0;0;3267;0;0;125;0;42;0;
23069;4150144;1198702592;34295808;1397067776;0;0;0;0;0;0;0;0;0;0;0;3657;0;0;125;0;42;0;
23070;5196876;1198702592;34295808;1397067776;0;0;0;0;0;0;0;0;0;0;0;2926;0;0;125;0;42;0;
23071;4627829;1198702592;34295808;1397067776;0;0;0;0;0;0;0;0;0;0;0;3928;0;0;125;0;42;0;
23072;6125768;1198702592;34295808;1397067776;0;0;0;0;0;0;0;0;0;0;0;3486;0;0;125;0;42;0;
23073;4607791;1198702592;34295808;1397067776;0;0;0;0;0;0;0;0;0;0;0;2725;0;0;125;0;42;0;
23074;4660129;1198702592;34295808;1397067776;0;0;0;0;0;0;0;0;0;0;0;2715;0;0;125;0;42;0;
23075;4323869;1198702592;34295808;1397067776;0;0;0;0;0;0;0;0;0;0;0;3687;0;0;125;0;42;0;
23076;5111907;1198702592;34295808;1397067776;0;0;0;0;0;0;0;0;0;0;0;3106;0;0;125;0;42;0;
23077;4710925;1198702592;34295808;1397067776;0;0;0;0;0;0;0;0;0;0;0;3797;0;0;125;0;42;0;
23078;4950164;1198702592;34295808;1397067776;0;0;0;0;0;0;0;0;0;0;0;3136;0;0;125;0;42;0;
23079;4304553;1198702592;34295808;1397067776;0;0;0;0;0;0;0;0;0;0;0;2815;0;0;125;0;42;0;
23080;4967385;1198702592;34295808;1397067776;0;0;0;0;0;0;0;0;0;0;0;2645;0;0;125;0;42;0;
23081;3541101;1198702592;34295808;1397067776;0;0;0;0;0;0;0;0;0;0;0;3447;0;0;125;0;42;0;
23082;5055812;1198702592;34295808;1397067776;0;0;0;0;0;0;0;0;0;0;0;2505;0;0;125;0;42;0;
23083;3319345;1198702592;34295808;1397067776;0;0;0;0;0;0;0;0;0;0;0;3196;0;0;125;0;42;0;
23084;4887396;1198702592;34295808;1397067776;0;0;0;0;0;0;0;0;0;0;0;2715;0;0;125;0;42;0;
23085;2686168;1198702592;34295808;1397067776;0;0;0;0;0;0;0;0;0;0;0;2935;0;0;125;0;42;0;
23086;4669688;1198702592;34295808;1397067776;0;0;0;0;0;0;0;0;0;0;0;2916;0;0;125;0;42;0;
23087;3660865;1198702592;34295808;1397067776;0;0;0;0;0;0;0;0;0;0;0;3467;0;0;125;0;42;0;
23088;5053287;1198702592;34295808;1397067776;0;0;0;0;0;0;0;0;0;0;0;3456;0;0;125;0;42;0;
23089;4319601;1198702592;34295808;1397067776;0;0;0;0;0;0;0;0;0;0;0;3536;0;0;125;0;42;0;
23090;5190815;1198702592;34295808;1397067776;0;0;0;0;0;0;0;0;0;0;0;3577;0;0;125;0;42;0;
23091;4275809;1198702592;34295808;1397067776;0;0;0;0;0;0;0;0;0;0;0;3397;0;0;125;0;42;0;
23092;5115013;1198702592;34295808;1397067776;0;0;0;0;0;0;0;0;0;0;0;3186;0;0;125;0;42;0;
23093;3744522;1198702592;34295808;1397067776;0;0;0;0;0;0;0;0;0;0;0;3476;0;0;125;0;42;0;
23094;5051934;1198702592;34295808;1397067776;0;0;0;0;0;0;0;0;0;0;0;3196;0;0;125;0;42;0;
23095;4467818;1198702592;34295808;1397067776;0;0;0;0;0;0;0;0;0;0;0;3316;0;0;125;0;42;0;
23096;4832954;1198702592;34295808;1397067776;0;0;0;0;0;0;0;0;0;0;0;2765;0;0;125;0;42;0;
23097;3464117;1198702592;34295808;1397067776;0;0;0;0;0;0;0;0;0;0;0;3586;0;0;125;0;42;0;
23098;5405628;1198702592;34295808;1397067776;0;0;0;0;0;0;0;0;0;0;0;3286;0;0;125;0;42;0;
23099;4407286;1198702592;34295808;1397067776;0;0;0;0;0;0;0;0;0;0;0;3517;0;0;125;0;42;0;
23100;5107108;1198702592;34295808;1397067776;0;0;0;0;0;0;0;0;0;0;0;3146;0;0;125;0;42;0;
23101;4062138;1198702592;34295808;1397067776;0;0;0;0;0;0;0;0;0;0;0;3747;0;0;125;0;42;0;
23102;5722832;1198702592;34295808;1397067776;0;0;0;0;0;0;0;0;0;0;0;3296;0;0;125;0;42;0;
23103;3901106;1198702592;34295808;1397067776;0;0;0;0;0;0;0;0;0;0;0;3376;0;0;125;0;42;0;
23104;5379378;1198702592;34295808;1397067776;0;0;0;0;0;0;0;0;0;0;0;2976;0;0;125;0;42;0;
23105;5008212;1198702592;34295808;1397067776;0;0;0;0;0;0;0;0;0;0;0;3677;0;0;125;0;42;0;
23106;5082562;1198702592;34295808;1397067776;0;0;0;0;0;0;0;0;0;0;0;3065;0;0;125;0;42;0;
23107;3422909;1198702592;34295808;1397067776;0;0;0;0;0;0;0;0;0;0;0;3086;0;0;125;0;42;0;
23108;5243083;1198702592;34295808;1397067776;0;0;0;0;0;0;0;0;0;0;0;3216;0;0;125;0;42;0;
23109;4080552;1198702592;34295808;1397067776;0;0;0;0;0;0;0;0;0;0;0;3496;0;0;125;0;42;0;
23110;10506784;1198702592;34295808;1397067776;0;0;0;0;0;0;0;0;0;0;0;2905;0;0;125;0;42;0;
23111;3219969;1198702592;34295808;1397067776;0;0;0;0;0;0;0;0;0;0;0;3116;0;0;125;0;42;0;
23112;5232713;1198702592;34295808;1397067776;0;0;0;0;0;0;0;0;0;0;0;3246;0;0;125;0;42;0;
23113;3105514;1198702592;34295808;1397067776;0;0;0;0;0;0;0;0;0;0;0;3116;0;0;125;0;42;0;
23114;4823857;1198702592;34295808;1397067776;0;0;0;0;0;0;0;0;0;0;0;2765;0;0;125;0;42;0;
23115;4117542;1198702592;34295808;1397067776;0;0;0;0;0;0;0;0;0;0;0;3006;0;0;125;0;42;0;
23116;5052906;1198702592;34295808;1397067776;0;0;0;0;0;0;0;0;0;0;0;3076;0;0;125;0;42;0;
23117;4107894;1198702592;34295808;1397067776;0;0;0;0;0;0;0;0;0;0;0;2946;0;0;125;0;42;0;
23118;5140781;1198702592;34295808;1397067776;0;0;0;0;0;0;0;0;0;0;0;3587;0;0;125;0;42;0;
23119;4414660;1198702592;34295808;1397067776;0;0;0;0;0;0;0;0;0;0;0;3467;0;0;125;0;42;0;
23120;5057225;1198702592;34295808;1397067776;0;0;0;0;0;0;0;0;0;0;0;3106;0;0;125;0;42;0;
23121;3523288;1198702592;34295808;1397067776;0;0;0;0;0;0;0;0;0;0;0;3396;0;0;125;0;42;0;
23122;4860095;1198702592;34295808;1397067776;0;0;0;0;0;0;0;0;0;0;0;3306;0;0;125;0;42;0;
23123;3393153;1198702592;34295808;1397067776;0;0;0;0;0;0;0;0;0;0;0;3076;0;0;125;0;42;0;
23124;4819187;1198702592;34295808;1397067776;0;0;0;0;0;0;0;0;0;0;0;3166;0;0;125;0;42;0;
23125;2959850;1198702592;34295808;1397067776;0;0;0;0;0;0;0;0;0;0;0;3076;0;0;125;0;42;0;
23126;5193429;1198702592;34295808;1397067776;0;0;0;0;0;0;0;0;0;0;0;2945;0;0;125;0;42;0;
23127;3463896;1198702592;34295808;1397067776;0;0;0;0;0;0;0;0;0;0;0;3397;0;0;125;0;42;0;
23128;4627939;1198702592;34295808;1397067776;0;0;0;0;0;0;0;0;0;0;0;3016;0;0;125;0;42;0;
23129;3277537;1198702592;34295808;1397067776;0;0;0;0;0;0;0;0;0;0;0;2705;0;0;125;0;42;0;
23130;4826211;1198702592;34295808;1397067776;0;0;0;0;0;0;0;0;0;0;0;2826;0;0;125;0;42;0;
23131;4145925;1198702592;34295808;1397067776;0;0;0;0;0;0;0;0;0;0;0;3477;0;0;125;0;42;0;
23132;5470489;1198702592;34295808;1397067776;0;0;0;0;0;0;0;0;0;0;0;3808;0;0;125;0;42;0;
23133;4439366;1198702592;34295808;1397067776;0;0;0;0;0;0;0;0;0;0;0;3577;0;0;125;0;42;0;
23134;5344052;1198702592;34295808;1397067776;0;0;0;0;0;0;0;0;0;0;0;3306;0;0;125;0;42;0;
23135;4011513;1198702592;34295808;1397067776;0;0;0;0;0;0;0;0;0;0;0;3497;0;0;125;0;42;0;
23136;4947629;1198702592;34295808;1397067776;0;0;0;0;0;0;0;0;0;0;0;2815;0;0;125;0;42;0;
23137;3482120;1198702592;34295808;1397067776;0;0;0;0;0;0;0;0;0;0;0;3015;0;0;125;0;42;0;
23138;5289309;1198702592;34295808;1397067776;0;0;0;0;0;0;0;0;0;0;0;2705;0;0;125;0;42;0;
23139;3715859;1198702592;34295808;1397067776;0;0;0;0;0;0;0;0;0;0;0;3456;0;0;125;0;42;0;
23140;5045171;1198702592;34295808;1397067776;0;0;0;0;0;0;0;0;0;0;0;2996;0;0;125;0;42;0;
23141;4550814;1198702592;34295808;1397067776;0;0;0;0;0;0;0;0;0;0;0;14337;0;0;125;0;42;0;
23142;5561760;1198702592;34295808;1397067776;0;0;0;0;0;0;0;0;0;0;0;3357;0;0;125;0;42;0;
23143;4110088;1198702592;34295808;1397067776;0;0;0;0;0;0;0;0;0;0;0;4158;0;0;125;0;42;0;
23144;5250917;1198702592;34295808;1397067776;0;0;0;0;0;0;0;0;0;0;0;3246;0;0;125;0;42;0;
23145;4293693;1198702592;34295808;1397067776;0;0;0;0;0;0;0;0;0;0;0;4158;0;0;125;0;42;0;
23146;5800227;1198702592;34295808;1397067776;0;0;0;0;0;0;0;0;0;0;0;3487;0;0;125;0;42;0;
23147;4747984;1198702592;34295808;1397067776;0;0;0;0;0;0;0;0;0;0;0;4027;0;0;125;0;42;0;
23148;5967602;1198702592;34295808;1397067776;0;0;0;0;0;0;0;0;0;0;0;3817;0;0;125;0;42;0;
23149;5325768;1198702592;34295808;1397067776;0;0;0;0;0;0;0;0;0;0;0;3877;0;0;125;0;42;0;
23150;5397132;1198702592;34295808;1397067776;0;0;0;0;0;0;0;0;0;0;0;3246;0;0;125;0;42;0;
23151;5245176;1198702592;34295808;1397067776;0;0;0;0;0;0;0;0;0;0;0;3607;0;0;125;0;42;0;
23152;5418492;1198702592;34295808;1397067776;0;0;0;0;0;0;0;0;0;0;0;3046;0;0;125;0;42;0;
23153;3604320;1198702592;34295808;1397067776;0;0;0;0;0;0;0;0;0;0;0;3988;0;0;125;0;42;0;
23154;5909833;1198702592;34295808;1397067776;0;0;0;0;0;0;0;0;0;0;0;3056;0;0;125;0;42;0;
23155;4310173;1198702592;34295808;1397067776;0;0;0;0;0;0;0;0;0;0;0;4097;0;0;125;0;42;0;
23156;5450862;1198702592;34295808;1397067776;0;0;0;0;0;0;0;0;0;0;0;2906;0;0;125;0;42;0;
23157;4852220;1198702592;34295808;1397067776;0;0;0;0;0;0;0;0;0;0;0;3577;0;0;125;0;42;0;
23158;5678770;1198702592;34295808;1397067776;0;0;0;0;0;0;0;0;0;0;0;3326;0;0;125;0;42;0;
23159;4686008;1198702592;34295808;1397067776;0;0;0;0;0;0;0;0;0;0;0;3677;0;0;125;0;42;0;
23160;5270094;1198702592;34295808;1397067776;0;0;0;0;0;0;0;0;0;0;0;3427;0;0;125;0;42;0;
23161;5823311;1198702592;34295808;1397067776;0;0;0;0;0;0;0;0;0;0;0;3958;0;0;125;0;42;0;
23162;5826256;1198702592;34295808;1397067776;0;0;0;0;0;0;0;0;0;0;0;3557;0;0;125;0;42;0;
23163;5066641;1198702592;34295808;1397067776;0;0;0;0;0;0;0;0;0;0;0;4458;0;0;125;0;42;0;
23164;5680183;1198702592;34295808;1397067776;0;0;0;0;0;0;0;0;0;0;0;3627;0;0;125;0;42;0;
23165;5074768;1198702592;34295808;1397067776;0;0;0;0;0;0;0;0;0;0;0;3918;0;0;125;0;42;0;
23166;5181156;1198702592;34295808;1397067776;0;0;0;0;0;0;0;0;0;0;0;3737;0;0;125;0;42;0;
23167;4719601;1198702592;34295808;1397067776;0;0;0;0;0;0;0;0;0;0;0;3927;0;0;125;0;42;0;
23168;5459379;1198702592;34295808;1397067776;0;0;0;0;0;0;0;0;0;0;0;3527;0;0;125;0;42;0;
23169;4742745;1198702592;34295808;1397067776;0;0;0;0;0;0;0;0;0;0;0;4318;0;0;125;0;42;0;
23170;5515053;1198702592;34295808;1397067776;0;0;0;0;0;0;0;0;0;0;0;3427;0;0;125;0;42;0;
23171;5232052;1198702592;34295808;1397067776;0;0;0;0;0;0;0;0;0;0;0;4659;0;0;125;0;42;0;
23172;5537655;1198702592;34295808;1397067776;0;0;0;0;0;0;0;0;0;0;0;3907;0;0;125;0;42;0;
23173;5197698;1198702592;34295808;1397067776;0;0;0;0;0;0;0;0;0;0;0;4439;0;0;125;0;42;0;
23174;5549517;1198702592;34295808;1397067776;0;0;0;0;0;0;0;0;0;0;0;3657;0;0;125;0;42;0;
23175;4978827;1198702592;34295808;1397067776;0;0;0;0;0;0;0;0;0;0;0;3747;0;0;125;0;42;0;
23176;5065871;1198702592;34295808;1397067776;0;0;0;0;0;0;0;0;0;0;0;3186;0;0;125;0;42;0;
23177;5784709;1198702592;34295808;1397067776;0;0;0;0;0;0;0;0;0;0;0;4619;0;0;125;0;42;0;
23178;5332500;1198702592;34295808;1397067776;0;0;0;0;0;0;0;0;0;0;0;4368;0;0;125;0;42;0;
23179;5238244;1198702592;34295808;1397067776;0;0;0;0;0;0;0;0;0;0;0;4268;0;0;125;0;42;0;
23180;5396340;1198702592;34295808;1397067776;0;0;0;0;0;0;0;0;0;0;0;3427;0;0;125;0;42;0;
23181;4821702;1198702592;34295808;1397067776;0;0;0;0;0;0;0;0;0;0;0;4088;0;0;125;0;42;0;
23182;5706743;1198702592;34295808;1397067776;0;0;0;0;0;0;0;0;0;0;0;3626;0;0;125;0;42;0;
23183;5252069;1198702592;34295808;1397067776;0;0;0;0;0;0;0;0;0;0;0;4569;0;0;125;0;42;0;
23184;5471000;1198702592;34295808;1397067776;0;0;0;0;0;0;0;0;0;0;0;3607;0;0;125;0;42;0;
23185;5251137;1198702592;34295808;1397067776;0;0;0;0;0;0;0;0;0;0;0;4619;0;0;125;0;42;0;
23186;5784367;1198702592;34295808;1397067776;0;0;0;0;0;0;0;0;0;0;0;4268;0;0;125;0;42;0;
23187;4680007;1198702592;34295808;1397067776;0;0;0;0;0;0;0;0;0;0;0;4398;0;0;125;0;42;0;
23188;5704408;1198702592;34295808;1397067776;0;0;0;0;0;0;0;0;0;0;0;4258;0;0;125;0;42;0;
23189;5213638;1198702592;34295808;1397067776;0;0;0;0;0;0;0;0;0;0;0;4669;0;0;125;0;42;0;
23190;5918981;1198702592;34295808;1397067776;0;0;0;0;0;0;0;0;0;0;0;3536;0;0;125;0;42;0;
23191;5746717;1198702592;34295808;1397067776;0;0;0;0;0;0;0;0;0;0;0;4548;0;0;125;0;42;0;
23192;6174149;1198702592;34295808;1397067776;0;0;0;0;0;0;0;0;0;0;0;4238;0;0;125;0;42;0;
23193;4771919;1198702592;34295808;1397067776;0;0;0;0;0;0;0;0;0;0;0;4508;0;0;125;0;42;0;
23194;5213948;1198702592;34295808;1397067776;0;0;0;0;0;0;0;0;0;0;0;3767;0;0;125;0;42;0;
23195;6464734;1198702592;34295808;1397067776;0;0;0;0;0;0;0;0;0;0;0;4228;0;0;125;0;42;0;
23196;5612496;1198702592;34295808;1397067776;0;0;0;0;0;0;0;0;0;0;0;4248;0;0;125;0;42;0;
23197;5059448;1198702592;34295808;1397067776;0;0;0;0;0;0;0;0;0;0;0;4589;0;0;125;0;42;0;
23198;5298055;1198702592;34295808;1397067776;0;0;0;0;0;0;0;0;0;0;0;3166;0;0;125;0;42;0;
23199;4470384;1198702592;34295808;1397067776;0;0;0;0;0;0;0;0;0;0;0;3136;0;0;125;0;42;0;
23200;5115654;1198702592;34295808;1397067776;0;0;0;0;0;0;0;0;0;0;0;3497;0;0;125;0;42;0;
23201;5289880;1198702592;34295808;1397067776;0;0;0;0;0;0;0;0;0;0;0;4217;0;0;125;0;42;0;
23202;5529259;1198702592;34295808;1397067776;0;0;0;0;0;0;0;0;0;0;0;3887;0;0;125;0;42;0;
23203;4217169;1198702592;34295808;1397067776;0;0;0;0;0;0;0;0;0;0;0;3506;0;0;125;0;42;0;
23204;5612154;1198702592;34295808;1397067776;0;0;0;0;0;0;0;0;0;0;0;3396;0;0;125;0;42;0;
23205;4549091;1198702592;34295808;1397067776;0;0;0;0;0;0;0;0;0;0;0;4018;0;0;125;0;42;0;
23206;5251599;1198702592;34295808;1397067776;0;0;0;0;0;0;0;0;0;0;0;3497;0;0;125;0;42;0;
23207;4864202;1198702592;34295808;1397067776;0;0;0;0;0;0;0;0;0;0;0;4779;0;0;125;0;42;0;
23208;5274141;1198702592;34295808;1397067776;0;0;0;0;0;0;0;0;0;0;0;3326;0;0;125;0;42;0;
23209;4736382;1198702592;34295808;1397067776;0;0;0;0;0;0;0;0;0;0;0;4187;0;0;125;0;42;0;
23210;5230048;1198702592;34295808;1397067776;0;0;0;0;0;0;0;0;0;0;0;3015;0;0;125;0;42;0;
23211;5079065;1198702592;34295808;1397067776;0;0;0;0;0;0;0;0;0;0;0;3527;0;0;125;0;42;0;
23212;5416228;1198702592;34295808;1397067776;0;0;0;0;0;0;0;0;0;0;0;3547;0;0;125;0;42;0;
23213;4739058;1198702592;34295808;1397067776;0;0;0;0;0;0;0;0;0;0;0;3697;0;0;125;0;42;0;
23214;5256358;1198702592;34295808;1397067776;0;0;0;0;0;0;0;0;0;0;0;3607;0;0;125;0;42;0;
23215;4433465;1198702592;34295808;1397067776;0;0;0;0;0;0;0;0;0;0;0;3897;0;0;125;0;42;0;
23216;5269973;1198702592;34295808;1397067776;0;0;0;0;0;0;0;0;0;0;0;3136;0;0;125;0;42;0;
23217;4529534;1198702592;34295808;1397067776;0;0;0;0;0;0;0;0;0;0;0;4218;0;0;125;0;42;0;
23218;4951346;1198702592;34295808;1397067776;0;0;0;0;0;0;0;0;0;0;0;3487;0;0;125;0;42;0;
23219;4136698;1198702592;34295808;1397067776;0;0;0;0;0;0;0;0;0;0;0;3347;0;0;125;0;42;0;
23220;5123038;1198702592;34295808;1397067776;0;0;0;0;0;0;0;0;0;0;0;3236;0;0;125;0;42;0;
23221;4763743;1198702592;34295808;1397067776;0;0;0;0;0;0;0;0;0;0;0;3758;0;0;125;0;42;0;
23222;5673600;1198702592;34295808;1397067776;0;0;0;0;0;0;0;0;0;0;0;4028;0;0;125;0;42;0;
23223;3849679;1198702592;34295808;1397067776;0;0;0;0;0;0;0;0;0;0;0;4428;0;0;125;0;42;0;
23224;5684361;1198702592;34295808;1397067776;0;0;0;0;0;0;0;0;0;0;0;3576;0;0;125;0;42;0;
23225;5090407;1198702592;34295808;1397067776;0;0;0;0;0;0;0;0;0;0;0;4488;0;0;125;0;42;0;
23226;5139538;1198702592;34295808;1397067776;0;0;0;0;0;0;0;0;0;0;0;3287;0;0;125;0;42;0;
23227;4556375;1198702592;34295808;1397067776;0;0;0;0;0;0;0;0;0;0;0;3907;0;0;125;0;42;0;
23228;5157592;1198702592;34295808;1397067776;0;0;0;0;0;0;0;0;0;0;0;3477;0;0;125;0;42;0;
23229;5213447;1198702592;34295808;1397067776;0;0;0;0;0;0;0;0;0;0;0;4959;0;0;125;0;42;0;
23230;5318064;1198702592;34295808;1397067776;0;0;0;0;0;0;0;0;0;0;0;3316;0;0;125;0;42;0;
23231;5590003;1198702592;34295808;1397067776;0;0;0;0;0;0;0;0;0;0;0;4278;0;0;125;0;42;0;
23232;5055882;1198702592;34295808;1397067776;0;0;0;0;0;0;0;0;0;0;0;3597;0;0;125;0;42;0;
23233;4952608;1198702592;34295808;1397067776;0;0;0;0;0;0;0;0;0;0;0;3847;0;0;125;0;42;0;
23234;6090672;1198702592;34295808;1397067776;0;0;0;0;0;0;0;0;0;0;0;3256;0;0;125;0;42;0;
23235;4518925;1198702592;34295808;1397067776;0;0;0;0;0;0;0;0;0;0;0;3968;0;0;125;0;42;0;
23236;5463867;1198702592;34295808;1397067776;0;0;0;0;0;0;0;0;0;0;0;3246;0;0;125;0;42;0;
23237;4874622;1198702592;34295808;1397067776;0;0;0;0;0;0;0;0;0;0;0;3636;0;0;125;0;42;0;
23238;6614124;1198702592;34295808;1397067776;0;0;0;0;0;0;0;0;0;0;0;3186;0;0;125;0;42;0;
23239;4921149;1198702592;34295808;1397067776;0;0;0;0;0;0;0;0;0;0;0;4138;0;0;125;0;42;0;
23240;5309768;1198702592;34295808;1397067776;0;0;0;0;0;0;0;0;0;0;0;3627;0;0;125;0;42;0;
23241;4547809;1198702592;34295808;1397067776;0;0;0;0;0;0;0;0;0;0;0;3947;0;0;125;0;42;0;
23242;5224488;1198702592;34295808;1397067776;0;0;0;0;0;0;0;0;0;0;0;3025;0;0;125;0;42;0;
23243;4771228;1198702592;34295808;1397067776;0;0;0;0;0;0;0;0;0;0;0;3587;0;0;125;0;42;0;
23244;5737209;1198702592;34295808;1397067776;0;0;0;0;0;0;0;0;0;0;0;3507;0;0;125;0;42;0;
23245;4426511;1198702592;34295808;1397067776;0;0;0;0;0;0;0;0;0;0;0;3987;0;0;125;0;42;0;
23246;5328854;1198702592;34295808;1397067776;0;0;0;0;0;0;0;0;0;0;0;3266;0;0;125;0;42;0;
23247;4639471;1198702592;34295808;1397067776;0;0;0;0;0;0;0;0;0;0;0;4979;0;0;125;0;42;0;
23248;5194692;1198702592;34295808;1397067776;0;0;0;0;0;0;0;0;0;0;0;3717;0;0;125;0;42;0;
23249;4980330;1198702592;34295808;1397067776;0;0;0;0;0;0;0;0;0;0;0;5330;0;0;125;0;42;0;
23250;5113540;1198702592;34295808;1397067776;0;0;0;0;0;0;0;0;0;0;0;4037;0;0;125;0;42;0;
23251;4585680;1198702592;34295808;1397067776;0;0;0;0;0;0;0;0;0;0;0;4649;0;0;125;0;42;0;
23252;5336919;1198702592;34295808;1397067776;0;0;0;0;0;0;0;0;0;0;0;3747;0;0;125;0;42;0;
23253;4532260;1198702592;34295808;1397067776;0;0;0;0;0;0;0;0;0;0;0;4128;0;0;125;0;42;0;
23254;6030099;1198702592;34295808;1397067776;0;0;0;0;0;0;0;0;0;0;0;3567;0;0;125;0;42;0;
23255;4824528;1198702592;34295808;1397067776;0;0;0;0;0;0;0;0;0;0;0;4428;0;0;125;0;42;0;
23256;5587288;1198702592;34295808;1397067776;0;0;0;0;0;0;0;0;0;0;0;3818;0;0;125;0;42;0;
23257;4799221;1198702592;34295808;1397067776;0;0;0;0;0;0;0;0;0;0;0;4449;0;0;125;0;42;0;
23258;5434833;1198702592;34295808;1397067776;0;0;0;0;0;0;0;0;0;0;0;3377;0;0;125;0;42;0;
23259;5060380;1198702592;34295808;1397067776;0;0;0;0;0;0;0;0;0;0;0;3787;0;0;125;0;42;0;
23260;5247261;1198702592;34295808;1397067776;0;0;0;0;0;0;0;0;0;0;0;3466;0;0;125;0;42;0;
23261;5474096;1198702592;34295808;1397067776;0;0;0;0;0;0;0;0;0;0;0;4829;0;0;125;0;42;0;
23262;5292195;1198702592;34295808;1397067776;0;0;0;0;0;0;0;0;0;0;0;3496;0;0;125;0;42;0;
23263;5131904;1198702592;34295808;1397067776;0;0;0;0;0;0;0;0;0;0;0;4388;0;0;125;0;42;0;
23264;5604410;1198702592;34295808;1397067776;0;0;0;0;0;0;0;0;0;0;0;4379;0;0;125;0;42;0;
23265;5005888;1198702592;34295808;1397067776;0;0;0;0;0;0;0;0;0;0;0;4158;0;0;125;0;42;0;
23266;5375061;1198702592;34295808;1397067776;0;0;0;0;0;0;0;0;0;0;0;3457;0;0;125;0;42;0;
23267;5009785;1198702592;34295808;1397067776;0;0;0;0;0;0;0;0;0;0;0;4308;0;0;125;0;42;0;
23268;5626753;1198702592;34295808;1397067776;0;0;0;0;0;0;0;0;0;0;0;3496;0;0;125;0;42;0;
23269;5076500;1198702592;34295808;1397067776;0;0;0;0;0;0;0;0;0;0;0;5040;0;0;125;0;42;0;
23270;5724356;1198702592;34295808;1397067776;0;0;0;0;0;0;0;0;0;0;0;3617;0;0;125;0;42;0;
23271;4764335;1198702592;34295808;1397067776;0;0;0;0;0;0;0;0;0;0;0;4959;0;0;125;0;42;0;
23272;5770051;1198702592;34295808;1397067776;0;0;0;0;0;0;0;0;0;0;0;4448;0;0;125;0;42;0;
23273;5186516;1198702592;34295808;1397067776;0;0;0;0;0;0;0;0;0;0;0;4278;0;0;125;0;42;0;
23274;5819484;1198702592;34295808;1397067776;0;0;0;0;0;0;0;0;0;0;0;4148;0;0;125;0;42;0;
23275;4754636;1198702592;34295808;1397067776;0;0;0;0;0;0;0;0;0;0;0;4769;0;0;125;0;42;0;
23276;5292135;1198702592;34295808;1397067776;0;0;0;0;0;0;0;0;0;0;0;4699;0;0;125;0;42;0;
23277;4372340;1198702592;34295808;1397067776;0;0;0;0;0;0;0;0;0;0;0;5250;0;0;125;0;42;0;
23278;5178311;1198702592;34295808;1397067776;0;0;0;0;0;0;0;0;0;0;0;2935;0;0;125;0;42;0;
23279;4991932;1198702592;34295808;1397067776;0;0;0;0;0;0;0;0;0;0;0;4779;0;0;125;0;42;0;
23280;5211744;1198702592;34295808;1397067776;0;0;0;0;0;0;0;0;0;0;0;3737;0;0;125;0;42;0;
23281;4730792;1198702592;34295808;1397067776;0;0;0;0;0;0;0;0;0;0;0;3907;0;0;125;0;42;0;
23282;5553666;1198702592;34295808;1397067776;0;0;0;0;0;0;0;0;0;0;0;3686;0;0;125;0;42;0;
23283;4590258;1198702592;34295808;1397067776;0;0;0;0;0;0;0;0;0;0;0;4068;0;0;125;0;42;0;
23284;5301422;1198702592;34295808;1397067776;0;0;0;0;0;0;0;0;0;0;0;3607;0;0;125;0;42;0;
23285;4825530;1198702592;34295808;1397067776;0;0;0;0;0;0;0;0;0;0;0;4278;0;0;125;0;42;0;
23286;5564095;1198702592;34295808;1397067776;0;0;0;0;0;0;0;0;0;0;0;3927;0;0;125;0;42;0;
23287;4822064;1198702592;34295808;1397067776;0;0;0;0;0;0;0;0;0;0;0;5030;0;0;125;0;42;0;
23288;5770782;1198702592;34295808;1397067776;0;0;0;0;0;0;0;0;0;0;0;7664;0;0;125;0;42;0;
23289;5078845;1198702592;34295808;1397067776;0;0;0;0;0;0;0;0;0;0;0;4729;0;0;125;0;42;0;
23290;5569535;1198702592;34295808;1397067776;0;0;0;0;0;0;0;0;0;0;0;3987;0;0;125;0;42;0;
23291;5207747;1198702592;34304000;1397075968;0;0;0;0;0;0;0;0;0;0;0;4008;0;0;125;0;42;0;
23292;5531905;1198702592;34304000;1397075968;0;0;0;0;0;0;0;0;0;0;0;3998;0;0;125;0;42;0;
23293;4562286;1198702592;34304000;1397075968;0;0;0;0;0;0;0;0;0;0;0;4879;0;0;125;0;42;0;
23294;5256317;1198702592;34304000;1397075968;0;0;0;0;0;0;0;0;0;0;0;3928;0;0;125;0;42;0;
23295;5518750;1198702592;34304000;1397075968;0;0;0;0;0;0;0;0;0;0;0;4138;0;0;125;0;42;0;
23296;5284240;1198702592;34304000;1397075968;0;0;0;0;0;0;0;0;0;0;0;3376;0;0;125;0;42;0;
23297;5239266;1198731264;34295808;1397067776;0;0;0;0;0;0;0;0;0;0;0;4318;0;0;125;0;42;0;
23298;5251599;1198731264;34295808;1397067776;0;0;0;0;0;0;0;0;0;0;0;3136;0;0;125;0;42;0;
23299;4696117;1198731264;34295808;1397067776;0;0;0;0;0;0;0;0;0;0;0;3977;0;0;125;0;42;0;
23300;5112288;1198731264;34295808;1397067776;0;0;0;0;0;0;0;0;0;0;0;2735;0;0;125;0;42;0;
23301;5147433;1198731264;34295808;1397067776;0;0;0;0;0;0;0;0;0;0;0;3366;0;0;125;0;42;0;
23302;5449600;1198731264;34295808;1397067776;0;0;0;0;0;0;0;0;0;0;0;3376;0;0;125;0;42;0;
23303;4218922;1198731264;34295808;1397067776;0;0;0;0;0;0;0;0;0;0;0;3827;0;0;125;0;42;0;
23304;5937926;1198731264;34295808;1397067776;0;0;0;0;0;0;0;0;0;0;0;3346;0;0;125;0;42;0;
23305;4957417;1198731264;34295808;1397067776;0;0;0;0;0;0;0;0;0;0;0;3036;0;0;125;0;42;0;
23306;10261193;1198731264;34295808;1397067776;0;0;0;0;0;0;0;0;0;0;0;3396;0;0;125;0;42;0;
23307;6001405;1198731264;34295808;1397067776;0;0;0;0;0;0;0;0;0;0;0;4409;0;0;125;0;42;0;
23308;5530843;1198731264;34295808;1397067776;0;0;0;0;0;0;0;0;0;0;0;4158;0;0;125;0;42;0;
23309;4482878;1198731264;34295808;1397067776;0;0;0;0;0;0;0;0;0;0;0;4408;0;0;125;0;42;0;
23310;5162231;1198731264;34295808;1397067776;0;0;0;0;0;0;0;0;0;0;0;3015;0;0;125;0;42;0;
23311;5032387;1198731264;34295808;1397067776;0;0;0;0;0;0;0;0;0;0;0;4198;0;0;125;0;42;0;
23312;5343421;1198731264;34295808;1397067776;0;0;0;0;0;0;0;0;0;0;0;3336;0;0;125;0;42;0;
23313;4567295;1198731264;34295808;1397067776;0;0;0;0;0;0;0;0;0;0;0;4148;0;0;125;0;42;0;
23314;5501538;1198731264;34295808;1397067776;0;0;0;0;0;0;0;0;0;0;0;3186;0;0;125;0;42;0;
23315;4489520;1198731264;34295808;1397067776;0;0;0;0;0;0;0;0;0;0;0;4939;0;0;125;0;42;0;
23316;4920308;1198731264;34295808;1397067776;0;0;0;0;0;0;0;0;0;0;0;3787;0;0;125;0;42;0;
23317;5494505;1198731264;34295808;1397067776;0;0;0;0;0;0;0;0;0;0;0;4619;0;0;125;0;42;0;
23318;5684090;1198731264;34295808;1397067776;0;0;0;0;0;0;0;0;0;0;0;3126;0;0;125;0;42;0;
23319;4353184;1198731264;34295808;1397067776;0;0;0;0;0;0;0;0;0;0;0;3757;0;0;125;0;42;0;
23320;5221372;1198731264;34295808;1397067776;0;0;0;0;0;0;0;0;0;0;0;3797;0;0;125;0;42;0;
23321;4410752;1198731264;34295808;1397067776;0;0;0;0;0;0;0;0;0;0;0;3547;0;0;125;0;42;0;
23322;5245027;1198731264;34295808;1397067776;0;0;0;0;0;0;0;0;0;0;0;4197;0;0;125;0;42;0;
23323;4784943;1198731264;34295808;1397067776;0;0;0;0;0;0;0;0;0;0;0;4148;0;0;125;0;42;0;
23324;5205853;1198731264;34295808;1397067776;0;0;0;0;0;0;0;0;0;0;0;3316;0;0;125;0;42;0;
23325;4806765;1198731264;34295808;1397067776;0;0;0;0;0;0;0;0;0;0;0;3977;0;0;125;0;42;0;
23326;4956646;1198731264;34295808;1397067776;0;0;0;0;0;0;0;0;0;0;0;3366;0;0;125;0;42;0;
23327;4926519;1198731264;34295808;1397067776;0;0;0;0;0;0;0;0;0;0;0;4248;0;0;125;0;42;0;
23328;5253432;1198731264;34295808;1397067776;0;0;0;0;0;0;0;0;0;0;0;2885;0;0;125;0;42;0;
23329;4502945;1198731264;34295808;1397067776;0;0;0;0;0;0;0;0;0;0;0;4168;0;0;125;0;42;0;
23330;5154677;1198731264;34295808;1397067776;0;0;0;0;0;0;0;0;0;0;0;3366;0;0;125;0;42;0;
23331;4328077;1198731264;34295808;1397067776;0;0;0;0;0;0;0;0;0;0;0;4108;0;0;125;0;42;0;
23332;5174925;1198731264;34295808;1397067776;0;0;0;0;0;0;0;0;0;0;0;3677;0;0;125;0;42;0;
23333;4666100;1198731264;34295808;1397067776;0;0;0;0;0;0;0;0;0;0;0;4638;0;0;125;0;42;0;
23334;5645016;1198731264;34295808;1397067776;0;0;0;0;0;0;0;0;0;0;0;3536;0;0;125;0;42;0;
23335;4456338;1198731264;34295808;1397067776;0;0;0;0;0;0;0;0;0;0;0;3597;0;0;125;0;42;0;
23336;5333843;1198731264;34295808;1397067776;0;0;0;0;0;0;0;0;0;0;0;3416;0;0;125;0;42;0;
23337;6029738;1198731264;34295808;1397067776;0;0;0;0;0;0;0;0;0;0;0;4589;0;0;125;0;42;0;
23338;4925367;1198731264;34295808;1397067776;0;0;0;0;0;0;0;0;0;0;0;3257;0;0;125;0;42;0;
23339;5180396;1198731264;34295808;1397067776;0;0;0;0;0;0;0;0;0;0;0;4298;0;0;125;0;42;0;
23340;5291073;1198731264;34295808;1397067776;0;0;0;0;0;0;0;0;0;0;0;4157;0;0;125;0;42;0;
23341;4676300;1198731264;34295808;1397067776;0;0;0;0;0;0;0;0;0;0;0;4218;0;0;125;0;42;0;
23342;5417079;1198731264;34295808;1397067776;0;0;0;0;0;0;0;0;0;0;0;2945;0;0;125;0;42;0;
23343;5326339;1198731264;34295808;1397067776;0;0;0;0;0;0;0;0;0;0;0;3777;0;0;125;0;42;0;
23344;5308716;1198731264;34295808;1397067776;0;0;0;0;0;0;0;0;0;0;0;3537;0;0;125;0;42;0;
23345;4897174;1198731264;34295808;1397067776;0;0;0;0;0;0;0;0;0;0;0;4438;0;0;125;0;42;0;
23346;5106146;1198731264;34295808;1397067776;0;0;0;0;0;0;0;0;0;0;0;3877;0;0;125;0;42;0;
23347;5008332;1198731264;34295808;1397067776;0;0;0;0;0;0;0;0;0;0;0;4068;0;0;125;0;42;0;
23348;5036645;1198731264;34295808;1397067776;0;0;0;0;0;0;0;0;0;0;0;3477;0;0;125;0;42;0;
23349;4512232;1198731264;34295808;1397067776;0;0;0;0;0;0;0;0;0;0;0;4279;0;0;125;0;42;0;
23350;5119792;1198731264;34295808;1397067776;0;0;0;0;0;0;0;0;0;0;0;3356;0;0;125;0;42;0;
23351;4554922;1198731264;34295808;1397067776;0;0;0;0;0;0;0;0;0;0;0;3917;0;0;125;0;42;0;
23352;5242582;1198731264;34295808;1397067776;0;0;0;0;0;0;0;0;0;0;0;3296;0;0;125;0;42;0;
23353;5285352;1198731264;34295808;1397067776;0;0;0;0;0;0;0;0;0;0;0;4799;0;0;125;0;42;0;
23354;6026522;1198731264;34295808;1397067776;0;0;0;0;0;0;0;0;0;0;0;4178;0;0;125;0;42;0;
23355;4561695;1198731264;34295808;1397067776;0;0;0;0;0;0;0;0;0;0;0;4389;0;0;125;0;42;0;
23356;5843239;1198731264;34295808;1397067776;0;0;0;0;0;0;0;0;0;0;0;4008;0;0;125;0;42;0;
23357;5376814;1198731264;34295808;1397067776;0;0;0;0;0;0;0;0;0;0;0;4619;0;0;125;0;42;0;
23358;5297104;1198731264;34295808;1397067776;0;0;0;0;0;0;0;0;0;0;0;3617;0;0;125;0;42;0;
23359;5513420;1198731264;34295808;1397067776;0;0;0;0;0;0;0;0;0;0;0;4559;0;0;125;0;42;0;
23360;5359020;1198731264;34295808;1397067776;0;0;0;0;0;0;0;0;0;0;0;4078;0;0;125;0;42;0;
23361;5122196;1198731264;34295808;1397067776;0;0;0;0;0;0;0;0;0;0;0;5731;0;0;125;0;42;0;
23362;5634617;1198731264;34295808;1397067776;0;0;0;0;0;0;0;0;0;0;0;4107;0;0;125;0;42;0;
23363;5111296;1198731264;34295808;1397067776;0;0;0;0;0;0;0;0;0;0;0;4729;0;0;125;0;42;0;
23364;5196846;1198731264;34295808;1397067776;0;0;0;0;0;0;0;0;0;0;0;3026;0;0;125;0;42;0;
23365;4898396;1198731264;34295808;1397067776;0;0;0;0;0;0;0;0;0;0;0;4569;0;0;125;0;42;0;
23366;5645087;1198731264;34295808;1397067776;0;0;0;0;0;0;0;0;0;0;0;3647;0;0;125;0;42;0;
23367;4616648;1198731264;34295808;1397067776;0;0;0;0;0;0;0;0;0;0;0;4809;0;0;125;0;42;0;
23368;6107894;1198731264;34295808;1397067776;0;0;0;0;0;0;0;0;0;0;0;3707;0;0;125;0;42;0;
23369;4902624;1198731264;34295808;1397067776;0;0;0;0;0;0;0;0;0;0;0;4118;0;0;125;0;42;0;
23370;5751897;1198731264;34295808;1397067776;0;0;0;0;0;0;0;0;0;0;0;3957;0;0;125;0;42;0;
23371;5644766;1198731264;34295808;1397067776;0;0;0;0;0;0;0;0;0;0;0;4528;0;0;125;0;42;0;
23372;5627915;1198731264;34295808;1397067776;0;0;0;0;0;0;0;0;0;0;0;4078;0;0;125;0;42;0;
23373;5265485;1198731264;34295808;1397067776;0;0;0;0;0;0;0;0;0;0;0;5100;0;0;125;0;42;0;
23374;5791492;1198731264;34295808;1397067776;0;0;0;0;0;0;0;0;0;0;0;4399;0;0;125;0;42;0;
23375;5133357;1198731264;34295808;1397067776;0;0;0;0;0;0;0;0;0;0;0;3877;0;0;125;0;42;0;
23376;6025079;1198731264;34295808;1397067776;0;0;0;0;0;0;0;0;0;0;0;3667;0;0;125;0;42;0;
23377;5169374;1198731264;34295808;1397067776;0;0;0;0;0;0;0;0;0;0;0;4579;0;0;125;0;42;0;
23378;5968172;1198731264;34295808;1397067776;0;0;0;0;0;0;0;0;0;0;0;3677;0;0;125;0;42;0;
23379;5118359;1198731264;34295808;1397067776;0;0;0;0;0;0;0;0;0;0;0;4599;0;0;125;0;42;0;
23380;5252020;1198731264;34295808;1397067776;0;0;0;0;0;0;0;0;0;0;0;3998;0;0;125;0;42;0;
23381;5713695;1198731264;34295808;1397067776;0;0;0;0;0;0;0;0;0;0;0;5410;0;0;125;0;42;0;
23382;5705821;1198731264;34295808;1397067776;0;0;0;0;0;0;0;0;0;0;0;3777;0;0;125;0;42;0;
23383;5521445;1198731264;34295808;1397067776;0;0;0;0;0;0;0;0;0;0;0;4879;0;0;125;0;42;0;
23384;5605382;1198731264;34295808;1397067776;0;0;0;0;0;0;0;0;0;0;0;3426;0;0;125;0;42;0;
23385;4770056;1198731264;34295808;1397067776;0;0;0;0;0;0;0;0;0;0;0;3687;0;0;125;0;42;0;
23386;5468916;1198731264;34295808;1397067776;0;0;0;0;0;0;0;0;0;0;0;3808;0;0;125;0;42;0;
23387;4316515;1198731264;34295808;1397067776;0;0;0;0;0;0;0;0;0;0;0;4369;0;0;125;0;42;0;
23388;5562201;1198731264;34295808;1397067776;0;0;0;0;0;0;0;0;0;0;0;3707;0;0;125;0;42;0;
23389;4383862;1198731264;34295808;1397067776;0;0;0;0;0;0;0;0;0;0;0;4098;0;0;125;0;42;0;
23390;5942564;1198731264;34295808;1397067776;0;0;0;0;0;0;0;0;0;0;0;3256;0;0;125;0;42;0;
23391;4560422;1198731264;34295808;1397067776;0;0;0;0;0;0;0;0;0;0;0;4859;0;0;125;0;42;0;
23392;5281104;1198731264;34295808;1397067776;0;0;0;0;0;0;0;0;0;0;0;3266;0;0;125;0;42;0;
23393;4673034;1198731264;34295808;1397067776;0;0;0;0;0;0;0;0;0;0;0;4187;0;0;125;0;42;0;
23394;5365843;1198731264;34295808;1397067776;0;0;0;0;0;0;0;0;0;0;0;2906;0;0;125;0;42;0;
23395;6939565;1198731264;34295808;1397067776;0;0;0;0;0;0;0;0;0;0;0;6823;0;0;125;0;42;0;
23396;5448959;1198731264;34295808;1397067776;0;0;0;0;0;0;0;0;0;0;0;4078;0;0;125;0;42;0;
23397;5468666;1198731264;34295808;1397067776;0;0;0;0;0;0;0;0;0;0;0;4047;0;0;125;0;42;0;
23398;5405137;1198731264;34295808;1397067776;0;0;0;0;0;0;0;0;0;0;0;2896;0;0;125;0;42;0;
23399;4415230;1198731264;34295808;1397067776;0;0;0;0;0;0;0;0;0;0;0;4208;0;0;125;0;42;0;
23400;6441741;1198731264;34295808;1397067776;0;0;0;0;0;0;0;0;0;0;0;3787;0;0;125;0;42;0;
23401;4616097;1198731264;34295808;1397067776;0;0;0;0;0;0;0;0;0;0;0;4148;0;0;125;0;42;0;
23402;5645568;1198731264;34295808;1397067776;0;0;0;0;0;0;0;0;0;0;0;3557;0;0;125;0;42;0;
23403;4401945;1198731264;34295808;1397067776;0;0;0;0;0;0;0;0;0;0;0;4228;0;0;125;0;42;0;
23404;5910114;1198731264;34295808;1397067776;0;0;0;0;0;0;0;0;0;0;0;3707;0;0;125;0;42;0;
23405;5193159;1198731264;34295808;1397067776;0;0;0;0;0;0;0;0;0;0;0;4638;0;0;125;0;42;0;
23406;5934730;1198731264;34295808;1397067776;0;0;0;0;0;0;0;0;0;0;0;4438;0;0;125;0;42;0;
23407;4518945;1198731264;34295808;1397067776;0;0;0;0;0;0;0;0;0;0;0;3967;0;0;125;0;42;0;
23408;5486579;1198731264;34295808;1397067776;0;0;0;0;0;0;0;0;0;0;0;3897;0;0;125;0;42;0;
23409;5376052;1198731264;34295808;1397067776;0;0;0;0;0;0;0;0;0;0;0;3857;0;0;125;0;42;0;
23410;5415005;1198731264;34295808;1397067776;0;0;0;0;0;0;0;0;0;0;0;3416;0;0;125;0;42;0;
23411;4333517;1198731264;34295808;1397067776;0;0;0;0;0;0;0;0;0;0;0;3216;0;0;125;0;42;0;
23412;5286745;1198731264;34295808;1397067776;0;0;0;0;0;0;0;0;0;0;0;3747;0;0;125;0;42;0;
23413;3875518;1198731264;34295808;1397067776;0;0;0;0;0;0;0;0;0;0;0;3337;0;0;125;0;42;0;
23414;5021998;1198731264;34295808;1397067776;0;0;0;0;0;0;0;0;0;0;0;3597;0;0;125;0;42;0;
23415;3721429;1198731264;34295808;1397067776;0;0;0;0;0;0;0;0;0;0;0;3246;0;0;125;0;42;0;
23416;5249234;1198731264;34295808;1397067776;0;0;0;0;0;0;0;0;0;0;0;3276;0;0;125;0;42;0;
23417;4903195;1198731264;34295808;1397067776;0;0;0;0;0;0;0;0;0;0;0;3246;0;0;125;0;42;0;
23418;4781196;1198731264;34295808;1397067776;0;0;0;0;0;0;0;0;0;0;0;2275;0;0;125;0;42;0;
23419;3533086;1198731264;34295808;1397067776;0;0;0;0;0;0;0;0;0;0;0;2836;0;0;125;0;42;0;
23420;5249685;1198731264;34295808;1397067776;0;0;0;0;0;0;0;0;0;0;0;3847;0;0;125;0;42;0;
23421;4264288;1198731264;34295808;1397067776;0;0;0;0;0;0;0;0;0;0;0;4118;0;0;125;0;42;0;
23422;4917252;1198731264;34295808;1397067776;0;0;0;0;0;0;0;0;0;0;0;2985;0;0;125;0;42;0;
23423;4038884;1198731264;34295808;1397067776;0;0;0;0;0;0;0;0;0;0;0;3356;0;0;125;0;42;0;
23424;4960783;1198731264;34295808;1397067776;0;0;0;0;0;0;0;0;0;0;0;3196;0;0;125;0;42;0;
23425;3331818;1198731264;34295808;1397067776;0;0;0;0;0;0;0;0;0;0;0;3407;0;0;125;0;42;0;
23426;4855385;1198731264;34295808;1397067776;0;0;0;0;0;0;0;0;0;0;0;3176;0;0;125;0;42;0;
23427;4597873;1198731264;34295808;1397067776;0;0;0;0;0;0;0;0;0;0;0;2955;0;0;125;0;42;0;
23428;5085397;1198731264;34295808;1397067776;0;0;0;0;0;0;0;0;0;0;0;3176;0;0;125;0;42;0;
23429;3403563;1198731264;34295808;1397067776;0;0;0;0;0;0;0;0;0;0;0;3236;0;0;125;0;42;0;
23430;5155588;1198731264;34295808;1397067776;0;0;0;0;0;0;0;0;0;0;0;3587;0;0;125;0;42;0;
23431;4577384;1198731264;34295808;1397067776;0;0;0;0;0;0;0;0;0;0;0;3407;0;0;125;0;42;0;
23432;5474417;1198731264;34295808;1397067776;0;0;0;0;0;0;0;0;0;0;0;4108;0;0;125;0;42;0;
23433;4553590;1198731264;34295808;1397067776;0;0;0;0;0;0;0;0;0;0;0;5140;0;0;125;0;42;0;
23434;5295141;1198731264;34295808;1397067776;0;0;0;0;0;0;0;0;0;0;0;3627;0;0;125;0;42;0;
23435;3629076;1198731264;34295808;1397067776;0;0;0;0;0;0;0;0;0;0;0;3417;0;0;125;0;42;0;
23436;4891954;1198731264;34295808;1397067776;0;0;0;0;0;0;0;0;0;0;0;2475;0;0;125;0;42;0;
23437;4051789;1198731264;34295808;1397067776;0;0;0;0;0;0;0;0;0;0;0;3256;0;0;125;0;42;0;
23438;5140070;1198731264;34295808;1397067776;0;0;0;0;0;0;0;0;0;0;0;3877;0;0;125;0;42;0;
23439;3497039;1198731264;34295808;1397067776;0;0;0;0;0;0;0;0;0;0;0;3266;0;0;125;0;42;0;
23440;5383927;1198731264;34295808;1397067776;0;0;0;0;0;0;0;0;0;0;0;3186;0;0;125;0;42;0;
23441;4172575;1198731264;34295808;1397067776;0;0;0;0;0;0;0;0;0;0;0;4018;0;0;125;0;42;0;
23442;4975321;1198731264;34295808;1397067776;0;0;0;0;0;0;0;0;0;0;0;9218;0;0;125;0;42;0;
23443;4005191;1198731264;34295808;1397067776;0;0;0;0;0;0;0;0;0;0;0;3848;0;0;125;0;42;0;
23444;5101448;1198731264;34295808;1397067776;0;0;0;0;0;0;0;0;0;0;0;3566;0;0;125;0;42;0;
23445;4695726;1198731264;34295808;1397067776;0;0;0;0;0;0;0;0;0;0;0;4038;0;0;125;0;42;0;
23446;5174885;1198731264;34295808;1397067776;0;0;0;0;0;0;0;0;0;0;0;3366;0;0;125;0;42;0;
23447;3805797;1198731264;34295808;1397067776;0;0;0;0;0;0;0;0;0;0;0;3697;0;0;125;0;42;0;
23448;5335997;1198731264;34295808;1397067776;0;0;0;0;0;0;0;0;0;0;0;3046;0;0;125;0;42;0;
23449;4880012;1198731264;34295808;1397067776;0;0;0;0;0;0;0;0;0;0;0;6081;0;0;125;0;42;0;
23450;5884065;1198731264;34295808;1397067776;0;0;0;0;0;0;0;0;0;0;0;5951;0;0;125;0;42;0;
23451;3963103;1198731264;34295808;1397067776;0;0;0;0;0;0;0;0;0;0;0;3897;0;0;125;0;42;0;
23452;5784218;1198731264;34295808;1397067776;0;0;0;0;0;0;0;0;0;0;0;3396;0;0;125;0;42;0;
23453;4061016;1198731264;34295808;1397067776;0;0;0;0;0;0;0;0;0;0;0;3076;0;0;125;0;42;0;
23454;5120373;1198731264;34295808;1397067776;0;0;0;0;0;0;0;0;0;0;0;3256;0;0;125;0;42;0;
23455;4443363;1198731264;34295808;1397067776;0;0;0;0;0;0;0;0;0;0;0;3907;0;0;125;0;42;0;
23456;5407702;1198731264;34295808;1397067776;0;0;0;0;0;0;0;0;0;0;0;3927;0;0;125;0;42;0;
23457;3799736;1198731264;34295808;1397067776;0;0;0;0;0;0;0;0;0;0;0;3116;0;0;125;0;42;0;
23458;6059003;1198731264;34295808;1397067776;0;0;0;0;0;0;0;0;0;0;0;3487;0;0;125;0;42;0;
23459;3825124;1198731264;34295808;1397067776;0;0;0;0;0;0;0;0;0;0;0;3266;0;0;125;0;42;0;
23460;5775100;1198731264;34295808;1397067776;0;0;0;0;0;0;0;0;0;0;0;3076;0;0;125;0;42;0;
23461;3567410;1198731264;34295808;1397067776;0;0;0;0;0;0;0;0;0;0;0;2985;0;0;125;0;42;0;
23462;6900441;1198731264;34295808;1397067776;0;0;0;0;0;0;0;0;0;0;0;3096;0;0;125;0;42;0;
23463;3690261;1198731264;34295808;1397067776;0;0;0;0;0;0;0;0;0;0;0;2665;0;0;125;0;42;0;
23464;5034211;1198731264;34295808;1397067776;0;0;0;0;0;0;0;0;0;0;0;2685;0;0;125;0;42;0;
23465;3405467;1198731264;34295808;1397067776;0;0;0;0;0;0;0;0;0;0;0;3296;0;0;125;0;42;0;
23466;5671055;1198731264;34295808;1397067776;0;0;0;0;0;0;0;0;0;0;0;3016;0;0;125;0;42;0;
23467;3674922;1198731264;34295808;1397067776;0;0;0;0;0;0;0;0;0;0;0;3717;0;0;125;0;42;0;
23468;4789121;1198731264;34295808;1397067776;0;0;0;0;0;0;0;0;0;0;0;2885;0;0;125;0;42;0;
23469;3706461;1198731264;34295808;1397067776;0;0;0;0;0;0;0;0;0;0;0;3336;0;0;125;0;42;0;
23470;5144378;1198731264;34295808;1397067776;0;0;0;0;0;0;0;0;0;0;0;3647;0;0;125;0;42;0;
23471;5442417;1198731264;34295808;1397067776;0;0;0;0;0;0;0;0;0;0;0;5039;0;0;125;0;42;0;
23472;5668881;1198731264;34295808;1397067776;0;0;0;0;0;0;0;0;0;0;0;4859;0;0;125;0;42;0;
23473;5347208;1198731264;34295808;1397067776;0;0;0;0;0;0;0;0;0;0;0;3327;0;0;125;0;42;0;
23474;4943741;1198731264;34295808;1397067776;0;0;0;0;0;0;0;0;0;0;0;2345;0;0;125;0;42;0;
23475;3089364;1198731264;34295808;1397067776;0;0;0;0;0;0;0;0;0;0;0;3767;0;0;125;0;42;0;
23476;5873174;1198731264;34295808;1397067776;0;0;0;0;0;0;0;0;0;0;0;3376;0;0;125;0;42;0;
23477;3702143;1198731264;34295808;1397067776;0;0;0;0;0;0;0;0;0;0;0;3286;0;0;125;0;42;0;
23478;5278880;1198731264;34295808;1397067776;0;0;0;0;0;0;0;0;0;0;0;2756;0;0;125;0;42;0;
23479;3407190;1198731264;34295808;1397067776;0;0;0;0;0;0;0;0;0;0;0;3697;0;0;125;0;42;0;
23480;5380631;1198731264;34295808;1397067776;0;0;0;0;0;0;0;0;0;0;0;3216;0;0;125;0;42;0;
23481;4185349;1198731264;34295808;1397067776;0;0;0;0;0;0;0;0;0;0;0;3386;0;0;125;0;42;0;
23482;4942469;1198731264;34295808;1397067776;0;0;0;0;0;0;0;0;0;0;0;2945;0;0;125;0;42;0;
23483;3338751;1198731264;34295808;1397067776;0;0;0;0;0;0;0;0;0;0;0;3086;0;0;125;0;42;0;
23484;5292215;1198731264;34295808;1397067776;0;0;0;0;0;0;0;0;0;0;0;2484;0;0;125;0;42;0;
23485;3516194;1198731264;34295808;1397067776;0;0;0;0;0;0;0;0;0;0;0;3527;0;0;125;0;42;0;
23486;5358499;1198731264;34295808;1397067776;0;0;0;0;0;0;0;0;0;0;0;3627;0;0;125;0;42;0;
23487;3514331;1198731264;34295808;1397067776;0;0;0;0;0;0;0;0;0;0;0;3196;0;0;125;0;42;0;
23488;5496578;1198731264;34295808;1397067776;0;0;0;0;0;0;0;0;0;0;0;3266;0;0;125;0;42;0;
23489;4119876;1198731264;34295808;1397067776;0;0;0;0;0;0;0;0;0;0;0;4208;0;0;125;0;42;0;
23490;5187819;1198731264;34295808;1397067776;0;0;0;0;0;0;0;0;0;0;0;4027;0;0;125;0;42;0;
23491;4182073;1198731264;34295808;1397067776;0;0;0;0;0;0;0;0;0;0;0;3486;0;0;125;0;42;0;
23492;5664112;1198731264;34295808;1397067776;0;0;0;0;0;0;0;0;0;0;0;3707;0;0;125;0;42;0;
23493;4109177;1198731264;34295808;1397067776;0;0;0;0;0;0;0;0;0;0;0;3246;0;0;125;0;42;0;
23494;5204190;1198731264;34295808;1397067776;0;0;0;0;0;0;0;0;0;0;0;3547;0;0;125;0;42;0;
23495;4114877;1198731264;34295808;1397067776;0;0;0;0;0;0;0;0;0;0;0;5150;0;0;125;0;42;0;
23496;9684953;1198731264;34295808;1397067776;0;0;0;0;0;0;0;0;0;0;0;6132;0;0;125;0;42;0;
23497;6196150;1198731264;34295808;1397067776;0;0;0;0;0;0;0;0;0;0;0;6562;0;0;125;0;42;0;
23498;5661748;1198731264;34295808;1397067776;0;0;0;0;0;0;0;0;0;0;0;3877;0;0;125;0;42;0;
23499;5614098;1198731264;34295808;1397067776;0;0;0;0;0;0;0;0;0;0;0;3707;0;0;125;0;42;0;
23500;5152362;1198731264;34295808;1397067776;0;0;0;0;0;0;0;0;0;0;0;2846;0;0;125;0;42;0;
23501;2840227;1198731264;34295808;1397067776;0;0;0;0;0;0;0;0;0;0;0;3466;0;0;125;0;42;0;
23502;4944433;1198731264;34295808;1397067776;0;0;0;0;0;0;0;0;0;0;0;2925;0;0;125;0;42;0;
23503;4357752;1198731264;34295808;1397067776;0;0;0;0;0;0;0;0;0;0;0;3517;0;0;125;0;42;0;
23504;10789545;1198731264;34295808;1397067776;0;0;0;0;0;0;0;0;0;0;0;2455;0;0;125;0;42;0;
23505;2622008;1198731264;34295808;1397067776;0;0;0;0;0;0;0;0;0;0;0;2946;0;0;125;0;42;0;
23506;5189492;1198731264;34295808;1397067776;0;0;0;0;0;0;0;0;0;0;0;2655;0;0;125;0;42;0;
23507;2290325;1198731264;34295808;1397067776;0;0;0;0;0;0;0;0;0;0;0;2505;0;0;125;0;42;0;
23508;4625295;1198731264;34295808;1397067776;0;0;0;0;0;0;0;0;0;0;0;2164;0;0;125;0;42;0;
23509;2724760;1198731264;34295808;1397067776;0;0;0;0;0;0;0;0;0;0;0;2093;0;0;125;0;42;0;
23510;4826722;1198731264;34295808;1397067776;0;0;0;0;0;0;0;0;0;0;0;2305;0;0;125;0;42;0;
23511;3350985;1198731264;34295808;1397067776;0;0;0;0;0;0;0;0;0;0;0;3035;0;0;125;0;42;0;
23512;4598073;1198731264;34295808;1397067776;0;0;0;0;0;0;0;0;0;0;0;2675;0;0;125;0;42;0;
23513;2345679;1198731264;34295808;1397067776;0;0;0;0;0;0;0;0;0;0;0;2936;0;0;125;0;42;0;
23514;4850927;1198731264;34295808;1397067776;0;0;0;0;0;0;0;0;0;0;0;2875;0;0;125;0;42;0;
23515;2318448;1198731264;34295808;1397067776;0;0;0;0;0;0;0;0;0;0;0;3076;0;0;125;0;42;0;
23516;4842652;1198731264;34295808;1397067776;0;0;0;0;0;0;0;0;0;0;0;2555;0;0;125;0;42;0;
23517;2726202;1198731264;34295808;1397067776;0;0;0;0;0;0;0;0;0;0;0;2535;0;0;125;0;42;0;
23518;4822955;1198731264;34295808;1397067776;0;0;0;0;0;0;0;0;0;0;0;2274;0;0;125;0;42;0;
23519;3005477;1198731264;34295808;1397067776;0;0;0;0;0;0;0;0;0;0;0;2534;0;0;125;0;42;0;
23520;4458031;1198731264;34295808;1397067776;0;0;0;0;0;0;0;0;0;0;0;2294;0;0;125;0;42;0;
23521;2502003;1198731264;34295808;1397067776;0;0;0;0;0;0;0;0;0;0;0;2465;0;0;125;0;42;0;
23522;4742655;1198731264;34295808;1397067776;0;0;0;0;0;0;0;0;0;0;0;2144;0;0;125;0;42;0;
23523;2521288;1198731264;34295808;1397067776;0;0;0;0;0;0;0;0;0;0;0;2504;0;0;125;0;42;0;
23524;5395960;1198731264;34295808;1397067776;0;0;0;0;0;0;0;0;0;0;0;3106;0;0;125;0;42;0;
23525;3557020;1198731264;34295808;1397067776;0;0;0;0;0;0;0;0;0;0;0;3105;0;0;125;0;42;0;
23526;4954291;1198731264;34295808;1397067776;0;0;0;0;0;0;0;0;0;0;0;2645;0;0;125;0;42;0;
23527;3663340;1198731264;34295808;1397067776;0;0;0;0;0;0;0;0;0;0;0;3757;0;0;125;0;42;0;
23528;5265094;1198731264;34295808;1397067776;0;0;0;0;0;0;0;0;0;0;0;3356;0;0;125;0;42;0;
23529;3323653;1198731264;34295808;1397067776;0;0;0;0;0;0;0;0;0;0;0;4128;0;0;125;0;42;0;
23530;5196054;1198731264;34295808;1397067776;0;0;0;0;0;0;0;0;0;0;0;3506;0;0;125;0;42;0;
23531;3325707;1198731264;34295808;1397067776;0;0;0;0;0;0;0;0;0;0;0;3647;0;0;125;0;42;0;
23532;4971543;1198731264;34295808;1397067776;0;0;0;0;0;0;0;0;0;0;0;2585;0;0;125;0;42;0;
23533;3346647;1198731264;34295808;1397067776;0;0;0;0;0;0;0;0;0;0;0;4499;0;0;125;0;42;0;
23534;4822584;1198731264;34295808;1397067776;0;0;0;0;0;0;0;0;0;0;0;2505;0;0;125;0;42;0;
23535;4023716;1198731264;34295808;1397067776;0;0;0;0;0;0;0;0;0;0;0;3607;0;0;125;0;42;0;
23536;5544648;1198731264;34295808;1397067776;0;0;0;0;0;0;0;0;0;0;0;3206;0;0;125;0;42;0;
23537;3815646;1198731264;34295808;1397067776;0;0;0;0;0;0;0;0;0;0;0;3516;0;0;125;0;42;0;
23538;5093673;1198731264;34295808;1397067776;0;0;0;0;0;0;0;0;0;0;0;2976;0;0;125;0;42;0;
23539;3672086;1198731264;34295808;1397067776;0;0;0;0;0;0;0;0;0;0;0;2905;0;0;125;0;42;0;
23540;4741492;1198731264;34295808;1397067776;0;0;0;0;0;0;0;0;0;0;0;2245;0;0;125;0;42;0;
23541;3763247;1198731264;34295808;1397067776;0;0;0;0;0;0;0;0;0;0;0;3256;0;0;125;0;42;0;
23542;4989327;1198731264;34295808;1397067776;0;0;0;0;0;0;0;0;0;0;0;3136;0;0;125;0;42;0;
23543;4043373;1198731264;34295808;1397067776;0;0;0;0;0;0;0;0;0;0;0;3396;0;0;125;0;42;0;
23544;4931479;1198731264;34295808;1397067776;0;0;0;0;0;0;0;0;0;0;0;3226;0;0;125;0;42;0;
23545;3447054;1198731264;34295808;1397067776;0;0;0;0;0;0;0;0;0;0;0;3246;0;0;125;0;42;0;
23546;5105615;1198731264;34295808;1397067776;0;0;0;0;0;0;0;0;0;0;0;3246;0;0;125;0;42;0;
23547;3919190;1198731264;34295808;1397067776;0;0;0;0;0;0;0;0;0;0;0;3667;0;0;125;0;42;0;
23548;4780415;1198731264;34295808;1397067776;0;0;0;0;0;0;0;0;0;0;0;3256;0;0;125;0;42;0;
23549;4793721;1198731264;34295808;1397067776;0;0;0;0;0;0;0;0;0;0;0;3557;0;0;125;0;42;0;
23550;5078865;1198731264;34295808;1397067776;0;0;0;0;0;0;0;0;0;0;0;2334;0;0;125;0;42;0;
23551;3896267;1198731264;34295808;1397067776;0;0;0;0;0;0;0;0;0;0;0;3867;0;0;125;0;42;0;
23552;5048097;1198731264;34295808;1397067776;0;0;0;0;0;0;0;0;0;0;0;3025;0;0;125;0;42;0;
23553;3662809;1198731264;34295808;1397067776;0;0;0;0;0;0;0;0;0;0;0;3176;0;0;125;0;42;0;
23554;5455481;1198731264;34295808;1397067776;0;0;0;0;0;0;0;0;0;0;0;2404;0;0;125;0;42;0;
23555;3451963;1198731264;34295808;1397067776;0;0;0;0;0;0;0;0;0;0;0;3066;0;0;125;0;42;0;
23556;5029983;1198731264;34295808;1397067776;0;0;0;0;0;0;0;0;0;0;0;3145;0;0;125;0;42;0;
23557;3615491;1198731264;34295808;1397067776;0;0;0;0;0;0;0;0;0;0;0;3036;0;0;125;0;42;0;
23558;5006690;1198731264;34295808;1397067776;0;0;0;0;0;0;0;0;0;0;0;2475;0;0;125;0;42;0;
23559;3534299;1198731264;34295808;1397067776;0;0;0;0;0;0;0;0;0;0;0;3867;0;0;125;0;42;0;
23560;4800814;1198731264;34295808;1397067776;0;0;0;0;0;0;0;0;0;0;0;3236;0;0;125;0;42;0;
23561;4526949;1198731264;34295808;1397067776;0;0;0;0;0;0;0;0;0;0;0;3938;0;0;125;0;42;0;
23562;5030354;1198731264;34295808;1397067776;0;0;0;0;0;0;0;0;0;0;0;2454;0;0;125;0;42;0;
23563;4078739;1198731264;34295808;1397067776;0;0;0;0;0;0;0;0;0;0;0;3367;0;0;125;0;42;0;
23564;4748295;1198731264;34295808;1397067776;0;0;0;0;0;0;0;0;0;0;0;2605;0;0;125;0;42;0;
23565;4000753;1198731264;34295808;1397067776;0;0;0;0;0;0;0;0;0;0;0;4749;0;0;125;0;42;0;
23566;4835588;1198731264;34295808;1397067776;0;0;0;0;0;0;0;0;0;0;0;3577;0;0;125;0;42;0;
23567;3905925;1198731264;34295808;1397067776;0;0;0;0;0;0;0;0;0;0;0;3417;0;0;125;0;42;0;
23568;5819804;1198731264;34295808;1397067776;0;0;0;0;0;0;0;0;0;0;0;2946;0;0;125;0;42;0;
23569;3665274;1198731264;34295808;1397067776;0;0;0;0;0;0;0;0;0;0;0;3797;0;0;125;0;42;0;
23570;5253442;1198731264;34295808;1397067776;0;0;0;0;0;0;0;0;0;0;0;2274;0;0;125;0;42;0;
23571;3346656;1198731264;34295808;1397067776;0;0;0;0;0;0;0;0;0;0;0;3066;0;0;125;0;42;0;
23572;4887466;1198731264;34295808;1397067776;0;0;0;0;0;0;0;0;0;0;0;2936;0;0;125;0;42;0;
23573;3686514;1198731264;34295808;1397067776;0;0;0;0;0;0;0;0;0;0;0;3587;0;0;125;0;42;0;
23574;4838635;1198731264;34295808;1397067776;0;0;0;0;0;0;0;0;0;0;0;2625;0;0;125;0;42;0;
23575;4567126;1198731264;34295808;1397067776;0;0;0;0;0;0;0;0;0;0;0;3827;0;0;125;0;42;0;
23576;4771559;1198731264;34295808;1397067776;0;0;0;0;0;0;0;0;0;0;0;2855;0;0;125;0;42;0;
23577;3831335;1198731264;34295808;1397067776;0;0;0;0;0;0;0;0;0;0;0;3457;0;0;125;0;42;0;
23578;4976313;1198731264;34295808;1397067776;0;0;0;0;0;0;0;0;0;0;0;2365;0;0;125;0;42;0;
23579;3928948;1198731264;34295808;1397067776;0;0;0;0;0;0;0;0;0;0;0;4068;0;0;125;0;42;0;
23580;5301983;1198731264;34295808;1397067776;0;0;0;0;0;0;0;0;0;0;0;2845;0;0;125;0;42;0;
23581;3694138;1198731264;34295808;1397067776;0;0;0;0;0;0;0;0;0;0;0;3356;0;0;125;0;42;0;
23582;4948901;1198731264;34295808;1397067776;0;0;0;0;0;0;0;0;0;0;0;2465;0;0;125;0;42;0;
23583;3787052;1198731264;34295808;1397067776;0;0;0;0;0;0;0;0;0;0;0;3727;0;0;125;0;42;0;
23584;5164265;1198731264;34295808;1397067776;0;0;0;0;0;0;0;0;0;0;0;2614;0;0;125;0;42;0;
23585;3845942;1198731264;34295808;1397067776;0;0;0;0;0;0;0;0;0;0;0;3076;0;0;125;0;42;0;
23586;4697639;1198731264;34295808;1397067776;0;0;0;0;0;0;0;0;0;0;0;2955;0;0;125;0;42;0;
23587;4634551;1198731264;34295808;1397067776;0;0;0;0;0;0;0;0;0;0;0;2905;0;0;125;0;42;0;
23588;4947458;1198731264;34295808;1397067776;0;0;0;0;0;0;0;0;0;0;0;2925;0;0;125;0;42;0;
23589;4325482;1198731264;34295808;1397067776;0;0;0;0;0;0;0;0;0;0;0;4058;0;0;125;0;42;0;
23590;5011117;1198731264;34295808;1397067776;0;0;0;0;0;0;0;0;0;0;0;2655;0;0;125;0;42;0;
23591;4717307;1198731264;34295808;1397067776;0;0;0;0;0;0;0;0;0;0;0;3767;0;0;125;0;42;0;
23592;5045752;1198731264;34295808;1397067776;0;0;0;0;0;0;0;0;0;0;0;3336;0;0;125;0;42;0;
23593;4060926;1198731264;34295808;1397067776;0;0;0;0;0;0;0;0;0;0;0;3166;0;0;125;0;42;0;
23594;5394036;1198731264;34295808;1397067776;0;0;0;0;0;0;0;0;0;0;0;3366;0;0;125;0;42;0;
23595;3612875;1198731264;34295808;1397067776;0;0;0;0;0;0;0;0;0;0;0;3176;0;0;125;0;42;0;
23596;4939984;1198731264;34295808;1397067776;0;0;0;0;0;0;0;0;0;0;0;2715;0;0;125;0;42;0;
23597;2763643;1198731264;34295808;1397067776;0;0;0;0;0;0;0;0;0;0;0;3156;0;0;125;0;42;0;
23598;4993685;1198731264;34295808;1397067776;0;0;0;0;0;0;0;0;0;0;0;3005;0;0;125;0;42;0;
23599;3621702;1198731264;34295808;1397067776;0;0;0;0;0;0;0;0;0;0;0;3677;0;0;125;0;42;0;
23600;4859704;1198731264;34295808;1397067776;0;0;0;0;0;0;0;0;0;0;0;3006;0;0;125;0;42;0;
23601;3655064;1198731264;34295808;1397067776;0;0;0;0;0;0;0;0;0;0;0;3247;0;0;125;0;42;0;
23602;5050932;1198731264;34295808;1397067776;0;0;0;0;0;0;0;0;0;0;0;2625;0;0;125;0;42;0;
23603;4076655;1198731264;34295808;1397067776;0;0;0;0;0;0;0;0;0;0;0;3276;0;0;125;0;42;0;
23604;5085076;1198731264;34295808;1397067776;0;0;0;0;0;0;0;0;0;0;0;2634;0;0;125;0;42;0;
23605;3573031;1198731264;34295808;1397067776;0;0;0;0;0;0;0;0;0;0;0;3476;0;0;125;0;42;0;
23606;5400267;1198731264;34295808;1397067776;0;0;0;0;0;0;0;0;0;0;0;2595;0;0;125;0;42;0;
23607;4097845;1198731264;34295808;1397067776;0;0;0;0;0;0;0;0;0;0;0;2975;0;0;125;0;42;0;
23608;4970091;1198731264;34295808;1397067776;0;0;0;0;0;0;0;0;0;0;0;2394;0;0;125;0;42;0;
23609;3835853;1198731264;34295808;1397067776;0;0;0;0;0;0;0;0;0;0;0;3587;0;0;125;0;42;0;
23610;5091769;1198731264;34295808;1397067776;0;0;0;0;0;0;0;0;0;0;0;2846;0;0;125;0;42;0;
23611;3042606;1198731264;34295808;1397067776;0;0;0;0;0;0;0;0;0;0;0;3306;0;0;125;0;42;0;
23612;4801345;1198731264;34295808;1397067776;0;0;0;0;0;0;0;0;0;0;0;2565;0;0;125;0;42;0;
23613;3936733;1198731264;34295808;1397067776;0;0;0;0;0;0;0;0;0;0;0;3316;0;0;125;0;42;0;
23614;5062354;1198731264;34295808;1397067776;0;0;0;0;0;0;0;0;0;0;0;2585;0;0;125;0;42;0;
23615;4113805;1198731264;34295808;1397067776;0;0;0;0;0;0;0;0;0;0;0;3386;0;0;125;0;42;0;
23616;5396811;1198731264;34295808;1397067776;0;0;0;0;0;0;0;0;0;0;0;2796;0;0;125;0;42;0;
23617;3894604;1198731264;34295808;1397067776;0;0;0;0;0;0;0;0;0;0;0;3837;0;0;125;0;42;0;
23618;5153245;1198731264;34295808;1397067776;0;0;0;0;0;0;0;0;0;0;0;3046;0;0;125;0;42;0;
23619;3251868;1198731264;34295808;1397067776;0;0;0;0;0;0;0;0;0;0;0;3367;0;0;125;0;42;0;
23620;5111326;1198731264;34295808;1397067776;0;0;0;0;0;0;0;0;0;0;0;3196;0;0;125;0;42;0;
23621;3709035;1198731264;34295808;1397067776;0;0;0;0;0;0;0;0;0;0;0;3968;0;0;125;0;42;0;
23622;4760578;1198731264;34295808;1397067776;0;0;0;0;0;0;0;0;0;0;0;3076;0;0;125;0;42;0;
23623;3205502;1198731264;34295808;1397067776;0;0;0;0;0;0;0;0;0;0;0;3526;0;0;125;0;42;0;
23624;5101467;1198731264;34295808;1397067776;0;0;0;0;0;0;0;0;0;0;0;2124;0;0;125;0;42;0;
23625;4428725;1198731264;34295808;1397067776;0;0;0;0;0;0;0;0;0;0;0;4167;0;0;125;0;42;0;
23626;4859103;1198731264;34295808;1397067776;0;0;0;0;0;0;0;0;0;0;0;2925;0;0;125;0;42;0;
23627;3799555;1198731264;34295808;1397067776;0;0;0;0;0;0;0;0;0;0;0;3667;0;0;125;0;42;0;
23628;5001800;1198731264;34295808;1397067776;0;0;0;0;0;0;0;0;0;0;0;3597;0;0;125;0;42;0;
23629;3949417;1198731264;34295808;1397067776;0;0;0;0;0;0;0;0;0;0;0;3657;0;0;125;0;42;0;
23630;4850938;1198731264;34295808;1397067776;0;0;0;0;0;0;0;0;0;0;0;3016;0;0;125;0;42;0;
23631;4057228;1198731264;34295808;1397067776;0;0;0;0;0;0;0;0;0;0;0;3286;0;0;125;0;42;0;
23632;4884550;1198731264;34295808;1397067776;0;0;0;0;0;0;0;0;0;0;0;2625;0;0;125;0;42;0;
23633;3074025;1198731264;34295808;1397067776;0;0;0;0;0;0;0;0;0;0;0;3056;0;0;125;0;42;0;
23634;5147964;1198731264;34295808;1397067776;0;0;0;0;0;0;0;0;0;0;0;2675;0;0;125;0;42;0;
23635;3604831;1198731264;34295808;1397067776;0;0;0;0;0;0;0;0;0;0;0;3326;0;0;125;0;42;0;
23636;5017971;1198731264;34295808;1397067776;0;0;0;0;0;0;0;0;0;0;0;2715;0;0;125;0;42;0;
23637;4109617;1198731264;34295808;1397067776;0;0;0;0;0;0;0;0;0;0;0;3396;0;0;125;0;42;0;
23638;4883308;1198731264;34295808;1397067776;0;0;0;0;0;0;0;0;0;0;0;2364;0;0;125;0;42;0;
23639;3634676;1198731264;34295808;1397067776;0;0;0;0;0;0;0;0;0;0;0;3256;0;0;125;0;42;0;
23640;4999837;1198731264;34295808;1397067776;0;0;0;0;0;0;0;0;0;0;0;2785;0;0;125;0;42;0;
23641;4279756;1198731264;34295808;1397067776;0;0;0;0;0;0;0;0;0;0;0;3857;0;0;125;0;42;0;
23642;4892125;1198731264;34295808;1397067776;0;0;0;0;0;0;0;0;0;0;0;2415;0;0;125;0;42;0;
23643;3632873;1198731264;34295808;1397067776;0;0;0;0;0;0;0;0;0;0;0;2595;0;0;125;0;42;0;
23644;5374890;1198731264;34295808;1397067776;0;0;0;0;0;0;0;0;0;0;0;3246;0;0;125;0;42;0;
23645;3275483;1198731264;34295808;1397067776;0;0;0;0;0;0;0;0;0;0;0;2915;0;0;125;0;42;0;
23646;4964310;1198731264;34295808;1397067776;0;0;0;0;0;0;0;0;0;0;0;2294;0;0;125;0;42;0;
23647;3756845;1198731264;34295808;1397067776;0;0;0;0;0;0;0;0;0;0;0;2806;0;0;125;0;42;0;
23648;5126414;1198731264;34295808;1397067776;0;0;0;0;0;0;0;0;0;0;0;2765;0;0;125;0;42;0;
23649;3739553;1198731264;34295808;1397067776;0;0;0;0;0;0;0;0;0;0;0;4519;0;0;125;0;42;0;
23650;4651243;1198731264;34295808;1397067776;0;0;0;0;0;0;0;0;0;0;0;2695;0;0;125;0;42;0;
23651;4442401;1198731264;34295808;1397067776;0;0;0;0;0;0;0;0;0;0;0;3557;0;0;125;0;42;0;
23652;5118358;1198731264;34295808;1397067776;0;0;0;0;0;0;0;0;0;0;0;2825;0;0;125;0;42;0;
23653;3227362;1198731264;34295808;1397067776;0;0;0;0;0;0;0;0;0;0;0;3516;0;0;125;0;42;0;
23654;5161700;1198731264;34295808;1397067776;0;0;0;0;0;0;0;0;0;0;0;3166;0;0;125;0;42;0;
23655;3817660;1198731264;34295808;1397067776;0;0;0;0;0;0;0;0;0;0;0;3897;0;0;125;0;42;0;
23656;5212005;1198731264;34295808;1397067776;0;0;0;0;0;0;0;0;0;0;0;2344;0;0;125;0;42;0;
23657;3882111;1198731264;34295808;1397067776;0;0;0;0;0;0;0;0;0;0;0;3737;0;0;125;0;42;0;
23658;5378247;1198731264;34295808;1397067776;0;0;0;0;0;0;0;0;0;0;0;2795;0;0;125;0;42;0;
23659;4553379;1198731264;34295808;1397067776;0;0;0;0;0;0;0;0;0;0;0;3757;0;0;125;0;42;0;
23660;4913275;1198731264;34295808;1397067776;0;0;0;0;0;0;0;0;0;0;0;2955;0;0;125;0;42;0;
23661;3796560;1198731264;34295808;1397067776;0;0;0;0;0;0;0;0;0;0;0;3867;0;0;125;0;42;0;
23662;5167140;1198731264;34295808;1397067776;0;0;0;0;0;0;0;0;0;0;0;2876;0;0;125;0;42;0;
23663;3437266;1198731264;34295808;1397067776;0;0;0;0;0;0;0;0;0;0;0;4027;0;0;125;0;42;0;
23664;5274311;1198731264;34295808;1397067776;0;0;0;0;0;0;0;0;0;0;0;2305;0;0;125;0;42;0;
23665;3581947;1198731264;34295808;1397067776;0;0;0;0;0;0;0;0;0;0;0;2976;0;0;125;0;42;0;
23666;4989217;1198731264;34295808;1397067776;0;0;0;0;0;0;0;0;0;0;0;2335;0;0;125;0;42;0;
23667;3401028;1198731264;34295808;1397067776;0;0;0;0;0;0;0;0;0;0;0;2685;0;0;125;0;42;0;
23668;5045182;1198731264;34295808;1397067776;0;0;0;0;0;0;0;0;0;0;0;2395;0;0;125;0;42;0;
23669;3900034;1198731264;34295808;1397067776;0;0;0;0;0;0;0;0;0;0;0;3516;0;0;125;0;42;0;
23670;5181387;1198731264;34295808;1397067776;0;0;0;0;0;0;0;0;0;0;0;2385;0;0;125;0;42;0;
23671;3998409;1198731264;34295808;1397067776;0;0;0;0;0;0;0;0;0;0;0;3016;0;0;125;0;42;0;
23672;5117668;1198731264;34295808;1397067776;0;0;0;0;0;0;0;0;0;0;0;2455;0;0;125;0;42;0;
23673;4084269;1198731264;34295808;1397067776;0;0;0;0;0;0;0;0;0;0;0;3417;0;0;125;0;42;0;
23674;5253433;1198731264;34295808;1397067776;0;0;0;0;0;0;0;0;0;0;0;1823;0;0;125;0;42;0;
23675;3690962;1198731264;34295808;1397067776;0;0;0;0;0;0;0;0;0;0;0;3466;0;0;125;0;42;0;
23676;5657650;1198731264;34295808;1397067776;0;0;0;0;0;0;0;0;0;0;0;2735;0;0;125;0;42;0;
23677;3673359;1198731264;34295808;1397067776;0;0;0;0;0;0;0;0;0;0;0;3607;0;0;125;0;42;0;
23678;4963389;1198731264;34295808;1397067776;0;0;0;0;0;0;0;0;0;0;0;2604;0;0;125;0;42;0;
23679;6321375;1198731264;34295808;1397067776;0;0;0;0;0;0;0;0;0;0;0;6563;0;0;125;0;42;0;
23680;5896398;1198731264;34295808;1397067776;0;0;0;0;0;0;0;0;0;0;0;4048;0;0;125;0;42;0;
23681;5770482;1198731264;34295808;1397067776;0;0;0;0;0;0;0;0;0;0;0;4549;0;0;125;0;42;0;
23682;5638154;1198731264;34295808;1397067776;0;0;0;0;0;0;0;0;0;0;0;4288;0;0;125;0;42;0;
23683;5095516;1198731264;34295808;1397067776;0;0;0;0;0;0;0;0;0;0;0;4368;0;0;125;0;42;0;
23684;5347439;1198731264;34295808;1397067776;0;0;0;0;0;0;0;0;0;0;0;3627;0;0;125;0;42;0;
23685;4356370;1198731264;34295808;1397067776;0;0;0;0;0;0;0;0;0;0;0;4989;0;0;125;0;42;0;
23686;5770031;1198731264;34295808;1397067776;0;0;0;0;0;0;0;0;0;0;0;3958;0;0;125;0;42;0;
23687;5390440;1198731264;34295808;1397067776;0;0;0;0;0;0;0;0;0;0;0;4178;0;0;125;0;42;0;
23688;5239817;1198731264;34295808;1397067776;0;0;0;0;0;0;0;0;0;0;0;4318;0;0;125;0;42;0;
23689;4457820;1198731264;34295808;1397067776;0;0;0;0;0;0;0;0;0;0;0;3958;0;0;125;0;42;0;
23690;5249515;1198731264;34295808;1397067776;0;0;0;0;0;0;0;0;0;0;0;2405;0;0;125;0;42;0;
23691;3605572;1198731264;34295808;1397067776;0;0;0;0;0;0;0;0;0;0;0;3096;0;0;125;0;42;0;
23692;4987754;1198731264;34295808;1397067776;0;0;0;0;0;0;0;0;0;0;0;2946;0;0;125;0;42;0;
23693;5090857;1198731264;34295808;1397067776;0;0;0;0;0;0;0;0;0;0;0;4298;0;0;125;0;42;0;
23694;5974665;1198731264;34295808;1397067776;0;0;0;0;0;0;0;0;0;0;0;4067;0;0;125;0;42;0;
23695;4614154;1198731264;34295808;1397067776;0;0;0;0;0;0;0;0;0;0;0;4288;0;0;125;0;42;0;
23696;6115589;1198731264;34295808;1397067776;0;0;0;0;0;0;0;0;0;0;0;3026;0;0;125;0;42;0;
23697;3415656;1198731264;34295808;1397067776;0;0;0;0;0;0;0;0;0;0;0;3566;0;0;125;0;42;0;
23698;5446114;1198731264;34295808;1397067776;0;0;0;0;0;0;0;0;0;0;0;2905;0;0;125;0;42;0;
23699;3566589;1198731264;34295808;1397067776;0;0;0;0;0;0;0;0;0;0;0;3366;0;0;125;0;42;0;
23700;5653433;1198731264;34295808;1397067776;0;0;0;0;0;0;0;0;0;0;0;3075;0;0;125;0;42;0;
23701;3834702;1198731264;34295808;1397067776;0;0;0;0;0;0;0;0;0;0;0;3847;0;0;125;0;42;0;
23702;4836280;1198731264;34295808;1397067776;0;0;0;0;0;0;0;0;0;0;0;2445;0;0;125;0;42;0;
23703;4708340;1198731264;34295808;1397067776;0;0;0;0;0;0;0;0;0;0;0;4048;0;0;125;0;42;0;
23704;5655456;1198731264;34295808;1397067776;0;0;0;0;0;0;0;0;0;0;0;3677;0;0;125;0;42;0;
23705;3814984;1198731264;34295808;1397067776;0;0;0;0;0;0;0;0;0;0;0;3386;0;0;125;0;42;0;
23706;5233345;1198731264;34295808;1397067776;0;0;0;0;0;0;0;0;0;0;0;2655;0;0;125;0;42;0;
23707;4575110;1198731264;34295808;1397067776;0;0;0;0;0;0;0;0;0;0;0;3617;0;0;125;0;42;0;
23708;5048858;1198731264;34295808;1397067776;0;0;0;0;0;0;0;0;0;0;0;2796;0;0;125;0;42;0;
23709;4019769;1198731264;34295808;1397067776;0;0;0;0;0;0;0;0;0;0;0;2996;0;0;125;0;42;0;
23710;5509563;1198731264;34295808;1397067776;0;0;0;0;0;0;0;0;0;0;0;3416;0;0;125;0;42;0;
23711;4369906;1198731264;34304000;1397075968;0;0;0;0;0;0;0;0;0;0;0;3206;0;0;125;0;42;0;
23712;4783651;1198731264;34304000;1397075968;0;0;0;0;0;0;0;0;0;0;0;2545;0;0;125;0;42;0;
23713;3618266;1198731264;34304000;1397075968;0;0;0;0;0;0;0;0;0;0;0;3977;0;0;125;0;42;0;
23714;5184202;1198731264;34304000;1397075968;0;0;0;0;0;0;0;0;0;0;0;2925;0;0;125;0;42;0;
23715;4812715;1198731264;34304000;1397075968;0;0;0;0;0;0;0;0;0;0;0;4459;0;0;125;0;42;0;
23716;5419273;1198731264;34304000;1397075968;0;0;0;0;0;0;0;0;0;0;0;3657;0;0;125;0;42;0;
23717;5746947;1198731264;34295808;1397067776;0;0;0;0;0;0;0;0;0;0;0;3897;0;0;125;0;42;0;
23718;5791651;1198731264;34295808;1397067776;0;0;0;0;0;0;0;0;0;0;0;11962;0;0;125;0;42;0;
23719;4498687;1198731264;34295808;1397067776;0;0;0;0;0;0;0;0;0;0;0;3417;0;0;125;0;42;0;
23720;4823836;1198731264;34295808;1397067776;0;0;0;0;0;0;0;0;0;0;0;3376;0;0;125;0;42;0;
23721;4588616;1198731264;34295808;1397067776;0;0;0;0;0;0;0;0;0;0;0;3497;0;0;125;0;42;0;
23722;5565146;1198731264;34295808;1397067776;0;0;0;0;0;0;0;0;0;0;0;2715;0;0;125;0;42;0;
23723;4335480;1198731264;34295808;1397067776;0;0;0;0;0;0;0;0;0;0;0;3537;0;0;125;0;42;0;
23724;8376108;1198731264;34295808;1397067776;0;0;0;0;0;0;0;0;0;0;0;2785;0;0;125;0;42;0;
23725;10855338;1198731264;34295808;1397067776;0;0;0;0;0;0;0;0;0;0;0;4228;0;0;125;0;42;0;
23726;6162387;1198731264;34295808;1397067776;0;0;0;0;0;0;0;0;0;0;0;3457;0;0;125;0;42;0;
23727;4765848;1198731264;34295808;1397067776;0;0;0;0;0;0;0;0;0;0;0;3877;0;0;125;0;42;0;
23728;5630019;1198731264;34295808;1397067776;0;0;0;0;0;0;0;0;0;0;0;3457;0;0;125;0;42;0;
23729;5290471;1198731264;34295808;1397067776;0;0;0;0;0;0;0;0;0;0;0;4509;0;0;125;0;42;0;
23730;5593460;1198731264;34295808;1397067776;0;0;0;0;0;0;0;0;0;0;0;3486;0;0;125;0;42;0;
23731;4552938;1198731264;34295808;1397067776;0;0;0;0;0;0;0;0;0;0;0;3716;0;0;125;0;42;0;
23732;6549793;1198731264;34295808;1397067776;0;0;0;0;0;0;0;0;0;0;0;3677;0;0;125;0;42;0;
23733;4745710;1198731264;34295808;1397067776;0;0;0;0;0;0;0;0;0;0;0;4438;0;0;125;0;42;0;
23734;5576629;1198731264;34295808;1397067776;0;0;0;0;0;0;0;0;0;0;0;2975;0;0;125;0;42;0;
23735;4792759;1198731264;34295808;1397067776;0;0;0;0;0;0;0;0;0;0;0;3767;0;0;125;0;42;0;
23736;4924586;1198731264;34295808;1397067776;0;0;0;0;0;0;0;0;0;0;0;2425;0;0;125;0;42;0;
23737;4399531;1198731264;34295808;1397067776;0;0;0;0;0;0;0;0;0;0;0;3577;0;0;125;0;42;0;
23738;5006228;1198731264;34295808;1397067776;0;0;0;0;0;0;0;0;0;0;0;2915;0;0;125;0;42;0;
23739;3824492;1198731264;34295808;1397067776;0;0;0;0;0;0;0;0;0;0;0;3937;0;0;125;0;42;0;
23740;4901673;1198731264;34295808;1397067776;0;0;0;0;0;0;0;0;0;0;0;3156;0;0;125;0;42;0;
23741;4324430;1198731264;34295808;1397067776;0;0;0;0;0;0;0;0;0;0;0;4128;0;0;125;0;42;0;
23742;5240939;1198731264;34295808;1397067776;0;0;0;0;0;0;0;0;0;0;0;2946;0;0;125;0;42;0;
23743;4560993;1198731264;34295808;1397067776;0;0;0;0;0;0;0;0;0;0;0;4508;0;0;125;0;42;0;
23744;5467203;1198731264;34295808;1397067776;0;0;0;0;0;0;0;0;0;0;0;3306;0;0;125;0;42;0;
23745;5539970;1198731264;34295808;1397067776;0;0;0;0;0;0;0;0;0;0;0;6693;0;0;125;0;42;0;
23746;6064964;1198731264;34295808;1397067776;0;0;0;0;0;0;0;0;0;0;0;4779;0;0;125;0;42;0;
23747;5545820;1198731264;34295808;1397067776;0;0;0;0;0;0;0;0;0;0;0;5209;0;0;125;0;42;0;
23748;5362928;1198731264;34295808;1397067776;0;0;0;0;0;0;0;0;0;0;0;3858;0;0;125;0;42;0;
23749;5909603;1198731264;34295808;1397067776;0;0;0;0;0;0;0;0;0;0;0;4799;0;0;125;0;42;0;
23750;5672218;1198731264;34295808;1397067776;0;0;0;0;0;0;0;0;0;0;0;3437;0;0;125;0;42;0;
23751;5796831;1198731264;34295808;1397067776;0;0;0;0;0;0;0;0;0;0;0;4468;0;0;125;0;42;0;
23752;5867153;1198731264;34295808;1397067776;0;0;0;0;0;0;0;0;0;0;0;3146;0;0;125;0;42;0;
23753;5373377;1198731264;34295808;1397067776;0;0;0;0;0;0;0;0;0;0;0;3717;0;0;125;0;42;0;
23754;6385305;1198731264;34295808;1397067776;0;0;0;0;0;0;0;0;0;0;0;3016;0;0;125;0;42;0;
23755;5829953;1198731264;34295808;1397067776;0;0;0;0;0;0;0;0;0;0;0;4529;0;0;125;0;42;0;
23756;5646259;1198731264;34295808;1397067776;0;0;0;0;0;0;0;0;0;0;0;4589;0;0;125;0;42;0;
23757;5066191;1198731264;34295808;1397067776;0;0;0;0;0;0;0;0;0;0;0;5249;0;0;125;0;42;0;
23758;5509963;1198731264;34295808;1397067776;0;0;0;0;0;0;0;0;0;0;0;4148;0;0;125;0;42;0;
23759;5989883;1198731264;34295808;1397067776;0;0;0;0;0;0;0;0;0;0;0;126267;0;0;125;0;42;0;
23760;5864859;1198731264;34295808;1397067776;0;0;0;0;0;0;0;0;0;0;0;4057;0;0;125;0;42;0;
23761;5704097;1198731264;34295808;1397067776;0;0;0;0;0;0;0;0;0;0;0;5200;0;0;125;0;42;0;
23762;5279842;1198731264;34295808;1397067776;0;0;0;0;0;0;0;0;0;0;0;4308;0;0;125;0;42;0;
23763;5212726;1198731264;34295808;1397067776;0;0;0;0;0;0;0;0;0;0;0;4598;0;0;125;0;42;0;
23764;5962793;1198731264;34295808;1397067776;0;0;0;0;0;0;0;0;0;0;0;3918;0;0;125;0;42;0;
23765;7248264;1198731264;34295808;1397067776;0;0;0;0;0;0;0;0;0;0;0;4559;0;0;125;0;42;0;
23766;5874607;1198731264;34295808;1397067776;0;0;0;0;0;0;0;0;0;0;0;3797;0;0;125;0;42;0;
23767;4735030;1198731264;34295808;1397067776;0;0;0;0;0;0;0;0;0;0;0;4158;0;0;125;0;42;0;
23768;6375507;1198731264;34295808;1397067776;0;0;0;0;0;0;0;0;0;0;0;4118;0;0;125;0;42;0;
23769;4391687;1198731264;34295808;1397067776;0;0;0;0;0;0;0;0;0;0;0;3827;0;0;125;0;42;0;
23770;5714477;1198731264;34295808;1397067776;0;0;0;0;0;0;0;0;0;0;0;4519;0;0;125;0;42;0;
23771;4364445;1198731264;34295808;1397067776;0;0;0;0;0;0;0;0;0;0;0;4168;0;0;125;0;42;0;
23772;5529039;1198731264;34295808;1397067776;0;0;0;0;0;0;0;0;0;0;0;4298;0;0;125;0;42;0;
23773;4614664;1198731264;34295808;1397067776;0;0;0;0;0;0;0;0;0;0;0;4118;0;0;125;0;42;0;
23774;5409024;1198731264;34295808;1397067776;0;0;0;0;0;0;0;0;0;0;0;4067;0;0;125;0;42;0;
23775;4322847;1198731264;34295808;1397067776;0;0;0;0;0;0;0;0;0;0;0;4208;0;0;125;0;42;0;
23776;5376483;1198731264;34295808;1397067776;0;0;0;0;0;0;0;0;0;0;0;3306;0;0;125;0;42;0;
23777;4438113;1198731264;34295808;1397067776;0;0;0;0;0;0;0;0;0;0;0;4598;0;0;125;0;42;0;
23778;4957427;1198731264;34295808;1397067776;0;0;0;0;0;0;0;0;0;0;0;3617;0;0;125;0;42;0;
23779;5224998;1198731264;34295808;1397067776;0;0;0;0;0;0;0;0;0;0;0;4017;0;0;125;0;42;0;
23780;5245137;1198731264;34295808;1397067776;0;0;0;0;0;0;0;0;0;0;0;3497;0;0;125;0;42;0;
23781;4398279;1198731264;34295808;1397067776;0;0;0;0;0;0;0;0;0;0;0;3737;0;0;125;0;42;0;
23782;5293527;1198731264;34295808;1397067776;0;0;0;0;0;0;0;0;0;0;0;3116;0;0;125;0;42;0;
23783;4617149;1198731264;34295808;1397067776;0;0;0;0;0;0;0;0;0;0;0;3827;0;0;125;0;42;0;
23784;4991591;1198731264;34295808;1397067776;0;0;0;0;0;0;0;0;0;0;0;3556;0;0;125;0;42;0;
23785;5988451;1198731264;34295808;1397067776;0;0;0;0;0;0;0;0;0;0;0;8116;0;0;125;0;42;0;
23786;6143762;1198731264;34295808;1397067776;0;0;0;0;0;0;0;0;0;0;0;5140;0;0;125;0;42;0;
23787;6535667;1198731264;34295808;1397067776;0;0;0;0;0;0;0;0;0;0;0;6603;0;0;125;0;42;0;
23788;6195699;1198731264;34295808;1397067776;0;0;0;0;0;0;0;0;0;0;0;5641;0;0;125;0;42;0;
23789;5393735;1198731264;34295808;1397067776;0;0;0;0;0;0;0;0;0;0;0;3737;0;0;125;0;42;0;
23790;5278810;1198731264;34295808;1397067776;0;0;0;0;0;0;0;0;0;0;0;3487;0;0;125;0;42;0;
23791;4519246;1198731264;34295808;1397067776;0;0;0;0;0;0;0;0;0;0;0;3877;0;0;125;0;42;0;
23792;5481940;1198731264;34295808;1397067776;0;0;0;0;0;0;0;0;0;0;0;3116;0;0;125;0;42;0;
23793;4928483;1198731264;34295808;1397067776;0;0;0;0;0;0;0;0;0;0;0;4729;0;0;125;0;42;0;
23794;5027949;1198731264;34295808;1397067776;0;0;0;0;0;0;0;0;0;0;0;3476;0;0;125;0;42;0;
23795;4380044;1198731264;34295808;1397067776;0;0;0;0;0;0;0;0;0;0;0;4318;0;0;125;0;42;0;
23796;5074808;1198731264;34295808;1397067776;0;0;0;0;0;0;0;0;0;0;0;3306;0;0;125;0;42;0;
23797;4739378;1198731264;34295808;1397067776;0;0;0;0;0;0;0;0;0;0;0;3748;0;0;125;0;42;0;
23798;5205924;1198731264;34295808;1397067776;0;0;0;0;0;0;0;0;0;0;0;3176;0;0;125;0;42;0;
23799;4835439;1198731264;34295808;1397067776;0;0;0;0;0;0;0;0;0;0;0;3978;0;0;125;0;42;0;
23800;5930812;1198731264;34295808;1397067776;0;0;0;0;0;0;0;0;0;0;0;2996;0;0;125;0;42;0;
23801;4662925;1198731264;34295808;1397067776;0;0;0;0;0;0;0;0;0;0;0;3647;0;0;125;0;42;0;
23802;5289831;1198731264;34295808;1397067776;0;0;0;0;0;0;0;0;0;0;0;3456;0;0;125;0;42;0;
23803;5146742;1198731264;34295808;1397067776;0;0;0;0;0;0;0;0;0;0;0;4368;0;0;125;0;42;0;
23804;6173488;1198731264;34295808;1397067776;0;0;0;0;0;0;0;0;0;0;0;4008;0;0;125;0;42;0;
23805;4617099;1198731264;34304000;1397075968;0;0;0;0;0;0;0;0;0;0;0;3577;0;0;125;0;42;0;
23806;5763800;1198731264;34304000;1397075968;0;0;0;0;0;0;0;0;0;0;0;4198;0;0;125;0;42;0;
23807;4258947;1198731264;34304000;1397075968;0;0;0;0;0;0;0;0;0;0;0;4148;0;0;125;0;42;0;
23808;5469116;1198731264;34304000;1397075968;0;0;0;0;0;0;0;0;0;0;0;4709;0;0;125;0;42;0;
23809;6622540;1198731264;34304000;1397075968;0;0;0;0;0;0;0;0;0;0;0;6552;0;0;125;0;42;0;
23810;5667950;1198731264;34304000;1397075968;0;0;0;0;0;0;0;0;0;0;0;4529;0;0;125;0;42;0;
23811;5945771;1198731264;34295808;1397067776;0;0;0;0;0;0;0;0;0;0;0;5250;0;0;125;0;42;0;
23812;5771514;1198731264;34295808;1397067776;0;0;0;0;0;0;0;0;0;0;0;4578;0;0;125;0;42;0;
23813;5918760;1198731264;34295808;1397067776;0;0;0;0;0;0;0;0;0;0;0;4869;0;0;125;0;42;0;
23814;5461022;1198731264;34295808;1397067776;0;0;0;0;0;0;0;0;0;0;0;3426;0;0;125;0;42;0;
23815;5338722;1198731264;34295808;1397067776;0;0;0;0;0;0;0;0;0;0;0;4719;0;0;125;0;42;0;
23816;5329214;1198731264;34295808;1397067776;0;0;0;0;0;0;0;0;0;0;0;3807;0;0;125;0;42;0;
23817;5042336;1198731264;34295808;1397067776;0;0;0;0;0;0;0;0;0;0;0;4659;0;0;125;0;42;0;
23818;6062460;1198731264;34295808;1397067776;0;0;0;0;0;0;0;0;0;0;0;117010;0;0;125;0;42;0;
23819;5282347;1198731264;34295808;1397067776;0;0;0;0;0;0;0;0;0;0;0;3907;0;0;125;0;42;0;
23820;5205733;1198731264;34295808;1397067776;0;0;0;0;0;0;0;0;0;0;0;3346;0;0;125;0;42;0;
23821;5263080;1198731264;34295808;1397067776;0;0;0;0;0;0;0;0;0;0;0;5871;0;0;125;0;42;0;
23822;6150444;1198731264;34295808;1397067776;0;0;0;0;0;0;0;0;0;0;0;3677;0;0;125;0;42;0;
23823;5536423;1198731264;34295808;1397067776;0;0;0;0;0;0;0;0;0;0;0;4899;0;0;125;0;42;0;
23824;6815742;1198731264;34295808;1397067776;0;0;0;0;0;0;0;0;0;0;0;4368;0;0;125;0;42;0;
23825;5557983;1198731264;34295808;1397067776;0;0;0;0;0;0;0;0;0;0;0;4418;0;0;125;0;42;0;
23826;5437698;1198731264;34295808;1397067776;0;0;0;0;0;0;0;0;0;0;0;3626;0;0;125;0;42;0;
23827;5256929;1198731264;34295808;1397067776;0;0;0;0;0;0;0;0;0;0;0;4950;0;0;125;0;42;0;
23828;6544123;1198731264;34295808;1397067776;0;0;0;0;0;0;0;0;0;0;0;5290;0;0;125;0;42;0;
23829;5497069;1198731264;34295808;1397067776;0;0;0;0;0;0;0;0;0;0;0;4739;0;0;125;0;42;0;
23830;7242543;1198731264;34295808;1397067776;0;0;0;0;0;0;0;0;0;0;0;4628;0;0;125;0;42;0;
23831;5969255;1198731264;34295808;1397067776;0;0;0;0;0;0;0;0;0;0;0;5090;0;0;125;0;42;0;
23832;5614139;1198731264;34295808;1397067776;0;0;0;0;0;0;0;0;0;0;0;4047;0;0;125;0;42;0;
23833;5547023;1198731264;34295808;1397067776;0;0;0;0;0;0;0;0;0;0;0;5229;0;0;125;0;42;0;
23834;5451082;1198731264;34295808;1397067776;0;0;0;0;0;0;0;0;0;0;0;4329;0;0;125;0;42;0;
23835;4887085;1198731264;34295808;1397067776;0;0;0;0;0;0;0;0;0;0;0;5891;0;0;125;0;42;0;
23836;5985976;1198731264;34295808;1397067776;0;0;0;0;0;0;0;0;0;0;0;5070;0;0;125;0;42;0;
23837;5625871;1198731264;34295808;1397067776;0;0;0;0;0;0;0;0;0;0;0;5922;0;0;125;0;42;0;
23838;5240257;1198731264;34295808;1397067776;0;0;0;0;0;0;0;0;0;0;0;3787;0;0;125;0;42;0;
23839;5497410;1198731264;34295808;1397067776;0;0;0;0;0;0;0;0;0;0;0;5500;0;0;125;0;42;0;
23840;5744904;1198731264;34295808;1397067776;0;0;0;0;0;0;0;0;0;0;0;4278;0;0;125;0;42;0;
23841;4659889;1198731264;34295808;1397067776;0;0;0;0;0;0;0;0;0;0;0;5010;0;0;125;0;42;0;
23842;5686013;1198731264;34295808;1397067776;0;0;0;0;0;0;0;0;0;0;0;3897;0;0;125;0;42;0;
23843;5752098;1198731264;34295808;1397067776;0;0;0;0;0;0;0;0;0;0;0;4999;0;0;125;0;42;0;
23844;5635840;1198731264;34295808;1397067776;0;0;0;0;0;0;0;0;0;0;0;3717;0;0;125;0;42;0;
23845;5488223;1198731264;34295808;1397067776;0;0;0;0;0;0;0;0;0;0;0;4589;0;0;125;0;42;0;
23846;5548054;1198731264;34295808;1397067776;0;0;0;0;0;0;0;0;0;0;0;3507;0;0;125;0;42;0;
23847;5010286;1198731264;34295808;1397067776;0;0;0;0;0;0;0;0;0;0;0;4449;0;0;125;0;42;0;
23848;6171925;1198731264;34295808;1397067776;0;0;0;0;0;0;0;0;0;0;0;4679;0;0;125;0;42;0;
23849;5006389;1198731264;34295808;1397067776;0;0;0;0;0;0;0;0;0;0;0;4328;0;0;125;0;42;0;
23850;5936373;1198731264;34295808;1397067776;0;0;0;0;0;0;0;0;0;0;0;3486;0;0;125;0;42;0;
23851;5804345;1198731264;34295808;1397067776;0;0;0;0;0;0;0;0;0;0;0;4708;0;0;125;0;42;0;
23852;5567211;1198731264;34295808;1397067776;0;0;0;0;0;0;0;0;0;0;0;3346;0;0;125;0;42;0;
23853;4897414;1198731264;34295808;1397067776;0;0;0;0;0;0;0;0;0;0;0;3847;0;0;125;0;42;0;
23854;5389227;1198731264;34295808;1397067776;0;0;0;0;0;0;0;0;0;0;0;3707;0;0;125;0;42;0;
23855;4810972;1198731264;34295808;1397067776;0;0;0;0;0;0;0;0;0;0;0;4007;0;0;125;0;42;0;
23856;5319867;1198731264;34295808;1397067776;0;0;0;0;0;0;0;0;0;0;0;3646;0;0;125;0;42;0;
23857;6779765;1198731264;34295808;1397067776;0;0;0;0;0;0;0;0;0;0;0;5180;0;0;125;0;42;0;
23858;5744202;1198731264;34295808;1397067776;0;0;0;0;0;0;0;0;0;0;0;3797;0;0;125;0;42;0;
23859;5493523;1198731264;34295808;1397067776;0;0;0;0;0;0;0;0;0;0;0;4067;0;0;125;0;42;0;
23860;6171444;1198731264;34295808;1397067776;0;0;0;0;0;0;0;0;0;0;0;4328;0;0;125;0;42;0;
23861;4621316;1198731264;34295808;1397067776;0;0;0;0;0;0;0;0;0;0;0;4368;0;0;125;0;42;0;
23862;5642361;1198731264;34295808;1397067776;0;0;0;0;0;0;0;0;0;0;0;3347;0;0;125;0;42;0;
23863;5376774;1198731264;34295808;1397067776;0;0;0;0;0;0;0;0;0;0;0;4278;0;0;125;0;42;0;
23864;5341968;1198731264;34295808;1397067776;0;0;0;0;0;0;0;0;0;0;0;3807;0;0;125;0;42;0;
23865;5347850;1198731264;34295808;1397067776;0;0;0;0;0;0;0;0;0;0;0;4178;0;0;125;0;42;0;
23866;5409745;1198731264;34295808;1397067776;0;0;0;0;0;0;0;0;0;0;0;3146;0;0;125;0;42;0;
23867;4003057;1198731264;34295808;1397067776;0;0;0;0;0;0;0;0;0;0;0;3527;0;0;125;0;42;0;
23868;4980240;1198731264;34295808;1397067776;0;0;0;0;0;0;0;0;0;0;0;3226;0;0;125;0;42;0;
23869;4529705;1198731264;34295808;1397067776;0;0;0;0;0;0;0;0;0;0;0;3767;0;0;125;0;42;0;
23870;5509833;1198731264;34295808;1397067776;0;0;0;0;0;0;0;0;0;0;0;2976;0;0;125;0;42;0;
23871;3544888;1198731264;34295808;1397067776;0;0;0;0;0;0;0;0;0;0;0;3627;0;0;125;0;42;0;
23872;4868741;1198731264;34295808;1397067776;0;0;0;0;0;0;0;0;0;0;0;2976;0;0;125;0;42;0;
23873;3774729;1198731264;34295808;1397067776;0;0;0;0;0;0;0;0;0;0;0;3467;0;0;125;0;42;0;
23874;5051724;1198731264;34295808;1397067776;0;0;0;0;0;0;0;0;0;0;0;2985;0;0;125;0;42;0;
23875;3518919;1198731264;34295808;1397067776;0;0;0;0;0;0;0;0;0;0;0;3096;0;0;125;0;42;0;
23876;5261767;1198731264;34295808;1397067776;0;0;0;0;0;0;0;0;0;0;0;3116;0;0;125;0;42;0;
23877;3798754;1198731264;34295808;1397067776;0;0;0;0;0;0;0;0;0;0;0;3627;0;0;125;0;42;0;
23878;4936188;1198731264;34295808;1397067776;0;0;0;0;0;0;0;0;0;0;0;3015;0;0;125;0;42;0;
23879;3773366;1198731264;34295808;1397067776;0;0;0;0;0;0;0;0;0;0;0;3116;0;0;125;0;42;0;
23880;5022309;1198731264;34295808;1397067776;0;0;0;0;0;0;0;0;0;0;0;3046;0;0;125;0;42;0;
23881;3913439;1198731264;34295808;1397067776;0;0;0;0;0;0;0;0;0;0;0;3226;0;0;125;0;42;0;
23882;5448628;1198731264;34295808;1397067776;0;0;0;0;0;0;0;0;0;0;0;2875;0;0;125;0;42;0;
23883;3662529;1198731264;34295808;1397067776;0;0;0;0;0;0;0;0;0;0;0;3777;0;0;125;0;42;0;
23884;5478354;1198731264;34295808;1397067776;0;0;0;0;0;0;0;0;0;0;0;3427;0;0;125;0;42;0;
23885;3745073;1198731264;34295808;1397067776;0;0;0;0;0;0;0;0;0;0;0;3646;0;0;125;0;42;0;
23886;5005157;1198731264;34295808;1397067776;0;0;0;0;0;0;0;0;0;0;0;3296;0;0;125;0;42;0;
23887;4011623;1198731264;34295808;1397067776;0;0;0;0;0;0;0;0;0;0;0;3236;0;0;125;0;42;0;
23888;5236781;1198731264;34295808;1397067776;0;0;0;0;0;0;0;0;0;0;0;2424;0;0;125;0;42;0;
23889;4923563;1198731264;34295808;1397067776;0;0;0;0;0;0;0;0;0;0;0;4628;0;0;125;0;42;0;
23890;5890447;1198731264;34295808;1397067776;0;0;0;0;0;0;0;0;0;0;0;3717;0;0;125;0;42;0;
23891;5573572;1198731264;34295808;1397067776;0;0;0;0;0;0;0;0;0;0;0;4378;0;0;125;0;42;0;
23892;5406289;1198731264;34295808;1397067776;0;0;0;0;0;0;0;0;0;0;0;4137;0;0;125;0;42;0;
23893;4991120;1198731264;34295808;1397067776;0;0;0;0;0;0;0;0;0;0;0;4288;0;0;125;0;42;0;
23894;5622565;1198731264;34295808;1397067776;0;0;0;0;0;0;0;0;0;0;0;3817;0;0;125;0;42;0;
23895;5232693;1198731264;34295808;1397067776;0;0;0;0;0;0;0;0;0;0;0;4849;0;0;125;0;42;0;
23896;5375771;1198731264;34295808;1397067776;0;0;0;0;0;0;0;0;0;0;0;3767;0;0;125;0;42;0;
23897;4837763;1198731264;34295808;1397067776;0;0;0;0;0;0;0;0;0;0;0;4088;0;0;125;0;42;0;
23898;5496027;1198731264;34295808;1397067776;0;0;0;0;0;0;0;0;0;0;0;4027;0;0;125;0;42;0;
23899;5314817;1198731264;34304000;1397075968;0;0;0;0;0;0;0;0;0;0;0;3958;0;0;125;0;42;0;
23900;6429056;1198731264;34304000;1397075968;0;0;0;0;0;0;0;0;0;0;0;3606;0;0;125;0;42;0;
23901;5171057;1198731264;34304000;1397075968;0;0;0;0;0;0;0;0;0;0;0;4278;0;0;125;0;42;0;
23902;5190213;1198731264;34304000;1397075968;0;0;0;0;0;0;0;0;0;0;0;4468;0;0;125;0;42;0;
23903;7059880;1198731264;34304000;1397075968;0;0;0;0;0;0;0;0;0;0;0;6743;0;0;125;0;42;0;
23904;6163959;1198731264;34304000;1397075968;0;0;0;0;0;0;0;0;0;0;0;3396;0;0;125;0;42;0;
23905;4114176;1198731264;34295808;1397067776;0;0;0;0;0;0;0;0;0;0;0;4228;0;0;125;0;42;0;
23906;5486429;1198731264;34295808;1397067776;0;0;0;0;0;0;0;0;0;0;0;3156;0;0;125;0;42;0;
23907;4799451;1198731264;34295808;1397067776;0;0;0;0;0;0;0;0;0;0;0;3727;0;0;125;0;42;0;
23908;4933402;1198731264;34295808;1397067776;0;0;0;0;0;0;0;0;0;0;0;3156;0;0;125;0;42;0;
23909;4314081;1198731264;34295808;1397067776;0;0;0;0;0;0;0;0;0;0;0;3046;0;0;125;0;42;0;
23910;8305066;1198731264;34295808;1397067776;0;0;0;0;0;0;0;0;0;0;0;3987;0;0;125;0;42;0;
23911;11730710;1198731264;34295808;1397067776;0;0;0;0;0;0;0;0;0;0;0;4268;0;0;125;0;42;0;
23912;5533938;1198731264;34295808;1397067776;0;0;0;0;0;0;0;0;0;0;0;3066;0;0;125;0;42;0;
23913;4752763;1198731264;34295808;1397067776;0;0;0;0;0;0;0;0;0;0;0;4248;0;0;125;0;42;0;
23914;5786872;1198731264;34295808;1397067776;0;0;0;0;0;0;0;0;0;0;0;3236;0;0;125;0;42;0;
23915;3969034;1198731264;34295808;1397067776;0;0;0;0;0;0;0;0;0;0;0;3827;0;0;125;0;42;0;
23916;5131313;1198731264;34295808;1397067776;0;0;0;0;0;0;0;0;0;0;0;2505;0;0;125;0;42;0;
23917;3987538;1198731264;34295808;1397067776;0;0;0;0;0;0;0;0;0;0;0;4449;0;0;125;0;42;0;
23918;5161650;1198731264;34295808;1397067776;0;0;0;0;0;0;0;0;0;0;0;3136;0;0;125;0;42;0;
23919;4329018;1198731264;34295808;1397067776;0;0;0;0;0;0;0;0;0;0;0;3677;0;0;125;0;42;0;
23920;5479516;1198731264;34295808;1397067776;0;0;0;0;0;0;0;0;0;0;0;2424;0;0;125;0;42;0;
23921;4365386;1198731264;34295808;1397067776;0;0;0;0;0;0;0;0;0;0;0;3838;0;0;125;0;42;0;
23922;5487231;1198731264;34295808;1397067776;0;0;0;0;0;0;0;0;0;0;0;3006;0;0;125;0;42;0;
23923;3998238;1198731264;34295808;1397067776;0;0;0;0;0;0;0;0;0;0;0;3096;0;0;125;0;42;0;
23924;5536633;1198731264;34295808;1397067776;0;0;0;0;0;0;0;0;0;0;0;2866;0;0;125;0;42;0;
23925;4147508;1198731264;34295808;1397067776;0;0;0;0;0;0;0;0;0;0;0;3617;0;0;125;0;42;0;
23926;4908947;1198731264;34295808;1397067776;0;0;0;0;0;0;0;0;0;0;0;3226;0;0;125;0;42;0;
23927;4036170;1198731264;34295808;1397067776;0;0;0;0;0;0;0;0;0;0;0;3466;0;0;125;0;42;0;
23928;5292125;1198731264;34295808;1397067776;0;0;0;0;0;0;0;0;0;0;0;2765;0;0;125;0;42;0;
23929;4814539;1198731264;34295808;1397067776;0;0;0;0;0;0;0;0;0;0;0;4078;0;0;125;0;42;0;
23930;4931258;1198731264;34295808;1397067776;0;0;0;0;0;0;0;0;0;0;0;2585;0;0;125;0;42;0;
23931;5205923;1198731264;34295808;1397067776;0;0;0;0;0;0;0;0;0;0;0;4448;0;0;125;0;42;0;
23932;5361785;1198731264;34295808;1397067776;0;0;0;0;0;0;0;0;0;0;0;2715;0;0;125;0;42;0;
23933;3929369;1198731264;34295808;1397067776;0;0;0;0;0;0;0;0;0;0;0;2826;0;0;125;0;42;0;
23934;5609741;1198731264;34295808;1397067776;0;0;0;0;0;0;0;0;0;0;0;2184;0;0;125;0;42;0;
23935;4610897;1198731264;34295808;1397067776;0;0;0;0;0;0;0;0;0;0;0;3517;0;0;125;0;42;0;
23936;4905369;1198731264;34295808;1397067776;0;0;0;0;0;0;0;0;0;0;0;3507;0;0;125;0;42;0;
23937;4214554;1198731264;34295808;1397067776;0;0;0;0;0;0;0;0;0;0;0;4478;0;0;125;0;42;0;
23938;5365903;1198731264;34295808;1397067776;0;0;0;0;0;0;0;0;0;0;0;3206;0;0;125;0;42;0;
23939;4145294;1198731264;34295808;1397067776;0;0;0;0;0;0;0;0;0;0;0;3687;0;0;125;0;42;0;
23940;5123859;1198731264;34295808;1397067776;0;0;0;0;0;0;0;0;0;0;0;3095;0;0;125;0;42;0;
23941;4238820;1198731264;34295808;1397067776;0;0;0;0;0;0;0;0;0;0;0;3997;0;0;125;0;42;0;
23942;4980721;1198731264;34295808;1397067776;0;0;0;0;0;0;0;0;0;0;0;2454;0;0;125;0;42;0;
23943;3880598;1198731264;34295808;1397067776;0;0;0;0;0;0;0;0;0;0;0;3747;0;0;125;0;42;0;
23944;5170857;1198731264;34295808;1397067776;0;0;0;0;0;0;0;0;0;0;0;3727;0;0;125;0;42;0;
23945;4141367;1198731264;34295808;1397067776;0;0;0;0;0;0;0;0;0;0;0;4338;0;0;125;0;42;0;
23946;4981301;1198731264;34295808;1397067776;0;0;0;0;0;0;0;0;0;0;0;3537;0;0;125;0;42;0;
23947;4312177;1198731264;34295808;1397067776;0;0;0;0;0;0;0;0;0;0;0;3978;0;0;125;0;42;0;
23948;5184503;1198731264;34295808;1397067776;0;0;0;0;0;0;0;0;0;0;0;2786;0;0;125;0;42;0;
23949;4329800;1198731264;34295808;1397067776;0;0;0;0;0;0;0;0;0;0;0;2966;0;0;125;0;42;0;
23950;4946977;1198731264;34295808;1397067776;0;0;0;0;0;0;0;0;0;0;0;2524;0;0;125;0;42;0;
23951;3870919;1198731264;34295808;1397067776;0;0;0;0;0;0;0;0;0;0;0;3436;0;0;125;0;42;0;
23952;5354091;1198731264;34295808;1397067776;0;0;0;0;0;0;0;0;0;0;0;3266;0;0;125;0;42;0;
23953;3865249;1198731264;34295808;1397067776;0;0;0;0;0;0;0;0;0;0;0;3467;0;0;125;0;42;0;
23954;4611798;1198731264;34295808;1397067776;0;0;0;0;0;0;0;0;0;0;0;3016;0;0;125;0;42;0;
23955;3965697;1198731264;34295808;1397067776;0;0;0;0;0;0;0;0;0;0;0;4508;0;0;125;0;42;0;
23956;4902975;1198731264;34295808;1397067776;0;0;0;0;0;0;0;0;0;0;0;3537;0;0;125;0;42;0;
23957;3945700;1198731264;34295808;1397067776;0;0;0;0;0;0;0;0;0;0;0;3476;0;0;125;0;42;0;
23958;4877307;1198731264;34295808;1397067776;0;0;0;0;0;0;0;0;0;0;0;3126;0;0;125;0;42;0;
23959;4304743;1198731264;34295808;1397067776;0;0;0;0;0;0;0;0;0;0;0;4168;0;0;125;0;42;0;
23960;5741537;1198731264;34295808;1397067776;0;0;0;0;0;0;0;0;0;0;0;2715;0;0;125;0;42;0;
23961;4445728;1198731264;34295808;1397067776;0;0;0;0;0;0;0;0;0;0;0;3637;0;0;125;0;42;0;
23962;4867869;1198731264;34295808;1397067776;0;0;0;0;0;0;0;0;0;0;0;2855;0;0;125;0;42;0;
23963;4011313;1198731264;34295808;1397067776;0;0;0;0;0;0;0;0;0;0;0;3566;0;0;125;0;42;0;
23964;5266797;1198731264;34295808;1397067776;0;0;0;0;0;0;0;0;0;0;0;2474;0;0;125;0;42;0;
23965;3614559;1198731264;34295808;1397067776;0;0;0;0;0;0;0;0;0;0;0;2524;0;0;125;0;42;0;
23966;5120553;1198731264;34295808;1397067776;0;0;0;0;0;0;0;0;0;0;0;2394;0;0;125;0;42;0;
23967;4134834;1198731264;34295808;1397067776;0;0;0;0;0;0;0;0;0;0;0;3597;0;0;125;0;42;0;
23968;4841771;1198731264;34295808;1397067776;0;0;0;0;0;0;0;0;0;0;0;2504;0;0;125;0;42;0;
23969;3928939;1198731264;34295808;1397067776;0;0;0;0;0;0;0;0;0;0;0;2795;0;0;125;0;42;0;
23970;5070669;1198731264;34295808;1397067776;0;0;0;0;0;0;0;0;0;0;0;2335;0;0;125;0;42;0;
23971;4507764;1198731264;34295808;1397067776;0;0;0;0;0;0;0;0;0;0;0;3637;0;0;125;0;42;0;
23972;5033479;1198731264;34295808;1397067776;0;0;0;0;0;0;0;0;0;0;0;2995;0;0;125;0;42;0;
23973;4030208;1198731264;34295808;1397067776;0;0;0;0;0;0;0;0;0;0;0;3356;0;0;125;0;42;0;
23974;5403825;1198731264;34295808;1397067776;0;0;0;0;0;0;0;0;0;0;0;2815;0;0;125;0;42;0;
23975;4772991;1198731264;34295808;1397067776;0;0;0;0;0;0;0;0;0;0;0;3607;0;0;125;0;42;0;
23976;5150950;1198731264;34295808;1397067776;0;0;0;0;0;0;0;0;0;0;0;2825;0;0;125;0;42;0;
23977;4635163;1198731264;34295808;1397067776;0;0;0;0;0;0;0;0;0;0;0;3426;0;0;125;0;42;0;
23978;4912703;1198731264;34295808;1397067776;0;0;0;0;0;0;0;0;0;0;0;2354;0;0;125;0;42;0;
23979;6623762;1198731264;34295808;1397067776;0;0;0;0;0;0;0;0;0;0;0;6753;0;0;125;0;42;0;
23980;5916786;1198731264;34295808;1397067776;0;0;0;0;0;0;0;0;0;0;0;3537;0;0;125;0;42;0;
23981;4535886;1198731264;34295808;1397067776;0;0;0;0;0;0;0;0;0;0;0;4258;0;0;125;0;42;0;
23982;5457555;1198731264;34295808;1397067776;0;0;0;0;0;0;0;0;0;0;0;3226;0;0;125;0;42;0;
23983;4068911;1198731264;34295808;1397067776;0;0;0;0;0;0;0;0;0;0;0;3817;0;0;125;0;42;0;
23984;5918369;1198731264;34295808;1397067776;0;0;0;0;0;0;0;0;0;0;0;3386;0;0;125;0;42;0;
23985;4195127;1198731264;34295808;1397067776;0;0;0;0;0;0;0;0;0;0;0;3446;0;0;125;0;42;0;
23986;4917141;1198731264;34295808;1397067776;0;0;0;0;0;0;0;0;0;0;0;2765;0;0;125;0;42;0;
23987;4236465;1198731264;34295808;1397067776;0;0;0;0;0;0;0;0;0;0;0;3476;0;0;125;0;42;0;
23988;5238274;1198731264;34295808;1397067776;0;0;0;0;0;0;0;0;0;0;0;3065;0;0;125;0;42;0;
23989;4083939;1198731264;34295808;1397067776;0;0;0;0;0;0;0;0;0;0;0;3416;0;0;125;0;42;0;
23990;5266757;1198731264;34295808;1397067776;0;0;0;0;0;0;0;0;0;0;0;3356;0;0;125;0;42;0;
23991;4403929;1198731264;34295808;1397067776;0;0;0;0;0;0;0;0;0;0;0;3477;0;0;125;0;42;0;
23992;5148946;1198731264;34295808;1397067776;0;0;0;0;0;0;0;0;0;0;0;2855;0;0;125;0;42;0;
23993;4178386;1198731264;34295808;1397067776;0;0;0;0;0;0;0;0;0;0;0;3516;0;0;125;0;42;0;
23994;5035814;1198731264;34295808;1397067776;0;0;0;0;0;0;0;0;0;0;0;3306;0;0;125;0;42;0;
23995;5098000;1198731264;34295808;1397067776;0;0;0;0;0;0;0;0;0;0;0;3937;0;0;125;0;42;0;
23996;5260625;1198731264;34295808;1397067776;0;0;0;0;0;0;0;0;0;0;0;2855;0;0;125;0;42;0;
23997;4815881;1198731264;34295808;1397067776;0;0;0;0;0;0;0;0;0;0;0;3216;0;0;125;0;42;0;
23998;5488633;1198731264;34295808;1397067776;0;0;0;0;0;0;0;0;0;0;0;2775;0;0;125;0;42;0;
23999;6705916;1198731264;34295808;1397067776;0;0;0;0;0;0;0;0;0;0;0;6001;0;0;125;0;42;0;
24000;5017129;1198731264;34295808;1397067776;0;0;0;0;0;0;0;0;0;0;0;2504;0;0;125;0;42;0;
24001;5099864;1198731264;34295808;1397067776;0;0;0;0;0;0;0;0;0;0;0;2885;0;0;125;0;42;0;
24002;5470058;1198731264;34295808;1397067776;0;0;0;0;0;0;0;0;0;0;0;3256;0;0;125;0;42;0;
24003;4483128;1198731264;34295808;1397067776;0;0;0;0;0;0;0;0;0;0;0;3005;0;0;125;0;42;0;
24004;6179068;1198731264;34295808;1397067776;0;0;0;0;0;0;0;0;0;0;0;2856;0;0;125;0;42;0;
24005;4401655;1198731264;34295808;1397067776;0;0;0;0;0;0;0;0;0;0;0;3847;0;0;125;0;42;0;
24006;5114251;1198731264;34295808;1397067776;0;0;0;0;0;0;0;0;0;0;0;2916;0;0;125;0;42;0;
24007;5241840;1198731264;34295808;1397067776;0;0;0;0;0;0;0;0;0;0;0;3526;0;0;125;0;42;0;
24008;5134950;1198731264;34295808;1397067776;0;0;0;0;0;0;0;0;0;0;0;2795;0;0;125;0;42;0;
24009;4086334;1198731264;34295808;1397067776;0;0;0;0;0;0;0;0;0;0;0;3196;0;0;125;0;42;0;
24010;5265765;1198731264;34295808;1397067776;0;0;0;0;0;0;0;0;0;0;0;2765;0;0;125;0;42;0;
24011;4039586;1198731264;34295808;1397067776;0;0;0;0;0;0;0;0;0;0;0;3848;0;0;125;0;42;0;
24012;5403052;1198731264;34295808;1397067776;0;0;0;0;0;0;0;0;0;0;0;2815;0;0;125;0;42;0;
24013;4392408;1198731264;34295808;1397067776;0;0;0;0;0;0;0;0;0;0;0;3717;0;0;125;0;42;0;
24014;5645237;1198731264;34295808;1397067776;0;0;0;0;0;0;0;0;0;0;0;2745;0;0;125;0;42;0;
24015;4009729;1198731264;34295808;1397067776;0;0;0;0;0;0;0;0;0;0;0;4508;0;0;125;0;42;0;
24016;5317712;1198731264;34295808;1397067776;0;0;0;0;0;0;0;0;0;0;0;3416;0;0;125;0;42;0;
24017;4273024;1198731264;34295808;1397067776;0;0;0;0;0;0;0;0;0;0;0;3397;0;0;125;0;42;0;
24018;5035754;1198731264;34295808;1397067776;0;0;0;0;0;0;0;0;0;0;0;2655;0;0;125;0;42;0;
24019;4438284;1198731264;34295808;1397067776;0;0;0;0;0;0;0;0;0;0;0;3727;0;0;125;0;42;0;
24020;5048728;1198731264;34295808;1397067776;0;0;0;0;0;0;0;0;0;0;0;2384;0;0;125;0;42;0;
24021;4693873;1198731264;34295808;1397067776;0;0;0;0;0;0;0;0;0;0;0;3687;0;0;125;0;42;0;
24022;4890803;1198731264;34295808;1397067776;0;0;0;0;0;0;0;0;0;0;0;2635;0;0;125;0;42;0;
24023;4650682;1198731264;34295808;1397067776;0;0;0;0;0;0;0;0;0;0;0;4539;0;0;125;0;42;0;
24024;5447346;1198731264;34295808;1397067776;0;0;0;0;0;0;0;0;0;0;0;3647;0;0;125;0;42;0;
24025;3958283;1198731264;34295808;1397067776;0;0;0;0;0;0;0;0;0;0;0;3567;0;0;125;0;42;0;
24026;5022689;1198731264;34295808;1397067776;0;0;0;0;0;0;0;0;0;0;0;3085;0;0;125;0;42;0;
24027;4039987;1198731264;34295808;1397067776;0;0;0;0;0;0;0;0;0;0;0;4478;0;0;125;0;42;0;
24028;5403464;1198731264;34295808;1397067776;0;0;0;0;0;0;0;0;0;0;0;3567;0;0;125;0;42;0;
24029;4035348;1198731264;34295808;1397067776;0;0;0;0;0;0;0;0;0;0;0;3476;0;0;125;0;42;0;
24030;4819218;1198731264;34295808;1397067776;0;0;0;0;0;0;0;0;0;0;0;3426;0;0;125;0;42;0;
24031;4435939;1198731264;34295808;1397067776;0;0;0;0;0;0;0;0;0;0;0;4318;0;0;125;0;42;0;
24032;4848503;1198731264;34295808;1397067776;0;0;0;0;0;0;0;0;0;0;0;2956;0;0;125;0;42;0;
24033;4357913;1198731264;34295808;1397067776;0;0;0;0;0;0;0;0;0;0;0;3637;0;0;125;0;42;0;
24034;5003644;1198731264;34295808;1397067776;0;0;0;0;0;0;0;0;0;0;0;2725;0;0;125;0;42;0;
24035;4813096;1198731264;34295808;1397067776;0;0;0;0;0;0;0;0;0;0;0;3426;0;0;125;0;42;0;
24036;5099634;1198731264;34295808;1397067776;0;0;0;0;0;0;0;0;0;0;0;3326;0;0;125;0;42;0;
24037;3828379;1198731264;34295808;1397067776;0;0;0;0;0;0;0;0;0;0;0;3908;0;0;125;0;42;0;
24038;5646289;1198731264;34295808;1397067776;0;0;0;0;0;0;0;0;0;0;0;2405;0;0;125;0;42;0;
24039;4163137;1198731264;34295808;1397067776;0;0;0;0;0;0;0;0;0;0;0;2765;0;0;125;0;42;0;
24040;5815656;1198731264;34295808;1397067776;0;0;0;0;0;0;0;0;0;0;0;2685;0;0;125;0;42;0;
24041;4084831;1198731264;34295808;1397067776;0;0;0;0;0;0;0;0;0;0;0;3817;0;0;125;0;42;0;
24042;5032087;1198731264;34295808;1397067776;0;0;0;0;0;0;0;0;0;0;0;2505;0;0;125;0;42;0;
24043;3765461;1198731264;34295808;1397067776;0;0;0;0;0;0;0;0;0;0;0;4368;0;0;125;0;42;0;
24044;5161279;1198731264;34295808;1397067776;0;0;0;0;0;0;0;0;0;0;0;3095;0;0;125;0;42;0;
24045;3856472;1198731264;34295808;1397067776;0;0;0;0;0;0;0;0;0;0;0;3227;0;0;125;0;42;0;
24046;5119821;1198731264;34295808;1397067776;0;0;0;0;0;0;0;0;0;0;0;2976;0;0;125;0;42;0;
24047;4736041;1198731264;34295808;1397067776;0;0;0;0;0;0;0;0;0;0;0;3076;0;0;125;0;42;0;
24048;4717207;1198731264;34295808;1397067776;0;0;0;0;0;0;0;0;0;0;0;2756;0;0;125;0;42;0;
24049;3225169;1198731264;34295808;1397067776;0;0;0;0;0;0;0;0;0;0;0;2996;0;0;125;0;42;0;
24050;4869693;1198731264;34295808;1397067776;0;0;0;0;0;0;0;0;0;0;0;3116;0;0;125;0;42;0;
24051;3104592;1198731264;34295808;1397067776;0;0;0;0;0;0;0;0;0;0;0;3848;0;0;125;0;42;0;
24052;4901943;1198731264;34295808;1397067776;0;0;0;0;0;0;0;0;0;0;0;2875;0;0;125;0;42;0;
24053;3757266;1198731264;34295808;1397067776;0;0;0;0;0;0;0;0;0;0;0;3727;0;0;125;0;42;0;
24054;5162241;1198731264;34295808;1397067776;0;0;0;0;0;0;0;0;0;0;0;2915;0;0;125;0;42;0;
24055;3890105;1198731264;34295808;1397067776;0;0;0;0;0;0;0;0;0;0;0;3596;0;0;125;0;42;0;
24056;5561069;1198731264;34295808;1397067776;0;0;0;0;0;0;0;0;0;0;0;3867;0;0;125;0;42;0;
24057;4503777;1198731264;34295808;1397067776;0;0;0;0;0;0;0;0;0;0;0;3687;0;0;125;0;42;0;
24058;5623837;1198731264;34295808;1397067776;0;0;0;0;0;0;0;0;0;0;0;3827;0;0;125;0;42;0;
24059;4410221;1198731264;34295808;1397067776;0;0;0;0;0;0;0;0;0;0;0;4719;0;0;125;0;42;0;
24060;5169996;1198731264;34295808;1397067776;0;0;0;0;0;0;0;0;0;0;0;3336;0;0;125;0;42;0;
24061;3627022;1198731264;34295808;1397067776;0;0;0;0;0;0;0;0;0;0;0;3767;0;0;125;0;42;0;
24062;5523268;1198731264;34295808;1397067776;0;0;0;0;0;0;0;0;0;0;0;2835;0;0;125;0;42;0;
24063;4683904;1198731264;34295808;1397067776;0;0;0;0;0;0;0;0;0;0;0;3697;0;0;125;0;42;0;
24064;5257961;1198731264;34295808;1397067776;0;0;0;0;0;0;0;0;0;0;0;3036;0;0;125;0;42;0;
24065;3510384;1198731264;34295808;1397067776;0;0;0;0;0;0;0;0;0;0;0;3437;0;0;125;0;42;0;
24066;6555364;1198731264;34295808;1397067776;0;0;0;0;0;0;0;0;0;0;0;3326;0;0;125;0;42;0;
24067;5198860;1198731264;34295808;1397067776;0;0;0;0;0;0;0;0;0;0;0;3456;0;0;125;0;42;0;
24068;5491940;1198731264;34295808;1397067776;0;0;0;0;0;0;0;0;0;0;0;3076;0;0;125;0;42;0;
24069;4718930;1198731264;34295808;1397067776;0;0;0;0;0;0;0;0;0;0;0;4178;0;0;125;0;42;0;
24070;6254871;1198731264;34295808;1397067776;0;0;0;0;0;0;0;0;0;0;0;3958;0;0;125;0;42;0;
24071;5716340;1198731264;34295808;1397067776;0;0;0;0;0;0;0;0;0;0;0;4639;0;0;125;0;42;0;
24072;5286243;1198731264;34295808;1397067776;0;0;0;0;0;0;0;0;0;0;0;4449;0;0;125;0;42;0;
24073;6041590;1198731264;34295808;1397067776;0;0;0;0;0;0;0;0;0;0;0;5160;0;0;125;0;42;0;
24074;5331118;1198731264;34295808;1397067776;0;0;0;0;0;0;0;0;0;0;0;3547;0;0;125;0;42;0;
24075;5516445;1198731264;34295808;1397067776;0;0;0;0;0;0;0;0;0;0;0;4218;0;0;125;0;42;0;
24076;5778737;1198731264;34295808;1397067776;0;0;0;0;0;0;0;0;0;0;0;3597;0;0;125;0;42;0;
24077;5279021;1198731264;34295808;1397067776;0;0;0;0;0;0;0;0;0;0;0;4358;0;0;125;0;42;0;
24078;5379859;1198731264;34295808;1397067776;0;0;0;0;0;0;0;0;0;0;0;2935;0;0;125;0;42;0;
24079;5174845;1198731264;34295808;1397067776;0;0;0;0;0;0;0;0;0;0;0;3928;0;0;125;0;42;0;
24080;5681315;1198731264;34295808;1397067776;0;0;0;0;0;0;0;0;0;0;0;3687;0;0;125;0;42;0;
24081;5390099;1198731264;34295808;1397067776;0;0;0;0;0;0;0;0;0;0;0;4088;0;0;125;0;42;0;
24082;5941042;1198731264;34295808;1397067776;0;0;0;0;0;0;0;0;0;0;0;3186;0;0;125;0;42;0;
24083;4564520;1198731264;34295808;1397067776;0;0;0;0;0;0;0;0;0;0;0;3526;0;0;125;0;42;0;
24084;5328453;1198731264;34295808;1397067776;0;0;0;0;0;0;0;0;0;0;0;3326;0;0;125;0;42;0;
24085;5224748;1198731264;34295808;1397067776;0;0;0;0;0;0;0;0;0;0;0;4318;0;0;125;0;42;0;
24086;5078043;1198731264;34295808;1397067776;0;0;0;0;0;0;0;0;0;0;0;3256;0;0;125;0;42;0;
24087;4587363;1198731264;34295808;1397067776;0;0;0;0;0;0;0;0;0;0;0;3696;0;0;125;0;42;0;
24088;5748360;1198731264;34295808;1397067776;0;0;0;0;0;0;0;0;0;0;0;3968;0;0;125;0;42;0;
24089;4793380;1198731264;34295808;1397067776;0;0;0;0;0;0;0;0;0;0;0;4358;0;0;125;0;42;0;
24090;5583881;1198731264;34295808;1397067776;0;0;0;0;0;0;0;0;0;0;0;3226;0;0;125;0;42;0;
24091;5183121;1198731264;34295808;1397067776;0;0;0;0;0;0;0;0;0;0;0;4378;0;0;125;0;42;0;
24092;5514552;1198731264;34295808;1397067776;0;0;0;0;0;0;0;0;0;0;0;3246;0;0;125;0;42;0;
24093;4752152;1198731264;34295808;1397067776;0;0;0;0;0;0;0;0;0;0;0;3988;0;0;125;0;42;0;
24094;5411769;1198731264;34295808;1397067776;0;0;0;0;0;0;0;0;0;0;0;3586;0;0;125;0;42;0;
24095;5802883;1198731264;34295808;1397067776;0;0;0;0;0;0;0;0;0;0;0;4168;0;0;125;0;42;0;
24096;5458276;1198731264;34295808;1397067776;0;0;0;0;0;0;0;0;0;0;0;3116;0;0;125;0;42;0;
24097;5891689;1198731264;34295808;1397067776;0;0;0;0;0;0;0;0;0;0;0;4378;0;0;125;0;42;0;
24098;5441666;1198731264;34295808;1397067776;0;0;0;0;0;0;0;0;0;0;0;3266;0;0;125;0;42;0;
24099;4806784;1198731264;34295808;1397067776;0;0;0;0;0;0;0;0;0;0;0;4368;0;0;125;0;42;0;
24100;5720959;1198731264;34295808;1397067776;0;0;0;0;0;0;0;0;0;0;0;4198;0;0;125;0;42;0;
24101;4923313;1198731264;34304000;1397075968;0;0;0;0;0;0;0;0;0;0;0;3837;0;0;125;0;42;0;
24102;5566429;1198731264;34304000;1397075968;0;0;0;0;0;0;0;0;0;0;0;3146;0;0;125;0;42;0;
24103;4614484;1198731264;34304000;1397075968;0;0;0;0;0;0;0;0;0;0;0;4318;0;0;125;0;42;0;
24104;5609440;1198731264;34304000;1397075968;0;0;0;0;0;0;0;0;0;0;0;3507;0;0;125;0;42;0;
24105;5803674;1198731264;34304000;1397075968;0;0;0;0;0;0;0;0;0;0;0;5340;0;0;125;0;42;0;
24106;5526394;1198731264;34304000;1397075968;0;0;0;0;0;0;0;0;0;0;0;3527;0;0;125;0;42;0;
24107;6840298;1198731264;34295808;1397067776;0;0;0;0;0;0;0;0;0;0;0;4618;0;0;125;0;42;0;
24108;5372306;1198731264;34295808;1397067776;0;0;0;0;0;0;0;0;0;0;0;3788;0;0;125;0;42;0;
24109;5700260;1198731264;34295808;1397067776;0;0;0;0;0;0;0;0;0;0;0;4278;0;0;125;0;42;0;
24110;5737240;1198731264;34295808;1397067776;0;0;0;0;0;0;0;0;0;0;0;3557;0;0;125;0;42;0;
24111;14635667;1198731264;34295808;1397067776;0;0;0;0;0;0;0;0;0;0;0;3987;0;0;125;0;42;0;
24112;5641620;1198731264;34295808;1397067776;0;0;0;0;0;0;0;0;0;0;0;3156;0;0;125;0;42;0;
24113;4748345;1198731264;34295808;1397067776;0;0;0;0;0;0;0;0;0;0;0;4098;0;0;125;0;42;0;
24114;5880709;1198731264;34295808;1397067776;0;0;0;0;0;0;0;0;0;0;0;4128;0;0;125;0;42;0;
24115;5260075;1198731264;34295808;1397067776;0;0;0;0;0;0;0;0;0;0;0;4529;0;0;125;0;42;0;
24116;5430334;1198731264;34295808;1397067776;0;0;0;0;0;0;0;0;0;0;0;3507;0;0;125;0;42;0;
24117;5302274;1198731264;34295808;1397067776;0;0;0;0;0;0;0;0;0;0;0;4689;0;0;125;0;42;0;
24118;5834873;1198731264;34295808;1397067776;0;0;0;0;0;0;0;0;0;0;0;3527;0;0;125;0;42;0;
24119;4809450;1198731264;34295808;1397067776;0;0;0;0;0;0;0;0;0;0;0;3767;0;0;125;0;42;0;
24120;6110339;1198731264;34295808;1397067776;0;0;0;0;0;0;0;0;0;0;0;3717;0;0;125;0;42;0;
24121;5303336;1198731264;34295808;1397067776;0;0;0;0;0;0;0;0;0;0;0;4228;0;0;125;0;42;0;
24122;5408834;1198731264;34295808;1397067776;0;0;0;0;0;0;0;0;0;0;0;2995;0;0;125;0;42;0;
24123;5184403;1198731264;34295808;1397067776;0;0;0;0;0;0;0;0;0;0;0;4418;0;0;125;0;42;0;
24124;5357938;1198731264;34295808;1397067776;0;0;0;0;0;0;0;0;0;0;0;3547;0;0;125;0;42;0;
24125;5063125;1198731264;34295808;1397067776;0;0;0;0;0;0;0;0;0;0;0;4869;0;0;125;0;42;0;
24126;5101417;1198731264;34295808;1397067776;0;0;0;0;0;0;0;0;0;0;0;3527;0;0;125;0;42;0;
24127;5639025;1198731264;34295808;1397067776;0;0;0;0;0;0;0;0;0;0;0;4889;0;0;125;0;42;0;
24128;5293247;1198731264;34295808;1397067776;0;0;0;0;0;0;0;0;0;0;0;4248;0;0;125;0;42;0;
24129;4843243;1198731264;34295808;1397067776;0;0;0;0;0;0;0;0;0;0;0;4478;0;0;125;0;42;0;
24130;6155724;1198731264;34295808;1397067776;0;0;0;0;0;0;0;0;0;0;0;3927;0;0;125;0;42;0;
24131;5005056;1198731264;34295808;1397067776;0;0;0;0;0;0;0;0;0;0;0;3927;0;0;125;0;42;0;
24132;5105054;1198731264;34295808;1397067776;0;0;0;0;0;0;0;0;0;0;0;3918;0;0;125;0;42;0;
24133;5823191;1198731264;34295808;1397067776;0;0;0;0;0;0;0;0;0;0;0;4448;0;0;125;0;42;0;
24134;6218563;1198731264;34295808;1397067776;0;0;0;0;0;0;0;0;0;0;0;3506;0;0;125;0;42;0;
24135;4828485;1198731264;34295808;1397067776;0;0;0;0;0;0;0;0;0;0;0;4378;0;0;125;0;42;0;
24136;5993851;1198731264;34295808;1397067776;0;0;0;0;0;0;0;0;0;0;0;3857;0;0;125;0;42;0;
24137;4752864;1198731264;34295808;1397067776;0;0;0;0;0;0;0;0;0;0;0;4338;0;0;125;0;42;0;
24138;5356645;1198731264;34295808;1397067776;0;0;0;0;0;0;0;0;0;0;0;3036;0;0;125;0;42;0;
24139;5915754;1198731264;34295808;1397067776;0;0;0;0;0;0;0;0;0;0;0;4449;0;0;125;0;42;0;
24140;5092941;1198731264;34295808;1397067776;0;0;0;0;0;0;0;0;0;0;0;3526;0;0;125;0;42;0;
24141;5059328;1198731264;34295808;1397067776;0;0;0;0;0;0;0;0;0;0;0;4198;0;0;125;0;42;0;
24142;5622234;1198731264;34295808;1397067776;0;0;0;0;0;0;0;0;0;0;0;3717;0;0;125;0;42;0;
24143;5560368;1198731264;34295808;1397067776;0;0;0;0;0;0;0;0;0;0;0;4589;0;0;125;0;42;0;
24144;5059378;1198731264;34295808;1397067776;0;0;0;0;0;0;0;0;0;0;0;3928;0;0;125;0;42;0;
24145;5344142;1198731264;34295808;1397067776;0;0;0;0;0;0;0;0;0;0;0;4919;0;0;125;0;42;0;
24146;6103025;1198731264;34295808;1397067776;0;0;0;0;0;0;0;0;0;0;0;3918;0;0;125;0;42;0;
24147;5265054;1198731264;34295808;1397067776;0;0;0;0;0;0;0;0;0;0;0;4338;0;0;125;0;42;0;
24148;5799436;1198731264;34295808;1397067776;0;0;0;0;0;0;0;0;0;0;0;3526;0;0;125;0;42;0;
24149;5837497;1198731264;34295808;1397067776;0;0;0;0;0;0;0;0;0;0;0;5019;0;0;125;0;42;0;
24150;5505875;1198731264;34295808;1397067776;0;0;0;0;0;0;0;0;0;0;0;3306;0;0;125;0;42;0;
24151;5505144;1198731264;34295808;1397067776;0;0;0;0;0;0;0;0;0;0;0;5260;0;0;125;0;42;0;
24152;5195834;1198731264;34295808;1397067776;0;0;0;0;0;0;0;0;0;0;0;3055;0;0;125;0;42;0;
24153;5181868;1198731264;34295808;1397067776;0;0;0;0;0;0;0;0;0;0;0;5160;0;0;125;0;42;0;
24154;5270975;1198731264;34295808;1397067776;0;0;0;0;0;0;0;0;0;0;0;3727;0;0;125;0;42;0;
24155;10967849;1198731264;34295808;1397067776;0;0;0;0;0;0;0;0;0;0;0;4659;0;0;125;0;42;0;
24156;5906076;1198731264;34295808;1397067776;0;0;0;0;0;0;0;0;0;0;0;4298;0;0;125;0;42;0;
24157;5081009;1198731264;34295808;1397067776;0;0;0;0;0;0;0;0;0;0;0;4588;0;0;125;0;42;0;
24158;5826637;1198731264;34295808;1397067776;0;0;0;0;0;0;0;0;0;0;0;3316;0;0;125;0;42;0;
24159;5258091;1198731264;34295808;1397067776;0;0;0;0;0;0;0;0;0;0;0;4128;0;0;125;0;42;0;
24160;5537324;1198731264;34295808;1397067776;0;0;0;0;0;0;0;0;0;0;0;3316;0;0;125;0;42;0;
24161;4823826;1198731264;34295808;1397067776;0;0;0;0;0;0;0;0;0;0;0;4298;0;0;125;0;42;0;
24162;5869528;1198731264;34295808;1397067776;0;0;0;0;0;0;0;0;0;0;0;4158;0;0;125;0;42;0;
24163;5551531;1198731264;34295808;1397067776;0;0;0;0;0;0;0;0;0;0;0;5380;0;0;125;0;42;0;
24164;5692266;1198731264;34295808;1397067776;0;0;0;0;0;0;0;0;0;0;0;3447;0;0;125;0;42;0;
24165;5785661;1198731264;34295808;1397067776;0;0;0;0;0;0;0;0;0;0;0;4658;0;0;125;0;42;0;
24166;6060505;1198731264;34295808;1397067776;0;0;0;0;0;0;0;0;0;0;0;3567;0;0;125;0;42;0;
24167;4986862;1198731264;34295808;1397067776;0;0;0;0;0;0;0;0;0;0;0;4358;0;0;125;0;42;0;
24168;6075994;1198731264;34295808;1397067776;0;0;0;0;0;0;0;0;0;0;0;3166;0;0;125;0;42;0;
24169;4769474;1198731264;34295808;1397067776;0;0;0;0;0;0;0;0;0;0;0;3757;0;0;125;0;42;0;
24170;5150369;1198731264;34295808;1397067776;0;0;0;0;0;0;0;0;0;0;0;3787;0;0;125;0;42;0;
24171;5988782;1198731264;34295808;1397067776;0;0;0;0;0;0;0;0;0;0;0;4819;0;0;125;0;42;0;
24172;5100355;1198731264;34295808;1397067776;0;0;0;0;0;0;0;0;0;0;0;4518;0;0;125;0;42;0;
24173;5096968;1198731264;34295808;1397067776;0;0;0;0;0;0;0;0;0;0;0;4248;0;0;125;0;42;0;
24174;6262164;1198731264;34295808;1397067776;0;0;0;0;0;0;0;0;0;0;0;3887;0;0;125;0;42;0;
24175;5063636;1198731264;34295808;1397067776;0;0;0;0;0;0;0;0;0;0;0;4298;0;0;125;0;42;0;
24176;6129675;1198731264;34295808;1397067776;0;0;0;0;0;0;0;0;0;0;0;3386;0;0;125;0;42;0;
24177;5402091;1198731264;34295808;1397067776;0;0;0;0;0;0;0;0;0;0;0;4028;0;0;125;0;42;0;
24178;5526505;1198731264;34295808;1397067776;0;0;0;0;0;0;0;0;0;0;0;4408;0;0;125;0;42;0;
24179;4706146;1198731264;34295808;1397067776;0;0;0;0;0;0;0;0;0;0;0;4177;0;0;125;0;42;0;
24180;5845863;1198731264;34295808;1397067776;0;0;0;0;0;0;0;0;0;0;0;4669;0;0;125;0;42;0;
24181;5366955;1198731264;34295808;1397067776;0;0;0;0;0;0;0;0;0;0;0;4669;0;0;125;0;42;0;
24182;5232493;1198731264;34295808;1397067776;0;0;0;0;0;0;0;0;0;0;0;3988;0;0;125;0;42;0;
24183;5828610;1198731264;34295808;1397067776;0;0;0;0;0;0;0;0;0;0;0;4629;0;0;125;0;42;0;
24184;5863276;1198731264;34295808;1397067776;0;0;0;0;0;0;0;0;0;0;0;4688;0;0;125;0;42;0;
24185;5115263;1198731264;34295808;1397067776;0;0;0;0;0;0;0;0;0;0;0;5240;0;0;125;0;42;0;
24186;5872954;1198731264;34295808;1397067776;0;0;0;0;0;0;0;0;0;0;0;3937;0;0;125;0;42;0;
24187;5115594;1198731264;34295808;1397067776;0;0;0;0;0;0;0;0;0;0;0;4488;0;0;125;0;42;0;
24188;5351756;1198731264;34295808;1397067776;0;0;0;0;0;0;0;0;0;0;0;3647;0;0;125;0;42;0;
24189;6311176;1198731264;34295808;1397067776;0;0;0;0;0;0;0;0;0;0;0;4900;0;0;125;0;42;0;
24190;5238314;1198731264;34295808;1397067776;0;0;0;0;0;0;0;0;0;0;0;3958;0;0;125;0;42;0;
24191;5241469;1198731264;34295808;1397067776;0;0;0;0;0;0;0;0;0;0;0;4338;0;0;125;0;42;0;
24192;5771263;1198731264;34295808;1397067776;0;0;0;0;0;0;0;0;0;0;0;3737;0;0;125;0;42;0;
24193;5751386;1198731264;34295808;1397067776;0;0;0;0;0;0;0;0;0;0;0;4638;0;0;125;0;42;0;
24194;5180766;1198731264;34295808;1397067776;0;0;0;0;0;0;0;0;0;0;0;3106;0;0;125;0;42;0;
24195;6137110;1198731264;34295808;1397067776;0;0;0;0;0;0;0;0;0;0;0;4108;0;0;125;0;42;0;
24196;5518540;1198731264;34295808;1397067776;0;0;0;0;0;0;0;0;0;0;0;3517;0;0;125;0;42;0;
24197;5022519;1198731264;34295808;1397067776;0;0;0;0;0;0;0;0;0;0;0;4649;0;0;125;0;42;0;
24198;6213543;1198731264;34295808;1397067776;0;0;0;0;0;0;0;0;0;0;0;3837;0;0;125;0;42;0;
24199;4925337;1198731264;34295808;1397067776;0;0;0;0;0;0;0;0;0;0;0;3627;0;0;125;0;42;0;
24200;5355995;1198731264;34295808;1397067776;0;0;0;0;0;0;0;0;0;0;0;3286;0;0;125;0;42;0;
24201;5030404;1198731264;34295808;1397067776;0;0;0;0;0;0;0;0;0;0;0;3977;0;0;125;0;42;0;
24202;5556801;1198731264;34295808;1397067776;0;0;0;0;0;0;0;0;0;0;0;3436;0;0;125;0;42;0;
24203;5060411;1198731264;34295808;1397067776;0;0;0;0;0;0;0;0;0;0;0;3577;0;0;125;0;42;0;
24204;5460942;1198731264;34295808;1397067776;0;0;0;0;0;0;0;0;0;0;0;3377;0;0;125;0;42;0;
24205;5720879;1198731264;34295808;1397067776;0;0;0;0;0;0;0;0;0;0;0;5039;0;0;125;0;42;0;
24206;5299689;1198731264;34295808;1397067776;0;0;0;0;0;0;0;0;0;0;0;3536;0;0;125;0;42;0;
24207;5455831;1198731264;34295808;1397067776;0;0;0;0;0;0;0;0;0;0;0;3947;0;0;125;0;42;0;
24208;5291563;1198731264;34295808;1397067776;0;0;0;0;0;0;0;0;0;0;0;3436;0;0;125;0;42;0;
24209;5241299;1198731264;34295808;1397067776;0;0;0;0;0;0;0;0;0;0;0;4278;0;0;125;0;42;0;
24210;5685653;1198731264;34295808;1397067776;0;0;0;0;0;0;0;0;0;0;0;3637;0;0;125;0;42;0;
24211;7748531;1198731264;34295808;1397067776;0;0;0;0;0;0;0;0;0;0;0;5220;0;0;125;0;42;0;
24212;6745831;1198731264;34295808;1397067776;0;0;0;0;0;0;0;0;0;0;0;4108;0;0;125;0;42;0;
24213;4938111;1198731264;34295808;1397067776;0;0;0;0;0;0;0;0;0;0;0;4228;0;0;125;0;42;0;
24214;5432208;1198731264;34295808;1397067776;0;0;0;0;0;0;0;0;0;0;0;2856;0;0;125;0;42;0;
24215;4023586;1198731264;34295808;1397067776;0;0;0;0;0;0;0;0;0;0;0;3096;0;0;125;0;42;0;
24216;6050046;1198731264;34295808;1397067776;0;0;0;0;0;0;0;0;0;0;0;3026;0;0;125;0;42;0;
24217;4432442;1198731264;34295808;1397067776;0;0;0;0;0;0;0;0;0;0;0;4489;0;0;125;0;42;0;
24218;4870224;1198731264;34295808;1397067776;0;0;0;0;0;0;0;0;0;0;0;2495;0;0;125;0;42;0;
24219;5469708;1198731264;34295808;1397067776;0;0;0;0;0;0;0;0;0;0;0;4018;0;0;125;0;42;0;
24220;5148214;1198731264;34295808;1397067776;0;0;0;0;0;0;0;0;0;0;0;2745;0;0;125;0;42;0;
24221;4404971;1198731264;34295808;1397067776;0;0;0;0;0;0;0;0;0;0;0;3226;0;0;125;0;42;0;
24222;5070499;1198731264;34295808;1397067776;0;0;0;0;0;0;0;0;0;0;0;2795;0;0;125;0;42;0;
24223;5057946;1198731264;34295808;1397067776;0;0;0;0;0;0;0;0;0;0;0;4558;0;0;125;0;42;0;
24224;5540190;1198731264;34295808;1397067776;0;0;0;0;0;0;0;0;0;0;0;3256;0;0;125;0;42;0;
24225;5593360;1198731264;34295808;1397067776;0;0;0;0;0;0;0;0;0;0;0;4188;0;0;125;0;42;0;
24226;6161405;1198731264;34295808;1397067776;0;0;0;0;0;0;0;0;0;0;0;3126;0;0;125;0;42;0;
24227;5720127;1198731264;34295808;1397067776;0;0;0;0;0;0;0;0;0;0;0;3006;0;0;125;0;42;0;
24228;5832749;1198731264;34295808;1397067776;0;0;0;0;0;0;0;0;0;0;0;2695;0;0;125;0;42;0;
24229;6291389;1198731264;34295808;1397067776;0;0;0;0;0;0;0;0;0;0;0;4308;0;0;125;0;42;0;
24230;5002452;1198731264;34295808;1397067776;0;0;0;0;0;0;0;0;0;0;0;2184;0;0;125;0;42;0;
24231;5376002;1198731264;34295808;1397067776;0;0;0;0;0;0;0;0;0;0;0;2655;0;0;125;0;42;0;
24232;5471340;1198731264;34295808;1397067776;0;0;0;0;0;0;0;0;0;0;0;3357;0;0;125;0;42;0;
24233;4200447;1198731264;34295808;1397067776;0;0;0;0;0;0;0;0;0;0;0;4278;0;0;125;0;42;0;
24234;5241059;1198731264;34295808;1397067776;0;0;0;0;0;0;0;0;0;0;0;2816;0;0;125;0;42;0;
24235;3966649;1198731264;34295808;1397067776;0;0;0;0;0;0;0;0;0;0;0;3848;0;0;125;0;42;0;
24236;5058386;1198731264;34295808;1397067776;0;0;0;0;0;0;0;0;0;0;0;2986;0;0;125;0;42;0;
24237;5499534;1198731264;34295808;1397067776;0;0;0;0;0;0;0;0;0;0;0;4508;0;0;125;0;42;0;
24238;5803684;1198731264;34295808;1397067776;0;0;0;0;0;0;0;0;0;0;0;4468;0;0;125;0;42;0;
24239;5269062;1198731264;34295808;1397067776;0;0;0;0;0;0;0;0;0;0;0;4389;0;0;125;0;42;0;
24240;5596365;1198731264;34295808;1397067776;0;0;0;0;0;0;0;0;0;0;0;3837;0;0;125;0;42;0;
24241;5422359;1198731264;34295808;1397067776;0;0;0;0;0;0;0;0;0;0;0;4979;0;0;125;0;42;0;
24242;5198750;1198731264;34295808;1397067776;0;0;0;0;0;0;0;0;0;0;0;3948;0;0;125;0;42;0;
24243;3889374;1198731264;34295808;1397067776;0;0;0;0;0;0;0;0;0;0;0;3927;0;0;125;0;42;0;
24244;5042086;1198731264;34295808;1397067776;0;0;0;0;0;0;0;0;0;0;0;3356;0;0;125;0;42;0;
24245;4500831;1198731264;34295808;1397067776;0;0;0;0;0;0;0;0;0;0;0;4158;0;0;125;0;42;0;
24246;5072954;1198731264;34295808;1397067776;0;0;0;0;0;0;0;0;0;0;0;3116;0;0;125;0;42;0;
24247;3901897;1198731264;34295808;1397067776;0;0;0;0;0;0;0;0;0;0;0;4167;0;0;125;0;42;0;
24248;5323694;1198731264;34295808;1397067776;0;0;0;0;0;0;0;0;0;0;0;3016;0;0;125;0;42;0;
24249;4342113;1198731264;34295808;1397067776;0;0;0;0;0;0;0;0;0;0;0;3487;0;0;125;0;42;0;
24250;5068526;1198731264;34295808;1397067776;0;0;0;0;0;0;0;0;0;0;0;2896;0;0;125;0;42;0;
24251;4899118;1198731264;34295808;1397067776;0;0;0;0;0;0;0;0;0;0;0;4719;0;0;125;0;42;0;
24252;6053894;1198731264;34295808;1397067776;0;0;0;0;0;0;0;0;0;0;0;4248;0;0;125;0;42;0;
24253;3937936;1198731264;34295808;1397067776;0;0;0;0;0;0;0;0;0;0;0;3146;0;0;125;0;42;0;
24254;5035334;1198731264;34295808;1397067776;0;0;0;0;0;0;0;0;0;0;0;2806;0;0;125;0;42;0;
24255;4463641;1198731264;34295808;1397067776;0;0;0;0;0;0;0;0;0;0;0;4288;0;0;125;0;42;0;
24256;5074527;1198731264;34295808;1397067776;0;0;0;0;0;0;0;0;0;0;0;3156;0;0;125;0;42;0;
24257;4664839;1198731264;34295808;1397067776;0;0;0;0;0;0;0;0;0;0;0;3106;0;0;125;0;42;0;
24258;4984809;1198731264;34295808;1397067776;0;0;0;0;0;0;0;0;0;0;0;2775;0;0;125;0;42;0;
24259;4497144;1198731264;34295808;1397067776;0;0;0;0;0;0;0;0;0;0;0;3667;0;0;125;0;42;0;
24260;4893548;1198731264;34295808;1397067776;0;0;0;0;0;0;0;0;0;0;0;2946;0;0;125;0;42;0;
24261;4411844;1198731264;34295808;1397067776;0;0;0;0;0;0;0;0;0;0;0;4649;0;0;125;0;42;0;
24262;5538987;1198731264;34295808;1397067776;0;0;0;0;0;0;0;0;0;0;0;4198;0;0;125;0;42;0;
24263;5866803;1198731264;34295808;1397067776;0;0;0;0;0;0;0;0;0;0;0;4939;0;0;125;0;42;0;
24264;5274752;1198731264;34295808;1397067776;0;0;0;0;0;0;0;0;0;0;0;4138;0;0;125;0;42;0;
24265;5431787;1198731264;34295808;1397067776;0;0;0;0;0;0;0;0;0;0;0;4919;0;0;125;0;42;0;
24266;6028847;1198731264;34295808;1397067776;0;0;0;0;0;0;0;0;0;0;0;2956;0;0;125;0;42;0;
24267;4566484;1198731264;34295808;1397067776;0;0;0;0;0;0;0;0;0;0;0;3977;0;0;125;0;42;0;
24268;5029032;1198731264;34295808;1397067776;0;0;0;0;0;0;0;0;0;0;0;3366;0;0;125;0;42;0;
24269;3371733;1198731264;34295808;1397067776;0;0;0;0;0;0;0;0;0;0;0;3246;0;0;125;0;42;0;
24270;4577194;1198731264;34295808;1397067776;0;0;0;0;0;0;0;0;0;0;0;2345;0;0;125;0;42;0;
24271;3911095;1198731264;34295808;1397067776;0;0;0;0;0;0;0;0;0;0;0;3527;0;0;125;0;42;0;
24272;5591747;1198731264;34295808;1397067776;0;0;0;0;0;0;0;0;0;0;0;2264;0;0;125;0;42;0;
24273;3331107;1198731264;34295808;1397067776;0;0;0;0;0;0;0;0;0;0;0;3296;0;0;125;0;42;0;
24274;4737245;1198731264;34295808;1397067776;0;0;0;0;0;0;0;0;0;0;0;2444;0;0;125;0;42;0;
24275;3176707;1198731264;34295808;1397067776;0;0;0;0;0;0;0;0;0;0;0;2745;0;0;125;0;42;0;
24276;4863000;1198731264;34295808;1397067776;0;0;0;0;0;0;0;0;0;0;0;2505;0;0;125;0;42;0;
24277;2801244;1198731264;34295808;1397067776;0;0;0;0;0;0;0;0;0;0;0;2865;0;0;125;0;42;0;
24278;4804180;1198731264;34295808;1397067776;0;0;0;0;0;0;0;0;0;0;0;2585;0;0;125;0;42;0;
24279;3055120;1198731264;34295808;1397067776;0;0;0;0;0;0;0;0;0;0;0;2825;0;0;125;0;42;0;
24280;4803559;1198731264;34295808;1397067776;0;0;0;0;0;0;0;0;0;0;0;4779;0;0;125;0;42;0;
24281;2989526;1198731264;34295808;1397067776;0;0;0;0;0;0;0;0;0;0;0;3166;0;0;125;0;42;0;
24282;4563087;1198731264;34295808;1397067776;0;0;0;0;0;0;0;0;0;0;0;2555;0;0;125;0;42;0;
24283;2872978;1198731264;34295808;1397067776;0;0;0;0;0;0;0;0;0;0;0;3156;0;0;125;0;42;0;
24284;4628811;1198731264;34295808;1397067776;0;0;0;0;0;0;0;0;0;0;0;2735;0;0;125;0;42;0;
24285;3265454;1198731264;34295808;1397067776;0;0;0;0;0;0;0;0;0;0;0;3256;0;0;125;0;42;0;
24286;4619834;1198731264;34295808;1397067776;0;0;0;0;0;0;0;0;0;0;0;2715;0;0;125;0;42;0;
24287;2487094;1198731264;34295808;1397067776;0;0;0;0;0;0;0;0;0;0;0;3547;0;0;125;0;42;0;
24288;4761540;1198731264;34295808;1397067776;0;0;0;0;0;0;0;0;0;0;0;2795;0;0;125;0;42;0;
24289;3508210;1198731264;34295808;1397067776;0;0;0;0;0;0;0;0;0;0;0;2735;0;0;125;0;42;0;
24290;4826782;1198731264;34295808;1397067776;0;0;0;0;0;0;0;0;0;0;0;2174;0;0;125;0;42;0;
24291;3185514;1198731264;34295808;1397067776;0;0;0;0;0;0;0;0;0;0;0;2866;0;0;125;0;42;0;
24292;5095837;1198731264;34295808;1397067776;0;0;0;0;0;0;0;0;0;0;0;2845;0;0;125;0;42;0;
24293;4110599;1198731264;34295808;1397067776;0;0;0;0;0;0;0;0;0;0;0;3387;0;0;125;0;42;0;
24294;5139819;1198731264;34295808;1397067776;0;0;0;0;0;0;0;0;0;0;0;2845;0;0;125;0;42;0;
24295;2493777;1198731264;34295808;1397067776;0;0;0;0;0;0;0;0;0;0;0;3226;0;0;125;0;42;0;
24296;4637117;1198731264;34295808;1397067776;0;0;0;0;0;0;0;0;0;0;0;2184;0;0;125;0;42;0;
24297;3806849;1198731264;34295808;1397067776;0;0;0;0;0;0;0;0;0;0;0;3106;0;0;125;0;42;0;
24298;4587183;1198731264;34295808;1397067776;0;0;0;0;0;0;0;0;0;0;0;2475;0;0;125;0;42;0;
24299;2946316;1198731264;34295808;1397067776;0;0;0;0;0;0;0;0;0;0;0;2575;0;0;125;0;42;0;
24300;4720373;1198731264;34295808;1397067776;0;0;0;0;0;0;0;0;0;0;0;2465;0;0;125;0;42;0;
24301;2821461;1198731264;34295808;1397067776;0;0;0;0;0;0;0;0;0;0;0;2655;0;0;125;0;42;0;
24302;4473840;1198731264;34295808;1397067776;0;0;0;0;0;0;0;0;0;0;0;2454;0;0;125;0;42;0;
24303;11688751;1198731264;34295808;1397067776;0;0;0;0;0;0;0;0;0;0;0;2775;0;0;125;0;42;0;
24304;4746601;1198731264;34295808;1397067776;0;0;0;0;0;0;0;0;0;0;0;2555;0;0;125;0;42;0;
24305;3134679;1198731264;34295808;1397067776;0;0;0;0;0;0;0;0;0;0;0;3296;0;0;125;0;42;0;
24306;4583575;1198731264;34295808;1397067776;0;0;0;0;0;0;0;0;0;0;0;2835;0;0;125;0;42;0;
24307;2987974;1198731264;34295808;1397067776;0;0;0;0;0;0;0;0;0;0;0;2595;0;0;125;0;42;0;
24308;4699583;1198731264;34295808;1397067776;0;0;0;0;0;0;0;0;0;0;0;2705;0;0;125;0;42;0;
24309;3030413;1198731264;34295808;1397067776;0;0;0;0;0;0;0;0;0;0;0;3016;0;0;125;0;42;0;
24310;4812375;1198731264;34295808;1397067776;0;0;0;0;0;0;0;0;0;0;0;2114;0;0;125;0;42;0;
24311;2741993;1198731264;34295808;1397067776;0;0;0;0;0;0;0;0;0;0;0;3066;0;0;125;0;42;0;
24312;4848603;1198731264;34295808;1397067776;0;0;0;0;0;0;0;0;0;0;0;2344;0;0;125;0;42;0;
24313;2996970;1198731264;34295808;1397067776;0;0;0;0;0;0;0;0;0;0;0;3036;0;0;125;0;42;0;
24314;4764806;1198731264;34295808;1397067776;0;0;0;0;0;0;0;0;0;0;0;2655;0;0;125;0;42;0;
24315;2951475;1198731264;34295808;1397067776;0;0;0;0;0;0;0;0;0;0;0;2605;0;0;125;0;42;0;
24316;4824928;1198731264;34295808;1397067776;0;0;0;0;0;0;0;0;0;0;0;2645;0;0;125;0;42;0;
24317;3893141;1198731264;34295808;1397067776;0;0;0;0;0;0;0;0;0;0;0;3687;0;0;125;0;42;0;
24318;4978667;1198731264;34295808;1397067776;0;0;0;0;0;0;0;0;0;0;0;2865;0;0;125;0;42;0;
24319;4178737;1198731264;34295808;1397067776;0;0;0;0;0;0;0;0;0;0;0;3216;0;0;125;0;42;0;
24320;4989257;1198731264;34295808;1397067776;0;0;0;0;0;0;0;0;0;0;0;3146;0;0;125;0;42;0;
24321;4357882;1198731264;34295808;1397067776;0;0;0;0;0;0;0;0;0;0;0;3126;0;0;125;0;42;0;
24322;4676760;1198731264;34295808;1397067776;0;0;0;0;0;0;0;0;0;0;0;2475;0;0;125;0;42;0;
24323;3817369;1198731264;34295808;1397067776;0;0;0;0;0;0;0;0;0;0;0;2505;0;0;125;0;42;0;
24324;4996350;1198731264;34295808;1397067776;0;0;0;0;0;0;0;0;0;0;0;2916;0;0;125;0;42;0;
24325;2917973;1198731264;34295808;1397067776;0;0;0;0;0;0;0;0;0;0;0;2935;0;0;125;0;42;0;
24326;4682591;1198731264;34295808;1397067776;0;0;0;0;0;0;0;0;0;0;0;2645;0;0;125;0;42;0;
24327;2320572;1198731264;34295808;1397067776;0;0;0;0;0;0;0;0;0;0;0;2925;0;0;125;0;42;0;
24328;4585941;1198731264;34295808;1397067776;0;0;0;0;0;0;0;0;0;0;0;2464;0;0;125;0;42;0;
24329;3370431;1198731264;34295808;1397067776;0;0;0;0;0;0;0;0;0;0;0;2875;0;0;125;0;42;0;
24330;4772941;1198731264;34295808;1397067776;0;0;0;0;0;0;0;0;0;0;0;2114;0;0;125;0;42;0;
24331;2932259;1198731264;34295808;1397067776;0;0;0;0;0;0;0;0;0;0;0;2785;0;0;125;0;42;0;
24332;4541978;1198731264;34295808;1397067776;0;0;0;0;0;0;0;0;0;0;0;2264;0;0;125;0;42;0;
24333;3181015;1198731264;34295808;1397067776;0;0;0;0;0;0;0;0;0;0;0;2966;0;0;125;0;42;0;
24334;4783741;1198731264;34295808;1397067776;0;0;0;0;0;0;0;0;0;0;0;2304;0;0;125;0;42;0;
24335;2834987;1198731264;34295808;1397067776;0;0;0;0;0;0;0;0;0;0;0;2875;0;0;125;0;42;0;
24336;4676600;1198731264;34295808;1397067776;0;0;0;0;0;0;0;0;0;0;0;2445;0;0;125;0;42;0;
24337;3404875;1198731264;34295808;1397067776;0;0;0;0;0;0;0;0;0;0;0;2635;0;0;125;0;42;0;
24338;4514186;1198731264;34295808;1397067776;0;0;0;0;0;0;0;0;0;0;0;2425;0;0;125;0;42;0;
24339;3615460;1198731264;34295808;1397067776;0;0;0;0;0;0;0;0;0;0;0;3947;0;0;125;0;42;0;
24340;5431035;1198731264;34295808;1397067776;0;0;0;0;0;0;0;0;0;0;0;3196;0;0;125;0;42;0;
24341;3895666;1198731264;34295808;1397067776;0;0;0;0;0;0;0;0;0;0;0;3557;0;0;125;0;42;0;
24342;5437156;1198731264;34295808;1397067776;0;0;0;0;0;0;0;0;0;0;0;3587;0;0;125;0;42;0;
24343;4230364;1198731264;34295808;1397067776;0;0;0;0;0;0;0;0;0;0;0;3547;0;0;125;0;42;0;
24344;6113134;1198731264;34295808;1397067776;0;0;0;0;0;0;0;0;0;0;0;3306;0;0;125;0;42;0;
24345;4407666;1198731264;34295808;1397067776;0;0;0;0;0;0;0;0;0;0;0;3357;0;0;125;0;42;0;
24346;4879912;1198731264;34295808;1397067776;0;0;0;0;0;0;0;0;0;0;0;3116;0;0;125;0;42;0;
24347;5085217;1198731264;34295808;1397067776;0;0;0;0;0;0;0;0;0;0;0;4548;0;0;125;0;42;0;
24348;5768408;1198731264;34295808;1397067776;0;0;0;0;0;0;0;0;0;0;0;4178;0;0;125;0;42;0;
24349;5194882;1198731264;34295808;1397067776;0;0;0;0;0;0;0;0;0;0;0;4719;0;0;125;0;42;0;
24350;5314006;1198731264;34295808;1397067776;0;0;0;0;0;0;0;0;0;0;0;3676;0;0;125;0;42;0;
24351;5729966;1198731264;34295808;1397067776;0;0;0;0;0;0;0;0;0;0;0;4538;0;0;125;0;42;0;
24352;5482051;1198731264;34295808;1397067776;0;0;0;0;0;0;0;0;0;0;0;4318;0;0;125;0;42;0;
24353;5370251;1198731264;34295808;1397067776;0;0;0;0;0;0;0;0;0;0;0;4469;0;0;125;0;42;0;
24354;5454950;1198731264;34295808;1397067776;0;0;0;0;0;0;0;0;0;0;0;3256;0;0;125;0;42;0;
24355;4858902;1198731264;34295808;1397067776;0;0;0;0;0;0;0;0;0;0;0;3436;0;0;125;0;42;0;
24356;5383977;1198731264;34295808;1397067776;0;0;0;0;0;0;0;0;0;0;0;3246;0;0;125;0;42;0;
24357;3701652;1198731264;34295808;1397067776;0;0;0;0;0;0;0;0;0;0;0;3436;0;0;125;0;42;0;
24358;5154386;1198731264;34295808;1397067776;0;0;0;0;0;0;0;0;0;0;0;2986;0;0;125;0;42;0;
24359;3259303;1198731264;34295808;1397067776;0;0;0;0;0;0;0;0;0;0;0;3055;0;0;125;0;42;0;
24360;4774744;1198731264;34295808;1397067776;0;0;0;0;0;0;0;0;0;0;0;2584;0;0;125;0;42;0;
24361;5501107;1198731264;34295808;1397067776;0;0;0;0;0;0;0;0;0;0;0;4308;0;0;125;0;42;0;
24362;5451614;1198731264;34295808;1397067776;0;0;0;0;0;0;0;0;0;0;0;3317;0;0;125;0;42;0;
24363;3930531;1198731264;34295808;1397067776;0;0;0;0;0;0;0;0;0;0;0;3236;0;0;125;0;42;0;
24364;5423801;1198731264;34295808;1397067776;0;0;0;0;0;0;0;0;0;0;0;2435;0;0;125;0;42;0;
24365;3723293;1198731264;34295808;1397067776;0;0;0;0;0;0;0;0;0;0;0;2785;0;0;125;0;42;0;
24366;4919295;1198731264;34295808;1397067776;0;0;0;0;0;0;0;0;0;0;0;1814;0;0;125;0;42;0;
24367;3078443;1198731264;34295808;1397067776;0;0;0;0;0;0;0;0;0;0;0;3236;0;0;125;0;42;0;
24368;5554397;1198731264;34295808;1397067776;0;0;0;0;0;0;0;0;0;0;0;3577;0;0;125;0;42;0;
24369;4779212;1198731264;34295808;1397067776;0;0;0;0;0;0;0;0;0;0;0;3837;0;0;125;0;42;0;
24370;5356025;1198731264;34295808;1397067776;0;0;0;0;0;0;0;0;0;0;0;2865;0;0;125;0;42;0;
24371;3532474;1198731264;34295808;1397067776;0;0;0;0;0;0;0;0;0;0;0;2895;0;0;125;0;42;0;
24372;4751871;1198731264;34295808;1397067776;0;0;0;0;0;0;0;0;0;0;0;2645;0;0;125;0;42;0;
24373;2958358;1198731264;34295808;1397067776;0;0;0;0;0;0;0;0;0;0;0;3136;0;0;125;0;42;0;
24374;4723638;1198731264;34295808;1397067776;0;0;0;0;0;0;0;0;0;0;0;2645;0;0;125;0;42;0;
24375;4203183;1198731264;34295808;1397067776;0;0;0;0;0;0;0;0;0;0;0;3286;0;0;125;0;42;0;
24376;5769701;1198731264;34295808;1397067776;0;0;0;0;0;0;0;0;0;0;0;2745;0;0;125;0;42;0;
24377;3866351;1198731264;34295808;1397067776;0;0;0;0;0;0;0;0;0;0;0;3467;0;0;125;0;42;0;
24378;4991501;1198731264;34295808;1397067776;0;0;0;0;0;0;0;0;0;0;0;3336;0;0;125;0;42;0;
24379;4312778;1198731264;34295808;1397067776;0;0;0;0;0;0;0;0;0;0;0;3967;0;0;125;0;42;0;
24380;5117558;1198731264;34295808;1397067776;0;0;0;0;0;0;0;0;0;0;0;3897;0;0;125;0;42;0;
24381;5695701;1198731264;34295808;1397067776;0;0;0;0;0;0;0;0;0;0;0;4338;0;0;125;0;42;0;
24382;5533057;1198731264;34295808;1397067776;0;0;0;0;0;0;0;0;0;0;0;4058;0;0;125;0;42;0;
24383;5344643;1198731264;34295808;1397067776;0;0;0;0;0;0;0;0;0;0;0;4298;0;0;125;0;42;0;
24384;5689850;1198731264;34295808;1397067776;0;0;0;0;0;0;0;0;0;0;0;4358;0;0;125;0;42;0;
24385;4539544;1198731264;34295808;1397067776;0;0;0;0;0;0;0;0;0;0;0;4429;0;0;125;0;42;0;
24386;5653993;1198731264;34295808;1397067776;0;0;0;0;0;0;0;0;0;0;0;3426;0;0;125;0;42;0;
24387;5931544;1198731264;34295808;1397067776;0;0;0;0;0;0;0;0;0;0;0;4388;0;0;125;0;42;0;
24388;5663361;1198731264;34295808;1397067776;0;0;0;0;0;0;0;0;0;0;0;3737;0;0;125;0;42;0;
24389;5604370;1198731264;34295808;1397067776;0;0;0;0;0;0;0;0;0;0;0;3586;0;0;125;0;42;0;
24390;5142815;1198731264;34295808;1397067776;0;0;0;0;0;0;0;0;0;0;0;2575;0;0;125;0;42;0;
24391;4380705;1198731264;34295808;1397067776;0;0;0;0;0;0;0;0;0;0;0;4428;0;0;125;0;42;0;
24392;5107398;1198731264;34295808;1397067776;0;0;0;0;0;0;0;0;0;0;0;3937;0;0;125;0;42;0;
24393;5372085;1198731264;34295808;1397067776;0;0;0;0;0;0;0;0;0;0;0;4488;0;0;125;0;42;0;
24394;5250337;1198731264;34295808;1397067776;0;0;0;0;0;0;0;0;0;0;0;3276;0;0;125;0;42;0;
24395;4863491;1198731264;34295808;1397067776;0;0;0;0;0;0;0;0;0;0;0;3547;0;0;125;0;42;0;
24396;5169905;1198731264;34295808;1397067776;0;0;0;0;0;0;0;0;0;0;0;2946;0;0;125;0;42;0;
24397;5460330;1198731264;34295808;1397067776;0;0;0;0;0;0;0;0;0;0;0;4789;0;0;125;0;42;0;
24398;5844491;1198731264;34295808;1397067776;0;0;0;0;0;0;0;0;0;0;0;5000;0;0;125;0;42;0;
24399;5443438;1198731264;34304000;1397075968;0;0;0;0;0;0;0;0;0;0;0;5140;0;0;125;0;42;0;
24400;5376713;1198731264;34304000;1397075968;0;0;0;0;0;0;0;0;0;0;0;3887;0;0;125;0;42;0;
24401;5734224;1198731264;34304000;1397075968;0;0;0;0;0;0;0;0;0;0;0;4849;0;0;125;0;42;0;
24402;6133783;1198731264;34304000;1397075968;0;0;0;0;0;0;0;0;0;0;0;3737;0;0;125;0;42;0;
24403;5758530;1198731264;34304000;1397075968;0;0;0;0;0;0;0;0;0;0;0;4819;0;0;125;0;42;0;
24404;5698307;1198731264;34304000;1397075968;0;0;0;0;0;0;0;0;0;0;0;3917;0;0;125;0;42;0;
24405;5499113;1198731264;34295808;1397067776;0;0;0;0;0;0;0;0;0;0;0;4509;0;0;125;0;42;0;
24406;5481911;1198731264;34295808;1397067776;0;0;0;0;0;0;0;0;0;0;0;3727;0;0;125;0;42;0;
24407;3994942;1198731264;34295808;1397067776;0;0;0;0;0;0;0;0;0;0;0;3717;0;0;125;0;42;0;
24408;5050632;1198731264;34295808;1397067776;0;0;0;0;0;0;0;0;0;0;0;2965;0;0;125;0;42;0;
24409;3865439;1198731264;34295808;1397067776;0;0;0;0;0;0;0;0;0;0;0;3226;0;0;125;0;42;0;
24410;5540501;1198731264;34295808;1397067776;0;0;0;0;0;0;0;0;0;0;0;3236;0;0;125;0;42;0;
24411;4063600;1198731264;34295808;1397067776;0;0;0;0;0;0;0;0;0;0;0;3116;0;0;125;0;42;0;
24412;5306682;1198731264;34295808;1397067776;0;0;0;0;0;0;0;0;0;0;0;2825;0;0;125;0;42;0;
24413;4181673;1198731264;34295808;1397067776;0;0;0;0;0;0;0;0;0;0;0;3737;0;0;125;0;42;0;
24414;5072914;1198731264;34295808;1397067776;0;0;0;0;0;0;0;0;0;0;0;3387;0;0;125;0;42;0;
24415;4371087;1198731264;34295808;1397067776;0;0;0;0;0;0;0;0;0;0;0;4278;0;0;125;0;42;0;
24416;5177009;1198731264;34295808;1397067776;0;0;0;0;0;0;0;0;0;0;0;3517;0;0;125;0;42;0;
24417;4377509;1198731264;34295808;1397067776;0;0;0;0;0;0;0;0;0;0;0;4228;0;0;125;0;42;0;
24418;4942399;1198731264;34295808;1397067776;0;0;0;0;0;0;0;0;0;0;0;3015;0;0;125;0;42;0;
24419;4457670;1198731264;34295808;1397067776;0;0;0;0;0;0;0;0;0;0;0;3347;0;0;125;0;42;0;
24420;5140621;1198731264;34295808;1397067776;0;0;0;0;0;0;0;0;0;0;0;2434;0;0;125;0;42;0;
24421;4523153;1198731264;34295808;1397067776;0;0;0;0;0;0;0;0;0;0;0;3827;0;0;125;0;42;0;
24422;5545409;1198731264;34295808;1397067776;0;0;0;0;0;0;0;0;0;0;0;4128;0;0;125;0;42;0;
24423;5181667;1198731264;34295808;1397067776;0;0;0;0;0;0;0;0;0;0;0;4990;0;0;125;0;42;0;
24424;5645197;1198731264;34295808;1397067776;0;0;0;0;0;0;0;0;0;0;0;4038;0;0;125;0;42;0;
24425;7828742;1198731264;34295808;1397067776;0;0;0;0;0;0;0;0;0;0;0;4378;0;0;125;0;42;0;
24426;5485007;1198731264;34295808;1397067776;0;0;0;0;0;0;0;0;0;0;0;3486;0;0;125;0;42;0;
24427;4243849;1198731264;34295808;1397067776;0;0;0;0;0;0;0;0;0;0;0;4388;0;0;125;0;42;0;
24428;5953876;1198731264;34295808;1397067776;0;0;0;0;0;0;0;0;0;0;0;3887;0;0;125;0;42;0;
24429;5172400;1198731264;34295808;1397067776;0;0;0;0;0;0;0;0;0;0;0;11983;0;0;125;0;42;0;
24430;5327702;1198731264;34295808;1397067776;0;0;0;0;0;0;0;0;0;0;0;3376;0;0;125;0;42;0;
24431;4237577;1198731264;34295808;1397067776;0;0;0;0;0;0;0;0;0;0;0;3817;0;0;125;0;42;0;
24432;5704398;1198731264;34295808;1397067776;0;0;0;0;0;0;0;0;0;0;0;3717;0;0;125;0;42;0;
24433;4484871;1198731264;34295808;1397067776;0;0;0;0;0;0;0;0;0;0;0;4227;0;0;125;0;42;0;
24434;6277904;1198731264;34295808;1397067776;0;0;0;0;0;0;0;0;0;0;0;4769;0;0;125;0;42;0;
24435;4156846;1198731264;34295808;1397067776;0;0;0;0;0;0;0;0;0;0;0;4108;0;0;125;0;42;0;
24436;5932316;1198731264;34295808;1397067776;0;0;0;0;0;0;0;0;0;0;0;3537;0;0;125;0;42;0;
24437;4207331;1198731264;34295808;1397067776;0;0;0;0;0;0;0;0;0;0;0;4028;0;0;125;0;42;0;
24438;5723373;1198731264;34295808;1397067776;0;0;0;0;0;0;0;0;0;0;0;4158;0;0;125;0;42;0;
24439;5436425;1198731264;34295808;1397067776;0;0;0;0;0;0;0;0;0;0;0;4197;0;0;125;0;42;0;
24440;6016683;1198731264;34295808;1397067776;0;0;0;0;0;0;0;0;0;0;0;3978;0;0;125;0;42;0;
24441;4081374;1198731264;34295808;1397067776;0;0;0;0;0;0;0;0;0;0;0;4608;0;0;125;0;42;0;
24442;5013683;1198731264;34295808;1397067776;0;0;0;0;0;0;0;0;0;0;0;3657;0;0;125;0;42;0;
24443;4799361;1198731264;34295808;1397067776;0;0;0;0;0;0;0;0;0;0;0;4278;0;0;125;0;42;0;
24444;5571959;1198731264;34295808;1397067776;0;0;0;0;0;0;0;0;0;0;0;3647;0;0;125;0;42;0;
24445;5632573;1198731264;34295808;1397067776;0;0;0;0;0;0;0;0;0;0;0;7334;0;0;125;0;42;0;
24446;6128473;1198731264;34295808;1397067776;0;0;0;0;0;0;0;0;0;0;0;4919;0;0;125;0;42;0;
24447;4909898;1198731264;34295808;1397067776;0;0;0;0;0;0;0;0;0;0;0;4218;0;0;125;0;42;0;
24448;5246629;1198731264;34295808;1397067776;0;0;0;0;0;0;0;0;0;0;0;3096;0;0;125;0;42;0;
24449;4771689;1198731264;34295808;1397067776;0;0;0;0;0;0;0;0;0;0;0;4178;0;0;125;0;42;0;
24450;5219899;1198731264;34295808;1397067776;0;0;0;0;0;0;0;0;0;0;0;3877;0;0;125;0;42;0;
24451;4492224;1198731264;34295808;1397067776;0;0;0;0;0;0;0;0;0;0;0;4198;0;0;125;0;42;0;
24452;5150309;1198731264;34295808;1397067776;0;0;0;0;0;0;0;0;0;0;0;3176;0;0;125;0;42;0;
24453;3934218;1198731264;34295808;1397067776;0;0;0;0;0;0;0;0;0;0;0;3997;0;0;125;0;42;0;
24454;5061693;1198731264;34295808;1397067776;0;0;0;0;0;0;0;0;0;0;0;3507;0;0;125;0;42;0;
24455;3712843;1198731264;34295808;1397067776;0;0;0;0;0;0;0;0;0;0;0;3747;0;0;125;0;42;0;
24456;4972496;1198731264;34295808;1397067776;0;0;0;0;0;0;0;0;0;0;0;3536;0;0;125;0;42;0;
24457;4293332;1198731264;34295808;1397067776;0;0;0;0;0;0;0;0;0;0;0;3757;0;0;125;0;42;0;
24458;4995369;1198731264;34295808;1397067776;0;0;0;0;0;0;0;0;0;0;0;3016;0;0;125;0;42;0;
24459;4237056;1198731264;34295808;1397067776;0;0;0;0;0;0;0;0;0;0;0;3818;0;0;125;0;42;0;
24460;5516846;1198731264;34295808;1397067776;0;0;0;0;0;0;0;0;0;0;0;3557;0;0;125;0;42;0;
24461;3754531;1198731264;34295808;1397067776;0;0;0;0;0;0;0;0;0;0;0;3436;0;0;125;0;42;0;
24462;5243453;1198731264;34295808;1397067776;0;0;0;0;0;0;0;0;0;0;0;3317;0;0;125;0;42;0;
24463;3942233;1198731264;34295808;1397067776;0;0;0;0;0;0;0;0;0;0;0;3396;0;0;125;0;42;0;
24464;6649621;1198731264;34295808;1397067776;0;0;0;0;0;0;0;0;0;0;0;3456;0;0;125;0;42;0;
24465;3615120;1198731264;34295808;1397067776;0;0;0;0;0;0;0;0;0;0;0;4028;0;0;125;0;42;0;
24466;5655687;1198731264;34295808;1397067776;0;0;0;0;0;0;0;0;0;0;0;3657;0;0;125;0;42;0;
24467;4931288;1198731264;34295808;1397067776;0;0;0;0;0;0;0;0;0;0;0;5600;0;0;125;0;42;0;
24468;6035629;1198731264;34295808;1397067776;0;0;0;0;0;0;0;0;0;0;0;3977;0;0;125;0;42;0;
24469;4526950;1198731264;34295808;1397067776;0;0;0;0;0;0;0;0;0;0;0;4539;0;0;125;0;42;0;
24470;5628265;1198731264;34295808;1397067776;0;0;0;0;0;0;0;0;0;0;0;3937;0;0;125;0;42;0;
24471;4423666;1198731264;34295808;1397067776;0;0;0;0;0;0;0;0;0;0;0;4879;0;0;125;0;42;0;
24472;6219353;1198731264;34295808;1397067776;0;0;0;0;0;0;0;0;0;0;0;3426;0;0;125;0;42;0;
24473;5098632;1198731264;34295808;1397067776;0;0;0;0;0;0;0;0;0;0;0;4779;0;0;125;0;42;0;
24474;5537174;1198731264;34295808;1397067776;0;0;0;0;0;0;0;0;0;0;0;3086;0;0;125;0;42;0;
24475;4542779;1198731264;34295808;1397067776;0;0;0;0;0;0;0;0;0;0;0;3868;0;0;125;0;42;0;
24476;5195824;1198731264;34295808;1397067776;0;0;0;0;0;0;0;0;0;0;0;3707;0;0;125;0;42;0;
24477;4939414;1198731264;34295808;1397067776;0;0;0;0;0;0;0;0;0;0;0;3917;0;0;125;0;42;0;
24478;5353249;1198731264;34295808;1397067776;0;0;0;0;0;0;0;0;0;0;0;3667;0;0;125;0;42;0;
24479;4912232;1198731264;34295808;1397067776;0;0;0;0;0;0;0;0;0;0;0;3837;0;0;125;0;42;0;
24480;5462214;1198731264;34295808;1397067776;0;0;0;0;0;0;0;0;0;0;0;3276;0;0;125;0;42;0;
24481;4065835;1198731264;34295808;1397067776;0;0;0;0;0;0;0;0;0;0;0;2896;0;0;125;0;42;0;
24482;5285613;1198731264;34295808;1397067776;0;0;0;0;0;0;0;0;0;0;0;3687;0;0;125;0;42;0;
24483;3779408;1198731264;34295808;1397067776;0;0;0;0;0;0;0;0;0;0;0;3015;0;0;125;0;42;0;
24484;4944543;1198731264;34295808;1397067776;0;0;0;0;0;0;0;0;0;0;0;3276;0;0;125;0;42;0;
24485;3827147;1198731264;34295808;1397067776;0;0;0;0;0;0;0;0;0;0;0;3587;0;0;125;0;42;0;
24486;5467513;1198731264;34295808;1397067776;0;0;0;0;0;0;0;0;0;0;0;3116;0;0;125;0;42;0;
24487;4212159;1198731264;34295808;1397067776;0;0;0;0;0;0;0;0;0;0;0;3436;0;0;125;0;42;0;
24488;5345094;1198731264;34295808;1397067776;0;0;0;0;0;0;0;0;0;0;0;3286;0;0;125;0;42;0;
24489;3831015;1198731264;34295808;1397067776;0;0;0;0;0;0;0;0;0;0;0;3757;0;0;125;0;42;0;
24490;5666126;1198731264;34295808;1397067776;0;0;0;0;0;0;0;0;0;0;0;3517;0;0;125;0;42;0;
24491;3680212;1198731264;34295808;1397067776;0;0;0;0;0;0;0;0;0;0;0;3356;0;0;125;0;42;0;
24492;5278830;1198731264;34295808;1397067776;0;0;0;0;0;0;0;0;0;0;0;3556;0;0;125;0;42;0;
24493;4386938;1198731264;34295808;1397067776;0;0;0;0;0;0;0;0;0;0;0;3807;0;0;125;0;42;0;
24494;5353720;1198731264;34295808;1397067776;0;0;0;0;0;0;0;0;0;0;0;3006;0;0;125;0;42;0;
24495;5015816;1198731264;34295808;1397067776;0;0;0;0;0;0;0;0;0;0;0;4588;0;0;125;0;42;0;
24496;5275082;1198731264;34295808;1397067776;0;0;0;0;0;0;0;0;0;0;0;3347;0;0;125;0;42;0;
24497;5430304;1198731264;34295808;1397067776;0;0;0;0;0;0;0;0;0;0;0;3918;0;0;125;0;42;0;
24498;5829182;1198731264;34295808;1397067776;0;0;0;0;0;0;0;0;0;0;0;3808;0;0;125;0;42;0;
24499;4331072;1198731264;34295808;1397067776;0;0;0;0;0;0;0;0;0;0;0;3828;0;0;125;0;42;0;
24500;5039732;1198731264;34295808;1397067776;0;0;0;0;0;0;0;0;0;0;0;3487;0;0;125;0;42;0;
24501;3986215;1198731264;34295808;1397067776;0;0;0;0;0;0;0;0;0;0;0;3837;0;0;125;0;42;0;
24502;5154838;1198731264;34295808;1397067776;0;0;0;0;0;0;0;0;0;0;0;3406;0;0;125;0;42;0;
24503;4241133;1198731264;34295808;1397067776;0;0;0;0;0;0;0;0;0;0;0;3316;0;0;125;0;42;0;
24504;5476942;1198731264;34295808;1397067776;0;0;0;0;0;0;0;0;0;0;0;2845;0;0;125;0;42;0;
24505;3778887;1198731264;34295808;1397067776;0;0;0;0;0;0;0;0;0;0;0;3326;0;0;125;0;42;0;
24506;5227414;1198731264;34295808;1397067776;0;0;0;0;0;0;0;0;0;0;0;2915;0;0;125;0;42;0;
24507;4001614;1198731264;34295808;1397067776;0;0;0;0;0;0;0;0;0;0;0;3497;0;0;125;0;42;0;
24508;11341449;1198731264;34295808;1397067776;0;0;0;0;0;0;0;0;0;0;0;2996;0;0;125;0;42;0;
24509;3863275;1198731264;34295808;1397067776;0;0;0;0;0;0;0;0;0;0;0;3377;0;0;125;0;42;0;
24510;5453798;1198731264;34295808;1397067776;0;0;0;0;0;0;0;0;0;0;0;2876;0;0;125;0;42;0;
24511;3968663;1198731264;34295808;1397067776;0;0;0;0;0;0;0;0;0;0;0;3537;0;0;125;0;42;0;
24512;5275914;1198731264;34295808;1397067776;0;0;0;0;0;0;0;0;0;0;0;2996;0;0;125;0;42;0;
24513;3983591;1198731264;34295808;1397067776;0;0;0;0;0;0;0;0;0;0;0;3156;0;0;125;0;42;0;
24514;5020365;1198731264;34295808;1397067776;0;0;0;0;0;0;0;0;0;0;0;3126;0;0;125;0;42;0;
24515;3540420;1198731264;34295808;1397067776;0;0;0;0;0;0;0;0;0;0;0;3517;0;0;125;0;42;0;
24516;5123458;1198731264;34295808;1397067776;0;0;0;0;0;0;0;0;0;0;0;3346;0;0;125;0;42;0;
24517;4003448;1198731264;34295808;1397067776;0;0;0;0;0;0;0;0;0;0;0;3387;0;0;125;0;42;0;
24518;5306572;1198731264;34295808;1397067776;0;0;0;0;0;0;0;0;0;0;0;3657;0;0;125;0;42;0;
24519;4978567;1198731264;34295808;1397067776;0;0;0;0;0;0;0;0;0;0;0;4338;0;0;125;0;42;0;
24520;5477663;1198731264;34295808;1397067776;0;0;0;0;0;0;0;0;0;0;0;3918;0;0;125;0;42;0;
24521;4586742;1198731264;34295808;1397067776;0;0;0;0;0;0;0;0;0;0;0;4819;0;0;125;0;42;0;
24522;5484155;1198731264;34295808;1397067776;0;0;0;0;0;0;0;0;0;0;0;3176;0;0;125;0;42;0;
24523;5205432;1198731264;34295808;1397067776;0;0;0;0;0;0;0;0;0;0;0;4268;0;0;125;0;42;0;
24524;5940591;1198731264;34295808;1397067776;0;0;0;0;0;0;0;0;0;0;0;3587;0;0;125;0;42;0;
24525;5452546;1198731264;34295808;1397067776;0;0;0;0;0;0;0;0;0;0;0;4329;0;0;125;0;42;0;
24526;5412300;1198731264;34295808;1397067776;0;0;0;0;0;0;0;0;0;0;0;4188;0;0;125;0;42;0;
24527;4561485;1198731264;34295808;1397067776;0;0;0;0;0;0;0;0;0;0;0;4458;0;0;125;0;42;0;
24528;5303275;1198731264;34295808;1397067776;0;0;0;0;0;0;0;0;0;0;0;3466;0;0;125;0;42;0;
24529;5558475;1198731264;34295808;1397067776;0;0;0;0;0;0;0;0;0;0;0;3276;0;0;125;0;42;0;
24530;5748140;1198731264;34295808;1397067776;0;0;0;0;0;0;0;0;0;0;0;3697;0;0;125;0;42;0;
24531;4824718;1198731264;34295808;1397067776;0;0;0;0;0;0;0;0;0;0;0;4809;0;0;125;0;42;0;
24532;5736999;1198731264;34295808;1397067776;0;0;0;0;0;0;0;0;0;0;0;3837;0;0;125;0;42;0;
24533;5529570;1198731264;34295808;1397067776;0;0;0;0;0;0;0;0;0;0;0;3276;0;0;125;0;42;0;
24534;5406018;1198731264;34295808;1397067776;0;0;0;0;0;0;0;0;0;0;0;3236;0;0;125;0;42;0;
24535;4277592;1198731264;34295808;1397067776;0;0;0;0;0;0;0;0;0;0;0;3066;0;0;125;0;42;0;
24536;5382074;1198731264;34295808;1397067776;0;0;0;0;0;0;0;0;0;0;0;3056;0;0;125;0;42;0;
24537;3807210;1198731264;34295808;1397067776;0;0;0;0;0;0;0;0;0;0;0;3296;0;0;125;0;42;0;
24538;5325487;1198731264;34295808;1397067776;0;0;0;0;0;0;0;0;0;0;0;2825;0;0;125;0;42;0;
24539;4568528;1198731264;34295808;1397067776;0;0;0;0;0;0;0;0;0;0;0;3577;0;0;125;0;42;0;
24540;5424172;1198731264;34295808;1397067776;0;0;0;0;0;0;0;0;0;0;0;2795;0;0;125;0;42;0;
24541;4048252;1198731264;34295808;1397067776;0;0;0;0;0;0;0;0;0;0;0;4047;0;0;125;0;42;0;
24542;5488062;1198731264;34295808;1397067776;0;0;0;0;0;0;0;0;0;0;0;3266;0;0;125;0;42;0;
24543;4346872;1198731264;34295808;1397067776;0;0;0;0;0;0;0;0;0;0;0;3697;0;0;125;0;42;0;
24544;5513119;1198731264;34295808;1397067776;0;0;0;0;0;0;0;0;0;0;0;3507;0;0;125;0;42;0;
24545;4437081;1198731264;34295808;1397067776;0;0;0;0;0;0;0;0;0;0;0;3517;0;0;125;0;42;0;
24546;5618567;1198731264;34295808;1397067776;0;0;0;0;0;0;0;0;0;0;0;2945;0;0;125;0;42;0;
24547;3898060;1198731264;34295808;1397067776;0;0;0;0;0;0;0;0;0;0;0;3507;0;0;125;0;42;0;
24548;5249084;1198731264;34295808;1397067776;0;0;0;0;0;0;0;0;0;0;0;3005;0;0;125;0;42;0;
24549;3721319;1198731264;34295808;1397067776;0;0;0;0;0;0;0;0;0;0;0;3527;0;0;125;0;42;0;
24550;5626923;1198731264;34295808;1397067776;0;0;0;0;0;0;0;0;0;0;0;3216;0;0;125;0;42;0;
24551;3464417;1198731264;34295808;1397067776;0;0;0;0;0;0;0;0;0;0;0;3306;0;0;125;0;42;0;
24552;5442788;1198731264;34295808;1397067776;0;0;0;0;0;0;0;0;0;0;0;3326;0;0;125;0;42;0;
24553;4799240;1198731264;34295808;1397067776;0;0;0;0;0;0;0;0;0;0;0;3406;0;0;125;0;42;0;
24554;5930492;1198731264;34295808;1397067776;0;0;0;0;0;0;0;0;0;0;0;3366;0;0;125;0;42;0;
24555;5766946;1198731264;34295808;1397067776;0;0;0;0;0;0;0;0;0;0;0;4599;0;0;125;0;42;0;
24556;5630149;1198731264;34295808;1397067776;0;0;0;0;0;0;0;0;0;0;0;3697;0;0;125;0;42;0;
24557;5084425;1198731264;34295808;1397067776;0;0;0;0;0;0;0;0;0;0;0;4178;0;0;125;0;42;0;
24558;5415396;1198731264;34295808;1397067776;0;0;0;0;0;0;0;0;0;0;0;3136;0;0;125;0;42;0;
24559;4219994;1198731264;34295808;1397067776;0;0;0;0;0;0;0;0;0;0;0;3006;0;0;125;0;42;0;
24560;5142004;1198731264;34295808;1397067776;0;0;0;0;0;0;0;0;0;0;0;2815;0;0;125;0;42;0;
24561;3771794;1198731264;34295808;1397067776;0;0;0;0;0;0;0;0;0;0;0;2986;0;0;125;0;42;0;
24562;5487992;1198731264;34295808;1397067776;0;0;0;0;0;0;0;0;0;0;0;3216;0;0;125;0;42;0;
24563;3830363;1198731264;34295808;1397067776;0;0;0;0;0;0;0;0;0;0;0;3226;0;0;125;0;42;0;
24564;5235008;1198731264;34295808;1397067776;0;0;0;0;0;0;0;0;0;0;0;3076;0;0;125;0;42;0;
24565;4251463;1198731264;34295808;1397067776;0;0;0;0;0;0;0;0;0;0;0;3867;0;0;125;0;42;0;
24566;5030624;1198731264;34295808;1397067776;0;0;0;0;0;0;0;0;0;0;0;3536;0;0;125;0;42;0;
24567;4030338;1198731264;34295808;1397067776;0;0;0;0;0;0;0;0;0;0;0;3516;0;0;125;0;42;0;
24568;4894860;1198731264;34295808;1397067776;0;0;0;0;0;0;0;0;0;0;0;3336;0;0;125;0;42;0;
24569;4157387;1198731264;34295808;1397067776;0;0;0;0;0;0;0;0;0;0;0;3707;0;0;125;0;42;0;
24570;5092531;1198731264;34295808;1397067776;0;0;0;0;0;0;0;0;0;0;0;3427;0;0;125;0;42;0;
24571;4667183;1198731264;34295808;1397067776;0;0;0;0;0;0;0;0;0;0;0;3456;0;0;125;0;42;0;
24572;5602436;1198731264;34295808;1397067776;0;0;0;0;0;0;0;0;0;0;0;2846;0;0;125;0;42;0;
24573;4162917;1198731264;34295808;1397067776;0;0;0;0;0;0;0;0;0;0;0;3808;0;0;125;0;42;0;
24574;5547413;1198731264;34295808;1397067776;0;0;0;0;0;0;0;0;0;0;0;2906;0;0;125;0;42;0;
24575;4272222;1198731264;34295808;1397067776;0;0;0;0;0;0;0;0;0;0;0;3206;0;0;125;0;42;0;
24576;5013613;1198731264;34295808;1397067776;0;0;0;0;0;0;0;0;0;0;0;3036;0;0;125;0;42;0;
24577;3786671;1198731264;34295808;1397067776;0;0;0;0;0;0;0;0;0;0;0;4018;0;0;125;0;42;0;
24578;5900606;1198731264;34295808;1397067776;0;0;0;0;0;0;0;0;0;0;0;3035;0;0;125;0;42;0;
24579;3606714;1198731264;34295808;1397067776;0;0;0;0;0;0;0;0;0;0;0;3576;0;0;125;0;42;0;
24580;6005413;1198731264;34295808;1397067776;0;0;0;0;0;0;0;0;0;0;0;3387;0;0;125;0;42;0;
24581;7580136;1198731264;34295808;1397067776;0;0;0;0;0;0;0;0;0;0;0;7334;0;0;125;0;42;0;
24582;6883639;1198731264;34295808;1397067776;0;0;0;0;0;0;0;0;0;0;0;5020;0;0;125;0;42;0;
24583;4820942;1198731264;34295808;1397067776;0;0;0;0;0;0;0;0;0;0;0;4929;0;0;125;0;42;0;
24584;6398389;1198731264;34295808;1397067776;0;0;0;0;0;0;0;0;0;0;0;4138;0;0;125;0;42;0;
24585;4691008;1198731264;34295808;1397067776;0;0;0;0;0;0;0;0;0;0;0;3747;0;0;125;0;42;0;
24586;5445672;1198731264;34295808;1397067776;0;0;0;0;0;0;0;0;0;0;0;3496;0;0;125;0;42;0;
24587;5952914;1198731264;34295808;1397067776;0;0;0;0;0;0;0;0;0;0;0;4498;0;0;125;0;42;0;
24588;6520258;1198731264;34295808;1397067776;0;0;0;0;0;0;0;0;0;0;0;3466;0;0;125;0;42;0;
24589;5059308;1198731264;34295808;1397067776;0;0;0;0;0;0;0;0;0;0;0;4439;0;0;125;0;42;0;
24590;5964966;1198731264;34295808;1397067776;0;0;0;0;0;0;0;0;0;0;0;3717;0;0;125;0;42;0;
24591;4453141;1198731264;34295808;1397067776;0;0;0;0;0;0;0;0;0;0;0;4238;0;0;125;0;42;0;
24592;5888763;1198731264;34295808;1397067776;0;0;0;0;0;0;0;0;0;0;0;3888;0;0;125;0;42;0;
24593;5479957;1198731264;34295808;1397067776;0;0;0;0;0;0;0;0;0;0;0;4939;0;0;125;0;42;0;
24594;5553746;1198731264;34295808;1397067776;0;0;0;0;0;0;0;0;0;0;0;3837;0;0;125;0;42;0;
24595;6140946;1198731264;34295808;1397067776;0;0;0;0;0;0;0;0;0;0;0;4248;0;0;125;0;42;0;
24596;5881811;1198731264;34295808;1397067776;0;0;0;0;0;0;0;0;0;0;0;4298;0;0;125;0;42;0;
24597;5502599;1198731264;34304000;1397075968;0;0;0;0;0;0;0;0;0;0;0;3517;0;0;125;0;42;0;
24598;5972511;1198731264;34304000;1397075968;0;0;0;0;0;0;0;0;0;0;0;11652;0;0;125;0;42;0;
24599;4776397;1198731264;34304000;1397075968;0;0;0;0;0;0;0;0;0;0;0;4188;0;0;125;0;42;0;
24600;5302494;1198731264;34304000;1397075968;0;0;0;0;0;0;0;0;0;0;0;3517;0;0;125;0;42;0;
24601;5961890;1198731264;34304000;1397075968;0;0;0;0;0;0;0;0;0;0;0;4368;0;0;125;0;42;0;
24602;5952543;1198731264;34304000;1397075968;0;0;0;0;0;0;0;0;0;0;0;3316;0;0;125;0;42;0;
24603;5713906;1198731264;34295808;1397067776;0;0;0;0;0;0;0;0;0;0;0;3777;0;0;125;0;42;0;
24604;6346953;1198731264;34295808;1397067776;0;0;0;0;0;0;0;0;0;0;0;3476;0;0;125;0;42;0;
24605;4925557;1198731264;34295808;1397067776;0;0;0;0;0;0;0;0;0;0;0;4498;0;0;125;0;42;0;
24606;6577015;1198731264;34295808;1397067776;0;0;0;0;0;0;0;0;0;0;0;3837;0;0;125;0;42;0;
24607;5226351;1198731264;34295808;1397067776;0;0;0;0;0;0;0;0;0;0;0;4018;0;0;125;0;42;0;
24608;5639886;1198731264;34295808;1397067776;0;0;0;0;0;0;0;0;0;0;0;3216;0;0;125;0;42;0;
24609;5268340;1198731264;34295808;1397067776;0;0;0;0;0;0;0;0;0;0;0;4268;0;0;125;0;42;0;
24610;5298838;1198731264;34295808;1397067776;0;0;0;0;0;0;0;0;0;0;0;3377;0;0;125;0;42;0;
24611;4892215;1198731264;34295808;1397067776;0;0;0;0;0;0;0;0;0;0;0;4047;0;0;125;0;42;0;
24612;5525413;1198731264;34295808;1397067776;0;0;0;0;0;0;0;0;0;0;0;3767;0;0;125;0;42;0;
24613;5262579;1198731264;34295808;1397067776;0;0;0;0;0;0;0;0;0;0;0;4288;0;0;125;0;42;0;
24614;5482231;1198731264;34295808;1397067776;0;0;0;0;0;0;0;0;0;0;0;3617;0;0;125;0;42;0;
24615;5667198;1198731264;34295808;1397067776;0;0;0;0;0;0;0;0;0;0;0;4568;0;0;125;0;42;0;
24616;5945530;1198731264;34295808;1397067776;0;0;0;0;0;0;0;0;0;0;0;3296;0;0;125;0;42;0;
24617;6108626;1198731264;34295808;1397067776;0;0;0;0;0;0;0;0;0;0;0;3767;0;0;125;0;42;0;
24618;5131654;1198731264;34295808;1397067776;0;0;0;0;0;0;0;0;0;0;0;3457;0;0;125;0;42;0;
24619;6294024;1198731264;34295808;1397067776;0;0;0;0;0;0;0;0;0;0;0;4038;0;0;125;0;42;0;
24620;5268902;1198731264;34295808;1397067776;0;0;0;0;0;0;0;0;0;0;0;3687;0;0;125;0;42;0;
24621;5060260;1198731264;34295808;1397067776;0;0;0;0;0;0;0;0;0;0;0;3717;0;0;125;0;42;0;
24622;5795409;1198731264;34295808;1397067776;0;0;0;0;0;0;0;0;0;0;0;3566;0;0;125;0;42;0;
24623;4830599;1198731264;34295808;1397067776;0;0;0;0;0;0;0;0;0;0;0;4148;0;0;125;0;42;0;
24624;5197798;1198731264;34295808;1397067776;0;0;0;0;0;0;0;0;0;0;0;2766;0;0;125;0;42;0;
24625;5045372;1198731264;34295808;1397067776;0;0;0;0;0;0;0;0;0;0;0;4268;0;0;125;0;42;0;
24626;5446604;1198731264;34295808;1397067776;0;0;0;0;0;0;0;0;0;0;0;3937;0;0;125;0;42;0;
24627;5120974;1198731264;34295808;1397067776;0;0;0;0;0;0;0;0;0;0;0;4489;0;0;125;0;42;0;
24628;6257977;1198731264;34295808;1397067776;0;0;0;0;0;0;0;0;0;0;0;3847;0;0;125;0;42;0;
24629;4882126;1198731264;34295808;1397067776;0;0;0;0;0;0;0;0;0;0;0;3566;0;0;125;0;42;0;
24630;5667388;1198731264;34295808;1397067776;0;0;0;0;0;0;0;0;0;0;0;3116;0;0;125;0;42;0;
24631;5692726;1198731264;34295808;1397067776;0;0;0;0;0;0;0;0;0;0;0;3907;0;0;125;0;42;0;
24632;5604711;1198731264;34295808;1397067776;0;0;0;0;0;0;0;0;0;0;0;4178;0;0;125;0;42;0;
24633;4782879;1198731264;34295808;1397067776;0;0;0;0;0;0;0;0;0;0;0;3788;0;0;125;0;42;0;
24634;5948505;1198731264;34295808;1397067776;0;0;0;0;0;0;0;0;0;0;0;4709;0;0;125;0;42;0;
24635;5692265;1198731264;34295808;1397067776;0;0;0;0;0;0;0;0;0;0;0;4588;0;0;125;0;42;0;
24636;5776072;1198731264;34295808;1397067776;0;0;0;0;0;0;0;0;0;0;0;4439;0;0;125;0;42;0;
24637;6019509;1198731264;34295808;1397067776;0;0;0;0;0;0;0;0;0;0;0;5200;0;0;125;0;42;0;
24638;5862073;1198731264;34295808;1397067776;0;0;0;0;0;0;0;0;0;0;0;3938;0;0;125;0;42;0;
24639;5519832;1198731264;34295808;1397067776;0;0;0;0;0;0;0;0;0;0;0;4538;0;0;125;0;42;0;
24640;6226647;1198731264;34295808;1397067776;0;0;0;0;0;0;0;0;0;0;0;3627;0;0;125;0;42;0;
24641;4739378;1198731264;34295808;1397067776;0;0;0;0;0;0;0;0;0;0;0;4348;0;0;125;0;42;0;
24642;5233756;1198731264;34295808;1397067776;0;0;0;0;0;0;0;0;0;0;0;3216;0;0;125;0;42;0;
24643;5805468;1198731264;34295808;1397067776;0;0;0;0;0;0;0;0;0;0;0;3837;0;0;125;0;42;0;
24644;5529611;1198731264;34295808;1397067776;0;0;0;0;0;0;0;0;0;0;0;3156;0;0;125;0;42;0;
24645;5539599;1198731264;34295808;1397067776;0;0;0;0;0;0;0;0;0;0;0;3938;0;0;125;0;42;0;
24646;5224077;1198731264;34295808;1397067776;0;0;0;0;0;0;0;0;0;0;0;3176;0;0;125;0;42;0;
24647;4126959;1198731264;34295808;1397067776;0;0;0;0;0;0;0;0;0;0;0;4248;0;0;125;0;42;0;
24648;5058356;1198731264;34295808;1397067776;0;0;0;0;0;0;0;0;0;0;0;4148;0;0;125;0;42;0;
24649;4556165;1198731264;34295808;1397067776;0;0;0;0;0;0;0;0;0;0;0;3978;0;0;125;0;42;0;
24650;4769304;1198731264;34295808;1397067776;0;0;0;0;0;0;0;0;0;0;0;2394;0;0;125;0;42;0;
24651;4604876;1198731264;34295808;1397067776;0;0;0;0;0;0;0;0;0;0;0;4127;0;0;125;0;42;0;
24652;5470769;1198731264;34295808;1397067776;0;0;0;0;0;0;0;0;0;0;0;3196;0;0;125;0;42;0;
24653;4641995;1198731264;34295808;1397067776;0;0;0;0;0;0;0;0;0;0;0;4007;0;0;125;0;42;0;
24654;5287346;1198731264;34295808;1397067776;0;0;0;0;0;0;0;0;0;0;0;3026;0;0;125;0;42;0;
24655;3780179;1198731264;34295808;1397067776;0;0;0;0;0;0;0;0;0;0;0;3967;0;0;125;0;42;0;
24656;5333111;1198731264;34295808;1397067776;0;0;0;0;0;0;0;0;0;0;0;3517;0;0;125;0;42;0;
24657;3919460;1198731264;34295808;1397067776;0;0;0;0;0;0;0;0;0;0;0;3717;0;0;125;0;42;0;
24658;5296713;1198731264;34295808;1397067776;0;0;0;0;0;0;0;0;0;0;0;3657;0;0;125;0;42;0;
24659;4150384;1198731264;34295808;1397067776;0;0;0;0;0;0;0;0;0;0;0;3797;0;0;125;0;42;0;
24660;5408523;1198731264;34295808;1397067776;0;0;0;0;0;0;0;0;0;0;0;3396;0;0;125;0;42;0;
24661;3916064;1198731264;34295808;1397067776;0;0;0;0;0;0;0;0;0;0;0;3918;0;0;125;0;42;0;
24662;5011990;1198731264;34295808;1397067776;0;0;0;0;0;0;0;0;0;0;0;3126;0;0;125;0;42;0;
24663;4384833;1198731264;34295808;1397067776;0;0;0;0;0;0;0;0;0;0;0;3727;0;0;125;0;42;0;
24664;5124700;1198731264;34295808;1397067776;0;0;0;0;0;0;0;0;0;0;0;3196;0;0;125;0;42;0;
24665;3794596;1198731264;34295808;1397067776;0;0;0;0;0;0;0;0;0;0;0;3657;0;0;125;0;42;0;
24666;5570427;1198731264;34295808;1397067776;0;0;0;0;0;0;0;0;0;0;0;3507;0;0;125;0;42;0;
24667;4725532;1198731264;34295808;1397067776;0;0;0;0;0;0;0;0;0;0;0;4769;0;0;125;0;42;0;
24668;5675193;1198731264;34295808;1397067776;0;0;0;0;0;0;0;0;0;0;0;4007;0;0;125;0;42;0;
24669;4903997;1198731264;34295808;1397067776;0;0;0;0;0;0;0;0;0;0;0;4479;0;0;125;0;42;0;
24670;5574204;1198731264;34295808;1397067776;0;0;0;0;0;0;0;0;0;0;0;11572;0;0;125;0;42;0;
24671;4565172;1198731264;34295808;1397067776;0;0;0;0;0;0;0;0;0;0;0;4057;0;0;125;0;42;0;
24672;5916435;1198731264;34295808;1397067776;0;0;0;0;0;0;0;0;0;0;0;4488;0;0;125;0;42;0;
24673;3902710;1198731264;34295808;1397067776;0;0;0;0;0;0;0;0;0;0;0;3647;0;0;125;0;42;0;
24674;5285973;1198731264;34295808;1397067776;0;0;0;0;0;0;0;0;0;0;0;3597;0;0;125;0;42;0;
24675;3823862;1198731264;34295808;1397067776;0;0;0;0;0;0;0;0;0;0;0;3366;0;0;125;0;42;0;
24676;5219790;1198731264;34295808;1397067776;0;0;0;0;0;0;0;0;0;0;0;3085;0;0;125;0;42;0;
24677;3874436;1198731264;34295808;1397067776;0;0;0;0;0;0;0;0;0;0;0;3997;0;0;125;0;42;0;
24678;5054349;1198731264;34295808;1397067776;0;0;0;0;0;0;0;0;0;0;0;2916;0;0;125;0;42;0;
24679;3656708;1198731264;34295808;1397067776;0;0;0;0;0;0;0;0;0;0;0;3266;0;0;125;0;42;0;
24680;5117427;1198731264;34295808;1397067776;0;0;0;0;0;0;0;0;0;0;0;3075;0;0;125;0;42;0;
24681;4183886;1198731264;34295808;1397067776;0;0;0;0;0;0;0;0;0;0;0;3366;0;0;125;0;42;0;
24682;4992192;1198731264;34295808;1397067776;0;0;0;0;0;0;0;0;0;0;0;3145;0;0;125;0;42;0;
24683;3850841;1198731264;34295808;1397067776;0;0;0;0;0;0;0;0;0;0;0;3367;0;0;125;0;42;0;
24684;4995007;1198731264;34295808;1397067776;0;0;0;0;0;0;0;0;0;0;0;3266;0;0;125;0;42;0;
24685;4347914;1198731264;34295808;1397067776;0;0;0;0;0;0;0;0;0;0;0;3717;0;0;125;0;42;0;
24686;5162521;1198731264;34295808;1397067776;0;0;0;0;0;0;0;0;0;0;0;3316;0;0;125;0;42;0;
24687;3810406;1198731264;34295808;1397067776;0;0;0;0;0;0;0;0;0;0;0;3246;0;0;125;0;42;0;
24688;5238795;1198731264;34295808;1397067776;0;0;0;0;0;0;0;0;0;0;0;3287;0;0;125;0;42;0;
24689;4175140;1198731264;34295808;1397067776;0;0;0;0;0;0;0;0;0;0;0;3867;0;0;125;0;42;0;
24690;4919787;1198731264;34295808;1397067776;0;0;0;0;0;0;0;0;0;0;0;2966;0;0;125;0;42;0;
24691;3907488;1198731264;34295808;1397067776;0;0;0;0;0;0;0;0;0;0;0;3546;0;0;125;0;42;0;
24692;5149798;1198731264;34295808;1397067776;0;0;0;0;0;0;0;0;0;0;0;3326;0;0;125;0;42;0;
24693;4532690;1198731264;34295808;1397067776;0;0;0;0;0;0;0;0;0;0;0;4548;0;0;125;0;42;0;
24694;5441585;1198731264;34295808;1397067776;0;0;0;0;0;0;0;0;0;0;0;4147;0;0;125;0;42;0;
24695;4106852;1198731264;34295808;1397067776;0;0;0;0;0;0;0;0;0;0;0;4148;0;0;125;0;42;0;
24696;5415145;1198731264;34295808;1397067776;0;0;0;0;0;0;0;0;0;0;0;3206;0;0;125;0;42;0;
24697;4846980;1198731264;34295808;1397067776;0;0;0;0;0;0;0;0;0;0;0;3887;0;0;125;0;42;0;
24698;5095376;1198731264;34295808;1397067776;0;0;0;0;0;0;0;0;0;0;0;3376;0;0;125;0;42;0;
24699;4953690;1198731264;34295808;1397067776;0;0;0;0;0;0;0;0;0;0;0;4038;0;0;125;0;42;0;
24700;5374029;1198731264;34295808;1397067776;0;0;0;0;0;0;0;0;0;0;0;2815;0;0;125;0;42;0;
24701;4734088;1198731264;34295808;1397067776;0;0;0;0;0;0;0;0;0;0;0;3988;0;0;125;0;42;0;
24702;11454171;1198731264;34295808;1397067776;0;0;0;0;0;0;0;0;0;0;0;2885;0;0;125;0;42;0;
24703;3959315;1198731264;34295808;1397067776;0;0;0;0;0;0;0;0;0;0;0;2595;0;0;125;0;42;0;
24704;8381429;1198731264;34295808;1397067776;0;0;0;0;0;0;0;0;0;0;0;3176;0;0;125;0;42;0;
24705;4692700;1198731264;34295808;1397067776;0;0;0;0;0;0;0;0;0;0;0;3787;0;0;125;0;42;0;
24706;5185174;1198731264;34295808;1397067776;0;0;0;0;0;0;0;0;0;0;0;3597;0;0;125;0;42;0;
24707;4304804;1198731264;34295808;1397067776;0;0;0;0;0;0;0;0;0;0;0;3647;0;0;125;0;42;0;
24708;5395208;1198731264;34295808;1397067776;0;0;0;0;0;0;0;0;0;0;0;3486;0;0;125;0;42;0;
24709;3544267;1198731264;34295808;1397067776;0;0;0;0;0;0;0;0;0;0;0;3587;0;0;125;0;42;0;
24710;5659744;1198731264;34295808;1397067776;0;0;0;0;0;0;0;0;0;0;0;4017;0;0;125;0;42;0;
24711;3336437;1198731264;34295808;1397067776;0;0;0;0;0;0;0;0;0;0;0;3827;0;0;125;0;42;0;
24712;5265394;1198731264;34295808;1397067776;0;0;0;0;0;0;0;0;0;0;0;4398;0;0;125;0;42;0;
24713;3796730;1198731264;34295808;1397067776;0;0;0;0;0;0;0;0;0;0;0;3868;0;0;125;0;42;0;
24714;5584343;1198731264;34295808;1397067776;0;0;0;0;0;0;0;0;0;0;0;3737;0;0;125;0;42;0;
24715;3210731;1198731264;34295808;1397067776;0;0;0;0;0;0;0;0;0;0;0;3797;0;0;125;0;42;0;
24716;5335666;1198731264;34295808;1397067776;0;0;0;0;0;0;0;0;0;0;0;3196;0;0;125;0;42;0;
24717;3468044;1198731264;34295808;1397067776;0;0;0;0;0;0;0;0;0;0;0;3196;0;0;125;0;42;0;
24718;5128938;1198731264;34295808;1397067776;0;0;0;0;0;0;0;0;0;0;0;3627;0;0;125;0;42;0;
24719;3206022;1198731264;34295808;1397067776;0;0;0;0;0;0;0;0;0;0;0;3537;0;0;125;0;42;0;
24720;5404275;1198731264;34295808;1397067776;0;0;0;0;0;0;0;0;0;0;0;3477;0;0;125;0;42;0;
24721;3592998;1198731264;34295808;1397067776;0;0;0;0;0;0;0;0;0;0;0;2715;0;0;125;0;42;0;
24722;5039150;1198731264;34295808;1397067776;0;0;0;0;0;0;0;0;0;0;0;3477;0;0;125;0;42;0;
24723;3584181;1198731264;34295808;1397067776;0;0;0;0;0;0;0;0;0;0;0;3878;0;0;125;0;42;0;
24724;5226532;1198731264;34295808;1397067776;0;0;0;0;0;0;0;0;0;0;0;2966;0;0;125;0;42;0;
24725;4189627;1198731264;34295808;1397067776;0;0;0;0;0;0;0;0;0;0;0;4157;0;0;125;0;42;0;
24726;5000397;1198731264;34295808;1397067776;0;0;0;0;0;0;0;0;0;0;0;3246;0;0;125;0;42;0;
24727;4526609;1198731264;34295808;1397067776;0;0;0;0;0;0;0;0;0;0;0;4008;0;0;125;0;42;0;
24728;4943832;1198731264;34295808;1397067776;0;0;0;0;0;0;0;0;0;0;0;3065;0;0;125;0;42;0;
24729;3679781;1198731264;34295808;1397067776;0;0;0;0;0;0;0;0;0;0;0;4549;0;0;125;0;42;0;
24730;5007091;1198731264;34295808;1397067776;0;0;0;0;0;0;0;0;0;0;0;2715;0;0;125;0;42;0;
24731;3586115;1198731264;34295808;1397067776;0;0;0;0;0;0;0;0;0;0;0;3737;0;0;125;0;42;0;
24732;5035714;1198731264;34295808;1397067776;0;0;0;0;0;0;0;0;0;0;0;4468;0;0;125;0;42;0;
24733;3895956;1198731264;34295808;1397067776;0;0;0;0;0;0;0;0;0;0;0;3807;0;0;125;0;42;0;
24734;5247962;1198731264;34295808;1397067776;0;0;0;0;0;0;0;0;0;0;0;3697;0;0;125;0;42;0;
24735;3936583;1198731264;34295808;1397067776;0;0;0;0;0;0;0;0;0;0;0;4328;0;0;125;0;42;0;
24736;5168713;1198731264;34295808;1397067776;0;0;0;0;0;0;0;0;0;0;0;3617;0;0;125;0;42;0;
24737;4627889;1198731264;34295808;1397067776;0;0;0;0;0;0;0;0;0;0;0;4699;0;0;125;0;42;0;
24738;5040493;1198731264;34295808;1397067776;0;0;0;0;0;0;0;0;0;0;0;3327;0;0;125;0;42;0;
24739;4616227;1198731264;34295808;1397067776;0;0;0;0;0;0;0;0;0;0;0;3326;0;0;125;0;42;0;
24740;5228014;1198731264;34295808;1397067776;0;0;0;0;0;0;0;0;0;0;0;3687;0;0;125;0;42;0;
24741;3812890;1198731264;34295808;1397067776;0;0;0;0;0;0;0;0;0;0;0;3487;0;0;125;0;42;0;
24742;4909988;1198731264;34295808;1397067776;0;0;0;0;0;0;0;0;0;0;0;2935;0;0;125;0;42;0;
24743;4420861;1198731264;34295808;1397067776;0;0;0;0;0;0;0;0;0;0;0;3897;0;0;125;0;42;0;
24744;4677843;1198731264;34295808;1397067776;0;0;0;0;0;0;0;0;0;0;0;3536;0;0;125;0;42;0;
24745;3464588;1198731264;34295808;1397067776;0;0;0;0;0;0;0;0;0;0;0;4268;0;0;125;0;42;0;
24746;4632167;1198731264;34295808;1397067776;0;0;0;0;0;0;0;0;0;0;0;3206;0;0;125;0;42;0;
24747;3851243;1198731264;34295808;1397067776;0;0;0;0;0;0;0;0;0;0;0;4238;0;0;125;0;42;0;
24748;4981863;1198731264;34295808;1397067776;0;0;0;0;0;0;0;0;0;0;0;3035;0;0;125;0;42;0;
24749;3531243;1198731264;34295808;1397067776;0;0;0;0;0;0;0;0;0;0;0;4218;0;0;125;0;42;0;
24750;5165467;1198731264;34295808;1397067776;0;0;0;0;0;0;0;0;0;0;0;3457;0;0;125;0;42;0;
24751;4746451;1198731264;34295808;1397067776;0;0;0;0;0;0;0;0;0;0;0;3366;0;0;125;0;42;0;
24752;4662844;1198731264;34295808;1397067776;0;0;0;0;0;0;0;0;0;0;0;2304;0;0;125;0;42;0;
24753;4106301;1198731264;34295808;1397067776;0;0;0;0;0;0;0;0;0;0;0;3927;0;0;125;0;42;0;
24754;4727545;1198731264;34295808;1397067776;0;0;0;0;0;0;0;0;0;0;0;3296;0;0;125;0;42;0;
24755;3410496;1198731264;34295808;1397067776;0;0;0;0;0;0;0;0;0;0;0;3948;0;0;125;0;42;0;
24756;5396671;1198731264;34295808;1397067776;0;0;0;0;0;0;0;0;0;0;0;2925;0;0;125;0;42;0;
24757;3418461;1198731264;34295808;1397067776;0;0;0;0;0;0;0;0;0;0;0;4919;0;0;125;0;42;0;
24758;5559846;1198731264;34295808;1397067776;0;0;0;0;0;0;0;0;0;0;0;3948;0;0;125;0;42;0;
24759;3720006;1198731264;34295808;1397067776;0;0;0;0;0;0;0;0;0;0;0;3587;0;0;125;0;42;0;
24760;5346326;1198731264;34295808;1397067776;0;0;0;0;0;0;0;0;0;0;0;4157;0;0;125;0;42;0;
24761;3201444;1198731264;34295808;1397067776;0;0;0;0;0;0;0;0;0;0;0;4318;0;0;125;0;42;0;
24762;5065089;1198731264;34295808;1397067776;0;0;0;0;0;0;0;0;0;0;0;4087;0;0;125;0;42;0;
24763;3704247;1198731264;34295808;1397067776;0;0;0;0;0;0;0;0;0;0;0;3998;0;0;125;0;42;0;
24764;5201104;1198731264;34295808;1397067776;0;0;0;0;0;0;0;0;0;0;0;4138;0;0;125;0;42;0;
24765;3389938;1198731264;34295808;1397067776;0;0;0;0;0;0;0;0;0;0;0;4559;0;0;125;0;42;0;
24766;5476972;1198731264;34295808;1397067776;0;0;0;0;0;0;0;0;0;0;0;4769;0;0;125;0;42;0;
24767;4151326;1198731264;34295808;1397067776;0;0;0;0;0;0;0;0;0;0;0;4138;0;0;125;0;42;0;
24768;5306181;1198731264;34295808;1397067776;0;0;0;0;0;0;0;0;0;0;0;4999;0;0;125;0;42;0;
24769;3936102;1198731264;34295808;1397067776;0;0;0;0;0;0;0;0;0;0;0;4369;0;0;125;0;42;0;
24770;4917532;1198731264;34295808;1397067776;0;0;0;0;0;0;0;0;0;0;0;3055;0;0;125;0;42;0;
24771;3100334;1198731264;34295808;1397067776;0;0;0;0;0;0;0;0;0;0;0;3467;0;0;125;0;42;0;
24772;4807265;1198731264;34295808;1397067776;0;0;0;0;0;0;0;0;0;0;0;2134;0;0;125;0;42;0;
24773;5014093;1198731264;34295808;1397067776;0;0;0;0;0;0;0;0;0;0;0;4839;0;0;125;0;42;0;
24774;5949117;1198731264;34295808;1397067776;0;0;0;0;0;0;0;0;0;0;0;3847;0;0;125;0;42;0;
24775;4958339;1198731264;34295808;1397067776;0;0;0;0;0;0;0;0;0;0;0;3447;0;0;125;0;42;0;
24776;5107979;1198731264;34295808;1397067776;0;0;0;0;0;0;0;0;0;0;0;3417;0;0;125;0;42;0;
24777;4506041;1198731264;34295808;1397067776;0;0;0;0;0;0;0;0;0;0;0;3617;0;0;125;0;42;0;
24778;4828495;1198731264;34295808;1397067776;0;0;0;0;0;0;0;0;0;0;0;3286;0;0;125;0;42;0;
24779;3854388;1198731264;34295808;1397067776;0;0;0;0;0;0;0;0;0;0;0;3938;0;0;125;0;42;0;
24780;5117768;1198731264;34295808;1397067776;0;0;0;0;0;0;0;0;0;0;0;3426;0;0;125;0;42;0;
24781;4665219;1198731264;34295808;1397067776;0;0;0;0;0;0;0;0;0;0;0;3377;0;0;125;0;42;0;
24782;5057675;1198731264;34295808;1397067776;0;0;0;0;0;0;0;0;0;0;0;3116;0;0;125;0;42;0;
24783;4254619;1198731264;34295808;1397067776;0;0;0;0;0;0;0;0;0;0;0;3977;0;0;125;0;42;0;
24784;5429693;1198731264;34295808;1397067776;0;0;0;0;0;0;0;0;0;0;0;2956;0;0;125;0;42;0;
24785;3904272;1198731264;34295808;1397067776;0;0;0;0;0;0;0;0;0;0;0;3526;0;0;125;0;42;0;
24786;5069588;1198731264;34295808;1397067776;0;0;0;0;0;0;0;0;0;0;0;3226;0;0;125;0;42;0;
24787;3949688;1198731264;34295808;1397067776;0;0;0;0;0;0;0;0;0;0;0;3537;0;0;125;0;42;0;
24788;5047436;1198731264;34295808;1397067776;0;0;0;0;0;0;0;0;0;0;0;3246;0;0;125;0;42;0;
24789;3539638;1198731264;34295808;1397067776;0;0;0;0;0;0;0;0;0;0;0;3597;0;0;125;0;42;0;
24790;5960197;1198731264;34295808;1397067776;0;0;0;0;0;0;0;0;0;0;0;3526;0;0;125;0;42;0;
24791;3901346;1198731264;34295808;1397067776;0;0;0;0;0;0;0;0;0;0;0;3627;0;0;125;0;42;0;
24792;5237903;1198731264;34295808;1397067776;0;0;0;0;0;0;0;0;0;0;0;3727;0;0;125;0;42;0;
24793;3490276;1198731264;34295808;1397067776;0;0;0;0;0;0;0;0;0;0;0;3196;0;0;125;0;42;0;
24794;5118269;1198731264;34295808;1397067776;0;0;0;0;0;0;0;0;0;0;0;3095;0;0;125;0;42;0;
24795;4432934;1198731264;34295808;1397067776;0;0;0;0;0;0;0;0;0;0;0;3888;0;0;125;0;42;0;
24796;5060410;1198731264;34295808;1397067776;0;0;0;0;0;0;0;0;0;0;0;3005;0;0;125;0;42;0;
24797;4562697;1198731264;34295808;1397067776;0;0;0;0;0;0;0;0;0;0;0;4168;0;0;125;0;42;0;
24798;6299064;1198731264;34295808;1397067776;0;0;0;0;0;0;0;0;0;0;0;3276;0;0;125;0;42;0;
24799;5006589;1198731264;34295808;1397067776;0;0;0;0;0;0;0;0;0;0;0;4738;0;0;125;0;42;0;
24800;5567502;1198731264;34295808;1397067776;0;0;0;0;0;0;0;0;0;0;0;3517;0;0;125;0;42;0;
24801;2840487;1198731264;34304000;1397075968;0;0;0;0;0;0;0;0;0;0;0;2875;0;0;125;0;42;0;
24802;4827243;1198731264;34304000;1397075968;0;0;0;0;0;0;0;0;0;0;0;2655;0;0;125;0;42;0;
24803;2867127;1198731264;34304000;1397075968;0;0;0;0;0;0;0;0;0;0;0;2845;0;0;125;0;42;0;
24804;4677211;1198731264;34304000;1397075968;0;0;0;0;0;0;0;0;0;0;0;2495;0;0;125;0;42;0;
24805;3412119;1198731264;34304000;1397075968;0;0;0;0;0;0;0;0;0;0;0;2675;0;0;125;0;42;0;
24806;4457609;1198731264;34304000;1397075968;0;0;0;0;0;0;0;0;0;0;0;2795;0;0;125;0;42;0;
24807;3850371;1198731264;34295808;1397067776;0;0;0;0;0;0;0;0;0;0;0;2375;0;0;125;0;42;0;
24808;4725662;1198731264;34295808;1397067776;0;0;0;0;0;0;0;0;0;0;0;2354;0;0;125;0;42;0;
24809;3310789;1198731264;34295808;1397067776;0;0;0;0;0;0;0;0;0;0;0;3096;0;0;125;0;42;0;
24810;4971904;1198731264;34295808;1397067776;0;0;0;0;0;0;0;0;0;0;0;2304;0;0;125;0;42;0;
24811;2743886;1198731264;34295808;1397067776;0;0;0;0;0;0;0;0;0;0;0;2695;0;0;125;0;42;0;
24812;4696698;1198731264;34295808;1397067776;0;0;0;0;0;0;0;0;0;0;0;2815;0;0;125;0;42;0;
24813;3329675;1198731264;34295808;1397067776;0;0;0;0;0;0;0;0;0;0;0;2675;0;0;125;0;42;0;
24814;4908365;1198731264;34295808;1397067776;0;0;0;0;0;0;0;0;0;0;0;2514;0;0;125;0;42;0;
24815;3106125;1198731264;34295808;1397067776;0;0;0;0;0;0;0;0;0;0;0;2795;0;0;125;0;42;0;
24816;5056322;1198731264;34295808;1397067776;0;0;0;0;0;0;0;0;0;0;0;2284;0;0;125;0;42;0;
24817;4496974;1198731264;34295808;1397067776;0;0;0;0;0;0;0;0;0;0;0;3807;0;0;125;0;42;0;
24818;5503110;1198731264;34295808;1397067776;0;0;0;0;0;0;0;0;0;0;0;3256;0;0;125;0;42;0;
24819;4202952;1198731264;34295808;1397067776;0;0;0;0;0;0;0;0;0;0;0;3938;0;0;125;0;42;0;
24820;4925788;1198731264;34295808;1397067776;0;0;0;0;0;0;0;0;0;0;0;3697;0;0;125;0;42;0;
24821;3231951;1198731264;34295808;1397067776;0;0;0;0;0;0;0;0;0;0;0;3196;0;0;125;0;42;0;
24822;4802958;1198731264;34295808;1397067776;0;0;0;0;0;0;0;0;0;0;0;2354;0;0;125;0;42;0;
24823;3283558;1198731264;34295808;1397067776;0;0;0;0;0;0;0;0;0;0;0;4017;0;0;125;0;42;0;
24824;4997883;1198731264;34295808;1397067776;0;0;0;0;0;0;0;0;0;0;0;2564;0;0;125;0;42;0;
24825;2997511;1198731264;34295808;1397067776;0;0;0;0;0;0;0;0;0;0;0;2855;0;0;125;0;42;0;
24826;4673836;1198731264;34295808;1397067776;0;0;0;0;0;0;0;0;0;0;0;2174;0;0;125;0;42;0;
24827;2568848;1198731264;34295808;1397067776;0;0;0;0;0;0;0;0;0;0;0;3216;0;0;125;0;42;0;
24828;4846849;1198731264;34295808;1397067776;0;0;0;0;0;0;0;0;0;0;0;2424;0;0;125;0;42;0;
24829;3268630;1198731264;34295808;1397067776;0;0;0;0;0;0;0;0;0;0;0;2956;0;0;125;0;42;0;
24830;4879180;1198731264;34295808;1397067776;0;0;0;0;0;0;0;0;0;0;0;2344;0;0;125;0;42;0;
24831;3365983;1198731264;34295808;1397067776;0;0;0;0;0;0;0;0;0;0;0;3877;0;0;125;0;42;0;
24832;5268931;1198731264;34295808;1397067776;0;0;0;0;0;0;0;0;0;0;0;4248;0;0;125;0;42;0;
24833;3247971;1198731264;34295808;1397067776;0;0;0;0;0;0;0;0;0;0;0;2996;0;0;125;0;42;0;
24834;4724601;1198731264;34295808;1397067776;0;0;0;0;0;0;0;0;0;0;0;2384;0;0;125;0;42;0;
24835;2943039;1198731264;34295808;1397067776;0;0;0;0;0;0;0;0;0;0;0;2585;0;0;125;0;42;0;
24836;4585620;1198731264;34295808;1397067776;0;0;0;0;0;0;0;0;0;0;0;3266;0;0;125;0;42;0;
24837;2758203;1198731264;34295808;1397067776;0;0;0;0;0;0;0;0;0;0;0;2925;0;0;125;0;42;0;
24838;5468776;1198731264;34295808;1397067776;0;0;0;0;0;0;0;0;0;0;0;2475;0;0;125;0;42;0;
24839;2994937;1198731264;34295808;1397067776;0;0;0;0;0;0;0;0;0;0;0;3206;0;0;125;0;42;0;
24840;4910599;1198731264;34295808;1397067776;0;0;0;0;0;0;0;0;0;0;0;2204;0;0;125;0;42;0;
24841;2615926;1198731264;34295808;1397067776;0;0;0;0;0;0;0;0;0;0;0;2465;0;0;125;0;42;0;
24842;4820661;1198731264;34295808;1397067776;0;0;0;0;0;0;0;0;0;0;0;2404;0;0;125;0;42;0;
24843;3432577;1198731264;34295808;1397067776;0;0;0;0;0;0;0;0;0;0;0;3106;0;0;125;0;42;0;
24844;4690466;1198731264;34295808;1397067776;0;0;0;0;0;0;0;0;0;0;0;2334;0;0;125;0;42;0;
24845;3411067;1198731264;34295808;1397067776;0;0;0;0;0;0;0;0;0;0;0;2715;0;0;125;0;42;0;
24846;5528779;1198731264;34295808;1397067776;0;0;0;0;0;0;0;0;0;0;0;2315;0;0;125;0;42;0;
24847;3346867;1198731264;34295808;1397067776;0;0;0;0;0;0;0;0;0;0;0;2785;0;0;125;0;42;0;
24848;4968477;1198731264;34295808;1397067776;0;0;0;0;0;0;0;0;0;0;0;2625;0;0;125;0;42;0;
24849;4396024;1198731264;34295808;1397067776;0;0;0;0;0;0;0;0;0;0;0;2695;0;0;125;0;42;0;
24850;5159946;1198731264;34295808;1397067776;0;0;0;0;0;0;0;0;0;0;0;2595;0;0;125;0;42;0;
24851;2865084;1198731264;34295808;1397067776;0;0;0;0;0;0;0;0;0;0;0;2976;0;0;125;0;42;0;
24852;4886464;1198731264;34295808;1397067776;0;0;0;0;0;0;0;0;0;0;0;2284;0;0;125;0;42;0;
24853;3541321;1198731264;34295808;1397067776;0;0;0;0;0;0;0;0;0;0;0;3477;0;0;125;0;42;0;
24854;5290041;1198731264;34295808;1397067776;0;0;0;0;0;0;0;0;0;0;0;3005;0;0;125;0;42;0;
24855;3321329;1198731264;34295808;1397067776;0;0;0;0;0;0;0;0;0;0;0;2274;0;0;125;0;42;0;
24856;5518289;1198731264;34295808;1397067776;0;0;0;0;0;0;0;0;0;0;0;2645;0;0;125;0;42;0;
24857;3146441;1198731264;34295808;1397067776;0;0;0;0;0;0;0;0;0;0;0;3136;0;0;125;0;42;0;
24858;5418412;1198731264;34295808;1397067776;0;0;0;0;0;0;0;0;0;0;0;2475;0;0;125;0;42;0;
24859;2334959;1198731264;34295808;1397067776;0;0;0;0;0;0;0;0;0;0;0;3035;0;0;125;0;42;0;
24860;4644390;1198731264;34295808;1397067776;0;0;0;0;0;0;0;0;0;0;0;2935;0;0;125;0;42;0;
24861;2777449;1198731264;34295808;1397067776;0;0;0;0;0;0;0;0;0;0;0;2725;0;0;125;0;42;0;
24862;4698371;1198731264;34295808;1397067776;0;0;0;0;0;0;0;0;0;0;0;2415;0;0;125;0;42;0;
24863;5185675;1198731264;34295808;1397067776;0;0;0;0;0;0;0;0;0;0;0;3676;0;0;125;0;42;0;
24864;5081660;1198731264;34295808;1397067776;0;0;0;0;0;0;0;0;0;0;0;3596;0;0;125;0;42;0;
24865;4229312;1198731264;34295808;1397067776;0;0;0;0;0;0;0;0;0;0;0;3427;0;0;125;0;42;0;
24866;5091719;1198731264;34295808;1397067776;0;0;0;0;0;0;0;0;0;0;0;3316;0;0;125;0;42;0;
24867;3259693;1198731264;34295808;1397067776;0;0;0;0;0;0;0;0;0;0;0;2926;0;0;125;0;42;0;
24868;4777469;1198731264;34295808;1397067776;0;0;0;0;0;0;0;0;0;0;0;2345;0;0;125;0;42;0;
24869;3084935;1198731264;34295808;1397067776;0;0;0;0;0;0;0;0;0;0;0;2856;0;0;125;0;42;0;
24870;5232292;1198731264;34295808;1397067776;0;0;0;0;0;0;0;0;0;0;0;2515;0;0;125;0;42;0;
24871;2499738;1198731264;34295808;1397067776;0;0;0;0;0;0;0;0;0;0;0;2505;0;0;125;0;42;0;
24872;6352373;1198731264;34295808;1397067776;0;0;0;0;0;0;0;0;0;0;0;2695;0;0;125;0;42;0;
24873;4091914;1198731264;34295808;1397067776;0;0;0;0;0;0;0;0;0;0;0;3607;0;0;125;0;42;0;
24874;5349041;1198731264;34295808;1397067776;0;0;0;0;0;0;0;0;0;0;0;3036;0;0;125;0;42;0;
24875;2808266;1198731264;34295808;1397067776;0;0;0;0;0;0;0;0;0;0;0;2815;0;0;125;0;42;0;
24876;4532470;1198731264;34295808;1397067776;0;0;0;0;0;0;0;0;0;0;0;2946;0;0;125;0;42;0;
24877;3165336;1198731264;34295808;1397067776;0;0;0;0;0;0;0;0;0;0;0;3486;0;0;125;0;42;0;
24878;5031426;1198731264;34295808;1397067776;0;0;0;0;0;0;0;0;0;0;0;2404;0;0;125;0;42;0;
24879;2244789;1198731264;34295808;1397067776;0;0;0;0;0;0;0;0;0;0;0;3267;0;0;125;0;42;0;
24880;4760638;1198731264;34295808;1397067776;0;0;0;0;0;0;0;0;0;0;0;2515;0;0;125;0;42;0;
24881;3210160;1198731264;34295808;1397067776;0;0;0;0;0;0;0;0;0;0;0;2745;0;0;125;0;42;0;
24882;4613222;1198731264;34295808;1397067776;0;0;0;0;0;0;0;0;0;0;0;2695;0;0;125;0;42;0;
24883;3095625;1198731264;34295808;1397067776;0;0;0;0;0;0;0;0;0;0;0;2785;0;0;125;0;42;0;
24884;4737324;1198731264;34295808;1397067776;0;0;0;0;0;0;0;0;0;0;0;2224;0;0;125;0;42;0;
24885;3384667;1198731264;34295808;1397067776;0;0;0;0;0;0;0;0;0;0;0;2855;0;0;125;0;42;0;
24886;5167101;1198731264;34295808;1397067776;0;0;0;0;0;0;0;0;0;0;0;2504;0;0;125;0;42;0;
24887;2705504;1198731264;34295808;1397067776;0;0;0;0;0;0;0;0;0;0;0;3346;0;0;125;0;42;0;
24888;4999466;1198731264;34295808;1397067776;0;0;0;0;0;0;0;0;0;0;0;2755;0;0;125;0;42;0;
24889;2358964;1198731264;34295808;1397067776;0;0;0;0;0;0;0;0;0;0;0;3537;0;0;125;0;42;0;
24890;5383516;1198731264;34295808;1397067776;0;0;0;0;0;0;0;0;0;0;0;2374;0;0;125;0;42;0;
24891;2653215;1198731264;34295808;1397067776;0;0;0;0;0;0;0;0;0;0;0;2695;0;0;125;0;42;0;
24892;4942509;1198731264;34295808;1397067776;0;0;0;0;0;0;0;0;0;0;0;2645;0;0;125;0;42;0;
24893;3116544;1198731264;34295808;1397067776;0;0;0;0;0;0;0;0;0;0;0;2685;0;0;125;0;42;0;
24894;5512358;1198731264;34295808;1397067776;0;0;0;0;0;0;0;0;0;0;0;2365;0;0;125;0;42;0;
24895;2817544;1198731264;34295808;1397067776;0;0;0;0;0;0;0;0;0;0;0;2655;0;0;125;0;42;0;
24896;5120002;1198731264;34295808;1397067776;0;0;0;0;0;0;0;0;0;0;0;2414;0;0;125;0;42;0;
24897;4150684;1198731264;34295808;1397067776;0;0;0;0;0;0;0;0;0;0;0;3356;0;0;125;0;42;0;
24898;5249926;1198731264;34295808;1397067776;0;0;0;0;0;0;0;0;0;0;0;3016;0;0;125;0;42;0;
24899;4559802;1198731264;34295808;1397067776;0;0;0;0;0;0;0;0;0;0;0;4188;0;0;125;0;42;0;
24900;5731268;1198731264;34295808;1397067776;0;0;0;0;0;0;0;0;0;0;0;3626;0;0;125;0;42;0;
24901;4160823;1198731264;34295808;1397067776;0;0;0;0;0;0;0;0;0;0;0;4037;0;0;125;0;42;0;
24902;5022189;1198731264;34295808;1397067776;0;0;0;0;0;0;0;0;0;0;0;3407;0;0;125;0;42;0;
24903;4112543;1198731264;34295808;1397067776;0;0;0;0;0;0;0;0;0;0;0;3256;0;0;125;0;42;0;
24904;5215571;1198731264;34295808;1397067776;0;0;0;0;0;0;0;0;0;0;0;2815;0;0;125;0;42;0;
24905;3383014;1198731264;34295808;1397067776;0;0;0;0;0;0;0;0;0;0;0;2966;0;0;125;0;42;0;
24906;4993485;1198731264;34295808;1397067776;0;0;0;0;0;0;0;0;0;0;0;2394;0;0;125;0;42;0;
24907;3698185;1198731264;34295808;1397067776;0;0;0;0;0;0;0;0;0;0;0;3808;0;0;125;0;42;0;
24908;5292735;1198731264;34295808;1397067776;0;0;0;0;0;0;0;0;0;0;0;3356;0;0;125;0;42;0;
24909;4216207;1198731264;34295808;1397067776;0;0;0;0;0;0;0;0;0;0;0;3787;0;0;125;0;42;0;
24910;5388045;1198731264;34295808;1397067776;0;0;0;0;0;0;0;0;0;0;0;3397;0;0;125;0;42;0;
24911;3952302;1198731264;34295808;1397067776;0;0;0;0;0;0;0;0;0;0;0;3607;0;0;125;0;42;0;
24912;5250006;1198731264;34295808;1397067776;0;0;0;0;0;0;0;0;0;0;0;3357;0;0;125;0;42;0;
24913;4265069;1198731264;34295808;1397067776;0;0;0;0;0;0;0;0;0;0;0;2595;0;0;125;0;42;0;
24914;5059178;1198731264;34295808;1397067776;0;0;0;0;0;0;0;0;0;0;0;2234;0;0;125;0;42;0;
24915;3684931;1198731264;34295808;1397067776;0;0;0;0;0;0;0;0;0;0;0;3126;0;0;125;0;42;0;
24916;5115373;1198731264;34295808;1397067776;0;0;0;0;0;0;0;0;0;0;0;2354;0;0;125;0;42;0;
24917;3146672;1198731264;34295808;1397067776;0;0;0;0;0;0;0;0;0;0;0;3357;0;0;125;0;42;0;
24918;5125552;1198731264;34295808;1397067776;0;0;0;0;0;0;0;0;0;0;0;2434;0;0;125;0;42;0;
24919;2891794;1198731264;34295808;1397067776;0;0;0;0;0;0;0;0;0;0;0;2675;0;0;125;0;42;0;
24920;4995629;1198731264;34295808;1397067776;0;0;0;0;0;0;0;0;0;0;0;2295;0;0;125;0;42;0;
24921;2927360;1198731264;34295808;1397067776;0;0;0;0;0;0;0;0;0;0;0;2545;0;0;125;0;42;0;
24922;4676290;1198731264;34295808;1397067776;0;0;0;0;0;0;0;0;0;0;0;2124;0;0;125;0;42;0;
24923;3850291;1198731264;34295808;1397067776;0;0;0;0;0;0;0;0;0;0;0;3667;0;0;125;0;42;0;
24924;6188596;1198731264;34295808;1397067776;0;0;0;0;0;0;0;0;0;0;0;3787;0;0;125;0;42;0;
24925;4530116;1198731264;34295808;1397067776;0;0;0;0;0;0;0;0;0;0;0;4048;0;0;125;0;42;0;
24926;5362928;1198731264;34295808;1397067776;0;0;0;0;0;0;0;0;0;0;0;3186;0;0;125;0;42;0;
24927;5216834;1198731264;34295808;1397067776;0;0;0;0;0;0;0;0;0;0;0;3677;0;0;125;0;42;0;
24928;11543028;1198731264;34295808;1397067776;0;0;0;0;0;0;0;0;0;0;0;3396;0;0;125;0;42;0;
24929;5455110;1198731264;34295808;1397067776;0;0;0;0;0;0;0;0;0;0;0;3376;0;0;125;0;42;0;
24930;5304238;1198731264;34295808;1397067776;0;0;0;0;0;0;0;0;0;0;0;3266;0;0;125;0;42;0;
24931;4282922;1198731264;34295808;1397067776;0;0;0;0;0;0;0;0;0;0;0;3817;0;0;125;0;42;0;
24932;4968568;1198731264;34295808;1397067776;0;0;0;0;0;0;0;0;0;0;0;2896;0;0;125;0;42;0;
24933;4172515;1198731264;34295808;1397067776;0;0;0;0;0;0;0;0;0;0;0;3617;0;0;125;0;42;0;
24934;4980049;1198731264;34295808;1397067776;0;0;0;0;0;0;0;0;0;0;0;2985;0;0;125;0;42;0;
24935;4448593;1198731264;34295808;1397067776;0;0;0;0;0;0;0;0;0;0;0;3797;0;0;125;0;42;0;
24936;5498212;1198731264;34295808;1397067776;0;0;0;0;0;0;0;0;0;0;0;3075;0;0;125;0;42;0;
24937;4696547;1198731264;34295808;1397067776;0;0;0;0;0;0;0;0;0;0;0;3577;0;0;125;0;42;0;
24938;5698888;1198731264;34295808;1397067776;0;0;0;0;0;0;0;0;0;0;0;3567;0;0;125;0;42;0;
24939;5778307;1198731264;34295808;1397067776;0;0;0;0;0;0;0;0;0;0;0;3988;0;0;125;0;42;0;
24940;5022229;1198731264;34295808;1397067776;0;0;0;0;0;0;0;0;0;0;0;3237;0;0;125;0;42;0;
24941;6136589;1198731264;34295808;1397067776;0;0;0;0;0;0;0;0;0;0;0;5249;0;0;125;0;42;0;
24942;5765512;1198731264;34295808;1397067776;0;0;0;0;0;0;0;0;0;0;0;3516;0;0;125;0;42;0;
24943;5316461;1198731264;34295808;1397067776;0;0;0;0;0;0;0;0;0;0;0;4399;0;0;125;0;42;0;
24944;5612375;1198731264;34295808;1397067776;0;0;0;0;0;0;0;0;0;0;0;3957;0;0;125;0;42;0;
24945;4559471;1198731264;34295808;1397067776;0;0;0;0;0;0;0;0;0;0;0;3777;0;0;125;0;42;0;
24946;4935797;1198731264;34295808;1397067776;0;0;0;0;0;0;0;0;0;0;0;3096;0;0;125;0;42;0;
24947;4200918;1198731264;34295808;1397067776;0;0;0;0;0;0;0;0;0;0;0;3527;0;0;125;0;42;0;
24948;4815851;1198731264;34295808;1397067776;0;0;0;0;0;0;0;0;0;0;0;3246;0;0;125;0;42;0;
24949;4688463;1198731264;34295808;1397067776;0;0;0;0;0;0;0;0;0;0;0;4579;0;0;125;0;42;0;
24950;5028250;1198731264;34295808;1397067776;0;0;0;0;0;0;0;0;0;0;0;3477;0;0;125;0;42;0;
24951;4451438;1198731264;34295808;1397067776;0;0;0;0;0;0;0;0;0;0;0;4038;0;0;125;0;42;0;
24952;5058687;1198731264;34295808;1397067776;0;0;0;0;0;0;0;0;0;0;0;3196;0;0;125;0;42;0;
24953;4022223;1198731264;34295808;1397067776;0;0;0;0;0;0;0;0;0;0;0;3987;0;0;125;0;42;0;
24954;5540711;1198731264;34295808;1397067776;0;0;0;0;0;0;0;0;0;0;0;3236;0;0;125;0;42;0;
24955;4599526;1198731264;34295808;1397067776;0;0;0;0;0;0;0;0;0;0;0;3547;0;0;125;0;42;0;
24956;5530211;1198731264;34295808;1397067776;0;0;0;0;0;0;0;0;0;0;0;3407;0;0;125;0;42;0;
24957;4023897;1198731264;34295808;1397067776;0;0;0;0;0;0;0;0;0;0;0;3677;0;0;125;0;42;0;
24958;5230991;1198731264;34295808;1397067776;0;0;0;0;0;0;0;0;0;0;0;2604;0;0;125;0;42;0;
24959;4193875;1198731264;34295808;1397067776;0;0;0;0;0;0;0;0;0;0;0;3236;0;0;125;0;42;0;
24960;4859634;1198731264;34295808;1397067776;0;0;0;0;0;0;0;0;0;0;0;3206;0;0;125;0;42;0;
24961;4596049;1198731264;34295808;1397067776;0;0;0;0;0;0;0;0;0;0;0;3457;0;0;125;0;42;0;
24962;5043037;1198731264;34295808;1397067776;0;0;0;0;0;0;0;0;0;0;0;2725;0;0;125;0;42;0;
24963;4726814;1198731264;34295808;1397067776;0;0;0;0;0;0;0;0;0;0;0;3687;0;0;125;0;42;0;
24964;5178412;1198731264;34295808;1397067776;0;0;0;0;0;0;0;0;0;0;0;3567;0;0;125;0;42;0;
24965;4421893;1198731264;34295808;1397067776;0;0;0;0;0;0;0;0;0;0;0;4949;0;0;125;0;42;0;
24966;5878635;1198731264;34295808;1397067776;0;0;0;0;0;0;0;0;0;0;0;3426;0;0;125;0;42;0;
24967;5046905;1198731264;34295808;1397067776;0;0;0;0;0;0;0;0;0;0;0;5610;0;0;125;0;42;0;
24968;5628516;1198731264;34295808;1397067776;0;0;0;0;0;0;0;0;0;0;0;3947;0;0;125;0;42;0;
24969;5088794;1198731264;34295808;1397067776;0;0;0;0;0;0;0;0;0;0;0;4589;0;0;125;0;42;0;
24970;5413903;1198731264;34295808;1397067776;0;0;0;0;0;0;0;0;0;0;0;2475;0;0;125;0;42;0;
24971;4895251;1198731264;34295808;1397067776;0;0;0;0;0;0;0;0;0;0;0;4468;0;0;125;0;42;0;
24972;5269763;1198731264;34295808;1397067776;0;0;0;0;0;0;0;0;0;0;0;3196;0;0;125;0;42;0;
24973;4202401;1198731264;34295808;1397067776;0;0;0;0;0;0;0;0;0;0;0;4539;0;0;125;0;42;0;
24974;5014263;1198731264;34295808;1397067776;0;0;0;0;0;0;0;0;0;0;0;2464;0;0;125;0;42;0;
24975;4807486;1198731264;34295808;1397067776;0;0;0;0;0;0;0;0;0;0;0;4278;0;0;125;0;42;0;
24976;5336758;1198731264;34295808;1397067776;0;0;0;0;0;0;0;0;0;0;0;2595;0;0;125;0;42;0;
24977;4709482;1198731264;34295808;1397067776;0;0;0;0;0;0;0;0;0;0;0;4238;0;0;125;0;42;0;
24978;5726409;1198731264;34295808;1397067776;0;0;0;0;0;0;0;0;0;0;0;3767;0;0;125;0;42;0;
24979;4789142;1198731264;34295808;1397067776;0;0;0;0;0;0;0;0;0;0;0;4990;0;0;125;0;42;0;
24980;5439802;1198731264;34295808;1397067776;0;0;0;0;0;0;0;0;0;0;0;3467;0;0;125;0;42;0;
24981;5688768;1198731264;34295808;1397067776;0;0;0;0;0;0;0;0;0;0;0;4298;0;0;125;0;42;0;
24982;5354332;1198731264;34295808;1397067776;0;0;0;0;0;0;0;0;0;0;0;3236;0;0;125;0;42;0;
24983;4095781;1198731264;34295808;1397067776;0;0;0;0;0;0;0;0;0;0;0;4869;0;0;125;0;42;0;
24984;5862234;1198731264;34295808;1397067776;0;0;0;0;0;0;0;0;0;0;0;4027;0;0;125;0;42;0;
24985;4560552;1198731264;34295808;1397067776;0;0;0;0;0;0;0;0;0;0;0;4608;0;0;125;0;42;0;
24986;5049760;1198731264;34295808;1397067776;0;0;0;0;0;0;0;0;0;0;0;3266;0;0;125;0;42;0;
24987;4429978;1198731264;34295808;1397067776;0;0;0;0;0;0;0;0;0;0;0;3887;0;0;125;0;42;0;
24988;5273520;1198731264;34295808;1397067776;0;0;0;0;0;0;0;0;0;0;0;3276;0;0;125;0;42;0;
24989;4413006;1198731264;34295808;1397067776;0;0;0;0;0;0;0;0;0;0;0;4047;0;0;125;0;42;0;
24990;5222424;1198731264;34295808;1397067776;0;0;0;0;0;0;0;0;0;0;0;2615;0;0;125;0;42;0;
24991;4357031;1198731264;34295808;1397067776;0;0;0;0;0;0;0;0;0;0;0;4559;0;0;125;0;42;0;
24992;5407061;1198731264;34295808;1397067776;0;0;0;0;0;0;0;0;0;0;0;3968;0;0;125;0;42;0;
24993;4122792;1198731264;34295808;1397067776;0;0;0;0;0;0;0;0;0;0;0;5059;0;0;125;0;42;0;
24994;5874597;1198731264;34295808;1397067776;0;0;0;0;0;0;0;0;0;0;0;4549;0;0;125;0;42;0;
24995;4687120;1198731264;34295808;1397067776;0;0;0;0;0;0;0;0;0;0;0;4859;0;0;125;0;42;0;
24996;5650597;1198731264;34295808;1397067776;0;0;0;0;0;0;0;0;0;0;0;4299;0;0;125;0;42;0;
24997;5404024;1198731264;34295808;1397067776;0;0;0;0;0;0;0;0;0;0;0;4448;0;0;125;0;42;0;
24998;5960098;1198731264;34295808;1397067776;0;0;0;0;0;0;0;0;0;0;0;4408;0;0;125;0;42;0;
24999;5305119;1198731264;34295808;1397067776;0;0;0;0;0;0;0;0;0;0;0;3988;0;0;125;0;42;0;
25000;6440538;1198731264;34295808;1397067776;0;0;0;0;0;0;0;0;0;0;0;2956;0;0;125;0;42;0;
25001;5180455;1198731264;34295808;1397067776;0;0;0;0;0;0;0;0;0;0;0;5340;0;0;125;0;42;0;
25002;5570708;1198731264;34295808;1397067776;0;0;0;0;0;0;0;0;0;0;0;3787;0;0;125;0;42;0;
25003;5308806;1198731264;34295808;1397067776;0;0;0;0;0;0;0;0;0;0;0;4619;0;0;125;0;42;0;
25004;5849621;1198731264;34295808;1397067776;0;0;0;0;0;0;0;0;0;0;0;2785;0;0;125;0;42;0;
25005;3772024;1198731264;34295808;1397067776;0;0;0;0;0;0;0;0;0;0;0;5380;0;0;125;0;42;0;
25006;5454709;1198731264;34295808;1397067776;0;0;0;0;0;0;0;0;0;0;0;4478;0;0;125;0;42;0;
25007;4320613;1198731264;34295808;1397067776;0;0;0;0;0;0;0;0;0;0;0;4949;0;0;125;0;42;0;
25008;5160308;1198731264;34295808;1397067776;0;0;0;0;0;0;0;0;0;0;0;3627;0;0;125;0;42;0;
25009;4419859;1198731264;34295808;1397067776;0;0;0;0;0;0;0;0;0;0;0;4519;0;0;125;0;42;0;
25010;5132215;1198731264;34295808;1397067776;0;0;0;0;0;0;0;0;0;0;0;2995;0;0;125;0;42;0;
25011;4029817;1198731264;34295808;1397067776;0;0;0;0;0;0;0;0;0;0;0;4689;0;0;125;0;42;0;
25012;5105826;1198731264;34295808;1397067776;0;0;0;0;0;0;0;0;0;0;0;3526;0;0;125;0;42;0;
25013;4099639;1198731264;34295808;1397067776;0;0;0;0;0;0;0;0;0;0;0;4268;0;0;125;0;42;0;
25014;5452896;1198731264;34295808;1397067776;0;0;0;0;0;0;0;0;0;0;0;3145;0;0;125;0;42;0;
25015;5405737;1198731264;34295808;1397067776;0;0;0;0;0;0;0;0;0;0;0;4719;0;0;125;0;42;0;
25016;5897490;1198731264;34295808;1397067776;0;0;0;0;0;0;0;0;0;0;0;3837;0;0;125;0;42;0;
25017;5126945;1198731264;34295808;1397067776;0;0;0;0;0;0;0;0;0;0;0;5330;0;0;125;0;42;0;
25018;6361279;1198731264;34295808;1397067776;0;0;0;0;0;0;0;0;0;0;0;10740;0;0;125;0;42;0;
25019;4791686;1198731264;34304000;1397075968;0;0;0;0;0;0;0;0;0;0;0;3467;0;0;125;0;42;0;
25020;5530171;1198731264;34304000;1397075968;0;0;0;0;0;0;0;0;0;0;0;3316;0;0;125;0;42;0;
25021;4517292;1198731264;34304000;1397075968;0;0;0;0;0;0;0;0;0;0;0;4399;0;0;125;0;42;0;
25022;5106006;1198731264;34304000;1397075968;0;0;0;0;0;0;0;0;0;0;0;3286;0;0;125;0;42;0;
25023;3927556;1198731264;34304000;1397075968;0;0;0;0;0;0;0;0;0;0;0;4067;0;0;125;0;42;0;
25024;5576157;1198731264;34304000;1397075968;0;0;0;0;0;0;0;0;0;0;0;2806;0;0;125;0;42;0;
25025;4504678;1198731264;34295808;1397067776;0;0;0;0;0;0;0;0;0;0;0;3577;0;0;125;0;42;0;
25026;5514813;1198731264;34295808;1397067776;0;0;0;0;0;0;0;0;0;0;0;2926;0;0;125;0;42;0;
25027;3937785;1198731264;34295808;1397067776;0;0;0;0;0;0;0;0;0;0;0;4108;0;0;125;0;42;0;
25028;5391642;1198731264;34295808;1397067776;0;0;0;0;0;0;0;0;0;0;0;3126;0;0;125;0;42;0;
25029;4286459;1198731264;34295808;1397067776;0;0;0;0;0;0;0;0;0;0;0;3627;0;0;125;0;42;0;
25030;5382044;1198731264;34295808;1397067776;0;0;0;0;0;0;0;0;0;0;0;2946;0;0;125;0;42;0;
25031;5789197;1198731264;34295808;1397067776;0;0;0;0;0;0;0;0;0;0;0;6312;0;0;125;0;42;0;
25032;5604401;1198731264;34295808;1397067776;0;0;0;0;0;0;0;0;0;0;0;4148;0;0;125;0;42;0;
25033;5270234;1198731264;34295808;1397067776;0;0;0;0;0;0;0;0;0;0;0;5150;0;0;125;0;42;0;
25034;6158921;1198731264;34295808;1397067776;0;0;0;0;0;0;0;0;0;0;0;4579;0;0;125;0;42;0;
25035;4421583;1198731264;34295808;1397067776;0;0;0;0;0;0;0;0;0;0;0;4759;0;0;125;0;42;0;
25036;5370723;1198731264;34295808;1397067776;0;0;0;0;0;0;0;0;0;0;0;3907;0;0;125;0;42;0;
25037;5083273;1198731264;34295808;1397067776;0;0;0;0;0;0;0;0;0;0;0;4549;0;0;125;0;42;0;
25038;5031455;1198731264;34295808;1397067776;0;0;0;0;0;0;0;0;0;0;0;3326;0;0;125;0;42;0;
25039;4124044;1198731264;34295808;1397067776;0;0;0;0;0;0;0;0;0;0;0;4418;0;0;125;0;42;0;
25040;4908065;1198731264;34295808;1397067776;0;0;0;0;0;0;0;0;0;0;0;3607;0;0;125;0;42;0;
25041;5194161;1198731264;34295808;1397067776;0;0;0;0;0;0;0;0;0;0;0;5000;0;0;125;0;42;0;
25042;6168298;1198731264;34295808;1397067776;0;0;0;0;0;0;0;0;0;0;0;4378;0;0;125;0;42;0;
25043;6191011;1198731264;34295808;1397067776;0;0;0;0;0;0;0;0;0;0;0;4278;0;0;125;0;42;0;
25044;5548957;1198731264;34295808;1397067776;0;0;0;0;0;0;0;0;0;0;0;4538;0;0;125;0;42;0;
25045;4497945;1198731264;34295808;1397067776;0;0;0;0;0;0;0;0;0;0;0;4839;0;0;125;0;42;0;
25046;5771825;1198731264;34295808;1397067776;0;0;0;0;0;0;0;0;0;0;0;3717;0;0;125;0;42;0;
25047;4375807;1198731264;34295808;1397067776;0;0;0;0;0;0;0;0;0;0;0;4619;0;0;125;0;42;0;
25048;5131393;1198731264;34295808;1397067776;0;0;0;0;0;0;0;0;0;0;0;3176;0;0;125;0;42;0;
25049;3982448;1198731264;34295808;1397067776;0;0;0;0;0;0;0;0;0;0;0;3938;0;0;125;0;42;0;
25050;5384408;1198731264;34295808;1397067776;0;0;0;0;0;0;0;0;0;0;0;3657;0;0;125;0;42;0;
25051;3771352;1198731264;34295808;1397067776;0;0;0;0;0;0;0;0;0;0;0;3977;0;0;125;0;42;0;
25052;5105966;1198731264;34295808;1397067776;0;0;0;0;0;0;0;0;0;0;0;3336;0;0;125;0;42;0;
25053;4177173;1198731264;34295808;1397067776;0;0;0;0;0;0;0;0;0;0;0;3216;0;0;125;0;42;0;
25054;4951727;1198731264;34295808;1397067776;0;0;0;0;0;0;0;0;0;0;0;2635;0;0;125;0;42;0;
25055;3195372;1198731264;34295808;1397067776;0;0;0;0;0;0;0;0;0;0;0;3076;0;0;125;0;42;0;
25056;4719080;1198731264;34295808;1397067776;0;0;0;0;0;0;0;0;0;0;0;2544;0;0;125;0;42;0;
25057;2983145;1198731264;34295808;1397067776;0;0;0;0;0;0;0;0;0;0;0;3206;0;0;125;0;42;0;
25058;5105976;1198731264;34295808;1397067776;0;0;0;0;0;0;0;0;0;0;0;2425;0;0;125;0;42;0;
25059;3171879;1198731264;34295808;1397067776;0;0;0;0;0;0;0;0;0;0;0;2985;0;0;125;0;42;0;
25060;4951586;1198731264;34295808;1397067776;0;0;0;0;0;0;0;0;0;0;0;2595;0;0;125;0;42;0;
25061;3612676;1198731264;34295808;1397067776;0;0;0;0;0;0;0;0;0;0;0;3546;0;0;125;0;42;0;
25062;5348691;1198731264;34295808;1397067776;0;0;0;0;0;0;0;0;0;0;0;3316;0;0;125;0;42;0;
25063;3037587;1198731264;34295808;1397067776;0;0;0;0;0;0;0;0;0;0;0;2605;0;0;125;0;42;0;
25064;5877001;1198731264;34295808;1397067776;0;0;0;0;0;0;0;0;0;0;0;2514;0;0;125;0;42;0;
25065;2925507;1198731264;34295808;1397067776;0;0;0;0;0;0;0;0;0;0;0;2665;0;0;125;0;42;0;
25066;5056372;1198731264;34295808;1397067776;0;0;0;0;0;0;0;0;0;0;0;2585;0;0;125;0;42;0;
25067;3777635;1198731264;34295808;1397067776;0;0;0;0;0;0;0;0;0;0;0;2534;0;0;125;0;42;0;
25068;5002251;1198731264;34295808;1397067776;0;0;0;0;0;0;0;0;0;0;0;2324;0;0;125;0;42;0;
25069;3015215;1198731264;34295808;1397067776;0;0;0;0;0;0;0;0;0;0;0;3316;0;0;125;0;42;0;
25070;5085798;1198731264;34295808;1397067776;0;0;0;0;0;0;0;0;0;0;0;2575;0;0;125;0;42;0;
25071;3518989;1198731264;34295808;1397067776;0;0;0;0;0;0;0;0;0;0;0;3496;0;0;125;0;42;0;
25072;4540835;1198731264;34295808;1397067776;0;0;0;0;0;0;0;0;0;0;0;2956;0;0;125;0;42;0;
25073;2780334;1198731264;34295808;1397067776;0;0;0;0;0;0;0;0;0;0;0;3276;0;0;125;0;42;0;
25074;4981472;1198731264;34295808;1397067776;0;0;0;0;0;0;0;0;0;0;0;2746;0;0;125;0;42;0;
25075;3984051;1198731264;34295808;1397067776;0;0;0;0;0;0;0;0;0;0;0;4659;0;0;125;0;42;0;
25076;5196696;1198731264;34295808;1397067776;0;0;0;0;0;0;0;0;0;0;0;3276;0;0;125;0;42;0;
25077;4265009;1198731264;34295808;1397067776;0;0;0;0;0;0;0;0;0;0;0;4478;0;0;125;0;42;0;
25078;5029843;1198731264;34295808;1397067776;0;0;0;0;0;0;0;0;0;0;0;2475;0;0;125;0;42;0;
25079;3031625;1198731264;34295808;1397067776;0;0;0;0;0;0;0;0;0;0;0;3918;0;0;125;0;42;0;
25080;4583375;1198731264;34295808;1397067776;0;0;0;0;0;0;0;0;0;0;0;3246;0;0;125;0;42;0;
25081;2978405;1198731264;34295808;1397067776;0;0;0;0;0;0;0;0;0;0;0;3085;0;0;125;0;42;0;
25082;5155769;1198731264;34295808;1397067776;0;0;0;0;0;0;0;0;0;0;0;2485;0;0;125;0;42;0;
25083;2773622;1198731264;34295808;1397067776;0;0;0;0;0;0;0;0;0;0;0;3106;0;0;125;0;42;0;
25084;4730782;1198731264;34295808;1397067776;0;0;0;0;0;0;0;0;0;0;0;2444;0;0;125;0;42;0;
25085;2796274;1198731264;34295808;1397067776;0;0;0;0;0;0;0;0;0;0;0;3566;0;0;125;0;42;0;
25086;5306993;1198731264;34295808;1397067776;0;0;0;0;0;0;0;0;0;0;0;2415;0;0;125;0;42;0;
25087;2713980;1198731264;34295808;1397067776;0;0;0;0;0;0;0;0;0;0;0;3156;0;0;125;0;42;0;
25088;4660460;1198731264;34295808;1397067776;0;0;0;0;0;0;0;0;0;0;0;2535;0;0;125;0;42;0;
25089;2419988;1198731264;34295808;1397067776;0;0;0;0;0;0;0;0;0;0;0;3266;0;0;125;0;42;0;
25090;4863320;1198731264;34295808;1397067776;0;0;0;0;0;0;0;0;0;0;0;2685;0;0;125;0;42;0;
25091;2947668;1198731264;34295808;1397067776;0;0;0;0;0;0;0;0;0;0;0;3667;0;0;125;0;42;0;
25092;4881014;1198731264;34295808;1397067776;0;0;0;0;0;0;0;0;0;0;0;2375;0;0;125;0;42;0;
25093;3056261;1198731264;34295808;1397067776;0;0;0;0;0;0;0;0;0;0;0;3457;0;0;125;0;42;0;
25094;5940441;1198731264;34295808;1397067776;0;0;0;0;0;0;0;0;0;0;0;3858;0;0;125;0;42;0;
25095;3440261;1198731264;34295808;1397067776;0;0;0;0;0;0;0;0;0;0;0;4018;0;0;125;0;42;0;
25096;5004646;1198731264;34295808;1397067776;0;0;0;0;0;0;0;0;0;0;0;3136;0;0;125;0;42;0;
25097;4167035;1198731264;34295808;1397067776;0;0;0;0;0;0;0;0;0;0;0;3557;0;0;125;0;42;0;
25098;5780430;1198731264;34295808;1397067776;0;0;0;0;0;0;0;0;0;0;0;3697;0;0;125;0;42;0;
25099;3972721;1198731264;34295808;1397067776;0;0;0;0;0;0;0;0;0;0;0;4469;0;0;125;0;42;0;
25100;5575596;1198731264;34295808;1397067776;0;0;0;0;0;0;0;0;0;0;0;3817;0;0;125;0;42;0;
25101;4803589;1198731264;34295808;1397067776;0;0;0;0;0;0;0;0;0;0;0;4589;0;0;125;0;42;0;
25102;5821748;1198731264;34295808;1397067776;0;0;0;0;0;0;0;0;0;0;0;4809;0;0;125;0;42;0;
25103;5064397;1198731264;34295808;1397067776;0;0;0;0;0;0;0;0;0;0;0;5180;0;0;125;0;42;0;
25104;5718314;1198731264;34295808;1397067776;0;0;0;0;0;0;0;0;0;0;0;4108;0;0;125;0;42;0;
25105;5175827;1198731264;34295808;1397067776;0;0;0;0;0;0;0;0;0;0;0;4157;0;0;125;0;42;0;
25106;5502990;1198731264;34295808;1397067776;0;0;0;0;0;0;0;0;0;0;0;3928;0;0;125;0;42;0;
25107;5150980;1198731264;34295808;1397067776;0;0;0;0;0;0;0;0;0;0;0;3787;0;0;125;0;42;0;
25108;4914297;1198731264;34295808;1397067776;0;0;0;0;0;0;0;0;0;0;0;3247;0;0;125;0;42;0;
25109;3921925;1198731264;34295808;1397067776;0;0;0;0;0;0;0;0;0;0;0;4218;0;0;125;0;42;0;
25110;4803959;1198731264;34295808;1397067776;0;0;0;0;0;0;0;0;0;0;0;2735;0;0;125;0;42;0;
25111;4317147;1198731264;34295808;1397067776;0;0;0;0;0;0;0;0;0;0;0;3597;0;0;125;0;42;0;
25112;5539649;1198731264;34295808;1397067776;0;0;0;0;0;0;0;0;0;0;0;3196;0;0;125;0;42;0;
25113;4187283;1198731264;34295808;1397067776;0;0;0;0;0;0;0;0;0;0;0;4469;0;0;125;0;42;0;
25114;5399035;1198731264;34295808;1397067776;0;0;0;0;0;0;0;0;0;0;0;3497;0;0;125;0;42;0;
25115;4029877;1198731264;34295808;1397067776;0;0;0;0;0;0;0;0;0;0;0;3997;0;0;125;0;42;0;
25116;5176157;1198731264;34295808;1397067776;0;0;0;0;0;0;0;0;0;0;0;3517;0;0;125;0;42;0;
25117;4772129;1198731264;34295808;1397067776;0;0;0;0;0;0;0;0;0;0;0;3697;0;0;125;0;42;0;
25118;5546822;1198731264;34295808;1397067776;0;0;0;0;0;0;0;0;0;0;0;2915;0;0;125;0;42;0;
25119;4042511;1198731264;34295808;1397067776;0;0;0;0;0;0;0;0;0;0;0;2986;0;0;125;0;42;0;
25120;4932791;1198731264;34295808;1397067776;0;0;0;0;0;0;0;0;0;0;0;2695;0;0;125;0;42;0;
25121;3851323;1198731264;34295808;1397067776;0;0;0;0;0;0;0;0;0;0;0;3326;0;0;125;0;42;0;
25122;5116185;1198731264;34295808;1397067776;0;0;0;0;0;0;0;0;0;0;0;3216;0;0;125;0;42;0;
25123;3378756;1198731264;34295808;1397067776;0;0;0;0;0;0;0;0;0;0;0;2966;0;0;125;0;42;0;
25124;5063576;1198731264;34295808;1397067776;0;0;0;0;0;0;0;0;0;0;0;3266;0;0;125;0;42;0;
25125;3756976;1198731264;34295808;1397067776;0;0;0;0;0;0;0;0;0;0;0;4018;0;0;125;0;42;0;
25126;5180085;1198731264;34295808;1397067776;0;0;0;0;0;0;0;0;0;0;0;2906;0;0;125;0;42;0;
25127;2867087;1198731264;34304000;1397075968;0;0;0;0;0;0;0;0;0;0;0;2535;0;0;125;0;42;0;
25128;4716014;1198731264;34304000;1397075968;0;0;0;0;0;0;0;0;0;0;0;2876;0;0;125;0;42;0;
25129;3854578;1198731264;34304000;1397075968;0;0;0;0;0;0;0;0;0;0;0;3136;0;0;125;0;42;0;
25130;4878349;1198731264;34304000;1397075968;0;0;0;0;0;0;0;0;0;0;0;2665;0;0;125;0;42;0;
25131;2653436;1198731264;34304000;1397075968;0;0;0;0;0;0;0;0;0;0;0;2605;0;0;125;0;42;0;
25132;5035834;1198731264;34304000;1397075968;0;0;0;0;0;0;0;0;0;0;0;2535;0;0;125;0;42;0;
25133;3232001;1198731264;34295808;1397067776;0;0;0;0;0;0;0;0;0;0;0;2855;0;0;125;0;42;0;
25134;7799497;1198731264;34295808;1397067776;0;0;0;0;0;0;0;0;0;0;0;2575;0;0;125;0;42;0;
25135;9456404;1198731264;34295808;1397067776;0;0;0;0;0;0;0;0;0;0;0;2585;0;0;125;0;42;0;
25136;5877172;1198731264;34295808;1397067776;0;0;0;0;0;0;0;0;0;0;0;2545;0;0;125;0;42;0;
25137;4341331;1198731264;34295808;1397067776;0;0;0;0;0;0;0;0;0;0;0;3847;0;0;125;0;42;0;
25138;5239025;1198731264;34295808;1397067776;0;0;0;0;0;0;0;0;0;0;0;3626;0;0;125;0;42;0;
25139;3716850;1198731264;34295808;1397067776;0;0;0;0;0;0;0;0;0;0;0;3026;0;0;125;0;42;0;
25140;5484455;1198731264;34295808;1397067776;0;0;0;0;0;0;0;0;0;0;0;3987;0;0;125;0;42;0;
25141;4731514;1198731264;34295808;1397067776;0;0;0;0;0;0;0;0;0;0;0;3156;0;0;125;0;42;0;
25142;6480413;1198731264;34295808;1397067776;0;0;0;0;0;0;0;0;0;0;0;4118;0;0;125;0;42;0;
25143;4536928;1198731264;34295808;1397067776;0;0;0;0;0;0;0;0;0;0;0;4178;0;0;125;0;42;0;
25144;6267234;1198731264;34295808;1397067776;0;0;0;0;0;0;0;0;0;0;0;2996;0;0;125;0;42;0;
25145;3642150;1198731264;34295808;1397067776;0;0;0;0;0;0;0;0;0;0;0;3887;0;0;125;0;42;0;
25146;5299067;1198731264;34295808;1397067776;0;0;0;0;0;0;0;0;0;0;0;3326;0;0;125;0;42;0;
25147;3453987;1198731264;34295808;1397067776;0;0;0;0;0;0;0;0;0;0;0;3717;0;0;125;0;42;0;
25148;5096928;1198731264;34295808;1397067776;0;0;0;0;0;0;0;0;0;0;0;3898;0;0;125;0;42;0;
25149;5046684;1198731264;34295808;1397067776;0;0;0;0;0;0;0;0;0;0;0;4459;0;0;125;0;42;0;
25150;5941843;1198731264;34295808;1397067776;0;0;0;0;0;0;0;0;0;0;0;3857;0;0;125;0;42;0;
25151;3397231;1198731264;34295808;1397067776;0;0;0;0;0;0;0;0;0;0;0;4157;0;0;125;0;42;0;
25152;5409485;1198731264;34295808;1397067776;0;0;0;0;0;0;0;0;0;0;0;3937;0;0;125;0;42;0;
25153;4095119;1198731264;34295808;1397067776;0;0;0;0;0;0;0;0;0;0;0;3497;0;0;125;0;42;0;
25154;4921600;1198731264;34295808;1397067776;0;0;0;0;0;0;0;0;0;0;0;3797;0;0;125;0;42;0;
25155;3326749;1198731264;34295808;1397067776;0;0;0;0;0;0;0;0;0;0;0;3306;0;0;125;0;42;0;
25156;5722371;1198731264;34295808;1397067776;0;0;0;0;0;0;0;0;0;0;0;3447;0;0;125;0;42;0;
25157;4049644;1198731264;34295808;1397067776;0;0;0;0;0;0;0;0;0;0;0;4699;0;0;125;0;42;0;
25158;5668861;1198731264;34295808;1397067776;0;0;0;0;0;0;0;0;0;0;0;3206;0;0;125;0;42;0;
25159;4837602;1198731264;34295808;1397067776;0;0;0;0;0;0;0;0;0;0;0;3576;0;0;125;0;42;0;
25160;5185976;1198731264;34295808;1397067776;0;0;0;0;0;0;0;0;0;0;0;3386;0;0;125;0;42;0;
25161;3972640;1198731264;34295808;1397067776;0;0;0;0;0;0;0;0;0;0;0;3297;0;0;125;0;42;0;
25162;5671406;1198731264;34295808;1397067776;0;0;0;0;0;0;0;0;0;0;0;3968;0;0;125;0;42;0;
25163;5030664;1198731264;34295808;1397067776;0;0;0;0;0;0;0;0;0;0;0;5120;0;0;125;0;42;0;
25164;5190094;1198731264;34295808;1397067776;0;0;0;0;0;0;0;0;0;0;0;3436;0;0;125;0;42;0;
25165;5698406;1198731264;34295808;1397067776;0;0;0;0;0;0;0;0;0;0;0;4849;0;0;125;0;42;0;
25166;5847697;1198731264;34295808;1397067776;0;0;0;0;0;0;0;0;0;0;0;4038;0;0;125;0;42;0;
25167;4669938;1198731264;34295808;1397067776;0;0;0;0;0;0;0;0;0;0;0;4639;0;0;125;0;42;0;
25168;5969885;1198731264;34295808;1397067776;0;0;0;0;0;0;0;0;0;0;0;4548;0;0;125;0;42;0;
25169;4007466;1198731264;34295808;1397067776;0;0;0;0;0;0;0;0;0;0;0;3527;0;0;125;0;42;0;
25170;4927131;1198731264;34295808;1397067776;0;0;0;0;0;0;0;0;0;0;0;3526;0;0;125;0;42;0;
25171;4002726;1198731264;34295808;1397067776;0;0;0;0;0;0;0;0;0;0;0;4067;0;0;125;0;42;0;
25172;5494374;1198731264;34295808;1397067776;0;0;0;0;0;0;0;0;0;0;0;2835;0;0;125;0;42;0;
25173;4207852;1198731264;34295808;1397067776;0;0;0;0;0;0;0;0;0;0;0;3506;0;0;125;0;42;0;
25174;5073746;1198731264;34295808;1397067776;0;0;0;0;0;0;0;0;0;0;0;3367;0;0;125;0;42;0;
25175;3620159;1198731264;34295808;1397067776;0;0;0;0;0;0;0;0;0;0;0;3566;0;0;125;0;42;0;
25176;5550059;1198731264;34295808;1397067776;0;0;0;0;0;0;0;0;0;0;0;3135;0;0;125;0;42;0;
25177;3698146;1198731264;34295808;1397067776;0;0;0;0;0;0;0;0;0;0;0;4047;0;0;125;0;42;0;
25178;5146401;1198731264;34295808;1397067776;0;0;0;0;0;0;0;0;0;0;0;3507;0;0;125;0;42;0;
25179;3698596;1198731264;34295808;1397067776;0;0;0;0;0;0;0;0;0;0;0;3757;0;0;125;0;42;0;
25180;5062695;1198731264;34295808;1397067776;0;0;0;0;0;0;0;0;0;0;0;3146;0;0;125;0;42;0;
25181;3505344;1198731264;34295808;1397067776;0;0;0;0;0;0;0;0;0;0;0;3657;0;0;125;0;42;0;
25182;4876095;1198731264;34295808;1397067776;0;0;0;0;0;0;0;0;0;0;0;2886;0;0;125;0;42;0;
25183;3647501;1198731264;34295808;1397067776;0;0;0;0;0;0;0;0;0;0;0;3626;0;0;125;0;42;0;
25184;4939022;1198731264;34295808;1397067776;0;0;0;0;0;0;0;0;0;0;0;3246;0;0;125;0;42;0;
25185;3470198;1198731264;34295808;1397067776;0;0;0;0;0;0;0;0;0;0;0;3958;0;0;125;0;42;0;
25186;4855296;1198731264;34295808;1397067776;0;0;0;0;0;0;0;0;0;0;0;2354;0;0;125;0;42;0;
25187;4219343;1198731264;34295808;1397067776;0;0;0;0;0;0;0;0;0;0;0;3427;0;0;125;0;42;0;
25188;6139905;1198731264;34295808;1397067776;0;0;0;0;0;0;0;0;0;0;0;2836;0;0;125;0;42;0;
25189;4091703;1198731264;34295808;1397067776;0;0;0;0;0;0;0;0;0;0;0;2986;0;0;125;0;42;0;
25190;5560347;1198731264;34295808;1397067776;0;0;0;0;0;0;0;0;0;0;0;3136;0;0;125;0;42;0;
25191;5321560;1198731264;34295808;1397067776;0;0;0;0;0;0;0;0;0;0;0;4388;0;0;125;0;42;0;
25192;5307484;1198731264;34295808;1397067776;0;0;0;0;0;0;0;0;0;0;0;3146;0;0;125;0;42;0;
25193;4853973;1198731264;34295808;1397067776;0;0;0;0;0;0;0;0;0;0;0;4398;0;0;125;0;42;0;
25194;5220170;1198731264;34295808;1397067776;0;0;0;0;0;0;0;0;0;0;0;3687;0;0;125;0;42;0;
25195;4921118;1198731264;34295808;1397067776;0;0;0;0;0;0;0;0;0;0;0;4448;0;0;125;0;42;0;
25196;5107578;1198731264;34295808;1397067776;0;0;0;0;0;0;0;0;0;0;0;3096;0;0;125;0;42;0;
25197;5584203;1198731264;34295808;1397067776;0;0;0;0;0;0;0;0;0;0;0;4759;0;0;125;0;42;0;
25198;5648003;1198731264;34295808;1397067776;0;0;0;0;0;0;0;0;0;0;0;3777;0;0;125;0;42;0;
25199;4925918;1198731264;34295808;1397067776;0;0;0;0;0;0;0;0;0;0;0;4418;0;0;125;0;42;0;
25200;5325587;1198731264;34295808;1397067776;0;0;0;0;0;0;0;0;0;0;0;3747;0;0;125;0;42;0;
25201;4983536;1198731264;34295808;1397067776;0;0;0;0;0;0;0;0;0;0;0;12684;0;0;125;0;42;0;
25202;5925834;1198731264;34295808;1397067776;0;0;0;0;0;0;0;0;0;0;0;3527;0;0;125;0;42;0;
25203;5140260;1198731264;34295808;1397067776;0;0;0;0;0;0;0;0;0;0;0;4168;0;0;125;0;42;0;
25204;5196755;1198731264;34295808;1397067776;0;0;0;0;0;0;0;0;0;0;0;3286;0;0;125;0;42;0;
25205;4438975;1198731264;34295808;1397067776;0;0;0;0;0;0;0;0;0;0;0;3938;0;0;125;0;42;0;
25206;5519532;1198731264;34295808;1397067776;0;0;0;0;0;0;0;0;0;0;0;3046;0;0;125;0;42;0;
25207;4744748;1198731264;34295808;1397067776;0;0;0;0;0;0;0;0;0;0;0;4158;0;0;125;0;42;0;
25208;5433310;1198731264;34295808;1397067776;0;0;0;0;0;0;0;0;0;0;0;3647;0;0;125;0;42;0;
25209;4846980;1198731264;34295808;1397067776;0;0;0;0;0;0;0;0;0;0;0;4198;0;0;125;0;42;0;
25210;5500265;1198731264;34295808;1397067776;0;0;0;0;0;0;0;0;0;0;0;3737;0;0;125;0;42;0;
25211;4139754;1198731264;34295808;1397067776;0;0;0;0;0;0;0;0;0;0;0;3867;0;0;125;0;42;0;
25212;5331939;1198731264;34295808;1397067776;0;0;0;0;0;0;0;0;0;0;0;3787;0;0;125;0;42;0;
25213;4949733;1198731264;34295808;1397067776;0;0;0;0;0;0;0;0;0;0;0;4057;0;0;125;0;42;0;
25214;6115128;1198731264;34295808;1397067776;0;0;0;0;0;0;0;0;0;0;0;2976;0;0;125;0;42;0;
25215;4083388;1198731264;34295808;1397067776;0;0;0;0;0;0;0;0;0;0;0;3597;0;0;125;0;42;0;
25216;4959090;1198731264;34295808;1397067776;0;0;0;0;0;0;0;0;0;0;0;2886;0;0;125;0;42;0;
25217;3546150;1198731264;34295808;1397067776;0;0;0;0;0;0;0;0;0;0;0;3527;0;0;125;0;42;0;
25218;5086379;1198731264;34295808;1397067776;0;0;0;0;0;0;0;0;0;0;0;3076;0;0;125;0;42;0;
25219;4038924;1198731264;34295808;1397067776;0;0;0;0;0;0;0;0;0;0;0;3346;0;0;125;0;42;0;
25220;5243644;1198731264;34295808;1397067776;0;0;0;0;0;0;0;0;0;0;0;2976;0;0;125;0;42;0;
25221;3933857;1198731264;34295808;1397067776;0;0;0;0;0;0;0;0;0;0;0;3316;0;0;125;0;42;0;
25222;5430525;1198731264;34295808;1397067776;0;0;0;0;0;0;0;0;0;0;0;2895;0;0;125;0;42;0;
25223;4591561;1198731264;34295808;1397067776;0;0;0;0;0;0;0;0;0;0;0;3507;0;0;125;0;42;0;
25224;5407421;1198731264;34295808;1397067776;0;0;0;0;0;0;0;0;0;0;0;3787;0;0;125;0;42;0;
25225;4521199;1198731264;34295808;1397067776;0;0;0;0;0;0;0;0;0;0;0;3396;0;0;125;0;42;0;
25226;5096989;1198731264;34295808;1397067776;0;0;0;0;0;0;0;0;0;0;0;2875;0;0;125;0;42;0;
25227;4360909;1198731264;34295808;1397067776;0;0;0;0;0;0;0;0;0;0;0;3316;0;0;125;0;42;0;
25228;5501447;1198731264;34295808;1397067776;0;0;0;0;0;0;0;0;0;0;0;3357;0;0;125;0;42;0;
25229;3711811;1198731264;34304000;1397075968;0;0;0;0;0;0;0;0;0;0;0;3317;0;0;125;0;42;0;
25230;5306021;1198731264;34304000;1397075968;0;0;0;0;0;0;0;0;0;0;0;2785;0;0;125;0;42;0;
25231;4098687;1198731264;34304000;1397075968;0;0;0;0;0;0;0;0;0;0;0;3096;0;0;125;0;42;0;
25232;5403785;1198731264;34304000;1397075968;0;0;0;0;0;0;0;0;0;0;0;2866;0;0;125;0;42;0;
25233;3726799;1198731264;34304000;1397075968;0;0;0;0;0;0;0;0;0;0;0;3377;0;0;125;0;42;0;
25234;5412230;1198731264;34304000;1397075968;0;0;0;0;0;0;0;0;0;0;0;3096;0;0;125;0;42;0;
25235;5135291;1198731264;34295808;1397067776;0;0;0;0;0;0;0;0;0;0;0;6082;0;0;125;0;42;0;
25236;5785009;1198731264;34295808;1397067776;0;0;0;0;0;0;0;0;0;0;0;3647;0;0;125;0;42;0;
25237;3115012;1198731264;34295808;1397067776;0;0;0;0;0;0;0;0;0;0;0;3327;0;0;125;0;42;0;
25238;5133999;1198731264;34295808;1397067776;0;0;0;0;0;0;0;0;0;0;0;2996;0;0;125;0;42;0;
25239;2707317;1198731264;34295808;1397067776;0;0;0;0;0;0;0;0;0;0;0;3727;0;0;125;0;42;0;
25240;4675108;1198731264;34295808;1397067776;0;0;0;0;0;0;0;0;0;0;0;2785;0;0;125;0;42;0;
25241;3045412;1198731264;34295808;1397067776;0;0;0;0;0;0;0;0;0;0;0;3667;0;0;125;0;42;0;
25242;4880182;1198731264;34295808;1397067776;0;0;0;0;0;0;0;0;0;0;0;2925;0;0;125;0;42;0;
25243;3215040;1198731264;34295808;1397067776;0;0;0;0;0;0;0;0;0;0;0;3186;0;0;125;0;42;0;
25244;4873430;1198731264;34295808;1397067776;0;0;0;0;0;0;0;0;0;0;0;2675;0;0;125;0;42;0;
25245;3023290;1198731264;34295808;1397067776;0;0;0;0;0;0;0;0;0;0;0;3737;0;0;125;0;42;0;
25246;4978556;1198731264;34295808;1397067776;0;0;0;0;0;0;0;0;0;0;0;2544;0;0;125;0;42;0;
25247;2854553;1198731264;34295808;1397067776;0;0;0;0;0;0;0;0;0;0;0;3096;0;0;125;0;42;0;
25248;4733577;1198731264;34295808;1397067776;0;0;0;0;0;0;0;0;0;0;0;2625;0;0;125;0;42;0;
25249;3352978;1198731264;34295808;1397067776;0;0;0;0;0;0;0;0;0;0;0;3035;0;0;125;0;42;0;
25250;5157613;1198731264;34295808;1397067776;0;0;0;0;0;0;0;0;0;0;0;2895;0;0;125;0;42;0;
25251;2605115;1198731264;34295808;1397067776;0;0;0;0;0;0;0;0;0;0;0;2945;0;0;125;0;42;0;
25252;4785845;1198731264;34295808;1397067776;0;0;0;0;0;0;0;0;0;0;0;2584;0;0;125;0;42;0;
25253;2981752;1198731264;34295808;1397067776;0;0;0;0;0;0;0;0;0;0;0;3376;0;0;125;0;42;0;
25254;4738887;1198731264;34295808;1397067776;0;0;0;0;0;0;0;0;0;0;0;2876;0;0;125;0;42;0;
25255;4063570;1198731264;34295808;1397067776;0;0;0;0;0;0;0;0;0;0;0;3056;0;0;125;0;42;0;
25256;5151822;1198731264;34295808;1397067776;0;0;0;0;0;0;0;0;0;0;0;2825;0;0;125;0;42;0;
25257;4458992;1198731264;34295808;1397067776;0;0;0;0;0;0;0;0;0;0;0;3827;0;0;125;0;42;0;
25258;5059509;1198731264;34295808;1397067776;0;0;0;0;0;0;0;0;0;0;0;3196;0;0;125;0;42;0;
25259;3890967;1198731264;34295808;1397067776;0;0;0;0;0;0;0;0;0;0;0;3086;0;0;125;0;42;0;
25260;5189171;1198731264;34295808;1397067776;0;0;0;0;0;0;0;0;0;0;0;3337;0;0;125;0;42;0;
25261;4853372;1198731264;34295808;1397067776;0;0;0;0;0;0;0;0;0;0;0;4639;0;0;125;0;42;0;
25262;5591556;1198731264;34295808;1397067776;0;0;0;0;0;0;0;0;0;0;0;3636;0;0;125;0;42;0;
25263;3707372;1198731264;34295808;1397067776;0;0;0;0;0;0;0;0;0;0;0;2685;0;0;125;0;42;0;
25264;5578793;1198731264;34295808;1397067776;0;0;0;0;0;0;0;0;0;0;0;2775;0;0;125;0;42;0;
25265;4206548;1198731264;34295808;1397067776;0;0;0;0;0;0;0;0;0;0;0;3667;0;0;125;0;42;0;
25266;4872428;1198731264;34295808;1397067776;0;0;0;0;0;0;0;0;0;0;0;3126;0;0;125;0;42;0;
25267;4703851;1198731264;34295808;1397067776;0;0;0;0;0;0;0;0;0;0;0;3096;0;0;125;0;42;0;
25268;5304868;1198731264;34295808;1397067776;0;0;0;0;0;0;0;0;0;0;0;3085;0;0;125;0;42;0;
25269;4390895;1198731264;34295808;1397067776;0;0;0;0;0;0;0;0;0;0;0;3637;0;0;125;0;42;0;
25270;4891824;1198731264;34295808;1397067776;0;0;0;0;0;0;0;0;0;0;0;3096;0;0;125;0;42;0;
25271;4366479;1198731264;34295808;1397067776;0;0;0;0;0;0;0;0;0;0;0;3467;0;0;125;0;42;0;
25272;5320027;1198731264;34295808;1397067776;0;0;0;0;0;0;0;0;0;0;0;3467;0;0;125;0;42;0;
25273;4565312;1198731264;34295808;1397067776;0;0;0;0;0;0;0;0;0;0;0;4007;0;0;125;0;42;0;
25274;5462103;1198731264;34295808;1397067776;0;0;0;0;0;0;0;0;0;0;0;2855;0;0;125;0;42;0;
25275;4823546;1198731264;34295808;1397067776;0;0;0;0;0;0;0;0;0;0;0;3256;0;0;125;0;42;0;
25276;5303245;1198731264;34295808;1397067776;0;0;0;0;0;0;0;0;0;0;0;3186;0;0;125;0;42;0;
25277;3768878;1198731264;34295808;1397067776;0;0;0;0;0;0;0;0;0;0;0;3366;0;0;125;0;42;0;
25278;5017049;1198731264;34295808;1397067776;0;0;0;0;0;0;0;0;0;0;0;2735;0;0;125;0;42;0;
25279;4235833;1198731264;34295808;1397067776;0;0;0;0;0;0;0;0;0;0;0;3296;0;0;125;0;42;0;
25280;5612114;1198731264;34295808;1397067776;0;0;0;0;0;0;0;0;0;0;0;3146;0;0;125;0;42;0;
25281;3909041;1198731264;34295808;1397067776;0;0;0;0;0;0;0;0;0;0;0;3256;0;0;125;0;42;0;
25282;5063135;1198731264;34295808;1397067776;0;0;0;0;0;0;0;0;0;0;0;2975;0;0;125;0;42;0;
25283;4733548;1198731264;34295808;1397067776;0;0;0;0;0;0;0;0;0;0;0;4048;0;0;125;0;42;0;
25284;5672528;1198731264;34295808;1397067776;0;0;0;0;0;0;0;0;0;0;0;3416;0;0;125;0;42;0;
25285;4560563;1198731264;34295808;1397067776;0;0;0;0;0;0;0;0;0;0;0;3737;0;0;125;0;42;0;
25286;5349893;1198731264;34295808;1397067776;0;0;0;0;0;0;0;0;0;0;0;2996;0;0;125;0;42;0;
25287;4727025;1198731264;34295808;1397067776;0;0;0;0;0;0;0;0;0;0;0;3587;0;0;125;0;42;0;
25288;5552563;1198731264;34295808;1397067776;0;0;0;0;0;0;0;0;0;0;0;3928;0;0;125;0;42;0;
25289;4511561;1198731264;34295808;1397067776;0;0;0;0;0;0;0;0;0;0;0;4048;0;0;125;0;42;0;
25290;5603619;1198731264;34295808;1397067776;0;0;0;0;0;0;0;0;0;0;0;3426;0;0;125;0;42;0;
25291;4651303;1198731264;34295808;1397067776;0;0;0;0;0;0;0;0;0;0;0;4218;0;0;125;0;42;0;
25292;5942475;1198731264;34295808;1397067776;0;0;0;0;0;0;0;0;0;0;0;3938;0;0;125;0;42;0;
25293;5812050;1198731264;34295808;1397067776;0;0;0;0;0;0;0;0;0;0;0;15339;0;0;125;0;42;0;
25294;6100741;1198731264;34295808;1397067776;0;0;0;0;0;0;0;0;0;0;0;3256;0;0;125;0;42;0;
25295;4375216;1198731264;34295808;1397067776;0;0;0;0;0;0;0;0;0;0;0;3216;0;0;125;0;42;0;
25296;6016333;1198731264;34295808;1397067776;0;0;0;0;0;0;0;0;0;0;0;3367;0;0;125;0;42;0;
25297;4111360;1198731264;34295808;1397067776;0;0;0;0;0;0;0;0;0;0;0;4198;0;0;125;0;42;0;
25298;4980941;1198731264;34295808;1397067776;0;0;0;0;0;0;0;0;0;0;0;2836;0;0;125;0;42;0;
25299;3953905;1198731264;34295808;1397067776;0;0;0;0;0;0;0;0;0;0;0;3346;0;0;125;0;42;0;
25300;5347889;1198731264;34295808;1397067776;0;0;0;0;0;0;0;0;0;0;0;3065;0;0;125;0;42;0;
25301;4193404;1198731264;34295808;1397067776;0;0;0;0;0;0;0;0;0;0;0;3406;0;0;125;0;42;0;
25302;5067804;1198731264;34295808;1397067776;0;0;0;0;0;0;0;0;0;0;0;3075;0;0;125;0;42;0;
25303;4501552;1198731264;34295808;1397067776;0;0;0;0;0;0;0;0;0;0;0;3416;0;0;125;0;42;0;
25304;5190333;1198731264;34295808;1397067776;0;0;0;0;0;0;0;0;0;0;0;3176;0;0;125;0;42;0;
25305;4473219;1198731264;34295808;1397067776;0;0;0;0;0;0;0;0;0;0;0;3476;0;0;125;0;42;0;
25306;5403714;1198731264;34295808;1397067776;0;0;0;0;0;0;0;0;0;0;0;3237;0;0;125;0;42;0;
25307;4330942;1198731264;34295808;1397067776;0;0;0;0;0;0;0;0;0;0;0;3837;0;0;125;0;42;0;
25308;4952548;1198731264;34295808;1397067776;0;0;0;0;0;0;0;0;0;0;0;3416;0;0;125;0;42;0;
25309;4299703;1198731264;34295808;1397067776;0;0;0;0;0;0;0;0;0;0;0;3727;0;0;125;0;42;0;
25310;6158559;1198731264;34295808;1397067776;0;0;0;0;0;0;0;0;0;0;0;3216;0;0;125;0;42;0;
25311;4050687;1198731264;34295808;1397067776;0;0;0;0;0;0;0;0;0;0;0;3126;0;0;125;0;42;0;
25312;5119390;1198731264;34295808;1397067776;0;0;0;0;0;0;0;0;0;0;0;3336;0;0;125;0;42;0;
25313;4043894;1198731264;34295808;1397067776;0;0;0;0;0;0;0;0;0;0;0;3236;0;0;125;0;42;0;
25314;5583942;1198731264;34295808;1397067776;0;0;0;0;0;0;0;0;0;0;0;3397;0;0;125;0;42;0;
25315;5349963;1198731264;34295808;1397067776;0;0;0;0;0;0;0;0;0;0;0;4358;0;0;125;0;42;0;
25316;5669122;1198731264;34295808;1397067776;0;0;0;0;0;0;0;0;0;0;0;4598;0;0;125;0;42;0;
25317;4993956;1198731264;34295808;1397067776;0;0;0;0;0;0;0;0;0;0;0;4519;0;0;125;0;42;0;
25318;6070755;1198731264;34295808;1397067776;0;0;0;0;0;0;0;0;0;0;0;4028;0;0;125;0;42;0;
25319;4478279;1198731264;34295808;1397067776;0;0;0;0;0;0;0;0;0;0;0;4519;0;0;125;0;42;0;
25320;5568734;1198731264;34295808;1397067776;0;0;0;0;0;0;0;0;0;0;0;4619;0;0;125;0;42;0;
25321;5850061;1198731264;34295808;1397067776;0;0;0;0;0;0;0;0;0;0;0;84859;0;0;125;0;42;0;
25322;6080313;1198731264;34295808;1397067776;0;0;0;0;0;0;0;0;0;0;0;4078;0;0;125;0;42;0;
25323;4926939;1198731264;34295808;1397067776;0;0;0;0;0;0;0;0;0;0;0;5040;0;0;125;0;42;0;
25324;5309267;1198731264;34295808;1397067776;0;0;0;0;0;0;0;0;0;0;0;5099;0;0;125;0;42;0;
25325;5165758;1198731264;34295808;1397067776;0;0;0;0;0;0;0;0;0;0;0;4979;0;0;125;0;42;0;
25326;5764861;1198731264;34295808;1397067776;0;0;0;0;0;0;0;0;0;0;0;3817;0;0;125;0;42;0;
25327;5293367;1198731264;34295808;1397067776;0;0;0;0;0;0;0;0;0;0;0;4679;0;0;125;0;42;0;
25328;6405964;1198731264;34295808;1397067776;0;0;0;0;0;0;0;0;0;0;0;3056;0;0;125;0;42;0;
25329;4279987;1198731264;34295808;1397067776;0;0;0;0;0;0;0;0;0;0;0;3437;0;0;125;0;42;0;
25330;5596065;1198731264;34295808;1397067776;0;0;0;0;0;0;0;0;0;0;0;3497;0;0;125;0;42;0;
25331;5191697;1198731264;34295808;1397067776;0;0;0;0;0;0;0;0;0;0;0;4158;0;0;125;0;42;0;
25332;6113726;1198731264;34295808;1397067776;0;0;0;0;0;0;0;0;0;0;0;3517;0;0;125;0;42;0;
25333;3771483;1198731264;34304000;1397075968;0;0;0;0;0;0;0;0;0;0;0;3417;0;0;125;0;42;0;
25334;5411779;1198731264;34304000;1397075968;0;0;0;0;0;0;0;0;0;0;0;3005;0;0;125;0;42;0;
25335;3811819;1198731264;34304000;1397075968;0;0;0;0;0;0;0;0;0;0;0;3165;0;0;125;0;42;0;
25336;5379518;1198731264;34304000;1397075968;0;0;0;0;0;0;0;0;0;0;0;2905;0;0;125;0;42;0;
25337;3540961;1198731264;34304000;1397075968;0;0;0;0;0;0;0;0;0;0;0;3427;0;0;125;0;42;0;
25338;7999121;1198731264;34304000;1397075968;0;0;0;0;0;0;0;0;0;0;0;3476;0;0;125;0;42;0;
25339;10447213;1198731264;34295808;1397067776;0;0;0;0;0;0;0;0;0;0;0;3737;0;0;125;0;42;0;
25340;5543476;1198731264;34295808;1397067776;0;0;0;0;0;0;0;0;0;0;0;3467;0;0;125;0;42;0;
25341;3651128;1198731264;34295808;1397067776;0;0;0;0;0;0;0;0;0;0;0;3707;0;0;125;0;42;0;
25342;5448067;1198731264;34295808;1397067776;0;0;0;0;0;0;0;0;0;0;0;2846;0;0;125;0;42;0;
25343;4198423;1198731264;34295808;1397067776;0;0;0;0;0;0;0;0;0;0;0;3837;0;0;125;0;42;0;
25344;5200122;1198731264;34295808;1397067776;0;0;0;0;0;0;0;0;0;0;0;3497;0;0;125;0;42;0;
25345;3510944;1198731264;34295808;1397067776;0;0;0;0;0;0;0;0;0;0;0;3837;0;0;125;0;42;0;
25346;4968818;1198731264;34295808;1397067776;0;0;0;0;0;0;0;0;0;0;0;3106;0;0;125;0;42;0;
25347;4569980;1198731264;34295808;1397067776;0;0;0;0;0;0;0;0;0;0;0;8726;0;0;125;0;42;0;
25348;5561680;1198731264;34295808;1397067776;0;0;0;0;0;0;0;0;0;0;0;4178;0;0;125;0;42;0;
25349;5439622;1198731264;34295808;1397067776;0;0;0;0;0;0;0;0;0;0;0;4849;0;0;125;0;42;0;
25350;6214785;1198731264;34295808;1397067776;0;0;0;0;0;0;0;0;0;0;0;4588;0;0;125;0;42;0;
25351;4666651;1198731264;34295808;1397067776;0;0;0;0;0;0;0;0;0;0;0;5140;0;0;125;0;42;0;
25352;5782925;1198731264;34295808;1397067776;0;0;0;0;0;0;0;0;0;0;0;4017;0;0;125;0;42;0;
25353;4746051;1198731264;34295808;1397067776;0;0;0;0;0;0;0;0;0;0;0;4539;0;0;125;0;42;0;
25354;5840763;1198731264;34295808;1397067776;0;0;0;0;0;0;0;0;0;0;0;3196;0;0;125;0;42;0;
25355;4538101;1198731264;34295808;1397067776;0;0;0;0;0;0;0;0;0;0;0;4167;0;0;125;0;42;0;
25356;6585069;1198731264;34295808;1397067776;0;0;0;0;0;0;0;0;0;0;0;4929;0;0;125;0;42;0;
25357;5268691;1198731264;34295808;1397067776;0;0;0;0;0;0;0;0;0;0;0;5851;0;0;125;0;42;0;
25358;5362968;1198731264;34295808;1397067776;0;0;0;0;0;0;0;0;0;0;0;4108;0;0;125;0;42;0;
25359;5945851;1198731264;34295808;1397067776;0;0;0;0;0;0;0;0;0;0;0;5039;0;0;125;0;42;0;
25360;5723674;1198731264;34295808;1397067776;0;0;0;0;0;0;0;0;0;0;0;4629;0;0;125;0;42;0;
25361;5022609;1198731264;34295808;1397067776;0;0;0;0;0;0;0;0;0;0;0;5761;0;0;125;0;42;0;
25362;6179028;1198731264;34295808;1397067776;0;0;0;0;0;0;0;0;0;0;0;4228;0;0;125;0;42;0;
25363;5112588;1198731264;34295808;1397067776;0;0;0;0;0;0;0;0;0;0;0;5069;0;0;125;0;42;0;
25364;6594928;1198731264;34295808;1397067776;0;0;0;0;0;0;0;0;0;0;0;3977;0;0;125;0;42;0;
25365;4966755;1198731264;34295808;1397067776;0;0;0;0;0;0;0;0;0;0;0;5130;0;0;125;0;42;0;
25366;5376673;1198731264;34295808;1397067776;0;0;0;0;0;0;0;0;0;0;0;3887;0;0;125;0;42;0;
25367;5063667;1198731264;34295808;1397067776;0;0;0;0;0;0;0;0;0;0;0;5480;0;0;125;0;42;0;
25368;5723714;1198731264;34295808;1397067776;0;0;0;0;0;0;0;0;0;0;0;4910;0;0;125;0;42;0;
25369;5507508;1198731264;34295808;1397067776;0;0;0;0;0;0;0;0;0;0;0;5720;0;0;125;0;42;0;
25370;5701452;1198731264;34295808;1397067776;0;0;0;0;0;0;0;0;0;0;0;4439;0;0;125;0;42;0;
25371;5493502;1198731264;34295808;1397067776;0;0;0;0;0;0;0;0;0;0;0;4879;0;0;125;0;42;0;
25372;5720639;1198731264;34295808;1397067776;0;0;0;0;0;0;0;0;0;0;0;15169;0;0;125;0;42;0;
25373;4951226;1198731264;34295808;1397067776;0;0;0;0;0;0;0;0;0;0;0;5700;0;0;125;0;42;0;
25374;5776744;1198731264;34295808;1397067776;0;0;0;0;0;0;0;0;0;0;0;4598;0;0;125;0;42;0;
25375;4787318;1198731264;34295808;1397067776;0;0;0;0;0;0;0;0;0;0;0;4398;0;0;125;0;42;0;
25376;5114061;1198731264;34295808;1397067776;0;0;0;0;0;0;0;0;0;0;0;3277;0;0;125;0;42;0;
25377;4827914;1198731264;34295808;1397067776;0;0;0;0;0;0;0;0;0;0;0;4077;0;0;125;0;42;0;
25378;5365863;1198731264;34295808;1397067776;0;0;0;0;0;0;0;0;0;0;0;3066;0;0;125;0;42;0;
25379;3890616;1198731264;34295808;1397067776;0;0;0;0;0;0;0;0;0;0;0;3266;0;0;125;0;42;0;
25380;4973407;1198731264;34295808;1397067776;0;0;0;0;0;0;0;0;0;0;0;3406;0;0;125;0;42;0;
25381;4053091;1198731264;34295808;1397067776;0;0;0;0;0;0;0;0;0;0;0;3587;0;0;125;0;42;0;
25382;5084675;1198731264;34295808;1397067776;0;0;0;0;0;0;0;0;0;0;0;2985;0;0;125;0;42;0;
25383;4017865;1198731264;34295808;1397067776;0;0;0;0;0;0;0;0;0;0;0;3386;0;0;125;0;42;0;
25384;5474506;1198731264;34295808;1397067776;0;0;0;0;0;0;0;0;0;0;0;3296;0;0;125;0;42;0;
25385;4332545;1198731264;34295808;1397067776;0;0;0;0;0;0;0;0;0;0;0;4037;0;0;125;0;42;0;
25386;5114692;1198731264;34295808;1397067776;0;0;0;0;0;0;0;0;0;0;0;3426;0;0;125;0;42;0;
25387;3791400;1198731264;34295808;1397067776;0;0;0;0;0;0;0;0;0;0;0;3908;0;0;125;0;42;0;
25388;5113600;1198731264;34295808;1397067776;0;0;0;0;0;0;0;0;0;0;0;3507;0;0;125;0;42;0;
25389;3754762;1198731264;34295808;1397067776;0;0;0;0;0;0;0;0;0;0;0;4308;0;0;125;0;42;0;
25390;5222505;1198731264;34295808;1397067776;0;0;0;0;0;0;0;0;0;0;0;3857;0;0;125;0;42;0;
25391;3667969;1198731264;34295808;1397067776;0;0;0;0;0;0;0;0;0;0;0;3286;0;0;125;0;42;0;
25392;5679070;1198731264;34295808;1397067776;0;0;0;0;0;0;0;0;0;0;0;4198;0;0;125;0;42;0;
25393;4496543;1198731264;34295808;1397067776;0;0;0;0;0;0;0;0;0;0;0;3657;0;0;125;0;42;0;
25394;4968768;1198731264;34295808;1397067776;0;0;0;0;0;0;0;0;0;0;0;3377;0;0;125;0;42;0;
25395;4407185;1198731264;34295808;1397067776;0;0;0;0;0;0;0;0;0;0;0;3747;0;0;125;0;42;0;
25396;6048914;1198731264;34295808;1397067776;0;0;0;0;0;0;0;0;0;0;0;3637;0;0;125;0;42;0;
25397;4806043;1198731264;34295808;1397067776;0;0;0;0;0;0;0;0;0;0;0;4629;0;0;125;0;42;0;
25398;6246334;1198731264;34295808;1397067776;0;0;0;0;0;0;0;0;0;0;0;3656;0;0;125;0;42;0;
25399;5687947;1198731264;34295808;1397067776;0;0;0;0;0;0;0;0;0;0;0;5210;0;0;125;0;42;0;
25400;5768077;1198731264;34295808;1397067776;0;0;0;0;0;0;0;0;0;0;0;4117;0;0;125;0;42;0;
25401;5089174;1198731264;34295808;1397067776;0;0;0;0;0;0;0;0;0;0;0;5460;0;0;125;0;42;0;
25402;5683428;1198731264;34295808;1397067776;0;0;0;0;0;0;0;0;0;0;0;3887;0;0;125;0;42;0;
25403;5808293;1198731264;34295808;1397067776;0;0;0;0;0;0;0;0;0;0;0;7163;0;0;125;0;42;0;
25404;6415131;1198731264;34295808;1397067776;0;0;0;0;0;0;0;0;0;0;0;4488;0;0;125;0;42;0;
25405;4221617;1198731264;34295808;1397067776;0;0;0;0;0;0;0;0;0;0;0;3847;0;0;125;0;42;0;
25406;5172841;1198731264;34295808;1397067776;0;0;0;0;0;0;0;0;0;0;0;3456;0;0;125;0;42;0;
25407;4256382;1198731264;34295808;1397067776;0;0;0;0;0;0;0;0;0;0;0;3977;0;0;125;0;42;0;
25408;5226472;1198731264;34295808;1397067776;0;0;0;0;0;0;0;0;0;0;0;3256;0;0;125;0;42;0;
25409;3611142;1198731264;34295808;1397067776;0;0;0;0;0;0;0;0;0;0;0;3908;0;0;125;0;42;0;
25410;5467193;1198731264;34295808;1397067776;0;0;0;0;0;0;0;0;0;0;0;3186;0;0;125;0;42;0;
25411;4139954;1198731264;34295808;1397067776;0;0;0;0;0;0;0;0;0;0;0;3657;0;0;125;0;42;0;
25412;5659314;1198731264;34295808;1397067776;0;0;0;0;0;0;0;0;0;0;0;3226;0;0;125;0;42;0;
25413;3910904;1198731264;34295808;1397067776;0;0;0;0;0;0;0;0;0;0;0;3657;0;0;125;0;42;0;
25414;5405137;1198731264;34295808;1397067776;0;0;0;0;0;0;0;0;0;0;0;3026;0;0;125;0;42;0;
25415;4282822;1198731264;34295808;1397067776;0;0;0;0;0;0;0;0;0;0;0;3307;0;0;125;0;42;0;
25416;5528588;1198731264;34295808;1397067776;0;0;0;0;0;0;0;0;0;0;0;3436;0;0;125;0;42;0;
25417;3908349;1198731264;34295808;1397067776;0;0;0;0;0;0;0;0;0;0;0;4038;0;0;125;0;42;0;
25418;4921069;1198731264;34295808;1397067776;0;0;0;0;0;0;0;0;0;0;0;3176;0;0;125;0;42;0;
25419;3345053;1198731264;34295808;1397067776;0;0;0;0;0;0;0;0;0;0;0;3186;0;0;125;0;42;0;
25420;4802437;1198731264;34295808;1397067776;0;0;0;0;0;0;0;0;0;0;0;3306;0;0;125;0;42;0;
25421;3547643;1198731264;34295808;1397067776;0;0;0;0;0;0;0;0;0;0;0;3186;0;0;125;0;42;0;
25422;5097289;1198731264;34295808;1397067776;0;0;0;0;0;0;0;0;0;0;0;2925;0;0;125;0;42;0;
25423;3730236;1198731264;34295808;1397067776;0;0;0;0;0;0;0;0;0;0;0;3216;0;0;125;0;42;0;
25424;5032387;1198731264;34295808;1397067776;0;0;0;0;0;0;0;0;0;0;0;3277;0;0;125;0;42;0;
25425;4279676;1198731264;34295808;1397067776;0;0;0;0;0;0;0;0;0;0;0;3687;0;0;125;0;42;0;
25426;5348500;1198731264;34295808;1397067776;0;0;0;0;0;0;0;0;0;0;0;3967;0;0;125;0;42;0;
25427;4703130;1198731264;34295808;1397067776;0;0;0;0;0;0;0;0;0;0;0;3817;0;0;125;0;42;0;
25428;6004401;1198731264;34295808;1397067776;0;0;0;0;0;0;0;0;0;0;0;3948;0;0;125;0;42;0;
25429;5155449;1198731264;34295808;1397067776;0;0;0;0;0;0;0;0;0;0;0;3677;0;0;125;0;42;0;
25430;6005323;1198731264;34295808;1397067776;0;0;0;0;0;0;0;0;0;0;0;4167;0;0;125;0;42;0;
25431;4692250;1198731264;34304000;1397075968;0;0;0;0;0;0;0;0;0;0;0;4068;0;0;125;0;42;0;
25432;5437137;1198731264;34304000;1397075968;0;0;0;0;0;0;0;0;0;0;0;3747;0;0;125;0;42;0;
25433;4602080;1198731264;34304000;1397075968;0;0;0;0;0;0;0;0;0;0;0;4138;0;0;125;0;42;0;
25434;5602297;1198731264;34304000;1397075968;0;0;0;0;0;0;0;0;0;0;0;3256;0;0;125;0;42;0;
25435;4950565;1198731264;34304000;1397075968;0;0;0;0;0;0;0;0;0;0;0;3827;0;0;125;0;42;0;
25436;5346817;1198731264;34304000;1397075968;0;0;0;0;0;0;0;0;0;0;0;3647;0;0;125;0;42;0;
25437;4553369;1198731264;34295808;1397067776;0;0;0;0;0;0;0;0;0;0;0;13745;0;0;125;0;42;0;
25438;5999381;1198731264;34295808;1397067776;0;0;0;0;0;0;0;0;0;0;0;14227;0;0;125;0;42;0;
25439;4576803;1198731264;34295808;1397067776;0;0;0;0;0;0;0;0;0;0;0;4218;0;0;125;0;42;0;
25440;5377996;1198731264;34295808;1397067776;0;0;0;0;0;0;0;0;0;0;0;3817;0;0;125;0;42;0;
25441;5075148;1198731264;34295808;1397067776;0;0;0;0;0;0;0;0;0;0;0;3918;0;0;125;0;42;0;
25442;5258792;1198731264;34295808;1397067776;0;0;0;0;0;0;0;0;0;0;0;3627;0;0;125;0;42;0;
25443;5063576;1198731264;34295808;1397067776;0;0;0;0;0;0;0;0;0;0;0;3827;0;0;125;0;42;0;
25444;5769931;1198731264;34295808;1397067776;0;0;0;0;0;0;0;0;0;0;0;2975;0;0;125;0;42;0;
25445;4450036;1198731264;34295808;1397067776;0;0;0;0;0;0;0;0;0;0;0;3958;0;0;125;0;42;0;
25446;5483203;1198731264;34295808;1397067776;0;0;0;0;0;0;0;0;0;0;0;3497;0;0;125;0;42;0;
25447;4465735;1198731264;34295808;1397067776;0;0;0;0;0;0;0;0;0;0;0;4379;0;0;125;0;42;0;
25448;5282086;1198731264;34295808;1397067776;0;0;0;0;0;0;0;0;0;0;0;4067;0;0;125;0;42;0;
25449;5366504;1198731264;34295808;1397067776;0;0;0;0;0;0;0;0;0;0;0;4028;0;0;125;0;42;0;
25450;5142615;1198731264;34295808;1397067776;0;0;0;0;0;0;0;0;0;0;0;3116;0;0;125;0;42;0;
25451;6069833;1198731264;34295808;1397067776;0;0;0;0;0;0;0;0;0;0;0;5210;0;0;125;0;42;0;
25452;5205222;1198731264;34295808;1397067776;0;0;0;0;0;0;0;0;0;0;0;4458;0;0;125;0;42;0;
25453;5041996;1198731264;34295808;1397067776;0;0;0;0;0;0;0;0;0;0;0;4739;0;0;125;0;42;0;
25454;5736007;1198731264;34295808;1397067776;0;0;0;0;0;0;0;0;0;0;0;3667;0;0;125;0;42;0;
25455;4552448;1198731264;34295808;1397067776;0;0;0;0;0;0;0;0;0;0;0;3877;0;0;125;0;42;0;
25456;5413813;1198731264;34295808;1397067776;0;0;0;0;0;0;0;0;0;0;0;3497;0;0;125;0;42;0;
25457;5218817;1198731264;34295808;1397067776;0;0;0;0;0;0;0;0;0;0;0;4088;0;0;125;0;42;0;
25458;5715418;1198731264;34295808;1397067776;0;0;0;0;0;0;0;0;0;0;0;3447;0;0;125;0;42;0;
25459;4699193;1198731264;34295808;1397067776;0;0;0;0;0;0;0;0;0;0;0;3947;0;0;125;0;42;0;
25460;5577900;1198731264;34295808;1397067776;0;0;0;0;0;0;0;0;0;0;0;3807;0;0;125;0;42;0;
25461;6020070;1198731264;34295808;1397067776;0;0;0;0;0;0;0;0;0;0;0;4528;0;0;125;0;42;0;
25462;5452836;1198731264;34295808;1397067776;0;0;0;0;0;0;0;0;0;0;0;3406;0;0;125;0;42;0;
25463;5317562;1198731264;34295808;1397067776;0;0;0;0;0;0;0;0;0;0;0;4549;0;0;125;0;42;0;
25464;5825956;1198731264;34295808;1397067776;0;0;0;0;0;0;0;0;0;0;0;3747;0;0;125;0;42;0;
25465;5163654;1198731264;34295808;1397067776;0;0;0;0;0;0;0;0;0;0;0;4258;0;0;125;0;42;0;
25466;5866001;1198731264;34295808;1397067776;0;0;0;0;0;0;0;0;0;0;0;3867;0;0;125;0;42;0;
25467;5145139;1198731264;34295808;1397067776;0;0;0;0;0;0;0;0;0;0;0;4679;0;0;125;0;42;0;
25468;5432839;1198731264;34295808;1397067776;0;0;0;0;0;0;0;0;0;0;0;4168;0;0;125;0;42;0;
25469;5116766;1198731264;34295808;1397067776;0;0;0;0;0;0;0;0;0;0;0;4328;0;0;125;0;42;0;
25470;5361996;1198731264;34295808;1397067776;0;0;0;0;0;0;0;0;0;0;0;3196;0;0;125;0;42;0;
25471;4880964;1198731264;34295808;1397067776;0;0;0;0;0;0;0;0;0;0;0;3877;0;0;125;0;42;0;
25472;5831917;1198731264;34295808;1397067776;0;0;0;0;0;0;0;0;0;0;0;4328;0;0;125;0;42;0;
25473;4350299;1198731264;34295808;1397067776;0;0;0;0;0;0;0;0;0;0;0;4689;0;0;125;0;42;0;
25474;5189552;1198731264;34295808;1397067776;0;0;0;0;0;0;0;0;0;0;0;3617;0;0;125;0;42;0;
25475;5374099;1198731264;34295808;1397067776;0;0;0;0;0;0;0;0;0;0;0;3997;0;0;125;0;42;0;
25476;5762217;1198731264;34295808;1397067776;0;0;0;0;0;0;0;0;0;0;0;3627;0;0;125;0;42;0;
25477;4910799;1198731264;34295808;1397067776;0;0;0;0;0;0;0;0;0;0;0;3917;0;0;125;0;42;0;
25478;5437568;1198731264;34295808;1397067776;0;0;0;0;0;0;0;0;0;0;0;2955;0;0;125;0;42;0;
25479;4847491;1198731264;34295808;1397067776;0;0;0;0;0;0;0;0;0;0;0;4479;0;0;125;0;42;0;
25480;5331679;1198731264;34295808;1397067776;0;0;0;0;0;0;0;0;0;0;0;3206;0;0;125;0;42;0;
25481;5030173;1198731264;34295808;1397067776;0;0;0;0;0;0;0;0;0;0;0;4238;0;0;125;0;42;0;
25482;6110650;1198731264;34295808;1397067776;0;0;0;0;0;0;0;0;0;0;0;3848;0;0;125;0;42;0;
25483;7503031;1198731264;34295808;1397067776;0;0;0;0;0;0;0;0;0;0;0;3928;0;0;125;0;42;0;
25484;5530812;1198731264;34295808;1397067776;0;0;0;0;0;0;0;0;0;0;0;3266;0;0;125;0;42;0;
25485;5838740;1198731264;34295808;1397067776;0;0;0;0;0;0;0;0;0;0;0;4569;0;0;125;0;42;0;
25486;5510054;1198731264;34295808;1397067776;0;0;0;0;0;0;0;0;0;0;0;4388;0;0;125;0;42;0;
25487;5042717;1198731264;34295808;1397067776;0;0;0;0;0;0;0;0;0;0;0;4539;0;0;125;0;42;0;
25488;5525582;1198731264;34295808;1397067776;0;0;0;0;0;0;0;0;0;0;0;4478;0;0;125;0;42;0;
25489;4856217;1198731264;34295808;1397067776;0;0;0;0;0;0;0;0;0;0;0;4138;0;0;125;0;42;0;
25490;5233214;1198731264;34295808;1397067776;0;0;0;0;0;0;0;0;0;0;0;3977;0;0;125;0;42;0;
25491;5775632;1198731264;34295808;1397067776;0;0;0;0;0;0;0;0;0;0;0;4789;0;0;125;0;42;0;
25492;5332560;1198731264;34295808;1397067776;0;0;0;0;0;0;0;0;0;0;0;4078;0;0;125;0;42;0;
25493;4766128;1198731264;34295808;1397067776;0;0;0;0;0;0;0;0;0;0;0;4949;0;0;125;0;42;0;
25494;5518049;1198731264;34295808;1397067776;0;0;0;0;0;0;0;0;0;0;0;3797;0;0;125;0;42;0;
25495;5390910;1198731264;34295808;1397067776;0;0;0;0;0;0;0;0;0;0;0;5290;0;0;125;0;42;0;
25496;5699458;1198731264;34295808;1397067776;0;0;0;0;0;0;0;0;0;0;0;4037;0;0;125;0;42;0;
25497;5346237;1198731264;34295808;1397067776;0;0;0;0;0;0;0;0;0;0;0;5100;0;0;125;0;42;0;
25498;5415827;1198731264;34295808;1397067776;0;0;0;0;0;0;0;0;0;0;0;3918;0;0;125;0;42;0;
25499;4228350;1198731264;34295808;1397067776;0;0;0;0;0;0;0;0;0;0;0;4138;0;0;125;0;42;0;
25500;5680523;1198731264;34295808;1397067776;0;0;0;0;0;0;0;0;0;0;0;3706;0;0;125;0;42;0;
25501;4709342;1198731264;34295808;1397067776;0;0;0;0;0;0;0;0;0;0;0;4388;0;0;125;0;42;0;
25502;5133998;1198731264;34295808;1397067776;0;0;0;0;0;0;0;0;0;0;0;3707;0;0;125;0;42;0;
25503;5086840;1198731264;34295808;1397067776;0;0;0;0;0;0;0;0;0;0;0;5190;0;0;125;0;42;0;
25504;5816137;1198731264;34295808;1397067776;0;0;0;0;0;0;0;0;0;0;0;4959;0;0;125;0;42;0;
25505;4926358;1198731264;34295808;1397067776;0;0;0;0;0;0;0;0;0;0;0;4949;0;0;125;0;42;0;
25506;5671386;1198731264;34295808;1397067776;0;0;0;0;0;0;0;0;0;0;0;3798;0;0;125;0;42;0;
25507;5779969;1198731264;34295808;1397067776;0;0;0;0;0;0;0;0;0;0;0;3757;0;0;125;0;42;0;
25508;6072147;1198731264;34295808;1397067776;0;0;0;0;0;0;0;0;0;0;0;3767;0;0;125;0;42;0;
25509;5324616;1198731264;34295808;1397067776;0;0;0;0;0;0;0;0;0;0;0;5490;0;0;125;0;42;0;
25510;5147033;1198731264;34295808;1397067776;0;0;0;0;0;0;0;0;0;0;0;3727;0;0;125;0;42;0;
25511;4805672;1198731264;34295808;1397067776;0;0;0;0;0;0;0;0;0;0;0;4408;0;0;125;0;42;0;
25512;5227203;1198731264;34295808;1397067776;0;0;0;0;0;0;0;0;0;0;0;4258;0;0;125;0;42;0;
25513;4791726;1198731264;34295808;1397067776;0;0;0;0;0;0;0;0;0;0;0;4749;0;0;125;0;42;0;
25514;5742670;1198731264;34295808;1397067776;0;0;0;0;0;0;0;0;0;0;0;3056;0;0;125;0;42;0;
25515;4363984;1198731264;34295808;1397067776;0;0;0;0;0;0;0;0;0;0;0;4458;0;0;125;0;42;0;
25516;5298226;1198731264;34295808;1397067776;0;0;0;0;0;0;0;0;0;0;0;4339;0;0;125;0;42;0;
25517;4809339;1198731264;34295808;1397067776;0;0;0;0;0;0;0;0;0;0;0;4429;0;0;125;0;42;0;
25518;5657299;1198731264;34295808;1397067776;0;0;0;0;0;0;0;0;0;0;0;3317;0;0;125;0;42;0;
25519;4812265;1198731264;34295808;1397067776;0;0;0;0;0;0;0;0;0;0;0;4519;0;0;125;0;42;0;
25520;5941633;1198731264;34295808;1397067776;0;0;0;0;0;0;0;0;0;0;0;4068;0;0;125;0;42;0;
25521;4868330;1198731264;34295808;1397067776;0;0;0;0;0;0;0;0;0;0;0;5019;0;0;125;0;42;0;
25522;5339964;1198731264;34295808;1397067776;0;0;0;0;0;0;0;0;0;0;0;3727;0;0;125;0;42;0;
25523;4560673;1198731264;34295808;1397067776;0;0;0;0;0;0;0;0;0;0;0;3887;0;0;125;0;42;0;
25524;5693999;1198731264;34295808;1397067776;0;0;0;0;0;0;0;0;0;0;0;4618;0;0;125;0;42;0;
25525;5046254;1198731264;34304000;1397075968;0;0;0;0;0;0;0;0;0;0;0;4428;0;0;125;0;42;0;
25526;5544629;1198731264;34304000;1397075968;0;0;0;0;0;0;0;0;0;0;0;3356;0;0;125;0;42;0;
25527;4430499;1198731264;34304000;1397075968;0;0;0;0;0;0;0;0;0;0;0;4308;0;0;125;0;42;0;
25528;5096387;1198731264;34304000;1397075968;0;0;0;0;0;0;0;0;0;0;0;3436;0;0;125;0;42;0;
25529;5717893;1198731264;34304000;1397075968;0;0;0;0;0;0;0;0;0;0;0;4538;0;0;125;0;42;0;
25530;11520325;1198731264;34304000;1397075968;0;0;0;0;0;0;0;0;0;0;0;3677;0;0;125;0;42;0;
25531;5580726;1198731264;34295808;1397067776;0;0;0;0;0;0;0;0;0;0;0;4288;0;0;125;0;42;0;
25532;5436325;1198731264;34295808;1397067776;0;0;0;0;0;0;0;0;0;0;0;3727;0;0;125;0;42;0;
25533;5127386;1198731264;34295808;1397067776;0;0;0;0;0;0;0;0;0;0;0;4859;0;0;125;0;42;0;
25534;6128423;1198731264;34295808;1397067776;0;0;0;0;0;0;0;0;0;0;0;3797;0;0;125;0;42;0;
25535;5251749;1198731264;34295808;1397067776;0;0;0;0;0;0;0;0;0;0;0;4429;0;0;125;0;42;0;
25536;5404336;1198731264;34295808;1397067776;0;0;0;0;0;0;0;0;0;0;0;3727;0;0;125;0;42;0;
25537;5470219;1198731264;34295808;1397067776;0;0;0;0;0;0;0;0;0;0;0;4468;0;0;125;0;42;0;
25538;5417349;1198731264;34295808;1397067776;0;0;0;0;0;0;0;0;0;0;0;4017;0;0;125;0;42;0;
25539;5411428;1198731264;34295808;1397067776;0;0;0;0;0;0;0;0;0;0;0;4058;0;0;125;0;42;0;
25540;6010642;1198731264;34295808;1397067776;0;0;0;0;0;0;0;0;0;0;0;3927;0;0;125;0;42;0;
25541;5311962;1198731264;34295808;1397067776;0;0;0;0;0;0;0;0;0;0;0;5190;0;0;125;0;42;0;
25542;5173973;1198731264;34295808;1397067776;0;0;0;0;0;0;0;0;0;0;0;3447;0;0;125;0;42;0;
25543;5560738;1198731264;34295808;1397067776;0;0;0;0;0;0;0;0;0;0;0;4889;0;0;125;0;42;0;
25544;5321489;1198731264;34295808;1397067776;0;0;0;0;0;0;0;0;0;0;0;3968;0;0;125;0;42;0;
25545;5217064;1198731264;34295808;1397067776;0;0;0;0;0;0;0;0;0;0;0;4409;0;0;125;0;42;0;
25546;5617284;1198731264;34295808;1397067776;0;0;0;0;0;0;0;0;0;0;0;4037;0;0;125;0;42;0;
25547;4785825;1198731264;34295808;1397067776;0;0;0;0;0;0;0;0;0;0;0;4368;0;0;125;0;42;0;
25548;4979408;1198731264;34295808;1397067776;0;0;0;0;0;0;0;0;0;0;0;3847;0;0;125;0;42;0;
25549;5610241;1198731264;34295808;1397067776;0;0;0;0;0;0;0;0;0;0;0;5069;0;0;125;0;42;0;
25550;5748550;1198731264;34295808;1397067776;0;0;0;0;0;0;0;0;0;0;0;3997;0;0;125;0;42;0;
25551;4834115;1198731264;34295808;1397067776;0;0;0;0;0;0;0;0;0;0;0;4368;0;0;125;0;42;0;
25552;5548555;1198731264;34295808;1397067776;0;0;0;0;0;0;0;0;0;0;0;3887;0;0;125;0;42;0;
25553;4836650;1198731264;34295808;1397067776;0;0;0;0;0;0;0;0;0;0;0;4238;0;0;125;0;42;0;
25554;5666176;1198731264;34295808;1397067776;0;0;0;0;0;0;0;0;0;0;0;3707;0;0;125;0;42;0;
25555;4700896;1198731264;34295808;1397067776;0;0;0;0;0;0;0;0;0;0;0;4619;0;0;125;0;42;0;
25556;5238294;1198731264;34295808;1397067776;0;0;0;0;0;0;0;0;0;0;0;3898;0;0;125;0;42;0;
25557;5065029;1198731264;34295808;1397067776;0;0;0;0;0;0;0;0;0;0;0;5019;0;0;125;0;42;0;
25558;5393285;1198731264;34295808;1397067776;0;0;0;0;0;0;0;0;0;0;0;3176;0;0;125;0;42;0;
25559;5357909;1198731264;34295808;1397067776;0;0;0;0;0;0;0;0;0;0;0;4909;0;0;125;0;42;0;
25560;5656608;1198731264;34295808;1397067776;0;0;0;0;0;0;0;0;0;0;0;3557;0;0;125;0;42;0;
25561;4997111;1198731264;34295808;1397067776;0;0;0;0;0;0;0;0;0;0;0;4939;0;0;125;0;42;0;
25562;5502680;1198731264;34295808;1397067776;0;0;0;0;0;0;0;0;0;0;0;4057;0;0;125;0;42;0;
25563;4754977;1198731264;34295808;1397067776;0;0;0;0;0;0;0;0;0;0;0;4268;0;0;125;0;42;0;
25564;5109492;1198731264;34295808;1397067776;0;0;0;0;0;0;0;0;0;0;0;4709;0;0;125;0;42;0;
25565;5939279;1198731264;34295808;1397067776;0;0;0;0;0;0;0;0;0;0;0;5180;0;0;125;0;42;0;
25566;6113345;1198731264;34295808;1397067776;0;0;0;0;0;0;0;0;0;0;0;4178;0;0;125;0;42;0;
25567;5228495;1198731264;34295808;1397067776;0;0;0;0;0;0;0;0;0;0;0;4709;0;0;125;0;42;0;
25568;5553304;1198731264;34295808;1397067776;0;0;0;0;0;0;0;0;0;0;0;3386;0;0;125;0;42;0;
25569;4863421;1198731264;34295808;1397067776;0;0;0;0;0;0;0;0;0;0;0;3807;0;0;125;0;42;0;
25570;5269402;1198731264;34295808;1397067776;0;0;0;0;0;0;0;0;0;0;0;3677;0;0;125;0;42;0;
25571;5036295;1198731264;34295808;1397067776;0;0;0;0;0;0;0;0;0;0;0;4148;0;0;125;0;42;0;
25572;5389157;1198731264;34295808;1397067776;0;0;0;0;0;0;0;0;0;0;0;3907;0;0;125;0;42;0;
25573;5211994;1198731264;34295808;1397067776;0;0;0;0;0;0;0;0;0;0;0;4078;0;0;125;0;42;0;
25574;5964516;1198731264;34295808;1397067776;0;0;0;0;0;0;0;0;0;0;0;3858;0;0;125;0;42;0;
25575;4632788;1198731264;34295808;1397067776;0;0;0;0;0;0;0;0;0;0;0;4308;0;0;125;0;42;0;
25576;5488032;1198731264;34295808;1397067776;0;0;0;0;0;0;0;0;0;0;0;4399;0;0;125;0;42;0;
25577;5352719;1198731264;34295808;1397067776;0;0;0;0;0;0;0;0;0;0;0;4869;0;0;125;0;42;0;
25578;5739965;1198731264;34295808;1397067776;0;0;0;0;0;0;0;0;0;0;0;3877;0;0;125;0;42;0;
25579;4412856;1198731264;34295808;1397067776;0;0;0;0;0;0;0;0;0;0;0;5701;0;0;125;0;42;0;
25580;5780560;1198731264;34295808;1397067776;0;0;0;0;0;0;0;0;0;0;0;5050;0;0;125;0;42;0;
25581;4549352;1198731264;34295808;1397067776;0;0;0;0;0;0;0;0;0;0;0;4258;0;0;125;0;42;0;
25582;5731388;1198731264;34295808;1397067776;0;0;0;0;0;0;0;0;0;0;0;3697;0;0;125;0;42;0;
25583;4729880;1198731264;34295808;1397067776;0;0;0;0;0;0;0;0;0;0;0;5380;0;0;125;0;42;0;
25584;5994763;1198731264;34295808;1397067776;0;0;0;0;0;0;0;0;0;0;0;3636;0;0;125;0;42;0;
25585;4497995;1198731264;34295808;1397067776;0;0;0;0;0;0;0;0;0;0;0;4448;0;0;125;0;42;0;
25586;5654384;1198731264;34295808;1397067776;0;0;0;0;0;0;0;0;0;0;0;4318;0;0;125;0;42;0;
25587;5499754;1198731264;34295808;1397067776;0;0;0;0;0;0;0;0;0;0;0;4659;0;0;125;0;42;0;
25588;5384228;1198731264;34295808;1397067776;0;0;0;0;0;0;0;0;0;0;0;4237;0;0;125;0;42;0;
25589;5225730;1198731264;34295808;1397067776;0;0;0;0;0;0;0;0;0;0;0;4729;0;0;125;0;42;0;
25590;5864859;1198731264;34295808;1397067776;0;0;0;0;0;0;0;0;0;0;0;3507;0;0;125;0;42;0;
25591;5216553;1198731264;34295808;1397067776;0;0;0;0;0;0;0;0;0;0;0;5049;0;0;125;0;42;0;
25592;5705981;1198731264;34295808;1397067776;0;0;0;0;0;0;0;0;0;0;0;4258;0;0;125;0;42;0;
25593;5200452;1198731264;34295808;1397067776;0;0;0;0;0;0;0;0;0;0;0;5390;0;0;125;0;42;0;
25594;5485207;1198731264;34295808;1397067776;0;0;0;0;0;0;0;0;0;0;0;3958;0;0;125;0;42;0;
25595;4814468;1198731264;34295808;1397067776;0;0;0;0;0;0;0;0;0;0;0;5050;0;0;125;0;42;0;
25596;6471677;1198731264;34295808;1397067776;0;0;0;0;0;0;0;0;0;0;0;4228;0;0;125;0;42;0;
25597;4525767;1198731264;34295808;1397067776;0;0;0;0;0;0;0;0;0;0;0;4709;0;0;125;0;42;0;
25598;5627875;1198731264;34295808;1397067776;0;0;0;0;0;0;0;0;0;0;0;4128;0;0;125;0;42;0;
25599;5290591;1198731264;34295808;1397067776;0;0;0;0;0;0;0;0;0;0;0;4819;0;0;125;0;42;0;
25600;5873986;1198731264;34295808;1397067776;0;0;0;0;0;0;0;0;0;0;0;4228;0;0;125;0;42;0;
25601;4946817;1198731264;34295808;1397067776;0;0;0;0;0;0;0;0;0;0;0;3737;0;0;125;0;42;0;
25602;4945925;1198731264;34295808;1397067776;0;0;0;0;0;0;0;0;0;0;0;2966;0;0;125;0;42;0;
25603;3331828;1198731264;34295808;1397067776;0;0;0;0;0;0;0;0;0;0;0;3106;0;0;125;0;42;0;
25604;4985269;1198731264;34295808;1397067776;0;0;0;0;0;0;0;0;0;0;0;2615;0;0;125;0;42;0;
25605;3315619;1198731264;34295808;1397067776;0;0;0;0;0;0;0;0;0;0;0;3347;0;0;125;0;42;0;
25606;5296433;1198731264;34295808;1397067776;0;0;0;0;0;0;0;0;0;0;0;3737;0;0;125;0;42;0;
25607;3441254;1198731264;34295808;1397067776;0;0;0;0;0;0;0;0;0;0;0;3818;0;0;125;0;42;0;
25608;5197398;1198731264;34295808;1397067776;0;0;0;0;0;0;0;0;0;0;0;4038;0;0;125;0;42;0;
25609;3702613;1198731264;34295808;1397067776;0;0;0;0;0;0;0;0;0;0;0;3406;0;0;125;0;42;0;
25610;5778486;1198731264;34295808;1397067776;0;0;0;0;0;0;0;0;0;0;0;3226;0;0;125;0;42;0;
25611;3338100;1198731264;34295808;1397067776;0;0;0;0;0;0;0;0;0;0;0;3256;0;0;125;0;42;0;
25612;5178582;1198731264;34295808;1397067776;0;0;0;0;0;0;0;0;0;0;0;3065;0;0;125;0;42;0;
25613;4391266;1198731264;34295808;1397067776;0;0;0;0;0;0;0;0;0;0;0;4147;0;0;125;0;42;0;
25614;5324435;1198731264;34295808;1397067776;0;0;0;0;0;0;0;0;0;0;0;3797;0;0;125;0;42;0;
25615;4655190;1198731264;34295808;1397067776;0;0;0;0;0;0;0;0;0;0;0;4278;0;0;125;0;42;0;
25616;5078053;1198731264;34295808;1397067776;0;0;0;0;0;0;0;0;0;0;0;2705;0;0;125;0;42;0;
25617;3147402;1198731264;34295808;1397067776;0;0;0;0;0;0;0;0;0;0;0;2775;0;0;125;0;42;0;
25618;4674416;1198731264;34295808;1397067776;0;0;0;0;0;0;0;0;0;0;0;2344;0;0;125;0;42;0;
25619;3045702;1198731264;34295808;1397067776;0;0;0;0;0;0;0;0;0;0;0;3477;0;0;125;0;42;0;
25620;4895592;1198731264;34295808;1397067776;0;0;0;0;0;0;0;0;0;0;0;2324;0;0;125;0;42;0;
25621;3397091;1198731264;34295808;1397067776;0;0;0;0;0;0;0;0;0;0;0;3276;0;0;125;0;42;0;
25622;4539724;1198731264;34295808;1397067776;0;0;0;0;0;0;0;0;0;0;0;2545;0;0;125;0;42;0;
25623;3223675;1198731264;34295808;1397067776;0;0;0;0;0;0;0;0;0;0;0;3466;0;0;125;0;42;0;
25624;5009184;1198731264;34295808;1397067776;0;0;0;0;0;0;0;0;0;0;0;3076;0;0;125;0;42;0;
25625;4641334;1198731264;34295808;1397067776;0;0;0;0;0;0;0;0;0;0;0;4458;0;0;125;0;42;0;
25626;5408273;1198731264;34295808;1397067776;0;0;0;0;0;0;0;0;0;0;0;2755;0;0;125;0;42;0;
25627;4075373;1198731264;34295808;1397067776;0;0;0;0;0;0;0;0;0;0;0;2725;0;0;125;0;42;0;
25628;4985580;1198731264;34295808;1397067776;0;0;0;0;0;0;0;0;0;0;0;2545;0;0;125;0;42;0;
25629;3022778;1198731264;34295808;1397067776;0;0;0;0;0;0;0;0;0;0;0;2495;0;0;125;0;42;0;
25630;4695576;1198731264;34295808;1397067776;0;0;0;0;0;0;0;0;0;0;0;2685;0;0;125;0;42;0;
25631;2325762;1198731264;34295808;1397067776;0;0;0;0;0;0;0;0;0;0;0;2094;0;0;125;0;42;0;
25632;4814218;1198731264;34295808;1397067776;0;0;0;0;0;0;0;0;0;0;0;2635;0;0;125;0;42;0;
25633;3186135;1198731264;34295808;1397067776;0;0;0;0;0;0;0;0;0;0;0;2895;0;0;125;0;42;0;
25634;4925727;1198731264;34295808;1397067776;0;0;0;0;0;0;0;0;0;0;0;2415;0;0;125;0;42;0;
25635;3363338;1198731264;34295808;1397067776;0;0;0;0;0;0;0;0;0;0;0;2725;0;0;125;0;42;0;
25636;4948160;1198731264;34295808;1397067776;0;0;0;0;0;0;0;0;0;0;0;2545;0;0;125;0;42;0;
25637;3281133;1198731264;34295808;1397067776;0;0;0;0;0;0;0;0;0;0;0;2795;0;0;125;0;42;0;
25638;4682241;1198731264;34295808;1397067776;0;0;0;0;0;0;0;0;0;0;0;2354;0;0;125;0;42;0;
25639;2827863;1198731264;34295808;1397067776;0;0;0;0;0;0;0;0;0;0;0;2735;0;0;125;0;42;0;
25640;4844436;1198731264;34295808;1397067776;0;0;0;0;0;0;0;0;0;0;0;2395;0;0;125;0;42;0;
25641;3310549;1198731264;34295808;1397067776;0;0;0;0;0;0;0;0;0;0;0;2455;0;0;125;0;42;0;
25642;4798279;1198731264;34295808;1397067776;0;0;0;0;0;0;0;0;0;0;0;2355;0;0;125;0;42;0;
25643;2758464;1198731264;34295808;1397067776;0;0;0;0;0;0;0;0;0;0;0;2595;0;0;125;0;42;0;
25644;4862840;1198731264;34295808;1397067776;0;0;0;0;0;0;0;0;0;0;0;2655;0;0;125;0;42;0;
25645;3801920;1198731264;34295808;1397067776;0;0;0;0;0;0;0;0;0;0;0;3196;0;0;125;0;42;0;
25646;4859203;1198731264;34295808;1397067776;0;0;0;0;0;0;0;0;0;0;0;2204;0;0;125;0;42;0;
25647;3263921;1198731264;34295808;1397067776;0;0;0;0;0;0;0;0;0;0;0;2475;0;0;125;0;42;0;
25648;4887005;1198731264;34295808;1397067776;0;0;0;0;0;0;0;0;0;0;0;2926;0;0;125;0;42;0;
25649;2653717;1198731264;34295808;1397067776;0;0;0;0;0;0;0;0;0;0;0;3357;0;0;125;0;42;0;
25650;4847070;1198731264;34295808;1397067776;0;0;0;0;0;0;0;0;0;0;0;2565;0;0;125;0;42;0;
25651;2827183;1198731264;34295808;1397067776;0;0;0;0;0;0;0;0;0;0;0;3066;0;0;125;0;42;0;
25652;4703601;1198731264;34295808;1397067776;0;0;0;0;0;0;0;0;0;0;0;2174;0;0;125;0;42;0;
25653;4339448;1198731264;34295808;1397067776;0;0;0;0;0;0;0;0;0;0;0;3537;0;0;125;0;42;0;
25654;5032388;1198731264;34295808;1397067776;0;0;0;0;0;0;0;0;0;0;0;2925;0;0;125;0;42;0;
25655;3958794;1198731264;34295808;1397067776;0;0;0;0;0;0;0;0;0;0;0;4188;0;0;125;0;42;0;
25656;5292486;1198731264;34295808;1397067776;0;0;0;0;0;0;0;0;0;0;0;3546;0;0;125;0;42;0;
25657;4384723;1198731264;34295808;1397067776;0;0;0;0;0;0;0;0;0;0;0;4518;0;0;125;0;42;0;
25658;5381633;1198731264;34295808;1397067776;0;0;0;0;0;0;0;0;0;0;0;2735;0;0;125;0;42;0;
25659;4521119;1198731264;34295808;1397067776;0;0;0;0;0;0;0;0;0;0;0;2986;0;0;125;0;42;0;
25660;5217795;1198731264;34295808;1397067776;0;0;0;0;0;0;0;0;0;0;0;2945;0;0;125;0;42;0;
25661;4309111;1198731264;34295808;1397067776;0;0;0;0;0;0;0;0;0;0;0;3436;0;0;125;0;42;0;
25662;5006289;1198731264;34295808;1397067776;0;0;0;0;0;0;0;0;0;0;0;3116;0;0;125;0;42;0;
25663;4894689;1198731264;34295808;1397067776;0;0;0;0;0;0;0;0;0;0;0;3587;0;0;125;0;42;0;
25664;5279210;1198731264;34295808;1397067776;0;0;0;0;0;0;0;0;0;0;0;3536;0;0;125;0;42;0;
25665;4546857;1198731264;34295808;1397067776;0;0;0;0;0;0;0;0;0;0;0;3547;0;0;125;0;42;0;
25666;5124150;1198731264;34295808;1397067776;0;0;0;0;0;0;0;0;0;0;0;2725;0;0;125;0;42;0;
25667;4801224;1198731264;34295808;1397067776;0;0;0;0;0;0;0;0;0;0;0;3968;0;0;125;0;42;0;
25668;5048067;1198731264;34295808;1397067776;0;0;0;0;0;0;0;0;0;0;0;3266;0;0;125;0;42;0;
25669;3805296;1198731264;34295808;1397067776;0;0;0;0;0;0;0;0;0;0;0;4128;0;0;125;0;42;0;
25670;5048588;1198731264;34295808;1397067776;0;0;0;0;0;0;0;0;0;0;0;2816;0;0;125;0;42;0;
25671;4798519;1198731264;34295808;1397067776;0;0;0;0;0;0;0;0;0;0;0;3056;0;0;125;0;42;0;
25672;5185796;1198731264;34295808;1397067776;0;0;0;0;0;0;0;0;0;0;0;2465;0;0;125;0;42;0;
25673;3958765;1198731264;34295808;1397067776;0;0;0;0;0;0;0;0;0;0;0;4038;0;0;125;0;42;0;
25674;5370932;1198731264;34295808;1397067776;0;0;0;0;0;0;0;0;0;0;0;3035;0;0;125;0;42;0;
25675;4221557;1198731264;34295808;1397067776;0;0;0;0;0;0;0;0;0;0;0;4328;0;0;125;0;42;0;
25676;5152212;1198731264;34295808;1397067776;0;0;0;0;0;0;0;0;0;0;0;2755;0;0;125;0;42;0;
25677;4621096;1198731264;34295808;1397067776;0;0;0;0;0;0;0;0;0;0;0;3406;0;0;125;0;42;0;
25678;5644345;1198731264;34295808;1397067776;0;0;0;0;0;0;0;0;0;0;0;3286;0;0;125;0;42;0;
25679;3787704;1198731264;34295808;1397067776;0;0;0;0;0;0;0;0;0;0;0;3507;0;0;125;0;42;0;
25680;5490186;1198731264;34295808;1397067776;0;0;0;0;0;0;0;0;0;0;0;2976;0;0;125;0;42;0;
25681;4389903;1198731264;34295808;1397067776;0;0;0;0;0;0;0;0;0;0;0;3938;0;0;125;0;42;0;
25682;4964791;1198731264;34295808;1397067776;0;0;0;0;0;0;0;0;0;0;0;2936;0;0;125;0;42;0;
25683;4575030;1198731264;34295808;1397067776;0;0;0;0;0;0;0;0;0;0;0;3427;0;0;125;0;42;0;
25684;5259183;1198731264;34295808;1397067776;0;0;0;0;0;0;0;0;0;0;0;2805;0;0;125;0;42;0;
25685;4692180;1198731264;34295808;1397067776;0;0;0;0;0;0;0;0;0;0;0;3827;0;0;125;0;42;0;
25686;4808017;1198731264;34295808;1397067776;0;0;0;0;0;0;0;0;0;0;0;3006;0;0;125;0;42;0;
25687;4019558;1198731264;34295808;1397067776;0;0;0;0;0;0;0;0;0;0;0;4088;0;0;125;0;42;0;
25688;5059118;1198731264;34295808;1397067776;0;0;0;0;0;0;0;0;0;0;0;3086;0;0;125;0;42;0;
25689;4466566;1198731264;34295808;1397067776;0;0;0;0;0;0;0;0;0;0;0;4038;0;0;125;0;42;0;
25690;4998424;1198731264;34295808;1397067776;0;0;0;0;0;0;0;0;0;0;0;3497;0;0;125;0;42;0;
25691;3945499;1198731264;34295808;1397067776;0;0;0;0;0;0;0;0;0;0;0;3998;0;0;125;0;42;0;
25692;5408182;1198731264;34295808;1397067776;0;0;0;0;0;0;0;0;0;0;0;3406;0;0;125;0;42;0;
25693;4290726;1198731264;34295808;1397067776;0;0;0;0;0;0;0;0;0;0;0;3246;0;0;125;0;42;0;
25694;5086409;1198731264;34295808;1397067776;0;0;0;0;0;0;0;0;0;0;0;3266;0;0;125;0;42;0;
25695;3938556;1198731264;34295808;1397067776;0;0;0;0;0;0;0;0;0;0;0;3858;0;0;125;0;42;0;
25696;5625199;1198731264;34295808;1397067776;0;0;0;0;0;0;0;0;0;0;0;3216;0;0;125;0;42;0;
25697;3939708;1198731264;34295808;1397067776;0;0;0;0;0;0;0;0;0;0;0;4028;0;0;125;0;42;0;
25698;5260636;1198731264;34295808;1397067776;0;0;0;0;0;0;0;0;0;0;0;3406;0;0;125;0;42;0;
25699;4739819;1198731264;34295808;1397067776;0;0;0;0;0;0;0;0;0;0;0;3606;0;0;125;0;42;0;
25700;4956565;1198731264;34295808;1397067776;0;0;0;0;0;0;0;0;0;0;0;2314;0;0;125;0;42;0;
25701;3934168;1198731264;34295808;1397067776;0;0;0;0;0;0;0;0;0;0;0;3817;0;0;125;0;42;0;
25702;5171989;1198731264;34295808;1397067776;0;0;0;0;0;0;0;0;0;0;0;3337;0;0;125;0;42;0;
25703;4576292;1198731264;34295808;1397067776;0;0;0;0;0;0;0;0;0;0;0;4779;0;0;125;0;42;0;
25704;5153154;1198731264;34295808;1397067776;0;0;0;0;0;0;0;0;0;0;0;3156;0;0;125;0;42;0;
25705;4474361;1198731264;34295808;1397067776;0;0;0;0;0;0;0;0;0;0;0;4869;0;0;125;0;42;0;
25706;4941547;1198731264;34295808;1397067776;0;0;0;0;0;0;0;0;0;0;0;3156;0;0;125;0;42;0;
25707;4148690;1198731264;34295808;1397067776;0;0;0;0;0;0;0;0;0;0;0;4098;0;0;125;0;42;0;
25708;4972816;1198731264;34295808;1397067776;0;0;0;0;0;0;0;0;0;0;0;3056;0;0;125;0;42;0;
25709;4536688;1198731264;34295808;1397067776;0;0;0;0;0;0;0;0;0;0;0;4308;0;0;125;0;42;0;
25710;4986432;1198731264;34295808;1397067776;0;0;0;0;0;0;0;0;0;0;0;2825;0;0;125;0;42;0;
25711;4278754;1198731264;34295808;1397067776;0;0;0;0;0;0;0;0;0;0;0;3867;0;0;125;0;42;0;
25712;5604982;1198731264;34295808;1397067776;0;0;0;0;0;0;0;0;0;0;0;3727;0;0;125;0;42;0;
25713;4219874;1198731264;34295808;1397067776;0;0;0;0;0;0;0;0;0;0;0;4238;0;0;125;0;42;0;
25714;5017420;1198731264;34295808;1397067776;0;0;0;0;0;0;0;0;0;0;0;2665;0;0;125;0;42;0;
25715;3739263;1198731264;34295808;1397067776;0;0;0;0;0;0;0;0;0;0;0;4308;0;0;125;0;42;0;
25716;5028991;1198731264;34295808;1397067776;0;0;0;0;0;0;0;0;0;0;0;4759;0;0;125;0;42;0;
25717;4567065;1198731264;34295808;1397067776;0;0;0;0;0;0;0;0;0;0;0;4208;0;0;125;0;42;0;
25718;5231430;1198731264;34295808;1397067776;0;0;0;0;0;0;0;0;0;0;0;3066;0;0;125;0;42;0;
25719;4039847;1198731264;34295808;1397067776;0;0;0;0;0;0;0;0;0;0;0;3606;0;0;125;0;42;0;
25720;5225901;1198731264;34295808;1397067776;0;0;0;0;0;0;0;0;0;0;0;3437;0;0;125;0;42;0;
25721;4149983;1198731264;34295808;1397067776;0;0;0;0;0;0;0;0;0;0;0;3878;0;0;125;0;42;0;
25722;5314447;1198731264;34295808;1397067776;0;0;0;0;0;0;0;0;0;0;0;2896;0;0;125;0;42;0;
25723;4057289;1198731264;34295808;1397067776;0;0;0;0;0;0;0;0;0;0;0;4298;0;0;125;0;42;0;
25724;5406509;1198731264;34295808;1397067776;0;0;0;0;0;0;0;0;0;0;0;3987;0;0;125;0;42;0;
25725;4246283;1198731264;34295808;1397067776;0;0;0;0;0;0;0;0;0;0;0;3687;0;0;125;0;42;0;
25726;4918975;1198731264;34295808;1397067776;0;0;0;0;0;0;0;0;0;0;0;3116;0;0;125;0;42;0;
25727;4950594;1198731264;34295808;1397067776;0;0;0;0;0;0;0;0;0;0;0;4148;0;0;125;0;42;0;
25728;5227233;1198731264;34295808;1397067776;0;0;0;0;0;0;0;0;0;0;0;3115;0;0;125;0;42;0;
25729;5060300;1198731264;34295808;1397067776;0;0;0;0;0;0;0;0;0;0;0;4148;0;0;125;0;42;0;
25730;5399185;1198731264;34295808;1397067776;0;0;0;0;0;0;0;0;0;0;0;3116;0;0;125;0;42;0;
25731;4411463;1198731264;34295808;1397067776;0;0;0;0;0;0;0;0;0;0;0;3457;0;0;125;0;42;0;
25732;5007612;1198731264;34295808;1397067776;0;0;0;0;0;0;0;0;0;0;0;2645;0;0;125;0;42;0;
25733;4208753;1198731264;34295808;1397067776;0;0;0;0;0;0;0;0;0;0;0;7404;0;0;125;0;42;0;
25734;8255973;1198731264;34295808;1397067776;0;0;0;0;0;0;0;0;0;0;0;3115;0;0;125;0;42;0;
25735;10099280;1198731264;34295808;1397067776;0;0;0;0;0;0;0;0;0;0;0;3306;0;0;125;0;42;0;
25736;5566399;1198731264;34295808;1397067776;0;0;0;0;0;0;0;0;0;0;0;3346;0;0;125;0;42;0;
25737;4409339;1198731264;34295808;1397067776;0;0;0;0;0;0;0;0;0;0;0;4027;0;0;125;0;42;0;
25738;5609810;1198731264;34295808;1397067776;0;0;0;0;0;0;0;0;0;0;0;3456;0;0;125;0;42;0;
25739;4655571;1198731264;34295808;1397067776;0;0;0;0;0;0;0;0;0;0;0;4188;0;0;125;0;42;0;
25740;5324595;1198731264;34295808;1397067776;0;0;0;0;0;0;0;0;0;0;0;3256;0;0;125;0;42;0;
25741;4070143;1198731264;34295808;1397067776;0;0;0;0;0;0;0;0;0;0;0;3807;0;0;125;0;42;0;
25742;5021347;1198731264;34295808;1397067776;0;0;0;0;0;0;0;0;0;0;0;2435;0;0;125;0;42;0;
25743;3983661;1198731264;34295808;1397067776;0;0;0;0;0;0;0;0;0;0;0;3146;0;0;125;0;42;0;
25744;5060770;1198731264;34295808;1397067776;0;0;0;0;0;0;0;0;0;0;0;2866;0;0;125;0;42;0;
25745;4469302;1198731264;34295808;1397067776;0;0;0;0;0;0;0;0;0;0;0;3957;0;0;125;0;42;0;
25746;5280513;1198731264;34295808;1397067776;0;0;0;0;0;0;0;0;0;0;0;3106;0;0;125;0;42;0;
25747;4413157;1198731264;34295808;1397067776;0;0;0;0;0;0;0;0;0;0;0;3707;0;0;125;0;42;0;
25748;5129140;1198731264;34295808;1397067776;0;0;0;0;0;0;0;0;0;0;0;2885;0;0;125;0;42;0;
25749;4165642;1198731264;34295808;1397067776;0;0;0;0;0;0;0;0;0;0;0;3818;0;0;125;0;42;0;
25750;5255917;1198731264;34295808;1397067776;0;0;0;0;0;0;0;0;0;0;0;2745;0;0;125;0;42;0;
25751;3781472;1198731264;34295808;1397067776;0;0;0;0;0;0;0;0;0;0;0;3516;0;0;125;0;42;0;
25752;5336639;1198731264;34295808;1397067776;0;0;0;0;0;0;0;0;0;0;0;3536;0;0;125;0;42;0;
25753;4635644;1198731264;34295808;1397067776;0;0;0;0;0;0;0;0;0;0;0;3987;0;0;125;0;42;0;
25754;5257009;1198731264;34295808;1397067776;0;0;0;0;0;0;0;0;0;0;0;3016;0;0;125;0;42;0;
25755;4053492;1198731264;34295808;1397067776;0;0;0;0;0;0;0;0;0;0;0;3997;0;0;125;0;42;0;
25756;5175677;1198731264;34295808;1397067776;0;0;0;0;0;0;0;0;0;0;0;3857;0;0;125;0;42;0;
25757;3961319;1198731264;34295808;1397067776;0;0;0;0;0;0;0;0;0;0;0;3887;0;0;125;0;42;0;
25758;5257570;1198731264;34295808;1397067776;0;0;0;0;0;0;0;0;0;0;0;2815;0;0;125;0;42;0;
25759;3722320;1198731264;34295808;1397067776;0;0;0;0;0;0;0;0;0;0;0;3327;0;0;125;0;42;0;
25760;5153014;1198731264;34295808;1397067776;0;0;0;0;0;0;0;0;0;0;0;2845;0;0;125;0;42;0;
25761;4255270;1198731264;34295808;1397067776;0;0;0;0;0;0;0;0;0;0;0;3787;0;0;125;0;42;0;
25762;5108470;1198731264;34295808;1397067776;0;0;0;0;0;0;0;0;0;0;0;2384;0;0;125;0;42;0;
25763;3888462;1198731264;34295808;1397067776;0;0;0;0;0;0;0;0;0;0;0;3757;0;0;125;0;42;0;
25764;5211424;1198731264;34295808;1397067776;0;0;0;0;0;0;0;0;0;0;0;2575;0;0;125;0;42;0;
25765;4380636;1198731264;34295808;1397067776;0;0;0;0;0;0;0;0;0;0;0;3978;0;0;125;0;42;0;
25766;5302654;1198731264;34295808;1397067776;0;0;0;0;0;0;0;0;0;0;0;2725;0;0;125;0;42;0;
25767;4521470;1198731264;34295808;1397067776;0;0;0;0;0;0;0;0;0;0;0;4008;0;0;125;0;42;0;
25768;5169706;1198731264;34295808;1397067776;0;0;0;0;0;0;0;0;0;0;0;3327;0;0;125;0;42;0;
25769;3604510;1198731264;34295808;1397067776;0;0;0;0;0;0;0;0;0;0;0;4058;0;0;125;0;42;0;
25770;5162381;1198731264;34295808;1397067776;0;0;0;0;0;0;0;0;0;0;0;2965;0;0;125;0;42;0;
25771;4427053;1198731264;34295808;1397067776;0;0;0;0;0;0;0;0;0;0;0;3526;0;0;125;0;42;0;
25772;5532155;1198731264;34295808;1397067776;0;0;0;0;0;0;0;0;0;0;0;2625;0;0;125;0;42;0;
25773;3917226;1198731264;34295808;1397067776;0;0;0;0;0;0;0;0;0;0;0;4008;0;0;125;0;42;0;
25774;4990198;1198731264;34295808;1397067776;0;0;0;0;0;0;0;0;0;0;0;3176;0;0;125;0;42;0;
25775;4934233;1198731264;34295808;1397067776;0;0;0;0;0;0;0;0;0;0;0;3647;0;0;125;0;42;0;
25776;5164595;1198731264;34295808;1397067776;0;0;0;0;0;0;0;0;0;0;0;3687;0;0;125;0;42;0;
25777;4296307;1198731264;34295808;1397067776;0;0;0;0;0;0;0;0;0;0;0;4138;0;0;125;0;42;0;
25778;5702675;1198731264;34295808;1397067776;0;0;0;0;0;0;0;0;0;0;0;3977;0;0;125;0;42;0;
25779;3939729;1198731264;34295808;1397067776;0;0;0;0;0;0;0;0;0;0;0;4158;0;0;125;0;42;0;
25780;5117828;1198731264;34295808;1397067776;0;0;0;0;0;0;0;0;0;0;0;3697;0;0;125;0;42;0;
25781;4264537;1198731264;34295808;1397067776;0;0;0;0;0;0;0;0;0;0;0;4328;0;0;125;0;42;0;
25782;5492090;1198731264;34295808;1397067776;0;0;0;0;0;0;0;0;0;0;0;3357;0;0;125;0;42;0;
25783;4542989;1198731264;34295808;1397067776;0;0;0;0;0;0;0;0;0;0;0;4227;0;0;125;0;42;0;
25784;5610982;1198731264;34295808;1397067776;0;0;0;0;0;0;0;0;0;0;0;3196;0;0;125;0;42;0;
25785;4424908;1198731264;34295808;1397067776;0;0;0;0;0;0;0;0;0;0;0;3687;0;0;125;0;42;0;
25786;4941758;1198731264;34295808;1397067776;0;0;0;0;0;0;0;0;0;0;0;2645;0;0;125;0;42;0;
25787;4048433;1198731264;34295808;1397067776;0;0;0;0;0;0;0;0;0;0;0;3176;0;0;125;0;42;0;
25788;5803253;1198731264;34295808;1397067776;0;0;0;0;0;0;0;0;0;0;0;3437;0;0;125;0;42;0;
25789;3605451;1198731264;34295808;1397067776;0;0;0;0;0;0;0;0;0;0;0;4268;0;0;125;0;42;0;
25790;5077442;1198731264;34295808;1397067776;0;0;0;0;0;0;0;0;0;0;0;3306;0;0;125;0;42;0;
25791;4222900;1198731264;34295808;1397067776;0;0;0;0;0;0;0;0;0;0;0;4488;0;0;125;0;42;0;
25792;5669553;1198731264;34295808;1397067776;0;0;0;0;0;0;0;0;0;0;0;3016;0;0;125;0;42;0;
25793;4122191;1198731264;34295808;1397067776;0;0;0;0;0;0;0;0;0;0;0;4148;0;0;125;0;42;0;
25794;5036776;1198731264;34295808;1397067776;0;0;0;0;0;0;0;0;0;0;0;2946;0;0;125;0;42;0;
25795;4526349;1198731264;34295808;1397067776;0;0;0;0;0;0;0;0;0;0;0;4037;0;0;125;0;42;0;
25796;5046384;1198731264;34295808;1397067776;0;0;0;0;0;0;0;0;0;0;0;2915;0;0;125;0;42;0;
25797;5150509;1198731264;34295808;1397067776;0;0;0;0;0;0;0;0;0;0;0;6763;0;0;125;0;42;0;
25798;6089831;1198731264;34295808;1397067776;0;0;0;0;0;0;0;0;0;0;0;5009;0;0;125;0;42;0;
25799;6417936;1198731264;34295808;1397067776;0;0;0;0;0;0;0;0;0;0;0;5490;0;0;125;0;42;0;
25800;5229678;1198731264;34295808;1397067776;0;0;0;0;0;0;0;0;0;0;0;4529;0;0;125;0;42;0;
25801;4650631;1198731264;34295808;1397067776;0;0;0;0;0;0;0;0;0;0;0;4178;0;0;125;0;42;0;
25802;5337339;1198731264;34295808;1397067776;0;0;0;0;0;0;0;0;0;0;0;2735;0;0;125;0;42;0;
25803;3937975;1198731264;34295808;1397067776;0;0;0;0;0;0;0;0;0;0;0;4298;0;0;125;0;42;0;
25804;5088122;1198731264;34295808;1397067776;0;0;0;0;0;0;0;0;0;0;0;3647;0;0;125;0;42;0;
25805;4357872;1198731264;34295808;1397067776;0;0;0;0;0;0;0;0;0;0;0;4709;0;0;125;0;42;0;
25806;5326950;1198731264;34295808;1397067776;0;0;0;0;0;0;0;0;0;0;0;3496;0;0;125;0;42;0;
25807;4058631;1198731264;34295808;1397067776;0;0;0;0;0;0;0;0;0;0;0;3818;0;0;125;0;42;0;
25808;5780651;1198731264;34295808;1397067776;0;0;0;0;0;0;0;0;0;0;0;3076;0;0;125;0;42;0;
25809;4615907;1198731264;34295808;1397067776;0;0;0;0;0;0;0;0;0;0;0;4379;0;0;125;0;42;0;
25810;5131844;1198731264;34295808;1397067776;0;0;0;0;0;0;0;0;0;0;0;2785;0;0;125;0;42;0;
25811;4931529;1198731264;34295808;1397067776;0;0;0;0;0;0;0;0;0;0;0;4207;0;0;125;0;42;0;
25812;5026216;1198731264;34295808;1397067776;0;0;0;0;0;0;0;0;0;0;0;3827;0;0;125;0;42;0;
25813;4941467;1198731264;34295808;1397067776;0;0;0;0;0;0;0;0;0;0;0;4098;0;0;125;0;42;0;
25814;5314968;1198731264;34295808;1397067776;0;0;0;0;0;0;0;0;0;0;0;3286;0;0;125;0;42;0;
25815;5607646;1198731264;34295808;1397067776;0;0;0;0;0;0;0;0;0;0;0;4067;0;0;125;0;42;0;
25816;5175065;1198731264;34295808;1397067776;0;0;0;0;0;0;0;0;0;0;0;3917;0;0;125;0;42;0;
25817;4833285;1198731264;34295808;1397067776;0;0;0;0;0;0;0;0;0;0;0;3346;0;0;125;0;42;0;
25818;5500155;1198731264;34295808;1397067776;0;0;0;0;0;0;0;0;0;0;0;3096;0;0;125;0;42;0;
25819;4504909;1198731264;34295808;1397067776;0;0;0;0;0;0;0;0;0;0;0;3467;0;0;125;0;42;0;
25820;4786296;1198731264;34295808;1397067776;0;0;0;0;0;0;0;0;0;0;0;2925;0;0;125;0;42;0;
25821;5508531;1198731264;34295808;1397067776;0;0;0;0;0;0;0;0;0;0;0;114194;0;0;125;0;42;0;
25822;5454710;1198731264;34295808;1397067776;0;0;0;0;0;0;0;0;0;0;0;3397;0;0;125;0;42;0;
25823;4671481;1198731264;34295808;1397067776;0;0;0;0;0;0;0;0;0;0;0;3987;0;0;125;0;42;0;
25824;5414835;1198731264;34295808;1397067776;0;0;0;0;0;0;0;0;0;0;0;3236;0;0;125;0;42;0;
25825;4255851;1198731264;34295808;1397067776;0;0;0;0;0;0;0;0;0;0;0;4218;0;0;125;0;42;0;
25826;4921240;1198731264;34295808;1397067776;0;0;0;0;0;0;0;0;0;0;0;2425;0;0;125;0;42;0;
25827;4545905;1198731264;34295808;1397067776;0;0;0;0;0;0;0;0;0;0;0;4148;0;0;125;0;42;0;
25828;5417821;1198731264;34295808;1397067776;0;0;0;0;0;0;0;0;0;0;0;3587;0;0;125;0;42;0;
25829;4378361;1198731264;34295808;1397067776;0;0;0;0;0;0;0;0;0;0;0;3837;0;0;125;0;42;0;
25830;5718825;1198731264;34295808;1397067776;0;0;0;0;0;0;0;0;0;0;0;3958;0;0;125;0;42;0;
25831;4035077;1198731264;34304000;1397075968;0;0;0;0;0;0;0;0;0;0;0;3677;0;0;125;0;42;0;
25832;6399321;1198731264;34304000;1397075968;0;0;0;0;0;0;0;0;0;0;0;4479;0;0;125;0;42;0;
25833;5073515;1198731264;34304000;1397075968;0;0;0;0;0;0;0;0;0;0;0;4679;0;0;125;0;42;0;
25834;5513109;1198731264;34304000;1397075968;0;0;0;0;0;0;0;0;0;0;0;4057;0;0;125;0;42;0;
25835;4208843;1198731264;34304000;1397075968;0;0;0;0;0;0;0;0;0;0;0;3517;0;0;125;0;42;0;
25836;5017119;1198731264;34304000;1397075968;0;0;0;0;0;0;0;0;0;0;0;2755;0;0;125;0;42;0;
25837;4040738;1198731264;34295808;1397067776;0;0;0;0;0;0;0;0;0;0;0;4338;0;0;125;0;42;0;
25838;5562612;1198731264;34295808;1397067776;0;0;0;0;0;0;0;0;0;0;0;3196;0;0;125;0;42;0;
25839;4384873;1198731264;34295808;1397067776;0;0;0;0;0;0;0;0;0;0;0;3927;0;0;125;0;42;0;
25840;4975381;1198731264;34295808;1397067776;0;0;0;0;0;0;0;0;0;0;0;3126;0;0;125;0;42;0;
25841;3113760;1198731264;34295808;1397067776;0;0;0;0;0;0;0;0;0;0;0;2726;0;0;125;0;42;0;
25842;4890251;1198731264;34295808;1397067776;0;0;0;0;0;0;0;0;0;0;0;2745;0;0;125;0;42;0;
25843;4040958;1198731264;34295808;1397067776;0;0;0;0;0;0;0;0;0;0;0;3336;0;0;125;0;42;0;
25844;5178381;1198731264;34295808;1397067776;0;0;0;0;0;0;0;0;0;0;0;3777;0;0;125;0;42;0;
25845;4152958;1198731264;34295808;1397067776;0;0;0;0;0;0;0;0;0;0;0;3397;0;0;125;0;42;0;
25846;5247050;1198731264;34295808;1397067776;0;0;0;0;0;0;0;0;0;0;0;3507;0;0;125;0;42;0;
25847;3136202;1198731264;34295808;1397067776;0;0;0;0;0;0;0;0;0;0;0;2655;0;0;125;0;42;0;
25848;4739679;1198731264;34295808;1397067776;0;0;0;0;0;0;0;0;0;0;0;2655;0;0;125;0;42;0;
25849;4272352;1198731264;34295808;1397067776;0;0;0;0;0;0;0;0;0;0;0;3967;0;0;125;0;42;0;
25850;5058206;1198731264;34295808;1397067776;0;0;0;0;0;0;0;0;0;0;0;3306;0;0;125;0;42;0;
25851;3082952;1198731264;34295808;1397067776;0;0;0;0;0;0;0;0;0;0;0;2946;0;0;125;0;42;0;
25852;4940274;1198731264;34295808;1397067776;0;0;0;0;0;0;0;0;0;0;0;2835;0;0;125;0;42;0;
25853;3472201;1198731264;34295808;1397067776;0;0;0;0;0;0;0;0;0;0;0;3186;0;0;125;0;42;0;
25854;5058296;1198731264;34295808;1397067776;0;0;0;0;0;0;0;0;0;0;0;2695;0;0;125;0;42;0;
25855;2599565;1198731264;34295808;1397067776;0;0;0;0;0;0;0;0;0;0;0;2605;0;0;125;0;42;0;
25856;4697359;1198731264;34295808;1397067776;0;0;0;0;0;0;0;0;0;0;0;2725;0;0;125;0;42;0;
25857;3038629;1198731264;34295808;1397067776;0;0;0;0;0;0;0;0;0;0;0;2695;0;0;125;0;42;0;
25858;4873690;1198731264;34295808;1397067776;0;0;0;0;0;0;0;0;0;0;0;2334;0;0;125;0;42;0;
25859;2391575;1198731264;34295808;1397067776;0;0;0;0;0;0;0;0;0;0;0;2835;0;0;125;0;42;0;
25860;5140029;1198731264;34295808;1397067776;0;0;0;0;0;0;0;0;0;0;0;2725;0;0;125;0;42;0;
25861;2992993;1198731264;34295808;1397067776;0;0;0;0;0;0;0;0;0;0;0;2956;0;0;125;0;42;0;
25862;4629322;1198731264;34295808;1397067776;0;0;0;0;0;0;0;0;0;0;0;2494;0;0;125;0;42;0;
25863;2473068;1198731264;34295808;1397067776;0;0;0;0;0;0;0;0;0;0;0;2715;0;0;125;0;42;0;
25864;6031912;1198731264;34295808;1397067776;0;0;0;0;0;0;0;0;0;0;0;2605;0;0;125;0;42;0;
25865;3783245;1198731264;34295808;1397067776;0;0;0;0;0;0;0;0;0;0;0;3787;0;0;125;0;42;0;
25866;5091348;1198731264;34295808;1397067776;0;0;0;0;0;0;0;0;0;0;0;3627;0;0;125;0;42;0;
25867;3768066;1198731264;34295808;1397067776;0;0;0;0;0;0;0;0;0;0;0;4639;0;0;125;0;42;0;
25868;5397772;1198731264;34295808;1397067776;0;0;0;0;0;0;0;0;0;0;0;3236;0;0;125;0;42;0;
25869;4655090;1198731264;34295808;1397067776;0;0;0;0;0;0;0;0;0;0;0;4658;0;0;125;0;42;0;
25870;5194712;1198731264;34295808;1397067776;0;0;0;0;0;0;0;0;0;0;0;2885;0;0;125;0;42;0;
25871;4020059;1198731264;34295808;1397067776;0;0;0;0;0;0;0;0;0;0;0;3446;0;0;125;0;42;0;
25872;5245948;1198731264;34295808;1397067776;0;0;0;0;0;0;0;0;0;0;0;2985;0;0;125;0;42;0;
25873;4372180;1198731264;34295808;1397067776;0;0;0;0;0;0;0;0;0;0;0;3687;0;0;125;0;42;0;
25874;6941738;1198731264;34295808;1397067776;0;0;0;0;0;0;0;0;0;0;0;3366;0;0;125;0;42;0;
25875;5110293;1198731264;34295808;1397067776;0;0;0;0;0;0;0;0;0;0;0;4639;0;0;125;0;42;0;
25876;5575105;1198731264;34295808;1397067776;0;0;0;0;0;0;0;0;0;0;0;4980;0;0;125;0;42;0;
25877;5351436;1198731264;34295808;1397067776;0;0;0;0;0;0;0;0;0;0;0;3797;0;0;125;0;42;0;
25878;5249986;1198731264;34295808;1397067776;0;0;0;0;0;0;0;0;0;0;0;4128;0;0;125;0;42;0;
25879;4419358;1198731264;34295808;1397067776;0;0;0;0;0;0;0;0;0;0;0;3526;0;0;125;0;42;0;
25880;5385590;1198731264;34295808;1397067776;0;0;0;0;0;0;0;0;0;0;0;3536;0;0;125;0;42;0;
25881;2931137;1198731264;34295808;1397067776;0;0;0;0;0;0;0;0;0;0;0;3396;0;0;125;0;42;0;
25882;4858852;1198731264;34295808;1397067776;0;0;0;0;0;0;0;0;0;0;0;2625;0;0;125;0;42;0;
25883;3070439;1198731264;34295808;1397067776;0;0;0;0;0;0;0;0;0;0;0;3456;0;0;125;0;42;0;
25884;5010587;1198731264;34295808;1397067776;0;0;0;0;0;0;0;0;0;0;0;2775;0;0;125;0;42;0;
25885;2855355;1198731264;34295808;1397067776;0;0;0;0;0;0;0;0;0;0;0;2895;0;0;125;0;42;0;
25886;5823752;1198731264;34295808;1397067776;0;0;0;0;0;0;0;0;0;0;0;3437;0;0;125;0;42;0;
25887;4248127;1198731264;34295808;1397067776;0;0;0;0;0;0;0;0;0;0;0;3346;0;0;125;0;42;0;
25888;5590705;1198731264;34295808;1397067776;0;0;0;0;0;0;0;0;0;0;0;3486;0;0;125;0;42;0;
25889;5114321;1198731264;34295808;1397067776;0;0;0;0;0;0;0;0;0;0;0;3347;0;0;125;0;42;0;
25890;4923033;1198731264;34295808;1397067776;0;0;0;0;0;0;0;0;0;0;0;2405;0;0;125;0;42;0;
25891;3395839;1198731264;34295808;1397067776;0;0;0;0;0;0;0;0;0;0;0;2605;0;0;125;0;42;0;
25892;5125442;1198731264;34295808;1397067776;0;0;0;0;0;0;0;0;0;0;0;2445;0;0;125;0;42;0;
25893;3490136;1198731264;34295808;1397067776;0;0;0;0;0;0;0;0;0;0;0;3056;0;0;125;0;42;0;
25894;4885642;1198731264;34295808;1397067776;0;0;0;0;0;0;0;0;0;0;0;2475;0;0;125;0;42;0;
25895;3227503;1198731264;34295808;1397067776;0;0;0;0;0;0;0;0;0;0;0;3387;0;0;125;0;42;0;
25896;5229618;1198731264;34295808;1397067776;0;0;0;0;0;0;0;0;0;0;0;3336;0;0;125;0;42;0;
25897;4255481;1198731264;34295808;1397067776;0;0;0;0;0;0;0;0;0;0;0;4248;0;0;125;0;42;0;
25898;5319516;1198731264;34295808;1397067776;0;0;0;0;0;0;0;0;0;0;0;3316;0;0;125;0;42;0;
25899;4554711;1198731264;34295808;1397067776;0;0;0;0;0;0;0;0;0;0;0;3967;0;0;125;0;42;0;
25900;5046554;1198731264;34295808;1397067776;0;0;0;0;0;0;0;0;0;0;0;3336;0;0;125;0;42;0;
25901;4832513;1198731264;34295808;1397067776;0;0;0;0;0;0;0;0;0;0;0;4338;0;0;125;0;42;0;
25902;5915013;1198731264;34295808;1397067776;0;0;0;0;0;0;0;0;0;0;0;2846;0;0;125;0;42;0;
25903;2604475;1198731264;34295808;1397067776;0;0;0;0;0;0;0;0;0;0;0;2725;0;0;125;0;42;0;
25904;5589622;1198731264;34295808;1397067776;0;0;0;0;0;0;0;0;0;0;0;2805;0;0;125;0;42;0;
25905;2614002;1198731264;34295808;1397067776;0;0;0;0;0;0;0;0;0;0;0;3036;0;0;125;0;42;0;
25906;4947038;1198731264;34295808;1397067776;0;0;0;0;0;0;0;0;0;0;0;2455;0;0;125;0;42;0;
25907;3034450;1198731264;34295808;1397067776;0;0;0;0;0;0;0;0;0;0;0;3045;0;0;125;0;42;0;
25908;4915459;1198731264;34295808;1397067776;0;0;0;0;0;0;0;0;0;0;0;2325;0;0;125;0;42;0;
25909;4474170;1198731264;34295808;1397067776;0;0;0;0;0;0;0;0;0;0;0;3988;0;0;125;0;42;0;
25910;5355083;1198731264;34295808;1397067776;0;0;0;0;0;0;0;0;0;0;0;2985;0;0;125;0;42;0;
25911;3489634;1198731264;34295808;1397067776;0;0;0;0;0;0;0;0;0;0;0;3206;0;0;125;0;42;0;
25912;5067603;1198731264;34295808;1397067776;0;0;0;0;0;0;0;0;0;0;0;2595;0;0;125;0;42;0;
25913;2909256;1198731264;34295808;1397067776;0;0;0;0;0;0;0;0;0;0;0;3105;0;0;125;0;42;0;
25914;5111266;1198731264;34295808;1397067776;0;0;0;0;0;0;0;0;0;0;0;2985;0;0;125;0;42;0;
25915;2733697;1198731264;34295808;1397067776;0;0;0;0;0;0;0;0;0;0;0;3256;0;0;125;0;42;0;
25916;4957488;1198731264;34295808;1397067776;0;0;0;0;0;0;0;0;0;0;0;2936;0;0;125;0;42;0;
25917;3625259;1198731264;34295808;1397067776;0;0;0;0;0;0;0;0;0;0;0;3977;0;0;125;0;42;0;
25918;4610527;1198731264;34295808;1397067776;0;0;0;0;0;0;0;0;0;0;0;2995;0;0;125;0;42;0;
25919;2928412;1198731264;34295808;1397067776;0;0;0;0;0;0;0;0;0;0;0;3456;0;0;125;0;42;0;
25920;5093362;1198731264;34295808;1397067776;0;0;0;0;0;0;0;0;0;0;0;2856;0;0;125;0;42;0;
25921;3264011;1198731264;34295808;1397067776;0;0;0;0;0;0;0;0;0;0;0;3216;0;0;125;0;42;0;
25922;4864804;1198731264;34295808;1397067776;0;0;0;0;0;0;0;0;0;0;0;2615;0;0;125;0;42;0;
25923;2668504;1198731264;34295808;1397067776;0;0;0;0;0;0;0;0;0;0;0;3056;0;0;125;0;42;0;
25924;5273150;1198731264;34295808;1397067776;0;0;0;0;0;0;0;0;0;0;0;2675;0;0;125;0;42;0;
25925;3228014;1198731264;34295808;1397067776;0;0;0;0;0;0;0;0;0;0;0;2705;0;0;125;0;42;0;
25926;4881635;1198731264;34295808;1397067776;0;0;0;0;0;0;0;0;0;0;0;2765;0;0;125;0;42;0;
25927;3651448;1198731264;34295808;1397067776;0;0;0;0;0;0;0;0;0;0;0;3797;0;0;125;0;42;0;
25928;5514602;1198731264;34295808;1397067776;0;0;0;0;0;0;0;0;0;0;0;3627;0;0;125;0;42;0;
25929;4123062;1198731264;34295808;1397067776;0;0;0;0;0;0;0;0;0;0;0;4027;0;0;125;0;42;0;
25930;5021096;1198731264;34295808;1397067776;0;0;0;0;0;0;0;0;0;0;0;3577;0;0;125;0;42;0;
25931;4316445;1198731264;34295808;1397067776;0;0;0;0;0;0;0;0;0;0;0;2706;0;0;125;0;42;0;
25932;4792829;1198731264;34295808;1397067776;0;0;0;0;0;0;0;0;0;0;0;2705;0;0;125;0;42;0;
25933;3007230;1198731264;34295808;1397067776;0;0;0;0;0;0;0;0;0;0;0;2665;0;0;125;0;42;0;
25934;4725082;1198731264;34295808;1397067776;0;0;0;0;0;0;0;0;0;0;0;2464;0;0;125;0;42;0;
25935;2502413;1198731264;34295808;1397067776;0;0;0;0;0;0;0;0;0;0;0;2865;0;0;125;0;42;0;
25936;5200103;1198731264;34295808;1397067776;0;0;0;0;0;0;0;0;0;0;0;2615;0;0;125;0;42;0;
25937;2786365;1198731264;34295808;1397067776;0;0;0;0;0;0;0;0;0;0;0;3125;0;0;125;0;42;0;
25938;4770166;1198731264;34295808;1397067776;0;0;0;0;0;0;0;0;0;0;0;2615;0;0;125;0;42;0;
25939;2810351;1198731264;34295808;1397067776;0;0;0;0;0;0;0;0;0;0;0;3256;0;0;125;0;42;0;
25940;5011329;1198731264;34295808;1397067776;0;0;0;0;0;0;0;0;0;0;0;2625;0;0;125;0;42;0;
25941;3269321;1198731264;34295808;1397067776;0;0;0;0;0;0;0;0;0;0;0;2885;0;0;125;0;42;0;
25942;4659188;1198731264;34295808;1397067776;0;0;0;0;0;0;0;0;0;0;0;2905;0;0;125;0;42;0;
25943;2976081;1198731264;34295808;1397067776;0;0;0;0;0;0;0;0;0;0;0;3257;0;0;125;0;42;0;
25944;4744869;1198731264;34295808;1397067776;0;0;0;0;0;0;0;0;0;0;0;3276;0;0;125;0;42;0;
25945;3829973;1198731264;34295808;1397067776;0;0;0;0;0;0;0;0;0;0;0;3286;0;0;125;0;42;0;
25946;5034672;1198731264;34295808;1397067776;0;0;0;0;0;0;0;0;0;0;0;2585;0;0;125;0;42;0;
25947;3316159;1198731264;34295808;1397067776;0;0;0;0;0;0;0;0;0;0;0;2966;0;0;125;0;42;0;
25948;4854334;1198731264;34295808;1397067776;0;0;0;0;0;0;0;0;0;0;0;2726;0;0;125;0;42;0;
25949;3117857;1198731264;34295808;1397067776;0;0;0;0;0;0;0;0;0;0;0;3737;0;0;125;0;42;0;
25950;10723721;1198731264;34295808;1397067776;0;0;0;0;0;0;0;0;0;0;0;2444;0;0;125;0;42;0;
25951;3236018;1198731264;34295808;1397067776;0;0;0;0;0;0;0;0;0;0;0;2865;0;0;125;0;42;0;
25952;5623576;1198731264;34295808;1397067776;0;0;0;0;0;0;0;0;0;0;0;2585;0;0;125;0;42;0;
25953;3364609;1198731264;34295808;1397067776;0;0;0;0;0;0;0;0;0;0;0;2786;0;0;125;0;42;0;
25954;5299288;1198731264;34295808;1397067776;0;0;0;0;0;0;0;0;0;0;0;3096;0;0;125;0;42;0;
25955;5107388;1198731264;34295808;1397067776;0;0;0;0;0;0;0;0;0;0;0;5180;0;0;125;0;42;0;
25956;4940996;1198731264;34295808;1397067776;0;0;0;0;0;0;0;0;0;0;0;3116;0;0;125;0;42;0;
25957;4390464;1198731264;34295808;1397067776;0;0;0;0;0;0;0;0;0;0;0;3967;0;0;125;0;42;0;
25958;5466131;1198731264;34295808;1397067776;0;0;0;0;0;0;0;0;0;0;0;3016;0;0;125;0;42;0;
25959;3969795;1198731264;34295808;1397067776;0;0;0;0;0;0;0;0;0;0;0;3436;0;0;125;0;42;0;
25960;4766228;1198731264;34295808;1397067776;0;0;0;0;0;0;0;0;0;0;0;3436;0;0;125;0;42;0;
25961;3977259;1198731264;34295808;1397067776;0;0;0;0;0;0;0;0;0;0;0;2795;0;0;125;0;42;0;
25962;5096328;1198731264;34295808;1397067776;0;0;0;0;0;0;0;0;0;0;0;3216;0;0;125;0;42;0;
25963;3154185;1198731264;34295808;1397067776;0;0;0;0;0;0;0;0;0;0;0;3176;0;0;125;0;42;0;
25964;4672292;1198731264;34295808;1397067776;0;0;0;0;0;0;0;0;0;0;0;2925;0;0;125;0;42;0;
25965;2910187;1198731264;34295808;1397067776;0;0;0;0;0;0;0;0;0;0;0;3166;0;0;125;0;42;0;
25966;5353800;1198731264;34295808;1397067776;0;0;0;0;0;0;0;0;0;0;0;2454;0;0;125;0;42;0;
25967;2535705;1198731264;34295808;1397067776;0;0;0;0;0;0;0;0;0;0;0;3637;0;0;125;0;42;0;
25968;4807586;1198731264;34295808;1397067776;0;0;0;0;0;0;0;0;0;0;0;2865;0;0;125;0;42;0;
25969;2414068;1198731264;34295808;1397067776;0;0;0;0;0;0;0;0;0;0;0;3266;0;0;125;0;42;0;
25970;4586712;1198731264;34295808;1397067776;0;0;0;0;0;0;0;0;0;0;0;2675;0;0;125;0;42;0;
25971;2838333;1198731264;34295808;1397067776;0;0;0;0;0;0;0;0;0;0;0;2786;0;0;125;0;42;0;
25972;4939353;1198731264;34295808;1397067776;0;0;0;0;0;0;0;0;0;0;0;2895;0;0;125;0;42;0;
25973;2738967;1198731264;34295808;1397067776;0;0;0;0;0;0;0;0;0;0;0;3467;0;0;125;0;42;0;
25974;4746472;1198731264;34295808;1397067776;0;0;0;0;0;0;0;0;0;0;0;3066;0;0;125;0;42;0;
25975;2972144;1198731264;34295808;1397067776;0;0;0;0;0;0;0;0;0;0;0;3086;0;0;125;0;42;0;
25976;4971714;1198731264;34295808;1397067776;0;0;0;0;0;0;0;0;0;0;0;2796;0;0;125;0;42;0;
25977;2557917;1198731264;34295808;1397067776;0;0;0;0;0;0;0;0;0;0;0;2885;0;0;125;0;42;0;
25978;4815010;1198731264;34295808;1397067776;0;0;0;0;0;0;0;0;0;0;0;2525;0;0;125;0;42;0;
25979;3107928;1198731264;34295808;1397067776;0;0;0;0;0;0;0;0;0;0;0;3246;0;0;125;0;42;0;
25980;4791316;1198731264;34295808;1397067776;0;0;0;0;0;0;0;0;0;0;0;2735;0;0;125;0;42;0;
25981;3129369;1198731264;34295808;1397067776;0;0;0;0;0;0;0;0;0;0;0;3797;0;0;125;0;42;0;
25982;4881004;1198731264;34295808;1397067776;0;0;0;0;0;0;0;0;0;0;0;2976;0;0;125;0;42;0;
25983;3802481;1198731264;34295808;1397067776;0;0;0;0;0;0;0;0;0;0;0;5721;0;0;125;0;42;0;
25984;5308345;1198731264;34295808;1397067776;0;0;0;0;0;0;0;0;0;0;0;4228;0;0;125;0;42;0;
25985;4342023;1198731264;34295808;1397067776;0;0;0;0;0;0;0;0;0;0;0;2996;0;0;125;0;42;0;
25986;5044671;1198731264;34295808;1397067776;0;0;0;0;0;0;0;0;0;0;0;3006;0;0;125;0;42;0;
25987;3465930;1198731264;34295808;1397067776;0;0;0;0;0;0;0;0;0;0;0;3326;0;0;125;0;42;0;
25988;5191687;1198731264;34295808;1397067776;0;0;0;0;0;0;0;0;0;0;0;2685;0;0;125;0;42;0;
25989;2575580;1198731264;34295808;1397067776;0;0;0;0;0;0;0;0;0;0;0;2906;0;0;125;0;42;0;
25990;4759586;1198731264;34295808;1397067776;0;0;0;0;0;0;0;0;0;0;0;2545;0;0;125;0;42;0;
25991;3582678;1198731264;34295808;1397067776;0;0;0;0;0;0;0;0;0;0;0;3106;0;0;125;0;42;0;
25992;4818316;1198731264;34295808;1397067776;0;0;0;0;0;0;0;0;0;0;0;2655;0;0;125;0;42;0;
25993;3068354;1198731264;34295808;1397067776;0;0;0;0;0;0;0;0;0;0;0;3105;0;0;125;0;42;0;
25994;4737063;1198731264;34295808;1397067776;0;0;0;0;0;0;0;0;0;0;0;3126;0;0;125;0;42;0;
25995;2670949;1198731264;34295808;1397067776;0;0;0;0;0;0;0;0;0;0;0;2885;0;0;125;0;42;0;
25996;4748024;1198731264;34295808;1397067776;0;0;0;0;0;0;0;0;0;0;0;3106;0;0;125;0;42;0;
25997;2891152;1198731264;34295808;1397067776;0;0;0;0;0;0;0;0;0;0;0;3056;0;0;125;0;42;0;
25998;4777549;1198731264;34295808;1397067776;0;0;0;0;0;0;0;0;0;0;0;2595;0;0;125;0;42;0;
25999;3129259;1198731264;34295808;1397067776;0;0;0;0;0;0;0;0;0;0;0;3506;0;0;125;0;42;0;
26000;4778321;1198731264;34295808;1397067776;0;0;0;0;0;0;0;0;0;0;0;2825;0;0;125;0;42;0;
26001;3086890;1198731264;34295808;1397067776;0;0;0;0;0;0;0;0;0;0;0;3377;0;0;125;0;42;0;
26002;4878189;1198731264;34295808;1397067776;0;0;0;0;0;0;0;0;0;0;0;2605;0;0;125;0;42;0;
26003;3068475;1198731264;34295808;1397067776;0;0;0;0;0;0;0;0;0;0;0;3136;0;0;125;0;42;0;
26004;5158594;1198731264;34295808;1397067776;0;0;0;0;0;0;0;0;0;0;0;2595;0;0;125;0;42;0;
26005;3679300;1198731264;34295808;1397067776;0;0;0;0;0;0;0;0;0;0;0;3386;0;0;125;0;42;0;
26006;4752413;1198731264;34295808;1397067776;0;0;0;0;0;0;0;0;0;0;0;2645;0;0;125;0;42;0;
26007;3142293;1198731264;34295808;1397067776;0;0;0;0;0;0;0;0;0;0;0;3346;0;0;125;0;42;0;
26008;5005377;1198731264;34295808;1397067776;0;0;0;0;0;0;0;0;0;0;0;2785;0;0;125;0;42;0;
26009;2557066;1198731264;34295808;1397067776;0;0;0;0;0;0;0;0;0;0;0;3186;0;0;125;0;42;0;
26010;4863511;1198731264;34295808;1397067776;0;0;0;0;0;0;0;0;0;0;0;2435;0;0;125;0;42;0;
26011;3890255;1198731264;34295808;1397067776;0;0;0;0;0;0;0;0;0;0;0;4368;0;0;125;0;42;0;
26012;4949452;1198731264;34295808;1397067776;0;0;0;0;0;0;0;0;0;0;0;2485;0;0;125;0;42;0;
26013;2945454;1198731264;34295808;1397067776;0;0;0;0;0;0;0;0;0;0;0;2634;0;0;125;0;42;0;
26014;4712127;1198731264;34295808;1397067776;0;0;0;0;0;0;0;0;0;0;0;2495;0;0;125;0;42;0;
26015;2615775;1198731264;34295808;1397067776;0;0;0;0;0;0;0;0;0;0;0;2875;0;0;125;0;42;0;
26016;5345244;1198731264;34295808;1397067776;0;0;0;0;0;0;0;0;0;0;0;2424;0;0;125;0;42;0;
26017;2365025;1198731264;34295808;1397067776;0;0;0;0;0;0;0;0;0;0;0;3647;0;0;125;0;42;0;
26018;4842732;1198731264;34295808;1397067776;0;0;0;0;0;0;0;0;0;0;0;2835;0;0;125;0;42;0;
26019;2850926;1198731264;34295808;1397067776;0;0;0;0;0;0;0;0;0;0;0;3176;0;0;125;0;42;0;
26020;4778622;1198731264;34295808;1397067776;0;0;0;0;0;0;0;0;0;0;0;2806;0;0;125;0;42;0;
26021;3223936;1198731264;34295808;1397067776;0;0;0;0;0;0;0;0;0;0;0;2986;0;0;125;0;42;0;
26022;5135681;1198731264;34295808;1397067776;0;0;0;0;0;0;0;0;0;0;0;2524;0;0;125;0;42;0;
26023;2448642;1198731264;34295808;1397067776;0;0;0;0;0;0;0;0;0;0;0;3396;0;0;125;0;42;0;
26024;4695686;1198731264;34295808;1397067776;0;0;0;0;0;0;0;0;0;0;0;2454;0;0;125;0;42;0;
26025;3015685;1198731264;34295808;1397067776;0;0;0;0;0;0;0;0;0;0;0;2846;0;0;125;0;42;0;
26026;4813617;1198731264;34295808;1397067776;0;0;0;0;0;0;0;0;0;0;0;2705;0;0;125;0;42;0;
26027;2400722;1198731264;34295808;1397067776;0;0;0;0;0;0;0;0;0;0;0;3206;0;0;125;0;42;0;
26028;4748696;1198731264;34295808;1397067776;0;0;0;0;0;0;0;0;0;0;0;2665;0;0;125;0;42;0;
26029;2668064;1198731264;34295808;1397067776;0;0;0;0;0;0;0;0;0;0;0;2876;0;0;125;0;42;0;
26030;4815380;1198731264;34295808;1397067776;0;0;0;0;0;0;0;0;0;0;0;3066;0;0;125;0;42;0;
26031;2972084;1198731264;34295808;1397067776;0;0;0;0;0;0;0;0;0;0;0;2815;0;0;125;0;42;0;
26032;4887687;1198731264;34295808;1397067776;0;0;0;0;0;0;0;0;0;0;0;2685;0;0;125;0;42;0;
26033;3197767;1198731264;34295808;1397067776;0;0;0;0;0;0;0;0;0;0;0;2385;0;0;125;0;42;0;
26034;5235969;1198731264;34295808;1397067776;0;0;0;0;0;0;0;0;0;0;0;2595;0;0;125;0;42;0;
26035;3188400;1198731264;34295808;1397067776;0;0;0;0;0;0;0;0;0;0;0;3677;0;0;125;0;42;0;
26036;4757973;1198731264;34295808;1397067776;0;0;0;0;0;0;0;0;0;0;0;2474;0;0;125;0;42;0;
26037;3456292;1198731264;34295808;1397067776;0;0;0;0;0;0;0;0;0;0;0;3908;0;0;125;0;42;0;
26038;5420685;1198731264;34295808;1397067776;0;0;0;0;0;0;0;0;0;0;0;3376;0;0;125;0;42;0;
26039;3899313;1198731264;34295808;1397067776;0;0;0;0;0;0;0;0;0;0;0;3176;0;0;125;0;42;0;
26040;5124270;1198731264;34295808;1397067776;0;0;0;0;0;0;0;0;0;0;0;2956;0;0;125;0;42;0;
26041;3181386;1198731264;34295808;1397067776;0;0;0;0;0;0;0;0;0;0;0;3487;0;0;125;0;42;0;
26042;4866527;1198731264;34295808;1397067776;0;0;0;0;0;0;0;0;0;0;0;2726;0;0;125;0;42;0;
26043;3761174;1198731264;34295808;1397067776;0;0;0;0;0;0;0;0;0;0;0;2826;0;0;125;0;42;0;
26044;4758855;1198731264;34295808;1397067776;0;0;0;0;0;0;0;0;0;0;0;3036;0;0;125;0;42;0;
26045;3552191;1198731264;34295808;1397067776;0;0;0;0;0;0;0;0;0;0;0;2946;0;0;125;0;42;0;
26046;4880513;1198731264;34295808;1397067776;0;0;0;0;0;0;0;0;0;0;0;2715;0;0;125;0;42;0;
26047;3316901;1198731264;34295808;1397067776;0;0;0;0;0;0;0;0;0;0;0;2805;0;0;125;0;42;0;
26048;4663986;1198731264;34295808;1397067776;0;0;0;0;0;0;0;0;0;0;0;2755;0;0;125;0;42;0;
26049;3503941;1198731264;34295808;1397067776;0;0;0;0;0;0;0;0;0;0;0;2775;0;0;125;0;42;0;
26050;4717728;1198731264;34295808;1397067776;0;0;0;0;0;0;0;0;0;0;0;2525;0;0;125;0;42;0;
26051;2862287;1198731264;34295808;1397067776;0;0;0;0;0;0;0;0;0;0;0;2885;0;0;125;0;42;0;
26052;4788521;1198731264;34295808;1397067776;0;0;0;0;0;0;0;0;0;0;0;2384;0;0;125;0;42;0;
26053;2902223;1198731264;34295808;1397067776;0;0;0;0;0;0;0;0;0;0;0;3005;0;0;125;0;42;0;
26054;4750860;1198731264;34295808;1397067776;0;0;0;0;0;0;0;0;0;0;0;2765;0;0;125;0;42;0;
26055;3049980;1198731264;34295808;1397067776;0;0;0;0;0;0;0;0;0;0;0;2855;0;0;125;0;42;0;
26056;4756320;1198731264;34295808;1397067776;0;0;0;0;0;0;0;0;0;0;0;3086;0;0;125;0;42;0;
26057;3222413;1198731264;34295808;1397067776;0;0;0;0;0;0;0;0;0;0;0;3286;0;0;125;0;42;0;
26058;4946787;1198731264;34295808;1397067776;0;0;0;0;0;0;0;0;0;0;0;2475;0;0;125;0;42;0;
26059;3126884;1198731264;34295808;1397067776;0;0;0;0;0;0;0;0;0;0;0;3527;0;0;125;0;42;0;
26060;4747323;1198731264;34295808;1397067776;0;0;0;0;0;0;0;0;0;0;0;2776;0;0;125;0;42;0;
26061;2868069;1198731264;34295808;1397067776;0;0;0;0;0;0;0;0;0;0;0;2675;0;0;125;0;42;0;
26062;4632858;1198731264;34295808;1397067776;0;0;0;0;0;0;0;0;0;0;0;2495;0;0;125;0;42;0;
26063;2684214;1198731264;34295808;1397067776;0;0;0;0;0;0;0;0;0;0;0;2665;0;0;125;0;42;0;
26064;4921830;1198731264;34295808;1397067776;0;0;0;0;0;0;0;0;0;0;0;2795;0;0;125;0;42;0;
26065;4070163;1198731264;34295808;1397067776;0;0;0;0;0;0;0;0;0;0;0;2584;0;0;125;0;42;0;
26066;4854033;1198731264;34295808;1397067776;0;0;0;0;0;0;0;0;0;0;0;2975;0;0;125;0;42;0;
26067;2872928;1198731264;34295808;1397067776;0;0;0;0;0;0;0;0;0;0;0;2675;0;0;125;0;42;0;
26068;4720222;1198731264;34295808;1397067776;0;0;0;0;0;0;0;0;0;0;0;2615;0;0;125;0;42;0;
26069;2264286;1198731264;34295808;1397067776;0;0;0;0;0;0;0;0;0;0;0;2885;0;0;125;0;42;0;
26070;5134900;1198731264;34295808;1397067776;0;0;0;0;0;0;0;0;0;0;0;7995;0;0;125;0;42;0;
26071;3297193;1198731264;34295808;1397067776;0;0;0;0;0;0;0;0;0;0;0;2795;0;0;125;0;42;0;
26072;4980591;1198731264;34295808;1397067776;0;0;0;0;0;0;0;0;0;0;0;2214;0;0;125;0;42;0;
26073;2717426;1198731264;34295808;1397067776;0;0;0;0;0;0;0;0;0;0;0;2996;0;0;125;0;42;0;
26074;4553129;1198731264;34295808;1397067776;0;0;0;0;0;0;0;0;0;0;0;2655;0;0;125;0;42;0;
26075;3582940;1198731264;34295808;1397067776;0;0;0;0;0;0;0;0;0;0;0;3296;0;0;125;0;42;0;
26076;6661373;1198731264;34295808;1397067776;0;0;0;0;0;0;0;0;0;0;0;2935;0;0;125;0;42;0;
26077;2919705;1198731264;34295808;1397067776;0;0;0;0;0;0;0;0;0;0;0;3056;0;0;125;0;42;0;
26078;4738677;1198731264;34295808;1397067776;0;0;0;0;0;0;0;0;0;0;0;3146;0;0;125;0;42;0;
26079;2844494;1198731264;34295808;1397067776;0;0;0;0;0;0;0;0;0;0;0;3266;0;0;125;0;42;0;
26080;4857329;1198731264;34295808;1397067776;0;0;0;0;0;0;0;0;0;0;0;3276;0;0;125;0;42;0;
26081;2486233;1198731264;34295808;1397067776;0;0;0;0;0;0;0;0;0;0;0;3246;0;0;125;0;42;0;
26082;4798549;1198731264;34295808;1397067776;0;0;0;0;0;0;0;0;0;0;0;2985;0;0;125;0;42;0;
26083;2796325;1198731264;34295808;1397067776;0;0;0;0;0;0;0;0;0;0;0;2956;0;0;125;0;42;0;
26084;4699273;1198731264;34295808;1397067776;0;0;0;0;0;0;0;0;0;0;0;2856;0;0;125;0;42;0;
26085;2731473;1198731264;34295808;1397067776;0;0;0;0;0;0;0;0;0;0;0;3126;0;0;125;0;42;0;
26086;4774915;1198731264;34295808;1397067776;0;0;0;0;0;0;0;0;0;0;0;2925;0;0;125;0;42;0;
26087;2795192;1198731264;34295808;1397067776;0;0;0;0;0;0;0;0;0;0;0;2915;0;0;125;0;42;0;
26088;4740059;1198731264;34295808;1397067776;0;0;0;0;0;0;0;0;0;0;0;2815;0;0;125;0;42;0;
26089;2753314;1198731264;34295808;1397067776;0;0;0;0;0;0;0;0;0;0;0;3016;0;0;125;0;42;0;
26090;4677772;1198731264;34295808;1397067776;0;0;0;0;0;0;0;0;0;0;0;2745;0;0;125;0;42;0;
26091;3254724;1198731264;34295808;1397067776;0;0;0;0;0;0;0;0;0;0;0;3536;0;0;125;0;42;0;
26092;5276415;1198731264;34295808;1397067776;0;0;0;0;0;0;0;0;0;0;0;3516;0;0;125;0;42;0;
26093;3415505;1198731264;34295808;1397067776;0;0;0;0;0;0;0;0;0;0;0;3506;0;0;125;0;42;0;
26094;5009515;1198731264;34295808;1397067776;0;0;0;0;0;0;0;0;0;0;0;3055;0;0;125;0;42;0;
26095;4960854;1198731264;34295808;1397067776;0;0;0;0;0;0;0;0;0;0;0;5030;0;0;125;0;42;0;
26096;4900240;1198731264;34295808;1397067776;0;0;0;0;0;0;0;0;0;0;0;3577;0;0;125;0;42;0;
26097;3710188;1198731264;34295808;1397067776;0;0;0;0;0;0;0;0;0;0;0;3356;0;0;125;0;42;0;
26098;4774965;1198731264;34295808;1397067776;0;0;0;0;0;0;0;0;0;0;0;3556;0;0;125;0;42;0;
26099;3522075;1198731264;34295808;1397067776;0;0;0;0;0;0;0;0;0;0;0;3957;0;0;125;0;42;0;
26100;5611854;1198731264;34295808;1397067776;0;0;0;0;0;0;0;0;0;0;0;3106;0;0;125;0;42;0;
26101;3611643;1198731264;34295808;1397067776;0;0;0;0;0;0;0;0;0;0;0;3336;0;0;125;0;42;0;
26102;5551531;1198731264;34295808;1397067776;0;0;0;0;0;0;0;0;0;0;0;2705;0;0;125;0;42;0;
26103;4204926;1198731264;34295808;1397067776;0;0;0;0;0;0;0;0;0;0;0;3957;0;0;125;0;42;0;
26104;5310369;1198731264;34295808;1397067776;0;0;0;0;0;0;0;0;0;0;0;3376;0;0;125;0;42;0;
26105;2950413;1198731264;34295808;1397067776;0;0;0;0;0;0;0;0;0;0;0;3627;0;0;125;0;42;0;
26106;5164745;1198731264;34295808;1397067776;0;0;0;0;0;0;0;0;0;0;0;2886;0;0;125;0;42;0;
26107;4325783;1198731264;34295808;1397067776;0;0;0;0;0;0;0;0;0;0;0;4097;0;0;125;0;42;0;
26108;5015496;1198731264;34295808;1397067776;0;0;0;0;0;0;0;0;0;0;0;3507;0;0;125;0;42;0;
26109;4531238;1198731264;34295808;1397067776;0;0;0;0;0;0;0;0;0;0;0;3767;0;0;125;0;42;0;
26110;5304588;1198731264;34295808;1397067776;0;0;0;0;0;0;0;0;0;0;0;2786;0;0;125;0;42;0;
26111;4230104;1198731264;34295808;1397067776;0;0;0;0;0;0;0;0;0;0;0;3487;0;0;125;0;42;0;
26112;5036134;1198731264;34295808;1397067776;0;0;0;0;0;0;0;0;0;0;0;2605;0;0;125;0;42;0;
26113;4051348;1198731264;34295808;1397067776;0;0;0;0;0;0;0;0;0;0;0;2995;0;0;125;0;42;0;
26114;5939189;1198731264;34295808;1397067776;0;0;0;0;0;0;0;0;0;0;0;2484;0;0;125;0;42;0;
26115;3603067;1198731264;34295808;1397067776;0;0;0;0;0;0;0;0;0;0;0;3236;0;0;125;0;42;0;
26116;5363639;1198731264;34295808;1397067776;0;0;0;0;0;0;0;0;0;0;0;2886;0;0;125;0;42;0;
26117;3987678;1198731264;34295808;1397067776;0;0;0;0;0;0;0;0;0;0;0;3707;0;0;125;0;42;0;
26118;5134890;1198731264;34295808;1397067776;0;0;0;0;0;0;0;0;0;0;0;3116;0;0;125;0;42;0;
26119;3190974;1198731264;34295808;1397067776;0;0;0;0;0;0;0;0;0;0;0;4038;0;0;125;0;42;0;
26120;5302885;1198731264;34295808;1397067776;0;0;0;0;0;0;0;0;0;0;0;3476;0;0;125;0;42;0;
26121;3909903;1198731264;34295808;1397067776;0;0;0;0;0;0;0;0;0;0;0;4017;0;0;125;0;42;0;
26122;5545060;1198731264;34295808;1397067776;0;0;0;0;0;0;0;0;0;0;0;3276;0;0;125;0;42;0;
26123;5790389;1198731264;34295808;1397067776;0;0;0;0;0;0;0;0;0;0;0;4398;0;0;125;0;42;0;
26124;5243504;1198731264;34295808;1397067776;0;0;0;0;0;0;0;0;0;0;0;3045;0;0;125;0;42;0;
26125;2789171;1198731264;34295808;1397067776;0;0;0;0;0;0;0;0;0;0;0;3577;0;0;125;0;42;0;
26126;4911802;1198731264;34295808;1397067776;0;0;0;0;0;0;0;0;0;0;0;2705;0;0;125;0;42;0;
26127;3245226;1198731264;34295808;1397067776;0;0;0;0;0;0;0;0;0;0;0;2916;0;0;125;0;42;0;
26128;4746141;1198731264;34295808;1397067776;0;0;0;0;0;0;0;0;0;0;0;3226;0;0;125;0;42;0;
26129;3091839;1198731264;34295808;1397067776;0;0;0;0;0;0;0;0;0;0;0;3096;0;0;125;0;42;0;
26130;4780716;1198731264;34295808;1397067776;0;0;0;0;0;0;0;0;0;0;0;2565;0;0;125;0;42;0;
26131;3468033;1198731264;34295808;1397067776;0;0;0;0;0;0;0;0;0;0;0;2845;0;0;125;0;42;0;
26132;4950344;1198731264;34295808;1397067776;0;0;0;0;0;0;0;0;0;0;0;2495;0;0;125;0;42;0;
26133;3097048;1198731264;34295808;1397067776;0;0;0;0;0;0;0;0;0;0;0;3136;0;0;125;0;42;0;
26134;5074867;1198731264;34295808;1397067776;0;0;0;0;0;0;0;0;0;0;0;2345;0;0;125;0;42;0;
26135;3142634;1198731264;34295808;1397067776;0;0;0;0;0;0;0;0;0;0;0;3186;0;0;125;0;42;0;
26136;5071871;1198731264;34295808;1397067776;0;0;0;0;0;0;0;0;0;0;0;2916;0;0;125;0;42;0;
26137;2725682;1198731264;34295808;1397067776;0;0;0;0;0;0;0;0;0;0;0;3256;0;0;125;0;42;0;
26138;4762181;1198731264;34295808;1397067776;0;0;0;0;0;0;0;0;0;0;0;2535;0;0;125;0;42;0;
26139;2794401;1198731264;34295808;1397067776;0;0;0;0;0;0;0;0;0;0;0;2735;0;0;125;0;42;0;
26140;4852981;1198731264;34295808;1397067776;0;0;0;0;0;0;0;0;0;0;0;2625;0;0;125;0;42;0;
26141;3136432;1198731264;34295808;1397067776;0;0;0;0;0;0;0;0;0;0;0;2715;0;0;125;0;42;0;
26142;4760918;1198731264;34295808;1397067776;0;0;0;0;0;0;0;0;0;0;0;2445;0;0;125;0;42;0;
26143;3231390;1198731264;34295808;1397067776;0;0;0;0;0;0;0;0;0;0;0;3246;0;0;125;0;42;0;
26144;4804240;1198731264;34295808;1397067776;0;0;0;0;0;0;0;0;0;0;0;2665;0;0;125;0;42;0;
26145;3062524;1198731264;34295808;1397067776;0;0;0;0;0;0;0;0;0;0;0;3176;0;0;125;0;42;0;
26146;4916330;1198731264;34295808;1397067776;0;0;0;0;0;0;0;0;0;0;0;2314;0;0;125;0;42;0;
26147;3027377;1198731264;34295808;1397067776;0;0;0;0;0;0;0;0;0;0;0;3016;0;0;125;0;42;0;
26148;5035914;1198731264;34295808;1397067776;0;0;0;0;0;0;0;0;0;0;0;2544;0;0;125;0;42;0;
26149;4730070;1198731264;34295808;1397067776;0;0;0;0;0;0;0;0;0;0;0;6843;0;0;125;0;42;0;
26150;6663747;1198731264;34295808;1397067776;0;0;0;0;0;0;0;0;0;0;0;5040;0;0;125;0;42;0;
26151;4683123;1198731264;34295808;1397067776;0;0;0;0;0;0;0;0;0;0;0;3887;0;0;125;0;42;0;
26152;6335391;1198731264;34295808;1397067776;0;0;0;0;0;0;0;0;0;0;0;119845;0;0;125;0;42;0;
26153;3240437;1198731264;34295808;1397067776;0;0;0;0;0;0;0;0;0;0;0;2845;0;0;125;0;42;0;
26154;5017219;1198731264;34295808;1397067776;0;0;0;0;0;0;0;0;0;0;0;2575;0;0;125;0;42;0;
26155;2985359;1198731264;34295808;1397067776;0;0;0;0;0;0;0;0;0;0;0;2896;0;0;125;0;42;0;
26156;4847711;1198731264;34295808;1397067776;0;0;0;0;0;0;0;0;0;0;0;2675;0;0;125;0;42;0;
26157;2530916;1198731264;34295808;1397067776;0;0;0;0;0;0;0;0;0;0;0;3707;0;0;125;0;42;0;
26158;4747173;1198731264;34295808;1397067776;0;0;0;0;0;0;0;0;0;0;0;3266;0;0;125;0;42;0;
26159;2847129;1198731264;34295808;1397067776;0;0;0;0;0;0;0;0;0;0;0;3437;0;0;125;0;42;0;
26160;5230269;1198731264;34295808;1397067776;0;0;0;0;0;0;0;0;0;0;0;2315;0;0;125;0;42;0;
26161;4832643;1198731264;34295808;1397067776;0;0;0;0;0;0;0;0;0;0;0;4288;0;0;125;0;42;0;
26162;5010297;1198731264;34295808;1397067776;0;0;0;0;0;0;0;0;0;0;0;3607;0;0;125;0;42;0;
26163;5437287;1198731264;34295808;1397067776;0;0;0;0;0;0;0;0;0;0;0;2555;0;0;125;0;42;0;
26164;4940936;1198731264;34295808;1397067776;0;0;0;0;0;0;0;0;0;0;0;2515;0;0;125;0;42;0;
26165;4738666;1198731264;34295808;1397067776;0;0;0;0;0;0;0;0;0;0;0;4268;0;0;125;0;42;0;
26166;4839867;1198731264;34295808;1397067776;0;0;0;0;0;0;0;0;0;0;0;2475;0;0;125;0;42;0;
26167;4024858;1198731264;34295808;1397067776;0;0;0;0;0;0;0;0;0;0;0;2925;0;0;125;0;42;0;
26168;4841840;1198731264;34295808;1397067776;0;0;0;0;0;0;0;0;0;0;0;2325;0;0;125;0;42;0;
26169;3210491;1198731264;34295808;1397067776;0;0;0;0;0;0;0;0;0;0;0;3036;0;0;125;0;42;0;
26170;5015616;1198731264;34295808;1397067776;0;0;0;0;0;0;0;0;0;0;0;2444;0;0;125;0;42;0;
26171;4182904;1198731264;34295808;1397067776;0;0;0;0;0;0;0;0;0;0;0;2795;0;0;125;0;42;0;
26172;4780445;1198731264;34295808;1397067776;0;0;0;0;0;0;0;0;0;0;0;2375;0;0;125;0;42;0;
26173;4421702;1198731264;34295808;1397067776;0;0;0;0;0;0;0;0;0;0;0;3497;0;0;125;0;42;0;
26174;5158354;1198731264;34295808;1397067776;0;0;0;0;0;0;0;0;0;0;0;2635;0;0;125;0;42;0;
26175;5800889;1198731264;34295808;1397067776;0;0;0;0;0;0;0;0;0;0;0;4559;0;0;125;0;42;0;
26176;5587018;1198731264;34295808;1397067776;0;0;0;0;0;0;0;0;0;0;0;3436;0;0;125;0;42;0;
26177;4297760;1198731264;34295808;1397067776;0;0;0;0;0;0;0;0;0;0;0;3476;0;0;125;0;42;0;
26178;5455641;1198731264;34295808;1397067776;0;0;0;0;0;0;0;0;0;0;0;3537;0;0;125;0;42;0;
26179;4029337;1198731264;34295808;1397067776;0;0;0;0;0;0;0;0;0;0;0;3908;0;0;125;0;42;0;
26180;5438419;1198731264;34295808;1397067776;0;0;0;0;0;0;0;0;0;0;0;2965;0;0;125;0;42;0;
26181;4151155;1198731264;34304000;1397075968;0;0;0;0;0;0;0;0;0;0;0;2605;0;0;125;0;42;0;
26182;4809659;1198731264;34304000;1397075968;0;0;0;0;0;0;0;0;0;0;0;2565;0;0;125;0;42;0;
26183;2781716;1198731264;34304000;1397075968;0;0;0;0;0;0;0;0;0;0;0;2815;0;0;125;0;42;0;
26184;4849024;1198731264;34304000;1397075968;0;0;0;0;0;0;0;0;0;0;0;3096;0;0;125;0;42;0;
26185;2925336;1198731264;34304000;1397075968;0;0;0;0;0;0;0;0;0;0;0;2896;0;0;125;0;42;0;
26186;10833597;1198731264;34304000;1397075968;0;0;0;0;0;0;0;0;0;0;0;2695;0;0;125;0;42;0;
26187;3486168;1198731264;34295808;1397067776;0;0;0;0;0;0;0;0;0;0;0;3156;0;0;125;0;42;0;
26188;4964661;1198731264;34295808;1397067776;0;0;0;0;0;0;0;0;0;0;0;3086;0;0;125;0;42;0;
26189;3985424;1198731264;34295808;1397067776;0;0;0;0;0;0;0;0;0;0;0;3487;0;0;125;0;42;0;
26190;4973438;1198731264;34295808;1397067776;0;0;0;0;0;0;0;0;0;0;0;2455;0;0;125;0;42;0;
26191;2827964;1198731264;34295808;1397067776;0;0;0;0;0;0;0;0;0;0;0;3116;0;0;125;0;42;0;
26192;4787459;1198731264;34295808;1397067776;0;0;0;0;0;0;0;0;0;0;0;2354;0;0;125;0;42;0;
26193;3159666;1198731264;34295808;1397067776;0;0;0;0;0;0;0;0;0;0;0;2565;0;0;125;0;42;0;
26194;4698352;1198731264;34295808;1397067776;0;0;0;0;0;0;0;0;0;0;0;2064;0;0;125;0;42;0;
26195;2905008;1198731264;34295808;1397067776;0;0;0;0;0;0;0;0;0;0;0;2895;0;0;125;0;42;0;
26196;4863571;1198731264;34295808;1397067776;0;0;0;0;0;0;0;0;0;0;0;2164;0;0;125;0;42;0;
26197;4037371;1198731264;34295808;1397067776;0;0;0;0;0;0;0;0;0;0;0;2986;0;0;125;0;42;0;
26198;4811944;1198731264;34295808;1397067776;0;0;0;0;0;0;0;0;0;0;0;1934;0;0;125;0;42;0;
26199;3675022;1198731264;34295808;1397067776;0;0;0;0;0;0;0;0;0;0;0;2806;0;0;125;0;42;0;
26200;4592613;1198731264;34295808;1397067776;0;0;0;0;0;0;0;0;0;0;0;1973;0;0;125;0;42;0;
26201;3505214;1198731264;34295808;1397067776;0;0;0;0;0;0;0;0;0;0;0;2895;0;0;125;0;42;0;
26202;4633679;1198731264;34295808;1397067776;0;0;0;0;0;0;0;0;0;0;0;2825;0;0;125;0;42;0;
26203;6549242;1198731264;34295808;1397067776;0;0;0;0;0;0;0;0;0;0;0;6332;0;0;125;0;42;0;
26204;6124546;1198731264;34295808;1397067776;0;0;0;0;0;0;0;0;0;0;0;3546;0;0;125;0;42;0;
26205;4895181;1198731264;34295808;1397067776;0;0;0;0;0;0;0;0;0;0;0;4098;0;0;125;0;42;0;
26206;5412821;1198731264;34295808;1397067776;0;0;0;0;0;0;0;0;0;0;0;3727;0;0;125;0;42;0;
26207;4854844;1198731264;34295808;1397067776;0;0;0;0;0;0;0;0;0;0;0;4329;0;0;125;0;42;0;
26208;5051303;1198731264;34295808;1397067776;0;0;0;0;0;0;0;0;0;0;0;3266;0;0;125;0;42;0;
26209;4547469;1198731264;34295808;1397067776;0;0;0;0;0;0;0;0;0;0;0;4187;0;0;125;0;42;0;
26210;5086569;1198731264;34295808;1397067776;0;0;0;0;0;0;0;0;0;0;0;3908;0;0;125;0;42;0;
26211;4854715;1198731264;34295808;1397067776;0;0;0;0;0;0;0;0;0;0;0;4158;0;0;125;0;42;0;
26212;5100014;1198731264;34295808;1397067776;0;0;0;0;0;0;0;0;0;0;0;2324;0;0;125;0;42;0;
26213;3226861;1198731264;34295808;1397067776;0;0;0;0;0;0;0;0;0;0;0;2585;0;0;125;0;42;0;
26214;4810422;1198731264;34295808;1397067776;0;0;0;0;0;0;0;0;0;0;0;2494;0;0;125;0;42;0;
26215;2404359;1198731264;34295808;1397067776;0;0;0;0;0;0;0;0;0;0;0;2675;0;0;125;0;42;0;
26216;4661152;1198731264;34295808;1397067776;0;0;0;0;0;0;0;0;0;0;0;2525;0;0;125;0;42;0;
26217;3082471;1198731264;34295808;1397067776;0;0;0;0;0;0;0;0;0;0;0;2484;0;0;125;0;42;0;
26218;4735390;1198731264;34295808;1397067776;0;0;0;0;0;0;0;0;0;0;0;2605;0;0;125;0;42;0;
26219;3379358;1198731264;34295808;1397067776;0;0;0;0;0;0;0;0;0;0;0;2735;0;0;125;0;42;0;
26220;5010837;1198731264;34295808;1397067776;0;0;0;0;0;0;0;0;0;0;0;2445;0;0;125;0;42;0;
26221;3783906;1198731264;34295808;1397067776;0;0;0;0;0;0;0;0;0;0;0;3176;0;0;125;0;42;0;
26222;4903987;1198731264;34295808;1397067776;0;0;0;0;0;0;0;0;0;0;0;2484;0;0;125;0;42;0;
26223;3679240;1198731264;34295808;1397067776;0;0;0;0;0;0;0;0;0;0;0;2815;0;0;125;0;42;0;
26224;4956736;1198731264;34295808;1397067776;0;0;0;0;0;0;0;0;0;0;0;3186;0;0;125;0;42;0;
26225;4149121;1198731264;34295808;1397067776;0;0;0;0;0;0;0;0;0;0;0;4339;0;0;125;0;42;0;
26226;5163373;1198731264;34295808;1397067776;0;0;0;0;0;0;0;0;0;0;0;2845;0;0;125;0;42;0;
26227;3882872;1198731264;34295808;1397067776;0;0;0;0;0;0;0;0;0;0;0;2375;0;0;125;0;42;0;
26228;5174524;1198731264;34295808;1397067776;0;0;0;0;0;0;0;0;0;0;0;2595;0;0;125;0;42;0;
26229;3919370;1198731264;34295808;1397067776;0;0;0;0;0;0;0;0;0;0;0;3297;0;0;125;0;42;0;
26230;5240157;1198731264;34295808;1397067776;0;0;0;0;0;0;0;0;0;0;0;2685;0;0;125;0;42;0;
26231;3861982;1198731264;34295808;1397067776;0;0;0;0;0;0;0;0;0;0;0;3727;0;0;125;0;42;0;
26232;5067423;1198731264;34295808;1397067776;0;0;0;0;0;0;0;0;0;0;0;2455;0;0;125;0;42;0;
26233;3627413;1198731264;34295808;1397067776;0;0;0;0;0;0;0;0;0;0;0;3176;0;0;125;0;42;0;
26234;5081910;1198731264;34295808;1397067776;0;0;0;0;0;0;0;0;0;0;0;2455;0;0;125;0;42;0;
26235;2676009;1198731264;34295808;1397067776;0;0;0;0;0;0;0;0;0;0;0;4178;0;0;125;0;42;0;
26236;5224748;1198731264;34295808;1397067776;0;0;0;0;0;0;0;0;0;0;0;2865;0;0;125;0;42;0;
26237;4577474;1198731264;34295808;1397067776;0;0;0;0;0;0;0;0;0;0;0;3035;0;0;125;0;42;0;
26238;5051844;1198731264;34295808;1397067776;0;0;0;0;0;0;0;0;0;0;0;2935;0;0;125;0;42;0;
26239;4730792;1198731264;34295808;1397067776;0;0;0;0;0;0;0;0;0;0;0;3737;0;0;125;0;42;0;
26240;5149106;1198731264;34295808;1397067776;0;0;0;0;0;0;0;0;0;0;0;3296;0;0;125;0;42;0;
26241;4988806;1198731264;34295808;1397067776;0;0;0;0;0;0;0;0;0;0;0;3797;0;0;125;0;42;0;
26242;5190555;1198731264;34295808;1397067776;0;0;0;0;0;0;0;0;0;0;0;3477;0;0;125;0;42;0;
26243;5702203;1198731264;34295808;1397067776;0;0;0;0;0;0;0;0;0;0;0;4959;0;0;125;0;42;0;
26244;5384207;1198731264;34295808;1397067776;0;0;0;0;0;0;0;0;0;0;0;4489;0;0;125;0;42;0;
26245;5086920;1198731264;34295808;1397067776;0;0;0;0;0;0;0;0;0;0;0;4789;0;0;125;0;42;0;
26246;5331338;1198731264;34295808;1397067776;0;0;0;0;0;0;0;0;0;0;0;2946;0;0;125;0;42;0;
26247;4521519;1198731264;34295808;1397067776;0;0;0;0;0;0;0;0;0;0;0;4999;0;0;125;0;42;0;
26248;5096999;1198731264;34295808;1397067776;0;0;0;0;0;0;0;0;0;0;0;3427;0;0;125;0;42;0;
26249;4654509;1198731264;34295808;1397067776;0;0;0;0;0;0;0;0;0;0;0;4398;0;0;125;0;42;0;
26250;4966284;1198731264;34295808;1397067776;0;0;0;0;0;0;0;0;0;0;0;2504;0;0;125;0;42;0;
26251;3548314;1198731264;34295808;1397067776;0;0;0;0;0;0;0;0;0;0;0;2845;0;0;125;0;42;0;
26252;5103941;1198731264;34295808;1397067776;0;0;0;0;0;0;0;0;0;0;0;2645;0;0;125;0;42;0;
26253;3000457;1198731264;34295808;1397067776;0;0;0;0;0;0;0;0;0;0;0;3136;0;0;125;0;42;0;
26254;5290201;1198731264;34295808;1397067776;0;0;0;0;0;0;0;0;0;0;0;2655;0;0;125;0;42;0;
26255;2884119;1198731264;34295808;1397067776;0;0;0;0;0;0;0;0;0;0;0;3337;0;0;125;0;42;0;
26256;4903225;1198731264;34295808;1397067776;0;0;0;0;0;0;0;0;0;0;0;2555;0;0;125;0;42;0;
26257;2884088;1198731264;34295808;1397067776;0;0;0;0;0;0;0;0;0;0;0;2986;0;0;125;0;42;0;
26258;4936388;1198731264;34295808;1397067776;0;0;0;0;0;0;0;0;0;0;0;2755;0;0;125;0;42;0;
26259;2990448;1198731264;34295808;1397067776;0;0;0;0;0;0;0;0;0;0;0;2635;0;0;125;0;42;0;
26260;4632969;1198731264;34295808;1397067776;0;0;0;0;0;0;0;0;0;0;0;2555;0;0;125;0;42;0;
26261;2557747;1198731264;34295808;1397067776;0;0;0;0;0;0;0;0;0;0;0;3006;0;0;125;0;42;0;
26262;5163003;1198731264;34295808;1397067776;0;0;0;0;0;0;0;0;0;0;0;2445;0;0;125;0;42;0;
26263;2705484;1198731264;34295808;1397067776;0;0;0;0;0;0;0;0;0;0;0;3337;0;0;125;0;42;0;
26264;4713029;1198731264;34295808;1397067776;0;0;0;0;0;0;0;0;0;0;0;2464;0;0;125;0;42;0;
26265;3722952;1198731264;34295808;1397067776;0;0;0;0;0;0;0;0;0;0;0;3116;0;0;125;0;42;0;
26266;4649460;1198731264;34295808;1397067776;0;0;0;0;0;0;0;0;0;0;0;2935;0;0;125;0;42;0;
26267;3392602;1198731264;34295808;1397067776;0;0;0;0;0;0;0;0;0;0;0;3406;0;0;125;0;42;0;
26268;4819288;1198731264;34295808;1397067776;0;0;0;0;0;0;0;0;0;0;0;2875;0;0;125;0;42;0;
26269;3316700;1198731264;34295808;1397067776;0;0;0;0;0;0;0;0;0;0;0;3366;0;0;125;0;42;0;
26270;4814749;1198731264;34295808;1397067776;0;0;0;0;0;0;0;0;0;0;0;2575;0;0;125;0;42;0;
26271;3766964;1198731264;34295808;1397067776;0;0;0;0;0;0;0;0;0;0;0;3296;0;0;125;0;42;0;
26272;5335095;1198731264;34295808;1397067776;0;0;0;0;0;0;0;0;0;0;0;2685;0;0;125;0;42;0;
26273;2475232;1198731264;34295808;1397067776;0;0;0;0;0;0;0;0;0;0;0;3416;0;0;125;0;42;0;
26274;4733087;1198731264;34295808;1397067776;0;0;0;0;0;0;0;0;0;0;0;2575;0;0;125;0;42;0;
26275;3642101;1198731264;34295808;1397067776;0;0;0;0;0;0;0;0;0;0;0;4127;0;0;125;0;42;0;
26276;4998664;1198731264;34295808;1397067776;0;0;0;0;0;0;0;0;0;0;0;3116;0;0;125;0;42;0;
26277;3979183;1198731264;34295808;1397067776;0;0;0;0;0;0;0;0;0;0;0;3977;0;0;125;0;42;0;
26278;5450372;1198731264;34295808;1397067776;0;0;0;0;0;0;0;0;0;0;0;2916;0;0;125;0;42;0;
26279;4479992;1198731264;34295808;1397067776;0;0;0;0;0;0;0;0;0;0;0;4820;0;0;125;0;42;0;
26280;5151922;1198731264;34295808;1397067776;0;0;0;0;0;0;0;0;0;0;0;3256;0;0;125;0;42;0;
26281;4895652;1198731264;34295808;1397067776;0;0;0;0;0;0;0;0;0;0;0;4598;0;0;125;0;42;0;
26282;5556501;1198731264;34295808;1397067776;0;0;0;0;0;0;0;0;0;0;0;3196;0;0;125;0;42;0;
26283;4848182;1198731264;34295808;1397067776;0;0;0;0;0;0;0;0;0;0;0;4629;0;0;125;0;42;0;
26284;5290752;1198731264;34295808;1397067776;0;0;0;0;0;0;0;0;0;0;0;2635;0;0;125;0;42;0;
26285;3323272;1198731264;34295808;1397067776;0;0;0;0;0;0;0;0;0;0;0;2865;0;0;125;0;42;0;
26286;4713700;1198731264;34295808;1397067776;0;0;0;0;0;0;0;0;0;0;0;2845;0;0;125;0;42;0;
26287;3592507;1198731264;34295808;1397067776;0;0;0;0;0;0;0;0;0;0;0;3246;0;0;125;0;42;0;
26288;4666211;1198731264;34295808;1397067776;0;0;0;0;0;0;0;0;0;0;0;2745;0;0;125;0;42;0;
26289;3685121;1198731264;34295808;1397067776;0;0;0;0;0;0;0;0;0;0;0;4198;0;0;125;0;42;0;
26290;4822665;1198731264;34295808;1397067776;0;0;0;0;0;0;0;0;0;0;0;2926;0;0;125;0;42;0;
26291;4079911;1198731264;34295808;1397067776;0;0;0;0;0;0;0;0;0;0;0;3386;0;0;125;0;42;0;
26292;5407511;1198731264;34295808;1397067776;0;0;0;0;0;0;0;0;0;0;0;3126;0;0;125;0;42;0;
26293;3331428;1198731264;34304000;1397075968;0;0;0;0;0;0;0;0;0;0;0;2935;0;0;125;0;42;0;
26294;5274001;1198731264;34304000;1397075968;0;0;0;0;0;0;0;0;0;0;0;2785;0;0;125;0;42;0;
26295;3557071;1198731264;34304000;1397075968;0;0;0;0;0;0;0;0;0;0;0;2716;0;0;125;0;42;0;
26296;4957257;1198731264;34304000;1397075968;0;0;0;0;0;0;0;0;0;0;0;2756;0;0;125;0;42;0;
26297;2459342;1198731264;34304000;1397075968;0;0;0;0;0;0;0;0;0;0;0;2595;0;0;125;0;42;0;
26298;4961013;1198731264;34304000;1397075968;0;0;0;0;0;0;0;0;0;0;0;2605;0;0;125;0;42;0;
26299;2745639;1198731264;34295808;1397067776;0;0;0;0;0;0;0;0;0;0;0;2665;0;0;125;0;42;0;
26300;4844385;1198731264;34295808;1397067776;0;0;0;0;0;0;0;0;0;0;0;2735;0;0;125;0;42;0;
26301;3337028;1198731264;34295808;1397067776;0;0;0;0;0;0;0;0;0;0;0;2975;0;0;125;0;42;0;
26302;4921219;1198731264;34295808;1397067776;0;0;0;0;0;0;0;0;0;0;0;2414;0;0;125;0;42;0;
26303;3208497;1198731264;34295808;1397067776;0;0;0;0;0;0;0;0;0;0;0;3066;0;0;125;0;42;0;
26304;4686329;1198731264;34295808;1397067776;0;0;0;0;0;0;0;0;0;0;0;2395;0;0;125;0;42;0;
26305;4095821;1198731264;34295808;1397067776;0;0;0;0;0;0;0;0;0;0;0;3437;0;0;125;0;42;0;
26306;4748044;1198731264;34295808;1397067776;0;0;0;0;0;0;0;0;0;0;0;2505;0;0;125;0;42;0;
26307;3109231;1198731264;34295808;1397067776;0;0;0;0;0;0;0;0;0;0;0;3317;0;0;125;0;42;0;
26308;5051514;1198731264;34295808;1397067776;0;0;0;0;0;0;0;0;0;0;0;2755;0;0;125;0;42;0;
26309;3987268;1198731264;34295808;1397067776;0;0;0;0;0;0;0;0;0;0;0;3356;0;0;125;0;42;0;
26310;5435203;1198731264;34295808;1397067776;0;0;0;0;0;0;0;0;0;0;0;2715;0;0;125;0;42;0;
26311;3051482;1198731264;34295808;1397067776;0;0;0;0;0;0;0;0;0;0;0;3597;0;0;125;0;42;0;
26312;4911822;1198731264;34295808;1397067776;0;0;0;0;0;0;0;0;0;0;0;2695;0;0;125;0;42;0;
26313;3636039;1198731264;34295808;1397067776;0;0;0;0;0;0;0;0;0;0;0;3186;0;0;125;0;42;0;
26314;4995970;1198731264;34295808;1397067776;0;0;0;0;0;0;0;0;0;0;0;2635;0;0;125;0;42;0;
26315;3494354;1198731264;34295808;1397067776;0;0;0;0;0;0;0;0;0;0;0;3217;0;0;125;0;42;0;
26316;4850477;1198731264;34295808;1397067776;0;0;0;0;0;0;0;0;0;0;0;2805;0;0;125;0;42;0;
26317;3761224;1198731264;34295808;1397067776;0;0;0;0;0;0;0;0;0;0;0;2955;0;0;125;0;42;0;
26318;4790383;1198731264;34295808;1397067776;0;0;0;0;0;0;0;0;0;0;0;2314;0;0;125;0;42;0;
26319;3260996;1198731264;34295808;1397067776;0;0;0;0;0;0;0;0;0;0;0;3196;0;0;125;0;42;0;
26320;4891854;1198731264;34295808;1397067776;0;0;0;0;0;0;0;0;0;0;0;2424;0;0;125;0;42;0;
26321;3705980;1198731264;34295808;1397067776;0;0;0;0;0;0;0;0;0;0;0;3146;0;0;125;0;42;0;
26322;4696858;1198731264;34295808;1397067776;0;0;0;0;0;0;0;0;0;0;0;2194;0;0;125;0;42;0;
26323;2845767;1198731264;34295808;1397067776;0;0;0;0;0;0;0;0;0;0;0;3006;0;0;125;0;42;0;
26324;4922181;1198731264;34295808;1397067776;0;0;0;0;0;0;0;0;0;0;0;2465;0;0;125;0;42;0;
26325;2757822;1198731264;34295808;1397067776;0;0;0;0;0;0;0;0;0;0;0;2845;0;0;125;0;42;0;
26326;4916801;1198731264;34295808;1397067776;0;0;0;0;0;0;0;0;0;0;0;2645;0;0;125;0;42;0;
26327;3086779;1198731264;34295808;1397067776;0;0;0;0;0;0;0;0;0;0;0;2895;0;0;125;0;42;0;
26328;4770186;1198731264;34295808;1397067776;0;0;0;0;0;0;0;0;0;0;0;2805;0;0;125;0;42;0;
26329;3022639;1198731264;34295808;1397067776;0;0;0;0;0;0;0;0;0;0;0;3236;0;0;125;0;42;0;
26330;4994436;1198731264;34295808;1397067776;0;0;0;0;0;0;0;0;0;0;0;2595;0;0;125;0;42;0;
26331;3075959;1198731264;34295808;1397067776;0;0;0;0;0;0;0;0;0;0;0;2895;0;0;125;0;42;0;
26332;4802707;1198731264;34295808;1397067776;0;0;0;0;0;0;0;0;0;0;0;2425;0;0;125;0;42;0;
26333;3318633;1198731264;34295808;1397067776;0;0;0;0;0;0;0;0;0;0;0;2945;0;0;125;0;42;0;
26334;5397863;1198731264;34295808;1397067776;0;0;0;0;0;0;0;0;0;0;0;3206;0;0;125;0;42;0;
26335;4302669;1198731264;34295808;1397067776;0;0;0;0;0;0;0;0;0;0;0;4038;0;0;125;0;42;0;
26336;4844715;1198731264;34295808;1397067776;0;0;0;0;0;0;0;0;0;0;0;3035;0;0;125;0;42;0;
26337;4365116;1198731264;34295808;1397067776;0;0;0;0;0;0;0;0;0;0;0;4208;0;0;125;0;42;0;
26338;5245187;1198731264;34295808;1397067776;0;0;0;0;0;0;0;0;0;0;0;3727;0;0;125;0;42;0;
26339;2582002;1198731264;34295808;1397067776;0;0;0;0;0;0;0;0;0;0;0;2775;0;0;125;0;42;0;
26340;5123779;1198731264;34295808;1397067776;0;0;0;0;0;0;0;0;0;0;0;2394;0;0;125;0;42;0;
26341;2800582;1198731264;34295808;1397067776;0;0;0;0;0;0;0;0;0;0;0;2815;0;0;125;0;42;0;
26342;5312963;1198731264;34295808;1397067776;0;0;0;0;0;0;0;0;0;0;0;2144;0;0;125;0;42;0;
26343;2560953;1198731264;34295808;1397067776;0;0;0;0;0;0;0;0;0;0;0;2675;0;0;125;0;42;0;
26344;4793430;1198731264;34295808;1397067776;0;0;0;0;0;0;0;0;0;0;0;2404;0;0;125;0;42;0;
26345;2923713;1198731264;34295808;1397067776;0;0;0;0;0;0;0;0;0;0;0;2765;0;0;125;0;42;0;
26346;4923884;1198731264;34295808;1397067776;0;0;0;0;0;0;0;0;0;0;0;2655;0;0;125;0;42;0;
26347;2605617;1198731264;34295808;1397067776;0;0;0;0;0;0;0;0;0;0;0;2535;0;0;125;0;42;0;
26348;5263080;1198731264;34295808;1397067776;0;0;0;0;0;0;0;0;0;0;0;2385;0;0;125;0;42;0;
26349;2962796;1198731264;34295808;1397067776;0;0;0;0;0;0;0;0;0;0;0;2475;0;0;125;0;42;0;
26350;5023180;1198731264;34295808;1397067776;0;0;0;0;0;0;0;0;0;0;0;2515;0;0;125;0;42;0;
26351;2606949;1198731264;34295808;1397067776;0;0;0;0;0;0;0;0;0;0;0;2835;0;0;125;0;42;0;
26352;4757061;1198731264;34295808;1397067776;0;0;0;0;0;0;0;0;0;0;0;2755;0;0;125;0;42;0;
26353;2884049;1198731264;34295808;1397067776;0;0;0;0;0;0;0;0;0;0;0;2394;0;0;125;0;42;0;
26354;5032227;1198731264;34295808;1397067776;0;0;0;0;0;0;0;0;0;0;0;2575;0;0;125;0;42;0;
26355;2401073;1198731264;34295808;1397067776;0;0;0;0;0;0;0;0;0;0;0;2835;0;0;125;0;42;0;
26356;4847882;1198731264;34295808;1397067776;0;0;0;0;0;0;0;0;0;0;0;2174;0;0;125;0;42;0;
26357;2497734;1198731264;34295808;1397067776;0;0;0;0;0;0;0;0;0;0;0;2765;0;0;125;0;42;0;
26358;5053086;1198731264;34295808;1397067776;0;0;0;0;0;0;0;0;0;0;0;2765;0;0;125;0;42;0;
26359;2914355;1198731264;34295808;1397067776;0;0;0;0;0;0;0;0;0;0;0;2995;0;0;125;0;42;0;
26360;4625124;1198731264;34295808;1397067776;0;0;0;0;0;0;0;0;0;0;0;2675;0;0;125;0;42;0;
26361;3291243;1198731264;34295808;1397067776;0;0;0;0;0;0;0;0;0;0;0;2495;0;0;125;0;42;0;
26362;4914517;1198731264;34295808;1397067776;0;0;0;0;0;0;0;0;0;0;0;2074;0;0;125;0;42;0;
26363;3155227;1198731264;34295808;1397067776;0;0;0;0;0;0;0;0;0;0;0;3236;0;0;125;0;42;0;
26364;4981873;1198731264;34295808;1397067776;0;0;0;0;0;0;0;0;0;0;0;3527;0;0;125;0;42;0;
26365;4469752;1198731264;34295808;1397067776;0;0;0;0;0;0;0;0;0;0;0;4859;0;0;125;0;42;0;
26366;5320508;1198731264;34295808;1397067776;0;0;0;0;0;0;0;0;0;0;0;3627;0;0;125;0;42;0;
26367;2960202;1198731264;34295808;1397067776;0;0;0;0;0;0;0;0;0;0;0;2685;0;0;125;0;42;0;
26368;4852750;1198731264;34295808;1397067776;0;0;0;0;0;0;0;0;0;0;0;2765;0;0;125;0;42;0;
26369;3159075;1198731264;34295808;1397067776;0;0;0;0;0;0;0;0;0;0;0;2885;0;0;125;0;42;0;
26370;4981703;1198731264;34295808;1397067776;0;0;0;0;0;0;0;0;0;0;0;2485;0;0;125;0;42;0;
26371;3220159;1198731264;34295808;1397067776;0;0;0;0;0;0;0;0;0;0;0;2915;0;0;125;0;42;0;
26372;4857790;1198731264;34295808;1397067776;0;0;0;0;0;0;0;0;0;0;0;2555;0;0;125;0;42;0;
26373;3021867;1198731264;34295808;1397067776;0;0;0;0;0;0;0;0;0;0;0;2875;0;0;125;0;42;0;
26374;4986862;1198731264;34295808;1397067776;0;0;0;0;0;0;0;0;0;0;0;2625;0;0;125;0;42;0;
26375;2927430;1198731264;34295808;1397067776;0;0;0;0;0;0;0;0;0;0;0;3196;0;0;125;0;42;0;
26376;4607301;1198731264;34295808;1397067776;0;0;0;0;0;0;0;0;0;0;0;2715;0;0;125;0;42;0;
26377;4000553;1198731264;34295808;1397067776;0;0;0;0;0;0;0;0;0;0;0;3206;0;0;125;0;42;0;
26378;4985961;1198731264;34295808;1397067776;0;0;0;0;0;0;0;0;0;0;0;2615;0;0;125;0;42;0;
26379;3896367;1198731264;34295808;1397067776;0;0;0;0;0;0;0;0;0;0;0;2735;0;0;125;0;42;0;
26380;4781538;1198731264;34295808;1397067776;0;0;0;0;0;0;0;0;0;0;0;2585;0;0;125;0;42;0;
26381;3629246;1198731264;34295808;1397067776;0;0;0;0;0;0;0;0;0;0;0;3286;0;0;125;0;42;0;
26382;5046754;1198731264;34295808;1397067776;0;0;0;0;0;0;0;0;0;0;0;2795;0;0;125;0;42;0;
26383;3353399;1198731264;34295808;1397067776;0;0;0;0;0;0;0;0;0;0;0;3186;0;0;125;0;42;0;
26384;4611759;1198731264;34295808;1397067776;0;0;0;0;0;0;0;0;0;0;0;2485;0;0;125;0;42;0;
26385;3201273;1198731264;34295808;1397067776;0;0;0;0;0;0;0;0;0;0;0;3076;0;0;125;0;42;0;
26386;4826110;1198731264;34295808;1397067776;0;0;0;0;0;0;0;0;0;0;0;2825;0;0;125;0;42;0;
26387;3021537;1198731264;34295808;1397067776;0;0;0;0;0;0;0;0;0;0;0;3437;0;0;125;0;42;0;
26388;4624483;1198731264;34295808;1397067776;0;0;0;0;0;0;0;0;0;0;0;3006;0;0;125;0;42;0;
26389;3026286;1198731264;34295808;1397067776;0;0;0;0;0;0;0;0;0;0;0;2905;0;0;125;0;42;0;
26390;4810291;1198731264;34295808;1397067776;0;0;0;0;0;0;0;0;0;0;0;2975;0;0;125;0;42;0;
26391;4142288;1198731264;34295808;1397067776;0;0;0;0;0;0;0;0;0;0;0;4468;0;0;125;0;42;0;
26392;5410467;1198731264;34295808;1397067776;0;0;0;0;0;0;0;0;0;0;0;2825;0;0;125;0;42;0;
26393;4623511;1198731264;34295808;1397067776;0;0;0;0;0;0;0;0;0;0;0;4819;0;0;125;0;42;0;
26394;5140831;1198731264;34295808;1397067776;0;0;0;0;0;0;0;0;0;0;0;3106;0;0;125;0;42;0;
26395;4687932;1198731264;34295808;1397067776;0;0;0;0;0;0;0;0;0;0;0;4238;0;0;125;0;42;0;
26396;5380340;1198731264;34295808;1397067776;0;0;0;0;0;0;0;0;0;0;0;3256;0;0;125;0;42;0;
26397;4112894;1198731264;34295808;1397067776;0;0;0;0;0;0;0;0;0;0;0;4689;0;0;125;0;42;0;
26398;6070444;1198731264;34295808;1397067776;0;0;0;0;0;0;0;0;0;0;0;3727;0;0;125;0;42;0;
26399;3915002;1198731264;34295808;1397067776;0;0;0;0;0;0;0;0;0;0;0;3787;0;0;125;0;42;0;
26400;5713575;1198731264;34295808;1397067776;0;0;0;0;0;0;0;0;0;0;0;2996;0;0;125;0;42;0;
26401;4475654;1198731264;34295808;1397067776;0;0;0;0;0;0;0;0;0;0;0;3306;0;0;125;0;42;0;
26402;5021176;1198731264;34295808;1397067776;0;0;0;0;0;0;0;0;0;0;0;3527;0;0;125;0;42;0;
26403;4702999;1198731264;34295808;1397067776;0;0;0;0;0;0;0;0;0;0;0;4238;0;0;125;0;42;0;
26404;5302724;1198731264;34295808;1397067776;0;0;0;0;0;0;0;0;0;0;0;3286;0;0;125;0;42;0;
26405;4353254;1198731264;34295808;1397067776;0;0;0;0;0;0;0;0;0;0;0;4329;0;0;125;0;42;0;
26406;5127947;1198731264;34295808;1397067776;0;0;0;0;0;0;0;0;0;0;0;3416;0;0;125;0;42;0;
26407;4372810;1198731264;34295808;1397067776;0;0;0;0;0;0;0;0;0;0;0;4398;0;0;125;0;42;0;
26408;5388806;1198731264;34295808;1397067776;0;0;0;0;0;0;0;0;0;0;0;3467;0;0;125;0;42;0;
26409;4288593;1198731264;34295808;1397067776;0;0;0;0;0;0;0;0;0;0;0;3617;0;0;125;0;42;0;
26410;5261428;1198731264;34295808;1397067776;0;0;0;0;0;0;0;0;0;0;0;2835;0;0;125;0;42;0;
26411;4836540;1198731264;34295808;1397067776;0;0;0;0;0;0;0;0;0;0;0;4809;0;0;125;0;42;0;
26412;5513070;1198731264;34295808;1397067776;0;0;0;0;0;0;0;0;0;0;0;3316;0;0;125;0;42;0;
26413;4646143;1198731264;34295808;1397067776;0;0;0;0;0;0;0;0;0;0;0;4458;0;0;125;0;42;0;
26414;10168340;1198731264;34295808;1397067776;0;0;0;0;0;0;0;0;0;0;0;3156;0;0;125;0;42;0;
26415;8219495;1198731264;34295808;1397067776;0;0;0;0;0;0;0;0;0;0;0;4719;0;0;125;0;42;0;
26416;5523880;1198731264;34295808;1397067776;0;0;0;0;0;0;0;0;0;0;0;2735;0;0;125;0;42;0;
26417;3874255;1198731264;34295808;1397067776;0;0;0;0;0;0;0;0;0;0;0;3256;0;0;125;0;42;0;
26418;5597758;1198731264;34295808;1397067776;0;0;0;0;0;0;0;0;0;0;0;3096;0;0;125;0;42;0;
26419;4276189;1198731264;34295808;1397067776;0;0;0;0;0;0;0;0;0;0;0;4448;0;0;125;0;42;0;
26420;4960192;1198731264;34295808;1397067776;0;0;0;0;0;0;0;0;0;0;0;3456;0;0;125;0;42;0;
26421;4249680;1198731264;34295808;1397067776;0;0;0;0;0;0;0;0;0;0;0;3626;0;0;125;0;42;0;
26422;7730087;1198731264;34295808;1397067776;0;0;0;0;0;0;0;0;0;0;0;2354;0;0;125;0;42;0;
26423;4191069;1198731264;34295808;1397067776;0;0;0;0;0;0;0;0;0;0;0;2896;0;0;125;0;42;0;
26424;5456072;1198731264;34295808;1397067776;0;0;0;0;0;0;0;0;0;0;0;2715;0;0;125;0;42;0;
26425;4047351;1198731264;34295808;1397067776;0;0;0;0;0;0;0;0;0;0;0;3606;0;0;125;0;42;0;
26426;5158544;1198731264;34295808;1397067776;0;0;0;0;0;0;0;0;0;0;0;3076;0;0;125;0;42;0;
26427;3853697;1198731264;34295808;1397067776;0;0;0;0;0;0;0;0;0;0;0;4107;0;0;125;0;42;0;
26428;5734765;1198731264;34295808;1397067776;0;0;0;0;0;0;0;0;0;0;0;3206;0;0;125;0;42;0;
26429;4207391;1198731264;34295808;1397067776;0;0;0;0;0;0;0;0;0;0;0;3998;0;0;125;0;42;0;
26430;4964971;1198731264;34295808;1397067776;0;0;0;0;0;0;0;0;0;0;0;3056;0;0;125;0;42;0;
26431;4247686;1198731264;34295808;1397067776;0;0;0;0;0;0;0;0;0;0;0;4218;0;0;125;0;42;0;
26432;5085036;1198731264;34295808;1397067776;0;0;0;0;0;0;0;0;0;0;0;3196;0;0;125;0;42;0;
26433;4480443;1198731264;34295808;1397067776;0;0;0;0;0;0;0;0;0;0;0;3656;0;0;125;0;42;0;
26434;5339494;1198731264;34295808;1397067776;0;0;0;0;0;0;0;0;0;0;0;2765;0;0;125;0;42;0;
26435;4558349;1198731264;34295808;1397067776;0;0;0;0;0;0;0;0;0;0;0;3768;0;0;125;0;42;0;
26436;5044320;1198731264;34295808;1397067776;0;0;0;0;0;0;0;0;0;0;0;4328;0;0;125;0;42;0;
26437;3965157;1198731264;34295808;1397067776;0;0;0;0;0;0;0;0;0;0;0;3857;0;0;125;0;42;0;
26438;5212325;1198731264;34295808;1397067776;0;0;0;0;0;0;0;0;0;0;0;3577;0;0;125;0;42;0;
26439;4255581;1198731264;34295808;1397067776;0;0;0;0;0;0;0;0;0;0;0;4078;0;0;125;0;42;0;
26440;5740024;1198731264;34295808;1397067776;0;0;0;0;0;0;0;0;0;0;0;3557;0;0;125;0;42;0;
26441;4618932;1198731264;34295808;1397067776;0;0;0;0;0;0;0;0;0;0;0;4729;0;0;125;0;42;0;
26442;4991371;1198731264;34295808;1397067776;0;0;0;0;0;0;0;0;0;0;0;2224;0;0;125;0;42;0;
26443;4132439;1198731264;34295808;1397067776;0;0;0;0;0;0;0;0;0;0;0;4098;0;0;125;0;42;0;
26444;5015455;1198731264;34295808;1397067776;0;0;0;0;0;0;0;0;0;0;0;2655;0;0;125;0;42;0;
26445;3724064;1198731264;34295808;1397067776;0;0;0;0;0;0;0;0;0;0;0;3016;0;0;125;0;42;0;
26446;5229347;1198731264;34295808;1397067776;0;0;0;0;0;0;0;0;0;0;0;2575;0;0;125;0;42;0;
26447;4911611;1198731264;34295808;1397067776;0;0;0;0;0;0;0;0;0;0;0;3988;0;0;125;0;42;0;
26448;4846659;1198731264;34295808;1397067776;0;0;0;0;0;0;0;0;0;0;0;2776;0;0;125;0;42;0;
26449;4331483;1198731264;34295808;1397067776;0;0;0;0;0;0;0;0;0;0;0;3918;0;0;125;0;42;0;
26450;5412480;1198731264;34295808;1397067776;0;0;0;0;0;0;0;0;0;0;0;2936;0;0;125;0;42;0;
26451;4296959;1198731264;34295808;1397067776;0;0;0;0;0;0;0;0;0;0;0;4338;0;0;125;0;42;0;
26452;5452004;1198731264;34295808;1397067776;0;0;0;0;0;0;0;0;0;0;0;3958;0;0;125;0;42;0;
26453;4924916;1198731264;34295808;1397067776;0;0;0;0;0;0;0;0;0;0;0;4669;0;0;125;0;42;0;
26454;5546541;1198731264;34295808;1397067776;0;0;0;0;0;0;0;0;0;0;0;4108;0;0;125;0;42;0;
26455;4276120;1198731264;34295808;1397067776;0;0;0;0;0;0;0;0;0;0;0;4178;0;0;125;0;42;0;
26456;5164566;1198731264;34295808;1397067776;0;0;0;0;0;0;0;0;0;0;0;4118;0;0;125;0;42;0;
26457;4263014;1198731264;34295808;1397067776;0;0;0;0;0;0;0;0;0;0;0;3927;0;0;125;0;42;0;
26458;5117057;1198731264;34295808;1397067776;0;0;0;0;0;0;0;0;0;0;0;3326;0;0;125;0;42;0;
26459;7352268;1198731264;34295808;1397067776;0;0;0;0;0;0;0;0;0;0;0;4359;0;0;125;0;42;0;
26460;5716561;1198731264;34295808;1397067776;0;0;0;0;0;0;0;0;0;0;0;3927;0;0;125;0;42;0;
26461;4970973;1198731264;34295808;1397067776;0;0;0;0;0;0;0;0;0;0;0;4458;0;0;125;0;42;0;
26462;5922287;1198731264;34295808;1397067776;0;0;0;0;0;0;0;0;0;0;0;4058;0;0;125;0;42;0;
26463;4363774;1198731264;34295808;1397067776;0;0;0;0;0;0;0;0;0;0;0;5390;0;0;125;0;42;0;
26464;5878865;1198731264;34295808;1397067776;0;0;0;0;0;0;0;0;0;0;0;5260;0;0;125;0;42;0;
26465;4532821;1198731264;34295808;1397067776;0;0;0;0;0;0;0;0;0;0;0;4349;0;0;125;0;42;0;
26466;5617064;1198731264;34295808;1397067776;0;0;0;0;0;0;0;0;0;0;0;4288;0;0;125;0;42;0;
26467;4372711;1198731264;34295808;1397067776;0;0;0;0;0;0;0;0;0;0;0;4529;0;0;125;0;42;0;
26468;5690112;1198731264;34295808;1397067776;0;0;0;0;0;0;0;0;0;0;0;4288;0;0;125;0;42;0;
26469;4898818;1198731264;34295808;1397067776;0;0;0;0;0;0;0;0;0;0;0;5200;0;0;125;0;42;0;
26470;5871100;1198731264;34295808;1397067776;0;0;0;0;0;0;0;0;0;0;0;4628;0;0;125;0;42;0;
26471;5087851;1198731264;34295808;1397067776;0;0;0;0;0;0;0;0;0;0;0;4849;0;0;125;0;42;0;
26472;5460490;1198731264;34295808;1397067776;0;0;0;0;0;0;0;0;0;0;0;3797;0;0;125;0;42;0;
26473;5579805;1198731264;34295808;1397067776;0;0;0;0;0;0;0;0;0;0;0;5139;0;0;125;0;42;0;
26474;6267254;1198731264;34295808;1397067776;0;0;0;0;0;0;0;0;0;0;0;5009;0;0;125;0;42;0;
26475;5438710;1198731264;34295808;1397067776;0;0;0;0;0;0;0;0;0;0;0;4318;0;0;125;0;42;0;
26476;5552513;1198731264;34295808;1397067776;0;0;0;0;0;0;0;0;0;0;0;3928;0;0;125;0;42;0;
26477;5419785;1198731264;34295808;1397067776;0;0;0;0;0;0;0;0;0;0;0;4708;0;0;125;0;42;0;
26478;5693097;1198731264;34295808;1397067776;0;0;0;0;0;0;0;0;0;0;0;4348;0;0;125;0;42;0;
26479;4305625;1198731264;34295808;1397067776;0;0;0;0;0;0;0;0;0;0;0;4358;0;0;125;0;42;0;
26480;5470499;1198731264;34295808;1397067776;0;0;0;0;0;0;0;0;0;0;0;4218;0;0;125;0;42;0;
26481;4456258;1198731264;34295808;1397067776;0;0;0;0;0;0;0;0;0;0;0;4388;0;0;125;0;42;0;
26482;5576518;1198731264;34295808;1397067776;0;0;0;0;0;0;0;0;0;0;0;3977;0;0;125;0;42;0;
26483;4450767;1198731264;34295808;1397067776;0;0;0;0;0;0;0;0;0;0;0;4378;0;0;125;0;42;0;
26484;5656888;1198731264;34295808;1397067776;0;0;0;0;0;0;0;0;0;0;0;4227;0;0;125;0;42;0;
26485;4366860;1198731264;34295808;1397067776;0;0;0;0;0;0;0;0;0;0;0;4659;0;0;125;0;42;0;
26486;5658351;1198731264;34295808;1397067776;0;0;0;0;0;0;0;0;0;0;0;4399;0;0;125;0;42;0;
26487;4629772;1198731264;34295808;1397067776;0;0;0;0;0;0;0;0;0;0;0;4639;0;0;125;0;42;0;
26488;6135566;1198731264;34295808;1397067776;0;0;0;0;0;0;0;0;0;0;0;4919;0;0;125;0;42;0;
26489;4262534;1198731264;34295808;1397067776;0;0;0;0;0;0;0;0;0;0;0;4188;0;0;125;0;42;0;
26490;6176935;1198731264;34295808;1397067776;0;0;0;0;0;0;0;0;0;0;0;4208;0;0;125;0;42;0;
26491;4682942;1198731264;34295808;1397067776;0;0;0;0;0;0;0;0;0;0;0;4579;0;0;125;0;42;0;
26492;5690913;1198731264;34295808;1397067776;0;0;0;0;0;0;0;0;0;0;0;3858;0;0;125;0;42;0;
26493;6511782;1198731264;34295808;1397067776;0;0;0;0;0;0;0;0;0;0;0;4579;0;0;125;0;42;0;
26494;6300927;1198731264;34295808;1397067776;0;0;0;0;0;0;0;0;0;0;0;4979;0;0;125;0;42;0;
26495;4762431;1198731264;34295808;1397067776;0;0;0;0;0;0;0;0;0;0;0;4368;0;0;125;0;42;0;
26496;6127461;1198731264;34295808;1397067776;0;0;0;0;0;0;0;0;0;0;0;4869;0;0;125;0;42;0;
26497;5395679;1198731264;34295808;1397067776;0;0;0;0;0;0;0;0;0;0;0;4308;0;0;125;0;42;0;
26498;5846304;1198731264;34295808;1397067776;0;0;0;0;0;0;0;0;0;0;0;3918;0;0;125;0;42;0;
26499;4400002;1198731264;34295808;1397067776;0;0;0;0;0;0;0;0;0;0;0;4759;0;0;125;0;42;0;
26500;5347679;1198731264;34295808;1397067776;0;0;0;0;0;0;0;0;0;0;0;4679;0;0;125;0;42;0;
26501;4239330;1198731264;34295808;1397067776;0;0;0;0;0;0;0;0;0;0;0;4438;0;0;125;0;42;0;
26502;5836145;1198731264;34295808;1397067776;0;0;0;0;0;0;0;0;0;0;0;4749;0;0;125;0;42;0;
26503;4714592;1198731264;34295808;1397067776;0;0;0;0;0;0;0;0;0;0;0;4198;0;0;125;0;42;0;
26504;5606173;1198731264;34295808;1397067776;0;0;0;0;0;0;0;0;0;0;0;4288;0;0;125;0;42;0;
26505;4281970;1198731264;34295808;1397067776;0;0;0;0;0;0;0;0;0;0;0;4499;0;0;125;0;42;0;
26506;6096964;1198731264;34295808;1397067776;0;0;0;0;0;0;0;0;0;0;0;4168;0;0;125;0;42;0;
26507;4448122;1198731264;34295808;1397067776;0;0;0;0;0;0;0;0;0;0;0;4188;0;0;125;0;42;0;
26508;5875839;1198731264;34295808;1397067776;0;0;0;0;0;0;0;0;0;0;0;3917;0;0;125;0;42;0;
26509;4311456;1198731264;34295808;1397067776;0;0;0;0;0;0;0;0;0;0;0;4388;0;0;125;0;42;0;
26510;6062229;1198731264;34295808;1397067776;0;0;0;0;0;0;0;0;0;0;0;4007;0;0;125;0;42;0;
26511;4647195;1198731264;34295808;1397067776;0;0;0;0;0;0;0;0;0;0;0;3978;0;0;125;0;42;0;
26512;5442197;1198731264;34295808;1397067776;0;0;0;0;0;0;0;0;0;0;0;4087;0;0;125;0;42;0;
26513;5476951;1198731264;34295808;1397067776;0;0;0;0;0;0;0;0;0;0;0;4969;0;0;125;0;42;0;
26514;5662380;1198731264;34295808;1397067776;0;0;0;0;0;0;0;0;0;0;0;3767;0;0;125;0;42;0;
26515;4408137;1198731264;34295808;1397067776;0;0;0;0;0;0;0;0;0;0;0;4058;0;0;125;0;42;0;
26516;5826237;1198731264;34295808;1397067776;0;0;0;0;0;0;0;0;0;0;0;4098;0;0;125;0;42;0;
26517;4268065;1198731264;34295808;1397067776;0;0;0;0;0;0;0;0;0;0;0;3817;0;0;125;0;42;0;
26518;5896017;1198731264;34295808;1397067776;0;0;0;0;0;0;0;0;0;0;0;4368;0;0;125;0;42;0;
26519;4850717;1198731264;34295808;1397067776;0;0;0;0;0;0;0;0;0;0;0;4629;0;0;125;0;42;0;
26520;5985845;1198731264;34295808;1397067776;0;0;0;0;0;0;0;0;0;0;0;4829;0;0;125;0;42;0;
26521;4372090;1198731264;34295808;1397067776;0;0;0;0;0;0;0;0;0;0;0;4358;0;0;125;0;42;0;
26522;5769420;1198731264;34295808;1397067776;0;0;0;0;0;0;0;0;0;0;0;3848;0;0;125;0;42;0;
26523;4350870;1198731264;34295808;1397067776;0;0;0;0;0;0;0;0;0;0;0;4208;0;0;125;0;42;0;
26524;5783266;1198731264;34295808;1397067776;0;0;0;0;0;0;0;0;0;0;0;3777;0;0;125;0;42;0;
26525;4462158;1198731264;34295808;1397067776;0;0;0;0;0;0;0;0;0;0;0;3597;0;0;125;0;42;0;
26526;6102194;1198731264;34295808;1397067776;0;0;0;0;0;0;0;0;0;0;0;4408;0;0;125;0;42;0;
26527;4477207;1198731264;34295808;1397067776;0;0;0;0;0;0;0;0;0;0;0;3857;0;0;125;0;42;0;
26528;5856764;1198731264;34295808;1397067776;0;0;0;0;0;0;0;0;0;0;0;4017;0;0;125;0;42;0;
26529;4727005;1198731264;34295808;1397067776;0;0;0;0;0;0;0;0;0;0;0;4518;0;0;125;0;42;0;
26530;5571729;1198731264;34295808;1397067776;0;0;0;0;0;0;0;0;0;0;0;4959;0;0;125;0;42;0;
26531;4547839;1198731264;34295808;1397067776;0;0;0;0;0;0;0;0;0;0;0;3877;0;0;125;0;42;0;
26532;5723734;1198731264;34295808;1397067776;0;0;0;0;0;0;0;0;0;0;0;4779;0;0;125;0;42;0;
26533;4443654;1198731264;34295808;1397067776;0;0;0;0;0;0;0;0;0;0;0;3887;0;0;125;0;42;0;
26534;5584122;1198731264;34295808;1397067776;0;0;0;0;0;0;0;0;0;0;0;4168;0;0;125;0;42;0;
26535;4431631;1198731264;34295808;1397067776;0;0;0;0;0;0;0;0;0;0;0;4529;0;0;125;0;42;0;
26536;5609319;1198731264;34295808;1397067776;0;0;0;0;0;0;0;0;0;0;0;3476;0;0;125;0;42;0;
26537;5081139;1198731264;34295808;1397067776;0;0;0;0;0;0;0;0;0;0;0;4228;0;0;125;0;42;0;
26538;5522797;1198731264;34295808;1397067776;0;0;0;0;0;0;0;0;0;0;0;4268;0;0;125;0;42;0;
26539;4575471;1198731264;34295808;1397067776;0;0;0;0;0;0;0;0;0;0;0;4539;0;0;125;0;42;0;
26540;5760213;1198731264;34295808;1397067776;0;0;0;0;0;0;0;0;0;0;0;3296;0;0;125;0;42;0;
26541;4841940;1198731264;34295808;1397067776;0;0;0;0;0;0;0;0;0;0;0;4158;0;0;125;0;42;0;
26542;5395879;1198731264;34295808;1397067776;0;0;0;0;0;0;0;0;0;0;0;3216;0;0;125;0;42;0;
26543;5114702;1198731264;34295808;1397067776;0;0;0;0;0;0;0;0;0;0;0;4329;0;0;125;0;42;0;
26544;5484396;1198731264;34295808;1397067776;0;0;0;0;0;0;0;0;0;0;0;3917;0;0;125;0;42;0;
26545;4872217;1198731264;34295808;1397067776;0;0;0;0;0;0;0;0;0;0;0;4238;0;0;125;0;42;0;
26546;5511987;1198731264;34295808;1397067776;0;0;0;0;0;0;0;0;0;0;0;3566;0;0;125;0;42;0;
26547;4379664;1198731264;34295808;1397067776;0;0;0;0;0;0;0;0;0;0;0;3466;0;0;125;0;42;0;
26548;5499934;1198731264;34295808;1397067776;0;0;0;0;0;0;0;0;0;0;0;3396;0;0;125;0;42;0;
26549;5006520;1198731264;34295808;1397067776;0;0;0;0;0;0;0;0;0;0;0;4038;0;0;125;0;42;0;
26550;5831737;1198731264;34295808;1397067776;0;0;0;0;0;0;0;0;0;0;0;4158;0;0;125;0;42;0;
26551;4858331;1198731264;34295808;1397067776;0;0;0;0;0;0;0;0;0;0;0;4308;0;0;125;0;42;0;
26552;5455571;1198731264;34295808;1397067776;0;0;0;0;0;0;0;0;0;0;0;3797;0;0;125;0;42;0;
26553;4172164;1198731264;34295808;1397067776;0;0;0;0;0;0;0;0;0;0;0;3236;0;0;125;0;42;0;
26554;5943286;1198731264;34295808;1397067776;0;0;0;0;0;0;0;0;0;0;0;3807;0;0;125;0;42;0;
26555;4490251;1198731264;34295808;1397067776;0;0;0;0;0;0;0;0;0;0;0;4469;0;0;125;0;42;0;
26556;5714597;1198731264;34295808;1397067776;0;0;0;0;0;0;0;0;0;0;0;4419;0;0;125;0;42;0;
26557;4438043;1198731264;34295808;1397067776;0;0;0;0;0;0;0;0;0;0;0;4378;0;0;125;0;42;0;
26558;5606654;1198731264;34295808;1397067776;0;0;0;0;0;0;0;0;0;0;0;4178;0;0;125;0;42;0;
26559;4030749;1198731264;34295808;1397067776;0;0;0;0;0;0;0;0;0;0;0;4257;0;0;125;0;42;0;
26560;5356876;1198731264;34295808;1397067776;0;0;0;0;0;0;0;0;0;0;0;3536;0;0;125;0;42;0;
26561;4418627;1198731264;34295808;1397067776;0;0;0;0;0;0;0;0;0;0;0;4248;0;0;125;0;42;0;
26562;5696823;1198731264;34295808;1397067776;0;0;0;0;0;0;0;0;0;0;0;11272;0;0;125;0;42;0;
26563;4395774;1198731264;34295808;1397067776;0;0;0;0;0;0;0;0;0;0;0;4188;0;0;125;0;42;0;
26564;5486710;1198731264;34295808;1397067776;0;0;0;0;0;0;0;0;0;0;0;4419;0;0;125;0;42;0;
26565;5632062;1198731264;34295808;1397067776;0;0;0;0;0;0;0;0;0;0;0;4839;0;0;125;0;42;0;
26566;6056228;1198731264;34295808;1397067776;0;0;0;0;0;0;0;0;0;0;0;5050;0;0;125;0;42;0;
26567;5694679;1198731264;34295808;1397067776;0;0;0;0;0;0;0;0;0;0;0;4358;0;0;125;0;42;0;
26568;5903712;1198731264;34295808;1397067776;0;0;0;0;0;0;0;0;0;0;0;5400;0;0;125;0;42;0;
26569;5810406;1198731264;34295808;1397067776;0;0;0;0;0;0;0;0;0;0;0;4849;0;0;125;0;42;0;
26570;5884696;1198731264;34295808;1397067776;0;0;0;0;0;0;0;0;0;0;0;4929;0;0;125;0;42;0;
26571;5929571;1198731264;34295808;1397067776;0;0;0;0;0;0;0;0;0;0;0;5290;0;0;125;0;42;0;
26572;12013059;1198731264;34295808;1397067776;0;0;0;0;0;0;0;0;0;0;0;4488;0;0;125;0;42;0;
26573;5100997;1198731264;34295808;1397067776;0;0;0;0;0;0;0;0;0;0;0;4759;0;0;125;0;42;0;
26574;5666767;1198731264;34295808;1397067776;0;0;0;0;0;0;0;0;0;0;0;4659;0;0;125;0;42;0;
26575;5047396;1198731264;34295808;1397067776;0;0;0;0;0;0;0;0;0;0;0;4128;0;0;125;0;42;0;
26576;5480568;1198731264;34295808;1397067776;0;0;0;0;0;0;0;0;0;0;0;3497;0;0;125;0;42;0;
26577;4212710;1198731264;34295808;1397067776;0;0;0;0;0;0;0;0;0;0;0;3627;0;0;125;0;42;0;
26578;5876040;1198731264;34295808;1397067776;0;0;0;0;0;0;0;0;0;0;0;3697;0;0;125;0;42;0;
26579;4478308;1198731264;34295808;1397067776;0;0;0;0;0;0;0;0;0;0;0;4217;0;0;125;0;42;0;
26580;5560668;1198731264;34295808;1397067776;0;0;0;0;0;0;0;0;0;0;0;3707;0;0;125;0;42;0;
26581;4065304;1198731264;34295808;1397067776;0;0;0;0;0;0;0;0;0;0;0;4448;0;0;125;0;42;0;
26582;5594021;1198731264;34295808;1397067776;0;0;0;0;0;0;0;0;0;0;0;3707;0;0;125;0;42;0;
26583;3946010;1198731264;34295808;1397067776;0;0;0;0;0;0;0;0;0;0;0;4138;0;0;125;0;42;0;
26584;5109382;1198731264;34295808;1397067776;0;0;0;0;0;0;0;0;0;0;0;4108;0;0;125;0;42;0;
26585;4776228;1198731264;34295808;1397067776;0;0;0;0;0;0;0;0;0;0;0;4007;0;0;125;0;42;0;
26586;5342088;1198731264;34295808;1397067776;0;0;0;0;0;0;0;0;0;0;0;3466;0;0;125;0;42;0;
26587;5574354;1198731264;34295808;1397067776;0;0;0;0;0;0;0;0;0;0;0;4618;0;0;125;0;42;0;
26588;5218467;1198731264;34295808;1397067776;0;0;0;0;0;0;0;0;0;0;0;3988;0;0;125;0;42;0;
26589;5080397;1198731264;34295808;1397067776;0;0;0;0;0;0;0;0;0;0;0;4609;0;0;125;0;42;0;
26590;5273681;1198731264;34295808;1397067776;0;0;0;0;0;0;0;0;0;0;0;4027;0;0;125;0;42;0;
26591;4736643;1198731264;34295808;1397067776;0;0;0;0;0;0;0;0;0;0;0;4248;0;0;125;0;42;0;
26592;5792774;1198731264;34295808;1397067776;0;0;0;0;0;0;0;0;0;0;0;4278;0;0;125;0;42;0;
26593;4551276;1198731264;34295808;1397067776;0;0;0;0;0;0;0;0;0;0;0;4258;0;0;125;0;42;0;
26594;6235223;1198731264;34295808;1397067776;0;0;0;0;0;0;0;0;0;0;0;4569;0;0;125;0;42;0;
26595;4814859;1198731264;34295808;1397067776;0;0;0;0;0;0;0;0;0;0;0;4739;0;0;125;0;42;0;
26596;5801149;1198731264;34295808;1397067776;0;0;0;0;0;0;0;0;0;0;0;5350;0;0;125;0;42;0;
26597;5734594;1198731264;34295808;1397067776;0;0;0;0;0;0;0;0;0;0;0;4628;0;0;125;0;42;0;
26598;5902339;1198731264;34295808;1397067776;0;0;0;0;0;0;0;0;0;0;0;4378;0;0;125;0;42;0;
26599;4727165;1198731264;34295808;1397067776;0;0;0;0;0;0;0;0;0;0;0;4889;0;0;125;0;42;0;
26600;6185650;1198731264;34295808;1397067776;0;0;0;0;0;0;0;0;0;0;0;4178;0;0;125;0;42;0;
26601;4926509;1198731264;34295808;1397067776;0;0;0;0;0;0;0;0;0;0;0;4238;0;0;125;0;42;0;
26602;6053442;1198731264;34295808;1397067776;0;0;0;0;0;0;0;0;0;0;0;4408;0;0;125;0;42;0;
26603;4279456;1198731264;34304000;1397075968;0;0;0;0;0;0;0;0;0;0;0;3627;0;0;125;0;42;0;
26604;11732754;1198731264;34304000;1397075968;0;0;0;0;0;0;0;0;0;0;0;3667;0;0;125;0;42;0;
26605;6077027;1198731264;34304000;1397075968;0;0;0;0;0;0;0;0;0;0;0;7153;0;0;125;0;42;0;
26606;6365779;1198731264;34304000;1397075968;0;0;0;0;0;0;0;0;0;0;0;4758;0;0;125;0;42;0;
26607;5581798;1198731264;34304000;1397075968;0;0;0;0;0;0;0;0;0;0;0;4950;0;0;125;0;42;0;
26608;5629057;1198731264;34304000;1397075968;0;0;0;0;0;0;0;0;0;0;0;4368;0;0;125;0;42;0;
26609;6298712;1198731264;34295808;1397067776;0;0;0;0;0;0;0;0;0;0;0;4358;0;0;125;0;42;0;
26610;5288017;1198731264;34295808;1397067776;0;0;0;0;0;0;0;0;0;0;0;3967;0;0;125;0;42;0;
26611;5153715;1198731264;34295808;1397067776;0;0;0;0;0;0;0;0;0;0;0;5250;0;0;125;0;42;0;
26612;5340445;1198731264;34295808;1397067776;0;0;0;0;0;0;0;0;0;0;0;3046;0;0;125;0;42;0;
26613;4521960;1198731264;34295808;1397067776;0;0;0;0;0;0;0;0;0;0;0;3777;0;0;125;0;42;0;
26614;5327841;1198731264;34295808;1397067776;0;0;0;0;0;0;0;0;0;0;0;3807;0;0;125;0;42;0;
26615;5052675;1198731264;34295808;1397067776;0;0;0;0;0;0;0;0;0;0;0;4078;0;0;125;0;42;0;
26616;5722532;1198731264;34295808;1397067776;0;0;0;0;0;0;0;0;0;0;0;4118;0;0;125;0;42;0;
26617;4685727;1198731264;34295808;1397067776;0;0;0;0;0;0;0;0;0;0;0;4519;0;0;125;0;42;0;
26618;6057760;1198731264;34295808;1397067776;0;0;0;0;0;0;0;0;0;0;0;4609;0;0;125;0;42;0;
26619;4910679;1198731264;34295808;1397067776;0;0;0;0;0;0;0;0;0;0;0;3828;0;0;125;0;42;0;
26620;5638524;1198731264;34295808;1397067776;0;0;0;0;0;0;0;0;0;0;0;4409;0;0;125;0;42;0;
26621;4926809;1198731264;34295808;1397067776;0;0;0;0;0;0;0;0;0;0;0;4999;0;0;125;0;42;0;
26622;5634767;1198731264;34295808;1397067776;0;0;0;0;0;0;0;0;0;0;0;4789;0;0;125;0;42;0;
26623;4551716;1198731264;34295808;1397067776;0;0;0;0;0;0;0;0;0;0;0;4498;0;0;125;0;42;0;
26624;6394011;1198731264;34295808;1397067776;0;0;0;0;0;0;0;0;0;0;0;4177;0;0;125;0;42;0;
26625;4490491;1198731264;34295808;1397067776;0;0;0;0;0;0;0;0;0;0;0;4248;0;0;125;0;42;0;
26626;6072929;1198731264;34295808;1397067776;0;0;0;0;0;0;0;0;0;0;0;4819;0;0;125;0;42;0;
26627;5297405;1198731264;34295808;1397067776;0;0;0;0;0;0;0;0;0;0;0;4087;0;0;125;0;42;0;
26628;6444095;1198731264;34295808;1397067776;0;0;0;0;0;0;0;0;0;0;0;3967;0;0;125;0;42;0;
26629;6099118;1198731264;34295808;1397067776;0;0;0;0;0;0;0;0;0;0;0;4338;0;0;125;0;42;0;
26630;5666657;1198731264;34295808;1397067776;0;0;0;0;0;0;0;0;0;0;0;3547;0;0;125;0;42;0;
26631;4608673;1198731264;34295808;1397067776;0;0;0;0;0;0;0;0;0;0;0;4098;0;0;125;0;42;0;
26632;5260806;1198731264;34295808;1397067776;0;0;0;0;0;0;0;0;0;0;0;3417;0;0;125;0;42;0;
26633;4632127;1198731264;34295808;1397067776;0;0;0;0;0;0;0;0;0;0;0;3817;0;0;125;0;42;0;
26634;5376634;1198731264;34295808;1397067776;0;0;0;0;0;0;0;0;0;0;0;3336;0;0;125;0;42;0;
26635;4084159;1198731264;34295808;1397067776;0;0;0;0;0;0;0;0;0;0;0;3878;0;0;125;0;42;0;
26636;5567812;1198731264;34295808;1397067776;0;0;0;0;0;0;0;0;0;0;0;3867;0;0;125;0;42;0;
26637;3500034;1198731264;34295808;1397067776;0;0;0;0;0;0;0;0;0;0;0;4208;0;0;125;0;42;0;
26638;5308616;1198731264;34295808;1397067776;0;0;0;0;0;0;0;0;0;0;0;2885;0;0;125;0;42;0;
26639;5114632;1198731264;34295808;1397067776;0;0;0;0;0;0;0;0;0;0;0;3626;0;0;125;0;42;0;
26640;5833139;1198731264;34295808;1397067776;0;0;0;0;0;0;0;0;0;0;0;3637;0;0;125;0;42;0;
26641;5148064;1198731264;34295808;1397067776;0;0;0;0;0;0;0;0;0;0;0;4969;0;0;125;0;42;0;
26642;5529851;1198731264;34295808;1397067776;0;0;0;0;0;0;0;0;0;0;0;4258;0;0;125;0;42;0;
26643;5079817;1198731264;34295808;1397067776;0;0;0;0;0;0;0;0;0;0;0;4388;0;0;125;0;42;0;
26644;5858958;1198731264;34295808;1397067776;0;0;0;0;0;0;0;0;0;0;0;4078;0;0;125;0;42;0;
26645;4492054;1198731264;34295808;1397067776;0;0;0;0;0;0;0;0;0;0;0;4177;0;0;125;0;42;0;
26646;6772992;1198731264;34295808;1397067776;0;0;0;0;0;0;0;0;0;0;0;5300;0;0;125;0;42;0;
26647;4883739;1198731264;34295808;1397067776;0;0;0;0;0;0;0;0;0;0;0;3897;0;0;125;0;42;0;
26648;5474947;1198731264;34295808;1397067776;0;0;0;0;0;0;0;0;0;0;0;3967;0;0;125;0;42;0;
26649;4492105;1198731264;34295808;1397067776;0;0;0;0;0;0;0;0;0;0;0;4549;0;0;125;0;42;0;
26650;5942655;1198731264;34295808;1397067776;0;0;0;0;0;0;0;0;0;0;0;11631;0;0;125;0;42;0;
26651;4881485;1198731264;34295808;1397067776;0;0;0;0;0;0;0;0;0;0;0;4678;0;0;125;0;42;0;
26652;5754291;1198731264;34295808;1397067776;0;0;0;0;0;0;0;0;0;0;0;4419;0;0;125;0;42;0;
26653;4182273;1198731264;34295808;1397067776;0;0;0;0;0;0;0;0;0;0;0;3687;0;0;125;0;42;0;
26654;5814414;1198731264;34295808;1397067776;0;0;0;0;0;0;0;0;0;0;0;4379;0;0;125;0;42;0;
26655;4265890;1198731264;34295808;1397067776;0;0;0;0;0;0;0;0;0;0;0;3537;0;0;125;0;42;0;
26656;5957062;1198731264;34295808;1397067776;0;0;0;0;0;0;0;0;0;0;0;4088;0;0;125;0;42;0;
26657;3865499;1198731264;34295808;1397067776;0;0;0;0;0;0;0;0;0;0;0;3397;0;0;125;0;42;0;
26658;5216904;1198731264;34295808;1397067776;0;0;0;0;0;0;0;0;0;0;0;3516;0;0;125;0;42;0;
26659;4838724;1198731264;34295808;1397067776;0;0;0;0;0;0;0;0;0;0;0;4749;0;0;125;0;42;0;
26660;5182098;1198731264;34295808;1397067776;0;0;0;0;0;0;0;0;0;0;0;3777;0;0;125;0;42;0;
26661;4444735;1198731264;34295808;1397067776;0;0;0;0;0;0;0;0;0;0;0;4268;0;0;125;0;42;0;
26662;6352824;1198731264;34295808;1397067776;0;0;0;0;0;0;0;0;0;0;0;4348;0;0;125;0;42;0;
26663;4705224;1198731264;34295808;1397067776;0;0;0;0;0;0;0;0;0;0;0;4478;0;0;125;0;42;0;
26664;5069247;1198731264;34295808;1397067776;0;0;0;0;0;0;0;0;0;0;0;4018;0;0;125;0;42;0;
26665;5478374;1198731264;34295808;1397067776;0;0;0;0;0;0;0;0;0;0;0;6693;0;0;125;0;42;0;
26666;5854009;1198731264;34295808;1397067776;0;0;0;0;0;0;0;0;0;0;0;5430;0;0;125;0;42;0;
26667;4641034;1198731264;34295808;1397067776;0;0;0;0;0;0;0;0;0;0;0;4028;0;0;125;0;42;0;
26668;5257460;1198731264;34295808;1397067776;0;0;0;0;0;0;0;0;0;0;0;3045;0;0;125;0;42;0;
26669;4658236;1198731264;34295808;1397067776;0;0;0;0;0;0;0;0;0;0;0;3717;0;0;125;0;42;0;
26670;5504293;1198731264;34295808;1397067776;0;0;0;0;0;0;0;0;0;0;0;2975;0;0;125;0;42;0;
26671;5400678;1198731264;34295808;1397067776;0;0;0;0;0;0;0;0;0;0;0;4599;0;0;125;0;42;0;
26672;5562121;1198731264;34295808;1397067776;0;0;0;0;0;0;0;0;0;0;0;4138;0;0;125;0;42;0;
26673;4888507;1198731264;34295808;1397067776;0;0;0;0;0;0;0;0;0;0;0;4258;0;0;125;0;42;0;
26674;5477683;1198731264;34295808;1397067776;0;0;0;0;0;0;0;0;0;0;0;3787;0;0;125;0;42;0;
26675;4909327;1198731264;34295808;1397067776;0;0;0;0;0;0;0;0;0;0;0;3967;0;0;125;0;42;0;
26676;4944593;1198731264;34295808;1397067776;0;0;0;0;0;0;0;0;0;0;0;3306;0;0;125;0;42;0;
26677;4665349;1198731264;34295808;1397067776;0;0;0;0;0;0;0;0;0;0;0;4288;0;0;125;0;42;0;
26678;6024338;1198731264;34295808;1397067776;0;0;0;0;0;0;0;0;0;0;0;3417;0;0;125;0;42;0;
26679;4388350;1198731264;34295808;1397067776;0;0;0;0;0;0;0;0;0;0;0;3967;0;0;125;0;42;0;
26680;5092942;1198731264;34295808;1397067776;0;0;0;0;0;0;0;0;0;0;0;3176;0;0;125;0;42;0;
26681;4117983;1198731264;34295808;1397067776;0;0;0;0;0;0;0;0;0;0;0;3607;0;0;125;0;42;0;
26682;5729415;1198731264;34295808;1397067776;0;0;0;0;0;0;0;0;0;0;0;3246;0;0;125;0;42;0;
26683;4071035;1198731264;34295808;1397067776;0;0;0;0;0;0;0;0;0;0;0;3567;0;0;125;0;42;0;
26684;5873195;1198731264;34295808;1397067776;0;0;0;0;0;0;0;0;0;0;0;3436;0;0;125;0;42;0;
26685;4554882;1198731264;34295808;1397067776;0;0;0;0;0;0;0;0;0;0;0;4509;0;0;125;0;42;0;
26686;5081219;1198731264;34295808;1397067776;0;0;0;0;0;0;0;0;0;0;0;3677;0;0;125;0;42;0;
26687;5015786;1198731264;34295808;1397067776;0;0;0;0;0;0;0;0;0;0;0;4419;0;0;125;0;42;0;
26688;5565157;1198731264;34295808;1397067776;0;0;0;0;0;0;0;0;0;0;0;3918;0;0;125;0;42;0;
26689;4295556;1198731264;34295808;1397067776;0;0;0;0;0;0;0;0;0;0;0;4469;0;0;125;0;42;0;
26690;5137726;1198731264;34295808;1397067776;0;0;0;0;0;0;0;0;0;0;0;3486;0;0;125;0;42;0;
26691;4321284;1198731264;34295808;1397067776;0;0;0;0;0;0;0;0;0;0;0;3997;0;0;125;0;42;0;
26692;5971048;1198731264;34295808;1397067776;0;0;0;0;0;0;0;0;0;0;0;4018;0;0;125;0;42;0;
26693;4816964;1198731264;34295808;1397067776;0;0;0;0;0;0;0;0;0;0;0;4588;0;0;125;0;42;0;
26694;5366284;1198731264;34295808;1397067776;0;0;0;0;0;0;0;0;0;0;0;3958;0;0;125;0;42;0;
26695;5252671;1198731264;34295808;1397067776;0;0;0;0;0;0;0;0;0;0;0;3837;0;0;125;0;42;0;
26696;5840483;1198731264;34295808;1397067776;0;0;0;0;0;0;0;0;0;0;0;3647;0;0;125;0;42;0;
26697;4205767;1198731264;34295808;1397067776;0;0;0;0;0;0;0;0;0;0;0;4278;0;0;125;0;42;0;
26698;5658161;1198731264;34295808;1397067776;0;0;0;0;0;0;0;0;0;0;0;4528;0;0;125;0;42;0;
26699;5292105;1198731264;34295808;1397067776;0;0;0;0;0;0;0;0;0;0;0;4849;0;0;125;0;42;0;
26700;6090141;1198731264;34295808;1397067776;0;0;0;0;0;0;0;0;0;0;0;3667;0;0;125;0;42;0;
26701;4788711;1198731264;34295808;1397067776;0;0;0;0;0;0;0;0;0;0;0;4298;0;0;125;0;42;0;
26702;6259539;1198731264;34295808;1397067776;0;0;0;0;0;0;0;0;0;0;0;3557;0;0;125;0;42;0;
26703;4403408;1198731264;34295808;1397067776;0;0;0;0;0;0;0;0;0;0;0;4379;0;0;125;0;42;0;
26704;5838550;1198731264;34295808;1397067776;0;0;0;0;0;0;0;0;0;0;0;4298;0;0;125;0;42;0;
26705;4516290;1198731264;34295808;1397067776;0;0;0;0;0;0;0;0;0;0;0;4488;0;0;125;0;42;0;
26706;5331999;1198731264;34295808;1397067776;0;0;0;0;0;0;0;0;0;0;0;3456;0;0;125;0;42;0;
26707;5681886;1198731264;34295808;1397067776;0;0;0;0;0;0;0;0;0;0;0;4308;0;0;125;0;42;0;
26708;4746282;1198731264;34295808;1397067776;0;0;0;0;0;0;0;0;0;0;0;3316;0;0;125;0;42;0;
26709;3619689;1198731264;34295808;1397067776;0;0;0;0;0;0;0;0;0;0;0;3526;0;0;125;0;42;0;
26710;5192158;1198731264;34295808;1397067776;0;0;0;0;0;0;0;0;0;0;0;3256;0;0;125;0;42;0;
26711;4253506;1198731264;34295808;1397067776;0;0;0;0;0;0;0;0;0;0;0;3647;0;0;125;0;42;0;
26712;5213938;1198731264;34295808;1397067776;0;0;0;0;0;0;0;0;0;0;0;3466;0;0;125;0;42;0;
26713;4551917;1198731264;34295808;1397067776;0;0;0;0;0;0;0;0;0;0;0;3767;0;0;125;0;42;0;
26714;5330998;1198731264;34295808;1397067776;0;0;0;0;0;0;0;0;0;0;0;3256;0;0;125;0;42;0;
26715;4036380;1198731264;34295808;1397067776;0;0;0;0;0;0;0;0;0;0;0;3597;0;0;125;0;42;0;
26716;5132846;1198731264;34295808;1397067776;0;0;0;0;0;0;0;0;0;0;0;3296;0;0;125;0;42;0;
26717;3965547;1198731264;34295808;1397067776;0;0;0;0;0;0;0;0;0;0;0;3587;0;0;125;0;42;0;
26718;5591295;1198731264;34295808;1397067776;0;0;0;0;0;0;0;0;0;0;0;3446;0;0;125;0;42;0;
26719;3492990;1198731264;34295808;1397067776;0;0;0;0;0;0;0;0;0;0;0;3326;0;0;125;0;42;0;
26720;5186757;1198731264;34295808;1397067776;0;0;0;0;0;0;0;0;0;0;0;3476;0;0;125;0;42;0;
26721;4199065;1198731264;34295808;1397067776;0;0;0;0;0;0;0;0;0;0;0;3597;0;0;125;0;42;0;
26722;5185144;1198731264;34295808;1397067776;0;0;0;0;0;0;0;0;0;0;0;3156;0;0;125;0;42;0;
26723;4209454;1198731264;34295808;1397067776;0;0;0;0;0;0;0;0;0;0;0;3617;0;0;125;0;42;0;
26724;5876120;1198731264;34295808;1397067776;0;0;0;0;0;0;0;0;0;0;0;2926;0;0;125;0;42;0;
26725;4003448;1198731264;34295808;1397067776;0;0;0;0;0;0;0;0;0;0;0;3166;0;0;125;0;42;0;
26726;5040693;1198731264;34295808;1397067776;0;0;0;0;0;0;0;0;0;0;0;2926;0;0;125;0;42;0;
26727;3508279;1198731264;34295808;1397067776;0;0;0;0;0;0;0;0;0;0;0;3016;0;0;125;0;42;0;
26728;4957547;1198731264;34295808;1397067776;0;0;0;0;0;0;0;0;0;0;0;3086;0;0;125;0;42;0;
26729;4167536;1198731264;34295808;1397067776;0;0;0;0;0;0;0;0;0;0;0;4518;0;0;125;0;42;0;
26730;5304909;1198731264;34295808;1397067776;0;0;0;0;0;0;0;0;0;0;0;3447;0;0;125;0;42;0;
26731;4354496;1198731264;34295808;1397067776;0;0;0;0;0;0;0;0;0;0;0;2665;0;0;125;0;42;0;
26732;5642742;1198731264;34295808;1397067776;0;0;0;0;0;0;0;0;0;0;0;2886;0;0;125;0;42;0;
26733;4116480;1198731264;34295808;1397067776;0;0;0;0;0;0;0;0;0;0;0;3547;0;0;125;0;42;0;
26734;5144267;1198731264;34295808;1397067776;0;0;0;0;0;0;0;0;0;0;0;3056;0;0;125;0;42;0;
26735;4145434;1198731264;34295808;1397067776;0;0;0;0;0;0;0;0;0;0;0;3557;0;0;125;0;42;0;
26736;5614710;1198731264;34295808;1397067776;0;0;0;0;0;0;0;0;0;0;0;3917;0;0;125;0;42;0;
26737;4021281;1198731264;34295808;1397067776;0;0;0;0;0;0;0;0;0;0;0;4118;0;0;125;0;42;0;
26738;5431426;1198731264;34295808;1397067776;0;0;0;0;0;0;0;0;0;0;0;9458;0;0;125;0;42;0;
26739;3790629;1198731264;34295808;1397067776;0;0;0;0;0;0;0;0;0;0;0;3076;0;0;125;0;42;0;
26740;5081439;1198731264;34295808;1397067776;0;0;0;0;0;0;0;0;0;0;0;3257;0;0;125;0;42;0;
26741;3723222;1198731264;34295808;1397067776;0;0;0;0;0;0;0;0;0;0;0;3787;0;0;125;0;42;0;
26742;5488012;1198731264;34295808;1397067776;0;0;0;0;0;0;0;0;0;0;0;3246;0;0;125;0;42;0;
26743;4016703;1198731264;34295808;1397067776;0;0;0;0;0;0;0;0;0;0;0;3186;0;0;125;0;42;0;
26744;5344462;1198731264;34295808;1397067776;0;0;0;0;0;0;0;0;0;0;0;2685;0;0;125;0;42;0;
26745;4494198;1198731264;34295808;1397067776;0;0;0;0;0;0;0;0;0;0;0;4328;0;0;125;0;42;0;
26746;5792924;1198731264;34295808;1397067776;0;0;0;0;0;0;0;0;0;0;0;3797;0;0;125;0;42;0;
26747;4597492;1198731264;34295808;1397067776;0;0;0;0;0;0;0;0;0;0;0;3646;0;0;125;0;42;0;
26748;5062003;1198731264;34295808;1397067776;0;0;0;0;0;0;0;0;0;0;0;3436;0;0;125;0;42;0;
26749;4723248;1198731264;34295808;1397067776;0;0;0;0;0;0;0;0;0;0;0;3656;0;0;125;0;42;0;
26750;5877012;1198731264;34295808;1397067776;0;0;0;0;0;0;0;0;0;0;0;3527;0;0;125;0;42;0;
26751;4869011;1198731264;34295808;1397067776;0;0;0;0;0;0;0;0;0;0;0;3606;0;0;125;0;42;0;
26752;5841836;1198731264;34295808;1397067776;0;0;0;0;0;0;0;0;0;0;0;4208;0;0;125;0;42;0;
26753;5593620;1198731264;34295808;1397067776;0;0;0;0;0;0;0;0;0;0;0;4859;0;0;125;0;42;0;
26754;5826868;1198731264;34295808;1397067776;0;0;0;0;0;0;0;0;0;0;0;3868;0;0;125;0;42;0;
26755;5815997;1198731264;34295808;1397067776;0;0;0;0;0;0;0;0;0;0;0;5210;0;0;125;0;42;0;
26756;5359200;1198731264;34295808;1397067776;0;0;0;0;0;0;0;0;0;0;0;4619;0;0;125;0;42;0;
26757;4694174;1198731264;34295808;1397067776;0;0;0;0;0;0;0;0;0;0;0;5050;0;0;125;0;42;0;
26758;6147589;1198731264;34295808;1397067776;0;0;0;0;0;0;0;0;0;0;0;3948;0;0;125;0;42;0;
26759;5220871;1198731264;34295808;1397067776;0;0;0;0;0;0;0;0;0;0;0;5350;0;0;125;0;42;0;
26760;6361450;1198731264;34295808;1397067776;0;0;0;0;0;0;0;0;0;0;0;5149;0;0;125;0;42;0;
26761;5348230;1198731264;34295808;1397067776;0;0;0;0;0;0;0;0;0;0;0;5270;0;0;125;0;42;0;
26762;6119036;1198731264;34295808;1397067776;0;0;0;0;0;0;0;0;0;0;0;4238;0;0;125;0;42;0;
26763;7040563;1198731264;34295808;1397067776;0;0;0;0;0;0;0;0;0;0;0;3757;0;0;125;0;42;0;
26764;6095091;1198731264;34295808;1397067776;0;0;0;0;0;0;0;0;0;0;0;3386;0;0;125;0;42;0;
26765;3739994;1198731264;34295808;1397067776;0;0;0;0;0;0;0;0;0;0;0;3466;0;0;125;0;42;0;
26766;5398304;1198731264;34295808;1397067776;0;0;0;0;0;0;0;0;0;0;0;3156;0;0;125;0;42;0;
26767;5160487;1198731264;34295808;1397067776;0;0;0;0;0;0;0;0;0;0;0;3747;0;0;125;0;42;0;
26768;5667639;1198731264;34295808;1397067776;0;0;0;0;0;0;0;0;0;0;0;3336;0;0;125;0;42;0;
26769;5373056;1198731264;34295808;1397067776;0;0;0;0;0;0;0;0;0;0;0;3557;0;0;125;0;42;0;
26770;5189192;1198731264;34295808;1397067776;0;0;0;0;0;0;0;0;0;0;0;3456;0;0;125;0;42;0;
26771;4476805;1198731264;34295808;1397067776;0;0;0;0;0;0;0;0;0;0;0;4468;0;0;125;0;42;0;
26772;5120342;1198731264;34295808;1397067776;0;0;0;0;0;0;0;0;0;0;0;3287;0;0;125;0;42;0;
26773;4751641;1198731264;34295808;1397067776;0;0;0;0;0;0;0;0;0;0;0;3667;0;0;125;0;42;0;
26774;5368919;1198731264;34295808;1397067776;0;0;0;0;0;0;0;0;0;0;0;2875;0;0;125;0;42;0;
26775;3598008;1198731264;34295808;1397067776;0;0;0;0;0;0;0;0;0;0;0;3897;0;0;125;0;42;0;
26776;5067975;1198731264;34295808;1397067776;0;0;0;0;0;0;0;0;0;0;0;3366;0;0;125;0;42;0;
26777;4040728;1198731264;34295808;1397067776;0;0;0;0;0;0;0;0;0;0;0;3506;0;0;125;0;42;0;
26778;4885241;1198731264;34295808;1397067776;0;0;0;0;0;0;0;0;0;0;0;2876;0;0;125;0;42;0;
26779;3600382;1198731264;34295808;1397067776;0;0;0;0;0;0;0;0;0;0;0;4037;0;0;125;0;42;0;
26780;5212375;1198731264;34295808;1397067776;0;0;0;0;0;0;0;0;0;0;0;3267;0;0;125;0;42;0;
26781;4352823;1198731264;34295808;1397067776;0;0;0;0;0;0;0;0;0;0;0;3697;0;0;125;0;42;0;
26782;5106457;1198731264;34295808;1397067776;0;0;0;0;0;0;0;0;0;0;0;3697;0;0;125;0;42;0;
26783;3865389;1198731264;34295808;1397067776;0;0;0;0;0;0;0;0;0;0;0;3868;0;0;125;0;42;0;
26784;5311401;1198731264;34295808;1397067776;0;0;0;0;0;0;0;0;0;0;0;2916;0;0;125;0;42;0;
26785;4586502;1198731264;34295808;1397067776;0;0;0;0;0;0;0;0;0;0;0;3677;0;0;125;0;42;0;
26786;5191355;1198731264;34295808;1397067776;0;0;0;0;0;0;0;0;0;0;0;3196;0;0;125;0;42;0;
26787;4299764;1198731264;34295808;1397067776;0;0;0;0;0;0;0;0;0;0;0;3587;0;0;125;0;42;0;
26788;5628696;1198731264;34295808;1397067776;0;0;0;0;0;0;0;0;0;0;0;3536;0;0;125;0;42;0;
26789;4051188;1198731264;34295808;1397067776;0;0;0;0;0;0;0;0;0;0;0;3346;0;0;125;0;42;0;
26790;5364190;1198731264;34295808;1397067776;0;0;0;0;0;0;0;0;0;0;0;3006;0;0;125;0;42;0;
26791;4356471;1198731264;34295808;1397067776;0;0;0;0;0;0;0;0;0;0;0;3386;0;0;125;0;42;0;
26792;5188460;1198731264;34295808;1397067776;0;0;0;0;0;0;0;0;0;0;0;3176;0;0;125;0;42;0;
26793;3909902;1198731264;34295808;1397067776;0;0;0;0;0;0;0;0;0;0;0;3206;0;0;125;0;42;0;
26794;5530612;1198731264;34295808;1397067776;0;0;0;0;0;0;0;0;0;0;0;3527;0;0;125;0;42;0;
26795;4167847;1198731264;34295808;1397067776;0;0;0;0;0;0;0;0;0;0;0;3356;0;0;125;0;42;0;
26796;5150920;1198731264;34295808;1397067776;0;0;0;0;0;0;0;0;0;0;0;3196;0;0;125;0;42;0;
26797;3298416;1198731264;34295808;1397067776;0;0;0;0;0;0;0;0;0;0;0;3526;0;0;125;0;42;0;
26798;5570437;1198731264;34295808;1397067776;0;0;0;0;0;0;0;0;0;0;0;3116;0;0;125;0;42;0;
26799;3920012;1198731264;34295808;1397067776;0;0;0;0;0;0;0;0;0;0;0;3256;0;0;125;0;42;0;
26800;10702271;1198731264;34295808;1397067776;0;0;0;0;0;0;0;0;0;0;0;3055;0;0;125;0;42;0;
26801;4657825;1198731264;34295808;1397067776;0;0;0;0;0;0;0;0;0;0;0;3516;0;0;125;0;42;0;
26802;5889585;1198731264;34295808;1397067776;0;0;0;0;0;0;0;0;0;0;0;3086;0;0;125;0;42;0;
26803;4454123;1198731264;34295808;1397067776;0;0;0;0;0;0;0;0;0;0;0;4208;0;0;125;0;42;0;
26804;5700300;1198731264;34295808;1397067776;0;0;0;0;0;0;0;0;0;0;0;3637;0;0;125;0;42;0;
26805;3817499;1198731264;34295808;1397067776;0;0;0;0;0;0;0;0;0;0;0;3727;0;0;125;0;42;0;
26806;5493482;1198731264;34295808;1397067776;0;0;0;0;0;0;0;0;0;0;0;4919;0;0;125;0;42;0;
26807;4121780;1198731264;34295808;1397067776;0;0;0;0;0;0;0;0;0;0;0;3376;0;0;125;0;42;0;
26808;5632794;1198731264;34295808;1397067776;0;0;0;0;0;0;0;0;0;0;0;3536;0;0;125;0;42;0;
26809;3916825;1198731264;34295808;1397067776;0;0;0;0;0;0;0;0;0;0;0;3487;0;0;125;0;42;0;
26810;5157813;1198731264;34295808;1397067776;0;0;0;0;0;0;0;0;0;0;0;3276;0;0;125;0;42;0;
26811;4059172;1198731264;34295808;1397067776;0;0;0;0;0;0;0;0;0;0;0;3306;0;0;125;0;42;0;
26812;4986191;1198731264;34295808;1397067776;0;0;0;0;0;0;0;0;0;0;0;3045;0;0;125;0;42;0;
26813;3615330;1198731264;34295808;1397067776;0;0;0;0;0;0;0;0;0;0;0;3326;0;0;125;0;42;0;
26814;4955614;1198731264;34295808;1397067776;0;0;0;0;0;0;0;0;0;0;0;2916;0;0;125;0;42;0;
26815;4618081;1198731264;34295808;1397067776;0;0;0;0;0;0;0;0;0;0;0;3506;0;0;125;0;42;0;
26816;4840237;1198731264;34295808;1397067776;0;0;0;0;0;0;0;0;0;0;0;3086;0;0;125;0;42;0;
26817;3890085;1198731264;34295808;1397067776;0;0;0;0;0;0;0;0;0;0;0;3367;0;0;125;0;42;0;
26818;5128147;1198731264;34295808;1397067776;0;0;0;0;0;0;0;0;0;0;0;3206;0;0;125;0;42;0;
26819;3736938;1198731264;34295808;1397067776;0;0;0;0;0;0;0;0;0;0;0;3096;0;0;125;0;42;0;
26820;5051473;1198731264;34295808;1397067776;0;0;0;0;0;0;0;0;0;0;0;2976;0;0;125;0;42;0;
26821;3979714;1198731264;34295808;1397067776;0;0;0;0;0;0;0;0;0;0;0;3286;0;0;125;0;42;0;
26822;5264313;1198731264;34295808;1397067776;0;0;0;0;0;0;0;0;0;0;0;2996;0;0;125;0;42;0;
26823;4021421;1198731264;34295808;1397067776;0;0;0;0;0;0;0;0;0;0;0;3627;0;0;125;0;42;0;
26824;5128258;1198731264;34295808;1397067776;0;0;0;0;0;0;0;0;0;0;0;3106;0;0;125;0;42;0;
26825;3848978;1198731264;34295808;1397067776;0;0;0;0;0;0;0;0;0;0;0;3456;0;0;125;0;42;0;
26826;5204911;1198731264;34295808;1397067776;0;0;0;0;0;0;0;0;0;0;0;3066;0;0;125;0;42;0;
26827;4075674;1198731264;34295808;1397067776;0;0;0;0;0;0;0;0;0;0;0;3517;0;0;125;0;42;0;
26828;5273811;1198731264;34295808;1397067776;0;0;0;0;0;0;0;0;0;0;0;3787;0;0;125;0;42;0;
26829;4867869;1198731264;34295808;1397067776;0;0;0;0;0;0;0;0;0;0;0;3257;0;0;125;0;42;0;
26830;5538747;1198731264;34295808;1397067776;0;0;0;0;0;0;0;0;0;0;0;2946;0;0;125;0;42;0;
26831;3850932;1198731264;34295808;1397067776;0;0;0;0;0;0;0;0;0;0;0;3346;0;0;125;0;42;0;
26832;5064839;1198731264;34295808;1397067776;0;0;0;0;0;0;0;0;0;0;0;3056;0;0;125;0;42;0;
26833;3922907;1198731264;34295808;1397067776;0;0;0;0;0;0;0;0;0;0;0;3257;0;0;125;0;42;0;
26834;5236410;1198731264;34295808;1397067776;0;0;0;0;0;0;0;0;0;0;0;2805;0;0;125;0;42;0;
26835;3671756;1198731264;34295808;1397067776;0;0;0;0;0;0;0;0;0;0;0;3747;0;0;125;0;42;0;
26836;5201685;1198731264;34295808;1397067776;0;0;0;0;0;0;0;0;0;0;0;3096;0;0;125;0;42;0;
26837;3988130;1198731264;34295808;1397067776;0;0;0;0;0;0;0;0;0;0;0;3517;0;0;125;0;42;0;
26838;5102669;1198731264;34295808;1397067776;0;0;0;0;0;0;0;0;0;0;0;3056;0;0;125;0;42;0;
26839;4074471;1198731264;34295808;1397067776;0;0;0;0;0;0;0;0;0;0;0;4077;0;0;125;0;42;0;
26840;5250377;1198731264;34295808;1397067776;0;0;0;0;0;0;0;0;0;0;0;2695;0;0;125;0;42;0;
26841;3284179;1198731264;34295808;1397067776;0;0;0;0;0;0;0;0;0;0;0;3466;0;0;125;0;42;0;
26842;4760759;1198731264;34295808;1397067776;0;0;0;0;0;0;0;0;0;0;0;2986;0;0;125;0;42;0;
26843;2842481;1198731264;34295808;1397067776;0;0;0;0;0;0;0;0;0;0;0;3687;0;0;125;0;42;0;
26844;5792063;1198731264;34295808;1397067776;0;0;0;0;0;0;0;0;0;0;0;2695;0;0;125;0;42;0;
26845;3243583;1198731264;34295808;1397067776;0;0;0;0;0;0;0;0;0;0;0;3336;0;0;125;0;42;0;
26846;5091137;1198731264;34295808;1397067776;0;0;0;0;0;0;0;0;0;0;0;2946;0;0;125;0;42;0;
26847;2646413;1198731264;34295808;1397067776;0;0;0;0;0;0;0;0;0;0;0;3246;0;0;125;0;42;0;
26848;5025484;1198731264;34295808;1397067776;0;0;0;0;0;0;0;0;0;0;0;2464;0;0;125;0;42;0;
26849;2949562;1198731264;34295808;1397067776;0;0;0;0;0;0;0;0;0;0;0;2986;0;0;125;0;42;0;
26850;5203608;1198731264;34295808;1397067776;0;0;0;0;0;0;0;0;0;0;0;2655;0;0;125;0;42;0;
26851;2732565;1198731264;34295808;1397067776;0;0;0;0;0;0;0;0;0;0;0;2786;0;0;125;0;42;0;
26852;5286254;1198731264;34295808;1397067776;0;0;0;0;0;0;0;0;0;0;0;2534;0;0;125;0;42;0;
26853;4394411;1198731264;34295808;1397067776;0;0;0;0;0;0;0;0;0;0;0;4488;0;0;125;0;42;0;
26854;5124821;1198731264;34295808;1397067776;0;0;0;0;0;0;0;0;0;0;0;3306;0;0;125;0;42;0;
26855;3930201;1198731264;34295808;1397067776;0;0;0;0;0;0;0;0;0;0;0;3417;0;0;125;0;42;0;
26856;5447225;1198731264;34295808;1397067776;0;0;0;0;0;0;0;0;0;0;0;3126;0;0;125;0;42;0;
26857;4211969;1198731264;34295808;1397067776;0;0;0;0;0;0;0;0;0;0;0;3055;0;0;125;0;42;0;
26858;5076500;1198731264;34295808;1397067776;0;0;0;0;0;0;0;0;0;0;0;2414;0;0;125;0;42;0;
26859;4395814;1198731264;34295808;1397067776;0;0;0;0;0;0;0;0;0;0;0;3928;0;0;125;0;42;0;
26860;5471070;1198731264;34295808;1397067776;0;0;0;0;0;0;0;0;0;0;0;3106;0;0;125;0;42;0;
26861;4014598;1198731264;34295808;1397067776;0;0;0;0;0;0;0;0;0;0;0;3717;0;0;125;0;42;0;
26862;5124150;1198731264;34295808;1397067776;0;0;0;0;0;0;0;0;0;0;0;2745;0;0;125;0;42;0;
26863;4791336;1198731264;34295808;1397067776;0;0;0;0;0;0;0;0;0;0;0;3827;0;0;125;0;42;0;
26864;5156150;1198731264;34295808;1397067776;0;0;0;0;0;0;0;0;0;0;0;3216;0;0;125;0;42;0;
26865;3984783;1198731264;34295808;1397067776;0;0;0;0;0;0;0;0;0;0;0;3838;0;0;125;0;42;0;
26866;5523168;1198731264;34295808;1397067776;0;0;0;0;0;0;0;0;0;0;0;3146;0;0;125;0;42;0;
26867;4193003;1198731264;34295808;1397067776;0;0;0;0;0;0;0;0;0;0;0;3427;0;0;125;0;42;0;
26868;5223937;1198731264;34295808;1397067776;0;0;0;0;0;0;0;0;0;0;0;3106;0;0;125;0;42;0;
26869;3991857;1198731264;34295808;1397067776;0;0;0;0;0;0;0;0;0;0;0;4329;0;0;125;0;42;0;
26870;5231411;1198731264;34295808;1397067776;0;0;0;0;0;0;0;0;0;0;0;3035;0;0;125;0;42;0;
26871;4616057;1198731264;34295808;1397067776;0;0;0;0;0;0;0;0;0;0;0;4388;0;0;125;0;42;0;
26872;4983687;1198731264;34295808;1397067776;0;0;0;0;0;0;0;0;0;0;0;4458;0;0;125;0;42;0;
26873;4902564;1198731264;34295808;1397067776;0;0;0;0;0;0;0;0;0;0;0;4188;0;0;125;0;42;0;
26874;5076500;1198731264;34295808;1397067776;0;0;0;0;0;0;0;0;0;0;0;2886;0;0;125;0;42;0;
26875;3866862;1198731264;34295808;1397067776;0;0;0;0;0;0;0;0;0;0;0;3677;0;0;125;0;42;0;
26876;5179864;1198731264;34295808;1397067776;0;0;0;0;0;0;0;0;0;0;0;2975;0;0;125;0;42;0;
26877;4756701;1198731264;34295808;1397067776;0;0;0;0;0;0;0;0;0;0;0;4429;0;0;125;0;42;0;
26878;5113881;1198731264;34295808;1397067776;0;0;0;0;0;0;0;0;0;0;0;3056;0;0;125;0;42;0;
26879;3408522;1198731264;34295808;1397067776;0;0;0;0;0;0;0;0;0;0;0;2534;0;0;125;0;42;0;
26880;4845567;1198731264;34295808;1397067776;0;0;0;0;0;0;0;0;0;0;0;2735;0;0;125;0;42;0;
26881;2881394;1198731264;34295808;1397067776;0;0;0;0;0;0;0;0;0;0;0;3296;0;0;125;0;42;0;
26882;4787759;1198731264;34295808;1397067776;0;0;0;0;0;0;0;0;0;0;0;2805;0;0;125;0;42;0;
26883;3071511;1198731264;34295808;1397067776;0;0;0;0;0;0;0;0;0;0;0;3627;0;0;125;0;42;0;
26884;4765508;1198731264;34295808;1397067776;0;0;0;0;0;0;0;0;0;0;0;2655;0;0;125;0;42;0;
26885;3269582;1198731264;34295808;1397067776;0;0;0;0;0;0;0;0;0;0;0;3186;0;0;125;0;42;0;
26886;4912072;1198731264;34295808;1397067776;0;0;0;0;0;0;0;0;0;0;0;2555;0;0;125;0;42;0;
26887;2998955;1198731264;34295808;1397067776;0;0;0;0;0;0;0;0;0;0;0;3186;0;0;125;0;42;0;
26888;4647736;1198731264;34295808;1397067776;0;0;0;0;0;0;0;0;0;0;0;2545;0;0;125;0;42;0;
26889;3067893;1198731264;34295808;1397067776;0;0;0;0;0;0;0;0;0;0;0;3356;0;0;125;0;42;0;
26890;4902755;1198731264;34295808;1397067776;0;0;0;0;0;0;0;0;0;0;0;2815;0;0;125;0;42;0;
26891;2894308;1198731264;34295808;1397067776;0;0;0;0;0;0;0;0;0;0;0;2665;0;0;125;0;42;0;
26892;4884471;1198731264;34295808;1397067776;0;0;0;0;0;0;0;0;0;0;0;2395;0;0;125;0;42;0;
26893;3176036;1198731264;34295808;1397067776;0;0;0;0;0;0;0;0;0;0;0;2986;0;0;125;0;42;0;
26894;4944553;1198731264;34295808;1397067776;0;0;0;0;0;0;0;0;0;0;0;2385;0;0;125;0;42;0;
26895;2886163;1198731264;34295808;1397067776;0;0;0;0;0;0;0;0;0;0;0;2614;0;0;125;0;42;0;
26896;4993936;1198731264;34295808;1397067776;0;0;0;0;0;0;0;0;0;0;0;2605;0;0;125;0;42;0;
26897;3298936;1198731264;34295808;1397067776;0;0;0;0;0;0;0;0;0;0;0;3677;0;0;125;0;42;0;
26898;4845076;1198731264;34295808;1397067776;0;0;0;0;0;0;0;0;0;0;0;2535;0;0;125;0;42;0;
26899;3068013;1198731264;34295808;1397067776;0;0;0;0;0;0;0;0;0;0;0;2715;0;0;125;0;42;0;
26900;5223256;1198731264;34295808;1397067776;0;0;0;0;0;0;0;0;0;0;0;2715;0;0;125;0;42;0;
26901;2661111;1198731264;34295808;1397067776;0;0;0;0;0;0;0;0;0;0;0;3226;0;0;125;0;42;0;
26902;5161931;1198731264;34295808;1397067776;0;0;0;0;0;0;0;0;0;0;0;2896;0;0;125;0;42;0;
26903;2569980;1198731264;34295808;1397067776;0;0;0;0;0;0;0;0;0;0;0;3417;0;0;125;0;42;0;
26904;5417660;1198731264;34295808;1397067776;0;0;0;0;0;0;0;0;0;0;0;3487;0;0;125;0;42;0;
26905;4330862;1198731264;34295808;1397067776;0;0;0;0;0;0;0;0;0;0;0;3567;0;0;125;0;42;0;
26906;5028971;1198731264;34295808;1397067776;0;0;0;0;0;0;0;0;0;0;0;2675;0;0;125;0;42;0;
26907;4246784;1198731264;34295808;1397067776;0;0;0;0;0;0;0;0;0;0;0;3076;0;0;125;0;42;0;
26908;5402221;1198731264;34295808;1397067776;0;0;0;0;0;0;0;0;0;0;0;2705;0;0;125;0;42;0;
26909;5303015;1198731264;34295808;1397067776;0;0;0;0;0;0;0;0;0;0;0;3496;0;0;125;0;42;0;
26910;5564516;1198731264;34295808;1397067776;0;0;0;0;0;0;0;0;0;0;0;3897;0;0;125;0;42;0;
26911;4583536;1198731264;34304000;1397075968;0;0;0;0;0;0;0;0;0;0;0;3987;0;0;125;0;42;0;
26912;5620540;1198731264;34304000;1397075968;0;0;0;0;0;0;0;0;0;0;0;3777;0;0;125;0;42;0;
26913;3848017;1198731264;34304000;1397075968;0;0;0;0;0;0;0;0;0;0;0;3737;0;0;125;0;42;0;
26914;5445522;1198731264;34304000;1397075968;0;0;0;0;0;0;0;0;0;0;0;3437;0;0;125;0;42;0;
26915;4710675;1198731264;34304000;1397075968;0;0;0;0;0;0;0;0;0;0;0;4088;0;0;125;0;42;0;
26916;5376313;1198731264;34304000;1397075968;0;0;0;0;0;0;0;0;0;0;0;3396;0;0;125;0;42;0;
26917;4027053;1198731264;34295808;1397067776;0;0;0;0;0;0;0;0;0;0;0;4028;0;0;125;0;42;0;
26918;5298496;1198731264;34295808;1397067776;0;0;0;0;0;0;0;0;0;0;0;3427;0;0;125;0;42;0;
26919;4388570;1198731264;34295808;1397067776;0;0;0;0;0;0;0;0;0;0;0;4359;0;0;125;0;42;0;
26920;5124972;1198731264;34295808;1397067776;0;0;0;0;0;0;0;0;0;0;0;3466;0;0;125;0;42;0;
26921;4318749;1198731264;34295808;1397067776;0;0;0;0;0;0;0;0;0;0;0;4308;0;0;125;0;42;0;
26922;5296092;1198731264;34295808;1397067776;0;0;0;0;0;0;0;0;0;0;0;4078;0;0;125;0;42;0;
26923;3955938;1198731264;34295808;1397067776;0;0;0;0;0;0;0;0;0;0;0;4809;0;0;125;0;42;0;
26924;5272397;1198731264;34295808;1397067776;0;0;0;0;0;0;0;0;0;0;0;3256;0;0;125;0;42;0;
26925;4537169;1198731264;34295808;1397067776;0;0;0;0;0;0;0;0;0;0;0;4378;0;0;125;0;42;0;
26926;5168633;1198731264;34295808;1397067776;0;0;0;0;0;0;0;0;0;0;0;3677;0;0;125;0;42;0;
26927;3303976;1198731264;34295808;1397067776;0;0;0;0;0;0;0;0;0;0;0;2635;0;0;125;0;42;0;
26928;4765617;1198731264;34295808;1397067776;0;0;0;0;0;0;0;0;0;0;0;2755;0;0;125;0;42;0;
26929;3154817;1198731264;34295808;1397067776;0;0;0;0;0;0;0;0;0;0;0;3247;0;0;125;0;42;0;
26930;4735791;1198731264;34295808;1397067776;0;0;0;0;0;0;0;0;0;0;0;2424;0;0;125;0;42;0;
26931;3122125;1198731264;34295808;1397067776;0;0;0;0;0;0;0;0;0;0;0;2955;0;0;125;0;42;0;
26932;5303136;1198731264;34295808;1397067776;0;0;0;0;0;0;0;0;0;0;0;2805;0;0;125;0;42;0;
26933;3160497;1198731264;34295808;1397067776;0;0;0;0;0;0;0;0;0;0;0;3537;0;0;125;0;42;0;
26934;4897325;1198731264;34295808;1397067776;0;0;0;0;0;0;0;0;0;0;0;2856;0;0;125;0;42;0;
26935;3298386;1198731264;34295808;1397067776;0;0;0;0;0;0;0;0;0;0;0;3286;0;0;125;0;42;0;
26936;4798880;1198731264;34295808;1397067776;0;0;0;0;0;0;0;0;0;0;0;2795;0;0;125;0;42;0;
26937;2997932;1198731264;34295808;1397067776;0;0;0;0;0;0;0;0;0;0;0;3386;0;0;125;0;42;0;
26938;4972195;1198731264;34295808;1397067776;0;0;0;0;0;0;0;0;0;0;0;2695;0;0;125;0;42;0;
26939;3560838;1198731264;34295808;1397067776;0;0;0;0;0;0;0;0;0;0;0;3166;0;0;125;0;42;0;
26940;5056784;1198731264;34295808;1397067776;0;0;0;0;0;0;0;0;0;0;0;2425;0;0;125;0;42;0;
26941;3077792;1198731264;34295808;1397067776;0;0;0;0;0;0;0;0;0;0;0;3707;0;0;125;0;42;0;
26942;4872427;1198731264;34295808;1397067776;0;0;0;0;0;0;0;0;0;0;0;2715;0;0;125;0;42;0;
26943;3249494;1198731264;34295808;1397067776;0;0;0;0;0;0;0;0;0;0;0;3155;0;0;125;0;42;0;
26944;5390168;1198731264;34295808;1397067776;0;0;0;0;0;0;0;0;0;0;0;2725;0;0;125;0;42;0;
26945;2963388;1198731264;34295808;1397067776;0;0;0;0;0;0;0;0;0;0;0;2665;0;0;125;0;42;0;
26946;5251899;1198731264;34295808;1397067776;0;0;0;0;0;0;0;0;0;0;0;2485;0;0;125;0;42;0;
26947;2759235;1198731264;34295808;1397067776;0;0;0;0;0;0;0;0;0;0;0;3076;0;0;125;0;42;0;
26948;5045292;1198731264;34295808;1397067776;0;0;0;0;0;0;0;0;0;0;0;2485;0;0;125;0;42;0;
26949;3279941;1198731264;34295808;1397067776;0;0;0;0;0;0;0;0;0;0;0;2835;0;0;125;0;42;0;
26950;4937009;1198731264;34295808;1397067776;0;0;0;0;0;0;0;0;0;0;0;2695;0;0;125;0;42;0;
26951;3606123;1198731264;34295808;1397067776;0;0;0;0;0;0;0;0;0;0;0;4319;0;0;125;0;42;0;
26952;5234387;1198731264;34295808;1397067776;0;0;0;0;0;0;0;0;0;0;0;3377;0;0;125;0;42;0;
26953;4739819;1198731264;34295808;1397067776;0;0;0;0;0;0;0;0;0;0;0;3937;0;0;125;0;42;0;
26954;5837819;1198731264;34295808;1397067776;0;0;0;0;0;0;0;0;0;0;0;3186;0;0;125;0;42;0;
26955;4116911;1198731264;34295808;1397067776;0;0;0;0;0;0;0;0;0;0;0;3497;0;0;125;0;42;0;
26956;5084386;1198731264;34295808;1397067776;0;0;0;0;0;0;0;0;0;0;0;4688;0;0;125;0;42;0;
26957;4361489;1198731264;34295808;1397067776;0;0;0;0;0;0;0;0;0;0;0;3407;0;0;125;0;42;0;
26958;5027719;1198731264;34295808;1397067776;0;0;0;0;0;0;0;0;0;0;0;3297;0;0;125;0;42;0;
26959;4490031;1198731264;34295808;1397067776;0;0;0;0;0;0;0;0;0;0;0;4508;0;0;125;0;42;0;
26960;5038780;1198731264;34295808;1397067776;0;0;0;0;0;0;0;0;0;0;0;3416;0;0;125;0;42;0;
26961;4316536;1198731264;34295808;1397067776;0;0;0;0;0;0;0;0;0;0;0;4598;0;0;125;0;42;0;
26962;5358709;1198731264;34295808;1397067776;0;0;0;0;0;0;0;0;0;0;0;3837;0;0;125;0;42;0;
26963;4538882;1198731264;34295808;1397067776;0;0;0;0;0;0;0;0;0;0;0;3887;0;0;125;0;42;0;
26964;5901697;1198731264;34295808;1397067776;0;0;0;0;0;0;0;0;0;0;0;3106;0;0;125;0;42;0;
26965;5649955;1198731264;34295808;1397067776;0;0;0;0;0;0;0;0;0;0;0;4658;0;0;125;0;42;0;
26966;5506617;1198731264;34295808;1397067776;0;0;0;0;0;0;0;0;0;0;0;3427;0;0;125;0;42;0;
26967;3068094;1198731264;34295808;1397067776;0;0;0;0;0;0;0;0;0;0;0;3437;0;0;125;0;42;0;
26968;5109002;1198731264;34295808;1397067776;0;0;0;0;0;0;0;0;0;0;0;2955;0;0;125;0;42;0;
26969;3125531;1198731264;34295808;1397067776;0;0;0;0;0;0;0;0;0;0;0;3316;0;0;125;0;42;0;
26970;4851709;1198731264;34295808;1397067776;0;0;0;0;0;0;0;0;0;0;0;2665;0;0;125;0;42;0;
26971;3501066;1198731264;34295808;1397067776;0;0;0;0;0;0;0;0;0;0;0;3626;0;0;125;0;42;0;
26972;4978136;1198731264;34295808;1397067776;0;0;0;0;0;0;0;0;0;0;0;2635;0;0;125;0;42;0;
26973;2280197;1198731264;34295808;1397067776;0;0;0;0;0;0;0;0;0;0;0;2955;0;0;125;0;42;0;
26974;4789172;1198731264;34295808;1397067776;0;0;0;0;0;0;0;0;0;0;0;2294;0;0;125;0;42;0;
26975;3116314;1198731264;34295808;1397067776;0;0;0;0;0;0;0;0;0;0;0;2605;0;0;125;0;42;0;
26976;5101598;1198731264;34295808;1397067776;0;0;0;0;0;0;0;0;0;0;0;2484;0;0;125;0;42;0;
26977;3050511;1198731264;34295808;1397067776;0;0;0;0;0;0;0;0;0;0;0;2595;0;0;125;0;42;0;
26978;4700996;1198731264;34295808;1397067776;0;0;0;0;0;0;0;0;0;0;0;2494;0;0;125;0;42;0;
26979;3356765;1198731264;34295808;1397067776;0;0;0;0;0;0;0;0;0;0;0;2474;0;0;125;0;42;0;
26980;4726945;1198731264;34295808;1397067776;0;0;0;0;0;0;0;0;0;0;0;2294;0;0;125;0;42;0;
26981;3118719;1198731264;34295808;1397067776;0;0;0;0;0;0;0;0;0;0;0;2746;0;0;125;0;42;0;
26982;4554201;1198731264;34295808;1397067776;0;0;0;0;0;0;0;0;0;0;0;2394;0;0;125;0;42;0;
26983;2841028;1198731264;34295808;1397067776;0;0;0;0;0;0;0;0;0;0;0;8196;0;0;125;0;42;0;
26984;4937500;1198731264;34295808;1397067776;0;0;0;0;0;0;0;0;0;0;0;2745;0;0;125;0;42;0;
26985;3244956;1198731264;34295808;1397067776;0;0;0;0;0;0;0;0;0;0;0;3266;0;0;125;0;42;0;
26986;4798550;1198731264;34295808;1397067776;0;0;0;0;0;0;0;0;0;0;0;2334;0;0;125;0;42;0;
26987;3213397;1198731264;34295808;1397067776;0;0;0;0;0;0;0;0;0;0;0;2725;0;0;125;0;42;0;
26988;4957347;1198731264;34295808;1397067776;0;0;0;0;0;0;0;0;0;0;0;2966;0;0;125;0;42;0;
26989;3131242;1198731264;34295808;1397067776;0;0;0;0;0;0;0;0;0;0;0;2836;0;0;125;0;42;0;
26990;5006048;1198731264;34295808;1397067776;0;0;0;0;0;0;0;0;0;0;0;2585;0;0;125;0;42;0;
26991;4531308;1198731264;34295808;1397067776;0;0;0;0;0;0;0;0;0;0;0;3837;0;0;125;0;42;0;
26992;5383326;1198731264;34295808;1397067776;0;0;0;0;0;0;0;0;0;0;0;3456;0;0;125;0;42;0;
26993;4539202;1198731264;34295808;1397067776;0;0;0;0;0;0;0;0;0;0;0;3186;0;0;125;0;42;0;
26994;4868240;1198731264;34295808;1397067776;0;0;0;0;0;0;0;0;0;0;0;2645;0;0;125;0;42;0;
26995;4078198;1198731264;34295808;1397067776;0;0;0;0;0;0;0;0;0;0;0;4117;0;0;125;0;42;0;
26996;5648934;1198731264;34295808;1397067776;0;0;0;0;0;0;0;0;0;0;0;2955;0;0;125;0;42;0;
26997;4717156;1198731264;34295808;1397067776;0;0;0;0;0;0;0;0;0;0;0;4288;0;0;125;0;42;0;
26998;5788446;1198731264;34295808;1397067776;0;0;0;0;0;0;0;0;0;0;0;3246;0;0;125;0;42;0;
26999;4776729;1198731264;34295808;1397067776;0;0;0;0;0;0;0;0;0;0;0;3286;0;0;125;0;42;0;
27000;5118940;1198731264;34295808;1397067776;0;0;0;0;0;0;0;0;0;0;0;2935;0;0;125;0;42;0;
27001;4186792;1198731264;34295808;1397067776;0;0;0;0;0;0;0;0;0;0;0;3727;0;0;125;0;42;0;
27002;4845938;1198731264;34295808;1397067776;0;0;0;0;0;0;0;0;0;0;0;3056;0;0;125;0;42;0;
27003;3947433;1198731264;34295808;1397067776;0;0;0;0;0;0;0;0;0;0;0;3337;0;0;125;0;42;0;
27004;4924976;1198731264;34295808;1397067776;0;0;0;0;0;0;0;0;0;0;0;2945;0;0;125;0;42;0;
27005;4221557;1198731264;34295808;1397067776;0;0;0;0;0;0;0;0;0;0;0;4188;0;0;125;0;42;0;
27006;5156811;1198731264;34295808;1397067776;0;0;0;0;0;0;0;0;0;0;0;2695;0;0;125;0;42;0;
27007;4740690;1198731264;34295808;1397067776;0;0;0;0;0;0;0;0;0;0;0;4579;0;0;125;0;42;0;
27008;5219448;1198731264;34295808;1397067776;0;0;0;0;0;0;0;0;0;0;0;3597;0;0;125;0;42;0;
27009;4721284;1198731264;34295808;1397067776;0;0;0;0;0;0;0;0;0;0;0;3377;0;0;125;0;42;0;
27010;5483143;1198731264;34295808;1397067776;0;0;0;0;0;0;0;0;0;0;0;3216;0;0;125;0;42;0;
27011;4406143;1198731264;34295808;1397067776;0;0;0;0;0;0;0;0;0;0;0;3447;0;0;125;0;42;0;
27012;5222153;1198731264;34295808;1397067776;0;0;0;0;0;0;0;0;0;0;0;3617;0;0;125;0;42;0;
27013;3544678;1198731264;34295808;1397067776;0;0;0;0;0;0;0;0;0;0;0;3126;0;0;125;0;42;0;
27014;4832533;1198731264;34295808;1397067776;0;0;0;0;0;0;0;0;0;0;0;2465;0;0;125;0;42;0;
27015;4909657;1198731264;34295808;1397067776;0;0;0;0;0;0;0;0;0;0;0;4107;0;0;125;0;42;0;
27016;6162517;1198731264;34295808;1397067776;0;0;0;0;0;0;0;0;0;0;0;3868;0;0;125;0;42;0;
27017;6012946;1198731264;34295808;1397067776;0;0;0;0;0;0;0;0;0;0;0;4849;0;0;125;0;42;0;
27018;5382875;1198731264;34295808;1397067776;0;0;0;0;0;0;0;0;0;0;0;3547;0;0;125;0;42;0;
27019;5973863;1198731264;34295808;1397067776;0;0;0;0;0;0;0;0;0;0;0;4208;0;0;125;0;42;0;
27020;11907220;1198731264;34295808;1397067776;0;0;0;0;0;0;0;0;0;0;0;4909;0;0;125;0;42;0;
27021;5523519;1198731264;34304000;1397075968;0;0;0;0;0;0;0;0;0;0;0;14778;0;0;125;0;42;0;
27022;6257515;1198731264;34304000;1397075968;0;0;0;0;0;0;0;0;0;0;0;3346;0;0;125;0;42;0;
27023;5947544;1198731264;34304000;1397075968;0;0;0;0;0;0;0;0;0;0;0;4048;0;0;125;0;42;0;
27024;5708476;1198731264;34304000;1397075968;0;0;0;0;0;0;0;0;0;0;0;3777;0;0;125;0;42;0;
27025;4594446;1198731264;34304000;1397075968;0;0;0;0;0;0;0;0;0;0;0;3627;0;0;125;0;42;0;
27026;5173602;1198731264;34304000;1397075968;0;0;0;0;0;0;0;0;0;0;0;3276;0;0;125;0;42;0;
27027;4586531;1198731264;34295808;1397067776;0;0;0;0;0;0;0;0;0;0;0;3457;0;0;125;0;42;0;
27028;5277016;1198731264;34295808;1397067776;0;0;0;0;0;0;0;0;0;0;0;3727;0;0;125;0;42;0;
27029;4067498;1198731264;34295808;1397067776;0;0;0;0;0;0;0;0;0;0;0;3407;0;0;125;0;42;0;
27030;5289549;1198731264;34295808;1397067776;0;0;0;0;0;0;0;0;0;0;0;3386;0;0;125;0;42;0;
27031;4587463;1198731264;34295808;1397067776;0;0;0;0;0;0;0;0;0;0;0;3606;0;0;125;0;42;0;
27032;5514683;1198731264;34295808;1397067776;0;0;0;0;0;0;0;0;0;0;0;3296;0;0;125;0;42;0;
27033;4825650;1198731264;34295808;1397067776;0;0;0;0;0;0;0;0;0;0;0;4167;0;0;125;0;42;0;
27034;5295561;1198731264;34295808;1397067776;0;0;0;0;0;0;0;0;0;0;0;3206;0;0;125;0;42;0;
27035;4419479;1198731264;34295808;1397067776;0;0;0;0;0;0;0;0;0;0;0;3487;0;0;125;0;42;0;
27036;5239637;1198731264;34295808;1397067776;0;0;0;0;0;0;0;0;0;0;0;3316;0;0;125;0;42;0;
27037;4277271;1198731264;34295808;1397067776;0;0;0;0;0;0;0;0;0;0;0;3556;0;0;125;0;42;0;
27038;5441315;1198731264;34295808;1397067776;0;0;0;0;0;0;0;0;0;0;0;3657;0;0;125;0;42;0;
27039;3953054;1198731264;34295808;1397067776;0;0;0;0;0;0;0;0;0;0;0;4248;0;0;125;0;42;0;
27040;5074266;1198731264;34295808;1397067776;0;0;0;0;0;0;0;0;0;0;0;3466;0;0;125;0;42;0;
27041;3666947;1198731264;34295808;1397067776;0;0;0;0;0;0;0;0;0;0;0;3526;0;0;125;0;42;0;
27042;5095657;1198731264;34295808;1397067776;0;0;0;0;0;0;0;0;0;0;0;3296;0;0;125;0;42;0;
27043;4078790;1198731264;34295808;1397067776;0;0;0;0;0;0;0;0;0;0;0;3527;0;0;125;0;42;0;
27044;5716270;1198731264;34295808;1397067776;0;0;0;0;0;0;0;0;0;0;0;3537;0;0;125;0;42;0;
27045;4483298;1198731264;34295808;1397067776;0;0;0;0;0;0;0;0;0;0;0;4829;0;0;125;0;42;0;
27046;5585064;1198731264;34295808;1397067776;0;0;0;0;0;0;0;0;0;0;0;3928;0;0;125;0;42;0;
27047;5554597;1198731264;34295808;1397067776;0;0;0;0;0;0;0;0;0;0;0;4378;0;0;125;0;42;0;
27048;5653062;1198731264;34295808;1397067776;0;0;0;0;0;0;0;0;0;0;0;2955;0;0;125;0;42;0;
27049;4761419;1198731264;34295808;1397067776;0;0;0;0;0;0;0;0;0;0;0;3547;0;0;125;0;42;0;
27050;5350444;1198731264;34295808;1397067776;0;0;0;0;0;0;0;0;0;0;0;2775;0;0;125;0;42;0;
27051;4726463;1198731264;34295808;1397067776;0;0;0;0;0;0;0;0;0;0;0;3506;0;0;125;0;42;0;
27052;4779674;1198731264;34295808;1397067776;0;0;0;0;0;0;0;0;0;0;0;2554;0;0;125;0;42;0;
27053;2926398;1198731264;34295808;1397067776;0;0;0;0;0;0;0;0;0;0;0;3316;0;0;125;0;42;0;
27054;5013642;1198731264;34295808;1397067776;0;0;0;0;0;0;0;0;0;0;0;2545;0;0;125;0;42;0;
27055;2669076;1198731264;34295808;1397067776;0;0;0;0;0;0;0;0;0;0;0;3416;0;0;125;0;42;0;
27056;4629181;1198731264;34295808;1397067776;0;0;0;0;0;0;0;0;0;0;0;2675;0;0;125;0;42;0;
27057;2674115;1198731264;34295808;1397067776;0;0;0;0;0;0;0;0;0;0;0;2515;0;0;125;0;42;0;
27058;5137795;1198731264;34295808;1397067776;0;0;0;0;0;0;0;0;0;0;0;2745;0;0;125;0;42;0;
27059;2781987;1198731264;34295808;1397067776;0;0;0;0;0;0;0;0;0;0;0;3246;0;0;125;0;42;0;
27060;4826241;1198731264;34295808;1397067776;0;0;0;0;0;0;0;0;0;0;0;2745;0;0;125;0;42;0;
27061;2775565;1198731264;34295808;1397067776;0;0;0;0;0;0;0;0;0;0;0;2785;0;0;125;0;42;0;
27062;4857119;1198731264;34295808;1397067776;0;0;0;0;0;0;0;0;0;0;0;2425;0;0;125;0;42;0;
27063;3266546;1198731264;34295808;1397067776;0;0;0;0;0;0;0;0;0;0;0;2935;0;0;125;0;42;0;
27064;4765487;1198731264;34295808;1397067776;0;0;0;0;0;0;0;0;0;0;0;3156;0;0;125;0;42;0;
27065;3242762;1198731264;34295808;1397067776;0;0;0;0;0;0;0;0;0;0;0;2715;0;0;125;0;42;0;
27066;4821722;1198731264;34295808;1397067776;0;0;0;0;0;0;0;0;0;0;0;2635;0;0;125;0;42;0;
27067;2501992;1198731264;34295808;1397067776;0;0;0;0;0;0;0;0;0;0;0;2835;0;0;125;0;42;0;
27068;4946536;1198731264;34295808;1397067776;0;0;0;0;0;0;0;0;0;0;0;2685;0;0;125;0;42;0;
27069;3020805;1198731264;34295808;1397067776;0;0;0;0;0;0;0;0;0;0;0;3126;0;0;125;0;42;0;
27070;4987153;1198731264;34295808;1397067776;0;0;0;0;0;0;0;0;0;0;0;2154;0;0;125;0;42;0;
27071;3065158;1198731264;34295808;1397067776;0;0;0;0;0;0;0;0;0;0;0;2755;0;0;125;0;42;0;
27072;4921660;1198731264;34295808;1397067776;0;0;0;0;0;0;0;0;0;0;0;2634;0;0;125;0;42;0;
27073;3001028;1198731264;34295808;1397067776;0;0;0;0;0;0;0;0;0;0;0;3016;0;0;125;0;42;0;
27074;4622078;1198731264;34295808;1397067776;0;0;0;0;0;0;0;0;0;0;0;2254;0;0;125;0;42;0;
27075;2983997;1198731264;34295808;1397067776;0;0;0;0;0;0;0;0;0;0;0;2535;0;0;125;0;42;0;
27076;4796725;1198731264;34295808;1397067776;0;0;0;0;0;0;0;0;0;0;0;3065;0;0;125;0;42;0;
27077;3597937;1198731264;34295808;1397067776;0;0;0;0;0;0;0;0;0;0;0;4127;0;0;125;0;42;0;
27078;5149137;1198731264;34295808;1397067776;0;0;0;0;0;0;0;0;0;0;0;3246;0;0;125;0;42;0;
27079;4617880;1198731264;34295808;1397067776;0;0;0;0;0;0;0;0;0;0;0;3717;0;0;125;0;42;0;
27080;5296834;1198731264;34295808;1397067776;0;0;0;0;0;0;0;0;0;0;0;3457;0;0;125;0;42;0;
27081;3060559;1198731264;34295808;1397067776;0;0;0;0;0;0;0;0;0;0;0;2906;0;0;125;0;42;0;
27082;4640393;1198731264;34295808;1397067776;0;0;0;0;0;0;0;0;0;0;0;2665;0;0;125;0;42;0;
27083;3418380;1198731264;34295808;1397067776;0;0;0;0;0;0;0;0;0;0;0;2845;0;0;125;0;42;0;
27084;4783962;1198731264;34295808;1397067776;0;0;0;0;0;0;0;0;0;0;0;2565;0;0;125;0;42;0;
27085;3079095;1198731264;34295808;1397067776;0;0;0;0;0;0;0;0;0;0;0;2745;0;0;125;0;42;0;
27086;4694084;1198731264;34295808;1397067776;0;0;0;0;0;0;0;0;0;0;0;2926;0;0;125;0;42;0;
27087;3330747;1198731264;34295808;1397067776;0;0;0;0;0;0;0;0;0;0;0;2385;0;0;125;0;42;0;
27088;4546717;1198731264;34295808;1397067776;0;0;0;0;0;0;0;0;0;0;0;2585;0;0;125;0;42;0;
27089;3903811;1198731264;34295808;1397067776;0;0;0;0;0;0;0;0;0;0;0;3527;0;0;125;0;42;0;
27090;4889349;1198731264;34295808;1397067776;0;0;0;0;0;0;0;0;0;0;0;3376;0;0;125;0;42;0;
27091;3879766;1198731264;34295808;1397067776;0;0;0;0;0;0;0;0;0;0;0;2816;0;0;125;0;42;0;
27092;5440032;1198731264;34295808;1397067776;0;0;0;0;0;0;0;0;0;0;0;2504;0;0;125;0;42;0;
27093;3490416;1198731264;34295808;1397067776;0;0;0;0;0;0;0;0;0;0;0;3387;0;0;125;0;42;0;
27094;4655871;1198731264;34295808;1397067776;0;0;0;0;0;0;0;0;0;0;0;2875;0;0;125;0;42;0;
27095;3939077;1198731264;34295808;1397067776;0;0;0;0;0;0;0;0;0;0;0;2384;0;0;125;0;42;0;
27096;4722887;1198731264;34295808;1397067776;0;0;0;0;0;0;0;0;0;0;0;2635;0;0;125;0;42;0;
27097;3017549;1198731264;34295808;1397067776;0;0;0;0;0;0;0;0;0;0;0;2826;0;0;125;0;42;0;
27098;4722867;1198731264;34295808;1397067776;0;0;0;0;0;0;0;0;0;0;0;2736;0;0;125;0;42;0;
27099;3069557;1198731264;34295808;1397067776;0;0;0;0;0;0;0;0;0;0;0;2334;0;0;125;0;42;0;
27100;4667703;1198731264;34295808;1397067776;0;0;0;0;0;0;0;0;0;0;0;2114;0;0;125;0;42;0;
27101;3299227;1198731264;34295808;1397067776;0;0;0;0;0;0;0;0;0;0;0;2875;0;0;125;0;42;0;
27102;4633069;1198731264;34295808;1397067776;0;0;0;0;0;0;0;0;0;0;0;2515;0;0;125;0;42;0;
27103;3676735;1198731264;34295808;1397067776;0;0;0;0;0;0;0;0;0;0;0;2715;0;0;125;0;42;0;
27104;5199190;1198731264;34295808;1397067776;0;0;0;0;0;0;0;0;0;0;0;2685;0;0;125;0;42;0;
27105;5256949;1198731264;34295808;1397067776;0;0;0;0;0;0;0;0;0;0;0;4679;0;0;125;0;42;0;
27106;5649405;1198731264;34295808;1397067776;0;0;0;0;0;0;0;0;0;0;0;3817;0;0;125;0;42;0;
27107;5438710;1198731264;34295808;1397067776;0;0;0;0;0;0;0;0;0;0;0;4328;0;0;125;0;42;0;
27108;5857025;1198731264;34295808;1397067776;0;0;0;0;0;0;0;0;0;0;0;3236;0;0;125;0;42;0;
27109;5008042;1198731264;34295808;1397067776;0;0;0;0;0;0;0;0;0;0;0;3266;0;0;125;0;42;0;
27110;5189472;1198731264;34295808;1397067776;0;0;0;0;0;0;0;0;0;0;0;3256;0;0;125;0;42;0;
27111;3062213;1198731264;34295808;1397067776;0;0;0;0;0;0;0;0;0;0;0;2715;0;0;125;0;42;0;
27112;5014494;1198731264;34295808;1397067776;0;0;0;0;0;0;0;0;0;0;0;2916;0;0;125;0;42;0;
27113;2812163;1198731264;34295808;1397067776;0;0;0;0;0;0;0;0;0;0;0;2895;0;0;125;0;42;0;
27114;4789402;1198731264;34295808;1397067776;0;0;0;0;0;0;0;0;0;0;0;2525;0;0;125;0;42;0;
27115;3068735;1198731264;34295808;1397067776;0;0;0;0;0;0;0;0;0;0;0;2535;0;0;125;0;42;0;
27116;4909046;1198731264;34295808;1397067776;0;0;0;0;0;0;0;0;0;0;0;2716;0;0;125;0;42;0;
27117;3502889;1198731264;34295808;1397067776;0;0;0;0;0;0;0;0;0;0;0;3256;0;0;125;0;42;0;
27118;4951717;1198731264;34295808;1397067776;0;0;0;0;0;0;0;0;0;0;0;2765;0;0;125;0;42;0;
27119;3302724;1198731264;34295808;1397067776;0;0;0;0;0;0;0;0;0;0;0;3216;0;0;125;0;42;0;
27120;4744538;1198731264;34295808;1397067776;0;0;0;0;0;0;0;0;0;0;0;2465;0;0;125;0;42;0;
27121;2810130;1198731264;34295808;1397067776;0;0;0;0;0;0;0;0;0;0;0;2935;0;0;125;0;42;0;
27122;5115653;1198731264;34295808;1397067776;0;0;0;0;0;0;0;0;0;0;0;2194;0;0;125;0;42;0;
27123;3272116;1198731264;34295808;1397067776;0;0;0;0;0;0;0;0;0;0;0;5521;0;0;125;0;42;0;
27124;4710244;1198731264;34295808;1397067776;0;0;0;0;0;0;0;0;0;0;0;2846;0;0;125;0;42;0;
27125;3065809;1198731264;34295808;1397067776;0;0;0;0;0;0;0;0;0;0;0;4038;0;0;125;0;42;0;
27126;5207045;1198731264;34295808;1397067776;0;0;0;0;0;0;0;0;0;0;0;3376;0;0;125;0;42;0;
27127;3793414;1198731264;34295808;1397067776;0;0;0;0;0;0;0;0;0;0;0;4218;0;0;125;0;42;0;
27128;5305159;1198731264;34295808;1397067776;0;0;0;0;0;0;0;0;0;0;0;3777;0;0;125;0;42;0;
27129;4292671;1198731264;34295808;1397067776;0;0;0;0;0;0;0;0;0;0;0;3487;0;0;125;0;42;0;
27130;5959757;1198731264;34295808;1397067776;0;0;0;0;0;0;0;0;0;0;0;3888;0;0;125;0;42;0;
27131;4030879;1198731264;34295808;1397067776;0;0;0;0;0;0;0;0;0;0;0;2715;0;0;125;0;42;0;
27132;5118018;1198731264;34295808;1397067776;0;0;0;0;0;0;0;0;0;0;0;2885;0;0;125;0;42;0;
27133;7285423;1198731264;34295808;1397067776;0;0;0;0;0;0;0;0;0;0;0;4348;0;0;125;0;42;0;
27134;5494624;1198731264;34295808;1397067776;0;0;0;0;0;0;0;0;0;0;0;2535;0;0;125;0;42;0;
27135;2911991;1198731264;34295808;1397067776;0;0;0;0;0;0;0;0;0;0;0;3637;0;0;125;0;42;0;
27136;4728698;1198731264;34295808;1397067776;0;0;0;0;0;0;0;0;0;0;0;3196;0;0;125;0;42;0;
27137;3357707;1198731264;34295808;1397067776;0;0;0;0;0;0;0;0;0;0;0;3407;0;0;125;0;42;0;
27138;4865996;1198731264;34295808;1397067776;0;0;0;0;0;0;0;0;0;0;0;2775;0;0;125;0;42;0;
27139;3139137;1198731264;34295808;1397067776;0;0;0;0;0;0;0;0;0;0;0;3035;0;0;125;0;42;0;
27140;5099263;1198731264;34295808;1397067776;0;0;0;0;0;0;0;0;0;0;0;2655;0;0;125;0;42;0;
27141;3036695;1198731264;34295808;1397067776;0;0;0;0;0;0;0;0;0;0;0;3707;0;0;125;0;42;0;
27142;4847531;1198731264;34295808;1397067776;0;0;0;0;0;0;0;0;0;0;0;2454;0;0;125;0;42;0;
27143;2620234;1198731264;34295808;1397067776;0;0;0;0;0;0;0;0;0;0;0;2735;0;0;125;0;42;0;
27144;4949903;1198731264;34295808;1397067776;0;0;0;0;0;0;0;0;0;0;0;2846;0;0;125;0;42;0;
27145;3425945;1198731264;34295808;1397067776;0;0;0;0;0;0;0;0;0;0;0;2975;0;0;125;0;42;0;
27146;5049580;1198731264;34295808;1397067776;0;0;0;0;0;0;0;0;0;0;0;2355;0;0;125;0;42;0;
27147;3480677;1198731264;34295808;1397067776;0;0;0;0;0;0;0;0;0;0;0;3847;0;0;125;0;42;0;
27148;5698157;1198731264;34295808;1397067776;0;0;0;0;0;0;0;0;0;0;0;2645;0;0;125;0;42;0;
27149;3007270;1198731264;34295808;1397067776;0;0;0;0;0;0;0;0;0;0;0;4358;0;0;125;0;42;0;
27150;5229237;1198731264;34295808;1397067776;0;0;0;0;0;0;0;0;0;0;0;3006;0;0;125;0;42;0;
27151;3636680;1198731264;34295808;1397067776;0;0;0;0;0;0;0;0;0;0;0;3387;0;0;125;0;42;0;
27152;5418392;1198731264;34295808;1397067776;0;0;0;0;0;0;0;0;0;0;0;3436;0;0;125;0;42;0;
27153;2877196;1198731264;34295808;1397067776;0;0;0;0;0;0;0;0;0;0;0;3286;0;0;125;0;42;0;
27154;4894319;1198731264;34295808;1397067776;0;0;0;0;0;0;0;0;0;0;0;2916;0;0;125;0;42;0;
27155;3055440;1198731264;34295808;1397067776;0;0;0;0;0;0;0;0;0;0;0;2745;0;0;125;0;42;0;
27156;4885513;1198731264;34295808;1397067776;0;0;0;0;0;0;0;0;0;0;0;2575;0;0;125;0;42;0;
27157;3454238;1198731264;34295808;1397067776;0;0;0;0;0;0;0;0;0;0;0;4058;0;0;125;0;42;0;
27158;5583111;1198731264;34295808;1397067776;0;0;0;0;0;0;0;0;0;0;0;4678;0;0;125;0;42;0;
27159;5347298;1198731264;34295808;1397067776;0;0;0;0;0;0;0;0;0;0;0;3537;0;0;125;0;42;0;
27160;5358339;1198731264;34295808;1397067776;0;0;0;0;0;0;0;0;0;0;0;2865;0;0;125;0;42;0;
27161;3717532;1198731264;34295808;1397067776;0;0;0;0;0;0;0;0;0;0;0;3547;0;0;125;0;42;0;
27162;5601495;1198731264;34295808;1397067776;0;0;0;0;0;0;0;0;0;0;0;3637;0;0;125;0;42;0;
27163;3623736;1198731264;34295808;1397067776;0;0;0;0;0;0;0;0;0;0;0;3386;0;0;125;0;42;0;
27164;5061172;1198731264;34295808;1397067776;0;0;0;0;0;0;0;0;0;0;0;3617;0;0;125;0;42;0;
27165;3443417;1198731264;34295808;1397067776;0;0;0;0;0;0;0;0;0;0;0;3586;0;0;125;0;42;0;
27166;5198860;1198731264;34295808;1397067776;0;0;0;0;0;0;0;0;0;0;0;3616;0;0;125;0;42;0;
27167;3866120;1198731264;34295808;1397067776;0;0;0;0;0;0;0;0;0;0;0;3216;0;0;125;0;42;0;
27168;4991902;1198731264;34295808;1397067776;0;0;0;0;0;0;0;0;0;0;0;3607;0;0;125;0;42;0;
27169;3918549;1198731264;34295808;1397067776;0;0;0;0;0;0;0;0;0;0;0;3607;0;0;125;0;42;0;
27170;5069798;1198731264;34295808;1397067776;0;0;0;0;0;0;0;0;0;0;0;3086;0;0;125;0;42;0;
27171;3509151;1198731264;34295808;1397067776;0;0;0;0;0;0;0;0;0;0;0;4178;0;0;125;0;42;0;
27172;5650186;1198731264;34295808;1397067776;0;0;0;0;0;0;0;0;0;0;0;3867;0;0;125;0;42;0;
27173;3818230;1198731264;34295808;1397067776;0;0;0;0;0;0;0;0;0;0;0;3858;0;0;125;0;42;0;
27174;5241560;1198731264;34295808;1397067776;0;0;0;0;0;0;0;0;0;0;0;3015;0;0;125;0;42;0;
27175;3183911;1198731264;34295808;1397067776;0;0;0;0;0;0;0;0;0;0;0;3316;0;0;125;0;42;0;
27176;5186447;1198731264;34295808;1397067776;0;0;0;0;0;0;0;0;0;0;0;2935;0;0;125;0;42;0;
27177;3130310;1198731264;34295808;1397067776;0;0;0;0;0;0;0;0;0;0;0;2805;0;0;125;0;42;0;
27178;5175085;1198731264;34295808;1397067776;0;0;0;0;0;0;0;0;0;0;0;2825;0;0;125;0;42;0;
27179;3534339;1198731264;34295808;1397067776;0;0;0;0;0;0;0;0;0;0;0;3026;0;0;125;0;42;0;
27180;5325297;1198731264;34295808;1397067776;0;0;0;0;0;0;0;0;0;0;0;2876;0;0;125;0;42;0;
27181;4221066;1198731264;34295808;1397067776;0;0;0;0;0;0;0;0;0;0;0;3727;0;0;125;0;42;0;
27182;5496087;1198731264;34295808;1397067776;0;0;0;0;0;0;0;0;0;0;0;3958;0;0;125;0;42;0;
27183;6049796;1198731264;34295808;1397067776;0;0;0;0;0;0;0;0;0;0;0;5681;0;0;125;0;42;0;
27184;5620420;1198731264;34295808;1397067776;0;0;0;0;0;0;0;0;0;0;0;4929;0;0;125;0;42;0;
27185;7058427;1198731264;34295808;1397067776;0;0;0;0;0;0;0;0;0;0;0;3085;0;0;125;0;42;0;
27186;5750144;1198731264;34295808;1397067776;0;0;0;0;0;0;0;0;0;0;0;2826;0;0;125;0;42;0;
27187;3649564;1198731264;34295808;1397067776;0;0;0;0;0;0;0;0;0;0;0;3226;0;0;125;0;42;0;
27188;4978216;1198731264;34295808;1397067776;0;0;0;0;0;0;0;0;0;0;0;2695;0;0;125;0;42;0;
27189;4249500;1198731264;34295808;1397067776;0;0;0;0;0;0;0;0;0;0;0;3747;0;0;125;0;42;0;
27190;5110905;1198731264;34295808;1397067776;0;0;0;0;0;0;0;0;0;0;0;3005;0;0;125;0;42;0;
27191;3666716;1198731264;34295808;1397067776;0;0;0;0;0;0;0;0;0;0;0;3396;0;0;125;0;42;0;
27192;5772094;1198731264;34295808;1397067776;0;0;0;0;0;0;0;0;0;0;0;3005;0;0;125;0;42;0;
27193;3625229;1198731264;34295808;1397067776;0;0;0;0;0;0;0;0;0;0;0;3807;0;0;125;0;42;0;
27194;4822885;1198731264;34295808;1397067776;0;0;0;0;0;0;0;0;0;0;0;3005;0;0;125;0;42;0;
27195;3705991;1198731264;34295808;1397067776;0;0;0;0;0;0;0;0;0;0;0;3647;0;0;125;0;42;0;
27196;5090617;1198731264;34295808;1397067776;0;0;0;0;0;0;0;0;0;0;0;3447;0;0;125;0;42;0;
27197;3834051;1198731264;34295808;1397067776;0;0;0;0;0;0;0;0;0;0;0;3817;0;0;125;0;42;0;
27198;5548285;1198731264;34295808;1397067776;0;0;0;0;0;0;0;0;0;0;0;3256;0;0;125;0;42;0;
27199;3751826;1198731264;34295808;1397067776;0;0;0;0;0;0;0;0;0;0;0;3387;0;0;125;0;42;0;
27200;5164886;1198731264;34295808;1397067776;0;0;0;0;0;0;0;0;0;0;0;3397;0;0;125;0;42;0;
27201;3725957;1198731264;34295808;1397067776;0;0;0;0;0;0;0;0;0;0;0;3336;0;0;125;0;42;0;
27202;4899959;1198731264;34295808;1397067776;0;0;0;0;0;0;0;0;0;0;0;3337;0;0;125;0;42;0;
27203;3719325;1198731264;34295808;1397067776;0;0;0;0;0;0;0;0;0;0;0;3787;0;0;125;0;42;0;
27204;5160639;1198731264;34295808;1397067776;0;0;0;0;0;0;0;0;0;0;0;3026;0;0;125;0;42;0;
27205;3804605;1198731264;34295808;1397067776;0;0;0;0;0;0;0;0;0;0;0;3577;0;0;125;0;42;0;
27206;4927892;1198731264;34295808;1397067776;0;0;0;0;0;0;0;0;0;0;0;3287;0;0;125;0;42;0;
27207;4449735;1198731264;34295808;1397067776;0;0;0;0;0;0;0;0;0;0;0;6322;0;0;125;0;42;0;
27208;6079281;1198731264;34295808;1397067776;0;0;0;0;0;0;0;0;0;0;0;3947;0;0;125;0;42;0;
27209;3440873;1198731264;34295808;1397067776;0;0;0;0;0;0;0;0;0;0;0;3557;0;0;125;0;42;0;
27210;5031807;1198731264;34295808;1397067776;0;0;0;0;0;0;0;0;0;0;0;3587;0;0;125;0;42;0;
27211;3315388;1198731264;34295808;1397067776;0;0;0;0;0;0;0;0;0;0;0;3657;0;0;125;0;42;0;
27212;4883839;1198731264;34295808;1397067776;0;0;0;0;0;0;0;0;0;0;0;3376;0;0;125;0;42;0;
27213;4423506;1198731264;34295808;1397067776;0;0;0;0;0;0;0;0;0;0;0;4227;0;0;125;0;42;0;
27214;5131604;1198731264;34295808;1397067776;0;0;0;0;0;0;0;0;0;0;0;3337;0;0;125;0;42;0;
27215;3797552;1198731264;34295808;1397067776;0;0;0;0;0;0;0;0;0;0;0;3456;0;0;125;0;42;0;
27216;4675148;1198731264;34295808;1397067776;0;0;0;0;0;0;0;0;0;0;0;3096;0;0;125;0;42;0;
27217;3322311;1198731264;34295808;1397067776;0;0;0;0;0;0;0;0;0;0;0;3486;0;0;125;0;42;0;
27218;4989617;1198731264;34295808;1397067776;0;0;0;0;0;0;0;0;0;0;0;2465;0;0;125;0;42;0;
27219;3447746;1198731264;34295808;1397067776;0;0;0;0;0;0;0;0;0;0;0;2875;0;0;125;0;42;0;
27220;5301482;1198731264;34295808;1397067776;0;0;0;0;0;0;0;0;0;0;0;2855;0;0;125;0;42;0;
27221;3813211;1198731264;34295808;1397067776;0;0;0;0;0;0;0;0;0;0;0;3116;0;0;125;0;42;0;
27222;5476590;1198731264;34295808;1397067776;0;0;0;0;0;0;0;0;0;0;0;2485;0;0;125;0;42;0;
27223;3325717;1198731264;34295808;1397067776;0;0;0;0;0;0;0;0;0;0;0;3176;0;0;125;0;42;0;
27224;4901572;1198731264;34295808;1397067776;0;0;0;0;0;0;0;0;0;0;0;3827;0;0;125;0;42;0;
27225;3112978;1198731264;34295808;1397067776;0;0;0;0;0;0;0;0;0;0;0;3787;0;0;125;0;42;0;
27226;4746271;1198731264;34295808;1397067776;0;0;0;0;0;0;0;0;0;0;0;2775;0;0;125;0;42;0;
27227;3212364;1198731264;34295808;1397067776;0;0;0;0;0;0;0;0;0;0;0;3156;0;0;125;0;42;0;
27228;4750879;1198731264;34295808;1397067776;0;0;0;0;0;0;0;0;0;0;0;2935;0;0;125;0;42;0;
27229;3581938;1198731264;34295808;1397067776;0;0;0;0;0;0;0;0;0;0;0;3166;0;0;125;0;42;0;
27230;5070560;1198731264;34295808;1397067776;0;0;0;0;0;0;0;0;0;0;0;2554;0;0;125;0;42;0;
27231;3113690;1198731264;34295808;1397067776;0;0;0;0;0;0;0;0;0;0;0;4799;0;0;125;0;42;0;
27232;5223657;1198731264;34295808;1397067776;0;0;0;0;0;0;0;0;0;0;0;3917;0;0;125;0;42;0;
27233;4204626;1198731264;34295808;1397067776;0;0;0;0;0;0;0;0;0;0;0;4228;0;0;125;0;42;0;
27234;5641140;1198731264;34295808;1397067776;0;0;0;0;0;0;0;0;0;0;0;3927;0;0;125;0;42;0;
27235;4831501;1198731264;34295808;1397067776;0;0;0;0;0;0;0;0;0;0;0;4648;0;0;125;0;42;0;
27236;5306322;1198731264;34295808;1397067776;0;0;0;0;0;0;0;0;0;0;0;3727;0;0;125;0;42;0;
27237;4405191;1198731264;34295808;1397067776;0;0;0;0;0;0;0;0;0;0;0;2895;0;0;125;0;42;0;
27238;4989918;1198731264;34295808;1397067776;0;0;0;0;0;0;0;0;0;0;0;2995;0;0;125;0;42;0;
27239;3053517;1198731264;34295808;1397067776;0;0;0;0;0;0;0;0;0;0;0;2855;0;0;125;0;42;0;
27240;4974248;1198731264;34295808;1397067776;0;0;0;0;0;0;0;0;0;0;0;3106;0;0;125;0;42;0;
27241;12497678;1198731264;34295808;1397067776;0;0;0;0;0;0;0;0;0;0;0;3546;0;0;125;0;42;0;
27242;5138416;1198731264;34295808;1397067776;0;0;0;0;0;0;0;0;0;0;0;3597;0;0;125;0;42;0;
27243;3248632;1198731264;34304000;1397075968;0;0;0;0;0;0;0;0;0;0;0;3226;0;0;125;0;42;0;
27244;4696558;1198731264;34304000;1397075968;0;0;0;0;0;0;0;0;0;0;0;2886;0;0;125;0;42;0;
27245;3942343;1198731264;34304000;1397075968;0;0;0;0;0;0;0;0;0;0;0;3096;0;0;125;0;42;0;
27246;4794051;1198731264;34304000;1397075968;0;0;0;0;0;0;0;0;0;0;0;2735;0;0;125;0;42;0;
27247;4086374;1198731264;34304000;1397075968;0;0;0;0;0;0;0;0;0;0;0;3366;0;0;125;0;42;0;
27248;5055832;1198731264;34304000;1397075968;0;0;0;0;0;0;0;0;0;0;0;2865;0;0;125;0;42;0;
27249;3398794;1198731264;34295808;1397067776;0;0;0;0;0;0;0;0;0;0;0;3166;0;0;125;0;42;0;
27250;4952208;1198731264;34295808;1397067776;0;0;0;0;0;0;0;0;0;0;0;2846;0;0;125;0;42;0;
27251;3181096;1198731264;34295808;1397067776;0;0;0;0;0;0;0;0;0;0;0;3076;0;0;125;0;42;0;
27252;5022489;1198731264;34295808;1397067776;0;0;0;0;0;0;0;0;0;0;0;2645;0;0;125;0;42;0;
27253;2998694;1198731264;34295808;1397067776;0;0;0;0;0;0;0;0;0;0;0;3316;0;0;125;0;42;0;
27254;4983235;1198731264;34295808;1397067776;0;0;0;0;0;0;0;0;0;0;0;6272;0;0;125;0;42;0;
27255;3120302;1198731264;34295808;1397067776;0;0;0;0;0;0;0;0;0;0;0;3166;0;0;125;0;42;0;
27256;4836049;1198731264;34295808;1397067776;0;0;0;0;0;0;0;0;0;0;0;2736;0;0;125;0;42;0;
27257;3594572;1198731264;34295808;1397067776;0;0;0;0;0;0;0;0;0;0;0;3486;0;0;125;0;42;0;
27258;4819969;1198731264;34295808;1397067776;0;0;0;0;0;0;0;0;0;0;0;2905;0;0;125;0;42;0;
27259;3788324;1198731264;34295808;1397067776;0;0;0;0;0;0;0;0;0;0;0;5009;0;0;125;0;42;0;
27260;5114863;1198731264;34295808;1397067776;0;0;0;0;0;0;0;0;0;0;0;3677;0;0;125;0;42;0;
27261;4524094;1198731264;34295808;1397067776;0;0;0;0;0;0;0;0;0;0;0;4017;0;0;125;0;42;0;
27262;5152743;1198731264;34295808;1397067776;0;0;0;0;0;0;0;0;0;0;0;3426;0;0;125;0;42;0;
27263;3881700;1198731264;34295808;1397067776;0;0;0;0;0;0;0;0;0;0;0;4759;0;0;125;0;42;0;
27264;5113049;1198731264;34295808;1397067776;0;0;0;0;0;0;0;0;0;0;0;4288;0;0;125;0;42;0;
27265;4239040;1198731264;34295808;1397067776;0;0;0;0;0;0;0;0;0;0;0;3737;0;0;125;0;42;0;
27266;5452646;1198731264;34295808;1397067776;0;0;0;0;0;0;0;0;0;0;0;3146;0;0;125;0;42;0;
27267;3913640;1198731264;34295808;1397067776;0;0;0;0;0;0;0;0;0;0;0;4218;0;0;125;0;42;0;
27268;5450551;1198731264;34295808;1397067776;0;0;0;0;0;0;0;0;0;0;0;3296;0;0;125;0;42;0;
27269;4084881;1198731264;34295808;1397067776;0;0;0;0;0;0;0;0;0;0;0;4809;0;0;125;0;42;0;
27270;5024282;1198731264;34295808;1397067776;0;0;0;0;0;0;0;0;0;0;0;3025;0;0;125;0;42;0;
27271;4400443;1198731264;34295808;1397067776;0;0;0;0;0;0;0;0;0;0;0;4359;0;0;125;0;42;0;
27272;5559997;1198731264;34295808;1397067776;0;0;0;0;0;0;0;0;0;0;0;3567;0;0;125;0;42;0;
27273;4577705;1198731264;34295808;1397067776;0;0;0;0;0;0;0;0;0;0;0;4007;0;0;125;0;42;0;
27274;5170887;1198731264;34295808;1397067776;0;0;0;0;0;0;0;0;0;0;0;3537;0;0;125;0;42;0;
27275;4426852;1198731264;34295808;1397067776;0;0;0;0;0;0;0;0;0;0;0;5080;0;0;125;0;42;0;
27276;5358529;1198731264;34295808;1397067776;0;0;0;0;0;0;0;0;0;0;0;4659;0;0;125;0;42;0;
27277;3960828;1198731264;34295808;1397067776;0;0;0;0;0;0;0;0;0;0;0;4458;0;0;125;0;42;0;
27278;5275053;1198731264;34295808;1397067776;0;0;0;0;0;0;0;0;0;0;0;3447;0;0;125;0;42;0;
27279;3966339;1198731264;34295808;1397067776;0;0;0;0;0;0;0;0;0;0;0;3928;0;0;125;0;42;0;
27280;5344312;1198731264;34295808;1397067776;0;0;0;0;0;0;0;0;0;0;0;2855;0;0;125;0;42;0;
27281;4026381;1198731264;34295808;1397067776;0;0;0;0;0;0;0;0;0;0;0;4749;0;0;125;0;42;0;
27282;5538396;1198731264;34295808;1397067776;0;0;0;0;0;0;0;0;0;0;0;2275;0;0;125;0;42;0;
27283;4689455;1198731264;34295808;1397067776;0;0;0;0;0;0;0;0;0;0;0;4178;0;0;125;0;42;0;
27284;5059689;1198731264;34295808;1397067776;0;0;0;0;0;0;0;0;0;0;0;3758;0;0;125;0;42;0;
27285;4840969;1198731264;34295808;1397067776;0;0;0;0;0;0;0;0;0;0;0;5090;0;0;125;0;42;0;
27286;4939684;1198731264;34295808;1397067776;0;0;0;0;0;0;0;0;0;0;0;4329;0;0;125;0;42;0;
27287;4831792;1198731264;34295808;1397067776;0;0;0;0;0;0;0;0;0;0;0;4559;0;0;125;0;42;0;
27288;5436616;1198731264;34295808;1397067776;0;0;0;0;0;0;0;0;0;0;0;3667;0;0;125;0;42;0;
27289;4962346;1198731264;34295808;1397067776;0;0;0;0;0;0;0;0;0;0;0;4799;0;0;125;0;42;0;
27290;5460480;1198731264;34295808;1397067776;0;0;0;0;0;0;0;0;0;0;0;3667;0;0;125;0;42;0;
27291;4564721;1198731264;34295808;1397067776;0;0;0;0;0;0;0;0;0;0;0;4899;0;0;125;0;42;0;
27292;5630099;1198731264;34295808;1397067776;0;0;0;0;0;0;0;0;0;0;0;4098;0;0;125;0;42;0;
27293;4096132;1198731264;34295808;1397067776;0;0;0;0;0;0;0;0;0;0;0;5049;0;0;125;0;42;0;
27294;5449760;1198731264;34295808;1397067776;0;0;0;0;0;0;0;0;0;0;0;3547;0;0;125;0;42;0;
27295;4100129;1198731264;34295808;1397067776;0;0;0;0;0;0;0;0;0;0;0;4058;0;0;125;0;42;0;
27296;5551922;1198731264;34295808;1397067776;0;0;0;0;0;0;0;0;0;0;0;3446;0;0;125;0;42;0;
27297;4626817;1198731264;34295808;1397067776;0;0;0;0;0;0;0;0;0;0;0;4899;0;0;125;0;42;0;
27298;5180956;1198731264;34295808;1397067776;0;0;0;0;0;0;0;0;0;0;0;3237;0;0;125;0;42;0;
27299;4022013;1198731264;34295808;1397067776;0;0;0;0;0;0;0;0;0;0;0;4358;0;0;125;0;42;0;
27300;5532225;1198731264;34295808;1397067776;0;0;0;0;0;0;0;0;0;0;0;3156;0;0;125;0;42;0;
27301;3682206;1198731264;34295808;1397067776;0;0;0;0;0;0;0;0;0;0;0;4488;0;0;125;0;42;0;
27302;5331349;1198731264;34295808;1397067776;0;0;0;0;0;0;0;0;0;0;0;2956;0;0;125;0;42;0;
27303;4642286;1198731264;34295808;1397067776;0;0;0;0;0;0;0;0;0;0;0;4799;0;0;125;0;42;0;
27304;5487762;1198731264;34295808;1397067776;0;0;0;0;0;0;0;0;0;0;0;2916;0;0;125;0;42;0;
27305;4460305;1198731264;34295808;1397067776;0;0;0;0;0;0;0;0;0;0;0;4789;0;0;125;0;42;0;
27306;8168219;1198731264;34295808;1397067776;0;0;0;0;0;0;0;0;0;0;0;4198;0;0;125;0;42;0;
27307;4077106;1198731264;34295808;1397067776;0;0;0;0;0;0;0;0;0;0;0;4508;0;0;125;0;42;0;
27308;5150049;1198731264;34295808;1397067776;0;0;0;0;0;0;0;0;0;0;0;3978;0;0;125;0;42;0;
27309;3824162;1198731264;34295808;1397067776;0;0;0;0;0;0;0;0;0;0;0;4789;0;0;125;0;42;0;
27310;5337580;1198731264;34295808;1397067776;0;0;0;0;0;0;0;0;0;0;0;3647;0;0;125;0;42;0;
27311;4002206;1198731264;34295808;1397067776;0;0;0;0;0;0;0;0;0;0;0;4218;0;0;125;0;42;0;
27312;5321479;1198731264;34295808;1397067776;0;0;0;0;0;0;0;0;0;0;0;4178;0;0;125;0;42;0;
27313;4621166;1198731264;34295808;1397067776;0;0;0;0;0;0;0;0;0;0;0;3887;0;0;125;0;42;0;
27314;5171328;1198731264;34295808;1397067776;0;0;0;0;0;0;0;0;0;0;0;4008;0;0;125;0;42;0;
27315;4920709;1198731264;34295808;1397067776;0;0;0;0;0;0;0;0;0;0;0;3787;0;0;125;0;42;0;
27316;5181728;1198731264;34295808;1397067776;0;0;0;0;0;0;0;0;0;0;0;3166;0;0;125;0;42;0;
27317;4114005;1198731264;34295808;1397067776;0;0;0;0;0;0;0;0;0;0;0;4238;0;0;125;0;42;0;
27318;5185215;1198731264;34295808;1397067776;0;0;0;0;0;0;0;0;0;0;0;3587;0;0;125;0;42;0;
27319;4128423;1198731264;34295808;1397067776;0;0;0;0;0;0;0;0;0;0;0;4078;0;0;125;0;42;0;
27320;5401991;1198731264;34295808;1397067776;0;0;0;0;0;0;0;0;0;0;0;3066;0;0;125;0;42;0;
27321;4162376;1198731264;34295808;1397067776;0;0;0;0;0;0;0;0;0;0;0;3797;0;0;125;0;42;0;
27322;5483143;1198731264;34295808;1397067776;0;0;0;0;0;0;0;0;0;0;0;4299;0;0;125;0;42;0;
27323;4386867;1198731264;34295808;1397067776;0;0;0;0;0;0;0;0;0;0;0;3997;0;0;125;0;42;0;
27324;5473224;1198731264;34295808;1397067776;0;0;0;0;0;0;0;0;0;0;0;4008;0;0;125;0;42;0;
27325;4205717;1198731264;34295808;1397067776;0;0;0;0;0;0;0;0;0;0;0;3757;0;0;125;0;42;0;
27326;5518860;1198731264;34295808;1397067776;0;0;0;0;0;0;0;0;0;0;0;2695;0;0;125;0;42;0;
27327;4401765;1198731264;34295808;1397067776;0;0;0;0;0;0;0;0;0;0;0;3838;0;0;125;0;42;0;
27328;5369100;1198731264;34295808;1397067776;0;0;0;0;0;0;0;0;0;0;0;3426;0;0;125;0;42;0;
27329;3754811;1198731264;34295808;1397067776;0;0;0;0;0;0;0;0;0;0;0;3706;0;0;125;0;42;0;
27330;5879416;1198731264;34295808;1397067776;0;0;0;0;0;0;0;0;0;0;0;3777;0;0;125;0;42;0;
27331;4388490;1198731264;34295808;1397067776;0;0;0;0;0;0;0;0;0;0;0;4037;0;0;125;0;42;0;
27332;5113029;1198731264;34295808;1397067776;0;0;0;0;0;0;0;0;0;0;0;3186;0;0;125;0;42;0;
27333;4674606;1198731264;34295808;1397067776;0;0;0;0;0;0;0;0;0;0;0;4147;0;0;125;0;42;0;
27334;5202677;1198731264;34295808;1397067776;0;0;0;0;0;0;0;0;0;0;0;2885;0;0;125;0;42;0;
27335;4428014;1198731264;34295808;1397067776;0;0;0;0;0;0;0;0;0;0;0;3807;0;0;125;0;42;0;
27336;4964651;1198731264;34295808;1397067776;0;0;0;0;0;0;0;0;0;0;0;2986;0;0;125;0;42;0;
27337;6948921;1198731264;34295808;1397067776;0;0;0;0;0;0;0;0;0;0;0;4118;0;0;125;0;42;0;
27338;5814074;1198731264;34295808;1397067776;0;0;0;0;0;0;0;0;0;0;0;4879;0;0;125;0;42;0;
27339;4385604;1198731264;34295808;1397067776;0;0;0;0;0;0;0;0;0;0;0;4017;0;0;125;0;42;0;
27340;5611313;1198731264;34295808;1397067776;0;0;0;0;0;0;0;0;0;0;0;5169;0;0;125;0;42;0;
27341;4884991;1198731264;34295808;1397067776;0;0;0;0;0;0;0;0;0;0;0;4949;0;0;125;0;42;0;
27342;5559456;1198731264;34295808;1397067776;0;0;0;0;0;0;0;0;0;0;0;5641;0;0;125;0;42;0;
27343;5272057;1198731264;34295808;1397067776;0;0;0;0;0;0;0;0;0;0;0;4007;0;0;125;0;42;0;
27344;5533036;1198731264;34295808;1397067776;0;0;0;0;0;0;0;0;0;0;0;4799;0;0;125;0;42;0;
27345;4618972;1198731264;34295808;1397067776;0;0;0;0;0;0;0;0;0;0;0;3968;0;0;125;0;42;0;
27346;5882222;1198731264;34295808;1397067776;0;0;0;0;0;0;0;0;0;0;0;4328;0;0;125;0;42;0;
27347;4424577;1198731264;34304000;1397075968;0;0;0;0;0;0;0;0;0;0;0;4278;0;0;125;0;42;0;
27348;5701393;1198731264;34304000;1397075968;0;0;0;0;0;0;0;0;0;0;0;4498;0;0;125;0;42;0;
27349;4913204;1198731264;34304000;1397075968;0;0;0;0;0;0;0;0;0;0;0;5310;0;0;125;0;42;0;
27350;6381418;1198731264;34304000;1397075968;0;0;0;0;0;0;0;0;0;0;0;4678;0;0;125;0;42;0;
27351;5349753;1198731264;34304000;1397075968;0;0;0;0;0;0;0;0;0;0;0;4108;0;0;125;0;42;0;
27352;5923429;1198731264;34304000;1397075968;0;0;0;0;0;0;0;0;0;0;0;4188;0;0;125;0;42;0;
27353;4324650;1198731264;34295808;1397067776;0;0;0;0;0;0;0;0;0;0;0;4719;0;0;125;0;42;0;
27354;5999922;1198731264;34295808;1397067776;0;0;0;0;0;0;0;0;0;0;0;4228;0;0;125;0;42;0;
27355;5224057;1198731264;34295808;1397067776;0;0;0;0;0;0;0;0;0;0;0;4588;0;0;125;0;42;0;
27356;7112458;1198731264;34295808;1397067776;0;0;0;0;0;0;0;0;0;0;0;6342;0;0;125;0;42;0;
27357;5685131;1198731264;34295808;1397067776;0;0;0;0;0;0;0;0;0;0;0;4248;0;0;125;0;42;0;
27358;6131559;1198731264;34295808;1397067776;0;0;0;0;0;0;0;0;0;0;0;4579;0;0;125;0;42;0;
27359;5320889;1198731264;34295808;1397067776;0;0;0;0;0;0;0;0;0;0;0;4659;0;0;125;0;42;0;
27360;5803483;1198731264;34295808;1397067776;0;0;0;0;0;0;0;0;0;0;0;4699;0;0;125;0;42;0;
27361;5839261;1198731264;34295808;1397067776;0;0;0;0;0;0;0;0;0;0;0;4428;0;0;125;0;42;0;
27362;6455226;1198731264;34295808;1397067776;0;0;0;0;0;0;0;0;0;0;0;4368;0;0;125;0;42;0;
27363;4373563;1198731264;34295808;1397067776;0;0;0;0;0;0;0;0;0;0;0;3887;0;0;125;0;42;0;
27364;6190169;1198731264;34295808;1397067776;0;0;0;0;0;0;0;0;0;0;0;4729;0;0;125;0;42;0;
27365;4203413;1198731264;34295808;1397067776;0;0;0;0;0;0;0;0;0;0;0;4107;0;0;125;0;42;0;
27366;5555979;1198731264;34295808;1397067776;0;0;0;0;0;0;0;0;0;0;0;4007;0;0;125;0;42;0;
27367;4828214;1198731264;34295808;1397067776;0;0;0;0;0;0;0;0;0;0;0;4238;0;0;125;0;42;0;
27368;5162952;1198731264;34295808;1397067776;0;0;0;0;0;0;0;0;0;0;0;3898;0;0;125;0;42;0;
27369;4769154;1198731264;34295808;1397067776;0;0;0;0;0;0;0;0;0;0;0;4117;0;0;125;0;42;0;
27370;5353690;1198731264;34295808;1397067776;0;0;0;0;0;0;0;0;0;0;0;3627;0;0;125;0;42;0;
27371;4850687;1198731264;34295808;1397067776;0;0;0;0;0;0;0;0;0;0;0;3827;0;0;125;0;42;0;
27372;5237693;1198731264;34295808;1397067776;0;0;0;0;0;0;0;0;0;0;0;3126;0;0;125;0;42;0;
27373;5711692;1198731264;34295808;1397067776;0;0;0;0;0;0;0;0;0;0;0;4248;0;0;125;0;42;0;
27374;5342961;1198731264;34295808;1397067776;0;0;0;0;0;0;0;0;0;0;0;3466;0;0;125;0;42;0;
27375;6016103;1198731264;34295808;1397067776;0;0;0;0;0;0;0;0;0;0;0;3807;0;0;125;0;42;0;
27376;5473495;1198731264;34295808;1397067776;0;0;0;0;0;0;0;0;0;0;0;3456;0;0;125;0;42;0;
27377;4925968;1198731264;34295808;1397067776;0;0;0;0;0;0;0;0;0;0;0;4128;0;0;125;0;42;0;
27378;5427299;1198731264;34295808;1397067776;0;0;0;0;0;0;0;0;0;0;0;3787;0;0;125;0;42;0;
27379;4294945;1198731264;34295808;1397067776;0;0;0;0;0;0;0;0;0;0;0;3456;0;0;125;0;42;0;
27380;4985129;1198731264;34295808;1397067776;0;0;0;0;0;0;0;0;0;0;0;2855;0;0;125;0;42;0;
27381;3729584;1198731264;34295808;1397067776;0;0;0;0;0;0;0;0;0;0;0;3056;0;0;125;0;42;0;
27382;4962226;1198731264;34295808;1397067776;0;0;0;0;0;0;0;0;0;0;0;2465;0;0;125;0;42;0;
27383;3384978;1198731264;34295808;1397067776;0;0;0;0;0;0;0;0;0;0;0;2875;0;0;125;0;42;0;
27384;4734629;1198731264;34295808;1397067776;0;0;0;0;0;0;0;0;0;0;0;2675;0;0;125;0;42;0;
27385;3111716;1198731264;34295808;1397067776;0;0;0;0;0;0;0;0;0;0;0;3426;0;0;125;0;42;0;
27386;4774504;1198731264;34295808;1397067776;0;0;0;0;0;0;0;0;0;0;0;3136;0;0;125;0;42;0;
27387;3113039;1198731264;34295808;1397067776;0;0;0;0;0;0;0;0;0;0;0;2966;0;0;125;0;42;0;
27388;4899178;1198731264;34295808;1397067776;0;0;0;0;0;0;0;0;0;0;0;2835;0;0;125;0;42;0;
27389;2964510;1198731264;34295808;1397067776;0;0;0;0;0;0;0;0;0;0;0;3416;0;0;125;0;42;0;
27390;4657053;1198731264;34295808;1397067776;0;0;0;0;0;0;0;0;0;0;0;2595;0;0;125;0;42;0;
27391;3209820;1198731264;34295808;1397067776;0;0;0;0;0;0;0;0;0;0;0;3507;0;0;125;0;42;0;
27392;4832974;1198731264;34295808;1397067776;0;0;0;0;0;0;0;0;0;0;0;2725;0;0;125;0;42;0;
27393;3102749;1198731264;34295808;1397067776;0;0;0;0;0;0;0;0;0;0;0;3817;0;0;125;0;42;0;
27394;4697940;1198731264;34295808;1397067776;0;0;0;0;0;0;0;0;0;0;0;2424;0;0;125;0;42;0;
27395;3732109;1198731264;34295808;1397067776;0;0;0;0;0;0;0;0;0;0;0;2775;0;0;125;0;42;0;
27396;4790373;1198731264;34295808;1397067776;0;0;0;0;0;0;0;0;0;0;0;2695;0;0;125;0;42;0;
27397;3215230;1198731264;34295808;1397067776;0;0;0;0;0;0;0;0;0;0;0;3296;0;0;125;0;42;0;
27398;4799090;1198731264;34295808;1397067776;0;0;0;0;0;0;0;0;0;0;0;2875;0;0;125;0;42;0;
27399;3455691;1198731264;34295808;1397067776;0;0;0;0;0;0;0;0;0;0;0;4909;0;0;125;0;42;0;
27400;5772195;1198731264;34295808;1397067776;0;0;0;0;0;0;0;0;0;0;0;3888;0;0;125;0;42;0;
27401;4263114;1198731264;34295808;1397067776;0;0;0;0;0;0;0;0;0;0;0;4558;0;0;125;0;42;0;
27402;5703466;1198731264;34295808;1397067776;0;0;0;0;0;0;0;0;0;0;0;4268;0;0;125;0;42;0;
27403;4207852;1198731264;34295808;1397067776;0;0;0;0;0;0;0;0;0;0;0;4839;0;0;125;0;42;0;
27404;5228566;1198731264;34295808;1397067776;0;0;0;0;0;0;0;0;0;0;0;3877;0;0;125;0;42;0;
27405;3928076;1198731264;34295808;1397067776;0;0;0;0;0;0;0;0;0;0;0;4268;0;0;125;0;42;0;
27406;5301983;1198731264;34295808;1397067776;0;0;0;0;0;0;0;0;0;0;0;3757;0;0;125;0;42;0;
27407;4571343;1198731264;34295808;1397067776;0;0;0;0;0;0;0;0;0;0;0;4549;0;0;125;0;42;0;
27408;5081490;1198731264;34295808;1397067776;0;0;0;0;0;0;0;0;0;0;0;3867;0;0;125;0;42;0;
27409;4563689;1198731264;34295808;1397067776;0;0;0;0;0;0;0;0;0;0;0;5020;0;0;125;0;42;0;
27410;5445893;1198731264;34295808;1397067776;0;0;0;0;0;0;0;0;0;0;0;3457;0;0;125;0;42;0;
27411;4337615;1198731264;34295808;1397067776;0;0;0;0;0;0;0;0;0;0;0;3987;0;0;125;0;42;0;
27412;5350965;1198731264;34295808;1397067776;0;0;0;0;0;0;0;0;0;0;0;3236;0;0;125;0;42;0;
27413;4982765;1198731264;34295808;1397067776;0;0;0;0;0;0;0;0;0;0;0;3837;0;0;125;0;42;0;
27414;5357808;1198731264;34295808;1397067776;0;0;0;0;0;0;0;0;0;0;0;2925;0;0;125;0;42;0;
27415;4314141;1198731264;34295808;1397067776;0;0;0;0;0;0;0;0;0;0;0;12083;0;0;125;0;42;0;
27416;5287647;1198731264;34295808;1397067776;0;0;0;0;0;0;0;0;0;0;0;3306;0;0;125;0;42;0;
27417;4382128;1198731264;34295808;1397067776;0;0;0;0;0;0;0;0;0;0;0;3667;0;0;125;0;42;0;
27418;5163804;1198731264;34295808;1397067776;0;0;0;0;0;0;0;0;0;0;0;3186;0;0;125;0;42;0;
27419;4335992;1198731264;34295808;1397067776;0;0;0;0;0;0;0;0;0;0;0;4038;0;0;125;0;42;0;
27420;5333733;1198731264;34295808;1397067776;0;0;0;0;0;0;0;0;0;0;0;2795;0;0;125;0;42;0;
27421;4167486;1198731264;34295808;1397067776;0;0;0;0;0;0;0;0;0;0;0;3346;0;0;125;0;42;0;
27422;5016929;1198731264;34295808;1397067776;0;0;0;0;0;0;0;0;0;0;0;2996;0;0;125;0;42;0;
27423;4285908;1198731264;34295808;1397067776;0;0;0;0;0;0;0;0;0;0;0;3797;0;0;125;0;42;0;
27424;5222754;1198731264;34295808;1397067776;0;0;0;0;0;0;0;0;0;0;0;2725;0;0;125;0;42;0;
27425;3775991;1198731264;34295808;1397067776;0;0;0;0;0;0;0;0;0;0;0;3406;0;0;125;0;42;0;
27426;5395349;1198731264;34295808;1397067776;0;0;0;0;0;0;0;0;0;0;0;2765;0;0;125;0;42;0;
27427;4819408;1198731264;34295808;1397067776;0;0;0;0;0;0;0;0;0;0;0;3977;0;0;125;0;42;0;
27428;6073089;1198731264;34295808;1397067776;0;0;0;0;0;0;0;0;0;0;0;3226;0;0;125;0;42;0;
27429;4323828;1198731264;34295808;1397067776;0;0;0;0;0;0;0;0;0;0;0;4058;0;0;125;0;42;0;
27430;5358670;1198731264;34295808;1397067776;0;0;0;0;0;0;0;0;0;0;0;3737;0;0;125;0;42;0;
27431;6230134;1198731264;34295808;1397067776;0;0;0;0;0;0;0;0;0;0;0;4558;0;0;125;0;42;0;
27432;5156681;1198731264;34295808;1397067776;0;0;0;0;0;0;0;0;0;0;0;4088;0;0;125;0;42;0;
27433;5125492;1198731264;34295808;1397067776;0;0;0;0;0;0;0;0;0;0;0;4118;0;0;125;0;42;0;
27434;5494385;1198731264;34295808;1397067776;0;0;0;0;0;0;0;0;0;0;0;3487;0;0;125;0;42;0;
27435;4344848;1198731264;34295808;1397067776;0;0;0;0;0;0;0;0;0;0;0;3667;0;0;125;0;42;0;
27436;5021397;1198731264;34295808;1397067776;0;0;0;0;0;0;0;0;0;0;0;2695;0;0;125;0;42;0;
27437;5109823;1198731264;34295808;1397067776;0;0;0;0;0;0;0;0;0;0;0;4689;0;0;125;0;42;0;
27438;5583922;1198731264;34295808;1397067776;0;0;0;0;0;0;0;0;0;0;0;3116;0;0;125;0;42;0;
27439;4073860;1198731264;34295808;1397067776;0;0;0;0;0;0;0;0;0;0;0;4488;0;0;125;0;42;0;
27440;5784939;1198731264;34295808;1397067776;0;0;0;0;0;0;0;0;0;0;0;3096;0;0;125;0;42;0;
27441;4747673;1198731264;34295808;1397067776;0;0;0;0;0;0;0;0;0;0;0;3967;0;0;125;0;42;0;
27442;5041003;1198731264;34295808;1397067776;0;0;0;0;0;0;0;0;0;0;0;3627;0;0;125;0;42;0;
27443;4569229;1198731264;34295808;1397067776;0;0;0;0;0;0;0;0;0;0;0;3387;0;0;125;0;42;0;
27444;10973860;1198731264;34295808;1397067776;0;0;0;0;0;0;0;0;0;0;0;3146;0;0;125;0;42;0;
27445;6523674;1198731264;34295808;1397067776;0;0;0;0;0;0;0;0;0;0;0;3166;0;0;125;0;42;0;
27446;5032558;1198731264;34295808;1397067776;0;0;0;0;0;0;0;0;0;0;0;3146;0;0;125;0;42;0;
27447;3247651;1198731264;34304000;1397075968;0;0;0;0;0;0;0;0;0;0;0;2956;0;0;125;0;42;0;
27448;4637056;1198731264;34304000;1397075968;0;0;0;0;0;0;0;0;0;0;0;2445;0;0;125;0;42;0;
27449;3179703;1198731264;34304000;1397075968;0;0;0;0;0;0;0;0;0;0;0;2985;0;0;125;0;42;0;
27450;4787979;1198731264;34304000;1397075968;0;0;0;0;0;0;0;0;0;0;0;2675;0;0;125;0;42;0;
27451;2816141;1198731264;34304000;1397075968;0;0;0;0;0;0;0;0;0;0;0;3165;0;0;125;0;42;0;
27452;4684525;1198731264;34304000;1397075968;0;0;0;0;0;0;0;0;0;0;0;2405;0;0;125;0;42;0;
27453;3899423;1198731264;34295808;1397067776;0;0;0;0;0;0;0;0;0;0;0;3386;0;0;125;0;42;0;
27454;4864042;1198731264;34295808;1397067776;0;0;0;0;0;0;0;0;0;0;0;2554;0;0;125;0;42;0;
27455;3392913;1198731264;34295808;1397067776;0;0;0;0;0;0;0;0;0;0;0;3487;0;0;125;0;42;0;
27456;4830570;1198731264;34295808;1397067776;0;0;0;0;0;0;0;0;0;0;0;3136;0;0;125;0;42;0;
27457;2916920;1198731264;34295808;1397067776;0;0;0;0;0;0;0;0;0;0;0;3096;0;0;125;0;42;0;
27458;4884050;1198731264;34295808;1397067776;0;0;0;0;0;0;0;0;0;0;0;2986;0;0;125;0;42;0;
27459;2328457;1198731264;34295808;1397067776;0;0;0;0;0;0;0;0;0;0;0;3096;0;0;125;0;42;0;
27460;4805021;1198731264;34295808;1397067776;0;0;0;0;0;0;0;0;0;0;0;2935;0;0;125;0;42;0;
27461;3169113;1198731264;34295808;1397067776;0;0;0;0;0;0;0;0;0;0;0;3387;0;0;125;0;42;0;
27462;4983646;1198731264;34295808;1397067776;0;0;0;0;0;0;0;0;0;0;0;2835;0;0;125;0;42;0;
27463;2723417;1198731264;34295808;1397067776;0;0;0;0;0;0;0;0;0;0;0;3156;0;0;125;0;42;0;
27464;4931799;1198731264;34295808;1397067776;0;0;0;0;0;0;0;0;0;0;0;2434;0;0;125;0;42;0;
27465;3417600;1198731264;34295808;1397067776;0;0;0;0;0;0;0;0;0;0;0;3226;0;0;125;0;42;0;
27466;4886695;1198731264;34295808;1397067776;0;0;0;0;0;0;0;0;0;0;0;2916;0;0;125;0;42;0;
27467;4773743;1198731264;34295808;1397067776;0;0;0;0;0;0;0;0;0;0;0;4749;0;0;125;0;42;0;
27468;5223696;1198731264;34295808;1397067776;0;0;0;0;0;0;0;0;0;0;0;3857;0;0;125;0;42;0;
27469;5032257;1198731264;34295808;1397067776;0;0;0;0;0;0;0;0;0;0;0;4819;0;0;125;0;42;0;
27470;5092100;1198731264;34295808;1397067776;0;0;0;0;0;0;0;0;0;0;0;3066;0;0;125;0;42;0;
27471;3262318;1198731264;34295808;1397067776;0;0;0;0;0;0;0;0;0;0;0;3787;0;0;125;0;42;0;
27472;5044340;1198731264;34295808;1397067776;0;0;0;0;0;0;0;0;0;0;0;3226;0;0;125;0;42;0;
27473;4049625;1198731264;34295808;1397067776;0;0;0;0;0;0;0;0;0;0;0;3386;0;0;125;0;42;0;
27474;5031476;1198731264;34295808;1397067776;0;0;0;0;0;0;0;0;0;0;0;3026;0;0;125;0;42;0;
27475;3867763;1198731264;34295808;1397067776;0;0;0;0;0;0;0;0;0;0;0;10690;0;0;125;0;42;0;
27476;4781487;1198731264;34295808;1397067776;0;0;0;0;0;0;0;0;0;0;0;2665;0;0;125;0;42;0;
27477;4126459;1198731264;34295808;1397067776;0;0;0;0;0;0;0;0;0;0;0;3296;0;0;125;0;42;0;
27478;4867359;1198731264;34295808;1397067776;0;0;0;0;0;0;0;0;0;0;0;2405;0;0;125;0;42;0;
27479;3448377;1198731264;34295808;1397067776;0;0;0;0;0;0;0;0;0;0;0;2956;0;0;125;0;42;0;
27480;4829948;1198731264;34295808;1397067776;0;0;0;0;0;0;0;0;0;0;0;2675;0;0;125;0;42;0;
27481;3070639;1198731264;34295808;1397067776;0;0;0;0;0;0;0;0;0;0;0;3356;0;0;125;0;42;0;
27482;5119260;1198731264;34295808;1397067776;0;0;0;0;0;0;0;0;0;0;0;2465;0;0;125;0;42;0;
27483;2999555;1198731264;34295808;1397067776;0;0;0;0;0;0;0;0;0;0;0;2955;0;0;125;0;42;0;
27484;4658347;1198731264;34295808;1397067776;0;0;0;0;0;0;0;0;0;0;0;2554;0;0;125;0;42;0;
27485;3028129;1198731264;34295808;1397067776;0;0;0;0;0;0;0;0;0;0;0;2936;0;0;125;0;42;0;
27486;4985129;1198731264;34295808;1397067776;0;0;0;0;0;0;0;0;0;0;0;2685;0;0;125;0;42;0;
27487;2893506;1198731264;34295808;1397067776;0;0;0;0;0;0;0;0;0;0;0;3236;0;0;125;0;42;0;
27488;4985380;1198731264;34295808;1397067776;0;0;0;0;0;0;0;0;0;0;0;3026;0;0;125;0;42;0;
27489;2896653;1198731264;34295808;1397067776;0;0;0;0;0;0;0;0;0;0;0;2786;0;0;125;0;42;0;
27490;4732586;1198731264;34295808;1397067776;0;0;0;0;0;0;0;0;0;0;0;2444;0;0;125;0;42;0;
27491;3336246;1198731264;34295808;1397067776;0;0;0;0;0;0;0;0;0;0;0;2796;0;0;125;0;42;0;
27492;5007451;1198731264;34295808;1397067776;0;0;0;0;0;0;0;0;0;0;0;2815;0;0;125;0;42;0;
27493;3549156;1198731264;34295808;1397067776;0;0;0;0;0;0;0;0;0;0;0;3316;0;0;125;0;42;0;
27494;5167321;1198731264;34295808;1397067776;0;0;0;0;0;0;0;0;0;0;0;2625;0;0;125;0;42;0;
27495;4027433;1198731264;34295808;1397067776;0;0;0;0;0;0;0;0;0;0;0;2995;0;0;125;0;42;0;
27496;5334745;1198731264;34295808;1397067776;0;0;0;0;0;0;0;0;0;0;0;1973;0;0;125;0;42;0;
27497;3525601;1198731264;34295808;1397067776;0;0;0;0;0;0;0;0;0;0;0;2856;0;0;125;0;42;0;
27498;4678704;1198731264;34295808;1397067776;0;0;0;0;0;0;0;0;0;0;0;2695;0;0;125;0;42;0;
27499;3307583;1198731264;34295808;1397067776;0;0;0;0;0;0;0;0;0;0;0;2795;0;0;125;0;42;0;
27500;4852160;1198731264;34295808;1397067776;0;0;0;0;0;0;0;0;0;0;0;2525;0;0;125;0;42;0;
27501;3423531;1198731264;34295808;1397067776;0;0;0;0;0;0;0;0;0;0;0;2955;0;0;125;0;42;0;
27502;4924034;1198731264;34295808;1397067776;0;0;0;0;0;0;0;0;0;0;0;2545;0;0;125;0;42;0;
27503;2636755;1198731264;34295808;1397067776;0;0;0;0;0;0;0;0;0;0;0;3115;0;0;125;0;42;0;
27504;4825169;1198731264;34295808;1397067776;0;0;0;0;0;0;0;0;0;0;0;2715;0;0;125;0;42;0;
27505;3403624;1198731264;34295808;1397067776;0;0;0;0;0;0;0;0;0;0;0;3667;0;0;125;0;42;0;
27506;4844595;1198731264;34295808;1397067776;0;0;0;0;0;0;0;0;0;0;0;2395;0;0;125;0;42;0;
27507;2534052;1198731264;34295808;1397067776;0;0;0;0;0;0;0;0;0;0;0;2795;0;0;125;0;42;0;
27508;4937099;1198731264;34295808;1397067776;0;0;0;0;0;0;0;0;0;0;0;3155;0;0;125;0;42;0;
27509;2950092;1198731264;34295808;1397067776;0;0;0;0;0;0;0;0;0;0;0;3777;0;0;125;0;42;0;
27510;5205552;1198731264;34295808;1397067776;0;0;0;0;0;0;0;0;0;0;0;2785;0;0;125;0;42;0;
27511;3205752;1198731264;34295808;1397067776;0;0;0;0;0;0;0;0;0;0;0;2806;0;0;125;0;42;0;
27512;4767140;1198731264;34295808;1397067776;0;0;0;0;0;0;0;0;0;0;0;3046;0;0;125;0;42;0;
27513;3153404;1198731264;34295808;1397067776;0;0;0;0;0;0;0;0;0;0;0;3226;0;0;125;0;42;0;
27514;4693953;1198731264;34295808;1397067776;0;0;0;0;0;0;0;0;0;0;0;2585;0;0;125;0;42;0;
27515;2252093;1198731264;34295808;1397067776;0;0;0;0;0;0;0;0;0;0;0;3226;0;0;125;0;42;0;
27516;4927090;1198731264;34295808;1397067776;0;0;0;0;0;0;0;0;0;0;0;2354;0;0;125;0;42;0;
27517;3005867;1198731264;34295808;1397067776;0;0;0;0;0;0;0;0;0;0;0;2565;0;0;125;0;42;0;
27518;4746591;1198731264;34295808;1397067776;0;0;0;0;0;0;0;0;0;0;0;2274;0;0;125;0;42;0;
27519;2946926;1198731264;34295808;1397067776;0;0;0;0;0;0;0;0;0;0;0;2695;0;0;125;0;42;0;
27520;5035383;1198731264;34295808;1397067776;0;0;0;0;0;0;0;0;0;0;0;2305;0;0;125;0;42;0;
27521;4415691;1198731264;34295808;1397067776;0;0;0;0;0;0;0;0;0;0;0;5110;0;0;125;0;42;0;
27522;5396120;1198731264;34295808;1397067776;0;0;0;0;0;0;0;0;0;0;0;4028;0;0;125;0;42;0;
27523;3536152;1198731264;34295808;1397067776;0;0;0;0;0;0;0;0;0;0;0;3887;0;0;125;0;42;0;
27524;5057716;1198731264;34295808;1397067776;0;0;0;0;0;0;0;0;0;0;0;2986;0;0;125;0;42;0;
27525;4714120;1198731264;34295808;1397067776;0;0;0;0;0;0;0;0;0;0;0;3918;0;0;125;0;42;0;
27526;5067022;1198731264;34295808;1397067776;0;0;0;0;0;0;0;0;0;0;0;2935;0;0;125;0;42;0;
27527;4786537;1198731264;34295808;1397067776;0;0;0;0;0;0;0;0;0;0;0;4068;0;0;125;0;42;0;
27528;5274602;1198731264;34295808;1397067776;0;0;0;0;0;0;0;0;0;0;0;3156;0;0;125;0;42;0;
27529;3947924;1198731264;34295808;1397067776;0;0;0;0;0;0;0;0;0;0;0;4268;0;0;125;0;42;0;
27530;5088393;1198731264;34295808;1397067776;0;0;0;0;0;0;0;0;0;0;0;3136;0;0;125;0;42;0;
27531;4130947;1198731264;34295808;1397067776;0;0;0;0;0;0;0;0;0;0;0;3656;0;0;125;0;42;0;
27532;5408452;1198731264;34295808;1397067776;0;0;0;0;0;0;0;0;0;0;0;3747;0;0;125;0;42;0;
27533;3814774;1198731264;34295808;1397067776;0;0;0;0;0;0;0;0;0;0;0;4107;0;0;125;0;42;0;
27534;5419473;1198731264;34295808;1397067776;0;0;0;0;0;0;0;0;0;0;0;3387;0;0;125;0;42;0;
27535;3924991;1198731264;34295808;1397067776;0;0;0;0;0;0;0;0;0;0;0;3596;0;0;125;0;42;0;
27536;5325918;1198731264;34295808;1397067776;0;0;0;0;0;0;0;0;0;0;0;3647;0;0;125;0;42;0;
27537;4258466;1198731264;34295808;1397067776;0;0;0;0;0;0;0;0;0;0;0;3777;0;0;125;0;42;0;
27538;5167121;1198731264;34295808;1397067776;0;0;0;0;0;0;0;0;0;0;0;3005;0;0;125;0;42;0;
27539;4123733;1198731264;34295808;1397067776;0;0;0;0;0;0;0;0;0;0;0;3918;0;0;125;0;42;0;
27540;5310089;1198731264;34295808;1397067776;0;0;0;0;0;0;0;0;0;0;0;3867;0;0;125;0;42;0;
27541;4078258;1198731264;34295808;1397067776;0;0;0;0;0;0;0;0;0;0;0;4038;0;0;125;0;42;0;
27542;5488092;1198731264;34295808;1397067776;0;0;0;0;0;0;0;0;0;0;0;2865;0;0;125;0;42;0;
27543;2996509;1198731264;34295808;1397067776;0;0;0;0;0;0;0;0;0;0;0;2875;0;0;125;0;42;0;
27544;4687481;1198731264;34295808;1397067776;0;0;0;0;0;0;0;0;0;0;0;2735;0;0;125;0;42;0;
27545;3492069;1198731264;34295808;1397067776;0;0;0;0;0;0;0;0;0;0;0;3006;0;0;125;0;42;0;
27546;4812725;1198731264;34295808;1397067776;0;0;0;0;0;0;0;0;0;0;0;2395;0;0;125;0;42;0;
27547;3462223;1198731264;34295808;1397067776;0;0;0;0;0;0;0;0;0;0;0;2615;0;0;125;0;42;0;
27548;4714852;1198731264;34295808;1397067776;0;0;0;0;0;0;0;0;0;0;0;2354;0;0;125;0;42;0;
27549;3175495;1198731264;34295808;1397067776;0;0;0;0;0;0;0;0;0;0;0;2815;0;0;125;0;42;0;
27550;4698492;1198731264;34295808;1397067776;0;0;0;0;0;0;0;0;0;0;0;2335;0;0;125;0;42;0;
27551;4185660;1198731264;34295808;1397067776;0;0;0;0;0;0;0;0;0;0;0;2965;0;0;125;0;42;0;
27552;5074126;1198731264;34295808;1397067776;0;0;0;0;0;0;0;0;0;0;0;2404;0;0;125;0;42;0;
27553;3265885;1198731264;34295808;1397067776;0;0;0;0;0;0;0;0;0;0;0;2776;0;0;125;0;42;0;
27554;5106817;1198731264;34295808;1397067776;0;0;0;0;0;0;0;0;0;0;0;3096;0;0;125;0;42;0;
27555;3456001;1198731264;34295808;1397067776;0;0;0;0;0;0;0;0;0;0;0;3216;0;0;125;0;42;0;
27556;4678855;1198731264;34295808;1397067776;0;0;0;0;0;0;0;0;0;0;0;2925;0;0;125;0;42;0;
27557;2785043;1198731264;34295808;1397067776;0;0;0;0;0;0;0;0;0;0;0;3006;0;0;125;0;42;0;
27558;4959712;1198731264;34295808;1397067776;0;0;0;0;0;0;0;0;0;0;0;2806;0;0;125;0;42;0;
27559;3561880;1198731264;34295808;1397067776;0;0;0;0;0;0;0;0;0;0;0;3005;0;0;125;0;42;0;
27560;4954972;1198731264;34295808;1397067776;0;0;0;0;0;0;0;0;0;0;0;2565;0;0;125;0;42;0;
27561;2847771;1198731264;34295808;1397067776;0;0;0;0;0;0;0;0;0;0;0;2815;0;0;125;0;42;0;
27562;5000758;1198731264;34295808;1397067776;0;0;0;0;0;0;0;0;0;0;0;3196;0;0;125;0;42;0;
27563;3359280;1198731264;34295808;1397067776;0;0;0;0;0;0;0;0;0;0;0;3216;0;0;125;0;42;0;
27564;4828264;1198731264;34295808;1397067776;0;0;0;0;0;0;0;0;0;0;0;3035;0;0;125;0;42;0;
27565;2937188;1198731264;34295808;1397067776;0;0;0;0;0;0;0;0;0;0;0;3456;0;0;125;0;42;0;
27566;5148285;1198731264;34295808;1397067776;0;0;0;0;0;0;0;0;0;0;0;2384;0;0;125;0;42;0;
27567;4638169;1198731264;34295808;1397067776;0;0;0;0;0;0;0;0;0;0;0;3868;0;0;125;0;42;0;
27568;5466321;1198731264;34295808;1397067776;0;0;0;0;0;0;0;0;0;0;0;3246;0;0;125;0;42;0;
27569;4727415;1198731264;34295808;1397067776;0;0;0;0;0;0;0;0;0;0;0;3386;0;0;125;0;42;0;
27570;5191746;1198731264;34295808;1397067776;0;0;0;0;0;0;0;0;0;0;0;3627;0;0;125;0;42;0;
27571;3322701;1198731264;34295808;1397067776;0;0;0;0;0;0;0;0;0;0;0;2835;0;0;125;0;42;0;
27572;5136413;1198731264;34295808;1397067776;0;0;0;0;0;0;0;0;0;0;0;2455;0;0;125;0;42;0;
27573;2330039;1198731264;34295808;1397067776;0;0;0;0;0;0;0;0;0;0;0;2825;0;0;125;0;42;0;
27574;4812846;1198731264;34295808;1397067776;0;0;0;0;0;0;0;0;0;0;0;2244;0;0;125;0;42;0;
27575;3546461;1198731264;34295808;1397067776;0;0;0;0;0;0;0;0;0;0;0;3346;0;0;125;0;42;0;
27576;4943641;1198731264;34295808;1397067776;0;0;0;0;0;0;0;0;0;0;0;2435;0;0;125;0;42;0;
27577;2784392;1198731264;34295808;1397067776;0;0;0;0;0;0;0;0;0;0;0;2615;0;0;125;0;42;0;
27578;4906993;1198731264;34295808;1397067776;0;0;0;0;0;0;0;0;0;0;0;2364;0;0;125;0;42;0;
27579;3025043;1198731264;34295808;1397067776;0;0;0;0;0;0;0;0;0;0;0;2665;0;0;125;0;42;0;
27580;4919005;1198731264;34295808;1397067776;0;0;0;0;0;0;0;0;0;0;0;2284;0;0;125;0;42;0;
27581;2860464;1198731264;34295808;1397067776;0;0;0;0;0;0;0;0;0;0;0;3296;0;0;125;0;42;0;
27582;5038550;1198731264;34295808;1397067776;0;0;0;0;0;0;0;0;0;0;0;2805;0;0;125;0;42;0;
27583;3734584;1198731264;34295808;1397067776;0;0;0;0;0;0;0;0;0;0;0;2765;0;0;125;0;42;0;
27584;5029272;1198731264;34295808;1397067776;0;0;0;0;0;0;0;0;0;0;0;2776;0;0;125;0;42;0;
27585;3361915;1198731264;34295808;1397067776;0;0;0;0;0;0;0;0;0;0;0;2655;0;0;125;0;42;0;
27586;4828285;1198731264;34295808;1397067776;0;0;0;0;0;0;0;0;0;0;0;2595;0;0;125;0;42;0;
27587;3325427;1198731264;34295808;1397067776;0;0;0;0;0;0;0;0;0;0;0;2925;0;0;125;0;42;0;
27588;5028060;1198731264;34295808;1397067776;0;0;0;0;0;0;0;0;0;0;0;2545;0;0;125;0;42;0;
27589;2457358;1198731264;34295808;1397067776;0;0;0;0;0;0;0;0;0;0;0;3146;0;0;125;0;42;0;
27590;4985970;1198731264;34295808;1397067776;0;0;0;0;0;0;0;0;0;0;0;3076;0;0;125;0;42;0;
27591;2988495;1198731264;34295808;1397067776;0;0;0;0;0;0;0;0;0;0;0;4087;0;0;125;0;42;0;
27592;5285352;1198731264;34295808;1397067776;0;0;0;0;0;0;0;0;0;0;0;2655;0;0;125;0;42;0;
27593;2837010;1198731264;34295808;1397067776;0;0;0;0;0;0;0;0;0;0;0;3216;0;0;125;0;42;0;
27594;4820861;1198731264;34295808;1397067776;0;0;0;0;0;0;0;0;0;0;0;2535;0;0;125;0;42;0;
27595;3191425;1198731264;34295808;1397067776;0;0;0;0;0;0;0;0;0;0;0;3507;0;0;125;0;42;0;
27596;5348290;1198731264;34295808;1397067776;0;0;0;0;0;0;0;0;0;0;0;3867;0;0;125;0;42;0;
27597;4249269;1198731264;34295808;1397067776;0;0;0;0;0;0;0;0;0;0;0;4608;0;0;125;0;42;0;
27598;5277407;1198731264;34295808;1397067776;0;0;0;0;0;0;0;0;0;0;0;3947;0;0;125;0;42;0;
27599;4986732;1198731264;34295808;1397067776;0;0;0;0;0;0;0;0;0;0;0;4108;0;0;125;0;42;0;
27600;5278188;1198731264;34295808;1397067776;0;0;0;0;0;0;0;0;0;0;0;3076;0;0;125;0;42;0;
27601;4299814;1198731264;34295808;1397067776;0;0;0;0;0;0;0;0;0;0;0;4077;0;0;125;0;42;0;
27602;5026737;1198731264;34295808;1397067776;0;0;0;0;0;0;0;0;0;0;0;4038;0;0;125;0;42;0;
27603;4362131;1198731264;34295808;1397067776;0;0;0;0;0;0;0;0;0;0;0;4358;0;0;125;0;42;0;
27604;5278950;1198731264;34295808;1397067776;0;0;0;0;0;0;0;0;0;0;0;3346;0;0;125;0;42;0;
27605;4830058;1198731264;34295808;1397067776;0;0;0;0;0;0;0;0;0;0;0;5380;0;0;125;0;42;0;
27606;5414634;1198731264;34295808;1397067776;0;0;0;0;0;0;0;0;0;0;0;2946;0;0;125;0;42;0;
27607;3948054;1198731264;34295808;1397067776;0;0;0;0;0;0;0;0;0;0;0;4548;0;0;125;0;42;0;
27608;5233435;1198731264;34295808;1397067776;0;0;0;0;0;0;0;0;0;0;0;3406;0;0;125;0;42;0;
27609;3466040;1198731264;34295808;1397067776;0;0;0;0;0;0;0;0;0;0;0;3036;0;0;125;0;42;0;
27610;4794602;1198731264;34295808;1397067776;0;0;0;0;0;0;0;0;0;0;0;2615;0;0;125;0;42;0;
27611;3239786;1198731264;34295808;1397067776;0;0;0;0;0;0;0;0;0;0;0;3036;0;0;125;0;42;0;
27612;4697530;1198731264;34295808;1397067776;0;0;0;0;0;0;0;0;0;0;0;2855;0;0;125;0;42;0;
27613;3373867;1198731264;34295808;1397067776;0;0;0;0;0;0;0;0;0;0;0;3095;0;0;125;0;42;0;
27614;5032738;1198731264;34295808;1397067776;0;0;0;0;0;0;0;0;0;0;0;3366;0;0;125;0;42;0;
27615;3305890;1198731264;34295808;1397067776;0;0;0;0;0;0;0;0;0;0;0;3507;0;0;125;0;42;0;
27616;4824338;1198731264;34295808;1397067776;0;0;0;0;0;0;0;0;0;0;0;2926;0;0;125;0;42;0;
27617;3310278;1198731264;34295808;1397067776;0;0;0;0;0;0;0;0;0;0;0;3277;0;0;125;0;42;0;
27618;5024433;1198731264;34295808;1397067776;0;0;0;0;0;0;0;0;0;0;0;2715;0;0;125;0;42;0;
27619;3085877;1198731264;34295808;1397067776;0;0;0;0;0;0;0;0;0;0;0;3156;0;0;125;0;42;0;
27620;5023791;1198731264;34295808;1397067776;0;0;0;0;0;0;0;0;0;0;0;2635;0;0;125;0;42;0;
27621;3479265;1198731264;34295808;1397067776;0;0;0;0;0;0;0;0;0;0;0;3366;0;0;125;0;42;0;
27622;5098552;1198731264;34295808;1397067776;0;0;0;0;0;0;0;0;0;0;0;2826;0;0;125;0;42;0;
27623;3050150;1198731264;34295808;1397067776;0;0;0;0;0;0;0;0;0;0;0;3156;0;0;125;0;42;0;
27624;4833645;1198731264;34295808;1397067776;0;0;0;0;0;0;0;0;0;0;0;2795;0;0;125;0;42;0;
27625;2991651;1198731264;34295808;1397067776;0;0;0;0;0;0;0;0;0;0;0;2906;0;0;125;0;42;0;
27626;4974559;1198731264;34295808;1397067776;0;0;0;0;0;0;0;0;0;0;0;2524;0;0;125;0;42;0;
27627;2896242;1198731264;34295808;1397067776;0;0;0;0;0;0;0;0;0;0;0;2805;0;0;125;0;42;0;
27628;4874001;1198731264;34295808;1397067776;0;0;0;0;0;0;0;0;0;0;0;2645;0;0;125;0;42;0;
27629;3068856;1198731264;34295808;1397067776;0;0;0;0;0;0;0;0;0;0;0;2845;0;0;125;0;42;0;
27630;4796315;1198731264;34295808;1397067776;0;0;0;0;0;0;0;0;0;0;0;2635;0;0;125;0;42;0;
27631;3080246;1198731264;34295808;1397067776;0;0;0;0;0;0;0;0;0;0;0;3196;0;0;125;0;42;0;
27632;4947448;1198731264;34295808;1397067776;0;0;0;0;0;0;0;0;0;0;0;2855;0;0;125;0;42;0;
27633;4350659;1198731264;34295808;1397067776;0;0;0;0;0;0;0;0;0;0;0;5601;0;0;125;0;42;0;
27634;5694229;1198731264;34295808;1397067776;0;0;0;0;0;0;0;0;0;0;0;4087;0;0;125;0;42;0;
27635;4245793;1198731264;34295808;1397067776;0;0;0;0;0;0;0;0;0;0;0;3817;0;0;125;0;42;0;
27636;4916721;1198731264;34295808;1397067776;0;0;0;0;0;0;0;0;0;0;0;2966;0;0;125;0;42;0;
27637;2913695;1198731264;34295808;1397067776;0;0;0;0;0;0;0;0;0;0;0;3397;0;0;125;0;42;0;
27638;4918264;1198731264;34295808;1397067776;0;0;0;0;0;0;0;0;0;0;0;2786;0;0;125;0;42;0;
27639;3400046;1198731264;34295808;1397067776;0;0;0;0;0;0;0;0;0;0;0;3206;0;0;125;0;42;0;
27640;4766619;1198731264;34295808;1397067776;0;0;0;0;0;0;0;0;0;0;0;3056;0;0;125;0;42;0;
27641;3445782;1198731264;34295808;1397067776;0;0;0;0;0;0;0;0;0;0;0;3696;0;0;125;0;42;0;
27642;4924956;1198731264;34295808;1397067776;0;0;0;0;0;0;0;0;0;0;0;2765;0;0;125;0;42;0;
27643;3112457;1198731264;34295808;1397067776;0;0;0;0;0;0;0;0;0;0;0;2615;0;0;125;0;42;0;
27644;4723579;1198731264;34295808;1397067776;0;0;0;0;0;0;0;0;0;0;0;3105;0;0;125;0;42;0;
27645;4430529;1198731264;34295808;1397067776;0;0;0;0;0;0;0;0;0;0;0;4038;0;0;125;0;42;0;
27646;5100626;1198731264;34295808;1397067776;0;0;0;0;0;0;0;0;0;0;0;2685;0;0;125;0;42;0;
27647;3831135;1198731264;34295808;1397067776;0;0;0;0;0;0;0;0;0;0;0;3356;0;0;125;0;42;0;
27648;5555258;1198731264;34295808;1397067776;0;0;0;0;0;0;0;0;0;0;0;2955;0;0;125;0;42;0;
27649;4175100;1198731264;34295808;1397067776;0;0;0;0;0;0;0;0;0;0;0;3387;0;0;125;0;42;0;
27650;5084315;1198731264;34295808;1397067776;0;0;0;0;0;0;0;0;0;0;0;2675;0;0;125;0;42;0;
27651;4046899;1198731264;34295808;1397067776;0;0;0;0;0;0;0;0;0;0;0;3547;0;0;125;0;42;0;
27652;5052686;1198731264;34295808;1397067776;0;0;0;0;0;0;0;0;0;0;0;2795;0;0;125;0;42;0;
27653;3308605;1198731264;34295808;1397067776;0;0;0;0;0;0;0;0;0;0;0;3226;0;0;125;0;42;0;
27654;4672152;1198731264;34295808;1397067776;0;0;0;0;0;0;0;0;0;0;0;2785;0;0;125;0;42;0;
27655;2840276;1198731264;34295808;1397067776;0;0;0;0;0;0;0;0;0;0;0;2685;0;0;125;0;42;0;
27656;5530021;1198731264;34295808;1397067776;0;0;0;0;0;0;0;0;0;0;0;2826;0;0;125;0;42;0;
27657;3401429;1198731264;34295808;1397067776;0;0;0;0;0;0;0;0;0;0;0;9538;0;0;125;0;42;0;
27658;5056894;1198731264;34295808;1397067776;0;0;0;0;0;0;0;0;0;0;0;2795;0;0;125;0;42;0;
27659;3227292;1198731264;34295808;1397067776;0;0;0;0;0;0;0;0;0;0;0;4579;0;0;125;0;42;0;
27660;5436456;1198731264;34295808;1397067776;0;0;0;0;0;0;0;0;0;0;0;4168;0;0;125;0;42;0;
27661;4520929;1198731264;34295808;1397067776;0;0;0;0;0;0;0;0;0;0;0;4890;0;0;125;0;42;0;
27662;5266317;1198731264;34295808;1397067776;0;0;0;0;0;0;0;0;0;0;0;3246;0;0;125;0;42;0;
27663;4393028;1198731264;34295808;1397067776;0;0;0;0;0;0;0;0;0;0;0;5140;0;0;125;0;42;0;
27664;6015582;1198731264;34295808;1397067776;0;0;0;0;0;0;0;0;0;0;0;3556;0;0;125;0;42;0;
27665;3564525;1198731264;34295808;1397067776;0;0;0;0;0;0;0;0;0;0;0;2966;0;0;125;0;42;0;
27666;4832964;1198731264;34295808;1397067776;0;0;0;0;0;0;0;0;0;0;0;2594;0;0;125;0;42;0;
27667;4087406;1198731264;34295808;1397067776;0;0;0;0;0;0;0;0;0;0;0;3527;0;0;125;0;42;0;
27668;5106527;1198731264;34295808;1397067776;0;0;0;0;0;0;0;0;0;0;0;2736;0;0;125;0;42;0;
27669;3505894;1198731264;34295808;1397067776;0;0;0;0;0;0;0;0;0;0;0;3256;0;0;125;0;42;0;
27670;5018973;1198731264;34295808;1397067776;0;0;0;0;0;0;0;0;0;0;0;3506;0;0;125;0;42;0;
27671;3100254;1198731264;34295808;1397067776;0;0;0;0;0;0;0;0;0;0;0;3196;0;0;125;0;42;0;
27672;5330637;1198731264;34295808;1397067776;0;0;0;0;0;0;0;0;0;0;0;3026;0;0;125;0;42;0;
27673;3018190;1198731264;34295808;1397067776;0;0;0;0;0;0;0;0;0;0;0;2865;0;0;125;0;42;0;
27674;5002561;1198731264;34295808;1397067776;0;0;0;0;0;0;0;0;0;0;0;2765;0;0;125;0;42;0;
27675;3512206;1198731264;34295808;1397067776;0;0;0;0;0;0;0;0;0;0;0;3276;0;0;125;0;42;0;
27676;11204142;1198731264;34295808;1397067776;0;0;0;0;0;0;0;0;0;0;0;2645;0;0;125;0;42;0;
27677;3819784;1198731264;34295808;1397067776;0;0;0;0;0;0;0;0;0;0;0;3076;0;0;125;0;42;0;
27678;5279581;1198731264;34295808;1397067776;0;0;0;0;0;0;0;0;0;0;0;3046;0;0;125;0;42;0;
27679;3269923;1198731264;34295808;1397067776;0;0;0;0;0;0;0;0;0;0;0;2996;0;0;125;0;42;0;
27680;5668351;1198731264;34295808;1397067776;0;0;0;0;0;0;0;0;0;0;0;4569;0;0;125;0;42;0;
27681;3295761;1198731264;34304000;1397075968;0;0;0;0;0;0;0;0;0;0;0;2705;0;0;125;0;42;0;
27682;4983085;1198731264;34304000;1397075968;0;0;0;0;0;0;0;0;0;0;0;2905;0;0;125;0;42;0;
27683;3178441;1198731264;34304000;1397075968;0;0;0;0;0;0;0;0;0;0;0;3346;0;0;125;0;42;0;
27684;5131834;1198731264;34304000;1397075968;0;0;0;0;0;0;0;0;0;0;0;2916;0;0;125;0;42;0;
27685;3611703;1198731264;34304000;1397075968;0;0;0;0;0;0;0;0;0;0;0;3306;0;0;125;0;42;0;
27686;6061438;1198731264;34304000;1397075968;0;0;0;0;0;0;0;0;0;0;0;3787;0;0;125;0;42;0;
27687;4418216;1198731264;34295808;1397067776;0;0;0;0;0;0;0;0;0;0;0;5179;0;0;125;0;42;0;
27688;6081796;1198731264;34295808;1397067776;0;0;0;0;0;0;0;0;0;0;0;4579;0;0;125;0;42;0;
27689;3513630;1198731264;34295808;1397067776;0;0;0;0;0;0;0;0;0;0;0;3006;0;0;125;0;42;0;
27690;4995048;1198731264;34295808;1397067776;0;0;0;0;0;0;0;0;0;0;0;2875;0;0;125;0;42;0;
27691;3688257;1198731264;34295808;1397067776;0;0;0;0;0;0;0;0;0;0;0;3597;0;0;125;0;42;0;
27692;5121695;1198731264;34295808;1397067776;0;0;0;0;0;0;0;0;0;0;0;2975;0;0;125;0;42;0;
27693;2816882;1198731264;34295808;1397067776;0;0;0;0;0;0;0;0;0;0;0;3477;0;0;125;0;42;0;
27694;5378336;1198731264;34295808;1397067776;0;0;0;0;0;0;0;0;0;0;0;3086;0;0;125;0;42;0;
27695;3451684;1198731264;34295808;1397067776;0;0;0;0;0;0;0;0;0;0;0;3396;0;0;125;0;42;0;
27696;5162541;1198731264;34295808;1397067776;0;0;0;0;0;0;0;0;0;0;0;2836;0;0;125;0;42;0;
27697;3735645;1198731264;34295808;1397067776;0;0;0;0;0;0;0;0;0;0;0;3707;0;0;125;0;42;0;
27698;5147133;1198731264;34295808;1397067776;0;0;0;0;0;0;0;0;0;0;0;3347;0;0;125;0;42;0;
27699;2788379;1198731264;34295808;1397067776;0;0;0;0;0;0;0;0;0;0;0;3246;0;0;125;0;42;0;
27700;5201425;1198731264;34295808;1397067776;0;0;0;0;0;0;0;0;0;0;0;2975;0;0;125;0;42;0;
27701;3052124;1198731264;34295808;1397067776;0;0;0;0;0;0;0;0;0;0;0;2695;0;0;125;0;42;0;
27702;4818968;1198731264;34295808;1397067776;0;0;0;0;0;0;0;0;0;0;0;2725;0;0;125;0;42;0;
27703;3941782;1198731264;34295808;1397067776;0;0;0;0;0;0;0;0;0;0;0;3687;0;0;125;0;42;0;
27704;5062945;1198731264;34295808;1397067776;0;0;0;0;0;0;0;0;0;0;0;3116;0;0;125;0;42;0;
27705;3401078;1198731264;34295808;1397067776;0;0;0;0;0;0;0;0;0;0;0;3146;0;0;125;0;42;0;
27706;5662950;1198731264;34295808;1397067776;0;0;0;0;0;0;0;0;0;0;0;2745;0;0;125;0;42;0;
27707;3458777;1198731264;34295808;1397067776;0;0;0;0;0;0;0;0;0;0;0;3176;0;0;125;0;42;0;
27708;4816933;1198731264;34295808;1397067776;0;0;0;0;0;0;0;0;0;0;0;2725;0;0;125;0;42;0;
27709;3898451;1198731264;34295808;1397067776;0;0;0;0;0;0;0;0;0;0;0;2995;0;0;125;0;42;0;
27710;5102749;1198731264;34295808;1397067776;0;0;0;0;0;0;0;0;0;0;0;2575;0;0;125;0;42;0;
27711;3239696;1198731264;34295808;1397067776;0;0;0;0;0;0;0;0;0;0;0;4839;0;0;125;0;42;0;
27712;5511176;1198731264;34295808;1397067776;0;0;0;0;0;0;0;0;0;0;0;4188;0;0;125;0;42;0;
27713;4112212;1198731264;34295808;1397067776;0;0;0;0;0;0;0;0;0;0;0;4529;0;0;125;0;42;0;
27714;5198249;1198731264;34295808;1397067776;0;0;0;0;0;0;0;0;0;0;0;3807;0;0;125;0;42;0;
27715;2826430;1198731264;34295808;1397067776;0;0;0;0;0;0;0;0;0;0;0;3136;0;0;125;0;42;0;
27716;5296694;1198731264;34295808;1397067776;0;0;0;0;0;0;0;0;0;0;0;2364;0;0;125;0;42;0;
27717;2618090;1198731264;34295808;1397067776;0;0;0;0;0;0;0;0;0;0;0;3246;0;0;125;0;42;0;
27718;4638498;1198731264;34295808;1397067776;0;0;0;0;0;0;0;0;0;0;0;2394;0;0;125;0;42;0;
27719;2454684;1198731264;34295808;1397067776;0;0;0;0;0;0;0;0;0;0;0;2845;0;0;125;0;42;0;
27720;5066922;1198731264;34295808;1397067776;0;0;0;0;0;0;0;0;0;0;0;2695;0;0;125;0;42;0;
27721;2993974;1198731264;34295808;1397067776;0;0;0;0;0;0;0;0;0;0;0;3025;0;0;125;0;42;0;
27722;4690547;1198731264;34295808;1397067776;0;0;0;0;0;0;0;0;0;0;0;2975;0;0;125;0;42;0;
27723;2855936;1198731264;34295808;1397067776;0;0;0;0;0;0;0;0;0;0;0;3266;0;0;125;0;42;0;
27724;4919275;1198731264;34295808;1397067776;0;0;0;0;0;0;0;0;0;0;0;3166;0;0;125;0;42;0;
27725;2836440;1198731264;34295808;1397067776;0;0;0;0;0;0;0;0;0;0;0;3476;0;0;125;0;42;0;
27726;5042897;1198731264;34295808;1397067776;0;0;0;0;0;0;0;0;0;0;0;2635;0;0;125;0;42;0;
27727;3068414;1198731264;34295808;1397067776;0;0;0;0;0;0;0;0;0;0;0;3046;0;0;125;0;42;0;
27728;4912814;1198731264;34295808;1397067776;0;0;0;0;0;0;0;0;0;0;0;2464;0;0;125;0;42;0;
27729;3371312;1198731264;34295808;1397067776;0;0;0;0;0;0;0;0;0;0;0;3136;0;0;125;0;42;0;
27730;5127656;1198731264;34295808;1397067776;0;0;0;0;0;0;0;0;0;0;0;3136;0;0;125;0;42;0;
27731;3726279;1198731264;34295808;1397067776;0;0;0;0;0;0;0;0;0;0;0;3677;0;0;125;0;42;0;
27732;4735621;1198731264;34295808;1397067776;0;0;0;0;0;0;0;0;0;0;0;2925;0;0;125;0;42;0;
27733;2943601;1198731264;34295808;1397067776;0;0;0;0;0;0;0;0;0;0;0;3096;0;0;125;0;42;0;
27734;4802867;1198731264;34295808;1397067776;0;0;0;0;0;0;0;0;0;0;0;2936;0;0;125;0;42;0;
27735;2824997;1198731264;34295808;1397067776;0;0;0;0;0;0;0;0;0;0;0;3076;0;0;125;0;42;0;
27736;4972486;1198731264;34295808;1397067776;0;0;0;0;0;0;0;0;0;0;0;2855;0;0;125;0;42;0;
27737;2989346;1198731264;34295808;1397067776;0;0;0;0;0;0;0;0;0;0;0;2975;0;0;125;0;42;0;
27738;4995849;1198731264;34295808;1397067776;0;0;0;0;0;0;0;0;0;0;0;2685;0;0;125;0;42;0;
27739;2305414;1198731264;34295808;1397067776;0;0;0;0;0;0;0;0;0;0;0;2595;0;0;125;0;42;0;
27740;5112267;1198731264;34295808;1397067776;0;0;0;0;0;0;0;0;0;0;0;3666;0;0;125;0;42;0;
27741;4924996;1198731264;34295808;1397067776;0;0;0;0;0;0;0;0;0;0;0;4839;0;0;125;0;42;0;
27742;5030524;1198731264;34295808;1397067776;0;0;0;0;0;0;0;0;0;0;0;4288;0;0;125;0;42;0;
27743;3994030;1198731264;34295808;1397067776;0;0;0;0;0;0;0;0;0;0;0;3797;0;0;125;0;42;0;
27744;5934950;1198731264;34295808;1397067776;0;0;0;0;0;0;0;0;0;0;0;3928;0;0;125;0;42;0;
27745;3717132;1198731264;34295808;1397067776;0;0;0;0;0;0;0;0;0;0;0;3967;0;0;125;0;42;0;
27746;5525142;1198731264;34295808;1397067776;0;0;0;0;0;0;0;0;0;0;0;3546;0;0;125;0;42;0;
27747;4008087;1198731264;34295808;1397067776;0;0;0;0;0;0;0;0;0;0;0;3817;0;0;125;0;42;0;
27748;5156129;1198731264;34295808;1397067776;0;0;0;0;0;0;0;0;0;0;0;2675;0;0;125;0;42;0;
27749;3282876;1198731264;34295808;1397067776;0;0;0;0;0;0;0;0;0;0;0;3336;0;0;125;0;42;0;
27750;5157291;1198731264;34295808;1397067776;0;0;0;0;0;0;0;0;0;0;0;3006;0;0;125;0;42;0;
27751;3762696;1198731264;34295808;1397067776;0;0;0;0;0;0;0;0;0;0;0;4097;0;0;125;0;42;0;
27752;5249825;1198731264;34295808;1397067776;0;0;0;0;0;0;0;0;0;0;0;3236;0;0;125;0;42;0;
27753;4495090;1198731264;34295808;1397067776;0;0;0;0;0;0;0;0;0;0;0;5390;0;0;125;0;42;0;
27754;5135441;1198731264;34295808;1397067776;0;0;0;0;0;0;0;0;0;0;0;2966;0;0;125;0;42;0;
27755;4717968;1198731264;34295808;1397067776;0;0;0;0;0;0;0;0;0;0;0;4047;0;0;125;0;42;0;
27756;4987583;1198731264;34295808;1397067776;0;0;0;0;0;0;0;0;0;0;0;3787;0;0;125;0;42;0;
27757;4093256;1198731264;34295808;1397067776;0;0;0;0;0;0;0;0;0;0;0;4970;0;0;125;0;42;0;
27758;5551631;1198731264;34295808;1397067776;0;0;0;0;0;0;0;0;0;0;0;3938;0;0;125;0;42;0;
27759;3843208;1198731264;34295808;1397067776;0;0;0;0;0;0;0;0;0;0;0;4879;0;0;125;0;42;0;
27760;5212516;1198731264;34295808;1397067776;0;0;0;0;0;0;0;0;0;0;0;3567;0;0;125;0;42;0;
27761;4345079;1198731264;34295808;1397067776;0;0;0;0;0;0;0;0;0;0;0;3888;0;0;125;0;42;0;
27762;5243944;1198731264;34295808;1397067776;0;0;0;0;0;0;0;0;0;0;0;2845;0;0;125;0;42;0;
27763;4006814;1198731264;34295808;1397067776;0;0;0;0;0;0;0;0;0;0;0;4248;0;0;125;0;42;0;
27764;4948500;1198731264;34295808;1397067776;0;0;0;0;0;0;0;0;0;0;0;3927;0;0;125;0;42;0;
27765;4422183;1198731264;34295808;1397067776;0;0;0;0;0;0;0;0;0;0;0;3807;0;0;125;0;42;0;
27766;5511666;1198731264;34295808;1397067776;0;0;0;0;0;0;0;0;0;0;0;3387;0;0;125;0;42;0;
27767;4779724;1198731264;34295808;1397067776;0;0;0;0;0;0;0;0;0;0;0;4619;0;0;125;0;42;0;
27768;5095276;1198731264;34295808;1397067776;0;0;0;0;0;0;0;0;0;0;0;3407;0;0;125;0;42;0;
27769;4206710;1198731264;34295808;1397067776;0;0;0;0;0;0;0;0;0;0;0;3667;0;0;125;0;42;0;
27770;4988265;1198731264;34295808;1397067776;0;0;0;0;0;0;0;0;0;0;0;3627;0;0;125;0;42;0;
27771;4009449;1198731264;34295808;1397067776;0;0;0;0;0;0;0;0;0;0;0;4568;0;0;125;0;42;0;
27772;6206380;1198731264;34295808;1397067776;0;0;0;0;0;0;0;0;0;0;0;3436;0;0;125;0;42;0;
27773;6921611;1198731264;34295808;1397067776;0;0;0;0;0;0;0;0;0;0;0;4859;0;0;125;0;42;0;
27774;6447331;1198731264;34295808;1397067776;0;0;0;0;0;0;0;0;0;0;0;4528;0;0;125;0;42;0;
27775;4575070;1198731264;34295808;1397067776;0;0;0;0;0;0;0;0;0;0;0;4198;0;0;125;0;42;0;
27776;5597207;1198731264;34295808;1397067776;0;0;0;0;0;0;0;0;0;0;0;3957;0;0;125;0;42;0;
27777;4453412;1198731264;34295808;1397067776;0;0;0;0;0;0;0;0;0;0;0;3757;0;0;125;0;42;0;
27778;5842266;1198731264;34295808;1397067776;0;0;0;0;0;0;0;0;0;0;0;4689;0;0;125;0;42;0;
27779;4573417;1198731264;34295808;1397067776;0;0;0;0;0;0;0;0;0;0;0;4308;0;0;125;0;42;0;
27780;5953766;1198731264;34295808;1397067776;0;0;0;0;0;0;0;0;0;0;0;4187;0;0;125;0;42;0;
27781;4553800;1198731264;34295808;1397067776;0;0;0;0;0;0;0;0;0;0;0;5029;0;0;125;0;42;0;
27782;5820155;1198731264;34295808;1397067776;0;0;0;0;0;0;0;0;0;0;0;4278;0;0;125;0;42;0;
27783;4470464;1198731264;34295808;1397067776;0;0;0;0;0;0;0;0;0;0;0;4588;0;0;125;0;42;0;
27784;5939919;1198731264;34295808;1397067776;0;0;0;0;0;0;0;0;0;0;0;4979;0;0;125;0;42;0;
27785;4588866;1198731264;34295808;1397067776;0;0;0;0;0;0;0;0;0;0;0;4008;0;0;125;0;42;0;
27786;6012495;1198731264;34295808;1397067776;0;0;0;0;0;0;0;0;0;0;0;4458;0;0;125;0;42;0;
27787;4702930;1198731264;34295808;1397067776;0;0;0;0;0;0;0;0;0;0;0;3887;0;0;125;0;42;0;
27788;5804375;1198731264;34295808;1397067776;0;0;0;0;0;0;0;0;0;0;0;4127;0;0;125;0;42;0;
27789;4759325;1198731264;34295808;1397067776;0;0;0;0;0;0;0;0;0;0;0;4268;0;0;125;0;42;0;
27790;5813763;1198731264;34295808;1397067776;0;0;0;0;0;0;0;0;0;0;0;4439;0;0;125;0;42;0;
27791;5283579;1198731264;34304000;1397075968;0;0;0;0;0;0;0;0;0;0;0;3917;0;0;125;0;42;0;
27792;6261823;1198731264;34304000;1397075968;0;0;0;0;0;0;0;0;0;0;0;4068;0;0;125;0;42;0;
27793;4944143;1198731264;34304000;1397075968;0;0;0;0;0;0;0;0;0;0;0;4198;0;0;125;0;42;0;
27794;5619999;1198731264;34304000;1397075968;0;0;0;0;0;0;0;0;0;0;0;4007;0;0;125;0;42;0;
27795;4369935;1198731264;34304000;1397075968;0;0;0;0;0;0;0;0;0;0;0;4248;0;0;125;0;42;0;
27796;5706682;1198731264;34304000;1397075968;0;0;0;0;0;0;0;0;0;0;0;4208;0;0;125;0;42;0;
27797;4889730;1198731264;34295808;1397067776;0;0;0;0;0;0;0;0;0;0;0;4328;0;0;125;0;42;0;
27798;5792713;1198731264;34295808;1397067776;0;0;0;0;0;0;0;0;0;0;0;4619;0;0;125;0;42;0;
27799;5215390;1198731264;34295808;1397067776;0;0;0;0;0;0;0;0;0;0;0;4368;0;0;125;0;42;0;
27800;5759441;1198731264;34295808;1397067776;0;0;0;0;0;0;0;0;0;0;0;4368;0;0;125;0;42;0;
27801;4297479;1198731264;34295808;1397067776;0;0;0;0;0;0;0;0;0;0;0;4398;0;0;125;0;42;0;
27802;5786481;1198731264;34295808;1397067776;0;0;0;0;0;0;0;0;0;0;0;4588;0;0;125;0;42;0;
27803;5044671;1198731264;34295808;1397067776;0;0;0;0;0;0;0;0;0;0;0;4418;0;0;125;0;42;0;
27804;5747108;1198731264;34295808;1397067776;0;0;0;0;0;0;0;0;0;0;0;4629;0;0;125;0;42;0;
27805;4437622;1198731264;34295808;1397067776;0;0;0;0;0;0;0;0;0;0;0;4088;0;0;125;0;42;0;
27806;6371739;1198731264;34295808;1397067776;0;0;0;0;0;0;0;0;0;0;0;4648;0;0;125;0;42;0;
27807;4362231;1198731264;34295808;1397067776;0;0;0;0;0;0;0;0;0;0;0;4368;0;0;125;0;42;0;
27808;5988090;1198731264;34295808;1397067776;0;0;0;0;0;0;0;0;0;0;0;4118;0;0;125;0;42;0;
27809;5428330;1198731264;34295808;1397067776;0;0;0;0;0;0;0;0;0;0;0;4678;0;0;125;0;42;0;
27810;5573983;1198731264;34295808;1397067776;0;0;0;0;0;0;0;0;0;0;0;4007;0;0;125;0;42;0;
27811;5398354;1198731264;34295808;1397067776;0;0;0;0;0;0;0;0;0;0;0;4608;0;0;125;0;42;0;
27812;5385711;1198731264;34295808;1397067776;0;0;0;0;0;0;0;0;0;0;0;3406;0;0;125;0;42;0;
27813;4239371;1198731264;34295808;1397067776;0;0;0;0;0;0;0;0;0;0;0;4308;0;0;125;0;42;0;
27814;5526034;1198731264;34295808;1397067776;0;0;0;0;0;0;0;0;0;0;0;5019;0;0;125;0;42;0;
27815;4357011;1198731264;34295808;1397067776;0;0;0;0;0;0;0;0;0;0;0;3607;0;0;125;0;42;0;
27816;5732762;1198731264;34295808;1397067776;0;0;0;0;0;0;0;0;0;0;0;4198;0;0;125;0;42;0;
27817;4085131;1198731264;34295808;1397067776;0;0;0;0;0;0;0;0;0;0;0;4097;0;0;125;0;42;0;
27818;5115704;1198731264;34295808;1397067776;0;0;0;0;0;0;0;0;0;0;0;3917;0;0;125;0;42;0;
27819;5207255;1198731264;34295808;1397067776;0;0;0;0;0;0;0;0;0;0;0;4157;0;0;125;0;42;0;
27820;5010256;1198731264;34295808;1397067776;0;0;0;0;0;0;0;0;0;0;0;3827;0;0;125;0;42;0;
27821;4884400;1198731264;34295808;1397067776;0;0;0;0;0;0;0;0;0;0;0;4178;0;0;125;0;42;0;
27822;5735316;1198731264;34295808;1397067776;0;0;0;0;0;0;0;0;0;0;0;3507;0;0;125;0;42;0;
27823;4065404;1198731264;34295808;1397067776;0;0;0;0;0;0;0;0;0;0;0;4619;0;0;125;0;42;0;
27824;5500506;1198731264;34295808;1397067776;0;0;0;0;0;0;0;0;0;0;0;4117;0;0;125;0;42;0;
27825;4289484;1198731264;34295808;1397067776;0;0;0;0;0;0;0;0;0;0;0;4578;0;0;125;0;42;0;
27826;5471882;1198731264;34295808;1397067776;0;0;0;0;0;0;0;0;0;0;0;3627;0;0;125;0;42;0;
27827;3832347;1198731264;34295808;1397067776;0;0;0;0;0;0;0;0;0;0;0;4539;0;0;125;0;42;0;
27828;5486941;1198731264;34295808;1397067776;0;0;0;0;0;0;0;0;0;0;0;3487;0;0;125;0;42;0;
27829;5793084;1198731264;34295808;1397067776;0;0;0;0;0;0;0;0;0;0;0;4468;0;0;125;0;42;0;
27830;5417379;1198731264;34295808;1397067776;0;0;0;0;0;0;0;0;0;0;0;4168;0;0;125;0;42;0;
27831;6249059;1198731264;34295808;1397067776;0;0;0;0;0;0;0;0;0;0;0;4558;0;0;125;0;42;0;
27832;5932456;1198731264;34295808;1397067776;0;0;0;0;0;0;0;0;0;0;0;4118;0;0;125;0;42;0;
27833;5316951;1198731264;34295808;1397067776;0;0;0;0;0;0;0;0;0;0;0;4237;0;0;125;0;42;0;
27834;5457214;1198731264;34295808;1397067776;0;0;0;0;0;0;0;0;0;0;0;3907;0;0;125;0;42;0;
27835;5206674;1198731264;34295808;1397067776;0;0;0;0;0;0;0;0;0;0;0;4529;0;0;125;0;42;0;
27836;5392543;1198731264;34295808;1397067776;0;0;0;0;0;0;0;0;0;0;0;4207;0;0;125;0;42;0;
27837;5274231;1198731264;34295808;1397067776;0;0;0;0;0;0;0;0;0;0;0;4569;0;0;125;0;42;0;
27838;5968073;1198731264;34295808;1397067776;0;0;0;0;0;0;0;0;0;0;0;3867;0;0;125;0;42;0;
27839;5426527;1198731264;34295808;1397067776;0;0;0;0;0;0;0;0;0;0;0;4549;0;0;125;0;42;0;
27840;5474887;1198731264;34295808;1397067776;0;0;0;0;0;0;0;0;0;0;0;4188;0;0;125;0;42;0;
27841;6518224;1198731264;34295808;1397067776;0;0;0;0;0;0;0;0;0;0;0;4819;0;0;125;0;42;0;
27842;5499724;1198731264;34295808;1397067776;0;0;0;0;0;0;0;0;0;0;0;4418;0;0;125;0;42;0;
27843;4497013;1198731264;34295808;1397067776;0;0;0;0;0;0;0;0;0;0;0;4469;0;0;125;0;42;0;
27844;5802321;1198731264;34295808;1397067776;0;0;0;0;0;0;0;0;0;0;0;3286;0;0;125;0;42;0;
27845;4433765;1198731264;34295808;1397067776;0;0;0;0;0;0;0;0;0;0;0;4158;0;0;125;0;42;0;
27846;5247682;1198731264;34295808;1397067776;0;0;0;0;0;0;0;0;0;0;0;3717;0;0;125;0;42;0;
27847;4288603;1198731264;34295808;1397067776;0;0;0;0;0;0;0;0;0;0;0;4208;0;0;125;0;42;0;
27848;5244536;1198731264;34295808;1397067776;0;0;0;0;0;0;0;0;0;0;0;3286;0;0;125;0;42;0;
27849;3848687;1198731264;34295808;1397067776;0;0;0;0;0;0;0;0;0;0;0;4559;0;0;125;0;42;0;
27850;5633615;1198731264;34295808;1397067776;0;0;0;0;0;0;0;0;0;0;0;4969;0;0;125;0;42;0;
27851;4363303;1198731264;34295808;1397067776;0;0;0;0;0;0;0;0;0;0;0;3887;0;0;125;0;42;0;
27852;6321926;1198731264;34295808;1397067776;0;0;0;0;0;0;0;0;0;0;0;3847;0;0;125;0;42;0;
27853;4426542;1198731264;34295808;1397067776;0;0;0;0;0;0;0;0;0;0;0;4438;0;0;125;0;42;0;
27854;5877913;1198731264;34295808;1397067776;0;0;0;0;0;0;0;0;0;0;0;3817;0;0;125;0;42;0;
27855;5019664;1198731264;34295808;1397067776;0;0;0;0;0;0;0;0;0;0;0;4909;0;0;125;0;42;0;
27856;5673510;1198731264;34295808;1397067776;0;0;0;0;0;0;0;0;0;0;0;4589;0;0;125;0;42;0;
27857;6063882;1198731264;34295808;1397067776;0;0;0;0;0;0;0;0;0;0;0;5120;0;0;125;0;42;0;
27858;5495486;1198731264;34295808;1397067776;0;0;0;0;0;0;0;0;0;0;0;3767;0;0;125;0;42;0;
27859;5970287;1198731264;34295808;1397067776;0;0;0;0;0;0;0;0;0;0;0;5550;0;0;125;0;42;0;
27860;6212430;1198731264;34295808;1397067776;0;0;0;0;0;0;0;0;0;0;0;4839;0;0;125;0;42;0;
27861;5184082;1198731264;34295808;1397067776;0;0;0;0;0;0;0;0;0;0;0;4949;0;0;125;0;42;0;
27862;6748716;1198731264;34295808;1397067776;0;0;0;0;0;0;0;0;0;0;0;4348;0;0;125;0;42;0;
27863;5431005;1198731264;34295808;1397067776;0;0;0;0;0;0;0;0;0;0;0;4127;0;0;125;0;42;0;
27864;5215360;1198731264;34295808;1397067776;0;0;0;0;0;0;0;0;0;0;0;3176;0;0;125;0;42;0;
27865;4941417;1198731264;34295808;1397067776;0;0;0;0;0;0;0;0;0;0;0;3817;0;0;125;0;42;0;
27866;5683358;1198731264;34295808;1397067776;0;0;0;0;0;0;0;0;0;0;0;3857;0;0;125;0;42;0;
27867;4497625;1198731264;34295808;1397067776;0;0;0;0;0;0;0;0;0;0;0;4388;0;0;125;0;42;0;
27868;5480078;1198731264;34295808;1397067776;0;0;0;0;0;0;0;0;0;0;0;3477;0;0;125;0;42;0;
27869;4420089;1198731264;34295808;1397067776;0;0;0;0;0;0;0;0;0;0;0;3747;0;0;125;0;42;0;
27870;4925317;1198731264;34295808;1397067776;0;0;0;0;0;0;0;0;0;0;0;3516;0;0;125;0;42;0;
27871;3851703;1198731264;34295808;1397067776;0;0;0;0;0;0;0;0;0;0;0;3366;0;0;125;0;42;0;
27872;5258842;1198731264;34295808;1397067776;0;0;0;0;0;0;0;0;0;0;0;3577;0;0;125;0;42;0;
27873;4433184;1198731264;34295808;1397067776;0;0;0;0;0;0;0;0;0;0;0;3827;0;0;125;0;42;0;
27874;5347769;1198731264;34295808;1397067776;0;0;0;0;0;0;0;0;0;0;0;3367;0;0;125;0;42;0;
27875;4025950;1198731264;34295808;1397067776;0;0;0;0;0;0;0;0;0;0;0;3156;0;0;125;0;42;0;
27876;5138186;1198731264;34295808;1397067776;0;0;0;0;0;0;0;0;0;0;0;3627;0;0;125;0;42;0;
27877;3869567;1198731264;34295808;1397067776;0;0;0;0;0;0;0;0;0;0;0;3947;0;0;125;0;42;0;
27878;5214739;1198731264;34295808;1397067776;0;0;0;0;0;0;0;0;0;0;0;3677;0;0;125;0;42;0;
27879;4232608;1198731264;34295808;1397067776;0;0;0;0;0;0;0;0;0;0;0;4138;0;0;125;0;42;0;
27880;8219625;1198731264;34295808;1397067776;0;0;0;0;0;0;0;0;0;0;0;3486;0;0;125;0;42;0;
27881;9889096;1198731264;34295808;1397067776;0;0;0;0;0;0;0;0;0;0;0;4478;0;0;125;0;42;0;
27882;5550229;1198731264;34295808;1397067776;0;0;0;0;0;0;0;0;0;0;0;3797;0;0;125;0;42;0;
27883;4501411;1198731264;34295808;1397067776;0;0;0;0;0;0;0;0;0;0;0;5590;0;0;125;0;42;0;
27884;5376723;1198731264;34295808;1397067776;0;0;0;0;0;0;0;0;0;0;0;4649;0;0;125;0;42;0;
27885;4991872;1198731264;34295808;1397067776;0;0;0;0;0;0;0;0;0;0;0;5840;0;0;125;0;42;0;
27886;5549708;1198731264;34295808;1397067776;0;0;0;0;0;0;0;0;0;0;0;4158;0;0;125;0;42;0;
27887;4826401;1198731264;34295808;1397067776;0;0;0;0;0;0;0;0;0;0;0;5100;0;0;125;0;42;0;
27888;6112623;1198731264;34295808;1397067776;0;0;0;0;0;0;0;0;0;0;0;4258;0;0;125;0;42;0;
27889;4644470;1198731264;34295808;1397067776;0;0;0;0;0;0;0;0;0;0;0;4528;0;0;125;0;42;0;
27890;5861473;1198731264;34295808;1397067776;0;0;0;0;0;0;0;0;0;0;0;3897;0;0;125;0;42;0;
27891;4679666;1198731264;34295808;1397067776;0;0;0;0;0;0;0;0;0;0;0;4458;0;0;125;0;42;0;
27892;5116856;1198731264;34295808;1397067776;0;0;0;0;0;0;0;0;0;0;0;3597;0;0;125;0;42;0;
27893;4270869;1198731264;34295808;1397067776;0;0;0;0;0;0;0;0;0;0;0;3697;0;0;125;0;42;0;
27894;5103581;1198731264;34295808;1397067776;0;0;0;0;0;0;0;0;0;0;0;2956;0;0;125;0;42;0;
27895;3950429;1198731264;34295808;1397067776;0;0;0;0;0;0;0;0;0;0;0;3877;0;0;125;0;42;0;
27896;4869172;1198731264;34295808;1397067776;0;0;0;0;0;0;0;0;0;0;0;2966;0;0;125;0;42;0;
27897;4131979;1198731264;34295808;1397067776;0;0;0;0;0;0;0;0;0;0;0;3828;0;0;125;0;42;0;
27898;5043408;1198731264;34295808;1397067776;0;0;0;0;0;0;0;0;0;0;0;2926;0;0;125;0;42;0;
27899;3687155;1198731264;34295808;1397067776;0;0;0;0;0;0;0;0;0;0;0;3677;0;0;125;0;42;0;
27900;4901201;1198731264;34295808;1397067776;0;0;0;0;0;0;0;0;0;0;0;2995;0;0;125;0;42;0;
27901;3822639;1198731264;34295808;1397067776;0;0;0;0;0;0;0;0;0;0;0;3917;0;0;125;0;42;0;
27902;5138166;1198731264;34295808;1397067776;0;0;0;0;0;0;0;0;0;0;0;3136;0;0;125;0;42;0;
27903;3613927;1198731264;34295808;1397067776;0;0;0;0;0;0;0;0;0;0;0;3647;0;0;125;0;42;0;
27904;4964700;1198731264;34295808;1397067776;0;0;0;0;0;0;0;0;0;0;0;3416;0;0;125;0;42;0;
27905;3801780;1198731264;34295808;1397067776;0;0;0;0;0;0;0;0;0;0;0;2876;0;0;125;0;42;0;
27906;4966144;1198731264;34295808;1397067776;0;0;0;0;0;0;0;0;0;0;0;3066;0;0;125;0;42;0;
27907;3529649;1198731264;34295808;1397067776;0;0;0;0;0;0;0;0;0;0;0;3627;0;0;125;0;42;0;
27908;5356195;1198731264;34295808;1397067776;0;0;0;0;0;0;0;0;0;0;0;3026;0;0;125;0;42;0;
27909;3735546;1198731264;34295808;1397067776;0;0;0;0;0;0;0;0;0;0;0;3516;0;0;125;0;42;0;
27910;4905369;1198731264;34295808;1397067776;0;0;0;0;0;0;0;0;0;0;0;3296;0;0;125;0;42;0;
27911;3769500;1198731264;34295808;1397067776;0;0;0;0;0;0;0;0;0;0;0;3236;0;0;125;0;42;0;
27912;5016247;1198731264;34295808;1397067776;0;0;0;0;0;0;0;0;0;0;0;3196;0;0;125;0;42;0;
27913;4510609;1198731264;34295808;1397067776;0;0;0;0;0;0;0;0;0;0;0;3407;0;0;125;0;42;0;
27914;4920648;1198731264;34295808;1397067776;0;0;0;0;0;0;0;0;0;0;0;2995;0;0;125;0;42;0;
27915;4751391;1198731264;34295808;1397067776;0;0;0;0;0;0;0;0;0;0;0;4458;0;0;125;0;42;0;
27916;5914993;1198731264;34295808;1397067776;0;0;0;0;0;0;0;0;0;0;0;4328;0;0;125;0;42;0;
27917;4074811;1198731264;34295808;1397067776;0;0;0;0;0;0;0;0;0;0;0;3347;0;0;125;0;42;0;
27918;5477372;1198731264;34295808;1397067776;0;0;0;0;0;0;0;0;0;0;0;2915;0;0;125;0;42;0;
27919;3584803;1198731264;34295808;1397067776;0;0;0;0;0;0;0;0;0;0;0;3837;0;0;125;0;42;0;
27920;5566389;1198731264;34295808;1397067776;0;0;0;0;0;0;0;0;0;0;0;3356;0;0;125;0;42;0;
27921;3433068;1198731264;34295808;1397067776;0;0;0;0;0;0;0;0;0;0;0;3326;0;0;125;0;42;0;
27922;5360072;1198731264;34295808;1397067776;0;0;0;0;0;0;0;0;0;0;0;3656;0;0;125;0;42;0;
27923;4512944;1198731264;34295808;1397067776;0;0;0;0;0;0;0;0;0;0;0;4098;0;0;125;0;42;0;
27924;5247731;1198731264;34295808;1397067776;0;0;0;0;0;0;0;0;0;0;0;4118;0;0;125;0;42;0;
27925;4033996;1198731264;34295808;1397067776;0;0;0;0;0;0;0;0;0;0;0;3527;0;0;125;0;42;0;
27926;5279851;1198731264;34295808;1397067776;0;0;0;0;0;0;0;0;0;0;0;2955;0;0;125;0;42;0;
27927;4729810;1198731264;34295808;1397067776;0;0;0;0;0;0;0;0;0;0;0;3477;0;0;125;0;42;0;
27928;5393855;1198731264;34295808;1397067776;0;0;0;0;0;0;0;0;0;0;0;2975;0;0;125;0;42;0;
27929;3813912;1198731264;34295808;1397067776;0;0;0;0;0;0;0;0;0;0;0;3907;0;0;125;0;42;0;
27930;5483143;1198731264;34295808;1397067776;0;0;0;0;0;0;0;0;0;0;0;2825;0;0;125;0;42;0;
27931;4192222;1198731264;34295808;1397067776;0;0;0;0;0;0;0;0;0;0;0;3316;0;0;125;0;42;0;
27932;5227574;1198731264;34295808;1397067776;0;0;0;0;0;0;0;0;0;0;0;3136;0;0;125;0;42;0;
27933;4211488;1198731264;34295808;1397067776;0;0;0;0;0;0;0;0;0;0;0;3526;0;0;125;0;42;0;
27934;5097450;1198731264;34295808;1397067776;0;0;0;0;0;0;0;0;0;0;0;3296;0;0;125;0;42;0;
27935;4388049;1198731264;34295808;1397067776;0;0;0;0;0;0;0;0;0;0;0;3627;0;0;125;0;42;0;
27936;5530322;1198731264;34295808;1397067776;0;0;0;0;0;0;0;0;0;0;0;3096;0;0;125;0;42;0;
27937;4097384;1198731264;34295808;1397067776;0;0;0;0;0;0;0;0;0;0;0;4077;0;0;125;0;42;0;
27938;5735897;1198731264;34295808;1397067776;0;0;0;0;0;0;0;0;0;0;0;3717;0;0;125;0;42;0;
27939;4465905;1198731264;34295808;1397067776;0;0;0;0;0;0;0;0;0;0;0;4158;0;0;125;0;42;0;
27940;6132981;1198731264;34295808;1397067776;0;0;0;0;0;0;0;0;0;0;0;4438;0;0;125;0;42;0;
27941;5161299;1198731264;34295808;1397067776;0;0;0;0;0;0;0;0;0;0;0;5160;0;0;125;0;42;0;
27942;5325748;1198731264;34295808;1397067776;0;0;0;0;0;0;0;0;0;0;0;3857;0;0;125;0;42;0;
27943;4592814;1198731264;34295808;1397067776;0;0;0;0;0;0;0;0;0;0;0;4579;0;0;125;0;42;0;
27944;6059254;1198731264;34295808;1397067776;0;0;0;0;0;0;0;0;0;0;0;4308;0;0;125;0;42;0;
27945;4330010;1198731264;34295808;1397067776;0;0;0;0;0;0;0;0;0;0;0;4819;0;0;125;0;42;0;
27946;5549277;1198731264;34295808;1397067776;0;0;0;0;0;0;0;0;0;0;0;3116;0;0;125;0;42;0;
27947;4842031;1198731264;34295808;1397067776;0;0;0;0;0;0;0;0;0;0;0;4158;0;0;125;0;42;0;
27948;5609410;1198731264;34295808;1397067776;0;0;0;0;0;0;0;0;0;0;0;3697;0;0;125;0;42;0;
27949;4903616;1198731264;34295808;1397067776;0;0;0;0;0;0;0;0;0;0;0;5149;0;0;125;0;42;0;
27950;5668520;1198731264;34295808;1397067776;0;0;0;0;0;0;0;0;0;0;0;3797;0;0;125;0;42;0;
27951;4711386;1198731264;34295808;1397067776;0;0;0;0;0;0;0;0;0;0;0;5571;0;0;125;0;42;0;
27952;6630655;1198731264;34295808;1397067776;0;0;0;0;0;0;0;0;0;0;0;3847;0;0;125;0;42;0;
27953;4303561;1198731264;34295808;1397067776;0;0;0;0;0;0;0;0;0;0;0;3426;0;0;125;0;42;0;
27954;4959902;1198731264;34295808;1397067776;0;0;0;0;0;0;0;0;0;0;0;2985;0;0;125;0;42;0;
27955;3866401;1198731264;34295808;1397067776;0;0;0;0;0;0;0;0;0;0;0;3767;0;0;125;0;42;0;
27956;5964486;1198731264;34295808;1397067776;0;0;0;0;0;0;0;0;0;0;0;3346;0;0;125;0;42;0;
27957;4140645;1198731264;34295808;1397067776;0;0;0;0;0;0;0;0;0;0;0;3797;0;0;125;0;42;0;
27958;5108410;1198731264;34295808;1397067776;0;0;0;0;0;0;0;0;0;0;0;3376;0;0;125;0;42;0;
27959;4057399;1198731264;34295808;1397067776;0;0;0;0;0;0;0;0;0;0;0;3697;0;0;125;0;42;0;
27960;5109703;1198731264;34295808;1397067776;0;0;0;0;0;0;0;0;0;0;0;3626;0;0;125;0;42;0;
27961;5383215;1198731264;34295808;1397067776;0;0;0;0;0;0;0;0;0;0;0;3276;0;0;125;0;42;0;
27962;5178081;1198731264;34295808;1397067776;0;0;0;0;0;0;0;0;0;0;0;3277;0;0;125;0;42;0;
27963;5128929;1198731264;34295808;1397067776;0;0;0;0;0;0;0;0;0;0;0;3867;0;0;125;0;42;0;
27964;5211173;1198731264;34295808;1397067776;0;0;0;0;0;0;0;0;0;0;0;3346;0;0;125;0;42;0;
27965;3765662;1198731264;34295808;1397067776;0;0;0;0;0;0;0;0;0;0;0;3466;0;0;125;0;42;0;
27966;5251258;1198731264;34295808;1397067776;0;0;0;0;0;0;0;0;0;0;0;3406;0;0;125;0;42;0;
27967;4168728;1198731264;34295808;1397067776;0;0;0;0;0;0;0;0;0;0;0;3347;0;0;125;0;42;0;
27968;5051123;1198731264;34295808;1397067776;0;0;0;0;0;0;0;0;0;0;0;3276;0;0;125;0;42;0;
27969;3758038;1198731264;34295808;1397067776;0;0;0;0;0;0;0;0;0;0;0;3827;0;0;125;0;42;0;
27970;5125231;1198731264;34295808;1397067776;0;0;0;0;0;0;0;0;0;0;0;3377;0;0;125;0;42;0;
27971;4183035;1198731264;34295808;1397067776;0;0;0;0;0;0;0;0;0;0;0;3386;0;0;125;0;42;0;
27972;5727792;1198731264;34295808;1397067776;0;0;0;0;0;0;0;0;0;0;0;3046;0;0;125;0;42;0;
27973;4897054;1198731264;34295808;1397067776;0;0;0;0;0;0;0;0;0;0;0;5200;0;0;125;0;42;0;
27974;5916345;1198731264;34295808;1397067776;0;0;0;0;0;0;0;0;0;0;0;3978;0;0;125;0;42;0;
27975;4938381;1198731264;34295808;1397067776;0;0;0;0;0;0;0;0;0;0;0;4598;0;0;125;0;42;0;
27976;5360794;1198731264;34295808;1397067776;0;0;0;0;0;0;0;0;0;0;0;4448;0;0;125;0;42;0;
27977;5796060;1198731264;34295808;1397067776;0;0;0;0;0;0;0;0;0;0;0;5400;0;0;125;0;42;0;
27978;5402071;1198731264;34295808;1397067776;0;0;0;0;0;0;0;0;0;0;0;3727;0;0;125;0;42;0;
27979;4606319;1198731264;34295808;1397067776;0;0;0;0;0;0;0;0;0;0;0;3537;0;0;125;0;42;0;
27980;5266587;1198731264;34295808;1397067776;0;0;0;0;0;0;0;0;0;0;0;3186;0;0;125;0;42;0;
27981;4146096;1198731264;34295808;1397067776;0;0;0;0;0;0;0;0;0;0;0;3586;0;0;125;0;42;0;
27982;5332721;1198731264;34295808;1397067776;0;0;0;0;0;0;0;0;0;0;0;3165;0;0;125;0;42;0;
27983;4140645;1198731264;34295808;1397067776;0;0;0;0;0;0;0;0;0;0;0;3476;0;0;125;0;42;0;
27984;5185705;1198731264;34295808;1397067776;0;0;0;0;0;0;0;0;0;0;0;3416;0;0;125;0;42;0;
27985;3598308;1198731264;34295808;1397067776;0;0;0;0;0;0;0;0;0;0;0;3677;0;0;125;0;42;0;
27986;5229998;1198731264;34295808;1397067776;0;0;0;0;0;0;0;0;0;0;0;3287;0;0;125;0;42;0;
27987;4387248;1198731264;34295808;1397067776;0;0;0;0;0;0;0;0;0;0;0;3496;0;0;125;0;42;0;
27988;5271676;1198731264;34295808;1397067776;0;0;0;0;0;0;0;0;0;0;0;3066;0;0;125;0;42;0;
27989;4079190;1198731264;34304000;1397075968;0;0;0;0;0;0;0;0;0;0;0;3487;0;0;125;0;42;0;
27990;5382013;1198731264;34304000;1397075968;0;0;0;0;0;0;0;0;0;0;0;2916;0;0;125;0;42;0;
27991;4140044;1198731264;34304000;1397075968;0;0;0;0;0;0;0;0;0;0;0;3216;0;0;125;0;42;0;
27992;5301472;1198731264;34304000;1397075968;0;0;0;0;0;0;0;0;0;0;0;3106;0;0;125;0;42;0;
27993;3260474;1198731264;34304000;1397075968;0;0;0;0;0;0;0;0;0;0;0;3777;0;0;125;0;42;0;
27994;5138947;1198731264;34304000;1397075968;0;0;0;0;0;0;0;0;0;0;0;3587;0;0;125;0;42;0;
27995;4108024;1198731264;34295808;1397067776;0;0;0;0;0;0;0;0;0;0;0;3276;0;0;125;0;42;0;
27996;5277067;1198731264;34295808;1397067776;0;0;0;0;0;0;0;0;0;0;0;3095;0;0;125;0;42;0;
27997;3647020;1198731264;34295808;1397067776;0;0;0;0;0;0;0;0;0;0;0;3837;0;0;125;0;42;0;
27998;5004215;1198731264;34295808;1397067776;0;0;0;0;0;0;0;0;0;0;0;3216;0;0;125;0;42;0;
27999;4043353;1198731264;34295808;1397067776;0;0;0;0;0;0;0;0;0;0;0;3296;0;0;125;0;42;0;
28000;5133587;1198731264;34295808;1397067776;0;0;0;0;0;0;0;0;0;0;0;3166;0;0;125;0;42;0;
28001;4995819;1198731264;34295808;1397067776;0;0;0;0;0;0;0;0;0;0;0;5130;0;0;125;0;42;0;
28002;5472322;1198731264;34295808;1397067776;0;0;0;0;0;0;0;0;0;0;0;4658;0;0;125;0;42;0;
28003;4681280;1198731264;34295808;1397067776;0;0;0;0;0;0;0;0;0;0;0;3647;0;0;125;0;42;0;
28004;5147764;1198731264;34295808;1397067776;0;0;0;0;0;0;0;0;0;0;0;3236;0;0;125;0;42;0;
28005;4774975;1198731264;34295808;1397067776;0;0;0;0;0;0;0;0;0;0;0;3677;0;0;125;0;42;0;
28006;5158154;1198731264;34295808;1397067776;0;0;0;0;0;0;0;0;0;0;0;2826;0;0;125;0;42;0;
28007;4026321;1198731264;34295808;1397067776;0;0;0;0;0;0;0;0;0;0;0;3516;0;0;125;0;42;0;
28008;5229748;1198731264;34295808;1397067776;0;0;0;0;0;0;0;0;0;0;0;3186;0;0;125;0;42;0;
28009;3956770;1198731264;34295808;1397067776;0;0;0;0;0;0;0;0;0;0;0;3667;0;0;125;0;42;0;
28010;4820200;1198731264;34295808;1397067776;0;0;0;0;0;0;0;0;0;0;0;3266;0;0;125;0;42;0;
28011;4305855;1198731264;34295808;1397067776;0;0;0;0;0;0;0;0;0;0;0;3637;0;0;125;0;42;0;
28012;5114452;1198731264;34295808;1397067776;0;0;0;0;0;0;0;0;0;0;0;3617;0;0;125;0;42;0;
28013;4057539;1198731264;34295808;1397067776;0;0;0;0;0;0;0;0;0;0;0;3747;0;0;125;0;42;0;
28014;5223285;1198731264;34295808;1397067776;0;0;0;0;0;0;0;0;0;0;0;3396;0;0;125;0;42;0;
28015;4559200;1198731264;34295808;1397067776;0;0;0;0;0;0;0;0;0;0;0;3687;0;0;125;0;42;0;
28016;5017279;1198731264;34295808;1397067776;0;0;0;0;0;0;0;0;0;0;0;3587;0;0;125;0;42;0;
28017;4929414;1198731264;34295808;1397067776;0;0;0;0;0;0;0;0;0;0;0;3627;0;0;125;0;42;0;
28018;5167772;1198731264;34295808;1397067776;0;0;0;0;0;0;0;0;0;0;0;3016;0;0;125;0;42;0;
28019;4359686;1198731264;34295808;1397067776;0;0;0;0;0;0;0;0;0;0;0;3537;0;0;125;0;42;0;
28020;5097970;1198731264;34295808;1397067776;0;0;0;0;0;0;0;0;0;0;0;3406;0;0;125;0;42;0;
28021;4688913;1198731264;34295808;1397067776;0;0;0;0;0;0;0;0;0;0;0;3978;0;0;125;0;42;0;
28022;5871171;1198731264;34295808;1397067776;0;0;0;0;0;0;0;0;0;0;0;3827;0;0;125;0;42;0;
28023;4599005;1198731264;34295808;1397067776;0;0;0;0;0;0;0;0;0;0;0;4188;0;0;125;0;42;0;
28024;6209916;1198731264;34295808;1397067776;0;0;0;0;0;0;0;0;0;0;0;4729;0;0;125;0;42;0;
28025;5552172;1198731264;34295808;1397067776;0;0;0;0;0;0;0;0;0;0;0;3787;0;0;125;0;42;0;
28026;5550780;1198731264;34295808;1397067776;0;0;0;0;0;0;0;0;0;0;0;3828;0;0;125;0;42;0;
28027;4365567;1198731264;34295808;1397067776;0;0;0;0;0;0;0;0;0;0;0;3777;0;0;125;0;42;0;
28028;5701141;1198731264;34295808;1397067776;0;0;0;0;0;0;0;0;0;0;0;3897;0;0;125;0;42;0;
28029;4361349;1198731264;34295808;1397067776;0;0;0;0;0;0;0;0;0;0;0;3617;0;0;125;0;42;0;
28030;5140750;1198731264;34295808;1397067776;0;0;0;0;0;0;0;0;0;0;0;3166;0;0;125;0;42;0;
28031;4156946;1198731264;34295808;1397067776;0;0;0;0;0;0;0;0;0;0;0;3276;0;0;125;0;42;0;
28032;5357868;1198731264;34295808;1397067776;0;0;0;0;0;0;0;0;0;0;0;3106;0;0;125;0;42;0;
28033;3858036;1198731264;34295808;1397067776;0;0;0;0;0;0;0;0;0;0;0;3416;0;0;125;0;42;0;
28034;5220711;1198731264;34295808;1397067776;0;0;0;0;0;0;0;0;0;0;0;3226;0;0;125;0;42;0;
28035;4763343;1198731264;34295808;1397067776;0;0;0;0;0;0;0;0;0;0;0;3686;0;0;125;0;42;0;
28036;5851794;1198731264;34295808;1397067776;0;0;0;0;0;0;0;0;0;0;0;3627;0;0;125;0;42;0;
28037;4308630;1198731264;34295808;1397067776;0;0;0;0;0;0;0;0;0;0;0;4128;0;0;125;0;42;0;
28038;5221031;1198731264;34295808;1397067776;0;0;0;0;0;0;0;0;0;0;0;2916;0;0;125;0;42;0;
28039;4002766;1198731264;34295808;1397067776;0;0;0;0;0;0;0;0;0;0;0;3717;0;0;125;0;42;0;
28040;5264313;1198731264;34295808;1397067776;0;0;0;0;0;0;0;0;0;0;0;3116;0;0;125;0;42;0;
28041;4028445;1198731264;34295808;1397067776;0;0;0;0;0;0;0;0;0;0;0;3357;0;0;125;0;42;0;
28042;5408002;1198731264;34295808;1397067776;0;0;0;0;0;0;0;0;0;0;0;3227;0;0;125;0;42;0;
28043;4256773;1198731264;34295808;1397067776;0;0;0;0;0;0;0;0;0;0;0;3346;0;0;125;0;42;0;
28044;5221282;1198731264;34295808;1397067776;0;0;0;0;0;0;0;0;0;0;0;3146;0;0;125;0;42;0;
28045;3999961;1198731264;34295808;1397067776;0;0;0;0;0;0;0;0;0;0;0;3607;0;0;125;0;42;0;
28046;5707223;1198731264;34295808;1397067776;0;0;0;0;0;0;0;0;0;0;0;3997;0;0;125;0;42;0;
28047;4882927;1198731264;34295808;1397067776;0;0;0;0;0;0;0;0;0;0;0;4639;0;0;125;0;42;0;
28048;5636130;1198731264;34295808;1397067776;0;0;0;0;0;0;0;0;0;0;0;3457;0;0;125;0;42;0;
28049;3737730;1198731264;34295808;1397067776;0;0;0;0;0;0;0;0;0;0;0;3416;0;0;125;0;42;0;
28050;5320367;1198731264;34295808;1397067776;0;0;0;0;0;0;0;0;0;0;0;3386;0;0;125;0;42;0;
28051;3393825;1198731264;34295808;1397067776;0;0;0;0;0;0;0;0;0;0;0;3897;0;0;125;0;42;0;
28052;5177911;1198731264;34295808;1397067776;0;0;0;0;0;0;0;0;0;0;0;3547;0;0;125;0;42;0;
28053;4634602;1198731264;34295808;1397067776;0;0;0;0;0;0;0;0;0;0;0;3887;0;0;125;0;42;0;
28054;5158034;1198731264;34295808;1397067776;0;0;0;0;0;0;0;0;0;0;0;3467;0;0;125;0;42;0;
28055;3856011;1198731264;34295808;1397067776;0;0;0;0;0;0;0;0;0;0;0;3397;0;0;125;0;42;0;
28056;5249666;1198731264;34295808;1397067776;0;0;0;0;0;0;0;0;0;0;0;3116;0;0;125;0;42;0;
28057;4455906;1198731264;34295808;1397067776;0;0;0;0;0;0;0;0;0;0;0;3566;0;0;125;0;42;0;
28058;5111746;1198731264;34295808;1397067776;0;0;0;0;0;0;0;0;0;0;0;3256;0;0;125;0;42;0;
28059;4619474;1198731264;34295808;1397067776;0;0;0;0;0;0;0;0;0;0;0;3787;0;0;125;0;42;0;
28060;5462724;1198731264;34295808;1397067776;0;0;0;0;0;0;0;0;0;0;0;3417;0;0;125;0;42;0;
28061;4181471;1198731264;34295808;1397067776;0;0;0;0;0;0;0;0;0;0;0;3727;0;0;125;0;42;0;
28062;5180525;1198731264;34295808;1397067776;0;0;0;0;0;0;0;0;0;0;0;3085;0;0;125;0;42;0;
28063;4509467;1198731264;34295808;1397067776;0;0;0;0;0;0;0;0;0;0;0;3737;0;0;125;0;42;0;
28064;4995308;1198731264;34295808;1397067776;0;0;0;0;0;0;0;0;0;0;0;3617;0;0;125;0;42;0;
28065;4443684;1198731264;34295808;1397067776;0;0;0;0;0;0;0;0;0;0;0;3687;0;0;125;0;42;0;
28066;5081801;1198731264;34295808;1397067776;0;0;0;0;0;0;0;0;0;0;0;3196;0;0;125;0;42;0;
28067;4176492;1198731264;34295808;1397067776;0;0;0;0;0;0;0;0;0;0;0;3847;0;0;125;0;42;0;
28068;4950614;1198731264;34295808;1397067776;0;0;0;0;0;0;0;0;0;0;0;3346;0;0;125;0;42;0;
28069;4770436;1198731264;34295808;1397067776;0;0;0;0;0;0;0;0;0;0;0;5209;0;0;125;0;42;0;
28070;5809606;1198731264;34295808;1397067776;0;0;0;0;0;0;0;0;0;0;0;3186;0;0;125;0;42;0;
28071;4153068;1198731264;34295808;1397067776;0;0;0;0;0;0;0;0;0;0;0;3196;0;0;125;0;42;0;
28072;5387373;1198731264;34295808;1397067776;0;0;0;0;0;0;0;0;0;0;0;2785;0;0;125;0;42;0;
28073;4722597;1198731264;34295808;1397067776;0;0;0;0;0;0;0;0;0;0;0;3898;0;0;125;0;42;0;
28074;5403623;1198731264;34295808;1397067776;0;0;0;0;0;0;0;0;0;0;0;3026;0;0;125;0;42;0;
28075;4231245;1198731264;34295808;1397067776;0;0;0;0;0;0;0;0;0;0;0;3116;0;0;125;0;42;0;
28076;4940666;1198731264;34295808;1397067776;0;0;0;0;0;0;0;0;0;0;0;3376;0;0;125;0;42;0;
28077;4332836;1198731264;34295808;1397067776;0;0;0;0;0;0;0;0;0;0;0;3657;0;0;125;0;42;0;
28078;5075138;1198731264;34295808;1397067776;0;0;0;0;0;0;0;0;0;0;0;2905;0;0;125;0;42;0;
28079;3757176;1198731264;34295808;1397067776;0;0;0;0;0;0;0;0;0;0;0;3476;0;0;125;0;42;0;
28080;5483314;1198731264;34295808;1397067776;0;0;0;0;0;0;0;0;0;0;0;3467;0;0;125;0;42;0;
28081;3805647;1198731264;34295808;1397067776;0;0;0;0;0;0;0;0;0;0;0;3697;0;0;125;0;42;0;
28082;5076591;1198731264;34295808;1397067776;0;0;0;0;0;0;0;0;0;0;0;3246;0;0;125;0;42;0;
28083;3799065;1198731264;34295808;1397067776;0;0;0;0;0;0;0;0;0;0;0;3176;0;0;125;0;42;0;
28084;5396891;1198731264;34295808;1397067776;0;0;0;0;0;0;0;0;0;0;0;3427;0;0;125;0;42;0;
28085;10232880;1198731264;34295808;1397067776;0;0;0;0;0;0;0;0;0;0;0;5380;0;0;125;0;42;0;
28086;5457024;1198731264;34295808;1397067776;0;0;0;0;0;0;0;0;0;0;0;3597;0;0;125;0;42;0;
28087;3519571;1198731264;34295808;1397067776;0;0;0;0;0;0;0;0;0;0;0;3366;0;0;125;0;42;0;
28088;5463777;1198731264;34295808;1397067776;0;0;0;0;0;0;0;0;0;0;0;2935;0;0;125;0;42;0;
28089;3257910;1198731264;34295808;1397067776;0;0;0;0;0;0;0;0;0;0;0;2935;0;0;125;0;42;0;
28090;5207205;1198731264;34295808;1397067776;0;0;0;0;0;0;0;0;0;0;0;3286;0;0;125;0;42;0;
28091;5199060;1198731264;34295808;1397067776;0;0;0;0;0;0;0;0;0;0;0;4709;0;0;125;0;42;0;
28092;5101728;1198731264;34295808;1397067776;0;0;0;0;0;0;0;0;0;0;0;3066;0;0;125;0;42;0;
28093;5087902;1198731264;34295808;1397067776;0;0;0;0;0;0;0;0;0;0;0;4819;0;0;125;0;42;0;
28094;5291373;1198731264;34295808;1397067776;0;0;0;0;0;0;0;0;0;0;0;3847;0;0;125;0;42;0;
28095;4205457;1198731264;34295808;1397067776;0;0;0;0;0;0;0;0;0;0;0;3687;0;0;125;0;42;0;
28096;5390700;1198731264;34295808;1397067776;0;0;0;0;0;0;0;0;0;0;0;3476;0;0;125;0;42;0;
28097;4297229;1198731264;34295808;1397067776;0;0;0;0;0;0;0;0;0;0;0;4048;0;0;125;0;42;0;
28098;5723975;1198731264;34295808;1397067776;0;0;0;0;0;0;0;0;0;0;0;3506;0;0;125;0;42;0;
28099;3821657;1198731264;34295808;1397067776;0;0;0;0;0;0;0;0;0;0;0;4108;0;0;125;0;42;0;
28100;6111532;1198731264;34295808;1397067776;0;0;0;0;0;0;0;0;0;0;0;3126;0;0;125;0;42;0;
28101;3853237;1198731264;34295808;1397067776;0;0;0;0;0;0;0;0;0;0;0;3327;0;0;125;0;42;0;
28102;5859909;1198731264;34295808;1397067776;0;0;0;0;0;0;0;0;0;0;0;3627;0;0;125;0;42;0;
28103;4623030;1198731264;34295808;1397067776;0;0;0;0;0;0;0;0;0;0;0;4088;0;0;125;0;42;0;
28104;5790369;1198731264;34295808;1397067776;0;0;0;0;0;0;0;0;0;0;0;3687;0;0;125;0;42;0;
28105;3580916;1198731264;34295808;1397067776;0;0;0;0;0;0;0;0;0;0;0;3787;0;0;125;0;42;0;
28106;5539659;1198731264;34295808;1397067776;0;0;0;0;0;0;0;0;0;0;0;3256;0;0;125;0;42;0;
28107;4432652;1198731264;34295808;1397067776;0;0;0;0;0;0;0;0;0;0;0;3306;0;0;125;0;42;0;
28108;5275914;1198731264;34295808;1397067776;0;0;0;0;0;0;0;0;0;0;0;3106;0;0;125;0;42;0;
28109;3771603;1198731264;34295808;1397067776;0;0;0;0;0;0;0;0;0;0;0;3266;0;0;125;0;42;0;
28110;5349352;1198731264;34295808;1397067776;0;0;0;0;0;0;0;0;0;0;0;3296;0;0;125;0;42;0;
28111;4241634;1198731264;34295808;1397067776;0;0;0;0;0;0;0;0;0;0;0;3917;0;0;125;0;42;0;
28112;5458156;1198731264;34295808;1397067776;0;0;0;0;0;0;0;0;0;0;0;3025;0;0;125;0;42;0;
28113;5658673;1198731264;34295808;1397067776;0;0;0;0;0;0;0;0;0;0;0;5440;0;0;125;0;42;0;
28114;5394566;1198731264;34295808;1397067776;0;0;0;0;0;0;0;0;0;0;0;3216;0;0;125;0;42;0;
28115;4206649;1198731264;34295808;1397067776;0;0;0;0;0;0;0;0;0;0;0;3707;0;0;125;0;42;0;
28116;5294299;1198731264;34295808;1397067776;0;0;0;0;0;0;0;0;0;0;0;2986;0;0;125;0;42;0;
28117;4596951;1198731264;34295808;1397067776;0;0;0;0;0;0;0;0;0;0;0;3477;0;0;125;0;42;0;
28118;5282256;1198731264;34295808;1397067776;0;0;0;0;0;0;0;0;0;0;0;3557;0;0;125;0;42;0;
28119;3529720;1198731264;34295808;1397067776;0;0;0;0;0;0;0;0;0;0;0;3527;0;0;125;0;42;0;
28120;4913194;1198731264;34295808;1397067776;0;0;0;0;0;0;0;0;0;0;0;3257;0;0;125;0;42;0;
28121;3932054;1198731264;34295808;1397067776;0;0;0;0;0;0;0;0;0;0;0;3196;0;0;125;0;42;0;
28122;5220099;1198731264;34295808;1397067776;0;0;0;0;0;0;0;0;0;0;0;3236;0;0;125;0;42;0;
28123;3665174;1198731264;34295808;1397067776;0;0;0;0;0;0;0;0;0;0;0;3637;0;0;125;0;42;0;
28124;5126484;1198731264;34295808;1397067776;0;0;0;0;0;0;0;0;0;0;0;3376;0;0;125;0;42;0;
28125;4653958;1198731264;34295808;1397067776;0;0;0;0;0;0;0;0;0;0;0;3757;0;0;125;0;42;0;
28126;5239255;1198731264;34295808;1397067776;0;0;0;0;0;0;0;0;0;0;0;2855;0;0;125;0;42;0;
28127;4075693;1198731264;34295808;1397067776;0;0;0;0;0;0;0;0;0;0;0;4018;0;0;125;0;42;0;
28128;5423030;1198731264;34295808;1397067776;0;0;0;0;0;0;0;0;0;0;0;3697;0;0;125;0;42;0;
28129;4009590;1198731264;34295808;1397067776;0;0;0;0;0;0;0;0;0;0;0;3717;0;0;125;0;42;0;
28130;5242312;1198731264;34295808;1397067776;0;0;0;0;0;0;0;0;0;0;0;3176;0;0;125;0;42;0;
28131;4399461;1198731264;34295808;1397067776;0;0;0;0;0;0;0;0;0;0;0;4308;0;0;125;0;42;0;
28132;5412371;1198731264;34295808;1397067776;0;0;0;0;0;0;0;0;0;0;0;3407;0;0;125;0;42;0;
28133;4477156;1198731264;34295808;1397067776;0;0;0;0;0;0;0;0;0;0;0;3427;0;0;125;0;42;0;
28134;5211363;1198731264;34295808;1397067776;0;0;0;0;0;0;0;0;0;0;0;2905;0;0;125;0;42;0;
28135;5132174;1198731264;34295808;1397067776;0;0;0;0;0;0;0;0;0;0;0;4138;0;0;125;0;42;0;
28136;5272438;1198731264;34295808;1397067776;0;0;0;0;0;0;0;0;0;0;0;3356;0;0;125;0;42;0;
28137;3610832;1198731264;34295808;1397067776;0;0;0;0;0;0;0;0;0;0;0;3226;0;0;125;0;42;0;
28138;4974378;1198731264;34295808;1397067776;0;0;0;0;0;0;0;0;0;0;0;3086;0;0;125;0;42;0;
28139;4416573;1198731264;34295808;1397067776;0;0;0;0;0;0;0;0;0;0;0;3396;0;0;125;0;42;0;
28140;5183361;1198731264;34295808;1397067776;0;0;0;0;0;0;0;0;0;0;0;3226;0;0;125;0;42;0;
28141;4027343;1198731264;34295808;1397067776;0;0;0;0;0;0;0;0;0;0;0;3657;0;0;125;0;42;0;
28142;5841916;1198731264;34295808;1397067776;0;0;0;0;0;0;0;0;0;0;0;3386;0;0;125;0;42;0;
28143;3863926;1198731264;34295808;1397067776;0;0;0;0;0;0;0;0;0;0;0;3076;0;0;125;0;42;0;
28144;5067524;1198731264;34295808;1397067776;0;0;0;0;0;0;0;0;0;0;0;3346;0;0;125;0;42;0;
28145;4256292;1198731264;34295808;1397067776;0;0;0;0;0;0;0;0;0;0;0;4158;0;0;125;0;42;0;
28146;4992012;1198731264;34295808;1397067776;0;0;0;0;0;0;0;0;0;0;0;3036;0;0;125;0;42;0;
28147;4138101;1198731264;34295808;1397067776;0;0;0;0;0;0;0;0;0;0;0;3307;0;0;125;0;42;0;
28148;5119040;1198731264;34295808;1397067776;0;0;0;0;0;0;0;0;0;0;0;3076;0;0;125;0;42;0;
28149;4549241;1198731264;34295808;1397067776;0;0;0;0;0;0;0;0;0;0;0;4068;0;0;125;0;42;0;
28150;5645297;1198731264;34295808;1397067776;0;0;0;0;0;0;0;0;0;0;0;3527;0;0;125;0;42;0;
28151;3621892;1198731264;34295808;1397067776;0;0;0;0;0;0;0;0;0;0;0;3487;0;0;125;0;42;0;
28152;5403674;1198731264;34295808;1397067776;0;0;0;0;0;0;0;0;0;0;0;3326;0;0;125;0;42;0;
28153;4375506;1198731264;34295808;1397067776;0;0;0;0;0;0;0;0;0;0;0;4258;0;0;125;0;42;0;
28154;5542424;1198731264;34295808;1397067776;0;0;0;0;0;0;0;0;0;0;0;2875;0;0;125;0;42;0;
28155;4034056;1198731264;34295808;1397067776;0;0;0;0;0;0;0;0;0;0;0;5110;0;0;125;0;42;0;
28156;5786181;1198731264;34295808;1397067776;0;0;0;0;0;0;0;0;0;0;0;2946;0;0;125;0;42;0;
28157;3706371;1198731264;34295808;1397067776;0;0;0;0;0;0;0;0;0;0;0;3567;0;0;125;0;42;0;
28158;5700931;1198731264;34295808;1397067776;0;0;0;0;0;0;0;0;0;0;0;3797;0;0;125;0;42;0;
28159;5808473;1198731264;34295808;1397067776;0;0;0;0;0;0;0;0;0;0;0;5130;0;0;125;0;42;0;
28160;5605041;1198731264;34295808;1397067776;0;0;0;0;0;0;0;0;0;0;0;4549;0;0;125;0;42;0;
28161;5573282;1198731264;34295808;1397067776;0;0;0;0;0;0;0;0;0;0;0;3998;0;0;125;0;42;0;
28162;6075864;1198731264;34295808;1397067776;0;0;0;0;0;0;0;0;0;0;0;3236;0;0;125;0;42;0;
28163;5119371;1198731264;34295808;1397067776;0;0;0;0;0;0;0;0;0;0;0;4809;0;0;125;0;42;0;
28164;6085132;1198731264;34295808;1397067776;0;0;0;0;0;0;0;0;0;0;0;4217;0;0;125;0;42;0;
28165;6031311;1198731264;34295808;1397067776;0;0;0;0;0;0;0;0;0;0;0;5250;0;0;125;0;42;0;
28166;5629688;1198731264;34295808;1397067776;0;0;0;0;0;0;0;0;0;0;0;4398;0;0;125;0;42;0;
28167;6712719;1198731264;34295808;1397067776;0;0;0;0;0;0;0;0;0;0;0;4829;0;0;125;0;42;0;
28168;6166685;1198731264;34295808;1397067776;0;0;0;0;0;0;0;0;0;0;0;4408;0;0;125;0;42;0;
28169;5940260;1198731264;34295808;1397067776;0;0;0;0;0;0;0;0;0;0;0;4990;0;0;125;0;42;0;
28170;5820365;1198731264;34295808;1397067776;0;0;0;0;0;0;0;0;0;0;0;3958;0;0;125;0;42;0;
28171;6607511;1198731264;34295808;1397067776;0;0;0;0;0;0;0;0;0;0;0;4679;0;0;125;0;42;0;
28172;5331158;1198731264;34295808;1397067776;0;0;0;0;0;0;0;0;0;0;0;3807;0;0;125;0;42;0;
28173;5303456;1198731264;34295808;1397067776;0;0;0;0;0;0;0;0;0;0;0;5861;0;0;125;0;42;0;
28174;5358700;1198731264;34295808;1397067776;0;0;0;0;0;0;0;0;0;0;0;4268;0;0;125;0;42;0;
28175;5366995;1198731264;34295808;1397067776;0;0;0;0;0;0;0;0;0;0;0;3907;0;0;125;0;42;0;
28176;6382149;1198731264;34295808;1397067776;0;0;0;0;0;0;0;0;0;0;0;4068;0;0;125;0;42;0;
28177;5433250;1198731264;34295808;1397067776;0;0;0;0;0;0;0;0;0;0;0;4779;0;0;125;0;42;0;
28178;5610582;1198731264;34295808;1397067776;0;0;0;0;0;0;0;0;0;0;0;3907;0;0;125;0;42;0;
28179;5646149;1198731264;34295808;1397067776;0;0;0;0;0;0;0;0;0;0;0;4519;0;0;125;0;42;0;
28180;5486238;1198731264;34295808;1397067776;0;0;0;0;0;0;0;0;0;0;0;3646;0;0;125;0;42;0;
28181;4953350;1198731264;34295808;1397067776;0;0;0;0;0;0;0;0;0;0;0;4588;0;0;125;0;42;0;
28182;5984564;1198731264;34295808;1397067776;0;0;0;0;0;0;0;0;0;0;0;4298;0;0;125;0;42;0;
28183;5315037;1198731264;34295808;1397067776;0;0;0;0;0;0;0;0;0;0;0;4779;0;0;125;0;42;0;
28184;5643945;1198731264;34295808;1397067776;0;0;0;0;0;0;0;0;0;0;0;5050;0;0;125;0;42;0;
28185;5116525;1198731264;34295808;1397067776;0;0;0;0;0;0;0;0;0;0;0;5410;0;0;125;0;42;0;
28186;5322632;1198731264;34295808;1397067776;0;0;0;0;0;0;0;0;0;0;0;4519;0;0;125;0;42;0;
28187;5128077;1198731264;34295808;1397067776;0;0;0;0;0;0;0;0;0;0;0;5130;0;0;125;0;42;0;
28188;5035483;1198731264;34295808;1397067776;0;0;0;0;0;0;0;0;0;0;0;3517;0;0;125;0;42;0;
28189;4186472;1198731264;34295808;1397067776;0;0;0;0;0;0;0;0;0;0;0;3887;0;0;125;0;42;0;
28190;5555218;1198731264;34295808;1397067776;0;0;0;0;0;0;0;0;0;0;0;3346;0;0;125;0;42;0;
28191;5173542;1198731264;34304000;1397075968;0;0;0;0;0;0;0;0;0;0;0;3898;0;0;125;0;42;0;
28192;5122907;1198731264;34304000;1397075968;0;0;0;0;0;0;0;0;0;0;0;3286;0;0;125;0;42;0;
28193;5127166;1198731264;34304000;1397075968;0;0;0;0;0;0;0;0;0;0;0;3887;0;0;125;0;42;0;
28194;5929830;1198731264;34304000;1397075968;0;0;0;0;0;0;0;0;0;0;0;3236;0;0;125;0;42;0;
28195;4145004;1198731264;34304000;1397075968;0;0;0;0;0;0;0;0;0;0;0;3848;0;0;125;0;42;0;
28196;5504303;1198731264;34304000;1397075968;0;0;0;0;0;0;0;0;0;0;0;3387;0;0;125;0;42;0;
28197;3725407;1198731264;34295808;1397067776;0;0;0;0;0;0;0;0;0;0;0;3336;0;0;125;0;42;0;
28198;5390039;1198731264;34295808;1397067776;0;0;0;0;0;0;0;0;0;0;0;3096;0;0;125;0;42;0;
28199;4451839;1198731264;34295808;1397067776;0;0;0;0;0;0;0;0;0;0;0;3566;0;0;125;0;42;0;
28200;5292595;1198731264;34295808;1397067776;0;0;0;0;0;0;0;0;0;0;0;3136;0;0;125;0;42;0;
28201;4498556;1198731264;34295808;1397067776;0;0;0;0;0;0;0;0;0;0;0;3186;0;0;125;0;42;0;
28202;5144868;1198731264;34295808;1397067776;0;0;0;0;0;0;0;0;0;0;0;3106;0;0;125;0;42;0;
28203;4413196;1198731264;34295808;1397067776;0;0;0;0;0;0;0;0;0;0;0;4459;0;0;125;0;42;0;
28204;5683539;1198731264;34295808;1397067776;0;0;0;0;0;0;0;0;0;0;0;4318;0;0;125;0;42;0;
28205;4182143;1198731264;34295808;1397067776;0;0;0;0;0;0;0;0;0;0;0;3777;0;0;125;0;42;0;
28206;5610010;1198731264;34295808;1397067776;0;0;0;0;0;0;0;0;0;0;0;3476;0;0;125;0;42;0;
28207;4183265;1198731264;34295808;1397067776;0;0;0;0;0;0;0;0;0;0;0;4047;0;0;125;0;42;0;
28208;5712202;1198731264;34295808;1397067776;0;0;0;0;0;0;0;0;0;0;0;3837;0;0;125;0;42;0;
28209;4975380;1198731264;34295808;1397067776;0;0;0;0;0;0;0;0;0;0;0;3918;0;0;125;0;42;0;
28210;5358079;1198731264;34295808;1397067776;0;0;0;0;0;0;0;0;0;0;0;3055;0;0;125;0;42;0;
28211;4803328;1198731264;34295808;1397067776;0;0;0;0;0;0;0;0;0;0;0;4008;0;0;125;0;42;0;
28212;5504152;1198731264;34295808;1397067776;0;0;0;0;0;0;0;0;0;0;0;3407;0;0;125;0;42;0;
28213;4534403;1198731264;34295808;1397067776;0;0;0;0;0;0;0;0;0;0;0;4087;0;0;125;0;42;0;
28214;5074767;1198731264;34295808;1397067776;0;0;0;0;0;0;0;0;0;0;0;3547;0;0;125;0;42;0;
28215;5084866;1198731264;34295808;1397067776;0;0;0;0;0;0;0;0;0;0;0;4238;0;0;125;0;42;0;
28216;5301873;1198731264;34295808;1397067776;0;0;0;0;0;0;0;0;0;0;0;3366;0;0;125;0;42;0;
28217;4559872;1198731264;34295808;1397067776;0;0;0;0;0;0;0;0;0;0;0;3817;0;0;125;0;42;0;
28218;5296773;1198731264;34295808;1397067776;0;0;0;0;0;0;0;0;0;0;0;3407;0;0;125;0;42;0;
28219;4200467;1198731264;34295808;1397067776;0;0;0;0;0;0;0;0;0;0;0;3887;0;0;125;0;42;0;
28220;5368487;1198731264;34295808;1397067776;0;0;0;0;0;0;0;0;0;0;0;2856;0;0;125;0;42;0;
28221;4332235;1198731264;34295808;1397067776;0;0;0;0;0;0;0;0;0;0;0;3556;0;0;125;0;42;0;
28222;5606133;1198731264;34295808;1397067776;0;0;0;0;0;0;0;0;0;0;0;3517;0;0;125;0;42;0;
28223;4277732;1198731264;34295808;1397067776;0;0;0;0;0;0;0;0;0;0;0;3958;0;0;125;0;42;0;
28224;5139238;1198731264;34295808;1397067776;0;0;0;0;0;0;0;0;0;0;0;3276;0;0;125;0;42;0;
28225;4728447;1198731264;34295808;1397067776;0;0;0;0;0;0;0;0;0;0;0;4208;0;0;125;0;42;0;
28226;5495036;1198731264;34295808;1397067776;0;0;0;0;0;0;0;0;0;0;0;3897;0;0;125;0;42;0;
28227;4449414;1198731264;34295808;1397067776;0;0;0;0;0;0;0;0;0;0;0;3947;0;0;125;0;42;0;
28228;5359972;1198731264;34295808;1397067776;0;0;0;0;0;0;0;0;0;0;0;3366;0;0;125;0;42;0;
28229;6008638;1198731264;34295808;1397067776;0;0;0;0;0;0;0;0;0;0;0;7384;0;0;125;0;42;0;
28230;6815432;1198731264;34295808;1397067776;0;0;0;0;0;0;0;0;0;0;0;3817;0;0;125;0;42;0;
28231;3483673;1198731264;34295808;1397067776;0;0;0;0;0;0;0;0;0;0;0;3035;0;0;125;0;42;0;
28232;5616273;1198731264;34295808;1397067776;0;0;0;0;0;0;0;0;0;0;0;3707;0;0;125;0;42;0;
28233;3380069;1198731264;34295808;1397067776;0;0;0;0;0;0;0;0;0;0;0;3396;0;0;125;0;42;0;
28234;4841800;1198731264;34295808;1397067776;0;0;0;0;0;0;0;0;0;0;0;2956;0;0;125;0;42;0;
28235;2615826;1198731264;34295808;1397067776;0;0;0;0;0;0;0;0;0;0;0;3687;0;0;125;0;42;0;
28236;4826702;1198731264;34295808;1397067776;0;0;0;0;0;0;0;0;0;0;0;2955;0;0;125;0;42;0;
28237;3255065;1198731264;34295808;1397067776;0;0;0;0;0;0;0;0;0;0;0;3116;0;0;125;0;42;0;
28238;4924916;1198731264;34295808;1397067776;0;0;0;0;0;0;0;0;0;0;0;2886;0;0;125;0;42;0;
28239;3591926;1198731264;34295808;1397067776;0;0;0;0;0;0;0;0;0;0;0;3036;0;0;125;0;42;0;
28240;5147905;1198731264;34295808;1397067776;0;0;0;0;0;0;0;0;0;0;0;2565;0;0;125;0;42;0;
28241;3276054;1198731264;34295808;1397067776;0;0;0;0;0;0;0;0;0;0;0;3006;0;0;125;0;42;0;
28242;5333172;1198731264;34295808;1397067776;0;0;0;0;0;0;0;0;0;0;0;3176;0;0;125;0;42;0;
28243;3402552;1198731264;34295808;1397067776;0;0;0;0;0;0;0;0;0;0;0;3296;0;0;125;0;42;0;
28244;6469362;1198731264;34295808;1397067776;0;0;0;0;0;0;0;0;0;0;0;3106;0;0;125;0;42;0;
28245;3964715;1198731264;34295808;1397067776;0;0;0;0;0;0;0;0;0;0;0;3467;0;0;125;0;42;0;
28246;5663782;1198731264;34295808;1397067776;0;0;0;0;0;0;0;0;0;0;0;3427;0;0;125;0;42;0;
28247;4058201;1198731264;34295808;1397067776;0;0;0;0;0;0;0;0;0;0;0;3026;0;0;125;0;42;0;
28248;5037527;1198731264;34295808;1397067776;0;0;0;0;0;0;0;0;0;0;0;2976;0;0;125;0;42;0;
28249;3192788;1198731264;34295808;1397067776;0;0;0;0;0;0;0;0;0;0;0;3357;0;0;125;0;42;0;
28250;4947459;1198731264;34295808;1397067776;0;0;0;0;0;0;0;0;0;0;0;2946;0;0;125;0;42;0;
28251;3253672;1198731264;34295808;1397067776;0;0;0;0;0;0;0;0;0;0;0;3156;0;0;125;0;42;0;
28252;5213397;1198731264;34295808;1397067776;0;0;0;0;0;0;0;0;0;0;0;2425;0;0;125;0;42;0;
28253;3624317;1198731264;34295808;1397067776;0;0;0;0;0;0;0;0;0;0;0;4158;0;0;125;0;42;0;
28254;5423812;1198731264;34295808;1397067776;0;0;0;0;0;0;0;0;0;0;0;2916;0;0;125;0;42;0;
28255;2583034;1198731264;34295808;1397067776;0;0;0;0;0;0;0;0;0;0;0;3056;0;0;125;0;42;0;
28256;5121605;1198731264;34295808;1397067776;0;0;0;0;0;0;0;0;0;0;0;2935;0;0;125;0;42;0;
28257;3105203;1198731264;34295808;1397067776;0;0;0;0;0;0;0;0;0;0;0;3647;0;0;125;0;42;0;
28258;4826902;1198731264;34295808;1397067776;0;0;0;0;0;0;0;0;0;0;0;2946;0;0;125;0;42;0;
28259;4086153;1198731264;34295808;1397067776;0;0;0;0;0;0;0;0;0;0;0;3888;0;0;125;0;42;0;
28260;5011398;1198731264;34295808;1397067776;0;0;0;0;0;0;0;0;0;0;0;3036;0;0;125;0;42;0;
28261;3762477;1198731264;34295808;1397067776;0;0;0;0;0;0;0;0;0;0;0;3537;0;0;125;0;42;0;
28262;5794397;1198731264;34295808;1397067776;0;0;0;0;0;0;0;0;0;0;0;2645;0;0;125;0;42;0;
28263;3330576;1198731264;34295808;1397067776;0;0;0;0;0;0;0;0;0;0;0;3246;0;0;125;0;42;0;
28264;4896763;1198731264;34295808;1397067776;0;0;0;0;0;0;0;0;0;0;0;3146;0;0;125;0;42;0;
28265;3384437;1198731264;34295808;1397067776;0;0;0;0;0;0;0;0;0;0;0;3666;0;0;125;0;42;0;
28266;4946677;1198731264;34295808;1397067776;0;0;0;0;0;0;0;0;0;0;0;2946;0;0;125;0;42;0;
28267;3568652;1198731264;34295808;1397067776;0;0;0;0;0;0;0;0;0;0;0;3477;0;0;125;0;42;0;
28268;5205853;1198731264;34295808;1397067776;0;0;0;0;0;0;0;0;0;0;0;2975;0;0;125;0;42;0;
28269;3074105;1198731264;34295808;1397067776;0;0;0;0;0;0;0;0;0;0;0;3216;0;0;125;0;42;0;
28270;5770532;1198731264;34295808;1397067776;0;0;0;0;0;0;0;0;0;0;0;2896;0;0;125;0;42;0;
28271;2706075;1198731264;34295808;1397067776;0;0;0;0;0;0;0;0;0;0;0;3336;0;0;125;0;42;0;
28272;5042597;1198731264;34295808;1397067776;0;0;0;0;0;0;0;0;0;0;0;2985;0;0;125;0;42;0;
28273;3334123;1198731264;34295808;1397067776;0;0;0;0;0;0;0;0;0;0;0;3457;0;0;125;0;42;0;
28274;5526975;1198731264;34295808;1397067776;0;0;0;0;0;0;0;0;0;0;0;2945;0;0;125;0;42;0;
28275;3070889;1198731264;34295808;1397067776;0;0;0;0;0;0;0;0;0;0;0;3186;0;0;125;0;42;0;
28276;4915839;1198731264;34295808;1397067776;0;0;0;0;0;0;0;0;0;0;0;2775;0;0;125;0;42;0;
28277;3076400;1198731264;34295808;1397067776;0;0;0;0;0;0;0;0;0;0;0;3556;0;0;125;0;42;0;
28278;5654213;1198731264;34295808;1397067776;0;0;0;0;0;0;0;0;0;0;0;4308;0;0;125;0;42;0;
28279;3490116;1198731264;34295808;1397067776;0;0;0;0;0;0;0;0;0;0;0;2996;0;0;125;0;42;0;
28280;5760964;1198731264;34295808;1397067776;0;0;0;0;0;0;0;0;0;0;0;3096;0;0;125;0;42;0;
28281;3526974;1198731264;34295808;1397067776;0;0;0;0;0;0;0;0;0;0;0;3697;0;0;125;0;42;0;
28282;5028982;1198731264;34295808;1397067776;0;0;0;0;0;0;0;0;0;0;0;2775;0;0;125;0;42;0;
28283;3152673;1198731264;34295808;1397067776;0;0;0;0;0;0;0;0;0;0;0;3256;0;0;125;0;42;0;
28284;5228535;1198731264;34295808;1397067776;0;0;0;0;0;0;0;0;0;0;0;2815;0;0;125;0;42;0;
28285;3906837;1198731264;34295808;1397067776;0;0;0;0;0;0;0;0;0;0;0;3096;0;0;125;0;42;0;
28286;4844805;1198731264;34295808;1397067776;0;0;0;0;0;0;0;0;0;0;0;3707;0;0;125;0;42;0;
28287;2911000;1198731264;34295808;1397067776;0;0;0;0;0;0;0;0;0;0;0;2835;0;0;125;0;42;0;
28288;5124200;1198731264;34295808;1397067776;0;0;0;0;0;0;0;0;0;0;0;2886;0;0;125;0;42;0;
28289;3246389;1198731264;34295808;1397067776;0;0;0;0;0;0;0;0;0;0;0;3336;0;0;125;0;42;0;
28290;7550941;1198731264;34295808;1397067776;0;0;0;0;0;0;0;0;0;0;0;2555;0;0;125;0;42;0;
28291;9824235;1198731264;34295808;1397067776;0;0;0;0;0;0;0;0;0;0;0;3948;0;0;125;0;42;0;
28292;5471000;1198731264;34295808;1397067776;0;0;0;0;0;0;0;0;0;0;0;2765;0;0;125;0;42;0;
28293;4087225;1198731264;34295808;1397067776;0;0;0;0;0;0;0;0;0;0;0;3607;0;0;125;0;42;0;
28294;5502650;1198731264;34295808;1397067776;0;0;0;0;0;0;0;0;0;0;0;3126;0;0;125;0;42;0;
28295;3645186;1198731264;34295808;1397067776;0;0;0;0;0;0;0;0;0;0;0;3817;0;0;125;0;42;0;
28296;4913134;1198731264;34295808;1397067776;0;0;0;0;0;0;0;0;0;0;0;2856;0;0;125;0;42;0;
28297;3354010;1198731264;34295808;1397067776;0;0;0;0;0;0;0;0;0;0;0;2996;0;0;125;0;42;0;
28298;5082812;1198731264;34295808;1397067776;0;0;0;0;0;0;0;0;0;0;0;2635;0;0;125;0;42;0;
28299;4021973;1198731264;34295808;1397067776;0;0;0;0;0;0;0;0;0;0;0;7083;0;0;125;0;42;0;
28300;5626462;1198731264;34295808;1397067776;0;0;0;0;0;0;0;0;0;0;0;4468;0;0;125;0;42;0;
28301;4543110;1198731264;34295808;1397067776;0;0;0;0;0;0;0;0;0;0;0;3747;0;0;125;0;42;0;
28302;4832273;1198731264;34295808;1397067776;0;0;0;0;0;0;0;0;0;0;0;3126;0;0;125;0;42;0;
28303;3581827;1198731264;34295808;1397067776;0;0;0;0;0;0;0;0;0;0;0;3046;0;0;125;0;42;0;
28304;4944433;1198731264;34295808;1397067776;0;0;0;0;0;0;0;0;0;0;0;3116;0;0;125;0;42;0;
28305;2949782;1198731264;34295808;1397067776;0;0;0;0;0;0;0;0;0;0;0;3567;0;0;125;0;42;0;
28306;4917202;1198731264;34295808;1397067776;0;0;0;0;0;0;0;0;0;0;0;2745;0;0;125;0;42;0;
28307;3444690;1198731264;34295808;1397067776;0;0;0;0;0;0;0;0;0;0;0;3196;0;0;125;0;42;0;
28308;4831390;1198731264;34295808;1397067776;0;0;0;0;0;0;0;0;0;0;0;2645;0;0;125;0;42;0;
28309;3307783;1198731264;34295808;1397067776;0;0;0;0;0;0;0;0;0;0;0;3266;0;0;125;0;42;0;
28310;4877978;1198731264;34295808;1397067776;0;0;0;0;0;0;0;0;0;0;0;2725;0;0;125;0;42;0;
28311;3284179;1198731264;34295808;1397067776;0;0;0;0;0;0;0;0;0;0;0;3006;0;0;125;0;42;0;
28312;4761309;1198731264;34295808;1397067776;0;0;0;0;0;0;0;0;0;0;0;2926;0;0;125;0;42;0;
28313;3117196;1198731264;34295808;1397067776;0;0;0;0;0;0;0;0;0;0;0;3276;0;0;125;0;42;0;
28314;4993625;1198731264;34295808;1397067776;0;0;0;0;0;0;0;0;0;0;0;3266;0;0;125;0;42;0;
28315;3702764;1198731264;34295808;1397067776;0;0;0;0;0;0;0;0;0;0;0;2896;0;0;125;0;42;0;
28316;5006679;1198731264;34295808;1397067776;0;0;0;0;0;0;0;0;0;0;0;2585;0;0;125;0;42;0;
28317;3252820;1198731264;34295808;1397067776;0;0;0;0;0;0;0;0;0;0;0;3476;0;0;125;0;42;0;
28318;4642877;1198731264;34295808;1397067776;0;0;0;0;0;0;0;0;0;0;0;2816;0;0;125;0;42;0;
28319;3509381;1198731264;34295808;1397067776;0;0;0;0;0;0;0;0;0;0;0;2765;0;0;125;0;42;0;
28320;5168563;1198731264;34295808;1397067776;0;0;0;0;0;0;0;0;0;0;0;3106;0;0;125;0;42;0;
28321;3167069;1198731264;34295808;1397067776;0;0;0;0;0;0;0;0;0;0;0;3617;0;0;125;0;42;0;
28322;5094373;1198731264;34295808;1397067776;0;0;0;0;0;0;0;0;0;0;0;2765;0;0;125;0;42;0;
28323;3577980;1198731264;34295808;1397067776;0;0;0;0;0;0;0;0;0;0;0;3036;0;0;125;0;42;0;
28324;4825680;1198731264;34295808;1397067776;0;0;0;0;0;0;0;0;0;0;0;3186;0;0;125;0;42;0;
28325;3451953;1198731264;34295808;1397067776;0;0;0;0;0;0;0;0;0;0;0;2995;0;0;125;0;42;0;
28326;5411699;1198731264;34295808;1397067776;0;0;0;0;0;0;0;0;0;0;0;2796;0;0;125;0;42;0;
28327;3531653;1198731264;34295808;1397067776;0;0;0;0;0;0;0;0;0;0;0;3166;0;0;125;0;42;0;
28328;5012401;1198731264;34295808;1397067776;0;0;0;0;0;0;0;0;0;0;0;2835;0;0;125;0;42;0;
28329;3562712;1198731264;34295808;1397067776;0;0;0;0;0;0;0;0;0;0;0;3176;0;0;125;0;42;0;
28330;5204841;1198731264;34295808;1397067776;0;0;0;0;0;0;0;0;0;0;0;2565;0;0;125;0;42;0;
28331;3322892;1198731264;34295808;1397067776;0;0;0;0;0;0;0;0;0;0;0;2976;0;0;125;0;42;0;
28332;5247160;1198731264;34295808;1397067776;0;0;0;0;0;0;0;0;0;0;0;2785;0;0;125;0;42;0;
28333;3086379;1198731264;34295808;1397067776;0;0;0;0;0;0;0;0;0;0;0;3857;0;0;125;0;42;0;
28334;4838113;1198731264;34295808;1397067776;0;0;0;0;0;0;0;0;0;0;0;2915;0;0;125;0;42;0;
28335;3051172;1198731264;34295808;1397067776;0;0;0;0;0;0;0;0;0;0;0;3497;0;0;125;0;42;0;
28336;8678525;1198731264;34295808;1397067776;0;0;0;0;0;0;0;0;0;0;0;3317;0;0;125;0;42;0;
28337;3019132;1198731264;34295808;1397067776;0;0;0;0;0;0;0;0;0;0;0;3276;0;0;125;0;42;0;
28338;5580556;1198731264;34295808;1397067776;0;0;0;0;0;0;0;0;0;0;0;2956;0;0;125;0;42;0;
28339;3996785;1198731264;34295808;1397067776;0;0;0;0;0;0;0;0;0;0;0;3286;0;0;125;0;42;0;
28340;4991291;1198731264;34295808;1397067776;0;0;0;0;0;0;0;0;0;0;0;3066;0;0;125;0;42;0;
28341;3102969;1198731264;34295808;1397067776;0;0;0;0;0;0;0;0;0;0;0;3437;0;0;125;0;42;0;
28342;5065981;1198731264;34295808;1397067776;0;0;0;0;0;0;0;0;0;0;0;2605;0;0;125;0;42;0;
28343;4290457;1198731264;34295808;1397067776;0;0;0;0;0;0;0;0;0;0;0;3737;0;0;125;0;42;0;
28344;5098722;1198731264;34295808;1397067776;0;0;0;0;0;0;0;0;0;0;0;2895;0;0;125;0;42;0;
28345;3398053;1198731264;34295808;1397067776;0;0;0;0;0;0;0;0;0;0;0;3266;0;0;125;0;42;0;
28346;5106677;1198731264;34295808;1397067776;0;0;0;0;0;0;0;0;0;0;0;3206;0;0;125;0;42;0;
28347;3173111;1198731264;34295808;1397067776;0;0;0;0;0;0;0;0;0;0;0;3296;0;0;125;0;42;0;
28348;5143666;1198731264;34295808;1397067776;0;0;0;0;0;0;0;0;0;0;0;2504;0;0;125;0;42;0;
28349;4452810;1198731264;34295808;1397067776;0;0;0;0;0;0;0;0;0;0;0;4399;0;0;125;0;42;0;
28350;5099704;1198731264;34295808;1397067776;0;0;0;0;0;0;0;0;0;0;0;3056;0;0;125;0;42;0;
28351;4286729;1198731264;34295808;1397067776;0;0;0;0;0;0;0;0;0;0;0;3016;0;0;125;0;42;0;
28352;4913725;1198731264;34295808;1397067776;0;0;0;0;0;0;0;0;0;0;0;2604;0;0;125;0;42;0;
28353;3005216;1198731264;34295808;1397067776;0;0;0;0;0;0;0;0;0;0;0;3146;0;0;125;0;42;0;
28354;4918875;1198731264;34295808;1397067776;0;0;0;0;0;0;0;0;0;0;0;3217;0;0;125;0;42;0;
28355;2676158;1198731264;34295808;1397067776;0;0;0;0;0;0;0;0;0;0;0;2885;0;0;125;0;42;0;
28356;5325948;1198731264;34295808;1397067776;0;0;0;0;0;0;0;0;0;0;0;2936;0;0;125;0;42;0;
28357;3596175;1198731264;34295808;1397067776;0;0;0;0;0;0;0;0;0;0;0;2756;0;0;125;0;42;0;
28358;4839126;1198731264;34295808;1397067776;0;0;0;0;0;0;0;0;0;0;0;2414;0;0;125;0;42;0;
28359;3232792;1198731264;34295808;1397067776;0;0;0;0;0;0;0;0;0;0;0;3066;0;0;125;0;42;0;
28360;4690126;1198731264;34295808;1397067776;0;0;0;0;0;0;0;0;0;0;0;2475;0;0;125;0;42;0;
28361;3016156;1198731264;34295808;1397067776;0;0;0;0;0;0;0;0;0;0;0;2635;0;0;125;0;42;0;
28362;4835779;1198731264;34295808;1397067776;0;0;0;0;0;0;0;0;0;0;0;2645;0;0;125;0;42;0;
28363;2931097;1198731264;34295808;1397067776;0;0;0;0;0;0;0;0;0;0;0;3346;0;0;125;0;42;0;
28364;4810632;1198731264;34295808;1397067776;0;0;0;0;0;0;0;0;0;0;0;2695;0;0;125;0;42;0;
28365;3785059;1198731264;34295808;1397067776;0;0;0;0;0;0;0;0;0;0;0;3547;0;0;125;0;42;0;
28366;4991511;1198731264;34295808;1397067776;0;0;0;0;0;0;0;0;0;0;0;2685;0;0;125;0;42;0;
28367;3163443;1198731264;34295808;1397067776;0;0;0;0;0;0;0;0;0;0;0;2885;0;0;125;0;42;0;
28368;5076621;1198731264;34295808;1397067776;0;0;0;0;0;0;0;0;0;0;0;2504;0;0;125;0;42;0;
28369;3211362;1198731264;34295808;1397067776;0;0;0;0;0;0;0;0;0;0;0;3627;0;0;125;0;42;0;
28370;4913454;1198731264;34295808;1397067776;0;0;0;0;0;0;0;0;0;0;0;3036;0;0;125;0;42;0;
28371;2973897;1198731264;34295808;1397067776;0;0;0;0;0;0;0;0;0;0;0;2945;0;0;125;0;42;0;
28372;4853302;1198731264;34295808;1397067776;0;0;0;0;0;0;0;0;0;0;0;2625;0;0;125;0;42;0;
28373;3107187;1198731264;34295808;1397067776;0;0;0;0;0;0;0;0;0;0;0;2965;0;0;125;0;42;0;
28374;4769335;1198731264;34295808;1397067776;0;0;0;0;0;0;0;0;0;0;0;2535;0;0;125;0;42;0;
28375;3113138;1198731264;34295808;1397067776;0;0;0;0;0;0;0;0;0;0;0;3336;0;0;125;0;42;0;
28376;5648273;1198731264;34295808;1397067776;0;0;0;0;0;0;0;0;0;0;0;3536;0;0;125;0;42;0;
28377;4236655;1198731264;34295808;1397067776;0;0;0;0;0;0;0;0;0;0;0;4569;0;0;125;0;42;0;
28378;5602838;1198731264;34295808;1397067776;0;0;0;0;0;0;0;0;0;0;0;3717;0;0;125;0;42;0;
28379;2954772;1198731264;34295808;1397067776;0;0;0;0;0;0;0;0;0;0;0;2915;0;0;125;0;42;0;
28380;4940085;1198731264;34295808;1397067776;0;0;0;0;0;0;0;0;0;0;0;2715;0;0;125;0;42;0;
28381;3190724;1198731264;34295808;1397067776;0;0;0;0;0;0;0;0;0;0;0;3356;0;0;125;0;42;0;
28382;4860095;1198731264;34295808;1397067776;0;0;0;0;0;0;0;0;0;0;0;2766;0;0;125;0;42;0;
28383;3045942;1198731264;34295808;1397067776;0;0;0;0;0;0;0;0;0;0;0;3276;0;0;125;0;42;0;
28384;4906572;1198731264;34295808;1397067776;0;0;0;0;0;0;0;0;0;0;0;2885;0;0;125;0;42;0;
28385;3957001;1198731264;34295808;1397067776;0;0;0;0;0;0;0;0;0;0;0;3247;0;0;125;0;42;0;
28386;4759425;1198731264;34295808;1397067776;0;0;0;0;0;0;0;0;0;0;0;2745;0;0;125;0;42;0;
28387;2989587;1198731264;34295808;1397067776;0;0;0;0;0;0;0;0;0;0;0;3827;0;0;125;0;42;0;
28388;5027820;1198731264;34295808;1397067776;0;0;0;0;0;0;0;0;0;0;0;2715;0;0;125;0;42;0;
28389;3408722;1198731264;34295808;1397067776;0;0;0;0;0;0;0;0;0;0;0;3577;0;0;125;0;42;0;
28390;4871155;1198731264;34295808;1397067776;0;0;0;0;0;0;0;0;0;0;0;2695;0;0;125;0;42;0;
28391;2855124;1198731264;34295808;1397067776;0;0;0;0;0;0;0;0;0;0;0;3166;0;0;125;0;42;0;
28392;4860705;1198731264;34295808;1397067776;0;0;0;0;0;0;0;0;0;0;0;2765;0;0;125;0;42;0;
28393;3435342;1198731264;34295808;1397067776;0;0;0;0;0;0;0;0;0;0;0;3567;0;0;125;0;42;0;
28394;5173422;1198731264;34295808;1397067776;0;0;0;0;0;0;0;0;0;0;0;2525;0;0;125;0;42;0;
28395;2723748;1198731264;34295808;1397067776;0;0;0;0;0;0;0;0;0;0;0;2815;0;0;125;0;42;0;
28396;4894559;1198731264;34295808;1397067776;0;0;0;0;0;0;0;0;0;0;0;2355;0;0;125;0;42;0;
28397;3675463;1198731264;34295808;1397067776;0;0;0;0;0;0;0;0;0;0;0;2855;0;0;125;0;42;0;
28398;4854263;1198731264;34295808;1397067776;0;0;0;0;0;0;0;0;0;0;0;2665;0;0;125;0;42;0;
28399;3388264;1198731264;34295808;1397067776;0;0;0;0;0;0;0;0;0;0;0;2625;0;0;125;0;42;0;
28400;4802667;1198731264;34295808;1397067776;0;0;0;0;0;0;0;0;0;0;0;2855;0;0;125;0;42;0;
28401;3373877;1198731264;34295808;1397067776;0;0;0;0;0;0;0;0;0;0;0;2925;0;0;125;0;42;0;
28402;4988215;1198731264;34295808;1397067776;0;0;0;0;0;0;0;0;0;0;0;2725;0;0;125;0;42;0;
28403;4089690;1198731264;34295808;1397067776;0;0;0;0;0;0;0;0;0;0;0;4208;0;0;125;0;42;0;
28404;5731518;1198731264;34295808;1397067776;0;0;0;0;0;0;0;0;0;0;0;3226;0;0;125;0;42;0;
28405;4310383;1198731264;34295808;1397067776;0;0;0;0;0;0;0;0;0;0;0;4579;0;0;125;0;42;0;
28406;5375030;1198731264;34295808;1397067776;0;0;0;0;0;0;0;0;0;0;0;3337;0;0;125;0;42;0;
28407;6597503;1198731264;34295808;1397067776;0;0;0;0;0;0;0;0;0;0;0;6893;0;0;125;0;42;0;
28408;6320293;1198731264;34295808;1397067776;0;0;0;0;0;0;0;0;0;0;0;3747;0;0;125;0;42;0;
28409;2802025;1198731264;34295808;1397067776;0;0;0;0;0;0;0;0;0;0;0;3807;0;0;125;0;42;0;
28410;4939764;1198731264;34295808;1397067776;0;0;0;0;0;0;0;0;0;0;0;3216;0;0;125;0;42;0;
28411;3171228;1198731264;34295808;1397067776;0;0;0;0;0;0;0;0;0;0;0;2685;0;0;125;0;42;0;
28412;4962406;1198731264;34295808;1397067776;0;0;0;0;0;0;0;0;0;0;0;3146;0;0;125;0;42;0;
28413;3604690;1198731264;34295808;1397067776;0;0;0;0;0;0;0;0;0;0;0;3176;0;0;125;0;42;0;
28414;5930812;1198731264;34295808;1397067776;0;0;0;0;0;0;0;0;0;0;0;2375;0;0;125;0;42;0;
28415;3137744;1198731264;34304000;1397075968;0;0;0;0;0;0;0;0;0;0;0;2605;0;0;125;0;42;0;
28416;5498381;1198731264;34304000;1397075968;0;0;0;0;0;0;0;0;0;0;0;2655;0;0;125;0;42;0;
28417;2984296;1198731264;34304000;1397075968;0;0;0;0;0;0;0;0;0;0;0;2766;0;0;125;0;42;0;
28418;5127556;1198731264;34304000;1397075968;0;0;0;0;0;0;0;0;0;0;0;2474;0;0;125;0;42;0;
28419;2790513;1198731264;34304000;1397075968;0;0;0;0;0;0;0;0;0;0;0;2505;0;0;125;0;42;0;
28420;4751120;1198731264;34304000;1397075968;0;0;0;0;0;0;0;0;0;0;0;2745;0;0;125;0;42;0;
28421;2671620;1198731264;34295808;1397067776;0;0;0;0;0;0;0;0;0;0;0;3396;0;0;125;0;42;0;
28422;5057705;1198731264;34295808;1397067776;0;0;0;0;0;0;0;0;0;0;0;2855;0;0;125;0;42;0;
28423;3060049;1198731264;34295808;1397067776;0;0;0;0;0;0;0;0;0;0;0;3085;0;0;125;0;42;0;
28424;4714882;1198731264;34295808;1397067776;0;0;0;0;0;0;0;0;0;0;0;2975;0;0;125;0;42;0;
28425;3180695;1198731264;34295808;1397067776;0;0;0;0;0;0;0;0;0;0;0;2736;0;0;125;0;42;0;
28426;4912493;1198731264;34295808;1397067776;0;0;0;0;0;0;0;0;0;0;0;2415;0;0;125;0;42;0;
28427;3535760;1198731264;34295808;1397067776;0;0;0;0;0;0;0;0;0;0;0;3086;0;0;125;0;42;0;
28428;5046374;1198731264;34295808;1397067776;0;0;0;0;0;0;0;0;0;0;0;2655;0;0;125;0;42;0;
28429;3456001;1198731264;34295808;1397067776;0;0;0;0;0;0;0;0;0;0;0;3086;0;0;125;0;42;0;
28430;4801445;1198731264;34295808;1397067776;0;0;0;0;0;0;0;0;0;0;0;3116;0;0;125;0;42;0;
28431;2987072;1198731264;34295808;1397067776;0;0;0;0;0;0;0;0;0;0;0;3266;0;0;125;0;42;0;
28432;5200774;1198731264;34295808;1397067776;0;0;0;0;0;0;0;0;0;0;0;3076;0;0;125;0;42;0;
28433;4306436;1198731264;34295808;1397067776;0;0;0;0;0;0;0;0;0;0;0;4358;0;0;125;0;42;0;
28434;6057610;1198731264;34295808;1397067776;0;0;0;0;0;0;0;0;0;0;0;4037;0;0;125;0;42;0;
28435;4339990;1198731264;34295808;1397067776;0;0;0;0;0;0;0;0;0;0;0;4288;0;0;125;0;42;0;
28436;5769290;1198731264;34295808;1397067776;0;0;0;0;0;0;0;0;0;0;0;3556;0;0;125;0;42;0;
28437;4462850;1198731264;34295808;1397067776;0;0;0;0;0;0;0;0;0;0;0;4088;0;0;125;0;42;0;
28438;5323043;1198731264;34295808;1397067776;0;0;0;0;0;0;0;0;0;0;0;3857;0;0;125;0;42;0;
28439;4293071;1198731264;34295808;1397067776;0;0;0;0;0;0;0;0;0;0;0;3727;0;0;125;0;42;0;
28440;5112408;1198731264;34295808;1397067776;0;0;0;0;0;0;0;0;0;0;0;3657;0;0;125;0;42;0;
28441;4531879;1198731264;34295808;1397067776;0;0;0;0;0;0;0;0;0;0;0;3807;0;0;125;0;42;0;
28442;5320608;1198731264;34295808;1397067776;0;0;0;0;0;0;0;0;0;0;0;3497;0;0;125;0;42;0;
28443;4061878;1198731264;34295808;1397067776;0;0;0;0;0;0;0;0;0;0;0;4308;0;0;125;0;42;0;
28444;5436095;1198731264;34295808;1397067776;0;0;0;0;0;0;0;0;0;0;0;3988;0;0;125;0;42;0;
28445;4349598;1198731264;34295808;1397067776;0;0;0;0;0;0;0;0;0;0;0;5039;0;0;125;0;42;0;
28446;5218476;1198731264;34295808;1397067776;0;0;0;0;0;0;0;0;0;0;0;3256;0;0;125;0;42;0;
28447;4540946;1198731264;34295808;1397067776;0;0;0;0;0;0;0;0;0;0;0;4789;0;0;125;0;42;0;
28448;5118529;1198731264;34295808;1397067776;0;0;0;0;0;0;0;0;0;0;0;3226;0;0;125;0;42;0;
28449;4862519;1198731264;34295808;1397067776;0;0;0;0;0;0;0;0;0;0;0;3807;0;0;125;0;42;0;
28450;5219298;1198731264;34295808;1397067776;0;0;0;0;0;0;0;0;0;0;0;2565;0;0;125;0;42;0;
28451;4700455;1198731264;34295808;1397067776;0;0;0;0;0;0;0;0;0;0;0;3737;0;0;125;0;42;0;
28452;5949307;1198731264;34295808;1397067776;0;0;0;0;0;0;0;0;0;0;0;3376;0;0;125;0;42;0;
28453;4110479;1198731264;34295808;1397067776;0;0;0;0;0;0;0;0;0;0;0;4608;0;0;125;0;42;0;
28454;5324535;1198731264;34295808;1397067776;0;0;0;0;0;0;0;0;0;0;0;4038;0;0;125;0;42;0;
28455;4107714;1198731264;34295808;1397067776;0;0;0;0;0;0;0;0;0;0;0;3777;0;0;125;0;42;0;
28456;5789909;1198731264;34295808;1397067776;0;0;0;0;0;0;0;0;0;0;0;3838;0;0;125;0;42;0;
28457;4344457;1198731264;34295808;1397067776;0;0;0;0;0;0;0;0;0;0;0;4649;0;0;125;0;42;0;
28458;5387543;1198731264;34295808;1397067776;0;0;0;0;0;0;0;0;0;0;0;3276;0;0;125;0;42;0;
28459;4944874;1198731264;34295808;1397067776;0;0;0;0;0;0;0;0;0;0;0;7134;0;0;125;0;42;0;
28460;5807761;1198731264;34295808;1397067776;0;0;0;0;0;0;0;0;0;0;0;4298;0;0;125;0;42;0;
28461;3744292;1198731264;34295808;1397067776;0;0;0;0;0;0;0;0;0;0;0;4528;0;0;125;0;42;0;
28462;5339925;1198731264;34295808;1397067776;0;0;0;0;0;0;0;0;0;0;0;4108;0;0;125;0;42;0;
28463;3467022;1198731264;34295808;1397067776;0;0;0;0;0;0;0;0;0;0;0;4048;0;0;125;0;42;0;
28464;5244566;1198731264;34295808;1397067776;0;0;0;0;0;0;0;0;0;0;0;3617;0;0;125;0;42;0;
28465;3641970;1198731264;34295808;1397067776;0;0;0;0;0;0;0;0;0;0;0;3817;0;0;125;0;42;0;
28466;5446304;1198731264;34295808;1397067776;0;0;0;0;0;0;0;0;0;0;0;3838;0;0;125;0;42;0;
28467;3551190;1198731264;34295808;1397067776;0;0;0;0;0;0;0;0;0;0;0;3357;0;0;125;0;42;0;
28468;5133878;1198731264;34295808;1397067776;0;0;0;0;0;0;0;0;0;0;0;3016;0;0;125;0;42;0;
28469;3841795;1198731264;34295808;1397067776;0;0;0;0;0;0;0;0;0;0;0;3507;0;0;125;0;42;0;
28470;5408263;1198731264;34295808;1397067776;0;0;0;0;0;0;0;0;0;0;0;3035;0;0;125;0;42;0;
28471;3834822;1198731264;34295808;1397067776;0;0;0;0;0;0;0;0;0;0;0;4288;0;0;125;0;42;0;
28472;5627664;1198731264;34295808;1397067776;0;0;0;0;0;0;0;0;0;0;0;4077;0;0;125;0;42;0;
28473;3349030;1198731264;34295808;1397067776;0;0;0;0;0;0;0;0;0;0;0;3437;0;0;125;0;42;0;
28474;5229757;1198731264;34295808;1397067776;0;0;0;0;0;0;0;0;0;0;0;3607;0;0;125;0;42;0;
28475;3003032;1198731264;34295808;1397067776;0;0;0;0;0;0;0;0;0;0;0;3466;0;0;125;0;42;0;
28476;5570647;1198731264;34295808;1397067776;0;0;0;0;0;0;0;0;0;0;0;3847;0;0;125;0;42;0;
28477;3260845;1198731264;34295808;1397067776;0;0;0;0;0;0;0;0;0;0;0;3787;0;0;125;0;42;0;
28478;5631902;1198731264;34295808;1397067776;0;0;0;0;0;0;0;0;0;0;0;3907;0;0;125;0;42;0;
28479;3726428;1198731264;34295808;1397067776;0;0;0;0;0;0;0;0;0;0;0;3446;0;0;125;0;42;0;
28480;5552443;1198731264;34295808;1397067776;0;0;0;0;0;0;0;0;0;0;0;4378;0;0;125;0;42;0;
28481;4930397;1198731264;34295808;1397067776;0;0;0;0;0;0;0;0;0;0;0;4758;0;0;125;0;42;0;
28482;6399652;1198731264;34295808;1397067776;0;0;0;0;0;0;0;0;0;0;0;6572;0;0;125;0;42;0;
28483;6626347;1198731264;34295808;1397067776;0;0;0;0;0;0;0;0;0;0;0;5821;0;0;125;0;42;0;
28484;5826056;1198731264;34295808;1397067776;0;0;0;0;0;0;0;0;0;0;0;5089;0;0;125;0;42;0;
28485;5119401;1198731264;34295808;1397067776;0;0;0;0;0;0;0;0;0;0;0;3567;0;0;125;0;42;0;
28486;5637543;1198731264;34295808;1397067776;0;0;0;0;0;0;0;0;0;0;0;2816;0;0;125;0;42;0;
28487;4163799;1198731264;34295808;1397067776;0;0;0;0;0;0;0;0;0;0;0;3577;0;0;125;0;42;0;
28488;5414314;1198731264;34295808;1397067776;0;0;0;0;0;0;0;0;0;0;0;2905;0;0;125;0;42;0;
28489;4489921;1198731264;34295808;1397067776;0;0;0;0;0;0;0;0;0;0;0;3837;0;0;125;0;42;0;
28490;5499824;1198731264;34295808;1397067776;0;0;0;0;0;0;0;0;0;0;0;3346;0;0;125;0;42;0;
28491;3678509;1198731264;34295808;1397067776;0;0;0;0;0;0;0;0;0;0;0;4028;0;0;125;0;42;0;
28492;4928283;1198731264;34295808;1397067776;0;0;0;0;0;0;0;0;0;0;0;2935;0;0;125;0;42;0;
28493;3703816;1198731264;34295808;1397067776;0;0;0;0;0;0;0;0;0;0;0;3526;0;0;125;0;42;0;
28494;5109623;1198731264;34295808;1397067776;0;0;0;0;0;0;0;0;0;0;0;3446;0;0;125;0;42;0;
28495;3559856;1198731264;34295808;1397067776;0;0;0;0;0;0;0;0;0;0;0;3687;0;0;125;0;42;0;
28496;5233204;1198731264;34295808;1397067776;0;0;0;0;0;0;0;0;0;0;0;3015;0;0;125;0;42;0;
28497;3877492;1198731264;34295808;1397067776;0;0;0;0;0;0;0;0;0;0;0;3857;0;0;125;0;42;0;
28498;5146922;1198731264;34295808;1397067776;0;0;0;0;0;0;0;0;0;0;0;2735;0;0;125;0;42;0;
28499;3566148;1198731264;34295808;1397067776;0;0;0;0;0;0;0;0;0;0;0;3456;0;0;125;0;42;0;
28500;5214890;1198731264;34295808;1397067776;0;0;0;0;0;0;0;0;0;0;0;3086;0;0;125;0;42;0;
28501;4188655;1198731264;34295808;1397067776;0;0;0;0;0;0;0;0;0;0;0;3246;0;0;125;0;42;0;
28502;5335676;1198731264;34295808;1397067776;0;0;0;0;0;0;0;0;0;0;0;3667;0;0;125;0;42;0;
28503;3026917;1198731264;34295808;1397067776;0;0;0;0;0;0;0;0;0;0;0;3757;0;0;125;0;42;0;
28504;5371664;1198731264;34295808;1397067776;0;0;0;0;0;0;0;0;0;0;0;2896;0;0;125;0;42;0;
28505;3123047;1198731264;34295808;1397067776;0;0;0;0;0;0;0;0;0;0;0;3145;0;0;125;0;42;0;
28506;5590865;1198731264;34295808;1397067776;0;0;0;0;0;0;0;0;0;0;0;3387;0;0;125;0;42;0;
28507;5525673;1198731264;34295808;1397067776;0;0;0;0;0;0;0;0;0;0;0;4969;0;0;125;0;42;0;
28508;5491900;1198731264;34295808;1397067776;0;0;0;0;0;0;0;0;0;0;0;4057;0;0;125;0;42;0;
28509;3056462;1198731264;34295808;1397067776;0;0;0;0;0;0;0;0;0;0;0;3686;0;0;125;0;42;0;
28510;5241640;1198731264;34295808;1397067776;0;0;0;0;0;0;0;0;0;0;0;3506;0;0;125;0;42;0;
28511;3478183;1198731264;34295808;1397067776;0;0;0;0;0;0;0;0;0;0;0;3386;0;0;125;0;42;0;
28512;8261604;1198731264;34295808;1397067776;0;0;0;0;0;0;0;0;0;0;0;3176;0;0;125;0;42;0;
28513;10175493;1198731264;34295808;1397067776;0;0;0;0;0;0;0;0;0;0;0;3918;0;0;125;0;42;0;
28514;5182338;1198731264;34295808;1397067776;0;0;0;0;0;0;0;0;0;0;0;3086;0;0;125;0;42;0;
28515;3924019;1198731264;34295808;1397067776;0;0;0;0;0;0;0;0;0;0;0;3697;0;0;125;0;42;0;
28516;5449009;1198731264;34295808;1397067776;0;0;0;0;0;0;0;0;0;0;0;3507;0;0;125;0;42;0;
28517;3612655;1198731264;34295808;1397067776;0;0;0;0;0;0;0;0;0;0;0;3456;0;0;125;0;42;0;
28518;5551561;1198731264;34295808;1397067776;0;0;0;0;0;0;0;0;0;0;0;3416;0;0;125;0;42;0;
28519;3518208;1198731264;34295808;1397067776;0;0;0;0;0;0;0;0;0;0;0;3367;0;0;125;0;42;0;
28520;5671847;1198731264;34295808;1397067776;0;0;0;0;0;0;0;0;0;0;0;3206;0;0;125;0;42;0;
28521;3574974;1198731264;34304000;1397075968;0;0;0;0;0;0;0;0;0;0;0;3847;0;0;125;0;42;0;
28522;5180114;1198731264;34304000;1397075968;0;0;0;0;0;0;0;0;0;0;0;2735;0;0;125;0;42;0;
28523;4067528;1198731264;34304000;1397075968;0;0;0;0;0;0;0;0;0;0;0;3286;0;0;125;0;42;0;
28524;5240378;1198731264;34304000;1397075968;0;0;0;0;0;0;0;0;0;0;0;3416;0;0;125;0;42;0;
28525;2661782;1198731264;34304000;1397075968;0;0;0;0;0;0;0;0;0;0;0;3166;0;0;125;0;42;0;
28526;5623506;1198731264;34304000;1397075968;0;0;0;0;0;0;0;0;0;0;0;4077;0;0;125;0;42;0;
28527;4484199;1198731264;34295808;1397067776;0;0;0;0;0;0;0;0;0;0;0;4678;0;0;125;0;42;0;
28528;6794172;1198731264;34295808;1397067776;0;0;0;0;0;0;0;0;0;0;0;5941;0;0;125;0;42;0;
28529;5331098;1198731264;34295808;1397067776;0;0;0;0;0;0;0;0;0;0;0;4258;0;0;125;0;42;0;
28530;5157693;1198731264;34295808;1397067776;0;0;0;0;0;0;0;0;0;0;0;2916;0;0;125;0;42;0;
28531;3897880;1198731264;34295808;1397067776;0;0;0;0;0;0;0;0;0;0;0;3907;0;0;125;0;42;0;
28532;5305309;1198731264;34295808;1397067776;0;0;0;0;0;0;0;0;0;0;0;3145;0;0;125;0;42;0;
28533;4580921;1198731264;34295808;1397067776;0;0;0;0;0;0;0;0;0;0;0;3887;0;0;125;0;42;0;
28534;5123890;1198731264;34295808;1397067776;0;0;0;0;0;0;0;0;0;0;0;3136;0;0;125;0;42;0;
28535;3854809;1198731264;34295808;1397067776;0;0;0;0;0;0;0;0;0;0;0;3396;0;0;125;0;42;0;
28536;4872778;1198731264;34295808;1397067776;0;0;0;0;0;0;0;0;0;0;0;3176;0;0;125;0;42;0;
28537;3975615;1198731264;34295808;1397067776;0;0;0;0;0;0;0;0;0;0;0;3626;0;0;125;0;42;0;
28538;5048768;1198731264;34295808;1397067776;0;0;0;0;0;0;0;0;0;0;0;2895;0;0;125;0;42;0;
28539;3768136;1198731264;34295808;1397067776;0;0;0;0;0;0;0;0;0;0;0;3216;0;0;125;0;42;0;
28540;4901833;1198731264;34295808;1397067776;0;0;0;0;0;0;0;0;0;0;0;2906;0;0;125;0;42;0;
28541;3787754;1198731264;34295808;1397067776;0;0;0;0;0;0;0;0;0;0;0;3547;0;0;125;0;42;0;
28542;5091488;1198731264;34295808;1397067776;0;0;0;0;0;0;0;0;0;0;0;3096;0;0;125;0;42;0;
28543;3943495;1198731264;34295808;1397067776;0;0;0;0;0;0;0;0;0;0;0;3777;0;0;125;0;42;0;
28544;4905660;1198731264;34295808;1397067776;0;0;0;0;0;0;0;0;0;0;0;3166;0;0;125;0;42;0;
28545;3657139;1198731264;34295808;1397067776;0;0;0;0;0;0;0;0;0;0;0;3236;0;0;125;0;42;0;
28546;5196926;1198731264;34295808;1397067776;0;0;0;0;0;0;0;0;0;0;0;3507;0;0;125;0;42;0;
28547;3545009;1198731264;34295808;1397067776;0;0;0;0;0;0;0;0;0;0;0;3957;0;0;125;0;42;0;
28548;5317261;1198731264;34295808;1397067776;0;0;0;0;0;0;0;0;0;0;0;4077;0;0;125;0;42;0;
28549;4050776;1198731264;34295808;1397067776;0;0;0;0;0;0;0;0;0;0;0;3367;0;0;125;0;42;0;
28550;5272558;1198731264;34295808;1397067776;0;0;0;0;0;0;0;0;0;0;0;2865;0;0;125;0;42;0;
28551;2866766;1198731264;34295808;1397067776;0;0;0;0;0;0;0;0;0;0;0;3567;0;0;125;0;42;0;
28552;6512904;1198731264;34295808;1397067776;0;0;0;0;0;0;0;0;0;0;0;6131;0;0;125;0;42;0;
28553;4724160;1198731264;34295808;1397067776;0;0;0;0;0;0;0;0;0;0;0;4398;0;0;125;0;42;0;
28554;5082151;1198731264;34295808;1397067776;0;0;0;0;0;0;0;0;0;0;0;3116;0;0;125;0;42;0;
28555;3677176;1198731264;34295808;1397067776;0;0;0;0;0;0;0;0;0;0;0;3557;0;0;125;0;42;0;
28556;5971479;1198731264;34295808;1397067776;0;0;0;0;0;0;0;0;0;0;0;3276;0;0;125;0;42;0;
28557;3483543;1198731264;34295808;1397067776;0;0;0;0;0;0;0;0;0;0;0;3978;0;0;125;0;42;0;
28558;5392132;1198731264;34295808;1397067776;0;0;0;0;0;0;0;0;0;0;0;2926;0;0;125;0;42;0;
28559;3492831;1198731264;34295808;1397067776;0;0;0;0;0;0;0;0;0;0;0;3466;0;0;125;0;42;0;
28560;5108651;1198731264;34295808;1397067776;0;0;0;0;0;0;0;0;0;0;0;3106;0;0;125;0;42;0;
28561;3401780;1198731264;34295808;1397067776;0;0;0;0;0;0;0;0;0;0;0;3477;0;0;125;0;42;0;
28562;4907684;1198731264;34295808;1397067776;0;0;0;0;0;0;0;0;0;0;0;2956;0;0;125;0;42;0;
28563;3658772;1198731264;34295808;1397067776;0;0;0;0;0;0;0;0;0;0;0;3176;0;0;125;0;42;0;
28564;5196906;1198731264;34295808;1397067776;0;0;0;0;0;0;0;0;0;0;0;2836;0;0;125;0;42;0;
28565;3454489;1198731264;34295808;1397067776;0;0;0;0;0;0;0;0;0;0;0;3346;0;0;125;0;42;0;
28566;5116415;1198731264;34295808;1397067776;0;0;0;0;0;0;0;0;0;0;0;2746;0;0;125;0;42;0;
28567;3832788;1198731264;34295808;1397067776;0;0;0;0;0;0;0;0;0;0;0;3346;0;0;125;0;42;0;
28568;5106016;1198731264;34295808;1397067776;0;0;0;0;0;0;0;0;0;0;0;2534;0;0;125;0;42;0;
28569;3462734;1198731264;34295808;1397067776;0;0;0;0;0;0;0;0;0;0;0;3506;0;0;125;0;42;0;
28570;5446284;1198731264;34295808;1397067776;0;0;0;0;0;0;0;0;0;0;0;3065;0;0;125;0;42;0;
28571;3659924;1198731264;34295808;1397067776;0;0;0;0;0;0;0;0;0;0;0;3476;0;0;125;0;42;0;
28572;4976713;1198731264;34295808;1397067776;0;0;0;0;0;0;0;0;0;0;0;3026;0;0;125;0;42;0;
28573;3579082;1198731264;34295808;1397067776;0;0;0;0;0;0;0;0;0;0;0;3086;0;0;125;0;42;0;
28574;5249014;1198731264;34295808;1397067776;0;0;0;0;0;0;0;0;0;0;0;3015;0;0;125;0;42;0;
28575;3553815;1198731264;34295808;1397067776;0;0;0;0;0;0;0;0;0;0;0;3246;0;0;125;0;42;0;
28576;5044280;1198731264;34295808;1397067776;0;0;0;0;0;0;0;0;0;0;0;2815;0;0;125;0;42;0;
28577;4519336;1198731264;34295808;1397067776;0;0;0;0;0;0;0;0;0;0;0;4388;0;0;125;0;42;0;
28578;5455432;1198731264;34295808;1397067776;0;0;0;0;0;0;0;0;0;0;0;3707;0;0;125;0;42;0;
28579;3852294;1198731264;34295808;1397067776;0;0;0;0;0;0;0;0;0;0;0;3517;0;0;125;0;42;0;
28580;5067403;1198731264;34295808;1397067776;0;0;0;0;0;0;0;0;0;0;0;3767;0;0;125;0;42;0;
28581;3627082;1198731264;34295808;1397067776;0;0;0;0;0;0;0;0;0;0;0;4548;0;0;125;0;42;0;
28582;5182379;1198731264;34295808;1397067776;0;0;0;0;0;0;0;0;0;0;0;3476;0;0;125;0;42;0;
28583;3915062;1198731264;34295808;1397067776;0;0;0;0;0;0;0;0;0;0;0;3737;0;0;125;0;42;0;
28584;4777540;1198731264;34295808;1397067776;0;0;0;0;0;0;0;0;0;0;0;4027;0;0;125;0;42;0;
28585;4355738;1198731264;34295808;1397067776;0;0;0;0;0;0;0;0;0;0;0;3437;0;0;125;0;42;0;
28586;5309307;1198731264;34295808;1397067776;0;0;0;0;0;0;0;0;0;0;0;2975;0;0;125;0;42;0;
28587;3785269;1198731264;34295808;1397067776;0;0;0;0;0;0;0;0;0;0;0;3947;0;0;125;0;42;0;
28588;5081109;1198731264;34295808;1397067776;0;0;0;0;0;0;0;0;0;0;0;3306;0;0;125;0;42;0;
28589;3776692;1198731264;34295808;1397067776;0;0;0;0;0;0;0;0;0;0;0;2976;0;0;125;0;42;0;
28590;5163233;1198731264;34295808;1397067776;0;0;0;0;0;0;0;0;0;0;0;3176;0;0;125;0;42;0;
28591;3654844;1198731264;34295808;1397067776;0;0;0;0;0;0;0;0;0;0;0;3527;0;0;125;0;42;0;
28592;4979448;1198731264;34295808;1397067776;0;0;0;0;0;0;0;0;0;0;0;3126;0;0;125;0;42;0;
28593;3643864;1198731264;34295808;1397067776;0;0;0;0;0;0;0;0;0;0;0;3496;0;0;125;0;42;0;
28594;5133487;1198731264;34295808;1397067776;0;0;0;0;0;0;0;0;0;0;0;2885;0;0;125;0;42;0;
28595;3045371;1198731264;34295808;1397067776;0;0;0;0;0;0;0;0;0;0;0;2765;0;0;125;0;42;0;
28596;5339003;1198731264;34295808;1397067776;0;0;0;0;0;0;0;0;0;0;0;3316;0;0;125;0;42;0;
28597;2859623;1198731264;34295808;1397067776;0;0;0;0;0;0;0;0;0;0;0;3747;0;0;125;0;42;0;
28598;5359391;1198731264;34295808;1397067776;0;0;0;0;0;0;0;0;0;0;0;3747;0;0;125;0;42;0;
28599;3903620;1198731264;34295808;1397067776;0;0;0;0;0;0;0;0;0;0;0;3416;0;0;125;0;42;0;
28600;5978072;1198731264;34295808;1397067776;0;0;0;0;0;0;0;0;0;0;0;6362;0;0;125;0;42;0;
28601;6124325;1198731264;34295808;1397067776;0;0;0;0;0;0;0;0;0;0;0;5461;0;0;125;0;42;0;
28602;6198524;1198731264;34295808;1397067776;0;0;0;0;0;0;0;0;0;0;0;4618;0;0;125;0;42;0;
28603;3421877;1198731264;34295808;1397067776;0;0;0;0;0;0;0;0;0;0;0;4017;0;0;125;0;42;0;
28604;5249835;1198731264;34295808;1397067776;0;0;0;0;0;0;0;0;0;0;0;4378;0;0;125;0;42;0;
28605;3852285;1198731264;34295808;1397067776;0;0;0;0;0;0;0;0;0;0;0;3637;0;0;125;0;42;0;
28606;4970181;1198731264;34295808;1397067776;0;0;0;0;0;0;0;0;0;0;0;3146;0;0;125;0;42;0;
28607;3419032;1198731264;34295808;1397067776;0;0;0;0;0;0;0;0;0;0;0;3587;0;0;125;0;42;0;
28608;6373423;1198731264;34295808;1397067776;0;0;0;0;0;0;0;0;0;0;0;3466;0;0;125;0;42;0;
28609;3626041;1198731264;34295808;1397067776;0;0;0;0;0;0;0;0;0;0;0;3517;0;0;125;0;42;0;
28610;5396470;1198731264;34295808;1397067776;0;0;0;0;0;0;0;0;0;0;0;3717;0;0;125;0;42;0;
28611;3637832;1198731264;34295808;1397067776;0;0;0;0;0;0;0;0;0;0;0;3567;0;0;125;0;42;0;
28612;5953785;1198731264;34295808;1397067776;0;0;0;0;0;0;0;0;0;0;0;3397;0;0;125;0;42;0;
28613;3182849;1198731264;34295808;1397067776;0;0;0;0;0;0;0;0;0;0;0;3096;0;0;125;0;42;0;
28614;5251950;1198731264;34295808;1397067776;0;0;0;0;0;0;0;0;0;0;0;3496;0;0;125;0;42;0;
28615;3747138;1198731264;34295808;1397067776;0;0;0;0;0;0;0;0;0;0;0;3586;0;0;125;0;42;0;
28616;5311682;1198731264;34295808;1397067776;0;0;0;0;0;0;0;0;0;0;0;3447;0;0;125;0;42;0;
28617;3415675;1198731264;34295808;1397067776;0;0;0;0;0;0;0;0;0;0;0;3397;0;0;125;0;42;0;
28618;4925708;1198731264;34295808;1397067776;0;0;0;0;0;0;0;0;0;0;0;3046;0;0;125;0;42;0;
28619;3245237;1198731264;34295808;1397067776;0;0;0;0;0;0;0;0;0;0;0;3317;0;0;125;0;42;0;
28620;5064097;1198731264;34295808;1397067776;0;0;0;0;0;0;0;0;0;0;0;2645;0;0;125;0;42;0;
28621;2931388;1198731264;34295808;1397067776;0;0;0;0;0;0;0;0;0;0;0;2936;0;0;125;0;42;0;
28622;5011148;1198731264;34295808;1397067776;0;0;0;0;0;0;0;0;0;0;0;2525;0;0;125;0;42;0;
28623;2803328;1198731264;34295808;1397067776;0;0;0;0;0;0;0;0;0;0;0;2815;0;0;125;0;42;0;
28624;4955834;1198731264;34295808;1397067776;0;0;0;0;0;0;0;0;0;0;0;2354;0;0;125;0;42;0;
28625;3628104;1198731264;34295808;1397067776;0;0;0;0;0;0;0;0;0;0;0;4177;0;0;125;0;42;0;
28626;5262208;1198731264;34295808;1397067776;0;0;0;0;0;0;0;0;0;0;0;3276;0;0;125;0;42;0;
28627;3744452;1198731264;34295808;1397067776;0;0;0;0;0;0;0;0;0;0;0;3186;0;0;125;0;42;0;
28628;5034021;1198731264;34295808;1397067776;0;0;0;0;0;0;0;0;0;0;0;2565;0;0;125;0;42;0;
28629;3036024;1198731264;34295808;1397067776;0;0;0;0;0;0;0;0;0;0;0;2615;0;0;125;0;42;0;
28630;4987323;1198731264;34295808;1397067776;0;0;0;0;0;0;0;0;0;0;0;2604;0;0;125;0;42;0;
28631;2928172;1198731264;34295808;1397067776;0;0;0;0;0;0;0;0;0;0;0;3106;0;0;125;0;42;0;
28632;4685206;1198731264;34295808;1397067776;0;0;0;0;0;0;0;0;0;0;0;2655;0;0;125;0;42;0;
28633;3078243;1198731264;34295808;1397067776;0;0;0;0;0;0;0;0;0;0;0;2605;0;0;125;0;42;0;
28634;4728237;1198731264;34295808;1397067776;0;0;0;0;0;0;0;0;0;0;0;2244;0;0;125;0;42;0;
28635;3189822;1198731264;34295808;1397067776;0;0;0;0;0;0;0;0;0;0;0;3166;0;0;125;0;42;0;
28636;4745360;1198731264;34295808;1397067776;0;0;0;0;0;0;0;0;0;0;0;2334;0;0;125;0;42;0;
28637;2946345;1198731264;34295808;1397067776;0;0;0;0;0;0;0;0;0;0;0;2735;0;0;125;0;42;0;
28638;5019243;1198731264;34295808;1397067776;0;0;0;0;0;0;0;0;0;0;0;2635;0;0;125;0;42;0;
28639;3080237;1198731264;34295808;1397067776;0;0;0;0;0;0;0;0;0;0;0;2815;0;0;125;0;42;0;
28640;4864703;1198731264;34295808;1397067776;0;0;0;0;0;0;0;0;0;0;0;2404;0;0;125;0;42;0;
28641;2509516;1198731264;34295808;1397067776;0;0;0;0;0;0;0;0;0;0;0;3036;0;0;125;0;42;0;
28642;4746411;1198731264;34295808;1397067776;0;0;0;0;0;0;0;0;0;0;0;2484;0;0;125;0;42;0;
28643;3695631;1198731264;34295808;1397067776;0;0;0;0;0;0;0;0;0;0;0;3076;0;0;125;0;42;0;
28644;4975622;1198731264;34295808;1397067776;0;0;0;0;0;0;0;0;0;0;0;2475;0;0;125;0;42;0;
28645;2968427;1198731264;34295808;1397067776;0;0;0;0;0;0;0;0;0;0;0;3236;0;0;125;0;42;0;
28646;5294008;1198731264;34295808;1397067776;0;0;0;0;0;0;0;0;0;0;0;2554;0;0;125;0;42;0;
28647;3191405;1198731264;34295808;1397067776;0;0;0;0;0;0;0;0;0;0;0;2675;0;0;125;0;42;0;
28648;4911921;1198731264;34295808;1397067776;0;0;0;0;0;0;0;0;0;0;0;2706;0;0;125;0;42;0;
28649;2595498;1198731264;34295808;1397067776;0;0;0;0;0;0;0;0;0;0;0;2986;0;0;125;0;42;0;
28650;4782308;1198731264;34295808;1397067776;0;0;0;0;0;0;0;0;0;0;0;2595;0;0;125;0;42;0;
28651;3313154;1198731264;34295808;1397067776;0;0;0;0;0;0;0;0;0;0;0;3517;0;0;125;0;42;0;
28652;5640267;1198731264;34295808;1397067776;0;0;0;0;0;0;0;0;0;0;0;3367;0;0;125;0;42;0;
28653;4453452;1198731264;34295808;1397067776;0;0;0;0;0;0;0;0;0;0;0;4078;0;0;125;0;42;0;
28654;5085998;1198731264;34295808;1397067776;0;0;0;0;0;0;0;0;0;0;0;2595;0;0;125;0;42;0;
28655;2737414;1198731264;34295808;1397067776;0;0;0;0;0;0;0;0;0;0;0;2695;0;0;125;0;42;0;
28656;4894609;1198731264;34295808;1397067776;0;0;0;0;0;0;0;0;0;0;0;2585;0;0;125;0;42;0;
28657;2959921;1198731264;34295808;1397067776;0;0;0;0;0;0;0;0;0;0;0;2956;0;0;125;0;42;0;
28658;4851609;1198731264;34295808;1397067776;0;0;0;0;0;0;0;0;0;0;0;2485;0;0;125;0;42;0;
28659;3581297;1198731264;34295808;1397067776;0;0;0;0;0;0;0;0;0;0;0;3075;0;0;125;0;42;0;
28660;4793028;1198731264;34295808;1397067776;0;0;0;0;0;0;0;0;0;0;0;2394;0;0;125;0;42;0;
28661;2970531;1198731264;34295808;1397067776;0;0;0;0;0;0;0;0;0;0;0;2925;0;0;125;0;42;0;
28662;4848252;1198731264;34295808;1397067776;0;0;0;0;0;0;0;0;0;0;0;2535;0;0;125;0;42;0;
28663;2755137;1198731264;34295808;1397067776;0;0;0;0;0;0;0;0;0;0;0;2625;0;0;125;0;42;0;
28664;5340696;1198731264;34295808;1397067776;0;0;0;0;0;0;0;0;0;0;0;2725;0;0;125;0;42;0;
28665;3053556;1198731264;34295808;1397067776;0;0;0;0;0;0;0;0;0;0;0;3016;0;0;125;0;42;0;
28666;4974549;1198731264;34295808;1397067776;0;0;0;0;0;0;0;0;0;0;0;2475;0;0;125;0;42;0;
28667;3242662;1198731264;34295808;1397067776;0;0;0;0;0;0;0;0;0;0;0;2835;0;0;125;0;42;0;
28668;4929865;1198731264;34295808;1397067776;0;0;0;0;0;0;0;0;0;0;0;2615;0;0;125;0;42;0;
28669;2902894;1198731264;34295808;1397067776;0;0;0;0;0;0;0;0;0;0;0;2645;0;0;125;0;42;0;
28670;4631225;1198731264;34295808;1397067776;0;0;0;0;0;0;0;0;0;0;0;2375;0;0;125;0;42;0;
28671;2706926;1198731264;34295808;1397067776;0;0;0;0;0;0;0;0;0;0;0;3226;0;0;125;0;42;0;
28672;4856067;1198731264;34295808;1397067776;0;0;0;0;0;0;0;0;0;0;0;2615;0;0;125;0;42;0;
28673;3646448;1198731264;34295808;1397067776;0;0;0;0;0;0;0;0;0;0;0;3207;0;0;125;0;42;0;
28674;4817034;1198731264;34295808;1397067776;0;0;0;0;0;0;0;0;0;0;0;2534;0;0;125;0;42;0;
28675;2803648;1198731264;34295808;1397067776;0;0;0;0;0;0;0;0;0;0;0;3116;0;0;125;0;42;0;
28676;5101868;1198731264;34295808;1397067776;0;0;0;0;0;0;0;0;0;0;0;2956;0;0;125;0;42;0;
28677;3135480;1198731264;34295808;1397067776;0;0;0;0;0;0;0;0;0;0;0;3256;0;0;125;0;42;0;
28678;4566695;1198731264;34295808;1397067776;0;0;0;0;0;0;0;0;0;0;0;2846;0;0;125;0;42;0;
28679;3575836;1198731264;34295808;1397067776;0;0;0;0;0;0;0;0;0;0;0;3707;0;0;125;0;42;0;
28680;4975982;1198731264;34295808;1397067776;0;0;0;0;0;0;0;0;0;0;0;3627;0;0;125;0;42;0;
28681;3936452;1198731264;34295808;1397067776;0;0;0;0;0;0;0;0;0;0;0;3476;0;0;125;0;42;0;
28682;4663747;1198731264;34295808;1397067776;0;0;0;0;0;0;0;0;0;0;0;3085;0;0;125;0;42;0;
28683;3101858;1198731264;34295808;1397067776;0;0;0;0;0;0;0;0;0;0;0;3106;0;0;125;0;42;0;
28684;5334024;1198731264;34295808;1397067776;0;0;0;0;0;0;0;0;0;0;0;2695;0;0;125;0;42;0;
28685;2693431;1198731264;34295808;1397067776;0;0;0;0;0;0;0;0;0;0;0;3476;0;0;125;0;42;0;
28686;4874111;1198731264;34295808;1397067776;0;0;0;0;0;0;0;0;0;0;0;2836;0;0;125;0;42;0;
28687;2599265;1198731264;34295808;1397067776;0;0;0;0;0;0;0;0;0;0;0;2936;0;0;125;0;42;0;
28688;5521195;1198731264;34295808;1397067776;0;0;0;0;0;0;0;0;0;0;0;2745;0;0;125;0;42;0;
28689;3485677;1198731264;34295808;1397067776;0;0;0;0;0;0;0;0;0;0;0;3026;0;0;125;0;42;0;
28690;5077352;1198731264;34295808;1397067776;0;0;0;0;0;0;0;0;0;0;0;2735;0;0;125;0;42;0;
28691;3410897;1198731264;34295808;1397067776;0;0;0;0;0;0;0;0;0;0;0;3336;0;0;125;0;42;0;
28692;5441786;1198731264;34295808;1397067776;0;0;0;0;0;0;0;0;0;0;0;2775;0;0;125;0;42;0;
28693;3663661;1198731264;34295808;1397067776;0;0;0;0;0;0;0;0;0;0;0;3707;0;0;125;0;42;0;
28694;5425054;1198731264;34295808;1397067776;0;0;0;0;0;0;0;0;0;0;0;2745;0;0;125;0;42;0;
28695;3575165;1198731264;34295808;1397067776;0;0;0;0;0;0;0;0;0;0;0;3286;0;0;125;0;42;0;
28696;5049620;1198731264;34295808;1397067776;0;0;0;0;0;0;0;0;0;0;0;2905;0;0;125;0;42;0;
28697;3717401;1198731264;34295808;1397067776;0;0;0;0;0;0;0;0;0;0;0;3115;0;0;125;0;42;0;
28698;5172390;1198731264;34295808;1397067776;0;0;0;0;0;0;0;0;0;0;0;2986;0;0;125;0;42;0;
28699;3648332;1198731264;34295808;1397067776;0;0;0;0;0;0;0;0;0;0;0;3527;0;0;125;0;42;0;
28700;5176318;1198731264;34295808;1397067776;0;0;0;0;0;0;0;0;0;0;0;2715;0;0;125;0;42;0;
28701;3655826;1198731264;34295808;1397067776;0;0;0;0;0;0;0;0;0;0;0;3597;0;0;125;0;42;0;
28702;4845698;1198731264;34295808;1397067776;0;0;0;0;0;0;0;0;0;0;0;2665;0;0;125;0;42;0;
28703;3643112;1198731264;34295808;1397067776;0;0;0;0;0;0;0;0;0;0;0;3387;0;0;125;0;42;0;
28704;5520223;1198731264;34295808;1397067776;0;0;0;0;0;0;0;0;0;0;0;3307;0;0;125;0;42;0;
28705;5928759;1198731264;34295808;1397067776;0;0;0;0;0;0;0;0;0;0;0;6091;0;0;125;0;42;0;
28706;5512528;1198731264;34295808;1397067776;0;0;0;0;0;0;0;0;0;0;0;3677;0;0;125;0;42;0;
28707;4077928;1198731264;34295808;1397067776;0;0;0;0;0;0;0;0;0;0;0;3426;0;0;125;0;42;0;
28708;4980150;1198731264;34295808;1397067776;0;0;0;0;0;0;0;0;0;0;0;2815;0;0;125;0;42;0;
28709;3845982;1198731264;34295808;1397067776;0;0;0;0;0;0;0;0;0;0;0;3557;0;0;125;0;42;0;
28710;5298116;1198731264;34295808;1397067776;0;0;0;0;0;0;0;0;0;0;0;3156;0;0;125;0;42;0;
28711;3783485;1198731264;34295808;1397067776;0;0;0;0;0;0;0;0;0;0;0;3777;0;0;125;0;42;0;
28712;5381682;1198731264;34295808;1397067776;0;0;0;0;0;0;0;0;0;0;0;3917;0;0;125;0;42;0;
28713;3741257;1198731264;34295808;1397067776;0;0;0;0;0;0;0;0;0;0;0;3857;0;0;125;0;42;0;
28714;5363459;1198731264;34295808;1397067776;0;0;0;0;0;0;0;0;0;0;0;2705;0;0;125;0;42;0;
28715;3151020;1198731264;34295808;1397067776;0;0;0;0;0;0;0;0;0;0;0;3486;0;0;125;0;42;0;
28716;5272237;1198731264;34295808;1397067776;0;0;0;0;0;0;0;0;0;0;0;3437;0;0;125;0;42;0;
28717;3589501;1198731264;34295808;1397067776;0;0;0;0;0;0;0;0;0;0;0;3928;0;0;125;0;42;0;
28718;5338402;1198731264;34295808;1397067776;0;0;0;0;0;0;0;0;0;0;0;2715;0;0;125;0;42;0;
28719;3777174;1198731264;34295808;1397067776;0;0;0;0;0;0;0;0;0;0;0;3667;0;0;125;0;42;0;
28720;4965472;1198731264;34295808;1397067776;0;0;0;0;0;0;0;0;0;0;0;2846;0;0;125;0;42;0;
28721;4595989;1198731264;34295808;1397067776;0;0;0;0;0;0;0;0;0;0;0;5320;0;0;125;0;42;0;
28722;5761024;1198731264;34295808;1397067776;0;0;0;0;0;0;0;0;0;0;0;3917;0;0;125;0;42;0;
28723;4838013;1198731264;34295808;1397067776;0;0;0;0;0;0;0;0;0;0;0;4408;0;0;125;0;42;0;
28724;5450382;1198731264;34295808;1397067776;0;0;0;0;0;0;0;0;0;0;0;3586;0;0;125;0;42;0;
28725;4977795;1198731264;34295808;1397067776;0;0;0;0;0;0;0;0;0;0;0;4408;0;0;125;0;42;0;
28726;5634116;1198731264;34295808;1397067776;0;0;0;0;0;0;0;0;0;0;0;4509;0;0;125;0;42;0;
28727;4704923;1198731264;34295808;1397067776;0;0;0;0;0;0;0;0;0;0;0;4648;0;0;125;0;42;0;
28728;6772110;1198731264;34295808;1397067776;0;0;0;0;0;0;0;0;0;0;0;6612;0;0;125;0;42;0;
28729;7279522;1198731264;34295808;1397067776;0;0;0;0;0;0;0;0;0;0;0;6913;0;0;125;0;42;0;
28730;6642166;1198731264;34295808;1397067776;0;0;0;0;0;0;0;0;0;0;0;4809;0;0;125;0;42;0;
28731;5380010;1198731264;34295808;1397067776;0;0;0;0;0;0;0;0;0;0;0;3958;0;0;125;0;42;0;
28732;5049099;1198731264;34295808;1397067776;0;0;0;0;0;0;0;0;0;0;0;3266;0;0;125;0;42;0;
28733;3257719;1198731264;34295808;1397067776;0;0;0;0;0;0;0;0;0;0;0;3677;0;0;125;0;42;0;
28734;11418605;1198731264;34295808;1397067776;0;0;0;0;0;0;0;0;0;0;0;3606;0;0;125;0;42;0;
28735;6875584;1198731264;34295808;1397067776;0;0;0;0;0;0;0;0;0;0;0;3487;0;0;125;0;42;0;
28736;5858217;1198731264;34295808;1397067776;0;0;0;0;0;0;0;0;0;0;0;4028;0;0;125;0;42;0;
28737;3981867;1198731264;34295808;1397067776;0;0;0;0;0;0;0;0;0;0;0;2956;0;0;125;0;42;0;
28738;5025004;1198731264;34295808;1397067776;0;0;0;0;0;0;0;0;0;0;0;2635;0;0;125;0;42;0;
28739;3897109;1198731264;34295808;1397067776;0;0;0;0;0;0;0;0;0;0;0;3145;0;0;125;0;42;0;
28740;5297785;1198731264;34295808;1397067776;0;0;0;0;0;0;0;0;0;0;0;3216;0;0;125;0;42;0;
28741;3535030;1198731264;34295808;1397067776;0;0;0;0;0;0;0;0;0;0;0;3897;0;0;125;0;42;0;
28742;5420286;1198731264;34295808;1397067776;0;0;0;0;0;0;0;0;0;0;0;4538;0;0;125;0;42;0;
28743;3772625;1198731264;34295808;1397067776;0;0;0;0;0;0;0;0;0;0;0;2705;0;0;125;0;42;0;
28744;5157232;1198731264;34295808;1397067776;0;0;0;0;0;0;0;0;0;0;0;3286;0;0;125;0;42;0;
28745;2676189;1198731264;34295808;1397067776;0;0;0;0;0;0;0;0;0;0;0;3356;0;0;125;0;42;0;
28746;5626752;1198731264;34295808;1397067776;0;0;0;0;0;0;0;0;0;0;0;3357;0;0;125;0;42;0;
28747;3597687;1198731264;34295808;1397067776;0;0;0;0;0;0;0;0;0;0;0;4298;0;0;125;0;42;0;
28748;5215421;1198731264;34295808;1397067776;0;0;0;0;0;0;0;0;0;0;0;4158;0;0;125;0;42;0;
28749;3759540;1198731264;34295808;1397067776;0;0;0;0;0;0;0;0;0;0;0;3326;0;0;125;0;42;0;
28750;5936704;1198731264;34295808;1397067776;0;0;0;0;0;0;0;0;0;0;0;7263;0;0;125;0;42;0;
28751;5015546;1198731264;34295808;1397067776;0;0;0;0;0;0;0;0;0;0;0;3656;0;0;125;0;42;0;
28752;4970561;1198731264;34295808;1397067776;0;0;0;0;0;0;0;0;0;0;0;2615;0;0;125;0;42;0;
28753;3484846;1198731264;34295808;1397067776;0;0;0;0;0;0;0;0;0;0;0;4048;0;0;125;0;42;0;
28754;5357738;1198731264;34295808;1397067776;0;0;0;0;0;0;0;0;0;0;0;3136;0;0;125;0;42;0;
28755;4425740;1198731264;34295808;1397067776;0;0;0;0;0;0;0;0;0;0;0;3266;0;0;125;0;42;0;
28756;5389037;1198731264;34295808;1397067776;0;0;0;0;0;0;0;0;0;0;0;3948;0;0;125;0;42;0;
28757;3929138;1198731264;34295808;1397067776;0;0;0;0;0;0;0;0;0;0;0;3616;0;0;125;0;42;0;
28758;5247000;1198731264;34295808;1397067776;0;0;0;0;0;0;0;0;0;0;0;2795;0;0;125;0;42;0;
28759;3429282;1198731264;34295808;1397067776;0;0;0;0;0;0;0;0;0;0;0;3697;0;0;125;0;42;0;
28760;5188640;1198731264;34295808;1397067776;0;0;0;0;0;0;0;0;0;0;0;3606;0;0;125;0;42;0;
28761;3799395;1198731264;34295808;1397067776;0;0;0;0;0;0;0;0;0;0;0;3326;0;0;125;0;42;0;
28762;4961425;1198731264;34295808;1397067776;0;0;0;0;0;0;0;0;0;0;0;2936;0;0;125;0;42;0;
28763;3814464;1198731264;34295808;1397067776;0;0;0;0;0;0;0;0;0;0;0;4759;0;0;125;0;42;0;
28764;5478805;1198731264;34295808;1397067776;0;0;0;0;0;0;0;0;0;0;0;2955;0;0;125;0;42;0;
28765;3694138;1198731264;34295808;1397067776;0;0;0;0;0;0;0;0;0;0;0;4158;0;0;125;0;42;0;
28766;5105685;1198731264;34295808;1397067776;0;0;0;0;0;0;0;0;0;0;0;2975;0;0;125;0;42;0;
28767;5247631;1198731264;34295808;1397067776;0;0;0;0;0;0;0;0;0;0;0;4358;0;0;125;0;42;0;
28768;5974945;1198731264;34295808;1397067776;0;0;0;0;0;0;0;0;0;0;0;4689;0;0;125;0;42;0;
28769;4706807;1198731264;34295808;1397067776;0;0;0;0;0;0;0;0;0;0;0;4549;0;0;125;0;42;0;
28770;5406399;1198731264;34295808;1397067776;0;0;0;0;0;0;0;0;0;0;0;3447;0;0;125;0;42;0;
28771;4074161;1198731264;34295808;1397067776;0;0;0;0;0;0;0;0;0;0;0;3566;0;0;125;0;42;0;
28772;5488032;1198731264;34295808;1397067776;0;0;0;0;0;0;0;0;0;0;0;3446;0;0;125;0;42;0;
28773;5164565;1198731264;34295808;1397067776;0;0;0;0;0;0;0;0;0;0;0;5720;0;0;125;0;42;0;
28774;6363785;1198731264;34295808;1397067776;0;0;0;0;0;0;0;0;0;0;0;4138;0;0;125;0;42;0;
28775;3101356;1198731264;34295808;1397067776;0;0;0;0;0;0;0;0;0;0;0;2915;0;0;125;0;42;0;
28776;5314326;1198731264;34295808;1397067776;0;0;0;0;0;0;0;0;0;0;0;2735;0;0;125;0;42;0;
28777;3807821;1198731264;34295808;1397067776;0;0;0;0;0;0;0;0;0;0;0;4328;0;0;125;0;42;0;
28778;5277207;1198731264;34295808;1397067776;0;0;0;0;0;0;0;0;0;0;0;3617;0;0;125;0;42;0;
28779;3842206;1198731264;34295808;1397067776;0;0;0;0;0;0;0;0;0;0;0;2896;0;0;125;0;42;0;
28780;5155528;1198731264;34295808;1397067776;0;0;0;0;0;0;0;0;0;0;0;2394;0;0;125;0;42;0;
28781;3268460;1198731264;34295808;1397067776;0;0;0;0;0;0;0;0;0;0;0;3075;0;0;125;0;42;0;
28782;4870283;1198731264;34295808;1397067776;0;0;0;0;0;0;0;0;0;0;0;2224;0;0;125;0;42;0;
28783;2340349;1198731264;34295808;1397067776;0;0;0;0;0;0;0;0;0;0;0;2565;0;0;125;0;42;0;
28784;4926870;1198731264;34295808;1397067776;0;0;0;0;0;0;0;0;0;0;0;2555;0;0;125;0;42;0;
28785;4812886;1198731264;34295808;1397067776;0;0;0;0;0;0;0;0;0;0;0;3176;0;0;125;0;42;0;
28786;5339323;1198731264;34295808;1397067776;0;0;0;0;0;0;0;0;0;0;0;3576;0;0;125;0;42;0;
28787;4328588;1198731264;34295808;1397067776;0;0;0;0;0;0;0;0;0;0;0;4078;0;0;125;0;42;0;
28788;5306983;1198731264;34295808;1397067776;0;0;0;0;0;0;0;0;0;0;0;3346;0;0;125;0;42;0;
28789;3530742;1198731264;34295808;1397067776;0;0;0;0;0;0;0;0;0;0;0;2765;0;0;125;0;42;0;
28790;4882777;1198731264;34295808;1397067776;0;0;0;0;0;0;0;0;0;0;0;2615;0;0;125;0;42;0;
28791;2920017;1198731264;34295808;1397067776;0;0;0;0;0;0;0;0;0;0;0;3015;0;0;125;0;42;0;
28792;4876375;1198731264;34295808;1397067776;0;0;0;0;0;0;0;0;0;0;0;2725;0;0;125;0;42;0;
28793;3110152;1198731264;34295808;1397067776;0;0;0;0;0;0;0;0;0;0;0;3076;0;0;125;0;42;0;
28794;4868681;1198731264;34295808;1397067776;0;0;0;0;0;0;0;0;0;0;0;2605;0;0;125;0;42;0;
28795;2954000;1198731264;34295808;1397067776;0;0;0;0;0;0;0;0;0;0;0;2685;0;0;125;0;42;0;
28796;4915959;1198731264;34295808;1397067776;0;0;0;0;0;0;0;0;0;0;0;2625;0;0;125;0;42;0;
28797;3968061;1198731264;34295808;1397067776;0;0;0;0;0;0;0;0;0;0;0;4548;0;0;125;0;42;0;
28798;6862550;1198731264;34295808;1397067776;0;0;0;0;0;0;0;0;0;0;0;4208;0;0;125;0;42;0;
28799;5548776;1198731264;34295808;1397067776;0;0;0;0;0;0;0;0;0;0;0;6091;0;0;125;0;42;0;
28800;6253948;1198731264;34295808;1397067776;0;0;0;0;0;0;0;0;0;0;0;5149;0;0;125;0;42;0;
28801;3106246;1198731264;34295808;1397067776;0;0;0;0;0;0;0;0;0;0;0;3136;0;0;125;0;42;0;
28802;4866727;1198731264;34295808;1397067776;0;0;0;0;0;0;0;0;0;0;0;2775;0;0;125;0;42;0;
28803;2391294;1198731264;34295808;1397067776;0;0;0;0;0;0;0;0;0;0;0;3406;0;0;125;0;42;0;
28804;4890562;1198731264;34295808;1397067776;0;0;0;0;0;0;0;0;0;0;0;2685;0;0;125;0;42;0;
28805;2265158;1198731264;34295808;1397067776;0;0;0;0;0;0;0;0;0;0;0;2755;0;0;125;0;42;0;
28806;5084536;1198731264;34295808;1397067776;0;0;0;0;0;0;0;0;0;0;0;2395;0;0;125;0;42;0;
28807;2812614;1198731264;34295808;1397067776;0;0;0;0;0;0;0;0;0;0;0;3226;0;0;125;0;42;0;
28808;4801305;1198731264;34295808;1397067776;0;0;0;0;0;0;0;0;0;0;0;2495;0;0;125;0;42;0;
28809;3536592;1198731264;34295808;1397067776;0;0;0;0;0;0;0;0;0;0;0;3386;0;0;125;0;42;0;
28810;4986852;1198731264;34295808;1397067776;0;0;0;0;0;0;0;0;0;0;0;2495;0;0;125;0;42;0;
28811;2704201;1198731264;34295808;1397067776;0;0;0;0;0;0;0;0;0;0;0;2785;0;0;125;0;42;0;
28812;4845598;1198731264;34295808;1397067776;0;0;0;0;0;0;0;0;0;0;0;2755;0;0;125;0;42;0;
28813;2719440;1198731264;34295808;1397067776;0;0;0;0;0;0;0;0;0;0;0;2865;0;0;125;0;42;0;
28814;4975471;1198731264;34295808;1397067776;0;0;0;0;0;0;0;0;0;0;0;2655;0;0;125;0;42;0;
28815;3052234;1198731264;34295808;1397067776;0;0;0;0;0;0;0;0;0;0;0;2545;0;0;125;0;42;0;
28816;5423261;1198731264;34295808;1397067776;0;0;0;0;0;0;0;0;0;0;0;3056;0;0;125;0;42;0;
28817;2369944;1198731264;34295808;1397067776;0;0;0;0;0;0;0;0;0;0;0;3516;0;0;125;0;42;0;
28818;4878850;1198731264;34295808;1397067776;0;0;0;0;0;0;0;0;0;0;0;2564;0;0;125;0;42;0;
28819;2783571;1198731264;34295808;1397067776;0;0;0;0;0;0;0;0;0;0;0;3025;0;0;125;0;42;0;
28820;4804060;1198731264;34295808;1397067776;0;0;0;0;0;0;0;0;0;0;0;2755;0;0;125;0;42;0;
28821;3404826;1198731264;34295808;1397067776;0;0;0;0;0;0;0;0;0;0;0;2976;0;0;125;0;42;0;
28822;4876435;1198731264;34295808;1397067776;0;0;0;0;0;0;0;0;0;0;0;2545;0;0;125;0;42;0;
28823;3104873;1198731264;34295808;1397067776;0;0;0;0;0;0;0;0;0;0;0;3095;0;0;125;0;42;0;
28824;4984167;1198731264;34295808;1397067776;0;0;0;0;0;0;0;0;0;0;0;2926;0;0;125;0;42;0;
28825;2944152;1198731264;34295808;1397067776;0;0;0;0;0;0;0;0;0;0;0;3046;0;0;125;0;42;0;
28826;5424934;1198731264;34295808;1397067776;0;0;0;0;0;0;0;0;0;0;0;3757;0;0;125;0;42;0;
28827;3972369;1198731264;34295808;1397067776;0;0;0;0;0;0;0;0;0;0;0;4138;0;0;125;0;42;0;
28828;5817680;1198731264;34295808;1397067776;0;0;0;0;0;0;0;0;0;0;0;2976;0;0;125;0;42;0;
28829;2383530;1198731264;34295808;1397067776;0;0;0;0;0;0;0;0;0;0;0;2605;0;0;125;0;42;0;
28830;5406950;1198731264;34295808;1397067776;0;0;0;0;0;0;0;0;0;0;0;2655;0;0;125;0;42;0;
28831;3887601;1198731264;34295808;1397067776;0;0;0;0;0;0;0;0;0;0;0;4068;0;0;125;0;42;0;
28832;5435644;1198731264;34295808;1397067776;0;0;0;0;0;0;0;0;0;0;0;3868;0;0;125;0;42;0;
28833;4381427;1198731264;34295808;1397067776;0;0;0;0;0;0;0;0;0;0;0;3837;0;0;125;0;42;0;
28834;5557853;1198731264;34295808;1397067776;0;0;0;0;0;0;0;0;0;0;0;3647;0;0;125;0;42;0;
28835;3269451;1198731264;34295808;1397067776;0;0;0;0;0;0;0;0;0;0;0;2875;0;0;125;0;42;0;
28836;5121575;1198731264;34295808;1397067776;0;0;0;0;0;0;0;0;0;0;0;3136;0;0;125;0;42;0;
28837;3973582;1198731264;34295808;1397067776;0;0;0;0;0;0;0;0;0;0;0;3517;0;0;125;0;42;0;
28838;5195062;1198731264;34295808;1397067776;0;0;0;0;0;0;0;0;0;0;0;3076;0;0;125;0;42;0;
28839;3424252;1198731264;34295808;1397067776;0;0;0;0;0;0;0;0;0;0;0;2695;0;0;125;0;42;0;
28840;4949332;1198731264;34295808;1397067776;0;0;0;0;0;0;0;0;0;0;0;3106;0;0;125;0;42;0;
28841;3334313;1198731264;34295808;1397067776;0;0;0;0;0;0;0;0;0;0;0;2825;0;0;125;0;42;0;
28842;5082732;1198731264;34295808;1397067776;0;0;0;0;0;0;0;0;0;0;0;2875;0;0;125;0;42;0;
28843;2811493;1198731264;34295808;1397067776;0;0;0;0;0;0;0;0;0;0;0;3576;0;0;125;0;42;0;
28844;5550039;1198731264;34295808;1397067776;0;0;0;0;0;0;0;0;0;0;0;2905;0;0;125;0;42;0;
28845;4666892;1198731264;34295808;1397067776;0;0;0;0;0;0;0;0;0;0;0;4037;0;0;125;0;42;0;
28846;5727922;1198731264;34295808;1397067776;0;0;0;0;0;0;0;0;0;0;0;3516;0;0;125;0;42;0;
28847;3760712;1198731264;34295808;1397067776;0;0;0;0;0;0;0;0;0;0;0;3717;0;0;125;0;42;0;
28848;5444741;1198731264;34295808;1397067776;0;0;0;0;0;0;0;0;0;0;0;3888;0;0;125;0;42;0;
28849;4600779;1198731264;34295808;1397067776;0;0;0;0;0;0;0;0;0;0;0;3747;0;0;125;0;42;0;
28850;5020035;1198731264;34295808;1397067776;0;0;0;0;0;0;0;0;0;0;0;2996;0;0;125;0;42;0;
28851;4130897;1198731264;34295808;1397067776;0;0;0;0;0;0;0;0;0;0;0;4779;0;0;125;0;42;0;
28852;5700791;1198731264;34295808;1397067776;0;0;0;0;0;0;0;0;0;0;0;4789;0;0;125;0;42;0;
28853;4204505;1198731264;34295808;1397067776;0;0;0;0;0;0;0;0;0;0;0;4789;0;0;125;0;42;0;
28854;5947243;1198731264;34295808;1397067776;0;0;0;0;0;0;0;0;0;0;0;4819;0;0;125;0;42;0;
28855;3698496;1198731264;34295808;1397067776;0;0;0;0;0;0;0;0;0;0;0;2986;0;0;125;0;42;0;
28856;5202848;1198731264;34295808;1397067776;0;0;0;0;0;0;0;0;0;0;0;2745;0;0;125;0;42;0;
28857;3136101;1198731264;34295808;1397067776;0;0;0;0;0;0;0;0;0;0;0;2855;0;0;125;0;42;0;
28858;5182179;1198731264;34295808;1397067776;0;0;0;0;0;0;0;0;0;0;0;2515;0;0;125;0;42;0;
28859;3469778;1198731264;34295808;1397067776;0;0;0;0;0;0;0;0;0;0;0;3006;0;0;125;0;42;0;
28860;4728989;1198731264;34295808;1397067776;0;0;0;0;0;0;0;0;0;0;0;3506;0;0;125;0;42;0;
28861;2725481;1198731264;34295808;1397067776;0;0;0;0;0;0;0;0;0;0;0;2845;0;0;125;0;42;0;
28862;5255225;1198731264;34295808;1397067776;0;0;0;0;0;0;0;0;0;0;0;2605;0;0;125;0;42;0;
28863;3359931;1198731264;34295808;1397067776;0;0;0;0;0;0;0;0;0;0;0;2916;0;0;125;0;42;0;
28864;5017279;1198731264;34295808;1397067776;0;0;0;0;0;0;0;0;0;0;0;3166;0;0;125;0;42;0;
28865;2844505;1198731264;34295808;1397067776;0;0;0;0;0;0;0;0;0;0;0;3156;0;0;125;0;42;0;
28866;5649145;1198731264;34295808;1397067776;0;0;0;0;0;0;0;0;0;0;0;2595;0;0;125;0;42;0;
28867;3154656;1198731264;34295808;1397067776;0;0;0;0;0;0;0;0;0;0;0;2605;0;0;125;0;42;0;
28868;4950915;1198731264;34295808;1397067776;0;0;0;0;0;0;0;0;0;0;0;2785;0;0;125;0;42;0;
28869;3099753;1198731264;34295808;1397067776;0;0;0;0;0;0;0;0;0;0;0;3286;0;0;125;0;42;0;
28870;5524451;1198731264;34295808;1397067776;0;0;0;0;0;0;0;0;0;0;0;2845;0;0;125;0;42;0;
28871;4064983;1198731264;34295808;1397067776;0;0;0;0;0;0;0;0;0;0;0;3326;0;0;125;0;42;0;
28872;5101547;1198731264;34295808;1397067776;0;0;0;0;0;0;0;0;0;0;0;3086;0;0;125;0;42;0;
28873;3434160;1198731264;34295808;1397067776;0;0;0;0;0;0;0;0;0;0;0;3136;0;0;125;0;42;0;
28874;5209249;1198731264;34295808;1397067776;0;0;0;0;0;0;0;0;0;0;0;2896;0;0;125;0;42;0;
28875;3576998;1198731264;34295808;1397067776;0;0;0;0;0;0;0;0;0;0;0;2986;0;0;125;0;42;0;
28876;4900771;1198731264;34295808;1397067776;0;0;0;0;0;0;0;0;0;0;0;2705;0;0;125;0;42;0;
28877;4198123;1198731264;34295808;1397067776;0;0;0;0;0;0;0;0;0;0;0;3787;0;0;125;0;42;0;
28878;5891719;1198731264;34295808;1397067776;0;0;0;0;0;0;0;0;0;0;0;4789;0;0;125;0;42;0;
28879;5573332;1198731264;34295808;1397067776;0;0;0;0;0;0;0;0;0;0;0;4298;0;0;125;0;42;0;
28880;6192063;1198731264;34295808;1397067776;0;0;0;0;0;0;0;0;0;0;0;3937;0;0;125;0;42;0;
28881;4531758;1198731264;34295808;1397067776;0;0;0;0;0;0;0;0;0;0;0;4849;0;0;125;0;42;0;
28882;5625540;1198731264;34295808;1397067776;0;0;0;0;0;0;0;0;0;0;0;3457;0;0;125;0;42;0;
28883;5538126;1198731264;34295808;1397067776;0;0;0;0;0;0;0;0;0;0;0;3977;0;0;125;0;42;0;
28884;6027564;1198731264;34295808;1397067776;0;0;0;0;0;0;0;0;0;0;0;2374;0;0;125;0;42;0;
28885;3088882;1198731264;34295808;1397067776;0;0;0;0;0;0;0;0;0;0;0;3406;0;0;125;0;42;0;
28886;5078765;1198731264;34295808;1397067776;0;0;0;0;0;0;0;0;0;0;0;3226;0;0;125;0;42;0;
28887;2882206;1198731264;34295808;1397067776;0;0;0;0;0;0;0;0;0;0;0;3166;0;0;125;0;42;0;
28888;4975662;1198731264;34295808;1397067776;0;0;0;0;0;0;0;0;0;0;0;2655;0;0;125;0;42;0;
28889;2785705;1198731264;34295808;1397067776;0;0;0;0;0;0;0;0;0;0;0;2725;0;0;125;0;42;0;
28890;4770596;1198731264;34295808;1397067776;0;0;0;0;0;0;0;0;0;0;0;2585;0;0;125;0;42;0;
28891;3635708;1198731264;34295808;1397067776;0;0;0;0;0;0;0;0;0;0;0;4138;0;0;125;0;42;0;
28892;5401981;1198731264;34295808;1397067776;0;0;0;0;0;0;0;0;0;0;0;4158;0;0;125;0;42;0;
28893;3464197;1198731264;34295808;1397067776;0;0;0;0;0;0;0;0;0;0;0;3857;0;0;125;0;42;0;
28894;5396160;1198731264;34295808;1397067776;0;0;0;0;0;0;0;0;0;0;0;3457;0;0;125;0;42;0;
28895;4690447;1198731264;34295808;1397067776;0;0;0;0;0;0;0;0;0;0;0;3807;0;0;125;0;42;0;
28896;5606665;1198731264;34295808;1397067776;0;0;0;0;0;0;0;0;0;0;0;3456;0;0;125;0;42;0;
28897;4590959;1198731264;34295808;1397067776;0;0;0;0;0;0;0;0;0;0;0;3576;0;0;125;0;42;0;
28898;5360573;1198731264;34295808;1397067776;0;0;0;0;0;0;0;0;0;0;0;3486;0;0;125;0;42;0;
28899;4266431;1198731264;34295808;1397067776;0;0;0;0;0;0;0;0;0;0;0;2895;0;0;125;0;42;0;
28900;4885252;1198731264;34295808;1397067776;0;0;0;0;0;0;0;0;0;0;0;2224;0;0;125;0;42;0;
28901;2701547;1198731264;34295808;1397067776;0;0;0;0;0;0;0;0;0;0;0;2885;0;0;125;0;42;0;
28902;5198850;1198731264;34295808;1397067776;0;0;0;0;0;0;0;0;0;0;0;2986;0;0;125;0;42;0;
28903;3292424;1198731264;34295808;1397067776;0;0;0;0;0;0;0;0;0;0;0;3386;0;0;125;0;42;0;
28904;4771468;1198731264;34295808;1397067776;0;0;0;0;0;0;0;0;0;0;0;2725;0;0;125;0;42;0;
28905;2197321;1198731264;34295808;1397067776;0;0;0;0;0;0;0;0;0;0;0;2645;0;0;125;0;42;0;
28906;5280733;1198731264;34295808;1397067776;0;0;0;0;0;0;0;0;0;0;0;2374;0;0;125;0;42;0;
28907;3724244;1198731264;34295808;1397067776;0;0;0;0;0;0;0;0;0;0;0;4819;0;0;125;0;42;0;
28908;5014204;1198731264;34295808;1397067776;0;0;0;0;0;0;0;0;0;0;0;3046;0;0;125;0;42;0;
28909;4048112;1198731264;34295808;1397067776;0;0;0;0;0;0;0;0;0;0;0;3196;0;0;125;0;42;0;
28910;4948250;1198731264;34295808;1397067776;0;0;0;0;0;0;0;0;0;0;0;2805;0;0;125;0;42;0;
28911;3516826;1198731264;34295808;1397067776;0;0;0;0;0;0;0;0;0;0;0;2585;0;0;125;0;42;0;
28912;4760939;1198731264;34295808;1397067776;0;0;0;0;0;0;0;0;0;0;0;2906;0;0;125;0;42;0;
28913;3395328;1198731264;34295808;1397067776;0;0;0;0;0;0;0;0;0;0;0;2955;0;0;125;0;42;0;
28914;5407622;1198731264;34295808;1397067776;0;0;0;0;0;0;0;0;0;0;0;2956;0;0;125;0;42;0;
28915;3428099;1198731264;34295808;1397067776;0;0;0;0;0;0;0;0;0;0;0;2865;0;0;125;0;42;0;
28916;4737144;1198731264;34295808;1397067776;0;0;0;0;0;0;0;0;0;0;0;2935;0;0;125;0;42;0;
28917;4450817;1198731264;34295808;1397067776;0;0;0;0;0;0;0;0;0;0;0;3797;0;0;125;0;42;0;
28918;5352278;1198731264;34295808;1397067776;0;0;0;0;0;0;0;0;0;0;0;3427;0;0;125;0;42;0;
28919;4149482;1198731264;34295808;1397067776;0;0;0;0;0;0;0;0;0;0;0;3827;0;0;125;0;42;0;
28920;5212936;1198731264;34295808;1397067776;0;0;0;0;0;0;0;0;0;0;0;3918;0;0;125;0;42;0;
28921;4724250;1198731264;34295808;1397067776;0;0;0;0;0;0;0;0;0;0;0;4077;0;0;125;0;42;0;
28922;5570697;1198731264;34295808;1397067776;0;0;0;0;0;0;0;0;0;0;0;3697;0;0;125;0;42;0;
28923;3977740;1198731264;34295808;1397067776;0;0;0;0;0;0;0;0;0;0;0;3155;0;0;125;0;42;0;
28924;4990629;1198731264;34295808;1397067776;0;0;0;0;0;0;0;0;0;0;0;2415;0;0;125;0;42;0;
28925;2496903;1198731264;34295808;1397067776;0;0;0;0;0;0;0;0;0;0;0;3095;0;0;125;0;42;0;
28926;4832393;1198731264;34295808;1397067776;0;0;0;0;0;0;0;0;0;0;0;2655;0;0;125;0;42;0;
28927;2683813;1198731264;34295808;1397067776;0;0;0;0;0;0;0;0;0;0;0;2485;0;0;125;0;42;0;
28928;5428530;1198731264;34295808;1397067776;0;0;0;0;0;0;0;0;0;0;0;2605;0;0;125;0;42;0;
28929;2748164;1198731264;34295808;1397067776;0;0;0;0;0;0;0;0;0;0;0;2956;0;0;125;0;42;0;
28930;4972906;1198731264;34295808;1397067776;0;0;0;0;0;0;0;0;0;0;0;2545;0;0;125;0;42;0;
28931;2563517;1198731264;34295808;1397067776;0;0;0;0;0;0;0;0;0;0;0;2885;0;0;125;0;42;0;
28932;4767972;1198731264;34295808;1397067776;0;0;0;0;0;0;0;0;0;0;0;2735;0;0;125;0;42;0;
28933;4770717;1198731264;34295808;1397067776;0;0;0;0;0;0;0;0;0;0;0;5741;0;0;125;0;42;0;
28934;6441530;1198731264;34295808;1397067776;0;0;0;0;0;0;0;0;0;0;0;4509;0;0;125;0;42;0;
28935;3982138;1198731264;34295808;1397067776;0;0;0;0;0;0;0;0;0;0;0;3868;0;0;125;0;42;0;
28936;5165668;1198731264;34295808;1397067776;0;0;0;0;0;0;0;0;0;0;0;3727;0;0;125;0;42;0;
28937;4586612;1198731264;34295808;1397067776;0;0;0;0;0;0;0;0;0;0;0;3978;0;0;125;0;42;0;
28938;5353750;1198731264;34295808;1397067776;0;0;0;0;0;0;0;0;0;0;0;3256;0;0;125;0;42;0;
28939;4291438;1198731264;34295808;1397067776;0;0;0;0;0;0;0;0;0;0;0;4298;0;0;125;0;42;0;
28940;5257109;1198731264;34295808;1397067776;0;0;0;0;0;0;0;0;0;0;0;3407;0;0;125;0;42;0;
28941;4075503;1198731264;34295808;1397067776;0;0;0;0;0;0;0;0;0;0;0;4187;0;0;125;0;42;0;
28942;5379859;1198731264;34295808;1397067776;0;0;0;0;0;0;0;0;0;0;0;2846;0;0;125;0;42;0;
28943;2600037;1198731264;34295808;1397067776;0;0;0;0;0;0;0;0;0;0;0;2865;0;0;125;0;42;0;
28944;5469307;1198731264;34295808;1397067776;0;0;0;0;0;0;0;0;0;0;0;2625;0;0;125;0;42;0;
28945;3855260;1198731264;34295808;1397067776;0;0;0;0;0;0;0;0;0;0;0;3797;0;0;125;0;42;0;
28946;5419223;1198731264;34295808;1397067776;0;0;0;0;0;0;0;0;0;0;0;3527;0;0;125;0;42;0;
28947;2833434;1198731264;34295808;1397067776;0;0;0;0;0;0;0;0;0;0;0;2695;0;0;125;0;42;0;
28948;5451604;1198731264;34295808;1397067776;0;0;0;0;0;0;0;0;0;0;0;2956;0;0;125;0;42;0;
28949;3315638;1198731264;34295808;1397067776;0;0;0;0;0;0;0;0;0;0;0;3537;0;0;125;0;42;0;
28950;4829076;1198731264;34295808;1397067776;0;0;0;0;0;0;0;0;0;0;0;2615;0;0;125;0;42;0;
28951;3445201;1198731264;34295808;1397067776;0;0;0;0;0;0;0;0;0;0;0;2985;0;0;125;0;42;0;
28952;4902234;1198731264;34295808;1397067776;0;0;0;0;0;0;0;0;0;0;0;2495;0;0;125;0;42;0;
28953;3184402;1198731264;34295808;1397067776;0;0;0;0;0;0;0;0;0;0;0;2765;0;0;125;0;42;0;
28954;4657895;1198731264;34295808;1397067776;0;0;0;0;0;0;0;0;0;0;0;2635;0;0;125;0;42;0;
28955;3816978;1198731264;34295808;1397067776;0;0;0;0;0;0;0;0;0;0;0;3557;0;0;125;0;42;0;
28956;10715806;1198731264;34295808;1397067776;0;0;0;0;0;0;0;0;0;0;0;3837;0;0;125;0;42;0;
28957;4314512;1198731264;34295808;1397067776;0;0;0;0;0;0;0;0;0;0;0;3887;0;0;125;0;42;0;
28958;5297294;1198731264;34295808;1397067776;0;0;0;0;0;0;0;0;0;0;0;3757;0;0;125;0;42;0;
28959;4215817;1198731264;34295808;1397067776;0;0;0;0;0;0;0;0;0;0;0;3637;0;0;125;0;42;0;
28960;5159516;1198731264;34295808;1397067776;0;0;0;0;0;0;0;0;0;0;0;3647;0;0;125;0;42;0;
28961;4408938;1198731264;34295808;1397067776;0;0;0;0;0;0;0;0;0;0;0;3496;0;0;125;0;42;0;
28962;5808723;1198731264;34295808;1397067776;0;0;0;0;0;0;0;0;0;0;0;3397;0;0;125;0;42;0;
28963;4259579;1198731264;34295808;1397067776;0;0;0;0;0;0;0;0;0;0;0;5501;0;0;125;0;42;0;
28964;6532671;1198731264;34295808;1397067776;0;0;0;0;0;0;0;0;0;0;0;4659;0;0;125;0;42;0;
28965;3381672;1198731264;34295808;1397067776;0;0;0;0;0;0;0;0;0;0;0;3036;0;0;125;0;42;0;
28966;5135321;1198731264;34295808;1397067776;0;0;0;0;0;0;0;0;0;0;0;3236;0;0;125;0;42;0;
28967;3076820;1198731264;34304000;1397075968;0;0;0;0;0;0;0;0;0;0;0;2524;0;0;125;0;42;0;
28968;5004095;1198731264;34304000;1397075968;0;0;0;0;0;0;0;0;0;0;0;2605;0;0;125;0;42;0;
28969;3524510;1198731264;34304000;1397075968;0;0;0;0;0;0;0;0;0;0;0;2986;0;0;125;0;42;0;
28970;4957287;1198731264;34304000;1397075968;0;0;0;0;0;0;0;0;0;0;0;2044;0;0;125;0;42;0;
28971;3660805;1198731264;34304000;1397075968;0;0;0;0;0;0;0;0;0;0;0;4038;0;0;125;0;42;0;
28972;5201855;1198731264;34304000;1397075968;0;0;0;0;0;0;0;0;0;0;0;3407;0;0;125;0;42;0;
28973;3824262;1198731264;34295808;1397067776;0;0;0;0;0;0;0;0;0;0;0;2955;0;0;125;0;42;0;
28974;5556681;1198731264;34295808;1397067776;0;0;0;0;0;0;0;0;0;0;0;3497;0;0;125;0;42;0;
28975;5128458;1198731264;34295808;1397067776;0;0;0;0;0;0;0;0;0;0;0;3958;0;0;125;0;42;0;
28976;5228646;1198731264;34295808;1397067776;0;0;0;0;0;0;0;0;0;0;0;2414;0;0;125;0;42;0;
28977;2603272;1198731264;34295808;1397067776;0;0;0;0;0;0;0;0;0;0;0;2585;0;0;125;0;42;0;
28978;4943561;1198731264;34295808;1397067776;0;0;0;0;0;0;0;0;0;0;0;2756;0;0;125;0;42;0;
28979;3812670;1198731264;34295808;1397067776;0;0;0;0;0;0;0;0;0;0;0;2595;0;0;125;0;42;0;
28980;5395087;1198731264;34295808;1397067776;0;0;0;0;0;0;0;0;0;0;0;2585;0;0;125;0;42;0;
28981;2718599;1198731264;34295808;1397067776;0;0;0;0;0;0;0;0;0;0;0;2925;0;0;125;0;42;0;
28982;5040473;1198731264;34295808;1397067776;0;0;0;0;0;0;0;0;0;0;0;2675;0;0;125;0;42;0;
28983;2751049;1198731264;34295808;1397067776;0;0;0;0;0;0;0;0;0;0;0;3095;0;0;125;0;42;0;
28984;4904829;1198731264;34295808;1397067776;0;0;0;0;0;0;0;0;0;0;0;2514;0;0;125;0;42;0;
28985;2878528;1198731264;34295808;1397067776;0;0;0;0;0;0;0;0;0;0;0;3156;0;0;125;0;42;0;
28986;4728337;1198731264;34295808;1397067776;0;0;0;0;0;0;0;0;0;0;0;2846;0;0;125;0;42;0;
28987;3467493;1198731264;34295808;1397067776;0;0;0;0;0;0;0;0;0;0;0;3287;0;0;125;0;42;0;
28988;4928943;1198731264;34295808;1397067776;0;0;0;0;0;0;0;0;0;0;0;2425;0;0;125;0;42;0;
28989;4266301;1198731264;34295808;1397067776;0;0;0;0;0;0;0;0;0;0;0;4529;0;0;125;0;42;0;
28990;5500906;1198731264;34295808;1397067776;0;0;0;0;0;0;0;0;0;0;0;3507;0;0;125;0;42;0;
28991;4328057;1198731264;34295808;1397067776;0;0;0;0;0;0;0;0;0;0;0;3767;0;0;125;0;42;0;
28992;5616232;1198731264;34295808;1397067776;0;0;0;0;0;0;0;0;0;0;0;3076;0;0;125;0;42;0;
28993;3723593;1198731264;34295808;1397067776;0;0;0;0;0;0;0;0;0;0;0;2915;0;0;125;0;42;0;
28994;4908605;1198731264;34295808;1397067776;0;0;0;0;0;0;0;0;0;0;0;2525;0;0;125;0;42;0;
28995;3341376;1198731264;34295808;1397067776;0;0;0;0;0;0;0;0;0;0;0;2895;0;0;125;0;42;0;
28996;5037728;1198731264;34295808;1397067776;0;0;0;0;0;0;0;0;0;0;0;2414;0;0;125;0;42;0;
28997;2492214;1198731264;34295808;1397067776;0;0;0;0;0;0;0;0;0;0;0;3396;0;0;125;0;42;0;
28998;4903887;1198731264;34295808;1397067776;0;0;0;0;0;0;0;0;0;0;0;2936;0;0;125;0;42;0;
28999;2744076;1198731264;34295808;1397067776;0;0;0;0;0;0;0;0;0;0;0;2896;0;0;125;0;42;0;
29000;4931739;1198731264;34295808;1397067776;0;0;0;0;0;0;0;0;0;0;0;2515;0;0;125;0;42;0;
29001;4004961;1198731264;34295808;1397067776;0;0;0;0;0;0;0;0;0;0;0;3697;0;0;125;0;42;0;
29002;5208709;1198731264;34295808;1397067776;0;0;0;0;0;0;0;0;0;0;0;3036;0;0;125;0;42;0;
29003;3316169;1198731264;34295808;1397067776;0;0;0;0;0;0;0;0;0;0;0;2725;0;0;125;0;42;0;
29004;5017650;1198731264;34295808;1397067776;0;0;0;0;0;0;0;0;0;0;0;2795;0;0;125;0;42;0;
29005;2302337;1198731264;34295808;1397067776;0;0;0;0;0;0;0;0;0;0;0;2796;0;0;125;0;42;0;
29006;5244746;1198731264;34295808;1397067776;0;0;0;0;0;0;0;0;0;0;0;2465;0;0;125;0;42;0;
29007;3092430;1198731264;34295808;1397067776;0;0;0;0;0;0;0;0;0;0;0;3036;0;0;125;0;42;0;
29008;5053808;1198731264;34295808;1397067776;0;0;0;0;0;0;0;0;0;0;0;2545;0;0;125;0;42;0;
29009;2896722;1198731264;34295808;1397067776;0;0;0;0;0;0;0;0;0;0;0;3116;0;0;125;0;42;0;
29010;4999666;1198731264;34295808;1397067776;0;0;0;0;0;0;0;0;0;0;0;2945;0;0;125;0;42;0;
29011;2961875;1198731264;34295808;1397067776;0;0;0;0;0;0;0;0;0;0;0;3717;0;0;125;0;42;0;
29012;5809084;1198731264;34295808;1397067776;0;0;0;0;0;0;0;0;0;0;0;2515;0;0;125;0;42;0;
29013;2214273;1198731264;34295808;1397067776;0;0;0;0;0;0;0;0;0;0;0;3046;0;0;125;0;42;0;
29014;4876224;1198731264;34295808;1397067776;0;0;0;0;0;0;0;0;0;0;0;2675;0;0;125;0;42;0;
29015;2736532;1198731264;34295808;1397067776;0;0;0;0;0;0;0;0;0;0;0;2766;0;0;125;0;42;0;
29016;5009895;1198731264;34295808;1397067776;0;0;0;0;0;0;0;0;0;0;0;3096;0;0;125;0;42;0;
29017;3063576;1198731264;34295808;1397067776;0;0;0;0;0;0;0;0;0;0;0;2805;0;0;125;0;42;0;
29018;4935266;1198731264;34295808;1397067776;0;0;0;0;0;0;0;0;0;0;0;2996;0;0;125;0;42;0;
29019;4453923;1198731264;34295808;1397067776;0;0;0;0;0;0;0;0;0;0;0;4639;0;0;125;0;42;0;
29020;5685833;1198731264;34295808;1397067776;0;0;0;0;0;0;0;0;0;0;0;3266;0;0;125;0;42;0;
29021;3676384;1198731264;34295808;1397067776;0;0;0;0;0;0;0;0;0;0;0;3817;0;0;125;0;42;0;
29022;6101553;1198731264;34295808;1397067776;0;0;0;0;0;0;0;0;0;0;0;4358;0;0;125;0;42;0;
29023;5741077;1198731264;34295808;1397067776;0;0;0;0;0;0;0;0;0;0;0;5530;0;0;125;0;42;0;
29024;5393265;1198731264;34295808;1397067776;0;0;0;0;0;0;0;0;0;0;0;4318;0;0;125;0;42;0;
29025;5137004;1198731264;34295808;1397067776;0;0;0;0;0;0;0;0;0;0;0;4919;0;0;125;0;42;0;
29026;5919791;1198731264;34295808;1397067776;0;0;0;0;0;0;0;0;0;0;0;4779;0;0;125;0;42;0;
29027;4350699;1198731264;34295808;1397067776;0;0;0;0;0;0;0;0;0;0;0;3727;0;0;125;0;42;0;
29028;5216623;1198731264;34295808;1397067776;0;0;0;0;0;0;0;0;0;0;0;3907;0;0;125;0;42;0;
29029;4445748;1198731264;34295808;1397067776;0;0;0;0;0;0;0;0;0;0;0;4088;0;0;125;0;42;0;
29030;5131162;1198731264;34295808;1397067776;0;0;0;0;0;0;0;0;0;0;0;3837;0;0;125;0;42;0;
29031;3936232;1198731264;34295808;1397067776;0;0;0;0;0;0;0;0;0;0;0;3777;0;0;125;0;42;0;
29032;5151941;1198731264;34295808;1397067776;0;0;0;0;0;0;0;0;0;0;0;3306;0;0;125;0;42;0;
29033;3751225;1198731264;34295808;1397067776;0;0;0;0;0;0;0;0;0;0;0;3216;0;0;125;0;42;0;
29034;4836801;1198731264;34295808;1397067776;0;0;0;0;0;0;0;0;0;0;0;2765;0;0;125;0;42;0;
29035;3697995;1198731264;34295808;1397067776;0;0;0;0;0;0;0;0;0;0;0;3256;0;0;125;0;42;0;
29036;5574264;1198731264;34295808;1397067776;0;0;0;0;0;0;0;0;0;0;0;2796;0;0;125;0;42;0;
29037;3190043;1198731264;34295808;1397067776;0;0;0;0;0;0;0;0;0;0;0;3487;0;0;125;0;42;0;
29038;5032388;1198731264;34295808;1397067776;0;0;0;0;0;0;0;0;0;0;0;2675;0;0;125;0;42;0;
29039;2949862;1198731264;34295808;1397067776;0;0;0;0;0;0;0;0;0;0;0;3076;0;0;125;0;42;0;
29040;5092360;1198731264;34295808;1397067776;0;0;0;0;0;0;0;0;0;0;0;2915;0;0;125;0;42;0;
29041;2454964;1198731264;34295808;1397067776;0;0;0;0;0;0;0;0;0;0;0;3406;0;0;125;0;42;0;
29042;4897334;1198731264;34295808;1397067776;0;0;0;0;0;0;0;0;0;0;0;2345;0;0;125;0;42;0;
29043;2951134;1198731264;34295808;1397067776;0;0;0;0;0;0;0;0;0;0;0;3095;0;0;125;0;42;0;
29044;4930066;1198731264;34295808;1397067776;0;0;0;0;0;0;0;0;0;0;0;2544;0;0;125;0;42;0;
29045;2947217;1198731264;34295808;1397067776;0;0;0;0;0;0;0;0;0;0;0;3276;0;0;125;0;42;0;
29046;5036295;1198731264;34295808;1397067776;0;0;0;0;0;0;0;0;0;0;0;2635;0;0;125;0;42;0;
29047;2775124;1198731264;34295808;1397067776;0;0;0;0;0;0;0;0;0;0;0;3266;0;0;125;0;42;0;
29048;4809049;1198731264;34295808;1397067776;0;0;0;0;0;0;0;0;0;0;0;2464;0;0;125;0;42;0;
29049;3824793;1198731264;34295808;1397067776;0;0;0;0;0;0;0;0;0;0;0;3988;0;0;125;0;42;0;
29050;5713585;1198731264;34295808;1397067776;0;0;0;0;0;0;0;0;0;0;0;3126;0;0;125;0;42;0;
29051;3767906;1198731264;34295808;1397067776;0;0;0;0;0;0;0;0;0;0;0;3817;0;0;125;0;42;0;
29052;5430525;1198731264;34295808;1397067776;0;0;0;0;0;0;0;0;0;0;0;2865;0;0;125;0;42;0;
29053;4879731;1198731264;34295808;1397067776;0;0;0;0;0;0;0;0;0;0;0;5400;0;0;125;0;42;0;
29054;5593250;1198731264;34295808;1397067776;0;0;0;0;0;0;0;0;0;0;0;3907;0;0;125;0;42;0;
29055;4320162;1198731264;34295808;1397067776;0;0;0;0;0;0;0;0;0;0;0;3526;0;0;125;0;42;0;
29056;5345255;1198731264;34295808;1397067776;0;0;0;0;0;0;0;0;0;0;0;3727;0;0;125;0;42;0;
29057;3010155;1198731264;34295808;1397067776;0;0;0;0;0;0;0;0;0;0;0;3186;0;0;125;0;42;0;
29058;5099935;1198731264;34295808;1397067776;0;0;0;0;0;0;0;0;0;0;0;2995;0;0;125;0;42;0;
29059;2857199;1198731264;34295808;1397067776;0;0;0;0;0;0;0;0;0;0;0;2815;0;0;125;0;42;0;
29060;5049850;1198731264;34295808;1397067776;0;0;0;0;0;0;0;0;0;0;0;2555;0;0;125;0;42;0;
29061;2849283;1198731264;34295808;1397067776;0;0;0;0;0;0;0;0;0;0;0;2905;0;0;125;0;42;0;
29062;5116645;1198731264;34295808;1397067776;0;0;0;0;0;0;0;0;0;0;0;2324;0;0;125;0;42;0;
29063;2780605;1198731264;34295808;1397067776;0;0;0;0;0;0;0;0;0;0;0;3666;0;0;125;0;42;0;
29064;5243754;1198731264;34295808;1397067776;0;0;0;0;0;0;0;0;0;0;0;2695;0;0;125;0;42;0;
29065;3002181;1198731264;34295808;1397067776;0;0;0;0;0;0;0;0;0;0;0;3006;0;0;125;0;42;0;
29066;4908515;1198731264;34295808;1397067776;0;0;0;0;0;0;0;0;0;0;0;2505;0;0;125;0;42;0;
29067;3092289;1198731264;34295808;1397067776;0;0;0;0;0;0;0;0;0;0;0;2885;0;0;125;0;42;0;
29068;4848663;1198731264;34295808;1397067776;0;0;0;0;0;0;0;0;0;0;0;2585;0;0;125;0;42;0;
29069;3043327;1198731264;34295808;1397067776;0;0;0;0;0;0;0;0;0;0;0;2856;0;0;125;0;42;0;
29070;4754547;1198731264;34295808;1397067776;0;0;0;0;0;0;0;0;0;0;0;2364;0;0;125;0;42;0;
29071;3232242;1198731264;34295808;1397067776;0;0;0;0;0;0;0;0;0;0;0;3016;0;0;125;0;42;0;
29072;5040763;1198731264;34295808;1397067776;0;0;0;0;0;0;0;0;0;0;0;2665;0;0;125;0;42;0;
29073;2851738;1198731264;34295808;1397067776;0;0;0;0;0;0;0;0;0;0;0;2985;0;0;125;0;42;0;
29074;4860034;1198731264;34295808;1397067776;0;0;0;0;0;0;0;0;0;0;0;2645;0;0;125;0;42;0;
29075;3105414;1198731264;34295808;1397067776;0;0;0;0;0;0;0;0;0;0;0;3125;0;0;125;0;42;0;
29076;4960152;1198731264;34295808;1397067776;0;0;0;0;0;0;0;0;0;0;0;2816;0;0;125;0;42;0;
29077;3016236;1198731264;34295808;1397067776;0;0;0;0;0;0;0;0;0;0;0;2795;0;0;125;0;42;0;
29078;4810231;1198731264;34295808;1397067776;0;0;0;0;0;0;0;0;0;0;0;2505;0;0;125;0;42;0;
29079;4764114;1198731264;34295808;1397067776;0;0;0;0;0;0;0;0;0;0;0;4258;0;0;125;0;42;0;
29080;5694108;1198731264;34295808;1397067776;0;0;0;0;0;0;0;0;0;0;0;3717;0;0;125;0;42;0;
29081;4425279;1198731264;34295808;1397067776;0;0;0;0;0;0;0;0;0;0;0;4478;0;0;125;0;42;0;
29082;5799486;1198731264;34295808;1397067776;0;0;0;0;0;0;0;0;0;0;0;4759;0;0;125;0;42;0;
29083;3857865;1198731264;34304000;1397075968;0;0;0;0;0;0;0;0;0;0;0;4198;0;0;125;0;42;0;
29084;5417510;1198731264;34304000;1397075968;0;0;0;0;0;0;0;0;0;0;0;4178;0;0;125;0;42;0;
29085;3686855;1198731264;34304000;1397075968;0;0;0;0;0;0;0;0;0;0;0;4258;0;0;125;0;42;0;
29086;5826126;1198731264;34304000;1397075968;0;0;0;0;0;0;0;0;0;0;0;3346;0;0;125;0;42;0;
29087;3493322;1198731264;34304000;1397075968;0;0;0;0;0;0;0;0;0;0;0;2555;0;0;125;0;42;0;
29088;4897976;1198731264;34304000;1397075968;0;0;0;0;0;0;0;0;0;0;0;3046;0;0;125;0;42;0;
29089;2790613;1198731264;34295808;1397067776;0;0;0;0;0;0;0;0;0;0;0;2544;0;0;125;0;42;0;
29090;5055230;1198731264;34295808;1397067776;0;0;0;0;0;0;0;0;0;0;0;2685;0;0;125;0;42;0;
29091;3109291;1198731264;34295808;1397067776;0;0;0;0;0;0;0;0;0;0;0;2755;0;0;125;0;42;0;
29092;4856999;1198731264;34295808;1397067776;0;0;0;0;0;0;0;0;0;0;0;2685;0;0;125;0;42;0;
29093;2874872;1198731264;34295808;1397067776;0;0;0;0;0;0;0;0;0;0;0;3617;0;0;125;0;42;0;
29094;5016237;1198731264;34295808;1397067776;0;0;0;0;0;0;0;0;0;0;0;2595;0;0;125;0;42;0;
29095;2857448;1198731264;34295808;1397067776;0;0;0;0;0;0;0;0;0;0;0;3466;0;0;125;0;42;0;
29096;5002562;1198731264;34295808;1397067776;0;0;0;0;0;0;0;0;0;0;0;2685;0;0;125;0;42;0;
29097;3917337;1198731264;34295808;1397067776;0;0;0;0;0;0;0;0;0;0;0;3346;0;0;125;0;42;0;
29098;4807576;1198731264;34295808;1397067776;0;0;0;0;0;0;0;0;0;0;0;2494;0;0;125;0;42;0;
29099;4153319;1198731264;34295808;1397067776;0;0;0;0;0;0;0;0;0;0;0;2826;0;0;125;0;42;0;
29100;4847351;1198731264;34295808;1397067776;0;0;0;0;0;0;0;0;0;0;0;2896;0;0;125;0;42;0;
29101;3799355;1198731264;34295808;1397067776;0;0;0;0;0;0;0;0;0;0;0;2985;0;0;125;0;42;0;
29102;4958299;1198731264;34295808;1397067776;0;0;0;0;0;0;0;0;0;0;0;2815;0;0;125;0;42;0;
29103;3407661;1198731264;34295808;1397067776;0;0;0;0;0;0;0;0;0;0;0;3146;0;0;125;0;42;0;
29104;4956104;1198731264;34295808;1397067776;0;0;0;0;0;0;0;0;0;0;0;2915;0;0;125;0;42;0;
29105;3267728;1198731264;34295808;1397067776;0;0;0;0;0;0;0;0;0;0;0;3166;0;0;125;0;42;0;
29106;4795033;1198731264;34295808;1397067776;0;0;0;0;0;0;0;0;0;0;0;2485;0;0;125;0;42;0;
29107;2960432;1198731264;34295808;1397067776;0;0;0;0;0;0;0;0;0;0;0;2805;0;0;125;0;42;0;
29108;5522156;1198731264;34295808;1397067776;0;0;0;0;0;0;0;0;0;0;0;2736;0;0;125;0;42;0;
29109;2516239;1198731264;34295808;1397067776;0;0;0;0;0;0;0;0;0;0;0;3046;0;0;125;0;42;0;
29110;5154206;1198731264;34295808;1397067776;0;0;0;0;0;0;0;0;0;0;0;2345;0;0;125;0;42;0;
29111;4488979;1198731264;34295808;1397067776;0;0;0;0;0;0;0;0;0;0;0;4829;0;0;125;0;42;0;
29112;10738068;1198731264;34295808;1397067776;0;0;0;0;0;0;0;0;0;0;0;4108;0;0;125;0;42;0;
29113;4042702;1198731264;34295808;1397067776;0;0;0;0;0;0;0;0;0;0;0;4299;0;0;125;0;42;0;
29114;5618847;1198731264;34295808;1397067776;0;0;0;0;0;0;0;0;0;0;0;4198;0;0;125;0;42;0;
29115;3913420;1198731264;34295808;1397067776;0;0;0;0;0;0;0;0;0;0;0;4518;0;0;125;0;42;0;
29116;5384648;1198731264;34295808;1397067776;0;0;0;0;0;0;0;0;0;0;0;3587;0;0;125;0;42;0;
29117;3886649;1198731264;34295808;1397067776;0;0;0;0;0;0;0;0;0;0;0;4839;0;0;125;0;42;0;
29118;5240047;1198731264;34295808;1397067776;0;0;0;0;0;0;0;0;0;0;0;3046;0;0;125;0;42;0;
29119;4535616;1198731264;34295808;1397067776;0;0;0;0;0;0;0;0;0;0;0;4188;0;0;125;0;42;0;
29120;5396680;1198731264;34295808;1397067776;0;0;0;0;0;0;0;0;0;0;0;4218;0;0;125;0;42;0;
29121;4026841;1198731264;34295808;1397067776;0;0;0;0;0;0;0;0;0;0;0;10109;0;0;125;0;42;0;
29122;5372476;1198731264;34295808;1397067776;0;0;0;0;0;0;0;0;0;0;0;3747;0;0;125;0;42;0;
29123;3878624;1198731264;34295808;1397067776;0;0;0;0;0;0;0;0;0;0;0;3586;0;0;125;0;42;0;
29124;5478855;1198731264;34295808;1397067776;0;0;0;0;0;0;0;0;0;0;0;2985;0;0;125;0;42;0;
29125;3035713;1198731264;34295808;1397067776;0;0;0;0;0;0;0;0;0;0;0;2645;0;0;125;0;42;0;
29126;5383746;1198731264;34295808;1397067776;0;0;0;0;0;0;0;0;0;0;0;2215;0;0;125;0;42;0;
29127;2903335;1198731264;34295808;1397067776;0;0;0;0;0;0;0;0;0;0;0;3046;0;0;125;0;42;0;
29128;5115644;1198731264;34295808;1397067776;0;0;0;0;0;0;0;0;0;0;0;2775;0;0;125;0;42;0;
29129;2368482;1198731264;34295808;1397067776;0;0;0;0;0;0;0;0;0;0;0;3136;0;0;125;0;42;0;
29130;4812335;1198731264;34295808;1397067776;0;0;0;0;0;0;0;0;0;0;0;2455;0;0;125;0;42;0;
29131;2477486;1198731264;34295808;1397067776;0;0;0;0;0;0;0;0;0;0;0;2705;0;0;125;0;42;0;
29132;4935506;1198731264;34295808;1397067776;0;0;0;0;0;0;0;0;0;0;0;2364;0;0;125;0;42;0;
29133;3487861;1198731264;34295808;1397067776;0;0;0;0;0;0;0;0;0;0;0;3136;0;0;125;0;42;0;
29134;4810552;1198731264;34295808;1397067776;0;0;0;0;0;0;0;0;0;0;0;2925;0;0;125;0;42;0;
29135;3210140;1198731264;34295808;1397067776;0;0;0;0;0;0;0;0;0;0;0;2735;0;0;125;0;42;0;
29136;5038549;1198731264;34295808;1397067776;0;0;0;0;0;0;0;0;0;0;0;2865;0;0;125;0;42;0;
29137;3876860;1198731264;34295808;1397067776;0;0;0;0;0;0;0;0;0;0;0;3447;0;0;125;0;42;0;
29138;5444250;1198731264;34295808;1397067776;0;0;0;0;0;0;0;0;0;0;0;3888;0;0;125;0;42;0;
29139;3795779;1198731264;34295808;1397067776;0;0;0;0;0;0;0;0;0;0;0;3957;0;0;125;0;42;0;
29140;5601606;1198731264;34295808;1397067776;0;0;0;0;0;0;0;0;0;0;0;3536;0;0;125;0;42;0;
29141;3751746;1198731264;34295808;1397067776;0;0;0;0;0;0;0;0;0;0;0;3346;0;0;125;0;42;0;
29142;5285994;1198731264;34295808;1397067776;0;0;0;0;0;0;0;0;0;0;0;3256;0;0;125;0;42;0;
29143;3984533;1198731264;34295808;1397067776;0;0;0;0;0;0;0;0;0;0;0;4859;0;0;125;0;42;0;
29144;5928177;1198731264;34295808;1397067776;0;0;0;0;0;0;0;0;0;0;0;3686;0;0;125;0;42;0;
29145;3946942;1198731264;34295808;1397067776;0;0;0;0;0;0;0;0;0;0;0;3406;0;0;125;0;42;0;
29146;5185365;1198731264;34295808;1397067776;0;0;0;0;0;0;0;0;0;0;0;3807;0;0;125;0;42;0;
29147;5501197;1198731264;34295808;1397067776;0;0;0;0;0;0;0;0;0;0;0;4559;0;0;125;0;42;0;
29148;5393635;1198731264;34295808;1397067776;0;0;0;0;0;0;0;0;0;0;0;3427;0;0;125;0;42;0;
29149;5173442;1198731264;34295808;1397067776;0;0;0;0;0;0;0;0;0;0;0;3767;0;0;125;0;42;0;
29150;4881996;1198731264;34295808;1397067776;0;0;0;0;0;0;0;0;0;0;0;3046;0;0;125;0;42;0;
29151;3087270;1198731264;34295808;1397067776;0;0;0;0;0;0;0;0;0;0;0;3596;0;0;125;0;42;0;
29152;5040683;1198731264;34295808;1397067776;0;0;0;0;0;0;0;0;0;0;0;3126;0;0;125;0;42;0;
29153;2589617;1198731264;34295808;1397067776;0;0;0;0;0;0;0;0;0;0;0;3607;0;0;125;0;42;0;
29154;4872218;1198731264;34295808;1397067776;0;0;0;0;0;0;0;0;0;0;0;2605;0;0;125;0;42;0;
29155;3646488;1198731264;34295808;1397067776;0;0;0;0;0;0;0;0;0;0;0;3646;0;0;125;0;42;0;
29156;5558985;1198731264;34295808;1397067776;0;0;0;0;0;0;0;0;0;0;0;3216;0;0;125;0;42;0;
29157;4377409;1198731264;34295808;1397067776;0;0;0;0;0;0;0;0;0;0;0;4187;0;0;125;0;42;0;
29158;5572851;1198731264;34295808;1397067776;0;0;0;0;0;0;0;0;0;0;0;3897;0;0;125;0;42;0;
29159;2954531;1198731264;34295808;1397067776;0;0;0;0;0;0;0;0;0;0;0;3567;0;0;125;0;42;0;
29160;4786767;1198731264;34295808;1397067776;0;0;0;0;0;0;0;0;0;0;0;2415;0;0;125;0;42;0;
29161;3289208;1198731264;34295808;1397067776;0;0;0;0;0;0;0;0;0;0;0;3206;0;0;125;0;42;0;
29162;5329635;1198731264;34295808;1397067776;0;0;0;0;0;0;0;0;0;0;0;4318;0;0;125;0;42;0;
29163;3349371;1198731264;34295808;1397067776;0;0;0;0;0;0;0;0;0;0;0;2925;0;0;125;0;42;0;
29164;5054088;1198731264;34295808;1397067776;0;0;0;0;0;0;0;0;0;0;0;2635;0;0;125;0;42;0;
29165;3049038;1198731264;34295808;1397067776;0;0;0;0;0;0;0;0;0;0;0;3356;0;0;125;0;42;0;
29166;4819749;1198731264;34295808;1397067776;0;0;0;0;0;0;0;0;0;0;0;2946;0;0;125;0;42;0;
29167;3479485;1198731264;34295808;1397067776;0;0;0;0;0;0;0;0;0;0;0;3617;0;0;125;0;42;0;
29168;5139318;1198731264;34295808;1397067776;0;0;0;0;0;0;0;0;0;0;0;3407;0;0;125;0;42;0;
29169;4991942;1198731264;34295808;1397067776;0;0;0;0;0;0;0;0;0;0;0;4127;0;0;125;0;42;0;
29170;5204891;1198731264;34295808;1397067776;0;0;0;0;0;0;0;0;0;0;0;3687;0;0;125;0;42;0;
29171;3308685;1198731264;34295808;1397067776;0;0;0;0;0;0;0;0;0;0;0;2625;0;0;125;0;42;0;
29172;5065379;1198731264;34295808;1397067776;0;0;0;0;0;0;0;0;0;0;0;2695;0;0;125;0;42;0;
29173;6757833;1198731264;34295808;1397067776;0;0;0;0;0;0;0;0;0;0;0;7293;0;0;125;0;42;0;
29174;6245523;1198731264;34295808;1397067776;0;0;0;0;0;0;0;0;0;0;0;3547;0;0;125;0;42;0;
29175;3613136;1198731264;34295808;1397067776;0;0;0;0;0;0;0;0;0;0;0;3798;0;0;125;0;42;0;
29176;5140681;1198731264;34295808;1397067776;0;0;0;0;0;0;0;0;0;0;0;2825;0;0;125;0;42;0;
29177;3235588;1198731264;34295808;1397067776;0;0;0;0;0;0;0;0;0;0;0;3647;0;0;125;0;42;0;
29178;5200222;1198731264;34295808;1397067776;0;0;0;0;0;0;0;0;0;0;0;2876;0;0;125;0;42;0;
29179;3350974;1198731264;34295808;1397067776;0;0;0;0;0;0;0;0;0;0;0;3467;0;0;125;0;42;0;
29180;8252076;1198731264;34295808;1397067776;0;0;0;0;0;0;0;0;0;0;0;3216;0;0;125;0;42;0;
29181;9192399;1198731264;34295808;1397067776;0;0;0;0;0;0;0;0;0;0;0;4098;0;0;125;0;42;0;
29182;4873730;1198731264;34295808;1397067776;0;0;0;0;0;0;0;0;0;0;0;2846;0;0;125;0;42;0;
29183;3489084;1198731264;34295808;1397067776;0;0;0;0;0;0;0;0;0;0;0;3166;0;0;125;0;42;0;
29184;4859614;1198731264;34295808;1397067776;0;0;0;0;0;0;0;0;0;0;0;2875;0;0;125;0;42;0;
29185;3412880;1198731264;34295808;1397067776;0;0;0;0;0;0;0;0;0;0;0;3527;0;0;125;0;42;0;
29186;5085137;1198731264;34295808;1397067776;0;0;0;0;0;0;0;0;0;0;0;2605;0;0;125;0;42;0;
29187;3419392;1198731264;34295808;1397067776;0;0;0;0;0;0;0;0;0;0;0;2615;0;0;125;0;42;0;
29188;5188571;1198731264;34295808;1397067776;0;0;0;0;0;0;0;0;0;0;0;2905;0;0;125;0;42;0;
29189;3533136;1198731264;34295808;1397067776;0;0;0;0;0;0;0;0;0;0;0;3317;0;0;125;0;42;0;
29190;4998634;1198731264;34295808;1397067776;0;0;0;0;0;0;0;0;0;0;0;3176;0;0;125;0;42;0;
29191;3008201;1198731264;34295808;1397067776;0;0;0;0;0;0;0;0;0;0;0;3627;0;0;125;0;42;0;
29192;5077442;1198731264;34295808;1397067776;0;0;0;0;0;0;0;0;0;0;0;3226;0;0;125;0;42;0;
29193;3808603;1198731264;34304000;1397075968;0;0;0;0;0;0;0;0;0;0;0;4539;0;0;125;0;42;0;
29194;4874241;1198731264;34304000;1397075968;0;0;0;0;0;0;0;0;0;0;0;3276;0;0;125;0;42;0;
29195;3841825;1198731264;34304000;1397075968;0;0;0;0;0;0;0;0;0;0;0;5060;0;0;125;0;42;0;
29196;5509743;1198731264;34304000;1397075968;0;0;0;0;0;0;0;0;0;0;0;4238;0;0;125;0;42;0;
29197;4380796;1198731264;34304000;1397075968;0;0;0;0;0;0;0;0;0;0;0;3307;0;0;125;0;42;0;
29198;5106085;1198731264;34304000;1397075968;0;0;0;0;0;0;0;0;0;0;0;2655;0;0;125;0;42;0;
29199;3985214;1198731264;34295808;1397067776;0;0;0;0;0;0;0;0;0;0;0;3226;0;0;125;0;42;0;
29200;4951316;1198731264;34295808;1397067776;0;0;0;0;0;0;0;0;0;0;0;2505;0;0;125;0;42;0;
29201;3578852;1198731264;34295808;1397067776;0;0;0;0;0;0;0;0;0;0;0;3446;0;0;125;0;42;0;
29202;5135211;1198731264;34295808;1397067776;0;0;0;0;0;0;0;0;0;0;0;2604;0;0;125;0;42;0;
29203;5499113;1198731264;34295808;1397067776;0;0;0;0;0;0;0;0;0;0;0;4629;0;0;125;0;42;0;
29204;5759752;1198731264;34295808;1397067776;0;0;0;0;0;0;0;0;0;0;0;4519;0;0;125;0;42;0;
29205;5777215;1198731264;34295808;1397067776;0;0;0;0;0;0;0;0;0;0;0;4839;0;0;125;0;42;0;
29206;5528618;1198731264;34295808;1397067776;0;0;0;0;0;0;0;0;0;0;0;4248;0;0;125;0;42;0;
29207;6141858;1198731264;34295808;1397067776;0;0;0;0;0;0;0;0;0;0;0;4629;0;0;125;0;42;0;
29208;5605773;1198731264;34295808;1397067776;0;0;0;0;0;0;0;0;0;0;0;3998;0;0;125;0;42;0;
29209;4391906;1198731264;34295808;1397067776;0;0;0;0;0;0;0;0;0;0;0;3607;0;0;125;0;42;0;
29210;5169645;1198731264;34295808;1397067776;0;0;0;0;0;0;0;0;0;0;0;3016;0;0;125;0;42;0;
29211;4801394;1198731264;34295808;1397067776;0;0;0;0;0;0;0;0;0;0;0;4358;0;0;125;0;42;0;
29212;5642111;1198731264;34295808;1397067776;0;0;0;0;0;0;0;0;0;0;0;4207;0;0;125;0;42;0;
29213;5686795;1198731264;34295808;1397067776;0;0;0;0;0;0;0;0;0;0;0;4048;0;0;125;0;42;0;
29214;4945074;1198731264;34295808;1397067776;0;0;0;0;0;0;0;0;0;0;0;2785;0;0;125;0;42;0;
29215;3634246;1198731264;34295808;1397067776;0;0;0;0;0;0;0;0;0;0;0;3657;0;0;125;0;42;0;
29216;5388546;1198731264;34295808;1397067776;0;0;0;0;0;0;0;0;0;0;0;2925;0;0;125;0;42;0;
29217;5901979;1198731264;34295808;1397067776;0;0;0;0;0;0;0;0;0;0;0;6061;0;0;125;0;42;0;
29218;5956361;1198731264;34295808;1397067776;0;0;0;0;0;0;0;0;0;0;0;3256;0;0;125;0;42;0;
29219;3459518;1198731264;34295808;1397067776;0;0;0;0;0;0;0;0;0;0;0;3607;0;0;125;0;42;0;
29220;5447085;1198731264;34295808;1397067776;0;0;0;0;0;0;0;0;0;0;0;3677;0;0;125;0;42;0;
29221;3146681;1198731264;34295808;1397067776;0;0;0;0;0;0;0;0;0;0;0;3717;0;0;125;0;42;0;
29222;5008423;1198731264;34295808;1397067776;0;0;0;0;0;0;0;0;0;0;0;3797;0;0;125;0;42;0;
29223;3758749;1198731264;34295808;1397067776;0;0;0;0;0;0;0;0;0;0;0;3256;0;0;125;0;42;0;
29224;5201404;1198731264;34295808;1397067776;0;0;0;0;0;0;0;0;0;0;0;3496;0;0;125;0;42;0;
29225;4248167;1198731264;34295808;1397067776;0;0;0;0;0;0;0;0;0;0;0;3387;0;0;125;0;42;0;
29226;5366885;1198731264;34295808;1397067776;0;0;0;0;0;0;0;0;0;0;0;2865;0;0;125;0;42;0;
29227;4994937;1198731264;34295808;1397067776;0;0;0;0;0;0;0;0;0;0;0;4699;0;0;125;0;42;0;
29228;5899634;1198731264;34295808;1397067776;0;0;0;0;0;0;0;0;0;0;0;4369;0;0;125;0;42;0;
29229;4029397;1198731264;34295808;1397067776;0;0;0;0;0;0;0;0;0;0;0;3476;0;0;125;0;42;0;
29230;5870860;1198731264;34295808;1397067776;0;0;0;0;0;0;0;0;0;0;0;3497;0;0;125;0;42;0;
29231;3519270;1198731264;34295808;1397067776;0;0;0;0;0;0;0;0;0;0;0;3887;0;0;125;0;42;0;
29232;5111556;1198731264;34295808;1397067776;0;0;0;0;0;0;0;0;0;0;0;4027;0;0;125;0;42;0;
29233;3767496;1198731264;34295808;1397067776;0;0;0;0;0;0;0;0;0;0;0;2806;0;0;125;0;42;0;
29234;6052511;1198731264;34295808;1397067776;0;0;0;0;0;0;0;0;0;0;0;3306;0;0;125;0;42;0;
29235;3447295;1198731264;34295808;1397067776;0;0;0;0;0;0;0;0;0;0;0;3526;0;0;125;0;42;0;
29236;5416047;1198731264;34295808;1397067776;0;0;0;0;0;0;0;0;0;0;0;3486;0;0;125;0;42;0;
29237;3132424;1198731264;34295808;1397067776;0;0;0;0;0;0;0;0;0;0;0;3066;0;0;125;0;42;0;
29238;4926159;1198731264;34295808;1397067776;0;0;0;0;0;0;0;0;0;0;0;3196;0;0;125;0;42;0;
29239;4272452;1198731264;34295808;1397067776;0;0;0;0;0;0;0;0;0;0;0;5099;0;0;125;0;42;0;
29240;6093278;1198731264;34295808;1397067776;0;0;0;0;0;0;0;0;0;0;0;5050;0;0;125;0;42;0;
29241;4896644;1198731264;34295808;1397067776;0;0;0;0;0;0;0;0;0;0;0;3397;0;0;125;0;42;0;
29242;5245878;1198731264;34295808;1397067776;0;0;0;0;0;0;0;0;0;0;0;3096;0;0;125;0;42;0;
29243;3396980;1198731264;34295808;1397067776;0;0;0;0;0;0;0;0;0;0;0;3005;0;0;125;0;42;0;
29244;5166569;1198731264;34295808;1397067776;0;0;0;0;0;0;0;0;0;0;0;3337;0;0;125;0;42;0;
29245;4384182;1198731264;34295808;1397067776;0;0;0;0;0;0;0;0;0;0;0;3376;0;0;125;0;42;0;
29246;5897811;1198731264;34295808;1397067776;0;0;0;0;0;0;0;0;0;0;0;3296;0;0;125;0;42;0;
29247;3979943;1198731264;34295808;1397067776;0;0;0;0;0;0;0;0;0;0;0;3707;0;0;125;0;42;0;
29248;5958925;1198731264;34295808;1397067776;0;0;0;0;0;0;0;0;0;0;0;3306;0;0;125;0;42;0;
29249;3273099;1198731264;34295808;1397067776;0;0;0;0;0;0;0;0;0;0;0;4258;0;0;125;0;42;0;
29250;5148866;1198731264;34295808;1397067776;0;0;0;0;0;0;0;0;0;0;0;2855;0;0;125;0;42;0;
29251;3329414;1198731264;34295808;1397067776;0;0;0;0;0;0;0;0;0;0;0;2875;0;0;125;0;42;0;
29252;5146241;1198731264;34295808;1397067776;0;0;0;0;0;0;0;0;0;0;0;3887;0;0;125;0;42;0;
29253;3797071;1198731264;34295808;1397067776;0;0;0;0;0;0;0;0;0;0;0;2976;0;0;125;0;42;0;
29254;4931869;1198731264;34295808;1397067776;0;0;0;0;0;0;0;0;0;0;0;2785;0;0;125;0;42;0;
29255;3903571;1198731264;34295808;1397067776;0;0;0;0;0;0;0;0;0;0;0;3286;0;0;125;0;42;0;
29256;5112638;1198731264;34295808;1397067776;0;0;0;0;0;0;0;0;0;0;0;2875;0;0;125;0;42;0;
29257;3678579;1198731264;34295808;1397067776;0;0;0;0;0;0;0;0;0;0;0;3527;0;0;125;0;42;0;
29258;4985209;1198731264;34295808;1397067776;0;0;0;0;0;0;0;0;0;0;0;3116;0;0;125;0;42;0;
29259;3848156;1198731264;34295808;1397067776;0;0;0;0;0;0;0;0;0;0;0;3507;0;0;125;0;42;0;
29260;5380260;1198731264;34295808;1397067776;0;0;0;0;0;0;0;0;0;0;0;3617;0;0;125;0;42;0;
29261;3579503;1198731264;34295808;1397067776;0;0;0;0;0;0;0;0;0;0;0;3696;0;0;125;0;42;0;
29262;5281956;1198731264;34295808;1397067776;0;0;0;0;0;0;0;0;0;0;0;3507;0;0;125;0;42;0;
29263;4736343;1198731264;34295808;1397067776;0;0;0;0;0;0;0;0;0;0;0;3626;0;0;125;0;42;0;
29264;5552463;1198731264;34295808;1397067776;0;0;0;0;0;0;0;0;0;0;0;2645;0;0;125;0;42;0;
29265;3434521;1198731264;34295808;1397067776;0;0;0;0;0;0;0;0;0;0;0;2985;0;0;125;0;42;0;
29266;5192618;1198731264;34295808;1397067776;0;0;0;0;0;0;0;0;0;0;0;2705;0;0;125;0;42;0;
29267;4235964;1198731264;34295808;1397067776;0;0;0;0;0;0;0;0;0;0;0;3096;0;0;125;0;42;0;
29268;5343771;1198731264;34295808;1397067776;0;0;0;0;0;0;0;0;0;0;0;2855;0;0;125;0;42;0;
29269;3556940;1198731264;34295808;1397067776;0;0;0;0;0;0;0;0;0;0;0;2815;0;0;125;0;42;0;
29270;5317552;1198731264;34295808;1397067776;0;0;0;0;0;0;0;0;0;0;0;3506;0;0;125;0;42;0;
29271;4232708;1198731264;34295808;1397067776;0;0;0;0;0;0;0;0;0;0;0;3156;0;0;125;0;42;0;
29272;5520653;1198731264;34295808;1397067776;0;0;0;0;0;0;0;0;0;0;0;2565;0;0;125;0;42;0;
29273;3953765;1198731264;34295808;1397067776;0;0;0;0;0;0;0;0;0;0;0;4208;0;0;125;0;42;0;
29274;5267449;1198731264;34295808;1397067776;0;0;0;0;0;0;0;0;0;0;0;3376;0;0;125;0;42;0;
29275;4542569;1198731264;34295808;1397067776;0;0;0;0;0;0;0;0;0;0;0;2865;0;0;125;0;42;0;
29276;5470129;1198731264;34295808;1397067776;0;0;0;0;0;0;0;0;0;0;0;2455;0;0;125;0;42;0;
29277;4749307;1198731264;34295808;1397067776;0;0;0;0;0;0;0;0;0;0;0;3858;0;0;125;0;42;0;
29278;6066106;1198731264;34295808;1397067776;0;0;0;0;0;0;0;0;0;0;0;4158;0;0;125;0;42;0;
29279;4672252;1198731264;34295808;1397067776;0;0;0;0;0;0;0;0;0;0;0;4329;0;0;125;0;42;0;
29280;5677978;1198731264;34295808;1397067776;0;0;0;0;0;0;0;0;0;0;0;3968;0;0;125;0;42;0;
29281;5130081;1198731264;34295808;1397067776;0;0;0;0;0;0;0;0;0;0;0;4568;0;0;125;0;42;0;
29282;5509071;1198731264;34295808;1397067776;0;0;0;0;0;0;0;0;0;0;0;3827;0;0;125;0;42;0;
29283;5238144;1198731264;34295808;1397067776;0;0;0;0;0;0;0;0;0;0;0;60724;0;0;125;0;42;0;
29284;6165913;1198731264;34295808;1397067776;0;0;0;0;0;0;0;0;0;0;0;4619;0;0;125;0;42;0;
29285;4371017;1198731264;34295808;1397067776;0;0;0;0;0;0;0;0;0;0;0;3556;0;0;125;0;42;0;
29286;5102950;1198731264;34295808;1397067776;0;0;0;0;0;0;0;0;0;0;0;3476;0;0;125;0;42;0;
29287;5316220;1198731264;34295808;1397067776;0;0;0;0;0;0;0;0;0;0;0;4288;0;0;125;0;42;0;
29288;5619439;1198731264;34295808;1397067776;0;0;0;0;0;0;0;0;0;0;0;3586;0;0;125;0;42;0;
29289;4938602;1198731264;34295808;1397067776;0;0;0;0;0;0;0;0;0;0;0;3897;0;0;125;0;42;0;
29290;5999852;1198731264;34295808;1397067776;0;0;0;0;0;0;0;0;0;0;0;4438;0;0;125;0;42;0;
29291;3395107;1198731264;34295808;1397067776;0;0;0;0;0;0;0;0;0;0;0;2946;0;0;125;0;42;0;
29292;5413552;1198731264;34295808;1397067776;0;0;0;0;0;0;0;0;0;0;0;3687;0;0;125;0;42;0;
29293;4161815;1198731264;34295808;1397067776;0;0;0;0;0;0;0;0;0;0;0;4619;0;0;125;0;42;0;
29294;6289976;1198731264;34295808;1397067776;0;0;0;0;0;0;0;0;0;0;0;4018;0;0;125;0;42;0;
29295;5125261;1198731264;34295808;1397067776;0;0;0;0;0;0;0;0;0;0;0;4989;0;0;125;0;42;0;
29296;6348657;1198731264;34295808;1397067776;0;0;0;0;0;0;0;0;0;0;0;4048;0;0;125;0;42;0;
29297;5069577;1198731264;34295808;1397067776;0;0;0;0;0;0;0;0;0;0;0;4298;0;0;125;0;42;0;
29298;5344332;1198731264;34295808;1397067776;0;0;0;0;0;0;0;0;0;0;0;3386;0;0;125;0;42;0;
29299;4849345;1198731264;34295808;1397067776;0;0;0;0;0;0;0;0;0;0;0;3777;0;0;125;0;42;0;
29300;5721710;1198731264;34295808;1397067776;0;0;0;0;0;0;0;0;0;0;0;3366;0;0;125;0;42;0;
29301;4119786;1198731264;34295808;1397067776;0;0;0;0;0;0;0;0;0;0;0;2565;0;0;125;0;42;0;
29302;4992342;1198731264;34295808;1397067776;0;0;0;0;0;0;0;0;0;0;0;2504;0;0;125;0;42;0;
29303;3995483;1198731264;34295808;1397067776;0;0;0;0;0;0;0;0;0;0;0;2675;0;0;125;0;42;0;
29304;5090787;1198731264;34295808;1397067776;0;0;0;0;0;0;0;0;0;0;0;2655;0;0;125;0;42;0;
29305;5289800;1198731264;34295808;1397067776;0;0;0;0;0;0;0;0;0;0;0;5621;0;0;125;0;42;0;
29306;5462985;1198731264;34295808;1397067776;0;0;0;0;0;0;0;0;0;0;0;3396;0;0;125;0;42;0;
29307;4910198;1198731264;34295808;1397067776;0;0;0;0;0;0;0;0;0;0;0;4399;0;0;125;0;42;0;
29308;5134899;1198731264;34295808;1397067776;0;0;0;0;0;0;0;0;0;0;0;3366;0;0;125;0;42;0;
29309;3860811;1198731264;34295808;1397067776;0;0;0;0;0;0;0;0;0;0;0;4548;0;0;125;0;42;0;
29310;7013333;1198731264;34295808;1397067776;0;0;0;0;0;0;0;0;0;0;0;5040;0;0;125;0;42;0;
29311;5959747;1198731264;34295808;1397067776;0;0;0;0;0;0;0;0;0;0;0;4158;0;0;125;0;42;0;
29312;6221237;1198731264;34295808;1397067776;0;0;0;0;0;0;0;0;0;0;0;4168;0;0;125;0;42;0;
29313;4617419;1198731264;34295808;1397067776;0;0;0;0;0;0;0;0;0;0;0;4048;0;0;125;0;42;0;
29314;5726790;1198731264;34295808;1397067776;0;0;0;0;0;0;0;0;0;0;0;3817;0;0;125;0;42;0;
29315;3216232;1198731264;34295808;1397067776;0;0;0;0;0;0;0;0;0;0;0;2985;0;0;125;0;42;0;
29316;5473325;1198731264;34295808;1397067776;0;0;0;0;0;0;0;0;0;0;0;3206;0;0;125;0;42;0;
29317;3091729;1198731264;34295808;1397067776;0;0;0;0;0;0;0;0;0;0;0;3095;0;0;125;0;42;0;
29318;5072613;1198731264;34295808;1397067776;0;0;0;0;0;0;0;0;0;0;0;2525;0;0;125;0;42;0;
29319;3128717;1198731264;34295808;1397067776;0;0;0;0;0;0;0;0;0;0;0;3126;0;0;125;0;42;0;
29320;5117988;1198731264;34295808;1397067776;0;0;0;0;0;0;0;0;0;0;0;2845;0;0;125;0;42;0;
29321;3333331;1198731264;34295808;1397067776;0;0;0;0;0;0;0;0;0;0;0;3247;0;0;125;0;42;0;
29322;4773612;1198731264;34295808;1397067776;0;0;0;0;0;0;0;0;0;0;0;3096;0;0;125;0;42;0;
29323;5048628;1198731264;34295808;1397067776;0;0;0;0;0;0;0;0;0;0;0;4268;0;0;125;0;42;0;
29324;5481671;1198731264;34295808;1397067776;0;0;0;0;0;0;0;0;0;0;0;3607;0;0;125;0;42;0;
29325;4059023;1198731264;34295808;1397067776;0;0;0;0;0;0;0;0;0;0;0;3998;0;0;125;0;42;0;
29326;5549578;1198731264;34295808;1397067776;0;0;0;0;0;0;0;0;0;0;0;3798;0;0;125;0;42;0;
29327;4676821;1198731264;34295808;1397067776;0;0;0;0;0;0;0;0;0;0;0;3616;0;0;125;0;42;0;
29328;5206694;1198731264;34295808;1397067776;0;0;0;0;0;0;0;0;0;0;0;3377;0;0;125;0;42;0;
29329;3092029;1198731264;34295808;1397067776;0;0;0;0;0;0;0;0;0;0;0;2335;0;0;125;0;42;0;
29330;5376654;1198731264;34295808;1397067776;0;0;0;0;0;0;0;0;0;0;0;2465;0;0;125;0;42;0;
29331;2629992;1198731264;34295808;1397067776;0;0;0;0;0;0;0;0;0;0;0;2495;0;0;125;0;42;0;
29332;5326740;1198731264;34295808;1397067776;0;0;0;0;0;0;0;0;0;0;0;2755;0;0;125;0;42;0;
29333;3928698;1198731264;34295808;1397067776;0;0;0;0;0;0;0;0;0;0;0;4829;0;0;125;0;42;0;
29334;5707955;1198731264;34295808;1397067776;0;0;0;0;0;0;0;0;0;0;0;3637;0;0;125;0;42;0;
29335;3347488;1198731264;34295808;1397067776;0;0;0;0;0;0;0;0;0;0;0;2825;0;0;125;0;42;0;
29336;5125532;1198731264;34295808;1397067776;0;0;0;0;0;0;0;0;0;0;0;2325;0;0;125;0;42;0;
29337;3078713;1198731264;34295808;1397067776;0;0;0;0;0;0;0;0;0;0;0;3076;0;0;125;0;42;0;
29338;4949492;1198731264;34295808;1397067776;0;0;0;0;0;0;0;0;0;0;0;2645;0;0;125;0;42;0;
29339;3211443;1198731264;34295808;1397067776;0;0;0;0;0;0;0;0;0;0;0;3206;0;0;125;0;42;0;
29340;4751150;1198731264;34295808;1397067776;0;0;0;0;0;0;0;0;0;0;0;2905;0;0;125;0;42;0;
29341;3008582;1198731264;34295808;1397067776;0;0;0;0;0;0;0;0;0;0;0;2996;0;0;125;0;42;0;
29342;4962908;1198731264;34295808;1397067776;0;0;0;0;0;0;0;0;0;0;0;2745;0;0;125;0;42;0;
29343;3552512;1198731264;34295808;1397067776;0;0;0;0;0;0;0;0;0;0;0;3877;0;0;125;0;42;0;
29344;5368869;1198731264;34295808;1397067776;0;0;0;0;0;0;0;0;0;0;0;3787;0;0;125;0;42;0;
29345;2678614;1198731264;34295808;1397067776;0;0;0;0;0;0;0;0;0;0;0;3376;0;0;125;0;42;0;
29346;5369560;1198731264;34295808;1397067776;0;0;0;0;0;0;0;0;0;0;0;2735;0;0;125;0;42;0;
29347;3088612;1198731264;34295808;1397067776;0;0;0;0;0;0;0;0;0;0;0;2755;0;0;125;0;42;0;
29348;5219178;1198731264;34295808;1397067776;0;0;0;0;0;0;0;0;0;0;0;2775;0;0;125;0;42;0;
29349;2466415;1198731264;34295808;1397067776;0;0;0;0;0;0;0;0;0;0;0;3306;0;0;125;0;42;0;
29350;4933572;1198731264;34295808;1397067776;0;0;0;0;0;0;0;0;0;0;0;2685;0;0;125;0;42;0;
29351;3076009;1198731264;34295808;1397067776;0;0;0;0;0;0;0;0;0;0;0;3116;0;0;125;0;42;0;
29352;5220631;1198731264;34295808;1397067776;0;0;0;0;0;0;0;0;0;0;0;2484;0;0;125;0;42;0;
29353;3530601;1198731264;34295808;1397067776;0;0;0;0;0;0;0;0;0;0;0;4559;0;0;125;0;42;0;
29354;5218166;1198731264;34295808;1397067776;0;0;0;0;0;0;0;0;0;0;0;3837;0;0;125;0;42;0;
29355;4683494;1198731264;34295808;1397067776;0;0;0;0;0;0;0;0;0;0;0;3136;0;0;125;0;42;0;
29356;5103471;1198731264;34295808;1397067776;0;0;0;0;0;0;0;0;0;0;0;2805;0;0;125;0;42;0;
29357;2782608;1198731264;34295808;1397067776;0;0;0;0;0;0;0;0;0;0;0;3035;0;0;125;0;42;0;
29358;5214219;1198731264;34295808;1397067776;0;0;0;0;0;0;0;0;0;0;0;2495;0;0;125;0;42;0;
29359;4127000;1198731264;34295808;1397067776;0;0;0;0;0;0;0;0;0;0;0;63389;0;0;125;0;42;0;
29360;5617174;1198731264;34295808;1397067776;0;0;0;0;0;0;0;0;0;0;0;4198;0;0;125;0;42;0;
29361;4105179;1198731264;34295808;1397067776;0;0;0;0;0;0;0;0;0;0;0;4819;0;0;125;0;42;0;
29362;5426747;1198731264;34295808;1397067776;0;0;0;0;0;0;0;0;0;0;0;3657;0;0;125;0;42;0;
29363;3685412;1198731264;34295808;1397067776;0;0;0;0;0;0;0;0;0;0;0;3917;0;0;125;0;42;0;
29364;5426527;1198731264;34295808;1397067776;0;0;0;0;0;0;0;0;0;0;0;4278;0;0;125;0;42;0;
29365;4276410;1198731264;34295808;1397067776;0;0;0;0;0;0;0;0;0;0;0;4609;0;0;125;0;42;0;
29366;5221472;1198731264;34295808;1397067776;0;0;0;0;0;0;0;0;0;0;0;2926;0;0;125;0;42;0;
29367;3932465;1198731264;34295808;1397067776;0;0;0;0;0;0;0;0;0;0;0;2805;0;0;125;0;42;0;
29368;5844070;1198731264;34295808;1397067776;0;0;0;0;0;0;0;0;0;0;0;3036;0;0;125;0;42;0;
29369;3407600;1198731264;34295808;1397067776;0;0;0;0;0;0;0;0;0;0;0;3616;0;0;125;0;42;0;
29370;5381262;1198731264;34295808;1397067776;0;0;0;0;0;0;0;0;0;0;0;3767;0;0;125;0;42;0;
29371;4436881;1198731264;34295808;1397067776;0;0;0;0;0;0;0;0;0;0;0;3627;0;0;125;0;42;0;
29372;5378988;1198731264;34295808;1397067776;0;0;0;0;0;0;0;0;0;0;0;2906;0;0;125;0;42;0;
29373;3241810;1198731264;34295808;1397067776;0;0;0;0;0;0;0;0;0;0;0;3377;0;0;125;0;42;0;
29374;4863701;1198731264;34295808;1397067776;0;0;0;0;0;0;0;0;0;0;0;2895;0;0;125;0;42;0;
29375;2871174;1198731264;34295808;1397067776;0;0;0;0;0;0;0;0;0;0;0;3477;0;0;125;0;42;0;
29376;5386822;1198731264;34295808;1397067776;0;0;0;0;0;0;0;0;0;0;0;2655;0;0;125;0;42;0;
29377;2711906;1198731264;34295808;1397067776;0;0;0;0;0;0;0;0;0;0;0;2665;0;0;125;0;42;0;
29378;5024874;1198731264;34295808;1397067776;0;0;0;0;0;0;0;0;0;0;0;2294;0;0;125;0;42;0;
29379;2459342;1198731264;34295808;1397067776;0;0;0;0;0;0;0;0;0;0;0;2996;0;0;125;0;42;0;
29380;4762952;1198731264;34295808;1397067776;0;0;0;0;0;0;0;0;0;0;0;2414;0;0;125;0;42;0;
29381;4032933;1198731264;34295808;1397067776;0;0;0;0;0;0;0;0;0;0;0;3567;0;0;125;0;42;0;
29382;5083994;1198731264;34295808;1397067776;0;0;0;0;0;0;0;0;0;0;0;3136;0;0;125;0;42;0;
29383;3916425;1198731264;34295808;1397067776;0;0;0;0;0;0;0;0;0;0;0;2866;0;0;125;0;42;0;
29384;4974950;1198731264;34295808;1397067776;0;0;0;0;0;0;0;0;0;0;0;2485;0;0;125;0;42;0;
29385;3116975;1198731264;34295808;1397067776;0;0;0;0;0;0;0;0;0;0;0;2735;0;0;125;0;42;0;
29386;5147574;1198731264;34295808;1397067776;0;0;0;0;0;0;0;0;0;0;0;2635;0;0;125;0;42;0;
29387;3227262;1198731264;34295808;1397067776;0;0;0;0;0;0;0;0;0;0;0;3387;0;0;125;0;42;0;
29388;5362407;1198731264;34295808;1397067776;0;0;0;0;0;0;0;0;0;0;0;3546;0;0;125;0;42;0;
29389;4414569;1198731264;34295808;1397067776;0;0;0;0;0;0;0;0;0;0;0;3687;0;0;125;0;42;0;
29390;5235598;1198731264;34295808;1397067776;0;0;0;0;0;0;0;0;0;0;0;3196;0;0;125;0;42;0;
29391;5813242;1198731264;34295808;1397067776;0;0;0;0;0;0;0;0;0;0;0;5761;0;0;125;0;42;0;
29392;10605820;1198731264;34295808;1397067776;0;0;0;0;0;0;0;0;0;0;0;4729;0;0;125;0;42;0;
29393;6759687;1198731264;34295808;1397067776;0;0;0;0;0;0;0;0;0;0;0;5420;0;0;125;0;42;0;
29394;5953646;1198731264;34295808;1397067776;0;0;0;0;0;0;0;0;0;0;0;4819;0;0;125;0;42;0;
29395;5802832;1198731264;34295808;1397067776;0;0;0;0;0;0;0;0;0;0;0;4419;0;0;125;0;42;0;
29396;5756315;1198731264;34295808;1397067776;0;0;0;0;0;0;0;0;0;0;0;4128;0;0;125;0;42;0;
29397;5229187;1198731264;34295808;1397067776;0;0;0;0;0;0;0;0;0;0;0;5119;0;0;125;0;42;0;
29398;5574794;1198731264;34295808;1397067776;0;0;0;0;0;0;0;0;0;0;0;4569;0;0;125;0;42;0;
29399;5594832;1198731264;34295808;1397067776;0;0;0;0;0;0;0;0;0;0;0;3858;0;0;125;0;42;0;
29400;5587238;1198731264;34295808;1397067776;0;0;0;0;0;0;0;0;0;0;0;3146;0;0;125;0;42;0;
29401;4129916;1198731264;34295808;1397067776;0;0;0;0;0;0;0;0;0;0;0;4338;0;0;125;0;42;0;
29402;5671076;1198731264;34295808;1397067776;0;0;0;0;0;0;0;0;0;0;0;3567;0;0;125;0;42;0;
29403;3548244;1198731264;34295808;1397067776;0;0;0;0;0;0;0;0;0;0;0;2826;0;0;125;0;42;0;
29404;5388686;1198731264;34295808;1397067776;0;0;0;0;0;0;0;0;0;0;0;2585;0;0;125;0;42;0;
29405;4823986;1198731264;34295808;1397067776;0;0;0;0;0;0;0;0;0;0;0;3938;0;0;125;0;42;0;
29406;5479526;1198731264;34295808;1397067776;0;0;0;0;0;0;0;0;0;0;0;3707;0;0;125;0;42;0;
29407;3608598;1198731264;34295808;1397067776;0;0;0;0;0;0;0;0;0;0;0;3036;0;0;125;0;42;0;
29408;4886364;1198731264;34295808;1397067776;0;0;0;0;0;0;0;0;0;0;0;2545;0;0;125;0;42;0;
29409;3563953;1198731264;34295808;1397067776;0;0;0;0;0;0;0;0;0;0;0;2875;0;0;125;0;42;0;
29410;5437357;1198731264;34295808;1397067776;0;0;0;0;0;0;0;0;0;0;0;2505;0;0;125;0;42;0;
29411;3250967;1198731264;34295808;1397067776;0;0;0;0;0;0;0;0;0;0;0;2996;0;0;125;0;42;0;
29412;5074256;1198731264;34295808;1397067776;0;0;0;0;0;0;0;0;0;0;0;2424;0;0;125;0;42;0;
29413;3205452;1198731264;34295808;1397067776;0;0;0;0;0;0;0;0;0;0;0;2505;0;0;125;0;42;0;
29414;5983041;1198731264;34295808;1397067776;0;0;0;0;0;0;0;0;0;0;0;2495;0;0;125;0;42;0;
29415;2408497;1198731264;34295808;1397067776;0;0;0;0;0;0;0;0;0;0;0;3156;0;0;125;0;42;0;
29416;5486229;1198731264;34295808;1397067776;0;0;0;0;0;0;0;0;0;0;0;2505;0;0;125;0;42;0;
29417;2880112;1198731264;34295808;1397067776;0;0;0;0;0;0;0;0;0;0;0;3046;0;0;125;0;42;0;
29418;5196385;1198731264;34295808;1397067776;0;0;0;0;0;0;0;0;0;0;0;2886;0;0;125;0;42;0;
29419;2361910;1198731264;34295808;1397067776;0;0;0;0;0;0;0;0;0;0;0;2905;0;0;125;0;42;0;
29420;4696347;1198731264;34295808;1397067776;0;0;0;0;0;0;0;0;0;0;0;2314;0;0;125;0;42;0;
29421;3269432;1198731264;34295808;1397067776;0;0;0;0;0;0;0;0;0;0;0;2765;0;0;125;0;42;0;
29422;5426567;1198731264;34295808;1397067776;0;0;0;0;0;0;0;0;0;0;0;3386;0;0;125;0;42;0;
29423;4183345;1198731264;34295808;1397067776;0;0;0;0;0;0;0;0;0;0;0;4729;0;0;125;0;42;0;
29424;5383717;1198731264;34295808;1397067776;0;0;0;0;0;0;0;0;0;0;0;3687;0;0;125;0;42;0;
29425;4964370;1198731264;34295808;1397067776;0;0;0;0;0;0;0;0;0;0;0;5029;0;0;125;0;42;0;
29426;5453968;1198731264;34295808;1397067776;0;0;0;0;0;0;0;0;0;0;0;3327;0;0;125;0;42;0;
29427;4138651;1198731264;34295808;1397067776;0;0;0;0;0;0;0;0;0;0;0;3978;0;0;125;0;42;0;
29428;5198800;1198731264;34295808;1397067776;0;0;0;0;0;0;0;0;0;0;0;3247;0;0;125;0;42;0;
29429;4287561;1198731264;34295808;1397067776;0;0;0;0;0;0;0;0;0;0;0;4038;0;0;125;0;42;0;
29430;5340706;1198731264;34295808;1397067776;0;0;0;0;0;0;0;0;0;0;0;3236;0;0;125;0;42;0;
29431;3551700;1198731264;34295808;1397067776;0;0;0;0;0;0;0;0;0;0;0;2495;0;0;125;0;42;0;
29432;5061322;1198731264;34295808;1397067776;0;0;0;0;0;0;0;0;0;0;0;2766;0;0;125;0;42;0;
29433;2894729;1198731264;34295808;1397067776;0;0;0;0;0;0;0;0;0;0;0;3346;0;0;125;0;42;0;
29434;4811172;1198731264;34295808;1397067776;0;0;0;0;0;0;0;0;0;0;0;2465;0;0;125;0;42;0;
29435;3743711;1198731264;34295808;1397067776;0;0;0;0;0;0;0;0;0;0;0;3236;0;0;125;0;42;0;
29436;5217845;1198731264;34295808;1397067776;0;0;0;0;0;0;0;0;0;0;0;3226;0;0;125;0;42;0;
29437;4046759;1198731264;34295808;1397067776;0;0;0;0;0;0;0;0;0;0;0;3226;0;0;125;0;42;0;
29438;4940195;1198731264;34295808;1397067776;0;0;0;0;0;0;0;0;0;0;0;2274;0;0;125;0;42;0;
29439;3756104;1198731264;34295808;1397067776;0;0;0;0;0;0;0;0;0;0;0;2865;0;0;125;0;42;0;
29440;4947338;1198731264;34295808;1397067776;0;0;0;0;0;0;0;0;0;0;0;2485;0;0;125;0;42;0;
29441;3542414;1198731264;34295808;1397067776;0;0;0;0;0;0;0;0;0;0;0;3026;0;0;125;0;42;0;
29442;5173332;1198731264;34295808;1397067776;0;0;0;0;0;0;0;0;0;0;0;2735;0;0;125;0;42;0;
29443;3226040;1198731264;34295808;1397067776;0;0;0;0;0;0;0;0;0;0;0;2705;0;0;125;0;42;0;
29444;5405848;1198731264;34295808;1397067776;0;0;0;0;0;0;0;0;0;0;0;3216;0;0;125;0;42;0;
29445;3110954;1198731264;34295808;1397067776;0;0;0;0;0;0;0;0;0;0;0;3356;0;0;125;0;42;0;
29446;4936718;1198731264;34295808;1397067776;0;0;0;0;0;0;0;0;0;0;0;2775;0;0;125;0;42;0;
29447;3383476;1198731264;34295808;1397067776;0;0;0;0;0;0;0;0;0;0;0;3357;0;0;125;0;42;0;
29448;4860726;1198731264;34295808;1397067776;0;0;0;0;0;0;0;0;0;0;0;3106;0;0;125;0;42;0;
29449;3071660;1198731264;34295808;1397067776;0;0;0;0;0;0;0;0;0;0;0;2895;0;0;125;0;42;0;
29450;5153595;1198731264;34295808;1397067776;0;0;0;0;0;0;0;0;0;0;0;2755;0;0;125;0;42;0;
29451;3100485;1198731264;34295808;1397067776;0;0;0;0;0;0;0;0;0;0;0;3006;0;0;125;0;42;0;
29452;4941006;1198731264;34295808;1397067776;0;0;0;0;0;0;0;0;0;0;0;2655;0;0;125;0;42;0;
29453;3336597;1198731264;34295808;1397067776;0;0;0;0;0;0;0;0;0;0;0;3006;0;0;125;0;42;0;
29454;5240639;1198731264;34295808;1397067776;0;0;0;0;0;0;0;0;0;0;0;3457;0;0;125;0;42;0;
29455;4304523;1198731264;34295808;1397067776;0;0;0;0;0;0;0;0;0;0;0;4629;0;0;125;0;42;0;
29456;5413913;1198731264;34295808;1397067776;0;0;0;0;0;0;0;0;0;0;0;4328;0;0;125;0;42;0;
29457;3753770;1198731264;34295808;1397067776;0;0;0;0;0;0;0;0;0;0;0;3467;0;0;125;0;42;0;
29458;5148856;1198731264;34295808;1397067776;0;0;0;0;0;0;0;0;0;0;0;2855;0;0;125;0;42;0;
29459;4212490;1198731264;34295808;1397067776;0;0;0;0;0;0;0;0;0;0;0;3897;0;0;125;0;42;0;
29460;5289170;1198731264;34295808;1397067776;0;0;0;0;0;0;0;0;0;0;0;3396;0;0;125;0;42;0;
29461;4275838;1198731264;34295808;1397067776;0;0;0;0;0;0;0;0;0;0;0;4047;0;0;125;0;42;0;
29462;6298442;1198731264;34295808;1397067776;0;0;0;0;0;0;0;0;0;0;0;3567;0;0;125;0;42;0;
29463;4158959;1198731264;34295808;1397067776;0;0;0;0;0;0;0;0;0;0;0;3827;0;0;125;0;42;0;
29464;5368858;1198731264;34295808;1397067776;0;0;0;0;0;0;0;0;0;0;0;3557;0;0;125;0;42;0;
29465;4000002;1198731264;34295808;1397067776;0;0;0;0;0;0;0;0;0;0;0;3857;0;0;125;0;42;0;
29466;5531233;1198731264;34295808;1397067776;0;0;0;0;0;0;0;0;0;0;0;3417;0;0;125;0;42;0;
29467;2806794;1198731264;34295808;1397067776;0;0;0;0;0;0;0;0;0;0;0;3066;0;0;125;0;42;0;
29468;5165037;1198731264;34295808;1397067776;0;0;0;0;0;0;0;0;0;0;0;2354;0;0;125;0;42;0;
29469;4834576;1198731264;34295808;1397067776;0;0;0;0;0;0;0;0;0;0;0;3747;0;0;125;0;42;0;
29470;5900876;1198731264;34295808;1397067776;0;0;0;0;0;0;0;0;0;0;0;3546;0;0;125;0;42;0;
29471;3385860;1198731264;34295808;1397067776;0;0;0;0;0;0;0;0;0;0;0;2956;0;0;125;0;42;0;
29472;4946657;1198731264;34295808;1397067776;0;0;0;0;0;0;0;0;0;0;0;2936;0;0;125;0;42;0;
29473;4724269;1198731264;34295808;1397067776;0;0;0;0;0;0;0;0;0;0;0;3637;0;0;125;0;42;0;
29474;5251068;1198731264;34295808;1397067776;0;0;0;0;0;0;0;0;0;0;0;3396;0;0;125;0;42;0;
29475;4026762;1198731264;34295808;1397067776;0;0;0;0;0;0;0;0;0;0;0;3947;0;0;125;0;42;0;
29476;5708225;1198731264;34295808;1397067776;0;0;0;0;0;0;0;0;0;0;0;12584;0;0;125;0;42;0;
29477;4829517;1198731264;34295808;1397067776;0;0;0;0;0;0;0;0;0;0;0;3546;0;0;125;0;42;0;
29478;5473815;1198731264;34295808;1397067776;0;0;0;0;0;0;0;0;0;0;0;3467;0;0;125;0;42;0;
29479;4810511;1198731264;34295808;1397067776;0;0;0;0;0;0;0;0;0;0;0;5159;0;0;125;0;42;0;
29480;6223341;1198731264;34295808;1397067776;0;0;0;0;0;0;0;0;0;0;0;4408;0;0;125;0;42;0;
29481;4634882;1198731264;34295808;1397067776;0;0;0;0;0;0;0;0;0;0;0;3457;0;0;125;0;42;0;
29482;5227333;1198731264;34295808;1397067776;0;0;0;0;0;0;0;0;0;0;0;3116;0;0;125;0;42;0;
29483;4028335;1198731264;34295808;1397067776;0;0;0;0;0;0;0;0;0;0;0;3016;0;0;125;0;42;0;
29484;4811142;1198731264;34295808;1397067776;0;0;0;0;0;0;0;0;0;0;0;2715;0;0;125;0;42;0;
29485;3521164;1198731264;34295808;1397067776;0;0;0;0;0;0;0;0;0;0;0;3647;0;0;125;0;42;0;
29486;4867087;1198731264;34295808;1397067776;0;0;0;0;0;0;0;0;0;0;0;2745;0;0;125;0;42;0;
29487;3237893;1198731264;34295808;1397067776;0;0;0;0;0;0;0;0;0;0;0;2915;0;0;125;0;42;0;
29488;4676510;1198731264;34295808;1397067776;0;0;0;0;0;0;0;0;0;0;0;2665;0;0;125;0;42;0;
29489;2844925;1198731264;34295808;1397067776;0;0;0;0;0;0;0;0;0;0;0;2715;0;0;125;0;42;0;
29490;5005877;1198731264;34295808;1397067776;0;0;0;0;0;0;0;0;0;0;0;2805;0;0;125;0;42;0;
29491;3519069;1198731264;34295808;1397067776;0;0;0;0;0;0;0;0;0;0;0;2925;0;0;125;0;42;0;
29492;4993825;1198731264;34295808;1397067776;0;0;0;0;0;0;0;0;0;0;0;3136;0;0;125;0;42;0;
29493;2448271;1198731264;34295808;1397067776;0;0;0;0;0;0;0;0;0;0;0;2986;0;0;125;0;42;0;
29494;5113550;1198731264;34295808;1397067776;0;0;0;0;0;0;0;0;0;0;0;3656;0;0;125;0;42;0;
29495;3347077;1198731264;34295808;1397067776;0;0;0;0;0;0;0;0;0;0;0;3056;0;0;125;0;42;0;
29496;4785074;1198731264;34295808;1397067776;0;0;0;0;0;0;0;0;0;0;0;3015;0;0;125;0;42;0;
29497;3788635;1198731264;34295808;1397067776;0;0;0;0;0;0;0;0;0;0;0;3056;0;0;125;0;42;0;
29498;4876365;1198731264;34295808;1397067776;0;0;0;0;0;0;0;0;0;0;0;2564;0;0;125;0;42;0;
29499;3439590;1198731264;34295808;1397067776;0;0;0;0;0;0;0;0;0;0;0;2735;0;0;125;0;42;0;
29500;5083413;1198731264;34295808;1397067776;0;0;0;0;0;0;0;0;0;0;0;2285;0;0;125;0;42;0;
29501;3946552;1198731264;34295808;1397067776;0;0;0;0;0;0;0;0;0;0;0;2995;0;0;125;0;42;0;
29502;5063536;1198731264;34295808;1397067776;0;0;0;0;0;0;0;0;0;0;0;2494;0;0;125;0;42;0;
29503;3065800;1198731264;34295808;1397067776;0;0;0;0;0;0;0;0;0;0;0;2956;0;0;125;0;42;0;
29504;4885031;1198731264;34295808;1397067776;0;0;0;0;0;0;0;0;0;0;0;2535;0;0;125;0;42;0;
29505;3074766;1198731264;34295808;1397067776;0;0;0;0;0;0;0;0;0;0;0;3977;0;0;125;0;42;0;
29506;5467323;1198731264;34295808;1397067776;0;0;0;0;0;0;0;0;0;0;0;3606;0;0;125;0;42;0;
29507;5182088;1198731264;34295808;1397067776;0;0;0;0;0;0;0;0;0;0;0;5220;0;0;125;0;42;0;
29508;5636711;1198731264;34295808;1397067776;0;0;0;0;0;0;0;0;0;0;0;4478;0;0;125;0;42;0;
29509;3772966;1198731264;34295808;1397067776;0;0;0;0;0;0;0;0;0;0;0;3817;0;0;125;0;42;0;
29510;5964235;1198731264;34295808;1397067776;0;0;0;0;0;0;0;0;0;0;0;3697;0;0;125;0;42;0;
29511;5696753;1198731264;34295808;1397067776;0;0;0;0;0;0;0;0;0;0;0;4799;0;0;125;0;42;0;
29512;5725918;1198731264;34295808;1397067776;0;0;0;0;0;0;0;0;0;0;0;3597;0;0;125;0;42;0;
29513;4160342;1198731264;34304000;1397075968;0;0;0;0;0;0;0;0;0;0;0;3336;0;0;125;0;42;0;
29514;5172139;1198731264;34304000;1397075968;0;0;0;0;0;0;0;0;0;0;0;3506;0;0;125;0;42;0;
29515;4289595;1198731264;34304000;1397075968;0;0;0;0;0;0;0;0;0;0;0;3657;0;0;125;0;42;0;
29516;5820746;1198731264;34304000;1397075968;0;0;0;0;0;0;0;0;0;0;0;3326;0;0;125;0;42;0;
29517;3886750;1198731264;34304000;1397075968;0;0;0;0;0;0;0;0;0;0;0;3647;0;0;125;0;42;0;
29518;5410547;1198731264;34304000;1397075968;0;0;0;0;0;0;0;0;0;0;0;3667;0;0;125;0;42;0;
29519;4194055;1198731264;34295808;1397067776;0;0;0;0;0;0;0;0;0;0;0;3516;0;0;125;0;42;0;
29520;5623817;1198731264;34295808;1397067776;0;0;0;0;0;0;0;0;0;0;0;3296;0;0;125;0;42;0;
29521;4191050;1198731264;34295808;1397067776;0;0;0;0;0;0;0;0;0;0;0;3166;0;0;125;0;42;0;
29522;5218447;1198731264;34295808;1397067776;0;0;0;0;0;0;0;0;0;0;0;3576;0;0;125;0;42;0;
29523;4338196;1198731264;34295808;1397067776;0;0;0;0;0;0;0;0;0;0;0;3727;0;0;125;0;42;0;
29524;5557332;1198731264;34295808;1397067776;0;0;0;0;0;0;0;0;0;0;0;3606;0;0;125;0;42;0;
29525;4482407;1198731264;34295808;1397067776;0;0;0;0;0;0;0;0;0;0;0;3747;0;0;125;0;42;0;
29526;5229988;1198731264;34295808;1397067776;0;0;0;0;0;0;0;0;0;0;0;3377;0;0;125;0;42;0;
29527;2858561;1198731264;34295808;1397067776;0;0;0;0;0;0;0;0;0;0;0;2845;0;0;125;0;42;0;
29528;4954782;1198731264;34295808;1397067776;0;0;0;0;0;0;0;0;0;0;0;3016;0;0;125;0;42;0;
29529;2620985;1198731264;34295808;1397067776;0;0;0;0;0;0;0;0;0;0;0;3496;0;0;125;0;42;0;
29530;4740269;1198731264;34295808;1397067776;0;0;0;0;0;0;0;0;0;0;0;2735;0;0;125;0;42;0;
29531;3366794;1198731264;34295808;1397067776;0;0;0;0;0;0;0;0;0;0;0;2645;0;0;125;0;42;0;
29532;4910008;1198731264;34295808;1397067776;0;0;0;0;0;0;0;0;0;0;0;3216;0;0;125;0;42;0;
29533;3730987;1198731264;34295808;1397067776;0;0;0;0;0;0;0;0;0;0;0;5280;0;0;125;0;42;0;
29534;6064894;1198731264;34295808;1397067776;0;0;0;0;0;0;0;0;0;0;0;4428;0;0;125;0;42;0;
29535;5261928;1198731264;34295808;1397067776;0;0;0;0;0;0;0;0;0;0;0;5561;0;0;125;0;42;0;
29536;5811889;1198731264;34295808;1397067776;0;0;0;0;0;0;0;0;0;0;0;3606;0;0;125;0;42;0;
29537;5288027;1198731264;34295808;1397067776;0;0;0;0;0;0;0;0;0;0;0;5119;0;0;125;0;42;0;
29538;5824633;1198731264;34295808;1397067776;0;0;0;0;0;0;0;0;0;0;0;4578;0;0;125;0;42;0;
29539;4937309;1198731264;34295808;1397067776;0;0;0;0;0;0;0;0;0;0;0;5019;0;0;125;0;42;0;
29540;5291984;1198731264;34295808;1397067776;0;0;0;0;0;0;0;0;0;0;0;3798;0;0;125;0;42;0;
29541;4160773;1198731264;34295808;1397067776;0;0;0;0;0;0;0;0;0;0;0;3998;0;0;125;0;42;0;
29542;5382624;1198731264;34295808;1397067776;0;0;0;0;0;0;0;0;0;0;0;3426;0;0;125;0;42;0;
29543;4057178;1198731264;34295808;1397067776;0;0;0;0;0;0;0;0;0;0;0;3106;0;0;125;0;42;0;
29544;5480428;1198731264;34295808;1397067776;0;0;0;0;0;0;0;0;0;0;0;3377;0;0;125;0;42;0;
29545;5040042;1198731264;34295808;1397067776;0;0;0;0;0;0;0;0;0;0;0;3667;0;0;125;0;42;0;
29546;6255120;1198731264;34295808;1397067776;0;0;0;0;0;0;0;0;0;0;0;3317;0;0;125;0;42;0;
29547;4570311;1198731264;34295808;1397067776;0;0;0;0;0;0;0;0;0;0;0;3867;0;0;125;0;42;0;
29548;5147564;1198731264;34295808;1397067776;0;0;0;0;0;0;0;0;0;0;0;3386;0;0;125;0;42;0;
29549;3703816;1198731264;34295808;1397067776;0;0;0;0;0;0;0;0;0;0;0;3938;0;0;125;0;42;0;
29550;5263632;1198731264;34295808;1397067776;0;0;0;0;0;0;0;0;0;0;0;3397;0;0;125;0;42;0;
29551;4324470;1198731264;34295808;1397067776;0;0;0;0;0;0;0;0;0;0;0;3667;0;0;125;0;42;0;
29552;5309397;1198731264;34295808;1397067776;0;0;0;0;0;0;0;0;0;0;0;3717;0;0;125;0;42;0;
29553;3927475;1198731264;34295808;1397067776;0;0;0;0;0;0;0;0;0;0;0;3647;0;0;125;0;42;0;
29554;5685082;1198731264;34295808;1397067776;0;0;0;0;0;0;0;0;0;0;0;3446;0;0;125;0;42;0;
29555;3769670;1198731264;34295808;1397067776;0;0;0;0;0;0;0;0;0;0;0;4138;0;0;125;0;42;0;
29556;5534429;1198731264;34295808;1397067776;0;0;0;0;0;0;0;0;0;0;0;3697;0;0;125;0;42;0;
29557;2916299;1198731264;34295808;1397067776;0;0;0;0;0;0;0;0;0;0;0;2956;0;0;125;0;42;0;
29558;5153264;1198731264;34295808;1397067776;0;0;0;0;0;0;0;0;0;0;0;2825;0;0;125;0;42;0;
29559;3001489;1198731264;34295808;1397067776;0;0;0;0;0;0;0;0;0;0;0;3236;0;0;125;0;42;0;
29560;4931238;1198731264;34295808;1397067776;0;0;0;0;0;0;0;0;0;0;0;2775;0;0;125;0;42;0;
29561;4997212;1198731264;34295808;1397067776;0;0;0;0;0;0;0;0;0;0;0;4669;0;0;125;0;42;0;
29562;5355944;1198731264;34295808;1397067776;0;0;0;0;0;0;0;0;0;0;0;3837;0;0;125;0;42;0;
29563;4291518;1198731264;34295808;1397067776;0;0;0;0;0;0;0;0;0;0;0;3086;0;0;125;0;42;0;
29564;5270064;1198731264;34295808;1397067776;0;0;0;0;0;0;0;0;0;0;0;3817;0;0;125;0;42;0;
29565;4683373;1198731264;34295808;1397067776;0;0;0;0;0;0;0;0;0;0;0;4749;0;0;125;0;42;0;
29566;5188340;1198731264;34295808;1397067776;0;0;0;0;0;0;0;0;0;0;0;3296;0;0;125;0;42;0;
29567;3512157;1198731264;34295808;1397067776;0;0;0;0;0;0;0;0;0;0;0;3948;0;0;125;0;42;0;
29568;5335866;1198731264;34295808;1397067776;0;0;0;0;0;0;0;0;0;0;0;3577;0;0;125;0;42;0;
29569;3729133;1198731264;34295808;1397067776;0;0;0;0;0;0;0;0;0;0;0;3366;0;0;125;0;42;0;
29570;5064548;1198731264;34295808;1397067776;0;0;0;0;0;0;0;0;0;0;0;2645;0;0;125;0;42;0;
29571;2639039;1198731264;34295808;1397067776;0;0;0;0;0;0;0;0;0;0;0;2524;0;0;125;0;42;0;
29572;4800293;1198731264;34295808;1397067776;0;0;0;0;0;0;0;0;0;0;0;2244;0;0;125;0;42;0;
29573;2994005;1198731264;34295808;1397067776;0;0;0;0;0;0;0;0;0;0;0;2515;0;0;125;0;42;0;
29574;4666883;1198731264;34295808;1397067776;0;0;0;0;0;0;0;0;0;0;0;2485;0;0;125;0;42;0;
29575;2687220;1198731264;34295808;1397067776;0;0;0;0;0;0;0;0;0;0;0;2765;0;0;125;0;42;0;
29576;5257660;1198731264;34295808;1397067776;0;0;0;0;0;0;0;0;0;0;0;2856;0;0;125;0;42;0;
29577;3163693;1198731264;34295808;1397067776;0;0;0;0;0;0;0;0;0;0;0;2845;0;0;125;0;42;0;
29578;5066472;1198731264;34295808;1397067776;0;0;0;0;0;0;0;0;0;0;0;2825;0;0;125;0;42;0;
29579;2848412;1198731264;34295808;1397067776;0;0;0;0;0;0;0;0;0;0;0;3005;0;0;125;0;42;0;
29580;4789101;1198731264;34295808;1397067776;0;0;0;0;0;0;0;0;0;0;0;2665;0;0;125;0;42;0;
29581;3472162;1198731264;34295808;1397067776;0;0;0;0;0;0;0;0;0;0;0;3286;0;0;125;0;42;0;
29582;4801845;1198731264;34295808;1397067776;0;0;0;0;0;0;0;0;0;0;0;2625;0;0;125;0;42;0;
29583;2679335;1198731264;34295808;1397067776;0;0;0;0;0;0;0;0;0;0;0;3076;0;0;125;0;42;0;
29584;5732040;1198731264;34295808;1397067776;0;0;0;0;0;0;0;0;0;0;0;2995;0;0;125;0;42;0;
29585;3632462;1198731264;34295808;1397067776;0;0;0;0;0;0;0;0;0;0;0;3236;0;0;125;0;42;0;
29586;5052465;1198731264;34295808;1397067776;0;0;0;0;0;0;0;0;0;0;0;2465;0;0;125;0;42;0;
29587;3591826;1198731264;34295808;1397067776;0;0;0;0;0;0;0;0;0;0;0;3787;0;0;125;0;42;0;
29588;5331729;1198731264;34295808;1397067776;0;0;0;0;0;0;0;0;0;0;0;3536;0;0;125;0;42;0;
29589;4434747;1198731264;34295808;1397067776;0;0;0;0;0;0;0;0;0;0;0;3336;0;0;125;0;42;0;
29590;5369449;1198731264;34295808;1397067776;0;0;0;0;0;0;0;0;0;0;0;2315;0;0;125;0;42;0;
29591;2552767;1198731264;34295808;1397067776;0;0;0;0;0;0;0;0;0;0;0;2625;0;0;125;0;42;0;
29592;5544749;1198731264;34295808;1397067776;0;0;0;0;0;0;0;0;0;0;0;2355;0;0;125;0;42;0;
29593;3953505;1198731264;34295808;1397067776;0;0;0;0;0;0;0;0;0;0;0;5681;0;0;125;0;42;0;
29594;5675304;1198731264;34295808;1397067776;0;0;0;0;0;0;0;0;0;0;0;4879;0;0;125;0;42;0;
29595;5329324;1198731264;34295808;1397067776;0;0;0;0;0;0;0;0;0;0;0;3887;0;0;125;0;42;0;
29596;5845643;1198731264;34295808;1397067776;0;0;0;0;0;0;0;0;0;0;0;4849;0;0;125;0;42;0;
29597;3727941;1198731264;34295808;1397067776;0;0;0;0;0;0;0;0;0;0;0;3367;0;0;125;0;42;0;
29598;4944623;1198731264;34295808;1397067776;0;0;0;0;0;0;0;0;0;0;0;2535;0;0;125;0;42;0;
29599;3184763;1198731264;34295808;1397067776;0;0;0;0;0;0;0;0;0;0;0;2946;0;0;125;0;42;0;
29600;4992743;1198731264;34295808;1397067776;0;0;0;0;0;0;0;0;0;0;0;3056;0;0;125;0;42;0;
29601;3318734;1198731264;34295808;1397067776;0;0;0;0;0;0;0;0;0;0;0;3547;0;0;125;0;42;0;
29602;5104202;1198731264;34295808;1397067776;0;0;0;0;0;0;0;0;0;0;0;2725;0;0;125;0;42;0;
29603;3825975;1198731264;34295808;1397067776;0;0;0;0;0;0;0;0;0;0;0;3788;0;0;125;0;42;0;
29604;5411128;1198731264;34295808;1397067776;0;0;0;0;0;0;0;0;0;0;0;3417;0;0;125;0;42;0;
29605;4013728;1198731264;34295808;1397067776;0;0;0;0;0;0;0;0;0;0;0;3556;0;0;125;0;42;0;
29606;4951807;1198731264;34295808;1397067776;0;0;0;0;0;0;0;0;0;0;0;3216;0;0;125;0;42;0;
29607;4381327;1198731264;34295808;1397067776;0;0;0;0;0;0;0;0;0;0;0;3918;0;0;125;0;42;0;
29608;11645831;1198731264;34295808;1397067776;0;0;0;0;0;0;0;0;0;0;0;3387;0;0;125;0;42;0;
29609;3570736;1198731264;34295808;1397067776;0;0;0;0;0;0;0;0;0;0;0;3016;0;0;125;0;42;0;
29610;5133988;1198731264;34295808;1397067776;0;0;0;0;0;0;0;0;0;0;0;2665;0;0;125;0;42;0;
29611;3016868;1198731264;34295808;1397067776;0;0;0;0;0;0;0;0;0;0;0;3607;0;0;125;0;42;0;
29612;5172461;1198731264;34295808;1397067776;0;0;0;0;0;0;0;0;0;0;0;3166;0;0;125;0;42;0;
29613;4049244;1198731264;34295808;1397067776;0;0;0;0;0;0;0;0;0;0;0;4008;0;0;125;0;42;0;
29614;5108360;1198731264;34295808;1397067776;0;0;0;0;0;0;0;0;0;0;0;3286;0;0;125;0;42;0;
29615;2998583;1198731264;34295808;1397067776;0;0;0;0;0;0;0;0;0;0;0;3336;0;0;125;0;42;0;
29616;4747263;1198731264;34295808;1397067776;0;0;0;0;0;0;0;0;0;0;0;2915;0;0;125;0;42;0;
29617;2811372;1198731264;34295808;1397067776;0;0;0;0;0;0;0;0;0;0;0;3206;0;0;125;0;42;0;
29618;4846800;1198731264;34295808;1397067776;0;0;0;0;0;0;0;0;0;0;0;2996;0;0;125;0;42;0;
29619;3143165;1198731264;34295808;1397067776;0;0;0;0;0;0;0;0;0;0;0;4238;0;0;125;0;42;0;
29620;5598990;1198731264;34295808;1397067776;0;0;0;0;0;0;0;0;0;0;0;3607;0;0;125;0;42;0;
29621;4579288;1198731264;34295808;1397067776;0;0;0;0;0;0;0;0;0;0;0;4789;0;0;125;0;42;0;
29622;5453608;1198731264;34295808;1397067776;0;0;0;0;0;0;0;0;0;0;0;4248;0;0;125;0;42;0;
29623;3788756;1198731264;34295808;1397067776;0;0;0;0;0;0;0;0;0;0;0;4759;0;0;125;0;42;0;
29624;5201235;1198731264;34295808;1397067776;0;0;0;0;0;0;0;0;0;0;0;4298;0;0;125;0;42;0;
29625;4298531;1198731264;34295808;1397067776;0;0;0;0;0;0;0;0;0;0;0;4999;0;0;125;0;42;0;
29626;5054249;1198731264;34295808;1397067776;0;0;0;0;0;0;0;0;0;0;0;4178;0;0;125;0;42;0;
29627;4118745;1198731264;34295808;1397067776;0;0;0;0;0;0;0;0;0;0;0;4729;0;0;125;0;42;0;
29628;5663341;1198731264;34295808;1397067776;0;0;0;0;0;0;0;0;0;0;0;4409;0;0;125;0;42;0;
29629;4161885;1198731264;34295808;1397067776;0;0;0;0;0;0;0;0;0;0;0;3948;0;0;125;0;42;0;
29630;5253863;1198731264;34295808;1397067776;0;0;0;0;0;0;0;0;0;0;0;3396;0;0;125;0;42;0;
29631;4976463;1198731264;34295808;1397067776;0;0;0;0;0;0;0;0;0;0;0;4268;0;0;125;0;42;0;
29632;5455471;1198731264;34295808;1397067776;0;0;0;0;0;0;0;0;0;0;0;3657;0;0;125;0;42;0;
29633;3918979;1198731264;34295808;1397067776;0;0;0;0;0;0;0;0;0;0;0;4118;0;0;125;0;42;0;
29634;5193980;1198731264;34295808;1397067776;0;0;0;0;0;0;0;0;0;0;0;3407;0;0;125;0;42;0;
29635;3751516;1198731264;34295808;1397067776;0;0;0;0;0;0;0;0;0;0;0;4358;0;0;125;0;42;0;
29636;5704719;1198731264;34295808;1397067776;0;0;0;0;0;0;0;0;0;0;0;2755;0;0;125;0;42;0;
29637;4425339;1198731264;34295808;1397067776;0;0;0;0;0;0;0;0;0;0;0;3757;0;0;125;0;42;0;
29638;5402211;1198731264;34295808;1397067776;0;0;0;0;0;0;0;0;0;0;0;3847;0;0;125;0;42;0;
29639;5364159;1198731264;34295808;1397067776;0;0;0;0;0;0;0;0;0;0;0;5721;0;0;125;0;42;0;
29640;5747218;1198731264;34295808;1397067776;0;0;0;0;0;0;0;0;0;0;0;4439;0;0;125;0;42;0;
29641;4397126;1198731264;34295808;1397067776;0;0;0;0;0;0;0;0;0;0;0;4629;0;0;125;0;42;0;
29642;5466451;1198731264;34295808;1397067776;0;0;0;0;0;0;0;0;0;0;0;3546;0;0;125;0;42;0;
29643;4007546;1198731264;34295808;1397067776;0;0;0;0;0;0;0;0;0;0;0;4799;0;0;125;0;42;0;
29644;5138486;1198731264;34295808;1397067776;0;0;0;0;0;0;0;0;0;0;0;3336;0;0;125;0;42;0;
29645;4649459;1198731264;34295808;1397067776;0;0;0;0;0;0;0;0;0;0;0;4529;0;0;125;0;42;0;
29646;5229086;1198731264;34295808;1397067776;0;0;0;0;0;0;0;0;0;0;0;3737;0;0;125;0;42;0;
29647;2922100;1198731264;34295808;1397067776;0;0;0;0;0;0;0;0;0;0;0;2525;0;0;125;0;42;0;
29648;4962606;1198731264;34295808;1397067776;0;0;0;0;0;0;0;0;0;0;0;3346;0;0;125;0;42;0;
29649;4773903;1198731264;34295808;1397067776;0;0;0;0;0;0;0;0;0;0;0;3888;0;0;125;0;42;0;
29650;5139158;1198731264;34295808;1397067776;0;0;0;0;0;0;0;0;0;0;0;3467;0;0;125;0;42;0;
29651;4139924;1198731264;34295808;1397067776;0;0;0;0;0;0;0;0;0;0;0;3827;0;0;125;0;42;0;
29652;5566709;1198731264;34295808;1397067776;0;0;0;0;0;0;0;0;0;0;0;3507;0;0;125;0;42;0;
29653;3371113;1198731264;34295808;1397067776;0;0;0;0;0;0;0;0;0;0;0;2915;0;0;125;0;42;0;
29654;4800924;1198731264;34295808;1397067776;0;0;0;0;0;0;0;0;0;0;0;2735;0;0;125;0;42;0;
29655;2706085;1198731264;34295808;1397067776;0;0;0;0;0;0;0;0;0;0;0;3226;0;0;125;0;42;0;
29656;5160548;1198731264;34295808;1397067776;0;0;0;0;0;0;0;0;0;0;0;2625;0;0;125;0;42;0;
29657;2857669;1198731264;34295808;1397067776;0;0;0;0;0;0;0;0;0;0;0;2805;0;0;125;0;42;0;
29658;5039892;1198731264;34295808;1397067776;0;0;0;0;0;0;0;0;0;0;0;2655;0;0;125;0;42;0;
29659;2789652;1198731264;34295808;1397067776;0;0;0;0;0;0;0;0;0;0;0;3046;0;0;125;0;42;0;
29660;4906281;1198731264;34295808;1397067776;0;0;0;0;0;0;0;0;0;0;0;2264;0;0;125;0;42;0;
29661;3365181;1198731264;34295808;1397067776;0;0;0;0;0;0;0;0;0;0;0;3316;0;0;125;0;42;0;
29662;4680327;1198731264;34295808;1397067776;0;0;0;0;0;0;0;0;0;0;0;2655;0;0;125;0;42;0;
29663;3311370;1198731264;34295808;1397067776;0;0;0;0;0;0;0;0;0;0;0;2655;0;0;125;0;42;0;
29664;5080698;1198731264;34295808;1397067776;0;0;0;0;0;0;0;0;0;0;0;2905;0;0;125;0;42;0;
29665;3190774;1198731264;34295808;1397067776;0;0;0;0;0;0;0;0;0;0;0;3727;0;0;125;0;42;0;
29666;4780325;1198731264;34295808;1397067776;0;0;0;0;0;0;0;0;0;0;0;2455;0;0;125;0;42;0;
29667;3305239;1198731264;34295808;1397067776;0;0;0;0;0;0;0;0;0;0;0;3787;0;0;125;0;42;0;
29668;5336327;1198731264;34295808;1397067776;0;0;0;0;0;0;0;0;0;0;0;3076;0;0;125;0;42;0;
29669;4732465;1198731264;34295808;1397067776;0;0;0;0;0;0;0;0;0;0;0;3977;0;0;125;0;42;0;
29670;6052912;1198731264;34295808;1397067776;0;0;0;0;0;0;0;0;0;0;0;4318;0;0;125;0;42;0;
29671;4791666;1198731264;34295808;1397067776;0;0;0;0;0;0;0;0;0;0;0;4358;0;0;125;0;42;0;
29672;5330908;1198731264;34295808;1397067776;0;0;0;0;0;0;0;0;0;0;0;3667;0;0;125;0;42;0;
29673;3234456;1198731264;34295808;1397067776;0;0;0;0;0;0;0;0;0;0;0;3156;0;0;125;0;42;0;
29674;4989918;1198731264;34295808;1397067776;0;0;0;0;0;0;0;0;0;0;0;2875;0;0;125;0;42;0;
29675;3440262;1198731264;34295808;1397067776;0;0;0;0;0;0;0;0;0;0;0;2825;0;0;125;0;42;0;
29676;5111607;1198731264;34295808;1397067776;0;0;0;0;0;0;0;0;0;0;0;2855;0;0;125;0;42;0;
29677;4028865;1198731264;34295808;1397067776;0;0;0;0;0;0;0;0;0;0;0;3016;0;0;125;0;42;0;
29678;5706212;1198731264;34295808;1397067776;0;0;0;0;0;0;0;0;0;0;0;3136;0;0;125;0;42;0;
29679;4634461;1198731264;34295808;1397067776;0;0;0;0;0;0;0;0;0;0;0;3086;0;0;125;0;42;0;
29680;4938481;1198731264;34295808;1397067776;0;0;0;0;0;0;0;0;0;0;0;2605;0;0;125;0;42;0;
29681;3003353;1198731264;34295808;1397067776;0;0;0;0;0;0;0;0;0;0;0;3146;0;0;125;0;42;0;
29682;5039131;1198731264;34295808;1397067776;0;0;0;0;0;0;0;0;0;0;0;2825;0;0;125;0;42;0;
29683;4455226;1198731264;34295808;1397067776;0;0;0;0;0;0;0;0;0;0;0;3757;0;0;125;0;42;0;
29684;5525613;1198731264;34295808;1397067776;0;0;0;0;0;0;0;0;0;0;0;3536;0;0;125;0;42;0;
29685;4185860;1198731264;34295808;1397067776;0;0;0;0;0;0;0;0;0;0;0;3868;0;0;125;0;42;0;
29686;5757197;1198731264;34295808;1397067776;0;0;0;0;0;0;0;0;0;0;0;3877;0;0;125;0;42;0;
29687;3296613;1198731264;34295808;1397067776;0;0;0;0;0;0;0;0;0;0;0;3086;0;0;125;0;42;0;
29688;4919597;1198731264;34295808;1397067776;0;0;0;0;0;0;0;0;0;0;0;2374;0;0;125;0;42;0;
29689;2898346;1198731264;34295808;1397067776;0;0;0;0;0;0;0;0;0;0;0;3316;0;0;125;0;42;0;
29690;5508491;1198731264;34295808;1397067776;0;0;0;0;0;0;0;0;0;0;0;2345;0;0;125;0;42;0;
29691;3448958;1198731264;34295808;1397067776;0;0;0;0;0;0;0;0;0;0;0;3287;0;0;125;0;42;0;
29692;4943912;1198731264;34295808;1397067776;0;0;0;0;0;0;0;0;0;0;0;3016;0;0;125;0;42;0;
29693;3111946;1198731264;34295808;1397067776;0;0;0;0;0;0;0;0;0;0;0;2956;0;0;125;0;42;0;
29694;5456112;1198731264;34295808;1397067776;0;0;0;0;0;0;0;0;0;0;0;2796;0;0;125;0;42;0;
29695;2816712;1198731264;34295808;1397067776;0;0;0;0;0;0;0;0;0;0;0;3997;0;0;125;0;42;0;
29696;5394417;1198731264;34295808;1397067776;0;0;0;0;0;0;0;0;0;0;0;3216;0;0;125;0;42;0;
29697;3963172;1198731264;34295808;1397067776;0;0;0;0;0;0;0;0;0;0;0;4038;0;0;125;0;42;0;
29698;5520103;1198731264;34295808;1397067776;0;0;0;0;0;0;0;0;0;0;0;3647;0;0;125;0;42;0;
29699;4148469;1198731264;34295808;1397067776;0;0;0;0;0;0;0;0;0;0;0;3216;0;0;125;0;42;0;
29700;4921881;1198731264;34295808;1397067776;0;0;0;0;0;0;0;0;0;0;0;2695;0;0;125;0;42;0;
29701;2802235;1198731264;34295808;1397067776;0;0;0;0;0;0;0;0;0;0;0;3116;0;0;125;0;42;0;
29702;4669708;1198731264;34295808;1397067776;0;0;0;0;0;0;0;0;0;0;0;2635;0;0;125;0;42;0;
29703;3255946;1198731264;34295808;1397067776;0;0;0;0;0;0;0;0;0;0;0;3146;0;0;125;0;42;0;
29704;4913745;1198731264;34295808;1397067776;0;0;0;0;0;0;0;0;0;0;0;2835;0;0;125;0;42;0;
29705;3008031;1198731264;34295808;1397067776;0;0;0;0;0;0;0;0;0;0;0;2915;0;0;125;0;42;0;
29706;5426006;1198731264;34295808;1397067776;0;0;0;0;0;0;0;0;0;0;0;2735;0;0;125;0;42;0;
29707;2981020;1198731264;34295808;1397067776;0;0;0;0;0;0;0;0;0;0;0;2996;0;0;125;0;42;0;
29708;4916931;1198731264;34295808;1397067776;0;0;0;0;0;0;0;0;0;0;0;3066;0;0;125;0;42;0;
29709;2786146;1198731264;34295808;1397067776;0;0;0;0;0;0;0;0;0;0;0;3056;0;0;125;0;42;0;
29710;5324936;1198731264;34295808;1397067776;0;0;0;0;0;0;0;0;0;0;0;2855;0;0;125;0;42;0;
29711;2824558;1198731264;34295808;1397067776;0;0;0;0;0;0;0;0;0;0;0;3356;0;0;125;0;42;0;
29712;5148686;1198731264;34295808;1397067776;0;0;0;0;0;0;0;0;0;0;0;2425;0;0;125;0;42;0;
29713;3747388;1198731264;34295808;1397067776;0;0;0;0;0;0;0;0;0;0;0;3747;0;0;125;0;42;0;
29714;5488944;1198731264;34295808;1397067776;0;0;0;0;0;0;0;0;0;0;0;3457;0;0;125;0;42;0;
29715;3253011;1198731264;34295808;1397067776;0;0;0;0;0;0;0;0;0;0;0;2886;0;0;125;0;42;0;
29716;4907764;1198731264;34295808;1397067776;0;0;0;0;0;0;0;0;0;0;0;2856;0;0;125;0;42;0;
29717;3141882;1198731264;34295808;1397067776;0;0;0;0;0;0;0;0;0;0;0;2865;0;0;125;0;42;0;
29718;4769604;1198731264;34295808;1397067776;0;0;0;0;0;0;0;0;0;0;0;2485;0;0;125;0;42;0;
29719;4040958;1198731264;34295808;1397067776;0;0;0;0;0;0;0;0;0;0;0;3296;0;0;125;0;42;0;
29720;5212926;1198731264;34295808;1397067776;0;0;0;0;0;0;0;0;0;0;0;2845;0;0;125;0;42;0;
29721;2956364;1198731264;34295808;1397067776;0;0;0;0;0;0;0;0;0;0;0;3045;0;0;125;0;42;0;
29722;4839906;1198731264;34295808;1397067776;0;0;0;0;0;0;0;0;0;0;0;2675;0;0;125;0;42;0;
29723;2794521;1198731264;34295808;1397067776;0;0;0;0;0;0;0;0;0;0;0;3266;0;0;125;0;42;0;
29724;5244315;1198731264;34295808;1397067776;0;0;0;0;0;0;0;0;0;0;0;3406;0;0;125;0;42;0;
29725;4370707;1198731264;34295808;1397067776;0;0;0;0;0;0;0;0;0;0;0;4388;0;0;125;0;42;0;
29726;5352348;1198731264;34295808;1397067776;0;0;0;0;0;0;0;0;0;0;0;3587;0;0;125;0;42;0;
29727;4288473;1198731264;34295808;1397067776;0;0;0;0;0;0;0;0;0;0;0;3517;0;0;125;0;42;0;
29728;5430815;1198731264;34295808;1397067776;0;0;0;0;0;0;0;0;0;0;0;3497;0;0;125;0;42;0;
29729;4587894;1198731264;34295808;1397067776;0;0;0;0;0;0;0;0;0;0;0;4458;0;0;125;0;42;0;
29730;5300530;1198731264;34295808;1397067776;0;0;0;0;0;0;0;0;0;0;0;3437;0;0;125;0;42;0;
29731;5090677;1198731264;34295808;1397067776;0;0;0;0;0;0;0;0;0;0;0;4008;0;0;125;0;42;0;
29732;5429552;1198731264;34295808;1397067776;0;0;0;0;0;0;0;0;0;0;0;3277;0;0;125;0;42;0;
29733;5047095;1198731264;34295808;1397067776;0;0;0;0;0;0;0;0;0;0;0;3837;0;0;125;0;42;0;
29734;5822780;1198731264;34295808;1397067776;0;0;0;0;0;0;0;0;0;0;0;3377;0;0;125;0;42;0;
29735;4086214;1198731264;34295808;1397067776;0;0;0;0;0;0;0;0;0;0;0;3587;0;0;125;0;42;0;
29736;5081439;1198731264;34295808;1397067776;0;0;0;0;0;0;0;0;0;0;0;3076;0;0;125;0;42;0;
29737;3398373;1198731264;34295808;1397067776;0;0;0;0;0;0;0;0;0;0;0;3918;0;0;125;0;42;0;
29738;5272779;1198731264;34295808;1397067776;0;0;0;0;0;0;0;0;0;0;0;3536;0;0;125;0;42;0;
29739;3722000;1198731264;34295808;1397067776;0;0;0;0;0;0;0;0;0;0;0;3536;0;0;125;0;42;0;
29740;5403374;1198731264;34295808;1397067776;0;0;0;0;0;0;0;0;0;0;0;3196;0;0;125;0;42;0;
29741;3848777;1198731264;34295808;1397067776;0;0;0;0;0;0;0;0;0;0;0;3947;0;0;125;0;42;0;
29742;5346186;1198731264;34295808;1397067776;0;0;0;0;0;0;0;0;0;0;0;3987;0;0;125;0;42;0;
29743;3598308;1198731264;34295808;1397067776;0;0;0;0;0;0;0;0;0;0;0;3617;0;0;125;0;42;0;
29744;5638594;1198731264;34295808;1397067776;0;0;0;0;0;0;0;0;0;0;0;3847;0;0;125;0;42;0;
29745;3819462;1198731264;34295808;1397067776;0;0;0;0;0;0;0;0;0;0;0;3337;0;0;125;0;42;0;
29746;5482442;1198731264;34295808;1397067776;0;0;0;0;0;0;0;0;0;0;0;3737;0;0;125;0;42;0;
29747;3360221;1198731264;34295808;1397067776;0;0;0;0;0;0;0;0;0;0;0;4137;0;0;125;0;42;0;
29748;5265445;1198731264;34295808;1397067776;0;0;0;0;0;0;0;0;0;0;0;3056;0;0;125;0;42;0;
29749;3858937;1198731264;34295808;1397067776;0;0;0;0;0;0;0;0;0;0;0;3938;0;0;125;0;42;0;
29750;4891653;1198731264;34295808;1397067776;0;0;0;0;0;0;0;0;0;0;0;3376;0;0;125;0;42;0;
29751;4218652;1198731264;34295808;1397067776;0;0;0;0;0;0;0;0;0;0;0;5279;0;0;125;0;42;0;
29752;6098417;1198731264;34295808;1397067776;0;0;0;0;0;0;0;0;0;0;0;6132;0;0;125;0;42;0;
29753;3798604;1198731264;34295808;1397067776;0;0;0;0;0;0;0;0;0;0;0;4268;0;0;125;0;42;0;
29754;4913224;1198731264;34295808;1397067776;0;0;0;0;0;0;0;0;0;0;0;3296;0;0;125;0;42;0;
29755;3814073;1198731264;34295808;1397067776;0;0;0;0;0;0;0;0;0;0;0;3506;0;0;125;0;42;0;
29756;4925327;1198731264;34295808;1397067776;0;0;0;0;0;0;0;0;0;0;0;3347;0;0;125;0;42;0;
29757;4382539;1198731264;34295808;1397067776;0;0;0;0;0;0;0;0;0;0;0;3236;0;0;125;0;42;0;
29758;5012881;1198731264;34295808;1397067776;0;0;0;0;0;0;0;0;0;0;0;3025;0;0;125;0;42;0;
29759;3900535;1198731264;34295808;1397067776;0;0;0;0;0;0;0;0;0;0;0;4177;0;0;125;0;42;0;
29760;5003433;1198731264;34295808;1397067776;0;0;0;0;0;0;0;0;0;0;0;2996;0;0;125;0;42;0;
29761;4713340;1198731264;34295808;1397067776;0;0;0;0;0;0;0;0;0;0;0;3626;0;0;125;0;42;0;
29762;5733553;1198731264;34295808;1397067776;0;0;0;0;0;0;0;0;0;0;0;3116;0;0;125;0;42;0;
29763;4116460;1198731264;34295808;1397067776;0;0;0;0;0;0;0;0;0;0;0;3216;0;0;125;0;42;0;
29764;5180755;1198731264;34295808;1397067776;0;0;0;0;0;0;0;0;0;0;0;3076;0;0;125;0;42;0;
29765;4034827;1198731264;34295808;1397067776;0;0;0;0;0;0;0;0;0;0;0;4889;0;0;125;0;42;0;
29766;5618477;1198731264;34295808;1397067776;0;0;0;0;0;0;0;0;0;0;0;3897;0;0;125;0;42;0;
29767;4701247;1198731264;34295808;1397067776;0;0;0;0;0;0;0;0;0;0;0;4278;0;0;125;0;42;0;
29768;5148977;1198731264;34295808;1397067776;0;0;0;0;0;0;0;0;0;0;0;3186;0;0;125;0;42;0;
29769;3198508;1198731264;34295808;1397067776;0;0;0;0;0;0;0;0;0;0;0;3136;0;0;125;0;42;0;
29770;5216313;1198731264;34295808;1397067776;0;0;0;0;0;0;0;0;0;0;0;3768;0;0;125;0;42;0;
29771;3752568;1198731264;34295808;1397067776;0;0;0;0;0;0;0;0;0;0;0;3927;0;0;125;0;42;0;
29772;4774284;1198731264;34295808;1397067776;0;0;0;0;0;0;0;0;0;0;0;3075;0;0;125;0;42;0;
29773;3228304;1198731264;34295808;1397067776;0;0;0;0;0;0;0;0;0;0;0;3386;0;0;125;0;42;0;
29774;5065590;1198731264;34295808;1397067776;0;0;0;0;0;0;0;0;0;0;0;2976;0;0;125;0;42;0;
29775;4906110;1198731264;34295808;1397067776;0;0;0;0;0;0;0;0;0;0;0;4488;0;0;125;0;42;0;
29776;5587068;1198731264;34295808;1397067776;0;0;0;0;0;0;0;0;0;0;0;4378;0;0;125;0;42;0;
29777;3316330;1198731264;34295808;1397067776;0;0;0;0;0;0;0;0;0;0;0;3376;0;0;125;0;42;0;
29778;4971844;1198731264;34295808;1397067776;0;0;0;0;0;0;0;0;0;0;0;3237;0;0;125;0;42;0;
29779;3164965;1198731264;34295808;1397067776;0;0;0;0;0;0;0;0;0;0;0;3216;0;0;125;0;42;0;
29780;5376282;1198731264;34295808;1397067776;0;0;0;0;0;0;0;0;0;0;0;2835;0;0;125;0;42;0;
29781;3340525;1198731264;34295808;1397067776;0;0;0;0;0;0;0;0;0;0;0;3387;0;0;125;0;42;0;
29782;5023781;1198731264;34295808;1397067776;0;0;0;0;0;0;0;0;0;0;0;2926;0;0;125;0;42;0;
29783;2521850;1198731264;34295808;1397067776;0;0;0;0;0;0;0;0;0;0;0;3456;0;0;125;0;42;0;
29784;4988836;1198731264;34295808;1397067776;0;0;0;0;0;0;0;0;0;0;0;3406;0;0;125;0;42;0;
29785;3017379;1198731264;34295808;1397067776;0;0;0;0;0;0;0;0;0;0;0;3016;0;0;125;0;42;0;
29786;5282537;1198731264;34295808;1397067776;0;0;0;0;0;0;0;0;0;0;0;3286;0;0;125;0;42;0;
29787;3618566;1198731264;34295808;1397067776;0;0;0;0;0;0;0;0;0;0;0;3386;0;0;125;0;42;0;
29788;4804140;1198731264;34295808;1397067776;0;0;0;0;0;0;0;0;0;0;0;3236;0;0;125;0;42;0;
29789;2959150;1198731264;34295808;1397067776;0;0;0;0;0;0;0;0;0;0;0;3297;0;0;125;0;42;0;
29790;4798960;1198731264;34295808;1397067776;0;0;0;0;0;0;0;0;0;0;0;2976;0;0;125;0;42;0;
29791;4375937;1198731264;34295808;1397067776;0;0;0;0;0;0;0;0;0;0;0;3186;0;0;125;0;42;0;
29792;5429101;1198731264;34295808;1397067776;0;0;0;0;0;0;0;0;0;0;0;3707;0;0;125;0;42;0;
29793;3605512;1198731264;34295808;1397067776;0;0;0;0;0;0;0;0;0;0;0;3477;0;0;125;0;42;0;
29794;5435313;1198731264;34295808;1397067776;0;0;0;0;0;0;0;0;0;0;0;3767;0;0;125;0;42;0;
29795;3494584;1198731264;34295808;1397067776;0;0;0;0;0;0;0;0;0;0;0;3456;0;0;125;0;42;0;
29796;5146692;1198731264;34295808;1397067776;0;0;0;0;0;0;0;0;0;0;0;3787;0;0;125;0;42;0;
29797;3702534;1198731264;34295808;1397067776;0;0;0;0;0;0;0;0;0;0;0;3316;0;0;125;0;42;0;
29798;5461282;1198731264;34295808;1397067776;0;0;0;0;0;0;0;0;0;0;0;3567;0;0;125;0;42;0;
29799;3645336;1198731264;34295808;1397067776;0;0;0;0;0;0;0;0;0;0;0;3536;0;0;125;0;42;0;
29800;5641210;1198731264;34295808;1397067776;0;0;0;0;0;0;0;0;0;0;0;4860;0;0;125;0;42;0;
29801;4687180;1198731264;34295808;1397067776;0;0;0;0;0;0;0;0;0;0;0;3998;0;0;125;0;42;0;
29802;5214560;1198731264;34295808;1397067776;0;0;0;0;0;0;0;0;0;0;0;3517;0;0;125;0;42;0;
29803;3965326;1198731264;34295808;1397067776;0;0;0;0;0;0;0;0;0;0;0;3556;0;0;125;0;42;0;
29804;5308336;1198731264;34295808;1397067776;0;0;0;0;0;0;0;0;0;0;0;3276;0;0;125;0;42;0;
29805;4606328;1198731264;34295808;1397067776;0;0;0;0;0;0;0;0;0;0;0;3938;0;0;125;0;42;0;
29806;5059950;1198731264;34295808;1397067776;0;0;0;0;0;0;0;0;0;0;0;2996;0;0;125;0;42;0;
29807;3425334;1198731264;34295808;1397067776;0;0;0;0;0;0;0;0;0;0;0;3406;0;0;125;0;42;0;
29808;5149357;1198731264;34295808;1397067776;0;0;0;0;0;0;0;0;0;0;0;3356;0;0;125;0;42;0;
29809;3925442;1198731264;34295808;1397067776;0;0;0;0;0;0;0;0;0;0;0;3466;0;0;125;0;42;0;
29810;5256158;1198731264;34295808;1397067776;0;0;0;0;0;0;0;0;0;0;0;3327;0;0;125;0;42;0;
29811;4130026;1198731264;34295808;1397067776;0;0;0;0;0;0;0;0;0;0;0;4168;0;0;125;0;42;0;
29812;5827289;1198731264;34295808;1397067776;0;0;0;0;0;0;0;0;0;0;0;3977;0;0;125;0;42;0;
29813;4264958;1198731264;34295808;1397067776;0;0;0;0;0;0;0;0;0;0;0;3657;0;0;125;0;42;0;
29814;5511256;1198731264;34295808;1397067776;0;0;0;0;0;0;0;0;0;0;0;3266;0;0;125;0;42;0;
29815;4621897;1198731264;34295808;1397067776;0;0;0;0;0;0;0;0;0;0;0;4268;0;0;125;0;42;0;
29816;5205322;1198731264;34295808;1397067776;0;0;0;0;0;0;0;0;0;0;0;3717;0;0;125;0;42;0;
29817;4306967;1198731264;34295808;1397067776;0;0;0;0;0;0;0;0;0;0;0;3717;0;0;125;0;42;0;
29818;4955904;1198731264;34295808;1397067776;0;0;0;0;0;0;0;0;0;0;0;3386;0;0;125;0;42;0;
29819;3754741;1198731264;34295808;1397067776;0;0;0;0;0;0;0;0;0;0;0;3697;0;0;125;0;42;0;
29820;5088753;1198731264;34295808;1397067776;0;0;0;0;0;0;0;0;0;0;0;3316;0;0;125;0;42;0;
29821;4277091;1198731264;34295808;1397067776;0;0;0;0;0;0;0;0;0;0;0;3727;0;0;125;0;42;0;
29822;6008669;1198731264;34295808;1397067776;0;0;0;0;0;0;0;0;0;0;0;6573;0;0;125;0;42;0;
29823;4727406;1198731264;34295808;1397067776;0;0;0;0;0;0;0;0;0;0;0;3466;0;0;125;0;42;0;
29824;5454970;1198731264;34295808;1397067776;0;0;0;0;0;0;0;0;0;0;0;3556;0;0;125;0;42;0;
29825;3707623;1198731264;34295808;1397067776;0;0;0;0;0;0;0;0;0;0;0;3768;0;0;125;0;42;0;
29826;5221232;1198731264;34295808;1397067776;0;0;0;0;0;0;0;0;0;0;0;4418;0;0;125;0;42;0;
29827;12682985;1198731264;34295808;1397067776;0;0;0;0;0;0;0;0;0;0;0;3657;0;0;125;0;42;0;
29828;5408373;1198731264;34295808;1397067776;0;0;0;0;0;0;0;0;0;0;0;3366;0;0;125;0;42;0;
29829;4278544;1198731264;34295808;1397067776;0;0;0;0;0;0;0;0;0;0;0;4479;0;0;125;0;42;0;
29830;5286314;1198731264;34295808;1397067776;0;0;0;0;0;0;0;0;0;0;0;3697;0;0;125;0;42;0;
29831;4628961;1198731264;34295808;1397067776;0;0;0;0;0;0;0;0;0;0;0;4058;0;0;125;0;42;0;
29832;5513991;1198731264;34295808;1397067776;0;0;0;0;0;0;0;0;0;0;0;3396;0;0;125;0;42;0;
29833;4581913;1198731264;34295808;1397067776;0;0;0;0;0;0;0;0;0;0;0;4147;0;0;125;0;42;0;
29834;5099945;1198731264;34295808;1397067776;0;0;0;0;0;0;0;0;0;0;0;3747;0;0;125;0;42;0;
29835;2989266;1198731264;34295808;1397067776;0;0;0;0;0;0;0;0;0;0;0;3967;0;0;125;0;42;0;
29836;4884410;1198731264;34295808;1397067776;0;0;0;0;0;0;0;0;0;0;0;3066;0;0;125;0;42;0;
29837;3220440;1198731264;34295808;1397067776;0;0;0;0;0;0;0;0;0;0;0;3216;0;0;125;0;42;0;
29838;5140190;1198731264;34295808;1397067776;0;0;0;0;0;0;0;0;0;0;0;3206;0;0;125;0;42;0;
29839;2397586;1198731264;34295808;1397067776;0;0;0;0;0;0;0;0;0;0;0;3296;0;0;125;0;42;0;
29840;5628946;1198731264;34295808;1397067776;0;0;0;0;0;0;0;0;0;0;0;3597;0;0;125;0;42;0;
29841;2859833;1198731264;34295808;1397067776;0;0;0;0;0;0;0;0;0;0;0;3457;0;0;125;0;42;0;
29842;5208468;1198731264;34295808;1397067776;0;0;0;0;0;0;0;0;0;0;0;2866;0;0;125;0;42;0;
29843;4065064;1198731264;34295808;1397067776;0;0;0;0;0;0;0;0;0;0;0;3747;0;0;125;0;42;0;
29844;5002792;1198731264;34295808;1397067776;0;0;0;0;0;0;0;0;0;0;0;2835;0;0;125;0;42;0;
29845;3714967;1198731264;34295808;1397067776;0;0;0;0;0;0;0;0;0;0;0;3486;0;0;125;0;42;0;
29846;4749938;1198731264;34295808;1397067776;0;0;0;0;0;0;0;0;0;0;0;2705;0;0;125;0;42;0;
29847;3939007;1198731264;34295808;1397067776;0;0;0;0;0;0;0;0;0;0;0;3687;0;0;125;0;42;0;
29848;4832483;1198731264;34295808;1397067776;0;0;0;0;0;0;0;0;0;0;0;3076;0;0;125;0;42;0;
29849;3345134;1198731264;34295808;1397067776;0;0;0;0;0;0;0;0;0;0;0;3807;0;0;125;0;42;0;
29850;5133758;1198731264;34295808;1397067776;0;0;0;0;0;0;0;0;0;0;0;3186;0;0;125;0;42;0;
29851;3203598;1198731264;34295808;1397067776;0;0;0;0;0;0;0;0;0;0;0;3516;0;0;125;0;42;0;
29852;5002662;1198731264;34295808;1397067776;0;0;0;0;0;0;0;0;0;0;0;3597;0;0;125;0;42;0;
29853;2787949;1198731264;34295808;1397067776;0;0;0;0;0;0;0;0;0;0;0;3897;0;0;125;0;42;0;
29854;5204540;1198731264;34295808;1397067776;0;0;0;0;0;0;0;0;0;0;0;3176;0;0;125;0;42;0;
29855;3466261;1198731264;34295808;1397067776;0;0;0;0;0;0;0;0;0;0;0;3136;0;0;125;0;42;0;
29856;4974109;1198731264;34295808;1397067776;0;0;0;0;0;0;0;0;0;0;0;3256;0;0;125;0;42;0;
29857;3294299;1198731264;34295808;1397067776;0;0;0;0;0;0;0;0;0;0;0;3156;0;0;125;0;42;0;
29858;4936769;1198731264;34295808;1397067776;0;0;0;0;0;0;0;0;0;0;0;3406;0;0;125;0;42;0;
29859;3042887;1198731264;34295808;1397067776;0;0;0;0;0;0;0;0;0;0;0;4178;0;0;125;0;42;0;
29860;5130642;1198731264;34295808;1397067776;0;0;0;0;0;0;0;0;0;0;0;3066;0;0;125;0;42;0;
29861;2804941;1198731264;34295808;1397067776;0;0;0;0;0;0;0;0;0;0;0;3847;0;0;125;0;42;0;
29862;4908055;1198731264;34295808;1397067776;0;0;0;0;0;0;0;0;0;0;0;2865;0;0;125;0;42;0;
29863;3162150;1198731264;34295808;1397067776;0;0;0;0;0;0;0;0;0;0;0;3297;0;0;125;0;42;0;
29864;4845968;1198731264;34295808;1397067776;0;0;0;0;0;0;0;0;0;0;0;3397;0;0;125;0;42;0;
29865;3460089;1198731264;34295808;1397067776;0;0;0;0;0;0;0;0;0;0;0;3907;0;0;125;0;42;0;
29866;5237522;1198731264;34295808;1397067776;0;0;0;0;0;0;0;0;0;0;0;2716;0;0;125;0;42;0;
29867;4054394;1198731264;34295808;1397067776;0;0;0;0;0;0;0;0;0;0;0;5460;0;0;125;0;42;0;
29868;5195343;1198731264;34295808;1397067776;0;0;0;0;0;0;0;0;0;0;0;4349;0;0;125;0;42;0;
29869;4839425;1198731264;34295808;1397067776;0;0;0;0;0;0;0;0;0;0;0;3597;0;0;125;0;42;0;
29870;5112779;1198731264;34295808;1397067776;0;0;0;0;0;0;0;0;0;0;0;3066;0;0;125;0;42;0;
29871;3957321;1198731264;34295808;1397067776;0;0;0;0;0;0;0;0;0;0;0;4107;0;0;125;0;42;0;
29872;5313435;1198731264;34295808;1397067776;0;0;0;0;0;0;0;0;0;0;0;3717;0;0;125;0;42;0;
29873;2613281;1198731264;34295808;1397067776;0;0;0;0;0;0;0;0;0;0;0;3547;0;0;125;0;42;0;
29874;5399897;1198731264;34295808;1397067776;0;0;0;0;0;0;0;0;0;0;0;3196;0;0;125;0;42;0;
29875;3537584;1198731264;34295808;1397067776;0;0;0;0;0;0;0;0;0;0;0;3817;0;0;125;0;42;0;
29876;4975741;1198731264;34295808;1397067776;0;0;0;0;0;0;0;0;0;0;0;2946;0;0;125;0;42;0;
29877;3648091;1198731264;34295808;1397067776;0;0;0;0;0;0;0;0;0;0;0;3426;0;0;125;0;42;0;
29878;5034041;1198731264;34295808;1397067776;0;0;0;0;0;0;0;0;0;0;0;2645;0;0;125;0;42;0;
29879;3581637;1198731264;34295808;1397067776;0;0;0;0;0;0;0;0;0;0;0;3006;0;0;125;0;42;0;
29880;4943201;1198731264;34295808;1397067776;0;0;0;0;0;0;0;0;0;0;0;2875;0;0;125;0;42;0;
29881;3979854;1198731264;34295808;1397067776;0;0;0;0;0;0;0;0;0;0;0;3267;0;0;125;0;42;0;
29882;4981803;1198731264;34295808;1397067776;0;0;0;0;0;0;0;0;0;0;0;2986;0;0;125;0;42;0;
29883;4388420;1198731264;34295808;1397067776;0;0;0;0;0;0;0;0;0;0;0;3697;0;0;125;0;42;0;
29884;5187899;1198731264;34295808;1397067776;0;0;0;0;0;0;0;0;0;0;0;2845;0;0;125;0;42;0;
29885;3349973;1198731264;34295808;1397067776;0;0;0;0;0;0;0;0;0;0;0;3266;0;0;125;0;42;0;
29886;5099503;1198731264;34295808;1397067776;0;0;0;0;0;0;0;0;0;0;0;3336;0;0;125;0;42;0;
29887;2809298;1198731264;34295808;1397067776;0;0;0;0;0;0;0;0;0;0;0;3156;0;0;125;0;42;0;
29888;5024833;1198731264;34295808;1397067776;0;0;0;0;0;0;0;0;0;0;0;2525;0;0;125;0;42;0;
29889;3068554;1198731264;34295808;1397067776;0;0;0;0;0;0;0;0;0;0;0;2845;0;0;125;0;42;0;
29890;5171218;1198731264;34295808;1397067776;0;0;0;0;0;0;0;0;0;0;0;2835;0;0;125;0;42;0;
29891;3948034;1198731264;34295808;1397067776;0;0;0;0;0;0;0;0;0;0;0;3517;0;0;125;0;42;0;
29892;5012430;1198731264;34295808;1397067776;0;0;0;0;0;0;0;0;0;0;0;3206;0;0;125;0;42;0;
29893;4072328;1198731264;34295808;1397067776;0;0;0;0;0;0;0;0;0;0;0;5110;0;0;125;0;42;0;
29894;5597938;1198731264;34295808;1397067776;0;0;0;0;0;0;0;0;0;0;0;4248;0;0;125;0;42;0;
29895;2585419;1198731264;34295808;1397067776;0;0;0;0;0;0;0;0;0;0;0;2755;0;0;125;0;42;0;
29896;4766108;1198731264;34295808;1397067776;0;0;0;0;0;0;0;0;0;0;0;2485;0;0;125;0;42;0;
29897;2755808;1198731264;34295808;1397067776;0;0;0;0;0;0;0;0;0;0;0;3156;0;0;125;0;42;0;
29898;5111236;1198731264;34295808;1397067776;0;0;0;0;0;0;0;0;0;0;0;2554;0;0;125;0;42;0;
29899;3405928;1198731264;34295808;1397067776;0;0;0;0;0;0;0;0;0;0;0;3086;0;0;125;0;42;0;
29900;4784513;1198731264;34295808;1397067776;0;0;0;0;0;0;0;0;0;0;0;2525;0;0;125;0;42;0;
29901;5150158;1198731264;34295808;1397067776;0;0;0;0;0;0;0;0;0;0;0;4689;0;0;125;0;42;0;
29902;5767907;1198731264;34295808;1397067776;0;0;0;0;0;0;0;0;0;0;0;3567;0;0;125;0;42;0;
29903;5218657;1198731264;34295808;1397067776;0;0;0;0;0;0;0;0;0;0;0;4618;0;0;125;0;42;0;
29904;5569254;1198731264;34295808;1397067776;0;0;0;0;0;0;0;0;0;0;0;3897;0;0;125;0;42;0;
29905;5744633;1198731264;34295808;1397067776;0;0;0;0;0;0;0;0;0;0;0;4378;0;0;125;0;42;0;
29906;5239516;1198731264;34295808;1397067776;0;0;0;0;0;0;0;0;0;0;0;4338;0;0;125;0;42;0;
29907;5135061;1198731264;34295808;1397067776;0;0;0;0;0;0;0;0;0;0;0;4177;0;0;125;0;42;0;
29908;5559256;1198731264;34295808;1397067776;0;0;0;0;0;0;0;0;0;0;0;3908;0;0;125;0;42;0;
29909;4383511;1198731264;34295808;1397067776;0;0;0;0;0;0;0;0;0;0;0;4328;0;0;125;0;42;0;
29910;5355984;1198731264;34295808;1397067776;0;0;0;0;0;0;0;0;0;0;0;3867;0;0;125;0;42;0;
29911;4976293;1198731264;34295808;1397067776;0;0;0;0;0;0;0;0;0;0;0;4358;0;0;125;0;42;0;
29912;5519151;1198731264;34295808;1397067776;0;0;0;0;0;0;0;0;0;0;0;3697;0;0;125;0;42;0;
29913;5280102;1198731264;34295808;1397067776;0;0;0;0;0;0;0;0;0;0;0;3978;0;0;125;0;42;0;
29914;6475614;1198731264;34295808;1397067776;0;0;0;0;0;0;0;0;0;0;0;4158;0;0;125;0;42;0;
29915;5596536;1198731264;34295808;1397067776;0;0;0;0;0;0;0;0;0;0;0;4569;0;0;125;0;42;0;
29916;5848909;1198731264;34295808;1397067776;0;0;0;0;0;0;0;0;0;0;0;4168;0;0;125;0;42;0;
29917;4908736;1198731264;34295808;1397067776;0;0;0;0;0;0;0;0;0;0;0;4588;0;0;125;0;42;0;
29918;6223291;1198731264;34295808;1397067776;0;0;0;0;0;0;0;0;0;0;0;3196;0;0;125;0;42;0;
29919;4940515;1198731264;34295808;1397067776;0;0;0;0;0;0;0;0;0;0;0;3958;0;0;125;0;42;0;
29920;5463085;1198731264;34295808;1397067776;0;0;0;0;0;0;0;0;0;0;0;3817;0;0;125;0;42;0;
29921;4605687;1198731264;34295808;1397067776;0;0;0;0;0;0;0;0;0;0;0;4609;0;0;125;0;42;0;
29922;5493303;1198731264;34295808;1397067776;0;0;0;0;0;0;0;0;0;0;0;4268;0;0;125;0;42;0;
29923;5535241;1198731264;34295808;1397067776;0;0;0;0;0;0;0;0;0;0;0;4629;0;0;125;0;42;0;
29924;5531514;1198731264;34295808;1397067776;0;0;0;0;0;0;0;0;0;0;0;3757;0;0;125;0;42;0;
29925;4754998;1198731264;34295808;1397067776;0;0;0;0;0;0;0;0;0;0;0;4318;0;0;125;0;42;0;
29926;5557983;1198731264;34295808;1397067776;0;0;0;0;0;0;0;0;0;0;0;3957;0;0;125;0;42;0;
29927;4841399;1198731264;34295808;1397067776;0;0;0;0;0;0;0;0;0;0;0;4789;0;0;125;0;42;0;
29928;5299839;1198731264;34295808;1397067776;0;0;0;0;0;0;0;0;0;0;0;3747;0;0;125;0;42;0;
29929;4781757;1198731264;34295808;1397067776;0;0;0;0;0;0;0;0;0;0;0;3777;0;0;125;0;42;0;
29930;5651138;1198731264;34295808;1397067776;0;0;0;0;0;0;0;0;0;0;0;3296;0;0;125;0;42;0;
29931;4963599;1198731264;34295808;1397067776;0;0;0;0;0;0;0;0;0;0;0;4518;0;0;125;0;42;0;
29932;5418332;1198731264;34295808;1397067776;0;0;0;0;0;0;0;0;0;0;0;4268;0;0;125;0;42;0;
29933;4756380;1198731264;34295808;1397067776;0;0;0;0;0;0;0;0;0;0;0;4378;0;0;125;0;42;0;
29934;5699298;1198731264;34295808;1397067776;0;0;0;0;0;0;0;0;0;0;0;4328;0;0;125;0;42;0;
29935;5187739;1198731264;34295808;1397067776;0;0;0;0;0;0;0;0;0;0;0;4448;0;0;125;0;42;0;
29936;5858316;1198731264;34295808;1397067776;0;0;0;0;0;0;0;0;0;0;0;4168;0;0;125;0;42;0;
29937;4723819;1198731264;34295808;1397067776;0;0;0;0;0;0;0;0;0;0;0;3887;0;0;125;0;42;0;
29938;5594111;1198731264;34295808;1397067776;0;0;0;0;0;0;0;0;0;0;0;3737;0;0;125;0;42;0;
29939;6919176;1198731264;34295808;1397067776;0;0;0;0;0;0;0;0;0;0;0;4649;0;0;125;0;42;0;
29940;5598069;1198731264;34295808;1397067776;0;0;0;0;0;0;0;0;0;0;0;3587;0;0;125;0;42;0;
29941;5623035;1198731264;34295808;1397067776;0;0;0;0;0;0;0;0;0;0;0;3938;0;0;125;0;42;0;
29942;5552834;1198731264;34295808;1397067776;0;0;0;0;0;0;0;0;0;0;0;3366;0;0;125;0;42;0;
29943;4148781;1198731264;34295808;1397067776;0;0;0;0;0;0;0;0;0;0;0;3797;0;0;125;0;42;0;
29944;5069888;1198731264;34295808;1397067776;0;0;0;0;0;0;0;0;0;0;0;3918;0;0;125;0;42;0;
29945;5081650;1198731264;34295808;1397067776;0;0;0;0;0;0;0;0;0;0;0;4478;0;0;125;0;42;0;
29946;5406679;1198731264;34295808;1397067776;0;0;0;0;0;0;0;0;0;0;0;3657;0;0;125;0;42;0;
29947;4773262;1198731264;34295808;1397067776;0;0;0;0;0;0;0;0;0;0;0;4478;0;0;125;0;42;0;
29948;5700029;1198731264;34295808;1397067776;0;0;0;0;0;0;0;0;0;0;0;4248;0;0;125;0;42;0;
29949;4718188;1198731264;34295808;1397067776;0;0;0;0;0;0;0;0;0;0;0;4629;0;0;125;0;42;0;
29950;5772776;1198731264;34295808;1397067776;0;0;0;0;0;0;0;0;0;0;0;3667;0;0;125;0;42;0;
29951;4935546;1198731264;34295808;1397067776;0;0;0;0;0;0;0;0;0;0;0;4929;0;0;125;0;42;0;
29952;6005152;1198731264;34295808;1397067776;0;0;0;0;0;0;0;0;0;0;0;3827;0;0;125;0;42;0;
29953;6552058;1198731264;34295808;1397067776;0;0;0;0;0;0;0;0;0;0;0;4819;0;0;125;0;42;0;
29954;5758570;1198731264;34295808;1397067776;0;0;0;0;0;0;0;0;0;0;0;4629;0;0;125;0;42;0;
29955;4471285;1198731264;34295808;1397067776;0;0;0;0;0;0;0;0;0;0;0;5431;0;0;125;0;42;0;
29956;5424994;1198731264;34295808;1397067776;0;0;0;0;0;0;0;0;0;0;0;4078;0;0;125;0;42;0;
29957;5170247;1198731264;34295808;1397067776;0;0;0;0;0;0;0;0;0;0;0;5541;0;0;125;0;42;0;
29958;5540050;1198731264;34295808;1397067776;0;0;0;0;0;0;0;0;0;0;0;4999;0;0;125;0;42;0;
29959;5139669;1198731264;34295808;1397067776;0;0;0;0;0;0;0;0;0;0;0;3978;0;0;125;0;42;0;
29960;5520553;1198731264;34295808;1397067776;0;0;0;0;0;0;0;0;0;0;0;3907;0;0;125;0;42;0;
29961;4250531;1198731264;34295808;1397067776;0;0;0;0;0;0;0;0;0;0;0;4288;0;0;125;0;42;0;
29962;5616864;1198731264;34295808;1397067776;0;0;0;0;0;0;0;0;0;0;0;3477;0;0;125;0;42;0;
29963;4617490;1198731264;34295808;1397067776;0;0;0;0;0;0;0;0;0;0;0;3918;0;0;125;0;42;0;
29964;6268977;1198731264;34295808;1397067776;0;0;0;0;0;0;0;0;0;0;0;4538;0;0;125;0;42;0;
29965;4967596;1198731264;34295808;1397067776;0;0;0;0;0;0;0;0;0;0;0;4358;0;0;125;0;42;0;
29966;6961555;1198731264;34295808;1397067776;0;0;0;0;0;0;0;0;0;0;0;4919;0;0;125;0;42;0;
29967;5674672;1198731264;34295808;1397067776;0;0;0;0;0;0;0;0;0;0;0;4649;0;0;125;0;42;0;
29968;5823200;1198731264;34295808;1397067776;0;0;0;0;0;0;0;0;0;0;0;4108;0;0;125;0;42;0;
29969;4210697;1198731264;34295808;1397067776;0;0;0;0;0;0;0;0;0;0;0;4188;0;0;125;0;42;0;
29970;5350404;1198731264;34295808;1397067776;0;0;0;0;0;0;0;0;0;0;0;3887;0;0;125;0;42;0;
29971;4670850;1198731264;34295808;1397067776;0;0;0;0;0;0;0;0;0;0;0;4398;0;0;125;0;42;0;
29972;5773417;1198731264;34295808;1397067776;0;0;0;0;0;0;0;0;0;0;0;3757;0;0;125;0;42;0;
29973;5834472;1198731264;34295808;1397067776;0;0;0;0;0;0;0;0;0;0;0;4598;0;0;125;0;42;0;
29974;5784849;1198731264;34295808;1397067776;0;0;0;0;0;0;0;0;0;0;0;4198;0;0;125;0;42;0;
29975;6567066;1198731264;34295808;1397067776;0;0;0;0;0;0;0;0;0;0;0;4759;0;0;125;0;42;0;
29976;5918410;1198731264;34295808;1397067776;0;0;0;0;0;0;0;0;0;0;0;5180;0;0;125;0;42;0;
29977;6280729;1198731264;34295808;1397067776;0;0;0;0;0;0;0;0;0;0;0;5911;0;0;125;0;42;0;
29978;6387479;1198731264;34295808;1397067776;0;0;0;0;0;0;0;0;0;0;0;4849;0;0;125;0;42;0;
29979;5286294;1198731264;34295808;1397067776;0;0;0;0;0;0;0;0;0;0;0;3947;0;0;125;0;42;0;
29980;5713355;1198731264;34295808;1397067776;0;0;0;0;0;0;0;0;0;0;0;3727;0;0;125;0;42;0;
29981;5093753;1198731264;34295808;1397067776;0;0;0;0;0;0;0;0;0;0;0;3497;0;0;125;0;42;0;
29982;10082799;1198731264;34295808;1397067776;0;0;0;0;0;0;0;0;0;0;0;4088;0;0;125;0;42;0;
29983;4933241;1198731264;34295808;1397067776;0;0;0;0;0;0;0;0;0;0;0;3637;0;0;125;0;42;0;
29984;5230529;1198731264;34295808;1397067776;0;0;0;0;0;0;0;0;0;0;0;3266;0;0;125;0;42;0;
29985;4725452;1198731264;34295808;1397067776;0;0;0;0;0;0;0;0;0;0;0;4228;0;0;125;0;42;0;
29986;5638394;1198731264;34295808;1397067776;0;0;0;0;0;0;0;0;0;0;0;3767;0;0;125;0;42;0;
29987;5396831;1198731264;34295808;1397067776;0;0;0;0;0;0;0;0;0;0;0;4479;0;0;125;0;42;0;
29988;5560478;1198731264;34295808;1397067776;0;0;0;0;0;0;0;0;0;0;0;4789;0;0;125;0;42;0;
29989;5700009;1198731264;34295808;1397067776;0;0;0;0;0;0;0;0;0;0;0;3948;0;0;125;0;42;0;
29990;5695100;1198731264;34295808;1397067776;0;0;0;0;0;0;0;0;0;0;0;3928;0;0;125;0;42;0;
29991;4269156;1198731264;34295808;1397067776;0;0;0;0;0;0;0;0;0;0;0;3998;0;0;125;0;42;0;
29992;5502028;1198731264;34295808;1397067776;0;0;0;0;0;0;0;0;0;0;0;3907;0;0;125;0;42;0;
29993;4097434;1198731264;34295808;1397067776;0;0;0;0;0;0;0;0;0;0;0;4178;0;0;125;0;42;0;
29994;5246139;1198731264;34295808;1397067776;0;0;0;0;0;0;0;0;0;0;0;3106;0;0;125;0;42;0;
29995;3792092;1198731264;34295808;1397067776;0;0;0;0;0;0;0;0;0;0;0;3857;0;0;125;0;42;0;
29996;5583271;1198731264;34295808;1397067776;0;0;0;0;0;0;0;0;0;0;0;3497;0;0;125;0;42;0;
29997;5190153;1198731264;34295808;1397067776;0;0;0;0;0;0;0;0;0;0;0;5130;0;0;125;0;42;0;
29998;6810272;1198731264;34295808;1397067776;0;0;0;0;0;0;0;0;0;0;0;4258;0;0;125;0;42;0;
29999;5824764;1198731264;34295808;1397067776;0;0;0;0;0;0;0;0;0;0;0;5591;0;0;125;0;42;0;
30000;6038044;1198731264;34295808;1397067776;0;0;0;0;0;0;0;0;0;0;0;4629;0;0;125;0;42;0;
30001;5757507;1198731264;34295808;1397067776;0;0;0;0;0;0;0;0;0;0;0;4048;0;0;125;0;42;0;
30002;5457475;1198731264;34295808;1397067776;0;0;0;0;0;0;0;0;0;0;0;3286;0;0;125;0;42;0;
30003;4950885;1198731264;34295808;1397067776;0;0;0;0;0;0;0;0;0;0;0;3607;0;0;125;0;42;0;
30004;4972405;1198731264;34295808;1397067776;0;0;0;0;0;0;0;0;0;0;0;3667;0;0;125;0;42;0;
30005;4546396;1198731264;34295808;1397067776;0;0;0;0;0;0;0;0;0;0;0;3697;0;0;125;0;42;0;
30006;5201265;1198731264;34295808;1397067776;0;0;0;0;0;0;0;0;0;0;0;3236;0;0;125;0;42;0;
30007;4739037;1198731264;34295808;1397067776;0;0;0;0;0;0;0;0;0;0;0;3938;0;0;125;0;42;0;
30008;5594903;1198731264;34295808;1397067776;0;0;0;0;0;0;0;0;0;0;0;3667;0;0;125;0;42;0;
30009;4972765;1198731264;34295808;1397067776;0;0;0;0;0;0;0;0;0;0;0;4188;0;0;125;0;42;0;
30010;5081480;1198731264;34295808;1397067776;0;0;0;0;0;0;0;0;0;0;0;3406;0;0;125;0;42;0;
30011;4740330;1198731264;34295808;1397067776;0;0;0;0;0;0;0;0;0;0;0;4158;0;0;125;0;42;0;
30012;5459108;1198731264;34295808;1397067776;0;0;0;0;0;0;0;0;0;0;0;3667;0;0;125;0;42;0;
30013;4389141;1198731264;34295808;1397067776;0;0;0;0;0;0;0;0;0;0;0;3767;0;0;125;0;42;0;
30014;5159706;1198731264;34295808;1397067776;0;0;0;0;0;0;0;0;0;0;0;3617;0;0;125;0;42;0;
30015;4165632;1198731264;34295808;1397067776;0;0;0;0;0;0;0;0;0;0;0;4478;0;0;125;0;42;0;
30016;5212826;1198731264;34295808;1397067776;0;0;0;0;0;0;0;0;0;0;0;3747;0;0;125;0;42;0;
30017;4427353;1198731264;34295808;1397067776;0;0;0;0;0;0;0;0;0;0;0;4217;0;0;125;0;42;0;
30018;5246930;1198731264;34295808;1397067776;0;0;0;0;0;0;0;0;0;0;0;3646;0;0;125;0;42;0;
30019;4283724;1198731264;34295808;1397067776;0;0;0;0;0;0;0;0;0;0;0;3497;0;0;125;0;42;0;
30020;5524210;1198731264;34295808;1397067776;0;0;0;0;0;0;0;0;0;0;0;3377;0;0;125;0;42;0;
30021;4647887;1198731264;34295808;1397067776;0;0;0;0;0;0;0;0;0;0;0;5320;0;0;125;0;42;0;
30022;6112083;1198731264;34295808;1397067776;0;0;0;0;0;0;0;0;0;0;0;4578;0;0;125;0;42;0;
30023;6003549;1198731264;34295808;1397067776;0;0;0;0;0;0;0;0;0;0;0;5129;0;0;125;0;42;0;
30024;5840653;1198731264;34295808;1397067776;0;0;0;0;0;0;0;0;0;0;0;4299;0;0;125;0;42;0;
30025;11421610;1198731264;34295808;1397067776;0;0;0;0;0;0;0;0;0;0;0;4258;0;0;125;0;42;0;
30026;5230329;1198731264;34295808;1397067776;0;0;0;0;0;0;0;0;0;0;0;3506;0;0;125;0;42;0;
30027;4780435;1198731264;34295808;1397067776;0;0;0;0;0;0;0;0;0;0;0;4358;0;0;125;0;42;0;
30028;5344462;1198731264;34295808;1397067776;0;0;0;0;0;0;0;0;0;0;0;3537;0;0;125;0;42;0;
30029;4505419;1198731264;34295808;1397067776;0;0;0;0;0;0;0;0;0;0;0;4137;0;0;125;0;42;0;
30030;5768678;1198731264;34295808;1397067776;0;0;0;0;0;0;0;0;0;0;0;3697;0;0;125;0;42;0;
30031;4312608;1198731264;34295808;1397067776;0;0;0;0;0;0;0;0;0;0;0;4548;0;0;125;0;42;0;
30032;5294940;1198731264;34295808;1397067776;0;0;0;0;0;0;0;0;0;0;0;4048;0;0;125;0;42;0;
30033;4355909;1198731264;34295808;1397067776;0;0;0;0;0;0;0;0;0;0;0;4859;0;0;125;0;42;0;
30034;5279791;1198731264;34295808;1397067776;0;0;0;0;0;0;0;0;0;0;0;4038;0;0;125;0;42;0;
30035;3890326;1198731264;34295808;1397067776;0;0;0;0;0;0;0;0;0;0;0;3907;0;0;125;0;42;0;
30036;5262379;1198731264;34295808;1397067776;0;0;0;0;0;0;0;0;0;0;0;3116;0;0;125;0;42;0;
30037;4468911;1198731264;34295808;1397067776;0;0;0;0;0;0;0;0;0;0;0;4288;0;0;125;0;42;0;
30038;5094725;1198731264;34295808;1397067776;0;0;0;0;0;0;0;0;0;0;0;3286;0;0;125;0;42;0;
30039;4405362;1198731264;34295808;1397067776;0;0;0;0;0;0;0;0;0;0;0;3847;0;0;125;0;42;0;
30040;5559026;1198731264;34295808;1397067776;0;0;0;0;0;0;0;0;0;0;0;4138;0;0;125;0;42;0;
30041;5027278;1198731264;34304000;1397075968;0;0;0;0;0;0;0;0;0;0;0;4178;0;0;125;0;42;0;
30042;5543987;1198731264;34304000;1397075968;0;0;0;0;0;0;0;0;0;0;0;3246;0;0;125;0;42;0;
30043;5767316;1198731264;34304000;1397075968;0;0;0;0;0;0;0;0;0;0;0;3446;0;0;125;0;42;0;
30044;5746246;1198731264;34304000;1397075968;0;0;0;0;0;0;0;0;0;0;0;3787;0;0;125;0;42;0;
30045;6401996;1198731264;34304000;1397075968;0;0;0;0;0;0;0;0;0;0;0;6152;0;0;125;0;42;0;
30046;5700400;1198731264;34304000;1397075968;0;0;0;0;0;0;0;0;0;0;0;4659;0;0;125;0;42;0;
30047;5847597;1198731264;34295808;1397067776;0;0;0;0;0;0;0;0;0;0;0;5350;0;0;125;0;42;0;
30048;5787924;1198731264;34295808;1397067776;0;0;0;0;0;0;0;0;0;0;0;4809;0;0;125;0;42;0;
30049;7196677;1198731264;34295808;1397067776;0;0;0;0;0;0;0;0;0;0;0;68538;0;0;125;0;42;0;
30050;6074071;1198731264;34295808;1397067776;0;0;0;0;0;0;0;0;0;0;0;4489;0;0;125;0;42;0;
30051;5453226;1198731264;34295808;1397067776;0;0;0;0;0;0;0;0;0;0;0;4198;0;0;125;0;42;0;
30052;5197046;1198731264;34295808;1397067776;0;0;0;0;0;0;0;0;0;0;0;3817;0;0;125;0;42;0;
30053;4315704;1198731264;34295808;1397067776;0;0;0;0;0;0;0;0;0;0;0;4308;0;0;125;0;42;0;
30054;5878755;1198731264;34295808;1397067776;0;0;0;0;0;0;0;0;0;0;0;4248;0;0;125;0;42;0;
30055;4942219;1198731264;34295808;1397067776;0;0;0;0;0;0;0;0;0;0;0;4168;0;0;125;0;42;0;
30056;5106596;1198731264;34295808;1397067776;0;0;0;0;0;0;0;0;0;0;0;3376;0;0;125;0;42;0;
30057;4254900;1198731264;34295808;1397067776;0;0;0;0;0;0;0;0;0;0;0;4278;0;0;125;0;42;0;
30058;5217204;1198731264;34295808;1397067776;0;0;0;0;0;0;0;0;0;0;0;3216;0;0;125;0;42;0;
30059;4180330;1198731264;34295808;1397067776;0;0;0;0;0;0;0;0;0;0;0;3787;0;0;125;0;42;0;
30060;5188180;1198731264;34295808;1397067776;0;0;0;0;0;0;0;0;0;0;0;4038;0;0;125;0;42;0;
30061;4480934;1198731264;34295808;1397067776;0;0;0;0;0;0;0;0;0;0;0;3627;0;0;125;0;42;0;
30062;5552263;1198731264;34295808;1397067776;0;0;0;0;0;0;0;0;0;0;0;3276;0;0;125;0;42;0;
30063;4251182;1198731264;34295808;1397067776;0;0;0;0;0;0;0;0;0;0;0;4238;0;0;125;0;42;0;
30064;5370261;1198731264;34295808;1397067776;0;0;0;0;0;0;0;0;0;0;0;2645;0;0;125;0;42;0;
30065;4696278;1198731264;34295808;1397067776;0;0;0;0;0;0;0;0;0;0;0;3967;0;0;125;0;42;0;
30066;5476922;1198731264;34295808;1397067776;0;0;0;0;0;0;0;0;0;0;0;3276;0;0;125;0;42;0;
30067;4258806;1198731264;34295808;1397067776;0;0;0;0;0;0;0;0;0;0;0;3837;0;0;125;0;42;0;
30068;5439801;1198731264;34295808;1397067776;0;0;0;0;0;0;0;0;0;0;0;3576;0;0;125;0;42;0;
30069;4455226;1198731264;34295808;1397067776;0;0;0;0;0;0;0;0;0;0;0;4007;0;0;125;0;42;0;
30070;5367827;1198731264;34295808;1397067776;0;0;0;0;0;0;0;0;0;0;0;3627;0;0;125;0;42;0;
30071;4624132;1198731264;34295808;1397067776;0;0;0;0;0;0;0;0;0;0;0;11973;0;0;125;0;42;0;
30072;5941393;1198731264;34295808;1397067776;0;0;0;0;0;0;0;0;0;0;0;4097;0;0;125;0;42;0;
30073;5886459;1198731264;34295808;1397067776;0;0;0;0;0;0;0;0;0;0;0;4719;0;0;125;0;42;0;
30074;5356255;1198731264;34295808;1397067776;0;0;0;0;0;0;0;0;0;0;0;3787;0;0;125;0;42;0;
30075;5584002;1198731264;34295808;1397067776;0;0;0;0;0;0;0;0;0;0;0;3506;0;0;125;0;42;0;
30076;5341868;1198731264;34295808;1397067776;0;0;0;0;0;0;0;0;0;0;0;3496;0;0;125;0;42;0;
30077;4097314;1198731264;34295808;1397067776;0;0;0;0;0;0;0;0;0;0;0;3437;0;0;125;0;42;0;
30078;5717122;1198731264;34295808;1397067776;0;0;0;0;0;0;0;0;0;0;0;3737;0;0;125;0;42;0;
30079;4402486;1198731264;34295808;1397067776;0;0;0;0;0;0;0;0;0;0;0;3607;0;0;125;0;42;0;
30080;5263511;1198731264;34295808;1397067776;0;0;0;0;0;0;0;0;0;0;0;3216;0;0;125;0;42;0;
30081;4751300;1198731264;34295808;1397067776;0;0;0;0;0;0;0;0;0;0;0;3747;0;0;125;0;42;0;
30082;5320979;1198731264;34295808;1397067776;0;0;0;0;0;0;0;0;0;0;0;3146;0;0;125;0;42;0;
30083;4150444;1198731264;34295808;1397067776;0;0;0;0;0;0;0;0;0;0;0;4228;0;0;125;0;42;0;
30084;5216323;1198731264;34295808;1397067776;0;0;0;0;0;0;0;0;0;0;0;3456;0;0;125;0;42;0;
30085;4701327;1198731264;34295808;1397067776;0;0;0;0;0;0;0;0;0;0;0;4028;0;0;125;0;42;0;
30086;5057365;1198731264;34295808;1397067776;0;0;0;0;0;0;0;0;0;0;0;3276;0;0;125;0;42;0;
30087;4007175;1198731264;34295808;1397067776;0;0;0;0;0;0;0;0;0;0;0;3727;0;0;125;0;42;0;
30088;5023601;1198731264;34295808;1397067776;0;0;0;0;0;0;0;0;0;0;0;3396;0;0;125;0;42;0;
30089;4518804;1198731264;34295808;1397067776;0;0;0;0;0;0;0;0;0;0;0;3737;0;0;125;0;42;0;
30090;5223977;1198731264;34295808;1397067776;0;0;0;0;0;0;0;0;0;0;0;3297;0;0;125;0;42;0;
30091;4581472;1198731264;34295808;1397067776;0;0;0;0;0;0;0;0;0;0;0;4348;0;0;125;0;42;0;
30092;5295321;1198731264;34295808;1397067776;0;0;0;0;0;0;0;0;0;0;0;3266;0;0;125;0;42;0;
30093;4029667;1198731264;34295808;1397067776;0;0;0;0;0;0;0;0;0;0;0;4067;0;0;125;0;42;0;
30094;5537424;1198731264;34295808;1397067776;0;0;0;0;0;0;0;0;0;0;0;3847;0;0;125;0;42;0;
30095;5617525;1198731264;34295808;1397067776;0;0;0;0;0;0;0;0;0;0;0;4789;0;0;125;0;42;0;
30096;5956731;1198731264;34295808;1397067776;0;0;0;0;0;0;0;0;0;0;0;5130;0;0;125;0;42;0;
30097;5856574;1198731264;34295808;1397067776;0;0;0;0;0;0;0;0;0;0;0;6433;0;0;125;0;42;0;
30098;5869097;1198731264;34295808;1397067776;0;0;0;0;0;0;0;0;0;0;0;4508;0;0;125;0;42;0;
30099;5060049;1198731264;34295808;1397067776;0;0;0;0;0;0;0;0;0;0;0;3997;0;0;125;0;42;0;
30100;5030344;1198731264;34295808;1397067776;0;0;0;0;0;0;0;0;0;0;0;3336;0;0;125;0;42;0;
30101;4189137;1198731264;34295808;1397067776;0;0;0;0;0;0;0;0;0;0;0;4429;0;0;125;0;42;0;
30102;5479356;1198731264;34295808;1397067776;0;0;0;0;0;0;0;0;0;0;0;3296;0;0;125;0;42;0;
30103;3824793;1198731264;34295808;1397067776;0;0;0;0;0;0;0;0;0;0;0;4008;0;0;125;0;42;0;
30104;5272187;1198731264;34295808;1397067776;0;0;0;0;0;0;0;0;0;0;0;3286;0;0;125;0;42;0;
30105;4304362;1198731264;34295808;1397067776;0;0;0;0;0;0;0;0;0;0;0;3687;0;0;125;0;42;0;
30106;5223456;1198731264;34295808;1397067776;0;0;0;0;0;0;0;0;0;0;0;3045;0;0;125;0;42;0;
30107;3548925;1198731264;34295808;1397067776;0;0;0;0;0;0;0;0;0;0;0;3838;0;0;125;0;42;0;
30108;6039777;1198731264;34295808;1397067776;0;0;0;0;0;0;0;0;0;0;0;3436;0;0;125;0;42;0;
30109;4169981;1198731264;34295808;1397067776;0;0;0;0;0;0;0;0;0;0;0;3687;0;0;125;0;42;0;
30110;5150109;1198731264;34295808;1397067776;0;0;0;0;0;0;0;0;0;0;0;3116;0;0;125;0;42;0;
30111;4486935;1198731264;34295808;1397067776;0;0;0;0;0;0;0;0;0;0;0;3567;0;0;125;0;42;0;
30112;5432769;1198731264;34295808;1397067776;0;0;0;0;0;0;0;0;0;0;0;3307;0;0;125;0;42;0;
30113;3960157;1198731264;34295808;1397067776;0;0;0;0;0;0;0;0;0;0;0;3897;0;0;125;0;42;0;
30114;5188260;1198731264;34295808;1397067776;0;0;0;0;0;0;0;0;0;0;0;3737;0;0;125;0;42;0;
30115;5049891;1198731264;34295808;1397067776;0;0;0;0;0;0;0;0;0;0;0;4248;0;0;125;0;42;0;
30116;5208378;1198731264;34295808;1397067776;0;0;0;0;0;0;0;0;0;0;0;3897;0;0;125;0;42;0;
30117;4161534;1198731264;34295808;1397067776;0;0;0;0;0;0;0;0;0;0;0;3827;0;0;125;0;42;0;
30118;5659403;1198731264;34295808;1397067776;0;0;0;0;0;0;0;0;0;0;0;3246;0;0;125;0;42;0;
30119;4168187;1198731264;34295808;1397067776;0;0;0;0;0;0;0;0;0;0;0;3777;0;0;125;0;42;0;
30120;5687947;1198731264;34295808;1397067776;0;0;0;0;0;0;0;0;0;0;0;3467;0;0;125;0;42;0;
30121;5895105;1198731264;34295808;1397067776;0;0;0;0;0;0;0;0;0;0;0;5640;0;0;125;0;42;0;
30122;6313060;1198731264;34295808;1397067776;0;0;0;0;0;0;0;0;0;0;0;4108;0;0;125;0;42;0;
30123;4300154;1198731264;34295808;1397067776;0;0;0;0;0;0;0;0;0;0;0;4398;0;0;125;0;42;0;
30124;5492611;1198731264;34295808;1397067776;0;0;0;0;0;0;0;0;0;0;0;3867;0;0;125;0;42;0;
30125;4814900;1198731264;34295808;1397067776;0;0;0;0;0;0;0;0;0;0;0;4258;0;0;125;0;42;0;
30126;5112748;1198731264;34295808;1397067776;0;0;0;0;0;0;0;0;0;0;0;3166;0;0;125;0;42;0;
30127;4200628;1198731264;34295808;1397067776;0;0;0;0;0;0;0;0;0;0;0;4479;0;0;125;0;42;0;
30128;6392488;1198731264;34295808;1397067776;0;0;0;0;0;0;0;0;0;0;0;3516;0;0;125;0;42;0;
30129;4312718;1198731264;34295808;1397067776;0;0;0;0;0;0;0;0;0;0;0;4358;0;0;125;0;42;0;
30130;5539979;1198731264;34295808;1397067776;0;0;0;0;0;0;0;0;0;0;0;3346;0;0;125;0;42;0;
30131;5098141;1198731264;34295808;1397067776;0;0;0;0;0;0;0;0;0;0;0;3447;0;0;125;0;42;0;
30132;5424864;1198731264;34295808;1397067776;0;0;0;0;0;0;0;0;0;0;0;3377;0;0;125;0;42;0;
30133;4931589;1198731264;34295808;1397067776;0;0;0;0;0;0;0;0;0;0;0;4359;0;0;125;0;42;0;
30134;5482241;1198731264;34295808;1397067776;0;0;0;0;0;0;0;0;0;0;0;3456;0;0;125;0;42;0;
30135;4985249;1198731264;34295808;1397067776;0;0;0;0;0;0;0;0;0;0;0;70402;0;0;125;0;42;0;
30136;5648323;1198731264;34295808;1397067776;0;0;0;0;0;0;0;0;0;0;0;3156;0;0;125;0;42;0;
30137;4864493;1198731264;34295808;1397067776;0;0;0;0;0;0;0;0;0;0;0;4088;0;0;125;0;42;0;
30138;5692345;1198731264;34295808;1397067776;0;0;0;0;0;0;0;0;0;0;0;3677;0;0;125;0;42;0;
30139;4839576;1198731264;34304000;1397075968;0;0;0;0;0;0;0;0;0;0;0;3587;0;0;125;0;42;0;
30140;5398334;1198731264;34304000;1397075968;0;0;0;0;0;0;0;0;0;0;0;3396;0;0;125;0;42;0;
30141;4313901;1198731264;34304000;1397075968;0;0;0;0;0;0;0;0;0;0;0;4008;0;0;125;0;42;0;
30142;5687616;1198731264;34304000;1397075968;0;0;0;0;0;0;0;0;0;0;0;4769;0;0;125;0;42;0;
30143;5201455;1198731264;34304000;1397075968;0;0;0;0;0;0;0;0;0;0;0;3627;0;0;125;0;42;0;
30144;5461983;1198731264;34304000;1397075968;0;0;0;0;0;0;0;0;0;0;0;3166;0;0;125;0;42;0;
30145;4355969;1198731264;34295808;1397067776;0;0;0;0;0;0;0;0;0;0;0;4158;0;0;125;0;42;0;
30146;5207165;1198731264;34295808;1397067776;0;0;0;0;0;0;0;0;0;0;0;3747;0;0;125;0;42;0;
30147;4991271;1198731264;34295808;1397067776;0;0;0;0;0;0;0;0;0;0;0;3506;0;0;125;0;42;0;
30148;5553826;1198731264;34295808;1397067776;0;0;0;0;0;0;0;0;0;0;0;3567;0;0;125;0;42;0;
30149;3448087;1198731264;34295808;1397067776;0;0;0;0;0;0;0;0;0;0;0;3176;0;0;125;0;42;0;
30150;5137976;1198731264;34295808;1397067776;0;0;0;0;0;0;0;0;0;0;0;3096;0;0;125;0;42;0;
30151;3904613;1198731264;34295808;1397067776;0;0;0;0;0;0;0;0;0;0;0;3717;0;0;125;0;42;0;
30152;4871205;1198731264;34295808;1397067776;0;0;0;0;0;0;0;0;0;0;0;3317;0;0;125;0;42;0;
30153;3194661;1198731264;34295808;1397067776;0;0;0;0;0;0;0;0;0;0;0;3757;0;0;125;0;42;0;
30154;4857319;1198731264;34295808;1397067776;0;0;0;0;0;0;0;0;0;0;0;3216;0;0;125;0;42;0;
30155;3229006;1198731264;34295808;1397067776;0;0;0;0;0;0;0;0;0;0;0;3437;0;0;125;0;42;0;
30156;5010496;1198731264;34295808;1397067776;0;0;0;0;0;0;0;0;0;0;0;2956;0;0;125;0;42;0;
30157;3356235;1198731264;34295808;1397067776;0;0;0;0;0;0;0;0;0;0;0;3035;0;0;125;0;42;0;
30158;5419704;1198731264;34295808;1397067776;0;0;0;0;0;0;0;0;0;0;0;2885;0;0;125;0;42;0;
30159;3844540;1198731264;34295808;1397067776;0;0;0;0;0;0;0;0;0;0;0;3226;0;0;125;0;42;0;
30160;4804140;1198731264;34295808;1397067776;0;0;0;0;0;0;0;0;0;0;0;2956;0;0;125;0;42;0;
30161;2927079;1198731264;34295808;1397067776;0;0;0;0;0;0;0;0;0;0;0;3637;0;0;125;0;42;0;
30162;5218286;1198731264;34295808;1397067776;0;0;0;0;0;0;0;0;0;0;0;3106;0;0;125;0;42;0;
30163;3812019;1198731264;34295808;1397067776;0;0;0;0;0;0;0;0;0;0;0;3467;0;0;125;0;42;0;
30164;5034532;1198731264;34295808;1397067776;0;0;0;0;0;0;0;0;0;0;0;2906;0;0;125;0;42;0;
30165;2773671;1198731264;34295808;1397067776;0;0;0;0;0;0;0;0;0;0;0;3166;0;0;125;0;42;0;
30166;6281220;1198731264;34295808;1397067776;0;0;0;0;0;0;0;0;0;0;0;4278;0;0;125;0;42;0;
30167;4566404;1198731264;34295808;1397067776;0;0;0;0;0;0;0;0;0;0;0;4579;0;0;125;0;42;0;
30168;5432639;1198731264;34295808;1397067776;0;0;0;0;0;0;0;0;0;0;0;2956;0;0;125;0;42;0;
30169;3447355;1198731264;34295808;1397067776;0;0;0;0;0;0;0;0;0;0;0;2985;0;0;125;0;42;0;
30170;5259734;1198731264;34295808;1397067776;0;0;0;0;0;0;0;0;0;0;0;2615;0;0;125;0;42;0;
30171;4076676;1198731264;34295808;1397067776;0;0;0;0;0;0;0;0;0;0;0;3566;0;0;125;0;42;0;
30172;5229027;1198731264;34295808;1397067776;0;0;0;0;0;0;0;0;0;0;0;3687;0;0;125;0;42;0;
30173;4149221;1198731264;34295808;1397067776;0;0;0;0;0;0;0;0;0;0;0;3637;0;0;125;0;42;0;
30174;5630039;1198731264;34295808;1397067776;0;0;0;0;0;0;0;0;0;0;0;3627;0;0;125;0;42;0;
30175;3569193;1198731264;34295808;1397067776;0;0;0;0;0;0;0;0;0;0;0;3657;0;0;125;0;42;0;
30176;5501007;1198731264;34295808;1397067776;0;0;0;0;0;0;0;0;0;0;0;3737;0;0;125;0;42;0;
30177;4165902;1198731264;34295808;1397067776;0;0;0;0;0;0;0;0;0;0;0;3837;0;0;125;0;42;0;
30178;5614930;1198731264;34295808;1397067776;0;0;0;0;0;0;0;0;0;0;0;3747;0;0;125;0;42;0;
30179;4147208;1198731264;34295808;1397067776;0;0;0;0;0;0;0;0;0;0;0;3727;0;0;125;0;42;0;
30180;5439571;1198731264;34295808;1397067776;0;0;0;0;0;0;0;0;0;0;0;4348;0;0;125;0;42;0;
30181;3912928;1198731264;34295808;1397067776;0;0;0;0;0;0;0;0;0;0;0;3637;0;0;125;0;42;0;
30182;5669433;1198731264;34295808;1397067776;0;0;0;0;0;0;0;0;0;0;0;3787;0;0;125;0;42;0;
30183;3848428;1198731264;34295808;1397067776;0;0;0;0;0;0;0;0;0;0;0;3697;0;0;125;0;42;0;
30184;5761875;1198731264;34295808;1397067776;0;0;0;0;0;0;0;0;0;0;0;3146;0;0;125;0;42;0;
30185;3537194;1198731264;34295808;1397067776;0;0;0;0;0;0;0;0;0;0;0;3626;0;0;125;0;42;0;
30186;5717562;1198731264;34295808;1397067776;0;0;0;0;0;0;0;0;0;0;0;3436;0;0;125;0;42;0;
30187;3918700;1198731264;34295808;1397067776;0;0;0;0;0;0;0;0;0;0;0;4358;0;0;125;0;42;0;
30188;6292020;1198731264;34295808;1397067776;0;0;0;0;0;0;0;0;0;0;0;3727;0;0;125;0;42;0;
30189;4689214;1198731264;34295808;1397067776;0;0;0;0;0;0;0;0;0;0;0;4749;0;0;125;0;42;0;
30190;6508716;1198731264;34295808;1397067776;0;0;0;0;0;0;0;0;0;0;0;4569;0;0;125;0;42;0;
30191;4546426;1198731264;34295808;1397067776;0;0;0;0;0;0;0;0;0;0;0;4348;0;0;125;0;42;0;
30192;5698698;1198731264;34295808;1397067776;0;0;0;0;0;0;0;0;0;0;0;4728;0;0;125;0;42;0;
30193;3663891;1198731264;34295808;1397067776;0;0;0;0;0;0;0;0;0;0;0;4078;0;0;125;0;42;0;
30194;5561380;1198731264;34295808;1397067776;0;0;0;0;0;0;0;0;0;0;0;4057;0;0;125;0;42;0;
30195;4355398;1198731264;34295808;1397067776;0;0;0;0;0;0;0;0;0;0;0;4058;0;0;125;0;42;0;
30196;5372876;1198731264;34295808;1397067776;0;0;0;0;0;0;0;0;0;0;0;2755;0;0;125;0;42;0;
30197;3739243;1198731264;34295808;1397067776;0;0;0;0;0;0;0;0;0;0;0;3266;0;0;125;0;42;0;
30198;5478213;1198731264;34295808;1397067776;0;0;0;0;0;0;0;0;0;0;0;4198;0;0;125;0;42;0;
30199;3420605;1198731264;34295808;1397067776;0;0;0;0;0;0;0;0;0;0;0;3467;0;0;125;0;42;0;
30200;5324736;1198731264;34295808;1397067776;0;0;0;0;0;0;0;0;0;0;0;3697;0;0;125;0;42;0;
30201;4484651;1198731264;34295808;1397067776;0;0;0;0;0;0;0;0;0;0;0;3536;0;0;125;0;42;0;
30202;5091849;1198731264;34295808;1397067776;0;0;0;0;0;0;0;0;0;0;0;3487;0;0;125;0;42;0;
30203;4184367;1198731264;34295808;1397067776;0;0;0;0;0;0;0;0;0;0;0;3566;0;0;125;0;42;0;
30204;5522627;1198731264;34295808;1397067776;0;0;0;0;0;0;0;0;0;0;0;3216;0;0;125;0;42;0;
30205;3903952;1198731264;34295808;1397067776;0;0;0;0;0;0;0;0;0;0;0;3456;0;0;125;0;42;0;
30206;5133757;1198731264;34295808;1397067776;0;0;0;0;0;0;0;0;0;0;0;3096;0;0;125;0;42;0;
30207;4058311;1198731264;34295808;1397067776;0;0;0;0;0;0;0;0;0;0;0;3707;0;0;125;0;42;0;
30208;5210241;1198731264;34295808;1397067776;0;0;0;0;0;0;0;0;0;0;0;2926;0;0;125;0;42;0;
30209;4392507;1198731264;34295808;1397067776;0;0;0;0;0;0;0;0;0;0;0;3827;0;0;125;0;42;0;
30210;5806089;1198731264;34295808;1397067776;0;0;0;0;0;0;0;0;0;0;0;3307;0;0;125;0;42;0;
30211;5498682;1198731264;34295808;1397067776;0;0;0;0;0;0;0;0;0;0;0;6021;0;0;125;0;42;0;
30212;5889736;1198731264;34295808;1397067776;0;0;0;0;0;0;0;0;0;0;0;4779;0;0;125;0;42;0;
30213;5781703;1198731264;34295808;1397067776;0;0;0;0;0;0;0;0;0;0;0;5340;0;0;125;0;42;0;
30214;5921014;1198731264;34295808;1397067776;0;0;0;0;0;0;0;0;0;0;0;4469;0;0;125;0;42;0;
30215;4655991;1198731264;34295808;1397067776;0;0;0;0;0;0;0;0;0;0;0;3848;0;0;125;0;42;0;
30216;5393034;1198731264;34295808;1397067776;0;0;0;0;0;0;0;0;0;0;0;3717;0;0;125;0;42;0;
30217;3060629;1198731264;34295808;1397067776;0;0;0;0;0;0;0;0;0;0;0;3676;0;0;125;0;42;0;
30218;5785420;1198731264;34295808;1397067776;0;0;0;0;0;0;0;0;0;0;0;3396;0;0;125;0;42;0;
30219;3149657;1198731264;34295808;1397067776;0;0;0;0;0;0;0;0;0;0;0;3246;0;0;125;0;42;0;
30220;5322863;1198731264;34295808;1397067776;0;0;0;0;0;0;0;0;0;0;0;3086;0;0;125;0;42;0;
30221;3317782;1198731264;34295808;1397067776;0;0;0;0;0;0;0;0;0;0;0;2795;0;0;125;0;42;0;
30222;5231561;1198731264;34295808;1397067776;0;0;0;0;0;0;0;0;0;0;0;2565;0;0;125;0;42;0;
30223;3255105;1198731264;34295808;1397067776;0;0;0;0;0;0;0;0;0;0;0;3486;0;0;125;0;42;0;
30224;5233374;1198731264;34295808;1397067776;0;0;0;0;0;0;0;0;0;0;0;2605;0;0;125;0;42;0;
30225;3510043;1198731264;34295808;1397067776;0;0;0;0;0;0;0;0;0;0;0;3106;0;0;125;0;42;0;
30226;9943628;1198731264;34295808;1397067776;0;0;0;0;0;0;0;0;0;0;0;3186;0;0;125;0;42;0;
30227;7846445;1198731264;34295808;1397067776;0;0;0;0;0;0;0;0;0;0;0;4328;0;0;125;0;42;0;
30228;5475038;1198731264;34295808;1397067776;0;0;0;0;0;0;0;0;0;0;0;2815;0;0;125;0;42;0;
30229;3570556;1198731264;34295808;1397067776;0;0;0;0;0;0;0;0;0;0;0;2715;0;0;125;0;42;0;
30230;5578251;1198731264;34295808;1397067776;0;0;0;0;0;0;0;0;0;0;0;2435;0;0;125;0;42;0;
30231;3758368;1198731264;34295808;1397067776;0;0;0;0;0;0;0;0;0;0;0;3035;0;0;125;0;42;0;
30232;4790884;1198731264;34295808;1397067776;0;0;0;0;0;0;0;0;0;0;0;3277;0;0;125;0;42;0;
30233;3564264;1198731264;34295808;1397067776;0;0;0;0;0;0;0;0;0;0;0;3316;0;0;125;0;42;0;
30234;5166248;1198731264;34295808;1397067776;0;0;0;0;0;0;0;0;0;0;0;3036;0;0;125;0;42;0;
30235;4427152;1198731264;34295808;1397067776;0;0;0;0;0;0;0;0;0;0;0;4900;0;0;125;0;42;0;
30236;6536839;1198731264;34295808;1397067776;0;0;0;0;0;0;0;0;0;0;0;3487;0;0;125;0;42;0;
30237;4729860;1198731264;34295808;1397067776;0;0;0;0;0;0;0;0;0;0;0;4979;0;0;125;0;42;0;
30238;5412981;1198731264;34295808;1397067776;0;0;0;0;0;0;0;0;0;0;0;3917;0;0;125;0;42;0;
30239;4598874;1198731264;34295808;1397067776;0;0;0;0;0;0;0;0;0;0;0;4709;0;0;125;0;42;0;
30240;5587609;1198731264;34295808;1397067776;0;0;0;0;0;0;0;0;0;0;0;3367;0;0;125;0;42;0;
30241;4949031;1198731264;34295808;1397067776;0;0;0;0;0;0;0;0;0;0;0;4549;0;0;125;0;42;0;
30242;5621062;1198731264;34295808;1397067776;0;0;0;0;0;0;0;0;0;0;0;4208;0;0;125;0;42;0;
30243;4667643;1198731264;34304000;1397075968;0;0;0;0;0;0;0;0;0;0;0;4058;0;0;125;0;42;0;
30244;6253497;1198731264;34304000;1397075968;0;0;0;0;0;0;0;0;0;0;0;3777;0;0;125;0;42;0;
30245;4352653;1198731264;34304000;1397075968;0;0;0;0;0;0;0;0;0;0;0;4618;0;0;125;0;42;0;
30246;5138747;1198731264;34304000;1397075968;0;0;0;0;0;0;0;0;0;0;0;4228;0;0;125;0;42;0;
30247;4816143;1198731264;34304000;1397075968;0;0;0;0;0;0;0;0;0;0;0;4689;0;0;125;0;42;0;
30248;5441265;1198731264;34304000;1397075968;0;0;0;0;0;0;0;0;0;0;0;3907;0;0;125;0;42;0;
30249;5410386;1198731264;34295808;1397067776;0;0;0;0;0;0;0;0;0;0;0;5621;0;0;125;0;42;0;
30250;5433850;1198731264;34295808;1397067776;0;0;0;0;0;0;0;0;0;0;0;4889;0;0;125;0;42;0;
30251;5875649;1198731264;34295808;1397067776;0;0;0;0;0;0;0;0;0;0;0;4809;0;0;125;0;42;0;
30252;6091013;1198731264;34295808;1397067776;0;0;0;0;0;0;0;0;0;0;0;4698;0;0;125;0;42;0;
30253;4713941;1198731264;34295808;1397067776;0;0;0;0;0;0;0;0;0;0;0;4559;0;0;125;0;42;0;
30254;6093137;1198731264;34295808;1397067776;0;0;0;0;0;0;0;0;0;0;0;3927;0;0;125;0;42;0;
30255;4167094;1198731264;34295808;1397067776;0;0;0;0;0;0;0;0;0;0;0;4168;0;0;125;0;42;0;
30256;5196646;1198731264;34295808;1397067776;0;0;0;0;0;0;0;0;0;0;0;4177;0;0;125;0;42;0;
30257;4224232;1198731264;34295808;1397067776;0;0;0;0;0;0;0;0;0;0;0;4288;0;0;125;0;42;0;
30258;5339153;1198731264;34295808;1397067776;0;0;0;0;0;0;0;0;0;0;0;3236;0;0;125;0;42;0;
30259;5018332;1198731264;34295808;1397067776;0;0;0;0;0;0;0;0;0;0;0;5260;0;0;125;0;42;0;
30260;5392994;1198731264;34295808;1397067776;0;0;0;0;0;0;0;0;0;0;0;3507;0;0;125;0;42;0;
30261;4322406;1198731264;34295808;1397067776;0;0;0;0;0;0;0;0;0;0;0;3927;0;0;125;0;42;0;
30262;5400428;1198731264;34295808;1397067776;0;0;0;0;0;0;0;0;0;0;0;2966;0;0;125;0;42;0;
30263;5735456;1198731264;34295808;1397067776;0;0;0;0;0;0;0;0;0;0;0;5791;0;0;125;0;42;0;
30264;5997948;1198731264;34295808;1397067776;0;0;0;0;0;0;0;0;0;0;0;5370;0;0;125;0;42;0;
30265;6075033;1198731264;34295808;1397067776;0;0;0;0;0;0;0;0;0;0;0;5841;0;0;125;0;42;0;
30266;6359366;1198731264;34295808;1397067776;0;0;0;0;0;0;0;0;0;0;0;5791;0;0;125;0;42;0;
30267;5530883;1198731264;34295808;1397067776;0;0;0;0;0;0;0;0;0;0;0;5771;0;0;125;0;42;0;
30268;6966384;1198731264;34295808;1397067776;0;0;0;0;0;0;0;0;0;0;0;5100;0;0;125;0;42;0;
30269;6017234;1198731264;34295808;1397067776;0;0;0;0;0;0;0;0;0;0;0;11942;0;0;125;0;42;0;
30270;6528533;1198731264;34295808;1397067776;0;0;0;0;0;0;0;0;0;0;0;4940;0;0;125;0;42;0;
30271;5618798;1198731264;34295808;1397067776;0;0;0;0;0;0;0;0;0;0;0;5611;0;0;125;0;42;0;
30272;5664002;1198731264;34295808;1397067776;0;0;0;0;0;0;0;0;0;0;0;4609;0;0;125;0;42;0;
30273;5652611;1198731264;34295808;1397067776;0;0;0;0;0;0;0;0;0;0;0;5952;0;0;125;0;42;0;
30274;5578111;1198731264;34295808;1397067776;0;0;0;0;0;0;0;0;0;0;0;4628;0;0;125;0;42;0;
30275;6119516;1198731264;34295808;1397067776;0;0;0;0;0;0;0;0;0;0;0;4207;0;0;125;0;42;0;
30276;5341658;1198731264;34295808;1397067776;0;0;0;0;0;0;0;0;0;0;0;3888;0;0;125;0;42;0;
30277;4515168;1198731264;34295808;1397067776;0;0;0;0;0;0;0;0;0;0;0;4198;0;0;125;0;42;0;
30278;5454619;1198731264;34295808;1397067776;0;0;0;0;0;0;0;0;0;0;0;3887;0;0;125;0;42;0;
30279;4610937;1198731264;34295808;1397067776;0;0;0;0;0;0;0;0;0;0;0;4488;0;0;125;0;42;0;
30280;6224794;1198731264;34295808;1397067776;0;0;0;0;0;0;0;0;0;0;0;3767;0;0;125;0;42;0;
30281;4554802;1198731264;34295808;1397067776;0;0;0;0;0;0;0;0;0;0;0;5150;0;0;125;0;42;0;
30282;5177891;1198731264;34295808;1397067776;0;0;0;0;0;0;0;0;0;0;0;3857;0;0;125;0;42;0;
30283;4749878;1198731264;34295808;1397067776;0;0;0;0;0;0;0;0;0;0;0;5731;0;0;125;0;42;0;
30284;5916415;1198731264;34295808;1397067776;0;0;0;0;0;0;0;0;0;0;0;4518;0;0;125;0;42;0;
30285;4641945;1198731264;34295808;1397067776;0;0;0;0;0;0;0;0;0;0;0;5410;0;0;125;0;42;0;
30286;5995383;1198731264;34295808;1397067776;0;0;0;0;0;0;0;0;0;0;0;4468;0;0;125;0;42;0;
30287;5586957;1198731264;34295808;1397067776;0;0;0;0;0;0;0;0;0;0;0;6102;0;0;125;0;42;0;
30288;5777465;1198731264;34295808;1397067776;0;0;0;0;0;0;0;0;0;0;0;4689;0;0;125;0;42;0;
30289;5187909;1198731264;34295808;1397067776;0;0;0;0;0;0;0;0;0;0;0;5330;0;0;125;0;42;0;
30290;5832328;1198731264;34295808;1397067776;0;0;0;0;0;0;0;0;0;0;0;4237;0;0;125;0;42;0;
30291;5181538;1198731264;34295808;1397067776;0;0;0;0;0;0;0;0;0;0;0;4609;0;0;125;0;42;0;
30292;5481600;1198731264;34295808;1397067776;0;0;0;0;0;0;0;0;0;0;0;4398;0;0;125;0;42;0;
30293;4668846;1198731264;34295808;1397067776;0;0;0;0;0;0;0;0;0;0;0;5010;0;0;125;0;42;0;
30294;6189238;1198731264;34295808;1397067776;0;0;0;0;0;0;0;0;0;0;0;4128;0;0;125;0;42;0;
30295;4289364;1198731264;34295808;1397067776;0;0;0;0;0;0;0;0;0;0;0;5220;0;0;125;0;42;0;
30296;5872974;1198731264;34295808;1397067776;0;0;0;0;0;0;0;0;0;0;0;4448;0;0;125;0;42;0;
30297;6079671;1198731264;34295808;1397067776;0;0;0;0;0;0;0;0;0;0;0;5811;0;0;125;0;42;0;
30298;6464864;1198731264;34295808;1397067776;0;0;0;0;0;0;0;0;0;0;0;4709;0;0;125;0;42;0;
30299;6075704;1198731264;34295808;1397067776;0;0;0;0;0;0;0;0;0;0;0;5541;0;0;125;0;42;0;
30300;6441951;1198731264;34295808;1397067776;0;0;0;0;0;0;0;0;0;0;0;4969;0;0;125;0;42;0;
30301;6908526;1198731264;34295808;1397067776;0;0;0;0;0;0;0;0;0;0;0;5810;0;0;125;0;42;0;
30302;5909092;1198731264;34295808;1397067776;0;0;0;0;0;0;0;0;0;0;0;4278;0;0;125;0;42;0;
30303;5687397;1198731264;34295808;1397067776;0;0;0;0;0;0;0;0;0;0;0;3246;0;0;125;0;42;0;
30304;4779283;1198731264;34295808;1397067776;0;0;0;0;0;0;0;0;0;0;0;2595;0;0;125;0;42;0;
30305;3524419;1198731264;34295808;1397067776;0;0;0;0;0;0;0;0;0;0;0;3306;0;0;125;0;42;0;
30306;5158755;1198731264;34295808;1397067776;0;0;0;0;0;0;0;0;0;0;0;2886;0;0;125;0;42;0;
30307;3984432;1198731264;34295808;1397067776;0;0;0;0;0;0;0;0;0;0;0;2856;0;0;125;0;42;0;
30308;5085528;1198731264;34295808;1397067776;0;0;0;0;0;0;0;0;0;0;0;2746;0;0;125;0;42;0;
30309;4006304;1198731264;34295808;1397067776;0;0;0;0;0;0;0;0;0;0;0;3165;0;0;125;0;42;0;
30310;4944112;1198731264;34295808;1397067776;0;0;0;0;0;0;0;0;0;0;0;2755;0;0;125;0;42;0;
30311;3689619;1198731264;34295808;1397067776;0;0;0;0;0;0;0;0;0;0;0;3467;0;0;125;0;42;0;
30312;4996701;1198731264;34295808;1397067776;0;0;0;0;0;0;0;0;0;0;0;3486;0;0;125;0;42;0;
30313;3259593;1198731264;34295808;1397067776;0;0;0;0;0;0;0;0;0;0;0;3296;0;0;125;0;42;0;
30314;5683037;1198731264;34295808;1397067776;0;0;0;0;0;0;0;0;0;0;0;2665;0;0;125;0;42;0;
30315;3373797;1198731264;34295808;1397067776;0;0;0;0;0;0;0;0;0;0;0;3366;0;0;125;0;42;0;
30316;5433269;1198731264;34295808;1397067776;0;0;0;0;0;0;0;0;0;0;0;2435;0;0;125;0;42;0;
30317;3511766;1198731264;34295808;1397067776;0;0;0;0;0;0;0;0;0;0;0;3156;0;0;125;0;42;0;
30318;4990830;1198731264;34295808;1397067776;0;0;0;0;0;0;0;0;0;0;0;2855;0;0;125;0;42;0;
30319;3480146;1198731264;34295808;1397067776;0;0;0;0;0;0;0;0;0;0;0;3016;0;0;125;0;42;0;
30320;4867849;1198731264;34295808;1397067776;0;0;0;0;0;0;0;0;0;0;0;2585;0;0;125;0;42;0;
30321;3047947;1198731264;34295808;1397067776;0;0;0;0;0;0;0;0;0;0;0;2895;0;0;125;0;42;0;
30322;4994006;1198731264;34295808;1397067776;0;0;0;0;0;0;0;0;0;0;0;2815;0;0;125;0;42;0;
30323;3735485;1198731264;34295808;1397067776;0;0;0;0;0;0;0;0;0;0;0;3036;0;0;125;0;42;0;
30324;4845888;1198731264;34295808;1397067776;0;0;0;0;0;0;0;0;0;0;0;2554;0;0;125;0;42;0;
30325;3740034;1198731264;34295808;1397067776;0;0;0;0;0;0;0;0;0;0;0;3797;0;0;125;0;42;0;
30326;4935677;1198731264;34295808;1397067776;0;0;0;0;0;0;0;0;0;0;0;2525;0;0;125;0;42;0;
30327;5018251;1198731264;34295808;1397067776;0;0;0;0;0;0;0;0;0;0;0;5460;0;0;125;0;42;0;
30328;5739704;1198731264;34295808;1397067776;0;0;0;0;0;0;0;0;0;0;0;12083;0;0;125;0;42;0;
30329;6236727;1198731264;34295808;1397067776;0;0;0;0;0;0;0;0;0;0;0;5080;0;0;125;0;42;0;
30330;5293598;1198731264;34295808;1397067776;0;0;0;0;0;0;0;0;0;0;0;3597;0;0;125;0;42;0;
30331;2767641;1198731264;34295808;1397067776;0;0;0;0;0;0;0;0;0;0;0;3266;0;0;125;0;42;0;
30332;5708846;1198731264;34295808;1397067776;0;0;0;0;0;0;0;0;0;0;0;2885;0;0;125;0;42;0;
30333;3062753;1198731264;34295808;1397067776;0;0;0;0;0;0;0;0;0;0;0;3466;0;0;125;0;42;0;
30334;5216292;1198731264;34295808;1397067776;0;0;0;0;0;0;0;0;0;0;0;3407;0;0;125;0;42;0;
30335;3599239;1198731264;34295808;1397067776;0;0;0;0;0;0;0;0;0;0;0;3376;0;0;125;0;42;0;
30336;5027017;1198731264;34295808;1397067776;0;0;0;0;0;0;0;0;0;0;0;3196;0;0;125;0;42;0;
30337;4038975;1198731264;34295808;1397067776;0;0;0;0;0;0;0;0;0;0;0;4348;0;0;125;0;42;0;
30338;4877647;1198731264;34295808;1397067776;0;0;0;0;0;0;0;0;0;0;0;3256;0;0;125;0;42;0;
30339;2890751;1198731264;34295808;1397067776;0;0;0;0;0;0;0;0;0;0;0;3056;0;0;125;0;42;0;
30340;5167200;1198731264;34295808;1397067776;0;0;0;0;0;0;0;0;0;0;0;2705;0;0;125;0;42;0;
30341;2923452;1198731264;34295808;1397067776;0;0;0;0;0;0;0;0;0;0;0;2816;0;0;125;0;42;0;
30342;5343571;1198731264;34295808;1397067776;0;0;0;0;0;0;0;0;0;0;0;2494;0;0;125;0;42;0;
30343;3931834;1198731264;34295808;1397067776;0;0;0;0;0;0;0;0;0;0;0;3697;0;0;125;0;42;0;
30344;4856027;1198731264;34295808;1397067776;0;0;0;0;0;0;0;0;0;0;0;3176;0;0;125;0;42;0;
30345;4085733;1198731264;34295808;1397067776;0;0;0;0;0;0;0;0;0;0;0;3487;0;0;125;0;42;0;
30346;5456023;1198731264;34295808;1397067776;0;0;0;0;0;0;0;0;0;0;0;2765;0;0;125;0;42;0;
30347;3346336;1198731264;34295808;1397067776;0;0;0;0;0;0;0;0;0;0;0;3306;0;0;125;0;42;0;
30348;4997312;1198731264;34295808;1397067776;0;0;0;0;0;0;0;0;0;0;0;2504;0;0;125;0;42;0;
30349;3347668;1198731264;34295808;1397067776;0;0;0;0;0;0;0;0;0;0;0;3216;0;0;125;0;42;0;
30350;4959120;1198731264;34295808;1397067776;0;0;0;0;0;0;0;0;0;0;0;2605;0;0;125;0;42;0;
30351;3310068;1198731264;34295808;1397067776;0;0;0;0;0;0;0;0;0;0;0;3105;0;0;125;0;42;0;
30352;4981473;1198731264;34295808;1397067776;0;0;0;0;0;0;0;0;0;0;0;2635;0;0;125;0;42;0;
30353;4735531;1198731264;34295808;1397067776;0;0;0;0;0;0;0;0;0;0;0;3517;0;0;125;0;42;0;
30354;5068937;1198731264;34295808;1397067776;0;0;0;0;0;0;0;0;0;0;0;2635;0;0;125;0;42;0;
30355;3045491;1198731264;34295808;1397067776;0;0;0;0;0;0;0;0;0;0;0;3377;0;0;125;0;42;0;
30356;5119741;1198731264;34295808;1397067776;0;0;0;0;0;0;0;0;0;0;0;2615;0;0;125;0;42;0;
30357;3367736;1198731264;34295808;1397067776;0;0;0;0;0;0;0;0;0;0;0;2956;0;0;125;0;42;0;
30358;5276706;1198731264;34295808;1397067776;0;0;0;0;0;0;0;0;0;0;0;3146;0;0;125;0;42;0;
30359;2996540;1198731264;34295808;1397067776;0;0;0;0;0;0;0;0;0;0;0;3387;0;0;125;0;42;0;
30360;5601935;1198731264;34295808;1397067776;0;0;0;0;0;0;0;0;0;0;0;4238;0;0;125;0;42;0;
30361;3591525;1198731264;34295808;1397067776;0;0;0;0;0;0;0;0;0;0;0;3246;0;0;125;0;42;0;
30362;5804045;1198731264;34295808;1397067776;0;0;0;0;0;0;0;0;0;0;0;3737;0;0;125;0;42;0;
30363;3836976;1198731264;34295808;1397067776;0;0;0;0;0;0;0;0;0;0;0;3797;0;0;125;0;42;0;
30364;5896899;1198731264;34295808;1397067776;0;0;0;0;0;0;0;0;0;0;0;3928;0;0;125;0;42;0;
30365;3642130;1198731264;34295808;1397067776;0;0;0;0;0;0;0;0;0;0;0;3777;0;0;125;0;42;0;
30366;5533998;1198731264;34295808;1397067776;0;0;0;0;0;0;0;0;0;0;0;4278;0;0;125;0;42;0;
30367;3964244;1198731264;34295808;1397067776;0;0;0;0;0;0;0;0;0;0;0;3526;0;0;125;0;42;0;
30368;5173201;1198731264;34295808;1397067776;0;0;0;0;0;0;0;0;0;0;0;2615;0;0;125;0;42;0;
30369;3728172;1198731264;34295808;1397067776;0;0;0;0;0;0;0;0;0;0;0;3296;0;0;125;0;42;0;
30370;4940315;1198731264;34295808;1397067776;0;0;0;0;0;0;0;0;0;0;0;2525;0;0;125;0;42;0;
30371;2549492;1198731264;34295808;1397067776;0;0;0;0;0;0;0;0;0;0;0;3336;0;0;125;0;42;0;
30372;5170607;1198731264;34295808;1397067776;0;0;0;0;0;0;0;0;0;0;0;2946;0;0;125;0;42;0;
30373;3339072;1198731264;34295808;1397067776;0;0;0;0;0;0;0;0;0;0;0;3155;0;0;125;0;42;0;
30374;5277868;1198731264;34295808;1397067776;0;0;0;0;0;0;0;0;0;0;0;2845;0;0;125;0;42;0;
30375;3516365;1198731264;34295808;1397067776;0;0;0;0;0;0;0;0;0;0;0;3407;0;0;125;0;42;0;
30376;5328082;1198731264;34295808;1397067776;0;0;0;0;0;0;0;0;0;0;0;2875;0;0;125;0;42;0;
30377;4874581;1198731264;34295808;1397067776;0;0;0;0;0;0;0;0;0;0;0;5190;0;0;125;0;42;0;
30378;5021036;1198731264;34295808;1397067776;0;0;0;0;0;0;0;0;0;0;0;2675;0;0;125;0;42;0;
30379;3620800;1198731264;34295808;1397067776;0;0;0;0;0;0;0;0;0;0;0;2955;0;0;125;0;42;0;
30380;4972846;1198731264;34295808;1397067776;0;0;0;0;0;0;0;0;0;0;0;3257;0;0;125;0;42;0;
30381;3162912;1198731264;34295808;1397067776;0;0;0;0;0;0;0;0;0;0;0;3637;0;0;125;0;42;0;
30382;5287646;1198731264;34295808;1397067776;0;0;0;0;0;0;0;0;0;0;0;2755;0;0;125;0;42;0;
30383;3636900;1198731264;34295808;1397067776;0;0;0;0;0;0;0;0;0;0;0;3827;0;0;125;0;42;0;
30384;4955003;1198731264;34295808;1397067776;0;0;0;0;0;0;0;0;0;0;0;4007;0;0;125;0;42;0;
30385;3336106;1198731264;34295808;1397067776;0;0;0;0;0;0;0;0;0;0;0;2926;0;0;125;0;42;0;
30386;5118449;1198731264;34295808;1397067776;0;0;0;0;0;0;0;0;0;0;0;3236;0;0;125;0;42;0;
30387;3923087;1198731264;34295808;1397067776;0;0;0;0;0;0;0;0;0;0;0;3386;0;0;125;0;42;0;
30388;5244104;1198731264;34295808;1397067776;0;0;0;0;0;0;0;0;0;0;0;2915;0;0;125;0;42;0;
30389;3750614;1198731264;34295808;1397067776;0;0;0;0;0;0;0;0;0;0;0;3537;0;0;125;0;42;0;
30390;5350474;1198731264;34295808;1397067776;0;0;0;0;0;0;0;0;0;0;0;3607;0;0;125;0;42;0;
30391;3300189;1198731264;34295808;1397067776;0;0;0;0;0;0;0;0;0;0;0;3997;0;0;125;0;42;0;
30392;5159326;1198731264;34295808;1397067776;0;0;0;0;0;0;0;0;0;0;0;3637;0;0;125;0;42;0;
30393;2992392;1198731264;34295808;1397067776;0;0;0;0;0;0;0;0;0;0;0;3496;0;0;125;0;42;0;
30394;5360863;1198731264;34295808;1397067776;0;0;0;0;0;0;0;0;0;0;0;4058;0;0;125;0;42;0;
30395;2993453;1198731264;34295808;1397067776;0;0;0;0;0;0;0;0;0;0;0;3377;0;0;125;0;42;0;
30396;5678409;1198731264;34295808;1397067776;0;0;0;0;0;0;0;0;0;0;0;2715;0;0;125;0;42;0;
30397;3226421;1198731264;34295808;1397067776;0;0;0;0;0;0;0;0;0;0;0;3336;0;0;125;0;42;0;
30398;5118129;1198731264;34295808;1397067776;0;0;0;0;0;0;0;0;0;0;0;3237;0;0;125;0;42;0;
30399;3640948;1198731264;34295808;1397067776;0;0;0;0;0;0;0;0;0;0;0;3467;0;0;125;0;42;0;
30400;5383306;1198731264;34295808;1397067776;0;0;0;0;0;0;0;0;0;0;0;3477;0;0;125;0;42;0;
30401;4086594;1198731264;34295808;1397067776;0;0;0;0;0;0;0;0;0;0;0;6222;0;0;125;0;42;0;
30402;6015942;1198731264;34295808;1397067776;0;0;0;0;0;0;0;0;0;0;0;4559;0;0;125;0;42;0;
30403;4772971;1198731264;34295808;1397067776;0;0;0;0;0;0;0;0;0;0;0;3717;0;0;125;0;42;0;
30404;5551011;1198731264;34295808;1397067776;0;0;0;0;0;0;0;0;0;0;0;3206;0;0;125;0;42;0;
30405;3213546;1198731264;34295808;1397067776;0;0;0;0;0;0;0;0;0;0;0;3737;0;0;125;0;42;0;
30406;5136893;1198731264;34295808;1397067776;0;0;0;0;0;0;0;0;0;0;0;3577;0;0;125;0;42;0;
30407;2757321;1198731264;34295808;1397067776;0;0;0;0;0;0;0;0;0;0;0;3387;0;0;125;0;42;0;
30408;4991090;1198731264;34295808;1397067776;0;0;0;0;0;0;0;0;0;0;0;3627;0;0;125;0;42;0;
30409;3352718;1198731264;34295808;1397067776;0;0;0;0;0;0;0;0;0;0;0;3697;0;0;125;0;42;0;
30410;4903726;1198731264;34295808;1397067776;0;0;0;0;0;0;0;0;0;0;0;3156;0;0;125;0;42;0;
30411;3604751;1198731264;34295808;1397067776;0;0;0;0;0;0;0;0;0;0;0;3397;0;0;125;0;42;0;
30412;5046885;1198731264;34295808;1397067776;0;0;0;0;0;0;0;0;0;0;0;2905;0;0;125;0;42;0;
30413;3860069;1198731264;34295808;1397067776;0;0;0;0;0;0;0;0;0;0;0;3857;0;0;125;0;42;0;
30414;5153856;1198731264;34295808;1397067776;0;0;0;0;0;0;0;0;0;0;0;3186;0;0;125;0;42;0;
30415;3937154;1198731264;34295808;1397067776;0;0;0;0;0;0;0;0;0;0;0;3236;0;0;125;0;42;0;
30416;5138307;1198731264;34295808;1397067776;0;0;0;0;0;0;0;0;0;0;0;2665;0;0;125;0;42;0;
30417;4897194;1198731264;34295808;1397067776;0;0;0;0;0;0;0;0;0;0;0;3817;0;0;125;0;42;0;
30418;5227754;1198731264;34295808;1397067776;0;0;0;0;0;0;0;0;0;0;0;3035;0;0;125;0;42;0;
30419;3514511;1198731264;34295808;1397067776;0;0;0;0;0;0;0;0;0;0;0;3467;0;0;125;0;42;0;
30420;5435133;1198731264;34295808;1397067776;0;0;0;0;0;0;0;0;0;0;0;3416;0;0;125;0;42;0;
30421;3978391;1198731264;34295808;1397067776;0;0;0;0;0;0;0;0;0;0;0;3918;0;0;125;0;42;0;
30422;5636921;1198731264;34295808;1397067776;0;0;0;0;0;0;0;0;0;0;0;3176;0;0;125;0;42;0;
30423;3847125;1198731264;34295808;1397067776;0;0;0;0;0;0;0;0;0;0;0;3456;0;0;125;0;42;0;
30424;5413913;1198731264;34295808;1397067776;0;0;0;0;0;0;0;0;0;0;0;3557;0;0;125;0;42;0;
30425;2578235;1198731264;34295808;1397067776;0;0;0;0;0;0;0;0;0;0;0;3025;0;0;125;0;42;0;
30426;5958825;1198731264;34295808;1397067776;0;0;0;0;0;0;0;0;0;0;0;3707;0;0;125;0;42;0;
30427;4330692;1198731264;34295808;1397067776;0;0;0;0;0;0;0;0;0;0;0;5190;0;0;125;0;42;0;
30428;8365268;1198731264;34295808;1397067776;0;0;0;0;0;0;0;0;0;0;0;3116;0;0;125;0;42;0;
30429;4517051;1198731264;34295808;1397067776;0;0;0;0;0;0;0;0;0;0;0;3536;0;0;125;0;42;0;
30430;5708255;1198731264;34295808;1397067776;0;0;0;0;0;0;0;0;0;0;0;3166;0;0;125;0;42;0;
30431;12285920;1198731264;34295808;1397067776;0;0;0;0;0;0;0;0;0;0;0;3897;0;0;125;0;42;0;
30432;5071461;1198731264;34295808;1397067776;0;0;0;0;0;0;0;0;0;0;0;3136;0;0;125;0;42;0;
30433;4473870;1198731264;34295808;1397067776;0;0;0;0;0;0;0;0;0;0;0;4128;0;0;125;0;42;0;
30434;5379339;1198731264;34295808;1397067776;0;0;0;0;0;0;0;0;0;0;0;3346;0;0;125;0;42;0;
30435;4566785;1198731264;34295808;1397067776;0;0;0;0;0;0;0;0;0;0;0;4078;0;0;125;0;42;0;
30436;5461873;1198731264;34295808;1397067776;0;0;0;0;0;0;0;0;0;0;0;3998;0;0;125;0;42;0;
30437;4700986;1198731264;34295808;1397067776;0;0;0;0;0;0;0;0;0;0;0;3807;0;0;125;0;42;0;
30438;5469087;1198731264;34295808;1397067776;0;0;0;0;0;0;0;0;0;0;0;3737;0;0;125;0;42;0;
30439;5261417;1198731264;34295808;1397067776;0;0;0;0;0;0;0;0;0;0;0;4628;0;0;125;0;42;0;
30440;5471812;1198731264;34295808;1397067776;0;0;0;0;0;0;0;0;0;0;0;3857;0;0;125;0;42;0;
30441;4288553;1198731264;34295808;1397067776;0;0;0;0;0;0;0;0;0;0;0;3948;0;0;125;0;42;0;
30442;5201094;1198731264;34295808;1397067776;0;0;0;0;0;0;0;0;0;0;0;3527;0;0;125;0;42;0;
30443;4812255;1198731264;34295808;1397067776;0;0;0;0;0;0;0;0;0;0;0;4108;0;0;125;0;42;0;
30444;6822275;1198731264;34295808;1397067776;0;0;0;0;0;0;0;0;0;0;0;4308;0;0;125;0;42;0;
30445;5221833;1198731264;34295808;1397067776;0;0;0;0;0;0;0;0;0;0;0;5139;0;0;125;0;42;0;
30446;6406905;1198731264;34295808;1397067776;0;0;0;0;0;0;0;0;0;0;0;4919;0;0;125;0;42;0;
30447;4167807;1198731264;34295808;1397067776;0;0;0;0;0;0;0;0;0;0;0;4629;0;0;125;0;42;0;
30448;5579233;1198731264;34295808;1397067776;0;0;0;0;0;0;0;0;0;0;0;3517;0;0;125;0;42;0;
30449;4859023;1198731264;34295808;1397067776;0;0;0;0;0;0;0;0;0;0;0;4278;0;0;125;0;42;0;
30450;5138035;1198731264;34295808;1397067776;0;0;0;0;0;0;0;0;0;0;0;3186;0;0;125;0;42;0;
30451;4056588;1198731264;34295808;1397067776;0;0;0;0;0;0;0;0;0;0;0;3266;0;0;125;0;42;0;
30452;5384337;1198731264;34295808;1397067776;0;0;0;0;0;0;0;0;0;0;0;3276;0;0;125;0;42;0;
30453;3043378;1198731264;34295808;1397067776;0;0;0;0;0;0;0;0;0;0;0;3185;0;0;125;0;42;0;
30454;4874372;1198731264;34295808;1397067776;0;0;0;0;0;0;0;0;0;0;0;3256;0;0;125;0;42;0;
30455;2717056;1198731264;34295808;1397067776;0;0;0;0;0;0;0;0;0;0;0;3616;0;0;125;0;42;0;
30456;5286494;1198731264;34295808;1397067776;0;0;0;0;0;0;0;0;0;0;0;3085;0;0;125;0;42;0;
30457;2750578;1198731264;34295808;1397067776;0;0;0;0;0;0;0;0;0;0;0;2845;0;0;125;0;42;0;
30458;5024673;1198731264;34295808;1397067776;0;0;0;0;0;0;0;0;0;0;0;2585;0;0;125;0;42;0;
30459;2817884;1198731264;34295808;1397067776;0;0;0;0;0;0;0;0;0;0;0;3226;0;0;125;0;42;0;
30460;4973397;1198731264;34295808;1397067776;0;0;0;0;0;0;0;0;0;0;0;2575;0;0;125;0;42;0;
30461;2581241;1198731264;34295808;1397067776;0;0;0;0;0;0;0;0;0;0;0;3456;0;0;125;0;42;0;
30462;4942349;1198731264;34295808;1397067776;0;0;0;0;0;0;0;0;0;0;0;2935;0;0;125;0;42;0;
30463;3537484;1198731264;34295808;1397067776;0;0;0;0;0;0;0;0;0;0;0;3747;0;0;125;0;42;0;
30464;5803494;1198731264;34295808;1397067776;0;0;0;0;0;0;0;0;0;0;0;3807;0;0;125;0;42;0;
30465;4161174;1198731264;34295808;1397067776;0;0;0;0;0;0;0;0;0;0;0;3637;0;0;125;0;42;0;
30466;5442346;1198731264;34295808;1397067776;0;0;0;0;0;0;0;0;0;0;0;3587;0;0;125;0;42;0;
30467;3863907;1198731264;34295808;1397067776;0;0;0;0;0;0;0;0;0;0;0;3537;0;0;125;0;42;0;
30468;5709988;1198731264;34295808;1397067776;0;0;0;0;0;0;0;0;0;0;0;3356;0;0;125;0;42;0;
30469;2927620;1198731264;34295808;1397067776;0;0;0;0;0;0;0;0;0;0;0;3437;0;0;125;0;42;0;
30470;5220972;1198731264;34295808;1397067776;0;0;0;0;0;0;0;0;0;0;0;2435;0;0;125;0;42;0;
30471;4089920;1198731264;34295808;1397067776;0;0;0;0;0;0;0;0;0;0;0;3557;0;0;125;0;42;0;
30472;5388416;1198731264;34295808;1397067776;0;0;0;0;0;0;0;0;0;0;0;3627;0;0;125;0;42;0;
30473;5813693;1198731264;34295808;1397067776;0;0;0;0;0;0;0;0;0;0;0;6483;0;0;125;0;42;0;
30474;5791952;1198731264;34295808;1397067776;0;0;0;0;0;0;0;0;0;0;0;4659;0;0;125;0;42;0;
30475;5438069;1198731264;34295808;1397067776;0;0;0;0;0;0;0;0;0;0;0;5340;0;0;125;0;42;0;
30476;5717643;1198731264;34295808;1397067776;0;0;0;0;0;0;0;0;0;0;0;2895;0;0;125;0;42;0;
30477;3899853;1198731264;34295808;1397067776;0;0;0;0;0;0;0;0;0;0;0;3506;0;0;125;0;42;0;
30478;5483454;1198731264;34295808;1397067776;0;0;0;0;0;0;0;0;0;0;0;3206;0;0;125;0;42;0;
30479;3442376;1198731264;34295808;1397067776;0;0;0;0;0;0;0;0;0;0;0;3457;0;0;125;0;42;0;
30480;4953810;1198731264;34295808;1397067776;0;0;0;0;0;0;0;0;0;0;0;2996;0;0;125;0;42;0;
30481;3443488;1198731264;34295808;1397067776;0;0;0;0;0;0;0;0;0;0;0;3306;0;0;125;0;42;0;
30482;4839617;1198731264;34295808;1397067776;0;0;0;0;0;0;0;0;0;0;0;3377;0;0;125;0;42;0;
30483;3450741;1198731264;34295808;1397067776;0;0;0;0;0;0;0;0;0;0;0;2855;0;0;125;0;42;0;
30484;5207636;1198731264;34295808;1397067776;0;0;0;0;0;0;0;0;0;0;0;2936;0;0;125;0;42;0;
30485;3933176;1198731264;34295808;1397067776;0;0;0;0;0;0;0;0;0;0;0;3887;0;0;125;0;42;0;
30486;5891719;1198731264;34295808;1397067776;0;0;0;0;0;0;0;0;0;0;0;3767;0;0;125;0;42;0;
30487;4519826;1198731264;34295808;1397067776;0;0;0;0;0;0;0;0;0;0;0;3707;0;0;125;0;42;0;
30488;5399466;1198731264;34295808;1397067776;0;0;0;0;0;0;0;0;0;0;0;3888;0;0;125;0;42;0;
30489;4198614;1198731264;34295808;1397067776;0;0;0;0;0;0;0;0;0;0;0;3517;0;0;125;0;42;0;
30490;5189151;1198731264;34295808;1397067776;0;0;0;0;0;0;0;0;0;0;0;3026;0;0;125;0;42;0;
30491;3026907;1198731264;34295808;1397067776;0;0;0;0;0;0;0;0;0;0;0;2795;0;0;125;0;42;0;
30492;5499353;1198731264;34295808;1397067776;0;0;0;0;0;0;0;0;0;0;0;3116;0;0;125;0;42;0;
30493;3172199;1198731264;34295808;1397067776;0;0;0;0;0;0;0;0;0;0;0;3587;0;0;125;0;42;0;
30494;5636220;1198731264;34295808;1397067776;0;0;0;0;0;0;0;0;0;0;0;3336;0;0;125;0;42;0;
30495;3920873;1198731264;34295808;1397067776;0;0;0;0;0;0;0;0;0;0;0;3667;0;0;125;0;42;0;
30496;5405708;1198731264;34295808;1397067776;0;0;0;0;0;0;0;0;0;0;0;3096;0;0;125;0;42;0;
30497;4377630;1198731264;34295808;1397067776;0;0;0;0;0;0;0;0;0;0;0;3697;0;0;125;0;42;0;
30498;5806109;1198731264;34295808;1397067776;0;0;0;0;0;0;0;0;0;0;0;4409;0;0;125;0;42;0;
30499;5798575;1198731264;34295808;1397067776;0;0;0;0;0;0;0;0;0;0;0;5931;0;0;125;0;42;0;
30500;6357182;1198731264;34295808;1397067776;0;0;0;0;0;0;0;0;0;0;0;4328;0;0;125;0;42;0;
30501;3911666;1198731264;34295808;1397067776;0;0;0;0;0;0;0;0;0;0;0;5320;0;0;125;0;42;0;
30502;5712202;1198731264;34295808;1397067776;0;0;0;0;0;0;0;0;0;0;0;3697;0;0;125;0;42;0;
30503;3968463;1198731264;34295808;1397067776;0;0;0;0;0;0;0;0;0;0;0;4518;0;0;125;0;42;0;
30504;5565878;1198731264;34295808;1397067776;0;0;0;0;0;0;0;0;0;0;0;4097;0;0;125;0;42;0;
30505;4403068;1198731264;34295808;1397067776;0;0;0;0;0;0;0;0;0;0;0;5410;0;0;125;0;42;0;
30506;5423070;1198731264;34295808;1397067776;0;0;0;0;0;0;0;0;0;0;0;3637;0;0;125;0;42;0;
30507;4180530;1198731264;34295808;1397067776;0;0;0;0;0;0;0;0;0;0;0;4799;0;0;125;0;42;0;
30508;5819363;1198731264;34295808;1397067776;0;0;0;0;0;0;0;0;0;0;0;4449;0;0;125;0;42;0;
30509;4661352;1198731264;34295808;1397067776;0;0;0;0;0;0;0;0;0;0;0;4829;0;0;125;0;42;0;
30510;5367416;1198731264;34295808;1397067776;0;0;0;0;0;0;0;0;0;0;0;4228;0;0;125;0;42;0;
30511;3885546;1198731264;34295808;1397067776;0;0;0;0;0;0;0;0;0;0;0;5921;0;0;125;0;42;0;
30512;5323403;1198731264;34295808;1397067776;0;0;0;0;0;0;0;0;0;0;0;4929;0;0;125;0;42;0;
30513;3918740;1198731264;34295808;1397067776;0;0;0;0;0;0;0;0;0;0;0;4519;0;0;125;0;42;0;
30514;5400608;1198731264;34295808;1397067776;0;0;0;0;0;0;0;0;0;0;0;3336;0;0;125;0;42;0;
30515;4730281;1198731264;34295808;1397067776;0;0;0;0;0;0;0;0;0;0;0;4799;0;0;125;0;42;0;
30516;5622615;1198731264;34295808;1397067776;0;0;0;0;0;0;0;0;0;0;0;3296;0;0;125;0;42;0;
30517;4060485;1198731264;34295808;1397067776;0;0;0;0;0;0;0;0;0;0;0;4198;0;0;125;0;42;0;
30518;5238915;1198731264;34295808;1397067776;0;0;0;0;0;0;0;0;0;0;0;3627;0;0;125;0;42;0;
30519;4513936;1198731264;34295808;1397067776;0;0;0;0;0;0;0;0;0;0;0;4599;0;0;125;0;42;0;
30520;5581798;1198731264;34295808;1397067776;0;0;0;0;0;0;0;0;0;0;0;3676;0;0;125;0;42;0;
30521;4471476;1198731264;34295808;1397067776;0;0;0;0;0;0;0;0;0;0;0;102963;0;0;125;0;42;0;
30522;5706221;1198731264;34295808;1397067776;0;0;0;0;0;0;0;0;0;0;0;3767;0;0;125;0;42;0;
30523;4570471;1198731264;34295808;1397067776;0;0;0;0;0;0;0;0;0;0;0;5390;0;0;125;0;42;0;
30524;5486139;1198731264;34295808;1397067776;0;0;0;0;0;0;0;0;0;0;0;3968;0;0;125;0;42;0;
30525;4169389;1198731264;34295808;1397067776;0;0;0;0;0;0;0;0;0;0;0;5060;0;0;125;0;42;0;
30526;5768077;1198731264;34295808;1397067776;0;0;0;0;0;0;0;0;0;0;0;3546;0;0;125;0;42;0;
30527;5997557;1198731264;34295808;1397067776;0;0;0;0;0;0;0;0;0;0;0;4107;0;0;125;0;42;0;
30528;5652251;1198731264;34295808;1397067776;0;0;0;0;0;0;0;0;0;0;0;3937;0;0;125;0;42;0;
30529;3771453;1198731264;34295808;1397067776;0;0;0;0;0;0;0;0;0;0;0;3497;0;0;125;0;42;0;
30530;5556290;1198731264;34295808;1397067776;0;0;0;0;0;0;0;0;0;0;0;4799;0;0;125;0;42;0;
30531;3633425;1198731264;34295808;1397067776;0;0;0;0;0;0;0;0;0;0;0;3918;0;0;125;0;42;0;
30532;5412721;1198731264;34295808;1397067776;0;0;0;0;0;0;0;0;0;0;0;3837;0;0;125;0;42;0;
30533;3851323;1198731264;34295808;1397067776;0;0;0;0;0;0;0;0;0;0;0;3857;0;0;125;0;42;0;
30534;5094113;1198731264;34295808;1397067776;0;0;0;0;0;0;0;0;0;0;0;4057;0;0;125;0;42;0;
30535;3891759;1198731264;34295808;1397067776;0;0;0;0;0;0;0;0;0;0;0;3757;0;0;125;0;42;0;
30536;5286655;1198731264;34295808;1397067776;0;0;0;0;0;0;0;0;0;0;0;4518;0;0;125;0;42;0;
30537;3494403;1198731264;34295808;1397067776;0;0;0;0;0;0;0;0;0;0;0;3967;0;0;125;0;42;0;
30538;5432097;1198731264;34295808;1397067776;0;0;0;0;0;0;0;0;0;0;0;3767;0;0;125;0;42;0;
30539;3886548;1198731264;34295808;1397067776;0;0;0;0;0;0;0;0;0;0;0;3496;0;0;125;0;42;0;
30540;5166278;1198731264;34295808;1397067776;0;0;0;0;0;0;0;0;0;0;0;3747;0;0;125;0;42;0;
30541;3654764;1198731264;34295808;1397067776;0;0;0;0;0;0;0;0;0;0;0;3797;0;0;125;0;42;0;
30542;5360694;1198731264;34295808;1397067776;0;0;0;0;0;0;0;0;0;0;0;3988;0;0;125;0;42;0;
30543;3811519;1198731264;34295808;1397067776;0;0;0;0;0;0;0;0;0;0;0;4258;0;0;125;0;42;0;
30544;5709076;1198731264;34295808;1397067776;0;0;0;0;0;0;0;0;0;0;0;4930;0;0;125;0;42;0;
30545;3696432;1198731264;34295808;1397067776;0;0;0;0;0;0;0;0;0;0;0;4088;0;0;125;0;42;0;
30546;5647691;1198731264;34295808;1397067776;0;0;0;0;0;0;0;0;0;0;0;3587;0;0;125;0;42;0;
30547;4035007;1198731264;34295808;1397067776;0;0;0;0;0;0;0;0;0;0;0;3467;0;0;125;0;42;0;
30548;5648794;1198731264;34295808;1397067776;0;0;0;0;0;0;0;0;0;0;0;4248;0;0;125;0;42;0;
30549;5046694;1198731264;34295808;1397067776;0;0;0;0;0;0;0;0;0;0;0;7184;0;0;125;0;42;0;
30550;6231316;1198731264;34295808;1397067776;0;0;0;0;0;0;0;0;0;0;0;3807;0;0;125;0;42;0;
30551;3810106;1198731264;34295808;1397067776;0;0;0;0;0;0;0;0;0;0;0;4328;0;0;125;0;42;0;
30552;5374149;1198731264;34295808;1397067776;0;0;0;0;0;0;0;0;0;0;0;3837;0;0;125;0;42;0;
30553;5843830;1198731264;34295808;1397067776;0;0;0;0;0;0;0;0;0;0;0;4158;0;0;125;0;42;0;
30554;5487321;1198731264;34295808;1397067776;0;0;0;0;0;0;0;0;0;0;0;3617;0;0;125;0;42;0;
30555;5429833;1198731264;34295808;1397067776;0;0;0;0;0;0;0;0;0;0;0;4228;0;0;125;0;42;0;
30556;5359170;1198731264;34295808;1397067776;0;0;0;0;0;0;0;0;0;0;0;3687;0;0;125;0;42;0;
30557;5799596;1198731264;34295808;1397067776;0;0;0;0;0;0;0;0;0;0;0;4889;0;0;125;0;42;0;
30558;5255877;1198731264;34295808;1397067776;0;0;0;0;0;0;0;0;0;0;0;3767;0;0;125;0;42;0;
30559;4772020;1198731264;34295808;1397067776;0;0;0;0;0;0;0;0;0;0;0;4158;0;0;125;0;42;0;
30560;5312353;1198731264;34295808;1397067776;0;0;0;0;0;0;0;0;0;0;0;3306;0;0;125;0;42;0;
30561;4113915;1198731264;34295808;1397067776;0;0;0;0;0;0;0;0;0;0;0;3947;0;0;125;0;42;0;
30562;5415767;1198731264;34295808;1397067776;0;0;0;0;0;0;0;0;0;0;0;3427;0;0;125;0;42;0;
30563;3937344;1198731264;34295808;1397067776;0;0;0;0;0;0;0;0;0;0;0;3607;0;0;125;0;42;0;
30564;5761164;1198731264;34295808;1397067776;0;0;0;0;0;0;0;0;0;0;0;3577;0;0;125;0;42;0;
30565;5141111;1198731264;34295808;1397067776;0;0;0;0;0;0;0;0;0;0;0;3837;0;0;125;0;42;0;
30566;5498291;1198731264;34295808;1397067776;0;0;0;0;0;0;0;0;0;0;0;3396;0;0;125;0;42;0;
30567;4312798;1198731264;34295808;1397067776;0;0;0;0;0;0;0;0;0;0;0;4138;0;0;125;0;42;0;
30568;5276305;1198731264;34295808;1397067776;0;0;0;0;0;0;0;0;0;0;0;3026;0;0;125;0;42;0;
30569;5102509;1198731264;34295808;1397067776;0;0;0;0;0;0;0;0;0;0;0;4969;0;0;125;0;42;0;
30570;6372310;1198731264;34295808;1397067776;0;0;0;0;0;0;0;0;0;0;0;4890;0;0;125;0;42;0;
30571;4409049;1198731264;34295808;1397067776;0;0;0;0;0;0;0;0;0;0;0;4469;0;0;125;0;42;0;
30572;5394828;1198731264;34295808;1397067776;0;0;0;0;0;0;0;0;0;0;0;3767;0;0;125;0;42;0;
30573;4224272;1198731264;34295808;1397067776;0;0;0;0;0;0;0;0;0;0;0;3687;0;0;125;0;42;0;
30574;5410878;1198731264;34295808;1397067776;0;0;0;0;0;0;0;0;0;0;0;3737;0;0;125;0;42;0;
30575;4428696;1198731264;34295808;1397067776;0;0;0;0;0;0;0;0;0;0;0;3436;0;0;125;0;42;0;
30576;5338803;1198731264;34295808;1397067776;0;0;0;0;0;0;0;0;0;0;0;3647;0;0;125;0;42;0;
30577;3379187;1198731264;34295808;1397067776;0;0;0;0;0;0;0;0;0;0;0;4048;0;0;125;0;42;0;
30578;5922056;1198731264;34295808;1397067776;0;0;0;0;0;0;0;0;0;0;0;3056;0;0;125;0;42;0;
30579;5336458;1198731264;34295808;1397067776;0;0;0;0;0;0;0;0;0;0;0;4228;0;0;125;0;42;0;
30580;5519581;1198731264;34295808;1397067776;0;0;0;0;0;0;0;0;0;0;0;3246;0;0;125;0;42;0;
30581;3998078;1198731264;34295808;1397067776;0;0;0;0;0;0;0;0;0;0;0;3737;0;0;125;0;42;0;
30582;5489755;1198731264;34295808;1397067776;0;0;0;0;0;0;0;0;0;0;0;3236;0;0;125;0;42;0;
30583;4431511;1198731264;34295808;1397067776;0;0;0;0;0;0;0;0;0;0;0;3346;0;0;125;0;42;0;
30584;5932575;1198731264;34295808;1397067776;0;0;0;0;0;0;0;0;0;0;0;3567;0;0;125;0;42;0;
30585;4730682;1198731264;34295808;1397067776;0;0;0;0;0;0;0;0;0;0;0;3546;0;0;125;0;42;0;
30586;5915133;1198731264;34295808;1397067776;0;0;0;0;0;0;0;0;0;0;0;3526;0;0;125;0;42;0;
30587;3848648;1198731264;34295808;1397067776;0;0;0;0;0;0;0;0;0;0;0;3877;0;0;125;0;42;0;
30588;5613287;1198731264;34295808;1397067776;0;0;0;0;0;0;0;0;0;0;0;3286;0;0;125;0;42;0;
30589;5000578;1198731264;34295808;1397067776;0;0;0;0;0;0;0;0;0;0;0;3757;0;0;125;0;42;0;
30590;5138357;1198731264;34295808;1397067776;0;0;0;0;0;0;0;0;0;0;0;3287;0;0;125;0;42;0;
30591;5016428;1198731264;34295808;1397067776;0;0;0;0;0;0;0;0;0;0;0;4248;0;0;125;0;42;0;
30592;5454790;1198731264;34295808;1397067776;0;0;0;0;0;0;0;0;0;0;0;3076;0;0;125;0;42;0;
30593;3892570;1198731264;34295808;1397067776;0;0;0;0;0;0;0;0;0;0;0;3908;0;0;125;0;42;0;
30594;5281345;1198731264;34295808;1397067776;0;0;0;0;0;0;0;0;0;0;0;3125;0;0;125;0;42;0;
30595;4224623;1198731264;34295808;1397067776;0;0;0;0;0;0;0;0;0;0;0;3937;0;0;125;0;42;0;
30596;5901638;1198731264;34295808;1397067776;0;0;0;0;0;0;0;0;0;0;0;3356;0;0;125;0;42;0;
30597;4097324;1198731264;34295808;1397067776;0;0;0;0;0;0;0;0;0;0;0;4078;0;0;125;0;42;0;
30598;5567301;1198731264;34295808;1397067776;0;0;0;0;0;0;0;0;0;0;0;3296;0;0;125;0;42;0;
30599;4349618;1198731264;34295808;1397067776;0;0;0;0;0;0;0;0;0;0;0;3957;0;0;125;0;42;0;
30600;5251649;1198731264;34295808;1397067776;0;0;0;0;0;0;0;0;0;0;0;3707;0;0;125;0;42;0;
30601;4152507;1198731264;34295808;1397067776;0;0;0;0;0;0;0;0;0;0;0;4158;0;0;125;0;42;0;
30602;5244656;1198731264;34295808;1397067776;0;0;0;0;0;0;0;0;0;0;0;3427;0;0;125;0;42;0;
30603;5661106;1198731264;34295808;1397067776;0;0;0;0;0;0;0;0;0;0;0;3777;0;0;125;0;42;0;
30604;5398875;1198731264;34295808;1397067776;0;0;0;0;0;0;0;0;0;0;0;3366;0;0;125;0;42;0;
30605;4595538;1198731264;34295808;1397067776;0;0;0;0;0;0;0;0;0;0;0;4048;0;0;125;0;42;0;
30606;5168884;1198731264;34295808;1397067776;0;0;0;0;0;0;0;0;0;0;0;3787;0;0;125;0;42;0;
30607;3933547;1198731264;34295808;1397067776;0;0;0;0;0;0;0;0;0;0;0;3487;0;0;125;0;42;0;
30608;5564857;1198731264;34295808;1397067776;0;0;0;0;0;0;0;0;0;0;0;3106;0;0;125;0;42;0;
30609;4368012;1198731264;34295808;1397067776;0;0;0;0;0;0;0;0;0;0;0;3567;0;0;125;0;42;0;
30610;5326409;1198731264;34295808;1397067776;0;0;0;0;0;0;0;0;0;0;0;3006;0;0;125;0;42;0;
30611;4945935;1198731264;34295808;1397067776;0;0;0;0;0;0;0;0;0;0;0;3376;0;0;125;0;42;0;
30612;6331023;1198731264;34295808;1397067776;0;0;0;0;0;0;0;0;0;0;0;4478;0;0;125;0;42;0;
30613;4678223;1198731264;34295808;1397067776;0;0;0;0;0;0;0;0;0;0;0;4308;0;0;125;0;42;0;
30614;5143727;1198731264;34295808;1397067776;0;0;0;0;0;0;0;0;0;0;0;3397;0;0;125;0;42;0;
30615;4489069;1198731264;34295808;1397067776;0;0;0;0;0;0;0;0;0;0;0;3957;0;0;125;0;42;0;
30616;5419954;1198731264;34295808;1397067776;0;0;0;0;0;0;0;0;0;0;0;3196;0;0;125;0;42;0;
30617;4128923;1198731264;34295808;1397067776;0;0;0;0;0;0;0;0;0;0;0;3466;0;0;125;0;42;0;
30618;5293097;1198731264;34295808;1397067776;0;0;0;0;0;0;0;0;0;0;0;3216;0;0;125;0;42;0;
30619;4421081;1198731264;34295808;1397067776;0;0;0;0;0;0;0;0;0;0;0;3516;0;0;125;0;42;0;
30620;5324125;1198731264;34295808;1397067776;0;0;0;0;0;0;0;0;0;0;0;3276;0;0;125;0;42;0;
30621;4323198;1198731264;34295808;1397067776;0;0;0;0;0;0;0;0;0;0;0;3337;0;0;125;0;42;0;
30622;5621763;1198731264;34295808;1397067776;0;0;0;0;0;0;0;0;0;0;0;3847;0;0;125;0;42;0;
30623;4331534;1198731264;34295808;1397067776;0;0;0;0;0;0;0;0;0;0;0;3286;0;0;125;0;42;0;
30624;5387263;1198731264;34295808;1397067776;0;0;0;0;0;0;0;0;0;0;0;3547;0;0;125;0;42;0;
30625;3935590;1198731264;34295808;1397067776;0;0;0;0;0;0;0;0;0;0;0;4288;0;0;125;0;42;0;
30626;5726159;1198731264;34295808;1397067776;0;0;0;0;0;0;0;0;0;0;0;3347;0;0;125;0;42;0;
30627;4464603;1198731264;34295808;1397067776;0;0;0;0;0;0;0;0;0;0;0;3707;0;0;125;0;42;0;
30628;5317101;1198731264;34295808;1397067776;0;0;0;0;0;0;0;0;0;0;0;2935;0;0;125;0;42;0;
30629;4084590;1198731264;34295808;1397067776;0;0;0;0;0;0;0;0;0;0;0;3497;0;0;125;0;42;0;
30630;5017760;1198731264;34295808;1397067776;0;0;0;0;0;0;0;0;0;0;0;3025;0;0;125;0;42;0;
30631;3882502;1198731264;34295808;1397067776;0;0;0;0;0;0;0;0;0;0;0;4298;0;0;125;0;42;0;
30632;5262600;1198731264;34295808;1397067776;0;0;0;0;0;0;0;0;0;0;0;3747;0;0;125;0;42;0;
30633;4400292;1198731264;34295808;1397067776;0;0;0;0;0;0;0;0;0;0;0;3386;0;0;125;0;42;0;
30634;11869039;1198731264;34295808;1397067776;0;0;0;0;0;0;0;0;0;0;0;3987;0;0;125;0;42;0;
30635;6033716;1198731264;34295808;1397067776;0;0;0;0;0;0;0;0;0;0;0;5952;0;0;125;0;42;0;
30636;5694860;1198731264;34295808;1397067776;0;0;0;0;0;0;0;0;0;0;0;4589;0;0;125;0;42;0;
30637;5180927;1198731264;34295808;1397067776;0;0;0;0;0;0;0;0;0;0;0;3898;0;0;125;0;42;0;
30638;5444511;1198731264;34295808;1397067776;0;0;0;0;0;0;0;0;0;0;0;3276;0;0;125;0;42;0;
30639;4497164;1198731264;34295808;1397067776;0;0;0;0;0;0;0;0;0;0;0;3917;0;0;125;0;42;0;
30640;5251158;1198731264;34295808;1397067776;0;0;0;0;0;0;0;0;0;0;0;3246;0;0;125;0;42;0;
30641;4089850;1198731264;34295808;1397067776;0;0;0;0;0;0;0;0;0;0;0;3858;0;0;125;0;42;0;
30642;5067323;1198731264;34295808;1397067776;0;0;0;0;0;0;0;0;0;0;0;3687;0;0;125;0;42;0;
30643;4012094;1198731264;34295808;1397067776;0;0;0;0;0;0;0;0;0;0;0;3516;0;0;125;0;42;0;
30644;5325026;1198731264;34295808;1397067776;0;0;0;0;0;0;0;0;0;0;0;3747;0;0;125;0;42;0;
30645;4323979;1198731264;34295808;1397067776;0;0;0;0;0;0;0;0;0;0;0;4238;0;0;125;0;42;0;
30646;5131974;1198731264;34295808;1397067776;0;0;0;0;0;0;0;0;0;0;0;3787;0;0;125;0;42;0;
30647;4134794;1198731264;34295808;1397067776;0;0;0;0;0;0;0;0;0;0;0;3777;0;0;125;0;42;0;
30648;5191395;1198731264;34295808;1397067776;0;0;0;0;0;0;0;0;0;0;0;3316;0;0;125;0;42;0;
30649;4024999;1198731264;34295808;1397067776;0;0;0;0;0;0;0;0;0;0;0;4258;0;0;125;0;42;0;
30650;5021106;1198731264;34295808;1397067776;0;0;0;0;0;0;0;0;0;0;0;3136;0;0;125;0;42;0;
30651;3797271;1198731264;34295808;1397067776;0;0;0;0;0;0;0;0;0;0;0;3777;0;0;125;0;42;0;
30652;5706552;1198731264;34295808;1397067776;0;0;0;0;0;0;0;0;0;0;0;3947;0;0;125;0;42;0;
30653;10062581;1198731264;34304000;1397075968;0;0;0;0;0;0;0;0;0;0;0;3727;0;0;125;0;42;0;
30654;5616063;1198731264;34304000;1397075968;0;0;0;0;0;0;0;0;0;0;0;3436;0;0;125;0;42;0;
30655;4062258;1198731264;34304000;1397075968;0;0;0;0;0;0;0;0;0;0;0;3647;0;0;125;0;42;0;
30656;5776333;1198731264;34304000;1397075968;0;0;0;0;0;0;0;0;0;0;0;4408;0;0;125;0;42;0;
30657;4713099;1198731264;34304000;1397075968;0;0;0;0;0;0;0;0;0;0;0;5170;0;0;125;0;42;0;
30658;5512087;1198731264;34304000;1397075968;0;0;0;0;0;0;0;0;0;0;0;4819;0;0;125;0;42;0;
30659;4430860;1198731264;34295808;1397067776;0;0;0;0;0;0;0;0;0;0;0;3546;0;0;125;0;42;0;
30660;5525061;1198731264;34295808;1397067776;0;0;0;0;0;0;0;0;0;0;0;3968;0;0;125;0;42;0;
30661;3869436;1198731264;34295808;1397067776;0;0;0;0;0;0;0;0;0;0;0;3747;0;0;125;0;42;0;
30662;5342109;1198731264;34295808;1397067776;0;0;0;0;0;0;0;0;0;0;0;3317;0;0;125;0;42;0;
30663;5116145;1198731264;34295808;1397067776;0;0;0;0;0;0;0;0;0;0;0;3727;0;0;125;0;42;0;
30664;5536102;1198731264;34295808;1397067776;0;0;0;0;0;0;0;0;0;0;0;13916;0;0;125;0;42;0;
30665;4683102;1198731264;34295808;1397067776;0;0;0;0;0;0;0;0;0;0;0;3897;0;0;125;0;42;0;
30666;5328633;1198731264;34295808;1397067776;0;0;0;0;0;0;0;0;0;0;0;3477;0;0;125;0;42;0;
30667;4210887;1198731264;34295808;1397067776;0;0;0;0;0;0;0;0;0;0;0;3797;0;0;125;0;42;0;
30668;5751566;1198731264;34295808;1397067776;0;0;0;0;0;0;0;0;0;0;0;3346;0;0;125;0;42;0;
30669;3972871;1198731264;34295808;1397067776;0;0;0;0;0;0;0;0;0;0;0;3968;0;0;125;0;42;0;
30670;5550499;1198731264;34295808;1397067776;0;0;0;0;0;0;0;0;0;0;0;3327;0;0;125;0;42;0;
30671;4256332;1198731264;34295808;1397067776;0;0;0;0;0;0;0;0;0;0;0;4028;0;0;125;0;42;0;
30672;5362637;1198731264;34295808;1397067776;0;0;0;0;0;0;0;0;0;0;0;3426;0;0;125;0;42;0;
30673;4006043;1198731264;34295808;1397067776;0;0;0;0;0;0;0;0;0;0;0;4268;0;0;125;0;42;0;
30674;5523138;1198731264;34295808;1397067776;0;0;0;0;0;0;0;0;0;0;0;3567;0;0;125;0;42;0;
30675;3840352;1198731264;34295808;1397067776;0;0;0;0;0;0;0;0;0;0;0;4017;0;0;125;0;42;0;
30676;5414344;1198731264;34295808;1397067776;0;0;0;0;0;0;0;0;0;0;0;3567;0;0;125;0;42;0;
30677;4251694;1198731264;34295808;1397067776;0;0;0;0;0;0;0;0;0;0;0;3827;0;0;125;0;42;0;
30678;5331919;1198731264;34295808;1397067776;0;0;0;0;0;0;0;0;0;0;0;3607;0;0;125;0;42;0;
30679;4688723;1198731264;34295808;1397067776;0;0;0;0;0;0;0;0;0;0;0;5641;0;0;125;0;42;0;
30680;5797031;1198731264;34295808;1397067776;0;0;0;0;0;0;0;0;0;0;0;4038;0;0;125;0;42;0;
30681;6103627;1198731264;34295808;1397067776;0;0;0;0;0;0;0;0;0;0;0;5981;0;0;125;0;42;0;
30682;5308104;1198731264;34295808;1397067776;0;0;0;0;0;0;0;0;0;0;0;3537;0;0;125;0;42;0;
30683;4589337;1198731264;34295808;1397067776;0;0;0;0;0;0;0;0;0;0;0;4117;0;0;125;0;42;0;
30684;5086248;1198731264;34295808;1397067776;0;0;0;0;0;0;0;0;0;0;0;3036;0;0;125;0;42;0;
30685;4289765;1198731264;34295808;1397067776;0;0;0;0;0;0;0;0;0;0;0;3757;0;0;125;0;42;0;
30686;5173442;1198731264;34295808;1397067776;0;0;0;0;0;0;0;0;0;0;0;3256;0;0;125;0;42;0;
30687;4999816;1198731264;34295808;1397067776;0;0;0;0;0;0;0;0;0;0;0;3416;0;0;125;0;42;0;
30688;5500786;1198731264;34295808;1397067776;0;0;0;0;0;0;0;0;0;0;0;3266;0;0;125;0;42;0;
30689;3633915;1198731264;34295808;1397067776;0;0;0;0;0;0;0;0;0;0;0;4559;0;0;125;0;42;0;
30690;5916776;1198731264;34295808;1397067776;0;0;0;0;0;0;0;0;0;0;0;3747;0;0;125;0;42;0;
30691;4483718;1198731264;34295808;1397067776;0;0;0;0;0;0;0;0;0;0;0;4127;0;0;125;0;42;0;
30692;5519692;1198731264;34295808;1397067776;0;0;0;0;0;0;0;0;0;0;0;3317;0;0;125;0;42;0;
30693;3914010;1198731264;34295808;1397067776;0;0;0;0;0;0;0;0;0;0;0;3617;0;0;125;0;42;0;
30694;6053483;1198731264;34295808;1397067776;0;0;0;0;0;0;0;0;0;0;0;3497;0;0;125;0;42;0;
30695;4974710;1198731264;34295808;1397067776;0;0;0;0;0;0;0;0;0;0;0;4268;0;0;125;0;42;0;
30696;5015245;1198731264;34295808;1397067776;0;0;0;0;0;0;0;0;0;0;0;3908;0;0;125;0;42;0;
30697;4748866;1198731264;34295808;1397067776;0;0;0;0;0;0;0;0;0;0;0;4057;0;0;125;0;42;0;
30698;5675324;1198731264;34295808;1397067776;0;0;0;0;0;0;0;0;0;0;0;3627;0;0;125;0;42;0;
30699;4495390;1198731264;34295808;1397067776;0;0;0;0;0;0;0;0;0;0;0;3837;0;0;125;0;42;0;
30700;5156540;1198731264;34295808;1397067776;0;0;0;0;0;0;0;0;0;0;0;3477;0;0;125;0;42;0;
30701;4336282;1198731264;34295808;1397067776;0;0;0;0;0;0;0;0;0;0;0;3436;0;0;125;0;42;0;
30702;5589051;1198731264;34295808;1397067776;0;0;0;0;0;0;0;0;0;0;0;3747;0;0;125;0;42;0;
30703;5387624;1198731264;34295808;1397067776;0;0;0;0;0;0;0;0;0;0;0;5009;0;0;125;0;42;0;
30704;6136829;1198731264;34295808;1397067776;0;0;0;0;0;0;0;0;0;0;0;4038;0;0;125;0;42;0;
30705;5310429;1198731264;34295808;1397067776;0;0;0;0;0;0;0;0;0;0;0;4659;0;0;125;0;42;0;
30706;5174834;1198731264;34295808;1397067776;0;0;0;0;0;0;0;0;0;0;0;3818;0;0;125;0;42;0;
30707;4506872;1198731264;34295808;1397067776;0;0;0;0;0;0;0;0;0;0;0;3837;0;0;125;0;42;0;
30708;5591316;1198731264;34295808;1397067776;0;0;0;0;0;0;0;0;0;0;0;3566;0;0;125;0;42;0;
30709;3932325;1198731264;34295808;1397067776;0;0;0;0;0;0;0;0;0;0;0;3707;0;0;125;0;42;0;
30710;5676114;1198731264;34295808;1397067776;0;0;0;0;0;0;0;0;0;0;0;3938;0;0;125;0;42;0;
30711;4318619;1198731264;34295808;1397067776;0;0;0;0;0;0;0;0;0;0;0;3717;0;0;125;0;42;0;
30712;5526755;1198731264;34295808;1397067776;0;0;0;0;0;0;0;0;0;0;0;3156;0;0;125;0;42;0;
30713;4491844;1198731264;34295808;1397067776;0;0;0;0;0;0;0;0;0;0;0;3636;0;0;125;0;42;0;
30714;5495787;1198731264;34295808;1397067776;0;0;0;0;0;0;0;0;0;0;0;3637;0;0;125;0;42;0;
30715;4300164;1198731264;34295808;1397067776;0;0;0;0;0;0;0;0;0;0;0;4017;0;0;125;0;42;0;
30716;5263300;1198731264;34295808;1397067776;0;0;0;0;0;0;0;0;0;0;0;3356;0;0;125;0;42;0;
30717;4221758;1198731264;34295808;1397067776;0;0;0;0;0;0;0;0;0;0;0;3767;0;0;125;0;42;0;
30718;5293257;1198731264;34295808;1397067776;0;0;0;0;0;0;0;0;0;0;0;3517;0;0;125;0;42;0;
30719;4048933;1198731264;34295808;1397067776;0;0;0;0;0;0;0;0;0;0;0;3767;0;0;125;0;42;0;
30720;5197918;1198731264;34295808;1397067776;0;0;0;0;0;0;0;0;0;0;0;3767;0;0;125;0;42;0;
30721;4562095;1198731264;34295808;1397067776;0;0;0;0;0;0;0;0;0;0;0;3667;0;0;125;0;42;0;
30722;5435313;1198731264;34295808;1397067776;0;0;0;0;0;0;0;0;0;0;0;3937;0;0;125;0;42;0;
30723;4125277;1198731264;34295808;1397067776;0;0;0;0;0;0;0;0;0;0;0;3577;0;0;125;0;42;0;
30724;5421657;1198731264;34295808;1397067776;0;0;0;0;0;0;0;0;0;0;0;3366;0;0;125;0;42;0;
30725;3970626;1198731264;34295808;1397067776;0;0;0;0;0;0;0;0;0;0;0;3487;0;0;125;0;42;0;
30726;5445924;1198731264;34295808;1397067776;0;0;0;0;0;0;0;0;0;0;0;3898;0;0;125;0;42;0;
30727;5773197;1198731264;34295808;1397067776;0;0;0;0;0;0;0;0;0;0;0;5851;0;0;125;0;42;0;
30728;6239151;1198731264;34295808;1397067776;0;0;0;0;0;0;0;0;0;0;0;3807;0;0;125;0;42;0;
30729;3953926;1198731264;34295808;1397067776;0;0;0;0;0;0;0;0;0;0;0;3567;0;0;125;0;42;0;
30730;5400297;1198731264;34295808;1397067776;0;0;0;0;0;0;0;0;0;0;0;3476;0;0;125;0;42;0;
30731;4634221;1198731264;34295808;1397067776;0;0;0;0;0;0;0;0;0;0;0;4318;0;0;125;0;42;0;
30732;5303717;1198731264;34295808;1397067776;0;0;0;0;0;0;0;0;0;0;0;3957;0;0;125;0;42;0;
30733;4192212;1198731264;34295808;1397067776;0;0;0;0;0;0;0;0;0;0;0;4198;0;0;125;0;42;0;
30734;5660937;1198731264;34295808;1397067776;0;0;0;0;0;0;0;0;0;0;0;3286;0;0;125;0;42;0;
30735;4050506;1198731264;34295808;1397067776;0;0;0;0;0;0;0;0;0;0;0;4017;0;0;125;0;42;0;
30736;5526785;1198731264;34295808;1397067776;0;0;0;0;0;0;0;0;0;0;0;3256;0;0;125;0;42;0;
30737;4155834;1198731264;34295808;1397067776;0;0;0;0;0;0;0;0;0;0;0;3587;0;0;125;0;42;0;
30738;5191155;1198731264;34295808;1397067776;0;0;0;0;0;0;0;0;0;0;0;3066;0;0;125;0;42;0;
30739;4061247;1198731264;34295808;1397067776;0;0;0;0;0;0;0;0;0;0;0;3476;0;0;125;0;42;0;
30740;5261618;1198731264;34295808;1397067776;0;0;0;0;0;0;0;0;0;0;0;3396;0;0;125;0;42;0;
30741;4827183;1198731264;34295808;1397067776;0;0;0;0;0;0;0;0;0;0;0;3827;0;0;125;0;42;0;
30742;5506466;1198731264;34295808;1397067776;0;0;0;0;0;0;0;0;0;0;0;3447;0;0;125;0;42;0;
30743;4064442;1198731264;34295808;1397067776;0;0;0;0;0;0;0;0;0;0;0;4248;0;0;125;0;42;0;
30744;5680142;1198731264;34295808;1397067776;0;0;0;0;0;0;0;0;0;0;0;3507;0;0;125;0;42;0;
30745;4394531;1198731264;34295808;1397067776;0;0;0;0;0;0;0;0;0;0;0;4208;0;0;125;0;42;0;
30746;5183060;1198731264;34295808;1397067776;0;0;0;0;0;0;0;0;0;0;0;3287;0;0;125;0;42;0;
30747;4869442;1198731264;34295808;1397067776;0;0;0;0;0;0;0;0;0;0;0;3617;0;0;125;0;42;0;
30748;5540721;1198731264;34295808;1397067776;0;0;0;0;0;0;0;0;0;0;0;3376;0;0;125;0;42;0;
30749;8253158;1198731264;34295808;1397067776;0;0;0;0;0;0;0;0;0;0;0;4328;0;0;125;0;42;0;
30750;5536664;1198731264;34295808;1397067776;0;0;0;0;0;0;0;0;0;0;0;3336;0;0;125;0;42;0;
30751;3990294;1198731264;34295808;1397067776;0;0;0;0;0;0;0;0;0;0;0;3917;0;0;125;0;42;0;
30752;5436666;1198731264;34295808;1397067776;0;0;0;0;0;0;0;0;0;0;0;3627;0;0;125;0;42;0;
30753;4392327;1198731264;34295808;1397067776;0;0;0;0;0;0;0;0;0;0;0;4078;0;0;125;0;42;0;
30754;5548115;1198731264;34295808;1397067776;0;0;0;0;0;0;0;0;0;0;0;3146;0;0;125;0;42;0;
30755;4122201;1198731264;34295808;1397067776;0;0;0;0;0;0;0;0;0;0;0;3676;0;0;125;0;42;0;
30756;5218417;1198731264;34295808;1397067776;0;0;0;0;0;0;0;0;0;0;0;3436;0;0;125;0;42;0;
30757;4417564;1198731264;34295808;1397067776;0;0;0;0;0;0;0;0;0;0;0;3807;0;0;125;0;42;0;
30758;5232724;1198731264;34295808;1397067776;0;0;0;0;0;0;0;0;0;0;0;3527;0;0;125;0;42;0;
30759;3909742;1198731264;34295808;1397067776;0;0;0;0;0;0;0;0;0;0;0;4388;0;0;125;0;42;0;
30760;5703766;1198731264;34295808;1397067776;0;0;0;0;0;0;0;0;0;0;0;3978;0;0;125;0;42;0;
30761;4433655;1198731264;34295808;1397067776;0;0;0;0;0;0;0;0;0;0;0;4188;0;0;125;0;42;0;
30762;5271997;1198731264;34295808;1397067776;0;0;0;0;0;0;0;0;0;0;0;3045;0;0;125;0;42;0;
30763;4070273;1198731264;34295808;1397067776;0;0;0;0;0;0;0;0;0;0;0;3987;0;0;125;0;42;0;
30764;5752628;1198731264;34295808;1397067776;0;0;0;0;0;0;0;0;0;0;0;3557;0;0;125;0;42;0;
30765;4496132;1198731264;34295808;1397067776;0;0;0;0;0;0;0;0;0;0;0;3035;0;0;125;0;42;0;
30766;5248503;1198731264;34295808;1397067776;0;0;0;0;0;0;0;0;0;0;0;3376;0;0;125;0;42;0;
30767;4491203;1198731264;34295808;1397067776;0;0;0;0;0;0;0;0;0;0;0;4138;0;0;125;0;42;0;
30768;5214950;1198731264;34295808;1397067776;0;0;0;0;0;0;0;0;0;0;0;3307;0;0;125;0;42;0;
30769;3866792;1198731264;34295808;1397067776;0;0;0;0;0;0;0;0;0;0;0;3828;0;0;125;0;42;0;
30770;6177315;1198731264;34295808;1397067776;0;0;0;0;0;0;0;0;0;0;0;4147;0;0;125;0;42;0;
30771;5930001;1198731264;34295808;1397067776;0;0;0;0;0;0;0;0;0;0;0;5681;0;0;125;0;42;0;
30772;5115634;1198731264;34295808;1397067776;0;0;0;0;0;0;0;0;0;0;0;3236;0;0;125;0;42;0;
30773;4256272;1198731264;34295808;1397067776;0;0;0;0;0;0;0;0;0;0;0;3967;0;0;125;0;42;0;
30774;5340716;1198731264;34295808;1397067776;0;0;0;0;0;0;0;0;0;0;0;3427;0;0;125;0;42;0;
30775;4265830;1198731264;34295808;1397067776;0;0;0;0;0;0;0;0;0;0;0;4128;0;0;125;0;42;0;
30776;5012250;1198731264;34295808;1397067776;0;0;0;0;0;0;0;0;0;0;0;3457;0;0;125;0;42;0;
30777;4543090;1198731264;34295808;1397067776;0;0;0;0;0;0;0;0;0;0;0;3827;0;0;125;0;42;0;
30778;5054178;1198731264;34295808;1397067776;0;0;0;0;0;0;0;0;0;0;0;3367;0;0;125;0;42;0;
30779;4143601;1198731264;34295808;1397067776;0;0;0;0;0;0;0;0;0;0;0;3797;0;0;125;0;42;0;
30780;5219439;1198731264;34295808;1397067776;0;0;0;0;0;0;0;0;0;0;0;3206;0;0;125;0;42;0;
30781;4733277;1198731264;34295808;1397067776;0;0;0;0;0;0;0;0;0;0;0;4118;0;0;125;0;42;0;
30782;5148816;1198731264;34295808;1397067776;0;0;0;0;0;0;0;0;0;0;0;3637;0;0;125;0;42;0;
30783;4166133;1198731264;34295808;1397067776;0;0;0;0;0;0;0;0;0;0;0;3868;0;0;125;0;42;0;
30784;5564896;1198731264;34295808;1397067776;0;0;0;0;0;0;0;0;0;0;0;3006;0;0;125;0;42;0;
30785;4583365;1198731264;34295808;1397067776;0;0;0;0;0;0;0;0;0;0;0;3637;0;0;125;0;42;0;
30786;5631661;1198731264;34295808;1397067776;0;0;0;0;0;0;0;0;0;0;0;3266;0;0;125;0;42;0;
30787;4755448;1198731264;34295808;1397067776;0;0;0;0;0;0;0;0;0;0;0;11381;0;0;125;0;42;0;
30788;5531584;1198731264;34295808;1397067776;0;0;0;0;0;0;0;0;0;0;0;3387;0;0;125;0;42;0;
30789;4354026;1198731264;34295808;1397067776;0;0;0;0;0;0;0;0;0;0;0;3647;0;0;125;0;42;0;
30790;6237628;1198731264;34295808;1397067776;0;0;0;0;0;0;0;0;0;0;0;3237;0;0;125;0;42;0;
30791;4807827;1198731264;34295808;1397067776;0;0;0;0;0;0;0;0;0;0;0;3456;0;0;125;0;42;0;
30792;5815767;1198731264;34295808;1397067776;0;0;0;0;0;0;0;0;0;0;0;4979;0;0;125;0;42;0;
30793;6508737;1198731264;34295808;1397067776;0;0;0;0;0;0;0;0;0;0;0;4529;0;0;125;0;42;0;
30794;5495436;1198731264;34295808;1397067776;0;0;0;0;0;0;0;0;0;0;0;3446;0;0;125;0;42;0;
30795;4275729;1198731264;34295808;1397067776;0;0;0;0;0;0;0;0;0;0;0;4398;0;0;125;0;42;0;
30796;5707494;1198731264;34295808;1397067776;0;0;0;0;0;0;0;0;0;0;0;3457;0;0;125;0;42;0;
30797;4497093;1198731264;34295808;1397067776;0;0;0;0;0;0;0;0;0;0;0;3887;0;0;125;0;42;0;
30798;5129630;1198731264;34295808;1397067776;0;0;0;0;0;0;0;0;0;0;0;3246;0;0;125;0;42;0;
30799;4586131;1198731264;34295808;1397067776;0;0;0;0;0;0;0;0;0;0;0;3907;0;0;125;0;42;0;
30800;5615721;1198731264;34295808;1397067776;0;0;0;0;0;0;0;0;0;0;0;3587;0;0;125;0;42;0;
30801;5497480;1198731264;34295808;1397067776;0;0;0;0;0;0;0;0;0;0;0;5490;0;0;125;0;42;0;
30802;5430915;1198731264;34295808;1397067776;0;0;0;0;0;0;0;0;0;0;0;3807;0;0;125;0;42;0;
30803;4749367;1198731264;34295808;1397067776;0;0;0;0;0;0;0;0;0;0;0;4288;0;0;125;0;42;0;
30804;5513590;1198731264;34295808;1397067776;0;0;0;0;0;0;0;0;0;0;0;3657;0;0;125;0;42;0;
30805;4130076;1198731264;34295808;1397067776;0;0;0;0;0;0;0;0;0;0;0;4128;0;0;125;0;42;0;
30806;5550970;1198731264;34295808;1397067776;0;0;0;0;0;0;0;0;0;0;0;3527;0;0;125;0;42;0;
30807;4701137;1198731264;34295808;1397067776;0;0;0;0;0;0;0;0;0;0;0;3837;0;0;125;0;42;0;
30808;5584673;1198731264;34295808;1397067776;0;0;0;0;0;0;0;0;0;0;0;3537;0;0;125;0;42;0;
30809;4156004;1198731264;34295808;1397067776;0;0;0;0;0;0;0;0;0;0;0;4108;0;0;125;0;42;0;
30810;5744513;1198731264;34295808;1397067776;0;0;0;0;0;0;0;0;0;0;0;3266;0;0;125;0;42;0;
30811;3835583;1198731264;34295808;1397067776;0;0;0;0;0;0;0;0;0;0;0;3617;0;0;125;0;42;0;
30812;5294279;1198731264;34295808;1397067776;0;0;0;0;0;0;0;0;0;0;0;3296;0;0;125;0;42;0;
30813;5666436;1198731264;34295808;1397067776;0;0;0;0;0;0;0;0;0;0;0;5680;0;0;125;0;42;0;
30814;5341928;1198731264;34295808;1397067776;0;0;0;0;0;0;0;0;0;0;0;3526;0;0;125;0;42;0;
30815;4673154;1198731264;34295808;1397067776;0;0;0;0;0;0;0;0;0;0;0;3717;0;0;125;0;42;0;
30816;5664262;1198731264;34295808;1397067776;0;0;0;0;0;0;0;0;0;0;0;3566;0;0;125;0;42;0;
30817;4510018;1198731264;34295808;1397067776;0;0;0;0;0;0;0;0;0;0;0;4638;0;0;125;0;42;0;
30818;5551041;1198731264;34295808;1397067776;0;0;0;0;0;0;0;0;0;0;0;3637;0;0;125;0;42;0;
30819;4486604;1198731264;34295808;1397067776;0;0;0;0;0;0;0;0;0;0;0;4068;0;0;125;0;42;0;
30820;5611183;1198731264;34295808;1397067776;0;0;0;0;0;0;0;0;0;0;0;3987;0;0;125;0;42;0;
30821;4002807;1198731264;34295808;1397067776;0;0;0;0;0;0;0;0;0;0;0;3928;0;0;125;0;42;0;
30822;5213397;1198731264;34295808;1397067776;0;0;0;0;0;0;0;0;0;0;0;3487;0;0;125;0;42;0;
30823;4914957;1198731264;34295808;1397067776;0;0;0;0;0;0;0;0;0;0;0;3817;0;0;125;0;42;0;
30824;5381974;1198731264;34295808;1397067776;0;0;0;0;0;0;0;0;0;0;0;3516;0;0;125;0;42;0;
30825;3972970;1198731264;34295808;1397067776;0;0;0;0;0;0;0;0;0;0;0;3957;0;0;125;0;42;0;
30826;5227744;1198731264;34295808;1397067776;0;0;0;0;0;0;0;0;0;0;0;3717;0;0;125;0;42;0;
30827;4175831;1198731264;34295808;1397067776;0;0;0;0;0;0;0;0;0;0;0;4338;0;0;125;0;42;0;
30828;5145189;1198731264;34295808;1397067776;0;0;0;0;0;0;0;0;0;0;0;3617;0;0;125;0;42;0;
30829;4860926;1198731264;34295808;1397067776;0;0;0;0;0;0;0;0;0;0;0;3877;0;0;125;0;42;0;
30830;5665935;1198731264;34295808;1397067776;0;0;0;0;0;0;0;0;0;0;0;3446;0;0;125;0;42;0;
30831;13219321;1198731264;34295808;1397067776;0;0;0;0;0;0;0;0;0;0;0;3727;0;0;125;0;42;0;
30832;6301658;1198731264;34295808;1397067776;0;0;0;0;0;0;0;0;0;0;0;3888;0;0;125;0;42;0;
30833;5769490;1198731264;34295808;1397067776;0;0;0;0;0;0;0;0;0;0;0;5530;0;0;125;0;42;0;
30834;6559141;1198731264;34295808;1397067776;0;0;0;0;0;0;0;0;0;0;0;4208;0;0;125;0;42;0;
30835;4588565;1198731264;34295808;1397067776;0;0;0;0;0;0;0;0;0;0;0;4118;0;0;125;0;42;0;
30836;5628246;1198731264;34295808;1397067776;0;0;0;0;0;0;0;0;0;0;0;3927;0;0;125;0;42;0;
30837;4546907;1198731264;34295808;1397067776;0;0;0;0;0;0;0;0;0;0;0;3737;0;0;125;0;42;0;
30838;5647131;1198731264;34295808;1397067776;0;0;0;0;0;0;0;0;0;0;0;3717;0;0;125;0;42;0;
30839;4946938;1198731264;34295808;1397067776;0;0;0;0;0;0;0;0;0;0;0;4328;0;0;125;0;42;0;
30840;6590420;1198731264;34295808;1397067776;0;0;0;0;0;0;0;0;0;0;0;4248;0;0;125;0;42;0;
30841;4848823;1198731264;34295808;1397067776;0;0;0;0;0;0;0;0;0;0;0;4679;0;0;125;0;42;0;
30842;6267874;1198731264;34295808;1397067776;0;0;0;0;0;0;0;0;0;0;0;5039;0;0;125;0;42;0;
30843;4663837;1198731264;34295808;1397067776;0;0;0;0;0;0;0;0;0;0;0;4037;0;0;125;0;42;0;
30844;5834171;1198731264;34295808;1397067776;0;0;0;0;0;0;0;0;0;0;0;4569;0;0;125;0;42;0;
30845;4317427;1198731264;34295808;1397067776;0;0;0;0;0;0;0;0;0;0;0;3677;0;0;125;0;42;0;
30846;5630419;1198731264;34295808;1397067776;0;0;0;0;0;0;0;0;0;0;0;4819;0;0;125;0;42;0;
30847;4748565;1198731264;34295808;1397067776;0;0;0;0;0;0;0;0;0;0;0;3977;0;0;125;0;42;0;
30848;5808062;1198731264;34295808;1397067776;0;0;0;0;0;0;0;0;0;0;0;3787;0;0;125;0;42;0;
30849;4595929;1198731264;34304000;1397075968;0;0;0;0;0;0;0;0;0;0;0;4338;0;0;125;0;42;0;
30850;6237238;1198731264;34304000;1397075968;0;0;0;0;0;0;0;0;0;0;0;3466;0;0;125;0;42;0;
30851;4421522;1198731264;34304000;1397075968;0;0;0;0;0;0;0;0;0;0;0;3878;0;0;125;0;42;0;
30852;5721300;1198731264;34304000;1397075968;0;0;0;0;0;0;0;0;0;0;0;3727;0;0;125;0;42;0;
30853;6100782;1198731264;34304000;1397075968;0;0;0;0;0;0;0;0;0;0;0;3948;0;0;125;0;42;0;
30854;5429642;1198731264;34304000;1397075968;0;0;0;0;0;0;0;0;0;0;0;3577;0;0;125;0;42;0;
30855;5267278;1198731264;34295808;1397067776;0;0;0;0;0;0;0;0;0;0;0;4939;0;0;125;0;42;0;
30856;5736809;1198731264;34295808;1397067776;0;0;0;0;0;0;0;0;0;0;0;3867;0;0;125;0;42;0;
30857;4828124;1198731264;34295808;1397067776;0;0;0;0;0;0;0;0;0;0;0;4107;0;0;125;0;42;0;
30858;5439090;1198731264;34295808;1397067776;0;0;0;0;0;0;0;0;0;0;0;3837;0;0;125;0;42;0;
30859;5086770;1198731264;34295808;1397067776;0;0;0;0;0;0;0;0;0;0;0;4017;0;0;125;0;42;0;
30860;5549507;1198731264;34295808;1397067776;0;0;0;0;0;0;0;0;0;0;0;3818;0;0;125;0;42;0;
30861;4657996;1198731264;34295808;1397067776;0;0;0;0;0;0;0;0;0;0;0;4148;0;0;125;0;42;0;
30862;5696042;1198731264;34295808;1397067776;0;0;0;0;0;0;0;0;0;0;0;3367;0;0;125;0;42;0;
30863;4778191;1198731264;34295808;1397067776;0;0;0;0;0;0;0;0;0;0;0;4539;0;0;125;0;42;0;
30864;5810257;1198731264;34295808;1397067776;0;0;0;0;0;0;0;0;0;0;0;3397;0;0;125;0;42;0;
30865;4707689;1198731264;34295808;1397067776;0;0;0;0;0;0;0;0;0;0;0;3928;0;0;125;0;42;0;
30866;5726058;1198731264;34295808;1397067776;0;0;0;0;0;0;0;0;0;0;0;3317;0;0;125;0;42;0;
30867;4340580;1198731264;34295808;1397067776;0;0;0;0;0;0;0;0;0;0;0;3867;0;0;125;0;42;0;
30868;5309066;1198731264;34295808;1397067776;0;0;0;0;0;0;0;0;0;0;0;3807;0;0;125;0;42;0;
30869;4565212;1198731264;34295808;1397067776;0;0;0;0;0;0;0;0;0;0;0;4207;0;0;125;0;42;0;
30870;5505685;1198731264;34295808;1397067776;0;0;0;0;0;0;0;0;0;0;0;3306;0;0;125;0;42;0;
30871;3747829;1198731264;34295808;1397067776;0;0;0;0;0;0;0;0;0;0;0;3677;0;0;125;0;42;0;
30872;5470278;1198731264;34295808;1397067776;0;0;0;0;0;0;0;0;0;0;0;3597;0;0;125;0;42;0;
30873;4970682;1198731264;34295808;1397067776;0;0;0;0;0;0;0;0;0;0;0;6372;0;0;125;0;42;0;
30874;6202683;1198731264;34295808;1397067776;0;0;0;0;0;0;0;0;0;0;0;5160;0;0;125;0;42;0;
30875;4953108;1198731264;34295808;1397067776;0;0;0;0;0;0;0;0;0;0;0;3546;0;0;125;0;42;0;
30876;5391461;1198731264;34295808;1397067776;0;0;0;0;0;0;0;0;0;0;0;3316;0;0;125;0;42;0;
30877;4532471;1198731264;34295808;1397067776;0;0;0;0;0;0;0;0;0;0;0;3777;0;0;125;0;42;0;
30878;5819805;1198731264;34295808;1397067776;0;0;0;0;0;0;0;0;0;0;0;3206;0;0;125;0;42;0;
30879;4035358;1198731264;34295808;1397067776;0;0;0;0;0;0;0;0;0;0;0;3477;0;0;125;0;42;0;
30880;5217465;1198731264;34295808;1397067776;0;0;0;0;0;0;0;0;0;0;0;3526;0;0;125;0;42;0;
30881;4286018;1198731264;34295808;1397067776;0;0;0;0;0;0;0;0;0;0;0;3827;0;0;125;0;42;0;
30882;5535191;1198731264;34295808;1397067776;0;0;0;0;0;0;0;0;0;0;0;3476;0;0;125;0;42;0;
30883;4009259;1198731264;34295808;1397067776;0;0;0;0;0;0;0;0;0;0;0;4188;0;0;125;0;42;0;
30884;5313514;1198731264;34295808;1397067776;0;0;0;0;0;0;0;0;0;0;0;3286;0;0;125;0;42;0;
30885;4054864;1198731264;34295808;1397067776;0;0;0;0;0;0;0;0;0;0;0;4038;0;0;125;0;42;0;
30886;5017068;1198731264;34295808;1397067776;0;0;0;0;0;0;0;0;0;0;0;3336;0;0;125;0;42;0;
30887;4135636;1198731264;34295808;1397067776;0;0;0;0;0;0;0;0;0;0;0;3467;0;0;125;0;42;0;
30888;5877783;1198731264;34295808;1397067776;0;0;0;0;0;0;0;0;0;0;0;3096;0;0;125;0;42;0;
30889;3774679;1198731264;34295808;1397067776;0;0;0;0;0;0;0;0;0;0;0;3416;0;0;125;0;42;0;
30890;6048904;1198731264;34295808;1397067776;0;0;0;0;0;0;0;0;0;0;0;3627;0;0;125;0;42;0;
30891;4451198;1198731264;34295808;1397067776;0;0;0;0;0;0;0;0;0;0;0;3697;0;0;125;0;42;0;
30892;5881710;1198731264;34295808;1397067776;0;0;0;0;0;0;0;0;0;0;0;3477;0;0;125;0;42;0;
30893;4097114;1198731264;34295808;1397067776;0;0;0;0;0;0;0;0;0;0;0;3547;0;0;125;0;42;0;
30894;5471501;1198731264;34295808;1397067776;0;0;0;0;0;0;0;0;0;0;0;3456;0;0;125;0;42;0;
30895;4872458;1198731264;34295808;1397067776;0;0;0;0;0;0;0;0;0;0;0;5731;0;0;125;0;42;0;
30896;6105110;1198731264;34295808;1397067776;0;0;0;0;0;0;0;0;0;0;0;4629;0;0;125;0;42;0;
30897;4712648;1198731264;34295808;1397067776;0;0;0;0;0;0;0;0;0;0;0;3326;0;0;125;0;42;0;
30898;5433720;1198731264;34295808;1397067776;0;0;0;0;0;0;0;0;0;0;0;3407;0;0;125;0;42;0;
30899;3760743;1198731264;34295808;1397067776;0;0;0;0;0;0;0;0;0;0;0;3737;0;0;125;0;42;0;
30900;5232353;1198731264;34295808;1397067776;0;0;0;0;0;0;0;0;0;0;0;3476;0;0;125;0;42;0;
30901;3327801;1198731264;34295808;1397067776;0;0;0;0;0;0;0;0;0;0;0;3577;0;0;125;0;42;0;
30902;5634527;1198731264;34295808;1397067776;0;0;0;0;0;0;0;0;0;0;0;3447;0;0;125;0;42;0;
30903;4614083;1198731264;34295808;1397067776;0;0;0;0;0;0;0;0;0;0;0;3667;0;0;125;0;42;0;
30904;5287296;1198731264;34295808;1397067776;0;0;0;0;0;0;0;0;0;0;0;3546;0;0;125;0;42;0;
30905;4190429;1198731264;34295808;1397067776;0;0;0;0;0;0;0;0;0;0;0;3767;0;0;125;0;42;0;
30906;5737190;1198731264;34295808;1397067776;0;0;0;0;0;0;0;0;0;0;0;3587;0;0;125;0;42;0;
30907;4135415;1198731264;34295808;1397067776;0;0;0;0;0;0;0;0;0;0;0;3316;0;0;125;0;42;0;
30908;5277166;1198731264;34295808;1397067776;0;0;0;0;0;0;0;0;0;0;0;3296;0;0;125;0;42;0;
30909;4406244;1198731264;34295808;1397067776;0;0;0;0;0;0;0;0;0;0;0;3928;0;0;125;0;42;0;
30910;5308335;1198731264;34295808;1397067776;0;0;0;0;0;0;0;0;0;0;0;3387;0;0;125;0;42;0;
30911;4182273;1198731264;34295808;1397067776;0;0;0;0;0;0;0;0;0;0;0;3687;0;0;125;0;42;0;
30912;5570046;1198731264;34295808;1397067776;0;0;0;0;0;0;0;0;0;0;0;3506;0;0;125;0;42;0;
30913;4520698;1198731264;34295808;1397067776;0;0;0;0;0;0;0;0;0;0;0;4007;0;0;125;0;42;0;
30914;5187509;1198731264;34295808;1397067776;0;0;0;0;0;0;0;0;0;0;0;3516;0;0;125;0;42;0;
30915;4295766;1198731264;34295808;1397067776;0;0;0;0;0;0;0;0;0;0;0;3797;0;0;125;0;42;0;
30916;5431175;1198731264;34295808;1397067776;0;0;0;0;0;0;0;0;0;0;0;3287;0;0;125;0;42;0;
30917;4353885;1198731264;34295808;1397067776;0;0;0;0;0;0;0;0;0;0;0;3557;0;0;125;0;42;0;
30918;5870780;1198731264;34295808;1397067776;0;0;0;0;0;0;0;0;0;0;0;4388;0;0;125;0;42;0;
30919;5354753;1198731264;34295808;1397067776;0;0;0;0;0;0;0;0;0;0;0;5791;0;0;125;0;42;0;
30920;5639637;1198731264;34295808;1397067776;0;0;0;0;0;0;0;0;0;0;0;4689;0;0;125;0;42;0;
30921;4172636;1198731264;34295808;1397067776;0;0;0;0;0;0;0;0;0;0;0;3918;0;0;125;0;42;0;
30922;5490046;1198731264;34295808;1397067776;0;0;0;0;0;0;0;0;0;0;0;3566;0;0;125;0;42;0;
30923;4427523;1198731264;34295808;1397067776;0;0;0;0;0;0;0;0;0;0;0;3947;0;0;125;0;42;0;
30924;5099754;1198731264;34295808;1397067776;0;0;0;0;0;0;0;0;0;0;0;3426;0;0;125;0;42;0;
30925;4354286;1198731264;34295808;1397067776;0;0;0;0;0;0;0;0;0;0;0;4098;0;0;125;0;42;0;
30926;5397943;1198731264;34295808;1397067776;0;0;0;0;0;0;0;0;0;0;0;3296;0;0;125;0;42;0;
30927;3973832;1198731264;34295808;1397067776;0;0;0;0;0;0;0;0;0;0;0;4258;0;0;125;0;42;0;
30928;5412320;1198731264;34295808;1397067776;0;0;0;0;0;0;0;0;0;0;0;3427;0;0;125;0;42;0;
30929;4724781;1198731264;34295808;1397067776;0;0;0;0;0;0;0;0;0;0;0;3676;0;0;125;0;42;0;
30930;5535621;1198731264;34295808;1397067776;0;0;0;0;0;0;0;0;0;0;0;3346;0;0;125;0;42;0;
30931;4403869;1198731264;34295808;1397067776;0;0;0;0;0;0;0;0;0;0;0;3456;0;0;125;0;42;0;
30932;5732861;1198731264;34295808;1397067776;0;0;0;0;0;0;0;0;0;0;0;3026;0;0;125;0;42;0;
30933;4714371;1198731264;34295808;1397067776;0;0;0;0;0;0;0;0;0;0;0;3417;0;0;125;0;42;0;
30934;5170938;1198731264;34295808;1397067776;0;0;0;0;0;0;0;0;0;0;0;3176;0;0;125;0;42;0;
30935;4571874;1198731264;34295808;1397067776;0;0;0;0;0;0;0;0;0;0;0;3526;0;0;125;0;42;0;
30936;5302885;1198731264;34295808;1397067776;0;0;0;0;0;0;0;0;0;0;0;3376;0;0;125;0;42;0;
30937;3843668;1198731264;34295808;1397067776;0;0;0;0;0;0;0;0;0;0;0;3457;0;0;125;0;42;0;
30938;5140841;1198731264;34295808;1397067776;0;0;0;0;0;0;0;0;0;0;0;3356;0;0;125;0;42;0;
30939;4187784;1198731264;34295808;1397067776;0;0;0;0;0;0;0;0;0;0;0;3817;0;0;125;0;42;0;
30940;5290752;1198731264;34295808;1397067776;0;0;0;0;0;0;0;0;0;0;0;3396;0;0;125;0;42;0;
30941;4933011;1198731264;34295808;1397067776;0;0;0;0;0;0;0;0;0;0;0;5330;0;0;125;0;42;0;
30942;6233680;1198731264;34295808;1397067776;0;0;0;0;0;0;0;0;0;0;0;4579;0;0;125;0;42;0;
30943;4573617;1198731264;34295808;1397067776;0;0;0;0;0;0;0;0;0;0;0;3477;0;0;125;0;42;0;
30944;5254414;1198731264;34295808;1397067776;0;0;0;0;0;0;0;0;0;0;0;2886;0;0;125;0;42;0;
30945;3949467;1198731264;34295808;1397067776;0;0;0;0;0;0;0;0;0;0;0;3536;0;0;125;0;42;0;
30946;5381873;1198731264;34295808;1397067776;0;0;0;0;0;0;0;0;0;0;0;3667;0;0;125;0;42;0;
30947;3999681;1198731264;34295808;1397067776;0;0;0;0;0;0;0;0;0;0;0;3437;0;0;125;0;42;0;
30948;5697775;1198731264;34295808;1397067776;0;0;0;0;0;0;0;0;0;0;0;3927;0;0;125;0;42;0;
30949;3744132;1198731264;34304000;1397075968;0;0;0;0;0;0;0;0;0;0;0;3486;0;0;125;0;42;0;
30950;5238845;1198731264;34304000;1397075968;0;0;0;0;0;0;0;0;0;0;0;3747;0;0;125;0;42;0;
30951;3550960;1198731264;34304000;1397075968;0;0;0;0;0;0;0;0;0;0;0;4047;0;0;125;0;42;0;
30952;5531714;1198731264;34304000;1397075968;0;0;0;0;0;0;0;0;0;0;0;3266;0;0;125;0;42;0;
30953;4263686;1198731264;34304000;1397075968;0;0;0;0;0;0;0;0;0;0;0;3466;0;0;125;0;42;0;
30954;5866482;1198731264;34304000;1397075968;0;0;0;0;0;0;0;0;0;0;0;3837;0;0;125;0;42;0;
30955;3941853;1198731264;34295808;1397067776;0;0;0;0;0;0;0;0;0;0;0;3637;0;0;125;0;42;0;
30956;5970157;1198731264;34295808;1397067776;0;0;0;0;0;0;0;0;0;0;0;3366;0;0;125;0;42;0;
30957;4109918;1198731264;34295808;1397067776;0;0;0;0;0;0;0;0;0;0;0;3697;0;0;125;0;42;0;
30958;5541813;1198731264;34295808;1397067776;0;0;0;0;0;0;0;0;0;0;0;3196;0;0;125;0;42;0;
30959;3776953;1198731264;34295808;1397067776;0;0;0;0;0;0;0;0;0;0;0;3247;0;0;125;0;42;0;
30960;5408633;1198731264;34295808;1397067776;0;0;0;0;0;0;0;0;0;0;0;3417;0;0;125;0;42;0;
30961;4250011;1198731264;34295808;1397067776;0;0;0;0;0;0;0;0;0;0;0;3567;0;0;125;0;42;0;
30962;5400758;1198731264;34295808;1397067776;0;0;0;0;0;0;0;0;0;0;0;3917;0;0;125;0;42;0;
30963;3938867;1198731264;34295808;1397067776;0;0;0;0;0;0;0;0;0;0;0;3677;0;0;125;0;42;0;
30964;6377941;1198731264;34295808;1397067776;0;0;0;0;0;0;0;0;0;0;0;4579;0;0;125;0;42;0;
30965;5056132;1198731264;34295808;1397067776;0;0;0;0;0;0;0;0;0;0;0;4639;0;0;125;0;42;0;
30966;6405483;1198731264;34295808;1397067776;0;0;0;0;0;0;0;0;0;0;0;4248;0;0;125;0;42;0;
30967;3984272;1198731264;34295808;1397067776;0;0;0;0;0;0;0;0;0;0;0;3416;0;0;125;0;42;0;
30968;5210532;1198731264;34295808;1397067776;0;0;0;0;0;0;0;0;0;0;0;3687;0;0;125;0;42;0;
30969;3573702;1198731264;34295808;1397067776;0;0;0;0;0;0;0;0;0;0;0;3597;0;0;125;0;42;0;
30970;5406219;1198731264;34295808;1397067776;0;0;0;0;0;0;0;0;0;0;0;3356;0;0;125;0;42;0;
30971;3736106;1198731264;34295808;1397067776;0;0;0;0;0;0;0;0;0;0;0;3316;0;0;125;0;42;0;
30972;5033150;1198731264;34295808;1397067776;0;0;0;0;0;0;0;0;0;0;0;3126;0;0;125;0;42;0;
30973;4229823;1198731264;34295808;1397067776;0;0;0;0;0;0;0;0;0;0;0;3657;0;0;125;0;42;0;
30974;5586887;1198731264;34295808;1397067776;0;0;0;0;0;0;0;0;0;0;0;3166;0;0;125;0;42;0;
30975;4407536;1198731264;34295808;1397067776;0;0;0;0;0;0;0;0;0;0;0;3857;0;0;125;0;42;0;
30976;5432879;1198731264;34295808;1397067776;0;0;0;0;0;0;0;0;0;0;0;3366;0;0;125;0;42;0;
30977;4170892;1198731264;34295808;1397067776;0;0;0;0;0;0;0;0;0;0;0;3897;0;0;125;0;42;0;
30978;5301512;1198731264;34295808;1397067776;0;0;0;0;0;0;0;0;0;0;0;3206;0;0;125;0;42;0;
30979;4265219;1198731264;34295808;1397067776;0;0;0;0;0;0;0;0;0;0;0;3737;0;0;125;0;42;0;
30980;5308095;1198731264;34295808;1397067776;0;0;0;0;0;0;0;0;0;0;0;3447;0;0;125;0;42;0;
30981;4453563;1198731264;34295808;1397067776;0;0;0;0;0;0;0;0;0;0;0;4008;0;0;125;0;42;0;
30982;5265184;1198731264;34295808;1397067776;0;0;0;0;0;0;0;0;0;0;0;3466;0;0;125;0;42;0;
30983;4516861;1198731264;34295808;1397067776;0;0;0;0;0;0;0;0;0;0;0;4007;0;0;125;0;42;0;
30984;5355925;1198731264;34295808;1397067776;0;0;0;0;0;0;0;0;0;0;0;3507;0;0;125;0;42;0;
30985;4486204;1198731264;34295808;1397067776;0;0;0;0;0;0;0;0;0;0;0;4268;0;0;125;0;42;0;
30986;5228275;1198731264;34295808;1397067776;0;0;0;0;0;0;0;0;0;0;0;3246;0;0;125;0;42;0;
30987;5333522;1198731264;34295808;1397067776;0;0;0;0;0;0;0;0;0;0;0;5821;0;0;125;0;42;0;
30988;6022544;1198731264;34295808;1397067776;0;0;0;0;0;0;0;0;0;0;0;4849;0;0;125;0;42;0;
30989;4172455;1198731264;34295808;1397067776;0;0;0;0;0;0;0;0;0;0;0;3928;0;0;125;0;42;0;
30990;5208287;1198731264;34295808;1397067776;0;0;0;0;0;0;0;0;0;0;0;3587;0;0;125;0;42;0;
30991;4166163;1198731264;34295808;1397067776;0;0;0;0;0;0;0;0;0;0;0;3587;0;0;125;0;42;0;
30992;5229277;1198731264;34295808;1397067776;0;0;0;0;0;0;0;0;0;0;0;3467;0;0;125;0;42;0;
30993;4265629;1198731264;34295808;1397067776;0;0;0;0;0;0;0;0;0;0;0;3988;0;0;125;0;42;0;
30994;5822870;1198731264;34295808;1397067776;0;0;0;0;0;0;0;0;0;0;0;3597;0;0;125;0;42;0;
30995;4387719;1198731264;34295808;1397067776;0;0;0;0;0;0;0;0;0;0;0;3937;0;0;125;0;42;0;
30996;5098242;1198731264;34295808;1397067776;0;0;0;0;0;0;0;0;0;0;0;3226;0;0;125;0;42;0;
30997;4683403;1198731264;34295808;1397067776;0;0;0;0;0;0;0;0;0;0;0;4298;0;0;125;0;42;0;
30998;5314587;1198731264;34295808;1397067776;0;0;0;0;0;0;0;0;0;0;0;3266;0;0;125;0;42;0;
30999;3990354;1198731264;34295808;1397067776;0;0;0;0;0;0;0;0;0;0;0;4148;0;0;125;0;42;0;
31000;5121946;1198731264;34295808;1397067776;0;0;0;0;0;0;0;0;0;0;0;3256;0;0;125;0;42;0;
31001;4012064;1198731264;34295808;1397067776;0;0;0;0;0;0;0;0;0;0;0;4077;0;0;125;0;42;0;
31002;5693708;1198731264;34295808;1397067776;0;0;0;0;0;0;0;0;0;0;0;3647;0;0;125;0;42;0;
31003;4096242;1198731264;34295808;1397067776;0;0;0;0;0;0;0;0;0;0;0;3837;0;0;125;0;42;0;
31004;5587389;1198731264;34295808;1397067776;0;0;0;0;0;0;0;0;0;0;0;3546;0;0;125;0;42;0;
31005;4182935;1198731264;34295808;1397067776;0;0;0;0;0;0;0;0;0;0;0;3737;0;0;125;0;42;0;
31006;5416969;1198731264;34295808;1397067776;0;0;0;0;0;0;0;0;0;0;0;3567;0;0;125;0;42;0;
31007;4657625;1198731264;34295808;1397067776;0;0;0;0;0;0;0;0;0;0;0;4439;0;0;125;0;42;0;
31008;6086345;1198731264;34295808;1397067776;0;0;0;0;0;0;0;0;0;0;0;3506;0;0;125;0;42;0;
31009;5971529;1198731264;34295808;1397067776;0;0;0;0;0;0;0;0;0;0;0;5490;0;0;125;0;42;0;
31010;5787944;1198731264;34295808;1397067776;0;0;0;0;0;0;0;0;0;0;0;3306;0;0;125;0;42;0;
31011;4247085;1198731264;34295808;1397067776;0;0;0;0;0;0;0;0;0;0;0;3998;0;0;125;0;42;0;
31012;5567311;1198731264;34295808;1397067776;0;0;0;0;0;0;0;0;0;0;0;3507;0;0;125;0;42;0;
31013;3730075;1198731264;34295808;1397067776;0;0;0;0;0;0;0;0;0;0;0;3596;0;0;125;0;42;0;
31014;5598950;1198731264;34295808;1397067776;0;0;0;0;0;0;0;0;0;0;0;4147;0;0;125;0;42;0;
31015;3894814;1198731264;34295808;1397067776;0;0;0;0;0;0;0;0;0;0;0;3426;0;0;125;0;42;0;
31016;5077192;1198731264;34295808;1397067776;0;0;0;0;0;0;0;0;0;0;0;3466;0;0;125;0;42;0;
31017;3294870;1198731264;34295808;1397067776;0;0;0;0;0;0;0;0;0;0;0;4098;0;0;125;0;42;0;
31018;5804696;1198731264;34295808;1397067776;0;0;0;0;0;0;0;0;0;0;0;3877;0;0;125;0;42;0;
31019;4171263;1198731264;34295808;1397067776;0;0;0;0;0;0;0;0;0;0;0;3907;0;0;125;0;42;0;
31020;5875479;1198731264;34295808;1397067776;0;0;0;0;0;0;0;0;0;0;0;3446;0;0;125;0;42;0;
31021;4479942;1198731264;34295808;1397067776;0;0;0;0;0;0;0;0;0;0;0;4419;0;0;125;0;42;0;
31022;5782764;1198731264;34295808;1397067776;0;0;0;0;0;0;0;0;0;0;0;3646;0;0;125;0;42;0;
31023;3970376;1198731264;34295808;1397067776;0;0;0;0;0;0;0;0;0;0;0;4078;0;0;125;0;42;0;
31024;5239857;1198731264;34295808;1397067776;0;0;0;0;0;0;0;0;0;0;0;3787;0;0;125;0;42;0;
31025;4838675;1198731264;34295808;1397067776;0;0;0;0;0;0;0;0;0;0;0;4499;0;0;125;0;42;0;
31026;5447006;1198731264;34295808;1397067776;0;0;0;0;0;0;0;0;0;0;0;3557;0;0;125;0;42;0;
31027;4417895;1198731264;34295808;1397067776;0;0;0;0;0;0;0;0;0;0;0;3607;0;0;125;0;42;0;
31028;5231671;1198731264;34295808;1397067776;0;0;0;0;0;0;0;0;0;0;0;3357;0;0;125;0;42;0;
31029;14420814;1198731264;34295808;1397067776;0;0;0;0;0;0;0;0;0;0;0;5932;0;0;125;0;42;0;
31030;7730217;1198731264;34295808;1397067776;0;0;0;0;0;0;0;0;0;0;0;5600;0;0;125;0;42;0;
31031;5196326;1198731264;34295808;1397067776;0;0;0;0;0;0;0;0;0;0;0;5761;0;0;125;0;42;0;
31032;5866622;1198731264;34295808;1397067776;0;0;0;0;0;0;0;0;0;0;0;4248;0;0;125;0;42;0;
31033;4280228;1198731264;34295808;1397067776;0;0;0;0;0;0;0;0;0;0;0;3887;0;0;125;0;42;0;
31034;5555077;1198731264;34295808;1397067776;0;0;0;0;0;0;0;0;0;0;0;3877;0;0;125;0;42;0;
31035;3822769;1198731264;34295808;1397067776;0;0;0;0;0;0;0;0;0;0;0;3857;0;0;125;0;42;0;
31036;5410737;1198731264;34295808;1397067776;0;0;0;0;0;0;0;0;0;0;0;11662;0;0;125;0;42;0;
31037;3925161;1198731264;34295808;1397067776;0;0;0;0;0;0;0;0;0;0;0;3667;0;0;125;0;42;0;
31038;5596185;1198731264;34295808;1397067776;0;0;0;0;0;0;0;0;0;0;0;3507;0;0;125;0;42;0;
31039;4360758;1198731264;34295808;1397067776;0;0;0;0;0;0;0;0;0;0;0;4007;0;0;125;0;42;0;
31040;5465560;1198731264;34295808;1397067776;0;0;0;0;0;0;0;0;0;0;0;3657;0;0;125;0;42;0;
31041;4159190;1198731264;34295808;1397067776;0;0;0;0;0;0;0;0;0;0;0;4439;0;0;125;0;42;0;
31042;5687817;1198731264;34295808;1397067776;0;0;0;0;0;0;0;0;0;0;0;3466;0;0;125;0;42;0;
31043;4580570;1198731264;34295808;1397067776;0;0;0;0;0;0;0;0;0;0;0;3937;0;0;125;0;42;0;
31044;5333392;1198731264;34295808;1397067776;0;0;0;0;0;0;0;0;0;0;0;3206;0;0;125;0;42;0;
31045;4219934;1198731264;34295808;1397067776;0;0;0;0;0;0;0;0;0;0;0;4258;0;0;125;0;42;0;
31046;5624939;1198731264;34295808;1397067776;0;0;0;0;0;0;0;0;0;0;0;3737;0;0;125;0;42;0;
31047;4129484;1198731264;34295808;1397067776;0;0;0;0;0;0;0;0;0;0;0;4007;0;0;125;0;42;0;
31048;6680208;1198731264;34295808;1397067776;0;0;0;0;0;0;0;0;0;0;0;3777;0;0;125;0;42;0;
31049;4374364;1198731264;34304000;1397075968;0;0;0;0;0;0;0;0;0;0;0;3667;0;0;125;0;42;0;
31050;5335516;1198731264;34304000;1397075968;0;0;0;0;0;0;0;0;0;0;0;3917;0;0;125;0;42;0;
31051;4515498;1198731264;34304000;1397075968;0;0;0;0;0;0;0;0;0;0;0;3897;0;0;125;0;42;0;
31052;5878474;1198731264;34304000;1397075968;0;0;0;0;0;0;0;0;0;0;0;3918;0;0;125;0;42;0;
31053;4773061;1198731264;34304000;1397075968;0;0;0;0;0;0;0;0;0;0;0;3707;0;0;125;0;42;0;
31054;5672098;1198731264;34304000;1397075968;0;0;0;0;0;0;0;0;0;0;0;3376;0;0;125;0;42;0;
31055;4483979;1198731264;34295808;1397067776;0;0;0;0;0;0;0;0;0;0;0;4048;0;0;125;0;42;0;
31056;5784508;1198731264;34295808;1397067776;0;0;0;0;0;0;0;0;0;0;0;3406;0;0;125;0;42;0;
31057;4294143;1198731264;34295808;1397067776;0;0;0;0;0;0;0;0;0;0;0;4368;0;0;125;0;42;0;
31058;5418943;1198731264;34295808;1397067776;0;0;0;0;0;0;0;0;0;0;0;3606;0;0;125;0;42;0;
31059;5039130;1198731264;34295808;1397067776;0;0;0;0;0;0;0;0;0;0;0;4048;0;0;125;0;42;0;
31060;5263231;1198731264;34295808;1397067776;0;0;0;0;0;0;0;0;0;0;0;3877;0;0;125;0;42;0;
31061;3999571;1198731264;34295808;1397067776;0;0;0;0;0;0;0;0;0;0;0;3767;0;0;125;0;42;0;
31062;5263391;1198731264;34295808;1397067776;0;0;0;0;0;0;0;0;0;0;0;3436;0;0;125;0;42;0;
31063;4400413;1198731264;34295808;1397067776;0;0;0;0;0;0;0;0;0;0;0;4057;0;0;125;0;42;0;
31064;5419835;1198731264;34295808;1397067776;0;0;0;0;0;0;0;0;0;0;0;3888;0;0;125;0;42;0;
31065;4043804;1198731264;34295808;1397067776;0;0;0;0;0;0;0;0;0;0;0;4048;0;0;125;0;42;0;
31066;5471601;1198731264;34295808;1397067776;0;0;0;0;0;0;0;0;0;0;0;3787;0;0;125;0;42;0;
31067;3904072;1198731264;34295808;1397067776;0;0;0;0;0;0;0;0;0;0;0;3837;0;0;125;0;42;0;
31068;5207636;1198731264;34295808;1397067776;0;0;0;0;0;0;0;0;0;0;0;3327;0;0;125;0;42;0;
31069;4752763;1198731264;34295808;1397067776;0;0;0;0;0;0;0;0;0;0;0;4208;0;0;125;0;42;0;
31070;5589232;1198731264;34295808;1397067776;0;0;0;0;0;0;0;0;0;0;0;3347;0;0;125;0;42;0;
31071;3962031;1198731264;34295808;1397067776;0;0;0;0;0;0;0;0;0;0;0;4268;0;0;125;0;42;0;
31072;5526164;1198731264;34295808;1397067776;0;0;0;0;0;0;0;0;0;0;0;3707;0;0;125;0;42;0;
31073;4910388;1198731264;34295808;1397067776;0;0;0;0;0;0;0;0;0;0;0;3897;0;0;125;0;42;0;
31074;5232604;1198731264;34295808;1397067776;0;0;0;0;0;0;0;0;0;0;0;3506;0;0;125;0;42;0;
31075;4009840;1198731264;34295808;1397067776;0;0;0;0;0;0;0;0;0;0;0;3467;0;0;125;0;42;0;
31076;5391280;1198731264;34295808;1397067776;0;0;0;0;0;0;0;0;0;0;0;3246;0;0;125;0;42;0;
31077;5473796;1198731264;34295808;1397067776;0;0;0;0;0;0;0;0;0;0;0;3587;0;0;125;0;42;0;
31078;4941617;1198731264;34295808;1397067776;0;0;0;0;0;0;0;0;0;0;0;2505;0;0;125;0;42;0;
31079;3568272;1198731264;34295808;1397067776;0;0;0;0;0;0;0;0;0;0;0;3747;0;0;125;0;42;0;
31080;4993314;1198731264;34295808;1397067776;0;0;0;0;0;0;0;0;0;0;0;3497;0;0;125;0;42;0;
31081;3665324;1198731264;34295808;1397067776;0;0;0;0;0;0;0;0;0;0;0;3847;0;0;125;0;42;0;
31082;5152042;1198731264;34295808;1397067776;0;0;0;0;0;0;0;0;0;0;0;2565;0;0;125;0;42;0;
31083;4093747;1198731264;34295808;1397067776;0;0;0;0;0;0;0;0;0;0;0;3397;0;0;125;0;42;0;
31084;5447857;1198731264;34295808;1397067776;0;0;0;0;0;0;0;0;0;0;0;3497;0;0;125;0;42;0;
31085;4712348;1198731264;34295808;1397067776;0;0;0;0;0;0;0;0;0;0;0;4178;0;0;125;0;42;0;
31086;6219404;1198731264;34295808;1397067776;0;0;0;0;0;0;0;0;0;0;0;3667;0;0;125;0;42;0;
31087;4409530;1198731264;34295808;1397067776;0;0;0;0;0;0;0;0;0;0;0;4027;0;0;125;0;42;0;
31088;5246158;1198731264;34295808;1397067776;0;0;0;0;0;0;0;0;0;0;0;4008;0;0;125;0;42;0;
31089;3898561;1198731264;34295808;1397067776;0;0;0;0;0;0;0;0;0;0;0;4188;0;0;125;0;42;0;
31090;5287245;1198731264;34295808;1397067776;0;0;0;0;0;0;0;0;0;0;0;3797;0;0;125;0;42;0;
31091;4127821;1198731264;34295808;1397067776;0;0;0;0;0;0;0;0;0;0;0;3998;0;0;125;0;42;0;
31092;5798073;1198731264;34295808;1397067776;0;0;0;0;0;0;0;0;0;0;0;3075;0;0;125;0;42;0;
31093;4427383;1198731264;34295808;1397067776;0;0;0;0;0;0;0;0;0;0;0;6983;0;0;125;0;42;0;
31094;6083819;1198731264;34295808;1397067776;0;0;0;0;0;0;0;0;0;0;0;4899;0;0;125;0;42;0;
31095;4482787;1198731264;34295808;1397067776;0;0;0;0;0;0;0;0;0;0;0;4338;0;0;125;0;42;0;
31096;6191832;1198731264;34295808;1397067776;0;0;0;0;0;0;0;0;0;0;0;3496;0;0;125;0;42;0;
31097;4505420;1198731264;34295808;1397067776;0;0;0;0;0;0;0;0;0;0;0;4558;0;0;125;0;42;0;
31098;5660947;1198731264;34295808;1397067776;0;0;0;0;0;0;0;0;0;0;0;3546;0;0;125;0;42;0;
31099;6742946;1198731264;34295808;1397067776;0;0;0;0;0;0;0;0;0;0;0;8666;0;0;125;0;42;0;
31100;5677958;1198731264;34295808;1397067776;0;0;0;0;0;0;0;0;0;0;0;3737;0;0;125;0;42;0;
31101;4456247;1198731264;34295808;1397067776;0;0;0;0;0;0;0;0;0;0;0;4228;0;0;125;0;42;0;
31102;5508280;1198731264;34295808;1397067776;0;0;0;0;0;0;0;0;0;0;0;3376;0;0;125;0;42;0;
31103;4148420;1198731264;34295808;1397067776;0;0;0;0;0;0;0;0;0;0;0;3737;0;0;125;0;42;0;
31104;5302625;1198731264;34295808;1397067776;0;0;0;0;0;0;0;0;0;0;0;3407;0;0;125;0;42;0;
31105;4273705;1198731264;34295808;1397067776;0;0;0;0;0;0;0;0;0;0;0;3747;0;0;125;0;42;0;
31106;5559736;1198731264;34295808;1397067776;0;0;0;0;0;0;0;0;0;0;0;3276;0;0;125;0;42;0;
31107;3814643;1198731264;34295808;1397067776;0;0;0;0;0;0;0;0;0;0;0;3536;0;0;125;0;42;0;
31108;5289119;1198731264;34295808;1397067776;0;0;0;0;0;0;0;0;0;0;0;3356;0;0;125;0;42;0;
31109;4093056;1198731264;34295808;1397067776;0;0;0;0;0;0;0;0;0;0;0;3747;0;0;125;0;42;0;
31110;5661217;1198731264;34295808;1397067776;0;0;0;0;0;0;0;0;0;0;0;3777;0;0;125;0;42;0;
31111;3881089;1198731264;34295808;1397067776;0;0;0;0;0;0;0;0;0;0;0;3487;0;0;125;0;42;0;
31112;5288177;1198731264;34295808;1397067776;0;0;0;0;0;0;0;0;0;0;0;3366;0;0;125;0;42;0;
31113;4118003;1198731264;34295808;1397067776;0;0;0;0;0;0;0;0;0;0;0;3697;0;0;125;0;42;0;
31114;5276626;1198731264;34295808;1397067776;0;0;0;0;0;0;0;0;0;0;0;3516;0;0;125;0;42;0;
31115;4178557;1198731264;34295808;1397067776;0;0;0;0;0;0;0;0;0;0;0;3727;0;0;125;0;42;0;
31116;5863857;1198731264;34295808;1397067776;0;0;0;0;0;0;0;0;0;0;0;4358;0;0;125;0;42;0;
31117;4291268;1198731264;34295808;1397067776;0;0;0;0;0;0;0;0;0;0;0;3858;0;0;125;0;42;0;
31118;5113810;1198731264;34295808;1397067776;0;0;0;0;0;0;0;0;0;0;0;3456;0;0;125;0;42;0;
31119;4675138;1198731264;34295808;1397067776;0;0;0;0;0;0;0;0;0;0;0;3547;0;0;125;0;42;0;
31120;5376583;1198731264;34295808;1397067776;0;0;0;0;0;0;0;0;0;0;0;3296;0;0;125;0;42;0;
31121;3839160;1198731264;34295808;1397067776;0;0;0;0;0;0;0;0;0;0;0;4128;0;0;125;0;42;0;
31122;5118699;1198731264;34295808;1397067776;0;0;0;0;0;0;0;0;0;0;0;3557;0;0;125;0;42;0;
31123;5169394;1198731264;34295808;1397067776;0;0;0;0;0;0;0;0;0;0;0;3657;0;0;125;0;42;0;
31124;5543406;1198731264;34295808;1397067776;0;0;0;0;0;0;0;0;0;0;0;3887;0;0;125;0;42;0;
31125;4016933;1198731264;34295808;1397067776;0;0;0;0;0;0;0;0;0;0;0;3887;0;0;125;0;42;0;
31126;5922307;1198731264;34295808;1397067776;0;0;0;0;0;0;0;0;0;0;0;3446;0;0;125;0;42;0;
31127;4186411;1198731264;34295808;1397067776;0;0;0;0;0;0;0;0;0;0;0;3847;0;0;125;0;42;0;
31128;5571569;1198731264;34295808;1397067776;0;0;0;0;0;0;0;0;0;0;0;9939;0;0;125;0;42;0;
31129;5832237;1198731264;34295808;1397067776;0;0;0;0;0;0;0;0;0;0;0;4208;0;0;125;0;42;0;
31130;5965909;1198731264;34295808;1397067776;0;0;0;0;0;0;0;0;0;0;0;3466;0;0;125;0;42;0;
31131;3909582;1198731264;34295808;1397067776;0;0;0;0;0;0;0;0;0;0;0;3326;0;0;125;0;42;0;
31132;5152684;1198731264;34295808;1397067776;0;0;0;0;0;0;0;0;0;0;0;3506;0;0;125;0;42;0;
31133;3921685;1198731264;34295808;1397067776;0;0;0;0;0;0;0;0;0;0;0;3977;0;0;125;0;42;0;
31134;5426286;1198731264;34295808;1397067776;0;0;0;0;0;0;0;0;0;0;0;3307;0;0;125;0;42;0;
31135;3840072;1198731264;34295808;1397067776;0;0;0;0;0;0;0;0;0;0;0;3386;0;0;125;0;42;0;
31136;5993059;1198731264;34295808;1397067776;0;0;0;0;0;0;0;0;0;0;0;3717;0;0;125;0;42;0;
31137;4831681;1198731264;34295808;1397067776;0;0;0;0;0;0;0;0;0;0;0;4669;0;0;125;0;42;0;
31138;5265906;1198731264;34295808;1397067776;0;0;0;0;0;0;0;0;0;0;0;3316;0;0;125;0;42;0;
31139;4093738;1198731264;34295808;1397067776;0;0;0;0;0;0;0;0;0;0;0;3526;0;0;125;0;42;0;
31140;5400649;1198731264;34295808;1397067776;0;0;0;0;0;0;0;0;0;0;0;3366;0;0;125;0;42;0;
31141;3980294;1198731264;34295808;1397067776;0;0;0;0;0;0;0;0;0;0;0;4008;0;0;125;0;42;0;
31142;5340465;1198731264;34295808;1397067776;0;0;0;0;0;0;0;0;0;0;0;4158;0;0;125;0;42;0;
31143;4333056;1198731264;34295808;1397067776;0;0;0;0;0;0;0;0;0;0;0;3898;0;0;125;0;42;0;
31144;5363218;1198731264;34295808;1397067776;0;0;0;0;0;0;0;0;0;0;0;3788;0;0;125;0;42;0;
31145;3878534;1198731264;34295808;1397067776;0;0;0;0;0;0;0;0;0;0;0;3918;0;0;125;0;42;0;
31146;5135992;1198731264;34295808;1397067776;0;0;0;0;0;0;0;0;0;0;0;3366;0;0;125;0;42;0;
31147;4448452;1198731264;34295808;1397067776;0;0;0;0;0;0;0;0;0;0;0;4207;0;0;125;0;42;0;
31148;5116645;1198731264;34295808;1397067776;0;0;0;0;0;0;0;0;0;0;0;3577;0;0;125;0;42;0;
31149;4120979;1198731264;34295808;1397067776;0;0;0;0;0;0;0;0;0;0;0;3788;0;0;125;0;42;0;
31150;5708295;1198731264;34295808;1397067776;0;0;0;0;0;0;0;0;0;0;0;3757;0;0;125;0;42;0;
31151;4388530;1198731264;34295808;1397067776;0;0;0;0;0;0;0;0;0;0;0;3777;0;0;125;0;42;0;
31152;5385089;1198731264;34295808;1397067776;0;0;0;0;0;0;0;0;0;0;0;4008;0;0;125;0;42;0;
31153;5006399;1198731264;34295808;1397067776;0;0;0;0;0;0;0;0;0;0;0;4559;0;0;125;0;42;0;
31154;5483333;1198731264;34295808;1397067776;0;0;0;0;0;0;0;0;0;0;0;4067;0;0;125;0;42;0;
31155;4608443;1198731264;34295808;1397067776;0;0;0;0;0;0;0;0;0;0;0;4698;0;0;125;0;42;0;
31156;5633695;1198731264;34295808;1397067776;0;0;0;0;0;0;0;0;0;0;0;3607;0;0;125;0;42;0;
31157;6011905;1198731264;34295808;1397067776;0;0;0;0;0;0;0;0;0;0;0;5700;0;0;125;0;42;0;
31158;6266983;1198731264;34295808;1397067776;0;0;0;0;0;0;0;0;0;0;0;6091;0;0;125;0;42;0;
31159;5793926;1198731264;34295808;1397067776;0;0;0;0;0;0;0;0;0;0;0;4418;0;0;125;0;42;0;
31160;5595243;1198731264;34295808;1397067776;0;0;0;0;0;0;0;0;0;0;0;3527;0;0;125;0;42;0;
31161;4589337;1198731264;34295808;1397067776;0;0;0;0;0;0;0;0;0;0;0;4278;0;0;125;0;42;0;
31162;5540951;1198731264;34295808;1397067776;0;0;0;0;0;0;0;0;0;0;0;5360;0;0;125;0;42;0;
31163;4553279;1198731264;34295808;1397067776;0;0;0;0;0;0;0;0;0;0;0;3837;0;0;125;0;42;0;
31164;4786456;1198731264;34295808;1397067776;0;0;0;0;0;0;0;0;0;0;0;2905;0;0;125;0;42;0;
31165;3195833;1198731264;34295808;1397067776;0;0;0;0;0;0;0;0;0;0;0;3667;0;0;125;0;42;0;
31166;5036395;1198731264;34295808;1397067776;0;0;0;0;0;0;0;0;0;0;0;2986;0;0;125;0;42;0;
31167;3691864;1198731264;34295808;1397067776;0;0;0;0;0;0;0;0;0;0;0;3416;0;0;125;0;42;0;
31168;5102750;1198731264;34295808;1397067776;0;0;0;0;0;0;0;0;0;0;0;2675;0;0;125;0;42;0;
31169;3352808;1198731264;34295808;1397067776;0;0;0;0;0;0;0;0;0;0;0;10220;0;0;125;0;42;0;
31170;5009615;1198731264;34295808;1397067776;0;0;0;0;0;0;0;0;0;0;0;2435;0;0;125;0;42;0;
31171;3366734;1198731264;34295808;1397067776;0;0;0;0;0;0;0;0;0;0;0;3476;0;0;125;0;42;0;
31172;5069598;1198731264;34295808;1397067776;0;0;0;0;0;0;0;0;0;0;0;2795;0;0;125;0;42;0;
31173;3362677;1198731264;34295808;1397067776;0;0;0;0;0;0;0;0;0;0;0;2846;0;0;125;0;42;0;
31174;5235919;1198731264;34295808;1397067776;0;0;0;0;0;0;0;0;0;0;0;2955;0;0;125;0;42;0;
31175;4460225;1198731264;34295808;1397067776;0;0;0;0;0;0;0;0;0;0;0;3767;0;0;125;0;42;0;
31176;5062634;1198731264;34295808;1397067776;0;0;0;0;0;0;0;0;0;0;0;2845;0;0;125;0;42;0;
31177;3540369;1198731264;34295808;1397067776;0;0;0;0;0;0;0;0;0;0;0;3396;0;0;125;0;42;0;
31178;5095797;1198731264;34295808;1397067776;0;0;0;0;0;0;0;0;0;0;0;2645;0;0;125;0;42;0;
31179;3258261;1198731264;34295808;1397067776;0;0;0;0;0;0;0;0;0;0;0;3447;0;0;125;0;42;0;
31180;5029863;1198731264;34295808;1397067776;0;0;0;0;0;0;0;0;0;0;0;2855;0;0;125;0;42;0;
31181;5225089;1198731264;34295808;1397067776;0;0;0;0;0;0;0;0;0;0;0;5059;0;0;125;0;42;0;
31182;5482472;1198731264;34295808;1397067776;0;0;0;0;0;0;0;0;0;0;0;4478;0;0;125;0;42;0;
31183;4642928;1198731264;34295808;1397067776;0;0;0;0;0;0;0;0;0;0;0;5140;0;0;125;0;42;0;
31184;5480157;1198731264;34295808;1397067776;0;0;0;0;0;0;0;0;0;0;0;3516;0;0;125;0;42;0;
31185;3127575;1198731264;34295808;1397067776;0;0;0;0;0;0;0;0;0;0;0;3487;0;0;125;0;42;0;
31186;5006138;1198731264;34295808;1397067776;0;0;0;0;0;0;0;0;0;0;0;2574;0;0;125;0;42;0;
31187;2989867;1198731264;34295808;1397067776;0;0;0;0;0;0;0;0;0;0;0;2966;0;0;125;0;42;0;
31188;5109072;1198731264;34295808;1397067776;0;0;0;0;0;0;0;0;0;0;0;3306;0;0;125;0;42;0;
31189;3750744;1198731264;34295808;1397067776;0;0;0;0;0;0;0;0;0;0;0;3426;0;0;125;0;42;0;
31190;4962046;1198731264;34295808;1397067776;0;0;0;0;0;0;0;0;0;0;0;2936;0;0;125;0;42;0;
31191;3633814;1198731264;34295808;1397067776;0;0;0;0;0;0;0;0;0;0;0;3306;0;0;125;0;42;0;
31192;5561550;1198731264;34295808;1397067776;0;0;0;0;0;0;0;0;0;0;0;2575;0;0;125;0;42;0;
31193;3223936;1198731264;34295808;1397067776;0;0;0;0;0;0;0;0;0;0;0;3667;0;0;125;0;42;0;
31194;4855025;1198731264;34295808;1397067776;0;0;0;0;0;0;0;0;0;0;0;2795;0;0;125;0;42;0;
31195;2665970;1198731264;34295808;1397067776;0;0;0;0;0;0;0;0;0;0;0;3276;0;0;125;0;42;0;
31196;4961134;1198731264;34295808;1397067776;0;0;0;0;0;0;0;0;0;0;0;2936;0;0;125;0;42;0;
31197;3294308;1198731264;34295808;1397067776;0;0;0;0;0;0;0;0;0;0;0;3256;0;0;125;0;42;0;
31198;4766850;1198731264;34295808;1397067776;0;0;0;0;0;0;0;0;0;0;0;2415;0;0;125;0;42;0;
31199;2925767;1198731264;34295808;1397067776;0;0;0;0;0;0;0;0;0;0;0;3016;0;0;125;0;42;0;
31200;4804450;1198731264;34295808;1397067776;0;0;0;0;0;0;0;0;0;0;0;2935;0;0;125;0;42;0;
31201;3887922;1198731264;34295808;1397067776;0;0;0;0;0;0;0;0;0;0;0;3336;0;0;125;0;42;0;
31202;5159296;1198731264;34295808;1397067776;0;0;0;0;0;0;0;0;0;0;0;3015;0;0;125;0;42;0;
31203;3216292;1198731264;34295808;1397067776;0;0;0;0;0;0;0;0;0;0;0;3016;0;0;125;0;42;0;
31204;4951195;1198731264;34295808;1397067776;0;0;0;0;0;0;0;0;0;0;0;2655;0;0;125;0;42;0;
31205;3904131;1198731264;34295808;1397067776;0;0;0;0;0;0;0;0;0;0;0;3487;0;0;125;0;42;0;
31206;5108250;1198731264;34295808;1397067776;0;0;0;0;0;0;0;0;0;0;0;3186;0;0;125;0;42;0;
31207;4236736;1198731264;34295808;1397067776;0;0;0;0;0;0;0;0;0;0;0;3056;0;0;125;0;42;0;
31208;5711872;1198731264;34295808;1397067776;0;0;0;0;0;0;0;0;0;0;0;3657;0;0;125;0;42;0;
31209;4692239;1198731264;34295808;1397067776;0;0;0;0;0;0;0;0;0;0;0;4879;0;0;125;0;42;0;
31210;5573954;1198731264;34295808;1397067776;0;0;0;0;0;0;0;0;0;0;0;122079;0;0;125;0;42;0;
31211;2945234;1198731264;34295808;1397067776;0;0;0;0;0;0;0;0;0;0;0;3096;0;0;125;0;42;0;
31212;4906261;1198731264;34295808;1397067776;0;0;0;0;0;0;0;0;0;0;0;2655;0;0;125;0;42;0;
31213;3388545;1198731264;34295808;1397067776;0;0;0;0;0;0;0;0;0;0;0;3086;0;0;125;0;42;0;
31214;4929685;1198731264;34295808;1397067776;0;0;0;0;0;0;0;0;0;0;0;3286;0;0;125;0;42;0;
31215;2751620;1198731264;34295808;1397067776;0;0;0;0;0;0;0;0;0;0;0;3146;0;0;125;0;42;0;
31216;4750469;1198731264;34295808;1397067776;0;0;0;0;0;0;0;0;0;0;0;3406;0;0;125;0;42;0;
31217;3602386;1198731264;34295808;1397067776;0;0;0;0;0;0;0;0;0;0;0;3316;0;0;125;0;42;0;
31218;5090697;1198731264;34295808;1397067776;0;0;0;0;0;0;0;0;0;0;0;2885;0;0;125;0;42;0;
31219;3469777;1198731264;34295808;1397067776;0;0;0;0;0;0;0;0;0;0;0;3126;0;0;125;0;42;0;
31220;4984779;1198731264;34295808;1397067776;0;0;0;0;0;0;0;0;0;0;0;2815;0;0;125;0;42;0;
31221;3162992;1198731264;34295808;1397067776;0;0;0;0;0;0;0;0;0;0;0;3086;0;0;125;0;42;0;
31222;4994787;1198731264;34295808;1397067776;0;0;0;0;0;0;0;0;0;0;0;2585;0;0;125;0;42;0;
31223;3508139;1198731264;34295808;1397067776;0;0;0;0;0;0;0;0;0;0;0;3106;0;0;125;0;42;0;
31224;5183571;1198731264;34295808;1397067776;0;0;0;0;0;0;0;0;0;0;0;3497;0;0;125;0;42;0;
31225;3194892;1198731264;34295808;1397067776;0;0;0;0;0;0;0;0;0;0;0;3787;0;0;125;0;42;0;
31226;5443739;1198731264;34295808;1397067776;0;0;0;0;0;0;0;0;0;0;0;2535;0;0;125;0;42;0;
31227;5046304;1198731264;34295808;1397067776;0;0;0;0;0;0;0;0;0;0;0;4398;0;0;125;0;42;0;
31228;5649034;1198731264;34295808;1397067776;0;0;0;0;0;0;0;0;0;0;0;3757;0;0;125;0;42;0;
31229;4009830;1198731264;34295808;1397067776;0;0;0;0;0;0;0;0;0;0;0;4168;0;0;125;0;42;0;
31230;5364531;1198731264;34295808;1397067776;0;0;0;0;0;0;0;0;0;0;0;3757;0;0;125;0;42;0;
31231;4580981;1198731264;34295808;1397067776;0;0;0;0;0;0;0;0;0;0;0;3918;0;0;125;0;42;0;
31232;5430304;1198731264;34295808;1397067776;0;0;0;0;0;0;0;0;0;0;0;3517;0;0;125;0;42;0;
31233;5187258;1198731264;34295808;1397067776;0;0;0;0;0;0;0;0;0;0;0;5741;0;0;125;0;42;0;
31234;8705165;1198731264;34295808;1397067776;0;0;0;0;0;0;0;0;0;0;0;3366;0;0;125;0;42;0;
31235;10301008;1198731264;34295808;1397067776;0;0;0;0;0;0;0;0;0;0;0;3486;0;0;125;0;42;0;
31236;6253608;1198731264;34295808;1397067776;0;0;0;0;0;0;0;0;0;0;0;3507;0;0;125;0;42;0;
31237;4412325;1198731264;34295808;1397067776;0;0;0;0;0;0;0;0;0;0;0;3887;0;0;125;0;42;0;
31238;5914943;1198731264;34295808;1397067776;0;0;0;0;0;0;0;0;0;0;0;3356;0;0;125;0;42;0;
31239;5779689;1198731264;34295808;1397067776;0;0;0;0;0;0;0;0;0;0;0;4658;0;0;125;0;42;0;
31240;5620350;1198731264;34295808;1397067776;0;0;0;0;0;0;0;0;0;0;0;3687;0;0;125;0;42;0;
31241;5430034;1198731264;34295808;1397067776;0;0;0;0;0;0;0;0;0;0;0;4168;0;0;125;0;42;0;
31242;5571198;1198731264;34295808;1397067776;0;0;0;0;0;0;0;0;0;0;0;3837;0;0;125;0;42;0;
31243;4748475;1198731264;34295808;1397067776;0;0;0;0;0;0;0;0;0;0;0;4458;0;0;125;0;42;0;
31244;5844401;1198731264;34295808;1397067776;0;0;0;0;0;0;0;0;0;0;0;3987;0;0;125;0;42;0;
31245;4967025;1198731264;34295808;1397067776;0;0;0;0;0;0;0;0;0;0;0;4639;0;0;125;0;42;0;
31246;5551381;1198731264;34295808;1397067776;0;0;0;0;0;0;0;0;0;0;0;4178;0;0;125;0;42;0;
31247;5522657;1198731264;34295808;1397067776;0;0;0;0;0;0;0;0;0;0;0;3727;0;0;125;0;42;0;
31248;6305886;1198731264;34295808;1397067776;0;0;0;0;0;0;0;0;0;0;0;3456;0;0;125;0;42;0;
31249;5412691;1198731264;34295808;1397067776;0;0;0;0;0;0;0;0;0;0;0;4569;0;0;125;0;42;0;
31250;6567877;1198731264;34295808;1397067776;0;0;0;0;0;0;0;0;0;0;0;5901;0;0;125;0;42;0;
31251;5855281;1198731264;34295808;1397067776;0;0;0;0;0;0;0;0;0;0;0;4368;0;0;125;0;42;0;
31252;5877332;1198731264;34295808;1397067776;0;0;0;0;0;0;0;0;0;0;0;4658;0;0;125;0;42;0;
31253;5571609;1198731264;34295808;1397067776;0;0;0;0;0;0;0;0;0;0;0;4989;0;0;125;0;42;0;
31254;5873104;1198731264;34295808;1397067776;0;0;0;0;0;0;0;0;0;0;0;4288;0;0;125;0;42;0;
31255;4831932;1198731264;34295808;1397067776;0;0;0;0;0;0;0;0;0;0;0;4358;0;0;125;0;42;0;
31256;5775441;1198731264;34295808;1397067776;0;0;0;0;0;0;0;0;0;0;0;4709;0;0;125;0;42;0;
31257;4758133;1198731264;34295808;1397067776;0;0;0;0;0;0;0;0;0;0;0;4739;0;0;125;0;42;0;
31258;5533858;1198731264;34295808;1397067776;0;0;0;0;0;0;0;0;0;0;0;4288;0;0;125;0;42;0;
31259;5521495;1198731264;34295808;1397067776;0;0;0;0;0;0;0;0;0;0;0;4238;0;0;125;0;42;0;
31260;5828140;1198731264;34295808;1397067776;0;0;0;0;0;0;0;0;0;0;0;4498;0;0;125;0;42;0;
31261;4895290;1198731264;34295808;1397067776;0;0;0;0;0;0;0;0;0;0;0;4228;0;0;125;0;42;0;
31262;5901808;1198731264;34295808;1397067776;0;0;0;0;0;0;0;0;0;0;0;5020;0;0;125;0;42;0;
31263;5296262;1198731264;34295808;1397067776;0;0;0;0;0;0;0;0;0;0;0;4478;0;0;125;0;42;0;
31264;5639867;1198731264;34295808;1397067776;0;0;0;0;0;0;0;0;0;0;0;4207;0;0;125;0;42;0;
31265;5789507;1198731264;34295808;1397067776;0;0;0;0;0;0;0;0;0;0;0;4799;0;0;125;0;42;0;
31266;5975717;1198731264;34295808;1397067776;0;0;0;0;0;0;0;0;0;0;0;4779;0;0;125;0;42;0;
31267;5709317;1198731264;34295808;1397067776;0;0;0;0;0;0;0;0;0;0;0;4869;0;0;125;0;42;0;
31268;5715779;1198731264;34295808;1397067776;0;0;0;0;0;0;0;0;0;0;0;4378;0;0;125;0;42;0;
31269;4668666;1198731264;34295808;1397067776;0;0;0;0;0;0;0;0;0;0;0;5069;0;0;125;0;42;0;
31270;5781081;1198731264;34295808;1397067776;0;0;0;0;0;0;0;0;0;0;0;3868;0;0;125;0;42;0;
31271;5316941;1198731264;34295808;1397067776;0;0;0;0;0;0;0;0;0;0;0;4429;0;0;125;0;42;0;
31272;6111472;1198731264;34295808;1397067776;0;0;0;0;0;0;0;0;0;0;0;4629;0;0;125;0;42;0;
31273;4559270;1198731264;34295808;1397067776;0;0;0;0;0;0;0;0;0;0;0;4689;0;0;125;0;42;0;
31274;5907128;1198731264;34295808;1397067776;0;0;0;0;0;0;0;0;0;0;0;4038;0;0;125;0;42;0;
31275;5158575;1198731264;34295808;1397067776;0;0;0;0;0;0;0;0;0;0;0;4458;0;0;125;0;42;0;
31276;5695411;1198731264;34295808;1397067776;0;0;0;0;0;0;0;0;0;0;0;4028;0;0;125;0;42;0;
31277;4847461;1198731264;34295808;1397067776;0;0;0;0;0;0;0;0;0;0;0;5190;0;0;125;0;42;0;
31278;5991226;1198731264;34295808;1397067776;0;0;0;0;0;0;0;0;0;0;0;4789;0;0;125;0;42;0;
31279;4922371;1198731264;34295808;1397067776;0;0;0;0;0;0;0;0;0;0;0;4237;0;0;125;0;42;0;
31280;5941894;1198731264;34295808;1397067776;0;0;0;0;0;0;0;0;0;0;0;4028;0;0;125;0;42;0;
31281;3415516;1198731264;34295808;1397067776;0;0;0;0;0;0;0;0;0;0;0;2796;0;0;125;0;42;0;
31282;4871676;1198731264;34295808;1397067776;0;0;0;0;0;0;0;0;0;0;0;2825;0;0;125;0;42;0;
31283;3206393;1198731264;34295808;1397067776;0;0;0;0;0;0;0;0;0;0;0;2615;0;0;125;0;42;0;
31284;5011548;1198731264;34295808;1397067776;0;0;0;0;0;0;0;0;0;0;0;3085;0;0;125;0;42;0;
31285;3550980;1198731264;34295808;1397067776;0;0;0;0;0;0;0;0;0;0;0;3286;0;0;125;0;42;0;
31286;4785414;1198731264;34295808;1397067776;0;0;0;0;0;0;0;0;0;0;0;2695;0;0;125;0;42;0;
31287;3157982;1198731264;34295808;1397067776;0;0;0;0;0;0;0;0;0;0;0;2905;0;0;125;0;42;0;
31288;4836941;1198731264;34295808;1397067776;0;0;0;0;0;0;0;0;0;0;0;2615;0;0;125;0;42;0;
31289;3269482;1198731264;34295808;1397067776;0;0;0;0;0;0;0;0;0;0;0;3126;0;0;125;0;42;0;
31290;4895822;1198731264;34295808;1397067776;0;0;0;0;0;0;0;0;0;0;0;2805;0;0;125;0;42;0;
31291;2318708;1198731264;34295808;1397067776;0;0;0;0;0;0;0;0;0;0;0;2685;0;0;125;0;42;0;
31292;5386101;1198731264;34295808;1397067776;0;0;0;0;0;0;0;0;0;0;0;2725;0;0;125;0;42;0;
31293;3095124;1198731264;34295808;1397067776;0;0;0;0;0;0;0;0;0;0;0;3216;0;0;125;0;42;0;
31294;4932470;1198731264;34295808;1397067776;0;0;0;0;0;0;0;0;0;0;0;2896;0;0;125;0;42;0;
31295;2945474;1198731264;34295808;1397067776;0;0;0;0;0;0;0;0;0;0;0;3737;0;0;125;0;42;0;
31296;4951486;1198731264;34295808;1397067776;0;0;0;0;0;0;0;0;0;0;0;3277;0;0;125;0;42;0;
31297;3221241;1198731264;34295808;1397067776;0;0;0;0;0;0;0;0;0;0;0;3727;0;0;125;0;42;0;
31298;4800272;1198731264;34295808;1397067776;0;0;0;0;0;0;0;0;0;0;0;3076;0;0;125;0;42;0;
31299;3289760;1198731264;34295808;1397067776;0;0;0;0;0;0;0;0;0;0;0;3096;0;0;125;0;42;0;
31300;6296789;1198731264;34295808;1397067776;0;0;0;0;0;0;0;0;0;0;0;3427;0;0;125;0;42;0;
31301;43956796;539348992;34299904;491102208;0;0;0;0;0;0;0;0;0;0;0;5140;0;0;0;0;0;0;
31302;5222064;539348992;34299904;491102208;0;0;0;0;0;0;0;0;0;0;0;2915;0;0;0;0;0;0;
31303;2516480;539348992;34299904;491102208;0;0;0;0;0;0;0;0;0;0;0;2705;0;0;0;0;0;0;
31304;4309812;539348992;34299904;491102208;0;0;0;0;0;0;0;0;0;0;0;2374;0;0;0;0;0;0;
31305;2251352;539348992;34299904;491102208;0;0;0;0;0;0;0;0;0;0;0;2033;0;0;0;0;0;0;
31306;4256673;539348992;34299904;491102208;0;0;0;0;0;0;0;0;0;0;0;1914;0;0;0;0;0;0;
31307;2258276;539348992;34299904;491102208;0;0;0;0;0;0;0;0;0;0;0;2284;0;0;0;0;0;0;
31308;4269306;539348992;34299904;491102208;0;0;0;0;0;0;0;0;0;0;0;2204;0;0;0;0;0;0;
31309;2207380;539348992;34299904;491102208;0;0;0;0;0;0;0;0;0;0;0;2265;0;0;0;0;0;0;
31310;4214774;539348992;34299904;491102208;0;0;0;0;0;0;0;0;0;0;0;1864;0;0;0;0;0;0;
31311;2233879;539348992;34299904;491102208;0;0;0;0;0;0;0;0;0;0;0;2825;0;0;0;0;0;0;
31312;4233760;539348992;34299904;491102208;0;0;0;0;0;0;0;0;0;0;0;2635;0;0;0;0;0;0;
31313;2231705;539348992;34299904;491102208;0;0;0;0;0;0;0;0;0;0;0;2605;0;0;0;0;0;0;
31314;4368422;539348992;34299904;491102208;0;0;0;0;0;0;0;0;0;0;0;2194;0;0;0;0;0;0;
31315;2224241;539348992;34299904;491102208;0;0;0;0;0;0;0;0;0;0;0;2324;0;0;0;0;0;0;
31316;4244480;539348992;34299904;491102208;0;0;0;0;0;0;0;0;0;0;0;2014;0;0;0;0;0;0;
31317;2209454;539348992;34299904;491102208;0;0;0;0;0;0;0;0;0;0;0;2375;0;0;0;0;0;0;
31318;4235243;539348992;34299904;491102208;0;0;0;0;0;0;0;0;0;0;0;2505;0;0;0;0;0;0;
31319;2218310;539348992;34299904;491102208;0;0;0;0;0;0;0;0;0;0;0;2725;0;0;0;0;0;0;
31320;4285847;539348992;34299904;491102208;0;0;0;0;0;0;0;0;0;0;0;2195;0;0;0;0;0;0;
31321;2225533;539348992;34299904;491102208;0;0;0;0;0;0;0;0;0;0;0;2385;0;0;0;0;0;0;
31322;4253166;539348992;34299904;491102208;0;0;0;0;0;0;0;0;0;0;0;2334;0;0;0;0;0;0;
31323;2199154;539348992;34299904;491102208;0;0;0;0;0;0;0;0;0;0;0;2444;0;0;0;0;0;0;
31324;4261933;539348992;34299904;491102208;0;0;0;0;0;0;0;0;0;0;0;2064;0;0;0;0;0;0;
31325;2196480;539348992;34299904;491102208;0;0;0;0;0;0;0;0;0;0;0;2535;0;0;0;0;0;0;
31326;4238910;539348992;34299904;491102208;0;0;0;0;0;0;0;0;0;0;0;2385;0;0;0;0;0;0;
31327;2191780;539348992;34299904;491102208;0;0;0;0;0;0;0;0;0;0;0;2324;0;0;0;0;0;0;
31328;4205948;539348992;34299904;491102208;0;0;0;0;0;0;0;0;0;0;0;1854;0;0;0;0;0;0;
31329;2230844;539348992;34299904;491102208;0;0;0;0;0;0;0;0;0;0;0;2275;0;0;0;0;0;0;
31330;4233108;539348992;34299904;491102208;0;0;0;0;0;0;0;0;0;0;0;1873;0;0;0;0;0;0;
31331;2203913;539348992;34299904;491102208;0;0;0;0;0;0;0;0;0;0;0;2485;0;0;0;0;0;0;
31332;4257855;539348992;34299904;491102208;0;0;0;0;0;0;0;0;0;0;0;2955;0;0;0;0;0;0;
31333;2339046;539348992;34299904;491102208;0;0;0;0;0;0;0;0;0;0;0;2084;0;0;0;0;0;0;
31334;4195168;539348992;34299904;491102208;0;0;0;0;0;0;0;0;0;0;0;1944;0;0;0;0;0;0;
31335;2375445;539348992;34299904;491102208;0;0;0;0;0;0;0;0;0;0;0;2214;0;0;0;0;0;0;
31336;4186802;539348992;34299904;491102208;0;0;0;0;0;0;0;0;0;0;0;1813;0;0;0;0;0;0;
31337;2292018;539348992;34299904;491102208;0;0;0;0;0;0;0;0;0;0;0;2264;0;0;0;0;0;0;
31338;4268595;539348992;34299904;491102208;0;0;0;0;0;0;0;0;0;0;0;2184;0;0;0;0;0;0;
31339;2193293;539348992;34299904;491102208;0;0;0;0;0;0;0;0;0;0;0;2364;0;0;0;0;0;0;
31340;4278003;539348992;34299904;491102208;0;0;0;0;0;0;0;0;0;0;0;2024;0;0;0;0;0;0;
31341;2165291;539348992;34299904;491102208;0;0;0;0;0;0;0;0;0;0;0;2004;0;0;0;0;0;0;
31342;4222939;539348992;34299904;491102208;0;0;0;0;0;0;0;0;0;0;0;2104;0;0;0;0;0;0;
31343;2164079;539348992;34299904;491102208;0;0;0;0;0;0;0;0;0;0;0;2114;0;0;0;0;0;0;
31344;4251784;539348992;34299904;491102208;0;0;0;0;0;0;0;0;0;0;0;1804;0;0;0;0;0;0;
31345;2257844;539348992;34299904;491102208;0;0;0;0;0;0;0;0;0;0;0;2284;0;0;0;0;0;0;
31346;4219494;539348992;34299904;491102208;0;0;0;0;0;0;0;0;0;0;0;2094;0;0;0;0;0;0;
31347;2204765;539348992;34299904;491102208;0;0;0;0;0;0;0;0;0;0;0;2435;0;0;0;0;0;0;
31348;4198323;539348992;34299904;491102208;0;0;0;0;0;0;0;0;0;0;0;2014;0;0;0;0;0;0;
31349;2338476;539348992;34299904;491102208;0;0;0;0;0;0;0;0;0;0;0;2465;0;0;0;0;0;0;
31350;4239120;539348992;34299904;491102208;0;0;0;0;0;0;0;0;0;0;0;2014;0;0;0;0;0;0;
31351;2249809;539348992;34299904;491102208;0;0;0;0;0;0;0;0;0;0;0;2515;0;0;0;0;0;0;
31352;4329900;539348992;34299904;491102208;0;0;0;0;0;0;0;0;0;0;0;1974;0;0;0;0;0;0;
31353;2227858;539348992;34299904;491102208;0;0;0;0;0;0;0;0;0;0;0;2224;0;0;0;0;0;0;
31354;4260149;539348992;34299904;491102208;0;0;0;0;0;0;0;0;0;0;0;2275;0;0;0;0;0;0;
31355;2183846;539348992;34299904;491102208;0;0;0;0;0;0;0;0;0;0;0;2374;0;0;0;0;0;0;
31356;4261963;539348992;34299904;491102208;0;0;0;0;0;0;0;0;0;0;0;1723;0;0;0;0;0;0;
31357;2541105;539348992;34299904;491102208;0;0;0;0;0;0;0;0;0;0;0;2454;0;0;0;0;0;0;
31358;4201971;539348992;34299904;491102208;0;0;0;0;0;0;0;0;0;0;0;2184;0;0;0;0;0;0;
31359;2341211;539348992;34299904;491102208;0;0;0;0;0;0;0;0;0;0;0;2355;0;0;0;0;0;0;
31360;4244059;539348992;34299904;491102208;0;0;0;0;0;0;0;0;0;0;0;2294;0;0;0;0;0;0;
31361;2360607;539348992;34299904;491102208;0;0;0;0;0;0;0;0;0;0;0;2635;0;0;0;0;0;0;
31362;4251634;539348992;34299904;491102208;0;0;0;0;0;0;0;0;0;0;0;2215;0;0;0;0;0;0;
31363;2491372;539348992;34299904;491102208;0;0;0;0;0;0;0;0;0;0;0;2224;0;0;0;0;0;0;
31364;4282261;539348992;34299904;491102208;0;0;0;0;0;0;0;0;0;0;0;2205;0;0;0;0;0;0;
31365;2310673;539348992;34299904;491102208;0;0;0;0;0;0;0;0;0;0;0;2634;0;0;0;0;0;0;
31366;4292280;539348992;34299904;491102208;0;0;0;0;0;0;0;0;0;0;0;2074;0;0;0;0;0;0;
31367;2208882;539348992;34299904;491102208;0;0;0;0;0;0;0;0;0;0;0;2474;0;0;0;0;0;0;
31368;4313450;539348992;34299904;491102208;0;0;0;0;0;0;0;0;0;0;0;2023;0;0;0;0;0;0;
31369;2278012;539348992;34299904;491102208;0;0;0;0;0;0;0;0;0;0;0;2284;0;0;0;0;0;0;
31370;4298010;539348992;34299904;491102208;0;0;0;0;0;0;0;0;0;0;0;2435;0;0;0;0;0;0;
31371;2245451;539348992;34299904;491102208;0;0;0;0;0;0;0;0;0;0;0;2244;0;0;0;0;0;0;
31372;4233329;539348992;34299904;491102208;0;0;0;0;0;0;0;0;0;0;0;2154;0;0;0;0;0;0;
31373;2264747;539348992;34299904;491102208;0;0;0;0;0;0;0;0;0;0;0;2464;0;0;0;0;0;0;
31374;4239871;539348992;34299904;491102208;0;0;0;0;0;0;0;0;0;0;0;2235;0;0;0;0;0;0;
31375;2253205;539348992;34299904;491102208;0;0;0;0;0;0;0;0;0;0;0;2164;0;0;0;0;0;0;
31376;4345730;539348992;34299904;491102208;0;0;0;0;0;0;0;0;0;0;0;2134;0;0;0;0;0;0;
31377;2325231;539348992;34299904;491102208;0;0;0;0;0;0;0;0;0;0;0;2224;0;0;0;0;0;0;
31378;4259468;539348992;34299904;491102208;0;0;0;0;0;0;0;0;0;0;0;2274;0;0;0;0;0;0;
31379;2253316;539348992;34299904;491102208;0;0;0;0;0;0;0;0;0;0;0;2444;0;0;0;0;0;0;
31380;4255931;539348992;34299904;491102208;0;0;0;0;0;0;0;0;0;0;0;2384;0;0;0;0;0;0;
31381;2318658;539348992;34299904;491102208;0;0;0;0;0;0;0;0;0;0;0;2635;0;0;0;0;0;0;
31382;4297660;539348992;34299904;491102208;0;0;0;0;0;0;0;0;0;0;0;2465;0;0;0;0;0;0;
31383;2285736;539348992;34299904;491102208;0;0;0;0;0;0;0;0;0;0;0;2094;0;0;0;0;0;0;
31384;4349767;539348992;34299904;491102208;0;0;0;0;0;0;0;0;0;0;0;2064;0;0;0;0;0;0;
31385;2143831;539348992;34299904;491102208;0;0;0;0;0;0;0;0;0;0;0;2284;0;0;0;0;0;0;
31386;4241193;539348992;34299904;491102208;0;0;0;0;0;0;0;0;0;0;0;2034;0;0;0;0;0;0;
31387;2247344;539348992;34299904;491102208;0;0;0;0;0;0;0;0;0;0;0;2274;0;0;0;0;0;0;
31388;4245091;539348992;34299904;491102208;0;0;0;0;0;0;0;0;0;0;0;2164;0;0;0;0;0;0;
31389;2299202;539348992;34299904;491102208;0;0;0;0;0;0;0;0;0;0;0;2254;0;0;0;0;0;0;
31390;4234241;539348992;34299904;491102208;0;0;0;0;0;0;0;0;0;0;0;2224;0;0;0;0;0;0;
31391;2252073;539348992;34299904;491102208;0;0;0;0;0;0;0;0;0;0;0;2235;0;0;0;0;0;0;
31392;4232007;539348992;34299904;491102208;0;0;0;0;0;0;0;0;0;0;0;2294;0;0;0;0;0;0;
31393;2201259;539348992;34299904;491102208;0;0;0;0;0;0;0;0;0;0;0;2695;0;0;0;0;0;0;
31394;4245011;539348992;34299904;491102208;0;0;0;0;0;0;0;0;0;0;0;2194;0;0;0;0;0;0;
31395;2192702;539348992;34299904;491102208;0;0;0;0;0;0;0;0;0;0;0;2184;0;0;0;0;0;0;
31396;4258797;539348992;34299904;491102208;0;0;0;0;0;0;0;0;0;0;0;2194;0;0;0;0;0;0;
31397;2306005;539348992;34299904;491102208;0;0;0;0;0;0;0;0;0;0;0;2574;0;0;0;0;0;0;
31398;4189757;539348992;34299904;491102208;0;0;0;0;0;0;0;0;0;0;0;2175;0;0;0;0;0;0;
31399;2210777;539348992;34299904;491102208;0;0;0;0;0;0;0;0;0;0;0;2394;0;0;0;0;0;0;
31400;4267053;539348992;34299904;491102208;0;0;0;0;0;0;0;0;0;0;0;2074;0;0;0;0;0;0;
31401;2225614;539348992;34299904;491102208;0;0;0;0;0;0;0;0;0;0;0;2304;0;0;0;0;0;0;
31402;4211268;539348992;34299904;491102208;0;0;0;0;0;0;0;0;0;0;0;2024;0;0;0;0;0;0;
31403;2219783;539348992;34299904;491102208;0;0;0;0;0;0;0;0;0;0;0;2304;0;0;0;0;0;0;
31404;4230274;539348992;34299904;491102208;0;0;0;0;0;0;0;0;0;0;0;2234;0;0;0;0;0;0;
31405;2394550;539348992;34299904;491102208;0;0;0;0;0;0;0;0;0;0;0;2585;0;0;0;0;0;0;
31406;4249089;539348992;34299904;491102208;0;0;0;0;0;0;0;0;0;0;0;2134;0;0;0;0;0;0;
31407;2289855;539348992;34299904;491102208;0;0;0;0;0;0;0;0;0;0;0;2224;0;0;0;0;0;0;
31408;4330812;539348992;34299904;491102208;0;0;0;0;0;0;0;0;0;0;0;2124;0;0;0;0;0;0;
31409;2205055;539348992;34299904;491102208;0;0;0;0;0;0;0;0;0;0;0;2555;0;0;0;0;0;0;
31410;4293071;539348992;34299904;491102208;0;0;0;0;0;0;0;0;0;0;0;2094;0;0;0;0;0;0;
31411;2155492;539348992;34299904;491102208;0;0;0;0;0;0;0;0;0;0;0;2544;0;0;0;0;0;0;
31412;4233149;539348992;34299904;491102208;0;0;0;0;0;0;0;0;0;0;0;2124;0;0;0;0;0;0;
31413;2216286;539348992;34299904;491102208;0;0;0;0;0;0;0;0;0;0;0;2665;0;0;0;0;0;0;
31414;4262925;539348992;34299904;491102208;0;0;0;0;0;0;0;0;0;0;0;2224;0;0;0;0;0;0;
31415;2206368;539348992;34299904;491102208;0;0;0;0;0;0;0;0;0;0;0;2274;0;0;0;0;0;0;
31416;4229281;539348992;34299904;491102208;0;0;0;0;0;0;0;0;0;0;0;2204;0;0;0;0;0;0;
31417;2205756;539348992;34299904;491102208;0;0;0;0;0;0;0;0;0;0;0;2445;0;0;0;0;0;0;
31418;4202441;539348992;34299904;491102208;0;0;0;0;0;0;0;0;0;0;0;2024;0;0;0;0;0;0;
31419;2166383;539348992;34299904;491102208;0;0;0;0;0;0;0;0;0;0;0;2234;0;0;0;0;0;0;
31420;4283954;539348992;34299904;491102208;0;0;0;0;0;0;0;0;0;0;0;2114;0;0;0;0;0;0;
31421;2152737;539348992;34299904;491102208;0;0;0;0;0;0;0;0;0;0;0;2475;0;0;0;0;0;0;
31422;4304823;539348992;34299904;491102208;0;0;0;0;0;0;0;0;0;0;0;2364;0;0;0;0;0;0;
31423;2224481;539348992;34299904;491102208;0;0;0;0;0;0;0;0;0;0;0;2134;0;0;0;0;0;0;
31424;4202101;539348992;34299904;491102208;0;0;0;0;0;0;0;0;0;0;0;2224;0;0;0;0;0;0;
31425;2351119;539348992;34299904;491102208;0;0;0;0;0;0;0;0;0;0;0;2565;0;0;0;0;0;0;
31426;4226747;539348992;34299904;491102208;0;0;0;0;0;0;0;0;0;0;0;2144;0;0;0;0;0;0;
31427;2202330;539348992;34299904;491102208;0;0;0;0;0;0;0;0;0;0;0;2485;0;0;0;0;0;0;
31428;4258296;539348992;34299904;491102208;0;0;0;0;0;0;0;0;0;0;0;2364;0;0;0;0;0;0;
31429;2214312;539348992;34299904;491102208;0;0;0;0;0;0;0;0;0;0;0;2745;0;0;0;0;0;0;
31430;4287731;539348992;34299904;491102208;0;0;0;0;0;0;0;0;0;0;0;2073;0;0;0;0;0;0;
31431;2500550;539348992;34299904;491102208;0;0;0;0;0;0;0;0;0;0;0;2555;0;0;0;0;0;0;
31432;4265480;539348992;34299904;491102208;0;0;0;0;0;0;0;0;0;0;0;2294;0;0;0;0;0;0;
31433;2269467;539348992;34299904;491102208;0;0;0;0;0;0;0;0;0;0;0;2645;0;0;0;0;0;0;
31434;4240523;539348992;34299904;491102208;0;0;0;0;0;0;0;0;0;0;0;2425;0;0;0;0;0;0;
31435;2209393;539348992;34299904;491102208;0;0;0;0;0;0;0;0;0;0;0;2204;0;0;0;0;0;0;
31436;4242316;539348992;34299904;491102208;0;0;0;0;0;0;0;0;0;0;0;2144;0;0;0;0;0;0;
31437;2371037;539348992;34299904;491102208;0;0;0;0;0;0;0;0;0;0;0;2354;0;0;0;0;0;0;
31438;4233980;539348992;34299904;491102208;0;0;0;0;0;0;0;0;0;0;0;2124;0;0;0;0;0;0;
31439;2227919;539348992;34299904;491102208;0;0;0;0;0;0;0;0;0;0;0;2364;0;0;0;0;0;0;
31440;4252325;539348992;34299904;491102208;0;0;0;0;0;0;0;0;0;0;0;1994;0;0;0;0;0;0;
31441;2240882;539348992;34299904;491102208;0;0;0;0;0;0;0;0;0;0;0;2294;0;0;0;0;0;0;
31442;4190429;539348992;34299904;491102208;0;0;0;0;0;0;0;0;0;0;0;2144;0;0;0;0;0;0;
31443;2312267;539348992;34299904;491102208;0;0;0;0;0;0;0;0;0;0;0;2245;0;0;0;0;0;0;
31444;4231425;539348992;34299904;491102208;0;0;0;0;0;0;0;0;0;0;0;1794;0;0;0;0;0;0;
31445;2271139;539348992;34299904;491102208;0;0;0;0;0;0;0;0;0;0;0;2344;0;0;0;0;0;0;
31446;4298080;539348992;34299904;491102208;0;0;0;0;0;0;0;0;0;0;0;1783;0;0;0;0;0;0;
31447;2178635;539348992;34299904;491102208;0;0;0;0;0;0;0;0;0;0;0;2244;0;0;0;0;0;0;
31448;4217549;539348992;34299904;491102208;0;0;0;0;0;0;0;0;0;0;0;2234;0;0;0;0;0;0;
31449;2169819;539348992;34299904;491102208;0;0;0;0;0;0;0;0;0;0;0;2124;0;0;0;0;0;0;
31450;4259659;539348992;34299904;491102208;0;0;0;0;0;0;0;0;0;0;0;1963;0;0;0;0;0;0;
31451;2198433;539348992;34299904;491102208;0;0;0;0;0;0;0;0;0;0;0;2074;0;0;0;0;0;0;
31452;4247706;539348992;34299904;491102208;0;0;0;0;0;0;0;0;0;0;0;2034;0;0;0;0;0;0;
31453;2334618;539348992;34299904;491102208;0;0;0;0;0;0;0;0;0;0;0;2284;0;0;0;0;0;0;
31454;4221447;539348992;34299904;491102208;0;0;0;0;0;0;0;0;0;0;0;2394;0;0;0;0;0;0;
31455;2280066;539348992;34299904;491102208;0;0;0;0;0;0;0;0;0;0;0;2906;0;0;0;0;0;0;
31456;4346932;539348992;34299904;491102208;0;0;0;0;0;0;0;0;0;0;0;2234;0;0;0;0;0;0;
31457;2201629;539348992;34299904;491102208;0;0;0;0;0;0;0;0;0;0;0;2294;0;0;0;0;0;0;
31458;4231215;539348992;34299904;491102208;0;0;0;0;0;0;0;0;0;0;0;2354;0;0;0;0;0;0;
31459;2172885;539348992;34299904;491102208;0;0;0;0;0;0;0;0;0;0;0;2786;0;0;0;0;0;0;
31460;4255090;539348992;34299904;491102208;0;0;0;0;0;0;0;0;0;0;0;1893;0;0;0;0;0;0;
31461;2258025;539348992;34299904;491102208;0;0;0;0;0;0;0;0;0;0;0;1823;0;0;0;0;0;0;
31462;4218972;539348992;34299904;491102208;0;0;0;0;0;0;0;0;0;0;0;2003;0;0;0;0;0;0;
31463;2210165;539348992;34299904;491102208;0;0;0;0;0;0;0;0;0;0;0;2304;0;0;0;0;0;0;
31464;4326744;539348992;34299904;491102208;0;0;0;0;0;0;0;0;0;0;0;1954;0;0;0;0;0;0;
31465;2284735;539348992;34299904;491102208;0;0;0;0;0;0;0;0;0;0;0;1843;0;0;0;0;0;0;
31466;4287140;539348992;34299904;491102208;0;0;0;0;0;0;0;0;0;0;0;1844;0;0;0;0;0;0;
31467;2178616;539348992;34299904;491102208;0;0;0;0;0;0;0;0;0;0;0;2014;0;0;0;0;0;0;
31468;4261152;539348992;34299904;491102208;0;0;0;0;0;0;0;0;0;0;0;1843;0;0;0;0;0;0;
31469;2214984;539348992;34299904;491102208;0;0;0;0;0;0;0;0;0;0;0;2014;0;0;0;0;0;0;
31470;4240232;539348992;34299904;491102208;0;0;0;0;0;0;0;0;0;0;0;1913;0;0;0;0;0;0;
31471;2369453;539348992;34299904;491102208;0;0;0;0;0;0;0;0;0;0;0;2404;0;0;0;0;0;0;
31472;4241525;539348992;34299904;491102208;0;0;0;0;0;0;0;0;0;0;0;2114;0;0;0;0;0;0;
31473;2254338;539348992;34299904;491102208;0;0;0;0;0;0;0;0;0;0;0;2514;0;0;0;0;0;0;
31474;4243217;539348992;34299904;491102208;0;0;0;0;0;0;0;0;0;0;0;2254;0;0;0;0;0;0;
31475;2262693;539348992;34299904;491102208;0;0;0;0;0;0;0;0;0;0;0;2194;0;0;0;0;0;0;
31476;4202772;539348992;34299904;491102208;0;0;0;0;0;0;0;0;0;0;0;2003;0;0;0;0;0;0;
31477;2311996;539348992;34299904;491102208;0;0;0;0;0;0;0;0;0;0;0;2395;0;0;0;0;0;0;
31478;4208292;539348992;34299904;491102208;0;0;0;0;0;0;0;0;0;0;0;2164;0;0;0;0;0;0;
31479;2151705;539348992;34299904;491102208;0;0;0;0;0;0;0;0;0;0;0;2004;0;0;0;0;0;0;
31480;4320653;539348992;34299904;491102208;0;0;0;0;0;0;0;0;0;0;0;1973;0;0;0;0;0;0;
31481;2256512;539348992;34299904;491102208;0;0;0;0;0;0;0;0;0;0;0;1914;0;0;0;0;0;0;
31482;4229281;539348992;34299904;491102208;0;0;0;0;0;0;0;0;0;0;0;2354;0;0;0;0;0;0;
31483;2217980;539348992;34299904;491102208;0;0;0;0;0;0;0;0;0;0;0;2365;0;0;0;0;0;0;
31484;4263967;539348992;34299904;491102208;0;0;0;0;0;0;0;0;0;0;0;1834;0;0;0;0;0;0;
31485;2295766;539348992;34299904;491102208;0;0;0;0;0;0;0;0;0;0;0;1943;0;0;0;0;0;0;
31486;4252114;539348992;34299904;491102208;0;0;0;0;0;0;0;0;0;0;0;2033;0;0;0;0;0;0;
31487;2251062;539348992;34299904;491102208;0;0;0;0;0;0;0;0;0;0;0;2394;0;0;0;0;0;0;
31488;10315005;539348992;34299904;491102208;0;0;0;0;0;0;0;0;0;0;0;1953;0;0;0;0;0;0;
31489;2995157;539348992;34299904;491102208;0;0;0;0;0;0;0;0;0;0;0;2435;0;0;0;0;0;0;
31490;4685276;539348992;34299904;491102208;0;0;0;0;0;0;0;0;0;0;0;2255;0;0;0;0;0;0;
31491;2226475;539348992;34299904;491102208;0;0;0;0;0;0;0;0;0;0;0;2365;0;0;0;0;0;0;
31492;4244019;539348992;34299904;491102208;0;0;0;0;0;0;0;0;0;0;0;2414;0;0;0;0;0;0;
31493;2220264;539348992;34299904;491102208;0;0;0;0;0;0;0;0;0;0;0;2245;0;0;0;0;0;0;
31494;4271611;539348992;34299904;491102208;0;0;0;0;0;0;0;0;0;0;0;2164;0;0;0;0;0;0;
31495;2246984;539348992;34299904;491102208;0;0;0;0;0;0;0;0;0;0;0;2485;0;0;0;0;0;0;
31496;4254239;539348992;34299904;491102208;0;0;0;0;0;0;0;0;0;0;0;2054;0;0;0;0;0;0;
31497;2302669;539348992;34299904;491102208;0;0;0;0;0;0;0;0;0;0;0;2344;0;0;0;0;0;0;
31498;4269427;539348992;34299904;491102208;0;0;0;0;0;0;0;0;0;0;0;2224;0;0;0;0;0;0;
31499;2189657;539348992;34299904;491102208;0;0;0;0;0;0;0;0;0;0;0;2344;0;0;0;0;0;0;
31500;4250421;539348992;34299904;491102208;0;0;0;0;0;0;0;0;0;0;0;2184;0;0;0;0;0;0;
31501;2110318;539348992;34299904;491102208;0;0;0;0;0;0;0;0;0;0;0;2414;0;0;0;0;0;0;
31502;4260691;539348992;34299904;491102208;0;0;0;0;0;0;0;0;0;0;0;2074;0;0;0;0;0;0;
31503;2194866;539348992;34299904;491102208;0;0;0;0;0;0;0;0;0;0;0;1974;0;0;0;0;0;0;
31504;4260290;539348992;34299904;491102208;0;0;0;0;0;0;0;0;0;0;0;2074;0;0;0;0;0;0;
31505;2422212;539348992;34299904;491102208;0;0;0;0;0;0;0;0;0;0;0;2675;0;0;0;0;0;0;
31506;4225975;539348992;34299904;491102208;0;0;0;0;0;0;0;0;0;0;0;2244;0;0;0;0;0;0;
31507;2157196;539348992;34299904;491102208;0;0;0;0;0;0;0;0;0;0;0;2404;0;0;0;0;0;0;
31508;4267012;539348992;34299904;491102208;0;0;0;0;0;0;0;0;0;0;0;2364;0;0;0;0;0;0;
31509;2246974;539348992;34299904;491102208;0;0;0;0;0;0;0;0;0;0;0;2495;0;0;0;0;0;0;
31510;4261371;539348992;34299904;491102208;0;0;0;0;0;0;0;0;0;0;0;2254;0;0;0;0;0;0;
31511;2475733;539348992;34299904;491102208;0;0;0;0;0;0;0;0;0;0;0;2415;0;0;0;0;0;0;
31512;4241815;539348992;34299904;491102208;0;0;0;0;0;0;0;0;0;0;0;2224;0;0;0;0;0;0;
31513;2171162;539348992;34299904;491102208;0;0;0;0;0;0;0;0;0;0;0;2615;0;0;0;0;0;0;
31514;4334198;539348992;34299904;491102208;0;0;0;0;0;0;0;0;0;0;0;2214;0;0;0;0;0;0;
31515;2224431;539348992;34299904;491102208;0;0;0;0;0;0;0;0;0;0;0;2415;0;0;0;0;0;0;
31516;4268425;539348992;34299904;491102208;0;0;0;0;0;0;0;0;0;0;0;2264;0;0;0;0;0;0;
31517;2228580;539348992;34299904;491102208;0;0;0;0;0;0;0;0;0;0;0;2525;0;0;0;0;0;0;
31518;4287620;539348992;34299904;491102208;0;0;0;0;0;0;0;0;0;0;0;2074;0;0;0;0;0;0;
31519;2227547;539348992;34299904;491102208;0;0;0;0;0;0;0;0;0;0;0;2174;0;0;0;0;0;0;
31520;4297499;539348992;34299904;491102208;0;0;0;0;0;0;0;0;0;0;0;2034;0;0;0;0;0;0;
31521;2262132;539348992;34299904;491102208;0;0;0;0;0;0;0;0;0;0;0;2414;0;0;0;0;0;0;
31522;4229001;539348992;34299904;491102208;0;0;0;0;0;0;0;0;0;0;0;2084;0;0;0;0;0;0;
31523;2351059;539348992;34299904;491102208;0;0;0;0;0;0;0;0;0;0;0;2384;0;0;0;0;0;0;
31524;4380195;539348992;34299904;491102208;0;0;0;0;0;0;0;0;0;0;0;2224;0;0;0;0;0;0;
31525;2352452;539348992;34299904;491102208;0;0;0;0;0;0;0;0;0;0;0;2915;0;0;0;0;0;0;
31526;4274817;539348992;34299904;491102208;0;0;0;0;0;0;0;0;0;0;0;2004;0;0;0;0;0;0;
31527;2314972;539348992;34299904;491102208;0;0;0;0;0;0;0;0;0;0;0;2164;0;0;0;0;0;0;
31528;4266101;539348992;34299904;491102208;0;0;0;0;0;0;0;0;0;0;0;2324;0;0;0;0;0;0;
31529;2202701;539348992;34299904;491102208;0;0;0;0;0;0;0;0;0;0;0;2605;0;0;0;0;0;0;
31530;4352333;539348992;34299904;491102208;0;0;0;0;0;0;0;0;0;0;0;2184;0;0;0;0;0;0;
31531;2257774;539348992;34299904;491102208;0;0;0;0;0;0;0;0;0;0;0;2425;0;0;0;0;0;0;
31532;4244761;539348992;34299904;491102208;0;0;0;0;0;0;0;0;0;0;0;2204;0;0;0;0;0;0;
31533;2188505;539348992;34299904;491102208;0;0;0;0;0;0;0;0;0;0;0;2305;0;0;0;0;0;0;
31534;4306977;539348992;34299904;491102208;0;0;0;0;0;0;0;0;0;0;0;2003;0;0;0;0;0;0;
31535;2186290;539348992;34299904;491102208;0;0;0;0;0;0;0;0;0;0;0;2365;0;0;0;0;0;0;
31536;4245843;539348992;34299904;491102208;0;0;0;0;0;0;0;0;0;0;0;2094;0;0;0;0;0;0;
31537;2244039;539348992;34299904;491102208;0;0;0;0;0;0;0;0;0;0;0;2344;0;0;0;0;0;0;
31538;4196741;539348992;34299904;491102208;0;0;0;0;0;0;0;0;0;0;0;2104;0;0;0;0;0;0;
31539;2273583;539348992;34299904;491102208;0;0;0;0;0;0;0;0;0;0;0;2464;0;0;0;0;0;0;
31540;4368162;539348992;34299904;491102208;0;0;0;0;0;0;0;0;0;0;0;2084;0;0;0;0;0;0;
31541;2321233;539348992;34299904;491102208;0;0;0;0;0;0;0;0;0;0;0;2765;0;0;0;0;0;0;
31542;4258306;539348992;34299904;491102208;0;0;0;0;0;0;0;0;0;0;0;2405;0;0;0;0;0;0;
31543;2264888;539348992;34299904;491102208;0;0;0;0;0;0;0;0;0;0;0;2305;0;0;0;0;0;0;
31544;4266191;539348992;34299904;491102208;0;0;0;0;0;0;0;0;0;0;0;2084;0;0;0;0;0;0;
31545;2205356;539348992;34299904;491102208;0;0;0;0;0;0;0;0;0;0;0;2314;0;0;0;0;0;0;
31546;4245402;539348992;34299904;491102208;0;0;0;0;0;0;0;0;0;0;0;2094;0;0;0;0;0;0;
31547;2161223;539348992;34299904;491102208;0;0;0;0;0;0;0;0;0;0;0;2174;0;0;0;0;0;0;
31548;4227999;539348992;34299904;491102208;0;0;0;0;0;0;0;0;0;0;0;2195;0;0;0;0;0;0;
31549;2188795;539348992;34299904;491102208;0;0;0;0;0;0;0;0;0;0;0;2635;0;0;0;0;0;0;
31550;4241755;539348992;34299904;491102208;0;0;0;0;0;0;0;0;0;0;0;2294;0;0;0;0;0;0;
31551;2168877;539348992;34299904;491102208;0;0;0;0;0;0;0;0;0;0;0;2144;0;0;0;0;0;0;
31552;4291919;539348992;34299904;491102208;0;0;0;0;0;0;0;0;0;0;0;1874;0;0;0;0;0;0;
31553;2214333;539348992;34299904;491102208;0;0;0;0;0;0;0;0;0;0;0;1883;0;0;0;0;0;0;
31554;4229883;539348992;34299904;491102208;0;0;0;0;0;0;0;0;0;0;0;1814;0;0;0;0;0;0;
31555;2141366;539348992;34299904;491102208;0;0;0;0;0;0;0;0;0;0;0;2155;0;0;0;0;0;0;
31556;4272121;539348992;34299904;491102208;0;0;0;0;0;0;0;0;0;0;0;2264;0;0;0;0;0;0;
31557;2267122;539348992;34299904;491102208;0;0;0;0;0;0;0;0;0;0;0;2464;0;0;0;0;0;0;
31558;4243278;539348992;34299904;491102208;0;0;0;0;0;0;0;0;0;0;0;2104;0;0;0;0;0;0;
31559;2223701;539348992;34299904;491102208;0;0;0;0;0;0;0;0;0;0;0;2385;0;0;0;0;0;0;
31560;4236545;539348992;34299904;491102208;0;0;0;0;0;0;0;0;0;0;0;2205;0;0;0;0;0;0;
31561;2310974;539348992;34299904;491102208;0;0;0;0;0;0;0;0;0;0;0;2144;0;0;0;0;0;0;
31562;4208402;539348992;34299904;491102208;0;0;0;0;0;0;0;0;0;0;0;1733;0;0;0;0;0;0;
31563;2221356;539348992;34299904;491102208;0;0;0;0;0;0;0;0;0;0;0;2004;0;0;0;0;0;0;
31564;4243608;539348992;34299904;491102208;0;0;0;0;0;0;0;0;0;0;0;2074;0;0;0;0;0;0;
31565;2189216;539348992;34299904;491102208;0;0;0;0;0;0;0;0;0;0;0;2365;0;0;0;0;0;0;
31566;4287902;539348992;34299904;491102208;0;0;0;0;0;0;0;0;0;0;0;2184;0;0;0;0;0;0;
31567;2174668;539348992;34299904;491102208;0;0;0;0;0;0;0;0;0;0;0;2034;0;0;0;0;0;0;
31568;4278113;539348992;34299904;491102208;0;0;0;0;0;0;0;0;0;0;0;1954;0;0;0;0;0;0;
31569;2328747;539348992;34299904;491102208;0;0;0;0;0;0;0;0;0;0;0;2114;0;0;0;0;0;0;
31570;4277872;539348992;34299904;491102208;0;0;0;0;0;0;0;0;0;0;0;1813;0;0;0;0;0;0;
31571;2349326;539348992;34299904;491102208;0;0;0;0;0;0;0;0;0;0;0;2254;0;0;0;0;0;0;
31572;4209795;539348992;34299904;491102208;0;0;0;0;0;0;0;0;0;0;0;1864;0;0;0;0;0;0;
31573;2249989;539348992;34299904;491102208;0;0;0;0;0;0;0;0;0;0;0;2505;0;0;0;0;0;0;
31574;4220214;539348992;34299904;491102208;0;0;0;0;0;0;0;0;0;0;0;1853;0;0;0;0;0;0;
31575;2195908;539348992;34299904;491102208;0;0;0;0;0;0;0;0;0;0;0;1973;0;0;0;0;0;0;
31576;4282381;539348992;34299904;491102208;0;0;0;0;0;0;0;0;0;0;0;2154;0;0;0;0;0;0;
31577;2265008;539348992;34299904;491102208;0;0;0;0;0;0;0;0;0;0;0;2144;0;0;0;0;0;0;
31578;4228590;539348992;34299904;491102208;0;0;0;0;0;0;0;0;0;0;0;1803;0;0;0;0;0;0;
31579;2446939;539348992;34299904;491102208;0;0;0;0;0;0;0;0;0;0;0;2424;0;0;0;0;0;0;
31580;4227508;539348992;34299904;491102208;0;0;0;0;0;0;0;0;0;0;0;2074;0;0;0;0;0;0;
31581;2316033;539348992;34299904;491102208;0;0;0;0;0;0;0;0;0;0;0;2254;0;0;0;0;0;0;
31582;4274617;539348992;34299904;491102208;0;0;0;0;0;0;0;0;0;0;0;2425;0;0;0;0;0;0;
31583;2232256;539348992;34299904;491102208;0;0;0;0;0;0;0;0;0;0;0;2174;0;0;0;0;0;0;
31584;4230614;539348992;34299904;491102208;0;0;0;0;0;0;0;0;0;0;0;2004;0;0;0;0;0;0;
31585;2409358;539348992;34299904;491102208;0;0;0;0;0;0;0;0;0;0;0;2224;0;0;0;0;0;0;
31586;4226927;539348992;34299904;491102208;0;0;0;0;0;0;0;0;0;0;0;2174;0;0;0;0;0;0;
31587;2270758;539348992;34299904;491102208;0;0;0;0;0;0;0;0;0;0;0;1883;0;0;0;0;0;0;
31588;4212971;539348992;34299904;491102208;0;0;0;0;0;0;0;0;0;0;0;1873;0;0;0;0;0;0;
31589;2267953;539348992;34299904;491102208;0;0;0;0;0;0;0;0;0;0;0;2305;0;0;0;0;0;0;
31590;4253046;539348992;34299904;491102208;0;0;0;0;0;0;0;0;0;0;0;2224;0;0;0;0;0;0;
31591;2257885;539348992;34299904;491102208;0;0;0;0;0;0;0;0;0;0;0;2414;0;0;0;0;0;0;
31592;4280477;539348992;34299904;491102208;0;0;0;0;0;0;0;0;0;0;0;1853;0;0;0;0;0;0;
31593;2250922;539348992;34299904;491102208;0;0;0;0;0;0;0;0;0;0;0;2314;0;0;0;0;0;0;
31594;4261682;539348992;34299904;491102208;0;0;0;0;0;0;0;0;0;0;0;1934;0;0;0;0;0;0;
31595;2194837;539348992;34299904;491102208;0;0;0;0;0;0;0;0;0;0;0;2164;0;0;0;0;0;0;
31596;4240292;539348992;34299904;491102208;0;0;0;0;0;0;0;0;0;0;0;1933;0;0;0;0;0;0;
31597;2308529;539348992;34299904;491102208;0;0;0;0;0;0;0;0;0;0;0;2405;0;0;0;0;0;0;
31598;4293773;539348992;34299904;491102208;0;0;0;0;0;0;0;0;0;0;0;1923;0;0;0;0;0;0;
31599;2176101;539348992;34299904;491102208;0;0;0;0;0;0;0;0;0;0;0;2204;0;0;0;0;0;0;
31600;4259168;539348992;34299904;491102208;0;0;0;0;0;0;0;0;0;0;0;1894;0;0;0;0;0;0;
31601;2261882;539348992;34299904;491102208;0;0;0;0;0;0;0;0;0;0;0;2074;0;0;0;0;0;0;
31602;4269757;539348992;34299904;491102208;0;0;0;0;0;0;0;0;0;0;0;2054;0;0;0;0;0;0;
31603;2234621;539348992;34299904;491102208;0;0;0;0;0;0;0;0;0;0;0;2545;0;0;0;0;0;0;
31604;4197732;539348992;34299904;491102208;0;0;0;0;0;0;0;0;0;0;0;2184;0;0;0;0;0;0;
31605;2296827;539348992;34299904;491102208;0;0;0;0;0;0;0;0;0;0;0;2244;0;0;0;0;0;0;
31606;4269146;539348992;34299904;491102208;0;0;0;0;0;0;0;0;0;0;0;2084;0;0;0;0;0;0;
31607;2338045;539348992;34299904;491102208;0;0;0;0;0;0;0;0;0;0;0;2184;0;0;0;0;0;0;
31608;4259218;539348992;34299904;491102208;0;0;0;0;0;0;0;0;0;0;0;2063;0;0;0;0;0;0;
31609;2209574;539348992;34299904;491102208;0;0;0;0;0;0;0;0;0;0;0;1994;0;0;0;0;0;0;
31610;4204355;539348992;34299904;491102208;0;0;0;0;0;0;0;0;0;0;0;1733;0;0;0;0;0;0;
31611;2249739;539348992;34299904;491102208;0;0;0;0;0;0;0;0;0;0;0;2554;0;0;0;0;0;0;
31612;4315002;539348992;34299904;491102208;0;0;0;0;0;0;0;0;0;0;0;2164;0;0;0;0;0;0;
31613;2184096;539348992;34299904;491102208;0;0;0;0;0;0;0;0;0;0;0;2184;0;0;0;0;0;0;
31614;4257765;539348992;34299904;491102208;0;0;0;0;0;0;0;0;0;0;0;2114;0;0;0;0;0;0;
31615;2280336;539348992;34299904;491102208;0;0;0;0;0;0;0;0;0;0;0;2535;0;0;0;0;0;0;
31616;4279115;539348992;34299904;491102208;0;0;0;0;0;0;0;0;0;0;0;2194;0;0;0;0;0;0;
31617;2288802;539348992;34299904;491102208;0;0;0;0;0;0;0;0;0;0;0;2254;0;0;0;0;0;0;
31618;4246504;539348992;34299904;491102208;0;0;0;0;0;0;0;0;0;0;0;2565;0;0;0;0;0;0;
31619;2251943;539348992;34299904;491102208;0;0;0;0;0;0;0;0;0;0;0;2555;0;0;0;0;0;0;
31620;4246424;539348992;34299904;491102208;0;0;0;0;0;0;0;0;0;0;0;2414;0;0;0;0;0;0;
31621;2262463;539348992;34299904;491102208;0;0;0;0;0;0;0;0;0;0;0;2775;0;0;0;0;0;0;
31622;4313359;539348992;34299904;491102208;0;0;0;0;0;0;0;0;0;0;0;2274;0;0;0;0;0;0;
31623;2265959;539348992;34299904;491102208;0;0;0;0;0;0;0;0;0;0;0;2575;0;0;0;0;0;0;
31624;4219393;539348992;34299904;491102208;0;0;0;0;0;0;0;0;0;0;0;2004;0;0;0;0;0;0;
31625;2225464;539348992;34299904;491102208;0;0;0;0;0;0;0;0;0;0;0;2265;0;0;0;0;0;0;
31626;4246864;539348992;34299904;491102208;0;0;0;0;0;0;0;0;0;0;0;2124;0;0;0;0;0;0;
31627;2190418;539348992;34299904;491102208;0;0;0;0;0;0;0;0;0;0;0;2354;0;0;0;0;0;0;
31628;4263245;539348992;34299904;491102208;0;0;0;0;0;0;0;0;0;0;0;2194;0;0;0;0;0;0;
31629;2285106;539348992;34299904;491102208;0;0;0;0;0;0;0;0;0;0;0;2795;0;0;0;0;0;0;
31630;4337895;539348992;34299904;491102208;0;0;0;0;0;0;0;0;0;0;0;2264;0;0;0;0;0;0;
31631;2314220;539348992;34299904;491102208;0;0;0;0;0;0;0;0;0;0;0;2174;0;0;0;0;0;0;
31632;4307197;539348992;34299904;491102208;0;0;0;0;0;0;0;0;0;0;0;2024;0;0;0;0;0;0;
31633;2224501;539348992;34299904;491102208;0;0;0;0;0;0;0;0;0;0;0;2214;0;0;0;0;0;0;
31634;4307248;539348992;34299904;491102208;0;0;0;0;0;0;0;0;0;0;0;1954;0;0;0;0;0;0;
31635;2278102;539348992;34299904;491102208;0;0;0;0;0;0;0;0;0;0;0;2234;0;0;0;0;0;0;
31636;4261051;539348992;34299904;491102208;0;0;0;0;0;0;0;0;0;0;0;1924;0;0;0;0;0;0;
31637;2292810;539348992;34299904;491102208;0;0;0;0;0;0;0;0;0;0;0;2094;0;0;0;0;0;0;
31638;4237607;539348992;34299904;491102208;0;0;0;0;0;0;0;0;0;0;0;2104;0;0;0;0;0;0;
31639;2286147;539348992;34299904;491102208;0;0;0;0;0;0;0;0;0;0;0;2395;0;0;0;0;0;0;
31640;4206819;539348992;34299904;491102208;0;0;0;0;0;0;0;0;0;0;0;1793;0;0;0;0;0;0;
31641;2206018;539348992;34299904;491102208;0;0;0;0;0;0;0;0;0;0;0;2234;0;0;0;0;0;0;
31642;4270710;539348992;34299904;491102208;0;0;0;0;0;0;0;0;0;0;0;2534;0;0;0;0;0;0;
31643;2215685;539348992;34299904;491102208;0;0;0;0;0;0;0;0;0;0;0;2415;0;0;0;0;0;0;
31644;4312878;539348992;34299904;491102208;0;0;0;0;0;0;0;0;0;0;0;1843;0;0;0;0;0;0;
31645;2259948;539348992;34299904;491102208;0;0;0;0;0;0;0;0;0;0;0;2134;0;0;0;0;0;0;
31646;4248517;539348992;34299904;491102208;0;0;0;0;0;0;0;0;0;0;0;2144;0;0;0;0;0;0;
31647;2249980;539348992;34299904;491102208;0;0;0;0;0;0;0;0;0;0;0;2394;0;0;0;0;0;0;
31648;4247816;539348992;34299904;491102208;0;0;0;0;0;0;0;0;0;0;0;1834;0;0;0;0;0;0;
31649;2235783;539348992;34299904;491102208;0;0;0;0;0;0;0;0;0;0;0;2114;0;0;0;0;0;0;
31650;4263796;539348992;34299904;491102208;0;0;0;0;0;0;0;0;0;0;0;1773;0;0;0;0;0;0;
31651;2205055;539348992;34299904;491102208;0;0;0;0;0;0;0;0;0;0;0;2204;0;0;0;0;0;0;
31652;4203874;539348992;34299904;491102208;0;0;0;0;0;0;0;0;0;0;0;1883;0;0;0;0;0;0;
31653;2574357;539348992;34299904;491102208;0;0;0;0;0;0;0;0;0;0;0;2364;0;0;0;0;0;0;
31654;4274296;539348992;34299904;491102208;0;0;0;0;0;0;0;0;0;0;0;1994;0;0;0;0;0;0;
31655;2281419;539348992;34299904;491102208;0;0;0;0;0;0;0;0;0;0;0;2434;0;0;0;0;0;0;
31656;4223891;539348992;34299904;491102208;0;0;0;0;0;0;0;0;0;0;0;2014;0;0;0;0;0;0;
31657;2230523;539348992;34299904;491102208;0;0;0;0;0;0;0;0;0;0;0;2325;0;0;0;0;0;0;
31658;4256643;539348992;34299904;491102208;0;0;0;0;0;0;0;0;0;0;0;2074;0;0;0;0;0;0;
31659;2438353;539348992;34299904;491102208;0;0;0;0;0;0;0;0;0;0;0;2234;0;0;0;0;0;0;
31660;4197592;539348992;34299904;491102208;0;0;0;0;0;0;0;0;0;0;0;2475;0;0;0;0;0;0;
31661;2264406;539348992;34299904;491102208;0;0;0;0;0;0;0;0;0;0;0;2044;0;0;0;0;0;0;
31662;4214844;539348992;34299904;491102208;0;0;0;0;0;0;0;0;0;0;0;1943;0;0;0;0;0;0;
31663;2155612;539348992;34299904;491102208;0;0;0;0;0;0;0;0;0;0;0;2044;0;0;0;0;0;0;
31664;4225865;539348992;34299904;491102208;0;0;0;0;0;0;0;0;0;0;0;2034;0;0;0;0;0;0;
31665;2270488;539348992;34299904;491102208;0;0;0;0;0;0;0;0;0;0;0;2765;0;0;0;0;0;0;
31666;4237166;539348992;34299904;491102208;0;0;0;0;0;0;0;0;0;0;0;2214;0;0;0;0;0;0;
31667;2260921;539348992;34299904;491102208;0;0;0;0;0;0;0;0;0;0;0;2595;0;0;0;0;0;0;
31668;4268224;539348992;34299904;491102208;0;0;0;0;0;0;0;0;0;0;0;2124;0;0;0;0;0;0;
31669;2282200;539348992;34299904;491102208;0;0;0;0;0;0;0;0;0;0;0;2495;0;0;0;0;0;0;
31670;4255751;539348992;34299904;491102208;0;0;0;0;0;0;0;0;0;0;0;2514;0;0;0;0;0;0;
31671;2266821;539348992;34299904;491102208;0;0;0;0;0;0;0;0;0;0;0;2855;0;0;0;0;0;0;
31672;4254369;539348992;34299904;491102208;0;0;0;0;0;0;0;0;0;0;0;2785;0;0;0;0;0;0;
31673;2371147;539348992;34299904;491102208;0;0;0;0;0;0;0;0;0;0;0;2355;0;0;0;0;0;0;
31674;4376328;539348992;34299904;491102208;0;0;0;0;0;0;0;0;0;0;0;2705;0;0;0;0;0;0;
31675;2165992;539348992;34308096;491110400;0;0;0;0;0;0;0;0;0;0;0;2204;0;0;0;0;0;0;
31676;4231105;539348992;34308096;491110400;0;0;0;0;0;0;0;0;0;0;0;2254;0;0;0;0;0;0;
31677;2243237;539348992;34308096;491110400;0;0;0;0;0;0;0;0;0;0;0;2464;0;0;0;0;0;0;
31678;4352142;539348992;34308096;491110400;0;0;0;0;0;0;0;0;0;0;0;2515;0;0;0;0;0;0;
31679;2288972;539348992;34308096;491110400;0;0;0;0;0;0;0;0;0;0;0;2234;0;0;0;0;0;0;
31680;4277722;539348992;34308096;491110400;0;0;0;0;0;0;0;0;0;0;0;1864;0;0;0;0;0;0;
31681;2388199;539348992;34299904;491102208;0;0;0;0;0;0;0;0;0;0;0;2294;0;0;0;0;0;0;
31682;4247405;539348992;34299904;491102208;0;0;0;0;0;0;0;0;0;0;0;1893;0;0;0;0;0;0;
31683;2387858;539348992;34299904;491102208;0;0;0;0;0;0;0;0;0;0;0;2645;0;0;0;0;0;0;
31684;4269637;539348992;34299904;491102208;0;0;0;0;0;0;0;0;0;0;0;1984;0;0;0;0;0;0;
31685;2413987;539348992;34299904;491102208;0;0;0;0;0;0;0;0;0;0;0;2455;0;0;0;0;0;0;
31686;4339118;539348992;34299904;491102208;0;0;0;0;0;0;0;0;0;0;0;1964;0;0;0;0;0;0;
31687;2206979;539348992;34299904;491102208;0;0;0;0;0;0;0;0;0;0;0;2195;0;0;0;0;0;0;
31688;4256102;539348992;34299904;491102208;0;0;0;0;0;0;0;0;0;0;0;2264;0;0;0;0;0;0;
31689;2289664;539348992;34299904;491102208;0;0;0;0;0;0;0;0;0;0;0;2525;0;0;0;0;0;0;
31690;4321425;539348992;34299904;491102208;0;0;0;0;0;0;0;0;0;0;0;2084;0;0;0;0;0;0;
31691;2295946;539348992;34299904;491102208;0;0;0;0;0;0;0;0;0;0;0;2134;0;0;0;0;0;0;
31692;4395634;539348992;34299904;491102208;0;0;0;0;0;0;0;0;0;0;0;2424;0;0;0;0;0;0;
31693;2482295;539348992;34299904;491102208;0;0;0;0;0;0;0;0;0;0;0;2224;0;0;0;0;0;0;
31694;4253227;539348992;34299904;491102208;0;0;0;0;0;0;0;0;0;0;0;2244;0;0;0;0;0;0;
31695;2305504;539348992;34299904;491102208;0;0;0;0;0;0;0;0;0;0;0;2054;0;0;0;0;0;0;
31696;4216548;539348992;34299904;491102208;0;0;0;0;0;0;0;0;0;0;0;1864;0;0;0;0;0;0;
31697;2193614;539348992;34299904;491102208;0;0;0;0;0;0;0;0;0;0;0;2735;0;0;0;0;0;0;
31698;4299463;539348992;34299904;491102208;0;0;0;0;0;0;0;0;0;0;0;2004;0;0;0;0;0;0;
31699;2223380;539348992;34299904;491102208;0;0;0;0;0;0;0;0;0;0;0;2284;0;0;0;0;0;0;
31700;4250892;539348992;34299904;491102208;0;0;0;0;0;0;0;0;0;0;0;2214;0;0;0;0;0;0;
31701;2208602;539348992;34299904;491102208;0;0;0;0;0;0;0;0;0;0;0;1964;0;0;0;0;0;0;
31702;4269868;539348992;34299904;491102208;0;0;0;0;0;0;0;0;0;0;0;1884;0;0;0;0;0;0;
31703;2345338;539348992;34299904;491102208;0;0;0;0;0;0;0;0;0;0;0;2224;0;0;0;0;0;0;
31704;4234782;539348992;34299904;491102208;0;0;0;0;0;0;0;0;0;0;0;1883;0;0;0;0;0;0;
31705;2293682;539348992;34299904;491102208;0;0;0;0;0;0;0;0;0;0;0;2214;0;0;0;0;0;0;
31706;4377440;539348992;34299904;491102208;0;0;0;0;0;0;0;0;0;0;0;1804;0;0;0;0;0;0;
31707;2234601;539348992;34299904;491102208;0;0;0;0;0;0;0;0;0;0;0;2004;0;0;0;0;0;0;
31708;4320092;539348992;34299904;491102208;0;0;0;0;0;0;0;0;0;0;0;1783;0;0;0;0;0;0;
31709;2267202;539348992;34299904;491102208;0;0;0;0;0;0;0;0;0;0;0;2194;0;0;0;0;0;0;
31710;4284966;539348992;34299904;491102208;0;0;0;0;0;0;0;0;0;0;0;1874;0;0;0;0;0;0;
31711;2211246;539348992;34299904;491102208;0;0;0;0;0;0;0;0;0;0;0;1964;0;0;0;0;0;0;
31712;4245492;539348992;34299904;491102208;0;0;0;0;0;0;0;0;0;0;0;2114;0;0;0;0;0;0;
31713;2252615;539348992;34299904;491102208;0;0;0;0;0;0;0;0;0;0;0;2274;0;0;0;0;0;0;
31714;4214193;539348992;34299904;491102208;0;0;0;0;0;0;0;0;0;0;0;1993;0;0;0;0;0;0;
31715;2268123;539348992;34299904;491102208;0;0;0;0;0;0;0;0;0;0;0;2515;0;0;0;0;0;0;
31716;4276660;539348992;34299904;491102208;0;0;0;0;0;0;0;0;0;0;0;2244;0;0;0;0;0;0;
31717;2288772;539348992;34299904;491102208;0;0;0;0;0;0;0;0;0;0;0;2215;0;0;0;0;0;0;
31718;4198334;539348992;34299904;491102208;0;0;0;0;0;0;0;0;0;0;0;2083;0;0;0;0;0;0;
31719;2275237;539348992;34299904;491102208;0;0;0;0;0;0;0;0;0;0;0;2605;0;0;0;0;0;0;
31720;4286409;539348992;34299904;491102208;0;0;0;0;0;0;0;0;0;0;0;2214;0;0;0;0;0;0;
31721;2331062;539348992;34299904;491102208;0;0;0;0;0;0;0;0;0;0;0;2405;0;0;0;0;0;0;
31722;4282712;539348992;34299904;491102208;0;0;0;0;0;0;0;0;0;0;0;2144;0;0;0;0;0;0;
31723;3091378;539348992;34299904;491102208;0;0;0;0;0;0;0;0;0;0;0;2144;0;0;0;0;0;0;
31724;4404450;539348992;34299904;491102208;0;0;0;0;0;0;0;0;0;0;0;2154;0;0;0;0;0;0;
31725;2319730;539348992;34299904;491102208;0;0;0;0;0;0;0;0;0;0;0;2404;0;0;0;0;0;0;
31726;4332815;539348992;34299904;491102208;0;0;0;0;0;0;0;0;0;0;0;2164;0;0;0;0;0;0;
31727;2436830;539348992;34299904;491102208;0;0;0;0;0;0;0;0;0;0;0;2415;0;0;0;0;0;0;
31728;4323478;539348992;34299904;491102208;0;0;0;0;0;0;0;0;0;0;0;2505;0;0;0;0;0;0;
31729;2255990;539348992;34299904;491102208;0;0;0;0;0;0;0;0;0;0;0;2254;0;0;0;0;0;0;
31730;4232147;539348992;34299904;491102208;0;0;0;0;0;0;0;0;0;0;0;2445;0;0;0;0;0;0;
31731;2292760;539348992;34299904;491102208;0;0;0;0;0;0;0;0;0;0;0;2354;0;0;0;0;0;0;
31732;4222559;539348992;34299904;491102208;0;0;0;0;0;0;0;0;0;0;0;2294;0;0;0;0;0;0;
31733;2528842;539348992;34299904;491102208;0;0;0;0;0;0;0;0;0;0;0;2304;0;0;0;0;0;0;
31734;4245592;539348992;34299904;491102208;0;0;0;0;0;0;0;0;0;0;0;2515;0;0;0;0;0;0;
31735;2245832;539348992;34299904;491102208;0;0;0;0;0;0;0;0;0;0;0;2224;0;0;0;0;0;0;
31736;4238789;539348992;34299904;491102208;0;0;0;0;0;0;0;0;0;0;0;2555;0;0;0;0;0;0;
31737;2283352;539348992;34299904;491102208;0;0;0;0;0;0;0;0;0;0;0;2364;0;0;0;0;0;0;
31738;4251012;539348992;34299904;491102208;0;0;0;0;0;0;0;0;0;0;0;2054;0;0;0;0;0;0;
31739;2226926;539348992;34299904;491102208;0;0;0;0;0;0;0;0;0;0;0;2374;0;0;0;0;0;0;
31740;4255541;539348992;34299904;491102208;0;0;0;0;0;0;0;0;0;0;0;2184;0;0;0;0;0;0;
31741;2226055;539348992;34299904;491102208;0;0;0;0;0;0;0;0;0;0;0;2174;0;0;0;0;0;0;
31742;4235123;539348992;34299904;491102208;0;0;0;0;0;0;0;0;0;0;0;2254;0;0;0;0;0;0;
31743;2246663;539348992;34299904;491102208;0;0;0;0;0;0;0;0;0;0;0;2154;0;0;0;0;0;0;
31744;4229522;539348992;34299904;491102208;0;0;0;0;0;0;0;0;0;0;0;2014;0;0;0;0;0;0;
31745;2224552;539348992;34299904;491102208;0;0;0;0;0;0;0;0;0;0;0;1994;0;0;0;0;0;0;
31746;4258977;539348992;34299904;491102208;0;0;0;0;0;0;0;0;0;0;0;2074;0;0;0;0;0;0;
31747;2222869;539348992;34299904;491102208;0;0;0;0;0;0;0;0;0;0;0;2645;0;0;0;0;0;0;
31748;4261001;539348992;34299904;491102208;0;0;0;0;0;0;0;0;0;0;0;1723;0;0;0;0;0;0;
31749;2251703;539348992;34299904;491102208;0;0;0;0;0;0;0;0;0;0;0;2404;0;0;0;0;0;0;
31750;4297579;539348992;34299904;491102208;0;0;0;0;0;0;0;0;0;0;0;1974;0;0;0;0;0;0;
31751;2203332;539348992;34299904;491102208;0;0;0;0;0;0;0;0;0;0;0;2525;0;0;0;0;0;0;
31752;4299253;539348992;34299904;491102208;0;0;0;0;0;0;0;0;0;0;0;2285;0;0;0;0;0;0;
31753;2280536;539348992;34299904;491102208;0;0;0;0;0;0;0;0;0;0;0;2484;0;0;0;0;0;0;
31754;4340721;539348992;34299904;491102208;0;0;0;0;0;0;0;0;0;0;0;2144;0;0;0;0;0;0;
31755;3407310;539348992;34299904;491102208;0;0;0;0;0;0;0;0;0;0;0;3086;0;0;0;0;0;0;
31756;4586612;539348992;34299904;491102208;0;0;0;0;0;0;0;0;0;0;0;2855;0;0;0;0;0;0;
31757;3201304;539348992;34299904;491102208;0;0;0;0;0;0;0;0;0;0;0;2505;0;0;0;0;0;0;
31758;4704453;539348992;34299904;491102208;0;0;0;0;0;0;0;0;0;0;0;2345;0;0;0;0;0;0;
31759;2206758;539348992;34299904;491102208;0;0;0;0;0;0;0;0;0;0;0;2185;0;0;0;0;0;0;
31760;4222278;539348992;34299904;491102208;0;0;0;0;0;0;0;0;0;0;0;1843;0;0;0;0;0;0;
31761;2158629;539348992;34299904;491102208;0;0;0;0;0;0;0;0;0;0;0;1993;0;0;0;0;0;0;
31762;4221156;539348992;34299904;491102208;0;0;0;0;0;0;0;0;0;0;0;1883;0;0;0;0;0;0;
31763;2190668;539348992;34299904;491102208;0;0;0;0;0;0;0;0;0;0;0;1874;0;0;0;0;0;0;
31764;4228120;539348992;34299904;491102208;0;0;0;0;0;0;0;0;0;0;0;2114;0;0;0;0;0;0;
31765;2290075;539348992;34299904;491102208;0;0;0;0;0;0;0;0;0;0;0;2595;0;0;0;0;0;0;
31766;4188595;539348992;34299904;491102208;0;0;0;0;0;0;0;0;0;0;0;1733;0;0;0;0;0;0;
31767;2323518;539348992;34299904;491102208;0;0;0;0;0;0;0;0;0;0;0;1954;0;0;0;0;0;0;
31768;4226737;539348992;34299904;491102208;0;0;0;0;0;0;0;0;0;0;0;2024;0;0;0;0;0;0;
31769;2214533;539348992;34299904;491102208;0;0;0;0;0;0;0;0;0;0;0;2034;0;0;0;0;0;0;
31770;4240843;539348992;34299904;491102208;0;0;0;0;0;0;0;0;0;0;0;2024;0;0;0;0;0;0;
31771;2118954;539348992;34299904;491102208;0;0;0;0;0;0;0;0;0;0;0;2414;0;0;0;0;0;0;
31772;4210136;539348992;34299904;491102208;0;0;0;0;0;0;0;0;0;0;0;1904;0;0;0;0;0;0;
31773;2224982;539348992;34299904;491102208;0;0;0;0;0;0;0;0;0;0;0;2144;0;0;0;0;0;0;
31774;4234572;539348992;34299904;491102208;0;0;0;0;0;0;0;0;0;0;0;1943;0;0;0;0;0;0;
31775;2287850;539348992;34299904;491102208;0;0;0;0;0;0;0;0;0;0;0;2405;0;0;0;0;0;0;
31776;4260670;539348992;34299904;491102208;0;0;0;0;0;0;0;0;0;0;0;2184;0;0;0;0;0;0;
31777;2251973;539348992;34299904;491102208;0;0;0;0;0;0;0;0;0;0;0;2545;0;0;0;0;0;0;
31778;4263356;539348992;34299904;491102208;0;0;0;0;0;0;0;0;0;0;0;2304;0;0;0;0;0;0;
31779;2238969;539348992;34299904;491102208;0;0;0;0;0;0;0;0;0;0;0;2294;0;0;0;0;0;0;
31780;4269027;539348992;34299904;491102208;0;0;0;0;0;0;0;0;0;0;0;1783;0;0;0;0;0;0;
31781;2368432;539348992;34299904;491102208;0;0;0;0;0;0;0;0;0;0;0;2295;0;0;0;0;0;0;
31782;4253517;539348992;34299904;491102208;0;0;0;0;0;0;0;0;0;0;0;1924;0;0;0;0;0;0;
31783;2245661;539348992;34299904;491102208;0;0;0;0;0;0;0;0;0;0;0;2124;0;0;0;0;0;0;
31784;4221837;539348992;34299904;491102208;0;0;0;0;0;0;0;0;0;0;0;1804;0;0;0;0;0;0;
31785;2249659;539348992;34299904;491102208;0;0;0;0;0;0;0;0;0;0;0;1914;0;0;0;0;0;0;
31786;4256703;539348992;34299904;491102208;0;0;0;0;0;0;0;0;0;0;0;1814;0;0;0;0;0;0;
31787;2229051;539348992;34299904;491102208;0;0;0;0;0;0;0;0;0;0;0;1953;0;0;0;0;0;0;
31788;4316886;539348992;34299904;491102208;0;0;0;0;0;0;0;0;0;0;0;1883;0;0;0;0;0;0;
31789;9149289;539348992;34299904;491102208;0;0;0;0;0;0;0;0;0;0;0;2795;0;0;0;0;0;0;
31790;7708296;539348992;34299904;491102208;0;0;0;0;0;0;0;0;0;0;0;2224;0;0;0;0;0;0;
31791;5126103;539348992;34299904;491102208;0;0;0;0;0;0;0;0;0;0;0;6302;0;0;0;0;0;0;
31792;5147414;539348992;34299904;491102208;0;0;0;0;0;0;0;0;0;0;0;2124;0;0;0;0;0;0;
31793;2351019;539348992;34299904;491102208;0;0;0;0;0;0;0;0;0;0;0;2294;0;0;0;0;0;0;
31794;4286148;539348992;34299904;491102208;0;0;0;0;0;0;0;0;0;0;0;2605;0;0;0;0;0;0;
31795;2283373;539348992;34299904;491102208;0;0;0;0;0;0;0;0;0;0;0;2184;0;0;0;0;0;0;
31796;4310023;539348992;34299904;491102208;0;0;0;0;0;0;0;0;0;0;0;2705;0;0;0;0;0;0;
31797;2272432;539348992;34299904;491102208;0;0;0;0;0;0;0;0;0;0;0;2244;0;0;0;0;0;0;
31798;4279586;539348992;34299904;491102208;0;0;0;0;0;0;0;0;0;0;0;2164;0;0;0;0;0;0;
31799;2277762;539348992;34299904;491102208;0;0;0;0;0;0;0;0;0;0;0;2564;0;0;0;0;0;0;
31800;4264788;539348992;34299904;491102208;0;0;0;0;0;0;0;0;0;0;0;1853;0;0;0;0;0;0;
31801;2540675;539348992;34299904;491102208;0;0;0;0;0;0;0;0;0;0;0;2966;0;0;0;0;0;0;
31802;4237547;539348992;34299904;491102208;0;0;0;0;0;0;0;0;0;0;0;2345;0;0;0;0;0;0;
31803;2316364;539348992;34299904;491102208;0;0;0;0;0;0;0;0;0;0;0;2314;0;0;0;0;0;0;
31804;4274286;539348992;34299904;491102208;0;0;0;0;0;0;0;0;0;0;0;2134;0;0;0;0;0;0;
31805;2235773;539348992;34299904;491102208;0;0;0;0;0;0;0;0;0;0;0;2174;0;0;0;0;0;0;
31806;4238369;539348992;34299904;491102208;0;0;0;0;0;0;0;0;0;0;0;1984;0;0;0;0;0;0;
31807;2446608;539348992;34299904;491102208;0;0;0;0;0;0;0;0;0;0;0;2074;0;0;0;0;0;0;
31808;4243448;539348992;34299904;491102208;0;0;0;0;0;0;0;0;0;0;0;2294;0;0;0;0;0;0;
31809;2290094;539348992;34299904;491102208;0;0;0;0;0;0;0;0;0;0;0;2394;0;0;0;0;0;0;
31810;4261742;539348992;34299904;491102208;0;0;0;0;0;0;0;0;0;0;0;1803;0;0;0;0;0;0;
31811;2345268;539348992;34299904;491102208;0;0;0;0;0;0;0;0;0;0;0;2214;0;0;0;0;0;0;
31812;4296437;539348992;34299904;491102208;0;0;0;0;0;0;0;0;0;0;0;2003;0;0;0;0;0;0;
31813;2387358;539348992;34299904;491102208;0;0;0;0;0;0;0;0;0;0;0;2455;0;0;0;0;0;0;
31814;4233950;539348992;34299904;491102208;0;0;0;0;0;0;0;0;0;0;0;1994;0;0;0;0;0;0;
31815;2297759;539348992;34299904;491102208;0;0;0;0;0;0;0;0;0;0;0;1843;0;0;0;0;0;0;
31816;4262364;539348992;34299904;491102208;0;0;0;0;0;0;0;0;0;0;0;1874;0;0;0;0;0;0;
31817;2319350;539348992;34299904;491102208;0;0;0;0;0;0;0;0;0;0;0;2484;0;0;0;0;0;0;
31818;4244610;539348992;34299904;491102208;0;0;0;0;0;0;0;0;0;0;0;1973;0;0;0;0;0;0;
31819;2261221;539348992;34299904;491102208;0;0;0;0;0;0;0;0;0;0;0;2094;0;0;0;0;0;0;
31820;4264248;539348992;34299904;491102208;0;0;0;0;0;0;0;0;0;0;0;2265;0;0;0;0;0;0;
31821;2355928;539348992;34299904;491102208;0;0;0;0;0;0;0;0;0;0;0;2765;0;0;0;0;0;0;
31822;4320162;539348992;34299904;491102208;0;0;0;0;0;0;0;0;0;0;0;2305;0;0;0;0;0;0;
31823;3194692;539348992;34299904;491102208;0;0;0;0;0;0;0;0;0;0;0;3386;0;0;0;0;0;0;
31824;4558438;539348992;34299904;491102208;0;0;0;0;0;0;0;0;0;0;0;2405;0;0;0;0;0;0;
31825;2451818;539348992;34299904;491102208;0;0;0;0;0;0;0;0;0;0;0;2234;0;0;0;0;0;0;
31826;4251714;539348992;34299904;491102208;0;0;0;0;0;0;0;0;0;0;0;1764;0;0;0;0;0;0;
31827;2307618;539348992;34299904;491102208;0;0;0;0;0;0;0;0;0;0;0;2054;0;0;0;0;0;0;
31828;4266341;539348992;34299904;491102208;0;0;0;0;0;0;0;0;0;0;0;1943;0;0;0;0;0;0;
31829;2408537;539348992;34299904;491102208;0;0;0;0;0;0;0;0;0;0;0;2495;0;0;0;0;0;0;
31830;4284595;539348992;34299904;491102208;0;0;0;0;0;0;0;0;0;0;0;1924;0;0;0;0;0;0;
31831;2266481;539348992;34299904;491102208;0;0;0;0;0;0;0;0;0;0;0;2354;0;0;0;0;0;0;
31832;4196130;539348992;34299904;491102208;0;0;0;0;0;0;0;0;0;0;0;2093;0;0;0;0;0;0;
31833;2245672;539348992;34299904;491102208;0;0;0;0;0;0;0;0;0;0;0;2295;0;0;0;0;0;0;
31834;4280287;539348992;34299904;491102208;0;0;0;0;0;0;0;0;0;0;0;2094;0;0;0;0;0;0;
31835;2365156;539348992;34299904;491102208;0;0;0;0;0;0;0;0;0;0;0;2324;0;0;0;0;0;0;
31836;4255882;539348992;34299904;491102208;0;0;0;0;0;0;0;0;0;0;0;1964;0;0;0;0;0;0;
31837;2471525;539348992;34299904;491102208;0;0;0;0;0;0;0;0;0;0;0;3066;0;0;0;0;0;0;
31838;4235072;539348992;34299904;491102208;0;0;0;0;0;0;0;0;0;0;0;1934;0;0;0;0;0;0;
31839;2229812;539348992;34299904;491102208;0;0;0;0;0;0;0;0;0;0;0;2144;0;0;0;0;0;0;
31840;4281189;539348992;34299904;491102208;0;0;0;0;0;0;0;0;0;0;0;2134;0;0;0;0;0;0;
31841;2256211;539348992;34299904;491102208;0;0;0;0;0;0;0;0;0;0;0;2484;0;0;0;0;0;0;
31842;4264968;539348992;34299904;491102208;0;0;0;0;0;0;0;0;0;0;0;2124;0;0;0;0;0;0;
31843;2434656;539348992;34299904;491102208;0;0;0;0;0;0;0;0;0;0;0;2635;0;0;0;0;0;0;
31844;4356630;539348992;34299904;491102208;0;0;0;0;0;0;0;0;0;0;0;1913;0;0;0;0;0;0;
31845;2295355;539348992;34299904;491102208;0;0;0;0;0;0;0;0;0;0;0;2495;0;0;0;0;0;0;
31846;4251523;539348992;34299904;491102208;0;0;0;0;0;0;0;0;0;0;0;2224;0;0;0;0;0;0;
31847;2269166;539348992;34299904;491102208;0;0;0;0;0;0;0;0;0;0;0;2034;0;0;0;0;0;0;
31848;4234241;539348992;34299904;491102208;0;0;0;0;0;0;0;0;0;0;0;2285;0;0;0;0;0;0;
31849;2266080;539348992;34299904;491102208;0;0;0;0;0;0;0;0;0;0;0;2385;0;0;0;0;0;0;
31850;4252445;539348992;34299904;491102208;0;0;0;0;0;0;0;0;0;0;0;2244;0;0;0;0;0;0;
31851;2320752;539348992;34299904;491102208;0;0;0;0;0;0;0;0;0;0;0;2424;0;0;0;0;0;0;
31852;4272703;539348992;34299904;491102208;0;0;0;0;0;0;0;0;0;0;0;1964;0;0;0;0;0;0;
31853;2335590;539348992;34299904;491102208;0;0;0;0;0;0;0;0;0;0;0;2475;0;0;0;0;0;0;
31854;4277351;539348992;34299904;491102208;0;0;0;0;0;0;0;0;0;0;0;1994;0;0;0;0;0;0;
31855;3068545;539348992;34299904;491102208;0;0;0;0;0;0;0;0;0;0;0;2856;0;0;0;0;0;0;
31856;4636255;539348992;34299904;491102208;0;0;0;0;0;0;0;0;0;0;0;2174;0;0;0;0;0;0;
31857;2239189;539348992;34299904;491102208;0;0;0;0;0;0;0;0;0;0;0;2534;0;0;0;0;0;0;
31858;4229291;539348992;34299904;491102208;0;0;0;0;0;0;0;0;0;0;0;2154;0;0;0;0;0;0;
31859;2285917;539348992;34299904;491102208;0;0;0;0;0;0;0;0;0;0;0;2505;0;0;0;0;0;0;
31860;4246293;539348992;34299904;491102208;0;0;0;0;0;0;0;0;0;0;0;2004;0;0;0;0;0;0;
31861;2257053;539348992;34299904;491102208;0;0;0;0;0;0;0;0;0;0;0;2314;0;0;0;0;0;0;
31862;4226767;539348992;34299904;491102208;0;0;0;0;0;0;0;0;0;0;0;1924;0;0;0;0;0;0;
31863;2256582;539348992;34299904;491102208;0;0;0;0;0;0;0;0;0;0;0;2014;0;0;0;0;0;0;
31864;4275077;539348992;34299904;491102208;0;0;0;0;0;0;0;0;0;0;0;1774;0;0;0;0;0;0;
31865;2388840;539348992;34299904;491102208;0;0;0;0;0;0;0;0;0;0;0;2644;0;0;0;0;0;0;
31866;4230454;539348992;34299904;491102208;0;0;0;0;0;0;0;0;0;0;0;1893;0;0;0;0;0;0;
31867;2332384;539348992;34299904;491102208;0;0;0;0;0;0;0;0;0;0;0;2054;0;0;0;0;0;0;
31868;4263906;539348992;34299904;491102208;0;0;0;0;0;0;0;0;0;0;0;1894;0;0;0;0;0;0;
31869;2306996;539348992;34299904;491102208;0;0;0;0;0;0;0;0;0;0;0;2775;0;0;0;0;0;0;
31870;4204715;539348992;34299904;491102208;0;0;0;0;0;0;0;0;0;0;0;1814;0;0;0;0;0;0;
31871;2310303;539348992;34299904;491102208;0;0;0;0;0;0;0;0;0;0;0;2204;0;0;0;0;0;0;
31872;4240192;539348992;34299904;491102208;0;0;0;0;0;0;0;0;0;0;0;1783;0;0;0;0;0;0;
31873;2398859;539348992;34299904;491102208;0;0;0;0;0;0;0;0;0;0;0;2555;0;0;0;0;0;0;
31874;4304833;539348992;34299904;491102208;0;0;0;0;0;0;0;0;0;0;0;1803;0;0;0;0;0;0;
31875;2526158;539348992;34299904;491102208;0;0;0;0;0;0;0;0;0;0;0;2134;0;0;0;0;0;0;
31876;4179378;539348992;34299904;491102208;0;0;0;0;0;0;0;0;0;0;0;1843;0;0;0;0;0;0;
31877;2402476;539348992;34299904;491102208;0;0;0;0;0;0;0;0;0;0;0;2504;0;0;0;0;0;0;
31878;4270780;539348992;34299904;491102208;0;0;0;0;0;0;0;0;0;0;0;2435;0;0;0;0;0;0;
31879;2381477;539348992;34299904;491102208;0;0;0;0;0;0;0;0;0;0;0;2515;0;0;0;0;0;0;
31880;4198173;539348992;34299904;491102208;0;0;0;0;0;0;0;0;0;0;0;2124;0;0;0;0;0;0;
31881;2462828;539348992;34299904;491102208;0;0;0;0;0;0;0;0;0;0;0;2064;0;0;0;0;0;0;
31882;4250030;539348992;34299904;491102208;0;0;0;0;0;0;0;0;0;0;0;2054;0;0;0;0;0;0;
31883;2326503;539348992;34299904;491102208;0;0;0;0;0;0;0;0;0;0;0;2274;0;0;0;0;0;0;
31884;4290527;539348992;34299904;491102208;0;0;0;0;0;0;0;0;0;0;0;1953;0;0;0;0;0;0;
31885;2323687;539348992;34299904;491102208;0;0;0;0;0;0;0;0;0;0;0;2204;0;0;0;0;0;0;
31886;4232408;539348992;34299904;491102208;0;0;0;0;0;0;0;0;0;0;0;1874;0;0;0;0;0;0;
31887;3335615;539348992;34299904;491102208;0;0;0;0;0;0;0;0;0;0;0;2605;0;0;0;0;0;0;
31888;4552248;539348992;34299904;491102208;0;0;0;0;0;0;0;0;0;0;0;1643;0;0;0;0;0;0;
31889;2251082;539348992;34299904;491102208;0;0;0;0;0;0;0;0;0;0;0;2073;0;0;0;0;0;0;
31890;4289034;539348992;34299904;491102208;0;0;0;0;0;0;0;0;0;0;0;2124;0;0;0;0;0;0;
31891;2311405;539348992;34299904;491102208;0;0;0;0;0;0;0;0;0;0;0;2175;0;0;0;0;0;0;
31892;4207671;539348992;34299904;491102208;0;0;0;0;0;0;0;0;0;0;0;1884;0;0;0;0;0;0;
31893;2359996;539348992;34299904;491102208;0;0;0;0;0;0;0;0;0;0;0;2795;0;0;0;0;0;0;
31894;4233860;539348992;34299904;491102208;0;0;0;0;0;0;0;0;0;0;0;2154;0;0;0;0;0;0;
31895;2375104;539348992;34299904;491102208;0;0;0;0;0;0;0;0;0;0;0;2254;0;0;0;0;0;0;
31896;4312317;539348992;34299904;491102208;0;0;0;0;0;0;0;0;0;0;0;2054;0;0;0;0;0;0;
31897;2348134;539348992;34299904;491102208;0;0;0;0;0;0;0;0;0;0;0;2204;0;0;0;0;0;0;
31898;4227879;539348992;34299904;491102208;0;0;0;0;0;0;0;0;0;0;0;2014;0;0;0;0;0;0;
31899;2318618;539348992;34299904;491102208;0;0;0;0;0;0;0;0;0;0;0;2234;0;0;0;0;0;0;
31900;4194456;539348992;34299904;491102208;0;0;0;0;0;0;0;0;0;0;0;1924;0;0;0;0;0;0;
31901;2327746;539348992;34299904;491102208;0;0;0;0;0;0;0;0;0;0;0;2114;0;0;0;0;0;0;
31902;4207039;539348992;34299904;491102208;0;0;0;0;0;0;0;0;0;0;0;1924;0;0;0;0;0;0;
31903;2369454;539348992;34299904;491102208;0;0;0;0;0;0;0;0;0;0;0;2164;0;0;0;0;0;0;
31904;4242747;539348992;34299904;491102208;0;0;0;0;0;0;0;0;0;0;0;1944;0;0;0;0;0;0;
31905;2229531;539348992;34299904;491102208;0;0;0;0;0;0;0;0;0;0;0;2164;0;0;0;0;0;0;
31906;4210817;539348992;34299904;491102208;0;0;0;0;0;0;0;0;0;0;0;2204;0;0;0;0;0;0;
31907;2318679;539348992;34299904;491102208;0;0;0;0;0;0;0;0;0;0;0;2114;0;0;0;0;0;0;
31908;4206408;539348992;34299904;491102208;0;0;0;0;0;0;0;0;0;0;0;1853;0;0;0;0;0;0;
31909;2347673;539348992;34299904;491102208;0;0;0;0;0;0;0;0;0;0;0;2184;0;0;0;0;0;0;
31910;4229402;539348992;34299904;491102208;0;0;0;0;0;0;0;0;0;0;0;1944;0;0;0;0;0;0;
31911;2267543;539348992;34299904;491102208;0;0;0;0;0;0;0;0;0;0;0;2094;0;0;0;0;0;0;
31912;4247305;539348992;34299904;491102208;0;0;0;0;0;0;0;0;0;0;0;1943;0;0;0;0;0;0;
31913;2279605;539348992;34299904;491102208;0;0;0;0;0;0;0;0;0;0;0;2063;0;0;0;0;0;0;
31914;4258977;539348992;34299904;491102208;0;0;0;0;0;0;0;0;0;0;0;1894;0;0;0;0;0;0;
31915;2262804;539348992;34299904;491102208;0;0;0;0;0;0;0;0;0;0;0;2104;0;0;0;0;0;0;
31916;4313800;539348992;34299904;491102208;0;0;0;0;0;0;0;0;0;0;0;2344;0;0;0;0;0;0;
31917;2330891;539348992;34299904;491102208;0;0;0;0;0;0;0;0;0;0;0;2254;0;0;0;0;0;0;
31918;4350970;539348992;34299904;491102208;0;0;0;0;0;0;0;0;0;0;0;2094;0;0;0;0;0;0;
31919;2593584;539348992;34299904;491102208;0;0;0;0;0;0;0;0;0;0;0;2164;0;0;0;0;0;0;
31920;4287691;539348992;34299904;491102208;0;0;0;0;0;0;0;0;0;0;0;1943;0;0;0;0;0;0;
31921;2276881;539348992;34299904;491102208;0;0;0;0;0;0;0;0;0;0;0;2084;0;0;0;0;0;0;
31922;4244490;539348992;34299904;491102208;0;0;0;0;0;0;0;0;0;0;0;1743;0;0;0;0;0;0;
31923;2303681;539348992;34299904;491102208;0;0;0;0;0;0;0;0;0;0;0;2064;0;0;0;0;0;0;
31924;4268816;539348992;34299904;491102208;0;0;0;0;0;0;0;0;0;0;0;2104;0;0;0;0;0;0;
31925;2351470;539348992;34299904;491102208;0;0;0;0;0;0;0;0;0;0;0;2375;0;0;0;0;0;0;
31926;4319691;539348992;34299904;491102208;0;0;0;0;0;0;0;0;0;0;0;1974;0;0;0;0;0;0;
31927;2332354;539348992;34299904;491102208;0;0;0;0;0;0;0;0;0;0;0;2093;0;0;0;0;0;0;
31928;4222489;539348992;34299904;491102208;0;0;0;0;0;0;0;0;0;0;0;1894;0;0;0;0;0;0;
31929;2276590;539348992;34299904;491102208;0;0;0;0;0;0;0;0;0;0;0;2425;0;0;0;0;0;0;
31930;4277462;539348992;34299904;491102208;0;0;0;0;0;0;0;0;0;0;0;2044;0;0;0;0;0;0;
31931;2214844;539348992;34299904;491102208;0;0;0;0;0;0;0;0;0;0;0;2154;0;0;0;0;0;0;
31932;4235313;539348992;34299904;491102208;0;0;0;0;0;0;0;0;0;0;0;2104;0;0;0;0;0;0;
31933;2281819;539348992;34299904;491102208;0;0;0;0;0;0;0;0;0;0;0;2424;0;0;0;0;0;0;
31934;4225084;539348992;34299904;491102208;0;0;0;0;0;0;0;0;0;0;0;2414;0;0;0;0;0;0;
31935;2252694;539348992;34299904;491102208;0;0;0;0;0;0;0;0;0;0;0;2505;0;0;0;0;0;0;
31936;4240393;539348992;34299904;491102208;0;0;0;0;0;0;0;0;0;0;0;2164;0;0;0;0;0;0;
31937;2275377;539348992;34299904;491102208;0;0;0;0;0;0;0;0;0;0;0;2234;0;0;0;0;0;0;
31938;4243178;539348992;34299904;491102208;0;0;0;0;0;0;0;0;0;0;0;2084;0;0;0;0;0;0;
31939;2277030;539348992;34299904;491102208;0;0;0;0;0;0;0;0;0;0;0;2204;0;0;0;0;0;0;
31940;4266291;539348992;34299904;491102208;0;0;0;0;0;0;0;0;0;0;0;1944;0;0;0;0;0;0;
31941;2303470;539348992;34299904;491102208;0;0;0;0;0;0;0;0;0;0;0;2083;0;0;0;0;0;0;
31942;4248448;539348992;34299904;491102208;0;0;0;0;0;0;0;0;0;0;0;1833;0;0;0;0;0;0;
31943;2312146;539348992;34299904;491102208;0;0;0;0;0;0;0;0;0;0;0;2224;0;0;0;0;0;0;
31944;4269026;539348992;34299904;491102208;0;0;0;0;0;0;0;0;0;0;0;1833;0;0;0;0;0;0;
31945;2280767;539348992;34299904;491102208;0;0;0;0;0;0;0;0;0;0;0;2054;0;0;0;0;0;0;
31946;4266772;539348992;34299904;491102208;0;0;0;0;0;0;0;0;0;0;0;1603;0;0;0;0;0;0;
31947;2267042;539348992;34299904;491102208;0;0;0;0;0;0;0;0;0;0;0;2315;0;0;0;0;0;0;
31948;4188315;539348992;34299904;491102208;0;0;0;0;0;0;0;0;0;0;0;1703;0;0;0;0;0;0;
31949;2937740;539348992;34299904;491102208;0;0;0;0;0;0;0;0;0;0;0;2625;0;0;0;0;0;0;
31950;4557517;539348992;34299904;491102208;0;0;0;0;0;0;0;0;0;0;0;2154;0;0;0;0;0;0;
31951;2370395;539348992;34299904;491102208;0;0;0;0;0;0;0;0;0;0;0;2404;0;0;0;0;0;0;
31952;4219803;539348992;34299904;491102208;0;0;0;0;0;0;0;0;0;0;0;2245;0;0;0;0;0;0;
31953;2245532;539348992;34299904;491102208;0;0;0;0;0;0;0;0;0;0;0;2374;0;0;0;0;0;0;
31954;4232838;539348992;34299904;491102208;0;0;0;0;0;0;0;0;0;0;0;1913;0;0;0;0;0;0;
31955;2400602;539348992;34299904;491102208;0;0;0;0;0;0;0;0;0;0;0;2144;0;0;0;0;0;0;
31956;4218562;539348992;34299904;491102208;0;0;0;0;0;0;0;0;0;0;0;1974;0;0;0;0;0;0;
31957;2316875;539348992;34299904;491102208;0;0;0;0;0;0;0;0;0;0;0;2084;0;0;0;0;0;0;
31958;4239521;539348992;34299904;491102208;0;0;0;0;0;0;0;0;0;0;0;2004;0;0;0;0;0;0;
31959;2294533;539348992;34299904;491102208;0;0;0;0;0;0;0;0;0;0;0;2084;0;0;0;0;0;0;
31960;4232878;539348992;34299904;491102208;0;0;0;0;0;0;0;0;0;0;0;2024;0;0;0;0;0;0;
31961;2271410;539348992;34299904;491102208;0;0;0;0;0;0;0;0;0;0;0;2305;0;0;0;0;0;0;
31962;4242476;539348992;34299904;491102208;0;0;0;0;0;0;0;0;0;0;0;2334;0;0;0;0;0;0;
31963;2190788;539348992;34299904;491102208;0;0;0;0;0;0;0;0;0;0;0;2144;0;0;0;0;0;0;
31964;4238048;539348992;34299904;491102208;0;0;0;0;0;0;0;0;0;0;0;1973;0;0;0;0;0;0;
31965;2290255;539348992;34299904;491102208;0;0;0;0;0;0;0;0;0;0;0;2114;0;0;0;0;0;0;
31966;4274226;539348992;34299904;491102208;0;0;0;0;0;0;0;0;0;0;0;2064;0;0;0;0;0;0;
31967;2248898;539348992;34299904;491102208;0;0;0;0;0;0;0;0;0;0;0;2114;0;0;0;0;0;0;
31968;4300676;539348992;34299904;491102208;0;0;0;0;0;0;0;0;0;0;0;1974;0;0;0;0;0;0;
31969;2298591;539348992;34299904;491102208;0;0;0;0;0;0;0;0;0;0;0;2144;0;0;0;0;0;0;
31970;4220365;539348992;34299904;491102208;0;0;0;0;0;0;0;0;0;0;0;1864;0;0;0;0;0;0;
31971;2287390;539348992;34299904;491102208;0;0;0;0;0;0;0;0;0;0;0;2344;0;0;0;0;0;0;
31972;4407817;539348992;34299904;491102208;0;0;0;0;0;0;0;0;0;0;0;2484;0;0;0;0;0;0;
31973;2251112;539348992;34308096;491110400;0;0;0;0;0;0;0;0;0;0;0;2374;0;0;0;0;0;0;
31974;4267994;539348992;34308096;491110400;0;0;0;0;0;0;0;0;0;0;0;1863;0;0;0;0;0;0;
31975;2194455;539348992;34308096;491110400;0;0;0;0;0;0;0;0;0;0;0;2164;0;0;0;0;0;0;
31976;4305404;539348992;34308096;491110400;0;0;0;0;0;0;0;0;0;0;0;1964;0;0;0;0;0;0;
31977;2227557;539348992;34308096;491110400;0;0;0;0;0;0;0;0;0;0;0;2014;0;0;0;0;0;0;
31978;4195317;539348992;34308096;491110400;0;0;0;0;0;0;0;0;0;0;0;1693;0;0;0;0;0;0;
31979;2349677;539348992;34299904;491102208;0;0;0;0;0;0;0;0;0;0;0;3095;0;0;0;0;0;0;
31980;4301437;539348992;34299904;491102208;0;0;0;0;0;0;0;0;0;0;0;2164;0;0;0;0;0;0;
31981;3099302;539348992;34299904;491102208;0;0;0;0;0;0;0;0;0;0;0;3036;0;0;0;0;0;0;
31982;4538131;539348992;34299904;491102208;0;0;0;0;0;0;0;0;0;0;0;2124;0;0;0;0;0;0;
31983;2390193;539348992;34299904;491102208;0;0;0;0;0;0;0;0;0;0;0;2335;0;0;0;0;0;0;
31984;4264467;539348992;34299904;491102208;0;0;0;0;0;0;0;0;0;0;0;2334;0;0;0;0;0;0;
31985;2302759;539348992;34299904;491102208;0;0;0;0;0;0;0;0;0;0;0;2325;0;0;0;0;0;0;
31986;4291208;539348992;34299904;491102208;0;0;0;0;0;0;0;0;0;0;0;1934;0;0;0;0;0;0;
31987;2351770;539348992;34299904;491102208;0;0;0;0;0;0;0;0;0;0;0;2394;0;0;0;0;0;0;
31988;4285987;539348992;34299904;491102208;0;0;0;0;0;0;0;0;0;0;0;2054;0;0;0;0;0;0;
31989;2274686;539348992;34299904;491102208;0;0;0;0;0;0;0;0;0;0;0;2345;0;0;0;0;0;0;
31990;4220916;539348992;34299904;491102208;0;0;0;0;0;0;0;0;0;0;0;2154;0;0;0;0;0;0;
31991;2236083;539348992;34299904;491102208;0;0;0;0;0;0;0;0;0;0;0;2294;0;0;0;0;0;0;
31992;4272823;539348992;34299904;491102208;0;0;0;0;0;0;0;0;0;0;0;2255;0;0;0;0;0;0;
31993;2260649;539348992;34299904;491102208;0;0;0;0;0;0;0;0;0;0;0;2294;0;0;0;0;0;0;
31994;4293101;539348992;34299904;491102208;0;0;0;0;0;0;0;0;0;0;0;2014;0;0;0;0;0;0;
31995;2247875;539348992;34299904;491102208;0;0;0;0;0;0;0;0;0;0;0;2245;0;0;0;0;0;0;
31996;4252034;539348992;34299904;491102208;0;0;0;0;0;0;0;0;0;0;0;2174;0;0;0;0;0;0;
31997;2329649;539348992;34299904;491102208;0;0;0;0;0;0;0;0;0;0;0;2715;0;0;0;0;0;0;
31998;4269517;539348992;34299904;491102208;0;0;0;0;0;0;0;0;0;0;0;2215;0;0;0;0;0;0;
31999;2293562;539348992;34299904;491102208;0;0;0;0;0;0;0;0;0;0;0;1914;0;0;0;0;0;0;
32000;4247786;539348992;34299904;491102208;0;0;0;0;0;0;0;0;0;0;0;1994;0;0;0;0;0;0;
32001;2313348;539348992;34299904;491102208;0;0;0;0;0;0;0;0;0;0;0;1884;0;0;0;0;0;0;
32002;4289855;539348992;34299904;491102208;0;0;0;0;0;0;0;0;0;0;0;2504;0;0;0;0;0;0;
32003;2197781;539348992;34299904;491102208;0;0;0;0;0;0;0;0;0;0;0;1843;0;0;0;0;0;0;
32004;4260310;539348992;34299904;491102208;0;0;0;0;0;0;0;0;0;0;0;1923;0;0;0;0;0;0;
32005;2255881;539348992;34299904;491102208;0;0;0;0;0;0;0;0;0;0;0;2164;0;0;0;0;0;0;
32006;4217910;539348992;34299904;491102208;0;0;0;0;0;0;0;0;0;0;0;1864;0;0;0;0;0;0;
32007;2357662;539348992;34299904;491102208;0;0;0;0;0;0;0;0;0;0;0;2414;0;0;0;0;0;0;
32008;4265680;539348992;34299904;491102208;0;0;0;0;0;0;0;0;0;0;0;1984;0;0;0;0;0;0;
32009;2273805;539348992;34299904;491102208;0;0;0;0;0;0;0;0;0;0;0;2144;0;0;0;0;0;0;
32010;4220615;539348992;34299904;491102208;0;0;0;0;0;0;0;0;0;0;0;1974;0;0;0;0;0;0;
32011;2271019;539348992;34299904;491102208;0;0;0;0;0;0;0;0;0;0;0;2184;0;0;0;0;0;0;
32012;4294304;539348992;34299904;491102208;0;0;0;0;0;0;0;0;0;0;0;2124;0;0;0;0;0;0;
32013;3041735;539348992;34299904;491102208;0;0;0;0;0;0;0;0;0;0;0;2886;0;0;0;0;0;0;
32014;4608242;539348992;34299904;491102208;0;0;0;0;0;0;0;0;0;0;0;2484;0;0;0;0;0;0;
32015;2380886;539348992;34299904;491102208;0;0;0;0;0;0;0;0;0;0;0;2023;0;0;0;0;0;0;
32016;4241574;539348992;34299904;491102208;0;0;0;0;0;0;0;0;0;0;0;1963;0;0;0;0;0;0;
32017;2226856;539348992;34299904;491102208;0;0;0;0;0;0;0;0;0;0;0;2074;0;0;0;0;0;0;
32018;4300154;539348992;34299904;491102208;0;0;0;0;0;0;0;0;0;0;0;2194;0;0;0;0;0;0;
32019;2285706;539348992;34299904;491102208;0;0;0;0;0;0;0;0;0;0;0;2204;0;0;0;0;0;0;
32020;4287731;539348992;34299904;491102208;0;0;0;0;0;0;0;0;0;0;0;2114;0;0;0;0;0;0;
32021;2270078;539348992;34299904;491102208;0;0;0;0;0;0;0;0;0;0;0;2084;0;0;0;0;0;0;
32022;4250230;539348992;34299904;491102208;0;0;0;0;0;0;0;0;0;0;0;1803;0;0;0;0;0;0;
32023;2579678;539348992;34299904;491102208;0;0;0;0;0;0;0;0;0;0;0;2705;0;0;0;0;0;0;
32024;4308060;539348992;34299904;491102208;0;0;0;0;0;0;0;0;0;0;0;1904;0;0;0;0;0;0;
32025;2328587;539348992;34299904;491102208;0;0;0;0;0;0;0;0;0;0;0;2184;0;0;0;0;0;0;
32026;4311165;539348992;34299904;491102208;0;0;0;0;0;0;0;0;0;0;0;2244;0;0;0;0;0;0;
32027;2259126;539348992;34299904;491102208;0;0;0;0;0;0;0;0;0;0;0;2405;0;0;0;0;0;0;
32028;4221998;539348992;34299904;491102208;0;0;0;0;0;0;0;0;0;0;0;2074;0;0;0;0;0;0;
32029;2453200;539348992;34299904;491102208;0;0;0;0;0;0;0;0;0;0;0;2174;0;0;0;0;0;0;
32030;4254659;539348992;34299904;491102208;0;0;0;0;0;0;0;0;0;0;0;2194;0;0;0;0;0;0;
32031;2269857;539348992;34299904;491102208;0;0;0;0;0;0;0;0;0;0;0;2315;0;0;0;0;0;0;
32032;4254549;539348992;34299904;491102208;0;0;0;0;0;0;0;0;0;0;0;1924;0;0;0;0;0;0;
32033;2248217;539348992;34299904;491102208;0;0;0;0;0;0;0;0;0;0;0;2074;0;0;0;0;0;0;
32034;4245412;539348992;34299904;491102208;0;0;0;0;0;0;0;0;0;0;0;2124;0;0;0;0;0;0;
32035;2263766;539348992;34299904;491102208;0;0;0;0;0;0;0;0;0;0;0;2084;0;0;0;0;0;0;
32036;4221517;539348992;34299904;491102208;0;0;0;0;0;0;0;0;0;0;0;2124;0;0;0;0;0;0;
32037;2264036;539348992;34299904;491102208;0;0;0;0;0;0;0;0;0;0;0;2234;0;0;0;0;0;0;
32038;4262715;539348992;34299904;491102208;0;0;0;0;0;0;0;0;0;0;0;2134;0;0;0;0;0;0;
32039;2334347;539348992;34299904;491102208;0;0;0;0;0;0;0;0;0;0;0;2124;0;0;0;0;0;0;
32040;4244039;539348992;34299904;491102208;0;0;0;0;0;0;0;0;0;0;0;1914;0;0;0;0;0;0;
32041;2252625;539348992;34299904;491102208;0;0;0;0;0;0;0;0;0;0;0;2755;0;0;0;0;0;0;
32042;4294083;539348992;34299904;491102208;0;0;0;0;0;0;0;0;0;0;0;1864;0;0;0;0;0;0;
32043;2236474;539348992;34299904;491102208;0;0;0;0;0;0;0;0;0;0;0;2114;0;0;0;0;0;0;
32044;4282581;539348992;34299904;491102208;0;0;0;0;0;0;0;0;0;0;0;1833;0;0;0;0;0;0;
32045;3101737;539348992;34299904;491102208;0;0;0;0;0;0;0;0;0;0;0;2515;0;0;0;0;0;0;
32046;4608283;539348992;34299904;491102208;0;0;0;0;0;0;0;0;0;0;0;1973;0;0;0;0;0;0;
32047;3200703;539348992;34299904;491102208;0;0;0;0;0;0;0;0;0;0;0;2044;0;0;0;0;0;0;
32048;4252254;539348992;34299904;491102208;0;0;0;0;0;0;0;0;0;0;0;1944;0;0;0;0;0;0;
32049;2376768;539348992;34299904;491102208;0;0;0;0;0;0;0;0;0;0;0;2165;0;0;0;0;0;0;
32050;4290106;539348992;34299904;491102208;0;0;0;0;0;0;0;0;0;0;0;1904;0;0;0;0;0;0;
32051;2292920;539348992;34299904;491102208;0;0;0;0;0;0;0;0;0;0;0;1973;0;0;0;0;0;0;
32052;4253737;539348992;34299904;491102208;0;0;0;0;0;0;0;0;0;0;0;1924;0;0;0;0;0;0;
32053;2265368;539348992;34299904;491102208;0;0;0;0;0;0;0;0;0;0;0;2425;0;0;0;0;0;0;
32054;4259448;539348992;34299904;491102208;0;0;0;0;0;0;0;0;0;0;0;1873;0;0;0;0;0;0;
32055;2192872;539348992;34299904;491102208;0;0;0;0;0;0;0;0;0;0;0;2364;0;0;0;0;0;0;
32056;4274897;539348992;34299904;491102208;0;0;0;0;0;0;0;0;0;0;0;2364;0;0;0;0;0;0;
32057;2210866;539348992;34299904;491102208;0;0;0;0;0;0;0;0;0;0;0;2044;0;0;0;0;0;0;
32058;4220135;539348992;34299904;491102208;0;0;0;0;0;0;0;0;0;0;0;2174;0;0;0;0;0;0;
32059;2265449;539348992;34299904;491102208;0;0;0;0;0;0;0;0;0;0;0;2304;0;0;0;0;0;0;
32060;4229572;539348992;34299904;491102208;0;0;0;0;0;0;0;0;0;0;0;2134;0;0;0;0;0;0;
32061;2423224;539348992;34299904;491102208;0;0;0;0;0;0;0;0;0;0;0;2184;0;0;0;0;0;0;
32062;4284355;539348992;34299904;491102208;0;0;0;0;0;0;0;0;0;0;0;2104;0;0;0;0;0;0;
32063;2249499;539348992;34299904;491102208;0;0;0;0;0;0;0;0;0;0;0;2385;0;0;0;0;0;0;
32064;4271741;539348992;34299904;491102208;0;0;0;0;0;0;0;0;0;0;0;1893;0;0;0;0;0;0;
32065;2218420;539348992;34299904;491102208;0;0;0;0;0;0;0;0;0;0;0;2144;0;0;0;0;0;0;
32066;4344007;539348992;34299904;491102208;0;0;0;0;0;0;0;0;0;0;0;1813;0;0;0;0;0;0;
32067;2234290;539348992;34299904;491102208;0;0;0;0;0;0;0;0;0;0;0;2254;0;0;0;0;0;0;
32068;4302860;539348992;34299904;491102208;0;0;0;0;0;0;0;0;0;0;0;2084;0;0;0;0;0;0;
32069;2317446;539348992;34299904;491102208;0;0;0;0;0;0;0;0;0;0;0;2154;0;0;0;0;0;0;
32070;4262764;539348992;34299904;491102208;0;0;0;0;0;0;0;0;0;0;0;1884;0;0;0;0;0;0;
32071;2291898;539348992;34299904;491102208;0;0;0;0;0;0;0;0;0;0;0;2375;0;0;0;0;0;0;
32072;4239651;539348992;34299904;491102208;0;0;0;0;0;0;0;0;0;0;0;2214;0;0;0;0;0;0;
32073;2212860;539348992;34299904;491102208;0;0;0;0;0;0;0;0;0;0;0;2214;0;0;0;0;0;0;
32074;4279095;539348992;34299904;491102208;0;0;0;0;0;0;0;0;0;0;0;1944;0;0;0;0;0;0;
32075;2242476;539348992;34299904;491102208;0;0;0;0;0;0;0;0;0;0;0;2295;0;0;0;0;0;0;
32076;4239621;539348992;34299904;491102208;0;0;0;0;0;0;0;0;0;0;0;2044;0;0;0;0;0;0;
32077;2285756;539348992;34299904;491102208;0;0;0;0;0;0;0;0;0;0;0;2074;0;0;0;0;0;0;
32078;4771719;539348992;34299904;491102208;0;0;0;0;0;0;0;0;0;0;0;2384;0;0;0;0;0;0;
32079;3300269;539348992;34299904;491102208;0;0;0;0;0;0;0;0;0;0;0;3156;0;0;0;0;0;0;
32080;4551326;539348992;34299904;491102208;0;0;0;0;0;0;0;0;0;0;0;2184;0;0;0;0;0;0;
32081;2344848;539348992;34299904;491102208;0;0;0;0;0;0;0;0;0;0;0;1994;0;0;0;0;0;0;
32082;4316495;539348992;34299904;491102208;0;0;0;0;0;0;0;0;0;0;0;2014;0;0;0;0;0;0;
32083;2224422;539348992;34299904;491102208;0;0;0;0;0;0;0;0;0;0;0;2816;0;0;0;0;0;0;
32084;4267093;539348992;34299904;491102208;0;0;0;0;0;0;0;0;0;0;0;1824;0;0;0;0;0;0;
32085;11502492;539348992;34299904;491102208;0;0;0;0;0;0;0;0;0;0;0;2304;0;0;0;0;0;0;
32086;4302008;539348992;34299904;491102208;0;0;0;0;0;0;0;0;0;0;0;1863;0;0;0;0;0;0;
32087;2287580;539348992;34299904;491102208;0;0;0;0;0;0;0;0;0;0;0;2425;0;0;0;0;0;0;
32088;4276450;539348992;34299904;491102208;0;0;0;0;0;0;0;0;0;0;0;1833;0;0;0;0;0;0;
32089;2248226;539348992;34299904;491102208;0;0;0;0;0;0;0;0;0;0;0;1944;0;0;0;0;0;0;
32090;4215235;539348992;34299904;491102208;0;0;0;0;0;0;0;0;0;0;0;2004;0;0;0;0;0;0;
32091;2318118;539348992;34299904;491102208;0;0;0;0;0;0;0;0;0;0;0;2254;0;0;0;0;0;0;
32092;4290366;539348992;34299904;491102208;0;0;0;0;0;0;0;0;0;0;0;2104;0;0;0;0;0;0;
32093;2349717;539348992;34299904;491102208;0;0;0;0;0;0;0;0;0;0;0;2534;0;0;0;0;0;0;
32094;4274667;539348992;34299904;491102208;0;0;0;0;0;0;0;0;0;0;0;2635;0;0;0;0;0;0;
32095;2358103;539348992;34299904;491102208;0;0;0;0;0;0;0;0;0;0;0;2625;0;0;0;0;0;0;
32096;4272312;539348992;34299904;491102208;0;0;0;0;0;0;0;0;0;0;0;2314;0;0;0;0;0;0;
32097;2490130;539348992;34299904;491102208;0;0;0;0;0;0;0;0;0;0;0;2876;0;0;0;0;0;0;
32098;4297710;539348992;34299904;491102208;0;0;0;0;0;0;0;0;0;0;0;1954;0;0;0;0;0;0;
32099;2265639;539348992;34299904;491102208;0;0;0;0;0;0;0;0;0;0;0;2345;0;0;0;0;0;0;
32100;4257895;539348992;34299904;491102208;0;0;0;0;0;0;0;0;0;0;0;2104;0;0;0;0;0;0;
32101;2305143;539348992;34299904;491102208;0;0;0;0;0;0;0;0;0;0;0;2274;0;0;0;0;0;0;
32102;4205918;539348992;34299904;491102208;0;0;0;0;0;0;0;0;0;0;0;2215;0;0;0;0;0;0;
32103;2489759;539348992;34299904;491102208;0;0;0;0;0;0;0;0;0;0;0;2144;0;0;0;0;0;0;
32104;4298471;539348992;34299904;491102208;0;0;0;0;0;0;0;0;0;0;0;2164;0;0;0;0;0;0;
32105;2269286;539348992;34299904;491102208;0;0;0;0;0;0;0;0;0;0;0;2365;0;0;0;0;0;0;
32106;4228550;539348992;34299904;491102208;0;0;0;0;0;0;0;0;0;0;0;1914;0;0;0;0;0;0;
32107;2344997;539348992;34299904;491102208;0;0;0;0;0;0;0;0;0;0;0;2194;0;0;0;0;0;0;
32108;4639030;539348992;34299904;491102208;0;0;0;0;0;0;0;0;0;0;0;2454;0;0;0;0;0;0;
32109;2368182;539348992;34299904;491102208;0;0;0;0;0;0;0;0;0;0;0;2344;0;0;0;0;0;0;
32110;4242928;539348992;34299904;491102208;0;0;0;0;0;0;0;0;0;0;0;1883;0;0;0;0;0;0;
32111;2291808;539348992;34299904;491102208;0;0;0;0;0;0;0;0;0;0;0;2274;0;0;0;0;0;0;
32112;4349447;539348992;34299904;491102208;0;0;0;0;0;0;0;0;0;0;0;2274;0;0;0;0;0;0;
32113;2240712;539348992;34299904;491102208;0;0;0;0;0;0;0;0;0;0;0;2285;0;0;0;0;0;0;
32114;4294434;539348992;34299904;491102208;0;0;0;0;0;0;0;0;0;0;0;2224;0;0;0;0;0;0;
32115;2266110;539348992;34299904;491102208;0;0;0;0;0;0;0;0;0;0;0;2053;0;0;0;0;0;0;
32116;4219604;539348992;34299904;491102208;0;0;0;0;0;0;0;0;0;0;0;2154;0;0;0;0;0;0;
32117;2398358;539348992;34299904;491102208;0;0;0;0;0;0;0;0;0;0;0;2655;0;0;0;0;0;0;
32118;4241284;539348992;34299904;491102208;0;0;0;0;0;0;0;0;0;0;0;2475;0;0;0;0;0;0;
32119;2305664;539348992;34299904;491102208;0;0;0;0;0;0;0;0;0;0;0;2775;0;0;0;0;0;0;
32120;4319240;539348992;34299904;491102208;0;0;0;0;0;0;0;0;0;0;0;2375;0;0;0;0;0;0;
32121;2172364;539348992;34299904;491102208;0;0;0;0;0;0;0;0;0;0;0;2365;0;0;0;0;0;0;
32122;4295256;539348992;34299904;491102208;0;0;0;0;0;0;0;0;0;0;0;2194;0;0;0;0;0;0;
32123;2196089;539348992;34299904;491102208;0;0;0;0;0;0;0;0;0;0;0;2234;0;0;0;0;0;0;
32124;4301317;539348992;34299904;491102208;0;0;0;0;0;0;0;0;0;0;0;2104;0;0;0;0;0;0;
32125;2182794;539348992;34299904;491102208;0;0;0;0;0;0;0;0;0;0;0;2134;0;0;0;0;0;0;
32126;4277672;539348992;34299904;491102208;0;0;0;0;0;0;0;0;0;0;0;2034;0;0;0;0;0;0;
32127;2242486;539348992;34299904;491102208;0;0;0;0;0;0;0;0;0;0;0;2264;0;0;0;0;0;0;
32128;4243658;539348992;34299904;491102208;0;0;0;0;0;0;0;0;0;0;0;2214;0;0;0;0;0;0;
32129;2227277;539348992;34299904;491102208;0;0;0;0;0;0;0;0;0;0;0;2425;0;0;0;0;0;0;
32130;4247927;539348992;34299904;491102208;0;0;0;0;0;0;0;0;0;0;0;2084;0;0;0;0;0;0;
32131;2247274;539348992;34299904;491102208;0;0;0;0;0;0;0;0;0;0;0;2865;0;0;0;0;0;0;
32132;4276930;539348992;34299904;491102208;0;0;0;0;0;0;0;0;0;0;0;2044;0;0;0;0;0;0;
32133;2337174;539348992;34299904;491102208;0;0;0;0;0;0;0;0;0;0;0;2365;0;0;0;0;0;0;
32134;4278364;539348992;34299904;491102208;0;0;0;0;0;0;0;0;0;0;0;2054;0;0;0;0;0;0;
32135;2273063;539348992;34299904;491102208;0;0;0;0;0;0;0;0;0;0;0;1964;0;0;0;0;0;0;
32136;4302829;539348992;34299904;491102208;0;0;0;0;0;0;0;0;0;0;0;2104;0;0;0;0;0;0;
32137;2271570;539348992;34299904;491102208;0;0;0;0;0;0;0;0;0;0;0;2295;0;0;0;0;0;0;
32138;4383351;539348992;34299904;491102208;0;0;0;0;0;0;0;0;0;0;0;1893;0;0;0;0;0;0;
32139;3043769;539348992;34299904;491102208;0;0;0;0;0;0;0;0;0;0;0;2786;0;0;0;0;0;0;
32140;4590038;539348992;34299904;491102208;0;0;0;0;0;0;0;0;0;0;0;2235;0;0;0;0;0;0;
32141;2605647;539348992;34299904;491102208;0;0;0;0;0;0;0;0;0;0;0;2274;0;0;0;0;0;0;
32142;4218912;539348992;34299904;491102208;0;0;0;0;0;0;0;0;0;0;0;1964;0;0;0;0;0;0;
32143;2201608;539348992;34299904;491102208;0;0;0;0;0;0;0;0;0;0;0;2485;0;0;0;0;0;0;
32144;4238109;539348992;34299904;491102208;0;0;0;0;0;0;0;0;0;0;0;2034;0;0;0;0;0;0;
32145;2239680;539348992;34299904;491102208;0;0;0;0;0;0;0;0;0;0;0;2465;0;0;0;0;0;0;
32146;4257915;539348992;34299904;491102208;0;0;0;0;0;0;0;0;0;0;0;2324;0;0;0;0;0;0;
32147;2294543;539348992;34299904;491102208;0;0;0;0;0;0;0;0;0;0;0;2454;0;0;0;0;0;0;
32148;4273505;539348992;34299904;491102208;0;0;0;0;0;0;0;0;0;0;0;2124;0;0;0;0;0;0;
32149;2256812;539348992;34299904;491102208;0;0;0;0;0;0;0;0;0;0;0;2325;0;0;0;0;0;0;
32150;4248688;539348992;34299904;491102208;0;0;0;0;0;0;0;0;0;0;0;1773;0;0;0;0;0;0;
32151;2123663;539348992;34299904;491102208;0;0;0;0;0;0;0;0;0;0;0;2184;0;0;0;0;0;0;
32152;4232898;539348992;34299904;491102208;0;0;0;0;0;0;0;0;0;0;0;1864;0;0;0;0;0;0;
32153;2228599;539348992;34299904;491102208;0;0;0;0;0;0;0;0;0;0;0;2215;0;0;0;0;0;0;
32154;4263947;539348992;34299904;491102208;0;0;0;0;0;0;0;0;0;0;0;2004;0;0;0;0;0;0;
32155;2268915;539348992;34299904;491102208;0;0;0;0;0;0;0;0;0;0;0;2625;0;0;0;0;0;0;
32156;4240262;539348992;34299904;491102208;0;0;0;0;0;0;0;0;0;0;0;2104;0;0;0;0;0;0;
32157;2228699;539348992;34299904;491102208;0;0;0;0;0;0;0;0;0;0;0;2044;0;0;0;0;0;0;
32158;4260711;539348992;34299904;491102208;0;0;0;0;0;0;0;0;0;0;0;2023;0;0;0;0;0;0;
32159;2277341;539348992;34299904;491102208;0;0;0;0;0;0;0;0;0;0;0;2114;0;0;0;0;0;0;
32160;4296627;539348992;34299904;491102208;0;0;0;0;0;0;0;0;0;0;0;1864;0;0;0;0;0;0;
32161;2287299;539348992;34299904;491102208;0;0;0;0;0;0;0;0;0;0;0;1874;0;0;0;0;0;0;
32162;4234331;539348992;34299904;491102208;0;0;0;0;0;0;0;0;0;0;0;1894;0;0;0;0;0;0;
32163;2255510;539348992;34299904;491102208;0;0;0;0;0;0;0;0;0;0;0;2174;0;0;0;0;0;0;
32164;4263055;539348992;34299904;491102208;0;0;0;0;0;0;0;0;0;0;0;1844;0;0;0;0;0;0;
32165;2361869;539348992;34299904;491102208;0;0;0;0;0;0;0;0;0;0;0;2144;0;0;0;0;0;0;
32166;4252525;539348992;34299904;491102208;0;0;0;0;0;0;0;0;0;0;0;2374;0;0;0;0;0;0;
32167;2224081;539348992;34299904;491102208;0;0;0;0;0;0;0;0;0;0;0;2225;0;0;0;0;0;0;
32168;4281850;539348992;34299904;491102208;0;0;0;0;0;0;0;0;0;0;0;1933;0;0;0;0;0;0;
32169;2236885;539348992;34299904;491102208;0;0;0;0;0;0;0;0;0;0;0;2264;0;0;0;0;0;0;
32170;4228571;539348992;34299904;491102208;0;0;0;0;0;0;0;0;0;0;0;1984;0;0;0;0;0;0;
32171;3105775;539348992;34299904;491102208;0;0;0;0;0;0;0;0;0;0;0;3176;0;0;0;0;0;0;
32172;4539594;539348992;34299904;491102208;0;0;0;0;0;0;0;0;0;0;0;2064;0;0;0;0;0;0;
32173;2266220;539348992;34299904;491102208;0;0;0;0;0;0;0;0;0;0;0;2175;0;0;0;0;0;0;
32174;4204034;539348992;34299904;491102208;0;0;0;0;0;0;0;0;0;0;0;1844;0;0;0;0;0;0;
32175;2286148;539348992;34299904;491102208;0;0;0;0;0;0;0;0;0;0;0;2374;0;0;0;0;0;0;
32176;4214644;539348992;34299904;491102208;0;0;0;0;0;0;0;0;0;0;0;2354;0;0;0;0;0;0;
32177;2449544;539348992;34299904;491102208;0;0;0;0;0;0;0;0;0;0;0;2514;0;0;0;0;0;0;
32178;4317116;539348992;34299904;491102208;0;0;0;0;0;0;0;0;0;0;0;2154;0;0;0;0;0;0;
32179;2273573;539348992;34299904;491102208;0;0;0;0;0;0;0;0;0;0;0;2375;0;0;0;0;0;0;
32180;4282111;539348992;34299904;491102208;0;0;0;0;0;0;0;0;0;0;0;2144;0;0;0;0;0;0;
32181;2299262;539348992;34299904;491102208;0;0;0;0;0;0;0;0;0;0;0;2264;0;0;0;0;0;0;
32182;4257956;539348992;34299904;491102208;0;0;0;0;0;0;0;0;0;0;0;2274;0;0;0;0;0;0;
32183;2200346;539348992;34299904;491102208;0;0;0;0;0;0;0;0;0;0;0;2355;0;0;0;0;0;0;
32184;4256512;539348992;34299904;491102208;0;0;0;0;0;0;0;0;0;0;0;2024;0;0;0;0;0;0;
32185;2214623;539348992;34299904;491102208;0;0;0;0;0;0;0;0;0;0;0;2905;0;0;0;0;0;0;
32186;4250491;539348992;34299904;491102208;0;0;0;0;0;0;0;0;0;0;0;2204;0;0;0;0;0;0;
32187;2351149;539348992;34299904;491102208;0;0;0;0;0;0;0;0;0;0;0;2195;0;0;0;0;0;0;
32188;4277142;539348992;34299904;491102208;0;0;0;0;0;0;0;0;0;0;0;2004;0;0;0;0;0;0;
32189;2299713;539348992;34299904;491102208;0;0;0;0;0;0;0;0;0;0;0;2235;0;0;0;0;0;0;
32190;4300195;539348992;34299904;491102208;0;0;0;0;0;0;0;0;0;0;0;2024;0;0;0;0;0;0;
32191;2268684;539348992;34299904;491102208;0;0;0;0;0;0;0;0;0;0;0;2114;0;0;0;0;0;0;
32192;4237747;539348992;34299904;491102208;0;0;0;0;0;0;0;0;0;0;0;2174;0;0;0;0;0;0;
32193;2219272;539348992;34299904;491102208;0;0;0;0;0;0;0;0;0;0;0;2515;0;0;0;0;0;0;
32194;4292820;539348992;34299904;491102208;0;0;0;0;0;0;0;0;0;0;0;2325;0;0;0;0;0;0;
32195;2255901;539348992;34299904;491102208;0;0;0;0;0;0;0;0;0;0;0;2505;0;0;0;0;0;0;
32196;4248307;539348992;34299904;491102208;0;0;0;0;0;0;0;0;0;0;0;2044;0;0;0;0;0;0;
32197;2364455;539348992;34299904;491102208;0;0;0;0;0;0;0;0;0;0;0;2304;0;0;0;0;0;0;
32198;4314331;539348992;34299904;491102208;0;0;0;0;0;0;0;0;0;0;0;1964;0;0;0;0;0;0;
32199;2285607;539348992;34299904;491102208;0;0;0;0;0;0;0;0;0;0;0;2394;0;0;0;0;0;0;
32200;4264708;539348992;34299904;491102208;0;0;0;0;0;0;0;0;0;0;0;2284;0;0;0;0;0;0;
32201;2283272;539348992;34299904;491102208;0;0;0;0;0;0;0;0;0;0;0;2565;0;0;0;0;0;0;
32202;4318589;539348992;34299904;491102208;0;0;0;0;0;0;0;0;0;0;0;2294;0;0;0;0;0;0;
32203;2928873;539348992;34299904;491102208;0;0;0;0;0;0;0;0;0;0;0;2705;0;0;0;0;0;0;
32204;4259739;539348992;34299904;491102208;0;0;0;0;0;0;0;0;0;0;0;2364;0;0;0;0;0;0;
32205;2318408;539348992;34299904;491102208;0;0;0;0;0;0;0;0;0;0;0;2544;0;0;0;0;0;0;
32206;4338226;539348992;34299904;491102208;0;0;0;0;0;0;0;0;0;0;0;2274;0;0;0;0;0;0;
32207;2225824;539348992;34299904;491102208;0;0;0;0;0;0;0;0;0;0;0;2585;0;0;0;0;0;0;
32208;4298992;539348992;34299904;491102208;0;0;0;0;0;0;0;0;0;0;0;2174;0;0;0;0;0;0;
32209;2176361;539348992;34299904;491102208;0;0;0;0;0;0;0;0;0;0;0;2124;0;0;0;0;0;0;
32210;4384643;539348992;34299904;491102208;0;0;0;0;0;0;0;0;0;0;0;2494;0;0;0;0;0;0;
32211;2243698;539348992;34299904;491102208;0;0;0;0;0;0;0;0;0;0;0;2044;0;0;0;0;0;0;
32212;4293772;539348992;34299904;491102208;0;0;0;0;0;0;0;0;0;0;0;1723;0;0;0;0;0;0;
32213;2317166;539348992;34299904;491102208;0;0;0;0;0;0;0;0;0;0;0;2755;0;0;0;0;0;0;
32214;4256934;539348992;34299904;491102208;0;0;0;0;0;0;0;0;0;0;0;2044;0;0;0;0;0;0;
32215;2261622;539348992;34299904;491102208;0;0;0;0;0;0;0;0;0;0;0;2435;0;0;0;0;0;0;
32216;4277993;539348992;34299904;491102208;0;0;0;0;0;0;0;0;0;0;0;1974;0;0;0;0;0;0;
32217;2279375;539348992;34299904;491102208;0;0;0;0;0;0;0;0;0;0;0;1804;0;0;0;0;0;0;
32218;4260320;539348992;34299904;491102208;0;0;0;0;0;0;0;0;0;0;0;1874;0;0;0;0;0;0;
32219;2190588;539348992;34299904;491102208;0;0;0;0;0;0;0;0;0;0;0;2644;0;0;0;0;0;0;
32220;4367902;539348992;34299904;491102208;0;0;0;0;0;0;0;0;0;0;0;2605;0;0;0;0;0;0;
32221;2255781;539348992;34299904;491102208;0;0;0;0;0;0;0;0;0;0;0;2404;0;0;0;0;0;0;
32222;4270469;539348992;34299904;491102208;0;0;0;0;0;0;0;0;0;0;0;2264;0;0;0;0;0;0;
32223;2216537;539348992;34299904;491102208;0;0;0;0;0;0;0;0;0;0;0;2305;0;0;0;0;0;0;
32224;4261733;539348992;34299904;491102208;0;0;0;0;0;0;0;0;0;0;0;1994;0;0;0;0;0;0;
32225;2335200;539348992;34299904;491102208;0;0;0;0;0;0;0;0;0;0;0;2705;0;0;0;0;0;0;
32226;4295986;539348992;34299904;491102208;0;0;0;0;0;0;0;0;0;0;0;2064;0;0;0;0;0;0;
32227;2290926;539348992;34299904;491102208;0;0;0;0;0;0;0;0;0;0;0;2244;0;0;0;0;0;0;
32228;4269126;539348992;34299904;491102208;0;0;0;0;0;0;0;0;0;0;0;2324;0;0;0;0;0;0;
32229;2351540;539348992;34299904;491102208;0;0;0;0;0;0;0;0;0;0;0;2204;0;0;0;0;0;0;
32230;4262444;539348992;34299904;491102208;0;0;0;0;0;0;0;0;0;0;0;1914;0;0;0;0;0;0;
32231;2281429;539348992;34299904;491102208;0;0;0;0;0;0;0;0;0;0;0;2144;0;0;0;0;0;0;
32232;4286568;539348992;34299904;491102208;0;0;0;0;0;0;0;0;0;0;0;2014;0;0;0;0;0;0;
32233;2226405;539348992;34299904;491102208;0;0;0;0;0;0;0;0;0;0;0;2445;0;0;0;0;0;0;
32234;4748075;539348992;34299904;491102208;0;0;0;0;0;0;0;0;0;0;0;2544;0;0;0;0;0;0;
32235;2356679;539348992;34299904;491102208;0;0;0;0;0;0;0;0;0;0;0;2155;0;0;0;0;0;0;
32236;4231907;539348992;34299904;491102208;0;0;0;0;0;0;0;0;0;0;0;1704;0;0;0;0;0;0;
32237;2247164;539348992;34299904;491102208;0;0;0;0;0;0;0;0;0;0;0;2214;0;0;0;0;0;0;
32238;4252324;539348992;34299904;491102208;0;0;0;0;0;0;0;0;0;0;0;1904;0;0;0;0;0;0;
32239;2230263;539348992;34299904;491102208;0;0;0;0;0;0;0;0;0;0;0;2214;0;0;0;0;0;0;
32240;4233289;539348992;34299904;491102208;0;0;0;0;0;0;0;0;0;0;0;2014;0;0;0;0;0;0;
32241;2234521;539348992;34299904;491102208;0;0;0;0;0;0;0;0;0;0;0;2355;0;0;0;0;0;0;
32242;4303801;539348992;34299904;491102208;0;0;0;0;0;0;0;0;0;0;0;2264;0;0;0;0;0;0;
32243;2174888;539348992;34299904;491102208;0;0;0;0;0;0;0;0;0;0;0;2485;0;0;0;0;0;0;
32244;4267563;539348992;34299904;491102208;0;0;0;0;0;0;0;0;0;0;0;2314;0;0;0;0;0;0;
32245;2558458;539348992;34299904;491102208;0;0;0;0;0;0;0;0;0;0;0;2494;0;0;0;0;0;0;
32246;4229522;539348992;34299904;491102208;0;0;0;0;0;0;0;0;0;0;0;2254;0;0;0;0;0;0;
32247;2286708;539348992;34299904;491102208;0;0;0;0;0;0;0;0;0;0;0;2214;0;0;0;0;0;0;
32248;4238900;539348992;34299904;491102208;0;0;0;0;0;0;0;0;0;0;0;2445;0;0;0;0;0;0;
32249;2292730;539348992;34299904;491102208;0;0;0;0;0;0;0;0;0;0;0;2144;0;0;0;0;0;0;
32250;4259468;539348992;34299904;491102208;0;0;0;0;0;0;0;0;0;0;0;2284;0;0;0;0;0;0;
32251;2418445;539348992;34299904;491102208;0;0;0;0;0;0;0;0;0;0;0;2014;0;0;0;0;0;0;
32252;4263656;539348992;34299904;491102208;0;0;0;0;0;0;0;0;0;0;0;2004;0;0;0;0;0;0;
32253;2361869;539348992;34299904;491102208;0;0;0;0;0;0;0;0;0;0;0;2554;0;0;0;0;0;0;
32254;4314351;539348992;34299904;491102208;0;0;0;0;0;0;0;0;0;0;0;2225;0;0;0;0;0;0;
32255;2296427;539348992;34299904;491102208;0;0;0;0;0;0;0;0;0;0;0;2705;0;0;0;0;0;0;
32256;4272152;539348992;34299904;491102208;0;0;0;0;0;0;0;0;0;0;0;2234;0;0;0;0;0;0;
32257;2258285;539348992;34299904;491102208;0;0;0;0;0;0;0;0;0;0;0;2094;0;0;0;0;0;0;
32258;4272293;539348992;34299904;491102208;0;0;0;0;0;0;0;0;0;0;0;1954;0;0;0;0;0;0;
32259;2205557;539348992;34299904;491102208;0;0;0;0;0;0;0;0;0;0;0;2345;0;0;0;0;0;0;
32260;4317577;539348992;34299904;491102208;0;0;0;0;0;0;0;0;0;0;0;2064;0;0;0;0;0;0;
32261;2253255;539348992;34299904;491102208;0;0;0;0;0;0;0;0;0;0;0;2074;0;0;0;0;0;0;
32262;4349136;539348992;34299904;491102208;0;0;0;0;0;0;0;0;0;0;0;1913;0;0;0;0;0;0;
32263;2214594;539348992;34299904;491102208;0;0;0;0;0;0;0;0;0;0;0;2334;0;0;0;0;0;0;
32264;4289133;539348992;34299904;491102208;0;0;0;0;0;0;0;0;0;0;0;2134;0;0;0;0;0;0;
32265;3012750;539348992;34299904;491102208;0;0;0;0;0;0;0;0;0;0;0;2284;0;0;0;0;0;0;
32266;4215135;539348992;34299904;491102208;0;0;0;0;0;0;0;0;0;0;0;1903;0;0;0;0;0;0;
32267;2276659;539348992;34299904;491102208;0;0;0;0;0;0;0;0;0;0;0;2044;0;0;0;0;0;0;
32268;4266381;539348992;34299904;491102208;0;0;0;0;0;0;0;0;0;0;0;2374;0;0;0;0;0;0;
32269;2274646;539348992;34299904;491102208;0;0;0;0;0;0;0;0;0;0;0;2515;0;0;0;0;0;0;
32270;4318849;539348992;34299904;491102208;0;0;0;0;0;0;0;0;0;0;0;1954;0;0;0;0;0;0;
32271;2229822;539348992;34299904;491102208;0;0;0;0;0;0;0;0;0;0;0;2154;0;0;0;0;0;0;
32272;4310564;539348992;34299904;491102208;0;0;0;0;0;0;0;0;0;0;0;2305;0;0;0;0;0;0;
32273;2350047;539348992;34299904;491102208;0;0;0;0;0;0;0;0;0;0;0;2265;0;0;0;0;0;0;
32274;4270398;539348992;34299904;491102208;0;0;0;0;0;0;0;0;0;0;0;8917;0;0;0;0;0;0;
32275;2277712;539348992;34299904;491102208;0;0;0;0;0;0;0;0;0;0;0;2245;0;0;0;0;0;0;
32276;4231385;539348992;34299904;491102208;0;0;0;0;0;0;0;0;0;0;0;1974;0;0;0;0;0;0;
32277;2400332;539348992;34299904;491102208;0;0;0;0;0;0;0;0;0;0;0;2104;0;0;0;0;0;0;
32278;4237938;539348992;34299904;491102208;0;0;0;0;0;0;0;0;0;0;0;1803;0;0;0;0;0;0;
32279;2406834;539348992;34299904;491102208;0;0;0;0;0;0;0;0;0;0;0;2254;0;0;0;0;0;0;
32280;4299884;539348992;34299904;491102208;0;0;0;0;0;0;0;0;0;0;0;1834;0;0;0;0;0;0;
32281;2267612;539348992;34299904;491102208;0;0;0;0;0;0;0;0;0;0;0;2134;0;0;0;0;0;0;
32282;4285297;539348992;34299904;491102208;0;0;0;0;0;0;0;0;0;0;0;1814;0;0;0;0;0;0;
32283;2257293;539348992;34299904;491102208;0;0;0;0;0;0;0;0;0;0;0;1984;0;0;0;0;0;0;
32284;4297760;539348992;34299904;491102208;0;0;0;0;0;0;0;0;0;0;0;1893;0;0;0;0;0;0;
32285;2287039;539348992;34299904;491102208;0;0;0;0;0;0;0;0;0;0;0;2154;0;0;0;0;0;0;
32286;4302398;539348992;34299904;491102208;0;0;0;0;0;0;0;0;0;0;0;1964;0;0;0;0;0;0;
32287;2285426;539348992;34299904;491102208;0;0;0;0;0;0;0;0;0;0;0;1984;0;0;0;0;0;0;
32288;4278764;539348992;34299904;491102208;0;0;0;0;0;0;0;0;0;0;0;2424;0;0;0;0;0;0;
32289;2256501;539348992;34299904;491102208;0;0;0;0;0;0;0;0;0;0;0;1914;0;0;0;0;0;0;
32290;4283974;539348992;34299904;491102208;0;0;0;0;0;0;0;0;0;0;0;1763;0;0;0;0;0;0;
32291;2278062;539348992;34299904;491102208;0;0;0;0;0;0;0;0;0;0;0;2094;0;0;0;0;0;0;
32292;4255431;539348992;34299904;491102208;0;0;0;0;0;0;0;0;0;0;0;1904;0;0;0;0;0;0;
32293;2347632;539348992;34299904;491102208;0;0;0;0;0;0;0;0;0;0;0;2264;0;0;0;0;0;0;
32294;4270078;539348992;34299904;491102208;0;0;0;0;0;0;0;0;0;0;0;1793;0;0;0;0;0;0;
32295;2341201;539348992;34299904;491102208;0;0;0;0;0;0;0;0;0;0;0;2084;0;0;0;0;0;0;
32296;4630354;539348992;34299904;491102208;0;0;0;0;0;0;0;0;0;0;0;2564;0;0;0;0;0;0;
32297;3338732;539348992;34299904;491102208;0;0;0;0;0;0;0;0;0;0;0;2485;0;0;0;0;0;0;
32298;4494208;539348992;34299904;491102208;0;0;0;0;0;0;0;0;0;0;0;1893;0;0;0;0;0;0;
32299;2241063;539348992;34299904;491102208;0;0;0;0;0;0;0;0;0;0;0;2184;0;0;0;0;0;0;
32300;4249729;539348992;34299904;491102208;0;0;0;0;0;0;0;0;0;0;0;2215;0;0;0;0;0;0;
32301;2244119;539348992;34299904;491102208;0;0;0;0;0;0;0;0;0;0;0;2405;0;0;0;0;0;0;
32302;4308400;539348992;34299904;491102208;0;0;0;0;0;0;0;0;0;0;0;2074;0;0;0;0;0;0;
32303;2222798;539348992;34299904;491102208;0;0;0;0;0;0;0;0;0;0;0;2235;0;0;0;0;0;0;
32304;4267894;539348992;34299904;491102208;0;0;0;0;0;0;0;0;0;0;0;2104;0;0;0;0;0;0;
32305;2238999;539348992;34299904;491102208;0;0;0;0;0;0;0;0;0;0;0;2444;0;0;0;0;0;0;
32306;4294915;539348992;34299904;491102208;0;0;0;0;0;0;0;0;0;0;0;2144;0;0;0;0;0;0;
32307;2227437;539348992;34299904;491102208;0;0;0;0;0;0;0;0;0;0;0;2304;0;0;0;0;0;0;
32308;4257284;539348992;34299904;491102208;0;0;0;0;0;0;0;0;0;0;0;2064;0;0;0;0;0;0;
32309;2278393;539348992;34299904;491102208;0;0;0;0;0;0;0;0;0;0;0;2414;0;0;0;0;0;0;
32310;4260240;539348992;34299904;491102208;0;0;0;0;0;0;0;0;0;0;0;1853;0;0;0;0;0;0;
32311;2263195;539348992;34299904;491102208;0;0;0;0;0;0;0;0;0;0;0;2044;0;0;0;0;0;0;
32312;4280057;539348992;34299904;491102208;0;0;0;0;0;0;0;0;0;0;0;1934;0;0;0;0;0;0;
32313;2257955;539348992;34299904;491102208;0;0;0;0;0;0;0;0;0;0;0;2204;0;0;0;0;0;0;
32314;4311766;539348992;34299904;491102208;0;0;0;0;0;0;0;0;0;0;0;2044;0;0;0;0;0;0;
32315;2346972;539348992;34299904;491102208;0;0;0;0;0;0;0;0;0;0;0;2144;0;0;0;0;0;0;
32316;4222208;539348992;34299904;491102208;0;0;0;0;0;0;0;0;0;0;0;2054;0;0;0;0;0;0;
32317;2266130;539348992;34299904;491102208;0;0;0;0;0;0;0;0;0;0;0;2174;0;0;0;0;0;0;
32318;4262353;539348992;34299904;491102208;0;0;0;0;0;0;0;0;0;0;0;2244;0;0;0;0;0;0;
32319;2454663;539348992;34299904;491102208;0;0;0;0;0;0;0;0;0;0;0;2394;0;0;0;0;0;0;
32320;4272633;539348992;34299904;491102208;0;0;0;0;0;0;0;0;0;0;0;1883;0;0;0;0;0;0;
32321;2255129;539348992;34299904;491102208;0;0;0;0;0;0;0;0;0;0;0;2014;0;0;0;0;0;0;
32322;4255540;539348992;34299904;491102208;0;0;0;0;0;0;0;0;0;0;0;2003;0;0;0;0;0;0;
32323;2250540;539348992;34299904;491102208;0;0;0;0;0;0;0;0;0;0;0;2425;0;0;0;0;0;0;
32324;4231095;539348992;34299904;491102208;0;0;0;0;0;0;0;0;0;0;0;2194;0;0;0;0;0;0;
32325;2513333;539348992;34299904;491102208;0;0;0;0;0;0;0;0;0;0;0;2155;0;0;0;0;0;0;
32326;4253647;539348992;34299904;491102208;0;0;0;0;0;0;0;0;0;0;0;2074;0;0;0;0;0;0;
32327;2249970;539348992;34299904;491102208;0;0;0;0;0;0;0;0;0;0;0;2094;0;0;0;0;0;0;
32328;4325713;539348992;34299904;491102208;0;0;0;0;0;0;0;0;0;0;0;2084;0;0;0;0;0;0;
32329;2676880;539348992;34299904;491102208;0;0;0;0;0;0;0;0;0;0;0;2334;0;0;0;0;0;0;
32330;4296748;539348992;34299904;491102208;0;0;0;0;0;0;0;0;0;0;0;2024;0;0;0;0;0;0;
32331;2268344;539348992;34299904;491102208;0;0;0;0;0;0;0;0;0;0;0;2174;0;0;0;0;0;0;
32332;4319080;539348992;34299904;491102208;0;0;0;0;0;0;0;0;0;0;0;2224;0;0;0;0;0;0;
32333;2244610;539348992;34299904;491102208;0;0;0;0;0;0;0;0;0;0;0;2124;0;0;0;0;0;0;
32334;4231886;539348992;34299904;491102208;0;0;0;0;0;0;0;0;0;0;0;1943;0;0;0;0;0;0;
32335;2276129;539348992;34299904;491102208;0;0;0;0;0;0;0;0;0;0;0;2124;0;0;0;0;0;0;
32336;4247125;539348992;34299904;491102208;0;0;0;0;0;0;0;0;0;0;0;2033;0;0;0;0;0;0;
32337;2257764;539348992;34299904;491102208;0;0;0;0;0;0;0;0;0;0;0;2174;0;0;0;0;0;0;
32338;4236395;539348992;34299904;491102208;0;0;0;0;0;0;0;0;0;0;0;2234;0;0;0;0;0;0;
32339;2263244;539348992;34299904;491102208;0;0;0;0;0;0;0;0;0;0;0;2024;0;0;0;0;0;0;
32340;4285928;539348992;34299904;491102208;0;0;0;0;0;0;0;0;0;0;0;1814;0;0;0;0;0;0;
32341;2205766;539348992;34299904;491102208;0;0;0;0;0;0;0;0;0;0;0;2174;0;0;0;0;0;0;
32342;4246353;539348992;34299904;491102208;0;0;0;0;0;0;0;0;0;0;0;1873;0;0;0;0;0;0;
32343;2157276;539348992;34299904;491102208;0;0;0;0;0;0;0;0;0;0;0;2054;0;0;0;0;0;0;
32344;4181662;539348992;34299904;491102208;0;0;0;0;0;0;0;0;0;0;0;1773;0;0;0;0;0;0;
32345;2147167;539348992;34299904;491102208;0;0;0;0;0;0;0;0;0;0;0;1953;0;0;0;0;0;0;
32346;4306777;539348992;34299904;491102208;0;0;0;0;0;0;0;0;0;0;0;2264;0;0;0;0;0;0;
32347;2188334;539348992;34299904;491102208;0;0;0;0;0;0;0;0;0;0;0;2094;0;0;0;0;0;0;
32348;4210577;539348992;34299904;491102208;0;0;0;0;0;0;0;0;0;0;0;2054;0;0;0;0;0;0;
32349;2104817;539348992;34299904;491102208;0;0;0;0;0;0;0;0;0;0;0;1923;0;0;0;0;0;0;
32350;4197111;539348992;34299904;491102208;0;0;0;0;0;0;0;0;0;0;0;2053;0;0;0;0;0;0;
32351;2120036;539348992;34299904;491102208;0;0;0;0;0;0;0;0;0;0;0;2255;0;0;0;0;0;0;
32352;4289524;539348992;34299904;491102208;0;0;0;0;0;0;0;0;0;0;0;1863;0;0;0;0;0;0;
32353;2592602;539348992;34299904;491102208;0;0;0;0;0;0;0;0;0;0;0;3036;0;0;0;0;0;0;
32354;4373763;539348992;34299904;491102208;0;0;0;0;0;0;0;0;0;0;0;2314;0;0;0;0;0;0;
32355;2658445;539348992;34299904;491102208;0;0;0;0;0;0;0;0;0;0;0;2855;0;0;0;0;0;0;
32356;4339418;539348992;34299904;491102208;0;0;0;0;0;0;0;0;0;0;0;2455;0;0;0;0;0;0;
32357;2689193;539348992;34299904;491102208;0;0;0;0;0;0;0;0;0;0;0;3576;0;0;0;0;0;0;
32358;4385234;539348992;34299904;491102208;0;0;0;0;0;0;0;0;0;0;0;2174;0;0;0;0;0;0;
32359;3920593;539348992;34299904;491102208;0;0;0;0;0;0;0;0;0;0;0;3447;0;0;0;0;0;0;
32360;4409630;539348992;34299904;491102208;0;0;0;0;0;0;0;0;0;0;0;2295;0;0;0;0;0;0;
32361;2488066;539348992;34299904;491102208;0;0;0;0;0;0;0;0;0;0;0;2735;0;0;0;0;0;0;
32362;4570732;539348992;34299904;491102208;0;0;0;0;0;0;0;0;0;0;0;2605;0;0;0;0;0;0;
32363;2639280;539348992;34299904;491102208;0;0;0;0;0;0;0;0;0;0;0;3125;0;0;0;0;0;0;
32364;4615295;539348992;34299904;491102208;0;0;0;0;0;0;0;0;0;0;0;2746;0;0;0;0;0;0;
32365;2590609;539348992;34299904;491102208;0;0;0;0;0;0;0;0;0;0;0;3287;0;0;0;0;0;0;
32366;4581392;539348992;34299904;491102208;0;0;0;0;0;0;0;0;0;0;0;2795;0;0;0;0;0;0;
32367;2510088;539348992;34299904;491102208;0;0;0;0;0;0;0;0;0;0;0;2585;0;0;0;0;0;0;
32368;4606318;539348992;34299904;491102208;0;0;0;0;0;0;0;0;0;0;0;2846;0;0;0;0;0;0;
32369;2618350;539348992;34299904;491102208;0;0;0;0;0;0;0;0;0;0;0;3015;0;0;0;0;0;0;
32370;4444856;539348992;34299904;491102208;0;0;0;0;0;0;0;0;0;0;0;2345;0;0;0;0;0;0;
32371;2649319;539348992;34299904;491102208;0;0;0;0;0;0;0;0;0;0;0;3376;0;0;0;0;0;0;
32372;4386988;539348992;34299904;491102208;0;0;0;0;0;0;0;0;0;0;0;2204;0;0;0;0;0;0;
32373;2629711;539348992;34299904;491102208;0;0;0;0;0;0;0;0;0;0;0;3176;0;0;0;0;0;0;
32374;4323748;539348992;34299904;491102208;0;0;0;0;0;0;0;0;0;0;0;2274;0;0;0;0;0;0;
32375;2630643;539348992;34299904;491102208;0;0;0;0;0;0;0;0;0;0;0;3337;0;0;0;0;0;0;
32376;4359065;539348992;34299904;491102208;0;0;0;0;0;0;0;0;0;0;0;2284;0;0;0;0;0;0;
32377;2532689;539348992;34299904;491102208;0;0;0;0;0;0;0;0;0;0;0;3366;0;0;0;0;0;0;
32378;4385906;539348992;34299904;491102208;0;0;0;0;0;0;0;0;0;0;0;2274;0;0;0;0;0;0;
32379;2758343;539348992;34299904;491102208;0;0;0;0;0;0;0;0;0;0;0;3045;0;0;0;0;0;0;
32380;4515418;539348992;34299904;491102208;0;0;0;0;0;0;0;0;0;0;0;2634;0;0;0;0;0;0;
32381;2481234;539348992;34299904;491102208;0;0;0;0;0;0;0;0;0;0;0;2605;0;0;0;0;0;0;
32382;10733008;539348992;34299904;491102208;0;0;0;0;0;0;0;0;0;0;0;3046;0;0;0;0;0;0;
32383;2535525;539348992;34299904;491102208;0;0;0;0;0;0;0;0;0;0;0;3748;0;0;0;0;0;0;
32384;4662203;539348992;34299904;491102208;0;0;0;0;0;0;0;0;0;0;0;2765;0;0;0;0;0;0;
32385;2426260;539348992;34299904;491102208;0;0;0;0;0;0;0;0;0;0;0;3286;0;0;0;0;0;0;
32386;4509948;539348992;34299904;491102208;0;0;0;0;0;0;0;0;0;0;0;2224;0;0;0;0;0;0;
32387;3860019;539348992;34299904;491102208;0;0;0;0;0;0;0;0;0;0;0;3556;0;0;0;0;0;0;
32388;4782289;539348992;34299904;491102208;0;0;0;0;0;0;0;0;0;0;0;3035;0;0;0;0;0;0;
32389;2474330;539348992;34299904;491102208;0;0;0;0;0;0;0;0;0;0;0;3155;0;0;0;0;0;0;
32390;4505710;539348992;34299904;491102208;0;0;0;0;0;0;0;0;0;0;0;2805;0;0;0;0;0;0;
32391;2417454;539348992;34299904;491102208;0;0;0;0;0;0;0;0;0;0;0;2955;0;0;0;0;0;0;
32392;4350819;539348992;34299904;491102208;0;0;0;0;0;0;0;0;0;0;0;2054;0;0;0;0;0;0;
32393;2550804;539348992;34299904;491102208;0;0;0;0;0;0;0;0;0;0;0;3306;0;0;0;0;0;0;
32394;4300495;539348992;34299904;491102208;0;0;0;0;0;0;0;0;0;0;0;2073;0;0;0;0;0;0;
32395;2557737;539348992;34299904;491102208;0;0;0;0;0;0;0;0;0;0;0;3596;0;0;0;0;0;0;
32396;4396906;539348992;34299904;491102208;0;0;0;0;0;0;0;0;0;0;0;2224;0;0;0;0;0;0;
32397;2581732;539348992;34299904;491102208;0;0;0;0;0;0;0;0;0;0;0;3125;0;0;0;0;0;0;
32398;4342694;539348992;34299904;491102208;0;0;0;0;0;0;0;0;0;0;0;2405;0;0;0;0;0;0;
32399;2732394;539348992;34299904;491102208;0;0;0;0;0;0;0;0;0;0;0;3256;0;0;0;0;0;0;
32400;4424467;539348992;34299904;491102208;0;0;0;0;0;0;0;0;0;0;0;2545;0;0;0;0;0;0;
32401;3009333;539348992;34299904;491102208;0;0;0;0;0;0;0;0;0;0;0;3828;0;0;0;0;0;0;
32402;4446999;539348992;34299904;491102208;0;0;0;0;0;0;0;0;0;0;0;2565;0;0;0;0;0;0;
32403;3161469;539348992;34299904;491102208;0;0;0;0;0;0;0;0;0;0;0;3247;0;0;0;0;0;0;
32404;4481665;539348992;34299904;491102208;0;0;0;0;0;0;0;0;0;0;0;2274;0;0;0;0;0;0;
32405;2914887;539348992;34299904;491102208;0;0;0;0;0;0;0;0;0;0;0;3217;0;0;0;0;0;0;
32406;4567065;539348992;34299904;491102208;0;0;0;0;0;0;0;0;0;0;0;2354;0;0;0;0;0;0;
32407;3060289;539348992;34299904;491102208;0;0;0;0;0;0;0;0;0;0;0;4278;0;0;0;0;0;0;
32408;4828836;539348992;34299904;491102208;0;0;0;0;0;0;0;0;0;0;0;3777;0;0;0;0;0;0;
32409;3598859;539348992;34299904;491102208;0;0;0;0;0;0;0;0;0;0;0;4138;0;0;0;0;0;0;
32410;4811904;539348992;34299904;491102208;0;0;0;0;0;0;0;0;0;0;0;3767;0;0;0;0;0;0;
32411;3882642;539348992;34299904;491102208;0;0;0;0;0;0;0;0;0;0;0;4358;0;0;0;0;0;0;
32412;5313735;539348992;34299904;491102208;0;0;0;0;0;0;0;0;0;0;0;4107;0;0;0;0;0;0;
32413;3975616;539348992;34299904;491102208;0;0;0;0;0;0;0;0;0;0;0;4097;0;0;0;0;0;0;
32414;5567040;539348992;34299904;491102208;0;0;0;0;0;0;0;0;0;0;0;4047;0;0;0;0;0;0;
32415;4093557;539348992;34308096;491110400;0;0;0;0;0;0;0;0;0;0;0;4528;0;0;0;0;0;0;
32416;4878980;539348992;34308096;491110400;0;0;0;0;0;0;0;0;0;0;0;3697;0;0;0;0;0;0;
32417;3720608;539348992;34308096;491110400;0;0;0;0;0;0;0;0;0;0;0;4238;0;0;0;0;0;0;
32418;4960092;539348992;34308096;491110400;0;0;0;0;0;0;0;0;0;0;0;3326;0;0;0;0;0;0;
32419;3799726;539348992;34308096;491110400;0;0;0;0;0;0;0;0;0;0;0;4198;0;0;0;0;0;0;
32420;4877177;539348992;34308096;491110400;0;0;0;0;0;0;0;0;0;0;0;3346;0;0;0;0;0;0;
32421;3871450;539348992;34299904;491102208;0;0;0;0;0;0;0;0;0;0;0;4348;0;0;0;0;0;0;
32422;4960302;539348992;34299904;491102208;0;0;0;0;0;0;0;0;0;0;0;3667;0;0;0;0;0;0;
32423;3750744;539348992;34299904;491102208;0;0;0;0;0;0;0;0;0;0;0;4127;0;0;0;0;0;0;
32424;4882887;539348992;34299904;491102208;0;0;0;0;0;0;0;0;0;0;0;4288;0;0;0;0;0;0;
32425;3769178;539348992;34299904;491102208;0;0;0;0;0;0;0;0;0;0;0;3877;0;0;0;0;0;0;
32426;4803859;539348992;34299904;491102208;0;0;0;0;0;0;0;0;0;0;0;3737;0;0;0;0;0;0;
32427;3871190;539348992;34299904;491102208;0;0;0;0;0;0;0;0;0;0;0;5039;0;0;0;0;0;0;
32428;4875213;539348992;34299904;491102208;0;0;0;0;0;0;0;0;0;0;0;3527;0;0;0;0;0;0;
32429;3833119;539348992;34299904;491102208;0;0;0;0;0;0;0;0;0;0;0;4749;0;0;0;0;0;0;
32430;4801043;539348992;34299904;491102208;0;0;0;0;0;0;0;0;0;0;0;3567;0;0;0;0;0;0;
32431;3162371;539348992;34299904;491102208;0;0;0;0;0;0;0;0;0;0;0;3507;0;0;0;0;0;0;
32432;4630193;539348992;34299904;491102208;0;0;0;0;0;0;0;0;0;0;0;3186;0;0;0;0;0;0;
32433;3041144;539348992;34299904;491102208;0;0;0;0;0;0;0;0;0;0;0;3597;0;0;0;0;0;0;
32434;4671010;539348992;34299904;491102208;0;0;0;0;0;0;0;0;0;0;0;3035;0;0;0;0;0;0;
32435;3191796;539348992;34299904;491102208;0;0;0;0;0;0;0;0;0;0;0;3326;0;0;0;0;0;0;
32436;4909818;539348992;34299904;491102208;0;0;0;0;0;0;0;0;0;0;0;4208;0;0;0;0;0;0;
32437;2995077;539348992;34299904;491102208;0;0;0;0;0;0;0;0;0;0;0;3016;0;0;0;0;0;0;
32438;4677552;539348992;34299904;491102208;0;0;0;0;0;0;0;0;0;0;0;2905;0;0;0;0;0;0;
32439;3342428;539348992;34299904;491102208;0;0;0;0;0;0;0;0;0;0;0;3466;0;0;0;0;0;0;
32440;4655431;539348992;34299904;491102208;0;0;0;0;0;0;0;0;0;0;0;2995;0;0;0;0;0;0;
32441;2829636;539348992;34299904;491102208;0;0;0;0;0;0;0;0;0;0;0;3066;0;0;0;0;0;0;
32442;4622979;539348992;34299904;491102208;0;0;0;0;0;0;0;0;0;0;0;3206;0;0;0;0;0;0;
32443;2779733;539348992;34299904;491102208;0;0;0;0;0;0;0;0;0;0;0;3326;0;0;0;0;0;0;
32444;4658947;539348992;34299904;491102208;0;0;0;0;0;0;0;0;0;0;0;2875;0;0;0;0;0;0;
32445;2850515;539348992;34299904;491102208;0;0;0;0;0;0;0;0;0;0;0;3577;0;0;0;0;0;0;
32446;4534564;539348992;34299904;491102208;0;0;0;0;0;0;0;0;0;0;0;2505;0;0;0;0;0;0;
32447;3082511;539348992;34299904;491102208;0;0;0;0;0;0;0;0;0;0;0;3536;0;0;0;0;0;0;
32448;4469622;539348992;34299904;491102208;0;0;0;0;0;0;0;0;0;0;0;2024;0;0;0;0;0;0;
32449;3142844;539348992;34299904;491102208;0;0;0;0;0;0;0;0;0;0;0;3076;0;0;0;0;0;0;
32450;4459142;539348992;34299904;491102208;0;0;0;0;0;0;0;0;0;0;0;2675;0;0;0;0;0;0;
32451;2941296;539348992;34299904;491102208;0;0;0;0;0;0;0;0;0;0;0;3467;0;0;0;0;0;0;
32452;4369023;539348992;34299904;491102208;0;0;0;0;0;0;0;0;0;0;0;2164;0;0;0;0;0;0;
32453;2912001;539348992;34299904;491102208;0;0;0;0;0;0;0;0;0;0;0;3997;0;0;0;0;0;0;
32454;4383741;539348992;34299904;491102208;0;0;0;0;0;0;0;0;0;0;0;2244;0;0;0;0;0;0;
32455;2962756;539348992;34299904;491102208;0;0;0;0;0;0;0;0;0;0;0;2746;0;0;0;0;0;0;
32456;4415541;539348992;34299904;491102208;0;0;0;0;0;0;0;0;0;0;0;2144;0;0;0;0;0;0;
32457;2898236;539348992;34299904;491102208;0;0;0;0;0;0;0;0;0;0;0;3687;0;0;0;0;0;0;
32458;4469782;539348992;34299904;491102208;0;0;0;0;0;0;0;0;0;0;0;2885;0;0;0;0;0;0;
32459;2795312;539348992;34299904;491102208;0;0;0;0;0;0;0;0;0;0;0;2856;0;0;0;0;0;0;
32460;4466747;539348992;34299904;491102208;0;0;0;0;0;0;0;0;0;0;0;2474;0;0;0;0;0;0;
32461;2794461;539348992;34299904;491102208;0;0;0;0;0;0;0;0;0;0;0;3196;0;0;0;0;0;0;
32462;4515819;539348992;34299904;491102208;0;0;0;0;0;0;0;0;0;0;0;2985;0;0;0;0;0;0;
32463;2909968;539348992;34299904;491102208;0;0;0;0;0;0;0;0;0;0;0;3396;0;0;0;0;0;0;
32464;4785635;539348992;34299904;491102208;0;0;0;0;0;0;0;0;0;0;0;3687;0;0;0;0;0;0;
32465;2815951;539348992;34299904;491102208;0;0;0;0;0;0;0;0;0;0;0;3035;0;0;0;0;0;0;
32466;5082201;539348992;34299904;491102208;0;0;0;0;0;0;0;0;0;0;0;3116;0;0;0;0;0;0;
32467;2927290;539348992;34299904;491102208;0;0;0;0;0;0;0;0;0;0;0;4398;0;0;0;0;0;0;
32468;4608242;539348992;34299904;491102208;0;0;0;0;0;0;0;0;0;0;0;2675;0;0;0;0;0;0;
32469;3188339;539348992;34299904;491102208;0;0;0;0;0;0;0;0;0;0;0;2655;0;0;0;0;0;0;
32470;4712128;539348992;34299904;491102208;0;0;0;0;0;0;0;0;0;0;0;2996;0;0;0;0;0;0;
32471;2890460;539348992;34299904;491102208;0;0;0;0;0;0;0;0;0;0;0;2895;0;0;0;0;0;0;
32472;4550314;539348992;34299904;491102208;0;0;0;0;0;0;0;0;0;0;0;3186;0;0;0;0;0;0;
32473;2712116;539348992;34299904;491102208;0;0;0;0;0;0;0;0;0;0;0;3336;0;0;0;0;0;0;
32474;4670209;539348992;34299904;491102208;0;0;0;0;0;0;0;0;0;0;0;3166;0;0;0;0;0;0;
32475;2669276;539348992;34299904;491102208;0;0;0;0;0;0;0;0;0;0;0;2876;0;0;0;0;0;0;
32476;4692831;539348992;34299904;491102208;0;0;0;0;0;0;0;0;0;0;0;3266;0;0;0;0;0;0;
32477;2725280;539348992;34299904;491102208;0;0;0;0;0;0;0;0;0;0;0;2985;0;0;0;0;0;0;
32478;4626917;539348992;34299904;491102208;0;0;0;0;0;0;0;0;0;0;0;3016;0;0;0;0;0;0;
32479;2721794;539348992;34299904;491102208;0;0;0;0;0;0;0;0;0;0;0;3146;0;0;0;0;0;0;
32480;4654338;539348992;34299904;491102208;0;0;0;0;0;0;0;0;0;0;0;3186;0;0;0;0;0;0;
32481;2652755;539348992;34299904;491102208;0;0;0;0;0;0;0;0;0;0;0;3547;0;0;0;0;0;0;
32482;4572926;539348992;34299904;491102208;0;0;0;0;0;0;0;0;0;0;0;3076;0;0;0;0;0;0;
32483;2636114;539348992;34299904;491102208;0;0;0;0;0;0;0;0;0;0;0;3407;0;0;0;0;0;0;
32484;4539113;539348992;34299904;491102208;0;0;0;0;0;0;0;0;0;0;0;2945;0;0;0;0;0;0;
32485;2682541;539348992;34299904;491102208;0;0;0;0;0;0;0;0;0;0;0;2826;0;0;0;0;0;0;
32486;4568377;539348992;34299904;491102208;0;0;0;0;0;0;0;0;0;0;0;2875;0;0;0;0;0;0;
32487;2773652;539348992;34299904;491102208;0;0;0;0;0;0;0;0;0;0;0;3397;0;0;0;0;0;0;
32488;4512422;539348992;34299904;491102208;0;0;0;0;0;0;0;0;0;0;0;2615;0;0;0;0;0;0;
32489;3147834;539348992;34299904;491102208;0;0;0;0;0;0;0;0;0;0;0;2825;0;0;0;0;0;0;
32490;4544192;539348992;34299904;491102208;0;0;0;0;0;0;0;0;0;0;0;2184;0;0;0;0;0;0;
32491;2872918;539348992;34299904;491102208;0;0;0;0;0;0;0;0;0;0;0;3547;0;0;0;0;0;0;
32492;4590269;539348992;34299904;491102208;0;0;0;0;0;0;0;0;0;0;0;2575;0;0;0;0;0;0;
32493;3547022;539348992;34299904;491102208;0;0;0;0;0;0;0;0;0;0;0;3206;0;0;0;0;0;0;
32494;4491914;539348992;34299904;491102208;0;0;0;0;0;0;0;0;0;0;0;2545;0;0;0;0;0;0;
32495;2703560;539348992;34299904;491102208;0;0;0;0;0;0;0;0;0;0;0;2895;0;0;0;0;0;0;
32496;4562847;539348992;34299904;491102208;0;0;0;0;0;0;0;0;0;0;0;2425;0;0;0;0;0;0;
32497;2689233;539348992;34299904;491102208;0;0;0;0;0;0;0;0;0;0;0;3166;0;0;0;0;0;0;
32498;4559541;539348992;34299904;491102208;0;0;0;0;0;0;0;0;0;0;0;2334;0;0;0;0;0;0;
32499;2617689;539348992;34299904;491102208;0;0;0;0;0;0;0;0;0;0;0;2815;0;0;0;0;0;0;
32500;4534143;539348992;34299904;491102208;0;0;0;0;0;0;0;0;0;0;0;3156;0;0;0;0;0;0;
32501;2616577;539348992;34299904;491102208;0;0;0;0;0;0;0;0;0;0;0;3226;0;0;0;0;0;0;
32502;4743346;539348992;34299904;491102208;0;0;0;0;0;0;0;0;0;0;0;3457;0;0;0;0;0;0;
32503;2809208;539348992;34299904;491102208;0;0;0;0;0;0;0;0;0;0;0;3828;0;0;0;0;0;0;
32504;4807947;539348992;34299904;491102208;0;0;0;0;0;0;0;0;0;0;0;3416;0;0;0;0;0;0;
32505;2980099;539348992;34299904;491102208;0;0;0;0;0;0;0;0;0;0;0;2785;0;0;0;0;0;0;
32506;4738536;539348992;34299904;491102208;0;0;0;0;0;0;0;0;0;0;0;3096;0;0;0;0;0;0;
32507;2928632;539348992;34299904;491102208;0;0;0;0;0;0;0;0;0;0;0;3196;0;0;0;0;0;0;
32508;4770797;539348992;34299904;491102208;0;0;0;0;0;0;0;0;0;0;0;2945;0;0;0;0;0;0;
32509;2917571;539348992;34299904;491102208;0;0;0;0;0;0;0;0;0;0;0;3526;0;0;0;0;0;0;
32510;4762051;539348992;34299904;491102208;0;0;0;0;0;0;0;0;0;0;0;3967;0;0;0;0;0;0;
32511;2883668;539348992;34299904;491102208;0;0;0;0;0;0;0;0;0;0;0;3476;0;0;0;0;0;0;
32512;4855836;539348992;34299904;491102208;0;0;0;0;0;0;0;0;0;0;0;2906;0;0;0;0;0;0;
32513;3090275;539348992;34299904;491102208;0;0;0;0;0;0;0;0;0;0;0;3256;0;0;0;0;0;0;
32514;4821662;539348992;34299904;491102208;0;0;0;0;0;0;0;0;0;0;0;3747;0;0;0;0;0;0;
32515;3015956;539348992;34299904;491102208;0;0;0;0;0;0;0;0;0;0;0;3587;0;0;0;0;0;0;
32516;4768252;539348992;34299904;491102208;0;0;0;0;0;0;0;0;0;0;0;3888;0;0;0;0;0;0;
32517;2975240;539348992;34299904;491102208;0;0;0;0;0;0;0;0;0;0;0;3677;0;0;0;0;0;0;
32518;4798890;539348992;34299904;491102208;0;0;0;0;0;0;0;0;0;0;0;3537;0;0;0;0;0;0;
32519;2969909;539348992;34299904;491102208;0;0;0;0;0;0;0;0;0;0;0;3306;0;0;0;0;0;0;
32520;5556731;539348992;34299904;491102208;0;0;0;0;0;0;0;0;0;0;0;5200;0;0;0;0;0;0;
32521;3038508;539348992;34299904;491102208;0;0;0;0;0;0;0;0;0;0;0;3096;0;0;0;0;0;0;
32522;4828836;539348992;34299904;491102208;0;0;0;0;0;0;0;0;0;0;0;3116;0;0;0;0;0;0;
32523;3010025;539348992;34299904;491102208;0;0;0;0;0;0;0;0;0;0;0;3687;0;0;0;0;0;0;
32524;4788109;539348992;34299904;491102208;0;0;0;0;0;0;0;0;0;0;0;3707;0;0;0;0;0;0;
32525;2971222;539348992;34299904;491102208;0;0;0;0;0;0;0;0;0;0;0;3777;0;0;0;0;0;0;
32526;4773472;539348992;34299904;491102208;0;0;0;0;0;0;0;0;0;0;0;3336;0;0;0;0;0;0;
32527;3046213;539348992;34299904;491102208;0;0;0;0;0;0;0;0;0;0;0;3727;0;0;0;0;0;0;
32528;4847662;539348992;34299904;491102208;0;0;0;0;0;0;0;0;0;0;0;3196;0;0;0;0;0;0;
32529;2960162;539348992;34299904;491102208;0;0;0;0;0;0;0;0;0;0;0;3266;0;0;0;0;0;0;
32530;4837613;539348992;34299904;491102208;0;0;0;0;0;0;0;0;0;0;0;3126;0;0;0;0;0;0;
32531;3022668;539348992;34299904;491102208;0;0;0;0;0;0;0;0;0;0;0;4138;0;0;0;0;0;0;
32532;4875674;539348992;34299904;491102208;0;0;0;0;0;0;0;0;0;0;0;3897;0;0;0;0;0;0;
32533;3131994;539348992;34299904;491102208;0;0;0;0;0;0;0;0;0;0;0;3557;0;0;0;0;0;0;
32534;4857990;539348992;34299904;491102208;0;0;0;0;0;0;0;0;0;0;0;3797;0;0;0;0;0;0;
32535;3092810;539348992;34299904;491102208;0;0;0;0;0;0;0;0;0;0;0;3737;0;0;0;0;0;0;
32536;4785876;539348992;34299904;491102208;0;0;0;0;0;0;0;0;0;0;0;3266;0;0;0;0;0;0;
32537;3036615;539348992;34299904;491102208;0;0;0;0;0;0;0;0;0;0;0;3417;0;0;0;0;0;0;
32538;4780405;539348992;34299904;491102208;0;0;0;0;0;0;0;0;0;0;0;3918;0;0;0;0;0;0;
32539;3186927;539348992;34299904;491102208;0;0;0;0;0;0;0;0;0;0;0;3156;0;0;0;0;0;0;
32540;4829367;539348992;34299904;491102208;0;0;0;0;0;0;0;0;0;0;0;3717;0;0;0;0;0;0;
32541;3263781;539348992;34299904;491102208;0;0;0;0;0;0;0;0;0;0;0;3848;0;0;0;0;0;0;
32542;4805091;539348992;34299904;491102208;0;0;0;0;0;0;0;0;0;0;0;3817;0;0;0;0;0;0;
32543;3285882;539348992;34299904;491102208;0;0;0;0;0;0;0;0;0;0;0;3377;0;0;0;0;0;0;
32544;4780806;539348992;34299904;491102208;0;0;0;0;0;0;0;0;0;0;0;3296;0;0;0;0;0;0;
32545;3687214;539348992;34299904;491102208;0;0;0;0;0;0;0;0;0;0;0;5270;0;0;0;0;0;0;
32546;5590263;539348992;34299904;491102208;0;0;0;0;0;0;0;0;0;0;0;6091;0;0;0;0;0;0;
32547;3299338;539348992;34299904;491102208;0;0;0;0;0;0;0;0;0;0;0;3216;0;0;0;0;0;0;
32548;4898527;539348992;34299904;491102208;0;0;0;0;0;0;0;0;0;0;0;3246;0;0;0;0;0;0;
32549;3177299;539348992;34299904;491102208;0;0;0;0;0;0;0;0;0;0;0;3547;0;0;0;0;0;0;
32550;4912432;539348992;34299904;491102208;0;0;0;0;0;0;0;0;0;0;0;3236;0;0;0;0;0;0;
32551;3208888;539348992;34299904;491102208;0;0;0;0;0;0;0;0;0;0;0;3497;0;0;0;0;0;0;
32552;4877868;539348992;34299904;491102208;0;0;0;0;0;0;0;0;0;0;0;3115;0;0;0;0;0;0;
32553;3324204;539348992;34299904;491102208;0;0;0;0;0;0;0;0;0;0;0;3577;0;0;0;0;0;0;
32554;4926539;539348992;34299904;491102208;0;0;0;0;0;0;0;0;0;0;0;3416;0;0;0;0;0;0;
32555;3247229;539348992;34299904;491102208;0;0;0;0;0;0;0;0;0;0;0;3867;0;0;0;0;0;0;
32556;4873019;539348992;34299904;491102208;0;0;0;0;0;0;0;0;0;0;0;4538;0;0;0;0;0;0;
32557;3300970;539348992;34299904;491102208;0;0;0;0;0;0;0;0;0;0;0;3436;0;0;0;0;0;0;
32558;4917292;539348992;34299904;491102208;0;0;0;0;0;0;0;0;0;0;0;4128;0;0;0;0;0;0;
32559;3270764;539348992;34299904;491102208;0;0;0;0;0;0;0;0;0;0;0;4489;0;0;0;0;0;0;
32560;4939694;539348992;34299904;491102208;0;0;0;0;0;0;0;0;0;0;0;4118;0;0;0;0;0;0;
32561;3360813;539348992;34299904;491102208;0;0;0;0;0;0;0;0;0;0;0;3737;0;0;0;0;0;0;
32562;4960623;539348992;34299904;491102208;0;0;0;0;0;0;0;0;0;0;0;4038;0;0;0;0;0;0;
32563;3303836;539348992;34299904;491102208;0;0;0;0;0;0;0;0;0;0;0;4117;0;0;0;0;0;0;
32564;5012170;539348992;34299904;491102208;0;0;0;0;0;0;0;0;0;0;0;4879;0;0;0;0;0;0;
32565;3414654;539348992;34299904;491102208;0;0;0;0;0;0;0;0;0;0;0;4017;0;0;0;0;0;0;
32566;4876486;539348992;34299904;491102208;0;0;0;0;0;0;0;0;0;0;0;3276;0;0;0;0;0;0;
32567;2957216;539348992;34299904;491102208;0;0;0;0;0;0;0;0;0;0;0;3276;0;0;0;0;0;0;
32568;4788982;539348992;34299904;491102208;0;0;0;0;0;0;0;0;0;0;0;3065;0;0;0;0;0;0;
32569;3049089;539348992;34299904;491102208;0;0;0;0;0;0;0;0;0;0;0;2855;0;0;0;0;0;0;
32570;4852029;539348992;34299904;491102208;0;0;0;0;0;0;0;0;0;0;0;3807;0;0;0;0;0;0;
32571;4297710;539348992;34299904;491102208;0;0;0;0;0;0;0;0;0;0;0;126147;0;0;0;0;0;0;
32572;4807746;539348992;34299904;491102208;0;0;0;0;0;0;0;0;0;0;0;3357;0;0;0;0;0;0;
32573;3001910;539348992;34299904;491102208;0;0;0;0;0;0;0;0;0;0;0;3907;0;0;0;0;0;0;
32574;4813567;539348992;34299904;491102208;0;0;0;0;0;0;0;0;0;0;0;3366;0;0;0;0;0;0;
32575;3026536;539348992;34299904;491102208;0;0;0;0;0;0;0;0;0;0;0;3948;0;0;0;0;0;0;
32576;4834918;539348992;34299904;491102208;0;0;0;0;0;0;0;0;0;0;0;3306;0;0;0;0;0;0;
32577;2968918;539348992;34299904;491102208;0;0;0;0;0;0;0;0;0;0;0;3086;0;0;0;0;0;0;
32578;4802827;539348992;34299904;491102208;0;0;0;0;0;0;0;0;0;0;0;3767;0;0;0;0;0;0;
32579;3084275;539348992;34299904;491102208;0;0;0;0;0;0;0;0;0;0;0;4218;0;0;0;0;0;0;
32580;4810932;539348992;34299904;491102208;0;0;0;0;0;0;0;0;0;0;0;3657;0;0;0;0;0;0;
32581;2956294;539348992;34299904;491102208;0;0;0;0;0;0;0;0;0;0;0;3546;0;0;0;0;0;0;
32582;4849756;539348992;34299904;491102208;0;0;0;0;0;0;0;0;0;0;0;3988;0;0;0;0;0;0;
32583;2945814;539348992;34299904;491102208;0;0;0;0;0;0;0;0;0;0;0;3125;0;0;0;0;0;0;
32584;4790614;539348992;34299904;491102208;0;0;0;0;0;0;0;0;0;0;0;3897;0;0;0;0;0;0;
32585;2926197;539348992;34299904;491102208;0;0;0;0;0;0;0;0;0;0;0;3326;0;0;0;0;0;0;
32586;4863501;539348992;34299904;491102208;0;0;0;0;0;0;0;0;0;0;0;3326;0;0;0;0;0;0;
32587;3121685;539348992;34299904;491102208;0;0;0;0;0;0;0;0;0;0;0;3196;0;0;0;0;0;0;
32588;4754737;539348992;34299904;491102208;0;0;0;0;0;0;0;0;0;0;0;3476;0;0;0;0;0;0;
32589;3029262;539348992;34299904;491102208;0;0;0;0;0;0;0;0;0;0;0;3617;0;0;0;0;0;0;
32590;4782319;539348992;34299904;491102208;0;0;0;0;0;0;0;0;0;0;0;3827;0;0;0;0;0;0;
32591;2956264;539348992;34299904;491102208;0;0;0;0;0;0;0;0;0;0;0;3747;0;0;0;0;0;0;
32592;4804751;539348992;34299904;491102208;0;0;0;0;0;0;0;0;0;0;0;3777;0;0;0;0;0;0;
32593;2960452;539348992;34299904;491102208;0;0;0;0;0;0;0;0;0;0;0;4088;0;0;0;0;0;0;
32594;4794010;539348992;34299904;491102208;0;0;0;0;0;0;0;0;0;0;0;4077;0;0;0;0;0;0;
32595;2981792;539348992;34299904;491102208;0;0;0;0;0;0;0;0;0;0;0;3517;0;0;0;0;0;0;
32596;4884831;539348992;34299904;491102208;0;0;0;0;0;0;0;0;0;0;0;4578;0;0;0;0;0;0;
32597;4222509;539348992;34299904;491102208;0;0;0;0;0;0;0;0;0;0;0;4358;0;0;0;0;0;0;
32598;4794592;539348992;34299904;491102208;0;0;0;0;0;0;0;0;0;0;0;3577;0;0;0;0;0;0;
32599;3030403;539348992;34299904;491102208;0;0;0;0;0;0;0;0;0;0;0;3016;0;0;0;0;0;0;
32600;4869192;539348992;34299904;491102208;0;0;0;0;0;0;0;0;0;0;0;3917;0;0;0;0;0;0;
32601;2982864;539348992;34299904;491102208;0;0;0;0;0;0;0;0;0;0;0;3717;0;0;0;0;0;0;
32602;4768242;539348992;34299904;491102208;0;0;0;0;0;0;0;0;0;0;0;3347;0;0;0;0;0;0;
32603;3117306;539348992;34299904;491102208;0;0;0;0;0;0;0;0;0;0;0;3467;0;0;0;0;0;0;
32604;4869062;539348992;34299904;491102208;0;0;0;0;0;0;0;0;0;0;0;3256;0;0;0;0;0;0;
32605;3084004;539348992;34299904;491102208;0;0;0;0;0;0;0;0;0;0;0;3116;0;0;0;0;0;0;
32606;4782509;539348992;34299904;491102208;0;0;0;0;0;0;0;0;0;0;0;3717;0;0;0;0;0;0;
32607;3080056;539348992;34299904;491102208;0;0;0;0;0;0;0;0;0;0;0;3436;0;0;0;0;0;0;
32608;4817133;539348992;34299904;491102208;0;0;0;0;0;0;0;0;0;0;0;3637;0;0;0;0;0;0;
32609;2984627;539348992;34299904;491102208;0;0;0;0;0;0;0;0;0;0;0;4058;0;0;0;0;0;0;
32610;4811724;539348992;34299904;491102208;0;0;0;0;0;0;0;0;0;0;0;3075;0;0;0;0;0;0;
32611;2899297;539348992;34299904;491102208;0;0;0;0;0;0;0;0;0;0;0;2976;0;0;0;0;0;0;
32612;4837723;539348992;34299904;491102208;0;0;0;0;0;0;0;0;0;0;0;3607;0;0;0;0;0;0;
32613;2579538;539348992;34299904;491102208;0;0;0;0;0;0;0;0;0;0;0;3056;0;0;0;0;0;0;
32614;4329880;539348992;34299904;491102208;0;0;0;0;0;0;0;0;0;0;0;2374;0;0;0;0;0;0;
32615;2514235;539348992;34299904;491102208;0;0;0;0;0;0;0;0;0;0;0;2494;0;0;0;0;0;0;
32616;4352954;539348992;34299904;491102208;0;0;0;0;0;0;0;0;0;0;0;2054;0;0;0;0;0;0;
32617;2353904;539348992;34299904;491102208;0;0;0;0;0;0;0;0;0;0;0;2264;0;0;0;0;0;0;
32618;4257655;539348992;34299904;491102208;0;0;0;0;0;0;0;0;0;0;0;1974;0;0;0;0;0;0;
32619;2256532;539348992;34299904;491102208;0;0;0;0;0;0;0;0;0;0;0;2104;0;0;0;0;0;0;
32620;4272593;539348992;34299904;491102208;0;0;0;0;0;0;0;0;0;0;0;2014;0;0;0;0;0;0;
32621;2369294;539348992;34299904;491102208;0;0;0;0;0;0;0;0;0;0;0;2334;0;0;0;0;0;0;
32622;4297800;539348992;34299904;491102208;0;0;0;0;0;0;0;0;0;0;0;2034;0;0;0;0;0;0;
32623;2180369;539348992;34299904;491102208;0;0;0;0;0;0;0;0;0;0;0;1983;0;0;0;0;0;0;
32624;4270509;539348992;34299904;491102208;0;0;0;0;0;0;0;0;0;0;0;2214;0;0;0;0;0;0;
32625;2428525;539348992;34299904;491102208;0;0;0;0;0;0;0;0;0;0;0;2194;0;0;0;0;0;0;
32626;4286609;539348992;34299904;491102208;0;0;0;0;0;0;0;0;0;0;0;2415;0;0;0;0;0;0;
32627;2595938;539348992;34299904;491102208;0;0;0;0;0;0;0;0;0;0;0;2345;0;0;0;0;0;0;
32628;4285818;539348992;34299904;491102208;0;0;0;0;0;0;0;0;0;0;0;2334;0;0;0;0;0;0;
32629;2263715;539348992;34299904;491102208;0;0;0;0;0;0;0;0;0;0;0;2475;0;0;0;0;0;0;
32630;4317226;539348992;34299904;491102208;0;0;0;0;0;0;0;0;0;0;0;1924;0;0;0;0;0;0;
32631;2226015;539348992;34299904;491102208;0;0;0;0;0;0;0;0;0;0;0;2003;0;0;0;0;0;0;
32632;4270128;539348992;34299904;491102208;0;0;0;0;0;0;0;0;0;0;0;2024;0;0;0;0;0;0;
32633;2212690;539348992;34299904;491102208;0;0;0;0;0;0;0;0;0;0;0;2514;0;0;0;0;0;0;
32634;4258806;539348992;34299904;491102208;0;0;0;0;0;0;0;0;0;0;0;1943;0;0;0;0;0;0;
32635;2275878;539348992;34299904;491102208;0;0;0;0;0;0;0;0;0;0;0;2224;0;0;0;0;0;0;
32636;4256032;539348992;34299904;491102208;0;0;0;0;0;0;0;0;0;0;0;1873;0;0;0;0;0;0;
32637;2247686;539348992;34299904;491102208;0;0;0;0;0;0;0;0;0;0;0;2555;0;0;0;0;0;0;
32638;7375362;539348992;34299904;491102208;0;0;0;0;0;0;0;0;0;0;0;2204;0;0;0;0;0;0;
32639;8327567;539348992;34299904;491102208;0;0;0;0;0;0;0;0;0;0;0;2245;0;0;0;0;0;0;
32640;4307468;539348992;34299904;491102208;0;0;0;0;0;0;0;0;0;0;0;2745;0;0;0;0;0;0;
32641;2271941;539348992;34299904;491102208;0;0;0;0;0;0;0;0;0;0;0;2294;0;0;0;0;0;0;
32642;4217549;539348992;34299904;491102208;0;0;0;0;0;0;0;0;0;0;0;1873;0;0;0;0;0;0;
32643;2328347;539348992;34299904;491102208;0;0;0;0;0;0;0;0;0;0;0;2274;0;0;0;0;0;0;
32644;4277772;539348992;34299904;491102208;0;0;0;0;0;0;0;0;0;0;0;1954;0;0;0;0;0;0;
32645;2266000;539348992;34299904;491102208;0;0;0;0;0;0;0;0;0;0;0;2274;0;0;0;0;0;0;
32646;4318018;539348992;34299904;491102208;0;0;0;0;0;0;0;0;0;0;0;1903;0;0;0;0;0;0;
32647;2184266;539348992;34299904;491102208;0;0;0;0;0;0;0;0;0;0;0;2034;0;0;0;0;0;0;
32648;4272643;539348992;34299904;491102208;0;0;0;0;0;0;0;0;0;0;0;1803;0;0;0;0;0;0;
32649;2307978;539348992;34299904;491102208;0;0;0;0;0;0;0;0;0;0;0;2234;0;0;0;0;0;0;
32650;4267183;539348992;34299904;491102208;0;0;0;0;0;0;0;0;0;0;0;2024;0;0;0;0;0;0;
32651;2258065;539348992;34299904;491102208;0;0;0;0;0;0;0;0;0;0;0;2234;0;0;0;0;0;0;
32652;4263495;539348992;34299904;491102208;0;0;0;0;0;0;0;0;0;0;0;1773;0;0;0;0;0;0;
32653;2363062;539348992;34299904;491102208;0;0;0;0;0;0;0;0;0;0;0;2625;0;0;0;0;0;0;
32654;4306436;539348992;34299904;491102208;0;0;0;0;0;0;0;0;0;0;0;2224;0;0;0;0;0;0;
32655;2343665;539348992;34299904;491102208;0;0;0;0;0;0;0;0;0;0;0;2064;0;0;0;0;0;0;
32656;4284535;539348992;34299904;491102208;0;0;0;0;0;0;0;0;0;0;0;1773;0;0;0;0;0;0;
32657;2304262;539348992;34299904;491102208;0;0;0;0;0;0;0;0;0;0;0;2394;0;0;0;0;0;0;
32658;4275087;539348992;34299904;491102208;0;0;0;0;0;0;0;0;0;0;0;1974;0;0;0;0;0;0;
32659;2228680;539348992;34299904;491102208;0;0;0;0;0;0;0;0;0;0;0;2044;0;0;0;0;0;0;
32660;4263556;539348992;34299904;491102208;0;0;0;0;0;0;0;0;0;0;0;1933;0;0;0;0;0;0;
32661;2203412;539348992;34299904;491102208;0;0;0;0;0;0;0;0;0;0;0;1954;0;0;0;0;0;0;
32662;4289835;539348992;34299904;491102208;0;0;0;0;0;0;0;0;0;0;0;1843;0;0;0;0;0;0;
32663;2252184;539348992;34299904;491102208;0;0;0;0;0;0;0;0;0;0;0;2315;0;0;0;0;0;0;
32664;4471406;539348992;34299904;491102208;0;0;0;0;0;0;0;0;0;0;0;1934;0;0;0;0;0;0;
32665;2537509;539348992;34299904;491102208;0;0;0;0;0;0;0;0;0;0;0;2585;0;0;0;0;0;0;
32666;4402206;539348992;34299904;491102208;0;0;0;0;0;0;0;0;0;0;0;2094;0;0;0;0;0;0;
32667;2264046;539348992;34299904;491102208;0;0;0;0;0;0;0;0;0;0;0;2475;0;0;0;0;0;0;
32668;4287941;539348992;34299904;491102208;0;0;0;0;0;0;0;0;0;0;0;2154;0;0;0;0;0;0;
32669;2338796;539348992;34299904;491102208;0;0;0;0;0;0;0;0;0;0;0;2846;0;0;0;0;0;0;
32670;4309562;539348992;34299904;491102208;0;0;0;0;0;0;0;0;0;0;0;2124;0;0;0;0;0;0;
32671;2226235;539348992;34299904;491102208;0;0;0;0;0;0;0;0;0;0;0;2595;0;0;0;0;0;0;
32672;4348896;539348992;34299904;491102208;0;0;0;0;0;0;0;0;0;0;0;2164;0;0;0;0;0;0;
32673;2271780;539348992;34299904;491102208;0;0;0;0;0;0;0;0;0;0;0;2515;0;0;0;0;0;0;
32674;4297810;539348992;34299904;491102208;0;0;0;0;0;0;0;0;0;0;0;2374;0;0;0;0;0;0;
32675;2333837;539348992;34299904;491102208;0;0;0;0;0;0;0;0;0;0;0;2866;0;0;0;0;0;0;
32676;4423656;539348992;34299904;491102208;0;0;0;0;0;0;0;0;0;0;0;2064;0;0;0;0;0;0;
32677;2316063;539348992;34308096;491110400;0;0;0;0;0;0;0;0;0;0;0;2405;0;0;0;0;0;0;
32678;4300285;539348992;34308096;491110400;0;0;0;0;0;0;0;0;0;0;0;2254;0;0;0;0;0;0;
32679;2215234;539348992;34308096;491110400;0;0;0;0;0;0;0;0;0;0;0;1944;0;0;0;0;0;0;
32680;4310183;539348992;34308096;491110400;0;0;0;0;0;0;0;0;0;0;0;1954;0;0;0;0;0;0;
32681;2258426;539348992;34308096;491110400;0;0;0;0;0;0;0;0;0;0;0;2024;0;0;0;0;0;0;
32682;4280136;539348992;34308096;491110400;0;0;0;0;0;0;0;0;0;0;0;2134;0;0;0;0;0;0;
32683;2311245;539348992;34299904;491102208;0;0;0;0;0;0;0;0;0;0;0;2004;0;0;0;0;0;0;
32684;4307919;539348992;34299904;491102208;0;0;0;0;0;0;0;0;0;0;0;1763;0;0;0;0;0;0;
32685;2418596;539348992;34299904;491102208;0;0;0;0;0;0;0;0;0;0;0;1823;0;0;0;0;0;0;
32686;4331032;539348992;34299904;491102208;0;0;0;0;0;0;0;0;0;0;0;1913;0;0;0;0;0;0;
32687;2255310;539348992;34299904;491102208;0;0;0;0;0;0;0;0;0;0;0;2063;0;0;0;0;0;0;
32688;4315202;539348992;34299904;491102208;0;0;0;0;0;0;0;0;0;0;0;2104;0;0;0;0;0;0;
32689;2535315;539348992;34299904;491102208;0;0;0;0;0;0;0;0;0;0;0;2564;0;0;0;0;0;0;
32690;4252605;539348992;34299904;491102208;0;0;0;0;0;0;0;0;0;0;0;2325;0;0;0;0;0;0;
32691;2241925;539348992;34299904;491102208;0;0;0;0;0;0;0;0;0;0;0;2505;0;0;0;0;0;0;
32692;4240743;539348992;34299904;491102208;0;0;0;0;0;0;0;0;0;0;0;2285;0;0;0;0;0;0;
32693;2275577;539348992;34299904;491102208;0;0;0;0;0;0;0;0;0;0;0;2464;0;0;0;0;0;0;
32694;4292460;539348992;34299904;491102208;0;0;0;0;0;0;0;0;0;0;0;2424;0;0;0;0;0;0;
32695;2905349;539348992;34299904;491102208;0;0;0;0;0;0;0;0;0;0;0;3857;0;0;0;0;0;0;
32696;4246744;539348992;34299904;491102208;0;0;0;0;0;0;0;0;0;0;0;1943;0;0;0;0;0;0;
32697;2199235;539348992;34299904;491102208;0;0;0;0;0;0;0;0;0;0;0;2465;0;0;0;0;0;0;
32698;4265620;539348992;34299904;491102208;0;0;0;0;0;0;0;0;0;0;0;2074;0;0;0;0;0;0;
32699;2192342;539348992;34299904;491102208;0;0;0;0;0;0;0;0;0;0;0;2043;0;0;0;0;0;0;
32700;4241014;539348992;34299904;491102208;0;0;0;0;0;0;0;0;0;0;0;1903;0;0;0;0;0;0;
32701;2295404;539348992;34299904;491102208;0;0;0;0;0;0;0;0;0;0;0;2335;0;0;0;0;0;0;
32702;4293272;539348992;34299904;491102208;0;0;0;0;0;0;0;0;0;0;0;2254;0;0;0;0;0;0;
32703;2228860;539348992;34299904;491102208;0;0;0;0;0;0;0;0;0;0;0;1914;0;0;0;0;0;0;
32704;4251944;539348992;34299904;491102208;0;0;0;0;0;0;0;0;0;0;0;1843;0;0;0;0;0;0;
32705;2319450;539348992;34299904;491102208;0;0;0;0;0;0;0;0;0;0;0;2575;0;0;0;0;0;0;
32706;4281380;539348992;34299904;491102208;0;0;0;0;0;0;0;0;0;0;0;1893;0;0;0;0;0;0;
32707;2285095;539348992;34299904;491102208;0;0;0;0;0;0;0;0;0;0;0;2224;0;0;0;0;0;0;
32708;4293091;539348992;34299904;491102208;0;0;0;0;0;0;0;0;0;0;0;2445;0;0;0;0;0;0;
32709;2305423;539348992;34299904;491102208;0;0;0;0;0;0;0;0;0;0;0;2224;0;0;0;0;0;0;
32710;4288894;539348992;34299904;491102208;0;0;0;0;0;0;0;0;0;0;0;1844;0;0;0;0;0;0;
32711;2166553;539348992;34299904;491102208;0;0;0;0;0;0;0;0;0;0;0;2074;0;0;0;0;0;0;
32712;4278213;539348992;34299904;491102208;0;0;0;0;0;0;0;0;0;0;0;2034;0;0;0;0;0;0;
32713;2223530;539348992;34299904;491102208;0;0;0;0;0;0;0;0;0;0;0;2104;0;0;0;0;0;0;
32714;4282030;539348992;34299904;491102208;0;0;0;0;0;0;0;0;0;0;0;1803;0;0;0;0;0;0;
32715;2248246;539348992;34299904;491102208;0;0;0;0;0;0;0;0;0;0;0;2515;0;0;0;0;0;0;
32716;4289183;539348992;34299904;491102208;0;0;0;0;0;0;0;0;0;0;0;2154;0;0;0;0;0;0;
32717;2257263;539348992;34299904;491102208;0;0;0;0;0;0;0;0;0;0;0;2405;0;0;0;0;0;0;
32718;4264357;539348992;34299904;491102208;0;0;0;0;0;0;0;0;0;0;0;2344;0;0;0;0;0;0;
32719;2291607;539348992;34299904;491102208;0;0;0;0;0;0;0;0;0;0;0;2174;0;0;0;0;0;0;
32720;4279786;539348992;34299904;491102208;0;0;0;0;0;0;0;0;0;0;0;2024;0;0;0;0;0;0;
32721;2390273;539348992;34299904;491102208;0;0;0;0;0;0;0;0;0;0;0;2735;0;0;0;0;0;0;
32722;4270459;539348992;34299904;491102208;0;0;0;0;0;0;0;0;0;0;0;2044;0;0;0;0;0;0;
32723;2266711;539348992;34299904;491102208;0;0;0;0;0;0;0;0;0;0;0;2284;0;0;0;0;0;0;
32724;4295817;539348992;34299904;491102208;0;0;0;0;0;0;0;0;0;0;0;2485;0;0;0;0;0;0;
32725;2274876;539348992;34299904;491102208;0;0;0;0;0;0;0;0;0;0;0;2605;0;0;0;0;0;0;
32726;4264387;539348992;34299904;491102208;0;0;0;0;0;0;0;0;0;0;0;2706;0;0;0;0;0;0;
32727;2219402;539348992;34299904;491102208;0;0;0;0;0;0;0;0;0;0;0;2004;0;0;0;0;0;0;
32728;4313720;539348992;34299904;491102208;0;0;0;0;0;0;0;0;0;0;0;2094;0;0;0;0;0;0;
32729;2664166;539348992;34299904;491102208;0;0;0;0;0;0;0;0;0;0;0;2404;0;0;0;0;0;0;
32730;4290786;539348992;34299904;491102208;0;0;0;0;0;0;0;0;0;0;0;2154;0;0;0;0;0;0;
32731;2300945;539348992;34299904;491102208;0;0;0;0;0;0;0;0;0;0;0;2415;0;0;0;0;0;0;
32732;4277452;539348992;34299904;491102208;0;0;0;0;0;0;0;0;0;0;0;2305;0;0;0;0;0;0;
32733;2257674;539348992;34299904;491102208;0;0;0;0;0;0;0;0;0;0;0;2595;0;0;0;0;0;0;
32734;4345850;539348992;34299904;491102208;0;0;0;0;0;0;0;0;0;0;0;2345;0;0;0;0;0;0;
32735;2223970;539348992;34299904;491102208;0;0;0;0;0;0;0;0;0;0;0;2405;0;0;0;0;0;0;
32736;4266982;539348992;34299904;491102208;0;0;0;0;0;0;0;0;0;0;0;2254;0;0;0;0;0;0;
32737;2245772;539348992;34299904;491102208;0;0;0;0;0;0;0;0;0;0;0;2605;0;0;0;0;0;0;
32738;4298842;539348992;34299904;491102208;0;0;0;0;0;0;0;0;0;0;0;2044;0;0;0;0;0;0;
32739;2498366;539348992;34299904;491102208;0;0;0;0;0;0;0;0;0;0;0;2034;0;0;0;0;0;0;
32740;4263115;539348992;34299904;491102208;0;0;0;0;0;0;0;0;0;0;0;1944;0;0;0;0;0;0;
32741;2340108;539348992;34299904;491102208;0;0;0;0;0;0;0;0;0;0;0;2555;0;0;0;0;0;0;
32742;4314641;539348992;34299904;491102208;0;0;0;0;0;0;0;0;0;0;0;2104;0;0;0;0;0;0;
32743;2314481;539348992;34299904;491102208;0;0;0;0;0;0;0;0;0;0;0;2124;0;0;0;0;0;0;
32744;4287831;539348992;34299904;491102208;0;0;0;0;0;0;0;0;0;0;0;1963;0;0;0;0;0;0;
32745;2597591;539348992;34299904;491102208;0;0;0;0;0;0;0;0;0;0;0;2275;0;0;0;0;0;0;
32746;4241735;539348992;34299904;491102208;0;0;0;0;0;0;0;0;0;0;0;2315;0;0;0;0;0;0;
32747;2230353;539348992;34299904;491102208;0;0;0;0;0;0;0;0;0;0;0;2214;0;0;0;0;0;0;
32748;4257444;539348992;34299904;491102208;0;0;0;0;0;0;0;0;0;0;0;1984;0;0;0;0;0;0;
32749;2285957;539348992;34299904;491102208;0;0;0;0;0;0;0;0;0;0;0;2425;0;0;0;0;0;0;
32750;4322496;539348992;34299904;491102208;0;0;0;0;0;0;0;0;0;0;0;2093;0;0;0;0;0;0;
32751;2224021;539348992;34299904;491102208;0;0;0;0;0;0;0;0;0;0;0;2355;0;0;0;0;0;0;
32752;4285277;539348992;34299904;491102208;0;0;0;0;0;0;0;0;0;0;0;1994;0;0;0;0;0;0;
32753;2316274;539348992;34299904;491102208;0;0;0;0;0;0;0;0;0;0;0;2434;0;0;0;0;0;0;
32754;4287310;539348992;34299904;491102208;0;0;0;0;0;0;0;0;0;0;0;1954;0;0;0;0;0;0;
32755;2283302;539348992;34299904;491102208;0;0;0;0;0;0;0;0;0;0;0;2595;0;0;0;0;0;0;
32756;4297519;539348992;34299904;491102208;0;0;0;0;0;0;0;0;0;0;0;1873;0;0;0;0;0;0;
32757;2296506;539348992;34299904;491102208;0;0;0;0;0;0;0;0;0;0;0;2334;0;0;0;0;0;0;
32758;4325352;539348992;34299904;491102208;0;0;0;0;0;0;0;0;0;0;0;2204;0;0;0;0;0;0;
32759;2285436;539348992;34299904;491102208;0;0;0;0;0;0;0;0;0;0;0;2184;0;0;0;0;0;0;
32760;4256984;539348992;34299904;491102208;0;0;0;0;0;0;0;0;0;0;0;2124;0;0;0;0;0;0;
32761;2663305;539348992;34299904;491102208;0;0;0;0;0;0;0;0;0;0;0;2434;0;0;0;0;0;0;
32762;4325812;539348992;34299904;491102208;0;0;0;0;0;0;0;0;0;0;0;2084;0;0;0;0;0;0;
32763;2314761;539348992;34299904;491102208;0;0;0;0;0;0;0;0;0;0;0;2395;0;0;0;0;0;0;
32764;4285938;539348992;34299904;491102208;0;0;0;0;0;0;0;0;0;0;0;2174;0;0;0;0;0;0;
32765;2330501;539348992;34299904;491102208;0;0;0;0;0;0;0;0;0;0;0;2775;0;0;0;0;0;0;
32766;4315954;539348992;34299904;491102208;0;0;0;0;0;0;0;0;0;0;0;2094;0;0;0;0;0;0;
32767;2225483;539348992;34299904;491102208;0;0;0;0;0;0;0;0;0;0;0;2354;0;0;0;0;0;0;
32768;4310824;539348992;34299904;491102208;0;0;0;0;0;0;0;0;0;0;0;2584;0;0;0;0;0;0;
32769;2403357;539348992;34299904;491102208;0;0;0;0;0;0;0;0;0;0;0;2214;0;0;0;0;0;0;
32770;4344598;539348992;34299904;491102208;0;0;0;0;0;0;0;0;0;0;0;2004;0;0;0;0;0;0;
32771;2210886;539348992;34299904;491102208;0;0;0;0;0;0;0;0;0;0;0;2245;0;0;0;0;0;0;
32772;4284204;539348992;34299904;491102208;0;0;0;0;0;0;0;0;0;0;0;1774;0;0;0;0;0;0;
32773;2325862;539348992;34299904;491102208;0;0;0;0;0;0;0;0;0;0;0;2185;0;0;0;0;0;0;
32774;4306907;539348992;34299904;491102208;0;0;0;0;0;0;0;0;0;0;0;1973;0;0;0;0;0;0;
32775;2245421;539348992;34299904;491102208;0;0;0;0;0;0;0;0;0;0;0;2144;0;0;0;0;0;0;
32776;4340811;539348992;34299904;491102208;0;0;0;0;0;0;0;0;0;0;0;2154;0;0;0;0;0;0;
32777;2238598;539348992;34299904;491102208;0;0;0;0;0;0;0;0;0;0;0;2244;0;0;0;0;0;0;
32778;4249629;539348992;34299904;491102208;0;0;0;0;0;0;0;0;0;0;0;2074;0;0;0;0;0;0;
32779;2230213;539348992;34299904;491102208;0;0;0;0;0;0;0;0;0;0;0;2234;0;0;0;0;0;0;
32780;4249078;539348992;34299904;491102208;0;0;0;0;0;0;0;0;0;0;0;1983;0;0;0;0;0;0;
32781;2306575;539348992;34299904;491102208;0;0;0;0;0;0;0;0;0;0;0;2254;0;0;0;0;0;0;
32782;4248788;539348992;34299904;491102208;0;0;0;0;0;0;0;0;0;0;0;1913;0;0;0;0;0;0;
32783;2291798;539348992;34299904;491102208;0;0;0;0;0;0;0;0;0;0;0;1934;0;0;0;0;0;0;
32784;4349797;539348992;34299904;491102208;0;0;0;0;0;0;0;0;0;0;0;1864;0;0;0;0;0;0;
32785;2323447;539348992;34299904;491102208;0;0;0;0;0;0;0;0;0;0;0;2464;0;0;0;0;0;0;
32786;4270348;539348992;34299904;491102208;0;0;0;0;0;0;0;0;0;0;0;1994;0;0;0;0;0;0;
32787;2256021;539348992;34299904;491102208;0;0;0;0;0;0;0;0;0;0;0;2445;0;0;0;0;0;0;
32788;4249820;539348992;34299904;491102208;0;0;0;0;0;0;0;0;0;0;0;2255;0;0;0;0;0;0;
32789;2346892;539348992;34299904;491102208;0;0;0;0;0;0;0;0;0;0;0;2495;0;0;0;0;0;0;
32790;4257134;539348992;34299904;491102208;0;0;0;0;0;0;0;0;0;0;0;2033;0;0;0;0;0;0;
32791;2249339;539348992;34299904;491102208;0;0;0;0;0;0;0;0;0;0;0;2415;0;0;0;0;0;0;
32792;4320032;539348992;34299904;491102208;0;0;0;0;0;0;0;0;0;0;0;2044;0;0;0;0;0;0;
32793;2302498;539348992;34299904;491102208;0;0;0;0;0;0;0;0;0;0;0;1983;0;0;0;0;0;0;
32794;4267834;539348992;34299904;491102208;0;0;0;0;0;0;0;0;0;0;0;1874;0;0;0;0;0;0;
32795;2255951;539348992;34299904;491102208;0;0;0;0;0;0;0;0;0;0;0;2265;0;0;0;0;0;0;
32796;4283934;539348992;34299904;491102208;0;0;0;0;0;0;0;0;0;0;0;2345;0;0;0;0;0;0;
32797;2263715;539348992;34299904;491102208;0;0;0;0;0;0;0;0;0;0;0;2555;0;0;0;0;0;0;
32798;4289644;539348992;34299904;491102208;0;0;0;0;0;0;0;0;0;0;0;1983;0;0;0;0;0;0;
32799;2193053;539348992;34299904;491102208;0;0;0;0;0;0;0;0;0;0;0;2364;0;0;0;0;0;0;
32800;4294674;539348992;34299904;491102208;0;0;0;0;0;0;0;0;0;0;0;2044;0;0;0;0;0;0;
32801;2215565;539348992;34299904;491102208;0;0;0;0;0;0;0;0;0;0;0;2304;0;0;0;0;0;0;
32802;4456708;539348992;34299904;491102208;0;0;0;0;0;0;0;0;0;0;0;2364;0;0;0;0;0;0;
32803;2282832;539348992;34299904;491102208;0;0;0;0;0;0;0;0;0;0;0;2354;0;0;0;0;0;0;
32804;4247817;539348992;34299904;491102208;0;0;0;0;0;0;0;0;0;0;0;1964;0;0;0;0;0;0;
32805;2308840;539348992;34299904;491102208;0;0;0;0;0;0;0;0;0;0;0;2264;0;0;0;0;0;0;
32806;4256051;539348992;34299904;491102208;0;0;0;0;0;0;0;0;0;0;0;1894;0;0;0;0;0;0;
32807;2220564;539348992;34299904;491102208;0;0;0;0;0;0;0;0;0;0;0;2224;0;0;0;0;0;0;
32808;4245953;539348992;34299904;491102208;0;0;0;0;0;0;0;0;0;0;0;2405;0;0;0;0;0;0;
32809;2236815;539348992;34299904;491102208;0;0;0;0;0;0;0;0;0;0;0;2114;0;0;0;0;0;0;
32810;4293242;539348992;34299904;491102208;0;0;0;0;0;0;0;0;0;0;0;1783;0;0;0;0;0;0;
32811;2240972;539348992;34299904;491102208;0;0;0;0;0;0;0;0;0;0;0;2655;0;0;0;0;0;0;
32812;4244349;539348992;34299904;491102208;0;0;0;0;0;0;0;0;0;0;0;2444;0;0;0;0;0;0;
32813;2462548;539348992;34299904;491102208;0;0;0;0;0;0;0;0;0;0;0;2445;0;0;0;0;0;0;
32814;4213933;539348992;34299904;491102208;0;0;0;0;0;0;0;0;0;0;0;2104;0;0;0;0;0;0;
32815;2277471;539348992;34299904;491102208;0;0;0;0;0;0;0;0;0;0;0;2555;0;0;0;0;0;0;
32816;4268876;539348992;34299904;491102208;0;0;0;0;0;0;0;0;0;0;0;2295;0;0;0;0;0;0;
32817;2246122;539348992;34299904;491102208;0;0;0;0;0;0;0;0;0;0;0;2344;0;0;0;0;0;0;
32818;4259027;539348992;34299904;491102208;0;0;0;0;0;0;0;0;0;0;0;1974;0;0;0;0;0;0;
32819;2443262;539348992;34299904;491102208;0;0;0;0;0;0;0;0;0;0;0;2074;0;0;0;0;0;0;
32820;4337845;539348992;34299904;491102208;0;0;0;0;0;0;0;0;0;0;0;2104;0;0;0;0;0;0;
32821;2429266;539348992;34299904;491102208;0;0;0;0;0;0;0;0;0;0;0;2374;0;0;0;0;0;0;
32822;4306245;539348992;34299904;491102208;0;0;0;0;0;0;0;0;0;0;0;2354;0;0;0;0;0;0;
32823;2277831;539348992;34299904;491102208;0;0;0;0;0;0;0;0;0;0;0;2635;0;0;0;0;0;0;
32824;4347544;539348992;34299904;491102208;0;0;0;0;0;0;0;0;0;0;0;2245;0;0;0;0;0;0;
32825;2325190;539348992;34299904;491102208;0;0;0;0;0;0;0;0;0;0;0;2234;0;0;0;0;0;0;
32826;4320553;539348992;34299904;491102208;0;0;0;0;0;0;0;0;0;0;0;1863;0;0;0;0;0;0;
32827;2275798;539348992;34299904;491102208;0;0;0;0;0;0;0;0;0;0;0;2064;0;0;0;0;0;0;
32828;4319100;539348992;34299904;491102208;0;0;0;0;0;0;0;0;0;0;0;1843;0;0;0;0;0;0;
32829;2267883;539348992;34299904;491102208;0;0;0;0;0;0;0;0;0;0;0;2736;0;0;0;0;0;0;
32830;4289264;539348992;34299904;491102208;0;0;0;0;0;0;0;0;0;0;0;2315;0;0;0;0;0;0;
32831;2239760;539348992;34299904;491102208;0;0;0;0;0;0;0;0;0;0;0;2365;0;0;0;0;0;0;
32832;4371748;539348992;34299904;491102208;0;0;0;0;0;0;0;0;0;0;0;2564;0;0;0;0;0;0;
32833;2266441;539348992;34299904;491102208;0;0;0;0;0;0;0;0;0;0;0;2345;0;0;0;0;0;0;
32834;4294273;539348992;34299904;491102208;0;0;0;0;0;0;0;0;0;0;0;2014;0;0;0;0;0;0;
32835;2252755;539348992;34299904;491102208;0;0;0;0;0;0;0;0;0;0;0;1793;0;0;0;0;0;0;
32836;4238159;539348992;34299904;491102208;0;0;0;0;0;0;0;0;0;0;0;1914;0;0;0;0;0;0;
32837;2242315;539348992;34299904;491102208;0;0;0;0;0;0;0;0;0;0;0;2635;0;0;0;0;0;0;
32838;4277181;539348992;34299904;491102208;0;0;0;0;0;0;0;0;0;0;0;1914;0;0;0;0;0;0;
32839;2218620;539348992;34299904;491102208;0;0;0;0;0;0;0;0;0;0;0;2184;0;0;0;0;0;0;
32840;4264818;539348992;34299904;491102208;0;0;0;0;0;0;0;0;0;0;0;2505;0;0;0;0;0;0;
32841;2186741;539348992;34299904;491102208;0;0;0;0;0;0;0;0;0;0;0;2404;0;0;0;0;0;0;
32842;4234912;539348992;34299904;491102208;0;0;0;0;0;0;0;0;0;0;0;2104;0;0;0;0;0;0;
32843;2250831;539348992;34299904;491102208;0;0;0;0;0;0;0;0;0;0;0;2325;0;0;0;0;0;0;
32844;4291007;539348992;34299904;491102208;0;0;0;0;0;0;0;0;0;0;0;2155;0;0;0;0;0;0;
32845;2286378;539348992;34299904;491102208;0;0;0;0;0;0;0;0;0;0;0;2155;0;0;0;0;0;0;
32846;4291087;539348992;34299904;491102208;0;0;0;0;0;0;0;0;0;0;0;2224;0;0;0;0;0;0;
32847;2240171;539348992;34299904;491102208;0;0;0;0;0;0;0;0;0;0;0;2675;0;0;0;0;0;0;
32848;4292340;539348992;34299904;491102208;0;0;0;0;0;0;0;0;0;0;0;2154;0;0;0;0;0;0;
32849;2765155;539348992;34299904;491102208;0;0;0;0;0;0;0;0;0;0;0;2835;0;0;0;0;0;0;
32850;4282482;539348992;34299904;491102208;0;0;0;0;0;0;0;0;0;0;0;2585;0;0;0;0;0;0;
32851;2269777;539348992;34299904;491102208;0;0;0;0;0;0;0;0;0;0;0;2956;0;0;0;0;0;0;
32852;4350439;539348992;34299904;491102208;0;0;0;0;0;0;0;0;0;0;0;2635;0;0;0;0;0;0;
32853;2267683;539348992;34299904;491102208;0;0;0;0;0;0;0;0;0;0;0;2695;0;0;0;0;0;0;
32854;4318940;539348992;34299904;491102208;0;0;0;0;0;0;0;0;0;0;0;2525;0;0;0;0;0;0;
32855;2211718;539348992;34299904;491102208;0;0;0;0;0;0;0;0;0;0;0;2104;0;0;0;0;0;0;
32856;4298030;539348992;34299904;491102208;0;0;0;0;0;0;0;0;0;0;0;2003;0;0;0;0;0;0;
32857;2236304;539348992;34299904;491102208;0;0;0;0;0;0;0;0;0;0;0;2314;0;0;0;0;0;0;
32858;4316525;539348992;34299904;491102208;0;0;0;0;0;0;0;0;0;0;0;2144;0;0;0;0;0;0;
32859;2190708;539348992;34299904;491102208;0;0;0;0;0;0;0;0;0;0;0;2114;0;0;0;0;0;0;
32860;4241314;539348992;34299904;491102208;0;0;0;0;0;0;0;0;0;0;0;2084;0;0;0;0;0;0;
32861;2223610;539348992;34299904;491102208;0;0;0;0;0;0;0;0;0;0;0;2204;0;0;0;0;0;0;
32862;4255370;539348992;34299904;491102208;0;0;0;0;0;0;0;0;0;0;0;2404;0;0;0;0;0;0;
32863;2196319;539348992;34299904;491102208;0;0;0;0;0;0;0;0;0;0;0;2074;0;0;0;0;0;0;
32864;4241795;539348992;34299904;491102208;0;0;0;0;0;0;0;0;0;0;0;1894;0;0;0;0;0;0;
32865;2237877;539348992;34299904;491102208;0;0;0;0;0;0;0;0;0;0;0;2485;0;0;0;0;0;0;
32866;4228430;539348992;34299904;491102208;0;0;0;0;0;0;0;0;0;0;0;2214;0;0;0;0;0;0;
32867;2279565;539348992;34299904;491102208;0;0;0;0;0;0;0;0;0;0;0;2555;0;0;0;0;0;0;
32868;4295055;539348992;34299904;491102208;0;0;0;0;0;0;0;0;0;0;0;2535;0;0;0;0;0;0;
32869;2334028;539348992;34299904;491102208;0;0;0;0;0;0;0;0;0;0;0;2335;0;0;0;0;0;0;
32870;4279215;539348992;34299904;491102208;0;0;0;0;0;0;0;0;0;0;0;2013;0;0;0;0;0;0;
32871;2328406;539348992;34299904;491102208;0;0;0;0;0;0;0;0;0;0;0;2314;0;0;0;0;0;0;
32872;4282422;539348992;34299904;491102208;0;0;0;0;0;0;0;0;0;0;0;2254;0;0;0;0;0;0;
32873;2325180;539348992;34299904;491102208;0;0;0;0;0;0;0;0;0;0;0;2505;0;0;0;0;0;0;
32874;4283974;539348992;34299904;491102208;0;0;0;0;0;0;0;0;0;0;0;2134;0;0;0;0;0;0;
32875;2285897;539348992;34299904;491102208;0;0;0;0;0;0;0;0;0;0;0;2354;0;0;0;0;0;0;
32876;4315564;539348992;34299904;491102208;0;0;0;0;0;0;0;0;0;0;0;2103;0;0;0;0;0;0;
32877;2247705;539348992;34299904;491102208;0;0;0;0;0;0;0;0;0;0;0;2194;0;0;0;0;0;0;
32878;4240993;539348992;34299904;491102208;0;0;0;0;0;0;0;0;0;0;0;1983;0;0;0;0;0;0;
32879;2264657;539348992;34299904;491102208;0;0;0;0;0;0;0;0;0;0;0;2284;0;0;0;0;0;0;
32880;4263335;539348992;34299904;491102208;0;0;0;0;0;0;0;0;0;0;0;1914;0;0;0;0;0;0;
32881;2292940;539348992;34299904;491102208;0;0;0;0;0;0;0;0;0;0;0;2645;0;0;0;0;0;0;
32882;4259198;539348992;34299904;491102208;0;0;0;0;0;0;0;0;0;0;0;1783;0;0;0;0;0;0;
32883;2325622;539348992;34299904;491102208;0;0;0;0;0;0;0;0;0;0;0;2184;0;0;0;0;0;0;
32884;4280518;539348992;34299904;491102208;0;0;0;0;0;0;0;0;0;0;0;1934;0;0;0;0;0;0;
32885;2299803;539348992;34299904;491102208;0;0;0;0;0;0;0;0;0;0;0;2224;0;0;0;0;0;0;
32886;4275448;539348992;34299904;491102208;0;0;0;0;0;0;0;0;0;0;0;1904;0;0;0;0;0;0;
32887;2504777;539348992;34299904;491102208;0;0;0;0;0;0;0;0;0;0;0;2114;0;0;0;0;0;0;
32888;4237046;539348992;34299904;491102208;0;0;0;0;0;0;0;0;0;0;0;2245;0;0;0;0;0;0;
32889;2313689;539348992;34299904;491102208;0;0;0;0;0;0;0;0;0;0;0;2324;0;0;0;0;0;0;
32890;4199435;539348992;34299904;491102208;0;0;0;0;0;0;0;0;0;0;0;1834;0;0;0;0;0;0;
32891;2209404;539348992;34299904;491102208;0;0;0;0;0;0;0;0;0;0;0;2224;0;0;0;0;0;0;
32892;4210797;539348992;34299904;491102208;0;0;0;0;0;0;0;0;0;0;0;1833;0;0;0;0;0;0;
32893;2433073;539348992;34299904;491102208;0;0;0;0;0;0;0;0;0;0;0;2023;0;0;0;0;0;0;
32894;4331834;539348992;34299904;491102208;0;0;0;0;0;0;0;0;0;0;0;1913;0;0;0;0;0;0;
32895;2287670;539348992;34299904;491102208;0;0;0;0;0;0;0;0;0;0;0;2255;0;0;0;0;0;0;
32896;4274266;539348992;34299904;491102208;0;0;0;0;0;0;0;0;0;0;0;2104;0;0;0;0;0;0;
32897;2210706;539348992;34299904;491102208;0;0;0;0;0;0;0;0;0;0;0;2525;0;0;0;0;0;0;
32898;4250652;539348992;34299904;491102208;0;0;0;0;0;0;0;0;0;0;0;2014;0;0;0;0;0;0;
32899;2232778;539348992;34299904;491102208;0;0;0;0;0;0;0;0;0;0;0;2074;0;0;0;0;0;0;
32900;4241024;539348992;34299904;491102208;0;0;0;0;0;0;0;0;0;0;0;1824;0;0;0;0;0;0;
32901;2291527;539348992;34299904;491102208;0;0;0;0;0;0;0;0;0;0;0;2284;0;0;0;0;0;0;
32902;4235975;539348992;34299904;491102208;0;0;0;0;0;0;0;0;0;0;0;2013;0;0;0;0;0;0;
32903;2245081;539348992;34299904;491102208;0;0;0;0;0;0;0;0;0;0;0;2024;0;0;0;0;0;0;
32904;4244340;539348992;34299904;491102208;0;0;0;0;0;0;0;0;0;0;0;1963;0;0;0;0;0;0;
32905;2304291;539348992;34299904;491102208;0;0;0;0;0;0;0;0;0;0;0;2144;0;0;0;0;0;0;
32906;4307669;539348992;34299904;491102208;0;0;0;0;0;0;0;0;0;0;0;1894;0;0;0;0;0;0;
32907;2178736;539348992;34299904;491102208;0;0;0;0;0;0;0;0;0;0;0;2405;0;0;0;0;0;0;
32908;4281329;539348992;34299904;491102208;0;0;0;0;0;0;0;0;0;0;0;2184;0;0;0;0;0;0;
32909;2222438;539348992;34299904;491102208;0;0;0;0;0;0;0;0;0;0;0;2274;0;0;0;0;0;0;
32910;4259197;539348992;34299904;491102208;0;0;0;0;0;0;0;0;0;0;0;1703;0;0;0;0;0;0;
32911;2204084;539348992;34299904;491102208;0;0;0;0;0;0;0;0;0;0;0;2124;0;0;0;0;0;0;
32912;4221417;539348992;34299904;491102208;0;0;0;0;0;0;0;0;0;0;0;1884;0;0;0;0;0;0;
32913;2309351;539348992;34299904;491102208;0;0;0;0;0;0;0;0;0;0;0;2324;0;0;0;0;0;0;
32914;4343045;539348992;34299904;491102208;0;0;0;0;0;0;0;0;0;0;0;1804;0;0;0;0;0;0;
32915;2195196;539348992;34299904;491102208;0;0;0;0;0;0;0;0;0;0;0;2305;0;0;0;0;0;0;
32916;4266581;539348992;34299904;491102208;0;0;0;0;0;0;0;0;0;0;0;1854;0;0;0;0;0;0;
32917;2285657;539348992;34299904;491102208;0;0;0;0;0;0;0;0;0;0;0;2244;0;0;0;0;0;0;
32918;4228841;539348992;34299904;491102208;0;0;0;0;0;0;0;0;0;0;0;1874;0;0;0;0;0;0;
32919;2320962;539348992;34299904;491102208;0;0;0;0;0;0;0;0;0;0;0;1904;0;0;0;0;0;0;
32920;4285217;539348992;34299904;491102208;0;0;0;0;0;0;0;0;0;0;0;1953;0;0;0;0;0;0;
32921;2266901;539348992;34299904;491102208;0;0;0;0;0;0;0;0;0;0;0;2194;0;0;0;0;0;0;
32922;4279927;539348992;34299904;491102208;0;0;0;0;0;0;0;0;0;0;0;2144;0;0;0;0;0;0;
32923;2239500;539348992;34299904;491102208;0;0;0;0;0;0;0;0;0;0;0;2084;0;0;0;0;0;0;
32924;4234501;539348992;34299904;491102208;0;0;0;0;0;0;0;0;0;0;0;1914;0;0;0;0;0;0;
32925;2214974;539348992;34299904;491102208;0;0;0;0;0;0;0;0;0;0;0;2084;0;0;0;0;0;0;
32926;4239180;539348992;34299904;491102208;0;0;0;0;0;0;0;0;0;0;0;1864;0;0;0;0;0;0;
32927;2294002;539348992;34299904;491102208;0;0;0;0;0;0;0;0;0;0;0;2254;0;0;0;0;0;0;
32928;4253356;539348992;34299904;491102208;0;0;0;0;0;0;0;0;0;0;0;1994;0;0;0;0;0;0;
32929;2348655;539348992;34299904;491102208;0;0;0;0;0;0;0;0;0;0;0;2364;0;0;0;0;0;0;
32930;4267864;539348992;34299904;491102208;0;0;0;0;0;0;0;0;0;0;0;1934;0;0;0;0;0;0;
32931;2288172;539348992;34299904;491102208;0;0;0;0;0;0;0;0;0;0;0;2104;0;0;0;0;0;0;
32932;4270178;539348992;34299904;491102208;0;0;0;0;0;0;0;0;0;0;0;2164;0;0;0;0;0;0;
32933;2370876;539348992;34299904;491102208;0;0;0;0;0;0;0;0;0;0;0;2505;0;0;0;0;0;0;
32934;4288092;539348992;34299904;491102208;0;0;0;0;0;0;0;0;0;0;0;2275;0;0;0;0;0;0;
32935;2258766;539348992;34299904;491102208;0;0;0;0;0;0;0;0;0;0;0;2194;0;0;0;0;0;0;
32936;4240993;539348992;34299904;491102208;0;0;0;0;0;0;0;0;0;0;0;2505;0;0;0;0;0;0;
32937;2321263;539348992;34299904;491102208;0;0;0;0;0;0;0;0;0;0;0;2705;0;0;0;0;0;0;
32938;10364918;539348992;34299904;491102208;0;0;0;0;0;0;0;0;0;0;0;2355;0;0;0;0;0;0;
32939;3271315;539348992;34299904;491102208;0;0;0;0;0;0;0;0;0;0;0;2865;0;0;0;0;0;0;
32940;4826652;539348992;34299904;491102208;0;0;0;0;0;0;0;0;0;0;0;2374;0;0;0;0;0;0;
32941;2526348;539348992;34299904;491102208;0;0;0;0;0;0;0;0;0;0;0;2505;0;0;0;0;0;0;
32942;4300546;539348992;34299904;491102208;0;0;0;0;0;0;0;0;0;0;0;2534;0;0;0;0;0;0;
32943;2148910;539348992;34299904;491102208;0;0;0;0;0;0;0;0;0;0;0;2184;0;0;0;0;0;0;
32944;4283272;539348992;34299904;491102208;0;0;0;0;0;0;0;0;0;0;0;2164;0;0;0;0;0;0;
32945;2194285;539348992;34299904;491102208;0;0;0;0;0;0;0;0;0;0;0;2294;0;0;0;0;0;0;
32946;4286970;539348992;34299904;491102208;0;0;0;0;0;0;0;0;0;0;0;2094;0;0;0;0;0;0;
32947;2236364;539348992;34299904;491102208;0;0;0;0;0;0;0;0;0;0;0;2174;0;0;0;0;0;0;
32948;4326434;539348992;34299904;491102208;0;0;0;0;0;0;0;0;0;0;0;1803;0;0;0;0;0;0;
32949;2231756;539348992;34299904;491102208;0;0;0;0;0;0;0;0;0;0;0;2034;0;0;0;0;0;0;
32950;4308020;539348992;34299904;491102208;0;0;0;0;0;0;0;0;0;0;0;1994;0;0;0;0;0;0;
32951;2208842;539348992;34299904;491102208;0;0;0;0;0;0;0;0;0;0;0;2555;0;0;0;0;0;0;
32952;4290757;539348992;34299904;491102208;0;0;0;0;0;0;0;0;0;0;0;2164;0;0;0;0;0;0;
32953;2337513;539348992;34299904;491102208;0;0;0;0;0;0;0;0;0;0;0;2214;0;0;0;0;0;0;
32954;4328878;539348992;34299904;491102208;0;0;0;0;0;0;0;0;0;0;0;2224;0;0;0;0;0;0;
32955;2269446;539348992;34299904;491102208;0;0;0;0;0;0;0;0;0;0;0;2254;0;0;0;0;0;0;
32956;4323608;539348992;34299904;491102208;0;0;0;0;0;0;0;0;0;0;0;2264;0;0;0;0;0;0;
32957;2313709;539348992;34299904;491102208;0;0;0;0;0;0;0;0;0;0;0;2655;0;0;0;0;0;0;
32958;4348024;539348992;34299904;491102208;0;0;0;0;0;0;0;0;0;0;0;2204;0;0;0;0;0;0;
32959;2251353;539348992;34299904;491102208;0;0;0;0;0;0;0;0;0;0;0;2174;0;0;0;0;0;0;
32960;4295105;539348992;34299904;491102208;0;0;0;0;0;0;0;0;0;0;0;1814;0;0;0;0;0;0;
32961;2552868;539348992;34299904;491102208;0;0;0;0;0;0;0;0;0;0;0;2515;0;0;0;0;0;0;
32962;4314662;539348992;34299904;491102208;0;0;0;0;0;0;0;0;0;0;0;2374;0;0;0;0;0;0;
32963;2264868;539348992;34299904;491102208;0;0;0;0;0;0;0;0;0;0;0;2344;0;0;0;0;0;0;
32964;4300766;539348992;34299904;491102208;0;0;0;0;0;0;0;0;0;0;0;2064;0;0;0;0;0;0;
32965;2309261;539348992;34299904;491102208;0;0;0;0;0;0;0;0;0;0;0;2014;0;0;0;0;0;0;
32966;4266572;539348992;34299904;491102208;0;0;0;0;0;0;0;0;0;0;0;2003;0;0;0;0;0;0;
32967;2510438;539348992;34299904;491102208;0;0;0;0;0;0;0;0;0;0;0;2084;0;0;0;0;0;0;
32968;4307388;539348992;34299904;491102208;0;0;0;0;0;0;0;0;0;0;0;1843;0;0;0;0;0;0;
32969;2352612;539348992;34299904;491102208;0;0;0;0;0;0;0;0;0;0;0;2735;0;0;0;0;0;0;
32970;4422334;539348992;34299904;491102208;0;0;0;0;0;0;0;0;0;0;0;1854;0;0;0;0;0;0;
32971;2251151;539348992;34299904;491102208;0;0;0;0;0;0;0;0;0;0;0;2314;0;0;0;0;0;0;
32972;4364846;539348992;34299904;491102208;0;0;0;0;0;0;0;0;0;0;0;2154;0;0;0;0;0;0;
32973;2259597;539348992;34299904;491102208;0;0;0;0;0;0;0;0;0;0;0;2805;0;0;0;0;0;0;
32974;4353234;539348992;34299904;491102208;0;0;0;0;0;0;0;0;0;0;0;2174;0;0;0;0;0;0;
32975;2284284;539348992;34299904;491102208;0;0;0;0;0;0;0;0;0;0;0;3006;0;0;0;0;0;0;
32976;4332805;539348992;34299904;491102208;0;0;0;0;0;0;0;0;0;0;0;2254;0;0;0;0;0;0;
32977;2767801;539348992;34299904;491102208;0;0;0;0;0;0;0;0;0;0;0;2916;0;0;0;0;0;0;
32978;4285136;539348992;34299904;491102208;0;0;0;0;0;0;0;0;0;0;0;2134;0;0;0;0;0;0;
32979;2249980;539348992;34299904;491102208;0;0;0;0;0;0;0;0;0;0;0;2365;0;0;0;0;0;0;
32980;4299975;539348992;34299904;491102208;0;0;0;0;0;0;0;0;0;0;0;2154;0;0;0;0;0;0;
32981;2433965;539348992;34299904;491102208;0;0;0;0;0;0;0;0;0;0;0;2725;0;0;0;0;0;0;
32982;4318810;539348992;34299904;491102208;0;0;0;0;0;0;0;0;0;0;0;1924;0;0;0;0;0;0;
32983;2311295;539348992;34299904;491102208;0;0;0;0;0;0;0;0;0;0;0;2394;0;0;0;0;0;0;
32984;4321755;539348992;34299904;491102208;0;0;0;0;0;0;0;0;0;0;0;2003;0;0;0;0;0;0;
32985;2321874;539348992;34299904;491102208;0;0;0;0;0;0;0;0;0;0;0;2044;0;0;0;0;0;0;
32986;4279495;539348992;34299904;491102208;0;0;0;0;0;0;0;0;0;0;0;2084;0;0;0;0;0;0;
32987;2291066;539348992;34299904;491102208;0;0;0;0;0;0;0;0;0;0;0;2074;0;0;0;0;0;0;
32988;4403017;539348992;34299904;491102208;0;0;0;0;0;0;0;0;0;0;0;1954;0;0;0;0;0;0;
32989;2365696;539348992;34299904;491102208;0;0;0;0;0;0;0;0;0;0;0;2415;0;0;0;0;0;0;
32990;4276430;539348992;34299904;491102208;0;0;0;0;0;0;0;0;0;0;0;1763;0;0;0;0;0;0;
32991;2282761;539348992;34299904;491102208;0;0;0;0;0;0;0;0;0;0;0;2465;0;0;0;0;0;0;
32992;4254038;539348992;34299904;491102208;0;0;0;0;0;0;0;0;0;0;0;2444;0;0;0;0;0;0;
32993;2302729;539348992;34299904;491102208;0;0;0;0;0;0;0;0;0;0;0;2876;0;0;0;0;0;0;
32994;4342474;539348992;34299904;491102208;0;0;0;0;0;0;0;0;0;0;0;2024;0;0;0;0;0;0;
32995;2245851;539348992;34299904;491102208;0;0;0;0;0;0;0;0;0;0;0;2074;0;0;0;0;0;0;
32996;4328818;539348992;34299904;491102208;0;0;0;0;0;0;0;0;0;0;0;1953;0;0;0;0;0;0;
32997;2341511;539348992;34299904;491102208;0;0;0;0;0;0;0;0;0;0;0;2244;0;0;0;0;0;0;
32998;4303862;539348992;34299904;491102208;0;0;0;0;0;0;0;0;0;0;0;1803;0;0;0;0;0;0;
32999;2269286;539348992;34299904;491102208;0;0;0;0;0;0;0;0;0;0;0;2094;0;0;0;0;0;0;
33000;4304572;539348992;34299904;491102208;0;0;0;0;0;0;0;0;0;0;0;1944;0;0;0;0;0;0;
33001;2330510;539348992;34299904;491102208;0;0;0;0;0;0;0;0;0;0;0;2775;0;0;0;0;0;0;
33002;4314452;539348992;34299904;491102208;0;0;0;0;0;0;0;0;0;0;0;1904;0;0;0;0;0;0;
33003;2246644;539348992;34299904;491102208;0;0;0;0;0;0;0;0;0;0;0;2484;0;0;0;0;0;0;
33004;4312527;539348992;34299904;491102208;0;0;0;0;0;0;0;0;0;0;0;2244;0;0;0;0;0;0;
33005;2258305;539348992;34299904;491102208;0;0;0;0;0;0;0;0;0;0;0;2335;0;0;0;0;0;0;
33006;4297189;539348992;34299904;491102208;0;0;0;0;0;0;0;0;0;0;0;1974;0;0;0;0;0;0;
33007;2318709;539348992;34299904;491102208;0;0;0;0;0;0;0;0;0;0;0;2325;0;0;0;0;0;0;
33008;4296247;539348992;34299904;491102208;0;0;0;0;0;0;0;0;0;0;0;1924;0;0;0;0;0;0;
33009;2309320;539348992;34299904;491102208;0;0;0;0;0;0;0;0;0;0;0;2024;0;0;0;0;0;0;
33010;4326824;539348992;34299904;491102208;0;0;0;0;0;0;0;0;0;0;0;2004;0;0;0;0;0;0;
33011;2234862;539348992;34299904;491102208;0;0;0;0;0;0;0;0;0;0;0;2144;0;0;0;0;0;0;
33012;4287902;539348992;34299904;491102208;0;0;0;0;0;0;0;0;0;0;0;1854;0;0;0;0;0;0;
33013;2290205;539348992;34299904;491102208;0;0;0;0;0;0;0;0;0;0;0;2054;0;0;0;0;0;0;
33014;4277191;539348992;34299904;491102208;0;0;0;0;0;0;0;0;0;0;0;1944;0;0;0;0;0;0;
33015;2311344;539348992;34299904;491102208;0;0;0;0;0;0;0;0;0;0;0;2164;0;0;0;0;0;0;
33016;4282491;539348992;34299904;491102208;0;0;0;0;0;0;0;0;0;0;0;2174;0;0;0;0;0;0;
33017;2232156;539348992;34299904;491102208;0;0;0;0;0;0;0;0;0;0;0;1973;0;0;0;0;0;0;
33018;4401334;539348992;34299904;491102208;0;0;0;0;0;0;0;0;0;0;0;1713;0;0;0;0;0;0;
33019;2291217;539348992;34299904;491102208;0;0;0;0;0;0;0;0;0;0;0;2345;0;0;0;0;0;0;
33020;4315313;539348992;34299904;491102208;0;0;0;0;0;0;0;0;0;0;0;2355;0;0;0;0;0;0;
33021;2226205;539348992;34299904;491102208;0;0;0;0;0;0;0;0;0;0;0;2485;0;0;0;0;0;0;
33022;4309442;539348992;34299904;491102208;0;0;0;0;0;0;0;0;0;0;0;1923;0;0;0;0;0;0;
33023;2297769;539348992;34299904;491102208;0;0;0;0;0;0;0;0;0;0;0;2154;0;0;0;0;0;0;
33024;4345069;539348992;34299904;491102208;0;0;0;0;0;0;0;0;0;0;0;1984;0;0;0;0;0;0;
33025;2373441;539348992;34299904;491102208;0;0;0;0;0;0;0;0;0;0;0;2264;0;0;0;0;0;0;
33026;4316284;539348992;34299904;491102208;0;0;0;0;0;0;0;0;0;0;0;2334;0;0;0;0;0;0;
33027;2346110;539348992;34299904;491102208;0;0;0;0;0;0;0;0;0;0;0;2204;0;0;0;0;0;0;
33028;4316475;539348992;34299904;491102208;0;0;0;0;0;0;0;0;0;0;0;1903;0;0;0;0;0;0;
33029;2381867;539348992;34299904;491102208;0;0;0;0;0;0;0;0;0;0;0;2515;0;0;0;0;0;0;
33030;4341582;539348992;34299904;491102208;0;0;0;0;0;0;0;0;0;0;0;1974;0;0;0;0;0;0;
33031;2251342;539348992;34299904;491102208;0;0;0;0;0;0;0;0;0;0;0;2375;0;0;0;0;0;0;
33032;4284755;539348992;34299904;491102208;0;0;0;0;0;0;0;0;0;0;0;2304;0;0;0;0;0;0;
33033;2301656;539348992;34299904;491102208;0;0;0;0;0;0;0;0;0;0;0;2144;0;0;0;0;0;0;
33034;4317817;539348992;34299904;491102208;0;0;0;0;0;0;0;0;0;0;0;2084;0;0;0;0;0;0;
33035;2648628;539348992;34299904;491102208;0;0;0;0;0;0;0;0;0;0;0;2274;0;0;0;0;0;0;
33036;4279856;539348992;34299904;491102208;0;0;0;0;0;0;0;0;0;0;0;2003;0;0;0;0;0;0;
33037;2289363;539348992;34299904;491102208;0;0;0;0;0;0;0;0;0;0;0;2094;0;0;0;0;0;0;
33038;4305705;539348992;34299904;491102208;0;0;0;0;0;0;0;0;0;0;0;2034;0;0;0;0;0;0;
33039;2271550;539348992;34299904;491102208;0;0;0;0;0;0;0;0;0;0;0;2284;0;0;0;0;0;0;
33040;4276540;539348992;34299904;491102208;0;0;0;0;0;0;0;0;0;0;0;2234;0;0;0;0;0;0;
33041;2516039;539348992;34299904;491102208;0;0;0;0;0;0;0;0;0;0;0;2405;0;0;0;0;0;0;
33042;4306386;539348992;34299904;491102208;0;0;0;0;0;0;0;0;0;0;0;2966;0;0;0;0;0;0;
33043;2424857;539348992;34299904;491102208;0;0;0;0;0;0;0;0;0;0;0;2134;0;0;0;0;0;0;
33044;4282641;539348992;34299904;491102208;0;0;0;0;0;0;0;0;0;0;0;2224;0;0;0;0;0;0;
33045;2434175;539348992;34299904;491102208;0;0;0;0;0;0;0;0;0;0;0;2334;0;0;0;0;0;0;
33046;4327025;539348992;34299904;491102208;0;0;0;0;0;0;0;0;0;0;0;2294;0;0;0;0;0;0;
33047;2278994;539348992;34299904;491102208;0;0;0;0;0;0;0;0;0;0;0;2003;0;0;0;0;0;0;
33048;4331453;539348992;34299904;491102208;0;0;0;0;0;0;0;0;0;0;0;2184;0;0;0;0;0;0;
33049;2281148;539348992;34299904;491102208;0;0;0;0;0;0;0;0;0;0;0;2344;0;0;0;0;0;0;
33050;4301767;539348992;34299904;491102208;0;0;0;0;0;0;0;0;0;0;0;2254;0;0;0;0;0;0;
33051;2253907;539348992;34299904;491102208;0;0;0;0;0;0;0;0;0;0;0;2003;0;0;0;0;0;0;
33052;4331964;539348992;34299904;491102208;0;0;0;0;0;0;0;0;0;0;0;1783;0;0;0;0;0;0;
33053;2261502;539348992;34299904;491102208;0;0;0;0;0;0;0;0;0;0;0;2424;0;0;0;0;0;0;
33054;4430439;539348992;34299904;491102208;0;0;0;0;0;0;0;0;0;0;0;2334;0;0;0;0;0;0;
33055;2250761;539348992;34299904;491102208;0;0;0;0;0;0;0;0;0;0;0;2404;0;0;0;0;0;0;
33056;4307558;539348992;34299904;491102208;0;0;0;0;0;0;0;0;0;0;0;2114;0;0;0;0;0;0;
33057;2255349;539348992;34299904;491102208;0;0;0;0;0;0;0;0;0;0;0;2384;0;0;0;0;0;0;
33058;4296568;539348992;34299904;491102208;0;0;0;0;0;0;0;0;0;0;0;2204;0;0;0;0;0;0;
33059;2322726;539348992;34299904;491102208;0;0;0;0;0;0;0;0;0;0;0;2524;0;0;0;0;0;0;
33060;4300606;539348992;34299904;491102208;0;0;0;0;0;0;0;0;0;0;0;2074;0;0;0;0;0;0;
33061;2357601;539348992;34299904;491102208;0;0;0;0;0;0;0;0;0;0;0;2044;0;0;0;0;0;0;
33062;4323378;539348992;34299904;491102208;0;0;0;0;0;0;0;0;0;0;0;2034;0;0;0;0;0;0;
33063;2232948;539348992;34299904;491102208;0;0;0;0;0;0;0;0;0;0;0;2124;0;0;0;0;0;0;
33064;4281700;539348992;34299904;491102208;0;0;0;0;0;0;0;0;0;0;0;1803;0;0;0;0;0;0;
33065;2295135;539348992;34299904;491102208;0;0;0;0;0;0;0;0;0;0;0;2174;0;0;0;0;0;0;
33066;4328799;539348992;34299904;491102208;0;0;0;0;0;0;0;0;0;0;0;2214;0;0;0;0;0;0;
33067;2160291;539348992;34299904;491102208;0;0;0;0;0;0;0;0;0;0;0;2215;0;0;0;0;0;0;
33068;4306607;539348992;34299904;491102208;0;0;0;0;0;0;0;0;0;0;0;2114;0;0;0;0;0;0;
33069;2195257;539348992;34299904;491102208;0;0;0;0;0;0;0;0;0;0;0;2465;0;0;0;0;0;0;
33070;4307448;539348992;34299904;491102208;0;0;0;0;0;0;0;0;0;0;0;2084;0;0;0;0;0;0;
33071;2210496;539348992;34299904;491102208;0;0;0;0;0;0;0;0;0;0;0;2225;0;0;0;0;0;0;
33072;4333868;539348992;34299904;491102208;0;0;0;0;0;0;0;0;0;0;0;1833;0;0;0;0;0;0;
33073;2197231;539348992;34299904;491102208;0;0;0;0;0;0;0;0;0;0;0;2164;0;0;0;0;0;0;
33074;4280538;539348992;34299904;491102208;0;0;0;0;0;0;0;0;0;0;0;2215;0;0;0;0;0;0;
33075;2172865;539348992;34299904;491102208;0;0;0;0;0;0;0;0;0;0;0;2185;0;0;0;0;0;0;
33076;4306046;539348992;34299904;491102208;0;0;0;0;0;0;0;0;0;0;0;2214;0;0;0;0;0;0;
33077;2267443;539348992;34299904;491102208;0;0;0;0;0;0;0;0;0;0;0;2154;0;0;0;0;0;0;
33078;4313700;539348992;34299904;491102208;0;0;0;0;0;0;0;0;0;0;0;1914;0;0;0;0;0;0;
33079;2161824;539348992;34299904;491102208;0;0;0;0;0;0;0;0;0;0;0;1983;0;0;0;0;0;0;
33080;4275999;539348992;34299904;491102208;0;0;0;0;0;0;0;0;0;0;0;2294;0;0;0;0;0;0;
33081;2243617;539348992;34299904;491102208;0;0;0;0;0;0;0;0;0;0;0;2304;0;0;0;0;0;0;
33082;4280438;539348992;34299904;491102208;0;0;0;0;0;0;0;0;0;0;0;1884;0;0;0;0;0;0;
33083;2191850;539348992;34299904;491102208;0;0;0;0;0;0;0;0;0;0;0;1903;0;0;0;0;0;0;
33084;4277402;539348992;34299904;491102208;0;0;0;0;0;0;0;0;0;0;0;1824;0;0;0;0;0;0;
33085;2234941;539348992;34299904;491102208;0;0;0;0;0;0;0;0;0;0;0;1874;0;0;0;0;0;0;
33086;4325973;539348992;34299904;491102208;0;0;0;0;0;0;0;0;0;0;0;1954;0;0;0;0;0;0;
33087;2227798;539348992;34299904;491102208;0;0;0;0;0;0;0;0;0;0;0;2034;0;0;0;0;0;0;
33088;4322726;539348992;34299904;491102208;0;0;0;0;0;0;0;0;0;0;0;1974;0;0;0;0;0;0;
33089;2242997;539348992;34299904;491102208;0;0;0;0;0;0;0;0;0;0;0;2144;0;0;0;0;0;0;
33090;4264437;539348992;34299904;491102208;0;0;0;0;0;0;0;0;0;0;0;2064;0;0;0;0;0;0;
33091;2277812;539348992;34299904;491102208;0;0;0;0;0;0;0;0;0;0;0;2144;0;0;0;0;0;0;
33092;4314441;539348992;34299904;491102208;0;0;0;0;0;0;0;0;0;0;0;1824;0;0;0;0;0;0;
33093;2188634;539348992;34299904;491102208;0;0;0;0;0;0;0;0;0;0;0;2334;0;0;0;0;0;0;
33094;4260851;539348992;34299904;491102208;0;0;0;0;0;0;0;0;0;0;0;1974;0;0;0;0;0;0;
33095;2147979;539348992;34299904;491102208;0;0;0;0;0;0;0;0;0;0;0;2344;0;0;0;0;0;0;
33096;4239280;539348992;34299904;491102208;0;0;0;0;0;0;0;0;0;0;0;1863;0;0;0;0;0;0;
33097;2247184;539348992;34299904;491102208;0;0;0;0;0;0;0;0;0;0;0;2054;0;0;0;0;0;0;
33098;4333246;539348992;34299904;491102208;0;0;0;0;0;0;0;0;0;0;0;1974;0;0;0;0;0;0;
33099;2254397;539348992;34299904;491102208;0;0;0;0;0;0;0;0;0;0;0;1944;0;0;0;0;0;0;
33100;4309863;539348992;34299904;491102208;0;0;0;0;0;0;0;0;0;0;0;1934;0;0;0;0;0;0;
33101;2210144;539348992;34299904;491102208;0;0;0;0;0;0;0;0;0;0;0;2114;0;0;0;0;0;0;
33102;4226927;539348992;34299904;491102208;0;0;0;0;0;0;0;0;0;0;0;1783;0;0;0;0;0;0;
33103;2254638;539348992;34299904;491102208;0;0;0;0;0;0;0;0;0;0;0;2064;0;0;0;0;0;0;
33104;4302819;539348992;34299904;491102208;0;0;0;0;0;0;0;0;0;0;0;2474;0;0;0;0;0;0;
33105;2255550;539348992;34299904;491102208;0;0;0;0;0;0;0;0;0;0;0;2003;0;0;0;0;0;0;
33106;4340019;539348992;34299904;491102208;0;0;0;0;0;0;0;0;0;0;0;1943;0;0;0;0;0;0;
33107;2196329;539348992;34299904;491102208;0;0;0;0;0;0;0;0;0;0;0;2174;0;0;0;0;0;0;
33108;4313920;539348992;34299904;491102208;0;0;0;0;0;0;0;0;0;0;0;1933;0;0;0;0;0;0;
33109;2493517;539348992;34299904;491102208;0;0;0;0;0;0;0;0;0;0;0;2285;0;0;0;0;0;0;
33110;4333848;539348992;34299904;491102208;0;0;0;0;0;0;0;0;0;0;0;2144;0;0;0;0;0;0;
33111;2231184;539348992;34299904;491102208;0;0;0;0;0;0;0;0;0;0;0;2254;0;0;0;0;0;0;
33112;4348866;539348992;34299904;491102208;0;0;0;0;0;0;0;0;0;0;0;2084;0;0;0;0;0;0;
33113;2283112;539348992;34299904;491102208;0;0;0;0;0;0;0;0;0;0;0;2725;0;0;0;0;0;0;
33114;4255310;539348992;34299904;491102208;0;0;0;0;0;0;0;0;0;0;0;2245;0;0;0;0;0;0;
33115;2453161;539348992;34299904;491102208;0;0;0;0;0;0;0;0;0;0;0;2625;0;0;0;0;0;0;
33116;4320412;539348992;34299904;491102208;0;0;0;0;0;0;0;0;0;0;0;2295;0;0;0;0;0;0;
33117;2191871;539348992;34299904;491102208;0;0;0;0;0;0;0;0;0;0;0;2464;0;0;0;0;0;0;
33118;4349076;539348992;34299904;491102208;0;0;0;0;0;0;0;0;0;0;0;1994;0;0;0;0;0;0;
33119;2213081;539348992;34299904;491102208;0;0;0;0;0;0;0;0;0;0;0;2154;0;0;0;0;0;0;
33120;4310554;539348992;34299904;491102208;0;0;0;0;0;0;0;0;0;0;0;1923;0;0;0;0;0;0;
33121;2198433;539348992;34299904;491102208;0;0;0;0;0;0;0;0;0;0;0;2174;0;0;0;0;0;0;
33122;4300806;539348992;34299904;491102208;0;0;0;0;0;0;0;0;0;0;0;2074;0;0;0;0;0;0;
33123;2207741;539348992;34299904;491102208;0;0;0;0;0;0;0;0;0;0;0;2024;0;0;0;0;0;0;
33124;4295095;539348992;34299904;491102208;0;0;0;0;0;0;0;0;0;0;0;2044;0;0;0;0;0;0;
33125;2264397;539348992;34299904;491102208;0;0;0;0;0;0;0;0;0;0;0;2736;0;0;0;0;0;0;
33126;4424668;539348992;34299904;491102208;0;0;0;0;0;0;0;0;0;0;0;2214;0;0;0;0;0;0;
33127;2340148;539348992;34299904;491102208;0;0;0;0;0;0;0;0;0;0;0;2394;0;0;0;0;0;0;
33128;4326734;539348992;34299904;491102208;0;0;0;0;0;0;0;0;0;0;0;2195;0;0;0;0;0;0;
33129;2340720;539348992;34299904;491102208;0;0;0;0;0;0;0;0;0;0;0;2334;0;0;0;0;0;0;
33130;4428826;539348992;34299904;491102208;0;0;0;0;0;0;0;0;0;0;0;1984;0;0;0;0;0;0;
33131;2297729;539348992;34299904;491102208;0;0;0;0;0;0;0;0;0;0;0;2435;0;0;0;0;0;0;
33132;4355799;539348992;34299904;491102208;0;0;0;0;0;0;0;0;0;0;0;2013;0;0;0;0;0;0;
33133;2295785;539348992;34299904;491102208;0;0;0;0;0;0;0;0;0;0;0;2234;0;0;0;0;0;0;
33134;4409669;539348992;34299904;491102208;0;0;0;0;0;0;0;0;0;0;0;1894;0;0;0;0;0;0;
33135;2342583;539348992;34299904;491102208;0;0;0;0;0;0;0;0;0;0;0;2394;0;0;0;0;0;0;
33136;4311115;539348992;34299904;491102208;0;0;0;0;0;0;0;0;0;0;0;2154;0;0;0;0;0;0;
33137;2365065;539348992;34299904;491102208;0;0;0;0;0;0;0;0;0;0;0;2474;0;0;0;0;0;0;
33138;4464873;539348992;34299904;491102208;0;0;0;0;0;0;0;0;0;0;0;2364;0;0;0;0;0;0;
33139;2347893;539348992;34299904;491102208;0;0;0;0;0;0;0;0;0;0;0;2264;0;0;0;0;0;0;
33140;4336272;539348992;34299904;491102208;0;0;0;0;0;0;0;0;0;0;0;1914;0;0;0;0;0;0;
33141;2353083;539348992;34299904;491102208;0;0;0;0;0;0;0;0;0;0;0;2164;0;0;0;0;0;0;
33142;4347162;539348992;34299904;491102208;0;0;0;0;0;0;0;0;0;0;0;1914;0;0;0;0;0;0;
33143;2313719;539348992;34299904;491102208;0;0;0;0;0;0;0;0;0;0;0;2014;0;0;0;0;0;0;
33144;4310053;539348992;34299904;491102208;0;0;0;0;0;0;0;0;0;0;0;1793;0;0;0;0;0;0;
33145;2407405;539348992;34299904;491102208;0;0;0;0;0;0;0;0;0;0;0;1974;0;0;0;0;0;0;
33146;4482647;539348992;34299904;491102208;0;0;0;0;0;0;0;0;0;0;0;2274;0;0;0;0;0;0;
33147;2339377;539348992;34299904;491102208;0;0;0;0;0;0;0;0;0;0;0;2254;0;0;0;0;0;0;
33148;4308961;539348992;34299904;491102208;0;0;0;0;0;0;0;0;0;0;0;2555;0;0;0;0;0;0;
33149;2383359;539348992;34299904;491102208;0;0;0;0;0;0;0;0;0;0;0;2364;0;0;0;0;0;0;
33150;4357762;539348992;34299904;491102208;0;0;0;0;0;0;0;0;0;0;0;2113;0;0;0;0;0;0;
33151;2302718;539348992;34299904;491102208;0;0;0;0;0;0;0;0;0;0;0;2094;0;0;0;0;0;0;
33152;4340089;539348992;34299904;491102208;0;0;0;0;0;0;0;0;0;0;0;1994;0;0;0;0;0;0;
33153;2363161;539348992;34299904;491102208;0;0;0;0;0;0;0;0;0;0;0;2314;0;0;0;0;0;0;
33154;4275258;539348992;34299904;491102208;0;0;0;0;0;0;0;0;0;0;0;2234;0;0;0;0;0;0;
33155;2342393;539348992;34299904;491102208;0;0;0;0;0;0;0;0;0;0;0;2104;0;0;0;0;0;0;
33156;4428575;539348992;34299904;491102208;0;0;0;0;0;0;0;0;0;0;0;1873;0;0;0;0;0;0;
33157;2417964;539348992;34299904;491102208;0;0;0;0;0;0;0;0;0;0;0;2094;0;0;0;0;0;0;
33158;4308811;539348992;34299904;491102208;0;0;0;0;0;0;0;0;0;0;0;1894;0;0;0;0;0;0;
33159;2359245;539348992;34299904;491102208;0;0;0;0;0;0;0;0;0;0;0;2074;0;0;0;0;0;0;
33160;4302589;539348992;34299904;491102208;0;0;0;0;0;0;0;0;0;0;0;1853;0;0;0;0;0;0;
33161;2372550;539348992;34299904;491102208;0;0;0;0;0;0;0;0;0;0;0;2765;0;0;0;0;0;0;
33162;4298231;539348992;34299904;491102208;0;0;0;0;0;0;0;0;0;0;0;2034;0;0;0;0;0;0;
33163;2333366;539348992;34299904;491102208;0;0;0;0;0;0;0;0;0;0;0;1994;0;0;0;0;0;0;
33164;4331864;539348992;34299904;491102208;0;0;0;0;0;0;0;0;0;0;0;2034;0;0;0;0;0;0;
33165;2366418;539348992;34299904;491102208;0;0;0;0;0;0;0;0;0;0;0;2214;0;0;0;0;0;0;
33166;4322687;539348992;34299904;491102208;0;0;0;0;0;0;0;0;0;0;0;1733;0;0;0;0;0;0;
33167;2195988;539348992;34299904;491102208;0;0;0;0;0;0;0;0;0;0;0;2134;0;0;0;0;0;0;
33168;4236645;539348992;34299904;491102208;0;0;0;0;0;0;0;0;0;0;0;2114;0;0;0;0;0;0;
33169;2251722;539348992;34299904;491102208;0;0;0;0;0;0;0;0;0;0;0;2214;0;0;0;0;0;0;
33170;4270108;539348992;34299904;491102208;0;0;0;0;0;0;0;0;0;0;0;1994;0;0;0;0;0;0;
33171;2333466;539348992;34299904;491102208;0;0;0;0;0;0;0;0;0;0;0;1914;0;0;0;0;0;0;
33172;4319240;539348992;34299904;491102208;0;0;0;0;0;0;0;0;0;0;0;2064;0;0;0;0;0;0;
33173;2332213;539348992;34299904;491102208;0;0;0;0;0;0;0;0;0;0;0;2064;0;0;0;0;0;0;
33174;4285698;539348992;34299904;491102208;0;0;0;0;0;0;0;0;0;0;0;1804;0;0;0;0;0;0;
33175;2314059;539348992;34299904;491102208;0;0;0;0;0;0;0;0;0;0;0;1994;0;0;0;0;0;0;
33176;4312477;539348992;34299904;491102208;0;0;0;0;0;0;0;0;0;0;0;1914;0;0;0;0;0;0;
33177;2284434;539348992;34299904;491102208;0;0;0;0;0;0;0;0;0;0;0;2043;0;0;0;0;0;0;
33178;4352713;539348992;34299904;491102208;0;0;0;0;0;0;0;0;0;0;0;2094;0;0;0;0;0;0;
33179;2337954;539348992;34299904;491102208;0;0;0;0;0;0;0;0;0;0;0;2234;0;0;0;0;0;0;
33180;4332234;539348992;34299904;491102208;0;0;0;0;0;0;0;0;0;0;0;1774;0;0;0;0;0;0;
33181;2376718;539348992;34299904;491102208;0;0;0;0;0;0;0;0;0;0;0;2244;0;0;0;0;0;0;
33182;4264076;539348992;34299904;491102208;0;0;0;0;0;0;0;0;0;0;0;1793;0;0;0;0;0;0;
33183;2776457;539348992;34299904;491102208;0;0;0;0;0;0;0;0;0;0;0;2294;0;0;0;0;0;0;
33184;4347804;539348992;34299904;491102208;0;0;0;0;0;0;0;0;0;0;0;2044;0;0;0;0;0;0;
33185;2795112;539348992;34299904;491102208;0;0;0;0;0;0;0;0;0;0;0;2284;0;0;0;0;0;0;
33186;4276530;539348992;34299904;491102208;0;0;0;0;0;0;0;0;0;0;0;1894;0;0;0;0;0;0;
33187;2387788;539348992;34299904;491102208;0;0;0;0;0;0;0;0;0;0;0;3075;0;0;0;0;0;0;
33188;4270679;539348992;34299904;491102208;0;0;0;0;0;0;0;0;0;0;0;2805;0;0;0;0;0;0;
33189;2510639;539348992;34299904;491102208;0;0;0;0;0;0;0;0;0;0;0;2304;0;0;0;0;0;0;
33190;4289324;539348992;34299904;491102208;0;0;0;0;0;0;0;0;0;0;0;1773;0;0;0;0;0;0;
33191;2337173;539348992;34299904;491102208;0;0;0;0;0;0;0;0;0;0;0;2074;0;0;0;0;0;0;
33192;4299974;539348992;34299904;491102208;0;0;0;0;0;0;0;0;0;0;0;1654;0;0;0;0;0;0;
33193;2322536;539348992;34299904;491102208;0;0;0;0;0;0;0;0;0;0;0;2295;0;0;0;0;0;0;
33194;4317136;539348992;34299904;491102208;0;0;0;0;0;0;0;0;0;0;0;1764;0;0;0;0;0;0;
33195;2343034;539348992;34299904;491102208;0;0;0;0;0;0;0;0;0;0;0;2284;0;0;0;0;0;0;
33196;4286899;539348992;34299904;491102208;0;0;0;0;0;0;0;0;0;0;0;1994;0;0;0;0;0;0;
33197;2338014;539348992;34299904;491102208;0;0;0;0;0;0;0;0;0;0;0;2144;0;0;0;0;0;0;
33198;4323559;539348992;34299904;491102208;0;0;0;0;0;0;0;0;0;0;0;1763;0;0;0;0;0;0;
33199;2366448;539348992;34299904;491102208;0;0;0;0;0;0;0;0;0;0;0;2184;0;0;0;0;0;0;
33200;4290807;539348992;34299904;491102208;0;0;0;0;0;0;0;0;0;0;0;1844;0;0;0;0;0;0;
33201;2269106;539348992;34299904;491102208;0;0;0;0;0;0;0;0;0;0;0;2194;0;0;0;0;0;0;
33202;4306636;539348992;34299904;491102208;0;0;0;0;0;0;0;0;0;0;0;2084;0;0;0;0;0;0;
33203;2287069;539348992;34299904;491102208;0;0;0;0;0;0;0;0;0;0;0;2354;0;0;0;0;0;0;
33204;4319350;539348992;34299904;491102208;0;0;0;0;0;0;0;0;0;0;0;1984;0;0;0;0;0;0;
33205;2401203;539348992;34299904;491102208;0;0;0;0;0;0;0;0;0;0;0;2073;0;0;0;0;0;0;
33206;4390664;539348992;34299904;491102208;0;0;0;0;0;0;0;0;0;0;0;2174;0;0;0;0;0;0;
33207;2298521;539348992;34299904;491102208;0;0;0;0;0;0;0;0;0;0;0;2255;0;0;0;0;0;0;
33208;4341932;539348992;34299904;491102208;0;0;0;0;0;0;0;0;0;0;0;2003;0;0;0;0;0;0;
33209;2304442;539348992;34299904;491102208;0;0;0;0;0;0;0;0;0;0;0;2665;0;0;0;0;0;0;
33210;4335801;539348992;34299904;491102208;0;0;0;0;0;0;0;0;0;0;0;2084;0;0;0;0;0;0;
33211;2252144;539348992;34299904;491102208;0;0;0;0;0;0;0;0;0;0;0;2484;0;0;0;0;0;0;
33212;4295917;539348992;34299904;491102208;0;0;0;0;0;0;0;0;0;0;0;2114;0;0;0;0;0;0;
33213;2323698;539348992;34299904;491102208;0;0;0;0;0;0;0;0;0;0;0;2484;0;0;0;0;0;0;
33214;4337815;539348992;34299904;491102208;0;0;0;0;0;0;0;0;0;0;0;2765;0;0;0;0;0;0;
33215;2822714;539348992;34299904;491102208;0;0;0;0;0;0;0;0;0;0;0;3436;0;0;0;0;0;0;
33216;4719080;539348992;34299904;491102208;0;0;0;0;0;0;0;0;0;0;0;2996;0;0;0;0;0;0;
33217;2871655;539348992;34299904;491102208;0;0;0;0;0;0;0;0;0;0;0;2375;0;0;0;0;0;0;
33218;4295826;539348992;34299904;491102208;0;0;0;0;0;0;0;0;0;0;0;2375;0;0;0;0;0;0;
33219;2361459;539348992;34299904;491102208;0;0;0;0;0;0;0;0;0;0;0;3055;0;0;0;0;0;0;
33220;4325052;539348992;34299904;491102208;0;0;0;0;0;0;0;0;0;0;0;2194;0;0;0;0;0;0;
33221;2290836;539348992;34299904;491102208;0;0;0;0;0;0;0;0;0;0;0;2344;0;0;0;0;0;0;
33222;4310644;539348992;34299904;491102208;0;0;0;0;0;0;0;0;0;0;0;2404;0;0;0;0;0;0;
33223;2294473;539348992;34299904;491102208;0;0;0;0;0;0;0;0;0;0;0;2254;0;0;0;0;0;0;
33224;4354426;539348992;34299904;491102208;0;0;0;0;0;0;0;0;0;0;0;2245;0;0;0;0;0;0;
33225;2308159;539348992;34299904;491102208;0;0;0;0;0;0;0;0;0;0;0;2164;0;0;0;0;0;0;
33226;4310363;539348992;34299904;491102208;0;0;0;0;0;0;0;0;0;0;0;2144;0;0;0;0;0;0;
33227;2344216;539348992;34299904;491102208;0;0;0;0;0;0;0;0;0;0;0;2294;0;0;0;0;0;0;
33228;4356871;539348992;34299904;491102208;0;0;0;0;0;0;0;0;0;0;0;2174;0;0;0;0;0;0;
33229;2440136;539348992;34299904;491102208;0;0;0;0;0;0;0;0;0;0;0;2615;0;0;0;0;0;0;
33230;4305645;539348992;34299904;491102208;0;0;0;0;0;0;0;0;0;0;0;2194;0;0;0;0;0;0;
33231;2359555;539348992;34299904;491102208;0;0;0;0;0;0;0;0;0;0;0;2345;0;0;0;0;0;0;
33232;4312337;539348992;34299904;491102208;0;0;0;0;0;0;0;0;0;0;0;2124;0;0;0;0;0;0;
33233;2352602;539348992;34299904;491102208;0;0;0;0;0;0;0;0;0;0;0;2104;0;0;0;0;0;0;
33234;4298401;539348992;34299904;491102208;0;0;0;0;0;0;0;0;0;0;0;1884;0;0;0;0;0;0;
33235;8384584;539348992;34299904;491102208;0;0;0;0;0;0;0;0;0;0;0;2284;0;0;0;0;0;0;
33236;7352860;539348992;34299904;491102208;0;0;0;0;0;0;0;0;0;0;0;2494;0;0;0;0;0;0;
33237;2330311;539348992;34299904;491102208;0;0;0;0;0;0;0;0;0;0;0;2174;0;0;0;0;0;0;
33238;4295276;539348992;34299904;491102208;0;0;0;0;0;0;0;0;0;0;0;2174;0;0;0;0;0;0;
33239;2315533;539348992;34299904;491102208;0;0;0;0;0;0;0;0;0;0;0;2054;0;0;0;0;0;0;
33240;4290727;539348992;34299904;491102208;0;0;0;0;0;0;0;0;0;0;0;1783;0;0;0;0;0;0;
33241;2335941;539348992;34299904;491102208;0;0;0;0;0;0;0;0;0;0;0;2295;0;0;0;0;0;0;
33242;4271350;539348992;34299904;491102208;0;0;0;0;0;0;0;0;0;0;0;1783;0;0;0;0;0;0;
33243;2398438;539348992;34299904;491102208;0;0;0;0;0;0;0;0;0;0;0;2164;0;0;0;0;0;0;
33244;4301207;539348992;34299904;491102208;0;0;0;0;0;0;0;0;0;0;0;1623;0;0;0;0;0;0;
33245;3152141;539348992;34299904;491102208;0;0;0;0;0;0;0;0;0;0;0;2344;0;0;0;0;0;0;
33246;4291578;539348992;34299904;491102208;0;0;0;0;0;0;0;0;0;0;0;1674;0;0;0;0;0;0;
33247;2302198;539348992;34299904;491102208;0;0;0;0;0;0;0;0;0;0;0;2174;0;0;0;0;0;0;
33248;4297700;539348992;34299904;491102208;0;0;0;0;0;0;0;0;0;0;0;2144;0;0;0;0;0;0;
33249;2262383;539348992;34299904;491102208;0;0;0;0;0;0;0;0;0;0;0;2625;0;0;0;0;0;0;
33250;4312097;539348992;34299904;491102208;0;0;0;0;0;0;0;0;0;0;0;2565;0;0;0;0;0;0;
33251;2407805;539348992;34299904;491102208;0;0;0;0;0;0;0;0;0;0;0;2214;0;0;0;0;0;0;
33252;4282331;539348992;34299904;491102208;0;0;0;0;0;0;0;0;0;0;0;2355;0;0;0;0;0;0;
33253;2389742;539348992;34299904;491102208;0;0;0;0;0;0;0;0;0;0;0;2475;0;0;0;0;0;0;
33254;4299864;539348992;34299904;491102208;0;0;0;0;0;0;0;0;0;0;0;2445;0;0;0;0;0;0;
33255;2431139;539348992;34299904;491102208;0;0;0;0;0;0;0;0;0;0;0;2515;0;0;0;0;0;0;
33256;4301978;539348992;34299904;491102208;0;0;0;0;0;0;0;0;0;0;0;1933;0;0;0;0;0;0;
33257;2594305;539348992;34299904;491102208;0;0;0;0;0;0;0;0;0;0;0;2575;0;0;0;0;0;0;
33258;4267172;539348992;34299904;491102208;0;0;0;0;0;0;0;0;0;0;0;2064;0;0;0;0;0;0;
33259;2290185;539348992;34299904;491102208;0;0;0;0;0;0;0;0;0;0;0;2545;0;0;0;0;0;0;
33260;4254118;539348992;34299904;491102208;0;0;0;0;0;0;0;0;0;0;0;2354;0;0;0;0;0;0;
33261;2385664;539348992;34299904;491102208;0;0;0;0;0;0;0;0;0;0;0;3196;0;0;0;0;0;0;
33262;4259979;539348992;34299904;491102208;0;0;0;0;0;0;0;0;0;0;0;2364;0;0;0;0;0;0;
33263;2482766;539348992;34299904;491102208;0;0;0;0;0;0;0;0;0;0;0;2515;0;0;0;0;0;0;
33264;4303180;539348992;34299904;491102208;0;0;0;0;0;0;0;0;0;0;0;2275;0;0;0;0;0;0;
33265;2292329;539348992;34299904;491102208;0;0;0;0;0;0;0;0;0;0;0;2324;0;0;0;0;0;0;
33266;4315042;539348992;34299904;491102208;0;0;0;0;0;0;0;0;0;0;0;2184;0;0;0;0;0;0;
33267;2354686;539348992;34299904;491102208;0;0;0;0;0;0;0;0;0;0;0;2425;0;0;0;0;0;0;
33268;4285978;539348992;34299904;491102208;0;0;0;0;0;0;0;0;0;0;0;2074;0;0;0;0;0;0;
33269;2338145;539348992;34299904;491102208;0;0;0;0;0;0;0;0;0;0;0;2414;0;0;0;0;0;0;
33270;4325782;539348992;34299904;491102208;0;0;0;0;0;0;0;0;0;0;0;2124;0;0;0;0;0;0;
33271;2281498;539348992;34299904;491102208;0;0;0;0;0;0;0;0;0;0;0;2284;0;0;0;0;0;0;
33272;4296658;539348992;34299904;491102208;0;0;0;0;0;0;0;0;0;0;0;2344;0;0;0;0;0;0;
33273;2372479;539348992;34299904;491102208;0;0;0;0;0;0;0;0;0;0;0;2615;0;0;0;0;0;0;
33274;4268144;539348992;34299904;491102208;0;0;0;0;0;0;0;0;0;0;0;2275;0;0;0;0;0;0;
33275;2789792;539348992;34299904;491102208;0;0;0;0;0;0;0;0;0;0;0;3166;0;0;0;0;0;0;
33276;4864533;539348992;34299904;491102208;0;0;0;0;0;0;0;0;0;0;0;2534;0;0;0;0;0;0;
33277;2308479;539348992;34299904;491102208;0;0;0;0;0;0;0;0;0;0;0;2344;0;0;0;0;0;0;
33278;4369003;539348992;34299904;491102208;0;0;0;0;0;0;0;0;0;0;0;2014;0;0;0;0;0;0;
33279;2249829;539348992;34299904;491102208;0;0;0;0;0;0;0;0;0;0;0;2134;0;0;0;0;0;0;
33280;4306736;539348992;34299904;491102208;0;0;0;0;0;0;0;0;0;0;0;1914;0;0;0;0;0;0;
33281;2304121;539348992;34299904;491102208;0;0;0;0;0;0;0;0;0;0;0;2073;0;0;0;0;0;0;
33282;4371218;539348992;34299904;491102208;0;0;0;0;0;0;0;0;0;0;0;2194;0;0;0;0;0;0;
33283;2235082;539348992;34299904;491102208;0;0;0;0;0;0;0;0;0;0;0;2194;0;0;0;0;0;0;
33284;4277381;539348992;34299904;491102208;0;0;0;0;0;0;0;0;0;0;0;1844;0;0;0;0;0;0;
33285;2235783;539348992;34299904;491102208;0;0;0;0;0;0;0;0;0;0;0;2285;0;0;0;0;0;0;
33286;4304282;539348992;34299904;491102208;0;0;0;0;0;0;0;0;0;0;0;1854;0;0;0;0;0;0;
33287;2335881;539348992;34299904;491102208;0;0;0;0;0;0;0;0;0;0;0;1964;0;0;0;0;0;0;
33288;4308560;539348992;34299904;491102208;0;0;0;0;0;0;0;0;0;0;0;1944;0;0;0;0;0;0;
33289;2353344;539348992;34299904;491102208;0;0;0;0;0;0;0;0;0;0;0;2264;0;0;0;0;0;0;
33290;4297259;539348992;34299904;491102208;0;0;0;0;0;0;0;0;0;0;0;2024;0;0;0;0;0;0;
33291;2275879;539348992;34299904;491102208;0;0;0;0;0;0;0;0;0;0;0;2084;0;0;0;0;0;0;
33292;4396575;539348992;34299904;491102208;0;0;0;0;0;0;0;0;0;0;0;2044;0;0;0;0;0;0;
33293;2251893;539348992;34299904;491102208;0;0;0;0;0;0;0;0;0;0;0;2114;0;0;0;0;0;0;
33294;4309332;539348992;34299904;491102208;0;0;0;0;0;0;0;0;0;0;0;1693;0;0;0;0;0;0;
33295;2252264;539348992;34299904;491102208;0;0;0;0;0;0;0;0;0;0;0;1873;0;0;0;0;0;0;
33296;4330110;539348992;34299904;491102208;0;0;0;0;0;0;0;0;0;0;0;1964;0;0;0;0;0;0;
33297;2300224;539348992;34299904;491102208;0;0;0;0;0;0;0;0;0;0;0;2475;0;0;0;0;0;0;
33298;4383391;539348992;34299904;491102208;0;0;0;0;0;0;0;0;0;0;0;1904;0;0;0;0;0;0;
33299;2327225;539348992;34299904;491102208;0;0;0;0;0;0;0;0;0;0;0;2344;0;0;0;0;0;0;
33300;4314912;539348992;34299904;491102208;0;0;0;0;0;0;0;0;0;0;0;1864;0;0;0;0;0;0;
33301;2353243;539348992;34299904;491102208;0;0;0;0;0;0;0;0;0;0;0;2114;0;0;0;0;0;0;
33302;4331223;539348992;34299904;491102208;0;0;0;0;0;0;0;0;0;0;0;2194;0;0;0;0;0;0;
33303;2277972;539348992;34299904;491102208;0;0;0;0;0;0;0;0;0;0;0;2494;0;0;0;0;0;0;
33304;4295586;539348992;34299904;491102208;0;0;0;0;0;0;0;0;0;0;0;1933;0;0;0;0;0;0;
33305;2269827;539348992;34299904;491102208;0;0;0;0;0;0;0;0;0;0;0;2244;0;0;0;0;0;0;
33306;4466317;539348992;34299904;491102208;0;0;0;0;0;0;0;0;0;0;0;2244;0;0;0;0;0;0;
33307;2976232;539348992;34299904;491102208;0;0;0;0;0;0;0;0;0;0;0;2244;0;0;0;0;0;0;
33308;4337464;539348992;34299904;491102208;0;0;0;0;0;0;0;0;0;0;0;1984;0;0;0;0;0;0;
33309;2313419;539348992;34299904;491102208;0;0;0;0;0;0;0;0;0;0;0;1884;0;0;0;0;0;0;
33310;4264818;539348992;34299904;491102208;0;0;0;0;0;0;0;0;0;0;0;1803;0;0;0;0;0;0;
33311;2314060;539348992;34299904;491102208;0;0;0;0;0;0;0;0;0;0;0;1904;0;0;0;0;0;0;
33312;4283864;539348992;34299904;491102208;0;0;0;0;0;0;0;0;0;0;0;1944;0;0;0;0;0;0;
33313;2305403;539348992;34299904;491102208;0;0;0;0;0;0;0;0;0;0;0;2575;0;0;0;0;0;0;
33314;4275238;539348992;34299904;491102208;0;0;0;0;0;0;0;0;0;0;0;2154;0;0;0;0;0;0;
33315;2269186;539348992;34299904;491102208;0;0;0;0;0;0;0;0;0;0;0;2214;0;0;0;0;0;0;
33316;4343676;539348992;34299904;491102208;0;0;0;0;0;0;0;0;0;0;0;1954;0;0;0;0;0;0;
33317;2311044;539348992;34299904;491102208;0;0;0;0;0;0;0;0;0;0;0;2966;0;0;0;0;0;0;
33318;4266050;539348992;34299904;491102208;0;0;0;0;0;0;0;0;0;0;0;2094;0;0;0;0;0;0;
33319;2230142;539348992;34299904;491102208;0;0;0;0;0;0;0;0;0;0;0;2244;0;0;0;0;0;0;
33320;4292280;539348992;34299904;491102208;0;0;0;0;0;0;0;0;0;0;0;2024;0;0;0;0;0;0;
33321;2289704;539348992;34299904;491102208;0;0;0;0;0;0;0;0;0;0;0;2775;0;0;0;0;0;0;
33322;4282632;539348992;34299904;491102208;0;0;0;0;0;0;0;0;0;0;0;2024;0;0;0;0;0;0;
33323;2411222;539348992;34299904;491102208;0;0;0;0;0;0;0;0;0;0;0;2244;0;0;0;0;0;0;
33324;4286970;539348992;34299904;491102208;0;0;0;0;0;0;0;0;0;0;0;2094;0;0;0;0;0;0;
33325;2275988;539348992;34299904;491102208;0;0;0;0;0;0;0;0;0;0;0;2464;0;0;0;0;0;0;
33326;4314111;539348992;34299904;491102208;0;0;0;0;0;0;0;0;0;0;0;2454;0;0;0;0;0;0;
33327;2272782;539348992;34299904;491102208;0;0;0;0;0;0;0;0;0;0;0;2033;0;0;0;0;0;0;
33328;4308500;539348992;34299904;491102208;0;0;0;0;0;0;0;0;0;0;0;1913;0;0;0;0;0;0;
33329;2322015;539348992;34299904;491102208;0;0;0;0;0;0;0;0;0;0;0;2524;0;0;0;0;0;0;
33330;4297830;539348992;34299904;491102208;0;0;0;0;0;0;0;0;0;0;0;2044;0;0;0;0;0;0;
33331;2528913;539348992;34299904;491102208;0;0;0;0;0;0;0;0;0;0;0;3095;0;0;0;0;0;0;
33332;4335310;539348992;34299904;491102208;0;0;0;0;0;0;0;0;0;0;0;2375;0;0;0;0;0;0;
33333;2282801;539348992;34299904;491102208;0;0;0;0;0;0;0;0;0;0;0;2715;0;0;0;0;0;0;
33334;4319100;539348992;34299904;491102208;0;0;0;0;0;0;0;0;0;0;0;2114;0;0;0;0;0;0;
33335;2280387;539348992;34299904;491102208;0;0;0;0;0;0;0;0;0;0;0;2304;0;0;0;0;0;0;
33336;4285317;539348992;34299904;491102208;0;0;0;0;0;0;0;0;0;0;0;2175;0;0;0;0;0;0;
33337;3075067;539348992;34299904;491102208;0;0;0;0;0;0;0;0;0;0;0;2845;0;0;0;0;0;0;
33338;4810782;539348992;34299904;491102208;0;0;0;0;0;0;0;0;0;0;0;2565;0;0;0;0;0;0;
33339;2244118;539348992;34299904;491102208;0;0;0;0;0;0;0;0;0;0;0;2204;0;0;0;0;0;0;
33340;4267183;539348992;34299904;491102208;0;0;0;0;0;0;0;0;0;0;0;2214;0;0;0;0;0;0;
33341;2345840;539348992;34299904;491102208;0;0;0;0;0;0;0;0;0;0;0;2756;0;0;0;0;0;0;
33342;4304883;539348992;34299904;491102208;0;0;0;0;0;0;0;0;0;0;0;1964;0;0;0;0;0;0;
33343;2226205;539348992;34299904;491102208;0;0;0;0;0;0;0;0;0;0;0;1823;0;0;0;0;0;0;
33344;4362180;539348992;34299904;491102208;0;0;0;0;0;0;0;0;0;0;0;1854;0;0;0;0;0;0;
33345;2254007;539348992;34299904;491102208;0;0;0;0;0;0;0;0;0;0;0;2094;0;0;0;0;0;0;
33346;4445898;539348992;34299904;491102208;0;0;0;0;0;0;0;0;0;0;0;2665;0;0;0;0;0;0;
33347;2268204;539348992;34299904;491102208;0;0;0;0;0;0;0;0;0;0;0;2054;0;0;0;0;0;0;
33348;4291569;539348992;34299904;491102208;0;0;0;0;0;0;0;0;0;0;0;1924;0;0;0;0;0;0;
33349;2336432;539348992;34299904;491102208;0;0;0;0;0;0;0;0;0;0;0;2495;0;0;0;0;0;0;
33350;4330021;539348992;34299904;491102208;0;0;0;0;0;0;0;0;0;0;0;2375;0;0;0;0;0;0;
33351;2318928;539348992;34299904;491102208;0;0;0;0;0;0;0;0;0;0;0;2204;0;0;0;0;0;0;
33352;4293412;539348992;34299904;491102208;0;0;0;0;0;0;0;0;0;0;0;1993;0;0;0;0;0;0;
33353;2349396;539348992;34299904;491102208;0;0;0;0;0;0;0;0;0;0;0;2164;0;0;0;0;0;0;
33354;4337815;539348992;34299904;491102208;0;0;0;0;0;0;0;0;0;0;0;2134;0;0;0;0;0;0;
33355;2328707;539348992;34299904;491102208;0;0;0;0;0;0;0;0;0;0;0;2054;0;0;0;0;0;0;
33356;4309201;539348992;34299904;491102208;0;0;0;0;0;0;0;0;0;0;0;2054;0;0;0;0;0;0;
33357;2255339;539348992;34299904;491102208;0;0;0;0;0;0;0;0;0;0;0;2665;0;0;0;0;0;0;
33358;4276921;539348992;34299904;491102208;0;0;0;0;0;0;0;0;0;0;0;2064;0;0;0;0;0;0;
33359;2311315;539348992;34299904;491102208;0;0;0;0;0;0;0;0;0;0;0;2394;0;0;0;0;0;0;
33360;4300114;539348992;34299904;491102208;0;0;0;0;0;0;0;0;0;0;0;2014;0;0;0;0;0;0;
33361;2386045;539348992;34299904;491102208;0;0;0;0;0;0;0;0;0;0;0;2164;0;0;0;0;0;0;
33362;4325241;539348992;34299904;491102208;0;0;0;0;0;0;0;0;0;0;0;1924;0;0;0;0;0;0;
33363;2367770;539348992;34299904;491102208;0;0;0;0;0;0;0;0;0;0;0;2465;0;0;0;0;0;0;
33364;4272563;539348992;34299904;491102208;0;0;0;0;0;0;0;0;0;0;0;2083;0;0;0;0;0;0;
33365;2425949;539348992;34299904;491102208;0;0;0;0;0;0;0;0;0;0;0;2254;0;0;0;0;0;0;
33366;4345159;539348992;34299904;491102208;0;0;0;0;0;0;0;0;0;0;0;1854;0;0;0;0;0;0;
33367;2326924;539348992;34299904;491102208;0;0;0;0;0;0;0;0;0;0;0;2104;0;0;0;0;0;0;
33368;4816233;539348992;34299904;491102208;0;0;0;0;0;0;0;0;0;0;0;2274;0;0;0;0;0;0;
33369;2599856;539348992;34299904;491102208;0;0;0;0;0;0;0;0;0;0;0;2405;0;0;0;0;0;0;
33370;4330702;539348992;34299904;491102208;0;0;0;0;0;0;0;0;0;0;0;2255;0;0;0;0;0;0;
33371;2368522;539348992;34299904;491102208;0;0;0;0;0;0;0;0;0;0;0;2144;0;0;0;0;0;0;
33372;4288753;539348992;34299904;491102208;0;0;0;0;0;0;0;0;0;0;0;1874;0;0;0;0;0;0;
33373;2412064;539348992;34299904;491102208;0;0;0;0;0;0;0;0;0;0;0;2254;0;0;0;0;0;0;
33374;4308831;539348992;34299904;491102208;0;0;0;0;0;0;0;0;0;0;0;2214;0;0;0;0;0;0;
33375;2326393;539348992;34299904;491102208;0;0;0;0;0;0;0;0;0;0;0;2014;0;0;0;0;0;0;
33376;4267814;539348992;34299904;491102208;0;0;0;0;0;0;0;0;0;0;0;1803;0;0;0;0;0;0;
33377;2409048;539348992;34299904;491102208;0;0;0;0;0;0;0;0;0;0;0;2515;0;0;0;0;0;0;
33378;4334850;539348992;34299904;491102208;0;0;0;0;0;0;0;0;0;0;0;2014;0;0;0;0;0;0;
33379;2347954;539348992;34299904;491102208;0;0;0;0;0;0;0;0;0;0;0;2245;0;0;0;0;0;0;
33380;4301878;539348992;34299904;491102208;0;0;0;0;0;0;0;0;0;0;0;2064;0;0;0;0;0;0;
33381;2353614;539348992;34299904;491102208;0;0;0;0;0;0;0;0;0;0;0;2455;0;0;0;0;0;0;
33382;4308901;539348992;34299904;491102208;0;0;0;0;0;0;0;0;0;0;0;2014;0;0;0;0;0;0;
33383;2316344;539348992;34299904;491102208;0;0;0;0;0;0;0;0;0;0;0;2084;0;0;0;0;0;0;
33384;4304563;539348992;34299904;491102208;0;0;0;0;0;0;0;0;0;0;0;1944;0;0;0;0;0;0;
33385;2324740;539348992;34299904;491102208;0;0;0;0;0;0;0;0;0;0;0;2434;0;0;0;0;0;0;
33386;4300485;539348992;34299904;491102208;0;0;0;0;0;0;0;0;0;0;0;1853;0;0;0;0;0;0;
33387;2407365;539348992;34299904;491102208;0;0;0;0;0;0;0;0;0;0;0;2154;0;0;0;0;0;0;
33388;4304202;539348992;34299904;491102208;0;0;0;0;0;0;0;0;0;0;0;1773;0;0;0;0;0;0;
33389;2292189;539348992;34299904;491102208;0;0;0;0;0;0;0;0;0;0;0;2405;0;0;0;0;0;0;
33390;4333486;539348992;34299904;491102208;0;0;0;0;0;0;0;0;0;0;0;2084;0;0;0;0;0;0;
33391;2348014;539348992;34299904;491102208;0;0;0;0;0;0;0;0;0;0;0;2685;0;0;0;0;0;0;
33392;4389702;539348992;34299904;491102208;0;0;0;0;0;0;0;0;0;0;0;2284;0;0;0;0;0;0;
33393;2255780;539348992;34299904;491102208;0;0;0;0;0;0;0;0;0;0;0;2165;0;0;0;0;0;0;
33394;4300856;539348992;34299904;491102208;0;0;0;0;0;0;0;0;0;0;0;2145;0;0;0;0;0;0;
33395;2299924;539348992;34299904;491102208;0;0;0;0;0;0;0;0;0;0;0;2324;0;0;0;0;0;0;
33396;4283694;539348992;34299904;491102208;0;0;0;0;0;0;0;0;0;0;0;2003;0;0;0;0;0;0;
33397;2360998;539348992;34299904;491102208;0;0;0;0;0;0;0;0;0;0;0;2755;0;0;0;0;0;0;
33398;4468410;539348992;34299904;491102208;0;0;0;0;0;0;0;0;0;0;0;1924;0;0;0;0;0;0;
33399;2956394;539348992;34299904;491102208;0;0;0;0;0;0;0;0;0;0;0;3266;0;0;0;0;0;0;
33400;4710363;539348992;34299904;491102208;0;0;0;0;0;0;0;0;0;0;0;2094;0;0;0;0;0;0;
33401;2451398;539348992;34299904;491102208;0;0;0;0;0;0;0;0;0;0;0;2365;0;0;0;0;0;0;
33402;4334789;539348992;34299904;491102208;0;0;0;0;0;0;0;0;0;0;0;1703;0;0;0;0;0;0;
33403;2290175;539348992;34299904;491102208;0;0;0;0;0;0;0;0;0;0;0;2325;0;0;0;0;0;0;
33404;4310063;539348992;34299904;491102208;0;0;0;0;0;0;0;0;0;0;0;2004;0;0;0;0;0;0;
33405;2566473;539348992;34299904;491102208;0;0;0;0;0;0;0;0;0;0;0;2204;0;0;0;0;0;0;
33406;4298852;539348992;34299904;491102208;0;0;0;0;0;0;0;0;0;0;0;2415;0;0;0;0;0;0;
33407;2423595;539348992;34299904;491102208;0;0;0;0;0;0;0;0;0;0;0;2235;0;0;0;0;0;0;
33408;4375366;539348992;34299904;491102208;0;0;0;0;0;0;0;0;0;0;0;2114;0;0;0;0;0;0;
33409;2408106;539348992;34299904;491102208;0;0;0;0;0;0;0;0;0;0;0;2484;0;0;0;0;0;0;
33410;4280708;539348992;34299904;491102208;0;0;0;0;0;0;0;0;0;0;0;2214;0;0;0;0;0;0;
33411;2463270;539348992;34299904;491102208;0;0;0;0;0;0;0;0;0;0;0;2254;0;0;0;0;0;0;
33412;4380244;539348992;34299904;491102208;0;0;0;0;0;0;0;0;0;0;0;2405;0;0;0;0;0;0;
33413;2298290;539348992;34299904;491102208;0;0;0;0;0;0;0;0;0;0;0;2545;0;0;0;0;0;0;
33414;4354066;539348992;34299904;491102208;0;0;0;0;0;0;0;0;0;0;0;1994;0;0;0;0;0;0;
33415;2311124;539348992;34299904;491102208;0;0;0;0;0;0;0;0;0;0;0;2425;0;0;0;0;0;0;
33416;4351430;539348992;34299904;491102208;0;0;0;0;0;0;0;0;0;0;0;2204;0;0;0;0;0;0;
33417;2289795;539348992;34299904;491102208;0;0;0;0;0;0;0;0;0;0;0;2164;0;0;0;0;0;0;
33418;4316586;539348992;34299904;491102208;0;0;0;0;0;0;0;0;0;0;0;2003;0;0;0;0;0;0;
33419;2281528;539348992;34299904;491102208;0;0;0;0;0;0;0;0;0;0;0;2465;0;0;0;0;0;0;
33420;4362010;539348992;34299904;491102208;0;0;0;0;0;0;0;0;0;0;0;2294;0;0;0;0;0;0;
33421;2377118;539348992;34299904;491102208;0;0;0;0;0;0;0;0;0;0;0;2464;0;0;0;0;0;0;
33422;4343867;539348992;34299904;491102208;0;0;0;0;0;0;0;0;0;0;0;2134;0;0;0;0;0;0;
33423;2376266;539348992;34299904;491102208;0;0;0;0;0;0;0;0;0;0;0;2324;0;0;0;0;0;0;
33424;4456979;539348992;34299904;491102208;0;0;0;0;0;0;0;0;0;0;0;2304;0;0;0;0;0;0;
33425;2334368;539348992;34308096;491110400;0;0;0;0;0;0;0;0;0;0;0;2445;0;0;0;0;0;0;
33426;4370947;539348992;34308096;491110400;0;0;0;0;0;0;0;0;0;0;0;2185;0;0;0;0;0;0;
33427;2324409;539348992;34308096;491110400;0;0;0;0;0;0;0;0;0;0;0;2295;0;0;0;0;0;0;
33428;4333447;539348992;34308096;491110400;0;0;0;0;0;0;0;0;0;0;0;1963;0;0;0;0;0;0;
33429;2207469;539348992;34308096;491110400;0;0;0;0;0;0;0;0;0;0;0;2655;0;0;0;0;0;0;
33430;4656282;539348992;34308096;491110400;0;0;0;0;0;0;0;0;0;0;0;2445;0;0;0;0;0;0;
33431;3468946;539348992;34299904;491102208;0;0;0;0;0;0;0;0;0;0;0;3386;0;0;0;0;0;0;
33432;4681620;539348992;34299904;491102208;0;0;0;0;0;0;0;0;0;0;0;2625;0;0;0;0;0;0;
33433;2494448;539348992;34299904;491102208;0;0;0;0;0;0;0;0;0;0;0;2194;0;0;0;0;0;0;
33434;4319581;539348992;34299904;491102208;0;0;0;0;0;0;0;0;0;0;0;2124;0;0;0;0;0;0;
33435;2265739;539348992;34299904;491102208;0;0;0;0;0;0;0;0;0;0;0;2054;0;0;0;0;0;0;
33436;4305024;539348992;34299904;491102208;0;0;0;0;0;0;0;0;0;0;0;2084;0;0;0;0;0;0;
33437;2295425;539348992;34299904;491102208;0;0;0;0;0;0;0;0;0;0;0;2355;0;0;0;0;0;0;
33438;4306276;539348992;34299904;491102208;0;0;0;0;0;0;0;0;0;0;0;2404;0;0;0;0;0;0;
33439;2263074;539348992;34299904;491102208;0;0;0;0;0;0;0;0;0;0;0;2545;0;0;0;0;0;0;
33440;4324700;539348992;34299904;491102208;0;0;0;0;0;0;0;0;0;0;0;2374;0;0;0;0;0;0;
33441;2253977;539348992;34299904;491102208;0;0;0;0;0;0;0;0;0;0;0;2294;0;0;0;0;0;0;
33442;4378502;539348992;34299904;491102208;0;0;0;0;0;0;0;0;0;0;0;2124;0;0;0;0;0;0;
33443;2296898;539348992;34299904;491102208;0;0;0;0;0;0;0;0;0;0;0;2335;0;0;0;0;0;0;
33444;4367551;539348992;34299904;491102208;0;0;0;0;0;0;0;0;0;0;0;1924;0;0;0;0;0;0;
33445;2423695;539348992;34299904;491102208;0;0;0;0;0;0;0;0;0;0;0;2785;0;0;0;0;0;0;
33446;4346992;539348992;34299904;491102208;0;0;0;0;0;0;0;0;0;0;0;2405;0;0;0;0;0;0;
33447;2316715;539348992;34299904;491102208;0;0;0;0;0;0;0;0;0;0;0;2485;0;0;0;0;0;0;
33448;4335812;539348992;34299904;491102208;0;0;0;0;0;0;0;0;0;0;0;2234;0;0;0;0;0;0;
33449;2341541;539348992;34299904;491102208;0;0;0;0;0;0;0;0;0;0;0;2444;0;0;0;0;0;0;
33450;4354256;539348992;34299904;491102208;0;0;0;0;0;0;0;0;0;0;0;2194;0;0;0;0;0;0;
33451;2298070;539348992;34299904;491102208;0;0;0;0;0;0;0;0;0;0;0;3036;0;0;0;0;0;0;
33452;4331573;539348992;34299904;491102208;0;0;0;0;0;0;0;0;0;0;0;2335;0;0;0;0;0;0;
33453;2320472;539348992;34299904;491102208;0;0;0;0;0;0;0;0;0;0;0;2495;0;0;0;0;0;0;
33454;4318629;539348992;34299904;491102208;0;0;0;0;0;0;0;0;0;0;0;2174;0;0;0;0;0;0;
33455;2364414;539348992;34299904;491102208;0;0;0;0;0;0;0;0;0;0;0;2274;0;0;0;0;0;0;
33456;4322166;539348992;34299904;491102208;0;0;0;0;0;0;0;0;0;0;0;2154;0;0;0;0;0;0;
33457;2346511;539348992;34299904;491102208;0;0;0;0;0;0;0;0;0;0;0;2355;0;0;0;0;0;0;
33458;4320953;539348992;34299904;491102208;0;0;0;0;0;0;0;0;0;0;0;2054;0;0;0;0;0;0;
33459;2362831;539348992;34299904;491102208;0;0;0;0;0;0;0;0;0;0;0;2495;0;0;0;0;0;0;
33460;4298982;539348992;34299904;491102208;0;0;0;0;0;0;0;0;0;0;0;2064;0;0;0;0;0;0;
33461;2497584;539348992;34299904;491102208;0;0;0;0;0;0;0;0;0;0;0;2655;0;0;0;0;0;0;
33462;4497094;539348992;34299904;491102208;0;0;0;0;0;0;0;0;0;0;0;1743;0;0;0;0;0;0;
33463;3346626;539348992;34299904;491102208;0;0;0;0;0;0;0;0;0;0;0;2855;0;0;0;0;0;0;
33464;4489269;539348992;34299904;491102208;0;0;0;0;0;0;0;0;0;0;0;2225;0;0;0;0;0;0;
33465;2342323;539348992;34299904;491102208;0;0;0;0;0;0;0;0;0;0;0;2555;0;0;0;0;0;0;
33466;4310724;539348992;34299904;491102208;0;0;0;0;0;0;0;0;0;0;0;2434;0;0;0;0;0;0;
33467;2360607;539348992;34299904;491102208;0;0;0;0;0;0;0;0;0;0;0;2685;0;0;0;0;0;0;
33468;4343024;539348992;34299904;491102208;0;0;0;0;0;0;0;0;0;0;0;2244;0;0;0;0;0;0;
33469;2364665;539348992;34299904;491102208;0;0;0;0;0;0;0;0;0;0;0;2685;0;0;0;0;0;0;
33470;4278734;539348992;34299904;491102208;0;0;0;0;0;0;0;0;0;0;0;1873;0;0;0;0;0;0;
33471;2300564;539348992;34299904;491102208;0;0;0;0;0;0;0;0;0;0;0;2575;0;0;0;0;0;0;
33472;4310244;539348992;34299904;491102208;0;0;0;0;0;0;0;0;0;0;0;2434;0;0;0;0;0;0;
33473;2394501;539348992;34299904;491102208;0;0;0;0;0;0;0;0;0;0;0;2524;0;0;0;0;0;0;
33474;4365587;539348992;34299904;491102208;0;0;0;0;0;0;0;0;0;0;0;1763;0;0;0;0;0;0;
33475;2317526;539348992;34299904;491102208;0;0;0;0;0;0;0;0;0;0;0;2084;0;0;0;0;0;0;
33476;4292209;539348992;34299904;491102208;0;0;0;0;0;0;0;0;0;0;0;1924;0;0;0;0;0;0;
33477;2488507;539348992;34299904;491102208;0;0;0;0;0;0;0;0;0;0;0;2434;0;0;0;0;0;0;
33478;4336363;539348992;34299904;491102208;0;0;0;0;0;0;0;0;0;0;0;2014;0;0;0;0;0;0;
33479;2608272;539348992;34299904;491102208;0;0;0;0;0;0;0;0;0;0;0;2144;0;0;0;0;0;0;
33480;4345900;539348992;34299904;491102208;0;0;0;0;0;0;0;0;0;0;0;2245;0;0;0;0;0;0;
33481;2329499;539348992;34299904;491102208;0;0;0;0;0;0;0;0;0;0;0;2094;0;0;0;0;0;0;
33482;4316485;539348992;34299904;491102208;0;0;0;0;0;0;0;0;0;0;0;2034;0;0;0;0;0;0;
33483;2423916;539348992;34299904;491102208;0;0;0;0;0;0;0;0;0;0;0;2605;0;0;0;0;0;0;
33484;4269557;539348992;34299904;491102208;0;0;0;0;0;0;0;0;0;0;0;2154;0;0;0;0;0;0;
33485;2591399;539348992;34299904;491102208;0;0;0;0;0;0;0;0;0;0;0;2525;0;0;0;0;0;0;
33486;4298752;539348992;34299904;491102208;0;0;0;0;0;0;0;0;0;0;0;2234;0;0;0;0;0;0;
33487;2409599;539348992;34299904;491102208;0;0;0;0;0;0;0;0;0;0;0;2525;0;0;0;0;0;0;
33488;4342394;539348992;34299904;491102208;0;0;0;0;0;0;0;0;0;0;0;1843;0;0;0;0;0;0;
33489;2403147;539348992;34299904;491102208;0;0;0;0;0;0;0;0;0;0;0;2164;0;0;0;0;0;0;
33490;4310584;539348992;34299904;491102208;0;0;0;0;0;0;0;0;0;0;0;2184;0;0;0;0;0;0;
33491;2371507;539348992;34299904;491102208;0;0;0;0;0;0;0;0;0;0;0;2655;0;0;0;0;0;0;
33492;4278243;539348992;34299904;491102208;0;0;0;0;0;0;0;0;0;0;0;1924;0;0;0;0;0;0;
33493;2548981;539348992;34299904;491102208;0;0;0;0;0;0;0;0;0;0;0;3056;0;0;0;0;0;0;
33494;4699914;539348992;34299904;491102208;0;0;0;0;0;0;0;0;0;0;0;2555;0;0;0;0;0;0;
33495;2343175;539348992;34299904;491102208;0;0;0;0;0;0;0;0;0;0;0;2214;0;0;0;0;0;0;
33496;4341231;539348992;34299904;491102208;0;0;0;0;0;0;0;0;0;0;0;2064;0;0;0;0;0;0;
33497;2260469;539348992;34299904;491102208;0;0;0;0;0;0;0;0;0;0;0;2454;0;0;0;0;0;0;
33498;4277813;539348992;34299904;491102208;0;0;0;0;0;0;0;0;0;0;0;2174;0;0;0;0;0;0;
33499;2263706;539348992;34299904;491102208;0;0;0;0;0;0;0;0;0;0;0;2584;0;0;0;0;0;0;
33500;4316906;539348992;34299904;491102208;0;0;0;0;0;0;0;0;0;0;0;1944;0;0;0;0;0;0;
33501;2288541;539348992;34299904;491102208;0;0;0;0;0;0;0;0;0;0;0;2435;0;0;0;0;0;0;
33502;4372530;539348992;34299904;491102208;0;0;0;0;0;0;0;0;0;0;0;2224;0;0;0;0;0;0;
33503;2348965;539348992;34299904;491102208;0;0;0;0;0;0;0;0;0;0;0;2805;0;0;0;0;0;0;
33504;4354206;539348992;34299904;491102208;0;0;0;0;0;0;0;0;0;0;0;2444;0;0;0;0;0;0;
33505;2337564;539348992;34299904;491102208;0;0;0;0;0;0;0;0;0;0;0;2765;0;0;0;0;0;0;
33506;4358073;539348992;34299904;491102208;0;0;0;0;0;0;0;0;0;0;0;2024;0;0;0;0;0;0;
33507;2271009;539348992;34299904;491102208;0;0;0;0;0;0;0;0;0;0;0;1983;0;0;0;0;0;0;
33508;4308460;539348992;34299904;491102208;0;0;0;0;0;0;0;0;0;0;0;2225;0;0;0;0;0;0;
33509;2347723;539348992;34299904;491102208;0;0;0;0;0;0;0;0;0;0;0;2395;0;0;0;0;0;0;
33510;4402907;539348992;34299904;491102208;0;0;0;0;0;0;0;0;0;0;0;2515;0;0;0;0;0;0;
33511;2372049;539348992;34299904;491102208;0;0;0;0;0;0;0;0;0;0;0;2324;0;0;0;0;0;0;
33512;4404130;539348992;34299904;491102208;0;0;0;0;0;0;0;0;0;0;0;2445;0;0;0;0;0;0;
33513;2289984;539348992;34299904;491102208;0;0;0;0;0;0;0;0;0;0;0;2565;0;0;0;0;0;0;
33514;4341472;539348992;34299904;491102208;0;0;0;0;0;0;0;0;0;0;0;2575;0;0;0;0;0;0;
33515;2363132;539348992;34299904;491102208;0;0;0;0;0;0;0;0;0;0;0;2615;0;0;0;0;0;0;
33516;4336934;539348992;34299904;491102208;0;0;0;0;0;0;0;0;0;0;0;2234;0;0;0;0;0;0;
33517;2330010;539348992;34299904;491102208;0;0;0;0;0;0;0;0;0;0;0;2354;0;0;0;0;0;0;
33518;4431230;539348992;34299904;491102208;0;0;0;0;0;0;0;0;0;0;0;2264;0;0;0;0;0;0;
33519;2281439;539348992;34299904;491102208;0;0;0;0;0;0;0;0;0;0;0;2304;0;0;0;0;0;0;
33520;4321494;539348992;34299904;491102208;0;0;0;0;0;0;0;0;0;0;0;2395;0;0;0;0;0;0;
33521;2335470;539348992;34299904;491102208;0;0;0;0;0;0;0;0;0;0;0;2264;0;0;0;0;0;0;
33522;4326454;539348992;34299904;491102208;0;0;0;0;0;0;0;0;0;0;0;2365;0;0;0;0;0;0;
33523;2295555;539348992;34299904;491102208;0;0;0;0;0;0;0;0;0;0;0;2315;0;0;0;0;0;0;
33524;4513865;539348992;34299904;491102208;0;0;0;0;0;0;0;0;0;0;0;1954;0;0;0;0;0;0;
33525;2591270;539348992;34299904;491102208;0;0;0;0;0;0;0;0;0;0;0;2244;0;0;0;0;0;0;
33526;4321174;539348992;34299904;491102208;0;0;0;0;0;0;0;0;0;0;0;1923;0;0;0;0;0;0;
33527;2335369;539348992;34299904;491102208;0;0;0;0;0;0;0;0;0;0;0;2244;0;0;0;0;0;0;
33528;7427881;539348992;34299904;491102208;0;0;0;0;0;0;0;0;0;0;0;2344;0;0;0;0;0;0;
33529;8346753;539348992;34299904;491102208;0;0;0;0;0;0;0;0;0;0;0;2053;0;0;0;0;0;0;
33530;4417134;539348992;34299904;491102208;0;0;0;0;0;0;0;0;0;0;0;1823;0;0;0;0;0;0;
33531;2268054;539348992;34299904;491102208;0;0;0;0;0;0;0;0;0;0;0;2375;0;0;0;0;0;0;
33532;4335250;539348992;34299904;491102208;0;0;0;0;0;0;0;0;0;0;0;2094;0;0;0;0;0;0;
33533;2231405;539348992;34299904;491102208;0;0;0;0;0;0;0;0;0;0;0;2114;0;0;0;0;0;0;
33534;4343245;539348992;34299904;491102208;0;0;0;0;0;0;0;0;0;0;0;1903;0;0;0;0;0;0;
33535;2703731;531386368;26337280;483139584;0;0;0;0;0;0;0;0;0;0;0;2274;0;0;0;0;0;0;
33536;4377329;531386368;26337280;483139584;0;0;0;0;0;0;0;0;0;0;0;2285;0;0;0;0;0;0;
33537;2308429;531386368;26337280;483139584;0;0;0;0;0;0;0;0;0;0;0;2214;0;0;0;0;0;0;
33538;4327616;531386368;26337280;483139584;0;0;0;0;0;0;0;0;0;0;0;2074;0;0;0;0;0;0;
33539;2285927;531386368;26337280;483139584;0;0;0;0;0;0;0;0;0;0;0;2164;0;0;0;0;0;0;
33540;4311055;531386368;26337280;483139584;0;0;0;0;0;0;0;0;0;0;0;2004;0;0;0;0;0;0;
33541;2432011;531386368;26337280;483139584;0;0;0;0;0;0;0;0;0;0;0;2645;0;0;0;0;0;0;
33542;4354085;531386368;26337280;483139584;0;0;0;0;0;0;0;0;0;0;0;2344;0;0;0;0;0;0;
33543;2229962;531386368;26337280;483139584;0;0;0;0;0;0;0;0;0;0;0;2084;0;0;0;0;0;0;
33544;4323609;531386368;26337280;483139584;0;0;0;0;0;0;0;0;0;0;0;2434;0;0;0;0;0;0;
33545;2279224;531386368;26337280;483139584;0;0;0;0;0;0;0;0;0;0;0;2415;0;0;0;0;0;0;
33546;4352402;531386368;26337280;483139584;0;0;0;0;0;0;0;0;0;0;0;2274;0;0;0;0;0;0;
33547;2281950;531386368;26337280;483139584;0;0;0;0;0;0;0;0;0;0;0;2595;0;0;0;0;0;0;
33548;4359146;531386368;26337280;483139584;0;0;0;0;0;0;0;0;0;0;0;2274;0;0;0;0;0;0;
33549;2287220;531386368;26337280;483139584;0;0;0;0;0;0;0;0;0;0;0;2845;0;0;0;0;0;0;
33550;4350920;531386368;26337280;483139584;0;0;0;0;0;0;0;0;0;0;0;2565;0;0;0;0;0;0;
33551;2296056;531386368;26337280;483139584;0;0;0;0;0;0;0;0;0;0;0;2364;0;0;0;0;0;0;
33552;5525863;537190400;34299904;491102208;0;0;0;0;0;0;0;0;0;0;0;2825;0;0;0;0;0;0;
33553;2783921;537190400;34299904;491102208;0;0;0;0;0;0;0;0;0;0;0;2825;0;0;0;0;0;0;
33554;4391275;537190400;34299904;491102208;0;0;0;0;0;0;0;0;0;0;0;2294;0;0;0;0;0;0;
33555;2343104;537190400;34299904;491102208;0;0;0;0;0;0;0;0;0;0;0;2575;0;0;0;0;0;0;
33556;4371949;537190400;34299904;491102208;0;0;0;0;0;0;0;0;0;0;0;2114;0;0;0;0;0;0;
33557;2325160;537190400;34299904;491102208;0;0;0;0;0;0;0;0;0;0;0;2485;0;0;0;0;0;0;
33558;4424287;537190400;34299904;491102208;0;0;0;0;0;0;0;0;0;0;0;2495;0;0;0;0;0;0;
33559;2405642;537190400;34299904;491102208;0;0;0;0;0;0;0;0;0;0;0;2224;0;0;0;0;0;0;
33560;4368012;537190400;34299904;491102208;0;0;0;0;0;0;0;0;0;0;0;2404;0;0;0;0;0;0;
33561;2692159;531386368;26337280;483139584;0;0;0;0;0;0;0;0;0;0;0;2395;0;0;0;0;0;0;
33562;4329769;531386368;26337280;483139584;0;0;0;0;0;0;0;0;0;0;0;2294;0;0;0;0;0;0;
33563;2310884;531386368;26337280;483139584;0;0;0;0;0;0;0;0;0;0;0;1973;0;0;0;0;0;0;
33564;4280127;531386368;26337280;483139584;0;0;0;0;0;0;0;0;0;0;0;1933;0;0;0;0;0;0;
33565;2361248;531386368;26337280;483139584;0;0;0;0;0;0;0;0;0;0;0;2455;0;0;0;0;0;0;
33566;4317868;531386368;26337280;483139584;0;0;0;0;0;0;0;0;0;0;0;1804;0;0;0;0;0;0;
33567;2395833;531386368;26337280;483139584;0;0;0;0;0;0;0;0;0;0;0;2254;0;0;0;0;0;0;
33568;4276690;531386368;26337280;483139584;0;0;0;0;0;0;0;0;0;0;0;1984;0;0;0;0;0;0;
33569;2443673;531386368;26337280;483139584;0;0;0;0;0;0;0;0;0;0;0;2375;0;0;0;0;0;0;
33570;4284255;531386368;26337280;483139584;0;0;0;0;0;0;0;0;0;0;0;2275;0;0;0;0;0;0;
33571;2419909;531386368;26337280;483139584;0;0;0;0;0;0;0;0;0;0;0;2525;0;0;0;0;0;0;
33572;4282812;531386368;26337280;483139584;0;0;0;0;0;0;0;0;0;0;0;2324;0;0;0;0;0;0;
33573;2461226;531386368;26337280;483139584;0;0;0;0;0;0;0;0;0;0;0;2715;0;0;0;0;0;0;
33574;4329790;531386368;26337280;483139584;0;0;0;0;0;0;0;0;0;0;0;2264;0;0;0;0;0;0;
33575;2270118;531386368;26337280;483139584;0;0;0;0;0;0;0;0;0;0;0;2094;0;0;0;0;0;0;
33576;4254539;531386368;26337280;483139584;0;0;0;0;0;0;0;0;0;0;0;2044;0;0;0;0;0;0;
33577;2335881;531386368;26337280;483139584;0;0;0;0;0;0;0;0;0;0;0;2174;0;0;0;0;0;0;
33578;5081701;537190400;34299904;491102208;0;0;0;0;0;0;0;0;0;0;0;2134;0;0;0;0;0;0;
33579;2446688;537190400;34299904;491102208;0;0;0;0;0;0;0;0;0;0;0;2946;0;0;0;0;0;0;
33580;4332215;537190400;34299904;491102208;0;0;0;0;0;0;0;0;0;0;0;2305;0;0;0;0;0;0;
33581;2369593;537190400;34299904;491102208;0;0;0;0;0;0;0;0;0;0;0;2766;0;0;0;0;0;0;
33582;4369645;537190400;34299904;491102208;0;0;0;0;0;0;0;0;0;0;0;2134;0;0;0;0;0;0;
33583;3430002;537190400;34299904;491102208;0;0;0;0;0;0;0;0;0;0;0;2485;0;0;0;0;0;0;
33584;4280047;537190400;34299904;491102208;0;0;0;0;0;0;0;0;0;0;0;2244;0;0;0;0;0;0;
33585;2355667;537190400;34299904;491102208;0;0;0;0;0;0;0;0;0;0;0;2445;0;0;0;0;0;0;
33586;4332184;537190400;34299904;491102208;0;0;0;0;0;0;0;0;0;0;0;2134;0;0;0;0;0;0;
33587;2610797;531386368;26337280;483139584;0;0;0;0;0;0;0;0;0;0;0;2284;0;0;0;0;0;0;
33588;4311625;531386368;26337280;483139584;0;0;0;0;0;0;0;0;0;0;0;2194;0;0;0;0;0;0;
33589;2502313;531386368;26337280;483139584;0;0;0;0;0;0;0;0;0;0;0;2966;0;0;0;0;0;0;
33590;4352853;531386368;26337280;483139584;0;0;0;0;0;0;0;0;0;0;0;2204;0;0;0;0;0;0;
33591;2312667;531386368;26337280;483139584;0;0;0;0;0;0;0;0;0;0;0;2345;0;0;0;0;0;0;
33592;4354636;531386368;26337280;483139584;0;0;0;0;0;0;0;0;0;0;0;2043;0;0;0;0;0;0;
33593;2312126;531386368;26337280;483139584;0;0;0;0;0;0;0;0;0;0;0;2154;0;0;0;0;0;0;
33594;4351000;531386368;26337280;483139584;0;0;0;0;0;0;0;0;0;0;0;1843;0;0;0;0;0;0;
33595;2321023;531386368;26337280;483139584;0;0;0;0;0;0;0;0;0;0;0;2284;0;0;0;0;0;0;
33596;4348124;531386368;26337280;483139584;0;0;0;0;0;0;0;0;0;0;0;1913;0;0;0;0;0;0;
33597;2365617;531386368;26337280;483139584;0;0;0;0;0;0;0;0;0;0;0;2655;0;0;0;0;0;0;
33598;4365627;531386368;26337280;483139584;0;0;0;0;0;0;0;0;0;0;0;1814;0;0;0;0;0;0;
33599;2411152;531386368;26337280;483139584;0;0;0;0;0;0;0;0;0;0;0;2295;0;0;0;0;0;0;
33600;4340220;531386368;26337280;483139584;0;0;0;0;0;0;0;0;0;0;0;1663;0;0;0;0;0;0;
33601;2631685;531386368;26337280;483139584;0;0;0;0;0;0;0;0;0;0;0;2304;0;0;0;0;0;0;
33602;5069157;537190400;34299904;491102208;0;0;0;0;0;0;0;0;0;0;0;2736;0;0;0;0;0;0;
33603;2580590;537190400;34299904;491102208;0;0;0;0;0;0;0;0;0;0;0;2896;0;0;0;0;0;0;
33604;4410331;537190400;34299904;491102208;0;0;0;0;0;0;0;0;0;0;0;2365;0;0;0;0;0;0;
33605;2463269;537190400;34299904;491102208;0;0;0;0;0;0;0;0;0;0;0;2665;0;0;0;0;0;0;
33606;4401284;537190400;34299904;491102208;0;0;0;0;0;0;0;0;0;0;0;2254;0;0;0;0;0;0;
33607;2421571;537190400;34299904;491102208;0;0;0;0;0;0;0;0;0;0;0;2124;0;0;0;0;0;0;
33608;4336252;537190400;34299904;491102208;0;0;0;0;0;0;0;0;0;0;0;2134;0;0;0;0;0;0;
33609;2369454;537190400;34299904;491102208;0;0;0;0;0;0;0;0;0;0;0;2705;0;0;0;0;0;0;
33610;4351912;537190400;34299904;491102208;0;0;0;0;0;0;0;0;0;0;0;2294;0;0;0;0;0;0;
33611;2631375;531386368;26337280;483139584;0;0;0;0;0;0;0;0;0;0;0;2405;0;0;0;0;0;0;
33612;4410051;531386368;26337280;483139584;0;0;0;0;0;0;0;0;0;0;0;2274;0;0;0;0;0;0;
33613;3127656;531386368;26337280;483139584;0;0;0;0;0;0;0;0;0;0;0;2685;0;0;0;0;0;0;
33614;4276901;531386368;26337280;483139584;0;0;0;0;0;0;0;0;0;0;0;2354;0;0;0;0;0;0;
33615;2351961;531386368;26337280;483139584;0;0;0;0;0;0;0;0;0;0;0;2434;0;0;0;0;0;0;
33616;4246564;531386368;26337280;483139584;0;0;0;0;0;0;0;0;0;0;0;2395;0;0;0;0;0;0;
33617;2423976;531386368;26337280;483139584;0;0;0;0;0;0;0;0;0;0;0;2545;0;0;0;0;0;0;
33618;4316284;531386368;26337280;483139584;0;0;0;0;0;0;0;0;0;0;0;2104;0;0;0;0;0;0;
33619;2309561;531386368;26337280;483139584;0;0;0;0;0;0;0;0;0;0;0;2504;0;0;0;0;0;0;
33620;4280157;531386368;26337280;483139584;0;0;0;0;0;0;0;0;0;0;0;2074;0;0;0;0;0;0;
33621;2376607;531386368;26337280;483139584;0;0;0;0;0;0;0;0;0;0;0;2796;0;0;0;0;0;0;
33622;4314732;531386368;26337280;483139584;0;0;0;0;0;0;0;0;0;0;0;1954;0;0;0;0;0;0;
33623;2384842;531386368;26337280;483139584;0;0;0;0;0;0;0;0;0;0;0;2495;0;0;0;0;0;0;
33624;4356219;531386368;26337280;483139584;0;0;0;0;0;0;0;0;0;0;0;2124;0;0;0;0;0;0;
33625;2331994;531386368;26337280;483139584;0;0;0;0;0;0;0;0;0;0;0;2114;0;0;0;0;0;0;
33626;4271230;531386368;26337280;483139584;0;0;0;0;0;0;0;0;0;0;0;1903;0;0;0;0;0;0;
33627;2327054;531386368;26337280;483139584;0;0;0;0;0;0;0;0;0;0;0;2024;0;0;0;0;0;0;
33628;5003233;537190400;34299904;491102208;0;0;0;0;0;0;0;0;0;0;0;2335;0;0;0;0;0;0;
33629;2335820;537190400;34299904;491102208;0;0;0;0;0;0;0;0;0;0;0;2514;0;0;0;0;0;0;
33630;4351971;537190400;34299904;491102208;0;0;0;0;0;0;0;0;0;0;0;2164;0;0;0;0;0;0;
33631;2338575;537190400;34299904;491102208;0;0;0;0;0;0;0;0;0;0;0;2094;0;0;0;0;0;0;
33632;4348836;537190400;34299904;491102208;0;0;0;0;0;0;0;0;0;0;0;2395;0;0;0;0;0;0;
33633;2309542;537190400;34299904;491102208;0;0;0;0;0;0;0;0;0;0;0;2405;0;0;0;0;0;0;
33634;4274827;537190400;34299904;491102208;0;0;0;0;0;0;0;0;0;0;0;2434;0;0;0;0;0;0;
33635;2370696;537190400;34299904;491102208;0;0;0;0;0;0;0;0;0;0;0;2444;0;0;0;0;0;0;
33636;4366569;537190400;34299904;491102208;0;0;0;0;0;0;0;0;0;0;0;2264;0;0;0;0;0;0;
33637;2596720;531386368;26337280;483139584;0;0;0;0;0;0;0;0;0;0;0;2775;0;0;0;0;0;0;
33638;4330762;531386368;26337280;483139584;0;0;0;0;0;0;0;0;0;0;0;2264;0;0;0;0;0;0;
33639;2367670;531386368;26337280;483139584;0;0;0;0;0;0;0;0;0;0;0;2345;0;0;0;0;0;0;
33640;4347022;531386368;26337280;483139584;0;0;0;0;0;0;0;0;0;0;0;1963;0;0;0;0;0;0;
33641;2388699;531386368;26337280;483139584;0;0;0;0;0;0;0;0;0;0;0;2024;0;0;0;0;0;0;
33642;4310033;531386368;26337280;483139584;0;0;0;0;0;0;0;0;0;0;0;1844;0;0;0;0;0;0;
33643;2926658;531386368;26337280;483139584;0;0;0;0;0;0;0;0;0;0;0;2905;0;0;0;0;0;0;
33644;4709252;531386368;26337280;483139584;0;0;0;0;0;0;0;0;0;0;0;2785;0;0;0;0;0;0;
33645;2471194;531386368;26337280;483139584;0;0;0;0;0;0;0;0;0;0;0;2415;0;0;0;0;0;0;
33646;4256152;531386368;26337280;483139584;0;0;0;0;0;0;0;0;0;0;0;1884;0;0;0;0;0;0;
33647;2381045;531386368;26337280;483139584;0;0;0;0;0;0;0;0;0;0;0;2334;0;0;0;0;0;0;
33648;4322226;531386368;26337280;483139584;0;0;0;0;0;0;0;0;0;0;0;2094;0;0;0;0;0;0;
33649;2341912;531386368;26337280;483139584;0;0;0;0;0;0;0;0;0;0;0;2735;0;0;0;0;0;0;
33650;5055942;537190400;34299904;491102208;0;0;0;0;0;0;0;0;0;0;0;2615;0;0;0;0;0;0;
33651;2410240;537190400;34299904;491102208;0;0;0;0;0;0;0;0;0;0;0;2955;0;0;0;0;0;0;
33652;4424007;537190400;34299904;491102208;0;0;0;0;0;0;0;0;0;0;0;2394;0;0;0;0;0;0;
33653;2362361;537190400;34299904;491102208;0;0;0;0;0;0;0;0;0;0;0;2825;0;0;0;0;0;0;
33654;4390824;537190400;34299904;491102208;0;0;0;0;0;0;0;0;0;0;0;2124;0;0;0;0;0;0;
33655;2353344;537190400;34299904;491102208;0;0;0;0;0;0;0;0;0;0;0;2254;0;0;0;0;0;0;
33656;4370827;537190400;34299904;491102208;0;0;0;0;0;0;0;0;0;0;0;1914;0;0;0;0;0;0;
33657;2264907;537190400;34299904;491102208;0;0;0;0;0;0;0;0;0;0;0;2244;0;0;0;0;0;0;
33658;4443894;537190400;34299904;491102208;0;0;0;0;0;0;0;0;0;0;0;2034;0;0;0;0;0;0;
33659;2628910;531386368;26337280;483139584;0;0;0;0;0;0;0;0;0;0;0;2534;0;0;0;0;0;0;
33660;4363904;531386368;26337280;483139584;0;0;0;0;0;0;0;0;0;0;0;2585;0;0;0;0;0;0;
33661;2506069;531386368;26337280;483139584;0;0;0;0;0;0;0;0;0;0;0;3146;0;0;0;0;0;0;
33662;4371278;531386368;26337280;483139584;0;0;0;0;0;0;0;0;0;0;0;2585;0;0;0;0;0;0;
33663;2325221;531386368;26337280;483139584;0;0;0;0;0;0;0;0;0;0;0;2425;0;0;0;0;0;0;
33664;4305585;531386368;26337280;483139584;0;0;0;0;0;0;0;0;0;0;0;2334;0;0;0;0;0;0;
33665;2403137;531386368;26337280;483139584;0;0;0;0;0;0;0;0;0;0;0;2826;0;0;0;0;0;0;
33666;4335871;531386368;26337280;483139584;0;0;0;0;0;0;0;0;0;0;0;2445;0;0;0;0;0;0;
33667;2329058;531386368;26337280;483139584;0;0;0;0;0;0;0;0;0;0;0;2795;0;0;0;0;0;0;
33668;4297499;531386368;26337280;483139584;0;0;0;0;0;0;0;0;0;0;0;2144;0;0;0;0;0;0;
33669;2387718;531386368;26337280;483139584;0;0;0;0;0;0;0;0;0;0;0;2725;0;0;0;0;0;0;
33670;4301958;531386368;26337280;483139584;0;0;0;0;0;0;0;0;0;0;0;2525;0;0;0;0;0;0;
33671;2294323;531386368;26337280;483139584;0;0;0;0;0;0;0;0;0;0;0;2284;0;0;0;0;0;0;
33672;4298531;531386368;26337280;483139584;0;0;0;0;0;0;0;0;0;0;0;2294;0;0;0;0;0;0;
33673;2319710;531386368;26337280;483139584;0;0;0;0;0;0;0;0;0;0;0;2415;0;0;0;0;0;0;
33674;4666301;531386368;26337280;483139584;0;0;0;0;0;0;0;0;0;0;0;2565;0;0;0;0;0;0;
33675;3119881;531386368;26337280;483139584;0;0;0;0;0;0;0;0;0;0;0;2565;0;0;0;0;0;0;
33676;4998013;537190400;34299904;491102208;0;0;0;0;0;0;0;0;0;0;0;2685;0;0;0;0;0;0;
33677;2324520;537190400;34299904;491102208;0;0;0;0;0;0;0;0;0;0;0;2605;0;0;0;0;0;0;
33678;4323248;537190400;34299904;491102208;0;0;0;0;0;0;0;0;0;0;0;2215;0;0;0;0;0;0;
33679;2345138;537190400;34299904;491102208;0;0;0;0;0;0;0;0;0;0;0;2655;0;0;0;0;0;0;
33680;4387318;537190400;34299904;491102208;0;0;0;0;0;0;0;0;0;0;0;2254;0;0;0;0;0;0;
33681;2340009;537190400;34299904;491102208;0;0;0;0;0;0;0;0;0;0;0;2555;0;0;0;0;0;0;
33682;4356240;537190400;34299904;491102208;0;0;0;0;0;0;0;0;0;0;0;2394;0;0;0;0;0;0;
33683;2427503;537190400;34299904;491102208;0;0;0;0;0;0;0;0;0;0;0;2866;0;0;0;0;0;0;
33684;4383691;537190400;34299904;491102208;0;0;0;0;0;0;0;0;0;0;0;2164;0;0;0;0;0;0;
33685;2622378;531386368;26337280;483139584;0;0;0;0;0;0;0;0;0;0;0;2885;0;0;0;0;0;0;
33686;4354877;531386368;26337280;483139584;0;0;0;0;0;0;0;0;0;0;0;2094;0;0;0;0;0;0;
33687;2294954;531386368;26337280;483139584;0;0;0;0;0;0;0;0;0;0;0;2375;0;0;0;0;0;0;
33688;4383951;531386368;26337280;483139584;0;0;0;0;0;0;0;0;0;0;0;2094;0;0;0;0;0;0;
33689;2395022;531386368;26337280;483139584;0;0;0;0;0;0;0;0;0;0;0;2334;0;0;0;0;0;0;
33690;4332856;531386368;26337280;483139584;0;0;0;0;0;0;0;0;0;0;0;2424;0;0;0;0;0;0;
33691;2288542;531386368;26337280;483139584;0;0;0;0;0;0;0;0;0;0;0;1943;0;0;0;0;0;0;
33692;4300445;531386368;26337280;483139584;0;0;0;0;0;0;0;0;0;0;0;2404;0;0;0;0;0;0;
33693;2374593;531386368;26337280;483139584;0;0;0;0;0;0;0;0;0;0;0;2325;0;0;0;0;0;0;
33694;4305404;531386368;26337280;483139584;0;0;0;0;0;0;0;0;0;0;0;1904;0;0;0;0;0;0;
33695;2351470;531386368;26337280;483139584;0;0;0;0;0;0;0;0;0;0;0;2726;0;0;0;0;0;0;
33696;4333016;531386368;26337280;483139584;0;0;0;0;0;0;0;0;0;0;0;2485;0;0;0;0;0;0;
33697;2359315;531386368;26337280;483139584;0;0;0;0;0;0;0;0;0;0;0;2604;0;0;0;0;0;0;
33698;4336433;531386368;26337280;483139584;0;0;0;0;0;0;0;0;0;0;0;2244;0;0;0;0;0;0;
33699;2328427;531386368;26337280;483139584;0;0;0;0;0;0;0;0;0;0;0;2545;0;0;0;0;0;0;
33700;4417324;531386368;26337280;483139584;0;0;0;0;0;0;0;0;0;0;0;2234;0;0;0;0;0;0;
33701;2311405;531386368;26337280;483139584;0;0;0;0;0;0;0;0;0;0;0;2174;0;0;0;0;0;0;
33702;5042176;537190400;34299904;491102208;0;0;0;0;0;0;0;0;0;0;0;2535;0;0;0;0;0;0;
33703;2470613;537190400;34299904;491102208;0;0;0;0;0;0;0;0;0;0;0;2335;0;0;0;0;0;0;
33704;4383822;537190400;34299904;491102208;0;0;0;0;0;0;0;0;0;0;0;1934;0;0;0;0;0;0;
33705;3260785;537190400;34299904;491102208;0;0;0;0;0;0;0;0;0;0;0;3226;0;0;0;0;0;0;
33706;4634041;537190400;34299904;491102208;0;0;0;0;0;0;0;0;0;0;0;2194;0;0;0;0;0;0;
33707;2389591;537190400;34299904;491102208;0;0;0;0;0;0;0;0;0;0;0;2876;0;0;0;0;0;0;
33708;4322727;537190400;34299904;491102208;0;0;0;0;0;0;0;0;0;0;0;2014;0;0;0;0;0;0;
33709;2364675;537190400;34299904;491102208;0;0;0;0;0;0;0;0;0;0;0;2415;0;0;0;0;0;0;
33710;4278845;537190400;34299904;491102208;0;0;0;0;0;0;0;0;0;0;0;1953;0;0;0;0;0;0;
33711;2561775;531386368;26337280;483139584;0;0;0;0;0;0;0;0;0;0;0;2485;0;0;0;0;0;0;
33712;4312488;531386368;26337280;483139584;0;0;0;0;0;0;0;0;0;0;0;2204;0;0;0;0;0;0;
33713;2377188;531386368;26337280;483139584;0;0;0;0;0;0;0;0;0;0;0;2225;0;0;0;0;0;0;
33714;4294755;531386368;26337280;483139584;0;0;0;0;0;0;0;0;0;0;0;2064;0;0;0;0;0;0;
33715;2411322;531386368;26337280;483139584;0;0;0;0;0;0;0;0;0;0;0;2194;0;0;0;0;0;0;
33716;4313659;531386368;26337280;483139584;0;0;0;0;0;0;0;0;0;0;0;2184;0;0;0;0;0;0;
33717;2454653;531386368;26337280;483139584;0;0;0;0;0;0;0;0;0;0;0;2325;0;0;0;0;0;0;
33718;4371749;531386368;26337280;483139584;0;0;0;0;0;0;0;0;0;0;0;1954;0;0;0;0;0;0;
33719;2380525;531386368;26337280;483139584;0;0;0;0;0;0;0;0;0;0;0;1974;0;0;0;0;0;0;
33720;4353575;531386368;26337280;483139584;0;0;0;0;0;0;0;0;0;0;0;1863;0;0;0;0;0;0;
33721;2305223;531386368;26337280;483139584;0;0;0;0;0;0;0;0;0;0;0;2866;0;0;0;0;0;0;
33722;4403748;531386368;26337280;483139584;0;0;0;0;0;0;0;0;0;0;0;2595;0;0;0;0;0;0;
33723;2264306;531386368;26337280;483139584;0;0;0;0;0;0;0;0;0;0;0;2295;0;0;0;0;0;0;
33724;5101558;537190400;34299904;491102208;0;0;0;0;0;0;0;0;0;0;0;2605;0;0;0;0;0;0;
33725;2328897;537190400;34299904;491102208;0;0;0;0;0;0;0;0;0;0;0;2385;0;0;0;0;0;0;
33726;4323699;537190400;34299904;491102208;0;0;0;0;0;0;0;0;0;0;0;2114;0;0;0;0;0;0;
33727;2260850;537190400;34299904;491102208;0;0;0;0;0;0;0;0;0;0;0;2504;0;0;0;0;0;0;
33728;4366779;537190400;34299904;491102208;0;0;0;0;0;0;0;0;0;0;0;2124;0;0;0;0;0;0;
33729;2358373;537190400;34299904;491102208;0;0;0;0;0;0;0;0;0;0;0;2234;0;0;0;0;0;0;
33730;4384964;537190400;34299904;491102208;0;0;0;0;0;0;0;0;0;0;0;1974;0;0;0;0;0;0;
33731;2282861;537190400;34299904;491102208;0;0;0;0;0;0;0;0;0;0;0;2294;0;0;0;0;0;0;
33732;4294294;537190400;34299904;491102208;0;0;0;0;0;0;0;0;0;0;0;2043;0;0;0;0;0;0;
33733;2544071;531386368;26337280;483139584;0;0;0;0;0;0;0;0;0;0;0;3046;0;0;0;0;0;0;
33734;4325642;531386368;26337280;483139584;0;0;0;0;0;0;0;0;0;0;0;2094;0;0;0;0;0;0;
33735;2516890;531386368;26337280;483139584;0;0;0;0;0;0;0;0;0;0;0;2345;0;0;0;0;0;0;
33736;4722757;531386368;26337280;483139584;0;0;0;0;0;0;0;0;0;0;0;2605;0;0;0;0;0;0;
33737;2442100;531386368;26337280;483139584;0;0;0;0;0;0;0;0;0;0;0;2024;0;0;0;0;0;0;
33738;4341843;531386368;26337280;483139584;0;0;0;0;0;0;0;0;0;0;0;2354;0;0;0;0;0;0;
33739;2297358;531386368;26337280;483139584;0;0;0;0;0;0;0;0;0;0;0;2084;0;0;0;0;0;0;
33740;4356801;531386368;26337280;483139584;0;0;0;0;0;0;0;0;0;0;0;1924;0;0;0;0;0;0;
33741;2305334;531386368;26337280;483139584;0;0;0;0;0;0;0;0;0;0;0;2425;0;0;0;0;0;0;
33742;4328247;531386368;26337280;483139584;0;0;0;0;0;0;0;0;0;0;0;1874;0;0;0;0;0;0;
33743;2337343;531386368;26337280;483139584;0;0;0;0;0;0;0;0;0;0;0;2214;0;0;0;0;0;0;
33744;4298872;531386368;26337280;483139584;0;0;0;0;0;0;0;0;0;0;0;2294;0;0;0;0;0;0;
33745;2395462;531386368;26337280;483139584;0;0;0;0;0;0;0;0;0;0;0;2204;0;0;0;0;0;0;
33746;4323438;531386368;26337280;483139584;0;0;0;0;0;0;0;0;0;0;0;2184;0;0;0;0;0;0;
33747;2353153;531386368;26337280;483139584;0;0;0;0;0;0;0;0;0;0;0;2425;0;0;0;0;0;0;
33748;4335291;531386368;26337280;483139584;0;0;0;0;0;0;0;0;0;0;0;2023;0;0;0;0;0;0;
33749;2384562;531386368;26337280;483139584;0;0;0;0;0;0;0;0;0;0;0;2615;0;0;0;0;0;0;
33750;5054549;537190400;34299904;491102208;0;0;0;0;0;0;0;0;0;0;0;2405;0;0;0;0;0;0;
33751;2399840;537190400;34299904;491102208;0;0;0;0;0;0;0;0;0;0;0;2255;0;0;0;0;0;0;
33752;4413497;537190400;34299904;491102208;0;0;0;0;0;0;0;0;0;0;0;2174;0;0;0;0;0;0;
33753;2423105;537190400;34299904;491102208;0;0;0;0;0;0;0;0;0;0;0;2324;0;0;0;0;0;0;
33754;4416443;537190400;34299904;491102208;0;0;0;0;0;0;0;0;0;0;0;2034;0;0;0;0;0;0;
33755;2350238;537190400;34299904;491102208;0;0;0;0;0;0;0;0;0;0;0;2415;0;0;0;0;0;0;
33756;4343586;537190400;34299904;491102208;0;0;0;0;0;0;0;0;0;0;0;2405;0;0;0;0;0;0;
33757;2324139;537190400;34299904;491102208;0;0;0;0;0;0;0;0;0;0;0;2425;0;0;0;0;0;0;
33758;4331784;537190400;34299904;491102208;0;0;0;0;0;0;0;0;0;0;0;2114;0;0;0;0;0;0;
33759;2598784;531386368;26337280;483139584;0;0;0;0;0;0;0;0;0;0;0;2364;0;0;0;0;0;0;
33760;4351170;531386368;26337280;483139584;0;0;0;0;0;0;0;0;0;0;0;2114;0;0;0;0;0;0;
33761;2355157;531386368;26337280;483139584;0;0;0;0;0;0;0;0;0;0;0;2234;0;0;0;0;0;0;
33762;4317336;531386368;26337280;483139584;0;0;0;0;0;0;0;0;0;0;0;1833;0;0;0;0;0;0;
33763;2360697;531386368;26337280;483139584;0;0;0;0;0;0;0;0;0;0;0;2054;0;0;0;0;0;0;
33764;4330411;531386368;26337280;483139584;0;0;0;0;0;0;0;0;0;0;0;2053;0;0;0;0;0;0;
33765;2292600;531386368;26337280;483139584;0;0;0;0;0;0;0;0;0;0;0;2454;0;0;0;0;0;0;
33766;4769846;531386368;26337280;483139584;0;0;0;0;0;0;0;0;0;0;0;2074;0;0;0;0;0;0;
33767;2508464;531386368;26337280;483139584;0;0;0;0;0;0;0;0;0;0;0;1863;0;0;0;0;0;0;
33768;4282161;531386368;26337280;483139584;0;0;0;0;0;0;0;0;0;0;0;1934;0;0;0;0;0;0;
33769;2376166;531386368;26337280;483139584;0;0;0;0;0;0;0;0;0;0;0;2625;0;0;0;0;0;0;
33770;4287621;531386368;26337280;483139584;0;0;0;0;0;0;0;0;0;0;0;1894;0;0;0;0;0;0;
33771;2270718;531386368;26337280;483139584;0;0;0;0;0;0;0;0;0;0;0;2254;0;0;0;0;0;0;
33772;4304623;531386368;26337280;483139584;0;0;0;0;0;0;0;0;0;0;0;2024;0;0;0;0;0;0;
33773;2326273;531386368;26337280;483139584;0;0;0;0;0;0;0;0;0;0;0;2364;0;0;0;0;0;0;
33774;4324580;531386368;26337280;483139584;0;0;0;0;0;0;0;0;0;0;0;2064;0;0;0;0;0;0;
33775;2290977;531386368;26337280;483139584;0;0;0;0;0;0;0;0;0;0;0;2314;0;0;0;0;0;0;
33776;4946887;537190400;34299904;491102208;0;0;0;0;0;0;0;0;0;0;0;2124;0;0;0;0;0;0;
33777;2320091;537190400;34299904;491102208;0;0;0;0;0;0;0;0;0;0;0;2615;0;0;0;0;0;0;
33778;4353224;537190400;34299904;491102208;0;0;0;0;0;0;0;0;0;0;0;2364;0;0;0;0;0;0;
33779;2263064;537190400;34299904;491102208;0;0;0;0;0;0;0;0;0;0;0;2154;0;0;0;0;0;0;
33780;4323008;537190400;34299904;491102208;0;0;0;0;0;0;0;0;0;0;0;2014;0;0;0;0;0;0;
33781;2383651;537190400;34299904;491102208;0;0;0;0;0;0;0;0;0;0;0;2435;0;0;0;0;0;0;
33782;4335881;537190400;34299904;491102208;0;0;0;0;0;0;0;0;0;0;0;1923;0;0;0;0;0;0;
33783;2278523;537190400;34299904;491102208;0;0;0;0;0;0;0;0;0;0;0;2254;0;0;0;0;0;0;
33784;4325642;537190400;34299904;491102208;0;0;0;0;0;0;0;0;0;0;0;2295;0;0;0;0;0;0;
33785;2612430;531386368;26337280;483139584;0;0;0;0;0;0;0;0;0;0;0;2515;0;0;0;0;0;0;
33786;4372230;531386368;26337280;483139584;0;0;0;0;0;0;0;0;0;0;0;2545;0;0;0;0;0;0;
33787;2354266;531386368;26337280;483139584;0;0;0;0;0;0;0;0;0;0;0;1903;0;0;0;0;0;0;
33788;4332865;531386368;26337280;483139584;0;0;0;0;0;0;0;0;0;0;0;2144;0;0;0;0;0;0;
33789;2414819;531386368;26337280;483139584;0;0;0;0;0;0;0;0;0;0;0;2174;0;0;0;0;0;0;
33790;4363764;531386368;26337280;483139584;0;0;0;0;0;0;0;0;0;0;0;2134;0;0;0;0;0;0;
33791;2333637;531386368;26337280;483139584;0;0;0;0;0;0;0;0;0;0;0;1914;0;0;0;0;0;0;
33792;4340610;531386368;26337280;483139584;0;0;0;0;0;0;0;0;0;0;0;1734;0;0;0;0;0;0;
33793;2334498;531386368;26337280;483139584;0;0;0;0;0;0;0;0;0;0;0;2104;0;0;0;0;0;0;
33794;4424597;531386368;26337280;483139584;0;0;0;0;0;0;0;0;0;0;0;2134;0;0;0;0;0;0;
33795;2334599;531386368;26337280;483139584;0;0;0;0;0;0;0;0;0;0;0;1873;0;0;0;0;0;0;
33796;4503776;531386368;26337280;483139584;0;0;0;0;0;0;0;0;0;0;0;1914;0;0;0;0;0;0;
33797;3422037;531386368;26337280;483139584;0;0;0;0;0;0;0;0;0;0;0;2445;0;0;0;0;0;0;
33798;4679917;531386368;26337280;483139584;0;0;0;0;0;0;0;0;0;0;0;2485;0;0;0;0;0;0;
33799;2827573;531386368;26337280;483139584;0;0;0;0;0;0;0;0;0;0;0;2224;0;0;0;0;0;0;
33800;5087240;537190400;34299904;491102208;0;0;0;0;0;0;0;0;0;0;0;2244;0;0;0;0;0;0;
33801;2589156;537190400;34299904;491102208;0;0;0;0;0;0;0;0;0;0;0;2524;0;0;0;0;0;0;
33802;4376237;537190400;34299904;491102208;0;0;0;0;0;0;0;0;0;0;0;2094;0;0;0;0;0;0;
33803;2330691;537190400;34299904;491102208;0;0;0;0;0;0;0;0;0;0;0;1984;0;0;0;0;0;0;
33804;4365457;537190400;34299904;491102208;0;0;0;0;0;0;0;0;0;0;0;1874;0;0;0;0;0;0;
33805;2384542;537190400;34299904;491102208;0;0;0;0;0;0;0;0;0;0;0;2835;0;0;0;0;0;0;
33806;4365126;537190400;34299904;491102208;0;0;0;0;0;0;0;0;0;0;0;2003;0;0;0;0;0;0;
33807;2330791;537190400;34299904;491102208;0;0;0;0;0;0;0;0;0;0;0;2615;0;0;0;0;0;0;
33808;4326124;537190400;34299904;491102208;0;0;0;0;0;0;0;0;0;0;0;1904;0;0;0;0;0;0;
33809;2550172;531386368;26337280;483139584;0;0;0;0;0;0;0;0;0;0;0;2355;0;0;0;0;0;0;
33810;4329549;531386368;26337280;483139584;0;0;0;0;0;0;0;0;0;0;0;2194;0;0;0;0;0;0;
33811;2329228;531386368;26337280;483139584;0;0;0;0;0;0;0;0;0;0;0;2053;0;0;0;0;0;0;
33812;4316886;531386368;26337280;483139584;0;0;0;0;0;0;0;0;0;0;0;2054;0;0;0;0;0;0;
33813;2352943;531386368;26337280;483139584;0;0;0;0;0;0;0;0;0;0;0;2274;0;0;0;0;0;0;
33814;4393891;531386368;26337280;483139584;0;0;0;0;0;0;0;0;0;0;0;1983;0;0;0;0;0;0;
33815;2328316;531386368;26337280;483139584;0;0;0;0;0;0;0;0;0;0;0;2194;0;0;0;0;0;0;
33816;4302498;531386368;26337280;483139584;0;0;0;0;0;0;0;0;0;0;0;1984;0;0;0;0;0;0;
33817;11440836;531386368;26337280;483139584;0;0;0;0;0;0;0;0;0;0;0;2013;0;0;0;0;0;0;
33818;4371959;531386368;26337280;483139584;0;0;0;0;0;0;0;0;0;0;0;1793;0;0;0;0;0;0;
33819;2306055;531386368;26337280;483139584;0;0;0;0;0;0;0;0;0;0;0;2615;0;0;0;0;0;0;
33820;4287160;531386368;26337280;483139584;0;0;0;0;0;0;0;0;0;0;0;1793;0;0;0;0;0;0;
33821;2244690;531386368;26337280;483139584;0;0;0;0;0;0;0;0;0;0;0;2074;0;0;0;0;0;0;
33822;4290547;531386368;26337280;483139584;0;0;0;0;0;0;0;0;0;0;0;1884;0;0;0;0;0;0;
33823;2534323;531386368;26337280;483139584;0;0;0;0;0;0;0;0;0;0;0;2265;0;0;0;0;0;0;
33824;5003303;537190400;34299904;491102208;0;0;0;0;0;0;0;0;0;0;0;1994;0;0;0;0;0;0;
33825;3248903;537190400;34299904;491102208;0;0;0;0;0;0;0;0;0;0;0;3066;0;0;0;0;0;0;
33826;4713109;537190400;34299904;491102208;0;0;0;0;0;0;0;0;0;0;0;2174;0;0;0;0;0;0;
33827;2336421;537190400;34299904;491102208;0;0;0;0;0;0;0;0;0;0;0;2354;0;0;0;0;0;0;
33828;4306236;537190400;34299904;491102208;0;0;0;0;0;0;0;0;0;0;0;2084;0;0;0;0;0;0;
33829;2311254;537190400;34299904;491102208;0;0;0;0;0;0;0;0;0;0;0;2685;0;0;0;0;0;0;
33830;4304382;537190400;34299904;491102208;0;0;0;0;0;0;0;0;0;0;0;2274;0;0;0;0;0;0;
33831;2229782;537190400;34299904;491102208;0;0;0;0;0;0;0;0;0;0;0;2404;0;0;0;0;0;0;
33832;4301748;537190400;34299904;491102208;0;0;0;0;0;0;0;0;0;0;0;1944;0;0;0;0;0;0;
33833;2537508;531386368;26337280;483139584;0;0;0;0;0;0;0;0;0;0;0;2565;0;0;0;0;0;0;
33834;4346091;531386368;26337280;483139584;0;0;0;0;0;0;0;0;0;0;0;1984;0;0;0;0;0;0;
33835;2276789;531386368;26337280;483139584;0;0;0;0;0;0;0;0;0;0;0;2214;0;0;0;0;0;0;
33836;4368492;531386368;26337280;483139584;0;0;0;0;0;0;0;0;0;0;0;1994;0;0;0;0;0;0;
33837;2291998;531386368;26337280;483139584;0;0;0;0;0;0;0;0;0;0;0;2514;0;0;0;0;0;0;
33838;4327405;531386368;26337280;483139584;0;0;0;0;0;0;0;0;0;0;0;2003;0;0;0;0;0;0;
33839;2321053;531386368;26337280;483139584;0;0;0;0;0;0;0;0;0;0;0;2465;0;0;0;0;0;0;
33840;4325753;531386368;26337280;483139584;0;0;0;0;0;0;0;0;0;0;0;2184;0;0;0;0;0;0;
33841;2419237;531386368;26337280;483139584;0;0;0;0;0;0;0;0;0;0;0;3005;0;0;0;0;0;0;
33842;4343566;531386368;26337280;483139584;0;0;0;0;0;0;0;0;0;0;0;2124;0;0;0;0;0;0;
33843;2376276;531386368;26337280;483139584;0;0;0;0;0;0;0;0;0;0;0;2154;0;0;0;0;0;0;
33844;4393810;531386368;26337280;483139584;0;0;0;0;0;0;0;0;0;0;0;2274;0;0;0;0;0;0;
33845;2318037;531386368;26337280;483139584;0;0;0;0;0;0;0;0;0;0;0;2244;0;0;0;0;0;0;
33846;4356821;531386368;26337280;483139584;0;0;0;0;0;0;0;0;0;0;0;2234;0;0;0;0;0;0;
33847;2348664;531386368;26337280;483139584;0;0;0;0;0;0;0;0;0;0;0;1944;0;0;0;0;0;0;
33848;4326584;531386368;26337280;483139584;0;0;0;0;0;0;0;0;0;0;0;1863;0;0;0;0;0;0;
33849;2364634;531386368;26337280;483139584;0;0;0;0;0;0;0;0;0;0;0;2404;0;0;0;0;0;0;
33850;5003314;537190400;34299904;491102208;0;0;0;0;0;0;0;0;0;0;0;2214;0;0;0;0;0;0;
33851;2407685;537190400;34299904;491102208;0;0;0;0;0;0;0;0;0;0;0;2605;0;0;0;0;0;0;
33852;4358534;537190400;34299904;491102208;0;0;0;0;0;0;0;0;0;0;0;2084;0;0;0;0;0;0;
33853;2266901;537190400;34299904;491102208;0;0;0;0;0;0;0;0;0;0;0;2444;0;0;0;0;0;0;
33854;4301216;537190400;34299904;491102208;0;0;0;0;0;0;0;0;0;0;0;2174;0;0;0;0;0;0;
33855;2519626;537190400;34299904;491102208;0;0;0;0;0;0;0;0;0;0;0;2554;0;0;0;0;0;0;
33856;4615997;537190400;34299904;491102208;0;0;0;0;0;0;0;0;0;0;0;2054;0;0;0;0;0;0;
33857;2465874;537190400;34299904;491102208;0;0;0;0;0;0;0;0;0;0;0;2865;0;0;0;0;0;0;
33858;4295666;537190400;34299904;491102208;0;0;0;0;0;0;0;0;0;0;0;2033;0;0;0;0;0;0;
33859;2601349;531386368;26337280;483139584;0;0;0;0;0;0;0;0;0;0;0;2675;0;0;0;0;0;0;
33860;4329609;531386368;26337280;483139584;0;0;0;0;0;0;0;0;0;0;0;1874;0;0;0;0;0;0;
33861;2349386;531386368;26337280;483139584;0;0;0;0;0;0;0;0;0;0;0;2014;0;0;0;0;0;0;
33862;4353665;531386368;26337280;483139584;0;0;0;0;0;0;0;0;0;0;0;2064;0;0;0;0;0;0;
33863;2395673;531386368;26337280;483139584;0;0;0;0;0;0;0;0;0;0;0;2145;0;0;0;0;0;0;
33864;4301998;531386368;26337280;483139584;0;0;0;0;0;0;0;0;0;0;0;1953;0;0;0;0;0;0;
33865;2428464;531386368;26337280;483139584;0;0;0;0;0;0;0;0;0;0;0;2575;0;0;0;0;0;0;
33866;4317787;531386368;26337280;483139584;0;0;0;0;0;0;0;0;0;0;0;2384;0;0;0;0;0;0;
33867;2455655;531386368;26337280;483139584;0;0;0;0;0;0;0;0;0;0;0;2475;0;0;0;0;0;0;
33868;4309472;531386368;26337280;483139584;0;0;0;0;0;0;0;0;0;0;0;2144;0;0;0;0;0;0;
33869;2338075;531386368;26337280;483139584;0;0;0;0;0;0;0;0;0;0;0;2424;0;0;0;0;0;0;
33870;4314992;531386368;26337280;483139584;0;0;0;0;0;0;0;0;0;0;0;6713;0;0;0;0;0;0;
33871;2431200;531386368;26337280;483139584;0;0;0;0;0;0;0;0;0;0;0;1974;0;0;0;0;0;0;
33872;4324571;531386368;26337280;483139584;0;0;0;0;0;0;0;0;0;0;0;1883;0;0;0;0;0;0;
33873;2585779;531386368;26337280;483139584;0;0;0;0;0;0;0;0;0;0;0;2114;0;0;0;0;0;0;
33874;5013351;537190400;34299904;491102208;0;0;0;0;0;0;0;0;0;0;0;2254;0;0;0;0;0;0;
33875;2462469;537190400;34299904;491102208;0;0;0;0;0;0;0;0;0;0;0;2235;0;0;0;0;0;0;
33876;4447741;537190400;34299904;491102208;0;0;0;0;0;0;0;0;0;0;0;1944;0;0;0;0;0;0;
33877;2382889;537190400;34299904;491102208;0;0;0;0;0;0;0;0;0;0;0;2204;0;0;0;0;0;0;
33878;4389772;537190400;34299904;491102208;0;0;0;0;0;0;0;0;0;0;0;2214;0;0;0;0;0;0;
33879;2355437;537190400;34299904;491102208;0;0;0;0;0;0;0;0;0;0;0;2334;0;0;0;0;0;0;
33880;4343957;537190400;34299904;491102208;0;0;0;0;0;0;0;0;0;0;0;2515;0;0;0;0;0;0;
33881;2297118;537190400;34299904;491102208;0;0;0;0;0;0;0;0;0;0;0;2004;0;0;0;0;0;0;
33882;4300896;537190400;34299904;491102208;0;0;0;0;0;0;0;0;0;0;0;1884;0;0;0;0;0;0;
33883;2608572;531386368;26337280;483139584;0;0;0;0;0;0;0;0;0;0;0;2225;0;0;0;0;0;0;
33884;4300355;531386368;26337280;483139584;0;0;0;0;0;0;0;0;0;0;0;1933;0;0;0;0;0;0;
33885;2343114;531386368;26337280;483139584;0;0;0;0;0;0;0;0;0;0;0;2214;0;0;0;0;0;0;
33886;4827944;531386368;26337280;483139584;0;0;0;0;0;0;0;0;0;0;0;2214;0;0;0;0;0;0;
33887;2921719;531386368;26337280;483139584;0;0;0;0;0;0;0;0;0;0;0;2514;0;0;0;0;0;0;
33888;4323218;531386368;26337280;483139584;0;0;0;0;0;0;0;0;0;0;0;2655;0;0;0;0;0;0;
33889;2404379;531386368;26337280;483139584;0;0;0;0;0;0;0;0;0;0;0;2375;0;0;0;0;0;0;
33890;4300144;531386368;26337280;483139584;0;0;0;0;0;0;0;0;0;0;0;1833;0;0;0;0;0;0;
33891;2326173;531386368;26337280;483139584;0;0;0;0;0;0;0;0;0;0;0;2474;0;0;0;0;0;0;
33892;4340540;531386368;26337280;483139584;0;0;0;0;0;0;0;0;0;0;0;2124;0;0;0;0;0;0;
33893;2422844;531386368;26337280;483139584;0;0;0;0;0;0;0;0;0;0;0;3296;0;0;0;0;0;0;
33894;4284896;531386368;26337280;483139584;0;0;0;0;0;0;0;0;0;0;0;2144;0;0;0;0;0;0;
33895;2297699;531386368;26337280;483139584;0;0;0;0;0;0;0;0;0;0;0;2083;0;0;0;0;0;0;
33896;4304883;531386368;26337280;483139584;0;0;0;0;0;0;0;0;0;0;0;1944;0;0;0;0;0;0;
33897;2599435;531386368;26337280;483139584;0;0;0;0;0;0;0;0;0;0;0;2786;0;0;0;0;0;0;
33898;5006138;537190400;34299904;491102208;0;0;0;0;0;0;0;0;0;0;0;2635;0;0;0;0;0;0;
33899;2390633;537190400;34299904;491102208;0;0;0;0;0;0;0;0;0;0;0;2375;0;0;0;0;0;0;
33900;4354256;537190400;34299904;491102208;0;0;0;0;0;0;0;0;0;0;0;2004;0;0;0;0;0;0;
33901;2294383;537190400;34299904;491102208;0;0;0;0;0;0;0;0;0;0;0;2245;0;0;0;0;0;0;
33902;4314090;537190400;34299904;491102208;0;0;0;0;0;0;0;0;0;0;0;2164;0;0;0;0;0;0;
33903;2266580;537190400;34299904;491102208;0;0;0;0;0;0;0;0;0;0;0;2274;0;0;0;0;0;0;
33904;4290286;537190400;34299904;491102208;0;0;0;0;0;0;0;0;0;0;0;1994;0;0;0;0;0;0;
33905;2251111;537190400;34299904;491102208;0;0;0;0;0;0;0;0;0;0;0;2204;0;0;0;0;0;0;
33906;4358954;537190400;34299904;491102208;0;0;0;0;0;0;0;0;0;0;0;2274;0;0;0;0;0;0;
33907;2548699;531386368;26337280;483139584;0;0;0;0;0;0;0;0;0;0;0;2294;0;0;0;0;0;0;
33908;4314060;531386368;26337280;483139584;0;0;0;0;0;0;0;0;0;0;0;2014;0;0;0;0;0;0;
33909;2358703;531386368;26337280;483139584;0;0;0;0;0;0;0;0;0;0;0;2715;0;0;0;0;0;0;
33910;4277422;531386368;26337280;483139584;0;0;0;0;0;0;0;0;0;0;0;2074;0;0;0;0;0;0;
33911;2370556;531386368;26337280;483139584;0;0;0;0;0;0;0;0;0;0;0;2495;0;0;0;0;0;0;
33912;4349747;531386368;26337280;483139584;0;0;0;0;0;0;0;0;0;0;0;2334;0;0;0;0;0;0;
33913;2405632;531386368;26337280;483139584;0;0;0;0;0;0;0;0;0;0;0;2345;0;0;0;0;0;0;
33914;4373833;531386368;26337280;483139584;0;0;0;0;0;0;0;0;0;0;0;2264;0;0;0;0;0;0;
33915;2348334;531386368;26337280;483139584;0;0;0;0;0;0;0;0;0;0;0;2575;0;0;0;0;0;0;
33916;4367291;531386368;26337280;483139584;0;0;0;0;0;0;0;0;0;0;0;2234;0;0;0;0;0;0;
33917;3164535;531386368;26337280;483139584;0;0;0;0;0;0;0;0;0;0;0;3276;0;0;0;0;0;0;
33918;4776968;531386368;26337280;483139584;0;0;0;0;0;0;0;0;0;0;0;2264;0;0;0;0;0;0;
33919;2281659;531386368;26337280;483139584;0;0;0;0;0;0;0;0;0;0;0;2375;0;0;0;0;0;0;
33920;4310403;531386368;26337280;483139584;0;0;0;0;0;0;0;0;0;0;0;2314;0;0;0;0;0;0;
33921;2299372;531386368;26337280;483139584;0;0;0;0;0;0;0;0;0;0;0;2645;0;0;0;0;0;0;
33922;4343185;531386368;26337280;483139584;0;0;0;0;0;0;0;0;0;0;0;2735;0;0;0;0;0;0;
33923;2296116;531386368;26337280;483139584;0;0;0;0;0;0;0;0;0;0;0;2454;0;0;0;0;0;0;
33924;5005537;537190400;34299904;491102208;0;0;0;0;0;0;0;0;0;0;0;2525;0;0;0;0;0;0;
33925;2430858;537190400;34299904;491102208;0;0;0;0;0;0;0;0;0;0;0;2575;0;0;0;0;0;0;
33926;4318589;537190400;34299904;491102208;0;0;0;0;0;0;0;0;0;0;0;2345;0;0;0;0;0;0;
33927;2285045;537190400;34299904;491102208;0;0;0;0;0;0;0;0;0;0;0;2284;0;0;0;0;0;0;
33928;4330612;537190400;34299904;491102208;0;0;0;0;0;0;0;0;0;0;0;2475;0;0;0;0;0;0;
33929;2372580;537190400;34299904;491102208;0;0;0;0;0;0;0;0;0;0;0;2364;0;0;0;0;0;0;
33930;4316415;537190400;34299904;491102208;0;0;0;0;0;0;0;0;0;0;0;2424;0;0;0;0;0;0;
33931;2375274;537190400;34299904;491102208;0;0;0;0;0;0;0;0;0;0;0;2044;0;0;0;0;0;0;
33932;4403939;537190400;34299904;491102208;0;0;0;0;0;0;0;0;0;0;0;2064;0;0;0;0;0;0;
33933;2552387;531386368;26337280;483139584;0;0;0;0;0;0;0;0;0;0;0;2304;0;0;0;0;0;0;
33934;4360718;531386368;26337280;483139584;0;0;0;0;0;0;0;0;0;0;0;2365;0;0;0;0;0;0;
33935;2347352;531386368;26337280;483139584;0;0;0;0;0;0;0;0;0;0;0;2505;0;0;0;0;0;0;
33936;4334429;531386368;26337280;483139584;0;0;0;0;0;0;0;0;0;0;0;2244;0;0;0;0;0;0;
33937;2445727;531386368;26337280;483139584;0;0;0;0;0;0;0;0;0;0;0;2404;0;0;0;0;0;0;
33938;4365176;531386368;26337280;483139584;0;0;0;0;0;0;0;0;0;0;0;2124;0;0;0;0;0;0;
33939;2323087;531386368;26337280;483139584;0;0;0;0;0;0;0;0;0;0;0;2554;0;0;0;0;0;0;
33940;4348866;531386368;26337280;483139584;0;0;0;0;0;0;0;0;0;0;0;2284;0;0;0;0;0;0;
33941;2392878;531386368;26337280;483139584;0;0;0;0;0;0;0;0;0;0;0;2495;0;0;0;0;0;0;
33942;4327486;531386368;26337280;483139584;0;0;0;0;0;0;0;0;0;0;0;1974;0;0;0;0;0;0;
33943;2414859;531386368;26337280;483139584;0;0;0;0;0;0;0;0;0;0;0;2495;0;0;0;0;0;0;
33944;4308130;531386368;26337280;483139584;0;0;0;0;0;0;0;0;0;0;0;2254;0;0;0;0;0;0;
33945;2363473;531386368;26337280;483139584;0;0;0;0;0;0;0;0;0;0;0;2325;0;0;0;0;0;0;
33946;4363964;531386368;26337280;483139584;0;0;0;0;0;0;0;0;0;0;0;2064;0;0;0;0;0;0;
33947;3245968;531386368;26337280;483139584;0;0;0;0;0;0;0;0;0;0;0;2524;0;0;0;0;0;0;
33948;5440022;537190400;34299904;491102208;0;0;0;0;0;0;0;0;0;0;0;1993;0;0;0;0;0;0;
33949;2564850;537190400;34299904;491102208;0;0;0;0;0;0;0;0;0;0;0;2304;0;0;0;0;0;0;
33950;4347894;537190400;34299904;491102208;0;0;0;0;0;0;0;0;0;0;0;2444;0;0;0;0;0;0;
33951;2360607;537190400;34299904;491102208;0;0;0;0;0;0;0;0;0;0;0;2685;0;0;0;0;0;0;
33952;4380866;537190400;34299904;491102208;0;0;0;0;0;0;0;0;0;0;0;2525;0;0;0;0;0;0;
33953;2362110;537190400;34299904;491102208;0;0;0;0;0;0;0;0;0;0;0;2815;0;0;0;0;0;0;
33954;4335861;537190400;34299904;491102208;0;0;0;0;0;0;0;0;0;0;0;2074;0;0;0;0;0;0;
33955;2329499;537190400;34299904;491102208;0;0;0;0;0;0;0;0;0;0;0;3046;0;0;0;0;0;0;
33956;4310614;537190400;34299904;491102208;0;0;0;0;0;0;0;0;0;0;0;2234;0;0;0;0;0;0;
33957;2692039;531386368;26337280;483139584;0;0;0;0;0;0;0;0;0;0;0;3086;0;0;0;0;0;0;
33958;4401284;531386368;26337280;483139584;0;0;0;0;0;0;0;0;0;0;0;2184;0;0;0;0;0;0;
33959;2342433;531386368;26337280;483139584;0;0;0;0;0;0;0;0;0;0;0;2936;0;0;0;0;0;0;
33960;4314842;531386368;26337280;483139584;0;0;0;0;0;0;0;0;0;0;0;2284;0;0;0;0;0;0;
33961;2369343;531386368;26337280;483139584;0;0;0;0;0;0;0;0;0;0;0;2544;0;0;0;0;0;0;
33962;4290567;531386368;26337280;483139584;0;0;0;0;0;0;0;0;0;0;0;2405;0;0;0;0;0;0;
33963;2424798;531386368;26337280;483139584;0;0;0;0;0;0;0;0;0;0;0;2705;0;0;0;0;0;0;
33964;4366900;531386368;26337280;483139584;0;0;0;0;0;0;0;0;0;0;0;2044;0;0;0;0;0;0;
33965;2290095;531386368;26337280;483139584;0;0;0;0;0;0;0;0;0;0;0;2364;0;0;0;0;0;0;
33966;4365577;531386368;26337280;483139584;0;0;0;0;0;0;0;0;0;0;0;2184;0;0;0;0;0;0;
33967;2373632;531386368;26337280;483139584;0;0;0;0;0;0;0;0;0;0;0;2665;0;0;0;0;0;0;
33968;4340730;531386368;26337280;483139584;0;0;0;0;0;0;0;0;0;0;0;2394;0;0;0;0;0;0;
33969;2341481;531386368;26337280;483139584;0;0;0;0;0;0;0;0;0;0;0;2485;0;0;0;0;0;0;
33970;4342363;531386368;26337280;483139584;0;0;0;0;0;0;0;0;0;0;0;2174;0;0;0;0;0;0;
33971;2610065;531386368;26337280;483139584;0;0;0;0;0;0;0;0;0;0;0;2284;0;0;0;0;0;0;
33972;5028861;537190400;34299904;491102208;0;0;0;0;0;0;0;0;0;0;0;2735;0;0;0;0;0;0;
33973;2597491;537190400;34299904;491102208;0;0;0;0;0;0;0;0;0;0;0;2905;0;0;0;0;0;0;
33974;4387338;537190400;34299904;491102208;0;0;0;0;0;0;0;0;0;0;0;2354;0;0;0;0;0;0;
33975;2492183;537190400;34299904;491102208;0;0;0;0;0;0;0;0;0;0;0;2474;0;0;0;0;0;0;
33976;4402737;537190400;34299904;491102208;0;0;0;0;0;0;0;0;0;0;0;2434;0;0;0;0;0;0;
33977;3254804;537190400;34299904;491102208;0;0;0;0;0;0;0;0;0;0;0;3226;0;0;0;0;0;0;
33978;4493487;537190400;34299904;491102208;0;0;0;0;0;0;0;0;0;0;0;2184;0;0;0;0;0;0;
33979;2325792;537190400;34299904;491102208;0;0;0;0;0;0;0;0;0;0;0;2365;0;0;0;0;0;0;
33980;4321274;537190400;34299904;491102208;0;0;0;0;0;0;0;0;0;0;0;2124;0;0;0;0;0;0;
33981;2693081;531386368;26337280;483139584;0;0;0;0;0;0;0;0;0;0;0;2624;0;0;0;0;0;0;
33982;4328889;531386368;26337280;483139584;0;0;0;0;0;0;0;0;0;0;0;2234;0;0;0;0;0;0;
33983;2428294;531386368;26337280;483139584;0;0;0;0;0;0;0;0;0;0;0;2445;0;0;0;0;0;0;
33984;4351681;531386368;26337280;483139584;0;0;0;0;0;0;0;0;0;0;0;2074;0;0;0;0;0;0;
33985;2299202;531386368;26337280;483139584;0;0;0;0;0;0;0;0;0;0;0;2304;0;0;0;0;0;0;
33986;4350108;531386368;26337280;483139584;0;0;0;0;0;0;0;0;0;0;0;2355;0;0;0;0;0;0;
33987;2316765;531386368;26337280;483139584;0;0;0;0;0;0;0;0;0;0;0;2595;0;0;0;0;0;0;
33988;4335441;531386368;26337280;483139584;0;0;0;0;0;0;0;0;0;0;0;2214;0;0;0;0;0;0;
33989;2359675;531386368;26337280;483139584;0;0;0;0;0;0;0;0;0;0;0;2595;0;0;0;0;0;0;
33990;4294023;531386368;26337280;483139584;0;0;0;0;0;0;0;0;0;0;0;2365;0;0;0;0;0;0;
33991;2266881;531386368;26337280;483139584;0;0;0;0;0;0;0;0;0;0;0;2464;0;0;0;0;0;0;
33992;4342504;531386368;26337280;483139584;0;0;0;0;0;0;0;0;0;0;0;2425;0;0;0;0;0;0;
33993;2298040;531386368;26337280;483139584;0;0;0;0;0;0;0;0;0;0;0;2164;0;0;0;0;0;0;
33994;4344136;531386368;26337280;483139584;0;0;0;0;0;0;0;0;0;0;0;2254;0;0;0;0;0;0;
33995;2299573;531386368;26337280;483139584;0;0;0;0;0;0;0;0;0;0;0;2315;0;0;0;0;0;0;
33996;4336813;531386368;26337280;483139584;0;0;0;0;0;0;0;0;0;0;0;2224;0;0;0;0;0;0;
33997;2332224;531386368;26337280;483139584;0;0;0;0;0;0;0;0;0;0;0;2425;0;0;0;0;0;0;
33998;5008102;537190400;34299904;491102208;0;0;0;0;0;0;0;0;0;0;0;2976;0;0;0;0;0;0;
33999;2415400;537190400;34299904;491102208;0;0;0;0;0;0;0;0;0;0;0;2585;0;0;0;0;0;0;
34000;4358404;537190400;34299904;491102208;0;0;0;0;0;0;0;0;0;0;0;2254;0;0;0;0;0;0;
34001;2307748;537190400;34299904;491102208;0;0;0;0;0;0;0;0;0;0;0;2635;0;0;0;0;0;0;
34002;4328538;537190400;34299904;491102208;0;0;0;0;0;0;0;0;0;0;0;2134;0;0;0;0;0;0;
34003;2400812;537190400;34299904;491102208;0;0;0;0;0;0;0;0;0;0;0;2344;0;0;0;0;0;0;
34004;4289314;537190400;34299904;491102208;0;0;0;0;0;0;0;0;0;0;0;2054;0;0;0;0;0;0;
34005;2356499;537190400;34299904;491102208;0;0;0;0;0;0;0;0;0;0;0;3016;0;0;0;0;0;0;
34006;4385865;537190400;34299904;491102208;0;0;0;0;0;0;0;0;0;0;0;2004;0;0;0;0;0;0;
34007;3202886;531386368;26337280;483139584;0;0;0;0;0;0;0;0;0;0;0;2906;0;0;0;0;0;0;
34008;4803900;531386368;26337280;483139584;0;0;0;0;0;0;0;0;0;0;0;2314;0;0;0;0;0;0;
34009;2299432;531386368;26337280;483139584;0;0;0;0;0;0;0;0;0;0;0;2455;0;0;0;0;0;0;
34010;4306897;531386368;26337280;483139584;0;0;0;0;0;0;0;0;0;0;0;1944;0;0;0;0;0;0;
34011;2386395;531386368;26337280;483139584;0;0;0;0;0;0;0;0;0;0;0;2154;0;0;0;0;0;0;
34012;4330992;531386368;26337280;483139584;0;0;0;0;0;0;0;0;0;0;0;2024;0;0;0;0;0;0;
34013;2316143;531386368;26337280;483139584;0;0;0;0;0;0;0;0;0;0;0;2455;0;0;0;0;0;0;
34014;4382419;531386368;26337280;483139584;0;0;0;0;0;0;0;0;0;0;0;2185;0;0;0;0;0;0;
34015;2312377;531386368;26337280;483139584;0;0;0;0;0;0;0;0;0;0;0;2004;0;0;0;0;0;0;
34016;4310814;531386368;26337280;483139584;0;0;0;0;0;0;0;0;0;0;0;1783;0;0;0;0;0;0;
34017;2296467;531386368;26337280;483139584;0;0;0;0;0;0;0;0;0;0;0;2715;0;0;0;0;0;0;
34018;4396114;531386368;26337280;483139584;0;0;0;0;0;0;0;0;0;0;0;2194;0;0;0;0;0;0;
34019;2335601;531386368;26337280;483139584;0;0;0;0;0;0;0;0;0;0;0;2304;0;0;0;0;0;0;
34020;4315844;531386368;26337280;483139584;0;0;0;0;0;0;0;0;0;0;0;1983;0;0;0;0;0;0;
34021;2629121;531386368;26337280;483139584;0;0;0;0;0;0;0;0;0;0;0;2544;0;0;0;0;0;0;
34022;5125662;537190400;34299904;491102208;0;0;0;0;0;0;0;0;0;0;0;2604;0;0;0;0;0;0;
34023;2548459;537190400;34299904;491102208;0;0;0;0;0;0;0;0;0;0;0;2705;0;0;0;0;0;0;
34024;4377479;537190400;34299904;491102208;0;0;0;0;0;0;0;0;0;0;0;2164;0;0;0;0;0;0;
34025;2491884;537190400;34299904;491102208;0;0;0;0;0;0;0;0;0;0;0;2775;0;0;0;0;0;0;
34026;4364795;537190400;34299904;491102208;0;0;0;0;0;0;0;0;0;0;0;2124;0;0;0;0;0;0;
34027;2440928;537190400;34299904;491102208;0;0;0;0;0;0;0;0;0;0;0;2264;0;0;0;0;0;0;
34028;4342484;537190400;34299904;491102208;0;0;0;0;0;0;0;0;0;0;0;2174;0;0;0;0;0;0;
34029;2396474;537190400;34299904;491102208;0;0;0;0;0;0;0;0;0;0;0;2675;0;0;0;0;0;0;
34030;4362452;537190400;34299904;491102208;0;0;0;0;0;0;0;0;0;0;0;2134;0;0;0;0;0;0;
34031;2644730;531386368;26337280;483139584;0;0;0;0;0;0;0;0;0;0;0;2655;0;0;0;0;0;0;
34032;4350409;531386368;26337280;483139584;0;0;0;0;0;0;0;0;0;0;0;8626;0;0;0;0;0;0;
34033;2379653;531386368;26337280;483139584;0;0;0;0;0;0;0;0;0;0;0;2915;0;0;0;0;0;0;
34034;4361890;531386368;26337280;483139584;0;0;0;0;0;0;0;0;0;0;0;2284;0;0;0;0;0;0;
34035;2372960;531386368;26337280;483139584;0;0;0;0;0;0;0;0;0;0;0;2505;0;0;0;0;0;0;
34036;4399571;531386368;26337280;483139584;0;0;0;0;0;0;0;0;0;0;0;2334;0;0;0;0;0;0;
34037;2832572;531386368;26337280;483139584;0;0;0;0;0;0;0;0;0;0;0;3437;0;0;0;0;0;0;
34038;4726885;531386368;26337280;483139584;0;0;0;0;0;0;0;0;0;0;0;2545;0;0;0;0;0;0;
34039;2471264;531386368;26337280;483139584;0;0;0;0;0;0;0;0;0;0;0;2424;0;0;0;0;0;0;
34040;4332826;531386368;26337280;483139584;0;0;0;0;0;0;0;0;0;0;0;1954;0;0;0;0;0;0;
34041;2377589;531386368;26337280;483139584;0;0;0;0;0;0;0;0;0;0;0;2465;0;0;0;0;0;0;
34042;4354596;531386368;26337280;483139584;0;0;0;0;0;0;0;0;0;0;0;2464;0;0;0;0;0;0;
34043;2322606;531386368;26337280;483139584;0;0;0;0;0;0;0;0;0;0;0;2355;0;0;0;0;0;0;
34044;4306206;531386368;26337280;483139584;0;0;0;0;0;0;0;0;0;0;0;2184;0;0;0;0;0;0;
34045;2597160;531386368;26337280;483139584;0;0;0;0;0;0;0;0;0;0;0;2415;0;0;0;0;0;0;
34046;5022759;537190400;34299904;491102208;0;0;0;0;0;0;0;0;0;0;0;2334;0;0;0;0;0;0;
34047;2480992;537190400;34299904;491102208;0;0;0;0;0;0;0;0;0;0;0;2424;0;0;0;0;0;0;
34048;4402816;537190400;34299904;491102208;0;0;0;0;0;0;0;0;0;0;0;2174;0;0;0;0;0;0;
34049;2308640;537190400;34299904;491102208;0;0;0;0;0;0;0;0;0;0;0;2685;0;0;0;0;0;0;
34050;4345950;537190400;34299904;491102208;0;0;0;0;0;0;0;0;0;0;0;2375;0;0;0;0;0;0;
34051;2321634;537190400;34299904;491102208;0;0;0;0;0;0;0;0;0;0;0;2364;0;0;0;0;0;0;
34052;4354897;537190400;34299904;491102208;0;0;0;0;0;0;0;0;0;0;0;2013;0;0;0;0;0;0;
34053;2340119;537190400;34299904;491102208;0;0;0;0;0;0;0;0;0;0;0;2214;0;0;0;0;0;0;
34054;4364475;537190400;34299904;491102208;0;0;0;0;0;0;0;0;0;0;0;1953;0;0;0;0;0;0;
34055;2569268;531386368;26337280;483139584;0;0;0;0;0;0;0;0;0;0;0;2625;0;0;0;0;0;0;
34056;4361419;531386368;26337280;483139584;0;0;0;0;0;0;0;0;0;0;0;2334;0;0;0;0;0;0;
34057;2355608;531386368;26337280;483139584;0;0;0;0;0;0;0;0;0;0;0;2795;0;0;0;0;0;0;
34058;4326504;531386368;26337280;483139584;0;0;0;0;0;0;0;0;0;0;0;2465;0;0;0;0;0;0;
34059;2356940;531386368;26337280;483139584;0;0;0;0;0;0;0;0;0;0;0;2244;0;0;0;0;0;0;
34060;4318419;531386368;26337280;483139584;0;0;0;0;0;0;0;0;0;0;0;2014;0;0;0;0;0;0;
34061;2328376;531386368;26337280;483139584;0;0;0;0;0;0;0;0;0;0;0;3046;0;0;0;0;0;0;
34062;4331944;531386368;26337280;483139584;0;0;0;0;0;0;0;0;0;0;0;2194;0;0;0;0;0;0;
34063;2401664;531386368;26337280;483139584;0;0;0;0;0;0;0;0;0;0;0;2074;0;0;0;0;0;0;
34064;4285316;531386368;26337280;483139584;0;0;0;0;0;0;0;0;0;0;0;2414;0;0;0;0;0;0;
34065;2454564;531386368;26337280;483139584;0;0;0;0;0;0;0;0;0;0;0;2184;0;0;0;0;0;0;
34066;4360527;531386368;26337280;483139584;0;0;0;0;0;0;0;0;0;0;0;2084;0;0;0;0;0;0;
34067;2365626;531386368;26337280;483139584;0;0;0;0;0;0;0;0;0;0;0;2294;0;0;0;0;0;0;
34068;4672553;531386368;26337280;483139584;0;0;0;0;0;0;0;0;0;0;0;2775;0;0;0;0;0;0;
34069;3377975;531386368;26337280;483139584;0;0;0;0;0;0;0;0;0;0;0;2815;0;0;0;0;0;0;
34070;4393199;531386368;26337280;483139584;0;0;0;0;0;0;0;0;0;0;0;2114;0;0;0;0;0;0;
34071;2332675;531386368;26337280;483139584;0;0;0;0;0;0;0;0;0;0;0;2544;0;0;0;0;0;0;
34072;5012911;537190400;34299904;491102208;0;0;0;0;0;0;0;0;0;0;0;2355;0;0;0;0;0;0;
34073;2448612;537190400;34299904;491102208;0;0;0;0;0;0;0;0;0;0;0;2685;0;0;0;0;0;0;
34074;4420510;537190400;34299904;491102208;0;0;0;0;0;0;0;0;0;0;0;2274;0;0;0;0;0;0;
34075;2286107;537190400;34299904;491102208;0;0;0;0;0;0;0;0;0;0;0;2374;0;0;0;0;0;0;
34076;4354336;537190400;34299904;491102208;0;0;0;0;0;0;0;0;0;0;0;2204;0;0;0;0;0;0;
34077;2367409;537190400;34299904;491102208;0;0;0;0;0;0;0;0;0;0;0;2454;0;0;0;0;0;0;
34078;4348275;537190400;34299904;491102208;0;0;0;0;0;0;0;0;0;0;0;2505;0;0;0;0;0;0;
34079;2281950;537190400;34299904;491102208;0;0;0;0;0;0;0;0;0;0;0;2185;0;0;0;0;0;0;
34080;4433274;537190400;34299904;491102208;0;0;0;0;0;0;0;0;0;0;0;1914;0;0;0;0;0;0;
34081;2576381;531386368;26337280;483139584;0;0;0;0;0;0;0;0;0;0;0;2585;0;0;0;0;0;0;
34082;4409830;531386368;26337280;483139584;0;0;0;0;0;0;0;0;0;0;0;2695;0;0;0;0;0;0;
34083;2295715;531386368;26337280;483139584;0;0;0;0;0;0;0;0;0;0;0;2595;0;0;0;0;0;0;
34084;4291899;531386368;26337280;483139584;0;0;0;0;0;0;0;0;0;0;0;2224;0;0;0;0;0;0;
34085;2343295;531386368;26337280;483139584;0;0;0;0;0;0;0;0;0;0;0;2504;0;0;0;0;0;0;
34086;4343014;531386368;26337280;483139584;0;0;0;0;0;0;0;0;0;0;0;2014;0;0;0;0;0;0;
34087;2326343;531386368;26337280;483139584;0;0;0;0;0;0;0;0;0;0;0;2014;0;0;0;0;0;0;
34088;4352693;531386368;26337280;483139584;0;0;0;0;0;0;0;0;0;0;0;2023;0;0;0;0;0;0;
34089;2321493;531386368;26337280;483139584;0;0;0;0;0;0;0;0;0;0;0;2124;0;0;0;0;0;0;
34090;4413548;531386368;26337280;483139584;0;0;0;0;0;0;0;0;0;0;0;1903;0;0;0;0;0;0;
34091;2430068;531386368;26337280;483139584;0;0;0;0;0;0;0;0;0;0;0;2124;0;0;0;0;0;0;
34092;4316675;531386368;26337280;483139584;0;0;0;0;0;0;0;0;0;0;0;2224;0;0;0;0;0;0;
34093;2358954;531386368;26337280;483139584;0;0;0;0;0;0;0;0;0;0;0;2465;0;0;0;0;0;0;
34094;4351009;531386368;26337280;483139584;0;0;0;0;0;0;0;0;0;0;0;2234;0;0;0;0;0;0;
34095;2620815;531386368;26337280;483139584;0;0;0;0;0;0;0;0;0;0;0;2024;0;0;0;0;0;0;
34096;5108871;537190400;34299904;491102208;0;0;0;0;0;0;0;0;0;0;0;2154;0;0;0;0;0;0;
34097;2556254;537190400;34299904;491102208;0;0;0;0;0;0;0;0;0;0;0;2565;0;0;0;0;0;0;
34098;4448683;537190400;34299904;491102208;0;0;0;0;0;0;0;0;0;0;0;2214;0;0;0;0;0;0;
34099;3399285;537190400;34299904;491102208;0;0;0;0;0;0;0;0;0;0;0;3206;0;0;0;0;0;0;
34100;4703491;537190400;34299904;491102208;0;0;0;0;0;0;0;0;0;0;0;2615;0;0;0;0;0;0;
34101;2443813;537190400;34299904;491102208;0;0;0;0;0;0;0;0;0;0;0;2494;0;0;0;0;0;0;
34102;4302399;537190400;34299904;491102208;0;0;0;0;0;0;0;0;0;0;0;2074;0;0;0;0;0;0;
34103;2280998;537190400;34299904;491102208;0;0;0;0;0;0;0;0;0;0;0;2063;0;0;0;0;0;0;
34104;7332421;537190400;34299904;491102208;0;0;0;0;0;0;0;0;0;0;0;1813;0;0;0;0;0;0;
34105;8554483;531386368;26337280;483139584;0;0;0;0;0;0;0;0;0;0;0;2294;0;0;0;0;0;0;
34106;4430159;531386368;26337280;483139584;0;0;0;0;0;0;0;0;0;0;0;1723;0;0;0;0;0;0;
34107;2280627;531386368;26337280;483139584;0;0;0;0;0;0;0;0;0;0;0;2575;0;0;0;0;0;0;
34108;4316145;531386368;26337280;483139584;0;0;0;0;0;0;0;0;0;0;0;1984;0;0;0;0;0;0;
34109;2493917;531386368;26337280;483139584;0;0;0;0;0;0;0;0;0;0;0;2164;0;0;0;0;0;0;
34110;4373932;531386368;26337280;483139584;0;0;0;0;0;0;0;0;0;0;0;1904;0;0;0;0;0;0;
34111;2293882;531386368;26337280;483139584;0;0;0;0;0;0;0;0;0;0;0;2625;0;0;0;0;0;0;
34112;4399591;531386368;26337280;483139584;0;0;0;0;0;0;0;0;0;0;0;2464;0;0;0;0;0;0;
34113;2312076;531386368;26337280;483139584;0;0;0;0;0;0;0;0;0;0;0;2385;0;0;0;0;0;0;
34114;4403138;531386368;26337280;483139584;0;0;0;0;0;0;0;0;0;0;0;2265;0;0;0;0;0;0;
34115;2380765;531386368;26337280;483139584;0;0;0;0;0;0;0;0;0;0;0;2495;0;0;0;0;0;0;
34116;4397627;531386368;26337280;483139584;0;0;0;0;0;0;0;0;0;0;0;2595;0;0;0;0;0;0;
34117;2380053;531386368;26337280;483139584;0;0;0;0;0;0;0;0;0;0;0;2966;0;0;0;0;0;0;
34118;4390434;531386368;26337280;483139584;0;0;0;0;0;0;0;0;0;0;0;1993;0;0;0;0;0;0;
34119;2569128;531386368;26337280;483139584;0;0;0;0;0;0;0;0;0;0;0;2184;0;0;0;0;0;0;
34120;5029412;537190400;34299904;491102208;0;0;0;0;0;0;0;0;0;0;0;2786;0;0;0;0;0;0;
34121;2602381;537190400;34299904;491102208;0;0;0;0;0;0;0;0;0;0;0;2505;0;0;0;0;0;0;
34122;4364335;537190400;34299904;491102208;0;0;0;0;0;0;0;0;0;0;0;2184;0;0;0;0;0;0;
34123;2433845;537190400;34299904;491102208;0;0;0;0;0;0;0;0;0;0;0;2415;0;0;0;0;0;0;
34124;4363814;537190400;34299904;491102208;0;0;0;0;0;0;0;0;0;0;0;2324;0;0;0;0;0;0;
34125;2418716;537190400;34299904;491102208;0;0;0;0;0;0;0;0;0;0;0;2695;0;0;0;0;0;0;
34126;4362020;537190400;34299904;491102208;0;0;0;0;0;0;0;0;0;0;0;1884;0;0;0;0;0;0;
34127;3307904;537190400;34299904;491102208;0;0;0;0;0;0;0;0;0;0;0;3386;0;0;0;0;0;0;
34128;4326995;537190400;34299904;491102208;0;0;0;0;0;0;0;0;0;0;0;2014;0;0;0;0;0;0;
34129;2743525;531386368;26337280;483139584;0;0;0;0;0;0;0;0;0;0;0;2605;0;0;0;0;0;0;
34130;4375927;531386368;26337280;483139584;0;0;0;0;0;0;0;0;0;0;0;2375;0;0;0;0;0;0;
34131;2316665;531386368;26337280;483139584;0;0;0;0;0;0;0;0;0;0;0;2304;0;0;0;0;0;0;
34132;4345039;531386368;26337280;483139584;0;0;0;0;0;0;0;0;0;0;0;2164;0;0;0;0;0;0;
34133;2353173;531386368;26337280;483139584;0;0;0;0;0;0;0;0;0;0;0;2555;0;0;0;0;0;0;
34134;4365557;531386368;26337280;483139584;0;0;0;0;0;0;0;0;0;0;0;2215;0;0;0;0;0;0;
34135;2327535;531386368;26337280;483139584;0;0;0;0;0;0;0;0;0;0;0;2735;0;0;0;0;0;0;
34136;4353915;531386368;26337280;483139584;0;0;0;0;0;0;0;0;0;0;0;2345;0;0;0;0;0;0;
34137;2349036;531386368;26337280;483139584;0;0;0;0;0;0;0;0;0;0;0;2685;0;0;0;0;0;0;
34138;4318248;531386368;26337280;483139584;0;0;0;0;0;0;0;0;0;0;0;2194;0;0;0;0;0;0;
34139;2339437;531386368;26337280;483139584;0;0;0;0;0;0;0;0;0;0;0;2605;0;0;0;0;0;0;
34140;4337785;531386368;26337280;483139584;0;0;0;0;0;0;0;0;0;0;0;2535;0;0;0;0;0;0;
34141;2402466;531386368;26337280;483139584;0;0;0;0;0;0;0;0;0;0;0;2796;0;0;0;0;0;0;
34142;4364465;531386368;26337280;483139584;0;0;0;0;0;0;0;0;0;0;0;2535;0;0;0;0;0;0;
34143;2375845;531386368;26337280;483139584;0;0;0;0;0;0;0;0;0;0;0;2705;0;0;0;0;0;0;
34144;4402176;531386368;26337280;483139584;0;0;0;0;0;0;0;0;0;0;0;2324;0;0;0;0;0;0;
34145;2330681;531386368;26337280;483139584;0;0;0;0;0;0;0;0;0;0;0;2344;0;0;0;0;0;0;
34146;5051634;537190400;34299904;491102208;0;0;0;0;0;0;0;0;0;0;0;2525;0;0;0;0;0;0;
34147;2440206;537190400;34299904;491102208;0;0;0;0;0;0;0;0;0;0;0;2665;0;0;0;0;0;0;
34148;4354897;537190400;34299904;491102208;0;0;0;0;0;0;0;0;0;0;0;1944;0;0;0;0;0;0;
34149;2426370;537190400;34299904;491102208;0;0;0;0;0;0;0;0;0;0;0;2415;0;0;0;0;0;0;
34150;4398749;537190400;34299904;491102208;0;0;0;0;0;0;0;0;0;0;0;2164;0;0;0;0;0;0;
34151;2290876;537190400;34299904;491102208;0;0;0;0;0;0;0;0;0;0;0;2154;0;0;0;0;0;0;
34152;4325382;537190400;34299904;491102208;0;0;0;0;0;0;0;0;0;0;0;1953;0;0;0;0;0;0;
34153;2281799;537190400;34299904;491102208;0;0;0;0;0;0;0;0;0;0;0;2495;0;0;0;0;0;0;
34154;4441810;537190400;34299904;491102208;0;0;0;0;0;0;0;0;0;0;0;2174;0;0;0;0;0;0;
34155;2569229;531386368;26337280;483139584;0;0;0;0;0;0;0;0;0;0;0;2485;0;0;0;0;0;0;
34156;4405572;531386368;26337280;483139584;0;0;0;0;0;0;0;0;0;0;0;2114;0;0;0;0;0;0;
34157;3055811;531386368;26337280;483139584;0;0;0;0;0;0;0;0;0;0;0;3266;0;0;0;0;0;0;
34158;4812135;531386368;26337280;483139584;0;0;0;0;0;0;0;0;0;0;0;2845;0;0;0;0;0;0;
34159;2491292;531386368;26337280;483139584;0;0;0;0;0;0;0;0;0;0;0;2635;0;0;0;0;0;0;
34160;4375916;531386368;26337280;483139584;0;0;0;0;0;0;0;0;0;0;0;2485;0;0;0;0;0;0;
34161;2324219;531386368;26337280;483139584;0;0;0;0;0;0;0;0;0;0;0;2465;0;0;0;0;0;0;
34162;4460345;531386368;26337280;483139584;0;0;0;0;0;0;0;0;0;0;0;2355;0;0;0;0;0;0;
34163;2309761;531386368;26337280;483139584;0;0;0;0;0;0;0;0;0;0;0;2535;0;0;0;0;0;0;
34164;4445357;531386368;26337280;483139584;0;0;0;0;0;0;0;0;0;0;0;2345;0;0;0;0;0;0;
34165;2359284;531386368;26337280;483139584;0;0;0;0;0;0;0;0;0;0;0;2384;0;0;0;0;0;0;
34166;4405812;531386368;26337280;483139584;0;0;0;0;0;0;0;0;0;0;0;2104;0;0;0;0;0;0;
34167;2202560;531386368;26337280;483139584;0;0;0;0;0;0;0;0;0;0;0;2294;0;0;0;0;0;0;
34168;4350158;531386368;26337280;483139584;0;0;0;0;0;0;0;0;0;0;0;1923;0;0;0;0;0;0;
34169;2505699;531386368;26337280;483139584;0;0;0;0;0;0;0;0;0;0;0;2284;0;0;0;0;0;0;
34170;5116405;537190400;34299904;491102208;0;0;0;0;0;0;0;0;0;0;0;2264;0;0;0;0;0;0;
34171;2478679;537190400;34299904;491102208;0;0;0;0;0;0;0;0;0;0;0;2625;0;0;0;0;0;0;
34172;4496022;537190400;34299904;491102208;0;0;0;0;0;0;0;0;0;0;0;2324;0;0;0;0;0;0;
34173;2316965;537190400;34299904;491102208;0;0;0;0;0;0;0;0;0;0;0;2465;0;0;0;0;0;0;
34174;4360498;537190400;34299904;491102208;0;0;0;0;0;0;0;0;0;0;0;2224;0;0;0;0;0;0;
34175;2363172;537190400;34299904;491102208;0;0;0;0;0;0;0;0;0;0;0;2424;0;0;0;0;0;0;
34176;4476485;537190400;34299904;491102208;0;0;0;0;0;0;0;0;0;0;0;2244;0;0;0;0;0;0;
34177;2347542;537190400;34299904;491102208;0;0;0;0;0;0;0;0;0;0;0;2535;0;0;0;0;0;0;
34178;4386957;537190400;34299904;491102208;0;0;0;0;0;0;0;0;0;0;0;2324;0;0;0;0;0;0;
34179;2547026;531386368;26337280;483139584;0;0;0;0;0;0;0;0;0;0;0;2725;0;0;0;0;0;0;
34180;4418667;531386368;26337280;483139584;0;0;0;0;0;0;0;0;0;0;0;2405;0;0;0;0;0;0;
34181;2299883;531386368;26337280;483139584;0;0;0;0;0;0;0;0;0;0;0;2475;0;0;0;0;0;0;
34182;4418787;531386368;26337280;483139584;0;0;0;0;0;0;0;0;0;0;0;2294;0;0;0;0;0;0;
34183;2352241;531386368;26337280;483139584;0;0;0;0;0;0;0;0;0;0;0;2394;0;0;0;0;0;0;
34184;4395854;531386368;26337280;483139584;0;0;0;0;0;0;0;0;0;0;0;2375;0;0;0;0;0;0;
34185;2296567;531386368;26337280;483139584;0;0;0;0;0;0;0;0;0;0;0;2836;0;0;0;0;0;0;
34186;4396625;531386368;26337280;483139584;0;0;0;0;0;0;0;0;0;0;0;2184;0;0;0;0;0;0;
34187;2805461;531386368;26337280;483139584;0;0;0;0;0;0;0;0;0;0;0;2895;0;0;0;0;0;0;
34188;4713058;531386368;26337280;483139584;0;0;0;0;0;0;0;0;0;0;0;2745;0;0;0;0;0;0;
34189;2480101;531386368;26337280;483139584;0;0;0;0;0;0;0;0;0;0;0;2544;0;0;0;0;0;0;
34190;4408317;531386368;26337280;483139584;0;0;0;0;0;0;0;0;0;0;0;2034;0;0;0;0;0;0;
34191;2277260;531386368;26337280;483139584;0;0;0;0;0;0;0;0;0;0;0;2164;0;0;0;0;0;0;
34192;4348104;531386368;26337280;483139584;0;0;0;0;0;0;0;0;0;0;0;2165;0;0;0;0;0;0;
34193;2556635;531386368;26337280;483139584;0;0;0;0;0;0;0;0;0;0;0;2294;0;0;0;0;0;0;
34194;5101778;537190400;34299904;491102208;0;0;0;0;0;0;0;0;0;0;0;2264;0;0;0;0;0;0;
34195;2517200;537190400;34299904;491102208;0;0;0;0;0;0;0;0;0;0;0;2255;0;0;0;0;0;0;
34196;4433144;537190400;34299904;491102208;0;0;0;0;0;0;0;0;0;0;0;2034;0;0;0;0;0;0;
34197;2376657;537190400;34299904;491102208;0;0;0;0;0;0;0;0;0;0;0;2474;0;0;0;0;0;0;
34198;4426521;537190400;34299904;491102208;0;0;0;0;0;0;0;0;0;0;0;2194;0;0;0;0;0;0;
34199;2302929;537190400;34299904;491102208;0;0;0;0;0;0;0;0;0;0;0;2364;0;0;0;0;0;0;
34200;4319150;537190400;34299904;491102208;0;0;0;0;0;0;0;0;0;0;0;1934;0;0;0;0;0;0;
34201;2420489;537190400;34299904;491102208;0;0;0;0;0;0;0;0;0;0;0;2544;0;0;0;0;0;0;
34202;4378562;537190400;34299904;491102208;0;0;0;0;0;0;0;0;0;0;0;1893;0;0;0;0;0;0;
34203;2565792;531386368;26337280;483139584;0;0;0;0;0;0;0;0;0;0;0;2414;0;0;0;0;0;0;
34204;4400332;531386368;26337280;483139584;0;0;0;0;0;0;0;0;0;0;0;2194;0;0;0;0;0;0;
34205;2242686;531386368;26337280;483139584;0;0;0;0;0;0;0;0;0;0;0;2585;0;0;0;0;0;0;
34206;4398660;531386368;26337280;483139584;0;0;0;0;0;0;0;0;0;0;0;2164;0;0;0;0;0;0;
34207;2294814;531386368;26337280;483139584;0;0;0;0;0;0;0;0;0;0;0;2284;0;0;0;0;0;0;
34208;4410872;531386368;26337280;483139584;0;0;0;0;0;0;0;0;0;0;0;2265;0;0;0;0;0;0;
34209;2260489;531386368;26337280;483139584;0;0;0;0;0;0;0;0;0;0;0;2525;0;0;0;0;0;0;
34210;4433073;531386368;26337280;483139584;0;0;0;0;0;0;0;0;0;0;0;2204;0;0;0;0;0;0;
34211;2176411;531386368;26337280;483139584;0;0;0;0;0;0;0;0;0;0;0;2094;0;0;0;0;0;0;
34212;4333187;531386368;26337280;483139584;0;0;0;0;0;0;0;0;0;0;0;2355;0;0;0;0;0;0;
34213;2225684;531386368;26337280;483139584;0;0;0;0;0;0;0;0;0;0;0;2575;0;0;0;0;0;0;
34214;4327496;531386368;26337280;483139584;0;0;0;0;0;0;0;0;0;0;0;2094;0;0;0;0;0;0;
34215;2232517;531386368;26337280;483139584;0;0;0;0;0;0;0;0;0;0;0;2134;0;0;0;0;0;0;
34216;4356780;531386368;26337280;483139584;0;0;0;0;0;0;0;0;0;0;0;1964;0;0;0;0;0;0;
34217;2659587;531386368;26337280;483139584;0;0;0;0;0;0;0;0;0;0;0;3196;0;0;0;0;0;0;
34218;4768011;531386368;26337280;483139584;0;0;0;0;0;0;0;0;0;0;0;2965;0;0;0;0;0;0;
34219;2583475;531386368;26337280;483139584;0;0;0;0;0;0;0;0;0;0;0;2365;0;0;0;0;0;0;
34220;5024914;537190400;34299904;491102208;0;0;0;0;0;0;0;0;0;0;0;2395;0;0;0;0;0;0;
34221;2455144;537190400;34299904;491102208;0;0;0;0;0;0;0;0;0;0;0;3056;0;0;0;0;0;0;
34222;4440488;537190400;34299904;491102208;0;0;0;0;0;0;0;0;0;0;0;2736;0;0;0;0;0;0;
34223;2287019;537190400;34299904;491102208;0;0;0;0;0;0;0;0;0;0;0;2495;0;0;0;0;0;0;
34224;4384803;537190400;34299904;491102208;0;0;0;0;0;0;0;0;0;0;0;2364;0;0;0;0;0;0;
34225;2334568;537190400;34299904;491102208;0;0;0;0;0;0;0;0;0;0;0;2494;0;0;0;0;0;0;
34226;4415871;537190400;34299904;491102208;0;0;0;0;0;0;0;0;0;0;0;2585;0;0;0;0;0;0;
34227;2280487;537190400;34299904;491102208;0;0;0;0;0;0;0;0;0;0;0;2545;0;0;0;0;0;0;
34228;4390654;537190400;34299904;491102208;0;0;0;0;0;0;0;0;0;0;0;2184;0;0;0;0;0;0;
34229;2623610;531386368;26337280;483139584;0;0;0;0;0;0;0;0;0;0;0;2725;0;0;0;0;0;0;
34230;4474822;531386368;26337280;483139584;0;0;0;0;0;0;0;0;0;0;0;2545;0;0;0;0;0;0;
34231;2328838;531386368;26337280;483139584;0;0;0;0;0;0;0;0;0;0;0;2405;0;0;0;0;0;0;
34232;4413817;531386368;26337280;483139584;0;0;0;0;0;0;0;0;0;0;0;2335;0;0;0;0;0;0;
34233;2344517;531386368;26337280;483139584;0;0;0;0;0;0;0;0;0;0;0;2515;0;0;0;0;0;0;
34234;4392488;531386368;26337280;483139584;0;0;0;0;0;0;0;0;0;0;0;2004;0;0;0;0;0;0;
34235;2292399;531386368;26337280;483139584;0;0;0;0;0;0;0;0;0;0;0;2805;0;0;0;0;0;0;
34236;4376157;531386368;26337280;483139584;0;0;0;0;0;0;0;0;0;0;0;2555;0;0;0;0;0;0;
34237;2353214;531386368;26337280;483139584;0;0;0;0;0;0;0;0;0;0;0;2835;0;0;0;0;0;0;
34238;4420399;531386368;26337280;483139584;0;0;0;0;0;0;0;0;0;0;0;2455;0;0;0;0;0;0;
34239;2277652;531386368;26337280;483139584;0;0;0;0;0;0;0;0;0;0;0;2494;0;0;0;0;0;0;
34240;4435067;531386368;26337280;483139584;0;0;0;0;0;0;0;0;0;0;0;2515;0;0;0;0;0;0;
34241;2251312;531386368;26337280;483139584;0;0;0;0;0;0;0;0;0;0;0;2234;0;0;0;0;0;0;
34242;4353755;531386368;26337280;483139584;0;0;0;0;0;0;0;0;0;0;0;2355;0;0;0;0;0;0;
34243;2516799;531386368;26337280;483139584;0;0;0;0;0;0;0;0;0;0;0;2434;0;0;0;0;0;0;
34244;5072553;537190400;34299904;491102208;0;0;0;0;0;0;0;0;0;0;0;2896;0;0;0;0;0;0;
34245;2556104;537190400;34299904;491102208;0;0;0;0;0;0;0;0;0;0;0;2675;0;0;0;0;0;0;
34246;4429648;537190400;34299904;491102208;0;0;0;0;0;0;0;0;0;0;0;2094;0;0;0;0;0;0;
34247;2318198;537190400;34299904;491102208;0;0;0;0;0;0;0;0;0;0;0;1814;0;0;0;0;0;0;
34248;4678545;537190400;34299904;491102208;0;0;0;0;0;0;0;0;0;0;0;2435;0;0;0;0;0;0;
34249;2767730;537190400;34299904;491102208;0;0;0;0;0;0;0;0;0;0;0;2234;0;0;0;0;0;0;
34250;4387257;537190400;34299904;491102208;0;0;0;0;0;0;0;0;0;0;0;2615;0;0;0;0;0;0;
34251;2401253;537190400;34299904;491102208;0;0;0;0;0;0;0;0;0;0;0;2525;0;0;0;0;0;0;
34252;4360718;537190400;34299904;491102208;0;0;0;0;0;0;0;0;0;0;0;2285;0;0;0;0;0;0;
34253;2531849;531386368;26337280;483139584;0;0;0;0;0;0;0;0;0;0;0;2174;0;0;0;0;0;0;
34254;4451659;531386368;26337280;483139584;0;0;0;0;0;0;0;0;0;0;0;2224;0;0;0;0;0;0;
34255;2286247;531386368;26337280;483139584;0;0;0;0;0;0;0;0;0;0;0;2755;0;0;0;0;0;0;
34256;4345148;531386368;26337280;483139584;0;0;0;0;0;0;0;0;0;0;0;1983;0;0;0;0;0;0;
34257;2244269;531386368;26337280;483139584;0;0;0;0;0;0;0;0;0;0;0;2384;0;0;0;0;0;0;
34258;4336833;531386368;26337280;483139584;0;0;0;0;0;0;0;0;0;0;0;2044;0;0;0;0;0;0;
34259;2283372;531386368;26337280;483139584;0;0;0;0;0;0;0;0;0;0;0;2544;0;0;0;0;0;0;
34260;4411283;531386368;26337280;483139584;0;0;0;0;0;0;0;0;0;0;0;2475;0;0;0;0;0;0;
34261;2519034;531386368;26337280;483139584;0;0;0;0;0;0;0;0;0;0;0;2515;0;0;0;0;0;0;
34262;4374364;531386368;26337280;483139584;0;0;0;0;0;0;0;0;0;0;0;2184;0;0;0;0;0;0;
34263;2401664;531386368;26337280;483139584;0;0;0;0;0;0;0;0;0;0;0;2605;0;0;0;0;0;0;
34264;4353023;531386368;26337280;483139584;0;0;0;0;0;0;0;0;0;0;0;2354;0;0;0;0;0;0;
34265;2394069;531386368;26337280;483139584;0;0;0;0;0;0;0;0;0;0;0;2865;0;0;0;0;0;0;
34266;4332996;531386368;26337280;483139584;0;0;0;0;0;0;0;0;0;0;0;2565;0;0;0;0;0;0;
34267;2550333;531386368;26337280;483139584;0;0;0;0;0;0;0;0;0;0;0;2996;0;0;0;0;0;0;
34268;5124401;537190400;34299904;491102208;0;0;0;0;0;0;0;0;0;0;0;2605;0;0;0;0;0;0;
34269;2510528;537190400;34299904;491102208;0;0;0;0;0;0;0;0;0;0;0;2945;0;0;0;0;0;0;
34270;4438785;537190400;34299904;491102208;0;0;0;0;0;0;0;0;0;0;0;2304;0;0;0;0;0;0;
34271;2279876;537190400;34299904;491102208;0;0;0;0;0;0;0;0;0;0;0;2475;0;0;0;0;0;0;
34272;4375136;537190400;34299904;491102208;0;0;0;0;0;0;0;0;0;0;0;2144;0;0;0;0;0;0;
34273;2309231;537190400;34299904;491102208;0;0;0;0;0;0;0;0;0;0;0;2365;0;0;0;0;0;0;
34274;4441159;537190400;34299904;491102208;0;0;0;0;0;0;0;0;0;0;0;2204;0;0;0;0;0;0;
34275;2418796;537190400;34299904;491102208;0;0;0;0;0;0;0;0;0;0;0;2574;0;0;0;0;0;0;
34276;4341602;537190400;34299904;491102208;0;0;0;0;0;0;0;0;0;0;0;2104;0;0;0;0;0;0;
34277;2612680;531386368;26337280;483139584;0;0;0;0;0;0;0;0;0;0;0;2705;0;0;0;0;0;0;
34278;4512142;531386368;26337280;483139584;0;0;0;0;0;0;0;0;0;0;0;2344;0;0;0;0;0;0;
34279;2572484;531386368;26337280;483139584;0;0;0;0;0;0;0;0;0;0;0;2325;0;0;0;0;0;0;
34280;4344687;531386368;26337280;483139584;0;0;0;0;0;0;0;0;0;0;0;2335;0;0;0;0;0;0;
34281;2337103;531386368;26337280;483139584;0;0;0;0;0;0;0;0;0;0;0;2184;0;0;0;0;0;0;
34282;4354597;531386368;26337280;483139584;0;0;0;0;0;0;0;0;0;0;0;2114;0;0;0;0;0;0;
34283;2309120;531386368;26337280;483139584;0;0;0;0;0;0;0;0;0;0;0;2274;0;0;0;0;0;0;
34284;4372760;531386368;26337280;483139584;0;0;0;0;0;0;0;0;0;0;0;1974;0;0;0;0;0;0;
34285;2285676;531386368;26337280;483139584;0;0;0;0;0;0;0;0;0;0;0;2204;0;0;0;0;0;0;
34286;4335410;531386368;26337280;483139584;0;0;0;0;0;0;0;0;0;0;0;1973;0;0;0;0;0;0;
34287;2284134;531386368;26337280;483139584;0;0;0;0;0;0;0;0;0;0;0;1964;0;0;0;0;0;0;
34288;4317828;531386368;26337280;483139584;0;0;0;0;0;0;0;0;0;0;0;1984;0;0;0;0;0;0;
34289;2446458;531386368;26337280;483139584;0;0;0;0;0;0;0;0;0;0;0;2204;0;0;0;0;0;0;
34290;4281430;531386368;26337280;483139584;0;0;0;0;0;0;0;0;0;0;0;2004;0;0;0;0;0;0;
34291;2393409;531386368;26337280;483139584;0;0;0;0;0;0;0;0;0;0;0;2194;0;0;0;0;0;0;
34292;4314011;531386368;26337280;483139584;0;0;0;0;0;0;0;0;0;0;0;1963;0;0;0;0;0;0;
34293;2419708;531386368;26337280;483139584;0;0;0;0;0;0;0;0;0;0;0;2084;0;0;0;0;0;0;
34294;4980460;537190400;34299904;491102208;0;0;0;0;0;0;0;0;0;0;0;2224;0;0;0;0;0;0;
34295;2356440;537190400;34299904;491102208;0;0;0;0;0;0;0;0;0;0;0;2515;0;0;0;0;0;0;
34296;4390905;537190400;34299904;491102208;0;0;0;0;0;0;0;0;0;0;0;2235;0;0;0;0;0;0;
34297;2286017;537190400;34299904;491102208;0;0;0;0;0;0;0;0;0;0;0;2154;0;0;0;0;0;0;
34298;4354567;537190400;34299904;491102208;0;0;0;0;0;0;0;0;0;0;0;2034;0;0;0;0;0;0;
34299;2340911;537190400;34299904;491102208;0;0;0;0;0;0;0;0;0;0;0;2545;0;0;0;0;0;0;
34300;4354516;537190400;34299904;491102208;0;0;0;0;0;0;0;0;0;0;0;2134;0;0;0;0;0;0;
34301;2362491;537190400;34299904;491102208;0;0;0;0;0;0;0;0;0;0;0;2836;0;0;0;0;0;0;
34302;4413197;537190400;34299904;491102208;0;0;0;0;0;0;0;0;0;0;0;2405;0;0;0;0;0;0;
34303;2622177;531386368;26337280;483139584;0;0;0;0;0;0;0;0;0;0;0;2675;0;0;0;0;0;0;
34304;4381848;531386368;26337280;483139584;0;0;0;0;0;0;0;0;0;0;0;2164;0;0;0;0;0;0;
34305;2390383;531386368;26337280;483139584;0;0;0;0;0;0;0;0;0;0;0;2535;0;0;0;0;0;0;
34306;4370316;531386368;26337280;483139584;0;0;0;0;0;0;0;0;0;0;0;1993;0;0;0;0;0;0;
34307;2195056;531386368;26337280;483139584;0;0;0;0;0;0;0;0;0;0;0;2184;0;0;0;0;0;0;
34308;4365437;531386368;26337280;483139584;0;0;0;0;0;0;0;0;0;0;0;2905;0;0;0;0;0;0;
34309;3285010;531386368;26337280;483139584;0;0;0;0;0;0;0;0;0;0;0;3026;0;0;0;0;0;0;
34310;4840278;531386368;26337280;483139584;0;0;0;0;0;0;0;0;0;0;0;2344;0;0;0;0;0;0;
34311;2273474;531386368;26337280;483139584;0;0;0;0;0;0;0;0;0;0;0;2525;0;0;0;0;0;0;
34312;4360448;531386368;26337280;483139584;0;0;0;0;0;0;0;0;0;0;0;2234;0;0;0;0;0;0;
34313;2312026;531386368;26337280;483139584;0;0;0;0;0;0;0;0;0;0;0;2345;0;0;0;0;0;0;
34314;4385495;531386368;26337280;483139584;0;0;0;0;0;0;0;0;0;0;0;2134;0;0;0;0;0;0;
34315;2290807;531386368;26337280;483139584;0;0;0;0;0;0;0;0;0;0;0;2275;0;0;0;0;0;0;
34316;4349427;531386368;26337280;483139584;0;0;0;0;0;0;0;0;0;0;0;2184;0;0;0;0;0;0;
34317;2516790;531386368;26337280;483139584;0;0;0;0;0;0;0;0;0;0;0;2665;0;0;0;0;0;0;
34318;5020235;537190400;34299904;491102208;0;0;0;0;0;0;0;0;0;0;0;2895;0;0;0;0;0;0;
34319;2488617;537190400;34299904;491102208;0;0;0;0;0;0;0;0;0;0;0;2544;0;0;0;0;0;0;
34320;4433635;537190400;34299904;491102208;0;0;0;0;0;0;0;0;0;0;0;2384;0;0;0;0;0;0;
34321;2322506;537190400;34299904;491102208;0;0;0;0;0;0;0;0;0;0;0;2144;0;0;0;0;0;0;
34322;4364435;537190400;34299904;491102208;0;0;0;0;0;0;0;0;0;0;0;2124;0;0;0;0;0;0;
34323;2290986;537190400;34299904;491102208;0;0;0;0;0;0;0;0;0;0;0;2294;0;0;0;0;0;0;
34324;4361871;537190400;34299904;491102208;0;0;0;0;0;0;0;0;0;0;0;2204;0;0;0;0;0;0;
34325;2317706;537190400;34299904;491102208;0;0;0;0;0;0;0;0;0;0;0;2304;0;0;0;0;0;0;
34326;4375215;537190400;34299904;491102208;0;0;0;0;0;0;0;0;0;0;0;2054;0;0;0;0;0;0;
34327;2493646;531386368;26337280;483139584;0;0;0;0;0;0;0;0;0;0;0;2535;0;0;0;0;0;0;
34328;4341031;531386368;26337280;483139584;0;0;0;0;0;0;0;0;0;0;0;2334;0;0;0;0;0;0;
34329;2318328;531386368;26337280;483139584;0;0;0;0;0;0;0;0;0;0;0;2635;0;0;0;0;0;0;
34330;4437282;531386368;26337280;483139584;0;0;0;0;0;0;0;0;0;0;0;2235;0;0;0;0;0;0;
34331;2277010;531386368;26337280;483139584;0;0;0;0;0;0;0;0;0;0;0;2404;0;0;0;0;0;0;
34332;4361469;531386368;26337280;483139584;0;0;0;0;0;0;0;0;0;0;0;2374;0;0;0;0;0;0;
34333;2281549;531386368;26337280;483139584;0;0;0;0;0;0;0;0;0;0;0;2826;0;0;0;0;0;0;
34334;4335881;531386368;26337280;483139584;0;0;0;0;0;0;0;0;0;0;0;2745;0;0;0;0;0;0;
34335;2259067;531386368;26337280;483139584;0;0;0;0;0;0;0;0;0;0;0;2846;0;0;0;0;0;0;
34336;4312528;531386368;26337280;483139584;0;0;0;0;0;0;0;0;0;0;0;2034;0;0;0;0;0;0;
34337;2384542;531386368;26337280;483139584;0;0;0;0;0;0;0;0;0;0;0;2896;0;0;0;0;0;0;
34338;4403047;531386368;26337280;483139584;0;0;0;0;0;0;0;0;0;0;0;2064;0;0;0;0;0;0;
34339;2349356;531386368;26337280;483139584;0;0;0;0;0;0;0;0;0;0;0;2515;0;0;0;0;0;0;
34340;4883348;531386368;26337280;483139584;0;0;0;0;0;0;0;0;0;0;0;2375;0;0;0;0;0;0;
34341;3843769;531386368;26337280;483139584;0;0;0;0;0;0;0;0;0;0;0;2454;0;0;0;0;0;0;
34342;5010126;537190400;34299904;491102208;0;0;0;0;0;0;0;0;0;0;0;2565;0;0;0;0;0;0;
34343;2541316;537190400;34299904;491102208;0;0;0;0;0;0;0;0;0;0;0;2685;0;0;0;0;0;0;
34344;4401053;537190400;34299904;491102208;0;0;0;0;0;0;0;0;0;0;0;2565;0;0;0;0;0;0;
34345;2282110;537190400;34299904;491102208;0;0;0;0;0;0;0;0;0;0;0;2385;0;0;0;0;0;0;
34346;4345099;537190400;34299904;491102208;0;0;0;0;0;0;0;0;0;0;0;2295;0;0;0;0;0;0;
34347;2360366;537190400;34299904;491102208;0;0;0;0;0;0;0;0;0;0;0;2444;0;0;0;0;0;0;
34348;4319070;537190400;34299904;491102208;0;0;0;0;0;0;0;0;0;0;0;2204;0;0;0;0;0;0;
34349;2419758;537190400;34299904;491102208;0;0;0;0;0;0;0;0;0;0;0;2555;0;0;0;0;0;0;
34350;4352823;537190400;34299904;491102208;0;0;0;0;0;0;0;0;0;0;0;2314;0;0;0;0;0;0;
34351;2640282;531386368;26337280;483139584;0;0;0;0;0;0;0;0;0;0;0;2544;0;0;0;0;0;0;
34352;4338837;531386368;26337280;483139584;0;0;0;0;0;0;0;0;0;0;0;2234;0;0;0;0;0;0;
34353;2382078;531386368;26337280;483139584;0;0;0;0;0;0;0;0;0;0;0;2435;0;0;0;0;0;0;
34354;4376889;531386368;26337280;483139584;0;0;0;0;0;0;0;0;0;0;0;2154;0;0;0;0;0;0;
34355;2340129;531386368;26337280;483139584;0;0;0;0;0;0;0;0;0;0;0;2465;0;0;0;0;0;0;
34356;4321735;531386368;26337280;483139584;0;0;0;0;0;0;0;0;0;0;0;2154;0;0;0;0;0;0;
34357;2326322;531386368;26337280;483139584;0;0;0;0;0;0;0;0;0;0;0;2545;0;0;0;0;0;0;
34358;4348074;531386368;26337280;483139584;0;0;0;0;0;0;0;0;0;0;0;2215;0;0;0;0;0;0;
34359;2315733;531386368;26337280;483139584;0;0;0;0;0;0;0;0;0;0;0;2685;0;0;0;0;0;0;
34360;4321965;531386368;26337280;483139584;0;0;0;0;0;0;0;0;0;0;0;2665;0;0;0;0;0;0;
34361;2389150;531386368;26337280;483139584;0;0;0;0;0;0;0;0;0;0;0;2815;0;0;0;0;0;0;
34362;4393099;531386368;26337280;483139584;0;0;0;0;0;0;0;0;0;0;0;2254;0;0;0;0;0;0;
34363;2381797;531386368;26337280;483139584;0;0;0;0;0;0;0;0;0;0;0;2184;0;0;0;0;0;0;
34364;4318970;531386368;26337280;483139584;0;0;0;0;0;0;0;0;0;0;0;2114;0;0;0;0;0;0;
34365;2371758;531386368;26337280;483139584;0;0;0;0;0;0;0;0;0;0;0;2985;0;0;0;0;0;0;
34366;4351270;531386368;26337280;483139584;0;0;0;0;0;0;0;0;0;0;0;2624;0;0;0;0;0;0;
34367;2427794;531386368;26337280;483139584;0;0;0;0;0;0;0;0;0;0;0;2395;0;0;0;0;0;0;
34368;5052896;537190400;34299904;491102208;0;0;0;0;0;0;0;0;0;0;0;2315;0;0;0;0;0;0;
34369;2385764;537190400;34299904;491102208;0;0;0;0;0;0;0;0;0;0;0;2525;0;0;0;0;0;0;
34370;4412024;537190400;34299904;491102208;0;0;0;0;0;0;0;0;0;0;0;1963;0;0;0;0;0;0;
34371;2901091;537190400;34299904;491102208;0;0;0;0;0;0;0;0;0;0;0;2154;0;0;0;0;0;0;
34372;4401024;537190400;34299904;491102208;0;0;0;0;0;0;0;0;0;0;0;2344;0;0;0;0;0;0;
34373;2463429;537190400;34299904;491102208;0;0;0;0;0;0;0;0;0;0;0;2244;0;0;0;0;0;0;
34374;4384904;537190400;34299904;491102208;0;0;0;0;0;0;0;0;0;0;0;2234;0;0;0;0;0;0;
34375;2383240;537190400;34299904;491102208;0;0;0;0;0;0;0;0;0;0;0;2334;0;0;0;0;0;0;
34376;4353594;537190400;34299904;491102208;0;0;0;0;0;0;0;0;0;0;0;2154;0;0;0;0;0;0;
34377;2637777;531386368;26337280;483139584;0;0;0;0;0;0;0;0;0;0;0;2655;0;0;0;0;0;0;
34378;4405321;531386368;26337280;483139584;0;0;0;0;0;0;0;0;0;0;0;2364;0;0;0;0;0;0;
34379;2372048;531386368;26337280;483139584;0;0;0;0;0;0;0;0;0;0;0;2455;0;0;0;0;0;0;
34380;4346761;531386368;26337280;483139584;0;0;0;0;0;0;0;0;0;0;0;2826;0;0;0;0;0;0;
34381;2411773;531386368;26337280;483139584;0;0;0;0;0;0;0;0;0;0;0;2645;0;0;0;0;0;0;
34382;4378852;531386368;26337280;483139584;0;0;0;0;0;0;0;0;0;0;0;2204;0;0;0;0;0;0;
34383;2329248;531386368;26337280;483139584;0;0;0;0;0;0;0;0;0;0;0;2044;0;0;0;0;0;0;
34384;4449905;531386368;26337280;483139584;0;0;0;0;0;0;0;0;0;0;0;2425;0;0;0;0;0;0;
34385;2272753;531386368;26337280;483139584;0;0;0;0;0;0;0;0;0;0;0;2224;0;0;0;0;0;0;
34386;4396315;531386368;26337280;483139584;0;0;0;0;0;0;0;0;0;0;0;2284;0;0;0;0;0;0;
34387;2320292;531386368;26337280;483139584;0;0;0;0;0;0;0;0;0;0;0;2054;0;0;0;0;0;0;
34388;4382419;531386368;26337280;483139584;0;0;0;0;0;0;0;0;0;0;0;1924;0;0;0;0;0;0;
34389;2305995;531386368;26337280;483139584;0;0;0;0;0;0;0;0;0;0;0;2344;0;0;0;0;0;0;
34390;4417855;531386368;26337280;483139584;0;0;0;0;0;0;0;0;0;0;0;2485;0;0;0;0;0;0;
34391;8700227;531386368;26337280;483139584;0;0;0;0;0;0;0;0;0;0;0;2494;0;0;0;0;0;0;
34392;8075134;537190400;34299904;491102208;0;0;0;0;0;0;0;0;0;0;0;2595;0;0;0;0;0;0;
34393;2534173;537190400;34299904;491102208;0;0;0;0;0;0;0;0;0;0;0;2485;0;0;0;0;0;0;
34394;4447841;537190400;34299904;491102208;0;0;0;0;0;0;0;0;0;0;0;2574;0;0;0;0;0;0;
34395;2411883;537190400;34299904;491102208;0;0;0;0;0;0;0;0;0;0;0;2635;0;0;0;0;0;0;
34396;4372791;537190400;34299904;491102208;0;0;0;0;0;0;0;0;0;0;0;2314;0;0;0;0;0;0;
34397;2473288;537190400;34299904;491102208;0;0;0;0;0;0;0;0;0;0;0;2274;0;0;0;0;0;0;
34398;4880883;537190400;34299904;491102208;0;0;0;0;0;0;0;0;0;0;0;2735;0;0;0;0;0;0;
34399;3537584;537190400;34299904;491102208;0;0;0;0;0;0;0;0;0;0;0;2755;0;0;0;0;0;0;
34400;4376728;537190400;34299904;491102208;0;0;0;0;0;0;0;0;0;0;0;2114;0;0;0;0;0;0;
34401;2540805;531386368;26337280;483139584;0;0;0;0;0;0;0;0;0;0;0;2175;0;0;0;0;0;0;
34402;4446278;531386368;26337280;483139584;0;0;0;0;0;0;0;0;0;0;0;2514;0;0;0;0;0;0;
34403;2260599;531386368;26337280;483139584;0;0;0;0;0;0;0;0;0;0;0;2164;0;0;0;0;0;0;
34404;4428395;531386368;26337280;483139584;0;0;0;0;0;0;0;0;0;0;0;2374;0;0;0;0;0;0;
34405;2356329;531386368;26337280;483139584;0;0;0;0;0;0;0;0;0;0;0;2354;0;0;0;0;0;0;
34406;4340390;531386368;26337280;483139584;0;0;0;0;0;0;0;0;0;0;0;1903;0;0;0;0;0;0;
34407;2414047;531386368;26337280;483139584;0;0;0;0;0;0;0;0;0;0;0;2605;0;0;0;0;0;0;
34408;4357663;531386368;26337280;483139584;0;0;0;0;0;0;0;0;0;0;0;2294;0;0;0;0;0;0;
34409;2302688;531386368;26337280;483139584;0;0;0;0;0;0;0;0;0;0;0;2314;0;0;0;0;0;0;
34410;4320874;531386368;26337280;483139584;0;0;0;0;0;0;0;0;0;0;0;2154;0;0;0;0;0;0;
34411;2341712;531386368;26337280;483139584;0;0;0;0;0;0;0;0;0;0;0;2094;0;0;0;0;0;0;
34412;4333918;531386368;26337280;483139584;0;0;0;0;0;0;0;0;0;0;0;2235;0;0;0;0;0;0;
34413;2346060;531386368;26337280;483139584;0;0;0;0;0;0;0;0;0;0;0;2364;0;0;0;0;0;0;
34414;4346471;531386368;26337280;483139584;0;0;0;0;0;0;0;0;0;0;0;2124;0;0;0;0;0;0;
34415;2591491;531386368;26337280;483139584;0;0;0;0;0;0;0;0;0;0;0;2705;0;0;0;0;0;0;
34416;5036305;537190400;34299904;491102208;0;0;0;0;0;0;0;0;0;0;0;2705;0;0;0;0;0;0;
34417;2519895;537190400;34299904;491102208;0;0;0;0;0;0;0;0;0;0;0;2284;0;0;0;0;0;0;
34418;4340380;537190400;34299904;491102208;0;0;0;0;0;0;0;0;0;0;0;2054;0;0;0;0;0;0;
34419;2365456;537190400;34299904;491102208;0;0;0;0;0;0;0;0;0;0;0;2405;0;0;0;0;0;0;
34420;4316365;537190400;34299904;491102208;0;0;0;0;0;0;0;0;0;0;0;2054;0;0;0;0;0;0;
34421;2481604;537190400;34299904;491102208;0;0;0;0;0;0;0;0;0;0;0;3156;0;0;0;0;0;0;
34422;4270939;537190400;34299904;491102208;0;0;0;0;0;0;0;0;0;0;0;2104;0;0;0;0;0;0;
34423;2392327;537190400;34299904;491102208;0;0;0;0;0;0;0;0;0;0;0;2024;0;0;0;0;0;0;
34424;4338857;537190400;34299904;491102208;0;0;0;0;0;0;0;0;0;0;0;1853;0;0;0;0;0;0;
34425;2647615;531386368;26337280;483139584;0;0;0;0;0;0;0;0;0;0;0;2415;0;0;0;0;0;0;
34426;4291669;531386368;26337280;483139584;0;0;0;0;0;0;0;0;0;0;0;1993;0;0;0;0;0;0;
34427;2372079;531386368;26337280;483139584;0;0;0;0;0;0;0;0;0;0;0;2094;0;0;0;0;0;0;
34428;4404289;531386368;26337280;483139584;0;0;0;0;0;0;0;0;0;0;0;1904;0;0;0;0;0;0;
34429;2945073;531386368;26337280;483139584;0;0;0;0;0;0;0;0;0;0;0;2425;0;0;0;0;0;0;
34430;4339659;531386368;26337280;483139584;0;0;0;0;0;0;0;0;0;0;0;2014;0;0;0;0;0;0;
34431;2441619;531386368;26337280;483139584;0;0;0;0;0;0;0;0;0;0;0;2956;0;0;0;0;0;0;
34432;4373903;531386368;26337280;483139584;0;0;0;0;0;0;0;0;0;0;0;2345;0;0;0;0;0;0;
34433;2434125;531386368;26337280;483139584;0;0;0;0;0;0;0;0;0;0;0;2234;0;0;0;0;0;0;
34434;4321906;531386368;26337280;483139584;0;0;0;0;0;0;0;0;0;0;0;1884;0;0;0;0;0;0;
34435;2441048;531386368;26337280;483139584;0;0;0;0;0;0;0;0;0;0;0;2445;0;0;0;0;0;0;
34436;4342504;531386368;26337280;483139584;0;0;0;0;0;0;0;0;0;0;0;2124;0;0;0;0;0;0;
34437;2332895;531386368;26337280;483139584;0;0;0;0;0;0;0;0;0;0;0;2675;0;0;0;0;0;0;
34438;4300825;531386368;26337280;483139584;0;0;0;0;0;0;0;0;0;0;0;2504;0;0;0;0;0;0;
34439;2418265;531386368;26337280;483139584;0;0;0;0;0;0;0;0;0;0;0;2495;0;0;0;0;0;0;
34440;4351341;531386368;26337280;483139584;0;0;0;0;0;0;0;0;0;0;0;2204;0;0;0;0;0;0;
34441;2462208;531386368;26337280;483139584;0;0;0;0;0;0;0;0;0;0;0;2444;0;0;0;0;0;0;
34442;5044941;537190400;34299904;491102208;0;0;0;0;0;0;0;0;0;0;0;2505;0;0;0;0;0;0;
34443;2414899;537190400;34299904;491102208;0;0;0;0;0;0;0;0;0;0;0;2235;0;0;0;0;0;0;
34444;4342454;537190400;34299904;491102208;0;0;0;0;0;0;0;0;0;0;0;1773;0;0;0;0;0;0;
34445;2389161;537190400;34299904;491102208;0;0;0;0;0;0;0;0;0;0;0;2244;0;0;0;0;0;0;
34446;4338426;537190400;34299904;491102208;0;0;0;0;0;0;0;0;0;0;0;1934;0;0;0;0;0;0;
34447;2328587;537190400;34299904;491102208;0;0;0;0;0;0;0;0;0;0;0;1973;0;0;0;0;0;0;
34448;4327625;537190400;34299904;491102208;0;0;0;0;0;0;0;0;0;0;0;2073;0;0;0;0;0;0;
34449;2305985;537190400;34299904;491102208;0;0;0;0;0;0;0;0;0;0;0;2334;0;0;0;0;0;0;
34450;4348615;537190400;34299904;491102208;0;0;0;0;0;0;0;0;0;0;0;2134;0;0;0;0;0;0;
34451;2663786;531386368;26337280;483139584;0;0;0;0;0;0;0;0;0;0;0;2214;0;0;0;0;0;0;
34452;4352202;531386368;26337280;483139584;0;0;0;0;0;0;0;0;0;0;0;2234;0;0;0;0;0;0;
34453;2277511;531386368;26337280;483139584;0;0;0;0;0;0;0;0;0;0;0;2475;0;0;0;0;0;0;
34454;4425189;531386368;26337280;483139584;0;0;0;0;0;0;0;0;0;0;0;1954;0;0;0;0;0;0;
34455;2348875;531386368;26337280;483139584;0;0;0;0;0;0;0;0;0;0;0;1973;0;0;0;0;0;0;
34456;4370927;531386368;26337280;483139584;0;0;0;0;0;0;0;0;0;0;0;1943;0;0;0;0;0;0;
34457;2261131;531386368;26337280;483139584;0;0;0;0;0;0;0;0;0;0;0;2404;0;0;0;0;0;0;
34458;4399881;531386368;26337280;483139584;0;0;0;0;0;0;0;0;0;0;0;1974;0;0;0;0;0;0;
34459;3113619;531386368;26337280;483139584;0;0;0;0;0;0;0;0;0;0;0;2775;0;0;0;0;0;0;
34460;4543742;531386368;26337280;483139584;0;0;0;0;0;0;0;0;0;0;0;1964;0;0;0;0;0;0;
34461;2318448;531386368;26337280;483139584;0;0;0;0;0;0;0;0;0;0;0;2605;0;0;0;0;0;0;
34462;4358113;531386368;26337280;483139584;0;0;0;0;0;0;0;0;0;0;0;2535;0;0;0;0;0;0;
34463;2491222;531386368;26337280;483139584;0;0;0;0;0;0;0;0;0;0;0;2555;0;0;0;0;0;0;
34464;4360958;531386368;26337280;483139584;0;0;0;0;0;0;0;0;0;0;0;2054;0;0;0;0;0;0;
34465;2562074;531386368;26337280;483139584;0;0;0;0;0;0;0;0;0;0;0;2254;0;0;0;0;0;0;
34466;5032998;537190400;34299904;491102208;0;0;0;0;0;0;0;0;0;0;0;2435;0;0;0;0;0;0;
34467;2564208;537190400;34299904;491102208;0;0;0;0;0;0;0;0;0;0;0;2254;0;0;0;0;0;0;
34468;4336263;537190400;34299904;491102208;0;0;0;0;0;0;0;0;0;0;0;1954;0;0;0;0;0;0;
34469;2435908;537190400;34299904;491102208;0;0;0;0;0;0;0;0;0;0;0;2725;0;0;0;0;0;0;
34470;4360848;537190400;34299904;491102208;0;0;0;0;0;0;0;0;0;0;0;2715;0;0;0;0;0;0;
34471;2429406;537190400;34299904;491102208;0;0;0;0;0;0;0;0;0;0;0;2645;0;0;0;0;0;0;
34472;4359686;537190400;34299904;491102208;0;0;0;0;0;0;0;0;0;0;0;2254;0;0;0;0;0;0;
34473;2338886;537190400;34299904;491102208;0;0;0;0;0;0;0;0;0;0;0;2605;0;0;0;0;0;0;
34474;4333838;537190400;34299904;491102208;0;0;0;0;0;0;0;0;0;0;0;2335;0;0;0;0;0;0;
34475;2667653;531386368;26337280;483139584;0;0;0;0;0;0;0;0;0;0;0;2735;0;0;0;0;0;0;
34476;4356791;531386368;26337280;483139584;0;0;0;0;0;0;0;0;0;0;0;2024;0;0;0;0;0;0;
34477;2336733;531386368;26337280;483139584;0;0;0;0;0;0;0;0;0;0;0;2214;0;0;0;0;0;0;
34478;4316034;531386368;26337280;483139584;0;0;0;0;0;0;0;0;0;0;0;2164;0;0;0;0;0;0;
34479;2413877;531386368;26337280;483139584;0;0;0;0;0;0;0;0;0;0;0;2264;0;0;0;0;0;0;
34480;4287661;531386368;26337280;483139584;0;0;0;0;0;0;0;0;0;0;0;2093;0;0;0;0;0;0;
34481;2410731;531386368;26337280;483139584;0;0;0;0;0;0;0;0;0;0;0;2415;0;0;0;0;0;0;
34482;4338566;531386368;26337280;483139584;0;0;0;0;0;0;0;0;0;0;0;2264;0;0;0;0;0;0;
34483;2426080;531386368;26337280;483139584;0;0;0;0;0;0;0;0;0;0;0;2304;0;0;0;0;0;0;
34484;4321394;531386368;26337280;483139584;0;0;0;0;0;0;0;0;0;0;0;1883;0;0;0;0;0;0;
34485;2433574;531386368;26337280;483139584;0;0;0;0;0;0;0;0;0;0;0;2685;0;0;0;0;0;0;
34486;4439546;531386368;26337280;483139584;0;0;0;0;0;0;0;0;0;0;0;2144;0;0;0;0;0;0;
34487;2321063;531386368;26337280;483139584;0;0;0;0;0;0;0;0;0;0;0;2325;0;0;0;0;0;0;
34488;4389011;531386368;26337280;483139584;0;0;0;0;0;0;0;0;0;0;0;2675;0;0;0;0;0;0;
34489;3451313;531386368;26337280;483139584;0;0;0;0;0;0;0;0;0;0;0;3005;0;0;0;0;0;0;
34490;5323754;537190400;34299904;491102208;0;0;0;0;0;0;0;0;0;0;0;2845;0;0;0;0;0;0;
34491;2561163;537190400;34299904;491102208;0;0;0;0;0;0;0;0;0;0;0;2144;0;0;0;0;0;0;
34492;4386607;537190400;34299904;491102208;0;0;0;0;0;0;0;0;0;0;0;2014;0;0;0;0;0;0;
34493;2400933;537190400;34299904;491102208;0;0;0;0;0;0;0;0;0;0;0;2184;0;0;0;0;0;0;
34494;4369976;537190400;34299904;491102208;0;0;0;0;0;0;0;0;0;0;0;2425;0;0;0;0;0;0;
34495;2381276;537190400;34299904;491102208;0;0;0;0;0;0;0;0;0;0;0;2024;0;0;0;0;0;0;
34496;4343005;537190400;34299904;491102208;0;0;0;0;0;0;0;0;0;0;0;1893;0;0;0;0;0;0;
34497;2421572;537190400;34299904;491102208;0;0;0;0;0;0;0;0;0;0;0;2315;0;0;0;0;0;0;
34498;4334529;537190400;34299904;491102208;0;0;0;0;0;0;0;0;0;0;0;2094;0;0;0;0;0;0;
34499;2618070;531386368;26337280;483139584;0;0;0;0;0;0;0;0;0;0;0;2034;0;0;0;0;0;0;
34500;4400653;531386368;26337280;483139584;0;0;0;0;0;0;0;0;0;0;0;2054;0;0;0;0;0;0;
34501;2419698;531386368;26337280;483139584;0;0;0;0;0;0;0;0;0;0;0;2535;0;0;0;0;0;0;
34502;4396055;531386368;26337280;483139584;0;0;0;0;0;0;0;0;0;0;0;2224;0;0;0;0;0;0;
34503;2306716;531386368;26337280;483139584;0;0;0;0;0;0;0;0;0;0;0;2093;0;0;0;0;0;0;
34504;4385855;531386368;26337280;483139584;0;0;0;0;0;0;0;0;0;0;0;2184;0;0;0;0;0;0;
34505;2307678;531386368;26337280;483139584;0;0;0;0;0;0;0;0;0;0;0;2454;0;0;0;0;0;0;
34506;4370917;531386368;26337280;483139584;0;0;0;0;0;0;0;0;0;0;0;1874;0;0;0;0;0;0;
34507;2334618;531386368;26337280;483139584;0;0;0;0;0;0;0;0;0;0;0;2304;0;0;0;0;0;0;
34508;4423976;531386368;26337280;483139584;0;0;0;0;0;0;0;0;0;0;0;2104;0;0;0;0;0;0;
34509;2330821;531386368;26337280;483139584;0;0;0;0;0;0;0;0;0;0;0;2485;0;0;0;0;0;0;
34510;4352633;531386368;26337280;483139584;0;0;0;0;0;0;0;0;0;0;0;2214;0;0;0;0;0;0;
34511;2403838;531386368;26337280;483139584;0;0;0;0;0;0;0;0;0;0;0;2214;0;0;0;0;0;0;
34512;4341913;531386368;26337280;483139584;0;0;0;0;0;0;0;0;0;0;0;2264;0;0;0;0;0;0;
34513;2423425;531386368;26337280;483139584;0;0;0;0;0;0;0;0;0;0;0;2705;0;0;0;0;0;0;
34514;4417134;531386368;26337280;483139584;0;0;0;0;0;0;0;0;0;0;0;2154;0;0;0;0;0;0;
34515;2399310;531386368;26337280;483139584;0;0;0;0;0;0;0;0;0;0;0;2655;0;0;0;0;0;0;
34516;5074617;537190400;34299904;491102208;0;0;0;0;0;0;0;0;0;0;0;2825;0;0;0;0;0;0;
34517;2455886;537190400;34299904;491102208;0;0;0;0;0;0;0;0;0;0;0;2484;0;0;0;0;0;0;
34518;4387789;537190400;34299904;491102208;0;0;0;0;0;0;0;0;0;0;0;2054;0;0;0;0;0;0;
34519;3010116;537190400;34299904;491102208;0;0;0;0;0;0;0;0;0;0;0;2424;0;0;0;0;0;0;
34520;4377199;537190400;34299904;491102208;0;0;0;0;0;0;0;0;0;0;0;2235;0;0;0;0;0;0;
34521;2320281;537190400;34299904;491102208;0;0;0;0;0;0;0;0;0;0;0;2585;0;0;0;0;0;0;
34522;4311736;537190400;34299904;491102208;0;0;0;0;0;0;0;0;0;0;0;2314;0;0;0;0;0;0;
34523;2365667;537190400;34299904;491102208;0;0;0;0;0;0;0;0;0;0;0;3146;0;0;0;0;0;0;
34524;4346541;537190400;34299904;491102208;0;0;0;0;0;0;0;0;0;0;0;2054;0;0;0;0;0;0;
34525;2659046;531386368;26337280;483139584;0;0;0;0;0;0;0;0;0;0;0;2715;0;0;0;0;0;0;
34526;4363323;531386368;26337280;483139584;0;0;0;0;0;0;0;0;0;0;0;2264;0;0;0;0;0;0;
34527;2364474;531386368;26337280;483139584;0;0;0;0;0;0;0;0;0;0;0;2575;0;0;0;0;0;0;
34528;4375085;531386368;26337280;483139584;0;0;0;0;0;0;0;0;0;0;0;2385;0;0;0;0;0;0;
34529;2358633;531386368;26337280;483139584;0;0;0;0;0;0;0;0;0;0;0;2875;0;0;0;0;0;0;
34530;4347183;531386368;26337280;483139584;0;0;0;0;0;0;0;0;0;0;0;2354;0;0;0;0;0;0;
34531;2358202;531386368;26337280;483139584;0;0;0;0;0;0;0;0;0;0;0;3036;0;0;0;0;0;0;
34532;4395934;531386368;26337280;483139584;0;0;0;0;0;0;0;0;0;0;0;2485;0;0;0;0;0;0;
34533;2384212;531386368;26337280;483139584;0;0;0;0;0;0;0;0;0;0;0;2504;0;0;0;0;0;0;
34534;4329279;531386368;26337280;483139584;0;0;0;0;0;0;0;0;0;0;0;2314;0;0;0;0;0;0;
34535;2309051;531386368;26337280;483139584;0;0;0;0;0;0;0;0;0;0;0;2495;0;0;0;0;0;0;
34536;4362091;531386368;26337280;483139584;0;0;0;0;0;0;0;0;0;0;0;2485;0;0;0;0;0;0;
34537;2350938;531386368;26337280;483139584;0;0;0;0;0;0;0;0;0;0;0;2825;0;0;0;0;0;0;
34538;4395353;531386368;26337280;483139584;0;0;0;0;0;0;0;0;0;0;0;2285;0;0;0;0;0;0;
34539;2590649;531386368;26337280;483139584;0;0;0;0;0;0;0;0;0;0;0;2966;0;0;0;0;0;0;
34540;5069047;537190400;34299904;491102208;0;0;0;0;0;0;0;0;0;0;0;2525;0;0;0;0;0;0;
34541;2597270;537190400;34299904;491102208;0;0;0;0;0;0;0;0;0;0;0;2825;0;0;0;0;0;0;
34542;4474471;537190400;34299904;491102208;0;0;0;0;0;0;0;0;0;0;0;2515;0;0;0;0;0;0;
34543;2397476;537190400;34299904;491102208;0;0;0;0;0;0;0;0;0;0;0;2485;0;0;0;0;0;0;
34544;4338516;537190400;34299904;491102208;0;0;0;0;0;0;0;0;0;0;0;2214;0;0;0;0;0;0;
34545;2348705;537190400;34299904;491102208;0;0;0;0;0;0;0;0;0;0;0;2655;0;0;0;0;0;0;
34546;4401645;537190400;34299904;491102208;0;0;0;0;0;0;0;0;0;0;0;2144;0;0;0;0;0;0;
34547;2336532;537190400;34299904;491102208;0;0;0;0;0;0;0;0;0;0;0;2204;0;0;0;0;0;0;
34548;4442091;537190400;34299904;491102208;0;0;0;0;0;0;0;0;0;0;0;2164;0;0;0;0;0;0;
34549;3482591;531386368;26337280;483139584;0;0;0;0;0;0;0;0;0;0;0;2575;0;0;0;0;0;0;
34550;4326995;531386368;26337280;483139584;0;0;0;0;0;0;0;0;0;0;0;2034;0;0;0;0;0;0;
34551;2324870;531386368;26337280;483139584;0;0;0;0;0;0;0;0;0;0;0;2425;0;0;0;0;0;0;
34552;4355628;531386368;26337280;483139584;0;0;0;0;0;0;0;0;0;0;0;2204;0;0;0;0;0;0;
34553;2302959;531386368;26337280;483139584;0;0;0;0;0;0;0;0;0;0;0;2245;0;0;0;0;0;0;
34554;4346391;531386368;26337280;483139584;0;0;0;0;0;0;0;0;0;0;0;1964;0;0;0;0;0;0;
34555;2371707;531386368;26337280;483139584;0;0;0;0;0;0;0;0;0;0;0;2294;0;0;0;0;0;0;
34556;4336122;531386368;26337280;483139584;0;0;0;0;0;0;0;0;0;0;0;2014;0;0;0;0;0;0;
34557;2399731;531386368;26337280;483139584;0;0;0;0;0;0;0;0;0;0;0;2695;0;0;0;0;0;0;
34558;4354696;531386368;26337280;483139584;0;0;0;0;0;0;0;0;0;0;0;2094;0;0;0;0;0;0;
34559;2278433;531386368;26337280;483139584;0;0;0;0;0;0;0;0;0;0;0;2585;0;0;0;0;0;0;
34560;4387389;531386368;26337280;483139584;0;0;0;0;0;0;0;0;0;0;0;2154;0;0;0;0;0;0;
34561;2316825;531386368;26337280;483139584;0;0;0;0;0;0;0;0;0;0;0;2295;0;0;0;0;0;0;
34562;4351842;531386368;26337280;483139584;0;0;0;0;0;0;0;0;0;0;0;2394;0;0;0;0;0;0;
34563;2544542;531386368;26337280;483139584;0;0;0;0;0;0;0;0;0;0;0;2414;0;0;0;0;0;0;
34564;5039090;537190400;34299904;491102208;0;0;0;0;0;0;0;0;0;0;0;2585;0;0;0;0;0;0;
34565;2631264;537190400;34299904;491102208;0;0;0;0;0;0;0;0;0;0;0;2745;0;0;0;0;0;0;
34566;4405202;537190400;34299904;491102208;0;0;0;0;0;0;0;0;0;0;0;2434;0;0;0;0;0;0;
34567;2254488;537190400;34299904;491102208;0;0;0;0;0;0;0;0;0;0;0;2545;0;0;0;0;0;0;
34568;4397206;537190400;34299904;491102208;0;0;0;0;0;0;0;0;0;0;0;2285;0;0;0;0;0;0;
34569;2363733;537190400;34299904;491102208;0;0;0;0;0;0;0;0;0;0;0;2445;0;0;0;0;0;0;
34570;4358985;537190400;34299904;491102208;0;0;0;0;0;0;0;0;0;0;0;2395;0;0;0;0;0;0;
34571;2424567;537190400;34299904;491102208;0;0;0;0;0;0;0;0;0;0;0;2655;0;0;0;0;0;0;
34572;4353304;537190400;34299904;491102208;0;0;0;0;0;0;0;0;0;0;0;2033;0;0;0;0;0;0;
34573;2686458;531386368;26337280;483139584;0;0;0;0;0;0;0;0;0;0;0;2655;0;0;0;0;0;0;
34574;4368442;531386368;26337280;483139584;0;0;0;0;0;0;0;0;0;0;0;2264;0;0;0;0;0;0;
34575;2458752;531386368;26337280;483139584;0;0;0;0;0;0;0;0;0;0;0;2665;0;0;0;0;0;0;
34576;4368864;531386368;26337280;483139584;0;0;0;0;0;0;0;0;0;0;0;2445;0;0;0;0;0;0;
34577;2324309;531386368;26337280;483139584;0;0;0;0;0;0;0;0;0;0;0;2545;0;0;0;0;0;0;
34578;4439947;531386368;26337280;483139584;0;0;0;0;0;0;0;0;0;0;0;2375;0;0;0;0;0;0;
34579;3008512;531386368;26337280;483139584;0;0;0;0;0;0;0;0;0;0;0;2525;0;0;0;0;0;0;
34580;4504628;531386368;26337280;483139584;0;0;0;0;0;0;0;0;0;0;0;2945;0;0;0;0;0;0;
34581;2329108;531386368;26345472;483147776;0;0;0;0;0;0;0;0;0;0;0;2475;0;0;0;0;0;0;
34582;4318078;531386368;26345472;483147776;0;0;0;0;0;0;0;0;0;0;0;2234;0;0;0;0;0;0;
34583;2289644;531386368;26345472;483147776;0;0;0;0;0;0;0;0;0;0;0;2394;0;0;0;0;0;0;
34584;4343286;531386368;26345472;483147776;0;0;0;0;0;0;0;0;0;0;0;2305;0;0;0;0;0;0;
34585;2323868;531386368;26345472;483147776;0;0;0;0;0;0;0;0;0;0;0;2305;0;0;0;0;0;0;
34586;4294233;531386368;26345472;483147776;0;0;0;0;0;0;0;0;0;0;0;2214;0;0;0;0;0;0;
34587;2434175;531386368;26337280;483139584;0;0;0;0;0;0;0;0;0;0;0;2385;0;0;0;0;0;0;
34588;4324761;531386368;26337280;483139584;0;0;0;0;0;0;0;0;0;0;0;1933;0;0;0;0;0;0;
34589;2536928;531386368;26337280;483139584;0;0;0;0;0;0;0;0;0;0;0;2766;0;0;0;0;0;0;
34590;5060220;537190400;34299904;491102208;0;0;0;0;0;0;0;0;0;0;0;2615;0;0;0;0;0;0;
34591;2372579;537190400;34299904;491102208;0;0;0;0;0;0;0;0;0;0;0;2525;0;0;0;0;0;0;
34592;4383621;537190400;34299904;491102208;0;0;0;0;0;0;0;0;0;0;0;2305;0;0;0;0;0;0;
34593;2301727;537190400;34299904;491102208;0;0;0;0;0;0;0;0;0;0;0;2525;0;0;0;0;0;0;
34594;4375425;537190400;34299904;491102208;0;0;0;0;0;0;0;0;0;0;0;2384;0;0;0;0;0;0;
34595;2339237;537190400;34299904;491102208;0;0;0;0;0;0;0;0;0;0;0;2625;0;0;0;0;0;0;
34596;4323307;537190400;34299904;491102208;0;0;0;0;0;0;0;0;0;0;0;2034;0;0;0;0;0;0;
34597;2405672;537190400;34299904;491102208;0;0;0;0;0;0;0;0;0;0;0;2494;0;0;0;0;0;0;
34598;4355999;537190400;34299904;491102208;0;0;0;0;0;0;0;0;0;0;0;6693;0;0;0;0;0;0;
34599;2541527;531386368;26337280;483139584;0;0;0;0;0;0;0;0;0;0;0;2274;0;0;0;0;0;0;
34600;4354086;531386368;26337280;483139584;0;0;0;0;0;0;0;0;0;0;0;1893;0;0;0;0;0;0;
34601;2305424;531386368;26337280;483139584;0;0;0;0;0;0;0;0;0;0;0;2094;0;0;0;0;0;0;
34602;4336413;531386368;26337280;483139584;0;0;0;0;0;0;0;0;0;0;0;1984;0;0;0;0;0;0;
34603;2330200;531386368;26337280;483139584;0;0;0;0;0;0;0;0;0;0;0;2154;0;0;0;0;0;0;
34604;4425940;531386368;26337280;483139584;0;0;0;0;0;0;0;0;0;0;0;2184;0;0;0;0;0;0;
34605;2331903;531386368;26337280;483139584;0;0;0;0;0;0;0;0;0;0;0;3106;0;0;0;0;0;0;
34606;4384112;531386368;26337280;483139584;0;0;0;0;0;0;0;0;0;0;0;2244;0;0;0;0;0;0;
34607;2291207;531386368;26337280;483139584;0;0;0;0;0;0;0;0;0;0;0;2585;0;0;0;0;0;0;
34608;4365597;531386368;26337280;483139584;0;0;0;0;0;0;0;0;0;0;0;2104;0;0;0;0;0;0;
34609;2982063;531386368;26337280;483139584;0;0;0;0;0;0;0;0;0;0;0;2635;0;0;0;0;0;0;
34610;4502384;531386368;26337280;483139584;0;0;0;0;0;0;0;0;0;0;0;1884;0;0;0;0;0;0;
34611;2320512;531386368;26337280;483139584;0;0;0;0;0;0;0;0;0;0;0;2234;0;0;0;0;0;0;
34612;4342865;531386368;26337280;483139584;0;0;0;0;0;0;0;0;0;0;0;1754;0;0;0;0;0;0;
34613;2567354;531386368;26337280;483139584;0;0;0;0;0;0;0;0;0;0;0;2224;0;0;0;0;0;0;
34614;5032939;537190400;34299904;491102208;0;0;0;0;0;0;0;0;0;0;0;1954;0;0;0;0;0;0;
34615;2521579;537190400;34299904;491102208;0;0;0;0;0;0;0;0;0;0;0;2604;0;0;0;0;0;0;
34616;4378381;537190400;34299904;491102208;0;0;0;0;0;0;0;0;0;0;0;1934;0;0;0;0;0;0;
34617;2377719;537190400;34299904;491102208;0;0;0;0;0;0;0;0;0;0;0;2294;0;0;0;0;0;0;
34618;4402767;537190400;34299904;491102208;0;0;0;0;0;0;0;0;0;0;0;2244;0;0;0;0;0;0;
34619;2417234;537190400;34299904;491102208;0;0;0;0;0;0;0;0;0;0;0;2755;0;0;0;0;0;0;
34620;4397447;537190400;34299904;491102208;0;0;0;0;0;0;0;0;0;0;0;1963;0;0;0;0;0;0;
34621;2430227;537190400;34299904;491102208;0;0;0;0;0;0;0;0;0;0;0;2806;0;0;0;0;0;0;
34622;4426061;537190400;34299904;491102208;0;0;0;0;0;0;0;0;0;0;0;2685;0;0;0;0;0;0;
34623;2613001;531386368;26337280;483139584;0;0;0;0;0;0;0;0;0;0;0;2465;0;0;0;0;0;0;
34624;4431120;531386368;26337280;483139584;0;0;0;0;0;0;0;0;0;0;0;2274;0;0;0;0;0;0;
34625;2332053;531386368;26337280;483139584;0;0;0;0;0;0;0;0;0;0;0;2464;0;0;0;0;0;0;
34626;4430809;531386368;26337280;483139584;0;0;0;0;0;0;0;0;0;0;0;1774;0;0;0;0;0;0;
34627;2372168;531386368;26337280;483139584;0;0;0;0;0;0;0;0;0;0;0;2635;0;0;0;0;0;0;
34628;4330682;531386368;26337280;483139584;0;0;0;0;0;0;0;0;0;0;0;2104;0;0;0;0;0;0;
34629;2355748;531386368;26337280;483139584;0;0;0;0;0;0;0;0;0;0;0;2014;0;0;0;0;0;0;
34630;4362802;531386368;26337280;483139584;0;0;0;0;0;0;0;0;0;0;0;2395;0;0;0;0;0;0;
34631;2405622;531386368;26337280;483139584;0;0;0;0;0;0;0;0;0;0;0;2585;0;0;0;0;0;0;
34632;4320072;531386368;26337280;483139584;0;0;0;0;0;0;0;0;0;0;0;2334;0;0;0;0;0;0;
34633;2355308;531386368;26337280;483139584;0;0;0;0;0;0;0;0;0;0;0;2585;0;0;0;0;0;0;
34634;4356159;531386368;26337280;483139584;0;0;0;0;0;0;0;0;0;0;0;2094;0;0;0;0;0;0;
34635;2338205;531386368;26337280;483139584;0;0;0;0;0;0;0;0;0;0;0;2405;0;0;0;0;0;0;
34636;4389021;531386368;26337280;483139584;0;0;0;0;0;0;0;0;0;0;0;1874;0;0;0;0;0;0;
34637;2450646;531386368;26337280;483139584;0;0;0;0;0;0;0;0;0;0;0;2164;0;0;0;0;0;0;
34638;5101718;537190400;34299904;491102208;0;0;0;0;0;0;0;0;0;0;0;2374;0;0;0;0;0;0;
34639;3223686;537190400;34299904;491102208;0;0;0;0;0;0;0;0;0;0;0;2454;0;0;0;0;0;0;
34640;4390363;537190400;34299904;491102208;0;0;0;0;0;0;0;0;0;0;0;2194;0;0;0;0;0;0;
34641;2390283;537190400;34299904;491102208;0;0;0;0;0;0;0;0;0;0;0;3126;0;0;0;0;0;0;
34642;4407556;537190400;34299904;491102208;0;0;0;0;0;0;0;0;0;0;0;2224;0;0;0;0;0;0;
34643;2297208;537190400;34299904;491102208;0;0;0;0;0;0;0;0;0;0;0;2675;0;0;0;0;0;0;
34644;4341242;537190400;34299904;491102208;0;0;0;0;0;0;0;0;0;0;0;2324;0;0;0;0;0;0;
34645;2390493;537190400;34299904;491102208;0;0;0;0;0;0;0;0;0;0;0;2023;0;0;0;0;0;0;
34646;4403307;537190400;34299904;491102208;0;0;0;0;0;0;0;0;0;0;0;2204;0;0;0;0;0;0;
34647;2660710;531386368;26337280;483139584;0;0;0;0;0;0;0;0;0;0;0;1913;0;0;0;0;0;0;
34648;4324060;531386368;26337280;483139584;0;0;0;0;0;0;0;0;0;0;0;1964;0;0;0;0;0;0;
34649;2340579;531386368;26337280;483139584;0;0;0;0;0;0;0;0;0;0;0;2505;0;0;0;0;0;0;
34650;4374253;531386368;26337280;483139584;0;0;0;0;0;0;0;0;0;0;0;2004;0;0;0;0;0;0;
34651;2391145;531386368;26337280;483139584;0;0;0;0;0;0;0;0;0;0;0;2564;0;0;0;0;0;0;
34652;4372020;531386368;26337280;483139584;0;0;0;0;0;0;0;0;0;0;0;2355;0;0;0;0;0;0;
34653;2391165;531386368;26337280;483139584;0;0;0;0;0;0;0;0;0;0;0;2445;0;0;0;0;0;0;
34654;4396926;531386368;26337280;483139584;0;0;0;0;0;0;0;0;0;0;0;2405;0;0;0;0;0;0;
34655;2348324;531386368;26337280;483139584;0;0;0;0;0;0;0;0;0;0;0;2555;0;0;0;0;0;0;
34656;4387128;531386368;26337280;483139584;0;0;0;0;0;0;0;0;0;0;0;2455;0;0;0;0;0;0;
34657;2305443;531386368;26337280;483139584;0;0;0;0;0;0;0;0;0;0;0;2154;0;0;0;0;0;0;
34658;4335871;531386368;26337280;483139584;0;0;0;0;0;0;0;0;0;0;0;1953;0;0;0;0;0;0;
34659;2229531;531386368;26337280;483139584;0;0;0;0;0;0;0;0;0;0;0;2355;0;0;0;0;0;0;
34660;4298471;531386368;26337280;483139584;0;0;0;0;0;0;0;0;0;0;0;2024;0;0;0;0;0;0;
34661;2312366;531386368;26337280;483139584;0;0;0;0;0;0;0;0;0;0;0;2274;0;0;0;0;0;0;
34662;4320613;531386368;26337280;483139584;0;0;0;0;0;0;0;0;0;0;0;2364;0;0;0;0;0;0;
34663;2387858;531386368;26337280;483139584;0;0;0;0;0;0;0;0;0;0;0;2545;0;0;0;0;0;0;
34664;4980741;537190400;34299904;491102208;0;0;0;0;0;0;0;0;0;0;0;2505;0;0;0;0;0;0;
34665;2383470;537190400;34299904;491102208;0;0;0;0;0;0;0;0;0;0;0;2675;0;0;0;0;0;0;
34666;4301657;537190400;34299904;491102208;0;0;0;0;0;0;0;0;0;0;0;1903;0;0;0;0;0;0;
34667;2387868;537190400;34299904;491102208;0;0;0;0;0;0;0;0;0;0;0;2315;0;0;0;0;0;0;
34668;4453983;537190400;34299904;491102208;0;0;0;0;0;0;0;0;0;0;0;2364;0;0;0;0;0;0;
34669;2935946;537190400;34299904;491102208;0;0;0;0;0;0;0;0;0;0;0;2345;0;0;0;0;0;0;
34670;4347013;537190400;34299904;491102208;0;0;0;0;0;0;0;0;0;0;0;1894;0;0;0;0;0;0;
34671;2261191;537190400;34299904;491102208;0;0;0;0;0;0;0;0;0;0;0;2244;0;0;0;0;0;0;
34672;4360467;537190400;34299904;491102208;0;0;0;0;0;0;0;0;0;0;0;2064;0;0;0;0;0;0;
34673;2520106;531386368;26337280;483139584;0;0;0;0;0;0;0;0;0;0;0;2114;0;0;0;0;0;0;
34674;4326584;531386368;26337280;483139584;0;0;0;0;0;0;0;0;0;0;0;2054;0;0;0;0;0;0;
34675;2328688;531386368;26337280;483139584;0;0;0;0;0;0;0;0;0;0;0;1974;0;0;0;0;0;0;
34676;4328918;531386368;26337280;483139584;0;0;0;0;0;0;0;0;0;0;0;1883;0;0;0;0;0;0;
34677;2491473;531386368;26337280;483139584;0;0;0;0;0;0;0;0;0;0;0;2515;0;0;0;0;0;0;
34678;10407899;531386368;26337280;483139584;0;0;0;0;0;0;0;0;0;0;0;1944;0;0;0;0;0;0;
34679;2341511;531386368;26337280;483139584;0;0;0;0;0;0;0;0;0;0;0;2244;0;0;0;0;0;0;
34680;4363704;531386368;26337280;483139584;0;0;0;0;0;0;0;0;0;0;0;2535;0;0;0;0;0;0;
34681;2335530;531386368;26337280;483139584;0;0;0;0;0;0;0;0;0;0;0;2264;0;0;0;0;0;0;
34682;4318739;531386368;26337280;483139584;0;0;0;0;0;0;0;0;0;0;0;1984;0;0;0;0;0;0;
34683;2265158;531386368;26337280;483139584;0;0;0;0;0;0;0;0;0;0;0;2324;0;0;0;0;0;0;
34684;4367430;531386368;26337280;483139584;0;0;0;0;0;0;0;0;0;0;0;2044;0;0;0;0;0;0;
34685;2331593;531386368;26337280;483139584;0;0;0;0;0;0;0;0;0;0;0;2405;0;0;0;0;0;0;
34686;4350739;531386368;26337280;483139584;0;0;0;0;0;0;0;0;0;0;0;2134;0;0;0;0;0;0;
34687;2613541;531386368;26337280;483139584;0;0;0;0;0;0;0;0;0;0;0;2605;0;0;0;0;0;0;
34688;5052706;537190400;34299904;491102208;0;0;0;0;0;0;0;0;0;0;0;2625;0;0;0;0;0;0;
34689;2540775;537190400;34299904;491102208;0;0;0;0;0;0;0;0;0;0;0;2775;0;0;0;0;0;0;
34690;4374704;537190400;34299904;491102208;0;0;0;0;0;0;0;0;0;0;0;2244;0;0;0;0;0;0;
34691;2384242;537190400;34299904;491102208;0;0;0;0;0;0;0;0;0;0;0;2565;0;0;0;0;0;0;
34692;4451809;537190400;34299904;491102208;0;0;0;0;0;0;0;0;0;0;0;2184;0;0;0;0;0;0;
34693;2488337;537190400;34299904;491102208;0;0;0;0;0;0;0;0;0;0;0;2454;0;0;0;0;0;0;
34694;4353795;537190400;34299904;491102208;0;0;0;0;0;0;0;0;0;0;0;1934;0;0;0;0;0;0;
34695;2399380;537190400;34299904;491102208;0;0;0;0;0;0;0;0;0;0;0;2345;0;0;0;0;0;0;
34696;4381848;537190400;34299904;491102208;0;0;0;0;0;0;0;0;0;0;0;2094;0;0;0;0;0;0;
34697;3330476;531386368;26337280;483139584;0;0;0;0;0;0;0;0;0;0;0;2996;0;0;0;0;0;0;
34698;4809529;531386368;26337280;483139584;0;0;0;0;0;0;0;0;0;0;0;2725;0;0;0;0;0;0;
34699;2460024;531386368;26337280;483139584;0;0;0;0;0;0;0;0;0;0;0;2695;0;0;0;0;0;0;
34700;4438333;531386368;26337280;483139584;0;0;0;0;0;0;0;0;0;0;0;1933;0;0;0;0;0;0;
34701;2354796;531386368;26337280;483139584;0;0;0;0;0;0;0;0;0;0;0;2364;0;0;0;0;0;0;
34702;4449675;531386368;26337280;483139584;0;0;0;0;0;0;0;0;0;0;0;2204;0;0;0;0;0;0;
34703;2373501;531386368;26337280;483139584;0;0;0;0;0;0;0;0;0;0;0;2495;0;0;0;0;0;0;
34704;4377389;531386368;26337280;483139584;0;0;0;0;0;0;0;0;0;0;0;2345;0;0;0;0;0;0;
34705;2369654;531386368;26337280;483139584;0;0;0;0;0;0;0;0;0;0;0;1994;0;0;0;0;0;0;
34706;4389582;531386368;26337280;483139584;0;0;0;0;0;0;0;0;0;0;0;1874;0;0;0;0;0;0;
34707;2349275;531386368;26337280;483139584;0;0;0;0;0;0;0;0;0;0;0;2364;0;0;0;0;0;0;
34708;4394512;531386368;26337280;483139584;0;0;0;0;0;0;0;0;0;0;0;1924;0;0;0;0;0;0;
34709;2445697;531386368;26337280;483139584;0;0;0;0;0;0;0;0;0;0;0;2495;0;0;0;0;0;0;
34710;4308019;531386368;26337280;483139584;0;0;0;0;0;0;0;0;0;0;0;2013;0;0;0;0;0;0;
34711;2533451;531386368;26337280;483139584;0;0;0;0;0;0;0;0;0;0;0;2164;0;0;0;0;0;0;
34712;5167822;537190400;34299904;491102208;0;0;0;0;0;0;0;0;0;0;0;2364;0;0;0;0;0;0;
34713;2502252;537190400;34299904;491102208;0;0;0;0;0;0;0;0;0;0;0;2545;0;0;0;0;0;0;
34714;4409469;537190400;34299904;491102208;0;0;0;0;0;0;0;0;0;0;0;2124;0;0;0;0;0;0;
34715;2331873;537190400;34299904;491102208;0;0;0;0;0;0;0;0;0;0;0;2094;0;0;0;0;0;0;
34716;4389502;537190400;34299904;491102208;0;0;0;0;0;0;0;0;0;0;0;1894;0;0;0;0;0;0;
34717;2314952;537190400;34299904;491102208;0;0;0;0;0;0;0;0;0;0;0;2254;0;0;0;0;0;0;
34718;4328377;537190400;34299904;491102208;0;0;0;0;0;0;0;0;0;0;0;2124;0;0;0;0;0;0;
34719;2316354;537190400;34299904;491102208;0;0;0;0;0;0;0;0;0;0;0;2034;0;0;0;0;0;0;
34720;4338597;537190400;34299904;491102208;0;0;0;0;0;0;0;0;0;0;0;2405;0;0;0;0;0;0;
34721;2632587;531386368;26337280;483139584;0;0;0;0;0;0;0;0;0;0;0;2054;0;0;0;0;0;0;
34722;4328417;531386368;26337280;483139584;0;0;0;0;0;0;0;0;0;0;0;2024;0;0;0;0;0;0;
34723;2382549;531386368;26337280;483139584;0;0;0;0;0;0;0;0;0;0;0;2184;0;0;0;0;0;0;
34724;4311646;531386368;26337280;483139584;0;0;0;0;0;0;0;0;0;0;0;2114;0;0;0;0;0;0;
34725;2389922;531386368;26337280;483139584;0;0;0;0;0;0;0;0;0;0;0;2594;0;0;0;0;0;0;
34726;4387669;531386368;26337280;483139584;0;0;0;0;0;0;0;0;0;0;0;2354;0;0;0;0;0;0;
34727;2478558;531386368;26337280;483139584;0;0;0;0;0;0;0;0;0;0;0;2354;0;0;0;0;0;0;
34728;4777620;531386368;26337280;483139584;0;0;0;0;0;0;0;0;0;0;0;2455;0;0;0;0;0;0;
34729;2625384;531386368;26337280;483139584;0;0;0;0;0;0;0;0;0;0;0;1954;0;0;0;0;0;0;
34730;4304784;531386368;26337280;483139584;0;0;0;0;0;0;0;0;0;0;0;1744;0;0;0;0;0;0;
34731;2315663;531386368;26337280;483139584;0;0;0;0;0;0;0;0;0;0;0;2464;0;0;0;0;0;0;
34732;4360528;531386368;26337280;483139584;0;0;0;0;0;0;0;0;0;0;0;1914;0;0;0;0;0;0;
34733;2309010;531386368;26337280;483139584;0;0;0;0;0;0;0;0;0;0;0;2355;0;0;0;0;0;0;
34734;4339789;531386368;26337280;483139584;0;0;0;0;0;0;0;0;0;0;0;1903;0;0;0;0;0;0;
34735;2342984;531386368;26337280;483139584;0;0;0;0;0;0;0;0;0;0;0;2565;0;0;0;0;0;0;
34736;4340560;531386368;26337280;483139584;0;0;0;0;0;0;0;0;0;0;0;2194;0;0;0;0;0;0;
34737;2345759;531386368;26337280;483139584;0;0;0;0;0;0;0;0;0;0;0;2705;0;0;0;0;0;0;
34738;5013301;537190400;34299904;491102208;0;0;0;0;0;0;0;0;0;0;0;2746;0;0;0;0;0;0;
34739;2370035;537190400;34299904;491102208;0;0;0;0;0;0;0;0;0;0;0;2264;0;0;0;0;0;0;
34740;4385214;537190400;34299904;491102208;0;0;0;0;0;0;0;0;0;0;0;2284;0;0;0;0;0;0;
34741;2367711;537190400;34299904;491102208;0;0;0;0;0;0;0;0;0;0;0;2575;0;0;0;0;0;0;
34742;4469653;537190400;34299904;491102208;0;0;0;0;0;0;0;0;0;0;0;2224;0;0;0;0;0;0;
34743;2328698;537190400;34299904;491102208;0;0;0;0;0;0;0;0;0;0;0;2464;0;0;0;0;0;0;
34744;4342864;537190400;34299904;491102208;0;0;0;0;0;0;0;0;0;0;0;2225;0;0;0;0;0;0;
34745;2265198;537190400;34299904;491102208;0;0;0;0;0;0;0;0;0;0;0;2675;0;0;0;0;0;0;
34746;4370266;537190400;34299904;491102208;0;0;0;0;0;0;0;0;0;0;0;2355;0;0;0;0;0;0;
34747;2511400;531386368;26337280;483139584;0;0;0;0;0;0;0;0;0;0;0;2615;0;0;0;0;0;0;
34748;4356531;531386368;26337280;483139584;0;0;0;0;0;0;0;0;0;0;0;2315;0;0;0;0;0;0;
34749;2353194;531386368;26337280;483139584;0;0;0;0;0;0;0;0;0;0;0;2485;0;0;0;0;0;0;
34750;4355368;531386368;26337280;483139584;0;0;0;0;0;0;0;0;0;0;0;2194;0;0;0;0;0;0;
34751;2337053;531386368;26337280;483139584;0;0;0;0;0;0;0;0;0;0;0;2285;0;0;0;0;0;0;
34752;4338476;531386368;26337280;483139584;0;0;0;0;0;0;0;0;0;0;0;2064;0;0;0;0;0;0;
34753;2350578;531386368;26337280;483139584;0;0;0;0;0;0;0;0;0;0;0;2295;0;0;0;0;0;0;
34754;4354937;531386368;26337280;483139584;0;0;0;0;0;0;0;0;0;0;0;2174;0;0;0;0;0;0;
34755;2399240;531386368;26337280;483139584;0;0;0;0;0;0;0;0;0;0;0;2134;0;0;0;0;0;0;
34756;4356891;531386368;26337280;483139584;0;0;0;0;0;0;0;0;0;0;0;2094;0;0;0;0;0;0;
34757;2320422;531386368;26337280;483139584;0;0;0;0;0;0;0;0;0;0;0;2455;0;0;0;0;0;0;
34758;4392628;531386368;26337280;483139584;0;0;0;0;0;0;0;0;0;0;0;2465;0;0;0;0;0;0;
34759;2588555;531386368;26337280;483139584;0;0;0;0;0;0;0;0;0;0;0;2304;0;0;0;0;0;0;
34760;4368473;531386368;26337280;483139584;0;0;0;0;0;0;0;0;0;0;0;2154;0;0;0;0;0;0;
34761;2568366;531386368;26337280;483139584;0;0;0;0;0;0;0;0;0;0;0;2444;0;0;0;0;0;0;
34762;5049279;537190400;34299904;491102208;0;0;0;0;0;0;0;0;0;0;0;2675;0;0;0;0;0;0;
34763;2516199;537190400;34299904;491102208;0;0;0;0;0;0;0;0;0;0;0;2675;0;0;0;0;0;0;
34764;4359205;537190400;34299904;491102208;0;0;0;0;0;0;0;0;0;0;0;2645;0;0;0;0;0;0;
34765;2369284;537190400;34299904;491102208;0;0;0;0;0;0;0;0;0;0;0;2756;0;0;0;0;0;0;
34766;4379383;537190400;34299904;491102208;0;0;0;0;0;0;0;0;0;0;0;2294;0;0;0;0;0;0;
34767;2381135;537190400;34299904;491102208;0;0;0;0;0;0;0;0;0;0;0;2445;0;0;0;0;0;0;
34768;4428976;537190400;34299904;491102208;0;0;0;0;0;0;0;0;0;0;0;2164;0;0;0;0;0;0;
34769;2342703;537190400;34299904;491102208;0;0;0;0;0;0;0;0;0;0;0;2424;0;0;0;0;0;0;
34770;4400794;537190400;34299904;491102208;0;0;0;0;0;0;0;0;0;0;0;2154;0;0;0;0;0;0;
34771;2586220;531386368;26337280;483139584;0;0;0;0;0;0;0;0;0;0;0;2405;0;0;0;0;0;0;
34772;4359826;531386368;26337280;483139584;0;0;0;0;0;0;0;0;0;0;0;2365;0;0;0;0;0;0;
34773;2336432;531386368;26337280;483139584;0;0;0;0;0;0;0;0;0;0;0;2395;0;0;0;0;0;0;
34774;4377760;531386368;26337280;483139584;0;0;0;0;0;0;0;0;0;0;0;2224;0;0;0;0;0;0;
34775;2285226;531386368;26337280;483139584;0;0;0;0;0;0;0;0;0;0;0;2084;0;0;0;0;0;0;
34776;4354857;531386368;26337280;483139584;0;0;0;0;0;0;0;0;0;0;0;2264;0;0;0;0;0;0;
34777;2266941;531386368;26337280;483139584;0;0;0;0;0;0;0;0;0;0;0;2485;0;0;0;0;0;0;
34778;4323659;531386368;26337280;483139584;0;0;0;0;0;0;0;0;0;0;0;1963;0;0;0;0;0;0;
34779;2335410;531386368;26337280;483139584;0;0;0;0;0;0;0;0;0;0;0;2205;0;0;0;0;0;0;
34780;4313480;531386368;26337280;483139584;0;0;0;0;0;0;0;0;0;0;0;1994;0;0;0;0;0;0;
34781;2390784;531386368;26337280;483139584;0;0;0;0;0;0;0;0;0;0;0;2285;0;0;0;0;0;0;
34782;4329539;531386368;26337280;483139584;0;0;0;0;0;0;0;0;0;0;0;1864;0;0;0;0;0;0;
34783;2384392;531386368;26337280;483139584;0;0;0;0;0;0;0;0;0;0;0;2104;0;0;0;0;0;0;
34784;4339008;531386368;26337280;483139584;0;0;0;0;0;0;0;0;0;0;0;2094;0;0;0;0;0;0;
34785;2570961;531386368;26337280;483139584;0;0;0;0;0;0;0;0;0;0;0;2184;0;0;0;0;0;0;
34786;5112939;537190400;34299904;491102208;0;0;0;0;0;0;0;0;0;0;0;2174;0;0;0;0;0;0;
34787;2545164;537190400;34299904;491102208;0;0;0;0;0;0;0;0;0;0;0;2625;0;0;0;0;0;0;
34788;4628049;537190400;34299904;491102208;0;0;0;0;0;0;0;0;0;0;0;2545;0;0;0;0;0;0;
34789;2544031;537190400;34299904;491102208;0;0;0;0;0;0;0;0;0;0;0;2405;0;0;0;0;0;0;
34790;4422143;537190400;34299904;491102208;0;0;0;0;0;0;0;0;0;0;0;2325;0;0;0;0;0;0;
34791;2309622;537190400;34299904;491102208;0;0;0;0;0;0;0;0;0;0;0;2935;0;0;0;0;0;0;
34792;4367411;537190400;34299904;491102208;0;0;0;0;0;0;0;0;0;0;0;2164;0;0;0;0;0;0;
34793;2372409;537190400;34299904;491102208;0;0;0;0;0;0;0;0;0;0;0;2164;0;0;0;0;0;0;
34794;4325963;537190400;34299904;491102208;0;0;0;0;0;0;0;0;0;0;0;2375;0;0;0;0;0;0;
34795;2692259;531386368;26337280;483139584;0;0;0;0;0;0;0;0;0;0;0;2785;0;0;0;0;0;0;
34796;4429888;531386368;26337280;483139584;0;0;0;0;0;0;0;0;0;0;0;2234;0;0;0;0;0;0;
34797;2424197;531386368;26337280;483139584;0;0;0;0;0;0;0;0;0;0;0;2474;0;0;0;0;0;0;
34798;4358934;531386368;26337280;483139584;0;0;0;0;0;0;0;0;0;0;0;1893;0;0;0;0;0;0;
34799;2367891;531386368;26337280;483139584;0;0;0;0;0;0;0;0;0;0;0;2244;0;0;0;0;0;0;
34800;4347143;531386368;26337280;483139584;0;0;0;0;0;0;0;0;0;0;0;2194;0;0;0;0;0;0;
34801;2425238;531386368;26337280;483139584;0;0;0;0;0;0;0;0;0;0;0;2995;0;0;0;0;0;0;
34802;4428535;531386368;26337280;483139584;0;0;0;0;0;0;0;0;0;0;0;2224;0;0;0;0;0;0;
34803;2325661;531386368;26337280;483139584;0;0;0;0;0;0;0;0;0;0;0;2515;0;0;0;0;0;0;
34804;4362341;531386368;26337280;483139584;0;0;0;0;0;0;0;0;0;0;0;1933;0;0;0;0;0;0;
34805;2299382;531386368;26337280;483139584;0;0;0;0;0;0;0;0;0;0;0;2384;0;0;0;0;0;0;
34806;4335340;531386368;26337280;483139584;0;0;0;0;0;0;0;0;0;0;0;2355;0;0;0;0;0;0;
34807;2384703;531386368;26337280;483139584;0;0;0;0;0;0;0;0;0;0;0;2274;0;0;0;0;0;0;
34808;4398849;531386368;26337280;483139584;0;0;0;0;0;0;0;0;0;0;0;2294;0;0;0;0;0;0;
34809;2324059;531386368;26337280;483139584;0;0;0;0;0;0;0;0;0;0;0;2335;0;0;0;0;0;0;
34810;4353896;531386368;26337280;483139584;0;0;0;0;0;0;0;0;0;0;0;2214;0;0;0;0;0;0;
34811;2442902;531386368;26337280;483139584;0;0;0;0;0;0;0;0;0;0;0;2134;0;0;0;0;0;0;
34812;5038259;537190400;34299904;491102208;0;0;0;0;0;0;0;0;0;0;0;2355;0;0;0;0;0;0;
34813;2419127;537190400;34299904;491102208;0;0;0;0;0;0;0;0;0;0;0;2515;0;0;0;0;0;0;
34814;4324220;537190400;34299904;491102208;0;0;0;0;0;0;0;0;0;0;0;1944;0;0;0;0;0;0;
34815;2387267;537190400;34299904;491102208;0;0;0;0;0;0;0;0;0;0;0;2074;0;0;0;0;0;0;
34816;4373492;537190400;34299904;491102208;0;0;0;0;0;0;0;0;0;0;0;2264;0;0;0;0;0;0;
34817;2413225;537190400;34299904;491102208;0;0;0;0;0;0;0;0;0;0;0;2244;0;0;0;0;0;0;
34818;4713770;537190400;34299904;491102208;0;0;0;0;0;0;0;0;0;0;0;1883;0;0;0;0;0;0;
34819;2434717;537190400;34299904;491102208;0;0;0;0;0;0;0;0;0;0;0;1833;0;0;0;0;0;0;
34820;4364445;537190400;34299904;491102208;0;0;0;0;0;0;0;0;0;0;0;1784;0;0;0;0;0;0;
34821;2647455;531386368;26337280;483139584;0;0;0;0;0;0;0;0;0;0;0;2635;0;0;0;0;0;0;
34822;4377600;531386368;26337280;483139584;0;0;0;0;0;0;0;0;0;0;0;2705;0;0;0;0;0;0;
34823;2339507;531386368;26337280;483139584;0;0;0;0;0;0;0;0;0;0;0;2295;0;0;0;0;0;0;
34824;4352122;531386368;26337280;483139584;0;0;0;0;0;0;0;0;0;0;0;2104;0;0;0;0;0;0;
34825;2376707;531386368;26337280;483139584;0;0;0;0;0;0;0;0;0;0;0;2515;0;0;0;0;0;0;
34826;4314902;531386368;26337280;483139584;0;0;0;0;0;0;0;0;0;0;0;2174;0;0;0;0;0;0;
34827;2331593;531386368;26337280;483139584;0;0;0;0;0;0;0;0;0;0;0;2154;0;0;0;0;0;0;
34828;4329079;531386368;26337280;483139584;0;0;0;0;0;0;0;0;0;0;0;1763;0;0;0;0;0;0;
34829;2459843;531386368;26337280;483139584;0;0;0;0;0;0;0;0;0;0;0;2805;0;0;0;0;0;0;
34830;4335731;531386368;26337280;483139584;0;0;0;0;0;0;0;0;0;0;0;2175;0;0;0;0;0;0;
34831;2307998;531386368;26337280;483139584;0;0;0;0;0;0;0;0;0;0;0;2244;0;0;0;0;0;0;
34832;4397036;531386368;26337280;483139584;0;0;0;0;0;0;0;0;0;0;0;2234;0;0;0;0;0;0;
34833;2335550;531386368;26337280;483139584;0;0;0;0;0;0;0;0;0;0;0;1984;0;0;0;0;0;0;
34834;4280698;531386368;26337280;483139584;0;0;0;0;0;0;0;0;0;0;0;1804;0;0;0;0;0;0;
34835;2552296;531386368;26337280;483139584;0;0;0;0;0;0;0;0;0;0;0;2023;0;0;0;0;0;0;
34836;5021127;537190400;34299904;491102208;0;0;0;0;0;0;0;0;0;0;0;2234;0;0;0;0;0;0;
34837;2540504;537190400;34299904;491102208;0;0;0;0;0;0;0;0;0;0;0;2574;0;0;0;0;0;0;
34838;4384552;537190400;34299904;491102208;0;0;0;0;0;0;0;0;0;0;0;1983;0;0;0;0;0;0;
34839;2341421;537190400;34299904;491102208;0;0;0;0;0;0;0;0;0;0;0;2275;0;0;0;0;0;0;
34840;4355017;537190400;34299904;491102208;0;0;0;0;0;0;0;0;0;0;0;2084;0;0;0;0;0;0;
34841;2385353;537190400;34299904;491102208;0;0;0;0;0;0;0;0;0;0;0;2405;0;0;0;0;0;0;
34842;4319871;537190400;34299904;491102208;0;0;0;0;0;0;0;0;0;0;0;1833;0;0;0;0;0;0;
34843;2384412;537190400;34299904;491102208;0;0;0;0;0;0;0;0;0;0;0;2244;0;0;0;0;0;0;
34844;4358364;537190400;34299904;491102208;0;0;0;0;0;0;0;0;0;0;0;1933;0;0;0;0;0;0;
34845;2593674;531386368;26337280;483139584;0;0;0;0;0;0;0;0;0;0;0;2655;0;0;0;0;0;0;
34846;4342484;531386368;26337280;483139584;0;0;0;0;0;0;0;0;0;0;0;1884;0;0;0;0;0;0;
34847;2644880;531386368;26337280;483139584;0;0;0;0;0;0;0;0;0;0;0;2715;0;0;0;0;0;0;
34848;4777680;531386368;26337280;483139584;0;0;0;0;0;0;0;0;0;0;0;2034;0;0;0;0;0;0;
34849;2551936;531386368;26337280;483139584;0;0;0;0;0;0;0;0;0;0;0;2214;0;0;0;0;0;0;
34850;4350198;531386368;26337280;483139584;0;0;0;0;0;0;0;0;0;0;0;2074;0;0;0;0;0;0;
34851;2321704;531386368;26337280;483139584;0;0;0;0;0;0;0;0;0;0;0;2004;0;0;0;0;0;0;
34852;4335961;531386368;26337280;483139584;0;0;0;0;0;0;0;0;0;0;0;2184;0;0;0;0;0;0;
34853;2420800;531386368;26337280;483139584;0;0;0;0;0;0;0;0;0;0;0;2014;0;0;0;0;0;0;
34854;4340390;531386368;26337280;483139584;0;0;0;0;0;0;0;0;0;0;0;1933;0;0;0;0;0;0;
34855;2406262;531386368;26337280;483139584;0;0;0;0;0;0;0;0;0;0;0;2525;0;0;0;0;0;0;
34856;4346912;531386368;26337280;483139584;0;0;0;0;0;0;0;0;0;0;0;1874;0;0;0;0;0;0;
34857;2401855;531386368;26337280;483139584;0;0;0;0;0;0;0;0;0;0;0;2875;0;0;0;0;0;0;
34858;4340270;531386368;26337280;483139584;0;0;0;0;0;0;0;0;0;0;0;2264;0;0;0;0;0;0;
34859;2692599;531386368;26337280;483139584;0;0;0;0;0;0;0;0;0;0;0;3065;0;0;0;0;0;0;
34860;5093903;537190400;34299904;491102208;0;0;0;0;0;0;0;0;0;0;0;3026;0;0;0;0;0;0;
34861;2584828;537190400;34299904;491102208;0;0;0;0;0;0;0;0;0;0;0;2755;0;0;0;0;0;0;
34862;4371628;537190400;34299904;491102208;0;0;0;0;0;0;0;0;0;0;0;2505;0;0;0;0;0;0;
34863;2398428;537190400;34299904;491102208;0;0;0;0;0;0;0;0;0;0;0;2474;0;0;0;0;0;0;
34864;4453843;537190400;34299904;491102208;0;0;0;0;0;0;0;0;0;0;0;2214;0;0;0;0;0;0;
34865;2477897;537190400;34299904;491102208;0;0;0;0;0;0;0;0;0;0;0;2705;0;0;0;0;0;0;
34866;4386547;537190400;34299904;491102208;0;0;0;0;0;0;0;0;0;0;0;2625;0;0;0;0;0;0;
34867;2407505;537190400;34299904;491102208;0;0;0;0;0;0;0;0;0;0;0;2484;0;0;0;0;0;0;
34868;4382850;537190400;34299904;491102208;0;0;0;0;0;0;0;0;0;0;0;2355;0;0;0;0;0;0;
34869;2704912;531386368;26337280;483139584;0;0;0;0;0;0;0;0;0;0;0;3246;0;0;0;0;0;0;
34870;4351230;531386368;26337280;483139584;0;0;0;0;0;0;0;0;0;0;0;2535;0;0;0;0;0;0;
34871;2392176;531386368;26337280;483139584;0;0;0;0;0;0;0;0;0;0;0;2705;0;0;0;0;0;0;
34872;4363854;531386368;26337280;483139584;0;0;0;0;0;0;0;0;0;0;0;2204;0;0;0;0;0;0;
34873;2385203;531386368;26337280;483139584;0;0;0;0;0;0;0;0;0;0;0;2484;0;0;0;0;0;0;
34874;4277823;531386368;26337280;483139584;0;0;0;0;0;0;0;0;0;0;0;2314;0;0;0;0;0;0;
34875;2510217;531386368;26337280;483139584;0;0;0;0;0;0;0;0;0;0;0;2896;0;0;0;0;0;0;
34876;4391806;531386368;26337280;483139584;0;0;0;0;0;0;0;0;0;0;0;2264;0;0;0;0;0;0;
34877;2615855;531386368;26337280;483139584;0;0;0;0;0;0;0;0;0;0;0;2605;0;0;0;0;0;0;
34878;4747012;531386368;26337280;483139584;0;0;0;0;0;0;0;0;0;0;0;2394;0;0;0;0;0;0;
34879;3371603;531386368;26337280;483139584;0;0;0;0;0;0;0;0;0;0;0;2485;0;0;0;0;0;0;
34880;4310404;531386368;26337280;483139584;0;0;0;0;0;0;0;0;0;0;0;1934;0;0;0;0;0;0;
34881;2396013;531386368;26337280;483139584;0;0;0;0;0;0;0;0;0;0;0;2375;0;0;0;0;0;0;
34882;4344127;531386368;26337280;483139584;0;0;0;0;0;0;0;0;0;0;0;2054;0;0;0;0;0;0;
34883;2496451;531386368;26337280;483139584;0;0;0;0;0;0;0;0;0;0;0;2254;0;0;0;0;0;0;
34884;4389272;531386368;26337280;483139584;0;0;0;0;0;0;0;0;0;0;0;2195;0;0;0;0;0;0;
34885;2393940;531386368;26337280;483139584;0;0;0;0;0;0;0;0;0;0;0;2224;0;0;0;0;0;0;
34886;5057255;537190400;34299904;491102208;0;0;0;0;0;0;0;0;0;0;0;2054;0;0;0;0;0;0;
34887;2437020;537190400;34299904;491102208;0;0;0;0;0;0;0;0;0;0;0;2535;0;0;0;0;0;0;
34888;4349697;537190400;34299904;491102208;0;0;0;0;0;0;0;0;0;0;0;2184;0;0;0;0;0;0;
34889;2397957;537190400;34299904;491102208;0;0;0;0;0;0;0;0;0;0;0;2615;0;0;0;0;0;0;
34890;4320052;537190400;34299904;491102208;0;0;0;0;0;0;0;0;0;0;0;2164;0;0;0;0;0;0;
34891;2371458;537190400;34299904;491102208;0;0;0;0;0;0;0;0;0;0;0;2284;0;0;0;0;0;0;
34892;4344227;537190400;34299904;491102208;0;0;0;0;0;0;0;0;0;0;0;2023;0;0;0;0;0;0;
34893;2499277;537190400;34299904;491102208;0;0;0;0;0;0;0;0;0;0;0;2415;0;0;0;0;0;0;
34894;4370195;537190400;34299904;491102208;0;0;0;0;0;0;0;0;0;0;0;2064;0;0;0;0;0;0;
34895;2530886;531386368;26337280;483139584;0;0;0;0;0;0;0;0;0;0;0;2474;0;0;0;0;0;0;
34896;4474181;531386368;26337280;483139584;0;0;0;0;0;0;0;0;0;0;0;2294;0;0;0;0;0;0;
34897;2328627;531386368;26337280;483139584;0;0;0;0;0;0;0;0;0;0;0;2665;0;0;0;0;0;0;
34898;4390104;531386368;26337280;483139584;0;0;0;0;0;0;0;0;0;0;0;2114;0;0;0;0;0;0;
34899;2314200;531386368;26337280;483139584;0;0;0;0;0;0;0;0;0;0;0;2575;0;0;0;0;0;0;
34900;4405331;531386368;26337280;483139584;0;0;0;0;0;0;0;0;0;0;0;2474;0;0;0;0;0;0;
34901;2355728;531386368;26337280;483139584;0;0;0;0;0;0;0;0;0;0;0;2454;0;0;0;0;0;0;
34902;4346010;531386368;26337280;483139584;0;0;0;0;0;0;0;0;0;0;0;2104;0;0;0;0;0;0;
34903;2394681;531386368;26337280;483139584;0;0;0;0;0;0;0;0;0;0;0;2154;0;0;0;0;0;0;
34904;4354397;531386368;26337280;483139584;0;0;0;0;0;0;0;0;0;0;0;2154;0;0;0;0;0;0;
34905;2408858;531386368;26337280;483139584;0;0;0;0;0;0;0;0;0;0;0;2325;0;0;0;0;0;0;
34906;4431221;531386368;26337280;483139584;0;0;0;0;0;0;0;0;0;0;0;2445;0;0;0;0;0;0;
34907;2366818;531386368;26337280;483139584;0;0;0;0;0;0;0;0;0;0;0;2174;0;0;0;0;0;0;
34908;4411363;531386368;26337280;483139584;0;0;0;0;0;0;0;0;0;0;0;2304;0;0;0;0;0;0;
34909;3261707;531386368;26337280;483139584;0;0;0;0;0;0;0;0;0;0;0;3106;0;0;0;0;0;0;
34910;5102619;537460736;34299904;491102208;0;0;0;0;0;0;0;0;0;0;0;2635;0;0;0;0;0;0;
34911;2516148;537460736;34299904;491102208;0;0;0;0;0;0;0;0;0;0;0;2755;0;0;0;0;0;0;
34912;4389602;537460736;34299904;491102208;0;0;0;0;0;0;0;0;0;0;0;2224;0;0;0;0;0;0;
34913;2331693;537460736;34299904;491102208;0;0;0;0;0;0;0;0;0;0;0;2465;0;0;0;0;0;0;
34914;4407175;537460736;34299904;491102208;0;0;0;0;0;0;0;0;0;0;0;2405;0;0;0;0;0;0;
34915;2327946;537460736;34299904;491102208;0;0;0;0;0;0;0;0;0;0;0;2335;0;0;0;0;0;0;
34916;4356651;537460736;34299904;491102208;0;0;0;0;0;0;0;0;0;0;0;2284;0;0;0;0;0;0;
34917;2418165;537460736;34299904;491102208;0;0;0;0;0;0;0;0;0;0;0;2394;0;0;0;0;0;0;
34918;4396886;537460736;34299904;491102208;0;0;0;0;0;0;0;0;0;0;0;2345;0;0;0;0;0;0;
34919;2639009;531386368;26337280;483139584;0;0;0;0;0;0;0;0;0;0;0;2595;0;0;0;0;0;0;
34920;4393239;531386368;26337280;483139584;0;0;0;0;0;0;0;0;0;0;0;2385;0;0;0;0;0;0;
34921;2413206;531386368;26337280;483139584;0;0;0;0;0;0;0;0;0;0;0;2395;0;0;0;0;0;0;
34922;4399270;531386368;26337280;483139584;0;0;0;0;0;0;0;0;0;0;0;2264;0;0;0;0;0;0;
34923;2310082;531386368;26337280;483139584;0;0;0;0;0;0;0;0;0;0;0;2184;0;0;0;0;0;0;
34924;4405331;531386368;26337280;483139584;0;0;0;0;0;0;0;0;0;0;0;2284;0;0;0;0;0;0;
34925;2364294;531386368;26337280;483139584;0;0;0;0;0;0;0;0;0;0;0;2284;0;0;0;0;0;0;
34926;4421201;531386368;26337280;483139584;0;0;0;0;0;0;0;0;0;0;0;2444;0;0;0;0;0;0;
34927;2355096;531386368;26337280;483139584;0;0;0;0;0;0;0;0;0;0;0;2384;0;0;0;0;0;0;
34928;4413146;531386368;26337280;483139584;0;0;0;0;0;0;0;0;0;0;0;2365;0;0;0;0;0;0;
34929;2342333;531386368;26337280;483139584;0;0;0;0;0;0;0;0;0;0;0;2214;0;0;0;0;0;0;
34930;4405241;531386368;26337280;483139584;0;0;0;0;0;0;0;0;0;0;0;2615;0;0;0;0;0;0;
34931;2414989;531386368;26337280;483139584;0;0;0;0;0;0;0;0;0;0;0;1924;0;0;0;0;0;0;
34932;4345720;531386368;26337280;483139584;0;0;0;0;0;0;0;0;0;0;0;2114;0;0;0;0;0;0;
34933;2453502;531386368;26337280;483139584;0;0;0;0;0;0;0;0;0;0;0;2404;0;0;0;0;0;0;
34934;4390624;531386368;26337280;483139584;0;0;0;0;0;0;0;0;0;0;0;2104;0;0;0;0;0;0;
34935;2403047;531386368;26337280;483139584;0;0;0;0;0;0;0;0;0;0;0;2034;0;0;0;0;0;0;
34936;5016859;537460736;34299904;491102208;0;0;0;0;0;0;0;0;0;0;0;2325;0;0;0;0;0;0;
34937;2418306;537460736;34299904;491102208;0;0;0;0;0;0;0;0;0;0;0;2224;0;0;0;0;0;0;
34938;4422414;537460736;34299904;491102208;0;0;0;0;0;0;0;0;0;0;0;2104;0;0;0;0;0;0;
34939;3576627;537460736;34299904;491102208;0;0;0;0;0;0;0;0;0;0;0;2935;0;0;0;0;0;0;
34940;4392618;537460736;34299904;491102208;0;0;0;0;0;0;0;0;0;0;0;1954;0;0;0;0;0;0;
34941;2262824;537460736;34299904;491102208;0;0;0;0;0;0;0;0;0;0;0;2264;0;0;0;0;0;0;
34942;4337314;537460736;34299904;491102208;0;0;0;0;0;0;0;0;0;0;0;1894;0;0;0;0;0;0;
34943;2457459;537460736;34299904;491102208;0;0;0;0;0;0;0;0;0;0;0;1963;0;0;0;0;0;0;
34944;4407005;537460736;34299904;491102208;0;0;0;0;0;0;0;0;0;0;0;2285;0;0;0;0;0;0;
34945;2588214;531386368;26337280;483139584;0;0;0;0;0;0;0;0;0;0;0;2635;0;0;0;0;0;0;
34946;4411754;531386368;26337280;483139584;0;0;0;0;0;0;0;0;0;0;0;2254;0;0;0;0;0;0;
34947;2295194;531386368;26337280;483139584;0;0;0;0;0;0;0;0;0;0;0;2395;0;0;0;0;0;0;
34948;4371238;531386368;26337280;483139584;0;0;0;0;0;0;0;0;0;0;0;2334;0;0;0;0;0;0;
34949;2389722;531386368;26337280;483139584;0;0;0;0;0;0;0;0;0;0;0;2454;0;0;0;0;0;0;
34950;4373943;531386368;26337280;483139584;0;0;0;0;0;0;0;0;0;0;0;2354;0;0;0;0;0;0;
34951;2371437;531386368;26337280;483139584;0;0;0;0;0;0;0;0;0;0;0;2695;0;0;0;0;0;0;
34952;4371499;531386368;26337280;483139584;0;0;0;0;0;0;0;0;0;0;0;2665;0;0;0;0;0;0;
34953;2355187;531386368;26337280;483139584;0;0;0;0;0;0;0;0;0;0;0;2575;0;0;0;0;0;0;
34954;4386847;531386368;26337280;483139584;0;0;0;0;0;0;0;0;0;0;0;2074;0;0;0;0;0;0;
34955;2347643;531386368;26337280;483139584;0;0;0;0;0;0;0;0;0;0;0;2886;0;0;0;0;0;0;
34956;4373492;531386368;26337280;483139584;0;0;0;0;0;0;0;0;0;0;0;2304;0;0;0;0;0;0;
34957;2329419;531386368;26337280;483139584;0;0;0;0;0;0;0;0;0;0;0;2825;0;0;0;0;0;0;
34958;5071551;537460736;34299904;491102208;0;0;0;0;0;0;0;0;0;0;0;2585;0;0;0;0;0;0;
34959;2440687;537460736;34299904;491102208;0;0;0;0;0;0;0;0;0;0;0;2865;0;0;0;0;0;0;
34960;4457239;537460736;34299904;491102208;0;0;0;0;0;0;0;0;0;0;0;2214;0;0;0;0;0;0;
34961;2380795;537460736;34299904;491102208;0;0;0;0;0;0;0;0;0;0;0;2374;0;0;0;0;0;0;
34962;4399571;537460736;34299904;491102208;0;0;0;0;0;0;0;0;0;0;0;2264;0;0;0;0;0;0;
34963;2365546;537460736;34299904;491102208;0;0;0;0;0;0;0;0;0;0;0;2485;0;0;0;0;0;0;
34964;4454524;537460736;34299904;491102208;0;0;0;0;0;0;0;0;0;0;0;2434;0;0;0;0;0;0;
34965;11510617;537460736;34299904;491102208;0;0;0;0;0;0;0;0;0;0;0;2745;0;0;0;0;0;0;
34966;4506251;537460736;34299904;491102208;0;0;0;0;0;0;0;0;0;0;0;2225;0;0;0;0;0;0;
34967;3690562;531386368;26337280;483139584;0;0;0;0;0;0;0;0;0;0;0;3307;0;0;0;0;0;0;
34968;4890672;531386368;26337280;483139584;0;0;0;0;0;0;0;0;0;0;0;3387;0;0;0;0;0;0;
34969;2520608;531386368;26337280;483139584;0;0;0;0;0;0;0;0;0;0;0;2495;0;0;0;0;0;0;
34970;4381457;531386368;26337280;483139584;0;0;0;0;0;0;0;0;0;0;0;2365;0;0;0;0;0;0;
34971;2334307;531386368;26337280;483139584;0;0;0;0;0;0;0;0;0;0;0;2265;0;0;0;0;0;0;
34972;4463901;531386368;26337280;483139584;0;0;0;0;0;0;0;0;0;0;0;1904;0;0;0;0;0;0;
34973;2389271;531386368;26337280;483139584;0;0;0;0;0;0;0;0;0;0;0;2314;0;0;0;0;0;0;
34974;4444094;531386368;26337280;483139584;0;0;0;0;0;0;0;0;0;0;0;2134;0;0;0;0;0;0;
34975;2319269;531386368;26337280;483139584;0;0;0;0;0;0;0;0;0;0;0;1914;0;0;0;0;0;0;
34976;4351030;531386368;26337280;483139584;0;0;0;0;0;0;0;0;0;0;0;1793;0;0;0;0;0;0;
34977;2269967;531386368;26337280;483139584;0;0;0;0;0;0;0;0;0;0;0;2033;0;0;0;0;0;0;
34978;4412245;531386368;26337280;483139584;0;0;0;0;0;0;0;0;0;0;0;2054;0;0;0;0;0;0;
34979;2382438;531386368;26337280;483139584;0;0;0;0;0;0;0;0;0;0;0;2584;0;0;0;0;0;0;
34980;4469702;531386368;26337280;483139584;0;0;0;0;0;0;0;0;0;0;0;1963;0;0;0;0;0;0;
34981;2430228;531386368;26337280;483139584;0;0;0;0;0;0;0;0;0;0;0;2475;0;0;0;0;0;0;
34982;4381818;531386368;26337280;483139584;0;0;0;0;0;0;0;0;0;0;0;2014;0;0;0;0;0;0;
34983;2314911;531386368;26337280;483139584;0;0;0;0;0;0;0;0;0;0;0;2094;0;0;0;0;0;0;
34984;5059499;537460736;34299904;491102208;0;0;0;0;0;0;0;0;0;0;0;2324;0;0;0;0;0;0;
34985;2429697;537460736;34299904;491102208;0;0;0;0;0;0;0;0;0;0;0;2505;0;0;0;0;0;0;
34986;4380795;537460736;34299904;491102208;0;0;0;0;0;0;0;0;0;0;0;1943;0;0;0;0;0;0;
34987;2347913;537460736;34299904;491102208;0;0;0;0;0;0;0;0;0;0;0;2334;0;0;0;0;0;0;
34988;4407936;537460736;34299904;491102208;0;0;0;0;0;0;0;0;0;0;0;1894;0;0;0;0;0;0;
34989;2414137;537460736;34299904;491102208;0;0;0;0;0;0;0;0;0;0;0;2194;0;0;0;0;0;0;
34990;4365567;537460736;34299904;491102208;0;0;0;0;0;0;0;0;0;0;0;2345;0;0;0;0;0;0;
34991;2325341;537460736;34299904;491102208;0;0;0;0;0;0;0;0;0;0;0;2354;0;0;0;0;0;0;
34992;4384392;537460736;34299904;491102208;0;0;0;0;0;0;0;0;0;0;0;1964;0;0;0;0;0;0;
34993;2547828;531386368;26337280;483139584;0;0;0;0;0;0;0;0;0;0;0;2585;0;0;0;0;0;0;
34994;4387999;531386368;26337280;483139584;0;0;0;0;0;0;0;0;0;0;0;1914;0;0;0;0;0;0;
34995;2361909;531386368;26337280;483139584;0;0;0;0;0;0;0;0;0;0;0;2405;0;0;0;0;0;0;
34996;4354356;531386368;26337280;483139584;0;0;0;0;0;0;0;0;0;0;0;2134;0;0;0;0;0;0;
34997;2370966;531386368;26337280;483139584;0;0;0;0;0;0;0;0;0;0;0;2515;0;0;0;0;0;0;
34998;4838925;531386368;26337280;483139584;0;0;0;0;0;0;0;0;0;0;0;2255;0;0;0;0;0;0;
34999;2547888;531386368;26337280;483139584;0;0;0;0;0;0;0;0;0;0;0;2315;0;0;0;0;0;0;
35000;4398849;531386368;26337280;483139584;0;0;0;0;0;0;0;0;0;0;0;2084;0;0;0;0;0;0;
35001;2350438;531386368;26337280;483139584;0;0;0;0;0;0;0;0;0;0;0;2245;0;0;0;0;0;0;
35002;4324871;531386368;26337280;483139584;0;0;0;0;0;0;0;0;0;0;0;2114;0;0;0;0;0;0;
35003;2338515;531386368;26337280;483139584;0;0;0;0;0;0;0;0;0;0;0;2104;0;0;0;0;0;0;
35004;4350209;531386368;26337280;483139584;0;0;0;0;0;0;0;0;0;0;0;2024;0;0;0;0;0;0;
35005;2299702;531386368;26337280;483139584;0;0;0;0;0;0;0;0;0;0;0;2485;0;0;0;0;0;0;
35006;4346601;531386368;26337280;483139584;0;0;0;0;0;0;0;0;0;0;0;2345;0;0;0;0;0;0;
35007;2295525;531386368;26337280;483139584;0;0;0;0;0;0;0;0;0;0;0;2214;0;0;0;0;0;0;
35008;4366940;531386368;26337280;483139584;0;0;0;0;0;0;0;0;0;0;0;2244;0;0;0;0;0;0;
35009;2325551;531386368;26337280;483139584;0;0;0;0;0;0;0;0;0;0;0;2294;0;0;0;0;0;0;
35010;5116265;537460736;34299904;491102208;0;0;0;0;0;0;0;0;0;0;0;2415;0;0;0;0;0;0;
35011;2425319;537460736;34299904;491102208;0;0;0;0;0;0;0;0;0;0;0;2314;0;0;0;0;0;0;
35012;4427503;537460736;34299904;491102208;0;0;0;0;0;0;0;0;0;0;0;2104;0;0;0;0;0;0;
35013;2442450;537460736;34299904;491102208;0;0;0;0;0;0;0;0;0;0;0;2434;0;0;0;0;0;0;
35014;4387929;537460736;34299904;491102208;0;0;0;0;0;0;0;0;0;0;0;2154;0;0;0;0;0;0;
35015;2301637;537460736;34299904;491102208;0;0;0;0;0;0;0;0;0;0;0;2214;0;0;0;0;0;0;
35016;4335570;537460736;34299904;491102208;0;0;0;0;0;0;0;0;0;0;0;2124;0;0;0;0;0;0;
35017;2365507;537460736;34299904;491102208;0;0;0;0;0;0;0;0;0;0;0;2244;0;0;0;0;0;0;
35018;4392328;537460736;34299904;491102208;0;0;0;0;0;0;0;0;0;0;0;2024;0;0;0;0;0;0;
35019;2635934;531386368;26337280;483139584;0;0;0;0;0;0;0;0;0;0;0;2385;0;0;0;0;0;0;
35020;4375075;531386368;26337280;483139584;0;0;0;0;0;0;0;0;0;0;0;2224;0;0;0;0;0;0;
35021;2302508;531386368;26337280;483139584;0;0;0;0;0;0;0;0;0;0;0;2375;0;0;0;0;0;0;
35022;4355669;531386368;26337280;483139584;0;0;0;0;0;0;0;0;0;0;0;2214;0;0;0;0;0;0;
35023;2360397;531386368;26337280;483139584;0;0;0;0;0;0;0;0;0;0;0;2725;0;0;0;0;0;0;
35024;4396876;531386368;26337280;483139584;0;0;0;0;0;0;0;0;0;0;0;2274;0;0;0;0;0;0;
35025;2340860;531386368;26337280;483139584;0;0;0;0;0;0;0;0;0;0;0;2604;0;0;0;0;0;0;
35026;4370015;531386368;26337280;483139584;0;0;0;0;0;0;0;0;0;0;0;1974;0;0;0;0;0;0;
35027;2329168;531386368;26337280;483139584;0;0;0;0;0;0;0;0;0;0;0;2175;0;0;0;0;0;0;
35028;4753415;531386368;26337280;483139584;0;0;0;0;0;0;0;0;0;0;0;2364;0;0;0;0;0;0;
35029;2646674;531386368;26337280;483139584;0;0;0;0;0;0;0;0;0;0;0;2405;0;0;0;0;0;0;
35030;4322917;531386368;26337280;483139584;0;0;0;0;0;0;0;0;0;0;0;2074;0;0;0;0;0;0;
35031;2316003;531386368;26337280;483139584;0;0;0;0;0;0;0;0;0;0;0;2434;0;0;0;0;0;0;
35032;5022530;537460736;34299904;491102208;0;0;0;0;0;0;0;0;0;0;0;2595;0;0;0;0;0;0;
35033;2469041;537460736;34299904;491102208;0;0;0;0;0;0;0;0;0;0;0;2585;0;0;0;0;0;0;
35034;4387148;537460736;34299904;491102208;0;0;0;0;0;0;0;0;0;0;0;2014;0;0;0;0;0;0;
35035;2369233;537460736;34299904;491102208;0;0;0;0;0;0;0;0;0;0;0;2605;0;0;0;0;0;0;
35036;4388961;537460736;34299904;491102208;0;0;0;0;0;0;0;0;0;0;0;2234;0;0;0;0;0;0;
35037;2451568;537460736;34299904;491102208;0;0;0;0;0;0;0;0;0;0;0;2655;0;0;0;0;0;0;
35038;4357101;537460736;34299904;491102208;0;0;0;0;0;0;0;0;0;0;0;2334;0;0;0;0;0;0;
35039;2351490;537460736;34299904;491102208;0;0;0;0;0;0;0;0;0;0;0;2224;0;0;0;0;0;0;
35040;4367520;537460736;34299904;491102208;0;0;0;0;0;0;0;0;0;0;0;2164;0;0;0;0;0;0;
35041;2527350;531386368;26337280;483139584;0;0;0;0;0;0;0;0;0;0;0;2644;0;0;0;0;0;0;
35042;4374003;531386368;26337280;483139584;0;0;0;0;0;0;0;0;0;0;0;2564;0;0;0;0;0;0;
35043;2339127;531386368;26337280;483139584;0;0;0;0;0;0;0;0;0;0;0;2695;0;0;0;0;0;0;
35044;4341352;531386368;26337280;483139584;0;0;0;0;0;0;0;0;0;0;0;2414;0;0;0;0;0;0;
35045;2424818;531386368;26337280;483139584;0;0;0;0;0;0;0;0;0;0;0;2705;0;0;0;0;0;0;
35046;4340139;531386368;26337280;483139584;0;0;0;0;0;0;0;0;0;0;0;2354;0;0;0;0;0;0;
35047;2437561;531386368;26337280;483139584;0;0;0;0;0;0;0;0;0;0;0;2595;0;0;0;0;0;0;
35048;4378532;531386368;26337280;483139584;0;0;0;0;0;0;0;0;0;0;0;2314;0;0;0;0;0;0;
35049;2394671;531386368;26337280;483139584;0;0;0;0;0;0;0;0;0;0;0;2575;0;0;0;0;0;0;
35050;4393119;531386368;26337280;483139584;0;0;0;0;0;0;0;0;0;0;0;2384;0;0;0;0;0;0;
35051;2390704;531386368;26337280;483139584;0;0;0;0;0;0;0;0;0;0;0;2375;0;0;0;0;0;0;
35052;4393109;531386368;26337280;483139584;0;0;0;0;0;0;0;0;0;0;0;2074;0;0;0;0;0;0;
35053;2430638;531386368;26337280;483139584;0;0;0;0;0;0;0;0;0;0;0;2495;0;0;0;0;0;0;
35054;4342214;531386368;26337280;483139584;0;0;0;0;0;0;0;0;0;0;0;2134;0;0;0;0;0;0;
35055;2368943;531386368;26337280;483139584;0;0;0;0;0;0;0;0;0;0;0;2074;0;0;0;0;0;0;
35056;4341312;531386368;26337280;483139584;0;0;0;0;0;0;0;0;0;0;0;2023;0;0;0;0;0;0;
35057;2739387;531386368;26337280;483139584;0;0;0;0;0;0;0;0;0;0;0;3347;0;0;0;0;0;0;
35058;5686104;537460736;34299904;491102208;0;0;0;0;0;0;0;0;0;0;0;2996;0;0;0;0;0;0;
35059;2706015;537460736;34299904;491102208;0;0;0;0;0;0;0;0;0;0;0;2736;0;0;0;0;0;0;
35060;4349677;537460736;34299904;491102208;0;0;0;0;0;0;0;0;0;0;0;2284;0;0;0;0;0;0;
35061;2345810;537460736;34299904;491102208;0;0;0;0;0;0;0;0;0;0;0;2885;0;0;0;0;0;0;
35062;4357873;537460736;34299904;491102208;0;0;0;0;0;0;0;0;0;0;0;2585;0;0;0;0;0;0;
35063;2323989;537460736;34299904;491102208;0;0;0;0;0;0;0;0;0;0;0;2875;0;0;0;0;0;0;
35064;4320733;537460736;34299904;491102208;0;0;0;0;0;0;0;0;0;0;0;2385;0;0;0;0;0;0;
35065;2340239;537460736;34299904;491102208;0;0;0;0;0;0;0;0;0;0;0;2575;0;0;0;0;0;0;
35066;4350169;537460736;34299904;491102208;0;0;0;0;0;0;0;0;0;0;0;2584;0;0;0;0;0;0;
35067;2521909;531386368;26337280;483139584;0;0;0;0;0;0;0;0;0;0;0;2324;0;0;0;0;0;0;
35068;4414659;531386368;26337280;483139584;0;0;0;0;0;0;0;0;0;0;0;2345;0;0;0;0;0;0;
35069;2309251;531386368;26337280;483139584;0;0;0;0;0;0;0;0;0;0;0;2244;0;0;0;0;0;0;
35070;4389633;531386368;26337280;483139584;0;0;0;0;0;0;0;0;0;0;0;2195;0;0;0;0;0;0;
35071;2354195;531386368;26337280;483139584;0;0;0;0;0;0;0;0;0;0;0;2385;0;0;0;0;0;0;
35072;4379884;531386368;26337280;483139584;0;0;0;0;0;0;0;0;0;0;0;2244;0;0;0;0;0;0;
35073;2357211;531386368;26337280;483139584;0;0;0;0;0;0;0;0;0;0;0;2564;0;0;0;0;0;0;
35074;4402406;531386368;26337280;483139584;0;0;0;0;0;0;0;0;0;0;0;2124;0;0;0;0;0;0;
35075;2322205;531386368;26337280;483139584;0;0;0;0;0;0;0;0;0;0;0;2355;0;0;0;0;0;0;
35076;4371468;531386368;26337280;483139584;0;0;0;0;0;0;0;0;0;0;0;2043;0;0;0;0;0;0;
35077;2500098;531386368;26337280;483139584;0;0;0;0;0;0;0;0;0;0;0;2244;0;0;0;0;0;0;
35078;4450206;531386368;26337280;483139584;0;0;0;0;0;0;0;0;0;0;0;2024;0;0;0;0;0;0;
35079;2404139;531386368;26337280;483139584;0;0;0;0;0;0;0;0;0;0;0;2344;0;0;0;0;0;0;
35080;4425600;531386368;26337280;483139584;0;0;0;0;0;0;0;0;0;0;0;2214;0;0;0;0;0;0;
35081;2345940;531386368;26337280;483139584;0;0;0;0;0;0;0;0;0;0;0;2425;0;0;0;0;0;0;
35082;4410040;531386368;26337280;483139584;0;0;0;0;0;0;0;0;0;0;0;2164;0;0;0;0;0;0;
35083;2353434;531386368;26337280;483139584;0;0;0;0;0;0;0;0;0;0;0;2775;0;0;0;0;0;0;
35084;5182800;537460736;34299904;491102208;0;0;0;0;0;0;0;0;0;0;0;3176;0;0;0;0;0;0;
35085;2452700;537460736;34299904;491102208;0;0;0;0;0;0;0;0;0;0;0;2835;0;0;0;0;0;0;
35086;4523623;537460736;34299904;491102208;0;0;0;0;0;0;0;0;0;0;0;2144;0;0;0;0;0;0;
35087;2506331;537460736;34299904;491102208;0;0;0;0;0;0;0;0;0;0;0;2495;0;0;0;0;0;0;
35088;4879451;537460736;34299904;491102208;0;0;0;0;0;0;0;0;0;0;0;2635;0;0;0;0;0;0;
35089;3438989;537460736;34299904;491102208;0;0;0;0;0;0;0;0;0;0;0;2544;0;0;0;0;0;0;
35090;4414710;537460736;34299904;491102208;0;0;0;0;0;0;0;0;0;0;0;2294;0;0;0;0;0;0;
35091;2429737;537460736;34299904;491102208;0;0;0;0;0;0;0;0;0;0;0;2254;0;0;0;0;0;0;
35092;4361299;537460736;34299904;491102208;0;0;0;0;0;0;0;0;0;0;0;1944;0;0;0;0;0;0;
35093;2643237;531386368;26337280;483139584;0;0;0;0;0;0;0;0;0;0;0;2805;0;0;0;0;0;0;
35094;4361780;531386368;26337280;483139584;0;0;0;0;0;0;0;0;0;0;0;2344;0;0;0;0;0;0;
35095;2549922;531386368;26337280;483139584;0;0;0;0;0;0;0;0;0;0;0;2906;0;0;0;0;0;0;
35096;4388009;531386368;26337280;483139584;0;0;0;0;0;0;0;0;0;0;0;2555;0;0;0;0;0;0;
35097;2427543;531386368;26337280;483139584;0;0;0;0;0;0;0;0;0;0;0;3025;0;0;0;0;0;0;
35098;4361790;531386368;26337280;483139584;0;0;0;0;0;0;0;0;0;0;0;2294;0;0;0;0;0;0;
35099;2360858;531386368;26337280;483139584;0;0;0;0;0;0;0;0;0;0;0;2475;0;0;0;0;0;0;
35100;4385234;531386368;26337280;483139584;0;0;0;0;0;0;0;0;0;0;0;2184;0;0;0;0;0;0;
35101;2336502;531386368;26337280;483139584;0;0;0;0;0;0;0;0;0;0;0;2785;0;0;0;0;0;0;
35102;4423065;531386368;26337280;483139584;0;0;0;0;0;0;0;0;0;0;0;2815;0;0;0;0;0;0;
35103;2315472;531386368;26337280;483139584;0;0;0;0;0;0;0;0;0;0;0;2535;0;0;0;0;0;0;
35104;4399200;531386368;26337280;483139584;0;0;0;0;0;0;0;0;0;0;0;2404;0;0;0;0;0;0;
35105;2379913;531386368;26337280;483139584;0;0;0;0;0;0;0;0;0;0;0;2695;0;0;0;0;0;0;
35106;5025144;537460736;34299904;491102208;0;0;0;0;0;0;0;0;0;0;0;2795;0;0;0;0;0;0;
35107;2344487;537460736;34299904;491102208;0;0;0;0;0;0;0;0;0;0;0;2514;0;0;0;0;0;0;
35108;4420039;537460736;34299904;491102208;0;0;0;0;0;0;0;0;0;0;0;2305;0;0;0;0;0;0;
35109;2369904;537460736;34299904;491102208;0;0;0;0;0;0;0;0;0;0;0;2695;0;0;0;0;0;0;
35110;4411984;537460736;34299904;491102208;0;0;0;0;0;0;0;0;0;0;0;2415;0;0;0;0;0;0;
35111;2416101;537460736;34299904;491102208;0;0;0;0;0;0;0;0;0;0;0;2335;0;0;0;0;0;0;
35112;4381217;537460736;34299904;491102208;0;0;0;0;0;0;0;0;0;0;0;2274;0;0;0;0;0;0;
35113;2300354;537460736;34299904;491102208;0;0;0;0;0;0;0;0;0;0;0;2384;0;0;0;0;0;0;
35114;4372721;537460736;34299904;491102208;0;0;0;0;0;0;0;0;0;0;0;2485;0;0;0;0;0;0;
35115;2580920;531386368;26337280;483139584;0;0;0;0;0;0;0;0;0;0;0;2876;0;0;0;0;0;0;
35116;4427714;531386368;26337280;483139584;0;0;0;0;0;0;0;0;0;0;0;2284;0;0;0;0;0;0;
35117;2347302;531386368;26337280;483139584;0;0;0;0;0;0;0;0;0;0;0;2535;0;0;0;0;0;0;
35118;4448854;531386368;26337280;483139584;0;0;0;0;0;0;0;0;0;0;0;2264;0;0;0;0;0;0;
35119;2950623;531386368;26337280;483139584;0;0;0;0;0;0;0;0;0;0;0;2655;0;0;0;0;0;0;
35120;4410442;531386368;26337280;483139584;0;0;0;0;0;0;0;0;0;0;0;2284;0;0;0;0;0;0;
35121;2309711;531386368;26337280;483139584;0;0;0;0;0;0;0;0;0;0;0;2604;0;0;0;0;0;0;
35122;4418647;531386368;26337280;483139584;0;0;0;0;0;0;0;0;0;0;0;2194;0;0;0;0;0;0;
35123;2359896;531386368;26337280;483139584;0;0;0;0;0;0;0;0;0;0;0;2234;0;0;0;0;0;0;
35124;4395884;531386368;26337280;483139584;0;0;0;0;0;0;0;0;0;0;0;2264;0;0;0;0;0;0;
35125;2372850;531386368;26337280;483139584;0;0;0;0;0;0;0;0;0;0;0;2866;0;0;0;0;0;0;
35126;4406103;531386368;26337280;483139584;0;0;0;0;0;0;0;0;0;0;0;2265;0;0;0;0;0;0;
35127;2282861;531386368;26337280;483139584;0;0;0;0;0;0;0;0;0;0;0;2374;0;0;0;0;0;0;
35128;4388050;531386368;26337280;483139584;0;0;0;0;0;0;0;0;0;0;0;2254;0;0;0;0;0;0;
35129;2438393;531386368;26337280;483139584;0;0;0;0;0;0;0;0;0;0;0;2484;0;0;0;0;0;0;
35130;4464613;531386368;26337280;483139584;0;0;0;0;0;0;0;0;0;0;0;2204;0;0;0;0;0;0;
35131;2389321;531386368;26337280;483139584;0;0;0;0;0;0;0;0;0;0;0;2394;0;0;0;0;0;0;
35132;5231260;537460736;34299904;491102208;0;0;0;0;0;0;0;0;0;0;0;3166;0;0;0;0;0;0;
35133;2441990;537460736;34299904;491102208;0;0;0;0;0;0;0;0;0;0;0;2675;0;0;0;0;0;0;
35134;4405322;537460736;34299904;491102208;0;0;0;0;0;0;0;0;0;0;0;2404;0;0;0;0;0;0;
35135;2296026;537460736;34299904;491102208;0;0;0;0;0;0;0;0;0;0;0;2334;0;0;0;0;0;0;
35136;4394471;537460736;34299904;491102208;0;0;0;0;0;0;0;0;0;0;0;2114;0;0;0;0;0;0;
35137;2305644;537460736;34299904;491102208;0;0;0;0;0;0;0;0;0;0;0;2234;0;0;0;0;0;0;
35138;4381998;537460736;34299904;491102208;0;0;0;0;0;0;0;0;0;0;0;2014;0;0;0;0;0;0;
35139;2293622;537460736;34299904;491102208;0;0;0;0;0;0;0;0;0;0;0;2224;0;0;0;0;0;0;
35140;4451508;537460736;34299904;491102208;0;0;0;0;0;0;0;0;0;0;0;2235;0;0;0;0;0;0;
35141;2661972;531386368;26337280;483139584;0;0;0;0;0;0;0;0;0;0;0;2474;0;0;0;0;0;0;
35142;4357302;531386368;26337280;483139584;0;0;0;0;0;0;0;0;0;0;0;2134;0;0;0;0;0;0;
35143;2351701;531386368;26337280;483139584;0;0;0;0;0;0;0;0;0;0;0;2525;0;0;0;0;0;0;
35144;4438724;531386368;26337280;483139584;0;0;0;0;0;0;0;0;0;0;0;2224;0;0;0;0;0;0;
35145;2388509;531386368;26337280;483139584;0;0;0;0;0;0;0;0;0;0;0;2234;0;0;0;0;0;0;
35146;4358994;531386368;26337280;483139584;0;0;0;0;0;0;0;0;0;0;0;1964;0;0;0;0;0;0;
35147;2245120;531386368;26337280;483139584;0;0;0;0;0;0;0;0;0;0;0;2034;0;0;0;0;0;0;
35148;4380304;531386368;26337280;483139584;0;0;0;0;0;0;0;0;0;0;0;1974;0;0;0;0;0;0;
35149;3211513;531386368;26337280;483139584;0;0;0;0;0;0;0;0;0;0;0;2735;0;0;0;0;0;0;
35150;4345870;531386368;26337280;483139584;0;0;0;0;0;0;0;0;0;0;0;2174;0;0;0;0;0;0;
35151;2445326;531386368;26337280;483139584;0;0;0;0;0;0;0;0;0;0;0;2665;0;0;0;0;0;0;
35152;4388751;531386368;26337280;483139584;0;0;0;0;0;0;0;0;0;0;0;2184;0;0;0;0;0;0;
35153;2330271;531386368;26337280;483139584;0;0;0;0;0;0;0;0;0;0;0;2294;0;0;0;0;0;0;
35154;4366700;531386368;26337280;483139584;0;0;0;0;0;0;0;0;0;0;0;2124;0;0;0;0;0;0;
35155;2327505;531386368;26337280;483139584;0;0;0;0;0;0;0;0;0;0;0;2274;0;0;0;0;0;0;
35156;4525887;531386368;26337280;483139584;0;0;0;0;0;0;0;0;0;0;0;2484;0;0;0;0;0;0;
35157;2357140;531386368;26345472;483147776;0;0;0;0;0;0;0;0;0;0;0;2725;0;0;0;0;0;0;
35158;5082873;537460736;34308096;491110400;0;0;0;0;0;0;0;0;0;0;0;2625;0;0;0;0;0;0;
35159;2479771;537460736;34308096;491110400;0;0;0;0;0;0;0;0;0;0;0;3146;0;0;0;0;0;0;
35160;4441840;537460736;34308096;491110400;0;0;0;0;0;0;0;0;0;0;0;2325;0;0;0;0;0;0;
35161;2403037;537460736;34308096;491110400;0;0;0;0;0;0;0;0;0;0;0;2885;0;0;0;0;0;0;
35162;4423075;537460736;34308096;491110400;0;0;0;0;0;0;0;0;0;0;0;2324;0;0;0;0;0;0;
35163;2410581;537505792;34299904;491102208;0;0;0;0;0;0;0;0;0;0;0;2475;0;0;0;0;0;0;
35164;4413247;537505792;34299904;491102208;0;0;0;0;0;0;0;0;0;0;0;2264;0;0;0;0;0;0;
35165;2415590;537505792;34299904;491102208;0;0;0;0;0;0;0;0;0;0;0;3236;0;0;0;0;0;0;
35166;4429337;537505792;34299904;491102208;0;0;0;0;0;0;0;0;0;0;0;2645;0;0;0;0;0;0;
35167;2547778;531386368;26337280;483139584;0;0;0;0;0;0;0;0;0;0;0;2815;0;0;0;0;0;0;
35168;4432262;531386368;26337280;483139584;0;0;0;0;0;0;0;0;0;0;0;2405;0;0;0;0;0;0;
35169;2343495;531386368;26337280;483139584;0;0;0;0;0;0;0;0;0;0;0;2645;0;0;0;0;0;0;
35170;4392688;531386368;26337280;483139584;0;0;0;0;0;0;0;0;0;0;0;2184;0;0;0;0;0;0;
35171;2337343;531386368;26337280;483139584;0;0;0;0;0;0;0;0;0;0;0;2434;0;0;0;0;0;0;
35172;4407976;531386368;26337280;483139584;0;0;0;0;0;0;0;0;0;0;0;2274;0;0;0;0;0;0;
35173;2548550;531386368;26337280;483139584;0;0;0;0;0;0;0;0;0;0;0;2545;0;0;0;0;0;0;
35174;4389211;531386368;26337280;483139584;0;0;0;0;0;0;0;0;0;0;0;2215;0;0;0;0;0;0;
35175;2275918;531386368;26337280;483139584;0;0;0;0;0;0;0;0;0;0;0;2655;0;0;0;0;0;0;
35176;4365527;531386368;26337280;483139584;0;0;0;0;0;0;0;0;0;0;0;2515;0;0;0;0;0;0;
35177;2317036;531386368;26337280;483139584;0;0;0;0;0;0;0;0;0;0;0;2535;0;0;0;0;0;0;
35178;4432463;531386368;26337280;483139584;0;0;0;0;0;0;0;0;0;0;0;2354;0;0;0;0;0;0;
35179;3159124;531386368;26337280;483139584;0;0;0;0;0;0;0;0;0;0;0;2876;0;0;0;0;0;0;
35180;5604932;537460736;34299904;491102208;0;0;0;0;0;0;0;0;0;0;0;2325;0;0;0;0;0;0;
35181;2464832;537460736;34299904;491102208;0;0;0;0;0;0;0;0;0;0;0;2996;0;0;0;0;0;0;
35182;4386686;537460736;34299904;491102208;0;0;0;0;0;0;0;0;0;0;0;2355;0;0;0;0;0;0;
35183;2408678;537460736;34299904;491102208;0;0;0;0;0;0;0;0;0;0;0;2455;0;0;0;0;0;0;
35184;4345139;537460736;34299904;491102208;0;0;0;0;0;0;0;0;0;0;0;2224;0;0;0;0;0;0;
35185;2483007;537460736;34299904;491102208;0;0;0;0;0;0;0;0;0;0;0;2665;0;0;0;0;0;0;
35186;4354816;537460736;34299904;491102208;0;0;0;0;0;0;0;0;0;0;0;2595;0;0;0;0;0;0;
35187;2383921;537460736;34299904;491102208;0;0;0;0;0;0;0;0;0;0;0;2645;0;0;0;0;0;0;
35188;4350749;537460736;34299904;491102208;0;0;0;0;0;0;0;0;0;0;0;2124;0;0;0;0;0;0;
35189;2641254;531386368;26337280;483139584;0;0;0;0;0;0;0;0;0;0;0;2494;0;0;0;0;0;0;
35190;4399401;531386368;26337280;483139584;0;0;0;0;0;0;0;0;0;0;0;2414;0;0;0;0;0;0;
35191;2505269;531386368;26337280;483139584;0;0;0;0;0;0;0;0;0;0;0;2846;0;0;0;0;0;0;
35192;4382008;531386368;26337280;483139584;0;0;0;0;0;0;0;0;0;0;0;2254;0;0;0;0;0;0;
35193;2401504;531386368;26337280;483139584;0;0;0;0;0;0;0;0;0;0;0;2685;0;0;0;0;0;0;
35194;4368883;531386368;26337280;483139584;0;0;0;0;0;0;0;0;0;0;0;2505;0;0;0;0;0;0;
35195;2298150;531386368;26337280;483139584;0;0;0;0;0;0;0;0;0;0;0;2755;0;0;0;0;0;0;
35196;4477296;531386368;26337280;483139584;0;0;0;0;0;0;0;0;0;0;0;2244;0;0;0;0;0;0;
35197;2304612;531386368;26337280;483139584;0;0;0;0;0;0;0;0;0;0;0;2716;0;0;0;0;0;0;
35198;4351250;531386368;26337280;483139584;0;0;0;0;0;0;0;0;0;0;0;2385;0;0;0;0;0;0;
35199;2310744;531386368;26337280;483139584;0;0;0;0;0;0;0;0;0;0;0;2595;0;0;0;0;0;0;
35200;4380365;531386368;26337280;483139584;0;0;0;0;0;0;0;0;0;0;0;2485;0;0;0;0;0;0;
35201;2327285;531386368;26337280;483139584;0;0;0;0;0;0;0;0;0;0;0;2585;0;0;0;0;0;0;
35202;4361019;531386368;26337280;483139584;0;0;0;0;0;0;0;0;0;0;0;2324;0;0;0;0;0;0;
35203;2356480;531386368;26337280;483139584;0;0;0;0;0;0;0;0;0;0;0;2995;0;0;0;0;0;0;
35204;4412015;531386368;26337280;483139584;0;0;0;0;0;0;0;0;0;0;0;2645;0;0;0;0;0;0;
35205;2320562;531386368;26337280;483139584;0;0;0;0;0;0;0;0;0;0;0;3226;0;0;0;0;0;0;
35206;5116415;537460736;34299904;491102208;0;0;0;0;0;0;0;0;0;0;0;2755;0;0;0;0;0;0;
35207;2417815;537460736;34299904;491102208;0;0;0;0;0;0;0;0;0;0;0;2544;0;0;0;0;0;0;
35208;4523894;537460736;34299904;491102208;0;0;0;0;0;0;0;0;0;0;0;2234;0;0;0;0;0;0;
35209;3075758;537460736;34299904;491102208;0;0;0;0;0;0;0;0;0;0;0;3967;0;0;0;0;0;0;
35210;4910980;537460736;34299904;491102208;0;0;0;0;0;0;0;0;0;0;0;2625;0;0;0;0;0;0;
35211;2460394;537460736;34299904;491102208;0;0;0;0;0;0;0;0;0;0;0;2314;0;0;0;0;0;0;
35212;4384893;537460736;34299904;491102208;0;0;0;0;0;0;0;0;0;0;0;2414;0;0;0;0;0;0;
35213;2362391;537460736;34299904;491102208;0;0;0;0;0;0;0;0;0;0;0;2995;0;0;0;0;0;0;
35214;4426311;537460736;34299904;491102208;0;0;0;0;0;0;0;0;0;0;0;2275;0;0;0;0;0;0;
35215;2547607;531386368;26337280;483139584;0;0;0;0;0;0;0;0;0;0;0;2494;0;0;0;0;0;0;
35216;4392167;531386368;26337280;483139584;0;0;0;0;0;0;0;0;0;0;0;2695;0;0;0;0;0;0;
35217;2294684;531386368;26337280;483139584;0;0;0;0;0;0;0;0;0;0;0;2565;0;0;0;0;0;0;
35218;4403769;531386368;26337280;483139584;0;0;0;0;0;0;0;0;0;0;0;2244;0;0;0;0;0;0;
35219;2319429;531386368;26337280;483139584;0;0;0;0;0;0;0;0;0;0;0;3005;0;0;0;0;0;0;
35220;4364816;531386368;26337280;483139584;0;0;0;0;0;0;0;0;0;0;0;1974;0;0;0;0;0;0;
35221;2387217;531386368;26337280;483139584;0;0;0;0;0;0;0;0;0;0;0;2354;0;0;0;0;0;0;
35222;4368172;531386368;26337280;483139584;0;0;0;0;0;0;0;0;0;0;0;1964;0;0;0;0;0;0;
35223;2315392;531386368;26337280;483139584;0;0;0;0;0;0;0;0;0;0;0;2014;0;0;0;0;0;0;
35224;4397276;531386368;26337280;483139584;0;0;0;0;0;0;0;0;0;0;0;2685;0;0;0;0;0;0;
35225;2274205;531386368;26337280;483139584;0;0;0;0;0;0;0;0;0;0;0;2144;0;0;0;0;0;0;
35226;4424147;531386368;26337280;483139584;0;0;0;0;0;0;0;0;0;0;0;2004;0;0;0;0;0;0;
35227;2303019;531386368;26337280;483139584;0;0;0;0;0;0;0;0;0;0;0;2525;0;0;0;0;0;0;
35228;4415431;531386368;26337280;483139584;0;0;0;0;0;0;0;0;0;0;0;2725;0;0;0;0;0;0;
35229;2316464;531386368;26337280;483139584;0;0;0;0;0;0;0;0;0;0;0;2806;0;0;0;0;0;0;
35230;4412866;531386368;26337280;483139584;0;0;0;0;0;0;0;0;0;0;0;2304;0;0;0;0;0;0;
35231;2302748;531386368;26337280;483139584;0;0;0;0;0;0;0;0;0;0;0;2394;0;0;0;0;0;0;
35232;5157772;537460736;34299904;491102208;0;0;0;0;0;0;0;0;0;0;0;2705;0;0;0;0;0;0;
35233;2401163;537460736;34299904;491102208;0;0;0;0;0;0;0;0;0;0;0;2495;0;0;0;0;0;0;
35234;4434276;537460736;34299904;491102208;0;0;0;0;0;0;0;0;0;0;0;2335;0;0;0;0;0;0;
35235;2315192;537460736;34299904;491102208;0;0;0;0;0;0;0;0;0;0;0;2374;0;0;0;0;0;0;
35236;4451008;537460736;34299904;491102208;0;0;0;0;0;0;0;0;0;0;0;2134;0;0;0;0;0;0;
35237;2390133;537460736;34299904;491102208;0;0;0;0;0;0;0;0;0;0;0;2475;0;0;0;0;0;0;
35238;4357092;537460736;34299904;491102208;0;0;0;0;0;0;0;0;0;0;0;2255;0;0;0;0;0;0;
35239;2871505;537460736;34299904;491102208;0;0;0;0;0;0;0;0;0;0;0;3026;0;0;0;0;0;0;
35240;4760478;537460736;34299904;491102208;0;0;0;0;0;0;0;0;0;0;0;2535;0;0;0;0;0;0;
35241;2818746;531386368;26337280;483139584;0;0;0;0;0;0;0;0;0;0;0;2946;0;0;0;0;0;0;
35242;4430669;531386368;26337280;483139584;0;0;0;0;0;0;0;0;0;0;0;2806;0;0;0;0;0;0;
35243;2306896;531386368;26337280;483139584;0;0;0;0;0;0;0;0;0;0;0;2625;0;0;0;0;0;0;
35244;4440638;531386368;26337280;483139584;0;0;0;0;0;0;0;0;0;0;0;2485;0;0;0;0;0;0;
35245;2355107;531386368;26337280;483139584;0;0;0;0;0;0;0;0;0;0;0;2604;0;0;0;0;0;0;
35246;4371118;531386368;26337280;483139584;0;0;0;0;0;0;0;0;0;0;0;2104;0;0;0;0;0;0;
35247;2450195;531386368;26337280;483139584;0;0;0;0;0;0;0;0;0;0;0;2474;0;0;0;0;0;0;
35248;4364255;531386368;26337280;483139584;0;0;0;0;0;0;0;0;0;0;0;2084;0;0;0;0;0;0;
35249;2430067;531386368;26337280;483139584;0;0;0;0;0;0;0;0;0;0;0;2424;0;0;0;0;0;0;
35250;7452106;531386368;26337280;483139584;0;0;0;0;0;0;0;0;0;0;0;2274;0;0;0;0;0;0;
35251;8417075;531386368;26337280;483139584;0;0;0;0;0;0;0;0;0;0;0;2615;0;0;0;0;0;0;
35252;4400343;531386368;26337280;483139584;0;0;0;0;0;0;0;0;0;0;0;1943;0;0;0;0;0;0;
35253;2389952;531386368;26337280;483139584;0;0;0;0;0;0;0;0;0;0;0;2164;0;0;0;0;0;0;
35254;5060650;537460736;34299904;491102208;0;0;0;0;0;0;0;0;0;0;0;2535;0;0;0;0;0;0;
35255;2370145;537460736;34299904;491102208;0;0;0;0;0;0;0;0;0;0;0;2715;0;0;0;0;0;0;
35256;4370066;537460736;34299904;491102208;0;0;0;0;0;0;0;0;0;0;0;2444;0;0;0;0;0;0;
35257;2279935;537460736;34299904;491102208;0;0;0;0;0;0;0;0;0;0;0;2355;0;0;0;0;0;0;
35258;4403839;537460736;34299904;491102208;0;0;0;0;0;0;0;0;0;0;0;2034;0;0;0;0;0;0;
35259;2363082;537460736;34299904;491102208;0;0;0;0;0;0;0;0;0;0;0;2675;0;0;0;0;0;0;
35260;4353604;537460736;34299904;491102208;0;0;0;0;0;0;0;0;0;0;0;2014;0;0;0;0;0;0;
35261;2368331;537460736;34299904;491102208;0;0;0;0;0;0;0;0;0;0;0;2765;0;0;0;0;0;0;
35262;4379023;537460736;34299904;491102208;0;0;0;0;0;0;0;0;0;0;0;2254;0;0;0;0;0;0;
35263;2676630;531386368;26337280;483139584;0;0;0;0;0;0;0;0;0;0;0;2464;0;0;0;0;0;0;
35264;4402065;531386368;26337280;483139584;0;0;0;0;0;0;0;0;0;0;0;2274;0;0;0;0;0;0;
35265;2311134;531386368;26337280;483139584;0;0;0;0;0;0;0;0;0;0;0;2735;0;0;0;0;0;0;
35266;4562516;531386368;26337280;483139584;0;0;0;0;0;0;0;0;0;0;0;2224;0;0;0;0;0;0;
35267;2926197;531386368;26337280;483139584;0;0;0;0;0;0;0;0;0;0;0;3096;0;0;0;0;0;0;
35268;4734389;531386368;26337280;483139584;0;0;0;0;0;0;0;0;0;0;0;2495;0;0;0;0;0;0;
35269;2404730;531386368;26337280;483139584;0;0;0;0;0;0;0;0;0;0;0;2564;0;0;0;0;0;0;
35270;4366839;531386368;26337280;483139584;0;0;0;0;0;0;0;0;0;0;0;2094;0;0;0;0;0;0;
35271;2357852;531386368;26337280;483139584;0;0;0;0;0;0;0;0;0;0;0;2063;0;0;0;0;0;0;
35272;4349277;531386368;26337280;483139584;0;0;0;0;0;0;0;0;0;0;0;1954;0;0;0;0;0;0;
35273;2346510;531386368;26337280;483139584;0;0;0;0;0;0;0;0;0;0;0;2334;0;0;0;0;0;0;
35274;4392087;531386368;26337280;483139584;0;0;0;0;0;0;0;0;0;0;0;1844;0;0;0;0;0;0;
35275;2335149;531386368;26337280;483139584;0;0;0;0;0;0;0;0;0;0;0;2214;0;0;0;0;0;0;
35276;4352793;531386368;26337280;483139584;0;0;0;0;0;0;0;0;0;0;0;1953;0;0;0;0;0;0;
35277;2322856;531386368;26337280;483139584;0;0;0;0;0;0;0;0;0;0;0;2244;0;0;0;0;0;0;
35278;4370136;531386368;26337280;483139584;0;0;0;0;0;0;0;0;0;0;0;1993;0;0;0;0;0;0;
35279;2297970;531386368;26337280;483139584;0;0;0;0;0;0;0;0;0;0;0;2114;0;0;0;0;0;0;
35280;5176237;537460736;34299904;491102208;0;0;0;0;0;0;0;0;0;0;0;2945;0;0;0;0;0;0;
35281;2376587;537460736;34299904;491102208;0;0;0;0;0;0;0;0;0;0;0;2274;0;0;0;0;0;0;
35282;4370406;537460736;34299904;491102208;0;0;0;0;0;0;0;0;0;0;0;1893;0;0;0;0;0;0;
35283;2320291;537460736;34299904;491102208;0;0;0;0;0;0;0;0;0;0;0;2054;0;0;0;0;0;0;
35284;4405232;537460736;34299904;491102208;0;0;0;0;0;0;0;0;0;0;0;1964;0;0;0;0;0;0;
35285;2392747;537460736;34299904;491102208;0;0;0;0;0;0;0;0;0;0;0;2605;0;0;0;0;0;0;
35286;4358584;537460736;34299904;491102208;0;0;0;0;0;0;0;0;0;0;0;1984;0;0;0;0;0;0;
35287;2292840;537460736;34299904;491102208;0;0;0;0;0;0;0;0;0;0;0;2014;0;0;0;0;0;0;
35288;4374935;537460736;34299904;491102208;0;0;0;0;0;0;0;0;0;0;0;1933;0;0;0;0;0;0;
35289;2570561;531386368;26337280;483139584;0;0;0;0;0;0;0;0;0;0;0;2535;0;0;0;0;0;0;
35290;4399921;531386368;26337280;483139584;0;0;0;0;0;0;0;0;0;0;0;2205;0;0;0;0;0;0;
35291;2397737;531386368;26337280;483139584;0;0;0;0;0;0;0;0;0;0;0;2324;0;0;0;0;0;0;
35292;4377289;531386368;26337280;483139584;0;0;0;0;0;0;0;0;0;0;0;2405;0;0;0;0;0;0;
35293;2440667;531386368;26337280;483139584;0;0;0;0;0;0;0;0;0;0;0;2615;0;0;0;0;0;0;
35294;4474091;531386368;26337280;483139584;0;0;0;0;0;0;0;0;0;0;0;2495;0;0;0;0;0;0;
35295;2241194;531386368;26337280;483139584;0;0;0;0;0;0;0;0;0;0;0;2545;0;0;0;0;0;0;
35296;4375285;531386368;26337280;483139584;0;0;0;0;0;0;0;0;0;0;0;2404;0;0;0;0;0;0;
35297;2944953;531386368;26337280;483139584;0;0;0;0;0;0;0;0;0;0;0;3086;0;0;0;0;0;0;
35298;4873028;531386368;26337280;483139584;0;0;0;0;0;0;0;0;0;0;0;2455;0;0;0;0;0;0;
35299;2502423;531386368;26345472;483147776;0;0;0;0;0;0;0;0;0;0;0;2445;0;0;0;0;0;0;
35300;4408899;531386368;26345472;483147776;0;0;0;0;0;0;0;0;0;0;0;2504;0;0;0;0;0;0;
35301;2360176;531386368;26345472;483147776;0;0;0;0;0;0;0;0;0;0;0;2424;0;0;0;0;0;0;
35302;4439917;531386368;26345472;483147776;0;0;0;0;0;0;0;0;0;0;0;2234;0;0;0;0;0;0;
35303;2282341;531386368;26345472;483147776;0;0;0;0;0;0;0;0;0;0;0;2254;0;0;0;0;0;0;
35304;4429827;531386368;26345472;483147776;0;0;0;0;0;0;0;0;0;0;0;2304;0;0;0;0;0;0;
35305;2411973;531386368;26337280;483139584;0;0;0;0;0;0;0;0;0;0;0;2625;0;0;0;0;0;0;
35306;5147153;537460736;34299904;491102208;0;0;0;0;0;0;0;0;0;0;0;2475;0;0;0;0;0;0;
35307;2392377;537460736;34299904;491102208;0;0;0;0;0;0;0;0;0;0;0;2555;0;0;0;0;0;0;
35308;4411152;537460736;34299904;491102208;0;0;0;0;0;0;0;0;0;0;0;2174;0;0;0;0;0;0;
35309;2463049;537460736;34299904;491102208;0;0;0;0;0;0;0;0;0;0;0;2875;0;0;0;0;0;0;
35310;4505951;537460736;34299904;491102208;0;0;0;0;0;0;0;0;0;0;0;2285;0;0;0;0;0;0;
35311;2396885;537460736;34299904;491102208;0;0;0;0;0;0;0;0;0;0;0;2535;0;0;0;0;0;0;
35312;4402526;537460736;34299904;491102208;0;0;0;0;0;0;0;0;0;0;0;2655;0;0;0;0;0;0;
35313;2304061;537460736;34299904;491102208;0;0;0;0;0;0;0;0;0;0;0;2324;0;0;0;0;0;0;
35314;4435027;537460736;34299904;491102208;0;0;0;0;0;0;0;0;0;0;0;2284;0;0;0;0;0;0;
35315;2596730;531386368;26337280;483139584;0;0;0;0;0;0;0;0;0;0;0;2224;0;0;0;0;0;0;
35316;4465594;531386368;26337280;483139584;0;0;0;0;0;0;0;0;0;0;0;2265;0;0;0;0;0;0;
35317;2391725;531386368;26337280;483139584;0;0;0;0;0;0;0;0;0;0;0;2304;0;0;0;0;0;0;
35318;4495821;531386368;26337280;483139584;0;0;0;0;0;0;0;0;0;0;0;2374;0;0;0;0;0;0;
35319;2365406;531386368;26337280;483139584;0;0;0;0;0;0;0;0;0;0;0;2415;0;0;0;0;0;0;
35320;4412876;531386368;26337280;483139584;0;0;0;0;0;0;0;0;0;0;0;2274;0;0;0;0;0;0;
35321;2434375;531386368;26337280;483139584;0;0;0;0;0;0;0;0;0;0;0;2324;0;0;0;0;0;0;
35322;4505560;531386368;26337280;483139584;0;0;0;0;0;0;0;0;0;0;0;2364;0;0;0;0;0;0;
35323;2472717;531386368;26337280;483139584;0;0;0;0;0;0;0;0;0;0;0;2194;0;0;0;0;0;0;
35324;4420099;531386368;26337280;483139584;0;0;0;0;0;0;0;0;0;0;0;2034;0;0;0;0;0;0;
35325;2334678;531386368;26337280;483139584;0;0;0;0;0;0;0;0;0;0;0;2354;0;0;0;0;0;0;
35326;4410732;531386368;26337280;483139584;0;0;0;0;0;0;0;0;0;0;0;1864;0;0;0;0;0;0;
35327;2542027;531386368;26337280;483139584;0;0;0;0;0;0;0;0;0;0;0;2845;0;0;0;0;0;0;
35328;5842126;537460736;34299904;491102208;0;0;0;0;0;0;0;0;0;0;0;2545;0;0;0;0;0;0;
35329;2495841;537460736;34299904;491102208;0;0;0;0;0;0;0;0;0;0;0;2365;0;0;0;0;0;0;
35330;4407265;537460736;34299904;491102208;0;0;0;0;0;0;0;0;0;0;0;2064;0;0;0;0;0;0;
35331;2472957;537460736;34299904;491102208;0;0;0;0;0;0;0;0;0;0;0;2214;0;0;0;0;0;0;
35332;4419027;537460736;34299904;491102208;0;0;0;0;0;0;0;0;0;0;0;1854;0;0;0;0;0;0;
35333;2411602;537460736;34299904;491102208;0;0;0;0;0;0;0;0;0;0;0;2535;0;0;0;0;0;0;
35334;4427723;537460736;34299904;491102208;0;0;0;0;0;0;0;0;0;0;0;2414;0;0;0;0;0;0;
35335;2423255;537460736;34299904;491102208;0;0;0;0;0;0;0;0;0;0;0;2315;0;0;0;0;0;0;
35336;4431491;537460736;34299904;491102208;0;0;0;0;0;0;0;0;0;0;0;2234;0;0;0;0;0;0;
35337;2578526;531386368;26337280;483139584;0;0;0;0;0;0;0;0;0;0;0;2074;0;0;0;0;0;0;
35338;4367981;531386368;26337280;483139584;0;0;0;0;0;0;0;0;0;0;0;1964;0;0;0;0;0;0;
35339;2329419;531386368;26337280;483139584;0;0;0;0;0;0;0;0;0;0;0;2835;0;0;0;0;0;0;
35340;4437001;531386368;26337280;483139584;0;0;0;0;0;0;0;0;0;0;0;2515;0;0;0;0;0;0;
35341;2353835;531386368;26337280;483139584;0;0;0;0;0;0;0;0;0;0;0;2454;0;0;0;0;0;0;
35342;4396295;531386368;26337280;483139584;0;0;0;0;0;0;0;0;0;0;0;2225;0;0;0;0;0;0;
35343;2344707;531386368;26337280;483139584;0;0;0;0;0;0;0;0;0;0;0;2084;0;0;0;0;0;0;
35344;4523904;531386368;26337280;483139584;0;0;0;0;0;0;0;0;0;0;0;1873;0;0;0;0;0;0;
35345;2310643;531386368;26337280;483139584;0;0;0;0;0;0;0;0;0;0;0;2374;0;0;0;0;0;0;
35346;4443253;531386368;26337280;483139584;0;0;0;0;0;0;0;0;0;0;0;2244;0;0;0;0;0;0;
35347;2332544;531386368;26337280;483139584;0;0;0;0;0;0;0;0;0;0;0;2144;0;0;0;0;0;0;
35348;4360698;531386368;26337280;483139584;0;0;0;0;0;0;0;0;0;0;0;2244;0;0;0;0;0;0;
35349;2320181;531386368;26337280;483139584;0;0;0;0;0;0;0;0;0;0;0;3256;0;0;0;0;0;0;
35350;4385364;531386368;26337280;483139584;0;0;0;0;0;0;0;0;0;0;0;2295;0;0;0;0;0;0;
35351;2440818;531386368;26337280;483139584;0;0;0;0;0;0;0;0;0;0;0;2465;0;0;0;0;0;0;
35352;4406825;531386368;26337280;483139584;0;0;0;0;0;0;0;0;0;0;0;2144;0;0;0;0;0;0;
35353;2338766;531386368;26337280;483139584;0;0;0;0;0;0;0;0;0;0;0;2314;0;0;0;0;0;0;
35354;5148726;537460736;34299904;491102208;0;0;0;0;0;0;0;0;0;0;0;2795;0;0;0;0;0;0;
35355;2472818;537460736;34299904;491102208;0;0;0;0;0;0;0;0;0;0;0;2735;0;0;0;0;0;0;
35356;4463270;537460736;34299904;491102208;0;0;0;0;0;0;0;0;0;0;0;2304;0;0;0;0;0;0;
35357;3212655;537460736;34299904;491102208;0;0;0;0;0;0;0;0;0;0;0;4017;0;0;0;0;0;0;
35358;4975130;537460736;34299904;491102208;0;0;0;0;0;0;0;0;0;0;0;3005;0;0;0;0;0;0;
35359;2389732;537460736;34299904;491102208;0;0;0;0;0;0;0;0;0;0;0;2404;0;0;0;0;0;0;
35360;4375095;537460736;34299904;491102208;0;0;0;0;0;0;0;0;0;0;0;2705;0;0;0;0;0;0;
35361;2403858;537460736;34299904;491102208;0;0;0;0;0;0;0;0;0;0;0;2575;0;0;0;0;0;0;
35362;4395723;537460736;34299904;491102208;0;0;0;0;0;0;0;0;0;0;0;2245;0;0;0;0;0;0;
35363;2559129;531386368;26337280;483139584;0;0;0;0;0;0;0;0;0;0;0;2625;0;0;0;0;0;0;
35364;4405743;531386368;26337280;483139584;0;0;0;0;0;0;0;0;0;0;0;2264;0;0;0;0;0;0;
35365;2312927;531386368;26337280;483139584;0;0;0;0;0;0;0;0;0;0;0;2475;0;0;0;0;0;0;
35366;4413837;531386368;26337280;483139584;0;0;0;0;0;0;0;0;0;0;0;2445;0;0;0;0;0;0;
35367;2285957;531386368;26337280;483139584;0;0;0;0;0;0;0;0;0;0;0;2314;0;0;0;0;0;0;
35368;4425028;531386368;26337280;483139584;0;0;0;0;0;0;0;0;0;0;0;2375;0;0;0;0;0;0;
35369;2338366;531386368;26337280;483139584;0;0;0;0;0;0;0;0;0;0;0;2956;0;0;0;0;0;0;
35370;4408988;531386368;26337280;483139584;0;0;0;0;0;0;0;0;0;0;0;2394;0;0;0;0;0;0;
35371;2412364;531386368;26337280;483139584;0;0;0;0;0;0;0;0;0;0;0;2525;0;0;0;0;0;0;
35372;4451077;531386368;26337280;483139584;0;0;0;0;0;0;0;0;0;0;0;2554;0;0;0;0;0;0;
35373;2398237;531386368;26337280;483139584;0;0;0;0;0;0;0;0;0;0;0;2896;0;0;0;0;0;0;
35374;4453642;531386368;26337280;483139584;0;0;0;0;0;0;0;0;0;0;0;2225;0;0;0;0;0;0;
35375;2393188;531386368;26337280;483139584;0;0;0;0;0;0;0;0;0;0;0;2504;0;0;0;0;0;0;
35376;4469783;531386368;26337280;483139584;0;0;0;0;0;0;0;0;0;0;0;2134;0;0;0;0;0;0;
35377;2427702;531386368;26337280;483139584;0;0;0;0;0;0;0;0;0;0;0;2695;0;0;0;0;0;0;
35378;4434316;531386368;26337280;483139584;0;0;0;0;0;0;0;0;0;0;0;2294;0;0;0;0;0;0;
35379;2443292;531386368;26337280;483139584;0;0;0;0;0;0;0;0;0;0;0;2405;0;0;0;0;0;0;
35380;5268220;537460736;34299904;491102208;0;0;0;0;0;0;0;0;0;0;0;2625;0;0;0;0;0;0;
35381;2483558;537460736;34299904;491102208;0;0;0;0;0;0;0;0;0;0;0;2715;0;0;0;0;0;0;
35382;4423837;537460736;34299904;491102208;0;0;0;0;0;0;0;0;0;0;0;2254;0;0;0;0;0;0;
35383;2350868;537460736;34299904;491102208;0;0;0;0;0;0;0;0;0;0;0;2304;0;0;0;0;0;0;
35384;4397447;537460736;34299904;491102208;0;0;0;0;0;0;0;0;0;0;0;1994;0;0;0;0;0;0;
35385;2450375;537460736;34299904;491102208;0;0;0;0;0;0;0;0;0;0;0;2555;0;0;0;0;0;0;
35386;4615436;537460736;34299904;491102208;0;0;0;0;0;0;0;0;0;0;0;2184;0;0;0;0;0;0;
35387;2999225;537460736;34299904;491102208;0;0;0;0;0;0;0;0;0;0;0;3506;0;0;0;0;0;0;
35388;4886474;537460736;34299904;491102208;0;0;0;0;0;0;0;0;0;0;0;2795;0;0;0;0;0;0;
35389;2577824;531386368;26337280;483139584;0;0;0;0;0;0;0;0;0;0;0;2685;0;0;0;0;0;0;
35390;4461196;531386368;26337280;483139584;0;0;0;0;0;0;0;0;0;0;0;2314;0;0;0;0;0;0;
35391;2331392;531386368;26337280;483139584;0;0;0;0;0;0;0;0;0;0;0;2715;0;0;0;0;0;0;
35392;4389542;531386368;26337280;483139584;0;0;0;0;0;0;0;0;0;0;0;2054;0;0;0;0;0;0;
35393;2308660;531386368;26337280;483139584;0;0;0;0;0;0;0;0;0;0;0;2254;0;0;0;0;0;0;
35394;4390083;531386368;26337280;483139584;0;0;0;0;0;0;0;0;0;0;0;2324;0;0;0;0;0;0;
35395;2325160;531386368;26337280;483139584;0;0;0;0;0;0;0;0;0;0;0;1984;0;0;0;0;0;0;
35396;4377289;531386368;26337280;483139584;0;0;0;0;0;0;0;0;0;0;0;1894;0;0;0;0;0;0;
35397;2380505;531386368;26337280;483139584;0;0;0;0;0;0;0;0;0;0;0;2504;0;0;0;0;0;0;
35398;4460355;531386368;26337280;483139584;0;0;0;0;0;0;0;0;0;0;0;2505;0;0;0;0;0;0;
35399;2337944;531386368;26337280;483139584;0;0;0;0;0;0;0;0;0;0;0;2996;0;0;0;0;0;0;
35400;4409750;531386368;26337280;483139584;0;0;0;0;0;0;0;0;0;0;0;2335;0;0;0;0;0;0;
35401;2312717;531386368;26337280;483139584;0;0;0;0;0;0;0;0;0;0;0;2815;0;0;0;0;0;0;
35402;5107829;537460736;34299904;491102208;0;0;0;0;0;0;0;0;0;0;0;2575;0;0;0;0;0;0;
35403;2347753;537460736;34299904;491102208;0;0;0;0;0;0;0;0;0;0;0;2585;0;0;0;0;0;0;
35404;4430259;537460736;34299904;491102208;0;0;0;0;0;0;0;0;0;0;0;2414;0;0;0;0;0;0;
35405;2358032;537460736;34299904;491102208;0;0;0;0;0;0;0;0;0;0;0;2695;0;0;0;0;0;0;
35406;4411483;537460736;34299904;491102208;0;0;0;0;0;0;0;0;0;0;0;2805;0;0;0;0;0;0;
35407;2327775;537460736;34299904;491102208;0;0;0;0;0;0;0;0;0;0;0;3006;0;0;0;0;0;0;
35408;4417124;537460736;34299904;491102208;0;0;0;0;0;0;0;0;0;0;0;2104;0;0;0;0;0;0;
35409;2396214;537460736;34299904;491102208;0;0;0;0;0;0;0;0;0;0;0;2515;0;0;0;0;0;0;
35410;4426902;537460736;34299904;491102208;0;0;0;0;0;0;0;0;0;0;0;2154;0;0;0;0;0;0;
35411;2616196;531386368;26337280;483139584;0;0;0;0;0;0;0;0;0;0;0;2475;0;0;0;0;0;0;
35412;4445446;531386368;26337280;483139584;0;0;0;0;0;0;0;0;0;0;0;2214;0;0;0;0;0;0;
35413;2417644;531386368;26337280;483139584;0;0;0;0;0;0;0;0;0;0;0;2766;0;0;0;0;0;0;
35414;4486494;531386368;26337280;483139584;0;0;0;0;0;0;0;0;0;0;0;3016;0;0;0;0;0;0;
35415;2392437;531386368;26337280;483139584;0;0;0;0;0;0;0;0;0;0;0;2425;0;0;0;0;0;0;
35416;4413617;531386368;26337280;483139584;0;0;0;0;0;0;0;0;0;0;0;2334;0;0;0;0;0;0;
35417;3102719;531386368;26337280;483139584;0;0;0;0;0;0;0;0;0;0;0;3567;0;0;0;0;0;0;
35418;4830248;531386368;26337280;483139584;0;0;0;0;0;0;0;0;0;0;0;3647;0;0;0;0;0;0;
35419;2405841;531386368;26337280;483139584;0;0;0;0;0;0;0;0;0;0;0;2895;0;0;0;0;0;0;
35420;4487666;531386368;26337280;483139584;0;0;0;0;0;0;0;0;0;0;0;2515;0;0;0;0;0;0;
35421;2374964;531386368;26337280;483139584;0;0;0;0;0;0;0;0;0;0;0;3126;0;0;0;0;0;0;
35422;4484280;531386368;26337280;483139584;0;0;0;0;0;0;0;0;0;0;0;2374;0;0;0;0;0;0;
35423;2358023;531386368;26337280;483139584;0;0;0;0;0;0;0;0;0;0;0;2575;0;0;0;0;0;0;
35424;4408628;531386368;26337280;483139584;0;0;0;0;0;0;0;0;0;0;0;2564;0;0;0;0;0;0;
35425;2319309;531386368;26337280;483139584;0;0;0;0;0;0;0;0;0;0;0;2835;0;0;0;0;0;0;
35426;4461056;531386368;26337280;483139584;0;0;0;0;0;0;0;0;0;0;0;2295;0;0;0;0;0;0;
35427;2340439;531386368;26337280;483139584;0;0;0;0;0;0;0;0;0;0;0;2244;0;0;0;0;0;0;
35428;5156761;537460736;34299904;491102208;0;0;0;0;0;0;0;0;0;0;0;2695;0;0;0;0;0;0;
35429;2388188;537460736;34299904;491102208;0;0;0;0;0;0;0;0;0;0;0;2545;0;0;0;0;0;0;
35430;4423916;537460736;34299904;491102208;0;0;0;0;0;0;0;0;0;0;0;2665;0;0;0;0;0;0;
35431;2308059;537460736;34299904;491102208;0;0;0;0;0;0;0;0;0;0;0;2174;0;0;0;0;0;0;
35432;4355848;537460736;34299904;491102208;0;0;0;0;0;0;0;0;0;0;0;2074;0;0;0;0;0;0;
35433;2458601;537460736;34299904;491102208;0;0;0;0;0;0;0;0;0;0;0;2735;0;0;0;0;0;0;
35434;4393820;537460736;34299904;491102208;0;0;0;0;0;0;0;0;0;0;0;2244;0;0;0;0;0;0;
35435;2507392;537460736;34299904;491102208;0;0;0;0;0;0;0;0;0;0;0;2955;0;0;0;0;0;0;
35436;4397618;537460736;34299904;491102208;0;0;0;0;0;0;0;0;0;0;0;2114;0;0;0;0;0;0;
35437;2617358;531386368;26337280;483139584;0;0;0;0;0;0;0;0;0;0;0;3026;0;0;0;0;0;0;
35438;4441900;531386368;26337280;483139584;0;0;0;0;0;0;0;0;0;0;0;2385;0;0;0;0;0;0;
35439;2324259;531386368;26337280;483139584;0;0;0;0;0;0;0;0;0;0;0;2765;0;0;0;0;0;0;
35440;4421572;531386368;26337280;483139584;0;0;0;0;0;0;0;0;0;0;0;2255;0;0;0;0;0;0;
35441;2418385;531386368;26337280;483139584;0;0;0;0;0;0;0;0;0;0;0;3076;0;0;0;0;0;0;
35442;4419608;531386368;26337280;483139584;0;0;0;0;0;0;0;0;0;0;0;2495;0;0;0;0;0;0;
35443;2349907;531386368;26337280;483139584;0;0;0;0;0;0;0;0;0;0;0;2565;0;0;0;0;0;0;
35444;4424137;531386368;26337280;483139584;0;0;0;0;0;0;0;0;0;0;0;2495;0;0;0;0;0;0;
35445;2458341;531386368;26337280;483139584;0;0;0;0;0;0;0;0;0;0;0;2445;0;0;0;0;0;0;
35446;4427143;531386368;26337280;483139584;0;0;0;0;0;0;0;0;0;0;0;2394;0;0;0;0;0;0;
35447;3030563;531386368;26337280;483139584;0;0;0;0;0;0;0;0;0;0;0;3737;0;0;0;0;0;0;
35448;4363193;531386368;26337280;483139584;0;0;0;0;0;0;0;0;0;0;0;2275;0;0;0;0;0;0;
35449;2323768;531386368;26337280;483139584;0;0;0;0;0;0;0;0;0;0;0;2846;0;0;0;0;0;0;
35450;4358964;531386368;26337280;483139584;0;0;0;0;0;0;0;0;0;0;0;2434;0;0;0;0;0;0;
35451;2300725;531386368;26337280;483139584;0;0;0;0;0;0;0;0;0;0;0;2675;0;0;0;0;0;0;
35452;4384012;531386368;26337280;483139584;0;0;0;0;0;0;0;0;0;0;0;2485;0;0;0;0;0;0;
35453;2346801;531386368;26337280;483139584;0;0;0;0;0;0;0;0;0;0;0;2705;0;0;0;0;0;0;
35454;5114752;537460736;34299904;491102208;0;0;0;0;0;0;0;0;0;0;0;2796;0;0;0;0;0;0;
35455;2372198;537460736;34299904;491102208;0;0;0;0;0;0;0;0;0;0;0;2835;0;0;0;0;0;0;
35456;4428936;537460736;34299904;491102208;0;0;0;0;0;0;0;0;0;0;0;2815;0;0;0;0;0;0;
35457;2363162;537460736;34299904;491102208;0;0;0;0;0;0;0;0;0;0;0;2735;0;0;0;0;0;0;
35458;4418777;537460736;34299904;491102208;0;0;0;0;0;0;0;0;0;0;0;2404;0;0;0;0;0;0;
35459;2334157;537460736;34299904;491102208;0;0;0;0;0;0;0;0;0;0;0;2615;0;0;0;0;0;0;
35460;4407806;537460736;34299904;491102208;0;0;0;0;0;0;0;0;0;0;0;2514;0;0;0;0;0;0;
35461;2464051;537460736;34299904;491102208;0;0;0;0;0;0;0;0;0;0;0;2425;0;0;0;0;0;0;
35462;4424036;537460736;34299904;491102208;0;0;0;0;0;0;0;0;0;0;0;2425;0;0;0;0;0;0;
35463;2571723;531386368;26337280;483139584;0;0;0;0;0;0;0;0;0;0;0;2975;0;0;0;0;0;0;
35464;4416993;531386368;26337280;483139584;0;0;0;0;0;0;0;0;0;0;0;2094;0;0;0;0;0;0;
35465;2375265;531386368;26337280;483139584;0;0;0;0;0;0;0;0;0;0;0;2475;0;0;0;0;0;0;
35466;4428115;531386368;26337280;483139584;0;0;0;0;0;0;0;0;0;0;0;2394;0;0;0;0;0;0;
35467;2433013;531386368;26337280;483139584;0;0;0;0;0;0;0;0;0;0;0;2335;0;0;0;0;0;0;
35468;4393961;531386368;26337280;483139584;0;0;0;0;0;0;0;0;0;0;0;2254;0;0;0;0;0;0;
35469;2268514;531386368;26337280;483139584;0;0;0;0;0;0;0;0;0;0;0;2645;0;0;0;0;0;0;
35470;4423936;531386368;26337280;483139584;0;0;0;0;0;0;0;0;0;0;0;2324;0;0;0;0;0;0;
35471;2361168;531386368;26337280;483139584;0;0;0;0;0;0;0;0;0;0;0;2434;0;0;0;0;0;0;
35472;4383200;531386368;26337280;483139584;0;0;0;0;0;0;0;0;0;0;0;2034;0;0;0;0;0;0;
35473;2450005;531386368;26337280;483139584;0;0;0;0;0;0;0;0;0;0;0;2284;0;0;0;0;0;0;
35474;4443153;531386368;26337280;483139584;0;0;0;0;0;0;0;0;0;0;0;2264;0;0;0;0;0;0;
35475;2400061;531386368;26337280;483139584;0;0;0;0;0;0;0;0;0;0;0;2254;0;0;0;0;0;0;
35476;5244375;537460736;34299904;491102208;0;0;0;0;0;0;0;0;0;0;0;2455;0;0;0;0;0;0;
35477;2995868;537460736;34299904;491102208;0;0;0;0;0;0;0;0;0;0;0;2414;0;0;0;0;0;0;
35478;4415892;537460736;34299904;491102208;0;0;0;0;0;0;0;0;0;0;0;2665;0;0;0;0;0;0;
35479;2317346;537460736;34299904;491102208;0;0;0;0;0;0;0;0;0;0;0;2756;0;0;0;0;0;0;
35480;4543601;537460736;34299904;491102208;0;0;0;0;0;0;0;0;0;0;0;2154;0;0;0;0;0;0;
35481;2347172;537460736;34299904;491102208;0;0;0;0;0;0;0;0;0;0;0;2385;0;0;0;0;0;0;
35482;4375366;537460736;34299904;491102208;0;0;0;0;0;0;0;0;0;0;0;2184;0;0;0;0;0;0;
35483;2308299;537460736;34299904;491102208;0;0;0;0;0;0;0;0;0;0;0;2595;0;0;0;0;0;0;
35484;4451808;537460736;34299904;491102208;0;0;0;0;0;0;0;0;0;0;0;2454;0;0;0;0;0;0;
35485;2632987;531386368;26337280;483139584;0;0;0;0;0;0;0;0;0;0;0;3206;0;0;0;0;0;0;
35486;4410191;531386368;26337280;483139584;0;0;0;0;0;0;0;0;0;0;0;2555;0;0;0;0;0;0;
35487;2333116;531386368;26337280;483139584;0;0;0;0;0;0;0;0;0;0;0;2324;0;0;0;0;0;0;
35488;4442471;531386368;26337280;483139584;0;0;0;0;0;0;0;0;0;0;0;2294;0;0;0;0;0;0;
35489;2268744;531386368;26337280;483139584;0;0;0;0;0;0;0;0;0;0;0;2594;0;0;0;0;0;0;
35490;4390594;531386368;26337280;483139584;0;0;0;0;0;0;0;0;0;0;0;2394;0;0;0;0;0;0;
35491;2298721;531386368;26337280;483139584;0;0;0;0;0;0;0;0;0;0;0;1993;0;0;0;0;0;0;
35492;4362762;531386368;26337280;483139584;0;0;0;0;0;0;0;0;0;0;0;1994;0;0;0;0;0;0;
35493;2374643;531386368;26337280;483139584;0;0;0;0;0;0;0;0;0;0;0;2625;0;0;0;0;0;0;
35494;4434075;531386368;26337280;483139584;0;0;0;0;0;0;0;0;0;0;0;1994;0;0;0;0;0;0;
35495;2357391;531386368;26337280;483139584;0;0;0;0;0;0;0;0;0;0;0;2625;0;0;0;0;0;0;
35496;4439897;531386368;26337280;483139584;0;0;0;0;0;0;0;0;0;0;0;2024;0;0;0;0;0;0;
35497;2419658;531386368;26337280;483139584;0;0;0;0;0;0;0;0;0;0;0;2545;0;0;0;0;0;0;
35498;4401113;531386368;26337280;483139584;0;0;0;0;0;0;0;0;0;0;0;1974;0;0;0;0;0;0;
35499;2351550;531386368;26337280;483139584;0;0;0;0;0;0;0;0;0;0;0;2294;0;0;0;0;0;0;
35500;4411834;531386368;26337280;483139584;0;0;0;0;0;0;0;0;0;0;0;2064;0;0;0;0;0;0;
35501;2348074;531386368;26337280;483139584;0;0;0;0;0;0;0;0;0;0;0;2495;0;0;0;0;0;0;
35502;5124680;537460736;34299904;491102208;0;0;0;0;0;0;0;0;0;0;0;2304;0;0;0;0;0;0;
35503;2394210;537460736;34299904;491102208;0;0;0;0;0;0;0;0;0;0;0;2384;0;0;0;0;0;0;
35504;4457730;537460736;34299904;491102208;0;0;0;0;0;0;0;0;0;0;0;2445;0;0;0;0;0;0;
35505;2366529;537460736;34299904;491102208;0;0;0;0;0;0;0;0;0;0;0;2154;0;0;0;0;0;0;
35506;4451989;537460736;34299904;491102208;0;0;0;0;0;0;0;0;0;0;0;2234;0;0;0;0;0;0;
35507;3292805;537460736;34299904;491102208;0;0;0;0;0;0;0;0;0;0;0;3116;0;0;0;0;0;0;
35508;4664127;537460736;34299904;491102208;0;0;0;0;0;0;0;0;0;0;0;2555;0;0;0;0;0;0;
35509;2375525;537460736;34299904;491102208;0;0;0;0;0;0;0;0;0;0;0;2495;0;0;0;0;0;0;
35510;4542860;537460736;34299904;491102208;0;0;0;0;0;0;0;0;0;0;0;2355;0;0;0;0;0;0;
35511;2630804;531386368;26337280;483139584;0;0;0;0;0;0;0;0;0;0;0;2514;0;0;0;0;0;0;
35512;4462199;531386368;26337280;483139584;0;0;0;0;0;0;0;0;0;0;0;2284;0;0;0;0;0;0;
35513;2447159;531386368;26337280;483139584;0;0;0;0;0;0;0;0;0;0;0;2475;0;0;0;0;0;0;
35514;4458742;531386368;26337280;483139584;0;0;0;0;0;0;0;0;0;0;0;1954;0;0;0;0;0;0;
35515;2325561;531386368;26337280;483139584;0;0;0;0;0;0;0;0;0;0;0;2505;0;0;0;0;0;0;
35516;4397067;531386368;26337280;483139584;0;0;0;0;0;0;0;0;0;0;0;2394;0;0;0;0;0;0;
35517;2370445;531386368;26337280;483139584;0;0;0;0;0;0;0;0;0;0;0;2264;0;0;0;0;0;0;
35518;4392297;531386368;26337280;483139584;0;0;0;0;0;0;0;0;0;0;0;2474;0;0;0;0;0;0;
35519;2339778;531386368;26337280;483139584;0;0;0;0;0;0;0;0;0;0;0;2745;0;0;0;0;0;0;
35520;4379153;531386368;26337280;483139584;0;0;0;0;0;0;0;0;0;0;0;2525;0;0;0;0;0;0;
35521;2408968;531386368;26337280;483139584;0;0;0;0;0;0;0;0;0;0;0;2455;0;0;0;0;0;0;
35522;4427353;531386368;26337280;483139584;0;0;0;0;0;0;0;0;0;0;0;2314;0;0;0;0;0;0;
35523;2337935;531386368;26337280;483139584;0;0;0;0;0;0;0;0;0;0;0;2965;0;0;0;0;0;0;
35524;4372961;531386368;26337280;483139584;0;0;0;0;0;0;0;0;0;0;0;2565;0;0;0;0;0;0;
35525;2356710;531386368;26337280;483139584;0;0;0;0;0;0;0;0;0;0;0;2766;0;0;0;0;0;0;
35526;4411764;531386368;26337280;483139584;0;0;0;0;0;0;0;0;0;0;0;2435;0;0;0;0;0;0;
35527;2385975;531386368;26337280;483139584;0;0;0;0;0;0;0;0;0;0;0;2755;0;0;0;0;0;0;
35528;5117437;537460736;34299904;491102208;0;0;0;0;0;0;0;0;0;0;0;10260;0;0;0;0;0;0;
35529;2407195;537460736;34299904;491102208;0;0;0;0;0;0;0;0;0;0;0;2585;0;0;0;0;0;0;
35530;4378992;537460736;34299904;491102208;0;0;0;0;0;0;0;0;0;0;0;2305;0;0;0;0;0;0;
35531;2340910;537460736;34299904;491102208;0;0;0;0;0;0;0;0;0;0;0;2655;0;0;0;0;0;0;
35532;4387789;537460736;34299904;491102208;0;0;0;0;0;0;0;0;0;0;0;2405;0;0;0;0;0;0;
35533;2415860;537460736;34299904;491102208;0;0;0;0;0;0;0;0;0;0;0;3156;0;0;0;0;0;0;
35534;4385545;537460736;34299904;491102208;0;0;0;0;0;0;0;0;0;0;0;2544;0;0;0;0;0;0;
35535;11833984;537460736;34299904;491102208;0;0;0;0;0;0;0;0;0;0;0;2866;0;0;0;0;0;0;
35536;4881204;537460736;34299904;491102208;0;0;0;0;0;0;0;0;0;0;0;2444;0;0;0;0;0;0;
35537;3650235;531386368;26337280;483139584;0;0;0;0;0;0;0;0;0;0;0;3206;0;0;0;0;0;0;
35538;4775886;531386368;26337280;483139584;0;0;0;0;0;0;0;0;0;0;0;3055;0;0;0;0;0;0;
35539;2445857;531386368;26337280;483139584;0;0;0;0;0;0;0;0;0;0;0;2405;0;0;0;0;0;0;
35540;4392447;531386368;26337280;483139584;0;0;0;0;0;0;0;0;0;0;0;1793;0;0;0;0;0;0;
35541;2374263;531386368;26337280;483139584;0;0;0;0;0;0;0;0;0;0;0;2184;0;0;0;0;0;0;
35542;4423827;531386368;26337280;483139584;0;0;0;0;0;0;0;0;0;0;0;2484;0;0;0;0;0;0;
35543;2330390;531386368;26337280;483139584;0;0;0;0;0;0;0;0;0;0;0;2114;0;0;0;0;0;0;
35544;4399661;531386368;26337280;483139584;0;0;0;0;0;0;0;0;0;0;0;2144;0;0;0;0;0;0;
35545;2320622;531386368;26337280;483139584;0;0;0;0;0;0;0;0;0;0;0;2905;0;0;0;0;0;0;
35546;4503536;531386368;26337280;483139584;0;0;0;0;0;0;0;0;0;0;0;2635;0;0;0;0;0;0;
35547;2383029;531386368;26337280;483139584;0;0;0;0;0;0;0;0;0;0;0;2154;0;0;0;0;0;0;
35548;4543882;531386368;26337280;483139584;0;0;0;0;0;0;0;0;0;0;0;1943;0;0;0;0;0;0;
35549;2369093;531386368;26337280;483139584;0;0;0;0;0;0;0;0;0;0;0;2315;0;0;0;0;0;0;
35550;5127797;537460736;34299904;491102208;0;0;0;0;0;0;0;0;0;0;0;2475;0;0;0;0;0;0;
35551;2477847;537460736;34299904;491102208;0;0;0;0;0;0;0;0;0;0;0;3627;0;0;0;0;0;0;
35552;4441980;537460736;34299904;491102208;0;0;0;0;0;0;0;0;0;0;0;2204;0;0;0;0;0;0;
35553;2418776;537460736;34299904;491102208;0;0;0;0;0;0;0;0;0;0;0;2405;0;0;0;0;0;0;
35554;4453302;537460736;34299904;491102208;0;0;0;0;0;0;0;0;0;0;0;2465;0;0;0;0;0;0;
35555;2382038;537460736;34299904;491102208;0;0;0;0;0;0;0;0;0;0;0;2625;0;0;0;0;0;0;
35556;4409860;537460736;34299904;491102208;0;0;0;0;0;0;0;0;0;0;0;2043;0;0;0;0;0;0;
35557;2427523;537460736;34299904;491102208;0;0;0;0;0;0;0;0;0;0;0;2275;0;0;0;0;0;0;
35558;4438334;537460736;34299904;491102208;0;0;0;0;0;0;0;0;0;0;0;2054;0;0;0;0;0;0;
35559;2669927;531386368;26337280;483139584;0;0;0;0;0;0;0;0;0;0;0;2214;0;0;0;0;0;0;
35560;4384192;531386368;26337280;483139584;0;0;0;0;0;0;0;0;0;0;0;1913;0;0;0;0;0;0;
35561;2333676;531386368;26337280;483139584;0;0;0;0;0;0;0;0;0;0;0;2014;0;0;0;0;0;0;
35562;4371989;531386368;26337280;483139584;0;0;0;0;0;0;0;0;0;0;0;1884;0;0;0;0;0;0;
35563;2452199;531386368;26337280;483139584;0;0;0;0;0;0;0;0;0;0;0;2063;0;0;0;0;0;0;
35564;4375907;531386368;26337280;483139584;0;0;0;0;0;0;0;0;0;0;0;2284;0;0;0;0;0;0;
35565;2347052;531386368;26337280;483139584;0;0;0;0;0;0;0;0;0;0;0;2084;0;0;0;0;0;0;
35566;4384383;531386368;26337280;483139584;0;0;0;0;0;0;0;0;0;0;0;1783;0;0;0;0;0;0;
35567;2932871;531386368;26337280;483139584;0;0;0;0;0;0;0;0;0;0;0;2515;0;0;0;0;0;0;
35568;4757593;531386368;26337280;483139584;0;0;0;0;0;0;0;0;0;0;0;2575;0;0;0;0;0;0;
35569;2364645;531386368;26337280;483139584;0;0;0;0;0;0;0;0;0;0;0;2044;0;0;0;0;0;0;
35570;4363944;531386368;26337280;483139584;0;0;0;0;0;0;0;0;0;0;0;6612;0;0;0;0;0;0;
35571;2376597;531386368;26337280;483139584;0;0;0;0;0;0;0;0;0;0;0;1883;0;0;0;0;0;0;
35572;4410061;531386368;26337280;483139584;0;0;0;0;0;0;0;0;0;0;0;1773;0;0;0;0;0;0;
35573;2383320;531386368;26337280;483139584;0;0;0;0;0;0;0;0;0;0;0;2375;0;0;0;0;0;0;
35574;4451718;531386368;26337280;483139584;0;0;0;0;0;0;0;0;0;0;0;2284;0;0;0;0;0;0;
35575;2285426;531386368;26337280;483139584;0;0;0;0;0;0;0;0;0;0;0;2184;0;0;0;0;0;0;
35576;5140701;537460736;34299904;491102208;0;0;0;0;0;0;0;0;0;0;0;1943;0;0;0;0;0;0;
35577;2445115;537460736;34299904;491102208;0;0;0;0;0;0;0;0;0;0;0;2214;0;0;0;0;0;0;
35578;4429637;537460736;34299904;491102208;0;0;0;0;0;0;0;0;0;0;0;2004;0;0;0;0;0;0;
35579;2334348;537460736;34299904;491102208;0;0;0;0;0;0;0;0;0;0;0;2014;0;0;0;0;0;0;
35580;4384322;537460736;34299904;491102208;0;0;0;0;0;0;0;0;0;0;0;1913;0;0;0;0;0;0;
35581;2351470;537460736;34299904;491102208;0;0;0;0;0;0;0;0;0;0;0;2394;0;0;0;0;0;0;
35582;4520127;537460736;34299904;491102208;0;0;0;0;0;0;0;0;0;0;0;2235;0;0;0;0;0;0;
35583;2332063;537460736;34308096;491110400;0;0;0;0;0;0;0;0;0;0;0;2034;0;0;0;0;0;0;
35584;4388691;537460736;34308096;491110400;0;0;0;0;0;0;0;0;0;0;0;1954;0;0;0;0;0;0;
35585;2377579;537460736;34308096;491110400;0;0;0;0;0;0;0;0;0;0;0;2395;0;0;0;0;0;0;
35586;4346191;537460736;34308096;491110400;0;0;0;0;0;0;0;0;0;0;0;1833;0;0;0;0;0;0;
35587;2342984;537460736;34308096;491110400;0;0;0;0;0;0;0;0;0;0;0;2144;0;0;0;0;0;0;
35588;4481835;537460736;34308096;491110400;0;0;0;0;0;0;0;0;0;0;0;1893;0;0;0;0;0;0;
35589;2420710;537575424;34299904;491102208;0;0;0;0;0;0;0;0;0;0;0;2775;0;0;0;0;0;0;
35590;4421692;537575424;34299904;491102208;0;0;0;0;0;0;0;0;0;0;0;2154;0;0;0;0;0;0;
35591;2361308;537575424;34299904;491102208;0;0;0;0;0;0;0;0;0;0;0;2134;0;0;0;0;0;0;
35592;4377670;537575424;34299904;491102208;0;0;0;0;0;0;0;0;0;0;0;1993;0;0;0;0;0;0;
35593;2659037;531386368;26337280;483139584;0;0;0;0;0;0;0;0;0;0;0;2605;0;0;0;0;0;0;
35594;4458692;531386368;26337280;483139584;0;0;0;0;0;0;0;0;0;0;0;2093;0;0;0;0;0;0;
35595;2342172;531386368;26337280;483139584;0;0;0;0;0;0;0;0;0;0;0;2184;0;0;0;0;0;0;
35596;4380304;531386368;26337280;483139584;0;0;0;0;0;0;0;0;0;0;0;2174;0;0;0;0;0;0;
35597;2773080;531386368;26337280;483139584;0;0;0;0;0;0;0;0;0;0;0;3376;0;0;0;0;0;0;
35598;4746923;531386368;26337280;483139584;0;0;0;0;0;0;0;0;0;0;0;2394;0;0;0;0;0;0;
35599;2479340;531386368;26337280;483139584;0;0;0;0;0;0;0;0;0;0;0;2494;0;0;0;0;0;0;
35600;4347443;531386368;26337280;483139584;0;0;0;0;0;0;0;0;0;0;0;2094;0;0;0;0;0;0;
35601;2344546;531386368;26337280;483139584;0;0;0;0;0;0;0;0;0;0;0;2094;0;0;0;0;0;0;
35602;5092711;537460736;34299904;491102208;0;0;0;0;0;0;0;0;0;0;0;2305;0;0;0;0;0;0;
35603;2416231;537460736;34299904;491102208;0;0;0;0;0;0;0;0;0;0;0;2023;0;0;0;0;0;0;
35604;4387178;537460736;34299904;491102208;0;0;0;0;0;0;0;0;0;0;0;2053;0;0;0;0;0;0;
35605;2343585;537460736;34299904;491102208;0;0;0;0;0;0;0;0;0;0;0;2565;0;0;0;0;0;0;
35606;4426351;537460736;34299904;491102208;0;0;0;0;0;0;0;0;0;0;0;2675;0;0;0;0;0;0;
35607;2354495;537460736;34299904;491102208;0;0;0;0;0;0;0;0;0;0;0;2194;0;0;0;0;0;0;
35608;4397177;537460736;34299904;491102208;0;0;0;0;0;0;0;0;0;0;0;1874;0;0;0;0;0;0;
35609;2291237;537460736;34299904;491102208;0;0;0;0;0;0;0;0;0;0;0;2144;0;0;0;0;0;0;
35610;4396725;537460736;34299904;491102208;0;0;0;0;0;0;0;0;0;0;0;2525;0;0;0;0;0;0;
35611;2658295;531386368;26337280;483139584;0;0;0;0;0;0;0;0;0;0;0;2485;0;0;0;0;0;0;
35612;4374664;531386368;26337280;483139584;0;0;0;0;0;0;0;0;0;0;0;1994;0;0;0;0;0;0;
35613;2370666;531386368;26337280;483139584;0;0;0;0;0;0;0;0;0;0;0;2855;0;0;0;0;0;0;
35614;4471005;531386368;26337280;483139584;0;0;0;0;0;0;0;0;0;0;0;1933;0;0;0;0;0;0;
35615;2309231;531386368;26337280;483139584;0;0;0;0;0;0;0;0;0;0;0;1994;0;0;0;0;0;0;
35616;4403528;531386368;26337280;483139584;0;0;0;0;0;0;0;0;0;0;0;2144;0;0;0;0;0;0;
35617;2358763;531386368;26337280;483139584;0;0;0;0;0;0;0;0;0;0;0;2154;0;0;0;0;0;0;
35618;4468861;531386368;26337280;483139584;0;0;0;0;0;0;0;0;0;0;0;1904;0;0;0;0;0;0;
35619;2214654;531386368;26337280;483139584;0;0;0;0;0;0;0;0;0;0;0;2314;0;0;0;0;0;0;
35620;4372309;531386368;26337280;483139584;0;0;0;0;0;0;0;0;0;0;0;2245;0;0;0;0;0;0;
35621;2282360;531386368;26337280;483139584;0;0;0;0;0;0;0;0;0;0;0;2544;0;0;0;0;0;0;
35622;4402336;531386368;26337280;483139584;0;0;0;0;0;0;0;0;0;0;0;2385;0;0;0;0;0;0;
35623;2341922;531386368;26337280;483139584;0;0;0;0;0;0;0;0;0;0;0;2434;0;0;0;0;0;0;
35624;5143315;537460736;34299904;491102208;0;0;0;0;0;0;0;0;0;0;0;2836;0;0;0;0;0;0;
35625;2375685;537460736;34299904;491102208;0;0;0;0;0;0;0;0;0;0;0;2655;0;0;0;0;0;0;
35626;4391396;537460736;34299904;491102208;0;0;0;0;0;0;0;0;0;0;0;2715;0;0;0;0;0;0;
35627;2795663;537460736;34299904;491102208;0;0;0;0;0;0;0;0;0;0;0;3547;0;0;0;0;0;0;
35628;4806013;537460736;34299904;491102208;0;0;0;0;0;0;0;0;0;0;0;2826;0;0;0;0;0;0;
35629;2573737;537460736;34299904;491102208;0;0;0;0;0;0;0;0;0;0;0;2504;0;0;0;0;0;0;
35630;4420009;537460736;34299904;491102208;0;0;0;0;0;0;0;0;0;0;0;2505;0;0;0;0;0;0;
35631;2354595;537460736;34299904;491102208;0;0;0;0;0;0;0;0;0;0;0;2605;0;0;0;0;0;0;
35632;4400272;537460736;34299904;491102208;0;0;0;0;0;0;0;0;0;0;0;2625;0;0;0;0;0;0;
35633;2581982;531386368;26337280;483139584;0;0;0;0;0;0;0;0;0;0;0;2264;0;0;0;0;0;0;
35634;4464032;531386368;26337280;483139584;0;0;0;0;0;0;0;0;0;0;0;2324;0;0;0;0;0;0;
35635;2228729;531386368;26337280;483139584;0;0;0;0;0;0;0;0;0;0;0;2144;0;0;0;0;0;0;
35636;4426782;531386368;26337280;483139584;0;0;0;0;0;0;0;0;0;0;0;1943;0;0;0;0;0;0;
35637;2317196;531386368;26337280;483139584;0;0;0;0;0;0;0;0;0;0;0;2515;0;0;0;0;0;0;
35638;4402206;531386368;26337280;483139584;0;0;0;0;0;0;0;0;0;0;0;2014;0;0;0;0;0;0;
35639;2252033;531386368;26337280;483139584;0;0;0;0;0;0;0;0;0;0;0;2134;0;0;0;0;0;0;
35640;4447691;531386368;26337280;483139584;0;0;0;0;0;0;0;0;0;0;0;1903;0;0;0;0;0;0;
35641;2338455;531386368;26337280;483139584;0;0;0;0;0;0;0;0;0;0;0;3116;0;0;0;0;0;0;
35642;4430239;531386368;26337280;483139584;0;0;0;0;0;0;0;0;0;0;0;2655;0;0;0;0;0;0;
35643;2356980;531386368;26337280;483139584;0;0;0;0;0;0;0;0;0;0;0;2514;0;0;0;0;0;0;
35644;4422554;531386368;26337280;483139584;0;0;0;0;0;0;0;0;0;0;0;2184;0;0;0;0;0;0;
35645;2359676;531386368;26337280;483139584;0;0;0;0;0;0;0;0;0;0;0;2204;0;0;0;0;0;0;
35646;4417955;531386368;26337280;483139584;0;0;0;0;0;0;0;0;0;0;0;2054;0;0;0;0;0;0;
35647;2429246;531386368;26337280;483139584;0;0;0;0;0;0;0;0;0;0;0;2023;0;0;0;0;0;0;
35648;4940065;531386368;26337280;483139584;0;0;0;0;0;0;0;0;0;0;0;2013;0;0;0;0;0;0;
35649;2363953;531386368;26337280;483139584;0;0;0;0;0;0;0;0;0;0;0;2504;0;0;0;0;0;0;
35650;5133738;537460736;34299904;491102208;0;0;0;0;0;0;0;0;0;0;0;2866;0;0;0;0;0;0;
35651;2341742;537460736;34299904;491102208;0;0;0;0;0;0;0;0;0;0;0;2094;0;0;0;0;0;0;
35652;4390554;537460736;34299904;491102208;0;0;0;0;0;0;0;0;0;0;0;2084;0;0;0;0;0;0;
35653;2323007;537460736;34299904;491102208;0;0;0;0;0;0;0;0;0;0;0;1984;0;0;0;0;0;0;
35654;4364455;537460736;34299904;491102208;0;0;0;0;0;0;0;0;0;0;0;2024;0;0;0;0;0;0;
35655;2437160;537460736;34299904;491102208;0;0;0;0;0;0;0;0;0;0;0;2625;0;0;0;0;0;0;
35656;4411052;537460736;34299904;491102208;0;0;0;0;0;0;0;0;0;0;0;2255;0;0;0;0;0;0;
35657;2680277;537460736;34299904;491102208;0;0;0;0;0;0;0;0;0;0;0;3817;0;0;0;0;0;0;
35658;4763764;537460736;34299904;491102208;0;0;0;0;0;0;0;0;0;0;0;2905;0;0;0;0;0;0;
35659;2731042;531386368;26337280;483139584;0;0;0;0;0;0;0;0;0;0;0;2715;0;0;0;0;0;0;
35660;4389592;531386368;26337280;483139584;0;0;0;0;0;0;0;0;0;0;0;2094;0;0;0;0;0;0;
35661;2320883;531386368;26337280;483139584;0;0;0;0;0;0;0;0;0;0;0;2224;0;0;0;0;0;0;
35662;4366548;531386368;26337280;483139584;0;0;0;0;0;0;0;0;0;0;0;2174;0;0;0;0;0;0;
35663;2355517;531386368;26337280;483139584;0;0;0;0;0;0;0;0;0;0;0;2354;0;0;0;0;0;0;
35664;4365948;531386368;26337280;483139584;0;0;0;0;0;0;0;0;0;0;0;2114;0;0;0;0;0;0;
35665;2255239;531386368;26337280;483139584;0;0;0;0;0;0;0;0;0;0;0;2494;0;0;0;0;0;0;
35666;4377840;531386368;26337280;483139584;0;0;0;0;0;0;0;0;0;0;0;1994;0;0;0;0;0;0;
35667;2284354;531386368;26337280;483139584;0;0;0;0;0;0;0;0;0;0;0;2124;0;0;0;0;0;0;
35668;4408899;531386368;26337280;483139584;0;0;0;0;0;0;0;0;0;0;0;2264;0;0;0;0;0;0;
35669;2438092;531386368;26337280;483139584;0;0;0;0;0;0;0;0;0;0;0;2645;0;0;0;0;0;0;
35670;4406033;531386368;26337280;483139584;0;0;0;0;0;0;0;0;0;0;0;1963;0;0;0;0;0;0;
35671;2345368;531386368;26337280;483139584;0;0;0;0;0;0;0;0;0;0;0;1994;0;0;0;0;0;0;
35672;4389652;531386368;26337280;483139584;0;0;0;0;0;0;0;0;0;0;0;2365;0;0;0;0;0;0;
35673;2305154;531386368;26337280;483139584;0;0;0;0;0;0;0;0;0;0;0;2284;0;0;0;0;0;0;
35674;4394652;531386368;26337280;483139584;0;0;0;0;0;0;0;0;0;0;0;2023;0;0;0;0;0;0;
35675;3285822;537460736;34299904;491102208;0;0;0;0;0;0;0;0;0;0;0;2605;0;0;0;0;0;0;
35676;4380385;537460736;34299904;491102208;0;0;0;0;0;0;0;0;0;0;0;2484;0;0;0;0;0;0;
35677;2322466;537460736;34299904;491102208;0;0;0;0;0;0;0;0;0;0;0;2695;0;0;0;0;0;0;
35678;4397146;537460736;34299904;491102208;0;0;0;0;0;0;0;0;0;0;0;2775;0;0;0;0;0;0;
35679;2550233;537460736;34299904;491102208;0;0;0;0;0;0;0;0;0;0;0;2284;0;0;0;0;0;0;
35680;4394772;537460736;34299904;491102208;0;0;0;0;0;0;0;0;0;0;0;1924;0;0;0;0;0;0;
35681;2550574;537460736;34299904;491102208;0;0;0;0;0;0;0;0;0;0;0;2344;0;0;0;0;0;0;
35682;4349788;537460736;34299904;491102208;0;0;0;0;0;0;0;0;0;0;0;2434;0;0;0;0;0;0;
35683;2422223;537460736;34299904;491102208;0;0;0;0;0;0;0;0;0;0;0;2385;0;0;0;0;0;0;
35684;4455015;537460736;34299904;491102208;0;0;0;0;0;0;0;0;0;0;0;2324;0;0;0;0;0;0;
35685;2510178;537460736;34299904;491102208;0;0;0;0;0;0;0;0;0;0;0;2906;0;0;0;0;0;0;
35686;4531708;537460736;34299904;491102208;0;0;0;0;0;0;0;0;0;0;0;2114;0;0;0;0;0;0;
35687;3198038;537460736;34299904;491102208;0;0;0;0;0;0;0;0;0;0;0;3095;0;0;0;0;0;0;
35688;4763874;537460736;34299904;491102208;0;0;0;0;0;0;0;0;0;0;0;2676;0;0;0;0;0;0;
35689;2638238;537460736;34299904;491102208;0;0;0;0;0;0;0;0;0;0;0;2204;0;0;0;0;0;0;
35690;4427654;537460736;34299904;491102208;0;0;0;0;0;0;0;0;0;0;0;2194;0;0;0;0;0;0;
35691;2494929;537460736;34299904;491102208;0;0;0;0;0;0;0;0;0;0;0;2234;0;0;0;0;0;0;
35692;4380194;537460736;34299904;491102208;0;0;0;0;0;0;0;0;0;0;0;2305;0;0;0;0;0;0;
35693;2598723;537460736;34299904;491102208;0;0;0;0;0;0;0;0;0;0;0;2575;0;0;0;0;0;0;
35694;4367701;537460736;34299904;491102208;0;0;0;0;0;0;0;0;0;0;0;2344;0;0;0;0;0;0;
35695;2287851;537460736;34299904;491102208;0;0;0;0;0;0;0;0;0;0;0;2385;0;0;0;0;0;0;
35696;4423776;537460736;34299904;491102208;0;0;0;0;0;0;0;0;0;0;0;2364;0;0;0;0;0;0;
35697;2509637;537460736;34299904;491102208;0;0;0;0;0;0;0;0;0;0;0;2424;0;0;0;0;0;0;
35698;4435879;537460736;34299904;491102208;0;0;0;0;0;0;0;0;0;0;0;2484;0;0;0;0;0;0;
35699;2545013;537460736;34299904;491102208;0;0;0;0;0;0;0;0;0;0;0;2104;0;0;0;0;0;0;
35700;4413056;537460736;34299904;491102208;0;0;0;0;0;0;0;0;0;0;0;2134;0;0;0;0;0;0;
35701;2330541;537460736;34299904;491102208;0;0;0;0;0;0;0;0;0;0;0;2665;0;0;0;0;0;0;
35702;4390013;537460736;34299904;491102208;0;0;0;0;0;0;0;0;0;0;0;2324;0;0;0;0;0;0;
35703;2517441;537460736;34299904;491102208;0;0;0;0;0;0;0;0;0;0;0;2254;0;0;0;0;0;0;
35704;4476375;537460736;34299904;491102208;0;0;0;0;0;0;0;0;0;0;0;1913;0;0;0;0;0;0;
35705;2530456;537460736;34299904;491102208;0;0;0;0;0;0;0;0;0;0;0;2315;0;0;0;0;0;0;
35706;4378932;537460736;34299904;491102208;0;0;0;0;0;0;0;0;0;0;0;2224;0;0;0;0;0;0;
35707;2387056;537460736;34299904;491102208;0;0;0;0;0;0;0;0;0;0;0;2645;0;0;0;0;0;0;
35708;4412806;537460736;34299904;491102208;0;0;0;0;0;0;0;0;0;0;0;2434;0;0;0;0;0;0;
35709;2485171;537460736;34299904;491102208;0;0;0;0;0;0;0;0;0;0;0;2595;0;0;0;0;0;0;
35710;4419919;537460736;34299904;491102208;0;0;0;0;0;0;0;0;0;0;0;2264;0;0;0;0;0;0;
35711;2651672;537460736;34299904;491102208;0;0;0;0;0;0;0;0;0;0;0;2365;0;0;0;0;0;0;
35712;4369214;537460736;34299904;491102208;0;0;0;0;0;0;0;0;0;0;0;2074;0;0;0;0;0;0;
35713;2380354;537460736;34299904;491102208;0;0;0;0;0;0;0;0;0;0;0;2936;0;0;0;0;0;0;
35714;4335922;537460736;34299904;491102208;0;0;0;0;0;0;0;0;0;0;0;2154;0;0;0;0;0;0;
35715;2597230;537460736;34299904;491102208;0;0;0;0;0;0;0;0;0;0;0;2315;0;0;0;0;0;0;
35716;4436991;537460736;34299904;491102208;0;0;0;0;0;0;0;0;0;0;0;2495;0;0;0;0;0;0;
35717;2794190;537460736;34299904;491102208;0;0;0;0;0;0;0;0;0;0;0;3687;0;0;0;0;0;0;
35718;4820861;537460736;34299904;491102208;0;0;0;0;0;0;0;0;0;0;0;3056;0;0;0;0;0;0;
35719;2630053;537460736;34299904;491102208;0;0;0;0;0;0;0;0;0;0;0;2304;0;0;0;0;0;0;
35720;4337344;537460736;34299904;491102208;0;0;0;0;0;0;0;0;0;0;0;2224;0;0;0;0;0;0;
35721;2504207;537460736;34299904;491102208;0;0;0;0;0;0;0;0;0;0;0;3006;0;0;0;0;0;0;
35722;4399180;537460736;34299904;491102208;0;0;0;0;0;0;0;0;0;0;0;2464;0;0;0;0;0;0;
35723;2622217;537460736;34299904;491102208;0;0;0;0;0;0;0;0;0;0;0;2575;0;0;0;0;0;0;
35724;4367020;537460736;34299904;491102208;0;0;0;0;0;0;0;0;0;0;0;2395;0;0;0;0;0;0;
35725;2428564;537460736;34299904;491102208;0;0;0;0;0;0;0;0;0;0;0;2425;0;0;0;0;0;0;
35726;4498977;537460736;34299904;491102208;0;0;0;0;0;0;0;0;0;0;0;2625;0;0;0;0;0;0;
35727;2531538;537460736;34308096;491110400;0;0;0;0;0;0;0;0;0;0;0;2304;0;0;0;0;0;0;
35728;4420260;537460736;34308096;491110400;0;0;0;0;0;0;0;0;0;0;0;2094;0;0;0;0;0;0;
35729;2566904;537460736;34308096;491110400;0;0;0;0;0;0;0;0;0;0;0;2374;0;0;0;0;0;0;
35730;4357212;537460736;34308096;491110400;0;0;0;0;0;0;0;0;0;0;0;2034;0;0;0;0;0;0;
35731;2365326;537460736;34308096;491110400;0;0;0;0;0;0;0;0;0;0;0;2164;0;0;0;0;0;0;
35732;4361189;537460736;34308096;491110400;0;0;0;0;0;0;0;0;0;0;0;2314;0;0;0;0;0;0;
35733;2601078;537600000;34299904;491102208;0;0;0;0;0;0;0;0;0;0;0;2144;0;0;0;0;0;0;
35734;4401494;537600000;34299904;491102208;0;0;0;0;0;0;0;0;0;0;0;2375;0;0;0;0;0;0;
35735;2565030;537600000;34299904;491102208;0;0;0;0;0;0;0;0;0;0;0;2154;0;0;0;0;0;0;
35736;4337454;537600000;34299904;491102208;0;0;0;0;0;0;0;0;0;0;0;2795;0;0;0;0;0;0;
35737;2348364;537600000;34299904;491102208;0;0;0;0;0;0;0;0;0;0;0;2124;0;0;0;0;0;0;
35738;4341182;537600000;34299904;491102208;0;0;0;0;0;0;0;0;0;0;0;2375;0;0;0;0;0;0;
35739;2514676;537600000;34299904;491102208;0;0;0;0;0;0;0;0;0;0;0;2365;0;0;0;0;0;0;
35740;4387919;537600000;34299904;491102208;0;0;0;0;0;0;0;0;0;0;0;2615;0;0;0;0;0;0;
35741;2611829;537600000;34299904;491102208;0;0;0;0;0;0;0;0;0;0;0;2565;0;0;0;0;0;0;
35742;4395333;537600000;34299904;491102208;0;0;0;0;0;0;0;0;0;0;0;2685;0;0;0;0;0;0;
35743;2342533;537600000;34299904;491102208;0;0;0;0;0;0;0;0;0;0;0;2665;0;0;0;0;0;0;
35744;4434807;537600000;34299904;491102208;0;0;0;0;0;0;0;0;0;0;0;2585;0;0;0;0;0;0;
35745;2450305;537600000;34299904;491102208;0;0;0;0;0;0;0;0;0;0;0;2425;0;0;0;0;0;0;
35746;4487185;537600000;34299904;491102208;0;0;0;0;0;0;0;0;0;0;0;1993;0;0;0;0;0;0;
35747;2845066;537600000;34299904;491102208;0;0;0;0;0;0;0;0;0;0;0;2585;0;0;0;0;0;0;
35748;4807185;537600000;34299904;491102208;0;0;0;0;0;0;0;0;0;0;0;2755;0;0;0;0;0;0;
35749;2704542;537600000;34299904;491102208;0;0;0;0;0;0;0;0;0;0;0;3016;0;0;0;0;0;0;
35750;4384272;537600000;34299904;491102208;0;0;0;0;0;0;0;0;0;0;0;2645;0;0;0;0;0;0;
35751;2540475;537600000;34299904;491102208;0;0;0;0;0;0;0;0;0;0;0;1933;0;0;0;0;0;0;
35752;4413898;537600000;34299904;491102208;0;0;0;0;0;0;0;0;0;0;0;2504;0;0;0;0;0;0;
35753;2595127;537600000;34299904;491102208;0;0;0;0;0;0;0;0;0;0;0;2174;0;0;0;0;0;0;
35754;4380064;537600000;34299904;491102208;0;0;0;0;0;0;0;0;0;0;0;2505;0;0;0;0;0;0;
35755;2393679;537600000;34299904;491102208;0;0;0;0;0;0;0;0;0;0;0;2735;0;0;0;0;0;0;
35756;4418707;537600000;34299904;491102208;0;0;0;0;0;0;0;0;0;0;0;2494;0;0;0;0;0;0;
35757;2583064;537600000;34299904;491102208;0;0;0;0;0;0;0;0;0;0;0;2434;0;0;0;0;0;0;
35758;4490771;537600000;34299904;491102208;0;0;0;0;0;0;0;0;0;0;0;2184;0;0;0;0;0;0;
35759;2538851;537600000;34299904;491102208;0;0;0;0;0;0;0;0;0;0;0;2434;0;0;0;0;0;0;
35760;4357372;537600000;34299904;491102208;0;0;0;0;0;0;0;0;0;0;0;2275;0;0;0;0;0;0;
35761;2347773;537600000;34299904;491102208;0;0;0;0;0;0;0;0;0;0;0;2315;0;0;0;0;0;0;
35762;4361029;537600000;34299904;491102208;0;0;0;0;0;0;0;0;0;0;0;2084;0;0;0;0;0;0;
35763;2439605;537600000;34299904;491102208;0;0;0;0;0;0;0;0;0;0;0;2114;0;0;0;0;0;0;
35764;4389812;537600000;34299904;491102208;0;0;0;0;0;0;0;0;0;0;0;2284;0;0;0;0;0;0;
35765;2656522;537600000;34299904;491102208;0;0;0;0;0;0;0;0;0;0;0;2254;0;0;0;0;0;0;
35766;4357573;537600000;34299904;491102208;0;0;0;0;0;0;0;0;0;0;0;2705;0;0;0;0;0;0;
35767;2482165;537600000;34299904;491102208;0;0;0;0;0;0;0;0;0;0;0;2244;0;0;0;0;0;0;
35768;4362261;537600000;34299904;491102208;0;0;0;0;0;0;0;0;0;0;0;2435;0;0;0;0;0;0;
35769;2605887;537600000;34299904;491102208;0;0;0;0;0;0;0;0;0;0;0;2775;0;0;0;0;0;0;
35770;4402076;537600000;34299904;491102208;0;0;0;0;0;0;0;0;0;0;0;2765;0;0;0;0;0;0;
35771;2583795;537600000;34299904;491102208;0;0;0;0;0;0;0;0;0;0;0;2064;0;0;0;0;0;0;
35772;4316435;537600000;34299904;491102208;0;0;0;0;0;0;0;0;0;0;0;2144;0;0;0;0;0;0;
35773;2529234;537600000;34299904;491102208;0;0;0;0;0;0;0;0;0;0;0;2364;0;0;0;0;0;0;
35774;4341021;537600000;34299904;491102208;0;0;0;0;0;0;0;0;0;0;0;2184;0;0;0;0;0;0;
35775;2501020;537600000;34299904;491102208;0;0;0;0;0;0;0;0;0;0;0;2164;0;0;0;0;0;0;
35776;4416944;537600000;34299904;491102208;0;0;0;0;0;0;0;0;0;0;0;2034;0;0;0;0;0;0;
35777;3018000;537600000;34299904;491102208;0;0;0;0;0;0;0;0;0;0;0;3206;0;0;0;0;0;0;
35778;4973918;537600000;34299904;491102208;0;0;0;0;0;0;0;0;0;0;0;2665;0;0;0;0;0;0;
35779;2663294;537600000;34299904;491102208;0;0;0;0;0;0;0;0;0;0;0;2434;0;0;0;0;0;0;
35780;4358985;537600000;34299904;491102208;0;0;0;0;0;0;0;0;0;0;0;2184;0;0;0;0;0;0;
35781;2558689;537600000;34299904;491102208;0;0;0;0;0;0;0;0;0;0;0;2154;0;0;0;0;0;0;
35782;4390564;537600000;34299904;491102208;0;0;0;0;0;0;0;0;0;0;0;1854;0;0;0;0;0;0;
35783;2644289;537600000;34299904;491102208;0;0;0;0;0;0;0;0;0;0;0;2244;0;0;0;0;0;0;
35784;4331924;537600000;34299904;491102208;0;0;0;0;0;0;0;0;0;0;0;1984;0;0;0;0;0;0;
35785;2353374;537600000;34299904;491102208;0;0;0;0;0;0;0;0;0;0;0;2013;0;0;0;0;0;0;
35786;4369795;537600000;34299904;491102208;0;0;0;0;0;0;0;0;0;0;0;2184;0;0;0;0;0;0;
35787;2527059;537600000;34299904;491102208;0;0;0;0;0;0;0;0;0;0;0;2625;0;0;0;0;0;0;
35788;4426942;537600000;34299904;491102208;0;0;0;0;0;0;0;0;0;0;0;2294;0;0;0;0;0;0;
35789;2648837;537600000;34299904;491102208;0;0;0;0;0;0;0;0;0;0;0;2114;0;0;0;0;0;0;
35790;4377239;537600000;34299904;491102208;0;0;0;0;0;0;0;0;0;0;0;2284;0;0;0;0;0;0;
35791;2334168;537600000;34299904;491102208;0;0;0;0;0;0;0;0;0;0;0;1903;0;0;0;0;0;0;
35792;4377590;537600000;34299904;491102208;0;0;0;0;0;0;0;0;0;0;0;2355;0;0;0;0;0;0;
35793;2523662;537600000;34299904;491102208;0;0;0;0;0;0;0;0;0;0;0;2364;0;0;0;0;0;0;
35794;4403758;537600000;34299904;491102208;0;0;0;0;0;0;0;0;0;0;0;2234;0;0;0;0;0;0;
35795;2647645;537600000;34299904;491102208;0;0;0;0;0;0;0;0;0;0;0;1953;0;0;0;0;0;0;
35796;4370026;537600000;34299904;491102208;0;0;0;0;0;0;0;0;0;0;0;2354;0;0;0;0;0;0;
35797;2430568;537600000;34299904;491102208;0;0;0;0;0;0;0;0;0;0;0;2225;0;0;0;0;0;0;
35798;4381247;537600000;34299904;491102208;0;0;0;0;0;0;0;0;0;0;0;2325;0;0;0;0;0;0;
35799;2398077;537600000;34299904;491102208;0;0;0;0;0;0;0;0;0;0;0;2465;0;0;0;0;0;0;
35800;4385825;537600000;34299904;491102208;0;0;0;0;0;0;0;0;0;0;0;2334;0;0;0;0;0;0;
35801;2396956;537600000;34299904;491102208;0;0;0;0;0;0;0;0;0;0;0;2615;0;0;0;0;0;0;
35802;4376177;537600000;34299904;491102208;0;0;0;0;0;0;0;0;0;0;0;2185;0;0;0;0;0;0;
35803;2384441;537600000;34299904;491102208;0;0;0;0;0;0;0;0;0;0;0;2345;0;0;0;0;0;0;
35804;4363884;537600000;34299904;491102208;0;0;0;0;0;0;0;0;0;0;0;2425;0;0;0;0;0;0;
35805;2498205;537600000;34299904;491102208;0;0;0;0;0;0;0;0;0;0;0;2024;0;0;0;0;0;0;
35806;4410923;537600000;34299904;491102208;0;0;0;0;0;0;0;0;0;0;0;2024;0;0;0;0;0;0;
35807;2528873;537600000;34299904;491102208;0;0;0;0;0;0;0;0;0;0;0;2655;0;0;0;0;0;0;
35808;4501482;537600000;34299904;491102208;0;0;0;0;0;0;0;0;0;0;0;2485;0;0;0;0;0;0;
35809;2529504;537600000;34299904;491102208;0;0;0;0;0;0;0;0;0;0;0;2746;0;0;0;0;0;0;
35810;4361530;537600000;34299904;491102208;0;0;0;0;0;0;0;0;0;0;0;2345;0;0;0;0;0;0;
35811;2553328;537600000;34299904;491102208;0;0;0;0;0;0;0;0;0;0;0;2615;0;0;0;0;0;0;
35812;4454013;537600000;34299904;491102208;0;0;0;0;0;0;0;0;0;0;0;2274;0;0;0;0;0;0;
35813;2580259;537600000;34299904;491102208;0;0;0;0;0;0;0;0;0;0;0;2414;0;0;0;0;0;0;
35814;4325302;537600000;34299904;491102208;0;0;0;0;0;0;0;0;0;0;0;2605;0;0;0;0;0;0;
35815;2400241;537600000;34299904;491102208;0;0;0;0;0;0;0;0;0;0;0;2735;0;0;0;0;0;0;
35816;4378050;537600000;34299904;491102208;0;0;0;0;0;0;0;0;0;0;0;2705;0;0;0;0;0;0;
35817;2551826;537600000;34299904;491102208;0;0;0;0;0;0;0;0;0;0;0;2875;0;0;0;0;0;0;
35818;4411443;537600000;34299904;491102208;0;0;0;0;0;0;0;0;0;0;0;2345;0;0;0;0;0;0;
35819;11637024;537600000;34299904;491102208;0;0;0;0;0;0;0;0;0;0;0;2625;0;0;0;0;0;0;
35820;4335580;537600000;34299904;491102208;0;0;0;0;0;0;0;0;0;0;0;2464;0;0;0;0;0;0;
35821;2431039;537600000;34299904;491102208;0;0;0;0;0;0;0;0;0;0;0;2746;0;0;0;0;0;0;
35822;4388009;537600000;34299904;491102208;0;0;0;0;0;0;0;0;0;0;0;2184;0;0;0;0;0;0;
35823;2523121;537600000;34299904;491102208;0;0;0;0;0;0;0;0;0;0;0;2795;0;0;0;0;0;0;
35824;4384903;537600000;34299904;491102208;0;0;0;0;0;0;0;0;0;0;0;3066;0;0;0;0;0;0;
35825;2358734;537600000;34299904;491102208;0;0;0;0;0;0;0;0;0;0;0;2414;0;0;0;0;0;0;
35826;4369144;537600000;34299904;491102208;0;0;0;0;0;0;0;0;0;0;0;2374;0;0;0;0;0;0;
35827;2395623;537600000;34299904;491102208;0;0;0;0;0;0;0;0;0;0;0;2384;0;0;0;0;0;0;
35828;4343766;537600000;34299904;491102208;0;0;0;0;0;0;0;0;0;0;0;2685;0;0;0;0;0;0;
35829;2529183;537600000;34299904;491102208;0;0;0;0;0;0;0;0;0;0;0;2885;0;0;0;0;0;0;
35830;4434266;537600000;34299904;491102208;0;0;0;0;0;0;0;0;0;0;0;2465;0;0;0;0;0;0;
35831;2599565;537600000;34299904;491102208;0;0;0;0;0;0;0;0;0;0;0;2564;0;0;0;0;0;0;
35832;4384402;537600000;34299904;491102208;0;0;0;0;0;0;0;0;0;0;0;2705;0;0;0;0;0;0;
35833;2381136;537600000;34299904;491102208;0;0;0;0;0;0;0;0;0;0;0;2535;0;0;0;0;0;0;
35834;4427283;537600000;34299904;491102208;0;0;0;0;0;0;0;0;0;0;0;2505;0;0;0;0;0;0;
35835;3212445;537600000;34299904;491102208;0;0;0;0;0;0;0;0;0;0;0;2565;0;0;0;0;0;0;
35836;4404400;537600000;34299904;491102208;0;0;0;0;0;0;0;0;0;0;0;2515;0;0;0;0;0;0;
35837;2570450;537600000;34299904;491102208;0;0;0;0;0;0;0;0;0;0;0;2455;0;0;0;0;0;0;
35838;4453912;537600000;34299904;491102208;0;0;0;0;0;0;0;0;0;0;0;2264;0;0;0;0;0;0;
35839;2334558;537600000;34299904;491102208;0;0;0;0;0;0;0;0;0;0;0;2425;0;0;0;0;0;0;
35840;4323728;537600000;34299904;491102208;0;0;0;0;0;0;0;0;0;0;0;2675;0;0;0;0;0;0;
35841;2498426;537600000;34299904;491102208;0;0;0;0;0;0;0;0;0;0;0;2836;0;0;0;0;0;0;
35842;4362190;537600000;34299904;491102208;0;0;0;0;0;0;0;0;0;0;0;2856;0;0;0;0;0;0;
35843;2603863;537600000;34299904;491102208;0;0;0;0;0;0;0;0;0;0;0;2875;0;0;0;0;0;0;
35844;4343205;537600000;34299904;491102208;0;0;0;0;0;0;0;0;0;0;0;2816;0;0;0;0;0;0;
35845;2384241;537600000;34299904;491102208;0;0;0;0;0;0;0;0;0;0;0;2936;0;0;0;0;0;0;
35846;4341502;537600000;34299904;491102208;0;0;0;0;0;0;0;0;0;0;0;2886;0;0;0;0;0;0;
35847;2374783;537600000;34299904;491102208;0;0;0;0;0;0;0;0;0;0;0;2685;0;0;0;0;0;0;
35848;4377139;537600000;34299904;491102208;0;0;0;0;0;0;0;0;0;0;0;2394;0;0;0;0;0;0;
35849;2383640;537600000;34299904;491102208;0;0;0;0;0;0;0;0;0;0;0;2414;0;0;0;0;0;0;
35850;4339388;537600000;34299904;491102208;0;0;0;0;0;0;0;0;0;0;0;2033;0;0;0;0;0;0;
35851;2312336;537600000;34299904;491102208;0;0;0;0;0;0;0;0;0;0;0;2225;0;0;0;0;0;0;
35852;4324660;537600000;34299904;491102208;0;0;0;0;0;0;0;0;0;0;0;2104;0;0;0;0;0;0;
35853;2489198;537600000;34299904;491102208;0;0;0;0;0;0;0;0;0;0;0;2875;0;0;0;0;0;0;
35854;4493698;537600000;34299904;491102208;0;0;0;0;0;0;0;0;0;0;0;2244;0;0;0;0;0;0;
35855;2570541;537600000;34299904;491102208;0;0;0;0;0;0;0;0;0;0;0;2535;0;0;0;0;0;0;
35856;4382398;537600000;34299904;491102208;0;0;0;0;0;0;0;0;0;0;0;2455;0;0;0;0;0;0;
35857;2347953;537600000;34299904;491102208;0;0;0;0;0;0;0;0;0;0;0;2725;0;0;0;0;0;0;
35858;4367360;537600000;34299904;491102208;0;0;0;0;0;0;0;0;0;0;0;2374;0;0;0;0;0;0;
35859;2566022;537600000;34299904;491102208;0;0;0;0;0;0;0;0;0;0;0;2474;0;0;0;0;0;0;
35860;4398239;537600000;34299904;491102208;0;0;0;0;0;0;0;0;0;0;0;2134;0;0;0;0;0;0;
35861;2649559;537600000;34299904;491102208;0;0;0;0;0;0;0;0;0;0;0;2345;0;0;0;0;0;0;
35862;4385004;537600000;34299904;491102208;0;0;0;0;0;0;0;0;0;0;0;2284;0;0;0;0;0;0;
35863;2442561;537600000;34299904;491102208;0;0;0;0;0;0;0;0;0;0;0;2625;0;0;0;0;0;0;
35864;4474822;537600000;34299904;491102208;0;0;0;0;0;0;0;0;0;0;0;2404;0;0;0;0;0;0;
35865;3590703;537600000;34299904;491102208;0;0;0;0;0;0;0;0;0;0;0;3537;0;0;0;0;0;0;
35866;4501051;537600000;34299904;491102208;0;0;0;0;0;0;0;0;0;0;0;2695;0;0;0;0;0;0;
35867;2691317;537600000;34299904;491102208;0;0;0;0;0;0;0;0;0;0;0;2144;0;0;0;0;0;0;
35868;4444205;537600000;34299904;491102208;0;0;0;0;0;0;0;0;0;0;0;2154;0;0;0;0;0;0;
35869;2369153;537600000;34299904;491102208;0;0;0;0;0;0;0;0;0;0;0;2375;0;0;0;0;0;0;
35870;4378160;537600000;34299904;491102208;0;0;0;0;0;0;0;0;0;0;0;2184;0;0;0;0;0;0;
35871;2456467;537600000;34299904;491102208;0;0;0;0;0;0;0;0;0;0;0;2575;0;0;0;0;0;0;
35872;4371117;537600000;34299904;491102208;0;0;0;0;0;0;0;0;0;0;0;2044;0;0;0;0;0;0;
35873;2416883;537600000;34299904;491102208;0;0;0;0;0;0;0;0;0;0;0;2385;0;0;0;0;0;0;
35874;4357362;537600000;34299904;491102208;0;0;0;0;0;0;0;0;0;0;0;2234;0;0;0;0;0;0;
35875;2336832;537600000;34299904;491102208;0;0;0;0;0;0;0;0;0;0;0;2635;0;0;0;0;0;0;
35876;4385805;537600000;34299904;491102208;0;0;0;0;0;0;0;0;0;0;0;2595;0;0;0;0;0;0;
35877;2595387;537600000;34299904;491102208;0;0;0;0;0;0;0;0;0;0;0;2705;0;0;0;0;0;0;
35878;4446419;537600000;34299904;491102208;0;0;0;0;0;0;0;0;0;0;0;2205;0;0;0;0;0;0;
35879;2566423;537600000;34299904;491102208;0;0;0;0;0;0;0;0;0;0;0;2445;0;0;0;0;0;0;
35880;4343155;537600000;34299904;491102208;0;0;0;0;0;0;0;0;0;0;0;2274;0;0;0;0;0;0;
35881;2245932;537600000;34299904;491102208;0;0;0;0;0;0;0;0;0;0;0;2525;0;0;0;0;0;0;
35882;4343737;537600000;34299904;491102208;0;0;0;0;0;0;0;0;0;0;0;1974;0;0;0;0;0;0;
35883;2429166;537600000;34299904;491102208;0;0;0;0;0;0;0;0;0;0;0;2314;0;0;0;0;0;0;
35884;4407716;537600000;34299904;491102208;0;0;0;0;0;0;0;0;0;0;0;2525;0;0;0;0;0;0;
35885;2577955;537600000;34299904;491102208;0;0;0;0;0;0;0;0;0;0;0;2474;0;0;0;0;0;0;
35886;4325281;537600000;34299904;491102208;0;0;0;0;0;0;0;0;0;0;0;2445;0;0;0;0;0;0;
35887;2316364;537600000;34299904;491102208;0;0;0;0;0;0;0;0;0;0;0;2324;0;0;0;0;0;0;
35888;4347223;537600000;34299904;491102208;0;0;0;0;0;0;0;0;0;0;0;2384;0;0;0;0;0;0;
35889;2467727;537600000;34299904;491102208;0;0;0;0;0;0;0;0;0;0;0;2595;0;0;0;0;0;0;
35890;4472397;537600000;34299904;491102208;0;0;0;0;0;0;0;0;0;0;0;2194;0;0;0;0;0;0;
35891;2526989;537600000;34299904;491102208;0;0;0;0;0;0;0;0;0;0;0;11351;0;0;0;0;0;0;
35892;4354046;537600000;34299904;491102208;0;0;0;0;0;0;0;0;0;0;0;2244;0;0;0;0;0;0;
35893;2366539;537600000;34299904;491102208;0;0;0;0;0;0;0;0;0;0;0;2444;0;0;0;0;0;0;
35894;4368944;537600000;34299904;491102208;0;0;0;0;0;0;0;0;0;0;0;2395;0;0;0;0;0;0;
35895;3316270;537600000;34299904;491102208;0;0;0;0;0;0;0;0;0;0;0;3256;0;0;0;0;0;0;
35896;4780595;537600000;34299904;491102208;0;0;0;0;0;0;0;0;0;0;0;2986;0;0;0;0;0;0;
35897;2639621;537600000;34299904;491102208;0;0;0;0;0;0;0;0;0;0;0;2404;0;0;0;0;0;0;
35898;4323749;537600000;34299904;491102208;0;0;0;0;0;0;0;0;0;0;0;2375;0;0;0;0;0;0;
35899;2338124;537600000;34299904;491102208;0;0;0;0;0;0;0;0;0;0;0;2475;0;0;0;0;0;0;
35900;4340009;537600000;34299904;491102208;0;0;0;0;0;0;0;0;0;0;0;2575;0;0;0;0;0;0;
35901;2547417;537600000;34299904;491102208;0;0;0;0;0;0;0;0;0;0;0;2525;0;0;0;0;0;0;
35902;4417134;537600000;34299904;491102208;0;0;0;0;0;0;0;0;0;0;0;2334;0;0;0;0;0;0;
35903;2627077;537600000;34299904;491102208;0;0;0;0;0;0;0;0;0;0;0;2465;0;0;0;0;0;0;
35904;4340911;537600000;34299904;491102208;0;0;0;0;0;0;0;0;0;0;0;2354;0;0;0;0;0;0;
35905;2330521;537600000;34299904;491102208;0;0;0;0;0;0;0;0;0;0;0;2595;0;0;0;0;0;0;
35906;4354145;537600000;34299904;491102208;0;0;0;0;0;0;0;0;0;0;0;2585;0;0;0;0;0;0;
35907;2511149;537600000;34299904;491102208;0;0;0;0;0;0;0;0;0;0;0;2494;0;0;0;0;0;0;
35908;4373672;537600000;34299904;491102208;0;0;0;0;0;0;0;0;0;0;0;2635;0;0;0;0;0;0;
35909;2589897;537600000;34299904;491102208;0;0;0;0;0;0;0;0;0;0;0;2354;0;0;0;0;0;0;
35910;4323207;537600000;34299904;491102208;0;0;0;0;0;0;0;0;0;0;0;2214;0;0;0;0;0;0;
35911;2335320;537600000;34299904;491102208;0;0;0;0;0;0;0;0;0;0;0;2264;0;0;0;0;0;0;
35912;4357452;537600000;34299904;491102208;0;0;0;0;0;0;0;0;0;0;0;2384;0;0;0;0;0;0;
35913;2490591;537600000;34299904;491102208;0;0;0;0;0;0;0;0;0;0;0;2054;0;0;0;0;0;0;
35914;4392558;537600000;34299904;491102208;0;0;0;0;0;0;0;0;0;0;0;1943;0;0;0;0;0;0;
35915;2672492;537600000;34299904;491102208;0;0;0;0;0;0;0;0;0;0;0;2415;0;0;0;0;0;0;
35916;4350529;537600000;34299904;491102208;0;0;0;0;0;0;0;0;0;0;0;2344;0;0;0;0;0;0;
35917;2338937;537600000;34299904;491102208;0;0;0;0;0;0;0;0;0;0;0;2304;0;0;0;0;0;0;
35918;4362832;537600000;34299904;491102208;0;0;0;0;0;0;0;0;0;0;0;2474;0;0;0;0;0;0;
35919;2515267;537600000;34299904;491102208;0;0;0;0;0;0;0;0;0;0;0;2375;0;0;0;0;0;0;
35920;4384383;537600000;34299904;491102208;0;0;0;0;0;0;0;0;0;0;0;2254;0;0;0;0;0;0;
35921;2530696;537600000;34299904;491102208;0;0;0;0;0;0;0;0;0;0;0;2354;0;0;0;0;0;0;
35922;4326584;537600000;34299904;491102208;0;0;0;0;0;0;0;0;0;0;0;2475;0;0;0;0;0;0;
35923;2292319;537600000;34299904;491102208;0;0;0;0;0;0;0;0;0;0;0;2335;0;0;0;0;0;0;
35924;4354436;537600000;34299904;491102208;0;0;0;0;0;0;0;0;0;0;0;2335;0;0;0;0;0;0;
35925;3196304;537600000;34299904;491102208;0;0;0;0;0;0;0;0;0;0;0;3015;0;0;0;0;0;0;
35926;4810832;537600000;34299904;491102208;0;0;0;0;0;0;0;0;0;0;0;2825;0;0;0;0;0;0;
35927;2740680;537600000;34299904;491102208;0;0;0;0;0;0;0;0;0;0;0;2154;0;0;0;0;0;0;
35928;4336263;537600000;34299904;491102208;0;0;0;0;0;0;0;0;0;0;0;2445;0;0;0;0;0;0;
35929;2272021;537600000;34299904;491102208;0;0;0;0;0;0;0;0;0;0;0;2865;0;0;0;0;0;0;
35930;4392668;537600000;34299904;491102208;0;0;0;0;0;0;0;0;0;0;0;2445;0;0;0;0;0;0;
35931;2486272;537600000;34299904;491102208;0;0;0;0;0;0;0;0;0;0;0;2425;0;0;0;0;0;0;
35932;4368353;537600000;34299904;491102208;0;0;0;0;0;0;0;0;0;0;0;2104;0;0;0;0;0;0;
35933;2634100;537600000;34299904;491102208;0;0;0;0;0;0;0;0;0;0;0;2625;0;0;0;0;0;0;
35934;4340029;537600000;34299904;491102208;0;0;0;0;0;0;0;0;0;0;0;2454;0;0;0;0;0;0;
35935;2350839;537600000;34299904;491102208;0;0;0;0;0;0;0;0;0;0;0;2595;0;0;0;0;0;0;
35936;4406884;537600000;34299904;491102208;0;0;0;0;0;0;0;0;0;0;0;2625;0;0;0;0;0;0;
35937;2535906;537600000;34299904;491102208;0;0;0;0;0;0;0;0;0;0;0;2545;0;0;0;0;0;0;
35938;4404530;537600000;34299904;491102208;0;0;0;0;0;0;0;0;0;0;0;2625;0;0;0;0;0;0;
35939;2592061;537600000;34299904;491102208;0;0;0;0;0;0;0;0;0;0;0;2574;0;0;0;0;0;0;
35940;4391797;537600000;34299904;491102208;0;0;0;0;0;0;0;0;0;0;0;2715;0;0;0;0;0;0;
35941;2386886;537600000;34299904;491102208;0;0;0;0;0;0;0;0;0;0;0;2725;0;0;0;0;0;0;
35942;4394491;537600000;34299904;491102208;0;0;0;0;0;0;0;0;0;0;0;2424;0;0;0;0;0;0;
35943;2553499;537600000;34299904;491102208;0;0;0;0;0;0;0;0;0;0;0;2514;0;0;0;0;0;0;
35944;4449504;537600000;34299904;491102208;0;0;0;0;0;0;0;0;0;0;0;2194;0;0;0;0;0;0;
35945;2568937;537600000;34299904;491102208;0;0;0;0;0;0;0;0;0;0;0;2345;0;0;0;0;0;0;
35946;4363864;537600000;34299904;491102208;0;0;0;0;0;0;0;0;0;0;0;2454;0;0;0;0;0;0;
35947;2308139;537600000;34299904;491102208;0;0;0;0;0;0;0;0;0;0;0;2324;0;0;0;0;0;0;
35948;4357903;537600000;34299904;491102208;0;0;0;0;0;0;0;0;0;0;0;2405;0;0;0;0;0;0;
35949;2442981;537600000;34299904;491102208;0;0;0;0;0;0;0;0;0;0;0;2485;0;0;0;0;0;0;
35950;4360087;537600000;34299904;491102208;0;0;0;0;0;0;0;0;0;0;0;2014;0;0;0;0;0;0;
35951;2500510;537600000;34299904;491102208;0;0;0;0;0;0;0;0;0;0;0;2735;0;0;0;0;0;0;
35952;4296617;537600000;34299904;491102208;0;0;0;0;0;0;0;0;0;0;0;2254;0;0;0;0;0;0;
35953;2311024;537600000;34299904;491102208;0;0;0;0;0;0;0;0;0;0;0;2786;0;0;0;0;0;0;
35954;4365918;537600000;34299904;491102208;0;0;0;0;0;0;0;0;0;0;0;2575;0;0;0;0;0;0;
35955;2696186;537600000;34299904;491102208;0;0;0;0;0;0;0;0;0;0;0;2434;0;0;0;0;0;0;
35956;4855306;537600000;34299904;491102208;0;0;0;0;0;0;0;0;0;0;0;2374;0;0;0;0;0;0;
35957;2862869;537600000;34299904;491102208;0;0;0;0;0;0;0;0;0;0;0;2695;0;0;0;0;0;0;
35958;4371207;537600000;34299904;491102208;0;0;0;0;0;0;0;0;0;0;0;2865;0;0;0;0;0;0;
35959;2336191;537600000;34299904;491102208;0;0;0;0;0;0;0;0;0;0;0;2485;0;0;0;0;0;0;
35960;4337584;537600000;34299904;491102208;0;0;0;0;0;0;0;0;0;0;0;2825;0;0;0;0;0;0;
35961;2558588;537600000;34299904;491102208;0;0;0;0;0;0;0;0;0;0;0;2605;0;0;0;0;0;0;
35962;4378501;537600000;34299904;491102208;0;0;0;0;0;0;0;0;0;0;0;2034;0;0;0;0;0;0;
35963;2593483;537600000;34299904;491102208;0;0;0;0;0;0;0;0;0;0;0;2485;0;0;0;0;0;0;
35964;4354406;537600000;34299904;491102208;0;0;0;0;0;0;0;0;0;0;0;2315;0;0;0;0;0;0;
35965;2416882;537600000;34299904;491102208;0;0;0;0;0;0;0;0;0;0;0;2244;0;0;0;0;0;0;
35966;4373682;537600000;34299904;491102208;0;0;0;0;0;0;0;0;0;0;0;2044;0;0;0;0;0;0;
35967;2422413;537600000;34299904;491102208;0;0;0;0;0;0;0;0;0;0;0;2364;0;0;0;0;0;0;
35968;4415932;537600000;34299904;491102208;0;0;0;0;0;0;0;0;0;0;0;1933;0;0;0;0;0;0;
35969;2556605;537600000;34299904;491102208;0;0;0;0;0;0;0;0;0;0;0;2285;0;0;0;0;0;0;
35970;4403648;537600000;34299904;491102208;0;0;0;0;0;0;0;0;0;0;0;2004;0;0;0;0;0;0;
35971;2357471;537600000;34299904;491102208;0;0;0;0;0;0;0;0;0;0;0;2224;0;0;0;0;0;0;
35972;4406464;537600000;34299904;491102208;0;0;0;0;0;0;0;0;0;0;0;2435;0;0;0;0;0;0;
35973;2537699;537600000;34299904;491102208;0;0;0;0;0;0;0;0;0;0;0;2434;0;0;0;0;0;0;
35974;4374544;537600000;34299904;491102208;0;0;0;0;0;0;0;0;0;0;0;2064;0;0;0;0;0;0;
35975;2554250;537600000;34299904;491102208;0;0;0;0;0;0;0;0;0;0;0;2755;0;0;0;0;0;0;
35976;4366649;537600000;34299904;491102208;0;0;0;0;0;0;0;0;0;0;0;2595;0;0;0;0;0;0;
35977;2431560;537600000;34299904;491102208;0;0;0;0;0;0;0;0;0;0;0;2705;0;0;0;0;0;0;
35978;4344197;537600000;34299904;491102208;0;0;0;0;0;0;0;0;0;0;0;2245;0;0;0;0;0;0;
35979;2569308;537600000;34299904;491102208;0;0;0;0;0;0;0;0;0;0;0;2404;0;0;0;0;0;0;
35980;4373222;537600000;34299904;491102208;0;0;0;0;0;0;0;0;0;0;0;2244;0;0;0;0;0;0;
35981;2584818;537600000;34299904;491102208;0;0;0;0;0;0;0;0;0;0;0;2194;0;0;0;0;0;0;
35982;4332695;537600000;34299904;491102208;0;0;0;0;0;0;0;0;0;0;0;2154;0;0;0;0;0;0;
35983;2361749;537600000;34299904;491102208;0;0;0;0;0;0;0;0;0;0;0;2304;0;0;0;0;0;0;
35984;4321795;537600000;34299904;491102208;0;0;0;0;0;0;0;0;0;0;0;2204;0;0;0;0;0;0;
35985;2894999;537600000;34299904;491102208;0;0;0;0;0;0;0;0;0;0;0;3747;0;0;0;0;0;0;
35986;4777018;537600000;34299904;491102208;0;0;0;0;0;0;0;0;0;0;0;2916;0;0;0;0;0;0;
35987;2945855;537600000;34299904;491102208;0;0;0;0;0;0;0;0;0;0;0;2585;0;0;0;0;0;0;
35988;4342764;537600000;34299904;491102208;0;0;0;0;0;0;0;0;0;0;0;2345;0;0;0;0;0;0;
35989;2385935;537600000;34299904;491102208;0;0;0;0;0;0;0;0;0;0;0;2545;0;0;0;0;0;0;
35990;4337895;537600000;34299904;491102208;0;0;0;0;0;0;0;0;0;0;0;2284;0;0;0;0;0;0;
35991;2470984;537600000;34299904;491102208;0;0;0;0;0;0;0;0;0;0;0;2524;0;0;0;0;0;0;
35992;4447130;537600000;34299904;491102208;0;0;0;0;0;0;0;0;0;0;0;2264;0;0;0;0;0;0;
35993;2607310;537600000;34299904;491102208;0;0;0;0;0;0;0;0;0;0;0;2154;0;0;0;0;0;0;
35994;4407706;537600000;34299904;491102208;0;0;0;0;0;0;0;0;0;0;0;2184;0;0;0;0;0;0;
35995;2399911;537600000;34299904;491102208;0;0;0;0;0;0;0;0;0;0;0;2845;0;0;0;0;0;0;
35996;4309732;537600000;34299904;491102208;0;0;0;0;0;0;0;0;0;0;0;2715;0;0;0;0;0;0;
35997;2477807;537600000;34299904;491102208;0;0;0;0;0;0;0;0;0;0;0;2294;0;0;0;0;0;0;
35998;4391246;537600000;34299904;491102208;0;0;0;0;0;0;0;0;0;0;0;2545;0;0;0;0;0;0;
35999;2563598;537600000;34299904;491102208;0;0;0;0;0;0;0;0;0;0;0;2695;0;0;0;0;0;0;
36000;4319331;537600000;34299904;491102208;0;0;0;0;0;0;0;0;0;0;0;2815;0;0;0;0;0;0;
36001;2354966;537600000;34299904;491102208;0;0;0;0;0;0;0;0;0;0;0;2354;0;0;0;0;0;0;
36002;4358173;537600000;34299904;491102208;0;0;0;0;0;0;0;0;0;0;0;1964;0;0;0;0;0;0;
36003;2545754;537600000;34299904;491102208;0;0;0;0;0;0;0;0;0;0;0;2014;0;0;0;0;0;0;
36004;4408077;537600000;34299904;491102208;0;0;0;0;0;0;0;0;0;0;0;1994;0;0;0;0;0;0;
36005;2655330;537600000;34299904;491102208;0;0;0;0;0;0;0;0;0;0;0;2916;0;0;0;0;0;0;
36006;4340700;537600000;34299904;491102208;0;0;0;0;0;0;0;0;0;0;0;2524;0;0;0;0;0;0;
36007;2345188;537600000;34299904;491102208;0;0;0;0;0;0;0;0;0;0;0;2404;0;0;0;0;0;0;
36008;4365647;537600000;34299904;491102208;0;0;0;0;0;0;0;0;0;0;0;2705;0;0;0;0;0;0;
36009;2461606;537600000;34299904;491102208;0;0;0;0;0;0;0;0;0;0;0;2665;0;0;0;0;0;0;
36010;4410361;537600000;34299904;491102208;0;0;0;0;0;0;0;0;0;0;0;2555;0;0;0;0;0;0;
36011;2582894;537600000;34299904;491102208;0;0;0;0;0;0;0;0;0;0;0;2505;0;0;0;0;0;0;
36012;4477447;537600000;34299904;491102208;0;0;0;0;0;0;0;0;0;0;0;2525;0;0;0;0;0;0;
36013;2313057;537600000;34308096;491110400;0;0;0;0;0;0;0;0;0;0;0;2364;0;0;0;0;0;0;
36014;4333998;537600000;34308096;491110400;0;0;0;0;0;0;0;0;0;0;0;2215;0;0;0;0;0;0;
36015;2455024;537600000;34308096;491110400;0;0;0;0;0;0;0;0;0;0;0;2324;0;0;0;0;0;0;
36016;4787047;537600000;34308096;491110400;0;0;0;0;0;0;0;0;0;0;0;2364;0;0;0;0;0;0;
36017;2789942;537600000;34308096;491110400;0;0;0;0;0;0;0;0;0;0;0;2494;0;0;0;0;0;0;
36018;4332826;537600000;34308096;491110400;0;0;0;0;0;0;0;0;0;0;0;2565;0;0;0;0;0;0;
36019;2446979;537649152;34299904;491102208;0;0;0;0;0;0;0;0;0;0;0;2354;0;0;0;0;0;0;
36020;4348425;537649152;34299904;491102208;0;0;0;0;0;0;0;0;0;0;0;1994;0;0;0;0;0;0;
36021;2512282;537649152;34299904;491102208;0;0;0;0;0;0;0;0;0;0;0;2575;0;0;0;0;0;0;
36022;4352262;537649152;34299904;491102208;0;0;0;0;0;0;0;0;0;0;0;2184;0;0;0;0;0;0;
36023;2332324;537649152;34299904;491102208;0;0;0;0;0;0;0;0;0;0;0;2264;0;0;0;0;0;0;
36024;4312618;537649152;34299904;491102208;0;0;0;0;0;0;0;0;0;0;0;2294;0;0;0;0;0;0;
36025;2397546;537649152;34299904;491102208;0;0;0;0;0;0;0;0;0;0;0;2204;0;0;0;0;0;0;
36026;4330271;537649152;34299904;491102208;0;0;0;0;0;0;0;0;0;0;0;1874;0;0;0;0;0;0;
36027;2519866;537649152;34299904;491102208;0;0;0;0;0;0;0;0;0;0;0;1893;0;0;0;0;0;0;
36028;4400623;537649152;34299904;491102208;0;0;0;0;0;0;0;0;0;0;0;1814;0;0;0;0;0;0;
36029;2661211;537649152;34299904;491102208;0;0;0;0;0;0;0;0;0;0;0;2054;0;0;0;0;0;0;
36030;4356119;537649152;34299904;491102208;0;0;0;0;0;0;0;0;0;0;0;2344;0;0;0;0;0;0;
36031;2309691;537649152;34299904;491102208;0;0;0;0;0;0;0;0;0;0;0;2024;0;0;0;0;0;0;
36032;4365036;537649152;34299904;491102208;0;0;0;0;0;0;0;0;0;0;0;2394;0;0;0;0;0;0;
36033;2542459;537649152;34299904;491102208;0;0;0;0;0;0;0;0;0;0;0;2584;0;0;0;0;0;0;
36034;4418026;537649152;34299904;491102208;0;0;0;0;0;0;0;0;0;0;0;1943;0;0;0;0;0;0;
36035;2528161;537649152;34299904;491102208;0;0;0;0;0;0;0;0;0;0;0;2395;0;0;0;0;0;0;
36036;4310373;537649152;34299904;491102208;0;0;0;0;0;0;0;0;0;0;0;2274;0;0;0;0;0;0;
36037;2401283;537649152;34299904;491102208;0;0;0;0;0;0;0;0;0;0;0;2695;0;0;0;0;0;0;
36038;4320082;537649152;34299904;491102208;0;0;0;0;0;0;0;0;0;0;0;2194;0;0;0;0;0;0;
36039;2609784;537649152;34299904;491102208;0;0;0;0;0;0;0;0;0;0;0;2364;0;0;0;0;0;0;
36040;4368202;537649152;34299904;491102208;0;0;0;0;0;0;0;0;0;0;0;2464;0;0;0;0;0;0;
36041;2568187;537649152;34299904;491102208;0;0;0;0;0;0;0;0;0;0;0;2124;0;0;0;0;0;0;
36042;4342815;537649152;34299904;491102208;0;0;0;0;0;0;0;0;0;0;0;2405;0;0;0;0;0;0;
36043;2382388;537649152;34299904;491102208;0;0;0;0;0;0;0;0;0;0;0;2184;0;0;0;0;0;0;
36044;4349537;537649152;34299904;491102208;0;0;0;0;0;0;0;0;0;0;0;2084;0;0;0;0;0;0;
36045;2331893;537649152;34299904;491102208;0;0;0;0;0;0;0;0;0;0;0;2304;0;0;0;0;0;0;
36046;4713901;537649152;34299904;491102208;0;0;0;0;0;0;0;0;0;0;0;2234;0;0;0;0;0;0;
36047;3274652;537649152;34299904;491102208;0;0;0;0;0;0;0;0;0;0;0;3286;0;0;0;0;0;0;
36048;4734660;537649152;34299904;491102208;0;0;0;0;0;0;0;0;0;0;0;2224;0;0;0;0;0;0;
36049;2375906;537649152;34299904;491102208;0;0;0;0;0;0;0;0;0;0;0;2936;0;0;0;0;0;0;
36050;4347704;537649152;34299904;491102208;0;0;0;0;0;0;0;0;0;0;0;2295;0;0;0;0;0;0;
36051;2500930;537649152;34299904;491102208;0;0;0;0;0;0;0;0;0;0;0;2485;0;0;0;0;0;0;
36052;4485783;537649152;34299904;491102208;0;0;0;0;0;0;0;0;0;0;0;2585;0;0;0;0;0;0;
36053;2665569;537649152;34299904;491102208;0;0;0;0;0;0;0;0;0;0;0;2665;0;0;0;0;0;0;
36054;4378962;537649152;34299904;491102208;0;0;0;0;0;0;0;0;0;0;0;2204;0;0;0;0;0;0;
36055;2379983;537649152;34299904;491102208;0;0;0;0;0;0;0;0;0;0;0;2775;0;0;0;0;0;0;
36056;4383310;537649152;34299904;491102208;0;0;0;0;0;0;0;0;0;0;0;2795;0;0;0;0;0;0;
36057;2747613;537649152;34299904;491102208;0;0;0;0;0;0;0;0;0;0;0;2354;0;0;0;0;0;0;
36058;4453562;537649152;34299904;491102208;0;0;0;0;0;0;0;0;0;0;0;2134;0;0;0;0;0;0;
36059;2580039;537649152;34299904;491102208;0;0;0;0;0;0;0;0;0;0;0;2535;0;0;0;0;0;0;
36060;4374444;537649152;34299904;491102208;0;0;0;0;0;0;0;0;0;0;0;2375;0;0;0;0;0;0;
36061;2350398;537649152;34299904;491102208;0;0;0;0;0;0;0;0;0;0;0;2776;0;0;0;0;0;0;
36062;4385755;537649152;34299904;491102208;0;0;0;0;0;0;0;0;0;0;0;2595;0;0;0;0;0;0;
36063;2522110;537649152;34299904;491102208;0;0;0;0;0;0;0;0;0;0;0;2905;0;0;0;0;0;0;
36064;4402736;537649152;34299904;491102208;0;0;0;0;0;0;0;0;0;0;0;2334;0;0;0;0;0;0;
36065;2600267;537649152;34299904;491102208;0;0;0;0;0;0;0;0;0;0;0;2795;0;0;0;0;0;0;
36066;4353164;537649152;34299904;491102208;0;0;0;0;0;0;0;0;0;0;0;2856;0;0;0;0;0;0;
36067;2404259;537649152;34299904;491102208;0;0;0;0;0;0;0;0;0;0;0;2805;0;0;0;0;0;0;
36068;4365056;537649152;34299904;491102208;0;0;0;0;0;0;0;0;0;0;0;2615;0;0;0;0;0;0;
36069;2589797;537649152;34299904;491102208;0;0;0;0;0;0;0;0;0;0;0;2264;0;0;0;0;0;0;
36070;4372360;537649152;34299904;491102208;0;0;0;0;0;0;0;0;0;0;0;2194;0;0;0;0;0;0;
36071;2479701;537649152;34299904;491102208;0;0;0;0;0;0;0;0;0;0;0;2735;0;0;0;0;0;0;
36072;4365277;537649152;34299904;491102208;0;0;0;0;0;0;0;0;0;0;0;2164;0;0;0;0;0;0;
36073;2391875;537649152;34299904;491102208;0;0;0;0;0;0;0;0;0;0;0;2375;0;0;0;0;0;0;
36074;4395313;537649152;34299904;491102208;0;0;0;0;0;0;0;0;0;0;0;2335;0;0;0;0;0;0;
36075;2493647;537649152;34299904;491102208;0;0;0;0;0;0;0;0;0;0;0;2715;0;0;0;0;0;0;
36076;4423666;537649152;34299904;491102208;0;0;0;0;0;0;0;0;0;0;0;2565;0;0;0;0;0;0;
36077;3352107;537649152;34299904;491102208;0;0;0;0;0;0;0;0;0;0;0;2936;0;0;0;0;0;0;
36078;4754537;537649152;34299904;491102208;0;0;0;0;0;0;0;0;0;0;0;2966;0;0;0;0;0;0;
36079;2412775;537649152;34299904;491102208;0;0;0;0;0;0;0;0;0;0;0;2565;0;0;0;0;0;0;
36080;4387719;537649152;34299904;491102208;0;0;0;0;0;0;0;0;0;0;0;2585;0;0;0;0;0;0;
36081;2455505;537649152;34299904;491102208;0;0;0;0;0;0;0;0;0;0;0;2906;0;0;0;0;0;0;
36082;4469351;537649152;34299904;491102208;0;0;0;0;0;0;0;0;0;0;0;2164;0;0;0;0;0;0;
36083;2550924;537649152;34299904;491102208;0;0;0;0;0;0;0;0;0;0;0;2866;0;0;0;0;0;0;
36084;4352272;537649152;34299904;491102208;0;0;0;0;0;0;0;0;0;0;0;2525;0;0;0;0;0;0;
36085;2438784;537649152;34299904;491102208;0;0;0;0;0;0;0;0;0;0;0;2465;0;0;0;0;0;0;
36086;4362461;537649152;34299904;491102208;0;0;0;0;0;0;0;0;0;0;0;2425;0;0;0;0;0;0;
36087;2628289;537649152;34299904;491102208;0;0;0;0;0;0;0;0;0;0;0;2405;0;0;0;0;0;0;
36088;4408167;537649152;34299904;491102208;0;0;0;0;0;0;0;0;0;0;0;2215;0;0;0;0;0;0;
36089;2564129;537649152;34299904;491102208;0;0;0;0;0;0;0;0;0;0;0;2785;0;0;0;0;0;0;
36090;4328498;537649152;34299904;491102208;0;0;0;0;0;0;0;0;0;0;0;2485;0;0;0;0;0;0;
36091;2351820;537649152;34299904;491102208;0;0;0;0;0;0;0;0;0;0;0;2555;0;0;0;0;0;0;
36092;4352943;537649152;34299904;491102208;0;0;0;0;0;0;0;0;0;0;0;2084;0;0;0;0;0;0;
36093;2355077;537649152;34299904;491102208;0;0;0;0;0;0;0;0;0;0;0;2194;0;0;0;0;0;0;
36094;4375887;537649152;34299904;491102208;0;0;0;0;0;0;0;0;0;0;0;2264;0;0;0;0;0;0;
36095;2340469;537649152;34299904;491102208;0;0;0;0;0;0;0;0;0;0;0;2104;0;0;0;0;0;0;
36096;4327176;537649152;34299904;491102208;0;0;0;0;0;0;0;0;0;0;0;1993;0;0;0;0;0;0;
36097;2339057;537649152;34299904;491102208;0;0;0;0;0;0;0;0;0;0;0;2304;0;0;0;0;0;0;
36098;4346572;537649152;34299904;491102208;0;0;0;0;0;0;0;0;0;0;0;2245;0;0;0;0;0;0;
36099;2537789;537649152;34299904;491102208;0;0;0;0;0;0;0;0;0;0;0;2404;0;0;0;0;0;0;
36100;4435699;537649152;34299904;491102208;0;0;0;0;0;0;0;0;0;0;0;2255;0;0;0;0;0;0;
36101;2654679;537649152;34299904;491102208;0;0;0;0;0;0;0;0;0;0;0;2174;0;0;0;0;0;0;
36102;4361780;537649152;34299904;491102208;0;0;0;0;0;0;0;0;0;0;0;2214;0;0;0;0;0;0;
36103;2438132;537649152;34299904;491102208;0;0;0;0;0;0;0;0;0;0;0;2064;0;0;0;0;0;0;
36104;10435160;537649152;34299904;491102208;0;0;0;0;0;0;0;0;0;0;0;2144;0;0;0;0;0;0;
36105;6110420;537649152;34299904;491102208;0;0;0;0;0;0;0;0;0;0;0;2985;0;0;0;0;0;0;
36106;4872187;537649152;34299904;491102208;0;0;0;0;0;0;0;0;0;0;0;2334;0;0;0;0;0;0;
36107;3875538;537649152;34299904;491102208;0;0;0;0;0;0;0;0;0;0;0;2685;0;0;0;0;0;0;
36108;4664528;537649152;34299904;491102208;0;0;0;0;0;0;0;0;0;0;0;2424;0;0;0;0;0;0;
36109;2404008;537649152;34299904;491102208;0;0;0;0;0;0;0;0;0;0;0;2515;0;0;0;0;0;0;
36110;4334599;537649152;34299904;491102208;0;0;0;0;0;0;0;0;0;0;0;2534;0;0;0;0;0;0;
36111;2560382;537649152;34299904;491102208;0;0;0;0;0;0;0;0;0;0;0;2575;0;0;0;0;0;0;
36112;4382489;537649152;34299904;491102208;0;0;0;0;0;0;0;0;0;0;0;2264;0;0;0;0;0;0;
36113;2537098;537649152;34299904;491102208;0;0;0;0;0;0;0;0;0;0;0;2505;0;0;0;0;0;0;
36114;4375535;537649152;34299904;491102208;0;0;0;0;0;0;0;0;0;0;0;2335;0;0;0;0;0;0;
36115;2360818;537649152;34299904;491102208;0;0;0;0;0;0;0;0;0;0;0;2686;0;0;0;0;0;0;
36116;4380315;537649152;34299904;491102208;0;0;0;0;0;0;0;0;0;0;0;2395;0;0;0;0;0;0;
36117;2538050;537649152;34299904;491102208;0;0;0;0;0;0;0;0;0;0;0;2595;0;0;0;0;0;0;
36118;4412304;537649152;34299904;491102208;0;0;0;0;0;0;0;0;0;0;0;2144;0;0;0;0;0;0;
36119;2617549;537649152;34299904;491102208;0;0;0;0;0;0;0;0;0;0;0;2294;0;0;0;0;0;0;
36120;4320803;537649152;34299904;491102208;0;0;0;0;0;0;0;0;0;0;0;2395;0;0;0;0;0;0;
36121;2377770;537649152;34299904;491102208;0;0;0;0;0;0;0;0;0;0;0;2475;0;0;0;0;0;0;
36122;4395032;537649152;34299904;491102208;0;0;0;0;0;0;0;0;0;0;0;2524;0;0;0;0;0;0;
36123;2548249;537649152;34299904;491102208;0;0;0;0;0;0;0;0;0;0;0;2745;0;0;0;0;0;0;
36124;4471887;537649152;34299904;491102208;0;0;0;0;0;0;0;0;0;0;0;2354;0;0;0;0;0;0;
36125;2575971;537649152;34299904;491102208;0;0;0;0;0;0;0;0;0;0;0;2995;0;0;0;0;0;0;
36126;4361600;537649152;34299904;491102208;0;0;0;0;0;0;0;0;0;0;0;2425;0;0;0;0;0;0;
36127;2283803;537649152;34299904;491102208;0;0;0;0;0;0;0;0;0;0;0;2334;0;0;0;0;0;0;
36128;4348435;537649152;34299904;491102208;0;0;0;0;0;0;0;0;0;0;0;2405;0;0;0;0;0;0;
36129;2454163;537649152;34299904;491102208;0;0;0;0;0;0;0;0;0;0;0;2344;0;0;0;0;0;0;
36130;4389041;537649152;34299904;491102208;0;0;0;0;0;0;0;0;0;0;0;2214;0;0;0;0;0;0;
36131;2515928;537649152;34299904;491102208;0;0;0;0;0;0;0;0;0;0;0;2475;0;0;0;0;0;0;
36132;4313830;537649152;34299904;491102208;0;0;0;0;0;0;0;0;0;0;0;2345;0;0;0;0;0;0;
36133;2314370;537649152;34299904;491102208;0;0;0;0;0;0;0;0;0;0;0;2244;0;0;0;0;0;0;
36134;4459082;537649152;34299904;491102208;0;0;0;0;0;0;0;0;0;0;0;2445;0;0;0;0;0;0;
36135;2469642;537649152;34299904;491102208;0;0;0;0;0;0;0;0;0;0;0;2244;0;0;0;0;0;0;
36136;4436730;537649152;34299904;491102208;0;0;0;0;0;0;0;0;0;0;0;2255;0;0;0;0;0;0;
36137;3509862;537649152;34299904;491102208;0;0;0;0;0;0;0;0;0;0;0;3366;0;0;0;0;0;0;
36138;4503275;537649152;34299904;491102208;0;0;0;0;0;0;0;0;0;0;0;2245;0;0;0;0;0;0;
36139;2346250;537649152;34299904;491102208;0;0;0;0;0;0;0;0;0;0;0;2375;0;0;0;0;0;0;
36140;4412766;537649152;34299904;491102208;0;0;0;0;0;0;0;0;0;0;0;2665;0;0;0;0;0;0;
36141;2517291;537649152;34299904;491102208;0;0;0;0;0;0;0;0;0;0;0;2414;0;0;0;0;0;0;
36142;4342694;537649152;34299904;491102208;0;0;0;0;0;0;0;0;0;0;0;2014;0;0;0;0;0;0;
36143;2562886;537649152;34299904;491102208;0;0;0;0;0;0;0;0;0;0;0;2174;0;0;0;0;0;0;
36144;4410832;537649152;34299904;491102208;0;0;0;0;0;0;0;0;0;0;0;2525;0;0;0;0;0;0;
36145;2300604;537649152;34299904;491102208;0;0;0;0;0;0;0;0;0;0;0;2415;0;0;0;0;0;0;
36146;4313359;537649152;34299904;491102208;0;0;0;0;0;0;0;0;0;0;0;2505;0;0;0;0;0;0;
36147;2547447;537649152;34299904;491102208;0;0;0;0;0;0;0;0;0;0;0;2234;0;0;0;0;0;0;
36148;4363203;537649152;34299904;491102208;0;0;0;0;0;0;0;0;0;0;0;2325;0;0;0;0;0;0;
36149;2636485;537649152;34299904;491102208;0;0;0;0;0;0;0;0;0;0;0;2515;0;0;0;0;0;0;
36150;4362161;537649152;34299904;491102208;0;0;0;0;0;0;0;0;0;0;0;2585;0;0;0;0;0;0;
36151;2337053;537649152;34299904;491102208;0;0;0;0;0;0;0;0;0;0;0;2545;0;0;0;0;0;0;
36152;4348795;537649152;34299904;491102208;0;0;0;0;0;0;0;0;0;0;0;2424;0;0;0;0;0;0;
36153;2550964;537649152;34299904;491102208;0;0;0;0;0;0;0;0;0;0;0;2515;0;0;0;0;0;0;
36154;4426802;537649152;34299904;491102208;0;0;0;0;0;0;0;0;0;0;0;2565;0;0;0;0;0;0;
36155;2577845;537649152;34299904;491102208;0;0;0;0;0;0;0;0;0;0;0;2485;0;0;0;0;0;0;
36156;4391235;537649152;34299904;491102208;0;0;0;0;0;0;0;0;0;0;0;2385;0;0;0;0;0;0;
36157;2340870;537649152;34299904;491102208;0;0;0;0;0;0;0;0;0;0;0;2365;0;0;0;0;0;0;
36158;4452741;537649152;34299904;491102208;0;0;0;0;0;0;0;0;0;0;0;2204;0;0;0;0;0;0;
36159;2503015;537649152;34299904;491102208;0;0;0;0;0;0;0;0;0;0;0;2304;0;0;0;0;0;0;
36160;4428024;537649152;34299904;491102208;0;0;0;0;0;0;0;0;0;0;0;2355;0;0;0;0;0;0;
36161;2549522;537649152;34299904;491102208;0;0;0;0;0;0;0;0;0;0;0;2635;0;0;0;0;0;0;
36162;4411193;537649152;34299904;491102208;0;0;0;0;0;0;0;0;0;0;0;2745;0;0;0;0;0;0;
36163;2362921;537649152;34299904;491102208;0;0;0;0;0;0;0;0;0;0;0;2555;0;0;0;0;0;0;
36164;4382279;537649152;34299904;491102208;0;0;0;0;0;0;0;0;0;0;0;2545;0;0;0;0;0;0;
36165;2719951;537649152;34299904;491102208;0;0;0;0;0;0;0;0;0;0;0;3126;0;0;0;0;0;0;
36166;4474962;537649152;34299904;491102208;0;0;0;0;0;0;0;0;0;0;0;2544;0;0;0;0;0;0;
36167;3550759;537649152;34299904;491102208;0;0;0;0;0;0;0;0;0;0;0;2685;0;0;0;0;0;0;
36168;4907453;537649152;34299904;491102208;0;0;0;0;0;0;0;0;0;0;0;2435;0;0;0;0;0;0;
36169;2326463;537649152;34299904;491102208;0;0;0;0;0;0;0;0;0;0;0;2524;0;0;0;0;0;0;
36170;4360718;537649152;34299904;491102208;0;0;0;0;0;0;0;0;0;0;0;2444;0;0;0;0;0;0;
36171;2526408;537649152;34299904;491102208;0;0;0;0;0;0;0;0;0;0;0;2885;0;0;0;0;0;0;
36172;4377119;537649152;34299904;491102208;0;0;0;0;0;0;0;0;0;0;0;2424;0;0;0;0;0;0;
36173;2605105;537649152;34299904;491102208;0;0;0;0;0;0;0;0;0;0;0;2355;0;0;0;0;0;0;
36174;4346271;537649152;34299904;491102208;0;0;0;0;0;0;0;0;0;0;0;2344;0;0;0;0;0;0;
36175;2270177;537649152;34299904;491102208;0;0;0;0;0;0;0;0;0;0;0;2455;0;0;0;0;0;0;
36176;4362742;537649152;34299904;491102208;0;0;0;0;0;0;0;0;0;0;0;2525;0;0;0;0;0;0;
36177;2459472;537649152;34299904;491102208;0;0;0;0;0;0;0;0;0;0;0;2965;0;0;0;0;0;0;
36178;4439486;537649152;34299904;491102208;0;0;0;0;0;0;0;0;0;0;0;2424;0;0;0;0;0;0;
36179;2534513;537649152;34299904;491102208;0;0;0;0;0;0;0;0;0;0;0;2534;0;0;0;0;0;0;
36180;4401074;537649152;34299904;491102208;0;0;0;0;0;0;0;0;0;0;0;2435;0;0;0;0;0;0;
36181;2349697;537649152;34299904;491102208;0;0;0;0;0;0;0;0;0;0;0;2485;0;0;0;0;0;0;
36182;4348405;537649152;34299904;491102208;0;0;0;0;0;0;0;0;0;0;0;2525;0;0;0;0;0;0;
36183;2508114;537649152;34299904;491102208;0;0;0;0;0;0;0;0;0;0;0;2615;0;0;0;0;0;0;
36184;4392027;537649152;34299904;491102208;0;0;0;0;0;0;0;0;0;0;0;2384;0;0;0;0;0;0;
36185;2636224;537649152;34299904;491102208;0;0;0;0;0;0;0;0;0;0;0;2835;0;0;0;0;0;0;
36186;4391245;537649152;34299904;491102208;0;0;0;0;0;0;0;0;0;0;0;2475;0;0;0;0;0;0;
36187;2353364;537649152;34299904;491102208;0;0;0;0;0;0;0;0;0;0;0;2445;0;0;0;0;0;0;
36188;4387037;537649152;34299904;491102208;0;0;0;0;0;0;0;0;0;0;0;2525;0;0;0;0;0;0;
36189;2527721;537649152;34299904;491102208;0;0;0;0;0;0;0;0;0;0;0;2564;0;0;0;0;0;0;
36190;4371227;537649152;34299904;491102208;0;0;0;0;0;0;0;0;0;0;0;2033;0;0;0;0;0;0;
36191;2619332;537649152;34299904;491102208;0;0;0;0;0;0;0;0;0;0;0;2504;0;0;0;0;0;0;
36192;4388009;537649152;34299904;491102208;0;0;0;0;0;0;0;0;0;0;0;2465;0;0;0;0;0;0;
36193;2344016;537649152;34299904;491102208;0;0;0;0;0;0;0;0;0;0;0;2505;0;0;0;0;0;0;
36194;4426281;537649152;34299904;491102208;0;0;0;0;0;0;0;0;0;0;0;2785;0;0;0;0;0;0;
36195;2508334;537649152;34299904;491102208;0;0;0;0;0;0;0;0;0;0;0;2735;0;0;0;0;0;0;
36196;4396976;537649152;34299904;491102208;0;0;0;0;0;0;0;0;0;0;0;2455;0;0;0;0;0;0;
36197;3498812;537649152;34299904;491102208;0;0;0;0;0;0;0;0;0;0;0;3567;0;0;0;0;0;0;
36198;4328899;537649152;34299904;491102208;0;0;0;0;0;0;0;0;0;0;0;2675;0;0;0;0;0;0;
36199;2381746;537649152;34299904;491102208;0;0;0;0;0;0;0;0;0;0;0;2394;0;0;0;0;0;0;
36200;4347042;537649152;34299904;491102208;0;0;0;0;0;0;0;0;0;0;0;2555;0;0;0;0;0;0;
36201;2513313;537649152;34299904;491102208;0;0;0;0;0;0;0;0;0;0;0;2716;0;0;0;0;0;0;
36202;4418857;537649152;34299904;491102208;0;0;0;0;0;0;0;0;0;0;0;2244;0;0;0;0;0;0;
36203;2539462;537649152;34299904;491102208;0;0;0;0;0;0;0;0;0;0;0;2234;0;0;0;0;0;0;
36204;4372219;537649152;34299904;491102208;0;0;0;0;0;0;0;0;0;0;0;1974;0;0;0;0;0;0;
36205;2367460;537649152;34299904;491102208;0;0;0;0;0;0;0;0;0;0;0;2404;0;0;0;0;0;0;
36206;4392988;537649152;34299904;491102208;0;0;0;0;0;0;0;0;0;0;0;2855;0;0;0;0;0;0;
36207;2511249;537649152;34299904;491102208;0;0;0;0;0;0;0;0;0;0;0;2535;0;0;0;0;0;0;
36208;4385705;537649152;34299904;491102208;0;0;0;0;0;0;0;0;0;0;0;2124;0;0;0;0;0;0;
36209;2600978;537649152;34299904;491102208;0;0;0;0;0;0;0;0;0;0;0;2555;0;0;0;0;0;0;
36210;4349998;537649152;34299904;491102208;0;0;0;0;0;0;0;0;0;0;0;2474;0;0;0;0;0;0;
36211;2316765;537649152;34299904;491102208;0;0;0;0;0;0;0;0;0;0;0;2655;0;0;0;0;0;0;
36212;4357191;537649152;34299904;491102208;0;0;0;0;0;0;0;0;0;0;0;2745;0;0;0;0;0;0;
36213;2508835;537649152;34299904;491102208;0;0;0;0;0;0;0;0;0;0;0;2776;0;0;0;0;0;0;
36214;4458602;537649152;34299904;491102208;0;0;0;0;0;0;0;0;0;0;0;2364;0;0;0;0;0;0;
36215;2616176;537649152;34299904;491102208;0;0;0;0;0;0;0;0;0;0;0;2455;0;0;0;0;0;0;
36216;4359466;537649152;34299904;491102208;0;0;0;0;0;0;0;0;0;0;0;2294;0;0;0;0;0;0;
36217;2417493;537649152;34299904;491102208;0;0;0;0;0;0;0;0;0;0;0;2695;0;0;0;0;0;0;
36218;4411384;537649152;34299904;491102208;0;0;0;0;0;0;0;0;0;0;0;2474;0;0;0;0;0;0;
36219;2340550;537649152;34299904;491102208;0;0;0;0;0;0;0;0;0;0;0;3046;0;0;0;0;0;0;
36220;4427884;537649152;34299904;491102208;0;0;0;0;0;0;0;0;0;0;0;2434;0;0;0;0;0;0;
36221;2316805;537649152;34299904;491102208;0;0;0;0;0;0;0;0;0;0;0;2525;0;0;0;0;0;0;
36222;4377209;537649152;34299904;491102208;0;0;0;0;0;0;0;0;0;0;0;2555;0;0;0;0;0;0;
36223;2472858;537649152;34299904;491102208;0;0;0;0;0;0;0;0;0;0;0;2685;0;0;0;0;0;0;
36224;4386897;537649152;34299904;491102208;0;0;0;0;0;0;0;0;0;0;0;2635;0;0;0;0;0;0;
36225;2464832;537649152;34299904;491102208;0;0;0;0;0;0;0;0;0;0;0;2375;0;0;0;0;0;0;
36226;4442361;537649152;34299904;491102208;0;0;0;0;0;0;0;0;0;0;0;2244;0;0;0;0;0;0;
36227;3426516;537649152;34299904;491102208;0;0;0;0;0;0;0;0;0;0;0;3296;0;0;0;0;0;0;
36228;4813727;537649152;34299904;491102208;0;0;0;0;0;0;0;0;0;0;0;2805;0;0;0;0;0;0;
36229;2348755;537649152;34299904;491102208;0;0;0;0;0;0;0;0;0;0;0;2695;0;0;0;0;0;0;
36230;4379313;537649152;34299904;491102208;0;0;0;0;0;0;0;0;0;0;0;2736;0;0;0;0;0;0;
36231;2543470;537649152;34299904;491102208;0;0;0;0;0;0;0;0;0;0;0;2575;0;0;0;0;0;0;
36232;4452550;537649152;34299904;491102208;0;0;0;0;0;0;0;0;0;0;0;2445;0;0;0;0;0;0;
36233;2682541;537649152;34299904;491102208;0;0;0;0;0;0;0;0;0;0;0;2294;0;0;0;0;0;0;
36234;4394111;537649152;34299904;491102208;0;0;0;0;0;0;0;0;0;0;0;2324;0;0;0;0;0;0;
36235;2310764;537649152;34299904;491102208;0;0;0;0;0;0;0;0;0;0;0;2274;0;0;0;0;0;0;
36236;4428435;537649152;34299904;491102208;0;0;0;0;0;0;0;0;0;0;0;2385;0;0;0;0;0;0;
36237;2536166;537649152;34299904;491102208;0;0;0;0;0;0;0;0;0;0;0;2605;0;0;0;0;0;0;
36238;4434256;537649152;34299904;491102208;0;0;0;0;0;0;0;0;0;0;0;2224;0;0;0;0;0;0;
36239;2626035;537649152;34299904;491102208;0;0;0;0;0;0;0;0;0;0;0;2325;0;0;0;0;0;0;
36240;4408748;537649152;34299904;491102208;0;0;0;0;0;0;0;0;0;0;0;2485;0;0;0;0;0;0;
36241;2307658;537649152;34299904;491102208;0;0;0;0;0;0;0;0;0;0;0;2555;0;0;0;0;0;0;
36242;4395243;537649152;34299904;491102208;0;0;0;0;0;0;0;0;0;0;0;2575;0;0;0;0;0;0;
36243;2374734;537649152;34299904;491102208;0;0;0;0;0;0;0;0;0;0;0;2415;0;0;0;0;0;0;
36244;4372951;537649152;34299904;491102208;0;0;0;0;0;0;0;0;0;0;0;2585;0;0;0;0;0;0;
36245;2384622;537649152;34299904;491102208;0;0;0;0;0;0;0;0;0;0;0;2624;0;0;0;0;0;0;
36246;4357863;537649152;34299904;491102208;0;0;0;0;0;0;0;0;0;0;0;2595;0;0;0;0;0;0;
36247;2297720;537649152;34299904;491102208;0;0;0;0;0;0;0;0;0;0;0;2595;0;0;0;0;0;0;
36248;4382198;537649152;34299904;491102208;0;0;0;0;0;0;0;0;0;0;0;2395;0;0;0;0;0;0;
36249;2518503;537649152;34299904;491102208;0;0;0;0;0;0;0;0;0;0;0;2284;0;0;0;0;0;0;
36250;4432663;537649152;34299904;491102208;0;0;0;0;0;0;0;0;0;0;0;2214;0;0;0;0;0;0;
36251;2608001;537649152;34299904;491102208;0;0;0;0;0;0;0;0;0;0;0;2334;0;0;0;0;0;0;
36252;4447401;537649152;34299904;491102208;0;0;0;0;0;0;0;0;0;0;0;2394;0;0;0;0;0;0;
36253;2336722;537649152;34299904;491102208;0;0;0;0;0;0;0;0;0;0;0;2785;0;0;0;0;0;0;
36254;4358854;537649152;34299904;491102208;0;0;0;0;0;0;0;0;0;0;0;2294;0;0;0;0;0;0;
36255;2470333;537649152;34299904;491102208;0;0;0;0;0;0;0;0;0;0;0;2405;0;0;0;0;0;0;
36256;4518173;537649152;34299904;491102208;0;0;0;0;0;0;0;0;0;0;0;2244;0;0;0;0;0;0;
36257;3362246;537649152;34299904;491102208;0;0;0;0;0;0;0;0;0;0;0;3116;0;0;0;0;0;0;
36258;4530687;537649152;34299904;491102208;0;0;0;0;0;0;0;0;0;0;0;2334;0;0;0;0;0;0;
36259;2386455;537649152;34299904;491102208;0;0;0;0;0;0;0;0;0;0;0;2215;0;0;0;0;0;0;
36260;4380305;537649152;34299904;491102208;0;0;0;0;0;0;0;0;0;0;0;2234;0;0;0;0;0;0;
36261;2604425;537649152;34299904;491102208;0;0;0;0;0;0;0;0;0;0;0;2434;0;0;0;0;0;0;
36262;4433023;537649152;34299904;491102208;0;0;0;0;0;0;0;0;0;0;0;2374;0;0;0;0;0;0;
36263;2554150;537649152;34299904;491102208;0;0;0;0;0;0;0;0;0;0;0;2194;0;0;0;0;0;0;
36264;4383891;537649152;34299904;491102208;0;0;0;0;0;0;0;0;0;0;0;2545;0;0;0;0;0;0;
36265;2356720;537649152;34299904;491102208;0;0;0;0;0;0;0;0;0;0;0;2385;0;0;0;0;0;0;
36266;4365948;537649152;34299904;491102208;0;0;0;0;0;0;0;0;0;0;0;2355;0;0;0;0;0;0;
36267;2308790;537649152;34299904;491102208;0;0;0;0;0;0;0;0;0;0;0;2334;0;0;0;0;0;0;
36268;4356680;537649152;34299904;491102208;0;0;0;0;0;0;0;0;0;0;0;2775;0;0;0;0;0;0;
36269;2302589;537649152;34299904;491102208;0;0;0;0;0;0;0;0;0;0;0;2766;0;0;0;0;0;0;
36270;4350850;537649152;34299904;491102208;0;0;0;0;0;0;0;0;0;0;0;2615;0;0;0;0;0;0;
36271;2282130;537649152;34299904;491102208;0;0;0;0;0;0;0;0;0;0;0;2585;0;0;0;0;0;0;
36272;4361509;537649152;34299904;491102208;0;0;0;0;0;0;0;0;0;0;0;2374;0;0;0;0;0;0;
36273;2468049;537649152;34299904;491102208;0;0;0;0;0;0;0;0;0;0;0;2484;0;0;0;0;0;0;
36274;4392758;537649152;34299904;491102208;0;0;0;0;0;0;0;0;0;0;0;2394;0;0;0;0;0;0;
36275;2550483;537649152;34299904;491102208;0;0;0;0;0;0;0;0;0;0;0;2235;0;0;0;0;0;0;
36276;4369775;537649152;34299904;491102208;0;0;0;0;0;0;0;0;0;0;0;2454;0;0;0;0;0;0;
36277;2352823;537649152;34299904;491102208;0;0;0;0;0;0;0;0;0;0;0;2665;0;0;0;0;0;0;
36278;4429817;537649152;34299904;491102208;0;0;0;0;0;0;0;0;0;0;0;2385;0;0;0;0;0;0;
36279;2453942;537649152;34299904;491102208;0;0;0;0;0;0;0;0;0;0;0;2375;0;0;0;0;0;0;
36280;4410662;537649152;34299904;491102208;0;0;0;0;0;0;0;0;0;0;0;2224;0;0;0;0;0;0;
36281;2527420;537649152;34299904;491102208;0;0;0;0;0;0;0;0;0;0;0;2284;0;0;0;0;0;0;
36282;4363093;537649152;34299904;491102208;0;0;0;0;0;0;0;0;0;0;0;2505;0;0;0;0;0;0;
36283;2296156;537649152;34299904;491102208;0;0;0;0;0;0;0;0;0;0;0;2574;0;0;0;0;0;0;
36284;4341322;537649152;34299904;491102208;0;0;0;0;0;0;0;0;0;0;0;2324;0;0;0;0;0;0;
36285;2438563;537649152;34299904;491102208;0;0;0;0;0;0;0;0;0;0;0;2224;0;0;0;0;0;0;
36286;4379313;537649152;34299904;491102208;0;0;0;0;0;0;0;0;0;0;0;2545;0;0;0;0;0;0;
36287;3346776;537649152;34299904;491102208;0;0;0;0;0;0;0;0;0;0;0;2885;0;0;0;0;0;0;
36288;4446008;537649152;34299904;491102208;0;0;0;0;0;0;0;0;0;0;0;2314;0;0;0;0;0;0;
36289;2351129;537649152;34299904;491102208;0;0;0;0;0;0;0;0;0;0;0;2435;0;0;0;0;0;0;
36290;4463310;537649152;34299904;491102208;0;0;0;0;0;0;0;0;0;0;0;2394;0;0;0;0;0;0;
36291;2367570;537649152;34299904;491102208;0;0;0;0;0;0;0;0;0;0;0;2655;0;0;0;0;0;0;
36292;4363293;537649152;34299904;491102208;0;0;0;0;0;0;0;0;0;0;0;2645;0;0;0;0;0;0;
36293;2352262;537649152;34299904;491102208;0;0;0;0;0;0;0;0;0;0;0;2525;0;0;0;0;0;0;
36294;4373762;537649152;34299904;491102208;0;0;0;0;0;0;0;0;0;0;0;2384;0;0;0;0;0;0;
36295;2315923;537649152;34299904;491102208;0;0;0;0;0;0;0;0;0;0;0;2395;0;0;0;0;0;0;
36296;4424508;537649152;34299904;491102208;0;0;0;0;0;0;0;0;0;0;0;2534;0;0;0;0;0;0;
36297;2493647;537649152;34299904;491102208;0;0;0;0;0;0;0;0;0;0;0;2755;0;0;0;0;0;0;
36298;4431250;537649152;34299904;491102208;0;0;0;0;0;0;0;0;0;0;0;2494;0;0;0;0;0;0;
36299;2562636;537649152;34299904;491102208;0;0;0;0;0;0;0;0;0;0;0;2865;0;0;0;0;0;0;
36300;4386296;537649152;34299904;491102208;0;0;0;0;0;0;0;0;0;0;0;2614;0;0;0;0;0;0;
36301;2358894;537649152;34299904;491102208;0;0;0;0;0;0;0;0;0;0;0;2384;0;0;0;0;0;0;
36302;4403919;537649152;34299904;491102208;0;0;0;0;0;0;0;0;0;0;0;2234;0;0;0;0;0;0;
36303;2512752;537649152;34299904;491102208;0;0;0;0;0;0;0;0;0;0;0;1964;0;0;0;0;0;0;
36304;4350739;537649152;34299904;491102208;0;0;0;0;0;0;0;0;0;0;0;1994;0;0;0;0;0;0;
36305;2622808;537649152;34299904;491102208;0;0;0;0;0;0;0;0;0;0;0;2625;0;0;0;0;0;0;
36306;4332596;537649152;34299904;491102208;0;0;0;0;0;0;0;0;0;0;0;2414;0;0;0;0;0;0;
36307;2280076;537649152;34299904;491102208;0;0;0;0;0;0;0;0;0;0;0;2184;0;0;0;0;0;0;
36308;4335580;537649152;34299904;491102208;0;0;0;0;0;0;0;0;0;0;0;2455;0;0;0;0;0;0;
36309;2509727;537649152;34299904;491102208;0;0;0;0;0;0;0;0;0;0;0;2314;0;0;0;0;0;0;
36310;4411653;537649152;34299904;491102208;0;0;0;0;0;0;0;0;0;0;0;2254;0;0;0;0;0;0;
36311;2618490;537649152;34299904;491102208;0;0;0;0;0;0;0;0;0;0;0;2164;0;0;0;0;0;0;
36312;4442001;537649152;34299904;491102208;0;0;0;0;0;0;0;0;0;0;0;2455;0;0;0;0;0;0;
36313;2293842;537649152;34299904;491102208;0;0;0;0;0;0;0;0;0;0;0;2314;0;0;0;0;0;0;
36314;4457950;537649152;34299904;491102208;0;0;0;0;0;0;0;0;0;0;0;2294;0;0;0;0;0;0;
36315;2355608;537649152;34299904;491102208;0;0;0;0;0;0;0;0;0;0;0;2405;0;0;0;0;0;0;
36316;4466206;537649152;34299904;491102208;0;0;0;0;0;0;0;0;0;0;0;2244;0;0;0;0;0;0;
36317;3139468;537649152;34299904;491102208;0;0;0;0;0;0;0;0;0;0;0;3106;0;0;0;0;0;0;
36318;4419849;537649152;34299904;491102208;0;0;0;0;0;0;0;0;0;0;0;2355;0;0;0;0;0;0;
36319;2419848;537649152;34299904;491102208;0;0;0;0;0;0;0;0;0;0;0;2785;0;0;0;0;0;0;
36320;4390634;537649152;34299904;491102208;0;0;0;0;0;0;0;0;0;0;0;2695;0;0;0;0;0;0;
36321;2595317;537649152;34299904;491102208;0;0;0;0;0;0;0;0;0;0;0;2585;0;0;0;0;0;0;
36322;4426351;537649152;34299904;491102208;0;0;0;0;0;0;0;0;0;0;0;2275;0;0;0;0;0;0;
36323;2610546;537649152;34299904;491102208;0;0;0;0;0;0;0;0;0;0;0;2404;0;0;0;0;0;0;
36324;4359406;537649152;34299904;491102208;0;0;0;0;0;0;0;0;0;0;0;2525;0;0;0;0;0;0;
36325;2340239;537649152;34299904;491102208;0;0;0;0;0;0;0;0;0;0;0;2425;0;0;0;0;0;0;
36326;4414810;537649152;34299904;491102208;0;0;0;0;0;0;0;0;0;0;0;2354;0;0;0;0;0;0;
36327;2533582;537649152;34299904;491102208;0;0;0;0;0;0;0;0;0;0;0;2394;0;0;0;0;0;0;
36328;4393710;537649152;34299904;491102208;0;0;0;0;0;0;0;0;0;0;0;2275;0;0;0;0;0;0;
36329;2581762;537649152;34299904;491102208;0;0;0;0;0;0;0;0;0;0;0;2495;0;0;0;0;0;0;
36330;4366248;537649152;34299904;491102208;0;0;0;0;0;0;0;0;0;0;0;2275;0;0;0;0;0;0;
36331;2278914;537649152;34299904;491102208;0;0;0;0;0;0;0;0;0;0;0;2394;0;0;0;0;0;0;
36332;4334278;537649152;34299904;491102208;0;0;0;0;0;0;0;0;0;0;0;2494;0;0;0;0;0;0;
36333;2532319;537649152;34299904;491102208;0;0;0;0;0;0;0;0;0;0;0;2535;0;0;0;0;0;0;
36334;4387559;537649152;34299904;491102208;0;0;0;0;0;0;0;0;0;0;0;2295;0;0;0;0;0;0;
36335;2576893;537649152;34299904;491102208;0;0;0;0;0;0;0;0;0;0;0;2355;0;0;0;0;0;0;
36336;4347283;537649152;34299904;491102208;0;0;0;0;0;0;0;0;0;0;0;2274;0;0;0;0;0;0;
36337;2401363;537649152;34299904;491102208;0;0;0;0;0;0;0;0;0;0;0;2585;0;0;0;0;0;0;
36338;4392237;537649152;34299904;491102208;0;0;0;0;0;0;0;0;0;0;0;2344;0;0;0;0;0;0;
36339;2561243;537649152;34299904;491102208;0;0;0;0;0;0;0;0;0;0;0;2495;0;0;0;0;0;0;
36340;4391996;537649152;34299904;491102208;0;0;0;0;0;0;0;0;0;0;0;2244;0;0;0;0;0;0;
36341;2712858;537649152;34299904;491102208;0;0;0;0;0;0;0;0;0;0;0;2685;0;0;0;0;0;0;
36342;4351050;537649152;34299904;491102208;0;0;0;0;0;0;0;0;0;0;0;2244;0;0;0;0;0;0;
36343;2415650;537649152;34299904;491102208;0;0;0;0;0;0;0;0;0;0;0;2465;0;0;0;0;0;0;
36344;4367951;537649152;34299904;491102208;0;0;0;0;0;0;0;0;0;0;0;2565;0;0;0;0;0;0;
36345;2607510;537649152;34299904;491102208;0;0;0;0;0;0;0;0;0;0;0;2494;0;0;0;0;0;0;
36346;4455826;537649152;34299904;491102208;0;0;0;0;0;0;0;0;0;0;0;2675;0;0;0;0;0;0;
36347;3689990;537649152;34299904;491102208;0;0;0;0;0;0;0;0;0;0;0;3026;0;0;0;0;0;0;
36348;4317176;537649152;34299904;491102208;0;0;0;0;0;0;0;0;0;0;0;2285;0;0;0;0;0;0;
36349;2376046;537649152;34299904;491102208;0;0;0;0;0;0;0;0;0;0;0;2454;0;0;0;0;0;0;
36350;4344228;537649152;34299904;491102208;0;0;0;0;0;0;0;0;0;0;0;2344;0;0;0;0;0;0;
36351;2516760;537649152;34299904;491102208;0;0;0;0;0;0;0;0;0;0;0;2405;0;0;0;0;0;0;
36352;4420360;537649152;34299904;491102208;0;0;0;0;0;0;0;0;0;0;0;2254;0;0;0;0;0;0;
36353;2607220;537649152;34299904;491102208;0;0;0;0;0;0;0;0;0;0;0;2615;0;0;0;0;0;0;
36354;4353624;537649152;34299904;491102208;0;0;0;0;0;0;0;0;0;0;0;2515;0;0;0;0;0;0;
36355;2343535;537649152;34299904;491102208;0;0;0;0;0;0;0;0;0;0;0;3055;0;0;0;0;0;0;
36356;4394181;537649152;34299904;491102208;0;0;0;0;0;0;0;0;0;0;0;2615;0;0;0;0;0;0;
36357;2503996;537649152;34299904;491102208;0;0;0;0;0;0;0;0;0;0;0;2625;0;0;0;0;0;0;
36358;4467889;537649152;34299904;491102208;0;0;0;0;0;0;0;0;0;0;0;2444;0;0;0;0;0;0;
36359;2529664;537649152;34299904;491102208;0;0;0;0;0;0;0;0;0;0;0;2535;0;0;0;0;0;0;
36360;4361379;537649152;34299904;491102208;0;0;0;0;0;0;0;0;0;0;0;2796;0;0;0;0;0;0;
36361;2349837;537649152;34299904;491102208;0;0;0;0;0;0;0;0;0;0;0;2555;0;0;0;0;0;0;
36362;4374364;537649152;34299904;491102208;0;0;0;0;0;0;0;0;0;0;0;2465;0;0;0;0;0;0;
36363;2514616;537649152;34299904;491102208;0;0;0;0;0;0;0;0;0;0;0;2304;0;0;0;0;0;0;
36364;4436640;537649152;34299904;491102208;0;0;0;0;0;0;0;0;0;0;0;2274;0;0;0;0;0;0;
36365;2592572;537649152;34299904;491102208;0;0;0;0;0;0;0;0;0;0;0;2335;0;0;0;0;0;0;
36366;4359996;537649152;34299904;491102208;0;0;0;0;0;0;0;0;0;0;0;2355;0;0;0;0;0;0;
36367;2363402;537649152;34299904;491102208;0;0;0;0;0;0;0;0;0;0;0;2274;0;0;0;0;0;0;
36368;4358313;537649152;34299904;491102208;0;0;0;0;0;0;0;0;0;0;0;2174;0;0;0;0;0;0;
36369;2488908;537649152;34299904;491102208;0;0;0;0;0;0;0;0;0;0;0;2104;0;0;0;0;0;0;
36370;4423596;537649152;34299904;491102208;0;0;0;0;0;0;0;0;0;0;0;2114;0;0;0;0;0;0;
36371;2558187;537649152;34299904;491102208;0;0;0;0;0;0;0;0;0;0;0;2395;0;0;0;0;0;0;
36372;4508445;537649152;34299904;491102208;0;0;0;0;0;0;0;0;0;0;0;2174;0;0;0;0;0;0;
36373;2428564;537649152;34299904;491102208;0;0;0;0;0;0;0;0;0;0;0;2435;0;0;0;0;0;0;
36374;4349808;537649152;34299904;491102208;0;0;0;0;0;0;0;0;0;0;0;2044;0;0;0;0;0;0;
36375;2482966;537649152;34299904;491102208;0;0;0;0;0;0;0;0;0;0;0;2154;0;0;0;0;0;0;
36376;4443303;537649152;34299904;491102208;0;0;0;0;0;0;0;0;0;0;0;2014;0;0;0;0;0;0;
36377;3690541;537649152;34299904;491102208;0;0;0;0;0;0;0;0;0;0;0;3517;0;0;0;0;0;0;
36378;4630484;537649152;34299904;491102208;0;0;0;0;0;0;0;0;0;0;0;2424;0;0;0;0;0;0;
36379;2328126;537649152;34299904;491102208;0;0;0;0;0;0;0;0;0;0;0;2284;0;0;0;0;0;0;
36380;4346792;537649152;34299904;491102208;0;0;0;0;0;0;0;0;0;0;0;2314;0;0;0;0;0;0;
36381;2529584;537649152;34299904;491102208;0;0;0;0;0;0;0;0;0;0;0;2284;0;0;0;0;0;0;
36382;4444896;537649152;34299904;491102208;0;0;0;0;0;0;0;0;0;0;0;2424;0;0;0;0;0;0;
36383;2616216;537649152;34299904;491102208;0;0;0;0;0;0;0;0;0;0;0;2244;0;0;0;0;0;0;
36384;4389962;537649152;34299904;491102208;0;0;0;0;0;0;0;0;0;0;0;3446;0;0;0;0;0;0;
36385;2407795;537649152;34299904;491102208;0;0;0;0;0;0;0;0;0;0;0;2525;0;0;0;0;0;0;
36386;4443694;537649152;34299904;491102208;0;0;0;0;0;0;0;0;0;0;0;2895;0;0;0;0;0;0;
36387;2572485;537649152;34299904;491102208;0;0;0;0;0;0;0;0;0;0;0;1934;0;0;0;0;0;0;
36388;10539325;537649152;34299904;491102208;0;0;0;0;0;0;0;0;0;0;0;2114;0;0;0;0;0;0;
36389;2640622;537649152;34299904;491102208;0;0;0;0;0;0;0;0;0;0;0;2805;0;0;0;0;0;0;
36390;4403788;537649152;34299904;491102208;0;0;0;0;0;0;0;0;0;0;0;2394;0;0;0;0;0;0;
36391;2401574;537649152;34299904;491102208;0;0;0;0;0;0;0;0;0;0;0;2374;0;0;0;0;0;0;
36392;4419559;537649152;34299904;491102208;0;0;0;0;0;0;0;0;0;0;0;2414;0;0;0;0;0;0;
36393;2542058;537649152;34299904;491102208;0;0;0;0;0;0;0;0;0;0;0;2655;0;0;0;0;0;0;
36394;4483659;537649152;34299904;491102208;0;0;0;0;0;0;0;0;0;0;0;2404;0;0;0;0;0;0;
36395;2576402;537649152;34299904;491102208;0;0;0;0;0;0;0;0;0;0;0;2635;0;0;0;0;0;0;
36396;4392909;537649152;34299904;491102208;0;0;0;0;0;0;0;0;0;0;0;2464;0;0;0;0;0;0;
36397;2484640;537649152;34299904;491102208;0;0;0;0;0;0;0;0;0;0;0;2504;0;0;0;0;0;0;
36398;4383812;537649152;34299904;491102208;0;0;0;0;0;0;0;0;0;0;0;2224;0;0;0;0;0;0;
36399;2631054;537649152;34299904;491102208;0;0;0;0;0;0;0;0;0;0;0;2265;0;0;0;0;0;0;
36400;4364195;537649152;34299904;491102208;0;0;0;0;0;0;0;0;0;0;0;2415;0;0;0;0;0;0;
36401;2657334;537649152;34299904;491102208;0;0;0;0;0;0;0;0;0;0;0;2515;0;0;0;0;0;0;
36402;4341662;537649152;34299904;491102208;0;0;0;0;0;0;0;0;0;0;0;2194;0;0;0;0;0;0;
36403;2336572;537649152;34299904;491102208;0;0;0;0;0;0;0;0;0;0;0;2395;0;0;0;0;0;0;
36404;4413928;537649152;34299904;491102208;0;0;0;0;0;0;0;0;0;0;0;2365;0;0;0;0;0;0;
36405;3369509;537649152;34299904;491102208;0;0;0;0;0;0;0;0;0;0;0;3266;0;0;0;0;0;0;
36406;4858451;537649152;34299904;491102208;0;0;0;0;0;0;0;0;0;0;0;2936;0;0;0;0;0;0;
36407;2717086;537649152;34299904;491102208;0;0;0;0;0;0;0;0;0;0;0;2425;0;0;0;0;0;0;
36408;4341763;537649152;34299904;491102208;0;0;0;0;0;0;0;0;0;0;0;2324;0;0;0;0;0;0;
36409;2219062;537649152;34299904;491102208;0;0;0;0;0;0;0;0;0;0;0;2295;0;0;0;0;0;0;
36410;4357642;537649152;34299904;491102208;0;0;0;0;0;0;0;0;0;0;0;2224;0;0;0;0;0;0;
36411;2401895;537649152;34299904;491102208;0;0;0;0;0;0;0;0;0;0;0;2134;0;0;0;0;0;0;
36412;4424878;537649152;34299904;491102208;0;0;0;0;0;0;0;0;0;0;0;2094;0;0;0;0;0;0;
36413;2549691;537649152;34299904;491102208;0;0;0;0;0;0;0;0;0;0;0;2224;0;0;0;0;0;0;
36414;4346051;537649152;34299904;491102208;0;0;0;0;0;0;0;0;0;0;0;2124;0;0;0;0;0;0;
36415;2318318;537649152;34299904;491102208;0;0;0;0;0;0;0;0;0;0;0;2184;0;0;0;0;0;0;
36416;4374113;537649152;34299904;491102208;0;0;0;0;0;0;0;0;0;0;0;2295;0;0;0;0;0;0;
36417;2510378;537649152;34299904;491102208;0;0;0;0;0;0;0;0;0;0;0;2244;0;0;0;0;0;0;
36418;4387708;537649152;34299904;491102208;0;0;0;0;0;0;0;0;0;0;0;2284;0;0;0;0;0;0;
36419;2627978;537649152;34299904;491102208;0;0;0;0;0;0;0;0;0;0;0;2524;0;0;0;0;0;0;
36420;4332596;537649152;34299904;491102208;0;0;0;0;0;0;0;0;0;0;0;2534;0;0;0;0;0;0;
36421;2406563;537649152;34299904;491102208;0;0;0;0;0;0;0;0;0;0;0;2705;0;0;0;0;0;0;
36422;4349687;537649152;34299904;491102208;0;0;0;0;0;0;0;0;0;0;0;2394;0;0;0;0;0;0;
36423;2519655;537649152;34299904;491102208;0;0;0;0;0;0;0;0;0;0;0;2284;0;0;0;0;0;0;
36424;4393961;537649152;34299904;491102208;0;0;0;0;0;0;0;0;0;0;0;2124;0;0;0;0;0;0;
36425;2612690;537649152;34299904;491102208;0;0;0;0;0;0;0;0;0;0;0;2635;0;0;0;0;0;0;
36426;4408047;537649152;34299904;491102208;0;0;0;0;0;0;0;0;0;0;0;2705;0;0;0;0;0;0;
36427;2319961;537649152;34299904;491102208;0;0;0;0;0;0;0;0;0;0;0;2284;0;0;0;0;0;0;
36428;4350800;537649152;34299904;491102208;0;0;0;0;0;0;0;0;0;0;0;2354;0;0;0;0;0;0;
36429;2504998;537649152;34299904;491102208;0;0;0;0;0;0;0;0;0;0;0;2214;0;0;0;0;0;0;
36430;4415321;537649152;34299904;491102208;0;0;0;0;0;0;0;0;0;0;0;2384;0;0;0;0;0;0;
36431;2592442;537649152;34299904;491102208;0;0;0;0;0;0;0;0;0;0;0;2375;0;0;0;0;0;0;
36432;4323167;537649152;34299904;491102208;0;0;0;0;0;0;0;0;0;0;0;2284;0;0;0;0;0;0;
36433;2307747;537649152;34299904;491102208;0;0;0;0;0;0;0;0;0;0;0;2514;0;0;0;0;0;0;
36434;4330561;537649152;34299904;491102208;0;0;0;0;0;0;0;0;0;0;0;2625;0;0;0;0;0;0;
36435;2490380;537649152;34299904;491102208;0;0;0;0;0;0;0;0;0;0;0;2234;0;0;0;0;0;0;
36436;4988977;537649152;34299904;491102208;0;0;0;0;0;0;0;0;0;0;0;2765;0;0;0;0;0;0;
36437;3074686;537649152;34299904;491102208;0;0;0;0;0;0;0;0;0;0;0;2835;0;0;0;0;0;0;
36438;4413637;537649152;34299904;491102208;0;0;0;0;0;0;0;0;0;0;0;2695;0;0;0;0;0;0;
36439;2410030;537649152;34299904;491102208;0;0;0;0;0;0;0;0;0;0;0;2665;0;0;0;0;0;0;
36440;4370016;537649152;34299904;491102208;0;0;0;0;0;0;0;0;0;0;0;2465;0;0;0;0;0;0;
36441;2492875;537649152;34299904;491102208;0;0;0;0;0;0;0;0;0;0;0;2354;0;0;0;0;0;0;
36442;4386015;537649152;34299904;491102208;0;0;0;0;0;0;0;0;0;0;0;2394;0;0;0;0;0;0;
36443;2383620;537649152;34299904;491102208;0;0;0;0;0;0;0;0;0;0;0;2445;0;0;0;0;0;0;
36444;4328497;537649152;34299904;491102208;0;0;0;0;0;0;0;0;0;0;0;2344;0;0;0;0;0;0;
36445;2372500;537649152;34299904;491102208;0;0;0;0;0;0;0;0;0;0;0;2335;0;0;0;0;0;0;
36446;4364886;537649152;34299904;491102208;0;0;0;0;0;0;0;0;0;0;0;2235;0;0;0;0;0;0;
36447;2609815;537649152;34299904;491102208;0;0;0;0;0;0;0;0;0;0;0;2825;0;0;0;0;0;0;
36448;4481524;537649152;34299904;491102208;0;0;0;0;0;0;0;0;0;0;0;2525;0;0;0;0;0;0;
36449;2719380;537649152;34299904;491102208;0;0;0;0;0;0;0;0;0;0;0;3046;0;0;0;0;0;0;
36450;4422374;537649152;34299904;491102208;0;0;0;0;0;0;0;0;0;0;0;2595;0;0;0;0;0;0;
36451;2437721;537649152;34299904;491102208;0;0;0;0;0;0;0;0;0;0;0;2344;0;0;0;0;0;0;
36452;4386446;537649152;34299904;491102208;0;0;0;0;0;0;0;0;0;0;0;2304;0;0;0;0;0;0;
36453;2577914;537649152;34299904;491102208;0;0;0;0;0;0;0;0;0;0;0;2374;0;0;0;0;0;0;
36454;4382259;537649152;34299904;491102208;0;0;0;0;0;0;0;0;0;0;0;2084;0;0;0;0;0;0;
36455;2712867;537649152;34299904;491102208;0;0;0;0;0;0;0;0;0;0;0;2605;0;0;0;0;0;0;
36456;4349196;537649152;34299904;491102208;0;0;0;0;0;0;0;0;0;0;0;2334;0;0;0;0;0;0;
36457;2441969;537649152;34299904;491102208;0;0;0;0;0;0;0;0;0;0;0;2445;0;0;0;0;0;0;
36458;4320733;537649152;34299904;491102208;0;0;0;0;0;0;0;0;0;0;0;2073;0;0;0;0;0;0;
36459;2685847;537649152;34299904;491102208;0;0;0;0;0;0;0;0;0;0;0;2895;0;0;0;0;0;0;
36460;4424066;537649152;34299904;491102208;0;0;0;0;0;0;0;0;0;0;0;2334;0;0;0;0;0;0;
36461;2642716;537649152;34299904;491102208;0;0;0;0;0;0;0;0;0;0;0;2775;0;0;0;0;0;0;
36462;4339839;537649152;34299904;491102208;0;0;0;0;0;0;0;0;0;0;0;2715;0;0;0;0;0;0;
36463;2440687;537649152;34299904;491102208;0;0;0;0;0;0;0;0;0;0;0;2284;0;0;0;0;0;0;
36464;4313720;537649152;34299904;491102208;0;0;0;0;0;0;0;0;0;0;0;2295;0;0;0;0;0;0;
36465;2774213;537649152;34299904;491102208;0;0;0;0;0;0;0;0;0;0;0;2706;0;0;0;0;0;0;
36466;4838264;537649152;34299904;491102208;0;0;0;0;0;0;0;0;0;0;0;3316;0;0;0;0;0;0;
36467;3098361;537649152;34299904;491102208;0;0;0;0;0;0;0;0;0;0;0;2545;0;0;0;0;0;0;
36468;4386467;537649152;34299904;491102208;0;0;0;0;0;0;0;0;0;0;0;2435;0;0;0;0;0;0;
36469;2373451;537649152;34299904;491102208;0;0;0;0;0;0;0;0;0;0;0;2755;0;0;0;0;0;0;
36470;4419729;537649152;34299904;491102208;0;0;0;0;0;0;0;0;0;0;0;2284;0;0;0;0;0;0;
36471;2572455;537649152;34299904;491102208;0;0;0;0;0;0;0;0;0;0;0;2535;0;0;0;0;0;0;
36472;4412875;537649152;34299904;491102208;0;0;0;0;0;0;0;0;0;0;0;2204;0;0;0;0;0;0;
36473;2578977;537649152;34299904;491102208;0;0;0;0;0;0;0;0;0;0;0;2454;0;0;0;0;0;0;
36474;4418806;537649152;34299904;491102208;0;0;0;0;0;0;0;0;0;0;0;2425;0;0;0;0;0;0;
36475;2325982;537649152;34299904;491102208;0;0;0;0;0;0;0;0;0;0;0;2144;0;0;0;0;0;0;
36476;4376207;537649152;34299904;491102208;0;0;0;0;0;0;0;0;0;0;0;2485;0;0;0;0;0;0;
36477;2511620;537649152;34299904;491102208;0;0;0;0;0;0;0;0;0;0;0;2555;0;0;0;0;0;0;
36478;4386767;537649152;34299904;491102208;0;0;0;0;0;0;0;0;0;0;0;2354;0;0;0;0;0;0;
36479;2603072;537649152;34299904;491102208;0;0;0;0;0;0;0;0;0;0;0;2906;0;0;0;0;0;0;
36480;4339297;537649152;34299904;491102208;0;0;0;0;0;0;0;0;0;0;0;2555;0;0;0;0;0;0;
36481;2317076;537649152;34299904;491102208;0;0;0;0;0;0;0;0;0;0;0;2675;0;0;0;0;0;0;
36482;4390534;537649152;34299904;491102208;0;0;0;0;0;0;0;0;0;0;0;2685;0;0;0;0;0;0;
36483;2488006;537649152;34299904;491102208;0;0;0;0;0;0;0;0;0;0;0;2515;0;0;0;0;0;0;
36484;4438694;537649152;34299904;491102208;0;0;0;0;0;0;0;0;0;0;0;2154;0;0;0;0;0;0;
36485;2601248;537649152;34299904;491102208;0;0;0;0;0;0;0;0;0;0;0;2575;0;0;0;0;0;0;
36486;4361760;537649152;34299904;491102208;0;0;0;0;0;0;0;0;0;0;0;2194;0;0;0;0;0;0;
36487;2298731;537649152;34299904;491102208;0;0;0;0;0;0;0;0;0;0;0;2535;0;0;0;0;0;0;
36488;4393650;537649152;34299904;491102208;0;0;0;0;0;0;0;0;0;0;0;2635;0;0;0;0;0;0;
36489;2379082;537649152;34299904;491102208;0;0;0;0;0;0;0;0;0;0;0;2796;0;0;0;0;0;0;
36490;4380214;537649152;34299904;491102208;0;0;0;0;0;0;0;0;0;0;0;2184;0;0;0;0;0;0;
36491;2361108;537649152;34299904;491102208;0;0;0;0;0;0;0;0;0;0;0;2765;0;0;0;0;0;0;
36492;4377359;537649152;34299904;491102208;0;0;0;0;0;0;0;0;0;0;0;2435;0;0;0;0;0;0;
36493;2393078;537649152;34299904;491102208;0;0;0;0;0;0;0;0;0;0;0;2265;0;0;0;0;0;0;
36494;4397848;537649152;34299904;491102208;0;0;0;0;0;0;0;0;0;0;0;2384;0;0;0;0;0;0;
36495;2542709;537649152;34299904;491102208;0;0;0;0;0;0;0;0;0;0;0;2144;0;0;0;0;0;0;
36496;4479581;537649152;34299904;491102208;0;0;0;0;0;0;0;0;0;0;0;2064;0;0;0;0;0;0;
36497;3906145;537649152;34299904;491102208;0;0;0;0;0;0;0;0;0;0;0;3036;0;0;0;0;0;0;
36498;4470053;537649152;34299904;491102208;0;0;0;0;0;0;0;0;0;0;0;2375;0;0;0;0;0;0;
36499;2322776;537649152;34299904;491102208;0;0;0;0;0;0;0;0;0;0;0;2515;0;0;0;0;0;0;
36500;4410591;537649152;34299904;491102208;0;0;0;0;0;0;0;0;0;0;0;2615;0;0;0;0;0;0;
36501;2533251;537649152;34299904;491102208;0;0;0;0;0;0;0;0;0;0;0;2685;0;0;0;0;0;0;
36502;4485432;537649152;34299904;491102208;0;0;0;0;0;0;0;0;0;0;0;2665;0;0;0;0;0;0;
36503;2570540;537649152;34299904;491102208;0;0;0;0;0;0;0;0;0;0;0;2534;0;0;0;0;0;0;
36504;4365517;537649152;34299904;491102208;0;0;0;0;0;0;0;0;0;0;0;2405;0;0;0;0;0;0;
36505;2353374;537649152;34299904;491102208;0;0;0;0;0;0;0;0;0;0;0;2494;0;0;0;0;0;0;
36506;4337565;537649152;34299904;491102208;0;0;0;0;0;0;0;0;0;0;0;2946;0;0;0;0;0;0;
36507;2497554;537649152;34299904;491102208;0;0;0;0;0;0;0;0;0;0;0;2896;0;0;0;0;0;0;
36508;4421402;537649152;34299904;491102208;0;0;0;0;0;0;0;0;0;0;0;2304;0;0;0;0;0;0;
36509;2564089;537649152;34299904;491102208;0;0;0;0;0;0;0;0;0;0;0;2906;0;0;0;0;0;0;
36510;4375626;537649152;34299904;491102208;0;0;0;0;0;0;0;0;0;0;0;2354;0;0;0;0;0;0;
36511;2316494;537649152;34299904;491102208;0;0;0;0;0;0;0;0;0;0;0;2525;0;0;0;0;0;0;
36512;4378882;537649152;34299904;491102208;0;0;0;0;0;0;0;0;0;0;0;2404;0;0;0;0;0;0;
36513;2407876;537649152;34299904;491102208;0;0;0;0;0;0;0;0;0;0;0;2695;0;0;0;0;0;0;
36514;4422874;537649152;34299904;491102208;0;0;0;0;0;0;0;0;0;0;0;2615;0;0;0;0;0;0;
36515;2374794;537649152;34299904;491102208;0;0;0;0;0;0;0;0;0;0;0;2595;0;0;0;0;0;0;
36516;4422254;537649152;34299904;491102208;0;0;0;0;0;0;0;0;0;0;0;2675;0;0;0;0;0;0;
36517;2350177;537649152;34299904;491102208;0;0;0;0;0;0;0;0;0;0;0;2695;0;0;0;0;0;0;
36518;4459122;537649152;34299904;491102208;0;0;0;0;0;0;0;0;0;0;0;2485;0;0;0;0;0;0;
36519;2514135;537649152;34299904;491102208;0;0;0;0;0;0;0;0;0;0;0;2615;0;0;0;0;0;0;
36520;4464913;537649152;34299904;491102208;0;0;0;0;0;0;0;0;0;0;0;2315;0;0;0;0;0;0;
36521;2538480;537649152;34299904;491102208;0;0;0;0;0;0;0;0;0;0;0;2685;0;0;0;0;0;0;
36522;4434987;537649152;34299904;491102208;0;0;0;0;0;0;0;0;0;0;0;2254;0;0;0;0;0;0;
36523;2369293;537649152;34299904;491102208;0;0;0;0;0;0;0;0;0;0;0;2425;0;0;0;0;0;0;
36524;4394371;537649152;34299904;491102208;0;0;0;0;0;0;0;0;0;0;0;2073;0;0;0;0;0;0;
36525;2554210;537649152;34299904;491102208;0;0;0;0;0;0;0;0;0;0;0;2424;0;0;0;0;0;0;
36526;4436250;537649152;34299904;491102208;0;0;0;0;0;0;0;0;0;0;0;2104;0;0;0;0;0;0;
36527;3505815;537649152;34299904;491102208;0;0;0;0;0;0;0;0;0;0;0;2775;0;0;0;0;0;0;
36528;4575140;537649152;34299904;491102208;0;0;0;0;0;0;0;0;0;0;0;2084;0;0;0;0;0;0;
36529;2316083;537649152;34299904;491102208;0;0;0;0;0;0;0;0;0;0;0;2034;0;0;0;0;0;0;
36530;4357111;537649152;34299904;491102208;0;0;0;0;0;0;0;0;0;0;0;2134;0;0;0;0;0;0;
36531;2534353;537649152;34299904;491102208;0;0;0;0;0;0;0;0;0;0;0;2445;0;0;0;0;0;0;
36532;4420650;537649152;34299904;491102208;0;0;0;0;0;0;0;0;0;0;0;2104;0;0;0;0;0;0;
36533;2611307;537649152;34299904;491102208;0;0;0;0;0;0;0;0;0;0;0;2104;0;0;0;0;0;0;
36534;4351220;537649152;34299904;491102208;0;0;0;0;0;0;0;0;0;0;0;2164;0;0;0;0;0;0;
36535;2278163;537649152;34299904;491102208;0;0;0;0;0;0;0;0;0;0;0;2475;0;0;0;0;0;0;
36536;4331553;537649152;34299904;491102208;0;0;0;0;0;0;0;0;0;0;0;2114;0;0;0;0;0;0;
36537;2402857;537649152;34299904;491102208;0;0;0;0;0;0;0;0;0;0;0;2745;0;0;0;0;0;0;
36538;4401815;537649152;34299904;491102208;0;0;0;0;0;0;0;0;0;0;0;2555;0;0;0;0;0;0;
36539;2369254;537649152;34299904;491102208;0;0;0;0;0;0;0;0;0;0;0;2545;0;0;0;0;0;0;
36540;4380044;537649152;34299904;491102208;0;0;0;0;0;0;0;0;0;0;0;2605;0;0;0;0;0;0;
36541;2411102;537649152;34299904;491102208;0;0;0;0;0;0;0;0;0;0;0;2454;0;0;0;0;0;0;
36542;4367752;537649152;34299904;491102208;0;0;0;0;0;0;0;0;0;0;0;2645;0;0;0;0;0;0;
36543;2550352;537649152;34299904;491102208;0;0;0;0;0;0;0;0;0;0;0;2094;0;0;0;0;0;0;
36544;4432202;537649152;34299904;491102208;0;0;0;0;0;0;0;0;0;0;0;2144;0;0;0;0;0;0;
36545;2635452;537649152;34299904;491102208;0;0;0;0;0;0;0;0;0;0;0;2424;0;0;0;0;0;0;
36546;4415761;537649152;34299904;491102208;0;0;0;0;0;0;0;0;0;0;0;2314;0;0;0;0;0;0;
36547;2353263;537649152;34299904;491102208;0;0;0;0;0;0;0;0;0;0;0;2935;0;0;0;0;0;0;
36548;4366539;537649152;34299904;491102208;0;0;0;0;0;0;0;0;0;0;0;2364;0;0;0;0;0;0;
36549;2533561;537649152;34299904;491102208;0;0;0;0;0;0;0;0;0;0;0;2445;0;0;0;0;0;0;
36550;4423696;537649152;34299904;491102208;0;0;0;0;0;0;0;0;0;0;0;2294;0;0;0;0;0;0;
36551;2579858;537649152;34299904;491102208;0;0;0;0;0;0;0;0;0;0;0;2315;0;0;0;0;0;0;
36552;4384302;537649152;34299904;491102208;0;0;0;0;0;0;0;0;0;0;0;2725;0;0;0;0;0;0;
36553;2323307;537649152;34299904;491102208;0;0;0;0;0;0;0;0;0;0;0;2705;0;0;0;0;0;0;
36554;4350699;537649152;34299904;491102208;0;0;0;0;0;0;0;0;0;0;0;2846;0;0;0;0;0;0;
36555;2502403;537649152;34299904;491102208;0;0;0;0;0;0;0;0;0;0;0;3125;0;0;0;0;0;0;
36556;4556084;537649152;34299904;491102208;0;0;0;0;0;0;0;0;0;0;0;2966;0;0;0;0;0;0;
36557;3513028;537649152;34299904;491102208;0;0;0;0;0;0;0;0;0;0;0;2826;0;0;0;0;0;0;
36558;4303100;537649152;34299904;491102208;0;0;0;0;0;0;0;0;0;0;0;2544;0;0;0;0;0;0;
36559;2391455;537649152;34299904;491102208;0;0;0;0;0;0;0;0;0;0;0;3076;0;0;0;0;0;0;
36560;4358865;537649152;34299904;491102208;0;0;0;0;0;0;0;0;0;0;0;2625;0;0;0;0;0;0;
36561;2454914;537649152;34299904;491102208;0;0;0;0;0;0;0;0;0;0;0;2474;0;0;0;0;0;0;
36562;4431370;537649152;34299904;491102208;0;0;0;0;0;0;0;0;0;0;0;2314;0;0;0;0;0;0;
36563;2488978;537649152;34299904;491102208;0;0;0;0;0;0;0;0;0;0;0;2545;0;0;0;0;0;0;
36564;4365497;537649152;34299904;491102208;0;0;0;0;0;0;0;0;0;0;0;2454;0;0;0;0;0;0;
36565;2256462;537649152;34299904;491102208;0;0;0;0;0;0;0;0;0;0;0;2545;0;0;0;0;0;0;
36566;4354246;537649152;34299904;491102208;0;0;0;0;0;0;0;0;0;0;0;2304;0;0;0;0;0;0;
36567;2447019;537649152;34299904;491102208;0;0;0;0;0;0;0;0;0;0;0;2444;0;0;0;0;0;0;
36568;4403378;537649152;34299904;491102208;0;0;0;0;0;0;0;0;0;0;0;2324;0;0;0;0;0;0;
36569;2503956;537649152;34299904;491102208;0;0;0;0;0;0;0;0;0;0;0;2735;0;0;0;0;0;0;
36570;4357662;537649152;34299904;491102208;0;0;0;0;0;0;0;0;0;0;0;2555;0;0;0;0;0;0;
36571;2286598;537649152;34299904;491102208;0;0;0;0;0;0;0;0;0;0;0;2294;0;0;0;0;0;0;
36572;4405742;537649152;34299904;491102208;0;0;0;0;0;0;0;0;0;0;0;2935;0;0;0;0;0;0;
36573;2493857;537649152;34299904;491102208;0;0;0;0;0;0;0;0;0;0;0;2515;0;0;0;0;0;0;
36574;4429817;537649152;34299904;491102208;0;0;0;0;0;0;0;0;0;0;0;2104;0;0;0;0;0;0;
36575;2547788;537649152;34299904;491102208;0;0;0;0;0;0;0;0;0;0;0;2595;0;0;0;0;0;0;
36576;4363513;537649152;34299904;491102208;0;0;0;0;0;0;0;0;0;0;0;2264;0;0;0;0;0;0;
36577;2302498;537649152;34299904;491102208;0;0;0;0;0;0;0;0;0;0;0;2335;0;0;0;0;0;0;
36578;4444425;537649152;34299904;491102208;0;0;0;0;0;0;0;0;0;0;0;2655;0;0;0;0;0;0;
36579;2421571;537649152;34299904;491102208;0;0;0;0;0;0;0;0;0;0;0;2415;0;0;0;0;0;0;
36580;4458672;537649152;34299904;491102208;0;0;0;0;0;0;0;0;0;0;0;2355;0;0;0;0;0;0;
36581;2546696;537649152;34299904;491102208;0;0;0;0;0;0;0;0;0;0;0;2605;0;0;0;0;0;0;
36582;4358344;537649152;34299904;491102208;0;0;0;0;0;0;0;0;0;0;0;2725;0;0;0;0;0;0;
36583;2337925;537649152;34299904;491102208;0;0;0;0;0;0;0;0;0;0;0;2935;0;0;0;0;0;0;
36584;4368513;537649152;34299904;491102208;0;0;0;0;0;0;0;0;0;0;0;2826;0;0;0;0;0;0;
36585;2511290;537649152;34299904;491102208;0;0;0;0;0;0;0;0;0;0;0;2746;0;0;0;0;0;0;
36586;4449254;537649152;34299904;491102208;0;0;0;0;0;0;0;0;0;0;0;2815;0;0;0;0;0;0;
36587;3519340;537649152;34299904;491102208;0;0;0;0;0;0;0;0;0;0;0;2715;0;0;0;0;0;0;
36588;4362601;537649152;34299904;491102208;0;0;0;0;0;0;0;0;0;0;0;2284;0;0;0;0;0;0;
36589;2436609;537649152;34299904;491102208;0;0;0;0;0;0;0;0;0;0;0;2505;0;0;0;0;0;0;
36590;4387438;537649152;34299904;491102208;0;0;0;0;0;0;0;0;0;0;0;2405;0;0;0;0;0;0;
36591;2489449;537649152;34299904;491102208;0;0;0;0;0;0;0;0;0;0;0;2895;0;0;0;0;0;0;
36592;4403869;537649152;34299904;491102208;0;0;0;0;0;0;0;0;0;0;0;2405;0;0;0;0;0;0;
36593;2591200;537649152;34299904;491102208;0;0;0;0;0;0;0;0;0;0;0;2494;0;0;0;0;0;0;
36594;4403879;537649152;34299904;491102208;0;0;0;0;0;0;0;0;0;0;0;2274;0;0;0;0;0;0;
36595;2304822;537649152;34299904;491102208;0;0;0;0;0;0;0;0;0;0;0;2314;0;0;0;0;0;0;
36596;4395383;537649152;34299904;491102208;0;0;0;0;0;0;0;0;0;0;0;2595;0;0;0;0;0;0;
36597;2568296;537649152;34299904;491102208;0;0;0;0;0;0;0;0;0;0;0;2605;0;0;0;0;0;0;
36598;4405211;537649152;34299904;491102208;0;0;0;0;0;0;0;0;0;0;0;2515;0;0;0;0;0;0;
36599;2583656;537649152;34299904;491102208;0;0;0;0;0;0;0;0;0;0;0;2515;0;0;0;0;0;0;
36600;4389251;537649152;34299904;491102208;0;0;0;0;0;0;0;0;0;0;0;2615;0;0;0;0;0;0;
36601;2340710;537649152;34299904;491102208;0;0;0;0;0;0;0;0;0;0;0;2404;0;0;0;0;0;0;
36602;4413016;537649152;34299904;491102208;0;0;0;0;0;0;0;0;0;0;0;2214;0;0;0;0;0;0;
36603;2631956;537649152;34299904;491102208;0;0;0;0;0;0;0;0;0;0;0;1973;0;0;0;0;0;0;
36604;4397948;537649152;34299904;491102208;0;0;0;0;0;0;0;0;0;0;0;1974;0;0;0;0;0;0;
36605;2642135;537649152;34299904;491102208;0;0;0;0;0;0;0;0;0;0;0;2194;0;0;0;0;0;0;
36606;4382068;537649152;34299904;491102208;0;0;0;0;0;0;0;0;0;0;0;2414;0;0;0;0;0;0;
36607;2521539;537649152;34299904;491102208;0;0;0;0;0;0;0;0;0;0;0;2474;0;0;0;0;0;0;
36608;4402606;537649152;34299904;491102208;0;0;0;0;0;0;0;0;0;0;0;2414;0;0;0;0;0;0;
36609;2506982;537649152;34299904;491102208;0;0;0;0;0;0;0;0;0;0;0;2345;0;0;0;0;0;0;
36610;4510769;537649152;34299904;491102208;0;0;0;0;0;0;0;0;0;0;0;3056;0;0;0;0;0;0;
36611;2559951;537649152;34299904;491102208;0;0;0;0;0;0;0;0;0;0;0;2525;0;0;0;0;0;0;
36612;4346371;537649152;34299904;491102208;0;0;0;0;0;0;0;0;0;0;0;2264;0;0;0;0;0;0;
36613;2338986;537649152;34299904;491102208;0;0;0;0;0;0;0;0;0;0;0;2565;0;0;0;0;0;0;
36614;4365807;537649152;34299904;491102208;0;0;0;0;0;0;0;0;0;0;0;2294;0;0;0;0;0;0;
36615;2463761;537649152;34299904;491102208;0;0;0;0;0;0;0;0;0;0;0;2264;0;0;0;0;0;0;
36616;4409750;537649152;34299904;491102208;0;0;0;0;0;0;0;0;0;0;0;2405;0;0;0;0;0;0;
36617;2837110;537649152;34299904;491102208;0;0;0;0;0;0;0;0;0;0;0;2355;0;0;0;0;0;0;
36618;4376778;537649152;34299904;491102208;0;0;0;0;0;0;0;0;0;0;0;2244;0;0;0;0;0;0;
36619;2350208;537649152;34299904;491102208;0;0;0;0;0;0;0;0;0;0;0;2415;0;0;0;0;0;0;
36620;4352833;537649152;34299904;491102208;0;0;0;0;0;0;0;0;0;0;0;2926;0;0;0;0;0;0;
36621;2588735;537649152;34299904;491102208;0;0;0;0;0;0;0;0;0;0;0;3126;0;0;0;0;0;0;
36622;4407335;537649152;34299904;491102208;0;0;0;0;0;0;0;0;0;0;0;2164;0;0;0;0;0;0;
36623;2659979;537649152;34299904;491102208;0;0;0;0;0;0;0;0;0;0;0;2444;0;0;0;0;0;0;
36624;4411744;537649152;34299904;491102208;0;0;0;0;0;0;0;0;0;0;0;2364;0;0;0;0;0;0;
36625;2440036;537649152;34299904;491102208;0;0;0;0;0;0;0;0;0;0;0;2855;0;0;0;0;0;0;
36626;4388200;537649152;34299904;491102208;0;0;0;0;0;0;0;0;0;0;0;2705;0;0;0;0;0;0;
36627;2621607;537649152;34299904;491102208;0;0;0;0;0;0;0;0;0;0;0;2615;0;0;0;0;0;0;
36628;4420279;537649152;34299904;491102208;0;0;0;0;0;0;0;0;0;0;0;2415;0;0;0;0;0;0;
36629;2679435;537649152;34299904;491102208;0;0;0;0;0;0;0;0;0;0;0;2755;0;0;0;0;0;0;
36630;4360779;537649152;34299904;491102208;0;0;0;0;0;0;0;0;0;0;0;2555;0;0;0;0;0;0;
36631;2463060;537649152;34299904;491102208;0;0;0;0;0;0;0;0;0;0;0;2846;0;0;0;0;0;0;
36632;4369895;537649152;34299904;491102208;0;0;0;0;0;0;0;0;0;0;0;2425;0;0;0;0;0;0;
36633;2560552;537649152;34299904;491102208;0;0;0;0;0;0;0;0;0;0;0;2315;0;0;0;0;0;0;
36634;4406824;537649152;34299904;491102208;0;0;0;0;0;0;0;0;0;0;0;2525;0;0;0;0;0;0;
36635;2642867;537649152;34299904;491102208;0;0;0;0;0;0;0;0;0;0;0;2605;0;0;0;0;0;0;
36636;4396405;537649152;34299904;491102208;0;0;0;0;0;0;0;0;0;0;0;2344;0;0;0;0;0;0;
36637;2430148;537649152;34299904;491102208;0;0;0;0;0;0;0;0;0;0;0;2665;0;0;0;0;0;0;
36638;4403699;537649152;34299904;491102208;0;0;0;0;0;0;0;0;0;0;0;2294;0;0;0;0;0;0;
36639;2547397;537649152;34299904;491102208;0;0;0;0;0;0;0;0;0;0;0;2505;0;0;0;0;0;0;
36640;4465765;537649152;34299904;491102208;0;0;0;0;0;0;0;0;0;0;0;2285;0;0;0;0;0;0;
36641;2591791;537649152;34299904;491102208;0;0;0;0;0;0;0;0;0;0;0;2885;0;0;0;0;0;0;
36642;4389762;537649152;34299904;491102208;0;0;0;0;0;0;0;0;0;0;0;2505;0;0;0;0;0;0;
36643;2367600;537649152;34299904;491102208;0;0;0;0;0;0;0;0;0;0;0;2645;0;0;0;0;0;0;
36644;4363293;537649152;34299904;491102208;0;0;0;0;0;0;0;0;0;0;0;2424;0;0;0;0;0;0;
36645;2600447;537649152;34299904;491102208;0;0;0;0;0;0;0;0;0;0;0;2775;0;0;0;0;0;0;
36646;4718118;537649152;34299904;491102208;0;0;0;0;0;0;0;0;0;0;0;2404;0;0;0;0;0;0;
36647;2853261;537649152;34299904;491102208;0;0;0;0;0;0;0;0;0;0;0;2345;0;0;0;0;0;0;
36648;4404500;537649152;34299904;491102208;0;0;0;0;0;0;0;0;0;0;0;2114;0;0;0;0;0;0;
36649;2324810;537649152;34299904;491102208;0;0;0;0;0;0;0;0;0;0;0;2304;0;0;0;0;0;0;
36650;4380896;537649152;34299904;491102208;0;0;0;0;0;0;0;0;0;0;0;2435;0;0;0;0;0;0;
36651;2465103;537649152;34299904;491102208;0;0;0;0;0;0;0;0;0;0;0;2084;0;0;0;0;0;0;
36652;4410672;537649152;34299904;491102208;0;0;0;0;0;0;0;0;0;0;0;2455;0;0;0;0;0;0;
36653;2657363;537649152;34299904;491102208;0;0;0;0;0;0;0;0;0;0;0;2505;0;0;0;0;0;0;
36654;4441410;537649152;34299904;491102208;0;0;0;0;0;0;0;0;0;0;0;2575;0;0;0;0;0;0;
36655;2476875;537649152;34299904;491102208;0;0;0;0;0;0;0;0;0;0;0;2525;0;0;0;0;0;0;
36656;4401965;537649152;34299904;491102208;0;0;0;0;0;0;0;0;0;0;0;2434;0;0;0;0;0;0;
36657;2596680;537649152;34299904;491102208;0;0;0;0;0;0;0;0;0;0;0;2415;0;0;0;0;0;0;
36658;4423906;537649152;34299904;491102208;0;0;0;0;0;0;0;0;0;0;0;2024;0;0;0;0;0;0;
36659;2551485;537649152;34299904;491102208;0;0;0;0;0;0;0;0;0;0;0;2535;0;0;0;0;0;0;
36660;4421922;537649152;34299904;491102208;0;0;0;0;0;0;0;0;0;0;0;2464;0;0;0;0;0;0;
36661;2408827;537649152;34299904;491102208;0;0;0;0;0;0;0;0;0;0;0;2915;0;0;0;0;0;0;
36662;4396014;537649152;34299904;491102208;0;0;0;0;0;0;0;0;0;0;0;2565;0;0;0;0;0;0;
36663;2361038;537649152;34299904;491102208;0;0;0;0;0;0;0;0;0;0;0;2305;0;0;0;0;0;0;
36664;4396044;537649152;34299904;491102208;0;0;0;0;0;0;0;0;0;0;0;2706;0;0;0;0;0;0;
36665;2443292;537649152;34299904;491102208;0;0;0;0;0;0;0;0;0;0;0;3256;0;0;0;0;0;0;
36666;4370677;537649152;34299904;491102208;0;0;0;0;0;0;0;0;0;0;0;2274;0;0;0;0;0;0;
36667;2499337;537649152;34299904;491102208;0;0;0;0;0;0;0;0;0;0;0;2374;0;0;0;0;0;0;
36668;4423676;537649152;34299904;491102208;0;0;0;0;0;0;0;0;0;0;0;2495;0;0;0;0;0;0;
36669;2694373;537649152;34299904;491102208;0;0;0;0;0;0;0;0;0;0;0;2194;0;0;0;0;0;0;
36670;4413156;537649152;34299904;491102208;0;0;0;0;0;0;0;0;0;0;0;2064;0;0;0;0;0;0;
36671;2625864;537649152;34299904;491102208;0;0;0;0;0;0;0;0;0;0;0;2324;0;0;0;0;0;0;
36672;7457316;537649152;34299904;491102208;0;0;0;0;0;0;0;0;0;0;0;3056;0;0;0;0;0;0;
36673;8962839;537649152;34299904;491102208;0;0;0;0;0;0;0;0;0;0;0;2725;0;0;0;0;0;0;
36674;4946937;537649152;34299904;491102208;0;0;0;0;0;0;0;0;0;0;0;2956;0;0;0;0;0;0;
36675;3687986;537649152;34299904;491102208;0;0;0;0;0;0;0;0;0;0;0;2955;0;0;0;0;0;0;
36676;4829397;537649152;34299904;491102208;0;0;0;0;0;0;0;0;0;0;0;2124;0;0;0;0;0;0;
36677;2795282;537649152;34299904;491102208;0;0;0;0;0;0;0;0;0;0;0;2454;0;0;0;0;0;0;
36678;4455876;537649152;34299904;491102208;0;0;0;0;0;0;0;0;0;0;0;2335;0;0;0;0;0;0;
36679;2429426;537649152;34299904;491102208;0;0;0;0;0;0;0;0;0;0;0;2815;0;0;0;0;0;0;
36680;4388800;537649152;34299904;491102208;0;0;0;0;0;0;0;0;0;0;0;2755;0;0;0;0;0;0;
36681;2504617;537649152;34299904;491102208;0;0;0;0;0;0;0;0;0;0;0;2846;0;0;0;0;0;0;
36682;4433815;537649152;34299904;491102208;0;0;0;0;0;0;0;0;0;0;0;2195;0;0;0;0;0;0;
36683;2560562;537649152;34299904;491102208;0;0;0;0;0;0;0;0;0;0;0;2354;0;0;0;0;0;0;
36684;4390674;537649152;34299904;491102208;0;0;0;0;0;0;0;0;0;0;0;2405;0;0;0;0;0;0;
36685;2389601;537649152;34299904;491102208;0;0;0;0;0;0;0;0;0;0;0;11411;0;0;0;0;0;0;
36686;4446709;537649152;34299904;491102208;0;0;0;0;0;0;0;0;0;0;0;2315;0;0;0;0;0;0;
36687;2345348;537649152;34299904;491102208;0;0;0;0;0;0;0;0;0;0;0;2785;0;0;0;0;0;0;
36688;4399270;537649152;34299904;491102208;0;0;0;0;0;0;0;0;0;0;0;2625;0;0;0;0;0;0;
36689;2332214;537649152;34299904;491102208;0;0;0;0;0;0;0;0;0;0;0;2685;0;0;0;0;0;0;
36690;4417575;537649152;34299904;491102208;0;0;0;0;0;0;0;0;0;0;0;2405;0;0;0;0;0;0;
36691;2340430;537649152;34299904;491102208;0;0;0;0;0;0;0;0;0;0;0;2345;0;0;0;0;0;0;
36692;4391236;537649152;34299904;491102208;0;0;0;0;0;0;0;0;0;0;0;2154;0;0;0;0;0;0;
36693;2587022;537649152;34299904;491102208;0;0;0;0;0;0;0;0;0;0;0;2324;0;0;0;0;0;0;
36694;4492235;537649152;34299904;491102208;0;0;0;0;0;0;0;0;0;0;0;2314;0;0;0;0;0;0;
36695;2611447;537649152;34299904;491102208;0;0;0;0;0;0;0;0;0;0;0;2454;0;0;0;0;0;0;
36696;4388370;537649152;34299904;491102208;0;0;0;0;0;0;0;0;0;0;0;2395;0;0;0;0;0;0;
36697;2379833;537649152;34299904;491102208;0;0;0;0;0;0;0;0;0;0;0;2194;0;0;0;0;0;0;
36698;4368984;537649152;34299904;491102208;0;0;0;0;0;0;0;0;0;0;0;2294;0;0;0;0;0;0;
36699;2413587;537649152;34299904;491102208;0;0;0;0;0;0;0;0;0;0;0;2304;0;0;0;0;0;0;
36700;4430229;537649152;34299904;491102208;0;0;0;0;0;0;0;0;0;0;0;2484;0;0;0;0;0;0;
36701;2612790;537649152;34299904;491102208;0;0;0;0;0;0;0;0;0;0;0;2184;0;0;0;0;0;0;
36702;4378341;537649152;34299904;491102208;0;0;0;0;0;0;0;0;0;0;0;2835;0;0;0;0;0;0;
36703;2438594;537649152;34299904;491102208;0;0;0;0;0;0;0;0;0;0;0;2235;0;0;0;0;0;0;
36704;4377089;537649152;34299904;491102208;0;0;0;0;0;0;0;0;0;0;0;2465;0;0;0;0;0;0;
36705;3048407;537649152;34299904;491102208;0;0;0;0;0;0;0;0;0;0;0;3927;0;0;0;0;0;0;
36706;4625715;537649152;34299904;491102208;0;0;0;0;0;0;0;0;0;0;0;2024;0;0;0;0;0;0;
36707;2579848;537649152;34299904;491102208;0;0;0;0;0;0;0;0;0;0;0;2314;0;0;0;0;0;0;
36708;4328137;537649152;34299904;491102208;0;0;0;0;0;0;0;0;0;0;0;2144;0;0;0;0;0;0;
36709;2501702;537649152;34299904;491102208;0;0;0;0;0;0;0;0;0;0;0;2234;0;0;0;0;0;0;
36710;4328077;537649152;34299904;491102208;0;0;0;0;0;0;0;0;0;0;0;2375;0;0;0;0;0;0;
36711;2327515;537649152;34299904;491102208;0;0;0;0;0;0;0;0;0;0;0;2404;0;0;0;0;0;0;
36712;4329429;537649152;34299904;491102208;0;0;0;0;0;0;0;0;0;0;0;1964;0;0;0;0;0;0;
36713;2381236;537649152;34299904;491102208;0;0;0;0;0;0;0;0;0;0;0;2354;0;0;0;0;0;0;
36714;4337744;537649152;34299904;491102208;0;0;0;0;0;0;0;0;0;0;0;2044;0;0;0;0;0;0;
36715;2449544;537649152;34299904;491102208;0;0;0;0;0;0;0;0;0;0;0;2214;0;0;0;0;0;0;
36716;4298792;537649152;34299904;491102208;0;0;0;0;0;0;0;0;0;0;0;2785;0;0;0;0;0;0;
36717;2460585;537649152;34299904;491102208;0;0;0;0;0;0;0;0;0;0;0;2435;0;0;0;0;0;0;
36718;4375175;537649152;34299904;491102208;0;0;0;0;0;0;0;0;0;0;0;2094;0;0;0;0;0;0;
36719;2470854;537649152;34299904;491102208;0;0;0;0;0;0;0;0;0;0;0;2305;0;0;0;0;0;0;
36720;4350118;537649152;34299904;491102208;0;0;0;0;0;0;0;0;0;0;0;2785;0;0;0;0;0;0;
36721;2250921;537649152;34299904;491102208;0;0;0;0;0;0;0;0;0;0;0;2094;0;0;0;0;0;0;
36722;4337685;537649152;34299904;491102208;0;0;0;0;0;0;0;0;0;0;0;2765;0;0;0;0;0;0;
36723;2479209;537649152;34299904;491102208;0;0;0;0;0;0;0;0;0;0;0;2295;0;0;0;0;0;0;
36724;4526288;537649152;34299904;491102208;0;0;0;0;0;0;0;0;0;0;0;2284;0;0;0;0;0;0;
36725;2533832;537649152;34308096;491110400;0;0;0;0;0;0;0;0;0;0;0;2084;0;0;0;0;0;0;
36726;4310194;537649152;34308096;491110400;0;0;0;0;0;0;0;0;0;0;0;2174;0;0;0;0;0;0;
36727;2215745;537649152;34308096;491110400;0;0;0;0;0;0;0;0;0;0;0;2334;0;0;0;0;0;0;
36728;4394902;537649152;34308096;491110400;0;0;0;0;0;0;0;0;0;0;0;2325;0;0;0;0;0;0;
36729;2523402;537649152;34308096;491110400;0;0;0;0;0;0;0;0;0;0;0;2344;0;0;0;0;0;0;
36730;4437181;537649152;34308096;491110400;0;0;0;0;0;0;0;0;0;0;0;2384;0;0;0;0;0;0;
36731;2423816;537763840;34299904;491102208;0;0;0;0;0;0;0;0;0;0;0;1893;0;0;0;0;0;0;
36732;4354647;537763840;34299904;491102208;0;0;0;0;0;0;0;0;0;0;0;2054;0;0;0;0;0;0;
36733;2236224;537763840;34299904;491102208;0;0;0;0;0;0;0;0;0;0;0;2064;0;0;0;0;0;0;
36734;4284675;537763840;34299904;491102208;0;0;0;0;0;0;0;0;0;0;0;1924;0;0;0;0;0;0;
36735;2681248;537763840;34299904;491102208;0;0;0;0;0;0;0;0;0;0;0;3035;0;0;0;0;0;0;
36736;4787238;537763840;34299904;491102208;0;0;0;0;0;0;0;0;0;0;0;2084;0;0;0;0;0;0;
36737;2143940;537763840;34299904;491102208;0;0;0;0;0;0;0;0;0;0;0;2254;0;0;0;0;0;0;
36738;4304943;537763840;34299904;491102208;0;0;0;0;0;0;0;0;0;0;0;1813;0;0;0;0;0;0;
36739;2083638;537763840;34299904;491102208;0;0;0;0;0;0;0;0;0;0;0;2064;0;0;0;0;0;0;
36740;4328577;537763840;34299904;491102208;0;0;0;0;0;0;0;0;0;0;0;2034;0;0;0;0;0;0;
36741;2424627;537763840;34299904;491102208;0;0;0;0;0;0;0;0;0;0;0;1953;0;0;0;0;0;0;
36742;4331103;537763840;34299904;491102208;0;0;0;0;0;0;0;0;0;0;0;1613;0;0;0;0;0;0;
36743;2372930;537763840;34299904;491102208;0;0;0;0;0;0;0;0;0;0;0;1924;0;0;0;0;0;0;
36744;4251012;537763840;34299904;491102208;0;0;0;0;0;0;0;0;0;0;0;1753;0;0;0;0;0;0;
36745;2079039;537763840;34299904;491102208;0;0;0;0;0;0;0;0;0;0;0;2064;0;0;0;0;0;0;
36746;4295085;537763840;34299904;491102208;0;0;0;0;0;0;0;0;0;0;0;1813;0;0;0;0;0;0;
36747;2227508;537763840;34299904;491102208;0;0;0;0;0;0;0;0;0;0;0;2434;0;0;0;0;0;0;
36748;4358524;537763840;34299904;491102208;0;0;0;0;0;0;0;0;0;0;0;2024;0;0;0;0;0;0;
36749;2350367;537763840;34299904;491102208;0;0;0;0;0;0;0;0;0;0;0;2214;0;0;0;0;0;0;
36750;4275688;537763840;34299904;491102208;0;0;0;0;0;0;0;0;0;0;0;2505;0;0;0;0;0;0;
36751;2023805;537763840;34299904;491102208;0;0;0;0;0;0;0;0;0;0;0;2175;0;0;0;0;0;0;
36752;4238179;537763840;34299904;491102208;0;0;0;0;0;0;0;0;0;0;0;2014;0;0;0;0;0;0;
36753;2105578;537763840;34299904;491102208;0;0;0;0;0;0;0;0;0;0;0;2364;0;0;0;0;0;0;
36754;4365587;537763840;34299904;491102208;0;0;0;0;0;0;0;0;0;0;0;2184;0;0;0;0;0;0;
36755;2216196;537763840;34299904;491102208;0;0;0;0;0;0;0;0;0;0;0;2284;0;0;0;0;0;0;
36756;4314051;537763840;34299904;491102208;0;0;0;0;0;0;0;0;0;0;0;2094;0;0;0;0;0;0;
36757;2072887;537763840;34299904;491102208;0;0;0;0;0;0;0;0;0;0;0;2003;0;0;0;0;0;0;
36758;4320763;537763840;34299904;491102208;0;0;0;0;0;0;0;0;0;0;0;2274;0;0;0;0;0;0;
36759;2016242;537763840;34299904;491102208;0;0;0;0;0;0;0;0;0;0;0;2014;0;0;0;0;0;0;
36760;4256452;537763840;34299904;491102208;0;0;0;0;0;0;0;0;0;0;0;1873;0;0;0;0;0;0;
36761;2030397;537763840;34299904;491102208;0;0;0;0;0;0;0;0;0;0;0;2224;0;0;0;0;0;0;
36762;4256162;537763840;34299904;491102208;0;0;0;0;0;0;0;0;0;0;0;1853;0;0;0;0;0;0;
36763;2083146;537763840;34299904;491102208;0;0;0;0;0;0;0;0;0;0;0;2956;0;0;0;0;0;0;
36764;4254369;537763840;34299904;491102208;0;0;0;0;0;0;0;0;0;0;0;1964;0;0;0;0;0;0;
36765;2163908;537763840;34299904;491102208;0;0;0;0;0;0;0;0;0;0;0;2394;0;0;0;0;0;0;
36766;4432503;537763840;34299904;491102208;0;0;0;0;0;0;0;0;0;0;0;2275;0;0;0;0;0;0;
36767;2863550;537763840;34299904;491102208;0;0;0;0;0;0;0;0;0;0;0;2725;0;0;0;0;0;0;
36768;4426762;537763840;34299904;491102208;0;0;0;0;0;0;0;0;0;0;0;2685;0;0;0;0;0;0;
36769;1902828;537763840;34299904;491102208;0;0;0;0;0;0;0;0;0;0;0;2205;0;0;0;0;0;0;
36770;4259939;537763840;34299904;491102208;0;0;0;0;0;0;0;0;0;0;0;2174;0;0;0;0;0;0;
36771;2082195;537763840;34299904;491102208;0;0;0;0;0;0;0;0;0;0;0;1873;0;0;0;0;0;0;
36772;4267673;537763840;34299904;491102208;0;0;0;0;0;0;0;0;0;0;0;1713;0;0;0;0;0;0;
36773;2137799;537763840;34299904;491102208;0;0;0;0;0;0;0;0;0;0;0;2114;0;0;0;0;0;0;
36774;4277572;537763840;34299904;491102208;0;0;0;0;0;0;0;0;0;0;0;2074;0;0;0;0;0;0;
36775;1886468;537763840;34299904;491102208;0;0;0;0;0;0;0;0;0;0;0;2214;0;0;0;0;0;0;
36776;4241184;537763840;34299904;491102208;0;0;0;0;0;0;0;0;0;0;0;2184;0;0;0;0;0;0;
36777;2063179;537763840;34299904;491102208;0;0;0;0;0;0;0;0;0;0;0;2013;0;0;0;0;0;0;
36778;4272332;537763840;34299904;491102208;0;0;0;0;0;0;0;0;0;0;0;1854;0;0;0;0;0;0;
36779;2103965;537763840;34299904;491102208;0;0;0;0;0;0;0;0;0;0;0;2064;0;0;0;0;0;0;
36780;4219012;537763840;34299904;491102208;0;0;0;0;0;0;0;0;0;0;0;1764;0;0;0;0;0;0;
36781;1926222;537763840;34299904;491102208;0;0;0;0;0;0;0;0;0;0;0;2144;0;0;0;0;0;0;
36782;4224723;537763840;34299904;491102208;0;0;0;0;0;0;0;0;0;0;0;2134;0;0;0;0;0;0;
36783;2025569;537763840;34299904;491102208;0;0;0;0;0;0;0;0;0;0;0;2094;0;0;0;0;0;0;
36784;4282982;537763840;34299904;491102208;0;0;0;0;0;0;0;0;0;0;0;1753;0;0;0;0;0;0;
36785;2082676;537763840;34299904;491102208;0;0;0;0;0;0;0;0;0;0;0;1994;0;0;0;0;0;0;
36786;4250311;537763840;34299904;491102208;0;0;0;0;0;0;0;0;0;0;0;1893;0;0;0;0;0;0;
36787;1803012;537763840;34299904;491102208;0;0;0;0;0;0;0;0;0;0;0;2104;0;0;0;0;0;0;
36788;4263656;537763840;34299904;491102208;0;0;0;0;0;0;0;0;0;0;0;2084;0;0;0;0;0;0;
36789;1952792;537763840;34299904;491102208;0;0;0;0;0;0;0;0;0;0;0;2274;0;0;0;0;0;0;
36790;4324210;537763840;34299904;491102208;0;0;0;0;0;0;0;0;0;0;0;2224;0;0;0;0;0;0;
36791;2031520;537763840;34299904;491102208;0;0;0;0;0;0;0;0;0;0;0;1844;0;0;0;0;0;0;
36792;4221627;537763840;34299904;491102208;0;0;0;0;0;0;0;0;0;0;0;1974;0;0;0;0;0;0;
36793;1814674;537763840;34299904;491102208;0;0;0;0;0;0;0;0;0;0;0;2304;0;0;0;0;0;0;
36794;4263606;537763840;34299904;491102208;0;0;0;0;0;0;0;0;0;0;0;2385;0;0;0;0;0;0;
36795;1932755;537763840;34299904;491102208;0;0;0;0;0;0;0;0;0;0;0;2024;0;0;0;0;0;0;
36796;4261442;537763840;34299904;491102208;0;0;0;0;0;0;0;0;0;0;0;1823;0;0;0;0;0;0;
36797;1980434;537763840;34299904;491102208;0;0;0;0;0;0;0;0;0;0;0;2424;0;0;0;0;0;0;
36798;4197492;537763840;34299904;491102208;0;0;0;0;0;0;0;0;0;0;0;2023;0;0;0;0;0;0;
36799;1827117;537763840;34299904;491102208;0;0;0;0;0;0;0;0;0;0;0;2184;0;0;0;0;0;0;
36800;4708681;537763840;34299904;491102208;0;0;0;0;0;0;0;0;0;0;0;2324;0;0;0;0;0;0;
36801;3196605;537763840;34299904;491102208;0;0;0;0;0;0;0;0;0;0;0;2916;0;0;0;0;0;0;
36802;4467949;537763840;34299904;491102208;0;0;0;0;0;0;0;0;0;0;0;2054;0;0;0;0;0;0;
36803;1983340;537763840;34299904;491102208;0;0;0;0;0;0;0;0;0;0;0;1893;0;0;0;0;0;0;
36804;4238338;537763840;34299904;491102208;0;0;0;0;0;0;0;0;0;0;0;2064;0;0;0;0;0;0;
36805;1769718;537763840;34299904;491102208;0;0;0;0;0;0;0;0;0;0;0;2264;0;0;0;0;0;0;
36806;4215576;537763840;34299904;491102208;0;0;0;0;0;0;0;0;0;0;0;2304;0;0;0;0;0;0;
36807;1926623;537763840;34299904;491102208;0;0;0;0;0;0;0;0;0;0;0;2084;0;0;0;0;0;0;
36808;4281409;537763840;34299904;491102208;0;0;0;0;0;0;0;0;0;0;0;2084;0;0;0;0;0;0;
36809;1993127;537763840;34299904;491102208;0;0;0;0;0;0;0;0;0;0;0;2194;0;0;0;0;0;0;
36810;4224132;537763840;34299904;491102208;0;0;0;0;0;0;0;0;0;0;0;2094;0;0;0;0;0;0;
36811;1780590;537763840;34299904;491102208;0;0;0;0;0;0;0;0;0;0;0;1984;0;0;0;0;0;0;
36812;4239070;537763840;34299904;491102208;0;0;0;0;0;0;0;0;0;0;0;1814;0;0;0;0;0;0;
36813;1891507;537763840;34299904;491102208;0;0;0;0;0;0;0;0;0;0;0;1893;0;0;0;0;0;0;
36814;4235142;537763840;34299904;491102208;0;0;0;0;0;0;0;0;0;0;0;2154;0;0;0;0;0;0;
36815;1873363;537763840;34299904;491102208;0;0;0;0;0;0;0;0;0;0;0;1894;0;0;0;0;0;0;
36816;4184758;537763840;34299904;491102208;0;0;0;0;0;0;0;0;0;0;0;2024;0;0;0;0;0;0;
36817;1733671;537763840;34299904;491102208;0;0;0;0;0;0;0;0;0;0;0;2004;0;0;0;0;0;0;
36818;4245422;537763840;34299904;491102208;0;0;0;0;0;0;0;0;0;0;0;2384;0;0;0;0;0;0;
36819;1960166;537763840;34299904;491102208;0;0;0;0;0;0;0;0;0;0;0;2104;0;0;0;0;0;0;
36820;4249850;537763840;34299904;491102208;0;0;0;0;0;0;0;0;0;0;0;2254;0;0;0;0;0;0;
36821;1881759;537763840;34299904;491102208;0;0;0;0;0;0;0;0;0;0;0;2394;0;0;0;0;0;0;
36822;4187984;537763840;34299904;491102208;0;0;0;0;0;0;0;0;0;0;0;1823;0;0;0;0;0;0;
36823;1647139;537763840;34299904;491102208;0;0;0;0;0;0;0;0;0;0;0;1974;0;0;0;0;0;0;
36824;4159711;537763840;34299904;491102208;0;0;0;0;0;0;0;0;0;0;0;2545;0;0;0;0;0;0;
36825;1799034;537763840;34299904;491102208;0;0;0;0;0;0;0;0;0;0;0;1953;0;0;0;0;0;0;
36826;4194877;537763840;34299904;491102208;0;0;0;0;0;0;0;0;0;0;0;1874;0;0;0;0;0;0;
36827;2005501;537763840;34299904;491102208;0;0;0;0;0;0;0;0;0;0;0;2004;0;0;0;0;0;0;
36828;4202391;537763840;34299904;491102208;0;0;0;0;0;0;0;0;0;0;0;1994;0;0;0;0;0;0;
36829;1757436;537763840;34299904;491102208;0;0;0;0;0;0;0;0;0;0;0;2615;0;0;0;0;0;0;
36830;4184798;537763840;34299904;491102208;0;0;0;0;0;0;0;0;0;0;0;2134;0;0;0;0;0;0;
36831;2134182;537763840;34299904;491102208;0;0;0;0;0;0;0;0;0;0;0;2966;0;0;0;0;0;0;
36832;4435468;537763840;34299904;491102208;0;0;0;0;0;0;0;0;0;0;0;2745;0;0;0;0;0;0;
36833;2813306;537763840;34299904;491102208;0;0;0;0;0;0;0;0;0;0;0;2264;0;0;0;0;0;0;
36834;4466978;537763840;34299904;491102208;0;0;0;0;0;0;0;0;0;0;0;2124;0;0;0;0;0;0;
36835;3528588;537763840;34299904;491102208;0;0;0;0;0;0;0;0;0;0;0;3326;0;0;0;0;0;0;
36836;4520387;537763840;34299904;491102208;0;0;0;0;0;0;0;0;0;0;0;2845;0;0;0;0;0;0;
36837;2757832;537763840;34299904;491102208;0;0;0;0;0;0;0;0;0;0;0;2926;0;0;0;0;0;0;
36838;4432613;537763840;34299904;491102208;0;0;0;0;0;0;0;0;0;0;0;2685;0;0;0;0;0;0;
36839;2687981;537763840;34299904;491102208;0;0;0;0;0;0;0;0;0;0;0;2534;0;0;0;0;0;0;
36840;4334198;537763840;34299904;491102208;0;0;0;0;0;0;0;0;0;0;0;2384;0;0;0;0;0;0;
36841;2582473;537763840;34299904;491102208;0;0;0;0;0;0;0;0;0;0;0;3337;0;0;0;0;0;0;
36842;4332455;537763840;34299904;491102208;0;0;0;0;0;0;0;0;0;0;0;2886;0;0;0;0;0;0;
36843;2770566;537763840;34299904;491102208;0;0;0;0;0;0;0;0;0;0;0;2555;0;0;0;0;0;0;
36844;4458822;537763840;34299904;491102208;0;0;0;0;0;0;0;0;0;0;0;2434;0;0;0;0;0;0;
36845;2631515;537763840;34299904;491102208;0;0;0;0;0;0;0;0;0;0;0;2224;0;0;0;0;0;0;
36846;4354105;537763840;34299904;491102208;0;0;0;0;0;0;0;0;0;0;0;2585;0;0;0;0;0;0;
36847;2434385;537763840;34299904;491102208;0;0;0;0;0;0;0;0;0;0;0;2375;0;0;0;0;0;0;
36848;4348325;537763840;34299904;491102208;0;0;0;0;0;0;0;0;0;0;0;2154;0;0;0;0;0;0;
36849;2763202;537763840;34299904;491102208;0;0;0;0;0;0;0;0;0;0;0;2524;0;0;0;0;0;0;
36850;4404580;537763840;34299904;491102208;0;0;0;0;0;0;0;0;0;0;0;2234;0;0;0;0;0;0;
36851;2668645;537763840;34299904;491102208;0;0;0;0;0;0;0;0;0;0;0;2595;0;0;0;0;0;0;
36852;4344297;537763840;34299904;491102208;0;0;0;0;0;0;0;0;0;0;0;2444;0;0;0;0;0;0;
36853;2565441;537763840;34299904;491102208;0;0;0;0;0;0;0;0;0;0;0;3125;0;0;0;0;0;0;
36854;4396154;537763840;34299904;491102208;0;0;0;0;0;0;0;0;0;0;0;2475;0;0;0;0;0;0;
36855;2657394;537763840;34299904;491102208;0;0;0;0;0;0;0;0;0;0;0;2455;0;0;0;0;0;0;
36856;4427804;537763840;34299904;491102208;0;0;0;0;0;0;0;0;0;0;0;2224;0;0;0;0;0;0;
36857;2715533;537763840;34299904;491102208;0;0;0;0;0;0;0;0;0;0;0;2425;0;0;0;0;0;0;
36858;4428295;537763840;34299904;491102208;0;0;0;0;0;0;0;0;0;0;0;2775;0;0;0;0;0;0;
36859;2646733;537763840;34299904;491102208;0;0;0;0;0;0;0;0;0;0;0;2716;0;0;0;0;0;0;
36860;4432362;537763840;34299904;491102208;0;0;0;0;0;0;0;0;0;0;0;2505;0;0;0;0;0;0;
36861;2614513;537763840;34299904;491102208;0;0;0;0;0;0;0;0;0;0;0;2244;0;0;0;0;0;0;
36862;4417194;537763840;34299904;491102208;0;0;0;0;0;0;0;0;0;0;0;2224;0;0;0;0;0;0;
36863;2612740;537763840;34299904;491102208;0;0;0;0;0;0;0;0;0;0;0;2584;0;0;0;0;0;0;
36864;4419328;537763840;34299904;491102208;0;0;0;0;0;0;0;0;0;0;0;2535;0;0;0;0;0;0;
36865;3434651;537763840;34299904;491102208;0;0;0;0;0;0;0;0;0;0;0;3066;0;0;0;0;0;0;
36866;4424859;537763840;34299904;491102208;0;0;0;0;0;0;0;0;0;0;0;2815;0;0;0;0;0;0;
36867;2665568;537763840;34299904;491102208;0;0;0;0;0;0;0;0;0;0;0;2595;0;0;0;0;0;0;
36868;4458863;537763840;34299904;491102208;0;0;0;0;0;0;0;0;0;0;0;2585;0;0;0;0;0;0;
36869;2794892;537763840;34299904;491102208;0;0;0;0;0;0;0;0;0;0;0;3086;0;0;0;0;0;0;
36870;4388470;537763840;34299904;491102208;0;0;0;0;0;0;0;0;0;0;0;2605;0;0;0;0;0;0;
36871;2648908;537763840;34299904;491102208;0;0;0;0;0;0;0;0;0;0;0;2826;0;0;0;0;0;0;
36872;4400412;537763840;34299904;491102208;0;0;0;0;0;0;0;0;0;0;0;2484;0;0;0;0;0;0;
36873;2760667;537763840;34299904;491102208;0;0;0;0;0;0;0;0;0;0;0;2615;0;0;0;0;0;0;
36874;4469052;537763840;34299904;491102208;0;0;0;0;0;0;0;0;0;0;0;2645;0;0;0;0;0;0;
36875;2877897;537763840;34299904;491102208;0;0;0;0;0;0;0;0;0;0;0;2956;0;0;0;0;0;0;
36876;4464913;537763840;34299904;491102208;0;0;0;0;0;0;0;0;0;0;0;2655;0;0;0;0;0;0;
36877;2660871;537763840;34299904;491102208;0;0;0;0;0;0;0;0;0;0;0;3326;0;0;0;0;0;0;
36878;4428234;537763840;34299904;491102208;0;0;0;0;0;0;0;0;0;0;0;2695;0;0;0;0;0;0;
36879;2714961;537763840;34299904;491102208;0;0;0;0;0;0;0;0;0;0;0;2635;0;0;0;0;0;0;
36880;4482627;537763840;34299904;491102208;0;0;0;0;0;0;0;0;0;0;0;2254;0;0;0;0;0;0;
36881;2833104;537763840;34299904;491102208;0;0;0;0;0;0;0;0;0;0;0;2876;0;0;0;0;0;0;
36882;4434817;537763840;34299904;491102208;0;0;0;0;0;0;0;0;0;0;0;2325;0;0;0;0;0;0;
36883;2607701;537763840;34299904;491102208;0;0;0;0;0;0;0;0;0;0;0;2414;0;0;0;0;0;0;
36884;4440989;537763840;34299904;491102208;0;0;0;0;0;0;0;0;0;0;0;2254;0;0;0;0;0;0;
36885;2582994;537763840;34299904;491102208;0;0;0;0;0;0;0;0;0;0;0;2114;0;0;0;0;0;0;
36886;4474061;537763840;34299904;491102208;0;0;0;0;0;0;0;0;0;0;0;2725;0;0;0;0;0;0;
36887;2571874;537763840;34299904;491102208;0;0;0;0;0;0;0;0;0;0;0;2494;0;0;0;0;0;0;
36888;4448322;537763840;34299904;491102208;0;0;0;0;0;0;0;0;0;0;0;2796;0;0;0;0;0;0;
36889;2567515;537763840;34299904;491102208;0;0;0;0;0;0;0;0;0;0;0;2706;0;0;0;0;0;0;
36890;4430208;537763840;34299904;491102208;0;0;0;0;0;0;0;0;0;0;0;2745;0;0;0;0;0;0;
36891;2762691;537763840;34299904;491102208;0;0;0;0;0;0;0;0;0;0;0;2405;0;0;0;0;0;0;
36892;4510408;537763840;34299904;491102208;0;0;0;0;0;0;0;0;0;0;0;2355;0;0;0;0;0;0;
36893;3113379;537763840;34299904;491102208;0;0;0;0;0;0;0;0;0;0;0;2966;0;0;0;0;0;0;
36894;4852170;537763840;34299904;491102208;0;0;0;0;0;0;0;0;0;0;0;2965;0;0;0;0;0;0;
36895;2961134;537763840;34299904;491102208;0;0;0;0;0;0;0;0;0;0;0;3035;0;0;0;0;0;0;
36896;4459614;537763840;34299904;491102208;0;0;0;0;0;0;0;0;0;0;0;3086;0;0;0;0;0;0;
36897;2829586;537763840;34299904;491102208;0;0;0;0;0;0;0;0;0;0;0;3136;0;0;0;0;0;0;
36898;4563859;537763840;34299904;491102208;0;0;0;0;0;0;0;0;0;0;0;3016;0;0;0;0;0;0;
36899;2912752;537763840;34299904;491102208;0;0;0;0;0;0;0;0;0;0;0;2925;0;0;0;0;0;0;
36900;4541487;537763840;34299904;491102208;0;0;0;0;0;0;0;0;0;0;0;2805;0;0;0;0;0;0;
36901;2734959;537763840;34299904;491102208;0;0;0;0;0;0;0;0;0;0;0;2996;0;0;0;0;0;0;
36902;4493688;537763840;34299904;491102208;0;0;0;0;0;0;0;0;0;0;0;3156;0;0;0;0;0;0;
36903;2909777;537763840;34299904;491102208;0;0;0;0;0;0;0;0;0;0;0;2995;0;0;0;0;0;0;
36904;4516410;537763840;34299904;491102208;0;0;0;0;0;0;0;0;0;0;0;2605;0;0;0;0;0;0;
36905;2480863;537763840;34299904;491102208;0;0;0;0;0;0;0;0;0;0;0;2394;0;0;0;0;0;0;
36906;4331283;537763840;34299904;491102208;0;0;0;0;0;0;0;0;0;0;0;2455;0;0;0;0;0;0;
36907;2287831;537763840;34299904;491102208;0;0;0;0;0;0;0;0;0;0;0;2635;0;0;0;0;0;0;
36908;4376708;537763840;34299904;491102208;0;0;0;0;0;0;0;0;0;0;0;2184;0;0;0;0;0;0;
36909;2281669;537763840;34299904;491102208;0;0;0;0;0;0;0;0;0;0;0;2364;0;0;0;0;0;0;
36910;4348956;537763840;34299904;491102208;0;0;0;0;0;0;0;0;0;0;0;2034;0;0;0;0;0;0;
36911;2290756;537763840;34299904;491102208;0;0;0;0;0;0;0;0;0;0;0;2304;0;0;0;0;0;0;
36912;4353614;537763840;34299904;491102208;0;0;0;0;0;0;0;0;0;0;0;2294;0;0;0;0;0;0;
36913;2317897;537763840;34299904;491102208;0;0;0;0;0;0;0;0;0;0;0;2515;0;0;0;0;0;0;
36914;4318398;537763840;34299904;491102208;0;0;0;0;0;0;0;0;0;0;0;2245;0;0;0;0;0;0;
36915;2450616;537763840;34299904;491102208;0;0;0;0;0;0;0;0;0;0;0;2725;0;0;0;0;0;0;
36916;4404440;537763840;34299904;491102208;0;0;0;0;0;0;0;0;0;0;0;2194;0;0;0;0;0;0;
36917;2561354;537763840;34299904;491102208;0;0;0;0;0;0;0;0;0;0;0;2886;0;0;0;0;0;0;
36918;4338727;537763840;34299904;491102208;0;0;0;0;0;0;0;0;0;0;0;2395;0;0;0;0;0;0;
36919;2371567;537763840;34299904;491102208;0;0;0;0;0;0;0;0;0;0;0;2575;0;0;0;0;0;0;
36920;4388219;537763840;34299904;491102208;0;0;0;0;0;0;0;0;0;0;0;2555;0;0;0;0;0;0;
36921;2509937;537763840;34299904;491102208;0;0;0;0;0;0;0;0;0;0;0;2445;0;0;0;0;0;0;
36922;4531068;537763840;34299904;491102208;0;0;0;0;0;0;0;0;0;0;0;2474;0;0;0;0;0;0;
36923;3477862;537763840;34299904;491102208;0;0;0;0;0;0;0;0;0;0;0;3606;0;0;0;0;0;0;
36924;4812345;537763840;34299904;491102208;0;0;0;0;0;0;0;0;0;0;0;3897;0;0;0;0;0;0;
36925;2582603;537763840;34299904;491102208;0;0;0;0;0;0;0;0;0;0;0;2785;0;0;0;0;0;0;
36926;4386126;537763840;34299904;491102208;0;0;0;0;0;0;0;0;0;0;0;2484;0;0;0;0;0;0;
36927;2594836;537763840;34299904;491102208;0;0;0;0;0;0;0;0;0;0;0;2375;0;0;0;0;0;0;
36928;4463641;537763840;34299904;491102208;0;0;0;0;0;0;0;0;0;0;0;2294;0;0;0;0;0;0;
36929;2745829;537763840;34299904;491102208;0;0;0;0;0;0;0;0;0;0;0;2695;0;0;0;0;0;0;
36930;4389391;537763840;34299904;491102208;0;0;0;0;0;0;0;0;0;0;0;2715;0;0;0;0;0;0;
36931;2527671;537763840;34299904;491102208;0;0;0;0;0;0;0;0;0;0;0;2655;0;0;0;0;0;0;
36932;4427082;537763840;34299904;491102208;0;0;0;0;0;0;0;0;0;0;0;2595;0;0;0;0;0;0;
36933;2582753;537763840;34299904;491102208;0;0;0;0;0;0;0;0;0;0;0;2375;0;0;0;0;0;0;
36934;4463029;537763840;34299904;491102208;0;0;0;0;0;0;0;0;0;0;0;2305;0;0;0;0;0;0;
36935;2492705;537763840;34299904;491102208;0;0;0;0;0;0;0;0;0;0;0;2505;0;0;0;0;0;0;
36936;4423456;537763840;34299904;491102208;0;0;0;0;0;0;0;0;0;0;0;2635;0;0;0;0;0;0;
36937;2510368;537763840;34299904;491102208;0;0;0;0;0;0;0;0;0;0;0;2735;0;0;0;0;0;0;
36938;4469322;537763840;34299904;491102208;0;0;0;0;0;0;0;0;0;0;0;3016;0;0;0;0;0;0;
36939;2848442;537763840;34299904;491102208;0;0;0;0;0;0;0;0;0;0;0;2905;0;0;0;0;0;0;
36940;4487265;537763840;34299904;491102208;0;0;0;0;0;0;0;0;0;0;0;2154;0;0;0;0;0;0;
36941;2823445;537763840;34299904;491102208;0;0;0;0;0;0;0;0;0;0;0;2535;0;0;0;0;0;0;
36942;4489590;537763840;34299904;491102208;0;0;0;0;0;0;0;0;0;0;0;2665;0;0;0;0;0;0;
36943;2676940;537763840;34299904;491102208;0;0;0;0;0;0;0;0;0;0;0;2795;0;0;0;0;0;0;
36944;4407105;537763840;34299904;491102208;0;0;0;0;0;0;0;0;0;0;0;2835;0;0;0;0;0;0;
36945;2768332;537763840;34299904;491102208;0;0;0;0;0;0;0;0;0;0;0;2755;0;0;0;0;0;0;
36946;4499438;537763840;34299904;491102208;0;0;0;0;0;0;0;0;0;0;0;2845;0;0;0;0;0;0;
36947;2846247;537763840;34299904;491102208;0;0;0;0;0;0;0;0;0;0;0;2765;0;0;0;0;0;0;
36948;4451709;537763840;34299904;491102208;0;0;0;0;0;0;0;0;0;0;0;2555;0;0;0;0;0;0;
36949;2777910;537763840;34299904;491102208;0;0;0;0;0;0;0;0;0;0;0;2896;0;0;0;0;0;0;
36950;4432292;537763840;34299904;491102208;0;0;0;0;0;0;0;0;0;0;0;2575;0;0;0;0;0;0;
36951;2821852;537763840;34299904;491102208;0;0;0;0;0;0;0;0;0;0;0;3196;0;0;0;0;0;0;
36952;4538412;537763840;34299904;491102208;0;0;0;0;0;0;0;0;0;0;0;2956;0;0;0;0;0;0;
36953;4051087;537763840;34299904;491102208;0;0;0;0;0;0;0;0;0;0;0;3998;0;0;0;0;0;0;
36954;4602822;537763840;34299904;491102208;0;0;0;0;0;0;0;0;0;0;0;3116;0;0;0;0;0;0;
36955;2912903;537763840;34299904;491102208;0;0;0;0;0;0;0;0;0;0;0;2815;0;0;0;0;0;0;
36956;4555894;537763840;34299904;491102208;0;0;0;0;0;0;0;0;0;0;0;2474;0;0;0;0;0;0;
36957;2805171;537763840;34299904;491102208;0;0;0;0;0;0;0;0;0;0;0;2976;0;0;0;0;0;0;
36958;4538230;537763840;34299904;491102208;0;0;0;0;0;0;0;0;0;0;0;2455;0;0;0;0;0;0;
36959;2835388;537763840;34299904;491102208;0;0;0;0;0;0;0;0;0;0;0;2675;0;0;0;0;0;0;
36960;4501432;537763840;34299904;491102208;0;0;0;0;0;0;0;0;0;0;0;2655;0;0;0;0;0;0;
36961;11835816;537763840;34299904;491102208;0;0;0;0;0;0;0;0;0;0;0;2274;0;0;0;0;0;0;
36962;4387388;537763840;34299904;491102208;0;0;0;0;0;0;0;0;0;0;0;2395;0;0;0;0;0;0;
36963;2581982;537763840;34299904;491102208;0;0;0;0;0;0;0;0;0;0;0;2655;0;0;0;0;0;0;
36964;4438113;537763840;34299904;491102208;0;0;0;0;0;0;0;0;0;0;0;2194;0;0;0;0;0;0;
36965;2648356;537763840;34299904;491102208;0;0;0;0;0;0;0;0;0;0;0;2444;0;0;0;0;0;0;
36966;4365136;537763840;34299904;491102208;0;0;0;0;0;0;0;0;0;0;0;2154;0;0;0;0;0;0;
36967;2475322;537763840;34299904;491102208;0;0;0;0;0;0;0;0;0;0;0;2485;0;0;0;0;0;0;
36968;4395573;537763840;34299904;491102208;0;0;0;0;0;0;0;0;0;0;0;2314;0;0;0;0;0;0;
36969;2600206;537763840;34299904;491102208;0;0;0;0;0;0;0;0;0;0;0;2836;0;0;0;0;0;0;
36970;4379163;537763840;34299904;491102208;0;0;0;0;0;0;0;0;0;0;0;2345;0;0;0;0;0;0;
36971;2803417;537763840;34299904;491102208;0;0;0;0;0;0;0;0;0;0;0;2625;0;0;0;0;0;0;
36972;4355539;537763840;34299904;491102208;0;0;0;0;0;0;0;0;0;0;0;2254;0;0;0;0;0;0;
36973;2462277;537763840;34299904;491102208;0;0;0;0;0;0;0;0;0;0;0;2324;0;0;0;0;0;0;
36974;4393900;537763840;34299904;491102208;0;0;0;0;0;0;0;0;0;0;0;2244;0;0;0;0;0;0;
36975;2693452;537763840;34299904;491102208;0;0;0;0;0;0;0;0;0;0;0;2655;0;0;0;0;0;0;
36976;4424888;537763840;34299904;491102208;0;0;0;0;0;0;0;0;0;0;0;2515;0;0;0;0;0;0;
36977;2701897;537763840;34299904;491102208;0;0;0;0;0;0;0;0;0;0;0;2314;0;0;0;0;0;0;
36978;4364495;537763840;34299904;491102208;0;0;0;0;0;0;0;0;0;0;0;2705;0;0;0;0;0;0;
36979;3222474;537763840;34299904;491102208;0;0;0;0;0;0;0;0;0;0;0;4208;0;0;0;0;0;0;
36980;4392467;537763840;34299904;491102208;0;0;0;0;0;0;0;0;0;0;0;2344;0;0;0;0;0;0;
36981;2526558;537763840;34299904;491102208;0;0;0;0;0;0;0;0;0;0;0;2745;0;0;0;0;0;0;
36982;4337935;537763840;34299904;491102208;0;0;0;0;0;0;0;0;0;0;0;2514;0;0;0;0;0;0;
36983;2446689;537763840;34299904;491102208;0;0;0;0;0;0;0;0;0;0;0;2625;0;0;0;0;0;0;
36984;4329679;537763840;34299904;491102208;0;0;0;0;0;0;0;0;0;0;0;2355;0;0;0;0;0;0;
36985;2407535;537763840;34299904;491102208;0;0;0;0;0;0;0;0;0;0;0;2194;0;0;0;0;0;0;
36986;4376859;537763840;34299904;491102208;0;0;0;0;0;0;0;0;0;0;0;2255;0;0;0;0;0;0;
36987;2533922;537763840;34299904;491102208;0;0;0;0;0;0;0;0;0;0;0;2104;0;0;0;0;0;0;
36988;4411092;537763840;34299904;491102208;0;0;0;0;0;0;0;0;0;0;0;1933;0;0;0;0;0;0;
36989;2662493;537763840;34299904;491102208;0;0;0;0;0;0;0;0;0;0;0;2435;0;0;0;0;0;0;
36990;4367560;537763840;34299904;491102208;0;0;0;0;0;0;0;0;0;0;0;2554;0;0;0;0;0;0;
36991;2390924;537763840;34299904;491102208;0;0;0;0;0;0;0;0;0;0;0;2464;0;0;0;0;0;0;
36992;4400092;537763840;34299904;491102208;0;0;0;0;0;0;0;0;0;0;0;2204;0;0;0;0;0;0;
36993;2522701;537763840;34299904;491102208;0;0;0;0;0;0;0;0;0;0;0;2535;0;0;0;0;0;0;
36994;4441069;537763840;34299904;491102208;0;0;0;0;0;0;0;0;0;0;0;2394;0;0;0;0;0;0;
36995;2616998;537763840;34299904;491102208;0;0;0;0;0;0;0;0;0;0;0;2445;0;0;0;0;0;0;
36996;4428254;537763840;34299904;491102208;0;0;0;0;0;0;0;0;0;0;0;2364;0;0;0;0;0;0;
36997;2462177;537763840;34299904;491102208;0;0;0;0;0;0;0;0;0;0;0;2464;0;0;0;0;0;0;
36998;4406864;537763840;34299904;491102208;0;0;0;0;0;0;0;0;0;0;0;2084;0;0;0;0;0;0;
36999;2504898;537763840;34299904;491102208;0;0;0;0;0;0;0;0;0;0;0;2254;0;0;0;0;0;0;
37000;4443253;537763840;34299904;491102208;0;0;0;0;0;0;0;0;0;0;0;2224;0;0;0;0;0;0;
37001;2713418;537763840;34299904;491102208;0;0;0;0;0;0;0;0;0;0;0;2324;0;0;0;0;0;0;
37002;4373602;537763840;34299904;491102208;0;0;0;0;0;0;0;0;0;0;0;2765;0;0;0;0;0;0;
37003;2406392;537763840;34299904;491102208;0;0;0;0;0;0;0;0;0;0;0;2585;0;0;0;0;0;0;
37004;4413157;537763840;34299904;491102208;0;0;0;0;0;0;0;0;0;0;0;2434;0;0;0;0;0;0;
37005;2515057;537763840;34299904;491102208;0;0;0;0;0;0;0;0;0;0;0;2886;0;0;0;0;0;0;
37006;4434196;537763840;34299904;491102208;0;0;0;0;0;0;0;0;0;0;0;2514;0;0;0;0;0;0;
37007;2534192;537763840;34299904;491102208;0;0;0;0;0;0;0;0;0;0;0;2415;0;0;0;0;0;0;
37008;4463160;537763840;34299904;491102208;0;0;0;0;0;0;0;0;0;0;0;2936;0;0;0;0;0;0;
37009;3263621;537763840;34299904;491102208;0;0;0;0;0;0;0;0;0;0;0;3767;0;0;0;0;0;0;
37010;4730181;537763840;34299904;491102208;0;0;0;0;0;0;0;0;0;0;0;2174;0;0;0;0;0;0;
37011;2583635;537763840;34299904;491102208;0;0;0;0;0;0;0;0;0;0;0;2445;0;0;0;0;0;0;
37012;4497725;537763840;34299904;491102208;0;0;0;0;0;0;0;0;0;0;0;2304;0;0;0;0;0;0;
37013;2678383;537763840;34299904;491102208;0;0;0;0;0;0;0;0;0;0;0;2625;0;0;0;0;0;0;
37014;4384182;537763840;34299904;491102208;0;0;0;0;0;0;0;0;0;0;0;2104;0;0;0;0;0;0;
37015;2487545;537763840;34299904;491102208;0;0;0;0;0;0;0;0;0;0;0;2404;0;0;0;0;0;0;
37016;4361189;537763840;34299904;491102208;0;0;0;0;0;0;0;0;0;0;0;2124;0;0;0;0;0;0;
37017;2577825;537763840;34299904;491102208;0;0;0;0;0;0;0;0;0;0;0;2555;0;0;0;0;0;0;
37018;4450937;537763840;34299904;491102208;0;0;0;0;0;0;0;0;0;0;0;2375;0;0;0;0;0;0;
37019;2824767;537763840;34299904;491102208;0;0;0;0;0;0;0;0;0;0;0;2364;0;0;0;0;0;0;
37020;4336773;537763840;34299904;491102208;0;0;0;0;0;0;0;0;0;0;0;2224;0;0;0;0;0;0;
37021;2602110;537763840;34299904;491102208;0;0;0;0;0;0;0;0;0;0;0;2705;0;0;0;0;0;0;
37022;4429818;537763840;34299904;491102208;0;0;0;0;0;0;0;0;0;0;0;2595;0;0;0;0;0;0;
37023;2629511;537763840;34299904;491102208;0;0;0;0;0;0;0;0;0;0;0;2294;0;0;0;0;0;0;
37024;4490151;537763840;34299904;491102208;0;0;0;0;0;0;0;0;0;0;0;2195;0;0;0;0;0;0;
37025;2767060;537763840;34299904;491102208;0;0;0;0;0;0;0;0;0;0;0;2695;0;0;0;0;0;0;
37026;4362260;537763840;34299904;491102208;0;0;0;0;0;0;0;0;0;0;0;2235;0;0;0;0;0;0;
37027;2468510;537763840;34299904;491102208;0;0;0;0;0;0;0;0;0;0;0;2444;0;0;0;0;0;0;
37028;4382248;537763840;34299904;491102208;0;0;0;0;0;0;0;0;0;0;0;2956;0;0;0;0;0;0;
37029;2680156;537763840;34299904;491102208;0;0;0;0;0;0;0;0;0;0;0;3206;0;0;0;0;0;0;
37030;4475243;537763840;34299904;491102208;0;0;0;0;0;0;0;0;0;0;0;2364;0;0;0;0;0;0;
37031;2732935;537763840;34299904;491102208;0;0;0;0;0;0;0;0;0;0;0;2254;0;0;0;0;0;0;
37032;4339799;537763840;34299904;491102208;0;0;0;0;0;0;0;0;0;0;0;2475;0;0;0;0;0;0;
37033;2518464;537763840;34299904;491102208;0;0;0;0;0;0;0;0;0;0;0;2365;0;0;0;0;0;0;
37034;4356561;537763840;34299904;491102208;0;0;0;0;0;0;0;0;0;0;0;3176;0;0;0;0;0;0;
37035;2722516;537763840;34299904;491102208;0;0;0;0;0;0;0;0;0;0;0;2083;0;0;0;0;0;0;
37036;4419919;537763840;34299904;491102208;0;0;0;0;0;0;0;0;0;0;0;1913;0;0;0;0;0;0;
37037;2713559;537763840;34299904;491102208;0;0;0;0;0;0;0;0;0;0;0;3006;0;0;0;0;0;0;
37038;4347794;537763840;34299904;491102208;0;0;0;0;0;0;0;0;0;0;0;2114;0;0;0;0;0;0;
37039;2873479;537763840;34299904;491102208;0;0;0;0;0;0;0;0;0;0;0;2354;0;0;0;0;0;0;
37040;4455255;537763840;34299904;491102208;0;0;0;0;0;0;0;0;0;0;0;2214;0;0;0;0;0;0;
37041;2621937;537763840;34299904;491102208;0;0;0;0;0;0;0;0;0;0;0;2224;0;0;0;0;0;0;
37042;4495961;537763840;34299904;491102208;0;0;0;0;0;0;0;0;0;0;0;2384;0;0;0;0;0;0;
37043;2652735;537763840;34299904;491102208;0;0;0;0;0;0;0;0;0;0;0;2124;0;0;0;0;0;0;
37044;4350218;537763840;34299904;491102208;0;0;0;0;0;0;0;0;0;0;0;2354;0;0;0;0;0;0;
37045;2499537;537763840;34299904;491102208;0;0;0;0;0;0;0;0;0;0;0;2254;0;0;0;0;0;0;
37046;4367291;537763840;34299904;491102208;0;0;0;0;0;0;0;0;0;0;0;2284;0;0;0;0;0;0;
37047;2621206;537763840;34299904;491102208;0;0;0;0;0;0;0;0;0;0;0;2174;0;0;0;0;0;0;
37048;4448202;537763840;34299904;491102208;0;0;0;0;0;0;0;0;0;0;0;2024;0;0;0;0;0;0;
37049;2623320;537763840;34299904;491102208;0;0;0;0;0;0;0;0;0;0;0;2635;0;0;0;0;0;0;
37050;4358644;537763840;34299904;491102208;0;0;0;0;0;0;0;0;0;0;0;2144;0;0;0;0;0;0;
37051;2434255;537763840;34299904;491102208;0;0;0;0;0;0;0;0;0;0;0;2184;0;0;0;0;0;0;
37052;4422054;537763840;34299904;491102208;0;0;0;0;0;0;0;0;0;0;0;2304;0;0;0;0;0;0;
37053;2667743;537763840;34299904;491102208;0;0;0;0;0;0;0;0;0;0;0;2464;0;0;0;0;0;0;
37054;4474171;537763840;34299904;491102208;0;0;0;0;0;0;0;0;0;0;0;2204;0;0;0;0;0;0;
37055;2683422;537763840;34299904;491102208;0;0;0;0;0;0;0;0;0;0;0;2415;0;0;0;0;0;0;
37056;4381447;537763840;34299904;491102208;0;0;0;0;0;0;0;0;0;0;0;2405;0;0;0;0;0;0;
37057;2535826;537763840;34299904;491102208;0;0;0;0;0;0;0;0;0;0;0;2164;0;0;0;0;0;0;
37058;4400863;537763840;34299904;491102208;0;0;0;0;0;0;0;0;0;0;0;2174;0;0;0;0;0;0;
37059;2667382;537763840;34299904;491102208;0;0;0;0;0;0;0;0;0;0;0;2415;0;0;0;0;0;0;
37060;4434506;537763840;34299904;491102208;0;0;0;0;0;0;0;0;0;0;0;2114;0;0;0;0;0;0;
37061;2645261;537763840;34299904;491102208;0;0;0;0;0;0;0;0;0;0;0;2514;0;0;0;0;0;0;
37062;4352793;537763840;34299904;491102208;0;0;0;0;0;0;0;0;0;0;0;2265;0;0;0;0;0;0;
37063;2410611;537763840;34299904;491102208;0;0;0;0;0;0;0;0;0;0;0;2585;0;0;0;0;0;0;
37064;4384803;537763840;34299904;491102208;0;0;0;0;0;0;0;0;0;0;0;2185;0;0;0;0;0;0;
37065;2530225;537763840;34299904;491102208;0;0;0;0;0;0;0;0;0;0;0;2465;0;0;0;0;0;0;
37066;4470474;537763840;34299904;491102208;0;0;0;0;0;0;0;0;0;0;0;2084;0;0;0;0;0;0;
37067;3005186;537763840;34299904;491102208;0;0;0;0;0;0;0;0;0;0;0;2335;0;0;0;0;0;0;
37068;4402546;537763840;34299904;491102208;0;0;0;0;0;0;0;0;0;0;0;2255;0;0;0;0;0;0;
37069;2417443;537763840;34299904;491102208;0;0;0;0;0;0;0;0;0;0;0;2254;0;0;0;0;0;0;
37070;4366929;537763840;34299904;491102208;0;0;0;0;0;0;0;0;0;0;0;2124;0;0;0;0;0;0;
37071;2584947;537763840;34299904;491102208;0;0;0;0;0;0;0;0;0;0;0;2354;0;0;0;0;0;0;
37072;4414930;537763840;34299904;491102208;0;0;0;0;0;0;0;0;0;0;0;2124;0;0;0;0;0;0;
37073;2672602;537763840;34299904;491102208;0;0;0;0;0;0;0;0;0;0;0;2825;0;0;0;0;0;0;
37074;4382609;537763840;34299904;491102208;0;0;0;0;0;0;0;0;0;0;0;2134;0;0;0;0;0;0;
37075;2407184;537763840;34299904;491102208;0;0;0;0;0;0;0;0;0;0;0;2544;0;0;0;0;0;0;
37076;4375566;537763840;34299904;491102208;0;0;0;0;0;0;0;0;0;0;0;2254;0;0;0;0;0;0;
37077;2577123;537763840;34299904;491102208;0;0;0;0;0;0;0;0;0;0;0;2624;0;0;0;0;0;0;
37078;4442953;537763840;34299904;491102208;0;0;0;0;0;0;0;0;0;0;0;2094;0;0;0;0;0;0;
37079;2733607;537763840;34299904;491102208;0;0;0;0;0;0;0;0;0;0;0;2865;0;0;0;0;0;0;
37080;4346902;537763840;34299904;491102208;0;0;0;0;0;0;0;0;0;0;0;2124;0;0;0;0;0;0;
37081;2484159;537763840;34299904;491102208;0;0;0;0;0;0;0;0;0;0;0;2354;0;0;0;0;0;0;
37082;4353224;537763840;34299904;491102208;0;0;0;0;0;0;0;0;0;0;0;2244;0;0;0;0;0;0;
37083;2593073;537763840;34299904;491102208;0;0;0;0;0;0;0;0;0;0;0;1994;0;0;0;0;0;0;
37084;4385976;537763840;34299904;491102208;0;0;0;0;0;0;0;0;0;0;0;2134;0;0;0;0;0;0;
37085;2632117;537763840;34299904;491102208;0;0;0;0;0;0;0;0;0;0;0;2825;0;0;0;0;0;0;
37086;4336282;537763840;34299904;491102208;0;0;0;0;0;0;0;0;0;0;0;2215;0;0;0;0;0;0;
37087;2473198;537763840;34299904;491102208;0;0;0;0;0;0;0;0;0;0;0;2435;0;0;0;0;0;0;
37088;4340380;537763840;34299904;491102208;0;0;0;0;0;0;0;0;0;0;0;2254;0;0;0;0;0;0;
37089;2488647;537763840;34299904;491102208;0;0;0;0;0;0;0;0;0;0;0;2655;0;0;0;0;0;0;
37090;4430589;537763840;34299904;491102208;0;0;0;0;0;0;0;0;0;0;0;2114;0;0;0;0;0;0;
37091;2708550;537763840;34299904;491102208;0;0;0;0;0;0;0;0;0;0;0;2595;0;0;0;0;0;0;
37092;4401013;537763840;34299904;491102208;0;0;0;0;0;0;0;0;0;0;0;2264;0;0;0;0;0;0;
37093;2479080;537763840;34299904;491102208;0;0;0;0;0;0;0;0;0;0;0;2224;0;0;0;0;0;0;
37094;4462349;537763840;34299904;491102208;0;0;0;0;0;0;0;0;0;0;0;2224;0;0;0;0;0;0;
37095;2593724;537763840;34299904;491102208;0;0;0;0;0;0;0;0;0;0;0;2194;0;0;0;0;0;0;
37096;4611428;537763840;34299904;491102208;0;0;0;0;0;0;0;0;0;0;0;2695;0;0;0;0;0;0;
37097;3068404;537763840;34299904;491102208;0;0;0;0;0;0;0;0;0;0;0;2285;0;0;0;0;0;0;
37098;4356921;537763840;34299904;491102208;0;0;0;0;0;0;0;0;0;0;0;2906;0;0;0;0;0;0;
37099;2384702;537763840;34299904;491102208;0;0;0;0;0;0;0;0;0;0;0;2384;0;0;0;0;0;0;
37100;4377529;537763840;34299904;491102208;0;0;0;0;0;0;0;0;0;0;0;2184;0;0;0;0;0;0;
37101;2538441;537763840;34299904;491102208;0;0;0;0;0;0;0;0;0;0;0;2745;0;0;0;0;0;0;
37102;4466777;537763840;34299904;491102208;0;0;0;0;0;0;0;0;0;0;0;2314;0;0;0;0;0;0;
37103;2629471;537763840;34299904;491102208;0;0;0;0;0;0;0;0;0;0;0;2605;0;0;0;0;0;0;
37104;4451158;537763840;34299904;491102208;0;0;0;0;0;0;0;0;0;0;0;2805;0;0;0;0;0;0;
37105;2441919;537763840;34299904;491102208;0;0;0;0;0;0;0;0;0;0;0;2806;0;0;0;0;0;0;
37106;4417404;537763840;34299904;491102208;0;0;0;0;0;0;0;0;0;0;0;2614;0;0;0;0;0;0;
37107;2396875;537763840;34299904;491102208;0;0;0;0;0;0;0;0;0;0;0;2685;0;0;0;0;0;0;
37108;4437192;537763840;34299904;491102208;0;0;0;0;0;0;0;0;0;0;0;2385;0;0;0;0;0;0;
37109;2430688;537763840;34299904;491102208;0;0;0;0;0;0;0;0;0;0;0;2775;0;0;0;0;0;0;
37110;4498416;537763840;34299904;491102208;0;0;0;0;0;0;0;0;0;0;0;2495;0;0;0;0;0;0;
37111;2399841;537763840;34299904;491102208;0;0;0;0;0;0;0;0;0;0;0;2385;0;0;0;0;0;0;
37112;4441450;537763840;34299904;491102208;0;0;0;0;0;0;0;0;0;0;0;2515;0;0;0;0;0;0;
37113;2539793;537763840;34299904;491102208;0;0;0;0;0;0;0;0;0;0;0;2264;0;0;0;0;0;0;
37114;4438394;537763840;34299904;491102208;0;0;0;0;0;0;0;0;0;0;0;2194;0;0;0;0;0;0;
37115;2574658;537763840;34299904;491102208;0;0;0;0;0;0;0;0;0;0;0;2224;0;0;0;0;0;0;
37116;4396986;537763840;34299904;491102208;0;0;0;0;0;0;0;0;0;0;0;2254;0;0;0;0;0;0;
37117;2391555;537763840;34299904;491102208;0;0;0;0;0;0;0;0;0;0;0;2445;0;0;0;0;0;0;
37118;4413076;537763840;34299904;491102208;0;0;0;0;0;0;0;0;0;0;0;2455;0;0;0;0;0;0;
37119;2521859;537763840;34299904;491102208;0;0;0;0;0;0;0;0;0;0;0;2244;0;0;0;0;0;0;
37120;4441169;537763840;34299904;491102208;0;0;0;0;0;0;0;0;0;0;0;2294;0;0;0;0;0;0;
37121;2594646;537763840;34299904;491102208;0;0;0;0;0;0;0;0;0;0;0;2355;0;0;0;0;0;0;
37122;4410662;537763840;34299904;491102208;0;0;0;0;0;0;0;0;0;0;0;2134;0;0;0;0;0;0;
37123;2434716;537763840;34299904;491102208;0;0;0;0;0;0;0;0;0;0;0;2795;0;0;0;0;0;0;
37124;4374985;537763840;34299904;491102208;0;0;0;0;0;0;0;0;0;0;0;2325;0;0;0;0;0;0;
37125;2920107;537763840;34299904;491102208;0;0;0;0;0;0;0;0;0;0;0;2965;0;0;0;0;0;0;
37126;4853432;537763840;34299904;491102208;0;0;0;0;0;0;0;0;0;0;0;2254;0;0;0;0;0;0;
37127;2578215;537763840;34299904;491102208;0;0;0;0;0;0;0;0;0;0;0;2174;0;0;0;0;0;0;
37128;4360187;537763840;34299904;491102208;0;0;0;0;0;0;0;0;0;0;0;2264;0;0;0;0;0;0;
37129;2446788;537763840;34299904;491102208;0;0;0;0;0;0;0;0;0;0;0;2364;0;0;0;0;0;0;
37130;4369655;537763840;34299904;491102208;0;0;0;0;0;0;0;0;0;0;0;2534;0;0;0;0;0;0;
37131;2453431;537763840;34299904;491102208;0;0;0;0;0;0;0;0;0;0;0;3065;0;0;0;0;0;0;
37132;4452390;537763840;34299904;491102208;0;0;0;0;0;0;0;0;0;0;0;2525;0;0;0;0;0;0;
37133;2456086;537763840;34299904;491102208;0;0;0;0;0;0;0;0;0;0;0;2635;0;0;0;0;0;0;
37134;4411673;537763840;34299904;491102208;0;0;0;0;0;0;0;0;0;0;0;2595;0;0;0;0;0;0;
37135;2415409;537763840;34299904;491102208;0;0;0;0;0;0;0;0;0;0;0;2685;0;0;0;0;0;0;
37136;4463050;537763840;34299904;491102208;0;0;0;0;0;0;0;0;0;0;0;2865;0;0;0;0;0;0;
37137;2581792;537763840;34299904;491102208;0;0;0;0;0;0;0;0;0;0;0;2745;0;0;0;0;0;0;
37138;4464744;537763840;34299904;491102208;0;0;0;0;0;0;0;0;0;0;0;2885;0;0;0;0;0;0;
37139;2656963;537763840;34299904;491102208;0;0;0;0;0;0;0;0;0;0;0;2966;0;0;0;0;0;0;
37140;4414549;537763840;34299904;491102208;0;0;0;0;0;0;0;0;0;0;0;2585;0;0;0;0;0;0;
37141;2366929;537763840;34299904;491102208;0;0;0;0;0;0;0;0;0;0;0;2635;0;0;0;0;0;0;
37142;4464623;537763840;34299904;491102208;0;0;0;0;0;0;0;0;0;0;0;2214;0;0;0;0;0;0;
37143;2511440;537763840;34299904;491102208;0;0;0;0;0;0;0;0;0;0;0;2114;0;0;0;0;0;0;
37144;4485753;537763840;34299904;491102208;0;0;0;0;0;0;0;0;0;0;0;2154;0;0;0;0;0;0;
37145;2583074;537763840;34299904;491102208;0;0;0;0;0;0;0;0;0;0;0;2274;0;0;0;0;0;0;
37146;4414850;537763840;34299904;491102208;0;0;0;0;0;0;0;0;0;0;0;2264;0;0;0;0;0;0;
37147;2398488;537763840;34299904;491102208;0;0;0;0;0;0;0;0;0;0;0;2545;0;0;0;0;0;0;
37148;4382619;537763840;34299904;491102208;0;0;0;0;0;0;0;0;0;0;0;2044;0;0;0;0;0;0;
37149;2626626;537763840;34299904;491102208;0;0;0;0;0;0;0;0;0;0;0;2425;0;0;0;0;0;0;
37150;4488247;537763840;34299904;491102208;0;0;0;0;0;0;0;0;0;0;0;2254;0;0;0;0;0;0;
37151;2665840;537763840;34299904;491102208;0;0;0;0;0;0;0;0;0;0;0;2494;0;0;0;0;0;0;
37152;4447330;537763840;34299904;491102208;0;0;0;0;0;0;0;0;0;0;0;2335;0;0;0;0;0;0;
37153;2431119;537763840;34299904;491102208;0;0;0;0;0;0;0;0;0;0;0;2525;0;0;0;0;0;0;
37154;4427864;537763840;34299904;491102208;0;0;0;0;0;0;0;0;0;0;0;2746;0;0;0;0;0;0;
37155;3242231;537763840;34299904;491102208;0;0;0;0;0;0;0;0;0;0;0;3466;0;0;0;0;0;0;
37156;4841680;537763840;34299904;491102208;0;0;0;0;0;0;0;0;0;0;0;2505;0;0;0;0;0;0;
37157;2575710;537763840;34308096;491110400;0;0;0;0;0;0;0;0;0;0;0;2424;0;0;0;0;0;0;
37158;4362060;537763840;34308096;491110400;0;0;0;0;0;0;0;0;0;0;0;2535;0;0;0;0;0;0;
37159;2366558;537763840;34308096;491110400;0;0;0;0;0;0;0;0;0;0;0;2465;0;0;0;0;0;0;
37160;4357402;537763840;34308096;491110400;0;0;0;0;0;0;0;0;0;0;0;2224;0;0;0;0;0;0;
37161;2579918;537763840;34308096;491110400;0;0;0;0;0;0;0;0;0;0;0;2344;0;0;0;0;0;0;
37162;4427383;537763840;34308096;491110400;0;0;0;0;0;0;0;0;0;0;0;2585;0;0;0;0;0;0;
37163;2699753;537837568;34299904;491102208;0;0;0;0;0;0;0;0;0;0;0;2594;0;0;0;0;0;0;
37164;4408497;537837568;34299904;491102208;0;0;0;0;0;0;0;0;0;0;0;2204;0;0;0;0;0;0;
37165;2526779;537837568;34299904;491102208;0;0;0;0;0;0;0;0;0;0;0;2545;0;0;0;0;0;0;
37166;4418125;537837568;34299904;491102208;0;0;0;0;0;0;0;0;0;0;0;2454;0;0;0;0;0;0;
37167;2576782;537837568;34299904;491102208;0;0;0;0;0;0;0;0;0;0;0;2405;0;0;0;0;0;0;
37168;4441479;537837568;34299904;491102208;0;0;0;0;0;0;0;0;0;0;0;2424;0;0;0;0;0;0;
37169;2614514;537837568;34299904;491102208;0;0;0;0;0;0;0;0;0;0;0;2614;0;0;0;0;0;0;
37170;4442992;537837568;34299904;491102208;0;0;0;0;0;0;0;0;0;0;0;2615;0;0;0;0;0;0;
37171;2389532;537837568;34299904;491102208;0;0;0;0;0;0;0;0;0;0;0;2525;0;0;0;0;0;0;
37172;4485252;537837568;34299904;491102208;0;0;0;0;0;0;0;0;0;0;0;2234;0;0;0;0;0;0;
37173;2627408;537837568;34299904;491102208;0;0;0;0;0;0;0;0;0;0;0;2916;0;0;0;0;0;0;
37174;4470905;537837568;34299904;491102208;0;0;0;0;0;0;0;0;0;0;0;2665;0;0;0;0;0;0;
37175;2674406;537837568;34299904;491102208;0;0;0;0;0;0;0;0;0;0;0;2805;0;0;0;0;0;0;
37176;4402286;537837568;34299904;491102208;0;0;0;0;0;0;0;0;0;0;0;2545;0;0;0;0;0;0;
37177;2481503;537837568;34299904;491102208;0;0;0;0;0;0;0;0;0;0;0;2745;0;0;0;0;0;0;
37178;4432914;537837568;34299904;491102208;0;0;0;0;0;0;0;0;0;0;0;2966;0;0;0;0;0;0;
37179;2483979;537837568;34299904;491102208;0;0;0;0;0;0;0;0;0;0;0;2645;0;0;0;0;0;0;
37180;4404941;537837568;34299904;491102208;0;0;0;0;0;0;0;0;0;0;0;2555;0;0;0;0;0;0;
37181;2421621;537837568;34299904;491102208;0;0;0;0;0;0;0;0;0;0;0;2424;0;0;0;0;0;0;
37182;4415160;537837568;34299904;491102208;0;0;0;0;0;0;0;0;0;0;0;2375;0;0;0;0;0;0;
37183;2488998;537837568;34299904;491102208;0;0;0;0;0;0;0;0;0;0;0;2524;0;0;0;0;0;0;
37184;4434166;537837568;34299904;491102208;0;0;0;0;0;0;0;0;0;0;0;2575;0;0;0;0;0;0;
37185;3378435;537837568;34299904;491102208;0;0;0;0;0;0;0;0;0;0;0;2906;0;0;0;0;0;0;
37186;4476245;537837568;34299904;491102208;0;0;0;0;0;0;0;0;0;0;0;2145;0;0;0;0;0;0;
37187;2642025;537837568;34299904;491102208;0;0;0;0;0;0;0;0;0;0;0;2525;0;0;0;0;0;0;
37188;4404320;537837568;34299904;491102208;0;0;0;0;0;0;0;0;0;0;0;2755;0;0;0;0;0;0;
37189;2529574;537837568;34299904;491102208;0;0;0;0;0;0;0;0;0;0;0;2545;0;0;0;0;0;0;
37190;4380404;537837568;34299904;491102208;0;0;0;0;0;0;0;0;0;0;0;2294;0;0;0;0;0;0;
37191;2506410;537837568;34299904;491102208;0;0;0;0;0;0;0;0;0;0;0;2244;0;0;0;0;0;0;
37192;4427553;537837568;34299904;491102208;0;0;0;0;0;0;0;0;0;0;0;2234;0;0;0;0;0;0;
37193;2655661;537837568;34299904;491102208;0;0;0;0;0;0;0;0;0;0;0;2325;0;0;0;0;0;0;
37194;4429177;537837568;34299904;491102208;0;0;0;0;0;0;0;0;0;0;0;3016;0;0;0;0;0;0;
37195;2416883;537837568;34299904;491102208;0;0;0;0;0;0;0;0;0;0;0;2565;0;0;0;0;0;0;
37196;4418887;537837568;34299904;491102208;0;0;0;0;0;0;0;0;0;0;0;2354;0;0;0;0;0;0;
37197;2567626;537837568;34299904;491102208;0;0;0;0;0;0;0;0;0;0;0;2315;0;0;0;0;0;0;
37198;4445397;537837568;34299904;491102208;0;0;0;0;0;0;0;0;0;0;0;2595;0;0;0;0;0;0;
37199;2664276;537837568;34299904;491102208;0;0;0;0;0;0;0;0;0;0;0;2595;0;0;0;0;0;0;
37200;4404600;537837568;34299904;491102208;0;0;0;0;0;0;0;0;0;0;0;2715;0;0;0;0;0;0;
37201;2395643;537837568;34299904;491102208;0;0;0;0;0;0;0;0;0;0;0;3186;0;0;0;0;0;0;
37202;4431421;537837568;34299904;491102208;0;0;0;0;0;0;0;0;0;0;0;2965;0;0;0;0;0;0;
37203;2330140;537837568;34299904;491102208;0;0;0;0;0;0;0;0;0;0;0;2294;0;0;0;0;0;0;
37204;4462249;537837568;34299904;491102208;0;0;0;0;0;0;0;0;0;0;0;2505;0;0;0;0;0;0;
37205;2537589;537837568;34299904;491102208;0;0;0;0;0;0;0;0;0;0;0;3066;0;0;0;0;0;0;
37206;4538531;537837568;34299904;491102208;0;0;0;0;0;0;0;0;0;0;0;2825;0;0;0;0;0;0;
37207;2481123;537837568;34299904;491102208;0;0;0;0;0;0;0;0;0;0;0;3076;0;0;0;0;0;0;
37208;4428956;537837568;34299904;491102208;0;0;0;0;0;0;0;0;0;0;0;2655;0;0;0;0;0;0;
37209;2565641;537837568;34299904;491102208;0;0;0;0;0;0;0;0;0;0;0;2534;0;0;0;0;0;0;
37210;4444866;537837568;34299904;491102208;0;0;0;0;0;0;0;0;0;0;0;2675;0;0;0;0;0;0;
37211;2656842;537837568;34299904;491102208;0;0;0;0;0;0;0;0;0;0;0;2925;0;0;0;0;0;0;
37212;4420259;537837568;34299904;491102208;0;0;0;0;0;0;0;0;0;0;0;2655;0;0;0;0;0;0;
37213;2542057;537837568;34299904;491102208;0;0;0;0;0;0;0;0;0;0;0;2866;0;0;0;0;0;0;
37214;4530387;537837568;34299904;491102208;0;0;0;0;0;0;0;0;0;0;0;3016;0;0;0;0;0;0;
37215;2785103;537837568;34299904;491102208;0;0;0;0;0;0;0;0;0;0;0;2344;0;0;0;0;0;0;
37216;4451889;537837568;34299904;491102208;0;0;0;0;0;0;0;0;0;0;0;2765;0;0;0;0;0;0;
37217;2613281;537837568;34299904;491102208;0;0;0;0;0;0;0;0;0;0;0;2885;0;0;0;0;0;0;
37218;4460285;537837568;34299904;491102208;0;0;0;0;0;0;0;0;0;0;0;2755;0;0;0;0;0;0;
37219;2318918;537837568;34299904;491102208;0;0;0;0;0;0;0;0;0;0;0;2275;0;0;0;0;0;0;
37220;4432172;537837568;34299904;491102208;0;0;0;0;0;0;0;0;0;0;0;2084;0;0;0;0;0;0;
37221;2520547;537837568;34299904;491102208;0;0;0;0;0;0;0;0;0;0;0;2304;0;0;0;0;0;0;
37222;4427453;537837568;34299904;491102208;0;0;0;0;0;0;0;0;0;0;0;3376;0;0;0;0;0;0;
37223;2642376;537837568;34299904;491102208;0;0;0;0;0;0;0;0;0;0;0;2475;0;0;0;0;0;0;
37224;4380746;537837568;34299904;491102208;0;0;0;0;0;0;0;0;0;0;0;2495;0;0;0;0;0;0;
37225;2452329;537837568;34299904;491102208;0;0;0;0;0;0;0;0;0;0;0;2195;0;0;0;0;0;0;
37226;4434636;537837568;34299904;491102208;0;0;0;0;0;0;0;0;0;0;0;2384;0;0;0;0;0;0;
37227;2618100;537837568;34299904;491102208;0;0;0;0;0;0;0;0;0;0;0;2164;0;0;0;0;0;0;
37228;4430449;537837568;34299904;491102208;0;0;0;0;0;0;0;0;0;0;0;1883;0;0;0;0;0;0;
37229;2750017;537837568;34299904;491102208;0;0;0;0;0;0;0;0;0;0;0;2465;0;0;0;0;0;0;
37230;4410461;537837568;34299904;491102208;0;0;0;0;0;0;0;0;0;0;0;2725;0;0;0;0;0;0;
37231;2444504;537837568;34299904;491102208;0;0;0;0;0;0;0;0;0;0;0;2675;0;0;0;0;0;0;
37232;4434316;537837568;34299904;491102208;0;0;0;0;0;0;0;0;0;0;0;2695;0;0;0;0;0;0;
37233;2562766;537837568;34299904;491102208;0;0;0;0;0;0;0;0;0;0;0;2614;0;0;0;0;0;0;
37234;4435398;537837568;34299904;491102208;0;0;0;0;0;0;0;0;0;0;0;2645;0;0;0;0;0;0;
37235;2583054;537837568;34299904;491102208;0;0;0;0;0;0;0;0;0;0;0;2535;0;0;0;0;0;0;
37236;4406664;537837568;34299904;491102208;0;0;0;0;0;0;0;0;0;0;0;2534;0;0;0;0;0;0;
37237;2520516;537837568;34299904;491102208;0;0;0;0;0;0;0;0;0;0;0;2374;0;0;0;0;0;0;
37238;4399992;537837568;34299904;491102208;0;0;0;0;0;0;0;0;0;0;0;2314;0;0;0;0;0;0;
37239;2587582;537837568;34299904;491102208;0;0;0;0;0;0;0;0;0;0;0;2314;0;0;0;0;0;0;
37240;4423516;537837568;34299904;491102208;0;0;0;0;0;0;0;0;0;0;0;2164;0;0;0;0;0;0;
37241;2647285;537837568;34299904;491102208;0;0;0;0;0;0;0;0;0;0;0;2404;0;0;0;0;0;0;
37242;7468326;537837568;34299904;491102208;0;0;0;0;0;0;0;0;0;0;0;2435;0;0;0;0;0;0;
37243;9372978;537837568;34299904;491102208;0;0;0;0;0;0;0;0;0;0;0;3437;0;0;0;0;0;0;
37244;4858561;537837568;34299904;491102208;0;0;0;0;0;0;0;0;0;0;0;3015;0;0;0;0;0;0;
37245;3699908;537837568;34299904;491102208;0;0;0;0;0;0;0;0;0;0;0;3286;0;0;0;0;0;0;
37246;4410352;537837568;34299904;491102208;0;0;0;0;0;0;0;0;0;0;0;2094;0;0;0;0;0;0;
37247;2698701;537837568;34299904;491102208;0;0;0;0;0;0;0;0;0;0;0;2254;0;0;0;0;0;0;
37248;4406263;537837568;34299904;491102208;0;0;0;0;0;0;0;0;0;0;0;2364;0;0;0;0;0;0;
37249;2462508;537837568;34299904;491102208;0;0;0;0;0;0;0;0;0;0;0;3136;0;0;0;0;0;0;
37250;4355959;537837568;34299904;491102208;0;0;0;0;0;0;0;0;0;0;0;2454;0;0;0;0;0;0;
37251;2546766;537837568;34299904;491102208;0;0;0;0;0;0;0;0;0;0;0;2194;0;0;0;0;0;0;
37252;4507693;537837568;34299904;491102208;0;0;0;0;0;0;0;0;0;0;0;2465;0;0;0;0;0;0;
37253;2665469;537837568;34299904;491102208;0;0;0;0;0;0;0;0;0;0;0;2765;0;0;0;0;0;0;
37254;4368713;537837568;34299904;491102208;0;0;0;0;0;0;0;0;0;0;0;2304;0;0;0;0;0;0;
37255;2385824;537837568;34299904;491102208;0;0;0;0;0;0;0;0;0;0;0;2374;0;0;0;0;0;0;
37256;4472678;537837568;34299904;491102208;0;0;0;0;0;0;0;0;0;0;0;2495;0;0;0;0;0;0;
37257;2560612;537837568;34299904;491102208;0;0;0;0;0;0;0;0;0;0;0;2354;0;0;0;0;0;0;
37258;4482346;537837568;34299904;491102208;0;0;0;0;0;0;0;0;0;0;0;2154;0;0;0;0;0;0;
37259;2587091;537837568;34299904;491102208;0;0;0;0;0;0;0;0;0;0;0;2385;0;0;0;0;0;0;
37260;4412566;537837568;34299904;491102208;0;0;0;0;0;0;0;0;0;0;0;2675;0;0;0;0;0;0;
37261;2439405;537837568;34299904;491102208;0;0;0;0;0;0;0;0;0;0;0;2825;0;0;0;0;0;0;
37262;4408358;537837568;34299904;491102208;0;0;0;0;0;0;0;0;0;0;0;2214;0;0;0;0;0;0;
37263;2607269;537837568;34299904;491102208;0;0;0;0;0;0;0;0;0;0;0;2695;0;0;0;0;0;0;
37264;4497825;537837568;34299904;491102208;0;0;0;0;0;0;0;0;0;0;0;2194;0;0;0;0;0;0;
37265;2638177;537837568;34299904;491102208;0;0;0;0;0;0;0;0;0;0;0;2615;0;0;0;0;0;0;
37266;4430359;537837568;34299904;491102208;0;0;0;0;0;0;0;0;0;0;0;2525;0;0;0;0;0;0;
37267;2361528;537837568;34299904;491102208;0;0;0;0;0;0;0;0;0;0;0;2645;0;0;0;0;0;0;
37268;4430719;537837568;34299904;491102208;0;0;0;0;0;0;0;0;0;0;0;2484;0;0;0;0;0;0;
37269;2578205;537837568;34299904;491102208;0;0;0;0;0;0;0;0;0;0;0;2845;0;0;0;0;0;0;
37270;4424016;537837568;34299904;491102208;0;0;0;0;0;0;0;0;0;0;0;2023;0;0;0;0;0;0;
37271;2601749;537837568;34299904;491102208;0;0;0;0;0;0;0;0;0;0;0;2835;0;0;0;0;0;0;
37272;4430328;537837568;34299904;491102208;0;0;0;0;0;0;0;0;0;0;0;2244;0;0;0;0;0;0;
37273;2321404;537837568;34299904;491102208;0;0;0;0;0;0;0;0;0;0;0;2254;0;0;0;0;0;0;
37274;4428235;537837568;34299904;491102208;0;0;0;0;0;0;0;0;0;0;0;2094;0;0;0;0;0;0;
37275;3621662;537837568;34299904;491102208;0;0;0;0;0;0;0;0;0;0;0;2906;0;0;0;0;0;0;
37276;4592353;537837568;34299904;491102208;0;0;0;0;0;0;0;0;0;0;0;1883;0;0;0;0;0;0;
37277;2599204;537837568;34299904;491102208;0;0;0;0;0;0;0;0;0;0;0;2264;0;0;0;0;0;0;
37278;4404490;537837568;34299904;491102208;0;0;0;0;0;0;0;0;0;0;0;2364;0;0;0;0;0;0;
37279;2362080;537837568;34299904;491102208;0;0;0;0;0;0;0;0;0;0;0;2345;0;0;0;0;0;0;
37280;4437051;537837568;34299904;491102208;0;0;0;0;0;0;0;0;0;0;0;2555;0;0;0;0;0;0;
37281;2457388;537837568;34299904;491102208;0;0;0;0;0;0;0;0;0;0;0;2214;0;0;0;0;0;0;
37282;4513545;537837568;34299904;491102208;0;0;0;0;0;0;0;0;0;0;0;1903;0;0;0;0;0;0;
37283;2600096;537837568;34299904;491102208;0;0;0;0;0;0;0;0;0;0;0;2455;0;0;0;0;0;0;
37284;4437212;537837568;34299904;491102208;0;0;0;0;0;0;0;0;0;0;0;2615;0;0;0;0;0;0;
37285;2506621;537837568;34299904;491102208;0;0;0;0;0;0;0;0;0;0;0;2504;0;0;0;0;0;0;
37286;4426311;537837568;34299904;491102208;0;0;0;0;0;0;0;0;0;0;0;2695;0;0;0;0;0;0;
37287;2518744;537837568;34299904;491102208;0;0;0;0;0;0;0;0;0;0;0;2515;0;0;0;0;0;0;
37288;4443092;537837568;34299904;491102208;0;0;0;0;0;0;0;0;0;0;0;2354;0;0;0;0;0;0;
37289;2727676;537837568;34299904;491102208;0;0;0;0;0;0;0;0;0;0;0;2465;0;0;0;0;0;0;
37290;4408698;537837568;34299904;491102208;0;0;0;0;0;0;0;0;0;0;0;2786;0;0;0;0;0;0;
37291;2418726;537837568;34299904;491102208;0;0;0;0;0;0;0;0;0;0;0;2745;0;0;0;0;0;0;
37292;4353975;537837568;34299904;491102208;0;0;0;0;0;0;0;0;0;0;0;2655;0;0;0;0;0;0;
37293;2537889;537837568;34299904;491102208;0;0;0;0;0;0;0;0;0;0;0;2545;0;0;0;0;0;0;
37294;4472858;537837568;34299904;491102208;0;0;0;0;0;0;0;0;0;0;0;2314;0;0;0;0;0;0;
37295;2678893;537837568;34299904;491102208;0;0;0;0;0;0;0;0;0;0;0;2775;0;0;0;0;0;0;
37296;4469361;537837568;34299904;491102208;0;0;0;0;0;0;0;0;0;0;0;2474;0;0;0;0;0;0;
37297;2333316;537837568;34299904;491102208;0;0;0;0;0;0;0;0;0;0;0;2835;0;0;0;0;0;0;
37298;4410331;537837568;34299904;491102208;0;0;0;0;0;0;0;0;0;0;0;2525;0;0;0;0;0;0;
37299;2532569;537837568;34299904;491102208;0;0;0;0;0;0;0;0;0;0;0;2645;0;0;0;0;0;0;
37300;4511030;537837568;34299904;491102208;0;0;0;0;0;0;0;0;0;0;0;2385;0;0;0;0;0;0;
37301;2644029;537837568;34299904;491102208;0;0;0;0;0;0;0;0;0;0;0;2535;0;0;0;0;0;0;
37302;4401815;537837568;34299904;491102208;0;0;0;0;0;0;0;0;0;0;0;2584;0;0;0;0;0;0;
37303;2370957;537837568;34299904;491102208;0;0;0;0;0;0;0;0;0;0;0;2534;0;0;0;0;0;0;
37304;4554181;537837568;34299904;491102208;0;0;0;0;0;0;0;0;0;0;0;2605;0;0;0;0;0;0;
37305;2854493;537837568;34299904;491102208;0;0;0;0;0;0;0;0;0;0;0;2434;0;0;0;0;0;0;
37306;4426882;537837568;34299904;491102208;0;0;0;0;0;0;0;0;0;0;0;2205;0;0;0;0;0;0;
37307;2641023;537837568;34299904;491102208;0;0;0;0;0;0;0;0;0;0;0;2605;0;0;0;0;0;0;
37308;4426321;537837568;34299904;491102208;0;0;0;0;0;0;0;0;0;0;0;2564;0;0;0;0;0;0;
37309;2425809;537837568;34299904;491102208;0;0;0;0;0;0;0;0;0;0;0;2435;0;0;0;0;0;0;
37310;4426462;537837568;34299904;491102208;0;0;0;0;0;0;0;0;0;0;0;2475;0;0;0;0;0;0;
37311;2574268;537837568;34299904;491102208;0;0;0;0;0;0;0;0;0;0;0;3106;0;0;0;0;0;0;
37312;4473921;537837568;34299904;491102208;0;0;0;0;0;0;0;0;0;0;0;2545;0;0;0;0;0;0;
37313;2680948;537837568;34299904;491102208;0;0;0;0;0;0;0;0;0;0;0;2675;0;0;0;0;0;0;
37314;4434126;537837568;34299904;491102208;0;0;0;0;0;0;0;0;0;0;0;2504;0;0;0;0;0;0;
37315;2409529;537837568;34299904;491102208;0;0;0;0;0;0;0;0;0;0;0;2574;0;0;0;0;0;0;
37316;4466847;537837568;34299904;491102208;0;0;0;0;0;0;0;0;0;0;0;2645;0;0;0;0;0;0;
37317;2630443;537837568;34299904;491102208;0;0;0;0;0;0;0;0;0;0;0;2615;0;0;0;0;0;0;
37318;4552287;537837568;34299904;491102208;0;0;0;0;0;0;0;0;0;0;0;2314;0;0;0;0;0;0;
37319;2645792;537837568;34299904;491102208;0;0;0;0;0;0;0;0;0;0;0;2155;0;0;0;0;0;0;
37320;4401876;537837568;34299904;491102208;0;0;0;0;0;0;0;0;0;0;0;2445;0;0;0;0;0;0;
37321;2444024;537837568;34299904;491102208;0;0;0;0;0;0;0;0;0;0;0;2314;0;0;0;0;0;0;
37322;4427403;537837568;34299904;491102208;0;0;0;0;0;0;0;0;0;0;0;2114;0;0;0;0;0;0;
37323;2525756;537837568;34299904;491102208;0;0;0;0;0;0;0;0;0;0;0;2545;0;0;0;0;0;0;
37324;4444235;537837568;34299904;491102208;0;0;0;0;0;0;0;0;0;0;0;2294;0;0;0;0;0;0;
37325;2578666;537837568;34299904;491102208;0;0;0;0;0;0;0;0;0;0;0;2595;0;0;0;0;0;0;
37326;4419578;537837568;34299904;491102208;0;0;0;0;0;0;0;0;0;0;0;2485;0;0;0;0;0;0;
37327;2336341;537837568;34299904;491102208;0;0;0;0;0;0;0;0;0;0;0;2284;0;0;0;0;0;0;
37328;4415120;537837568;34299904;491102208;0;0;0;0;0;0;0;0;0;0;0;2575;0;0;0;0;0;0;
37329;2376377;537837568;34299904;491102208;0;0;0;0;0;0;0;0;0;0;0;2465;0;0;0;0;0;0;
37330;4457109;537837568;34299904;491102208;0;0;0;0;0;0;0;0;0;0;0;2474;0;0;0;0;0;0;
37331;2368201;537837568;34299904;491102208;0;0;0;0;0;0;0;0;0;0;0;2625;0;0;0;0;0;0;
37332;4654529;537837568;34299904;491102208;0;0;0;0;0;0;0;0;0;0;0;2695;0;0;0;0;0;0;
37333;5219860;537837568;34299904;491102208;0;0;0;0;0;0;0;0;0;0;0;3757;0;0;0;0;0;0;
37334;4925537;537837568;34299904;491102208;0;0;0;0;0;0;0;0;0;0;0;3627;0;0;0;0;0;0;
37335;3778325;537837568;34299904;491102208;0;0;0;0;0;0;0;0;0;0;0;4428;0;0;0;0;0;0;
37336;5128908;537837568;34299904;491102208;0;0;0;0;0;0;0;0;0;0;0;3917;0;0;0;0;0;0;
37337;3879034;537837568;34299904;491102208;0;0;0;0;0;0;0;0;0;0;0;4248;0;0;0;0;0;0;
37338;5107067;537837568;34299904;491102208;0;0;0;0;0;0;0;0;0;0;0;3837;0;0;0;0;0;0;
37339;3846664;537837568;34299904;491102208;0;0;0;0;0;0;0;0;0;0;0;3677;0;0;0;0;0;0;
37340;5103561;537837568;34299904;491102208;0;0;0;0;0;0;0;0;0;0;0;3977;0;0;0;0;0;0;
37341;3934369;537837568;34299904;491102208;0;0;0;0;0;0;0;0;0;0;0;4638;0;0;0;0;0;0;
37342;5206434;537837568;34299904;491102208;0;0;0;0;0;0;0;0;0;0;0;3597;0;0;0;0;0;0;
37343;4051368;537837568;34299904;491102208;0;0;0;0;0;0;0;0;0;0;0;4739;0;0;0;0;0;0;
37344;5058888;537837568;34299904;491102208;0;0;0;0;0;0;0;0;0;0;0;3396;0;0;0;0;0;0;
37345;3918770;537837568;34299904;491102208;0;0;0;0;0;0;0;0;0;0;0;3587;0;0;0;0;0;0;
37346;5041735;537837568;34299904;491102208;0;0;0;0;0;0;0;0;0;0;0;3727;0;0;0;0;0;0;
37347;3936222;537837568;34299904;491102208;0;0;0;0;0;0;0;0;0;0;0;3878;0;0;0;0;0;0;
37348;5111547;537837568;34299904;491102208;0;0;0;0;0;0;0;0;0;0;0;3928;0;0;0;0;0;0;
37349;4072928;537837568;34299904;491102208;0;0;0;0;0;0;0;0;0;0;0;3887;0;0;0;0;0;0;
37350;5089464;537837568;34299904;491102208;0;0;0;0;0;0;0;0;0;0;0;3978;0;0;0;0;0;0;
37351;3939088;537837568;34299904;491102208;0;0;0;0;0;0;0;0;0;0;0;3657;0;0;0;0;0;0;
37352;5103862;537837568;34299904;491102208;0;0;0;0;0;0;0;0;0;0;0;3767;0;0;0;0;0;0;
37353;3909122;537837568;34299904;491102208;0;0;0;0;0;0;0;0;0;0;0;3857;0;0;0;0;0;0;
37354;5133988;537837568;34299904;491102208;0;0;0;0;0;0;0;0;0;0;0;3817;0;0;0;0;0;0;
37355;3917507;537837568;34299904;491102208;0;0;0;0;0;0;0;0;0;0;0;3677;0;0;0;0;0;0;
37356;5133858;537837568;34299904;491102208;0;0;0;0;0;0;0;0;0;0;0;3747;0;0;0;0;0;0;
37357;4054013;537837568;34299904;491102208;0;0;0;0;0;0;0;0;0;0;0;3226;0;0;0;0;0;0;
37358;5016698;537837568;34299904;491102208;0;0;0;0;0;0;0;0;0;0;0;3627;0;0;0;0;0;0;
37359;3904012;537837568;34299904;491102208;0;0;0;0;0;0;0;0;0;0;0;3386;0;0;0;0;0;0;
37360;5146802;537837568;34299904;491102208;0;0;0;0;0;0;0;0;0;0;0;3487;0;0;0;0;0;0;
37361;5000027;537837568;34299904;491102208;0;0;0;0;0;0;0;0;0;0;0;4579;0;0;0;0;0;0;
37362;5639215;537837568;34299904;491102208;0;0;0;0;0;0;0;0;0;0;0;5129;0;0;0;0;0;0;
37363;5321790;537837568;34299904;491102208;0;0;0;0;0;0;0;0;0;0;0;4429;0;0;0;0;0;0;
37364;5578962;537837568;34299904;491102208;0;0;0;0;0;0;0;0;0;0;0;5059;0;0;0;0;0;0;
37365;5824213;537837568;34299904;491102208;0;0;0;0;0;0;0;0;0;0;0;4629;0;0;0;0;0;0;
37366;5787263;537837568;34299904;491102208;0;0;0;0;0;0;0;0;0;0;0;4709;0;0;0;0;0;0;
37367;5378426;537837568;34299904;491102208;0;0;0;0;0;0;0;0;0;0;0;4228;0;0;0;0;0;0;
37368;5586397;537837568;34299904;491102208;0;0;0;0;0;0;0;0;0;0;0;5140;0;0;0;0;0;0;
37369;5377565;537837568;34299904;491102208;0;0;0;0;0;0;0;0;0;0;0;5090;0;0;0;0;0;0;
37370;5633044;537837568;34299904;491102208;0;0;0;0;0;0;0;0;0;0;0;4418;0;0;0;0;0;0;
37371;4578456;537837568;34299904;491102208;0;0;0;0;0;0;0;0;0;0;0;3547;0;0;0;0;0;0;
37372;5090848;537837568;34299904;491102208;0;0;0;0;0;0;0;0;0;0;0;3337;0;0;0;0;0;0;
37373;3991535;537837568;34299904;491102208;0;0;0;0;0;0;0;0;0;0;0;4068;0;0;0;0;0;0;
37374;5146071;537837568;34299904;491102208;0;0;0;0;0;0;0;0;0;0;0;3737;0;0;0;0;0;0;
37375;3972289;537837568;34299904;491102208;0;0;0;0;0;0;0;0;0;0;0;3797;0;0;0;0;0;0;
37376;5173743;537837568;34299904;491102208;0;0;0;0;0;0;0;0;0;0;0;3797;0;0;0;0;0;0;
37377;3947172;537837568;34299904;491102208;0;0;0;0;0;0;0;0;0;0;0;3567;0;0;0;0;0;0;
37378;5217445;537837568;34299904;491102208;0;0;0;0;0;0;0;0;0;0;0;3737;0;0;0;0;0;0;
37379;3901778;537837568;34299904;491102208;0;0;0;0;0;0;0;0;0;0;0;3317;0;0;0;0;0;0;
37380;5121595;537837568;34299904;491102208;0;0;0;0;0;0;0;0;0;0;0;3707;0;0;0;0;0;0;
37381;4016763;537837568;34299904;491102208;0;0;0;0;0;0;0;0;0;0;0;4047;0;0;0;0;0;0;
37382;5185064;537837568;34299904;491102208;0;0;0;0;0;0;0;0;0;0;0;4107;0;0;0;0;0;0;
37383;3558163;537837568;34299904;491102208;0;0;0;0;0;0;0;0;0;0;0;3476;0;0;0;0;0;0;
37384;4764446;537837568;34299904;491102208;0;0;0;0;0;0;0;0;0;0;0;3296;0;0;0;0;0;0;
37385;3659022;537837568;34299904;491102208;0;0;0;0;0;0;0;0;0;0;0;3136;0;0;0;0;0;0;
37386;4718459;537837568;34299904;491102208;0;0;0;0;0;0;0;0;0;0;0;3306;0;0;0;0;0;0;
37387;3858917;537837568;34299904;491102208;0;0;0;0;0;0;0;0;0;0;0;2875;0;0;0;0;0;0;
37388;4699563;537837568;34299904;491102208;0;0;0;0;0;0;0;0;0;0;0;2866;0;0;0;0;0;0;
37389;3511896;537837568;34299904;491102208;0;0;0;0;0;0;0;0;0;0;0;3446;0;0;0;0;0;0;
37390;4661843;537837568;34299904;491102208;0;0;0;0;0;0;0;0;0;0;0;2655;0;0;0;0;0;0;
37391;3603858;537837568;34299904;491102208;0;0;0;0;0;0;0;0;0;0;0;2816;0;0;0;0;0;0;
37392;4632117;537837568;34299904;491102208;0;0;0;0;0;0;0;0;0;0;0;2856;0;0;0;0;0;0;
37393;3419082;537837568;34299904;491102208;0;0;0;0;0;0;0;0;0;0;0;3667;0;0;0;0;0;0;
37394;4669447;537837568;34299904;491102208;0;0;0;0;0;0;0;0;0;0;0;3767;0;0;0;0;0;0;
37395;3440752;537837568;34299904;491102208;0;0;0;0;0;0;0;0;0;0;0;3156;0;0;0;0;0;0;
37396;4720513;537837568;34299904;491102208;0;0;0;0;0;0;0;0;0;0;0;3146;0;0;0;0;0;0;
37397;3647771;537837568;34299904;491102208;0;0;0;0;0;0;0;0;0;0;0;3005;0;0;0;0;0;0;
37398;4685046;537837568;34299904;491102208;0;0;0;0;0;0;0;0;0;0;0;2805;0;0;0;0;0;0;
37399;3281494;537837568;34299904;491102208;0;0;0;0;0;0;0;0;0;0;0;2846;0;0;0;0;0;0;
37400;4665600;537837568;34299904;491102208;0;0;0;0;0;0;0;0;0;0;0;2806;0;0;0;0;0;0;
37401;3286103;537837568;34299904;491102208;0;0;0;0;0;0;0;0;0;0;0;3516;0;0;0;0;0;0;
37402;4677803;537837568;34299904;491102208;0;0;0;0;0;0;0;0;0;0;0;2946;0;0;0;0;0;0;
37403;3338391;537837568;34299904;491102208;0;0;0;0;0;0;0;0;0;0;0;3647;0;0;0;0;0;0;
37404;4691268;537837568;34299904;491102208;0;0;0;0;0;0;0;0;0;0;0;3135;0;0;0;0;0;0;
37405;3346225;537837568;34299904;491102208;0;0;0;0;0;0;0;0;0;0;0;4208;0;0;0;0;0;0;
37406;4673595;537837568;34299904;491102208;0;0;0;0;0;0;0;0;0;0;0;3267;0;0;0;0;0;0;
37407;3548905;537837568;34299904;491102208;0;0;0;0;0;0;0;0;0;0;0;2946;0;0;0;0;0;0;
37408;4709292;537837568;34299904;491102208;0;0;0;0;0;0;0;0;0;0;0;2925;0;0;0;0;0;0;
37409;3505925;537837568;34299904;491102208;0;0;0;0;0;0;0;0;0;0;0;3106;0;0;0;0;0;0;
37410;4667854;537837568;34299904;491102208;0;0;0;0;0;0;0;0;0;0;0;2955;0;0;0;0;0;0;
37411;3204740;537837568;34299904;491102208;0;0;0;0;0;0;0;0;0;0;0;2955;0;0;0;0;0;0;
37412;5011398;537837568;34299904;491102208;0;0;0;0;0;0;0;0;0;0;0;3286;0;0;0;0;0;0;
37413;3654974;537837568;34299904;491102208;0;0;0;0;0;0;0;0;0;0;0;2876;0;0;0;0;0;0;
37414;4675529;537837568;34299904;491102208;0;0;0;0;0;0;0;0;0;0;0;2485;0;0;0;0;0;0;
37415;3568141;537837568;34299904;491102208;0;0;0;0;0;0;0;0;0;0;0;2755;0;0;0;0;0;0;
37416;4646334;537837568;34299904;491102208;0;0;0;0;0;0;0;0;0;0;0;3977;0;0;0;0;0;0;
37417;3204549;537837568;34299904;491102208;0;0;0;0;0;0;0;0;0;0;0;3016;0;0;0;0;0;0;
37418;4720333;537837568;34299904;491102208;0;0;0;0;0;0;0;0;0;0;0;3196;0;0;0;0;0;0;
37419;3435473;537837568;34299904;491102208;0;0;0;0;0;0;0;0;0;0;0;3296;0;0;0;0;0;0;
37420;4719220;537837568;34299904;491102208;0;0;0;0;0;0;0;0;0;0;0;2625;0;0;0;0;0;0;
37421;3467473;537837568;34299904;491102208;0;0;0;0;0;0;0;0;0;0;0;2715;0;0;0;0;0;0;
37422;4620886;537837568;34299904;491102208;0;0;0;0;0;0;0;0;0;0;0;2926;0;0;0;0;0;0;
37423;3191155;537837568;34299904;491102208;0;0;0;0;0;0;0;0;0;0;0;2955;0;0;0;0;0;0;
37424;4632037;537837568;34299904;491102208;0;0;0;0;0;0;0;0;0;0;0;2645;0;0;0;0;0;0;
37425;3422859;537837568;34299904;491102208;0;0;0;0;0;0;0;0;0;0;0;3497;0;0;0;0;0;0;
37426;4757893;537837568;34299904;491102208;0;0;0;0;0;0;0;0;0;0;0;3166;0;0;0;0;0;0;
37427;3425664;537837568;34299904;491102208;0;0;0;0;0;0;0;0;0;0;0;3146;0;0;0;0;0;0;
37428;4644620;537837568;34299904;491102208;0;0;0;0;0;0;0;0;0;0;0;2816;0;0;0;0;0;0;
37429;3245637;537837568;34299904;491102208;0;0;0;0;0;0;0;0;0;0;0;3297;0;0;0;0;0;0;
37430;4618661;537837568;34299904;491102208;0;0;0;0;0;0;0;0;0;0;0;3206;0;0;0;0;0;0;
37431;3414574;537837568;34299904;491102208;0;0;0;0;0;0;0;0;0;0;0;2936;0;0;0;0;0;0;
37432;4756871;537837568;34299904;491102208;0;0;0;0;0;0;0;0;0;0;0;3867;0;0;0;0;0;0;
37433;3489825;537837568;34299904;491102208;0;0;0;0;0;0;0;0;0;0;0;2946;0;0;0;0;0;0;
37434;4636515;537837568;34299904;491102208;0;0;0;0;0;0;0;0;0;0;0;2816;0;0;0;0;0;0;
37435;3196465;537837568;34299904;491102208;0;0;0;0;0;0;0;0;0;0;0;3026;0;0;0;0;0;0;
37436;4647376;537837568;34299904;491102208;0;0;0;0;0;0;0;0;0;0;0;2725;0;0;0;0;0;0;
37437;3958593;537837568;34299904;491102208;0;0;0;0;0;0;0;0;0;0;0;4248;0;0;0;0;0;0;
37438;4953720;537837568;34299904;491102208;0;0;0;0;0;0;0;0;0;0;0;2585;0;0;0;0;0;0;
37439;3544928;537837568;34299904;491102208;0;0;0;0;0;0;0;0;0;0;0;3547;0;0;0;0;0;0;
37440;4609034;537837568;34299904;491102208;0;0;0;0;0;0;0;0;0;0;0;2885;0;0;0;0;0;0;
37441;3269762;537837568;34299904;491102208;0;0;0;0;0;0;0;0;0;0;0;3316;0;0;0;0;0;0;
37442;4625264;537837568;34299904;491102208;0;0;0;0;0;0;0;0;0;0;0;2985;0;0;0;0;0;0;
37443;3512537;537837568;34299904;491102208;0;0;0;0;0;0;0;0;0;0;0;3226;0;0;0;0;0;0;
37444;4669217;537837568;34299904;491102208;0;0;0;0;0;0;0;0;0;0;0;2665;0;0;0;0;0;0;
37445;3516044;537837568;34299904;491102208;0;0;0;0;0;0;0;0;0;0;0;3307;0;0;0;0;0;0;
37446;4611558;537837568;34299904;491102208;0;0;0;0;0;0;0;0;0;0;0;4138;0;0;0;0;0;0;
37447;3307883;537837568;34299904;491102208;0;0;0;0;0;0;0;0;0;0;0;2775;0;0;0;0;0;0;
37448;4744919;537837568;34299904;491102208;0;0;0;0;0;0;0;0;0;0;0;3206;0;0;0;0;0;0;
37449;3388675;537837568;34299904;491102208;0;0;0;0;0;0;0;0;0;0;0;3236;0;0;0;0;0;0;
37450;4679256;537837568;34299904;491102208;0;0;0;0;0;0;0;0;0;0;0;10590;0;0;0;0;0;0;
37451;3521103;537837568;34299904;491102208;0;0;0;0;0;0;0;0;0;0;0;2985;0;0;0;0;0;0;
37452;4617800;537837568;34299904;491102208;0;0;0;0;0;0;0;0;0;0;0;2926;0;0;0;0;0;0;
37453;3395658;537837568;34299904;491102208;0;0;0;0;0;0;0;0;0;0;0;2926;0;0;0;0;0;0;
37454;4651123;537837568;34299904;491102208;0;0;0;0;0;0;0;0;0;0;0;3236;0;0;0;0;0;0;
37455;3418020;537837568;34299904;491102208;0;0;0;0;0;0;0;0;0;0;0;2806;0;0;0;0;0;0;
37456;4675057;537837568;34299904;491102208;0;0;0;0;0;0;0;0;0;0;0;2766;0;0;0;0;0;0;
37457;3541101;537837568;34299904;491102208;0;0;0;0;0;0;0;0;0;0;0;3026;0;0;0;0;0;0;
37458;4719902;537837568;34299904;491102208;0;0;0;0;0;0;0;0;0;0;0;3597;0;0;0;0;0;0;
37459;3349541;537837568;34299904;491102208;0;0;0;0;0;0;0;0;0;0;0;3146;0;0;0;0;0;0;
37460;4662413;537837568;34299904;491102208;0;0;0;0;0;0;0;0;0;0;0;3407;0;0;0;0;0;0;
37461;3621813;537837568;34299904;491102208;0;0;0;0;0;0;0;0;0;0;0;3026;0;0;0;0;0;0;
37462;4721495;537837568;34299904;491102208;0;0;0;0;0;0;0;0;0;0;0;2916;0;0;0;0;0;0;
37463;4297570;537837568;34299904;491102208;0;0;0;0;0;0;0;0;0;0;0;3868;0;0;0;0;0;0;
37464;4736513;537837568;34299904;491102208;0;0;0;0;0;0;0;0;0;0;0;3697;0;0;0;0;0;0;
37465;3226000;537837568;34299904;491102208;0;0;0;0;0;0;0;0;0;0;0;3156;0;0;0;0;0;0;
37466;4706927;537837568;34299904;491102208;0;0;0;0;0;0;0;0;0;0;0;3136;0;0;0;0;0;0;
37467;3452465;537837568;34299904;491102208;0;0;0;0;0;0;0;0;0;0;0;4349;0;0;0;0;0;0;
37468;4740550;537837568;34299904;491102208;0;0;0;0;0;0;0;0;0;0;0;2826;0;0;0;0;0;0;
37469;3763859;537837568;34299904;491102208;0;0;0;0;0;0;0;0;0;0;0;3106;0;0;0;0;0;0;
37470;4668486;537837568;34299904;491102208;0;0;0;0;0;0;0;0;0;0;0;2835;0;0;0;0;0;0;
37471;3347458;537837568;34299904;491102208;0;0;0;0;0;0;0;0;0;0;0;3467;0;0;0;0;0;0;
37472;4660680;537837568;34299904;491102208;0;0;0;0;0;0;0;0;0;0;0;3186;0;0;0;0;0;0;
37473;3402081;537837568;34299904;491102208;0;0;0;0;0;0;0;0;0;0;0;3025;0;0;0;0;0;0;
37474;4678735;537837568;34299904;491102208;0;0;0;0;0;0;0;0;0;0;0;3026;0;0;0;0;0;0;
37475;3479015;537837568;34299904;491102208;0;0;0;0;0;0;0;0;0;0;0;3076;0;0;0;0;0;0;
37476;4696237;537837568;34299904;491102208;0;0;0;0;0;0;0;0;0;0;0;3045;0;0;0;0;0;0;
37477;3318223;537837568;34299904;491102208;0;0;0;0;0;0;0;0;0;0;0;4048;0;0;0;0;0;0;
37478;4678203;537837568;34299904;491102208;0;0;0;0;0;0;0;0;0;0;0;3156;0;0;0;0;0;0;
37479;3446784;537837568;34299904;491102208;0;0;0;0;0;0;0;0;0;0;0;2956;0;0;0;0;0;0;
37480;4732696;537837568;34299904;491102208;0;0;0;0;0;0;0;0;0;0;0;3216;0;0;0;0;0;0;
37481;3521594;537837568;34299904;491102208;0;0;0;0;0;0;0;0;0;0;0;2936;0;0;0;0;0;0;
37482;4663797;537837568;34299904;491102208;0;0;0;0;0;0;0;0;0;0;0;2886;0;0;0;0;0;0;
37483;3446914;537837568;34299904;491102208;0;0;0;0;0;0;0;0;0;0;0;3497;0;0;0;0;0;0;
37484;4632899;537837568;34299904;491102208;0;0;0;0;0;0;0;0;0;0;0;2945;0;0;0;0;0;0;
37485;3444049;537837568;34299904;491102208;0;0;0;0;0;0;0;0;0;0;0;3176;0;0;0;0;0;0;
37486;4679906;537837568;34299904;491102208;0;0;0;0;0;0;0;0;0;0;0;2926;0;0;0;0;0;0;
37487;3946742;537837568;34299904;491102208;0;0;0;0;0;0;0;0;0;0;0;4208;0;0;0;0;0;0;
37488;11203160;537837568;34299904;491102208;0;0;0;0;0;0;0;0;0;0;0;2905;0;0;0;0;0;0;
37489;3358990;537837568;34299904;491102208;0;0;0;0;0;0;0;0;0;0;0;3056;0;0;0;0;0;0;
37490;4681339;537837568;34299904;491102208;0;0;0;0;0;0;0;0;0;0;0;2735;0;0;0;0;0;0;
37491;3402160;537837568;34299904;491102208;0;0;0;0;0;0;0;0;0;0;0;2635;0;0;0;0;0;0;
37492;4628490;537837568;34299904;491102208;0;0;0;0;0;0;0;0;0;0;0;2765;0;0;0;0;0;0;
37493;3567039;537837568;34299904;491102208;0;0;0;0;0;0;0;0;0;0;0;3497;0;0;0;0;0;0;
37494;4630183;537837568;34299904;491102208;0;0;0;0;0;0;0;0;0;0;0;2645;0;0;0;0;0;0;
37495;3253512;537837568;34299904;491102208;0;0;0;0;0;0;0;0;0;0;0;3026;0;0;0;0;0;0;
37496;4639981;537837568;34299904;491102208;0;0;0;0;0;0;0;0;0;0;0;2695;0;0;0;0;0;0;
37497;3376482;537837568;34299904;491102208;0;0;0;0;0;0;0;0;0;0;0;2946;0;0;0;0;0;0;
37498;4790825;537837568;34299904;491102208;0;0;0;0;0;0;0;0;0;0;0;3226;0;0;0;0;0;0;
37499;3632472;537837568;34299904;491102208;0;0;0;0;0;0;0;0;0;0;0;3246;0;0;0;0;0;0;
37500;4703240;537837568;34299904;491102208;0;0;0;0;0;0;0;0;0;0;0;3246;0;0;0;0;0;0;
37501;3271175;537837568;34299904;491102208;0;0;0;0;0;0;0;0;0;0;0;3146;0;0;0;0;0;0;
37502;4634462;537837568;34299904;491102208;0;0;0;0;0;0;0;0;0;0;0;2816;0;0;0;0;0;0;
37503;3436915;537837568;34299904;491102208;0;0;0;0;0;0;0;0;0;0;0;2875;0;0;0;0;0;0;
37504;4655411;537837568;34299904;491102208;0;0;0;0;0;0;0;0;0;0;0;2445;0;0;0;0;0;0;
37505;3472182;537837568;34299904;491102208;0;0;0;0;0;0;0;0;0;0;0;2856;0;0;0;0;0;0;
37506;4605226;537837568;34299904;491102208;0;0;0;0;0;0;0;0;0;0;0;2565;0;0;0;0;0;0;
37507;3198358;537837568;34299904;491102208;0;0;0;0;0;0;0;0;0;0;0;3466;0;0;0;0;0;0;
37508;4613592;537837568;34299904;491102208;0;0;0;0;0;0;0;0;0;0;0;2855;0;0;0;0;0;0;
37509;3476459;537837568;34299904;491102208;0;0;0;0;0;0;0;0;0;0;0;3877;0;0;0;0;0;0;
37510;4714712;537837568;34299904;491102208;0;0;0;0;0;0;0;0;0;0;0;2615;0;0;0;0;0;0;
37511;4125547;537837568;34299904;491102208;0;0;0;0;0;0;0;0;0;0;0;3397;0;0;0;0;0;0;
37512;4752362;537837568;34299904;491102208;0;0;0;0;0;0;0;0;0;0;0;3216;0;0;0;0;0;0;
37513;3101587;537837568;34299904;491102208;0;0;0;0;0;0;0;0;0;0;0;3256;0;0;0;0;0;0;
37514;4696378;537837568;34299904;491102208;0;0;0;0;0;0;0;0;0;0;0;3467;0;0;0;0;0;0;
37515;3338761;537837568;34299904;491102208;0;0;0;0;0;0;0;0;0;0;0;3136;0;0;0;0;0;0;
37516;4796756;537837568;34299904;491102208;0;0;0;0;0;0;0;0;0;0;0;3006;0;0;0;0;0;0;
37517;3433329;537837568;34299904;491102208;0;0;0;0;0;0;0;0;0;0;0;3106;0;0;0;0;0;0;
37518;4689835;537837568;34299904;491102208;0;0;0;0;0;0;0;0;0;0;0;2605;0;0;0;0;0;0;
37519;3311521;537837568;34299904;491102208;0;0;0;0;0;0;0;0;0;0;0;2956;0;0;0;0;0;0;
37520;4636966;537837568;34299904;491102208;0;0;0;0;0;0;0;0;0;0;0;3787;0;0;0;0;0;0;
37521;3360873;537837568;34299904;491102208;0;0;0;0;0;0;0;0;0;0;0;2796;0;0;0;0;0;0;
37522;4661131;537837568;34299904;491102208;0;0;0;0;0;0;0;0;0;0;0;2615;0;0;0;0;0;0;
37523;3449729;537837568;34299904;491102208;0;0;0;0;0;0;0;0;0;0;0;2655;0;0;0;0;0;0;
37524;4658947;537837568;34299904;491102208;0;0;0;0;0;0;0;0;0;0;0;2685;0;0;0;0;0;0;
37525;3230628;537837568;34299904;491102208;0;0;0;0;0;0;0;0;0;0;0;3105;0;0;0;0;0;0;
37526;4616688;537837568;34299904;491102208;0;0;0;0;0;0;0;0;0;0;0;2706;0;0;0;0;0;0;
37527;3260845;537837568;34299904;491102208;0;0;0;0;0;0;0;0;0;0;0;2595;0;0;0;0;0;0;
37528;4684044;537837568;34299904;491102208;0;0;0;0;0;0;0;0;0;0;0;2485;0;0;0;0;0;0;
37529;3432818;537837568;34299904;491102208;0;0;0;0;0;0;0;0;0;0;0;2795;0;0;0;0;0;0;
37530;4619884;537837568;34299904;491102208;0;0;0;0;0;0;0;0;0;0;0;2726;0;0;0;0;0;0;
37531;3166548;537837568;34299904;491102208;0;0;0;0;0;0;0;0;0;0;0;3357;0;0;0;0;0;0;
37532;4573287;537837568;34299904;491102208;0;0;0;0;0;0;0;0;0;0;0;2355;0;0;0;0;0;0;
37533;3320678;537837568;34299904;491102208;0;0;0;0;0;0;0;0;0;0;0;2565;0;0;0;0;0;0;
37534;4635764;537837568;34299904;491102208;0;0;0;0;0;0;0;0;0;0;0;2244;0;0;0;0;0;0;
37535;3320928;537837568;34299904;491102208;0;0;0;0;0;0;0;0;0;0;0;3066;0;0;0;0;0;0;
37536;4608142;537837568;34299904;491102208;0;0;0;0;0;0;0;0;0;0;0;2795;0;0;0;0;0;0;
37537;3340966;537837568;34299904;491102208;0;0;0;0;0;0;0;0;0;0;0;2966;0;0;0;0;0;0;
37538;4592763;537837568;34299904;491102208;0;0;0;0;0;0;0;0;0;0;0;2896;0;0;0;0;0;0;
37539;3250837;537837568;34299904;491102208;0;0;0;0;0;0;0;0;0;0;0;3477;0;0;0;0;0;0;
37540;4695106;537837568;34299904;491102208;0;0;0;0;0;0;0;0;0;0;0;2445;0;0;0;0;0;0;
37541;3421427;537837568;34299904;491102208;0;0;0;0;0;0;0;0;0;0;0;3045;0;0;0;0;0;0;
37542;4596350;537837568;34299904;491102208;0;0;0;0;0;0;0;0;0;0;0;2785;0;0;0;0;0;0;
37543;3026706;537837568;34299904;491102208;0;0;0;0;0;0;0;0;0;0;0;2855;0;0;0;0;0;0;
37544;4577805;537837568;34299904;491102208;0;0;0;0;0;0;0;0;0;0;0;2765;0;0;0;0;0;0;
37545;3240146;537837568;34299904;491102208;0;0;0;0;0;0;0;0;0;0;0;3337;0;0;0;0;0;0;
37546;4720623;537837568;34299904;491102208;0;0;0;0;0;0;0;0;0;0;0;2875;0;0;0;0;0;0;
37547;3232192;537837568;34299904;491102208;0;0;0;0;0;0;0;0;0;0;0;2895;0;0;0;0;0;0;
37548;4539944;537837568;34299904;491102208;0;0;0;0;0;0;0;0;0;0;0;3016;0;0;0;0;0;0;
37549;3027979;537837568;34299904;491102208;0;0;0;0;0;0;0;0;0;0;0;2905;0;0;0;0;0;0;
37550;4533522;537837568;34299904;491102208;0;0;0;0;0;0;0;0;0;0;0;2575;0;0;0;0;0;0;
37551;2984387;537837568;34299904;491102208;0;0;0;0;0;0;0;0;0;0;0;2725;0;0;0;0;0;0;
37552;4561705;537837568;34299904;491102208;0;0;0;0;0;0;0;0;0;0;0;2615;0;0;0;0;0;0;
37553;3024462;537837568;34299904;491102208;0;0;0;0;0;0;0;0;0;0;0;3216;0;0;0;0;0;0;
37554;4546897;537837568;34299904;491102208;0;0;0;0;0;0;0;0;0;0;0;2825;0;0;0;0;0;0;
37555;3022588;537837568;34299904;491102208;0;0;0;0;0;0;0;0;0;0;0;3456;0;0;0;0;0;0;
37556;4620636;537837568;34299904;491102208;0;0;0;0;0;0;0;0;0;0;0;3376;0;0;0;0;0;0;
37557;3220209;537837568;34299904;491102208;0;0;0;0;0;0;0;0;0;0;0;3577;0;0;0;0;0;0;
37558;4745510;537837568;34299904;491102208;0;0;0;0;0;0;0;0;0;0;0;3046;0;0;0;0;0;0;
37559;3192798;537837568;34299904;491102208;0;0;0;0;0;0;0;0;0;0;0;3086;0;0;0;0;0;0;
37560;4585559;537837568;34299904;491102208;0;0;0;0;0;0;0;0;0;0;0;2845;0;0;0;0;0;0;
37561;2939723;537837568;34299904;491102208;0;0;0;0;0;0;0;0;0;0;0;2785;0;0;0;0;0;0;
37562;4510198;537837568;34299904;491102208;0;0;0;0;0;0;0;0;0;0;0;2715;0;0;0;0;0;0;
37563;3397221;537837568;34299904;491102208;0;0;0;0;0;0;0;0;0;0;0;2505;0;0;0;0;0;0;
37564;4537029;537837568;34299904;491102208;0;0;0;0;0;0;0;0;0;0;0;2534;0;0;0;0;0;0;
37565;3195603;537837568;34299904;491102208;0;0;0;0;0;0;0;0;0;0;0;3176;0;0;0;0;0;0;
37566;4549282;537837568;34299904;491102208;0;0;0;0;0;0;0;0;0;0;0;2896;0;0;0;0;0;0;
37567;2992772;537837568;34299904;491102208;0;0;0;0;0;0;0;0;0;0;0;3156;0;0;0;0;0;0;
37568;4570602;537837568;34299904;491102208;0;0;0;0;0;0;0;0;0;0;0;3196;0;0;0;0;0;0;
37569;3034831;537837568;34299904;491102208;0;0;0;0;0;0;0;0;0;0;0;2845;0;0;0;0;0;0;
37570;4625354;537837568;34299904;491102208;0;0;0;0;0;0;0;0;0;0;0;2465;0;0;0;0;0;0;
37571;3135541;537837568;34299904;491102208;0;0;0;0;0;0;0;0;0;0;0;2675;0;0;0;0;0;0;
37572;4517122;537837568;34299904;491102208;0;0;0;0;0;0;0;0;0;0;0;2505;0;0;0;0;0;0;
37573;3005487;537837568;34299904;491102208;0;0;0;0;0;0;0;0;0;0;0;3156;0;0;0;0;0;0;
37574;4584257;537837568;34299904;491102208;0;0;0;0;0;0;0;0;0;0;0;3136;0;0;0;0;0;0;
37575;2823876;537837568;34299904;491102208;0;0;0;0;0;0;0;0;0;0;0;2575;0;0;0;0;0;0;
37576;4555714;537837568;34299904;491102208;0;0;0;0;0;0;0;0;0;0;0;2965;0;0;0;0;0;0;
37577;2917892;537837568;34299904;491102208;0;0;0;0;0;0;0;0;0;0;0;3136;0;0;0;0;0;0;
37578;4569189;537837568;34299904;491102208;0;0;0;0;0;0;0;0;0;0;0;2765;0;0;0;0;0;0;
37579;2781617;537837568;34299904;491102208;0;0;0;0;0;0;0;0;0;0;0;2735;0;0;0;0;0;0;
37580;4516209;537837568;34299904;491102208;0;0;0;0;0;0;0;0;0;0;0;2775;0;0;0;0;0;0;
37581;2945614;537837568;34299904;491102208;0;0;0;0;0;0;0;0;0;0;0;2665;0;0;0;0;0;0;
37582;4563549;537837568;34299904;491102208;0;0;0;0;0;0;0;0;0;0;0;2335;0;0;0;0;0;0;
37583;3001358;537837568;34299904;491102208;0;0;0;0;0;0;0;0;0;0;0;2765;0;0;0;0;0;0;
37584;4450236;537837568;34299904;491102208;0;0;0;0;0;0;0;0;0;0;0;2344;0;0;0;0;0;0;
37585;2758663;537837568;34299904;491102208;0;0;0;0;0;0;0;0;0;0;0;2594;0;0;0;0;0;0;
37586;4454484;537837568;34299904;491102208;0;0;0;0;0;0;0;0;0;0;0;2244;0;0;0;0;0;0;
37587;2864763;537837568;34299904;491102208;0;0;0;0;0;0;0;0;0;0;0;2635;0;0;0;0;0;0;
37588;4516250;537837568;34299904;491102208;0;0;0;0;0;0;0;0;0;0;0;2284;0;0;0;0;0;0;
37589;3065158;537837568;34299904;491102208;0;0;0;0;0;0;0;0;0;0;0;2745;0;0;0;0;0;0;
37590;4870144;537837568;34299904;491102208;0;0;0;0;0;0;0;0;0;0;0;2985;0;0;0;0;0;0;
37591;2927129;537837568;34299904;491102208;0;0;0;0;0;0;0;0;0;0;0;2605;0;0;0;0;0;0;
37592;4502554;537837568;34299904;491102208;0;0;0;0;0;0;0;0;0;0;0;2975;0;0;0;0;0;0;
37593;2814208;537837568;34299904;491102208;0;0;0;0;0;0;0;0;0;0;0;2905;0;0;0;0;0;0;
37594;4589477;537837568;34299904;491102208;0;0;0;0;0;0;0;0;0;0;0;2996;0;0;0;0;0;0;
37595;2924224;537837568;34299904;491102208;0;0;0;0;0;0;0;0;0;0;0;2975;0;0;0;0;0;0;
37596;4528844;537837568;34299904;491102208;0;0;0;0;0;0;0;0;0;0;0;2514;0;0;0;0;0;0;
37597;2764655;537837568;34299904;491102208;0;0;0;0;0;0;0;0;0;0;0;2826;0;0;0;0;0;0;
37598;4452811;537837568;34299904;491102208;0;0;0;0;0;0;0;0;0;0;0;2454;0;0;0;0;0;0;
37599;2712998;537837568;34299904;491102208;0;0;0;0;0;0;0;0;0;0;0;2806;0;0;0;0;0;0;
37600;4550414;537837568;34299904;491102208;0;0;0;0;0;0;0;0;0;0;0;2735;0;0;0;0;0;0;
37601;2686308;537837568;34299904;491102208;0;0;0;0;0;0;0;0;0;0;0;2695;0;0;0;0;0;0;
37602;4551546;537837568;34299904;491102208;0;0;0;0;0;0;0;0;0;0;0;2816;0;0;0;0;0;0;
37603;2678934;537837568;34299904;491102208;0;0;0;0;0;0;0;0;0;0;0;2815;0;0;0;0;0;0;
37604;4449284;537837568;34299904;491102208;0;0;0;0;0;0;0;0;0;0;0;3176;0;0;0;0;0;0;
37605;2873680;537837568;34299904;491102208;0;0;0;0;0;0;0;0;0;0;0;2795;0;0;0;0;0;0;
37606;4593584;537837568;34299904;491102208;0;0;0;0;0;0;0;0;0;0;0;2514;0;0;0;0;0;0;
37607;2867438;537837568;34299904;491102208;0;0;0;0;0;0;0;0;0;0;0;2565;0;0;0;0;0;0;
37608;4520087;537837568;34299904;491102208;0;0;0;0;0;0;0;0;0;0;0;2475;0;0;0;0;0;0;
37609;2698410;537837568;34299904;491102208;0;0;0;0;0;0;0;0;0;0;0;2414;0;0;0;0;0;0;
37610;4447411;537837568;34299904;491102208;0;0;0;0;0;0;0;0;0;0;0;2104;0;0;0;0;0;0;
37611;2757381;537837568;34299904;491102208;0;0;0;0;0;0;0;0;0;0;0;2385;0;0;0;0;0;0;
37612;4515779;537837568;34299904;491102208;0;0;0;0;0;0;0;0;0;0;0;2074;0;0;0;0;0;0;
37613;2953539;537837568;34299904;491102208;0;0;0;0;0;0;0;0;0;0;0;2755;0;0;0;0;0;0;
37614;4435919;537837568;34299904;491102208;0;0;0;0;0;0;0;0;0;0;0;2524;0;0;0;0;0;0;
37615;2574077;537837568;34299904;491102208;0;0;0;0;0;0;0;0;0;0;0;2855;0;0;0;0;0;0;
37616;4419458;537837568;34299904;491102208;0;0;0;0;0;0;0;0;0;0;0;2425;0;0;0;0;0;0;
37617;2820269;537837568;34299904;491102208;0;0;0;0;0;0;0;0;0;0;0;3537;0;0;0;0;0;0;
37618;5024974;537837568;34299904;491102208;0;0;0;0;0;0;0;0;0;0;0;2625;0;0;0;0;0;0;
37619;4039265;537837568;34299904;491102208;0;0;0;0;0;0;0;0;0;0;0;2905;0;0;0;0;0;0;
37620;4370236;537837568;34299904;491102208;0;0;0;0;0;0;0;0;0;0;0;2094;0;0;0;0;0;0;
37621;2591000;537837568;34299904;491102208;0;0;0;0;0;0;0;0;0;0;0;2425;0;0;0;0;0;0;
37622;4370005;537837568;34299904;491102208;0;0;0;0;0;0;0;0;0;0;0;2174;0;0;0;0;0;0;
37623;2609804;537837568;34299904;491102208;0;0;0;0;0;0;0;0;0;0;0;2725;0;0;0;0;0;0;
37624;4388340;537837568;34299904;491102208;0;0;0;0;0;0;0;0;0;0;0;2445;0;0;0;0;0;0;
37625;2655260;537837568;34299904;491102208;0;0;0;0;0;0;0;0;0;0;0;3176;0;0;0;0;0;0;
37626;4380825;537837568;34299904;491102208;0;0;0;0;0;0;0;0;0;0;0;2434;0;0;0;0;0;0;
37627;2550313;537837568;34299904;491102208;0;0;0;0;0;0;0;0;0;0;0;2746;0;0;0;0;0;0;
37628;4392337;537837568;34299904;491102208;0;0;0;0;0;0;0;0;0;0;0;2745;0;0;0;0;0;0;
37629;2884469;537837568;34299904;491102208;0;0;0;0;0;0;0;0;0;0;0;3036;0;0;0;0;0;0;
37630;4483749;537837568;34299904;491102208;0;0;0;0;0;0;0;0;0;0;0;2816;0;0;0;0;0;0;
37631;2752893;537837568;34299904;491102208;0;0;0;0;0;0;0;0;0;0;0;2975;0;0;0;0;0;0;
37632;4397637;537837568;34299904;491102208;0;0;0;0;0;0;0;0;0;0;0;2846;0;0;0;0;0;0;
37633;2475633;537837568;34299904;491102208;0;0;0;0;0;0;0;0;0;0;0;2354;0;0;0;0;0;0;
37634;4409379;537837568;34299904;491102208;0;0;0;0;0;0;0;0;0;0;0;2315;0;0;0;0;0;0;
37635;2699833;537837568;34299904;491102208;0;0;0;0;0;0;0;0;0;0;0;2615;0;0;0;0;0;0;
37636;4465385;537837568;34299904;491102208;0;0;0;0;0;0;0;0;0;0;0;2395;0;0;0;0;0;0;
37637;2797186;537837568;34299904;491102208;0;0;0;0;0;0;0;0;0;0;0;3397;0;0;0;0;0;0;
37638;4395403;537837568;34299904;491102208;0;0;0;0;0;0;0;0;0;0;0;2785;0;0;0;0;0;0;
37639;2527720;537837568;34299904;491102208;0;0;0;0;0;0;0;0;0;0;0;2695;0;0;0;0;0;0;
37640;4375265;537837568;34299904;491102208;0;0;0;0;0;0;0;0;0;0;0;2786;0;0;0;0;0;0;
37641;2682882;537837568;34299904;491102208;0;0;0;0;0;0;0;0;0;0;0;3146;0;0;0;0;0;0;
37642;4474642;537837568;34299904;491102208;0;0;0;0;0;0;0;0;0;0;0;2705;0;0;0;0;0;0;
37643;2605025;537837568;34299904;491102208;0;0;0;0;0;0;0;0;0;0;0;2986;0;0;0;0;0;0;
37644;4371087;537837568;34299904;491102208;0;0;0;0;0;0;0;0;0;0;0;2445;0;0;0;0;0;0;
37645;2357090;537837568;34299904;491102208;0;0;0;0;0;0;0;0;0;0;0;2645;0;0;0;0;0;0;
37646;4363473;537837568;34299904;491102208;0;0;0;0;0;0;0;0;0;0;0;2504;0;0;0;0;0;0;
37647;2660449;537837568;34299904;491102208;0;0;0;0;0;0;0;0;0;0;0;2655;0;0;0;0;0;0;
37648;4964190;537837568;34299904;491102208;0;0;0;0;0;0;0;0;0;0;0;3496;0;0;0;0;0;0;
37649;2684694;537837568;34299904;491102208;0;0;0;0;0;0;0;0;0;0;0;3075;0;0;0;0;0;0;
37650;4420921;537837568;34299904;491102208;0;0;0;0;0;0;0;0;0;0;0;2475;0;0;0;0;0;0;
37651;2382979;537837568;34299904;491102208;0;0;0;0;0;0;0;0;0;0;0;2504;0;0;0;0;0;0;
37652;4458742;537837568;34299904;491102208;0;0;0;0;0;0;0;0;0;0;0;2736;0;0;0;0;0;0;
37653;2575800;537837568;34299904;491102208;0;0;0;0;0;0;0;0;0;0;0;2705;0;0;0;0;0;0;
37654;4453421;537837568;34299904;491102208;0;0;0;0;0;0;0;0;0;0;0;2635;0;0;0;0;0;0;
37655;2556345;537837568;34299904;491102208;0;0;0;0;0;0;0;0;0;0;0;2745;0;0;0;0;0;0;
37656;4343746;537837568;34299904;491102208;0;0;0;0;0;0;0;0;0;0;0;2735;0;0;0;0;0;0;
37657;2325351;537837568;34299904;491102208;0;0;0;0;0;0;0;0;0;0;0;2815;0;0;0;0;0;0;
37658;4420480;537837568;34299904;491102208;0;0;0;0;0;0;0;0;0;0;0;2655;0;0;0;0;0;0;
37659;2455505;537837568;34299904;491102208;0;0;0;0;0;0;0;0;0;0;0;2775;0;0;0;0;0;0;
37660;4433725;537837568;34299904;491102208;0;0;0;0;0;0;0;0;0;0;0;2325;0;0;0;0;0;0;
37661;2542307;537837568;34299904;491102208;0;0;0;0;0;0;0;0;0;0;0;2685;0;0;0;0;0;0;
37662;4348315;537837568;34299904;491102208;0;0;0;0;0;0;0;0;0;0;0;2344;0;0;0;0;0;0;
37663;2220815;537837568;34299904;491102208;0;0;0;0;0;0;0;0;0;0;0;2384;0;0;0;0;0;0;
37664;4378933;537837568;34299904;491102208;0;0;0;0;0;0;0;0;0;0;0;2254;0;0;0;0;0;0;
37665;2398768;537837568;34299904;491102208;0;0;0;0;0;0;0;0;0;0;0;2544;0;0;0;0;0;0;
37666;4425700;537837568;34299904;491102208;0;0;0;0;0;0;0;0;0;0;0;2184;0;0;0;0;0;0;
37667;2479029;537837568;34299904;491102208;0;0;0;0;0;0;0;0;0;0;0;2264;0;0;0;0;0;0;
37668;4406274;537837568;34299904;491102208;0;0;0;0;0;0;0;0;0;0;0;2455;0;0;0;0;0;0;
37669;2299052;537837568;34299904;491102208;0;0;0;0;0;0;0;0;0;0;0;2414;0;0;0;0;0;0;
37670;4378100;537837568;34299904;491102208;0;0;0;0;0;0;0;0;0;0;0;2425;0;0;0;0;0;0;
37671;2433604;537837568;34299904;491102208;0;0;0;0;0;0;0;0;0;0;0;2435;0;0;0;0;0;0;
37672;4379503;537837568;34299904;491102208;0;0;0;0;0;0;0;0;0;0;0;2404;0;0;0;0;0;0;
37673;2521118;537837568;34299904;491102208;0;0;0;0;0;0;0;0;0;0;0;2735;0;0;0;0;0;0;
37674;4374865;537837568;34299904;491102208;0;0;0;0;0;0;0;0;0;0;0;2234;0;0;0;0;0;0;
37675;2198823;537837568;34299904;491102208;0;0;0;0;0;0;0;0;0;0;0;2365;0;0;0;0;0;0;
37676;4358814;537837568;34299904;491102208;0;0;0;0;0;0;0;0;0;0;0;2455;0;0;0;0;0;0;
37677;2726072;537837568;34299904;491102208;0;0;0;0;0;0;0;0;0;0;0;3807;0;0;0;0;0;0;
37678;4676269;537837568;34299904;491102208;0;0;0;0;0;0;0;0;0;0;0;2064;0;0;0;0;0;0;
37679;2406884;537837568;34299904;491102208;0;0;0;0;0;0;0;0;0;0;0;2695;0;0;0;0;0;0;
37680;4312197;537837568;34299904;491102208;0;0;0;0;0;0;0;0;0;0;0;2625;0;0;0;0;0;0;
37681;2165952;537837568;34299904;491102208;0;0;0;0;0;0;0;0;0;0;0;2254;0;0;0;0;0;0;
37682;4326173;537837568;34299904;491102208;0;0;0;0;0;0;0;0;0;0;0;2245;0;0;0;0;0;0;
37683;2239740;537837568;34299904;491102208;0;0;0;0;0;0;0;0;0;0;0;2324;0;0;0;0;0;0;
37684;4373091;537837568;34299904;491102208;0;0;0;0;0;0;0;0;0;0;0;2265;0;0;0;0;0;0;
37685;2568266;537837568;34299904;491102208;0;0;0;0;0;0;0;0;0;0;0;2585;0;0;0;0;0;0;
37686;4363734;537837568;34299904;491102208;0;0;0;0;0;0;0;0;0;0;0;2424;0;0;0;0;0;0;
37687;2133111;537837568;34299904;491102208;0;0;0;0;0;0;0;0;0;0;0;2565;0;0;0;0;0;0;
37688;4309733;537837568;34299904;491102208;0;0;0;0;0;0;0;0;0;0;0;2134;0;0;0;0;0;0;
37689;2248788;537837568;34299904;491102208;0;0;0;0;0;0;0;0;0;0;0;2294;0;0;0;0;0;0;
37690;4379143;537837568;34299904;491102208;0;0;0;0;0;0;0;0;0;0;0;2114;0;0;0;0;0;0;
37691;2335240;537837568;34299904;491102208;0;0;0;0;0;0;0;0;0;0;0;2335;0;0;0;0;0;0;
37692;4285977;537837568;34299904;491102208;0;0;0;0;0;0;0;0;0;0;0;2375;0;0;0;0;0;0;
37693;2180770;537837568;34299904;491102208;0;0;0;0;0;0;0;0;0;0;0;2265;0;0;0;0;0;0;
37694;4302910;537837568;34299904;491102208;0;0;0;0;0;0;0;0;0;0;0;2064;0;0;0;0;0;0;
37695;2258866;537837568;34299904;491102208;0;0;0;0;0;0;0;0;0;0;0;2144;0;0;0;0;0;0;
37696;4343545;537837568;34299904;491102208;0;0;0;0;0;0;0;0;0;0;0;2024;0;0;0;0;0;0;
37697;2397797;537837568;34299904;491102208;0;0;0;0;0;0;0;0;0;0;0;2175;0;0;0;0;0;0;
37698;4284335;537837568;34299904;491102208;0;0;0;0;0;0;0;0;0;0;0;2375;0;0;0;0;0;0;
37699;2203994;537837568;34299904;491102208;0;0;0;0;0;0;0;0;0;0;0;2735;0;0;0;0;0;0;
37700;4303751;537837568;34299904;491102208;0;0;0;0;0;0;0;0;0;0;0;2535;0;0;0;0;0;0;
37701;2284053;537837568;34299904;491102208;0;0;0;0;0;0;0;0;0;0;0;2234;0;0;0;0;0;0;
37702;4341422;537837568;34299904;491102208;0;0;0;0;0;0;0;0;0;0;0;2074;0;0;0;0;0;0;
37703;2253607;537837568;34299904;491102208;0;0;0;0;0;0;0;0;0;0;0;2585;0;0;0;0;0;0;
37704;4293452;537837568;34299904;491102208;0;0;0;0;0;0;0;0;0;0;0;2033;0;0;0;0;0;0;
37705;2147217;537837568;34299904;491102208;0;0;0;0;0;0;0;0;0;0;0;2354;0;0;0;0;0;0;
37706;4360668;537837568;34299904;491102208;0;0;0;0;0;0;0;0;0;0;0;2094;0;0;0;0;0;0;
37707;2160211;537837568;34299904;491102208;0;0;0;0;0;0;0;0;0;0;0;2104;0;0;0;0;0;0;
37708;4683544;537837568;34299904;491102208;0;0;0;0;0;0;0;0;0;0;0;2736;0;0;0;0;0;0;
37709;2445186;537837568;34299904;491102208;0;0;0;0;0;0;0;0;0;0;0;2745;0;0;0;0;0;0;
37710;4326394;537837568;34299904;491102208;0;0;0;0;0;0;0;0;0;0;0;2535;0;0;0;0;0;0;
37711;2016822;537837568;34299904;491102208;0;0;0;0;0;0;0;0;0;0;0;9688;0;0;0;0;0;0;
37712;4365457;537837568;34299904;491102208;0;0;0;0;0;0;0;0;0;0;0;2274;0;0;0;0;0;0;
37713;2134904;537837568;34299904;491102208;0;0;0;0;0;0;0;0;0;0;0;2164;0;0;0;0;0;0;
37714;4332485;537837568;34299904;491102208;0;0;0;0;0;0;0;0;0;0;0;2344;0;0;0;0;0;0;
37715;2047219;537837568;34299904;491102208;0;0;0;0;0;0;0;0;0;0;0;2665;0;0;0;0;0;0;
37716;4276119;537837568;34299904;491102208;0;0;0;0;0;0;0;0;0;0;0;2605;0;0;0;0;0;0;
37717;1995001;537837568;34299904;491102208;0;0;0;0;0;0;0;0;0;0;0;2916;0;0;0;0;0;0;
37718;4275688;537837568;34299904;491102208;0;0;0;0;0;0;0;0;0;0;0;2094;0;0;0;0;0;0;
37719;2231054;537837568;34299904;491102208;0;0;0;0;0;0;0;0;0;0;0;2264;0;0;0;0;0;0;
37720;4424397;537837568;34299904;491102208;0;0;0;0;0;0;0;0;0;0;0;2355;0;0;0;0;0;0;
37721;2185849;537837568;34299904;491102208;0;0;0;0;0;0;0;0;0;0;0;2344;0;0;0;0;0;0;
37722;4272302;537837568;34299904;491102208;0;0;0;0;0;0;0;0;0;0;0;2374;0;0;0;0;0;0;
37723;1972409;537837568;34299904;491102208;0;0;0;0;0;0;0;0;0;0;0;2836;0;0;0;0;0;0;
37724;4309663;537837568;34299904;491102208;0;0;0;0;0;0;0;0;0;0;0;2204;0;0;0;0;0;0;
37725;2150012;537837568;34299904;491102208;0;0;0;0;0;0;0;0;0;0;0;2414;0;0;0;0;0;0;
37726;4353685;537837568;34299904;491102208;0;0;0;0;0;0;0;0;0;0;0;2314;0;0;0;0;0;0;
37727;2273223;537837568;34299904;491102208;0;0;0;0;0;0;0;0;0;0;0;1934;0;0;0;0;0;0;
37728;4313820;537837568;34299904;491102208;0;0;0;0;0;0;0;0;0;0;0;1874;0;0;0;0;0;0;
37729;1957771;537837568;34299904;491102208;0;0;0;0;0;0;0;0;0;0;0;2414;0;0;0;0;0;0;
37730;4330822;537837568;34299904;491102208;0;0;0;0;0;0;0;0;0;0;0;2113;0;0;0;0;0;0;
37731;2103195;537837568;34299904;491102208;0;0;0;0;0;0;0;0;0;0;0;1933;0;0;0;0;0;0;
37732;4334448;537837568;34299904;491102208;0;0;0;0;0;0;0;0;0;0;0;1833;0;0;0;0;0;0;
37733;2197922;537837568;34299904;491102208;0;0;0;0;0;0;0;0;0;0;0;2535;0;0;0;0;0;0;
37734;4264468;537837568;34299904;491102208;0;0;0;0;0;0;0;0;0;0;0;1774;0;0;0;0;0;0;
37735;1927555;537837568;34299904;491102208;0;0;0;0;0;0;0;0;0;0;0;2304;0;0;0;0;0;0;
37736;4311135;537837568;34299904;491102208;0;0;0;0;0;0;0;0;0;0;0;2064;0;0;0;0;0;0;
37737;2061977;537837568;34299904;491102208;0;0;0;0;0;0;0;0;0;0;0;2314;0;0;0;0;0;0;
37738;4344989;537837568;34299904;491102208;0;0;0;0;0;0;0;0;0;0;0;1734;0;0;0;0;0;0;
37739;2536998;537837568;34299904;491102208;0;0;0;0;0;0;0;0;0;0;0;3436;0;0;0;0;0;0;
37740;4451989;537837568;34299904;491102208;0;0;0;0;0;0;0;0;0;0;0;2064;0;0;0;0;0;0;
37741;1865618;537837568;34299904;491102208;0;0;0;0;0;0;0;0;0;0;0;2354;0;0;0;0;0;0;
37742;4253537;537837568;34299904;491102208;0;0;0;0;0;0;0;0;0;0;0;2204;0;0;0;0;0;0;
37743;1996495;537837568;34299904;491102208;0;0;0;0;0;0;0;0;0;0;0;2134;0;0;0;0;0;0;
37744;4309632;537837568;34299904;491102208;0;0;0;0;0;0;0;0;0;0;0;2094;0;0;0;0;0;0;
37745;2050065;537837568;34299904;491102208;0;0;0;0;0;0;0;0;0;0;0;1783;0;0;0;0;0;0;
37746;4236976;537837568;34299904;491102208;0;0;0;0;0;0;0;0;0;0;0;2385;0;0;0;0;0;0;
37747;1869917;537837568;34299904;491102208;0;0;0;0;0;0;0;0;0;0;0;2074;0;0;0;0;0;0;
37748;4276350;537837568;34299904;491102208;0;0;0;0;0;0;0;0;0;0;0;2094;0;0;0;0;0;0;
37749;2021371;537837568;34299904;491102208;0;0;0;0;0;0;0;0;0;0;0;2344;0;0;0;0;0;0;
37750;4269908;537837568;34299904;491102208;0;0;0;0;0;0;0;0;0;0;0;1844;0;0;0;0;0;0;
37751;2096602;537837568;34299904;491102208;0;0;0;0;0;0;0;0;0;0;0;2305;0;0;0;0;0;0;
37752;4237216;537837568;34299904;491102208;0;0;0;0;0;0;0;0;0;0;0;2235;0;0;0;0;0;0;
37753;1828239;537837568;34299904;491102208;0;0;0;0;0;0;0;0;0;0;0;2254;0;0;0;0;0;0;
37754;4260259;537837568;34299904;491102208;0;0;0;0;0;0;0;0;0;0;0;1813;0;0;0;0;0;0;
37755;2017734;537837568;34299904;491102208;0;0;0;0;0;0;0;0;0;0;0;1653;0;0;0;0;0;0;
37756;4247876;537837568;34299904;491102208;0;0;0;0;0;0;0;0;0;0;0;1563;0;0;0;0;0;0;
37757;2091272;537837568;34299904;491102208;0;0;0;0;0;0;0;0;0;0;0;1743;0;0;0;0;0;0;
37758;4197152;537837568;34299904;491102208;0;0;0;0;0;0;0;0;0;0;0;2154;0;0;0;0;0;0;
37759;1820184;537837568;34299904;491102208;0;0;0;0;0;0;0;0;0;0;0;1924;0;0;0;0;0;0;
37760;4236234;537837568;34299904;491102208;0;0;0;0;0;0;0;0;0;0;0;1974;0;0;0;0;0;0;
37761;2025248;537837568;34299904;491102208;0;0;0;0;0;0;0;0;0;0;0;1704;0;0;0;0;0;0;
37762;4337645;537837568;34299904;491102208;0;0;0;0;0;0;0;0;0;0;0;1754;0;0;0;0;0;0;
37763;8064775;537837568;34299904;491102208;0;0;0;0;0;0;0;0;0;0;0;2444;0;0;0;0;0;0;
37764;7266498;537837568;34299904;491102208;0;0;0;0;0;0;0;0;0;0;0;2214;0;0;0;0;0;0;
37765;1844279;537837568;34299904;491102208;0;0;0;0;0;0;0;0;0;0;0;2295;0;0;0;0;0;0;
37766;4237827;537837568;34299904;491102208;0;0;0;0;0;0;0;0;0;0;0;1764;0;0;0;0;0;0;
37767;1911565;537837568;34299904;491102208;0;0;0;0;0;0;0;0;0;0;0;2174;0;0;0;0;0;0;
37768;4443112;537837568;34299904;491102208;0;0;0;0;0;0;0;0;0;0;0;2124;0;0;0;0;0;0;
37769;2979397;537837568;34299904;491102208;0;0;0;0;0;0;0;0;0;0;0;3226;0;0;0;0;0;0;
37770;4637658;537837568;34299904;491102208;0;0;0;0;0;0;0;0;0;0;0;2425;0;0;0;0;0;0;
37771;1901386;537837568;34299904;491102208;0;0;0;0;0;0;0;0;0;0;0;2434;0;0;0;0;0;0;
37772;4259769;537837568;34299904;491102208;0;0;0;0;0;0;0;0;0;0;0;2124;0;0;0;0;0;0;
37773;1715677;537837568;34299904;491102208;0;0;0;0;0;0;0;0;0;0;0;2595;0;0;0;0;0;0;
37774;4820511;545202176;51077120;507879424;0;0;0;0;0;0;0;0;0;0;0;2295;0;0;0;0;0;0;
37775;1820033;545202176;51077120;507879424;0;0;0;0;0;0;0;0;0;0;0;2174;0;0;0;0;0;0;
37776;4619984;551493632;51077120;507879424;0;0;0;0;0;0;0;0;0;0;0;2445;0;0;0;0;0;0;
37777;1967149;551493632;51077120;507879424;0;0;0;0;0;0;0;0;0;0;0;2185;0;0;0;0;0;0;
37778;4323408;551493632;51077120;507879424;0;0;0;0;0;0;0;0;0;0;0;2404;0;0;0;0;0;0;
37779;1819151;551493632;51077120;507879424;0;0;0;0;0;0;0;0;0;0;0;2425;0;0;0;0;0;0;
37780;4313069;551493632;51077120;507879424;0;0;0;0;0;0;0;0;0;0;0;1964;0;0;0;0;0;0;
37781;1834380;551493632;51077120;507879424;0;0;0;0;0;0;0;0;0;0;0;2194;0;0;0;0;0;0;
37782;4298221;551493632;51077120;507879424;0;0;0;0;0;0;0;0;0;0;0;1954;0;0;0;0;0;0;
37783;1859898;551493632;51077120;507879424;0;0;0;0;0;0;0;0;0;0;0;2675;0;0;0;0;0;0;
37784;4311997;551493632;51077120;507879424;0;0;0;0;0;0;0;0;0;0;0;2004;0;0;0;0;0;0;
37785;1812369;551493632;51077120;507879424;0;0;0;0;0;0;0;0;0;0;0;2335;0;0;0;0;0;0;
37786;4315843;551493632;51077120;507879424;0;0;0;0;0;0;0;0;0;0;0;2054;0;0;0;0;0;0;
37787;1792942;551493632;51077120;507879424;0;0;0;0;0;0;0;0;0;0;0;2555;0;0;0;0;0;0;
37788;4304603;551493632;51077120;507879424;0;0;0;0;0;0;0;0;0;0;0;2164;0;0;0;0;0;0;
37789;1845160;551493632;51077120;507879424;0;0;0;0;0;0;0;0;0;0;0;2515;0;0;0;0;0;0;
37790;4533542;551493632;51077120;507879424;0;0;0;0;0;0;0;0;0;0;0;2294;0;0;0;0;0;0;
37791;1885697;551493632;51077120;507879424;0;0;0;0;0;0;0;0;0;0;0;2495;0;0;0;0;0;0;
37792;4337385;551493632;51077120;507879424;0;0;0;0;0;0;0;0;0;0;0;2104;0;0;0;0;0;0;
37793;1839199;551493632;51077120;507879424;0;0;0;0;0;0;0;0;0;0;0;2525;0;0;0;0;0;0;
37794;4371057;551493632;51077120;507879424;0;0;0;0;0;0;0;0;0;0;0;2485;0;0;0;0;0;0;
37795;1761524;551493632;51077120;507879424;0;0;0;0;0;0;0;0;0;0;0;2415;0;0;0;0;0;0;
37796;4387919;551493632;51077120;507879424;0;0;0;0;0;0;0;0;0;0;0;2425;0;0;0;0;0;0;
37797;2057218;551493632;51077120;507879424;0;0;0;0;0;0;0;0;0;0;0;2625;0;0;0;0;0;0;
37798;4620144;554647552;51077120;507879424;0;0;0;0;0;0;0;0;0;0;0;2365;0;0;0;0;0;0;
37799;1814943;554647552;51077120;507879424;0;0;0;0;0;0;0;0;0;0;0;2104;0;0;0;0;0;0;
37800;4302098;554647552;51077120;507879424;0;0;0;0;0;0;0;0;0;0;0;2204;0;0;0;0;0;0;
37801;1847715;554647552;51077120;507879424;0;0;0;0;0;0;0;0;0;0;0;2715;0;0;0;0;0;0;
37802;4422323;554647552;51077120;507879424;0;0;0;0;0;0;0;0;0;0;0;2014;0;0;0;0;0;0;
37803;2384582;554647552;51077120;507879424;0;0;0;0;0;0;0;0;0;0;0;1844;0;0;0;0;0;0;
37804;4322135;554647552;51077120;507879424;0;0;0;0;0;0;0;0;0;0;0;2164;0;0;0;0;0;0;
37805;1792872;554647552;51077120;507879424;0;0;0;0;0;0;0;0;0;0;0;2294;0;0;0;0;0;0;
37806;4316104;554647552;51077120;507879424;0;0;0;0;0;0;0;0;0;0;0;2114;0;0;0;0;0;0;
37807;1793634;554647552;51077120;507879424;0;0;0;0;0;0;0;0;0;0;0;2385;0;0;0;0;0;0;
37808;4291738;554647552;51077120;507879424;0;0;0;0;0;0;0;0;0;0;0;1984;0;0;0;0;0;0;
37809;1852534;554647552;51077120;507879424;0;0;0;0;0;0;0;0;0;0;0;2444;0;0;0;0;0;0;
37810;4297410;554647552;51077120;507879424;0;0;0;0;0;0;0;0;0;0;0;1903;0;0;0;0;0;0;
37811;1843959;554647552;51077120;507879424;0;0;0;0;0;0;0;0;0;0;0;2254;0;0;0;0;0;0;
37812;4330912;554647552;51077120;507879424;0;0;0;0;0;0;0;0;0;0;0;2224;0;0;0;0;0;0;
37813;1781551;554647552;51077120;507879424;0;0;0;0;0;0;0;0;0;0;0;2815;0;0;0;0;0;0;
37814;4312488;554647552;51077120;507879424;0;0;0;0;0;0;0;0;0;0;0;2084;0;0;0;0;0;0;
37815;1818661;554647552;51077120;507879424;0;0;0;0;0;0;0;0;0;0;0;2304;0;0;0;0;0;0;
37816;4303560;554647552;51077120;507879424;0;0;0;0;0;0;0;0;0;0;0;2044;0;0;0;0;0;0;
37817;1732569;554647552;51077120;507879424;0;0;0;0;0;0;0;0;0;0;0;2234;0;0;0;0;0;0;
37818;4247996;554647552;51077120;507879424;0;0;0;0;0;0;0;0;0;0;0;2014;0;0;0;0;0;0;
37819;1806148;554647552;51077120;507879424;0;0;0;0;0;0;0;0;0;0;0;2645;0;0;0;0;0;0;
37820;4343556;554647552;51077120;507879424;0;0;0;0;0;0;0;0;0;0;0;2134;0;0;0;0;0;0;
37821;1910894;554647552;51077120;507879424;0;0;0;0;0;0;0;0;0;0;0;2144;0;0;0;0;0;0;
37822;4268926;554647552;51077120;507879424;0;0;0;0;0;0;0;0;0;0;0;1893;0;0;0;0;0;0;
37823;1788413;554647552;51077120;507879424;0;0;0;0;0;0;0;0;0;0;0;2304;0;0;0;0;0;0;
37824;4292981;554647552;51077120;507879424;0;0;0;0;0;0;0;0;0;0;0;1994;0;0;0;0;0;0;
37825;1758498;554647552;51077120;507879424;0;0;0;0;0;0;0;0;0;0;0;2274;0;0;0;0;0;0;
37826;4331122;554647552;51077120;507879424;0;0;0;0;0;0;0;0;0;0;0;1744;0;0;0;0;0;0;
37827;1855339;554647552;51077120;507879424;0;0;0;0;0;0;0;0;0;0;0;1974;0;0;0;0;0;0;
37828;4280909;554647552;51077120;507879424;0;0;0;0;0;0;0;0;0;0;0;1993;0;0;0;0;0;0;
37829;1895235;554647552;51077120;507879424;0;0;0;0;0;0;0;0;0;0;0;2194;0;0;0;0;0;0;
37830;4266632;554647552;51077120;507879424;0;0;0;0;0;0;0;0;0;0;0;1764;0;0;0;0;0;0;
37831;1805977;554647552;51077120;507879424;0;0;0;0;0;0;0;0;0;0;0;2544;0;0;0;0;0;0;
37832;4246294;554647552;51077120;507879424;0;0;0;0;0;0;0;0;0;0;0;2304;0;0;0;0;0;0;
37833;1760632;554647552;51077120;507879424;0;0;0;0;0;0;0;0;0;0;0;2485;0;0;0;0;0;0;
37834;4257204;554647552;51077120;507879424;0;0;0;0;0;0;0;0;0;0;0;2215;0;0;0;0;0;0;
37835;2319911;554647552;51077120;507879424;0;0;0;0;0;0;0;0;0;0;0;2345;0;0;0;0;0;0;
37836;4343816;554647552;51077120;507879424;0;0;0;0;0;0;0;0;0;0;0;2064;0;0;0;0;0;0;
37837;1900904;554647552;51077120;507879424;0;0;0;0;0;0;0;0;0;0;0;2735;0;0;0;0;0;0;
37838;4320102;554647552;51077120;507879424;0;0;0;0;0;0;0;0;0;0;0;2655;0;0;0;0;0;0;
37839;2397507;554647552;51077120;507879424;0;0;0;0;0;0;0;0;0;0;0;3486;0;0;0;0;0;0;
37840;4730221;554647552;51077120;507879424;0;0;0;0;0;0;0;0;0;0;0;4218;0;0;0;0;0;0;
37841;3357968;554647552;51077120;507879424;0;0;0;0;0;0;0;0;0;0;0;3567;0;0;0;0;0;0;
37842;4705144;554647552;51077120;507879424;0;0;0;0;0;0;0;0;0;0;0;3447;0;0;0;0;0;0;
37843;3338611;554647552;51077120;507879424;0;0;0;0;0;0;0;0;0;0;0;3637;0;0;0;0;0;0;
37844;4754406;554647552;51077120;507879424;0;0;0;0;0;0;0;0;0;0;0;3456;0;0;0;0;0;0;
37845;3270583;554647552;51077120;507879424;0;0;0;0;0;0;0;0;0;0;0;3547;0;0;0;0;0;0;
37846;4710654;554647552;51077120;507879424;0;0;0;0;0;0;0;0;0;0;0;3146;0;0;0;0;0;0;
37847;3281193;554647552;51077120;507879424;0;0;0;0;0;0;0;0;0;0;0;3366;0;0;0;0;0;0;
37848;4730712;554647552;51077120;507879424;0;0;0;0;0;0;0;0;0;0;0;3266;0;0;0;0;0;0;
37849;3380449;554647552;51077120;507879424;0;0;0;0;0;0;0;0;0;0;0;4138;0;0;0;0;0;0;
37850;4721986;554647552;51077120;507879424;0;0;0;0;0;0;0;0;0;0;0;3516;0;0;0;0;0;0;
37851;3288467;554647552;51077120;507879424;0;0;0;0;0;0;0;0;0;0;0;3436;0;0;0;0;0;0;
37852;4729950;554647552;51077120;507879424;0;0;0;0;0;0;0;0;0;0;0;3196;0;0;0;0;0;0;
37853;3331268;554647552;51077120;507879424;0;0;0;0;0;0;0;0;0;0;0;3577;0;0;0;0;0;0;
37854;4698281;554647552;51077120;507879424;0;0;0;0;0;0;0;0;0;0;0;3266;0;0;0;0;0;0;
37855;3296131;554647552;51077120;507879424;0;0;0;0;0;0;0;0;0;0;0;3467;0;0;0;0;0;0;
37856;4713699;554647552;51077120;507879424;0;0;0;0;0;0;0;0;0;0;0;3196;0;0;0;0;0;0;
37857;3416086;554647552;51077120;507879424;0;0;0;0;0;0;0;0;0;0;0;3446;0;0;0;0;0;0;
37858;4685978;554647552;51077120;507879424;0;0;0;0;0;0;0;0;0;0;0;3306;0;0;0;0;0;0;
37859;3281734;554647552;51077120;507879424;0;0;0;0;0;0;0;0;0;0;0;3547;0;0;0;0;0;0;
37860;4684335;554647552;51077120;507879424;0;0;0;0;0;0;0;0;0;0;0;3286;0;0;0;0;0;0;
37861;3927064;554647552;51077120;507879424;0;0;0;0;0;0;0;0;0;0;0;3667;0;0;0;0;0;0;
37862;4743305;554647552;51077120;507879424;0;0;0;0;0;0;0;0;0;0;0;3897;0;0;0;0;0;0;
37863;3365632;554647552;51077120;507879424;0;0;0;0;0;0;0;0;0;0;0;3296;0;0;0;0;0;0;
37864;4804090;554647552;51077120;507879424;0;0;0;0;0;0;0;0;0;0;0;3156;0;0;0;0;0;0;
37865;3441554;554647552;51077120;507879424;0;0;0;0;0;0;0;0;0;0;0;3727;0;0;0;0;0;0;
37866;4751140;554647552;51077120;507879424;0;0;0;0;0;0;0;0;0;0;0;3267;0;0;0;0;0;0;
37867;3425714;554647552;51077120;507879424;0;0;0;0;0;0;0;0;0;0;0;3407;0;0;0;0;0;0;
37868;4722256;554647552;51077120;507879424;0;0;0;0;0;0;0;0;0;0;0;3176;0;0;0;0;0;0;
37869;3445772;554647552;51077120;507879424;0;0;0;0;0;0;0;0;0;0;0;3687;0;0;0;0;0;0;
37870;4703240;554647552;51077120;507879424;0;0;0;0;0;0;0;0;0;0;0;3196;0;0;0;0;0;0;
37871;3724696;554647552;51077120;507879424;0;0;0;0;0;0;0;0;0;0;0;3066;0;0;0;0;0;0;
37872;4689535;554647552;51077120;507879424;0;0;0;0;0;0;0;0;0;0;0;3497;0;0;0;0;0;0;
37873;3471591;554647552;51077120;507879424;0;0;0;0;0;0;0;0;0;0;0;3937;0;0;0;0;0;0;
37874;4728277;554647552;51077120;507879424;0;0;0;0;0;0;0;0;0;0;0;3366;0;0;0;0;0;0;
37875;3417900;554647552;51077120;507879424;0;0;0;0;0;0;0;0;0;0;0;3476;0;0;0;0;0;0;
37876;4713219;554647552;51077120;507879424;0;0;0;0;0;0;0;0;0;0;0;3407;0;0;0;0;0;0;
37877;3692444;554647552;51077120;507879424;0;0;0;0;0;0;0;0;0;0;0;3326;0;0;0;0;0;0;
37878;4811904;554647552;51077120;507879424;0;0;0;0;0;0;0;0;0;0;0;3297;0;0;0;0;0;0;
37879;3559506;554647552;51077120;507879424;0;0;0;0;0;0;0;0;0;0;0;3857;0;0;0;0;0;0;
37880;4826992;554647552;51077120;507879424;0;0;0;0;0;0;0;0;0;0;0;3346;0;0;0;0;0;0;
37881;3499333;554647552;51077120;507879424;0;0;0;0;0;0;0;0;0;0;0;3456;0;0;0;0;0;0;
37882;4730041;554647552;51077120;507879424;0;0;0;0;0;0;0;0;0;0;0;3637;0;0;0;0;0;0;
37883;3437727;554647552;51077120;507879424;0;0;0;0;0;0;0;0;0;0;0;4328;0;0;0;0;0;0;
37884;4737164;554647552;51077120;507879424;0;0;0;0;0;0;0;0;0;0;0;3366;0;0;0;0;0;0;
37885;3760332;554647552;51077120;507879424;0;0;0;0;0;0;0;0;0;0;0;4048;0;0;0;0;0;0;
37886;5220881;554647552;51077120;507879424;0;0;0;0;0;0;0;0;0;0;0;4278;0;0;0;0;0;0;
37887;3341918;554647552;51077120;507879424;0;0;0;0;0;0;0;0;0;0;0;3426;0;0;0;0;0;0;
37888;4714982;554647552;51077120;507879424;0;0;0;0;0;0;0;0;0;0;0;3326;0;0;0;0;0;0;
37889;3192036;554647552;51077120;507879424;0;0;0;0;0;0;0;0;0;0;0;3386;0;0;0;0;0;0;
37890;4707037;554647552;51077120;507879424;0;0;0;0;0;0;0;0;0;0;0;3056;0;0;0;0;0;0;
37891;3193249;554647552;51077120;507879424;0;0;0;0;0;0;0;0;0;0;0;3206;0;0;0;0;0;0;
37892;4648868;554647552;51077120;507879424;0;0;0;0;0;0;0;0;0;0;0;3026;0;0;0;0;0;0;
37893;3221181;554647552;51077120;507879424;0;0;0;0;0;0;0;0;0;0;0;3527;0;0;0;0;0;0;
37894;4709513;554647552;51077120;507879424;0;0;0;0;0;0;0;0;0;0;0;3506;0;0;0;0;0;0;
37895;3186446;554647552;51077120;507879424;0;0;0;0;0;0;0;0;0;0;0;3456;0;0;0;0;0;0;
37896;4680198;554647552;51077120;507879424;0;0;0;0;0;0;0;0;0;0;0;3115;0;0;0;0;0;0;
37897;3137384;554647552;51077120;507879424;0;0;0;0;0;0;0;0;0;0;0;3346;0;0;0;0;0;0;
37898;4655411;554647552;51077120;507879424;0;0;0;0;0;0;0;0;0;0;0;3186;0;0;0;0;0;0;
37899;3164685;554647552;51077120;507879424;0;0;0;0;0;0;0;0;0;0;0;3948;0;0;0;0;0;0;
37900;4802146;554647552;51077120;507879424;0;0;0;0;0;0;0;0;0;0;0;2856;0;0;0;0;0;0;
37901;3205261;554647552;51077120;507879424;0;0;0;0;0;0;0;0;0;0;0;2896;0;0;0;0;0;0;
37902;4692560;554647552;51077120;507879424;0;0;0;0;0;0;0;0;0;0;0;2765;0;0;0;0;0;0;
37903;3284580;554647552;51077120;507879424;0;0;0;0;0;0;0;0;0;0;0;3036;0;0;0;0;0;0;
37904;4675559;554647552;51077120;507879424;0;0;0;0;0;0;0;0;0;0;0;2835;0;0;0;0;0;0;
37905;3423450;554647552;51077120;507879424;0;0;0;0;0;0;0;0;0;0;0;3526;0;0;0;0;0;0;
37906;4690777;554647552;51077120;507879424;0;0;0;0;0;0;0;0;0;0;0;3206;0;0;0;0;0;0;
37907;3339223;554647552;51077120;507879424;0;0;0;0;0;0;0;0;0;0;0;2695;0;0;0;0;0;0;
37908;4626086;554647552;51077120;507879424;0;0;0;0;0;0;0;0;0;0;0;3036;0;0;0;0;0;0;
37909;3373217;554647552;51077120;507879424;0;0;0;0;0;0;0;0;0;0;0;3466;0;0;0;0;0;0;
37910;4711125;554647552;51077120;507879424;0;0;0;0;0;0;0;0;0;0;0;20819;0;0;0;0;0;0;
37911;3752878;554647552;51077120;507879424;0;0;0;0;0;0;0;0;0;0;0;4549;0;0;0;0;0;0;
37912;5227383;554647552;51077120;507879424;0;0;0;0;0;0;0;0;0;0;0;3396;0;0;0;0;0;0;
37913;3290832;554647552;51077120;507879424;0;0;0;0;0;0;0;0;0;0;0;3527;0;0;0;0;0;0;
37914;4701847;554647552;51077120;507879424;0;0;0;0;0;0;0;0;0;0;0;3386;0;0;0;0;0;0;
37915;3352187;554647552;51077120;507879424;0;0;0;0;0;0;0;0;0;0;0;3848;0;0;0;0;0;0;
37916;4704202;554647552;51077120;507879424;0;0;0;0;0;0;0;0;0;0;0;3376;0;0;0;0;0;0;
37917;3370872;554647552;51077120;507879424;0;0;0;0;0;0;0;0;0;0;0;3366;0;0;0;0;0;0;
37918;4680428;554647552;51077120;507879424;0;0;0;0;0;0;0;0;0;0;0;3246;0;0;0;0;0;0;
37919;3390108;554647552;51077120;507879424;0;0;0;0;0;0;0;0;0;0;0;3326;0;0;0;0;0;0;
37920;4717627;554647552;51077120;507879424;0;0;0;0;0;0;0;0;0;0;0;3186;0;0;0;0;0;0;
37921;3368187;554647552;51077120;507879424;0;0;0;0;0;0;0;0;0;0;0;3397;0;0;0;0;0;0;
37922;4739739;554647552;51077120;507879424;0;0;0;0;0;0;0;0;0;0;0;3556;0;0;0;0;0;0;
37923;3383565;554647552;51077120;507879424;0;0;0;0;0;0;0;0;0;0;0;3005;0;0;0;0;0;0;
37924;4711987;554647552;51077120;507879424;0;0;0;0;0;0;0;0;0;0;0;2885;0;0;0;0;0;0;
37925;3628405;554647552;51077120;507879424;0;0;0;0;0;0;0;0;0;0;0;4208;0;0;0;0;0;0;
37926;4722317;554647552;51077120;507879424;0;0;0;0;0;0;0;0;0;0;0;3356;0;0;0;0;0;0;
37927;3514411;554647552;51077120;507879424;0;0;0;0;0;0;0;0;0;0;0;3868;0;0;0;0;0;0;
37928;4738808;554647552;51077120;507879424;0;0;0;0;0;0;0;0;0;0;0;3407;0;0;0;0;0;0;
37929;3505574;554647552;51077120;507879424;0;0;0;0;0;0;0;0;0;0;0;4148;0;0;0;0;0;0;
37930;4754787;554647552;51077120;507879424;0;0;0;0;0;0;0;0;0;0;0;3617;0;0;0;0;0;0;
37931;3514001;554647552;51077120;507879424;0;0;0;0;0;0;0;0;0;0;0;3267;0;0;0;0;0;0;
37932;4786807;554647552;51077120;507879424;0;0;0;0;0;0;0;0;0;0;0;3547;0;0;0;0;0;0;
37933;3588931;554647552;51077120;507879424;0;0;0;0;0;0;0;0;0;0;0;3427;0;0;0;0;0;0;
37934;4778141;554647552;51077120;507879424;0;0;0;0;0;0;0;0;0;0;0;3096;0;0;0;0;0;0;
37935;3221402;554647552;51077120;507879424;0;0;0;0;0;0;0;0;0;0;0;3126;0;0;0;0;0;0;
37936;4639471;554647552;51077120;507879424;0;0;0;0;0;0;0;0;0;0;0;2705;0;0;0;0;0;0;
37937;3676425;554647552;51077120;507879424;0;0;0;0;0;0;0;0;0;0;0;3006;0;0;0;0;0;0;
37938;4642987;554647552;51077120;507879424;0;0;0;0;0;0;0;0;0;0;0;2765;0;0;0;0;0;0;
37939;3234916;554647552;51077120;507879424;0;0;0;0;0;0;0;0;0;0;0;2946;0;0;0;0;0;0;
37940;4608763;554647552;51077120;507879424;0;0;0;0;0;0;0;0;0;0;0;2675;0;0;0;0;0;0;
37941;3323573;554647552;51077120;507879424;0;0;0;0;0;0;0;0;0;0;0;3056;0;0;0;0;0;0;
37942;4653647;554647552;51077120;507879424;0;0;0;0;0;0;0;0;0;0;0;3086;0;0;0;0;0;0;
37943;3199060;554647552;51077120;507879424;0;0;0;0;0;0;0;0;0;0;0;2365;0;0;0;0;0;0;
37944;4446388;554647552;51077120;507879424;0;0;0;0;0;0;0;0;0;0;0;2715;0;0;0;0;0;0;
37945;2568397;554647552;51077120;507879424;0;0;0;0;0;0;0;0;0;0;0;2355;0;0;0;0;0;0;
37946;4381868;554647552;51077120;507879424;0;0;0;0;0;0;0;0;0;0;0;2124;0;0;0;0;0;0;
37947;2318268;554647552;51077120;507879424;0;0;0;0;0;0;0;0;0;0;0;2405;0;0;0;0;0;0;
37948;4360097;554647552;51077120;507879424;0;0;0;0;0;0;0;0;0;0;0;2334;0;0;0;0;0;0;
37949;2374072;554647552;51077120;507879424;0;0;0;0;0;0;0;0;0;0;0;2545;0;0;0;0;0;0;
37950;4436350;554647552;51077120;507879424;0;0;0;0;0;0;0;0;0;0;0;2615;0;0;0;0;0;0;
37951;2477376;554647552;51077120;507879424;0;0;0;0;0;0;0;0;0;0;0;2284;0;0;0;0;0;0;
37952;4372701;554647552;51077120;507879424;0;0;0;0;0;0;0;0;0;0;0;2274;0;0;0;0;0;0;
37953;2279104;554647552;51077120;507879424;0;0;0;0;0;0;0;0;0;0;0;2665;0;0;0;0;0;0;
37954;4394211;554647552;51077120;507879424;0;0;0;0;0;0;0;0;0;0;0;2194;0;0;0;0;0;0;
37955;2323939;554647552;51077120;507879424;0;0;0;0;0;0;0;0;0;0;0;2505;0;0;0;0;0;0;
37956;4437452;554647552;51077120;507879424;0;0;0;0;0;0;0;0;0;0;0;2284;0;0;0;0;0;0;
37957;2319280;554647552;51077120;507879424;0;0;0;0;0;0;0;0;0;0;0;2545;0;0;0;0;0;0;
37958;4431090;554647552;51077120;507879424;0;0;0;0;0;0;0;0;0;0;0;2405;0;0;0;0;0;0;
37959;2302378;554647552;51077120;507879424;0;0;0;0;0;0;0;0;0;0;0;2434;0;0;0;0;0;0;
37960;4468791;554647552;51077120;507879424;0;0;0;0;0;0;0;0;0;0;0;3166;0;0;0;0;0;0;
37961;2314481;554647552;51077120;507879424;0;0;0;0;0;0;0;0;0;0;0;2875;0;0;0;0;0;0;
37962;4401624;554647552;51077120;507879424;0;0;0;0;0;0;0;0;0;0;0;2264;0;0;0;0;0;0;
37963;2389932;554647552;51077120;507879424;0;0;0;0;0;0;0;0;0;0;0;2465;0;0;0;0;0;0;
37964;4421402;554647552;51077120;507879424;0;0;0;0;0;0;0;0;0;0;0;3166;0;0;0;0;0;0;
37965;2772359;554647552;51077120;507879424;0;0;0;0;0;0;0;0;0;0;0;3467;0;0;0;0;0;0;
37966;4863781;554647552;51077120;507879424;0;0;0;0;0;0;0;0;0;0;0;2234;0;0;0;0;0;0;
37967;2398378;554647552;51077120;507879424;0;0;0;0;0;0;0;0;0;0;0;2214;0;0;0;0;0;0;
37968;4434857;554647552;51077120;507879424;0;0;0;0;0;0;0;0;0;0;0;2215;0;0;0;0;0;0;
37969;2392747;554647552;51077120;507879424;0;0;0;0;0;0;0;0;0;0;0;2344;0;0;0;0;0;0;
37970;4392447;554647552;51077120;507879424;0;0;0;0;0;0;0;0;0;0;0;2114;0;0;0;0;0;0;
37971;2363422;554647552;51077120;507879424;0;0;0;0;0;0;0;0;0;0;0;2175;0;0;0;0;0;0;
37972;4477487;554647552;51077120;507879424;0;0;0;0;0;0;0;0;0;0;0;2034;0;0;0;0;0;0;
37973;2424236;554647552;51077120;507879424;0;0;0;0;0;0;0;0;0;0;0;2715;0;0;0;0;0;0;
37974;4465785;554647552;51077120;507879424;0;0;0;0;0;0;0;0;0;0;0;2354;0;0;0;0;0;0;
37975;2423875;554647552;51077120;507879424;0;0;0;0;0;0;0;0;0;0;0;2916;0;0;0;0;0;0;
37976;4478770;554647552;51077120;507879424;0;0;0;0;0;0;0;0;0;0;0;2344;0;0;0;0;0;0;
37977;2362701;554647552;51077120;507879424;0;0;0;0;0;0;0;0;0;0;0;2776;0;0;0;0;0;0;
37978;4414419;554647552;51077120;507879424;0;0;0;0;0;0;0;0;0;0;0;2385;0;0;0;0;0;0;
37979;2482486;554647552;51077120;507879424;0;0;0;0;0;0;0;0;0;0;0;2625;0;0;0;0;0;0;
37980;4453452;554647552;51077120;507879424;0;0;0;0;0;0;0;0;0;0;0;2675;0;0;0;0;0;0;
37981;2442881;554647552;51077120;507879424;0;0;0;0;0;0;0;0;0;0;0;3105;0;0;0;0;0;0;
37982;4397787;554647552;51077120;507879424;0;0;0;0;0;0;0;0;0;0;0;2545;0;0;0;0;0;0;
37983;2379803;554647552;51077120;507879424;0;0;0;0;0;0;0;0;0;0;0;2374;0;0;0;0;0;0;
37984;4430800;554647552;51077120;507879424;0;0;0;0;0;0;0;0;0;0;0;2154;0;0;0;0;0;0;
37985;2362411;554647552;51077120;507879424;0;0;0;0;0;0;0;0;0;0;0;2915;0;0;0;0;0;0;
37986;4423977;554647552;51077120;507879424;0;0;0;0;0;0;0;0;0;0;0;2164;0;0;0;0;0;0;
37987;2350739;554647552;51077120;507879424;0;0;0;0;0;0;0;0;0;0;0;2445;0;0;0;0;0;0;
37988;4426021;554647552;51077120;507879424;0;0;0;0;0;0;0;0;0;0;0;2024;0;0;0;0;0;0;
37989;2437872;554647552;51077120;507879424;0;0;0;0;0;0;0;0;0;0;0;3026;0;0;0;0;0;0;
37990;4473059;554647552;51077120;507879424;0;0;0;0;0;0;0;0;0;0;0;2504;0;0;0;0;0;0;
37991;2382348;554647552;51077120;507879424;0;0;0;0;0;0;0;0;0;0;0;2335;0;0;0;0;0;0;
37992;4450837;554647552;51077120;507879424;0;0;0;0;0;0;0;0;0;0;0;2384;0;0;0;0;0;0;
37993;2380505;554647552;51077120;507879424;0;0;0;0;0;0;0;0;0;0;0;2645;0;0;0;0;0;0;
37994;4530516;554647552;51077120;507879424;0;0;0;0;0;0;0;0;0;0;0;1943;0;0;0;0;0;0;
37995;3184482;554647552;51077120;507879424;0;0;0;0;0;0;0;0;0;0;0;3567;0;0;0;0;0;0;
37996;4421943;554647552;51077120;507879424;0;0;0;0;0;0;0;0;0;0;0;1964;0;0;0;0;0;0;
37997;2466075;554647552;51077120;507879424;0;0;0;0;0;0;0;0;0;0;0;3156;0;0;0;0;0;0;
37998;4427403;554647552;51077120;507879424;0;0;0;0;0;0;0;0;0;0;0;2395;0;0;0;0;0;0;
37999;2327475;554647552;51077120;507879424;0;0;0;0;0;0;0;0;0;0;0;3466;0;0;0;0;0;0;
38000;4461668;554647552;51077120;507879424;0;0;0;0;0;0;0;0;0;0;0;2525;0;0;0;0;0;0;
38001;2426931;554647552;51077120;507879424;0;0;0;0;0;0;0;0;0;0;0;2705;0;0;0;0;0;0;
38002;4462629;554647552;51077120;507879424;0;0;0;0;0;0;0;0;0;0;0;2364;0;0;0;0;0;0;
38003;2481924;554647552;51077120;507879424;0;0;0;0;0;0;0;0;0;0;0;2725;0;0;0;0;0;0;
38004;4417424;554647552;51077120;507879424;0;0;0;0;0;0;0;0;0;0;0;2525;0;0;0;0;0;0;
38005;2308650;554647552;51077120;507879424;0;0;0;0;0;0;0;0;0;0;0;3246;0;0;0;0;0;0;
38006;4391777;554647552;51077120;507879424;0;0;0;0;0;0;0;0;0;0;0;2155;0;0;0;0;0;0;
38007;2308449;554647552;51077120;507879424;0;0;0;0;0;0;0;0;0;0;0;2956;0;0;0;0;0;0;
38008;4436500;554647552;51077120;507879424;0;0;0;0;0;0;0;0;0;0;0;2645;0;0;0;0;0;0;
38009;2303550;554647552;51077120;507879424;0;0;0;0;0;0;0;0;0;0;0;2936;0;0;0;0;0;0;
38010;4424237;554647552;51077120;507879424;0;0;0;0;0;0;0;0;0;0;0;2365;0;0;0;0;0;0;
38011;2297979;554647552;51077120;507879424;0;0;0;0;0;0;0;0;0;0;0;2494;0;0;0;0;0;0;
38012;4410130;554647552;51077120;507879424;0;0;0;0;0;0;0;0;0;0;0;2685;0;0;0;0;0;0;
38013;2441839;554647552;51077120;507879424;0;0;0;0;0;0;0;0;0;0;0;2644;0;0;0;0;0;0;
38014;4424628;554647552;51077120;507879424;0;0;0;0;0;0;0;0;0;0;0;2825;0;0;0;0;0;0;
38015;2351380;554647552;51077120;507879424;0;0;0;0;0;0;0;0;0;0;0;2435;0;0;0;0;0;0;
38016;4425109;554647552;51077120;507879424;0;0;0;0;0;0;0;0;0;0;0;2274;0;0;0;0;0;0;
38017;2365647;554647552;51077120;507879424;0;0;0;0;0;0;0;0;0;0;0;2675;0;0;0;0;0;0;
38018;4401184;554647552;51077120;507879424;0;0;0;0;0;0;0;0;0;0;0;2184;0;0;0;0;0;0;
38019;2610186;554647552;51077120;507879424;0;0;0;0;0;0;0;0;0;0;0;2063;0;0;0;0;0;0;
38020;4381988;554647552;51077120;507879424;0;0;0;0;0;0;0;0;0;0;0;2395;0;0;0;0;0;0;
38021;2362962;554647552;51077120;507879424;0;0;0;0;0;0;0;0;0;0;0;2164;0;0;0;0;0;0;
38022;4396735;554647552;51077120;507879424;0;0;0;0;0;0;0;0;0;0;0;2154;0;0;0;0;0;0;
38023;2307367;554647552;51077120;507879424;0;0;0;0;0;0;0;0;0;0;0;2635;0;0;0;0;0;0;
38024;4423866;554647552;51077120;507879424;0;0;0;0;0;0;0;0;0;0;0;2184;0;0;0;0;0;0;
38025;3441704;554647552;51077120;507879424;0;0;0;0;0;0;0;0;0;0;0;2314;0;0;0;0;0;0;
38026;4400583;554647552;51077120;507879424;0;0;0;0;0;0;0;0;0;0;0;2225;0;0;0;0;0;0;
38027;2410871;554647552;51077120;507879424;0;0;0;0;0;0;0;0;0;0;0;2665;0;0;0;0;0;0;
38028;4422925;554647552;51077120;507879424;0;0;0;0;0;0;0;0;0;0;0;2614;0;0;0;0;0;0;
38029;2446929;554647552;51077120;507879424;0;0;0;0;0;0;0;0;0;0;0;2755;0;0;0;0;0;0;
38030;4402165;554647552;51077120;507879424;0;0;0;0;0;0;0;0;0;0;0;2244;0;0;0;0;0;0;
38031;2415771;554647552;51077120;507879424;0;0;0;0;0;0;0;0;0;0;0;2474;0;0;0;0;0;0;
38032;4424137;554647552;51077120;507879424;0;0;0;0;0;0;0;0;0;0;0;2314;0;0;0;0;0;0;
38033;2352071;554647552;51077120;507879424;0;0;0;0;0;0;0;0;0;0;0;3016;0;0;0;0;0;0;
38034;4458601;554647552;51077120;507879424;0;0;0;0;0;0;0;0;0;0;0;2374;0;0;0;0;0;0;
38035;2333216;554647552;51077120;507879424;0;0;0;0;0;0;0;0;0;0;0;2645;0;0;0;0;0;0;
38036;4465825;554647552;51077120;507879424;0;0;0;0;0;0;0;0;0;0;0;2505;0;0;0;0;0;0;
38037;2413656;554647552;51077120;507879424;0;0;0;0;0;0;0;0;0;0;0;2956;0;0;0;0;0;0;
38038;7483144;554647552;51077120;507879424;0;0;0;0;0;0;0;0;0;0;0;2265;0;0;0;0;0;0;
38039;8386808;554647552;51077120;507879424;0;0;0;0;0;0;0;0;0;0;0;2655;0;0;0;0;0;0;
38040;4486724;554647552;51077120;507879424;0;0;0;0;0;0;0;0;0;0;0;2033;0;0;0;0;0;0;
38041;2387066;554647552;51077120;507879424;0;0;0;0;0;0;0;0;0;0;0;2364;0;0;0;0;0;0;
38042;4490352;554647552;51077120;507879424;0;0;0;0;0;0;0;0;0;0;0;2244;0;0;0;0;0;0;
38043;2295325;554647552;51077120;507879424;0;0;0;0;0;0;0;0;0;0;0;2665;0;0;0;0;0;0;
38044;4503225;554647552;51077120;507879424;0;0;0;0;0;0;0;0;0;0;0;2525;0;0;0;0;0;0;
38045;2328807;554647552;51077120;507879424;0;0;0;0;0;0;0;0;0;0;0;2244;0;0;0;0;0;0;
38046;4443924;554647552;51077120;507879424;0;0;0;0;0;0;0;0;0;0;0;2575;0;0;0;0;0;0;
38047;2347823;554647552;51077120;507879424;0;0;0;0;0;0;0;0;0;0;0;3016;0;0;0;0;0;0;
38048;4427623;554647552;51077120;507879424;0;0;0;0;0;0;0;0;0;0;0;2354;0;0;0;0;0;0;
38049;2322706;554647552;51077120;507879424;0;0;0;0;0;0;0;0;0;0;0;2776;0;0;0;0;0;0;
38050;4392818;554647552;51077120;507879424;0;0;0;0;0;0;0;0;0;0;0;2124;0;0;0;0;0;0;
38051;2285837;554647552;51077120;507879424;0;0;0;0;0;0;0;0;0;0;0;2504;0;0;0;0;0;0;
38052;4584317;554647552;51077120;507879424;0;0;0;0;0;0;0;0;0;0;0;2494;0;0;0;0;0;0;
38053;2641493;554647552;51077120;507879424;0;0;0;0;0;0;0;0;0;0;0;2806;0;0;0;0;0;0;
38054;4449395;554647552;51077120;507879424;0;0;0;0;0;0;0;0;0;0;0;2374;0;0;0;0;0;0;
38055;2262313;554647552;51077120;507879424;0;0;0;0;0;0;0;0;0;0;0;2555;0;0;0;0;0;0;
38056;4382369;554647552;51077120;507879424;0;0;0;0;0;0;0;0;0;0;0;2285;0;0;0;0;0;0;
38057;2238198;554647552;51077120;507879424;0;0;0;0;0;0;0;0;0;0;0;2615;0;0;0;0;0;0;
38058;4421793;554647552;51077120;507879424;0;0;0;0;0;0;0;0;0;0;0;2275;0;0;0;0;0;0;
38059;2317356;554647552;51077120;507879424;0;0;0;0;0;0;0;0;0;0;0;2815;0;0;0;0;0;0;
38060;4502925;554647552;51077120;507879424;0;0;0;0;0;0;0;0;0;0;0;2885;0;0;0;0;0;0;
38061;2343184;554647552;51077120;507879424;0;0;0;0;0;0;0;0;0;0;0;3045;0;0;0;0;0;0;
38062;4572115;554647552;51077120;507879424;0;0;0;0;0;0;0;0;0;0;0;2675;0;0;0;0;0;0;
38063;2351851;554647552;51077120;507879424;0;0;0;0;0;0;0;0;0;0;0;2334;0;0;0;0;0;0;
38064;4423425;554647552;51077120;507879424;0;0;0;0;0;0;0;0;0;0;0;2064;0;0;0;0;0;0;
38065;2356248;554647552;51077120;507879424;0;0;0;0;0;0;0;0;0;0;0;2375;0;0;0;0;0;0;
38066;4406053;554647552;51077120;507879424;0;0;0;0;0;0;0;0;0;0;0;2184;0;0;0;0;0;0;
38067;2346721;554647552;51077120;507879424;0;0;0;0;0;0;0;0;0;0;0;2404;0;0;0;0;0;0;
38068;4401795;554647552;51077120;507879424;0;0;0;0;0;0;0;0;0;0;0;2204;0;0;0;0;0;0;
38069;2363343;554647552;51077120;507879424;0;0;0;0;0;0;0;0;0;0;0;2234;0;0;0;0;0;0;
38070;4445177;554647552;51077120;507879424;0;0;0;0;0;0;0;0;0;0;0;2494;0;0;0;0;0;0;
38071;2224201;554647552;51077120;507879424;0;0;0;0;0;0;0;0;0;0;0;2404;0;0;0;0;0;0;
38072;4462279;554647552;51077120;507879424;0;0;0;0;0;0;0;0;0;0;0;2575;0;0;0;0;0;0;
38073;2285316;554647552;51077120;507879424;0;0;0;0;0;0;0;0;0;0;0;2625;0;0;0;0;0;0;
38074;4413237;554647552;51077120;507879424;0;0;0;0;0;0;0;0;0;0;0;2425;0;0;0;0;0;0;
38075;2302999;554647552;51077120;507879424;0;0;0;0;0;0;0;0;0;0;0;2796;0;0;0;0;0;0;
38076;4412465;554647552;51077120;507879424;0;0;0;0;0;0;0;0;0;0;0;2394;0;0;0;0;0;0;
38077;2280667;554647552;51077120;507879424;0;0;0;0;0;0;0;0;0;0;0;2866;0;0;0;0;0;0;
38078;4482897;554647552;51077120;507879424;0;0;0;0;0;0;0;0;0;0;0;2545;0;0;0;0;0;0;
38079;2327225;554647552;51077120;507879424;0;0;0;0;0;0;0;0;0;0;0;2885;0;0;0;0;0;0;
38080;4447181;554647552;51077120;507879424;0;0;0;0;0;0;0;0;0;0;0;2595;0;0;0;0;0;0;
38081;2314590;554647552;51077120;507879424;0;0;0;0;0;0;0;0;0;0;0;2795;0;0;0;0;0;0;
38082;4609204;554647552;51077120;507879424;0;0;0;0;0;0;0;0;0;0;0;2314;0;0;0;0;0;0;
38083;3483553;554647552;51077120;507879424;0;0;0;0;0;0;0;0;0;0;0;2976;0;0;0;0;0;0;
38084;4442902;554647552;51077120;507879424;0;0;0;0;0;0;0;0;0;0;0;2555;0;0;0;0;0;0;
38085;2349215;554647552;51077120;507879424;0;0;0;0;0;0;0;0;0;0;0;3076;0;0;0;0;0;0;
38086;4485943;554647552;51077120;507879424;0;0;0;0;0;0;0;0;0;0;0;2495;0;0;0;0;0;0;
38087;2304943;554647552;51077120;507879424;0;0;0;0;0;0;0;0;0;0;0;2935;0;0;0;0;0;0;
38088;4388370;554647552;51077120;507879424;0;0;0;0;0;0;0;0;0;0;0;2585;0;0;0;0;0;0;
38089;2205647;554647552;51077120;507879424;0;0;0;0;0;0;0;0;0;0;0;2725;0;0;0;0;0;0;
38090;4435298;554647552;51077120;507879424;0;0;0;0;0;0;0;0;0;0;0;2385;0;0;0;0;0;0;
38091;2258836;554647552;51077120;507879424;0;0;0;0;0;0;0;0;0;0;0;2615;0;0;0;0;0;0;
38092;4382428;554647552;51077120;507879424;0;0;0;0;0;0;0;0;0;0;0;2255;0;0;0;0;0;0;
38093;2481233;554647552;51077120;507879424;0;0;0;0;0;0;0;0;0;0;0;2294;0;0;0;0;0;0;
38094;4376688;554647552;51077120;507879424;0;0;0;0;0;0;0;0;0;0;0;2475;0;0;0;0;0;0;
38095;2268965;554647552;51077120;507879424;0;0;0;0;0;0;0;0;0;0;0;2886;0;0;0;0;0;0;
38096;4393519;554647552;51077120;507879424;0;0;0;0;0;0;0;0;0;0;0;2725;0;0;0;0;0;0;
38097;2245200;554647552;51077120;507879424;0;0;0;0;0;0;0;0;0;0;0;2866;0;0;0;0;0;0;
38098;4548891;554647552;51077120;507879424;0;0;0;0;0;0;0;0;0;0;0;2996;0;0;0;0;0;0;
38099;2333596;554647552;51085312;507887616;0;0;0;0;0;0;0;0;0;0;0;2244;0;0;0;0;0;0;
38100;4456367;554647552;51085312;507887616;0;0;0;0;0;0;0;0;0;0;0;2525;0;0;0;0;0;0;
38101;2218361;554647552;51085312;507887616;0;0;0;0;0;0;0;0;0;0;0;2765;0;0;0;0;0;0;
38102;4422444;554647552;51085312;507887616;0;0;0;0;0;0;0;0;0;0;0;2495;0;0;0;0;0;0;
38103;2199986;554647552;51085312;507887616;0;0;0;0;0;0;0;0;0;0;0;2455;0;0;0;0;0;0;
38104;4477958;554647552;51085312;507887616;0;0;0;0;0;0;0;0;0;0;0;2635;0;0;0;0;0;0;
38105;2349716;554807296;51077120;507879424;0;0;0;0;0;0;0;0;0;0;0;2505;0;0;0;0;0;0;
38106;4525296;554807296;51077120;507879424;0;0;0;0;0;0;0;0;0;0;0;2705;0;0;0;0;0;0;
38107;2174017;554807296;51077120;507879424;0;0;0;0;0;0;0;0;0;0;0;2866;0;0;0;0;0;0;
38108;4422114;554807296;51077120;507879424;0;0;0;0;0;0;0;0;0;0;0;2595;0;0;0;0;0;0;
38109;2177755;554807296;51077120;507879424;0;0;0;0;0;0;0;0;0;0;0;3065;0;0;0;0;0;0;
38110;4392237;554807296;51077120;507879424;0;0;0;0;0;0;0;0;0;0;0;2053;0;0;0;0;0;0;
38111;2094749;554807296;51077120;507879424;0;0;0;0;0;0;0;0;0;0;0;2175;0;0;0;0;0;0;
38112;4374655;554807296;51077120;507879424;0;0;0;0;0;0;0;0;0;0;0;2114;0;0;0;0;0;0;
38113;2720572;554807296;51077120;507879424;0;0;0;0;0;0;0;0;0;0;0;3647;0;0;0;0;0;0;
38114;4801846;554807296;51077120;507879424;0;0;0;0;0;0;0;0;0;0;0;2335;0;0;0;0;0;0;
38115;2120577;554807296;51077120;507879424;0;0;0;0;0;0;0;0;0;0;0;2165;0;0;0;0;0;0;
38116;4372801;554807296;51077120;507879424;0;0;0;0;0;0;0;0;0;0;0;2234;0;0;0;0;0;0;
38117;2138541;554807296;51077120;507879424;0;0;0;0;0;0;0;0;0;0;0;2285;0;0;0;0;0;0;
38118;4340961;554807296;51077120;507879424;0;0;0;0;0;0;0;0;0;0;0;2244;0;0;0;0;0;0;
38119;2053512;554807296;51077120;507879424;0;0;0;0;0;0;0;0;0;0;0;2224;0;0;0;0;0;0;
38120;4361780;554807296;51077120;507879424;0;0;0;0;0;0;0;0;0;0;0;2154;0;0;0;0;0;0;
38121;2110989;554807296;51077120;507879424;0;0;0;0;0;0;0;0;0;0;0;2064;0;0;0;0;0;0;
38122;4354787;554807296;51077120;507879424;0;0;0;0;0;0;0;0;0;0;0;1884;0;0;0;0;0;0;
38123;2079099;554807296;51077120;507879424;0;0;0;0;0;0;0;0;0;0;0;2214;0;0;0;0;0;0;
38124;4330311;554807296;51077120;507879424;0;0;0;0;0;0;0;0;0;0;0;2154;0;0;0;0;0;0;
38125;2094238;554807296;51077120;507879424;0;0;0;0;0;0;0;0;0;0;0;2094;0;0;0;0;0;0;
38126;4351791;554807296;51077120;507879424;0;0;0;0;0;0;0;0;0;0;0;1944;0;0;0;0;0;0;
38127;2108574;554807296;51077120;507879424;0;0;0;0;0;0;0;0;0;0;0;2224;0;0;0;0;0;0;
38128;4452360;554807296;51077120;507879424;0;0;0;0;0;0;0;0;0;0;0;2485;0;0;0;0;0;0;
38129;2156244;554807296;51077120;507879424;0;0;0;0;0;0;0;0;0;0;0;2184;0;0;0;0;0;0;
38130;4359196;554807296;51077120;507879424;0;0;0;0;0;0;0;0;0;0;0;1943;0;0;0;0;0;0;
38131;2070783;554807296;51077120;507879424;0;0;0;0;0;0;0;0;0;0;0;2084;0;0;0;0;0;0;
38132;4345790;554807296;51077120;507879424;0;0;0;0;0;0;0;0;0;0;0;2074;0;0;0;0;0;0;
38133;2132640;554807296;51077120;507879424;0;0;0;0;0;0;0;0;0;0;0;2645;0;0;0;0;0;0;
38134;4332054;554807296;51077120;507879424;0;0;0;0;0;0;0;0;0;0;0;2154;0;0;0;0;0;0;
38135;2034145;554807296;51077120;507879424;0;0;0;0;0;0;0;0;0;0;0;2014;0;0;0;0;0;0;
38136;4352713;554807296;51077120;507879424;0;0;0;0;0;0;0;0;0;0;0;2525;0;0;0;0;0;0;
38137;2045085;554807296;51077120;507879424;0;0;0;0;0;0;0;0;0;0;0;2815;0;0;0;0;0;0;
38138;4334028;554807296;51077120;507879424;0;0;0;0;0;0;0;0;0;0;0;2024;0;0;0;0;0;0;
38139;2090490;554807296;51077120;507879424;0;0;0;0;0;0;0;0;0;0;0;2425;0;0;0;0;0;0;
38140;4306988;554807296;51077120;507879424;0;0;0;0;0;0;0;0;0;0;0;2154;0;0;0;0;0;0;
38141;2192291;554807296;51077120;507879424;0;0;0;0;0;0;0;0;0;0;0;2425;0;0;0;0;0;0;
38142;4307728;554807296;51077120;507879424;0;0;0;0;0;0;0;0;0;0;0;2224;0;0;0;0;0;0;
38143;2099888;554807296;51077120;507879424;0;0;0;0;0;0;0;0;0;0;0;2314;0;0;0;0;0;0;
38144;4399982;554807296;51077120;507879424;0;0;0;0;0;0;0;0;0;0;0;2184;0;0;0;0;0;0;
38145;2900309;554807296;51077120;507879424;0;0;0;0;0;0;0;0;0;0;0;2535;0;0;0;0;0;0;
38146;4352072;554807296;51077120;507879424;0;0;0;0;0;0;0;0;0;0;0;2314;0;0;0;0;0;0;
38147;2012133;554807296;51077120;507879424;0;0;0;0;0;0;0;0;0;0;0;2364;0;0;0;0;0;0;
38148;4408808;554807296;51077120;507879424;0;0;0;0;0;0;0;0;0;0;0;2454;0;0;0;0;0;0;
38149;2001093;554807296;51077120;507879424;0;0;0;0;0;0;0;0;0;0;0;2806;0;0;0;0;0;0;
38150;4323107;554807296;51077120;507879424;0;0;0;0;0;0;0;0;0;0;0;2335;0;0;0;0;0;0;
38151;1950487;554807296;51077120;507879424;0;0;0;0;0;0;0;0;0;0;0;2344;0;0;0;0;0;0;
38152;4375696;554807296;51077120;507879424;0;0;0;0;0;0;0;0;0;0;0;2154;0;0;0;0;0;0;
38153;2006293;554807296;51077120;507879424;0;0;0;0;0;0;0;0;0;0;0;2555;0;0;0;0;0;0;
38154;4318809;554807296;51077120;507879424;0;0;0;0;0;0;0;0;0;0;0;2044;0;0;0;0;0;0;
38155;1954626;554807296;51077120;507879424;0;0;0;0;0;0;0;0;0;0;0;2074;0;0;0;0;0;0;
38156;4273274;554807296;51077120;507879424;0;0;0;0;0;0;0;0;0;0;0;2024;0;0;0;0;0;0;
38157;1998478;554807296;51077120;507879424;0;0;0;0;0;0;0;0;0;0;0;2134;0;0;0;0;0;0;
38158;4312959;554807296;51077120;507879424;0;0;0;0;0;0;0;0;0;0;0;1904;0;0;0;0;0;0;
38159;2032171;554807296;51077120;507879424;0;0;0;0;0;0;0;0;0;0;0;2124;0;0;0;0;0;0;
38160;4300645;554807296;51077120;507879424;0;0;0;0;0;0;0;0;0;0;0;1954;0;0;0;0;0;0;
38161;1988930;554807296;51077120;507879424;0;0;0;0;0;0;0;0;0;0;0;2064;0;0;0;0;0;0;
38162;4313860;554807296;51077120;507879424;0;0;0;0;0;0;0;0;0;0;0;1964;0;0;0;0;0;0;
38163;2129073;554807296;51077120;507879424;0;0;0;0;0;0;0;0;0;0;0;2294;0;0;0;0;0;0;
38164;4328377;554807296;51077120;507879424;0;0;0;0;0;0;0;0;0;0;0;2014;0;0;0;0;0;0;
38165;2537489;554807296;51077120;507879424;0;0;0;0;0;0;0;0;0;0;0;3146;0;0;0;0;0;0;
38166;4650080;554807296;51077120;507879424;0;0;0;0;0;0;0;0;0;0;0;2866;0;0;0;0;0;0;
38167;3475739;554807296;51077120;507879424;0;0;0;0;0;0;0;0;0;0;0;3296;0;0;0;0;0;0;
38168;4635834;554807296;51077120;507879424;0;0;0;0;0;0;0;0;0;0;0;2945;0;0;0;0;0;0;
38169;3218766;554807296;51077120;507879424;0;0;0;0;0;0;0;0;0;0;0;3106;0;0;0;0;0;0;
38170;4666231;554807296;51077120;507879424;0;0;0;0;0;0;0;0;0;0;0;3216;0;0;0;0;0;0;
38171;3366233;554807296;51077120;507879424;0;0;0;0;0;0;0;0;0;0;0;10600;0;0;0;0;0;0;
38172;4702479;554807296;51077120;507879424;0;0;0;0;0;0;0;0;0;0;0;3166;0;0;0;0;0;0;
38173;3441904;554807296;51077120;507879424;0;0;0;0;0;0;0;0;0;0;0;3026;0;0;0;0;0;0;
38174;4652295;554807296;51077120;507879424;0;0;0;0;0;0;0;0;0;0;0;2524;0;0;0;0;0;0;
38175;4028876;554807296;51077120;507879424;0;0;0;0;0;0;0;0;0;0;0;2925;0;0;0;0;0;0;
38176;4758915;554807296;51077120;507879424;0;0;0;0;0;0;0;0;0;0;0;3166;0;0;0;0;0;0;
38177;3317061;554807296;51077120;507879424;0;0;0;0;0;0;0;0;0;0;0;2835;0;0;0;0;0;0;
38178;4717337;554807296;51077120;507879424;0;0;0;0;0;0;0;0;0;0;0;2766;0;0;0;0;0;0;
38179;3458646;554807296;51077120;507879424;0;0;0;0;0;0;0;0;0;0;0;3095;0;0;0;0;0;0;
38180;4713841;554807296;51077120;507879424;0;0;0;0;0;0;0;0;0;0;0;2805;0;0;0;0;0;0;
38181;3373337;554807296;51077120;507879424;0;0;0;0;0;0;0;0;0;0;0;2976;0;0;0;0;0;0;
38182;4753775;554807296;51077120;507879424;0;0;0;0;0;0;0;0;0;0;0;3136;0;0;0;0;0;0;
38183;3316270;554807296;51077120;507879424;0;0;0;0;0;0;0;0;0;0;0;2966;0;0;0;0;0;0;
38184;4730692;554807296;51077120;507879424;0;0;0;0;0;0;0;0;0;0;0;2915;0;0;0;0;0;0;
38185;3424232;554807296;51077120;507879424;0;0;0;0;0;0;0;0;0;0;0;3537;0;0;0;0;0;0;
38186;4672733;554807296;51077120;507879424;0;0;0;0;0;0;0;0;0;0;0;2845;0;0;0;0;0;0;
38187;3321519;554807296;51077120;507879424;0;0;0;0;0;0;0;0;0;0;0;2976;0;0;0;0;0;0;
38188;4689073;554807296;51077120;507879424;0;0;0;0;0;0;0;0;0;0;0;2835;0;0;0;0;0;0;
38189;3329985;554807296;51077120;507879424;0;0;0;0;0;0;0;0;0;0;0;2875;0;0;0;0;0;0;
38190;4783030;554807296;51077120;507879424;0;0;0;0;0;0;0;0;0;0;0;2886;0;0;0;0;0;0;
38191;3398654;554807296;51077120;507879424;0;0;0;0;0;0;0;0;0;0;0;3286;0;0;0;0;0;0;
38192;4736012;554807296;51077120;507879424;0;0;0;0;0;0;0;0;0;0;0;3066;0;0;0;0;0;0;
38193;3480227;554807296;51077120;507879424;0;0;0;0;0;0;0;0;0;0;0;3116;0;0;0;0;0;0;
38194;4759856;554807296;51077120;507879424;0;0;0;0;0;0;0;0;0;0;0;3076;0;0;0;0;0;0;
38195;3605842;554807296;51077120;507879424;0;0;0;0;0;0;0;0;0;0;0;3025;0;0;0;0;0;0;
38196;4661923;554807296;51077120;507879424;0;0;0;0;0;0;0;0;0;0;0;3056;0;0;0;0;0;0;
38197;3538276;554807296;51077120;507879424;0;0;0;0;0;0;0;0;0;0;0;3397;0;0;0;0;0;0;
38198;4706166;554807296;51077120;507879424;0;0;0;0;0;0;0;0;0;0;0;3597;0;0;0;0;0;0;
38199;3592247;554807296;51077120;507879424;0;0;0;0;0;0;0;0;0;0;0;3857;0;0;0;0;0;0;
38200;5379919;554807296;51077120;507879424;0;0;0;0;0;0;0;0;0;0;0;3546;0;0;0;0;0;0;
38201;3414604;554807296;51077120;507879424;0;0;0;0;0;0;0;0;0;0;0;2895;0;0;0;0;0;0;
38202;4396936;554807296;51077120;507879424;0;0;0;0;0;0;0;0;0;0;0;2534;0;0;0;0;0;0;
38203;2030779;554807296;51077120;507879424;0;0;0;0;0;0;0;0;0;0;0;2505;0;0;0;0;0;0;
38204;4385856;554807296;51077120;507879424;0;0;0;0;0;0;0;0;0;0;0;2124;0;0;0;0;0;0;
38205;2105359;554807296;51077120;507879424;0;0;0;0;0;0;0;0;0;0;0;2364;0;0;0;0;0;0;
38206;4345689;554807296;51077120;507879424;0;0;0;0;0;0;0;0;0;0;0;2103;0;0;0;0;0;0;
38207;2067016;554807296;51077120;507879424;0;0;0;0;0;0;0;0;0;0;0;2725;0;0;0;0;0;0;
38208;4358383;554807296;51077120;507879424;0;0;0;0;0;0;0;0;0;0;0;2023;0;0;0;0;0;0;
38209;2142187;554807296;51077120;507879424;0;0;0;0;0;0;0;0;0;0;0;2745;0;0;0;0;0;0;
38210;4396966;554807296;51077120;507879424;0;0;0;0;0;0;0;0;0;0;0;2214;0;0;0;0;0;0;
38211;2182944;554807296;51077120;507879424;0;0;0;0;0;0;0;0;0;0;0;2926;0;0;0;0;0;0;
38212;4446910;554807296;51077120;507879424;0;0;0;0;0;0;0;0;0;0;0;2354;0;0;0;0;0;0;
38213;2208492;554807296;51077120;507879424;0;0;0;0;0;0;0;0;0;0;0;2675;0;0;0;0;0;0;
38214;4360147;554807296;51077120;507879424;0;0;0;0;0;0;0;0;0;0;0;2234;0;0;0;0;0;0;
38215;2143880;554807296;51077120;507879424;0;0;0;0;0;0;0;0;0;0;0;2765;0;0;0;0;0;0;
38216;4348685;554807296;51077120;507879424;0;0;0;0;0;0;0;0;0;0;0;2134;0;0;0;0;0;0;
38217;2135585;554807296;51077120;507879424;0;0;0;0;0;0;0;0;0;0;0;2545;0;0;0;0;0;0;
38218;4424267;554807296;51077120;507879424;0;0;0;0;0;0;0;0;0;0;0;2184;0;0;0;0;0;0;
38219;2129574;554807296;51077120;507879424;0;0;0;0;0;0;0;0;0;0;0;2936;0;0;0;0;0;0;
38220;4400463;554807296;51077120;507879424;0;0;0;0;0;0;0;0;0;0;0;2114;0;0;0;0;0;0;
38221;2118643;554807296;51077120;507879424;0;0;0;0;0;0;0;0;0;0;0;2234;0;0;0;0;0;0;
38222;4370296;554807296;51077120;507879424;0;0;0;0;0;0;0;0;0;0;0;2134;0;0;0;0;0;0;
38223;2045035;554807296;51077120;507879424;0;0;0;0;0;0;0;0;0;0;0;2404;0;0;0;0;0;0;
38224;4369395;554807296;51077120;507879424;0;0;0;0;0;0;0;0;0;0;0;2494;0;0;0;0;0;0;
38225;2075582;554807296;51077120;507879424;0;0;0;0;0;0;0;0;0;0;0;2425;0;0;0;0;0;0;
38226;4388520;554807296;51077120;507879424;0;0;0;0;0;0;0;0;0;0;0;2454;0;0;0;0;0;0;
38227;2145133;554807296;51077120;507879424;0;0;0;0;0;0;0;0;0;0;0;2354;0;0;0;0;0;0;
38228;4362801;554807296;51077120;507879424;0;0;0;0;0;0;0;0;0;0;0;2184;0;0;0;0;0;0;
38229;2107833;554807296;51077120;507879424;0;0;0;0;0;0;0;0;0;0;0;2124;0;0;0;0;0;0;
38230;4399802;554807296;51077120;507879424;0;0;0;0;0;0;0;0;0;0;0;2414;0;0;0;0;0;0;
38231;2303730;554807296;51077120;507879424;0;0;0;0;0;0;0;0;0;0;0;2154;0;0;0;0;0;0;
38232;4353755;554807296;51077120;507879424;0;0;0;0;0;0;0;0;0;0;0;2324;0;0;0;0;0;0;
38233;2136226;554807296;51077120;507879424;0;0;0;0;0;0;0;0;0;0;0;2554;0;0;0;0;0;0;
38234;4337334;554807296;51077120;507879424;0;0;0;0;0;0;0;0;0;0;0;2445;0;0;0;0;0;0;
38235;2219782;554807296;51077120;507879424;0;0;0;0;0;0;0;0;0;0;0;2505;0;0;0;0;0;0;
38236;4388830;554807296;51077120;507879424;0;0;0;0;0;0;0;0;0;0;0;2144;0;0;0;0;0;0;
38237;2221226;554807296;51077120;507879424;0;0;0;0;0;0;0;0;0;0;0;2855;0;0;0;0;0;0;
38238;4384783;554807296;51077120;507879424;0;0;0;0;0;0;0;0;0;0;0;2214;0;0;0;0;0;0;
38239;2236694;554807296;51077120;507879424;0;0;0;0;0;0;0;0;0;0;0;2605;0;0;0;0;0;0;
38240;4408999;554807296;51077120;507879424;0;0;0;0;0;0;0;0;0;0;0;2435;0;0;0;0;0;0;
38241;2553318;554807296;51077120;507879424;0;0;0;0;0;0;0;0;0;0;0;2574;0;0;0;0;0;0;
38242;4320733;554807296;51077120;507879424;0;0;0;0;0;0;0;0;0;0;0;1964;0;0;0;0;0;0;
38243;2135145;554807296;51077120;507879424;0;0;0;0;0;0;0;0;0;0;0;2945;0;0;0;0;0;0;
38244;4371088;554807296;51077120;507879424;0;0;0;0;0;0;0;0;0;0;0;2244;0;0;0;0;0;0;
38245;2168848;554807296;51077120;507879424;0;0;0;0;0;0;0;0;0;0;0;2695;0;0;0;0;0;0;
38246;4392207;554807296;51077120;507879424;0;0;0;0;0;0;0;0;0;0;0;2294;0;0;0;0;0;0;
38247;2227507;554807296;51077120;507879424;0;0;0;0;0;0;0;0;0;0;0;2334;0;0;0;0;0;0;
38248;4352883;554807296;51077120;507879424;0;0;0;0;0;0;0;0;0;0;0;2044;0;0;0;0;0;0;
38249;2045826;554807296;51077120;507879424;0;0;0;0;0;0;0;0;0;0;0;2164;0;0;0;0;0;0;
38250;4342784;554807296;51077120;507879424;0;0;0;0;0;0;0;0;0;0;0;1904;0;0;0;0;0;0;
38251;2112392;554807296;51077120;507879424;0;0;0;0;0;0;0;0;0;0;0;2174;0;0;0;0;0;0;
38252;4368402;554807296;51077120;507879424;0;0;0;0;0;0;0;0;0;0;0;2054;0;0;0;0;0;0;
38253;2085090;554807296;51077120;507879424;0;0;0;0;0;0;0;0;0;0;0;2615;0;0;0;0;0;0;
38254;4383080;554807296;51077120;507879424;0;0;0;0;0;0;0;0;0;0;0;2184;0;0;0;0;0;0;
38255;2015750;554807296;51077120;507879424;0;0;0;0;0;0;0;0;0;0;0;2344;0;0;0;0;0;0;
38256;4354416;554807296;51077120;507879424;0;0;0;0;0;0;0;0;0;0;0;2184;0;0;0;0;0;0;
38257;2041598;554807296;51077120;507879424;0;0;0;0;0;0;0;0;0;0;0;2073;0;0;0;0;0;0;
38258;4395253;554807296;51077120;507879424;0;0;0;0;0;0;0;0;0;0;0;2715;0;0;0;0;0;0;
38259;2120868;554807296;51077120;507879424;0;0;0;0;0;0;0;0;0;0;0;2214;0;0;0;0;0;0;
38260;4333116;554807296;51077120;507879424;0;0;0;0;0;0;0;0;0;0;0;2034;0;0;0;0;0;0;
38261;2906621;554807296;51077120;507879424;0;0;0;0;0;0;0;0;0;0;0;3617;0;0;0;0;0;0;
38262;4549702;554807296;51077120;507879424;0;0;0;0;0;0;0;0;0;0;0;2434;0;0;0;0;0;0;
38263;2078137;554807296;51077120;507879424;0;0;0;0;0;0;0;0;0;0;0;2565;0;0;0;0;0;0;
38264;4360708;554807296;51077120;507879424;0;0;0;0;0;0;0;0;0;0;0;2275;0;0;0;0;0;0;
38265;2115307;554807296;51077120;507879424;0;0;0;0;0;0;0;0;0;0;0;2375;0;0;0;0;0;0;
38266;4360748;554807296;51077120;507879424;0;0;0;0;0;0;0;0;0;0;0;2364;0;0;0;0;0;0;
38267;2057639;554807296;51077120;507879424;0;0;0;0;0;0;0;0;0;0;0;2424;0;0;0;0;0;0;
38268;4345158;554807296;51077120;507879424;0;0;0;0;0;0;0;0;0;0;0;2164;0;0;0;0;0;0;
38269;2037241;554807296;51077120;507879424;0;0;0;0;0;0;0;0;0;0;0;2514;0;0;0;0;0;0;
38270;4430689;554807296;51077120;507879424;0;0;0;0;0;0;0;0;0;0;0;1863;0;0;0;0;0;0;
38271;2068059;554807296;51077120;507879424;0;0;0;0;0;0;0;0;0;0;0;2174;0;0;0;0;0;0;
38272;4358464;554807296;51077120;507879424;0;0;0;0;0;0;0;0;0;0;0;2414;0;0;0;0;0;0;
38273;2019527;554807296;51077120;507879424;0;0;0;0;0;0;0;0;0;0;0;2274;0;0;0;0;0;0;
38274;4328478;554807296;51077120;507879424;0;0;0;0;0;0;0;0;0;0;0;2475;0;0;0;0;0;0;
38275;2063931;554807296;51077120;507879424;0;0;0;0;0;0;0;0;0;0;0;2625;0;0;0;0;0;0;
38276;4348175;554807296;51077120;507879424;0;0;0;0;0;0;0;0;0;0;0;2185;0;0;0;0;0;0;
38277;2018425;554807296;51077120;507879424;0;0;0;0;0;0;0;0;0;0;0;2405;0;0;0;0;0;0;
38278;4389352;554807296;51077120;507879424;0;0;0;0;0;0;0;0;0;0;0;1974;0;0;0;0;0;0;
38279;2048141;554807296;51077120;507879424;0;0;0;0;0;0;0;0;0;0;0;2605;0;0;0;0;0;0;
38280;4408537;554807296;51077120;507879424;0;0;0;0;0;0;0;0;0;0;0;2194;0;0;0;0;0;0;
38281;2186851;554807296;51077120;507879424;0;0;0;0;0;0;0;0;0;0;0;2334;0;0;0;0;0;0;
38282;4321935;554807296;51077120;507879424;0;0;0;0;0;0;0;0;0;0;0;1823;0;0;0;0;0;0;
38283;2016252;554807296;51077120;507879424;0;0;0;0;0;0;0;0;0;0;0;2615;0;0;0;0;0;0;
38284;4343836;554807296;51077120;507879424;0;0;0;0;0;0;0;0;0;0;0;2154;0;0;0;0;0;0;
38285;2030758;554807296;51077120;507879424;0;0;0;0;0;0;0;0;0;0;0;2294;0;0;0;0;0;0;
38286;4375216;554807296;51077120;507879424;0;0;0;0;0;0;0;0;0;0;0;2144;0;0;0;0;0;0;
38287;2021802;554807296;51077120;507879424;0;0;0;0;0;0;0;0;0;0;0;2294;0;0;0;0;0;0;
38288;4354136;554807296;51077120;507879424;0;0;0;0;0;0;0;0;0;0;0;2515;0;0;0;0;0;0;
38289;2076595;554807296;51077120;507879424;0;0;0;0;0;0;0;0;0;0;0;2584;0;0;0;0;0;0;
38290;4433104;554807296;51077120;507879424;0;0;0;0;0;0;0;0;0;0;0;1924;0;0;0;0;0;0;
38291;2466395;554807296;51077120;507879424;0;0;0;0;0;0;0;0;0;0;0;3697;0;0;0;0;0;0;
38292;4798459;554807296;51077120;507879424;0;0;0;0;0;0;0;0;0;0;0;3376;0;0;0;0;0;0;
38293;4390774;554807296;51077120;507879424;0;0;0;0;0;0;0;0;0;0;0;4799;0;0;0;0;0;0;
38294;4888147;554807296;51077120;507879424;0;0;0;0;0;0;0;0;0;0;0;3456;0;0;0;0;0;0;
38295;3202235;554807296;51077120;507879424;0;0;0;0;0;0;0;0;0;0;0;2996;0;0;0;0;0;0;
38296;4674076;554807296;51077120;507879424;0;0;0;0;0;0;0;0;0;0;0;3036;0;0;0;0;0;0;
38297;3237903;554807296;51077120;507879424;0;0;0;0;0;0;0;0;0;0;0;3257;0;0;0;0;0;0;
38298;4650522;554807296;51077120;507879424;0;0;0;0;0;0;0;0;0;0;0;2886;0;0;0;0;0;0;
38299;3245847;554807296;51077120;507879424;0;0;0;0;0;0;0;0;0;0;0;3006;0;0;0;0;0;0;
38300;4779173;554807296;51077120;507879424;0;0;0;0;0;0;0;0;0;0;0;2915;0;0;0;0;0;0;
38301;3229747;554807296;51077120;507879424;0;0;0;0;0;0;0;0;0;0;0;3016;0;0;0;0;0;0;
38302;4851428;554807296;51077120;507879424;0;0;0;0;0;0;0;0;0;0;0;4168;0;0;0;0;0;0;
38303;3294910;554807296;51077120;507879424;0;0;0;0;0;0;0;0;0;0;0;3196;0;0;0;0;0;0;
38304;4715733;554807296;51077120;507879424;0;0;0;0;0;0;0;0;0;0;0;3126;0;0;0;0;0;0;
38305;3402892;554807296;51077120;507879424;0;0;0;0;0;0;0;0;0;0;0;3346;0;0;0;0;0;0;
38306;4742725;554807296;51077120;507879424;0;0;0;0;0;0;0;0;0;0;0;3407;0;0;0;0;0;0;
38307;3324334;554807296;51077120;507879424;0;0;0;0;0;0;0;0;0;0;0;3166;0;0;0;0;0;0;
38308;4689835;554807296;51077120;507879424;0;0;0;0;0;0;0;0;0;0;0;3165;0;0;0;0;0;0;
38309;3349130;554807296;51077120;507879424;0;0;0;0;0;0;0;0;0;0;0;3196;0;0;0;0;0;0;
38310;4775786;554807296;51077120;507879424;0;0;0;0;0;0;0;0;0;0;0;3556;0;0;0;0;0;0;
38311;3410005;554807296;51077120;507879424;0;0;0;0;0;0;0;0;0;0;0;3346;0;0;0;0;0;0;
38312;4745630;554807296;51077120;507879424;0;0;0;0;0;0;0;0;0;0;0;3547;0;0;0;0;0;0;
38313;3359992;554807296;51077120;507879424;0;0;0;0;0;0;0;0;0;0;0;3477;0;0;0;0;0;0;
38314;4672953;554807296;51077120;507879424;0;0;0;0;0;0;0;0;0;0;0;2966;0;0;0;0;0;0;
38315;3664813;554807296;51077120;507879424;0;0;0;0;0;0;0;0;0;0;0;3176;0;0;0;0;0;0;
38316;4672362;554807296;51077120;507879424;0;0;0;0;0;0;0;0;0;0;0;3256;0;0;0;0;0;0;
38317;3398293;554807296;51077120;507879424;0;0;0;0;0;0;0;0;0;0;0;3266;0;0;0;0;0;0;
38318;4958869;554807296;51077120;507879424;0;0;0;0;0;0;0;0;0;0;0;3657;0;0;0;0;0;0;
38319;3819843;554807296;51077120;507879424;0;0;0;0;0;0;0;0;0;0;0;3546;0;0;0;0;0;0;
38320;4834908;554807296;51077120;507879424;0;0;0;0;0;0;0;0;0;0;0;3637;0;0;0;0;0;0;
38321;12866740;554807296;51077120;507879424;0;0;0;0;0;0;0;0;0;0;0;3367;0;0;0;0;0;0;
38322;4908806;554807296;51077120;507879424;0;0;0;0;0;0;0;0;0;0;0;3747;0;0;0;0;0;0;
38323;3647831;554807296;51077120;507879424;0;0;0;0;0;0;0;0;0;0;0;3677;0;0;0;0;0;0;
38324;4719370;554807296;51077120;507879424;0;0;0;0;0;0;0;0;0;0;0;3046;0;0;0;0;0;0;
38325;3673900;554807296;51077120;507879424;0;0;0;0;0;0;0;0;0;0;0;3236;0;0;0;0;0;0;
38326;4808718;554807296;51077120;507879424;0;0;0;0;0;0;0;0;0;0;0;3136;0;0;0;0;0;0;
38327;3563934;554807296;51077120;507879424;0;0;0;0;0;0;0;0;0;0;0;3396;0;0;0;0;0;0;
38328;4747914;554807296;51077120;507879424;0;0;0;0;0;0;0;0;0;0;0;3146;0;0;0;0;0;0;
38329;3410306;554807296;51077120;507879424;0;0;0;0;0;0;0;0;0;0;0;3316;0;0;0;0;0;0;
38330;4670099;554807296;51077120;507879424;0;0;0;0;0;0;0;0;0;0;0;3066;0;0;0;0;0;0;
38331;3133126;554807296;51077120;507879424;0;0;0;0;0;0;0;0;0;0;0;2955;0;0;0;0;0;0;
38332;4777760;554807296;51077120;507879424;0;0;0;0;0;0;0;0;0;0;0;2886;0;0;0;0;0;0;
38333;3057764;554807296;51077120;507879424;0;0;0;0;0;0;0;0;0;0;0;3246;0;0;0;0;0;0;
38334;4692981;554807296;51077120;507879424;0;0;0;0;0;0;0;0;0;0;0;3046;0;0;0;0;0;0;
38335;3137003;554807296;51077120;507879424;0;0;0;0;0;0;0;0;0;0;0;3166;0;0;0;0;0;0;
38336;4660982;554807296;51077120;507879424;0;0;0;0;0;0;0;0;0;0;0;3106;0;0;0;0;0;0;
38337;3125191;554807296;51077120;507879424;0;0;0;0;0;0;0;0;0;0;0;3156;0;0;0;0;0;0;
38338;4698772;554807296;51077120;507879424;0;0;0;0;0;0;0;0;0;0;0;2855;0;0;0;0;0;0;
38339;3180304;554807296;51077120;507879424;0;0;0;0;0;0;0;0;0;0;0;3046;0;0;0;0;0;0;
38340;4725332;554807296;51077120;507879424;0;0;0;0;0;0;0;0;0;0;0;2885;0;0;0;0;0;0;
38341;3209118;554807296;51077120;507879424;0;0;0;0;0;0;0;0;0;0;0;3296;0;0;0;0;0;0;
38342;5264664;554807296;51077120;507879424;0;0;0;0;0;0;0;0;0;0;0;3487;0;0;0;0;0;0;
38343;3175615;554807296;51077120;507879424;0;0;0;0;0;0;0;0;0;0;0;2956;0;0;0;0;0;0;
38344;4720593;554807296;51077120;507879424;0;0;0;0;0;0;0;0;0;0;0;3116;0;0;0;0;0;0;
38345;3210461;554807296;51077120;507879424;0;0;0;0;0;0;0;0;0;0;0;3155;0;0;0;0;0;0;
38346;4660951;554807296;51077120;507879424;0;0;0;0;0;0;0;0;0;0;0;3486;0;0;0;0;0;0;
38347;3327170;554807296;51077120;507879424;0;0;0;0;0;0;0;0;0;0;0;3076;0;0;0;0;0;0;
38348;4689955;554807296;51077120;507879424;0;0;0;0;0;0;0;0;0;0;0;3086;0;0;0;0;0;0;
38349;3300900;554807296;51077120;507879424;0;0;0;0;0;0;0;0;0;0;0;3136;0;0;0;0;0;0;
38350;4721995;554807296;51077120;507879424;0;0;0;0;0;0;0;0;0;0;0;3206;0;0;0;0;0;0;
38351;3372775;554807296;51077120;507879424;0;0;0;0;0;0;0;0;0;0;0;3306;0;0;0;0;0;0;
38352;4717507;554807296;51077120;507879424;0;0;0;0;0;0;0;0;0;0;0;3346;0;0;0;0;0;0;
38353;3338681;554807296;51077120;507879424;0;0;0;0;0;0;0;0;0;0;0;3446;0;0;0;0;0;0;
38354;4726595;554807296;51077120;507879424;0;0;0;0;0;0;0;0;0;0;0;2856;0;0;0;0;0;0;
38355;3416597;554807296;51077120;507879424;0;0;0;0;0;0;0;0;0;0;0;3697;0;0;0;0;0;0;
38356;4741442;554807296;51077120;507879424;0;0;0;0;0;0;0;0;0;0;0;3236;0;0;0;0;0;0;
38357;3483303;554807296;51077120;507879424;0;0;0;0;0;0;0;0;0;0;0;3647;0;0;0;0;0;0;
38358;4730652;554807296;51077120;507879424;0;0;0;0;0;0;0;0;0;0;0;3246;0;0;0;0;0;0;
38359;3447786;554807296;51077120;507879424;0;0;0;0;0;0;0;0;0;0;0;3387;0;0;0;0;0;0;
38360;4753465;554807296;51077120;507879424;0;0;0;0;0;0;0;0;0;0;0;2845;0;0;0;0;0;0;
38361;3494714;554807296;51077120;507879424;0;0;0;0;0;0;0;0;0;0;0;3426;0;0;0;0;0;0;
38362;4849053;554807296;51077120;507879424;0;0;0;0;0;0;0;0;0;0;0;3867;0;0;0;0;0;0;
38363;3585825;554807296;51077120;507879424;0;0;0;0;0;0;0;0;0;0;0;3456;0;0;0;0;0;0;
38364;4784663;554807296;51077120;507879424;0;0;0;0;0;0;0;0;0;0;0;3246;0;0;0;0;0;0;
38365;3722040;554807296;51077120;507879424;0;0;0;0;0;0;0;0;0;0;0;4428;0;0;0;0;0;0;
38366;4924735;554807296;51077120;507879424;0;0;0;0;0;0;0;0;0;0;0;3466;0;0;0;0;0;0;
38367;3575485;554807296;51077120;507879424;0;0;0;0;0;0;0;0;0;0;0;2996;0;0;0;0;0;0;
38368;4638909;554807296;51077120;507879424;0;0;0;0;0;0;0;0;0;0;0;3066;0;0;0;0;0;0;
38369;3148204;554807296;51077120;507879424;0;0;0;0;0;0;0;0;0;0;0;3336;0;0;0;0;0;0;
38370;4679406;554807296;51077120;507879424;0;0;0;0;0;0;0;0;0;0;0;2995;0;0;0;0;0;0;
38371;3439942;554807296;51077120;507879424;0;0;0;0;0;0;0;0;0;0;0;3236;0;0;0;0;0;0;
38372;5050582;554807296;51077120;507879424;0;0;0;0;0;0;0;0;0;0;0;3967;0;0;0;0;0;0;
38373;3242471;554807296;51085312;507887616;0;0;0;0;0;0;0;0;0;0;0;3667;0;0;0;0;0;0;
38374;4761630;554807296;51085312;507887616;0;0;0;0;0;0;0;0;0;0;0;3426;0;0;0;0;0;0;
38375;3312502;554807296;51085312;507887616;0;0;0;0;0;0;0;0;0;0;0;3747;0;0;0;0;0;0;
38376;4756661;554807296;51085312;507887616;0;0;0;0;0;0;0;0;0;0;0;2795;0;0;0;0;0;0;
38377;3304978;554807296;51085312;507887616;0;0;0;0;0;0;0;0;0;0;0;3226;0;0;0;0;0;0;
38378;4804240;554807296;51085312;507887616;0;0;0;0;0;0;0;0;0;0;0;3135;0;0;0;0;0;0;
38379;3517236;554852352;51077120;507879424;0;0;0;0;0;0;0;0;0;0;0;3366;0;0;0;0;0;0;
38380;4762793;554852352;51077120;507879424;0;0;0;0;0;0;0;0;0;0;0;3406;0;0;0;0;0;0;
38381;3467463;554852352;51077120;507879424;0;0;0;0;0;0;0;0;0;0;0;3356;0;0;0;0;0;0;
38382;4792998;554852352;51077120;507879424;0;0;0;0;0;0;0;0;0;0;0;3066;0;0;0;0;0;0;
38383;3546661;554852352;51077120;507879424;0;0;0;0;0;0;0;0;0;0;0;3406;0;0;0;0;0;0;
38384;4793730;554852352;51077120;507879424;0;0;0;0;0;0;0;0;0;0;0;3056;0;0;0;0;0;0;
38385;3570316;554852352;51077120;507879424;0;0;0;0;0;0;0;0;0;0;0;3647;0;0;0;0;0;0;
38386;4858792;554852352;51077120;507879424;0;0;0;0;0;0;0;0;0;0;0;3356;0;0;0;0;0;0;
38387;3522626;554852352;51077120;507879424;0;0;0;0;0;0;0;0;0;0;0;3667;0;0;0;0;0;0;
38388;4860986;554852352;51077120;507879424;0;0;0;0;0;0;0;0;0;0;0;3907;0;0;0;0;0;0;
38389;3937214;554852352;51077120;507879424;0;0;0;0;0;0;0;0;0;0;0;3937;0;0;0;0;0;0;
38390;4797327;554852352;51077120;507879424;0;0;0;0;0;0;0;0;0;0;0;2995;0;0;0;0;0;0;
38391;3713354;554852352;51077120;507879424;0;0;0;0;0;0;0;0;0;0;0;3427;0;0;0;0;0;0;
38392;4810381;554852352;51077120;507879424;0;0;0;0;0;0;0;0;0;0;0;3025;0;0;0;0;0;0;
38393;3770200;554852352;51077120;507879424;0;0;0;0;0;0;0;0;0;0;0;3466;0;0;0;0;0;0;
38394;4785525;554852352;51077120;507879424;0;0;0;0;0;0;0;0;0;0;0;3406;0;0;0;0;0;0;
38395;4032583;554852352;51077120;507879424;0;0;0;0;0;0;0;0;0;0;0;3968;0;0;0;0;0;0;
38396;4924074;554852352;51077120;507879424;0;0;0;0;0;0;0;0;0;0;0;3967;0;0;0;0;0;0;
38397;3414514;554852352;51077120;507879424;0;0;0;0;0;0;0;0;0;0;0;3496;0;0;0;0;0;0;
38398;4798379;554852352;51077120;507879424;0;0;0;0;0;0;0;0;0;0;0;3176;0;0;0;0;0;0;
38399;3966249;554852352;51077120;507879424;0;0;0;0;0;0;0;0;0;0;0;3546;0;0;0;0;0;0;
38400;4806343;554852352;51077120;507879424;0;0;0;0;0;0;0;0;0;0;0;2846;0;0;0;0;0;0;
38401;3411729;554852352;51077120;507879424;0;0;0;0;0;0;0;0;0;0;0;3286;0;0;0;0;0;0;
38402;4718589;554852352;51077120;507879424;0;0;0;0;0;0;0;0;0;0;0;3186;0;0;0;0;0;0;
38403;3378105;554852352;51077120;507879424;0;0;0;0;0;0;0;0;0;0;0;3206;0;0;0;0;0;0;
38404;4755078;554852352;51077120;507879424;0;0;0;0;0;0;0;0;0;0;0;3477;0;0;0;0;0;0;
38405;3397582;554852352;51077120;507879424;0;0;0;0;0;0;0;0;0;0;0;3487;0;0;0;0;0;0;
38406;4725131;554852352;51077120;507879424;0;0;0;0;0;0;0;0;0;0;0;3297;0;0;0;0;0;0;
38407;3326449;554852352;51077120;507879424;0;0;0;0;0;0;0;0;0;0;0;3106;0;0;0;0;0;0;
38408;4725111;554852352;51077120;507879424;0;0;0;0;0;0;0;0;0;0;0;2946;0;0;0;0;0;0;
38409;3378797;554852352;51077120;507879424;0;0;0;0;0;0;0;0;0;0;0;2985;0;0;0;0;0;0;
38410;4749507;554852352;51077120;507879424;0;0;0;0;0;0;0;0;0;0;0;2986;0;0;0;0;0;0;
38411;3502078;554852352;51077120;507879424;0;0;0;0;0;0;0;0;0;0;0;3486;0;0;0;0;0;0;
38412;4804690;554852352;51077120;507879424;0;0;0;0;0;0;0;0;0;0;0;3537;0;0;0;0;0;0;
38413;3373687;554852352;51077120;507879424;0;0;0;0;0;0;0;0;0;0;0;3817;0;0;0;0;0;0;
38414;4761700;554852352;51077120;507879424;0;0;0;0;0;0;0;0;0;0;0;3076;0;0;0;0;0;0;
38415;3371172;554852352;51077120;507879424;0;0;0;0;0;0;0;0;0;0;0;3397;0;0;0;0;0;0;
38416;4780856;554852352;51077120;507879424;0;0;0;0;0;0;0;0;0;0;0;3357;0;0;0;0;0;0;
38417;3340254;554852352;51077120;507879424;0;0;0;0;0;0;0;0;0;0;0;3596;0;0;0;0;0;0;
38418;4736874;554852352;51077120;507879424;0;0;0;0;0;0;0;0;0;0;0;3296;0;0;0;0;0;0;
38419;3297744;554852352;51077120;507879424;0;0;0;0;0;0;0;0;0;0;0;3387;0;0;0;0;0;0;
38420;4751301;554852352;51077120;507879424;0;0;0;0;0;0;0;0;0;0;0;3276;0;0;0;0;0;0;
38421;3278378;554852352;51077120;507879424;0;0;0;0;0;0;0;0;0;0;0;2885;0;0;0;0;0;0;
38422;4740040;554852352;51077120;507879424;0;0;0;0;0;0;0;0;0;0;0;3126;0;0;0;0;0;0;
38423;3275673;554852352;51077120;507879424;0;0;0;0;0;0;0;0;0;0;0;3737;0;0;0;0;0;0;
38424;4787429;554852352;51077120;507879424;0;0;0;0;0;0;0;0;0;0;0;3857;0;0;0;0;0;0;
38425;3243372;554852352;51077120;507879424;0;0;0;0;0;0;0;0;0;0;0;3266;0;0;0;0;0;0;
38426;4805352;554852352;51077120;507879424;0;0;0;0;0;0;0;0;0;0;0;2775;0;0;0;0;0;0;
38427;3371002;554852352;51077120;507879424;0;0;0;0;0;0;0;0;0;0;0;3747;0;0;0;0;0;0;
38428;4781326;554852352;51077120;507879424;0;0;0;0;0;0;0;0;0;0;0;3787;0;0;0;0;0;0;
38429;3357857;554852352;51077120;507879424;0;0;0;0;0;0;0;0;0;0;0;3346;0;0;0;0;0;0;
38430;4742204;554852352;51077120;507879424;0;0;0;0;0;0;0;0;0;0;0;2876;0;0;0;0;0;0;
38431;3271134;554852352;51077120;507879424;0;0;0;0;0;0;0;0;0;0;0;3346;0;0;0;0;0;0;
38432;4773112;554852352;51077120;507879424;0;0;0;0;0;0;0;0;0;0;0;3016;0;0;0;0;0;0;
38433;3300419;554852352;51077120;507879424;0;0;0;0;0;0;0;0;0;0;0;3366;0;0;0;0;0;0;
38434;4810852;554852352;51077120;507879424;0;0;0;0;0;0;0;0;0;0;0;3136;0;0;0;0;0;0;
38435;3196004;554852352;51077120;507879424;0;0;0;0;0;0;0;0;0;0;0;2946;0;0;0;0;0;0;
38436;4834717;554852352;51077120;507879424;0;0;0;0;0;0;0;0;0;0;0;2895;0;0;0;0;0;0;
38437;3357567;554852352;51077120;507879424;0;0;0;0;0;0;0;0;0;0;0;2855;0;0;0;0;0;0;
38438;4808698;554852352;51077120;507879424;0;0;0;0;0;0;0;0;0;0;0;2746;0;0;0;0;0;0;
38439;3294148;554852352;51077120;507879424;0;0;0;0;0;0;0;0;0;0;0;3406;0;0;0;0;0;0;
38440;4767330;554852352;51077120;507879424;0;0;0;0;0;0;0;0;0;0;0;3186;0;0;0;0;0;0;
38441;3269361;554852352;51077120;507879424;0;0;0;0;0;0;0;0;0;0;0;3446;0;0;0;0;0;0;
38442;4782289;554852352;51077120;507879424;0;0;0;0;0;0;0;0;0;0;0;2926;0;0;0;0;0;0;
38443;3174122;554852352;51077120;507879424;0;0;0;0;0;0;0;0;0;0;0;3156;0;0;0;0;0;0;
38444;4795193;554852352;51077120;507879424;0;0;0;0;0;0;0;0;0;0;0;3376;0;0;0;0;0;0;
38445;3205602;554852352;51077120;507879424;0;0;0;0;0;0;0;0;0;0;0;2995;0;0;0;0;0;0;
38446;4820190;554852352;51077120;507879424;0;0;0;0;0;0;0;0;0;0;0;2956;0;0;0;0;0;0;
38447;3234906;554852352;51077120;507879424;0;0;0;0;0;0;0;0;0;0;0;3196;0;0;0;0;0;0;
38448;4779803;554852352;51077120;507879424;0;0;0;0;0;0;0;0;0;0;0;2855;0;0;0;0;0;0;
38449;3265053;554852352;51077120;507879424;0;0;0;0;0;0;0;0;0;0;0;3206;0;0;0;0;0;0;
38450;5099784;554852352;51077120;507879424;0;0;0;0;0;0;0;0;0;0;0;3146;0;0;0;0;0;0;
38451;3176717;554852352;51077120;507879424;0;0;0;0;0;0;0;0;0;0;0;2745;0;0;0;0;0;0;
38452;4802216;554852352;51077120;507879424;0;0;0;0;0;0;0;0;0;0;0;2645;0;0;0;0;0;0;
38453;3254404;554852352;51077120;507879424;0;0;0;0;0;0;0;0;0;0;0;2915;0;0;0;0;0;0;
38454;4762431;554852352;51077120;507879424;0;0;0;0;0;0;0;0;0;0;0;3076;0;0;0;0;0;0;
38455;3225018;554852352;51077120;507879424;0;0;0;0;0;0;0;0;0;0;0;3096;0;0;0;0;0;0;
38456;4717767;554852352;51077120;507879424;0;0;0;0;0;0;0;0;0;0;0;2796;0;0;0;0;0;0;
38457;3309487;554852352;51077120;507879424;0;0;0;0;0;0;0;0;0;0;0;3367;0;0;0;0;0;0;
38458;4664287;554852352;51077120;507879424;0;0;0;0;0;0;0;0;0;0;0;2715;0;0;0;0;0;0;
38459;3335956;554852352;51077120;507879424;0;0;0;0;0;0;0;0;0;0;0;3086;0;0;0;0;0;0;
38460;4722646;554852352;51077120;507879424;0;0;0;0;0;0;0;0;0;0;0;3106;0;0;0;0;0;0;
38461;3346576;554852352;51077120;507879424;0;0;0;0;0;0;0;0;0;0;0;3326;0;0;0;0;0;0;
38462;4698712;554852352;51077120;507879424;0;0;0;0;0;0;0;0;0;0;0;3036;0;0;0;0;0;0;
38463;3589481;554852352;51077120;507879424;0;0;0;0;0;0;0;0;0;0;0;3347;0;0;0;0;0;0;
38464;4706286;554852352;51077120;507879424;0;0;0;0;0;0;0;0;0;0;0;2786;0;0;0;0;0;0;
38465;3337249;554852352;51077120;507879424;0;0;0;0;0;0;0;0;0;0;0;3506;0;0;0;0;0;0;
38466;4634522;554852352;51077120;507879424;0;0;0;0;0;0;0;0;0;0;0;3357;0;0;0;0;0;0;
38467;3314265;554852352;51077120;507879424;0;0;0;0;0;0;0;0;0;0;0;2966;0;0;0;0;0;0;
38468;4662774;554852352;51077120;507879424;0;0;0;0;0;0;0;0;0;0;0;2896;0;0;0;0;0;0;
38469;3541101;554852352;51077120;507879424;0;0;0;0;0;0;0;0;0;0;0;2956;0;0;0;0;0;0;
38470;4704523;554852352;51077120;507879424;0;0;0;0;0;0;0;0;0;0;0;3938;0;0;0;0;0;0;
38471;3298326;554852352;51077120;507879424;0;0;0;0;0;0;0;0;0;0;0;3076;0;0;0;0;0;0;
38472;4709913;554852352;51077120;507879424;0;0;0;0;0;0;0;0;0;0;0;2936;0;0;0;0;0;0;
38473;3330085;554852352;51077120;507879424;0;0;0;0;0;0;0;0;0;0;0;3266;0;0;0;0;0;0;
38474;4895211;554852352;51077120;507879424;0;0;0;0;0;0;0;0;0;0;0;3085;0;0;0;0;0;0;
38475;3265774;554852352;51077120;507879424;0;0;0;0;0;0;0;0;0;0;0;3697;0;0;0;0;0;0;
38476;4699222;554852352;51077120;507879424;0;0;0;0;0;0;0;0;0;0;0;2795;0;0;0;0;0;0;
38477;3332460;554852352;51077120;507879424;0;0;0;0;0;0;0;0;0;0;0;3357;0;0;0;0;0;0;
38478;4763513;554852352;51077120;507879424;0;0;0;0;0;0;0;0;0;0;0;3637;0;0;0;0;0;0;
38479;3317020;554852352;51077120;507879424;0;0;0;0;0;0;0;0;0;0;0;3847;0;0;0;0;0;0;
38480;4753004;554852352;51077120;507879424;0;0;0;0;0;0;0;0;0;0;0;3737;0;0;0;0;0;0;
38481;3317843;554852352;51077120;507879424;0;0;0;0;0;0;0;0;0;0;0;3646;0;0;0;0;0;0;
38482;4802577;554852352;51077120;507879424;0;0;0;0;0;0;0;0;0;0;0;3436;0;0;0;0;0;0;
38483;3276284;554852352;51077120;507879424;0;0;0;0;0;0;0;0;0;0;0;3496;0;0;0;0;0;0;
38484;4765457;554852352;51077120;507879424;0;0;0;0;0;0;0;0;0;0;0;2995;0;0;0;0;0;0;
38485;3264072;554852352;51077120;507879424;0;0;0;0;0;0;0;0;0;0;0;3006;0;0;0;0;0;0;
38486;4765568;554852352;51077120;507879424;0;0;0;0;0;0;0;0;0;0;0;2866;0;0;0;0;0;0;
38487;3252370;554852352;51077120;507879424;0;0;0;0;0;0;0;0;0;0;0;3797;0;0;0;0;0;0;
38488;4815310;554852352;51077120;507879424;0;0;0;0;0;0;0;0;0;0;0;2946;0;0;0;0;0;0;
38489;3378676;554852352;51077120;507879424;0;0;0;0;0;0;0;0;0;0;0;3807;0;0;0;0;0;0;
38490;4809990;554852352;51077120;507879424;0;0;0;0;0;0;0;0;0;0;0;3697;0;0;0;0;0;0;
38491;3301101;554852352;51077120;507879424;0;0;0;0;0;0;0;0;0;0;0;3246;0;0;0;0;0;0;
38492;4966955;554852352;51077120;507879424;0;0;0;0;0;0;0;0;0;0;0;3135;0;0;0;0;0;0;
38493;3560106;554852352;51077120;507879424;0;0;0;0;0;0;0;0;0;0;0;3216;0;0;0;0;0;0;
38494;5282266;554852352;51077120;507879424;0;0;0;0;0;0;0;0;0;0;0;3116;0;0;0;0;0;0;
38495;3469957;554852352;51085312;507887616;0;0;0;0;0;0;0;0;0;0;0;3146;0;0;0;0;0;0;
38496;4800753;554852352;51085312;507887616;0;0;0;0;0;0;0;0;0;0;0;3175;0;0;0;0;0;0;
38497;3360342;554852352;51085312;507887616;0;0;0;0;0;0;0;0;0;0;0;3186;0;0;0;0;0;0;
38498;4841350;554852352;51085312;507887616;0;0;0;0;0;0;0;0;0;0;0;3867;0;0;0;0;0;0;
38499;3304627;554852352;51085312;507887616;0;0;0;0;0;0;0;0;0;0;0;3277;0;0;0;0;0;0;
38500;4771308;554852352;51085312;507887616;0;0;0;0;0;0;0;0;0;0;0;2956;0;0;0;0;0;0;
38501;3496677;554872832;51077120;507879424;0;0;0;0;0;0;0;0;0;0;0;3196;0;0;0;0;0;0;
38502;4852079;554872832;51077120;507879424;0;0;0;0;0;0;0;0;0;0;0;3396;0;0;0;0;0;0;
38503;3405828;554872832;51077120;507879424;0;0;0;0;0;0;0;0;0;0;0;3417;0;0;0;0;0;0;
38504;4783020;554872832;51077120;507879424;0;0;0;0;0;0;0;0;0;0;0;2986;0;0;0;0;0;0;
38505;3347658;554872832;51077120;507879424;0;0;0;0;0;0;0;0;0;0;0;3246;0;0;0;0;0;0;
38506;4810051;554872832;51077120;507879424;0;0;0;0;0;0;0;0;0;0;0;3346;0;0;0;0;0;0;
38507;3372465;554872832;51077120;507879424;0;0;0;0;0;0;0;0;0;0;0;3106;0;0;0;0;0;0;
38508;4804741;554872832;51077120;507879424;0;0;0;0;0;0;0;0;0;0;0;3136;0;0;0;0;0;0;
38509;3489674;554872832;51077120;507879424;0;0;0;0;0;0;0;0;0;0;0;3706;0;0;0;0;0;0;
38510;4812375;554872832;51077120;507879424;0;0;0;0;0;0;0;0;0;0;0;3366;0;0;0;0;0;0;
38511;3329915;554872832;51077120;507879424;0;0;0;0;0;0;0;0;0;0;0;3476;0;0;0;0;0;0;
38512;4748516;554872832;51077120;507879424;0;0;0;0;0;0;0;0;0;0;0;3075;0;0;0;0;0;0;
38513;3424152;554872832;51077120;507879424;0;0;0;0;0;0;0;0;0;0;0;3497;0;0;0;0;0;0;
38514;4823727;554872832;51077120;507879424;0;0;0;0;0;0;0;0;0;0;0;3086;0;0;0;0;0;0;
38515;3358789;554872832;51077120;507879424;0;0;0;0;0;0;0;0;0;0;0;3326;0;0;0;0;0;0;
38516;4729309;554872832;51077120;507879424;0;0;0;0;0;0;0;0;0;0;0;2975;0;0;0;0;0;0;
38517;3590724;554872832;51077120;507879424;0;0;0;0;0;0;0;0;0;0;0;3757;0;0;0;0;0;0;
38518;4865985;554872832;51077120;507879424;0;0;0;0;0;0;0;0;0;0;0;3146;0;0;0;0;0;0;
38519;3508449;554872832;51077120;507879424;0;0;0;0;0;0;0;0;0;0;0;3487;0;0;0;0;0;0;
38520;4736052;554872832;51077120;507879424;0;0;0;0;0;0;0;0;0;0;0;2865;0;0;0;0;0;0;
38521;3490636;554872832;51077120;507879424;0;0;0;0;0;0;0;0;0;0;0;3206;0;0;0;0;0;0;
38522;4750119;554872832;51077120;507879424;0;0;0;0;0;0;0;0;0;0;0;2615;0;0;0;0;0;0;
38523;3417259;554872832;51077120;507879424;0;0;0;0;0;0;0;0;0;0;0;3226;0;0;0;0;0;0;
38524;4708009;554872832;51077120;507879424;0;0;0;0;0;0;0;0;0;0;0;2825;0;0;0;0;0;0;
38525;3417509;554872832;51077120;507879424;0;0;0;0;0;0;0;0;0;0;0;3426;0;0;0;0;0;0;
38526;4751862;554872832;51077120;507879424;0;0;0;0;0;0;0;0;0;0;0;3527;0;0;0;0;0;0;
38527;3330656;554872832;51077120;507879424;0;0;0;0;0;0;0;0;0;0;0;3898;0;0;0;0;0;0;
38528;4788971;554872832;51077120;507879424;0;0;0;0;0;0;0;0;0;0;0;3025;0;0;0;0;0;0;
38529;3260364;554872832;51077120;507879424;0;0;0;0;0;0;0;0;0;0;0;2965;0;0;0;0;0;0;
38530;4698161;554872832;51077120;507879424;0;0;0;0;0;0;0;0;0;0;0;2795;0;0;0;0;0;0;
38531;3284911;554872832;51077120;507879424;0;0;0;0;0;0;0;0;0;0;0;3537;0;0;0;0;0;0;
38532;4768803;554872832;51077120;507879424;0;0;0;0;0;0;0;0;0;0;0;2685;0;0;0;0;0;0;
38533;3571067;554872832;51077120;507879424;0;0;0;0;0;0;0;0;0;0;0;3496;0;0;0;0;0;0;
38534;4733727;554872832;51077120;507879424;0;0;0;0;0;0;0;0;0;0;0;3717;0;0;0;0;0;0;
38535;3382744;554872832;51077120;507879424;0;0;0;0;0;0;0;0;0;0;0;3406;0;0;0;0;0;0;
38536;4719241;554872832;51077120;507879424;0;0;0;0;0;0;0;0;0;0;0;2896;0;0;0;0;0;0;
38537;3699699;554872832;51077120;507879424;0;0;0;0;0;0;0;0;0;0;0;3096;0;0;0;0;0;0;
38538;4678734;554872832;51077120;507879424;0;0;0;0;0;0;0;0;0;0;0;3296;0;0;0;0;0;0;
38539;3358789;554872832;51077120;507879424;0;0;0;0;0;0;0;0;0;0;0;2915;0;0;0;0;0;0;
38540;4659799;554872832;51077120;507879424;0;0;0;0;0;0;0;0;0;0;0;2916;0;0;0;0;0;0;
38541;3361925;554872832;51077120;507879424;0;0;0;0;0;0;0;0;0;0;0;3026;0;0;0;0;0;0;
38542;4678574;554872832;51077120;507879424;0;0;0;0;0;0;0;0;0;0;0;2495;0;0;0;0;0;0;
38543;3446544;554872832;51077120;507879424;0;0;0;0;0;0;0;0;0;0;0;2865;0;0;0;0;0;0;
38544;4694323;554872832;51077120;507879424;0;0;0;0;0;0;0;0;0;0;0;2675;0;0;0;0;0;0;
38545;3423350;554872832;51077120;507879424;0;0;0;0;0;0;0;0;0;0;0;3296;0;0;0;0;0;0;
38546;4722957;554872832;51077120;507879424;0;0;0;0;0;0;0;0;0;0;0;2625;0;0;0;0;0;0;
38547;3219588;554872832;51077120;507879424;0;0;0;0;0;0;0;0;0;0;0;3797;0;0;0;0;0;0;
38548;4738908;554872832;51077120;507879424;0;0;0;0;0;0;0;0;0;0;0;3186;0;0;0;0;0;0;
38549;3395177;554872832;51077120;507879424;0;0;0;0;0;0;0;0;0;0;0;3547;0;0;0;0;0;0;
38550;4729229;554872832;51077120;507879424;0;0;0;0;0;0;0;0;0;0;0;3517;0;0;0;0;0;0;
38551;3298356;554872832;51077120;507879424;0;0;0;0;0;0;0;0;0;0;0;3136;0;0;0;0;0;0;
38552;4745690;554872832;51077120;507879424;0;0;0;0;0;0;0;0;0;0;0;3206;0;0;0;0;0;0;
38553;3252099;554872832;51077120;507879424;0;0;0;0;0;0;0;0;0;0;0;3407;0;0;0;0;0;0;
38554;4736583;554872832;51077120;507879424;0;0;0;0;0;0;0;0;0;0;0;2946;0;0;0;0;0;0;
38555;3151861;554872832;51077120;507879424;0;0;0;0;0;0;0;0;0;0;0;3617;0;0;0;0;0;0;
38556;4692010;554872832;51077120;507879424;0;0;0;0;0;0;0;0;0;0;0;3186;0;0;0;0;0;0;
38557;3306100;554872832;51077120;507879424;0;0;0;0;0;0;0;0;0;0;0;3366;0;0;0;0;0;0;
38558;4680678;554872832;51077120;507879424;0;0;0;0;0;0;0;0;0;0;0;2776;0;0;0;0;0;0;
38559;3264602;554872832;51077120;507879424;0;0;0;0;0;0;0;0;0;0;0;3416;0;0;0;0;0;0;
38560;4694935;554872832;51077120;507879424;0;0;0;0;0;0;0;0;0;0;0;2675;0;0;0;0;0;0;
38561;3259352;554872832;51077120;507879424;0;0;0;0;0;0;0;0;0;0;0;3005;0;0;0;0;0;0;
38562;4719350;554872832;51077120;507879424;0;0;0;0;0;0;0;0;0;0;0;3075;0;0;0;0;0;0;
38563;12873212;554872832;51077120;507879424;0;0;0;0;0;0;0;0;0;0;0;4558;0;0;0;0;0;0;
38564;4836210;554872832;51077120;507879424;0;0;0;0;0;0;0;0;0;0;0;2955;0;0;0;0;0;0;
38565;3201464;554872832;51077120;507879424;0;0;0;0;0;0;0;0;0;0;0;2896;0;0;0;0;0;0;
38566;4744548;554872832;51077120;507879424;0;0;0;0;0;0;0;0;0;0;0;3056;0;0;0;0;0;0;
38567;3252690;554872832;51077120;507879424;0;0;0;0;0;0;0;0;0;0;0;3196;0;0;0;0;0;0;
38568;4792478;554872832;51077120;507879424;0;0;0;0;0;0;0;0;0;0;0;2876;0;0;0;0;0;0;
38569;3332319;554872832;51077120;507879424;0;0;0;0;0;0;0;0;0;0;0;3557;0;0;0;0;0;0;
38570;4730281;554872832;51077120;507879424;0;0;0;0;0;0;0;0;0;0;0;2966;0;0;0;0;0;0;
38571;3192126;554872832;51077120;507879424;0;0;0;0;0;0;0;0;0;0;0;3476;0;0;0;0;0;0;
38572;4881014;554872832;51077120;507879424;0;0;0;0;0;0;0;0;0;0;0;3096;0;0;0;0;0;0;
38573;3276024;554872832;51077120;507879424;0;0;0;0;0;0;0;0;0;0;0;3456;0;0;0;0;0;0;
38574;4796505;554872832;51077120;507879424;0;0;0;0;0;0;0;0;0;0;0;3807;0;0;0;0;0;0;
38575;3274451;554872832;51077120;507879424;0;0;0;0;0;0;0;0;0;0;0;3306;0;0;0;0;0;0;
38576;4798920;554872832;51077120;507879424;0;0;0;0;0;0;0;0;0;0;0;3467;0;0;0;0;0;0;
38577;3244846;554872832;51077120;507879424;0;0;0;0;0;0;0;0;0;0;0;3256;0;0;0;0;0;0;
38578;4805151;554872832;51077120;507879424;0;0;0;0;0;0;0;0;0;0;0;2895;0;0;0;0;0;0;
38579;3263510;554872832;51077120;507879424;0;0;0;0;0;0;0;0;0;0;0;3266;0;0;0;0;0;0;
38580;4756200;554872832;51077120;507879424;0;0;0;0;0;0;0;0;0;0;0;3006;0;0;0;0;0;0;
38581;3216773;554872832;51077120;507879424;0;0;0;0;0;0;0;0;0;0;0;3286;0;0;0;0;0;0;
38582;4790274;554872832;51077120;507879424;0;0;0;0;0;0;0;0;0;0;0;2975;0;0;0;0;0;0;
38583;3130782;554872832;51077120;507879424;0;0;0;0;0;0;0;0;0;0;0;3376;0;0;0;0;0;0;
38584;4725401;554872832;51077120;507879424;0;0;0;0;0;0;0;0;0;0;0;3347;0;0;0;0;0;0;
38585;3170305;554872832;51077120;507879424;0;0;0;0;0;0;0;0;0;0;0;3446;0;0;0;0;0;0;
38586;4693021;554872832;51077120;507879424;0;0;0;0;0;0;0;0;0;0;0;2765;0;0;0;0;0;0;
38587;3070318;554872832;51077120;507879424;0;0;0;0;0;0;0;0;0;0;0;3056;0;0;0;0;0;0;
38588;4708420;554872832;51077120;507879424;0;0;0;0;0;0;0;0;0;0;0;2966;0;0;0;0;0;0;
38589;3112357;554872832;51077120;507879424;0;0;0;0;0;0;0;0;0;0;0;3356;0;0;0;0;0;0;
38590;4734269;554872832;51077120;507879424;0;0;0;0;0;0;0;0;0;0;0;3446;0;0;0;0;0;0;
38591;3444390;554872832;51077120;507879424;0;0;0;0;0;0;0;0;0;0;0;3717;0;0;0;0;0;0;
38592;4813027;554872832;51077120;507879424;0;0;0;0;0;0;0;0;0;0;0;3587;0;0;0;0;0;0;
38593;3698927;554872832;51077120;507879424;0;0;0;0;0;0;0;0;0;0;0;3787;0;0;0;0;0;0;
38594;4827944;554872832;51077120;507879424;0;0;0;0;0;0;0;0;0;0;0;3426;0;0;0;0;0;0;
38595;3545559;554872832;51077120;507879424;0;0;0;0;0;0;0;0;0;0;0;3476;0;0;0;0;0;0;
38596;4837412;554872832;51077120;507879424;0;0;0;0;0;0;0;0;0;0;0;3467;0;0;0;0;0;0;
38597;3603748;554872832;51077120;507879424;0;0;0;0;0;0;0;0;0;0;0;3837;0;0;0;0;0;0;
38598;4838323;554872832;51077120;507879424;0;0;0;0;0;0;0;0;0;0;0;3497;0;0;0;0;0;0;
38599;3689689;554872832;51077120;507879424;0;0;0;0;0;0;0;0;0;0;0;3858;0;0;0;0;0;0;
38600;4824608;554872832;51077120;507879424;0;0;0;0;0;0;0;0;0;0;0;3166;0;0;0;0;0;0;
38601;3768047;554872832;51077120;507879424;0;0;0;0;0;0;0;0;0;0;0;3636;0;0;0;0;0;0;
38602;4845477;554872832;51077120;507879424;0;0;0;0;0;0;0;0;0;0;0;3717;0;0;0;0;0;0;
38603;3751235;554872832;51077120;507879424;0;0;0;0;0;0;0;0;0;0;0;3456;0;0;0;0;0;0;
38604;4917262;554872832;51077120;507879424;0;0;0;0;0;0;0;0;0;0;0;3556;0;0;0;0;0;0;
38605;3807030;554872832;51077120;507879424;0;0;0;0;0;0;0;0;0;0;0;3697;0;0;0;0;0;0;
38606;4859684;554872832;51077120;507879424;0;0;0;0;0;0;0;0;0;0;0;3597;0;0;0;0;0;0;
38607;3575776;554872832;51077120;507879424;0;0;0;0;0;0;0;0;0;0;0;3296;0;0;0;0;0;0;
38608;4810492;554872832;51077120;507879424;0;0;0;0;0;0;0;0;0;0;0;3617;0;0;0;0;0;0;
38609;3285782;554872832;51077120;507879424;0;0;0;0;0;0;0;0;0;0;0;3125;0;0;0;0;0;0;
38610;4755148;554872832;51077120;507879424;0;0;0;0;0;0;0;0;0;0;0;3316;0;0;0;0;0;0;
38611;3584843;554872832;51077120;507879424;0;0;0;0;0;0;0;0;0;0;0;4268;0;0;0;0;0;0;
38612;4761329;554872832;51077120;507879424;0;0;0;0;0;0;0;0;0;0;0;3416;0;0;0;0;0;0;
38613;3365531;554872832;51077120;507879424;0;0;0;0;0;0;0;0;0;0;0;3547;0;0;0;0;0;0;
38614;4865235;554872832;51077120;507879424;0;0;0;0;0;0;0;0;0;0;0;3607;0;0;0;0;0;0;
38615;3213306;554872832;51085312;507887616;0;0;0;0;0;0;0;0;0;0;0;3577;0;0;0;0;0;0;
38616;4727145;554872832;51085312;507887616;0;0;0;0;0;0;0;0;0;0;0;3607;0;0;0;0;0;0;
38617;3441244;554872832;51085312;507887616;0;0;0;0;0;0;0;0;0;0;0;3878;0;0;0;0;0;0;
38618;4836651;554872832;51085312;507887616;0;0;0;0;0;0;0;0;0;0;0;3476;0;0;0;0;0;0;
38619;3233424;554872832;51085312;507887616;0;0;0;0;0;0;0;0;0;0;0;3566;0;0;0;0;0;0;
38620;4769485;554872832;51085312;507887616;0;0;0;0;0;0;0;0;0;0;0;2965;0;0;0;0;0;0;
38621;3781923;554893312;51077120;507879424;0;0;0;0;0;0;0;0;0;0;0;3667;0;0;0;0;0;0;
38622;4808488;554893312;51077120;507879424;0;0;0;0;0;0;0;0;0;0;0;3206;0;0;0;0;0;0;
38623;3262408;554893312;51077120;507879424;0;0;0;0;0;0;0;0;0;0;0;3587;0;0;0;0;0;0;
38624;4810682;554893312;51077120;507879424;0;0;0;0;0;0;0;0;0;0;0;3557;0;0;0;0;0;0;
38625;3251768;554893312;51077120;507879424;0;0;0;0;0;0;0;0;0;0;0;3497;0;0;0;0;0;0;
38626;4799291;554893312;51077120;507879424;0;0;0;0;0;0;0;0;0;0;0;3387;0;0;0;0;0;0;
38627;3253582;554893312;51077120;507879424;0;0;0;0;0;0;0;0;0;0;0;3276;0;0;0;0;0;0;
38628;4722647;554893312;51077120;507879424;0;0;0;0;0;0;0;0;0;0;0;3357;0;0;0;0;0;0;
38629;3223506;554893312;51077120;507879424;0;0;0;0;0;0;0;0;0;0;0;3336;0;0;0;0;0;0;
38630;4675137;554893312;51077120;507879424;0;0;0;0;0;0;0;0;0;0;0;3066;0;0;0;0;0;0;
38631;3176798;554893312;51077120;507879424;0;0;0;0;0;0;0;0;0;0;0;3296;0;0;0;0;0;0;
38632;4731023;554893312;51077120;507879424;0;0;0;0;0;0;0;0;0;0;0;3055;0;0;0;0;0;0;
38633;3196435;554893312;51077120;507879424;0;0;0;0;0;0;0;0;0;0;0;3376;0;0;0;0;0;0;
38634;4701607;554893312;51077120;507879424;0;0;0;0;0;0;0;0;0;0;0;2705;0;0;0;0;0;0;
38635;3204129;554893312;51077120;507879424;0;0;0;0;0;0;0;0;0;0;0;3426;0;0;0;0;0;0;
38636;4693673;554893312;51077120;507879424;0;0;0;0;0;0;0;0;0;0;0;2665;0;0;0;0;0;0;
38637;3224367;554893312;51077120;507879424;0;0;0;0;0;0;0;0;0;0;0;3256;0;0;0;0;0;0;
38638;4740340;554893312;51077120;507879424;0;0;0;0;0;0;0;0;0;0;0;2915;0;0;0;0;0;0;
38639;3218306;554893312;51077120;507879424;0;0;0;0;0;0;0;0;0;0;0;3546;0;0;0;0;0;0;
38640;4789703;554893312;51077120;507879424;0;0;0;0;0;0;0;0;0;0;0;2785;0;0;0;0;0;0;
38641;3273619;554893312;51077120;507879424;0;0;0;0;0;0;0;0;0;0;0;3417;0;0;0;0;0;0;
38642;4735721;554893312;51077120;507879424;0;0;0;0;0;0;0;0;0;0;0;2726;0;0;0;0;0;0;
38643;3354080;554893312;51077120;507879424;0;0;0;0;0;0;0;0;0;0;0;2976;0;0;0;0;0;0;
38644;4791807;554893312;51077120;507879424;0;0;0;0;0;0;0;0;0;0;0;2785;0;0;0;0;0;0;
38645;3336057;554893312;51077120;507879424;0;0;0;0;0;0;0;0;0;0;0;2975;0;0;0;0;0;0;
38646;4737194;554893312;51077120;507879424;0;0;0;0;0;0;0;0;0;0;0;3166;0;0;0;0;0;0;
38647;3310919;554893312;51077120;507879424;0;0;0;0;0;0;0;0;0;0;0;3667;0;0;0;0;0;0;
38648;4726374;554893312;51077120;507879424;0;0;0;0;0;0;0;0;0;0;0;2625;0;0;0;0;0;0;
38649;3304617;554893312;51077120;507879424;0;0;0;0;0;0;0;0;0;0;0;3156;0;0;0;0;0;0;
38650;4690416;554893312;51077120;507879424;0;0;0;0;0;0;0;0;0;0;0;2845;0;0;0;0;0;0;
38651;3373477;554893312;51077120;507879424;0;0;0;0;0;0;0;0;0;0;0;3046;0;0;0;0;0;0;
38652;4738477;554893312;51077120;507879424;0;0;0;0;0;0;0;0;0;0;0;3065;0;0;0;0;0;0;
38653;3325637;554893312;51077120;507879424;0;0;0;0;0;0;0;0;0;0;0;3376;0;0;0;0;0;0;
38654;4743196;554893312;51077120;507879424;0;0;0;0;0;0;0;0;0;0;0;2895;0;0;0;0;0;0;
38655;3320057;554893312;51077120;507879424;0;0;0;0;0;0;0;0;0;0;0;3747;0;0;0;0;0;0;
38656;4723068;554893312;51077120;507879424;0;0;0;0;0;0;0;0;0;0;0;3116;0;0;0;0;0;0;
38657;3389457;554893312;51077120;507879424;0;0;0;0;0;0;0;0;0;0;0;3536;0;0;0;0;0;0;
38658;4796375;554893312;51077120;507879424;0;0;0;0;0;0;0;0;0;0;0;3206;0;0;0;0;0;0;
38659;3277848;554893312;51077120;507879424;0;0;0;0;0;0;0;0;0;0;0;3566;0;0;0;0;0;0;
38660;4735741;554893312;51077120;507879424;0;0;0;0;0;0;0;0;0;0;0;3266;0;0;0;0;0;0;
38661;3350334;554893312;51077120;507879424;0;0;0;0;0;0;0;0;0;0;0;3857;0;0;0;0;0;0;
38662;4882657;554893312;51077120;507879424;0;0;0;0;0;0;0;0;0;0;0;3257;0;0;0;0;0;0;
38663;3301682;554893312;51077120;507879424;0;0;0;0;0;0;0;0;0;0;0;3687;0;0;0;0;0;0;
38664;4799651;554893312;51077120;507879424;0;0;0;0;0;0;0;0;0;0;0;3166;0;0;0;0;0;0;
38665;3292324;554893312;51077120;507879424;0;0;0;0;0;0;0;0;0;0;0;3056;0;0;0;0;0;0;
38666;4801014;554893312;51077120;507879424;0;0;0;0;0;0;0;0;0;0;0;3166;0;0;0;0;0;0;
38667;3290851;554893312;51077120;507879424;0;0;0;0;0;0;0;0;0;0;0;3507;0;0;0;0;0;0;
38668;4878178;554893312;51077120;507879424;0;0;0;0;0;0;0;0;0;0;0;3286;0;0;0;0;0;0;
38669;3306972;554893312;51077120;507879424;0;0;0;0;0;0;0;0;0;0;0;3477;0;0;0;0;0;0;
38670;4800072;554893312;51077120;507879424;0;0;0;0;0;0;0;0;0;0;0;2915;0;0;0;0;0;0;
38671;3273510;554893312;51077120;507879424;0;0;0;0;0;0;0;0;0;0;0;3156;0;0;0;0;0;0;
38672;4762742;554893312;51077120;507879424;0;0;0;0;0;0;0;0;0;0;0;2885;0;0;0;0;0;0;
38673;3208918;554893312;51077120;507879424;0;0;0;0;0;0;0;0;0;0;0;3306;0;0;0;0;0;0;
38674;4812215;554893312;51077120;507879424;0;0;0;0;0;0;0;0;0;0;0;3466;0;0;0;0;0;0;
38675;3243774;554893312;51077120;507879424;0;0;0;0;0;0;0;0;0;0;0;3737;0;0;0;0;0;0;
38676;4760879;554893312;51077120;507879424;0;0;0;0;0;0;0;0;0;0;0;3036;0;0;0;0;0;0;
38677;3311861;554893312;51077120;507879424;0;0;0;0;0;0;0;0;0;0;0;3045;0;0;0;0;0;0;
38678;4807686;554893312;51077120;507879424;0;0;0;0;0;0;0;0;0;0;0;2995;0;0;0;0;0;0;
38679;3702414;554893312;51077120;507879424;0;0;0;0;0;0;0;0;0;0;0;3587;0;0;0;0;0;0;
38680;4806083;554893312;51077120;507879424;0;0;0;0;0;0;0;0;0;0;0;2856;0;0;0;0;0;0;
38681;3303095;554893312;51077120;507879424;0;0;0;0;0;0;0;0;0;0;0;3487;0;0;0;0;0;0;
38682;4798789;554893312;51077120;507879424;0;0;0;0;0;0;0;0;0;0;0;3186;0;0;0;0;0;0;
38683;3197456;554893312;51077120;507879424;0;0;0;0;0;0;0;0;0;0;0;3066;0;0;0;0;0;0;
38684;4719962;554893312;51077120;507879424;0;0;0;0;0;0;0;0;0;0;0;2725;0;0;0;0;0;0;
38685;3548415;554893312;51077120;507879424;0;0;0;0;0;0;0;0;0;0;0;3757;0;0;0;0;0;0;
38686;4775456;554893312;51077120;507879424;0;0;0;0;0;0;0;0;0;0;0;3768;0;0;0;0;0;0;
38687;3308354;554893312;51077120;507879424;0;0;0;0;0;0;0;0;0;0;0;3887;0;0;0;0;0;0;
38688;4741823;554893312;51077120;507879424;0;0;0;0;0;0;0;0;0;0;0;3036;0;0;0;0;0;0;
38689;3462443;554893312;51077120;507879424;0;0;0;0;0;0;0;0;0;0;0;3256;0;0;0;0;0;0;
38690;4698090;554893312;51077120;507879424;0;0;0;0;0;0;0;0;0;0;0;3206;0;0;0;0;0;0;
38691;3490395;554893312;51077120;507879424;0;0;0;0;0;0;0;0;0;0;0;2935;0;0;0;0;0;0;
38692;4744437;554893312;51077120;507879424;0;0;0;0;0;0;0;0;0;0;0;3076;0;0;0;0;0;0;
38693;3364159;554893312;51077120;507879424;0;0;0;0;0;0;0;0;0;0;0;2986;0;0;0;0;0;0;
38694;4720363;554893312;51077120;507879424;0;0;0;0;0;0;0;0;0;0;0;2845;0;0;0;0;0;0;
38695;3265364;554893312;51077120;507879424;0;0;0;0;0;0;0;0;0;0;0;3616;0;0;0;0;0;0;
38696;4712778;554893312;51077120;507879424;0;0;0;0;0;0;0;0;0;0;0;2875;0;0;0;0;0;0;
38697;3305339;554893312;51077120;507879424;0;0;0;0;0;0;0;0;0;0;0;3576;0;0;0;0;0;0;
38698;4731524;554893312;51077120;507879424;0;0;0;0;0;0;0;0;0;0;0;3056;0;0;0;0;0;0;
38699;3332059;554893312;51077120;507879424;0;0;0;0;0;0;0;0;0;0;0;3557;0;0;0;0;0;0;
38700;4720833;554893312;51077120;507879424;0;0;0;0;0;0;0;0;0;0;0;2955;0;0;0;0;0;0;
38701;3288066;554893312;51077120;507879424;0;0;0;0;0;0;0;0;0;0;0;3066;0;0;0;0;0;0;
38702;4690717;554893312;51077120;507879424;0;0;0;0;0;0;0;0;0;0;0;2855;0;0;0;0;0;0;
38703;3260044;554893312;51077120;507879424;0;0;0;0;0;0;0;0;0;0;0;3246;0;0;0;0;0;0;
38704;4737354;554893312;51077120;507879424;0;0;0;0;0;0;0;0;0;0;0;3055;0;0;0;0;0;0;
38705;3209499;554893312;51077120;507879424;0;0;0;0;0;0;0;0;0;0;0;3226;0;0;0;0;0;0;
38706;4742033;554893312;51077120;507879424;0;0;0;0;0;0;0;0;0;0;0;3516;0;0;0;0;0;0;
38707;3244054;554893312;51077120;507879424;0;0;0;0;0;0;0;0;0;0;0;3046;0;0;0;0;0;0;
38708;4766469;554893312;51077120;507879424;0;0;0;0;0;0;0;0;0;0;0;3106;0;0;0;0;0;0;
38709;3302564;554893312;51077120;507879424;0;0;0;0;0;0;0;0;0;0;0;3647;0;0;0;0;0;0;
38710;4700145;554893312;51077120;507879424;0;0;0;0;0;0;0;0;0;0;0;3417;0;0;0;0;0;0;
38711;3252720;554893312;51077120;507879424;0;0;0;0;0;0;0;0;0;0;0;2855;0;0;0;0;0;0;
38712;4758324;554893312;51077120;507879424;0;0;0;0;0;0;0;0;0;0;0;3066;0;0;0;0;0;0;
38713;3254683;554893312;51077120;507879424;0;0;0;0;0;0;0;0;0;0;0;3036;0;0;0;0;0;0;
38714;4726995;554893312;51077120;507879424;0;0;0;0;0;0;0;0;0;0;0;2865;0;0;0;0;0;0;
38715;3191345;554893312;51077120;507879424;0;0;0;0;0;0;0;0;0;0;0;3487;0;0;0;0;0;0;
38716;4728298;554893312;51077120;507879424;0;0;0;0;0;0;0;0;0;0;0;3227;0;0;0;0;0;0;
38717;3191375;554893312;51077120;507879424;0;0;0;0;0;0;0;0;0;0;0;3126;0;0;0;0;0;0;
38718;4709963;554893312;51077120;507879424;0;0;0;0;0;0;0;0;0;0;0;2985;0;0;0;0;0;0;
38719;3202996;554893312;51077120;507879424;0;0;0;0;0;0;0;0;0;0;0;2845;0;0;0;0;0;0;
38720;4763102;554893312;51077120;507879424;0;0;0;0;0;0;0;0;0;0;0;2825;0;0;0;0;0;0;
38721;3286703;554893312;51077120;507879424;0;0;0;0;0;0;0;0;0;0;0;2975;0;0;0;0;0;0;
38722;4725973;554893312;51077120;507879424;0;0;0;0;0;0;0;0;0;0;0;2836;0;0;0;0;0;0;
38723;3247570;554893312;51077120;507879424;0;0;0;0;0;0;0;0;0;0;0;2815;0;0;0;0;0;0;
38724;5299208;554893312;51077120;507879424;0;0;0;0;0;0;0;0;0;0;0;2756;0;0;0;0;0;0;
38725;3361213;554893312;51077120;507879424;0;0;0;0;0;0;0;0;0;0;0;3306;0;0;0;0;0;0;
38726;4908996;554893312;51077120;507879424;0;0;0;0;0;0;0;0;0;0;0;3546;0;0;0;0;0;0;
38727;3708545;554893312;51077120;507879424;0;0;0;0;0;0;0;0;0;0;0;3607;0;0;0;0;0;0;
38728;4896783;554893312;51077120;507879424;0;0;0;0;0;0;0;0;0;0;0;3637;0;0;0;0;0;0;
38729;3291202;554893312;51077120;507879424;0;0;0;0;0;0;0;0;0;0;0;3617;0;0;0;0;0;0;
38730;4740620;554893312;51077120;507879424;0;0;0;0;0;0;0;0;0;0;0;3607;0;0;0;0;0;0;
38731;3269973;554893312;51077120;507879424;0;0;0;0;0;0;0;0;0;0;0;4038;0;0;0;0;0;0;
38732;4765397;554893312;51077120;507879424;0;0;0;0;0;0;0;0;0;0;0;3426;0;0;0;0;0;0;
38733;3261997;554893312;51077120;507879424;0;0;0;0;0;0;0;0;0;0;0;3767;0;0;0;0;0;0;
38734;4815702;554893312;51077120;507879424;0;0;0;0;0;0;0;0;0;0;0;3396;0;0;0;0;0;0;
38735;3306181;554893312;51077120;507879424;0;0;0;0;0;0;0;0;0;0;0;3557;0;0;0;0;0;0;
38736;4822524;554893312;51077120;507879424;0;0;0;0;0;0;0;0;0;0;0;3727;0;0;0;0;0;0;
38737;3269842;554893312;51077120;507879424;0;0;0;0;0;0;0;0;0;0;0;3427;0;0;0;0;0;0;
38738;4922031;554893312;51077120;507879424;0;0;0;0;0;0;0;0;0;0;0;3466;0;0;0;0;0;0;
38739;3224778;554893312;51085312;507887616;0;0;0;0;0;0;0;0;0;0;0;3547;0;0;0;0;0;0;
38740;4786387;554893312;51085312;507887616;0;0;0;0;0;0;0;0;0;0;0;3357;0;0;0;0;0;0;
38741;3336156;554893312;51085312;507887616;0;0;0;0;0;0;0;0;0;0;0;3847;0;0;0;0;0;0;
38742;4733958;554893312;51085312;507887616;0;0;0;0;0;0;0;0;0;0;0;3506;0;0;0;0;0;0;
38743;3258421;554893312;51085312;507887616;0;0;0;0;0;0;0;0;0;0;0;3627;0;0;0;0;0;0;
38744;4748746;554893312;51085312;507887616;0;0;0;0;0;0;0;0;0;0;0;3006;0;0;0;0;0;0;
38745;3315929;554913792;51077120;507879424;0;0;0;0;0;0;0;0;0;0;0;3887;0;0;0;0;0;0;
38746;4788480;554913792;51077120;507879424;0;0;0;0;0;0;0;0;0;0;0;4048;0;0;0;0;0;0;
38747;3282096;554913792;51077120;507879424;0;0;0;0;0;0;0;0;0;0;0;3537;0;0;0;0;0;0;
38748;4763653;554913792;51077120;507879424;0;0;0;0;0;0;0;0;0;0;0;3727;0;0;0;0;0;0;
38749;3320968;554913792;51077120;507879424;0;0;0;0;0;0;0;0;0;0;0;3516;0;0;0;0;0;0;
38750;4753896;554913792;51077120;507879424;0;0;0;0;0;0;0;0;0;0;0;3416;0;0;0;0;0;0;
38751;3336497;554913792;51077120;507879424;0;0;0;0;0;0;0;0;0;0;0;3417;0;0;0;0;0;0;
38752;4800172;554913792;51077120;507879424;0;0;0;0;0;0;0;0;0;0;0;3476;0;0;0;0;0;0;
38753;3292986;554913792;51077120;507879424;0;0;0;0;0;0;0;0;0;0;0;3537;0;0;0;0;0;0;
38754;4741161;554913792;51077120;507879424;0;0;0;0;0;0;0;0;0;0;0;3377;0;0;0;0;0;0;
38755;3282436;554913792;51077120;507879424;0;0;0;0;0;0;0;0;0;0;0;3607;0;0;0;0;0;0;
38756;4853252;554913792;51077120;507879424;0;0;0;0;0;0;0;0;0;0;0;3206;0;0;0;0;0;0;
38757;3839991;554913792;51077120;507879424;0;0;0;0;0;0;0;0;0;0;0;3707;0;0;0;0;0;0;
38758;4744408;554913792;51077120;507879424;0;0;0;0;0;0;0;0;0;0;0;3206;0;0;0;0;0;0;
38759;3547483;554913792;51077120;507879424;0;0;0;0;0;0;0;0;0;0;0;2906;0;0;0;0;0;0;
38760;4776518;554913792;51077120;507879424;0;0;0;0;0;0;0;0;0;0;0;3757;0;0;0;0;0;0;
38761;3355482;554913792;51077120;507879424;0;0;0;0;0;0;0;0;0;0;0;3166;0;0;0;0;0;0;
38762;4775506;554913792;51077120;507879424;0;0;0;0;0;0;0;0;0;0;0;3046;0;0;0;0;0;0;
38763;3334583;554913792;51077120;507879424;0;0;0;0;0;0;0;0;0;0;0;3136;0;0;0;0;0;0;
38764;4751391;554913792;51077120;507879424;0;0;0;0;0;0;0;0;0;0;0;3597;0;0;0;0;0;0;
38765;3502338;554913792;51077120;507879424;0;0;0;0;0;0;0;0;0;0;0;3476;0;0;0;0;0;0;
38766;4727125;554913792;51077120;507879424;0;0;0;0;0;0;0;0;0;0;0;3307;0;0;0;0;0;0;
38767;3362926;554913792;51077120;507879424;0;0;0;0;0;0;0;0;0;0;0;3607;0;0;0;0;0;0;
38768;4730531;554913792;51077120;507879424;0;0;0;0;0;0;0;0;0;0;0;3667;0;0;0;0;0;0;
38769;3316399;554913792;51077120;507879424;0;0;0;0;0;0;0;0;0;0;0;3126;0;0;0;0;0;0;
38770;4717647;554913792;51077120;507879424;0;0;0;0;0;0;0;0;0;0;0;2926;0;0;0;0;0;0;
38771;3314987;554913792;51077120;507879424;0;0;0;0;0;0;0;0;0;0;0;4088;0;0;0;0;0;0;
38772;4666561;554913792;51077120;507879424;0;0;0;0;0;0;0;0;0;0;0;2845;0;0;0;0;0;0;
38773;3404405;554913792;51077120;507879424;0;0;0;0;0;0;0;0;0;0;0;3757;0;0;0;0;0;0;
38774;4695786;554913792;51077120;507879424;0;0;0;0;0;0;0;0;0;0;0;3336;0;0;0;0;0;0;
38775;3370030;554913792;51077120;507879424;0;0;0;0;0;0;0;0;0;0;0;3777;0;0;0;0;0;0;
38776;4785695;554913792;51077120;507879424;0;0;0;0;0;0;0;0;0;0;0;3066;0;0;0;0;0;0;
38777;3266596;554913792;51077120;507879424;0;0;0;0;0;0;0;0;0;0;0;4067;0;0;0;0;0;0;
38778;4708991;554913792;51077120;507879424;0;0;0;0;0;0;0;0;0;0;0;3126;0;0;0;0;0;0;
38779;3279130;554913792;51077120;507879424;0;0;0;0;0;0;0;0;0;0;0;3156;0;0;0;0;0;0;
38780;4714702;554913792;51077120;507879424;0;0;0;0;0;0;0;0;0;0;0;2835;0;0;0;0;0;0;
38781;3326478;554913792;51077120;507879424;0;0;0;0;0;0;0;0;0;0;0;3477;0;0;0;0;0;0;
38782;4701527;554913792;51077120;507879424;0;0;0;0;0;0;0;0;0;0;0;2825;0;0;0;0;0;0;
38783;3261507;554913792;51077120;507879424;0;0;0;0;0;0;0;0;0;0;0;3006;0;0;0;0;0;0;
38784;4696538;554913792;51077120;507879424;0;0;0;0;0;0;0;0;0;0;0;2926;0;0;0;0;0;0;
38785;3286152;554913792;51077120;507879424;0;0;0;0;0;0;0;0;0;0;0;3196;0;0;0;0;0;0;
38786;4760789;554913792;51077120;507879424;0;0;0;0;0;0;0;0;0;0;0;3005;0;0;0;0;0;0;
38787;3370391;554913792;51077120;507879424;0;0;0;0;0;0;0;0;0;0;0;3987;0;0;0;0;0;0;
38788;4766499;554913792;51077120;507879424;0;0;0;0;0;0;0;0;0;0;0;3346;0;0;0;0;0;0;
38789;3244174;554913792;51077120;507879424;0;0;0;0;0;0;0;0;0;0;0;3026;0;0;0;0;0;0;
38790;4733057;554913792;51077120;507879424;0;0;0;0;0;0;0;0;0;0;0;2876;0;0;0;0;0;0;
38791;3188470;554913792;51077120;507879424;0;0;0;0;0;0;0;0;0;0;0;3266;0;0;0;0;0;0;
38792;4780936;554913792;51077120;507879424;0;0;0;0;0;0;0;0;0;0;0;3316;0;0;0;0;0;0;
38793;3225388;554913792;51077120;507879424;0;0;0;0;0;0;0;0;0;0;0;3537;0;0;0;0;0;0;
38794;4815150;554913792;51077120;507879424;0;0;0;0;0;0;0;0;0;0;0;3126;0;0;0;0;0;0;
38795;3329194;554913792;51077120;507879424;0;0;0;0;0;0;0;0;0;0;0;2925;0;0;0;0;0;0;
38796;4788090;554913792;51077120;507879424;0;0;0;0;0;0;0;0;0;0;0;3146;0;0;0;0;0;0;
38797;3246207;554913792;51077120;507879424;0;0;0;0;0;0;0;0;0;0;0;3336;0;0;0;0;0;0;
38798;4787499;554913792;51077120;507879424;0;0;0;0;0;0;0;0;0;0;0;3226;0;0;0;0;0;0;
38799;3236690;554913792;51077120;507879424;0;0;0;0;0;0;0;0;0;0;0;2916;0;0;0;0;0;0;
38800;4796145;554913792;51077120;507879424;0;0;0;0;0;0;0;0;0;0;0;3226;0;0;0;0;0;0;
38801;3263460;554913792;51077120;507879424;0;0;0;0;0;0;0;0;0;0;0;3056;0;0;0;0;0;0;
38802;4746392;554913792;51077120;507879424;0;0;0;0;0;0;0;0;0;0;0;3126;0;0;0;0;0;0;
38803;3431596;554913792;51077120;507879424;0;0;0;0;0;0;0;0;0;0;0;3787;0;0;0;0;0;0;
38804;4720082;554913792;51077120;507879424;0;0;0;0;0;0;0;0;0;0;0;3116;0;0;0;0;0;0;
38805;3323123;554913792;51077120;507879424;0;0;0;0;0;0;0;0;0;0;0;3556;0;0;0;0;0;0;
38806;7755464;554913792;51077120;507879424;0;0;0;0;0;0;0;0;0;0;0;3306;0;0;0;0;0;0;
38807;7101388;554913792;51077120;507879424;0;0;0;0;0;0;0;0;0;0;0;5179;0;0;0;0;0;0;
38808;5239696;554913792;51077120;507879424;0;0;0;0;0;0;0;0;0;0;0;4138;0;0;0;0;0;0;
38809;3665434;554913792;51077120;507879424;0;0;0;0;0;0;0;0;0;0;0;3317;0;0;0;0;0;0;
38810;4691359;554913792;51077120;507879424;0;0;0;0;0;0;0;0;0;0;0;2795;0;0;0;0;0;0;
38811;3382683;554913792;51077120;507879424;0;0;0;0;0;0;0;0;0;0;0;3506;0;0;0;0;0;0;
38812;4769735;554913792;51077120;507879424;0;0;0;0;0;0;0;0;0;0;0;2855;0;0;0;0;0;0;
38813;3354081;554913792;51077120;507879424;0;0;0;0;0;0;0;0;0;0;0;3246;0;0;0;0;0;0;
38814;4748826;554913792;51077120;507879424;0;0;0;0;0;0;0;0;0;0;0;3115;0;0;0;0;0;0;
38815;3309907;554913792;51077120;507879424;0;0;0;0;0;0;0;0;0;0;0;3146;0;0;0;0;0;0;
38816;4717547;554913792;51077120;507879424;0;0;0;0;0;0;0;0;0;0;0;2635;0;0;0;0;0;0;
38817;3281514;554913792;51077120;507879424;0;0;0;0;0;0;0;0;0;0;0;3467;0;0;0;0;0;0;
38818;4729680;554913792;51077120;507879424;0;0;0;0;0;0;0;0;0;0;0;2976;0;0;0;0;0;0;
38819;3256868;554913792;51077120;507879424;0;0;0;0;0;0;0;0;0;0;0;3196;0;0;0;0;0;0;
38820;4760939;554913792;51077120;507879424;0;0;0;0;0;0;0;0;0;0;0;2625;0;0;0;0;0;0;
38821;3242501;554913792;51077120;507879424;0;0;0;0;0;0;0;0;0;0;0;2905;0;0;0;0;0;0;
38822;4771889;554913792;51077120;507879424;0;0;0;0;0;0;0;0;0;0;0;2515;0;0;0;0;0;0;
38823;3213697;554913792;51077120;507879424;0;0;0;0;0;0;0;0;0;0;0;3016;0;0;0;0;0;0;
38824;4791867;554913792;51077120;507879424;0;0;0;0;0;0;0;0;0;0;0;2996;0;0;0;0;0;0;
38825;3211092;554913792;51077120;507879424;0;0;0;0;0;0;0;0;0;0;0;2895;0;0;0;0;0;0;
38826;4706736;554913792;51077120;507879424;0;0;0;0;0;0;0;0;0;0;0;2905;0;0;0;0;0;0;
38827;3230839;554913792;51077120;507879424;0;0;0;0;0;0;0;0;0;0;0;3336;0;0;0;0;0;0;
38828;4784332;554913792;51077120;507879424;0;0;0;0;0;0;0;0;0;0;0;2915;0;0;0;0;0;0;
38829;3328392;554913792;51077120;507879424;0;0;0;0;0;0;0;0;0;0;0;3587;0;0;0;0;0;0;
38830;4712908;554913792;51077120;507879424;0;0;0;0;0;0;0;0;0;0;0;2836;0;0;0;0;0;0;
38831;3189051;554913792;51077120;507879424;0;0;0;0;0;0;0;0;0;0;0;3026;0;0;0;0;0;0;
38832;4649380;554913792;51077120;507879424;0;0;0;0;0;0;0;0;0;0;0;2665;0;0;0;0;0;0;
38833;3425885;554913792;51077120;507879424;0;0;0;0;0;0;0;0;0;0;0;3336;0;0;0;0;0;0;
38834;4672393;554913792;51077120;507879424;0;0;0;0;0;0;0;0;0;0;0;2755;0;0;0;0;0;0;
38835;3138736;554913792;51077120;507879424;0;0;0;0;0;0;0;0;0;0;0;3016;0;0;0;0;0;0;
38836;4681089;554913792;51077120;507879424;0;0;0;0;0;0;0;0;0;0;0;3056;0;0;0;0;0;0;
38837;3277296;554913792;51077120;507879424;0;0;0;0;0;0;0;0;0;0;0;3105;0;0;0;0;0;0;
38838;4694003;554913792;51077120;507879424;0;0;0;0;0;0;0;0;0;0;0;3276;0;0;0;0;0;0;
38839;3365491;554913792;51077120;507879424;0;0;0;0;0;0;0;0;0;0;0;3176;0;0;0;0;0;0;
38840;4765427;554913792;51077120;507879424;0;0;0;0;0;0;0;0;0;0;0;3427;0;0;0;0;0;0;
38841;3552672;554913792;51077120;507879424;0;0;0;0;0;0;0;0;0;0;0;2835;0;0;0;0;0;0;
38842;4681990;554913792;51077120;507879424;0;0;0;0;0;0;0;0;0;0;0;2745;0;0;0;0;0;0;
38843;3199169;554913792;51077120;507879424;0;0;0;0;0;0;0;0;0;0;0;3697;0;0;0;0;0;0;
38844;4696307;554913792;51077120;507879424;0;0;0;0;0;0;0;0;0;0;0;3176;0;0;0;0;0;0;
38845;3184031;554913792;51077120;507879424;0;0;0;0;0;0;0;0;0;0;0;3186;0;0;0;0;0;0;
38846;4682151;554913792;51077120;507879424;0;0;0;0;0;0;0;0;0;0;0;2735;0;0;0;0;0;0;
38847;3111595;554913792;51077120;507879424;0;0;0;0;0;0;0;0;0;0;0;3216;0;0;0;0;0;0;
38848;4785134;554913792;51077120;507879424;0;0;0;0;0;0;0;0;0;0;0;3035;0;0;0;0;0;0;
38849;3093702;554913792;51077120;507879424;0;0;0;0;0;0;0;0;0;0;0;2965;0;0;0;0;0;0;
38850;4654720;554913792;51077120;507879424;0;0;0;0;0;0;0;0;0;0;0;2865;0;0;0;0;0;0;
38851;3056823;554913792;51077120;507879424;0;0;0;0;0;0;0;0;0;0;0;3036;0;0;0;0;0;0;
38852;4672402;554913792;51077120;507879424;0;0;0;0;0;0;0;0;0;0;0;2535;0;0;0;0;0;0;
38853;3136823;554913792;51077120;507879424;0;0;0;0;0;0;0;0;0;0;0;3156;0;0;0;0;0;0;
38854;4783340;554913792;51077120;507879424;0;0;0;0;0;0;0;0;0;0;0;3086;0;0;0;0;0;0;
38855;3138476;554913792;51077120;507879424;0;0;0;0;0;0;0;0;0;0;0;3106;0;0;0;0;0;0;
38856;4780596;554913792;51077120;507879424;0;0;0;0;0;0;0;0;0;0;0;3186;0;0;0;0;0;0;
38857;3168111;554913792;51077120;507879424;0;0;0;0;0;0;0;0;0;0;0;3687;0;0;0;0;0;0;
38858;4889660;554913792;51077120;507879424;0;0;0;0;0;0;0;0;0;0;0;3176;0;0;0;0;0;0;
38859;3148455;554913792;51077120;507879424;0;0;0;0;0;0;0;0;0;0;0;3767;0;0;0;0;0;0;
38860;4875724;554913792;51077120;507879424;0;0;0;0;0;0;0;0;0;0;0;3647;0;0;0;0;0;0;
38861;3201254;554913792;51085312;507887616;0;0;0;0;0;0;0;0;0;0;0;3907;0;0;0;0;0;0;
38862;4671711;554913792;51085312;507887616;0;0;0;0;0;0;0;0;0;0;0;3316;0;0;0;0;0;0;
38863;3201774;554913792;51085312;507887616;0;0;0;0;0;0;0;0;0;0;0;3767;0;0;0;0;0;0;
38864;4692621;554913792;51085312;507887616;0;0;0;0;0;0;0;0;0;0;0;3356;0;0;0;0;0;0;
38865;3026466;554913792;51085312;507887616;0;0;0;0;0;0;0;0;0;0;0;3216;0;0;0;0;0;0;
38866;4656873;554913792;51085312;507887616;0;0;0;0;0;0;0;0;0;0;0;2535;0;0;0;0;0;0;
38867;3122586;554934272;51077120;507879424;0;0;0;0;0;0;0;0;0;0;0;2715;0;0;0;0;0;0;
38868;4702679;554934272;51077120;507879424;0;0;0;0;0;0;0;0;0;0;0;2845;0;0;0;0;0;0;
38869;3083203;554934272;51077120;507879424;0;0;0;0;0;0;0;0;0;0;0;2996;0;0;0;0;0;0;
38870;4691138;554934272;51077120;507879424;0;0;0;0;0;0;0;0;0;0;0;2695;0;0;0;0;0;0;
38871;3040231;554934272;51077120;507879424;0;0;0;0;0;0;0;0;0;0;0;2976;0;0;0;0;0;0;
38872;4750409;554934272;51077120;507879424;0;0;0;0;0;0;0;0;0;0;0;2625;0;0;0;0;0;0;
38873;3047605;554934272;51077120;507879424;0;0;0;0;0;0;0;0;0;0;0;3616;0;0;0;0;0;0;
38874;4692289;554934272;51077120;507879424;0;0;0;0;0;0;0;0;0;0;0;2986;0;0;0;0;0;0;
38875;3109381;554934272;51077120;507879424;0;0;0;0;0;0;0;0;0;0;0;3126;0;0;0;0;0;0;
38876;4675137;554934272;51077120;507879424;0;0;0;0;0;0;0;0;0;0;0;2886;0;0;0;0;0;0;
38877;3052374;554934272;51077120;507879424;0;0;0;0;0;0;0;0;0;0;0;2935;0;0;0;0;0;0;
38878;4726514;554934272;51077120;507879424;0;0;0;0;0;0;0;0;0;0;0;8265;0;0;0;0;0;0;
38879;3147573;554934272;51077120;507879424;0;0;0;0;0;0;0;0;0;0;0;3226;0;0;0;0;0;0;
38880;4755759;554934272;51077120;507879424;0;0;0;0;0;0;0;0;0;0;0;2595;0;0;0;0;0;0;
38881;3386952;554934272;51077120;507879424;0;0;0;0;0;0;0;0;0;0;0;2906;0;0;0;0;0;0;
38882;4769264;554934272;51077120;507879424;0;0;0;0;0;0;0;0;0;0;0;2845;0;0;0;0;0;0;
38883;3075918;554934272;51077120;507879424;0;0;0;0;0;0;0;0;0;0;0;2855;0;0;0;0;0;0;
38884;4692030;554934272;51077120;507879424;0;0;0;0;0;0;0;0;0;0;0;2675;0;0;0;0;0;0;
38885;3070939;554934272;51077120;507879424;0;0;0;0;0;0;0;0;0;0;0;3487;0;0;0;0;0;0;
38886;4656723;554934272;51077120;507879424;0;0;0;0;0;0;0;0;0;0;0;2635;0;0;0;0;0;0;
38887;3085516;554934272;51077120;507879424;0;0;0;0;0;0;0;0;0;0;0;2885;0;0;0;0;0;0;
38888;4670819;554934272;51077120;507879424;0;0;0;0;0;0;0;0;0;0;0;2916;0;0;0;0;0;0;
38889;3024262;554934272;51077120;507879424;0;0;0;0;0;0;0;0;0;0;0;3016;0;0;0;0;0;0;
38890;4626857;554934272;51077120;507879424;0;0;0;0;0;0;0;0;0;0;0;2425;0;0;0;0;0;0;
38891;2915738;554934272;51077120;507879424;0;0;0;0;0;0;0;0;0;0;0;2695;0;0;0;0;0;0;
38892;4658356;554934272;51077120;507879424;0;0;0;0;0;0;0;0;0;0;0;2555;0;0;0;0;0;0;
38893;2862688;554934272;51077120;507879424;0;0;0;0;0;0;0;0;0;0;0;2986;0;0;0;0;0;0;
38894;4659147;554934272;51077120;507879424;0;0;0;0;0;0;0;0;0;0;0;2435;0;0;0;0;0;0;
38895;2889379;554934272;51077120;507879424;0;0;0;0;0;0;0;0;0;0;0;3176;0;0;0;0;0;0;
38896;4622850;554934272;51077120;507879424;0;0;0;0;0;0;0;0;0;0;0;2445;0;0;0;0;0;0;
38897;2968116;554934272;51077120;507879424;0;0;0;0;0;0;0;0;0;0;0;3206;0;0;0;0;0;0;
38898;4599296;554934272;51077120;507879424;0;0;0;0;0;0;0;0;0;0;0;2785;0;0;0;0;0;0;
38899;2889649;554934272;51077120;507879424;0;0;0;0;0;0;0;0;0;0;0;3587;0;0;0;0;0;0;
38900;4621146;554934272;51077120;507879424;0;0;0;0;0;0;0;0;0;0;0;3266;0;0;0;0;0;0;
38901;2965932;554934272;51077120;507879424;0;0;0;0;0;0;0;0;0;0;0;3486;0;0;0;0;0;0;
38902;4621336;554934272;51077120;507879424;0;0;0;0;0;0;0;0;0;0;0;2976;0;0;0;0;0;0;
38903;2952648;554934272;51077120;507879424;0;0;0;0;0;0;0;0;0;0;0;3316;0;0;0;0;0;0;
38904;4602191;554934272;51077120;507879424;0;0;0;0;0;0;0;0;0;0;0;2515;0;0;0;0;0;0;
38905;2820910;554934272;51077120;507879424;0;0;0;0;0;0;0;0;0;0;0;2985;0;0;0;0;0;0;
38906;4581903;554934272;51077120;507879424;0;0;0;0;0;0;0;0;0;0;0;2675;0;0;0;0;0;0;
38907;3092900;554934272;51077120;507879424;0;0;0;0;0;0;0;0;0;0;0;2605;0;0;0;0;0;0;
38908;4581141;554934272;51077120;507879424;0;0;0;0;0;0;0;0;0;0;0;2585;0;0;0;0;0;0;
38909;2851819;554934272;51077120;507879424;0;0;0;0;0;0;0;0;0;0;0;3016;0;0;0;0;0;0;
38910;4640843;554934272;51077120;507879424;0;0;0;0;0;0;0;0;0;0;0;2835;0;0;0;0;0;0;
38911;2818045;554934272;51077120;507879424;0;0;0;0;0;0;0;0;0;0;0;2675;0;0;0;0;0;0;
38912;4549992;554934272;51077120;507879424;0;0;0;0;0;0;0;0;0;0;0;3125;0;0;0;0;0;0;
38913;2992623;554934272;51077120;507879424;0;0;0;0;0;0;0;0;0;0;0;3085;0;0;0;0;0;0;
38914;4662484;554934272;51077120;507879424;0;0;0;0;0;0;0;0;0;0;0;2545;0;0;0;0;0;0;
38915;2854584;554934272;51077120;507879424;0;0;0;0;0;0;0;0;0;0;0;2966;0;0;0;0;0;0;
38916;4672643;554934272;51077120;507879424;0;0;0;0;0;0;0;0;0;0;0;2976;0;0;0;0;0;0;
38917;2828614;554934272;51077120;507879424;0;0;0;0;0;0;0;0;0;0;0;3246;0;0;0;0;0;0;
38918;4605777;554934272;51077120;507879424;0;0;0;0;0;0;0;0;0;0;0;2695;0;0;0;0;0;0;
38919;2839786;554934272;51077120;507879424;0;0;0;0;0;0;0;0;0;0;0;2876;0;0;0;0;0;0;
38920;4603844;554934272;51077120;507879424;0;0;0;0;0;0;0;0;0;0;0;2985;0;0;0;0;0;0;
38921;2798758;554934272;51077120;507879424;0;0;0;0;0;0;0;0;0;0;0;3126;0;0;0;0;0;0;
38922;4608112;554934272;51077120;507879424;0;0;0;0;0;0;0;0;0;0;0;2986;0;0;0;0;0;0;
38923;2734819;554934272;51077120;507879424;0;0;0;0;0;0;0;0;0;0;0;3236;0;0;0;0;0;0;
38924;4559691;554934272;51077120;507879424;0;0;0;0;0;0;0;0;0;0;0;2675;0;0;0;0;0;0;
38925;2785754;554934272;51077120;507879424;0;0;0;0;0;0;0;0;0;0;0;2956;0;0;0;0;0;0;
38926;4595859;554934272;51077120;507879424;0;0;0;0;0;0;0;0;0;0;0;2765;0;0;0;0;0;0;
38927;2786726;554934272;51077120;507879424;0;0;0;0;0;0;0;0;0;0;0;3196;0;0;0;0;0;0;
38928;4573578;554934272;51077120;507879424;0;0;0;0;0;0;0;0;0;0;0;2795;0;0;0;0;0;0;
38929;2606949;554934272;51077120;507879424;0;0;0;0;0;0;0;0;0;0;0;2615;0;0;0;0;0;0;
38930;4568648;554934272;51077120;507879424;0;0;0;0;0;0;0;0;0;0;0;3056;0;0;0;0;0;0;
38931;2616798;554934272;51077120;507879424;0;0;0;0;0;0;0;0;0;0;0;2615;0;0;0;0;0;0;
38932;4520527;554934272;51077120;507879424;0;0;0;0;0;0;0;0;0;0;0;2274;0;0;0;0;0;0;
38933;2605567;554934272;51077120;507879424;0;0;0;0;0;0;0;0;0;0;0;3086;0;0;0;0;0;0;
38934;4563318;554934272;51077120;507879424;0;0;0;0;0;0;0;0;0;0;0;2385;0;0;0;0;0;0;
38935;2576051;554934272;51077120;507879424;0;0;0;0;0;0;0;0;0;0;0;2575;0;0;0;0;0;0;
38936;4533632;554934272;51077120;507879424;0;0;0;0;0;0;0;0;0;0;0;2444;0;0;0;0;0;0;
38937;2577384;554934272;51077120;507879424;0;0;0;0;0;0;0;0;0;0;0;2796;0;0;0;0;0;0;
38938;4529986;554934272;51077120;507879424;0;0;0;0;0;0;0;0;0;0;0;2595;0;0;0;0;0;0;
38939;2631164;554934272;51077120;507879424;0;0;0;0;0;0;0;0;0;0;0;2565;0;0;0;0;0;0;
38940;4524426;554934272;51077120;507879424;0;0;0;0;0;0;0;0;0;0;0;2695;0;0;0;0;0;0;
38941;3168742;554934272;51077120;507879424;0;0;0;0;0;0;0;0;0;0;0;3627;0;0;0;0;0;0;
38942;5104763;554934272;51077120;507879424;0;0;0;0;0;0;0;0;0;0;0;4028;0;0;0;0;0;0;
38943;3764620;554934272;51077120;507879424;0;0;0;0;0;0;0;0;0;0;0;3387;0;0;0;0;0;0;
38944;4950764;554934272;51077120;507879424;0;0;0;0;0;0;0;0;0;0;0;3496;0;0;0;0;0;0;
38945;3663471;554934272;51077120;507879424;0;0;0;0;0;0;0;0;0;0;0;3277;0;0;0;0;0;0;
38946;4861538;554934272;51077120;507879424;0;0;0;0;0;0;0;0;0;0;0;3417;0;0;0;0;0;0;
38947;3661947;554934272;51077120;507879424;0;0;0;0;0;0;0;0;0;0;0;3787;0;0;0;0;0;0;
38948;4872608;554934272;51077120;507879424;0;0;0;0;0;0;0;0;0;0;0;3437;0;0;0;0;0;0;
38949;3764410;554934272;51077120;507879424;0;0;0;0;0;0;0;0;0;0;0;4238;0;0;0;0;0;0;
38950;4899368;554934272;51077120;507879424;0;0;0;0;0;0;0;0;0;0;0;3767;0;0;0;0;0;0;
38951;3677056;554934272;51077120;507879424;0;0;0;0;0;0;0;0;0;0;0;3537;0;0;0;0;0;0;
38952;4807676;554934272;51077120;507879424;0;0;0;0;0;0;0;0;0;0;0;3256;0;0;0;0;0;0;
38953;3199410;554934272;51077120;507879424;0;0;0;0;0;0;0;0;0;0;0;3337;0;0;0;0;0;0;
38954;4794402;554934272;51077120;507879424;0;0;0;0;0;0;0;0;0;0;0;3317;0;0;0;0;0;0;
38955;3257449;554934272;51077120;507879424;0;0;0;0;0;0;0;0;0;0;0;2835;0;0;0;0;0;0;
38956;4759486;554934272;51077120;507879424;0;0;0;0;0;0;0;0;0;0;0;3046;0;0;0;0;0;0;
38957;3286353;554934272;51077120;507879424;0;0;0;0;0;0;0;0;0;0;0;3417;0;0;0;0;0;0;
38958;4893958;554934272;51077120;507879424;0;0;0;0;0;0;0;0;0;0;0;3055;0;0;0;0;0;0;
38959;3322672;554934272;51077120;507879424;0;0;0;0;0;0;0;0;0;0;0;3546;0;0;0;0;0;0;
38960;4731915;554934272;51077120;507879424;0;0;0;0;0;0;0;0;0;0;0;3296;0;0;0;0;0;0;
38961;3420494;554934272;51077120;507879424;0;0;0;0;0;0;0;0;0;0;0;3196;0;0;0;0;0;0;
38962;4721905;554934272;51077120;507879424;0;0;0;0;0;0;0;0;0;0;0;3266;0;0;0;0;0;0;
38963;3347388;554934272;51077120;507879424;0;0;0;0;0;0;0;0;0;0;0;3427;0;0;0;0;0;0;
38964;4715122;554934272;51077120;507879424;0;0;0;0;0;0;0;0;0;0;0;2735;0;0;0;0;0;0;
38965;3390338;554934272;51077120;507879424;0;0;0;0;0;0;0;0;0;0;0;3397;0;0;0;0;0;0;
38966;4798609;554934272;51077120;507879424;0;0;0;0;0;0;0;0;0;0;0;3126;0;0;0;0;0;0;
38967;3371122;554934272;51077120;507879424;0;0;0;0;0;0;0;0;0;0;0;3266;0;0;0;0;0;0;
38968;4812947;554934272;51077120;507879424;0;0;0;0;0;0;0;0;0;0;0;2975;0;0;0;0;0;0;
38969;3392623;554934272;51077120;507879424;0;0;0;0;0;0;0;0;0;0;0;3206;0;0;0;0;0;0;
38970;4827664;554934272;51077120;507879424;0;0;0;0;0;0;0;0;0;0;0;3166;0;0;0;0;0;0;
38971;3821206;554934272;51077120;507879424;0;0;0;0;0;0;0;0;0;0;0;3647;0;0;0;0;0;0;
38972;4745460;554934272;51077120;507879424;0;0;0;0;0;0;0;0;0;0;0;3005;0;0;0;0;0;0;
38973;3481690;554934272;51077120;507879424;0;0;0;0;0;0;0;0;0;0;0;3537;0;0;0;0;0;0;
38974;4774885;554934272;51077120;507879424;0;0;0;0;0;0;0;0;0;0;0;3115;0;0;0;0;0;0;
38975;3533086;554934272;51077120;507879424;0;0;0;0;0;0;0;0;0;0;0;3236;0;0;0;0;0;0;
38976;4755618;554934272;51077120;507879424;0;0;0;0;0;0;0;0;0;0;0;2785;0;0;0;0;0;0;
38977;3479505;554934272;51077120;507879424;0;0;0;0;0;0;0;0;0;0;0;3135;0;0;0;0;0;0;
38978;4825149;554934272;51077120;507879424;0;0;0;0;0;0;0;0;0;0;0;3577;0;0;0;0;0;0;
38979;3508199;554934272;51077120;507879424;0;0;0;0;0;0;0;0;0;0;0;3817;0;0;0;0;0;0;
38980;4850266;554934272;51077120;507879424;0;0;0;0;0;0;0;0;0;0;0;3627;0;0;0;0;0;0;
38981;3832487;554934272;51077120;507879424;0;0;0;0;0;0;0;0;0;0;0;3737;0;0;0;0;0;0;
38982;4773162;554934272;51077120;507879424;0;0;0;0;0;0;0;0;0;0;0;3076;0;0;0;0;0;0;
38983;3551832;554934272;51077120;507879424;0;0;0;0;0;0;0;0;0;0;0;3276;0;0;0;0;0;0;
38984;4923363;554934272;51077120;507879424;0;0;0;0;0;0;0;0;0;0;0;2915;0;0;0;0;0;0;
38985;3707252;554934272;51077120;507879424;0;0;0;0;0;0;0;0;0;0;0;3767;0;0;0;0;0;0;
38986;4877628;554934272;51077120;507879424;0;0;0;0;0;0;0;0;0;0;0;3156;0;0;0;0;0;0;
38987;3876750;554934272;51077120;507879424;0;0;0;0;0;0;0;0;0;0;0;2975;0;0;0;0;0;0;
38988;4647355;554934272;51077120;507879424;0;0;0;0;0;0;0;0;0;0;0;2475;0;0;0;0;0;0;
38989;3068895;554934272;51077120;507879424;0;0;0;0;0;0;0;0;0;0;0;2655;0;0;0;0;0;0;
38990;4614373;554934272;51077120;507879424;0;0;0;0;0;0;0;0;0;0;0;2354;0;0;0;0;0;0;
38991;2880522;554934272;51077120;507879424;0;0;0;0;0;0;0;0;0;0;0;2455;0;0;0;0;0;0;
38992;4652886;554934272;51077120;507879424;0;0;0;0;0;0;0;0;0;0;0;2415;0;0;0;0;0;0;
38993;2982994;554934272;51077120;507879424;0;0;0;0;0;0;0;0;0;0;0;2475;0;0;0;0;0;0;
38994;4659218;554934272;51077120;507879424;0;0;0;0;0;0;0;0;0;0;0;2314;0;0;0;0;0;0;
38995;2935896;554934272;51077120;507879424;0;0;0;0;0;0;0;0;0;0;0;2715;0;0;0;0;0;0;
38996;4679075;554934272;51077120;507879424;0;0;0;0;0;0;0;0;0;0;0;3006;0;0;0;0;0;0;
38997;2990899;554934272;51077120;507879424;0;0;0;0;0;0;0;0;0;0;0;2515;0;0;0;0;0;0;
38998;4677412;554934272;51077120;507879424;0;0;0;0;0;0;0;0;0;0;0;2515;0;0;0;0;0;0;
38999;3130962;554934272;51077120;507879424;0;0;0;0;0;0;0;0;0;0;0;3497;0;0;0;0;0;0;
39000;4682762;554934272;51077120;507879424;0;0;0;0;0;0;0;0;0;0;0;3036;0;0;0;0;0;0;
39001;3061432;554934272;51077120;507879424;0;0;0;0;0;0;0;0;0;0;0;3497;0;0;0;0;0;0;
39002;4611078;554934272;51077120;507879424;0;0;0;0;0;0;0;0;0;0;0;2895;0;0;0;0;0;0;
39003;2959070;554934272;51077120;507879424;0;0;0;0;0;0;0;0;0;0;0;3006;0;0;0;0;0;0;
39004;4628260;554934272;51077120;507879424;0;0;0;0;0;0;0;0;0;0;0;3066;0;0;0;0;0;0;
39005;2974809;554934272;51077120;507879424;0;0;0;0;0;0;0;0;0;0;0;3637;0;0;0;0;0;0;
39006;4665089;554934272;51077120;507879424;0;0;0;0;0;0;0;0;0;0;0;3106;0;0;0;0;0;0;
39007;2907693;554934272;51077120;507879424;0;0;0;0;0;0;0;0;0;0;0;3025;0;0;0;0;0;0;
39008;4743455;554934272;51077120;507879424;0;0;0;0;0;0;0;0;0;0;0;2795;0;0;0;0;0;0;
39009;2872627;554934272;51077120;507879424;0;0;0;0;0;0;0;0;0;0;0;3456;0;0;0;0;0;0;
39010;4607221;554934272;51077120;507879424;0;0;0;0;0;0;0;0;0;0;0;2755;0;0;0;0;0;0;
39011;3022929;554934272;51077120;507879424;0;0;0;0;0;0;0;0;0;0;0;3106;0;0;0;0;0;0;
39012;4584037;554934272;51077120;507879424;0;0;0;0;0;0;0;0;0;0;0;2866;0;0;0;0;0;0;
39013;2866576;554934272;51077120;507879424;0;0;0;0;0;0;0;0;0;0;0;2765;0;0;0;0;0;0;
39014;4582223;554934272;51077120;507879424;0;0;0;0;0;0;0;0;0;0;0;2655;0;0;0;0;0;0;
39015;3249535;554934272;51077120;507879424;0;0;0;0;0;0;0;0;0;0;0;3206;0;0;0;0;0;0;
39016;4855797;554934272;51077120;507879424;0;0;0;0;0;0;0;0;0;0;0;3727;0;0;0;0;0;0;
39017;3659112;554934272;51077120;507879424;0;0;0;0;0;0;0;0;0;0;0;3667;0;0;0;0;0;0;
39018;4749337;554934272;51077120;507879424;0;0;0;0;0;0;0;0;0;0;0;3116;0;0;0;0;0;0;
39019;3737239;554934272;51077120;507879424;0;0;0;0;0;0;0;0;0;0;0;3396;0;0;0;0;0;0;
39020;4788530;554934272;51077120;507879424;0;0;0;0;0;0;0;0;0;0;0;3166;0;0;0;0;0;0;
39021;3471601;554934272;51077120;507879424;0;0;0;0;0;0;0;0;0;0;0;3546;0;0;0;0;0;0;
39022;4838704;554934272;51077120;507879424;0;0;0;0;0;0;0;0;0;0;0;3196;0;0;0;0;0;0;
39023;3539838;554934272;51077120;507879424;0;0;0;0;0;0;0;0;0;0;0;3166;0;0;0;0;0;0;
39024;4787098;554934272;51077120;507879424;0;0;0;0;0;0;0;0;0;0;0;3236;0;0;0;0;0;0;
39025;3664803;554934272;51077120;507879424;0;0;0;0;0;0;0;0;0;0;0;3226;0;0;0;0;0;0;
39026;4875553;554934272;51077120;507879424;0;0;0;0;0;0;0;0;0;0;0;3146;0;0;0;0;0;0;
39027;3652190;554934272;51077120;507879424;0;0;0;0;0;0;0;0;0;0;0;3246;0;0;0;0;0;0;
39028;4804650;554934272;51077120;507879424;0;0;0;0;0;0;0;0;0;0;0;2945;0;0;0;0;0;0;
39029;3689509;554934272;51077120;507879424;0;0;0;0;0;0;0;0;0;0;0;3927;0;0;0;0;0;0;
39030;4939613;554934272;51077120;507879424;0;0;0;0;0;0;0;0;0;0;0;2985;0;0;0;0;0;0;
39031;3720607;554934272;51077120;507879424;0;0;0;0;0;0;0;0;0;0;0;3767;0;0;0;0;0;0;
39032;4819358;554934272;51077120;507879424;0;0;0;0;0;0;0;0;0;0;0;3627;0;0;0;0;0;0;
39033;4035789;554934272;51077120;507879424;0;0;0;0;0;0;0;0;0;0;0;4799;0;0;0;0;0;0;
39034;4855456;554934272;51077120;507879424;0;0;0;0;0;0;0;0;0;0;0;2966;0;0;0;0;0;0;
39035;3846022;554934272;51077120;507879424;0;0;0;0;0;0;0;0;0;0;0;4278;0;0;0;0;0;0;
39036;4926780;554934272;51077120;507879424;0;0;0;0;0;0;0;0;0;0;0;3827;0;0;0;0;0;0;
39037;3626471;554934272;51077120;507879424;0;0;0;0;0;0;0;0;0;0;0;3537;0;0;0;0;0;0;
39038;4773101;554934272;51077120;507879424;0;0;0;0;0;0;0;0;0;0;0;3296;0;0;0;0;0;0;
39039;3252469;554934272;51077120;507879424;0;0;0;0;0;0;0;0;0;0;0;3126;0;0;0;0;0;0;
39040;4701657;554934272;51077120;507879424;0;0;0;0;0;0;0;0;0;0;0;2895;0;0;0;0;0;0;
39041;3279892;554934272;51077120;507879424;0;0;0;0;0;0;0;0;0;0;0;4128;0;0;0;0;0;0;
39042;4765918;554934272;51077120;507879424;0;0;0;0;0;0;0;0;0;0;0;3647;0;0;0;0;0;0;
39043;3286082;554934272;51077120;507879424;0;0;0;0;0;0;0;0;0;0;0;3206;0;0;0;0;0;0;
39044;4781377;554934272;51077120;507879424;0;0;0;0;0;0;0;0;0;0;0;3176;0;0;0;0;0;0;
39045;3312702;554934272;51077120;507879424;0;0;0;0;0;0;0;0;0;0;0;3787;0;0;0;0;0;0;
39046;4776238;554934272;51077120;507879424;0;0;0;0;0;0;0;0;0;0;0;3547;0;0;0;0;0;0;
39047;3219208;554934272;51077120;507879424;0;0;0;0;0;0;0;0;0;0;0;2935;0;0;0;0;0;0;
39048;4707278;554934272;51077120;507879424;0;0;0;0;0;0;0;0;0;0;0;2966;0;0;0;0;0;0;
39049;3312893;554934272;51077120;507879424;0;0;0;0;0;0;0;0;0;0;0;3257;0;0;0;0;0;0;
39050;4703852;554934272;51077120;507879424;0;0;0;0;0;0;0;0;0;0;0;2976;0;0;0;0;0;0;
39051;3236750;554934272;51077120;507879424;0;0;0;0;0;0;0;0;0;0;0;3477;0;0;0;0;0;0;
39052;4765417;554934272;51077120;507879424;0;0;0;0;0;0;0;0;0;0;0;2845;0;0;0;0;0;0;
39053;3389317;554934272;51077120;507879424;0;0;0;0;0;0;0;0;0;0;0;3316;0;0;0;0;0;0;
39054;4768433;554934272;51077120;507879424;0;0;0;0;0;0;0;0;0;0;0;3216;0;0;0;0;0;0;
39055;9663263;554934272;51077120;507879424;0;0;0;0;0;0;0;0;0;0;0;3096;0;0;0;0;0;0;
39056;7789158;554934272;51077120;507879424;0;0;0;0;0;0;0;0;0;0;0;2915;0;0;0;0;0;0;
39057;4410271;554934272;51077120;507879424;0;0;0;0;0;0;0;0;0;0;0;3968;0;0;0;0;0;0;
39058;5213237;554934272;51077120;507879424;0;0;0;0;0;0;0;0;0;0;0;3767;0;0;0;0;0;0;
39059;3211293;554934272;51077120;507879424;0;0;0;0;0;0;0;0;0;0;0;3657;0;0;0;0;0;0;
39060;4890351;554934272;51077120;507879424;0;0;0;0;0;0;0;0;0;0;0;3216;0;0;0;0;0;0;
39061;3606454;554934272;51077120;507879424;0;0;0;0;0;0;0;0;0;0;0;3777;0;0;0;0;0;0;
39062;4748485;554934272;51077120;507879424;0;0;0;0;0;0;0;0;0;0;0;3196;0;0;0;0;0;0;
39063;3369500;554934272;51077120;507879424;0;0;0;0;0;0;0;0;0;0;0;2875;0;0;0;0;0;0;
39064;4772109;554934272;51077120;507879424;0;0;0;0;0;0;0;0;0;0;0;3146;0;0;0;0;0;0;
39065;3377654;554934272;51077120;507879424;0;0;0;0;0;0;0;0;0;0;0;3406;0;0;0;0;0;0;
39066;4794091;554934272;51077120;507879424;0;0;0;0;0;0;0;0;0;0;0;3216;0;0;0;0;0;0;
39067;3297664;554934272;51077120;507879424;0;0;0;0;0;0;0;0;0;0;0;2976;0;0;0;0;0;0;
39068;4798048;554934272;51077120;507879424;0;0;0;0;0;0;0;0;0;0;0;3116;0;0;0;0;0;0;
39069;3335977;554934272;51077120;507879424;0;0;0;0;0;0;0;0;0;0;0;3647;0;0;0;0;0;0;
39070;4829337;554934272;51077120;507879424;0;0;0;0;0;0;0;0;0;0;0;3767;0;0;0;0;0;0;
39071;3327992;554934272;51077120;507879424;0;0;0;0;0;0;0;0;0;0;0;3336;0;0;0;0;0;0;
39072;4793369;554934272;51077120;507879424;0;0;0;0;0;0;0;0;0;0;0;3026;0;0;0;0;0;0;
39073;3372484;554934272;51077120;507879424;0;0;0;0;0;0;0;0;0;0;0;3176;0;0;0;0;0;0;
39074;4885802;554934272;51077120;507879424;0;0;0;0;0;0;0;0;0;0;0;3296;0;0;0;0;0;0;
39075;3255385;554934272;51077120;507879424;0;0;0;0;0;0;0;0;0;0;0;3045;0;0;0;0;0;0;
39076;4779584;554934272;51077120;507879424;0;0;0;0;0;0;0;0;0;0;0;2966;0;0;0;0;0;0;
39077;3301492;554934272;51077120;507879424;0;0;0;0;0;0;0;0;0;0;0;3877;0;0;0;0;0;0;
39078;4783892;554934272;51077120;507879424;0;0;0;0;0;0;0;0;0;0;0;3256;0;0;0;0;0;0;
39079;3315939;554934272;51077120;507879424;0;0;0;0;0;0;0;0;0;0;0;3857;0;0;0;0;0;0;
39080;4736062;554934272;51077120;507879424;0;0;0;0;0;0;0;0;0;0;0;3497;0;0;0;0;0;0;
39081;3275092;554934272;51077120;507879424;0;0;0;0;0;0;0;0;0;0;0;3306;0;0;0;0;0;0;
39082;4741732;554934272;51077120;507879424;0;0;0;0;0;0;0;0;0;0;0;2995;0;0;0;0;0;0;
39083;3278809;554934272;51077120;507879424;0;0;0;0;0;0;0;0;0;0;0;3377;0;0;0;0;0;0;
39084;4751000;554934272;51077120;507879424;0;0;0;0;0;0;0;0;0;0;0;3226;0;0;0;0;0;0;
39085;3289589;554934272;51077120;507879424;0;0;0;0;0;0;0;0;0;0;0;3356;0;0;0;0;0;0;
39086;4797247;554934272;51077120;507879424;0;0;0;0;0;0;0;0;0;0;0;3386;0;0;0;0;0;0;
39087;3294809;554934272;51077120;507879424;0;0;0;0;0;0;0;0;0;0;0;3537;0;0;0;0;0;0;
39088;4778492;554934272;51077120;507879424;0;0;0;0;0;0;0;0;0;0;0;3306;0;0;0;0;0;0;
39089;3850531;554934272;51077120;507879424;0;0;0;0;0;0;0;0;0;0;0;3817;0;0;0;0;0;0;
39090;4796635;554934272;51077120;507879424;0;0;0;0;0;0;0;0;0;0;0;3256;0;0;0;0;0;0;
39091;3255846;554934272;51077120;507879424;0;0;0;0;0;0;0;0;0;0;0;3356;0;0;0;0;0;0;
39092;4832002;554934272;51077120;507879424;0;0;0;0;0;0;0;0;0;0;0;2946;0;0;0;0;0;0;
39093;3376993;554934272;51077120;507879424;0;0;0;0;0;0;0;0;0;0;0;3347;0;0;0;0;0;0;
39094;4746591;554934272;51077120;507879424;0;0;0;0;0;0;0;0;0;0;0;3156;0;0;0;0;0;0;
39095;3381342;554934272;51077120;507879424;0;0;0;0;0;0;0;0;0;0;0;3727;0;0;0;0;0;0;
39096;4803479;554934272;51077120;507879424;0;0;0;0;0;0;0;0;0;0;0;3566;0;0;0;0;0;0;
39097;3318443;554934272;51077120;507879424;0;0;0;0;0;0;0;0;0;0;0;3136;0;0;0;0;0;0;
39098;4742664;554934272;51077120;507879424;0;0;0;0;0;0;0;0;0;0;0;2886;0;0;0;0;0;0;
39099;3239114;554934272;51077120;507879424;0;0;0;0;0;0;0;0;0;0;0;3396;0;0;0;0;0;0;
39100;4874572;554934272;51077120;507879424;0;0;0;0;0;0;0;0;0;0;0;3446;0;0;0;0;0;0;
39101;3421787;554934272;51077120;507879424;0;0;0;0;0;0;0;0;0;0;0;3045;0;0;0;0;0;0;
39102;4931348;554934272;51077120;507879424;0;0;0;0;0;0;0;0;0;0;0;4057;0;0;0;0;0;0;
39103;3399846;554934272;51077120;507879424;0;0;0;0;0;0;0;0;0;0;0;3346;0;0;0;0;0;0;
39104;4834798;554934272;51077120;507879424;0;0;0;0;0;0;0;0;0;0;0;2915;0;0;0;0;0;0;
39105;3464026;554934272;51077120;507879424;0;0;0;0;0;0;0;0;0;0;0;2816;0;0;0;0;0;0;
39106;4773793;554934272;51077120;507879424;0;0;0;0;0;0;0;0;0;0;0;3386;0;0;0;0;0;0;
39107;3356064;554934272;51077120;507879424;0;0;0;0;0;0;0;0;0;0;0;3626;0;0;0;0;0;0;
39108;4886374;554934272;51077120;507879424;0;0;0;0;0;0;0;0;0;0;0;3056;0;0;0;0;0;0;
39109;3315568;554934272;51085312;507887616;0;0;0;0;0;0;0;0;0;0;0;3105;0;0;0;0;0;0;
39110;4787980;554934272;51085312;507887616;0;0;0;0;0;0;0;0;0;0;0;3367;0;0;0;0;0;0;
39111;3279871;554934272;51085312;507887616;0;0;0;0;0;0;0;0;0;0;0;3236;0;0;0;0;0;0;
39112;4722827;554934272;51085312;507887616;0;0;0;0;0;0;0;0;0;0;0;3277;0;0;0;0;0;0;
39113;3252229;554934272;51085312;507887616;0;0;0;0;0;0;0;0;0;0;0;3827;0;0;0;0;0;0;
39114;4767471;554934272;51085312;507887616;0;0;0;0;0;0;0;0;0;0;0;3125;0;0;0;0;0;0;
39115;3845772;554975232;51077120;507879424;0;0;0;0;0;0;0;0;0;0;0;3106;0;0;0;0;0;0;
39116;4757492;554975232;51077120;507879424;0;0;0;0;0;0;0;0;0;0;0;2955;0;0;0;0;0;0;
39117;3243613;554975232;51077120;507879424;0;0;0;0;0;0;0;0;0;0;0;3005;0;0;0;0;0;0;
39118;4767150;554975232;51077120;507879424;0;0;0;0;0;0;0;0;0;0;0;3006;0;0;0;0;0;0;
39119;3199651;554975232;51077120;507879424;0;0;0;0;0;0;0;0;0;0;0;3206;0;0;0;0;0;0;
39120;4745159;554975232;51077120;507879424;0;0;0;0;0;0;0;0;0;0;0;3036;0;0;0;0;0;0;
39121;3205181;554975232;51077120;507879424;0;0;0;0;0;0;0;0;0;0;0;2936;0;0;0;0;0;0;
39122;4705515;554975232;51077120;507879424;0;0;0;0;0;0;0;0;0;0;0;3236;0;0;0;0;0;0;
39123;3207976;554975232;51077120;507879424;0;0;0;0;0;0;0;0;0;0;0;3316;0;0;0;0;0;0;
39124;4735091;554975232;51077120;507879424;0;0;0;0;0;0;0;0;0;0;0;2825;0;0;0;0;0;0;
39125;3309066;554975232;51077120;507879424;0;0;0;0;0;0;0;0;0;0;0;3196;0;0;0;0;0;0;
39126;4705996;554975232;51077120;507879424;0;0;0;0;0;0;0;0;0;0;0;2926;0;0;0;0;0;0;
39127;3187918;554975232;51077120;507879424;0;0;0;0;0;0;0;0;0;0;0;2926;0;0;0;0;0;0;
39128;4684435;554975232;51077120;507879424;0;0;0;0;0;0;0;0;0;0;0;2896;0;0;0;0;0;0;
39129;3512627;554975232;51077120;507879424;0;0;0;0;0;0;0;0;0;0;0;3296;0;0;0;0;0;0;
39130;4688814;554975232;51077120;507879424;0;0;0;0;0;0;0;0;0;0;0;3026;0;0;0;0;0;0;
39131;3185654;554975232;51077120;507879424;0;0;0;0;0;0;0;0;0;0;0;2916;0;0;0;0;0;0;
39132;4701968;554975232;51077120;507879424;0;0;0;0;0;0;0;0;0;0;0;2925;0;0;0;0;0;0;
39133;3189863;554975232;51077120;507879424;0;0;0;0;0;0;0;0;0;0;0;3286;0;0;0;0;0;0;
39134;4748586;554975232;51077120;507879424;0;0;0;0;0;0;0;0;0;0;0;3045;0;0;0;0;0;0;
39135;3468705;554975232;51077120;507879424;0;0;0;0;0;0;0;0;0;0;0;3276;0;0;0;0;0;0;
39136;4722376;554975232;51077120;507879424;0;0;0;0;0;0;0;0;0;0;0;2966;0;0;0;0;0;0;
39137;3217183;554975232;51077120;507879424;0;0;0;0;0;0;0;0;0;0;0;3286;0;0;0;0;0;0;
39138;4742444;554975232;51077120;507879424;0;0;0;0;0;0;0;0;0;0;0;3006;0;0;0;0;0;0;
39139;3170105;554975232;51077120;507879424;0;0;0;0;0;0;0;0;0;0;0;2995;0;0;0;0;0;0;
39140;4798720;554975232;51077120;507879424;0;0;0;0;0;0;0;0;0;0;0;3096;0;0;0;0;0;0;
39141;3220249;554975232;51077120;507879424;0;0;0;0;0;0;0;0;0;0;0;3136;0;0;0;0;0;0;
39142;4739859;554975232;51077120;507879424;0;0;0;0;0;0;0;0;0;0;0;2695;0;0;0;0;0;0;
39143;3236079;554975232;51077120;507879424;0;0;0;0;0;0;0;0;0;0;0;9588;0;0;0;0;0;0;
39144;4710093;554975232;51077120;507879424;0;0;0;0;0;0;0;0;0;0;0;2826;0;0;0;0;0;0;
39145;3200583;554975232;51077120;507879424;0;0;0;0;0;0;0;0;0;0;0;3517;0;0;0;0;0;0;
39146;4726874;554975232;51077120;507879424;0;0;0;0;0;0;0;0;0;0;0;3176;0;0;0;0;0;0;
39147;3201113;554975232;51077120;507879424;0;0;0;0;0;0;0;0;0;0;0;3567;0;0;0;0;0;0;
39148;4755309;554975232;51077120;507879424;0;0;0;0;0;0;0;0;0;0;0;3396;0;0;0;0;0;0;
39149;3746246;554975232;51077120;507879424;0;0;0;0;0;0;0;0;0;0;0;3697;0;0;0;0;0;0;
39150;4718720;554975232;51077120;507879424;0;0;0;0;0;0;0;0;0;0;0;2785;0;0;0;0;0;0;
39151;3320438;554975232;51077120;507879424;0;0;0;0;0;0;0;0;0;0;0;3076;0;0;0;0;0;0;
39152;4726404;554975232;51077120;507879424;0;0;0;0;0;0;0;0;0;0;0;3066;0;0;0;0;0;0;
39153;3426206;554975232;51077120;507879424;0;0;0;0;0;0;0;0;0;0;0;3316;0;0;0;0;0;0;
39154;4713400;554975232;51077120;507879424;0;0;0;0;0;0;0;0;0;0;0;3016;0;0;0;0;0;0;
39155;3213186;554975232;51077120;507879424;0;0;0;0;0;0;0;0;0;0;0;3126;0;0;0;0;0;0;
39156;4774695;554975232;51077120;507879424;0;0;0;0;0;0;0;0;0;0;0;2915;0;0;0;0;0;0;
39157;3355513;554975232;51077120;507879424;0;0;0;0;0;0;0;0;0;0;0;3126;0;0;0;0;0;0;
39158;4769985;554975232;51077120;507879424;0;0;0;0;0;0;0;0;0;0;0;2946;0;0;0;0;0;0;
39159;3307332;554975232;51077120;507879424;0;0;0;0;0;0;0;0;0;0;0;3466;0;0;0;0;0;0;
39160;4820440;554975232;51077120;507879424;0;0;0;0;0;0;0;0;0;0;0;3727;0;0;0;0;0;0;
39161;3265935;554975232;51077120;507879424;0;0;0;0;0;0;0;0;0;0;0;4428;0;0;0;0;0;0;
39162;4712868;554975232;51077120;507879424;0;0;0;0;0;0;0;0;0;0;0;3016;0;0;0;0;0;0;
39163;3305009;554975232;51077120;507879424;0;0;0;0;0;0;0;0;0;0;0;3206;0;0;0;0;0;0;
39164;4785895;554975232;51077120;507879424;0;0;0;0;0;0;0;0;0;0;0;3587;0;0;0;0;0;0;
39165;3349331;554975232;51077120;507879424;0;0;0;0;0;0;0;0;0;0;0;3146;0;0;0;0;0;0;
39166;4699824;554975232;51077120;507879424;0;0;0;0;0;0;0;0;0;0;0;3065;0;0;0;0;0;0;
39167;3272367;554975232;51077120;507879424;0;0;0;0;0;0;0;0;0;0;0;2936;0;0;0;0;0;0;
39168;4750168;554975232;51077120;507879424;0;0;0;0;0;0;0;0;0;0;0;3156;0;0;0;0;0;0;
39169;3286834;554975232;51077120;507879424;0;0;0;0;0;0;0;0;0;0;0;3567;0;0;0;0;0;0;
39170;4743937;554975232;51077120;507879424;0;0;0;0;0;0;0;0;0;0;0;3286;0;0;0;0;0;0;
39171;3327270;554975232;51077120;507879424;0;0;0;0;0;0;0;0;0;0;0;3848;0;0;0;0;0;0;
39172;4763323;554975232;51077120;507879424;0;0;0;0;0;0;0;0;0;0;0;3346;0;0;0;0;0;0;
39173;3344612;554975232;51077120;507879424;0;0;0;0;0;0;0;0;0;0;0;3757;0;0;0;0;0;0;
39174;4781507;554975232;51077120;507879424;0;0;0;0;0;0;0;0;0;0;0;3286;0;0;0;0;0;0;
39175;3352257;554975232;51077120;507879424;0;0;0;0;0;0;0;0;0;0;0;3847;0;0;0;0;0;0;
39176;4729539;554975232;51077120;507879424;0;0;0;0;0;0;0;0;0;0;0;2795;0;0;0;0;0;0;
39177;3279600;554975232;51077120;507879424;0;0;0;0;0;0;0;0;0;0;0;3277;0;0;0;0;0;0;
39178;4785324;554975232;51077120;507879424;0;0;0;0;0;0;0;0;0;0;0;3045;0;0;0;0;0;0;
39179;4162957;554975232;51077120;507879424;0;0;0;0;0;0;0;0;0;0;0;4769;0;0;0;0;0;0;
39180;4813978;554975232;51077120;507879424;0;0;0;0;0;0;0;0;0;0;0;3076;0;0;0;0;0;0;
39181;3259442;554975232;51077120;507879424;0;0;0;0;0;0;0;0;0;0;0;3848;0;0;0;0;0;0;
39182;4722647;554975232;51077120;507879424;0;0;0;0;0;0;0;0;0;0;0;3346;0;0;0;0;0;0;
39183;3295360;554975232;51077120;507879424;0;0;0;0;0;0;0;0;0;0;0;3597;0;0;0;0;0;0;
39184;4768493;554975232;51077120;507879424;0;0;0;0;0;0;0;0;0;0;0;3206;0;0;0;0;0;0;
39185;3303626;554975232;51077120;507879424;0;0;0;0;0;0;0;0;0;0;0;3616;0;0;0;0;0;0;
39186;4759386;554975232;51077120;507879424;0;0;0;0;0;0;0;0;0;0;0;3377;0;0;0;0;0;0;
39187;3271886;554975232;51077120;507879424;0;0;0;0;0;0;0;0;0;0;0;3456;0;0;0;0;0;0;
39188;4734579;554975232;51077120;507879424;0;0;0;0;0;0;0;0;0;0;0;3727;0;0;0;0;0;0;
39189;3353950;554975232;51077120;507879424;0;0;0;0;0;0;0;0;0;0;0;3707;0;0;0;0;0;0;
39190;4761880;554975232;51077120;507879424;0;0;0;0;0;0;0;0;0;0;0;3516;0;0;0;0;0;0;
39191;3335195;554975232;51077120;507879424;0;0;0;0;0;0;0;0;0;0;0;3657;0;0;0;0;0;0;
39192;4796706;554975232;51077120;507879424;0;0;0;0;0;0;0;0;0;0;0;3316;0;0;0;0;0;0;
39193;3351625;554975232;51077120;507879424;0;0;0;0;0;0;0;0;0;0;0;3777;0;0;0;0;0;0;
39194;4754316;554975232;51077120;507879424;0;0;0;0;0;0;0;0;0;0;0;3456;0;0;0;0;0;0;
39195;3282676;554975232;51077120;507879424;0;0;0;0;0;0;0;0;0;0;0;3306;0;0;0;0;0;0;
39196;4733657;554975232;51077120;507879424;0;0;0;0;0;0;0;0;0;0;0;2955;0;0;0;0;0;0;
39197;3253502;554975232;51077120;507879424;0;0;0;0;0;0;0;0;0;0;0;3046;0;0;0;0;0;0;
39198;4713910;554975232;51077120;507879424;0;0;0;0;0;0;0;0;0;0;0;2755;0;0;0;0;0;0;
39199;3310408;554975232;51077120;507879424;0;0;0;0;0;0;0;0;0;0;0;2985;0;0;0;0;0;0;
39200;4744709;554975232;51077120;507879424;0;0;0;0;0;0;0;0;0;0;0;2986;0;0;0;0;0;0;
39201;3345965;554975232;51077120;507879424;0;0;0;0;0;0;0;0;0;0;0;2995;0;0;0;0;0;0;
39202;4763293;554975232;51077120;507879424;0;0;0;0;0;0;0;0;0;0;0;3316;0;0;0;0;0;0;
39203;3627453;554975232;51077120;507879424;0;0;0;0;0;0;0;0;0;0;0;3597;0;0;0;0;0;0;
39204;4741693;554975232;51077120;507879424;0;0;0;0;0;0;0;0;0;0;0;3046;0;0;0;0;0;0;
39205;3339262;554975232;51077120;507879424;0;0;0;0;0;0;0;0;0;0;0;2995;0;0;0;0;0;0;
39206;4685748;554975232;51077120;507879424;0;0;0;0;0;0;0;0;0;0;0;3055;0;0;0;0;0;0;
39207;3258641;554975232;51077120;507879424;0;0;0;0;0;0;0;0;0;0;0;2815;0;0;0;0;0;0;
39208;4703019;554975232;51077120;507879424;0;0;0;0;0;0;0;0;0;0;0;2936;0;0;0;0;0;0;
39209;3513709;554975232;51077120;507879424;0;0;0;0;0;0;0;0;0;0;0;2985;0;0;0;0;0;0;
39210;4720553;554975232;51077120;507879424;0;0;0;0;0;0;0;0;0;0;0;2966;0;0;0;0;0;0;
39211;3361904;554975232;51077120;507879424;0;0;0;0;0;0;0;0;0;0;0;3136;0;0;0;0;0;0;
39212;4707057;554975232;51077120;507879424;0;0;0;0;0;0;0;0;0;0;0;2946;0;0;0;0;0;0;
39213;3271094;554975232;51077120;507879424;0;0;0;0;0;0;0;0;0;0;0;3446;0;0;0;0;0;0;
39214;4781307;554975232;51077120;507879424;0;0;0;0;0;0;0;0;0;0;0;3406;0;0;0;0;0;0;
39215;3399426;554975232;51077120;507879424;0;0;0;0;0;0;0;0;0;0;0;3387;0;0;0;0;0;0;
39216;4746872;554975232;51077120;507879424;0;0;0;0;0;0;0;0;0;0;0;3106;0;0;0;0;0;0;
39217;3337669;554975232;51077120;507879424;0;0;0;0;0;0;0;0;0;0;0;3226;0;0;0;0;0;0;
39218;4720122;554975232;51077120;507879424;0;0;0;0;0;0;0;0;0;0;0;2895;0;0;0;0;0;0;
39219;3278388;554975232;51077120;507879424;0;0;0;0;0;0;0;0;0;0;0;3146;0;0;0;0;0;0;
39220;4797387;554975232;51077120;507879424;0;0;0;0;0;0;0;0;0;0;0;3266;0;0;0;0;0;0;
39221;3317181;554975232;51077120;507879424;0;0;0;0;0;0;0;0;0;0;0;3507;0;0;0;0;0;0;
39222;4897494;554975232;51077120;507879424;0;0;0;0;0;0;0;0;0;0;0;2995;0;0;0;0;0;0;
39223;3392001;554975232;51077120;507879424;0;0;0;0;0;0;0;0;0;0;0;3246;0;0;0;0;0;0;
39224;4824558;554975232;51077120;507879424;0;0;0;0;0;0;0;0;0;0;0;2855;0;0;0;0;0;0;
39225;3826005;554975232;51077120;507879424;0;0;0;0;0;0;0;0;0;0;0;3287;0;0;0;0;0;0;
39226;4787458;554975232;51077120;507879424;0;0;0;0;0;0;0;0;0;0;0;3126;0;0;0;0;0;0;
39227;3265965;554975232;51077120;507879424;0;0;0;0;0;0;0;0;0;0;0;3016;0;0;0;0;0;0;
39228;4726675;554975232;51077120;507879424;0;0;0;0;0;0;0;0;0;0;0;3045;0;0;0;0;0;0;
39229;3313103;554975232;51077120;507879424;0;0;0;0;0;0;0;0;0;0;0;3326;0;0;0;0;0;0;
39230;4736031;554975232;51077120;507879424;0;0;0;0;0;0;0;0;0;0;0;3186;0;0;0;0;0;0;
39231;3325927;554975232;51077120;507879424;0;0;0;0;0;0;0;0;0;0;0;2895;0;0;0;0;0;0;
39232;4811534;554975232;51077120;507879424;0;0;0;0;0;0;0;0;0;0;0;3216;0;0;0;0;0;0;
39233;3278899;554975232;51077120;507879424;0;0;0;0;0;0;0;0;0;0;0;3566;0;0;0;0;0;0;
39234;4771999;554975232;51077120;507879424;0;0;0;0;0;0;0;0;0;0;0;3416;0;0;0;0;0;0;
39235;3353779;554975232;51077120;507879424;0;0;0;0;0;0;0;0;0;0;0;2855;0;0;0;0;0;0;
39236;4735751;554975232;51077120;507879424;0;0;0;0;0;0;0;0;0;0;0;3066;0;0;0;0;0;0;
39237;3506436;554975232;51077120;507879424;0;0;0;0;0;0;0;0;0;0;0;3196;0;0;0;0;0;0;
39238;4783260;554975232;51077120;507879424;0;0;0;0;0;0;0;0;0;0;0;3457;0;0;0;0;0;0;
39239;3292855;554975232;51077120;507879424;0;0;0;0;0;0;0;0;0;0;0;3216;0;0;0;0;0;0;
39240;4784523;554975232;51077120;507879424;0;0;0;0;0;0;0;0;0;0;0;2645;0;0;0;0;0;0;
39241;3267968;554975232;51077120;507879424;0;0;0;0;0;0;0;0;0;0;0;3406;0;0;0;0;0;0;
39242;4753414;554975232;51077120;507879424;0;0;0;0;0;0;0;0;0;0;0;2976;0;0;0;0;0;0;
39243;3275122;554975232;51077120;507879424;0;0;0;0;0;0;0;0;0;0;0;2875;0;0;0;0;0;0;
39244;4781667;554975232;51077120;507879424;0;0;0;0;0;0;0;0;0;0;0;3096;0;0;0;0;0;0;
39245;3407190;554975232;51077120;507879424;0;0;0;0;0;0;0;0;0;0;0;3056;0;0;0;0;0;0;
39246;4760367;554975232;51077120;507879424;0;0;0;0;0;0;0;0;0;0;0;3366;0;0;0;0;0;0;
39247;3252811;554975232;51077120;507879424;0;0;0;0;0;0;0;0;0;0;0;3326;0;0;0;0;0;0;
39248;4738867;554975232;51077120;507879424;0;0;0;0;0;0;0;0;0;0;0;2825;0;0;0;0;0;0;
39249;3233273;554975232;51077120;507879424;0;0;0;0;0;0;0;0;0;0;0;2875;0;0;0;0;0;0;
39250;4750309;554975232;51077120;507879424;0;0;0;0;0;0;0;0;0;0;0;2355;0;0;0;0;0;0;
39251;3320347;554975232;51077120;507879424;0;0;0;0;0;0;0;0;0;0;0;3136;0;0;0;0;0;0;
39252;4807035;554975232;51077120;507879424;0;0;0;0;0;0;0;0;0;0;0;3516;0;0;0;0;0;0;
39253;3368437;554975232;51077120;507879424;0;0;0;0;0;0;0;0;0;0;0;2915;0;0;0;0;0;0;
39254;4877046;554975232;51077120;507879424;0;0;0;0;0;0;0;0;0;0;0;3957;0;0;0;0;0;0;
39255;3666406;554975232;51077120;507879424;0;0;0;0;0;0;0;0;0;0;0;3647;0;0;0;0;0;0;
39256;4748825;554975232;51077120;507879424;0;0;0;0;0;0;0;0;0;0;0;2665;0;0;0;0;0;0;
39257;3415205;554975232;51077120;507879424;0;0;0;0;0;0;0;0;0;0;0;2995;0;0;0;0;0;0;
39258;4750258;554975232;51077120;507879424;0;0;0;0;0;0;0;0;0;0;0;2955;0;0;0;0;0;0;
39259;3296422;554975232;51077120;507879424;0;0;0;0;0;0;0;0;0;0;0;3276;0;0;0;0;0;0;
39260;4752543;554975232;51077120;507879424;0;0;0;0;0;0;0;0;0;0;0;2916;0;0;0;0;0;0;
39261;3296171;554975232;51077120;507879424;0;0;0;0;0;0;0;0;0;0;0;3366;0;0;0;0;0;0;
39262;4746792;554975232;51077120;507879424;0;0;0;0;0;0;0;0;0;0;0;2875;0;0;0;0;0;0;
39263;3344362;554975232;51077120;507879424;0;0;0;0;0;0;0;0;0;0;0;3086;0;0;0;0;0;0;
39264;4748636;554975232;51077120;507879424;0;0;0;0;0;0;0;0;0;0;0;2966;0;0;0;0;0;0;
39265;3446173;554975232;51077120;507879424;0;0;0;0;0;0;0;0;0;0;0;3457;0;0;0;0;0;0;
39266;4747023;554975232;51077120;507879424;0;0;0;0;0;0;0;0;0;0;0;2896;0;0;0;0;0;0;
39267;3338731;554975232;51077120;507879424;0;0;0;0;0;0;0;0;0;0;0;3105;0;0;0;0;0;0;
39268;4763343;554975232;51077120;507879424;0;0;0;0;0;0;0;0;0;0;0;2905;0;0;0;0;0;0;
39269;3250045;554975232;51077120;507879424;0;0;0;0;0;0;0;0;0;0;0;3696;0;0;0;0;0;0;
39270;4701437;554975232;51077120;507879424;0;0;0;0;0;0;0;0;0;0;0;2535;0;0;0;0;0;0;
39271;3283277;554975232;51077120;507879424;0;0;0;0;0;0;0;0;0;0;0;3256;0;0;0;0;0;0;
39272;4743366;554975232;51077120;507879424;0;0;0;0;0;0;0;0;0;0;0;2966;0;0;0;0;0;0;
39273;3338571;554975232;51077120;507879424;0;0;0;0;0;0;0;0;0;0;0;3056;0;0;0;0;0;0;
39274;4742574;554975232;51077120;507879424;0;0;0;0;0;0;0;0;0;0;0;2916;0;0;0;0;0;0;
39275;3227443;554975232;51077120;507879424;0;0;0;0;0;0;0;0;0;0;0;3016;0;0;0;0;0;0;
39276;4759396;554975232;51077120;507879424;0;0;0;0;0;0;0;0;0;0;0;3436;0;0;0;0;0;0;
39277;3590313;554975232;51077120;507879424;0;0;0;0;0;0;0;0;0;0;0;3165;0;0;0;0;0;0;
39278;4718289;554975232;51077120;507879424;0;0;0;0;0;0;0;0;0;0;0;2905;0;0;0;0;0;0;
39279;3325416;554975232;51077120;507879424;0;0;0;0;0;0;0;0;0;0;0;3046;0;0;0;0;0;0;
39280;4746100;554975232;51077120;507879424;0;0;0;0;0;0;0;0;0;0;0;3196;0;0;0;0;0;0;
39281;3282577;554975232;51077120;507879424;0;0;0;0;0;0;0;0;0;0;0;3427;0;0;0;0;0;0;
39282;4740530;554975232;51077120;507879424;0;0;0;0;0;0;0;0;0;0;0;3617;0;0;0;0;0;0;
39283;3444480;554975232;51077120;507879424;0;0;0;0;0;0;0;0;0;0;0;3327;0;0;0;0;0;0;
39284;4726063;554975232;51077120;507879424;0;0;0;0;0;0;0;0;0;0;0;2746;0;0;0;0;0;0;
39285;3348009;554975232;51077120;507879424;0;0;0;0;0;0;0;0;0;0;0;3637;0;0;0;0;0;0;
39286;4739008;554975232;51077120;507879424;0;0;0;0;0;0;0;0;0;0;0;3026;0;0;0;0;0;0;
39287;3330095;554975232;51077120;507879424;0;0;0;0;0;0;0;0;0;0;0;3086;0;0;0;0;0;0;
39288;4752533;554975232;51077120;507879424;0;0;0;0;0;0;0;0;0;0;0;3156;0;0;0;0;0;0;
39289;3305690;554975232;51077120;507879424;0;0;0;0;0;0;0;0;0;0;0;3106;0;0;0;0;0;0;
39290;4785825;554975232;51077120;507879424;0;0;0;0;0;0;0;0;0;0;0;3036;0;0;0;0;0;0;
39291;3421516;554975232;51077120;507879424;0;0;0;0;0;0;0;0;0;0;0;3306;0;0;0;0;0;0;
39292;4795623;554975232;51077120;507879424;0;0;0;0;0;0;0;0;0;0;0;2885;0;0;0;0;0;0;
39293;3356144;554975232;51077120;507879424;0;0;0;0;0;0;0;0;0;0;0;3066;0;0;0;0;0;0;
39294;4813176;554975232;51077120;507879424;0;0;0;0;0;0;0;0;0;0;0;3346;0;0;0;0;0;0;
39295;3284610;554975232;51077120;507879424;0;0;0;0;0;0;0;0;0;0;0;3858;0;0;0;0;0;0;
39296;4806484;554975232;51077120;507879424;0;0;0;0;0;0;0;0;0;0;0;3547;0;0;0;0;0;0;
39297;3847165;554975232;51077120;507879424;0;0;0;0;0;0;0;0;0;0;0;3257;0;0;0;0;0;0;
39298;7825004;554975232;51077120;507879424;0;0;0;0;0;0;0;0;0;0;0;3025;0;0;0;0;0;0;
39299;6346843;554975232;51077120;507879424;0;0;0;0;0;0;0;0;0;0;0;3135;0;0;0;0;0;0;
39300;4902043;554975232;51077120;507879424;0;0;0;0;0;0;0;0;0;0;0;3216;0;0;0;0;0;0;
39301;3445482;554975232;51077120;507879424;0;0;0;0;0;0;0;0;0;0;0;3817;0;0;0;0;0;0;
39302;4872638;554975232;51077120;507879424;0;0;0;0;0;0;0;0;0;0;0;2795;0;0;0;0;0;0;
39303;3381051;554975232;51077120;507879424;0;0;0;0;0;0;0;0;0;0;0;3016;0;0;0;0;0;0;
39304;4883228;554975232;51077120;507879424;0;0;0;0;0;0;0;0;0;0;0;3076;0;0;0;0;0;0;
39305;3541421;554975232;51077120;507879424;0;0;0;0;0;0;0;0;0;0;0;5070;0;0;0;0;0;0;
39306;4881544;554975232;51077120;507879424;0;0;0;0;0;0;0;0;0;0;0;3185;0;0;0;0;0;0;
39307;3460029;554975232;51077120;507879424;0;0;0;0;0;0;0;0;0;0;0;3427;0;0;0;0;0;0;
39308;4817425;554975232;51077120;507879424;0;0;0;0;0;0;0;0;0;0;0;3376;0;0;0;0;0;0;
39309;3397452;554975232;51077120;507879424;0;0;0;0;0;0;0;0;0;0;0;3346;0;0;0;0;0;0;
39310;4819879;554975232;51077120;507879424;0;0;0;0;0;0;0;0;0;0;0;3407;0;0;0;0;0;0;
39311;3322541;554975232;51077120;507879424;0;0;0;0;0;0;0;0;0;0;0;3616;0;0;0;0;0;0;
39312;4865245;554975232;51077120;507879424;0;0;0;0;0;0;0;0;0;0;0;3427;0;0;0;0;0;0;
39313;3370842;554975232;51077120;507879424;0;0;0;0;0;0;0;0;0;0;0;3336;0;0;0;0;0;0;
39314;4875674;554975232;51077120;507879424;0;0;0;0;0;0;0;0;0;0;0;3556;0;0;0;0;0;0;
39315;3333842;554975232;51077120;507879424;0;0;0;0;0;0;0;0;0;0;0;3937;0;0;0;0;0;0;
39316;4895511;554975232;51077120;507879424;0;0;0;0;0;0;0;0;0;0;0;3607;0;0;0;0;0;0;
39317;3323933;554975232;51077120;507879424;0;0;0;0;0;0;0;0;0;0;0;3116;0;0;0;0;0;0;
39318;4818246;554975232;51077120;507879424;0;0;0;0;0;0;0;0;0;0;0;3277;0;0;0;0;0;0;
39319;3321058;554975232;51077120;507879424;0;0;0;0;0;0;0;0;0;0;0;3867;0;0;0;0;0;0;
39320;4821622;554975232;51077120;507879424;0;0;0;0;0;0;0;0;0;0;0;3076;0;0;0;0;0;0;
39321;3280722;554975232;51077120;507879424;0;0;0;0;0;0;0;0;0;0;0;3447;0;0;0;0;0;0;
39322;4732585;554975232;51077120;507879424;0;0;0;0;0;0;0;0;0;0;0;3426;0;0;0;0;0;0;
39323;3246258;554975232;51077120;507879424;0;0;0;0;0;0;0;0;0;0;0;3297;0;0;0;0;0;0;
39324;4756671;554975232;51077120;507879424;0;0;0;0;0;0;0;0;0;0;0;3537;0;0;0;0;0;0;
39325;3350644;554975232;51077120;507879424;0;0;0;0;0;0;0;0;0;0;0;3737;0;0;0;0;0;0;
39326;4890051;554975232;51077120;507879424;0;0;0;0;0;0;0;0;0;0;0;3256;0;0;0;0;0;0;
39327;3264462;554975232;51077120;507879424;0;0;0;0;0;0;0;0;0;0;0;3467;0;0;0;0;0;0;
39328;4816232;554975232;51077120;507879424;0;0;0;0;0;0;0;0;0;0;0;2885;0;0;0;0;0;0;
39329;3313774;554975232;51077120;507879424;0;0;0;0;0;0;0;0;0;0;0;3496;0;0;0;0;0;0;
39330;4760778;554975232;51077120;507879424;0;0;0;0;0;0;0;0;0;0;0;3476;0;0;0;0;0;0;
39331;4128282;554975232;51077120;507879424;0;0;0;0;0;0;0;0;0;0;0;5270;0;0;0;0;0;0;
39332;4849575;554975232;51077120;507879424;0;0;0;0;0;0;0;0;0;0;0;3466;0;0;0;0;0;0;
39333;3357657;554975232;51077120;507879424;0;0;0;0;0;0;0;0;0;0;0;3607;0;0;0;0;0;0;
39334;4792908;554975232;51077120;507879424;0;0;0;0;0;0;0;0;0;0;0;3556;0;0;0;0;0;0;
39335;3435694;554975232;51077120;507879424;0;0;0;0;0;0;0;0;0;0;0;3277;0;0;0;0;0;0;
39336;4813658;554975232;51077120;507879424;0;0;0;0;0;0;0;0;0;0;0;2815;0;0;0;0;0;0;
39337;3327030;554975232;51077120;507879424;0;0;0;0;0;0;0;0;0;0;0;3296;0;0;0;0;0;0;
39338;4816964;554975232;51077120;507879424;0;0;0;0;0;0;0;0;0;0;0;3286;0;0;0;0;0;0;
39339;3336567;554975232;51077120;507879424;0;0;0;0;0;0;0;0;0;0;0;3296;0;0;0;0;0;0;
39340;4793771;554975232;51077120;507879424;0;0;0;0;0;0;0;0;0;0;0;3136;0;0;0;0;0;0;
39341;3350303;554975232;51077120;507879424;0;0;0;0;0;0;0;0;0;0;0;3266;0;0;0;0;0;0;
39342;4793891;554975232;51077120;507879424;0;0;0;0;0;0;0;0;0;0;0;3186;0;0;0;0;0;0;
39343;3291623;554975232;51077120;507879424;0;0;0;0;0;0;0;0;0;0;0;3136;0;0;0;0;0;0;
39344;4805823;554975232;51077120;507879424;0;0;0;0;0;0;0;0;0;0;0;2756;0;0;0;0;0;0;
39345;3247871;554975232;51077120;507879424;0;0;0;0;0;0;0;0;0;0;0;3326;0;0;0;0;0;0;
39346;4748395;554975232;51077120;507879424;0;0;0;0;0;0;0;0;0;0;0;2996;0;0;0;0;0;0;
39347;3335536;554975232;51077120;507879424;0;0;0;0;0;0;0;0;0;0;0;3226;0;0;0;0;0;0;
39348;4799461;554975232;51077120;507879424;0;0;0;0;0;0;0;0;0;0;0;2895;0;0;0;0;0;0;
39349;3478834;554975232;51077120;507879424;0;0;0;0;0;0;0;0;0;0;0;3536;0;0;0;0;0;0;
39350;4793881;554975232;51077120;507879424;0;0;0;0;0;0;0;0;0;0;0;3266;0;0;0;0;0;0;
39351;3923498;554975232;51077120;507879424;0;0;0;0;0;0;0;0;0;0;0;3457;0;0;0;0;0;0;
39352;4981032;554975232;51077120;507879424;0;0;0;0;0;0;0;0;0;0;0;3877;0;0;0;0;0;0;
39353;3394436;554975232;51085312;507887616;0;0;0;0;0;0;0;0;0;0;0;3647;0;0;0;0;0;0;
39354;4793409;554975232;51085312;507887616;0;0;0;0;0;0;0;0;0;0;0;3476;0;0;0;0;0;0;
39355;3391821;554975232;51085312;507887616;0;0;0;0;0;0;0;0;0;0;0;2886;0;0;0;0;0;0;
39356;4818557;554975232;51085312;507887616;0;0;0;0;0;0;0;0;0;0;0;3566;0;0;0;0;0;0;
39357;3618587;554975232;51085312;507887616;0;0;0;0;0;0;0;0;0;0;0;3467;0;0;0;0;0;0;
39358;4881866;554975232;51085312;507887616;0;0;0;0;0;0;0;0;0;0;0;3216;0;0;0;0;0;0;
39359;3914882;555016192;51077120;507879424;0;0;0;0;0;0;0;0;0;0;0;3336;0;0;0;0;0;0;
39360;4891163;555016192;51077120;507879424;0;0;0;0;0;0;0;0;0;0;0;3597;0;0;0;0;0;0;
39361;3359530;555016192;51077120;507879424;0;0;0;0;0;0;0;0;0;0;0;3928;0;0;0;0;0;0;
39362;4800022;555016192;51077120;507879424;0;0;0;0;0;0;0;0;0;0;0;3156;0;0;0;0;0;0;
39363;3380600;555016192;51077120;507879424;0;0;0;0;0;0;0;0;0;0;0;3076;0;0;0;0;0;0;
39364;4784102;555016192;51077120;507879424;0;0;0;0;0;0;0;0;0;0;0;3146;0;0;0;0;0;0;
39365;3371303;555016192;51077120;507879424;0;0;0;0;0;0;0;0;0;0;0;3096;0;0;0;0;0;0;
39366;4849405;555016192;51077120;507879424;0;0;0;0;0;0;0;0;0;0;0;3646;0;0;0;0;0;0;
39367;3334163;555016192;51077120;507879424;0;0;0;0;0;0;0;0;0;0;0;3386;0;0;0;0;0;0;
39368;4895080;555016192;51077120;507879424;0;0;0;0;0;0;0;0;0;0;0;3276;0;0;0;0;0;0;
39369;3450200;555016192;51077120;507879424;0;0;0;0;0;0;0;0;0;0;0;3576;0;0;0;0;0;0;
39370;4847301;555016192;51077120;507879424;0;0;0;0;0;0;0;0;0;0;0;3257;0;0;0;0;0;0;
39371;3311992;555016192;51077120;507879424;0;0;0;0;0;0;0;0;0;0;0;2865;0;0;0;0;0;0;
39372;4798639;555016192;51077120;507879424;0;0;0;0;0;0;0;0;0;0;0;3026;0;0;0;0;0;0;
39373;3347007;555016192;51077120;507879424;0;0;0;0;0;0;0;0;0;0;0;3125;0;0;0;0;0;0;
39374;4759316;555016192;51077120;507879424;0;0;0;0;0;0;0;0;0;0;0;3236;0;0;0;0;0;0;
39375;3266055;555016192;51077120;507879424;0;0;0;0;0;0;0;0;0;0;0;3456;0;0;0;0;0;0;
39376;4806655;555016192;51077120;507879424;0;0;0;0;0;0;0;0;0;0;0;2905;0;0;0;0;0;0;
39377;3280322;555016192;51077120;507879424;0;0;0;0;0;0;0;0;0;0;0;2956;0;0;0;0;0;0;
39378;4803488;555016192;51077120;507879424;0;0;0;0;0;0;0;0;0;0;0;3055;0;0;0;0;0;0;
39379;3391019;555016192;51077120;507879424;0;0;0;0;0;0;0;0;0;0;0;3247;0;0;0;0;0;0;
39380;4756140;555016192;51077120;507879424;0;0;0;0;0;0;0;0;0;0;0;3055;0;0;0;0;0;0;
39381;3346115;555016192;51077120;507879424;0;0;0;0;0;0;0;0;0;0;0;3296;0;0;0;0;0;0;
39382;4776408;555016192;51077120;507879424;0;0;0;0;0;0;0;0;0;0;0;3206;0;0;0;0;0;0;
39383;3407821;555016192;51077120;507879424;0;0;0;0;0;0;0;0;0;0;0;3126;0;0;0;0;0;0;
39384;4763293;555016192;51077120;507879424;0;0;0;0;0;0;0;0;0;0;0;2945;0;0;0;0;0;0;
39385;3300650;555016192;51077120;507879424;0;0;0;0;0;0;0;0;0;0;0;3346;0;0;0;0;0;0;
39386;4729270;555016192;51077120;507879424;0;0;0;0;0;0;0;0;0;0;0;3056;0;0;0;0;0;0;
39387;3310920;555016192;51077120;507879424;0;0;0;0;0;0;0;0;0;0;0;2966;0;0;0;0;0;0;
39388;4757342;555016192;51077120;507879424;0;0;0;0;0;0;0;0;0;0;0;3025;0;0;0;0;0;0;
39389;3661777;555016192;51077120;507879424;0;0;0;0;0;0;0;0;0;0;0;3096;0;0;0;0;0;0;
39390;4788581;555016192;51077120;507879424;0;0;0;0;0;0;0;0;0;0;0;2755;0;0;0;0;0;0;
39391;3335696;555016192;51077120;507879424;0;0;0;0;0;0;0;0;0;0;0;3016;0;0;0;0;0;0;
39392;4763273;555016192;51077120;507879424;0;0;0;0;0;0;0;0;0;0;0;2795;0;0;0;0;0;0;
39393;3283098;555016192;51077120;507879424;0;0;0;0;0;0;0;0;0;0;0;2886;0;0;0;0;0;0;
39394;4736823;555016192;51077120;507879424;0;0;0;0;0;0;0;0;0;0;0;2775;0;0;0;0;0;0;
39395;3270373;555016192;51077120;507879424;0;0;0;0;0;0;0;0;0;0;0;3196;0;0;0;0;0;0;
39396;4728979;555016192;51077120;507879424;0;0;0;0;0;0;0;0;0;0;0;2965;0;0;0;0;0;0;
39397;3288387;555016192;51077120;507879424;0;0;0;0;0;0;0;0;0;0;0;3467;0;0;0;0;0;0;
39398;4786837;555016192;51077120;507879424;0;0;0;0;0;0;0;0;0;0;0;3106;0;0;0;0;0;0;
39399;3289639;555016192;51077120;507879424;0;0;0;0;0;0;0;0;0;0;0;3206;0;0;0;0;0;0;
39400;4829797;555016192;51077120;507879424;0;0;0;0;0;0;0;0;0;0;0;3577;0;0;0;0;0;0;
39401;3341156;555016192;51077120;507879424;0;0;0;0;0;0;0;0;0;0;0;3136;0;0;0;0;0;0;
39402;4820150;555016192;51077120;507879424;0;0;0;0;0;0;0;0;0;0;0;3065;0;0;0;0;0;0;
39403;3313685;555016192;51077120;507879424;0;0;0;0;0;0;0;0;0;0;0;3176;0;0;0;0;0;0;
39404;4817044;555016192;51077120;507879424;0;0;0;0;0;0;0;0;0;0;0;3417;0;0;0;0;0;0;
39405;3289328;555016192;51077120;507879424;0;0;0;0;0;0;0;0;0;0;0;3286;0;0;0;0;0;0;
39406;4870444;555016192;51077120;507879424;0;0;0;0;0;0;0;0;0;0;0;3136;0;0;0;0;0;0;
39407;3365792;555016192;51077120;507879424;0;0;0;0;0;0;0;0;0;0;0;3367;0;0;0;0;0;0;
39408;4828766;555016192;51077120;507879424;0;0;0;0;0;0;0;0;0;0;0;2955;0;0;0;0;0;0;
39409;3367225;555016192;51077120;507879424;0;0;0;0;0;0;0;0;0;0;0;3396;0;0;0;0;0;0;
39410;4757983;555016192;51077120;507879424;0;0;0;0;0;0;0;0;0;0;0;3366;0;0;0;0;0;0;
39411;3296272;555016192;51077120;507879424;0;0;0;0;0;0;0;0;0;0;0;3166;0;0;0;0;0;0;
39412;4850336;555016192;51077120;507879424;0;0;0;0;0;0;0;0;0;0;0;3105;0;0;0;0;0;0;
39413;3446213;555016192;51077120;507879424;0;0;0;0;0;0;0;0;0;0;0;3065;0;0;0;0;0;0;
39414;4801625;555016192;51077120;507879424;0;0;0;0;0;0;0;0;0;0;0;3046;0;0;0;0;0;0;
39415;3820855;555016192;51077120;507879424;0;0;0;0;0;0;0;0;0;0;0;3757;0;0;0;0;0;0;
39416;4823195;555016192;51077120;507879424;0;0;0;0;0;0;0;0;0;0;0;2895;0;0;0;0;0;0;
39417;3575346;555016192;51077120;507879424;0;0;0;0;0;0;0;0;0;0;0;3596;0;0;0;0;0;0;
39418;4794030;555016192;51077120;507879424;0;0;0;0;0;0;0;0;0;0;0;3096;0;0;0;0;0;0;
39419;3357226;555016192;51077120;507879424;0;0;0;0;0;0;0;0;0;0;0;3286;0;0;0;0;0;0;
39420;4769835;555016192;51077120;507879424;0;0;0;0;0;0;0;0;0;0;0;3046;0;0;0;0;0;0;
39421;3349171;555016192;51077120;507879424;0;0;0;0;0;0;0;0;0;0;0;3096;0;0;0;0;0;0;
39422;4802827;555016192;51077120;507879424;0;0;0;0;0;0;0;0;0;0;0;2815;0;0;0;0;0;0;
39423;3390328;555016192;51077120;507879424;0;0;0;0;0;0;0;0;0;0;0;3246;0;0;0;0;0;0;
39424;4831761;555016192;51077120;507879424;0;0;0;0;0;0;0;0;0;0;0;2986;0;0;0;0;0;0;
39425;3634156;555016192;51077120;507879424;0;0;0;0;0;0;0;0;0;0;0;3356;0;0;0;0;0;0;
39426;4752572;555016192;51077120;507879424;0;0;0;0;0;0;0;0;0;0;0;2665;0;0;0;0;0;0;
39427;3423020;555016192;51077120;507879424;0;0;0;0;0;0;0;0;0;0;0;3567;0;0;0;0;0;0;
39428;4740099;555016192;51077120;507879424;0;0;0;0;0;0;0;0;0;0;0;3146;0;0;0;0;0;0;
39429;3390228;555016192;51077120;507879424;0;0;0;0;0;0;0;0;0;0;0;3737;0;0;0;0;0;0;
39430;4695867;555016192;51077120;507879424;0;0;0;0;0;0;0;0;0;0;0;2936;0;0;0;0;0;0;
39431;3480137;555016192;51077120;507879424;0;0;0;0;0;0;0;0;0;0;0;3326;0;0;0;0;0;0;
39432;4791396;555016192;51077120;507879424;0;0;0;0;0;0;0;0;0;0;0;2935;0;0;0;0;0;0;
39433;3395027;555016192;51077120;507879424;0;0;0;0;0;0;0;0;0;0;0;3677;0;0;0;0;0;0;
39434;4874381;555016192;51077120;507879424;0;0;0;0;0;0;0;0;0;0;0;3106;0;0;0;0;0;0;
39435;3444690;555016192;51077120;507879424;0;0;0;0;0;0;0;0;0;0;0;3697;0;0;0;0;0;0;
39436;4781437;555016192;51077120;507879424;0;0;0;0;0;0;0;0;0;0;0;3075;0;0;0;0;0;0;
39437;3245005;555016192;51077120;507879424;0;0;0;0;0;0;0;0;0;0;0;3256;0;0;0;0;0;0;
39438;4755368;555016192;51077120;507879424;0;0;0;0;0;0;0;0;0;0;0;2815;0;0;0;0;0;0;
39439;3314916;555016192;51077120;507879424;0;0;0;0;0;0;0;0;0;0;0;3326;0;0;0;0;0;0;
39440;4809620;555016192;51077120;507879424;0;0;0;0;0;0;0;0;0;0;0;2905;0;0;0;0;0;0;
39441;3404906;555016192;51077120;507879424;0;0;0;0;0;0;0;0;0;0;0;3316;0;0;0;0;0;0;
39442;4708079;555016192;51077120;507879424;0;0;0;0;0;0;0;0;0;0;0;2855;0;0;0;0;0;0;
39443;3355383;555016192;51077120;507879424;0;0;0;0;0;0;0;0;0;0;0;3166;0;0;0;0;0;0;
39444;4738406;555016192;51077120;507879424;0;0;0;0;0;0;0;0;0;0;0;3156;0;0;0;0;0;0;
39445;3350293;555016192;51077120;507879424;0;0;0;0;0;0;0;0;0;0;0;3266;0;0;0;0;0;0;
39446;4764024;555016192;51077120;507879424;0;0;0;0;0;0;0;0;0;0;0;2825;0;0;0;0;0;0;
39447;3342939;555016192;51077120;507879424;0;0;0;0;0;0;0;0;0;0;0;3326;0;0;0;0;0;0;
39448;4838284;555016192;51077120;507879424;0;0;0;0;0;0;0;0;0;0;0;2745;0;0;0;0;0;0;
39449;3922506;555016192;51077120;507879424;0;0;0;0;0;0;0;0;0;0;0;3176;0;0;0;0;0;0;
39450;4722657;555016192;51077120;507879424;0;0;0;0;0;0;0;0;0;0;0;2906;0;0;0;0;0;0;
39451;3283738;555016192;51077120;507879424;0;0;0;0;0;0;0;0;0;0;0;3116;0;0;0;0;0;0;
39452;4801484;555016192;51077120;507879424;0;0;0;0;0;0;0;0;0;0;0;2865;0;0;0;0;0;0;
39453;3276875;555016192;51077120;507879424;0;0;0;0;0;0;0;0;0;0;0;3166;0;0;0;0;0;0;
39454;4674226;555016192;51077120;507879424;0;0;0;0;0;0;0;0;0;0;0;2635;0;0;0;0;0;0;
39455;3269492;555016192;51077120;507879424;0;0;0;0;0;0;0;0;0;0;0;2986;0;0;0;0;0;0;
39456;4751450;555016192;51077120;507879424;0;0;0;0;0;0;0;0;0;0;0;2715;0;0;0;0;0;0;
39457;3388395;555016192;51077120;507879424;0;0;0;0;0;0;0;0;0;0;0;3086;0;0;0;0;0;0;
39458;4765217;555016192;51077120;507879424;0;0;0;0;0;0;0;0;0;0;0;2414;0;0;0;0;0;0;
39459;3237040;555016192;51077120;507879424;0;0;0;0;0;0;0;0;0;0;0;3116;0;0;0;0;0;0;
39460;4748235;555016192;51077120;507879424;0;0;0;0;0;0;0;0;0;0;0;2996;0;0;0;0;0;0;
39461;3317812;555016192;51077120;507879424;0;0;0;0;0;0;0;0;0;0;0;3096;0;0;0;0;0;0;
39462;4745490;555016192;51077120;507879424;0;0;0;0;0;0;0;0;0;0;0;2645;0;0;0;0;0;0;
39463;3370882;555016192;51077120;507879424;0;0;0;0;0;0;0;0;0;0;0;3135;0;0;0;0;0;0;
39464;4744238;555016192;51077120;507879424;0;0;0;0;0;0;0;0;0;0;0;2986;0;0;0;0;0;0;
39465;3339844;555016192;51077120;507879424;0;0;0;0;0;0;0;0;0;0;0;3146;0;0;0;0;0;0;
39466;4731043;555016192;51077120;507879424;0;0;0;0;0;0;0;0;0;0;0;2906;0;0;0;0;0;0;
39467;3309917;555016192;51077120;507879424;0;0;0;0;0;0;0;0;0;0;0;3086;0;0;0;0;0;0;
39468;4786697;555016192;51077120;507879424;0;0;0;0;0;0;0;0;0;0;0;2916;0;0;0;0;0;0;
39469;3343070;555016192;51077120;507879424;0;0;0;0;0;0;0;0;0;0;0;3406;0;0;0;0;0;0;
39470;4773292;555016192;51077120;507879424;0;0;0;0;0;0;0;0;0;0;0;3055;0;0;0;0;0;0;
39471;3345985;555016192;51077120;507879424;0;0;0;0;0;0;0;0;0;0;0;3035;0;0;0;0;0;0;
39472;4738056;555016192;51077120;507879424;0;0;0;0;0;0;0;0;0;0;0;2875;0;0;0;0;0;0;
39473;3339273;555016192;51077120;507879424;0;0;0;0;0;0;0;0;0;0;0;3516;0;0;0;0;0;0;
39474;4870093;555016192;51077120;507879424;0;0;0;0;0;0;0;0;0;0;0;3196;0;0;0;0;0;0;
39475;3317091;555016192;51085312;507887616;0;0;0;0;0;0;0;0;0;0;0;3126;0;0;0;0;0;0;
39476;4803779;555016192;51085312;507887616;0;0;0;0;0;0;0;0;0;0;0;3116;0;0;0;0;0;0;
39477;3538726;555016192;51085312;507887616;0;0;0;0;0;0;0;0;0;0;0;4158;0;0;0;0;0;0;
39478;4753926;555016192;51085312;507887616;0;0;0;0;0;0;0;0;0;0;0;3076;0;0;0;0;0;0;
39479;3428029;555016192;51085312;507887616;0;0;0;0;0;0;0;0;0;0;0;3417;0;0;0;0;0;0;
39480;4844956;555016192;51085312;507887616;0;0;0;0;0;0;0;0;0;0;0;2915;0;0;0;0;0;0;
39481;3531553;555036672;51077120;507879424;0;0;0;0;0;0;0;0;0;0;0;3436;0;0;0;0;0;0;
39482;4837342;555036672;51077120;507879424;0;0;0;0;0;0;0;0;0;0;0;3126;0;0;0;0;0;0;
39483;3363528;555036672;51077120;507879424;0;0;0;0;0;0;0;0;0;0;0;3957;0;0;0;0;0;0;
39484;4746882;555036672;51077120;507879424;0;0;0;0;0;0;0;0;0;0;0;3146;0;0;0;0;0;0;
39485;3512016;555036672;51077120;507879424;0;0;0;0;0;0;0;0;0;0;0;3236;0;0;0;0;0;0;
39486;4734129;555036672;51077120;507879424;0;0;0;0;0;0;0;0;0;0;0;2845;0;0;0;0;0;0;
39487;3363107;555036672;51077120;507879424;0;0;0;0;0;0;0;0;0;0;0;3437;0;0;0;0;0;0;
39488;4790224;555036672;51077120;507879424;0;0;0;0;0;0;0;0;0;0;0;3036;0;0;0;0;0;0;
39489;3396210;555036672;51077120;507879424;0;0;0;0;0;0;0;0;0;0;0;3317;0;0;0;0;0;0;
39490;4853802;555036672;51077120;507879424;0;0;0;0;0;0;0;0;0;0;0;3587;0;0;0;0;0;0;
39491;3456753;555036672;51077120;507879424;0;0;0;0;0;0;0;0;0;0;0;4138;0;0;0;0;0;0;
39492;4849435;555036672;51077120;507879424;0;0;0;0;0;0;0;0;0;0;0;3236;0;0;0;0;0;0;
39493;3425975;555036672;51077120;507879424;0;0;0;0;0;0;0;0;0;0;0;3266;0;0;0;0;0;0;
39494;4756591;555036672;51077120;507879424;0;0;0;0;0;0;0;0;0;0;0;2675;0;0;0;0;0;0;
39495;3360062;555036672;51077120;507879424;0;0;0;0;0;0;0;0;0;0;0;3456;0;0;0;0;0;0;
39496;4783250;555036672;51077120;507879424;0;0;0;0;0;0;0;0;0;0;0;2975;0;0;0;0;0;0;
39497;3349231;555036672;51077120;507879424;0;0;0;0;0;0;0;0;0;0;0;3827;0;0;0;0;0;0;
39498;4753254;555036672;51077120;507879424;0;0;0;0;0;0;0;0;0;0;0;3065;0;0;0;0;0;0;
39499;3662338;555036672;51077120;507879424;0;0;0;0;0;0;0;0;0;0;0;3356;0;0;0;0;0;0;
39500;4724030;555036672;51077120;507879424;0;0;0;0;0;0;0;0;0;0;0;3496;0;0;0;0;0;0;
39501;3391411;555036672;51077120;507879424;0;0;0;0;0;0;0;0;0;0;0;3316;0;0;0;0;0;0;
39502;4776388;555036672;51077120;507879424;0;0;0;0;0;0;0;0;0;0;0;3096;0;0;0;0;0;0;
39503;3466631;555036672;51077120;507879424;0;0;0;0;0;0;0;0;0;0;0;3817;0;0;0;0;0;0;
39504;4765126;555036672;51077120;507879424;0;0;0;0;0;0;0;0;0;0;0;3787;0;0;0;0;0;0;
39505;3621452;555036672;51077120;507879424;0;0;0;0;0;0;0;0;0;0;0;3196;0;0;0;0;0;0;
39506;4784713;555036672;51077120;507879424;0;0;0;0;0;0;0;0;0;0;0;2886;0;0;0;0;0;0;
39507;3358188;555036672;51077120;507879424;0;0;0;0;0;0;0;0;0;0;0;3006;0;0;0;0;0;0;
39508;4803519;555036672;51077120;507879424;0;0;0;0;0;0;0;0;0;0;0;3497;0;0;0;0;0;0;
39509;3491748;555036672;51077120;507879424;0;0;0;0;0;0;0;0;0;0;0;4138;0;0;0;0;0;0;
39510;4811103;555036672;51077120;507879424;0;0;0;0;0;0;0;0;0;0;0;3597;0;0;0;0;0;0;
39511;3357837;555036672;51077120;507879424;0;0;0;0;0;0;0;0;0;0;0;3506;0;0;0;0;0;0;
39512;4741092;555036672;51077120;507879424;0;0;0;0;0;0;0;0;0;0;0;3577;0;0;0;0;0;0;
39513;3364880;555036672;51077120;507879424;0;0;0;0;0;0;0;0;0;0;0;3196;0;0;0;0;0;0;
39514;4813998;555036672;51077120;507879424;0;0;0;0;0;0;0;0;0;0;0;3246;0;0;0;0;0;0;
39515;3458536;555036672;51077120;507879424;0;0;0;0;0;0;0;0;0;0;0;3317;0;0;0;0;0;0;
39516;4817204;555036672;51077120;507879424;0;0;0;0;0;0;0;0;0;0;0;3135;0;0;0;0;0;0;
39517;3587397;555036672;51077120;507879424;0;0;0;0;0;0;0;0;0;0;0;3477;0;0;0;0;0;0;
39518;4724891;555036672;51077120;507879424;0;0;0;0;0;0;0;0;0;0;0;2755;0;0;0;0;0;0;
39519;3336267;555036672;51077120;507879424;0;0;0;0;0;0;0;0;0;0;0;2945;0;0;0;0;0;0;
39520;4726183;555036672;51077120;507879424;0;0;0;0;0;0;0;0;0;0;0;3206;0;0;0;0;0;0;
39521;3369259;555036672;51077120;507879424;0;0;0;0;0;0;0;0;0;0;0;3266;0;0;0;0;0;0;
39522;4855285;555036672;51077120;507879424;0;0;0;0;0;0;0;0;0;0;0;3546;0;0;0;0;0;0;
39523;3351706;555036672;51077120;507879424;0;0;0;0;0;0;0;0;0;0;0;3006;0;0;0;0;0;0;
39524;4810141;555036672;51077120;507879424;0;0;0;0;0;0;0;0;0;0;0;3176;0;0;0;0;0;0;
39525;3308114;555036672;51077120;507879424;0;0;0;0;0;0;0;0;0;0;0;3547;0;0;0;0;0;0;
39526;4764005;555036672;51077120;507879424;0;0;0;0;0;0;0;0;0;0;0;3577;0;0;0;0;0;0;
39527;3453396;555036672;51077120;507879424;0;0;0;0;0;0;0;0;0;0;0;4108;0;0;0;0;0;0;
39528;4758574;555036672;51077120;507879424;0;0;0;0;0;0;0;0;0;0;0;3386;0;0;0;0;0;0;
39529;3427037;555036672;51077120;507879424;0;0;0;0;0;0;0;0;0;0;0;12964;0;0;0;0;0;0;
39530;4819298;555036672;51077120;507879424;0;0;0;0;0;0;0;0;0;0;0;3477;0;0;0;0;0;0;
39531;3444279;555036672;51077120;507879424;0;0;0;0;0;0;0;0;0;0;0;3978;0;0;0;0;0;0;
39532;4737014;555036672;51077120;507879424;0;0;0;0;0;0;0;0;0;0;0;3176;0;0;0;0;0;0;
39533;3377544;555036672;51077120;507879424;0;0;0;0;0;0;0;0;0;0;0;3005;0;0;0;0;0;0;
39534;4814749;555036672;51077120;507879424;0;0;0;0;0;0;0;0;0;0;0;3246;0;0;0;0;0;0;
39535;3428149;555036672;51077120;507879424;0;0;0;0;0;0;0;0;0;0;0;3015;0;0;0;0;0;0;
39536;4742243;555036672;51077120;507879424;0;0;0;0;0;0;0;0;0;0;0;2876;0;0;0;0;0;0;
39537;3365151;555036672;51077120;507879424;0;0;0;0;0;0;0;0;0;0;0;3115;0;0;0;0;0;0;
39538;4815882;555036672;51077120;507879424;0;0;0;0;0;0;0;0;0;0;0;2955;0;0;0;0;0;0;
39539;3338882;555036672;51077120;507879424;0;0;0;0;0;0;0;0;0;0;0;2926;0;0;0;0;0;0;
39540;10845911;555036672;51077120;507879424;0;0;0;0;0;0;0;0;0;0;0;2966;0;0;0;0;0;0;
39541;4437512;555036672;51077120;507879424;0;0;0;0;0;0;0;0;0;0;0;5019;0;0;0;0;0;0;
39542;4903636;555036672;51077120;507879424;0;0;0;0;0;0;0;0;0;0;0;2825;0;0;0;0;0;0;
39543;3347729;555036672;51077120;507879424;0;0;0;0;0;0;0;0;0;0;0;3306;0;0;0;0;0;0;
39544;4681810;555036672;51077120;507879424;0;0;0;0;0;0;0;0;0;0;0;2735;0;0;0;0;0;0;
39545;3329654;555036672;51077120;507879424;0;0;0;0;0;0;0;0;0;0;0;3407;0;0;0;0;0;0;
39546;4781858;555036672;51077120;507879424;0;0;0;0;0;0;0;0;0;0;0;3056;0;0;0;0;0;0;
39547;3257559;555036672;51077120;507879424;0;0;0;0;0;0;0;0;0;0;0;2895;0;0;0;0;0;0;
39548;4694354;555036672;51077120;507879424;0;0;0;0;0;0;0;0;0;0;0;2775;0;0;0;0;0;0;
39549;3253272;555036672;51077120;507879424;0;0;0;0;0;0;0;0;0;0;0;3046;0;0;0;0;0;0;
39550;4771388;555036672;51077120;507879424;0;0;0;0;0;0;0;0;0;0;0;2845;0;0;0;0;0;0;
39551;3529009;555036672;51077120;507879424;0;0;0;0;0;0;0;0;0;0;0;3307;0;0;0;0;0;0;
39552;4780185;555036672;51077120;507879424;0;0;0;0;0;0;0;0;0;0;0;3176;0;0;0;0;0;0;
39553;3440643;555036672;51077120;507879424;0;0;0;0;0;0;0;0;0;0;0;3767;0;0;0;0;0;0;
39554;4748576;555036672;51077120;507879424;0;0;0;0;0;0;0;0;0;0;0;3145;0;0;0;0;0;0;
39555;3411057;555036672;51077120;507879424;0;0;0;0;0;0;0;0;0;0;0;3326;0;0;0;0;0;0;
39556;4744858;555036672;51077120;507879424;0;0;0;0;0;0;0;0;0;0;0;2635;0;0;0;0;0;0;
39557;3327220;555036672;51077120;507879424;0;0;0;0;0;0;0;0;0;0;0;3126;0;0;0;0;0;0;
39558;4737655;555036672;51077120;507879424;0;0;0;0;0;0;0;0;0;0;0;2996;0;0;0;0;0;0;
39559;3310849;555036672;51077120;507879424;0;0;0;0;0;0;0;0;0;0;0;3376;0;0;0;0;0;0;
39560;4717858;555036672;51077120;507879424;0;0;0;0;0;0;0;0;0;0;0;2725;0;0;0;0;0;0;
39561;3420013;555036672;51077120;507879424;0;0;0;0;0;0;0;0;0;0;0;3065;0;0;0;0;0;0;
39562;4826742;555036672;51077120;507879424;0;0;0;0;0;0;0;0;0;0;0;3226;0;0;0;0;0;0;
39563;3249224;555036672;51077120;507879424;0;0;0;0;0;0;0;0;0;0;0;2945;0;0;0;0;0;0;
39564;4752373;555036672;51077120;507879424;0;0;0;0;0;0;0;0;0;0;0;3126;0;0;0;0;0;0;
39565;3308995;555036672;51077120;507879424;0;0;0;0;0;0;0;0;0;0;0;3076;0;0;0;0;0;0;
39566;4773382;555036672;51077120;507879424;0;0;0;0;0;0;0;0;0;0;0;2935;0;0;0;0;0;0;
39567;3269752;555036672;51077120;507879424;0;0;0;0;0;0;0;0;0;0;0;3136;0;0;0;0;0;0;
39568;4762492;555036672;51077120;507879424;0;0;0;0;0;0;0;0;0;0;0;3376;0;0;0;0;0;0;
39569;3302384;555036672;51077120;507879424;0;0;0;0;0;0;0;0;0;0;0;3226;0;0;0;0;0;0;
39570;4828035;555036672;51077120;507879424;0;0;0;0;0;0;0;0;0;0;0;2805;0;0;0;0;0;0;
39571;3376782;555036672;51077120;507879424;0;0;0;0;0;0;0;0;0;0;0;3035;0;0;0;0;0;0;
39572;4886153;555036672;51077120;507879424;0;0;0;0;0;0;0;0;0;0;0;3287;0;0;0;0;0;0;
39573;4251443;555036672;51077120;507879424;0;0;0;0;0;0;0;0;0;0;0;3447;0;0;0;0;0;0;
39574;4776458;555036672;51077120;507879424;0;0;0;0;0;0;0;0;0;0;0;3326;0;0;0;0;0;0;
39575;3532856;555036672;51077120;507879424;0;0;0;0;0;0;0;0;0;0;0;4318;0;0;0;0;0;0;
39576;4745450;555036672;51077120;507879424;0;0;0;0;0;0;0;0;0;0;0;2865;0;0;0;0;0;0;
39577;3456623;555036672;51077120;507879424;0;0;0;0;0;0;0;0;0;0;0;3196;0;0;0;0;0;0;
39578;4728278;555036672;51077120;507879424;0;0;0;0;0;0;0;0;0;0;0;3727;0;0;0;0;0;0;
39579;3487821;555036672;51077120;507879424;0;0;0;0;0;0;0;0;0;0;0;3015;0;0;0;0;0;0;
39580;4746531;555036672;51077120;507879424;0;0;0;0;0;0;0;0;0;0;0;2835;0;0;0;0;0;0;
39581;3391570;555036672;51077120;507879424;0;0;0;0;0;0;0;0;0;0;0;3286;0;0;0;0;0;0;
39582;4792067;555036672;51077120;507879424;0;0;0;0;0;0;0;0;0;0;0;2805;0;0;0;0;0;0;
39583;3366733;555036672;51077120;507879424;0;0;0;0;0;0;0;0;0;0;0;3105;0;0;0;0;0;0;
39584;4877036;555036672;51077120;507879424;0;0;0;0;0;0;0;0;0;0;0;2975;0;0;0;0;0;0;
39585;3367876;555036672;51077120;507879424;0;0;0;0;0;0;0;0;0;0;0;3336;0;0;0;0;0;0;
39586;4873871;555036672;51077120;507879424;0;0;0;0;0;0;0;0;0;0;0;3186;0;0;0;0;0;0;
39587;3187207;555036672;51077120;507879424;0;0;0;0;0;0;0;0;0;0;0;2905;0;0;0;0;0;0;
39588;4728398;555036672;51077120;507879424;0;0;0;0;0;0;0;0;0;0;0;3086;0;0;0;0;0;0;
39589;3267337;555036672;51077120;507879424;0;0;0;0;0;0;0;0;0;0;0;3276;0;0;0;0;0;0;
39590;4859213;555036672;51077120;507879424;0;0;0;0;0;0;0;0;0;0;0;3156;0;0;0;0;0;0;
39591;3271565;555036672;51077120;507879424;0;0;0;0;0;0;0;0;0;0;0;3046;0;0;0;0;0;0;
39592;4764104;555036672;51077120;507879424;0;0;0;0;0;0;0;0;0;0;0;2835;0;0;0;0;0;0;
39593;3362415;555036672;51077120;507879424;0;0;0;0;0;0;0;0;0;0;0;3106;0;0;0;0;0;0;
39594;4891864;555036672;51077120;507879424;0;0;0;0;0;0;0;0;0;0;0;3367;0;0;0;0;0;0;
39595;3284480;555036672;51085312;507887616;0;0;0;0;0;0;0;0;0;0;0;3015;0;0;0;0;0;0;
39596;4837422;555036672;51085312;507887616;0;0;0;0;0;0;0;0;0;0;0;3386;0;0;0;0;0;0;
39597;3254093;555036672;51085312;507887616;0;0;0;0;0;0;0;0;0;0;0;3367;0;0;0;0;0;0;
39598;5187158;555036672;51085312;507887616;0;0;0;0;0;0;0;0;0;0;0;3237;0;0;0;0;0;0;
39599;3316830;555036672;51085312;507887616;0;0;0;0;0;0;0;0;0;0;0;3056;0;0;0;0;0;0;
39600;4793399;555036672;51085312;507887616;0;0;0;0;0;0;0;0;0;0;0;2955;0;0;0;0;0;0;
39601;3344001;555057152;51077120;507879424;0;0;0;0;0;0;0;0;0;0;0;3246;0;0;0;0;0;0;
39602;4829968;555057152;51077120;507879424;0;0;0;0;0;0;0;0;0;0;0;3266;0;0;0;0;0;0;
39603;3296833;555057152;51077120;507879424;0;0;0;0;0;0;0;0;0;0;0;3186;0;0;0;0;0;0;
39604;4783110;555057152;51077120;507879424;0;0;0;0;0;0;0;0;0;0;0;2835;0;0;0;0;0;0;
39605;3862734;555057152;51077120;507879424;0;0;0;0;0;0;0;0;0;0;0;2875;0;0;0;0;0;0;
39606;4865124;555057152;51077120;507879424;0;0;0;0;0;0;0;0;0;0;0;2966;0;0;0;0;0;0;
39607;3407571;555057152;51077120;507879424;0;0;0;0;0;0;0;0;0;0;0;3036;0;0;0;0;0;0;
39608;4797067;555057152;51077120;507879424;0;0;0;0;0;0;0;0;0;0;0;2845;0;0;0;0;0;0;
39609;3358859;555057152;51077120;507879424;0;0;0;0;0;0;0;0;0;0;0;3507;0;0;0;0;0;0;
39610;4773181;555057152;51077120;507879424;0;0;0;0;0;0;0;0;0;0;0;3256;0;0;0;0;0;0;
39611;3278238;555057152;51077120;507879424;0;0;0;0;0;0;0;0;0;0;0;3036;0;0;0;0;0;0;
39612;4760759;555057152;51077120;507879424;0;0;0;0;0;0;0;0;0;0;0;3056;0;0;0;0;0;0;
39613;3310438;555057152;51077120;507879424;0;0;0;0;0;0;0;0;0;0;0;3326;0;0;0;0;0;0;
39614;4800032;555057152;51077120;507879424;0;0;0;0;0;0;0;0;0;0;0;3717;0;0;0;0;0;0;
39615;3290742;555057152;51077120;507879424;0;0;0;0;0;0;0;0;0;0;0;3096;0;0;0;0;0;0;
39616;4797096;555057152;51077120;507879424;0;0;0;0;0;0;0;0;0;0;0;2965;0;0;0;0;0;0;
39617;3356304;555057152;51077120;507879424;0;0;0;0;0;0;0;0;0;0;0;3236;0;0;0;0;0;0;
39618;4855716;555057152;51077120;507879424;0;0;0;0;0;0;0;0;0;0;0;3136;0;0;0;0;0;0;
39619;3326208;555057152;51077120;507879424;0;0;0;0;0;0;0;0;0;0;0;3396;0;0;0;0;0;0;
39620;4767371;555057152;51077120;507879424;0;0;0;0;0;0;0;0;0;0;0;3827;0;0;0;0;0;0;
39621;3394446;555057152;51077120;507879424;0;0;0;0;0;0;0;0;0;0;0;3717;0;0;0;0;0;0;
39622;4768532;555057152;51077120;507879424;0;0;0;0;0;0;0;0;0;0;0;2695;0;0;0;0;0;0;
39623;3560297;555057152;51077120;507879424;0;0;0;0;0;0;0;0;0;0;0;2715;0;0;0;0;0;0;
39624;4749037;555057152;51077120;507879424;0;0;0;0;0;0;0;0;0;0;0;2736;0;0;0;0;0;0;
39625;3317472;555057152;51077120;507879424;0;0;0;0;0;0;0;0;0;0;0;2965;0;0;0;0;0;0;
39626;4742304;555057152;51077120;507879424;0;0;0;0;0;0;0;0;0;0;0;3045;0;0;0;0;0;0;
39627;3344482;555057152;51077120;507879424;0;0;0;0;0;0;0;0;0;0;0;3386;0;0;0;0;0;0;
39628;4719721;555057152;51077120;507879424;0;0;0;0;0;0;0;0;0;0;0;2795;0;0;0;0;0;0;
39629;3591466;555057152;51077120;507879424;0;0;0;0;0;0;0;0;0;0;0;3066;0;0;0;0;0;0;
39630;4778010;555057152;51077120;507879424;0;0;0;0;0;0;0;0;0;0;0;2785;0;0;0;0;0;0;
39631;3265594;555057152;51077120;507879424;0;0;0;0;0;0;0;0;0;0;0;2815;0;0;0;0;0;0;
39632;4727706;555057152;51077120;507879424;0;0;0;0;0;0;0;0;0;0;0;3046;0;0;0;0;0;0;
39633;3269932;555057152;51077120;507879424;0;0;0;0;0;0;0;0;0;0;0;3246;0;0;0;0;0;0;
39634;4779964;555057152;51077120;507879424;0;0;0;0;0;0;0;0;0;0;0;3085;0;0;0;0;0;0;
39635;3295059;555057152;51077120;507879424;0;0;0;0;0;0;0;0;0;0;0;3056;0;0;0;0;0;0;
39636;4804681;555057152;51077120;507879424;0;0;0;0;0;0;0;0;0;0;0;3166;0;0;0;0;0;0;
39637;3296231;555057152;51077120;507879424;0;0;0;0;0;0;0;0;0;0;0;3506;0;0;0;0;0;0;
39638;4813067;555057152;51077120;507879424;0;0;0;0;0;0;0;0;0;0;0;3006;0;0;0;0;0;0;
39639;3401560;555057152;51077120;507879424;0;0;0;0;0;0;0;0;0;0;0;3646;0;0;0;0;0;0;
39640;4778061;555057152;51077120;507879424;0;0;0;0;0;0;0;0;0;0;0;3427;0;0;0;0;0;0;
39641;3383065;555057152;51077120;507879424;0;0;0;0;0;0;0;0;0;0;0;3266;0;0;0;0;0;0;
39642;4771459;555057152;51077120;507879424;0;0;0;0;0;0;0;0;0;0;0;3457;0;0;0;0;0;0;
39643;3317201;555057152;51077120;507879424;0;0;0;0;0;0;0;0;0;0;0;3116;0;0;0;0;0;0;
39644;4811223;555057152;51077120;507879424;0;0;0;0;0;0;0;0;0;0;0;3296;0;0;0;0;0;0;
39645;3285041;555057152;51077120;507879424;0;0;0;0;0;0;0;0;0;0;0;10069;0;0;0;0;0;0;
39646;4831330;555057152;51077120;507879424;0;0;0;0;0;0;0;0;0;0;0;3146;0;0;0;0;0;0;
39647;3426265;555057152;51077120;507879424;0;0;0;0;0;0;0;0;0;0;0;2785;0;0;0;0;0;0;
39648;4717457;555057152;51077120;507879424;0;0;0;0;0;0;0;0;0;0;0;2715;0;0;0;0;0;0;
39649;3284270;555057152;51077120;507879424;0;0;0;0;0;0;0;0;0;0;0;2875;0;0;0;0;0;0;
39650;4781828;555057152;51077120;507879424;0;0;0;0;0;0;0;0;0;0;0;2635;0;0;0;0;0;0;
39651;3246448;555057152;51077120;507879424;0;0;0;0;0;0;0;0;0;0;0;2885;0;0;0;0;0;0;
39652;4751992;555057152;51077120;507879424;0;0;0;0;0;0;0;0;0;0;0;2976;0;0;0;0;0;0;
39653;3563062;555057152;51077120;507879424;0;0;0;0;0;0;0;0;0;0;0;3687;0;0;0;0;0;0;
39654;4774775;555057152;51077120;507879424;0;0;0;0;0;0;0;0;0;0;0;3136;0;0;0;0;0;0;
39655;3320598;555057152;51077120;507879424;0;0;0;0;0;0;0;0;0;0;0;3336;0;0;0;0;0;0;
39656;4734509;555057152;51077120;507879424;0;0;0;0;0;0;0;0;0;0;0;3136;0;0;0;0;0;0;
39657;3244955;555057152;51077120;507879424;0;0;0;0;0;0;0;0;0;0;0;3637;0;0;0;0;0;0;
39658;4772120;555057152;51077120;507879424;0;0;0;0;0;0;0;0;0;0;0;3566;0;0;0;0;0;0;
39659;3265444;555057152;51077120;507879424;0;0;0;0;0;0;0;0;0;0;0;3196;0;0;0;0;0;0;
39660;4790023;555057152;51077120;507879424;0;0;0;0;0;0;0;0;0;0;0;3647;0;0;0;0;0;0;
39661;3373406;555057152;51077120;507879424;0;0;0;0;0;0;0;0;0;0;0;3397;0;0;0;0;0;0;
39662;4814469;555057152;51077120;507879424;0;0;0;0;0;0;0;0;0;0;0;3326;0;0;0;0;0;0;
39663;3323452;555057152;51077120;507879424;0;0;0;0;0;0;0;0;0;0;0;3817;0;0;0;0;0;0;
39664;4796676;555057152;51077120;507879424;0;0;0;0;0;0;0;0;0;0;0;3246;0;0;0;0;0;0;
39665;3402932;555057152;51077120;507879424;0;0;0;0;0;0;0;0;0;0;0;3236;0;0;0;0;0;0;
39666;4783771;555057152;51077120;507879424;0;0;0;0;0;0;0;0;0;0;0;3095;0;0;0;0;0;0;
39667;3340044;555057152;51077120;507879424;0;0;0;0;0;0;0;0;0;0;0;3477;0;0;0;0;0;0;
39668;4756590;555057152;51077120;507879424;0;0;0;0;0;0;0;0;0;0;0;2945;0;0;0;0;0;0;
39669;3363919;555057152;51077120;507879424;0;0;0;0;0;0;0;0;0;0;0;3557;0;0;0;0;0;0;
39670;4753895;555057152;51077120;507879424;0;0;0;0;0;0;0;0;0;0;0;3146;0;0;0;0;0;0;
39671;3377614;555057152;51077120;507879424;0;0;0;0;0;0;0;0;0;0;0;3577;0;0;0;0;0;0;
39672;4786186;555057152;51077120;507879424;0;0;0;0;0;0;0;0;0;0;0;3126;0;0;0;0;0;0;
39673;3351145;555057152;51077120;507879424;0;0;0;0;0;0;0;0;0;0;0;3286;0;0;0;0;0;0;
39674;4836831;555057152;51077120;507879424;0;0;0;0;0;0;0;0;0;0;0;3216;0;0;0;0;0;0;
39675;3374058;555057152;51077120;507879424;0;0;0;0;0;0;0;0;0;0;0;3346;0;0;0;0;0;0;
39676;4886905;555057152;51077120;507879424;0;0;0;0;0;0;0;0;0;0;0;3015;0;0;0;0;0;0;
39677;3341727;555057152;51077120;507879424;0;0;0;0;0;0;0;0;0;0;0;3036;0;0;0;0;0;0;
39678;4757863;555057152;51077120;507879424;0;0;0;0;0;0;0;0;0;0;0;3236;0;0;0;0;0;0;
39679;3384197;555057152;51077120;507879424;0;0;0;0;0;0;0;0;0;0;0;3927;0;0;0;0;0;0;
39680;4758444;555057152;51077120;507879424;0;0;0;0;0;0;0;0;0;0;0;3055;0;0;0;0;0;0;
39681;3365231;555057152;51077120;507879424;0;0;0;0;0;0;0;0;0;0;0;3196;0;0;0;0;0;0;
39682;4749147;555057152;51077120;507879424;0;0;0;0;0;0;0;0;0;0;0;3115;0;0;0;0;0;0;
39683;3333111;555057152;51077120;507879424;0;0;0;0;0;0;0;0;0;0;0;3126;0;0;0;0;0;0;
39684;4778852;555057152;51077120;507879424;0;0;0;0;0;0;0;0;0;0;0;2986;0;0;0;0;0;0;
39685;3379267;555057152;51077120;507879424;0;0;0;0;0;0;0;0;0;0;0;3517;0;0;0;0;0;0;
39686;4804931;555057152;51077120;507879424;0;0;0;0;0;0;0;0;0;0;0;3266;0;0;0;0;0;0;
39687;3391470;555057152;51077120;507879424;0;0;0;0;0;0;0;0;0;0;0;3266;0;0;0;0;0;0;
39688;4789683;555057152;51077120;507879424;0;0;0;0;0;0;0;0;0;0;0;3056;0;0;0;0;0;0;
39689;3289980;555057152;51077120;507879424;0;0;0;0;0;0;0;0;0;0;0;3366;0;0;0;0;0;0;
39690;4889860;555057152;51077120;507879424;0;0;0;0;0;0;0;0;0;0;0;3006;0;0;0;0;0;0;
39691;3353990;555057152;51077120;507879424;0;0;0;0;0;0;0;0;0;0;0;3456;0;0;0;0;0;0;
39692;4779063;555057152;51077120;507879424;0;0;0;0;0;0;0;0;0;0;0;2996;0;0;0;0;0;0;
39693;3267237;555057152;51077120;507879424;0;0;0;0;0;0;0;0;0;0;0;3186;0;0;0;0;0;0;
39694;4784623;555057152;51077120;507879424;0;0;0;0;0;0;0;0;0;0;0;3015;0;0;0;0;0;0;
39695;3269662;555057152;51077120;507879424;0;0;0;0;0;0;0;0;0;0;0;3737;0;0;0;0;0;0;
39696;4800593;555057152;51077120;507879424;0;0;0;0;0;0;0;0;0;0;0;3376;0;0;0;0;0;0;
39697;3587358;555057152;51077120;507879424;0;0;0;0;0;0;0;0;0;0;0;2986;0;0;0;0;0;0;
39698;4744097;555057152;51077120;507879424;0;0;0;0;0;0;0;0;0;0;0;3026;0;0;0;0;0;0;
39699;3284179;555057152;51077120;507879424;0;0;0;0;0;0;0;0;0;0;0;3186;0;0;0;0;0;0;
39700;4768482;555057152;51077120;507879424;0;0;0;0;0;0;0;0;0;0;0;2815;0;0;0;0;0;0;
39701;3349281;555057152;51077120;507879424;0;0;0;0;0;0;0;0;0;0;0;3026;0;0;0;0;0;0;
39702;4715965;555057152;51077120;507879424;0;0;0;0;0;0;0;0;0;0;0;3426;0;0;0;0;0;0;
39703;3523819;555057152;51077120;507879424;0;0;0;0;0;0;0;0;0;0;0;3416;0;0;0;0;0;0;
39704;4801866;555057152;51077120;507879424;0;0;0;0;0;0;0;0;0;0;0;3396;0;0;0;0;0;0;
39705;3335926;555057152;51077120;507879424;0;0;0;0;0;0;0;0;0;0;0;3387;0;0;0;0;0;0;
39706;4815190;555057152;51077120;507879424;0;0;0;0;0;0;0;0;0;0;0;3216;0;0;0;0;0;0;
39707;3359461;555057152;51077120;507879424;0;0;0;0;0;0;0;0;0;0;0;3507;0;0;0;0;0;0;
39708;4796916;555057152;51077120;507879424;0;0;0;0;0;0;0;0;0;0;0;3417;0;0;0;0;0;0;
39709;3445061;555057152;51077120;507879424;0;0;0;0;0;0;0;0;0;0;0;3626;0;0;0;0;0;0;
39710;4735130;555057152;51077120;507879424;0;0;0;0;0;0;0;0;0;0;0;3236;0;0;0;0;0;0;
39711;3412389;555057152;51077120;507879424;0;0;0;0;0;0;0;0;0;0;0;3407;0;0;0;0;0;0;
39712;4822353;555057152;51077120;507879424;0;0;0;0;0;0;0;0;0;0;0;3357;0;0;0;0;0;0;
39713;3290170;555057152;51077120;507879424;0;0;0;0;0;0;0;0;0;0;0;4017;0;0;0;0;0;0;
39714;4757111;555057152;51077120;507879424;0;0;0;0;0;0;0;0;0;0;0;3456;0;0;0;0;0;0;
39715;3288167;555057152;51077120;507879424;0;0;0;0;0;0;0;0;0;0;0;3877;0;0;0;0;0;0;
39716;4776898;555057152;51077120;507879424;0;0;0;0;0;0;0;0;0;0;0;3116;0;0;0;0;0;0;
39717;3371993;555057152;51077120;507879424;0;0;0;0;0;0;0;0;0;0;0;3426;0;0;0;0;0;0;
39718;4803569;555057152;51077120;507879424;0;0;0;0;0;0;0;0;0;0;0;3506;0;0;0;0;0;0;
39719;3305349;555057152;51077120;507879424;0;0;0;0;0;0;0;0;0;0;0;3787;0;0;0;0;0;0;
39720;4791817;555057152;51077120;507879424;0;0;0;0;0;0;0;0;0;0;0;3477;0;0;0;0;0;0;
39721;3366864;555057152;51077120;507879424;0;0;0;0;0;0;0;0;0;0;0;3256;0;0;0;0;0;0;
39722;4764285;555057152;51077120;507879424;0;0;0;0;0;0;0;0;0;0;0;3817;0;0;0;0;0;0;
39723;3728262;555057152;51077120;507879424;0;0;0;0;0;0;0;0;0;0;0;3547;0;0;0;0;0;0;
39724;4746682;555057152;51077120;507879424;0;0;0;0;0;0;0;0;0;0;0;2865;0;0;0;0;0;0;
39725;3361785;555057152;51077120;507879424;0;0;0;0;0;0;0;0;0;0;0;3186;0;0;0;0;0;0;
39726;4814359;555057152;51077120;507879424;0;0;0;0;0;0;0;0;0;0;0;3276;0;0;0;0;0;0;
39727;3380319;555057152;51077120;507879424;0;0;0;0;0;0;0;0;0;0;0;3186;0;0;0;0;0;0;
39728;4804961;555057152;51077120;507879424;0;0;0;0;0;0;0;0;0;0;0;3446;0;0;0;0;0;0;
39729;3317972;555057152;51077120;507879424;0;0;0;0;0;0;0;0;0;0;0;3557;0;0;0;0;0;0;
39730;4774374;555057152;51077120;507879424;0;0;0;0;0;0;0;0;0;0;0;3256;0;0;0;0;0;0;
39731;3300840;555057152;51077120;507879424;0;0;0;0;0;0;0;0;0;0;0;3456;0;0;0;0;0;0;
39732;4773452;555057152;51077120;507879424;0;0;0;0;0;0;0;0;0;0;0;3206;0;0;0;0;0;0;
39733;3359892;555057152;51077120;507879424;0;0;0;0;0;0;0;0;0;0;0;3546;0;0;0;0;0;0;
39734;4745650;555057152;51077120;507879424;0;0;0;0;0;0;0;0;0;0;0;3146;0;0;0;0;0;0;
39735;3235618;555057152;51077120;507879424;0;0;0;0;0;0;0;0;0;0;0;3036;0;0;0;0;0;0;
39736;4831080;555057152;51077120;507879424;0;0;0;0;0;0;0;0;0;0;0;2845;0;0;0;0;0;0;
39737;3297384;555057152;51077120;507879424;0;0;0;0;0;0;0;0;0;0;0;3316;0;0;0;0;0;0;
39738;4760938;555057152;51077120;507879424;0;0;0;0;0;0;0;0;0;0;0;2905;0;0;0;0;0;0;
39739;3302093;555057152;51077120;507879424;0;0;0;0;0;0;0;0;0;0;0;3046;0;0;0;0;0;0;
39740;4817104;555057152;51077120;507879424;0;0;0;0;0;0;0;0;0;0;0;2795;0;0;0;0;0;0;
39741;3339694;555057152;51077120;507879424;0;0;0;0;0;0;0;0;0;0;0;2946;0;0;0;0;0;0;
39742;4791897;555057152;51077120;507879424;0;0;0;0;0;0;0;0;0;0;0;2775;0;0;0;0;0;0;
39743;3372034;555057152;51077120;507879424;0;0;0;0;0;0;0;0;0;0;0;3006;0;0;0;0;0;0;
39744;4766760;555057152;51077120;507879424;0;0;0;0;0;0;0;0;0;0;0;3135;0;0;0;0;0;0;
39745;3441474;555057152;51077120;507879424;0;0;0;0;0;0;0;0;0;0;0;3036;0;0;0;0;0;0;
39746;4748676;555057152;51077120;507879424;0;0;0;0;0;0;0;0;0;0;0;2655;0;0;0;0;0;0;
39747;3347729;555057152;51077120;507879424;0;0;0;0;0;0;0;0;0;0;0;3266;0;0;0;0;0;0;
39748;4831240;555057152;51077120;507879424;0;0;0;0;0;0;0;0;0;0;0;2926;0;0;0;0;0;0;
39749;3326689;555057152;51077120;507879424;0;0;0;0;0;0;0;0;0;0;0;3396;0;0;0;0;0;0;
39750;4750299;555057152;51077120;507879424;0;0;0;0;0;0;0;0;0;0;0;3056;0;0;0;0;0;0;
39751;3344462;555057152;51077120;507879424;0;0;0;0;0;0;0;0;0;0;0;3537;0;0;0;0;0;0;
39752;4811112;555057152;51077120;507879424;0;0;0;0;0;0;0;0;0;0;0;4148;0;0;0;0;0;0;
39753;3310970;555057152;51077120;507879424;0;0;0;0;0;0;0;0;0;0;0;3297;0;0;0;0;0;0;
39754;4794522;555057152;51077120;507879424;0;0;0;0;0;0;0;0;0;0;0;3286;0;0;0;0;0;0;
39755;3769028;555057152;51077120;507879424;0;0;0;0;0;0;0;0;0;0;0;3627;0;0;0;0;0;0;
39756;4790574;555057152;51077120;507879424;0;0;0;0;0;0;0;0;0;0;0;3687;0;0;0;0;0;0;
39757;3284590;555057152;51077120;507879424;0;0;0;0;0;0;0;0;0;0;0;3116;0;0;0;0;0;0;
39758;4773532;555057152;51077120;507879424;0;0;0;0;0;0;0;0;0;0;0;2976;0;0;0;0;0;0;
39759;3288057;555057152;51077120;507879424;0;0;0;0;0;0;0;0;0;0;0;3286;0;0;0;0;0;0;
39760;4815501;555057152;51077120;507879424;0;0;0;0;0;0;0;0;0;0;0;2935;0;0;0;0;0;0;
39761;3362285;555057152;51077120;507879424;0;0;0;0;0;0;0;0;0;0;0;3266;0;0;0;0;0;0;
39762;4811243;555057152;51077120;507879424;0;0;0;0;0;0;0;0;0;0;0;3236;0;0;0;0;0;0;
39763;3269692;555057152;51077120;507879424;0;0;0;0;0;0;0;0;0;0;0;3216;0;0;0;0;0;0;
39764;4783311;555057152;51077120;507879424;0;0;0;0;0;0;0;0;0;0;0;3446;0;0;0;0;0;0;
39765;3390809;555057152;51077120;507879424;0;0;0;0;0;0;0;0;0;0;0;3577;0;0;0;0;0;0;
39766;4802426;555057152;51077120;507879424;0;0;0;0;0;0;0;0;0;0;0;2986;0;0;0;0;0;0;
39767;3281544;555057152;51077120;507879424;0;0;0;0;0;0;0;0;0;0;0;3427;0;0;0;0;0;0;
39768;4785594;555057152;51077120;507879424;0;0;0;0;0;0;0;0;0;0;0;3065;0;0;0;0;0;0;
39769;3357046;555057152;51077120;507879424;0;0;0;0;0;0;0;0;0;0;0;3186;0;0;0;0;0;0;
39770;4828195;555057152;51077120;507879424;0;0;0;0;0;0;0;0;0;0;0;3427;0;0;0;0;0;0;
39771;3625329;555057152;51077120;507879424;0;0;0;0;0;0;0;0;0;0;0;3457;0;0;0;0;0;0;
39772;4719230;555057152;51077120;507879424;0;0;0;0;0;0;0;0;0;0;0;3306;0;0;0;0;0;0;
39773;3402791;555057152;51077120;507879424;0;0;0;0;0;0;0;0;0;0;0;3627;0;0;0;0;0;0;
39774;4719951;555057152;51077120;507879424;0;0;0;0;0;0;0;0;0;0;0;2976;0;0;0;0;0;0;
39775;3310498;555057152;51077120;507879424;0;0;0;0;0;0;0;0;0;0;0;3106;0;0;0;0;0;0;
39776;4729670;555057152;51077120;507879424;0;0;0;0;0;0;0;0;0;0;0;3326;0;0;0;0;0;0;
39777;3567711;555057152;51077120;507879424;0;0;0;0;0;0;0;0;0;0;0;3196;0;0;0;0;0;0;
39778;4715433;555057152;51077120;507879424;0;0;0;0;0;0;0;0;0;0;0;3246;0;0;0;0;0;0;
39779;3331157;555057152;51077120;507879424;0;0;0;0;0;0;0;0;0;0;0;3797;0;0;0;0;0;0;
39780;4766119;555057152;51077120;507879424;0;0;0;0;0;0;0;0;0;0;0;2916;0;0;0;0;0;0;
39781;3344121;555057152;51077120;507879424;0;0;0;0;0;0;0;0;0;0;0;3256;0;0;0;0;0;0;
39782;10886827;555057152;51077120;507879424;0;0;0;0;0;0;0;0;0;0;0;3366;0;0;0;0;0;0;
39783;4334118;555057152;51077120;507879424;0;0;0;0;0;0;0;0;0;0;0;4508;0;0;0;0;0;0;
39784;5319947;555057152;51077120;507879424;0;0;0;0;0;0;0;0;0;0;0;4288;0;0;0;0;0;0;
39785;3329845;555057152;51077120;507879424;0;0;0;0;0;0;0;0;0;0;0;3136;0;0;0;0;0;0;
39786;4823195;555057152;51077120;507879424;0;0;0;0;0;0;0;0;0;0;0;2855;0;0;0;0;0;0;
39787;3327109;555057152;51077120;507879424;0;0;0;0;0;0;0;0;0;0;0;3276;0;0;0;0;0;0;
39788;4768262;555057152;51077120;507879424;0;0;0;0;0;0;0;0;0;0;0;2885;0;0;0;0;0;0;
39789;3532966;555057152;51077120;507879424;0;0;0;0;0;0;0;0;0;0;0;4048;0;0;0;0;0;0;
39790;4790885;555057152;51077120;507879424;0;0;0;0;0;0;0;0;0;0;0;4008;0;0;0;0;0;0;
39791;3344522;555057152;51077120;507879424;0;0;0;0;0;0;0;0;0;0;0;3146;0;0;0;0;0;0;
39792;4787248;555057152;51077120;507879424;0;0;0;0;0;0;0;0;0;0;0;3978;0;0;0;0;0;0;
39793;3387884;555057152;51077120;507879424;0;0;0;0;0;0;0;0;0;0;0;3347;0;0;0;0;0;0;
39794;4844906;555057152;51077120;507879424;0;0;0;0;0;0;0;0;0;0;0;3607;0;0;0;0;0;0;
39795;3282667;555057152;51077120;507879424;0;0;0;0;0;0;0;0;0;0;0;3286;0;0;0;0;0;0;
39796;4792628;555057152;51077120;507879424;0;0;0;0;0;0;0;0;0;0;0;3166;0;0;0;0;0;0;
39797;3299959;555057152;51077120;507879424;0;0;0;0;0;0;0;0;0;0;0;3466;0;0;0;0;0;0;
39798;4848784;555057152;51077120;507879424;0;0;0;0;0;0;0;0;0;0;0;3216;0;0;0;0;0;0;
39799;3289028;555057152;51077120;507879424;0;0;0;0;0;0;0;0;0;0;0;3116;0;0;0;0;0;0;
39800;4813186;555057152;51077120;507879424;0;0;0;0;0;0;0;0;0;0;0;3437;0;0;0;0;0;0;
39801;3293527;555057152;51077120;507879424;0;0;0;0;0;0;0;0;0;0;0;3366;0;0;0;0;0;0;
39802;4810051;555057152;51077120;507879424;0;0;0;0;0;0;0;0;0;0;0;3015;0;0;0;0;0;0;
39803;3401599;555057152;51077120;507879424;0;0;0;0;0;0;0;0;0;0;0;3436;0;0;0;0;0;0;
39804;4798649;555057152;51077120;507879424;0;0;0;0;0;0;0;0;0;0;0;4368;0;0;0;0;0;0;
39805;3326789;555057152;51077120;507879424;0;0;0;0;0;0;0;0;0;0;0;3156;0;0;0;0;0;0;
39806;4767270;555057152;51077120;507879424;0;0;0;0;0;0;0;0;0;0;0;3066;0;0;0;0;0;0;
39807;3324645;555057152;51077120;507879424;0;0;0;0;0;0;0;0;0;0;0;3577;0;0;0;0;0;0;
39808;4782840;555057152;51077120;507879424;0;0;0;0;0;0;0;0;0;0;0;3085;0;0;0;0;0;0;
39809;3286834;555057152;51077120;507879424;0;0;0;0;0;0;0;0;0;0;0;3236;0;0;0;0;0;0;
39810;4771809;555057152;51077120;507879424;0;0;0;0;0;0;0;0;0;0;0;2925;0;0;0;0;0;0;
39811;3331007;555057152;51077120;507879424;0;0;0;0;0;0;0;0;0;0;0;3226;0;0;0;0;0;0;
39812;4834076;555057152;51077120;507879424;0;0;0;0;0;0;0;0;0;0;0;3116;0;0;0;0;0;0;
39813;3342859;555057152;51077120;507879424;0;0;0;0;0;0;0;0;0;0;0;3908;0;0;0;0;0;0;
39814;4780395;555057152;51077120;507879424;0;0;0;0;0;0;0;0;0;0;0;3356;0;0;0;0;0;0;
39815;3213366;555057152;51077120;507879424;0;0;0;0;0;0;0;0;0;0;0;3146;0;0;0;0;0;0;
39816;4812495;555057152;51077120;507879424;0;0;0;0;0;0;0;0;0;0;0;3206;0;0;0;0;0;0;
39817;3817088;555057152;51077120;507879424;0;0;0;0;0;0;0;0;0;0;0;3346;0;0;0;0;0;0;
39818;4802486;555057152;51077120;507879424;0;0;0;0;0;0;0;0;0;0;0;3397;0;0;0;0;0;0;
39819;3281184;555057152;51077120;507879424;0;0;0;0;0;0;0;0;0;0;0;3417;0;0;0;0;0;0;
39820;4769314;555057152;51077120;507879424;0;0;0;0;0;0;0;0;0;0;0;2836;0;0;0;0;0;0;
39821;3356535;555057152;51077120;507879424;0;0;0;0;0;0;0;0;0;0;0;3156;0;0;0;0;0;0;
39822;4854955;555057152;51077120;507879424;0;0;0;0;0;0;0;0;0;0;0;3256;0;0;0;0;0;0;
39823;3381411;555057152;51077120;507879424;0;0;0;0;0;0;0;0;0;0;0;3266;0;0;0;0;0;0;
39824;4791796;555057152;51077120;507879424;0;0;0;0;0;0;0;0;0;0;0;2946;0;0;0;0;0;0;
39825;3242842;555057152;51077120;507879424;0;0;0;0;0;0;0;0;0;0;0;3296;0;0;0;0;0;0;
39826;4877267;555057152;51077120;507879424;0;0;0;0;0;0;0;0;0;0;0;3457;0;0;0;0;0;0;
39827;3246969;555057152;51077120;507879424;0;0;0;0;0;0;0;0;0;0;0;3397;0;0;0;0;0;0;
39828;4829327;555057152;51077120;507879424;0;0;0;0;0;0;0;0;0;0;0;3136;0;0;0;0;0;0;
39829;3313173;555057152;51077120;507879424;0;0;0;0;0;0;0;0;0;0;0;4158;0;0;0;0;0;0;
39830;4893447;555057152;51077120;507879424;0;0;0;0;0;0;0;0;0;0;0;3317;0;0;0;0;0;0;
39831;3271916;555057152;51077120;507879424;0;0;0;0;0;0;0;0;0;0;0;3617;0;0;0;0;0;0;
39832;4755398;555057152;51077120;507879424;0;0;0;0;0;0;0;0;0;0;0;3336;0;0;0;0;0;0;
39833;3623205;555057152;51077120;507879424;0;0;0;0;0;0;0;0;0;0;0;3476;0;0;0;0;0;0;
39834;4962867;555057152;51077120;507879424;0;0;0;0;0;0;0;0;0;0;0;3516;0;0;0;0;0;0;
39835;3367535;555057152;51077120;507879424;0;0;0;0;0;0;0;0;0;0;0;3176;0;0;0;0;0;0;
39836;4780645;555057152;51077120;507879424;0;0;0;0;0;0;0;0;0;0;0;2986;0;0;0;0;0;0;
39837;3264543;555057152;51077120;507879424;0;0;0;0;0;0;0;0;0;0;0;3307;0;0;0;0;0;0;
39838;4912573;555057152;51077120;507879424;0;0;0;0;0;0;0;0;0;0;0;3105;0;0;0;0;0;0;
39839;3307252;555057152;51085312;507887616;0;0;0;0;0;0;0;0;0;0;0;3086;0;0;0;0;0;0;
39840;4785534;555057152;51085312;507887616;0;0;0;0;0;0;0;0;0;0;0;2926;0;0;0;0;0;0;
39841;3316209;555057152;51085312;507887616;0;0;0;0;0;0;0;0;0;0;0;3266;0;0;0;0;0;0;
39842;4840638;555057152;51085312;507887616;0;0;0;0;0;0;0;0;0;0;0;2865;0;0;0;0;0;0;
39843;3362416;555057152;51085312;507887616;0;0;0;0;0;0;0;0;0;0;0;2895;0;0;0;0;0;0;
39844;5326760;555057152;51085312;507887616;0;0;0;0;0;0;0;0;0;0;0;3075;0;0;0;0;0;0;
39845;3673530;555098112;51077120;507879424;0;0;0;0;0;0;0;0;0;0;0;3216;0;0;0;0;0;0;
39846;4807386;555098112;51077120;507879424;0;0;0;0;0;0;0;0;0;0;0;2995;0;0;0;0;0;0;
39847;3387883;555098112;51077120;507879424;0;0;0;0;0;0;0;0;0;0;0;3246;0;0;0;0;0;0;
39848;4752102;555098112;51077120;507879424;0;0;0;0;0;0;0;0;0;0;0;3306;0;0;0;0;0;0;
39849;3373046;555098112;51077120;507879424;0;0;0;0;0;0;0;0;0;0;0;3998;0;0;0;0;0;0;
39850;4784082;555098112;51077120;507879424;0;0;0;0;0;0;0;0;0;0;0;3146;0;0;0;0;0;0;
39851;3515714;555098112;51077120;507879424;0;0;0;0;0;0;0;0;0;0;0;3186;0;0;0;0;0;0;
39852;4782820;555098112;51077120;507879424;0;0;0;0;0;0;0;0;0;0;0;3236;0;0;0;0;0;0;
39853;3354180;555098112;51077120;507879424;0;0;0;0;0;0;0;0;0;0;0;3206;0;0;0;0;0;0;
39854;4741171;555098112;51077120;507879424;0;0;0;0;0;0;0;0;0;0;0;3095;0;0;0;0;0;0;
39855;3250105;555098112;51077120;507879424;0;0;0;0;0;0;0;0;0;0;0;3065;0;0;0;0;0;0;
39856;4802677;555098112;51077120;507879424;0;0;0;0;0;0;0;0;0;0;0;3006;0;0;0;0;0;0;
39857;3327631;555098112;51077120;507879424;0;0;0;0;0;0;0;0;0;0;0;3467;0;0;0;0;0;0;
39858;4815170;555098112;51077120;507879424;0;0;0;0;0;0;0;0;0;0;0;3587;0;0;0;0;0;0;
39859;3330847;555098112;51077120;507879424;0;0;0;0;0;0;0;0;0;0;0;3536;0;0;0;0;0;0;
39860;4798859;555098112;51077120;507879424;0;0;0;0;0;0;0;0;0;0;0;2915;0;0;0;0;0;0;
39861;3417249;555098112;51077120;507879424;0;0;0;0;0;0;0;0;0;0;0;3166;0;0;0;0;0;0;
39862;4851949;555098112;51077120;507879424;0;0;0;0;0;0;0;0;0;0;0;3216;0;0;0;0;0;0;
39863;3306731;555098112;51077120;507879424;0;0;0;0;0;0;0;0;0;0;0;3507;0;0;0;0;0;0;
39864;4802897;555098112;51077120;507879424;0;0;0;0;0;0;0;0;0;0;0;2906;0;0;0;0;0;0;
39865;3471981;555098112;51077120;507879424;0;0;0;0;0;0;0;0;0;0;0;3106;0;0;0;0;0;0;
39866;4780204;555098112;51077120;507879424;0;0;0;0;0;0;0;0;0;0;0;2696;0;0;0;0;0;0;
39867;3530921;555098112;51077120;507879424;0;0;0;0;0;0;0;0;0;0;0;2936;0;0;0;0;0;0;
39868;4780896;555098112;51077120;507879424;0;0;0;0;0;0;0;0;0;0;0;3226;0;0;0;0;0;0;
39869;3298136;555098112;51077120;507879424;0;0;0;0;0;0;0;0;0;0;0;3226;0;0;0;0;0;0;
39870;4757482;555098112;51077120;507879424;0;0;0;0;0;0;0;0;0;0;0;2956;0;0;0;0;0;0;
39871;3291373;555098112;51077120;507879424;0;0;0;0;0;0;0;0;0;0;0;3277;0;0;0;0;0;0;
39872;4817124;555098112;51077120;507879424;0;0;0;0;0;0;0;0;0;0;0;3246;0;0;0;0;0;0;
39873;3284831;555098112;51077120;507879424;0;0;0;0;0;0;0;0;0;0;0;3035;0;0;0;0;0;0;
39874;4893066;555098112;51077120;507879424;0;0;0;0;0;0;0;0;0;0;0;3737;0;0;0;0;0;0;
39875;3681134;555098112;51077120;507879424;0;0;0;0;0;0;0;0;0;0;0;5120;0;0;0;0;0;0;
39876;4878238;555098112;51077120;507879424;0;0;0;0;0;0;0;0;0;0;0;3026;0;0;0;0;0;0;
39877;3354812;555098112;51077120;507879424;0;0;0;0;0;0;0;0;0;0;0;3787;0;0;0;0;0;0;
39878;4826050;555098112;51077120;507879424;0;0;0;0;0;0;0;0;0;0;0;3697;0;0;0;0;0;0;
39879;3264001;555098112;51077120;507879424;0;0;0;0;0;0;0;0;0;0;0;3226;0;0;0;0;0;0;
39880;4829036;555098112;51077120;507879424;0;0;0;0;0;0;0;0;0;0;0;3036;0;0;0;0;0;0;
39881;3302653;555098112;51077120;507879424;0;0;0;0;0;0;0;0;0;0;0;3196;0;0;0;0;0;0;
39882;4732405;555098112;51077120;507879424;0;0;0;0;0;0;0;0;0;0;0;3457;0;0;0;0;0;0;
39883;3264402;555098112;51077120;507879424;0;0;0;0;0;0;0;0;0;0;0;3456;0;0;0;0;0;0;
39884;4826762;555098112;51077120;507879424;0;0;0;0;0;0;0;0;0;0;0;3166;0;0;0;0;0;0;
39885;3312782;555098112;51077120;507879424;0;0;0;0;0;0;0;0;0;0;0;3287;0;0;0;0;0;0;
39886;4856267;555098112;51077120;507879424;0;0;0;0;0;0;0;0;0;0;0;3636;0;0;0;0;0;0;
39887;3288558;555098112;51077120;507879424;0;0;0;0;0;0;0;0;0;0;0;2926;0;0;0;0;0;0;
39888;4805612;555098112;51077120;507879424;0;0;0;0;0;0;0;0;0;0;0;3146;0;0;0;0;0;0;
39889;3365942;555098112;51077120;507879424;0;0;0;0;0;0;0;0;0;0;0;2896;0;0;0;0;0;0;
39890;4798790;555098112;51077120;507879424;0;0;0;0;0;0;0;0;0;0;0;2885;0;0;0;0;0;0;
39891;3382814;555098112;51077120;507879424;0;0;0;0;0;0;0;0;0;0;0;3216;0;0;0;0;0;0;
39892;4828115;555098112;51077120;507879424;0;0;0;0;0;0;0;0;0;0;0;2835;0;0;0;0;0;0;
39893;3407891;555098112;51077120;507879424;0;0;0;0;0;0;0;0;0;0;0;3216;0;0;0;0;0;0;
39894;4833224;555098112;51077120;507879424;0;0;0;0;0;0;0;0;0;0;0;3457;0;0;0;0;0;0;
39895;3321018;555098112;51077120;507879424;0;0;0;0;0;0;0;0;0;0;0;3186;0;0;0;0;0;0;
39896;4813046;555098112;51077120;507879424;0;0;0;0;0;0;0;0;0;0;0;3036;0;0;0;0;0;0;
39897;3460971;555098112;51077120;507879424;0;0;0;0;0;0;0;0;0;0;0;3226;0;0;0;0;0;0;
39898;4792268;555098112;51077120;507879424;0;0;0;0;0;0;0;0;0;0;0;2785;0;0;0;0;0;0;
39899;3330266;555098112;51077120;507879424;0;0;0;0;0;0;0;0;0;0;0;3586;0;0;0;0;0;0;
39900;4733006;555098112;51077120;507879424;0;0;0;0;0;0;0;0;0;0;0;3216;0;0;0;0;0;0;
39901;3292444;555098112;51077120;507879424;0;0;0;0;0;0;0;0;0;0;0;3095;0;0;0;0;0;0;
39902;4776357;555098112;51077120;507879424;0;0;0;0;0;0;0;0;0;0;0;3647;0;0;0;0;0;0;
39903;3307794;555098112;51077120;507879424;0;0;0;0;0;0;0;0;0;0;0;2956;0;0;0;0;0;0;
39904;4835879;555098112;51077120;507879424;0;0;0;0;0;0;0;0;0;0;0;2705;0;0;0;0;0;0;
39905;3355583;555098112;51077120;507879424;0;0;0;0;0;0;0;0;0;0;0;3296;0;0;0;0;0;0;
39906;4801164;555098112;51077120;507879424;0;0;0;0;0;0;0;0;0;0;0;2725;0;0;0;0;0;0;
39907;3382062;555098112;51077120;507879424;0;0;0;0;0;0;0;0;0;0;0;3176;0;0;0;0;0;0;
39908;4924956;555098112;51077120;507879424;0;0;0;0;0;0;0;0;0;0;0;3226;0;0;0;0;0;0;
39909;3445702;555098112;51077120;507879424;0;0;0;0;0;0;0;0;0;0;0;3176;0;0;0;0;0;0;
39910;4828586;555098112;51077120;507879424;0;0;0;0;0;0;0;0;0;0;0;2996;0;0;0;0;0;0;
39911;3342338;555098112;51077120;507879424;0;0;0;0;0;0;0;0;0;0;0;3266;0;0;0;0;0;0;
39912;4769625;555098112;51077120;507879424;0;0;0;0;0;0;0;0;0;0;0;3056;0;0;0;0;0;0;
39913;3300019;555098112;51077120;507879424;0;0;0;0;0;0;0;0;0;0;0;3297;0;0;0;0;0;0;
39914;4757442;555098112;51077120;507879424;0;0;0;0;0;0;0;0;0;0;0;3126;0;0;0;0;0;0;
39915;3278058;555098112;51077120;507879424;0;0;0;0;0;0;0;0;0;0;0;3537;0;0;0;0;0;0;
39916;4750439;555098112;51077120;507879424;0;0;0;0;0;0;0;0;0;0;0;3015;0;0;0;0;0;0;
39917;3265654;555098112;51077120;507879424;0;0;0;0;0;0;0;0;0;0;0;3267;0;0;0;0;0;0;
39918;4775987;555098112;51077120;507879424;0;0;0;0;0;0;0;0;0;0;0;3096;0;0;0;0;0;0;
39919;3599040;555098112;51077120;507879424;0;0;0;0;0;0;0;0;0;0;0;3276;0;0;0;0;0;0;
39920;4820601;555098112;51077120;507879424;0;0;0;0;0;0;0;0;0;0;0;2925;0;0;0;0;0;0;
39921;3311771;555098112;51077120;507879424;0;0;0;0;0;0;0;0;0;0;0;2805;0;0;0;0;0;0;
39922;4706887;555098112;51077120;507879424;0;0;0;0;0;0;0;0;0;0;0;3006;0;0;0;0;0;0;
39923;3329604;555098112;51077120;507879424;0;0;0;0;0;0;0;0;0;0;0;3346;0;0;0;0;0;0;
39924;4726173;555098112;51077120;507879424;0;0;0;0;0;0;0;0;0;0;0;2795;0;0;0;0;0;0;
39925;3527065;555098112;51077120;507879424;0;0;0;0;0;0;0;0;0;0;0;3246;0;0;0;0;0;0;
39926;4761970;555098112;51077120;507879424;0;0;0;0;0;0;0;0;0;0;0;2986;0;0;0;0;0;0;
39927;3347047;555098112;51077120;507879424;0;0;0;0;0;0;0;0;0;0;0;3296;0;0;0;0;0;0;
39928;4755449;555098112;51077120;507879424;0;0;0;0;0;0;0;0;0;0;0;3466;0;0;0;0;0;0;
39929;3392171;555098112;51077120;507879424;0;0;0;0;0;0;0;0;0;0;0;3496;0;0;0;0;0;0;
39930;4795162;555098112;51077120;507879424;0;0;0;0;0;0;0;0;0;0;0;3366;0;0;0;0;0;0;
39931;3778256;555098112;51077120;507879424;0;0;0;0;0;0;0;0;0;0;0;3577;0;0;0;0;0;0;
39932;4806143;555098112;51077120;507879424;0;0;0;0;0;0;0;0;0;0;0;3125;0;0;0;0;0;0;
39933;3419713;555098112;51077120;507879424;0;0;0;0;0;0;0;0;0;0;0;3366;0;0;0;0;0;0;
39934;4806033;555098112;51077120;507879424;0;0;0;0;0;0;0;0;0;0;0;2865;0;0;0;0;0;0;
39935;3357727;555098112;51077120;507879424;0;0;0;0;0;0;0;0;0;0;0;2965;0;0;0;0;0;0;
39936;4752483;555098112;51077120;507879424;0;0;0;0;0;0;0;0;0;0;0;2996;0;0;0;0;0;0;
39937;3328482;555098112;51077120;507879424;0;0;0;0;0;0;0;0;0;0;0;2835;0;0;0;0;0;0;
39938;4847101;555098112;51077120;507879424;0;0;0;0;0;0;0;0;0;0;0;2795;0;0;0;0;0;0;
39939;3359811;555098112;51077120;507879424;0;0;0;0;0;0;0;0;0;0;0;3156;0;0;0;0;0;0;
39940;4754266;555098112;51077120;507879424;0;0;0;0;0;0;0;0;0;0;0;3166;0;0;0;0;0;0;
39941;3504944;555098112;51077120;507879424;0;0;0;0;0;0;0;0;0;0;0;3377;0;0;0;0;0;0;
39942;4853011;555098112;51077120;507879424;0;0;0;0;0;0;0;0;0;0;0;3406;0;0;0;0;0;0;
39943;3420124;555098112;51077120;507879424;0;0;0;0;0;0;0;0;0;0;0;3587;0;0;0;0;0;0;
39944;4799581;555098112;51077120;507879424;0;0;0;0;0;0;0;0;0;0;0;3637;0;0;0;0;0;0;
39945;3274931;555098112;51077120;507879424;0;0;0;0;0;0;0;0;0;0;0;3126;0;0;0;0;0;0;
39946;4784263;555098112;51077120;507879424;0;0;0;0;0;0;0;0;0;0;0;3116;0;0;0;0;0;0;
39947;3275332;555098112;51077120;507879424;0;0;0;0;0;0;0;0;0;0;0;2945;0;0;0;0;0;0;
39948;4752042;555098112;51077120;507879424;0;0;0;0;0;0;0;0;0;0;0;3236;0;0;0;0;0;0;
39949;3323874;555098112;51077120;507879424;0;0;0;0;0;0;0;0;0;0;0;3116;0;0;0;0;0;0;
39950;4794482;555098112;51077120;507879424;0;0;0;0;0;0;0;0;0;0;0;2846;0;0;0;0;0;0;
39951;3243132;555098112;51077120;507879424;0;0;0;0;0;0;0;0;0;0;0;3216;0;0;0;0;0;0;
39952;4796686;555098112;51077120;507879424;0;0;0;0;0;0;0;0;0;0;0;2896;0;0;0;0;0;0;
39953;3405807;555098112;51077120;507879424;0;0;0;0;0;0;0;0;0;0;0;3196;0;0;0;0;0;0;
39954;4852510;555098112;51077120;507879424;0;0;0;0;0;0;0;0;0;0;0;3076;0;0;0;0;0;0;
39955;3433269;555098112;51077120;507879424;0;0;0;0;0;0;0;0;0;0;0;3526;0;0;0;0;0;0;
39956;4757573;555098112;51077120;507879424;0;0;0;0;0;0;0;0;0;0;0;3056;0;0;0;0;0;0;
39957;3351706;555098112;51077120;507879424;0;0;0;0;0;0;0;0;0;0;0;3597;0;0;0;0;0;0;
39958;4760528;555098112;51077120;507879424;0;0;0;0;0;0;0;0;0;0;0;3446;0;0;0;0;0;0;
39959;3304778;555098112;51077120;507879424;0;0;0;0;0;0;0;0;0;0;0;3176;0;0;0;0;0;0;
39960;4937449;555098112;51077120;507879424;0;0;0;0;0;0;0;0;0;0;0;3186;0;0;0;0;0;0;
39961;3283849;555098112;51085312;507887616;0;0;0;0;0;0;0;0;0;0;0;3297;0;0;0;0;0;0;
39962;4803459;555098112;51085312;507887616;0;0;0;0;0;0;0;0;0;0;0;3256;0;0;0;0;0;0;
39963;3259343;555098112;51085312;507887616;0;0;0;0;0;0;0;0;0;0;0;3296;0;0;0;0;0;0;
39964;4797657;555098112;51085312;507887616;0;0;0;0;0;0;0;0;0;0;0;3517;0;0;0;0;0;0;
39965;3267578;555098112;51085312;507887616;0;0;0;0;0;0;0;0;0;0;0;3086;0;0;0;0;0;0;
39966;4789853;555098112;51085312;507887616;0;0;0;0;0;0;0;0;0;0;0;2705;0;0;0;0;0;0;
39967;3389908;555114496;51077120;507879424;0;0;0;0;0;0;0;0;0;0;0;3126;0;0;0;0;0;0;
39968;4909066;555114496;51077120;507879424;0;0;0;0;0;0;0;0;0;0;0;2896;0;0;0;0;0;0;
39969;3337228;555114496;51077120;507879424;0;0;0;0;0;0;0;0;0;0;0;3497;0;0;0;0;0;0;
39970;4853473;555114496;51077120;507879424;0;0;0;0;0;0;0;0;0;0;0;2915;0;0;0;0;0;0;
39971;3476871;555114496;51077120;507879424;0;0;0;0;0;0;0;0;0;0;0;3667;0;0;0;0;0;0;
39972;4779323;555114496;51077120;507879424;0;0;0;0;0;0;0;0;0;0;0;3427;0;0;0;0;0;0;
39973;3296803;555114496;51077120;507879424;0;0;0;0;0;0;0;0;0;0;0;3888;0;0;0;0;0;0;
39974;4868140;555114496;51077120;507879424;0;0;0;0;0;0;0;0;0;0;0;2966;0;0;0;0;0;0;
39975;3324985;555114496;51077120;507879424;0;0;0;0;0;0;0;0;0;0;0;3346;0;0;0;0;0;0;
39976;4812125;555114496;51077120;507879424;0;0;0;0;0;0;0;0;0;0;0;3336;0;0;0;0;0;0;
39977;3420044;555114496;51077120;507879424;0;0;0;0;0;0;0;0;0;0;0;3667;0;0;0;0;0;0;
39978;4833515;555114496;51077120;507879424;0;0;0;0;0;0;0;0;0;0;0;3566;0;0;0;0;0;0;
39979;3344022;555114496;51077120;507879424;0;0;0;0;0;0;0;0;0;0;0;3386;0;0;0;0;0;0;
39980;4778291;555114496;51077120;507879424;0;0;0;0;0;0;0;0;0;0;0;3226;0;0;0;0;0;0;
39981;3270043;555114496;51077120;507879424;0;0;0;0;0;0;0;0;0;0;0;3787;0;0;0;0;0;0;
39982;4924906;555114496;51077120;507879424;0;0;0;0;0;0;0;0;0;0;0;3656;0;0;0;0;0;0;
39983;3300250;555114496;51077120;507879424;0;0;0;0;0;0;0;0;0;0;0;3887;0;0;0;0;0;0;
39984;4817976;555114496;51077120;507879424;0;0;0;0;0;0;0;0;0;0;0;3437;0;0;0;0;0;0;
39985;3331959;555114496;51077120;507879424;0;0;0;0;0;0;0;0;0;0;0;3687;0;0;0;0;0;0;
39986;4817625;555114496;51077120;507879424;0;0;0;0;0;0;0;0;0;0;0;3116;0;0;0;0;0;0;
39987;3368437;555114496;51077120;507879424;0;0;0;0;0;0;0;0;0;0;0;3427;0;0;0;0;0;0;
39988;4817394;555114496;51077120;507879424;0;0;0;0;0;0;0;0;0;0;0;3386;0;0;0;0;0;0;
39989;3239665;555114496;51077120;507879424;0;0;0;0;0;0;0;0;0;0;0;3917;0;0;0;0;0;0;
39990;4778752;555114496;51077120;507879424;0;0;0;0;0;0;0;0;0;0;0;2815;0;0;0;0;0;0;
39991;3273098;555114496;51077120;507879424;0;0;0;0;0;0;0;0;0;0;0;3437;0;0;0;0;0;0;
39992;4753735;555114496;51077120;507879424;0;0;0;0;0;0;0;0;0;0;0;2965;0;0;0;0;0;0;
39993;3649333;555114496;51077120;507879424;0;0;0;0;0;0;0;0;0;0;0;4017;0;0;0;0;0;0;
39994;4763834;555114496;51077120;507879424;0;0;0;0;0;0;0;0;0;0;0;3387;0;0;0;0;0;0;
39995;3387442;555114496;51077120;507879424;0;0;0;0;0;0;0;0;0;0;0;3046;0;0;0;0;0;0;
39996;4813798;555114496;51077120;507879424;0;0;0;0;0;0;0;0;0;0;0;3166;0;0;0;0;0;0;
39997;3331598;555114496;51077120;507879424;0;0;0;0;0;0;0;0;0;0;0;3737;0;0;0;0;0;0;
39998;4764636;555114496;51077120;507879424;0;0;0;0;0;0;0;0;0;0;0;2976;0;0;0;0;0;0;
39999;3551190;555114496;51077120;507879424;0;0;0;0;0;0;0;0;0;0;0;2856;0;0;0;0;0;0;
40000;4773562;555114496;51077120;507879424;0;0;0;0;0;0;0;0;0;0;0;2986;0;0;0;0;0;0;
40001;3542122;555114496;51077120;507879424;0;0;0;0;0;0;0;0;0;0;0;3226;0;0;0;0;0;0;
40002;4768052;555114496;51077120;507879424;0;0;0;0;0;0;0;0;0;0;0;3176;0;0;0;0;0;0;
40003;3402150;555114496;51077120;507879424;0;0;0;0;0;0;0;0;0;0;0;3236;0;0;0;0;0;0;
40004;4818356;555114496;51077120;507879424;0;0;0;0;0;0;0;0;0;0;0;3066;0;0;0;0;0;0;
40005;3368497;555114496;51077120;507879424;0;0;0;0;0;0;0;0;0;0;0;4078;0;0;0;0;0;0;
40006;4770987;555114496;51077120;507879424;0;0;0;0;0;0;0;0;0;0;0;3527;0;0;0;0;0;0;
40007;3282936;555114496;51077120;507879424;0;0;0;0;0;0;0;0;0;0;0;3967;0;0;0;0;0;0;
40008;4776027;555114496;51077120;507879424;0;0;0;0;0;0;0;0;0;0;0;3867;0;0;0;0;0;0;
40009;3316260;555114496;51077120;507879424;0;0;0;0;0;0;0;0;0;0;0;3376;0;0;0;0;0;0;
40010;4800312;555114496;51077120;507879424;0;0;0;0;0;0;0;0;0;0;0;3727;0;0;0;0;0;0;
40011;3326669;555114496;51077120;507879424;0;0;0;0;0;0;0;0;0;0;0;3827;0;0;0;0;0;0;
40012;4784072;555114496;51077120;507879424;0;0;0;0;0;0;0;0;0;0;0;3456;0;0;0;0;0;0;
40013;3298055;555114496;51077120;507879424;0;0;0;0;0;0;0;0;0;0;0;3226;0;0;0;0;0;0;
40014;4726094;555114496;51077120;507879424;0;0;0;0;0;0;0;0;0;0;0;2876;0;0;0;0;0;0;
40015;3383936;555114496;51077120;507879424;0;0;0;0;0;0;0;0;0;0;0;3487;0;0;0;0;0;0;
40016;4829127;555114496;51077120;507879424;0;0;0;0;0;0;0;0;0;0;0;3426;0;0;0;0;0;0;
40017;3281204;555114496;51077120;507879424;0;0;0;0;0;0;0;0;0;0;0;3527;0;0;0;0;0;0;
40018;4779623;555114496;51077120;507879424;0;0;0;0;0;0;0;0;0;0;0;3466;0;0;0;0;0;0;
40019;3323864;555114496;51077120;507879424;0;0;0;0;0;0;0;0;0;0;0;3526;0;0;0;0;0;0;
40020;4821442;555114496;51077120;507879424;0;0;0;0;0;0;0;0;0;0;0;3406;0;0;0;0;0;0;
40021;3308104;555114496;51077120;507879424;0;0;0;0;0;0;0;0;0;0;0;3456;0;0;0;0;0;0;
40022;4758364;555114496;51077120;507879424;0;0;0;0;0;0;0;0;0;0;0;3426;0;0;0;0;0;0;
40023;3313604;555114496;51077120;507879424;0;0;0;0;0;0;0;0;0;0;0;3777;0;0;0;0;0;0;
40024;10926071;555114496;51077120;507879424;0;0;0;0;0;0;0;0;0;0;0;3437;0;0;0;0;0;0;
40025;4483548;555114496;51077120;507879424;0;0;0;0;0;0;0;0;0;0;0;5119;0;0;0;0;0;0;
40026;5136062;555114496;51077120;507879424;0;0;0;0;0;0;0;0;0;0;0;3767;0;0;0;0;0;0;
40027;3300189;555114496;51077120;507879424;0;0;0;0;0;0;0;0;0;0;0;3696;0;0;0;0;0;0;
40028;4816182;555114496;51077120;507879424;0;0;0;0;0;0;0;0;0;0;0;3356;0;0;0;0;0;0;
40029;3355072;555114496;51077120;507879424;0;0;0;0;0;0;0;0;0;0;0;3707;0;0;0;0;0;0;
40030;4815962;555114496;51077120;507879424;0;0;0;0;0;0;0;0;0;0;0;3447;0;0;0;0;0;0;
40031;3372345;555114496;51077120;507879424;0;0;0;0;0;0;0;0;0;0;0;3627;0;0;0;0;0;0;
40032;4871496;555114496;51077120;507879424;0;0;0;0;0;0;0;0;0;0;0;3566;0;0;0;0;0;0;
40033;3397402;555114496;51077120;507879424;0;0;0;0;0;0;0;0;0;0;0;3257;0;0;0;0;0;0;
40034;4858752;555114496;51077120;507879424;0;0;0;0;0;0;0;0;0;0;0;2985;0;0;0;0;0;0;
40035;3350243;555114496;51077120;507879424;0;0;0;0;0;0;0;0;0;0;0;3697;0;0;0;0;0;0;
40036;4792708;555114496;51077120;507879424;0;0;0;0;0;0;0;0;0;0;0;3376;0;0;0;0;0;0;
40037;3365011;555114496;51077120;507879424;0;0;0;0;0;0;0;0;0;0;0;3387;0;0;0;0;0;0;
40038;4771980;555114496;51077120;507879424;0;0;0;0;0;0;0;0;0;0;0;3326;0;0;0;0;0;0;
40039;3304697;555114496;51077120;507879424;0;0;0;0;0;0;0;0;0;0;0;3296;0;0;0;0;0;0;
40040;4783852;555114496;51077120;507879424;0;0;0;0;0;0;0;0;0;0;0;3507;0;0;0;0;0;0;
40041;3325697;555114496;51077120;507879424;0;0;0;0;0;0;0;0;0;0;0;3487;0;0;0;0;0;0;
40042;4784633;555114496;51077120;507879424;0;0;0;0;0;0;0;0;0;0;0;3166;0;0;0;0;0;0;
40043;3326839;555114496;51077120;507879424;0;0;0;0;0;0;0;0;0;0;0;3657;0;0;0;0;0;0;
40044;4843483;555114496;51077120;507879424;0;0;0;0;0;0;0;0;0;0;0;3346;0;0;0;0;0;0;
40045;3439530;555114496;51077120;507879424;0;0;0;0;0;0;0;0;0;0;0;3015;0;0;0;0;0;0;
40046;4826472;555114496;51077120;507879424;0;0;0;0;0;0;0;0;0;0;0;2845;0;0;0;0;0;0;
40047;3331478;555114496;51077120;507879424;0;0;0;0;0;0;0;0;0;0;0;2986;0;0;0;0;0;0;
40048;4833224;555114496;51077120;507879424;0;0;0;0;0;0;0;0;0;0;0;2795;0;0;0;0;0;0;
40049;3372434;555114496;51077120;507879424;0;0;0;0;0;0;0;0;0;0;0;3296;0;0;0;0;0;0;
40050;4840067;555114496;51077120;507879424;0;0;0;0;0;0;0;0;0;0;0;3085;0;0;0;0;0;0;
40051;3705950;555114496;51077120;507879424;0;0;0;0;0;0;0;0;0;0;0;3096;0;0;0;0;0;0;
40052;4759515;555114496;51077120;507879424;0;0;0;0;0;0;0;0;0;0;0;3166;0;0;0;0;0;0;
40053;3548004;555114496;51077120;507879424;0;0;0;0;0;0;0;0;0;0;0;3096;0;0;0;0;0;0;
40054;4776207;555114496;51077120;507879424;0;0;0;0;0;0;0;0;0;0;0;2895;0;0;0;0;0;0;
40055;3451143;555114496;51077120;507879424;0;0;0;0;0;0;0;0;0;0;0;3576;0;0;0;0;0;0;
40056;4853312;555114496;51077120;507879424;0;0;0;0;0;0;0;0;0;0;0;3006;0;0;0;0;0;0;
40057;3449749;555114496;51077120;507879424;0;0;0;0;0;0;0;0;0;0;0;3968;0;0;0;0;0;0;
40058;4814579;555114496;51077120;507879424;0;0;0;0;0;0;0;0;0;0;0;3377;0;0;0;0;0;0;
40059;3452716;555114496;51077120;507879424;0;0;0;0;0;0;0;0;0;0;0;3166;0;0;0;0;0;0;
40060;4809459;555114496;51077120;507879424;0;0;0;0;0;0;0;0;0;0;0;3657;0;0;0;0;0;0;
40061;3368848;555114496;51077120;507879424;0;0;0;0;0;0;0;0;0;0;0;3496;0;0;0;0;0;0;
40062;4757833;555114496;51077120;507879424;0;0;0;0;0;0;0;0;0;0;0;3136;0;0;0;0;0;0;
40063;3391841;555114496;51077120;507879424;0;0;0;0;0;0;0;0;0;0;0;3356;0;0;0;0;0;0;
40064;4783892;555114496;51077120;507879424;0;0;0;0;0;0;0;0;0;0;0;3156;0;0;0;0;0;0;
40065;3408542;555114496;51077120;507879424;0;0;0;0;0;0;0;0;0;0;0;3467;0;0;0;0;0;0;
40066;4818216;555114496;51077120;507879424;0;0;0;0;0;0;0;0;0;0;0;3306;0;0;0;0;0;0;
40067;3657168;555114496;51077120;507879424;0;0;0;0;0;0;0;0;0;0;0;3266;0;0;0;0;0;0;
40068;4705414;555114496;51077120;507879424;0;0;0;0;0;0;0;0;0;0;0;3196;0;0;0;0;0;0;
40069;3394075;555114496;51077120;507879424;0;0;0;0;0;0;0;0;0;0;0;3747;0;0;0;0;0;0;
40070;4738306;555114496;51077120;507879424;0;0;0;0;0;0;0;0;0;0;0;3567;0;0;0;0;0;0;
40071;3380540;555114496;51077120;507879424;0;0;0;0;0;0;0;0;0;0;0;3667;0;0;0;0;0;0;
40072;4739108;555114496;51077120;507879424;0;0;0;0;0;0;0;0;0;0;0;3386;0;0;0;0;0;0;
40073;3507237;555114496;51077120;507879424;0;0;0;0;0;0;0;0;0;0;0;3587;0;0;0;0;0;0;
40074;4807436;555114496;51077120;507879424;0;0;0;0;0;0;0;0;0;0;0;3546;0;0;0;0;0;0;
40075;3327891;555114496;51077120;507879424;0;0;0;0;0;0;0;0;0;0;0;3696;0;0;0;0;0;0;
40076;4808658;555114496;51077120;507879424;0;0;0;0;0;0;0;0;0;0;0;3236;0;0;0;0;0;0;
40077;3420825;555114496;51077120;507879424;0;0;0;0;0;0;0;0;0;0;0;3417;0;0;0;0;0;0;
40078;4859744;555114496;51077120;507879424;0;0;0;0;0;0;0;0;0;0;0;3026;0;0;0;0;0;0;
40079;3702203;555114496;51077120;507879424;0;0;0;0;0;0;0;0;0;0;0;4328;0;0;0;0;0;0;
40080;4957908;555114496;51077120;507879424;0;0;0;0;0;0;0;0;0;0;0;3877;0;0;0;0;0;0;
40081;3442476;555114496;51085312;507887616;0;0;0;0;0;0;0;0;0;0;0;3527;0;0;0;0;0;0;
40082;4805251;555114496;51085312;507887616;0;0;0;0;0;0;0;0;0;0;0;3577;0;0;0;0;0;0;
40083;3342088;555114496;51085312;507887616;0;0;0;0;0;0;0;0;0;0;0;3567;0;0;0;0;0;0;
40084;4771809;555114496;51085312;507887616;0;0;0;0;0;0;0;0;0;0;0;3496;0;0;0;0;0;0;
40085;3330536;555114496;51085312;507887616;0;0;0;0;0;0;0;0;0;0;0;3376;0;0;0;0;0;0;
40086;4768433;555114496;51085312;507887616;0;0;0;0;0;0;0;0;0;0;0;3065;0;0;0;0;0;0;
40087;3325647;555134976;51077120;507879424;0;0;0;0;0;0;0;0;0;0;0;3287;0;0;0;0;0;0;
40088;4834446;555134976;51077120;507879424;0;0;0;0;0;0;0;0;0;0;0;3607;0;0;0;0;0;0;
40089;3354932;555134976;51077120;507879424;0;0;0;0;0;0;0;0;0;0;0;2935;0;0;0;0;0;0;
40090;4809800;555134976;51077120;507879424;0;0;0;0;0;0;0;0;0;0;0;2975;0;0;0;0;0;0;
40091;3477111;555134976;51077120;507879424;0;0;0;0;0;0;0;0;0;0;0;2855;0;0;0;0;0;0;
40092;4810151;555134976;51077120;507879424;0;0;0;0;0;0;0;0;0;0;0;2966;0;0;0;0;0;0;
40093;3418370;555134976;51077120;507879424;0;0;0;0;0;0;0;0;0;0;0;2816;0;0;0;0;0;0;
40094;4806083;555134976;51077120;507879424;0;0;0;0;0;0;0;0;0;0;0;3247;0;0;0;0;0;0;
40095;3378957;555134976;51077120;507879424;0;0;0;0;0;0;0;0;0;0;0;3226;0;0;0;0;0;0;
40096;4779222;555134976;51077120;507879424;0;0;0;0;0;0;0;0;0;0;0;2955;0;0;0;0;0;0;
40097;3276044;555134976;51077120;507879424;0;0;0;0;0;0;0;0;0;0;0;3336;0;0;0;0;0;0;
40098;4830609;555134976;51077120;507879424;0;0;0;0;0;0;0;0;0;0;0;3236;0;0;0;0;0;0;
40099;3333632;555134976;51077120;507879424;0;0;0;0;0;0;0;0;0;0;0;3516;0;0;0;0;0;0;
40100;4797978;555134976;51077120;507879424;0;0;0;0;0;0;0;0;0;0;0;3317;0;0;0;0;0;0;
40101;3336026;555134976;51077120;507879424;0;0;0;0;0;0;0;0;0;0;0;3186;0;0;0;0;0;0;
40102;4833765;555134976;51077120;507879424;0;0;0;0;0;0;0;0;0;0;0;3447;0;0;0;0;0;0;
40103;3357867;555134976;51077120;507879424;0;0;0;0;0;0;0;0;0;0;0;3396;0;0;0;0;0;0;
40104;4810792;555134976;51077120;507879424;0;0;0;0;0;0;0;0;0;0;0;3617;0;0;0;0;0;0;
40105;3311971;555134976;51077120;507879424;0;0;0;0;0;0;0;0;0;0;0;3046;0;0;0;0;0;0;
40106;4825119;555134976;51077120;507879424;0;0;0;0;0;0;0;0;0;0;0;2876;0;0;0;0;0;0;
40107;3470138;555134976;51077120;507879424;0;0;0;0;0;0;0;0;0;0;0;3797;0;0;0;0;0;0;
40108;4848683;555134976;51077120;507879424;0;0;0;0;0;0;0;0;0;0;0;3276;0;0;0;0;0;0;
40109;3401048;555134976;51077120;507879424;0;0;0;0;0;0;0;0;0;0;0;2906;0;0;0;0;0;0;
40110;4908646;555134976;51077120;507879424;0;0;0;0;0;0;0;0;0;0;0;2866;0;0;0;0;0;0;
40111;3474777;555134976;51077120;507879424;0;0;0;0;0;0;0;0;0;0;0;2795;0;0;0;0;0;0;
40112;4811824;555134976;51077120;507879424;0;0;0;0;0;0;0;0;0;0;0;3306;0;0;0;0;0;0;
40113;3385689;555134976;51077120;507879424;0;0;0;0;0;0;0;0;0;0;0;3437;0;0;0;0;0;0;
40114;4781006;555134976;51077120;507879424;0;0;0;0;0;0;0;0;0;0;0;3055;0;0;0;0;0;0;
40115;3333602;555134976;51077120;507879424;0;0;0;0;0;0;0;0;0;0;0;3336;0;0;0;0;0;0;
40116;4891624;555134976;51077120;507879424;0;0;0;0;0;0;0;0;0;0;0;2986;0;0;0;0;0;0;
40117;3285982;555134976;51077120;507879424;0;0;0;0;0;0;0;0;0;0;0;3436;0;0;0;0;0;0;
40118;4810141;555134976;51077120;507879424;0;0;0;0;0;0;0;0;0;0;0;3096;0;0;0;0;0;0;
40119;3361404;555134976;51077120;507879424;0;0;0;0;0;0;0;0;0;0;0;3076;0;0;0;0;0;0;
40120;4764485;555134976;51077120;507879424;0;0;0;0;0;0;0;0;0;0;0;2865;0;0;0;0;0;0;
40121;3365211;555134976;51077120;507879424;0;0;0;0;0;0;0;0;0;0;0;3547;0;0;0;0;0;0;
40122;4841229;555134976;51077120;507879424;0;0;0;0;0;0;0;0;0;0;0;2966;0;0;0;0;0;0;
40123;3374248;555134976;51077120;507879424;0;0;0;0;0;0;0;0;0;0;0;3046;0;0;0;0;0;0;
40124;4789813;555134976;51077120;507879424;0;0;0;0;0;0;0;0;0;0;0;3217;0;0;0;0;0;0;
40125;3300380;555134976;51077120;507879424;0;0;0;0;0;0;0;0;0;0;0;3446;0;0;0;0;0;0;
40126;4780876;555134976;51077120;507879424;0;0;0;0;0;0;0;0;0;0;0;2996;0;0;0;0;0;0;
40127;3326999;555134976;51077120;507879424;0;0;0;0;0;0;0;0;0;0;0;3166;0;0;0;0;0;0;
40128;4804450;555134976;51077120;507879424;0;0;0;0;0;0;0;0;0;0;0;3046;0;0;0;0;0;0;
40129;3258360;555134976;51077120;507879424;0;0;0;0;0;0;0;0;0;0;0;3176;0;0;0;0;0;0;
40130;4843103;555134976;51077120;507879424;0;0;0;0;0;0;0;0;0;0;0;3016;0;0;0;0;0;0;
40131;3243362;555134976;51077120;507879424;0;0;0;0;0;0;0;0;0;0;0;3326;0;0;0;0;0;0;
40132;4812766;555134976;51077120;507879424;0;0;0;0;0;0;0;0;0;0;0;2966;0;0;0;0;0;0;
40133;3341597;555134976;51077120;507879424;0;0;0;0;0;0;0;0;0;0;0;3997;0;0;0;0;0;0;
40134;4836481;555134976;51077120;507879424;0;0;0;0;0;0;0;0;0;0;0;3627;0;0;0;0;0;0;
40135;3343590;555134976;51077120;507879424;0;0;0;0;0;0;0;0;0;0;0;2846;0;0;0;0;0;0;
40136;4804109;555134976;51077120;507879424;0;0;0;0;0;0;0;0;0;0;0;2826;0;0;0;0;0;0;
40137;3305819;555134976;51077120;507879424;0;0;0;0;0;0;0;0;0;0;0;3026;0;0;0;0;0;0;
40138;4744879;555134976;51077120;507879424;0;0;0;0;0;0;0;0;0;0;0;2925;0;0;0;0;0;0;
40139;3340645;555134976;51077120;507879424;0;0;0;0;0;0;0;0;0;0;0;3085;0;0;0;0;0;0;
40140;4779623;555134976;51077120;507879424;0;0;0;0;0;0;0;0;0;0;0;3045;0;0;0;0;0;0;
40141;3592276;555134976;51077120;507879424;0;0;0;0;0;0;0;0;0;0;0;3196;0;0;0;0;0;0;
40142;4743987;555134976;51077120;507879424;0;0;0;0;0;0;0;0;0;0;0;3035;0;0;0;0;0;0;
40143;3282987;555134976;51077120;507879424;0;0;0;0;0;0;0;0;0;0;0;2955;0;0;0;0;0;0;
40144;4741312;555134976;51077120;507879424;0;0;0;0;0;0;0;0;0;0;0;3347;0;0;0;0;0;0;
40145;3229767;555134976;51077120;507879424;0;0;0;0;0;0;0;0;0;0;0;3026;0;0;0;0;0;0;
40146;4738025;555134976;51077120;507879424;0;0;0;0;0;0;0;0;0;0;0;3196;0;0;0;0;0;0;
40147;3439811;555134976;51077120;507879424;0;0;0;0;0;0;0;0;0;0;0;2936;0;0;0;0;0;0;
40148;4909497;555134976;51077120;507879424;0;0;0;0;0;0;0;0;0;0;0;3085;0;0;0;0;0;0;
40149;3314657;555134976;51077120;507879424;0;0;0;0;0;0;0;0;0;0;0;3236;0;0;0;0;0;0;
40150;4808508;555134976;51077120;507879424;0;0;0;0;0;0;0;0;0;0;0;2915;0;0;0;0;0;0;
40151;3329955;555134976;51077120;507879424;0;0;0;0;0;0;0;0;0;0;0;3747;0;0;0;0;0;0;
40152;4868280;555134976;51077120;507879424;0;0;0;0;0;0;0;0;0;0;0;2915;0;0;0;0;0;0;
40153;3174002;555134976;51077120;507879424;0;0;0;0;0;0;0;0;0;0;0;3246;0;0;0;0;0;0;
40154;4751792;555134976;51077120;507879424;0;0;0;0;0;0;0;0;0;0;0;3105;0;0;0;0;0;0;
40155;3215641;555134976;51077120;507879424;0;0;0;0;0;0;0;0;0;0;0;3267;0;0;0;0;0;0;
40156;4765206;555134976;51077120;507879424;0;0;0;0;0;0;0;0;0;0;0;3226;0;0;0;0;0;0;
40157;3329193;555134976;51077120;507879424;0;0;0;0;0;0;0;0;0;0;0;3386;0;0;0;0;0;0;
40158;4799261;555134976;51077120;507879424;0;0;0;0;0;0;0;0;0;0;0;2776;0;0;0;0;0;0;
40159;3226360;555134976;51077120;507879424;0;0;0;0;0;0;0;0;0;0;0;3296;0;0;0;0;0;0;
40160;4771648;555134976;51077120;507879424;0;0;0;0;0;0;0;0;0;0;0;2956;0;0;0;0;0;0;
40161;3234587;555134976;51077120;507879424;0;0;0;0;0;0;0;0;0;0;0;3005;0;0;0;0;0;0;
40162;4740079;555134976;51077120;507879424;0;0;0;0;0;0;0;0;0;0;0;2985;0;0;0;0;0;0;
40163;3166348;555134976;51077120;507879424;0;0;0;0;0;0;0;0;0;0;0;3376;0;0;0;0;0;0;
40164;4776097;555134976;51077120;507879424;0;0;0;0;0;0;0;0;0;0;0;2936;0;0;0;0;0;0;
40165;3140470;555134976;51077120;507879424;0;0;0;0;0;0;0;0;0;0;0;2885;0;0;0;0;0;0;
40166;4760177;555134976;51077120;507879424;0;0;0;0;0;0;0;0;0;0;0;2915;0;0;0;0;0;0;
40167;3139899;555134976;51077120;507879424;0;0;0;0;0;0;0;0;0;0;0;2935;0;0;0;0;0;0;
40168;4785254;555134976;51077120;507879424;0;0;0;0;0;0;0;0;0;0;0;2815;0;0;0;0;0;0;
40169;3086158;555134976;51077120;507879424;0;0;0;0;0;0;0;0;0;0;0;3126;0;0;0;0;0;0;
40170;4729470;555134976;51077120;507879424;0;0;0;0;0;0;0;0;0;0;0;2685;0;0;0;0;0;0;
40171;3095706;555134976;51077120;507879424;0;0;0;0;0;0;0;0;0;0;0;2916;0;0;0;0;0;0;
40172;4821462;555134976;51077120;507879424;0;0;0;0;0;0;0;0;0;0;0;2605;0;0;0;0;0;0;
40173;3048487;555134976;51077120;507879424;0;0;0;0;0;0;0;0;0;0;0;3036;0;0;0;0;0;0;
40174;4763243;555134976;51077120;507879424;0;0;0;0;0;0;0;0;0;0;0;2645;0;0;0;0;0;0;
40175;3534048;555134976;51077120;507879424;0;0;0;0;0;0;0;0;0;0;0;2915;0;0;0;0;0;0;
40176;4695566;555134976;51077120;507879424;0;0;0;0;0;0;0;0;0;0;0;2886;0;0;0;0;0;0;
40177;3194511;555134976;51077120;507879424;0;0;0;0;0;0;0;0;0;0;0;3567;0;0;0;0;0;0;
40178;4677322;555134976;51077120;507879424;0;0;0;0;0;0;0;0;0;0;0;2725;0;0;0;0;0;0;
40179;3185113;555134976;51077120;507879424;0;0;0;0;0;0;0;0;0;0;0;3046;0;0;0;0;0;0;
40180;4746602;555134976;51077120;507879424;0;0;0;0;0;0;0;0;0;0;0;2655;0;0;0;0;0;0;
40181;3113208;555134976;51077120;507879424;0;0;0;0;0;0;0;0;0;0;0;3657;0;0;0;0;0;0;
40182;4779454;555134976;51077120;507879424;0;0;0;0;0;0;0;0;0;0;0;2785;0;0;0;0;0;0;
40183;3035743;555134976;51077120;507879424;0;0;0;0;0;0;0;0;0;0;0;2965;0;0;0;0;0;0;
40184;4749197;555134976;51077120;507879424;0;0;0;0;0;0;0;0;0;0;0;2976;0;0;0;0;0;0;
40185;3141511;555134976;51077120;507879424;0;0;0;0;0;0;0;0;0;0;0;3156;0;0;0;0;0;0;
40186;4757422;555134976;51077120;507879424;0;0;0;0;0;0;0;0;0;0;0;2895;0;0;0;0;0;0;
40187;3060851;555134976;51077120;507879424;0;0;0;0;0;0;0;0;0;0;0;2796;0;0;0;0;0;0;
40188;4770186;555134976;51077120;507879424;0;0;0;0;0;0;0;0;0;0;0;3266;0;0;0;0;0;0;
40189;2986651;555134976;51077120;507879424;0;0;0;0;0;0;0;0;0;0;0;3256;0;0;0;0;0;0;
40190;4696478;555134976;51077120;507879424;0;0;0;0;0;0;0;0;0;0;0;2796;0;0;0;0;0;0;
40191;3050471;555134976;51077120;507879424;0;0;0;0;0;0;0;0;0;0;0;2745;0;0;0;0;0;0;
40192;4747674;555134976;51077120;507879424;0;0;0;0;0;0;0;0;0;0;0;3075;0;0;0;0;0;0;
40193;3022058;555134976;51077120;507879424;0;0;0;0;0;0;0;0;0;0;0;2816;0;0;0;0;0;0;
40194;4674236;555134976;51077120;507879424;0;0;0;0;0;0;0;0;0;0;0;2735;0;0;0;0;0;0;
40195;2971804;555134976;51077120;507879424;0;0;0;0;0;0;0;0;0;0;0;3096;0;0;0;0;0;0;
40196;4661442;555134976;51077120;507879424;0;0;0;0;0;0;0;0;0;0;0;2845;0;0;0;0;0;0;
40197;2983576;555134976;51077120;507879424;0;0;0;0;0;0;0;0;0;0;0;3286;0;0;0;0;0;0;
40198;4703601;555134976;51077120;507879424;0;0;0;0;0;0;0;0;0;0;0;2836;0;0;0;0;0;0;
40199;2876464;555134976;51077120;507879424;0;0;0;0;0;0;0;0;0;0;0;2876;0;0;0;0;0;0;
40200;4712258;555134976;51077120;507879424;0;0;0;0;0;0;0;0;0;0;0;2755;0;0;0;0;0;0;
40201;2926248;555134976;51077120;507879424;0;0;0;0;0;0;0;0;0;0;0;3166;0;0;0;0;0;0;
40202;4680498;555134976;51077120;507879424;0;0;0;0;0;0;0;0;0;0;0;3196;0;0;0;0;0;0;
40203;3452114;555134976;51077120;507879424;0;0;0;0;0;0;0;0;0;0;0;3396;0;0;0;0;0;0;
40204;4830319;555134976;51077120;507879424;0;0;0;0;0;0;0;0;0;0;0;2785;0;0;0;0;0;0;
40205;3012169;555134976;51085312;507887616;0;0;0;0;0;0;0;0;0;0;0;2915;0;0;0;0;0;0;
40206;4714882;555134976;51085312;507887616;0;0;0;0;0;0;0;0;0;0;0;2755;0;0;0;0;0;0;
40207;2932158;555134976;51085312;507887616;0;0;0;0;0;0;0;0;0;0;0;3807;0;0;0;0;0;0;
40208;4720503;555134976;51085312;507887616;0;0;0;0;0;0;0;0;0;0;0;2805;0;0;0;0;0;0;
40209;2932119;555134976;51085312;507887616;0;0;0;0;0;0;0;0;0;0;0;3407;0;0;0;0;0;0;
40210;4669788;555134976;51085312;507887616;0;0;0;0;0;0;0;0;0;0;0;2796;0;0;0;0;0;0;
40211;2997962;555155456;51077120;507879424;0;0;0;0;0;0;0;0;0;0;0;2976;0;0;0;0;0;0;
40212;4627288;555155456;51077120;507879424;0;0;0;0;0;0;0;0;0;0;0;2825;0;0;0;0;0;0;
40213;2858591;555155456;51077120;507879424;0;0;0;0;0;0;0;0;0;0;0;2816;0;0;0;0;0;0;
40214;4689424;555155456;51077120;507879424;0;0;0;0;0;0;0;0;0;0;0;2444;0;0;0;0;0;0;
40215;3089575;555155456;51077120;507879424;0;0;0;0;0;0;0;0;0;0;0;2594;0;0;0;0;0;0;
40216;4576743;555155456;51077120;507879424;0;0;0;0;0;0;0;0;0;0;0;2825;0;0;0;0;0;0;
40217;2872457;555155456;51077120;507879424;0;0;0;0;0;0;0;0;0;0;0;3116;0;0;0;0;0;0;
40218;4611779;555155456;51077120;507879424;0;0;0;0;0;0;0;0;0;0;0;2815;0;0;0;0;0;0;
40219;2838964;555155456;51077120;507879424;0;0;0;0;0;0;0;0;0;0;0;2495;0;0;0;0;0;0;
40220;4616087;555155456;51077120;507879424;0;0;0;0;0;0;0;0;0;0;0;2444;0;0;0;0;0;0;
40221;2923783;555155456;51077120;507879424;0;0;0;0;0;0;0;0;0;0;0;2805;0;0;0;0;0;0;
40222;4620235;555155456;51077120;507879424;0;0;0;0;0;0;0;0;0;0;0;2585;0;0;0;0;0;0;
40223;2808197;555155456;51077120;507879424;0;0;0;0;0;0;0;0;0;0;0;2635;0;0;0;0;0;0;
40224;4598204;555155456;51077120;507879424;0;0;0;0;0;0;0;0;0;0;0;2395;0;0;0;0;0;0;
40225;2779263;555155456;51077120;507879424;0;0;0;0;0;0;0;0;0;0;0;2755;0;0;0;0;0;0;
40226;4672753;555155456;51077120;507879424;0;0;0;0;0;0;0;0;0;0;0;2545;0;0;0;0;0;0;
40227;2768912;555155456;51077120;507879424;0;0;0;0;0;0;0;0;0;0;0;3186;0;0;0;0;0;0;
40228;4637908;555155456;51077120;507879424;0;0;0;0;0;0;0;0;0;0;0;2695;0;0;0;0;0;0;
40229;2810200;555155456;51077120;507879424;0;0;0;0;0;0;0;0;0;0;0;2796;0;0;0;0;0;0;
40230;4663055;555155456;51077120;507879424;0;0;0;0;0;0;0;0;0;0;0;2575;0;0;0;0;0;0;
40231;2678082;555155456;51077120;507879424;0;0;0;0;0;0;0;0;0;0;0;2645;0;0;0;0;0;0;
40232;4639931;555155456;51077120;507879424;0;0;0;0;0;0;0;0;0;0;0;2614;0;0;0;0;0;0;
40233;2658095;555155456;51077120;507879424;0;0;0;0;0;0;0;0;0;0;0;2595;0;0;0;0;0;0;
40234;4749197;555155456;51077120;507879424;0;0;0;0;0;0;0;0;0;0;0;3125;0;0;0;0;0;0;
40235;2695094;555155456;51077120;507879424;0;0;0;0;0;0;0;0;0;0;0;2996;0;0;0;0;0;0;
40236;4648067;555155456;51077120;507879424;0;0;0;0;0;0;0;0;0;0;0;3006;0;0;0;0;0;0;
40237;2667723;555155456;51077120;507879424;0;0;0;0;0;0;0;0;0;0;0;2695;0;0;0;0;0;0;
40238;4649870;555155456;51077120;507879424;0;0;0;0;0;0;0;0;0;0;0;3366;0;0;0;0;0;0;
40239;2645641;555155456;51077120;507879424;0;0;0;0;0;0;0;0;0;0;0;2745;0;0;0;0;0;0;
40240;4584027;555155456;51077120;507879424;0;0;0;0;0;0;0;0;0;0;0;2826;0;0;0;0;0;0;
40241;2759044;555155456;51077120;507879424;0;0;0;0;0;0;0;0;0;0;0;2535;0;0;0;0;0;0;
40242;4657494;555155456;51077120;507879424;0;0;0;0;0;0;0;0;0;0;0;2655;0;0;0;0;0;0;
40243;2747062;555155456;51077120;507879424;0;0;0;0;0;0;0;0;0;0;0;2675;0;0;0;0;0;0;
40244;4673014;555155456;51077120;507879424;0;0;0;0;0;0;0;0;0;0;0;3237;0;0;0;0;0;0;
40245;2841810;555155456;51077120;507879424;0;0;0;0;0;0;0;0;0;0;0;3206;0;0;0;0;0;0;
40246;4590489;555155456;51077120;507879424;0;0;0;0;0;0;0;0;0;0;0;2865;0;0;0;0;0;0;
40247;2704653;555155456;51077120;507879424;0;0;0;0;0;0;0;0;0;0;0;3537;0;0;0;0;0;0;
40248;4604094;555155456;51077120;507879424;0;0;0;0;0;0;0;0;0;0;0;2485;0;0;0;0;0;0;
40249;2759475;555155456;51077120;507879424;0;0;0;0;0;0;0;0;0;0;0;2775;0;0;0;0;0;0;
40250;4667353;555155456;51077120;507879424;0;0;0;0;0;0;0;0;0;0;0;3557;0;0;0;0;0;0;
40251;2636444;555155456;51077120;507879424;0;0;0;0;0;0;0;0;0;0;0;2825;0;0;0;0;0;0;
40252;4579268;555155456;51077120;507879424;0;0;0;0;0;0;0;0;0;0;0;3547;0;0;0;0;0;0;
40253;2585088;555155456;51077120;507879424;0;0;0;0;0;0;0;0;0;0;0;3156;0;0;0;0;0;0;
40254;4583987;555155456;51077120;507879424;0;0;0;0;0;0;0;0;0;0;0;3136;0;0;0;0;0;0;
40255;2664156;555155456;51077120;507879424;0;0;0;0;0;0;0;0;0;0;0;2936;0;0;0;0;0;0;
40256;4579479;555155456;51077120;507879424;0;0;0;0;0;0;0;0;0;0;0;3116;0;0;0;0;0;0;
40257;2500479;555155456;51077120;507879424;0;0;0;0;0;0;0;0;0;0;0;2715;0;0;0;0;0;0;
40258;4523553;555155456;51077120;507879424;0;0;0;0;0;0;0;0;0;0;0;2736;0;0;0;0;0;0;
40259;2600306;555155456;51077120;507879424;0;0;0;0;0;0;0;0;0;0;0;3647;0;0;0;0;0;0;
40260;4527510;555155456;51077120;507879424;0;0;0;0;0;0;0;0;0;0;0;2264;0;0;0;0;0;0;
40261;2755136;555155456;51077120;507879424;0;0;0;0;0;0;0;0;0;0;0;3076;0;0;0;0;0;0;
40262;4535976;555155456;51077120;507879424;0;0;0;0;0;0;0;0;0;0;0;2344;0;0;0;0;0;0;
40263;2543470;555155456;51077120;507879424;0;0;0;0;0;0;0;0;0;0;0;3136;0;0;0;0;0;0;
40264;4564270;555155456;51077120;507879424;0;0;0;0;0;0;0;0;0;0;0;2695;0;0;0;0;0;0;
40265;2592732;555155456;51077120;507879424;0;0;0;0;0;0;0;0;0;0;0;2414;0;0;0;0;0;0;
40266;4649830;555155456;51077120;507879424;0;0;0;0;0;0;0;0;0;0;0;2614;0;0;0;0;0;0;
40267;2536337;555155456;51077120;507879424;0;0;0;0;0;0;0;0;0;0;0;2976;0;0;0;0;0;0;
40268;4570721;555155456;51077120;507879424;0;0;0;0;0;0;0;0;0;0;0;2695;0;0;0;0;0;0;
40269;2471295;555155456;51077120;507879424;0;0;0;0;0;0;0;0;0;0;0;2856;0;0;0;0;0;0;
40270;4630854;555155456;51077120;507879424;0;0;0;0;0;0;0;0;0;0;0;2605;0;0;0;0;0;0;
40271;2431219;555155456;51077120;507879424;0;0;0;0;0;0;0;0;0;0;0;2294;0;0;0;0;0;0;
40272;4530777;555155456;51077120;507879424;0;0;0;0;0;0;0;0;0;0;0;2996;0;0;0;0;0;0;
40273;2480502;555155456;51077120;507879424;0;0;0;0;0;0;0;0;0;0;0;2114;0;0;0;0;0;0;
40274;7634708;555155456;51077120;507879424;0;0;0;0;0;0;0;0;0;0;0;2574;0;0;0;0;0;0;
40275;9429594;555155456;51077120;507879424;0;0;0;0;0;0;0;0;0;0;0;4118;0;0;0;0;0;0;
40276;4779914;555155456;51077120;507879424;0;0;0;0;0;0;0;0;0;0;0;2635;0;0;0;0;0;0;
40277;2619993;555155456;51077120;507879424;0;0;0;0;0;0;0;0;0;0;0;2544;0;0;0;0;0;0;
40278;4566774;555155456;51077120;507879424;0;0;0;0;0;0;0;0;0;0;0;2766;0;0;0;0;0;0;
40279;2510579;555155456;51077120;507879424;0;0;0;0;0;0;0;0;0;0;0;2935;0;0;0;0;0;0;
40280;4653167;555155456;51077120;507879424;0;0;0;0;0;0;0;0;0;0;0;2414;0;0;0;0;0;0;
40281;2479640;555155456;51077120;507879424;0;0;0;0;0;0;0;0;0;0;0;2405;0;0;0;0;0;0;
40282;4561916;555155456;51077120;507879424;0;0;0;0;0;0;0;0;0;0;0;2835;0;0;0;0;0;0;
40283;2383590;555155456;51077120;507879424;0;0;0;0;0;0;0;0;0;0;0;2675;0;0;0;0;0;0;
40284;4538411;555155456;51077120;507879424;0;0;0;0;0;0;0;0;0;0;0;2725;0;0;0;0;0;0;
40285;2385353;555155456;51077120;507879424;0;0;0;0;0;0;0;0;0;0;0;2455;0;0;0;0;0;0;
40286;4525677;555155456;51077120;507879424;0;0;0;0;0;0;0;0;0;0;0;2655;0;0;0;0;0;0;
40287;2431800;555155456;51077120;507879424;0;0;0;0;0;0;0;0;0;0;0;2825;0;0;0;0;0;0;
40288;4490411;555155456;51077120;507879424;0;0;0;0;0;0;0;0;0;0;0;2274;0;0;0;0;0;0;
40289;3029572;555155456;51077120;507879424;0;0;0;0;0;0;0;0;0;0;0;11672;0;0;0;0;0;0;
40290;4743907;555155456;51077120;507879424;0;0;0;0;0;0;0;0;0;0;0;3036;0;0;0;0;0;0;
40291;3472502;555155456;51077120;507879424;0;0;0;0;0;0;0;0;0;0;0;3356;0;0;0;0;0;0;
40292;4766619;555155456;51077120;507879424;0;0;0;0;0;0;0;0;0;0;0;3196;0;0;0;0;0;0;
40293;3502729;555155456;51077120;507879424;0;0;0;0;0;0;0;0;0;0;0;3947;0;0;0;0;0;0;
40294;4769425;555155456;51077120;507879424;0;0;0;0;0;0;0;0;0;0;0;2876;0;0;0;0;0;0;
40295;3538957;555155456;51077120;507879424;0;0;0;0;0;0;0;0;0;0;0;3246;0;0;0;0;0;0;
40296;4801194;555155456;51077120;507879424;0;0;0;0;0;0;0;0;0;0;0;3687;0;0;0;0;0;0;
40297;3457544;555155456;51077120;507879424;0;0;0;0;0;0;0;0;0;0;0;3466;0;0;0;0;0;0;
40298;4754616;555155456;51077120;507879424;0;0;0;0;0;0;0;0;0;0;0;3436;0;0;0;0;0;0;
40299;3433790;555155456;51077120;507879424;0;0;0;0;0;0;0;0;0;0;0;3807;0;0;0;0;0;0;
40300;4747343;555155456;51077120;507879424;0;0;0;0;0;0;0;0;0;0;0;3296;0;0;0;0;0;0;
40301;3422899;555155456;51077120;507879424;0;0;0;0;0;0;0;0;0;0;0;3407;0;0;0;0;0;0;
40302;4836119;555155456;51077120;507879424;0;0;0;0;0;0;0;0;0;0;0;3156;0;0;0;0;0;0;
40303;3357847;555155456;51077120;507879424;0;0;0;0;0;0;0;0;0;0;0;3106;0;0;0;0;0;0;
40304;4808458;555155456;51077120;507879424;0;0;0;0;0;0;0;0;0;0;0;3046;0;0;0;0;0;0;
40305;3460229;555155456;51077120;507879424;0;0;0;0;0;0;0;0;0;0;0;3156;0;0;0;0;0;0;
40306;4814680;555155456;51077120;507879424;0;0;0;0;0;0;0;0;0;0;0;3286;0;0;0;0;0;0;
40307;3463095;555155456;51077120;507879424;0;0;0;0;0;0;0;0;0;0;0;3066;0;0;0;0;0;0;
40308;4857079;555155456;51077120;507879424;0;0;0;0;0;0;0;0;0;0;0;3166;0;0;0;0;0;0;
40309;3485687;555155456;51077120;507879424;0;0;0;0;0;0;0;0;0;0;0;3526;0;0;0;0;0;0;
40310;4761009;555155456;51077120;507879424;0;0;0;0;0;0;0;0;0;0;0;3336;0;0;0;0;0;0;
40311;3458396;555155456;51077120;507879424;0;0;0;0;0;0;0;0;0;0;0;3075;0;0;0;0;0;0;
40312;4764575;555155456;51077120;507879424;0;0;0;0;0;0;0;0;0;0;0;3116;0;0;0;0;0;0;
40313;3464037;555155456;51077120;507879424;0;0;0;0;0;0;0;0;0;0;0;3166;0;0;0;0;0;0;
40314;4749097;555155456;51077120;507879424;0;0;0;0;0;0;0;0;0;0;0;3076;0;0;0;0;0;0;
40315;3454919;555155456;51077120;507879424;0;0;0;0;0;0;0;0;0;0;0;3486;0;0;0;0;0;0;
40316;4960383;555155456;51077120;507879424;0;0;0;0;0;0;0;0;0;0;0;3126;0;0;0;0;0;0;
40317;3516504;555155456;51077120;507879424;0;0;0;0;0;0;0;0;0;0;0;3386;0;0;0;0;0;0;
40318;4866276;555155456;51077120;507879424;0;0;0;0;0;0;0;0;0;0;0;2976;0;0;0;0;0;0;
40319;3508310;555155456;51077120;507879424;0;0;0;0;0;0;0;0;0;0;0;3236;0;0;0;0;0;0;
40320;4829437;555155456;51077120;507879424;0;0;0;0;0;0;0;0;0;0;0;3086;0;0;0;0;0;0;
40321;3691423;555155456;51077120;507879424;0;0;0;0;0;0;0;0;0;0;0;3246;0;0;0;0;0;0;
40322;4813908;555155456;51077120;507879424;0;0;0;0;0;0;0;0;0;0;0;3346;0;0;0;0;0;0;
40323;3548044;555155456;51077120;507879424;0;0;0;0;0;0;0;0;0;0;0;3146;0;0;0;0;0;0;
40324;4831581;555155456;51077120;507879424;0;0;0;0;0;0;0;0;0;0;0;3607;0;0;0;0;0;0;
40325;3612365;555155456;51077120;507879424;0;0;0;0;0;0;0;0;0;0;0;3206;0;0;0;0;0;0;
40326;4915348;555155456;51077120;507879424;0;0;0;0;0;0;0;0;0;0;0;3026;0;0;0;0;0;0;
40327;3694588;555155456;51077120;507879424;0;0;0;0;0;0;0;0;0;0;0;4147;0;0;0;0;0;0;
40328;4996520;555155456;51077120;507879424;0;0;0;0;0;0;0;0;0;0;0;3326;0;0;0;0;0;0;
40329;4063511;555155456;51077120;507879424;0;0;0;0;0;0;0;0;0;0;0;3446;0;0;0;0;0;0;
40330;4916730;555155456;51077120;507879424;0;0;0;0;0;0;0;0;0;0;0;3547;0;0;0;0;0;0;
40331;3678910;555155456;51077120;507879424;0;0;0;0;0;0;0;0;0;0;0;3326;0;0;0;0;0;0;
40332;5005938;555155456;51077120;507879424;0;0;0;0;0;0;0;0;0;0;0;3316;0;0;0;0;0;0;
40333;3683889;555155456;51085312;507887616;0;0;0;0;0;0;0;0;0;0;0;3647;0;0;0;0;0;0;
40334;4850467;555155456;51085312;507887616;0;0;0;0;0;0;0;0;0;0;0;3166;0;0;0;0;0;0;
40335;3785118;555155456;51085312;507887616;0;0;0;0;0;0;0;0;0;0;0;3396;0;0;0;0;0;0;
40336;4932390;555155456;51085312;507887616;0;0;0;0;0;0;0;0;0;0;0;3196;0;0;0;0;0;0;
40337;3329504;555155456;51085312;507887616;0;0;0;0;0;0;0;0;0;0;0;2875;0;0;0;0;0;0;
40338;4850226;555155456;51085312;507887616;0;0;0;0;0;0;0;0;0;0;0;3346;0;0;0;0;0;0;
40339;3356033;555175936;51077120;507879424;0;0;0;0;0;0;0;0;0;0;0;3326;0;0;0;0;0;0;
40340;4826832;555175936;51077120;507879424;0;0;0;0;0;0;0;0;0;0;0;3086;0;0;0;0;0;0;
40341;3323302;555175936;51077120;507879424;0;0;0;0;0;0;0;0;0;0;0;3276;0;0;0;0;0;0;
40342;4779733;555175936;51077120;507879424;0;0;0;0;0;0;0;0;0;0;0;3417;0;0;0;0;0;0;
40343;3357437;555175936;51077120;507879424;0;0;0;0;0;0;0;0;0;0;0;3226;0;0;0;0;0;0;
40344;4782108;555175936;51077120;507879424;0;0;0;0;0;0;0;0;0;0;0;3056;0;0;0;0;0;0;
40345;3387843;555175936;51077120;507879424;0;0;0;0;0;0;0;0;0;0;0;3286;0;0;0;0;0;0;
40346;4820461;555175936;51077120;507879424;0;0;0;0;0;0;0;0;0;0;0;2805;0;0;0;0;0;0;
40347;3429171;555175936;51077120;507879424;0;0;0;0;0;0;0;0;0;0;0;3006;0;0;0;0;0;0;
40348;4855556;555175936;51077120;507879424;0;0;0;0;0;0;0;0;0;0;0;3106;0;0;0;0;0;0;
40349;3536131;555175936;51077120;507879424;0;0;0;0;0;0;0;0;0;0;0;3206;0;0;0;0;0;0;
40350;4831150;555175936;51077120;507879424;0;0;0;0;0;0;0;0;0;0;0;2905;0;0;0;0;0;0;
40351;3474266;555175936;51077120;507879424;0;0;0;0;0;0;0;0;0;0;0;3396;0;0;0;0;0;0;
40352;4919145;555175936;51077120;507879424;0;0;0;0;0;0;0;0;0;0;0;3517;0;0;0;0;0;0;
40353;3464488;555175936;51077120;507879424;0;0;0;0;0;0;0;0;0;0;0;3095;0;0;0;0;0;0;
40354;4872999;555175936;51077120;507879424;0;0;0;0;0;0;0;0;0;0;0;2956;0;0;0;0;0;0;
40355;3482572;555175936;51077120;507879424;0;0;0;0;0;0;0;0;0;0;0;3316;0;0;0;0;0;0;
40356;4873310;555175936;51077120;507879424;0;0;0;0;0;0;0;0;0;0;0;3056;0;0;0;0;0;0;
40357;3542674;555175936;51077120;507879424;0;0;0;0;0;0;0;0;0;0;0;3687;0;0;0;0;0;0;
40358;4828005;555175936;51077120;507879424;0;0;0;0;0;0;0;0;0;0;0;3096;0;0;0;0;0;0;
40359;4151956;555175936;51077120;507879424;0;0;0;0;0;0;0;0;0;0;0;3447;0;0;0;0;0;0;
40360;4951416;555175936;51077120;507879424;0;0;0;0;0;0;0;0;0;0;0;3176;0;0;0;0;0;0;
40361;3674792;555175936;51077120;507879424;0;0;0;0;0;0;0;0;0;0;0;3306;0;0;0;0;0;0;
40362;4800913;555175936;51077120;507879424;0;0;0;0;0;0;0;0;0;0;0;3497;0;0;0;0;0;0;
40363;3924981;555175936;51077120;507879424;0;0;0;0;0;0;0;0;0;0;0;3306;0;0;0;0;0;0;
40364;4807406;555175936;51077120;507879424;0;0;0;0;0;0;0;0;0;0;0;2935;0;0;0;0;0;0;
40365;3681415;555175936;51077120;507879424;0;0;0;0;0;0;0;0;0;0;0;3527;0;0;0;0;0;0;
40366;4841089;555175936;51077120;507879424;0;0;0;0;0;0;0;0;0;0;0;3246;0;0;0;0;0;0;
40367;3674912;555175936;51077120;507879424;0;0;0;0;0;0;0;0;0;0;0;3386;0;0;0;0;0;0;
40368;4842983;555175936;51077120;507879424;0;0;0;0;0;0;0;0;0;0;0;3246;0;0;0;0;0;0;
40369;3890066;555175936;51077120;507879424;0;0;0;0;0;0;0;0;0;0;0;3387;0;0;0;0;0;0;
40370;4803969;555175936;51077120;507879424;0;0;0;0;0;0;0;0;0;0;0;3467;0;0;0;0;0;0;
40371;3821567;555175936;51077120;507879424;0;0;0;0;0;0;0;0;0;0;0;3497;0;0;0;0;0;0;
40372;4892956;555175936;51077120;507879424;0;0;0;0;0;0;0;0;0;0;0;3015;0;0;0;0;0;0;
40373;3779739;555175936;51077120;507879424;0;0;0;0;0;0;0;0;0;0;0;3276;0;0;0;0;0;0;
40374;4957437;555175936;51077120;507879424;0;0;0;0;0;0;0;0;0;0;0;3296;0;0;0;0;0;0;
40375;3539769;555175936;51077120;507879424;0;0;0;0;0;0;0;0;0;0;0;3426;0;0;0;0;0;0;
40376;4866056;555175936;51077120;507879424;0;0;0;0;0;0;0;0;0;0;0;3246;0;0;0;0;0;0;
40377;3409364;555175936;51077120;507879424;0;0;0;0;0;0;0;0;0;0;0;3337;0;0;0;0;0;0;
40378;4798780;555175936;51077120;507879424;0;0;0;0;0;0;0;0;0;0;0;3076;0;0;0;0;0;0;
40379;3407050;555175936;51077120;507879424;0;0;0;0;0;0;0;0;0;0;0;3055;0;0;0;0;0;0;
40380;4751651;555175936;51077120;507879424;0;0;0;0;0;0;0;0;0;0;0;2866;0;0;0;0;0;0;
40381;3327009;555175936;51077120;507879424;0;0;0;0;0;0;0;0;0;0;0;3326;0;0;0;0;0;0;
40382;4768152;555175936;51077120;507879424;0;0;0;0;0;0;0;0;0;0;0;3005;0;0;0;0;0;0;
40383;3303906;555175936;51077120;507879424;0;0;0;0;0;0;0;0;0;0;0;2906;0;0;0;0;0;0;
40384;4735270;555175936;51077120;507879424;0;0;0;0;0;0;0;0;0;0;0;2835;0;0;0;0;0;0;
40385;3267658;555175936;51077120;507879424;0;0;0;0;0;0;0;0;0;0;0;2916;0;0;0;0;0;0;
40386;4833325;555175936;51077120;507879424;0;0;0;0;0;0;0;0;0;0;0;2946;0;0;0;0;0;0;
40387;3338661;555175936;51077120;507879424;0;0;0;0;0;0;0;0;0;0;0;2795;0;0;0;0;0;0;
40388;4825670;555175936;51077120;507879424;0;0;0;0;0;0;0;0;0;0;0;2565;0;0;0;0;0;0;
40389;3351275;555175936;51077120;507879424;0;0;0;0;0;0;0;0;0;0;0;2875;0;0;0;0;0;0;
40390;4761529;555175936;51077120;507879424;0;0;0;0;0;0;0;0;0;0;0;3247;0;0;0;0;0;0;
40391;3329775;555175936;51077120;507879424;0;0;0;0;0;0;0;0;0;0;0;2955;0;0;0;0;0;0;
40392;4852089;555175936;51077120;507879424;0;0;0;0;0;0;0;0;0;0;0;3487;0;0;0;0;0;0;
40393;3832057;555175936;51077120;507879424;0;0;0;0;0;0;0;0;0;0;0;2936;0;0;0;0;0;0;
40394;4879371;555175936;51077120;507879424;0;0;0;0;0;0;0;0;0;0;0;2856;0;0;0;0;0;0;
40395;3528858;555175936;51077120;507879424;0;0;0;0;0;0;0;0;0;0;0;3316;0;0;0;0;0;0;
40396;4785685;555175936;51077120;507879424;0;0;0;0;0;0;0;0;0;0;0;2985;0;0;0;0;0;0;
40397;3352848;555175936;51077120;507879424;0;0;0;0;0;0;0;0;0;0;0;3006;0;0;0;0;0;0;
40398;4820049;555175936;51077120;507879424;0;0;0;0;0;0;0;0;0;0;0;3276;0;0;0;0;0;0;
40399;3403964;555175936;51077120;507879424;0;0;0;0;0;0;0;0;0;0;0;3186;0;0;0;0;0;0;
40400;4852961;555175936;51077120;507879424;0;0;0;0;0;0;0;0;0;0;0;2695;0;0;0;0;0;0;
40401;3323082;555175936;51077120;507879424;0;0;0;0;0;0;0;0;0;0;0;2896;0;0;0;0;0;0;
40402;4761910;555175936;51077120;507879424;0;0;0;0;0;0;0;0;0;0;0;2766;0;0;0;0;0;0;
40403;3348189;555175936;51077120;507879424;0;0;0;0;0;0;0;0;0;0;0;3066;0;0;0;0;0;0;
40404;4775015;555175936;51077120;507879424;0;0;0;0;0;0;0;0;0;0;0;2745;0;0;0;0;0;0;
40405;3436384;555175936;51077120;507879424;0;0;0;0;0;0;0;0;0;0;0;4268;0;0;0;0;0;0;
40406;4830980;555175936;51077120;507879424;0;0;0;0;0;0;0;0;0;0;0;2896;0;0;0;0;0;0;
40407;3360713;555175936;51077120;507879424;0;0;0;0;0;0;0;0;0;0;0;3687;0;0;0;0;0;0;
40408;4808238;555175936;51077120;507879424;0;0;0;0;0;0;0;0;0;0;0;2905;0;0;0;0;0;0;
40409;3365472;555175936;51077120;507879424;0;0;0;0;0;0;0;0;0;0;0;3266;0;0;0;0;0;0;
40410;4810722;555175936;51077120;507879424;0;0;0;0;0;0;0;0;0;0;0;3146;0;0;0;0;0;0;
40411;3465779;555175936;51077120;507879424;0;0;0;0;0;0;0;0;0;0;0;3336;0;0;0;0;0;0;
40412;4802837;555175936;51077120;507879424;0;0;0;0;0;0;0;0;0;0;0;3045;0;0;0;0;0;0;
40413;3426095;555175936;51077120;507879424;0;0;0;0;0;0;0;0;0;0;0;3226;0;0;0;0;0;0;
40414;4782088;555175936;51077120;507879424;0;0;0;0;0;0;0;0;0;0;0;2956;0;0;0;0;0;0;
40415;3325396;555175936;51077120;507879424;0;0;0;0;0;0;0;0;0;0;0;2995;0;0;0;0;0;0;
40416;4747984;555175936;51077120;507879424;0;0;0;0;0;0;0;0;0;0;0;3136;0;0;0;0;0;0;
40417;3236540;555175936;51077120;507879424;0;0;0;0;0;0;0;0;0;0;0;3066;0;0;0;0;0;0;
40418;4789813;555175936;51077120;507879424;0;0;0;0;0;0;0;0;0;0;0;3116;0;0;0;0;0;0;
40419;3294398;555175936;51077120;507879424;0;0;0;0;0;0;0;0;0;0;0;3567;0;0;0;0;0;0;
40420;4770176;555175936;51077120;507879424;0;0;0;0;0;0;0;0;0;0;0;2795;0;0;0;0;0;0;
40421;3462453;555175936;51077120;507879424;0;0;0;0;0;0;0;0;0;0;0;3046;0;0;0;0;0;0;
40422;4833975;555175936;51077120;507879424;0;0;0;0;0;0;0;0;0;0;0;3015;0;0;0;0;0;0;
40423;3761084;555175936;51077120;507879424;0;0;0;0;0;0;0;0;0;0;0;2915;0;0;0;0;0;0;
40424;4791606;555175936;51077120;507879424;0;0;0;0;0;0;0;0;0;0;0;3226;0;0;0;0;0;0;
40425;3436165;555175936;51077120;507879424;0;0;0;0;0;0;0;0;0;0;0;2876;0;0;0;0;0;0;
40426;4823546;555175936;51077120;507879424;0;0;0;0;0;0;0;0;0;0;0;3316;0;0;0;0;0;0;
40427;3473594;555175936;51077120;507879424;0;0;0;0;0;0;0;0;0;0;0;3206;0;0;0;0;0;0;
40428;4750188;555175936;51077120;507879424;0;0;0;0;0;0;0;0;0;0;0;2916;0;0;0;0;0;0;
40429;3396009;555175936;51077120;507879424;0;0;0;0;0;0;0;0;0;0;0;3196;0;0;0;0;0;0;
40430;4790203;555175936;51077120;507879424;0;0;0;0;0;0;0;0;0;0;0;3005;0;0;0;0;0;0;
40431;3401559;555175936;51077120;507879424;0;0;0;0;0;0;0;0;0;0;0;2956;0;0;0;0;0;0;
40432;4772821;555175936;51077120;507879424;0;0;0;0;0;0;0;0;0;0;0;2795;0;0;0;0;0;0;
40433;3481228;555175936;51077120;507879424;0;0;0;0;0;0;0;0;0;0;0;3467;0;0;0;0;0;0;
40434;4887405;555175936;51077120;507879424;0;0;0;0;0;0;0;0;0;0;0;3497;0;0;0;0;0;0;
40435;3490516;555175936;51077120;507879424;0;0;0;0;0;0;0;0;0;0;0;3166;0;0;0;0;0;0;
40436;4818797;555175936;51077120;507879424;0;0;0;0;0;0;0;0;0;0;0;2765;0;0;0;0;0;0;
40437;3841885;555175936;51077120;507879424;0;0;0;0;0;0;0;0;0;0;0;3316;0;0;0;0;0;0;
40438;4802617;555175936;51077120;507879424;0;0;0;0;0;0;0;0;0;0;0;2826;0;0;0;0;0;0;
40439;3394596;555175936;51077120;507879424;0;0;0;0;0;0;0;0;0;0;0;2976;0;0;0;0;0;0;
40440;4749227;555175936;51077120;507879424;0;0;0;0;0;0;0;0;0;0;0;2875;0;0;0;0;0;0;
40441;3405947;555175936;51077120;507879424;0;0;0;0;0;0;0;0;0;0;0;3196;0;0;0;0;0;0;
40442;4657003;555175936;51077120;507879424;0;0;0;0;0;0;0;0;0;0;0;3136;0;0;0;0;0;0;
40443;3583310;555175936;51077120;507879424;0;0;0;0;0;0;0;0;0;0;0;2816;0;0;0;0;0;0;
40444;4755839;555175936;51077120;507879424;0;0;0;0;0;0;0;0;0;0;0;2705;0;0;0;0;0;0;
40445;3353979;555175936;51077120;507879424;0;0;0;0;0;0;0;0;0;0;0;2975;0;0;0;0;0;0;
40446;4781577;555175936;51077120;507879424;0;0;0;0;0;0;0;0;0;0;0;2575;0;0;0;0;0;0;
40447;3341567;555175936;51077120;507879424;0;0;0;0;0;0;0;0;0;0;0;3457;0;0;0;0;0;0;
40448;4779613;555175936;51077120;507879424;0;0;0;0;0;0;0;0;0;0;0;2855;0;0;0;0;0;0;
40449;3423460;555175936;51077120;507879424;0;0;0;0;0;0;0;0;0;0;0;3527;0;0;0;0;0;0;
40450;4827063;555175936;51077120;507879424;0;0;0;0;0;0;0;0;0;0;0;2705;0;0;0;0;0;0;
40451;3335264;555175936;51077120;507879424;0;0;0;0;0;0;0;0;0;0;0;2985;0;0;0;0;0;0;
40452;4926910;555175936;51077120;507879424;0;0;0;0;0;0;0;0;0;0;0;3446;0;0;0;0;0;0;
40453;3351295;555175936;51085312;507887616;0;0;0;0;0;0;0;0;0;0;0;3908;0;0;0;0;0;0;
40454;4797758;555175936;51085312;507887616;0;0;0;0;0;0;0;0;0;0;0;3076;0;0;0;0;0;0;
40455;3281274;555175936;51085312;507887616;0;0;0;0;0;0;0;0;0;0;0;3096;0;0;0;0;0;0;
40456;4773091;555175936;51085312;507887616;0;0;0;0;0;0;0;0;0;0;0;2946;0;0;0;0;0;0;
40457;3821356;555175936;51085312;507887616;0;0;0;0;0;0;0;0;0;0;0;3436;0;0;0;0;0;0;
40458;4785996;555175936;51085312;507887616;0;0;0;0;0;0;0;0;0;0;0;2835;0;0;0;0;0;0;
40459;3463195;555196416;51077120;507879424;0;0;0;0;0;0;0;0;0;0;0;3106;0;0;0;0;0;0;
40460;4775185;555196416;51077120;507879424;0;0;0;0;0;0;0;0;0;0;0;3216;0;0;0;0;0;0;
40461;3325887;555196416;51077120;507879424;0;0;0;0;0;0;0;0;0;0;0;3536;0;0;0;0;0;0;
40462;4880994;555196416;51077120;507879424;0;0;0;0;0;0;0;0;0;0;0;3096;0;0;0;0;0;0;
40463;3259863;555196416;51077120;507879424;0;0;0;0;0;0;0;0;0;0;0;3316;0;0;0;0;0;0;
40464;4804030;555196416;51077120;507879424;0;0;0;0;0;0;0;0;0;0;0;2795;0;0;0;0;0;0;
40465;3338851;555196416;51077120;507879424;0;0;0;0;0;0;0;0;0;0;0;3416;0;0;0;0;0;0;
40466;4791015;555196416;51077120;507879424;0;0;0;0;0;0;0;0;0;0;0;2825;0;0;0;0;0;0;
40467;3324594;555196416;51077120;507879424;0;0;0;0;0;0;0;0;0;0;0;3156;0;0;0;0;0;0;
40468;4823836;555196416;51077120;507879424;0;0;0;0;0;0;0;0;0;0;0;3096;0;0;0;0;0;0;
40469;3490345;555196416;51077120;507879424;0;0;0;0;0;0;0;0;0;0;0;3927;0;0;0;0;0;0;
40470;4828806;555196416;51077120;507879424;0;0;0;0;0;0;0;0;0;0;0;3036;0;0;0;0;0;0;
40471;3306741;555196416;51077120;507879424;0;0;0;0;0;0;0;0;0;0;0;3727;0;0;0;0;0;0;
40472;4840708;555196416;51077120;507879424;0;0;0;0;0;0;0;0;0;0;0;3136;0;0;0;0;0;0;
40473;3413642;555196416;51077120;507879424;0;0;0;0;0;0;0;0;0;0;0;3386;0;0;0;0;0;0;
40474;5444160;555196416;51077120;507879424;0;0;0;0;0;0;0;0;0;0;0;3356;0;0;0;0;0;0;
40475;3405437;555196416;51077120;507879424;0;0;0;0;0;0;0;0;0;0;0;3487;0;0;0;0;0;0;
40476;4766479;555196416;51077120;507879424;0;0;0;0;0;0;0;0;0;0;0;3367;0;0;0;0;0;0;
40477;3426195;555196416;51077120;507879424;0;0;0;0;0;0;0;0;0;0;0;3807;0;0;0;0;0;0;
40478;4779513;555196416;51077120;507879424;0;0;0;0;0;0;0;0;0;0;0;3306;0;0;0;0;0;0;
40479;3352076;555196416;51077120;507879424;0;0;0;0;0;0;0;0;0;0;0;3526;0;0;0;0;0;0;
40480;4908365;555196416;51077120;507879424;0;0;0;0;0;0;0;0;0;0;0;2865;0;0;0;0;0;0;
40481;3418271;555196416;51077120;507879424;0;0;0;0;0;0;0;0;0;0;0;3436;0;0;0;0;0;0;
40482;4777520;555196416;51077120;507879424;0;0;0;0;0;0;0;0;0;0;0;3256;0;0;0;0;0;0;
40483;3395027;555196416;51077120;507879424;0;0;0;0;0;0;0;0;0;0;0;3105;0;0;0;0;0;0;
40484;4825330;555196416;51077120;507879424;0;0;0;0;0;0;0;0;0;0;0;2966;0;0;0;0;0;0;
40485;3346616;555196416;51077120;507879424;0;0;0;0;0;0;0;0;0;0;0;3717;0;0;0;0;0;0;
40486;4736002;555196416;51077120;507879424;0;0;0;0;0;0;0;0;0;0;0;2985;0;0;0;0;0;0;
40487;3413842;555196416;51077120;507879424;0;0;0;0;0;0;0;0;0;0;0;3206;0;0;0;0;0;0;
40488;4825329;555196416;51077120;507879424;0;0;0;0;0;0;0;0;0;0;0;3036;0;0;0;0;0;0;
40489;3418090;555196416;51077120;507879424;0;0;0;0;0;0;0;0;0;0;0;3246;0;0;0;0;0;0;
40490;4764966;555196416;51077120;507879424;0;0;0;0;0;0;0;0;0;0;0;3005;0;0;0;0;0;0;
40491;3325266;555196416;51077120;507879424;0;0;0;0;0;0;0;0;0;0;0;3096;0;0;0;0;0;0;
40492;4811934;555196416;51077120;507879424;0;0;0;0;0;0;0;0;0;0;0;3046;0;0;0;0;0;0;
40493;3416948;555196416;51077120;507879424;0;0;0;0;0;0;0;0;0;0;0;3236;0;0;0;0;0;0;
40494;4833946;555196416;51077120;507879424;0;0;0;0;0;0;0;0;0;0;0;3155;0;0;0;0;0;0;
40495;3349642;555196416;51077120;507879424;0;0;0;0;0;0;0;0;0;0;0;3095;0;0;0;0;0;0;
40496;4831781;555196416;51077120;507879424;0;0;0;0;0;0;0;0;0;0;0;2965;0;0;0;0;0;0;
40497;3319225;555196416;51077120;507879424;0;0;0;0;0;0;0;0;0;0;0;3737;0;0;0;0;0;0;
40498;4853182;555196416;51077120;507879424;0;0;0;0;0;0;0;0;0;0;0;2975;0;0;0;0;0;0;
40499;3314837;555196416;51077120;507879424;0;0;0;0;0;0;0;0;0;0;0;3226;0;0;0;0;0;0;
40500;4899669;555196416;51077120;507879424;0;0;0;0;0;0;0;0;0;0;0;3126;0;0;0;0;0;0;
40501;3463786;555196416;51077120;507879424;0;0;0;0;0;0;0;0;0;0;0;3838;0;0;0;0;0;0;
40502;4863682;555196416;51077120;507879424;0;0;0;0;0;0;0;0;0;0;0;3286;0;0;0;0;0;0;
40503;3562331;555196416;51077120;507879424;0;0;0;0;0;0;0;0;0;0;0;2925;0;0;0;0;0;0;
40504;4836801;555196416;51077120;507879424;0;0;0;0;0;0;0;0;0;0;0;2846;0;0;0;0;0;0;
40505;3421347;555196416;51077120;507879424;0;0;0;0;0;0;0;0;0;0;0;3917;0;0;0;0;0;0;
40506;4830990;555196416;51077120;507879424;0;0;0;0;0;0;0;0;0;0;0;3306;0;0;0;0;0;0;
40507;3283428;555196416;51077120;507879424;0;0;0;0;0;0;0;0;0;0;0;3777;0;0;0;0;0;0;
40508;4865404;555196416;51077120;507879424;0;0;0;0;0;0;0;0;0;0;0;3446;0;0;0;0;0;0;
40509;3353339;555196416;51077120;507879424;0;0;0;0;0;0;0;0;0;0;0;3847;0;0;0;0;0;0;
40510;4947939;555196416;51077120;507879424;0;0;0;0;0;0;0;0;0;0;0;3156;0;0;0;0;0;0;
40511;3726499;555196416;51077120;507879424;0;0;0;0;0;0;0;0;0;0;0;3306;0;0;0;0;0;0;
40512;4997342;555196416;51077120;507879424;0;0;0;0;0;0;0;0;0;0;0;4348;0;0;0;0;0;0;
40513;3377214;555196416;51077120;507879424;0;0;0;0;0;0;0;0;0;0;0;4388;0;0;0;0;0;0;
40514;10902877;555196416;51077120;507879424;0;0;0;0;0;0;0;0;0;0;0;3246;0;0;0;0;0;0;
40515;3287496;555196416;51077120;507879424;0;0;0;0;0;0;0;0;0;0;0;3226;0;0;0;0;0;0;
40516;4850516;555196416;51077120;507879424;0;0;0;0;0;0;0;0;0;0;0;3216;0;0;0;0;0;0;
40517;3478033;555196416;51077120;507879424;0;0;0;0;0;0;0;0;0;0;0;3326;0;0;0;0;0;0;
40518;4896542;555196416;51077120;507879424;0;0;0;0;0;0;0;0;0;0;0;2926;0;0;0;0;0;0;
40519;3339663;555196416;51077120;507879424;0;0;0;0;0;0;0;0;0;0;0;3286;0;0;0;0;0;0;
40520;4875834;555196416;51077120;507879424;0;0;0;0;0;0;0;0;0;0;0;2775;0;0;0;0;0;0;
40521;3418371;555196416;51077120;507879424;0;0;0;0;0;0;0;0;0;0;0;3487;0;0;0;0;0;0;
40522;4900951;555196416;51077120;507879424;0;0;0;0;0;0;0;0;0;0;0;3246;0;0;0;0;0;0;
40523;3319185;555196416;51077120;507879424;0;0;0;0;0;0;0;0;0;0;0;3526;0;0;0;0;0;0;
40524;4939323;555196416;51077120;507879424;0;0;0;0;0;0;0;0;0;0;0;3016;0;0;0;0;0;0;
40525;3320407;555196416;51077120;507879424;0;0;0;0;0;0;0;0;0;0;0;3076;0;0;0;0;0;0;
40526;4870915;555196416;51077120;507879424;0;0;0;0;0;0;0;0;0;0;0;2905;0;0;0;0;0;0;
40527;3301872;555196416;51077120;507879424;0;0;0;0;0;0;0;0;0;0;0;3006;0;0;0;0;0;0;
40528;4824799;555196416;51077120;507879424;0;0;0;0;0;0;0;0;0;0;0;2584;0;0;0;0;0;0;
40529;3256798;555196416;51077120;507879424;0;0;0;0;0;0;0;0;0;0;0;3487;0;0;0;0;0;0;
40530;4799381;555196416;51077120;507879424;0;0;0;0;0;0;0;0;0;0;0;2815;0;0;0;0;0;0;
40531;3360623;555196416;51077120;507879424;0;0;0;0;0;0;0;0;0;0;0;3206;0;0;0;0;0;0;
40532;4864503;555196416;51077120;507879424;0;0;0;0;0;0;0;0;0;0;0;3416;0;0;0;0;0;0;
40533;3319665;555196416;51077120;507879424;0;0;0;0;0;0;0;0;0;0;0;2795;0;0;0;0;0;0;
40534;4842471;555196416;51077120;507879424;0;0;0;0;0;0;0;0;0;0;0;3196;0;0;0;0;0;0;
40535;3432918;555196416;51077120;507879424;0;0;0;0;0;0;0;0;0;0;0;3436;0;0;0;0;0;0;
40536;4887637;555196416;51077120;507879424;0;0;0;0;0;0;0;0;0;0;0;3407;0;0;0;0;0;0;
40537;3376011;555196416;51077120;507879424;0;0;0;0;0;0;0;0;0;0;0;3687;0;0;0;0;0;0;
40538;4868421;555196416;51077120;507879424;0;0;0;0;0;0;0;0;0;0;0;3857;0;0;0;0;0;0;
40539;3385279;555196416;51077120;507879424;0;0;0;0;0;0;0;0;0;0;0;3848;0;0;0;0;0;0;
40540;4869662;555196416;51077120;507879424;0;0;0;0;0;0;0;0;0;0;0;3507;0;0;0;0;0;0;
40541;3281544;555196416;51077120;507879424;0;0;0;0;0;0;0;0;0;0;0;3536;0;0;0;0;0;0;
40542;4771118;555196416;51077120;507879424;0;0;0;0;0;0;0;0;0;0;0;3276;0;0;0;0;0;0;
40543;3232442;555196416;51077120;507879424;0;0;0;0;0;0;0;0;0;0;0;3627;0;0;0;0;0;0;
40544;4818396;555196416;51077120;507879424;0;0;0;0;0;0;0;0;0;0;0;3647;0;0;0;0;0;0;
40545;3341076;555196416;51077120;507879424;0;0;0;0;0;0;0;0;0;0;0;3908;0;0;0;0;0;0;
40546;4827904;555196416;51077120;507879424;0;0;0;0;0;0;0;0;0;0;0;3406;0;0;0;0;0;0;
40547;3776012;555196416;51077120;507879424;0;0;0;0;0;0;0;0;0;0;0;3587;0;0;0;0;0;0;
40548;4872638;555196416;51077120;507879424;0;0;0;0;0;0;0;0;0;0;0;3236;0;0;0;0;0;0;
40549;3335455;555196416;51077120;507879424;0;0;0;0;0;0;0;0;0;0;0;3807;0;0;0;0;0;0;
40550;4850997;555196416;51077120;507879424;0;0;0;0;0;0;0;0;0;0;0;3346;0;0;0;0;0;0;
40551;3306390;555196416;51077120;507879424;0;0;0;0;0;0;0;0;0;0;0;3467;0;0;0;0;0;0;
40552;4782379;555196416;51077120;507879424;0;0;0;0;0;0;0;0;0;0;0;3327;0;0;0;0;0;0;
40553;3333331;555196416;51077120;507879424;0;0;0;0;0;0;0;0;0;0;0;3898;0;0;0;0;0;0;
40554;4847010;555196416;51077120;507879424;0;0;0;0;0;0;0;0;0;0;0;3457;0;0;0;0;0;0;
40555;3356846;555196416;51077120;507879424;0;0;0;0;0;0;0;0;0;0;0;3276;0;0;0;0;0;0;
40556;4879862;555196416;51077120;507879424;0;0;0;0;0;0;0;0;0;0;0;3426;0;0;0;0;0;0;
40557;3273810;555196416;51077120;507879424;0;0;0;0;0;0;0;0;0;0;0;3416;0;0;0;0;0;0;
40558;4833274;555196416;51077120;507879424;0;0;0;0;0;0;0;0;0;0;0;3216;0;0;0;0;0;0;
40559;3300520;555196416;51077120;507879424;0;0;0;0;0;0;0;0;0;0;0;3417;0;0;0;0;0;0;
40560;4899398;555196416;51077120;507879424;0;0;0;0;0;0;0;0;0;0;0;3085;0;0;0;0;0;0;
40561;3350022;555196416;51077120;507879424;0;0;0;0;0;0;0;0;0;0;0;3386;0;0;0;0;0;0;
40562;4811824;555196416;51077120;507879424;0;0;0;0;0;0;0;0;0;0;0;3647;0;0;0;0;0;0;
40563;3360753;555196416;51077120;507879424;0;0;0;0;0;0;0;0;0;0;0;3557;0;0;0;0;0;0;
40564;4785364;555196416;51077120;507879424;0;0;0;0;0;0;0;0;0;0;0;3517;0;0;0;0;0;0;
40565;3377955;555196416;51077120;507879424;0;0;0;0;0;0;0;0;0;0;0;3456;0;0;0;0;0;0;
40566;4828395;555196416;51077120;507879424;0;0;0;0;0;0;0;0;0;0;0;2976;0;0;0;0;0;0;
40567;3443438;555196416;51077120;507879424;0;0;0;0;0;0;0;0;0;0;0;3126;0;0;0;0;0;0;
40568;4771008;555196416;51077120;507879424;0;0;0;0;0;0;0;0;0;0;0;2845;0;0;0;0;0;0;
40569;3385559;555196416;51077120;507879424;0;0;0;0;0;0;0;0;0;0;0;3116;0;0;0;0;0;0;
40570;4803919;555196416;51077120;507879424;0;0;0;0;0;0;0;0;0;0;0;3146;0;0;0;0;0;0;
40571;3317992;555196416;51077120;507879424;0;0;0;0;0;0;0;0;0;0;0;3216;0;0;0;0;0;0;
40572;4986432;555196416;51077120;507879424;0;0;0;0;0;0;0;0;0;0;0;3136;0;0;0;0;0;0;
40573;3268419;555196416;51085312;507887616;0;0;0;0;0;0;0;0;0;0;0;3076;0;0;0;0;0;0;
40574;4826462;555196416;51085312;507887616;0;0;0;0;0;0;0;0;0;0;0;8606;0;0;0;0;0;0;
40575;3399175;555196416;51085312;507887616;0;0;0;0;0;0;0;0;0;0;0;3536;0;0;0;0;0;0;
40576;4887506;555196416;51085312;507887616;0;0;0;0;0;0;0;0;0;0;0;3367;0;0;0;0;0;0;
40577;3342348;555196416;51085312;507887616;0;0;0;0;0;0;0;0;0;0;0;3136;0;0;0;0;0;0;
40578;4837011;555196416;51085312;507887616;0;0;0;0;0;0;0;0;0;0;0;2885;0;0;0;0;0;0;
40579;3468405;555216896;51077120;507879424;0;0;0;0;0;0;0;0;0;0;0;3086;0;0;0;0;0;0;
40580;4836711;555216896;51077120;507879424;0;0;0;0;0;0;0;0;0;0;0;3036;0;0;0;0;0;0;
40581;3252731;555216896;51077120;507879424;0;0;0;0;0;0;0;0;0;0;0;3586;0;0;0;0;0;0;
40582;4846048;555216896;51077120;507879424;0;0;0;0;0;0;0;0;0;0;0;3377;0;0;0;0;0;0;
40583;3309968;555216896;51077120;507879424;0;0;0;0;0;0;0;0;0;0;0;3026;0;0;0;0;0;0;
40584;4866877;555216896;51077120;507879424;0;0;0;0;0;0;0;0;0;0;0;3216;0;0;0;0;0;0;
40585;3653331;555216896;51077120;507879424;0;0;0;0;0;0;0;0;0;0;0;3306;0;0;0;0;0;0;
40586;4914928;555216896;51077120;507879424;0;0;0;0;0;0;0;0;0;0;0;2895;0;0;0;0;0;0;
40587;3469667;555216896;51077120;507879424;0;0;0;0;0;0;0;0;0;0;0;3597;0;0;0;0;0;0;
40588;4719280;555216896;51077120;507879424;0;0;0;0;0;0;0;0;0;0;0;3086;0;0;0;0;0;0;
40589;3297844;555216896;51077120;507879424;0;0;0;0;0;0;0;0;0;0;0;3206;0;0;0;0;0;0;
40590;4783992;555216896;51077120;507879424;0;0;0;0;0;0;0;0;0;0;0;3106;0;0;0;0;0;0;
40591;3413892;555216896;51077120;507879424;0;0;0;0;0;0;0;0;0;0;0;3016;0;0;0;0;0;0;
40592;4785955;555216896;51077120;507879424;0;0;0;0;0;0;0;0;0;0;0;2966;0;0;0;0;0;0;
40593;3281334;555216896;51077120;507879424;0;0;0;0;0;0;0;0;0;0;0;3286;0;0;0;0;0;0;
40594;4806494;555216896;51077120;507879424;0;0;0;0;0;0;0;0;0;0;0;3046;0;0;0;0;0;0;
40595;3360813;555216896;51077120;507879424;0;0;0;0;0;0;0;0;0;0;0;3076;0;0;0;0;0;0;
40596;4998775;555216896;51077120;507879424;0;0;0;0;0;0;0;0;0;0;0;3005;0;0;0;0;0;0;
40597;3714947;555216896;51077120;507879424;0;0;0;0;0;0;0;0;0;0;0;4118;0;0;0;0;0;0;
40598;4790825;555216896;51077120;507879424;0;0;0;0;0;0;0;0;0;0;0;2976;0;0;0;0;0;0;
40599;3535831;555216896;51077120;507879424;0;0;0;0;0;0;0;0;0;0;0;3356;0;0;0;0;0;0;
40600;4771819;555216896;51077120;507879424;0;0;0;0;0;0;0;0;0;0;0;3476;0;0;0;0;0;0;
40601;3336266;555216896;51077120;507879424;0;0;0;0;0;0;0;0;0;0;0;3336;0;0;0;0;0;0;
40602;4767010;555216896;51077120;507879424;0;0;0;0;0;0;0;0;0;0;0;3367;0;0;0;0;0;0;
40603;3346796;555216896;51077120;507879424;0;0;0;0;0;0;0;0;0;0;0;3406;0;0;0;0;0;0;
40604;4819358;555216896;51077120;507879424;0;0;0;0;0;0;0;0;0;0;0;3347;0;0;0;0;0;0;
40605;3363738;555216896;51077120;507879424;0;0;0;0;0;0;0;0;0;0;0;3516;0;0;0;0;0;0;
40606;4815400;555216896;51077120;507879424;0;0;0;0;0;0;0;0;0;0;0;3045;0;0;0;0;0;0;
40607;3308014;555216896;51077120;507879424;0;0;0;0;0;0;0;0;0;0;0;3196;0;0;0;0;0;0;
40608;4883248;555216896;51077120;507879424;0;0;0;0;0;0;0;0;0;0;0;3096;0;0;0;0;0;0;
40609;3367866;555216896;51077120;507879424;0;0;0;0;0;0;0;0;0;0;0;3336;0;0;0;0;0;0;
40610;4816312;555216896;51077120;507879424;0;0;0;0;0;0;0;0;0;0;0;3266;0;0;0;0;0;0;
40611;3439892;555216896;51077120;507879424;0;0;0;0;0;0;0;0;0;0;0;3055;0;0;0;0;0;0;
40612;4869191;555216896;51077120;507879424;0;0;0;0;0;0;0;0;0;0;0;2915;0;0;0;0;0;0;
40613;3436765;555216896;51077120;507879424;0;0;0;0;0;0;0;0;0;0;0;4268;0;0;0;0;0;0;
40614;4775235;555216896;51077120;507879424;0;0;0;0;0;0;0;0;0;0;0;3356;0;0;0;0;0;0;
40615;3316690;555216896;51077120;507879424;0;0;0;0;0;0;0;0;0;0;0;3447;0;0;0;0;0;0;
40616;4810422;555216896;51077120;507879424;0;0;0;0;0;0;0;0;0;0;0;3236;0;0;0;0;0;0;
40617;3264813;555216896;51077120;507879424;0;0;0;0;0;0;0;0;0;0;0;3516;0;0;0;0;0;0;
40618;4803529;555216896;51077120;507879424;0;0;0;0;0;0;0;0;0;0;0;3106;0;0;0;0;0;0;
40619;3272387;555216896;51077120;507879424;0;0;0;0;0;0;0;0;0;0;0;3156;0;0;0;0;0;0;
40620;4849394;555216896;51077120;507879424;0;0;0;0;0;0;0;0;0;0;0;3276;0;0;0;0;0;0;
40621;3359390;555216896;51077120;507879424;0;0;0;0;0;0;0;0;0;0;0;3917;0;0;0;0;0;0;
40622;4786717;555216896;51077120;507879424;0;0;0;0;0;0;0;0;0;0;0;3356;0;0;0;0;0;0;
40623;3381060;555216896;51077120;507879424;0;0;0;0;0;0;0;0;0;0;0;3797;0;0;0;0;0;0;
40624;4874732;555216896;51077120;507879424;0;0;0;0;0;0;0;0;0;0;0;3246;0;0;0;0;0;0;
40625;3373336;555216896;51077120;507879424;0;0;0;0;0;0;0;0;0;0;0;3897;0;0;0;0;0;0;
40626;4815901;555216896;51077120;507879424;0;0;0;0;0;0;0;0;0;0;0;3226;0;0;0;0;0;0;
40627;3260385;555216896;51077120;507879424;0;0;0;0;0;0;0;0;0;0;0;3417;0;0;0;0;0;0;
40628;4847611;555216896;51077120;507879424;0;0;0;0;0;0;0;0;0;0;0;3176;0;0;0;0;0;0;
40629;3355122;555216896;51077120;507879424;0;0;0;0;0;0;0;0;0;0;0;3546;0;0;0;0;0;0;
40630;4834977;555216896;51077120;507879424;0;0;0;0;0;0;0;0;0;0;0;3246;0;0;0;0;0;0;
40631;3306962;555216896;51077120;507879424;0;0;0;0;0;0;0;0;0;0;0;3737;0;0;0;0;0;0;
40632;4882326;555216896;51077120;507879424;0;0;0;0;0;0;0;0;0;0;0;3126;0;0;0;0;0;0;
40633;3518979;555216896;51077120;507879424;0;0;0;0;0;0;0;0;0;0;0;4448;0;0;0;0;0;0;
40634;4836781;555216896;51077120;507879424;0;0;0;0;0;0;0;0;0;0;0;3276;0;0;0;0;0;0;
40635;3498932;555216896;51077120;507879424;0;0;0;0;0;0;0;0;0;0;0;4078;0;0;0;0;0;0;
40636;4859624;555216896;51077120;507879424;0;0;0;0;0;0;0;0;0;0;0;3477;0;0;0;0;0;0;
40637;3514010;555216896;51077120;507879424;0;0;0;0;0;0;0;0;0;0;0;3677;0;0;0;0;0;0;
40638;4771869;555216896;51077120;507879424;0;0;0;0;0;0;0;0;0;0;0;3587;0;0;0;0;0;0;
40639;3391481;555216896;51077120;507879424;0;0;0;0;0;0;0;0;0;0;0;3857;0;0;0;0;0;0;
40640;4835539;555216896;51077120;507879424;0;0;0;0;0;0;0;0;0;0;0;3377;0;0;0;0;0;0;
40641;3409154;555216896;51077120;507879424;0;0;0;0;0;0;0;0;0;0;0;3667;0;0;0;0;0;0;
40642;4817985;555216896;51077120;507879424;0;0;0;0;0;0;0;0;0;0;0;3005;0;0;0;0;0;0;
40643;3335135;555216896;51077120;507879424;0;0;0;0;0;0;0;0;0;0;0;2976;0;0;0;0;0;0;
40644;4894268;555216896;51077120;507879424;0;0;0;0;0;0;0;0;0;0;0;3036;0;0;0;0;0;0;
40645;3439240;555216896;51077120;507879424;0;0;0;0;0;0;0;0;0;0;0;3737;0;0;0;0;0;0;
40646;4809821;555216896;51077120;507879424;0;0;0;0;0;0;0;0;0;0;0;3407;0;0;0;0;0;0;
40647;3477552;555216896;51077120;507879424;0;0;0;0;0;0;0;0;0;0;0;3627;0;0;0;0;0;0;
40648;4880723;555216896;51077120;507879424;0;0;0;0;0;0;0;0;0;0;0;3397;0;0;0;0;0;0;
40649;3438318;555216896;51077120;507879424;0;0;0;0;0;0;0;0;0;0;0;3888;0;0;0;0;0;0;
40650;4841880;555216896;51077120;507879424;0;0;0;0;0;0;0;0;0;0;0;3476;0;0;0;0;0;0;
40651;3273779;555216896;51077120;507879424;0;0;0;0;0;0;0;0;0;0;0;3026;0;0;0;0;0;0;
40652;4856598;555216896;51077120;507879424;0;0;0;0;0;0;0;0;0;0;0;3296;0;0;0;0;0;0;
40653;3350454;555216896;51077120;507879424;0;0;0;0;0;0;0;0;0;0;0;3878;0;0;0;0;0;0;
40654;4909327;555216896;51077120;507879424;0;0;0;0;0;0;0;0;0;0;0;2875;0;0;0;0;0;0;
40655;3284970;555216896;51077120;507879424;0;0;0;0;0;0;0;0;0;0;0;3257;0;0;0;0;0;0;
40656;4833114;555216896;51077120;507879424;0;0;0;0;0;0;0;0;0;0;0;2715;0;0;0;0;0;0;
40657;3325126;555216896;51077120;507879424;0;0;0;0;0;0;0;0;0;0;0;4007;0;0;0;0;0;0;
40658;4820510;555216896;51077120;507879424;0;0;0;0;0;0;0;0;0;0;0;3326;0;0;0;0;0;0;
40659;3642631;555216896;51077120;507879424;0;0;0;0;0;0;0;0;0;0;0;2955;0;0;0;0;0;0;
40660;4839256;555216896;51077120;507879424;0;0;0;0;0;0;0;0;0;0;0;3296;0;0;0;0;0;0;
40661;3453657;555216896;51077120;507879424;0;0;0;0;0;0;0;0;0;0;0;3727;0;0;0;0;0;0;
40662;4841811;555216896;51077120;507879424;0;0;0;0;0;0;0;0;0;0;0;3427;0;0;0;0;0;0;
40663;3358638;555216896;51077120;507879424;0;0;0;0;0;0;0;0;0;0;0;3426;0;0;0;0;0;0;
40664;4849525;555216896;51077120;507879424;0;0;0;0;0;0;0;0;0;0;0;3286;0;0;0;0;0;0;
40665;3453196;555216896;51077120;507879424;0;0;0;0;0;0;0;0;0;0;0;3236;0;0;0;0;0;0;
40666;4892074;555216896;51077120;507879424;0;0;0;0;0;0;0;0;0;0;0;3165;0;0;0;0;0;0;
40667;3461272;555216896;51077120;507879424;0;0;0;0;0;0;0;0;0;0;0;3767;0;0;0;0;0;0;
40668;4864022;555216896;51077120;507879424;0;0;0;0;0;0;0;0;0;0;0;3226;0;0;0;0;0;0;
40669;3291793;555216896;51077120;507879424;0;0;0;0;0;0;0;0;0;0;0;3437;0;0;0;0;0;0;
40670;4780555;555216896;51077120;507879424;0;0;0;0;0;0;0;0;0;0;0;3727;0;0;0;0;0;0;
40671;3310929;555216896;51077120;507879424;0;0;0;0;0;0;0;0;0;0;0;3887;0;0;0;0;0;0;
40672;4805552;555216896;51077120;507879424;0;0;0;0;0;0;0;0;0;0;0;3537;0;0;0;0;0;0;
40673;3263259;555216896;51077120;507879424;0;0;0;0;0;0;0;0;0;0;0;3327;0;0;0;0;0;0;
40674;4807786;555216896;51077120;507879424;0;0;0;0;0;0;0;0;0;0;0;2866;0;0;0;0;0;0;
40675;3254413;555216896;51077120;507879424;0;0;0;0;0;0;0;0;0;0;0;3286;0;0;0;0;0;0;
40676;4816613;555216896;51077120;507879424;0;0;0;0;0;0;0;0;0;0;0;2795;0;0;0;0;0;0;
40677;3394827;555216896;51077120;507879424;0;0;0;0;0;0;0;0;0;0;0;3316;0;0;0;0;0;0;
40678;4897976;555216896;51077120;507879424;0;0;0;0;0;0;0;0;0;0;0;3636;0;0;0;0;0;0;
40679;3366263;555216896;51077120;507879424;0;0;0;0;0;0;0;0;0;0;0;3617;0;0;0;0;0;0;
40680;4830429;555216896;51077120;507879424;0;0;0;0;0;0;0;0;0;0;0;3396;0;0;0;0;0;0;
40681;3346907;555216896;51077120;507879424;0;0;0;0;0;0;0;0;0;0;0;3175;0;0;0;0;0;0;
40682;4767982;555216896;51077120;507879424;0;0;0;0;0;0;0;0;0;0;0;3126;0;0;0;0;0;0;
40683;3384958;555216896;51077120;507879424;0;0;0;0;0;0;0;0;0;0;0;3206;0;0;0;0;0;0;
40684;4779353;555216896;51077120;507879424;0;0;0;0;0;0;0;0;0;0;0;3296;0;0;0;0;0;0;
40685;3362787;555216896;51077120;507879424;0;0;0;0;0;0;0;0;0;0;0;3126;0;0;0;0;0;0;
40686;4794041;555216896;51077120;507879424;0;0;0;0;0;0;0;0;0;0;0;3106;0;0;0;0;0;0;
40687;3362185;555216896;51077120;507879424;0;0;0;0;0;0;0;0;0;0;0;3086;0;0;0;0;0;0;
40688;4749076;555216896;51077120;507879424;0;0;0;0;0;0;0;0;0;0;0;3036;0;0;0;0;0;0;
40689;3401469;555216896;51077120;507879424;0;0;0;0;0;0;0;0;0;0;0;3006;0;0;0;0;0;0;
40690;4818487;555216896;51077120;507879424;0;0;0;0;0;0;0;0;0;0;0;3056;0;0;0;0;0;0;
40691;3498862;555216896;51077120;507879424;0;0;0;0;0;0;0;0;0;0;0;3367;0;0;0;0;0;0;
40692;4836059;555216896;51077120;507879424;0;0;0;0;0;0;0;0;0;0;0;3076;0;0;0;0;0;0;
40693;3479235;555216896;51077120;507879424;0;0;0;0;0;0;0;0;0;0;0;3366;0;0;0;0;0;0;
40694;4835489;555216896;51077120;507879424;0;0;0;0;0;0;0;0;0;0;0;3246;0;0;0;0;0;0;
40695;3474035;555216896;51077120;507879424;0;0;0;0;0;0;0;0;0;0;0;3106;0;0;0;0;0;0;
40696;4791506;555216896;51077120;507879424;0;0;0;0;0;0;0;0;0;0;0;3086;0;0;0;0;0;0;
40697;3394736;555216896;51077120;507879424;0;0;0;0;0;0;0;0;0;0;0;3236;0;0;0;0;0;0;
40698;4775836;555216896;51077120;507879424;0;0;0;0;0;0;0;0;0;0;0;2966;0;0;0;0;0;0;
40699;3386972;555216896;51077120;507879424;0;0;0;0;0;0;0;0;0;0;0;3216;0;0;0;0;0;0;
40700;4778371;555216896;51077120;507879424;0;0;0;0;0;0;0;0;0;0;0;3085;0;0;0;0;0;0;
40701;3757888;555216896;51077120;507879424;0;0;0;0;0;0;0;0;0;0;0;3667;0;0;0;0;0;0;
40702;4816352;555216896;51077120;507879424;0;0;0;0;0;0;0;0;0;0;0;3326;0;0;0;0;0;0;
40703;3396410;555216896;51077120;507879424;0;0;0;0;0;0;0;0;0;0;0;3307;0;0;0;0;0;0;
40704;4829327;555216896;51077120;507879424;0;0;0;0;0;0;0;0;0;0;0;3016;0;0;0;0;0;0;
40705;3354932;555216896;51077120;507879424;0;0;0;0;0;0;0;0;0;0;0;3216;0;0;0;0;0;0;
40706;4791536;555216896;51077120;507879424;0;0;0;0;0;0;0;0;0;0;0;3006;0;0;0;0;0;0;
40707;3374328;555216896;51077120;507879424;0;0;0;0;0;0;0;0;0;0;0;3276;0;0;0;0;0;0;
40708;4757612;555216896;51077120;507879424;0;0;0;0;0;0;0;0;0;0;0;2735;0;0;0;0;0;0;
40709;3340034;555216896;51077120;507879424;0;0;0;0;0;0;0;0;0;0;0;3386;0;0;0;0;0;0;
40710;4909547;555216896;51077120;507879424;0;0;0;0;0;0;0;0;0;0;0;3467;0;0;0;0;0;0;
40711;3273339;555216896;51077120;507879424;0;0;0;0;0;0;0;0;0;0;0;3206;0;0;0;0;0;0;
40712;4856368;555216896;51077120;507879424;0;0;0;0;0;0;0;0;0;0;0;3196;0;0;0;0;0;0;
40713;3460570;555216896;51077120;507879424;0;0;0;0;0;0;0;0;0;0;0;3096;0;0;0;0;0;0;
40714;4842933;555216896;51077120;507879424;0;0;0;0;0;0;0;0;0;0;0;2956;0;0;0;0;0;0;
40715;3482721;555216896;51077120;507879424;0;0;0;0;0;0;0;0;0;0;0;2966;0;0;0;0;0;0;
40716;4835498;555216896;51077120;507879424;0;0;0;0;0;0;0;0;0;0;0;2785;0;0;0;0;0;0;
40717;3354340;555216896;51077120;507879424;0;0;0;0;0;0;0;0;0;0;0;3166;0;0;0;0;0;0;
40718;4873189;555216896;51077120;507879424;0;0;0;0;0;0;0;0;0;0;0;3196;0;0;0;0;0;0;
40719;3357317;555216896;51077120;507879424;0;0;0;0;0;0;0;0;0;0;0;3336;0;0;0;0;0;0;
40720;4855276;555216896;51077120;507879424;0;0;0;0;0;0;0;0;0;0;0;2966;0;0;0;0;0;0;
40721;3327841;555216896;51077120;507879424;0;0;0;0;0;0;0;0;0;0;0;3337;0;0;0;0;0;0;
40722;4875253;555216896;51077120;507879424;0;0;0;0;0;0;0;0;0;0;0;3777;0;0;0;0;0;0;
40723;3384087;555216896;51077120;507879424;0;0;0;0;0;0;0;0;0;0;0;3626;0;0;0;0;0;0;
40724;4865405;555216896;51077120;507879424;0;0;0;0;0;0;0;0;0;0;0;3486;0;0;0;0;0;0;
40725;3470919;555216896;51077120;507879424;0;0;0;0;0;0;0;0;0;0;0;3546;0;0;0;0;0;0;
40726;4888868;555216896;51077120;507879424;0;0;0;0;0;0;0;0;0;0;0;3848;0;0;0;0;0;0;
40727;3313353;555216896;51077120;507879424;0;0;0;0;0;0;0;0;0;0;0;3797;0;0;0;0;0;0;
40728;4818096;555216896;51077120;507879424;0;0;0;0;0;0;0;0;0;0;0;7725;0;0;0;0;0;0;
40729;3305309;555216896;51077120;507879424;0;0;0;0;0;0;0;0;0;0;0;4298;0;0;0;0;0;0;
40730;4880673;555216896;51077120;507879424;0;0;0;0;0;0;0;0;0;0;0;3417;0;0;0;0;0;0;
40731;3334604;555216896;51077120;507879424;0;0;0;0;0;0;0;0;0;0;0;3577;0;0;0;0;0;0;
40732;4812906;555216896;51077120;507879424;0;0;0;0;0;0;0;0;0;0;0;3016;0;0;0;0;0;0;
40733;3634596;555216896;51077120;507879424;0;0;0;0;0;0;0;0;0;0;0;3497;0;0;0;0;0;0;
40734;4886474;555216896;51077120;507879424;0;0;0;0;0;0;0;0;0;0;0;3367;0;0;0;0;0;0;
40735;3399255;555216896;51077120;507879424;0;0;0;0;0;0;0;0;0;0;0;3587;0;0;0;0;0;0;
40736;4838223;555216896;51077120;507879424;0;0;0;0;0;0;0;0;0;0;0;3266;0;0;0;0;0;0;
40737;3316149;555216896;51077120;507879424;0;0;0;0;0;0;0;0;0;0;0;3286;0;0;0;0;0;0;
40738;4854183;555216896;51077120;507879424;0;0;0;0;0;0;0;0;0;0;0;3797;0;0;0;0;0;0;
40739;3490136;555216896;51077120;507879424;0;0;0;0;0;0;0;0;0;0;0;3607;0;0;0;0;0;0;
40740;4830189;555216896;51077120;507879424;0;0;0;0;0;0;0;0;0;0;0;3376;0;0;0;0;0;0;
40741;3343671;555216896;51077120;507879424;0;0;0;0;0;0;0;0;0;0;0;3897;0;0;0;0;0;0;
40742;4906782;555216896;51077120;507879424;0;0;0;0;0;0;0;0;0;0;0;3496;0;0;0;0;0;0;
40743;3354952;555216896;51077120;507879424;0;0;0;0;0;0;0;0;0;0;0;3517;0;0;0;0;0;0;
40744;4883017;555216896;51077120;507879424;0;0;0;0;0;0;0;0;0;0;0;3526;0;0;0;0;0;0;
40745;3378446;555216896;51077120;507879424;0;0;0;0;0;0;0;0;0;0;0;3577;0;0;0;0;0;0;
40746;4815200;555216896;51077120;507879424;0;0;0;0;0;0;0;0;0;0;0;3076;0;0;0;0;0;0;
40747;3309016;555216896;51077120;507879424;0;0;0;0;0;0;0;0;0;0;0;3146;0;0;0;0;0;0;
40748;4878930;555216896;51077120;507879424;0;0;0;0;0;0;0;0;0;0;0;3256;0;0;0;0;0;0;
40749;3422128;555216896;51077120;507879424;0;0;0;0;0;0;0;0;0;0;0;3546;0;0;0;0;0;0;
40750;4826331;555216896;51077120;507879424;0;0;0;0;0;0;0;0;0;0;0;3106;0;0;0;0;0;0;
40751;3334233;555216896;51077120;507879424;0;0;0;0;0;0;0;0;0;0;0;3396;0;0;0;0;0;0;
40752;4798058;555216896;51077120;507879424;0;0;0;0;0;0;0;0;0;0;0;3186;0;0;0;0;0;0;
40753;3371002;555216896;51077120;507879424;0;0;0;0;0;0;0;0;0;0;0;3266;0;0;0;0;0;0;
40754;7964987;555216896;51077120;507879424;0;0;0;0;0;0;0;0;0;0;0;3646;0;0;0;0;0;0;
40755;10282473;555216896;51077120;507879424;0;0;0;0;0;0;0;0;0;0;0;5079;0;0;0;0;0;0;
40756;5439421;555216896;51077120;507879424;0;0;0;0;0;0;0;0;0;0;0;4569;0;0;0;0;0;0;
40757;3509301;555216896;51077120;507879424;0;0;0;0;0;0;0;0;0;0;0;4047;0;0;0;0;0;0;
40758;4817054;555216896;51077120;507879424;0;0;0;0;0;0;0;0;0;0;0;3517;0;0;0;0;0;0;
40759;3442176;555216896;51077120;507879424;0;0;0;0;0;0;0;0;0;0;0;3507;0;0;0;0;0;0;
40760;4830479;555216896;51077120;507879424;0;0;0;0;0;0;0;0;0;0;0;3567;0;0;0;0;0;0;
40761;3362937;555216896;51077120;507879424;0;0;0;0;0;0;0;0;0;0;0;3407;0;0;0;0;0;0;
40762;4790534;555216896;51077120;507879424;0;0;0;0;0;0;0;0;0;0;0;3316;0;0;0;0;0;0;
40763;3361805;555216896;51077120;507879424;0;0;0;0;0;0;0;0;0;0;0;3446;0;0;0;0;0;0;
40764;4834266;555216896;51077120;507879424;0;0;0;0;0;0;0;0;0;0;0;3316;0;0;0;0;0;0;
40765;3334503;555216896;51077120;507879424;0;0;0;0;0;0;0;0;0;0;0;3176;0;0;0;0;0;0;
40766;4785796;555216896;51077120;507879424;0;0;0;0;0;0;0;0;0;0;0;3236;0;0;0;0;0;0;
40767;3330857;555216896;51077120;507879424;0;0;0;0;0;0;0;0;0;0;0;4028;0;0;0;0;0;0;
40768;4892816;555216896;51077120;507879424;0;0;0;0;0;0;0;0;0;0;0;3566;0;0;0;0;0;0;
40769;3329374;555216896;51077120;507879424;0;0;0;0;0;0;0;0;0;0;0;3707;0;0;0;0;0;0;
40770;4857740;555216896;51077120;507879424;0;0;0;0;0;0;0;0;0;0;0;3617;0;0;0;0;0;0;
40771;3345825;555216896;51077120;507879424;0;0;0;0;0;0;0;0;0;0;0;3547;0;0;0;0;0;0;
40772;4785254;555216896;51077120;507879424;0;0;0;0;0;0;0;0;0;0;0;4078;0;0;0;0;0;0;
40773;3378827;555216896;51077120;507879424;0;0;0;0;0;0;0;0;0;0;0;3978;0;0;0;0;0;0;
40774;4746412;555216896;51077120;507879424;0;0;0;0;0;0;0;0;0;0;0;2775;0;0;0;0;0;0;
40775;3354691;555216896;51077120;507879424;0;0;0;0;0;0;0;0;0;0;0;3136;0;0;0;0;0;0;
40776;4784483;555216896;51077120;507879424;0;0;0;0;0;0;0;0;0;0;0;3446;0;0;0;0;0;0;
40777;3287936;555216896;51077120;507879424;0;0;0;0;0;0;0;0;0;0;0;3236;0;0;0;0;0;0;
40778;4803218;555216896;51077120;507879424;0;0;0;0;0;0;0;0;0;0;0;2765;0;0;0;0;0;0;
40779;3389647;555216896;51077120;507879424;0;0;0;0;0;0;0;0;0;0;0;3737;0;0;0;0;0;0;
40780;4869733;555216896;51077120;507879424;0;0;0;0;0;0;0;0;0;0;0;3416;0;0;0;0;0;0;
40781;3397531;555216896;51077120;507879424;0;0;0;0;0;0;0;0;0;0;0;3466;0;0;0;0;0;0;
40782;4855616;555216896;51077120;507879424;0;0;0;0;0;0;0;0;0;0;0;3636;0;0;0;0;0;0;
40783;3373407;555216896;51077120;507879424;0;0;0;0;0;0;0;0;0;0;0;3747;0;0;0;0;0;0;
40784;4929915;555216896;51077120;507879424;0;0;0;0;0;0;0;0;0;0;0;3417;0;0;0;0;0;0;
40785;3401599;555216896;51077120;507879424;0;0;0;0;0;0;0;0;0;0;0;3898;0;0;0;0;0;0;
40786;4868691;555216896;51077120;507879424;0;0;0;0;0;0;0;0;0;0;0;3316;0;0;0;0;0;0;
40787;3350273;555216896;51077120;507879424;0;0;0;0;0;0;0;0;0;0;0;3176;0;0;0;0;0;0;
40788;4865224;555216896;51077120;507879424;0;0;0;0;0;0;0;0;0;0;0;2875;0;0;0;0;0;0;
40789;3388244;555216896;51077120;507879424;0;0;0;0;0;0;0;0;0;0;0;3196;0;0;0;0;0;0;
40790;4878800;555216896;51077120;507879424;0;0;0;0;0;0;0;0;0;0;0;3266;0;0;0;0;0;0;
40791;3332290;555216896;51077120;507879424;0;0;0;0;0;0;0;0;0;0;0;3296;0;0;0;0;0;0;
40792;4876816;555216896;51077120;507879424;0;0;0;0;0;0;0;0;0;0;0;3527;0;0;0;0;0;0;
40793;3386681;555216896;51077120;507879424;0;0;0;0;0;0;0;0;0;0;0;3396;0;0;0;0;0;0;
40794;4787358;555216896;51077120;507879424;0;0;0;0;0;0;0;0;0;0;0;2875;0;0;0;0;0;0;
40795;3375060;555216896;51077120;507879424;0;0;0;0;0;0;0;0;0;0;0;3437;0;0;0;0;0;0;
40796;4817024;555216896;51077120;507879424;0;0;0;0;0;0;0;0;0;0;0;3346;0;0;0;0;0;0;
40797;3285943;555216896;51077120;507879424;0;0;0;0;0;0;0;0;0;0;0;3306;0;0;0;0;0;0;
40798;4869893;555216896;51077120;507879424;0;0;0;0;0;0;0;0;0;0;0;3396;0;0;0;0;0;0;
40799;3369179;555216896;51077120;507879424;0;0;0;0;0;0;0;0;0;0;0;3717;0;0;0;0;0;0;
40800;4924104;555216896;51077120;507879424;0;0;0;0;0;0;0;0;0;0;0;3286;0;0;0;0;0;0;
40801;3408352;555216896;51077120;507879424;0;0;0;0;0;0;0;0;0;0;0;4338;0;0;0;0;0;0;
40802;4820200;555216896;51077120;507879424;0;0;0;0;0;0;0;0;0;0;0;3006;0;0;0;0;0;0;
40803;3254103;555216896;51077120;507879424;0;0;0;0;0;0;0;0;0;0;0;3266;0;0;0;0;0;0;
40804;4815561;555216896;51077120;507879424;0;0;0;0;0;0;0;0;0;0;0;3066;0;0;0;0;0;0;
40805;3285692;555216896;51077120;507879424;0;0;0;0;0;0;0;0;0;0;0;3206;0;0;0;0;0;0;
40806;4769835;555216896;51077120;507879424;0;0;0;0;0;0;0;0;0;0;0;2736;0;0;0;0;0;0;
40807;3575125;555216896;51077120;507879424;0;0;0;0;0;0;0;0;0;0;0;3166;0;0;0;0;0;0;
40808;4755839;555216896;51077120;507879424;0;0;0;0;0;0;0;0;0;0;0;2735;0;0;0;0;0;0;
40809;3303967;555216896;51077120;507879424;0;0;0;0;0;0;0;0;0;0;0;3076;0;0;0;0;0;0;
40810;4712468;555216896;51077120;507879424;0;0;0;0;0;0;0;0;0;0;0;3387;0;0;0;0;0;0;
40811;3293637;555216896;51077120;507879424;0;0;0;0;0;0;0;0;0;0;0;3407;0;0;0;0;0;0;
40812;4897124;555216896;51077120;507879424;0;0;0;0;0;0;0;0;0;0;0;3226;0;0;0;0;0;0;
40813;3469257;555216896;51085312;507887616;0;0;0;0;0;0;0;0;0;0;0;3046;0;0;0;0;0;0;
40814;4859504;555216896;51085312;507887616;0;0;0;0;0;0;0;0;0;0;0;3126;0;0;0;0;0;0;
40815;3319656;555216896;51085312;507887616;0;0;0;0;0;0;0;0;0;0;0;3206;0;0;0;0;0;0;
40816;4772631;555216896;51085312;507887616;0;0;0;0;0;0;0;0;0;0;0;3006;0;0;0;0;0;0;
40817;3292815;555216896;51085312;507887616;0;0;0;0;0;0;0;0;0;0;0;3106;0;0;0;0;0;0;
40818;4790855;555216896;51085312;507887616;0;0;0;0;0;0;0;0;0;0;0;3086;0;0;0;0;0;0;
40819;3368898;555257856;51077120;507879424;0;0;0;0;0;0;0;0;0;0;0;3105;0;0;0;0;0;0;
40820;4831501;555257856;51077120;507879424;0;0;0;0;0;0;0;0;0;0;0;3046;0;0;0;0;0;0;
40821;3297704;555257856;51077120;507879424;0;0;0;0;0;0;0;0;0;0;0;3035;0;0;0;0;0;0;
40822;4783751;555257856;51077120;507879424;0;0;0;0;0;0;0;0;0;0;0;3306;0;0;0;0;0;0;
40823;3289649;555257856;51077120;507879424;0;0;0;0;0;0;0;0;0;0;0;2886;0;0;0;0;0;0;
40824;4822274;555257856;51077120;507879424;0;0;0;0;0;0;0;0;0;0;0;2915;0;0;0;0;0;0;
40825;3234275;555257856;51077120;507879424;0;0;0;0;0;0;0;0;0;0;0;3136;0;0;0;0;0;0;
40826;4779894;555257856;51077120;507879424;0;0;0;0;0;0;0;0;0;0;0;2955;0;0;0;0;0;0;
40827;3292655;555257856;51077120;507879424;0;0;0;0;0;0;0;0;0;0;0;3457;0;0;0;0;0;0;
40828;4803929;555257856;51077120;507879424;0;0;0;0;0;0;0;0;0;0;0;3146;0;0;0;0;0;0;
40829;3345895;555257856;51077120;507879424;0;0;0;0;0;0;0;0;0;0;0;3326;0;0;0;0;0;0;
40830;4844926;555257856;51077120;507879424;0;0;0;0;0;0;0;0;0;0;0;3166;0;0;0;0;0;0;
40831;3451092;555257856;51077120;507879424;0;0;0;0;0;0;0;0;0;0;0;3287;0;0;0;0;0;0;
40832;4835228;555257856;51077120;507879424;0;0;0;0;0;0;0;0;0;0;0;2875;0;0;0;0;0;0;
40833;3307663;555257856;51077120;507879424;0;0;0;0;0;0;0;0;0;0;0;3035;0;0;0;0;0;0;
40834;4820831;555257856;51077120;507879424;0;0;0;0;0;0;0;0;0;0;0;3075;0;0;0;0;0;0;
40835;3324935;555257856;51077120;507879424;0;0;0;0;0;0;0;0;0;0;0;3106;0;0;0;0;0;0;
40836;4841099;555257856;51077120;507879424;0;0;0;0;0;0;0;0;0;0;0;3397;0;0;0;0;0;0;
40837;3424783;555257856;51077120;507879424;0;0;0;0;0;0;0;0;0;0;0;3577;0;0;0;0;0;0;
40838;4804951;555257856;51077120;507879424;0;0;0;0;0;0;0;0;0;0;0;3056;0;0;0;0;0;0;
40839;3416277;555257856;51077120;507879424;0;0;0;0;0;0;0;0;0;0;0;3286;0;0;0;0;0;0;
40840;4783972;555257856;51077120;507879424;0;0;0;0;0;0;0;0;0;0;0;3006;0;0;0;0;0;0;
40841;3322410;555257856;51077120;507879424;0;0;0;0;0;0;0;0;0;0;0;2985;0;0;0;0;0;0;
40842;5239566;555257856;51077120;507879424;0;0;0;0;0;0;0;0;0;0;0;3347;0;0;0;0;0;0;
40843;3266526;555257856;51077120;507879424;0;0;0;0;0;0;0;0;0;0;0;3256;0;0;0;0;0;0;
40844;4774895;555257856;51077120;507879424;0;0;0;0;0;0;0;0;0;0;0;3086;0;0;0;0;0;0;
40845;3387673;555257856;51077120;507879424;0;0;0;0;0;0;0;0;0;0;0;3647;0;0;0;0;0;0;
40846;4893247;555257856;51077120;507879424;0;0;0;0;0;0;0;0;0;0;0;3486;0;0;0;0;0;0;
40847;3318543;555257856;51077120;507879424;0;0;0;0;0;0;0;0;0;0;0;3858;0;0;0;0;0;0;
40848;4807386;555257856;51077120;507879424;0;0;0;0;0;0;0;0;0;0;0;3286;0;0;0;0;0;0;
40849;3323383;555257856;51077120;507879424;0;0;0;0;0;0;0;0;0;0;0;3607;0;0;0;0;0;0;
40850;4864583;555257856;51077120;507879424;0;0;0;0;0;0;0;0;0;0;0;3316;0;0;0;0;0;0;
40851;3331157;555257856;51077120;507879424;0;0;0;0;0;0;0;0;0;0;0;3587;0;0;0;0;0;0;
40852;4791115;555257856;51077120;507879424;0;0;0;0;0;0;0;0;0;0;0;3116;0;0;0;0;0;0;
40853;3395518;555257856;51077120;507879424;0;0;0;0;0;0;0;0;0;0;0;3206;0;0;0;0;0;0;
40854;4846489;555257856;51077120;507879424;0;0;0;0;0;0;0;0;0;0;0;3166;0;0;0;0;0;0;
40855;3292294;555257856;51077120;507879424;0;0;0;0;0;0;0;0;0;0;0;3316;0;0;0;0;0;0;
40856;4763343;555257856;51077120;507879424;0;0;0;0;0;0;0;0;0;0;0;3006;0;0;0;0;0;0;
40857;3345774;555257856;51077120;507879424;0;0;0;0;0;0;0;0;0;0;0;3517;0;0;0;0;0;0;
40858;4863401;555257856;51077120;507879424;0;0;0;0;0;0;0;0;0;0;0;3226;0;0;0;0;0;0;
40859;3330647;555257856;51077120;507879424;0;0;0;0;0;0;0;0;0;0;0;3367;0;0;0;0;0;0;
40860;4810181;555257856;51077120;507879424;0;0;0;0;0;0;0;0;0;0;0;3156;0;0;0;0;0;0;
40861;3346415;555257856;51077120;507879424;0;0;0;0;0;0;0;0;0;0;0;3296;0;0;0;0;0;0;
40862;4842541;555257856;51077120;507879424;0;0;0;0;0;0;0;0;0;0;0;3247;0;0;0;0;0;0;
40863;3423049;555257856;51077120;507879424;0;0;0;0;0;0;0;0;0;0;0;3747;0;0;0;0;0;0;
40864;4790884;555257856;51077120;507879424;0;0;0;0;0;0;0;0;0;0;0;2955;0;0;0;0;0;0;
40865;3438308;555257856;51077120;507879424;0;0;0;0;0;0;0;0;0;0;0;2946;0;0;0;0;0;0;
40866;4802216;555257856;51077120;507879424;0;0;0;0;0;0;0;0;0;0;0;3236;0;0;0;0;0;0;
40867;3396320;555257856;51077120;507879424;0;0;0;0;0;0;0;0;0;0;0;3155;0;0;0;0;0;0;
40868;4778692;555257856;51077120;507879424;0;0;0;0;0;0;0;0;0;0;0;2806;0;0;0;0;0;0;
40869;3291503;555257856;51077120;507879424;0;0;0;0;0;0;0;0;0;0;0;2846;0;0;0;0;0;0;
40870;4783361;555257856;51077120;507879424;0;0;0;0;0;0;0;0;0;0;0;2885;0;0;0;0;0;0;
40871;3241539;555257856;51077120;507879424;0;0;0;0;0;0;0;0;0;0;0;2785;0;0;0;0;0;0;
40872;4834827;555257856;51077120;507879424;0;0;0;0;0;0;0;0;0;0;0;2726;0;0;0;0;0;0;
40873;3364269;555257856;51077120;507879424;0;0;0;0;0;0;0;0;0;0;0;3307;0;0;0;0;0;0;
40874;4903176;555257856;51077120;507879424;0;0;0;0;0;0;0;0;0;0;0;3206;0;0;0;0;0;0;
40875;3347428;555257856;51077120;507879424;0;0;0;0;0;0;0;0;0;0;0;3447;0;0;0;0;0;0;
40876;4780125;555257856;51077120;507879424;0;0;0;0;0;0;0;0;0;0;0;3236;0;0;0;0;0;0;
40877;3360091;555257856;51077120;507879424;0;0;0;0;0;0;0;0;0;0;0;3427;0;0;0;0;0;0;
40878;4854855;555257856;51077120;507879424;0;0;0;0;0;0;0;0;0;0;0;3477;0;0;0;0;0;0;
40879;3283838;555257856;51077120;507879424;0;0;0;0;0;0;0;0;0;0;0;2735;0;0;0;0;0;0;
40880;4761720;555257856;51077120;507879424;0;0;0;0;0;0;0;0;0;0;0;2725;0;0;0;0;0;0;
40881;3645787;555257856;51077120;507879424;0;0;0;0;0;0;0;0;0;0;0;2935;0;0;0;0;0;0;
40882;4798549;555257856;51077120;507879424;0;0;0;0;0;0;0;0;0;0;0;2996;0;0;0;0;0;0;
40883;3352637;555257856;51077120;507879424;0;0;0;0;0;0;0;0;0;0;0;3116;0;0;0;0;0;0;
40884;4774294;555257856;51077120;507879424;0;0;0;0;0;0;0;0;0;0;0;3005;0;0;0;0;0;0;
40885;3360793;555257856;51077120;507879424;0;0;0;0;0;0;0;0;0;0;0;3046;0;0;0;0;0;0;
40886;4768332;555257856;51077120;507879424;0;0;0;0;0;0;0;0;0;0;0;2965;0;0;0;0;0;0;
40887;3504222;555257856;51077120;507879424;0;0;0;0;0;0;0;0;0;0;0;2926;0;0;0;0;0;0;
40888;4799932;555257856;51077120;507879424;0;0;0;0;0;0;0;0;0;0;0;2886;0;0;0;0;0;0;
40889;3364730;555257856;51077120;507879424;0;0;0;0;0;0;0;0;0;0;0;3436;0;0;0;0;0;0;
40890;4842712;555257856;51077120;507879424;0;0;0;0;0;0;0;0;0;0;0;3075;0;0;0;0;0;0;
40891;3280212;555257856;51077120;507879424;0;0;0;0;0;0;0;0;0;0;0;3196;0;0;0;0;0;0;
40892;4834667;555257856;51077120;507879424;0;0;0;0;0;0;0;0;0;0;0;2915;0;0;0;0;0;0;
40893;3320347;555257856;51077120;507879424;0;0;0;0;0;0;0;0;0;0;0;3577;0;0;0;0;0;0;
40894;4779122;555257856;51077120;507879424;0;0;0;0;0;0;0;0;0;0;0;3226;0;0;0;0;0;0;
40895;3302684;555257856;51077120;507879424;0;0;0;0;0;0;0;0;0;0;0;3006;0;0;0;0;0;0;
40896;4855536;555257856;51077120;507879424;0;0;0;0;0;0;0;0;0;0;0;3196;0;0;0;0;0;0;
40897;3320427;555257856;51077120;507879424;0;0;0;0;0;0;0;0;0;0;0;3196;0;0;0;0;0;0;
40898;4781066;555257856;51077120;507879424;0;0;0;0;0;0;0;0;0;0;0;2815;0;0;0;0;0;0;
40899;3345735;555257856;51077120;507879424;0;0;0;0;0;0;0;0;0;0;0;3217;0;0;0;0;0;0;
40900;4857870;555257856;51077120;507879424;0;0;0;0;0;0;0;0;0;0;0;2565;0;0;0;0;0;0;
40901;3569374;555257856;51077120;507879424;0;0;0;0;0;0;0;0;0;0;0;3446;0;0;0;0;0;0;
40902;4915749;555257856;51077120;507879424;0;0;0;0;0;0;0;0;0;0;0;3326;0;0;0;0;0;0;
40903;3372876;555257856;51077120;507879424;0;0;0;0;0;0;0;0;0;0;0;3376;0;0;0;0;0;0;
40904;4934053;555257856;51077120;507879424;0;0;0;0;0;0;0;0;0;0;0;3457;0;0;0;0;0;0;
40905;3336858;555257856;51077120;507879424;0;0;0;0;0;0;0;0;0;0;0;3526;0;0;0;0;0;0;
40906;4837101;555257856;51077120;507879424;0;0;0;0;0;0;0;0;0;0;0;2965;0;0;0;0;0;0;
40907;3373186;555257856;51077120;507879424;0;0;0;0;0;0;0;0;0;0;0;2976;0;0;0;0;0;0;
40908;4841479;555257856;51077120;507879424;0;0;0;0;0;0;0;0;0;0;0;2866;0;0;0;0;0;0;
40909;3372144;555257856;51077120;507879424;0;0;0;0;0;0;0;0;0;0;0;3006;0;0;0;0;0;0;
40910;4922401;555257856;51077120;507879424;0;0;0;0;0;0;0;0;0;0;0;2685;0;0;0;0;0;0;
40911;3394166;555257856;51077120;507879424;0;0;0;0;0;0;0;0;0;0;0;3196;0;0;0;0;0;0;
40912;4817885;555257856;51077120;507879424;0;0;0;0;0;0;0;0;0;0;0;2966;0;0;0;0;0;0;
40913;3409224;555257856;51077120;507879424;0;0;0;0;0;0;0;0;0;0;0;3176;0;0;0;0;0;0;
40914;4753354;555257856;51077120;507879424;0;0;0;0;0;0;0;0;0;0;0;2976;0;0;0;0;0;0;
40915;3426196;555257856;51077120;507879424;0;0;0;0;0;0;0;0;0;0;0;3366;0;0;0;0;0;0;
40916;4860445;555257856;51077120;507879424;0;0;0;0;0;0;0;0;0;0;0;3937;0;0;0;0;0;0;
40917;3282957;555257856;51077120;507879424;0;0;0;0;0;0;0;0;0;0;0;3527;0;0;0;0;0;0;
40918;4797697;555257856;51077120;507879424;0;0;0;0;0;0;0;0;0;0;0;2915;0;0;0;0;0;0;
40919;3295631;555257856;51077120;507879424;0;0;0;0;0;0;0;0;0;0;0;3377;0;0;0;0;0;0;
40920;4795133;555257856;51077120;507879424;0;0;0;0;0;0;0;0;0;0;0;3286;0;0;0;0;0;0;
40921;3274221;555257856;51077120;507879424;0;0;0;0;0;0;0;0;0;0;0;3757;0;0;0;0;0;0;
40922;4816253;555257856;51077120;507879424;0;0;0;0;0;0;0;0;0;0;0;3426;0;0;0;0;0;0;
40923;3217374;555257856;51077120;507879424;0;0;0;0;0;0;0;0;0;0;0;3657;0;0;0;0;0;0;
40924;4891293;555257856;51077120;507879424;0;0;0;0;0;0;0;0;0;0;0;3496;0;0;0;0;0;0;
40925;3231760;555257856;51077120;507879424;0;0;0;0;0;0;0;0;0;0;0;3376;0;0;0;0;0;0;
40926;4789381;555257856;51077120;507879424;0;0;0;0;0;0;0;0;0;0;0;3216;0;0;0;0;0;0;
40927;3192066;555257856;51077120;507879424;0;0;0;0;0;0;0;0;0;0;0;3346;0;0;0;0;0;0;
40928;4848022;555257856;51077120;507879424;0;0;0;0;0;0;0;0;0;0;0;3387;0;0;0;0;0;0;
40929;3244194;555257856;51077120;507879424;0;0;0;0;0;0;0;0;0;0;0;3727;0;0;0;0;0;0;
40930;4863121;555257856;51077120;507879424;0;0;0;0;0;0;0;0;0;0;0;3376;0;0;0;0;0;0;
40931;3717291;555257856;51077120;507879424;0;0;0;0;0;0;0;0;0;0;0;3737;0;0;0;0;0;0;
40932;4860435;555257856;51077120;507879424;0;0;0;0;0;0;0;0;0;0;0;3396;0;0;0;0;0;0;
40933;3196254;555257856;51077120;507879424;0;0;0;0;0;0;0;0;0;0;0;3557;0;0;0;0;0;0;
40934;4930887;555257856;51077120;507879424;0;0;0;0;0;0;0;0;0;0;0;3357;0;0;0;0;0;0;
40935;3217714;555257856;51085312;507887616;0;0;0;0;0;0;0;0;0;0;0;3537;0;0;0;0;0;0;
40936;4884430;555257856;51085312;507887616;0;0;0;0;0;0;0;0;0;0;0;3386;0;0;0;0;0;0;
40937;3156970;555257856;51085312;507887616;0;0;0;0;0;0;0;0;0;0;0;3436;0;0;0;0;0;0;
40938;4741612;555257856;51085312;507887616;0;0;0;0;0;0;0;0;0;0;0;3086;0;0;0;0;0;0;
40939;3178230;555257856;51085312;507887616;0;0;0;0;0;0;0;0;0;0;0;3566;0;0;0;0;0;0;
40940;4790434;555257856;51085312;507887616;0;0;0;0;0;0;0;0;0;0;0;3296;0;0;0;0;0;0;
40941;3226782;555278336;51077120;507879424;0;0;0;0;0;0;0;0;0;0;0;3336;0;0;0;0;0;0;
40942;4839917;555278336;51077120;507879424;0;0;0;0;0;0;0;0;0;0;0;3206;0;0;0;0;0;0;
40943;3131513;555278336;51077120;507879424;0;0;0;0;0;0;0;0;0;0;0;3417;0;0;0;0;0;0;
40944;4888778;555278336;51077120;507879424;0;0;0;0;0;0;0;0;0;0;0;3457;0;0;0;0;0;0;
40945;3154726;555278336;51077120;507879424;0;0;0;0;0;0;0;0;0;0;0;3406;0;0;0;0;0;0;
40946;4861307;555278336;51077120;507879424;0;0;0;0;0;0;0;0;0;0;0;3116;0;0;0;0;0;0;
40947;3134469;555278336;51077120;507879424;0;0;0;0;0;0;0;0;0;0;0;3527;0;0;0;0;0;0;
40948;4851519;555278336;51077120;507879424;0;0;0;0;0;0;0;0;0;0;0;3196;0;0;0;0;0;0;
40949;3217875;555278336;51077120;507879424;0;0;0;0;0;0;0;0;0;0;0;3456;0;0;0;0;0;0;
40950;4831010;555278336;51077120;507879424;0;0;0;0;0;0;0;0;0;0;0;2945;0;0;0;0;0;0;
40951;3163152;555278336;51077120;507879424;0;0;0;0;0;0;0;0;0;0;0;3216;0;0;0;0;0;0;
40952;4766750;555278336;51077120;507879424;0;0;0;0;0;0;0;0;0;0;0;3536;0;0;0;0;0;0;
40953;3115473;555278336;51077120;507879424;0;0;0;0;0;0;0;0;0;0;0;3567;0;0;0;0;0;0;
40954;4786386;555278336;51077120;507879424;0;0;0;0;0;0;0;0;0;0;0;3136;0;0;0;0;0;0;
40955;3404595;555278336;51077120;507879424;0;0;0;0;0;0;0;0;0;0;0;3216;0;0;0;0;0;0;
40956;4687561;555278336;51077120;507879424;0;0;0;0;0;0;0;0;0;0;0;3496;0;0;0;0;0;0;
40957;3136332;555278336;51077120;507879424;0;0;0;0;0;0;0;0;0;0;0;4208;0;0;0;0;0;0;
40958;4665579;555278336;51077120;507879424;0;0;0;0;0;0;0;0;0;0;0;3587;0;0;0;0;0;0;
40959;3123518;555278336;51077120;507879424;0;0;0;0;0;0;0;0;0;0;0;3828;0;0;0;0;0;0;
40960;4675328;555278336;51077120;507879424;0;0;0;0;0;0;0;0;0;0;0;3376;0;0;0;0;0;0;
40961;3312662;555278336;51077120;507879424;0;0;0;0;0;0;0;0;0;0;0;3266;0;0;0;0;0;0;
40962;4702930;555278336;51077120;507879424;0;0;0;0;0;0;0;0;0;0;0;3126;0;0;0;0;0;0;
40963;3070168;555278336;51077120;507879424;0;0;0;0;0;0;0;0;0;0;0;3787;0;0;0;0;0;0;
40964;4695325;555278336;51077120;507879424;0;0;0;0;0;0;0;0;0;0;0;3196;0;0;0;0;0;0;
40965;3077882;555278336;51077120;507879424;0;0;0;0;0;0;0;0;0;0;0;3496;0;0;0;0;0;0;
40966;4711185;555278336;51077120;507879424;0;0;0;0;0;0;0;0;0;0;0;3327;0;0;0;0;0;0;
40967;3042967;555278336;51077120;507879424;0;0;0;0;0;0;0;0;0;0;0;3307;0;0;0;0;0;0;
40968;4674086;555278336;51077120;507879424;0;0;0;0;0;0;0;0;0;0;0;2815;0;0;0;0;0;0;
40969;3212385;555278336;51077120;507879424;0;0;0;0;0;0;0;0;0;0;0;3998;0;0;0;0;0;0;
40970;4903185;555278336;51077120;507879424;0;0;0;0;0;0;0;0;0;0;0;3637;0;0;0;0;0;0;
40971;3638453;555278336;51077120;507879424;0;0;0;0;0;0;0;0;0;0;0;3657;0;0;0;0;0;0;
40972;4971323;555278336;51077120;507879424;0;0;0;0;0;0;0;0;0;0;0;3226;0;0;0;0;0;0;
40973;3543636;555278336;51077120;507879424;0;0;0;0;0;0;0;0;0;0;0;3006;0;0;0;0;0;0;
40974;4925387;555278336;51077120;507879424;0;0;0;0;0;0;0;0;0;0;0;2985;0;0;0;0;0;0;
40975;3523668;555278336;51077120;507879424;0;0;0;0;0;0;0;0;0;0;0;3277;0;0;0;0;0;0;
40976;4944072;555278336;51077120;507879424;0;0;0;0;0;0;0;0;0;0;0;3366;0;0;0;0;0;0;
40977;3632793;555278336;51077120;507879424;0;0;0;0;0;0;0;0;0;0;0;3286;0;0;0;0;0;0;
40978;4880322;555278336;51077120;507879424;0;0;0;0;0;0;0;0;0;0;0;4158;0;0;0;0;0;0;
40979;3582789;555278336;51077120;507879424;0;0;0;0;0;0;0;0;0;0;0;3667;0;0;0;0;0;0;
40980;4941608;555278336;51077120;507879424;0;0;0;0;0;0;0;0;0;0;0;4147;0;0;0;0;0;0;
40981;3588380;555278336;51077120;507879424;0;0;0;0;0;0;0;0;0;0;0;3877;0;0;0;0;0;0;
40982;4966084;555278336;51077120;507879424;0;0;0;0;0;0;0;0;0;0;0;3587;0;0;0;0;0;0;
40983;3716160;555278336;51077120;507879424;0;0;0;0;0;0;0;0;0;0;0;3897;0;0;0;0;0;0;
40984;4872248;555278336;51077120;507879424;0;0;0;0;0;0;0;0;0;0;0;3567;0;0;0;0;0;0;
40985;3679110;555278336;51077120;507879424;0;0;0;0;0;0;0;0;0;0;0;3888;0;0;0;0;0;0;
40986;4889078;555278336;51077120;507879424;0;0;0;0;0;0;0;0;0;0;0;3677;0;0;0;0;0;0;
40987;3696783;555278336;51077120;507879424;0;0;0;0;0;0;0;0;0;0;0;4147;0;0;0;0;0;0;
40988;4900260;555278336;51077120;507879424;0;0;0;0;0;0;0;0;0;0;0;3547;0;0;0;0;0;0;
40989;3729264;555278336;51077120;507879424;0;0;0;0;0;0;0;0;0;0;0;3737;0;0;0;0;0;0;
40990;4944413;555278336;51077120;507879424;0;0;0;0;0;0;0;0;0;0;0;3777;0;0;0;0;0;0;
40991;3790929;555278336;51077120;507879424;0;0;0;0;0;0;0;0;0;0;0;3777;0;0;0;0;0;0;
40992;4962356;555278336;51077120;507879424;0;0;0;0;0;0;0;0;0;0;0;3867;0;0;0;0;0;0;
40993;3830023;555278336;51077120;507879424;0;0;0;0;0;0;0;0;0;0;0;3897;0;0;0;0;0;0;
40994;4971563;555278336;51077120;507879424;0;0;0;0;0;0;0;0;0;0;0;3807;0;0;0;0;0;0;
40995;12934748;555278336;51077120;507879424;0;0;0;0;0;0;0;0;0;0;0;3717;0;0;0;0;0;0;
40996;5220811;555278336;51077120;507879424;0;0;0;0;0;0;0;0;0;0;0;3797;0;0;0;0;0;0;
40997;3592527;555278336;51077120;507879424;0;0;0;0;0;0;0;0;0;0;0;2845;0;0;0;0;0;0;
40998;4817384;555278336;51077120;507879424;0;0;0;0;0;0;0;0;0;0;0;3095;0;0;0;0;0;0;
40999;3372435;555278336;51077120;507879424;0;0;0;0;0;0;0;0;0;0;0;3567;0;0;0;0;0;0;
41000;4834156;555278336;51077120;507879424;0;0;0;0;0;0;0;0;0;0;0;3306;0;0;0;0;0;0;
41001;3353489;555278336;51077120;507879424;0;0;0;0;0;0;0;0;0;0;0;3406;0;0;0;0;0;0;
41002;4904738;555278336;51077120;507879424;0;0;0;0;0;0;0;0;0;0;0;3297;0;0;0;0;0;0;
41003;3340855;555278336;51077120;507879424;0;0;0;0;0;0;0;0;0;0;0;3286;0;0;0;0;0;0;
41004;4764054;555278336;51077120;507879424;0;0;0;0;0;0;0;0;0;0;0;3045;0;0;0;0;0;0;
41005;3324434;555278336;51077120;507879424;0;0;0;0;0;0;0;0;0;0;0;3226;0;0;0;0;0;0;
41006;4877567;555278336;51077120;507879424;0;0;0;0;0;0;0;0;0;0;0;3026;0;0;0;0;0;0;
41007;3288156;555278336;51077120;507879424;0;0;0;0;0;0;0;0;0;0;0;2985;0;0;0;0;0;0;
41008;4737634;555278336;51077120;507879424;0;0;0;0;0;0;0;0;0;0;0;2815;0;0;0;0;0;0;
41009;3340645;555278336;51077120;507879424;0;0;0;0;0;0;0;0;0;0;0;3397;0;0;0;0;0;0;
41010;4871055;555278336;51077120;507879424;0;0;0;0;0;0;0;0;0;0;0;3356;0;0;0;0;0;0;
41011;3346055;555278336;51077120;507879424;0;0;0;0;0;0;0;0;0;0;0;3286;0;0;0;0;0;0;
41012;4857420;555278336;51077120;507879424;0;0;0;0;0;0;0;0;0;0;0;3035;0;0;0;0;0;0;
41013;3390638;555278336;51077120;507879424;0;0;0;0;0;0;0;0;0;0;0;3456;0;0;0;0;0;0;
41014;4851248;555278336;51077120;507879424;0;0;0;0;0;0;0;0;0;0;0;3527;0;0;0;0;0;0;
41015;3372495;555278336;51077120;507879424;0;0;0;0;0;0;0;0;0;0;0;3456;0;0;0;0;0;0;
41016;4862910;555278336;51077120;507879424;0;0;0;0;0;0;0;0;0;0;0;3216;0;0;0;0;0;0;
41017;3297744;555278336;51077120;507879424;0;0;0;0;0;0;0;0;0;0;0;3377;0;0;0;0;0;0;
41018;4830399;555278336;51077120;507879424;0;0;0;0;0;0;0;0;0;0;0;3507;0;0;0;0;0;0;
41019;3345134;555278336;51077120;507879424;0;0;0;0;0;0;0;0;0;0;0;3737;0;0;0;0;0;0;
41020;4779794;555278336;51077120;507879424;0;0;0;0;0;0;0;0;0;0;0;3267;0;0;0;0;0;0;
41021;3368667;555278336;51077120;507879424;0;0;0;0;0;0;0;0;0;0;0;3657;0;0;0;0;0;0;
41022;4831842;555278336;51077120;507879424;0;0;0;0;0;0;0;0;0;0;0;3336;0;0;0;0;0;0;
41023;3318454;555278336;51077120;507879424;0;0;0;0;0;0;0;0;0;0;0;3266;0;0;0;0;0;0;
41024;4790113;555278336;51077120;507879424;0;0;0;0;0;0;0;0;0;0;0;2856;0;0;0;0;0;0;
41025;3879946;555278336;51077120;507879424;0;0;0;0;0;0;0;0;0;0;0;3847;0;0;0;0;0;0;
41026;4796916;555278336;51077120;507879424;0;0;0;0;0;0;0;0;0;0;0;3397;0;0;0;0;0;0;
41027;3295490;555278336;51077120;507879424;0;0;0;0;0;0;0;0;0;0;0;3868;0;0;0;0;0;0;
41028;4811994;555278336;51077120;507879424;0;0;0;0;0;0;0;0;0;0;0;2996;0;0;0;0;0;0;
41029;3696462;555278336;51077120;507879424;0;0;0;0;0;0;0;0;0;0;0;3817;0;0;0;0;0;0;
41030;4799000;555278336;51077120;507879424;0;0;0;0;0;0;0;0;0;0;0;3356;0;0;0;0;0;0;
41031;3417499;555278336;51077120;507879424;0;0;0;0;0;0;0;0;0;0;0;3577;0;0;0;0;0;0;
41032;4868290;555278336;51077120;507879424;0;0;0;0;0;0;0;0;0;0;0;3286;0;0;0;0;0;0;
41033;3371453;555278336;51077120;507879424;0;0;0;0;0;0;0;0;0;0;0;3457;0;0;0;0;0;0;
41034;4766559;555278336;51077120;507879424;0;0;0;0;0;0;0;0;0;0;0;3356;0;0;0;0;0;0;
41035;3561480;555278336;51077120;507879424;0;0;0;0;0;0;0;0;0;0;0;3336;0;0;0;0;0;0;
41036;4849575;555278336;51077120;507879424;0;0;0;0;0;0;0;0;0;0;0;2915;0;0;0;0;0;0;
41037;3362627;555278336;51077120;507879424;0;0;0;0;0;0;0;0;0;0;0;2925;0;0;0;0;0;0;
41038;4818056;555278336;51077120;507879424;0;0;0;0;0;0;0;0;0;0;0;3316;0;0;0;0;0;0;
41039;3298496;555278336;51077120;507879424;0;0;0;0;0;0;0;0;0;0;0;3246;0;0;0;0;0;0;
41040;4939013;555278336;51077120;507879424;0;0;0;0;0;0;0;0;0;0;0;3176;0;0;0;0;0;0;
41041;3392873;555278336;51077120;507879424;0;0;0;0;0;0;0;0;0;0;0;3186;0;0;0;0;0;0;
41042;4943842;555278336;51077120;507879424;0;0;0;0;0;0;0;0;0;0;0;3176;0;0;0;0;0;0;
41043;3400007;555278336;51077120;507879424;0;0;0;0;0;0;0;0;0;0;0;3306;0;0;0;0;0;0;
41044;4868431;555278336;51077120;507879424;0;0;0;0;0;0;0;0;0;0;0;3407;0;0;0;0;0;0;
41045;3365511;555278336;51077120;507879424;0;0;0;0;0;0;0;0;0;0;0;3667;0;0;0;0;0;0;
41046;4779213;555278336;51077120;507879424;0;0;0;0;0;0;0;0;0;0;0;3246;0;0;0;0;0;0;
41047;3279320;555278336;51077120;507879424;0;0;0;0;0;0;0;0;0;0;0;3246;0;0;0;0;0;0;
41048;4831361;555278336;51077120;507879424;0;0;0;0;0;0;0;0;0;0;0;3797;0;0;0;0;0;0;
41049;3232101;555278336;51077120;507879424;0;0;0;0;0;0;0;0;0;0;0;3136;0;0;0;0;0;0;
41050;4778572;555278336;51077120;507879424;0;0;0;0;0;0;0;0;0;0;0;2925;0;0;0;0;0;0;
41051;3247200;555278336;51077120;507879424;0;0;0;0;0;0;0;0;0;0;0;3126;0;0;0;0;0;0;
41052;4790584;555278336;51077120;507879424;0;0;0;0;0;0;0;0;0;0;0;3286;0;0;0;0;0;0;
41053;3363638;555278336;51077120;507879424;0;0;0;0;0;0;0;0;0;0;0;3336;0;0;0;0;0;0;
41054;4825169;555278336;51077120;507879424;0;0;0;0;0;0;0;0;0;0;0;3336;0;0;0;0;0;0;
41055;3362235;555278336;51077120;507879424;0;0;0;0;0;0;0;0;0;0;0;3296;0;0;0;0;0;0;
41056;4838584;555278336;51077120;507879424;0;0;0;0;0;0;0;0;0;0;0;3497;0;0;0;0;0;0;
41057;3326568;555278336;51077120;507879424;0;0;0;0;0;0;0;0;0;0;0;3306;0;0;0;0;0;0;
41058;4797006;555278336;51077120;507879424;0;0;0;0;0;0;0;0;0;0;0;3206;0;0;0;0;0;0;
41059;3392722;555278336;51077120;507879424;0;0;0;0;0;0;0;0;0;0;0;3076;0;0;0;0;0;0;
41060;4852711;555278336;51077120;507879424;0;0;0;0;0;0;0;0;0;0;0;3176;0;0;0;0;0;0;
41061;3455440;555278336;51077120;507879424;0;0;0;0;0;0;0;0;0;0;0;3126;0;0;0;0;0;0;
41062;4826100;555278336;51077120;507879424;0;0;0;0;0;0;0;0;0;0;0;2976;0;0;0;0;0;0;
41063;3320817;555278336;51077120;507879424;0;0;0;0;0;0;0;0;0;0;0;3036;0;0;0;0;0;0;
41064;4858652;555278336;51077120;507879424;0;0;0;0;0;0;0;0;0;0;0;3256;0;0;0;0;0;0;
41065;3262318;555278336;51077120;507879424;0;0;0;0;0;0;0;0;0;0;0;3046;0;0;0;0;0;0;
41066;4745640;555278336;51077120;507879424;0;0;0;0;0;0;0;0;0;0;0;3076;0;0;0;0;0;0;
41067;3329794;555278336;51077120;507879424;0;0;0;0;0;0;0;0;0;0;0;4067;0;0;0;0;0;0;
41068;4836139;555278336;51077120;507879424;0;0;0;0;0;0;0;0;0;0;0;3096;0;0;0;0;0;0;
41069;3321188;555278336;51077120;507879424;0;0;0;0;0;0;0;0;0;0;0;3647;0;0;0;0;0;0;
41070;4787318;555278336;51077120;507879424;0;0;0;0;0;0;0;0;0;0;0;3426;0;0;0;0;0;0;
41071;3307853;555278336;51077120;507879424;0;0;0;0;0;0;0;0;0;0;0;3136;0;0;0;0;0;0;
41072;4815070;555278336;51077120;507879424;0;0;0;0;0;0;0;0;0;0;0;3015;0;0;0;0;0;0;
41073;4048893;555278336;51077120;507879424;0;0;0;0;0;0;0;0;0;0;0;3156;0;0;0;0;0;0;
41074;4806373;555278336;51077120;507879424;0;0;0;0;0;0;0;0;0;0;0;3327;0;0;0;0;0;0;
41075;3347097;555278336;51077120;507879424;0;0;0;0;0;0;0;0;0;0;0;3016;0;0;0;0;0;0;
41076;4844154;555278336;51077120;507879424;0;0;0;0;0;0;0;0;0;0;0;3506;0;0;0;0;0;0;
41077;3395859;555278336;51077120;507879424;0;0;0;0;0;0;0;0;0;0;0;3617;0;0;0;0;0;0;
41078;4814569;555278336;51077120;507879424;0;0;0;0;0;0;0;0;0;0;0;3076;0;0;0;0;0;0;
41079;3391099;555278336;51077120;507879424;0;0;0;0;0;0;0;0;0;0;0;3066;0;0;0;0;0;0;
41080;4854824;555278336;51077120;507879424;0;0;0;0;0;0;0;0;0;0;0;2975;0;0;0;0;0;0;
41081;3348019;555278336;51077120;507879424;0;0;0;0;0;0;0;0;0;0;0;3427;0;0;0;0;0;0;
41082;4788982;555278336;51077120;507879424;0;0;0;0;0;0;0;0;0;0;0;3146;0;0;0;0;0;0;
41083;3374839;555278336;51077120;507879424;0;0;0;0;0;0;0;0;0;0;0;3306;0;0;0;0;0;0;
41084;4807716;555278336;51077120;507879424;0;0;0;0;0;0;0;0;0;0;0;3006;0;0;0;0;0;0;
41085;3272968;555278336;51077120;507879424;0;0;0;0;0;0;0;0;0;0;0;3206;0;0;0;0;0;0;
41086;4798940;555278336;51077120;507879424;0;0;0;0;0;0;0;0;0;0;0;3076;0;0;0;0;0;0;
41087;3333551;555278336;51077120;507879424;0;0;0;0;0;0;0;0;0;0;0;3246;0;0;0;0;0;0;
41088;4905540;555278336;51077120;507879424;0;0;0;0;0;0;0;0;0;0;0;2755;0;0;0;0;0;0;
41089;3487250;555278336;51077120;507879424;0;0;0;0;0;0;0;0;0;0;0;3166;0;0;0;0;0;0;
41090;4819699;555278336;51077120;507879424;0;0;0;0;0;0;0;0;0;0;0;3206;0;0;0;0;0;0;
41091;3414463;555278336;51077120;507879424;0;0;0;0;0;0;0;0;0;0;0;3166;0;0;0;0;0;0;
41092;4853752;555278336;51077120;507879424;0;0;0;0;0;0;0;0;0;0;0;3636;0;0;0;0;0;0;
41093;3342027;555278336;51077120;507879424;0;0;0;0;0;0;0;0;0;0;0;2856;0;0;0;0;0;0;
41094;4782860;555278336;51077120;507879424;0;0;0;0;0;0;0;0;0;0;0;2825;0;0;0;0;0;0;
41095;3259292;555278336;51077120;507879424;0;0;0;0;0;0;0;0;0;0;0;3596;0;0;0;0;0;0;
41096;4815531;555278336;51077120;507879424;0;0;0;0;0;0;0;0;0;0;0;2855;0;0;0;0;0;0;
41097;3308114;555278336;51077120;507879424;0;0;0;0;0;0;0;0;0;0;0;3036;0;0;0;0;0;0;
41098;4850426;555278336;51077120;507879424;0;0;0;0;0;0;0;0;0;0;0;3196;0;0;0;0;0;0;
41099;3387342;555278336;51077120;507879424;0;0;0;0;0;0;0;0;0;0;0;3457;0;0;0;0;0;0;
41100;4870914;555278336;51077120;507879424;0;0;0;0;0;0;0;0;0;0;0;3266;0;0;0;0;0;0;
41101;3423760;555278336;51077120;507879424;0;0;0;0;0;0;0;0;0;0;0;3496;0;0;0;0;0;0;
41102;4834767;555278336;51077120;507879424;0;0;0;0;0;0;0;0;0;0;0;3506;0;0;0;0;0;0;
41103;3692635;555278336;51077120;507879424;0;0;0;0;0;0;0;0;0;0;0;3086;0;0;0;0;0;0;
41104;4798369;555278336;51077120;507879424;0;0;0;0;0;0;0;0;0;0;0;2875;0;0;0;0;0;0;
41105;3383746;555278336;51077120;507879424;0;0;0;0;0;0;0;0;0;0;0;3436;0;0;0;0;0;0;
41106;4772550;555278336;51077120;507879424;0;0;0;0;0;0;0;0;0;0;0;2986;0;0;0;0;0;0;
41107;3292595;555278336;51077120;507879424;0;0;0;0;0;0;0;0;0;0;0;3086;0;0;0;0;0;0;
41108;4779633;555278336;51077120;507879424;0;0;0;0;0;0;0;0;0;0;0;2986;0;0;0;0;0;0;
41109;3487441;555278336;51077120;507879424;0;0;0;0;0;0;0;0;0;0;0;2835;0;0;0;0;0;0;
41110;4835899;555278336;51077120;507879424;0;0;0;0;0;0;0;0;0;0;0;3647;0;0;0;0;0;0;
41111;3239034;555278336;51077120;507879424;0;0;0;0;0;0;0;0;0;0;0;2946;0;0;0;0;0;0;
41112;4787258;555278336;51077120;507879424;0;0;0;0;0;0;0;0;0;0;0;3006;0;0;0;0;0;0;
41113;3258100;555278336;51077120;507879424;0;0;0;0;0;0;0;0;0;0;0;2945;0;0;0;0;0;0;
41114;4840118;555278336;51077120;507879424;0;0;0;0;0;0;0;0;0;0;0;3326;0;0;0;0;0;0;
41115;3418311;555278336;51077120;507879424;0;0;0;0;0;0;0;0;0;0;0;3237;0;0;0;0;0;0;
41116;4861797;555278336;51077120;507879424;0;0;0;0;0;0;0;0;0;0;0;3457;0;0;0;0;0;0;
41117;3773697;555278336;51077120;507879424;0;0;0;0;0;0;0;0;0;0;0;3737;0;0;0;0;0;0;
41118;4858031;555278336;51077120;507879424;0;0;0;0;0;0;0;0;0;0;0;2926;0;0;0;0;0;0;
41119;3355814;555278336;51077120;507879424;0;0;0;0;0;0;0;0;0;0;0;3576;0;0;0;0;0;0;
41120;4759786;555278336;51077120;507879424;0;0;0;0;0;0;0;0;0;0;0;3216;0;0;0;0;0;0;
41121;3404405;555278336;51077120;507879424;0;0;0;0;0;0;0;0;0;0;0;3336;0;0;0;0;0;0;
41122;4752873;555278336;51077120;507879424;0;0;0;0;0;0;0;0;0;0;0;2926;0;0;0;0;0;0;
41123;3287615;555278336;51077120;507879424;0;0;0;0;0;0;0;0;0;0;0;3166;0;0;0;0;0;0;
41124;4790413;555278336;51077120;507879424;0;0;0;0;0;0;0;0;0;0;0;3546;0;0;0;0;0;0;
41125;3287114;555278336;51077120;507879424;0;0;0;0;0;0;0;0;0;0;0;2915;0;0;0;0;0;0;
41126;4781757;555278336;51077120;507879424;0;0;0;0;0;0;0;0;0;0;0;3026;0;0;0;0;0;0;
41127;3328722;555278336;51077120;507879424;0;0;0;0;0;0;0;0;0;0;0;3397;0;0;0;0;0;0;
41128;4852300;555278336;51077120;507879424;0;0;0;0;0;0;0;0;0;0;0;3457;0;0;0;0;0;0;
41129;3294719;555278336;51077120;507879424;0;0;0;0;0;0;0;0;0;0;0;3086;0;0;0;0;0;0;
41130;4831812;555278336;51077120;507879424;0;0;0;0;0;0;0;0;0;0;0;3267;0;0;0;0;0;0;
41131;3318663;555278336;51077120;507879424;0;0;0;0;0;0;0;0;0;0;0;2956;0;0;0;0;0;0;
41132;4814569;555278336;51077120;507879424;0;0;0;0;0;0;0;0;0;0;0;3015;0;0;0;0;0;0;
41133;3270684;555278336;51077120;507879424;0;0;0;0;0;0;0;0;0;0;0;3377;0;0;0;0;0;0;
41134;4815301;555278336;51077120;507879424;0;0;0;0;0;0;0;0;0;0;0;3306;0;0;0;0;0;0;
41135;3282647;555278336;51077120;507879424;0;0;0;0;0;0;0;0;0;0;0;3056;0;0;0;0;0;0;
41136;4773342;555278336;51077120;507879424;0;0;0;0;0;0;0;0;0;0;0;3246;0;0;0;0;0;0;
41137;3401549;555278336;51077120;507879424;0;0;0;0;0;0;0;0;0;0;0;3166;0;0;0;0;0;0;
41138;4845407;555278336;51077120;507879424;0;0;0;0;0;0;0;0;0;0;0;2936;0;0;0;0;0;0;
41139;3267317;555278336;51077120;507879424;0;0;0;0;0;0;0;0;0;0;0;3206;0;0;0;0;0;0;
41140;4776497;555278336;51077120;507879424;0;0;0;0;0;0;0;0;0;0;0;2905;0;0;0;0;0;0;
41141;3301973;555278336;51077120;507879424;0;0;0;0;0;0;0;0;0;0;0;3015;0;0;0;0;0;0;
41142;4819358;555278336;51077120;507879424;0;0;0;0;0;0;0;0;0;0;0;3227;0;0;0;0;0;0;
41143;3279340;555278336;51077120;507879424;0;0;0;0;0;0;0;0;0;0;0;3697;0;0;0;0;0;0;
41144;4769525;555278336;51077120;507879424;0;0;0;0;0;0;0;0;0;0;0;2766;0;0;0;0;0;0;
41145;3262598;555278336;51077120;507879424;0;0;0;0;0;0;0;0;0;0;0;3366;0;0;0;0;0;0;
41146;4818497;555278336;51077120;507879424;0;0;0;0;0;0;0;0;0;0;0;3176;0;0;0;0;0;0;
41147;3344763;555278336;51077120;507879424;0;0;0;0;0;0;0;0;0;0;0;3537;0;0;0;0;0;0;
41148;4777680;555278336;51077120;507879424;0;0;0;0;0;0;0;0;0;0;0;3286;0;0;0;0;0;0;
41149;3333582;555278336;51077120;507879424;0;0;0;0;0;0;0;0;0;0;0;3386;0;0;0;0;0;0;
41150;4859343;555278336;51077120;507879424;0;0;0;0;0;0;0;0;0;0;0;3627;0;0;0;0;0;0;
41151;3303225;555278336;51077120;507879424;0;0;0;0;0;0;0;0;0;0;0;3276;0;0;0;0;0;0;
41152;4804470;555278336;51077120;507879424;0;0;0;0;0;0;0;0;0;0;0;2815;0;0;0;0;0;0;
41153;3350113;555278336;51077120;507879424;0;0;0;0;0;0;0;0;0;0;0;3046;0;0;0;0;0;0;
41154;4812195;555278336;51077120;507879424;0;0;0;0;0;0;0;0;0;0;0;3096;0;0;0;0;0;0;
41155;3316640;555278336;51077120;507879424;0;0;0;0;0;0;0;0;0;0;0;3216;0;0;0;0;0;0;
41156;4742604;555278336;51077120;507879424;0;0;0;0;0;0;0;0;0;0;0;2755;0;0;0;0;0;0;
41157;3424552;555278336;51077120;507879424;0;0;0;0;0;0;0;0;0;0;0;3366;0;0;0;0;0;0;
41158;4834287;555278336;51077120;507879424;0;0;0;0;0;0;0;0;0;0;0;3417;0;0;0;0;0;0;
41159;3339763;555278336;51077120;507879424;0;0;0;0;0;0;0;0;0;0;0;3586;0;0;0;0;0;0;
41160;4765507;555278336;51077120;507879424;0;0;0;0;0;0;0;0;0;0;0;3036;0;0;0;0;0;0;
41161;3312372;555278336;51077120;507879424;0;0;0;0;0;0;0;0;0;0;0;3386;0;0;0;0;0;0;
41162;4872528;555278336;51077120;507879424;0;0;0;0;0;0;0;0;0;0;0;3196;0;0;0;0;0;0;
41163;3315799;555278336;51077120;507879424;0;0;0;0;0;0;0;0;0;0;0;3356;0;0;0;0;0;0;
41164;4838173;555278336;51077120;507879424;0;0;0;0;0;0;0;0;0;0;0;3467;0;0;0;0;0;0;
41165;3331578;555278336;51077120;507879424;0;0;0;0;0;0;0;0;0;0;0;3046;0;0;0;0;0;0;
41166;4890552;555278336;51077120;507879424;0;0;0;0;0;0;0;0;0;0;0;2996;0;0;0;0;0;0;
41167;3414353;555278336;51077120;507879424;0;0;0;0;0;0;0;0;0;0;0;3667;0;0;0;0;0;0;
41168;4836581;555278336;51077120;507879424;0;0;0;0;0;0;0;0;0;0;0;3276;0;0;0;0;0;0;
41169;3433299;555278336;51077120;507879424;0;0;0;0;0;0;0;0;0;0;0;3286;0;0;0;0;0;0;
41170;4867759;555278336;51077120;507879424;0;0;0;0;0;0;0;0;0;0;0;3226;0;0;0;0;0;0;
41171;3404214;555278336;51077120;507879424;0;0;0;0;0;0;0;0;0;0;0;3196;0;0;0;0;0;0;
41172;4811794;555278336;51077120;507879424;0;0;0;0;0;0;0;0;0;0;0;2916;0;0;0;0;0;0;
41173;3353899;555278336;51077120;507879424;0;0;0;0;0;0;0;0;0;0;0;3426;0;0;0;0;0;0;
41174;4922392;555278336;51077120;507879424;0;0;0;0;0;0;0;0;0;0;0;3467;0;0;0;0;0;0;
41175;3335906;555278336;51077120;507879424;0;0;0;0;0;0;0;0;0;0;0;3577;0;0;0;0;0;0;
41176;4897185;555278336;51077120;507879424;0;0;0;0;0;0;0;0;0;0;0;3627;0;0;0;0;0;0;
41177;3679911;555278336;51077120;507879424;0;0;0;0;0;0;0;0;0;0;0;3617;0;0;0;0;0;0;
41178;4820180;555278336;51077120;507879424;0;0;0;0;0;0;0;0;0;0;0;3476;0;0;0;0;0;0;
41179;3362967;555278336;51077120;507879424;0;0;0;0;0;0;0;0;0;0;0;3186;0;0;0;0;0;0;
41180;4787218;555278336;51077120;507879424;0;0;0;0;0;0;0;0;0;0;0;3196;0;0;0;0;0;0;
41181;3404975;555278336;51077120;507879424;0;0;0;0;0;0;0;0;0;0;0;3116;0;0;0;0;0;0;
41182;4811543;555278336;51077120;507879424;0;0;0;0;0;0;0;0;0;0;0;3346;0;0;0;0;0;0;
41183;3506395;555278336;51077120;507879424;0;0;0;0;0;0;0;0;0;0;0;3316;0;0;0;0;0;0;
41184;4907283;555278336;51077120;507879424;0;0;0;0;0;0;0;0;0;0;0;3206;0;0;0;0;0;0;
41185;3367946;555278336;51077120;507879424;0;0;0;0;0;0;0;0;0;0;0;3166;0;0;0;0;0;0;
41186;4870875;555278336;51077120;507879424;0;0;0;0;0;0;0;0;0;0;0;3256;0;0;0;0;0;0;
41187;3320457;555278336;51077120;507879424;0;0;0;0;0;0;0;0;0;0;0;2845;0;0;0;0;0;0;
41188;4975211;555278336;51077120;507879424;0;0;0;0;0;0;0;0;0;0;0;3126;0;0;0;0;0;0;
41189;3380079;555278336;51077120;507879424;0;0;0;0;0;0;0;0;0;0;0;3336;0;0;0;0;0;0;
41190;4787628;555278336;51077120;507879424;0;0;0;0;0;0;0;0;0;0;0;3366;0;0;0;0;0;0;
41191;3317812;555278336;51077120;507879424;0;0;0;0;0;0;0;0;0;0;0;3487;0;0;0;0;0;0;
41192;4859012;555278336;51077120;507879424;0;0;0;0;0;0;0;0;0;0;0;2796;0;0;0;0;0;0;
41193;3289138;555278336;51077120;507879424;0;0;0;0;0;0;0;0;0;0;0;3396;0;0;0;0;0;0;
41194;4828365;555278336;51077120;507879424;0;0;0;0;0;0;0;0;0;0;0;3216;0;0;0;0;0;0;
41195;3233023;555278336;51077120;507879424;0;0;0;0;0;0;0;0;0;0;0;3256;0;0;0;0;0;0;
41196;4863671;555278336;51077120;507879424;0;0;0;0;0;0;0;0;0;0;0;3327;0;0;0;0;0;0;
41197;3266085;555278336;51077120;507879424;0;0;0;0;0;0;0;0;0;0;0;3627;0;0;0;0;0;0;
41198;4851719;555278336;51077120;507879424;0;0;0;0;0;0;0;0;0;0;0;2986;0;0;0;0;0;0;
41199;3311410;555278336;51077120;507879424;0;0;0;0;0;0;0;0;0;0;0;3496;0;0;0;0;0;0;
41200;4839286;555278336;51077120;507879424;0;0;0;0;0;0;0;0;0;0;0;3557;0;0;0;0;0;0;
41201;3305029;555278336;51077120;507879424;0;0;0;0;0;0;0;0;0;0;0;3387;0;0;0;0;0;0;
41202;4781407;555278336;51077120;507879424;0;0;0;0;0;0;0;0;0;0;0;2976;0;0;0;0;0;0;
41203;3282727;555278336;51077120;507879424;0;0;0;0;0;0;0;0;0;0;0;3366;0;0;0;0;0;0;
41204;4841950;555278336;51077120;507879424;0;0;0;0;0;0;0;0;0;0;0;3446;0;0;0;0;0;0;
41205;3326659;555278336;51077120;507879424;0;0;0;0;0;0;0;0;0;0;0;3807;0;0;0;0;0;0;
41206;4795824;555278336;51077120;507879424;0;0;0;0;0;0;0;0;0;0;0;3406;0;0;0;0;0;0;
41207;3319605;555278336;51077120;507879424;0;0;0;0;0;0;0;0;0;0;0;3176;0;0;0;0;0;0;
41208;4799822;555278336;51077120;507879424;0;0;0;0;0;0;0;0;0;0;0;2985;0;0;0;0;0;0;
41209;3304407;555278336;51077120;507879424;0;0;0;0;0;0;0;0;0;0;0;3006;0;0;0;0;0;0;
41210;4816313;555278336;51077120;507879424;0;0;0;0;0;0;0;0;0;0;0;3126;0;0;0;0;0;0;
41211;3215410;555278336;51077120;507879424;0;0;0;0;0;0;0;0;0;0;0;2835;0;0;0;0;0;0;
41212;4837642;555278336;51077120;507879424;0;0;0;0;0;0;0;0;0;0;0;3657;0;0;0;0;0;0;
41213;3415325;555278336;51077120;507879424;0;0;0;0;0;0;0;0;0;0;0;3166;0;0;0;0;0;0;
41214;4834827;555278336;51077120;507879424;0;0;0;0;0;0;0;0;0;0;0;2935;0;0;0;0;0;0;
41215;3313454;555278336;51077120;507879424;0;0;0;0;0;0;0;0;0;0;0;3056;0;0;0;0;0;0;
41216;4830469;555278336;51077120;507879424;0;0;0;0;0;0;0;0;0;0;0;2856;0;0;0;0;0;0;
41217;3388645;555278336;51077120;507879424;0;0;0;0;0;0;0;0;0;0;0;2966;0;0;0;0;0;0;
41218;4762752;555278336;51077120;507879424;0;0;0;0;0;0;0;0;0;0;0;3556;0;0;0;0;0;0;
41219;3253242;555278336;51077120;507879424;0;0;0;0;0;0;0;0;0;0;0;2966;0;0;0;0;0;0;
41220;4794431;555278336;51077120;507879424;0;0;0;0;0;0;0;0;0;0;0;3256;0;0;0;0;0;0;
41221;3191054;555278336;51077120;507879424;0;0;0;0;0;0;0;0;0;0;0;3417;0;0;0;0;0;0;
41222;4726303;555278336;51077120;507879424;0;0;0;0;0;0;0;0;0;0;0;2525;0;0;0;0;0;0;
41223;3198358;555278336;51077120;507879424;0;0;0;0;0;0;0;0;0;0;0;2796;0;0;0;0;0;0;
41224;4752022;555278336;51077120;507879424;0;0;0;0;0;0;0;0;0;0;0;2775;0;0;0;0;0;0;
41225;3251518;555278336;51077120;507879424;0;0;0;0;0;0;0;0;0;0;0;3176;0;0;0;0;0;0;
41226;4736764;555278336;51077120;507879424;0;0;0;0;0;0;0;0;0;0;0;2945;0;0;0;0;0;0;
41227;3211653;555278336;51077120;507879424;0;0;0;0;0;0;0;0;0;0;0;3006;0;0;0;0;0;0;
41228;4849715;555278336;51077120;507879424;0;0;0;0;0;0;0;0;0;0;0;3016;0;0;0;0;0;0;
41229;3193849;555278336;51077120;507879424;0;0;0;0;0;0;0;0;0;0;0;3246;0;0;0;0;0;0;
41230;4803729;555278336;51077120;507879424;0;0;0;0;0;0;0;0;0;0;0;2795;0;0;0;0;0;0;
41231;3220159;555278336;51077120;507879424;0;0;0;0;0;0;0;0;0;0;0;2815;0;0;0;0;0;0;
41232;4796184;555278336;51077120;507879424;0;0;0;0;0;0;0;0;0;0;0;2815;0;0;0;0;0;0;
41233;3298536;555278336;51077120;507879424;0;0;0;0;0;0;0;0;0;0;0;3086;0;0;0;0;0;0;
41234;4757683;555278336;51077120;507879424;0;0;0;0;0;0;0;0;0;0;0;2755;0;0;0;0;0;0;
41235;3211152;555278336;51077120;507879424;0;0;0;0;0;0;0;0;0;0;0;3056;0;0;0;0;0;0;
41236;7828181;555278336;51077120;507879424;0;0;0;0;0;0;0;0;0;0;0;3176;0;0;0;0;0;0;
41237;7138958;555278336;51077120;507879424;0;0;0;0;0;0;0;0;0;0;0;4588;0;0;0;0;0;0;
41238;5546252;555278336;51077120;507879424;0;0;0;0;0;0;0;0;0;0;0;2895;0;0;0;0;0;0;
41239;3099322;555278336;51077120;507879424;0;0;0;0;0;0;0;0;0;0;0;2805;0;0;0;0;0;0;
41240;4791957;555278336;51077120;507879424;0;0;0;0;0;0;0;0;0;0;0;3286;0;0;0;0;0;0;
41241;3154707;555278336;51077120;507879424;0;0;0;0;0;0;0;0;0;0;0;2906;0;0;0;0;0;0;
41242;4737384;555278336;51077120;507879424;0;0;0;0;0;0;0;0;0;0;0;2716;0;0;0;0;0;0;
41243;3165937;555278336;51077120;507879424;0;0;0;0;0;0;0;0;0;0;0;2915;0;0;0;0;0;0;
41244;4743425;555278336;51077120;507879424;0;0;0;0;0;0;0;0;0;0;0;2765;0;0;0;0;0;0;
41245;3109091;555278336;51077120;507879424;0;0;0;0;0;0;0;0;0;0;0;2906;0;0;0;0;0;0;
41246;4745099;555278336;51077120;507879424;0;0;0;0;0;0;0;0;0;0;0;2615;0;0;0;0;0;0;
41247;3064517;555278336;51077120;507879424;0;0;0;0;0;0;0;0;0;0;0;2805;0;0;0;0;0;0;
41248;4762422;555278336;51077120;507879424;0;0;0;0;0;0;0;0;0;0;0;2935;0;0;0;0;0;0;
41249;3103710;555278336;51077120;507879424;0;0;0;0;0;0;0;0;0;0;0;3056;0;0;0;0;0;0;
41250;4828084;555278336;51077120;507879424;0;0;0;0;0;0;0;0;0;0;0;2785;0;0;0;0;0;0;
41251;3355593;555278336;51077120;507879424;0;0;0;0;0;0;0;0;0;0;0;2905;0;0;0;0;0;0;
41252;4709272;555278336;51077120;507879424;0;0;0;0;0;0;0;0;0;0;0;2825;0;0;0;0;0;0;
41253;3168582;555278336;51077120;507879424;0;0;0;0;0;0;0;0;0;0;0;3256;0;0;0;0;0;0;
41254;4720072;555278336;51077120;507879424;0;0;0;0;0;0;0;0;0;0;0;2965;0;0;0;0;0;0;
41255;3126674;555278336;51077120;507879424;0;0;0;0;0;0;0;0;0;0;0;2955;0;0;0;0;0;0;
41256;4680107;555278336;51077120;507879424;0;0;0;0;0;0;0;0;0;0;0;3036;0;0;0;0;0;0;
41257;3177239;555278336;51077120;507879424;0;0;0;0;0;0;0;0;0;0;0;2835;0;0;0;0;0;0;
41258;4784042;555278336;51077120;507879424;0;0;0;0;0;0;0;0;0;0;0;3145;0;0;0;0;0;0;
41259;3051703;555278336;51077120;507879424;0;0;0;0;0;0;0;0;0;0;0;2896;0;0;0;0;0;0;
41260;4757512;555278336;51077120;507879424;0;0;0;0;0;0;0;0;0;0;0;2625;0;0;0;0;0;0;
41261;2988084;555278336;51077120;507879424;0;0;0;0;0;0;0;0;0;0;0;3026;0;0;0;0;0;0;
41262;4737385;555278336;51077120;507879424;0;0;0;0;0;0;0;0;0;0;0;2866;0;0;0;0;0;0;
41263;3109993;555278336;51077120;507879424;0;0;0;0;0;0;0;0;0;0;0;3146;0;0;0;0;0;0;
41264;4723598;555278336;51077120;507879424;0;0;0;0;0;0;0;0;0;0;0;3126;0;0;0;0;0;0;
41265;3028440;555278336;51077120;507879424;0;0;0;0;0;0;0;0;0;0;0;3176;0;0;0;0;0;0;
41266;4747344;555278336;51077120;507879424;0;0;0;0;0;0;0;0;0;0;0;2524;0;0;0;0;0;0;
41267;3687796;555278336;51077120;507879424;0;0;0;0;0;0;0;0;0;0;0;3046;0;0;0;0;0;0;
41268;4777008;555278336;51077120;507879424;0;0;0;0;0;0;0;0;0;0;0;2836;0;0;0;0;0;0;
41269;3077261;555278336;51077120;507879424;0;0;0;0;0;0;0;0;0;0;0;3186;0;0;0;0;0;0;
41270;4720112;555278336;51077120;507879424;0;0;0;0;0;0;0;0;0;0;0;3266;0;0;0;0;0;0;
41271;3100935;555278336;51077120;507879424;0;0;0;0;0;0;0;0;0;0;0;2965;0;0;0;0;0;0;
41272;4839145;555278336;51077120;507879424;0;0;0;0;0;0;0;0;0;0;0;3376;0;0;0;0;0;0;
41273;3000898;555278336;51077120;507879424;0;0;0;0;0;0;0;0;0;0;0;2995;0;0;0;0;0;0;
41274;4715573;555278336;51077120;507879424;0;0;0;0;0;0;0;0;0;0;0;2796;0;0;0;0;0;0;
41275;3004344;555278336;51077120;507879424;0;0;0;0;0;0;0;0;0;0;0;3086;0;0;0;0;0;0;
41276;4676520;555278336;51077120;507879424;0;0;0;0;0;0;0;0;0;0;0;2836;0;0;0;0;0;0;
41277;3003122;555278336;51077120;507879424;0;0;0;0;0;0;0;0;0;0;0;2715;0;0;0;0;0;0;
41278;4719331;555278336;51077120;507879424;0;0;0;0;0;0;0;0;0;0;0;3016;0;0;0;0;0;0;
41279;2988644;555278336;51077120;507879424;0;0;0;0;0;0;0;0;0;0;0;3196;0;0;0;0;0;0;
41280;4680017;555278336;51077120;507879424;0;0;0;0;0;0;0;0;0;0;0;2695;0;0;0;0;0;0;
41281;3045452;555278336;51077120;507879424;0;0;0;0;0;0;0;0;0;0;0;3026;0;0;0;0;0;0;
41282;4771688;555278336;51077120;507879424;0;0;0;0;0;0;0;0;0;0;0;2805;0;0;0;0;0;0;
41283;2975059;555278336;51077120;507879424;0;0;0;0;0;0;0;0;0;0;0;2895;0;0;0;0;0;0;
41284;4686549;555278336;51077120;507879424;0;0;0;0;0;0;0;0;0;0;0;2565;0;0;0;0;0;0;
41285;2996931;555278336;51077120;507879424;0;0;0;0;0;0;0;0;0;0;0;2986;0;0;0;0;0;0;
41286;4727876;555278336;51077120;507879424;0;0;0;0;0;0;0;0;0;0;0;3236;0;0;0;0;0;0;
41287;3070458;555278336;51077120;507879424;0;0;0;0;0;0;0;0;0;0;0;3005;0;0;0;0;0;0;
41288;4710043;555278336;51077120;507879424;0;0;0;0;0;0;0;0;0;0;0;2665;0;0;0;0;0;0;
41289;2953780;555278336;51077120;507879424;0;0;0;0;0;0;0;0;0;0;0;2756;0;0;0;0;0;0;
41290;4772440;555278336;51077120;507879424;0;0;0;0;0;0;0;0;0;0;0;2715;0;0;0;0;0;0;
41291;2940845;555278336;51077120;507879424;0;0;0;0;0;0;0;0;0;0;0;3337;0;0;0;0;0;0;
41292;4804200;555278336;51077120;507879424;0;0;0;0;0;0;0;0;0;0;0;2735;0;0;0;0;0;0;
41293;3587989;555278336;51077120;507879424;0;0;0;0;0;0;0;0;0;0;0;2885;0;0;0;0;0;0;
41294;4697830;555278336;51077120;507879424;0;0;0;0;0;0;0;0;0;0;0;18344;0;0;0;0;0;0;
41295;2827612;555278336;51077120;507879424;0;0;0;0;0;0;0;0;0;0;0;2735;0;0;0;0;0;0;
41296;4626045;555278336;51077120;507879424;0;0;0;0;0;0;0;0;0;0;0;2495;0;0;0;0;0;0;
41297;2776417;555278336;51077120;507879424;0;0;0;0;0;0;0;0;0;0;0;3025;0;0;0;0;0;0;
41298;4832924;555278336;51077120;507879424;0;0;0;0;0;0;0;0;0;0;0;2875;0;0;0;0;0;0;
41299;2821111;555278336;51085312;507887616;0;0;0;0;0;0;0;0;0;0;0;2765;0;0;0;0;0;0;
41300;4627608;555278336;51085312;507887616;0;0;0;0;0;0;0;0;0;0;0;2876;0;0;0;0;0;0;
41301;2934353;555278336;51085312;507887616;0;0;0;0;0;0;0;0;0;0;0;4609;0;0;0;0;0;0;
41302;4823897;555278336;51085312;507887616;0;0;0;0;0;0;0;0;0;0;0;3377;0;0;0;0;0;0;
41303;3498181;555278336;51085312;507887616;0;0;0;0;0;0;0;0;0;0;0;3196;0;0;0;0;0;0;
41304;4787078;555278336;51085312;507887616;0;0;0;0;0;0;0;0;0;0;0;3016;0;0;0;0;0;0;
41305;3504793;555339776;51077120;507879424;0;0;0;0;0;0;0;0;0;0;0;3376;0;0;0;0;0;0;
41306;4830670;555339776;51077120;507879424;0;0;0;0;0;0;0;0;0;0;0;3226;0;0;0;0;0;0;
41307;3551882;555339776;51077120;507879424;0;0;0;0;0;0;0;0;0;0;0;3506;0;0;0;0;0;0;
41308;4763864;555339776;51077120;507879424;0;0;0;0;0;0;0;0;0;0;0;3076;0;0;0;0;0;0;
41309;3544698;555339776;51077120;507879424;0;0;0;0;0;0;0;0;0;0;0;3256;0;0;0;0;0;0;
41310;4803529;555339776;51077120;507879424;0;0;0;0;0;0;0;0;0;0;0;3316;0;0;0;0;0;0;
41311;3478413;555339776;51077120;507879424;0;0;0;0;0;0;0;0;0;0;0;3156;0;0;0;0;0;0;
41312;4864823;555339776;51077120;507879424;0;0;0;0;0;0;0;0;0;0;0;3176;0;0;0;0;0;0;
41313;3461591;555339776;51077120;507879424;0;0;0;0;0;0;0;0;0;0;0;3697;0;0;0;0;0;0;
41314;4997893;555339776;51077120;507879424;0;0;0;0;0;0;0;0;0;0;0;3837;0;0;0;0;0;0;
41315;3541511;555339776;51077120;507879424;0;0;0;0;0;0;0;0;0;0;0;3477;0;0;0;0;0;0;
41316;4974840;555339776;51077120;507879424;0;0;0;0;0;0;0;0;0;0;0;3436;0;0;0;0;0;0;
41317;3742559;555339776;51077120;507879424;0;0;0;0;0;0;0;0;0;0;0;3166;0;0;0;0;0;0;
41318;5200092;555339776;51077120;507879424;0;0;0;0;0;0;0;0;0;0;0;4258;0;0;0;0;0;0;
41319;4054143;555339776;51077120;507879424;0;0;0;0;0;0;0;0;0;0;0;3466;0;0;0;0;0;0;
41320;4893508;555339776;51077120;507879424;0;0;0;0;0;0;0;0;0;0;0;3075;0;0;0;0;0;0;
41321;3575175;555339776;51077120;507879424;0;0;0;0;0;0;0;0;0;0;0;4088;0;0;0;0;0;0;
41322;4934314;555339776;51077120;507879424;0;0;0;0;0;0;0;0;0;0;0;3287;0;0;0;0;0;0;
41323;3623425;555339776;51077120;507879424;0;0;0;0;0;0;0;0;0;0;0;3887;0;0;0;0;0;0;
41324;5000849;555339776;51077120;507879424;0;0;0;0;0;0;0;0;0;0;0;3086;0;0;0;0;0;0;
41325;3954937;555339776;51077120;507879424;0;0;0;0;0;0;0;0;0;0;0;4238;0;0;0;0;0;0;
41326;4954622;555339776;51077120;507879424;0;0;0;0;0;0;0;0;0;0;0;3587;0;0;0;0;0;0;
41327;3780169;555339776;51077120;507879424;0;0;0;0;0;0;0;0;0;0;0;3427;0;0;0;0;0;0;
41328;4833204;555339776;51077120;507879424;0;0;0;0;0;0;0;0;0;0;0;3587;0;0;0;0;0;0;
41329;3676645;555339776;51077120;507879424;0;0;0;0;0;0;0;0;0;0;0;3277;0;0;0;0;0;0;
41330;4889559;555339776;51077120;507879424;0;0;0;0;0;0;0;0;0;0;0;3126;0;0;0;0;0;0;
41331;3794185;555339776;51077120;507879424;0;0;0;0;0;0;0;0;0;0;0;3206;0;0;0;0;0;0;
41332;5075719;555339776;51077120;507879424;0;0;0;0;0;0;0;0;0;0;0;3757;0;0;0;0;0;0;
41333;3716650;555339776;51077120;507879424;0;0;0;0;0;0;0;0;0;0;0;4248;0;0;0;0;0;0;
41334;4960452;555339776;51077120;507879424;0;0;0;0;0;0;0;0;0;0;0;3727;0;0;0;0;0;0;
41335;3672678;555339776;51077120;507879424;0;0;0;0;0;0;0;0;0;0;0;3757;0;0;0;0;0;0;
41336;4949592;555339776;51077120;507879424;0;0;0;0;0;0;0;0;0;0;0;3306;0;0;0;0;0;0;
41337;3781151;555339776;51077120;507879424;0;0;0;0;0;0;0;0;0;0;0;3737;0;0;0;0;0;0;
41338;4943571;555339776;51077120;507879424;0;0;0;0;0;0;0;0;0;0;0;3256;0;0;0;0;0;0;
41339;3841233;555339776;51077120;507879424;0;0;0;0;0;0;0;0;0;0;0;4779;0;0;0;0;0;0;
41340;4986020;555339776;51077120;507879424;0;0;0;0;0;0;0;0;0;0;0;4499;0;0;0;0;0;0;
41341;3783165;555339776;51077120;507879424;0;0;0;0;0;0;0;0;0;0;0;3526;0;0;0;0;0;0;
41342;5610542;555339776;51077120;507879424;0;0;0;0;0;0;0;0;0;0;0;4088;0;0;0;0;0;0;
41343;3845151;555339776;51077120;507879424;0;0;0;0;0;0;0;0;0;0;0;3566;0;0;0;0;0;0;
41344;5049980;555339776;51077120;507879424;0;0;0;0;0;0;0;0;0;0;0;4699;0;0;0;0;0;0;
41345;3814915;555339776;51077120;507879424;0;0;0;0;0;0;0;0;0;0;0;4097;0;0;0;0;0;0;
41346;4819829;555339776;51077120;507879424;0;0;0;0;0;0;0;0;0;0;0;3717;0;0;0;0;0;0;
41347;3441404;555339776;51077120;507879424;0;0;0;0;0;0;0;0;0;0;0;3016;0;0;0;0;0;0;
41348;4860866;555339776;51077120;507879424;0;0;0;0;0;0;0;0;0;0;0;2946;0;0;0;0;0;0;
41349;3452064;555339776;51077120;507879424;0;0;0;0;0;0;0;0;0;0;0;3456;0;0;0;0;0;0;
41350;4867448;555339776;51077120;507879424;0;0;0;0;0;0;0;0;0;0;0;3016;0;0;0;0;0;0;
41351;3462163;555339776;51077120;507879424;0;0;0;0;0;0;0;0;0;0;0;3186;0;0;0;0;0;0;
41352;4949082;555339776;51077120;507879424;0;0;0;0;0;0;0;0;0;0;0;3907;0;0;0;0;0;0;
41353;3339262;555339776;51077120;507879424;0;0;0;0;0;0;0;0;0;0;0;3166;0;0;0;0;0;0;
41354;4836069;555339776;51077120;507879424;0;0;0;0;0;0;0;0;0;0;0;2865;0;0;0;0;0;0;
41355;3507979;555339776;51077120;507879424;0;0;0;0;0;0;0;0;0;0;0;3316;0;0;0;0;0;0;
41356;4824848;555339776;51077120;507879424;0;0;0;0;0;0;0;0;0;0;0;3206;0;0;0;0;0;0;
41357;3335546;555339776;51077120;507879424;0;0;0;0;0;0;0;0;0;0;0;3146;0;0;0;0;0;0;
41358;4831471;555339776;51077120;507879424;0;0;0;0;0;0;0;0;0;0;0;3327;0;0;0;0;0;0;
41359;3294538;555339776;51077120;507879424;0;0;0;0;0;0;0;0;0;0;0;2956;0;0;0;0;0;0;
41360;4901863;555339776;51077120;507879424;0;0;0;0;0;0;0;0;0;0;0;3206;0;0;0;0;0;0;
41361;3280412;555339776;51077120;507879424;0;0;0;0;0;0;0;0;0;0;0;3267;0;0;0;0;0;0;
41362;4851649;555339776;51077120;507879424;0;0;0;0;0;0;0;0;0;0;0;3296;0;0;0;0;0;0;
41363;3305700;555339776;51077120;507879424;0;0;0;0;0;0;0;0;0;0;0;3266;0;0;0;0;0;0;
41364;4843614;555339776;51077120;507879424;0;0;0;0;0;0;0;0;0;0;0;3446;0;0;0;0;0;0;
41365;3448187;555339776;51077120;507879424;0;0;0;0;0;0;0;0;0;0;0;3687;0;0;0;0;0;0;
41366;4899969;555339776;51077120;507879424;0;0;0;0;0;0;0;0;0;0;0;2825;0;0;0;0;0;0;
41367;3778807;555339776;51077120;507879424;0;0;0;0;0;0;0;0;0;0;0;2806;0;0;0;0;0;0;
41368;4850917;555339776;51077120;507879424;0;0;0;0;0;0;0;0;0;0;0;3206;0;0;0;0;0;0;
41369;3401709;555339776;51077120;507879424;0;0;0;0;0;0;0;0;0;0;0;3236;0;0;0;0;0;0;
41370;4791766;555339776;51077120;507879424;0;0;0;0;0;0;0;0;0;0;0;2825;0;0;0;0;0;0;
41371;3319535;555339776;51077120;507879424;0;0;0;0;0;0;0;0;0;0;0;2896;0;0;0;0;0;0;
41372;4797117;555339776;51077120;507879424;0;0;0;0;0;0;0;0;0;0;0;2575;0;0;0;0;0;0;
41373;3322271;555339776;51077120;507879424;0;0;0;0;0;0;0;0;0;0;0;3347;0;0;0;0;0;0;
41374;4819579;555339776;51077120;507879424;0;0;0;0;0;0;0;0;0;0;0;2675;0;0;0;0;0;0;
41375;3401729;555339776;51077120;507879424;0;0;0;0;0;0;0;0;0;0;0;3326;0;0;0;0;0;0;
41376;4833434;555339776;51077120;507879424;0;0;0;0;0;0;0;0;0;0;0;3586;0;0;0;0;0;0;
41377;3327440;555339776;51077120;507879424;0;0;0;0;0;0;0;0;0;0;0;4198;0;0;0;0;0;0;
41378;4819930;555339776;51077120;507879424;0;0;0;0;0;0;0;0;0;0;0;3166;0;0;0;0;0;0;
41379;3349101;555339776;51077120;507879424;0;0;0;0;0;0;0;0;0;0;0;3316;0;0;0;0;0;0;
41380;4845137;555339776;51077120;507879424;0;0;0;0;0;0;0;0;0;0;0;3416;0;0;0;0;0;0;
41381;3456993;555339776;51077120;507879424;0;0;0;0;0;0;0;0;0;0;0;3636;0;0;0;0;0;0;
41382;4798890;555339776;51077120;507879424;0;0;0;0;0;0;0;0;0;0;0;2745;0;0;0;0;0;0;
41383;3319095;555339776;51077120;507879424;0;0;0;0;0;0;0;0;0;0;0;3236;0;0;0;0;0;0;
41384;4844776;555339776;51077120;507879424;0;0;0;0;0;0;0;0;0;0;0;2795;0;0;0;0;0;0;
41385;3397371;555339776;51077120;507879424;0;0;0;0;0;0;0;0;0;0;0;3165;0;0;0;0;0;0;
41386;4793190;555339776;51077120;507879424;0;0;0;0;0;0;0;0;0;0;0;3026;0;0;0;0;0;0;
41387;3356816;555339776;51077120;507879424;0;0;0;0;0;0;0;0;0;0;0;3606;0;0;0;0;0;0;
41388;4870694;555339776;51077120;507879424;0;0;0;0;0;0;0;0;0;0;0;3196;0;0;0;0;0;0;
41389;3464107;555339776;51077120;507879424;0;0;0;0;0;0;0;0;0;0;0;3055;0;0;0;0;0;0;
41390;4849986;555339776;51077120;507879424;0;0;0;0;0;0;0;0;0;0;0;3086;0;0;0;0;0;0;
41391;3765181;555339776;51077120;507879424;0;0;0;0;0;0;0;0;0;0;0;3066;0;0;0;0;0;0;
41392;4877707;555339776;51077120;507879424;0;0;0;0;0;0;0;0;0;0;0;2795;0;0;0;0;0;0;
41393;3353199;555339776;51077120;507879424;0;0;0;0;0;0;0;0;0;0;0;3476;0;0;0;0;0;0;
41394;4837302;555339776;51077120;507879424;0;0;0;0;0;0;0;0;0;0;0;2745;0;0;0;0;0;0;
41395;3209890;555339776;51077120;507879424;0;0;0;0;0;0;0;0;0;0;0;3036;0;0;0;0;0;0;
41396;4874391;555339776;51077120;507879424;0;0;0;0;0;0;0;0;0;0;0;2885;0;0;0;0;0;0;
41397;3406078;555339776;51077120;507879424;0;0;0;0;0;0;0;0;0;0;0;3687;0;0;0;0;0;0;
41398;4857029;555339776;51077120;507879424;0;0;0;0;0;0;0;0;0;0;0;3517;0;0;0;0;0;0;
41399;3636389;555339776;51077120;507879424;0;0;0;0;0;0;0;0;0;0;0;3016;0;0;0;0;0;0;
41400;4841930;555339776;51077120;507879424;0;0;0;0;0;0;0;0;0;0;0;3286;0;0;0;0;0;0;
41401;3415335;555339776;51077120;507879424;0;0;0;0;0;0;0;0;0;0;0;3657;0;0;0;0;0;0;
41402;4789371;555339776;51077120;507879424;0;0;0;0;0;0;0;0;0;0;0;3015;0;0;0;0;0;0;
41403;3372084;555339776;51077120;507879424;0;0;0;0;0;0;0;0;0;0;0;3276;0;0;0;0;0;0;
41404;4813296;555339776;51077120;507879424;0;0;0;0;0;0;0;0;0;0;0;2725;0;0;0;0;0;0;
41405;3575034;555339776;51077120;507879424;0;0;0;0;0;0;0;0;0;0;0;3006;0;0;0;0;0;0;
41406;4849284;555339776;51077120;507879424;0;0;0;0;0;0;0;0;0;0;0;3427;0;0;0;0;0;0;
41407;3342358;555339776;51077120;507879424;0;0;0;0;0;0;0;0;0;0;0;2835;0;0;0;0;0;0;
41408;4928934;555339776;51077120;507879424;0;0;0;0;0;0;0;0;0;0;0;3146;0;0;0;0;0;0;
41409;3297363;555339776;51077120;507879424;0;0;0;0;0;0;0;0;0;0;0;3366;0;0;0;0;0;0;
41410;4817514;555339776;51077120;507879424;0;0;0;0;0;0;0;0;0;0;0;2935;0;0;0;0;0;0;
41411;3427688;555339776;51077120;507879424;0;0;0;0;0;0;0;0;0;0;0;3136;0;0;0;0;0;0;
41412;4839797;555339776;51077120;507879424;0;0;0;0;0;0;0;0;0;0;0;3136;0;0;0;0;0;0;
41413;3407791;555339776;51077120;507879424;0;0;0;0;0;0;0;0;0;0;0;3125;0;0;0;0;0;0;
41414;4904558;555339776;51077120;507879424;0;0;0;0;0;0;0;0;0;0;0;3206;0;0;0;0;0;0;
41415;3351275;555339776;51077120;507879424;0;0;0;0;0;0;0;0;0;0;0;3016;0;0;0;0;0;0;
41416;5232092;555339776;51077120;507879424;0;0;0;0;0;0;0;0;0;0;0;3116;0;0;0;0;0;0;
41417;3408452;555339776;51077120;507879424;0;0;0;0;0;0;0;0;0;0;0;3096;0;0;0;0;0;0;
41418;4807336;555339776;51077120;507879424;0;0;0;0;0;0;0;0;0;0;0;3085;0;0;0;0;0;0;
41419;3326378;555339776;51077120;507879424;0;0;0;0;0;0;0;0;0;0;0;2916;0;0;0;0;0;0;
41420;4866086;555339776;51077120;507879424;0;0;0;0;0;0;0;0;0;0;0;2564;0;0;0;0;0;0;
41421;3351876;555339776;51077120;507879424;0;0;0;0;0;0;0;0;0;0;0;3046;0;0;0;0;0;0;
41422;4785785;555339776;51077120;507879424;0;0;0;0;0;0;0;0;0;0;0;3146;0;0;0;0;0;0;
41423;3430784;555339776;51077120;507879424;0;0;0;0;0;0;0;0;0;0;0;3226;0;0;0;0;0;0;
41424;4825239;555339776;51077120;507879424;0;0;0;0;0;0;0;0;0;0;0;3397;0;0;0;0;0;0;
41425;3436776;555339776;51077120;507879424;0;0;0;0;0;0;0;0;0;0;0;3145;0;0;0;0;0;0;
41426;4854414;555339776;51077120;507879424;0;0;0;0;0;0;0;0;0;0;0;3407;0;0;0;0;0;0;
41427;3338451;555339776;51077120;507879424;0;0;0;0;0;0;0;0;0;0;0;3166;0;0;0;0;0;0;
41428;4779544;555339776;51077120;507879424;0;0;0;0;0;0;0;0;0;0;0;3036;0;0;0;0;0;0;
41429;3320467;555339776;51077120;507879424;0;0;0;0;0;0;0;0;0;0;0;3206;0;0;0;0;0;0;
41430;4878629;555339776;51077120;507879424;0;0;0;0;0;0;0;0;0;0;0;3156;0;0;0;0;0;0;
41431;3305058;555339776;51077120;507879424;0;0;0;0;0;0;0;0;0;0;0;3437;0;0;0;0;0;0;
41432;4818397;555339776;51077120;507879424;0;0;0;0;0;0;0;0;0;0;0;2996;0;0;0;0;0;0;
41433;3395848;555339776;51077120;507879424;0;0;0;0;0;0;0;0;0;0;0;3266;0;0;0;0;0;0;
41434;4787629;555339776;51077120;507879424;0;0;0;0;0;0;0;0;0;0;0;3246;0;0;0;0;0;0;
41435;3410736;555339776;51077120;507879424;0;0;0;0;0;0;0;0;0;0;0;3257;0;0;0;0;0;0;
41436;4814379;555339776;51077120;507879424;0;0;0;0;0;0;0;0;0;0;0;2655;0;0;0;0;0;0;
41437;3462173;555339776;51077120;507879424;0;0;0;0;0;0;0;0;0;0;0;3617;0;0;0;0;0;0;
41438;4802016;555339776;51077120;507879424;0;0;0;0;0;0;0;0;0;0;0;3096;0;0;0;0;0;0;
41439;3526353;555339776;51077120;507879424;0;0;0;0;0;0;0;0;0;0;0;3797;0;0;0;0;0;0;
41440;4802637;555339776;51077120;507879424;0;0;0;0;0;0;0;0;0;0;0;2936;0;0;0;0;0;0;
41441;3553764;555339776;51077120;507879424;0;0;0;0;0;0;0;0;0;0;0;3216;0;0;0;0;0;0;
41442;4863101;555339776;51077120;507879424;0;0;0;0;0;0;0;0;0;0;0;2975;0;0;0;0;0;0;
41443;3334653;555339776;51077120;507879424;0;0;0;0;0;0;0;0;0;0;0;3727;0;0;0;0;0;0;
41444;4841860;555339776;51077120;507879424;0;0;0;0;0;0;0;0;0;0;0;3005;0;0;0;0;0;0;
41445;3315448;555339776;51077120;507879424;0;0;0;0;0;0;0;0;0;0;0;3366;0;0;0;0;0;0;
41446;4826231;555339776;51077120;507879424;0;0;0;0;0;0;0;0;0;0;0;3476;0;0;0;0;0;0;
41447;3377564;555339776;51077120;507879424;0;0;0;0;0;0;0;0;0;0;0;4018;0;0;0;0;0;0;
41448;4856648;555339776;51077120;507879424;0;0;0;0;0;0;0;0;0;0;0;3547;0;0;0;0;0;0;
41449;3375340;555339776;51077120;507879424;0;0;0;0;0;0;0;0;0;0;0;3416;0;0;0;0;0;0;
41450;4886975;555339776;51077120;507879424;0;0;0;0;0;0;0;0;0;0;0;3096;0;0;0;0;0;0;
41451;3440452;555339776;51077120;507879424;0;0;0;0;0;0;0;0;0;0;0;3447;0;0;0;0;0;0;
41452;4839897;555339776;51077120;507879424;0;0;0;0;0;0;0;0;0;0;0;3527;0;0;0;0;0;0;
41453;3328803;555339776;51077120;507879424;0;0;0;0;0;0;0;0;0;0;0;3146;0;0;0;0;0;0;
41454;4809149;555339776;51077120;507879424;0;0;0;0;0;0;0;0;0;0;0;3106;0;0;0;0;0;0;
41455;3233253;555339776;51077120;507879424;0;0;0;0;0;0;0;0;0;0;0;3266;0;0;0;0;0;0;
41456;4767591;555339776;51077120;507879424;0;0;0;0;0;0;0;0;0;0;0;3025;0;0;0;0;0;0;
41457;3387062;555339776;51077120;507879424;0;0;0;0;0;0;0;0;0;0;0;3116;0;0;0;0;0;0;
41458;4838845;555339776;51077120;507879424;0;0;0;0;0;0;0;0;0;0;0;3316;0;0;0;0;0;0;
41459;3305038;555339776;51077120;507879424;0;0;0;0;0;0;0;0;0;0;0;2895;0;0;0;0;0;0;
41460;5400658;555339776;51077120;507879424;0;0;0;0;0;0;0;0;0;0;0;3055;0;0;0;0;0;0;
41461;3463575;555339776;51077120;507879424;0;0;0;0;0;0;0;0;0;0;0;3227;0;0;0;0;0;0;
41462;4861397;555339776;51077120;507879424;0;0;0;0;0;0;0;0;0;0;0;3156;0;0;0;0;0;0;
41463;3376021;555339776;51077120;507879424;0;0;0;0;0;0;0;0;0;0;0;3006;0;0;0;0;0;0;
41464;4884631;555339776;51077120;507879424;0;0;0;0;0;0;0;0;0;0;0;3055;0;0;0;0;0;0;
41465;3658200;555339776;51077120;507879424;0;0;0;0;0;0;0;0;0;0;0;3317;0;0;0;0;0;0;
41466;4873059;555339776;51077120;507879424;0;0;0;0;0;0;0;0;0;0;0;3116;0;0;0;0;0;0;
41467;3371663;555339776;51077120;507879424;0;0;0;0;0;0;0;0;0;0;0;3917;0;0;0;0;0;0;
41468;4765036;555339776;51077120;507879424;0;0;0;0;0;0;0;0;0;0;0;2986;0;0;0;0;0;0;
41469;3285221;555339776;51077120;507879424;0;0;0;0;0;0;0;0;0;0;0;3056;0;0;0;0;0;0;
41470;4770166;555339776;51077120;507879424;0;0;0;0;0;0;0;0;0;0;0;3276;0;0;0;0;0;0;
41471;3308214;555339776;51077120;507879424;0;0;0;0;0;0;0;0;0;0;0;3296;0;0;0;0;0;0;
41472;4828485;555339776;51077120;507879424;0;0;0;0;0;0;0;0;0;0;0;3176;0;0;0;0;0;0;
41473;3566218;555339776;51077120;507879424;0;0;0;0;0;0;0;0;0;0;0;3246;0;0;0;0;0;0;
41474;4737695;555339776;51077120;507879424;0;0;0;0;0;0;0;0;0;0;0;2976;0;0;0;0;0;0;
41475;3356665;555339776;51077120;507879424;0;0;0;0;0;0;0;0;0;0;0;3146;0;0;0;0;0;0;
41476;4796806;555339776;51077120;507879424;0;0;0;0;0;0;0;0;0;0;0;3136;0;0;0;0;0;0;
41477;12448766;555339776;51077120;507879424;0;0;0;0;0;0;0;0;0;0;0;3196;0;0;0;0;0;0;
41478;4792959;555339776;51077120;507879424;0;0;0;0;0;0;0;0;0;0;0;3055;0;0;0;0;0;0;
41479;3540179;555339776;51077120;507879424;0;0;0;0;0;0;0;0;0;0;0;3306;0;0;0;0;0;0;
41480;4844605;555339776;51077120;507879424;0;0;0;0;0;0;0;0;0;0;0;3016;0;0;0;0;0;0;
41481;3361164;555339776;51077120;507879424;0;0;0;0;0;0;0;0;0;0;0;3176;0;0;0;0;0;0;
41482;4839215;555339776;51077120;507879424;0;0;0;0;0;0;0;0;0;0;0;2885;0;0;0;0;0;0;
41483;3418631;555339776;51077120;507879424;0;0;0;0;0;0;0;0;0;0;0;3446;0;0;0;0;0;0;
41484;4870174;555339776;51077120;507879424;0;0;0;0;0;0;0;0;0;0;0;3036;0;0;0;0;0;0;
41485;3343250;555339776;51077120;507879424;0;0;0;0;0;0;0;0;0;0;0;3346;0;0;0;0;0;0;
41486;4807456;555339776;51077120;507879424;0;0;0;0;0;0;0;0;0;0;0;2896;0;0;0;0;0;0;
41487;3283678;555339776;51077120;507879424;0;0;0;0;0;0;0;0;0;0;0;3406;0;0;0;0;0;0;
41488;5181227;555339776;51077120;507879424;0;0;0;0;0;0;0;0;0;0;0;4028;0;0;0;0;0;0;
41489;3395859;555339776;51077120;507879424;0;0;0;0;0;0;0;0;0;0;0;3196;0;0;0;0;0;0;
41490;4883188;555339776;51077120;507879424;0;0;0;0;0;0;0;0;0;0;0;2815;0;0;0;0;0;0;
41491;3323783;555339776;51077120;507879424;0;0;0;0;0;0;0;0;0;0;0;3707;0;0;0;0;0;0;
41492;4829106;555339776;51077120;507879424;0;0;0;0;0;0;0;0;0;0;0;3036;0;0;0;0;0;0;
41493;3340815;555339776;51077120;507879424;0;0;0;0;0;0;0;0;0;0;0;3026;0;0;0;0;0;0;
41494;4906302;555339776;51077120;507879424;0;0;0;0;0;0;0;0;0;0;0;3667;0;0;0;0;0;0;
41495;3290381;555339776;51077120;507879424;0;0;0;0;0;0;0;0;0;0;0;2986;0;0;0;0;0;0;
41496;4811584;555339776;51077120;507879424;0;0;0;0;0;0;0;0;0;0;0;3236;0;0;0;0;0;0;
41497;3421216;555339776;51077120;507879424;0;0;0;0;0;0;0;0;0;0;0;3817;0;0;0;0;0;0;
41498;4908064;555339776;51077120;507879424;0;0;0;0;0;0;0;0;0;0;0;2846;0;0;0;0;0;0;
41499;3304979;555339776;51077120;507879424;0;0;0;0;0;0;0;0;0;0;0;3085;0;0;0;0;0;0;
41500;4877627;555339776;51077120;507879424;0;0;0;0;0;0;0;0;0;0;0;2896;0;0;0;0;0;0;
41501;3444459;555339776;51077120;507879424;0;0;0;0;0;0;0;0;0;0;0;3817;0;0;0;0;0;0;
41502;4848302;555339776;51077120;507879424;0;0;0;0;0;0;0;0;0;0;0;3246;0;0;0;0;0;0;
41503;3340084;555339776;51077120;507879424;0;0;0;0;0;0;0;0;0;0;0;3236;0;0;0;0;0;0;
41504;4791586;555339776;51077120;507879424;0;0;0;0;0;0;0;0;0;0;0;3276;0;0;0;0;0;0;
41505;3452264;555339776;51077120;507879424;0;0;0;0;0;0;0;0;0;0;0;3045;0;0;0;0;0;0;
41506;4837142;555339776;51077120;507879424;0;0;0;0;0;0;0;0;0;0;0;2815;0;0;0;0;0;0;
41507;3338081;555339776;51077120;507879424;0;0;0;0;0;0;0;0;0;0;0;3397;0;0;0;0;0;0;
41508;4821883;555339776;51077120;507879424;0;0;0;0;0;0;0;0;0;0;0;3947;0;0;0;0;0;0;
41509;3356094;555339776;51077120;507879424;0;0;0;0;0;0;0;0;0;0;0;3286;0;0;0;0;0;0;
41510;4842411;555339776;51077120;507879424;0;0;0;0;0;0;0;0;0;0;0;2916;0;0;0;0;0;0;
41511;3306050;555339776;51077120;507879424;0;0;0;0;0;0;0;0;0;0;0;3216;0;0;0;0;0;0;
41512;4840407;555339776;51077120;507879424;0;0;0;0;0;0;0;0;0;0;0;3356;0;0;0;0;0;0;
41513;4148641;555339776;51077120;507879424;0;0;0;0;0;0;0;0;0;0;0;4318;0;0;0;0;0;0;
41514;4821101;555339776;51077120;507879424;0;0;0;0;0;0;0;0;0;0;0;3557;0;0;0;0;0;0;
41515;3338371;555339776;51077120;507879424;0;0;0;0;0;0;0;0;0;0;0;3176;0;0;0;0;0;0;
41516;4828305;555339776;51077120;507879424;0;0;0;0;0;0;0;0;0;0;0;3015;0;0;0;0;0;0;
41517;3457554;555339776;51077120;507879424;0;0;0;0;0;0;0;0;0;0;0;3587;0;0;0;0;0;0;
41518;4848633;555339776;51077120;507879424;0;0;0;0;0;0;0;0;0;0;0;3216;0;0;0;0;0;0;
41519;3400648;555339776;51077120;507879424;0;0;0;0;0;0;0;0;0;0;0;3426;0;0;0;0;0;0;
41520;4861347;555339776;51077120;507879424;0;0;0;0;0;0;0;0;0;0;0;3156;0;0;0;0;0;0;
41521;3335826;555339776;51077120;507879424;0;0;0;0;0;0;0;0;0;0;0;3547;0;0;0;0;0;0;
41522;4925958;555339776;51077120;507879424;0;0;0;0;0;0;0;0;0;0;0;3296;0;0;0;0;0;0;
41523;3357407;555339776;51077120;507879424;0;0;0;0;0;0;0;0;0;0;0;3376;0;0;0;0;0;0;
41524;4880904;555339776;51077120;507879424;0;0;0;0;0;0;0;0;0;0;0;3577;0;0;0;0;0;0;
41525;3281373;555339776;51077120;507879424;0;0;0;0;0;0;0;0;0;0;0;3346;0;0;0;0;0;0;
41526;4815601;555339776;51077120;507879424;0;0;0;0;0;0;0;0;0;0;0;2715;0;0;0;0;0;0;
41527;3330506;555339776;51077120;507879424;0;0;0;0;0;0;0;0;0;0;0;3116;0;0;0;0;0;0;
41528;4917432;555339776;51077120;507879424;0;0;0;0;0;0;0;0;0;0;0;3947;0;0;0;0;0;0;
41529;3396380;555339776;51077120;507879424;0;0;0;0;0;0;0;0;0;0;0;3196;0;0;0;0;0;0;
41530;4800793;555339776;51077120;507879424;0;0;0;0;0;0;0;0;0;0;0;3256;0;0;0;0;0;0;
41531;3390088;555339776;51077120;507879424;0;0;0;0;0;0;0;0;0;0;0;2876;0;0;0;0;0;0;
41532;4886174;555339776;51077120;507879424;0;0;0;0;0;0;0;0;0;0;0;3566;0;0;0;0;0;0;
41533;3364971;555339776;51077120;507879424;0;0;0;0;0;0;0;0;0;0;0;3467;0;0;0;0;0;0;
41534;4791486;555339776;51077120;507879424;0;0;0;0;0;0;0;0;0;0;0;3045;0;0;0;0;0;0;
41535;3311751;555339776;51077120;507879424;0;0;0;0;0;0;0;0;0;0;0;3106;0;0;0;0;0;0;
41536;5000178;555339776;51077120;507879424;0;0;0;0;0;0;0;0;0;0;0;3186;0;0;0;0;0;0;
41537;3368678;555339776;51085312;507887616;0;0;0;0;0;0;0;0;0;0;0;3125;0;0;0;0;0;0;
41538;5323653;555339776;51085312;507887616;0;0;0;0;0;0;0;0;0;0;0;2975;0;0;0;0;0;0;
41539;3289609;555339776;51085312;507887616;0;0;0;0;0;0;0;0;0;0;0;3266;0;0;0;0;0;0;
41540;4821232;555339776;51085312;507887616;0;0;0;0;0;0;0;0;0;0;0;2866;0;0;0;0;0;0;
41541;3283719;555339776;51085312;507887616;0;0;0;0;0;0;0;0;0;0;0;3717;0;0;0;0;0;0;
41542;4793540;555339776;51085312;507887616;0;0;0;0;0;0;0;0;0;0;0;3527;0;0;0;0;0;0;
41543;3383335;555376640;51077120;507879424;0;0;0;0;0;0;0;0;0;0;0;3747;0;0;0;0;0;0;
41544;4896433;555376640;51077120;507879424;0;0;0;0;0;0;0;0;0;0;0;3407;0;0;0;0;0;0;
41545;3362856;555376640;51077120;507879424;0;0;0;0;0;0;0;0;0;0;0;3145;0;0;0;0;0;0;
41546;4803057;555376640;51077120;507879424;0;0;0;0;0;0;0;0;0;0;0;2745;0;0;0;0;0;0;
41547;3666075;555376640;51077120;507879424;0;0;0;0;0;0;0;0;0;0;0;3085;0;0;0;0;0;0;
41548;4835168;555376640;51077120;507879424;0;0;0;0;0;0;0;0;0;0;0;2915;0;0;0;0;0;0;
41549;3561189;555376640;51077120;507879424;0;0;0;0;0;0;0;0;0;0;0;3176;0;0;0;0;0;0;
41550;4810722;555376640;51077120;507879424;0;0;0;0;0;0;0;0;0;0;0;2835;0;0;0;0;0;0;
41551;3498721;555376640;51077120;507879424;0;0;0;0;0;0;0;0;0;0;0;3105;0;0;0;0;0;0;
41552;4741903;555376640;51077120;507879424;0;0;0;0;0;0;0;0;0;0;0;2855;0;0;0;0;0;0;
41553;3390168;555376640;51077120;507879424;0;0;0;0;0;0;0;0;0;0;0;3286;0;0;0;0;0;0;
41554;4853612;555376640;51077120;507879424;0;0;0;0;0;0;0;0;0;0;0;2986;0;0;0;0;0;0;
41555;3312543;555376640;51077120;507879424;0;0;0;0;0;0;0;0;0;0;0;3076;0;0;0;0;0;0;
41556;4851278;555376640;51077120;507879424;0;0;0;0;0;0;0;0;0;0;0;2805;0;0;0;0;0;0;
41557;3827418;555376640;51077120;507879424;0;0;0;0;0;0;0;0;0;0;0;4037;0;0;0;0;0;0;
41558;4951716;555376640;51077120;507879424;0;0;0;0;0;0;0;0;0;0;0;3105;0;0;0;0;0;0;
41559;3840071;555376640;51077120;507879424;0;0;0;0;0;0;0;0;0;0;0;3115;0;0;0;0;0;0;
41560;4943481;555376640;51077120;507879424;0;0;0;0;0;0;0;0;0;0;0;3507;0;0;0;0;0;0;
41561;3912528;555376640;51077120;507879424;0;0;0;0;0;0;0;0;0;0;0;3407;0;0;0;0;0;0;
41562;5366243;555376640;51077120;507879424;0;0;0;0;0;0;0;0;0;0;0;3166;0;0;0;0;0;0;
41563;3417609;555376640;51077120;507879424;0;0;0;0;0;0;0;0;0;0;0;3076;0;0;0;0;0;0;
41564;4820831;555376640;51077120;507879424;0;0;0;0;0;0;0;0;0;0;0;3346;0;0;0;0;0;0;
41565;3486108;555376640;51077120;507879424;0;0;0;0;0;0;0;0;0;0;0;3577;0;0;0;0;0;0;
41566;4881174;555376640;51077120;507879424;0;0;0;0;0;0;0;0;0;0;0;3246;0;0;0;0;0;0;
41567;3310889;555376640;51077120;507879424;0;0;0;0;0;0;0;0;0;0;0;3286;0;0;0;0;0;0;
41568;4869782;555376640;51077120;507879424;0;0;0;0;0;0;0;0;0;0;0;3075;0;0;0;0;0;0;
41569;3408472;555376640;51077120;507879424;0;0;0;0;0;0;0;0;0;0;0;3607;0;0;0;0;0;0;
41570;4867629;555376640;51077120;507879424;0;0;0;0;0;0;0;0;0;0;0;3246;0;0;0;0;0;0;
41571;3507287;555376640;51077120;507879424;0;0;0;0;0;0;0;0;0;0;0;3036;0;0;0;0;0;0;
41572;4813397;555376640;51077120;507879424;0;0;0;0;0;0;0;0;0;0;0;2705;0;0;0;0;0;0;
41573;3317542;555376640;51077120;507879424;0;0;0;0;0;0;0;0;0;0;0;3066;0;0;0;0;0;0;
41574;4899318;555376640;51077120;507879424;0;0;0;0;0;0;0;0;0;0;0;2905;0;0;0;0;0;0;
41575;3381412;555376640;51077120;507879424;0;0;0;0;0;0;0;0;0;0;0;3387;0;0;0;0;0;0;
41576;4821172;555376640;51077120;507879424;0;0;0;0;0;0;0;0;0;0;0;2936;0;0;0;0;0;0;
41577;3279330;555376640;51077120;507879424;0;0;0;0;0;0;0;0;0;0;0;3056;0;0;0;0;0;0;
41578;4889009;555376640;51077120;507879424;0;0;0;0;0;0;0;0;0;0;0;3797;0;0;0;0;0;0;
41579;3367706;555376640;51077120;507879424;0;0;0;0;0;0;0;0;0;0;0;4037;0;0;0;0;0;0;
41580;4833174;555376640;51077120;507879424;0;0;0;0;0;0;0;0;0;0;0;3527;0;0;0;0;0;0;
41581;3404325;555376640;51077120;507879424;0;0;0;0;0;0;0;0;0;0;0;3847;0;0;0;0;0;0;
41582;4899178;555376640;51077120;507879424;0;0;0;0;0;0;0;0;0;0;0;3577;0;0;0;0;0;0;
41583;3298135;555376640;51077120;507879424;0;0;0;0;0;0;0;0;0;0;0;3867;0;0;0;0;0;0;
41584;4835950;555376640;51077120;507879424;0;0;0;0;0;0;0;0;0;0;0;3376;0;0;0;0;0;0;
41585;3317431;555376640;51077120;507879424;0;0;0;0;0;0;0;0;0;0;0;3858;0;0;0;0;0;0;
41586;4851408;555376640;51077120;507879424;0;0;0;0;0;0;0;0;0;0;0;3487;0;0;0;0;0;0;
41587;3652270;555376640;51077120;507879424;0;0;0;0;0;0;0;0;0;0;0;3727;0;0;0;0;0;0;
41588;4816913;555376640;51077120;507879424;0;0;0;0;0;0;0;0;0;0;0;3317;0;0;0;0;0;0;
41589;3420525;555376640;51077120;507879424;0;0;0;0;0;0;0;0;0;0;0;3577;0;0;0;0;0;0;
41590;4878068;555376640;51077120;507879424;0;0;0;0;0;0;0;0;0;0;0;3116;0;0;0;0;0;0;
41591;3305810;555376640;51077120;507879424;0;0;0;0;0;0;0;0;0;0;0;3206;0;0;0;0;0;0;
41592;4860335;555376640;51077120;507879424;0;0;0;0;0;0;0;0;0;0;0;3386;0;0;0;0;0;0;
41593;3275734;555376640;51077120;507879424;0;0;0;0;0;0;0;0;0;0;0;3056;0;0;0;0;0;0;
41594;4903856;555376640;51077120;507879424;0;0;0;0;0;0;0;0;0;0;0;2826;0;0;0;0;0;0;
41595;3342759;555376640;51077120;507879424;0;0;0;0;0;0;0;0;0;0;0;3086;0;0;0;0;0;0;
41596;4876856;555376640;51077120;507879424;0;0;0;0;0;0;0;0;0;0;0;2775;0;0;0;0;0;0;
41597;3358759;555376640;51077120;507879424;0;0;0;0;0;0;0;0;0;0;0;3196;0;0;0;0;0;0;
41598;4920027;555376640;51077120;507879424;0;0;0;0;0;0;0;0;0;0;0;3025;0;0;0;0;0;0;
41599;3435863;555376640;51077120;507879424;0;0;0;0;0;0;0;0;0;0;0;3536;0;0;0;0;0;0;
41600;4860154;555376640;51077120;507879424;0;0;0;0;0;0;0;0;0;0;0;2775;0;0;0;0;0;0;
41601;3430693;555376640;51077120;507879424;0;0;0;0;0;0;0;0;0;0;0;3367;0;0;0;0;0;0;
41602;4878779;555376640;51077120;507879424;0;0;0;0;0;0;0;0;0;0;0;3467;0;0;0;0;0;0;
41603;3348249;555376640;51077120;507879424;0;0;0;0;0;0;0;0;0;0;0;3136;0;0;0;0;0;0;
41604;4831872;555376640;51077120;507879424;0;0;0;0;0;0;0;0;0;0;0;2935;0;0;0;0;0;0;
41605;3382754;555376640;51077120;507879424;0;0;0;0;0;0;0;0;0;0;0;3466;0;0;0;0;0;0;
41606;4824598;555376640;51077120;507879424;0;0;0;0;0;0;0;0;0;0;0;3767;0;0;0;0;0;0;
41607;3303265;555376640;51077120;507879424;0;0;0;0;0;0;0;0;0;0;0;3507;0;0;0;0;0;0;
41608;4799351;555376640;51077120;507879424;0;0;0;0;0;0;0;0;0;0;0;3166;0;0;0;0;0;0;
41609;3323173;555376640;51077120;507879424;0;0;0;0;0;0;0;0;0;0;0;3556;0;0;0;0;0;0;
41610;4849786;555376640;51077120;507879424;0;0;0;0;0;0;0;0;0;0;0;3767;0;0;0;0;0;0;
41611;3933607;555376640;51077120;507879424;0;0;0;0;0;0;0;0;0;0;0;3777;0;0;0;0;0;0;
41612;4905570;555376640;51077120;507879424;0;0;0;0;0;0;0;0;0;0;0;3115;0;0;0;0;0;0;
41613;3278929;555376640;51077120;507879424;0;0;0;0;0;0;0;0;0;0;0;3135;0;0;0;0;0;0;
41614;4820040;555376640;51077120;507879424;0;0;0;0;0;0;0;0;0;0;0;3066;0;0;0;0;0;0;
41615;3412269;555376640;51077120;507879424;0;0;0;0;0;0;0;0;0;0;0;3236;0;0;0;0;0;0;
41616;4831191;555376640;51077120;507879424;0;0;0;0;0;0;0;0;0;0;0;3306;0;0;0;0;0;0;
41617;3404795;555376640;51077120;507879424;0;0;0;0;0;0;0;0;0;0;0;3737;0;0;0;0;0;0;
41618;4860866;555376640;51077120;507879424;0;0;0;0;0;0;0;0;0;0;0;3577;0;0;0;0;0;0;
41619;3385259;555376640;51077120;507879424;0;0;0;0;0;0;0;0;0;0;0;3276;0;0;0;0;0;0;
41620;4785966;555376640;51077120;507879424;0;0;0;0;0;0;0;0;0;0;0;2836;0;0;0;0;0;0;
41621;3640166;555376640;51077120;507879424;0;0;0;0;0;0;0;0;0;0;0;3817;0;0;0;0;0;0;
41622;4780967;555376640;51077120;507879424;0;0;0;0;0;0;0;0;0;0;0;3327;0;0;0;0;0;0;
41623;3366093;555376640;51077120;507879424;0;0;0;0;0;0;0;0;0;0;0;3437;0;0;0;0;0;0;
41624;4796646;555376640;51077120;507879424;0;0;0;0;0;0;0;0;0;0;0;3386;0;0;0;0;0;0;
41625;3328112;555376640;51077120;507879424;0;0;0;0;0;0;0;0;0;0;0;3115;0;0;0;0;0;0;
41626;4777209;555376640;51077120;507879424;0;0;0;0;0;0;0;0;0;0;0;3396;0;0;0;0;0;0;
41627;3482791;555376640;51077120;507879424;0;0;0;0;0;0;0;0;0;0;0;3517;0;0;0;0;0;0;
41628;4803528;555376640;51077120;507879424;0;0;0;0;0;0;0;0;0;0;0;3337;0;0;0;0;0;0;
41629;3374008;555376640;51077120;507879424;0;0;0;0;0;0;0;0;0;0;0;3617;0;0;0;0;0;0;
41630;4839406;555376640;51077120;507879424;0;0;0;0;0;0;0;0;0;0;0;3136;0;0;0;0;0;0;
41631;3414683;555376640;51077120;507879424;0;0;0;0;0;0;0;0;0;0;0;3015;0;0;0;0;0;0;
41632;4812846;555376640;51077120;507879424;0;0;0;0;0;0;0;0;0;0;0;2965;0;0;0;0;0;0;
41633;3408683;555376640;51077120;507879424;0;0;0;0;0;0;0;0;0;0;0;3427;0;0;0;0;0;0;
41634;4836681;555376640;51077120;507879424;0;0;0;0;0;0;0;0;0;0;0;3296;0;0;0;0;0;0;
41635;3299528;555376640;51077120;507879424;0;0;0;0;0;0;0;0;0;0;0;3266;0;0;0;0;0;0;
41636;5595664;555376640;51077120;507879424;0;0;0;0;0;0;0;0;0;0;0;3646;0;0;0;0;0;0;
41637;3422939;555376640;51077120;507879424;0;0;0;0;0;0;0;0;0;0;0;3737;0;0;0;0;0;0;
41638;4807566;555376640;51077120;507879424;0;0;0;0;0;0;0;0;0;0;0;2916;0;0;0;0;0;0;
41639;3319295;555376640;51077120;507879424;0;0;0;0;0;0;0;0;0;0;0;3076;0;0;0;0;0;0;
41640;4881184;555376640;51077120;507879424;0;0;0;0;0;0;0;0;0;0;0;3336;0;0;0;0;0;0;
41641;3270373;555376640;51077120;507879424;0;0;0;0;0;0;0;0;0;0;0;3367;0;0;0;0;0;0;
41642;4819208;555376640;51077120;507879424;0;0;0;0;0;0;0;0;0;0;0;3356;0;0;0;0;0;0;
41643;3323452;555376640;51077120;507879424;0;0;0;0;0;0;0;0;0;0;0;3467;0;0;0;0;0;0;
41644;4872097;555376640;51077120;507879424;0;0;0;0;0;0;0;0;0;0;0;3406;0;0;0;0;0;0;
41645;3311861;555376640;51077120;507879424;0;0;0;0;0;0;0;0;0;0;0;3546;0;0;0;0;0;0;
41646;4929404;555376640;51077120;507879424;0;0;0;0;0;0;0;0;0;0;0;3085;0;0;0;0;0;0;
41647;3414614;555376640;51077120;507879424;0;0;0;0;0;0;0;0;0;0;0;3747;0;0;0;0;0;0;
41648;4953159;555376640;51077120;507879424;0;0;0;0;0;0;0;0;0;0;0;3717;0;0;0;0;0;0;
41649;3315558;555376640;51077120;507879424;0;0;0;0;0;0;0;0;0;0;0;3646;0;0;0;0;0;0;
41650;4848042;555376640;51077120;507879424;0;0;0;0;0;0;0;0;0;0;0;3487;0;0;0;0;0;0;
41651;3349942;555376640;51077120;507879424;0;0;0;0;0;0;0;0;0;0;0;3457;0;0;0;0;0;0;
41652;4859163;555376640;51077120;507879424;0;0;0;0;0;0;0;0;0;0;0;3426;0;0;0;0;0;0;
41653;3325987;555376640;51077120;507879424;0;0;0;0;0;0;0;0;0;0;0;3236;0;0;0;0;0;0;
41654;4784082;555376640;51077120;507879424;0;0;0;0;0;0;0;0;0;0;0;2926;0;0;0;0;0;0;
41655;3241619;555376640;51077120;507879424;0;0;0;0;0;0;0;0;0;0;0;3226;0;0;0;0;0;0;
41656;4923733;555376640;51077120;507879424;0;0;0;0;0;0;0;0;0;0;0;2886;0;0;0;0;0;0;
41657;3309637;555376640;51077120;507879424;0;0;0;0;0;0;0;0;0;0;0;2975;0;0;0;0;0;0;
41658;4832873;555376640;51077120;507879424;0;0;0;0;0;0;0;0;0;0;0;3076;0;0;0;0;0;0;
41659;3359551;555376640;51077120;507879424;0;0;0;0;0;0;0;0;0;0;0;3697;0;0;0;0;0;0;
41660;4971905;555376640;51077120;507879424;0;0;0;0;0;0;0;0;0;0;0;2816;0;0;0;0;0;0;
41661;3516155;555376640;51077120;507879424;0;0;0;0;0;0;0;0;0;0;0;3647;0;0;0;0;0;0;
41662;4809229;555376640;51077120;507879424;0;0;0;0;0;0;0;0;0;0;0;3346;0;0;0;0;0;0;
41663;3315818;555376640;51077120;507879424;0;0;0;0;0;0;0;0;0;0;0;3497;0;0;0;0;0;0;
41664;4869312;555376640;51077120;507879424;0;0;0;0;0;0;0;0;0;0;0;3427;0;0;0;0;0;0;
41665;3346116;555376640;51077120;507879424;0;0;0;0;0;0;0;0;0;0;0;3557;0;0;0;0;0;0;
41666;4799741;555376640;51077120;507879424;0;0;0;0;0;0;0;0;0;0;0;3417;0;0;0;0;0;0;
41667;3315918;555376640;51077120;507879424;0;0;0;0;0;0;0;0;0;0;0;2915;0;0;0;0;0;0;
41668;4832423;555376640;51077120;507879424;0;0;0;0;0;0;0;0;0;0;0;3687;0;0;0;0;0;0;
41669;3416247;555376640;51077120;507879424;0;0;0;0;0;0;0;0;0;0;0;3536;0;0;0;0;0;0;
41670;4817003;555376640;51077120;507879424;0;0;0;0;0;0;0;0;0;0;0;3656;0;0;0;0;0;0;
41671;3386672;555376640;51077120;507879424;0;0;0;0;0;0;0;0;0;0;0;3447;0;0;0;0;0;0;
41672;4839777;555376640;51077120;507879424;0;0;0;0;0;0;0;0;0;0;0;3426;0;0;0;0;0;0;
41673;3445361;555376640;51077120;507879424;0;0;0;0;0;0;0;0;0;0;0;3306;0;0;0;0;0;0;
41674;4820480;555376640;51077120;507879424;0;0;0;0;0;0;0;0;0;0;0;3026;0;0;0;0;0;0;
41675;3433188;555376640;51077120;507879424;0;0;0;0;0;0;0;0;0;0;0;3025;0;0;0;0;0;0;
41676;4891644;555376640;51077120;507879424;0;0;0;0;0;0;0;0;0;0;0;3055;0;0;0;0;0;0;
41677;3417690;555376640;51077120;507879424;0;0;0;0;0;0;0;0;0;0;0;3897;0;0;0;0;0;0;
41678;4806735;555376640;51077120;507879424;0;0;0;0;0;0;0;0;0;0;0;3387;0;0;0;0;0;0;
41679;3368157;555376640;51077120;507879424;0;0;0;0;0;0;0;0;0;0;0;3586;0;0;0;0;0;0;
41680;4770346;555376640;51077120;507879424;0;0;0;0;0;0;0;0;0;0;0;2926;0;0;0;0;0;0;
41681;3407421;555376640;51077120;507879424;0;0;0;0;0;0;0;0;0;0;0;3036;0;0;0;0;0;0;
41682;4818316;555376640;51077120;507879424;0;0;0;0;0;0;0;0;0;0;0;3246;0;0;0;0;0;0;
41683;3250907;555376640;51077120;507879424;0;0;0;0;0;0;0;0;0;0;0;3166;0;0;0;0;0;0;
41684;4830399;555376640;51077120;507879424;0;0;0;0;0;0;0;0;0;0;0;2986;0;0;0;0;0;0;
41685;4045707;555376640;51077120;507879424;0;0;0;0;0;0;0;0;0;0;0;4639;0;0;0;0;0;0;
41686;4996010;555376640;51077120;507879424;0;0;0;0;0;0;0;0;0;0;0;3296;0;0;0;0;0;0;
41687;3337630;555376640;51077120;507879424;0;0;0;0;0;0;0;0;0;0;0;3857;0;0;0;0;0;0;
41688;4952288;555376640;51077120;507879424;0;0;0;0;0;0;0;0;0;0;0;3316;0;0;0;0;0;0;
41689;3371773;555376640;51077120;507879424;0;0;0;0;0;0;0;0;0;0;0;3637;0;0;0;0;0;0;
41690;4822154;555376640;51077120;507879424;0;0;0;0;0;0;0;0;0;0;0;3196;0;0;0;0;0;0;
41691;3330365;555376640;51077120;507879424;0;0;0;0;0;0;0;0;0;0;0;4018;0;0;0;0;0;0;
41692;4924746;555376640;51077120;507879424;0;0;0;0;0;0;0;0;0;0;0;3637;0;0;0;0;0;0;
41693;3373216;555376640;51077120;507879424;0;0;0;0;0;0;0;0;0;0;0;3376;0;0;0;0;0;0;
41694;4856367;555376640;51077120;507879424;0;0;0;0;0;0;0;0;0;0;0;3065;0;0;0;0;0;0;
41695;3747438;555376640;51077120;507879424;0;0;0;0;0;0;0;0;0;0;0;2966;0;0;0;0;0;0;
41696;4833885;555376640;51077120;507879424;0;0;0;0;0;0;0;0;0;0;0;3256;0;0;0;0;0;0;
41697;3359270;555376640;51077120;507879424;0;0;0;0;0;0;0;0;0;0;0;3026;0;0;0;0;0;0;
41698;4828145;555376640;51077120;507879424;0;0;0;0;0;0;0;0;0;0;0;3095;0;0;0;0;0;0;
41699;3381351;555376640;51077120;507879424;0;0;0;0;0;0;0;0;0;0;0;3316;0;0;0;0;0;0;
41700;4828445;555376640;51077120;507879424;0;0;0;0;0;0;0;0;0;0;0;3086;0;0;0;0;0;0;
41701;3570786;555376640;51077120;507879424;0;0;0;0;0;0;0;0;0;0;0;3838;0;0;0;0;0;0;
41702;4914917;555376640;51077120;507879424;0;0;0;0;0;0;0;0;0;0;0;3667;0;0;0;0;0;0;
41703;3365251;555376640;51077120;507879424;0;0;0;0;0;0;0;0;0;0;0;3436;0;0;0;0;0;0;
41704;4815972;555376640;51077120;507879424;0;0;0;0;0;0;0;0;0;0;0;3417;0;0;0;0;0;0;
41705;3351535;555376640;51077120;507879424;0;0;0;0;0;0;0;0;0;0;0;3848;0;0;0;0;0;0;
41706;4841079;555376640;51077120;507879424;0;0;0;0;0;0;0;0;0;0;0;3717;0;0;0;0;0;0;
41707;3348339;555376640;51077120;507879424;0;0;0;0;0;0;0;0;0;0;0;3928;0;0;0;0;0;0;
41708;4762351;555376640;51077120;507879424;0;0;0;0;0;0;0;0;0;0;0;3336;0;0;0;0;0;0;
41709;3291803;555376640;51077120;507879424;0;0;0;0;0;0;0;0;0;0;0;4138;0;0;0;0;0;0;
41710;5319707;555376640;51077120;507879424;0;0;0;0;0;0;0;0;0;0;0;3827;0;0;0;0;0;0;
41711;3271034;555376640;51077120;507879424;0;0;0;0;0;0;0;0;0;0;0;3387;0;0;0;0;0;0;
41712;4803939;555376640;51077120;507879424;0;0;0;0;0;0;0;0;0;0;0;3417;0;0;0;0;0;0;
41713;3300780;555376640;51077120;507879424;0;0;0;0;0;0;0;0;0;0;0;3446;0;0;0;0;0;0;
41714;4860135;555376640;51077120;507879424;0;0;0;0;0;0;0;0;0;0;0;3717;0;0;0;0;0;0;
41715;6500300;555376640;51077120;507879424;0;0;0;0;0;0;0;0;0;0;0;3436;0;0;0;0;0;0;
41716;7880649;555376640;51077120;507879424;0;0;0;0;0;0;0;0;0;0;0;3486;0;0;0;0;0;0;
41717;3392773;555376640;51077120;507879424;0;0;0;0;0;0;0;0;0;0;0;3627;0;0;0;0;0;0;
41718;4783471;555376640;51077120;507879424;0;0;0;0;0;0;0;0;0;0;0;3196;0;0;0;0;0;0;
41719;3326840;555376640;51077120;507879424;0;0;0;0;0;0;0;0;0;0;0;2956;0;0;0;0;0;0;
41720;4824358;555376640;51077120;507879424;0;0;0;0;0;0;0;0;0;0;0;3546;0;0;0;0;0;0;
41721;3389596;555376640;51077120;507879424;0;0;0;0;0;0;0;0;0;0;0;3336;0;0;0;0;0;0;
41722;4877638;555376640;51077120;507879424;0;0;0;0;0;0;0;0;0;0;0;3367;0;0;0;0;0;0;
41723;3388475;555376640;51077120;507879424;0;0;0;0;0;0;0;0;0;0;0;3577;0;0;0;0;0;0;
41724;4795363;555376640;51077120;507879424;0;0;0;0;0;0;0;0;0;0;0;2845;0;0;0;0;0;0;
41725;3328322;555376640;51077120;507879424;0;0;0;0;0;0;0;0;0;0;0;3777;0;0;0;0;0;0;
41726;4875313;555376640;51077120;507879424;0;0;0;0;0;0;0;0;0;0;0;3317;0;0;0;0;0;0;
41727;3396439;555376640;51077120;507879424;0;0;0;0;0;0;0;0;0;0;0;3967;0;0;0;0;0;0;
41728;4856918;555376640;51077120;507879424;0;0;0;0;0;0;0;0;0;0;0;3667;0;0;0;0;0;0;
41729;3444380;555376640;51077120;507879424;0;0;0;0;0;0;0;0;0;0;0;2936;0;0;0;0;0;0;
41730;4805021;555376640;51077120;507879424;0;0;0;0;0;0;0;0;0;0;0;3015;0;0;0;0;0;0;
41731;3443558;555376640;51077120;507879424;0;0;0;0;0;0;0;0;0;0;0;3737;0;0;0;0;0;0;
41732;4887466;555376640;51077120;507879424;0;0;0;0;0;0;0;0;0;0;0;3406;0;0;0;0;0;0;
41733;3739673;555376640;51077120;507879424;0;0;0;0;0;0;0;0;0;0;0;3487;0;0;0;0;0;0;
41734;4857240;555376640;51077120;507879424;0;0;0;0;0;0;0;0;0;0;0;3136;0;0;0;0;0;0;
41735;3447185;555376640;51077120;507879424;0;0;0;0;0;0;0;0;0;0;0;3717;0;0;0;0;0;0;
41736;4841710;555376640;51077120;507879424;0;0;0;0;0;0;0;0;0;0;0;4128;0;0;0;0;0;0;
41737;3453516;555376640;51077120;507879424;0;0;0;0;0;0;0;0;0;0;0;2955;0;0;0;0;0;0;
41738;5001480;555376640;51077120;507879424;0;0;0;0;0;0;0;0;0;0;0;3036;0;0;0;0;0;0;
41739;3382243;555376640;51077120;507879424;0;0;0;0;0;0;0;0;0;0;0;3095;0;0;0;0;0;0;
41740;4854023;555376640;51077120;507879424;0;0;0;0;0;0;0;0;0;0;0;2675;0;0;0;0;0;0;
41741;3410316;555376640;51077120;507879424;0;0;0;0;0;0;0;0;0;0;0;3296;0;0;0;0;0;0;
41742;4873500;555376640;51077120;507879424;0;0;0;0;0;0;0;0;0;0;0;3306;0;0;0;0;0;0;
41743;3418862;555376640;51077120;507879424;0;0;0;0;0;0;0;0;0;0;0;3617;0;0;0;0;0;0;
41744;4866737;555376640;51077120;507879424;0;0;0;0;0;0;0;0;0;0;0;3456;0;0;0;0;0;0;
41745;3355883;555376640;51077120;507879424;0;0;0;0;0;0;0;0;0;0;0;3687;0;0;0;0;0;0;
41746;4880263;555376640;51077120;507879424;0;0;0;0;0;0;0;0;0;0;0;3366;0;0;0;0;0;0;
41747;3345384;555376640;51077120;507879424;0;0;0;0;0;0;0;0;0;0;0;3486;0;0;0;0;0;0;
41748;4823526;555376640;51077120;507879424;0;0;0;0;0;0;0;0;0;0;0;3166;0;0;0;0;0;0;
41749;3368627;555376640;51077120;507879424;0;0;0;0;0;0;0;0;0;0;0;3387;0;0;0;0;0;0;
41750;4829858;555376640;51077120;507879424;0;0;0;0;0;0;0;0;0;0;0;3617;0;0;0;0;0;0;
41751;3384237;555376640;51077120;507879424;0;0;0;0;0;0;0;0;0;0;0;3697;0;0;0;0;0;0;
41752;4788982;555376640;51077120;507879424;0;0;0;0;0;0;0;0;0;0;0;3016;0;0;0;0;0;0;
41753;3296863;555376640;51077120;507879424;0;0;0;0;0;0;0;0;0;0;0;3757;0;0;0;0;0;0;
41754;4800823;555376640;51077120;507879424;0;0;0;0;0;0;0;0;0;0;0;3236;0;0;0;0;0;0;
41755;3269482;555376640;51077120;507879424;0;0;0;0;0;0;0;0;0;0;0;3486;0;0;0;0;0;0;
41756;4792087;555376640;51077120;507879424;0;0;0;0;0;0;0;0;0;0;0;3246;0;0;0;0;0;0;
41757;3912478;555376640;51077120;507879424;0;0;0;0;0;0;0;0;0;0;0;4768;0;0;0;0;0;0;
41758;5333493;555376640;51077120;507879424;0;0;0;0;0;0;0;0;0;0;0;3587;0;0;0;0;0;0;
41759;3260665;555376640;51077120;507879424;0;0;0;0;0;0;0;0;0;0;0;3336;0;0;0;0;0;0;
41760;4789372;555376640;51077120;507879424;0;0;0;0;0;0;0;0;0;0;0;3296;0;0;0;0;0;0;
41761;3319706;555376640;51077120;507879424;0;0;0;0;0;0;0;0;0;0;0;3457;0;0;0;0;0;0;
41762;4862789;555376640;51077120;507879424;0;0;0;0;0;0;0;0;0;0;0;3146;0;0;0;0;0;0;
41763;3307573;555376640;51077120;507879424;0;0;0;0;0;0;0;0;0;0;0;3657;0;0;0;0;0;0;
41764;4791206;555376640;51077120;507879424;0;0;0;0;0;0;0;0;0;0;0;3377;0;0;0;0;0;0;
41765;3412209;555376640;51077120;507879424;0;0;0;0;0;0;0;0;0;0;0;3466;0;0;0;0;0;0;
41766;4808868;555376640;51077120;507879424;0;0;0;0;0;0;0;0;0;0;0;3497;0;0;0;0;0;0;
41767;3355653;555376640;51077120;507879424;0;0;0;0;0;0;0;0;0;0;0;3567;0;0;0;0;0;0;
41768;4822063;555376640;51077120;507879424;0;0;0;0;0;0;0;0;0;0;0;3086;0;0;0;0;0;0;
41769;3622113;555376640;51077120;507879424;0;0;0;0;0;0;0;0;0;0;0;3146;0;0;0;0;0;0;
41770;4765497;555376640;51077120;507879424;0;0;0;0;0;0;0;0;0;0;0;3186;0;0;0;0;0;0;
41771;3390088;555376640;51077120;507879424;0;0;0;0;0;0;0;0;0;0;0;3026;0;0;0;0;0;0;
41772;4780605;555376640;51077120;507879424;0;0;0;0;0;0;0;0;0;0;0;3496;0;0;0;0;0;0;
41773;3395367;555376640;51077120;507879424;0;0;0;0;0;0;0;0;0;0;0;3446;0;0;0;0;0;0;
41774;4806835;555376640;51077120;507879424;0;0;0;0;0;0;0;0;0;0;0;3466;0;0;0;0;0;0;
41775;3542945;555376640;51077120;507879424;0;0;0;0;0;0;0;0;0;0;0;3497;0;0;0;0;0;0;
41776;4866817;555376640;51077120;507879424;0;0;0;0;0;0;0;0;0;0;0;3076;0;0;0;0;0;0;
41777;3381712;555376640;51077120;507879424;0;0;0;0;0;0;0;0;0;0;0;3386;0;0;0;0;0;0;
41778;4816803;555376640;51077120;507879424;0;0;0;0;0;0;0;0;0;0;0;3286;0;0;0;0;0;0;
41779;3242812;555376640;51077120;507879424;0;0;0;0;0;0;0;0;0;0;0;3516;0;0;0;0;0;0;
41780;4834226;555376640;51077120;507879424;0;0;0;0;0;0;0;0;0;0;0;3086;0;0;0;0;0;0;
41781;3383054;555376640;51077120;507879424;0;0;0;0;0;0;0;0;0;0;0;3627;0;0;0;0;0;0;
41782;4793821;555376640;51077120;507879424;0;0;0;0;0;0;0;0;0;0;0;3366;0;0;0;0;0;0;
41783;3546672;555376640;51077120;507879424;0;0;0;0;0;0;0;0;0;0;0;3637;0;0;0;0;0;0;
41784;4861147;555376640;51077120;507879424;0;0;0;0;0;0;0;0;0;0;0;3447;0;0;0;0;0;0;
41785;3243703;555376640;51077120;507879424;0;0;0;0;0;0;0;0;0;0;0;3386;0;0;0;0;0;0;
41786;4765477;555376640;51077120;507879424;0;0;0;0;0;0;0;0;0;0;0;3066;0;0;0;0;0;0;
41787;3221802;555376640;51077120;507879424;0;0;0;0;0;0;0;0;0;0;0;3486;0;0;0;0;0;0;
41788;4837152;555376640;51077120;507879424;0;0;0;0;0;0;0;0;0;0;0;3226;0;0;0;0;0;0;
41789;3238774;555376640;51077120;507879424;0;0;0;0;0;0;0;0;0;0;0;3287;0;0;0;0;0;0;
41790;4780064;555376640;51077120;507879424;0;0;0;0;0;0;0;0;0;0;0;3116;0;0;0;0;0;0;
41791;3229957;555376640;51077120;507879424;0;0;0;0;0;0;0;0;0;0;0;3347;0;0;0;0;0;0;
41792;4737195;555376640;51077120;507879424;0;0;0;0;0;0;0;0;0;0;0;3206;0;0;0;0;0;0;
41793;3209970;555376640;51077120;507879424;0;0;0;0;0;0;0;0;0;0;0;2906;0;0;0;0;0;0;
41794;4819598;555376640;51077120;507879424;0;0;0;0;0;0;0;0;0;0;0;2575;0;0;0;0;0;0;
41795;3218236;555376640;51077120;507879424;0;0;0;0;0;0;0;0;0;0;0;2896;0;0;0;0;0;0;
41796;4826141;555376640;51077120;507879424;0;0;0;0;0;0;0;0;0;0;0;2645;0;0;0;0;0;0;
41797;3256047;555376640;51077120;507879424;0;0;0;0;0;0;0;0;0;0;0;3777;0;0;0;0;0;0;
41798;4797307;555376640;51077120;507879424;0;0;0;0;0;0;0;0;0;0;0;3437;0;0;0;0;0;0;
41799;3086829;555376640;51077120;507879424;0;0;0;0;0;0;0;0;0;0;0;3186;0;0;0;0;0;0;
41800;4886304;555376640;51077120;507879424;0;0;0;0;0;0;0;0;0;0;0;3096;0;0;0;0;0;0;
41801;3087601;555376640;51077120;507879424;0;0;0;0;0;0;0;0;0;0;0;3396;0;0;0;0;0;0;
41802;4762421;555376640;51077120;507879424;0;0;0;0;0;0;0;0;0;0;0;3106;0;0;0;0;0;0;
41803;3104823;555376640;51077120;507879424;0;0;0;0;0;0;0;0;0;0;0;3526;0;0;0;0;0;0;
41804;4780735;555376640;51077120;507879424;0;0;0;0;0;0;0;0;0;0;0;2846;0;0;0;0;0;0;
41805;3265564;555376640;51077120;507879424;0;0;0;0;0;0;0;0;0;0;0;3226;0;0;0;0;0;0;
41806;4769305;555376640;51077120;507879424;0;0;0;0;0;0;0;0;0;0;0;2545;0;0;0;0;0;0;
41807;3103029;555376640;51077120;507879424;0;0;0;0;0;0;0;0;0;0;0;3356;0;0;0;0;0;0;
41808;5260556;555376640;51077120;507879424;0;0;0;0;0;0;0;0;0;0;0;4148;0;0;0;0;0;0;
41809;3139468;555376640;51077120;507879424;0;0;0;0;0;0;0;0;0;0;0;3356;0;0;0;0;0;0;
41810;4738316;555376640;51077120;507879424;0;0;0;0;0;0;0;0;0;0;0;3076;0;0;0;0;0;0;
41811;3068274;555376640;51077120;507879424;0;0;0;0;0;0;0;0;0;0;0;3506;0;0;0;0;0;0;
41812;4750078;555376640;51077120;507879424;0;0;0;0;0;0;0;0;0;0;0;2916;0;0;0;0;0;0;
41813;3081649;555376640;51077120;507879424;0;0;0;0;0;0;0;0;0;0;0;3316;0;0;0;0;0;0;
41814;4743526;555376640;51077120;507879424;0;0;0;0;0;0;0;0;0;0;0;2805;0;0;0;0;0;0;
41815;3115362;555376640;51077120;507879424;0;0;0;0;0;0;0;0;0;0;0;2926;0;0;0;0;0;0;
41816;4747494;555376640;51077120;507879424;0;0;0;0;0;0;0;0;0;0;0;2975;0;0;0;0;0;0;
41817;3051202;555376640;51077120;507879424;0;0;0;0;0;0;0;0;0;0;0;3206;0;0;0;0;0;0;
41818;4773292;555376640;51077120;507879424;0;0;0;0;0;0;0;0;0;0;0;2745;0;0;0;0;0;0;
41819;3063265;555376640;51077120;507879424;0;0;0;0;0;0;0;0;0;0;0;3125;0;0;0;0;0;0;
41820;4779704;555376640;51077120;507879424;0;0;0;0;0;0;0;0;0;0;0;2985;0;0;0;0;0;0;
41821;2965031;555376640;51077120;507879424;0;0;0;0;0;0;0;0;0;0;0;2976;0;0;0;0;0;0;
41822;4718930;555376640;51077120;507879424;0;0;0;0;0;0;0;0;0;0;0;3026;0;0;0;0;0;0;
41823;2951565;555376640;51077120;507879424;0;0;0;0;0;0;0;0;0;0;0;2655;0;0;0;0;0;0;
41824;4679576;555376640;51077120;507879424;0;0;0;0;0;0;0;0;0;0;0;2805;0;0;0;0;0;0;
41825;2891432;555376640;51077120;507879424;0;0;0;0;0;0;0;0;0;0;0;2685;0;0;0;0;0;0;
41826;4666501;555376640;51077120;507879424;0;0;0;0;0;0;0;0;0;0;0;2895;0;0;0;0;0;0;
41827;2898286;555376640;51077120;507879424;0;0;0;0;0;0;0;0;0;0;0;2625;0;0;0;0;0;0;
41828;4725743;555376640;51077120;507879424;0;0;0;0;0;0;0;0;0;0;0;2584;0;0;0;0;0;0;
41829;2975420;555376640;51077120;507879424;0;0;0;0;0;0;0;0;0;0;0;3236;0;0;0;0;0;0;
41830;4808207;555376640;51077120;507879424;0;0;0;0;0;0;0;0;0;0;0;2695;0;0;0;0;0;0;
41831;2925967;555376640;51077120;507879424;0;0;0;0;0;0;0;0;0;0;0;2735;0;0;0;0;0;0;
41832;4802457;555376640;51077120;507879424;0;0;0;0;0;0;0;0;0;0;0;2796;0;0;0;0;0;0;
41833;2923853;555376640;51077120;507879424;0;0;0;0;0;0;0;0;0;0;0;3006;0;0;0;0;0;0;
41834;5197878;555376640;51077120;507879424;0;0;0;0;0;0;0;0;0;0;0;2605;0;0;0;0;0;0;
41835;2948409;555376640;51077120;507879424;0;0;0;0;0;0;0;0;0;0;0;2725;0;0;0;0;0;0;
41836;4778472;555376640;51077120;507879424;0;0;0;0;0;0;0;0;0;0;0;3066;0;0;0;0;0;0;
41837;2924735;555376640;51077120;507879424;0;0;0;0;0;0;0;0;0;0;0;2925;0;0;0;0;0;0;
41838;4739068;555376640;51077120;507879424;0;0;0;0;0;0;0;0;0;0;0;2455;0;0;0;0;0;0;
41839;2897454;555376640;51077120;507879424;0;0;0;0;0;0;0;0;0;0;0;2765;0;0;0;0;0;0;
41840;4687140;555376640;51077120;507879424;0;0;0;0;0;0;0;0;0;0;0;2495;0;0;0;0;0;0;
41841;2938380;555376640;51077120;507879424;0;0;0;0;0;0;0;0;0;0;0;3236;0;0;0;0;0;0;
41842;4669487;555376640;51077120;507879424;0;0;0;0;0;0;0;0;0;0;0;2585;0;0;0;0;0;0;
41843;3151991;555376640;51077120;507879424;0;0;0;0;0;0;0;0;0;0;0;3136;0;0;0;0;0;0;
41844;4588385;555376640;51077120;507879424;0;0;0;0;0;0;0;0;0;0;0;2344;0;0;0;0;0;0;
41845;2997291;555376640;51077120;507879424;0;0;0;0;0;0;0;0;0;0;0;3457;0;0;0;0;0;0;
41846;4596941;555376640;51077120;507879424;0;0;0;0;0;0;0;0;0;0;0;2645;0;0;0;0;0;0;
41847;2865444;555376640;51077120;507879424;0;0;0;0;0;0;0;0;0;0;0;3267;0;0;0;0;0;0;
41848;4582294;555376640;51077120;507879424;0;0;0;0;0;0;0;0;0;0;0;2745;0;0;0;0;0;0;
41849;3032477;555376640;51077120;507879424;0;0;0;0;0;0;0;0;0;0;0;2675;0;0;0;0;0;0;
41850;4606980;555376640;51077120;507879424;0;0;0;0;0;0;0;0;0;0;0;2424;0;0;0;0;0;0;
41851;2870994;555376640;51077120;507879424;0;0;0;0;0;0;0;0;0;0;0;2705;0;0;0;0;0;0;
41852;4598734;555376640;51077120;507879424;0;0;0;0;0;0;0;0;0;0;0;2455;0;0;0;0;0;0;
41853;2836991;555376640;51077120;507879424;0;0;0;0;0;0;0;0;0;0;0;2575;0;0;0;0;0;0;
41854;4596901;555376640;51077120;507879424;0;0;0;0;0;0;0;0;0;0;0;2575;0;0;0;0;0;0;
41855;2757682;555376640;51077120;507879424;0;0;0;0;0;0;0;0;0;0;0;2685;0;0;0;0;0;0;
41856;4579449;555376640;51077120;507879424;0;0;0;0;0;0;0;0;0;0;0;2505;0;0;0;0;0;0;
41857;2829646;555376640;51077120;507879424;0;0;0;0;0;0;0;0;0;0;0;2575;0;0;0;0;0;0;
41858;4712017;555376640;51077120;507879424;0;0;0;0;0;0;0;0;0;0;0;2736;0;0;0;0;0;0;
41859;2772029;555376640;51077120;507879424;0;0;0;0;0;0;0;0;0;0;0;2665;0;0;0;0;0;0;
41860;4724150;555376640;51077120;507879424;0;0;0;0;0;0;0;0;0;0;0;2876;0;0;0;0;0;0;
41861;2939482;555376640;51077120;507879424;0;0;0;0;0;0;0;0;0;0;0;2645;0;0;0;0;0;0;
41862;4733337;555376640;51077120;507879424;0;0;0;0;0;0;0;0;0;0;0;2425;0;0;0;0;0;0;
41863;2711796;555376640;51077120;507879424;0;0;0;0;0;0;0;0;0;0;0;2685;0;0;0;0;0;0;
41864;4658646;555376640;51077120;507879424;0;0;0;0;0;0;0;0;0;0;0;2395;0;0;0;0;0;0;
41865;2727846;555376640;51077120;507879424;0;0;0;0;0;0;0;0;0;0;0;2655;0;0;0;0;0;0;
41866;4636154;555376640;51077120;507879424;0;0;0;0;0;0;0;0;0;0;0;2735;0;0;0;0;0;0;
41867;2750539;555376640;51077120;507879424;0;0;0;0;0;0;0;0;0;0;0;2555;0;0;0;0;0;0;
41868;4645161;555376640;51077120;507879424;0;0;0;0;0;0;0;0;0;0;0;2525;0;0;0;0;0;0;
41869;2687070;555376640;51077120;507879424;0;0;0;0;0;0;0;0;0;0;0;2885;0;0;0;0;0;0;
41870;4603733;555376640;51077120;507879424;0;0;0;0;0;0;0;0;0;0;0;2875;0;0;0;0;0;0;
41871;2742734;555376640;51077120;507879424;0;0;0;0;0;0;0;0;0;0;0;3026;0;0;0;0;0;0;
41872;4609885;555376640;51077120;507879424;0;0;0;0;0;0;0;0;0;0;0;2464;0;0;0;0;0;0;
41873;2713259;555376640;51077120;507879424;0;0;0;0;0;0;0;0;0;0;0;2986;0;0;0;0;0;0;
41874;4617941;555376640;51077120;507879424;0;0;0;0;0;0;0;0;0;0;0;3156;0;0;0;0;0;0;
41875;2696117;555376640;51077120;507879424;0;0;0;0;0;0;0;0;0;0;0;2836;0;0;0;0;0;0;
41876;4604736;555376640;51077120;507879424;0;0;0;0;0;0;0;0;0;0;0;2805;0;0;0;0;0;0;
41877;2726514;555376640;51077120;507879424;0;0;0;0;0;0;0;0;0;0;0;2635;0;0;0;0;0;0;
41878;4567105;555376640;51077120;507879424;0;0;0;0;0;0;0;0;0;0;0;2525;0;0;0;0;0;0;
41879;2681418;555376640;51077120;507879424;0;0;0;0;0;0;0;0;0;0;0;3066;0;0;0;0;0;0;
41880;4577133;555376640;51077120;507879424;0;0;0;0;0;0;0;0;0;0;0;2444;0;0;0;0;0;0;
41881;2700515;555376640;51077120;507879424;0;0;0;0;0;0;0;0;0;0;0;2585;0;0;0;0;0;0;
41882;4593004;555376640;51077120;507879424;0;0;0;0;0;0;0;0;0;0;0;2394;0;0;0;0;0;0;
41883;2659949;555376640;51077120;507879424;0;0;0;0;0;0;0;0;0;0;0;2645;0;0;0;0;0;0;
41884;4629763;555376640;51077120;507879424;0;0;0;0;0;0;0;0;0;0;0;2605;0;0;0;0;0;0;
41885;2589116;555376640;51077120;507879424;0;0;0;0;0;0;0;0;0;0;0;2936;0;0;0;0;0;0;
41886;4609946;555376640;51077120;507879424;0;0;0;0;0;0;0;0;0;0;0;2445;0;0;0;0;0;0;
41887;2573246;555376640;51077120;507879424;0;0;0;0;0;0;0;0;0;0;0;2655;0;0;0;0;0;0;
41888;4636115;555376640;51077120;507879424;0;0;0;0;0;0;0;0;0;0;0;2535;0;0;0;0;0;0;
41889;3016276;555376640;51077120;507879424;0;0;0;0;0;0;0;0;0;0;0;2454;0;0;0;0;0;0;
41890;4621568;555376640;51077120;507879424;0;0;0;0;0;0;0;0;0;0;0;2595;0;0;0;0;0;0;
41891;2596590;555376640;51077120;507879424;0;0;0;0;0;0;0;0;0;0;0;3486;0;0;0;0;0;0;
41892;4611960;555376640;51077120;507879424;0;0;0;0;0;0;0;0;0;0;0;7243;0;0;0;0;0;0;
41893;2592001;555376640;51077120;507879424;0;0;0;0;0;0;0;0;0;0;0;2334;0;0;0;0;0;0;
41894;4608633;555376640;51077120;507879424;0;0;0;0;0;0;0;0;0;0;0;2365;0;0;0;0;0;0;
41895;2567756;555376640;51077120;507879424;0;0;0;0;0;0;0;0;0;0;0;2685;0;0;0;0;0;0;
41896;4627769;555376640;51077120;507879424;0;0;0;0;0;0;0;0;0;0;0;2344;0;0;0;0;0;0;
41897;2548008;555376640;51077120;507879424;0;0;0;0;0;0;0;0;0;0;0;2465;0;0;0;0;0;0;
41898;4585149;555376640;51077120;507879424;0;0;0;0;0;0;0;0;0;0;0;2584;0;0;0;0;0;0;
41899;2485442;555376640;51077120;507879424;0;0;0;0;0;0;0;0;0;0;0;2394;0;0;0;0;0;0;
41900;4589487;555376640;51077120;507879424;0;0;0;0;0;0;0;0;0;0;0;2375;0;0;0;0;0;0;
41901;2485000;555376640;51077120;507879424;0;0;0;0;0;0;0;0;0;0;0;3006;0;0;0;0;0;0;
41902;4592673;555376640;51077120;507879424;0;0;0;0;0;0;0;0;0;0;0;2174;0;0;0;0;0;0;
41903;2465594;555376640;51077120;507879424;0;0;0;0;0;0;0;0;0;0;0;2735;0;0;0;0;0;0;
41904;4531629;555376640;51077120;507879424;0;0;0;0;0;0;0;0;0;0;0;2144;0;0;0;0;0;0;
41905;2432441;555376640;51077120;507879424;0;0;0;0;0;0;0;0;0;0;0;2445;0;0;0;0;0;0;
41906;4565642;555376640;51077120;507879424;0;0;0;0;0;0;0;0;0;0;0;2525;0;0;0;0;0;0;
41907;2470853;555376640;51077120;507879424;0;0;0;0;0;0;0;0;0;0;0;2645;0;0;0;0;0;0;
41908;4725692;555376640;51077120;507879424;0;0;0;0;0;0;0;0;0;0;0;3446;0;0;0;0;0;0;
41909;2477376;555376640;51085312;507887616;0;0;0;0;0;0;0;0;0;0;0;2574;0;0;0;0;0;0;
41910;4513975;555376640;51085312;507887616;0;0;0;0;0;0;0;0;0;0;0;2175;0;0;0;0;0;0;
41911;2423696;555376640;51085312;507887616;0;0;0;0;0;0;0;0;0;0;0;2425;0;0;0;0;0;0;
41912;4523473;555376640;51085312;507887616;0;0;0;0;0;0;0;0;0;0;0;2575;0;0;0;0;0;0;
41913;2455585;555376640;51085312;507887616;0;0;0;0;0;0;0;0;0;0;0;2655;0;0;0;0;0;0;
41914;4516060;555376640;51085312;507887616;0;0;0;0;0;0;0;0;0;0;0;2645;0;0;0;0;0;0;
41915;2487796;555438080;51077120;507879424;0;0;0;0;0;0;0;0;0;0;0;2405;0;0;0;0;0;0;
41916;4507012;555438080;51077120;507879424;0;0;0;0;0;0;0;0;0;0;0;2424;0;0;0;0;0;0;
41917;2673484;555438080;51077120;507879424;0;0;0;0;0;0;0;0;0;0;0;2405;0;0;0;0;0;0;
41918;4510109;555438080;51077120;507879424;0;0;0;0;0;0;0;0;0;0;0;2304;0;0;0;0;0;0;
41919;2411944;555438080;51077120;507879424;0;0;0;0;0;0;0;0;0;0;0;2544;0;0;0;0;0;0;
41920;4495872;555438080;51077120;507879424;0;0;0;0;0;0;0;0;0;0;0;2494;0;0;0;0;0;0;
41921;2393048;555438080;51077120;507879424;0;0;0;0;0;0;0;0;0;0;0;2515;0;0;0;0;0;0;
41922;4520017;555438080;51077120;507879424;0;0;0;0;0;0;0;0;0;0;0;2174;0;0;0;0;0;0;
41923;2754976;555438080;51077120;507879424;0;0;0;0;0;0;0;0;0;0;0;2565;0;0;0;0;0;0;
41924;4483779;555438080;51077120;507879424;0;0;0;0;0;0;0;0;0;0;0;2184;0;0;0;0;0;0;
41925;2432162;555438080;51077120;507879424;0;0;0;0;0;0;0;0;0;0;0;3156;0;0;0;0;0;0;
41926;4470103;555438080;51077120;507879424;0;0;0;0;0;0;0;0;0;0;0;1894;0;0;0;0;0;0;
41927;2347573;555438080;51077120;507879424;0;0;0;0;0;0;0;0;0;0;0;2254;0;0;0;0;0;0;
41928;4527381;555438080;51077120;507879424;0;0;0;0;0;0;0;0;0;0;0;2484;0;0;0;0;0;0;
41929;2402766;555438080;51077120;507879424;0;0;0;0;0;0;0;0;0;0;0;2635;0;0;0;0;0;0;
41930;4490651;555438080;51077120;507879424;0;0;0;0;0;0;0;0;0;0;0;2465;0;0;0;0;0;0;
41931;2332344;555438080;51077120;507879424;0;0;0;0;0;0;0;0;0;0;0;3106;0;0;0;0;0;0;
41932;4523965;555438080;51077120;507879424;0;0;0;0;0;0;0;0;0;0;0;2375;0;0;0;0;0;0;
41933;2331572;555438080;51077120;507879424;0;0;0;0;0;0;0;0;0;0;0;2896;0;0;0;0;0;0;
41934;4547158;555438080;51077120;507879424;0;0;0;0;0;0;0;0;0;0;0;2455;0;0;0;0;0;0;
41935;2226405;555438080;51077120;507879424;0;0;0;0;0;0;0;0;0;0;0;2625;0;0;0;0;0;0;
41936;4508054;555438080;51077120;507879424;0;0;0;0;0;0;0;0;0;0;0;2275;0;0;0;0;0;0;
41937;2297789;555438080;51077120;507879424;0;0;0;0;0;0;0;0;0;0;0;2425;0;0;0;0;0;0;
41938;4515819;555438080;51077120;507879424;0;0;0;0;0;0;0;0;0;0;0;2595;0;0;0;0;0;0;
41939;2860555;555438080;51077120;507879424;0;0;0;0;0;0;0;0;0;0;0;4638;0;0;0;0;0;0;
41940;4894850;555438080;51077120;507879424;0;0;0;0;0;0;0;0;0;0;0;3767;0;0;0;0;0;0;
41941;3663110;555438080;51077120;507879424;0;0;0;0;0;0;0;0;0;0;0;3616;0;0;0;0;0;0;
41942;4898256;555438080;51077120;507879424;0;0;0;0;0;0;0;0;0;0;0;3166;0;0;0;0;0;0;
41943;3520322;555438080;51077120;507879424;0;0;0;0;0;0;0;0;0;0;0;3236;0;0;0;0;0;0;
41944;4907263;555438080;51077120;507879424;0;0;0;0;0;0;0;0;0;0;0;3176;0;0;0;0;0;0;
41945;3656587;555438080;51077120;507879424;0;0;0;0;0;0;0;0;0;0;0;3657;0;0;0;0;0;0;
41946;4858371;555438080;51077120;507879424;0;0;0;0;0;0;0;0;0;0;0;3416;0;0;0;0;0;0;
41947;3574935;555438080;51077120;507879424;0;0;0;0;0;0;0;0;0;0;0;3767;0;0;0;0;0;0;
41948;4851068;555438080;51077120;507879424;0;0;0;0;0;0;0;0;0;0;0;3306;0;0;0;0;0;0;
41949;4011854;555438080;51077120;507879424;0;0;0;0;0;0;0;0;0;0;0;4709;0;0;0;0;0;0;
41950;5424192;555438080;51077120;507879424;0;0;0;0;0;0;0;0;0;0;0;3697;0;0;0;0;0;0;
41951;3115653;555438080;51077120;507879424;0;0;0;0;0;0;0;0;0;0;0;3016;0;0;0;0;0;0;
41952;4773372;555438080;51077120;507879424;0;0;0;0;0;0;0;0;0;0;0;3016;0;0;0;0;0;0;
41953;3176748;555438080;51077120;507879424;0;0;0;0;0;0;0;0;0;0;0;3165;0;0;0;0;0;0;
41954;4789863;555438080;51077120;507879424;0;0;0;0;0;0;0;0;0;0;0;2825;0;0;0;0;0;0;
41955;3235678;555438080;51077120;507879424;0;0;0;0;0;0;0;0;0;0;0;3707;0;0;0;0;0;0;
41956;4826943;555438080;51077120;507879424;0;0;0;0;0;0;0;0;0;0;0;2846;0;0;0;0;0;0;
41957;3323583;555438080;51077120;507879424;0;0;0;0;0;0;0;0;0;0;0;3306;0;0;0;0;0;0;
41958;4828946;555438080;51077120;507879424;0;0;0;0;0;0;0;0;0;0;0;2906;0;0;0;0;0;0;
41959;3389387;555438080;51077120;507879424;0;0;0;0;0;0;0;0;0;0;0;3146;0;0;0;0;0;0;
41960;4790364;555438080;51077120;507879424;0;0;0;0;0;0;0;0;0;0;0;3096;0;0;0;0;0;0;
41961;3246509;555438080;51077120;507879424;0;0;0;0;0;0;0;0;0;0;0;3737;0;0;0;0;0;0;
41962;4741242;555438080;51077120;507879424;0;0;0;0;0;0;0;0;0;0;0;2796;0;0;0;0;0;0;
41963;3324174;555438080;51077120;507879424;0;0;0;0;0;0;0;0;0;0;0;3066;0;0;0;0;0;0;
41964;4868099;555438080;51077120;507879424;0;0;0;0;0;0;0;0;0;0;0;3106;0;0;0;0;0;0;
41965;3459378;555438080;51077120;507879424;0;0;0;0;0;0;0;0;0;0;0;2965;0;0;0;0;0;0;
41966;4810191;555438080;51077120;507879424;0;0;0;0;0;0;0;0;0;0;0;2986;0;0;0;0;0;0;
41967;3243332;555438080;51077120;507879424;0;0;0;0;0;0;0;0;0;0;0;3426;0;0;0;0;0;0;
41968;4795674;555438080;51077120;507879424;0;0;0;0;0;0;0;0;0;0;0;2715;0;0;0;0;0;0;
41969;3318714;555438080;51077120;507879424;0;0;0;0;0;0;0;0;0;0;0;3026;0;0;0;0;0;0;
41970;10895764;555438080;51077120;507879424;0;0;0;0;0;0;0;0;0;0;0;2726;0;0;0;0;0;0;
41971;3342859;555438080;51077120;507879424;0;0;0;0;0;0;0;0;0;0;0;3025;0;0;0;0;0;0;
41972;4810902;555438080;51077120;507879424;0;0;0;0;0;0;0;0;0;0;0;2956;0;0;0;0;0;0;
41973;4199286;555438080;51077120;507879424;0;0;0;0;0;0;0;0;0;0;0;4077;0;0;0;0;0;0;
41974;5301102;555438080;51077120;507879424;0;0;0;0;0;0;0;0;0;0;0;2805;0;0;0;0;0;0;
41975;3320467;555438080;51077120;507879424;0;0;0;0;0;0;0;0;0;0;0;3046;0;0;0;0;0;0;
41976;4815191;555438080;51077120;507879424;0;0;0;0;0;0;0;0;0;0;0;3186;0;0;0;0;0;0;
41977;3448006;555438080;51077120;507879424;0;0;0;0;0;0;0;0;0;0;0;3186;0;0;0;0;0;0;
41978;4855306;555438080;51077120;507879424;0;0;0;0;0;0;0;0;0;0;0;4218;0;0;0;0;0;0;
41979;3446955;555438080;51077120;507879424;0;0;0;0;0;0;0;0;0;0;0;3236;0;0;0;0;0;0;
41980;4847510;555438080;51077120;507879424;0;0;0;0;0;0;0;0;0;0;0;2975;0;0;0;0;0;0;
41981;3454468;555438080;51077120;507879424;0;0;0;0;0;0;0;0;0;0;0;3276;0;0;0;0;0;0;
41982;4943461;555438080;51077120;507879424;0;0;0;0;0;0;0;0;0;0;0;2785;0;0;0;0;0;0;
41983;3473454;555438080;51077120;507879424;0;0;0;0;0;0;0;0;0;0;0;3617;0;0;0;0;0;0;
41984;4860275;555438080;51077120;507879424;0;0;0;0;0;0;0;0;0;0;0;3126;0;0;0;0;0;0;
41985;3645336;555438080;51077120;507879424;0;0;0;0;0;0;0;0;0;0;0;3687;0;0;0;0;0;0;
41986;4801224;555438080;51077120;507879424;0;0;0;0;0;0;0;0;0;0;0;3246;0;0;0;0;0;0;
41987;3580004;555438080;51077120;507879424;0;0;0;0;0;0;0;0;0;0;0;3166;0;0;0;0;0;0;
41988;4884069;555438080;51077120;507879424;0;0;0;0;0;0;0;0;0;0;0;3196;0;0;0;0;0;0;
41989;3582458;555438080;51077120;507879424;0;0;0;0;0;0;0;0;0;0;0;3557;0;0;0;0;0;0;
41990;5050913;555438080;51077120;507879424;0;0;0;0;0;0;0;0;0;0;0;3246;0;0;0;0;0;0;
41991;3880638;555438080;51077120;507879424;0;0;0;0;0;0;0;0;0;0;0;3276;0;0;0;0;0;0;
41992;4857490;555438080;51077120;507879424;0;0;0;0;0;0;0;0;0;0;0;3126;0;0;0;0;0;0;
41993;3712111;555438080;51077120;507879424;0;0;0;0;0;0;0;0;0;0;0;3577;0;0;0;0;0;0;
41994;4797026;555438080;51077120;507879424;0;0;0;0;0;0;0;0;0;0;0;3196;0;0;0;0;0;0;
41995;3785199;555438080;51077120;507879424;0;0;0;0;0;0;0;0;0;0;0;3326;0;0;0;0;0;0;
41996;4932921;555438080;51077120;507879424;0;0;0;0;0;0;0;0;0;0;0;4208;0;0;0;0;0;0;
41997;3852425;555438080;51077120;507879424;0;0;0;0;0;0;0;0;0;0;0;3467;0;0;0;0;0;0;
41998;4915458;555438080;51077120;507879424;0;0;0;0;0;0;0;0;0;0;0;3176;0;0;0;0;0;0;
41999;3774549;555438080;51077120;507879424;0;0;0;0;0;0;0;0;0;0;0;3266;0;0;0;0;0;0;
42000;4904147;555438080;51077120;507879424;0;0;0;0;0;0;0;0;0;0;0;3777;0;0;0;0;0;0;
42001;3728683;555438080;51077120;507879424;0;0;0;0;0;0;0;0;0;0;0;3938;0;0;0;0;0;0;
42002;5089916;555438080;51077120;507879424;0;0;0;0;0;0;0;0;0;0;0;3857;0;0;0;0;0;0;
42003;4024818;555438080;51077120;507879424;0;0;0;0;0;0;0;0;0;0;0;3697;0;0;0;0;0;0;
42004;4952989;555438080;51077120;507879424;0;0;0;0;0;0;0;0;0;0;0;3837;0;0;0;0;0;0;
42005;3849309;555438080;51077120;507879424;0;0;0;0;0;0;0;0;0;0;0;3928;0;0;0;0;0;0;
42006;4966244;555438080;51077120;507879424;0;0;0;0;0;0;0;0;0;0;0;3747;0;0;0;0;0;0;
42007;3853938;555438080;51077120;507879424;0;0;0;0;0;0;0;0;0;0;0;3176;0;0;0;0;0;0;
42008;4823075;555438080;51077120;507879424;0;0;0;0;0;0;0;0;0;0;0;2975;0;0;0;0;0;0;
42009;3454709;555438080;51077120;507879424;0;0;0;0;0;0;0;0;0;0;0;3607;0;0;0;0;0;0;
42010;4875534;555438080;51077120;507879424;0;0;0;0;0;0;0;0;0;0;0;3166;0;0;0;0;0;0;
42011;3430033;555438080;51077120;507879424;0;0;0;0;0;0;0;0;0;0;0;3346;0;0;0;0;0;0;
42012;4801385;555438080;51077120;507879424;0;0;0;0;0;0;0;0;0;0;0;3106;0;0;0;0;0;0;
42013;3471601;555438080;51077120;507879424;0;0;0;0;0;0;0;0;0;0;0;3006;0;0;0;0;0;0;
42014;4901352;555438080;51077120;507879424;0;0;0;0;0;0;0;0;0;0;0;3456;0;0;0;0;0;0;
42015;3493081;555438080;51077120;507879424;0;0;0;0;0;0;0;0;0;0;0;3256;0;0;0;0;0;0;
42016;4800383;555438080;51077120;507879424;0;0;0;0;0;0;0;0;0;0;0;3076;0;0;0;0;0;0;
42017;3418912;555438080;51077120;507879424;0;0;0;0;0;0;0;0;0;0;0;3066;0;0;0;0;0;0;
42018;4841119;555438080;51077120;507879424;0;0;0;0;0;0;0;0;0;0;0;3367;0;0;0;0;0;0;
42019;3495435;555438080;51077120;507879424;0;0;0;0;0;0;0;0;0;0;0;4088;0;0;0;0;0;0;
42020;4894809;555438080;51077120;507879424;0;0;0;0;0;0;0;0;0;0;0;2986;0;0;0;0;0;0;
42021;3747538;555438080;51077120;507879424;0;0;0;0;0;0;0;0;0;0;0;3597;0;0;0;0;0;0;
42022;5024553;555438080;51077120;507879424;0;0;0;0;0;0;0;0;0;0;0;3386;0;0;0;0;0;0;
42023;4339117;555438080;51077120;507879424;0;0;0;0;0;0;0;0;0;0;0;3867;0;0;0;0;0;0;
42024;4866637;555438080;51077120;507879424;0;0;0;0;0;0;0;0;0;0;0;3597;0;0;0;0;0;0;
42025;3602927;555438080;51077120;507879424;0;0;0;0;0;0;0;0;0;0;0;3798;0;0;0;0;0;0;
42026;4977124;555438080;51077120;507879424;0;0;0;0;0;0;0;0;0;0;0;3827;0;0;0;0;0;0;
42027;3661627;555438080;51077120;507879424;0;0;0;0;0;0;0;0;0;0;0;3476;0;0;0;0;0;0;
42028;4884139;555438080;51077120;507879424;0;0;0;0;0;0;0;0;0;0;0;3156;0;0;0;0;0;0;
42029;3624668;555438080;51077120;507879424;0;0;0;0;0;0;0;0;0;0;0;3547;0;0;0;0;0;0;
42030;5118880;555438080;51077120;507879424;0;0;0;0;0;0;0;0;0;0;0;3286;0;0;0;0;0;0;
42031;3648502;555438080;51085312;507887616;0;0;0;0;0;0;0;0;0;0;0;3417;0;0;0;0;0;0;
42032;4873740;555438080;51085312;507887616;0;0;0;0;0;0;0;0;0;0;0;3386;0;0;0;0;0;0;
42033;3759831;555438080;51085312;507887616;0;0;0;0;0;0;0;0;0;0;0;4087;0;0;0;0;0;0;
42034;5033099;555438080;51085312;507887616;0;0;0;0;0;0;0;0;0;0;0;3727;0;0;0;0;0;0;
42035;3695460;555438080;51085312;507887616;0;0;0;0;0;0;0;0;0;0;0;3497;0;0;0;0;0;0;
42036;4878950;555438080;51085312;507887616;0;0;0;0;0;0;0;0;0;0;0;2975;0;0;0;0;0;0;
42037;3771583;555458560;51077120;507879424;0;0;0;0;0;0;0;0;0;0;0;3576;0;0;0;0;0;0;
42038;5050922;555458560;51077120;507879424;0;0;0;0;0;0;0;0;0;0;0;4188;0;0;0;0;0;0;
42039;3806679;555458560;51077120;507879424;0;0;0;0;0;0;0;0;0;0;0;4248;0;0;0;0;0;0;
42040;4910709;555458560;51077120;507879424;0;0;0;0;0;0;0;0;0;0;0;3496;0;0;0;0;0;0;
42041;4133873;555458560;51077120;507879424;0;0;0;0;0;0;0;0;0;0;0;3536;0;0;0;0;0;0;
42042;4966424;555458560;51077120;507879424;0;0;0;0;0;0;0;0;0;0;0;3717;0;0;0;0;0;0;
42043;3851032;555458560;51077120;507879424;0;0;0;0;0;0;0;0;0;0;0;3827;0;0;0;0;0;0;
42044;4832573;555458560;51077120;507879424;0;0;0;0;0;0;0;0;0;0;0;3106;0;0;0;0;0;0;
42045;3414454;555458560;51077120;507879424;0;0;0;0;0;0;0;0;0;0;0;3156;0;0;0;0;0;0;
42046;4819528;555458560;51077120;507879424;0;0;0;0;0;0;0;0;0;0;0;3216;0;0;0;0;0;0;
42047;3742018;555458560;51077120;507879424;0;0;0;0;0;0;0;0;0;0;0;3517;0;0;0;0;0;0;
42048;4837161;555458560;51077120;507879424;0;0;0;0;0;0;0;0;0;0;0;2946;0;0;0;0;0;0;
42049;3483563;555458560;51077120;507879424;0;0;0;0;0;0;0;0;0;0;0;3045;0;0;0;0;0;0;
42050;4865945;555458560;51077120;507879424;0;0;0;0;0;0;0;0;0;0;0;3296;0;0;0;0;0;0;
42051;3355082;555458560;51077120;507879424;0;0;0;0;0;0;0;0;0;0;0;3326;0;0;0;0;0;0;
42052;4898596;555458560;51077120;507879424;0;0;0;0;0;0;0;0;0;0;0;3376;0;0;0;0;0;0;
42053;3454789;555458560;51077120;507879424;0;0;0;0;0;0;0;0;0;0;0;3376;0;0;0;0;0;0;
42054;4899448;555458560;51077120;507879424;0;0;0;0;0;0;0;0;0;0;0;3737;0;0;0;0;0;0;
42055;3395418;555458560;51077120;507879424;0;0;0;0;0;0;0;0;0;0;0;3727;0;0;0;0;0;0;
42056;4933583;555458560;51077120;507879424;0;0;0;0;0;0;0;0;0;0;0;3486;0;0;0;0;0;0;
42057;3427779;555458560;51077120;507879424;0;0;0;0;0;0;0;0;0;0;0;3116;0;0;0;0;0;0;
42058;4916560;555458560;51077120;507879424;0;0;0;0;0;0;0;0;0;0;0;3106;0;0;0;0;0;0;
42059;3416397;555458560;51077120;507879424;0;0;0;0;0;0;0;0;0;0;0;4018;0;0;0;0;0;0;
42060;4893347;555458560;51077120;507879424;0;0;0;0;0;0;0;0;0;0;0;3397;0;0;0;0;0;0;
42061;3582489;555458560;51077120;507879424;0;0;0;0;0;0;0;0;0;0;0;3587;0;0;0;0;0;0;
42062;4869652;555458560;51077120;507879424;0;0;0;0;0;0;0;0;0;0;0;3196;0;0;0;0;0;0;
42063;3409504;555458560;51077120;507879424;0;0;0;0;0;0;0;0;0;0;0;3587;0;0;0;0;0;0;
42064;4928242;555458560;51077120;507879424;0;0;0;0;0;0;0;0;0;0;0;3175;0;0;0;0;0;0;
42065;3496668;555458560;51077120;507879424;0;0;0;0;0;0;0;0;0;0;0;3887;0;0;0;0;0;0;
42066;4808568;555458560;51077120;507879424;0;0;0;0;0;0;0;0;0;0;0;3376;0;0;0;0;0;0;
42067;3355383;555458560;51077120;507879424;0;0;0;0;0;0;0;0;0;0;0;3788;0;0;0;0;0;0;
42068;4856568;555458560;51077120;507879424;0;0;0;0;0;0;0;0;0;0;0;3487;0;0;0;0;0;0;
42069;3441795;555458560;51077120;507879424;0;0;0;0;0;0;0;0;0;0;0;3526;0;0;0;0;0;0;
42070;4860114;555458560;51077120;507879424;0;0;0;0;0;0;0;0;0;0;0;3106;0;0;0;0;0;0;
42071;3857474;555458560;51077120;507879424;0;0;0;0;0;0;0;0;0;0;0;3046;0;0;0;0;0;0;
42072;4805882;555458560;51077120;507879424;0;0;0;0;0;0;0;0;0;0;0;3086;0;0;0;0;0;0;
42073;3380590;555458560;51077120;507879424;0;0;0;0;0;0;0;0;0;0;0;3376;0;0;0;0;0;0;
42074;4914868;555458560;51077120;507879424;0;0;0;0;0;0;0;0;0;0;0;2865;0;0;0;0;0;0;
42075;3328031;555458560;51077120;507879424;0;0;0;0;0;0;0;0;0;0;0;3175;0;0;0;0;0;0;
42076;4922652;555458560;51077120;507879424;0;0;0;0;0;0;0;0;0;0;0;2995;0;0;0;0;0;0;
42077;3363809;555458560;51077120;507879424;0;0;0;0;0;0;0;0;0;0;0;3486;0;0;0;0;0;0;
42078;4823456;555458560;51077120;507879424;0;0;0;0;0;0;0;0;0;0;0;3317;0;0;0;0;0;0;
42079;3384808;555458560;51077120;507879424;0;0;0;0;0;0;0;0;0;0;0;3547;0;0;0;0;0;0;
42080;4950665;555458560;51077120;507879424;0;0;0;0;0;0;0;0;0;0;0;2985;0;0;0;0;0;0;
42081;3442896;555458560;51077120;507879424;0;0;0;0;0;0;0;0;0;0;0;3586;0;0;0;0;0;0;
42082;4861026;555458560;51077120;507879424;0;0;0;0;0;0;0;0;0;0;0;3216;0;0;0;0;0;0;
42083;3333511;555458560;51077120;507879424;0;0;0;0;0;0;0;0;0;0;0;3837;0;0;0;0;0;0;
42084;4852911;555458560;51077120;507879424;0;0;0;0;0;0;0;0;0;0;0;3286;0;0;0;0;0;0;
42085;3419272;555458560;51077120;507879424;0;0;0;0;0;0;0;0;0;0;0;3757;0;0;0;0;0;0;
42086;4829387;555458560;51077120;507879424;0;0;0;0;0;0;0;0;0;0;0;3246;0;0;0;0;0;0;
42087;3357737;555458560;51077120;507879424;0;0;0;0;0;0;0;0;0;0;0;3356;0;0;0;0;0;0;
42088;4815491;555458560;51077120;507879424;0;0;0;0;0;0;0;0;0;0;0;3256;0;0;0;0;0;0;
42089;3410656;555458560;51077120;507879424;0;0;0;0;0;0;0;0;0;0;0;3998;0;0;0;0;0;0;
42090;4816202;555458560;51077120;507879424;0;0;0;0;0;0;0;0;0;0;0;3307;0;0;0;0;0;0;
42091;3396269;555458560;51077120;507879424;0;0;0;0;0;0;0;0;0;0;0;2956;0;0;0;0;0;0;
42092;4859524;555458560;51077120;507879424;0;0;0;0;0;0;0;0;0;0;0;3095;0;0;0;0;0;0;
42093;3444410;555458560;51077120;507879424;0;0;0;0;0;0;0;0;0;0;0;3126;0;0;0;0;0;0;
42094;4897124;555458560;51077120;507879424;0;0;0;0;0;0;0;0;0;0;0;3006;0;0;0;0;0;0;
42095;3446353;555458560;51077120;507879424;0;0;0;0;0;0;0;0;0;0;0;3145;0;0;0;0;0;0;
42096;4835649;555458560;51077120;507879424;0;0;0;0;0;0;0;0;0;0;0;3096;0;0;0;0;0;0;
42097;3462103;555458560;51077120;507879424;0;0;0;0;0;0;0;0;0;0;0;3015;0;0;0;0;0;0;
42098;4825539;555458560;51077120;507879424;0;0;0;0;0;0;0;0;0;0;0;3146;0;0;0;0;0;0;
42099;3400467;555458560;51077120;507879424;0;0;0;0;0;0;0;0;0;0;0;2936;0;0;0;0;0;0;
42100;4811473;555458560;51077120;507879424;0;0;0;0;0;0;0;0;0;0;0;2735;0;0;0;0;0;0;
42101;3404905;555458560;51077120;507879424;0;0;0;0;0;0;0;0;0;0;0;2936;0;0;0;0;0;0;
42102;4793269;555458560;51077120;507879424;0;0;0;0;0;0;0;0;0;0;0;3136;0;0;0;0;0;0;
42103;3264552;555458560;51077120;507879424;0;0;0;0;0;0;0;0;0;0;0;2885;0;0;0;0;0;0;
42104;5420265;555458560;51077120;507879424;0;0;0;0;0;0;0;0;0;0;0;2735;0;0;0;0;0;0;
42105;3285451;555458560;51077120;507879424;0;0;0;0;0;0;0;0;0;0;0;3316;0;0;0;0;0;0;
42106;4799541;555458560;51077120;507879424;0;0;0;0;0;0;0;0;0;0;0;3176;0;0;0;0;0;0;
42107;3494053;555458560;51077120;507879424;0;0;0;0;0;0;0;0;0;0;0;3787;0;0;0;0;0;0;
42108;4896122;555458560;51077120;507879424;0;0;0;0;0;0;0;0;0;0;0;3337;0;0;0;0;0;0;
42109;3435262;555458560;51077120;507879424;0;0;0;0;0;0;0;0;0;0;0;3837;0;0;0;0;0;0;
42110;4859353;555458560;51077120;507879424;0;0;0;0;0;0;0;0;0;0;0;3547;0;0;0;0;0;0;
42111;3393635;555458560;51077120;507879424;0;0;0;0;0;0;0;0;0;0;0;3627;0;0;0;0;0;0;
42112;4871977;555458560;51077120;507879424;0;0;0;0;0;0;0;0;0;0;0;3497;0;0;0;0;0;0;
42113;3427889;555458560;51077120;507879424;0;0;0;0;0;0;0;0;0;0;0;3516;0;0;0;0;0;0;
42114;4865094;555458560;51077120;507879424;0;0;0;0;0;0;0;0;0;0;0;3267;0;0;0;0;0;0;
42115;3713384;555458560;51077120;507879424;0;0;0;0;0;0;0;0;0;0;0;3456;0;0;0;0;0;0;
42116;4806664;555458560;51077120;507879424;0;0;0;0;0;0;0;0;0;0;0;3307;0;0;0;0;0;0;
42117;3419774;555458560;51077120;507879424;0;0;0;0;0;0;0;0;0;0;0;3176;0;0;0;0;0;0;
42118;4906361;555458560;51077120;507879424;0;0;0;0;0;0;0;0;0;0;0;3567;0;0;0;0;0;0;
42119;3357737;555458560;51077120;507879424;0;0;0;0;0;0;0;0;0;0;0;3427;0;0;0;0;0;0;
42120;4817254;555458560;51077120;507879424;0;0;0;0;0;0;0;0;0;0;0;3296;0;0;0;0;0;0;
42121;3636240;555458560;51077120;507879424;0;0;0;0;0;0;0;0;0;0;0;3687;0;0;0;0;0;0;
42122;4894168;555458560;51077120;507879424;0;0;0;0;0;0;0;0;0;0;0;3036;0;0;0;0;0;0;
42123;3380440;555458560;51077120;507879424;0;0;0;0;0;0;0;0;0;0;0;3557;0;0;0;0;0;0;
42124;4817123;555458560;51077120;507879424;0;0;0;0;0;0;0;0;0;0;0;2895;0;0;0;0;0;0;
42125;3382784;555458560;51077120;507879424;0;0;0;0;0;0;0;0;0;0;0;3025;0;0;0;0;0;0;
42126;4850036;555458560;51077120;507879424;0;0;0;0;0;0;0;0;0;0;0;2956;0;0;0;0;0;0;
42127;3376142;555458560;51077120;507879424;0;0;0;0;0;0;0;0;0;0;0;3557;0;0;0;0;0;0;
42128;5280012;555458560;51077120;507879424;0;0;0;0;0;0;0;0;0;0;0;3938;0;0;0;0;0;0;
42129;3358599;555458560;51077120;507879424;0;0;0;0;0;0;0;0;0;0;0;3477;0;0;0;0;0;0;
42130;4929715;555458560;51077120;507879424;0;0;0;0;0;0;0;0;0;0;0;3476;0;0;0;0;0;0;
42131;3299608;555458560;51077120;507879424;0;0;0;0;0;0;0;0;0;0;0;3367;0;0;0;0;0;0;
42132;4822865;555458560;51077120;507879424;0;0;0;0;0;0;0;0;0;0;0;3056;0;0;0;0;0;0;
42133;3376993;555458560;51077120;507879424;0;0;0;0;0;0;0;0;0;0;0;3085;0;0;0;0;0;0;
42134;4838134;555458560;51077120;507879424;0;0;0;0;0;0;0;0;0;0;0;3096;0;0;0;0;0;0;
42135;3311270;555458560;51077120;507879424;0;0;0;0;0;0;0;0;0;0;0;2956;0;0;0;0;0;0;
42136;4861758;555458560;51077120;507879424;0;0;0;0;0;0;0;0;0;0;0;3086;0;0;0;0;0;0;
42137;3372435;555458560;51077120;507879424;0;0;0;0;0;0;0;0;0;0;0;3226;0;0;0;0;0;0;
42138;4855306;555458560;51077120;507879424;0;0;0;0;0;0;0;0;0;0;0;3426;0;0;0;0;0;0;
42139;3465689;555458560;51077120;507879424;0;0;0;0;0;0;0;0;0;0;0;4238;0;0;0;0;0;0;
42140;4814358;555458560;51077120;507879424;0;0;0;0;0;0;0;0;0;0;0;3086;0;0;0;0;0;0;
42141;3366864;555458560;51077120;507879424;0;0;0;0;0;0;0;0;0;0;0;3487;0;0;0;0;0;0;
42142;4867198;555458560;51077120;507879424;0;0;0;0;0;0;0;0;0;0;0;2866;0;0;0;0;0;0;
42143;3436805;555458560;51077120;507879424;0;0;0;0;0;0;0;0;0;0;0;3356;0;0;0;0;0;0;
42144;4770637;555458560;51077120;507879424;0;0;0;0;0;0;0;0;0;0;0;3006;0;0;0;0;0;0;
42145;3399535;555458560;51077120;507879424;0;0;0;0;0;0;0;0;0;0;0;2915;0;0;0;0;0;0;
42146;4886744;555458560;51077120;507879424;0;0;0;0;0;0;0;0;0;0;0;3206;0;0;0;0;0;0;
42147;3413602;555458560;51077120;507879424;0;0;0;0;0;0;0;0;0;0;0;3306;0;0;0;0;0;0;
42148;4849675;555458560;51077120;507879424;0;0;0;0;0;0;0;0;0;0;0;3106;0;0;0;0;0;0;
42149;3513098;555458560;51077120;507879424;0;0;0;0;0;0;0;0;0;0;0;3367;0;0;0;0;0;0;
42150;4836339;555458560;51077120;507879424;0;0;0;0;0;0;0;0;0;0;0;3236;0;0;0;0;0;0;
42151;3403563;555458560;51077120;507879424;0;0;0;0;0;0;0;0;0;0;0;3977;0;0;0;0;0;0;
42152;4938341;555458560;51077120;507879424;0;0;0;0;0;0;0;0;0;0;0;3637;0;0;0;0;0;0;
42153;3616563;555458560;51077120;507879424;0;0;0;0;0;0;0;0;0;0;0;11652;0;0;0;0;0;0;
42154;4899699;555458560;51077120;507879424;0;0;0;0;0;0;0;0;0;0;0;3276;0;0;0;0;0;0;
42155;3440061;555458560;51077120;507879424;0;0;0;0;0;0;0;0;0;0;0;3126;0;0;0;0;0;0;
42156;4848713;555458560;51077120;507879424;0;0;0;0;0;0;0;0;0;0;0;3246;0;0;0;0;0;0;
42157;3350053;555458560;51077120;507879424;0;0;0;0;0;0;0;0;0;0;0;3837;0;0;0;0;0;0;
42158;4894990;555458560;51077120;507879424;0;0;0;0;0;0;0;0;0;0;0;3176;0;0;0;0;0;0;
42159;3380049;555458560;51077120;507879424;0;0;0;0;0;0;0;0;0;0;0;3566;0;0;0;0;0;0;
42160;4838414;555458560;51077120;507879424;0;0;0;0;0;0;0;0;0;0;0;3046;0;0;0;0;0;0;
42161;3434732;555458560;51077120;507879424;0;0;0;0;0;0;0;0;0;0;0;4007;0;0;0;0;0;0;
42162;4871145;555458560;51077120;507879424;0;0;0;0;0;0;0;0;0;0;0;3406;0;0;0;0;0;0;
42163;3362526;555458560;51077120;507879424;0;0;0;0;0;0;0;0;0;0;0;3596;0;0;0;0;0;0;
42164;4874902;555458560;51077120;507879424;0;0;0;0;0;0;0;0;0;0;0;3357;0;0;0;0;0;0;
42165;3425715;555458560;51077120;507879424;0;0;0;0;0;0;0;0;0;0;0;3908;0;0;0;0;0;0;
42166;4865895;555458560;51077120;507879424;0;0;0;0;0;0;0;0;0;0;0;3075;0;0;0;0;0;0;
42167;3307293;555458560;51077120;507879424;0;0;0;0;0;0;0;0;0;0;0;3777;0;0;0;0;0;0;
42168;4864643;555458560;51077120;507879424;0;0;0;0;0;0;0;0;0;0;0;3427;0;0;0;0;0;0;
42169;3321078;555458560;51077120;507879424;0;0;0;0;0;0;0;0;0;0;0;4067;0;0;0;0;0;0;
42170;5000979;555458560;51077120;507879424;0;0;0;0;0;0;0;0;0;0;0;3938;0;0;0;0;0;0;
42171;3468916;555458560;51077120;507879424;0;0;0;0;0;0;0;0;0;0;0;3787;0;0;0;0;0;0;
42172;4871326;555458560;51077120;507879424;0;0;0;0;0;0;0;0;0;0;0;3577;0;0;0;0;0;0;
42173;3403133;555458560;51077120;507879424;0;0;0;0;0;0;0;0;0;0;0;3928;0;0;0;0;0;0;
42174;4899038;555458560;51077120;507879424;0;0;0;0;0;0;0;0;0;0;0;3818;0;0;0;0;0;0;
42175;3365432;555458560;51077120;507879424;0;0;0;0;0;0;0;0;0;0;0;3536;0;0;0;0;0;0;
42176;4996280;555458560;51077120;507879424;0;0;0;0;0;0;0;0;0;0;0;3416;0;0;0;0;0;0;
42177;3838579;555458560;51077120;507879424;0;0;0;0;0;0;0;0;0;0;0;3486;0;0;0;0;0;0;
42178;4839797;555458560;51077120;507879424;0;0;0;0;0;0;0;0;0;0;0;3697;0;0;0;0;0;0;
42179;3416938;555458560;51077120;507879424;0;0;0;0;0;0;0;0;0;0;0;3747;0;0;0;0;0;0;
42180;4824898;555458560;51077120;507879424;0;0;0;0;0;0;0;0;0;0;0;3566;0;0;0;0;0;0;
42181;3467723;555458560;51077120;507879424;0;0;0;0;0;0;0;0;0;0;0;4007;0;0;0;0;0;0;
42182;4891263;555458560;51077120;507879424;0;0;0;0;0;0;0;0;0;0;0;3547;0;0;0;0;0;0;
42183;3384628;555458560;51077120;507879424;0;0;0;0;0;0;0;0;0;0;0;3627;0;0;0;0;0;0;
42184;4869472;555458560;51077120;507879424;0;0;0;0;0;0;0;0;0;0;0;3045;0;0;0;0;0;0;
42185;3364770;555458560;51077120;507879424;0;0;0;0;0;0;0;0;0;0;0;3336;0;0;0;0;0;0;
42186;4914807;555458560;51077120;507879424;0;0;0;0;0;0;0;0;0;0;0;3015;0;0;0;0;0;0;
42187;3481960;555458560;51077120;507879424;0;0;0;0;0;0;0;0;0;0;0;3206;0;0;0;0;0;0;
42188;4832473;555458560;51077120;507879424;0;0;0;0;0;0;0;0;0;0;0;3206;0;0;0;0;0;0;
42189;3698256;555458560;51077120;507879424;0;0;0;0;0;0;0;0;0;0;0;3226;0;0;0;0;0;0;
42190;4834897;555458560;51077120;507879424;0;0;0;0;0;0;0;0;0;0;0;3016;0;0;0;0;0;0;
42191;3348008;555458560;51077120;507879424;0;0;0;0;0;0;0;0;0;0;0;3256;0;0;0;0;0;0;
42192;4778682;555458560;51077120;507879424;0;0;0;0;0;0;0;0;0;0;0;2836;0;0;0;0;0;0;
42193;3434411;555458560;51077120;507879424;0;0;0;0;0;0;0;0;0;0;0;3657;0;0;0;0;0;0;
42194;4800934;555458560;51077120;507879424;0;0;0;0;0;0;0;0;0;0;0;3476;0;0;0;0;0;0;
42195;3463836;555458560;51077120;507879424;0;0;0;0;0;0;0;0;0;0;0;3457;0;0;0;0;0;0;
42196;4807456;555458560;51077120;507879424;0;0;0;0;0;0;0;0;0;0;0;3216;0;0;0;0;0;0;
42197;3330125;555458560;51077120;507879424;0;0;0;0;0;0;0;0;0;0;0;3326;0;0;0;0;0;0;
42198;4888508;555458560;51077120;507879424;0;0;0;0;0;0;0;0;0;0;0;3667;0;0;0;0;0;0;
42199;3339834;555458560;51077120;507879424;0;0;0;0;0;0;0;0;0;0;0;3286;0;0;0;0;0;0;
42200;4887496;555458560;51077120;507879424;0;0;0;0;0;0;0;0;0;0;0;3597;0;0;0;0;0;0;
42201;3950419;555458560;51077120;507879424;0;0;0;0;0;0;0;0;0;0;0;4959;0;0;0;0;0;0;
42202;5087250;555458560;51077120;507879424;0;0;0;0;0;0;0;0;0;0;0;3556;0;0;0;0;0;0;
42203;3319185;555458560;51077120;507879424;0;0;0;0;0;0;0;0;0;0;0;3436;0;0;0;0;0;0;
42204;4915789;555458560;51077120;507879424;0;0;0;0;0;0;0;0;0;0;0;3426;0;0;0;0;0;0;
42205;3369990;555458560;51077120;507879424;0;0;0;0;0;0;0;0;0;0;0;3957;0;0;0;0;0;0;
42206;10903558;555458560;51077120;507879424;0;0;0;0;0;0;0;0;0;0;0;3347;0;0;0;0;0;0;
42207;3400678;555458560;51077120;507879424;0;0;0;0;0;0;0;0;0;0;0;3146;0;0;0;0;0;0;
42208;4842081;555458560;51077120;507879424;0;0;0;0;0;0;0;0;0;0;0;2995;0;0;0;0;0;0;
42209;3310118;555458560;51077120;507879424;0;0;0;0;0;0;0;0;0;0;0;2975;0;0;0;0;0;0;
42210;4846008;555458560;51077120;507879424;0;0;0;0;0;0;0;0;0;0;0;2665;0;0;0;0;0;0;
42211;3218646;555458560;51077120;507879424;0;0;0;0;0;0;0;0;0;0;0;3126;0;0;0;0;0;0;
42212;4916681;555458560;51077120;507879424;0;0;0;0;0;0;0;0;0;0;0;3066;0;0;0;0;0;0;
42213;3439080;555458560;51077120;507879424;0;0;0;0;0;0;0;0;0;0;0;3306;0;0;0;0;0;0;
42214;4818967;555458560;51077120;507879424;0;0;0;0;0;0;0;0;0;0;0;3327;0;0;0;0;0;0;
42215;3439199;555458560;51077120;507879424;0;0;0;0;0;0;0;0;0;0;0;3647;0;0;0;0;0;0;
42216;4978567;555458560;51077120;507879424;0;0;0;0;0;0;0;0;0;0;0;3557;0;0;0;0;0;0;
42217;3461492;555458560;51077120;507879424;0;0;0;0;0;0;0;0;0;0;0;3547;0;0;0;0;0;0;
42218;4806684;555458560;51077120;507879424;0;0;0;0;0;0;0;0;0;0;0;3406;0;0;0;0;0;0;
42219;3428931;555458560;51077120;507879424;0;0;0;0;0;0;0;0;0;0;0;3626;0;0;0;0;0;0;
42220;4874001;555458560;51077120;507879424;0;0;0;0;0;0;0;0;0;0;0;3307;0;0;0;0;0;0;
42221;3360412;555458560;51077120;507879424;0;0;0;0;0;0;0;0;0;0;0;3537;0;0;0;0;0;0;
42222;4854915;555458560;51077120;507879424;0;0;0;0;0;0;0;0;0;0;0;3657;0;0;0;0;0;0;
42223;3406648;555458560;51077120;507879424;0;0;0;0;0;0;0;0;0;0;0;3366;0;0;0;0;0;0;
42224;4888257;555458560;51077120;507879424;0;0;0;0;0;0;0;0;0;0;0;3677;0;0;0;0;0;0;
42225;3716189;555458560;51077120;507879424;0;0;0;0;0;0;0;0;0;0;0;4608;0;0;0;0;0;0;
42226;4848403;555458560;51077120;507879424;0;0;0;0;0;0;0;0;0;0;0;3657;0;0;0;0;0;0;
42227;3393234;555458560;51077120;507879424;0;0;0;0;0;0;0;0;0;0;0;3096;0;0;0;0;0;0;
42228;4885443;555458560;51077120;507879424;0;0;0;0;0;0;0;0;0;0;0;3116;0;0;0;0;0;0;
42229;3356976;555458560;51077120;507879424;0;0;0;0;0;0;0;0;0;0;0;3496;0;0;0;0;0;0;
42230;4815842;555458560;51077120;507879424;0;0;0;0;0;0;0;0;0;0;0;3377;0;0;0;0;0;0;
42231;3369399;555458560;51077120;507879424;0;0;0;0;0;0;0;0;0;0;0;3166;0;0;0;0;0;0;
42232;4872207;555458560;51077120;507879424;0;0;0;0;0;0;0;0;0;0;0;3066;0;0;0;0;0;0;
42233;3357817;555458560;51077120;507879424;0;0;0;0;0;0;0;0;0;0;0;3056;0;0;0;0;0;0;
42234;4918273;555458560;51077120;507879424;0;0;0;0;0;0;0;0;0;0;0;2945;0;0;0;0;0;0;
42235;3479736;555458560;51077120;507879424;0;0;0;0;0;0;0;0;0;0;0;3156;0;0;0;0;0;0;
42236;4881064;555458560;51077120;507879424;0;0;0;0;0;0;0;0;0;0;0;3166;0;0;0;0;0;0;
42237;3357918;555458560;51077120;507879424;0;0;0;0;0;0;0;0;0;0;0;3447;0;0;0;0;0;0;
42238;4878289;555458560;51077120;507879424;0;0;0;0;0;0;0;0;0;0;0;2885;0;0;0;0;0;0;
42239;3318233;555458560;51077120;507879424;0;0;0;0;0;0;0;0;0;0;0;3297;0;0;0;0;0;0;
42240;4930456;555458560;51077120;507879424;0;0;0;0;0;0;0;0;0;0;0;3957;0;0;0;0;0;0;
42241;3526213;555458560;51077120;507879424;0;0;0;0;0;0;0;0;0;0;0;13716;0;0;0;0;0;0;
42242;4896263;555458560;51077120;507879424;0;0;0;0;0;0;0;0;0;0;0;3096;0;0;0;0;0;0;
42243;3424973;555458560;51077120;507879424;0;0;0;0;0;0;0;0;0;0;0;3487;0;0;0;0;0;0;
42244;4852009;555458560;51077120;507879424;0;0;0;0;0;0;0;0;0;0;0;3136;0;0;0;0;0;0;
42245;3330917;555458560;51077120;507879424;0;0;0;0;0;0;0;0;0;0;0;3146;0;0;0;0;0;0;
42246;4861367;555458560;51077120;507879424;0;0;0;0;0;0;0;0;0;0;0;2866;0;0;0;0;0;0;
42247;3405737;555458560;51077120;507879424;0;0;0;0;0;0;0;0;0;0;0;3276;0;0;0;0;0;0;
42248;4825059;555458560;51077120;507879424;0;0;0;0;0;0;0;0;0;0;0;2745;0;0;0;0;0;0;
42249;3380299;555458560;51077120;507879424;0;0;0;0;0;0;0;0;0;0;0;3216;0;0;0;0;0;0;
42250;5297805;555458560;51077120;507879424;0;0;0;0;0;0;0;0;0;0;0;2896;0;0;0;0;0;0;
42251;3474666;555458560;51077120;507879424;0;0;0;0;0;0;0;0;0;0;0;3376;0;0;0;0;0;0;
42252;4869572;555458560;51077120;507879424;0;0;0;0;0;0;0;0;0;0;0;2956;0;0;0;0;0;0;
42253;3413702;555458560;51077120;507879424;0;0;0;0;0;0;0;0;0;0;0;3486;0;0;0;0;0;0;
42254;4827915;555458560;51077120;507879424;0;0;0;0;0;0;0;0;0;0;0;3066;0;0;0;0;0;0;
42255;3353489;555458560;51077120;507879424;0;0;0;0;0;0;0;0;0;0;0;2935;0;0;0;0;0;0;
42256;4898417;555458560;51077120;507879424;0;0;0;0;0;0;0;0;0;0;0;3105;0;0;0;0;0;0;
42257;3454358;555458560;51077120;507879424;0;0;0;0;0;0;0;0;0;0;0;3887;0;0;0;0;0;0;
42258;4830018;555458560;51077120;507879424;0;0;0;0;0;0;0;0;0;0;0;3005;0;0;0;0;0;0;
42259;3514471;555458560;51077120;507879424;0;0;0;0;0;0;0;0;0;0;0;3116;0;0;0;0;0;0;
42260;4898366;555458560;51077120;507879424;0;0;0;0;0;0;0;0;0;0;0;3376;0;0;0;0;0;0;
42261;3460229;555458560;51077120;507879424;0;0;0;0;0;0;0;0;0;0;0;3516;0;0;0;0;0;0;
42262;4775606;555458560;51077120;507879424;0;0;0;0;0;0;0;0;0;0;0;2785;0;0;0;0;0;0;
42263;3640127;555458560;51077120;507879424;0;0;0;0;0;0;0;0;0;0;0;3156;0;0;0;0;0;0;
42264;4756500;555458560;51077120;507879424;0;0;0;0;0;0;0;0;0;0;0;2996;0;0;0;0;0;0;
42265;3380179;555458560;51077120;507879424;0;0;0;0;0;0;0;0;0;0;0;3106;0;0;0;0;0;0;
42266;4770987;555458560;51077120;507879424;0;0;0;0;0;0;0;0;0;0;0;9698;0;0;0;0;0;0;
42267;3463766;555458560;51077120;507879424;0;0;0;0;0;0;0;0;0;0;0;2936;0;0;0;0;0;0;
42268;4962216;555458560;51077120;507879424;0;0;0;0;0;0;0;0;0;0;0;2906;0;0;0;0;0;0;
42269;3307272;555458560;51085312;507887616;0;0;0;0;0;0;0;0;0;0;0;3286;0;0;0;0;0;0;
42270;4842602;555458560;51085312;507887616;0;0;0;0;0;0;0;0;0;0;0;2845;0;0;0;0;0;0;
42271;3579062;555458560;51085312;507887616;0;0;0;0;0;0;0;0;0;0;0;3406;0;0;0;0;0;0;
42272;4864492;555458560;51085312;507887616;0;0;0;0;0;0;0;0;0;0;0;3146;0;0;0;0;0;0;
42273;3531293;555458560;51085312;507887616;0;0;0;0;0;0;0;0;0;0;0;3146;0;0;0;0;0;0;
42274;4978567;555458560;51085312;507887616;0;0;0;0;0;0;0;0;0;0;0;3797;0;0;0;0;0;0;
42275;3339753;555499520;51077120;507879424;0;0;0;0;0;0;0;0;0;0;0;3236;0;0;0;0;0;0;
42276;4850677;555499520;51077120;507879424;0;0;0;0;0;0;0;0;0;0;0;3136;0;0;0;0;0;0;
42277;3349953;555499520;51077120;507879424;0;0;0;0;0;0;0;0;0;0;0;4007;0;0;0;0;0;0;
42278;4830880;555499520;51077120;507879424;0;0;0;0;0;0;0;0;0;0;0;3236;0;0;0;0;0;0;
42279;3319856;555499520;51077120;507879424;0;0;0;0;0;0;0;0;0;0;0;3647;0;0;0;0;0;0;
42280;4962516;555499520;51077120;507879424;0;0;0;0;0;0;0;0;0;0;0;3496;0;0;0;0;0;0;
42281;3344272;555499520;51077120;507879424;0;0;0;0;0;0;0;0;0;0;0;3426;0;0;0;0;0;0;
42282;4827293;555499520;51077120;507879424;0;0;0;0;0;0;0;0;0;0;0;3287;0;0;0;0;0;0;
42283;3462173;555499520;51077120;507879424;0;0;0;0;0;0;0;0;0;0;0;2935;0;0;0;0;0;0;
42284;4854844;555499520;51077120;507879424;0;0;0;0;0;0;0;0;0;0;0;3346;0;0;0;0;0;0;
42285;3423710;555499520;51077120;507879424;0;0;0;0;0;0;0;0;0;0;0;3477;0;0;0;0;0;0;
42286;4837512;555499520;51077120;507879424;0;0;0;0;0;0;0;0;0;0;0;3095;0;0;0;0;0;0;
42287;3648002;555499520;51077120;507879424;0;0;0;0;0;0;0;0;0;0;0;3416;0;0;0;0;0;0;
42288;4775646;555499520;51077120;507879424;0;0;0;0;0;0;0;0;0;0;0;3317;0;0;0;0;0;0;
42289;3384186;555499520;51077120;507879424;0;0;0;0;0;0;0;0;0;0;0;3437;0;0;0;0;0;0;
42290;4768192;555499520;51077120;507879424;0;0;0;0;0;0;0;0;0;0;0;3567;0;0;0;0;0;0;
42291;3363377;555499520;51077120;507879424;0;0;0;0;0;0;0;0;0;0;0;3627;0;0;0;0;0;0;
42292;4876676;555499520;51077120;507879424;0;0;0;0;0;0;0;0;0;0;0;3627;0;0;0;0;0;0;
42293;3388034;555499520;51077120;507879424;0;0;0;0;0;0;0;0;0;0;0;3516;0;0;0;0;0;0;
42294;4805532;555499520;51077120;507879424;0;0;0;0;0;0;0;0;0;0;0;3636;0;0;0;0;0;0;
42295;3642010;555499520;51077120;507879424;0;0;0;0;0;0;0;0;0;0;0;3707;0;0;0;0;0;0;
42296;4882837;555499520;51077120;507879424;0;0;0;0;0;0;0;0;0;0;0;3586;0;0;0;0;0;0;
42297;3474867;555499520;51077120;507879424;0;0;0;0;0;0;0;0;0;0;0;3617;0;0;0;0;0;0;
42298;4931909;555499520;51077120;507879424;0;0;0;0;0;0;0;0;0;0;0;3517;0;0;0;0;0;0;
42299;3867584;555499520;51077120;507879424;0;0;0;0;0;0;0;0;0;0;0;3607;0;0;0;0;0;0;
42300;4862520;555499520;51077120;507879424;0;0;0;0;0;0;0;0;0;0;0;3417;0;0;0;0;0;0;
42301;3366052;555499520;51077120;507879424;0;0;0;0;0;0;0;0;0;0;0;3877;0;0;0;0;0;0;
42302;4827193;555499520;51077120;507879424;0;0;0;0;0;0;0;0;0;0;0;3125;0;0;0;0;0;0;
42303;3404294;555499520;51077120;507879424;0;0;0;0;0;0;0;0;0;0;0;3496;0;0;0;0;0;0;
42304;4930286;555499520;51077120;507879424;0;0;0;0;0;0;0;0;0;0;0;3497;0;0;0;0;0;0;
42305;3375621;555499520;51077120;507879424;0;0;0;0;0;0;0;0;0;0;0;3536;0;0;0;0;0;0;
42306;4843002;555499520;51077120;507879424;0;0;0;0;0;0;0;0;0;0;0;3337;0;0;0;0;0;0;
42307;3362877;555499520;51077120;507879424;0;0;0;0;0;0;0;0;0;0;0;3436;0;0;0;0;0;0;
42308;4898056;555499520;51077120;507879424;0;0;0;0;0;0;0;0;0;0;0;3567;0;0;0;0;0;0;
42309;3517417;555499520;51077120;507879424;0;0;0;0;0;0;0;0;0;0;0;3456;0;0;0;0;0;0;
42310;4895340;555499520;51077120;507879424;0;0;0;0;0;0;0;0;0;0;0;3566;0;0;0;0;0;0;
42311;3667267;555499520;51077120;507879424;0;0;0;0;0;0;0;0;0;0;0;3286;0;0;0;0;0;0;
42312;4849925;555499520;51077120;507879424;0;0;0;0;0;0;0;0;0;0;0;3597;0;0;0;0;0;0;
42313;3520683;555499520;51077120;507879424;0;0;0;0;0;0;0;0;0;0;0;3777;0;0;0;0;0;0;
42314;4880152;555499520;51077120;507879424;0;0;0;0;0;0;0;0;0;0;0;4218;0;0;0;0;0;0;
42315;3506066;555499520;51077120;507879424;0;0;0;0;0;0;0;0;0;0;0;3967;0;0;0;0;0;0;
42316;4860325;555499520;51077120;507879424;0;0;0;0;0;0;0;0;0;0;0;3586;0;0;0;0;0;0;
42317;3508680;555499520;51077120;507879424;0;0;0;0;0;0;0;0;0;0;0;3798;0;0;0;0;0;0;
42318;4816793;555499520;51077120;507879424;0;0;0;0;0;0;0;0;0;0;0;3487;0;0;0;0;0;0;
42319;3510503;555499520;51077120;507879424;0;0;0;0;0;0;0;0;0;0;0;3146;0;0;0;0;0;0;
42320;4818506;555499520;51077120;507879424;0;0;0;0;0;0;0;0;0;0;0;3426;0;0;0;0;0;0;
42321;3453636;555499520;51077120;507879424;0;0;0;0;0;0;0;0;0;0;0;3115;0;0;0;0;0;0;
42322;5015005;555499520;51077120;507879424;0;0;0;0;0;0;0;0;0;0;0;2715;0;0;0;0;0;0;
42323;3648883;555499520;51077120;507879424;0;0;0;0;0;0;0;0;0;0;0;3156;0;0;0;0;0;0;
42324;4842071;555499520;51077120;507879424;0;0;0;0;0;0;0;0;0;0;0;3155;0;0;0;0;0;0;
42325;3401268;555499520;51077120;507879424;0;0;0;0;0;0;0;0;0;0;0;3817;0;0;0;0;0;0;
42326;4866977;555499520;51077120;507879424;0;0;0;0;0;0;0;0;0;0;0;2745;0;0;0;0;0;0;
42327;3370020;555499520;51077120;507879424;0;0;0;0;0;0;0;0;0;0;0;3086;0;0;0;0;0;0;
42328;4880443;555499520;51077120;507879424;0;0;0;0;0;0;0;0;0;0;0;2886;0;0;0;0;0;0;
42329;3325116;555499520;51077120;507879424;0;0;0;0;0;0;0;0;0;0;0;3006;0;0;0;0;0;0;
42330;4812295;555499520;51077120;507879424;0;0;0;0;0;0;0;0;0;0;0;2896;0;0;0;0;0;0;
42331;3325747;555499520;51077120;507879424;0;0;0;0;0;0;0;0;0;0;0;2935;0;0;0;0;0;0;
42332;4909728;555499520;51077120;507879424;0;0;0;0;0;0;0;0;0;0;0;3677;0;0;0;0;0;0;
42333;3396119;555499520;51077120;507879424;0;0;0;0;0;0;0;0;0;0;0;3637;0;0;0;0;0;0;
42334;4814288;555499520;51077120;507879424;0;0;0;0;0;0;0;0;0;0;0;3045;0;0;0;0;0;0;
42335;3466531;555499520;51077120;507879424;0;0;0;0;0;0;0;0;0;0;0;3196;0;0;0;0;0;0;
42336;4844185;555499520;51077120;507879424;0;0;0;0;0;0;0;0;0;0;0;2916;0;0;0;0;0;0;
42337;3444570;555499520;51077120;507879424;0;0;0;0;0;0;0;0;0;0;0;3526;0;0;0;0;0;0;
42338;4831711;555499520;51077120;507879424;0;0;0;0;0;0;0;0;0;0;0;2965;0;0;0;0;0;0;
42339;3388726;555499520;51077120;507879424;0;0;0;0;0;0;0;0;0;0;0;3386;0;0;0;0;0;0;
42340;4844154;555499520;51077120;507879424;0;0;0;0;0;0;0;0;0;0;0;2936;0;0;0;0;0;0;
42341;3466380;555499520;51077120;507879424;0;0;0;0;0;0;0;0;0;0;0;3276;0;0;0;0;0;0;
42342;4927381;555499520;51077120;507879424;0;0;0;0;0;0;0;0;0;0;0;2956;0;0;0;0;0;0;
42343;3292425;555499520;51077120;507879424;0;0;0;0;0;0;0;0;0;0;0;2935;0;0;0;0;0;0;
42344;4840928;555499520;51077120;507879424;0;0;0;0;0;0;0;0;0;0;0;2905;0;0;0;0;0;0;
42345;3374649;555499520;51077120;507879424;0;0;0;0;0;0;0;0;0;0;0;3156;0;0;0;0;0;0;
42346;4861647;555499520;51077120;507879424;0;0;0;0;0;0;0;0;0;0;0;3156;0;0;0;0;0;0;
42347;3931934;555499520;51077120;507879424;0;0;0;0;0;0;0;0;0;0;0;3777;0;0;0;0;0;0;
42348;4982474;555499520;51077120;507879424;0;0;0;0;0;0;0;0;0;0;0;2875;0;0;0;0;0;0;
42349;3338461;555499520;51077120;507879424;0;0;0;0;0;0;0;0;0;0;0;3106;0;0;0;0;0;0;
42350;4826321;555499520;51077120;507879424;0;0;0;0;0;0;0;0;0;0;0;3016;0;0;0;0;0;0;
42351;3375240;555499520;51077120;507879424;0;0;0;0;0;0;0;0;0;0;0;2865;0;0;0;0;0;0;
42352;4807455;555499520;51077120;507879424;0;0;0;0;0;0;0;0;0;0;0;2785;0;0;0;0;0;0;
42353;3353800;555499520;51077120;507879424;0;0;0;0;0;0;0;0;0;0;0;2745;0;0;0;0;0;0;
42354;4786727;555499520;51077120;507879424;0;0;0;0;0;0;0;0;0;0;0;2775;0;0;0;0;0;0;
42355;3298205;555499520;51077120;507879424;0;0;0;0;0;0;0;0;0;0;0;2675;0;0;0;0;0;0;
42356;4854414;555499520;51077120;507879424;0;0;0;0;0;0;0;0;0;0;0;2915;0;0;0;0;0;0;
42357;3377644;555499520;51077120;507879424;0;0;0;0;0;0;0;0;0;0;0;3085;0;0;0;0;0;0;
42358;4852621;555499520;51077120;507879424;0;0;0;0;0;0;0;0;0;0;0;16882;0;0;0;0;0;0;
42359;3412841;555499520;51077120;507879424;0;0;0;0;0;0;0;0;0;0;0;3697;0;0;0;0;0;0;
42360;4921750;555499520;51077120;507879424;0;0;0;0;0;0;0;0;0;0;0;3296;0;0;0;0;0;0;
42361;3464888;555499520;51077120;507879424;0;0;0;0;0;0;0;0;0;0;0;3236;0;0;0;0;0;0;
42362;4840267;555499520;51077120;507879424;0;0;0;0;0;0;0;0;0;0;0;2614;0;0;0;0;0;0;
42363;3481740;555499520;51077120;507879424;0;0;0;0;0;0;0;0;0;0;0;2805;0;0;0;0;0;0;
42364;4840057;555499520;51077120;507879424;0;0;0;0;0;0;0;0;0;0;0;2805;0;0;0;0;0;0;
42365;3412008;555499520;51077120;507879424;0;0;0;0;0;0;0;0;0;0;0;3116;0;0;0;0;0;0;
42366;4864502;555499520;51077120;507879424;0;0;0;0;0;0;0;0;0;0;0;3075;0;0;0;0;0;0;
42367;3289299;555499520;51077120;507879424;0;0;0;0;0;0;0;0;0;0;0;3056;0;0;0;0;0;0;
42368;4829918;555499520;51077120;507879424;0;0;0;0;0;0;0;0;0;0;0;3026;0;0;0;0;0;0;
42369;3261386;555499520;51077120;507879424;0;0;0;0;0;0;0;0;0;0;0;2955;0;0;0;0;0;0;
42370;4814129;555499520;51077120;507879424;0;0;0;0;0;0;0;0;0;0;0;2825;0;0;0;0;0;0;
42371;3293968;555499520;51077120;507879424;0;0;0;0;0;0;0;0;0;0;0;2825;0;0;0;0;0;0;
42372;5040232;555499520;51077120;507879424;0;0;0;0;0;0;0;0;0;0;0;2805;0;0;0;0;0;0;
42373;3529549;555499520;51077120;507879424;0;0;0;0;0;0;0;0;0;0;0;3106;0;0;0;0;0;0;
42374;4834296;555499520;51077120;507879424;0;0;0;0;0;0;0;0;0;0;0;2695;0;0;0;0;0;0;
42375;3383765;555499520;51077120;507879424;0;0;0;0;0;0;0;0;0;0;0;3046;0;0;0;0;0;0;
42376;4860385;555499520;51077120;507879424;0;0;0;0;0;0;0;0;0;0;0;2915;0;0;0;0;0;0;
42377;3326438;555499520;51077120;507879424;0;0;0;0;0;0;0;0;0;0;0;3045;0;0;0;0;0;0;
42378;4823826;555499520;51077120;507879424;0;0;0;0;0;0;0;0;0;0;0;2665;0;0;0;0;0;0;
42379;3298376;555499520;51077120;507879424;0;0;0;0;0;0;0;0;0;0;0;2836;0;0;0;0;0;0;
42380;4808498;555499520;51077120;507879424;0;0;0;0;0;0;0;0;0;0;0;2895;0;0;0;0;0;0;
42381;3295280;555499520;51077120;507879424;0;0;0;0;0;0;0;0;0;0;0;2956;0;0;0;0;0;0;
42382;4821743;555499520;51077120;507879424;0;0;0;0;0;0;0;0;0;0;0;2866;0;0;0;0;0;0;
42383;3280492;555499520;51077120;507879424;0;0;0;0;0;0;0;0;0;0;0;3085;0;0;0;0;0;0;
42384;4807947;555499520;51077120;507879424;0;0;0;0;0;0;0;0;0;0;0;2855;0;0;0;0;0;0;
42385;3466822;555499520;51077120;507879424;0;0;0;0;0;0;0;0;0;0;0;3256;0;0;0;0;0;0;
42386;4790815;555499520;51077120;507879424;0;0;0;0;0;0;0;0;0;0;0;3005;0;0;0;0;0;0;
42387;3229898;555499520;51077120;507879424;0;0;0;0;0;0;0;0;0;0;0;3958;0;0;0;0;0;0;
42388;4819850;555499520;51077120;507879424;0;0;0;0;0;0;0;0;0;0;0;2865;0;0;0;0;0;0;
42389;3293807;555499520;51077120;507879424;0;0;0;0;0;0;0;0;0;0;0;3566;0;0;0;0;0;0;
42390;4839305;555499520;51077120;507879424;0;0;0;0;0;0;0;0;0;0;0;3036;0;0;0;0;0;0;
42391;3286954;555499520;51077120;507879424;0;0;0;0;0;0;0;0;0;0;0;3105;0;0;0;0;0;0;
42392;4813617;555499520;51077120;507879424;0;0;0;0;0;0;0;0;0;0;0;2865;0;0;0;0;0;0;
42393;3210972;555499520;51077120;507879424;0;0;0;0;0;0;0;0;0;0;0;3055;0;0;0;0;0;0;
42394;4797758;555499520;51077120;507879424;0;0;0;0;0;0;0;0;0;0;0;3236;0;0;0;0;0;0;
42395;3289099;555499520;51077120;507879424;0;0;0;0;0;0;0;0;0;0;0;3135;0;0;0;0;0;0;
42396;4842311;555499520;51077120;507879424;0;0;0;0;0;0;0;0;0;0;0;3196;0;0;0;0;0;0;
42397;3827758;555499520;51077120;507879424;0;0;0;0;0;0;0;0;0;0;0;3346;0;0;0;0;0;0;
42398;4822514;555499520;51077120;507879424;0;0;0;0;0;0;0;0;0;0;0;3266;0;0;0;0;0;0;
42399;3189983;555499520;51077120;507879424;0;0;0;0;0;0;0;0;0;0;0;2965;0;0;0;0;0;0;
42400;4839626;555499520;51077120;507879424;0;0;0;0;0;0;0;0;0;0;0;3256;0;0;0;0;0;0;
42401;3218126;555499520;51077120;507879424;0;0;0;0;0;0;0;0;0;0;0;3376;0;0;0;0;0;0;
42402;4831952;555499520;51077120;507879424;0;0;0;0;0;0;0;0;0;0;0;3186;0;0;0;0;0;0;
42403;3210871;555499520;51077120;507879424;0;0;0;0;0;0;0;0;0;0;0;3015;0;0;0;0;0;0;
42404;4823496;555499520;51077120;507879424;0;0;0;0;0;0;0;0;0;0;0;3526;0;0;0;0;0;0;
42405;3297154;555499520;51077120;507879424;0;0;0;0;0;0;0;0;0;0;0;3156;0;0;0;0;0;0;
42406;4816112;555499520;51077120;507879424;0;0;0;0;0;0;0;0;0;0;0;3056;0;0;0;0;0;0;
42407;3225509;555499520;51077120;507879424;0;0;0;0;0;0;0;0;0;0;0;3246;0;0;0;0;0;0;
42408;4818567;555499520;51077120;507879424;0;0;0;0;0;0;0;0;0;0;0;3247;0;0;0;0;0;0;
42409;3175415;555499520;51077120;507879424;0;0;0;0;0;0;0;0;0;0;0;2975;0;0;0;0;0;0;
42410;4884149;555499520;51077120;507879424;0;0;0;0;0;0;0;0;0;0;0;3016;0;0;0;0;0;0;
42411;3407641;555499520;51077120;507879424;0;0;0;0;0;0;0;0;0;0;0;3176;0;0;0;0;0;0;
42412;4803228;555499520;51077120;507879424;0;0;0;0;0;0;0;0;0;0;0;3366;0;0;0;0;0;0;
42413;3197887;555499520;51077120;507879424;0;0;0;0;0;0;0;0;0;0;0;2965;0;0;0;0;0;0;
42414;4736713;555499520;51077120;507879424;0;0;0;0;0;0;0;0;0;0;0;3186;0;0;0;0;0;0;
42415;3194060;555499520;51077120;507879424;0;0;0;0;0;0;0;0;0;0;0;2675;0;0;0;0;0;0;
42416;4823185;555499520;51077120;507879424;0;0;0;0;0;0;0;0;0;0;0;3226;0;0;0;0;0;0;
42417;3173451;555499520;51077120;507879424;0;0;0;0;0;0;0;0;0;0;0;3116;0;0;0;0;0;0;
42418;4704383;555499520;51077120;507879424;0;0;0;0;0;0;0;0;0;0;0;2915;0;0;0;0;0;0;
42419;3374368;555499520;51077120;507879424;0;0;0;0;0;0;0;0;0;0;0;3206;0;0;0;0;0;0;
42420;4812836;555499520;51077120;507879424;0;0;0;0;0;0;0;0;0;0;0;3176;0;0;0;0;0;0;
42421;3182789;555499520;51077120;507879424;0;0;0;0;0;0;0;0;0;0;0;3407;0;0;0;0;0;0;
42422;4879842;555499520;51077120;507879424;0;0;0;0;0;0;0;0;0;0;0;2845;0;0;0;0;0;0;
42423;3218496;555499520;51077120;507879424;0;0;0;0;0;0;0;0;0;0;0;3267;0;0;0;0;0;0;
42424;4769224;555499520;51077120;507879424;0;0;0;0;0;0;0;0;0;0;0;2585;0;0;0;0;0;0;
42425;3205802;555499520;51077120;507879424;0;0;0;0;0;0;0;0;0;0;0;2785;0;0;0;0;0;0;
42426;4877457;555499520;51077120;507879424;0;0;0;0;0;0;0;0;0;0;0;3006;0;0;0;0;0;0;
42427;3190283;555499520;51077120;507879424;0;0;0;0;0;0;0;0;0;0;0;2785;0;0;0;0;0;0;
42428;4771969;555499520;51077120;507879424;0;0;0;0;0;0;0;0;0;0;0;2645;0;0;0;0;0;0;
42429;3129188;555499520;51077120;507879424;0;0;0;0;0;0;0;0;0;0;0;3066;0;0;0;0;0;0;
42430;4735922;555499520;51077120;507879424;0;0;0;0;0;0;0;0;0;0;0;2474;0;0;0;0;0;0;
42431;3155127;555499520;51077120;507879424;0;0;0;0;0;0;0;0;0;0;0;2705;0;0;0;0;0;0;
42432;4846279;555499520;51077120;507879424;0;0;0;0;0;0;0;0;0;0;0;2555;0;0;0;0;0;0;
42433;3092280;555499520;51077120;507879424;0;0;0;0;0;0;0;0;0;0;0;2825;0;0;0;0;0;0;
42434;4718870;555499520;51077120;507879424;0;0;0;0;0;0;0;0;0;0;0;2776;0;0;0;0;0;0;
42435;3390328;555499520;51077120;507879424;0;0;0;0;0;0;0;0;0;0;0;3306;0;0;0;0;0;0;
42436;4660330;555499520;51077120;507879424;0;0;0;0;0;0;0;0;0;0;0;2785;0;0;0;0;0;0;
42437;3106175;555499520;51077120;507879424;0;0;0;0;0;0;0;0;0;0;0;2936;0;0;0;0;0;0;
42438;4688473;555499520;51077120;507879424;0;0;0;0;0;0;0;0;0;0;0;2806;0;0;0;0;0;0;
42439;3004625;555499520;51077120;507879424;0;0;0;0;0;0;0;0;0;0;0;2835;0;0;0;0;0;0;
42440;4654709;555499520;51077120;507879424;0;0;0;0;0;0;0;0;0;0;0;2625;0;0;0;0;0;0;
42441;3041354;555499520;51077120;507879424;0;0;0;0;0;0;0;0;0;0;0;2956;0;0;0;0;0;0;
42442;4678224;555499520;51077120;507879424;0;0;0;0;0;0;0;0;0;0;0;3356;0;0;0;0;0;0;
42443;3218145;555499520;51077120;507879424;0;0;0;0;0;0;0;0;0;0;0;2875;0;0;0;0;0;0;
42444;4768543;555499520;51077120;507879424;0;0;0;0;0;0;0;0;0;0;0;2955;0;0;0;0;0;0;
42445;3025103;555499520;51077120;507879424;0;0;0;0;0;0;0;0;0;0;0;3276;0;0;0;0;0;0;
42446;7786061;555499520;51077120;507879424;0;0;0;0;0;0;0;0;0;0;0;3126;0;0;0;0;0;0;
42447;9994994;555499520;51077120;507879424;0;0;0;0;0;0;0;0;0;0;0;3918;0;0;0;0;0;0;
42448;5444030;555499520;51077120;507879424;0;0;0;0;0;0;0;0;0;0;0;4077;0;0;0;0;0;0;
42449;3085006;555499520;51077120;507879424;0;0;0;0;0;0;0;0;0;0;0;3297;0;0;0;0;0;0;
42450;4737505;555499520;51077120;507879424;0;0;0;0;0;0;0;0;0;0;0;3276;0;0;0;0;0;0;
42451;2997852;555499520;51077120;507879424;0;0;0;0;0;0;0;0;0;0;0;3407;0;0;0;0;0;0;
42452;4704773;555499520;51077120;507879424;0;0;0;0;0;0;0;0;0;0;0;2986;0;0;0;0;0;0;
42453;3070248;555499520;51077120;507879424;0;0;0;0;0;0;0;0;0;0;0;2986;0;0;0;0;0;0;
42454;4729119;555499520;51077120;507879424;0;0;0;0;0;0;0;0;0;0;0;2615;0;0;0;0;0;0;
42455;3074856;555499520;51077120;507879424;0;0;0;0;0;0;0;0;0;0;0;3396;0;0;0;0;0;0;
42456;4711426;555499520;51077120;507879424;0;0;0;0;0;0;0;0;0;0;0;2615;0;0;0;0;0;0;
42457;2943981;555499520;51077120;507879424;0;0;0;0;0;0;0;0;0;0;0;3436;0;0;0;0;0;0;
42458;4768443;555499520;51077120;507879424;0;0;0;0;0;0;0;0;0;0;0;2515;0;0;0;0;0;0;
42459;3102548;555499520;51077120;507879424;0;0;0;0;0;0;0;0;0;0;0;2765;0;0;0;0;0;0;
42460;4632518;555499520;51077120;507879424;0;0;0;0;0;0;0;0;0;0;0;2685;0;0;0;0;0;0;
42461;2947648;555499520;51077120;507879424;0;0;0;0;0;0;0;0;0;0;0;3046;0;0;0;0;0;0;
42462;4671481;555499520;51077120;507879424;0;0;0;0;0;0;0;0;0;0;0;2615;0;0;0;0;0;0;
42463;2882515;555499520;51077120;507879424;0;0;0;0;0;0;0;0;0;0;0;2585;0;0;0;0;0;0;
42464;4709242;555499520;51077120;507879424;0;0;0;0;0;0;0;0;0;0;0;2605;0;0;0;0;0;0;
42465;2854483;555499520;51077120;507879424;0;0;0;0;0;0;0;0;0;0;0;2825;0;0;0;0;0;0;
42466;4781256;555499520;51077120;507879424;0;0;0;0;0;0;0;0;0;0;0;3216;0;0;0;0;0;0;
42467;3044189;555499520;51077120;507879424;0;0;0;0;0;0;0;0;0;0;0;2946;0;0;0;0;0;0;
42468;4746121;555499520;51077120;507879424;0;0;0;0;0;0;0;0;0;0;0;2865;0;0;0;0;0;0;
42469;2873850;555499520;51077120;507879424;0;0;0;0;0;0;0;0;0;0;0;2905;0;0;0;0;0;0;
42470;4686729;555499520;51077120;507879424;0;0;0;0;0;0;0;0;0;0;0;2866;0;0;0;0;0;0;
42471;2859002;555499520;51077120;507879424;0;0;0;0;0;0;0;0;0;0;0;3316;0;0;0;0;0;0;
42472;4744257;555499520;51077120;507879424;0;0;0;0;0;0;0;0;0;0;0;3146;0;0;0;0;0;0;
42473;2888357;555499520;51077120;507879424;0;0;0;0;0;0;0;0;0;0;0;2896;0;0;0;0;0;0;
42474;4693361;555499520;51077120;507879424;0;0;0;0;0;0;0;0;0;0;0;2665;0;0;0;0;0;0;
42475;3572540;555499520;51077120;507879424;0;0;0;0;0;0;0;0;0;0;0;2986;0;0;0;0;0;0;
42476;4675519;555499520;51077120;507879424;0;0;0;0;0;0;0;0;0;0;0;2655;0;0;0;0;0;0;
42477;2835788;555499520;51077120;507879424;0;0;0;0;0;0;0;0;0;0;0;2755;0;0;0;0;0;0;
42478;4691548;555499520;51077120;507879424;0;0;0;0;0;0;0;0;0;0;0;2545;0;0;0;0;0;0;
42479;2705694;555499520;51077120;507879424;0;0;0;0;0;0;0;0;0;0;0;2775;0;0;0;0;0;0;
42480;4676401;555499520;51077120;507879424;0;0;0;0;0;0;0;0;0;0;0;2996;0;0;0;0;0;0;
42481;2833223;555499520;51077120;507879424;0;0;0;0;0;0;0;0;0;0;0;2695;0;0;0;0;0;0;
42482;4682521;555499520;51077120;507879424;0;0;0;0;0;0;0;0;0;0;0;2515;0;0;0;0;0;0;
42483;2860845;555499520;51077120;507879424;0;0;0;0;0;0;0;0;0;0;0;3166;0;0;0;0;0;0;
42484;4706437;555499520;51077120;507879424;0;0;0;0;0;0;0;0;0;0;0;2644;0;0;0;0;0;0;
42485;2882686;555499520;51077120;507879424;0;0;0;0;0;0;0;0;0;0;0;3046;0;0;0;0;0;0;
42486;4716005;555499520;51077120;507879424;0;0;0;0;0;0;0;0;0;0;0;2645;0;0;0;0;0;0;
42487;2773642;555499520;51077120;507879424;0;0;0;0;0;0;0;0;0;0;0;2765;0;0;0;0;0;0;
42488;4665500;555499520;51077120;507879424;0;0;0;0;0;0;0;0;0;0;0;2795;0;0;0;0;0;0;
42489;2811462;555499520;51077120;507879424;0;0;0;0;0;0;0;0;0;0;0;2805;0;0;0;0;0;0;
42490;4692240;555499520;51077120;507879424;0;0;0;0;0;0;0;0;0;0;0;2655;0;0;0;0;0;0;
42491;2714531;555499520;51077120;507879424;0;0;0;0;0;0;0;0;0;0;0;2906;0;0;0;0;0;0;
42492;4760578;555499520;51077120;507879424;0;0;0;0;0;0;0;0;0;0;0;2865;0;0;0;0;0;0;
42493;2722315;555499520;51077120;507879424;0;0;0;0;0;0;0;0;0;0;0;2625;0;0;0;0;0;0;
42494;4705004;555499520;51077120;507879424;0;0;0;0;0;0;0;0;0;0;0;2855;0;0;0;0;0;0;
42495;2675458;555499520;51077120;507879424;0;0;0;0;0;0;0;0;0;0;0;2494;0;0;0;0;0;0;
42496;4716034;555499520;51077120;507879424;0;0;0;0;0;0;0;0;0;0;0;3046;0;0;0;0;0;0;
42497;2657634;555499520;51077120;507879424;0;0;0;0;0;0;0;0;0;0;0;2916;0;0;0;0;0;0;
42498;4658506;555499520;51077120;507879424;0;0;0;0;0;0;0;0;0;0;0;2184;0;0;0;0;0;0;
42499;2634260;555499520;51077120;507879424;0;0;0;0;0;0;0;0;0;0;0;2505;0;0;0;0;0;0;
42500;4625735;555499520;51077120;507879424;0;0;0;0;0;0;0;0;0;0;0;2485;0;0;0;0;0;0;
42501;2674606;555499520;51077120;507879424;0;0;0;0;0;0;0;0;0;0;0;2705;0;0;0;0;0;0;
42502;4644981;555499520;51077120;507879424;0;0;0;0;0;0;0;0;0;0;0;2886;0;0;0;0;0;0;
42503;2848602;555499520;51077120;507879424;0;0;0;0;0;0;0;0;0;0;0;3016;0;0;0;0;0;0;
42504;4656162;555499520;51077120;507879424;0;0;0;0;0;0;0;0;0;0;0;2875;0;0;0;0;0;0;
42505;2583675;555499520;51077120;507879424;0;0;0;0;0;0;0;0;0;0;0;2715;0;0;0;0;0;0;
42506;4667934;555499520;51077120;507879424;0;0;0;0;0;0;0;0;0;0;0;2314;0;0;0;0;0;0;
42507;2566733;555499520;51077120;507879424;0;0;0;0;0;0;0;0;0;0;0;3006;0;0;0;0;0;0;
42508;4731373;555499520;51077120;507879424;0;0;0;0;0;0;0;0;0;0;0;2745;0;0;0;0;0;0;
42509;2581952;555499520;51077120;507879424;0;0;0;0;0;0;0;0;0;0;0;2895;0;0;0;0;0;0;
42510;4616798;555499520;51077120;507879424;0;0;0;0;0;0;0;0;0;0;0;2705;0;0;0;0;0;0;
42511;2552486;555499520;51077120;507879424;0;0;0;0;0;0;0;0;0;0;0;2374;0;0;0;0;0;0;
42512;4606630;555499520;51077120;507879424;0;0;0;0;0;0;0;0;0;0;0;2825;0;0;0;0;0;0;
42513;2592672;555499520;51077120;507879424;0;0;0;0;0;0;0;0;0;0;0;2976;0;0;0;0;0;0;
42514;4643318;555499520;51077120;507879424;0;0;0;0;0;0;0;0;0;0;0;2725;0;0;0;0;0;0;
42515;2595057;555499520;51077120;507879424;0;0;0;0;0;0;0;0;0;0;0;2735;0;0;0;0;0;0;
42516;4633930;555499520;51077120;507879424;0;0;0;0;0;0;0;0;0;0;0;2554;0;0;0;0;0;0;
42517;2629422;555499520;51077120;507879424;0;0;0;0;0;0;0;0;0;0;0;2435;0;0;0;0;0;0;
42518;4625825;555499520;51077120;507879424;0;0;0;0;0;0;0;0;0;0;0;2074;0;0;0;0;0;0;
42519;2517511;555499520;51077120;507879424;0;0;0;0;0;0;0;0;0;0;0;2534;0;0;0;0;0;0;
42520;4605226;555499520;51077120;507879424;0;0;0;0;0;0;0;0;0;0;0;2434;0;0;0;0;0;0;
42521;2577363;555499520;51077120;507879424;0;0;0;0;0;0;0;0;0;0;0;2505;0;0;0;0;0;0;
42522;4604586;555499520;51077120;507879424;0;0;0;0;0;0;0;0;0;0;0;2495;0;0;0;0;0;0;
42523;2461115;555499520;51077120;507879424;0;0;0;0;0;0;0;0;0;0;0;2555;0;0;0;0;0;0;
42524;4625034;555499520;51077120;507879424;0;0;0;0;0;0;0;0;0;0;0;2985;0;0;0;0;0;0;
42525;2443192;555499520;51077120;507879424;0;0;0;0;0;0;0;0;0;0;0;2975;0;0;0;0;0;0;
42526;4587754;555499520;51077120;507879424;0;0;0;0;0;0;0;0;0;0;0;2505;0;0;0;0;0;0;
42527;2518323;555499520;51077120;507879424;0;0;0;0;0;0;0;0;0;0;0;2405;0;0;0;0;0;0;
42528;4632938;555499520;51077120;507879424;0;0;0;0;0;0;0;0;0;0;0;2584;0;0;0;0;0;0;
42529;2421892;555499520;51077120;507879424;0;0;0;0;0;0;0;0;0;0;0;2565;0;0;0;0;0;0;
42530;4516289;555499520;51077120;507879424;0;0;0;0;0;0;0;0;0;0;0;2494;0;0;0;0;0;0;
42531;2420188;555499520;51077120;507879424;0;0;0;0;0;0;0;0;0;0;0;2385;0;0;0;0;0;0;
42532;4553079;555499520;51077120;507879424;0;0;0;0;0;0;0;0;0;0;0;2515;0;0;0;0;0;0;
42533;2631064;555499520;51077120;507879424;0;0;0;0;0;0;0;0;0;0;0;2554;0;0;0;0;0;0;
42534;4518874;555499520;51077120;507879424;0;0;0;0;0;0;0;0;0;0;0;2304;0;0;0;0;0;0;
42535;2562255;555499520;51077120;507879424;0;0;0;0;0;0;0;0;0;0;0;2635;0;0;0;0;0;0;
42536;4516099;555499520;51077120;507879424;0;0;0;0;0;0;0;0;0;0;0;2765;0;0;0;0;0;0;
42537;2466095;555499520;51077120;507879424;0;0;0;0;0;0;0;0;0;0;0;2725;0;0;0;0;0;0;
42538;4536868;555499520;51077120;507879424;0;0;0;0;0;0;0;0;0;0;0;1913;0;0;0;0;0;0;
42539;2787147;555499520;51077120;507879424;0;0;0;0;0;0;0;0;0;0;0;2765;0;0;0;0;0;0;
42540;4524064;555499520;51077120;507879424;0;0;0;0;0;0;0;0;0;0;0;2795;0;0;0;0;0;0;
42541;2419768;555499520;51077120;507879424;0;0;0;0;0;0;0;0;0;0;0;2895;0;0;0;0;0;0;
42542;4561054;555499520;51077120;507879424;0;0;0;0;0;0;0;0;0;0;0;2584;0;0;0;0;0;0;
42543;2376877;555499520;51077120;507879424;0;0;0;0;0;0;0;0;0;0;0;2785;0;0;0;0;0;0;
42544;4578456;555499520;51077120;507879424;0;0;0;0;0;0;0;0;0;0;0;2304;0;0;0;0;0;0;
42545;2397316;555499520;51077120;507879424;0;0;0;0;0;0;0;0;0;0;0;2464;0;0;0;0;0;0;
42546;4540666;555499520;51077120;507879424;0;0;0;0;0;0;0;0;0;0;0;2214;0;0;0;0;0;0;
42547;2280387;555499520;51077120;507879424;0;0;0;0;0;0;0;0;0;0;0;2334;0;0;0;0;0;0;
42548;4565532;555499520;51077120;507879424;0;0;0;0;0;0;0;0;0;0;0;2745;0;0;0;0;0;0;
42549;2449353;555499520;51077120;507879424;0;0;0;0;0;0;0;0;0;0;0;2765;0;0;0;0;0;0;
42550;4560984;555499520;51077120;507879424;0;0;0;0;0;0;0;0;0;0;0;2494;0;0;0;0;0;0;
42551;2355608;555499520;51077120;507879424;0;0;0;0;0;0;0;0;0;0;0;2675;0;0;0;0;0;0;
42552;4529164;555499520;51077120;507879424;0;0;0;0;0;0;0;0;0;0;0;2805;0;0;0;0;0;0;
42553;2296818;555499520;51077120;507879424;0;0;0;0;0;0;0;0;0;0;0;2514;0;0;0;0;0;0;
42554;4566403;555499520;51077120;507879424;0;0;0;0;0;0;0;0;0;0;0;2355;0;0;0;0;0;0;
42555;2731553;555499520;51077120;507879424;0;0;0;0;0;0;0;0;0;0;0;3286;0;0;0;0;0;0;
42556;4788229;555499520;51077120;507879424;0;0;0;0;0;0;0;0;0;0;0;3466;0;0;0;0;0;0;
42557;3191655;555499520;51077120;507879424;0;0;0;0;0;0;0;0;0;0;0;3797;0;0;0;0;0;0;
42558;4750038;555499520;51077120;507879424;0;0;0;0;0;0;0;0;0;0;0;2966;0;0;0;0;0;0;
42559;3520703;555499520;51077120;507879424;0;0;0;0;0;0;0;0;0;0;0;3257;0;0;0;0;0;0;
42560;4751751;555499520;51077120;507879424;0;0;0;0;0;0;0;0;0;0;0;3597;0;0;0;0;0;0;
42561;3308906;555499520;51077120;507879424;0;0;0;0;0;0;0;0;0;0;0;3126;0;0;0;0;0;0;
42562;4734338;555499520;51077120;507879424;0;0;0;0;0;0;0;0;0;0;0;3286;0;0;0;0;0;0;
42563;3269822;555499520;51077120;507879424;0;0;0;0;0;0;0;0;0;0;0;3487;0;0;0;0;0;0;
42564;4779233;555499520;51077120;507879424;0;0;0;0;0;0;0;0;0;0;0;3015;0;0;0;0;0;0;
42565;3426837;555499520;51077120;507879424;0;0;0;0;0;0;0;0;0;0;0;3467;0;0;0;0;0;0;
42566;5283489;555499520;51077120;507879424;0;0;0;0;0;0;0;0;0;0;0;4759;0;0;0;0;0;0;
42567;3247310;555499520;51077120;507879424;0;0;0;0;0;0;0;0;0;0;0;3006;0;0;0;0;0;0;
42568;4562737;555499520;51077120;507879424;0;0;0;0;0;0;0;0;0;0;0;2414;0;0;0;0;0;0;
42569;2297208;555499520;51077120;507879424;0;0;0;0;0;0;0;0;0;0;0;3086;0;0;0;0;0;0;
42570;4560091;555499520;51077120;507879424;0;0;0;0;0;0;0;0;0;0;0;2565;0;0;0;0;0;0;
42571;2395492;555499520;51077120;507879424;0;0;0;0;0;0;0;0;0;0;0;2494;0;0;0;0;0;0;
42572;4551847;555499520;51077120;507879424;0;0;0;0;0;0;0;0;0;0;0;2635;0;0;0;0;0;0;
42573;2397266;555499520;51077120;507879424;0;0;0;0;0;0;0;0;0;0;0;2745;0;0;0;0;0;0;
42574;4570762;555499520;51077120;507879424;0;0;0;0;0;0;0;0;0;0;0;2575;0;0;0;0;0;0;
42575;2297308;555499520;51077120;507879424;0;0;0;0;0;0;0;0;0;0;0;2635;0;0;0;0;0;0;
42576;4555904;555499520;51077120;507879424;0;0;0;0;0;0;0;0;0;0;0;2745;0;0;0;0;0;0;
42577;2339367;555499520;51077120;507879424;0;0;0;0;0;0;0;0;0;0;0;2725;0;0;0;0;0;0;
42578;4694464;555499520;51077120;507879424;0;0;0;0;0;0;0;0;0;0;0;2554;0;0;0;0;0;0;
42579;2269977;555499520;51077120;507879424;0;0;0;0;0;0;0;0;0;0;0;2534;0;0;0;0;0;0;
42580;4600217;555499520;51077120;507879424;0;0;0;0;0;0;0;0;0;0;0;2234;0;0;0;0;0;0;
42581;2278213;555499520;51077120;507879424;0;0;0;0;0;0;0;0;0;0;0;3086;0;0;0;0;0;0;
42582;4552438;555499520;51077120;507879424;0;0;0;0;0;0;0;0;0;0;0;2334;0;0;0;0;0;0;
42583;2514125;555499520;51077120;507879424;0;0;0;0;0;0;0;0;0;0;0;2705;0;0;0;0;0;0;
42584;4491644;555499520;51077120;507879424;0;0;0;0;0;0;0;0;0;0;0;2765;0;0;0;0;0;0;
42585;2245351;555499520;51077120;507879424;0;0;0;0;0;0;0;0;0;0;0;2655;0;0;0;0;0;0;
42586;4518945;555499520;51077120;507879424;0;0;0;0;0;0;0;0;0;0;0;2204;0;0;0;0;0;0;
42587;2214442;555499520;51077120;507879424;0;0;0;0;0;0;0;0;0;0;0;2214;0;0;0;0;0;0;
42588;4498427;555499520;51077120;507879424;0;0;0;0;0;0;0;0;0;0;0;2315;0;0;0;0;0;0;
42589;2228469;555499520;51077120;507879424;0;0;0;0;0;0;0;0;0;0;0;2965;0;0;0;0;0;0;
42590;4558599;555499520;51077120;507879424;0;0;0;0;0;0;0;0;0;0;0;2865;0;0;0;0;0;0;
42591;2348354;555499520;51077120;507879424;0;0;0;0;0;0;0;0;0;0;0;2254;0;0;0;0;0;0;
42592;4494409;555499520;51077120;507879424;0;0;0;0;0;0;0;0;0;0;0;2204;0;0;0;0;0;0;
42593;2251022;555499520;51077120;507879424;0;0;0;0;0;0;0;0;0;0;0;2885;0;0;0;0;0;0;
42594;4490251;555499520;51077120;507879424;0;0;0;0;0;0;0;0;0;0;0;2414;0;0;0;0;0;0;
42595;2165521;555499520;51077120;507879424;0;0;0;0;0;0;0;0;0;0;0;2284;0;0;0;0;0;0;
42596;4521149;555499520;51077120;507879424;0;0;0;0;0;0;0;0;0;0;0;2295;0;0;0;0;0;0;
42597;2235653;555499520;51077120;507879424;0;0;0;0;0;0;0;0;0;0;0;2565;0;0;0;0;0;0;
42598;4465554;555499520;51077120;507879424;0;0;0;0;0;0;0;0;0;0;0;1934;0;0;0;0;0;0;
42599;2178796;555499520;51077120;507879424;0;0;0;0;0;0;0;0;0;0;0;2355;0;0;0;0;0;0;
42600;4472448;555499520;51077120;507879424;0;0;0;0;0;0;0;0;0;0;0;2274;0;0;0;0;0;0;
42601;2137198;555499520;51077120;507879424;0;0;0;0;0;0;0;0;0;0;0;2494;0;0;0;0;0;0;
42602;4527631;555499520;51077120;507879424;0;0;0;0;0;0;0;0;0;0;0;2164;0;0;0;0;0;0;
42603;2543520;555499520;51077120;507879424;0;0;0;0;0;0;0;0;0;0;0;2534;0;0;0;0;0;0;
42604;4472027;555499520;51077120;507879424;0;0;0;0;0;0;0;0;0;0;0;2164;0;0;0;0;0;0;
42605;2192251;555499520;51077120;507879424;0;0;0;0;0;0;0;0;0;0;0;2615;0;0;0;0;0;0;
42606;4480824;555499520;51077120;507879424;0;0;0;0;0;0;0;0;0;0;0;2585;0;0;0;0;0;0;
42607;2440878;555499520;51077120;507879424;0;0;0;0;0;0;0;0;0;0;0;2244;0;0;0;0;0;0;
42608;4394661;555499520;51077120;507879424;0;0;0;0;0;0;0;0;0;0;0;2685;0;0;0;0;0;0;
42609;2535034;555499520;51077120;507879424;0;0;0;0;0;0;0;0;0;0;0;3386;0;0;0;0;0;0;
42610;4884661;555499520;51077120;507879424;0;0;0;0;0;0;0;0;0;0;0;3036;0;0;0;0;0;0;
42611;3591355;555499520;51077120;507879424;0;0;0;0;0;0;0;0;0;0;0;3256;0;0;0;0;0;0;
42612;4766820;555499520;51077120;507879424;0;0;0;0;0;0;0;0;0;0;0;3236;0;0;0;0;0;0;
42613;3591375;555499520;51077120;507879424;0;0;0;0;0;0;0;0;0;0;0;3617;0;0;0;0;0;0;
42614;4767902;555499520;51077120;507879424;0;0;0;0;0;0;0;0;0;0;0;3537;0;0;0;0;0;0;
42615;3596545;555499520;51077120;507879424;0;0;0;0;0;0;0;0;0;0;0;3217;0;0;0;0;0;0;
42616;4799330;555499520;51077120;507879424;0;0;0;0;0;0;0;0;0;0;0;3426;0;0;0;0;0;0;
42617;3408311;555499520;51077120;507879424;0;0;0;0;0;0;0;0;0;0;0;3366;0;0;0;0;0;0;
42618;4811043;555499520;51077120;507879424;0;0;0;0;0;0;0;0;0;0;0;3327;0;0;0;0;0;0;
42619;2949080;555499520;51077120;507879424;0;0;0;0;0;0;0;0;0;0;0;2424;0;0;0;0;0;0;
42620;4523474;555499520;51077120;507879424;0;0;0;0;0;0;0;0;0;0;0;2344;0;0;0;0;0;0;
42621;2111200;555499520;51077120;507879424;0;0;0;0;0;0;0;0;0;0;0;2154;0;0;0;0;0;0;
42622;4466386;555499520;51077120;507879424;0;0;0;0;0;0;0;0;0;0;0;2284;0;0;0;0;0;0;
42623;2135114;555499520;51077120;507879424;0;0;0;0;0;0;0;0;0;0;0;2294;0;0;0;0;0;0;
42624;4452891;555499520;51077120;507879424;0;0;0;0;0;0;0;0;0;0;0;2284;0;0;0;0;0;0;
42625;2112773;555499520;51077120;507879424;0;0;0;0;0;0;0;0;0;0;0;2405;0;0;0;0;0;0;
42626;4478539;555499520;51077120;507879424;0;0;0;0;0;0;0;0;0;0;0;2074;0;0;0;0;0;0;
42627;2130225;555499520;51077120;507879424;0;0;0;0;0;0;0;0;0;0;0;3015;0;0;0;0;0;0;
42628;4550193;555499520;51077120;507879424;0;0;0;0;0;0;0;0;0;0;0;2705;0;0;0;0;0;0;
42629;2202821;555499520;51077120;507879424;0;0;0;0;0;0;0;0;0;0;0;2725;0;0;0;0;0;0;
42630;4443744;555499520;51077120;507879424;0;0;0;0;0;0;0;0;0;0;0;2264;0;0;0;0;0;0;
42631;2485842;555499520;51077120;507879424;0;0;0;0;0;0;0;0;0;0;0;2274;0;0;0;0;0;0;
42632;4470053;555499520;51077120;507879424;0;0;0;0;0;0;0;0;0;0;0;2594;0;0;0;0;0;0;
42633;2148860;555499520;51077120;507879424;0;0;0;0;0;0;0;0;0;0;0;2595;0;0;0;0;0;0;
42634;4425159;555499520;51077120;507879424;0;0;0;0;0;0;0;0;0;0;0;1963;0;0;0;0;0;0;
42635;2050877;555499520;51077120;507879424;0;0;0;0;0;0;0;0;0;0;0;2505;0;0;0;0;0;0;
42636;4477938;555499520;51077120;507879424;0;0;0;0;0;0;0;0;0;0;0;2445;0;0;0;0;0;0;
42637;2169559;555499520;51077120;507879424;0;0;0;0;0;0;0;0;0;0;0;2525;0;0;0;0;0;0;
42638;4486404;555499520;51077120;507879424;0;0;0;0;0;0;0;0;0;0;0;2945;0;0;0;0;0;0;
42639;2098004;555499520;51077120;507879424;0;0;0;0;0;0;0;0;0;0;0;2404;0;0;0;0;0;0;
42640;4453593;555499520;51077120;507879424;0;0;0;0;0;0;0;0;0;0;0;2505;0;0;0;0;0;0;
42641;2234761;555499520;51077120;507879424;0;0;0;0;0;0;0;0;0;0;0;2464;0;0;0;0;0;0;
42642;4511030;555499520;51077120;507879424;0;0;0;0;0;0;0;0;0;0;0;2795;0;0;0;0;0;0;
42643;2112992;555499520;51077120;507879424;0;0;0;0;0;0;0;0;0;0;0;2295;0;0;0;0;0;0;
42644;4507012;555499520;51077120;507879424;0;0;0;0;0;0;0;0;0;0;0;2414;0;0;0;0;0;0;
42645;2155533;555499520;51077120;507879424;0;0;0;0;0;0;0;0;0;0;0;2445;0;0;0;0;0;0;
42646;4495090;555499520;51077120;507879424;0;0;0;0;0;0;0;0;0;0;0;1824;0;0;0;0;0;0;
42647;2070032;555499520;51077120;507879424;0;0;0;0;0;0;0;0;0;0;0;2174;0;0;0;0;0;0;
42648;4531308;555499520;51077120;507879424;0;0;0;0;0;0;0;0;0;0;0;2365;0;0;0;0;0;0;
42649;2084960;555499520;51077120;507879424;0;0;0;0;0;0;0;0;0;0;0;2855;0;0;0;0;0;0;
42650;4463541;555499520;51077120;507879424;0;0;0;0;0;0;0;0;0;0;0;2064;0;0;0;0;0;0;
42651;2028844;555499520;51077120;507879424;0;0;0;0;0;0;0;0;0;0;0;2374;0;0;0;0;0;0;
42652;4437302;555499520;51077120;507879424;0;0;0;0;0;0;0;0;0;0;0;2615;0;0;0;0;0;0;
42653;2091863;555499520;51077120;507879424;0;0;0;0;0;0;0;0;0;0;0;2355;0;0;0;0;0;0;
42654;4425870;555499520;51077120;507879424;0;0;0;0;0;0;0;0;0;0;0;2094;0;0;0;0;0;0;
42655;2037441;555499520;51077120;507879424;0;0;0;0;0;0;0;0;0;0;0;2314;0;0;0;0;0;0;
42656;4452891;555499520;51077120;507879424;0;0;0;0;0;0;0;0;0;0;0;1894;0;0;0;0;0;0;
42657;2089829;555499520;51077120;507879424;0;0;0;0;0;0;0;0;0;0;0;2244;0;0;0;0;0;0;
42658;4427924;555499520;51077120;507879424;0;0;0;0;0;0;0;0;0;0;0;1854;0;0;0;0;0;0;
42659;2080031;555499520;51077120;507879424;0;0;0;0;0;0;0;0;0;0;0;2265;0;0;0;0;0;0;
42660;4412395;555499520;51077120;507879424;0;0;0;0;0;0;0;0;0;0;0;2004;0;0;0;0;0;0;
42661;2040316;555499520;51077120;507879424;0;0;0;0;0;0;0;0;0;0;0;2475;0;0;0;0;0;0;
42662;4488427;555499520;51077120;507879424;0;0;0;0;0;0;0;0;0;0;0;2385;0;0;0;0;0;0;
42663;1998828;555499520;51077120;507879424;0;0;0;0;0;0;0;0;0;0;0;2504;0;0;0;0;0;0;
42664;4495862;555499520;51077120;507879424;0;0;0;0;0;0;0;0;0;0;0;2254;0;0;0;0;0;0;
42665;2686007;555499520;51077120;507879424;0;0;0;0;0;0;0;0;0;0;0;4558;0;0;0;0;0;0;
42666;4638669;555499520;51077120;507879424;0;0;0;0;0;0;0;0;0;0;0;2515;0;0;0;0;0;0;
42667;1922255;555499520;51077120;507879424;0;0;0;0;0;0;0;0;0;0;0;2144;0;0;0;0;0;0;
42668;4482476;555499520;51077120;507879424;0;0;0;0;0;0;0;0;0;0;0;2435;0;0;0;0;0;0;
42669;1941441;555499520;51077120;507879424;0;0;0;0;0;0;0;0;0;0;0;2214;0;0;0;0;0;0;
42670;4480052;555499520;51077120;507879424;0;0;0;0;0;0;0;0;0;0;0;2175;0;0;0;0;0;0;
42671;1942072;555499520;51077120;507879424;0;0;0;0;0;0;0;0;0;0;0;2084;0;0;0;0;0;0;
42672;4527941;555499520;51077120;507879424;0;0;0;0;0;0;0;0;0;0;0;2805;0;0;0;0;0;0;
42673;2850556;555499520;51077120;507879424;0;0;0;0;0;0;0;0;0;0;0;3606;0;0;0;0;0;0;
42674;4919025;555499520;51077120;507879424;0;0;0;0;0;0;0;0;0;0;0;3446;0;0;0;0;0;0;
42675;3489835;555499520;51077120;507879424;0;0;0;0;0;0;0;0;0;0;0;3206;0;0;0;0;0;0;
42676;4892937;555499520;51077120;507879424;0;0;0;0;0;0;0;0;0;0;0;3467;0;0;0;0;0;0;
42677;3517798;555499520;51077120;507879424;0;0;0;0;0;0;0;0;0;0;0;3407;0;0;0;0;0;0;
42678;4942228;555499520;51077120;507879424;0;0;0;0;0;0;0;0;0;0;0;3837;0;0;0;0;0;0;
42679;3554176;555499520;51077120;507879424;0;0;0;0;0;0;0;0;0;0;0;4018;0;0;0;0;0;0;
42680;4965072;555499520;51077120;507879424;0;0;0;0;0;0;0;0;0;0;0;3467;0;0;0;0;0;0;
42681;3657119;555499520;51077120;507879424;0;0;0;0;0;0;0;0;0;0;0;3286;0;0;0;0;0;0;
42682;4903155;555499520;51077120;507879424;0;0;0;0;0;0;0;0;0;0;0;3006;0;0;0;0;0;0;
42683;3606083;555499520;51077120;507879424;0;0;0;0;0;0;0;0;0;0;0;3657;0;0;0;0;0;0;
42684;4869923;555499520;51077120;507879424;0;0;0;0;0;0;0;0;0;0;0;3246;0;0;0;0;0;0;
42685;3218276;555499520;51077120;507879424;0;0;0;0;0;0;0;0;0;0;0;3356;0;0;0;0;0;0;
42686;4765758;555499520;51077120;507879424;0;0;0;0;0;0;0;0;0;0;0;3126;0;0;0;0;0;0;
42687;3178631;555499520;51077120;507879424;0;0;0;0;0;0;0;0;0;0;0;3236;0;0;0;0;0;0;
42688;4729199;555499520;51077120;507879424;0;0;0;0;0;0;0;0;0;0;0;2685;0;0;0;0;0;0;
42689;3205261;555499520;51077120;507879424;0;0;0;0;0;0;0;0;0;0;0;3316;0;0;0;0;0;0;
42690;4786456;555499520;51077120;507879424;0;0;0;0;0;0;0;0;0;0;0;2965;0;0;0;0;0;0;
42691;3702904;555499520;51077120;507879424;0;0;0;0;0;0;0;0;0;0;0;4338;0;0;0;0;0;0;
42692;4810993;555499520;51077120;507879424;0;0;0;0;0;0;0;0;0;0;0;3106;0;0;0;0;0;0;
42693;3177870;555499520;51077120;507879424;0;0;0;0;0;0;0;0;0;0;0;3066;0;0;0;0;0;0;
42694;4775165;555499520;51077120;507879424;0;0;0;0;0;0;0;0;0;0;0;2986;0;0;0;0;0;0;
42695;3226180;555499520;51077120;507879424;0;0;0;0;0;0;0;0;0;0;0;3196;0;0;0;0;0;0;
42696;4832673;555499520;51077120;507879424;0;0;0;0;0;0;0;0;0;0;0;3356;0;0;0;0;0;0;
42697;3248743;555499520;51077120;507879424;0;0;0;0;0;0;0;0;0;0;0;3176;0;0;0;0;0;0;
42698;4762271;555499520;51077120;507879424;0;0;0;0;0;0;0;0;0;0;0;2916;0;0;0;0;0;0;
42699;3273008;555499520;51077120;507879424;0;0;0;0;0;0;0;0;0;0;0;3086;0;0;0;0;0;0;
42700;4816483;555499520;51077120;507879424;0;0;0;0;0;0;0;0;0;0;0;3617;0;0;0;0;0;0;
42701;3256787;555499520;51077120;507879424;0;0;0;0;0;0;0;0;0;0;0;3266;0;0;0;0;0;0;
42702;4815642;555499520;51077120;507879424;0;0;0;0;0;0;0;0;0;0;0;3036;0;0;0;0;0;0;
42703;3256717;555499520;51077120;507879424;0;0;0;0;0;0;0;0;0;0;0;3176;0;0;0;0;0;0;
42704;4792367;555499520;51077120;507879424;0;0;0;0;0;0;0;0;0;0;0;2915;0;0;0;0;0;0;
42705;3435823;555499520;51077120;507879424;0;0;0;0;0;0;0;0;0;0;0;3617;0;0;0;0;0;0;
42706;4802297;555499520;51077120;507879424;0;0;0;0;0;0;0;0;0;0;0;3587;0;0;0;0;0;0;
42707;3507738;555499520;51077120;507879424;0;0;0;0;0;0;0;0;0;0;0;3366;0;0;0;0;0;0;
42708;4735811;555499520;51077120;507879424;0;0;0;0;0;0;0;0;0;0;0;2886;0;0;0;0;0;0;
42709;3412099;555499520;51077120;507879424;0;0;0;0;0;0;0;0;0;0;0;3496;0;0;0;0;0;0;
42710;4807947;555499520;51077120;507879424;0;0;0;0;0;0;0;0;0;0;0;2895;0;0;0;0;0;0;
42711;3320127;555499520;51077120;507879424;0;0;0;0;0;0;0;0;0;0;0;3156;0;0;0;0;0;0;
42712;4741201;555499520;51077120;507879424;0;0;0;0;0;0;0;0;0;0;0;3056;0;0;0;0;0;0;
42713;3407540;555499520;51077120;507879424;0;0;0;0;0;0;0;0;0;0;0;3457;0;0;0;0;0;0;
42714;4839907;555499520;51077120;507879424;0;0;0;0;0;0;0;0;0;0;0;3437;0;0;0;0;0;0;
42715;13298700;555499520;51077120;507879424;0;0;0;0;0;0;0;0;0;0;0;4529;0;0;0;0;0;0;
42716;5522687;555499520;51077120;507879424;0;0;0;0;0;0;0;0;0;0;0;4358;0;0;0;0;0;0;
42717;3666246;555499520;51077120;507879424;0;0;0;0;0;0;0;0;0;0;0;3326;0;0;0;0;0;0;
42718;4881174;555499520;51077120;507879424;0;0;0;0;0;0;0;0;0;0;0;3456;0;0;0;0;0;0;
42719;3475318;555499520;51077120;507879424;0;0;0;0;0;0;0;0;0;0;0;3427;0;0;0;0;0;0;
42720;4914427;555499520;51077120;507879424;0;0;0;0;0;0;0;0;0;0;0;3637;0;0;0;0;0;0;
42721;3622403;555499520;51077120;507879424;0;0;0;0;0;0;0;0;0;0;0;3406;0;0;0;0;0;0;
42722;4820019;555499520;51077120;507879424;0;0;0;0;0;0;0;0;0;0;0;3246;0;0;0;0;0;0;
42723;3624979;555499520;51077120;507879424;0;0;0;0;0;0;0;0;0;0;0;3607;0;0;0;0;0;0;
42724;4820610;555499520;51077120;507879424;0;0;0;0;0;0;0;0;0;0;0;3156;0;0;0;0;0;0;
42725;3561569;555499520;51077120;507879424;0;0;0;0;0;0;0;0;0;0;0;3537;0;0;0;0;0;0;
42726;4777410;555499520;51077120;507879424;0;0;0;0;0;0;0;0;0;0;0;3156;0;0;0;0;0;0;
42727;3523047;555499520;51077120;507879424;0;0;0;0;0;0;0;0;0;0;0;3176;0;0;0;0;0;0;
42728;4873841;555499520;51077120;507879424;0;0;0;0;0;0;0;0;0;0;0;3767;0;0;0;0;0;0;
42729;3537654;555499520;51077120;507879424;0;0;0;0;0;0;0;0;0;0;0;3317;0;0;0;0;0;0;
42730;4922813;555499520;51077120;507879424;0;0;0;0;0;0;0;0;0;0;0;4158;0;0;0;0;0;0;
42731;3787944;555499520;51077120;507879424;0;0;0;0;0;0;0;0;0;0;0;3276;0;0;0;0;0;0;
42732;4903185;555499520;51077120;507879424;0;0;0;0;0;0;0;0;0;0;0;4088;0;0;0;0;0;0;
42733;3773928;555499520;51077120;507879424;0;0;0;0;0;0;0;0;0;0;0;3657;0;0;0;0;0;0;
42734;4888468;555499520;51077120;507879424;0;0;0;0;0;0;0;0;0;0;0;3436;0;0;0;0;0;0;
42735;3784627;555499520;51077120;507879424;0;0;0;0;0;0;0;0;0;0;0;3918;0;0;0;0;0;0;
42736;4835989;555499520;51077120;507879424;0;0;0;0;0;0;0;0;0;0;0;3337;0;0;0;0;0;0;
42737;3650877;555499520;51077120;507879424;0;0;0;0;0;0;0;0;0;0;0;3316;0;0;0;0;0;0;
42738;4796495;555499520;51077120;507879424;0;0;0;0;0;0;0;0;0;0;0;3276;0;0;0;0;0;0;
42739;3375951;555499520;51077120;507879424;0;0;0;0;0;0;0;0;0;0;0;2976;0;0;0;0;0;0;
42740;4875323;555499520;51077120;507879424;0;0;0;0;0;0;0;0;0;0;0;2966;0;0;0;0;0;0;
42741;3697173;555499520;51077120;507879424;0;0;0;0;0;0;0;0;0;0;0;3487;0;0;0;0;0;0;
42742;4857590;555499520;51077120;507879424;0;0;0;0;0;0;0;0;0;0;0;3436;0;0;0;0;0;0;
42743;3413382;555499520;51077120;507879424;0;0;0;0;0;0;0;0;0;0;0;3286;0;0;0;0;0;0;
42744;4841240;555499520;51077120;507879424;0;0;0;0;0;0;0;0;0;0;0;3106;0;0;0;0;0;0;
42745;3393374;555499520;51077120;507879424;0;0;0;0;0;0;0;0;0;0;0;3256;0;0;0;0;0;0;
42746;4815270;555499520;51077120;507879424;0;0;0;0;0;0;0;0;0;0;0;2915;0;0;0;0;0;0;
42747;3434511;555499520;51077120;507879424;0;0;0;0;0;0;0;0;0;0;0;3276;0;0;0;0;0;0;
42748;4863210;555499520;51077120;507879424;0;0;0;0;0;0;0;0;0;0;0;3206;0;0;0;0;0;0;
42749;3329103;555499520;51077120;507879424;0;0;0;0;0;0;0;0;0;0;0;3086;0;0;0;0;0;0;
42750;4840839;555499520;51077120;507879424;0;0;0;0;0;0;0;0;0;0;0;2956;0;0;0;0;0;0;
42751;3444860;555499520;51077120;507879424;0;0;0;0;0;0;0;0;0;0;0;3496;0;0;0;0;0;0;
42752;4854013;555499520;51077120;507879424;0;0;0;0;0;0;0;0;0;0;0;3196;0;0;0;0;0;0;
42753;3417208;555499520;51077120;507879424;0;0;0;0;0;0;0;0;0;0;0;3527;0;0;0;0;0;0;
42754;4858232;555499520;51077120;507879424;0;0;0;0;0;0;0;0;0;0;0;3226;0;0;0;0;0;0;
42755;3652390;555499520;51077120;507879424;0;0;0;0;0;0;0;0;0;0;0;3406;0;0;0;0;0;0;
42756;4848353;555499520;51077120;507879424;0;0;0;0;0;0;0;0;0;0;0;3396;0;0;0;0;0;0;
42757;3511976;555499520;51077120;507879424;0;0;0;0;0;0;0;0;0;0;0;3075;0;0;0;0;0;0;
42758;4888338;555499520;51077120;507879424;0;0;0;0;0;0;0;0;0;0;0;3257;0;0;0;0;0;0;
42759;3572830;555499520;51077120;507879424;0;0;0;0;0;0;0;0;0;0;0;3948;0;0;0;0;0;0;
42760;4940265;555499520;51077120;507879424;0;0;0;0;0;0;0;0;0;0;0;3606;0;0;0;0;0;0;
42761;3671325;555499520;51077120;507879424;0;0;0;0;0;0;0;0;0;0;0;3216;0;0;0;0;0;0;
42762;4840107;555499520;51077120;507879424;0;0;0;0;0;0;0;0;0;0;0;3537;0;0;0;0;0;0;
42763;3824452;555499520;51077120;507879424;0;0;0;0;0;0;0;0;0;0;0;3306;0;0;0;0;0;0;
42764;4918194;555499520;51077120;507879424;0;0;0;0;0;0;0;0;0;0;0;3507;0;0;0;0;0;0;
42765;4085361;555499520;51077120;507879424;0;0;0;0;0;0;0;0;0;0;0;4268;0;0;0;0;0;0;
42766;4828315;555499520;51077120;507879424;0;0;0;0;0;0;0;0;0;0;0;2915;0;0;0;0;0;0;
42767;3745554;555499520;51077120;507879424;0;0;0;0;0;0;0;0;0;0;0;3477;0;0;0;0;0;0;
42768;5186316;555499520;51077120;507879424;0;0;0;0;0;0;0;0;0;0;0;4218;0;0;0;0;0;0;
42769;3780049;555499520;51077120;507879424;0;0;0;0;0;0;0;0;0;0;0;3546;0;0;0;0;0;0;
42770;4972535;555499520;51077120;507879424;0;0;0;0;0;0;0;0;0;0;0;3516;0;0;0;0;0;0;
42771;3902739;555499520;51077120;507879424;0;0;0;0;0;0;0;0;0;0;0;3407;0;0;0;0;0;0;
42772;4975201;555499520;51077120;507879424;0;0;0;0;0;0;0;0;0;0;0;3606;0;0;0;0;0;0;
42773;3454568;555499520;51077120;507879424;0;0;0;0;0;0;0;0;0;0;0;2825;0;0;0;0;0;0;
42774;4826772;555499520;51077120;507879424;0;0;0;0;0;0;0;0;0;0;0;2875;0;0;0;0;0;0;
42775;3312392;555499520;51077120;507879424;0;0;0;0;0;0;0;0;0;0;0;3287;0;0;0;0;0;0;
42776;4817595;555499520;51077120;507879424;0;0;0;0;0;0;0;0;0;0;0;3006;0;0;0;0;0;0;
42777;3383185;555499520;51077120;507879424;0;0;0;0;0;0;0;0;0;0;0;3216;0;0;0;0;0;0;
42778;4974188;555499520;51077120;507879424;0;0;0;0;0;0;0;0;0;0;0;3396;0;0;0;0;0;0;
42779;3455340;555499520;51085312;507887616;0;0;0;0;0;0;0;0;0;0;0;3777;0;0;0;0;0;0;
42780;4869622;555499520;51085312;507887616;0;0;0;0;0;0;0;0;0;0;0;3626;0;0;0;0;0;0;
42781;3350974;555499520;51085312;507887616;0;0;0;0;0;0;0;0;0;0;0;4068;0;0;0;0;0;0;
42782;4913915;555499520;51085312;507887616;0;0;0;0;0;0;0;0;0;0;0;3055;0;0;0;0;0;0;
42783;3402090;555499520;51085312;507887616;0;0;0;0;0;0;0;0;0;0;0;2976;0;0;0;0;0;0;
42784;4850036;555499520;51085312;507887616;0;0;0;0;0;0;0;0;0;0;0;3306;0;0;0;0;0;0;
42785;3615891;555585536;51077120;507879424;0;0;0;0;0;0;0;0;0;0;0;3336;0;0;0;0;0;0;
42786;4875363;555585536;51077120;507879424;0;0;0;0;0;0;0;0;0;0;0;2835;0;0;0;0;0;0;
42787;3581727;555585536;51077120;507879424;0;0;0;0;0;0;0;0;0;0;0;3667;0;0;0;0;0;0;
42788;4924095;555585536;51077120;507879424;0;0;0;0;0;0;0;0;0;0;0;3256;0;0;0;0;0;0;
42789;4094949;555585536;51077120;507879424;0;0;0;0;0;0;0;0;0;0;0;3426;0;0;0;0;0;0;
42790;4935606;555585536;51077120;507879424;0;0;0;0;0;0;0;0;0;0;0;3287;0;0;0;0;0;0;
42791;3662669;555585536;51077120;507879424;0;0;0;0;0;0;0;0;0;0;0;3317;0;0;0;0;0;0;
42792;4921310;555585536;51077120;507879424;0;0;0;0;0;0;0;0;0;0;0;3486;0;0;0;0;0;0;
42793;3665474;555585536;51077120;507879424;0;0;0;0;0;0;0;0;0;0;0;3337;0;0;0;0;0;0;
42794;4948300;555585536;51077120;507879424;0;0;0;0;0;0;0;0;0;0;0;3276;0;0;0;0;0;0;
42795;3685511;555585536;51077120;507879424;0;0;0;0;0;0;0;0;0;0;0;3727;0;0;0;0;0;0;
42796;4984377;555585536;51077120;507879424;0;0;0;0;0;0;0;0;0;0;0;3336;0;0;0;0;0;0;
42797;3873995;555585536;51077120;507879424;0;0;0;0;0;0;0;0;0;0;0;3697;0;0;0;0;0;0;
42798;5155108;555585536;51077120;507879424;0;0;0;0;0;0;0;0;0;0;0;3828;0;0;0;0;0;0;
42799;3808372;555585536;51077120;507879424;0;0;0;0;0;0;0;0;0;0;0;3486;0;0;0;0;0;0;
42800;4977074;555585536;51077120;507879424;0;0;0;0;0;0;0;0;0;0;0;3206;0;0;0;0;0;0;
42801;3392532;555585536;51077120;507879424;0;0;0;0;0;0;0;0;0;0;0;3506;0;0;0;0;0;0;
42802;4897555;555585536;51077120;507879424;0;0;0;0;0;0;0;0;0;0;0;3065;0;0;0;0;0;0;
42803;3321900;555585536;51077120;507879424;0;0;0;0;0;0;0;0;0;0;0;3386;0;0;0;0;0;0;
42804;4910439;555585536;51077120;507879424;0;0;0;0;0;0;0;0;0;0;0;3136;0;0;0;0;0;0;
42805;3469226;555585536;51077120;507879424;0;0;0;0;0;0;0;0;0;0;0;3817;0;0;0;0;0;0;
42806;4927541;555585536;51077120;507879424;0;0;0;0;0;0;0;0;0;0;0;3537;0;0;0;0;0;0;
42807;3332019;555585536;51077120;507879424;0;0;0;0;0;0;0;0;0;0;0;3566;0;0;0;0;0;0;
42808;4875003;555585536;51077120;507879424;0;0;0;0;0;0;0;0;0;0;0;3357;0;0;0;0;0;0;
42809;3449710;555585536;51077120;507879424;0;0;0;0;0;0;0;0;0;0;0;3787;0;0;0;0;0;0;
42810;4900049;555585536;51077120;507879424;0;0;0;0;0;0;0;0;0;0;0;3216;0;0;0;0;0;0;
42811;3323793;555585536;51077120;507879424;0;0;0;0;0;0;0;0;0;0;0;3677;0;0;0;0;0;0;
42812;4902193;555585536;51077120;507879424;0;0;0;0;0;0;0;0;0;0;0;3366;0;0;0;0;0;0;
42813;3334493;555585536;51077120;507879424;0;0;0;0;0;0;0;0;0;0;0;3747;0;0;0;0;0;0;
42814;5407161;555585536;51077120;507879424;0;0;0;0;0;0;0;0;0;0;0;3687;0;0;0;0;0;0;
42815;3375330;555585536;51077120;507879424;0;0;0;0;0;0;0;0;0;0;0;3016;0;0;0;0;0;0;
42816;4944843;555585536;51077120;507879424;0;0;0;0;0;0;0;0;0;0;0;3768;0;0;0;0;0;0;
42817;3457534;555585536;51077120;507879424;0;0;0;0;0;0;0;0;0;0;0;3717;0;0;0;0;0;0;
42818;4912994;555585536;51077120;507879424;0;0;0;0;0;0;0;0;0;0;0;3637;0;0;0;0;0;0;
42819;3375230;555585536;51077120;507879424;0;0;0;0;0;0;0;0;0;0;0;3366;0;0;0;0;0;0;
42820;4929965;555585536;51077120;507879424;0;0;0;0;0;0;0;0;0;0;0;3116;0;0;0;0;0;0;
42821;3561940;555585536;51077120;507879424;0;0;0;0;0;0;0;0;0;0;0;3747;0;0;0;0;0;0;
42822;4874672;555585536;51077120;507879424;0;0;0;0;0;0;0;0;0;0;0;3667;0;0;0;0;0;0;
42823;3382243;555585536;51077120;507879424;0;0;0;0;0;0;0;0;0;0;0;3366;0;0;0;0;0;0;
42824;4894459;555585536;51077120;507879424;0;0;0;0;0;0;0;0;0;0;0;3247;0;0;0;0;0;0;
42825;3391691;555585536;51077120;507879424;0;0;0;0;0;0;0;0;0;0;0;3887;0;0;0;0;0;0;
42826;4881294;555585536;51077120;507879424;0;0;0;0;0;0;0;0;0;0;0;3486;0;0;0;0;0;0;
42827;3333642;555585536;51077120;507879424;0;0;0;0;0;0;0;0;0;0;0;3687;0;0;0;0;0;0;
42828;4956776;555585536;51077120;507879424;0;0;0;0;0;0;0;0;0;0;0;3446;0;0;0;0;0;0;
42829;3413271;555585536;51077120;507879424;0;0;0;0;0;0;0;0;0;0;0;3607;0;0;0;0;0;0;
42830;4908836;555585536;51077120;507879424;0;0;0;0;0;0;0;0;0;0;0;3156;0;0;0;0;0;0;
42831;3409173;555585536;51077120;507879424;0;0;0;0;0;0;0;0;0;0;0;3527;0;0;0;0;0;0;
42832;4990719;555585536;51077120;507879424;0;0;0;0;0;0;0;0;0;0;0;3527;0;0;0;0;0;0;
42833;3405106;555585536;51077120;507879424;0;0;0;0;0;0;0;0;0;0;0;3677;0;0;0;0;0;0;
42834;4901252;555585536;51077120;507879424;0;0;0;0;0;0;0;0;0;0;0;3467;0;0;0;0;0;0;
42835;3401890;555585536;51077120;507879424;0;0;0;0;0;0;0;0;0;0;0;3576;0;0;0;0;0;0;
42836;4853412;555585536;51077120;507879424;0;0;0;0;0;0;0;0;0;0;0;3566;0;0;0;0;0;0;
42837;3450861;555585536;51077120;507879424;0;0;0;0;0;0;0;0;0;0;0;3707;0;0;0;0;0;0;
42838;5352829;555585536;51077120;507879424;0;0;0;0;0;0;0;0;0;0;0;3506;0;0;0;0;0;0;
42839;3366403;555585536;51077120;507879424;0;0;0;0;0;0;0;0;0;0;0;3808;0;0;0;0;0;0;
42840;4928172;555585536;51077120;507879424;0;0;0;0;0;0;0;0;0;0;0;3747;0;0;0;0;0;0;
42841;3420715;555585536;51077120;507879424;0;0;0;0;0;0;0;0;0;0;0;3988;0;0;0;0;0;0;
42842;4874361;555585536;51077120;507879424;0;0;0;0;0;0;0;0;0;0;0;3627;0;0;0;0;0;0;
42843;3369900;555585536;51077120;507879424;0;0;0;0;0;0;0;0;0;0;0;3307;0;0;0;0;0;0;
42844;4960944;555585536;51077120;507879424;0;0;0;0;0;0;0;0;0;0;0;3436;0;0;0;0;0;0;
42845;4014189;555585536;51077120;507879424;0;0;0;0;0;0;0;0;0;0;0;4098;0;0;0;0;0;0;
42846;4937069;555585536;51077120;507879424;0;0;0;0;0;0;0;0;0;0;0;3106;0;0;0;0;0;0;
42847;3368327;555585536;51077120;507879424;0;0;0;0;0;0;0;0;0;0;0;3045;0;0;0;0;0;0;
42848;4884120;555585536;51077120;507879424;0;0;0;0;0;0;0;0;0;0;0;3045;0;0;0;0;0;0;
42849;3510373;555585536;51077120;507879424;0;0;0;0;0;0;0;0;0;0;0;3677;0;0;0;0;0;0;
42850;4938161;555585536;51077120;507879424;0;0;0;0;0;0;0;0;0;0;0;2945;0;0;0;0;0;0;
42851;3442977;555585536;51077120;507879424;0;0;0;0;0;0;0;0;0;0;0;3387;0;0;0;0;0;0;
42852;4876245;555585536;51077120;507879424;0;0;0;0;0;0;0;0;0;0;0;3477;0;0;0;0;0;0;
42853;3473645;555585536;51077120;507879424;0;0;0;0;0;0;0;0;0;0;0;3336;0;0;0;0;0;0;
42854;4908255;555585536;51077120;507879424;0;0;0;0;0;0;0;0;0;0;0;3367;0;0;0;0;0;0;
42855;3604510;555585536;51077120;507879424;0;0;0;0;0;0;0;0;0;0;0;3536;0;0;0;0;0;0;
42856;4829427;555585536;51077120;507879424;0;0;0;0;0;0;0;0;0;0;0;3657;0;0;0;0;0;0;
42857;3509932;555585536;51077120;507879424;0;0;0;0;0;0;0;0;0;0;0;3025;0;0;0;0;0;0;
42858;4810662;555585536;51077120;507879424;0;0;0;0;0;0;0;0;0;0;0;3056;0;0;0;0;0;0;
42859;3395628;555585536;51077120;507879424;0;0;0;0;0;0;0;0;0;0;0;3818;0;0;0;0;0;0;
42860;4846369;555585536;51077120;507879424;0;0;0;0;0;0;0;0;0;0;0;3757;0;0;0;0;0;0;
42861;3484685;555585536;51077120;507879424;0;0;0;0;0;0;0;0;0;0;0;3066;0;0;0;0;0;0;
42862;5274722;555585536;51077120;507879424;0;0;0;0;0;0;0;0;0;0;0;3616;0;0;0;0;0;0;
42863;3510724;555585536;51077120;507879424;0;0;0;0;0;0;0;0;0;0;0;3276;0;0;0;0;0;0;
42864;4878780;555585536;51077120;507879424;0;0;0;0;0;0;0;0;0;0;0;3556;0;0;0;0;0;0;
42865;3383825;555585536;51077120;507879424;0;0;0;0;0;0;0;0;0;0;0;2966;0;0;0;0;0;0;
42866;4906482;555585536;51077120;507879424;0;0;0;0;0;0;0;0;0;0;0;2925;0;0;0;0;0;0;
42867;3491238;555585536;51077120;507879424;0;0;0;0;0;0;0;0;0;0;0;3236;0;0;0;0;0;0;
42868;4904568;555585536;51077120;507879424;0;0;0;0;0;0;0;0;0;0;0;3436;0;0;0;0;0;0;
42869;3435803;555585536;51077120;507879424;0;0;0;0;0;0;0;0;0;0;0;3737;0;0;0;0;0;0;
42870;4901573;555585536;51077120;507879424;0;0;0;0;0;0;0;0;0;0;0;3446;0;0;0;0;0;0;
42871;3278659;555585536;51077120;507879424;0;0;0;0;0;0;0;0;0;0;0;3306;0;0;0;0;0;0;
42872;4823386;555585536;51077120;507879424;0;0;0;0;0;0;0;0;0;0;0;3217;0;0;0;0;0;0;
42873;3421416;555585536;51077120;507879424;0;0;0;0;0;0;0;0;0;0;0;3497;0;0;0;0;0;0;
42874;4860425;555585536;51077120;507879424;0;0;0;0;0;0;0;0;0;0;0;3216;0;0;0;0;0;0;
42875;3408733;555585536;51077120;507879424;0;0;0;0;0;0;0;0;0;0;0;2926;0;0;0;0;0;0;
42876;4921820;555585536;51077120;507879424;0;0;0;0;0;0;0;0;0;0;0;3427;0;0;0;0;0;0;
42877;3418892;555585536;51077120;507879424;0;0;0;0;0;0;0;0;0;0;0;3487;0;0;0;0;0;0;
42878;4942068;555585536;51077120;507879424;0;0;0;0;0;0;0;0;0;0;0;2745;0;0;0;0;0;0;
42879;3643233;555585536;51077120;507879424;0;0;0;0;0;0;0;0;0;0;0;3587;0;0;0;0;0;0;
42880;4814980;555585536;51077120;507879424;0;0;0;0;0;0;0;0;0;0;0;3016;0;0;0;0;0;0;
42881;3485056;555585536;51077120;507879424;0;0;0;0;0;0;0;0;0;0;0;3026;0;0;0;0;0;0;
42882;4809350;555585536;51077120;507879424;0;0;0;0;0;0;0;0;0;0;0;2906;0;0;0;0;0;0;
42883;3380981;555585536;51077120;507879424;0;0;0;0;0;0;0;0;0;0;0;2956;0;0;0;0;0;0;
42884;4804340;555585536;51077120;507879424;0;0;0;0;0;0;0;0;0;0;0;3156;0;0;0;0;0;0;
42885;3398844;555585536;51077120;507879424;0;0;0;0;0;0;0;0;0;0;0;3276;0;0;0;0;0;0;
42886;5044531;555585536;51077120;507879424;0;0;0;0;0;0;0;0;0;0;0;3837;0;0;0;0;0;0;
42887;3557702;555585536;51077120;507879424;0;0;0;0;0;0;0;0;0;0;0;3026;0;0;0;0;0;0;
42888;4870093;555585536;51077120;507879424;0;0;0;0;0;0;0;0;0;0;0;2865;0;0;0;0;0;0;
42889;3378756;555585536;51077120;507879424;0;0;0;0;0;0;0;0;0;0;0;3076;0;0;0;0;0;0;
42890;4913785;555585536;51077120;507879424;0;0;0;0;0;0;0;0;0;0;0;3025;0;0;0;0;0;0;
42891;3388264;555585536;51077120;507879424;0;0;0;0;0;0;0;0;0;0;0;3517;0;0;0;0;0;0;
42892;4969489;555585536;51077120;507879424;0;0;0;0;0;0;0;0;0;0;0;2905;0;0;0;0;0;0;
42893;3406218;555585536;51077120;507879424;0;0;0;0;0;0;0;0;0;0;0;3717;0;0;0;0;0;0;
42894;4913776;555585536;51077120;507879424;0;0;0;0;0;0;0;0;0;0;0;3006;0;0;0;0;0;0;
42895;3294198;555585536;51077120;507879424;0;0;0;0;0;0;0;0;0;0;0;2915;0;0;0;0;0;0;
42896;4863221;555585536;51077120;507879424;0;0;0;0;0;0;0;0;0;0;0;2875;0;0;0;0;0;0;
42897;3349261;555585536;51077120;507879424;0;0;0;0;0;0;0;0;0;0;0;3336;0;0;0;0;0;0;
42898;4825530;555585536;51077120;507879424;0;0;0;0;0;0;0;0;0;0;0;3036;0;0;0;0;0;0;
42899;3282075;555585536;51077120;507879424;0;0;0;0;0;0;0;0;0;0;0;3095;0;0;0;0;0;0;
42900;4855877;555585536;51077120;507879424;0;0;0;0;0;0;0;0;0;0;0;3035;0;0;0;0;0;0;
42901;3366533;555585536;51077120;507879424;0;0;0;0;0;0;0;0;0;0;0;3206;0;0;0;0;0;0;
42902;4896583;555585536;51077120;507879424;0;0;0;0;0;0;0;0;0;0;0;2946;0;0;0;0;0;0;
42903;3577108;555585536;51077120;507879424;0;0;0;0;0;0;0;0;0;0;0;3176;0;0;0;0;0;0;
42904;4813087;555585536;51077120;507879424;0;0;0;0;0;0;0;0;0;0;0;3156;0;0;0;0;0;0;
42905;3388715;555585536;51077120;507879424;0;0;0;0;0;0;0;0;0;0;0;3246;0;0;0;0;0;0;
42906;4888377;555585536;51077120;507879424;0;0;0;0;0;0;0;0;0;0;0;3126;0;0;0;0;0;0;
42907;3453587;555585536;51077120;507879424;0;0;0;0;0;0;0;0;0;0;0;11141;0;0;0;0;0;0;
42908;4823156;555585536;51077120;507879424;0;0;0;0;0;0;0;0;0;0;0;3176;0;0;0;0;0;0;
42909;3454799;555585536;51077120;507879424;0;0;0;0;0;0;0;0;0;0;0;2916;0;0;0;0;0;0;
42910;4855146;555585536;51077120;507879424;0;0;0;0;0;0;0;0;0;0;0;3095;0;0;0;0;0;0;
42911;3720307;555585536;51077120;507879424;0;0;0;0;0;0;0;0;0;0;0;3296;0;0;0;0;0;0;
42912;4848863;555585536;51077120;507879424;0;0;0;0;0;0;0;0;0;0;0;3506;0;0;0;0;0;0;
42913;3398613;555585536;51077120;507879424;0;0;0;0;0;0;0;0;0;0;0;3868;0;0;0;0;0;0;
42914;4856108;555585536;51077120;507879424;0;0;0;0;0;0;0;0;0;0;0;3186;0;0;0;0;0;0;
42915;3431125;555585536;51077120;507879424;0;0;0;0;0;0;0;0;0;0;0;3246;0;0;0;0;0;0;
42916;4896442;555585536;51077120;507879424;0;0;0;0;0;0;0;0;0;0;0;3066;0;0;0;0;0;0;
42917;3526152;555585536;51077120;507879424;0;0;0;0;0;0;0;0;0;0;0;3496;0;0;0;0;0;0;
42918;4839275;555585536;51077120;507879424;0;0;0;0;0;0;0;0;0;0;0;3146;0;0;0;0;0;0;
42919;3327991;555585536;51077120;507879424;0;0;0;0;0;0;0;0;0;0;0;3106;0;0;0;0;0;0;
42920;4844626;555585536;51077120;507879424;0;0;0;0;0;0;0;0;0;0;0;2986;0;0;0;0;0;0;
42921;3375520;555585536;51077120;507879424;0;0;0;0;0;0;0;0;0;0;0;3377;0;0;0;0;0;0;
42922;4821883;555585536;51077120;507879424;0;0;0;0;0;0;0;0;0;0;0;3206;0;0;0;0;0;0;
42923;3360672;555585536;51077120;507879424;0;0;0;0;0;0;0;0;0;0;0;3256;0;0;0;0;0;0;
42924;4876124;555585536;51077120;507879424;0;0;0;0;0;0;0;0;0;0;0;3466;0;0;0;0;0;0;
42925;3419764;555585536;51077120;507879424;0;0;0;0;0;0;0;0;0;0;0;3617;0;0;0;0;0;0;
42926;4852060;555585536;51077120;507879424;0;0;0;0;0;0;0;0;0;0;0;3467;0;0;0;0;0;0;
42927;3407440;555585536;51077120;507879424;0;0;0;0;0;0;0;0;0;0;0;3466;0;0;0;0;0;0;
42928;4920348;555585536;51077120;507879424;0;0;0;0;0;0;0;0;0;0;0;3537;0;0;0;0;0;0;
42929;3533747;555585536;51077120;507879424;0;0;0;0;0;0;0;0;0;0;0;3827;0;0;0;0;0;0;
42930;4921781;555585536;51077120;507879424;0;0;0;0;0;0;0;0;0;0;0;3507;0;0;0;0;0;0;
42931;3498330;555585536;51077120;507879424;0;0;0;0;0;0;0;0;0;0;0;3597;0;0;0;0;0;0;
42932;4861558;555585536;51077120;507879424;0;0;0;0;0;0;0;0;0;0;0;3747;0;0;0;0;0;0;
42933;3468655;555585536;51077120;507879424;0;0;0;0;0;0;0;0;0;0;0;3697;0;0;0;0;0;0;
42934;4902594;555585536;51077120;507879424;0;0;0;0;0;0;0;0;0;0;0;3276;0;0;0;0;0;0;
42935;3338051;555585536;51077120;507879424;0;0;0;0;0;0;0;0;0;0;0;3286;0;0;0;0;0;0;
42936;4865524;555585536;51077120;507879424;0;0;0;0;0;0;0;0;0;0;0;3326;0;0;0;0;0;0;
42937;3339583;555585536;51077120;507879424;0;0;0;0;0;0;0;0;0;0;0;3577;0;0;0;0;0;0;
42938;4889730;555585536;51077120;507879424;0;0;0;0;0;0;0;0;0;0;0;3517;0;0;0;0;0;0;
42939;3639295;555585536;51077120;507879424;0;0;0;0;0;0;0;0;0;0;0;4378;0;0;0;0;0;0;
42940;5161881;555585536;51077120;507879424;0;0;0;0;0;0;0;0;0;0;0;3617;0;0;0;0;0;0;
42941;3354692;555585536;51077120;507879424;0;0;0;0;0;0;0;0;0;0;0;3477;0;0;0;0;0;0;
42942;4887586;555585536;51077120;507879424;0;0;0;0;0;0;0;0;0;0;0;3376;0;0;0;0;0;0;
42943;3357647;555585536;51077120;507879424;0;0;0;0;0;0;0;0;0;0;0;3546;0;0;0;0;0;0;
42944;4930216;555585536;51077120;507879424;0;0;0;0;0;0;0;0;0;0;0;2975;0;0;0;0;0;0;
42945;3402912;555585536;51077120;507879424;0;0;0;0;0;0;0;0;0;0;0;3567;0;0;0;0;0;0;
42946;4891734;555585536;51077120;507879424;0;0;0;0;0;0;0;0;0;0;0;3427;0;0;0;0;0;0;
42947;3435483;555585536;51077120;507879424;0;0;0;0;0;0;0;0;0;0;0;3166;0;0;0;0;0;0;
42948;4853342;555585536;51077120;507879424;0;0;0;0;0;0;0;0;0;0;0;3036;0;0;0;0;0;0;
42949;3446394;555585536;51077120;507879424;0;0;0;0;0;0;0;0;0;0;0;2986;0;0;0;0;0;0;
42950;10907446;555585536;51077120;507879424;0;0;0;0;0;0;0;0;0;0;0;2985;0;0;0;0;0;0;
42951;3329474;555585536;51077120;507879424;0;0;0;0;0;0;0;0;0;0;0;3146;0;0;0;0;0;0;
42952;4915699;555585536;51077120;507879424;0;0;0;0;0;0;0;0;0;0;0;3346;0;0;0;0;0;0;
42953;3453176;555585536;51077120;507879424;0;0;0;0;0;0;0;0;0;0;0;3537;0;0;0;0;0;0;
42954;4846199;555585536;51077120;507879424;0;0;0;0;0;0;0;0;0;0;0;3066;0;0;0;0;0;0;
42955;3465529;555585536;51077120;507879424;0;0;0;0;0;0;0;0;0;0;0;2745;0;0;0;0;0;0;
42956;4859263;555585536;51077120;507879424;0;0;0;0;0;0;0;0;0;0;0;2736;0;0;0;0;0;0;
42957;3512968;555585536;51077120;507879424;0;0;0;0;0;0;0;0;0;0;0;3226;0;0;0;0;0;0;
42958;4836901;555585536;51077120;507879424;0;0;0;0;0;0;0;0;0;0;0;3045;0;0;0;0;0;0;
42959;3501958;555585536;51077120;507879424;0;0;0;0;0;0;0;0;0;0;0;3086;0;0;0;0;0;0;
42960;4921740;555585536;51077120;507879424;0;0;0;0;0;0;0;0;0;0;0;3045;0;0;0;0;0;0;
42961;3395287;555585536;51077120;507879424;0;0;0;0;0;0;0;0;0;0;0;3567;0;0;0;0;0;0;
42962;4886774;555585536;51077120;507879424;0;0;0;0;0;0;0;0;0;0;0;3146;0;0;0;0;0;0;
42963;3480166;555585536;51077120;507879424;0;0;0;0;0;0;0;0;0;0;0;3145;0;0;0;0;0;0;
42964;4935275;555585536;51077120;507879424;0;0;0;0;0;0;0;0;0;0;0;3366;0;0;0;0;0;0;
42965;3388394;555585536;51077120;507879424;0;0;0;0;0;0;0;0;0;0;0;3327;0;0;0;0;0;0;
42966;4952387;555585536;51077120;507879424;0;0;0;0;0;0;0;0;0;0;0;3276;0;0;0;0;0;0;
42967;3445231;555585536;51077120;507879424;0;0;0;0;0;0;0;0;0;0;0;3367;0;0;0;0;0;0;
42968;4858541;555585536;51077120;507879424;0;0;0;0;0;0;0;0;0;0;0;3407;0;0;0;0;0;0;
42969;3370421;555585536;51077120;507879424;0;0;0;0;0;0;0;0;0;0;0;3276;0;0;0;0;0;0;
42970;4987103;555585536;51077120;507879424;0;0;0;0;0;0;0;0;0;0;0;2926;0;0;0;0;0;0;
42971;3464266;555585536;51077120;507879424;0;0;0;0;0;0;0;0;0;0;0;2846;0;0;0;0;0;0;
42972;4903736;555585536;51077120;507879424;0;0;0;0;0;0;0;0;0;0;0;3517;0;0;0;0;0;0;
42973;3478082;555585536;51077120;507879424;0;0;0;0;0;0;0;0;0;0;0;3186;0;0;0;0;0;0;
42974;4902334;555585536;51077120;507879424;0;0;0;0;0;0;0;0;0;0;0;3035;0;0;0;0;0;0;
42975;3429842;555585536;51077120;507879424;0;0;0;0;0;0;0;0;0;0;0;3186;0;0;0;0;0;0;
42976;4876235;555585536;51077120;507879424;0;0;0;0;0;0;0;0;0;0;0;2935;0;0;0;0;0;0;
42977;3410486;555585536;51077120;507879424;0;0;0;0;0;0;0;0;0;0;0;3176;0;0;0;0;0;0;
42978;4863220;555585536;51077120;507879424;0;0;0;0;0;0;0;0;0;0;0;3156;0;0;0;0;0;0;
42979;3377564;555585536;51077120;507879424;0;0;0;0;0;0;0;0;0;0;0;3056;0;0;0;0;0;0;
42980;4915839;555585536;51077120;507879424;0;0;0;0;0;0;0;0;0;0;0;2995;0;0;0;0;0;0;
42981;3424121;555585536;51077120;507879424;0;0;0;0;0;0;0;0;0;0;0;3667;0;0;0;0;0;0;
42982;4884189;555585536;51077120;507879424;0;0;0;0;0;0;0;0;0;0;0;3717;0;0;0;0;0;0;
42983;3369368;555585536;51077120;507879424;0;0;0;0;0;0;0;0;0;0;0;3166;0;0;0;0;0;0;
42984;4908515;555585536;51077120;507879424;0;0;0;0;0;0;0;0;0;0;0;3527;0;0;0;0;0;0;
42985;3357606;555585536;51077120;507879424;0;0;0;0;0;0;0;0;0;0;0;3096;0;0;0;0;0;0;
42986;4991131;555585536;51077120;507879424;0;0;0;0;0;0;0;0;0;0;0;3456;0;0;0;0;0;0;
42987;4199345;555585536;51077120;507879424;0;0;0;0;0;0;0;0;0;0;0;3647;0;0;0;0;0;0;
42988;4886444;555585536;51077120;507879424;0;0;0;0;0;0;0;0;0;0;0;3186;0;0;0;0;0;0;
42989;3467734;555585536;51077120;507879424;0;0;0;0;0;0;0;0;0;0;0;4058;0;0;0;0;0;0;
42990;4844585;555585536;51077120;507879424;0;0;0;0;0;0;0;0;0;0;0;3557;0;0;0;0;0;0;
42991;3411919;555585536;51077120;507879424;0;0;0;0;0;0;0;0;0;0;0;3717;0;0;0;0;0;0;
42992;4835438;555585536;51077120;507879424;0;0;0;0;0;0;0;0;0;0;0;3667;0;0;0;0;0;0;
42993;3383105;555585536;51077120;507879424;0;0;0;0;0;0;0;0;0;0;0;3457;0;0;0;0;0;0;
42994;4864653;555585536;51077120;507879424;0;0;0;0;0;0;0;0;0;0;0;3266;0;0;0;0;0;0;
42995;3327621;555585536;51077120;507879424;0;0;0;0;0;0;0;0;0;0;0;2986;0;0;0;0;0;0;
42996;4895050;555585536;51077120;507879424;0;0;0;0;0;0;0;0;0;0;0;3106;0;0;0;0;0;0;
42997;3320387;555585536;51077120;507879424;0;0;0;0;0;0;0;0;0;0;0;3717;0;0;0;0;0;0;
42998;4934524;555585536;51077120;507879424;0;0;0;0;0;0;0;0;0;0;0;4168;0;0;0;0;0;0;
42999;3285853;555585536;51077120;507879424;0;0;0;0;0;0;0;0;0;0;0;3096;0;0;0;0;0;0;
43000;4904117;555585536;51077120;507879424;0;0;0;0;0;0;0;0;0;0;0;2945;0;0;0;0;0;0;
43001;3381191;555585536;51077120;507879424;0;0;0;0;0;0;0;0;0;0;0;3166;0;0;0;0;0;0;
43002;4809099;555585536;51077120;507879424;0;0;0;0;0;0;0;0;0;0;0;3156;0;0;0;0;0;0;
43003;3612595;555585536;51077120;507879424;0;0;0;0;0;0;0;0;0;0;0;3467;0;0;0;0;0;0;
43004;4854203;555585536;51077120;507879424;0;0;0;0;0;0;0;0;0;0;0;2936;0;0;0;0;0;0;
43005;3413302;555585536;51077120;507879424;0;0;0;0;0;0;0;0;0;0;0;3055;0;0;0;0;0;0;
43006;4790804;555585536;51077120;507879424;0;0;0;0;0;0;0;0;0;0;0;3256;0;0;0;0;0;0;
43007;3423911;555585536;51077120;507879424;0;0;0;0;0;0;0;0;0;0;0;2916;0;0;0;0;0;0;
43008;4798169;555585536;51077120;507879424;0;0;0;0;0;0;0;0;0;0;0;3256;0;0;0;0;0;0;
43009;3393614;555585536;51077120;507879424;0;0;0;0;0;0;0;0;0;0;0;3978;0;0;0;0;0;0;
43010;4843403;555585536;51077120;507879424;0;0;0;0;0;0;0;0;0;0;0;3297;0;0;0;0;0;0;
43011;3483884;555585536;51077120;507879424;0;0;0;0;0;0;0;0;0;0;0;3066;0;0;0;0;0;0;
43012;4930096;555585536;51077120;507879424;0;0;0;0;0;0;0;0;0;0;0;3337;0;0;0;0;0;0;
43013;3557081;555585536;51077120;507879424;0;0;0;0;0;0;0;0;0;0;0;3817;0;0;0;0;0;0;
43014;4875643;555585536;51077120;507879424;0;0;0;0;0;0;0;0;0;0;0;2995;0;0;0;0;0;0;
43015;3350383;555585536;51077120;507879424;0;0;0;0;0;0;0;0;0;0;0;2955;0;0;0;0;0;0;
43016;4976943;555585536;51077120;507879424;0;0;0;0;0;0;0;0;0;0;0;2935;0;0;0;0;0;0;
43017;3286904;555585536;51085312;507887616;0;0;0;0;0;0;0;0;0;0;0;3267;0;0;0;0;0;0;
43018;4826061;555585536;51085312;507887616;0;0;0;0;0;0;0;0;0;0;0;3025;0;0;0;0;0;0;
43019;3344061;555585536;51085312;507887616;0;0;0;0;0;0;0;0;0;0;0;3046;0;0;0;0;0;0;
43020;4851378;555585536;51085312;507887616;0;0;0;0;0;0;0;0;0;0;0;3156;0;0;0;0;0;0;
43021;3299017;555585536;51085312;507887616;0;0;0;0;0;0;0;0;0;0;0;3266;0;0;0;0;0;0;
43022;4800703;555585536;51085312;507887616;0;0;0;0;0;0;0;0;0;0;0;3396;0;0;0;0;0;0;
43023;3346727;555622400;51077120;507879424;0;0;0;0;0;0;0;0;0;0;0;3136;0;0;0;0;0;0;
43024;4915097;555622400;51077120;507879424;0;0;0;0;0;0;0;0;0;0;0;3066;0;0;0;0;0;0;
43025;3321700;555622400;51077120;507879424;0;0;0;0;0;0;0;0;0;0;0;3156;0;0;0;0;0;0;
43026;4877888;555622400;51077120;507879424;0;0;0;0;0;0;0;0;0;0;0;3026;0;0;0;0;0;0;
43027;3671736;555622400;51077120;507879424;0;0;0;0;0;0;0;0;0;0;0;3897;0;0;0;0;0;0;
43028;4832934;555622400;51077120;507879424;0;0;0;0;0;0;0;0;0;0;0;3516;0;0;0;0;0;0;
43029;3513970;555622400;51077120;507879424;0;0;0;0;0;0;0;0;0;0;0;3687;0;0;0;0;0;0;
43030;4828666;555622400;51077120;507879424;0;0;0;0;0;0;0;0;0;0;0;3296;0;0;0;0;0;0;
43031;3455681;555622400;51077120;507879424;0;0;0;0;0;0;0;0;0;0;0;3727;0;0;0;0;0;0;
43032;4810492;555622400;51077120;507879424;0;0;0;0;0;0;0;0;0;0;0;3266;0;0;0;0;0;0;
43033;3424743;555622400;51077120;507879424;0;0;0;0;0;0;0;0;0;0;0;3456;0;0;0;0;0;0;
43034;4834927;555622400;51077120;507879424;0;0;0;0;0;0;0;0;0;0;0;3476;0;0;0;0;0;0;
43035;3636631;555622400;51077120;507879424;0;0;0;0;0;0;0;0;0;0;0;3687;0;0;0;0;0;0;
43036;4885432;555622400;51077120;507879424;0;0;0;0;0;0;0;0;0;0;0;3416;0;0;0;0;0;0;
43037;3669772;555622400;51077120;507879424;0;0;0;0;0;0;0;0;0;0;0;3306;0;0;0;0;0;0;
43038;4878148;555622400;51077120;507879424;0;0;0;0;0;0;0;0;0;0;0;3116;0;0;0;0;0;0;
43039;3331959;555622400;51077120;507879424;0;0;0;0;0;0;0;0;0;0;0;3176;0;0;0;0;0;0;
43040;4872046;555622400;51077120;507879424;0;0;0;0;0;0;0;0;0;0;0;3627;0;0;0;0;0;0;
43041;3381511;555622400;51077120;507879424;0;0;0;0;0;0;0;0;0;0;0;3697;0;0;0;0;0;0;
43042;4820490;555622400;51077120;507879424;0;0;0;0;0;0;0;0;0;0;0;3035;0;0;0;0;0;0;
43043;3459097;555622400;51077120;507879424;0;0;0;0;0;0;0;0;0;0;0;3277;0;0;0;0;0;0;
43044;4866146;555622400;51077120;507879424;0;0;0;0;0;0;0;0;0;0;0;8245;0;0;0;0;0;0;
43045;3371864;555622400;51077120;507879424;0;0;0;0;0;0;0;0;0;0;0;3276;0;0;0;0;0;0;
43046;4868219;555622400;51077120;507879424;0;0;0;0;0;0;0;0;0;0;0;2925;0;0;0;0;0;0;
43047;3404315;555622400;51077120;507879424;0;0;0;0;0;0;0;0;0;0;0;2896;0;0;0;0;0;0;
43048;4928613;555622400;51077120;507879424;0;0;0;0;0;0;0;0;0;0;0;3086;0;0;0;0;0;0;
43049;3346156;555622400;51077120;507879424;0;0;0;0;0;0;0;0;0;0;0;3557;0;0;0;0;0;0;
43050;4852922;555622400;51077120;507879424;0;0;0;0;0;0;0;0;0;0;0;3196;0;0;0;0;0;0;
43051;3667919;555622400;51077120;507879424;0;0;0;0;0;0;0;0;0;0;0;3577;0;0;0;0;0;0;
43052;4823165;555622400;51077120;507879424;0;0;0;0;0;0;0;0;0;0;0;3837;0;0;0;0;0;0;
43053;3593409;555622400;51077120;507879424;0;0;0;0;0;0;0;0;0;0;0;3116;0;0;0;0;0;0;
43054;4858451;555622400;51077120;507879424;0;0;0;0;0;0;0;0;0;0;0;3136;0;0;0;0;0;0;
43055;3500475;555622400;51077120;507879424;0;0;0;0;0;0;0;0;0;0;0;3477;0;0;0;0;0;0;
43056;4793399;555622400;51077120;507879424;0;0;0;0;0;0;0;0;0;0;0;2986;0;0;0;0;0;0;
43057;3519781;555622400;51077120;507879424;0;0;0;0;0;0;0;0;0;0;0;3537;0;0;0;0;0;0;
43058;4806684;555622400;51077120;507879424;0;0;0;0;0;0;0;0;0;0;0;3547;0;0;0;0;0;0;
43059;3529729;555622400;51077120;507879424;0;0;0;0;0;0;0;0;0;0;0;3086;0;0;0;0;0;0;
43060;4849766;555622400;51077120;507879424;0;0;0;0;0;0;0;0;0;0;0;3637;0;0;0;0;0;0;
43061;3392963;555622400;51077120;507879424;0;0;0;0;0;0;0;0;0;0;0;3416;0;0;0;0;0;0;
43062;5400629;555622400;51077120;507879424;0;0;0;0;0;0;0;0;0;0;0;3066;0;0;0;0;0;0;
43063;3336537;555622400;51077120;507879424;0;0;0;0;0;0;0;0;0;0;0;3436;0;0;0;0;0;0;
43064;4881605;555622400;51077120;507879424;0;0;0;0;0;0;0;0;0;0;0;3266;0;0;0;0;0;0;
43065;3336608;555622400;51077120;507879424;0;0;0;0;0;0;0;0;0;0;0;3216;0;0;0;0;0;0;
43066;4915749;555622400;51077120;507879424;0;0;0;0;0;0;0;0;0;0;0;3086;0;0;0;0;0;0;
43067;3380550;555622400;51077120;507879424;0;0;0;0;0;0;0;0;0;0;0;3797;0;0;0;0;0;0;
43068;4873900;555622400;51077120;507879424;0;0;0;0;0;0;0;0;0;0;0;3266;0;0;0;0;0;0;
43069;3409514;555622400;51077120;507879424;0;0;0;0;0;0;0;0;0;0;0;3226;0;0;0;0;0;0;
43070;4847641;555622400;51077120;507879424;0;0;0;0;0;0;0;0;0;0;0;3276;0;0;0;0;0;0;
43071;3392512;555622400;51077120;507879424;0;0;0;0;0;0;0;0;0;0;0;3116;0;0;0;0;0;0;
43072;4901222;555622400;51077120;507879424;0;0;0;0;0;0;0;0;0;0;0;3567;0;0;0;0;0;0;
43073;3410416;555622400;51077120;507879424;0;0;0;0;0;0;0;0;0;0;0;2936;0;0;0;0;0;0;
43074;4905229;555622400;51077120;507879424;0;0;0;0;0;0;0;0;0;0;0;2996;0;0;0;0;0;0;
43075;3549918;555622400;51077120;507879424;0;0;0;0;0;0;0;0;0;0;0;3467;0;0;0;0;0;0;
43076;4891162;555622400;51077120;507879424;0;0;0;0;0;0;0;0;0;0;0;3065;0;0;0;0;0;0;
43077;3456773;555622400;51077120;507879424;0;0;0;0;0;0;0;0;0;0;0;3186;0;0;0;0;0;0;
43078;4849364;555622400;51077120;507879424;0;0;0;0;0;0;0;0;0;0;0;2986;0;0;0;0;0;0;
43079;3438849;555622400;51077120;507879424;0;0;0;0;0;0;0;0;0;0;0;3777;0;0;0;0;0;0;
43080;4866977;555622400;51077120;507879424;0;0;0;0;0;0;0;0;0;0;0;3126;0;0;0;0;0;0;
43081;3351856;555622400;51077120;507879424;0;0;0;0;0;0;0;0;0;0;0;3326;0;0;0;0;0;0;
43082;4890181;555622400;51077120;507879424;0;0;0;0;0;0;0;0;0;0;0;3226;0;0;0;0;0;0;
43083;3321359;555622400;51077120;507879424;0;0;0;0;0;0;0;0;0;0;0;3006;0;0;0;0;0;0;
43084;4938231;555622400;51077120;507879424;0;0;0;0;0;0;0;0;0;0;0;3166;0;0;0;0;0;0;
43085;3380490;555622400;51077120;507879424;0;0;0;0;0;0;0;0;0;0;0;3046;0;0;0;0;0;0;
43086;5072493;555622400;51077120;507879424;0;0;0;0;0;0;0;0;0;0;0;4027;0;0;0;0;0;0;
43087;3414303;555622400;51077120;507879424;0;0;0;0;0;0;0;0;0;0;0;3306;0;0;0;0;0;0;
43088;4915850;555622400;51077120;507879424;0;0;0;0;0;0;0;0;0;0;0;2815;0;0;0;0;0;0;
43089;3446284;555622400;51077120;507879424;0;0;0;0;0;0;0;0;0;0;0;3005;0;0;0;0;0;0;
43090;4885312;555622400;51077120;507879424;0;0;0;0;0;0;0;0;0;0;0;2845;0;0;0;0;0;0;
43091;3518218;555622400;51077120;507879424;0;0;0;0;0;0;0;0;0;0;0;2966;0;0;0;0;0;0;
43092;4881995;555622400;51077120;507879424;0;0;0;0;0;0;0;0;0;0;0;2946;0;0;0;0;0;0;
43093;3402961;555622400;51077120;507879424;0;0;0;0;0;0;0;0;0;0;0;3427;0;0;0;0;0;0;
43094;4828034;555622400;51077120;507879424;0;0;0;0;0;0;0;0;0;0;0;3126;0;0;0;0;0;0;
43095;3487420;555622400;51077120;507879424;0;0;0;0;0;0;0;0;0;0;0;3086;0;0;0;0;0;0;
43096;4862669;555622400;51077120;507879424;0;0;0;0;0;0;0;0;0;0;0;3206;0;0;0;0;0;0;
43097;3412440;555622400;51077120;507879424;0;0;0;0;0;0;0;0;0;0;0;3496;0;0;0;0;0;0;
43098;4963638;555622400;51077120;507879424;0;0;0;0;0;0;0;0;0;0;0;3136;0;0;0;0;0;0;
43099;3428730;555622400;51077120;507879424;0;0;0;0;0;0;0;0;0;0;0;3156;0;0;0;0;0;0;
43100;4943311;555622400;51077120;507879424;0;0;0;0;0;0;0;0;0;0;0;3005;0;0;0;0;0;0;
43101;3428039;555622400;51077120;507879424;0;0;0;0;0;0;0;0;0;0;0;3787;0;0;0;0;0;0;
43102;4908245;555622400;51077120;507879424;0;0;0;0;0;0;0;0;0;0;0;2675;0;0;0;0;0;0;
43103;3430574;555622400;51077120;507879424;0;0;0;0;0;0;0;0;0;0;0;2955;0;0;0;0;0;0;
43104;4851869;555622400;51077120;507879424;0;0;0;0;0;0;0;0;0;0;0;3116;0;0;0;0;0;0;
43105;3400287;555622400;51077120;507879424;0;0;0;0;0;0;0;0;0;0;0;3086;0;0;0;0;0;0;
43106;4847391;555622400;51077120;507879424;0;0;0;0;0;0;0;0;0;0;0;3105;0;0;0;0;0;0;
43107;3390548;555622400;51077120;507879424;0;0;0;0;0;0;0;0;0;0;0;3286;0;0;0;0;0;0;
43108;4845407;555622400;51077120;507879424;0;0;0;0;0;0;0;0;0;0;0;3126;0;0;0;0;0;0;
43109;3402000;555622400;51077120;507879424;0;0;0;0;0;0;0;0;0;0;0;3767;0;0;0;0;0;0;
43110;4872207;555622400;51077120;507879424;0;0;0;0;0;0;0;0;0;0;0;3026;0;0;0;0;0;0;
43111;3535871;555622400;51077120;507879424;0;0;0;0;0;0;0;0;0;0;0;3517;0;0;0;0;0;0;
43112;4918164;555622400;51077120;507879424;0;0;0;0;0;0;0;0;0;0;0;2815;0;0;0;0;0;0;
43113;3445131;555622400;51077120;507879424;0;0;0;0;0;0;0;0;0;0;0;3327;0;0;0;0;0;0;
43114;4864162;555622400;51077120;507879424;0;0;0;0;0;0;0;0;0;0;0;3587;0;0;0;0;0;0;
43115;3559335;555622400;51077120;507879424;0;0;0;0;0;0;0;0;0;0;0;3356;0;0;0;0;0;0;
43116;4917542;555622400;51077120;507879424;0;0;0;0;0;0;0;0;0;0;0;3256;0;0;0;0;0;0;
43117;3372635;555622400;51077120;507879424;0;0;0;0;0;0;0;0;0;0;0;3086;0;0;0;0;0;0;
43118;4822714;555622400;51077120;507879424;0;0;0;0;0;0;0;0;0;0;0;3186;0;0;0;0;0;0;
43119;3439951;555622400;51077120;507879424;0;0;0;0;0;0;0;0;0;0;0;2815;0;0;0;0;0;0;
43120;4894609;555622400;51077120;507879424;0;0;0;0;0;0;0;0;0;0;0;3085;0;0;0;0;0;0;
43121;3428309;555622400;51077120;507879424;0;0;0;0;0;0;0;0;0;0;0;3105;0;0;0;0;0;0;
43122;4950494;555622400;51077120;507879424;0;0;0;0;0;0;0;0;0;0;0;3175;0;0;0;0;0;0;
43123;3375751;555622400;51077120;507879424;0;0;0;0;0;0;0;0;0;0;0;3276;0;0;0;0;0;0;
43124;4959131;555622400;51077120;507879424;0;0;0;0;0;0;0;0;0;0;0;3386;0;0;0;0;0;0;
43125;3400627;555622400;51077120;507879424;0;0;0;0;0;0;0;0;0;0;0;3336;0;0;0;0;0;0;
43126;4899569;555622400;51077120;507879424;0;0;0;0;0;0;0;0;0;0;0;2986;0;0;0;0;0;0;
43127;3487250;555622400;51077120;507879424;0;0;0;0;0;0;0;0;0;0;0;3326;0;0;0;0;0;0;
43128;4935656;555622400;51077120;507879424;0;0;0;0;0;0;0;0;0;0;0;3276;0;0;0;0;0;0;
43129;3457714;555622400;51077120;507879424;0;0;0;0;0;0;0;0;0;0;0;3286;0;0;0;0;0;0;
43130;4828776;555622400;51077120;507879424;0;0;0;0;0;0;0;0;0;0;0;3246;0;0;0;0;0;0;
43131;3378456;555622400;51077120;507879424;0;0;0;0;0;0;0;0;0;0;0;3336;0;0;0;0;0;0;
43132;4914146;555622400;51077120;507879424;0;0;0;0;0;0;0;0;0;0;0;3156;0;0;0;0;0;0;
43133;3368818;555622400;51077120;507879424;0;0;0;0;0;0;0;0;0;0;0;3196;0;0;0;0;0;0;
43134;4900851;555622400;51077120;507879424;0;0;0;0;0;0;0;0;0;0;0;3336;0;0;0;0;0;0;
43135;4041549;555622400;51077120;507879424;0;0;0;0;0;0;0;0;0;0;0;3657;0;0;0;0;0;0;
43136;4985289;555622400;51077120;507879424;0;0;0;0;0;0;0;0;0;0;0;3186;0;0;0;0;0;0;
43137;3367846;555622400;51085312;507887616;0;0;0;0;0;0;0;0;0;0;0;3506;0;0;0;0;0;0;
43138;4923082;555622400;51085312;507887616;0;0;0;0;0;0;0;0;0;0;0;3717;0;0;0;0;0;0;
43139;3340024;555622400;51085312;507887616;0;0;0;0;0;0;0;0;0;0;0;3236;0;0;0;0;0;0;
43140;4877848;555622400;51085312;507887616;0;0;0;0;0;0;0;0;0;0;0;2986;0;0;0;0;0;0;
43141;3456422;555622400;51085312;507887616;0;0;0;0;0;0;0;0;0;0;0;3566;0;0;0;0;0;0;
43142;4848543;555622400;51085312;507887616;0;0;0;0;0;0;0;0;0;0;0;3176;0;0;0;0;0;0;
43143;3595543;555642880;51077120;507879424;0;0;0;0;0;0;0;0;0;0;0;3406;0;0;0;0;0;0;
43144;4838774;555642880;51077120;507879424;0;0;0;0;0;0;0;0;0;0;0;2975;0;0;0;0;0;0;
43145;3431686;555642880;51077120;507879424;0;0;0;0;0;0;0;0;0;0;0;3176;0;0;0;0;0;0;
43146;4858241;555642880;51077120;507879424;0;0;0;0;0;0;0;0;0;0;0;3135;0;0;0;0;0;0;
43147;3471520;555642880;51077120;507879424;0;0;0;0;0;0;0;0;0;0;0;2966;0;0;0;0;0;0;
43148;4902805;555642880;51077120;507879424;0;0;0;0;0;0;0;0;0;0;0;3016;0;0;0;0;0;0;
43149;3374408;555642880;51077120;507879424;0;0;0;0;0;0;0;0;0;0;0;3417;0;0;0;0;0;0;
43150;4912433;555642880;51077120;507879424;0;0;0;0;0;0;0;0;0;0;0;3316;0;0;0;0;0;0;
43151;3686052;555642880;51077120;507879424;0;0;0;0;0;0;0;0;0;0;0;3467;0;0;0;0;0;0;
43152;4832242;555642880;51077120;507879424;0;0;0;0;0;0;0;0;0;0;0;3126;0;0;0;0;0;0;
43153;3475067;555642880;51077120;507879424;0;0;0;0;0;0;0;0;0;0;0;3146;0;0;0;0;0;0;
43154;4845127;555642880;51077120;507879424;0;0;0;0;0;0;0;0;0;0;0;3216;0;0;0;0;0;0;
43155;3571528;555642880;51077120;507879424;0;0;0;0;0;0;0;0;0;0;0;3246;0;0;0;0;0;0;
43156;4871155;555642880;51077120;507879424;0;0;0;0;0;0;0;0;0;0;0;3026;0;0;0;0;0;0;
43157;3491538;555642880;51077120;507879424;0;0;0;0;0;0;0;0;0;0;0;3025;0;0;0;0;0;0;
43158;4797808;555642880;51077120;507879424;0;0;0;0;0;0;0;0;0;0;0;3036;0;0;0;0;0;0;
43159;3791069;555642880;51077120;507879424;0;0;0;0;0;0;0;0;0;0;0;3166;0;0;0;0;0;0;
43160;5135150;555642880;51077120;507879424;0;0;0;0;0;0;0;0;0;0;0;2855;0;0;0;0;0;0;
43161;3405456;555642880;51077120;507879424;0;0;0;0;0;0;0;0;0;0;0;3136;0;0;0;0;0;0;
43162;4869763;555642880;51077120;507879424;0;0;0;0;0;0;0;0;0;0;0;3186;0;0;0;0;0;0;
43163;3353389;555642880;51077120;507879424;0;0;0;0;0;0;0;0;0;0;0;2856;0;0;0;0;0;0;
43164;4897845;555642880;51077120;507879424;0;0;0;0;0;0;0;0;0;0;0;3106;0;0;0;0;0;0;
43165;3422578;555642880;51077120;507879424;0;0;0;0;0;0;0;0;0;0;0;3106;0;0;0;0;0;0;
43166;4858481;555642880;51077120;507879424;0;0;0;0;0;0;0;0;0;0;0;3045;0;0;0;0;0;0;
43167;3376502;555642880;51077120;507879424;0;0;0;0;0;0;0;0;0;0;0;3226;0;0;0;0;0;0;
43168;4844615;555642880;51077120;507879424;0;0;0;0;0;0;0;0;0;0;0;3166;0;0;0;0;0;0;
43169;3267178;555642880;51077120;507879424;0;0;0;0;0;0;0;0;0;0;0;3136;0;0;0;0;0;0;
43170;4941347;555642880;51077120;507879424;0;0;0;0;0;0;0;0;0;0;0;2976;0;0;0;0;0;0;
43171;3346927;555642880;51077120;507879424;0;0;0;0;0;0;0;0;0;0;0;3206;0;0;0;0;0;0;
43172;4971253;555642880;51077120;507879424;0;0;0;0;0;0;0;0;0;0;0;2975;0;0;0;0;0;0;
43173;3407391;555642880;51077120;507879424;0;0;0;0;0;0;0;0;0;0;0;3447;0;0;0;0;0;0;
43174;4822213;555642880;51077120;507879424;0;0;0;0;0;0;0;0;0;0;0;3066;0;0;0;0;0;0;
43175;3738110;555642880;51077120;507879424;0;0;0;0;0;0;0;0;0;0;0;3426;0;0;0;0;0;0;
43176;4845177;555642880;51077120;507879424;0;0;0;0;0;0;0;0;0;0;0;3387;0;0;0;0;0;0;
43177;3457203;555642880;51077120;507879424;0;0;0;0;0;0;0;0;0;0;0;3266;0;0;0;0;0;0;
43178;4814039;555642880;51077120;507879424;0;0;0;0;0;0;0;0;0;0;0;2866;0;0;0;0;0;0;
43179;3431836;555642880;51077120;507879424;0;0;0;0;0;0;0;0;0;0;0;3066;0;0;0;0;0;0;
43180;4809429;555642880;51077120;507879424;0;0;0;0;0;0;0;0;0;0;0;3036;0;0;0;0;0;0;
43181;3412790;555642880;51077120;507879424;0;0;0;0;0;0;0;0;0;0;0;3376;0;0;0;0;0;0;
43182;4766669;555642880;51077120;507879424;0;0;0;0;0;0;0;0;0;0;0;3056;0;0;0;0;0;0;
43183;3612826;555642880;51077120;507879424;0;0;0;0;0;0;0;0;0;0;0;3356;0;0;0;0;0;0;
43184;5348180;555642880;51077120;507879424;0;0;0;0;0;0;0;0;0;0;0;3948;0;0;0;0;0;0;
43185;3345013;555642880;51077120;507879424;0;0;0;0;0;0;0;0;0;0;0;3166;0;0;0;0;0;0;
43186;4987122;555642880;51077120;507879424;0;0;0;0;0;0;0;0;0;0;0;3226;0;0;0;0;0;0;
43187;12460808;555642880;51077120;507879424;0;0;0;0;0;0;0;0;0;0;0;3056;0;0;0;0;0;0;
43188;4960403;555642880;51077120;507879424;0;0;0;0;0;0;0;0;0;0;0;4238;0;0;0;0;0;0;
43189;3345655;555642880;51077120;507879424;0;0;0;0;0;0;0;0;0;0;0;3216;0;0;0;0;0;0;
43190;4889780;555642880;51077120;507879424;0;0;0;0;0;0;0;0;0;0;0;3116;0;0;0;0;0;0;
43191;3249093;555642880;51077120;507879424;0;0;0;0;0;0;0;0;0;0;0;3246;0;0;0;0;0;0;
43192;4882877;555642880;51077120;507879424;0;0;0;0;0;0;0;0;0;0;0;2986;0;0;0;0;0;0;
43193;3355914;555642880;51077120;507879424;0;0;0;0;0;0;0;0;0;0;0;3096;0;0;0;0;0;0;
43194;4805872;555642880;51077120;507879424;0;0;0;0;0;0;0;0;0;0;0;3116;0;0;0;0;0;0;
43195;3272056;555642880;51077120;507879424;0;0;0;0;0;0;0;0;0;0;0;2976;0;0;0;0;0;0;
43196;4852691;555642880;51077120;507879424;0;0;0;0;0;0;0;0;0;0;0;2916;0;0;0;0;0;0;
43197;3383475;555642880;51077120;507879424;0;0;0;0;0;0;0;0;0;0;0;3086;0;0;0;0;0;0;
43198;4804661;555642880;51077120;507879424;0;0;0;0;0;0;0;0;0;0;0;2915;0;0;0;0;0;0;
43199;3554796;555642880;51077120;507879424;0;0;0;0;0;0;0;0;0;0;0;3026;0;0;0;0;0;0;
43200;4773502;555642880;51077120;507879424;0;0;0;0;0;0;0;0;0;0;0;3135;0;0;0;0;0;0;
43201;3432788;555642880;51077120;507879424;0;0;0;0;0;0;0;0;0;0;0;3196;0;0;0;0;0;0;
43202;4895401;555642880;51077120;507879424;0;0;0;0;0;0;0;0;0;0;0;3457;0;0;0;0;0;0;
43203;3427207;555642880;51077120;507879424;0;0;0;0;0;0;0;0;0;0;0;3106;0;0;0;0;0;0;
43204;4803288;555642880;51077120;507879424;0;0;0;0;0;0;0;0;0;0;0;2985;0;0;0;0;0;0;
43205;3428189;555642880;51077120;507879424;0;0;0;0;0;0;0;0;0;0;0;3006;0;0;0;0;0;0;
43206;5041765;555642880;51077120;507879424;0;0;0;0;0;0;0;0;0;0;0;3637;0;0;0;0;0;0;
43207;3689440;555642880;51077120;507879424;0;0;0;0;0;0;0;0;0;0;0;3065;0;0;0;0;0;0;
43208;4992724;555642880;51077120;507879424;0;0;0;0;0;0;0;0;0;0;0;3116;0;0;0;0;0;0;
43209;3567099;555642880;51077120;507879424;0;0;0;0;0;0;0;0;0;0;0;3106;0;0;0;0;0;0;
43210;4871917;555642880;51077120;507879424;0;0;0;0;0;0;0;0;0;0;0;3246;0;0;0;0;0;0;
43211;3529319;555642880;51077120;507879424;0;0;0;0;0;0;0;0;0;0;0;4038;0;0;0;0;0;0;
43212;4861758;555642880;51077120;507879424;0;0;0;0;0;0;0;0;0;0;0;3035;0;0;0;0;0;0;
43213;3486959;555642880;51077120;507879424;0;0;0;0;0;0;0;0;0;0;0;3536;0;0;0;0;0;0;
43214;4830639;555642880;51077120;507879424;0;0;0;0;0;0;0;0;0;0;0;3447;0;0;0;0;0;0;
43215;3427468;555642880;51077120;507879424;0;0;0;0;0;0;0;0;0;0;0;3156;0;0;0;0;0;0;
43216;4932871;555642880;51077120;507879424;0;0;0;0;0;0;0;0;0;0;0;3216;0;0;0;0;0;0;
43217;3370221;555642880;51077120;507879424;0;0;0;0;0;0;0;0;0;0;0;3186;0;0;0;0;0;0;
43218;4851258;555642880;51077120;507879424;0;0;0;0;0;0;0;0;0;0;0;3156;0;0;0;0;0;0;
43219;3412019;555642880;51077120;507879424;0;0;0;0;0;0;0;0;0;0;0;3206;0;0;0;0;0;0;
43220;4907864;555642880;51077120;507879424;0;0;0;0;0;0;0;0;0;0;0;3226;0;0;0;0;0;0;
43221;3358889;555642880;51077120;507879424;0;0;0;0;0;0;0;0;0;0;0;3477;0;0;0;0;0;0;
43222;4972154;555642880;51077120;507879424;0;0;0;0;0;0;0;0;0;0;0;2926;0;0;0;0;0;0;
43223;3405597;555642880;51077120;507879424;0;0;0;0;0;0;0;0;0;0;0;3696;0;0;0;0;0;0;
43224;4921299;555642880;51077120;507879424;0;0;0;0;0;0;0;0;0;0;0;3306;0;0;0;0;0;0;
43225;3523227;555642880;51077120;507879424;0;0;0;0;0;0;0;0;0;0;0;3386;0;0;0;0;0;0;
43226;4923623;555642880;51077120;507879424;0;0;0;0;0;0;0;0;0;0;0;3036;0;0;0;0;0;0;
43227;3441113;555642880;51077120;507879424;0;0;0;0;0;0;0;0;0;0;0;3246;0;0;0;0;0;0;
43228;4912393;555642880;51077120;507879424;0;0;0;0;0;0;0;0;0;0;0;3567;0;0;0;0;0;0;
43229;3452134;555642880;51077120;507879424;0;0;0;0;0;0;0;0;0;0;0;3496;0;0;0;0;0;0;
43230;4868651;555642880;51077120;507879424;0;0;0;0;0;0;0;0;0;0;0;3546;0;0;0;0;0;0;
43231;3637121;555642880;51077120;507879424;0;0;0;0;0;0;0;0;0;0;0;3346;0;0;0;0;0;0;
43232;4908535;555642880;51077120;507879424;0;0;0;0;0;0;0;0;0;0;0;3095;0;0;0;0;0;0;
43233;3353900;555642880;51077120;507879424;0;0;0;0;0;0;0;0;0;0;0;3116;0;0;0;0;0;0;
43234;4854514;555642880;51077120;507879424;0;0;0;0;0;0;0;0;0;0;0;3406;0;0;0;0;0;0;
43235;3335866;555642880;51077120;507879424;0;0;0;0;0;0;0;0;0;0;0;3166;0;0;0;0;0;0;
43236;4912653;555642880;51077120;507879424;0;0;0;0;0;0;0;0;0;0;0;3377;0;0;0;0;0;0;
43237;3389817;555642880;51077120;507879424;0;0;0;0;0;0;0;0;0;0;0;3326;0;0;0;0;0;0;
43238;4852240;555642880;51077120;507879424;0;0;0;0;0;0;0;0;0;0;0;3266;0;0;0;0;0;0;
43239;3378095;555642880;51077120;507879424;0;0;0;0;0;0;0;0;0;0;0;3196;0;0;0;0;0;0;
43240;4958469;555642880;51077120;507879424;0;0;0;0;0;0;0;0;0;0;0;3035;0;0;0;0;0;0;
43241;3457273;555642880;51077120;507879424;0;0;0;0;0;0;0;0;0;0;0;3186;0;0;0;0;0;0;
43242;4862148;555642880;51077120;507879424;0;0;0;0;0;0;0;0;0;0;0;3146;0;0;0;0;0;0;
43243;3356114;555642880;51077120;507879424;0;0;0;0;0;0;0;0;0;0;0;3496;0;0;0;0;0;0;
43244;4994086;555642880;51077120;507879424;0;0;0;0;0;0;0;0;0;0;0;3657;0;0;0;0;0;0;
43245;3335094;555642880;51077120;507879424;0;0;0;0;0;0;0;0;0;0;0;3417;0;0;0;0;0;0;
43246;4893808;555642880;51077120;507879424;0;0;0;0;0;0;0;0;0;0;0;3096;0;0;0;0;0;0;
43247;3371683;555642880;51077120;507879424;0;0;0;0;0;0;0;0;0;0;0;4018;0;0;0;0;0;0;
43248;4950184;555642880;51077120;507879424;0;0;0;0;0;0;0;0;0;0;0;3206;0;0;0;0;0;0;
43249;3333282;555642880;51077120;507879424;0;0;0;0;0;0;0;0;0;0;0;3326;0;0;0;0;0;0;
43250;4901963;555642880;51077120;507879424;0;0;0;0;0;0;0;0;0;0;0;3366;0;0;0;0;0;0;
43251;3411218;555642880;51077120;507879424;0;0;0;0;0;0;0;0;0;0;0;3085;0;0;0;0;0;0;
43252;4973247;555642880;51077120;507879424;0;0;0;0;0;0;0;0;0;0;0;2995;0;0;0;0;0;0;
43253;3399215;555642880;51077120;507879424;0;0;0;0;0;0;0;0;0;0;0;3947;0;0;0;0;0;0;
43254;5009364;555642880;51077120;507879424;0;0;0;0;0;0;0;0;0;0;0;3106;0;0;0;0;0;0;
43255;3526063;555642880;51085312;507887616;0;0;0;0;0;0;0;0;0;0;0;3086;0;0;0;0;0;0;
43256;5478754;555642880;51085312;507887616;0;0;0;0;0;0;0;0;0;0;0;3587;0;0;0;0;0;0;
43257;3373938;555642880;51085312;507887616;0;0;0;0;0;0;0;0;0;0;0;3496;0;0;0;0;0;0;
43258;4859524;555642880;51085312;507887616;0;0;0;0;0;0;0;0;0;0;0;3306;0;0;0;0;0;0;
43259;3286574;555642880;51085312;507887616;0;0;0;0;0;0;0;0;0;0;0;3176;0;0;0;0;0;0;
43260;4953891;555642880;51085312;507887616;0;0;0;0;0;0;0;0;0;0;0;3146;0;0;0;0;0;0;
43261;3410847;555663360;51077120;507879424;0;0;0;0;0;0;0;0;0;0;0;3477;0;0;0;0;0;0;
43262;4886554;555663360;51077120;507879424;0;0;0;0;0;0;0;0;0;0;0;3126;0;0;0;0;0;0;
43263;3372705;555663360;51077120;507879424;0;0;0;0;0;0;0;0;0;0;0;3607;0;0;0;0;0;0;
43264;4944754;555663360;51077120;507879424;0;0;0;0;0;0;0;0;0;0;0;3256;0;0;0;0;0;0;
43265;3463195;555663360;51077120;507879424;0;0;0;0;0;0;0;0;0;0;0;4038;0;0;0;0;0;0;
43266;4877958;555663360;51077120;507879424;0;0;0;0;0;0;0;0;0;0;0;3116;0;0;0;0;0;0;
43267;3441955;555663360;51077120;507879424;0;0;0;0;0;0;0;0;0;0;0;3226;0;0;0;0;0;0;
43268;4860065;555663360;51077120;507879424;0;0;0;0;0;0;0;0;0;0;0;3256;0;0;0;0;0;0;
43269;3428099;555663360;51077120;507879424;0;0;0;0;0;0;0;0;0;0;0;3637;0;0;0;0;0;0;
43270;4921129;555663360;51077120;507879424;0;0;0;0;0;0;0;0;0;0;0;2986;0;0;0;0;0;0;
43271;3317542;555663360;51077120;507879424;0;0;0;0;0;0;0;0;0;0;0;3196;0;0;0;0;0;0;
43272;4837793;555663360;51077120;507879424;0;0;0;0;0;0;0;0;0;0;0;3046;0;0;0;0;0;0;
43273;3369218;555663360;51077120;507879424;0;0;0;0;0;0;0;0;0;0;0;3536;0;0;0;0;0;0;
43274;4869101;555663360;51077120;507879424;0;0;0;0;0;0;0;0;0;0;0;3206;0;0;0;0;0;0;
43275;3332460;555663360;51077120;507879424;0;0;0;0;0;0;0;0;0;0;0;3076;0;0;0;0;0;0;
43276;5005497;555663360;51077120;507879424;0;0;0;0;0;0;0;0;0;0;0;3326;0;0;0;0;0;0;
43277;3412460;555663360;51077120;507879424;0;0;0;0;0;0;0;0;0;0;0;4117;0;0;0;0;0;0;
43278;4899018;555663360;51077120;507879424;0;0;0;0;0;0;0;0;0;0;0;4048;0;0;0;0;0;0;
43279;3461692;555663360;51077120;507879424;0;0;0;0;0;0;0;0;0;0;0;3757;0;0;0;0;0;0;
43280;4978136;555663360;51077120;507879424;0;0;0;0;0;0;0;0;0;0;0;3226;0;0;0;0;0;0;
43281;3717371;555663360;51077120;507879424;0;0;0;0;0;0;0;0;0;0;0;3477;0;0;0;0;0;0;
43282;4852901;555663360;51077120;507879424;0;0;0;0;0;0;0;0;0;0;0;3025;0;0;0;0;0;0;
43283;3461201;555663360;51077120;507879424;0;0;0;0;0;0;0;0;0;0;0;3206;0;0;0;0;0;0;
43284;4958059;555663360;51077120;507879424;0;0;0;0;0;0;0;0;0;0;0;2926;0;0;0;0;0;0;
43285;3356705;555663360;51077120;507879424;0;0;0;0;0;0;0;0;0;0;0;3867;0;0;0;0;0;0;
43286;4878829;555663360;51077120;507879424;0;0;0;0;0;0;0;0;0;0;0;3447;0;0;0;0;0;0;
43287;3313985;555663360;51077120;507879424;0;0;0;0;0;0;0;0;0;0;0;3397;0;0;0;0;0;0;
43288;4975662;555663360;51077120;507879424;0;0;0;0;0;0;0;0;0;0;0;3166;0;0;0;0;0;0;
43289;3391601;555663360;51077120;507879424;0;0;0;0;0;0;0;0;0;0;0;3217;0;0;0;0;0;0;
43290;4960012;555663360;51077120;507879424;0;0;0;0;0;0;0;0;0;0;0;3026;0;0;0;0;0;0;
43291;3384647;555663360;51077120;507879424;0;0;0;0;0;0;0;0;0;0;0;3145;0;0;0;0;0;0;
43292;4896322;555663360;51077120;507879424;0;0;0;0;0;0;0;0;0;0;0;3176;0;0;0;0;0;0;
43293;3340775;555663360;51077120;507879424;0;0;0;0;0;0;0;0;0;0;0;3457;0;0;0;0;0;0;
43294;4947749;555663360;51077120;507879424;0;0;0;0;0;0;0;0;0;0;0;3126;0;0;0;0;0;0;
43295;3467272;555663360;51077120;507879424;0;0;0;0;0;0;0;0;0;0;0;3126;0;0;0;0;0;0;
43296;4955223;555663360;51077120;507879424;0;0;0;0;0;0;0;0;0;0;0;3096;0;0;0;0;0;0;
43297;3355092;555663360;51077120;507879424;0;0;0;0;0;0;0;0;0;0;0;3236;0;0;0;0;0;0;
43298;4880032;555663360;51077120;507879424;0;0;0;0;0;0;0;0;0;0;0;3336;0;0;0;0;0;0;
43299;3726168;555663360;51077120;507879424;0;0;0;0;0;0;0;0;0;0;0;3237;0;0;0;0;0;0;
43300;4902615;555663360;51077120;507879424;0;0;0;0;0;0;0;0;0;0;0;3807;0;0;0;0;0;0;
43301;3446724;555663360;51077120;507879424;0;0;0;0;0;0;0;0;0;0;0;3777;0;0;0;0;0;0;
43302;4825079;555663360;51077120;507879424;0;0;0;0;0;0;0;0;0;0;0;2995;0;0;0;0;0;0;
43303;3368267;555663360;51077120;507879424;0;0;0;0;0;0;0;0;0;0;0;2966;0;0;0;0;0;0;
43304;4931398;555663360;51077120;507879424;0;0;0;0;0;0;0;0;0;0;0;3116;0;0;0;0;0;0;
43305;3356034;555663360;51077120;507879424;0;0;0;0;0;0;0;0;0;0;0;3236;0;0;0;0;0;0;
43306;5335716;555663360;51077120;507879424;0;0;0;0;0;0;0;0;0;0;0;4157;0;0;0;0;0;0;
43307;3501286;555663360;51077120;507879424;0;0;0;0;0;0;0;0;0;0;0;3176;0;0;0;0;0;0;
43308;4941638;555663360;51077120;507879424;0;0;0;0;0;0;0;0;0;0;0;3997;0;0;0;0;0;0;
43309;3469427;555663360;51077120;507879424;0;0;0;0;0;0;0;0;0;0;0;3827;0;0;0;0;0;0;
43310;4929786;555663360;51077120;507879424;0;0;0;0;0;0;0;0;0;0;0;3287;0;0;0;0;0;0;
43311;3326137;555663360;51077120;507879424;0;0;0;0;0;0;0;0;0;0;0;2935;0;0;0;0;0;0;
43312;4914878;555663360;51077120;507879424;0;0;0;0;0;0;0;0;0;0;0;3046;0;0;0;0;0;0;
43313;3444210;555663360;51077120;507879424;0;0;0;0;0;0;0;0;0;0;0;2986;0;0;0;0;0;0;
43314;4896393;555663360;51077120;507879424;0;0;0;0;0;0;0;0;0;0;0;2885;0;0;0;0;0;0;
43315;3464477;555663360;51077120;507879424;0;0;0;0;0;0;0;0;0;0;0;3426;0;0;0;0;0;0;
43316;4904338;555663360;51077120;507879424;0;0;0;0;0;0;0;0;0;0;0;3427;0;0;0;0;0;0;
43317;3511144;555663360;51077120;507879424;0;0;0;0;0;0;0;0;0;0;0;3507;0;0;0;0;0;0;
43318;4883298;555663360;51077120;507879424;0;0;0;0;0;0;0;0;0;0;0;3066;0;0;0;0;0;0;
43319;3511275;555663360;51077120;507879424;0;0;0;0;0;0;0;0;0;0;0;3106;0;0;0;0;0;0;
43320;4886023;555663360;51077120;507879424;0;0;0;0;0;0;0;0;0;0;0;2956;0;0;0;0;0;0;
43321;3327220;555663360;51077120;507879424;0;0;0;0;0;0;0;0;0;0;0;3226;0;0;0;0;0;0;
43322;4881504;555663360;51077120;507879424;0;0;0;0;0;0;0;0;0;0;0;2996;0;0;0;0;0;0;
43323;3749912;555663360;51077120;507879424;0;0;0;0;0;0;0;0;0;0;0;3376;0;0;0;0;0;0;
43324;4837252;555663360;51077120;507879424;0;0;0;0;0;0;0;0;0;0;0;2946;0;0;0;0;0;0;
43325;3486498;555663360;51077120;507879424;0;0;0;0;0;0;0;0;0;0;0;3066;0;0;0;0;0;0;
43326;4801575;555663360;51077120;507879424;0;0;0;0;0;0;0;0;0;0;0;3146;0;0;0;0;0;0;
43327;3499573;555663360;51077120;507879424;0;0;0;0;0;0;0;0;0;0;0;3096;0;0;0;0;0;0;
43328;4827684;555663360;51077120;507879424;0;0;0;0;0;0;0;0;0;0;0;3336;0;0;0;0;0;0;
43329;3402150;555663360;51077120;507879424;0;0;0;0;0;0;0;0;0;0;0;3116;0;0;0;0;0;0;
43330;5250527;555663360;51077120;507879424;0;0;0;0;0;0;0;0;0;0;0;2965;0;0;0;0;0;0;
43331;3789156;555663360;51077120;507879424;0;0;0;0;0;0;0;0;0;0;0;3336;0;0;0;0;0;0;
43332;4876315;555663360;51077120;507879424;0;0;0;0;0;0;0;0;0;0;0;3226;0;0;0;0;0;0;
43333;3403463;555663360;51077120;507879424;0;0;0;0;0;0;0;0;0;0;0;3486;0;0;0;0;0;0;
43334;4877247;555663360;51077120;507879424;0;0;0;0;0;0;0;0;0;0;0;3076;0;0;0;0;0;0;
43335;3358649;555663360;51077120;507879424;0;0;0;0;0;0;0;0;0;0;0;3596;0;0;0;0;0;0;
43336;5002382;555663360;51077120;507879424;0;0;0;0;0;0;0;0;0;0;0;3075;0;0;0;0;0;0;
43337;3426546;555663360;51077120;507879424;0;0;0;0;0;0;0;0;0;0;0;3216;0;0;0;0;0;0;
43338;4915088;555663360;51077120;507879424;0;0;0;0;0;0;0;0;0;0;0;2926;0;0;0;0;0;0;
43339;3504191;555663360;51077120;507879424;0;0;0;0;0;0;0;0;0;0;0;3657;0;0;0;0;0;0;
43340;4887977;555663360;51077120;507879424;0;0;0;0;0;0;0;0;0;0;0;3156;0;0;0;0;0;0;
43341;3411959;555663360;51077120;507879424;0;0;0;0;0;0;0;0;0;0;0;3336;0;0;0;0;0;0;
43342;4817225;555663360;51077120;507879424;0;0;0;0;0;0;0;0;0;0;0;2985;0;0;0;0;0;0;
43343;3332229;555663360;51077120;507879424;0;0;0;0;0;0;0;0;0;0;0;2875;0;0;0;0;0;0;
43344;4914036;555663360;51077120;507879424;0;0;0;0;0;0;0;0;0;0;0;3567;0;0;0;0;0;0;
43345;3373467;555663360;51077120;507879424;0;0;0;0;0;0;0;0;0;0;0;3216;0;0;0;0;0;0;
43346;4877837;555663360;51077120;507879424;0;0;0;0;0;0;0;0;0;0;0;3146;0;0;0;0;0;0;
43347;3621551;555663360;51077120;507879424;0;0;0;0;0;0;0;0;0;0;0;3387;0;0;0;0;0;0;
43348;4968959;555663360;51077120;507879424;0;0;0;0;0;0;0;0;0;0;0;3176;0;0;0;0;0;0;
43349;3415666;555663360;51077120;507879424;0;0;0;0;0;0;0;0;0;0;0;3657;0;0;0;0;0;0;
43350;4935145;555663360;51077120;507879424;0;0;0;0;0;0;0;0;0;0;0;3116;0;0;0;0;0;0;
43351;3613717;555663360;51077120;507879424;0;0;0;0;0;0;0;0;0;0;0;3196;0;0;0;0;0;0;
43352;4827724;555663360;51077120;507879424;0;0;0;0;0;0;0;0;0;0;0;3046;0;0;0;0;0;0;
43353;3406118;555663360;51077120;507879424;0;0;0;0;0;0;0;0;0;0;0;3246;0;0;0;0;0;0;
43354;4866858;555663360;51077120;507879424;0;0;0;0;0;0;0;0;0;0;0;3076;0;0;0;0;0;0;
43355;3580054;555663360;51077120;507879424;0;0;0;0;0;0;0;0;0;0;0;3257;0;0;0;0;0;0;
43356;4927350;555663360;51077120;507879424;0;0;0;0;0;0;0;0;0;0;0;3507;0;0;0;0;0;0;
43357;3338481;555663360;51077120;507879424;0;0;0;0;0;0;0;0;0;0;0;3456;0;0;0;0;0;0;
43358;5028911;555663360;51077120;507879424;0;0;0;0;0;0;0;0;0;0;0;3637;0;0;0;0;0;0;
43359;3243232;555663360;51077120;507879424;0;0;0;0;0;0;0;0;0;0;0;2926;0;0;0;0;0;0;
43360;4925908;555663360;51077120;507879424;0;0;0;0;0;0;0;0;0;0;0;3056;0;0;0;0;0;0;
43361;3388675;555663360;51077120;507879424;0;0;0;0;0;0;0;0;0;0;0;3056;0;0;0;0;0;0;
43362;4905711;555663360;51077120;507879424;0;0;0;0;0;0;0;0;0;0;0;3036;0;0;0;0;0;0;
43363;3398313;555663360;51077120;507879424;0;0;0;0;0;0;0;0;0;0;0;3747;0;0;0;0;0;0;
43364;4969710;555663360;51077120;507879424;0;0;0;0;0;0;0;0;0;0;0;3637;0;0;0;0;0;0;
43365;3495546;555663360;51077120;507879424;0;0;0;0;0;0;0;0;0;0;0;4339;0;0;0;0;0;0;
43366;4900310;555663360;51077120;507879424;0;0;0;0;0;0;0;0;0;0;0;3066;0;0;0;0;0;0;
43367;3482531;555663360;51077120;507879424;0;0;0;0;0;0;0;0;0;0;0;3306;0;0;0;0;0;0;
43368;4910920;555663360;51077120;507879424;0;0;0;0;0;0;0;0;0;0;0;3026;0;0;0;0;0;0;
43369;3383075;555663360;51077120;507879424;0;0;0;0;0;0;0;0;0;0;0;3446;0;0;0;0;0;0;
43370;4919015;555663360;51077120;507879424;0;0;0;0;0;0;0;0;0;0;0;3747;0;0;0;0;0;0;
43371;3488312;555663360;51077120;507879424;0;0;0;0;0;0;0;0;0;0;0;3045;0;0;0;0;0;0;
43372;4865525;555663360;51077120;507879424;0;0;0;0;0;0;0;0;0;0;0;3126;0;0;0;0;0;0;
43373;3428930;555663360;51077120;507879424;0;0;0;0;0;0;0;0;0;0;0;3587;0;0;0;0;0;0;
43374;4838644;555663360;51077120;507879424;0;0;0;0;0;0;0;0;0;0;0;3356;0;0;0;0;0;0;
43375;3340996;555663360;51077120;507879424;0;0;0;0;0;0;0;0;0;0;0;3517;0;0;0;0;0;0;
43376;4874462;555663360;51077120;507879424;0;0;0;0;0;0;0;0;0;0;0;3156;0;0;0;0;0;0;
43377;3306161;555663360;51077120;507879424;0;0;0;0;0;0;0;0;0;0;0;3527;0;0;0;0;0;0;
43378;4846268;555663360;51077120;507879424;0;0;0;0;0;0;0;0;0;0;0;3627;0;0;0;0;0;0;
43379;3402181;555663360;51077120;507879424;0;0;0;0;0;0;0;0;0;0;0;3777;0;0;0;0;0;0;
43380;4855536;555663360;51077120;507879424;0;0;0;0;0;0;0;0;0;0;0;3377;0;0;0;0;0;0;
43381;3368317;555663360;51077120;507879424;0;0;0;0;0;0;0;0;0;0;0;3427;0;0;0;0;0;0;
43382;4909588;555663360;51077120;507879424;0;0;0;0;0;0;0;0;0;0;0;3327;0;0;0;0;0;0;
43383;3715108;555663360;51077120;507879424;0;0;0;0;0;0;0;0;0;0;0;4679;0;0;0;0;0;0;
43384;5205402;555663360;51077120;507879424;0;0;0;0;0;0;0;0;0;0;0;3647;0;0;0;0;0;0;
43385;3358900;555663360;51077120;507879424;0;0;0;0;0;0;0;0;0;0;0;3887;0;0;0;0;0;0;
43386;4888047;555663360;51077120;507879424;0;0;0;0;0;0;0;0;0;0;0;2956;0;0;0;0;0;0;
43387;3334073;555663360;51077120;507879424;0;0;0;0;0;0;0;0;0;0;0;3337;0;0;0;0;0;0;
43388;4913285;555663360;51077120;507879424;0;0;0;0;0;0;0;0;0;0;0;3046;0;0;0;0;0;0;
43389;3467383;555663360;51077120;507879424;0;0;0;0;0;0;0;0;0;0;0;3476;0;0;0;0;0;0;
43390;4887396;555663360;51077120;507879424;0;0;0;0;0;0;0;0;0;0;0;4188;0;0;0;0;0;0;
43391;3361524;555663360;51077120;507879424;0;0;0;0;0;0;0;0;0;0;0;3066;0;0;0;0;0;0;
43392;4927742;555663360;51077120;507879424;0;0;0;0;0;0;0;0;0;0;0;3777;0;0;0;0;0;0;
43393;3433609;555663360;51077120;507879424;0;0;0;0;0;0;0;0;0;0;0;3657;0;0;0;0;0;0;
43394;4895971;555663360;51077120;507879424;0;0;0;0;0;0;0;0;0;0;0;2976;0;0;0;0;0;0;
43395;3450421;555663360;51077120;507879424;0;0;0;0;0;0;0;0;0;0;0;3346;0;0;0;0;0;0;
43396;4877157;555663360;51077120;507879424;0;0;0;0;0;0;0;0;0;0;0;2976;0;0;0;0;0;0;
43397;3399655;555663360;51077120;507879424;0;0;0;0;0;0;0;0;0;0;0;3566;0;0;0;0;0;0;
43398;4835328;555663360;51077120;507879424;0;0;0;0;0;0;0;0;0;0;0;3056;0;0;0;0;0;0;
43399;3335495;555663360;51077120;507879424;0;0;0;0;0;0;0;0;0;0;0;2966;0;0;0;0;0;0;
43400;4895952;555663360;51077120;507879424;0;0;0;0;0;0;0;0;0;0;0;2916;0;0;0;0;0;0;
43401;3356464;555663360;51077120;507879424;0;0;0;0;0;0;0;0;0;0;0;3707;0;0;0;0;0;0;
43402;4885923;555663360;51077120;507879424;0;0;0;0;0;0;0;0;0;0;0;3256;0;0;0;0;0;0;
43403;3371403;555663360;51077120;507879424;0;0;0;0;0;0;0;0;0;0;0;3476;0;0;0;0;0;0;
43404;4955213;555663360;51077120;507879424;0;0;0;0;0;0;0;0;0;0;0;3637;0;0;0;0;0;0;
43405;3269742;555663360;51077120;507879424;0;0;0;0;0;0;0;0;0;0;0;3286;0;0;0;0;0;0;
43406;4849134;555663360;51077120;507879424;0;0;0;0;0;0;0;0;0;0;0;3056;0;0;0;0;0;0;
43407;3261606;555663360;51077120;507879424;0;0;0;0;0;0;0;0;0;0;0;3897;0;0;0;0;0;0;
43408;5049580;555663360;51077120;507879424;0;0;0;0;0;0;0;0;0;0;0;4217;0;0;0;0;0;0;
43409;3404114;555663360;51077120;507879424;0;0;0;0;0;0;0;0;0;0;0;3457;0;0;0;0;0;0;
43410;4881164;555663360;51077120;507879424;0;0;0;0;0;0;0;0;0;0;0;3467;0;0;0;0;0;0;
43411;3285252;555663360;51077120;507879424;0;0;0;0;0;0;0;0;0;0;0;3446;0;0;0;0;0;0;
43412;5028340;555663360;51077120;507879424;0;0;0;0;0;0;0;0;0;0;0;3377;0;0;0;0;0;0;
43413;3364900;555663360;51077120;507879424;0;0;0;0;0;0;0;0;0;0;0;3737;0;0;0;0;0;0;
43414;4886515;555663360;51077120;507879424;0;0;0;0;0;0;0;0;0;0;0;3327;0;0;0;0;0;0;
43415;3281775;555663360;51077120;507879424;0;0;0;0;0;0;0;0;0;0;0;3406;0;0;0;0;0;0;
43416;4901101;555663360;51077120;507879424;0;0;0;0;0;0;0;0;0;0;0;3327;0;0;0;0;0;0;
43417;3295460;555663360;51077120;507879424;0;0;0;0;0;0;0;0;0;0;0;3757;0;0;0;0;0;0;
43418;4865855;555663360;51077120;507879424;0;0;0;0;0;0;0;0;0;0;0;2895;0;0;0;0;0;0;
43419;3257429;555663360;51077120;507879424;0;0;0;0;0;0;0;0;0;0;0;3005;0;0;0;0;0;0;
43420;4840037;555663360;51077120;507879424;0;0;0;0;0;0;0;0;0;0;0;2885;0;0;0;0;0;0;
43421;3249734;555663360;51077120;507879424;0;0;0;0;0;0;0;0;0;0;0;3536;0;0;0;0;0;0;
43422;4820210;555663360;51077120;507879424;0;0;0;0;0;0;0;0;0;0;0;2895;0;0;0;0;0;0;
43423;3276945;555663360;51077120;507879424;0;0;0;0;0;0;0;0;0;0;0;2956;0;0;0;0;0;0;
43424;10909830;555663360;51077120;507879424;0;0;0;0;0;0;0;0;0;0;0;2995;0;0;0;0;0;0;
43425;3305749;555663360;51077120;507879424;0;0;0;0;0;0;0;0;0;0;0;3337;0;0;0;0;0;0;
43426;4851899;555663360;51077120;507879424;0;0;0;0;0;0;0;0;0;0;0;2654;0;0;0;0;0;0;
43427;3261847;555663360;51077120;507879424;0;0;0;0;0;0;0;0;0;0;0;3356;0;0;0;0;0;0;
43428;4854444;555663360;51077120;507879424;0;0;0;0;0;0;0;0;0;0;0;3026;0;0;0;0;0;0;
43429;3291353;555663360;51077120;507879424;0;0;0;0;0;0;0;0;0;0;0;3576;0;0;0;0;0;0;
43430;4845677;555663360;51077120;507879424;0;0;0;0;0;0;0;0;0;0;0;2815;0;0;0;0;0;0;
43431;3647290;555663360;51077120;507879424;0;0;0;0;0;0;0;0;0;0;0;3416;0;0;0;0;0;0;
43432;4887095;555663360;51077120;507879424;0;0;0;0;0;0;0;0;0;0;0;3256;0;0;0;0;0;0;
43433;3311370;555663360;51077120;507879424;0;0;0;0;0;0;0;0;0;0;0;3426;0;0;0;0;0;0;
43434;4825550;555663360;51077120;507879424;0;0;0;0;0;0;0;0;0;0;0;3106;0;0;0;0;0;0;
43435;3201114;555663360;51077120;507879424;0;0;0;0;0;0;0;0;0;0;0;3276;0;0;0;0;0;0;
43436;4874071;555663360;51077120;507879424;0;0;0;0;0;0;0;0;0;0;0;2906;0;0;0;0;0;0;
43437;3198839;555663360;51077120;507879424;0;0;0;0;0;0;0;0;0;0;0;3126;0;0;0;0;0;0;
43438;4857530;555663360;51077120;507879424;0;0;0;0;0;0;0;0;0;0;0;2865;0;0;0;0;0;0;
43439;3125382;555663360;51077120;507879424;0;0;0;0;0;0;0;0;0;0;0;2905;0;0;0;0;0;0;
43440;4931559;555663360;51077120;507879424;0;0;0;0;0;0;0;0;0;0;0;3386;0;0;0;0;0;0;
43441;3217995;555663360;51077120;507879424;0;0;0;0;0;0;0;0;0;0;0;3537;0;0;0;0;0;0;
43442;4861777;555663360;51077120;507879424;0;0;0;0;0;0;0;0;0;0;0;3396;0;0;0;0;0;0;
43443;3324455;555663360;51077120;507879424;0;0;0;0;0;0;0;0;0;0;0;3076;0;0;0;0;0;0;
43444;4906411;555663360;51077120;507879424;0;0;0;0;0;0;0;0;0;0;0;2785;0;0;0;0;0;0;
43445;5177109;555663360;51077120;507879424;0;0;0;0;0;0;0;0;0;0;0;4138;0;0;0;0;0;0;
43446;5168193;555663360;51077120;507879424;0;0;0;0;0;0;0;0;0;0;0;3727;0;0;0;0;0;0;
43447;4080302;555663360;51077120;507879424;0;0;0;0;0;0;0;0;0;0;0;4038;0;0;0;0;0;0;
43448;4997162;555663360;51077120;507879424;0;0;0;0;0;0;0;0;0;0;0;3507;0;0;0;0;0;0;
43449;4040377;555663360;51077120;507879424;0;0;0;0;0;0;0;0;0;0;0;3927;0;0;0;0;0;0;
43450;4942579;555663360;51077120;507879424;0;0;0;0;0;0;0;0;0;0;0;3246;0;0;0;0;0;0;
43451;4034536;555663360;51077120;507879424;0;0;0;0;0;0;0;0;0;0;0;3887;0;0;0;0;0;0;
43452;4893507;555663360;51077120;507879424;0;0;0;0;0;0;0;0;0;0;0;3707;0;0;0;0;0;0;
43453;4081524;555663360;51077120;507879424;0;0;0;0;0;0;0;0;0;0;0;3707;0;0;0;0;0;0;
43454;4812084;555663360;51077120;507879424;0;0;0;0;0;0;0;0;0;0;0;3286;0;0;0;0;0;0;
43455;3187879;555663360;51077120;507879424;0;0;0;0;0;0;0;0;0;0;0;3316;0;0;0;0;0;0;
43456;4880503;555663360;51077120;507879424;0;0;0;0;0;0;0;0;0;0;0;2855;0;0;0;0;0;0;
43457;3256677;555663360;51077120;507879424;0;0;0;0;0;0;0;0;0;0;0;3286;0;0;0;0;0;0;
43458;4754376;555663360;51077120;507879424;0;0;0;0;0;0;0;0;0;0;0;3506;0;0;0;0;0;0;
43459;3238223;555663360;51077120;507879424;0;0;0;0;0;0;0;0;0;0;0;2805;0;0;0;0;0;0;
43460;4964100;555663360;51077120;507879424;0;0;0;0;0;0;0;0;0;0;0;3006;0;0;0;0;0;0;
43461;3302012;555663360;51077120;507879424;0;0;0;0;0;0;0;0;0;0;0;3296;0;0;0;0;0;0;
43462;4757993;555663360;51077120;507879424;0;0;0;0;0;0;0;0;0;0;0;3477;0;0;0;0;0;0;
43463;3219117;555663360;51077120;507879424;0;0;0;0;0;0;0;0;0;0;0;3657;0;0;0;0;0;0;
43464;4828235;555663360;51077120;507879424;0;0;0;0;0;0;0;0;0;0;0;2895;0;0;0;0;0;0;
43465;3370651;555663360;51077120;507879424;0;0;0;0;0;0;0;0;0;0;0;3056;0;0;0;0;0;0;
43466;4775145;555663360;51077120;507879424;0;0;0;0;0;0;0;0;0;0;0;3437;0;0;0;0;0;0;
43467;3223265;555663360;51077120;507879424;0;0;0;0;0;0;0;0;0;0;0;3327;0;0;0;0;0;0;
43468;4802747;555663360;51077120;507879424;0;0;0;0;0;0;0;0;0;0;0;3196;0;0;0;0;0;0;
43469;3245487;555663360;51077120;507879424;0;0;0;0;0;0;0;0;0;0;0;3396;0;0;0;0;0;0;
43470;4740730;555663360;51077120;507879424;0;0;0;0;0;0;0;0;0;0;0;3035;0;0;0;0;0;0;
43471;3213136;555663360;51077120;507879424;0;0;0;0;0;0;0;0;0;0;0;3437;0;0;0;0;0;0;
43472;4717287;555663360;51077120;507879424;0;0;0;0;0;0;0;0;0;0;0;3176;0;0;0;0;0;0;
43473;3193259;555663360;51077120;507879424;0;0;0;0;0;0;0;0;0;0;0;3066;0;0;0;0;0;0;
43474;4883388;555663360;51077120;507879424;0;0;0;0;0;0;0;0;0;0;0;3407;0;0;0;0;0;0;
43475;3221772;555663360;51077120;507879424;0;0;0;0;0;0;0;0;0;0;0;3005;0;0;0;0;0;0;
43476;4793219;555663360;51077120;507879424;0;0;0;0;0;0;0;0;0;0;0;3025;0;0;0;0;0;0;
43477;3328392;555663360;51077120;507879424;0;0;0;0;0;0;0;0;0;0;0;2906;0;0;0;0;0;0;
43478;4770406;555663360;51077120;507879424;0;0;0;0;0;0;0;0;0;0;0;2986;0;0;0;0;0;0;
43479;3159055;555663360;51077120;507879424;0;0;0;0;0;0;0;0;0;0;0;2715;0;0;0;0;0;0;
43480;4785254;555663360;51077120;507879424;0;0;0;0;0;0;0;0;0;0;0;2755;0;0;0;0;0;0;
43481;3236850;555663360;51077120;507879424;0;0;0;0;0;0;0;0;0;0;0;2955;0;0;0;0;0;0;
43482;4765186;555663360;51077120;507879424;0;0;0;0;0;0;0;0;0;0;0;2835;0;0;0;0;0;0;
43483;3408462;555663360;51077120;507879424;0;0;0;0;0;0;0;0;0;0;0;2756;0;0;0;0;0;0;
43484;4758113;555663360;51077120;507879424;0;0;0;0;0;0;0;0;0;0;0;2725;0;0;0;0;0;0;
43485;3413061;555663360;51077120;507879424;0;0;0;0;0;0;0;0;0;0;0;2936;0;0;0;0;0;0;
43486;4805512;555663360;51077120;507879424;0;0;0;0;0;0;0;0;0;0;0;2955;0;0;0;0;0;0;
43487;3373897;555663360;51077120;507879424;0;0;0;0;0;0;0;0;0;0;0;2835;0;0;0;0;0;0;
43488;4805893;555663360;51077120;507879424;0;0;0;0;0;0;0;0;0;0;0;2715;0;0;0;0;0;0;
43489;3296923;555663360;51077120;507879424;0;0;0;0;0;0;0;0;0;0;0;2936;0;0;0;0;0;0;
43490;4891012;555663360;51077120;507879424;0;0;0;0;0;0;0;0;0;0;0;2765;0;0;0;0;0;0;
43491;3259072;555663360;51077120;507879424;0;0;0;0;0;0;0;0;0;0;0;3216;0;0;0;0;0;0;
43492;4880402;555663360;51077120;507879424;0;0;0;0;0;0;0;0;0;0;0;2956;0;0;0;0;0;0;
43493;3614809;555663360;51077120;507879424;0;0;0;0;0;0;0;0;0;0;0;2795;0;0;0;0;0;0;
43494;4912543;555663360;51077120;507879424;0;0;0;0;0;0;0;0;0;0;0;2886;0;0;0;0;0;0;
43495;3584703;555663360;51077120;507879424;0;0;0;0;0;0;0;0;0;0;0;2775;0;0;0;0;0;0;
43496;4763874;555663360;51077120;507879424;0;0;0;0;0;0;0;0;0;0;0;2685;0;0;0;0;0;0;
43497;3563703;555663360;51077120;507879424;0;0;0;0;0;0;0;0;0;0;0;2705;0;0;0;0;0;0;
43498;4793449;555663360;51077120;507879424;0;0;0;0;0;0;0;0;0;0;0;2655;0;0;0;0;0;0;
43499;3494534;555663360;51077120;507879424;0;0;0;0;0;0;0;0;0;0;0;2595;0;0;0;0;0;0;
43500;4802296;555663360;51077120;507879424;0;0;0;0;0;0;0;0;0;0;0;2805;0;0;0;0;0;0;
43501;3381331;555663360;51077120;507879424;0;0;0;0;0;0;0;0;0;0;0;3366;0;0;0;0;0;0;
43502;4780505;555663360;51077120;507879424;0;0;0;0;0;0;0;0;0;0;0;3246;0;0;0;0;0;0;
43503;3222573;555663360;51077120;507879424;0;0;0;0;0;0;0;0;0;0;0;2865;0;0;0;0;0;0;
43504;4914276;555663360;51077120;507879424;0;0;0;0;0;0;0;0;0;0;0;2705;0;0;0;0;0;0;
43505;3187107;555663360;51077120;507879424;0;0;0;0;0;0;0;0;0;0;0;3647;0;0;0;0;0;0;
43506;4912723;555663360;51077120;507879424;0;0;0;0;0;0;0;0;0;0;0;3467;0;0;0;0;0;0;
43507;3155287;555663360;51077120;507879424;0;0;0;0;0;0;0;0;0;0;0;3206;0;0;0;0;0;0;
43508;5026026;555663360;51077120;507879424;0;0;0;0;0;0;0;0;0;0;0;3246;0;0;0;0;0;0;
43509;3124430;555663360;51077120;507879424;0;0;0;0;0;0;0;0;0;0;0;3907;0;0;0;0;0;0;
43510;4909748;555663360;51077120;507879424;0;0;0;0;0;0;0;0;0;0;0;2836;0;0;0;0;0;0;
43511;3214378;555663360;51077120;507879424;0;0;0;0;0;0;0;0;0;0;0;2786;0;0;0;0;0;0;
43512;4873680;555663360;51077120;507879424;0;0;0;0;0;0;0;0;0;0;0;3126;0;0;0;0;0;0;
43513;3163403;555663360;51077120;507879424;0;0;0;0;0;0;0;0;0;0;0;2945;0;0;0;0;0;0;
43514;4852421;555663360;51077120;507879424;0;0;0;0;0;0;0;0;0;0;0;2835;0;0;0;0;0;0;
43515;3094574;555663360;51077120;507879424;0;0;0;0;0;0;0;0;0;0;0;2615;0;0;0;0;0;0;
43516;4948059;555663360;51077120;507879424;0;0;0;0;0;0;0;0;0;0;0;2564;0;0;0;0;0;0;
43517;3107829;555663360;51077120;507879424;0;0;0;0;0;0;0;0;0;0;0;2695;0;0;0;0;0;0;
43518;5072002;555663360;51077120;507879424;0;0;0;0;0;0;0;0;0;0;0;3115;0;0;0;0;0;0;
43519;3219779;555663360;51077120;507879424;0;0;0;0;0;0;0;0;0;0;0;3146;0;0;0;0;0;0;
43520;5202697;555663360;51077120;507879424;0;0;0;0;0;0;0;0;0;0;0;2876;0;0;0;0;0;0;
43521;3215080;555663360;51077120;507879424;0;0;0;0;0;0;0;0;0;0;0;3417;0;0;0;0;0;0;
43522;5138396;555663360;51077120;507879424;0;0;0;0;0;0;0;0;0;0;0;3216;0;0;0;0;0;0;
43523;3520202;555663360;51077120;507879424;0;0;0;0;0;0;0;0;0;0;0;3467;0;0;0;0;0;0;
43524;5407952;555663360;51077120;507879424;0;0;0;0;0;0;0;0;0;0;0;3707;0;0;0;0;0;0;
43525;3332099;555663360;51077120;507879424;0;0;0;0;0;0;0;0;0;0;0;3076;0;0;0;0;0;0;
43526;5087041;555663360;51077120;507879424;0;0;0;0;0;0;0;0;0;0;0;2836;0;0;0;0;0;0;
43527;3556269;555663360;51077120;507879424;0;0;0;0;0;0;0;0;0;0;0;3055;0;0;0;0;0;0;
43528;5079967;555663360;51077120;507879424;0;0;0;0;0;0;0;0;0;0;0;2845;0;0;0;0;0;0;
43529;3232121;555663360;51077120;507879424;0;0;0;0;0;0;0;0;0;0;0;3186;0;0;0;0;0;0;
43530;5129059;555663360;51077120;507879424;0;0;0;0;0;0;0;0;0;0;0;3256;0;0;0;0;0;0;
43531;3211032;555663360;51077120;507879424;0;0;0;0;0;0;0;0;0;0;0;3467;0;0;0;0;0;0;
43532;5307955;555663360;51077120;507879424;0;0;0;0;0;0;0;0;0;0;0;3176;0;0;0;0;0;0;
43533;3265104;555663360;51077120;507879424;0;0;0;0;0;0;0;0;0;0;0;3657;0;0;0;0;0;0;
43534;5209039;555663360;51077120;507879424;0;0;0;0;0;0;0;0;0;0;0;3857;0;0;0;0;0;0;
43535;3393624;555663360;51077120;507879424;0;0;0;0;0;0;0;0;0;0;0;3046;0;0;0;0;0;0;
43536;5267449;555663360;51077120;507879424;0;0;0;0;0;0;0;0;0;0;0;3036;0;0;0;0;0;0;
43537;3253421;555663360;51077120;507879424;0;0;0;0;0;0;0;0;0;0;0;3346;0;0;0;0;0;0;
43538;5122788;555663360;51077120;507879424;0;0;0;0;0;0;0;0;0;0;0;3537;0;0;0;0;0;0;
43539;3512297;555663360;51077120;507879424;0;0;0;0;0;0;0;0;0;0;0;3055;0;0;0;0;0;0;
43540;5159866;555663360;51077120;507879424;0;0;0;0;0;0;0;0;0;0;0;2885;0;0;0;0;0;0;
43541;3264472;555663360;51077120;507879424;0;0;0;0;0;0;0;0;0;0;0;3696;0;0;0;0;0;0;
43542;5108330;555663360;51077120;507879424;0;0;0;0;0;0;0;0;0;0;0;2795;0;0;0;0;0;0;
43543;3234305;555663360;51077120;507879424;0;0;0;0;0;0;0;0;0;0;0;3237;0;0;0;0;0;0;
43544;5406289;555663360;51077120;507879424;0;0;0;0;0;0;0;0;0;0;0;3276;0;0;0;0;0;0;
43545;3161359;555663360;51077120;507879424;0;0;0;0;0;0;0;0;0;0;0;3386;0;0;0;0;0;0;
43546;5252650;555663360;51077120;507879424;0;0;0;0;0;0;0;0;0;0;0;3206;0;0;0;0;0;0;
43547;3257489;555663360;51077120;507879424;0;0;0;0;0;0;0;0;0;0;0;2985;0;0;0;0;0;0;
43548;5501778;555663360;51077120;507879424;0;0;0;0;0;0;0;0;0;0;0;3527;0;0;0;0;0;0;
43549;3303566;555663360;51077120;507879424;0;0;0;0;0;0;0;0;0;0;0;3607;0;0;0;0;0;0;
43550;5134639;555663360;51077120;507879424;0;0;0;0;0;0;0;0;0;0;0;3597;0;0;0;0;0;0;
43551;3492880;555663360;51077120;507879424;0;0;0;0;0;0;0;0;0;0;0;3297;0;0;0;0;0;0;
43552;5162522;555663360;51077120;507879424;0;0;0;0;0;0;0;0;0;0;0;2965;0;0;0;0;0;0;
43553;3248102;555663360;51077120;507879424;0;0;0;0;0;0;0;0;0;0;0;3226;0;0;0;0;0;0;
43554;5115955;555663360;51077120;507879424;0;0;0;0;0;0;0;0;0;0;0;3346;0;0;0;0;0;0;
43555;3274201;555663360;51077120;507879424;0;0;0;0;0;0;0;0;0;0;0;3166;0;0;0;0;0;0;
43556;5206414;555663360;51077120;507879424;0;0;0;0;0;0;0;0;0;0;0;3887;0;0;0;0;0;0;
43557;3220890;555663360;51077120;507879424;0;0;0;0;0;0;0;0;0;0;0;3707;0;0;0;0;0;0;
43558;5299990;555663360;51077120;507879424;0;0;0;0;0;0;0;0;0;0;0;3386;0;0;0;0;0;0;
43559;3186967;555663360;51077120;507879424;0;0;0;0;0;0;0;0;0;0;0;3136;0;0;0;0;0;0;
43560;5469136;555663360;51077120;507879424;0;0;0;0;0;0;0;0;0;0;0;3888;0;0;0;0;0;0;
43561;3402481;555663360;51077120;507879424;0;0;0;0;0;0;0;0;0;0;0;3366;0;0;0;0;0;0;
43562;5148907;555663360;51077120;507879424;0;0;0;0;0;0;0;0;0;0;0;3637;0;0;0;0;0;0;
43563;3582739;555663360;51077120;507879424;0;0;0;0;0;0;0;0;0;0;0;11401;0;0;0;0;0;0;
43564;5066953;555663360;51077120;507879424;0;0;0;0;0;0;0;0;0;0;0;4088;0;0;0;0;0;0;
43565;3247841;555663360;51077120;507879424;0;0;0;0;0;0;0;0;0;0;0;3086;0;0;0;0;0;0;
43566;5109883;555663360;51077120;507879424;0;0;0;0;0;0;0;0;0;0;0;3596;0;0;0;0;0;0;
43567;3254593;555663360;51077120;507879424;0;0;0;0;0;0;0;0;0;0;0;3046;0;0;0;0;0;0;
43568;5147764;555663360;51077120;507879424;0;0;0;0;0;0;0;0;0;0;0;2825;0;0;0;0;0;0;
43569;3287675;555663360;51077120;507879424;0;0;0;0;0;0;0;0;0;0;0;2946;0;0;0;0;0;0;
43570;5249655;555663360;51077120;507879424;0;0;0;0;0;0;0;0;0;0;0;3236;0;0;0;0;0;0;
43571;3390619;555663360;51077120;507879424;0;0;0;0;0;0;0;0;0;0;0;3547;0;0;0;0;0;0;
43572;5384979;555663360;51077120;507879424;0;0;0;0;0;0;0;0;0;0;0;3266;0;0;0;0;0;0;
43573;3408643;555663360;51077120;507879424;0;0;0;0;0;0;0;0;0;0;0;3807;0;0;0;0;0;0;
43574;5109573;555663360;51077120;507879424;0;0;0;0;0;0;0;0;0;0;0;3487;0;0;0;0;0;0;
43575;3573752;555663360;51077120;507879424;0;0;0;0;0;0;0;0;0;0;0;3326;0;0;0;0;0;0;
43576;5117487;555663360;51077120;507879424;0;0;0;0;0;0;0;0;0;0;0;3065;0;0;0;0;0;0;
43577;3286764;555663360;51077120;507879424;0;0;0;0;0;0;0;0;0;0;0;2935;0;0;0;0;0;0;
43578;5147343;555663360;51077120;507879424;0;0;0;0;0;0;0;0;0;0;0;3757;0;0;0;0;0;0;
43579;3302644;555663360;51077120;507879424;0;0;0;0;0;0;0;0;0;0;0;2956;0;0;0;0;0;0;
43580;5230159;555663360;51077120;507879424;0;0;0;0;0;0;0;0;0;0;0;2885;0;0;0;0;0;0;
43581;3295781;555663360;51077120;507879424;0;0;0;0;0;0;0;0;0;0;0;3727;0;0;0;0;0;0;
43582;5184252;555663360;51077120;507879424;0;0;0;0;0;0;0;0;0;0;0;4048;0;0;0;0;0;0;
43583;3322752;555663360;51077120;507879424;0;0;0;0;0;0;0;0;0;0;0;3216;0;0;0;0;0;0;
43584;5333232;555663360;51077120;507879424;0;0;0;0;0;0;0;0;0;0;0;2905;0;0;0;0;0;0;
43585;3227222;555663360;51077120;507879424;0;0;0;0;0;0;0;0;0;0;0;3697;0;0;0;0;0;0;
43586;5138677;555663360;51077120;507879424;0;0;0;0;0;0;0;0;0;0;0;3888;0;0;0;0;0;0;
43587;3557842;555663360;51077120;507879424;0;0;0;0;0;0;0;0;0;0;0;3697;0;0;0;0;0;0;
43588;5054059;555663360;51077120;507879424;0;0;0;0;0;0;0;0;0;0;0;2885;0;0;0;0;0;0;
43589;3293206;555663360;51077120;507879424;0;0;0;0;0;0;0;0;0;0;0;3447;0;0;0;0;0;0;
43590;5218607;555663360;51077120;507879424;0;0;0;0;0;0;0;0;0;0;0;3687;0;0;0;0;0;0;
43591;3308605;555663360;51077120;507879424;0;0;0;0;0;0;0;0;0;0;0;3046;0;0;0;0;0;0;
43592;5277147;555663360;51077120;507879424;0;0;0;0;0;0;0;0;0;0;0;3487;0;0;0;0;0;0;
43593;3281083;555663360;51077120;507879424;0;0;0;0;0;0;0;0;0;0;0;3436;0;0;0;0;0;0;
43594;5142414;555663360;51077120;507879424;0;0;0;0;0;0;0;0;0;0;0;3287;0;0;0;0;0;0;
43595;3533326;555663360;51077120;507879424;0;0;0;0;0;0;0;0;0;0;0;3115;0;0;0;0;0;0;
43596;5176037;555663360;51077120;507879424;0;0;0;0;0;0;0;0;0;0;0;3486;0;0;0;0;0;0;
43597;3483342;555663360;51077120;507879424;0;0;0;0;0;0;0;0;0;0;0;3166;0;0;0;0;0;0;
43598;5156159;555663360;51077120;507879424;0;0;0;0;0;0;0;0;0;0;0;3557;0;0;0;0;0;0;
43599;3376232;555663360;51077120;507879424;0;0;0;0;0;0;0;0;0;0;0;2955;0;0;0;0;0;0;
43600;5066352;555663360;51077120;507879424;0;0;0;0;0;0;0;0;0;0;0;3106;0;0;0;0;0;0;
43601;3218095;555663360;51077120;507879424;0;0;0;0;0;0;0;0;0;0;0;3527;0;0;0;0;0;0;
43602;5159376;555663360;51077120;507879424;0;0;0;0;0;0;0;0;0;0;0;3868;0;0;0;0;0;0;
43603;3314846;555663360;51077120;507879424;0;0;0;0;0;0;0;0;0;0;0;3998;0;0;0;0;0;0;
43604;5386241;555663360;51077120;507879424;0;0;0;0;0;0;0;0;0;0;0;3196;0;0;0;0;0;0;
43605;3370371;555663360;51077120;507879424;0;0;0;0;0;0;0;0;0;0;0;4138;0;0;0;0;0;0;
43606;5220521;555663360;51077120;507879424;0;0;0;0;0;0;0;0;0;0;0;4378;0;0;0;0;0;0;
43607;3405687;555663360;51077120;507879424;0;0;0;0;0;0;0;0;0;0;0;2886;0;0;0;0;0;0;
43608;5187659;555663360;51077120;507879424;0;0;0;0;0;0;0;0;0;0;0;3296;0;0;0;0;0;0;
43609;3367325;555663360;51077120;507879424;0;0;0;0;0;0;0;0;0;0;0;3066;0;0;0;0;0;0;
43610;5077041;555663360;51077120;507879424;0;0;0;0;0;0;0;0;0;0;0;3436;0;0;0;0;0;0;
43611;3471059;555663360;51077120;507879424;0;0;0;0;0;0;0;0;0;0;0;2945;0;0;0;0;0;0;
43612;5105655;555663360;51077120;507879424;0;0;0;0;0;0;0;0;0;0;0;3467;0;0;0;0;0;0;
43613;3221211;555663360;51077120;507879424;0;0;0;0;0;0;0;0;0;0;0;3176;0;0;0;0;0;0;
43614;5248543;555663360;51077120;507879424;0;0;0;0;0;0;0;0;0;0;0;3426;0;0;0;0;0;0;
43615;3318734;555663360;51077120;507879424;0;0;0;0;0;0;0;0;0;0;0;3447;0;0;0;0;0;0;
43616;5261417;555663360;51077120;507879424;0;0;0;0;0;0;0;0;0;0;0;2966;0;0;0;0;0;0;
43617;3209950;555663360;51077120;507879424;0;0;0;0;0;0;0;0;0;0;0;3176;0;0;0;0;0;0;
43618;5237963;555663360;51077120;507879424;0;0;0;0;0;0;0;0;0;0;0;4057;0;0;0;0;0;0;
43619;3543466;555663360;51077120;507879424;0;0;0;0;0;0;0;0;0;0;0;3226;0;0;0;0;0;0;
43620;5092570;555663360;51077120;507879424;0;0;0;0;0;0;0;0;0;0;0;3086;0;0;0;0;0;0;
43621;3599430;555663360;51077120;507879424;0;0;0;0;0;0;0;0;0;0;0;2986;0;0;0;0;0;0;
43622;5039561;555663360;51077120;507879424;0;0;0;0;0;0;0;0;0;0;0;3636;0;0;0;0;0;0;
43623;3423400;555663360;51077120;507879424;0;0;0;0;0;0;0;0;0;0;0;3096;0;0;0;0;0;0;
43624;5031556;555663360;51077120;507879424;0;0;0;0;0;0;0;0;0;0;0;3527;0;0;0;0;0;0;
43625;3336307;555663360;51077120;507879424;0;0;0;0;0;0;0;0;0;0;0;3226;0;0;0;0;0;0;
43626;5172500;555663360;51077120;507879424;0;0;0;0;0;0;0;0;0;0;0;3977;0;0;0;0;0;0;
43627;3325126;555663360;51077120;507879424;0;0;0;0;0;0;0;0;0;0;0;3637;0;0;0;0;0;0;
43628;5230830;555663360;51077120;507879424;0;0;0;0;0;0;0;0;0;0;0;3507;0;0;0;0;0;0;
43629;3260475;555663360;51077120;507879424;0;0;0;0;0;0;0;0;0;0;0;4018;0;0;0;0;0;0;
43630;5430585;555663360;51077120;507879424;0;0;0;0;0;0;0;0;0;0;0;3777;0;0;0;0;0;0;
43631;3421897;555663360;51077120;507879424;0;0;0;0;0;0;0;0;0;0;0;3086;0;0;0;0;0;0;
43632;5114582;555663360;51077120;507879424;0;0;0;0;0;0;0;0;0;0;0;2915;0;0;0;0;0;0;
43633;3494173;555663360;51077120;507879424;0;0;0;0;0;0;0;0;0;0;0;3106;0;0;0;0;0;0;
43634;5099223;555663360;51077120;507879424;0;0;0;0;0;0;0;0;0;0;0;3096;0;0;0;0;0;0;
43635;3272117;555663360;51077120;507879424;0;0;0;0;0;0;0;0;0;0;0;3818;0;0;0;0;0;0;
43636;5130401;555663360;51077120;507879424;0;0;0;0;0;0;0;0;0;0;0;2926;0;0;0;0;0;0;
43637;3244474;555663360;51077120;507879424;0;0;0;0;0;0;0;0;0;0;0;3517;0;0;0;0;0;0;
43638;5174495;555663360;51077120;507879424;0;0;0;0;0;0;0;0;0;0;0;3297;0;0;0;0;0;0;
43639;3230899;555663360;51077120;507879424;0;0;0;0;0;0;0;0;0;0;0;3166;0;0;0;0;0;0;
43640;5192799;555663360;51077120;507879424;0;0;0;0;0;0;0;0;0;0;0;3085;0;0;0;0;0;0;
43641;3408172;555663360;51077120;507879424;0;0;0;0;0;0;0;0;0;0;0;2956;0;0;0;0;0;0;
43642;5390419;555663360;51077120;507879424;0;0;0;0;0;0;0;0;0;0;0;3106;0;0;0;0;0;0;
43643;3556419;555663360;51077120;507879424;0;0;0;0;0;0;0;0;0;0;0;3286;0;0;0;0;0;0;
43644;5072563;555663360;51077120;507879424;0;0;0;0;0;0;0;0;0;0;0;3667;0;0;0;0;0;0;
43645;3606834;555663360;51077120;507879424;0;0;0;0;0;0;0;0;0;0;0;3266;0;0;0;0;0;0;
43646;5090176;555663360;51077120;507879424;0;0;0;0;0;0;0;0;0;0;0;4188;0;0;0;0;0;0;
43647;3453547;555663360;51077120;507879424;0;0;0;0;0;0;0;0;0;0;0;3927;0;0;0;0;0;0;
43648;5117727;555663360;51077120;507879424;0;0;0;0;0;0;0;0;0;0;0;3687;0;0;0;0;0;0;
43649;3328523;555663360;51077120;507879424;0;0;0;0;0;0;0;0;0;0;0;3446;0;0;0;0;0;0;
43650;5470930;555663360;51077120;507879424;0;0;0;0;0;0;0;0;0;0;0;3356;0;0;0;0;0;0;
43651;3461582;555663360;51077120;507879424;0;0;0;0;0;0;0;0;0;0;0;3647;0;0;0;0;0;0;
43652;5175376;555663360;51077120;507879424;0;0;0;0;0;0;0;0;0;0;0;3537;0;0;0;0;0;0;
43653;3414053;555663360;51077120;507879424;0;0;0;0;0;0;0;0;0;0;0;3476;0;0;0;0;0;0;
43654;5289229;555663360;51077120;507879424;0;0;0;0;0;0;0;0;0;0;0;3356;0;0;0;0;0;0;
43655;3401880;555663360;51077120;507879424;0;0;0;0;0;0;0;0;0;0;0;3547;0;0;0;0;0;0;
43656;5118178;555663360;51077120;507879424;0;0;0;0;0;0;0;0;0;0;0;3486;0;0;0;0;0;0;
43657;3355453;555663360;51077120;507879424;0;0;0;0;0;0;0;0;0;0;0;3386;0;0;0;0;0;0;
43658;8199387;555663360;51077120;507879424;0;0;0;0;0;0;0;0;0;0;0;3567;0;0;0;0;0;0;
43659;10202243;555663360;51077120;507879424;0;0;0;0;0;0;0;0;0;0;0;6132;0;0;0;0;0;0;
43660;5417029;555663360;51077120;507879424;0;0;0;0;0;0;0;0;0;0;0;3707;0;0;0;0;0;0;
43661;3459619;555663360;51077120;507879424;0;0;0;0;0;0;0;0;0;0;0;4278;0;0;0;0;0;0;
43662;5221051;555663360;51077120;507879424;0;0;0;0;0;0;0;0;0;0;0;3717;0;0;0;0;0;0;
43663;3344212;555663360;51077120;507879424;0;0;0;0;0;0;0;0;0;0;0;3336;0;0;0;0;0;0;
43664;5139589;555663360;51077120;507879424;0;0;0;0;0;0;0;0;0;0;0;3366;0;0;0;0;0;0;
43665;3392783;555663360;51077120;507879424;0;0;0;0;0;0;0;0;0;0;0;3266;0;0;0;0;0;0;
43666;5099524;555663360;51077120;507879424;0;0;0;0;0;0;0;0;0;0;0;2745;0;0;0;0;0;0;
43667;3221732;555663360;51077120;507879424;0;0;0;0;0;0;0;0;0;0;0;3627;0;0;0;0;0;0;
43668;5187859;555663360;51077120;507879424;0;0;0;0;0;0;0;0;0;0;0;3356;0;0;0;0;0;0;
43669;3253792;555663360;51077120;507879424;0;0;0;0;0;0;0;0;0;0;0;3257;0;0;0;0;0;0;
43670;5421116;555663360;51077120;507879424;0;0;0;0;0;0;0;0;0;0;0;3496;0;0;0;0;0;0;
43671;3339663;555663360;51077120;507879424;0;0;0;0;0;0;0;0;0;0;0;3156;0;0;0;0;0;0;
43672;5181507;555663360;51077120;507879424;0;0;0;0;0;0;0;0;0;0;0;3346;0;0;0;0;0;0;
43673;3611012;555663360;51077120;507879424;0;0;0;0;0;0;0;0;0;0;0;3306;0;0;0;0;0;0;
43674;5287966;555663360;51077120;507879424;0;0;0;0;0;0;0;0;0;0;0;3306;0;0;0;0;0;0;
43675;3508731;555663360;51077120;507879424;0;0;0;0;0;0;0;0;0;0;0;3586;0;0;0;0;0;0;
43676;5013162;555663360;51077120;507879424;0;0;0;0;0;0;0;0;0;0;0;3267;0;0;0;0;0;0;
43677;3485066;555663360;51077120;507879424;0;0;0;0;0;0;0;0;0;0;0;3366;0;0;0;0;0;0;
43678;4989908;555663360;51077120;507879424;0;0;0;0;0;0;0;0;0;0;0;3497;0;0;0;0;0;0;
43679;3507087;555663360;51077120;507879424;0;0;0;0;0;0;0;0;0;0;0;3727;0;0;0;0;0;0;
43680;5006700;555663360;51077120;507879424;0;0;0;0;0;0;0;0;0;0;0;3337;0;0;0;0;0;0;
43681;3607625;555663360;51077120;507879424;0;0;0;0;0;0;0;0;0;0;0;3307;0;0;0;0;0;0;
43682;5038349;555663360;51077120;507879424;0;0;0;0;0;0;0;0;0;0;0;3196;0;0;0;0;0;0;
43683;3838709;555663360;51077120;507879424;0;0;0;0;0;0;0;0;0;0;0;3036;0;0;0;0;0;0;
43684;5045111;555663360;51077120;507879424;0;0;0;0;0;0;0;0;0;0;0;3506;0;0;0;0;0;0;
43685;3573733;555663360;51077120;507879424;0;0;0;0;0;0;0;0;0;0;0;3597;0;0;0;0;0;0;
43686;4874021;555663360;51077120;507879424;0;0;0;0;0;0;0;0;0;0;0;3627;0;0;0;0;0;0;
43687;3700179;555663360;51077120;507879424;0;0;0;0;0;0;0;0;0;0;0;3346;0;0;0;0;0;0;
43688;4849906;555663360;51077120;507879424;0;0;0;0;0;0;0;0;0;0;0;3537;0;0;0;0;0;0;
43689;3536362;555663360;51077120;507879424;0;0;0;0;0;0;0;0;0;0;0;3046;0;0;0;0;0;0;
43690;4836340;555663360;51077120;507879424;0;0;0;0;0;0;0;0;0;0;0;3166;0;0;0;0;0;0;
43691;3426776;555663360;51077120;507879424;0;0;0;0;0;0;0;0;0;0;0;3397;0;0;0;0;0;0;
43692;4861708;555663360;51077120;507879424;0;0;0;0;0;0;0;0;0;0;0;3076;0;0;0;0;0;0;
43693;3397141;555663360;51077120;507879424;0;0;0;0;0;0;0;0;0;0;0;3146;0;0;0;0;0;0;
43694;5030424;555663360;51077120;507879424;0;0;0;0;0;0;0;0;0;0;0;3296;0;0;0;0;0;0;
43695;3345695;555663360;51077120;507879424;0;0;0;0;0;0;0;0;0;0;0;3386;0;0;0;0;0;0;
43696;5339704;555663360;51077120;507879424;0;0;0;0;0;0;0;0;0;0;0;4218;0;0;0;0;0;0;
43697;3383495;555663360;51077120;507879424;0;0;0;0;0;0;0;0;0;0;0;3657;0;0;0;0;0;0;
43698;5120834;555663360;51077120;507879424;0;0;0;0;0;0;0;0;0;0;0;3216;0;0;0;0;0;0;
43699;3500585;555663360;51077120;507879424;0;0;0;0;0;0;0;0;0;0;0;4108;0;0;0;0;0;0;
43700;4997923;555663360;51077120;507879424;0;0;0;0;0;0;0;0;0;0;0;3216;0;0;0;0;0;0;
43701;3494143;555663360;51077120;507879424;0;0;0;0;0;0;0;0;0;0;0;3296;0;0;0;0;0;0;
43702;5290081;555663360;51077120;507879424;0;0;0;0;0;0;0;0;0;0;0;3317;0;0;0;0;0;0;
43703;3331828;555663360;51077120;507879424;0;0;0;0;0;0;0;0;0;0;0;2795;0;0;0;0;0;0;
43704;5198409;555663360;51077120;507879424;0;0;0;0;0;0;0;0;0;0;0;3085;0;0;0;0;0;0;
43705;3291032;555663360;51077120;507879424;0;0;0;0;0;0;0;0;0;0;0;3056;0;0;0;0;0;0;
43706;5120944;555663360;51077120;507879424;0;0;0;0;0;0;0;0;0;0;0;3406;0;0;0;0;0;0;
43707;3358608;555663360;51077120;507879424;0;0;0;0;0;0;0;0;0;0;0;3016;0;0;0;0;0;0;
43708;5089245;555663360;51077120;507879424;0;0;0;0;0;0;0;0;0;0;0;2935;0;0;0;0;0;0;
43709;3262719;555663360;51077120;507879424;0;0;0;0;0;0;0;0;0;0;0;3447;0;0;0;0;0;0;
43710;4921980;555663360;51077120;507879424;0;0;0;0;0;0;0;0;0;0;0;2936;0;0;0;0;0;0;
43711;3604449;555663360;51077120;507879424;0;0;0;0;0;0;0;0;0;0;0;3236;0;0;0;0;0;0;
43712;4971143;555663360;51077120;507879424;0;0;0;0;0;0;0;0;0;0;0;3126;0;0;0;0;0;0;
43713;3683277;555663360;51077120;507879424;0;0;0;0;0;0;0;0;0;0;0;3347;0;0;0;0;0;0;
43714;4898066;555663360;51077120;507879424;0;0;0;0;0;0;0;0;0;0;0;3767;0;0;0;0;0;0;
43715;3411387;555663360;51077120;507879424;0;0;0;0;0;0;0;0;0;0;0;3406;0;0;0;0;0;0;
43716;4878679;555663360;51077120;507879424;0;0;0;0;0;0;0;0;0;0;0;3246;0;0;0;0;0;0;
43717;3376111;555663360;51077120;507879424;0;0;0;0;0;0;0;0;0;0;0;3517;0;0;0;0;0;0;
43718;4839536;555663360;51077120;507879424;0;0;0;0;0;0;0;0;0;0;0;3266;0;0;0;0;0;0;
43719;3282115;555663360;51077120;507879424;0;0;0;0;0;0;0;0;0;0;0;3176;0;0;0;0;0;0;
43720;4919065;555663360;51077120;507879424;0;0;0;0;0;0;0;0;0;0;0;3867;0;0;0;0;0;0;
43721;3372084;555663360;51077120;507879424;0;0;0;0;0;0;0;0;0;0;0;3366;0;0;0;0;0;0;
43722;4993264;555663360;51077120;507879424;0;0;0;0;0;0;0;0;0;0;0;3547;0;0;0;0;0;0;
43723;3140499;555663360;51077120;507879424;0;0;0;0;0;0;0;0;0;0;0;3226;0;0;0;0;0;0;
43724;5024754;555663360;51077120;507879424;0;0;0;0;0;0;0;0;0;0;0;3537;0;0;0;0;0;0;
43725;3275002;555663360;51077120;507879424;0;0;0;0;0;0;0;0;0;0;0;2946;0;0;0;0;0;0;
43726;5117457;555663360;51077120;507879424;0;0;0;0;0;0;0;0;0;0;0;2846;0;0;0;0;0;0;
43727;3016457;555663360;51085312;507887616;0;0;0;0;0;0;0;0;0;0;0;3106;0;0;0;0;0;0;
43728;4951396;555663360;51085312;507887616;0;0;0;0;0;0;0;0;0;0;0;3116;0;0;0;0;0;0;
43729;3099783;555663360;51085312;507887616;0;0;0;0;0;0;0;0;0;0;0;3347;0;0;0;0;0;0;
43730;5040724;555663360;51085312;507887616;0;0;0;0;0;0;0;0;0;0;0;2795;0;0;0;0;0;0;
43731;3146842;555663360;51085312;507887616;0;0;0;0;0;0;0;0;0;0;0;3486;0;0;0;0;0;0;
43732;5124981;555663360;51085312;507887616;0;0;0;0;0;0;0;0;0;0;0;3086;0;0;0;0;0;0;
43733;3348600;555741184;51077120;507879424;0;0;0;0;0;0;0;0;0;0;0;3186;0;0;0;0;0;0;
43734;5117086;555741184;51077120;507879424;0;0;0;0;0;0;0;0;0;0;0;2845;0;0;0;0;0;0;
43735;3187868;555741184;51077120;507879424;0;0;0;0;0;0;0;0;0;0;0;3135;0;0;0;0;0;0;
43736;5230940;555741184;51077120;507879424;0;0;0;0;0;0;0;0;0;0;0;3446;0;0;0;0;0;0;
43737;3124169;555741184;51077120;507879424;0;0;0;0;0;0;0;0;0;0;0;2946;0;0;0;0;0;0;
43738;5027058;555741184;51077120;507879424;0;0;0;0;0;0;0;0;0;0;0;2785;0;0;0;0;0;0;
43739;3047766;555741184;51077120;507879424;0;0;0;0;0;0;0;0;0;0;0;3767;0;0;0;0;0;0;
43740;4913344;555741184;51077120;507879424;0;0;0;0;0;0;0;0;0;0;0;2605;0;0;0;0;0;0;
43741;3085176;555741184;51077120;507879424;0;0;0;0;0;0;0;0;0;0;0;2815;0;0;0;0;0;0;
43742;4863642;555741184;51077120;507879424;0;0;0;0;0;0;0;0;0;0;0;3025;0;0;0;0;0;0;
43743;3282797;555741184;51077120;507879424;0;0;0;0;0;0;0;0;0;0;0;3396;0;0;0;0;0;0;
43744;4790324;555741184;51077120;507879424;0;0;0;0;0;0;0;0;0;0;0;2786;0;0;0;0;0;0;
43745;3737198;555741184;51077120;507879424;0;0;0;0;0;0;0;0;0;0;0;3156;0;0;0;0;0;0;
43746;4865515;555741184;51077120;507879424;0;0;0;0;0;0;0;0;0;0;0;3257;0;0;0;0;0;0;
43747;3554596;555741184;51077120;507879424;0;0;0;0;0;0;0;0;0;0;0;3387;0;0;0;0;0;0;
43748;4811844;555741184;51077120;507879424;0;0;0;0;0;0;0;0;0;0;0;3807;0;0;0;0;0;0;
43749;3557562;555741184;51077120;507879424;0;0;0;0;0;0;0;0;0;0;0;3617;0;0;0;0;0;0;
43750;4951005;555741184;51077120;507879424;0;0;0;0;0;0;0;0;0;0;0;3306;0;0;0;0;0;0;
43751;3455581;555741184;51077120;507879424;0;0;0;0;0;0;0;0;0;0;0;3607;0;0;0;0;0;0;
43752;5339143;555741184;51077120;507879424;0;0;0;0;0;0;0;0;0;0;0;3497;0;0;0;0;0;0;
43753;3460600;555741184;51077120;507879424;0;0;0;0;0;0;0;0;0;0;0;3797;0;0;0;0;0;0;
43754;4965292;555741184;51077120;507879424;0;0;0;0;0;0;0;0;0;0;0;3606;0;0;0;0;0;0;
43755;3700680;555741184;51077120;507879424;0;0;0;0;0;0;0;0;0;0;0;3616;0;0;0;0;0;0;
43756;5149166;555741184;51077120;507879424;0;0;0;0;0;0;0;0;0;0;0;3066;0;0;0;0;0;0;
43757;3225309;555741184;51077120;507879424;0;0;0;0;0;0;0;0;0;0;0;2986;0;0;0;0;0;0;
43758;4979829;555741184;51077120;507879424;0;0;0;0;0;0;0;0;0;0;0;3186;0;0;0;0;0;0;
43759;3397302;555741184;51077120;507879424;0;0;0;0;0;0;0;0;0;0;0;3667;0;0;0;0;0;0;
43760;5042397;555741184;51077120;507879424;0;0;0;0;0;0;0;0;0;0;0;3356;0;0;0;0;0;0;
43761;3441724;555741184;51077120;507879424;0;0;0;0;0;0;0;0;0;0;0;3186;0;0;0;0;0;0;
43762;4842412;555741184;51077120;507879424;0;0;0;0;0;0;0;0;0;0;0;3036;0;0;0;0;0;0;
43763;3400007;555741184;51077120;507879424;0;0;0;0;0;0;0;0;0;0;0;3377;0;0;0;0;0;0;
43764;4931188;555741184;51077120;507879424;0;0;0;0;0;0;0;0;0;0;0;2866;0;0;0;0;0;0;
43765;3368377;555741184;51077120;507879424;0;0;0;0;0;0;0;0;0;0;0;3296;0;0;0;0;0;0;
43766;5026717;555741184;51077120;507879424;0;0;0;0;0;0;0;0;0;0;0;3496;0;0;0;0;0;0;
43767;3362085;555741184;51077120;507879424;0;0;0;0;0;0;0;0;0;0;0;3296;0;0;0;0;0;0;
43768;4977445;555741184;51077120;507879424;0;0;0;0;0;0;0;0;0;0;0;3436;0;0;0;0;0;0;
43769;3446483;555741184;51077120;507879424;0;0;0;0;0;0;0;0;0;0;0;3316;0;0;0;0;0;0;
43770;5160197;555741184;51077120;507879424;0;0;0;0;0;0;0;0;0;0;0;3286;0;0;0;0;0;0;
43771;3321078;555741184;51077120;507879424;0;0;0;0;0;0;0;0;0;0;0;2585;0;0;0;0;0;0;
43772;4884300;555741184;51077120;507879424;0;0;0;0;0;0;0;0;0;0;0;3136;0;0;0;0;0;0;
43773;3224548;555741184;51077120;507879424;0;0;0;0;0;0;0;0;0;0;0;3587;0;0;0;0;0;0;
43774;5008793;555741184;51077120;507879424;0;0;0;0;0;0;0;0;0;0;0;3166;0;0;0;0;0;0;
43775;3374399;555741184;51077120;507879424;0;0;0;0;0;0;0;0;0;0;0;3286;0;0;0;0;0;0;
43776;4932200;555741184;51077120;507879424;0;0;0;0;0;0;0;0;0;0;0;3015;0;0;0;0;0;0;
43777;3388745;555741184;51077120;507879424;0;0;0;0;0;0;0;0;0;0;0;3005;0;0;0;0;0;0;
43778;4888187;555741184;51077120;507879424;0;0;0;0;0;0;0;0;0;0;0;2805;0;0;0;0;0;0;
43779;3158614;555741184;51077120;507879424;0;0;0;0;0;0;0;0;0;0;0;3677;0;0;0;0;0;0;
43780;4879280;555741184;51077120;507879424;0;0;0;0;0;0;0;0;0;0;0;2886;0;0;0;0;0;0;
43781;3390168;555741184;51077120;507879424;0;0;0;0;0;0;0;0;0;0;0;3106;0;0;0;0;0;0;
43782;4961885;555741184;51077120;507879424;0;0;0;0;0;0;0;0;0;0;0;3287;0;0;0;0;0;0;
43783;3142754;555741184;51077120;507879424;0;0;0;0;0;0;0;0;0;0;0;3246;0;0;0;0;0;0;
43784;4985670;555741184;51077120;507879424;0;0;0;0;0;0;0;0;0;0;0;2625;0;0;0;0;0;0;
43785;2783871;555741184;51077120;507879424;0;0;0;0;0;0;0;0;0;0;0;3286;0;0;0;0;0;0;
43786;4842040;555741184;51077120;507879424;0;0;0;0;0;0;0;0;0;0;0;3166;0;0;0;0;0;0;
43787;2820209;555741184;51077120;507879424;0;0;0;0;0;0;0;0;0;0;0;2855;0;0;0;0;0;0;
43788;4829447;555741184;51077120;507879424;0;0;0;0;0;0;0;0;0;0;0;3136;0;0;0;0;0;0;
43789;2793780;555741184;51077120;507879424;0;0;0;0;0;0;0;0;0;0;0;3346;0;0;0;0;0;0;
43790;5012160;555741184;51077120;507879424;0;0;0;0;0;0;0;0;0;0;0;3286;0;0;0;0;0;0;
43791;3033709;555741184;51077120;507879424;0;0;0;0;0;0;0;0;0;0;0;3406;0;0;0;0;0;0;
43792;5350714;555741184;51077120;507879424;0;0;0;0;0;0;0;0;0;0;0;3547;0;0;0;0;0;0;
43793;2838062;555741184;51077120;507879424;0;0;0;0;0;0;0;0;0;0;0;2855;0;0;0;0;0;0;
43794;5046484;555741184;51077120;507879424;0;0;0;0;0;0;0;0;0;0;0;2584;0;0;0;0;0;0;
43795;2933141;555741184;51077120;507879424;0;0;0;0;0;0;0;0;0;0;0;2625;0;0;0;0;0;0;
43796;4933743;555741184;51077120;507879424;0;0;0;0;0;0;0;0;0;0;0;3536;0;0;0;0;0;0;
43797;2863851;555741184;51077120;507879424;0;0;0;0;0;0;0;0;0;0;0;2535;0;0;0;0;0;0;
43798;5059118;555741184;51077120;507879424;0;0;0;0;0;0;0;0;0;0;0;3306;0;0;0;0;0;0;
43799;2972254;555741184;51077120;507879424;0;0;0;0;0;0;0;0;0;0;0;2524;0;0;0;0;0;0;
43800;5109793;555741184;51077120;507879424;0;0;0;0;0;0;0;0;0;0;0;3085;0;0;0;0;0;0;
43801;2868119;555741184;51077120;507879424;0;0;0;0;0;0;0;0;0;0;0;2625;0;0;0;0;0;0;
43802;5052486;555741184;51077120;507879424;0;0;0;0;0;0;0;0;0;0;0;2585;0;0;0;0;0;0;
43803;2800292;555741184;51077120;507879424;0;0;0;0;0;0;0;0;0;0;0;2585;0;0;0;0;0;0;
43804;4905259;555741184;51077120;507879424;0;0;0;0;0;0;0;0;0;0;0;3116;0;0;0;0;0;0;
43805;2865283;555741184;51077120;507879424;0;0;0;0;0;0;0;0;0;0;0;2625;0;0;0;0;0;0;
43806;4875183;555741184;51077120;507879424;0;0;0;0;0;0;0;0;0;0;0;2995;0;0;0;0;0;0;
43807;3036725;555741184;51077120;507879424;0;0;0;0;0;0;0;0;0;0;0;2625;0;0;0;0;0;0;
43808;4859474;555741184;51077120;507879424;0;0;0;0;0;0;0;0;0;0;0;2655;0;0;0;0;0;0;
43809;3003353;555741184;51077120;507879424;0;0;0;0;0;0;0;0;0;0;0;2675;0;0;0;0;0;0;
43810;4913444;555741184;51077120;507879424;0;0;0;0;0;0;0;0;0;0;0;3447;0;0;0;0;0;0;
43811;2781406;555741184;51077120;507879424;0;0;0;0;0;0;0;0;0;0;0;2915;0;0;0;0;0;0;
43812;4870174;555741184;51077120;507879424;0;0;0;0;0;0;0;0;0;0;0;3166;0;0;0;0;0;0;
43813;2780946;555741184;51077120;507879424;0;0;0;0;0;0;0;0;0;0;0;2745;0;0;0;0;0;0;
43814;4865855;555741184;51077120;507879424;0;0;0;0;0;0;0;0;0;0;0;2845;0;0;0;0;0;0;
43815;2662984;555741184;51077120;507879424;0;0;0;0;0;0;0;0;0;0;0;3025;0;0;0;0;0;0;
43816;4828836;555741184;51077120;507879424;0;0;0;0;0;0;0;0;0;0;0;3126;0;0;0;0;0;0;
43817;2623289;555741184;51077120;507879424;0;0;0;0;0;0;0;0;0;0;0;2955;0;0;0;0;0;0;
43818;4841169;555741184;51077120;507879424;0;0;0;0;0;0;0;0;0;0;0;3416;0;0;0;0;0;0;
43819;2747172;555741184;51077120;507879424;0;0;0;0;0;0;0;0;0;0;0;3477;0;0;0;0;0;0;
43820;4852089;555741184;51077120;507879424;0;0;0;0;0;0;0;0;0;0;0;3336;0;0;0;0;0;0;
43821;2938571;555741184;51077120;507879424;0;0;0;0;0;0;0;0;0;0;0;3096;0;0;0;0;0;0;
43822;4947689;555741184;51077120;507879424;0;0;0;0;0;0;0;0;0;0;0;3476;0;0;0;0;0;0;
43823;3010286;555741184;51077120;507879424;0;0;0;0;0;0;0;0;0;0;0;2995;0;0;0;0;0;0;
43824;4813717;555741184;51077120;507879424;0;0;0;0;0;0;0;0;0;0;0;3256;0;0;0;0;0;0;
43825;2914185;555741184;51077120;507879424;0;0;0;0;0;0;0;0;0;0;0;2775;0;0;0;0;0;0;
43826;4686459;555741184;51077120;507879424;0;0;0;0;0;0;0;0;0;0;0;2615;0;0;0;0;0;0;
43827;3023070;555741184;51077120;507879424;0;0;0;0;0;0;0;0;0;0;0;2805;0;0;0;0;0;0;
43828;4771238;555741184;51077120;507879424;0;0;0;0;0;0;0;0;0;0;0;3516;0;0;0;0;0;0;
43829;3241299;555741184;51077120;507879424;0;0;0;0;0;0;0;0;0;0;0;3396;0;0;0;0;0;0;
43830;4862809;555741184;51077120;507879424;0;0;0;0;0;0;0;0;0;0;0;2635;0;0;0;0;0;0;
43831;2953429;555741184;51077120;507879424;0;0;0;0;0;0;0;0;0;0;0;3126;0;0;0;0;0;0;
43832;4899599;555741184;51077120;507879424;0;0;0;0;0;0;0;0;0;0;0;2665;0;0;0;0;0;0;
43833;2744958;555741184;51077120;507879424;0;0;0;0;0;0;0;0;0;0;0;2655;0;0;0;0;0;0;
43834;4949453;555741184;51077120;507879424;0;0;0;0;0;0;0;0;0;0;0;2835;0;0;0;0;0;0;
43835;3178220;555741184;51077120;507879424;0;0;0;0;0;0;0;0;0;0;0;3797;0;0;0;0;0;0;
43836;5406720;555741184;51077120;507879424;0;0;0;0;0;0;0;0;0;0;0;3606;0;0;0;0;0;0;
43837;3911115;555741184;51077120;507879424;0;0;0;0;0;0;0;0;0;0;0;3818;0;0;0;0;0;0;
43838;5553275;555741184;51077120;507879424;0;0;0;0;0;0;0;0;0;0;0;4077;0;0;0;0;0;0;
43839;3957782;555741184;51077120;507879424;0;0;0;0;0;0;0;0;0;0;0;4258;0;0;0;0;0;0;
43840;5723994;555741184;51077120;507879424;0;0;0;0;0;0;0;0;0;0;0;4308;0;0;0;0;0;0;
43841;4020741;555741184;51077120;507879424;0;0;0;0;0;0;0;0;0;0;0;3717;0;0;0;0;0;0;
43842;5408993;555741184;51077120;507879424;0;0;0;0;0;0;0;0;0;0;0;3116;0;0;0;0;0;0;
43843;4150644;555741184;51077120;507879424;0;0;0;0;0;0;0;0;0;0;0;4117;0;0;0;0;0;0;
43844;5736618;555741184;51077120;507879424;0;0;0;0;0;0;0;0;0;0;0;4158;0;0;0;0;0;0;
43845;4492846;555741184;51077120;507879424;0;0;0;0;0;0;0;0;0;0;0;4078;0;0;0;0;0;0;
43846;5785139;555741184;51077120;507879424;0;0;0;0;0;0;0;0;0;0;0;3727;0;0;0;0;0;0;
43847;4597622;555741184;51077120;507879424;0;0;0;0;0;0;0;0;0;0;0;4068;0;0;0;0;0;0;
43848;5729225;555741184;51077120;507879424;0;0;0;0;0;0;0;0;0;0;0;4358;0;0;0;0;0;0;
43849;4425720;555741184;51077120;507879424;0;0;0;0;0;0;0;0;0;0;0;4408;0;0;0;0;0;0;
43850;5685993;555741184;51077120;507879424;0;0;0;0;0;0;0;0;0;0;0;4057;0;0;0;0;0;0;
43851;4368643;555741184;51077120;507879424;0;0;0;0;0;0;0;0;0;0;0;3717;0;0;0;0;0;0;
43852;5228425;555741184;51077120;507879424;0;0;0;0;0;0;0;0;0;0;0;3677;0;0;0;0;0;0;
43853;3574914;555741184;51077120;507879424;0;0;0;0;0;0;0;0;0;0;0;2825;0;0;0;0;0;0;
43854;5064558;555741184;51077120;507879424;0;0;0;0;0;0;0;0;0;0;0;3747;0;0;0;0;0;0;
43855;3189813;555741184;51077120;507879424;0;0;0;0;0;0;0;0;0;0;0;3116;0;0;0;0;0;0;
43856;5015526;555741184;51077120;507879424;0;0;0;0;0;0;0;0;0;0;0;3687;0;0;0;0;0;0;
43857;3124189;555741184;51077120;507879424;0;0;0;0;0;0;0;0;0;0;0;3337;0;0;0;0;0;0;
43858;5028521;555741184;51077120;507879424;0;0;0;0;0;0;0;0;0;0;0;3496;0;0;0;0;0;0;
43859;3101968;555741184;51077120;507879424;0;0;0;0;0;0;0;0;0;0;0;3136;0;0;0;0;0;0;
43860;5123178;555741184;51077120;507879424;0;0;0;0;0;0;0;0;0;0;0;3437;0;0;0;0;0;0;
43861;3459858;555741184;51077120;507879424;0;0;0;0;0;0;0;0;0;0;0;3847;0;0;0;0;0;0;
43862;5060551;555741184;51077120;507879424;0;0;0;0;0;0;0;0;0;0;0;2966;0;0;0;0;0;0;
43863;3405306;555741184;51077120;507879424;0;0;0;0;0;0;0;0;0;0;0;2885;0;0;0;0;0;0;
43864;4830399;555741184;51077120;507879424;0;0;0;0;0;0;0;0;0;0;0;2805;0;0;0;0;0;0;
43865;3446985;555741184;51077120;507879424;0;0;0;0;0;0;0;0;0;0;0;3266;0;0;0;0;0;0;
43866;4840718;555741184;51077120;507879424;0;0;0;0;0;0;0;0;0;0;0;3106;0;0;0;0;0;0;
43867;3362896;555741184;51077120;507879424;0;0;0;0;0;0;0;0;0;0;0;3407;0;0;0;0;0;0;
43868;5072944;555741184;51077120;507879424;0;0;0;0;0;0;0;0;0;0;0;3526;0;0;0;0;0;0;
43869;3243122;555741184;51077120;507879424;0;0;0;0;0;0;0;0;0;0;0;3357;0;0;0;0;0;0;
43870;4979438;555741184;51077120;507879424;0;0;0;0;0;0;0;0;0;0;0;3176;0;0;0;0;0;0;
43871;3258471;555741184;51077120;507879424;0;0;0;0;0;0;0;0;0;0;0;3857;0;0;0;0;0;0;
43872;5228005;555741184;51077120;507879424;0;0;0;0;0;0;0;0;0;0;0;3307;0;0;0;0;0;0;
43873;3203858;555741184;51077120;507879424;0;0;0;0;0;0;0;0;0;0;0;2915;0;0;0;0;0;0;
43874;5102289;555741184;51077120;507879424;0;0;0;0;0;0;0;0;0;0;0;3176;0;0;0;0;0;0;
43875;3247500;555741184;51077120;507879424;0;0;0;0;0;0;0;0;0;0;0;4678;0;0;0;0;0;0;
43876;5023501;555741184;51077120;507879424;0;0;0;0;0;0;0;0;0;0;0;4128;0;0;0;0;0;0;
43877;3617374;555741184;51077120;507879424;0;0;0;0;0;0;0;0;0;0;0;3336;0;0;0;0;0;0;
43878;4823035;555741184;51077120;507879424;0;0;0;0;0;0;0;0;0;0;0;3166;0;0;0;0;0;0;
43879;3304117;555741184;51077120;507879424;0;0;0;0;0;0;0;0;0;0;0;3296;0;0;0;0;0;0;
43880;4816943;555741184;51077120;507879424;0;0;0;0;0;0;0;0;0;0;0;2945;0;0;0;0;0;0;
43881;3485486;555741184;51077120;507879424;0;0;0;0;0;0;0;0;0;0;0;3376;0;0;0;0;0;0;
43882;4978647;555741184;51077120;507879424;0;0;0;0;0;0;0;0;0;0;0;3837;0;0;0;0;0;0;
43883;3216121;555741184;51077120;507879424;0;0;0;0;0;0;0;0;0;0;0;3236;0;0;0;0;0;0;
43884;5148746;555741184;51077120;507879424;0;0;0;0;0;0;0;0;0;0;0;3126;0;0;0;0;0;0;
43885;3173081;555741184;51077120;507879424;0;0;0;0;0;0;0;0;0;0;0;3637;0;0;0;0;0;0;
43886;5117387;555741184;51077120;507879424;0;0;0;0;0;0;0;0;0;0;0;4699;0;0;0;0;0;0;
43887;3255235;555741184;51077120;507879424;0;0;0;0;0;0;0;0;0;0;0;2715;0;0;0;0;0;0;
43888;5232153;555741184;51077120;507879424;0;0;0;0;0;0;0;0;0;0;0;3476;0;0;0;0;0;0;
43889;3061120;555741184;51077120;507879424;0;0;0;0;0;0;0;0;0;0;0;3136;0;0;0;0;0;0;
43890;4965001;555741184;51077120;507879424;0;0;0;0;0;0;0;0;0;0;0;3236;0;0;0;0;0;0;
43891;3285862;555741184;51077120;507879424;0;0;0;0;0;0;0;0;0;0;0;3296;0;0;0;0;0;0;
43892;5015747;555741184;51077120;507879424;0;0;0;0;0;0;0;0;0;0;0;3717;0;0;0;0;0;0;
43893;3590233;555741184;51077120;507879424;0;0;0;0;0;0;0;0;0;0;0;3026;0;0;0;0;0;0;
43894;7834032;555741184;51077120;507879424;0;0;0;0;0;0;0;0;0;0;0;3125;0;0;0;0;0;0;
43895;10554604;555741184;51077120;507879424;0;0;0;0;0;0;0;0;0;0;0;3336;0;0;0;0;0;0;
43896;4922882;555741184;51077120;507879424;0;0;0;0;0;0;0;0;0;0;0;2856;0;0;0;0;0;0;
43897;3364810;555741184;51077120;507879424;0;0;0;0;0;0;0;0;0;0;0;3606;0;0;0;0;0;0;
43898;4953931;555741184;51077120;507879424;0;0;0;0;0;0;0;0;0;0;0;3897;0;0;0;0;0;0;
43899;3199390;555741184;51077120;507879424;0;0;0;0;0;0;0;0;0;0;0;3306;0;0;0;0;0;0;
43900;5111346;555741184;51077120;507879424;0;0;0;0;0;0;0;0;0;0;0;3917;0;0;0;0;0;0;
43901;3328662;555741184;51077120;507879424;0;0;0;0;0;0;0;0;0;0;0;3426;0;0;0;0;0;0;
43902;5091128;555741184;51077120;507879424;0;0;0;0;0;0;0;0;0;0;0;4078;0;0;0;0;0;0;
43903;3248503;555741184;51077120;507879424;0;0;0;0;0;0;0;0;0;0;0;2825;0;0;0;0;0;0;
43904;5239636;555741184;51077120;507879424;0;0;0;0;0;0;0;0;0;0;0;3767;0;0;0;0;0;0;
43905;3088251;555741184;51077120;507879424;0;0;0;0;0;0;0;0;0;0;0;3326;0;0;0;0;0;0;
43906;4965081;555741184;51077120;507879424;0;0;0;0;0;0;0;0;0;0;0;3406;0;0;0;0;0;0;
43907;3586787;555741184;51077120;507879424;0;0;0;0;0;0;0;0;0;0;0;3126;0;0;0;0;0;0;
43908;5020656;555741184;51077120;507879424;0;0;0;0;0;0;0;0;0;0;0;3557;0;0;0;0;0;0;
43909;3426235;555741184;51077120;507879424;0;0;0;0;0;0;0;0;0;0;0;3126;0;0;0;0;0;0;
43910;4716234;555741184;51077120;507879424;0;0;0;0;0;0;0;0;0;0;0;2976;0;0;0;0;0;0;
43911;2991751;555741184;51077120;507879424;0;0;0;0;0;0;0;0;0;0;0;3246;0;0;0;0;0;0;
43912;4721123;555741184;51077120;507879424;0;0;0;0;0;0;0;0;0;0;0;3496;0;0;0;0;0;0;
43913;2994296;555741184;51077120;507879424;0;0;0;0;0;0;0;0;0;0;0;3707;0;0;0;0;0;0;
43914;4704653;555741184;51077120;507879424;0;0;0;0;0;0;0;0;0;0;0;3136;0;0;0;0;0;0;
43915;3007571;555741184;51077120;507879424;0;0;0;0;0;0;0;0;0;0;0;3367;0;0;0;0;0;0;
43916;4660010;555741184;51077120;507879424;0;0;0;0;0;0;0;0;0;0;0;2975;0;0;0;0;0;0;
43917;3065870;555741184;51077120;507879424;0;0;0;0;0;0;0;0;0;0;0;3397;0;0;0;0;0;0;
43918;4768813;555741184;51077120;507879424;0;0;0;0;0;0;0;0;0;0;0;3417;0;0;0;0;0;0;
43919;2884300;555741184;51077120;507879424;0;0;0;0;0;0;0;0;0;0;0;3387;0;0;0;0;0;0;
43920;4920548;555741184;51077120;507879424;0;0;0;0;0;0;0;0;0;0;0;3808;0;0;0;0;0;0;
43921;2866756;555741184;51077120;507879424;0;0;0;0;0;0;0;0;0;0;0;2855;0;0;0;0;0;0;
43922;4955955;555741184;51077120;507879424;0;0;0;0;0;0;0;0;0;0;0;3577;0;0;0;0;0;0;
43923;2797747;555741184;51077120;507879424;0;0;0;0;0;0;0;0;0;0;0;2696;0;0;0;0;0;0;
43924;5050632;555741184;51077120;507879424;0;0;0;0;0;0;0;0;0;0;0;3257;0;0;0;0;0;0;
43925;2762040;555741184;51077120;507879424;0;0;0;0;0;0;0;0;0;0;0;3026;0;0;0;0;0;0;
43926;4986893;555741184;51077120;507879424;0;0;0;0;0;0;0;0;0;0;0;2715;0;0;0;0;0;0;
43927;2747452;555741184;51077120;507879424;0;0;0;0;0;0;0;0;0;0;0;2805;0;0;0;0;0;0;
43928;4945705;555741184;51077120;507879424;0;0;0;0;0;0;0;0;0;0;0;3296;0;0;0;0;0;0;
43929;2744707;555741184;51077120;507879424;0;0;0;0;0;0;0;0;0;0;0;3126;0;0;0;0;0;0;
43930;5021587;555741184;51077120;507879424;0;0;0;0;0;0;0;0;0;0;0;2836;0;0;0;0;0;0;
43931;2891042;555741184;51077120;507879424;0;0;0;0;0;0;0;0;0;0;0;3136;0;0;0;0;0;0;
43932;5135010;555741184;51077120;507879424;0;0;0;0;0;0;0;0;0;0;0;3287;0;0;0;0;0;0;
43933;2978776;555741184;51077120;507879424;0;0;0;0;0;0;0;0;0;0;0;3056;0;0;0;0;0;0;
43934;5217815;555741184;51077120;507879424;0;0;0;0;0;0;0;0;0;0;0;3006;0;0;0;0;0;0;
43935;2852830;555741184;51077120;507879424;0;0;0;0;0;0;0;0;0;0;0;2575;0;0;0;0;0;0;
43936;5309086;555741184;51077120;507879424;0;0;0;0;0;0;0;0;0;0;0;3286;0;0;0;0;0;0;
43937;2855456;555741184;51077120;507879424;0;0;0;0;0;0;0;0;0;0;0;3016;0;0;0;0;0;0;
43938;4988405;555741184;51077120;507879424;0;0;0;0;0;0;0;0;0;0;0;3206;0;0;0;0;0;0;
43939;2968637;555741184;51077120;507879424;0;0;0;0;0;0;0;0;0;0;0;3206;0;0;0;0;0;0;
43940;4896693;555741184;51077120;507879424;0;0;0;0;0;0;0;0;0;0;0;2925;0;0;0;0;0;0;
43941;3091929;555741184;51077120;507879424;0;0;0;0;0;0;0;0;0;0;0;2765;0;0;0;0;0;0;
43942;4827082;555741184;51077120;507879424;0;0;0;0;0;0;0;0;0;0;0;3477;0;0;0;0;0;0;
43943;2977944;555741184;51077120;507879424;0;0;0;0;0;0;0;0;0;0;0;2745;0;0;0;0;0;0;
43944;4814429;555741184;51077120;507879424;0;0;0;0;0;0;0;0;0;0;0;3626;0;0;0;0;0;0;
43945;3033288;555741184;51077120;507879424;0;0;0;0;0;0;0;0;0;0;0;3176;0;0;0;0;0;0;
43946;4805051;555741184;51077120;507879424;0;0;0;0;0;0;0;0;0;0;0;3657;0;0;0;0;0;0;
43947;2806894;555741184;51077120;507879424;0;0;0;0;0;0;0;0;0;0;0;3216;0;0;0;0;0;0;
43948;4930988;555741184;51077120;507879424;0;0;0;0;0;0;0;0;0;0;0;3146;0;0;0;0;0;0;
43949;2909407;555741184;51077120;507879424;0;0;0;0;0;0;0;0;0;0;0;2976;0;0;0;0;0;0;
43950;4893197;555741184;51077120;507879424;0;0;0;0;0;0;0;0;0;0;0;4208;0;0;0;0;0;0;
43951;3141351;555741184;51077120;507879424;0;0;0;0;0;0;0;0;0;0;0;3977;0;0;0;0;0;0;
43952;4979508;555741184;51077120;507879424;0;0;0;0;0;0;0;0;0;0;0;4288;0;0;0;0;0;0;
43953;3380720;555741184;51077120;507879424;0;0;0;0;0;0;0;0;0;0;0;3286;0;0;0;0;0;0;
43954;4919916;555741184;51077120;507879424;0;0;0;0;0;0;0;0;0;0;0;3607;0;0;0;0;0;0;
43955;3211042;555741184;51077120;507879424;0;0;0;0;0;0;0;0;0;0;0;3357;0;0;0;0;0;0;
43956;4843483;555741184;51077120;507879424;0;0;0;0;0;0;0;0;0;0;0;3296;0;0;0;0;0;0;
43957;3304978;555741184;51077120;507879424;0;0;0;0;0;0;0;0;0;0;0;3257;0;0;0;0;0;0;
43958;4907694;555741184;51077120;507879424;0;0;0;0;0;0;0;0;0;0;0;3186;0;0;0;0;0;0;
43959;3161599;555741184;51077120;507879424;0;0;0;0;0;0;0;0;0;0;0;3437;0;0;0;0;0;0;
43960;5082071;555741184;51077120;507879424;0;0;0;0;0;0;0;0;0;0;0;4579;0;0;0;0;0;0;
43961;3327711;555741184;51077120;507879424;0;0;0;0;0;0;0;0;0;0;0;3366;0;0;0;0;0;0;
43962;4979218;555741184;51077120;507879424;0;0;0;0;0;0;0;0;0;0;0;3186;0;0;0;0;0;0;
43963;3206594;555741184;51077120;507879424;0;0;0;0;0;0;0;0;0;0;0;3787;0;0;0;0;0;0;
43964;5180345;555741184;51077120;507879424;0;0;0;0;0;0;0;0;0;0;0;3647;0;0;0;0;0;0;
43965;3181576;555741184;51077120;507879424;0;0;0;0;0;0;0;0;0;0;0;3236;0;0;0;0;0;0;
43966;5092270;555741184;51077120;507879424;0;0;0;0;0;0;0;0;0;0;0;3727;0;0;0;0;0;0;
43967;3233644;555741184;51085312;507887616;0;0;0;0;0;0;0;0;0;0;0;3757;0;0;0;0;0;0;
43968;5012170;555741184;51085312;507887616;0;0;0;0;0;0;0;0;0;0;0;3386;0;0;0;0;0;0;
43969;3478002;555741184;51085312;507887616;0;0;0;0;0;0;0;0;0;0;0;3346;0;0;0;0;0;0;
43970;4936097;555741184;51085312;507887616;0;0;0;0;0;0;0;0;0;0;0;2945;0;0;0;0;0;0;
43971;3391751;555741184;51085312;507887616;0;0;0;0;0;0;0;0;0;0;0;2765;0;0;0;0;0;0;
43972;4881595;555741184;51085312;507887616;0;0;0;0;0;0;0;0;0;0;0;2815;0;0;0;0;0;0;
43973;3337148;555782144;51077120;507879424;0;0;0;0;0;0;0;0;0;0;0;2956;0;0;0;0;0;0;
43974;4821933;555782144;51077120;507879424;0;0;0;0;0;0;0;0;0;0;0;3306;0;0;0;0;0;0;
43975;3472813;555782144;51077120;507879424;0;0;0;0;0;0;0;0;0;0;0;3006;0;0;0;0;0;0;
43976;4804340;555782144;51077120;507879424;0;0;0;0;0;0;0;0;0;0;0;3457;0;0;0;0;0;0;
43977;3258441;555782144;51077120;507879424;0;0;0;0;0;0;0;0;0;0;0;2825;0;0;0;0;0;0;
43978;4783551;555782144;51077120;507879424;0;0;0;0;0;0;0;0;0;0;0;2815;0;0;0;0;0;0;
43979;3430514;555782144;51077120;507879424;0;0;0;0;0;0;0;0;0;0;0;3677;0;0;0;0;0;0;
43980;4963248;555782144;51077120;507879424;0;0;0;0;0;0;0;0;0;0;0;2876;0;0;0;0;0;0;
43981;2783680;555782144;51077120;507879424;0;0;0;0;0;0;0;0;0;0;0;3867;0;0;0;0;0;0;
43982;4749958;555782144;51077120;507879424;0;0;0;0;0;0;0;0;0;0;0;3025;0;0;0;0;0;0;
43983;2711916;555782144;51077120;507879424;0;0;0;0;0;0;0;0;0;0;0;2725;0;0;0;0;0;0;
43984;4709943;555782144;51077120;507879424;0;0;0;0;0;0;0;0;0;0;0;3066;0;0;0;0;0;0;
43985;2734759;555782144;51077120;507879424;0;0;0;0;0;0;0;0;0;0;0;2835;0;0;0;0;0;0;
43986;4713149;555782144;51077120;507879424;0;0;0;0;0;0;0;0;0;0;0;2735;0;0;0;0;0;0;
43987;2652524;555782144;51077120;507879424;0;0;0;0;0;0;0;0;0;0;0;2815;0;0;0;0;0;0;
43988;4705996;555782144;51077120;507879424;0;0;0;0;0;0;0;0;0;0;0;2805;0;0;0;0;0;0;
43989;2745098;555782144;51077120;507879424;0;0;0;0;0;0;0;0;0;0;0;2685;0;0;0;0;0;0;
43990;4712458;555782144;51077120;507879424;0;0;0;0;0;0;0;0;0;0;0;2485;0;0;0;0;0;0;
43991;2739848;555782144;51077120;507879424;0;0;0;0;0;0;0;0;0;0;0;2755;0;0;0;0;0;0;
43992;4762432;555782144;51077120;507879424;0;0;0;0;0;0;0;0;0;0;0;3237;0;0;0;0;0;0;
43993;2726824;555782144;51077120;507879424;0;0;0;0;0;0;0;0;0;0;0;2665;0;0;0;0;0;0;
43994;4694734;555782144;51077120;507879424;0;0;0;0;0;0;0;0;0;0;0;2926;0;0;0;0;0;0;
43995;2726342;555782144;51077120;507879424;0;0;0;0;0;0;0;0;0;0;0;2845;0;0;0;0;0;0;
43996;4781156;555782144;51077120;507879424;0;0;0;0;0;0;0;0;0;0;0;2795;0;0;0;0;0;0;
43997;2746822;555782144;51077120;507879424;0;0;0;0;0;0;0;0;0;0;0;3236;0;0;0;0;0;0;
43998;4699293;555782144;51077120;507879424;0;0;0;0;0;0;0;0;0;0;0;2845;0;0;0;0;0;0;
43999;3131142;555782144;51077120;507879424;0;0;0;0;0;0;0;0;0;0;0;4158;0;0;0;0;0;0;
44000;4999466;555782144;51077120;507879424;0;0;0;0;0;0;0;0;0;0;0;2475;0;0;0;0;0;0;
44001;2706786;555782144;51077120;507879424;0;0;0;0;0;0;0;0;0;0;0;2775;0;0;0;0;0;0;
44002;4725092;555782144;51077120;507879424;0;0;0;0;0;0;0;0;0;0;0;2785;0;0;0;0;0;0;
44003;2743074;555782144;51077120;507879424;0;0;0;0;0;0;0;0;0;0;0;3105;0;0;0;0;0;0;
44004;4817875;555782144;51077120;507879424;0;0;0;0;0;0;0;0;0;0;0;3155;0;0;0;0;0;0;
44005;2785394;555782144;51077120;507879424;0;0;0;0;0;0;0;0;0;0;0;3827;0;0;0;0;0;0;
44006;4779733;555782144;51077120;507879424;0;0;0;0;0;0;0;0;0;0;0;3677;0;0;0;0;0;0;
44007;2692369;555782144;51077120;507879424;0;0;0;0;0;0;0;0;0;0;0;2905;0;0;0;0;0;0;
44008;4719341;555782144;51077120;507879424;0;0;0;0;0;0;0;0;0;0;0;3426;0;0;0;0;0;0;
44009;2677562;555782144;51077120;507879424;0;0;0;0;0;0;0;0;0;0;0;3306;0;0;0;0;0;0;
44010;4698832;555782144;51077120;507879424;0;0;0;0;0;0;0;0;0;0;0;2585;0;0;0;0;0;0;
44011;2754706;555782144;51077120;507879424;0;0;0;0;0;0;0;0;0;0;0;2865;0;0;0;0;0;0;
44012;4704212;555782144;51077120;507879424;0;0;0;0;0;0;0;0;0;0;0;2885;0;0;0;0;0;0;
44013;2764214;555782144;51077120;507879424;0;0;0;0;0;0;0;0;0;0;0;2956;0;0;0;0;0;0;
44014;4722787;555782144;51077120;507879424;0;0;0;0;0;0;0;0;0;0;0;2484;0;0;0;0;0;0;
44015;2727886;555782144;51077120;507879424;0;0;0;0;0;0;0;0;0;0;0;2806;0;0;0;0;0;0;
44016;4718670;555782144;51077120;507879424;0;0;0;0;0;0;0;0;0;0;0;3066;0;0;0;0;0;0;
44017;2712206;555782144;51077120;507879424;0;0;0;0;0;0;0;0;0;0;0;3076;0;0;0;0;0;0;
44018;4772079;555782144;51077120;507879424;0;0;0;0;0;0;0;0;0;0;0;2625;0;0;0;0;0;0;
44019;2727064;555782144;51077120;507879424;0;0;0;0;0;0;0;0;0;0;0;2545;0;0;0;0;0;0;
44020;4695706;555782144;51077120;507879424;0;0;0;0;0;0;0;0;0;0;0;3066;0;0;0;0;0;0;
44021;2756930;555782144;51077120;507879424;0;0;0;0;0;0;0;0;0;0;0;2665;0;0;0;0;0;0;
44022;4657655;555782144;51077120;507879424;0;0;0;0;0;0;0;0;0;0;0;2384;0;0;0;0;0;0;
44023;2832863;555782144;51077120;507879424;0;0;0;0;0;0;0;0;0;0;0;3677;0;0;0;0;0;0;
44024;4705305;555782144;51077120;507879424;0;0;0;0;0;0;0;0;0;0;0;2735;0;0;0;0;0;0;
44025;2707507;555782144;51077120;507879424;0;0;0;0;0;0;0;0;0;0;0;2875;0;0;0;0;0;0;
44026;4700766;555782144;51077120;507879424;0;0;0;0;0;0;0;0;0;0;0;2364;0;0;0;0;0;0;
44027;2700444;555782144;51077120;507879424;0;0;0;0;0;0;0;0;0;0;0;2685;0;0;0;0;0;0;
44028;4719161;555782144;51077120;507879424;0;0;0;0;0;0;0;0;0;0;0;2735;0;0;0;0;0;0;
44029;2693572;555782144;51077120;507879424;0;0;0;0;0;0;0;0;0;0;0;3156;0;0;0;0;0;0;
44030;4772660;555782144;51077120;507879424;0;0;0;0;0;0;0;0;0;0;0;2885;0;0;0;0;0;0;
44031;2757462;555782144;51077120;507879424;0;0;0;0;0;0;0;0;0;0;0;2956;0;0;0;0;0;0;
44032;4761520;555782144;51077120;507879424;0;0;0;0;0;0;0;0;0;0;0;3015;0;0;0;0;0;0;
44033;3232192;555782144;51077120;507879424;0;0;0;0;0;0;0;0;0;0;0;2955;0;0;0;0;0;0;
44034;4730842;555782144;51077120;507879424;0;0;0;0;0;0;0;0;0;0;0;2495;0;0;0;0;0;0;
44035;2709151;555782144;51077120;507879424;0;0;0;0;0;0;0;0;0;0;0;2585;0;0;0;0;0;0;
44036;4734689;555782144;51077120;507879424;0;0;0;0;0;0;0;0;0;0;0;3236;0;0;0;0;0;0;
44037;2813106;555782144;51077120;507879424;0;0;0;0;0;0;0;0;0;0;0;2585;0;0;0;0;0;0;
44038;4715103;555782144;51077120;507879424;0;0;0;0;0;0;0;0;0;0;0;2775;0;0;0;0;0;0;
44039;3034551;555782144;51077120;507879424;0;0;0;0;0;0;0;0;0;0;0;2755;0;0;0;0;0;0;
44040;4645512;555782144;51077120;507879424;0;0;0;0;0;0;0;0;0;0;0;2655;0;0;0;0;0;0;
44041;2876214;555782144;51077120;507879424;0;0;0;0;0;0;0;0;0;0;0;3036;0;0;0;0;0;0;
44042;4618602;555782144;51077120;507879424;0;0;0;0;0;0;0;0;0;0;0;2605;0;0;0;0;0;0;
44043;2825649;555782144;51077120;507879424;0;0;0;0;0;0;0;0;0;0;0;3657;0;0;0;0;0;0;
44044;4634662;555782144;51077120;507879424;0;0;0;0;0;0;0;0;0;0;0;2895;0;0;0;0;0;0;
44045;2828053;555782144;51077120;507879424;0;0;0;0;0;0;0;0;0;0;0;2786;0;0;0;0;0;0;
44046;4634271;555782144;51077120;507879424;0;0;0;0;0;0;0;0;0;0;0;3426;0;0;0;0;0;0;
44047;2848091;555782144;51077120;507879424;0;0;0;0;0;0;0;0;0;0;0;2926;0;0;0;0;0;0;
44048;4721004;555782144;51077120;507879424;0;0;0;0;0;0;0;0;0;0;0;3336;0;0;0;0;0;0;
44049;2693631;555782144;51077120;507879424;0;0;0;0;0;0;0;0;0;0;0;2785;0;0;0;0;0;0;
44050;4721675;555782144;51077120;507879424;0;0;0;0;0;0;0;0;0;0;0;2514;0;0;0;0;0;0;
44051;2654327;555782144;51077120;507879424;0;0;0;0;0;0;0;0;0;0;0;2915;0;0;0;0;0;0;
44052;4697991;555782144;51077120;507879424;0;0;0;0;0;0;0;0;0;0;0;2775;0;0;0;0;0;0;
44053;2726904;555782144;51077120;507879424;0;0;0;0;0;0;0;0;0;0;0;3336;0;0;0;0;0;0;
44054;4737264;555782144;51077120;507879424;0;0;0;0;0;0;0;0;0;0;0;3436;0;0;0;0;0;0;
44055;2651522;555782144;51077120;507879424;0;0;0;0;0;0;0;0;0;0;0;2845;0;0;0;0;0;0;
44056;4718068;555782144;51077120;507879424;0;0;0;0;0;0;0;0;0;0;0;2775;0;0;0;0;0;0;
44057;2764374;555782144;51077120;507879424;0;0;0;0;0;0;0;0;0;0;0;2805;0;0;0;0;0;0;
44058;4721835;555782144;51077120;507879424;0;0;0;0;0;0;0;0;0;0;0;2785;0;0;0;0;0;0;
44059;2806343;555782144;51077120;507879424;0;0;0;0;0;0;0;0;0;0;0;2876;0;0;0;0;0;0;
44060;4749276;555782144;51077120;507879424;0;0;0;0;0;0;0;0;0;0;0;2625;0;0;0;0;0;0;
44061;2740048;555782144;51077120;507879424;0;0;0;0;0;0;0;0;0;0;0;3075;0;0;0;0;0;0;
44062;4679626;555782144;51077120;507879424;0;0;0;0;0;0;0;0;0;0;0;3086;0;0;0;0;0;0;
44063;3075778;555782144;51077120;507879424;0;0;0;0;0;0;0;0;0;0;0;3266;0;0;0;0;0;0;
44064;4653067;555782144;51077120;507879424;0;0;0;0;0;0;0;0;0;0;0;2785;0;0;0;0;0;0;
44065;2731682;555782144;51077120;507879424;0;0;0;0;0;0;0;0;0;0;0;2905;0;0;0;0;0;0;
44066;4609615;555782144;51077120;507879424;0;0;0;0;0;0;0;0;0;0;0;2354;0;0;0;0;0;0;
44067;2810190;555782144;51077120;507879424;0;0;0;0;0;0;0;0;0;0;0;2965;0;0;0;0;0;0;
44068;4650071;555782144;51077120;507879424;0;0;0;0;0;0;0;0;0;0;0;2765;0;0;0;0;0;0;
44069;2705975;555782144;51077120;507879424;0;0;0;0;0;0;0;0;0;0;0;2905;0;0;0;0;0;0;
44070;4654218;555782144;51077120;507879424;0;0;0;0;0;0;0;0;0;0;0;3076;0;0;0;0;0;0;
44071;2855155;555782144;51077120;507879424;0;0;0;0;0;0;0;0;0;0;0;3015;0;0;0;0;0;0;
44072;4755628;555782144;51077120;507879424;0;0;0;0;0;0;0;0;0;0;0;2845;0;0;0;0;0;0;
44073;2647726;555782144;51077120;507879424;0;0;0;0;0;0;0;0;0;0;0;2795;0;0;0;0;0;0;
44074;4733798;555782144;51077120;507879424;0;0;0;0;0;0;0;0;0;0;0;3267;0;0;0;0;0;0;
44075;2644009;555782144;51077120;507879424;0;0;0;0;0;0;0;0;0;0;0;2565;0;0;0;0;0;0;
44076;4735360;555782144;51077120;507879424;0;0;0;0;0;0;0;0;0;0;0;2955;0;0;0;0;0;0;
44077;2689413;555782144;51077120;507879424;0;0;0;0;0;0;0;0;0;0;0;2846;0;0;0;0;0;0;
44078;4697249;555782144;51077120;507879424;0;0;0;0;0;0;0;0;0;0;0;2685;0;0;0;0;0;0;
44079;2728186;555782144;51077120;507879424;0;0;0;0;0;0;0;0;0;0;0;2334;0;0;0;0;0;0;
44080;4724451;555782144;51077120;507879424;0;0;0;0;0;0;0;0;0;0;0;2384;0;0;0;0;0;0;
44081;2760056;555782144;51077120;507879424;0;0;0;0;0;0;0;0;0;0;0;3697;0;0;0;0;0;0;
44082;4745059;555782144;51077120;507879424;0;0;0;0;0;0;0;0;0;0;0;3136;0;0;0;0;0;0;
44083;2681589;555782144;51077120;507879424;0;0;0;0;0;0;0;0;0;0;0;2966;0;0;0;0;0;0;
44084;4681199;555782144;51077120;507879424;0;0;0;0;0;0;0;0;0;0;0;2634;0;0;0;0;0;0;
44085;2752963;555782144;51077120;507879424;0;0;0;0;0;0;0;0;0;0;0;3026;0;0;0;0;0;0;
44086;4712968;555782144;51077120;507879424;0;0;0;0;0;0;0;0;0;0;0;2534;0;0;0;0;0;0;
44087;3059036;555782144;51077120;507879424;0;0;0;0;0;0;0;0;0;0;0;2835;0;0;0;0;0;0;
44088;4618010;555782144;51077120;507879424;0;0;0;0;0;0;0;0;0;0;0;2354;0;0;0;0;0;0;
44089;2683873;555782144;51077120;507879424;0;0;0;0;0;0;0;0;0;0;0;2695;0;0;0;0;0;0;
44090;4608512;555782144;51077120;507879424;0;0;0;0;0;0;0;0;0;0;0;2575;0;0;0;0;0;0;
44091;2729158;555782144;51077120;507879424;0;0;0;0;0;0;0;0;0;0;0;2926;0;0;0;0;0;0;
44092;4617370;555782144;51077120;507879424;0;0;0;0;0;0;0;0;0;0;0;2514;0;0;0;0;0;0;
44093;2770616;555782144;51077120;507879424;0;0;0;0;0;0;0;0;0;0;0;2886;0;0;0;0;0;0;
44094;4658767;555782144;51077120;507879424;0;0;0;0;0;0;0;0;0;0;0;2805;0;0;0;0;0;0;
44095;2898476;555782144;51077120;507879424;0;0;0;0;0;0;0;0;0;0;0;2545;0;0;0;0;0;0;
44096;4692640;555782144;51077120;507879424;0;0;0;0;0;0;0;0;0;0;0;2345;0;0;0;0;0;0;
44097;2732594;555782144;51077120;507879424;0;0;0;0;0;0;0;0;0;0;0;2645;0;0;0;0;0;0;
44098;4764796;555782144;51077120;507879424;0;0;0;0;0;0;0;0;0;0;0;2544;0;0;0;0;0;0;
44099;3056281;555782144;51085312;507887616;0;0;0;0;0;0;0;0;0;0;0;4489;0;0;0;0;0;0;
44100;4853152;555782144;51085312;507887616;0;0;0;0;0;0;0;0;0;0;0;2946;0;0;0;0;0;0;
44101;2824377;555782144;51085312;507887616;0;0;0;0;0;0;0;0;0;0;0;3196;0;0;0;0;0;0;
44102;4749747;555782144;51085312;507887616;0;0;0;0;0;0;0;0;0;0;0;2535;0;0;0;0;0;0;
44103;2793880;555782144;51085312;507887616;0;0;0;0;0;0;0;0;0;0;0;2845;0;0;0;0;0;0;
44104;4745510;555782144;51085312;507887616;0;0;0;0;0;0;0;0;0;0;0;2695;0;0;0;0;0;0;
44105;2771237;555802624;51077120;507879424;0;0;0;0;0;0;0;0;0;0;0;3346;0;0;0;0;0;0;
44106;4718439;555802624;51077120;507879424;0;0;0;0;0;0;0;0;0;0;0;3336;0;0;0;0;0;0;
44107;2811142;555802624;51077120;507879424;0;0;0;0;0;0;0;0;0;0;0;3006;0;0;0;0;0;0;
44108;4740460;555802624;51077120;507879424;0;0;0;0;0;0;0;0;0;0;0;2885;0;0;0;0;0;0;
44109;2792607;555802624;51077120;507879424;0;0;0;0;0;0;0;0;0;0;0;3296;0;0;0;0;0;0;
44110;4783741;555802624;51077120;507879424;0;0;0;0;0;0;0;0;0;0;0;2415;0;0;0;0;0;0;
44111;2735580;555802624;51077120;507879424;0;0;0;0;0;0;0;0;0;0;0;3086;0;0;0;0;0;0;
44112;4745650;555802624;51077120;507879424;0;0;0;0;0;0;0;0;0;0;0;2775;0;0;0;0;0;0;
44113;2731623;555802624;51077120;507879424;0;0;0;0;0;0;0;0;0;0;0;2705;0;0;0;0;0;0;
44114;4739519;555802624;51077120;507879424;0;0;0;0;0;0;0;0;0;0;0;2716;0;0;0;0;0;0;
44115;2675457;555802624;51077120;507879424;0;0;0;0;0;0;0;0;0;0;0;2465;0;0;0;0;0;0;
44116;4729179;555802624;51077120;507879424;0;0;0;0;0;0;0;0;0;0;0;2455;0;0;0;0;0;0;
44117;2751701;555802624;51077120;507879424;0;0;0;0;0;0;0;0;0;0;0;2355;0;0;0;0;0;0;
44118;4621788;555802624;51077120;507879424;0;0;0;0;0;0;0;0;0;0;0;2435;0;0;0;0;0;0;
44119;2681920;555802624;51077120;507879424;0;0;0;0;0;0;0;0;0;0;0;2705;0;0;0;0;0;0;
44120;4673104;555802624;51077120;507879424;0;0;0;0;0;0;0;0;0;0;0;2595;0;0;0;0;0;0;
44121;2720683;555802624;51077120;507879424;0;0;0;0;0;0;0;0;0;0;0;3206;0;0;0;0;0;0;
44122;4668215;555802624;51077120;507879424;0;0;0;0;0;0;0;0;0;0;0;2545;0;0;0;0;0;0;
44123;2690135;555802624;51077120;507879424;0;0;0;0;0;0;0;0;0;0;0;2995;0;0;0;0;0;0;
44124;4669407;555802624;51077120;507879424;0;0;0;0;0;0;0;0;0;0;0;2665;0;0;0;0;0;0;
44125;2739307;555802624;51077120;507879424;0;0;0;0;0;0;0;0;0;0;0;2635;0;0;0;0;0;0;
44126;4720664;555802624;51077120;507879424;0;0;0;0;0;0;0;0;0;0;0;2545;0;0;0;0;0;0;
44127;2887335;555802624;51077120;507879424;0;0;0;0;0;0;0;0;0;0;0;3446;0;0;0;0;0;0;
44128;4810171;555802624;51077120;507879424;0;0;0;0;0;0;0;0;0;0;0;2926;0;0;0;0;0;0;
44129;3059417;555802624;51077120;507879424;0;0;0;0;0;0;0;0;0;0;0;3296;0;0;0;0;0;0;
44130;4637988;555802624;51077120;507879424;0;0;0;0;0;0;0;0;0;0;0;2926;0;0;0;0;0;0;
44131;2721534;555802624;51077120;507879424;0;0;0;0;0;0;0;0;0;0;0;3046;0;0;0;0;0;0;
44132;4699193;555802624;51077120;507879424;0;0;0;0;0;0;0;0;0;0;0;3467;0;0;0;0;0;0;
44133;2751660;555802624;51077120;507879424;0;0;0;0;0;0;0;0;0;0;0;3116;0;0;0;0;0;0;
44134;4669567;555802624;51077120;507879424;0;0;0;0;0;0;0;0;0;0;0;2896;0;0;0;0;0;0;
44135;2722646;555802624;51077120;507879424;0;0;0;0;0;0;0;0;0;0;0;2936;0;0;0;0;0;0;
44136;4760708;555802624;51077120;507879424;0;0;0;0;0;0;0;0;0;0;0;3046;0;0;0;0;0;0;
44137;2718348;555802624;51077120;507879424;0;0;0;0;0;0;0;0;0;0;0;3106;0;0;0;0;0;0;
44138;4682712;555802624;51077120;507879424;0;0;0;0;0;0;0;0;0;0;0;2875;0;0;0;0;0;0;
44139;2753203;555802624;51077120;507879424;0;0;0;0;0;0;0;0;0;0;0;3276;0;0;0;0;0;0;
44140;4695235;555802624;51077120;507879424;0;0;0;0;0;0;0;0;0;0;0;2976;0;0;0;0;0;0;
44141;2706576;555802624;51077120;507879424;0;0;0;0;0;0;0;0;0;0;0;3086;0;0;0;0;0;0;
44142;4707699;555802624;51077120;507879424;0;0;0;0;0;0;0;0;0;0;0;3086;0;0;0;0;0;0;
44143;2678163;555802624;51077120;507879424;0;0;0;0;0;0;0;0;0;0;0;2946;0;0;0;0;0;0;
44144;4721455;555802624;51077120;507879424;0;0;0;0;0;0;0;0;0;0;0;3095;0;0;0;0;0;0;
44145;2707798;555802624;51077120;507879424;0;0;0;0;0;0;0;0;0;0;0;3266;0;0;0;0;0;0;
44146;4665801;555802624;51077120;507879424;0;0;0;0;0;0;0;0;0;0;0;3186;0;0;0;0;0;0;
44147;2694964;555802624;51077120;507879424;0;0;0;0;0;0;0;0;0;0;0;3316;0;0;0;0;0;0;
44148;4687241;555802624;51077120;507879424;0;0;0;0;0;0;0;0;0;0;0;3026;0;0;0;0;0;0;
44149;2715302;555802624;51077120;507879424;0;0;0;0;0;0;0;0;0;0;0;2886;0;0;0;0;0;0;
44150;4728027;555802624;51077120;507879424;0;0;0;0;0;0;0;0;0;0;0;2816;0;0;0;0;0;0;
44151;11741350;555802624;51077120;507879424;0;0;0;0;0;0;0;0;0;0;0;2785;0;0;0;0;0;0;
44152;4724630;555802624;51077120;507879424;0;0;0;0;0;0;0;0;0;0;0;3066;0;0;0;0;0;0;
44153;3108560;555802624;51077120;507879424;0;0;0;0;0;0;0;0;0;0;0;4187;0;0;0;0;0;0;
44154;5249945;555802624;51077120;507879424;0;0;0;0;0;0;0;0;0;0;0;4188;0;0;0;0;0;0;
44155;2919525;555802624;51077120;507879424;0;0;0;0;0;0;0;0;0;0;0;3377;0;0;0;0;0;0;
44156;4675939;555802624;51077120;507879424;0;0;0;0;0;0;0;0;0;0;0;3236;0;0;0;0;0;0;
44157;2689724;555802624;51077120;507879424;0;0;0;0;0;0;0;0;0;0;0;3056;0;0;0;0;0;0;
44158;4644009;555802624;51077120;507879424;0;0;0;0;0;0;0;0;0;0;0;2905;0;0;0;0;0;0;
44159;2747433;555802624;51077120;507879424;0;0;0;0;0;0;0;0;0;0;0;2935;0;0;0;0;0;0;
44160;4675599;555802624;51077120;507879424;0;0;0;0;0;0;0;0;0;0;0;2785;0;0;0;0;0;0;
44161;2742614;555802624;51077120;507879424;0;0;0;0;0;0;0;0;0;0;0;2935;0;0;0;0;0;0;
44162;4634552;555802624;51077120;507879424;0;0;0;0;0;0;0;0;0;0;0;2806;0;0;0;0;0;0;
44163;2673073;555802624;51077120;507879424;0;0;0;0;0;0;0;0;0;0;0;3136;0;0;0;0;0;0;
44164;4774504;555802624;51077120;507879424;0;0;0;0;0;0;0;0;0;0;0;3026;0;0;0;0;0;0;
44165;2716344;555802624;51077120;507879424;0;0;0;0;0;0;0;0;0;0;0;2695;0;0;0;0;0;0;
44166;4697580;555802624;51077120;507879424;0;0;0;0;0;0;0;0;0;0;0;2575;0;0;0;0;0;0;
44167;2685737;555802624;51077120;507879424;0;0;0;0;0;0;0;0;0;0;0;3616;0;0;0;0;0;0;
44168;4746481;555802624;51077120;507879424;0;0;0;0;0;0;0;0;0;0;0;3036;0;0;0;0;0;0;
44169;2727806;555802624;51077120;507879424;0;0;0;0;0;0;0;0;0;0;0;2935;0;0;0;0;0;0;
44170;4720282;555802624;51077120;507879424;0;0;0;0;0;0;0;0;0;0;0;2825;0;0;0;0;0;0;
44171;2682321;555802624;51077120;507879424;0;0;0;0;0;0;0;0;0;0;0;2846;0;0;0;0;0;0;
44172;4734309;555802624;51077120;507879424;0;0;0;0;0;0;0;0;0;0;0;2895;0;0;0;0;0;0;
44173;2714210;555802624;51077120;507879424;0;0;0;0;0;0;0;0;0;0;0;3116;0;0;0;0;0;0;
44174;4695896;555802624;51077120;507879424;0;0;0;0;0;0;0;0;0;0;0;2615;0;0;0;0;0;0;
44175;2685386;555802624;51077120;507879424;0;0;0;0;0;0;0;0;0;0;0;2876;0;0;0;0;0;0;
44176;4700415;555802624;51077120;507879424;0;0;0;0;0;0;0;0;0;0;0;2986;0;0;0;0;0;0;
44177;2654539;555802624;51077120;507879424;0;0;0;0;0;0;0;0;0;0;0;3206;0;0;0;0;0;0;
44178;4680387;555802624;51077120;507879424;0;0;0;0;0;0;0;0;0;0;0;2454;0;0;0;0;0;0;
44179;2657854;555802624;51077120;507879424;0;0;0;0;0;0;0;0;0;0;0;2595;0;0;0;0;0;0;
44180;4749367;555802624;51077120;507879424;0;0;0;0;0;0;0;0;0;0;0;3476;0;0;0;0;0;0;
44181;3123097;555802624;51077120;507879424;0;0;0;0;0;0;0;0;0;0;0;4518;0;0;0;0;0;0;
44182;4684846;555802624;51077120;507879424;0;0;0;0;0;0;0;0;0;0;0;2775;0;0;0;0;0;0;
44183;2676740;555802624;51077120;507879424;0;0;0;0;0;0;0;0;0;0;0;3106;0;0;0;0;0;0;
44184;4648458;555802624;51077120;507879424;0;0;0;0;0;0;0;0;0;0;0;3306;0;0;0;0;0;0;
44185;2722546;555802624;51077120;507879424;0;0;0;0;0;0;0;0;0;0;0;3045;0;0;0;0;0;0;
44186;4663687;555802624;51077120;507879424;0;0;0;0;0;0;0;0;0;0;0;2886;0;0;0;0;0;0;
44187;2955362;555802624;51077120;507879424;0;0;0;0;0;0;0;0;0;0;0;3276;0;0;0;0;0;0;
44188;4666452;555802624;51077120;507879424;0;0;0;0;0;0;0;0;0;0;0;3046;0;0;0;0;0;0;
44189;2768041;555802624;51077120;507879424;0;0;0;0;0;0;0;0;0;0;0;2956;0;0;0;0;0;0;
44190;4689975;555802624;51077120;507879424;0;0;0;0;0;0;0;0;0;0;0;3256;0;0;0;0;0;0;
44191;2674045;555802624;51077120;507879424;0;0;0;0;0;0;0;0;0;0;0;3697;0;0;0;0;0;0;
44192;4624893;555802624;51077120;507879424;0;0;0;0;0;0;0;0;0;0;0;2765;0;0;0;0;0;0;
44193;2692830;555802624;51077120;507879424;0;0;0;0;0;0;0;0;0;0;0;3367;0;0;0;0;0;0;
44194;4661662;555802624;51077120;507879424;0;0;0;0;0;0;0;0;0;0;0;3196;0;0;0;0;0;0;
44195;2827643;555802624;51077120;507879424;0;0;0;0;0;0;0;0;0;0;0;2665;0;0;0;0;0;0;
44196;4691528;555802624;51077120;507879424;0;0;0;0;0;0;0;0;0;0;0;2855;0;0;0;0;0;0;
44197;2718848;555802624;51077120;507879424;0;0;0;0;0;0;0;0;0;0;0;2996;0;0;0;0;0;0;
44198;4658587;555802624;51077120;507879424;0;0;0;0;0;0;0;0;0;0;0;2805;0;0;0;0;0;0;
44199;2716785;555802624;51077120;507879424;0;0;0;0;0;0;0;0;0;0;0;2926;0;0;0;0;0;0;
44200;4701337;555802624;51077120;507879424;0;0;0;0;0;0;0;0;0;0;0;2846;0;0;0;0;0;0;
44201;2741972;555802624;51077120;507879424;0;0;0;0;0;0;0;0;0;0;0;3406;0;0;0;0;0;0;
44202;4666140;555802624;51077120;507879424;0;0;0;0;0;0;0;0;0;0;0;3026;0;0;0;0;0;0;
44203;2675678;555802624;51077120;507879424;0;0;0;0;0;0;0;0;0;0;0;3146;0;0;0;0;0;0;
44204;4675719;555802624;51077120;507879424;0;0;0;0;0;0;0;0;0;0;0;3136;0;0;0;0;0;0;
44205;2733516;555802624;51077120;507879424;0;0;0;0;0;0;0;0;0;0;0;3647;0;0;0;0;0;0;
44206;4679556;555802624;51077120;507879424;0;0;0;0;0;0;0;0;0;0;0;2705;0;0;0;0;0;0;
44207;2743785;555802624;51077120;507879424;0;0;0;0;0;0;0;0;0;0;0;3356;0;0;0;0;0;0;
44208;4724791;555802624;51077120;507879424;0;0;0;0;0;0;0;0;0;0;0;3326;0;0;0;0;0;0;
44209;2670288;555802624;51077120;507879424;0;0;0;0;0;0;0;0;0;0;0;3646;0;0;0;0;0;0;
44210;4754467;555802624;51077120;507879424;0;0;0;0;0;0;0;0;0;0;0;2875;0;0;0;0;0;0;
44211;3034891;555802624;51077120;507879424;0;0;0;0;0;0;0;0;0;0;0;3176;0;0;0;0;0;0;
44212;4590449;555802624;51077120;507879424;0;0;0;0;0;0;0;0;0;0;0;3196;0;0;0;0;0;0;
44213;3154706;555802624;51077120;507879424;0;0;0;0;0;0;0;0;0;0;0;2986;0;0;0;0;0;0;
44214;4624683;555802624;51077120;507879424;0;0;0;0;0;0;0;0;0;0;0;3387;0;0;0;0;0;0;
44215;2777890;555802624;51077120;507879424;0;0;0;0;0;0;0;0;0;0;0;3226;0;0;0;0;0;0;
44216;4603052;555802624;51077120;507879424;0;0;0;0;0;0;0;0;0;0;0;3276;0;0;0;0;0;0;
44217;2756289;555802624;51077120;507879424;0;0;0;0;0;0;0;0;0;0;0;3206;0;0;0;0;0;0;
44218;4656292;555802624;51077120;507879424;0;0;0;0;0;0;0;0;0;0;0;3397;0;0;0;0;0;0;
44219;2900850;555802624;51077120;507879424;0;0;0;0;0;0;0;0;0;0;0;3286;0;0;0;0;0;0;
44220;4741903;555802624;51077120;507879424;0;0;0;0;0;0;0;0;0;0;0;3476;0;0;0;0;0;0;
44221;2680507;555802624;51077120;507879424;0;0;0;0;0;0;0;0;0;0;0;2925;0;0;0;0;0;0;
44222;4750378;555802624;51077120;507879424;0;0;0;0;0;0;0;0;0;0;0;2906;0;0;0;0;0;0;
44223;2688812;555802624;51077120;507879424;0;0;0;0;0;0;0;0;0;0;0;2896;0;0;0;0;0;0;
44224;4723087;555802624;51077120;507879424;0;0;0;0;0;0;0;0;0;0;0;3015;0;0;0;0;0;0;
44225;2644409;555802624;51077120;507879424;0;0;0;0;0;0;0;0;0;0;0;3256;0;0;0;0;0;0;
44226;4694464;555802624;51077120;507879424;0;0;0;0;0;0;0;0;0;0;0;3156;0;0;0;0;0;0;
44227;2686087;555802624;51077120;507879424;0;0;0;0;0;0;0;0;0;0;0;3246;0;0;0;0;0;0;
44228;4686549;555802624;51077120;507879424;0;0;0;0;0;0;0;0;0;0;0;3577;0;0;0;0;0;0;
44229;2834055;555802624;51077120;507879424;0;0;0;0;0;0;0;0;0;0;0;2996;0;0;0;0;0;0;
44230;4699724;555802624;51077120;507879424;0;0;0;0;0;0;0;0;0;0;0;3146;0;0;0;0;0;0;
44231;2742343;555802624;51077120;507879424;0;0;0;0;0;0;0;0;0;0;0;3426;0;0;0;0;0;0;
44232;4706948;555802624;51077120;507879424;0;0;0;0;0;0;0;0;0;0;0;3457;0;0;0;0;0;0;
44233;2736782;555802624;51077120;507879424;0;0;0;0;0;0;0;0;0;0;0;3386;0;0;0;0;0;0;
44234;4736253;555802624;51077120;507879424;0;0;0;0;0;0;0;0;0;0;0;3576;0;0;0;0;0;0;
44235;3033138;555802624;51077120;507879424;0;0;0;0;0;0;0;0;0;0;0;3717;0;0;0;0;0;0;
44236;4623260;555802624;51077120;507879424;0;0;0;0;0;0;0;0;0;0;0;3366;0;0;0;0;0;0;
44237;2799731;555802624;51077120;507879424;0;0;0;0;0;0;0;0;0;0;0;3276;0;0;0;0;0;0;
44238;4713079;555802624;51077120;507879424;0;0;0;0;0;0;0;0;0;0;0;3527;0;0;0;0;0;0;
44239;2740329;555802624;51077120;507879424;0;0;0;0;0;0;0;0;0;0;0;2735;0;0;0;0;0;0;
44240;4943731;555802624;51077120;507879424;0;0;0;0;0;0;0;0;0;0;0;3777;0;0;0;0;0;0;
44241;2799140;555802624;51077120;507879424;0;0;0;0;0;0;0;0;0;0;0;3597;0;0;0;0;0;0;
44242;4677231;555802624;51077120;507879424;0;0;0;0;0;0;0;0;0;0;0;3106;0;0;0;0;0;0;
44243;2906280;555802624;51077120;507879424;0;0;0;0;0;0;0;0;0;0;0;2946;0;0;0;0;0;0;
44244;4733747;555802624;51077120;507879424;0;0;0;0;0;0;0;0;0;0;0;3015;0;0;0;0;0;0;
44245;2729078;555802624;51077120;507879424;0;0;0;0;0;0;0;0;0;0;0;3206;0;0;0;0;0;0;
44246;4730111;555802624;51077120;507879424;0;0;0;0;0;0;0;0;0;0;0;2885;0;0;0;0;0;0;
44247;2715422;555802624;51077120;507879424;0;0;0;0;0;0;0;0;0;0;0;2695;0;0;0;0;0;0;
44248;4698932;555802624;51077120;507879424;0;0;0;0;0;0;0;0;0;0;0;3547;0;0;0;0;0;0;
44249;2720071;555802624;51077120;507879424;0;0;0;0;0;0;0;0;0;0;0;3566;0;0;0;0;0;0;
44250;4720924;555802624;51077120;507879424;0;0;0;0;0;0;0;0;0;0;0;2956;0;0;0;0;0;0;
44251;2649359;555802624;51077120;507879424;0;0;0;0;0;0;0;0;0;0;0;2896;0;0;0;0;0;0;
44252;4722206;555802624;51077120;507879424;0;0;0;0;0;0;0;0;0;0;0;2705;0;0;0;0;0;0;
44253;2703099;555802624;51077120;507879424;0;0;0;0;0;0;0;0;0;0;0;2756;0;0;0;0;0;0;
44254;4685567;555802624;51077120;507879424;0;0;0;0;0;0;0;0;0;0;0;2675;0;0;0;0;0;0;
44255;2636094;555802624;51077120;507879424;0;0;0;0;0;0;0;0;0;0;0;2665;0;0;0;0;0;0;
44256;4666852;555802624;51077120;507879424;0;0;0;0;0;0;0;0;0;0;0;2575;0;0;0;0;0;0;
44257;2610356;555802624;51077120;507879424;0;0;0;0;0;0;0;0;0;0;0;2775;0;0;0;0;0;0;
44258;4644891;555802624;51077120;507879424;0;0;0;0;0;0;0;0;0;0;0;2334;0;0;0;0;0;0;
44259;2664808;555802624;51077120;507879424;0;0;0;0;0;0;0;0;0;0;0;2675;0;0;0;0;0;0;
44260;4689464;555802624;51077120;507879424;0;0;0;0;0;0;0;0;0;0;0;2505;0;0;0;0;0;0;
44261;2811262;555802624;51077120;507879424;0;0;0;0;0;0;0;0;0;0;0;3126;0;0;0;0;0;0;
44262;4784983;555802624;51077120;507879424;0;0;0;0;0;0;0;0;0;0;0;2785;0;0;0;0;0;0;
44263;2641434;555802624;51077120;507879424;0;0;0;0;0;0;0;0;0;0;0;2565;0;0;0;0;0;0;
44264;4679887;555802624;51077120;507879424;0;0;0;0;0;0;0;0;0;0;0;2685;0;0;0;0;0;0;
44265;2749026;555802624;51077120;507879424;0;0;0;0;0;0;0;0;0;0;0;3457;0;0;0;0;0;0;
44266;4747363;555802624;51077120;507879424;0;0;0;0;0;0;0;0;0;0;0;3056;0;0;0;0;0;0;
44267;2657634;555802624;51077120;507879424;0;0;0;0;0;0;0;0;0;0;0;2945;0;0;0;0;0;0;
44268;4969610;555802624;51077120;507879424;0;0;0;0;0;0;0;0;0;0;0;2996;0;0;0;0;0;0;
44269;3020675;555802624;51077120;507879424;0;0;0;0;0;0;0;0;0;0;0;3317;0;0;0;0;0;0;
44270;4759646;555802624;51077120;507879424;0;0;0;0;0;0;0;0;0;0;0;2816;0;0;0;0;0;0;
44271;2687671;555802624;51077120;507879424;0;0;0;0;0;0;0;0;0;0;0;3466;0;0;0;0;0;0;
44272;4745339;555802624;51077120;507879424;0;0;0;0;0;0;0;0;0;0;0;3466;0;0;0;0;0;0;
44273;2704872;555802624;51077120;507879424;0;0;0;0;0;0;0;0;0;0;0;3426;0;0;0;0;0;0;
44274;4717467;555802624;51077120;507879424;0;0;0;0;0;0;0;0;0;0;0;3096;0;0;0;0;0;0;
44275;2742173;555802624;51077120;507879424;0;0;0;0;0;0;0;0;0;0;0;2805;0;0;0;0;0;0;
44276;4785304;555802624;51077120;507879424;0;0;0;0;0;0;0;0;0;0;0;3386;0;0;0;0;0;0;
44277;2722445;555802624;51077120;507879424;0;0;0;0;0;0;0;0;0;0;0;2826;0;0;0;0;0;0;
44278;4751811;555802624;51077120;507879424;0;0;0;0;0;0;0;0;0;0;0;3396;0;0;0;0;0;0;
44279;2793870;555802624;51077120;507879424;0;0;0;0;0;0;0;0;0;0;0;3036;0;0;0;0;0;0;
44280;4821502;555802624;51077120;507879424;0;0;0;0;0;0;0;0;0;0;0;3286;0;0;0;0;0;0;
44281;2850956;555802624;51077120;507879424;0;0;0;0;0;0;0;0;0;0;0;3156;0;0;0;0;0;0;
44282;4741222;555802624;51077120;507879424;0;0;0;0;0;0;0;0;0;0;0;2705;0;0;0;0;0;0;
44283;2690526;555802624;51077120;507879424;0;0;0;0;0;0;0;0;0;0;0;3276;0;0;0;0;0;0;
44284;4779363;555802624;51077120;507879424;0;0;0;0;0;0;0;0;0;0;0;3116;0;0;0;0;0;0;
44285;2707969;555802624;51077120;507879424;0;0;0;0;0;0;0;0;0;0;0;3015;0;0;0;0;0;0;
44286;4738477;555802624;51077120;507879424;0;0;0;0;0;0;0;0;0;0;0;3226;0;0;0;0;0;0;
44287;2845607;555802624;51077120;507879424;0;0;0;0;0;0;0;0;0;0;0;3226;0;0;0;0;0;0;
44288;4780856;555802624;51077120;507879424;0;0;0;0;0;0;0;0;0;0;0;3026;0;0;0;0;0;0;
44289;2822043;555802624;51077120;507879424;0;0;0;0;0;0;0;0;0;0;0;3837;0;0;0;0;0;0;
44290;4720152;555802624;51077120;507879424;0;0;0;0;0;0;0;0;0;0;0;2355;0;0;0;0;0;0;
44291;2721994;555802624;51077120;507879424;0;0;0;0;0;0;0;0;0;0;0;3006;0;0;0;0;0;0;
44292;4726584;555802624;51077120;507879424;0;0;0;0;0;0;0;0;0;0;0;2685;0;0;0;0;0;0;
44293;2756440;555802624;51077120;507879424;0;0;0;0;0;0;0;0;0;0;0;3396;0;0;0;0;0;0;
44294;4735731;555802624;51077120;507879424;0;0;0;0;0;0;0;0;0;0;0;3176;0;0;0;0;0;0;
44295;2675218;555802624;51077120;507879424;0;0;0;0;0;0;0;0;0;0;0;3176;0;0;0;0;0;0;
44296;4680799;555802624;51077120;507879424;0;0;0;0;0;0;0;0;0;0;0;2515;0;0;0;0;0;0;
44297;2941647;555802624;51077120;507879424;0;0;0;0;0;0;0;0;0;0;0;3476;0;0;0;0;0;0;
44298;4696989;555802624;51077120;507879424;0;0;0;0;0;0;0;0;0;0;0;2905;0;0;0;0;0;0;
44299;2701937;555802624;51077120;507879424;0;0;0;0;0;0;0;0;0;0;0;2975;0;0;0;0;0;0;
44300;4778903;555802624;51077120;507879424;0;0;0;0;0;0;0;0;0;0;0;3025;0;0;0;0;0;0;
44301;2762631;555802624;51077120;507879424;0;0;0;0;0;0;0;0;0;0;0;2956;0;0;0;0;0;0;
44302;4726954;555802624;51077120;507879424;0;0;0;0;0;0;0;0;0;0;0;2966;0;0;0;0;0;0;
44303;2805411;555802624;51077120;507879424;0;0;0;0;0;0;0;0;0;0;0;3326;0;0;0;0;0;0;
44304;4771970;555802624;51077120;507879424;0;0;0;0;0;0;0;0;0;0;0;2875;0;0;0;0;0;0;
44305;2739477;555802624;51077120;507879424;0;0;0;0;0;0;0;0;0;0;0;3006;0;0;0;0;0;0;
44306;4713259;555802624;51077120;507879424;0;0;0;0;0;0;0;0;0;0;0;3196;0;0;0;0;0;0;
44307;2712607;555802624;51077120;507879424;0;0;0;0;0;0;0;0;0;0;0;3126;0;0;0;0;0;0;
44308;4698652;555802624;51077120;507879424;0;0;0;0;0;0;0;0;0;0;0;2624;0;0;0;0;0;0;
44309;2773531;555802624;51077120;507879424;0;0;0;0;0;0;0;0;0;0;0;3016;0;0;0;0;0;0;
44310;4680909;555802624;51077120;507879424;0;0;0;0;0;0;0;0;0;0;0;2875;0;0;0;0;0;0;
44311;2711495;555802624;51077120;507879424;0;0;0;0;0;0;0;0;0;0;0;2915;0;0;0;0;0;0;
44312;4685938;555802624;51077120;507879424;0;0;0;0;0;0;0;0;0;0;0;3196;0;0;0;0;0;0;
44313;2822553;555802624;51077120;507879424;0;0;0;0;0;0;0;0;0;0;0;3096;0;0;0;0;0;0;
44314;4619744;555802624;51077120;507879424;0;0;0;0;0;0;0;0;0;0;0;2685;0;0;0;0;0;0;
44315;2799460;555802624;51077120;507879424;0;0;0;0;0;0;0;0;0;0;0;2825;0;0;0;0;0;0;
44316;4650181;555802624;51077120;507879424;0;0;0;0;0;0;0;0;0;0;0;3086;0;0;0;0;0;0;
44317;2749196;555802624;51077120;507879424;0;0;0;0;0;0;0;0;0;0;0;3216;0;0;0;0;0;0;
44318;4641395;555802624;51077120;507879424;0;0;0;0;0;0;0;0;0;0;0;2756;0;0;0;0;0;0;
44319;2787678;555802624;51077120;507879424;0;0;0;0;0;0;0;0;0;0;0;2645;0;0;0;0;0;0;
44320;4672493;555802624;51077120;507879424;0;0;0;0;0;0;0;0;0;0;0;2685;0;0;0;0;0;0;
44321;2805772;555802624;51077120;507879424;0;0;0;0;0;0;0;0;0;0;0;4168;0;0;0;0;0;0;
44322;4702529;555802624;51077120;507879424;0;0;0;0;0;0;0;0;0;0;0;3156;0;0;0;0;0;0;
44323;2831670;555802624;51077120;507879424;0;0;0;0;0;0;0;0;0;0;0;3436;0;0;0;0;0;0;
44324;4755118;555802624;51077120;507879424;0;0;0;0;0;0;0;0;0;0;0;3196;0;0;0;0;0;0;
44325;2855986;555802624;51077120;507879424;0;0;0;0;0;0;0;0;0;0;0;3637;0;0;0;0;0;0;
44326;4691608;555802624;51077120;507879424;0;0;0;0;0;0;0;0;0;0;0;3236;0;0;0;0;0;0;
44327;2778170;555802624;51077120;507879424;0;0;0;0;0;0;0;0;0;0;0;3857;0;0;0;0;0;0;
44328;4754075;555802624;51077120;507879424;0;0;0;0;0;0;0;0;0;0;0;3326;0;0;0;0;0;0;
44329;2743365;555802624;51077120;507879424;0;0;0;0;0;0;0;0;0;0;0;2825;0;0;0;0;0;0;
44330;4673294;555802624;51077120;507879424;0;0;0;0;0;0;0;0;0;0;0;3186;0;0;0;0;0;0;
44331;2762541;555802624;51077120;507879424;0;0;0;0;0;0;0;0;0;0;0;3006;0;0;0;0;0;0;
44332;4780495;555802624;51077120;507879424;0;0;0;0;0;0;0;0;0;0;0;2935;0;0;0;0;0;0;
44333;2906010;555802624;51077120;507879424;0;0;0;0;0;0;0;0;0;0;0;3607;0;0;0;0;0;0;
44334;4819138;555802624;51077120;507879424;0;0;0;0;0;0;0;0;0;0;0;3166;0;0;0;0;0;0;
44335;3855640;555802624;51077120;507879424;0;0;0;0;0;0;0;0;0;0;0;3036;0;0;0;0;0;0;
44336;4643158;555802624;51077120;507879424;0;0;0;0;0;0;0;0;0;0;0;2975;0;0;0;0;0;0;
44337;3141651;555802624;51077120;507879424;0;0;0;0;0;0;0;0;0;0;0;3556;0;0;0;0;0;0;
44338;4880853;555802624;51077120;507879424;0;0;0;0;0;0;0;0;0;0;0;4118;0;0;0;0;0;0;
44339;3285783;555802624;51077120;507879424;0;0;0;0;0;0;0;0;0;0;0;3958;0;0;0;0;0;0;
44340;4785034;555802624;51077120;507879424;0;0;0;0;0;0;0;0;0;0;0;3466;0;0;0;0;0;0;
44341;2928933;555802624;51077120;507879424;0;0;0;0;0;0;0;0;0;0;0;3246;0;0;0;0;0;0;
44342;4704863;555802624;51077120;507879424;0;0;0;0;0;0;0;0;0;0;0;2895;0;0;0;0;0;0;
44343;2877847;555802624;51077120;507879424;0;0;0;0;0;0;0;0;0;0;0;2725;0;0;0;0;0;0;
44344;4765617;555802624;51077120;507879424;0;0;0;0;0;0;0;0;0;0;0;3266;0;0;0;0;0;0;
44345;2803177;555802624;51077120;507879424;0;0;0;0;0;0;0;0;0;0;0;3827;0;0;0;0;0;0;
44346;4699744;555802624;51077120;507879424;0;0;0;0;0;0;0;0;0;0;0;2735;0;0;0;0;0;0;
44347;2660891;555802624;51077120;507879424;0;0;0;0;0;0;0;0;0;0;0;3276;0;0;0;0;0;0;
44348;4727245;555802624;51077120;507879424;0;0;0;0;0;0;0;0;0;0;0;2865;0;0;0;0;0;0;
44349;2736623;555802624;51077120;507879424;0;0;0;0;0;0;0;0;0;0;0;2635;0;0;0;0;0;0;
44350;4648397;555802624;51077120;507879424;0;0;0;0;0;0;0;0;0;0;0;2575;0;0;0;0;0;0;
44351;2877837;555802624;51077120;507879424;0;0;0;0;0;0;0;0;0;0;0;2825;0;0;0;0;0;0;
44352;4760969;555802624;51077120;507879424;0;0;0;0;0;0;0;0;0;0;0;3116;0;0;0;0;0;0;
44353;2736593;555802624;51077120;507879424;0;0;0;0;0;0;0;0;0;0;0;2815;0;0;0;0;0;0;
44354;4727435;555802624;51077120;507879424;0;0;0;0;0;0;0;0;0;0;0;2865;0;0;0;0;0;0;
44355;2708680;555802624;51077120;507879424;0;0;0;0;0;0;0;0;0;0;0;3145;0;0;0;0;0;0;
44356;4730431;555802624;51077120;507879424;0;0;0;0;0;0;0;0;0;0;0;2816;0;0;0;0;0;0;
44357;2782769;555802624;51077120;507879424;0;0;0;0;0;0;0;0;0;0;0;2955;0;0;0;0;0;0;
44358;4723569;555802624;51077120;507879424;0;0;0;0;0;0;0;0;0;0;0;2915;0;0;0;0;0;0;
44359;2982733;555802624;51077120;507879424;0;0;0;0;0;0;0;0;0;0;0;2816;0;0;0;0;0;0;
44360;4675899;555802624;51077120;507879424;0;0;0;0;0;0;0;0;0;0;0;2816;0;0;0;0;0;0;
44361;2864181;555802624;51077120;507879424;0;0;0;0;0;0;0;0;0;0;0;2995;0;0;0;0;0;0;
44362;4791817;555802624;51077120;507879424;0;0;0;0;0;0;0;0;0;0;0;3025;0;0;0;0;0;0;
44363;2689354;555802624;51085312;507887616;0;0;0;0;0;0;0;0;0;0;0;3066;0;0;0;0;0;0;
44364;4641685;555802624;51085312;507887616;0;0;0;0;0;0;0;0;0;0;0;2936;0;0;0;0;0;0;
44365;2709592;555802624;51085312;507887616;0;0;0;0;0;0;0;0;0;0;0;2825;0;0;0;0;0;0;
44366;4678453;555802624;51085312;507887616;0;0;0;0;0;0;0;0;0;0;0;3126;0;0;0;0;0;0;
44367;2824237;555802624;51085312;507887616;0;0;0;0;0;0;0;0;0;0;0;2515;0;0;0;0;0;0;
44368;4739418;555802624;51085312;507887616;0;0;0;0;0;0;0;0;0;0;0;2625;0;0;0;0;0;0;
44369;2782178;555847680;51077120;507879424;0;0;0;0;0;0;0;0;0;0;0;2815;0;0;0;0;0;0;
44370;4686018;555847680;51077120;507879424;0;0;0;0;0;0;0;0;0;0;0;2786;0;0;0;0;0;0;
44371;2654839;555847680;51077120;507879424;0;0;0;0;0;0;0;0;0;0;0;3006;0;0;0;0;0;0;
44372;4667803;555847680;51077120;507879424;0;0;0;0;0;0;0;0;0;0;0;3376;0;0;0;0;0;0;
44373;2721775;555847680;51077120;507879424;0;0;0;0;0;0;0;0;0;0;0;2845;0;0;0;0;0;0;
44374;4697500;555847680;51077120;507879424;0;0;0;0;0;0;0;0;0;0;0;2775;0;0;0;0;0;0;
44375;2745569;555847680;51077120;507879424;0;0;0;0;0;0;0;0;0;0;0;2885;0;0;0;0;0;0;
44376;4729049;555847680;51077120;507879424;0;0;0;0;0;0;0;0;0;0;0;2645;0;0;0;0;0;0;
44377;2926539;555847680;51077120;507879424;0;0;0;0;0;0;0;0;0;0;0;3357;0;0;0;0;0;0;
44378;4783922;555847680;51077120;507879424;0;0;0;0;0;0;0;0;0;0;0;3085;0;0;0;0;0;0;
44379;2791435;555847680;51077120;507879424;0;0;0;0;0;0;0;0;0;0;0;2826;0;0;0;0;0;0;
44380;4722226;555847680;51077120;507879424;0;0;0;0;0;0;0;0;0;0;0;2966;0;0;0;0;0;0;
44381;2869411;555847680;51077120;507879424;0;0;0;0;0;0;0;0;0;0;0;3326;0;0;0;0;0;0;
44382;4717257;555847680;51077120;507879424;0;0;0;0;0;0;0;0;0;0;0;3036;0;0;0;0;0;0;
44383;3099823;555847680;51077120;507879424;0;0;0;0;0;0;0;0;0;0;0;2935;0;0;0;0;0;0;
44384;4688172;555847680;51077120;507879424;0;0;0;0;0;0;0;0;0;0;0;3396;0;0;0;0;0;0;
44385;2984928;555847680;51077120;507879424;0;0;0;0;0;0;0;0;0;0;0;3557;0;0;0;0;0;0;
44386;4691398;555847680;51077120;507879424;0;0;0;0;0;0;0;0;0;0;0;2996;0;0;0;0;0;0;
44387;2974528;555847680;51077120;507879424;0;0;0;0;0;0;0;0;0;0;0;2785;0;0;0;0;0;0;
44388;4642366;555847680;51077120;507879424;0;0;0;0;0;0;0;0;0;0;0;2545;0;0;0;0;0;0;
44389;3263530;555847680;51077120;507879424;0;0;0;0;0;0;0;0;0;0;0;3577;0;0;0;0;0;0;
44390;4625965;555847680;51077120;507879424;0;0;0;0;0;0;0;0;0;0;0;2675;0;0;0;0;0;0;
44391;3095656;555847680;51077120;507879424;0;0;0;0;0;0;0;0;0;0;0;3076;0;0;0;0;0;0;
44392;4711165;555847680;51077120;507879424;0;0;0;0;0;0;0;0;0;0;0;2655;0;0;0;0;0;0;
44393;2855505;555847680;51077120;507879424;0;0;0;0;0;0;0;0;0;0;0;2886;0;0;0;0;0;0;
44394;4667363;555847680;51077120;507879424;0;0;0;0;0;0;0;0;0;0;0;2895;0;0;0;0;0;0;
44395;2819437;555847680;51077120;507879424;0;0;0;0;0;0;0;0;0;0;0;3547;0;0;0;0;0;0;
44396;4684004;555847680;51077120;507879424;0;0;0;0;0;0;0;0;0;0;0;2925;0;0;0;0;0;0;
44397;2725882;555847680;51077120;507879424;0;0;0;0;0;0;0;0;0;0;0;3256;0;0;0;0;0;0;
44398;4681419;555847680;51077120;507879424;0;0;0;0;0;0;0;0;0;0;0;2755;0;0;0;0;0;0;
44399;2748475;555847680;51077120;507879424;0;0;0;0;0;0;0;0;0;0;0;2845;0;0;0;0;0;0;
44400;4660019;555847680;51077120;507879424;0;0;0;0;0;0;0;0;0;0;0;2996;0;0;0;0;0;0;
44401;2750308;555847680;51077120;507879424;0;0;0;0;0;0;0;0;0;0;0;2876;0;0;0;0;0;0;
44402;4721845;555847680;51077120;507879424;0;0;0;0;0;0;0;0;0;0;0;3206;0;0;0;0;0;0;
44403;2753935;555847680;51077120;507879424;0;0;0;0;0;0;0;0;0;0;0;2985;0;0;0;0;0;0;
44404;4764255;555847680;51077120;507879424;0;0;0;0;0;0;0;0;0;0;0;3045;0;0;0;0;0;0;
44405;2819949;555847680;51077120;507879424;0;0;0;0;0;0;0;0;0;0;0;3396;0;0;0;0;0;0;
44406;4698962;555847680;51077120;507879424;0;0;0;0;0;0;0;0;0;0;0;3096;0;0;0;0;0;0;
44407;2803217;555847680;51077120;507879424;0;0;0;0;0;0;0;0;0;0;0;3066;0;0;0;0;0;0;
44408;4738527;555847680;51077120;507879424;0;0;0;0;0;0;0;0;0;0;0;3777;0;0;0;0;0;0;
44409;2854093;555847680;51077120;507879424;0;0;0;0;0;0;0;0;0;0;0;3486;0;0;0;0;0;0;
44410;4684936;555847680;51077120;507879424;0;0;0;0;0;0;0;0;0;0;0;2745;0;0;0;0;0;0;
44411;2671039;555847680;51077120;507879424;0;0;0;0;0;0;0;0;0;0;0;3436;0;0;0;0;0;0;
44412;4724020;555847680;51077120;507879424;0;0;0;0;0;0;0;0;0;0;0;3076;0;0;0;0;0;0;
44413;2767330;555847680;51077120;507879424;0;0;0;0;0;0;0;0;0;0;0;3777;0;0;0;0;0;0;
44414;10791027;555847680;51077120;507879424;0;0;0;0;0;0;0;0;0;0;0;2975;0;0;0;0;0;0;
44415;3774809;555847680;51077120;507879424;0;0;0;0;0;0;0;0;0;0;0;4609;0;0;0;0;0;0;
44416;5300401;555847680;51077120;507879424;0;0;0;0;0;0;0;0;0;0;0;3356;0;0;0;0;0;0;
44417;2678112;555847680;51077120;507879424;0;0;0;0;0;0;0;0;0;0;0;3427;0;0;0;0;0;0;
44418;4735952;555847680;51077120;507879424;0;0;0;0;0;0;0;0;0;0;0;2856;0;0;0;0;0;0;
44419;2774343;555847680;51077120;507879424;0;0;0;0;0;0;0;0;0;0;0;2825;0;0;0;0;0;0;
44420;4779733;555847680;51077120;507879424;0;0;0;0;0;0;0;0;0;0;0;3246;0;0;0;0;0;0;
44421;2760387;555847680;51077120;507879424;0;0;0;0;0;0;0;0;0;0;0;2926;0;0;0;0;0;0;
44422;4648508;555847680;51077120;507879424;0;0;0;0;0;0;0;0;0;0;0;3497;0;0;0;0;0;0;
44423;2727476;555847680;51077120;507879424;0;0;0;0;0;0;0;0;0;0;0;3136;0;0;0;0;0;0;
44424;4852941;555847680;51077120;507879424;0;0;0;0;0;0;0;0;0;0;0;2705;0;0;0;0;0;0;
44425;2708179;555847680;51077120;507879424;0;0;0;0;0;0;0;0;0;0;0;2595;0;0;0;0;0;0;
44426;4695385;555847680;51077120;507879424;0;0;0;0;0;0;0;0;0;0;0;2665;0;0;0;0;0;0;
44427;2690435;555847680;51077120;507879424;0;0;0;0;0;0;0;0;0;0;0;3557;0;0;0;0;0;0;
44428;4757021;555847680;51077120;507879424;0;0;0;0;0;0;0;0;0;0;0;8737;0;0;0;0;0;0;
44429;2770476;555847680;51077120;507879424;0;0;0;0;0;0;0;0;0;0;0;3687;0;0;0;0;0;0;
44430;4788841;555847680;51077120;507879424;0;0;0;0;0;0;0;0;0;0;0;3166;0;0;0;0;0;0;
44431;2776396;555847680;51077120;507879424;0;0;0;0;0;0;0;0;0;0;0;3116;0;0;0;0;0;0;
44432;4739990;555847680;51077120;507879424;0;0;0;0;0;0;0;0;0;0;0;3367;0;0;0;0;0;0;
44433;2755398;555847680;51077120;507879424;0;0;0;0;0;0;0;0;0;0;0;3176;0;0;0;0;0;0;
44434;4687060;555847680;51077120;507879424;0;0;0;0;0;0;0;0;0;0;0;3026;0;0;0;0;0;0;
44435;2749406;555847680;51077120;507879424;0;0;0;0;0;0;0;0;0;0;0;3327;0;0;0;0;0;0;
44436;4728849;555847680;51077120;507879424;0;0;0;0;0;0;0;0;0;0;0;3015;0;0;0;0;0;0;
44437;2838293;555847680;51077120;507879424;0;0;0;0;0;0;0;0;0;0;0;3586;0;0;0;0;0;0;
44438;4747954;555847680;51077120;507879424;0;0;0;0;0;0;0;0;0;0;0;2925;0;0;0;0;0;0;
44439;2746781;555847680;51077120;507879424;0;0;0;0;0;0;0;0;0;0;0;3286;0;0;0;0;0;0;
44440;4705925;555847680;51077120;507879424;0;0;0;0;0;0;0;0;0;0;0;3386;0;0;0;0;0;0;
44441;2732414;555847680;51077120;507879424;0;0;0;0;0;0;0;0;0;0;0;3316;0;0;0;0;0;0;
44442;4768092;555847680;51077120;507879424;0;0;0;0;0;0;0;0;0;0;0;3115;0;0;0;0;0;0;
44443;2718808;555847680;51077120;507879424;0;0;0;0;0;0;0;0;0;0;0;3366;0;0;0;0;0;0;
44444;4722737;555847680;51077120;507879424;0;0;0;0;0;0;0;0;0;0;0;3246;0;0;0;0;0;0;
44445;2733126;555847680;51077120;507879424;0;0;0;0;0;0;0;0;0;0;0;2755;0;0;0;0;0;0;
44446;4718068;555847680;51077120;507879424;0;0;0;0;0;0;0;0;0;0;0;2555;0;0;0;0;0;0;
44447;2766889;555847680;51077120;507879424;0;0;0;0;0;0;0;0;0;0;0;3186;0;0;0;0;0;0;
44448;4737184;555847680;51077120;507879424;0;0;0;0;0;0;0;0;0;0;0;2845;0;0;0;0;0;0;
44449;2748945;555847680;51077120;507879424;0;0;0;0;0;0;0;0;0;0;0;3576;0;0;0;0;0;0;
44450;4758444;555847680;51077120;507879424;0;0;0;0;0;0;0;0;0;0;0;2715;0;0;0;0;0;0;
44451;3018481;555847680;51077120;507879424;0;0;0;0;0;0;0;0;0;0;0;3386;0;0;0;0;0;0;
44452;4729169;555847680;51077120;507879424;0;0;0;0;0;0;0;0;0;0;0;3316;0;0;0;0;0;0;
44453;2881494;555847680;51077120;507879424;0;0;0;0;0;0;0;0;0;0;0;2865;0;0;0;0;0;0;
44454;4743987;555847680;51077120;507879424;0;0;0;0;0;0;0;0;0;0;0;2775;0;0;0;0;0;0;
44455;2877386;555847680;51077120;507879424;0;0;0;0;0;0;0;0;0;0;0;3236;0;0;0;0;0;0;
44456;4721444;555847680;51077120;507879424;0;0;0;0;0;0;0;0;0;0;0;2945;0;0;0;0;0;0;
44457;2727095;555847680;51077120;507879424;0;0;0;0;0;0;0;0;0;0;0;3307;0;0;0;0;0;0;
44458;4732164;555847680;51077120;507879424;0;0;0;0;0;0;0;0;0;0;0;3256;0;0;0;0;0;0;
44459;2710554;555847680;51077120;507879424;0;0;0;0;0;0;0;0;0;0;0;3125;0;0;0;0;0;0;
44460;4738266;555847680;51077120;507879424;0;0;0;0;0;0;0;0;0;0;0;3176;0;0;0;0;0;0;
44461;2704271;555847680;51077120;507879424;0;0;0;0;0;0;0;0;0;0;0;3136;0;0;0;0;0;0;
44462;4697259;555847680;51077120;507879424;0;0;0;0;0;0;0;0;0;0;0;3035;0;0;0;0;0;0;
44463;2729398;555847680;51077120;507879424;0;0;0;0;0;0;0;0;0;0;0;3196;0;0;0;0;0;0;
44464;4728828;555847680;51077120;507879424;0;0;0;0;0;0;0;0;0;0;0;3556;0;0;0;0;0;0;
44465;2676199;555847680;51077120;507879424;0;0;0;0;0;0;0;0;0;0;0;2705;0;0;0;0;0;0;
44466;4678213;555847680;51077120;507879424;0;0;0;0;0;0;0;0;0;0;0;3066;0;0;0;0;0;0;
44467;2613100;555847680;51077120;507879424;0;0;0;0;0;0;0;0;0;0;0;2715;0;0;0;0;0;0;
44468;4694914;555847680;51077120;507879424;0;0;0;0;0;0;0;0;0;0;0;2615;0;0;0;0;0;0;
44469;2753324;555847680;51077120;507879424;0;0;0;0;0;0;0;0;0;0;0;3276;0;0;0;0;0;0;
44470;4717066;555847680;51077120;507879424;0;0;0;0;0;0;0;0;0;0;0;2835;0;0;0;0;0;0;
44471;2687630;555847680;51077120;507879424;0;0;0;0;0;0;0;0;0;0;0;2855;0;0;0;0;0;0;
44472;4759717;555847680;51077120;507879424;0;0;0;0;0;0;0;0;0;0;0;2936;0;0;0;0;0;0;
44473;2727475;555847680;51077120;507879424;0;0;0;0;0;0;0;0;0;0;0;2865;0;0;0;0;0;0;
44474;4752082;555847680;51077120;507879424;0;0;0;0;0;0;0;0;0;0;0;2725;0;0;0;0;0;0;
44475;2707217;555847680;51077120;507879424;0;0;0;0;0;0;0;0;0;0;0;2775;0;0;0;0;0;0;
44476;4706186;555847680;51077120;507879424;0;0;0;0;0;0;0;0;0;0;0;2765;0;0;0;0;0;0;
44477;2720141;555847680;51077120;507879424;0;0;0;0;0;0;0;0;0;0;0;3086;0;0;0;0;0;0;
44478;4685837;555847680;51077120;507879424;0;0;0;0;0;0;0;0;0;0;0;2895;0;0;0;0;0;0;
44479;2706877;555847680;51077120;507879424;0;0;0;0;0;0;0;0;0;0;0;3126;0;0;0;0;0;0;
44480;4711055;555847680;51077120;507879424;0;0;0;0;0;0;0;0;0;0;0;2885;0;0;0;0;0;0;
44481;2810250;555847680;51077120;507879424;0;0;0;0;0;0;0;0;0;0;0;3055;0;0;0;0;0;0;
44482;4752733;555847680;51077120;507879424;0;0;0;0;0;0;0;0;0;0;0;3407;0;0;0;0;0;0;
44483;3017860;555847680;51077120;507879424;0;0;0;0;0;0;0;0;0;0;0;3066;0;0;0;0;0;0;
44484;4714081;555847680;51077120;507879424;0;0;0;0;0;0;0;0;0;0;0;3507;0;0;0;0;0;0;
44485;2769093;555847680;51077120;507879424;0;0;0;0;0;0;0;0;0;0;0;3146;0;0;0;0;0;0;
44486;4710053;555847680;51077120;507879424;0;0;0;0;0;0;0;0;0;0;0;3216;0;0;0;0;0;0;
44487;2705704;555847680;51077120;507879424;0;0;0;0;0;0;0;0;0;0;0;2876;0;0;0;0;0;0;
44488;4628831;555847680;51077120;507879424;0;0;0;0;0;0;0;0;0;0;0;2775;0;0;0;0;0;0;
44489;2797436;555847680;51077120;507879424;0;0;0;0;0;0;0;0;0;0;0;3216;0;0;0;0;0;0;
44490;4658206;555847680;51077120;507879424;0;0;0;0;0;0;0;0;0;0;0;2816;0;0;0;0;0;0;
44491;3193940;555847680;51077120;507879424;0;0;0;0;0;0;0;0;0;0;0;2605;0;0;0;0;0;0;
44492;4743326;555847680;51077120;507879424;0;0;0;0;0;0;0;0;0;0;0;2855;0;0;0;0;0;0;
44493;2883227;555847680;51077120;507879424;0;0;0;0;0;0;0;0;0;0;0;2705;0;0;0;0;0;0;
44494;4774144;555847680;51077120;507879424;0;0;0;0;0;0;0;0;0;0;0;2946;0;0;0;0;0;0;
44495;2779322;555847680;51077120;507879424;0;0;0;0;0;0;0;0;0;0;0;2996;0;0;0;0;0;0;
44496;4855276;555847680;51077120;507879424;0;0;0;0;0;0;0;0;0;0;0;2946;0;0;0;0;0;0;
44497;2683513;555847680;51077120;507879424;0;0;0;0;0;0;0;0;0;0;0;2886;0;0;0;0;0;0;
44498;4690597;555847680;51077120;507879424;0;0;0;0;0;0;0;0;0;0;0;2525;0;0;0;0;0;0;
44499;2636094;555847680;51077120;507879424;0;0;0;0;0;0;0;0;0;0;0;2855;0;0;0;0;0;0;
44500;4716706;555847680;51077120;507879424;0;0;0;0;0;0;0;0;0;0;0;2836;0;0;0;0;0;0;
44501;2757161;555847680;51077120;507879424;0;0;0;0;0;0;0;0;0;0;0;2785;0;0;0;0;0;0;
44502;4711556;555847680;51077120;507879424;0;0;0;0;0;0;0;0;0;0;0;2995;0;0;0;0;0;0;
44503;2683473;555847680;51077120;507879424;0;0;0;0;0;0;0;0;0;0;0;2494;0;0;0;0;0;0;
44504;4738957;555847680;51077120;507879424;0;0;0;0;0;0;0;0;0;0;0;2775;0;0;0;0;0;0;
44505;2763122;555847680;51077120;507879424;0;0;0;0;0;0;0;0;0;0;0;11592;0;0;0;0;0;0;
44506;4734569;555847680;51077120;507879424;0;0;0;0;0;0;0;0;0;0;0;2836;0;0;0;0;0;0;
44507;2874641;555847680;51077120;507879424;0;0;0;0;0;0;0;0;0;0;0;3196;0;0;0;0;0;0;
44508;4726945;555847680;51077120;507879424;0;0;0;0;0;0;0;0;0;0;0;2615;0;0;0;0;0;0;
44509;2753994;555847680;51077120;507879424;0;0;0;0;0;0;0;0;0;0;0;3236;0;0;0;0;0;0;
44510;4713389;555847680;51077120;507879424;0;0;0;0;0;0;0;0;0;0;0;3276;0;0;0;0;0;0;
44511;2794080;555847680;51077120;507879424;0;0;0;0;0;0;0;0;0;0;0;3086;0;0;0;0;0;0;
44512;4713529;555847680;51077120;507879424;0;0;0;0;0;0;0;0;0;0;0;3126;0;0;0;0;0;0;
44513;2722225;555847680;51077120;507879424;0;0;0;0;0;0;0;0;0;0;0;2856;0;0;0;0;0;0;
44514;4697740;555847680;51077120;507879424;0;0;0;0;0;0;0;0;0;0;0;2735;0;0;0;0;0;0;
44515;2848813;555847680;51077120;507879424;0;0;0;0;0;0;0;0;0;0;0;2475;0;0;0;0;0;0;
44516;4733837;555847680;51077120;507879424;0;0;0;0;0;0;0;0;0;0;0;2846;0;0;0;0;0;0;
44517;3160907;555847680;51077120;507879424;0;0;0;0;0;0;0;0;0;0;0;3106;0;0;0;0;0;0;
44518;4720854;555847680;51077120;507879424;0;0;0;0;0;0;0;0;0;0;0;2906;0;0;0;0;0;0;
44519;2640612;555847680;51077120;507879424;0;0;0;0;0;0;0;0;0;0;0;2906;0;0;0;0;0;0;
44520;4690186;555847680;51077120;507879424;0;0;0;0;0;0;0;0;0;0;0;2635;0;0;0;0;0;0;
44521;2626766;555847680;51077120;507879424;0;0;0;0;0;0;0;0;0;0;0;2725;0;0;0;0;0;0;
44522;4682051;555847680;51077120;507879424;0;0;0;0;0;0;0;0;0;0;0;2464;0;0;0;0;0;0;
44523;2709771;555847680;51077120;507879424;0;0;0;0;0;0;0;0;0;0;0;2655;0;0;0;0;0;0;
44524;4671330;555847680;51077120;507879424;0;0;0;0;0;0;0;0;0;0;0;3416;0;0;0;0;0;0;
44525;2716525;555847680;51077120;507879424;0;0;0;0;0;0;0;0;0;0;0;2605;0;0;0;0;0;0;
44526;4693933;555847680;51077120;507879424;0;0;0;0;0;0;0;0;0;0;0;2795;0;0;0;0;0;0;
44527;2804770;555847680;51077120;507879424;0;0;0;0;0;0;0;0;0;0;0;2816;0;0;0;0;0;0;
44528;4720563;555847680;51077120;507879424;0;0;0;0;0;0;0;0;0;0;0;2725;0;0;0;0;0;0;
44529;2978526;555847680;51077120;507879424;0;0;0;0;0;0;0;0;0;0;0;3146;0;0;0;0;0;0;
44530;4670910;555847680;51077120;507879424;0;0;0;0;0;0;0;0;0;0;0;2345;0;0;0;0;0;0;
44531;3047185;555847680;51077120;507879424;0;0;0;0;0;0;0;0;0;0;0;2695;0;0;0;0;0;0;
44532;4634452;555847680;51077120;507879424;0;0;0;0;0;0;0;0;0;0;0;2745;0;0;0;0;0;0;
44533;2831059;555847680;51077120;507879424;0;0;0;0;0;0;0;0;0;0;0;2605;0;0;0;0;0;0;
44534;4622409;555847680;51077120;507879424;0;0;0;0;0;0;0;0;0;0;0;2585;0;0;0;0;0;0;
44535;2694383;555847680;51077120;507879424;0;0;0;0;0;0;0;0;0;0;0;2565;0;0;0;0;0;0;
44536;4673174;555847680;51077120;507879424;0;0;0;0;0;0;0;0;0;0;0;2564;0;0;0;0;0;0;
44537;2694283;555847680;51077120;507879424;0;0;0;0;0;0;0;0;0;0;0;3066;0;0;0;0;0;0;
44538;4653517;555847680;51077120;507879424;0;0;0;0;0;0;0;0;0;0;0;2755;0;0;0;0;0;0;
44539;2874581;555847680;51077120;507879424;0;0;0;0;0;0;0;0;0;0;0;3046;0;0;0;0;0;0;
44540;4702378;555847680;51077120;507879424;0;0;0;0;0;0;0;0;0;0;0;3557;0;0;0;0;0;0;
44541;2657524;555847680;51077120;507879424;0;0;0;0;0;0;0;0;0;0;0;2975;0;0;0;0;0;0;
44542;4689374;555847680;51077120;507879424;0;0;0;0;0;0;0;0;0;0;0;3316;0;0;0;0;0;0;
44543;2677130;555847680;51077120;507879424;0;0;0;0;0;0;0;0;0;0;0;2945;0;0;0;0;0;0;
44544;4829678;555847680;51077120;507879424;0;0;0;0;0;0;0;0;0;0;0;3426;0;0;0;0;0;0;
44545;2825529;555847680;51077120;507879424;0;0;0;0;0;0;0;0;0;0;0;2886;0;0;0;0;0;0;
44546;4614945;555847680;51077120;507879424;0;0;0;0;0;0;0;0;0;0;0;2725;0;0;0;0;0;0;
44547;2829847;555847680;51077120;507879424;0;0;0;0;0;0;0;0;0;0;0;2966;0;0;0;0;0;0;
44548;4687471;555847680;51077120;507879424;0;0;0;0;0;0;0;0;0;0;0;2916;0;0;0;0;0;0;
44549;2722125;555847680;51077120;507879424;0;0;0;0;0;0;0;0;0;0;0;3687;0;0;0;0;0;0;
44550;4676260;555847680;51077120;507879424;0;0;0;0;0;0;0;0;0;0;0;2494;0;0;0;0;0;0;
44551;2633870;555847680;51077120;507879424;0;0;0;0;0;0;0;0;0;0;0;2875;0;0;0;0;0;0;
44552;4735330;555847680;51077120;507879424;0;0;0;0;0;0;0;0;0;0;0;2645;0;0;0;0;0;0;
44553;2650020;555847680;51077120;507879424;0;0;0;0;0;0;0;0;0;0;0;2565;0;0;0;0;0;0;
44554;4724540;555847680;51077120;507879424;0;0;0;0;0;0;0;0;0;0;0;2765;0;0;0;0;0;0;
44555;2677872;555847680;51077120;507879424;0;0;0;0;0;0;0;0;0;0;0;2575;0;0;0;0;0;0;
44556;4749126;555847680;51077120;507879424;0;0;0;0;0;0;0;0;0;0;0;2615;0;0;0;0;0;0;
44557;2748765;555847680;51077120;507879424;0;0;0;0;0;0;0;0;0;0;0;3016;0;0;0;0;0;0;
44558;4681569;555847680;51077120;507879424;0;0;0;0;0;0;0;0;0;0;0;2785;0;0;0;0;0;0;
44559;2672642;555847680;51077120;507879424;0;0;0;0;0;0;0;0;0;0;0;2815;0;0;0;0;0;0;
44560;4718659;555847680;51077120;507879424;0;0;0;0;0;0;0;0;0;0;0;3026;0;0;0;0;0;0;
44561;2707949;555847680;51077120;507879424;0;0;0;0;0;0;0;0;0;0;0;2965;0;0;0;0;0;0;
44562;4676891;555847680;51077120;507879424;0;0;0;0;0;0;0;0;0;0;0;3106;0;0;0;0;0;0;
44563;2635112;555847680;51077120;507879424;0;0;0;0;0;0;0;0;0;0;0;3146;0;0;0;0;0;0;
44564;4755739;555847680;51077120;507879424;0;0;0;0;0;0;0;0;0;0;0;2975;0;0;0;0;0;0;
44565;2749687;555847680;51077120;507879424;0;0;0;0;0;0;0;0;0;0;0;3246;0;0;0;0;0;0;
44566;4671450;555847680;51077120;507879424;0;0;0;0;0;0;0;0;0;0;0;2735;0;0;0;0;0;0;
44567;2585529;555847680;51077120;507879424;0;0;0;0;0;0;0;0;0;0;0;2705;0;0;0;0;0;0;
44568;4753134;555847680;51077120;507879424;0;0;0;0;0;0;0;0;0;0;0;3106;0;0;0;0;0;0;
44569;2602000;555847680;51077120;507879424;0;0;0;0;0;0;0;0;0;0;0;3086;0;0;0;0;0;0;
44570;4730892;555847680;51077120;507879424;0;0;0;0;0;0;0;0;0;0;0;2485;0;0;0;0;0;0;
44571;2754676;555847680;51077120;507879424;0;0;0;0;0;0;0;0;0;0;0;2445;0;0;0;0;0;0;
44572;5350434;555847680;51077120;507879424;0;0;0;0;0;0;0;0;0;0;0;3437;0;0;0;0;0;0;
44573;2696647;555847680;51077120;507879424;0;0;0;0;0;0;0;0;0;0;0;2935;0;0;0;0;0;0;
44574;4740380;555847680;51077120;507879424;0;0;0;0;0;0;0;0;0;0;0;2475;0;0;0;0;0;0;
44575;2667492;555847680;51077120;507879424;0;0;0;0;0;0;0;0;0;0;0;3116;0;0;0;0;0;0;
44576;4751120;555847680;51077120;507879424;0;0;0;0;0;0;0;0;0;0;0;2615;0;0;0;0;0;0;
44577;2650340;555847680;51077120;507879424;0;0;0;0;0;0;0;0;0;0;0;2535;0;0;0;0;0;0;
44578;4661442;555847680;51077120;507879424;0;0;0;0;0;0;0;0;0;0;0;2635;0;0;0;0;0;0;
44579;2683883;555847680;51077120;507879424;0;0;0;0;0;0;0;0;0;0;0;2555;0;0;0;0;0;0;
44580;4714611;555847680;51077120;507879424;0;0;0;0;0;0;0;0;0;0;0;2505;0;0;0;0;0;0;
44581;2828525;555847680;51077120;507879424;0;0;0;0;0;0;0;0;0;0;0;2655;0;0;0;0;0;0;
44582;4688142;555847680;51077120;507879424;0;0;0;0;0;0;0;0;0;0;0;2305;0;0;0;0;0;0;
44583;2700855;555847680;51077120;507879424;0;0;0;0;0;0;0;0;0;0;0;2545;0;0;0;0;0;0;
44584;4755989;555847680;51077120;507879424;0;0;0;0;0;0;0;0;0;0;0;2956;0;0;0;0;0;0;
44585;2710604;555847680;51077120;507879424;0;0;0;0;0;0;0;0;0;0;0;2765;0;0;0;0;0;0;
44586;4674005;555847680;51077120;507879424;0;0;0;0;0;0;0;0;0;0;0;3066;0;0;0;0;0;0;
44587;2782749;555847680;51077120;507879424;0;0;0;0;0;0;0;0;0;0;0;2755;0;0;0;0;0;0;
44588;4706676;555847680;51077120;507879424;0;0;0;0;0;0;0;0;0;0;0;2585;0;0;0;0;0;0;
44589;2819648;555847680;51077120;507879424;0;0;0;0;0;0;0;0;0;0;0;3066;0;0;0;0;0;0;
44590;4713580;555847680;51077120;507879424;0;0;0;0;0;0;0;0;0;0;0;3046;0;0;0;0;0;0;
44591;2719069;555847680;51077120;507879424;0;0;0;0;0;0;0;0;0;0;0;2715;0;0;0;0;0;0;
44592;4709251;555847680;51077120;507879424;0;0;0;0;0;0;0;0;0;0;0;2394;0;0;0;0;0;0;
44593;2723487;555847680;51077120;507879424;0;0;0;0;0;0;0;0;0;0;0;2796;0;0;0;0;0;0;
44594;4704663;555847680;51077120;507879424;0;0;0;0;0;0;0;0;0;0;0;2565;0;0;0;0;0;0;
44595;2715924;555847680;51077120;507879424;0;0;0;0;0;0;0;0;0;0;0;2655;0;0;0;0;0;0;
44596;4676279;555847680;51077120;507879424;0;0;0;0;0;0;0;0;0;0;0;2645;0;0;0;0;0;0;
44597;2773612;555847680;51077120;507879424;0;0;0;0;0;0;0;0;0;0;0;2696;0;0;0;0;0;0;
44598;4885933;555847680;51077120;507879424;0;0;0;0;0;0;0;0;0;0;0;2775;0;0;0;0;0;0;
44599;3279250;555847680;51077120;507879424;0;0;0;0;0;0;0;0;0;0;0;2815;0;0;0;0;0;0;
44600;4805733;555847680;51077120;507879424;0;0;0;0;0;0;0;0;0;0;0;2845;0;0;0;0;0;0;
44601;2745008;555847680;51077120;507879424;0;0;0;0;0;0;0;0;0;0;0;3266;0;0;0;0;0;0;
44602;4791977;555847680;51077120;507879424;0;0;0;0;0;0;0;0;0;0;0;2996;0;0;0;0;0;0;
44603;2678443;555847680;51077120;507879424;0;0;0;0;0;0;0;0;0;0;0;3026;0;0;0;0;0;0;
44604;4780675;555847680;51077120;507879424;0;0;0;0;0;0;0;0;0;0;0;2805;0;0;0;0;0;0;
44605;2739718;555847680;51077120;507879424;0;0;0;0;0;0;0;0;0;0;0;2876;0;0;0;0;0;0;
44606;4842883;555847680;51077120;507879424;0;0;0;0;0;0;0;0;0;0;0;2695;0;0;0;0;0;0;
44607;2667592;555847680;51077120;507879424;0;0;0;0;0;0;0;0;0;0;0;3126;0;0;0;0;0;0;
44608;4809529;555847680;51077120;507879424;0;0;0;0;0;0;0;0;0;0;0;2855;0;0;0;0;0;0;
44609;2847440;555847680;51077120;507879424;0;0;0;0;0;0;0;0;0;0;0;2725;0;0;0;0;0;0;
44610;4736443;555847680;51077120;507879424;0;0;0;0;0;0;0;0;0;0;0;2705;0;0;0;0;0;0;
44611;2795403;555847680;51077120;507879424;0;0;0;0;0;0;0;0;0;0;0;2925;0;0;0;0;0;0;
44612;4906432;555847680;51077120;507879424;0;0;0;0;0;0;0;0;0;0;0;2966;0;0;0;0;0;0;
44613;2829316;555847680;51077120;507879424;0;0;0;0;0;0;0;0;0;0;0;2595;0;0;0;0;0;0;
44614;4728838;555847680;51077120;507879424;0;0;0;0;0;0;0;0;0;0;0;2655;0;0;0;0;0;0;
44615;2697990;555847680;51077120;507879424;0;0;0;0;0;0;0;0;0;0;0;2765;0;0;0;0;0;0;
44616;4738286;555847680;51077120;507879424;0;0;0;0;0;0;0;0;0;0;0;3206;0;0;0;0;0;0;
44617;2704301;555847680;51077120;507879424;0;0;0;0;0;0;0;0;0;0;0;3136;0;0;0;0;0;0;
44618;4677993;555847680;51077120;507879424;0;0;0;0;0;0;0;0;0;0;0;2936;0;0;0;0;0;0;
44619;2819007;555847680;51077120;507879424;0;0;0;0;0;0;0;0;0;0;0;2845;0;0;0;0;0;0;
44620;4787678;555847680;51077120;507879424;0;0;0;0;0;0;0;0;0;0;0;2885;0;0;0;0;0;0;
44621;2713729;555847680;51077120;507879424;0;0;0;0;0;0;0;0;0;0;0;3095;0;0;0;0;0;0;
44622;4721414;555847680;51077120;507879424;0;0;0;0;0;0;0;0;0;0;0;2956;0;0;0;0;0;0;
44623;2693632;555847680;51077120;507879424;0;0;0;0;0;0;0;0;0;0;0;3146;0;0;0;0;0;0;
44624;4708621;555847680;51077120;507879424;0;0;0;0;0;0;0;0;0;0;0;2865;0;0;0;0;0;0;
44625;2687630;555847680;51077120;507879424;0;0;0;0;0;0;0;0;0;0;0;2766;0;0;0;0;0;0;
44626;150693417;556085248;51077120;507879424;0;0;0;0;0;0;0;0;0;0;0;2444;0;0;0;0;0;0;
