Frame Number;Main Thread;System Used Memory;GC Reserved Memory;Total Reserved Memory;ServerFixedUpdate;TerrainGeneration;PlayerTerrainGenCheck;StructureGeneration;TerrainLogicSystem;GetUpdates;ReevaluatePropagateMarker;PropagateLogicState;PropInputBlocks;PropActiveLogicBlocks;CheckGateState;StatisticsSystem;GhostSimulationSystemGroup;PredictedSimulationSystemGroup;Number of Terrain Areas (Client);Number of Terrain Areas (Server);Number of Players (Client);Number of Players (Server);
1;0;471830528;8339456;395935744;0;0;0;0;0;0;0;0;0;0;0;0;0;0;
2;36878851;476332032;8339456;395935744;0;0;0;0;0;0;0;0;0;0;0;111339;0;0;0;0;0;0;
3;3707112;477069312;8339456;395935744;0;0;0;0;0;0;0;0;0;0;0;1543;0;0;0;0;0;0;
4;1395798;477069312;8339456;395935744;0;0;0;0;0;0;0;0;0;0;0;1182;0;0;0;0;0;0;
5;3343871;486109184;8339456;429490176;0;0;0;0;0;0;0;0;0;0;0;1162;0;0;0;0;0;0;
6;1050701;486649856;8339456;429490176;0;0;0;0;0;0;0;0;0;0;0;1262;0;0;0;0;0;0;
7;852208;486649856;8339456;429490176;0;0;0;0;0;0;0;0;0;0;0;1142;0;0;0;0;0;0;
8;562294;486649856;8339456;429490176;0;0;0;0;0;0;0;0;0;0;0;1132;0;0;0;0;0;0;
9;522741;486649856;8339456;429490176;0;0;0;0;0;0;0;0;0;0;0;1122;0;0;0;0;0;0;
10;603582;486649856;8339456;429490176;0;0;0;0;0;0;0;0;0;0;0;1112;0;0;0;0;0;0;
11;574938;486649856;8339456;429490176;0;0;0;0;0;0;0;0;0;0;0;1122;0;0;0;0;0;0;
12;530945;486649856;8339456;429490176;0;0;0;0;0;0;0;0;0;0;0;1152;0;0;0;0;0;0;
13;570640;486649856;8339456;429490176;0;0;0;0;0;0;0;0;0;0;0;1192;0;0;0;0;0;0;
14;513252;486649856;8339456;429490176;0;0;0;0;0;0;0;0;0;0;0;1122;0;0;0;0;0;0;
15;512812;486649856;8339456;429490176;0;0;0;0;0;0;0;0;0;0;0;1092;0;0;0;0;0;0;
16;507421;486649856;8339456;429490176;0;0;0;0;0;0;0;0;0;0;0;1102;0;0;0;0;0;0;
17;914004;486649856;8339456;429490176;0;0;0;0;0;0;0;0;0;0;0;1122;0;0;0;0;0;0;
18;614162;487026688;8339456;429490176;0;0;0;0;0;0;0;0;0;0;0;1322;0;0;0;0;0;0;
19;1038828;487026688;8339456;429490176;0;0;0;0;0;0;0;0;0;0;0;1363;0;0;0;0;0;0;
20;605025;487026688;8339456;429490176;0;0;0;0;0;0;0;0;0;0;0;1102;0;0;0;0;0;0;
21;547387;487026688;8339456;429490176;0;0;0;0;0;0;0;0;0;0;0;1353;0;0;0;0;0;0;
22;591460;487026688;8339456;429490176;0;0;0;0;0;0;0;0;0;0;0;1333;0;0;0;0;0;0;
23;672742;487026688;8339456;429490176;0;0;0;0;0;0;0;0;0;0;0;1232;0;0;0;0;0;0;
24;554310;487026688;8339456;429490176;0;0;0;0;0;0;0;0;0;0;0;1112;0;0;0;0;0;0;
25;533621;487026688;8339456;429490176;0;0;0;0;0;0;0;0;0;0;0;1113;0;0;0;0;0;0;
26;529653;487698432;8339456;429490176;0;0;0;0;0;0;0;0;0;0;0;1112;0;0;0;0;0;0;
27;496171;487698432;8339456;429490176;0;0;0;0;0;0;0;0;0;0;0;1072;0;0;0;0;0;0;
28;521118;487698432;8339456;429490176;0;0;0;0;0;0;0;0;0;0;0;1422;0;0;0;0;0;0;
29;547256;487698432;8339456;429490176;0;0;0;0;0;0;0;0;0;0;0;1092;0;0;0;0;0;0;
30;533510;487698432;8339456;429490176;0;0;0;0;0;0;0;0;0;0;0;1212;0;0;0;0;0;0;
31;491532;487698432;8339456;429490176;0;0;0;0;0;0;0;0;0;0;0;1062;0;0;0;0;0;0;
32;491171;487698432;8339456;429490176;0;0;0;0;0;0;0;0;0;0;0;1082;0;0;0;0;0;0;
33;589295;487698432;8339456;429490176;0;0;0;0;0;0;0;0;0;0;0;1132;0;0;0;0;0;0;
34;538450;487698432;8339456;429490176;0;0;0;0;0;0;0;0;0;0;0;1122;0;0;0;0;0;0;
35;534673;487698432;8339456;429490176;0;0;0;0;0;0;0;0;0;0;0;1112;0;0;0;0;0;0;
36;498215;487698432;8339456;429490176;0;0;0;0;0;0;0;0;0;0;0;1062;0;0;0;0;0;0;
37;497453;488955904;8339456;429490176;0;0;0;0;0;0;0;0;0;0;0;1113;0;0;0;0;0;0;
38;502502;488955904;8339456;429490176;0;0;0;0;0;0;0;0;0;0;0;1082;0;0;0;0;0;0;
39;549541;489226240;8339456;429490176;0;0;0;0;0;0;0;0;0;0;0;1072;0;0;0;0;0;0;
40;568807;489226240;8339456;429490176;0;0;0;0;0;0;0;0;0;0;0;1113;0;0;0;0;0;0;
41;597731;489226240;8339456;429490176;0;0;0;0;0;0;0;0;0;0;0;1092;0;0;0;0;0;0;
42;533410;489226240;8339456;429490176;0;0;0;0;0;0;0;0;0;0;0;1102;0;0;0;0;0;0;
43;518592;489226240;8339456;446267392;0;0;0;0;0;0;0;0;0;0;0;1092;0;0;0;0;0;0;
44;603462;493420544;8339456;446267392;0;0;0;0;0;0;0;0;0;0;0;1232;0;0;0;0;0;0;
45;521819;493420544;8339456;446267392;0;0;0;0;0;0;0;0;0;0;0;1082;0;0;0;0;0;0;
46;539993;493420544;8339456;446267392;0;0;0;0;0;0;0;0;0;0;0;1122;0;0;0;0;0;0;
47;538720;493420544;8339456;446267392;0;0;0;0;0;0;0;0;0;0;0;1373;0;0;0;0;0;0;
48;529033;493420544;8339456;446267392;0;0;0;0;0;0;0;0;0;0;0;1092;0;0;0;0;0;0;
49;603842;493420544;8339456;446267392;0;0;0;0;0;0;0;0;0;0;0;1092;0;0;0;0;0;0;
50;555281;493420544;8339456;446267392;0;0;0;0;0;0;0;0;0;0;0;1162;0;0;0;0;0;0;
51;568726;493420544;8339456;446267392;0;0;0;0;0;0;0;0;0;0;0;1133;0;0;0;0;0;0;
52;542287;493420544;8339456;446267392;0;0;0;0;0;0;0;0;0;0;0;1232;0;0;0;0;0;0;
53;2172675;493420544;8339456;446267392;0;0;0;0;0;0;0;0;0;0;0;1302;0;0;0;0;0;0;
54;542187;493420544;8339456;446267392;0;0;0;0;0;0;0;0;0;0;0;1102;0;0;0;0;0;0;
55;618670;493420544;8339456;446267392;0;0;0;0;0;0;0;0;0;0;0;1102;0;0;0;0;0;0;
56;552406;493420544;8339456;446267392;0;0;0;0;0;0;0;0;0;0;0;1062;0;0;0;0;0;0;
57;593964;493420544;8339456;446267392;0;0;0;0;0;0;0;0;0;0;0;1072;0;0;0;0;0;0;
58;515136;493420544;8339456;446267392;0;0;0;0;0;0;0;0;0;0;0;1102;0;0;0;0;0;0;
59;540584;494034944;8339456;446267392;0;0;0;0;0;0;0;0;0;0;0;1092;0;0;0;0;0;0;
60;3825033;494305280;8339456;446267392;0;0;0;0;0;0;0;0;0;0;0;1402;0;0;0;0;0;0;
61;9396512;495054848;8339456;446267392;0;0;0;0;0;0;0;0;0;0;0;1353;0;0;0;0;0;0;
62;734798;495054848;8339456;446267392;0;0;0;0;0;0;0;0;0;0;0;1663;0;0;0;0;0;0;
63;604464;495054848;8339456;446267392;0;0;0;0;0;0;0;0;0;0;0;1403;0;0;0;0;0;0;
64;609523;495054848;8339456;446267392;0;0;0;0;0;0;0;0;0;0;0;1352;0;0;0;0;0;0;
65;600015;495054848;8339456;446267392;0;0;0;0;0;0;0;0;0;0;0;1322;0;0;0;0;0;0;
66;569558;495054848;8339456;446267392;0;0;0;0;0;0;0;0;0;0;0;1283;0;0;0;0;0;0;
67;571652;495054848;8339456;446267392;0;0;0;0;0;0;0;0;0;0;0;1313;0;0;0;0;0;0;
68;546615;495054848;8339456;446267392;0;0;0;0;0;0;0;0;0;0;0;1252;0;0;0;0;0;0;
69;581932;495054848;8339456;446267392;0;0;0;0;0;0;0;0;0;0;0;1282;0;0;0;0;0;0;
70;586429;495054848;8339456;446267392;0;0;0;0;0;0;0;0;0;0;0;1293;0;0;0;0;0;0;
71;633899;495054848;8339456;446267392;0;0;0;0;0;0;0;0;0;0;0;1292;0;0;0;0;0;0;
72;549831;495054848;8339456;446267392;0;0;0;0;0;0;0;0;0;0;0;1252;0;0;0;0;0;0;
73;560411;495054848;8339456;446267392;0;0;0;0;0;0;0;0;0;0;0;1332;0;0;0;0;0;0;
74;567284;495382528;8339456;446267392;0;0;0;0;0;0;0;0;0;0;0;1273;0;0;0;0;0;0;
75;537468;495382528;8339456;446267392;0;0;0;0;0;0;0;0;0;0;0;1102;0;0;0;0;0;0;
76;607258;495382528;8339456;446267392;0;0;0;0;0;0;0;0;0;0;0;1263;0;0;0;0;0;0;
77;578205;495382528;8339456;446267392;0;0;0;0;0;0;0;0;0;0;0;1313;0;0;0;0;0;0;
78;640380;495382528;8339456;446267392;0;0;0;0;0;0;0;0;0;0;0;1312;0;0;0;0;0;0;
79;572664;495382528;8339456;446267392;0;0;0;0;0;0;0;0;0;0;0;1483;0;0;0;0;0;0;
80;575098;495382528;8339456;446267392;0;0;0;0;0;0;0;0;0;0;0;1272;0;0;0;0;0;0;
81;588814;495382528;8339456;446267392;0;0;0;0;0;0;0;0;0;0;0;1402;0;0;0;0;0;0;
82;626865;495382528;8339456;446267392;0;0;0;0;0;0;0;0;0;0;0;1282;0;0;0;0;0;0;
83;593022;495382528;8339456;446267392;0;0;0;0;0;0;0;0;0;0;0;1292;0;0;0;0;0;0;
84;560732;495382528;8339456;446267392;0;0;0;0;0;0;0;0;0;0;0;1313;0;0;0;0;0;0;
85;551695;495382528;8339456;446267392;0;0;0;0;0;0;0;0;0;0;0;1252;0;0;0;0;0;0;
86;560882;495382528;8339456;446267392;0;0;0;0;0;0;0;0;0;0;0;1102;0;0;0;0;0;0;
87;538450;495382528;8339456;446267392;0;0;0;0;0;0;0;0;0;0;0;1262;0;0;0;0;0;0;
88;569949;495382528;8339456;446267392;0;0;0;0;0;0;0;0;0;0;0;1263;0;0;0;0;0;0;
89;573505;495382528;8339456;446267392;0;0;0;0;0;0;0;0;0;0;0;1102;0;0;0;0;0;0;
90;534843;495652864;8339456;446267392;0;0;0;0;0;0;0;0;0;0;0;1262;0;0;0;0;0;0;
91;570741;495652864;8339456;446267392;0;0;0;0;0;0;0;0;0;0;0;1393;0;0;0;0;0;0;
92;542287;495652864;8339456;446267392;0;0;0;0;0;0;0;0;0;0;0;1092;0;0;0;0;0;0;
93;595607;495652864;8339456;446267392;0;0;0;0;0;0;0;0;0;0;0;1303;0;0;0;0;0;0;
94;612368;495652864;8339456;446267392;0;0;0;0;0;0;0;0;0;0;0;1263;0;0;0;0;0;0;
95;587953;495652864;8339456;446267392;0;0;0;0;0;0;0;0;0;0;0;1413;0;0;0;0;0;0;
96;572564;495652864;8339456;446267392;0;0;0;0;0;0;0;0;0;0;0;1282;0;0;0;0;0;0;
97;553888;495652864;8339456;446267392;0;0;0;0;0;0;0;0;0;0;0;1252;0;0;0;0;0;0;
98;597411;495652864;8339456;446267392;0;0;0;0;0;0;0;0;0;0;0;1252;0;0;0;0;0;0;
99;564218;495923200;8339456;446267392;0;0;0;0;0;0;0;0;0;0;0;1312;0;0;0;0;0;0;
100;557405;495923200;8339456;446267392;0;0;0;0;0;0;0;0;0;0;0;1293;0;0;0;0;0;0;
101;573746;495923200;8339456;446267392;0;0;0;0;0;0;0;0;0;0;0;1283;0;0;0;0;0;0;
102;605295;495923200;8339456;446267392;0;0;0;0;0;0;0;0;0;0;0;1283;0;0;0;0;0;0;
103;580508;495923200;8339456;446267392;0;0;0;0;0;0;0;0;0;0;0;1282;0;0;0;0;0;0;
104;562325;495923200;8339456;446267392;0;0;0;0;0;0;0;0;0;0;0;1353;0;0;0;0;0;0;
105;873819;495923200;8339456;446267392;0;0;0;0;0;0;0;0;0;0;0;1343;0;0;0;0;0;0;
106;612168;496193536;8339456;446267392;0;0;0;0;0;0;0;0;0;0;0;1202;0;0;0;0;0;0;
107;570560;496193536;8339456;446267392;0;0;0;0;0;0;0;0;0;0;0;1342;0;0;0;0;0;0;
108;555361;496193536;8339456;446267392;0;0;0;0;0;0;0;0;0;0;0;1322;0;0;0;0;0;0;
109;650760;496193536;8339456;446267392;0;0;0;0;0;0;0;0;0;0;0;1413;0;0;0;0;0;0;
110;611827;496193536;8339456;446267392;0;0;0;0;0;0;0;0;0;0;0;1252;0;0;0;0;0;0;
111;557125;496193536;8339456;446267392;0;0;0;0;0;0;0;0;0;0;0;1333;0;0;0;0;0;0;
112;595327;496193536;8339456;446267392;0;0;0;0;0;0;0;0;0;0;0;1312;0;0;0;0;0;0;
113;548459;496463872;8339456;446267392;0;0;0;0;0;0;0;0;0;0;0;1262;0;0;0;0;0;0;
114;572775;496463872;8339456;446267392;0;0;0;0;0;0;0;0;0;0;0;1413;0;0;0;0;0;0;
115;585538;496463872;8339456;446267392;0;0;0;0;0;0;0;0;0;0;0;1302;0;0;0;0;0;0;
116;564087;496463872;8339456;446267392;0;0;0;0;0;0;0;0;0;0;0;1283;0;0;0;0;0;0;
117;580799;496463872;8339456;446267392;0;0;0;0;0;0;0;0;0;0;0;1242;0;0;0;0;0;0;
118;585608;496463872;8339456;446267392;0;0;0;0;0;0;0;0;0;0;0;1322;0;0;0;0;0;0;
119;598813;496463872;8339456;446267392;0;0;0;0;0;0;0;0;0;0;0;1142;0;0;0;0;0;0;
120;578405;496463872;8339456;446267392;0;0;0;0;0;0;0;0;0;0;0;1282;0;0;0;0;0;0;
121;566403;496734208;8339456;446267392;0;0;0;0;0;0;0;0;0;0;0;1092;0;0;0;0;0;0;
122;581250;496734208;8339456;446267392;0;0;0;0;0;0;0;0;0;0;0;1293;0;0;0;0;0;0;
123;531416;496734208;8339456;446267392;0;0;0;0;0;0;0;0;0;0;0;1123;0;0;0;0;0;0;
124;627296;496734208;8339456;446267392;0;0;0;0;0;0;0;0;0;0;0;1183;0;0;0;0;0;0;
125;597721;496734208;8339456;446267392;0;0;0;0;0;0;0;0;0;0;0;1293;0;0;0;0;0;0;
126;653576;496734208;8339456;446267392;0;0;0;0;0;0;0;0;0;0;0;1273;0;0;0;0;0;0;
127;603712;496734208;11137024;449064960;0;0;0;0;0;0;0;0;0;0;0;1302;0;0;0;0;0;0;
128;590698;496734208;11137024;449064960;0;0;0;0;0;0;0;0;0;0;0;1092;0;0;0;0;0;0;
129;615484;497004544;11137024;449064960;0;0;0;0;0;0;0;0;0;0;0;1122;0;0;0;0;0;0;
130;797716;497004544;11137024;449064960;0;0;0;0;0;0;0;0;0;0;0;1102;0;0;0;0;0;0;
131;555151;497004544;11137024;449064960;0;0;0;0;0;0;0;0;0;0;0;1332;0;0;0;0;0;0;
132;2241053;497004544;11137024;449064960;0;0;0;0;0;0;0;0;0;0;0;1363;0;0;0;0;0;0;
133;621295;497004544;11137024;449064960;0;0;0;0;0;0;0;0;0;0;0;1292;0;0;0;0;0;0;
134;609493;497004544;11137024;449064960;0;0;0;0;0;0;0;0;0;0;0;1233;0;0;0;0;0;0;
135;560161;497004544;11137024;449064960;0;0;0;0;0;0;0;0;0;0;0;1072;0;0;0;0;0;0;
136;557175;497004544;11137024;449064960;0;0;0;0;0;0;0;0;0;0;0;1233;0;0;0;0;0;0;
137;586961;497004544;11137024;449064960;0;0;0;0;0;0;0;0;0;0;0;1233;0;0;0;0;0;0;
138;615715;497004544;11137024;449064960;0;0;0;0;0;0;0;0;0;0;0;1343;0;0;0;0;0;0;
139;555702;497004544;11137024;449064960;0;0;0;0;0;0;0;0;0;0;0;1313;0;0;0;0;0;0;
140;559179;497004544;11137024;449064960;0;0;0;0;0;0;0;0;0;0;0;1212;0;0;0;0;0;0;
141;549079;497004544;11137024;449064960;0;0;0;0;0;0;0;0;0;0;0;1252;0;0;0;0;0;0;
142;569608;497004544;11137024;449064960;0;0;0;0;0;0;0;0;0;0;0;1122;0;0;0;0;0;0;
143;561974;497004544;11137024;449064960;0;0;0;0;0;0;0;0;0;0;0;1213;0;0;0;0;0;0;
144;535364;497004544;11137024;449064960;0;0;0;0;0;0;0;0;0;0;0;1262;0;0;0;0;0;0;
145;559199;497004544;11137024;449064960;0;0;0;0;0;0;0;0;0;0;0;1253;0;0;0;0;0;0;
146;673333;497004544;11137024;449064960;0;0;0;0;0;0;0;0;0;0;0;1272;0;0;0;0;0;0;
147;558197;497004544;11137024;449064960;0;0;0;0;0;0;0;0;0;0;0;1092;0;0;0;0;0;0;
148;510377;497004544;11137024;449064960;0;0;0;0;0;0;0;0;0;0;0;1092;0;0;0;0;0;0;
149;562004;497004544;11137024;449064960;0;0;0;0;0;0;0;0;0;0;0;1252;0;0;0;0;0;0;
150;574217;497004544;11137024;449064960;0;0;0;0;0;0;0;0;0;0;0;1242;0;0;0;0;0;0;
151;833382;497004544;11137024;449064960;0;0;0;0;0;0;0;0;0;0;0;1082;0;0;0;0;0;0;
152;532679;497004544;11137024;449064960;0;0;0;0;0;0;0;0;0;0;0;1052;0;0;0;0;0;0;
153;557285;497004544;11137024;449064960;0;0;0;0;0;0;0;0;0;0;0;1212;0;0;0;0;0;0;
154;532028;497004544;11137024;449064960;0;0;0;0;0;0;0;0;0;0;0;1072;0;0;0;0;0;0;
155;537589;497004544;11137024;449064960;0;0;0;0;0;0;0;0;0;0;0;1252;0;0;0;0;0;0;
156;545824;497004544;11137024;449064960;0;0;0;0;0;0;0;0;0;0;0;1393;0;0;0;0;0;0;
157;543840;497004544;11137024;449064960;0;0;0;0;0;0;0;0;0;0;0;1062;0;0;0;0;0;0;
158;521168;497004544;11137024;449064960;0;0;0;0;0;0;0;0;0;0;0;1082;0;0;0;0;0;0;
159;562816;497004544;11137024;449064960;0;0;0;0;0;0;0;0;0;0;0;1302;0;0;0;0;0;0;
160;535294;497004544;11137024;449064960;0;0;0;0;0;0;0;0;0;0;0;1223;0;0;0;0;0;0;
161;549911;497004544;11137024;449064960;0;0;0;0;0;0;0;0;0;0;0;1242;0;0;0;0;0;0;
162;606618;497004544;11137024;449064960;0;0;0;0;0;0;0;0;0;0;0;1262;0;0;0;0;0;0;
163;540203;497004544;11137024;449064960;0;0;0;0;0;0;0;0;0;0;0;1263;0;0;0;0;0;0;
164;531006;497004544;11137024;449064960;0;0;0;0;0;0;0;0;0;0;0;1332;0;0;0;0;0;0;
165;553157;497004544;11137024;449064960;0;0;0;0;0;0;0;0;0;0;0;1122;0;0;0;0;0;0;
166;624100;497004544;11137024;449064960;0;0;0;0;0;0;0;0;0;0;0;1062;0;0;0;0;0;0;
167;646783;497004544;11137024;449064960;0;0;0;0;0;0;0;0;0;0;0;1072;0;0;0;0;0;0;
168;569458;497004544;11137024;449064960;0;0;0;0;0;0;0;0;0;0;0;1222;0;0;0;0;0;0;
169;581821;497004544;11137024;449064960;0;0;0;0;0;0;0;0;0;0;0;1263;0;0;0;0;0;0;
170;566973;497004544;11137024;449064960;0;0;0;0;0;0;0;0;0;0;0;1102;0;0;0;0;0;0;
171;554831;497004544;11137024;449064960;0;0;0;0;0;0;0;0;0;0;0;1092;0;0;0;0;0;0;
172;552747;497004544;11137024;449064960;0;0;0;0;0;0;0;0;0;0;0;1222;0;0;0;0;0;0;
173;529002;497004544;11137024;449064960;0;0;0;0;0;0;0;0;0;0;0;1092;0;0;0;0;0;0;
174;553398;497004544;11137024;449064960;0;0;0;0;0;0;0;0;0;0;0;1212;0;0;0;0;0;0;
175;623870;497004544;11137024;449064960;0;0;0;0;0;0;0;0;0;0;0;1232;0;0;0;0;0;0;
176;550021;497004544;11137024;449064960;0;0;0;0;0;0;0;0;0;0;0;1263;0;0;0;0;0;0;
177;560541;497004544;11137024;449064960;0;0;0;0;0;0;0;0;0;0;0;1102;0;0;0;0;0;0;
178;625914;497004544;11137024;449064960;0;0;0;0;0;0;0;0;0;0;0;1212;0;0;0;0;0;0;
179;568596;497004544;11137024;449064960;0;0;0;0;0;0;0;0;0;0;0;1102;0;0;0;0;0;0;
180;557075;497004544;11137024;449064960;0;0;0;0;0;0;0;0;0;0;0;1243;0;0;0;0;0;0;
181;601889;497004544;11137024;449064960;0;0;0;0;0;0;0;0;0;0;0;1112;0;0;0;0;0;0;
182;568386;497274880;11137024;449064960;0;0;0;0;0;0;0;0;0;0;0;1232;0;0;0;0;0;0;
183;563908;497274880;11137024;449064960;0;0;0;0;0;0;0;0;0;0;0;1262;0;0;0;0;0;0;
184;578335;497274880;11137024;449064960;0;0;0;0;0;0;0;0;0;0;0;1263;0;0;0;0;0;0;
185;545954;497274880;11137024;449064960;0;0;0;0;0;0;0;0;0;0;0;1102;0;0;0;0;0;0;
186;606427;497274880;11137024;449064960;0;0;0;0;0;0;0;0;0;0;0;1322;0;0;0;0;0;0;
187;1169112;497274880;11137024;449064960;0;0;0;0;0;0;0;0;0;0;0;1653;0;0;0;0;2;0;
188;594455;497274880;11137024;449064960;0;0;0;0;0;0;0;0;0;0;0;1402;0;0;0;0;2;0;
189;622187;497545216;11137024;449064960;0;0;0;0;0;0;0;0;0;0;0;1503;0;0;0;0;2;0;
190;1096577;497545216;11137024;449064960;0;0;0;0;0;0;0;0;0;0;0;1313;0;0;0;0;2;0;
191;657043;497545216;11137024;449064960;0;0;0;0;0;0;0;0;0;0;0;1332;0;0;0;0;2;0;
192;607870;497545216;11137024;449064960;0;0;0;0;0;0;0;0;0;0;0;1452;0;0;0;0;2;0;
193;688662;497545216;11137024;449064960;0;0;0;0;0;0;0;0;0;0;0;1623;0;0;0;0;2;0;
194;679594;497545216;11137024;449064960;0;0;0;0;0;0;0;0;0;0;0;1583;0;0;0;0;2;0;
195;623178;497545216;11137024;449064960;0;0;0;0;0;0;0;0;0;0;0;1583;0;0;0;0;2;0;
196;595147;497545216;11137024;449064960;0;0;0;0;0;0;0;0;0;0;0;1583;0;0;0;0;2;0;
197;566442;497545216;11137024;449064960;0;0;0;0;0;0;0;0;0;0;0;1513;0;0;0;0;2;0;
198;585348;497545216;11137024;449064960;0;0;0;0;0;0;0;0;0;0;0;1192;0;0;0;0;2;0;
199;593633;497545216;11137024;449064960;0;0;0;0;0;0;0;0;0;0;0;1313;0;0;0;0;2;0;
200;611517;497545216;11137024;449064960;0;0;0;0;0;0;0;0;0;0;0;1503;0;0;0;0;2;0;
201;593253;497545216;11137024;449064960;0;0;0;0;0;0;0;0;0;0;0;1423;0;0;0;0;2;0;
202;580188;497545216;11137024;449064960;0;0;0;0;0;0;0;0;0;0;0;1293;0;0;0;0;2;0;
203;633759;497545216;11137024;449064960;0;0;0;0;0;0;0;0;0;0;0;1483;0;0;0;0;2;0;
204;578705;497545216;11137024;449064960;0;0;0;0;0;0;0;0;0;0;0;1563;0;0;0;0;2;0;
205;562485;497545216;11137024;449064960;0;0;0;0;0;0;0;0;0;0;0;1313;0;0;0;0;2;0;
206;646092;497545216;11137024;449064960;0;0;0;0;0;0;0;0;0;0;0;1262;0;0;0;0;2;0;
207;567254;497545216;11137024;449064960;0;0;0;0;0;0;0;0;0;0;0;1694;0;0;0;0;2;0;
208;610766;497545216;11137024;449064960;0;0;0;0;0;0;0;0;0;0;0;1593;0;0;0;0;2;0;
209;654327;497545216;11137024;449064960;0;0;0;0;0;0;0;0;0;0;0;1372;0;0;0;0;2;0;
210;602109;497545216;11137024;449064960;0;0;0;0;0;0;0;0;0;0;0;1653;0;0;0;0;2;0;
211;605966;497545216;11137024;449064960;0;0;0;0;0;0;0;0;0;0;0;1333;0;0;0;0;2;0;
212;583134;497545216;11137024;449064960;0;0;0;0;0;0;0;0;0;0;0;1543;0;0;0;0;2;0;
213;573756;497545216;11137024;449064960;0;0;0;0;0;0;0;0;0;0;0;1353;0;0;0;0;2;0;
214;571192;497545216;11137024;449064960;0;0;0;0;0;0;0;0;0;0;0;1333;0;0;0;0;2;0;
215;586370;497545216;11137024;449064960;0;0;0;0;0;0;0;0;0;0;0;1553;0;0;0;0;2;0;
216;594134;497545216;11137024;449064960;0;0;0;0;0;0;0;0;0;0;0;1293;0;0;0;0;2;0;
217;643767;497545216;11137024;449064960;0;0;0;0;0;0;0;0;0;0;0;1583;0;0;0;0;2;0;
218;569738;497545216;11137024;449064960;0;0;0;0;0;0;0;0;0;0;0;1603;0;0;0;0;2;0;
219;701986;497545216;11137024;449064960;0;0;0;0;0;0;0;0;0;0;0;1363;0;0;0;0;2;0;
220;582472;497545216;11137024;449064960;0;0;0;0;0;0;0;0;0;0;0;1563;0;0;0;0;2;0;
221;567514;497545216;11137024;449064960;0;0;0;0;0;0;0;0;0;0;0;1523;0;0;0;0;2;0;
222;721173;497545216;11137024;449064960;0;0;0;0;0;0;0;0;0;0;0;1533;0;0;0;0;2;0;
223;578314;497545216;11137024;449064960;0;0;0;0;0;0;0;0;0;0;0;1503;0;0;0;0;2;0;
224;583935;497545216;11137024;449064960;0;0;0;0;0;0;0;0;0;0;0;1563;0;0;0;0;2;0;
225;599815;497545216;11137024;449064960;0;0;0;0;0;0;0;0;0;0;0;1663;0;0;0;0;2;0;
226;562565;497545216;11137024;449064960;0;0;0;0;0;0;0;0;0;0;0;1453;0;0;0;0;2;0;
227;599415;497545216;11137024;449064960;0;0;0;0;0;0;0;0;0;0;0;1583;0;0;0;0;2;0;
228;596769;497545216;11137024;449064960;0;0;0;0;0;0;0;0;0;0;0;1393;0;0;0;0;2;0;
229;1219818;497545216;11137024;449064960;0;0;0;0;0;0;0;0;0;0;0;1542;0;0;0;0;2;0;
230;1253811;501739520;11137024;465842176;0;0;0;0;0;0;0;0;0;0;0;1723;0;0;0;0;2;0;
231;586981;501739520;11137024;465842176;0;0;0;0;0;0;0;0;0;0;0;1312;0;0;0;0;2;0;
232;570179;501739520;11137024;465842176;0;0;0;0;0;0;0;0;0;0;0;1242;0;0;0;0;2;0;
233;675707;501739520;11137024;465842176;0;0;0;0;0;0;0;0;0;0;0;1613;0;0;0;0;2;0;
234;579857;501739520;11137024;465842176;0;0;0;0;0;0;0;0;0;0;0;1583;0;0;0;0;2;0;
235;1096406;501739520;11137024;465842176;0;0;0;0;0;0;0;0;0;0;0;1523;0;0;0;0;2;0;
236;605065;501739520;11137024;465842176;0;0;0;0;0;0;0;0;0;0;0;1402;0;0;0;0;2;0;
237;624381;501739520;11137024;465842176;0;0;0;0;0;0;0;0;0;0;0;1202;0;0;0;0;2;0;
238;588714;501739520;11137024;465842176;0;0;0;0;0;0;0;0;0;0;0;1533;0;0;0;0;2;0;
239;605636;501739520;11137024;465842176;0;0;0;0;0;0;0;0;0;0;0;1382;0;0;0;0;2;0;
240;568497;501739520;11137024;465842176;0;0;0;0;0;0;0;0;0;0;0;1343;0;0;0;0;2;0;
241;621976;501739520;11137024;465842176;0;0;0;0;0;0;0;0;0;0;0;1352;0;0;0;0;2;0;
242;586039;501739520;11137024;465842176;0;0;0;0;0;0;0;0;0;0;0;1342;0;0;0;0;2;0;
243;573135;501739520;11137024;465842176;0;0;0;0;0;0;0;0;0;0;0;1613;0;0;0;0;2;0;
244;575269;501739520;11137024;465842176;0;0;0;0;0;0;0;0;0;0;0;1352;0;0;0;0;2;0;
245;567084;501739520;11137024;465842176;0;0;0;0;0;0;0;0;0;0;0;1303;0;0;0;0;2;0;
246;681077;501739520;11137024;465842176;0;0;0;0;0;0;0;0;0;0;0;1353;0;0;0;0;2;0;
247;577403;501739520;11137024;465842176;0;0;0;0;0;0;0;0;0;0;0;1383;0;0;0;0;2;0;
248;587372;501739520;11137024;465842176;0;0;0;0;0;0;0;0;0;0;0;1363;0;0;0;0;2;0;
249;575008;501739520;11137024;465842176;0;0;0;0;0;0;0;0;0;0;0;1382;0;0;0;0;2;0;
250;572374;501739520;11137024;465842176;0;0;0;0;0;0;0;0;0;0;0;1353;0;0;0;0;2;0;
251;560952;501739520;11137024;465842176;0;0;0;0;0;0;0;0;0;0;0;1563;0;0;0;0;2;0;
252;629000;501739520;11137024;465842176;0;0;0;0;0;0;0;0;0;0;0;1312;0;0;0;0;2;0;
253;596198;501739520;11137024;465842176;0;0;0;0;0;0;0;0;0;0;0;1573;0;0;0;0;2;0;
254;1520281;501739520;11137024;465842176;0;0;0;0;0;0;0;0;0;0;0;1393;0;0;0;0;2;0;
255;794129;501993472;11137024;465842176;0;0;0;0;0;0;0;0;0;0;0;1543;0;0;0;0;2;0;
256;598322;501993472;11137024;465842176;0;0;0;0;0;0;0;0;0;0;0;1623;0;0;0;0;2;0;
257;559540;501993472;11137024;465842176;0;0;0;0;0;0;0;0;0;0;0;1303;0;0;0;0;2;0;
258;576892;501993472;11137024;465842176;0;0;0;0;0;0;0;0;0;0;0;1352;0;0;0;0;2;0;
259;584887;501993472;11137024;465842176;0;0;0;0;0;0;0;0;0;0;0;1462;0;0;0;0;2;0;
260;550703;501993472;11137024;465842176;0;0;0;0;0;0;0;0;0;0;0;1292;0;0;0;0;2;0;
261;606978;501993472;11137024;465842176;0;0;0;0;0;0;0;0;0;0;0;1573;0;0;0;0;2;0;
262;587482;501993472;11137024;465842176;0;0;0;0;0;0;0;0;0;0;0;1532;0;0;0;0;2;0;
263;640431;501993472;11137024;465842176;0;0;0;0;0;0;0;0;0;0;0;1392;0;0;0;0;2;0;
264;590707;501993472;11137024;465842176;0;0;0;0;0;0;0;0;0;0;0;1543;0;0;0;0;2;0;
265;637256;501993472;11137024;465842176;0;0;0;0;0;0;0;0;0;0;0;1313;0;0;0;0;2;0;
266;566984;501993472;11137024;465842176;0;0;0;0;0;0;0;0;0;0;0;1563;0;0;0;0;2;0;
267;609684;501993472;11137024;465842176;0;0;0;0;0;0;0;0;0;0;0;1362;0;0;0;0;2;0;
268;609613;501993472;11137024;465842176;0;0;0;0;0;0;0;0;0;0;0;1303;0;0;0;0;2;0;
269;619612;501993472;11137024;465842176;0;0;0;0;0;0;0;0;0;0;0;1482;0;0;0;0;2;0;
270;592321;501993472;11137024;465842176;0;0;0;0;0;0;0;0;0;0;0;1162;0;0;0;0;2;0;
271;643617;501993472;11137024;465842176;0;0;0;0;0;0;0;0;0;0;0;1363;0;0;0;0;2;0;
272;617729;501993472;11137024;465842176;0;0;0;0;0;0;0;0;0;0;0;1573;0;0;0;0;2;0;
273;1031705;501993472;11137024;465842176;0;0;0;0;0;0;0;0;0;0;0;1392;0;0;0;0;2;0;
274;588684;501993472;11137024;465842176;0;0;0;0;0;0;0;0;0;0;0;1533;0;0;0;0;2;0;
275;578155;501993472;11137024;465842176;0;0;0;0;0;0;0;0;0;0;0;1653;0;0;0;0;2;0;
276;1200802;501993472;11137024;465842176;0;0;0;0;0;0;0;0;0;0;0;1562;0;0;0;0;2;0;
277;783880;502259712;11137024;465842176;0;0;0;0;0;0;0;0;0;0;0;1664;0;0;0;0;2;0;
278;564889;502259712;11137024;465842176;0;0;0;0;0;0;0;0;0;0;0;1172;0;0;0;0;2;0;
279;560851;502259712;11137024;465842176;0;0;0;0;0;0;0;0;0;0;0;1573;0;0;0;0;2;0;
280;661841;502259712;11137024;465842176;0;0;0;0;0;0;0;0;0;0;0;1643;0;0;0;0;2;0;
281;638367;502259712;11137024;465842176;0;0;0;0;0;0;0;0;0;0;0;1583;0;0;0;0;2;0;
282;564809;502259712;11137024;465842176;0;0;0;0;0;0;0;0;0;0;0;1543;0;0;0;0;2;0;
283;601318;502259712;11137024;465842176;0;0;0;0;0;0;0;0;0;0;0;1673;0;0;0;0;2;0;
284;931937;502259712;11137024;465842176;0;0;0;0;0;0;0;0;0;0;0;1553;0;0;0;0;2;0;
285;599154;502259712;11137024;465842176;0;0;0;0;0;0;0;0;0;0;0;1573;0;0;0;0;2;0;
286;586950;502259712;11137024;465842176;0;0;0;0;0;0;0;0;0;0;0;1393;0;0;0;0;2;0;
287;612959;502259712;11137024;465842176;0;0;0;0;0;0;0;0;0;0;0;1613;0;0;0;0;2;0;
288;564057;502259712;11137024;465842176;0;0;0;0;0;0;0;0;0;0;0;1553;0;0;0;0;2;0;
289;2595728;508551168;11137024;482619392;0;0;0;0;0;0;0;0;0;0;0;3326;0;0;1;0;2;0;
290;835817;508551168;11137024;482619392;0;0;0;0;0;0;0;0;0;0;0;1343;0;0;1;0;2;0;
291;669426;508551168;11137024;482619392;0;0;0;0;0;0;0;0;0;0;0;1262;0;0;1;0;2;0;
292;758903;508551168;11137024;482619392;0;0;0;0;0;0;0;0;0;0;0;1272;0;0;1;0;2;0;
293;636414;508551168;11137024;482619392;0;0;0;0;0;0;0;0;0;0;0;1132;0;0;1;0;2;0;
294;684654;508551168;11137024;482619392;0;0;0;0;0;0;0;0;0;0;0;1193;0;0;1;0;2;0;
295;653736;508551168;11137024;482619392;0;0;0;0;0;0;0;0;0;0;0;1272;0;0;1;0;2;0;
296;622367;508551168;11137024;482619392;0;0;0;0;0;0;0;0;0;0;0;1192;0;0;1;0;2;0;
297;673733;508551168;11137024;482619392;0;0;0;0;0;0;0;0;0;0;0;1262;0;0;1;0;2;0;
298;1302021;508551168;11137024;482619392;0;0;0;0;0;0;0;0;0;0;0;1253;0;0;1;0;2;0;
299;867096;508551168;11137024;482619392;0;0;0;0;0;0;0;0;0;0;0;1312;0;0;1;0;2;0;
300;641082;508551168;11137024;482619392;0;0;0;0;0;0;0;0;0;0;0;1272;0;0;1;0;2;0;
301;652143;508551168;11137024;482619392;0;0;0;0;0;0;0;0;0;0;0;1492;0;0;1;0;2;0;
302;815629;508551168;11137024;482619392;0;0;0;0;0;0;0;0;0;0;0;1453;0;0;1;0;2;0;
303;642305;508551168;11137024;482619392;0;0;0;0;0;0;0;0;0;0;0;1443;0;0;1;0;2;0;
304;638077;508551168;11137024;482619392;0;0;0;0;0;0;0;0;0;0;0;1353;0;0;1;0;2;0;
305;630142;508551168;11137024;482619392;0;0;0;0;0;0;0;0;0;0;0;1392;0;0;1;0;2;0;
306;672922;508551168;11137024;482619392;0;0;0;0;0;0;0;0;0;0;0;1523;0;0;1;0;2;0;
307;1452394;508551168;11137024;482619392;0;0;0;0;0;0;0;0;0;0;0;1503;0;0;1;0;2;0;
308;2157726;512892928;11137024;482619392;0;0;0;0;0;0;0;0;0;0;0;1803;0;0;2;0;2;0;
309;695735;512892928;11137024;482619392;0;0;0;0;0;0;0;0;0;0;0;1333;0;0;2;0;2;0;
310;699121;512892928;11137024;482619392;0;0;0;0;0;0;0;0;0;0;0;1373;0;0;2;0;2;0;
311;679484;512892928;11137024;482619392;0;0;0;0;0;0;0;0;0;0;0;1283;0;0;2;0;2;0;
312;647595;512892928;11137024;482619392;0;0;0;0;0;0;0;0;0;0;0;1232;0;0;2;0;2;0;
313;709902;512892928;11137024;482619392;0;0;0;0;0;0;0;0;0;0;0;1293;0;0;2;0;2;0;
314;681198;512892928;11137024;482619392;0;0;0;0;0;0;0;0;0;0;0;1273;0;0;2;0;2;0;
315;672742;512892928;11137024;482619392;0;0;0;0;0;0;0;0;0;0;0;1343;0;0;2;0;2;0;
316;659427;512892928;11137024;482619392;0;0;0;0;0;0;0;0;0;0;0;1292;0;0;2;0;2;0;
317;679605;512892928;11137024;482619392;0;0;0;0;0;0;0;0;0;0;0;1343;0;0;2;0;2;0;
318;738074;512892928;11137024;482619392;0;0;0;0;0;0;0;0;0;0;0;1333;0;0;2;0;2;0;
319;1875668;512892928;11137024;482619392;0;0;0;0;0;0;0;0;0;0;0;1363;0;0;2;0;2;0;
320;785293;512892928;11137024;482619392;0;0;0;0;0;0;0;0;0;0;0;1232;0;0;2;0;2;0;
321;650951;512892928;11137024;482619392;0;0;0;0;0;0;0;0;0;0;0;1253;0;0;2;0;2;0;
322;644720;512892928;11137024;482619392;0;0;0;0;0;0;0;0;0;0;0;1243;0;0;2;0;2;0;
323;702057;512892928;11137024;482619392;0;0;0;0;0;0;0;0;0;0;0;1483;0;0;2;0;2;0;
324;655970;512892928;11137024;482619392;0;0;0;0;0;0;0;0;0;0;0;1493;0;0;2;0;2;0;
325;669866;512892928;11137024;482619392;0;0;0;0;0;0;0;0;0;0;0;1422;0;0;2;0;2;0;
326;702016;512892928;11137024;482619392;0;0;0;0;0;0;0;0;0;0;0;1282;0;0;2;0;2;0;
327;661640;512892928;11137024;482619392;0;0;0;0;0;0;0;0;0;0;0;1482;0;0;2;0;2;0;
328;1771953;519184384;11137024;499396608;0;0;0;0;0;0;0;0;0;0;0;1673;0;0;3;0;2;0;
329;820209;519184384;11137024;499396608;0;0;0;0;0;0;0;0;0;0;0;1332;0;0;3;0;2;0;
330;683011;519184384;11137024;499396608;0;0;0;0;0;0;0;0;0;0;0;1442;0;0;3;0;2;0;
331;720331;519184384;11137024;499396608;0;0;0;0;0;0;0;0;0;0;0;1433;0;0;3;0;2;0;
332;662954;519184384;11137024;499396608;0;0;0;0;0;0;0;0;0;0;0;1392;0;0;3;0;2;0;
333;723617;519184384;11137024;499396608;0;0;0;0;0;0;0;0;0;0;0;1422;0;0;3;0;2;0;
334;966843;519184384;11137024;499396608;0;0;0;0;0;0;0;0;0;0;0;1462;0;0;3;0;2;0;
335;678662;519184384;11137024;499396608;0;0;0;0;0;0;0;0;0;0;0;1553;0;0;3;0;2;0;
336;723437;519184384;11137024;499396608;0;0;0;0;0;0;0;0;0;0;0;1412;0;0;3;0;2;0;
337;1441153;519184384;11137024;499396608;0;0;0;0;0;0;0;0;0;0;0;1413;0;0;3;0;2;0;
338;708418;519184384;11137024;499396608;0;0;0;0;0;0;0;0;0;0;0;1463;0;0;3;0;2;0;
339;643838;519184384;11137024;499396608;0;0;0;0;0;0;0;0;0;0;0;1533;0;0;3;0;2;0;
340;690656;519184384;11137024;499396608;0;0;0;0;0;0;0;0;0;0;0;1513;0;0;3;0;2;0;
341;1326759;519184384;11137024;499396608;0;0;0;0;0;0;0;0;0;0;0;1493;0;0;3;0;2;0;
342;870813;519184384;11137024;499396608;0;0;0;0;0;0;0;0;0;0;0;1262;0;0;3;0;2;0;
343;656872;519184384;11137024;499396608;0;0;0;0;0;0;0;0;0;0;0;1483;0;0;3;0;2;0;
344;667342;519184384;11137024;499396608;0;0;0;0;0;0;0;0;0;0;0;1433;0;0;3;0;2;0;
345;676809;519184384;11137024;499396608;0;0;0;0;0;0;0;0;0;0;0;1503;0;0;3;0;2;0;
346;662633;519184384;11137024;499396608;0;0;0;0;0;0;0;0;0;0;0;1483;0;0;3;0;2;0;
347;675246;519184384;11137024;499396608;0;0;0;0;0;0;0;0;0;0;0;1473;0;0;3;0;2;0;
348;3194982;523214848;11137024;499396608;0;0;0;0;0;0;0;0;0;0;0;1653;0;0;4;0;2;0;
349;723617;523214848;11137024;499396608;0;0;0;0;0;0;0;0;0;0;0;1082;0;0;4;0;2;0;
350;673443;523214848;11137024;499396608;0;0;0;0;0;0;0;0;0;0;0;1483;0;0;4;0;2;0;
351;656071;523214848;11137024;499396608;0;0;0;0;0;0;0;0;0;0;0;1453;0;0;4;0;2;0;
352;671579;523214848;11137024;499396608;0;0;0;0;0;0;0;0;0;0;0;1603;0;0;4;0;2;0;
353;1302352;523214848;11137024;499396608;0;0;0;0;0;0;0;0;0;0;0;1473;0;0;4;0;2;0;
354;679695;523214848;11137024;499396608;0;0;0;0;0;0;0;0;0;0;0;1573;0;0;4;0;2;0;
355;688431;523214848;11137024;499396608;0;0;0;0;0;0;0;0;0;0;0;1393;0;0;4;0;2;0;
356;764975;523214848;11137024;499396608;0;0;0;0;0;0;0;0;0;0;0;1242;0;0;4;0;2;0;
357;776817;523214848;11137024;499396608;0;0;0;0;0;0;0;0;0;0;0;1482;0;0;4;0;2;0;
358;2737504;523485184;11137024;499396608;0;0;0;0;0;0;0;0;0;0;0;2795;0;0;4;0;3;0;
359;2843383;523485184;11137024;499396608;0;0;0;0;0;0;0;0;0;0;0;2165;0;0;4;0;3;0;
360;792757;523485184;11137024;499396608;0;0;0;0;0;0;0;0;0;0;0;1262;0;0;4;0;3;0;
361;744386;523485184;11137024;499396608;0;0;0;0;0;0;0;0;0;0;0;1312;0;0;4;0;3;0;
362;2384421;528359424;11137024;499396608;0;0;0;0;0;0;0;0;0;0;0;1883;0;0;5;0;3;0;
363;783309;528359424;11137024;499396608;0;0;0;0;0;0;0;0;0;0;0;1282;0;0;5;0;3;0;
364;829757;528359424;11137024;499396608;0;0;0;0;0;0;0;0;0;0;0;1303;0;0;5;0;3;0;
365;2160151;528244736;10846208;499105792;0;0;0;0;0;0;0;0;0;0;0;1283;0;0;5;0;3;0;
366;1924108;528244736;10846208;499105792;0;0;0;0;0;0;0;0;0;0;0;1784;0;0;5;0;3;0;
367;1258460;528244736;10846208;499105792;0;0;0;0;0;0;0;0;0;0;0;1773;0;0;5;0;3;0;
368;926527;528244736;10846208;499105792;0;0;0;0;0;0;0;0;0;0;0;1783;0;0;5;0;3;0;
369;934162;528244736;10846208;499105792;0;0;0;0;0;0;0;0;0;0;0;1804;0;0;5;0;3;0;
370;1027126;528244736;10846208;499105792;0;0;0;0;0;0;0;0;0;0;0;2285;0;0;5;0;3;0;
371;919775;528244736;10846208;499105792;0;0;0;0;0;0;0;0;0;0;0;1763;0;0;5;0;3;0;
372;897604;528244736;10846208;499105792;0;0;0;0;0;0;0;0;0;0;0;1753;0;0;5;0;3;0;
373;960632;528244736;10846208;499105792;0;0;0;0;0;0;0;0;0;0;0;2315;0;0;5;0;3;0;
374;946224;528244736;10846208;499105792;0;0;0;0;0;0;0;0;0;0;0;1753;0;0;5;0;3;0;
375;993323;528244736;10846208;499105792;0;0;0;0;0;0;0;0;0;0;0;2144;0;0;5;0;3;0;
376;2262233;534536192;10846208;515883008;0;0;0;0;0;0;0;0;0;0;0;2745;0;0;6;0;3;0;
377;965560;534536192;10846208;515883008;0;0;0;0;0;0;0;0;0;0;0;1753;0;0;6;0;3;0;
378;973886;534536192;10846208;515883008;0;0;0;0;0;0;0;0;0;0;0;1723;0;0;6;0;3;0;
379;936737;534536192;10846208;515883008;0;0;0;0;0;0;0;0;0;0;0;1734;0;0;6;0;3;0;
380;960882;534536192;10846208;515883008;0;0;0;0;0;0;0;0;0;0;0;1723;0;0;6;0;3;0;
381;932268;534536192;10846208;515883008;0;0;0;0;0;0;0;0;0;0;0;2545;0;0;6;0;3;0;
382;956013;534536192;10846208;515883008;0;0;0;0;0;0;0;0;0;0;0;1663;0;0;6;0;3;0;
383;962525;534536192;10846208;515883008;0;0;0;0;0;0;0;0;0;0;0;1723;0;0;6;0;3;0;
384;1973200;534536192;10846208;515883008;0;0;0;0;0;0;0;0;0;0;0;1723;0;0;6;0;3;0;
385;1233634;534536192;10846208;515883008;0;0;0;0;0;0;0;0;0;0;0;2094;0;0;6;0;3;0;
386;909055;534536192;10846208;515883008;0;0;0;0;0;0;0;0;0;0;0;1793;0;0;6;0;3;0;
387;920787;534536192;10846208;515883008;0;0;0;0;0;0;0;0;0;0;0;1773;0;0;6;0;3;0;
388;1242220;534536192;10846208;515883008;0;0;0;0;0;0;0;0;0;0;0;1784;0;0;6;0;3;0;
389;950222;534536192;10846208;515883008;0;0;0;0;0;0;0;0;0;0;0;2074;0;0;6;0;3;0;
390;1222503;534536192;10846208;515883008;0;0;0;0;0;0;0;0;0;0;0;2845;0;0;6;0;7;0;
391;3978451;534536192;10846208;515883008;0;0;0;0;0;0;0;0;0;0;0;1773;0;0;6;0;7;0;
392;2818927;534675456;10694656;515731456;0;0;0;0;0;0;0;0;0;0;0;1864;0;0;6;0;7;0;
393;992721;534675456;10694656;515731456;0;0;0;0;0;0;0;0;0;0;0;1874;0;0;6;0;7;0;
394;948749;534675456;10694656;515731456;0;0;0;0;0;0;0;0;0;0;0;1733;0;0;6;0;7;0;
395;970239;534675456;10694656;515731456;0;0;0;0;0;0;0;0;0;0;0;2424;0;0;6;0;7;0;
396;2095029;534675456;10694656;515731456;0;0;0;0;0;0;0;0;0;0;0;2184;0;0;6;0;7;0;
397;1223485;534675456;10694656;515731456;0;0;0;0;0;0;0;0;0;0;0;1744;0;0;6;0;7;0;
398;990968;534675456;10694656;515731456;0;0;0;0;0;0;0;0;0;0;0;2465;0;0;6;0;7;0;
399;921558;534675456;10694656;515731456;0;0;0;0;0;0;0;0;0;0;0;2074;0;0;6;0;7;0;
400;910748;534675456;10694656;515731456;0;0;0;0;0;0;0;0;0;0;0;2024;0;0;6;0;7;0;
401;2596139;538914816;10694656;515731456;0;0;0;0;0;0;0;0;0;0;0;2104;0;0;7;0;7;0;
402;959119;538914816;10694656;515731456;0;0;0;0;0;0;0;0;0;0;0;2374;0;0;7;0;7;0;
403;937017;538914816;10694656;515731456;0;0;0;0;0;0;0;0;0;0;0;2364;0;0;7;0;7;0;
404;938570;538914816;10694656;515731456;0;0;0;0;0;0;0;0;0;0;0;2254;0;0;7;0;7;0;
405;956854;538914816;10694656;515731456;0;0;0;0;0;0;0;0;0;0;0;2264;0;0;7;0;7;0;
406;1210981;538914816;10694656;515731456;0;0;0;0;0;0;0;0;0;0;0;1974;0;0;7;0;7;0;
407;952417;538914816;10694656;515731456;0;0;0;0;0;0;0;0;0;0;0;2064;0;0;7;0;7;0;
408;935956;538914816;10694656;515731456;0;0;0;0;0;0;0;0;0;0;0;2063;0;0;7;0;7;0;
409;930745;538914816;10694656;515731456;0;0;0;0;0;0;0;0;0;0;0;2164;0;0;7;0;7;0;
410;1018009;538914816;10694656;515731456;0;0;0;0;0;0;0;0;0;0;0;2024;0;0;7;0;7;0;
411;904686;538914816;10694656;515731456;0;0;0;0;0;0;0;0;0;0;0;2174;0;0;7;0;7;0;
412;928742;538914816;10694656;515731456;0;0;0;0;0;0;0;0;0;0;0;2264;0;0;7;0;7;0;
413;956554;538914816;10694656;515731456;0;0;0;0;0;0;0;0;0;0;0;2565;0;0;7;0;7;0;
414;974959;538914816;10694656;515731456;0;0;0;0;0;0;0;0;0;0;0;2244;0;0;7;0;7;0;
415;1285982;538914816;10694656;515731456;0;0;0;0;0;0;0;0;0;0;0;2094;0;0;7;0;7;0;
416;4517201;542998528;10620928;515657728;0;0;0;0;0;0;0;0;0;0;0;2465;0;0;8;0;7;0;
417;1959956;542998528;10620928;515657728;0;0;0;0;0;0;0;0;0;0;0;2234;0;0;8;0;7;0;
418;1131582;542998528;10620928;515657728;0;0;0;0;0;0;0;0;0;0;0;2324;0;0;8;0;7;0;
419;946635;542998528;10620928;515657728;0;0;0;0;0;0;0;0;0;0;0;2635;0;0;8;0;7;0;
420;1457022;542998528;10620928;515657728;0;0;0;0;0;0;0;0;0;0;0;2174;0;0;8;0;7;0;
421;952997;542998528;10620928;515657728;0;0;0;0;0;0;0;0;0;0;0;2284;0;0;8;0;7;0;
422;1071600;542998528;10620928;515657728;0;0;0;0;0;0;0;0;0;0;0;2124;0;0;8;0;7;0;
423;861595;542998528;10620928;515657728;0;0;0;0;0;0;0;0;0;0;0;2434;0;0;8;0;7;0;
424;933391;542998528;10620928;515657728;0;0;0;0;0;0;0;0;0;0;0;2254;0;0;8;0;7;0;
425;983435;542998528;10620928;515657728;0;0;0;0;0;0;0;0;0;0;0;2244;0;0;8;0;7;0;
426;986710;542998528;10620928;515657728;0;0;0;0;0;0;0;0;0;0;0;2134;0;0;8;0;7;0;
427;945543;542998528;10620928;515657728;0;0;0;0;0;0;0;0;0;0;0;2315;0;0;8;0;7;0;
428;2251342;549289984;10620928;532434944;0;0;0;0;0;0;0;0;0;0;0;2214;0;0;9;0;7;0;
429;965881;549289984;10620928;532434944;0;0;0;0;0;0;0;0;0;0;0;2524;0;0;9;0;7;0;
430;931648;549289984;10620928;532434944;0;0;0;0;0;0;0;0;0;0;0;2174;0;0;9;0;7;0;
431;967174;549289984;10620928;532434944;0;0;0;0;0;0;0;0;0;0;0;3045;0;0;9;0;7;0;
432;934051;549289984;10620928;532434944;0;0;0;0;0;0;0;0;0;0;0;2184;0;0;9;0;7;0;
433;913994;549289984;10620928;532434944;0;0;0;0;0;0;0;0;0;0;0;2324;0;0;9;0;7;0;
434;929383;549289984;10620928;532434944;0;0;0;0;0;0;0;0;0;0;0;2254;0;0;9;0;7;0;
435;936546;549289984;10620928;532434944;0;0;0;0;0;0;0;0;0;0;0;2154;0;0;9;0;7;0;
436;964018;549289984;10620928;532434944;0;0;0;0;0;0;0;0;0;0;0;2094;0;0;9;0;7;0;
437;981220;549289984;10620928;532434944;0;0;0;0;0;0;0;0;0;0;0;2725;0;0;9;0;7;0;
438;957085;549289984;10620928;532434944;0;0;0;0;0;0;0;0;0;0;0;3898;0;0;9;0;7;0;
439;1833839;549236736;10559488;532373504;0;0;0;0;0;0;0;0;0;0;0;2535;0;0;9;0;7;0;
440;973546;549236736;10559488;532373504;0;0;0;0;0;0;0;0;0;0;0;2445;0;0;9;0;7;0;
441;922750;549236736;10559488;532373504;0;0;0;0;0;0;0;0;0;0;0;2845;0;0;9;0;7;0;
442;953658;549236736;10559488;532373504;0;0;0;0;0;0;0;0;0;0;0;2254;0;0;9;0;7;0;
443;943800;549236736;10559488;532373504;0;0;0;0;0;0;0;0;0;0;0;1743;0;0;9;0;7;0;
444;1041954;549236736;10559488;532373504;0;0;0;0;0;0;0;0;0;0;0;2024;0;0;9;0;7;0;
445;956774;549236736;10559488;532373504;0;0;0;0;0;0;0;0;0;0;0;1703;0;0;9;0;7;0;
446;887865;549236736;10559488;532373504;0;0;0;0;0;0;0;0;0;0;0;1663;0;0;9;0;7;0;
447;901500;549236736;10559488;532373504;0;0;0;0;0;0;0;0;0;0;0;1693;0;0;9;0;7;0;
448;916609;549236736;10559488;532373504;0;0;0;0;0;0;0;0;0;0;0;1723;0;0;9;0;7;0;
449;974829;549236736;10559488;532373504;0;0;0;0;0;0;0;0;0;0;0;1724;0;0;9;0;7;0;
450;999244;549236736;10559488;532373504;0;0;0;0;0;0;0;0;0;0;0;1743;0;0;9;0;7;0;
451;955242;549236736;10559488;532373504;0;0;0;0;0;0;0;0;0;0;0;1713;0;0;9;0;7;0;
452;1004464;549236736;10559488;532373504;0;0;0;0;0;0;0;0;0;0;0;2114;0;0;9;0;7;0;
453;896622;549236736;10559488;532373504;0;0;0;0;0;0;0;0;0;0;0;1734;0;0;9;0;7;0;
454;935875;549236736;10559488;532373504;0;0;0;0;0;0;0;0;0;0;0;1723;0;0;9;0;7;0;
455;924013;549236736;10559488;532373504;0;0;0;0;0;0;0;0;0;0;0;2204;0;0;9;0;7;0;
456;1040692;549236736;10559488;532373504;0;0;0;0;0;0;0;0;0;0;0;2114;0;0;9;0;7;0;
457;993533;549236736;10559488;532373504;0;0;0;0;0;0;0;0;0;0;0;2044;0;0;9;0;7;0;
458;977173;549236736;10559488;532373504;0;0;0;0;0;0;0;0;0;0;0;2034;0;0;9;0;7;0;
459;1014372;549236736;10559488;532373504;0;0;0;0;0;0;0;0;0;0;0;2114;0;0;9;0;7;0;
460;2860214;553218048;10559488;532373504;0;0;0;0;0;0;0;0;0;0;0;2755;0;0;10;0;7;0;
461;1701752;553218048;10559488;532373504;0;0;0;0;0;0;0;0;0;0;0;2134;0;0;10;0;7;0;
462;1009112;553218048;10559488;532373504;0;0;0;0;0;0;0;0;0;0;0;2144;0;0;10;0;7;0;
463;970130;553218048;10559488;532373504;0;0;0;0;0;0;0;0;0;0;0;1754;0;0;10;0;7;0;
464;973125;553218048;10559488;532373504;0;0;0;0;0;0;0;0;0;0;0;1753;0;0;10;0;7;0;
465;970951;553218048;10559488;532373504;0;0;0;0;0;0;0;0;0;0;0;2214;0;0;10;0;7;0;
466;1067332;553218048;10559488;532373504;0;0;0;0;0;0;0;0;0;0;0;1733;0;0;10;0;7;0;
467;926978;553218048;10559488;532373504;0;0;0;0;0;0;0;0;0;0;0;1724;0;0;10;0;7;0;
468;979286;553218048;10559488;532373504;0;0;0;0;0;0;0;0;0;0;0;2013;0;0;10;0;7;0;
469;912922;553218048;10559488;532373504;0;0;0;0;0;0;0;0;0;0;0;1764;0;0;10;0;7;0;
470;988043;553218048;10559488;532373504;0;0;0;0;0;0;0;0;0;0;0;2124;0;0;10;0;7;0;
471;857588;553218048;10559488;532373504;0;0;0;0;0;0;0;0;0;0;0;1884;0;0;10;0;7;0;
472;915216;553218048;10559488;532373504;0;0;0;0;0;0;0;0;0;0;0;1763;0;0;10;0;7;0;
473;911229;553218048;10559488;532373504;0;0;0;0;0;0;0;0;0;0;0;1724;0;0;10;0;7;0;
474;897473;553218048;10559488;532373504;0;0;0;0;0;0;0;0;0;0;0;1753;0;0;10;0;7;0;
475;918903;553218048;10559488;532373504;0;0;0;0;0;0;0;0;0;0;0;2044;0;0;10;0;7;0;
476;977223;553218048;10559488;532373504;0;0;0;0;0;0;0;0;0;0;0;2084;0;0;10;0;7;0;
477;929874;553218048;10559488;532373504;0;0;0;0;0;0;0;0;0;0;0;2004;0;0;10;0;7;0;
478;904607;553218048;10559488;532373504;0;0;0;0;0;0;0;0;0;0;0;1743;0;0;10;0;7;0;
479;941475;553218048;10559488;532373504;0;0;0;0;0;0;0;0;0;0;0;1693;0;0;10;0;7;0;
480;967986;553218048;10559488;532373504;0;0;0;0;0;0;0;0;0;0;0;1673;0;0;10;0;7;0;
481;2776367;553218048;10559488;532373504;0;0;0;0;0;0;0;0;0;0;0;1703;0;0;10;0;7;0;
482;1841383;553218048;10559488;532373504;0;0;0;0;0;0;0;0;0;0;0;1764;0;0;10;0;7;0;
483;1100374;553218048;10559488;532373504;0;0;0;0;0;0;0;0;0;0;0;1763;0;0;10;0;7;0;
484;966262;553218048;10559488;532373504;0;0;0;0;0;0;0;0;0;0;0;1753;0;0;10;0;7;0;
485;1081568;553218048;10559488;532373504;0;0;0;0;0;0;0;0;0;0;0;2054;0;0;10;0;7;0;
486;914405;553218048;10559488;532373504;0;0;0;0;0;0;0;0;0;0;0;1954;0;0;10;0;7;0;
487;884769;553218048;10559488;532373504;0;0;0;0;0;0;0;0;0;0;0;2314;0;0;10;0;7;0;
488;957415;553218048;10559488;532373504;0;0;0;0;0;0;0;0;0;0;0;2214;0;0;10;0;7;0;
489;952636;553218048;10559488;532373504;0;0;0;0;0;0;0;0;0;0;0;2264;0;0;10;0;7;0;
490;972163;553218048;10559488;532373504;0;0;0;0;0;0;0;0;0;0;0;1964;0;0;10;0;7;0;
491;1252609;553218048;10559488;532373504;0;0;0;0;0;0;0;0;0;0;0;2144;0;0;10;0;7;0;
492;974528;553218048;10559488;532373504;0;0;0;0;0;0;0;0;0;0;0;2044;0;0;10;0;7;0;
493;998482;553218048;10559488;532373504;0;0;0;0;0;0;0;0;0;0;0;2264;0;0;10;0;7;0;
494;1452674;553218048;10559488;532373504;0;0;0;0;0;0;0;0;0;0;0;1764;0;0;10;0;7;0;
495;1379027;553480192;10559488;532373504;0;0;0;0;0;0;0;0;0;0;0;1763;0;0;10;0;7;0;
496;1011597;553480192;10559488;532373504;0;0;0;0;0;0;0;0;0;0;0;2104;0;0;10;0;7;0;
497;974728;553480192;10559488;532373504;0;0;0;0;0;0;0;0;0;0;0;2344;0;0;10;0;7;0;
498;1008341;553480192;10559488;532373504;0;0;0;0;0;0;0;0;0;0;0;2264;0;0;10;0;7;0;
499;952155;553480192;10559488;532373504;0;0;0;0;0;0;0;0;0;0;0;2224;0;0;10;0;7;0;
500;988313;553480192;10559488;532373504;0;0;0;0;0;0;0;0;0;0;0;2184;0;0;10;0;7;0;
501;968065;553480192;10559488;532373504;0;0;0;0;0;0;0;0;0;0;0;2234;0;0;10;0;7;0;
502;1603507;553480192;10559488;532373504;0;0;0;0;0;0;0;0;0;0;0;2104;0;0;10;0;7;0;
503;1066159;553480192;10559488;532373504;0;0;0;0;0;0;0;0;0;0;0;2475;0;0;10;0;7;0;
504;992451;553480192;10559488;532373504;0;0;0;0;0;0;0;0;0;0;0;2215;0;0;10;0;7;0;
505;970310;553480192;10559488;532373504;0;0;0;0;0;0;0;0;0;0;0;2254;0;0;10;0;7;0;
506;977944;553480192;10559488;532373504;0;0;0;0;0;0;0;0;0;0;0;2265;0;0;10;0;7;0;
507;969689;553480192;10559488;532373504;0;0;0;0;0;0;0;0;0;0;0;2565;0;0;10;0;7;0;
508;939913;553480192;10559488;532373504;0;0;0;0;0;0;0;0;0;0;0;2104;0;0;10;0;7;0;
509;962195;553480192;10559488;532373504;0;0;0;0;0;0;0;0;0;0;0;2474;0;0;10;0;7;0;
510;1669281;553480192;10559488;532373504;0;0;0;0;0;0;0;0;0;0;0;2094;0;0;10;0;7;0;
511;1203978;553480192;10559488;532373504;0;0;0;0;0;0;0;0;0;0;0;2214;0;0;10;0;7;0;
512;994735;553480192;10559488;532373504;0;0;0;0;0;0;0;0;0;0;0;2074;0;0;10;0;7;0;
513;971021;553480192;10559488;532373504;0;0;0;0;0;0;0;0;0;0;0;3246;0;0;10;0;7;0;
514;994325;553480192;10559488;532373504;0;0;0;0;0;0;0;0;0;0;0;2725;0;0;10;0;7;0;
515;943380;553480192;10559488;532373504;0;0;0;0;0;0;0;0;0;0;0;2154;0;0;10;0;7;0;
516;970801;553480192;10559488;532373504;0;0;0;0;0;0;0;0;0;0;0;2254;0;0;10;0;7;0;
517;1062051;553480192;10559488;532373504;0;0;0;0;0;0;0;0;0;0;0;2345;0;0;10;0;7;0;
518;1022979;553480192;10559488;532373504;0;0;0;0;0;0;0;0;0;0;0;1773;0;0;10;0;7;0;
519;1001037;553480192;10559488;532373504;0;0;0;0;0;0;0;0;0;0;0;2064;0;0;10;0;7;0;
520;1201223;553480192;10559488;532373504;0;0;0;0;0;0;0;0;0;0;0;3807;0;0;10;0;8;0;
521;1060349;553750528;10559488;532373504;0;0;0;0;0;0;0;0;0;0;0;2535;0;0;10;0;8;0;
522;2401334;553811968;10502144;532316160;0;0;0;0;0;0;0;0;0;0;0;2194;0;0;10;0;8;0;
523;1658901;558006272;10502144;549093376;0;0;0;0;0;0;0;0;0;0;0;2054;0;0;10;0;8;0;
524;985959;558006272;10502144;549093376;0;0;0;0;0;0;0;0;0;0;0;2315;0;0;10;0;8;0;
525;954611;558006272;10502144;549093376;0;0;0;0;0;0;0;0;0;0;0;2164;0;0;10;0;8;0;
526;1013571;558006272;10502144;549093376;0;0;0;0;0;0;0;0;0;0;0;2194;0;0;10;0;8;0;
527;977803;558006272;10502144;549093376;0;0;0;0;0;0;0;0;0;0;0;2214;0;0;10;0;8;0;
528;978736;558006272;10502144;549093376;0;0;0;0;0;0;0;0;0;0;0;2184;0;0;10;0;8;0;
529;963016;558006272;10502144;549093376;0;0;0;0;0;0;0;0;0;0;0;2214;0;0;10;0;8;0;
530;1024431;558006272;10502144;549093376;0;0;0;0;0;0;0;0;0;0;0;3246;0;0;10;0;8;0;
531;1079524;558006272;10502144;549093376;0;0;0;0;0;0;0;0;0;0;0;2184;0;0;10;0;8;0;
532;1077651;558006272;10502144;549093376;0;0;0;0;0;0;0;0;0;0;0;2705;0;0;10;0;8;0;
533;946044;558006272;10502144;549093376;0;0;0;0;0;0;0;0;0;0;0;2244;0;0;10;0;8;0;
534;2706776;561971200;10502144;549093376;0;0;0;0;0;0;0;0;0;0;0;2274;0;0;11;0;8;0;
535;1024942;561971200;10502144;549093376;0;0;0;0;0;0;0;0;0;0;0;2455;0;0;11;0;8;0;
536;1009243;561971200;10502144;549093376;0;0;0;0;0;0;0;0;0;0;0;2194;0;0;11;0;8;0;
537;1003432;561971200;10502144;549093376;0;0;0;0;0;0;0;0;0;0;0;2034;0;0;11;0;8;0;
538;1033458;561971200;10502144;549093376;0;0;0;0;0;0;0;0;0;0;0;2194;0;0;11;0;8;0;
539;1796248;561971200;10502144;549093376;0;0;0;0;0;0;0;0;0;0;0;2124;0;0;11;0;8;0;
540;1012318;561971200;10502144;549093376;0;0;0;0;0;0;0;0;0;0;0;2224;0;0;11;0;8;0;
541;8035189;562184192;10338304;548929536;0;0;0;0;0;0;0;0;0;0;0;2154;0;0;11;0;8;0;
542;4395824;566235136;10338304;548929536;0;0;0;0;0;0;0;0;0;0;0;3106;0;0;12;0;8;0;
543;1315708;566235136;10338304;548929536;0;0;0;0;0;0;0;0;0;0;0;2354;0;0;12;0;8;0;
544;1031444;566235136;10338304;548929536;0;0;0;0;0;0;0;0;0;0;0;2274;0;0;12;0;8;0;
545;1028419;566235136;10338304;548929536;0;0;0;0;0;0;0;0;0;0;0;2245;0;0;12;0;8;0;
546;1012999;566235136;10338304;548929536;0;0;0;0;0;0;0;0;0;0;0;2685;0;0;12;0;8;0;
547;1048707;566235136;10338304;548929536;0;0;0;0;0;0;0;0;0;0;0;2254;0;0;12;0;8;0;
548;1352807;566235136;10338304;548929536;0;0;0;0;0;0;0;0;0;0;0;2114;0;0;12;0;8;0;
549;1153624;566235136;10338304;548929536;0;0;0;0;0;0;0;0;0;0;0;2144;0;0;12;0;8;0;
550;991570;566235136;10338304;548929536;0;0;0;0;0;0;0;0;0;0;0;2325;0;0;12;0;8;0;
551;1020794;566235136;10338304;548929536;0;0;0;0;0;0;0;0;0;0;0;2194;0;0;12;0;8;0;
552;1084284;566235136;10338304;548929536;0;0;0;0;0;0;0;0;0;0;0;1934;0;0;12;0;8;0;
553;929583;566235136;10338304;548929536;0;0;0;0;0;0;0;0;0;0;0;2294;0;0;12;0;8;0;
554;2639580;568389632;10338304;548929536;0;0;0;0;0;0;0;0;0;0;0;2465;0;0;13;0;8;0;
555;1040021;568389632;10338304;548929536;0;0;0;0;0;0;0;0;0;0;0;2395;0;0;13;0;8;0;
556;1673248;568389632;10338304;548929536;0;0;0;0;0;0;0;0;0;0;0;3336;0;0;13;0;8;0;
557;1764930;572583936;10338304;565706752;0;0;0;0;0;0;0;0;0;0;0;2164;0;0;13;0;8;0;
558;1023820;572841984;10338304;565706752;0;0;0;0;0;0;0;0;0;0;0;2254;0;0;13;0;8;0;
559;1885957;572841984;10338304;565706752;0;0;0;0;0;0;0;0;0;0;0;2275;0;0;13;0;8;0;
560;1044008;572841984;10338304;565706752;0;0;0;0;0;0;0;0;0;0;0;2685;0;0;13;0;8;0;
561;1016707;572841984;10338304;565706752;0;0;0;0;0;0;0;0;0;0;0;2174;0;0;13;0;8;0;
562;1043627;572841984;10338304;565706752;0;0;0;0;0;0;0;0;0;0;0;2274;0;0;13;0;8;0;
563;1030102;572841984;10338304;565706752;0;0;0;0;0;0;0;0;0;0;0;2405;0;0;13;0;8;0;
564;1046112;572841984;10338304;565706752;0;0;0;0;0;0;0;0;0;0;0;2695;0;0;13;0;8;0;
565;1148504;572841984;10338304;565706752;0;0;0;0;0;0;0;0;0;0;0;2094;0;0;13;0;8;0;
566;3132184;577089536;10338304;565706752;0;0;0;0;0;0;0;0;0;0;0;2104;0;0;14;0;8;0;
567;1075226;577089536;10338304;565706752;0;0;0;0;0;0;0;0;0;0;0;2114;0;0;14;0;8;0;
568;1049798;577089536;10338304;565706752;0;0;0;0;0;0;0;0;0;0;0;2355;0;0;14;0;8;0;
569;1018350;577089536;10338304;565706752;0;0;0;0;0;0;0;0;0;0;0;2395;0;0;14;0;8;0;
570;2183525;577089536;10338304;565706752;0;0;0;0;0;0;0;0;0;0;0;2215;0;0;14;0;8;0;
571;1163603;577089536;10338304;565706752;0;0;0;0;0;0;0;0;0;0;0;2254;0;0;14;0;8;0;
572;1045821;577089536;10338304;565706752;0;0;0;0;0;0;0;0;0;0;0;2284;0;0;14;0;8;0;
573;1015434;577089536;10338304;565706752;0;0;0;0;0;0;0;0;0;0;0;2405;0;0;14;0;8;0;
574;1045421;577089536;10338304;565706752;0;0;0;0;0;0;0;0;0;0;0;2284;0;0;14;0;8;0;
575;1007279;577089536;10338304;565706752;0;0;0;0;0;0;0;0;0;0;0;2354;0;0;14;0;8;0;
576;1055469;577089536;10338304;565706752;0;0;0;0;0;0;0;0;0;0;0;2334;0;0;14;0;8;0;
577;2215064;577175552;10268672;565637120;0;0;0;0;0;0;0;0;0;0;0;2144;0;0;14;0;8;0;
578;1262548;577175552;10268672;565637120;0;0;0;0;0;0;0;0;0;0;0;3897;0;0;14;0;9;0;
579;1032897;577175552;10268672;565637120;0;0;0;0;0;0;0;0;0;0;0;2415;0;0;14;0;9;0;
580;1011768;577175552;10268672;565637120;0;0;0;0;0;0;0;0;0;0;0;2395;0;0;14;0;9;0;
581;997621;577175552;10268672;565637120;0;0;0;0;0;0;0;0;0;0;0;2284;0;0;14;0;9;0;
582;2962727;577175552;10268672;565637120;0;0;0;0;0;0;0;0;0;0;0;6562;0;0;14;0;9;0;
583;2178446;577175552;10268672;565637120;0;0;0;0;0;0;0;0;0;0;0;4207;0;0;14;0;9;0;
584;1396179;577175552;10268672;565637120;0;0;0;0;0;0;0;0;0;0;0;3697;0;0;14;0;9;0;
585;1393202;577175552;10268672;565637120;0;0;0;0;0;0;0;0;0;0;0;3046;0;0;14;0;9;0;
586;1424231;577175552;10268672;565637120;0;0;0;0;0;0;0;0;0;0;0;2866;0;0;14;0;9;0;
587;1393714;577175552;10268672;565637120;0;0;0;0;0;0;0;0;0;0;0;3296;0;0;14;0;9;0;
588;1520953;577175552;10268672;565637120;0;0;0;0;0;0;0;0;0;0;0;2926;0;0;14;0;9;0;
589;4379123;583467008;10268672;582414336;0;0;0;0;0;0;0;0;0;0;0;4127;0;0;15;0;9;0;
590;1821125;583467008;10268672;582414336;0;0;0;0;0;0;0;0;0;0;0;3075;0;0;15;0;9;0;
591;1483402;583467008;10268672;582414336;0;0;0;0;0;0;0;0;0;0;0;3025;0;0;15;0;9;0;
592;1434180;583467008;10268672;582414336;0;0;0;0;0;0;0;0;0;0;0;3006;0;0;15;0;9;0;
593;1410715;583467008;10268672;582414336;0;0;0;0;0;0;0;0;0;0;0;3026;0;0;15;0;9;0;
594;2618812;583716864;10240000;582385664;0;0;0;0;0;0;0;0;0;0;0;3206;0;0;15;0;9;0;
595;1490856;583716864;10240000;582385664;0;0;0;0;0;0;0;0;0;0;0;3366;0;0;15;0;9;0;
596;1563192;583716864;10240000;582385664;0;0;0;0;0;0;0;0;0;0;0;3036;0;0;15;0;9;0;
597;3459408;587694080;10240000;582385664;0;0;0;0;0;0;0;0;0;0;0;2735;0;0;16;0;9;0;
598;1277686;587694080;10240000;582385664;0;0;0;0;0;0;0;0;0;0;0;2604;0;0;16;0;9;0;
599;1193609;587694080;10240000;582385664;0;0;0;0;0;0;0;0;0;0;0;2645;0;0;16;0;9;0;
600;1152051;587694080;10240000;582385664;0;0;0;0;0;0;0;0;0;0;0;2545;0;0;16;0;9;0;
601;1842245;587694080;10240000;582385664;0;0;0;0;0;0;0;0;0;0;0;2564;0;0;16;0;9;0;
602;1340473;587694080;10240000;582385664;0;0;0;0;0;0;0;0;0;0;0;2585;0;0;16;0;9;0;
603;1186125;587694080;10240000;582385664;0;0;0;0;0;0;0;0;0;0;0;2485;0;0;16;0;9;0;
604;1208507;587694080;10240000;582385664;0;0;0;0;0;0;0;0;0;0;0;2505;0;0;16;0;9;0;
605;1176737;587694080;10240000;582385664;0;0;0;0;0;0;0;0;0;0;0;3176;0;0;16;0;9;0;
606;1151319;587694080;10240000;582385664;0;0;0;0;0;0;0;0;0;0;0;2525;0;0;16;0;9;0;
607;1219847;587694080;10240000;582385664;0;0;0;0;0;0;0;0;0;0;0;2895;0;0;16;0;9;0;
608;2916830;593985536;10240000;599162880;0;0;0;0;0;0;0;0;0;0;0;3036;0;0;17;0;9;0;
609;1247991;593985536;10240000;599162880;0;0;0;0;0;0;0;0;0;0;0;2555;0;0;17;0;9;0;
610;1215459;594235392;10240000;599162880;0;0;0;0;0;0;0;0;0;0;0;2555;0;0;17;0;9;0;
611;2061596;594235392;10240000;599162880;0;0;0;0;0;0;0;0;0;0;0;3146;0;0;17;0;9;0;
612;1188118;594235392;10240000;599162880;0;0;0;0;0;0;0;0;0;0;0;2544;0;0;17;0;9;0;
613;1213055;594235392;10240000;599162880;0;0;0;0;0;0;0;0;0;0;0;2826;0;0;17;0;9;0;
614;1149275;594235392;10240000;599162880;0;0;0;0;0;0;0;0;0;0;0;2525;0;0;17;0;9;0;
615;1181907;594235392;10240000;599162880;0;0;0;0;0;0;0;0;0;0;0;2464;0;0;17;0;9;0;
616;1155637;594235392;10240000;599162880;0;0;0;0;0;0;0;0;0;0;0;3006;0;0;17;0;9;0;
617;1153042;594235392;10240000;599162880;0;0;0;0;0;0;0;0;0;0;0;2524;0;0;17;0;9;0;
618;1129498;594235392;10240000;599162880;0;0;0;0;0;0;0;0;0;0;0;2465;0;0;17;0;9;0;
619;1269571;594235392;10240000;599162880;0;0;0;0;0;0;0;0;0;0;0;2425;0;0;17;0;9;0;
620;3812580;598286336;10240000;599162880;0;0;0;0;0;0;0;0;0;0;0;2895;0;0;18;0;9;0;
621;1693987;598286336;10240000;599162880;0;0;0;0;0;0;0;0;0;0;0;2465;0;0;18;0;9;0;
622;1426205;598552576;10240000;599162880;0;0;0;0;0;0;0;0;0;0;0;2544;0;0;18;0;9;0;
623;1145368;598552576;10240000;599162880;0;0;0;0;0;0;0;0;0;0;0;2525;0;0;18;0;9;0;
624;1160446;598552576;10240000;599162880;0;0;0;0;0;0;0;0;0;0;0;2806;0;0;18;0;9;0;
625;1176467;598552576;10240000;599162880;0;0;0;0;0;0;0;0;0;0;0;2575;0;0;18;0;9;0;
626;1350603;598552576;10240000;599162880;0;0;0;0;0;0;0;0;0;0;0;2765;0;0;18;0;9;0;
627;1173140;598552576;10240000;599162880;0;0;0;0;0;0;0;0;0;0;0;2525;0;0;18;0;9;0;
628;2077837;598634496;10162176;599085056;0;0;0;0;0;0;0;0;0;0;0;2815;0;0;18;0;9;0;
629;1279690;598634496;10162176;599085056;0;0;0;0;0;0;0;0;0;0;0;2194;0;0;18;0;9;0;
630;3002230;602611712;10162176;599085056;0;0;0;0;0;0;0;0;0;0;0;3267;0;0;19;0;9;0;
631;1165586;602611712;10162176;599085056;0;0;0;0;0;0;0;0;0;0;0;3026;0;0;19;0;9;0;
632;2099036;602611712;10162176;599085056;0;0;0;0;0;0;0;0;0;0;0;2605;0;0;19;0;9;0;
633;1334934;602611712;10162176;599085056;0;0;0;0;0;0;0;0;0;0;0;2535;0;0;19;0;9;0;
634;1176156;602611712;10162176;599085056;0;0;0;0;0;0;0;0;0;0;0;2584;0;0;19;0;9;0;
635;1144777;602611712;10162176;599085056;0;0;0;0;0;0;0;0;0;0;0;2515;0;0;19;0;9;0;
636;1181887;602611712;10162176;599085056;0;0;0;0;0;0;0;0;0;0;0;2815;0;0;19;0;9;0;
637;1231449;602611712;10162176;599085056;0;0;0;0;0;0;0;0;0;0;0;2535;0;0;19;0;9;0;
638;1157521;602611712;10162176;599085056;0;0;0;0;0;0;0;0;0;0;0;2494;0;0;19;0;9;0;
639;1158292;602611712;10162176;599085056;0;0;0;0;0;0;0;0;0;0;0;2465;0;0;19;0;9;0;
640;1262217;602882048;10162176;599085056;0;0;0;0;0;0;0;0;0;0;0;2514;0;0;19;0;9;0;
641;1344441;602882048;10162176;599085056;0;0;0;0;0;0;0;0;0;0;0;2665;0;0;19;0;9;0;
642;1228895;602882048;10162176;599085056;0;0;0;0;0;0;0;0;0;0;0;3146;0;0;19;0;9;0;
643;1177588;602882048;10162176;599085056;0;0;0;0;0;0;0;0;0;0;0;2515;0;0;19;0;9;0;
644;2072637;603148288;10158080;599080960;0;0;0;0;0;0;0;0;0;0;0;2264;0;0;19;0;9;0;
645;1845742;603148288;10158080;599080960;0;0;0;0;0;0;0;0;0;0;0;3316;0;0;19;0;9;0;
646;2459863;607342592;10158080;615858176;0;0;0;0;0;0;0;0;0;0;0;2495;0;0;19;0;9;0;
647;1177728;607342592;10158080;615858176;0;0;0;0;0;0;0;0;0;0;0;2865;0;0;19;0;9;0;
648;1195212;607342592;10158080;615858176;0;0;0;0;0;0;0;0;0;0;0;2736;0;0;19;0;9;0;
649;1166006;607342592;10158080;615858176;0;0;0;0;0;0;0;0;0;0;0;2965;0;0;19;0;9;0;
650;1195241;607342592;10158080;615858176;0;0;0;0;0;0;0;0;0;0;0;2685;0;0;19;0;9;0;
651;1186535;607342592;10158080;615858176;0;0;0;0;0;0;0;0;0;0;0;2785;0;0;19;0;9;0;
652;3578170;611311616;10158080;615858176;0;0;0;0;0;0;0;0;0;0;0;2705;0;0;20;0;9;0;
653;1254914;611311616;10158080;615858176;0;0;0;0;0;0;0;0;0;0;0;2154;0;0;20;0;9;0;
654;2084469;611311616;10158080;615858176;0;0;0;0;0;0;0;0;0;0;0;2144;0;0;20;0;9;0;
655;1489042;611569664;10158080;615858176;0;0;0;0;0;0;0;0;0;0;0;2184;0;0;20;0;9;0;
656;1176467;611569664;10158080;615858176;0;0;0;0;0;0;0;0;0;0;0;2174;0;0;20;0;9;0;
657;1139567;611569664;10158080;615858176;0;0;0;0;0;0;0;0;0;0;0;2164;0;0;20;0;9;0;
658;1177388;611569664;10158080;615858176;0;0;0;0;0;0;0;0;0;0;0;2214;0;0;20;0;9;0;
659;1214708;611569664;10158080;615858176;0;0;0;0;0;0;0;0;0;0;0;2224;0;0;20;0;9;0;
660;2183325;611659776;13889536;619589632;0;0;0;0;0;0;0;0;0;0;0;2144;0;0;20;0;9;0;
661;1234394;611659776;13889536;619589632;0;0;0;0;0;0;0;0;0;0;0;2204;0;0;20;0;9;0;
662;2827823;617951232;13889536;636366848;0;0;0;0;0;0;0;0;0;0;0;3015;0;0;21;0;9;0;
663;1242390;617951232;13889536;636366848;0;0;0;0;0;0;0;0;0;0;0;2164;0;0;21;0;9;0;
664;1178891;617951232;13889536;636366848;0;0;0;0;0;0;0;0;0;0;0;2175;0;0;21;0;9;0;
665;1189782;617951232;13889536;636366848;0;0;0;0;0;0;0;0;0;0;0;2204;0;0;21;0;9;0;
666;1138174;617951232;13889536;636366848;0;0;0;0;0;0;0;0;0;0;0;2124;0;0;21;0;9;0;
667;1167108;617951232;13889536;636366848;0;0;0;0;0;0;0;0;0;0;0;2595;0;0;21;0;9;0;
668;1132413;617951232;13889536;636366848;0;0;0;0;0;0;0;0;0;0;0;2144;0;0;21;0;9;0;
669;2616326;617951232;13889536;636366848;0;0;0;0;0;0;0;0;0;0;0;2544;0;0;21;0;9;0;
670;1324093;617951232;13889536;636366848;0;0;0;0;0;0;0;0;0;0;0;2174;0;0;21;0;9;0;
671;1152211;617951232;13889536;636366848;0;0;0;0;0;0;0;0;0;0;0;2224;0;0;21;0;9;0;
672;1225538;617951232;13889536;636366848;0;0;0;0;0;0;0;0;0;0;0;2625;0;0;21;0;9;0;
673;3790058;622178304;13889536;636366848;0;0;0;0;0;0;0;0;0;0;0;3817;0;0;22;0;9;0;
674;2144011;622178304;13889536;636366848;0;0;0;0;0;0;0;0;0;0;0;2244;0;0;22;0;9;0;
675;1460689;622448640;13889536;636366848;0;0;0;0;0;0;0;0;0;0;0;2164;0;0;22;0;9;0;
676;1994982;622448640;13889536;636366848;0;0;0;0;0;0;0;0;0;0;0;2635;0;0;22;0;9;0;
677;1218465;622448640;13889536;636366848;0;0;0;0;0;0;0;0;0;0;0;2174;0;0;22;0;9;0;
678;1265093;622448640;13889536;636366848;0;0;0;0;0;0;0;0;0;0;0;2695;0;0;22;0;9;0;
679;1179713;622448640;13889536;636366848;0;0;0;0;0;0;0;0;0;0;0;2104;0;0;22;0;9;0;
680;1200240;622448640;13889536;636366848;0;0;0;0;0;0;0;0;0;0;0;2184;0;0;22;0;9;0;
681;1124128;622448640;13889536;636366848;0;0;0;0;0;0;0;0;0;0;0;2124;0;0;22;0;9;0;
682;1156329;622448640;13889536;636366848;0;0;0;0;0;0;0;0;0;0;0;2214;0;0;22;0;9;0;
683;2745789;628994048;13889536;653144064;0;0;0;0;0;0;0;0;0;0;0;3387;0;0;23;0;9;0;
684;1334573;628994048;13889536;653144064;0;0;0;0;0;0;0;0;0;0;0;2154;0;0;23;0;9;0;
685;1143454;628994048;13889536;653144064;0;0;0;0;0;0;0;0;0;0;0;2715;0;0;23;0;9;0;
686;1826225;628994048;13889536;653144064;0;0;0;0;0;0;0;0;0;0;0;2093;0;0;23;0;9;0;
687;1305117;628994048;13889536;653144064;0;0;0;0;0;0;0;0;0;0;0;2073;0;0;23;0;9;0;
688;1218235;628994048;13889536;653144064;0;0;0;0;0;0;0;0;0;0;0;2194;0;0;23;0;9;0;
689;1870277;628994048;13889536;653144064;0;0;0;0;0;0;0;0;0;0;0;2124;0;0;23;0;9;0;
690;1171817;628994048;13889536;653144064;0;0;0;0;0;0;0;0;0;0;0;2525;0;0;23;0;9;0;
691;2101661;628994048;13889536;653144064;0;0;0;0;0;0;0;0;0;0;0;2204;0;0;23;0;9;0;
692;1211812;628994048;13889536;653144064;0;0;0;0;0;0;0;0;0;0;0;2244;0;0;23;0;9;0;
693;1223926;628994048;13889536;653144064;0;0;0;0;0;0;0;0;0;0;0;2405;0;0;23;0;9;0;
694;3322180;633237504;13889536;653144064;0;0;0;0;0;0;0;0;0;0;0;3797;0;0;24;0;10;0;
695;1641549;633237504;13889536;653144064;0;0;0;0;0;0;0;0;0;0;0;2195;0;0;24;0;10;0;
696;1382202;633237504;13889536;653144064;0;0;0;0;0;0;0;0;0;0;0;2585;0;0;24;0;10;0;
697;1193698;633237504;13889536;653144064;0;0;0;0;0;0;0;0;0;0;0;2164;0;0;24;0;10;0;
698;1300499;633237504;13889536;653144064;0;0;0;0;0;0;0;0;0;0;0;2083;0;0;24;0;10;0;
699;1173080;633237504;13889536;653144064;0;0;0;0;0;0;0;0;0;0;0;2204;0;0;24;0;10;0;
700;1171377;633237504;13889536;653144064;0;0;0;0;0;0;0;0;0;0;0;2154;0;0;24;0;10;0;
701;1202165;633237504;13889536;653144064;0;0;0;0;0;0;0;0;0;0;0;2134;0;0;24;0;10;0;
702;1168190;633237504;13889536;653144064;0;0;0;0;0;0;0;0;0;0;0;2174;0;0;24;0;10;0;
703;1169994;633237504;13889536;653144064;0;0;0;0;0;0;0;0;0;0;0;2575;0;0;24;0;10;0;
704;1210200;633237504;13889536;653144064;0;0;0;0;0;0;0;0;0;0;0;2815;0;0;24;0;10;0;
705;3259774;637485056;13889536;653144064;0;0;0;0;0;0;0;0;0;0;0;3076;0;0;25;0;10;0;
706;2086443;637485056;13889536;653144064;0;0;0;0;0;0;0;0;0;0;0;2144;0;0;25;0;10;0;
707;2168136;637485056;13889536;653144064;0;0;0;0;0;0;0;0;0;0;0;2205;0;0;25;0;10;0;
708;1388934;637485056;13889536;653144064;0;0;0;0;0;0;0;0;0;0;0;2265;0;0;25;0;10;0;
709;1241418;637485056;13889536;653144064;0;0;0;0;0;0;0;0;0;0;0;11131;0;0;25;0;10;0;
710;1203678;637485056;13889536;653144064;0;0;0;0;0;0;0;0;0;0;0;2194;0;0;25;0;10;0;
711;1193228;637485056;13889536;653144064;0;0;0;0;0;0;0;0;0;0;0;2745;0;0;25;0;10;0;
712;1173681;637485056;13889536;653144064;0;0;0;0;0;0;0;0;0;0;0;2094;0;0;25;0;10;0;
713;1249252;637485056;13889536;653144064;0;0;0;0;0;0;0;0;0;0;0;2605;0;0;25;0;10;0;
714;1168050;637485056;13889536;653144064;0;0;0;0;0;0;0;0;0;0;0;2504;0;0;25;0;10;0;
715;2869361;644042752;13889536;669921280;0;0;0;0;0;0;0;0;0;0;0;2775;0;0;26;0;10;0;
716;1657519;644042752;13889536;669921280;0;0;0;0;0;0;0;0;0;0;0;2735;0;0;26;0;10;0;
717;1199830;644042752;13889536;669921280;0;0;0;0;0;0;0;0;0;0;0;2444;0;0;26;0;10;0;
718;1170355;644042752;13889536;669921280;0;0;0;0;0;0;0;0;0;0;0;2504;0;0;26;0;10;0;
719;1157240;644042752;13889536;669921280;0;0;0;0;0;0;0;0;0;0;0;2515;0;0;26;0;10;0;
720;1165155;644042752;13889536;669921280;0;0;0;0;0;0;0;0;0;0;0;3346;0;0;26;0;10;0;
721;2051096;644042752;13889536;669921280;0;0;0;0;0;0;0;0;0;0;0;2104;0;0;26;0;10;0;
722;1235036;644042752;13889536;669921280;0;0;0;0;0;0;0;0;0;0;0;2094;0;0;26;0;10;0;
723;1224757;644042752;13889536;669921280;0;0;0;0;0;0;0;0;0;0;0;2514;0;0;26;0;10;0;
724;1175926;644042752;13889536;669921280;0;0;0;0;0;0;0;0;0;0;0;2384;0;0;26;0;10;0;
725;1201925;644042752;13889536;669921280;0;0;0;0;0;0;0;0;0;0;0;2535;0;0;26;0;10;0;
726;1213986;644042752;13889536;669921280;0;0;0;0;0;0;0;0;0;0;0;3016;0;0;26;0;10;0;
727;4806424;648085504;13889536;669921280;0;0;0;0;0;0;0;0;0;0;0;3636;0;0;27;0;10;0;
728;1254914;648085504;13889536;669921280;0;0;0;0;0;0;0;0;0;0;0;3186;0;0;27;0;10;0;
729;1819672;648085504;13889536;669921280;0;0;0;0;0;0;0;0;0;0;0;2154;0;0;27;0;10;0;
730;1367014;648085504;13889536;669921280;0;0;0;0;0;0;0;0;0;0;0;2134;0;0;27;0;10;0;
731;1172058;648085504;13889536;669921280;0;0;0;0;0;0;0;0;0;0;0;2545;0;0;27;0;10;0;
732;1159074;648085504;13889536;669921280;0;0;0;0;0;0;0;0;0;0;0;3287;0;0;27;0;10;0;
733;1197435;648085504;13889536;669921280;0;0;0;0;0;0;0;0;0;0;0;2164;0;0;27;0;10;0;
734;1216100;648085504;13889536;669921280;0;0;0;0;0;0;0;0;0;0;0;3095;0;0;27;0;10;0;
735;4536027;648355840;13889536;669921280;0;0;0;0;0;0;0;0;0;0;0;2345;0;0;27;0;10;0;
736;5696202;654700544;13889536;669921280;0;0;0;0;0;0;0;0;0;0;0;3487;0;0;28;0;10;0;
737;1429972;654700544;13889536;669921280;0;0;0;0;0;0;0;0;0;0;0;3346;0;0;28;0;10;0;
738;1297283;654700544;13889536;669921280;0;0;0;0;0;0;0;0;0;0;0;2886;0;0;28;0;10;0;
739;1932013;654700544;13889536;669921280;0;0;0;0;0;0;0;0;0;0;0;2655;0;0;28;0;10;0;
740;1292574;654700544;13889536;669921280;0;0;0;0;0;0;0;0;0;0;0;2855;0;0;28;0;10;0;
741;1341055;654700544;13889536;669921280;0;0;0;0;0;0;0;0;0;0;0;3026;0;0;28;0;10;0;
742;1317471;654700544;13889536;669921280;0;0;0;0;0;0;0;0;0;0;0;2585;0;0;28;0;10;0;
743;1478994;654700544;13889536;669921280;0;0;0;0;0;0;0;0;0;0;0;2564;0;0;28;0;10;0;
744;1325917;654700544;13889536;669921280;0;0;0;0;0;0;0;0;0;0;0;2564;0;0;28;0;10;0;
745;1261666;654700544;13889536;669921280;0;0;0;0;0;0;0;0;0;0;0;2865;0;0;28;0;10;0;
746;1284849;654700544;13889536;669921280;0;0;0;0;0;0;0;0;0;0;0;2766;0;0;28;0;10;0;
747;2355147;654700544;13889536;669921280;0;0;0;0;0;0;0;0;0;0;0;2835;0;0;28;0;10;0;
748;1415094;654700544;13889536;669921280;0;0;0;0;0;0;0;0;0;0;0;3096;0;0;28;0;10;0;
749;1223695;654700544;13889536;669921280;0;0;0;0;0;0;0;0;0;0;0;3196;0;0;28;0;10;0;
750;1825553;654700544;13889536;669921280;0;0;0;0;0;0;0;0;0;0;0;2274;0;0;28;0;10;0;
751;1302663;654700544;13889536;669921280;0;0;0;0;0;0;0;0;0;0;0;2805;0;0;28;0;10;0;
752;1375309;654700544;13889536;669921280;0;0;0;0;0;0;0;0;0;0;0;2715;0;0;28;0;10;0;
753;1235437;654700544;13889536;669921280;0;0;0;0;0;0;0;0;0;0;0;2976;0;0;28;0;10;0;
754;3280963;658952192;13889536;669921280;0;0;0;0;0;0;0;0;0;0;0;3356;0;0;29;0;10;0;
755;3145339;658952192;13889536;669921280;0;0;0;0;0;0;0;0;0;0;0;5350;0;0;29;0;10;0;
756;1728792;658952192;13889536;669921280;0;0;0;0;0;0;0;0;0;0;0;2896;0;0;29;0;10;0;
757;1319464;658952192;13889536;669921280;0;0;0;0;0;0;0;0;0;0;0;3166;0;0;29;0;10;0;
758;1257889;658952192;13889536;669921280;0;0;0;0;0;0;0;0;0;0;0;3336;0;0;29;0;10;0;
759;1289308;658952192;13889536;669921280;0;0;0;0;0;0;0;0;0;0;0;2855;0;0;29;0;10;0;
760;1253681;658952192;13889536;669921280;0;0;0;0;0;0;0;0;0;0;0;3527;0;0;29;0;10;0;
761;1240427;658952192;13889536;669921280;0;0;0;0;0;0;0;0;0;0;0;2404;0;0;29;0;10;0;
762;1253381;658952192;13889536;669921280;0;0;0;0;0;0;0;0;0;0;0;3317;0;0;29;0;10;0;
763;2109086;658952192;13889536;669921280;0;0;0;0;0;0;0;0;0;0;0;3456;0;0;29;0;10;0;
764;1596204;658952192;13889536;669921280;0;0;0;0;0;0;0;0;0;0;0;3526;0;0;29;0;10;0;
765;1356524;658952192;13889536;669921280;0;0;0;0;0;0;0;0;0;0;0;2886;0;0;29;0;10;0;
766;1591846;658952192;13889536;669921280;0;0;0;0;0;0;0;0;0;0;0;2976;0;0;29;0;10;0;
767;1236259;658952192;13889536;669921280;0;0;0;0;0;0;0;0;0;0;0;2435;0;0;29;0;10;0;
768;1771493;658952192;13889536;669921280;0;0;0;0;0;0;0;0;0;0;0;2394;0;0;29;0;10;0;
769;1234105;658952192;13889536;669921280;0;0;0;0;0;0;0;0;0;0;0;2434;0;0;29;0;10;0;
770;1268779;658952192;13889536;669921280;0;0;0;0;0;0;0;0;0;0;0;2414;0;0;29;0;10;0;
771;1226049;658952192;13889536;669921280;0;0;0;0;0;0;0;0;0;0;0;2414;0;0;29;0;10;0;
772;1281233;658952192;13889536;669921280;0;0;0;0;0;0;0;0;0;0;0;2464;0;0;29;0;10;0;
773;1240487;658952192;13889536;669921280;0;0;0;0;0;0;0;0;0;0;0;2886;0;0;29;0;10;0;
774;2879460;665243648;13889536;686698496;0;0;0;0;0;0;0;0;0;0;0;3787;0;0;30;0;10;0;
775;1407359;665243648;13889536;686698496;0;0;0;0;0;0;0;0;0;0;0;2925;0;0;30;0;10;0;
776;2116639;665243648;13889536;686698496;0;0;0;0;0;0;0;0;0;0;0;2796;0;0;30;0;10;0;
777;2108684;665243648;13889536;686698496;0;0;0;0;0;0;0;0;0;0;0;2394;0;0;30;0;10;0;
778;1479966;665243648;13889536;686698496;0;0;0;0;0;0;0;0;0;0;0;2966;0;0;30;0;10;0;
779;1279880;665243648;13889536;686698496;0;0;0;0;0;0;0;0;0;0;0;2836;0;0;30;0;10;0;
780;1259111;665243648;13889536;686698496;0;0;0;0;0;0;0;0;0;0;0;2404;0;0;30;0;10;0;
781;1257378;665243648;13889536;686698496;0;0;0;0;0;0;0;0;0;0;0;2926;0;0;30;0;10;0;
782;1632732;665243648;13889536;686698496;0;0;0;0;0;0;0;0;0;0;0;2845;0;0;30;0;10;0;
783;1225879;665243648;13889536;686698496;0;0;0;0;0;0;0;0;0;0;0;2384;0;0;30;0;10;0;
784;3398754;669478912;13889536;686698496;0;0;0;0;0;0;0;0;0;0;0;2905;0;0;31;0;10;0;
785;1537694;669478912;13889536;686698496;0;0;0;0;0;0;0;0;0;0;0;2805;0;0;31;0;10;0;
786;1275953;669478912;13889536;686698496;0;0;0;0;0;0;0;0;0;0;0;3036;0;0;31;0;10;0;
787;1363477;669478912;13889536;686698496;0;0;0;0;0;0;0;0;0;0;0;2815;0;0;31;0;10;0;
788;1343520;669478912;13889536;686698496;0;0;0;0;0;0;0;0;0;0;0;3006;0;0;31;0;10;0;
789;2065884;669478912;13889536;686698496;0;0;0;0;0;0;0;0;0;0;0;2985;0;0;31;0;10;0;
790;1289869;669478912;13889536;686698496;0;0;0;0;0;0;0;0;0;0;0;2985;0;0;31;0;10;0;
791;1270192;669478912;13889536;686698496;0;0;0;0;0;0;0;0;0;0;0;2795;0;0;31;0;10;0;
792;1282976;669478912;13889536;686698496;0;0;0;0;0;0;0;0;0;0;0;2775;0;0;31;0;10;0;
793;1267457;669478912;13889536;686698496;0;0;0;0;0;0;0;0;0;0;0;2845;0;0;31;0;10;0;
794;1275152;669478912;13889536;686698496;0;0;0;0;0;0;0;0;0;0;0;3015;0;0;31;0;10;0;
795;1286212;669478912;13889536;686698496;0;0;0;0;0;0;0;0;0;0;0;2866;0;0;31;0;10;0;
796;1388574;669478912;13889536;686698496;0;0;0;0;0;0;0;0;0;0;0;2905;0;0;31;0;10;0;
797;2143600;669478912;13889536;686698496;0;0;0;0;0;0;0;0;0;0;0;2775;0;0;31;0;10;0;
798;1630998;669478912;13889536;686698496;0;0;0;0;0;0;0;0;0;0;0;2855;0;0;31;0;10;0;
799;1264873;669478912;13889536;686698496;0;0;0;0;0;0;0;0;0;0;0;2805;0;0;31;0;10;0;
800;1320266;669478912;13889536;686698496;0;0;0;0;0;0;0;0;0;0;0;2856;0;0;31;0;10;0;
801;1286823;669478912;13889536;686698496;0;0;0;0;0;0;0;0;0;0;0;2836;0;0;31;0;10;0;
802;1878633;669478912;13889536;686698496;0;0;0;0;0;0;0;0;0;0;0;2885;0;0;31;0;10;0;
803;1286092;669478912;13889536;686698496;0;0;0;0;0;0;0;0;0;0;0;2785;0;0;31;0;10;0;
804;1327219;669478912;13889536;686698496;0;0;0;0;0;0;0;0;0;0;0;2905;0;0;31;0;10;0;
805;3308886;673460224;13889536;686698496;0;0;0;0;0;0;0;0;0;0;0;3717;0;0;32;0;10;0;
806;1395096;673460224;13889536;686698496;0;0;0;0;0;0;0;0;0;0;0;3386;0;0;32;0;10;0;
807;1990513;673460224;13889536;686698496;0;0;0;0;0;0;0;0;0;0;0;2795;0;0;32;0;10;0;
808;1474635;673460224;13889536;686698496;0;0;0;0;0;0;0;0;0;0;0;2966;0;0;32;0;10;0;
809;1283637;673460224;13889536;686698496;0;0;0;0;0;0;0;0;0;0;0;2836;0;0;32;0;10;0;
810;1281974;673460224;13889536;686698496;0;0;0;0;0;0;0;0;0;0;0;2845;0;0;32;0;10;0;
811;1270373;673460224;13889536;686698496;0;0;0;0;0;0;0;0;0;0;0;3006;0;0;32;0;10;0;
812;1277616;673460224;13889536;686698496;0;0;0;0;0;0;0;0;0;0;0;2886;0;0;32;0;10;0;
813;1267196;673460224;13889536;686698496;0;0;0;0;0;0;0;0;0;0;0;2885;0;0;32;0;10;0;
814;1302753;673460224;13889536;686698496;0;0;0;0;0;0;0;0;0;0;0;3196;0;0;32;0;10;0;
815;1999400;673460224;13889536;686698496;0;0;0;0;0;0;0;0;0;0;0;2776;0;0;32;0;10;0;
816;1420284;673460224;13889536;686698496;0;0;0;0;0;0;0;0;0;0;0;3266;0;0;32;0;10;0;
817;1366472;673460224;13889536;686698496;0;0;0;0;0;0;0;0;0;0;0;3437;0;0;32;0;10;0;
818;1266405;673460224;13889536;686698496;0;0;0;0;0;0;0;0;0;0;0;3537;0;0;32;0;10;0;
819;1213276;673460224;13889536;686698496;0;0;0;0;0;0;0;0;0;0;0;2916;0;0;32;0;10;0;
820;2554421;673460224;13889536;686698496;0;0;0;0;0;0;0;0;0;0;0;2846;0;0;32;0;10;0;
821;2157166;677912576;13889536;703475712;0;0;0;0;0;0;0;0;0;0;0;2635;0;0;32;0;10;0;
822;1247700;677912576;13889536;703475712;0;0;0;0;0;0;0;0;0;0;0;2505;0;0;32;0;10;0;
823;1222633;677912576;13889536;703475712;0;0;0;0;0;0;0;0;0;0;0;2404;0;0;32;0;10;0;
824;1286252;677912576;13889536;703475712;0;0;0;0;0;0;0;0;0;0;0;2414;0;0;32;0;10;0;
825;1227933;677912576;13889536;703475712;0;0;0;0;0;0;0;0;0;0;0;2374;0;0;32;0;10;0;
826;3380710;681897984;13889536;703475712;0;0;0;0;0;0;0;0;0;0;0;3156;0;0;33;0;10;0;
827;1407269;681897984;13889536;703475712;0;0;0;0;0;0;0;0;0;0;0;3426;0;0;33;0;10;0;
828;3415706;679510016;10809344;700395520;0;0;0;0;0;0;0;0;0;0;0;3457;0;0;33;0;10;0;
829;1455449;679510016;10809344;700395520;0;0;0;0;0;0;0;0;0;0;0;3356;0;0;33;0;10;0;
830;1284799;679510016;10809344;700395520;0;0;0;0;0;0;0;0;0;0;0;3206;0;0;33;0;10;0;
831;1278547;679510016;10809344;700395520;0;0;0;0;0;0;0;0;0;0;0;3266;0;0;33;0;10;0;
832;1278528;679510016;10809344;700395520;0;0;0;0;0;0;0;0;0;0;0;3096;0;0;33;0;10;0;
833;1268889;679510016;10809344;700395520;0;0;0;0;0;0;0;0;0;0;0;3176;0;0;33;0;10;0;
834;1262357;679510016;10809344;700395520;0;0;0;0;0;0;0;0;0;0;0;3396;0;0;33;0;10;0;
835;3375090;683487232;10809344;700395520;0;0;0;0;0;0;0;0;0;0;0;3186;0;0;34;0;10;0;
836;1363778;683487232;10809344;700395520;0;0;0;0;0;0;0;0;0;0;0;3056;0;0;34;0;10;0;
837;1322299;683487232;10809344;700395520;0;0;0;0;0;0;0;0;0;0;0;2885;0;0;34;0;10;0;
838;1928096;683487232;10809344;700395520;0;0;0;0;0;0;0;0;0;0;0;3006;0;0;34;0;10;0;
839;1457343;683487232;10809344;700395520;0;0;0;0;0;0;0;0;0;0;0;3126;0;0;34;0;10;0;
840;2042771;683487232;10809344;700395520;0;0;0;0;0;0;0;0;0;0;0;3066;0;0;34;0;10;0;
841;1295399;683487232;10809344;700395520;0;0;0;0;0;0;0;0;0;0;0;3136;0;0;34;0;10;0;
842;1256617;683487232;10809344;700395520;0;0;0;0;0;0;0;0;0;0;0;3236;0;0;34;0;10;0;
843;1289880;683487232;10809344;700395520;0;0;0;0;0;0;0;0;0;0;0;2975;0;0;34;0;10;0;
844;1304606;683487232;10809344;700395520;0;0;0;0;0;0;0;0;0;0;0;3045;0;0;34;0;10;0;
845;3077952;689778688;10809344;717172736;0;0;0;0;0;0;0;0;0;0;0;3687;0;0;35;0;10;0;
846;1487760;689778688;10809344;717172736;0;0;0;0;0;0;0;0;0;0;0;2444;0;0;35;0;10;0;
847;1269000;689778688;10809344;717172736;0;0;0;0;0;0;0;0;0;0;0;2404;0;0;35;0;10;0;
848;1338851;689778688;10809344;717172736;0;0;0;0;0;0;0;0;0;0;0;2374;0;0;35;0;10;0;
849;1940429;689778688;10809344;717172736;0;0;0;0;0;0;0;0;0;0;0;2354;0;0;35;0;10;0;
850;1697383;690024448;10809344;717172736;0;0;0;0;0;0;0;0;0;0;0;2324;0;0;35;0;10;0;
851;1232632;690024448;10809344;717172736;0;0;0;0;0;0;0;0;0;0;0;2395;0;0;35;0;10;0;
852;2106892;690024448;10809344;717172736;0;0;0;0;0;0;0;0;0;0;0;2455;0;0;35;0;10;0;
853;1304497;690024448;10809344;717172736;0;0;0;0;0;0;0;0;0;0;0;2425;0;0;35;0;10;0;
854;1284619;690024448;10809344;717172736;0;0;0;0;0;0;0;0;0;0;0;2504;0;0;35;0;10;0;
855;3404434;694276096;10809344;717172736;0;0;0;0;0;0;0;0;0;0;0;2604;0;0;36;0;10;0;
856;2158347;694276096;10809344;717172736;0;0;0;0;0;0;0;0;0;0;0;2475;0;0;36;0;10;0;
857;1435813;694276096;10809344;717172736;0;0;0;0;0;0;0;0;0;0;0;3266;0;0;36;0;10;0;
858;1281092;694276096;10809344;717172736;0;0;0;0;0;0;0;0;0;0;0;2394;0;0;36;0;10;0;
859;1297173;694276096;10809344;717172736;0;0;0;0;0;0;0;0;0;0;0;3316;0;0;36;0;10;0;
860;1264872;694276096;10809344;717172736;0;0;0;0;0;0;0;0;0;0;0;2404;0;0;36;0;10;0;
861;1273818;694276096;10809344;717172736;0;0;0;0;0;0;0;0;0;0;0;3166;0;0;36;0;10;0;
862;1233283;694276096;10809344;717172736;0;0;0;0;0;0;0;0;0;0;0;2435;0;0;36;0;10;0;
863;1316298;694276096;10809344;717172736;0;0;0;0;0;0;0;0;0;0;0;3206;0;0;36;0;10;0;
864;2061977;694276096;10809344;717172736;0;0;0;0;0;0;0;0;0;0;0;2375;0;0;36;0;10;0;
865;2852599;700567552;10809344;733949952;0;0;0;0;0;0;0;0;0;0;0;3557;0;0;37;0;10;0;
866;1425594;700567552;10809344;733949952;0;0;0;0;0;0;0;0;0;0;0;2915;0;0;37;0;10;0;
867;1593378;700567552;10809344;733949952;0;0;0;0;0;0;0;0;0;0;0;3146;0;0;37;0;10;0;
868;1256617;700567552;10809344;733949952;0;0;0;0;0;0;0;0;0;0;0;2414;0;0;37;0;10;0;
869;1260804;700567552;10809344;733949952;0;0;0;0;0;0;0;0;0;0;0;2365;0;0;37;0;10;0;
870;1299808;700567552;10809344;733949952;0;0;0;0;0;0;0;0;0;0;0;2364;0;0;37;0;10;0;
871;1244785;700567552;10809344;733949952;0;0;0;0;0;0;0;0;0;0;0;2384;0;0;37;0;10;0;
872;1258731;700567552;10809344;733949952;0;0;0;0;0;0;0;0;0;0;0;3135;0;0;37;0;10;0;
873;1287315;700567552;10809344;733949952;0;0;0;0;0;0;0;0;0;0;0;2345;0;0;37;0;10;0;
874;1305328;700567552;10809344;733949952;0;0;0;0;0;0;0;0;0;0;0;2355;0;0;37;0;10;0;
875;1325976;700567552;13815808;736956416;0;0;0;0;0;0;0;0;0;0;0;2354;0;0;37;0;10;0;
876;5310609;704868352;13688832;736829440;0;0;0;0;0;0;0;0;0;0;0;3066;0;0;38;0;10;0;
877;1478773;704868352;13688832;736829440;0;0;0;0;0;0;0;0;0;0;0;2435;0;0;38;0;10;0;
878;2004289;704868352;13688832;736829440;0;0;0;0;0;0;0;0;0;0;0;2444;0;0;38;0;10;0;
879;1604970;704868352;13688832;736829440;0;0;0;0;0;0;0;0;0;0;0;3477;0;0;38;0;10;0;
880;1233634;704868352;13688832;736829440;0;0;0;0;0;0;0;0;0;0;0;2475;0;0;38;0;10;0;
881;1250415;704868352;13688832;736829440;0;0;0;0;0;0;0;0;0;0;0;3467;0;0;38;0;10;0;
882;1283627;704868352;13688832;736829440;0;0;0;0;0;0;0;0;0;0;0;2395;0;0;38;0;10;0;
883;1273398;704868352;13688832;736829440;0;0;0;0;0;0;0;0;0;0;0;2455;0;0;38;0;10;0;
884;1326357;704868352;13688832;736829440;0;0;0;0;0;0;0;0;0;0;0;2835;0;0;38;0;10;0;
885;3305409;709111808;13688832;736829440;0;0;0;0;0;0;0;0;0;0;0;2755;0;0;39;0;10;0;
886;1479395;709111808;13688832;736829440;0;0;0;0;0;0;0;0;0;0;0;2905;0;0;39;0;10;0;
887;1285611;709111808;13688832;736829440;0;0;0;0;0;0;0;0;0;0;0;2715;0;0;39;0;10;0;
888;3095284;709111808;13688832;736829440;0;0;0;0;0;0;0;0;0;0;0;2344;0;0;39;0;10;0;
889;1529207;709111808;13688832;736829440;0;0;0;0;0;0;0;0;0;0;0;2886;0;0;39;0;10;0;
890;1302553;709111808;13688832;736829440;0;0;0;0;0;0;0;0;0;0;0;2896;0;0;39;0;10;0;
891;1279870;709111808;13688832;736829440;0;0;0;0;0;0;0;0;0;0;0;3066;0;0;39;0;10;0;
892;1330846;709111808;13688832;736829440;0;0;0;0;0;0;0;0;0;0;0;2946;0;0;39;0;10;0;
893;1286162;709111808;13688832;736829440;0;0;0;0;0;0;0;0;0;0;0;2906;0;0;39;0;10;0;
894;1283236;709111808;13688832;736829440;0;0;0;0;0;0;0;0;0;0;0;2956;0;0;39;0;10;0;
895;1534007;711208960;13688832;738926592;0;0;0;0;0;0;0;0;0;0;0;2875;0;0;39;0;10;0;
896;1424641;711208960;13688832;738926592;0;0;0;0;0;0;0;0;0;0;0;2865;0;0;39;0;10;0;
897;1387182;711208960;13688832;738926592;0;0;0;0;0;0;0;0;0;0;0;2965;0;0;39;0;10;0;
898;1329383;711208960;13688832;738926592;0;0;0;0;0;0;0;0;0;0;0;2805;0;0;39;0;10;0;
899;1417439;711475200;13688832;738926592;0;0;0;0;0;0;0;0;0;0;0;2976;0;0;39;0;10;0;
900;2616847;711475200;13688832;738926592;0;0;0;0;0;0;0;0;0;0;0;3166;0;0;39;0;10;0;
901;2148599;715669504;13688832;755703808;0;0;0;0;0;0;0;0;0;0;0;2936;0;0;39;0;10;0;
902;1271705;715669504;13688832;755703808;0;0;0;0;0;0;0;0;0;0;0;3136;0;0;39;0;10;0;
903;1268570;715669504;13688832;755703808;0;0;0;0;0;0;0;0;0;0;0;2916;0;0;39;0;10;0;
904;1338751;715669504;13688832;755703808;0;0;0;0;0;0;0;0;0;0;0;3116;0;0;39;0;10;0;
905;3524971;719912960;13688832;755703808;0;0;0;0;0;0;0;0;0;0;0;2745;0;0;40;0;10;0;
906;1508439;719912960;13688832;755703808;0;0;0;0;0;0;0;0;0;0;0;2866;0;0;40;0;10;0;
907;1341566;719912960;13688832;755703808;0;0;0;0;0;0;0;0;0;0;0;2965;0;0;40;0;10;0;
908;1305839;719912960;13688832;755703808;0;0;0;0;0;0;0;0;0;0;0;2945;0;0;40;0;10;0;
909;1445030;719912960;13688832;755703808;0;0;0;0;0;0;0;0;0;0;0;2975;0;0;40;0;10;0;
910;1287845;719912960;13688832;755703808;0;0;0;0;0;0;0;0;0;0;0;2825;0;0;40;0;10;0;
911;1325546;719912960;13688832;755703808;0;0;0;0;0;0;0;0;0;0;0;2726;0;0;40;0;10;0;
912;4411273;720175104;13688832;755703808;0;0;0;0;0;0;0;0;0;0;0;2855;0;0;40;0;10;0;
913;6052611;724426752;13688832;755703808;0;0;0;0;0;0;0;0;0;0;0;3687;0;0;41;0;10;0;
914;1537413;724426752;13688832;755703808;0;0;0;0;0;0;0;0;0;0;0;2805;0;0;41;0;10;0;
915;1259041;724426752;13688832;755703808;0;0;0;0;0;0;0;0;0;0;0;2746;0;0;41;0;10;0;
916;2076845;724426752;13688832;755703808;0;0;0;0;0;0;0;0;0;0;0;3496;0;0;41;0;10;0;
917;1477251;724426752;13688832;755703808;0;0;0;0;0;0;0;0;0;0;0;2765;0;0;41;0;10;0;
918;1280461;724426752;13688832;755703808;0;0;0;0;0;0;0;0;0;0;0;2826;0;0;41;0;10;0;
919;1310588;724426752;13688832;755703808;0;0;0;0;0;0;0;0;0;0;0;2945;0;0;41;0;10;0;
920;1318713;724426752;13688832;755703808;0;0;0;0;0;0;0;0;0;0;0;2895;0;0;41;0;10;0;
921;2865914;730718208;13688832;772481024;0;0;0;0;0;0;0;0;0;0;0;3266;0;0;42;0;10;0;
922;1479415;730718208;13688832;772481024;0;0;0;0;0;0;0;0;0;0;0;2925;0;0;42;0;10;0;
923;1294999;730718208;13688832;772481024;0;0;0;0;0;0;0;0;0;0;0;2835;0;0;42;0;10;0;
924;2145864;730718208;13688832;772481024;0;0;0;0;0;0;0;0;0;0;0;2775;0;0;42;0;10;0;
925;1429762;730718208;13688832;772481024;0;0;0;0;0;0;0;0;0;0;0;2775;0;0;42;0;10;0;
926;1957522;730980352;13688832;772481024;0;0;0;0;0;0;0;0;0;0;0;2875;0;0;42;0;10;0;
927;1320917;730980352;13688832;772481024;0;0;0;0;0;0;0;0;0;0;0;2895;0;0;42;0;10;0;
928;1266786;730980352;13688832;772481024;0;0;0;0;0;0;0;0;0;0;0;2805;0;0;42;0;10;0;
929;1365801;730980352;13688832;772481024;0;0;0;0;0;0;0;0;0;0;0;3426;0;0;42;0;10;0;
930;1283888;730980352;13688832;772481024;0;0;0;0;0;0;0;0;0;0;0;3536;0;0;42;0;10;0;
931;1313834;730980352;13688832;772481024;0;0;0;0;0;0;0;0;0;0;0;2715;0;0;42;0;10;0;
932;1287295;730980352;13688832;772481024;0;0;0;0;0;0;0;0;0;0;0;3065;0;0;42;0;10;0;
933;1317741;730980352;13688832;772481024;0;0;0;0;0;0;0;0;0;0;0;2815;0;0;42;0;10;0;
934;1320706;730980352;13688832;772481024;0;0;0;0;0;0;0;0;0;0;0;2945;0;0;42;0;10;0;
935;2071385;730980352;13688832;772481024;0;0;0;0;0;0;0;0;0;0;0;2876;0;0;42;0;10;0;
936;2136516;730980352;13688832;772481024;0;0;0;0;0;0;0;0;0;0;0;3156;0;0;42;0;10;0;
937;1750323;731226112;13688832;772481024;0;0;0;0;0;0;0;0;0;0;0;3386;0;0;42;0;10;0;
938;1316308;731226112;13688832;772481024;0;0;0;0;0;0;0;0;0;0;0;3306;0;0;42;0;10;0;
939;1286893;731226112;13688832;772481024;0;0;0;0;0;0;0;0;0;0;0;3466;0;0;42;0;10;0;
940;1314144;731226112;13688832;772481024;0;0;0;0;0;0;0;0;0;0;0;3116;0;0;42;0;10;0;
941;1339582;731226112;13688832;772481024;0;0;0;0;0;0;0;0;0;0;0;3296;0;0;42;0;10;0;
942;3428109;735207424;13688832;772481024;0;0;0;0;0;0;0;0;0;0;0;3086;0;0;43;0;10;0;
943;1493792;735207424;13688832;772481024;0;0;0;0;0;0;0;0;0;0;0;3517;0;0;43;0;10;0;
944;2150593;735207424;13688832;772481024;0;0;0;0;0;0;0;0;0;0;0;3186;0;0;43;0;10;0;
945;1504622;735207424;13688832;772481024;0;0;0;0;0;0;0;0;0;0;0;3096;0;0;43;0;10;0;
946;2153559;735297536;13549568;772341760;0;0;0;0;0;0;0;0;0;0;0;3056;0;0;43;0;10;0;
947;1361624;735297536;13549568;772341760;0;0;0;0;0;0;0;0;0;0;0;3597;0;0;43;0;10;0;
948;1280742;735297536;13549568;772341760;0;0;0;0;0;0;0;0;0;0;0;3026;0;0;43;0;10;0;
949;1306300;735297536;13549568;772341760;0;0;0;0;0;0;0;0;0;0;0;3236;0;0;43;0;10;0;
950;1336947;735297536;13549568;772341760;0;0;0;0;0;0;0;0;0;0;0;3416;0;0;43;0;10;0;
951;1330214;735297536;13549568;772341760;0;0;0;0;0;0;0;0;0;0;0;2935;0;0;43;0;10;0;
952;1366092;735297536;13549568;772341760;0;0;0;0;0;0;0;0;0;0;0;3126;0;0;43;0;10;0;
953;1451533;735297536;13549568;772341760;0;0;0;0;0;0;0;0;0;0;0;3667;0;0;43;0;10;0;
954;1368266;735297536;13549568;772341760;0;0;0;0;0;0;0;0;0;0;0;3046;0;0;43;0;10;0;
955;1952091;735297536;13549568;772341760;0;0;0;0;0;0;0;0;0;0;0;3056;0;0;43;0;10;0;
956;2216818;739491840;13549568;789118976;0;0;0;0;0;0;0;0;0;0;0;2765;0;0;43;0;10;0;
957;2113233;739491840;13549568;789118976;0;0;0;0;0;0;0;0;0;0;0;3236;0;0;43;0;10;0;
958;1366622;739491840;13549568;789118976;0;0;0;0;0;0;0;0;0;0;0;3175;0;0;43;0;10;0;
959;1361002;739491840;13549568;789118976;0;0;0;0;0;0;0;0;0;0;0;3116;0;0;43;0;10;0;
960;1312131;739491840;13549568;789118976;0;0;0;0;0;0;0;0;0;0;0;3176;0;0;43;0;10;0;
961;1393423;739491840;13549568;789118976;0;0;0;0;0;0;0;0;0;0;0;3085;0;0;43;0;10;0;
962;3490456;743723008;13549568;789118976;0;0;0;0;0;0;0;0;0;0;0;2936;0;0;44;0;10;0;
963;1537824;743723008;13549568;789118976;0;0;0;0;0;0;0;0;0;0;0;3176;0;0;44;0;10;0;
964;1318563;743723008;13549568;789118976;0;0;0;0;0;0;0;0;0;0;0;3587;0;0;44;0;10;0;
965;1373275;743723008;13549568;789118976;0;0;0;0;0;0;0;0;0;0;0;3126;0;0;44;0;10;0;
966;1998057;743723008;13549568;789118976;0;0;0;0;0;0;0;0;0;0;0;3066;0;0;44;0;10;0;
967;1970255;743723008;13549568;789118976;0;0;0;0;0;0;0;0;0;0;0;3076;0;0;44;0;10;0;
968;2136116;743989248;13549568;789118976;0;0;0;0;0;0;0;0;0;0;0;3316;0;0;44;0;10;0;
969;1391579;743989248;13549568;789118976;0;0;0;0;0;0;0;0;0;0;0;3306;0;0;44;0;10;0;
970;1339302;743989248;13549568;789118976;0;0;0;0;0;0;0;0;0;0;0;3166;0;0;44;0;10;0;
971;2877146;750280704;13549568;805896192;0;0;0;0;0;0;0;0;0;0;0;3176;0;0;45;0;10;0;
972;1471810;750280704;13549568;805896192;0;0;0;0;0;0;0;0;0;0;0;3226;0;0;45;0;10;0;
973;1335634;750280704;13549568;805896192;0;0;0;0;0;0;0;0;0;0;0;3076;0;0;45;0;10;0;
974;1356093;750280704;13549568;805896192;0;0;0;0;0;0;0;0;0;0;0;3095;0;0;45;0;10;0;
975;2337724;750280704;13549568;805896192;0;0;0;0;0;0;0;0;0;0;0;3026;0;0;45;0;10;0;
976;1532474;750280704;13549568;805896192;0;0;0;0;0;0;0;0;0;0;0;3377;0;0;45;0;10;0;
977;1374908;750280704;13549568;805896192;0;0;0;0;0;0;0;0;0;0;0;3006;0;0;45;0;10;0;
978;1416457;750534656;13549568;805896192;0;0;0;0;0;0;0;0;0;0;0;3125;0;0;45;0;10;0;
979;2207270;750534656;13549568;805896192;0;0;0;0;0;0;0;0;0;0;0;3115;0;0;45;0;10;0;
980;3790769;754782208;13549568;805896192;0;0;0;0;0;0;0;0;0;0;0;3656;0;0;46;0;10;0;
981;1567500;754782208;13549568;805896192;0;0;0;0;0;0;0;0;0;0;0;3276;0;0;46;0;10;0;
982;2157226;755048448;13549568;805896192;0;0;0;0;0;0;0;0;0;0;0;3046;0;0;46;0;10;0;
983;1367745;755048448;13549568;805896192;0;0;0;0;0;0;0;0;0;0;0;3035;0;0;46;0;10;0;
984;1659272;755048448;13549568;805896192;0;0;0;0;0;0;0;0;0;0;0;3286;0;0;46;0;10;0;
985;1340404;755048448;13549568;805896192;0;0;0;0;0;0;0;0;0;0;0;3046;0;0;46;0;10;0;
986;1416346;755048448;13549568;805896192;0;0;0;0;0;0;0;0;0;0;0;3055;0;0;46;0;10;0;
987;1450670;755048448;13549568;805896192;0;0;0;0;0;0;0;0;0;0;0;2966;0;0;46;0;10;0;
988;1430603;755048448;13549568;805896192;0;0;0;0;0;0;0;0;0;0;0;3115;0;0;46;0;10;0;
989;1327659;755048448;13549568;805896192;0;0;0;0;0;0;0;0;0;0;0;3025;0;0;46;0;10;0;
990;4803629;757440512;11448320;803794944;0;0;0;0;0;0;0;0;0;0;0;2996;0;0;47;0;10;0;
991;1637822;757440512;11448320;803794944;0;0;0;0;0;0;0;0;0;0;0;3496;0;0;47;0;10;0;
992;1411186;757440512;11448320;803794944;0;0;0;0;0;0;0;0;0;0;0;3056;0;0;47;0;10;0;
993;1332650;757440512;11448320;803794944;0;0;0;0;0;0;0;0;0;0;0;3096;0;0;47;0;10;0;
994;1358137;757440512;11448320;803794944;0;0;0;0;0;0;0;0;0;0;0;3156;0;0;47;0;10;0;
995;1334493;757440512;11448320;803794944;0;0;0;0;0;0;0;0;0;0;0;3707;0;0;47;0;10;0;
996;1364229;757440512;11448320;803794944;0;0;0;0;0;0;0;0;0;0;0;3176;0;0;47;0;10;0;
997;1350172;757440512;11448320;803794944;0;0;0;0;0;0;0;0;0;0;0;3086;0;0;47;0;10;0;
998;1351114;757440512;11448320;803794944;0;0;0;0;0;0;0;0;0;0;0;3115;0;0;47;0;10;0;
999;4097745;761491456;11448320;803794944;0;0;0;0;0;0;0;0;0;0;0;3126;0;0;48;0;10;0;
1000;1685972;761491456;11448320;803794944;0;0;0;0;0;0;0;0;0;0;0;3356;0;0;48;0;10;0;
1001;2872177;761761792;11448320;803794944;0;0;0;0;0;0;0;0;0;0;0;2395;0;0;48;0;10;0;
1002;1530100;761761792;11448320;803794944;0;0;0;0;0;0;0;0;0;0;0;2405;0;0;48;0;10;0;
1003;1264221;761761792;11448320;803794944;0;0;0;0;0;0;0;0;0;0;0;2855;0;0;48;0;10;0;
1004;1271494;761761792;11448320;803794944;0;0;0;0;0;0;0;0;0;0;0;3386;0;0;48;0;10;0;
1005;1242230;761761792;11448320;803794944;0;0;0;0;0;0;0;0;0;0;0;3175;0;0;48;0;10;0;
1006;1271915;761761792;11448320;803794944;0;0;0;0;0;0;0;0;0;0;0;3146;0;0;48;0;10;0;
1007;1296120;761761792;11448320;803794944;0;0;0;0;0;0;0;0;0;0;0;3377;0;0;48;0;10;0;
1008;1231920;761761792;11448320;803794944;0;0;0;0;0;0;0;0;0;0;0;2836;0;0;48;0;10;0;
1009;1380680;761761792;11448320;803794944;0;0;0;0;0;0;0;0;0;0;0;2955;0;0;48;0;10;0;
1010;1183680;761761792;11448320;803794944;0;0;0;0;0;0;0;0;0;0;0;3095;0;0;48;0;10;0;
1011;1191665;761761792;11448320;803794944;0;0;0;0;0;0;0;0;0;0;0;3507;0;0;48;0;10;0;
1012;1925962;761761792;11448320;803794944;0;0;0;0;0;0;0;0;0;0;0;2475;0;0;48;0;10;0;
1013;1256376;761761792;11448320;803794944;0;0;0;0;0;0;0;0;0;0;0;3607;0;0;48;0;10;0;
1014;1265603;761761792;11448320;803794944;0;0;0;0;0;0;0;0;0;0;0;2445;0;0;48;0;10;0;
1015;2030868;761761792;11448320;803794944;0;0;0;0;0;0;0;0;0;0;0;3336;0;0;48;0;10;0;
1016;2246994;765956096;11448320;820572160;0;0;0;0;0;0;0;0;0;0;0;2455;0;0;48;0;10;0;
1017;1296241;765956096;11448320;820572160;0;0;0;0;0;0;0;0;0;0;0;2785;0;0;48;0;10;0;
1018;1290500;765956096;11448320;820572160;0;0;0;0;0;0;0;0;0;0;0;3196;0;0;48;0;10;0;
1019;1348018;766214144;11448320;820572160;0;0;0;0;0;0;0;0;0;0;0;2745;0;0;48;0;10;0;
1020;1439700;766214144;11448320;820572160;0;0;0;0;0;0;0;0;0;0;0;2946;0;0;48;0;10;0;
1021;2531247;766431232;11296768;820420608;0;0;0;0;0;0;0;0;0;0;0;2415;0;0;48;0;10;0;
1022;1262548;766431232;11296768;820420608;0;0;0;0;0;0;0;0;0;0;0;2785;0;0;48;0;10;0;
1023;1295390;766431232;11296768;820420608;0;0;0;0;0;0;0;0;0;0;0;2766;0;0;48;0;10;0;
1024;2206518;766431232;11296768;820420608;0;0;0;0;0;0;0;0;0;0;0;2906;0;0;48;0;10;0;
1025;1588318;766431232;11296768;820420608;0;0;0;0;0;0;0;0;0;0;0;3155;0;0;48;0;10;0;
1026;1269561;766431232;11296768;820420608;0;0;0;0;0;0;0;0;0;0;0;2825;0;0;48;0;10;0;
1027;1356564;766431232;11296768;820420608;0;0;0;0;0;0;0;0;0;0;0;2815;0;0;48;0;10;0;
1028;1410135;766693376;11296768;820420608;0;0;0;0;0;0;0;0;0;0;0;2846;0;0;48;0;10;0;
1029;1246327;766693376;11296768;820420608;0;0;0;0;0;0;0;0;0;0;0;2394;0;0;48;0;10;0;
1030;3375059;770945024;11296768;820420608;0;0;0;0;0;0;0;0;0;0;0;3236;0;0;49;0;10;0;
1031;2423155;770945024;11296768;820420608;0;0;0;0;0;0;0;0;0;0;0;2965;0;0;49;0;10;0;
1032;1327680;770945024;11296768;820420608;0;0;0;0;0;0;0;0;0;0;0;2334;0;0;49;0;10;0;
1033;1268830;770945024;11296768;820420608;0;0;0;0;0;0;0;0;0;0;0;2805;0;0;49;0;10;0;
1034;1286993;770945024;11296768;820420608;0;0;0;0;0;0;0;0;0;0;0;2404;0;0;49;0;10;0;
1035;1285732;770945024;11296768;820420608;0;0;0;0;0;0;0;0;0;0;0;2905;0;0;49;0;10;0;
1036;1336236;770945024;11296768;820420608;0;0;0;0;0;0;0;0;0;0;0;2886;0;0;49;0;10;0;
1037;1306259;770945024;11296768;820420608;0;0;0;0;0;0;0;0;0;0;0;2705;0;0;49;0;10;0;
1038;1280140;770945024;11296768;820420608;0;0;0;0;0;0;0;0;0;0;0;2736;0;0;49;0;10;0;
1039;1263810;770945024;11296768;820420608;0;0;0;0;0;0;0;0;0;0;0;2795;0;0;49;0;10;0;
1040;4490752;774995968;11296768;820420608;0;0;0;0;0;0;0;0;0;0;0;3878;0;0;50;0;10;0;
1041;4685166;775266304;13275136;822398976;0;0;0;0;0;0;0;0;0;0;0;2795;0;0;50;0;10;0;
1042;4537780;775266304;13279232;822403072;0;0;0;0;0;0;0;0;0;0;0;3206;0;0;50;0;10;0;
1043;2167885;779460608;13279232;839180288;0;0;0;0;0;0;0;0;0;0;0;2986;0;0;50;0;10;0;
1044;3306762;783704064;13279232;839180288;0;0;0;0;0;0;0;0;0;0;0;2876;0;0;51;0;10;0;
1045;1440031;783704064;13279232;839180288;0;0;0;0;0;0;0;0;0;0;0;2715;0;0;51;0;10;0;
1046;1372494;783704064;13279232;839180288;0;0;0;0;0;0;0;0;0;0;0;2785;0;0;51;0;10;0;
1047;2237556;783704064;13279232;839180288;0;0;0;0;0;0;0;0;0;0;0;2786;0;0;51;0;10;0;
1048;1611352;783962112;13279232;839180288;0;0;0;0;0;0;0;0;0;0;0;3467;0;0;51;0;10;0;
1049;1313363;783962112;13279232;839180288;0;0;0;0;0;0;0;0;0;0;0;3506;0;0;51;0;10;0;
1050;1287364;783962112;13279232;839180288;0;0;0;0;0;0;0;0;0;0;0;3507;0;0;51;0;10;0;
1051;1278267;783962112;13279232;839180288;0;0;0;0;0;0;0;0;0;0;0;2745;0;0;51;0;10;0;
1052;2057168;783962112;13279232;839180288;0;0;0;0;0;0;0;0;0;0;0;2725;0;0;51;0;10;0;
1053;1355922;783962112;13279232;839180288;0;0;0;0;0;0;0;0;0;0;0;2405;0;0;51;0;10;0;
1054;1331908;783962112;13279232;839180288;0;0;0;0;0;0;0;0;0;0;0;2805;0;0;51;0;10;0;
1055;1407970;783962112;13279232;839180288;0;0;0;0;0;0;0;0;0;0;0;2966;0;0;51;0;10;0;
1056;1299547;783962112;13279232;839180288;0;0;0;0;0;0;0;0;0;0;0;2836;0;0;51;0;10;0;
1057;1298055;783962112;13279232;839180288;0;0;0;0;0;0;0;0;0;0;0;2825;0;0;51;0;10;0;
1058;1258059;783962112;13279232;839180288;0;0;0;0;0;0;0;0;0;0;0;2765;0;0;51;0;10;0;
1059;1358137;783962112;13279232;839180288;0;0;0;0;0;0;0;0;0;0;0;2785;0;0;51;0;10;0;
1060;1897599;783962112;13279232;839180288;0;0;0;0;0;0;0;0;0;0;0;2424;0;0;51;0;10;0;
1061;1509390;783962112;13279232;839180288;0;0;0;0;0;0;0;0;0;0;0;2786;0;0;51;0;10;0;
1062;1903700;783962112;13279232;839180288;0;0;0;0;0;0;0;0;0;0;0;3055;0;0;51;0;10;0;
1063;1281804;783962112;13279232;839180288;0;0;0;0;0;0;0;0;0;0;0;2795;0;0;51;0;10;0;
1064;1302653;783962112;13279232;839180288;0;0;0;0;0;0;0;0;0;0;0;2695;0;0;51;0;10;0;
1065;3099673;790253568;13279232;855957504;0;0;0;0;0;0;0;0;0;0;0;3497;0;0;52;0;10;0;
1066;1520160;790253568;13279232;855957504;0;0;0;0;0;0;0;0;0;0;0;2845;0;0;52;0;10;0;
1067;1365221;790253568;13279232;855957504;0;0;0;0;0;0;0;0;0;0;0;3136;0;0;52;0;10;0;
1068;1335174;790253568;13279232;855957504;0;0;0;0;0;0;0;0;0;0;0;2776;0;0;52;0;10;0;
1069;2242336;790253568;13279232;855957504;0;0;0;0;0;0;0;0;0;0;0;2725;0;0;52;0;10;0;
1070;1625228;790253568;13279232;855957504;0;0;0;0;0;0;0;0;0;0;0;3517;0;0;52;0;10;0;
1071;1248531;790253568;13279232;855957504;0;0;0;0;0;0;0;0;0;0;0;2835;0;0;52;0;10;0;
1072;2058160;790253568;13279232;855957504;0;0;0;0;0;0;0;0;0;0;0;2805;0;0;52;0;10;0;
1073;1310898;790253568;13279232;855957504;0;0;0;0;0;0;0;0;0;0;0;2755;0;0;52;0;10;0;
1074;1293897;790253568;13279232;855957504;0;0;0;0;0;0;0;0;0;0;0;2825;0;0;52;0;10;0;
1075;3407751;794476544;13279232;855957504;0;0;0;0;0;0;0;0;0;0;0;2956;0;0;53;0;10;0;
1076;1487289;794476544;13279232;855957504;0;0;0;0;0;0;0;0;0;0;0;2765;0;0;53;0;10;0;
1077;1305528;794476544;13279232;855957504;0;0;0;0;0;0;0;0;0;0;0;3366;0;0;53;0;10;0;
1078;1935420;794476544;13279232;855957504;0;0;0;0;0;0;0;0;0;0;0;2895;0;0;53;0;10;0;
1079;1311650;794476544;13279232;855957504;0;0;0;0;0;0;0;0;0;0;0;3497;0;0;53;0;10;0;
1080;1329042;794476544;13279232;855957504;0;0;0;0;0;0;0;0;0;0;0;2755;0;0;53;0;10;0;
1081;1322580;794476544;13279232;855957504;0;0;0;0;0;0;0;0;0;0;0;2795;0;0;53;0;10;0;
1082;2175360;794746880;13279232;855957504;0;0;0;0;0;0;0;0;0;0;0;2936;0;0;53;0;10;0;
1083;1334072;794746880;13279232;855957504;0;0;0;0;0;0;0;0;0;0;0;2715;0;0;53;0;10;0;
1084;1279610;794746880;13279232;855957504;0;0;0;0;0;0;0;0;0;0;0;2715;0;0;53;0;10;0;
1085;4519856;798801920;13279232;855957504;0;0;0;0;0;0;0;0;0;0;0;2765;0;0;54;0;10;0;
1086;1486939;798801920;13279232;855957504;0;0;0;0;0;0;0;0;0;0;0;2805;0;0;54;0;10;0;
1087;1305077;798801920;13279232;855957504;0;0;0;0;0;0;0;0;0;0;0;2825;0;0;54;0;10;0;
1088;2276239;798801920;13279232;855957504;0;0;0;0;0;0;0;0;0;0;0;3086;0;0;54;0;10;0;
1089;1541180;798801920;13279232;855957504;0;0;0;0;0;0;0;0;0;0;0;2785;0;0;54;0;10;0;
1090;1388584;798801920;13279232;855957504;0;0;0;0;0;0;0;0;0;0;0;13045;0;0;54;0;10;0;
1091;1394205;799072256;13279232;855957504;0;0;0;0;0;0;0;0;0;0;0;3286;0;0;54;0;10;0;
1092;2155993;799342592;13279232;855957504;0;0;0;0;0;0;0;0;0;0;0;3487;0;0;54;0;10;0;
1093;2902794;805634048;13279232;872734720;0;0;0;0;0;0;0;0;0;0;0;3166;0;0;55;0;10;0;
1094;1498420;805634048;13279232;872734720;0;0;0;0;0;0;0;0;0;0;0;2835;0;0;55;0;10;0;
1095;1341686;805634048;13279232;872734720;0;0;0;0;0;0;0;0;0;0;0;2905;0;0;55;0;10;0;
1096;2049093;805634048;13279232;872734720;0;0;0;0;0;0;0;0;0;0;0;2785;0;0;55;0;10;0;
1097;1595202;805634048;13279232;872734720;0;0;0;0;0;0;0;0;0;0;0;2745;0;0;55;0;10;0;
1098;1318753;805634048;13279232;872734720;0;0;0;0;0;0;0;0;0;0;0;2875;0;0;55;0;10;0;
1099;1289799;805634048;13279232;872734720;0;0;0;0;0;0;0;0;0;0;0;2715;0;0;55;0;10;0;
1100;1330014;805634048;13279232;872734720;0;0;0;0;0;0;0;0;0;0;0;2896;0;0;55;0;10;0;
1101;1446452;805879808;13279232;872734720;0;0;0;0;0;0;0;0;0;0;0;2896;0;0;55;0;10;0;
1102;2155392;806150144;13279232;872734720;0;0;0;0;0;0;0;0;0;0;0;2856;0;0;55;0;10;0;
1103;1351985;806150144;13279232;872734720;0;0;0;0;0;0;0;0;0;0;0;2875;0;0;55;0;10;0;
1104;1384406;806150144;13279232;872734720;0;0;0;0;0;0;0;0;0;0;0;2916;0;0;55;0;10;0;
1105;1308574;806150144;13279232;872734720;0;0;0;0;0;0;0;0;0;0;0;2986;0;0;55;0;10;0;
1106;1299798;806150144;13279232;872734720;0;0;0;0;0;0;0;0;0;0;0;2875;0;0;55;0;10;0;
1107;1426706;806150144;13279232;872734720;0;0;0;0;0;0;0;0;0;0;0;2825;0;0;55;0;10;0;
1108;1934287;806150144;13279232;872734720;0;0;0;0;0;0;0;0;0;0;0;2454;0;0;55;0;10;0;
1109;1670202;806150144;13279232;872734720;0;0;0;0;0;0;0;0;0;0;0;2384;0;0;55;0;10;0;
1110;1289568;806150144;13279232;872734720;0;0;0;0;0;0;0;0;0;0;0;2895;0;0;55;0;10;0;
1111;1310017;806150144;13279232;872734720;0;0;0;0;0;0;0;0;0;0;0;2985;0;0;55;0;10;0;
1112;1964114;806416384;13279232;872734720;0;0;0;0;0;0;0;0;0;0;0;2936;0;0;55;0;10;0;
1113;1323051;806416384;13279232;872734720;0;0;0;0;0;0;0;0;0;0;0;2936;0;0;55;0;10;0;
1114;2948670;812707840;13279232;889511936;0;0;0;0;0;0;0;0;0;0;0;3807;0;0;56;0;10;0;
1115;1570104;812707840;13279232;889511936;0;0;0;0;0;0;0;0;0;0;0;2976;0;0;56;0;10;0;
1116;1305348;812707840;13279232;889511936;0;0;0;0;0;0;0;0;0;0;0;2375;0;0;56;0;10;0;
1117;1285241;812707840;13279232;889511936;0;0;0;0;0;0;0;0;0;0;0;2945;0;0;56;0;10;0;
1118;1342838;812707840;13279232;889511936;0;0;0;0;0;0;0;0;0;0;0;3076;0;0;56;0;10;0;
1119;2277922;812707840;13279232;889511936;0;0;0;0;0;0;0;0;0;0;0;2384;0;0;56;0;10;0;
1120;1635618;812707840;13279232;889511936;0;0;0;0;0;0;0;0;0;0;0;2826;0;0;56;0;10;0;
1121;1420684;812961792;13279232;889511936;0;0;0;0;0;0;0;0;0;0;0;2405;0;0;56;0;10;0;
1122;2087986;812961792;13279232;889511936;0;0;0;0;0;0;0;0;0;0;0;3386;0;0;56;0;10;0;
1123;3409434;817209344;13279232;889511936;0;0;0;0;0;0;0;0;0;0;0;3076;0;0;57;0;10;0;
1124;1576486;817209344;13279232;889511936;0;0;0;0;0;0;0;0;0;0;0;2945;0;0;57;0;10;0;
1125;2006092;817209344;13279232;889511936;0;0;0;0;0;0;0;0;0;0;0;2925;0;0;57;0;10;0;
1126;1619497;817209344;13279232;889511936;0;0;0;0;0;0;0;0;0;0;0;12904;0;0;57;0;10;0;
1127;1312721;817209344;13279232;889511936;0;0;0;0;0;0;0;0;0;0;0;3106;0;0;57;0;10;0;
1128;1310598;817209344;13279232;889511936;0;0;0;0;0;0;0;0;0;0;0;2394;0;0;57;0;10;0;
1129;1288457;817209344;13279232;889511936;0;0;0;0;0;0;0;0;0;0;0;2414;0;0;57;0;10;0;
1130;1306169;817209344;13279232;889511936;0;0;0;0;0;0;0;0;0;0;0;2995;0;0;57;0;10;0;
1131;2212900;817340416;13189120;889421824;0;0;0;0;0;0;0;0;0;0;0;2454;0;0;57;0;10;0;
1132;1370159;817340416;13189120;889421824;0;0;0;0;0;0;0;0;0;0;0;2855;0;0;57;0;10;0;
1133;2851738;823631872;13189120;906199040;0;0;0;0;0;0;0;0;0;0;0;3297;0;0;58;0;10;0;
1134;1533446;823631872;13189120;906199040;0;0;0;0;0;0;0;0;0;0;0;2354;0;0;58;0;10;0;
1135;1315998;823631872;13189120;906199040;0;0;0;0;0;0;0;0;0;0;0;2365;0;0;58;0;10;0;
1136;1633965;823631872;13189120;906199040;0;0;0;0;0;0;0;0;0;0;0;2926;0;0;58;0;10;0;
1137;1364228;823631872;13189120;906199040;0;0;0;0;0;0;0;0;0;0;0;2866;0;0;58;0;10;0;
1138;1378245;823631872;13189120;906199040;0;0;0;0;0;0;0;0;0;0;0;3016;0;0;58;0;10;0;
1139;1310358;823631872;13189120;906199040;0;0;0;0;0;0;0;0;0;0;0;2875;0;0;58;0;10;0;
1140;5202848;823631872;13189120;906199040;0;0;0;0;0;0;0;0;0;0;0;2905;0;0;58;0;10;0;
1141;4529625;827662336;13189120;906199040;0;0;0;0;0;0;0;0;0;0;0;3707;0;0;59;0;10;0;
1142;1508669;827662336;13189120;906199040;0;0;0;0;0;0;0;0;0;0;0;2445;0;0;59;0;10;0;
1143;1296291;827662336;13189120;906199040;0;0;0;0;0;0;0;0;0;0;0;2454;0;0;59;0;10;0;
1144;2203833;827662336;13189120;906199040;0;0;0;0;0;0;0;0;0;0;0;2364;0;0;59;0;10;0;
1145;2009518;827662336;13189120;906199040;0;0;0;0;0;0;0;0;0;0;0;2424;0;0;59;0;10;0;
1146;1511795;827662336;13189120;906199040;0;0;0;0;0;0;0;0;0;0;0;2415;0;0;59;0;10;0;
1147;1301831;827662336;13189120;906199040;0;0;0;0;0;0;0;0;0;0;0;2435;0;0;59;0;10;0;
1148;1311539;827662336;13189120;906199040;0;0;0;0;0;0;0;0;0;0;0;2434;0;0;59;0;10;0;
1149;6485593;829820928;13193216;906203136;0;0;0;0;0;0;0;0;0;0;0;3416;0;0;60;0;10;0;
1150;4419959;829820928;13201408;906211328;0;0;0;0;0;0;0;0;0;0;0;2946;0;0;60;0;10;0;
1151;1544947;829820928;13201408;906211328;0;0;0;0;0;0;0;0;0;0;0;2935;0;0;60;0;10;0;
1152;1329083;829820928;13201408;906211328;0;0;0;0;0;0;0;0;0;0;0;3156;0;0;60;0;10;0;
1153;1370841;829820928;13201408;906211328;0;0;0;0;0;0;0;0;0;0;0;3036;0;0;60;0;10;0;
1154;1347467;829820928;13201408;906211328;0;0;0;0;0;0;0;0;0;0;0;2995;0;0;60;0;10;0;
1155;1326699;829820928;13201408;906211328;0;0;0;0;0;0;0;0;0;0;0;2995;0;0;60;0;10;0;
1156;1414944;829820928;13201408;906211328;0;0;0;0;0;0;0;0;0;0;0;3026;0;0;60;0;10;0;
1157;1352446;829820928;13201408;906211328;0;0;0;0;0;0;0;0;0;0;0;2866;0;0;60;0;10;0;
1158;1370120;829820928;13201408;906211328;0;0;0;0;0;0;0;0;0;0;0;2966;0;0;60;0;10;0;
1159;1910072;829820928;13201408;906211328;0;0;0;0;0;0;0;0;0;0;0;2796;0;0;60;0;10;0;
1160;1359239;829820928;13201408;906211328;0;0;0;0;0;0;0;0;0;0;0;2785;0;0;60;0;10;0;
1161;2236795;829820928;13201408;906211328;0;0;0;0;0;0;0;0;0;0;0;3436;0;0;60;0;10;0;
1162;1777443;829820928;13201408;906211328;0;0;0;0;0;0;0;0;0;0;0;2895;0;0;60;0;10;0;
1163;1344041;829820928;13201408;906211328;0;0;0;0;0;0;0;0;0;0;0;2986;0;0;60;0;10;0;
1164;1305118;829820928;13201408;906211328;0;0;0;0;0;0;0;0;0;0;0;2765;0;0;60;0;10;0;
1165;1307902;829820928;13201408;906211328;0;0;0;0;0;0;0;0;0;0;0;2906;0;0;60;0;10;0;
1166;3417960;834068480;13201408;906211328;0;0;0;0;0;0;0;0;0;0;0;2945;0;0;61;0;10;0;
1167;1499222;834068480;13201408;906211328;0;0;0;0;0;0;0;0;0;0;0;2365;0;0;61;0;10;0;
1168;2048451;834068480;13201408;906211328;0;0;0;0;0;0;0;0;0;0;0;3116;0;0;61;0;10;0;
1169;2317646;834068480;13201408;906211328;0;0;0;0;0;0;0;0;0;0;0;2785;0;0;61;0;10;0;
1170;1488461;834068480;13201408;906211328;0;0;0;0;0;0;0;0;0;0;0;2775;0;0;61;0;10;0;
1171;1319825;834068480;13201408;906211328;0;0;0;0;0;0;0;0;0;0;0;2825;0;0;61;0;10;0;
1172;1325366;834068480;13201408;906211328;0;0;0;0;0;0;0;0;0;0;0;3446;0;0;61;0;10;0;
1173;1306200;834068480;13201408;906211328;0;0;0;0;0;0;0;0;0;0;0;3016;0;0;61;0;10;0;
1174;1327760;834068480;13201408;906211328;0;0;0;0;0;0;0;0;0;0;0;3557;0;0;61;0;10;0;
1175;2912262;840359936;13201408;922988544;0;0;0;0;0;0;0;0;0;0;0;3036;0;0;62;0;10;0;
1176;1560928;840359936;13201408;922988544;0;0;0;0;0;0;0;0;0;0;0;2945;0;0;62;0;10;0;
1177;2166013;840359936;13201408;922988544;0;0;0;0;0;0;0;0;0;0;0;2465;0;0;62;0;10;0;
1178;1355402;840359936;13201408;922988544;0;0;0;0;0;0;0;0;0;0;0;2755;0;0;62;0;10;0;
1179;1407410;840359936;13201408;922988544;0;0;0;0;0;0;0;0;0;0;0;2905;0;0;62;0;10;0;
1180;1940719;840359936;13201408;922988544;0;0;0;0;0;0;0;0;0;0;0;2365;0;0;62;0;10;0;
1181;1530671;840359936;13201408;922988544;0;0;0;0;0;0;0;0;0;0;0;3366;0;0;62;0;10;0;
1182;1317160;840359936;13201408;922988544;0;0;0;0;0;0;0;0;0;0;0;2394;0;0;62;0;10;0;
1183;1310056;840359936;13201408;922988544;0;0;0;0;0;0;0;0;0;0;0;3407;0;0;62;0;10;0;
1184;1324674;840359936;13201408;922988544;0;0;0;0;0;0;0;0;0;0;0;3336;0;0;62;0;10;0;
1185;3974534;844591104;13201408;922988544;0;0;0;0;0;0;0;0;0;0;0;3056;0;0;63;0;10;0;
1186;2238087;844591104;13201408;922988544;0;0;0;0;0;0;0;0;0;0;0;3146;0;0;63;0;10;0;
1187;1404324;844591104;13201408;922988544;0;0;0;0;0;0;0;0;0;0;0;2354;0;0;63;0;10;0;
1188;1360451;844591104;13201408;922988544;0;0;0;0;0;0;0;0;0;0;0;2765;0;0;63;0;10;0;
1189;1294769;844591104;13201408;922988544;0;0;0;0;0;0;0;0;0;0;0;2715;0;0;63;0;10;0;
1190;1284209;844591104;13201408;922988544;0;0;0;0;0;0;0;0;0;0;0;2785;0;0;63;0;10;0;
1191;1296171;844591104;13201408;922988544;0;0;0;0;0;0;0;0;0;0;0;2394;0;0;63;0;10;0;
1192;1311610;844591104;13201408;922988544;0;0;0;0;0;0;0;0;0;0;0;3436;0;0;63;0;10;0;
1193;1336717;844591104;13201408;922988544;0;0;0;0;0;0;0;0;0;0;0;3497;0;0;63;0;10;0;
1194;1296120;844591104;13201408;922988544;0;0;0;0;0;0;0;0;0;0;0;2796;0;0;63;0;10;0;
1195;4162567;848842752;13201408;922988544;0;0;0;0;0;0;0;0;0;0;0;3627;0;0;64;0;10;0;
1196;2049403;848842752;13201408;922988544;0;0;0;0;0;0;0;0;0;0;0;3377;0;0;64;0;10;0;
1197;1346305;848842752;13201408;922988544;0;0;0;0;0;0;0;0;0;0;0;2815;0;0;64;0;10;0;
1198;1369098;848842752;13201408;922988544;0;0;0;0;0;0;0;0;0;0;0;2695;0;0;64;0;10;0;
1199;2245300;848842752;13201408;922988544;0;0;0;0;0;0;0;0;0;0;0;2394;0;0;64;0;10;0;
1200;1551289;848842752;13201408;922988544;0;0;0;0;0;0;0;0;0;0;0;2735;0;0;64;0;10;0;
1201;1319584;848842752;13201408;922988544;0;0;0;0;0;0;0;0;0;0;0;3477;0;0;64;0;10;0;
1202;1889583;848842752;13201408;922988544;0;0;0;0;0;0;0;0;0;0;0;3377;0;0;64;0;10;0;
1203;2879851;855134208;13201408;939765760;0;0;0;0;0;0;0;0;0;0;0;3166;0;0;65;0;10;0;
1204;2469642;855134208;13201408;939765760;0;0;0;0;0;0;0;0;0;0;0;3286;0;0;65;0;10;0;
1205;1394215;855134208;13201408;939765760;0;0;0;0;0;0;0;0;0;0;0;3497;0;0;65;0;10;0;
1206;2269817;855134208;13201408;939765760;0;0;0;0;0;0;0;0;0;0;0;2404;0;0;65;0;10;0;
1207;1522606;855134208;13201408;939765760;0;0;0;0;0;0;0;0;0;0;0;3156;0;0;65;0;10;0;
1208;1684269;855134208;13201408;939765760;0;0;0;0;0;0;0;0;0;0;0;3737;0;0;65;0;10;0;
1209;1305097;855134208;13201408;939765760;0;0;0;0;0;0;0;0;0;0;0;3426;0;0;65;0;10;0;
1210;1470538;855134208;13201408;939765760;0;0;0;0;0;0;0;0;0;0;0;3286;0;0;65;0;10;0;
1211;1315116;855134208;13201408;939765760;0;0;0;0;0;0;0;0;0;0;0;3116;0;0;65;0;10;0;
1212;1329002;855134208;13201408;939765760;0;0;0;0;0;0;0;0;0;0;0;3035;0;0;65;0;10;0;
1213;2175520;855138304;13193216;939757568;0;0;0;0;0;0;0;0;0;0;0;3166;0;0;65;0;10;0;
1214;1502608;855138304;13193216;939757568;0;0;0;0;0;0;0;0;0;0;0;3025;0;0;65;0;10;0;
1215;2032352;855138304;13193216;939757568;0;0;0;0;0;0;0;0;0;0;0;2925;0;0;65;0;10;0;
1216;1681213;855138304;13193216;939757568;0;0;0;0;0;0;0;0;0;0;0;3196;0;0;65;0;10;0;
1217;1342237;855138304;13193216;939757568;0;0;0;0;0;0;0;0;0;0;0;2855;0;0;65;0;10;0;
1218;1305197;855138304;13193216;939757568;0;0;0;0;0;0;0;0;0;0;0;2996;0;0;65;0;10;0;
1219;1309496;855138304;13193216;939757568;0;0;0;0;0;0;0;0;0;0;0;3176;0;0;65;0;10;0;
1220;1394485;855138304;13193216;939757568;0;0;0;0;0;0;0;0;0;0;0;3036;0;0;65;0;10;0;
1221;1398001;855138304;13193216;939757568;0;0;0;0;0;0;0;0;0;0;0;2895;0;0;65;0;10;0;
1222;2099898;855040000;13008896;939573248;0;0;0;0;0;0;0;0;0;0;0;3075;0;0;65;0;10;0;
1223;3581076;859017216;13008896;939573248;0;0;0;0;0;0;0;0;0;0;0;3496;0;0;66;0;10;0;
1224;1386290;859017216;13008896;939573248;0;0;0;0;0;0;0;0;0;0;0;4238;0;0;66;0;10;0;
1225;1369348;859017216;13008896;939573248;0;0;0;0;0;0;0;0;0;0;0;2765;0;0;66;0;10;0;
1226;1361573;859017216;13008896;939573248;0;0;0;0;0;0;0;0;0;0;0;2845;0;0;66;0;10;0;
1227;1299638;859017216;13008896;939573248;0;0;0;0;0;0;0;0;0;0;0;2765;0;0;66;0;10;0;
1228;1399795;859017216;13008896;939573248;0;0;0;0;0;0;0;0;0;0;0;2965;0;0;66;0;10;0;
1229;2432833;859017216;13008896;939573248;0;0;0;0;0;0;0;0;0;0;0;3005;0;0;66;0;10;0;
1230;1551570;859017216;13008896;939573248;0;0;0;0;0;0;0;0;0;0;0;2926;0;0;66;0;10;0;
1231;2073910;859017216;13008896;939573248;0;0;0;0;0;0;0;0;0;0;0;2756;0;0;66;0;10;0;
1232;2940575;865308672;13008896;956350464;0;0;0;0;0;0;0;0;0;0;0;3506;0;0;67;0;10;0;
1233;1403421;865308672;13008896;956350464;0;0;0;0;0;0;0;0;0;0;0;2965;0;0;67;0;10;0;
1234;1991716;865308672;13008896;956350464;0;0;0;0;0;0;0;0;0;0;0;2995;0;0;67;0;10;0;
1235;1361724;865308672;13008896;956350464;0;0;0;0;0;0;0;0;0;0;0;3085;0;0;67;0;10;0;
1236;1358398;865308672;13008896;956350464;0;0;0;0;0;0;0;0;0;0;0;2935;0;0;67;0;10;0;
1237;1372143;865308672;13008896;956350464;0;0;0;0;0;0;0;0;0;0;0;2935;0;0;67;0;10;0;
1238;1343730;865308672;13008896;956350464;0;0;0;0;0;0;0;0;0;0;0;2876;0;0;67;0;10;0;
1239;1346225;865308672;13008896;956350464;0;0;0;0;0;0;0;0;0;0;0;3026;0;0;67;0;10;0;
1240;4449424;865308672;13008896;956350464;0;0;0;0;0;0;0;0;0;0;0;2896;0;0;67;0;10;0;
1241;6807457;869613568;13017088;956358656;0;0;0;0;0;0;0;0;0;0;0;3176;0;0;68;0;10;0;
1242;2179607;869613568;13017088;956358656;0;0;0;0;0;0;0;0;0;0;0;3216;0;0;68;0;10;0;
1243;1635988;869613568;13017088;956358656;0;0;0;0;0;0;0;0;0;0;0;3276;0;0;68;0;10;0;
1244;1335164;869613568;13017088;956358656;0;0;0;0;0;0;0;0;0;0;0;3186;0;0;68;0;10;0;
1245;1387623;869613568;13017088;956358656;0;0;0;0;0;0;0;0;0;0;0;3106;0;0;68;0;10;0;
1246;1331577;869613568;13017088;956358656;0;0;0;0;0;0;0;0;0;0;0;3196;0;0;68;0;10;0;
1247;3382072;873861120;13017088;956358656;0;0;0;0;0;0;0;0;0;0;0;2886;0;0;69;0;10;0;
1248;1573250;873861120;13017088;956358656;0;0;0;0;0;0;0;0;0;0;0;3256;0;0;69;0;10;0;
1249;2051918;873861120;13017088;956358656;0;0;0;0;0;0;0;0;0;0;0;3176;0;0;69;0;10;0;
1250;1327249;873861120;13017088;956358656;0;0;0;0;0;0;0;0;0;0;0;2836;0;0;69;0;10;0;
1251;2101582;873861120;13017088;956358656;0;0;0;0;0;0;0;0;0;0;0;3146;0;0;69;0;10;0;
1252;2096071;873861120;13017088;956358656;0;0;0;0;0;0;0;0;0;0;0;3296;0;0;69;0;10;0;
1253;1341105;873861120;13017088;956358656;0;0;0;0;0;0;0;0;0;0;0;3176;0;0;69;0;10;0;
1254;1305809;873861120;13017088;956358656;0;0;0;0;0;0;0;0;0;0;0;3166;0;0;69;0;10;0;
1255;1374989;873861120;13017088;956358656;0;0;0;0;0;0;0;0;0;0;0;3276;0;0;69;0;10;0;
1256;1388935;873861120;13017088;956358656;0;0;0;0;0;0;0;0;0;0;0;3146;0;0;69;0;10;0;
1257;2070974;873861120;13017088;956358656;0;0;0;0;0;0;0;0;0;0;0;3356;0;0;69;0;10;0;
1258;1411187;873861120;13017088;956358656;0;0;0;0;0;0;0;0;0;0;0;3176;0;0;69;0;10;0;
1259;1401960;873861120;13017088;956358656;0;0;0;0;0;0;0;0;0;0;0;3076;0;0;69;0;10;0;
1260;1352056;873861120;13017088;956358656;0;0;0;0;0;0;0;0;0;0;0;2895;0;0;69;0;10;0;
1261;2077556;873861120;13017088;956358656;0;0;0;0;0;0;0;0;0;0;0;3317;0;0;69;0;10;0;
1262;2137569;878055424;13017088;973135872;0;0;0;0;0;0;0;0;0;0;0;3176;0;0;69;0;10;0;
1263;1389796;878055424;13017088;973135872;0;0;0;0;0;0;0;0;0;0;0;2995;0;0;69;0;10;0;
1264;1421916;878055424;13017088;973135872;0;0;0;0;0;0;0;0;0;0;0;3206;0;0;69;0;10;0;
1265;2046337;878055424;13017088;973135872;0;0;0;0;0;0;0;0;0;0;0;3216;0;0;69;0;10;0;
1266;3567260;882290688;13017088;973135872;0;0;0;0;0;0;0;0;0;0;0;3126;0;0;70;0;10;0;
1267;1594180;882290688;13017088;973135872;0;0;0;0;0;0;0;0;0;0;0;3136;0;0;70;0;10;0;
1268;1368366;882290688;13017088;973135872;0;0;0;0;0;0;0;0;0;0;0;3346;0;0;70;0;10;0;
1269;1436935;882290688;13017088;973135872;0;0;0;0;0;0;0;0;0;0;0;2946;0;0;70;0;10;0;
1270;2205416;882290688;13017088;973135872;0;0;0;0;0;0;0;0;0;0;0;2385;0;0;70;0;10;0;
1271;1697373;882290688;13017088;973135872;0;0;0;0;0;0;0;0;0;0;0;2776;0;0;70;0;10;0;
1272;1683758;882290688;13017088;973135872;0;0;0;0;0;0;0;0;0;0;0;3406;0;0;70;0;10;0;
1273;2125827;882290688;13017088;973135872;0;0;0;0;0;0;0;0;0;0;0;2776;0;0;70;0;10;0;
1274;1364268;882290688;13017088;973135872;0;0;0;0;0;0;0;0;0;0;0;2445;0;0;70;0;10;0;
1275;3167881;888582144;13017088;989913088;0;0;0;0;0;0;0;0;0;0;0;2956;0;0;71;0;10;0;
1276;1365581;888582144;13017088;989913088;0;0;0;0;0;0;0;0;0;0;0;3086;0;0;71;0;10;0;
1277;1315757;888582144;13017088;989913088;0;0;0;0;0;0;0;0;0;0;0;2845;0;0;71;0;10;0;
1278;1311239;888582144;13017088;989913088;0;0;0;0;0;0;0;0;0;0;0;3066;0;0;71;0;10;0;
1279;1336847;888582144;13017088;989913088;0;0;0;0;0;0;0;0;0;0;0;3226;0;0;71;0;10;0;
1280;1310247;888582144;13017088;989913088;0;0;0;0;0;0;0;0;0;0;0;3106;0;0;71;0;10;0;
1281;2121078;888582144;13017088;989913088;0;0;0;0;0;0;0;0;0;0;0;2885;0;0;71;0;10;0;
1282;1420023;888582144;13017088;989913088;0;0;0;0;0;0;0;0;0;0;0;2805;0;0;71;0;10;0;
1283;1385799;888582144;13017088;989913088;0;0;0;0;0;0;0;0;0;0;0;2985;0;0;71;0;10;0;
1284;1326968;888582144;13017088;989913088;0;0;0;0;0;0;0;0;0;0;0;3075;0;0;71;0;10;0;
1285;4513815;892612608;13017088;989913088;0;0;0;0;0;0;0;0;0;0;0;3466;0;0;72;0;10;0;
1286;1574072;892612608;13017088;989913088;0;0;0;0;0;0;0;0;0;0;0;3256;0;0;72;0;10;0;
1287;1340624;892612608;13017088;989913088;0;0;0;0;0;0;0;0;0;0;0;2885;0;0;72;0;10;0;
1288;2039514;892612608;13017088;989913088;0;0;0;0;0;0;0;0;0;0;0;2986;0;0;72;0;10;0;
1289;2499136;892878848;13017088;989913088;0;0;0;0;0;0;0;0;0;0;0;2755;0;0;72;0;10;0;
1290;1429812;892878848;13017088;989913088;0;0;0;0;0;0;0;0;0;0;0;2945;0;0;72;0;10;0;
1291;1368386;892878848;13017088;989913088;0;0;0;0;0;0;0;0;0;0;0;2976;0;0;72;0;10;0;
1292;1406077;892878848;13017088;989913088;0;0;0;0;0;0;0;0;0;0;0;2826;0;0;72;0;10;0;
1293;3409574;896856064;13017088;989913088;0;0;0;0;0;0;0;0;0;0;0;2995;0;0;73;0;10;0;
1294;1577879;896856064;13017088;989913088;0;0;0;0;0;0;0;0;0;0;0;2745;0;0;73;0;10;0;
1295;1360982;896856064;13017088;989913088;0;0;0;0;0;0;0;0;0;0;0;2816;0;0;73;0;10;0;
1296;2065644;896856064;13017088;989913088;0;0;0;0;0;0;0;0;0;0;0;3537;0;0;73;0;10;0;
1297;2379793;897114112;13008896;989904896;0;0;0;0;0;0;0;0;0;0;0;2996;0;0;73;0;10;0;
1298;1443537;897114112;13008896;989904896;0;0;0;0;0;0;0;0;0;0;0;2836;0;0;73;0;10;0;
1299;1370420;897114112;13008896;989904896;0;0;0;0;0;0;0;0;0;0;0;2865;0;0;73;0;10;0;
1300;1415735;897114112;13008896;989904896;0;0;0;0;0;0;0;0;0;0;0;2896;0;0;73;0;10;0;
1301;1392301;897114112;13008896;989904896;0;0;0;0;0;0;0;0;0;0;0;2956;0;0;73;0;10;0;
1302;1374879;897114112;13008896;989904896;0;0;0;0;0;0;0;0;0;0;0;2825;0;0;73;0;10;0;
1303;1429311;897114112;13008896;989904896;0;0;0;0;0;0;0;0;0;0;0;3086;0;0;73;0;10;0;
1304;1355402;897114112;13008896;989904896;0;0;0;0;0;0;0;0;0;0;0;2856;0;0;73;0;10;0;
1305;2154340;896954368;12849152;989745152;0;0;0;0;0;0;0;0;0;0;0;3777;0;0;73;0;10;0;
1306;1391900;896954368;12849152;989745152;0;0;0;0;0;0;0;0;0;0;0;3176;0;0;73;0;10;0;
1307;1370861;896954368;12849152;989745152;0;0;0;0;0;0;0;0;0;0;0;2935;0;0;73;0;10;0;
1308;1379457;896954368;12849152;989745152;0;0;0;0;0;0;0;0;0;0;0;2846;0;0;73;0;10;0;
1309;1393022;896954368;12849152;989745152;0;0;0;0;0;0;0;0;0;0;0;2885;0;0;73;0;10;0;
1310;1358608;896954368;12849152;989745152;0;0;0;0;0;0;0;0;0;0;0;2755;0;0;73;0;10;0;
1311;1363577;896954368;12849152;989745152;0;0;0;0;0;0;0;0;0;0;0;3186;0;0;73;0;10;0;
1312;1398653;896954368;12849152;989745152;0;0;0;0;0;0;0;0;0;0;0;2855;0;0;73;0;10;0;
1313;2200147;896749568;12644352;989540352;0;0;0;0;0;0;0;0;0;0;0;3016;0;0;73;0;10;0;
1314;3310859;903041024;12644352;1006317568;0;0;0;0;0;0;0;0;0;0;0;4308;0;0;74;0;10;0;
1315;1496717;903041024;12644352;1006317568;0;0;0;0;0;0;0;0;0;0;0;2845;0;0;74;0;10;0;
1316;2071265;903041024;12644352;1006317568;0;0;0;0;0;0;0;0;0;0;0;1713;0;0;74;0;10;0;
1317;1346826;903041024;12644352;1006317568;0;0;0;0;0;0;0;0;0;0;0;1684;0;0;74;0;10;0;
1318;1114069;903041024;12644352;1006317568;0;0;0;0;0;0;0;0;0;0;0;2054;0;0;74;0;10;0;
1319;1095114;903041024;12644352;1006317568;0;0;0;0;0;0;0;0;0;0;0;1743;0;0;74;0;10;0;
1320;1102478;903041024;12644352;1006317568;0;0;0;0;0;0;0;0;0;0;0;1713;0;0;74;0;10;0;
1321;4116741;903041024;12644352;1006317568;0;0;0;0;0;0;0;0;0;0;0;1713;0;0;74;0;10;0;
1322;4922632;907264000;12652544;1006325760;0;0;0;0;0;0;0;0;0;0;0;2755;0;0;75;0;10;0;
1323;1194941;907264000;12652544;1006325760;0;0;0;0;0;0;0;0;0;0;0;1804;0;0;75;0;10;0;
1324;1126032;907264000;12652544;1006325760;0;0;0;0;0;0;0;0;0;0;0;1714;0;0;75;0;10;0;
1325;1090004;907264000;12652544;1006325760;0;0;0;0;0;0;0;0;0;0;0;2114;0;0;75;0;10;0;
1326;1160226;907264000;12652544;1006325760;0;0;0;0;0;0;0;0;0;0;0;1743;0;0;75;0;10;0;
1327;1052584;907264000;12652544;1006325760;0;0;0;0;0;0;0;0;0;0;0;1673;0;0;75;0;10;0;
1328;1075687;907264000;12652544;1006325760;0;0;0;0;0;0;0;0;0;0;0;1733;0;0;75;0;10;0;
1329;1077531;907264000;12652544;1006325760;0;0;0;0;0;0;0;0;0;0;0;1793;0;0;75;0;10;0;
1330;1596705;907264000;12652544;1006325760;0;0;0;0;0;0;0;0;0;0;0;2225;0;0;75;0;10;0;
1331;1133005;907264000;12652544;1006325760;0;0;0;0;0;0;0;0;0;0;0;1964;0;0;75;0;10;0;
1332;1040642;907264000;12652544;1006325760;0;0;0;0;0;0;0;0;0;0;0;1723;0;0;75;0;10;0;
1333;1134357;907264000;12652544;1006325760;0;0;0;0;0;0;0;0;0;0;0;2144;0;0;75;0;10;0;
1334;979998;907264000;12652544;1006325760;0;0;0;0;0;0;0;0;0;0;0;1854;0;0;75;0;10;0;
1335;967906;907264000;12652544;1006325760;0;0;0;0;0;0;0;0;0;0;0;1713;0;0;75;0;10;0;
1336;1161939;907264000;12652544;1006325760;0;0;0;0;0;0;0;0;0;0;0;1883;0;0;75;0;10;0;
1337;1212253;907264000;12652544;1006325760;0;0;0;0;0;0;0;0;0;0;0;2064;0;0;75;0;10;0;
1338;1626310;907264000;12652544;1006325760;0;0;0;0;0;0;0;0;0;0;0;1853;0;0;75;0;10;0;
1339;1144697;907264000;12652544;1006325760;0;0;0;0;0;0;0;0;0;0;0;1763;0;0;75;0;10;0;
1340;1103059;907264000;12652544;1006325760;0;0;0;0;0;0;0;0;0;0;0;2124;0;0;75;0;10;0;
1341;1164665;907264000;12652544;1006325760;0;0;0;0;0;0;0;0;0;0;0;1824;0;0;75;0;10;0;
1342;1105564;907264000;12652544;1006325760;0;0;0;0;0;0;0;0;0;0;0;2064;0;0;75;0;10;0;
1343;1078713;907264000;12652544;1006325760;0;0;0;0;0;0;0;0;0;0;0;2084;0;0;75;0;10;0;
1344;2027482;907264000;12652544;1006325760;0;0;0;0;0;0;0;0;0;0;0;2244;0;0;75;0;10;0;
1345;1272336;907264000;12652544;1006325760;0;0;0;0;0;0;0;0;0;0;0;2284;0;0;75;0;10;0;
1346;3297955;913555456;12652544;1023102976;0;0;0;0;0;0;0;0;0;0;0;2675;0;0;76;0;10;0;
1347;1228784;913555456;12652544;1023102976;0;0;0;0;0;0;0;0;0;0;0;2235;0;0;76;0;10;0;
1348;1103470;913555456;12652544;1023102976;0;0;0;0;0;0;0;0;0;0;0;2174;0;0;76;0;10;0;
1349;1095635;913555456;12652544;1023102976;0;0;0;0;0;0;0;0;0;0;0;2175;0;0;76;0;10;0;
1350;1136030;913555456;12652544;1023102976;0;0;0;0;0;0;0;0;0;0;0;2144;0;0;76;0;10;0;
1351;1861491;913555456;12652544;1023102976;0;0;0;0;0;0;0;0;0;0;0;2364;0;0;76;0;10;0;
1352;1406298;913555456;12652544;1023102976;0;0;0;0;0;0;0;0;0;0;0;2214;0;0;76;0;10;0;
1353;1111655;913555456;12652544;1023102976;0;0;0;0;0;0;0;0;0;0;0;2184;0;0;76;0;10;0;
1354;1662107;913555456;12652544;1023102976;0;0;0;0;0;0;0;0;0;0;0;2164;0;0;76;0;10;0;
1355;1135660;913555456;12652544;1023102976;0;0;0;0;0;0;0;0;0;0;0;2264;0;0;76;0;10;0;
1356;1082971;913555456;12652544;1023102976;0;0;0;0;0;0;0;0;0;0;0;2345;0;0;76;0;10;0;
1357;1114380;913555456;12652544;1023102976;0;0;0;0;0;0;0;0;0;0;0;2074;0;0;76;0;10;0;
1358;1307943;913555456;12652544;1023102976;0;0;0;0;0;0;0;0;0;0;0;2184;0;0;76;0;10;0;
1359;1113498;913555456;12652544;1023102976;0;0;0;0;0;0;0;0;0;0;0;2013;0;0;76;0;10;0;
1360;1135389;913555456;12652544;1023102976;0;0;0;0;0;0;0;0;0;0;0;2154;0;0;76;0;10;0;
1361;1101316;913555456;12652544;1023102976;0;0;0;0;0;0;0;0;0;0;0;2164;0;0;76;0;10;0;
1362;1721168;913555456;12652544;1023102976;0;0;0;0;0;0;0;0;0;0;0;2344;0;0;76;0;10;0;
1363;1928707;913555456;12652544;1023102976;0;0;0;0;0;0;0;0;0;0;0;2766;0;0;76;0;10;0;
1364;1731757;913797120;12652544;1023102976;0;0;0;0;0;0;0;0;0;0;0;2715;0;0;76;0;10;0;
1365;1405906;913797120;12652544;1023102976;0;0;0;0;0;0;0;0;0;0;0;2836;0;0;76;0;10;0;
1366;1334283;913797120;12652544;1023102976;0;0;0;0;0;0;0;0;0;0;0;3336;0;0;76;0;10;0;
1367;1345132;913797120;12652544;1023102976;0;0;0;0;0;0;0;0;0;0;0;2926;0;0;76;0;10;0;
1368;1292443;913797120;12652544;1023102976;0;0;0;0;0;0;0;0;0;0;0;3256;0;0;76;0;10;0;
1369;2923974;920088576;12652544;1039880192;0;0;0;0;0;0;0;0;0;0;0;3236;0;0;77;0;10;0;
1370;2322285;920088576;12652544;1039880192;0;0;0;0;0;0;0;0;0;0;0;3105;0;0;77;0;10;0;
1371;1386260;920088576;12652544;1039880192;0;0;0;0;0;0;0;0;0;0;0;3296;0;0;77;0;10;0;
1372;1365742;920088576;12652544;1039880192;0;0;0;0;0;0;0;0;0;0;0;2825;0;0;77;0;10;0;
1373;1336707;920088576;12652544;1039880192;0;0;0;0;0;0;0;0;0;0;0;3246;0;0;77;0;10;0;
1374;1504080;920088576;12652544;1039880192;0;0;0;0;0;0;0;0;0;0;0;2825;0;0;77;0;10;0;
1375;1346545;920088576;12652544;1039880192;0;0;0;0;0;0;0;0;0;0;0;2855;0;0;77;0;10;0;
1376;1426274;920088576;12652544;1039880192;0;0;0;0;0;0;0;0;0;0;0;2826;0;0;77;0;10;0;
1377;1380459;920088576;12652544;1039880192;0;0;0;0;0;0;0;0;0;0;0;2835;0;0;77;0;10;0;
1378;2145904;920104960;12644352;1039872000;0;0;0;0;0;0;0;0;0;0;0;2825;0;0;77;0;10;0;
1379;4671040;924151808;12644352;1039872000;0;0;0;0;0;0;0;0;0;0;0;2956;0;0;78;0;10;0;
1380;1350803;924151808;12644352;1039872000;0;0;0;0;0;0;0;0;0;0;0;3206;0;0;78;0;10;0;
1381;1394505;924151808;12644352;1039872000;0;0;0;0;0;0;0;0;0;0;0;2885;0;0;78;0;10;0;
1382;1334683;924151808;12644352;1039872000;0;0;0;0;0;0;0;0;0;0;0;2795;0;0;78;0;10;0;
1383;1423700;924151808;12644352;1039872000;0;0;0;0;0;0;0;0;0;0;0;3156;0;0;78;0;10;0;
1384;1389105;924151808;12644352;1039872000;0;0;0;0;0;0;0;0;0;0;0;2846;0;0;78;0;10;0;
1385;1386040;924151808;12644352;1039872000;0;0;0;0;0;0;0;0;0;0;0;2766;0;0;78;0;10;0;
1386;2021261;924151808;12644352;1039872000;0;0;0;0;0;0;0;0;0;0;0;3106;0;0;78;0;10;0;
1387;1352627;924151808;12644352;1039872000;0;0;0;0;0;0;0;0;0;0;0;2735;0;0;78;0;10;0;
1388;3647640;928399360;12644352;1039872000;0;0;0;0;0;0;0;0;0;0;0;3005;0;0;79;0;10;0;
1389;1454588;928399360;12644352;1039872000;0;0;0;0;0;0;0;0;0;0;0;2866;0;0;79;0;10;0;
1390;1327139;928399360;12644352;1039872000;0;0;0;0;0;0;0;0;0;0;0;2735;0;0;79;0;10;0;
1391;1446042;928399360;12644352;1039872000;0;0;0;0;0;0;0;0;0;0;0;2815;0;0;79;0;10;0;
1392;1353388;928399360;12644352;1039872000;0;0;0;0;0;0;0;0;0;0;0;3016;0;0;79;0;10;0;
1393;1381340;928399360;12644352;1039872000;0;0;0;0;0;0;0;0;0;0;0;2986;0;0;79;0;10;0;
1394;4419989;928399360;12644352;1039872000;0;0;0;0;0;0;0;0;0;0;0;2885;0;0;79;0;10;0;
1395;3661026;928399360;12652544;1039880192;0;0;0;0;0;0;0;0;0;0;0;2976;0;0;79;0;10;0;
1396;1516795;928399360;12652544;1039880192;0;0;0;0;0;0;0;0;0;0;0;3065;0;0;79;0;10;0;
1397;1380840;928399360;12652544;1039880192;0;0;0;0;0;0;0;0;0;0;0;2956;0;0;79;0;10;0;
1398;1416407;928399360;12652544;1039880192;0;0;0;0;0;0;0;0;0;0;0;2976;0;0;79;0;10;0;
1399;1360742;928399360;12652544;1039880192;0;0;0;0;0;0;0;0;0;0;0;2986;0;0;79;0;10;0;
1400;2040036;928399360;12652544;1039880192;0;0;0;0;0;0;0;0;0;0;0;3446;0;0;79;0;10;0;
1401;1793053;928399360;12652544;1039880192;0;0;0;0;0;0;0;0;0;0;0;3016;0;0;79;0;10;0;
1402;2028374;928399360;12652544;1039880192;0;0;0;0;0;0;0;0;0;0;0;3065;0;0;79;0;10;0;
1403;1401989;928399360;12652544;1039880192;0;0;0;0;0;0;0;0;0;0;0;3497;0;0;79;0;10;0;
1404;1364820;928399360;12652544;1039880192;0;0;0;0;0;0;0;0;0;0;0;3116;0;0;79;0;10;0;
1405;1469837;928399360;12652544;1039880192;0;0;0;0;0;0;0;0;0;0;0;2896;0;0;79;0;10;0;
1406;1321669;928399360;12652544;1039880192;0;0;0;0;0;0;0;0;0;0;0;3276;0;0;79;0;10;0;
1407;1419252;928399360;12652544;1039880192;0;0;0;0;0;0;0;0;0;0;0;3106;0;0;79;0;10;0;
1408;1394385;928399360;12652544;1039880192;0;0;0;0;0;0;0;0;0;0;0;2805;0;0;79;0;10;0;
1409;2092725;928399360;12652544;1039880192;0;0;0;0;0;0;0;0;0;0;0;3156;0;0;79;0;10;0;
1410;1373325;928399360;12652544;1039880192;0;0;0;0;0;0;0;0;0;0;0;3366;0;0;79;0;10;0;
1411;1438889;928399360;12652544;1039880192;0;0;0;0;0;0;0;0;0;0;0;2895;0;0;79;0;10;0;
1412;1407960;928399360;12652544;1039880192;0;0;0;0;0;0;0;0;0;0;0;2986;0;0;79;0;10;0;
1413;1410155;928399360;12652544;1039880192;0;0;0;0;0;0;0;0;0;0;0;2855;0;0;79;0;10;0;
1414;1390147;928399360;12652544;1039880192;0;0;0;0;0;0;0;0;0;0;0;2805;0;0;79;0;10;0;
1415;1383083;928399360;12652544;1039880192;0;0;0;0;0;0;0;0;0;0;0;2955;0;0;79;0;10;0;
1416;2059372;928399360;12652544;1039880192;0;0;0;0;0;0;0;0;0;0;0;2905;0;0;79;0;10;0;
1417;1501556;928399360;12652544;1039880192;0;0;0;0;0;0;0;0;0;0;0;2946;0;0;79;0;10;0;
1418;1405085;928399360;12652544;1039880192;0;0;0;0;0;0;0;0;0;0;0;2936;0;0;79;0;10;0;
1419;2057729;928399360;12652544;1039880192;0;0;0;0;0;0;0;0;0;0;0;2895;0;0;79;0;10;0;
1420;1597807;928399360;12652544;1039880192;0;0;0;0;0;0;0;0;0;0;0;2875;0;0;79;0;10;0;
1421;1410265;928399360;12652544;1039880192;0;0;0;0;0;0;0;0;0;0;0;2945;0;0;79;0;10;0;
1422;1364389;928399360;12652544;1039880192;0;0;0;0;0;0;0;0;0;0;0;2905;0;0;79;0;10;0;
1423;1985573;928399360;12652544;1039880192;0;0;0;0;0;0;0;0;0;0;0;3066;0;0;79;0;10;0;
1424;1372123;928399360;12652544;1039880192;0;0;0;0;0;0;0;0;0;0;0;3146;0;0;79;0;10;0;
1425;1345624;928399360;12652544;1039880192;0;0;0;0;0;0;0;0;0;0;0;2885;0;0;79;0;10;0;
1426;4293882;932446208;12652544;1039880192;0;0;0;0;0;0;0;0;0;0;0;3466;0;0;80;0;10;0;
1427;1593278;932446208;12652544;1039880192;0;0;0;0;0;0;0;0;0;0;0;2836;0;0;80;0;10;0;
1428;1618645;932446208;12652544;1039880192;0;0;0;0;0;0;0;0;0;0;0;3026;0;0;80;0;10;0;
1429;1368256;932446208;12652544;1039880192;0;0;0;0;0;0;0;0;0;0;0;2875;0;0;80;0;10;0;
1430;2137478;932446208;12652544;1039880192;0;0;0;0;0;0;0;0;0;0;0;2796;0;0;80;0;10;0;
1431;1431495;932446208;12652544;1039880192;0;0;0;0;0;0;0;0;0;0;0;3096;0;0;80;0;10;0;
1432;1367505;932446208;12652544;1039880192;0;0;0;0;0;0;0;0;0;0;0;2826;0;0;80;0;10;0;
1433;1389035;932446208;12652544;1039880192;0;0;0;0;0;0;0;0;0;0;0;2895;0;0;80;0;10;0;
1434;1362155;932446208;12652544;1039880192;0;0;0;0;0;0;0;0;0;0;0;2896;0;0;80;0;10;0;
1435;1414092;932446208;12652544;1039880192;0;0;0;0;0;0;0;0;0;0;0;2866;0;0;80;0;10;0;
1436;1367986;932446208;12652544;1039880192;0;0;0;0;0;0;0;0;0;0;0;2875;0;0;80;0;10;0;
1437;2007725;932446208;12652544;1039880192;0;0;0;0;0;0;0;0;0;0;0;2815;0;0;80;0;10;0;
1438;1388354;932446208;12652544;1039880192;0;0;0;0;0;0;0;0;0;0;0;2825;0;0;80;0;10;0;
1439;1340684;932446208;12652544;1039880192;0;0;0;0;0;0;0;0;0;0;0;2845;0;0;80;0;10;0;
1440;1323623;932446208;12652544;1039880192;0;0;0;0;0;0;0;0;0;0;0;2935;0;0;80;0;10;0;
1441;1384276;932446208;12652544;1039880192;0;0;0;0;0;0;0;0;0;0;0;2845;0;0;80;0;10;0;
1442;1499161;932446208;12652544;1039880192;0;0;0;0;0;0;0;0;0;0;0;2825;0;0;80;0;10;0;
1443;1341586;932446208;12652544;1039880192;0;0;0;0;0;0;0;0;0;0;0;2815;0;0;80;0;10;0;
1444;1419562;932446208;12652544;1039880192;0;0;0;0;0;0;0;0;0;0;0;2775;0;0;80;0;10;0;
1445;2153298;932614144;12644352;1039872000;0;0;0;0;0;0;0;0;0;0;0;2866;0;0;80;0;10;0;
1446;4549242;936665088;12644352;1039872000;0;0;0;0;0;0;0;0;0;0;0;3096;0;0;81;0;10;0;
1447;1474485;936665088;12644352;1039872000;0;0;0;0;0;0;0;0;0;0;0;3236;0;0;81;0;10;0;
1448;1418280;936665088;12644352;1039872000;0;0;0;0;0;0;0;0;0;0;0;2895;0;0;81;0;10;0;
1449;2294002;936665088;12644352;1039872000;0;0;0;0;0;0;0;0;0;0;0;2785;0;0;81;0;10;0;
1450;2117180;940859392;12644352;1056649216;0;0;0;0;0;0;0;0;0;0;0;2835;0;0;81;0;10;0;
1451;1353399;940859392;12644352;1056649216;0;0;0;0;0;0;0;0;0;0;0;3126;0;0;81;0;10;0;
1452;2193984;940859392;12644352;1056649216;0;0;0;0;0;0;0;0;0;0;0;3036;0;0;81;0;10;0;
1453;1390738;940859392;12644352;1056649216;0;0;0;0;0;0;0;0;0;0;0;3116;0;0;81;0;10;0;
1454;1565396;940859392;12644352;1056649216;0;0;0;0;0;0;0;0;0;0;0;2936;0;0;81;0;10;0;
1455;1382303;940859392;12644352;1056649216;0;0;0;0;0;0;0;0;0;0;0;3297;0;0;81;0;10;0;
1456;1517817;940859392;12644352;1056649216;0;0;0;0;0;0;0;0;0;0;0;2976;0;0;81;0;10;0;
1457;2325140;940859392;12644352;1056649216;0;0;0;0;0;0;0;0;0;0;0;3286;0;0;81;0;10;0;
1458;1774328;940859392;12644352;1056649216;0;0;0;0;0;0;0;0;0;0;0;3016;0;0;81;0;10;0;
1459;1385428;940859392;12644352;1056649216;0;0;0;0;0;0;0;0;0;0;0;2866;0;0;81;0;10;0;
1460;4377019;940859392;12644352;1056649216;0;0;0;0;0;0;0;0;0;0;0;3276;0;0;81;0;10;0;
1461;3517227;940859392;12648448;1056653312;0;0;0;0;0;0;0;0;0;0;0;3436;0;0;81;0;10;0;
1462;1558132;940859392;12648448;1056653312;0;0;0;0;0;0;0;0;0;0;0;3427;0;0;81;0;10;0;
1463;1395527;940859392;12648448;1056653312;0;0;0;0;0;0;0;0;0;0;0;2896;0;0;81;0;10;0;
1464;1342798;940859392;12648448;1056653312;0;0;0;0;0;0;0;0;0;0;0;3046;0;0;81;0;10;0;
1465;2568677;940859392;12648448;1056653312;0;0;0;0;0;0;0;0;0;0;0;3677;0;0;81;0;10;0;
1466;1705569;940859392;12648448;1056653312;0;0;0;0;0;0;0;0;0;0;0;3316;0;0;81;0;10;0;
1467;1383004;940859392;12648448;1056653312;0;0;0;0;0;0;0;0;0;0;0;2886;0;0;81;0;10;0;
1468;2004580;940859392;12648448;1056653312;0;0;0;0;0;0;0;0;0;0;0;2926;0;0;81;0;10;0;
1469;1344792;940859392;12648448;1056653312;0;0;0;0;0;0;0;0;0;0;0;3337;0;0;81;0;10;0;
1470;1339883;940859392;12648448;1056653312;0;0;0;0;0;0;0;0;0;0;0;2966;0;0;81;0;10;0;
1471;3036885;947392512;12648448;1073430528;0;0;0;0;0;0;0;0;0;0;0;3777;0;0;82;0;10;0;
1472;1601563;947392512;12648448;1073430528;0;0;0;0;0;0;0;0;0;0;0;3146;0;0;82;0;10;0;
1473;2160372;947392512;12648448;1073430528;0;0;0;0;0;0;0;0;0;0;0;3035;0;0;82;0;10;0;
1474;1670052;947392512;12648448;1073430528;0;0;0;0;0;0;0;0;0;0;0;3196;0;0;82;0;10;0;
1475;2097423;947392512;12648448;1073430528;0;0;0;0;0;0;0;0;0;0;0;2384;0;0;82;0;10;0;
1476;1356113;947392512;12648448;1073430528;0;0;0;0;0;0;0;0;0;0;0;3287;0;0;82;0;10;0;
1477;1385729;947392512;12648448;1073430528;0;0;0;0;0;0;0;0;0;0;0;2956;0;0;82;0;10;0;
1478;1396218;947392512;12648448;1073430528;0;0;0;0;0;0;0;0;0;0;0;2905;0;0;82;0;10;0;
1479;1320356;947392512;12648448;1073430528;0;0;0;0;0;0;0;0;0;0;0;3096;0;0;82;0;10;0;
1480;3666446;951623680;12648448;1073430528;0;0;0;0;0;0;0;0;0;0;0;2966;0;0;83;0;10;0;
1481;1503820;951623680;12648448;1073430528;0;0;0;0;0;0;0;0;0;0;0;3106;0;0;83;0;10;0;
1482;2019848;951623680;12648448;1073430528;0;0;0;0;0;0;0;0;0;0;0;3216;0;0;83;0;10;0;
1483;1477671;951623680;12648448;1073430528;0;0;0;0;0;0;0;0;0;0;0;3006;0;0;83;0;10;0;
1484;2298952;951623680;12648448;1073430528;0;0;0;0;0;0;0;0;0;0;0;2805;0;0;83;0;10;0;
1485;1729654;951623680;12648448;1073430528;0;0;0;0;0;0;0;0;0;0;0;2825;0;0;83;0;10;0;
1486;1427858;951623680;12648448;1073430528;0;0;0;0;0;0;0;0;0;0;0;2935;0;0;83;0;10;0;
1487;1334192;951623680;12648448;1073430528;0;0;0;0;0;0;0;0;0;0;0;3126;0;0;83;0;10;0;
1488;1353869;951623680;12648448;1073430528;0;0;0;0;0;0;0;0;0;0;0;2966;0;0;83;0;10;0;
1489;3631721;957915136;12648448;1090207744;0;0;0;0;0;0;0;0;0;0;0;2986;0;0;84;0;10;0;
1490;1677776;957915136;12648448;1090207744;0;0;0;0;0;0;0;0;0;0;0;3106;0;0;84;0;10;0;
1491;1332349;957915136;12648448;1090207744;0;0;0;0;0;0;0;0;0;0;0;2986;0;0;84;0;10;0;
1492;2643868;957915136;12648448;1090207744;0;0;0;0;0;0;0;0;0;0;0;2915;0;0;84;0;10;0;
1493;1571326;957915136;12648448;1090207744;0;0;0;0;0;0;0;0;0;0;0;2875;0;0;84;0;10;0;
1494;1358698;957915136;12648448;1090207744;0;0;0;0;0;0;0;0;0;0;0;3135;0;0;84;0;10;0;
1495;1381662;957915136;12648448;1090207744;0;0;0;0;0;0;0;0;0;0;0;2796;0;0;84;0;10;0;
1496;1998097;957915136;12648448;1090207744;0;0;0;0;0;0;0;0;0;0;0;2895;0;0;84;0;10;0;
1497;1354600;957915136;12648448;1090207744;0;0;0;0;0;0;0;0;0;0;0;3116;0;0;84;0;10;0;
1498;4508716;961945600;12648448;1090207744;0;0;0;0;0;0;0;0;0;0;0;2805;0;0;85;0;10;0;
1499;1433107;961945600;12648448;1090207744;0;0;0;0;0;0;0;0;0;0;0;2945;0;0;85;0;10;0;
1500;1376612;961945600;12648448;1090207744;0;0;0;0;0;0;0;0;0;0;0;3176;0;0;85;0;10;0;
1501;1364719;961945600;12648448;1090207744;0;0;0;0;0;0;0;0;0;0;0;2775;0;0;85;0;10;0;
1502;1344431;961945600;12648448;1090207744;0;0;0;0;0;0;0;0;0;0;0;2905;0;0;85;0;10;0;
1503;2074089;961945600;12648448;1090207744;0;0;0;0;0;0;0;0;0;0;0;2765;0;0;85;0;10;0;
1504;1373907;961945600;12648448;1090207744;0;0;0;0;0;0;0;0;0;0;0;2726;0;0;85;0;10;0;
1505;1418680;961945600;12648448;1090207744;0;0;0;0;0;0;0;0;0;0;0;2966;0;0;85;0;10;0;
1506;1356885;961945600;12648448;1090207744;0;0;0;0;0;0;0;0;0;0;0;3066;0;0;85;0;10;0;
1507;5605142;966197248;12648448;1090207744;0;0;0;0;0;0;0;0;0;0;0;4389;0;0;86;0;10;0;
1508;1772354;966197248;12648448;1090207744;0;0;0;0;0;0;0;0;0;0;0;2815;0;0;86;0;10;0;
1509;1421696;966197248;12648448;1090207744;0;0;0;0;0;0;0;0;0;0;0;2995;0;0;86;0;10;0;
1510;2178275;966381568;12644352;1090203648;0;0;0;0;0;0;0;0;0;0;0;2746;0;0;86;0;10;0;
1511;1385438;966381568;12644352;1090203648;0;0;0;0;0;0;0;0;0;0;0;2896;0;0;86;0;10;0;
1512;1354400;966381568;12644352;1090203648;0;0;0;0;0;0;0;0;0;0;0;3026;0;0;86;0;10;0;
1513;2203041;966381568;12644352;1090203648;0;0;0;0;0;0;0;0;0;0;0;2885;0;0;86;0;10;0;
1514;1319514;966381568;12644352;1090203648;0;0;0;0;0;0;0;0;0;0;0;2785;0;0;86;0;10;0;
1515;3135200;972673024;12644352;1106980864;0;0;0;0;0;0;0;0;0;0;0;3567;0;0;87;0;10;0;
1516;1977058;972673024;12644352;1106980864;0;0;0;0;0;0;0;0;0;0;0;2785;0;0;87;0;10;0;
1517;4397246;972673024;12644352;1106980864;0;0;0;0;0;0;0;0;0;0;0;3095;0;0;87;0;10;0;
1518;3599190;972673024;12652544;1106989056;0;0;0;0;0;0;0;0;0;0;0;3175;0;0;87;0;10;0;
1519;1419432;972673024;12652544;1106989056;0;0;0;0;0;0;0;0;0;0;0;3026;0;0;87;0;10;0;
1520;1374838;972673024;12652544;1106989056;0;0;0;0;0;0;0;0;0;0;0;2845;0;0;87;0;10;0;
1521;3442456;974540800;12652544;1106989056;0;0;0;0;0;0;0;0;0;0;0;2925;0;0;88;0;10;0;
1522;1697544;974540800;12652544;1106989056;0;0;0;0;0;0;0;0;0;0;0;3036;0;0;88;0;10;0;
1523;1324233;974540800;12652544;1106989056;0;0;0;0;0;0;0;0;0;0;0;2345;0;0;88;0;10;0;
1524;1339532;974540800;12652544;1106989056;0;0;0;0;0;0;0;0;0;0;0;2816;0;0;88;0;10;0;
1525;2041889;974540800;12652544;1106989056;0;0;0;0;0;0;0;0;0;0;0;2795;0;0;88;0;10;0;
1526;1332729;974540800;12652544;1106989056;0;0;0;0;0;0;0;0;0;0;0;2435;0;0;88;0;10;0;
1527;1365320;974540800;12652544;1106989056;0;0;0;0;0;0;0;0;0;0;0;2885;0;0;88;0;10;0;
1528;1363297;974540800;12652544;1106989056;0;0;0;0;0;0;0;0;0;0;0;2855;0;0;88;0;10;0;
1529;1348599;974540800;12652544;1106989056;0;0;0;0;0;0;0;0;0;0;0;2896;0;0;88;0;10;0;
1530;1289689;974540800;12652544;1106989056;0;0;0;0;0;0;0;0;0;0;0;2815;0;0;88;0;10;0;
1531;1445010;974540800;12652544;1106989056;0;0;0;0;0;0;0;0;0;0;0;2745;0;0;88;0;10;0;
1532;2033013;974540800;12652544;1106989056;0;0;0;0;0;0;0;0;0;0;0;2775;0;0;88;0;10;0;
1533;1293175;974540800;12652544;1106989056;0;0;0;0;0;0;0;0;0;0;0;2745;0;0;88;0;10;0;
1534;1285971;974540800;12652544;1106989056;0;0;0;0;0;0;0;0;0;0;0;2705;0;0;88;0;10;0;
1535;1263901;974540800;12652544;1106989056;0;0;0;0;0;0;0;0;0;0;0;2785;0;0;88;0;10;0;
1536;1260013;974540800;12652544;1106989056;0;0;0;0;0;0;0;0;0;0;0;2916;0;0;88;0;10;0;
1537;1301401;974540800;12652544;1106989056;0;0;0;0;0;0;0;0;0;0;0;3136;0;0;88;0;10;0;
1538;1511214;974540800;12652544;1106989056;0;0;0;0;0;0;0;0;0;0;0;3056;0;0;88;0;10;0;
1539;1806498;974540800;12652544;1106989056;0;0;0;0;0;0;0;0;0;0;0;3166;0;0;88;0;10;0;
1540;1306200;974540800;12652544;1106989056;0;0;0;0;0;0;0;0;0;0;0;2825;0;0;88;0;10;0;
1541;1240757;974540800;12652544;1106989056;0;0;0;0;0;0;0;0;0;0;0;2675;0;0;88;0;10;0;
1542;1240917;974540800;12652544;1106989056;0;0;0;0;0;0;0;0;0;0;0;3016;0;0;88;0;10;0;
1543;1360011;974540800;12652544;1106989056;0;0;0;0;0;0;0;0;0;0;0;2915;0;0;88;0;10;0;
1544;1265383;974540800;12652544;1106989056;0;0;0;0;0;0;0;0;0;0;0;2755;0;0;88;0;10;0;
1545;1241037;974540800;12652544;1106989056;0;0;0;0;0;0;0;0;0;0;0;3056;0;0;88;0;10;0;
1546;1840191;974540800;12652544;1106989056;0;0;0;0;0;0;0;0;0;0;0;2945;0;0;88;0;10;0;
1547;1231559;974540800;12652544;1106989056;0;0;0;0;0;0;0;0;0;0;0;2435;0;0;88;0;10;0;
1548;1251597;974540800;12652544;1106989056;0;0;0;0;0;0;0;0;0;0;0;2905;0;0;88;0;10;0;
1549;1244715;974540800;12652544;1106989056;0;0;0;0;0;0;0;0;0;0;0;2685;0;0;88;0;10;0;
1550;2443933;974540800;12652544;1106989056;0;0;0;0;0;0;0;0;0;0;0;3386;0;0;88;0;10;0;
1551;1313433;974540800;12652544;1106989056;0;0;0;0;0;0;0;0;0;0;0;2765;0;0;88;0;10;0;
1552;1256877;974540800;12652544;1106989056;0;0;0;0;0;0;0;0;0;0;0;3106;0;0;88;0;10;0;
1553;1820825;974540800;12652544;1106989056;0;0;0;0;0;0;0;0;0;0;0;3005;0;0;88;0;10;0;
1554;1340814;974540800;12652544;1106989056;0;0;0;0;0;0;0;0;0;0;0;3437;0;0;88;0;10;0;
1555;1263560;974540800;12652544;1106989056;0;0;0;0;0;0;0;0;0;0;0;3166;0;0;88;0;10;0;
1556;1202445;974540800;12652544;1106989056;0;0;0;0;0;0;0;0;0;0;0;2685;0;0;88;0;10;0;
1557;1186505;974540800;12652544;1106989056;0;0;0;0;0;0;0;0;0;0;0;2946;0;0;88;0;10;0;
1558;1211321;974540800;12652544;1106989056;0;0;0;0;0;0;0;0;0;0;0;2404;0;0;88;0;10;0;
1559;1189531;974540800;12652544;1106989056;0;0;0;0;0;0;0;0;0;0;0;2746;0;0;88;0;10;0;
1560;1991555;974540800;12652544;1106989056;0;0;0;0;0;0;0;0;0;0;0;2986;0;0;88;0;10;0;
1561;1352627;974540800;12652544;1106989056;0;0;0;0;0;0;0;0;0;0;0;2675;0;0;88;0;10;0;
1562;1405536;974540800;12652544;1106989056;0;0;0;0;0;0;0;0;0;0;0;2745;0;0;88;0;10;0;
1563;1194250;974540800;12652544;1106989056;0;0;0;0;0;0;0;0;0;0;0;3477;0;0;88;0;10;0;
1564;1187276;974540800;12652544;1106989056;0;0;0;0;0;0;0;0;0;0;0;2715;0;0;88;0;10;0;
1565;1239425;974540800;12652544;1106989056;0;0;0;0;0;0;0;0;0;0;0;2695;0;0;88;0;10;0;
1566;1298966;974540800;12652544;1106989056;0;0;0;0;0;0;0;0;0;0;0;3106;0;0;88;0;10;0;
1567;1797280;974786560;12644352;1106980864;0;0;0;0;0;0;0;0;0;0;0;2915;0;0;88;0;10;0;
1568;1201714;974786560;12644352;1106980864;0;0;0;0;0;0;0;0;0;0;0;2705;0;0;88;0;10;0;
1569;1266726;974786560;12644352;1106980864;0;0;0;0;0;0;0;0;0;0;0;3086;0;0;88;0;10;0;
1570;1199679;974786560;12644352;1106980864;0;0;0;0;0;0;0;0;0;0;0;2815;0;0;88;0;10;0;
1571;1244734;974786560;12644352;1106980864;0;0;0;0;0;0;0;0;0;0;0;3196;0;0;88;0;10;0;
1572;1427487;974786560;12644352;1106980864;0;0;0;0;0;0;0;0;0;0;0;3096;0;0;88;0;10;0;
1573;1228785;974786560;12644352;1106980864;0;0;0;0;0;0;0;0;0;0;0;4508;0;0;88;0;10;0;
1574;4330712;974786560;12644352;1106980864;0;0;0;0;0;0;0;0;0;0;0;3156;0;0;88;0;10;0;
1575;3519030;974786560;12652544;1106989056;0;0;0;0;0;0;0;0;0;0;0;3286;0;0;88;0;10;0;
1576;1799355;974786560;12652544;1106989056;0;0;0;0;0;0;0;0;0;0;0;3226;0;0;88;0;10;0;
1577;1269181;974786560;12652544;1106989056;0;0;0;0;0;0;0;0;0;0;0;3136;0;0;88;0;10;0;
1578;1275973;974786560;12652544;1106989056;0;0;0;0;0;0;0;0;0;0;0;3356;0;0;88;0;10;0;
1579;1232922;974786560;12652544;1106989056;0;0;0;0;0;0;0;0;0;0;0;3286;0;0;88;0;10;0;
1580;1248692;974786560;12652544;1106989056;0;0;0;0;0;0;0;0;0;0;0;3096;0;0;88;0;10;0;
1581;1291792;974786560;12652544;1106989056;0;0;0;0;0;0;0;0;0;0;0;3146;0;0;88;0;10;0;
1582;1830533;974786560;12652544;1106989056;0;0;0;0;0;0;0;0;0;0;0;3316;0;0;88;0;10;0;
1583;1281624;974786560;12652544;1106989056;0;0;0;0;0;0;0;0;0;0;0;3677;0;0;88;0;10;0;
1584;1294087;974786560;12652544;1106989056;0;0;0;0;0;0;0;0;0;0;0;2875;0;0;88;0;10;0;
1585;1508228;974786560;12652544;1106989056;0;0;0;0;0;0;0;0;0;0;0;2785;0;0;88;0;10;0;
1586;1450861;974786560;12652544;1106989056;0;0;0;0;0;0;0;0;0;0;0;2695;0;0;88;0;10;0;
1587;1560216;974786560;12652544;1106989056;0;0;0;0;0;0;0;0;0;0;0;2635;0;0;88;0;10;0;
1588;2144011;974786560;12652544;1106989056;0;0;0;0;0;0;0;0;0;0;0;2584;0;0;88;0;10;0;
1589;2861707;974786560;12652544;1106989056;0;0;0;0;0;0;0;0;0;0;0;2725;0;0;88;0;10;0;
1590;1515542;974786560;12652544;1106989056;0;0;0;0;0;0;0;0;0;0;0;2725;0;0;88;0;10;0;
1591;1329653;974786560;12652544;1106989056;0;0;0;0;0;0;0;0;0;0;0;2745;0;0;88;0;10;0;
1592;1310798;974786560;12652544;1106989056;0;0;0;0;0;0;0;0;0;0;0;3346;0;0;88;0;10;0;
1593;1661035;974786560;12652544;1106989056;0;0;0;0;0;0;0;0;0;0;0;2816;0;0;88;0;10;0;
1594;1274250;974786560;12652544;1106989056;0;0;0;0;0;0;0;0;0;0;0;2835;0;0;88;0;10;0;
1595;1925622;974786560;12652544;1106989056;0;0;0;0;0;0;0;0;0;0;0;3156;0;0;88;0;10;0;
1596;1922595;974786560;12652544;1106989056;0;0;0;0;0;0;0;0;0;0;0;2715;0;0;88;0;10;0;
1597;1359870;974786560;12652544;1106989056;0;0;0;0;0;0;0;0;0;0;0;2905;0;0;88;0;10;0;
1598;1287585;974786560;12652544;1106989056;0;0;0;0;0;0;0;0;0;0;0;2645;0;0;88;0;10;0;
1599;1385849;974786560;12652544;1106989056;0;0;0;0;0;0;0;0;0;0;0;2645;0;0;88;0;10;0;
1600;1950979;974786560;12652544;1106989056;0;0;0;0;0;0;0;0;0;0;0;2705;0;0;88;0;10;0;
1601;1449378;974786560;12652544;1106989056;0;0;0;0;0;0;0;0;0;0;0;2615;0;0;88;0;10;0;
1602;1482280;974786560;12652544;1106989056;0;0;0;0;0;0;0;0;0;0;0;3036;0;0;88;0;10;0;
1603;1956109;974786560;12652544;1106989056;0;0;0;0;0;0;0;0;0;0;0;2595;0;0;88;0;10;0;
1604;1330546;974786560;12652544;1106989056;0;0;0;0;0;0;0;0;0;0;0;2735;0;0;88;0;10;0;
1605;1320907;974786560;12652544;1106989056;0;0;0;0;0;0;0;0;0;0;0;2725;0;0;88;0;10;0;
1606;1294628;974786560;12652544;1106989056;0;0;0;0;0;0;0;0;0;0;0;2986;0;0;88;0;10;0;
1607;1366082;974786560;12652544;1106989056;0;0;0;0;0;0;0;0;0;0;0;2875;0;0;88;0;10;0;
1608;1393984;974786560;12652544;1106989056;0;0;0;0;0;0;0;0;0;0;0;2705;0;0;88;0;10;0;
1609;1478673;974786560;12652544;1106989056;0;0;0;0;0;0;0;0;0;0;0;2795;0;0;88;0;10;0;
1610;2288051;974786560;12652544;1106989056;0;0;0;0;0;0;0;0;0;0;0;2795;0;0;88;0;10;0;
1611;1457343;974786560;12652544;1106989056;0;0;0;0;0;0;0;0;0;0;0;3066;0;0;88;0;10;0;
1612;1407760;974786560;12652544;1106989056;0;0;0;0;0;0;0;0;0;0;0;2775;0;0;88;0;10;0;
1613;1386009;974786560;12652544;1106989056;0;0;0;0;0;0;0;0;0;0;0;2715;0;0;88;0;10;0;
1614;1350873;974786560;12652544;1106989056;0;0;0;0;0;0;0;0;0;0;0;2886;0;0;88;0;10;0;
1615;1442155;974786560;12652544;1106989056;0;0;0;0;0;0;0;0;0;0;0;2946;0;0;88;0;10;0;
1616;1354730;974786560;12652544;1106989056;0;0;0;0;0;0;0;0;0;0;0;2875;0;0;88;0;10;0;
1617;1941642;974786560;12652544;1106989056;0;0;0;0;0;0;0;0;0;0;0;2815;0;0;88;0;10;0;
1618;1393424;974786560;12652544;1106989056;0;0;0;0;0;0;0;0;0;0;0;2915;0;0;88;0;10;0;
1619;1993408;974786560;12652544;1106989056;0;0;0;0;0;0;0;0;0;0;0;2665;0;0;88;0;10;0;
1620;1407099;974786560;12652544;1106989056;0;0;0;0;0;0;0;0;0;0;0;2755;0;0;88;0;10;0;
1621;1380289;974786560;12652544;1106989056;0;0;0;0;0;0;0;0;0;0;0;2855;0;0;88;0;10;0;
1622;1349901;974786560;12652544;1106989056;0;0;0;0;0;0;0;0;0;0;0;2776;0;0;88;0;10;0;
1623;1352547;974786560;12652544;1106989056;0;0;0;0;0;0;0;0;0;0;0;2875;0;0;88;0;10;0;
1624;2100209;974786560;12644352;1106980864;0;0;0;0;0;0;0;0;0;0;0;2594;0;0;88;0;10;0;
1625;1347027;974786560;12644352;1106980864;0;0;0;0;0;0;0;0;0;0;0;2906;0;0;88;0;10;0;
1626;1298576;974786560;12644352;1106980864;0;0;0;0;0;0;0;0;0;0;0;2775;0;0;88;0;10;0;
1627;1666786;974786560;12644352;1106980864;0;0;0;0;0;0;0;0;0;0;0;2846;0;0;88;0;10;0;
1628;1349692;974786560;12644352;1106980864;0;0;0;0;0;0;0;0;0;0;0;3036;0;0;88;0;10;0;
1629;1282776;974786560;12644352;1106980864;0;0;0;0;0;0;0;0;0;0;0;2795;0;0;88;0;10;0;
1630;1354540;974786560;12644352;1106980864;0;0;0;0;0;0;0;0;0;0;0;2665;0;0;88;0;10;0;
1631;4332325;974786560;12644352;1106980864;0;0;0;0;0;0;0;0;0;0;0;2835;0;0;88;0;10;0;
1632;3497750;974786560;12652544;1106989056;0;0;0;0;0;0;0;0;0;0;0;2916;0;0;88;0;10;0;
1633;1431515;974786560;12652544;1106989056;0;0;0;0;0;0;0;0;0;0;0;2766;0;0;88;0;10;0;
1634;1349491;974786560;12652544;1106989056;0;0;0;0;0;0;0;0;0;0;0;2685;0;0;88;0;10;0;
1635;1314014;974786560;12652544;1106989056;0;0;0;0;0;0;0;0;0;0;0;2785;0;0;88;0;10;0;
1636;1324524;974786560;12652544;1106989056;0;0;0;0;0;0;0;0;0;0;0;2885;0;0;88;0;10;0;
1637;1342177;974786560;12652544;1106989056;0;0;0;0;0;0;0;0;0;0;0;2795;0;0;88;0;10;0;
1638;2567115;974786560;12652544;1106989056;0;0;0;0;0;0;0;0;0;0;0;2996;0;0;88;0;10;0;
1639;1360761;974786560;12652544;1106989056;0;0;0;0;0;0;0;0;0;0;0;3136;0;0;88;0;10;0;
1640;1404404;974786560;12652544;1106989056;0;0;0;0;0;0;0;0;0;0;0;2955;0;0;88;0;10;0;
1641;1324534;974786560;12652544;1106989056;0;0;0;0;0;0;0;0;0;0;0;3417;0;0;88;0;10;0;
1642;1333360;974786560;12652544;1106989056;0;0;0;0;0;0;0;0;0;0;0;2695;0;0;88;0;10;0;
1643;1413972;974786560;12652544;1106989056;0;0;0;0;0;0;0;0;0;0;0;2865;0;0;88;0;10;0;
1644;1874916;974786560;12652544;1106989056;0;0;0;0;0;0;0;0;0;0;0;2986;0;0;88;0;10;0;
1645;1422989;974786560;12652544;1106989056;0;0;0;0;0;0;0;0;0;0;0;2745;0;0;88;0;10;0;
1646;1370821;974786560;12652544;1106989056;0;0;0;0;0;0;0;0;0;0;0;2775;0;0;88;0;10;0;
1647;1914741;974786560;12652544;1106989056;0;0;0;0;0;0;0;0;0;0;0;3176;0;0;88;0;10;0;
1648;1347006;974786560;12652544;1106989056;0;0;0;0;0;0;0;0;0;0;0;2805;0;0;88;0;10;0;
1649;1427657;974786560;12652544;1106989056;0;0;0;0;0;0;0;0;0;0;0;2805;0;0;88;0;10;0;
1650;1931202;974786560;12652544;1106989056;0;0;0;0;0;0;0;0;0;0;0;2855;0;0;88;0;10;0;
1651;1499311;974786560;12652544;1106989056;0;0;0;0;0;0;0;0;0;0;0;3056;0;0;88;0;10;0;
1652;1280772;974786560;12652544;1106989056;0;0;0;0;0;0;0;0;0;0;0;3166;0;0;88;0;10;0;
1653;1305187;974786560;12652544;1106989056;0;0;0;0;0;0;0;0;0;0;0;2845;0;0;88;0;10;0;
1654;1330204;974786560;12652544;1106989056;0;0;0;0;0;0;0;0;0;0;0;2996;0;0;88;0;10;0;
1655;1321558;974786560;12652544;1106989056;0;0;0;0;0;0;0;0;0;0;0;2625;0;0;88;0;10;0;
1656;1313232;974786560;12652544;1106989056;0;0;0;0;0;0;0;0;0;0;0;2955;0;0;88;0;10;0;
1657;1931823;974786560;12652544;1106989056;0;0;0;0;0;0;0;0;0;0;0;3006;0;0;88;0;10;0;
1658;1356765;974786560;12652544;1106989056;0;0;0;0;0;0;0;0;0;0;0;2875;0;0;88;0;10;0;
1659;1331277;974786560;12652544;1106989056;0;0;0;0;0;0;0;0;0;0;0;2624;0;0;88;0;10;0;
1660;1321388;974786560;12652544;1106989056;0;0;0;0;0;0;0;0;0;0;0;3156;0;0;88;0;10;0;
1661;1899863;974786560;12652544;1106989056;0;0;0;0;0;0;0;0;0;0;0;2765;0;0;88;0;10;0;
1662;1348800;974786560;12652544;1106989056;0;0;0;0;0;0;0;0;0;0;0;2855;0;0;88;0;10;0;
1663;1408742;974786560;12652544;1106989056;0;0;0;0;0;0;0;0;0;0;0;2975;0;0;88;0;10;0;
1664;1849499;974786560;12652544;1106989056;0;0;0;0;0;0;0;0;0;0;0;3186;0;0;88;0;10;0;
1665;1377523;974786560;12652544;1106989056;0;0;0;0;0;0;0;0;0;0;0;2915;0;0;88;0;10;0;
1666;1318302;974786560;12652544;1106989056;0;0;0;0;0;0;0;0;0;0;0;2865;0;0;88;0;10;0;
1667;1320586;974786560;12652544;1106989056;0;0;0;0;0;0;0;0;0;0;0;3196;0;0;88;0;10;0;
1668;1317080;974786560;12652544;1106989056;0;0;0;0;0;0;0;0;0;0;0;2675;0;0;88;0;10;0;
1669;2339387;974786560;12652544;1106989056;0;0;0;0;0;0;0;0;0;0;0;2795;0;0;88;0;10;0;
1670;1349190;974786560;12652544;1106989056;0;0;0;0;0;0;0;0;0;0;0;3016;0;0;88;0;10;0;
1671;1931533;974786560;12652544;1106989056;0;0;0;0;0;0;0;0;0;0;0;3246;0;0;88;0;10;0;
1672;1739131;974786560;12652544;1106989056;0;0;0;0;0;0;0;0;0;0;0;3106;0;0;88;0;10;0;
1673;1353568;974786560;12652544;1106989056;0;0;0;0;0;0;0;0;0;0;0;2836;0;0;88;0;10;0;
1674;1455730;974786560;12652544;1106989056;0;0;0;0;0;0;0;0;0;0;0;2625;0;0;88;0;10;0;
1675;1314816;974786560;12652544;1106989056;0;0;0;0;0;0;0;0;0;0;0;2945;0;0;88;0;10;0;
1676;1332378;974786560;12652544;1106989056;0;0;0;0;0;0;0;0;0;0;0;2705;0;0;88;0;10;0;
1677;1352807;974786560;12652544;1106989056;0;0;0;0;0;0;0;0;0;0;0;3016;0;0;88;0;10;0;
1678;2104857;974786560;12644352;1106980864;0;0;0;0;0;0;0;0;0;0;0;3085;0;0;88;0;10;0;
1679;1351475;974786560;12644352;1106980864;0;0;0;0;0;0;0;0;0;0;0;2935;0;0;88;0;10;0;
1680;1334223;974786560;12644352;1106980864;0;0;0;0;0;0;0;0;0;0;0;2875;0;0;88;0;10;0;
1681;1381260;974786560;12644352;1106980864;0;0;0;0;0;0;0;0;0;0;0;2745;0;0;88;0;10;0;
1682;1345132;974786560;12644352;1106980864;0;0;0;0;0;0;0;0;0;0;0;2936;0;0;88;0;10;0;
1683;1688376;974786560;12644352;1106980864;0;0;0;0;0;0;0;0;0;0;0;3376;0;0;88;0;10;0;
1684;1349782;974786560;12644352;1106980864;0;0;0;0;0;0;0;0;0;0;0;2695;0;0;88;0;10;0;
1685;4326794;974786560;12644352;1106980864;0;0;0;0;0;0;0;0;0;0;0;3256;0;0;88;0;10;0;
1686;3800728;974761984;12914688;1107251200;0;0;0;0;0;0;0;0;0;0;0;2816;0;0;88;0;10;0;
1687;1584151;975032320;13234176;1107570688;0;0;0;0;0;0;0;0;0;0;0;3055;0;0;88;0;10;0;
1688;1439410;975032320;13234176;1107570688;0;0;0;0;0;0;0;0;0;0;0;2665;0;0;88;0;10;0;
1689;1342278;975032320;13234176;1107570688;0;0;0;0;0;0;0;0;0;0;0;2795;0;0;88;0;10;0;
1690;2133451;975302656;13922304;1108258816;0;0;0;0;0;0;0;0;0;0;0;2645;0;0;88;0;10;0;
1691;1487980;975572992;13922304;1108258816;0;0;0;0;0;0;0;0;0;0;0;2685;0;0;88;0;10;0;
1692;2002345;975572992;13922304;1108258816;0;0;0;0;0;0;0;0;0;0;0;2806;0;0;88;0;10;0;
1693;1418911;975572992;13922304;1108258816;0;0;0;0;0;0;0;0;0;0;0;2585;0;0;88;0;10;0;
1694;1430312;975572992;13922304;1108258816;0;0;0;0;0;0;0;0;0;0;0;2735;0;0;88;0;10;0;
1695;1313293;975572992;13922304;1108258816;0;0;0;0;0;0;0;0;0;0;0;2886;0;0;88;0;10;0;
1696;1320146;975572992;13922304;1108258816;0;0;0;0;0;0;0;0;0;0;0;2665;0;0;88;0;10;0;
1697;1379767;975843328;13922304;1108258816;0;0;0;0;0;0;0;0;0;0;0;2985;0;0;88;0;10;0;
1698;2449204;975843328;13922304;1108258816;0;0;0;0;0;0;0;0;0;0;0;2886;0;0;88;0;10;0;
1699;1313704;975843328;13922304;1108258816;0;0;0;0;0;0;0;0;0;0;0;3386;0;0;88;0;10;0;
1700;1348158;975843328;13922304;1108258816;0;0;0;0;0;0;0;0;0;0;0;2886;0;0;88;0;10;0;
1701;1304396;975843328;13922304;1108258816;0;0;0;0;0;0;0;0;0;0;0;2655;0;0;88;0;10;0;
1702;1358999;975843328;13922304;1108258816;0;0;0;0;0;0;0;0;0;0;0;2995;0;0;88;0;10;0;
1703;1275993;975843328;13922304;1108258816;0;0;0;0;0;0;0;0;0;0;0;2845;0;0;88;0;10;0;
1704;2080782;975843328;13922304;1108258816;0;0;0;0;0;0;0;0;0;0;0;2835;0;0;88;0;10;0;
1705;1393604;975843328;13922304;1108258816;0;0;0;0;0;0;0;0;0;0;0;3286;0;0;88;0;10;0;
1706;1348128;975843328;13922304;1108258816;0;0;0;0;0;0;0;0;0;0;0;2736;0;0;88;0;10;0;
1707;1296641;975843328;13922304;1108258816;0;0;0;0;0;0;0;0;0;0;0;2665;0;0;88;0;10;0;
1708;1310217;975843328;13922304;1108258816;0;0;0;0;0;0;0;0;0;0;0;2736;0;0;88;0;10;0;
1709;1299657;975843328;13922304;1108258816;0;0;0;0;0;0;0;0;0;0;0;2735;0;0;88;0;10;0;
1710;2412965;975843328;13922304;1108258816;0;0;0;0;0;0;0;0;0;0;0;2895;0;0;88;0;10;0;
1711;1420614;975843328;13922304;1108258816;0;0;0;0;0;0;0;0;0;0;0;2986;0;0;88;0;10;0;
1712;1312912;975843328;13922304;1108258816;0;0;0;0;0;0;0;0;0;0;0;2695;0;0;88;0;10;0;
1713;1460429;975843328;13922304;1108258816;0;0;0;0;0;0;0;0;0;0;0;2956;0;0;88;0;10;0;
1714;1359289;975843328;13922304;1108258816;0;0;0;0;0;0;0;0;0;0;0;2645;0;0;88;0;10;0;
1715;1469787;975843328;13922304;1108258816;0;0;0;0;0;0;0;0;0;0;0;2775;0;0;88;0;10;0;
1716;7914794;975843328;13922304;1108258816;0;0;0;0;0;0;0;0;0;0;0;3146;0;0;88;0;10;0;
1717;1294086;975843328;13922304;1108258816;0;0;0;0;0;0;0;0;0;0;0;2945;0;0;88;0;10;0;
1718;1288466;975843328;13922304;1108258816;0;0;0;0;0;0;0;0;0;0;0;2846;0;0;88;0;10;0;
1719;1349460;975843328;13922304;1108258816;0;0;0;0;0;0;0;0;0;0;0;2705;0;0;88;0;10;0;
1720;1330696;975843328;13922304;1108258816;0;0;0;0;0;0;0;0;0;0;0;2675;0;0;88;0;10;0;
1721;1271985;975843328;13922304;1108258816;0;0;0;0;0;0;0;0;0;0;0;3076;0;0;88;0;10;0;
1722;2449995;975843328;13922304;1108258816;0;0;0;0;0;0;0;0;0;0;0;3226;0;0;88;0;10;0;
1723;1520722;975843328;13922304;1108258816;0;0;0;0;0;0;0;0;0;0;0;2695;0;0;88;0;10;0;
1724;1263069;975843328;13922304;1108258816;0;0;0;0;0;0;0;0;0;0;0;2825;0;0;88;0;10;0;
1725;1326618;975843328;13922304;1108258816;0;0;0;0;0;0;0;0;0;0;0;2605;0;0;88;0;10;0;
1726;1292414;975843328;13922304;1108258816;0;0;0;0;0;0;0;0;0;0;0;3036;0;0;88;0;10;0;
1727;1290320;975843328;13922304;1108258816;0;0;0;0;0;0;0;0;0;0;0;2725;0;0;88;0;10;0;
1728;4372981;975843328;13922304;1108258816;0;0;0;0;0;0;0;0;0;0;0;2915;0;0;88;0;10;0;
1729;4248337;975929344;13918208;1108254720;0;0;0;0;0;0;0;0;0;0;0;2735;0;0;88;0;10;0;
1730;1467152;975929344;13918208;1108254720;0;0;0;0;0;0;0;0;0;0;0;2906;0;0;88;0;10;0;
1731;1343360;975929344;13918208;1108254720;0;0;0;0;0;0;0;0;0;0;0;2845;0;0;88;0;10;0;
1732;1354951;975929344;13918208;1108254720;0;0;0;0;0;0;0;0;0;0;0;2665;0;0;88;0;10;0;
1733;1295450;975929344;13918208;1108254720;0;0;0;0;0;0;0;0;0;0;0;2695;0;0;88;0;10;0;
1734;1318253;975929344;13918208;1108254720;0;0;0;0;0;0;0;0;0;0;0;2845;0;0;88;0;10;0;
1735;2596159;975929344;13918208;1108254720;0;0;0;0;0;0;0;0;0;0;0;5590;0;0;88;0;10;0;
1736;1327410;975929344;13918208;1108254720;0;0;0;0;0;0;0;0;0;0;0;2915;0;0;88;0;10;0;
1737;1329794;975929344;13918208;1108254720;0;0;0;0;0;0;0;0;0;0;0;2736;0;0;88;0;10;0;
1738;1496106;975929344;13918208;1108254720;0;0;0;0;0;0;0;0;0;0;0;2695;0;0;88;0;10;0;
1739;1398313;975929344;13918208;1108254720;0;0;0;0;0;0;0;0;0;0;0;2675;0;0;88;0;10;0;
1740;1334764;975929344;13918208;1108254720;0;0;0;0;0;0;0;0;0;0;0;2725;0;0;88;0;10;0;
1741;2039705;975929344;13918208;1108254720;0;0;0;0;0;0;0;0;0;0;0;2755;0;0;88;0;10;0;
1742;1333762;975929344;13918208;1108254720;0;0;0;0;0;0;0;0;0;0;0;2995;0;0;88;0;10;0;
1743;1384837;975929344;13918208;1108254720;0;0;0;0;0;0;0;0;0;0;0;2796;0;0;88;0;10;0;
1744;1358818;975929344;13918208;1108254720;0;0;0;0;0;0;0;0;0;0;0;3196;0;0;88;0;10;0;
1745;1403061;975929344;13918208;1108254720;0;0;0;0;0;0;0;0;0;0;0;2775;0;0;88;0;10;0;
1746;1402109;975929344;13918208;1108254720;0;0;0;0;0;0;0;0;0;0;0;2736;0;0;88;0;10;0;
1747;2549250;975929344;13918208;1108254720;0;0;0;0;0;0;0;0;0;0;0;3105;0;0;88;0;10;0;
1748;1339452;975929344;13918208;1108254720;0;0;0;0;0;0;0;0;0;0;0;2625;0;0;88;0;10;0;
1749;1428669;975929344;13918208;1108254720;0;0;0;0;0;0;0;0;0;0;0;2715;0;0;88;0;10;0;
1750;1382543;975929344;13918208;1108254720;0;0;0;0;0;0;0;0;0;0;0;2675;0;0;88;0;10;0;
1751;1446432;975929344;13918208;1108254720;0;0;0;0;0;0;0;0;0;0;0;2705;0;0;88;0;10;0;
1752;1547222;975929344;13918208;1108254720;0;0;0;0;0;0;0;0;0;0;0;2945;0;0;88;0;10;0;
1753;1943074;975929344;13918208;1108254720;0;0;0;0;0;0;0;0;0;0;0;2665;0;0;88;0;10;0;
1754;1339893;975929344;13918208;1108254720;0;0;0;0;0;0;0;0;0;0;0;2665;0;0;88;0;10;0;
1755;1312502;975929344;13918208;1108254720;0;0;0;0;0;0;0;0;0;0;0;2564;0;0;88;0;10;0;
1756;1268519;975929344;13918208;1108254720;0;0;0;0;0;0;0;0;0;0;0;2755;0;0;88;0;10;0;
1757;1314696;975929344;13918208;1108254720;0;0;0;0;0;0;0;0;0;0;0;2765;0;0;88;0;10;0;
1758;1343409;975929344;13918208;1108254720;0;0;0;0;0;0;0;0;0;0;0;3026;0;0;88;0;10;0;
1759;1849128;975929344;13918208;1108254720;0;0;0;0;0;0;0;0;0;0;0;2745;0;0;88;0;10;0;
1760;1306270;975929344;13918208;1108254720;0;0;0;0;0;0;0;0;0;0;0;2575;0;0;88;0;10;0;
1761;1758879;975929344;13918208;1108254720;0;0;0;0;0;0;0;0;0;0;0;2655;0;0;88;0;10;0;
1762;1293556;975929344;13918208;1108254720;0;0;0;0;0;0;0;0;0;0;0;2735;0;0;88;0;10;0;
1763;1385038;975929344;13918208;1108254720;0;0;0;0;0;0;0;0;0;0;0;2635;0;0;88;0;10;0;
1764;1274581;975929344;13918208;1108254720;0;0;0;0;0;0;0;0;0;0;0;2645;0;0;88;0;10;0;
1765;1876399;975929344;13918208;1108254720;0;0;0;0;0;0;0;0;0;0;0;3196;0;0;88;0;10;0;
1766;1293035;975929344;13918208;1108254720;0;0;0;0;0;0;0;0;0;0;0;2985;0;0;88;0;10;0;
1767;1340544;975929344;13918208;1108254720;0;0;0;0;0;0;0;0;0;0;0;2725;0;0;88;0;10;0;
1768;1335013;975929344;13918208;1108254720;0;0;0;0;0;0;0;0;0;0;0;2675;0;0;88;0;10;0;
1769;1301741;975929344;13918208;1108254720;0;0;0;0;0;0;0;0;0;0;0;2725;0;0;88;0;10;0;
1770;1322440;975929344;13918208;1108254720;0;0;0;0;0;0;0;0;0;0;0;2675;0;0;88;0;10;0;
1771;4301106;975929344;13918208;1108254720;0;0;0;0;0;0;0;0;0;0;0;3006;0;0;88;0;10;0;
1772;3980275;975929344;13918208;1108254720;0;0;0;0;0;0;0;0;0;0;0;2885;0;0;88;0;10;0;
1773;1502457;975929344;13918208;1108254720;0;0;0;0;0;0;0;0;0;0;0;2715;0;0;88;0;10;0;
1774;1323593;975929344;13918208;1108254720;0;0;0;0;0;0;0;0;0;0;0;2846;0;0;88;0;10;0;
1775;1314024;975929344;13918208;1108254720;0;0;0;0;0;0;0;0;0;0;0;2715;0;0;88;0;10;0;
1776;1309216;975929344;13918208;1108254720;0;0;0;0;0;0;0;0;0;0;0;2906;0;0;88;0;10;0;
1777;1354951;975929344;13918208;1108254720;0;0;0;0;0;0;0;0;0;0;0;2685;0;0;88;0;10;0;
1778;2462739;975929344;13918208;1108254720;0;0;0;0;0;0;0;0;0;0;0;2915;0;0;88;0;10;0;
1779;1444229;975929344;13918208;1108254720;0;0;0;0;0;0;0;0;0;0;0;2685;0;0;88;0;10;0;
1780;1322220;975929344;13918208;1108254720;0;0;0;0;0;0;0;0;0;0;0;2866;0;0;88;0;10;0;
1781;1315958;975929344;13918208;1108254720;0;0;0;0;0;0;0;0;0;0;0;2926;0;0;88;0;10;0;
1782;1420755;975929344;13918208;1108254720;0;0;0;0;0;0;0;0;0;0;0;2846;0;0;88;0;10;0;
1783;1288125;975929344;13918208;1108254720;0;0;0;0;0;0;0;0;0;0;0;2746;0;0;88;0;10;0;
1784;1845031;975929344;13918208;1108254720;0;0;0;0;0;0;0;0;0;0;0;2785;0;0;88;0;10;0;
1785;1312060;975929344;13918208;1108254720;0;0;0;0;0;0;0;0;0;0;0;2796;0;0;88;0;10;0;
1786;1278848;975929344;13918208;1108254720;0;0;0;0;0;0;0;0;0;0;0;2675;0;0;88;0;10;0;
1787;1279439;975929344;13918208;1108254720;0;0;0;0;0;0;0;0;0;0;0;2725;0;0;88;0;10;0;
1788;1290340;975929344;13918208;1108254720;0;0;0;0;0;0;0;0;0;0;0;2695;0;0;88;0;10;0;
1789;1777484;975929344;13918208;1108254720;0;0;0;0;0;0;0;0;0;0;0;2845;0;0;88;0;10;0;
1790;1865729;975929344;13918208;1108254720;0;0;0;0;0;0;0;0;0;0;0;2705;0;0;88;0;10;0;
1791;1319405;975929344;13918208;1108254720;0;0;0;0;0;0;0;0;0;0;0;2736;0;0;88;0;10;0;
1792;1306820;975929344;13918208;1108254720;0;0;0;0;0;0;0;0;0;0;0;2896;0;0;88;0;10;0;
1793;1445390;975929344;13918208;1108254720;0;0;0;0;0;0;0;0;0;0;0;2845;0;0;88;0;10;0;
1794;1225989;975929344;13918208;1108254720;0;0;0;0;0;0;0;0;0;0;0;2846;0;0;88;0;10;0;
1795;1249353;975929344;13918208;1108254720;0;0;0;0;0;0;0;0;0;0;0;2695;0;0;88;0;10;0;
1796;1922646;975929344;13918208;1108254720;0;0;0;0;0;0;0;0;0;0;0;2715;0;0;88;0;10;0;
1797;1284920;975929344;13918208;1108254720;0;0;0;0;0;0;0;0;0;0;0;2735;0;0;88;0;10;0;
1798;1389135;975929344;13918208;1108254720;0;0;0;0;0;0;0;0;0;0;0;2685;0;0;88;0;10;0;
1799;1856312;975929344;13918208;1108254720;0;0;0;0;0;0;0;0;0;0;0;2736;0;0;88;0;10;0;
1800;1305829;975929344;13918208;1108254720;0;0;0;0;0;0;0;0;0;0;0;2675;0;0;88;0;10;0;
1801;1337599;975929344;13918208;1108254720;0;0;0;0;0;0;0;0;0;0;0;2766;0;0;88;0;10;0;
1802;1935570;975929344;13918208;1108254720;0;0;0;0;0;0;0;0;0;0;0;2725;0;0;88;0;10;0;
1803;1318433;975929344;13918208;1108254720;0;0;0;0;0;0;0;0;0;0;0;2735;0;0;88;0;10;0;
1804;1479996;975929344;13918208;1108254720;0;0;0;0;0;0;0;0;0;0;0;2795;0;0;88;0;10;0;
1805;1203327;975929344;13918208;1108254720;0;0;0;0;0;0;0;0;0;0;0;2776;0;0;88;0;10;0;
1806;1213616;975929344;13918208;1108254720;0;0;0;0;0;0;0;0;0;0;0;2795;0;0;88;0;10;0;
1807;1388635;975929344;13918208;1108254720;0;0;0;0;0;0;0;0;0;0;0;2735;0;0;88;0;10;0;
1808;1918348;975929344;13918208;1108254720;0;0;0;0;0;0;0;0;0;0;0;2695;0;0;88;0;10;0;
1809;1437426;975929344;13918208;1108254720;0;0;0;0;0;0;0;0;0;0;0;2986;0;0;88;0;10;0;
1810;1498610;975929344;13918208;1108254720;0;0;0;0;0;0;0;0;0;0;0;2775;0;0;88;0;10;0;
1811;1303825;975929344;13918208;1108254720;0;0;0;0;0;0;0;0;0;0;0;2625;0;0;88;0;10;0;
1812;1806478;975929344;13918208;1108254720;0;0;0;0;0;0;0;0;0;0;0;2615;0;0;88;0;10;0;
1813;1303104;975929344;13918208;1108254720;0;0;0;0;0;0;0;0;0;0;0;2736;0;0;88;0;10;0;
1814;4368493;975929344;13918208;1108254720;0;0;0;0;0;0;0;0;0;0;0;2785;0;0;88;0;10;0;
1815;3576988;975929344;13918208;1108254720;0;0;0;0;0;0;0;0;0;0;0;2705;0;0;88;0;10;0;
1816;1443558;975929344;13918208;1108254720;0;0;0;0;0;0;0;0;0;0;0;3135;0;0;88;0;10;0;
1817;1504151;975929344;13918208;1108254720;0;0;0;0;0;0;0;0;0;0;0;2775;0;0;88;0;10;0;
1818;1342397;975929344;13918208;1108254720;0;0;0;0;0;0;0;0;0;0;0;3216;0;0;88;0;10;0;
1819;1437886;975929344;13918208;1108254720;0;0;0;0;0;0;0;0;0;0;0;3106;0;0;88;0;10;0;
1820;2237256;975929344;13918208;1108254720;0;0;0;0;0;0;0;0;0;0;0;2695;0;0;88;0;10;0;
1821;2083537;975929344;13918208;1108254720;0;0;0;0;0;0;0;0;0;0;0;3106;0;0;88;0;10;0;
1822;1437506;975929344;13918208;1108254720;0;0;0;0;0;0;0;0;0;0;0;2805;0;0;88;0;10;0;
1823;1657789;975929344;13918208;1108254720;0;0;0;0;0;0;0;0;0;0;0;3006;0;0;88;0;10;0;
1824;1378355;975929344;13918208;1108254720;0;0;0;0;0;0;0;0;0;0;0;2735;0;0;88;0;10;0;
1825;1371652;975929344;13918208;1108254720;0;0;0;0;0;0;0;0;0;0;0;3367;0;0;88;0;10;0;
1826;1346185;975929344;13918208;1108254720;0;0;0;0;0;0;0;0;0;0;0;2806;0;0;88;0;10;0;
1827;1951830;975929344;13918208;1108254720;0;0;0;0;0;0;0;0;0;0;0;2695;0;0;88;0;10;0;
1828;1401799;975929344;13918208;1108254720;0;0;0;0;0;0;0;0;0;0;0;3286;0;0;88;0;10;0;
1829;1365691;975929344;13918208;1108254720;0;0;0;0;0;0;0;0;0;0;0;2665;0;0;88;0;10;0;
1830;1884043;975929344;13918208;1108254720;0;0;0;0;0;0;0;0;0;0;0;2876;0;0;88;0;10;0;
1831;1439249;975929344;13918208;1108254720;0;0;0;0;0;0;0;0;0;0;0;2896;0;0;88;0;10;0;
1832;1399855;975929344;13918208;1108254720;0;0;0;0;0;0;0;0;0;0;0;2735;0;0;88;0;10;0;
1833;2054724;975929344;13918208;1108254720;0;0;0;0;0;0;0;0;0;0;0;3005;0;0;88;0;10;0;
1834;1519369;975929344;13918208;1108254720;0;0;0;0;0;0;0;0;0;0;0;2996;0;0;88;0;10;0;
1835;1487600;975929344;13918208;1108254720;0;0;0;0;0;0;0;0;0;0;0;2745;0;0;88;0;10;0;
1836;1845120;975929344;13918208;1108254720;0;0;0;0;0;0;0;0;0;0;0;2856;0;0;88;0;10;0;
1837;1463184;975929344;13918208;1108254720;0;0;0;0;0;0;0;0;0;0;0;2625;0;0;88;0;10;0;
1838;1981015;975929344;13918208;1108254720;0;0;0;0;0;0;0;0;0;0;0;2855;0;0;88;0;10;0;
1839;2015420;975929344;13918208;1108254720;0;0;0;0;0;0;0;0;0;0;0;2635;0;0;88;0;10;0;
1840;1431715;975929344;13918208;1108254720;0;0;0;0;0;0;0;0;0;0;0;2885;0;0;88;0;10;0;
1841;1394956;975929344;13918208;1108254720;0;0;0;0;0;0;0;0;0;0;0;2816;0;0;88;0;10;0;
1842;1356384;975929344;13918208;1108254720;0;0;0;0;0;0;0;0;0;0;0;3006;0;0;88;0;10;0;
1843;1457263;975929344;13918208;1108254720;0;0;0;0;0;0;0;0;0;0;0;2615;0;0;88;0;10;0;
1844;1383846;975929344;13918208;1108254720;0;0;0;0;0;0;0;0;0;0;0;2695;0;0;88;0;10;0;
1845;1947412;975929344;13918208;1108254720;0;0;0;0;0;0;0;0;0;0;0;2985;0;0;88;0;10;0;
1846;1384065;975929344;13918208;1108254720;0;0;0;0;0;0;0;0;0;0;0;2906;0;0;88;0;10;0;
1847;1552252;975929344;13918208;1108254720;0;0;0;0;0;0;0;0;0;0;0;2615;0;0;88;0;10;0;
1848;1410605;975929344;13918208;1108254720;0;0;0;0;0;0;0;0;0;0;0;2885;0;0;88;0;10;0;
1849;1339723;975929344;13918208;1108254720;0;0;0;0;0;0;0;0;0;0;0;2925;0;0;88;0;10;0;
1850;1355903;975929344;13918208;1108254720;0;0;0;0;0;0;0;0;0;0;0;2905;0;0;88;0;10;0;
1851;1993188;975929344;13918208;1108254720;0;0;0;0;0;0;0;0;0;0;0;3116;0;0;88;0;10;0;
1852;1363948;975929344;13918208;1108254720;0;0;0;0;0;0;0;0;0;0;0;3257;0;0;88;0;10;0;
1853;1984011;975929344;13918208;1108254720;0;0;0;0;0;0;0;0;0;0;0;2805;0;0;88;0;10;0;
1854;1539056;975929344;13918208;1108254720;0;0;0;0;0;0;0;0;0;0;0;2906;0;0;88;0;10;0;
1855;1353959;975929344;13918208;1108254720;0;0;0;0;0;0;0;0;0;0;0;2886;0;0;88;0;10;0;
1856;1385969;975929344;13918208;1108254720;0;0;0;0;0;0;0;0;0;0;0;2955;0;0;88;0;10;0;
1857;4427754;975929344;13918208;1108254720;0;0;0;0;0;0;0;0;0;0;0;3206;0;0;88;0;10;0;
1858;3401218;975929344;13918208;1108254720;0;0;0;0;0;0;0;0;0;0;0;2695;0;0;88;0;10;0;
1859;2668695;975929344;13918208;1108254720;0;0;0;0;0;0;0;0;0;0;0;3256;0;0;88;0;10;0;
1860;1366622;975929344;13918208;1108254720;0;0;0;0;0;0;0;0;0;0;0;2896;0;0;88;0;10;0;
1861;1505313;975929344;13918208;1108254720;0;0;0;0;0;0;0;0;0;0;0;2925;0;0;88;0;10;0;
1862;1410906;975929344;13918208;1108254720;0;0;0;0;0;0;0;0;0;0;0;2635;0;0;88;0;10;0;
1863;1389716;975929344;13918208;1108254720;0;0;0;0;0;0;0;0;0;0;0;2836;0;0;88;0;10;0;
1864;2014077;975929344;13918208;1108254720;0;0;0;0;0;0;0;0;0;0;0;2916;0;0;88;0;10;0;
1865;1380519;975929344;13918208;1108254720;0;0;0;0;0;0;0;0;0;0;0;2665;0;0;88;0;10;0;
1866;1354911;975929344;13918208;1108254720;0;0;0;0;0;0;0;0;0;0;0;2946;0;0;88;0;10;0;
1867;1401739;975929344;13918208;1108254720;0;0;0;0;0;0;0;0;0;0;0;2645;0;0;88;0;10;0;
1868;1370199;975929344;13918208;1108254720;0;0;0;0;0;0;0;0;0;0;0;2935;0;0;88;0;10;0;
1869;1904812;975929344;13918208;1108254720;0;0;0;0;0;0;0;0;0;0;0;2645;0;0;88;0;10;0;
1870;1972118;975929344;13918208;1108254720;0;0;0;0;0;0;0;0;0;0;0;3186;0;0;88;0;10;0;
1871;1466721;975929344;13918208;1108254720;0;0;0;0;0;0;0;0;0;0;0;3025;0;0;88;0;10;0;
1872;1461150;975929344;13918208;1108254720;0;0;0;0;0;0;0;0;0;0;0;2926;0;0;88;0;10;0;
1873;1495294;975929344;13918208;1108254720;0;0;0;0;0;0;0;0;0;0;0;3226;0;0;88;0;10;0;
1874;1382432;975929344;13918208;1108254720;0;0;0;0;0;0;0;0;0;0;0;2775;0;0;88;0;10;0;
1875;1397501;975929344;13918208;1108254720;0;0;0;0;0;0;0;0;0;0;0;2735;0;0;88;0;10;0;
1876;1992537;975929344;13918208;1108254720;0;0;0;0;0;0;0;0;0;0;0;3015;0;0;88;0;10;0;
1877;1401939;975929344;13918208;1108254720;0;0;0;0;0;0;0;0;0;0;0;2885;0;0;88;0;10;0;
1878;2098716;975929344;13918208;1108254720;0;0;0;0;0;0;0;0;0;0;0;2905;0;0;88;0;10;0;
1879;1486658;975929344;13918208;1108254720;0;0;0;0;0;0;0;0;0;0;0;3126;0;0;88;0;10;0;
1880;1490956;975929344;13918208;1108254720;0;0;0;0;0;0;0;0;0;0;0;2685;0;0;88;0;10;0;
1881;1410555;975929344;13918208;1108254720;0;0;0;0;0;0;0;0;0;0;0;3867;0;0;88;0;10;0;
1882;2087445;975929344;13918208;1108254720;0;0;0;0;0;0;0;0;0;0;0;2996;0;0;88;0;10;0;
1883;1387923;975929344;13918208;1108254720;0;0;0;0;0;0;0;0;0;0;0;2745;0;0;88;0;10;0;
1884;1383304;975929344;13918208;1108254720;0;0;0;0;0;0;0;0;0;0;0;2695;0;0;88;0;10;0;
1885;1396258;975929344;13918208;1108254720;0;0;0;0;0;0;0;0;0;0;0;3035;0;0;88;0;10;0;
1886;1406718;975929344;13918208;1108254720;0;0;0;0;0;0;0;0;0;0;0;3316;0;0;88;0;10;0;
1887;1788755;975929344;13918208;1108254720;0;0;0;0;0;0;0;0;0;0;0;2615;0;0;88;0;10;0;
1888;2019227;975929344;13918208;1108254720;0;0;0;0;0;0;0;0;0;0;0;2665;0;0;88;0;10;0;
1889;1830533;975929344;13918208;1108254720;0;0;0;0;0;0;0;0;0;0;0;2985;0;0;88;0;10;0;
1890;1412379;975929344;13918208;1108254720;0;0;0;0;0;0;0;0;0;0;0;2966;0;0;88;0;10;0;
1891;1441594;975929344;13918208;1108254720;0;0;0;0;0;0;0;0;0;0;0;2836;0;0;88;0;10;0;
1892;1462934;975929344;13918208;1108254720;0;0;0;0;0;0;0;0;0;0;0;2835;0;0;88;0;10;0;
1893;1493742;975929344;13918208;1108254720;0;0;0;0;0;0;0;0;0;0;0;2925;0;0;88;0;10;0;
1894;1986386;975929344;13918208;1108254720;0;0;0;0;0;0;0;0;0;0;0;2925;0;0;88;0;10;0;
1895;1329393;975929344;13918208;1108254720;0;0;0;0;0;0;0;0;0;0;0;3246;0;0;88;0;10;0;
1896;1353038;975929344;13918208;1108254720;0;0;0;0;0;0;0;0;0;0;0;2886;0;0;88;0;10;0;
1897;1340304;975929344;13918208;1108254720;0;0;0;0;0;0;0;0;0;0;0;3186;0;0;88;0;10;0;
1898;1900685;975929344;13918208;1108254720;0;0;0;0;0;0;0;0;0;0;0;2876;0;0;88;0;10;0;
1899;1398142;975929344;13918208;1108254720;0;0;0;0;0;0;0;0;0;0;0;2865;0;0;88;0;10;0;
1900;4379784;975929344;13918208;1108254720;0;0;0;0;0;0;0;0;0;0;0;3006;0;0;88;0;10;0;
1901;3539718;975929344;13918208;1108254720;0;0;0;0;0;0;0;0;0;0;0;3106;0;0;88;0;10;0;
1902;1494022;975929344;13918208;1108254720;0;0;0;0;0;0;0;0;0;0;0;3496;0;0;88;0;10;0;
1903;1342407;975929344;13918208;1108254720;0;0;0;0;0;0;0;0;0;0;0;3135;0;0;88;0;10;0;
1904;1366262;975929344;13918208;1108254720;0;0;0;0;0;0;0;0;0;0;0;3045;0;0;88;0;10;0;
1905;1406067;975929344;13918208;1108254720;0;0;0;0;0;0;0;0;0;0;0;2895;0;0;88;0;10;0;
1906;1362626;975929344;13918208;1108254720;0;0;0;0;0;0;0;0;0;0;0;3026;0;0;88;0;10;0;
1907;2570841;975929344;13918208;1108254720;0;0;0;0;0;0;0;0;0;0;0;2916;0;0;88;0;10;0;
1908;1358337;975929344;13918208;1108254720;0;0;0;0;0;0;0;0;0;0;0;2996;0;0;88;0;10;0;
1909;1341175;975929344;13918208;1108254720;0;0;0;0;0;0;0;0;0;0;0;2785;0;0;88;0;10;0;
1910;1457744;975929344;13918208;1108254720;0;0;0;0;0;0;0;0;0;0;0;2835;0;0;88;0;10;0;
1911;1336577;975929344;13918208;1108254720;0;0;0;0;0;0;0;0;0;0;0;3126;0;0;88;0;10;0;
1912;1372283;975929344;13918208;1108254720;0;0;0;0;0;0;0;0;0;0;0;2846;0;0;88;0;10;0;
1913;2029726;975929344;13918208;1108254720;0;0;0;0;0;0;0;0;0;0;0;2845;0;0;88;0;10;0;
1914;1321799;975929344;13918208;1108254720;0;0;0;0;0;0;0;0;0;0;0;3236;0;0;88;0;10;0;
1915;1308645;975929344;13918208;1108254720;0;0;0;0;0;0;0;0;0;0;0;3757;0;0;88;0;10;0;
1916;1334983;975929344;13918208;1108254720;0;0;0;0;0;0;0;0;0;0;0;2885;0;0;88;0;10;0;
1917;1393082;975929344;13918208;1108254720;0;0;0;0;0;0;0;0;0;0;0;2785;0;0;88;0;10;0;
1918;1304757;975929344;13918208;1108254720;0;0;0;0;0;0;0;0;0;0;0;3407;0;0;88;0;10;0;
1919;1970205;975929344;13918208;1108254720;0;0;0;0;0;0;0;0;0;0;0;2866;0;0;88;0;10;0;
1920;1840862;975929344;13918208;1108254720;0;0;0;0;0;0;0;0;0;0;0;3056;0;0;88;0;10;0;
1921;1451141;975929344;13918208;1108254720;0;0;0;0;0;0;0;0;0;0;0;3226;0;0;88;0;10;0;
1922;1432356;975929344;13918208;1108254720;0;0;0;0;0;0;0;0;0;0;0;3035;0;0;88;0;10;0;
1923;1443978;975929344;13918208;1108254720;0;0;0;0;0;0;0;0;0;0;0;2966;0;0;88;0;10;0;
1924;1383845;975929344;13918208;1108254720;0;0;0;0;0;0;0;0;0;0;0;2936;0;0;88;0;10;0;
1925;1961418;975929344;13918208;1108254720;0;0;0;0;0;0;0;0;0;0;0;2986;0;0;88;0;10;0;
1926;1324784;975929344;13918208;1108254720;0;0;0;0;0;0;0;0;0;0;0;3406;0;0;88;0;10;0;
1927;1822368;975929344;13918208;1108254720;0;0;0;0;0;0;0;0;0;0;0;3226;0;0;88;0;10;0;
1928;1345002;975929344;13918208;1108254720;0;0;0;0;0;0;0;0;0;0;0;3547;0;0;88;0;10;0;
1929;1364709;975929344;13918208;1108254720;0;0;0;0;0;0;0;0;0;0;0;3216;0;0;88;0;10;0;
1930;1356905;975929344;13918208;1108254720;0;0;0;0;0;0;0;0;0;0;0;3286;0;0;88;0;10;0;
1931;1955407;975929344;13918208;1108254720;0;0;0;0;0;0;0;0;0;0;0;2805;0;0;88;0;10;0;
1932;1435061;975929344;13918208;1108254720;0;0;0;0;0;0;0;0;0;0;0;3116;0;0;88;0;10;0;
1933;1734994;975929344;13918208;1108254720;0;0;0;0;0;0;0;0;0;0;0;2966;0;0;88;0;10;0;
1934;1407780;975929344;13918208;1108254720;0;0;0;0;0;0;0;0;0;0;0;2955;0;0;88;0;10;0;
1935;1401639;975929344;13918208;1108254720;0;0;0;0;0;0;0;0;0;0;0;3035;0;0;88;0;10;0;
1936;1423189;975929344;13918208;1108254720;0;0;0;0;0;0;0;0;0;0;0;3075;0;0;88;0;10;0;
1937;2161384;975929344;13918208;1108254720;0;0;0;0;0;0;0;0;0;0;0;2875;0;0;88;0;10;0;
1938;1473794;975929344;13918208;1108254720;0;0;0;0;0;0;0;0;0;0;0;3316;0;0;88;0;10;0;
1939;1466520;975929344;13918208;1108254720;0;0;0;0;0;0;0;0;0;0;0;2875;0;0;88;0;10;0;
1940;1378566;975929344;13918208;1108254720;0;0;0;0;0;0;0;0;0;0;0;3326;0;0;88;0;10;0;
1941;1999270;975929344;13918208;1108254720;0;0;0;0;0;0;0;0;0;0;0;3277;0;0;88;0;10;0;
1942;1563883;975929344;13918208;1108254720;0;0;0;0;0;0;0;0;0;0;0;3236;0;0;88;0;10;0;
1943;4580290;975929344;13918208;1108254720;0;0;0;0;0;0;0;0;0;0;0;2876;0;0;88;0;10;0;
1944;3398884;975929344;13918208;1108254720;0;0;0;0;0;0;0;0;0;0;0;3337;0;0;88;0;10;0;
1945;2033213;975929344;13918208;1108254720;0;0;0;0;0;0;0;0;0;0;0;3036;0;0;88;0;10;0;
1946;1379307;975929344;13918208;1108254720;0;0;0;0;0;0;0;0;0;0;0;3005;0;0;88;0;10;0;
1947;1377003;975929344;13918208;1108254720;0;0;0;0;0;0;0;0;0;0;0;2865;0;0;88;0;10;0;
1948;1393654;975929344;13918208;1108254720;0;0;0;0;0;0;0;0;0;0;0;3417;0;0;88;0;10;0;
1949;1964935;975929344;13918208;1108254720;0;0;0;0;0;0;0;0;0;0;0;3236;0;0;88;0;10;0;
1950;1537193;975929344;13918208;1108254720;0;0;0;0;0;0;0;0;0;0;0;2985;0;0;88;0;10;0;
1951;1352526;975929344;13918208;1108254720;0;0;0;0;0;0;0;0;0;0;0;3316;0;0;88;0;10;0;
1952;1310277;975929344;13918208;1108254720;0;0;0;0;0;0;0;0;0;0;0;3186;0;0;88;0;10;0;
1953;1421306;975929344;13918208;1108254720;0;0;0;0;0;0;0;0;0;0;0;2865;0;0;88;0;10;0;
1954;1369308;975929344;13918208;1108254720;0;0;0;0;0;0;0;0;0;0;0;2915;0;0;88;0;10;0;
1955;2074471;975929344;13918208;1108254720;0;0;0;0;0;0;0;0;0;0;0;3036;0;0;88;0;10;0;
1956;1824432;975929344;13918208;1108254720;0;0;0;0;0;0;0;0;0;0;0;3076;0;0;88;0;10;0;
1957;1378325;975929344;13918208;1108254720;0;0;0;0;0;0;0;0;0;0;0;3497;0;0;88;0;10;0;
1958;1484905;975929344;13918208;1108254720;0;0;0;0;0;0;0;0;0;0;0;3256;0;0;88;0;10;0;
1959;1319475;975929344;13918208;1108254720;0;0;0;0;0;0;0;0;0;0;0;3106;0;0;88;0;10;0;
1960;1472021;975929344;13918208;1108254720;0;0;0;0;0;0;0;0;0;0;0;3036;0;0;88;0;10;0;
1961;2005992;975929344;13918208;1108254720;0;0;0;0;0;0;0;0;0;0;0;2955;0;0;88;0;10;0;
1962;1349160;975929344;13918208;1108254720;0;0;0;0;0;0;0;0;0;0;0;3095;0;0;88;0;10;0;
1963;1352887;975929344;13918208;1108254720;0;0;0;0;0;0;0;0;0;0;0;2946;0;0;88;0;10;0;
1964;1356564;975929344;13918208;1108254720;0;0;0;0;0;0;0;0;0;0;0;2976;0;0;88;0;10;0;
1965;1316158;975929344;13918208;1108254720;0;0;0;0;0;0;0;0;0;0;0;3066;0;0;88;0;10;0;
1966;1316860;975929344;13918208;1108254720;0;0;0;0;0;0;0;0;0;0;0;3006;0;0;88;0;10;0;
1967;1954776;975929344;13918208;1108254720;0;0;0;0;0;0;0;0;0;0;0;2845;0;0;88;0;10;0;
1968;1341535;975929344;13918208;1108254720;0;0;0;0;0;0;0;0;0;0;0;3326;0;0;88;0;10;0;
1969;1443006;975929344;13918208;1108254720;0;0;0;0;0;0;0;0;0;0;0;2776;0;0;88;0;10;0;
1970;2012324;975929344;13918208;1108254720;0;0;0;0;0;0;0;0;0;0;0;3026;0;0;88;0;10;0;
1971;1375940;975929344;13918208;1108254720;0;0;0;0;0;0;0;0;0;0;0;3056;0;0;88;0;10;0;
1972;1281513;975929344;13918208;1108254720;0;0;0;0;0;0;0;0;0;0;0;3096;0;0;88;0;10;0;
1973;1917125;975929344;13918208;1108254720;0;0;0;0;0;0;0;0;0;0;0;3065;0;0;88;0;10;0;
1974;1384016;975929344;13918208;1108254720;0;0;0;0;0;0;0;0;0;0;0;3015;0;0;88;0;10;0;
1975;1362556;975929344;13918208;1108254720;0;0;0;0;0;0;0;0;0;0;0;3045;0;0;88;0;10;0;
1976;1391800;975929344;13918208;1108254720;0;0;0;0;0;0;0;0;0;0;0;2886;0;0;88;0;10;0;
1977;1411877;975929344;13918208;1108254720;0;0;0;0;0;0;0;0;0;0;0;2886;0;0;88;0;10;0;
1978;1609689;975929344;13918208;1108254720;0;0;0;0;0;0;0;0;0;0;0;3156;0;0;88;0;10;0;
1979;1986486;975929344;13918208;1108254720;0;0;0;0;0;0;0;0;0;0;0;2885;0;0;88;0;10;0;
1980;1401178;975929344;13918208;1108254720;0;0;0;0;0;0;0;0;0;0;0;3236;0;0;88;0;10;0;
1981;1416998;975929344;13918208;1108254720;0;0;0;0;0;0;0;0;0;0;0;3347;0;0;88;0;10;0;
1982;1538565;975929344;13918208;1108254720;0;0;0;0;0;0;0;0;0;0;0;2775;0;0;88;0;10;0;
1983;1438969;975929344;13918208;1108254720;0;0;0;0;0;0;0;0;0;0;0;2876;0;0;88;0;10;0;
1984;1382412;975929344;13918208;1108254720;0;0;0;0;0;0;0;0;0;0;0;2915;0;0;88;0;10;0;
1985;4544653;975929344;13918208;1108254720;0;0;0;0;0;0;0;0;0;0;0;3095;0;0;88;0;10;0;
1986;3821146;975929344;13918208;1108254720;0;0;0;0;0;0;0;0;0;0;0;2896;0;0;88;0;10;0;
1987;1375058;975929344;13918208;1108254720;0;0;0;0;0;0;0;0;0;0;0;2394;0;0;88;0;10;0;
1988;1358748;975929344;13918208;1108254720;0;0;0;0;0;0;0;0;0;0;0;3026;0;0;88;0;10;0;
1989;1395828;975929344;13918208;1108254720;0;0;0;0;0;0;0;0;0;0;0;2785;0;0;88;0;10;0;
1990;1228163;975929344;13918208;1108254720;0;0;0;0;0;0;0;0;0;0;0;2775;0;0;88;0;10;0;
1991;1884584;975929344;13918208;1108254720;0;0;0;0;0;0;0;0;0;0;0;2856;0;0;88;0;10;0;
1992;1373786;975929344;13918208;1108254720;0;0;0;0;0;0;0;0;0;0;0;2725;0;0;88;0;10;0;
1993;1347317;975929344;13918208;1108254720;0;0;0;0;0;0;0;0;0;0;0;3537;0;0;88;0;10;0;
1994;1434871;975929344;13918208;1108254720;0;0;0;0;0;0;0;0;0;0;0;2885;0;0;88;0;10;0;
1995;1387492;975929344;13918208;1108254720;0;0;0;0;0;0;0;0;0;0;0;2876;0;0;88;0;10;0;
1996;1988930;975929344;13918208;1108254720;0;0;0;0;0;0;0;0;0;0;0;2805;0;0;88;0;10;0;
1997;1343129;975929344;13918208;1108254720;0;0;0;0;0;0;0;0;0;0;0;2835;0;0;88;0;10;0;
1998;1244995;975929344;13918208;1108254720;0;0;0;0;0;0;0;0;0;0;0;3487;0;0;88;0;10;0;
1999;1313253;975929344;13918208;1108254720;0;0;0;0;0;0;0;0;0;0;0;2976;0;0;88;0;10;0;
2000;1200060;975929344;13918208;1108254720;0;0;0;0;0;0;0;0;0;0;0;2735;0;0;88;0;10;0;
2001;1933517;975929344;13918208;1108254720;0;0;0;0;0;0;0;0;0;0;0;2695;0;0;88;0;10;0;
2002;1233453;975929344;13918208;1108254720;0;0;0;0;0;0;0;0;0;0;0;2755;0;0;88;0;10;0;
2003;1224616;975929344;13918208;1108254720;0;0;0;0;0;0;0;0;0;0;0;3086;0;0;88;0;10;0;
2004;1252349;975929344;13918208;1108254720;0;0;0;0;0;0;0;0;0;0;0;3146;0;0;88;0;10;0;
2005;1235637;975929344;13918208;1108254720;0;0;0;0;0;0;0;0;0;0;0;2975;0;0;88;0;10;0;
2006;2146515;975929344;13918208;1108254720;0;0;0;0;0;0;0;0;0;0;0;2835;0;0;88;0;10;0;
2007;1403652;975929344;13918208;1108254720;0;0;0;0;0;0;0;0;0;0;0;3045;0;0;88;0;10;0;
2008;1210750;975929344;13918208;1108254720;0;0;0;0;0;0;0;0;0;0;0;3126;0;0;88;0;10;0;
2009;1241728;975929344;13918208;1108254720;0;0;0;0;0;0;0;0;0;0;0;3116;0;0;88;0;10;0;
2010;1366673;975929344;13918208;1108254720;0;0;0;0;0;0;0;0;0;0;0;2966;0;0;88;0;10;0;
2011;1292154;975929344;13918208;1108254720;0;0;0;0;0;0;0;0;0;0;0;2885;0;0;88;0;10;0;
2012;1967560;975929344;13918208;1108254720;0;0;0;0;0;0;0;0;0;0;0;3116;0;0;88;0;10;0;
2013;1244654;975929344;13918208;1108254720;0;0;0;0;0;0;0;0;0;0;0;3086;0;0;88;0;10;0;
2014;1220709;975929344;13918208;1108254720;0;0;0;0;0;0;0;0;0;0;0;2925;0;0;88;0;10;0;
2015;1239926;975929344;13918208;1108254720;0;0;0;0;0;0;0;0;0;0;0;2996;0;0;88;0;10;0;
2016;1215409;975929344;13918208;1108254720;0;0;0;0;0;0;0;0;0;0;0;2996;0;0;88;0;10;0;
2017;1324895;975929344;13918208;1108254720;0;0;0;0;0;0;0;0;0;0;0;2695;0;0;88;0;10;0;
2018;1911705;975929344;13918208;1108254720;0;0;0;0;0;0;0;0;0;0;0;2705;0;0;88;0;10;0;
2019;1223965;975929344;13918208;1108254720;0;0;0;0;0;0;0;0;0;0;0;2846;0;0;88;0;10;0;
2020;1315167;975929344;13918208;1108254720;0;0;0;0;0;0;0;0;0;0;0;3407;0;0;88;0;10;0;
2021;1324554;975929344;13918208;1108254720;0;0;0;0;0;0;0;0;0;0;0;2816;0;0;88;0;10;0;
2022;1509601;975929344;13918208;1108254720;0;0;0;0;0;0;0;0;0;0;0;2775;0;0;88;0;10;0;
2023;1194881;975929344;13918208;1108254720;0;0;0;0;0;0;0;0;0;0;0;2365;0;0;88;0;10;0;
2024;4330201;975929344;13918208;1108254720;0;0;0;0;0;0;0;0;0;0;0;2464;0;0;88;0;10;0;
2025;3224287;975929344;13918208;1108254720;0;0;0;0;0;0;0;0;0;0;0;2705;0;0;88;0;10;0;
2026;1560236;975929344;13918208;1108254720;0;0;0;0;0;0;0;0;0;0;0;2355;0;0;88;0;10;0;
2027;1341877;975929344;13918208;1108254720;0;0;0;0;0;0;0;0;0;0;0;2965;0;0;88;0;10;0;
2028;1231991;975929344;13918208;1108254720;0;0;0;0;0;0;0;0;0;0;0;2695;0;0;88;0;10;0;
2029;1284979;975929344;13918208;1108254720;0;0;0;0;0;0;0;0;0;0;0;2896;0;0;88;0;10;0;
2030;1932614;975929344;13918208;1108254720;0;0;0;0;0;0;0;0;0;0;0;2976;0;0;88;0;10;0;
2031;1264632;975929344;13918208;1108254720;0;0;0;0;0;0;0;0;0;0;0;2334;0;0;88;0;10;0;
2032;1278608;975929344;13918208;1108254720;0;0;0;0;0;0;0;0;0;0;0;2775;0;0;88;0;10;0;
2033;1219748;975929344;13918208;1108254720;0;0;0;0;0;0;0;0;0;0;0;2915;0;0;88;0;10;0;
2034;1241538;975929344;13918208;1108254720;0;0;0;0;0;0;0;0;0;0;0;2826;0;0;88;0;10;0;
2035;1775109;975929344;13918208;1108254720;0;0;0;0;0;0;0;0;0;0;0;2785;0;0;88;0;10;0;
2036;1383294;975929344;13918208;1108254720;0;0;0;0;0;0;0;0;0;0;0;2815;0;0;88;0;10;0;
2037;1404815;975929344;13918208;1108254720;0;0;0;0;0;0;0;0;0;0;0;2905;0;0;88;0;10;0;
2038;1584321;975929344;13918208;1108254720;0;0;0;0;0;0;0;0;0;0;0;2515;0;0;88;0;10;0;
2039;1239935;975929344;13918208;1108254720;0;0;0;0;0;0;0;0;0;0;0;2866;0;0;88;0;10;0;
2040;2075703;975929344;13918208;1108254720;0;0;0;0;0;0;0;0;0;0;0;2384;0;0;88;0;10;0;
2041;1240186;975929344;13918208;1108254720;0;0;0;0;0;0;0;0;0;0;0;2375;0;0;88;0;10;0;
2042;1166929;975929344;13918208;1108254720;0;0;0;0;0;0;0;0;0;0;0;2355;0;0;88;0;10;0;
2043;1275833;975929344;13918208;1108254720;0;0;0;0;0;0;0;0;0;0;0;2835;0;0;88;0;10;0;
2044;1307542;975929344;13918208;1108254720;0;0;0;0;0;0;0;0;0;0;0;2816;0;0;88;0;10;0;
2045;1793834;975929344;13918208;1108254720;0;0;0;0;0;0;0;0;0;0;0;2334;0;0;88;0;10;0;
2046;1491978;975929344;13918208;1108254720;0;0;0;0;0;0;0;0;0;0;0;2365;0;0;88;0;10;0;
2047;1174412;975929344;13918208;1108254720;0;0;0;0;0;0;0;0;0;0;0;2324;0;0;88;0;10;0;
2048;1224557;975929344;13918208;1108254720;0;0;0;0;0;0;0;0;0;0;0;3056;0;0;88;0;10;0;
2049;1234024;975929344;13918208;1108254720;0;0;0;0;0;0;0;0;0;0;0;2756;0;0;88;0;10;0;
2050;1781881;975929344;13918208;1108254720;0;0;0;0;0;0;0;0;0;0;0;2384;0;0;88;0;10;0;
2051;1507026;975929344;13918208;1108254720;0;0;0;0;0;0;0;0;0;0;0;2394;0;0;88;0;10;0;
2052;1208216;975929344;13918208;1108254720;0;0;0;0;0;0;0;0;0;0;0;2385;0;0;88;0;10;0;
2053;1200161;975929344;13918208;1108254720;0;0;0;0;0;0;0;0;0;0;0;2425;0;0;88;0;10;0;
2054;1344702;975929344;13918208;1108254720;0;0;0;0;0;0;0;0;0;0;0;3116;0;0;88;0;10;0;
2055;4612460;975929344;13918208;1108254720;0;0;0;0;0;0;0;0;0;0;0;3426;0;0;88;0;10;0;
2056;3134298;975929344;13922304;1108258816;0;0;0;0;0;0;0;0;0;0;0;2455;0;0;88;0;10;0;
2057;1287595;975929344;13922304;1108258816;0;0;0;0;0;0;0;0;0;0;0;2364;0;0;88;0;10;0;
2058;1229166;975929344;13922304;1108258816;0;0;0;0;0;0;0;0;0;0;0;2404;0;0;88;0;10;0;
2059;1212023;975929344;13922304;1108258816;0;0;0;0;0;0;0;0;0;0;0;2395;0;0;88;0;10;0;
2060;1231760;975929344;13922304;1108258816;0;0;0;0;0;0;0;0;0;0;0;2404;0;0;88;0;10;0;
2061;2376256;975929344;13922304;1108258816;0;0;0;0;0;0;0;0;0;0;0;3436;0;0;88;0;10;0;
2062;1475196;975929344;13922304;1108258816;0;0;0;0;0;0;0;0;0;0;0;2906;0;0;88;0;10;0;
2063;1209749;975929344;13922304;1108258816;0;0;0;0;0;0;0;0;0;0;0;2374;0;0;88;0;10;0;
2064;1239124;975929344;13922304;1108258816;0;0;0;0;0;0;0;0;0;0;0;2445;0;0;88;0;10;0;
2065;1240837;975929344;13922304;1108258816;0;0;0;0;0;0;0;0;0;0;0;2855;0;0;88;0;10;0;
2066;1798302;975929344;13922304;1108258816;0;0;0;0;0;0;0;0;0;0;0;2365;0;0;88;0;10;0;
2067;1342738;975929344;13922304;1108258816;0;0;0;0;0;0;0;0;0;0;0;2816;0;0;88;0;10;0;
2068;1351965;975929344;13922304;1108258816;0;0;0;0;0;0;0;0;0;0;0;3517;0;0;88;0;10;0;
2069;1190503;975929344;13922304;1108258816;0;0;0;0;0;0;0;0;0;0;0;2424;0;0;88;0;10;0;
2070;1261646;975929344;13922304;1108258816;0;0;0;0;0;0;0;0;0;0;0;2815;0;0;88;0;10;0;
2071;1980434;975929344;13922304;1108258816;0;0;0;0;0;0;0;0;0;0;0;2725;0;0;88;0;10;0;
2072;1293465;975929344;13922304;1108258816;0;0;0;0;0;0;0;0;0;0;0;2404;0;0;88;0;10;0;
2073;1200181;975929344;13922304;1108258816;0;0;0;0;0;0;0;0;0;0;0;2765;0;0;88;0;10;0;
2074;1392301;975929344;13922304;1108258816;0;0;0;0;0;0;0;0;0;0;0;2895;0;0;88;0;10;0;
2075;1270583;975929344;13922304;1108258816;0;0;0;0;0;0;0;0;0;0;0;3447;0;0;88;0;10;0;
2076;1897739;975929344;13922304;1108258816;0;0;0;0;0;0;0;0;0;0;0;13175;0;0;88;0;10;0;
2077;1246829;975929344;13922304;1108258816;0;0;0;0;0;0;0;0;0;0;0;2434;0;0;88;0;10;0;
2078;1227011;975929344;13922304;1108258816;0;0;0;0;0;0;0;0;0;0;0;2415;0;0;88;0;10;0;
2079;1274240;975929344;13922304;1108258816;0;0;0;0;0;0;0;0;0;0;0;2756;0;0;88;0;10;0;
2080;1242019;975929344;13922304;1108258816;0;0;0;0;0;0;0;0;0;0;0;3076;0;0;88;0;10;0;
2081;1812068;975929344;13922304;1108258816;0;0;0;0;0;0;0;0;0;0;0;2786;0;0;88;0;10;0;
2082;1361424;975929344;13922304;1108258816;0;0;0;0;0;0;0;0;0;0;0;2866;0;0;88;0;10;0;
2083;1197175;975929344;13922304;1108258816;0;0;0;0;0;0;0;0;0;0;0;2324;0;0;88;0;10;0;
2084;1600692;975929344;13922304;1108258816;0;0;0;0;0;0;0;0;0;0;0;2825;0;0;88;0;10;0;
2085;1507507;975929344;13922304;1108258816;0;0;0;0;0;0;0;0;0;0;0;2846;0;0;88;0;10;0;
2086;4423736;975929344;13922304;1108258816;0;0;0;0;0;0;0;0;0;0;0;2926;0;0;88;0;10;0;
2087;3314937;975929344;13922304;1108258816;0;0;0;0;0;0;0;0;0;0;0;3647;0;0;88;0;10;0;
2088;1289197;975929344;13922304;1108258816;0;0;0;0;0;0;0;0;0;0;0;2875;0;0;88;0;10;0;
2089;1193148;975929344;13922304;1108258816;0;0;0;0;0;0;0;0;0;0;0;2805;0;0;88;0;10;0;
2090;1226741;975929344;13922304;1108258816;0;0;0;0;0;0;0;0;0;0;0;2806;0;0;88;0;10;0;
2091;1536061;975929344;13922304;1108258816;0;0;0;0;0;0;0;0;0;0;0;2985;0;0;88;0;10;0;
2092;1927325;975970304;13918208;1108254720;0;0;0;0;0;0;0;0;0;0;0;2425;0;0;88;0;10;0;
2093;1337428;975970304;13918208;1108254720;0;0;0;0;0;0;0;0;0;0;0;2464;0;0;88;0;10;0;
2094;1316418;975970304;13918208;1108254720;0;0;0;0;0;0;0;0;0;0;0;2465;0;0;88;0;10;0;
2095;1250485;975970304;13918208;1108254720;0;0;0;0;0;0;0;0;0;0;0;2765;0;0;88;0;10;0;
2096;1341737;975970304;13918208;1108254720;0;0;0;0;0;0;0;0;0;0;0;2385;0;0;88;0;10;0;
2097;2276189;975970304;13918208;1108254720;0;0;0;0;0;0;0;0;0;0;0;2434;0;0;88;0;10;0;
2098;1265814;975970304;13918208;1108254720;0;0;0;0;0;0;0;0;0;0;0;2475;0;0;88;0;10;0;
2099;1259552;975970304;13918208;1108254720;0;0;0;0;0;0;0;0;0;0;0;2855;0;0;88;0;10;0;
2100;1240687;975970304;13918208;1108254720;0;0;0;0;0;0;0;0;0;0;0;3437;0;0;88;0;10;0;
2101;1414813;975970304;13918208;1108254720;0;0;0;0;0;0;0;0;0;0;0;3026;0;0;88;0;10;0;
2102;1852544;975970304;13918208;1108254720;0;0;0;0;0;0;0;0;0;0;0;3146;0;0;88;0;10;0;
2103;1496387;975970304;13918208;1108254720;0;0;0;0;0;0;0;0;0;0;0;3186;0;0;88;0;10;0;
2104;1406437;975970304;13918208;1108254720;0;0;0;0;0;0;0;0;0;0;0;2856;0;0;88;0;10;0;
2105;1342348;975970304;13918208;1108254720;0;0;0;0;0;0;0;0;0;0;0;2996;0;0;88;0;10;0;
2106;1347817;975970304;13918208;1108254720;0;0;0;0;0;0;0;0;0;0;0;2825;0;0;88;0;10;0;
2107;1828840;975970304;13918208;1108254720;0;0;0;0;0;0;0;0;0;0;0;3397;0;0;88;0;10;0;
2108;1291282;975970304;13918208;1108254720;0;0;0;0;0;0;0;0;0;0;0;3196;0;0;88;0;10;0;
2109;1257468;975970304;13918208;1108254720;0;0;0;0;0;0;0;0;0;0;0;3056;0;0;88;0;10;0;
2110;1398663;975970304;13918208;1108254720;0;0;0;0;0;0;0;0;0;0;0;3076;0;0;88;0;10;0;
2111;1250676;975970304;13918208;1108254720;0;0;0;0;0;0;0;0;0;0;0;3136;0;0;88;0;10;0;
2112;1992427;975970304;13918208;1108254720;0;0;0;0;0;0;0;0;0;0;0;3066;0;0;88;0;10;0;
2113;1658891;975970304;13918208;1108254720;0;0;0;0;0;0;0;0;0;0;0;4618;0;0;88;0;11;0;
2114;1375239;975970304;13918208;1108254720;0;0;0;0;0;0;0;0;0;0;0;3216;0;0;88;0;11;0;
2115;1295990;975970304;13918208;1108254720;0;0;0;0;0;0;0;0;0;0;0;3376;0;0;88;0;11;0;
2116;1397380;975970304;13918208;1108254720;0;0;0;0;0;0;0;0;0;0;0;2905;0;0;88;0;11;0;
2117;4490481;975970304;13918208;1108254720;0;0;0;0;0;0;0;0;0;0;0;3347;0;0;88;0;11;0;
2118;3360011;975970304;13918208;1108254720;0;0;0;0;0;0;0;0;0;0;0;3076;0;0;88;0;11;0;
2119;1460770;975970304;13918208;1108254720;0;0;0;0;0;0;0;0;0;0;0;3366;0;0;88;0;11;0;
2120;1377664;975970304;13918208;1108254720;0;0;0;0;0;0;0;0;0;0;0;3246;0;0;88;0;11;0;
2121;1432927;975970304;13918208;1108254720;0;0;0;0;0;0;0;0;0;0;0;3015;0;0;88;0;11;0;
2122;1254943;975970304;13918208;1108254720;0;0;0;0;0;0;0;0;0;0;0;3286;0;0;88;0;11;0;
2123;2036399;975970304;13918208;1108254720;0;0;0;0;0;0;0;0;0;0;0;2896;0;0;88;0;11;0;
2124;1337939;975970304;13918208;1108254720;0;0;0;0;0;0;0;0;0;0;0;3136;0;0;88;0;11;0;
2125;1274310;975970304;13918208;1108254720;0;0;0;0;0;0;0;0;0;0;0;3446;0;0;88;0;11;0;
2126;1225018;975970304;13918208;1108254720;0;0;0;0;0;0;0;0;0;0;0;3016;0;0;88;0;11;0;
2127;1523086;975970304;13918208;1108254720;0;0;0;0;0;0;0;0;0;0;0;3166;0;0;88;0;11;0;
2128;1961548;975970304;13918208;1108254720;0;0;0;0;0;0;0;0;0;0;0;3066;0;0;88;0;11;0;
2129;1404093;975970304;13918208;1108254720;0;0;0;0;0;0;0;0;0;0;0;3056;0;0;88;0;11;0;
2130;1239074;975970304;13918208;1108254720;0;0;0;0;0;0;0;0;0;0;0;3256;0;0;88;0;11;0;
2131;1245736;975970304;13918208;1108254720;0;0;0;0;0;0;0;0;0;0;0;3146;0;0;88;0;11;0;
2132;1524148;975970304;13918208;1108254720;0;0;0;0;0;0;0;0;0;0;0;3136;0;0;88;0;11;0;
2133;1881248;975970304;13918208;1108254720;0;0;0;0;0;0;0;0;0;0;0;3206;0;0;88;0;11;0;
2134;1253170;975970304;13918208;1108254720;0;0;0;0;0;0;0;0;0;0;0;3347;0;0;88;0;11;0;
2135;1323733;975970304;13918208;1108254720;0;0;0;0;0;0;0;0;0;0;0;2986;0;0;88;0;11;0;
2136;1360401;975970304;13918208;1108254720;0;0;0;0;0;0;0;0;0;0;0;3246;0;0;88;0;11;0;
2137;1240165;975970304;13918208;1108254720;0;0;0;0;0;0;0;0;0;0;0;3126;0;0;88;0;11;0;
2138;1908649;975970304;13918208;1108254720;0;0;0;0;0;0;0;0;0;0;0;3056;0;0;88;0;11;0;
2139;1274501;975970304;13918208;1108254720;0;0;0;0;0;0;0;0;0;0;0;3236;0;0;88;0;11;0;
2140;1272416;975970304;13918208;1108254720;0;0;0;0;0;0;0;0;0;0;0;3196;0;0;88;0;11;0;
2141;1300489;975970304;13918208;1108254720;0;0;0;0;0;0;0;0;0;0;0;2865;0;0;88;0;11;0;
2142;1395708;975970304;13918208;1108254720;0;0;0;0;0;0;0;0;0;0;0;2986;0;0;88;0;11;0;
2143;1969203;975970304;13918208;1108254720;0;0;0;0;0;0;0;0;0;0;0;2835;0;0;88;0;11;0;
2144;1313804;975970304;13918208;1108254720;0;0;0;0;0;0;0;0;0;0;0;2434;0;0;88;0;11;0;
2145;1217133;975970304;13918208;1108254720;0;0;0;0;0;0;0;0;0;0;0;2825;0;0;88;0;11;0;
2146;1221200;975970304;13918208;1108254720;0;0;0;0;0;0;0;0;0;0;0;3036;0;0;88;0;11;0;
2147;1279449;975970304;13918208;1108254720;0;0;0;0;0;0;0;0;0;0;0;2985;0;0;88;0;11;0;
2148;4278634;975970304;13918208;1108254720;0;0;0;0;0;0;0;0;0;0;0;2465;0;0;88;0;11;0;
2149;3324554;975970304;13918208;1108254720;0;0;0;0;0;0;0;0;0;0;0;3065;0;0;88;0;11;0;
2150;1283507;975970304;13918208;1108254720;0;0;0;0;0;0;0;0;0;0;0;2465;0;0;88;0;11;0;
2151;1226490;975970304;13918208;1108254720;0;0;0;0;0;0;0;0;0;0;0;3617;0;0;88;0;11;0;
2152;1231249;975970304;13918208;1108254720;0;0;0;0;0;0;0;0;0;0;0;3407;0;0;88;0;11;0;
2153;1226761;975970304;13918208;1108254720;0;0;0;0;0;0;0;0;0;0;0;3507;0;0;88;0;11;0;
2154;1808111;975970304;13918208;1108254720;0;0;0;0;0;0;0;0;0;0;0;2475;0;0;88;0;11;0;
2155;1399264;975970304;13918208;1108254720;0;0;0;0;0;0;0;0;0;0;0;2815;0;0;88;0;11;0;
2156;1436063;975970304;13918208;1108254720;0;0;0;0;0;0;0;0;0;0;0;2975;0;0;88;0;11;0;
2157;1212744;975970304;13918208;1108254720;0;0;0;0;0;0;0;0;0;0;0;3236;0;0;88;0;11;0;
2158;1265283;975970304;13918208;1108254720;0;0;0;0;0;0;0;0;0;0;0;3176;0;0;88;0;11;0;
2159;2178796;975970304;13918208;1108254720;0;0;0;0;0;0;0;0;0;0;0;3136;0;0;88;0;11;0;
2160;1719295;975970304;13918208;1108254720;0;0;0;0;0;0;0;0;0;0;0;3045;0;0;88;0;11;0;
2161;1303394;975970304;13918208;1108254720;0;0;0;0;0;0;0;0;0;0;0;3476;0;0;88;0;11;0;
2162;1335745;975970304;13918208;1108254720;0;0;0;0;0;0;0;0;0;0;0;3126;0;0;88;0;11;0;
2163;1274991;975970304;13918208;1108254720;0;0;0;0;0;0;0;0;0;0;0;3266;0;0;88;0;11;0;
2164;1836354;975970304;13918208;1108254720;0;0;0;0;0;0;0;0;0;0;0;3046;0;0;88;0;11;0;
2165;1285371;975970304;13918208;1108254720;0;0;0;0;0;0;0;0;0;0;0;3286;0;0;88;0;11;0;
2166;1261977;975970304;13918208;1108254720;0;0;0;0;0;0;0;0;0;0;0;3286;0;0;88;0;11;0;
2167;1400266;975970304;13918208;1108254720;0;0;0;0;0;0;0;0;0;0;0;3247;0;0;88;0;11;0;
2168;1271003;975970304;13918208;1108254720;0;0;0;0;0;0;0;0;0;0;0;3246;0;0;88;0;11;0;
2169;2097874;975970304;13918208;1108254720;0;0;0;0;0;0;0;0;0;0;0;3186;0;0;88;0;11;0;
2170;1242510;975970304;13918208;1108254720;0;0;0;0;0;0;0;0;0;0;0;3096;0;0;88;0;11;0;
2171;1237200;975970304;13918208;1108254720;0;0;0;0;0;0;0;0;0;0;0;3156;0;0;88;0;11;0;
2172;1288756;975970304;13918208;1108254720;0;0;0;0;0;0;0;0;0;0;0;3106;0;0;88;0;11;0;
2173;1253050;975970304;13918208;1108254720;0;0;0;0;0;0;0;0;0;0;0;3166;0;0;88;0;11;0;
2174;1815945;975970304;13918208;1108254720;0;0;0;0;0;0;0;0;0;0;0;3116;0;0;88;0;11;0;
2175;1264391;975970304;13918208;1108254720;0;0;0;0;0;0;0;0;0;0;0;3526;0;0;88;0;11;0;
2176;1364640;975970304;13918208;1108254720;0;0;0;0;0;0;0;0;0;0;0;3075;0;0;88;0;11;0;
2177;1230517;975970304;13918208;1108254720;0;0;0;0;0;0;0;0;0;0;0;3216;0;0;88;0;11;0;
2178;1375540;975970304;13918208;1108254720;0;0;0;0;0;0;0;0;0;0;0;3056;0;0;88;0;11;0;
2179;4541808;975970304;13918208;1108254720;0;0;0;0;0;0;0;0;0;0;0;3336;0;0;88;0;11;0;
2180;3147253;975970304;13922304;1108258816;0;0;0;0;0;0;0;0;0;0;0;3186;0;0;88;0;11;0;
2181;1271063;975970304;13922304;1108258816;0;0;0;0;0;0;0;0;0;0;0;3326;0;0;88;0;11;0;
2182;1581196;975970304;13922304;1108258816;0;0;0;0;0;0;0;0;0;0;0;2996;0;0;88;0;11;0;
2183;1578370;975970304;13922304;1108258816;0;0;0;0;0;0;0;0;0;0;0;4499;0;0;88;0;12;0;
2184;1280692;975970304;13922304;1108258816;0;0;0;0;0;0;0;0;0;0;0;3447;0;0;88;0;12;0;
2185;1813401;975970304;13922304;1108258816;0;0;0;0;0;0;0;0;0;0;0;3266;0;0;88;0;12;0;
2186;1361954;975970304;13922304;1108258816;0;0;0;0;0;0;0;0;0;0;0;2454;0;0;88;0;12;0;
2187;1277276;975970304;13922304;1108258816;0;0;0;0;0;0;0;0;0;0;0;3366;0;0;88;0;12;0;
2188;1246768;975970304;13922304;1108258816;0;0;0;0;0;0;0;0;0;0;0;3126;0;0;88;0;12;0;
2189;1236890;975970304;13922304;1108258816;0;0;0;0;0;0;0;0;0;0;0;3367;0;0;88;0;12;0;
2190;2342333;975970304;13922304;1108258816;0;0;0;0;0;0;0;0;0;0;0;3286;0;0;88;0;12;0;
2191;1452334;975970304;13922304;1108258816;0;0;0;0;0;0;0;0;0;0;0;2875;0;0;88;0;12;0;
2192;1407169;975970304;13922304;1108258816;0;0;0;0;0;0;0;0;0;0;0;3006;0;0;88;0;12;0;
2193;1199089;975970304;13922304;1108258816;0;0;0;0;0;0;0;0;0;0;0;3227;0;0;88;0;12;0;
2194;1313343;975970304;13922304;1108258816;0;0;0;0;0;0;0;0;0;0;0;3136;0;0;88;0;12;0;
2195;1808382;975970304;13922304;1108258816;0;0;0;0;0;0;0;0;0;0;0;3116;0;0;88;0;12;0;
2196;1296822;975970304;13922304;1108258816;0;0;0;0;0;0;0;0;0;0;0;3196;0;0;88;0;12;0;
2197;1569033;975970304;13922304;1108258816;0;0;0;0;0;0;0;0;0;0;0;2875;0;0;88;0;12;0;
2198;1280331;975970304;13922304;1108258816;0;0;0;0;0;0;0;0;0;0;0;3076;0;0;88;0;12;0;
2199;1265273;975970304;13922304;1108258816;0;0;0;0;0;0;0;0;0;0;0;3226;0;0;88;0;12;0;
2200;1850961;975970304;13922304;1108258816;0;0;0;0;0;0;0;0;0;0;0;3206;0;0;88;0;12;0;
2201;1284018;975970304;13922304;1108258816;0;0;0;0;0;0;0;0;0;0;0;3476;0;0;88;0;12;0;
2202;1220749;975970304;13922304;1108258816;0;0;0;0;0;0;0;0;0;0;0;3146;0;0;88;0;12;0;
2203;1213095;975970304;13922304;1108258816;0;0;0;0;0;0;0;0;0;0;0;3156;0;0;88;0;12;0;
2204;1211021;975970304;13922304;1108258816;0;0;0;0;0;0;0;0;0;0;0;3186;0;0;88;0;12;0;
2205;1931813;975970304;13922304;1108258816;0;0;0;0;0;0;0;0;0;0;0;2965;0;0;88;0;12;0;
2206;1547652;975970304;13922304;1108258816;0;0;0;0;0;0;0;0;0;0;0;4708;0;0;88;0;13;0;
2207;1740304;975970304;13922304;1108258816;0;0;0;0;0;0;0;0;0;0;0;3066;0;0;88;0;13;0;
2208;1289839;975970304;13922304;1108258816;0;0;0;0;0;0;0;0;0;0;0;3306;0;0;88;0;13;0;
2209;1129418;975970304;13922304;1108258816;0;0;0;0;0;0;0;0;0;0;0;3136;0;0;88;0;13;0;
2210;4228981;975970304;13922304;1108258816;0;0;0;0;0;0;0;0;0;0;0;3126;0;0;88;0;13;0;
2211;3202075;975970304;13922304;1108258816;0;0;0;0;0;0;0;0;0;0;0;3477;0;0;88;0;13;0;
2212;1331938;975970304;13922304;1108258816;0;0;0;0;0;0;0;0;0;0;0;2995;0;0;88;0;13;0;
2213;1291231;975970304;13922304;1108258816;0;0;0;0;0;0;0;0;0;0;0;3036;0;0;88;0;13;0;
2214;1485737;975970304;13922304;1108258816;0;0;0;0;0;0;0;0;0;0;0;4699;0;0;88;0;14;0;
2215;1260684;975970304;13922304;1108258816;0;0;0;0;0;0;0;0;0;0;0;3316;0;0;88;0;14;0;
2216;1898120;976023552;13918208;1108254720;0;0;0;0;0;0;0;0;0;0;0;3186;0;0;88;0;14;0;
2217;1679570;976023552;13918208;1108254720;0;0;0;0;0;0;0;0;0;0;0;2886;0;0;88;0;14;0;
2218;1735625;976023552;13918208;1108254720;0;0;0;0;0;0;0;0;0;0;0;2805;0;0;88;0;14;0;
2219;1243923;976023552;13918208;1108254720;0;0;0;0;0;0;0;0;0;0;0;2816;0;0;88;0;14;0;
2220;1247520;976023552;13918208;1108254720;0;0;0;0;0;0;0;0;0;0;0;2965;0;0;88;0;14;0;
2221;2130105;976023552;13918208;1108254720;0;0;0;0;0;0;0;0;0;0;0;3086;0;0;88;0;14;0;
2222;1314325;976023552;13918208;1108254720;0;0;0;0;0;0;0;0;0;0;0;3216;0;0;88;0;14;0;
2223;1367023;976023552;13918208;1108254720;0;0;0;0;0;0;0;0;0;0;0;3266;0;0;88;0;14;0;
2224;1274770;976023552;13918208;1108254720;0;0;0;0;0;0;0;0;0;0;0;2475;0;0;88;0;14;0;
2225;1334272;976023552;13918208;1108254720;0;0;0;0;0;0;0;0;0;0;0;3236;0;0;88;0;14;0;
2226;2084940;976023552;13918208;1108254720;0;0;0;0;0;0;0;0;0;0;0;3186;0;0;88;0;14;0;
2227;1196073;976023552;13918208;1108254720;0;0;0;0;0;0;0;0;0;0;0;2003;0;0;88;0;14;0;
2228;1061481;976023552;13918208;1108254720;0;0;0;0;0;0;0;0;0;0;0;2194;0;0;88;0;14;0;
2229;1031244;976023552;13918208;1108254720;0;0;0;0;0;0;0;0;0;0;0;2304;0;0;88;0;14;0;
2230;1134668;976023552;13918208;1108254720;0;0;0;0;0;0;0;0;0;0;0;1923;0;0;88;0;14;0;
2231;1873002;976023552;13918208;1108254720;0;0;0;0;0;0;0;0;0;0;0;2034;0;0;88;0;14;0;
2232;1329173;976023552;13918208;1108254720;0;0;0;0;0;0;0;0;0;0;0;2876;0;0;88;0;14;0;
2233;1282526;976023552;13918208;1108254720;0;0;0;0;0;0;0;0;0;0;0;2826;0;0;88;0;14;0;
2234;1369869;976023552;13918208;1108254720;0;0;0;0;0;0;0;0;0;0;0;2895;0;0;88;0;14;0;
2235;1503309;976023552;13918208;1108254720;0;0;0;0;0;0;0;0;0;0;0;2836;0;0;88;0;14;0;
2236;2012434;976023552;13918208;1108254720;0;0;0;0;0;0;0;0;0;0;0;2725;0;0;88;0;14;0;
2237;1676555;976023552;13918208;1108254720;0;0;0;0;0;0;0;0;0;0;0;2926;0;0;88;0;14;0;
2238;1446032;976023552;13918208;1108254720;0;0;0;0;0;0;0;0;0;0;0;2855;0;0;88;0;14;0;
2239;1493871;976023552;13918208;1108254720;0;0;0;0;0;0;0;0;0;0;0;2705;0;0;88;0;14;0;
2240;1437476;976023552;13918208;1108254720;0;0;0;0;0;0;0;0;0;0;0;2755;0;0;88;0;14;0;
2241;5335076;976023552;13918208;1108254720;0;0;0;0;0;0;0;0;0;0;0;7945;0;0;88;0;14;0;
2242;3889795;976023552;13918208;1108254720;0;0;0;0;0;0;0;0;0;0;0;3436;0;0;88;0;14;0;
2243;1433959;976023552;13918208;1108254720;0;0;0;0;0;0;0;0;0;0;0;3256;0;0;88;0;14;0;
2244;1573541;976023552;13918208;1108254720;0;0;0;0;0;0;0;0;0;0;0;2956;0;0;88;0;14;0;
2245;1728903;976023552;13918208;1108254720;0;0;0;0;0;0;0;0;0;0;0;3026;0;0;88;0;14;0;
2246;1632712;976023552;13918208;1108254720;0;0;0;0;0;0;0;0;0;0;0;2966;0;0;88;0;14;0;
2247;2153569;976023552;13918208;1108254720;0;0;0;0;0;0;0;0;0;0;0;3226;0;0;88;0;14;0;
2248;1303525;976023552;13918208;1108254720;0;0;0;0;0;0;0;0;0;0;0;3146;0;0;88;0;14;0;
2249;1363347;976023552;13918208;1108254720;0;0;0;0;0;0;0;0;0;0;0;3546;0;0;88;0;14;0;
2250;1239635;976023552;13918208;1108254720;0;0;0;0;0;0;0;0;0;0;0;3136;0;0;88;0;14;0;
2251;1381451;976023552;13918208;1108254720;0;0;0;0;0;0;0;0;0;0;0;3146;0;0;88;0;14;0;
2252;2086032;976023552;13918208;1108254720;0;0;0;0;0;0;0;0;0;0;0;4518;0;0;88;0;14;0;
2253;1404043;976023552;13918208;1108254720;0;0;0;0;0;0;0;0;0;0;0;3126;0;0;88;0;14;0;
2254;1426735;976023552;13918208;1108254720;0;0;0;0;0;0;0;0;0;0;0;2916;0;0;88;0;14;0;
2255;1378205;976023552;13918208;1108254720;0;0;0;0;0;0;0;0;0;0;0;2976;0;0;88;0;14;0;
2256;1374237;976023552;13918208;1108254720;0;0;0;0;0;0;0;0;0;0;0;2866;0;0;88;0;14;0;
2257;2000923;976023552;13918208;1108254720;0;0;0;0;0;0;0;0;0;0;0;2805;0;0;88;0;14;0;
2258;1730655;976289792;13918208;1108254720;0;0;0;0;0;0;0;0;0;0;0;2865;0;0;88;0;14;0;
2259;1575354;976289792;13918208;1108254720;0;0;0;0;0;0;0;0;0;0;0;2985;0;0;88;0;14;0;
2260;1404664;976289792;13918208;1108254720;0;0;0;0;0;0;0;0;0;0;0;3106;0;0;88;0;14;0;
2261;1693226;976289792;13918208;1108254720;0;0;0;0;0;0;0;0;0;0;0;2825;0;0;88;0;14;0;
2262;1912697;976289792;13918208;1108254720;0;0;0;0;0;0;0;0;0;0;0;3135;0;0;88;0;14;0;
2263;1481779;976289792;13918208;1108254720;0;0;0;0;0;0;0;0;0;0;0;2875;0;0;88;0;14;0;
2264;1382092;976289792;13918208;1108254720;0;0;0;0;0;0;0;0;0;0;0;3146;0;0;88;0;14;0;
2265;1398613;976289792;13918208;1108254720;0;0;0;0;0;0;0;0;0;0;0;2865;0;0;88;0;14;0;
2266;1861231;976289792;13918208;1108254720;0;0;0;0;0;0;0;0;0;0;0;3146;0;0;88;0;14;0;
2267;2351821;976289792;13918208;1108254720;0;0;0;0;0;0;0;0;0;0;0;2965;0;0;88;0;14;0;
2268;7142485;976289792;13918208;1108254720;0;0;0;0;0;0;0;0;0;0;0;3056;0;0;88;0;14;0;
2269;1462172;976289792;13918208;1108254720;0;0;0;0;0;0;0;0;0;0;0;3106;0;0;88;0;14;0;
2270;1517145;976289792;13918208;1108254720;0;0;0;0;0;0;0;0;0;0;0;3186;0;0;88;0;14;0;
2271;1588028;976289792;13918208;1108254720;0;0;0;0;0;0;0;0;0;0;0;3176;0;0;88;0;14;0;
2272;4710113;976289792;13918208;1108254720;0;0;0;0;0;0;0;0;0;0;0;3035;0;0;88;0;14;0;
2273;4640533;976289792;13918208;1108254720;0;0;0;0;0;0;0;0;0;0;0;3146;0;0;88;0;14;0;
2274;1517747;976289792;13918208;1108254720;0;0;0;0;0;0;0;0;0;0;0;3116;0;0;88;0;14;0;
2275;1511865;976289792;13918208;1108254720;0;0;0;0;0;0;0;0;0;0;0;2775;0;0;88;0;14;0;
2276;1594230;976289792;13918208;1108254720;0;0;0;0;0;0;0;0;0;0;0;2775;0;0;88;0;14;0;
2277;1886357;976289792;13918208;1108254720;0;0;0;0;0;0;0;0;0;0;0;4679;0;0;88;0;15;0;
2278;2147687;976289792;13918208;1108254720;0;0;0;0;0;0;0;0;0;0;0;2775;0;0;88;0;15;0;
2279;1720977;976289792;13918208;1108254720;0;0;0;0;0;0;0;0;0;0;0;2935;0;0;88;0;15;0;
2280;1789065;976289792;13918208;1108254720;0;0;0;0;0;0;0;0;0;0;0;2786;0;0;88;0;15;0;
2281;1379257;976289792;13918208;1108254720;0;0;0;0;0;0;0;0;0;0;0;2746;0;0;88;0;15;0;
2282;1456251;976289792;13918208;1108254720;0;0;0;0;0;0;0;0;0;0;0;2725;0;0;88;0;15;0;
2283;1999009;976289792;13918208;1108254720;0;0;0;0;0;0;0;0;0;0;0;2745;0;0;88;0;15;0;
2284;1633083;976289792;13918208;1108254720;0;0;0;0;0;0;0;0;0;0;0;3286;0;0;88;0;15;0;
2285;1451282;976289792;13918208;1108254720;0;0;0;0;0;0;0;0;0;0;0;2785;0;0;88;0;15;0;
2286;1627321;976289792;13918208;1108254720;0;0;0;0;0;0;0;0;0;0;0;3146;0;0;88;0;15;0;
2287;1783395;976289792;13918208;1108254720;0;0;0;0;0;0;0;0;0;0;0;4118;0;0;88;0;16;0;
2288;2242766;976289792;13918208;1108254720;0;0;0;0;0;0;0;0;0;0;0;2896;0;0;88;0;16;0;
2289;1728682;976289792;13918208;1108254720;0;0;0;0;0;0;0;0;0;0;0;2946;0;0;88;0;16;0;
2290;1767935;976289792;13918208;1108254720;0;0;0;0;0;0;0;0;0;0;0;2845;0;0;88;0;16;0;
2291;1418841;976289792;13918208;1108254720;0;0;0;0;0;0;0;0;0;0;0;2715;0;0;88;0;16;0;
2292;1508809;976289792;13918208;1108254720;0;0;0;0;0;0;0;0;0;0;0;2745;0;0;88;0;16;0;
2293;2174819;976289792;13918208;1108254720;0;0;0;0;0;0;0;0;0;0;0;2765;0;0;88;0;16;0;
2294;1446523;976289792;13918208;1108254720;0;0;0;0;0;0;0;0;0;0;0;3016;0;0;88;0;16;0;
2295;1404884;976289792;13918208;1108254720;0;0;0;0;0;0;0;0;0;0;0;2635;0;0;88;0;16;0;
2296;1484354;976289792;13918208;1108254720;0;0;0;0;0;0;0;0;0;0;0;2766;0;0;88;0;16;0;
2297;1640967;976289792;13918208;1108254720;0;0;0;0;0;0;0;0;0;0;0;2845;0;0;88;0;16;0;
2298;2266321;976289792;13918208;1108254720;0;0;0;0;0;0;0;0;0;0;0;3196;0;0;88;0;16;0;
2299;1507487;976289792;13918208;1108254720;0;0;0;0;0;0;0;0;0;0;0;2976;0;0;88;0;16;0;
2300;1480306;976289792;13918208;1108254720;0;0;0;0;0;0;0;0;0;0;0;3006;0;0;88;0;16;0;
2301;1369248;976289792;13918208;1108254720;0;0;0;0;0;0;0;0;0;0;0;2796;0;0;88;0;16;0;
2302;1412930;976289792;13918208;1108254720;0;0;0;0;0;0;0;0;0;0;0;2805;0;0;88;0;16;0;
2303;4602833;976289792;13918208;1108254720;0;0;0;0;0;0;0;0;0;0;0;3076;0;0;88;0;16;0;
2304;4067719;976289792;13922304;1108258816;0;0;0;0;0;0;0;0;0;0;0;2796;0;0;88;0;16;0;
2305;1564705;976289792;13922304;1108258816;0;0;0;0;0;0;0;0;0;0;0;2775;0;0;88;0;16;0;
2306;1801719;976289792;13922304;1108258816;0;0;0;0;0;0;0;0;0;0;0;3286;0;0;88;0;16;0;
2307;1488321;976289792;13922304;1108258816;0;0;0;0;0;0;0;0;0;0;0;2745;0;0;88;0;16;0;
2308;1381090;976289792;13922304;1108258816;0;0;0;0;0;0;0;0;0;0;0;2755;0;0;88;0;16;0;
2309;8222891;976289792;13922304;1108258816;0;0;0;0;0;0;0;0;0;0;0;2756;0;0;88;0;16;0;
2310;1950197;976289792;13922304;1108258816;0;0;0;0;0;0;0;0;0;0;0;4098;0;0;88;0;17;0;
2311;1555367;976289792;13922304;1108258816;0;0;0;0;0;0;0;0;0;0;0;2325;0;0;88;0;17;0;
2312;1469265;976289792;13922304;1108258816;0;0;0;0;0;0;0;0;0;0;0;2825;0;0;88;0;17;0;
2313;2023836;976289792;13922304;1108258816;0;0;0;0;0;0;0;0;0;0;0;2785;0;0;88;0;17;0;
2314;2163147;976289792;13922304;1108258816;0;0;0;0;0;0;0;0;0;0;0;2685;0;0;88;0;17;0;
2315;1566338;976289792;13922304;1108258816;0;0;0;0;0;0;0;0;0;0;0;2675;0;0;88;0;17;0;
2316;1452925;976289792;13922304;1108258816;0;0;0;0;0;0;0;0;0;0;0;2665;0;0;88;0;17;0;
2317;1492539;976289792;13922304;1108258816;0;0;0;0;0;0;0;0;0;0;0;3126;0;0;88;0;17;0;
2318;1634916;976289792;13922304;1108258816;0;0;0;0;0;0;0;0;0;0;0;2445;0;0;88;0;17;0;
2319;2423936;976289792;13922304;1108258816;0;0;0;0;0;0;0;0;0;0;0;4038;0;0;88;0;18;0;
2320;1523738;976289792;13922304;1108258816;0;0;0;0;0;0;0;0;0;0;0;2986;0;0;88;0;18;0;
2321;1794255;976289792;13922304;1108258816;0;0;0;0;0;0;0;0;0;0;0;3226;0;0;88;0;18;0;
2322;1582669;976289792;13922304;1108258816;0;0;0;0;0;0;0;0;0;0;0;3076;0;0;88;0;18;0;
2323;1603227;976289792;13922304;1108258816;0;0;0;0;0;0;0;0;0;0;0;3176;0;0;88;0;18;0;
2324;2176843;976289792;13922304;1108258816;0;0;0;0;0;0;0;0;0;0;0;3056;0;0;88;0;18;0;
2325;1603317;976289792;13922304;1108258816;0;0;0;0;0;0;0;0;0;0;0;2926;0;0;88;0;18;0;
2326;1507247;976289792;13922304;1108258816;0;0;0;0;0;0;0;0;0;0;0;3066;0;0;88;0;18;0;
2327;1534127;976289792;13922304;1108258816;0;0;0;0;0;0;0;0;0;0;0;3396;0;0;88;0;18;0;
2328;1596003;976289792;13922304;1108258816;0;0;0;0;0;0;0;0;0;0;0;3196;0;0;88;0;18;0;
2329;2285226;976289792;13922304;1108258816;0;0;0;0;0;0;0;0;0;0;0;3216;0;0;88;0;18;0;
2330;1470047;976289792;13922304;1108258816;0;0;0;0;0;0;0;0;0;0;0;2324;0;0;88;0;18;0;
2331;1469125;976289792;13922304;1108258816;0;0;0;0;0;0;0;0;0;0;0;2234;0;0;88;0;18;0;
2332;1477331;976289792;13922304;1108258816;0;0;0;0;0;0;0;0;0;0;0;2515;0;0;88;0;18;0;
2333;1203907;976289792;13922304;1108258816;0;0;0;0;0;0;0;0;0;0;0;2325;0;0;88;0;18;0;
2334;4506712;976289792;13922304;1108258816;0;0;0;0;0;0;0;0;0;0;0;2225;0;0;88;0;18;0;
2335;3725417;976289792;13922304;1108258816;0;0;0;0;0;0;0;0;0;0;0;3126;0;0;88;0;18;0;
2336;1606804;976289792;13922304;1108258816;0;0;0;0;0;0;0;0;0;0;0;3146;0;0;88;0;18;0;
2337;1566237;976289792;13922304;1108258816;0;0;0;0;0;0;0;0;0;0;0;3066;0;0;88;0;18;0;
2338;1781321;976289792;13922304;1108258816;0;0;0;0;0;0;0;0;0;0;0;3136;0;0;88;0;18;0;
2339;1798213;976289792;13922304;1108258816;0;0;0;0;0;0;0;0;0;0;0;3196;0;0;88;0;18;0;
2340;2157085;976326656;13918208;1108254720;0;0;0;0;0;0;0;0;0;0;0;3247;0;0;88;0;18;0;
2341;1528637;976326656;13918208;1108254720;0;0;0;0;0;0;0;0;0;0;0;3136;0;0;88;0;18;0;
2342;1440762;976326656;13918208;1108254720;0;0;0;0;0;0;0;0;0;0;0;3296;0;0;88;0;18;0;
2343;1457814;976326656;13918208;1108254720;0;0;0;0;0;0;0;0;0;0;0;3366;0;0;88;0;18;0;
2344;1661646;976326656;13918208;1108254720;0;0;0;0;0;0;0;0;0;0;0;2906;0;0;88;0;18;0;
2345;2073719;976326656;13918208;1108254720;0;0;0;0;0;0;0;0;0;0;0;3106;0;0;88;0;18;0;
2346;1841443;976326656;13918208;1108254720;0;0;0;0;0;0;0;0;0;0;0;2945;0;0;88;0;18;0;
2347;1901286;976326656;13918208;1108254720;0;0;0;0;0;0;0;0;0;0;0;3076;0;0;88;0;18;0;
2348;1622312;976326656;13918208;1108254720;0;0;0;0;0;0;0;0;0;0;0;3176;0;0;88;0;18;0;
2349;1996464;976326656;13918208;1108254720;0;0;0;0;0;0;0;0;0;0;0;3146;0;0;88;0;18;0;
2350;2147888;976326656;13918208;1108254720;0;0;0;0;0;0;0;0;0;0;0;3076;0;0;88;0;18;0;
2351;1673128;976326656;13918208;1108254720;0;0;0;0;0;0;0;0;0;0;0;3166;0;0;88;0;18;0;
2352;1707341;976326656;13918208;1108254720;0;0;0;0;0;0;0;0;0;0;0;3306;0;0;88;0;18;0;
2353;1660364;976326656;13918208;1108254720;0;0;0;0;0;0;0;0;0;0;0;3066;0;0;88;0;18;0;
2354;1626220;976326656;13918208;1108254720;0;0;0;0;0;0;0;0;0;0;0;3106;0;0;88;0;18;0;
2355;2737735;976326656;13918208;1108254720;0;0;0;0;0;0;0;0;0;0;0;2936;0;0;88;0;18;0;
2356;1928708;976326656;13918208;1108254720;0;0;0;0;0;0;0;0;0;0;0;3236;0;0;88;0;18;0;
2357;1525671;976326656;13918208;1108254720;0;0;0;0;0;0;0;0;0;0;0;3136;0;0;88;0;18;0;
2358;1450260;976326656;13918208;1108254720;0;0;0;0;0;0;0;0;0;0;0;3487;0;0;88;0;18;0;
2359;1635467;976326656;13918208;1108254720;0;0;0;0;0;0;0;0;0;0;0;3286;0;0;88;0;18;0;
2360;2182363;976326656;13918208;1108254720;0;0;0;0;0;0;0;0;0;0;0;3075;0;0;88;0;18;0;
2361;1553163;976326656;13918208;1108254720;0;0;0;0;0;0;0;0;0;0;0;3607;0;0;88;0;18;0;
2362;1486808;976326656;13918208;1108254720;0;0;0;0;0;0;0;0;0;0;0;3237;0;0;88;0;18;0;
2363;1530070;976326656;13918208;1108254720;0;0;0;0;0;0;0;0;0;0;0;3126;0;0;88;0;18;0;
2364;1594982;976326656;13918208;1108254720;0;0;0;0;0;0;0;0;0;0;0;2976;0;0;88;0;18;0;
2365;4961766;976326656;13918208;1108254720;0;0;0;0;0;0;0;0;0;0;0;2455;0;0;88;0;18;0;
2366;3238553;976326656;13918208;1108254720;0;0;0;0;0;0;0;0;0;0;0;2385;0;0;88;0;18;0;
2367;1761564;976326656;13918208;1108254720;0;0;0;0;0;0;0;0;0;0;0;2965;0;0;88;0;18;0;
2368;1610821;976326656;13918208;1108254720;0;0;0;0;0;0;0;0;0;0;0;3637;0;0;88;0;18;0;
2369;1545708;976326656;13918208;1108254720;0;0;0;0;0;0;0;0;0;0;0;3507;0;0;88;0;18;0;
2370;1504953;976326656;13918208;1108254720;0;0;0;0;0;0;0;0;0;0;0;2926;0;0;88;0;18;0;
2371;2416191;976326656;13918208;1108254720;0;0;0;0;0;0;0;0;0;0;0;3106;0;0;88;0;18;0;
2372;1597425;976326656;13918208;1108254720;0;0;0;0;0;0;0;0;0;0;0;2976;0;0;88;0;18;0;
2373;2032171;976326656;13918208;1108254720;0;0;0;0;0;0;0;0;0;0;0;2725;0;0;88;0;18;0;
2374;1581105;976326656;13918208;1108254720;0;0;0;0;0;0;0;0;0;0;0;3006;0;0;88;0;18;0;
2375;1411817;976326656;13918208;1108254720;0;0;0;0;0;0;0;0;0;0;0;2735;0;0;88;0;18;0;
2376;1959524;976326656;13918208;1108254720;0;0;0;0;0;0;0;0;0;0;0;2134;0;0;88;0;18;0;
2377;1275513;976326656;13918208;1108254720;0;0;0;0;0;0;0;0;0;0;0;1954;0;0;88;0;18;0;
2378;1578160;976326656;13918208;1108254720;0;0;0;0;0;0;0;0;0;0;0;1923;0;0;88;0;18;0;
2379;1387041;976326656;13918208;1108254720;0;0;0;0;0;0;0;0;0;0;0;1643;0;0;88;0;18;0;
2380;1335355;976326656;13918208;1108254720;0;0;0;0;0;0;0;0;0;0;0;2114;0;0;88;0;18;0;
2381;2100470;976326656;13918208;1108254720;0;0;0;0;0;0;0;0;0;0;0;2155;0;0;88;0;18;0;
2382;1294988;976326656;13918208;1108254720;0;0;0;0;0;0;0;0;0;0;0;1944;0;0;88;0;18;0;
2383;1683076;976326656;13918208;1108254720;0;0;0;0;0;0;0;0;0;0;0;2054;0;0;88;0;18;0;
2384;1343659;976326656;13918208;1108254720;0;0;0;0;0;0;0;0;0;0;0;2114;0;0;88;0;18;0;
2385;1196654;976326656;13918208;1108254720;0;0;0;0;0;0;0;0;0;0;0;2074;0;0;88;0;18;0;
2386;2079860;976326656;13918208;1108254720;0;0;0;0;0;0;0;0;0;0;0;2014;0;0;88;0;18;0;
2387;1695811;976326656;13918208;1108254720;0;0;0;0;0;0;0;0;0;0;0;2766;0;0;88;0;18;0;
2388;1647139;976326656;13918208;1108254720;0;0;0;0;0;0;0;0;0;0;0;2816;0;0;88;0;18;0;
2389;1611763;976326656;13918208;1108254720;0;0;0;0;0;0;0;0;0;0;0;2825;0;0;88;0;18;0;
2390;1477270;976326656;13918208;1108254720;0;0;0;0;0;0;0;0;0;0;0;2866;0;0;88;0;18;0;
2391;2261251;976326656;13918208;1108254720;0;0;0;0;0;0;0;0;0;0;0;2745;0;0;88;0;18;0;
2392;1565266;976326656;13918208;1108254720;0;0;0;0;0;0;0;0;0;0;0;2685;0;0;88;0;18;0;
2393;1918238;976936960;13918208;1108254720;0;0;0;0;0;0;0;0;0;0;0;2806;0;0;88;0;18;0;
2394;1971096;976936960;13918208;1108254720;0;0;0;0;0;0;0;0;0;0;0;2665;0;0;88;0;18;0;
2395;1632792;976936960;13918208;1108254720;0;0;0;0;0;0;0;0;0;0;0;2836;0;0;88;0;18;0;
2396;4502304;976936960;13918208;1108254720;0;0;0;0;0;0;0;0;0;0;0;2795;0;0;88;0;18;0;
2397;4266080;976936960;13918208;1108254720;0;0;0;0;0;0;0;0;0;0;0;3226;0;0;88;0;18;0;
2398;1693256;976936960;13918208;1108254720;0;0;0;0;0;0;0;0;0;0;0;2745;0;0;88;0;18;0;
2399;1774879;976936960;13918208;1108254720;0;0;0;0;0;0;0;0;0;0;0;3206;0;0;88;0;18;0;
2400;1724955;976936960;13918208;1108254720;0;0;0;0;0;0;0;0;0;0;0;2765;0;0;88;0;18;0;
2401;1982258;976936960;13918208;1108254720;0;0;0;0;0;0;0;0;0;0;0;3407;0;0;88;0;18;0;
2402;2314370;976936960;13918208;1108254720;0;0;0;0;0;0;0;0;0;0;0;3036;0;0;88;0;18;0;
2403;1598938;976936960;13918208;1108254720;0;0;0;0;0;0;0;0;0;0;0;3196;0;0;88;0;18;0;
2404;1539998;976936960;13918208;1108254720;0;0;0;0;0;0;0;0;0;0;0;3376;0;0;88;0;18;0;
2405;1658280;976936960;13918208;1108254720;0;0;0;0;0;0;0;0;0;0;0;2695;0;0;88;0;18;0;
2406;1859447;976936960;13918208;1108254720;0;0;0;0;0;0;0;0;0;0;0;3046;0;0;88;0;18;0;
2407;2286748;976936960;13918208;1108254720;0;0;0;0;0;0;0;0;0;0;0;2715;0;0;88;0;18;0;
2408;1707833;976936960;13918208;1108254720;0;0;0;0;0;0;0;0;0;0;0;2775;0;0;88;0;18;0;
2409;1401509;976936960;13918208;1108254720;0;0;0;0;0;0;0;0;0;0;0;2284;0;0;88;0;18;0;
2410;1611082;976936960;13918208;1108254720;0;0;0;0;0;0;0;0;0;0;0;2064;0;0;88;0;18;0;
2411;1363297;976936960;13918208;1108254720;0;0;0;0;0;0;0;0;0;0;0;2074;0;0;88;0;18;0;
2412;1825293;976936960;13918208;1108254720;0;0;0;0;0;0;0;0;0;0;0;2244;0;0;88;0;18;0;
2413;1461311;976936960;13918208;1108254720;0;0;0;0;0;0;0;0;0;0;0;1994;0;0;88;0;18;0;
2414;1055320;976936960;13918208;1108254720;0;0;0;0;0;0;0;0;0;0;0;2364;0;0;88;0;18;0;
2415;1163312;976936960;13918208;1108254720;0;0;0;0;0;0;0;0;0;0;0;2355;0;0;88;0;18;0;
2416;1465238;976936960;13918208;1108254720;0;0;0;0;0;0;0;0;0;0;0;3968;0;0;88;0;20;0;
2417;1869226;976936960;13918208;1108254720;0;0;0;0;0;0;0;0;0;0;0;2324;0;0;88;0;20;0;
2418;1668388;976936960;13918208;1108254720;0;0;0;0;0;0;0;0;0;0;0;1884;0;0;88;0;20;0;
2419;1250986;976936960;13918208;1108254720;0;0;0;0;0;0;0;0;0;0;0;2104;0;0;88;0;20;0;
2420;1196494;976936960;13918208;1108254720;0;0;0;0;0;0;0;0;0;0;0;1934;0;0;88;0;20;0;
2421;1255174;976936960;13918208;1108254720;0;0;0;0;0;0;0;0;0;0;0;1964;0;0;88;0;20;0;
2422;1700980;976936960;13918208;1108254720;0;0;0;0;0;0;0;0;0;0;0;2164;0;0;88;0;20;0;
2423;1236088;976936960;13918208;1108254720;0;0;0;0;0;0;0;0;0;0;0;2124;0;0;88;0;20;0;
2424;1137734;976936960;13918208;1108254720;0;0;0;0;0;0;0;0;0;0;0;2144;0;0;88;0;20;0;
2425;1342027;976936960;13918208;1108254720;0;0;0;0;0;0;0;0;0;0;0;2014;0;0;88;0;20;0;
2426;1211532;976936960;13918208;1108254720;0;0;0;0;0;0;0;0;0;0;0;2365;0;0;88;0;20;0;
2427;4530746;976936960;13918208;1108254720;0;0;0;0;0;0;0;0;0;0;0;3176;0;0;88;0;20;0;
2428;3863496;976936960;13922304;1108258816;0;0;0;0;0;0;0;0;0;0;0;2905;0;0;88;0;20;0;
2429;1482450;976936960;13922304;1108258816;0;0;0;0;0;0;0;0;0;0;0;2064;0;0;88;0;20;0;
2430;1228895;976936960;13922304;1108258816;0;0;0;0;0;0;0;0;0;0;0;2044;0;0;88;0;20;0;
2431;1163652;976936960;13922304;1108258816;0;0;0;0;0;0;0;0;0;0;0;1964;0;0;88;0;20;0;
2432;1215780;976936960;13922304;1108258816;0;0;0;0;0;0;0;0;0;0;0;2073;0;0;88;0;20;0;
2433;1754160;976936960;13922304;1108258816;0;0;0;0;0;0;0;0;0;0;0;2465;0;0;88;0;20;0;
2434;1343430;976936960;13922304;1108258816;0;0;0;0;0;0;0;0;0;0;0;2054;0;0;88;0;20;0;
2435;1312612;976936960;13922304;1108258816;0;0;0;0;0;0;0;0;0;0;0;2054;0;0;88;0;20;0;
2436;1319375;976936960;13922304;1108258816;0;0;0;0;0;0;0;0;0;0;0;2154;0;0;88;0;20;0;
2437;1569784;976936960;13922304;1108258816;0;0;0;0;0;0;0;0;0;0;0;1934;0;0;88;0;20;0;
2438;1803843;976936960;13922304;1108258816;0;0;0;0;0;0;0;0;0;0;0;2034;0;0;88;0;20;0;
2439;1509541;976936960;13922304;1108258816;0;0;0;0;0;0;0;0;0;0;0;2354;0;0;88;0;20;0;
2440;1530651;976936960;13922304;1108258816;0;0;0;0;0;0;0;0;0;0;0;2144;0;0;88;0;20;0;
2441;1339733;976936960;13922304;1108258816;0;0;0;0;0;0;0;0;0;0;0;1954;0;0;88;0;20;0;
2442;1542573;976936960;13922304;1108258816;0;0;0;0;0;0;0;0;0;0;0;1924;0;0;88;0;20;0;
2443;2169308;976936960;13922304;1108258816;0;0;0;0;0;0;0;0;0;0;0;2024;0;0;88;0;20;0;
2444;1190803;976936960;13922304;1108258816;0;0;0;0;0;0;0;0;0;0;0;1904;0;0;88;0;20;0;
2445;1390328;976936960;13922304;1108258816;0;0;0;0;0;0;0;0;0;0;0;2054;0;0;88;0;20;0;
2446;1412980;976936960;13922304;1108258816;0;0;0;0;0;0;0;0;0;0;0;1903;0;0;88;0;20;0;
2447;1353148;976936960;13922304;1108258816;0;0;0;0;0;0;0;0;0;0;0;1903;0;0;88;0;20;0;
2448;1981997;976936960;13922304;1108258816;0;0;0;0;0;0;0;0;0;0;0;1864;0;0;88;0;20;0;
2449;1389345;976936960;13922304;1108258816;0;0;0;0;0;0;0;0;0;0;0;1934;0;0;88;0;20;0;
2450;1728111;976936960;13922304;1108258816;0;0;0;0;0;0;0;0;0;0;0;1913;0;0;88;0;20;0;
2451;1451142;976936960;13922304;1108258816;0;0;0;0;0;0;0;0;0;0;0;1954;0;0;88;0;20;0;
2452;1385468;976936960;13922304;1108258816;0;0;0;0;0;0;0;0;0;0;0;2164;0;0;88;0;20;0;
2453;2134062;976936960;13922304;1108258816;0;0;0;0;0;0;0;0;0;0;0;2314;0;0;88;0;20;0;
2454;1418821;976936960;13922304;1108258816;0;0;0;0;0;0;0;0;0;0;0;1993;0;0;88;0;20;0;
2455;1575555;976936960;13922304;1108258816;0;0;0;0;0;0;0;0;0;0;0;1964;0;0;88;0;20;0;
2456;1351625;976936960;13922304;1108258816;0;0;0;0;0;0;0;0;0;0;0;1983;0;0;88;0;20;0;
2457;1440141;976936960;13922304;1108258816;0;0;0;0;0;0;0;0;0;0;0;1874;0;0;88;0;20;0;
2458;4675648;976936960;13922304;1108258816;0;0;0;0;0;0;0;0;0;0;0;2134;0;0;88;0;20;0;
2459;3128397;976936960;13922304;1108258816;0;0;0;0;0;0;0;0;0;0;0;1953;0;0;88;0;20;0;
2460;1384366;976936960;13922304;1108258816;0;0;0;0;0;0;0;0;0;0;0;2004;0;0;88;0;20;0;
2461;1460489;976936960;13922304;1108258816;0;0;0;0;0;0;0;0;0;0;0;1874;0;0;88;0;20;0;
2462;1993829;976936960;13918208;1108254720;0;0;0;0;0;0;0;0;0;0;0;2124;0;0;88;0;20;0;
2463;1458355;976936960;13918208;1108254720;0;0;0;0;0;0;0;0;0;0;0;2054;0;0;88;0;20;0;
2464;1609188;976936960;13918208;1108254720;0;0;0;0;0;0;0;0;0;0;0;2465;0;0;88;0;20;0;
2465;1372094;976936960;13918208;1108254720;0;0;0;0;0;0;0;0;0;0;0;1974;0;0;88;0;20;0;
2466;2158839;976936960;13918208;1108254720;0;0;0;0;0;0;0;0;0;0;0;2064;0;0;88;0;20;0;
2467;1731707;976936960;13918208;1108254720;0;0;0;0;0;0;0;0;0;0;0;2685;0;0;88;0;20;0;
2468;1656376;976936960;13918208;1108254720;0;0;0;0;0;0;0;0;0;0;0;2725;0;0;88;0;20;0;
2469;1799314;976936960;13918208;1108254720;0;0;0;0;0;0;0;0;0;0;0;3056;0;0;88;0;20;0;
2470;2080021;976936960;13918208;1108254720;0;0;0;0;0;0;0;0;0;0;0;2865;0;0;88;0;20;0;
2471;2087355;976936960;13918208;1108254720;0;0;0;0;0;0;0;0;0;0;0;1954;0;0;88;0;20;0;
2472;1484474;976936960;13918208;1108254720;0;0;0;0;0;0;0;0;0;0;0;2264;0;0;88;0;20;0;
2473;1191004;976936960;13918208;1108254720;0;0;0;0;0;0;0;0;0;0;0;2324;0;0;88;0;20;0;
2474;1470808;976936960;13918208;1108254720;0;0;0;0;0;0;0;0;0;0;0;1943;0;0;88;0;20;0;
2475;1928196;976936960;13918208;1108254720;0;0;0;0;0;0;0;0;0;0;0;2404;0;0;88;0;20;0;
2476;1656627;976936960;13918208;1108254720;0;0;0;0;0;0;0;0;0;0;0;2094;0;0;88;0;20;0;
2477;1434611;976936960;13918208;1108254720;0;0;0;0;0;0;0;0;0;0;0;2184;0;0;88;0;20;0;
2478;1402320;976936960;13918208;1108254720;0;0;0;0;0;0;0;0;0;0;0;2425;0;0;88;0;20;0;
2479;1539046;976936960;13918208;1108254720;0;0;0;0;0;0;0;0;0;0;0;2094;0;0;88;0;20;0;
2480;2023244;976936960;13918208;1108254720;0;0;0;0;0;0;0;0;0;0;0;2144;0;0;88;0;20;0;
2481;1458586;976936960;13918208;1108254720;0;0;0;0;0;0;0;0;0;0;0;2275;0;0;88;0;20;0;
2482;1433248;976936960;13918208;1108254720;0;0;0;0;0;0;0;0;0;0;0;2345;0;0;88;0;20;0;
2483;1268359;976936960;13918208;1108254720;0;0;0;0;0;0;0;0;0;0;0;2324;0;0;88;0;20;0;
2484;1381982;976936960;13918208;1108254720;0;0;0;0;0;0;0;0;0;0;0;2244;0;0;88;0;20;0;
2485;4377269;976936960;13918208;1108254720;0;0;0;0;0;0;0;0;0;0;0;1954;0;0;88;0;20;0;
2486;2779773;976936960;13918208;1108254720;0;0;0;0;0;0;0;0;0;0;0;1964;0;0;88;0;20;0;
2487;1443016;976936960;13918208;1108254720;0;0;0;0;0;0;0;0;0;0;0;2414;0;0;88;0;20;0;
2488;1462353;976936960;13918208;1108254720;0;0;0;0;0;0;0;0;0;0;0;2254;0;0;88;0;20;0;
2489;1382453;976936960;13918208;1108254720;0;0;0;0;0;0;0;0;0;0;0;2314;0;0;88;0;20;0;
2490;1950678;976936960;13918208;1108254720;0;0;0;0;0;0;0;0;0;0;0;2495;0;0;88;0;20;0;
2491;1278558;976936960;13918208;1108254720;0;0;0;0;0;0;0;0;0;0;0;1763;0;0;88;0;20;0;
2492;1200972;976936960;13918208;1108254720;0;0;0;0;0;0;0;0;0;0;0;2124;0;0;88;0;20;0;
2493;1357135;976936960;13918208;1108254720;0;0;0;0;0;0;0;0;0;0;0;2084;0;0;88;0;20;0;
2494;2126257;976936960;13918208;1108254720;0;0;0;0;0;0;0;0;0;0;0;1894;0;0;88;0;20;0;
2495;1479374;976936960;13918208;1108254720;0;0;0;0;0;0;0;0;0;0;0;2024;0;0;88;0;20;0;
2496;1816516;976936960;13918208;1108254720;0;0;0;0;0;0;0;0;0;0;0;1993;0;0;88;0;20;0;
2497;1340163;976936960;13918208;1108254720;0;0;0;0;0;0;0;0;0;0;0;1944;0;0;88;0;20;0;
2498;1833839;976936960;13918208;1108254720;0;0;0;0;0;0;0;0;0;0;0;1974;0;0;88;0;20;0;
2499;1281794;976936960;13918208;1108254720;0;0;0;0;0;0;0;0;0;0;0;2194;0;0;88;0;20;0;
2500;1502959;976936960;13918208;1108254720;0;0;0;0;0;0;0;0;0;0;0;2124;0;0;88;0;20;0;
2501;1326197;976936960;13918208;1108254720;0;0;0;0;0;0;0;0;0;0;0;1994;0;0;88;0;20;0;
2502;1394876;976936960;13918208;1108254720;0;0;0;0;0;0;0;0;0;0;0;2024;0;0;88;0;20;0;
2503;1901326;976936960;13918208;1108254720;0;0;0;0;0;0;0;0;0;0;0;2185;0;0;88;0;20;0;
2504;1180554;976936960;13918208;1108254720;0;0;0;0;0;0;0;0;0;0;0;1793;0;0;88;0;20;0;
2505;1354881;976936960;13918208;1108254720;0;0;0;0;0;0;0;0;0;0;0;2494;0;0;88;0;20;0;
2506;1405576;976936960;13918208;1108254720;0;0;0;0;0;0;0;0;0;0;0;2264;0;0;88;0;20;0;
2507;2010390;976936960;13918208;1108254720;0;0;0;0;0;0;0;0;0;0;0;2895;0;0;88;0;20;0;
2508;2502222;976936960;13918208;1108254720;0;0;0;0;0;0;0;0;0;0;0;3046;0;0;88;0;20;0;
2509;1491217;976936960;13918208;1108254720;0;0;0;0;0;0;0;0;0;0;0;2023;0;0;88;0;20;0;
2510;1676424;976936960;13918208;1108254720;0;0;0;0;0;0;0;0;0;0;0;1883;0;0;88;0;20;0;
2511;1442736;976936960;13918208;1108254720;0;0;0;0;0;0;0;0;0;0;0;1994;0;0;88;0;20;0;
2512;1379607;976936960;13918208;1108254720;0;0;0;0;0;0;0;0;0;0;0;2114;0;0;88;0;20;0;
2513;4338907;976936960;13918208;1108254720;0;0;0;0;0;0;0;0;0;0;0;2134;0;0;88;0;20;0;
2514;4135375;976936960;13918208;1108254720;0;0;0;0;0;0;0;0;0;0;0;3226;0;0;88;0;20;0;
2515;1913167;976936960;13918208;1108254720;0;0;0;0;0;0;0;0;0;0;0;2845;0;0;88;0;20;0;
2516;1752778;976936960;13918208;1108254720;0;0;0;0;0;0;0;0;0;0;0;3096;0;0;88;0;20;0;
2517;1655395;976936960;13918208;1108254720;0;0;0;0;0;0;0;0;0;0;0;2885;0;0;88;0;20;0;
2518;2324960;976936960;13918208;1108254720;0;0;0;0;0;0;0;0;0;0;0;3096;0;0;88;0;20;0;
2519;1660264;976936960;13918208;1108254720;0;0;0;0;0;0;0;0;0;0;0;2886;0;0;88;0;20;0;
2520;1562650;976936960;13918208;1108254720;0;0;0;0;0;0;0;0;0;0;0;3006;0;0;88;0;20;0;
2521;1610199;976936960;13918208;1108254720;0;0;0;0;0;0;0;0;0;0;0;3176;0;0;88;0;20;0;
2522;2229101;976936960;13918208;1108254720;0;0;0;0;0;0;0;0;0;0;0;2945;0;0;88;0;20;0;
2523;1538825;976936960;13918208;1108254720;0;0;0;0;0;0;0;0;0;0;0;2264;0;0;88;0;20;0;
2524;1655114;976936960;13918208;1108254720;0;0;0;0;0;0;0;0;0;0;0;2104;0;0;88;0;20;0;
2525;1252970;976936960;13918208;1108254720;0;0;0;0;0;0;0;0;0;0;0;2325;0;0;88;0;20;0;
2526;1771162;976936960;13918208;1108254720;0;0;0;0;0;0;0;0;0;0;0;2114;0;0;88;0;20;0;
2527;1303394;976936960;13918208;1108254720;0;0;0;0;0;0;0;0;0;0;0;2334;0;0;88;0;20;0;
2528;1409183;976936960;13918208;1108254720;0;0;0;0;0;0;0;0;0;0;0;2234;0;0;88;0;20;0;
2529;1101636;976936960;13918208;1108254720;0;0;0;0;0;0;0;0;0;0;0;2345;0;0;88;0;20;0;
2530;2085441;976936960;13918208;1108254720;0;0;0;0;0;0;0;0;0;0;0;2405;0;0;88;0;20;0;
2531;1195783;976936960;13918208;1108254720;0;0;0;0;0;0;0;0;0;0;0;2194;0;0;88;0;20;0;
2532;1572158;976936960;13918208;1108254720;0;0;0;0;0;0;0;0;0;0;0;1933;0;0;88;0;20;0;
2533;1540549;976936960;13918208;1108254720;0;0;0;0;0;0;0;0;0;0;0;2164;0;0;88;0;20;0;
2534;1163993;976936960;13918208;1108254720;0;0;0;0;0;0;0;0;0;0;0;2194;0;0;88;0;20;0;
2535;2030848;976936960;13918208;1108254720;0;0;0;0;0;0;0;0;0;0;0;2525;0;0;88;0;20;0;
2536;1341336;976936960;13918208;1108254720;0;0;0;0;0;0;0;0;0;0;0;2365;0;0;88;0;20;0;
2537;1297232;976936960;13918208;1108254720;0;0;0;0;0;0;0;0;0;0;0;1794;0;0;88;0;20;0;
2538;1237010;976936960;13918208;1108254720;0;0;0;0;0;0;0;0;0;0;0;2254;0;0;88;0;20;0;
2539;1193849;976936960;13918208;1108254720;0;0;0;0;0;0;0;0;0;0;0;1924;0;0;88;0;20;0;
2540;4240433;976936960;13918208;1108254720;0;0;0;0;0;0;0;0;0;0;0;2355;0;0;88;0;20;0;
2541;2960151;976936960;13922304;1108258816;0;0;0;0;0;0;0;0;0;0;0;3075;0;0;88;0;20;0;
2542;1261455;976936960;13922304;1108258816;0;0;0;0;0;0;0;0;0;0;0;2074;0;0;88;0;20;0;
2543;1447414;976936960;13922304;1108258816;0;0;0;0;0;0;0;0;0;0;0;2385;0;0;88;0;20;0;
2544;1448787;976936960;13922304;1108258816;0;0;0;0;0;0;0;0;0;0;0;1773;0;0;88;0;20;0;
2545;1821235;976936960;13922304;1108258816;0;0;0;0;0;0;0;0;0;0;0;2365;0;0;88;0;20;0;
2546;1329083;976936960;13922304;1108258816;0;0;0;0;0;0;0;0;0;0;0;2244;0;0;88;0;20;0;
2547;1447234;976936960;13922304;1108258816;0;0;0;0;0;0;0;0;0;0;0;2424;0;0;88;0;20;0;
2548;1360221;976936960;13922304;1108258816;0;0;0;0;0;0;0;0;0;0;0;2244;0;0;88;0;20;0;
2549;1619898;976936960;13922304;1108258816;0;0;0;0;0;0;0;0;0;0;0;2004;0;0;88;0;20;0;
2550;1356333;976936960;13922304;1108258816;0;0;0;0;0;0;0;0;0;0;0;2375;0;0;88;0;20;0;
2551;1057774;976936960;13922304;1108258816;0;0;0;0;0;0;0;0;0;0;0;2264;0;0;88;0;20;0;
2552;1250895;976936960;13922304;1108258816;0;0;0;0;0;0;0;0;0;0;0;2023;0;0;88;0;20;0;
2553;2106561;976936960;13922304;1108258816;0;0;0;0;0;0;0;0;0;0;0;2234;0;0;88;0;20;0;
2554;1644925;976936960;13922304;1108258816;0;0;0;0;0;0;0;0;0;0;0;2074;0;0;88;0;20;0;
2555;1928827;976936960;13922304;1108258816;0;0;0;0;0;0;0;0;0;0;0;3076;0;0;88;0;20;0;
2556;1890375;976936960;13922304;1108258816;0;0;0;0;0;0;0;0;0;0;0;2936;0;0;88;0;20;0;
2557;2582283;976936960;13922304;1108258816;0;0;0;0;0;0;0;0;0;0;0;3537;0;0;88;0;20;0;
2558;1571016;976936960;13922304;1108258816;0;0;0;0;0;0;0;0;0;0;0;2765;0;0;88;0;20;0;
2559;1431114;976936960;13922304;1108258816;0;0;0;0;0;0;0;0;0;0;0;3206;0;0;88;0;20;0;
2560;1671855;976936960;13922304;1108258816;0;0;0;0;0;0;0;0;0;0;0;2995;0;0;88;0;20;0;
2561;4589868;976936960;13922304;1108258816;0;0;0;0;0;0;0;0;0;0;0;3096;0;0;88;0;20;0;
2562;2843612;976936960;13922304;1108258816;0;0;0;0;0;0;0;0;0;0;0;2254;0;0;88;0;20;0;
2563;1767835;976936960;13922304;1108258816;0;0;0;0;0;0;0;0;0;0;0;2374;0;0;88;0;20;0;
2564;1196464;976936960;13922304;1108258816;0;0;0;0;0;0;0;0;0;0;0;2394;0;0;88;0;20;0;
2565;1900635;976936960;13922304;1108258816;0;0;0;0;0;0;0;0;0;0;0;2144;0;0;88;0;20;0;
2566;1275643;976936960;13922304;1108258816;0;0;0;0;0;0;0;0;0;0;0;2394;0;0;88;0;20;0;
2567;1413220;976936960;13922304;1108258816;0;0;0;0;0;0;0;0;0;0;0;1904;0;0;88;0;20;0;
2568;1572599;976936960;13922304;1108258816;0;0;0;0;0;0;0;0;0;0;0;2184;0;0;88;0;20;0;
2569;2372419;976936960;13918208;1108254720;0;0;0;0;0;0;0;0;0;0;0;1743;0;0;88;0;20;0;
2570;1904822;976936960;13918208;1108254720;0;0;0;0;0;0;0;0;0;0;0;3506;0;0;88;0;20;0;
2571;1496647;976936960;13918208;1108254720;0;0;0;0;0;0;0;0;0;0;0;3166;0;0;88;0;20;0;
2572;1663640;976936960;13918208;1108254720;0;0;0;0;0;0;0;0;0;0;0;3226;0;0;88;0;20;0;
2573;2427523;976936960;13918208;1108254720;0;0;0;0;0;0;0;0;0;0;0;3306;0;0;88;0;20;0;
2574;2576182;976936960;13918208;1108254720;0;0;0;0;0;0;0;0;0;0;0;5711;0;0;88;0;20;0;
2575;1333500;976936960;13918208;1108254720;0;0;0;0;0;0;0;0;0;0;0;1904;0;0;88;0;20;0;
2576;1991445;976936960;13918208;1108254720;0;0;0;0;0;0;0;0;0;0;0;1503;0;0;88;0;20;0;
2577;2128662;976936960;13918208;1108254720;0;0;0;0;0;0;0;0;0;0;0;1633;0;0;88;0;20;0;
2578;1946029;976936960;13918208;1108254720;0;0;0;0;0;0;0;0;0;0;0;3868;0;0;88;0;20;0;
2579;1798774;976936960;13918208;1108254720;0;0;0;0;0;0;0;0;0;0;0;2936;0;0;88;0;20;0;
2580;1497028;976936960;13918208;1108254720;0;0;0;0;0;0;0;0;0;0;0;3437;0;0;88;0;20;0;
2581;4972996;976936960;13918208;1108254720;0;0;0;0;0;0;0;0;0;0;0;3166;0;0;88;0;20;0;
2582;4361479;976936960;13918208;1108254720;0;0;0;0;0;0;0;0;0;0;0;3246;0;0;88;0;20;0;
2583;1379377;976936960;13918208;1108254720;0;0;0;0;0;0;0;0;0;0;0;1573;0;0;88;0;20;0;
2584;1656607;976936960;13918208;1108254720;0;0;0;0;0;0;0;0;0;0;0;2384;0;0;88;0;20;0;
2585;1218125;976936960;13918208;1108254720;0;0;0;0;0;0;0;0;0;0;0;1624;0;0;88;0;20;0;
2586;2723868;976936960;13918208;1108254720;0;0;0;0;0;0;0;0;0;0;0;1563;0;0;88;0;20;0;
2587;1582288;976936960;13918208;1108254720;0;0;0;0;0;0;0;0;0;0;0;2194;0;0;88;0;20;0;
2588;1109641;976936960;13918208;1108254720;0;0;0;0;0;0;0;0;0;0;0;2154;0;0;88;0;20;0;
2589;1167079;976936960;13918208;1108254720;0;0;0;0;0;0;0;0;0;0;0;1423;0;0;88;0;20;0;
2590;2026881;976932864;13914112;1108250624;0;0;0;0;0;0;0;0;0;0;0;1503;0;0;88;0;20;0;
2591;1686072;976932864;13914112;1108250624;0;0;0;0;0;0;0;0;0;0;0;1963;0;0;88;0;20;0;
2592;1289599;976932864;13914112;1108250624;0;0;0;0;0;0;0;0;0;0;0;1573;0;0;88;0;20;0;
2593;1084443;976932864;13914112;1108250624;0;0;0;0;0;0;0;0;0;0;0;1523;0;0;88;0;20;0;
2594;2048592;976932864;13914112;1108250624;0;0;0;0;0;0;0;0;0;0;0;1853;0;0;88;0;20;0;
2595;2065824;976932864;13914112;1108250624;0;0;0;0;0;0;0;0;0;0;0;3336;0;0;88;0;20;0;
2596;1866311;976932864;13914112;1108250624;0;0;0;0;0;0;0;0;0;0;0;2645;0;0;88;0;20;0;
2597;1448407;976932864;13914112;1108250624;0;0;0;0;0;0;0;0;0;0;0;2655;0;0;88;0;20;0;
2598;2187954;976932864;13914112;1108250624;0;0;0;0;0;0;0;0;0;0;0;2765;0;0;88;0;20;0;
2599;1504632;976932864;13914112;1108250624;0;0;0;0;0;0;0;0;0;0;0;3176;0;0;88;0;20;0;
2600;1480065;976932864;13914112;1108250624;0;0;0;0;0;0;0;0;0;0;0;2956;0;0;88;0;20;0;
2601;1425724;976932864;13914112;1108250624;0;0;0;0;0;0;0;0;0;0;0;3116;0;0;88;0;20;0;
2602;4767521;976932864;13914112;1108250624;0;0;0;0;0;0;0;0;0;0;0;3276;0;0;88;0;20;0;
2603;5160187;976932864;13914112;1108250624;0;0;0;0;0;0;0;0;0;0;0;6523;0;0;88;0;20;0;
2604;1193638;976932864;13914112;1108250624;0;0;0;0;0;0;0;0;0;0;0;2114;0;0;88;0;20;0;
2605;1554946;976932864;13914112;1108250624;0;0;0;0;0;0;0;0;0;0;0;1412;0;0;88;0;20;0;
2606;1371943;976932864;13914112;1108250624;0;0;0;0;0;0;0;0;0;0;0;1633;0;0;88;0;20;0;
2607;1860799;976932864;13914112;1108250624;0;0;0;0;0;0;0;0;0;0;0;2104;0;0;88;0;20;0;
2608;1163823;976932864;13914112;1108250624;0;0;0;0;0;0;0;0;0;0;0;1804;0;0;88;0;20;0;
2609;1193689;976932864;13914112;1108250624;0;0;0;0;0;0;0;0;0;0;0;1462;0;0;88;0;20;0;
2610;1062352;976932864;13914112;1108250624;0;0;0;0;0;0;0;0;0;0;0;2044;0;0;88;0;20;0;
2611;1758989;976932864;13914112;1108250624;0;0;0;0;0;0;0;0;0;0;0;1794;0;0;88;0;20;0;
2612;1758047;976932864;13914112;1108250624;0;0;0;0;0;0;0;0;0;0;0;2274;0;0;88;0;20;0;
2613;1512406;976932864;13914112;1108250624;0;0;0;0;0;0;0;0;0;0;0;1523;0;0;88;0;20;0;
2614;1199510;976932864;13914112;1108250624;0;0;0;0;0;0;0;0;0;0;0;1964;0;0;88;0;20;0;
2615;1861622;976932864;13914112;1108250624;0;0;0;0;0;0;0;0;0;0;0;1714;0;0;88;0;20;0;
2616;1023329;976932864;13914112;1108250624;0;0;0;0;0;0;0;0;0;0;0;1733;0;0;88;0;20;0;
2617;1339842;976932864;13914112;1108250624;0;0;0;0;0;0;0;0;0;0;0;1573;0;0;88;0;20;0;
2618;1056110;976932864;13914112;1108250624;0;0;0;0;0;0;0;0;0;0;0;1383;0;0;88;0;20;0;
2619;1870127;976932864;13914112;1108250624;0;0;0;0;0;0;0;0;0;0;0;1813;0;0;88;0;20;0;
2620;1042115;976932864;13914112;1108250624;0;0;0;0;0;0;0;0;0;0;0;2134;0;0;88;0;20;0;
2621;1074334;976932864;13914112;1108250624;0;0;0;0;0;0;0;0;0;0;0;1663;0;0;88;0;20;0;
2622;1058575;976932864;13914112;1108250624;0;0;0;0;0;0;0;0;0;0;0;1824;0;0;88;0;20;0;
2623;4347573;976932864;13914112;1108250624;0;0;0;0;0;0;0;0;0;0;0;2013;0;0;88;0;20;0;
2624;3139307;976932864;13914112;1108250624;0;0;0;0;0;0;0;0;0;0;0;2765;0;0;88;0;20;0;
2625;1575745;976932864;13914112;1108250624;0;0;0;0;0;0;0;0;0;0;0;1974;0;0;88;0;20;0;
2626;1062853;976932864;13914112;1108250624;0;0;0;0;0;0;0;0;0;0;0;1362;0;0;88;0;20;0;
2627;1044118;976932864;13914112;1108250624;0;0;0;0;0;0;0;0;0;0;0;1643;0;0;88;0;20;0;
2628;1719756;976932864;13914112;1108250624;0;0;0;0;0;0;0;0;0;0;0;1433;0;0;88;0;20;0;
2629;1791720;976932864;13914112;1108250624;0;0;0;0;0;0;0;0;0;0;0;3186;0;0;88;0;20;0;
2630;1995052;976932864;13914112;1108250624;0;0;0;0;0;0;0;0;0;0;0;4247;0;0;88;0;20;0;
2631;1697604;976932864;13914112;1108250624;0;0;0;0;0;0;0;0;0;0;0;3046;0;0;88;0;20;0;
2632;2593454;976932864;13914112;1108250624;0;0;0;0;0;0;0;0;0;0;0;3267;0;0;88;0;20;0;
2633;2136086;976932864;13914112;1108250624;0;0;0;0;0;0;0;0;0;0;0;3707;0;0;88;0;20;0;
2634;1616502;976932864;13914112;1108250624;0;0;0;0;0;0;0;0;0;0;0;3306;0;0;88;0;20;0;
2635;1518478;976932864;13914112;1108250624;0;0;0;0;0;0;0;0;0;0;0;3236;0;0;88;0;20;0;
2636;2409529;976932864;13914112;1108250624;0;0;0;0;0;0;0;0;0;0;0;3286;0;0;88;0;20;0;
2637;1792752;976932864;13914112;1108250624;0;0;0;0;0;0;0;0;0;0;0;3096;0;0;88;0;20;0;
2638;1522175;976932864;13914112;1108250624;0;0;0;0;0;0;0;0;0;0;0;3045;0;0;88;0;20;0;
2639;1789636;976932864;13914112;1108250624;0;0;0;0;0;0;0;0;0;0;0;3076;0;0;88;0;20;0;
2640;3076189;976932864;13914112;1108250624;0;0;0;0;0;0;0;0;0;0;0;3036;0;0;88;0;20;0;
2641;1949837;976932864;13914112;1108250624;0;0;0;0;0;0;0;0;0;0;0;3347;0;0;88;0;20;0;
2642;1733741;976932864;13914112;1108250624;0;0;0;0;0;0;0;0;0;0;0;3146;0;0;88;0;20;0;
2643;1593729;976932864;13914112;1108250624;0;0;0;0;0;0;0;0;0;0;0;2915;0;0;88;0;20;0;
2644;4750239;976932864;13914112;1108250624;0;0;0;0;0;0;0;0;0;0;0;2996;0;0;88;0;20;0;
2645;4357492;976932864;13914112;1108250624;0;0;0;0;0;0;0;0;0;0;0;3446;0;0;88;0;20;0;
2646;1712612;976932864;13914112;1108250624;0;0;0;0;0;0;0;0;0;0;0;3356;0;0;88;0;20;0;
2647;1364118;976932864;13914112;1108250624;0;0;0;0;0;0;0;0;0;0;0;2635;0;0;88;0;20;0;
2648;1586685;976932864;13914112;1108250624;0;0;0;0;0;0;0;0;0;0;0;2855;0;0;88;0;20;0;
2649;3495335;976932864;13914112;1108250624;0;0;0;0;0;0;0;0;0;0;0;2675;0;0;88;0;20;0;
2650;1539758;976932864;13914112;1108250624;0;0;0;0;0;0;0;0;0;0;0;3166;0;0;88;0;20;0;
2651;1589521;976932864;13914112;1108250624;0;0;0;0;0;0;0;0;0;0;0;3056;0;0;88;0;20;0;
2652;1613106;976932864;13914112;1108250624;0;0;0;0;0;0;0;0;0;0;0;2855;0;0;88;0;20;0;
2653;2070272;976932864;13914112;1108250624;0;0;0;0;0;0;0;0;0;0;0;2755;0;0;88;0;20;0;
2654;1753789;976932864;13914112;1108250624;0;0;0;0;0;0;0;0;0;0;0;2976;0;0;88;0;20;0;
2655;1700129;976932864;13914112;1108250624;0;0;0;0;0;0;0;0;0;0;0;2925;0;0;88;0;20;0;
2656;1475827;976932864;13914112;1108250624;0;0;0;0;0;0;0;0;0;0;0;3176;0;0;88;0;20;0;
2657;2158257;976932864;13914112;1108250624;0;0;0;0;0;0;0;0;0;0;0;2915;0;0;88;0;20;0;
2658;1320416;976932864;13914112;1108250624;0;0;0;0;0;0;0;0;0;0;0;2805;0;0;88;0;20;0;
2659;1460219;976932864;13914112;1108250624;0;0;0;0;0;0;0;0;0;0;0;3566;0;0;88;0;20;0;
2660;1661395;976932864;13914112;1108250624;0;0;0;0;0;0;0;0;0;0;0;2845;0;0;88;0;20;0;
2661;2168677;976932864;13914112;1108250624;0;0;0;0;0;0;0;0;0;0;0;3106;0;0;88;0;20;0;
2662;1212755;976932864;13914112;1108250624;0;0;0;0;0;0;0;0;0;0;0;1784;0;0;88;0;20;0;
2663;1282025;976932864;13914112;1108250624;0;0;0;0;0;0;0;0;0;0;0;1904;0;0;88;0;20;0;
2664;1347507;976932864;13914112;1108250624;0;0;0;0;0;0;0;0;0;0;0;1853;0;0;88;0;20;0;
2665;4275538;976932864;13914112;1108250624;0;0;0;0;0;0;0;0;0;0;0;1733;0;0;88;0;20;0;
2666;4914356;976932864;13914112;1108250624;0;0;0;0;0;0;0;0;0;0;0;4669;0;0;88;0;20;0;
2667;1901015;976932864;13914112;1108250624;0;0;0;0;0;0;0;0;0;0;0;3426;0;0;88;0;20;0;
2668;1561078;976932864;13914112;1108250624;0;0;0;0;0;0;0;0;0;0;0;2414;0;0;88;0;20;0;
2669;1521354;976932864;13914112;1108250624;0;0;0;0;0;0;0;0;0;0;0;3777;0;0;88;0;20;0;
2670;2940304;976932864;13914112;1108250624;0;0;0;0;0;0;0;0;0;0;0;2605;0;0;88;0;20;0;
2671;1960857;976932864;13914112;1108250624;0;0;0;0;0;0;0;0;0;0;0;3396;0;0;88;0;20;0;
2672;1816767;976932864;13914112;1108250624;0;0;0;0;0;0;0;0;0;0;0;2855;0;0;88;0;20;0;
2673;1461400;976932864;13914112;1108250624;0;0;0;0;0;0;0;0;0;0;0;3086;0;0;88;0;20;0;
2674;2335741;976932864;13914112;1108250624;0;0;0;0;0;0;0;0;0;0;0;2705;0;0;88;0;20;0;
2675;1600271;976932864;13914112;1108250624;0;0;0;0;0;0;0;0;0;0;0;2965;0;0;88;0;20;0;
2676;1469256;976932864;13914112;1108250624;0;0;0;0;0;0;0;0;0;0;0;3226;0;0;88;0;20;0;
2677;1554295;976932864;13914112;1108250624;0;0;0;0;0;0;0;0;0;0;0;2885;0;0;88;0;20;0;
2678;2229200;976932864;13914112;1108250624;0;0;0;0;0;0;0;0;0;0;0;2755;0;0;88;0;20;0;
2679;1646819;976932864;13914112;1108250624;0;0;0;0;0;0;0;0;0;0;0;2766;0;0;88;0;20;0;
2680;1949056;976932864;13914112;1108250624;0;0;0;0;0;0;0;0;0;0;0;2655;0;0;88;0;20;0;
2681;1646618;976932864;13914112;1108250624;0;0;0;0;0;0;0;0;0;0;0;2915;0;0;88;0;20;0;
2682;2461827;976932864;13914112;1108250624;0;0;0;0;0;0;0;0;0;0;0;2955;0;0;88;0;20;0;
2683;1310778;976932864;13914112;1108250624;0;0;0;0;0;0;0;0;0;0;0;1983;0;0;88;0;20;0;
2684;1445581;976932864;13914112;1108250624;0;0;0;0;0;0;0;0;0;0;0;1693;0;0;88;0;20;0;
2685;1235707;976932864;13914112;1108250624;0;0;0;0;0;0;0;0;0;0;0;1814;0;0;88;0;20;0;
2686;4336172;976932864;13914112;1108250624;0;0;0;0;0;0;0;0;0;0;0;1553;0;0;88;0;20;0;
2687;4510960;976932864;13914112;1108250624;0;0;0;0;0;0;0;0;0;0;0;5009;0;0;88;0;20;0;
2688;2414569;976932864;13914112;1108250624;0;0;0;0;0;0;0;0;0;0;0;3156;0;0;88;0;20;0;
2689;1463014;976932864;13914112;1108250624;0;0;0;0;0;0;0;0;0;0;0;2756;0;0;88;0;20;0;
2690;1573932;976932864;13914112;1108250624;0;0;0;0;0;0;0;0;0;0;0;2635;0;0;88;0;20;0;
2691;2207891;976932864;13914112;1108250624;0;0;0;0;0;0;0;0;0;0;0;2885;0;0;88;0;20;0;
2692;1595883;976932864;13914112;1108250624;0;0;0;0;0;0;0;0;0;0;0;2614;0;0;88;0;20;0;
2693;1622052;976932864;13914112;1108250624;0;0;0;0;0;0;0;0;0;0;0;3396;0;0;88;0;20;0;
2694;1656828;976932864;13914112;1108250624;0;0;0;0;0;0;0;0;0;0;0;2595;0;0;88;0;20;0;
2695;2243568;976932864;13914112;1108250624;0;0;0;0;0;0;0;0;0;0;0;2825;0;0;88;0;20;0;
2696;1676114;976932864;13914112;1108250624;0;0;0;0;0;0;0;0;0;0;0;1603;0;0;88;0;20;0;
2697;1210510;976932864;13914112;1108250624;0;0;0;0;0;0;0;0;0;0;0;1793;0;0;88;0;20;0;
2698;1072010;976932864;13914112;1108250624;0;0;0;0;0;0;0;0;0;0;0;1713;0;0;88;0;20;0;
2699;2098786;976932864;13914112;1108250624;0;0;0;0;0;0;0;0;0;0;0;1633;0;0;88;0;20;0;
2700;1444049;976932864;13914112;1108250624;0;0;0;0;0;0;0;0;0;0;0;2234;0;0;88;0;20;0;
2701;1141391;976932864;13914112;1108250624;0;0;0;0;0;0;0;0;0;0;0;2144;0;0;88;0;20;0;
2702;1488221;976932864;13914112;1108250624;0;0;0;0;0;0;0;0;0;0;0;1754;0;0;88;0;20;0;
2703;2018726;976932864;13914112;1108250624;0;0;0;0;0;0;0;0;0;0;0;1523;0;0;88;0;20;0;
2704;1407479;976932864;13914112;1108250624;0;0;0;0;0;0;0;0;0;0;0;1724;0;0;88;0;20;0;
2705;1278918;976932864;13914112;1108250624;0;0;0;0;0;0;0;0;0;0;0;1633;0;0;88;0;20;0;
2706;1346265;976932864;13914112;1108250624;0;0;0;0;0;0;0;0;0;0;0;2013;0;0;88;0;20;0;
2707;4282862;976932864;13914112;1108250624;0;0;0;0;0;0;0;0;0;0;0;1633;0;0;88;0;20;0;
2708;3777795;976932864;13914112;1108250624;0;0;0;0;0;0;0;0;0;0;0;1583;0;0;88;0;20;0;
2709;1463093;976932864;13914112;1108250624;0;0;0;0;0;0;0;0;0;0;0;2154;0;0;88;0;20;0;
2710;1165706;976932864;13914112;1108250624;0;0;0;0;0;0;0;0;0;0;0;2114;0;0;88;0;20;0;
2711;1030893;976932864;13914112;1108250624;0;0;0;0;0;0;0;0;0;0;0;1653;0;0;88;0;20;0;
2712;2384813;976932864;13914112;1108250624;0;0;0;0;0;0;0;0;0;0;0;1764;0;0;88;0;20;0;
2713;1244935;976932864;13914112;1108250624;0;0;0;0;0;0;0;0;0;0;0;1853;0;0;88;0;20;0;
2714;1177829;976932864;13914112;1108250624;0;0;0;0;0;0;0;0;0;0;0;1703;0;0;88;0;20;0;
2715;1177258;976932864;13914112;1108250624;0;0;0;0;0;0;0;0;0;0;0;1713;0;0;88;0;20;0;
2716;1771332;976932864;13914112;1108250624;0;0;0;0;0;0;0;0;0;0;0;1513;0;0;88;0;20;0;
2717;1383574;976932864;13914112;1108250624;0;0;0;0;0;0;0;0;0;0;0;1663;0;0;88;0;20;0;
2718;1060158;976932864;13914112;1108250624;0;0;0;0;0;0;0;0;0;0;0;1763;0;0;88;0;20;0;
2719;1362445;976932864;13914112;1108250624;0;0;0;0;0;0;0;0;0;0;0;1723;0;0;88;0;20;0;
2720;1898541;976932864;13914112;1108250624;0;0;0;0;0;0;0;0;0;0;0;1763;0;0;88;0;20;0;
2721;1897078;976932864;13914112;1108250624;0;0;0;0;0;0;0;0;0;0;0;1713;0;0;88;0;20;0;
2722;1055780;976932864;13914112;1108250624;0;0;0;0;0;0;0;0;0;0;0;2144;0;0;88;0;20;0;
2723;1355101;976932864;13914112;1108250624;0;0;0;0;0;0;0;0;0;0;0;1633;0;0;88;0;20;0;
2724;2429295;976932864;13914112;1108250624;0;0;0;0;0;0;0;0;0;0;0;1924;0;0;88;0;20;0;
2725;1726508;976932864;13914112;1108250624;0;0;0;0;0;0;0;0;0;0;0;2986;0;0;88;0;20;0;
2726;1636029;976932864;13914112;1108250624;0;0;0;0;0;0;0;0;0;0;0;2825;0;0;88;0;20;0;
2727;1696993;976932864;13914112;1108250624;0;0;0;0;0;0;0;0;0;0;0;2886;0;0;88;0;20;0;
2728;5081429;976932864;13914112;1108250624;0;0;0;0;0;0;0;0;0;0;0;2785;0;0;88;0;20;0;
2729;4142789;976932864;13914112;1108250624;0;0;0;0;0;0;0;0;0;0;0;3026;0;0;88;0;20;0;
2730;1814954;976932864;13914112;1108250624;0;0;0;0;0;0;0;0;0;0;0;3787;0;0;88;0;20;0;
2731;1702222;976932864;13914112;1108250624;0;0;0;0;0;0;0;0;0;0;0;3326;0;0;88;0;20;0;
2732;1608487;976932864;13914112;1108250624;0;0;0;0;0;0;0;0;0;0;0;2645;0;0;88;0;20;0;
2733;2319560;976932864;13914112;1108250624;0;0;0;0;0;0;0;0;0;0;0;2625;0;0;88;0;20;0;
2734;2155903;976932864;13914112;1108250624;0;0;0;0;0;0;0;0;0;0;0;2835;0;0;88;0;20;0;
2735;1611252;976932864;13914112;1108250624;0;0;0;0;0;0;0;0;0;0;0;2885;0;0;88;0;20;0;
2736;1885266;976932864;13914112;1108250624;0;0;0;0;0;0;0;0;0;0;0;2735;0;0;88;0;20;0;
2737;2262813;976932864;13914112;1108250624;0;0;0;0;0;0;0;0;0;0;0;2605;0;0;88;0;20;0;
2738;1824301;976932864;13914112;1108250624;0;0;0;0;0;0;0;0;0;0;0;4077;0;0;88;0;20;0;
2739;1725676;976932864;13914112;1108250624;0;0;0;0;0;0;0;0;0;0;0;3105;0;0;88;0;20;0;
2740;1508569;976932864;13914112;1108250624;0;0;0;0;0;0;0;0;0;0;0;2765;0;0;88;0;20;0;
2741;2927961;976932864;13914112;1108250624;0;0;0;0;0;0;0;0;0;0;0;3437;0;0;88;0;20;0;
2742;1615530;976932864;13914112;1108250624;0;0;0;0;0;0;0;0;0;0;0;3737;0;0;88;0;20;0;
2743;1611582;976932864;13914112;1108250624;0;0;0;0;0;0;0;0;0;0;0;2605;0;0;88;0;20;0;
2744;1783003;976932864;13914112;1108250624;0;0;0;0;0;0;0;0;0;0;0;2925;0;0;88;0;20;0;
2745;2260299;976932864;13914112;1108250624;0;0;0;0;0;0;0;0;0;0;0;2845;0;0;88;0;20;0;
2746;1651999;976932864;13914112;1108250624;0;0;0;0;0;0;0;0;0;0;0;2715;0;0;88;0;20;0;
2747;1436534;976932864;13914112;1108250624;0;0;0;0;0;0;0;0;0;0;0;3186;0;0;88;0;20;0;
2748;1794676;976932864;13914112;1108250624;0;0;0;0;0;0;0;0;0;0;0;2695;0;0;88;0;20;0;
2749;4642937;976932864;13914112;1108250624;0;0;0;0;0;0;0;0;0;0;0;2695;0;0;88;0;20;0;
2750;4524926;976932864;13914112;1108250624;0;0;0;0;0;0;0;0;0;0;0;2975;0;0;88;0;20;0;
2751;1743891;976932864;13914112;1108250624;0;0;0;0;0;0;0;0;0;0;0;2996;0;0;88;0;20;0;
2752;1641548;976932864;13914112;1108250624;0;0;0;0;0;0;0;0;0;0;0;2876;0;0;88;0;20;0;
2753;1711921;976932864;13914112;1108250624;0;0;0;0;0;0;0;0;0;0;0;2575;0;0;88;0;20;0;
2754;2303791;976932864;13914112;1108250624;0;0;0;0;0;0;0;0;0;0;0;2245;0;0;88;0;20;0;
2755;1626761;976932864;13914112;1108250624;0;0;0;0;0;0;0;0;0;0;0;2805;0;0;88;0;20;0;
2756;1425945;976932864;13914112;1108250624;0;0;0;0;0;0;0;0;0;0;0;2855;0;0;88;0;20;0;
2757;2060554;976932864;13914112;1108250624;0;0;0;0;0;0;0;0;0;0;0;3326;0;0;88;0;20;0;
2758;2325892;976932864;13914112;1108250624;0;0;0;0;0;0;0;0;0;0;0;2264;0;0;88;0;20;0;
2759;1761303;976932864;13914112;1108250624;0;0;0;0;0;0;0;0;0;0;0;2966;0;0;88;0;20;0;
2760;1603607;976932864;13914112;1108250624;0;0;0;0;0;0;0;0;0;0;0;3637;0;0;88;0;20;0;
2761;1769358;976932864;13914112;1108250624;0;0;0;0;0;0;0;0;0;0;0;3427;0;0;88;0;20;0;
2762;2280898;976932864;13914112;1108250624;0;0;0;0;0;0;0;0;0;0;0;3166;0;0;88;0;20;0;
2763;1980294;976932864;13914112;1108250624;0;0;0;0;0;0;0;0;0;0;0;4809;0;0;88;0;20;0;
2764;1559996;976932864;13914112;1108250624;0;0;0;0;0;0;0;0;0;0;0;3377;0;0;88;0;20;0;
2765;1974513;976932864;13914112;1108250624;0;0;0;0;0;0;0;0;0;0;0;2735;0;0;88;0;20;0;
2766;2749767;976932864;13914112;1108250624;0;0;0;0;0;0;0;0;0;0;0;3306;0;0;88;0;20;0;
2767;1416837;976932864;13914112;1108250624;0;0;0;0;0;0;0;0;0;0;0;2855;0;0;88;0;20;0;
2768;1480527;976932864;13914112;1108250624;0;0;0;0;0;0;0;0;0;0;0;2775;0;0;88;0;20;0;
2769;1671905;976932864;13914112;1108250624;0;0;0;0;0;0;0;0;0;0;0;2795;0;0;88;0;20;0;
2770;4354557;976932864;13914112;1108250624;0;0;0;0;0;0;0;0;0;0;0;2685;0;0;88;0;20;0;
2771;4024297;976932864;13914112;1108250624;0;0;0;0;0;0;0;0;0;0;0;1743;0;0;88;0;20;0;
2772;1427878;976932864;13914112;1108250624;0;0;0;0;0;0;0;0;0;0;0;1593;0;0;88;0;20;0;
2773;1367966;976932864;13914112;1108250624;0;0;0;0;0;0;0;0;0;0;0;2154;0;0;88;0;20;0;
2774;1500354;976932864;13914112;1108250624;0;0;0;0;0;0;0;0;0;0;0;1803;0;0;88;0;20;0;
2775;1909020;976932864;13914112;1108250624;0;0;0;0;0;0;0;0;0;0;0;1874;0;0;88;0;20;0;
2776;1318062;976932864;13914112;1108250624;0;0;0;0;0;0;0;0;0;0;0;2064;0;0;88;0;20;0;
2777;915396;976932864;13914112;1108250624;0;0;0;0;0;0;0;0;0;0;0;1553;0;0;88;0;20;0;
2778;1087189;976932864;13914112;1108250624;0;0;0;0;0;0;0;0;0;0;0;1734;0;0;88;0;20;0;
2779;1795347;976932864;13914112;1108250624;0;0;0;0;0;0;0;0;0;0;0;1562;0;0;88;0;20;0;
2780;1293426;976932864;13914112;1108250624;0;0;0;0;0;0;0;0;0;0;0;2084;0;0;88;0;20;0;
2781;892924;976932864;13914112;1108250624;0;0;0;0;0;0;0;0;0;0;0;1793;0;0;88;0;20;0;
2782;1104271;976932864;13914112;1108250624;0;0;0;0;0;0;0;0;0;0;0;1663;0;0;88;0;20;0;
2783;2082395;976932864;13914112;1108250624;0;0;0;0;0;0;0;0;0;0;0;1753;0;0;88;0;20;0;
2784;2122671;976932864;13914112;1108250624;0;0;0;0;0;0;0;0;0;0;0;2525;0;0;88;0;20;0;
2785;1034630;976932864;13914112;1108250624;0;0;0;0;0;0;0;0;0;0;0;1734;0;0;88;0;20;0;
2786;1290209;976932864;13914112;1108250624;0;0;0;0;0;0;0;0;0;0;0;1943;0;0;88;0;20;0;
2787;1982789;976932864;13914112;1108250624;0;0;0;0;0;0;0;0;0;0;0;1643;0;0;88;0;20;0;
2788;1267767;976932864;13914112;1108250624;0;0;0;0;0;0;0;0;0;0;0;2114;0;0;88;0;20;0;
2789;1135109;976932864;13914112;1108250624;0;0;0;0;0;0;0;0;0;0;0;1723;0;0;88;0;20;0;
2790;1210700;976932864;13914112;1108250624;0;0;0;0;0;0;0;0;0;0;0;1763;0;0;88;0;20;0;
2791;4165632;976932864;13914112;1108250624;0;0;0;0;0;0;0;0;0;0;0;1784;0;0;88;0;20;0;
2792;4176282;976932864;13914112;1108250624;0;0;0;0;0;0;0;0;0;0;0;4218;0;0;88;0;20;0;
2793;1084404;976932864;13914112;1108250624;0;0;0;0;0;0;0;0;0;0;0;1723;0;0;88;0;20;0;
2794;1025333;976932864;13914112;1108250624;0;0;0;0;0;0;0;0;0;0;0;1673;0;0;88;0;20;0;
2795;1400086;976932864;13914112;1108250624;0;0;0;0;0;0;0;0;0;0;0;1663;0;0;88;0;20;0;
2796;1725546;976932864;13914112;1108250624;0;0;0;0;0;0;0;0;0;0;0;1603;0;0;88;0;20;0;
2797;1191855;976932864;13914112;1108250624;0;0;0;0;0;0;0;0;0;0;0;1644;0;0;88;0;20;0;
2798;1115472;976932864;13914112;1108250624;0;0;0;0;0;0;0;0;0;0;0;1493;0;0;88;0;20;0;
2799;1092660;976932864;13914112;1108250624;0;0;0;0;0;0;0;0;0;0;0;1624;0;0;88;0;20;0;
2800;2274946;976932864;13914112;1108250624;0;0;0;0;0;0;0;0;0;0;0;1894;0;0;88;0;20;0;
2801;1491657;976932864;13914112;1108250624;0;0;0;0;0;0;0;0;0;0;0;1653;0;0;88;0;20;0;
2802;1141802;976932864;13914112;1108250624;0;0;0;0;0;0;0;0;0;0;0;1593;0;0;88;0;20;0;
2803;1201814;976932864;13914112;1108250624;0;0;0;0;0;0;0;0;0;0;0;1573;0;0;88;0;20;0;
2804;1931732;976932864;13914112;1108250624;0;0;0;0;0;0;0;0;0;0;0;1713;0;0;88;0;20;0;
2805;1354931;976932864;13914112;1108250624;0;0;0;0;0;0;0;0;0;0;0;1754;0;0;88;0;20;0;
2806;1121944;976932864;13914112;1108250624;0;0;0;0;0;0;0;0;0;0;0;1773;0;0;88;0;20;0;
2807;1180404;976932864;13914112;1108250624;0;0;0;0;0;0;0;0;0;0;0;2485;0;0;88;0;20;0;
2808;1991274;976932864;13914112;1108250624;0;0;0;0;0;0;0;0;0;0;0;1543;0;0;88;0;20;0;
2809;1129118;976932864;13914112;1108250624;0;0;0;0;0;0;0;0;0;0;0;1693;0;0;88;0;20;0;
2810;1142733;976932864;13914112;1108250624;0;0;0;0;0;0;0;0;0;0;0;1643;0;0;88;0;20;0;
2811;1253110;976932864;13914112;1108250624;0;0;0;0;0;0;0;0;0;0;0;1553;0;0;88;0;20;0;
2812;4582734;976932864;13914112;1108250624;0;0;0;0;0;0;0;0;0;0;0;2044;0;0;88;0;20;0;
2813;3841064;976932864;13914112;1108250624;0;0;0;0;0;0;0;0;0;0;0;2525;0;0;88;0;20;0;
2814;1192777;976932864;13914112;1108250624;0;0;0;0;0;0;0;0;0;0;0;1974;0;0;88;0;20;0;
2815;1373005;976932864;13914112;1108250624;0;0;0;0;0;0;0;0;0;0;0;1753;0;0;88;0;20;0;
2816;1442705;976932864;13914112;1108250624;0;0;0;0;0;0;0;0;0;0;0;1523;0;0;88;0;20;0;
2817;1986866;976932864;13914112;1108250624;0;0;0;0;0;0;0;0;0;0;0;1653;0;0;88;0;20;0;
2818;1230167;976932864;13914112;1108250624;0;0;0;0;0;0;0;0;0;0;0;1653;0;0;88;0;20;0;
2819;1042364;976932864;13914112;1108250624;0;0;0;0;0;0;0;0;0;0;0;2174;0;0;88;0;20;0;
2820;1211813;976932864;13914112;1108250624;0;0;0;0;0;0;0;0;0;0;0;1813;0;0;88;0;20;0;
2821;2250130;976932864;13914112;1108250624;0;0;0;0;0;0;0;0;0;0;0;2414;0;0;88;0;20;0;
2822;1759660;976932864;13914112;1108250624;0;0;0;0;0;0;0;0;0;0;0;1874;0;0;88;0;20;0;
2823;1181595;976932864;13914112;1108250624;0;0;0;0;0;0;0;0;0;0;0;1754;0;0;88;0;20;0;
2824;1057243;976932864;13914112;1108250624;0;0;0;0;0;0;0;0;0;0;0;1803;0;0;88;0;20;0;
2825;3166899;976932864;13914112;1108250624;0;0;0;0;0;0;0;0;0;0;0;1884;0;0;88;0;20;0;
2826;2362511;976932864;13914112;1108250624;0;0;0;0;0;0;0;0;0;0;0;5991;0;0;88;0;20;0;
2827;1378385;976932864;13914112;1108250624;0;0;0;0;0;0;0;0;0;0;0;2003;0;0;88;0;20;0;
2828;1302623;976932864;13914112;1108250624;0;0;0;0;0;0;0;0;0;0;0;2375;0;0;88;0;20;0;
2829;2001443;976932864;13914112;1108250624;0;0;0;0;0;0;0;0;0;0;0;2405;0;0;88;0;20;0;
2830;1340604;976932864;13914112;1108250624;0;0;0;0;0;0;0;0;0;0;0;2124;0;0;88;0;20;0;
2831;1510192;976932864;13914112;1108250624;0;0;0;0;0;0;0;0;0;0;0;2375;0;0;88;0;20;0;
2832;1207264;976932864;13914112;1108250624;0;0;0;0;0;0;0;0;0;0;0;1954;0;0;88;0;20;0;
2833;4306536;976932864;13914112;1108250624;0;0;0;0;0;0;0;0;0;0;0;2274;0;0;88;0;20;0;
2834;3079796;976932864;13914112;1108250624;0;0;0;0;0;0;0;0;0;0;0;2424;0;0;88;0;20;0;
2835;1362555;976932864;13914112;1108250624;0;0;0;0;0;0;0;0;0;0;0;2134;0;0;88;0;20;0;
2836;1384837;976932864;13914112;1108250624;0;0;0;0;0;0;0;0;0;0;0;2024;0;0;88;0;20;0;
2837;1201283;976932864;13914112;1108250624;0;0;0;0;0;0;0;0;0;0;0;1964;0;0;88;0;20;0;
2838;2086593;976932864;13914112;1108250624;0;0;0;0;0;0;0;0;0;0;0;2164;0;0;88;0;20;0;
2839;1236379;976932864;13914112;1108250624;0;0;0;0;0;0;0;0;0;0;0;2094;0;0;88;0;20;0;
2840;1211793;976932864;13914112;1108250624;0;0;0;0;0;0;0;0;0;0;0;2184;0;0;88;0;20;0;
2841;1079094;976932864;13914112;1108250624;0;0;0;0;0;0;0;0;0;0;0;2054;0;0;88;0;20;0;
2842;7882713;976932864;13914112;1108250624;0;0;0;0;0;0;0;0;0;0;0;2053;0;0;88;0;20;0;
2843;1352206;976932864;13914112;1108250624;0;0;0;0;0;0;0;0;0;0;0;2564;0;0;88;0;20;0;
2844;1492719;976932864;13914112;1108250624;0;0;0;0;0;0;0;0;0;0;0;1994;0;0;88;0;20;0;
2845;1628484;976932864;13914112;1108250624;0;0;0;0;0;0;0;0;0;0;0;2154;0;0;88;0;20;0;
2846;2075873;976932864;13914112;1108250624;0;0;0;0;0;0;0;0;0;0;0;2264;0;0;88;0;20;0;
2847;1588900;976932864;13914112;1108250624;0;0;0;0;0;0;0;0;0;0;0;2054;0;0;88;0;20;0;
2848;1422899;976932864;13914112;1108250624;0;0;0;0;0;0;0;0;0;0;0;1854;0;0;88;0;20;0;
2849;1279159;976932864;13914112;1108250624;0;0;0;0;0;0;0;0;0;0;0;1973;0;0;88;0;20;0;
2850;2198363;976932864;13914112;1108250624;0;0;0;0;0;0;0;0;0;0;0;2224;0;0;88;0;20;0;
2851;1933827;976932864;13914112;1108250624;0;0;0;0;0;0;0;0;0;0;0;2675;0;0;88;0;20;0;
2852;1475597;976932864;13914112;1108250624;0;0;0;0;0;0;0;0;0;0;0;2374;0;0;88;0;20;0;
2853;1489604;976932864;13914112;1108250624;0;0;0;0;0;0;0;0;0;0;0;2675;0;0;88;0;20;0;
2854;4490021;976932864;13914112;1108250624;0;0;0;0;0;0;0;0;0;0;0;2785;0;0;88;0;20;0;
2855;4044475;976932864;13914112;1108250624;0;0;0;0;0;0;0;0;0;0;0;2836;0;0;88;0;20;0;
2856;1762234;976932864;13914112;1108250624;0;0;0;0;0;0;0;0;0;0;0;2735;0;0;88;0;20;0;
2857;1484233;976932864;13914112;1108250624;0;0;0;0;0;0;0;0;0;0;0;2715;0;0;88;0;20;0;
2858;1584201;976932864;13914112;1108250624;0;0;0;0;0;0;0;0;0;0;0;2634;0;0;88;0;20;0;
2859;2114766;976932864;13914112;1108250624;0;0;0;0;0;0;0;0;0;0;0;2756;0;0;88;0;20;0;
2860;1363247;976932864;13914112;1108250624;0;0;0;0;0;0;0;0;0;0;0;2014;0;0;88;0;20;0;
2861;1190222;976932864;13914112;1108250624;0;0;0;0;0;0;0;0;0;0;0;2175;0;0;88;0;20;0;
2862;1069977;976932864;13914112;1108250624;0;0;0;0;0;0;0;0;0;0;0;2425;0;0;88;0;20;0;
2863;1862372;976932864;13914112;1108250624;0;0;0;0;0;0;0;0;0;0;0;2204;0;0;88;0;20;0;
2864;1303244;976932864;13914112;1108250624;0;0;0;0;0;0;0;0;0;0;0;2214;0;0;88;0;20;0;
2865;1186175;976932864;13914112;1108250624;0;0;0;0;0;0;0;0;0;0;0;2104;0;0;88;0;20;0;
2866;1500193;976932864;13914112;1108250624;0;0;0;0;0;0;0;0;0;0;0;10580;0;0;88;0;20;0;
2867;2539433;976932864;13914112;1108250624;0;0;0;0;0;0;0;0;0;0;0;2124;0;0;88;0;20;0;
2868;1253802;976932864;13914112;1108250624;0;0;0;0;0;0;0;0;0;0;0;1783;0;0;88;0;20;0;
2869;1232832;976932864;13914112;1108250624;0;0;0;0;0;0;0;0;0;0;0;2114;0;0;88;0;20;0;
2870;1280992;976932864;13914112;1108250624;0;0;0;0;0;0;0;0;0;0;0;2415;0;0;88;0;20;0;
2871;1708384;976932864;13914112;1108250624;0;0;0;0;0;0;0;0;0;0;0;2063;0;0;88;0;20;0;
2872;1490716;976932864;13914112;1108250624;0;0;0;0;0;0;0;0;0;0;0;2655;0;0;88;0;20;0;
2873;1447444;976932864;13914112;1108250624;0;0;0;0;0;0;0;0;0;0;0;3065;0;0;88;0;20;0;
2874;1441243;976932864;13914112;1108250624;0;0;0;0;0;0;0;0;0;0;0;2625;0;0;88;0;20;0;
2875;4865876;976932864;13914112;1108250624;0;0;0;0;0;0;0;0;0;0;0;2846;0;0;88;0;20;0;
2876;3727490;976932864;13914112;1108250624;0;0;0;0;0;0;0;0;0;0;0;2925;0;0;88;0;20;0;
2877;1450280;976932864;13914112;1108250624;0;0;0;0;0;0;0;0;0;0;0;3126;0;0;88;0;20;0;
2878;1467372;976932864;13914112;1108250624;0;0;0;0;0;0;0;0;0;0;0;2826;0;0;88;0;20;0;
2879;1377213;976932864;13914112;1108250624;0;0;0;0;0;0;0;0;0;0;0;3256;0;0;88;0;20;0;
2880;3129900;976932864;13914112;1108250624;0;0;0;0;0;0;0;0;0;0;0;2335;0;0;88;0;20;0;
2881;1560787;976932864;13914112;1108250624;0;0;0;0;0;0;0;0;0;0;0;2855;0;0;88;0;20;0;
2882;1541030;976932864;13914112;1108250624;0;0;0;0;0;0;0;0;0;0;0;3056;0;0;88;0;20;0;
2883;1428780;976932864;13914112;1108250624;0;0;0;0;0;0;0;0;0;0;0;3106;0;0;88;0;20;0;
2884;1958342;976932864;13914112;1108250624;0;0;0;0;0;0;0;0;0;0;0;3116;0;0;88;0;20;0;
2885;1596394;976932864;13914112;1108250624;0;0;0;0;0;0;0;0;0;0;0;3386;0;0;88;0;20;0;
2886;1454237;976932864;13914112;1108250624;0;0;0;0;0;0;0;0;0;0;0;2735;0;0;88;0;20;0;
2887;1718182;976932864;13914112;1108250624;0;0;0;0;0;0;0;0;0;0;0;3126;0;0;88;0;20;0;
2888;2196960;976932864;13914112;1108250624;0;0;0;0;0;0;0;0;0;0;0;3046;0;0;88;0;20;0;
2889;1768527;976932864;13914112;1108250624;0;0;0;0;0;0;0;0;0;0;0;2766;0;0;88;0;20;0;
2890;1446263;976932864;13914112;1108250624;0;0;0;0;0;0;0;0;0;0;0;3066;0;0;88;0;20;0;
2891;1585564;976932864;13914112;1108250624;0;0;0;0;0;0;0;0;0;0;0;2915;0;0;88;0;20;0;
2892;2069351;976932864;13914112;1108250624;0;0;0;0;0;0;0;0;0;0;0;2865;0;0;88;0;20;0;
2893;1452714;976932864;13914112;1108250624;0;0;0;0;0;0;0;0;0;0;0;3025;0;0;88;0;20;0;
2894;1531553;976932864;13914112;1108250624;0;0;0;0;0;0;0;0;0;0;0;3016;0;0;88;0;20;0;
2895;1525270;976932864;13914112;1108250624;0;0;0;0;0;0;0;0;0;0;0;2775;0;0;88;0;20;0;
2896;4723919;976932864;13914112;1108250624;0;0;0;0;0;0;0;0;0;0;0;3086;0;0;88;0;20;0;
2897;3923478;976932864;13914112;1108250624;0;0;0;0;0;0;0;0;0;0;0;3176;0;0;88;0;20;0;
2898;1569533;976932864;13914112;1108250624;0;0;0;0;0;0;0;0;0;0;0;2785;0;0;88;0;20;0;
2899;1530450;976932864;13914112;1108250624;0;0;0;0;0;0;0;0;0;0;0;2645;0;0;88;0;20;0;
2900;2032141;976932864;13914112;1108250624;0;0;0;0;0;0;0;0;0;0;0;2675;0;0;88;0;20;0;
2901;2299853;976932864;13914112;1108250624;0;0;0;0;0;0;0;0;0;0;0;2746;0;0;88;0;20;0;
2902;1629576;976932864;13914112;1108250624;0;0;0;0;0;0;0;0;0;0;0;2796;0;0;88;0;20;0;
2903;1342177;976932864;13914112;1108250624;0;0;0;0;0;0;0;0;0;0;0;2695;0;0;88;0;20;0;
2904;1470498;976932864;13914112;1108250624;0;0;0;0;0;0;0;0;0;0;0;2695;0;0;88;0;20;0;
2905;1905854;976932864;13914112;1108250624;0;0;0;0;0;0;0;0;0;0;0;2976;0;0;88;0;20;0;
2906;1785268;976932864;13914112;1108250624;0;0;0;0;0;0;0;0;0;0;0;2625;0;0;88;0;20;0;
2907;1464577;976932864;13914112;1108250624;0;0;0;0;0;0;0;0;0;0;0;3005;0;0;88;0;20;0;
2908;1452063;976932864;13914112;1108250624;0;0;0;0;0;0;0;0;0;0;0;2735;0;0;88;0;20;0;
2909;2089969;976932864;13914112;1108250624;0;0;0;0;0;0;0;0;0;0;0;2735;0;0;88;0;20;0;
2910;1796779;976932864;13914112;1108250624;0;0;0;0;0;0;0;0;0;0;0;2675;0;0;88;0;20;0;
2911;1591866;976932864;13914112;1108250624;0;0;0;0;0;0;0;0;0;0;0;2675;0;0;88;0;20;0;
2912;1477131;976932864;13914112;1108250624;0;0;0;0;0;0;0;0;0;0;0;2685;0;0;88;0;20;0;
2913;2145364;976932864;13914112;1108250624;0;0;0;0;0;0;0;0;0;0;0;2675;0;0;88;0;20;0;
2914;1344051;976932864;13914112;1108250624;0;0;0;0;0;0;0;0;0;0;0;2154;0;0;88;0;20;0;
2915;1421175;976932864;13914112;1108250624;0;0;0;0;0;0;0;0;0;0;0;2285;0;0;88;0;20;0;
2916;1481298;976932864;13914112;1108250624;0;0;0;0;0;0;0;0;0;0;0;2114;0;0;88;0;20;0;
2917;4300776;976932864;13914112;1108250624;0;0;0;0;0;0;0;0;0;0;0;1993;0;0;88;0;20;0;
2918;2868851;976932864;13914112;1108250624;0;0;0;0;0;0;0;0;0;0;0;2355;0;0;88;0;20;0;
2919;1515712;976932864;13914112;1108250624;0;0;0;0;0;0;0;0;0;0;0;2134;0;0;88;0;20;0;
2920;1446062;976932864;13914112;1108250624;0;0;0;0;0;0;0;0;0;0;0;1974;0;0;88;0;20;0;
2921;1265644;976932864;13914112;1108250624;0;0;0;0;0;0;0;0;0;0;0;1934;0;0;88;0;20;0;
2922;1797601;976932864;13914112;1108250624;0;0;0;0;0;0;0;0;0;0;0;2305;0;0;88;0;20;0;
2923;1634796;976932864;13914112;1108250624;0;0;0;0;0;0;0;0;0;0;0;2144;0;0;88;0;20;0;
2924;1306611;976932864;13914112;1108250624;0;0;0;0;0;0;0;0;0;0;0;2254;0;0;88;0;20;0;
2925;1409043;976932864;13914112;1108250624;0;0;0;0;0;0;0;0;0;0;0;2515;0;0;88;0;20;0;
2926;1710097;976932864;13914112;1108250624;0;0;0;0;0;0;0;0;0;0;0;2144;0;0;88;0;20;0;
2927;1274530;976932864;13914112;1108250624;0;0;0;0;0;0;0;0;0;0;0;2304;0;0;88;0;20;0;
2928;1500474;976932864;13914112;1108250624;0;0;0;0;0;0;0;0;0;0;0;1934;0;0;88;0;20;0;
2929;1248481;976932864;13914112;1108250624;0;0;0;0;0;0;0;0;0;0;0;2204;0;0;88;0;20;0;
2930;2684073;976932864;13914112;1108250624;0;0;0;0;0;0;0;0;0;0;0;2224;0;0;88;0;20;0;
2931;1513187;976932864;13914112;1108250624;0;0;0;0;0;0;0;0;0;0;0;2264;0;0;88;0;20;0;
2932;1281594;976932864;13914112;1108250624;0;0;0;0;0;0;0;0;0;0;0;2425;0;0;88;0;20;0;
2933;1171156;976932864;13914112;1108250624;0;0;0;0;0;0;0;0;0;0;0;2044;0;0;88;0;20;0;
2934;2272332;976932864;13914112;1108250624;0;0;0;0;0;0;0;0;0;0;0;1974;0;0;88;0;20;0;
2935;1411948;976932864;13914112;1108250624;0;0;0;0;0;0;0;0;0;0;0;2224;0;0;88;0;20;0;
2936;1739342;976932864;13914112;1108250624;0;0;0;0;0;0;0;0;0;0;0;2054;0;0;88;0;20;0;
2937;1314435;976932864;13914112;1108250624;0;0;0;0;0;0;0;0;0;0;0;2174;0;0;88;0;20;0;
2938;4508075;976932864;13914112;1108250624;0;0;0;0;0;0;0;0;0;0;0;2014;0;0;88;0;20;0;
2939;2893907;976932864;13914112;1108250624;0;0;0;0;0;0;0;0;0;0;0;1764;0;0;88;0;20;0;
2940;1449859;976932864;13914112;1108250624;0;0;0;0;0;0;0;0;0;0;0;2174;0;0;88;0;20;0;
2941;1350623;976932864;13914112;1108250624;0;0;0;0;0;0;0;0;0;0;0;2254;0;0;88;0;20;0;
2942;1435012;976932864;13914112;1108250624;0;0;0;0;0;0;0;0;0;0;0;2124;0;0;88;0;20;0;
2943;2372970;976932864;13914112;1108250624;0;0;0;0;0;0;0;0;0;0;0;1973;0;0;88;0;20;0;
2944;1647088;976932864;13914112;1108250624;0;0;0;0;0;0;0;0;0;0;0;2104;0;0;88;0;20;0;
2945;1292204;976932864;13914112;1108250624;0;0;0;0;0;0;0;0;0;0;0;2354;0;0;88;0;20;0;
2946;1153373;976932864;13914112;1108250624;0;0;0;0;0;0;0;0;0;0;0;1984;0;0;88;0;20;0;
2947;1606453;976932864;13914112;1108250624;0;0;0;0;0;0;0;0;0;0;0;2174;0;0;88;0;20;0;
2948;1292444;976932864;13914112;1108250624;0;0;0;0;0;0;0;0;0;0;0;2284;0;0;88;0;20;0;
2949;1209157;976932864;13914112;1108250624;0;0;0;0;0;0;0;0;0;0;0;2184;0;0;88;0;20;0;
2950;1232471;976932864;13914112;1108250624;0;0;0;0;0;0;0;0;0;0;0;2184;0;0;88;0;20;0;
2951;1605480;976932864;13914112;1108250624;0;0;0;0;0;0;0;0;0;0;0;2615;0;0;88;0;20;0;
2952;1382472;976932864;13914112;1108250624;0;0;0;0;0;0;0;0;0;0;0;2154;0;0;88;0;20;0;
2953;1238312;976932864;13914112;1108250624;0;0;0;0;0;0;0;0;0;0;0;2244;0;0;88;0;20;0;
2954;1354561;976932864;13914112;1108250624;0;0;0;0;0;0;0;0;0;0;0;2094;0;0;88;0;20;0;
2955;1745133;976932864;13914112;1108250624;0;0;0;0;0;0;0;0;0;0;0;2094;0;0;88;0;20;0;
2956;1643302;976932864;13914112;1108250624;0;0;0;0;0;0;0;0;0;0;0;2014;0;0;88;0;20;0;
2957;1441092;976932864;13914112;1108250624;0;0;0;0;0;0;0;0;0;0;0;2234;0;0;88;0;20;0;
2958;1183880;976932864;13914112;1108250624;0;0;0;0;0;0;0;0;0;0;0;1984;0;0;88;0;20;0;
2959;4475022;976932864;13914112;1108250624;0;0;0;0;0;0;0;0;0;0;0;2064;0;0;88;0;20;0;
2960;3516825;976932864;13914112;1108250624;0;0;0;0;0;0;0;0;0;0;0;2625;0;0;88;0;20;0;
2961;2211707;976932864;13914112;1108250624;0;0;0;0;0;0;0;0;0;0;0;2805;0;0;88;0;20;0;
2962;1588418;976932864;13914112;1108250624;0;0;0;0;0;0;0;0;0;0;0;3006;0;0;88;0;20;0;
2963;1592086;976932864;13914112;1108250624;0;0;0;0;0;0;0;0;0;0;0;3036;0;0;88;0;20;0;
2964;2326453;976932864;13914112;1108250624;0;0;0;0;0;0;0;0;0;0;0;3166;0;0;88;0;20;0;
2965;1318382;976932864;13914112;1108250624;0;0;0;0;0;0;0;0;0;0;0;3186;0;0;88;0;20;0;
2966;1446733;976932864;13914112;1108250624;0;0;0;0;0;0;0;0;0;0;0;3146;0;0;88;0;20;0;
2967;1382393;976932864;13914112;1108250624;0;0;0;0;0;0;0;0;0;0;0;2925;0;0;88;0;20;0;
2968;2227578;976932864;13914112;1108250624;0;0;0;0;0;0;0;0;0;0;0;2585;0;0;88;0;20;0;
2969;1463004;976932864;13914112;1108250624;0;0;0;0;0;0;0;0;0;0;0;2715;0;0;88;0;20;0;
2970;1687134;976932864;13914112;1108250624;0;0;0;0;0;0;0;0;0;0;0;2815;0;0;88;0;20;0;
2971;1527395;976932864;13914112;1108250624;0;0;0;0;0;0;0;0;0;0;0;2625;0;0;88;0;20;0;
2972;2247305;976932864;13914112;1108250624;0;0;0;0;0;0;0;0;0;0;0;2585;0;0;88;0;20;0;
2973;1851663;976932864;13914112;1108250624;0;0;0;0;0;0;0;0;0;0;0;2615;0;0;88;0;20;0;
2974;1474425;976932864;13914112;1108250624;0;0;0;0;0;0;0;0;0;0;0;2756;0;0;88;0;20;0;
2975;1342427;976932864;13914112;1108250624;0;0;0;0;0;0;0;0;0;0;0;2655;0;0;88;0;20;0;
2976;2190929;976932864;13914112;1108250624;0;0;0;0;0;0;0;0;0;0;0;2654;0;0;88;0;20;0;
2977;1546371;976932864;13914112;1108250624;0;0;0;0;0;0;0;0;0;0;0;2716;0;0;88;0;20;0;
2978;1510102;976932864;13914112;1108250624;0;0;0;0;0;0;0;0;0;0;0;2665;0;0;88;0;20;0;
2979;1348239;976932864;13914112;1108250624;0;0;0;0;0;0;0;0;0;0;0;2755;0;0;88;0;20;0;
2980;4479391;976932864;13914112;1108250624;0;0;0;0;0;0;0;0;0;0;0;2665;0;0;88;0;20;0;
2981;3302563;976932864;13914112;1108250624;0;0;0;0;0;0;0;0;0;0;0;2184;0;0;88;0;20;0;
2982;1272146;976932864;13914112;1108250624;0;0;0;0;0;0;0;0;0;0;0;1983;0;0;88;0;20;0;
2983;1207104;976932864;13914112;1108250624;0;0;0;0;0;0;0;0;0;0;0;2324;0;0;88;0;20;0;
2984;2263635;976932864;13914112;1108250624;0;0;0;0;0;0;0;0;0;0;0;2104;0;0;88;0;20;0;
2985;1592046;976932864;13914112;1108250624;0;0;0;0;0;0;0;0;0;0;0;2064;0;0;88;0;20;0;
2986;1289217;976932864;13914112;1108250624;0;0;0;0;0;0;0;0;0;0;0;1953;0;0;88;0;20;0;
2987;977684;976932864;13914112;1108250624;0;0;0;0;0;0;0;0;0;0;0;2295;0;0;88;0;20;0;
2988;1300158;976932864;13914112;1108250624;0;0;0;0;0;0;0;0;0;0;0;2114;0;0;88;0;20;0;
2989;1623795;976932864;13914112;1108250624;0;0;0;0;0;0;0;0;0;0;0;2464;0;0;88;0;20;0;
2990;1519910;976932864;13914112;1108250624;0;0;0;0;0;0;0;0;0;0;0;2916;0;0;88;0;20;0;
2991;1329152;976932864;13914112;1108250624;0;0;0;0;0;0;0;0;0;0;0;2675;0;0;88;0;20;0;
2992;1618686;976932864;13914112;1108250624;0;0;0;0;0;0;0;0;0;0;0;2655;0;0;88;0;20;0;
2993;1879765;976932864;13914112;1108250624;0;0;0;0;0;0;0;0;0;0;0;2645;0;0;88;0;20;0;
2994;1182437;976932864;13914112;1108250624;0;0;0;0;0;0;0;0;0;0;0;2214;0;0;88;0;20;0;
2995;1251387;976932864;13914112;1108250624;0;0;0;0;0;0;0;0;0;0;0;2074;0;0;88;0;20;0;
2996;1059998;976932864;13914112;1108250624;0;0;0;0;0;0;0;0;0;0;0;2165;0;0;88;0;20;0;
2997;1778174;976932864;13914112;1108250624;0;0;0;0;0;0;0;0;0;0;0;2194;0;0;88;0;20;0;
2998;1303354;976932864;13914112;1108250624;0;0;0;0;0;0;0;0;0;0;0;2034;0;0;88;0;20;0;
2999;1097959;976932864;13914112;1108250624;0;0;0;0;0;0;0;0;0;0;0;2014;0;0;88;0;20;0;
3000;1078232;976932864;13914112;1108250624;0;0;0;0;0;0;0;0;0;0;0;2154;0;0;88;0;20;0;
3001;4192062;976932864;13914112;1108250624;0;0;0;0;0;0;0;0;0;0;0;2083;0;0;88;0;20;0;
3002;3940800;976932864;13914112;1108250624;0;0;0;0;0;0;0;0;0;0;0;2825;0;0;88;0;20;0;
3003;1555708;976932864;13914112;1108250624;0;0;0;0;0;0;0;0;0;0;0;2745;0;0;88;0;20;0;
3004;1544427;976932864;13914112;1108250624;0;0;0;0;0;0;0;0;0;0;0;2665;0;0;88;0;20;0;
3005;1552051;976932864;13914112;1108250624;0;0;0;0;0;0;0;0;0;0;0;2665;0;0;88;0;20;0;
3006;1912767;976932864;13914112;1108250624;0;0;0;0;0;0;0;0;0;0;0;2645;0;0;88;0;20;0;
3007;1318272;976932864;13914112;1108250624;0;0;0;0;0;0;0;0;0;0;0;1743;0;0;88;0;20;0;
3008;1161548;976932864;13914112;1108250624;0;0;0;0;0;0;0;0;0;0;0;2063;0;0;88;0;20;0;
3009;930355;976932864;13914112;1108250624;0;0;0;0;0;0;0;0;0;0;0;1573;0;0;88;0;20;0;
3010;1833107;976932864;13914112;1108250624;0;0;0;0;0;0;0;0;0;0;0;1693;0;0;88;0;20;0;
3011;889178;976932864;13914112;1108250624;0;0;0;0;0;0;0;0;0;0;0;1503;0;0;88;0;20;0;
3012;1517305;976932864;13914112;1108250624;0;0;0;0;0;0;0;0;0;0;0;1653;0;0;88;0;20;0;
3013;977093;976932864;13914112;1108250624;0;0;0;0;0;0;0;0;0;0;0;1553;0;0;88;0;20;0;
3014;1635868;976932864;13914112;1108250624;0;0;0;0;0;0;0;0;0;0;0;2485;0;0;88;0;20;0;
3015;945824;976932864;13914112;1108250624;0;0;0;0;0;0;0;0;0;0;0;1713;0;0;88;0;20;0;
3016;1150778;976932864;13914112;1108250624;0;0;0;0;0;0;0;0;0;0;0;1683;0;0;88;0;20;0;
3017;1038708;976932864;13914112;1108250624;0;0;0;0;0;0;0;0;0;0;0;1783;0;0;88;0;20;0;
3018;1561028;976932864;13914112;1108250624;0;0;0;0;0;0;0;0;0;0;0;1753;0;0;88;0;20;0;
3019;962435;976932864;13914112;1108250624;0;0;0;0;0;0;0;0;0;0;0;1523;0;0;88;0;20;0;
3020;928662;976932864;13914112;1108250624;0;0;0;0;0;0;0;0;0;0;0;1783;0;0;88;0;20;0;
3021;953118;976932864;13914112;1108250624;0;0;0;0;0;0;0;0;0;0;0;1483;0;0;88;0;20;0;
3022;4163628;976932864;13914112;1108250624;0;0;0;0;0;0;0;0;0;0;0;1573;0;0;88;0;20;0;
3023;2888567;976932864;13914112;1108250624;0;0;0;0;0;0;0;0;0;0;0;1833;0;0;88;0;20;0;
3024;1120782;976932864;13914112;1108250624;0;0;0;0;0;0;0;0;0;0;0;2094;0;0;88;0;20;0;
3025;1337328;976932864;13914112;1108250624;0;0;0;0;0;0;0;0;0;0;0;1683;0;0;88;0;20;0;
3026;1335886;976932864;13914112;1108250624;0;0;0;0;0;0;0;0;0;0;0;1733;0;0;88;0;20;0;
3027;2251252;976932864;13914112;1108250624;0;0;0;0;0;0;0;0;0;0;0;1763;0;0;88;0;20;0;
3028;1481549;976932864;13914112;1108250624;0;0;0;0;0;0;0;0;0;0;0;2084;0;0;88;0;20;0;
3029;1041674;976932864;13914112;1108250624;0;0;0;0;0;0;0;0;0;0;0;2154;0;0;88;0;20;0;
3030;1288947;976932864;13914112;1108250624;0;0;0;0;0;0;0;0;0;0;0;2184;0;0;88;0;20;0;
3031;1763989;976932864;13914112;1108250624;0;0;0;0;0;0;0;0;0;0;0;2144;0;0;88;0;20;0;
3032;1729874;976932864;13914112;1108250624;0;0;0;0;0;0;0;0;0;0;0;2935;0;0;88;0;20;0;
3033;1447194;976932864;13914112;1108250624;0;0;0;0;0;0;0;0;0;0;0;2775;0;0;88;0;20;0;
3034;1579051;976932864;13914112;1108250624;0;0;0;0;0;0;0;0;0;0;0;3016;0;0;88;0;20;0;
3035;2058961;976932864;13914112;1108250624;0;0;0;0;0;0;0;0;0;0;0;2615;0;0;88;0;20;0;
3036;1378255;976932864;13914112;1108250624;0;0;0;0;0;0;0;0;0;0;0;3156;0;0;88;0;20;0;
3037;1295941;976932864;13914112;1108250624;0;0;0;0;0;0;0;0;0;0;0;3176;0;0;88;0;20;0;
3038;1369869;976932864;13914112;1108250624;0;0;0;0;0;0;0;0;0;0;0;2605;0;0;88;0;20;0;
3039;2032382;976932864;13914112;1108250624;0;0;0;0;0;0;0;0;0;0;0;3085;0;0;88;0;20;0;
3040;1443868;976932864;13914112;1108250624;0;0;0;0;0;0;0;0;0;0;0;2986;0;0;88;0;20;0;
3041;1474956;976932864;13914112;1108250624;0;0;0;0;0;0;0;0;0;0;0;3246;0;0;88;0;20;0;
3042;1466911;976932864;13914112;1108250624;0;0;0;0;0;0;0;0;0;0;0;2886;0;0;88;0;20;0;
3043;4561895;976932864;13914112;1108250624;0;0;0;0;0;0;0;0;0;0;0;2655;0;0;88;0;20;0;
3044;4444295;976932864;13914112;1108250624;0;0;0;0;0;0;0;0;0;0;0;2946;0;0;88;0;20;0;
3045;1578861;976932864;13914112;1108250624;0;0;0;0;0;0;0;0;0;0;0;3026;0;0;88;0;20;0;
3046;1466451;976932864;13914112;1108250624;0;0;0;0;0;0;0;0;0;0;0;2645;0;0;88;0;20;0;
3047;1678829;976932864;13914112;1108250624;0;0;0;0;0;0;0;0;0;0;0;2786;0;0;88;0;20;0;
3048;2059673;976932864;13914112;1108250624;0;0;0;0;0;0;0;0;0;0;0;2695;0;0;88;0;20;0;
3049;1329503;976932864;13914112;1108250624;0;0;0;0;0;0;0;0;0;0;0;2194;0;0;88;0;20;0;
3050;1271715;976932864;13914112;1108250624;0;0;0;0;0;0;0;0;0;0;0;1974;0;0;88;0;20;0;
3051;1464076;976932864;13914112;1108250624;0;0;0;0;0;0;0;0;0;0;0;2063;0;0;88;0;20;0;
3052;1973100;976932864;13914112;1108250624;0;0;0;0;0;0;0;0;0;0;0;2224;0;0;88;0;20;0;
3053;1350443;976932864;13914112;1108250624;0;0;0;0;0;0;0;0;0;0;0;2454;0;0;88;0;20;0;
3054;1546650;976932864;13914112;1108250624;0;0;0;0;0;0;0;0;0;0;0;2124;0;0;88;0;20;0;
3055;1157450;976932864;13914112;1108250624;0;0;0;0;0;0;0;0;0;0;0;2144;0;0;88;0;20;0;
3056;1677736;976932864;13914112;1108250624;0;0;0;0;0;0;0;0;0;0;0;2394;0;0;88;0;20;0;
3057;1465859;976932864;13914112;1108250624;0;0;0;0;0;0;0;0;0;0;0;2014;0;0;88;0;20;0;
3058;1246638;976932864;13914112;1108250624;0;0;0;0;0;0;0;0;0;0;0;2174;0;0;88;0;20;0;
3059;1102337;976932864;13914112;1108250624;0;0;0;0;0;0;0;0;0;0;0;2154;0;0;88;0;20;0;
3060;2115347;976932864;13914112;1108250624;0;0;0;0;0;0;0;0;0;0;0;1794;0;0;88;0;20;0;
3061;1177849;976932864;13914112;1108250624;0;0;0;0;0;0;0;0;0;0;0;1924;0;0;88;0;20;0;
3062;1160847;976932864;13914112;1108250624;0;0;0;0;0;0;0;0;0;0;0;1793;0;0;88;0;20;0;
3063;1347607;976932864;13914112;1108250624;0;0;0;0;0;0;0;0;0;0;0;2124;0;0;88;0;20;0;
3064;4203302;976932864;13914112;1108250624;0;0;0;0;0;0;0;0;0;0;0;2425;0;0;88;0;20;0;
3065;2901852;976932864;13914112;1108250624;0;0;0;0;0;0;0;0;0;0;0;2245;0;0;88;0;20;0;
3066;1108750;976932864;13914112;1108250624;0;0;0;0;0;0;0;0;0;0;0;2174;0;0;88;0;20;0;
3067;1543124;976932864;13914112;1108250624;0;0;0;0;0;0;0;0;0;0;0;2165;0;0;88;0;20;0;
3068;1312882;976932864;13914112;1108250624;0;0;0;0;0;0;0;0;0;0;0;1944;0;0;88;0;20;0;
3069;1634355;976932864;13914112;1108250624;0;0;0;0;0;0;0;0;0;0;0;2375;0;0;88;0;20;0;
3070;1265914;976932864;13914112;1108250624;0;0;0;0;0;0;0;0;0;0;0;2254;0;0;88;0;20;0;
3071;1176887;976932864;13914112;1108250624;0;0;0;0;0;0;0;0;0;0;0;2244;0;0;88;0;20;0;
3072;1069816;976932864;13914112;1108250624;0;0;0;0;0;0;0;0;0;0;0;2124;0;0;88;0;20;0;
3073;1629486;976932864;13914112;1108250624;0;0;0;0;0;0;0;0;0;0;0;2134;0;0;88;0;20;0;
3074;1112566;976932864;13914112;1108250624;0;0;0;0;0;0;0;0;0;0;0;2134;0;0;88;0;20;0;
3075;1023569;976932864;13914112;1108250624;0;0;0;0;0;0;0;0;0;0;0;2134;0;0;88;0;20;0;
3076;999143;976932864;13914112;1108250624;0;0;0;0;0;0;0;0;0;0;0;2215;0;0;88;0;20;0;
3077;1692704;976932864;13914112;1108250624;0;0;0;0;0;0;0;0;0;0;0;2235;0;0;88;0;20;0;
3078;1460068;976932864;13914112;1108250624;0;0;0;0;0;0;0;0;0;0;0;2595;0;0;88;0;20;0;
3079;1297183;976932864;13914112;1108250624;0;0;0;0;0;0;0;0;0;0;0;2735;0;0;88;0;20;0;
3080;1156279;976932864;13914112;1108250624;0;0;0;0;0;0;0;0;0;0;0;2695;0;0;88;0;20;0;
3081;1771532;976932864;13914112;1108250624;0;0;0;0;0;0;0;0;0;0;0;2795;0;0;88;0;20;0;
3082;1467372;976932864;13914112;1108250624;0;0;0;0;0;0;0;0;0;0;0;2835;0;0;88;0;20;0;
3083;1492328;976932864;13914112;1108250624;0;0;0;0;0;0;0;0;0;0;0;2866;0;0;88;0;20;0;
3084;1393573;976932864;13914112;1108250624;0;0;0;0;0;0;0;0;0;0;0;2685;0;0;88;0;20;0;
3085;4787428;976932864;13914112;1108250624;0;0;0;0;0;0;0;0;0;0;0;2655;0;0;88;0;20;0;
3086;2922240;976932864;13914112;1108250624;0;0;0;0;0;0;0;0;0;0;0;2455;0;0;88;0;20;0;
3087;1555286;976932864;13914112;1108250624;0;0;0;0;0;0;0;0;0;0;0;2194;0;0;88;0;20;0;
3088;982753;976932864;13914112;1108250624;0;0;0;0;0;0;0;0;0;0;0;1774;0;0;88;0;20;0;
3089;1231640;976932864;13914112;1108250624;0;0;0;0;0;0;0;0;0;0;0;2184;0;0;88;0;20;0;
3090;1736987;976932864;13914112;1108250624;0;0;0;0;0;0;0;0;0;0;0;1933;0;0;88;0;20;0;
3091;1070258;976932864;13914112;1108250624;0;0;0;0;0;0;0;0;0;0;0;2154;0;0;88;0;20;0;
3092;1457102;976932864;13914112;1108250624;0;0;0;0;0;0;0;0;0;0;0;2034;0;0;88;0;20;0;
3093;1242651;976932864;13914112;1108250624;0;0;0;0;0;0;0;0;0;0;0;1994;0;0;88;0;20;0;
3094;1753188;976932864;13914112;1108250624;0;0;0;0;0;0;0;0;0;0;0;2064;0;0;88;0;20;0;
3095;1237530;976932864;13914112;1108250624;0;0;0;0;0;0;0;0;0;0;0;2224;0;0;88;0;20;0;
3096;1118448;976932864;13914112;1108250624;0;0;0;0;0;0;0;0;0;0;0;2194;0;0;88;0;20;0;
3097;1247310;976932864;13914112;1108250624;0;0;0;0;0;0;0;0;0;0;0;2074;0;0;88;0;20;0;
3098;1886338;976932864;13914112;1108250624;0;0;0;0;0;0;0;0;0;0;0;2234;0;0;88;0;20;0;
3099;1366272;976932864;13914112;1108250624;0;0;0;0;0;0;0;0;0;0;0;2265;0;0;88;0;20;0;
3100;1195582;976932864;13914112;1108250624;0;0;0;0;0;0;0;0;0;0;0;1944;0;0;88;0;20;0;
3101;1060078;976932864;13914112;1108250624;0;0;0;0;0;0;0;0;0;0;0;1964;0;0;88;0;20;0;
3102;1545559;976932864;13914112;1108250624;0;0;0;0;0;0;0;0;0;0;0;2515;0;0;88;0;20;0;
3103;1426425;976932864;13914112;1108250624;0;0;0;0;0;0;0;0;0;0;0;2004;0;0;88;0;20;0;
3104;1061942;976932864;13914112;1108250624;0;0;0;0;0;0;0;0;0;0;0;2184;0;0;88;0;20;0;
3105;1035102;976932864;13914112;1108250624;0;0;0;0;0;0;0;0;0;0;0;2033;0;0;88;0;20;0;
3106;5114912;976932864;13914112;1108250624;0;0;0;0;0;0;0;0;0;0;0;2034;0;0;88;0;20;0;
3107;2948129;976932864;13914112;1108250624;0;0;0;0;0;0;0;0;0;0;0;2154;0;0;88;0;20;0;
3108;1194461;976932864;13914112;1108250624;0;0;0;0;0;0;0;0;0;0;0;2164;0;0;88;0;20;0;
3109;960542;976932864;13914112;1108250624;0;0;0;0;0;0;0;0;0;0;0;2185;0;0;88;0;20;0;
3110;1454979;976932864;13914112;1108250624;0;0;0;0;0;0;0;0;0;0;0;2334;0;0;88;0;20;0;
3111;1724534;976932864;13914112;1108250624;0;0;0;0;0;0;0;0;0;0;0;1974;0;0;88;0;20;0;
3112;1155857;976932864;13914112;1108250624;0;0;0;0;0;0;0;0;0;0;0;2284;0;0;88;0;20;0;
3113;1239023;976932864;13914112;1108250624;0;0;0;0;0;0;0;0;0;0;0;2114;0;0;88;0;20;0;
3114;1187246;976932864;13914112;1108250624;0;0;0;0;0;0;0;0;0;0;0;2215;0;0;88;0;20;0;
3115;1651668;976932864;13914112;1108250624;0;0;0;0;0;0;0;0;0;0;0;2074;0;0;88;0;20;0;
3116;851116;976932864;13914112;1108250624;0;0;0;0;0;0;0;0;0;0;0;1413;0;0;88;0;20;0;
3117;923552;976932864;13914112;1108250624;0;0;0;0;0;0;0;0;0;0;0;1352;0;0;88;0;20;0;
3118;1007259;976932864;13914112;1108250624;0;0;0;0;0;0;0;0;0;0;0;1553;0;0;88;0;20;0;
3119;1490034;976932864;13914112;1108250624;0;0;0;0;0;0;0;0;0;0;0;1372;0;0;88;0;20;0;
3120;1057303;976932864;13914112;1108250624;0;0;0;0;0;0;0;0;0;0;0;1623;0;0;88;0;20;0;
3121;1080366;976932864;13914112;1108250624;0;0;0;0;0;0;0;0;0;0;0;1573;0;0;88;0;20;0;
3122;868017;976932864;13914112;1108250624;0;0;0;0;0;0;0;0;0;0;0;1573;0;0;88;0;20;0;
3123;1394455;976932864;13914112;1108250624;0;0;0;0;0;0;0;0;0;0;0;1884;0;0;88;0;20;0;
3124;800461;976932864;13914112;1108250624;0;0;0;0;0;0;0;0;0;0;0;1713;0;0;88;0;20;0;
3125;1041784;976932864;13914112;1108250624;0;0;0;0;0;0;0;0;0;0;0;1654;0;0;88;0;20;0;
3126;1098991;976932864;13914112;1108250624;0;0;0;0;0;0;0;0;0;0;0;1432;0;0;88;0;20;0;
3127;4084440;976932864;13914112;1108250624;0;0;0;0;0;0;0;0;0;0;0;1332;0;0;88;0;20;0;
3128;2440016;976932864;13914112;1108250624;0;0;0;0;0;0;0;0;0;0;0;1854;0;0;88;0;20;0;
3129;905077;976932864;13914112;1108250624;0;0;0;0;0;0;0;0;0;0;0;1573;0;0;88;0;20;0;
3130;1034490;976932864;13914112;1108250624;0;0;0;0;0;0;0;0;0;0;0;1663;0;0;88;0;20;0;
3131;1593308;976932864;13914112;1108250624;0;0;0;0;0;0;0;0;0;0;0;1824;0;0;88;0;20;0;
3132;1102338;976932864;13914112;1108250624;0;0;0;0;0;0;0;0;0;0;0;1333;0;0;88;0;20;0;
3133;867727;976932864;13914112;1108250624;0;0;0;0;0;0;0;0;0;0;0;1312;0;0;88;0;20;0;
3134;885631;976932864;13914112;1108250624;0;0;0;0;0;0;0;0;0;0;0;1673;0;0;88;0;20;0;
3135;1633483;976932864;13914112;1108250624;0;0;0;0;0;0;0;0;0;0;0;2584;0;0;88;0;20;0;
3136;1456782;976932864;13914112;1108250624;0;0;0;0;0;0;0;0;0;0;0;2305;0;0;88;0;20;0;
3137;1302793;976932864;13914112;1108250624;0;0;0;0;0;0;0;0;0;0;0;2154;0;0;88;0;20;0;
3138;1465118;976932864;13914112;1108250624;0;0;0;0;0;0;0;0;0;0;0;2425;0;0;88;0;20;0;
3139;1632091;976932864;13914112;1108250624;0;0;0;0;0;0;0;0;0;0;0;2555;0;0;88;0;20;0;
3140;1084524;976932864;13914112;1108250624;0;0;0;0;0;0;0;0;0;0;0;1363;0;0;88;0;20;0;
3141;881222;976932864;13914112;1108250624;0;0;0;0;0;0;0;0;0;0;0;1613;0;0;88;0;20;0;
3142;960752;976932864;13914112;1108250624;0;0;0;0;0;0;0;0;0;0;0;1743;0;0;88;0;20;0;
3143;1456171;976932864;13914112;1108250624;0;0;0;0;0;0;0;0;0;0;0;1793;0;0;88;0;20;0;
3144;1016056;976932864;13914112;1108250624;0;0;0;0;0;0;0;0;0;0;0;2384;0;0;88;0;20;0;
3145;1195061;976932864;13914112;1108250624;0;0;0;0;0;0;0;0;0;0;0;2104;0;0;88;0;20;0;
3146;1105704;976932864;13914112;1108250624;0;0;0;0;0;0;0;0;0;0;0;1934;0;0;88;0;20;0;
3147;4213582;976932864;13914112;1108250624;0;0;0;0;0;0;0;0;0;0;0;2064;0;0;88;0;20;0;
3148;1950318;976932864;13914112;1108250624;0;0;0;0;0;0;0;0;0;0;0;1473;0;0;88;0;20;0;
3149;1045130;976932864;13914112;1108250624;0;0;0;0;0;0;0;0;0;0;0;1693;0;0;88;0;20;0;
3150;1021646;976932864;13914112;1108250624;0;0;0;0;0;0;0;0;0;0;0;1512;0;0;88;0;20;0;
3151;1406247;976932864;13914112;1108250624;0;0;0;0;0;0;0;0;0;0;0;1683;0;0;88;0;20;0;
3152;869691;976932864;13914112;1108250624;0;0;0;0;0;0;0;0;0;0;0;1473;0;0;88;0;20;0;
3153;1014934;976932864;13914112;1108250624;0;0;0;0;0;0;0;0;0;0;0;1452;0;0;88;0;20;0;
3154;1139577;976932864;13914112;1108250624;0;0;0;0;0;0;0;0;0;0;0;1653;0;0;88;0;20;0;
3155;1420364;976932864;13914112;1108250624;0;0;0;0;0;0;0;0;0;0;0;1553;0;0;88;0;20;0;
3156;1057072;976932864;13914112;1108250624;0;0;0;0;0;0;0;0;0;0;0;1904;0;0;88;0;20;0;
3157;1044409;976932864;13914112;1108250624;0;0;0;0;0;0;0;0;0;0;0;1523;0;0;88;0;20;0;
3158;887684;976932864;13914112;1108250624;0;0;0;0;0;0;0;0;0;0;0;1503;0;0;88;0;20;0;
3159;1470518;976932864;13914112;1108250624;0;0;0;0;0;0;0;0;0;0;0;1814;0;0;88;0;20;0;
3160;1379878;976932864;13914112;1108250624;0;0;0;0;0;0;0;0;0;0;0;2245;0;0;88;0;20;0;
3161;1117676;976932864;13914112;1108250624;0;0;0;0;0;0;0;0;0;0;0;1973;0;0;88;0;20;0;
3162;1156930;976932864;13914112;1108250624;0;0;0;0;0;0;0;0;0;0;0;2175;0;0;88;0;20;0;
3163;1784316;976932864;13914112;1108250624;0;0;0;0;0;0;0;0;0;0;0;2324;0;0;88;0;20;0;
3164;1272407;976932864;13914112;1108250624;0;0;0;0;0;0;0;0;0;0;0;1944;0;0;88;0;20;0;
3165;1247019;976932864;13914112;1108250624;0;0;0;0;0;0;0;0;0;0;0;1993;0;0;88;0;20;0;
3166;1200422;976932864;13914112;1108250624;0;0;0;0;0;0;0;0;0;0;0;1994;0;0;88;0;20;0;
3167;4262564;976932864;13914112;1108250624;0;0;0;0;0;0;0;0;0;0;0;2154;0;0;88;0;20;0;
3168;1947693;976932864;13914112;1108250624;0;0;0;0;0;0;0;0;0;0;0;1653;0;0;88;0;20;0;
3169;828113;976932864;13914112;1108250624;0;0;0;0;0;0;0;0;0;0;0;1443;0;0;88;0;20;0;
3170;1028969;976932864;13914112;1108250624;0;0;0;0;0;0;0;0;0;0;0;1643;0;0;88;0;20;0;
3171;1422478;976932864;13914112;1108250624;0;0;0;0;0;0;0;0;0;0;0;1633;0;0;88;0;20;0;
3172;1378896;976932864;13914112;1108250624;0;0;0;0;0;0;0;0;0;0;0;1643;0;0;88;0;20;0;
3173;955853;976932864;13914112;1108250624;0;0;0;0;0;0;0;0;0;0;0;1714;0;0;88;0;20;0;
3174;1081138;976932864;13914112;1108250624;0;0;0;0;0;0;0;0;0;0;0;1613;0;0;88;0;20;0;
3175;1560287;976932864;13914112;1108250624;0;0;0;0;0;0;0;0;0;0;0;1613;0;0;88;0;20;0;
3176;1066049;976932864;13914112;1108250624;0;0;0;0;0;0;0;0;0;0;0;1623;0;0;88;0;20;0;
3177;1126142;976932864;13914112;1108250624;0;0;0;0;0;0;0;0;0;0;0;1453;0;0;88;0;20;0;
3178;1116574;976932864;13914112;1108250624;0;0;0;0;0;0;0;0;0;0;0;2314;0;0;88;0;20;0;
3179;1914470;976932864;13914112;1108250624;0;0;0;0;0;0;0;0;0;0;0;2124;0;0;88;0;20;0;
3180;1294478;976932864;13914112;1108250624;0;0;0;0;0;0;0;0;0;0;0;2164;0;0;88;0;20;0;
3181;1169123;976932864;13914112;1108250624;0;0;0;0;0;0;0;0;0;0;0;2154;0;0;88;0;20;0;
3182;1072171;976932864;13914112;1108250624;0;0;0;0;0;0;0;0;0;0;0;2174;0;0;88;0;20;0;
3183;1920732;976932864;13914112;1108250624;0;0;0;0;0;0;0;0;0;0;0;2184;0;0;88;0;20;0;
3184;1355883;976932864;13914112;1108250624;0;0;0;0;0;0;0;0;0;0;0;2425;0;0;88;0;20;0;
3185;1781972;976932864;13914112;1108250624;0;0;0;0;0;0;0;0;0;0;0;2034;0;0;88;0;20;0;
3186;1283678;976932864;13914112;1108250624;0;0;0;0;0;0;0;0;0;0;0;2033;0;0;88;0;20;0;
3187;4232007;976932864;13914112;1108250624;0;0;0;0;0;0;0;0;0;0;0;1934;0;0;88;0;20;0;
3188;2724390;976932864;13914112;1108250624;0;0;0;0;0;0;0;0;0;0;0;2094;0;0;88;0;20;0;
3189;2192011;976932864;13914112;1108250624;0;0;0;0;0;0;0;0;0;0;0;2104;0;0;88;0;20;0;
3190;1288206;976932864;13914112;1108250624;0;0;0;0;0;0;0;0;0;0;0;2495;0;0;88;0;20;0;
3191;1612714;976932864;13914112;1108250624;0;0;0;0;0;0;0;0;0;0;0;2044;0;0;88;0;20;0;
3192;1191835;976932864;13914112;1108250624;0;0;0;0;0;0;0;0;0;0;0;2023;0;0;88;0;20;0;
3193;1496146;976932864;13914112;1108250624;0;0;0;0;0;0;0;0;0;0;0;2004;0;0;88;0;20;0;
3194;1116784;976932864;13914112;1108250624;0;0;0;0;0;0;0;0;0;0;0;2284;0;0;88;0;20;0;
3195;1533276;976932864;13914112;1108250624;0;0;0;0;0;0;0;0;0;0;0;2364;0;0;88;0;20;0;
3196;1064667;976932864;13914112;1108250624;0;0;0;0;0;0;0;0;0;0;0;1713;0;0;88;0;20;0;
3197;1182287;976932864;13914112;1108250624;0;0;0;0;0;0;0;0;0;0;0;1653;0;0;88;0;20;0;
3198;1144246;976932864;13914112;1108250624;0;0;0;0;0;0;0;0;0;0;0;1884;0;0;88;0;20;0;
3199;1519430;976932864;13914112;1108250624;0;0;0;0;0;0;0;0;0;0;0;1493;0;0;88;0;20;0;
3200;1088822;976932864;13914112;1108250624;0;0;0;0;0;0;0;0;0;0;0;1803;0;0;88;0;20;0;
3201;1001418;976932864;13914112;1108250624;0;0;0;0;0;0;0;0;0;0;0;1373;0;0;88;0;20;0;
3202;1094723;976932864;13914112;1108250624;0;0;0;0;0;0;0;0;0;0;0;1462;0;0;88;0;20;0;
3203;1795478;976932864;13914112;1108250624;0;0;0;0;0;0;0;0;0;0;0;1623;0;0;88;0;20;0;
3204;1204499;976932864;13914112;1108250624;0;0;0;0;0;0;0;0;0;0;0;1653;0;0;88;0;20;0;
3205;1007489;976932864;13914112;1108250624;0;0;0;0;0;0;0;0;0;0;0;1683;0;0;88;0;20;0;
3206;1166939;976932864;13914112;1108250624;0;0;0;0;0;0;0;0;0;0;0;1603;0;0;88;0;20;0;
3207;3796600;976932864;13914112;1108250624;0;0;0;0;0;0;0;0;0;0;0;1663;0;0;88;0;20;0;
3208;1674340;976932864;13914112;1108250624;0;0;0;0;0;0;0;0;0;0;0;1473;0;0;88;0;20;0;
3209;1060308;976932864;13914112;1108250624;0;0;0;0;0;0;0;0;0;0;0;1653;0;0;88;0;20;0;
3210;1103058;976932864;13914112;1108250624;0;0;0;0;0;0;0;0;0;0;0;1793;0;0;88;0;20;0;
3211;1357737;976932864;13914112;1108250624;0;0;0;0;0;0;0;0;0;0;0;1683;0;0;88;0;20;0;
3212;977824;976932864;13914112;1108250624;0;0;0;0;0;0;0;0;0;0;0;1794;0;0;88;0;20;0;
3213;975529;976932864;13914112;1108250624;0;0;0;0;0;0;0;0;0;0;0;6963;0;0;88;0;20;0;
3214;987522;976932864;13914112;1108250624;0;0;0;0;0;0;0;0;0;0;0;1663;0;0;88;0;20;0;
3215;1400486;976932864;13914112;1108250624;0;0;0;0;0;0;0;0;0;0;0;1563;0;0;88;0;20;0;
3216;1204839;976932864;13914112;1108250624;0;0;0;0;0;0;0;0;0;0;0;2144;0;0;88;0;20;0;
3217;1185854;976932864;13914112;1108250624;0;0;0;0;0;0;0;0;0;0;0;2034;0;0;88;0;20;0;
3218;1209989;976932864;13914112;1108250624;0;0;0;0;0;0;0;0;0;0;0;2224;0;0;88;0;20;0;
3219;1821146;976932864;13914112;1108250624;0;0;0;0;0;0;0;0;0;0;0;1723;0;0;88;0;20;0;
3220;1058054;976932864;13914112;1108250624;0;0;0;0;0;0;0;0;0;0;0;1563;0;0;88;0;20;0;
3221;855033;976932864;13914112;1108250624;0;0;0;0;0;0;0;0;0;0;0;1964;0;0;88;0;20;0;
3222;1126002;976932864;13914112;1108250624;0;0;0;0;0;0;0;0;0;0;0;1964;0;0;88;0;20;0;
3223;1800176;976932864;13914112;1108250624;0;0;0;0;0;0;0;0;0;0;0;1462;0;0;88;0;20;0;
3224;1449168;976932864;13914112;1108250624;0;0;0;0;0;0;0;0;0;0;0;2485;0;0;88;0;20;0;
3225;1067292;976932864;13914112;1108250624;0;0;0;0;0;0;0;0;0;0;0;1954;0;0;88;0;20;0;
3226;1033919;976932864;13914112;1108250624;0;0;0;0;0;0;0;0;0;0;0;1563;0;0;88;0;20;0;
3227;4143090;976932864;13914112;1108250624;0;0;0;0;0;0;0;0;0;0;0;1863;0;0;88;0;20;0;
3228;2814287;976932864;13918208;1108254720;0;0;0;0;0;0;0;0;0;0;0;1863;0;0;88;0;20;0;
3229;1168462;976932864;13918208;1108254720;0;0;0;0;0;0;0;0;0;0;0;1442;0;0;88;0;20;0;
3230;1148103;976932864;13918208;1108254720;0;0;0;0;0;0;0;0;0;0;0;1613;0;0;88;0;20;0;
3231;949911;976932864;13918208;1108254720;0;0;0;0;0;0;0;0;0;0;0;1573;0;0;88;0;20;0;
3232;1821355;976932864;13918208;1108254720;0;0;0;0;0;0;0;0;0;0;0;1453;0;0;88;0;20;0;
3233;1114239;976932864;13918208;1108254720;0;0;0;0;0;0;0;0;0;0;0;1412;0;0;88;0;20;0;
3234;1692945;976932864;13918208;1108254720;0;0;0;0;0;0;0;0;0;0;0;1754;0;0;88;0;20;0;
3235;1062322;976932864;13918208;1108254720;0;0;0;0;0;0;0;0;0;0;0;1784;0;0;88;0;20;0;
3236;1679250;976932864;13918208;1108254720;0;0;0;0;0;0;0;0;0;0;0;1703;0;0;88;0;20;0;
3237;1588829;976932864;13918208;1108254720;0;0;0;0;0;0;0;0;0;0;0;2615;0;0;88;0;20;0;
3238;1206443;976932864;13918208;1108254720;0;0;0;0;0;0;0;0;0;0;0;2214;0;0;88;0;20;0;
3239;1148043;976932864;13918208;1108254720;0;0;0;0;0;0;0;0;0;0;0;2194;0;0;88;0;20;0;
3240;1921072;976932864;13918208;1108254720;0;0;0;0;0;0;0;0;0;0;0;2004;0;0;88;0;20;0;
3241;1204308;976932864;13918208;1108254720;0;0;0;0;0;0;0;0;0;0;0;2284;0;0;88;0;20;0;
3242;1234996;976932864;13918208;1108254720;0;0;0;0;0;0;0;0;0;0;0;2033;0;0;88;0;20;0;
3243;1264351;976932864;13918208;1108254720;0;0;0;0;0;0;0;0;0;0;0;1893;0;0;88;0;20;0;
3244;2169298;976932864;13918208;1108254720;0;0;0;0;0;0;0;0;0;0;0;2014;0;0;88;0;20;0;
3245;2620735;976932864;13918208;1108254720;0;0;0;0;0;0;0;0;0;0;0;7555;0;0;88;0;20;0;
3246;1583770;976932864;13918208;1108254720;0;0;0;0;0;0;0;0;0;0;0;3106;0;0;88;0;20;0;
3247;1664161;976932864;13918208;1108254720;0;0;0;0;0;0;0;0;0;0;0;3046;0;0;88;0;20;0;
3248;5130402;976932864;13918208;1108254720;0;0;0;0;0;0;0;0;0;0;0;2885;0;0;88;0;20;0;
3249;4165622;976932864;13918208;1108254720;0;0;0;0;0;0;0;0;0;0;0;3086;0;0;88;0;20;0;
3250;1440722;976932864;13918208;1108254720;0;0;0;0;0;0;0;0;0;0;0;2755;0;0;88;0;20;0;
3251;1677586;976932864;13918208;1108254720;0;0;0;0;0;0;0;0;0;0;0;2816;0;0;88;0;20;0;
3252;1517807;976932864;13918208;1108254720;0;0;0;0;0;0;0;0;0;0;0;2926;0;0;88;0;20;0;
3253;2167775;976932864;13918208;1108254720;0;0;0;0;0;0;0;0;0;0;0;2795;0;0;88;0;20;0;
3254;1547933;976932864;13918208;1108254720;0;0;0;0;0;0;0;0;0;0;0;2815;0;0;88;0;20;0;
3255;1706581;976932864;13918208;1108254720;0;0;0;0;0;0;0;0;0;0;0;2936;0;0;88;0;20;0;
3256;1652219;976932864;13918208;1108254720;0;0;0;0;0;0;0;0;0;0;0;2585;0;0;88;0;20;0;
3257;2156084;976932864;13918208;1108254720;0;0;0;0;0;0;0;0;0;0;0;2685;0;0;88;0;20;0;
3258;1747637;976932864;13918208;1108254720;0;0;0;0;0;0;0;0;0;0;0;2595;0;0;88;0;20;0;
3259;1680622;976932864;13918208;1108254720;0;0;0;0;0;0;0;0;0;0;0;2645;0;0;88;0;20;0;
3260;1556689;976932864;13918208;1108254720;0;0;0;0;0;0;0;0;0;0;0;2806;0;0;88;0;20;0;
3261;2004219;976932864;13918208;1108254720;0;0;0;0;0;0;0;0;0;0;0;2665;0;0;88;0;20;0;
3262;1657328;976932864;13918208;1108254720;0;0;0;0;0;0;0;0;0;0;0;2816;0;0;88;0;20;0;
3263;1410896;976932864;13918208;1108254720;0;0;0;0;0;0;0;0;0;0;0;2595;0;0;88;0;20;0;
3264;1406257;976932864;13918208;1108254720;0;0;0;0;0;0;0;0;0;0;0;2544;0;0;88;0;20;0;
3265;2065033;976932864;13918208;1108254720;0;0;0;0;0;0;0;0;0;0;0;2615;0;0;88;0;20;0;
3266;2005100;976932864;13918208;1108254720;0;0;0;0;0;0;0;0;0;0;0;2655;0;0;88;0;20;0;
3267;1525210;976932864;13918208;1108254720;0;0;0;0;0;0;0;0;0;0;0;2565;0;0;88;0;20;0;
3268;1375530;976932864;13918208;1108254720;0;0;0;0;0;0;0;0;0;0;0;2595;0;0;88;0;20;0;
3269;4491293;976932864;13918208;1108254720;0;0;0;0;0;0;0;0;0;0;0;2515;0;0;88;0;20;0;
3270;4013076;976932864;13918208;1108254720;0;0;0;0;0;0;0;0;0;0;0;2735;0;0;88;0;20;0;
3271;2251122;976932864;13918208;1108254720;0;0;0;0;0;0;0;0;0;0;0;2786;0;0;88;0;20;0;
3272;1541742;976932864;13918208;1108254720;0;0;0;0;0;0;0;0;0;0;0;2685;0;0;88;0;20;0;
3273;2028034;976932864;13918208;1108254720;0;0;0;0;0;0;0;0;0;0;0;2895;0;0;88;0;20;0;
3274;1583369;976932864;13918208;1108254720;0;0;0;0;0;0;0;0;0;0;0;2926;0;0;88;0;20;0;
3275;1347167;976932864;13918208;1108254720;0;0;0;0;0;0;0;0;0;0;0;2936;0;0;88;0;20;0;
3276;1627612;976932864;13918208;1108254720;0;0;0;0;0;0;0;0;0;0;0;2585;0;0;88;0;20;0;
3277;2315783;976932864;13914112;1108250624;0;0;0;0;0;0;0;0;0;0;0;3005;0;0;88;0;20;0;
3278;1542783;976932864;13914112;1108250624;0;0;0;0;0;0;0;0;0;0;0;2946;0;0;88;0;20;0;
3279;1725055;976932864;13914112;1108250624;0;0;0;0;0;0;0;0;0;0;0;2525;0;0;88;0;20;0;
3280;2046027;976932864;13914112;1108250624;0;0;0;0;0;0;0;0;0;0;0;2826;0;0;88;0;20;0;
3281;2145193;976932864;13914112;1108250624;0;0;0;0;0;0;0;0;0;0;0;3006;0;0;88;0;20;0;
3282;1364859;976932864;13914112;1108250624;0;0;0;0;0;0;0;0;0;0;0;2525;0;0;88;0;20;0;
3283;1508429;976932864;13914112;1108250624;0;0;0;0;0;0;0;0;0;0;0;2755;0;0;88;0;20;0;
3284;1569904;976932864;13914112;1108250624;0;0;0;0;0;0;0;0;0;0;0;2195;0;0;88;0;20;0;
3285;2225444;976932864;13914112;1108250624;0;0;0;0;0;0;0;0;0;0;0;2715;0;0;88;0;20;0;
3286;1456702;976932864;13914112;1108250624;0;0;0;0;0;0;0;0;0;0;0;2835;0;0;88;0;20;0;
3287;1386350;976932864;13914112;1108250624;0;0;0;0;0;0;0;0;0;0;0;2545;0;0;88;0;20;0;
3288;1462393;976932864;13914112;1108250624;0;0;0;0;0;0;0;0;0;0;0;2705;0;0;88;0;20;0;
3289;4403778;976932864;13914112;1108250624;0;0;0;0;0;0;0;0;0;0;0;2805;0;0;88;0;20;0;
3290;3992337;977469440;19451904;1113788416;0;0;0;0;0;0;0;0;0;0;0;2715;0;0;88;0;20;0;
3291;1403612;977469440;19451904;1113788416;0;0;0;0;0;0;0;0;0;0;0;2565;0;0;88;0;20;0;
3292;1458636;977469440;19451904;1113788416;0;0;0;0;0;0;0;0;0;0;0;2906;0;0;88;0;20;0;
3293;1961409;977469440;19451904;1113788416;0;0;0;0;0;0;0;0;0;0;0;3046;0;0;88;0;20;0;
3294;1447505;977469440;19451904;1113788416;0;0;0;0;0;0;0;0;0;0;0;2585;0;0;88;0;20;0;
3295;1630638;977469440;19451904;1113788416;0;0;0;0;0;0;0;0;0;0;0;2605;0;0;88;0;20;0;
3296;1504291;977469440;19451904;1113788416;0;0;0;0;0;0;0;0;0;0;0;3006;0;0;88;0;20;0;
3297;2085821;977469440;19451904;1113788416;0;0;0;0;0;0;0;0;0;0;0;2745;0;0;88;0;20;0;
3298;1476810;977469440;19451904;1113788416;0;0;0;0;0;0;0;0;0;0;0;2725;0;0;88;0;20;0;
3299;1528847;977469440;19451904;1113788416;0;0;0;0;0;0;0;0;0;0;0;2846;0;0;88;0;20;0;
3300;1309717;977469440;19451904;1113788416;0;0;0;0;0;0;0;0;0;0;0;2875;0;0;88;0;20;0;
3301;2408787;977469440;19451904;1113788416;0;0;0;0;0;0;0;0;0;0;0;2575;0;0;88;0;20;0;
3302;1532283;977469440;19451904;1113788416;0;0;0;0;0;0;0;0;0;0;0;2776;0;0;88;0;20;0;
3303;1597996;977469440;19451904;1113788416;0;0;0;0;0;0;0;0;0;0;0;3046;0;0;88;0;20;0;
3304;1559534;977469440;19451904;1113788416;0;0;0;0;0;0;0;0;0;0;0;3045;0;0;88;0;20;0;
3305;2514656;977469440;19451904;1113788416;0;0;0;0;0;0;0;0;0;0;0;2625;0;0;88;0;20;0;
3306;1723973;977469440;19451904;1113788416;0;0;0;0;0;0;0;0;0;0;0;3016;0;0;88;0;20;0;
3307;1699187;977469440;19451904;1113788416;0;0;0;0;0;0;0;0;0;0;0;3436;0;0;88;0;20;0;
3308;1473824;977469440;19451904;1113788416;0;0;0;0;0;0;0;0;0;0;0;3066;0;0;88;0;20;0;
3309;4659979;977469440;19451904;1113788416;0;0;0;0;0;0;0;0;0;0;0;2966;0;0;88;0;20;0;
3310;4635774;979566592;19451904;1113788416;0;0;0;0;0;0;0;0;0;0;0;3417;0;0;88;0;20;0;
3311;1750353;979566592;19451904;1113788416;0;0;0;0;0;0;0;0;0;0;0;2936;0;0;88;0;20;0;
3312;1668289;979566592;19451904;1113788416;0;0;0;0;0;0;0;0;0;0;0;2865;0;0;88;0;20;0;
3313;2184547;979566592;19451904;1113788416;0;0;0;0;0;0;0;0;0;0;0;3085;0;0;88;0;20;0;
3314;1662087;979566592;19451904;1113788416;0;0;0;0;0;0;0;0;0;0;0;2755;0;0;88;0;20;0;
3315;1575865;979566592;19451904;1113788416;0;0;0;0;0;0;0;0;0;0;0;2795;0;0;88;0;20;0;
3316;2547137;979566592;19451904;1113788416;0;0;0;0;0;0;0;0;0;0;0;2735;0;0;88;0;20;0;
3317;1559765;979566592;19451904;1113788416;0;0;0;0;0;0;0;0;0;0;0;2756;0;0;88;0;20;0;
3318;2344888;979566592;19451904;1113788416;0;0;0;0;0;0;0;0;0;0;0;2955;0;0;88;0;20;0;
3319;2114596;979566592;19451904;1113788416;0;0;0;0;0;0;0;0;0;0;0;2795;0;0;88;0;20;0;
3320;2427463;979566592;19451904;1113788416;0;0;0;0;0;0;0;0;0;0;0;3045;0;0;88;0;20;0;
3321;1550858;979566592;19451904;1113788416;0;0;0;0;0;0;0;0;0;0;0;2985;0;0;88;0;20;0;
3322;1699698;979566592;19451904;1113788416;0;0;0;0;0;0;0;0;0;0;0;3226;0;0;88;0;20;0;
3323;1558072;979566592;19451904;1113788416;0;0;0;0;0;0;0;0;0;0;0;2895;0;0;88;0;20;0;
3324;2182073;979566592;19451904;1113788416;0;0;0;0;0;0;0;0;0;0;0;3237;0;0;88;0;20;0;
3325;1541230;979566592;19451904;1113788416;0;0;0;0;0;0;0;0;0;0;0;3306;0;0;88;0;20;0;
3326;1474896;979566592;19451904;1113788416;0;0;0;0;0;0;0;0;0;0;0;3106;0;0;88;0;20;0;
3327;1592978;979566592;19451904;1113788416;0;0;0;0;0;0;0;0;0;0;0;2946;0;0;88;0;20;0;
3328;4961575;979566592;19451904;1113788416;0;0;0;0;0;0;0;0;0;0;0;3075;0;0;88;0;20;0;
3329;4430559;979566592;19451904;1113788416;0;0;0;0;0;0;0;0;0;0;0;3246;0;0;88;0;20;0;
3330;1962401;979566592;19451904;1113788416;0;0;0;0;0;0;0;0;0;0;0;3016;0;0;88;0;20;0;
3331;1805336;979566592;19451904;1113788416;0;0;0;0;0;0;0;0;0;0;0;3216;0;0;88;0;20;0;
3332;2646423;979566592;19451904;1113788416;0;0;0;0;0;0;0;0;0;0;0;2986;0;0;88;0;20;0;
3333;1551079;979566592;19451904;1113788416;0;0;0;0;0;0;0;0;0;0;0;3016;0;0;88;0;20;0;
3334;2382047;979566592;19451904;1113788416;0;0;0;0;0;0;0;0;0;0;0;2985;0;0;88;0;20;0;
3335;2564450;979566592;19451904;1113788416;0;0;0;0;0;0;0;0;0;0;0;3076;0;0;88;0;20;0;
3336;1429982;979566592;19451904;1113788416;0;0;0;0;0;0;0;0;0;0;0;2946;0;0;88;0;20;0;
3337;1639695;979566592;19451904;1113788416;0;0;0;0;0;0;0;0;0;0;0;3126;0;0;88;0;20;0;
3338;1599409;979566592;19451904;1113788416;0;0;0;0;0;0;0;0;0;0;0;2665;0;0;88;0;20;0;
3339;2668585;979566592;19451904;1113788416;0;0;0;0;0;0;0;0;0;0;0;2895;0;0;88;0;20;0;
3340;1900895;979566592;19451904;1113788416;0;0;0;0;0;0;0;0;0;0;0;2935;0;0;88;0;20;0;
3341;2079761;979566592;19451904;1113788416;0;0;0;0;0;0;0;0;0;0;0;1713;0;0;88;0;20;0;
3342;914765;979566592;19451904;1113788416;0;0;0;0;0;0;0;0;0;0;0;1353;0;0;88;0;20;0;
3343;1906996;979566592;19451904;1113788416;0;0;0;0;0;0;0;0;0;0;0;1923;0;0;88;0;20;0;
3344;1729022;979566592;19451904;1113788416;0;0;0;0;0;0;0;0;0;0;0;1784;0;0;88;0;20;0;
3345;1223685;979566592;19451904;1113788416;0;0;0;0;0;0;0;0;0;0;0;2003;0;0;88;0;20;0;
3346;1045561;979566592;19451904;1113788416;0;0;0;0;0;0;0;0;0;0;0;1603;0;0;88;0;20;0;
3347;4483538;979566592;19451904;1113788416;0;0;0;0;0;0;0;0;0;0;0;2265;0;0;88;0;20;0;
3348;3062864;979566592;19456000;1113792512;0;0;0;0;0;0;0;0;0;0;0;2064;0;0;88;0;20;0;
3349;1089944;979566592;19456000;1113792512;0;0;0;0;0;0;0;0;0;0;0;1753;0;0;88;0;20;0;
3350;1433207;979566592;19456000;1113792512;0;0;0;0;0;0;0;0;0;0;0;1974;0;0;88;0;20;0;
3351;2114996;979566592;19456000;1113792512;0;0;0;0;0;0;0;0;0;0;0;1864;0;0;88;0;20;0;
3352;1374568;979566592;19456000;1113792512;0;0;0;0;0;0;0;0;0;0;0;1623;0;0;88;0;20;0;
3353;1316569;979566592;19456000;1113792512;0;0;0;0;0;0;0;0;0;0;0;2334;0;0;88;0;20;0;
3354;1853777;976953344;13918208;1108254720;0;0;0;0;0;0;0;0;0;0;0;1603;0;0;88;0;20;0;
3355;1033087;976953344;13918208;1108254720;0;0;0;0;0;0;0;0;0;0;0;1703;0;0;88;0;20;0;
3356;968767;976953344;13918208;1108254720;0;0;0;0;0;0;0;0;0;0;0;1393;0;0;88;0;20;0;
3357;1480005;976953344;13918208;1108254720;0;0;0;0;0;0;0;0;0;0;0;1743;0;0;88;0;20;0;
3358;1117947;976953344;13918208;1108254720;0;0;0;0;0;0;0;0;0;0;0;1673;0;0;88;0;20;0;
3359;1119560;976953344;13918208;1108254720;0;0;0;0;0;0;0;0;0;0;0;1332;0;0;88;0;20;0;
3360;862929;976953344;13918208;1108254720;0;0;0;0;0;0;0;0;0;0;0;1323;0;0;88;0;20;0;
3361;1395557;976953344;13918208;1108254720;0;0;0;0;0;0;0;0;0;0;0;1663;0;0;88;0;20;0;
3362;1244243;976953344;13918208;1108254720;0;0;0;0;0;0;0;0;0;0;0;2404;0;0;88;0;20;0;
3363;903534;976953344;13918208;1108254720;0;0;0;0;0;0;0;0;0;0;0;1653;0;0;88;0;20;0;
3364;1176366;976953344;13918208;1108254720;0;0;0;0;0;0;0;0;0;0;0;1613;0;0;88;0;20;0;
3365;4134383;976953344;13918208;1108254720;0;0;0;0;0;0;0;0;0;0;0;1643;0;0;88;0;20;0;
3366;3590193;976953344;13918208;1108254720;0;0;0;0;0;0;0;0;0;0;0;8125;0;0;88;0;20;0;
3367;2048121;976953344;13918208;1108254720;0;0;0;0;0;0;0;0;0;0;0;3507;0;0;88;0;20;0;
3368;2624422;976953344;13918208;1108254720;0;0;0;0;0;0;0;0;0;0;0;2946;0;0;88;0;20;0;
3369;1540028;976953344;13918208;1108254720;0;0;0;0;0;0;0;0;0;0;0;3396;0;0;88;0;20;0;
3370;1760001;976953344;13918208;1108254720;0;0;0;0;0;0;0;0;0;0;0;3116;0;0;88;0;20;0;
3371;2488808;976953344;13918208;1108254720;0;0;0;0;0;0;0;0;0;0;0;3085;0;0;88;0;20;0;
3372;1686833;976953344;13918208;1108254720;0;0;0;0;0;0;0;0;0;0;0;2895;0;0;88;0;20;0;
3373;1540379;976953344;13918208;1108254720;0;0;0;0;0;0;0;0;0;0;0;2805;0;0;88;0;20;0;
3374;2479670;976953344;13918208;1108254720;0;0;0;0;0;0;0;0;0;0;0;2905;0;0;88;0;20;0;
3375;1447194;976953344;13918208;1108254720;0;0;0;0;0;0;0;0;0;0;0;3116;0;0;88;0;20;0;
3376;1577658;976953344;13918208;1108254720;0;0;0;0;0;0;0;0;0;0;0;2655;0;0;88;0;20;0;
3377;4888087;976953344;13918208;1108254720;0;0;0;0;0;0;0;0;0;0;0;3106;0;0;88;0;20;0;
3378;4162747;976953344;13918208;1108254720;0;0;0;0;0;0;0;0;0;0;0;2905;0;0;88;0;20;0;
3379;1645837;976953344;13918208;1108254720;0;0;0;0;0;0;0;0;0;0;0;3056;0;0;88;0;20;0;
3380;2115518;976953344;13918208;1108254720;0;0;0;0;0;0;0;0;0;0;0;3346;0;0;88;0;20;0;
3381;2908394;976953344;13918208;1108254720;0;0;0;0;0;0;0;0;0;0;0;3607;0;0;88;0;20;0;
3382;1610801;976953344;13918208;1108254720;0;0;0;0;0;0;0;0;0;0;0;2986;0;0;88;0;20;0;
3383;1545970;976953344;13918208;1108254720;0;0;0;0;0;0;0;0;0;0;0;2866;0;0;88;0;20;0;
3384;2578084;976953344;13918208;1108254720;0;0;0;0;0;0;0;0;0;0;0;2965;0;0;88;0;20;0;
3385;1839911;976953344;13918208;1108254720;0;0;0;0;0;0;0;0;0;0;0;3046;0;0;88;0;20;0;
3386;1684369;976953344;13918208;1108254720;0;0;0;0;0;0;0;0;0;0;0;3136;0;0;88;0;20;0;
3387;2390123;976953344;13918208;1108254720;0;0;0;0;0;0;0;0;0;0;0;3216;0;0;88;0;20;0;
3388;1572509;976953344;13918208;1108254720;0;0;0;0;0;0;0;0;0;0;0;2785;0;0;88;0;20;0;
3389;1615720;976953344;13918208;1108254720;0;0;0;0;0;0;0;0;0;0;0;2785;0;0;88;0;20;0;
3390;1848096;976953344;13918208;1108254720;0;0;0;0;0;0;0;0;0;0;0;2715;0;0;88;0;20;0;
3391;2282039;976953344;13918208;1108254720;0;0;0;0;0;0;0;0;0;0;0;3186;0;0;88;0;20;0;
3392;1938025;976953344;13918208;1108254720;0;0;0;0;0;0;0;0;0;0;0;2745;0;0;88;0;20;0;
3393;1466881;976953344;13918208;1108254720;0;0;0;0;0;0;0;0;0;0;0;2885;0;0;88;0;20;0;
3394;1579111;976953344;13918208;1108254720;0;0;0;0;0;0;0;0;0;0;0;2766;0;0;88;0;20;0;
3395;4630413;976953344;13918208;1108254720;0;0;0;0;0;0;0;0;0;0;0;2825;0;0;88;0;20;0;
3396;4216707;976953344;13918208;1108254720;0;0;0;0;0;0;0;0;0;0;0;2936;0;0;88;0;20;0;
3397;1594701;976953344;13918208;1108254720;0;0;0;0;0;0;0;0;0;0;0;2916;0;0;88;0;20;0;
3398;1935650;976953344;13918208;1108254720;0;0;0;0;0;0;0;0;0;0;0;2655;0;0;88;0;20;0;
3399;2155422;976953344;13918208;1108254720;0;0;0;0;0;0;0;0;0;0;0;2725;0;0;88;0;20;0;
3400;1845020;976953344;13918208;1108254720;0;0;0;0;0;0;0;0;0;0;0;2845;0;0;88;0;20;0;
3401;1885977;976953344;13918208;1108254720;0;0;0;0;0;0;0;0;0;0;0;2665;0;0;88;0;20;0;
3402;2265218;976949248;13914112;1108250624;0;0;0;0;0;0;0;0;0;0;0;2896;0;0;88;0;20;0;
3403;1916956;976949248;13914112;1108250624;0;0;0;0;0;0;0;0;0;0;0;2915;0;0;88;0;20;0;
3404;1570105;976949248;13914112;1108250624;0;0;0;0;0;0;0;0;0;0;0;2765;0;0;88;0;20;0;
3405;8241075;976949248;13914112;1108250624;0;0;0;0;0;0;0;0;0;0;0;2976;0;0;88;0;20;0;
3406;1588730;976949248;13914112;1108250624;0;0;0;0;0;0;0;0;0;0;0;2846;0;0;88;0;20;0;
3407;1908930;976949248;13914112;1108250624;0;0;0;0;0;0;0;0;0;0;0;3086;0;0;88;0;20;0;
3408;2230584;976949248;13914112;1108250624;0;0;0;0;0;0;0;0;0;0;0;2906;0;0;88;0;20;0;
3409;1352767;976949248;13914112;1108250624;0;0;0;0;0;0;0;0;0;0;0;2675;0;0;88;0;20;0;
3410;1714525;976949248;13914112;1108250624;0;0;0;0;0;0;0;0;0;0;0;2875;0;0;88;0;20;0;
3411;1462323;976949248;13914112;1108250624;0;0;0;0;0;0;0;0;0;0;0;3136;0;0;88;0;20;0;
3412;4746151;976949248;13914112;1108250624;0;0;0;0;0;0;0;0;0;0;0;3226;0;0;88;0;20;0;
3413;4481174;977485824;19456000;1113792512;0;0;0;0;0;0;0;0;0;0;0;2895;0;0;88;0;20;0;
3414;2347162;977485824;19456000;1113792512;0;0;0;0;0;0;0;0;0;0;0;2806;0;0;88;0;20;0;
3415;1700278;977485824;19456000;1113792512;0;0;0;0;0;0;0;0;0;0;0;2735;0;0;88;0;20;0;
3416;1983841;977485824;19456000;1113792512;0;0;0;0;0;0;0;0;0;0;0;1964;0;0;88;0;20;0;
3417;1198428;977485824;19456000;1113792512;0;0;0;0;0;0;0;0;0;0;0;2285;0;0;88;0;20;0;
3418;1159775;977485824;19456000;1113792512;0;0;0;0;0;0;0;0;0;0;0;1943;0;0;88;0;20;0;
3419;1695290;977485824;19456000;1113792512;0;0;0;0;0;0;0;0;0;0;0;1984;0;0;88;0;20;0;
3420;1240416;977485824;19456000;1113792512;0;0;0;0;0;0;0;0;0;0;0;2073;0;0;88;0;20;0;
3421;1437466;977485824;19456000;1113792512;0;0;0;0;0;0;0;0;0;0;0;1984;0;0;88;0;20;0;
3422;2043413;977485824;19456000;1113792512;0;0;0;0;0;0;0;0;0;0;0;1733;0;0;88;0;20;0;
3423;1179212;977485824;19456000;1113792512;0;0;0;0;0;0;0;0;0;0;0;1954;0;0;88;0;20;0;
3424;1085386;977485824;19456000;1113792512;0;0;0;0;0;0;0;0;0;0;0;1883;0;0;88;0;20;0;
3425;1850029;977485824;19456000;1113792512;0;0;0;0;0;0;0;0;0;0;0;2484;0;0;88;0;20;0;
3426;1347136;977485824;19456000;1113792512;0;0;0;0;0;0;0;0;0;0;0;2074;0;0;88;0;20;0;
3427;1426947;977485824;19456000;1113792512;0;0;0;0;0;0;0;0;0;0;0;1713;0;0;88;0;20;0;
3428;1246187;977485824;19456000;1113792512;0;0;0;0;0;0;0;0;0;0;0;1713;0;0;88;0;20;0;
3429;4421633;977485824;19456000;1113792512;0;0;0;0;0;0;0;0;0;0;0;3035;0;0;88;0;20;0;
3430;2426100;977485824;19456000;1113792512;0;0;0;0;0;0;0;0;0;0;0;2194;0;0;88;0;20;0;
3431;1523096;977485824;19456000;1113792512;0;0;0;0;0;0;0;0;0;0;0;2284;0;0;88;0;20;0;
3432;2220725;977485824;19456000;1113792512;0;0;0;0;0;0;0;0;0;0;0;2064;0;0;88;0;20;0;
3433;1240086;977485824;19456000;1113792512;0;0;0;0;0;0;0;0;0;0;0;2104;0;0;88;0;20;0;
3434;1331267;977485824;19456000;1113792512;0;0;0;0;0;0;0;0;0;0;0;2324;0;0;88;0;20;0;
3435;1899302;977485824;19456000;1113792512;0;0;0;0;0;0;0;0;0;0;0;2295;0;0;88;0;20;0;
3436;1362194;977485824;19456000;1113792512;0;0;0;0;0;0;0;0;0;0;0;1974;0;0;88;0;20;0;
3437;1284228;977485824;19456000;1113792512;0;0;0;0;0;0;0;0;0;0;0;1963;0;0;88;0;20;0;
3438;1825593;977485824;19456000;1113792512;0;0;0;0;0;0;0;0;0;0;0;2395;0;0;88;0;20;0;
3439;1243281;977485824;19456000;1113792512;0;0;0;0;0;0;0;0;0;0;0;2344;0;0;88;0;20;0;
3440;1153714;977485824;19456000;1113792512;0;0;0;0;0;0;0;0;0;0;0;2174;0;0;88;0;20;0;
3441;4462579;977485824;19456000;1113792512;0;0;0;0;0;0;0;0;0;0;0;2775;0;0;88;0;20;0;
3442;3212174;977485824;19456000;1113792512;0;0;0;0;0;0;0;0;0;0;0;1873;0;0;88;0;20;0;
3443;1358007;977485824;19456000;1113792512;0;0;0;0;0;0;0;0;0;0;0;2164;0;0;88;0;20;0;
3444;3603278;977485824;19456000;1113792512;0;0;0;0;0;0;0;0;0;0;0;2124;0;0;88;0;20;0;
3445;1513418;977485824;19456000;1113792512;0;0;0;0;0;0;0;0;0;0;0;1963;0;0;88;0;20;0;
3446;1247680;977485824;19456000;1113792512;0;0;0;0;0;0;0;0;0;0;0;2324;0;0;88;0;20;0;
3447;2155112;977485824;19456000;1113792512;0;0;0;0;0;0;0;0;0;0;0;1934;0;0;88;0;20;0;
3448;1587557;977485824;19456000;1113792512;0;0;0;0;0;0;0;0;0;0;0;2124;0;0;88;0;20;0;
3449;1344422;977485824;19456000;1113792512;0;0;0;0;0;0;0;0;0;0;0;2575;0;0;88;0;20;0;
3450;2481513;976953344;13918208;1108254720;0;0;0;0;0;0;0;0;0;0;0;3165;0;0;88;0;20;0;
3451;1722390;976953344;13918208;1108254720;0;0;0;0;0;0;0;0;0;0;0;3267;0;0;88;0;20;0;
3452;1673910;976953344;13918208;1108254720;0;0;0;0;0;0;0;0;0;0;0;2935;0;0;88;0;20;0;
3453;4765798;976953344;13918208;1108254720;0;0;0;0;0;0;0;0;0;0;0;3297;0;0;88;0;20;0;
3454;3667618;976953344;13922304;1108258816;0;0;0;0;0;0;0;0;0;0;0;2946;0;0;88;0;20;0;
3455;1886048;976953344;13922304;1108258816;0;0;0;0;0;0;0;0;0;0;0;3016;0;0;88;0;20;0;
3456;1681713;976953344;13922304;1108258816;0;0;0;0;0;0;0;0;0;0;0;3005;0;0;88;0;20;0;
3457;2627678;976953344;13922304;1108258816;0;0;0;0;0;0;0;0;0;0;0;3135;0;0;88;0;20;0;
3458;1707662;976953344;13922304;1108258816;0;0;0;0;0;0;0;0;0;0;0;3126;0;0;88;0;20;0;
3459;1630348;976953344;13922304;1108258816;0;0;0;0;0;0;0;0;0;0;0;3246;0;0;88;0;20;0;
3460;2428084;976953344;13922304;1108258816;0;0;0;0;0;0;0;0;0;0;0;3256;0;0;88;0;20;0;
3461;1583991;976953344;13922304;1108258816;0;0;0;0;0;0;0;0;0;0;0;2936;0;0;88;0;20;0;
3462;1678688;976953344;13922304;1108258816;0;0;0;0;0;0;0;0;0;0;0;2825;0;0;88;0;20;0;
3463;2262924;976953344;13922304;1108258816;0;0;0;0;0;0;0;0;0;0;0;3106;0;0;88;0;20;0;
3464;1734463;976953344;13922304;1108258816;0;0;0;0;0;0;0;0;0;0;0;2014;0;0;88;0;20;0;
3465;1152781;976953344;13922304;1108258816;0;0;0;0;0;0;0;0;0;0;0;2004;0;0;88;0;20;0;
3466;4636094;976953344;13922304;1108258816;0;0;0;0;0;0;0;0;0;0;0;2425;0;0;88;0;20;0;
3467;3031846;976953344;13922304;1108258816;0;0;0;0;0;0;0;0;0;0;0;2284;0;0;88;0;20;0;
3468;1362515;976953344;13922304;1108258816;0;0;0;0;0;0;0;0;0;0;0;2274;0;0;88;0;20;0;
3469;1669441;976953344;13922304;1108258816;0;0;0;0;0;0;0;0;0;0;0;2234;0;0;88;0;20;0;
3470;2135334;976953344;13922304;1108258816;0;0;0;0;0;0;0;0;0;0;0;2354;0;0;88;0;20;0;
3471;1450460;976953344;13922304;1108258816;0;0;0;0;0;0;0;0;0;0;0;2074;0;0;88;0;20;0;
3472;1291963;976953344;13922304;1108258816;0;0;0;0;0;0;0;0;0;0;0;2154;0;0;88;0;20;0;
3473;2597531;976953344;13922304;1108258816;0;0;0;0;0;0;0;0;0;0;0;3126;0;0;88;0;20;0;
3474;1717681;976953344;13922304;1108258816;0;0;0;0;0;0;0;0;0;0;0;3166;0;0;88;0;20;0;
3475;1658390;976953344;13922304;1108258816;0;0;0;0;0;0;0;0;0;0;0;2755;0;0;88;0;20;0;
3476;2252044;976953344;13922304;1108258816;0;0;0;0;0;0;0;0;0;0;0;2705;0;0;88;0;20;0;
3477;1814794;976953344;13922304;1108258816;0;0;0;0;0;0;0;0;0;0;0;2825;0;0;88;0;20;0;
3478;1565035;976953344;13922304;1108258816;0;0;0;0;0;0;0;0;0;0;0;2054;0;0;88;0;20;0;
3479;4721255;976953344;13922304;1108258816;0;0;0;0;0;0;0;0;0;0;0;2294;0;0;88;0;20;0;
3480;3084705;976953344;13922304;1108258816;0;0;0;0;0;0;0;0;0;0;0;2164;0;0;88;0;20;0;
3481;1431304;976953344;13922304;1108258816;0;0;0;0;0;0;0;0;0;0;0;1964;0;0;88;0;20;0;
3482;1803342;976953344;13922304;1108258816;0;0;0;0;0;0;0;0;0;0;0;2324;0;0;88;0;20;0;
3483;1401188;976953344;13922304;1108258816;0;0;0;0;0;0;0;0;0;0;0;2364;0;0;88;0;20;0;
3484;1181647;976953344;13922304;1108258816;0;0;0;0;0;0;0;0;0;0;0;2284;0;0;88;0;20;0;
3485;2225705;976953344;13922304;1108258816;0;0;0;0;0;0;0;0;0;0;0;2124;0;0;88;0;20;0;
3486;1656396;976953344;13922304;1108258816;0;0;0;0;0;0;0;0;0;0;0;2264;0;0;88;0;20;0;
3487;1945318;976953344;13922304;1108258816;0;0;0;0;0;0;0;0;0;0;0;2835;0;0;88;0;20;0;
3488;3205030;976953344;13918208;1108254720;0;0;0;0;0;0;0;0;0;0;0;2184;0;0;88;0;20;0;
3489;1847134;976953344;13918208;1108254720;0;0;0;0;0;0;0;0;0;0;0;3126;0;0;88;0;20;0;
3490;1558313;976953344;13918208;1108254720;0;0;0;0;0;0;0;0;0;0;0;2876;0;0;88;0;20;0;
3491;5129089;976953344;13918208;1108254720;0;0;0;0;0;0;0;0;0;0;0;2915;0;0;88;0;20;0;
3492;3262058;976953344;13918208;1108254720;0;0;0;0;0;0;0;0;0;0;0;2304;0;0;88;0;20;0;
3493;1591264;976953344;13918208;1108254720;0;0;0;0;0;0;0;0;0;0;0;1944;0;0;88;0;20;0;
3494;2645431;976953344;13918208;1108254720;0;0;0;0;0;0;0;0;0;0;0;2895;0;0;88;0;20;0;
3495;1795878;976953344;13918208;1108254720;0;0;0;0;0;0;0;0;0;0;0;2786;0;0;88;0;20;0;
3496;2341772;976953344;13918208;1108254720;0;0;0;0;0;0;0;0;0;0;0;2935;0;0;88;0;20;0;
3497;2468059;976953344;13918208;1108254720;0;0;0;0;0;0;0;0;0;0;0;2004;0;0;88;0;20;0;
3498;1508689;976953344;13918208;1108254720;0;0;0;0;0;0;0;0;0;0;0;2375;0;0;88;0;20;0;
3499;2292970;976953344;13918208;1108254720;0;0;0;0;0;0;0;0;0;0;0;2234;0;0;88;0;20;0;
3500;2014949;976953344;13918208;1108254720;0;0;0;0;0;0;0;0;0;0;0;2184;0;0;88;0;20;0;
3501;1397240;976953344;13918208;1108254720;0;0;0;0;0;0;0;0;0;0;0;2124;0;0;88;0;20;0;
3502;1431164;976953344;13918208;1108254720;0;0;0;0;0;0;0;0;0;0;0;2094;0;0;88;0;20;0;
3503;5309568;976953344;13918208;1108254720;0;0;0;0;0;0;0;0;0;0;0;3576;0;0;88;0;20;0;
3504;4031691;976953344;13922304;1108258816;0;0;0;0;0;0;0;0;0;0;0;2905;0;0;88;0;20;0;
3505;1473403;976953344;13922304;1108258816;0;0;0;0;0;0;0;0;0;0;0;2044;0;0;88;0;20;0;
3506;1372584;976953344;13922304;1108258816;0;0;0;0;0;0;0;0;0;0;0;1893;0;0;88;0;20;0;
3507;2420339;976953344;13922304;1108258816;0;0;0;0;0;0;0;0;0;0;0;2896;0;0;88;0;20;0;
3508;1832867;976953344;13922304;1108258816;0;0;0;0;0;0;0;0;0;0;0;2825;0;0;88;0;20;0;
3509;2044564;976953344;13922304;1108258816;0;0;0;0;0;0;0;0;0;0;0;2735;0;0;88;0;20;0;
3510;2155793;976953344;13922304;1108258816;0;0;0;0;0;0;0;0;0;0;0;3306;0;0;88;0;20;0;
3511;1983630;976953344;13922304;1108258816;0;0;0;0;0;0;0;0;0;0;0;2966;0;0;88;0;20;0;
3512;1716308;976953344;13922304;1108258816;0;0;0;0;0;0;0;0;0;0;0;3186;0;0;88;0;20;0;
3513;2259327;976953344;13922304;1108258816;0;0;0;0;0;0;0;0;0;0;0;3046;0;0;88;0;20;0;
3514;1744642;976953344;13922304;1108258816;0;0;0;0;0;0;0;0;0;0;0;2334;0;0;88;0;20;0;
3515;1356935;976953344;13922304;1108258816;0;0;0;0;0;0;0;0;0;0;0;2164;0;0;88;0;20;0;
3516;4672483;976953344;13922304;1108258816;0;0;0;0;0;0;0;0;0;0;0;2334;0;0;88;0;20;0;
3517;3025524;976953344;13922304;1108258816;0;0;0;0;0;0;0;0;0;0;0;2224;0;0;88;0;20;0;
3518;1513949;976953344;13922304;1108258816;0;0;0;0;0;0;0;0;0;0;0;2154;0;0;88;0;20;0;
3519;2009208;976953344;13922304;1108258816;0;0;0;0;0;0;0;0;0;0;0;2214;0;0;88;0;20;0;
3520;1732499;976953344;13922304;1108258816;0;0;0;0;0;0;0;0;0;0;0;2164;0;0;88;0;20;0;
3521;1442095;976953344;13922304;1108258816;0;0;0;0;0;0;0;0;0;0;0;2154;0;0;88;0;20;0;
3522;2211136;976953344;13922304;1108258816;0;0;0;0;0;0;0;0;0;0;0;2184;0;0;88;0;20;0;
3523;1581155;976953344;13922304;1108258816;0;0;0;0;0;0;0;0;0;0;0;2324;0;0;88;0;20;0;
3524;1443287;976953344;13922304;1108258816;0;0;0;0;0;0;0;0;0;0;0;2014;0;0;88;0;20;0;
3525;2021952;976953344;13918208;1108254720;0;0;0;0;0;0;0;0;0;0;0;2555;0;0;88;0;20;0;
3526;1684790;976953344;13918208;1108254720;0;0;0;0;0;0;0;0;0;0;0;2064;0;0;88;0;20;0;
3527;1329464;976953344;13918208;1108254720;0;0;0;0;0;0;0;0;0;0;0;2214;0;0;88;0;20;0;
3528;4584488;976953344;13918208;1108254720;0;0;0;0;0;0;0;0;0;0;0;2434;0;0;88;0;20;0;
3529;3022609;976953344;13918208;1108254720;0;0;0;0;0;0;0;0;0;0;0;2395;0;0;88;0;20;0;
3530;1357065;976953344;13918208;1108254720;0;0;0;0;0;0;0;0;0;0;0;2204;0;0;88;0;20;0;
3531;2112522;976953344;13918208;1108254720;0;0;0;0;0;0;0;0;0;0;0;2104;0;0;88;0;20;0;
3532;1280171;976953344;13918208;1108254720;0;0;0;0;0;0;0;0;0;0;0;2284;0;0;88;0;20;0;
3533;1236759;976953344;13918208;1108254720;0;0;0;0;0;0;0;0;0;0;0;2134;0;0;88;0;20;0;
3534;2019768;976953344;13918208;1108254720;0;0;0;0;0;0;0;0;0;0;0;2234;0;0;88;0;20;0;
3535;1382492;976953344;13918208;1108254720;0;0;0;0;0;0;0;0;0;0;0;1934;0;0;88;0;20;0;
3536;1541972;976953344;13918208;1108254720;0;0;0;0;0;0;0;0;0;0;0;2184;0;0;88;0;20;0;
3537;2104036;976953344;13918208;1108254720;0;0;0;0;0;0;0;0;0;0;0;2094;0;0;88;0;20;0;
3538;1918248;976953344;13918208;1108254720;0;0;0;0;0;0;0;0;0;0;0;2405;0;0;88;0;20;0;
3539;1452764;976953344;13918208;1108254720;0;0;0;0;0;0;0;0;0;0;0;2355;0;0;88;0;20;0;
3540;4558629;976953344;13918208;1108254720;0;0;0;0;0;0;0;0;0;0;0;2535;0;0;88;0;20;0;
3541;2720352;976953344;13918208;1108254720;0;0;0;0;0;0;0;0;0;0;0;1984;0;0;88;0;20;0;
3542;1689168;977489920;19456000;1113792512;0;0;0;0;0;0;0;0;0;0;0;2335;0;0;88;0;20;0;
3543;2021801;979587072;19456000;1113792512;0;0;0;0;0;0;0;0;0;0;0;1934;0;0;88;0;20;0;
3544;1253782;979587072;19456000;1113792512;0;0;0;0;0;0;0;0;0;0;0;2364;0;0;88;0;20;0;
3545;1259543;979587072;19456000;1113792512;0;0;0;0;0;0;0;0;0;0;0;2084;0;0;88;0;20;0;
3546;2310984;979587072;19456000;1113792512;0;0;0;0;0;0;0;0;0;0;0;2124;0;0;88;0;20;0;
3547;1322631;979587072;19456000;1113792512;0;0;0;0;0;0;0;0;0;0;0;1993;0;0;88;0;20;0;
3548;1268810;979587072;19456000;1113792512;0;0;0;0;0;0;0;0;0;0;0;2164;0;0;88;0;20;0;
3549;2214383;981684224;19456000;1113792512;0;0;0;0;0;0;0;0;0;0;0;1954;0;0;88;0;20;0;
3550;1609699;981684224;19456000;1113792512;0;0;0;0;0;0;0;0;0;0;0;2956;0;0;88;0;20;0;
3551;1548574;981684224;19456000;1113792512;0;0;0;0;0;0;0;0;0;0;0;3065;0;0;88;0;20;0;
3552;4686589;981684224;19456000;1113792512;0;0;0;0;0;0;0;0;0;0;0;2926;0;0;88;0;20;0;
3553;3605842;981684224;19460096;1113796608;0;0;0;0;0;0;0;0;0;0;0;2885;0;0;88;0;20;0;
3554;1491046;981684224;19460096;1113796608;0;0;0;0;0;0;0;0;0;0;0;2985;0;0;88;0;20;0;
3555;1618856;981684224;19460096;1113796608;0;0;0;0;0;0;0;0;0;0;0;2865;0;0;88;0;20;0;
3556;2468420;982216704;19460096;1113796608;0;0;0;0;0;0;0;0;0;0;0;2635;0;0;88;0;20;0;
3557;1842836;982216704;19460096;1113796608;0;0;0;0;0;0;0;0;0;0;0;2835;0;0;88;0;20;0;
3558;1734062;982216704;19460096;1113796608;0;0;0;0;0;0;0;0;0;0;0;2835;0;0;88;0;20;0;
3559;2382297;982216704;19460096;1113796608;0;0;0;0;0;0;0;0;0;0;0;2745;0;0;88;0;20;0;
3560;1583680;982216704;19460096;1113796608;0;0;0;0;0;0;0;0;0;0;0;2685;0;0;88;0;20;0;
3561;1716770;982216704;19460096;1113796608;0;0;0;0;0;0;0;0;0;0;0;2876;0;0;88;0;20;0;
3562;2598022;982216704;19460096;1113796608;0;0;0;0;0;0;0;0;0;0;0;2695;0;0;88;0;20;0;
3563;1666375;982216704;19460096;1113796608;0;0;0;0;0;0;0;0;0;0;0;2926;0;0;88;0;20;0;
3564;1852965;982216704;19460096;1113796608;0;0;0;0;0;0;0;0;0;0;0;2926;0;0;88;0;20;0;
3565;4711455;982216704;19460096;1113796608;0;0;0;0;0;0;0;0;0;0;0;3217;0;0;88;0;20;0;
3566;3734083;982216704;19460096;1113796608;0;0;0;0;0;0;0;0;0;0;0;2875;0;0;88;0;20;0;
3567;1732028;982216704;19460096;1113796608;0;0;0;0;0;0;0;0;0;0;0;2815;0;0;88;0;20;0;
3568;1994550;982216704;19460096;1113796608;0;0;0;0;0;0;0;0;0;0;0;3116;0;0;88;0;20;0;
3569;2671540;982216704;19460096;1113796608;0;0;0;0;0;0;0;0;0;0;0;3045;0;0;88;0;20;0;
3570;1876770;982216704;19460096;1113796608;0;0;0;0;0;0;0;0;0;0;0;2776;0;0;88;0;20;0;
3571;1697724;982216704;19460096;1113796608;0;0;0;0;0;0;0;0;0;0;0;2715;0;0;88;0;20;0;
3572;2400922;982216704;19460096;1113796608;0;0;0;0;0;0;0;0;0;0;0;2875;0;0;88;0;20;0;
3573;1738400;982216704;19460096;1113796608;0;0;0;0;0;0;0;0;0;0;0;2685;0;0;88;0;20;0;
3574;2200015;982216704;19460096;1113796608;0;0;0;0;0;0;0;0;0;0;0;3537;0;0;88;0;20;0;
3575;3460780;975724544;12845056;1107181568;0;0;0;0;0;0;0;0;0;0;0;2895;0;0;88;0;20;0;
3576;1957441;975724544;12845056;1107181568;0;0;0;0;0;0;0;0;0;0;0;2855;0;0;88;0;20;0;
3577;1637280;975724544;12845056;1107181568;0;0;0;0;0;0;0;0;0;0;0;2815;0;0;88;0;20;0;
3578;5255186;975724544;12845056;1107181568;0;0;0;0;0;0;0;0;0;0;0;3116;0;0;88;0;20;0;
3579;3573041;975724544;12845056;1107181568;0;0;0;0;0;0;0;0;0;0;0;3156;0;0;88;0;20;0;
3580;2454443;975724544;12845056;1107181568;0;0;0;0;0;0;0;0;0;0;0;5931;0;0;88;0;20;0;
3581;1806769;975724544;12845056;1107181568;0;0;0;0;0;0;0;0;0;0;0;1433;0;0;88;0;20;0;
3582;2285406;975724544;12845056;1107181568;0;0;0;0;0;0;0;0;0;0;0;1924;0;0;88;0;20;0;
3583;1393323;975724544;12845056;1107181568;0;0;0;0;0;0;0;0;0;0;0;1824;0;0;88;0;20;0;
3584;1654062;975724544;12845056;1107181568;0;0;0;0;0;0;0;0;0;0;0;1844;0;0;88;0;20;0;
3585;1727209;975724544;12845056;1107181568;0;0;0;0;0;0;0;0;0;0;0;1913;0;0;88;0;20;0;
3586;1307252;975724544;12845056;1107181568;0;0;0;0;0;0;0;0;0;0;0;1563;0;0;88;0;20;0;
3587;2686498;975724544;12845056;1107181568;0;0;0;0;0;0;0;0;0;0;0;7474;0;0;88;0;20;0;
3588;4033585;975724544;12845056;1107181568;0;0;0;0;0;0;0;0;0;0;0;4207;0;0;88;0;20;0;
3589;2387677;975724544;12845056;1107181568;0;0;0;0;0;0;0;0;0;0;0;3386;0;0;88;0;20;0;
3590;1875868;975724544;12845056;1107181568;0;0;0;0;0;0;0;0;0;0;0;3216;0;0;88;0;20;0;
3591;5532876;975724544;12845056;1107181568;0;0;0;0;0;0;0;0;0;0;0;3817;0;0;88;0;20;0;
3592;6198545;975724544;12845056;1107181568;0;0;0;0;0;0;0;0;0;0;0;3517;0;0;88;0;20;0;
3593;2112522;975724544;12845056;1107181568;0;0;0;0;0;0;0;0;0;0;0;3587;0;0;88;0;20;0;
3594;2128782;975724544;12845056;1107181568;0;0;0;0;0;0;0;0;0;0;0;3376;0;0;88;0;20;0;
3595;2801053;975724544;12845056;1107181568;0;0;0;0;0;0;0;0;0;0;0;3556;0;0;88;0;20;0;
3596;2086463;975724544;12845056;1107181568;0;0;0;0;0;0;0;0;0;0;0;3466;0;0;88;0;20;0;
3597;2049203;975724544;12845056;1107181568;0;0;0;0;0;0;0;0;0;0;0;3526;0;0;88;0;20;0;
3598;2488797;975724544;12845056;1107181568;0;0;0;0;0;0;0;0;0;0;0;3406;0;0;88;0;20;0;
3599;1926944;975724544;12845056;1107181568;0;0;0;0;0;0;0;0;0;0;0;3537;0;0;88;0;20;0;
3600;1870709;975724544;12845056;1107181568;0;0;0;0;0;0;0;0;0;0;0;3357;0;0;88;0;20;0;
3601;3207225;975724544;12845056;1107181568;0;0;0;0;0;0;0;0;0;0;0;3848;0;0;88;0;20;0;
3602;1912667;975724544;12845056;1107181568;0;0;0;0;0;0;0;0;0;0;0;3597;0;0;88;0;20;0;
3603;2079490;975724544;12845056;1107181568;0;0;0;0;0;0;0;0;0;0;0;3407;0;0;88;0;20;0;
3604;5173492;975724544;12845056;1107181568;0;0;0;0;0;0;0;0;0;0;0;3376;0;0;88;0;20;0;
3605;6079201;975724544;12845056;1107181568;0;0;0;0;0;0;0;0;0;0;0;3486;0;0;88;0;20;0;
3606;2034225;975724544;12845056;1107181568;0;0;0;0;0;0;0;0;0;0;0;3076;0;0;88;0;20;0;
3607;1901817;975724544;12845056;1107181568;0;0;0;0;0;0;0;0;0;0;0;3096;0;0;88;0;20;0;
3608;2807224;975724544;12845056;1107181568;0;0;0;0;0;0;0;0;0;0;0;3436;0;0;88;0;20;0;
3609;1771883;975724544;12845056;1107181568;0;0;0;0;0;0;0;0;0;0;0;3366;0;0;88;0;20;0;
3610;1793484;975724544;12845056;1107181568;0;0;0;0;0;0;0;0;0;0;0;3296;0;0;88;0;20;0;
3611;2733466;975724544;12845056;1107181568;0;0;0;0;0;0;0;0;0;0;0;3397;0;0;88;0;20;0;
3612;1775700;975724544;12845056;1107181568;0;0;0;0;0;0;0;0;0;0;0;3256;0;0;88;0;20;0;
3613;2264567;975724544;12845056;1107181568;0;0;0;0;0;0;0;0;0;0;0;3377;0;0;88;0;20;0;
3614;2782308;975724544;12845056;1107181568;0;0;0;0;0;0;0;0;0;0;0;3637;0;0;88;0;20;0;
3615;1975835;975724544;12845056;1107181568;0;0;0;0;0;0;0;0;0;0;0;3667;0;0;88;0;20;0;
3616;1753278;975724544;12845056;1107181568;0;0;0;0;0;0;0;0;0;0;0;3106;0;0;88;0;20;0;
3617;5268500;975724544;12845056;1107181568;0;0;0;0;0;0;0;0;0;0;0;3557;0;0;88;0;20;0;
3618;6045257;975724544;12845056;1107181568;0;0;0;0;0;0;0;0;0;0;0;3457;0;0;88;0;20;0;
3619;1655194;975724544;12845056;1107181568;0;0;0;0;0;0;0;0;0;0;0;2114;0;0;88;0;20;0;
3620;1800086;975724544;12845056;1107181568;0;0;0;0;0;0;0;0;0;0;0;2194;0;0;88;0;20;0;
3621;2237497;975724544;12845056;1107181568;0;0;0;0;0;0;0;0;0;0;0;2234;0;0;88;0;20;0;
3622;1654422;975724544;12845056;1107181568;0;0;0;0;0;0;0;0;0;0;0;2204;0;0;88;0;20;0;
3623;1465679;975724544;12845056;1107181568;0;0;0;0;0;0;0;0;0;0;0;9358;0;0;88;0;20;0;
3624;2145073;975724544;12845056;1107181568;0;0;0;0;0;0;0;0;0;0;0;1733;0;0;88;0;20;0;
3625;1764809;975724544;12845056;1107181568;0;0;0;0;0;0;0;0;0;0;0;2064;0;0;88;0;20;0;
3626;1511053;975724544;12845056;1107181568;0;0;0;0;0;0;0;0;0;0;0;2204;0;0;88;0;20;0;
3627;2152546;975724544;12845056;1107181568;0;0;0;0;0;0;0;0;0;0;0;2214;0;0;88;0;20;0;
3628;1587397;975724544;12845056;1107181568;0;0;0;0;0;0;0;0;0;0;0;3246;0;0;88;0;20;0;
3629;1398623;975724544;12845056;1107181568;0;0;0;0;0;0;0;0;0;0;0;2835;0;0;88;0;20;0;
3630;4799682;975724544;12845056;1107181568;0;0;0;0;0;0;0;0;0;0;0;3537;0;0;88;0;20;0;
3631;4646384;975724544;12845056;1107181568;0;0;0;0;0;0;0;0;0;0;0;2625;0;0;88;0;20;0;
3632;2106591;975724544;12845056;1107181568;0;0;0;0;0;0;0;0;0;0;0;2464;0;0;88;0;20;0;
3633;1868124;975724544;12845056;1107181568;0;0;0;0;0;0;0;0;0;0;0;3376;0;0;88;0;20;0;
3634;2380715;975724544;12845056;1107181568;0;0;0;0;0;0;0;0;0;0;0;2895;0;0;88;0;20;0;
3635;1606733;975724544;12845056;1107181568;0;0;0;0;0;0;0;0;0;0;0;3196;0;0;88;0;20;0;
3636;1752347;975724544;12845056;1107181568;0;0;0;0;0;0;0;0;0;0;0;3016;0;0;88;0;20;0;
3637;2231404;975724544;12845056;1107181568;0;0;0;0;0;0;0;0;0;0;0;3166;0;0;88;0;20;0;
3638;1572810;975724544;12845056;1107181568;0;0;0;0;0;0;0;0;0;0;0;2965;0;0;88;0;20;0;
3639;1633884;975724544;12845056;1107181568;0;0;0;0;0;0;0;0;0;0;0;2455;0;0;88;0;20;0;
3640;2824747;975724544;12845056;1107181568;0;0;0;0;0;0;0;0;0;0;0;2775;0;0;88;0;20;0;
3641;2096862;975724544;12845056;1107181568;0;0;0;0;0;0;0;0;0;0;0;3186;0;0;88;0;20;0;
3642;1884595;975724544;12845056;1107181568;0;0;0;0;0;0;0;0;0;0;0;3076;0;0;88;0;20;0;
3643;5353730;975724544;12845056;1107181568;0;0;0;0;0;0;0;0;0;0;0;3968;0;0;88;0;20;0;
3644;4889259;976261120;19460096;1113796608;0;0;0;0;0;0;0;0;0;0;0;3326;0;0;88;0;20;0;
3645;2116109;976261120;19460096;1113796608;0;0;0;0;0;0;0;0;0;0;0;2975;0;0;88;0;20;0;
3646;2253486;976261120;19460096;1113796608;0;0;0;0;0;0;0;0;0;0;0;2955;0;0;88;0;20;0;
3647;2283613;976261120;19460096;1113796608;0;0;0;0;0;0;0;0;0;0;0;2956;0;0;88;0;20;0;
3648;1787332;976261120;19460096;1113796608;0;0;0;0;0;0;0;0;0;0;0;2765;0;0;88;0;20;0;
3649;1888372;976261120;19460096;1113796608;0;0;0;0;0;0;0;0;0;0;0;3005;0;0;88;0;20;0;
3650;2356770;976261120;19460096;1113796608;0;0;0;0;0;0;0;0;0;0;0;2836;0;0;88;0;20;0;
3651;1505112;976261120;19460096;1113796608;0;0;0;0;0;0;0;0;0;0;0;2856;0;0;88;0;20;0;
3652;1886788;976261120;19460096;1113796608;0;0;0;0;0;0;0;0;0;0;0;3327;0;0;88;0;20;0;
3653;2823586;976261120;19460096;1113796608;0;0;0;0;0;0;0;0;0;0;0;3506;0;0;88;0;20;0;
3654;2028524;976261120;19460096;1113796608;0;0;0;0;0;0;0;0;0;0;0;3757;0;0;88;0;20;0;
3655;1959124;976261120;19460096;1113796608;0;0;0;0;0;0;0;0;0;0;0;3757;0;0;88;0;20;0;
3656;5527547;976261120;19460096;1113796608;0;0;0;0;0;0;0;0;0;0;0;3867;0;0;88;0;20;0;
3657;5340035;976261120;19460096;1113796608;0;0;0;0;0;0;0;0;0;0;0;3336;0;0;88;0;20;0;
3658;1974793;976261120;19460096;1113796608;0;0;0;0;0;0;0;0;0;0;0;2825;0;0;88;0;20;0;
3659;1628484;976261120;19460096;1113796608;0;0;0;0;0;0;0;0;0;0;0;3045;0;0;88;0;20;0;
3660;2355608;976261120;19460096;1113796608;0;0;0;0;0;0;0;0;0;0;0;3607;0;0;88;0;20;0;
3661;1875878;976261120;19460096;1113796608;0;0;0;0;0;0;0;0;0;0;0;3106;0;0;88;0;20;0;
3662;2104577;976261120;19460096;1113796608;0;0;0;0;0;0;0;0;0;0;0;2965;0;0;88;0;20;0;
3663;2555051;976261120;19460096;1113796608;0;0;0;0;0;0;0;0;0;0;0;3186;0;0;88;0;20;0;
3664;1847364;976261120;19460096;1113796608;0;0;0;0;0;0;0;0;0;0;0;3046;0;0;88;0;20;0;
3665;1469846;976261120;19460096;1113796608;0;0;0;0;0;0;0;0;0;0;0;2925;0;0;88;0;20;0;
3666;2245812;976261120;19460096;1113796608;0;0;0;0;0;0;0;0;0;0;0;3065;0;0;88;0;20;0;
3667;1510924;976261120;19460096;1113796608;0;0;0;0;0;0;0;0;0;0;0;2264;0;0;88;0;20;0;
3668;1372254;976261120;19460096;1113796608;0;0;0;0;0;0;0;0;0;0;0;2344;0;0;88;0;20;0;
3669;4803358;976261120;19460096;1113796608;0;0;0;0;0;0;0;0;0;0;0;3276;0;0;88;0;20;0;
3670;3492149;976261120;19460096;1113796608;0;0;0;0;0;0;0;0;0;0;0;2344;0;0;88;0;20;0;
3671;1583209;976261120;19460096;1113796608;0;0;0;0;0;0;0;0;0;0;0;2424;0;0;88;0;20;0;
3672;1245155;976261120;19460096;1113796608;0;0;0;0;0;0;0;0;0;0;0;2185;0;0;88;0;20;0;
3673;2283061;976261120;19460096;1113796608;0;0;0;0;0;0;0;0;0;0;0;1953;0;0;88;0;20;0;
3674;1460309;976261120;19460096;1113796608;0;0;0;0;0;0;0;0;0;0;0;1804;0;0;88;0;20;0;
3675;1219507;976261120;19460096;1113796608;0;0;0;0;0;0;0;0;0;0;0;1794;0;0;88;0;20;0;
3676;2090711;976261120;19460096;1113796608;0;0;0;0;0;0;0;0;0;0;0;2114;0;0;88;0;20;0;
3677;1649082;976261120;19460096;1113796608;0;0;0;0;0;0;0;0;0;0;0;1663;0;0;88;0;20;0;
3678;1346405;976261120;19460096;1113796608;0;0;0;0;0;0;0;0;0;0;0;1924;0;0;88;0;20;0;
3679;2186892;976502784;19456000;1113792512;0;0;0;0;0;0;0;0;0;0;0;2004;0;0;88;0;20;0;
3680;1220469;976502784;19456000;1113792512;0;0;0;0;0;0;0;0;0;0;0;2345;0;0;88;0;20;0;
3681;1390799;976502784;19456000;1113792512;0;0;0;0;0;0;0;0;0;0;0;1884;0;0;88;0;20;0;
3682;6005563;976502784;19456000;1113792512;0;0;0;0;0;0;0;0;0;0;0;2515;0;0;88;0;20;0;
3683;4584978;976502784;19460096;1113796608;0;0;0;0;0;0;0;0;0;0;0;2775;0;0;88;0;20;0;
3684;1802390;976502784;19460096;1113796608;0;0;0;0;0;0;0;0;0;0;0;2454;0;0;88;0;20;0;
3685;1513309;976502784;19460096;1113796608;0;0;0;0;0;0;0;0;0;0;0;1973;0;0;88;0;20;0;
3686;2048351;976502784;19460096;1113796608;0;0;0;0;0;0;0;0;0;0;0;2214;0;0;88;0;20;0;
3687;1217473;976502784;19460096;1113796608;0;0;0;0;0;0;0;0;0;0;0;2334;0;0;88;0;20;0;
3688;1407549;976502784;19460096;1113796608;0;0;0;0;0;0;0;0;0;0;0;2314;0;0;88;0;20;0;
3689;1809684;976502784;19460096;1113796608;0;0;0;0;0;0;0;0;0;0;0;2134;0;0;88;0;20;0;
3690;2165130;976502784;19460096;1113796608;0;0;0;0;0;0;0;0;0;0;0;2274;0;0;88;0;20;0;
3691;1335855;976502784;19460096;1113796608;0;0;0;0;0;0;0;0;0;0;0;1843;0;0;88;0;20;0;
3692;2630072;976502784;19460096;1113796608;0;0;0;0;0;0;0;0;0;0;0;2294;0;0;88;0;20;0;
3693;1672025;976502784;19460096;1113796608;0;0;0;0;0;0;0;0;0;0;0;2585;0;0;88;0;20;0;
3694;1702954;976502784;19460096;1113796608;0;0;0;0;0;0;0;0;0;0;0;2535;0;0;88;0;20;0;
3695;4756820;976502784;19460096;1113796608;0;0;0;0;0;0;0;0;0;0;0;2935;0;0;88;0;20;0;
3696;4195818;976502784;19460096;1113796608;0;0;0;0;0;0;0;0;0;0;0;2424;0;0;88;0;20;0;
3697;1774037;976502784;19460096;1113796608;0;0;0;0;0;0;0;0;0;0;0;3046;0;0;88;0;20;0;
3698;1698205;976502784;19460096;1113796608;0;0;0;0;0;0;0;0;0;0;0;3026;0;0;88;0;20;0;
3699;2973496;976502784;19460096;1113796608;0;0;0;0;0;0;0;0;0;0;0;3216;0;0;88;0;20;0;
3700;1892099;976502784;19460096;1113796608;0;0;0;0;0;0;0;0;0;0;0;3176;0;0;88;0;20;0;
3701;1708574;976502784;19460096;1113796608;0;0;0;0;0;0;0;0;0;0;0;2715;0;0;88;0;20;0;
3702;2828805;976502784;19460096;1113796608;0;0;0;0;0;0;0;0;0;0;0;3166;0;0;88;0;20;0;
3703;1578871;976502784;19460096;1113796608;0;0;0;0;0;0;0;0;0;0;0;3095;0;0;88;0;20;0;
3704;1621992;976502784;19460096;1113796608;0;0;0;0;0;0;0;0;0;0;0;2474;0;0;88;0;20;0;
3705;3336287;976502784;19460096;1113796608;0;0;0;0;0;0;0;0;0;0;0;2434;0;0;88;0;20;0;
3706;1926884;976502784;19460096;1113796608;0;0;0;0;0;0;0;0;0;0;0;3086;0;0;88;0;20;0;
3707;1794686;976502784;19460096;1113796608;0;0;0;0;0;0;0;0;0;0;0;2865;0;0;88;0;20;0;
3708;4595118;976502784;19460096;1113796608;0;0;0;0;0;0;0;0;0;0;0;2354;0;0;88;0;20;0;
3709;4295295;976502784;19460096;1113796608;0;0;0;0;0;0;0;0;0;0;0;2094;0;0;88;0;20;0;
3710;2840697;976502784;19460096;1113796608;0;0;0;0;0;0;0;0;0;0;0;7464;0;0;88;0;20;0;
3711;1854969;976502784;19460096;1113796608;0;0;0;0;0;0;0;0;0;0;0;2876;0;0;88;0;20;0;
3712;2548870;976502784;19460096;1113796608;0;0;0;0;0;0;0;0;0;0;0;2775;0;0;88;0;20;0;
3713;1886197;976502784;19460096;1113796608;0;0;0;0;0;0;0;0;0;0;0;2675;0;0;88;0;20;0;
3714;1788874;976502784;19460096;1113796608;0;0;0;0;0;0;0;0;0;0;0;2635;0;0;88;0;20;0;
3715;2423395;976502784;19460096;1113796608;0;0;0;0;0;0;0;0;0;0;0;3176;0;0;88;0;20;0;
3716;1725947;976502784;19460096;1113796608;0;0;0;0;0;0;0;0;0;0;0;2755;0;0;88;0;20;0;
3717;1615429;976502784;19460096;1113796608;0;0;0;0;0;0;0;0;0;0;0;2675;0;0;88;0;20;0;
3718;3542103;976502784;19460096;1113796608;0;0;0;0;0;0;0;0;0;0;0;2976;0;0;88;0;20;0;
3719;1764339;976502784;19460096;1113796608;0;0;0;0;0;0;0;0;0;0;0;2875;0;0;88;0;20;0;
3720;1801479;976502784;19460096;1113796608;0;0;0;0;0;0;0;0;0;0;0;2695;0;0;88;0;20;0;
3721;4590439;976502784;19460096;1113796608;0;0;0;0;0;0;0;0;0;0;0;3166;0;0;88;0;20;0;
3722;4581803;979132416;19460096;1113796608;0;0;0;0;0;0;0;0;0;0;0;2755;0;0;88;0;20;0;
3723;2263394;979132416;19460096;1113796608;0;0;0;0;0;0;0;0;0;0;0;2755;0;0;88;0;20;0;
3724;1602626;979132416;19460096;1113796608;0;0;0;0;0;0;0;0;0;0;0;2244;0;0;88;0;20;0;
3725;2419938;979132416;19460096;1113796608;0;0;0;0;0;0;0;0;0;0;0;2806;0;0;88;0;20;0;
3726;1609809;979132416;19460096;1113796608;0;0;0;0;0;0;0;0;0;0;0;2966;0;0;88;0;20;0;
3727;1703235;979132416;19460096;1113796608;0;0;0;0;0;0;0;0;0;0;0;2665;0;0;88;0;20;0;
3728;2620935;979132416;19460096;1113796608;0;0;0;0;0;0;0;0;0;0;0;2775;0;0;88;0;20;0;
3729;1725867;979132416;19460096;1113796608;0;0;0;0;0;0;0;0;0;0;0;2985;0;0;88;0;20;0;
3730;1704637;979132416;19460096;1113796608;0;0;0;0;0;0;0;0;0;0;0;3066;0;0;88;0;20;0;
3731;3502759;981229568;19460096;1113796608;0;0;0;0;0;0;0;0;0;0;0;3045;0;0;88;0;20;0;
3732;1641097;981229568;19460096;1113796608;0;0;0;0;0;0;0;0;0;0;0;2685;0;0;88;0;20;0;
3733;1470538;981229568;19460096;1113796608;0;0;0;0;0;0;0;0;0;0;0;2665;0;0;88;0;20;0;
3734;4932711;981229568;19460096;1113796608;0;0;0;0;0;0;0;0;0;0;0;2875;0;0;88;0;20;0;
3735;3832667;981229568;19460096;1113796608;0;0;0;0;0;0;0;0;0;0;0;2725;0;0;88;0;20;0;
3736;1538776;981229568;19460096;1113796608;0;0;0;0;0;0;0;0;0;0;0;2745;0;0;88;0;20;0;
3737;2021621;981495808;19460096;1113796608;0;0;0;0;0;0;0;0;0;0;0;2775;0;0;88;0;20;0;
3738;3321008;982036480;19460096;1113796608;0;0;0;0;0;0;0;0;0;0;0;2284;0;0;88;0;20;0;
3739;1629746;982036480;19460096;1113796608;0;0;0;0;0;0;0;0;0;0;0;2665;0;0;88;0;20;0;
3740;1627422;982036480;19460096;1113796608;0;0;0;0;0;0;0;0;0;0;0;2695;0;0;88;0;20;0;
3741;2567646;982036480;19460096;1113796608;0;0;0;0;0;0;0;0;0;0;0;2916;0;0;88;0;20;0;
3742;1639585;982036480;19460096;1113796608;0;0;0;0;0;0;0;0;0;0;0;2575;0;0;88;0;20;0;
3743;1493081;982036480;19460096;1113796608;0;0;0;0;0;0;0;0;0;0;0;2625;0;0;88;0;20;0;
3744;2412163;976625664;13922304;1108258816;0;0;0;0;0;0;0;0;0;0;0;3036;0;0;88;0;20;0;
3745;1773807;976625664;13922304;1108258816;0;0;0;0;0;0;0;0;0;0;0;2625;0;0;88;0;20;0;
3746;2310583;976625664;13922304;1108258816;0;0;0;0;0;0;0;0;0;0;0;3266;0;0;88;0;20;0;
3747;4743807;976625664;13922304;1108258816;0;0;0;0;0;0;0;0;0;0;0;3216;0;0;88;0;20;0;
3748;3669803;976625664;13922304;1108258816;0;0;0;0;0;0;0;0;0;0;0;2695;0;0;88;0;20;0;
3749;1698195;976625664;13922304;1108258816;0;0;0;0;0;0;0;0;0;0;0;3006;0;0;88;0;20;0;
3750;1753389;976625664;13922304;1108258816;0;0;0;0;0;0;0;0;0;0;0;3216;0;0;88;0;20;0;
3751;2194535;976625664;13922304;1108258816;0;0;0;0;0;0;0;0;0;0;0;3146;0;0;88;0;20;0;
3752;1860038;976625664;13922304;1108258816;0;0;0;0;0;0;0;0;0;0;0;2955;0;0;88;0;20;0;
3753;1769038;976625664;13922304;1108258816;0;0;0;0;0;0;0;0;0;0;0;2735;0;0;88;0;20;0;
3754;2009649;976625664;13922304;1108258816;0;0;0;0;0;0;0;0;0;0;0;2816;0;0;88;0;20;0;
3755;1601844;976625664;13922304;1108258816;0;0;0;0;0;0;0;0;0;0;0;2915;0;0;88;0;20;0;
3756;1609799;976625664;13922304;1108258816;0;0;0;0;0;0;0;0;0;0;0;2555;0;0;88;0;20;0;
3757;2510307;976625664;13922304;1108258816;0;0;0;0;0;0;0;0;0;0;0;2986;0;0;88;0;20;0;
3758;1515021;976625664;13922304;1108258816;0;0;0;0;0;0;0;0;0;0;0;2815;0;0;88;0;20;0;
3759;1435803;976625664;13922304;1108258816;0;0;0;0;0;0;0;0;0;0;0;2985;0;0;88;0;20;0;
3760;4943521;976625664;13922304;1108258816;0;0;0;0;0;0;0;0;0;0;0;3106;0;0;88;0;20;0;
3761;4867768;976625664;13922304;1108258816;0;0;0;0;0;0;0;0;0;0;0;2886;0;0;88;0;20;0;
3762;2176682;976625664;13922304;1108258816;0;0;0;0;0;0;0;0;0;0;0;2835;0;0;88;0;20;0;
3763;2145504;976625664;13922304;1108258816;0;0;0;0;0;0;0;0;0;0;0;2765;0;0;88;0;20;0;
3764;2598834;976625664;13922304;1108258816;0;0;0;0;0;0;0;0;0;0;0;2886;0;0;88;0;20;0;
3765;1698896;976625664;13922304;1108258816;0;0;0;0;0;0;0;0;0;0;0;2986;0;0;88;0;20;0;
3766;1669090;976625664;13922304;1108258816;0;0;0;0;0;0;0;0;0;0;0;2816;0;0;88;0;20;0;
3767;2965832;976625664;13922304;1108258816;0;0;0;0;0;0;0;0;0;0;0;2735;0;0;88;0;20;0;
3768;1917606;976625664;13922304;1108258816;0;0;0;0;0;0;0;0;0;0;0;2995;0;0;88;0;20;0;
3769;1491528;976625664;13922304;1108258816;0;0;0;0;0;0;0;0;0;0;0;3115;0;0;88;0;20;0;
3770;3020184;976625664;13922304;1108258816;0;0;0;0;0;0;0;0;0;0;0;2996;0;0;88;0;20;0;
3771;1530481;976625664;13922304;1108258816;0;0;0;0;0;0;0;0;0;0;0;3036;0;0;88;0;20;0;
3772;1649713;976625664;13922304;1108258816;0;0;0;0;0;0;0;0;0;0;0;2935;0;0;88;0;20;0;
3773;5033790;976625664;13922304;1108258816;0;0;0;0;0;0;0;0;0;0;0;3116;0;0;88;0;20;0;
3774;4646243;976625664;13922304;1108258816;0;0;0;0;0;0;0;0;0;0;0;2866;0;0;88;0;20;0;
3775;1673138;976625664;13922304;1108258816;0;0;0;0;0;0;0;0;0;0;0;2765;0;0;88;0;20;0;
3776;2034064;976625664;13922304;1108258816;0;0;0;0;0;0;0;0;0;0;0;5099;0;0;88;0;23;0;
3777;2564790;976625664;13922304;1108258816;0;0;0;0;0;0;0;0;0;0;0;3076;0;0;88;0;23;0;
3778;1624637;976625664;13922304;1108258816;0;0;0;0;0;0;0;0;0;0;0;2605;0;0;88;0;23;0;
3779;1373285;976625664;13922304;1108258816;0;0;0;0;0;0;0;0;0;0;0;2996;0;0;88;0;23;0;
3780;2437612;976625664;13922304;1108258816;0;0;0;0;0;0;0;0;0;0;0;3306;0;0;88;0;23;0;
3781;1708064;976625664;13922304;1108258816;0;0;0;0;0;0;0;0;0;0;0;2946;0;0;88;0;23;0;
3782;1560577;976625664;13922304;1108258816;0;0;0;0;0;0;0;0;0;0;0;2945;0;0;88;0;23;0;
3783;3043538;976625664;13922304;1108258816;0;0;0;0;0;0;0;0;0;0;0;2374;0;0;88;0;23;0;
3784;1560046;976625664;13922304;1108258816;0;0;0;0;0;0;0;0;0;0;0;3075;0;0;88;0;23;0;
3785;1449879;976625664;13922304;1108258816;0;0;0;0;0;0;0;0;0;0;0;2825;0;0;88;0;23;0;
3786;5742319;976625664;13922304;1108258816;0;0;0;0;0;0;0;0;0;0;0;3747;0;0;88;0;23;0;
3787;3717322;976625664;13922304;1108258816;0;0;0;0;0;0;0;0;0;0;0;2745;0;0;88;0;23;0;
3788;1815384;976625664;13922304;1108258816;0;0;0;0;0;0;0;0;0;0;0;3216;0;0;88;0;23;0;
3789;1764750;976625664;13922304;1108258816;0;0;0;0;0;0;0;0;0;0;0;2986;0;0;88;0;23;0;
3790;2309492;976625664;13922304;1108258816;0;0;0;0;0;0;0;0;0;0;0;3216;0;0;88;0;23;0;
3791;1823510;976625664;13922304;1108258816;0;0;0;0;0;0;0;0;0;0;0;2895;0;0;88;0;23;0;
3792;2737724;976625664;13922304;1108258816;0;0;0;0;0;0;0;0;0;0;0;2845;0;0;88;0;23;0;
3793;2207580;976625664;13922304;1108258816;0;0;0;0;0;0;0;0;0;0;0;2615;0;0;88;0;23;0;
3794;1751405;976625664;13922304;1108258816;0;0;0;0;0;0;0;0;0;0;0;2254;0;0;88;0;23;0;
3795;1563031;976625664;13922304;1108258816;0;0;0;0;0;0;0;0;0;0;0;2645;0;0;88;0;23;0;
3796;2161344;976625664;13922304;1108258816;0;0;0;0;0;0;0;0;0;0;0;2615;0;0;88;0;23;0;
3797;1671735;976625664;13922304;1108258816;0;0;0;0;0;0;0;0;0;0;0;2685;0;0;88;0;23;0;
3798;2631505;976625664;13922304;1108258816;0;0;0;0;0;0;0;0;0;0;0;2695;0;0;88;0;23;0;
3799;5064318;976625664;13922304;1108258816;0;0;0;0;0;0;0;0;0;0;0;4739;0;0;88;0;24;0;
3800;3675984;976625664;13922304;1108258816;0;0;0;0;0;0;0;0;0;0;0;3096;0;0;88;0;24;0;
3801;2041799;976625664;13922304;1108258816;0;0;0;0;0;0;0;0;0;0;0;2875;0;0;88;0;24;0;
3802;2451758;976625664;13922304;1108258816;0;0;0;0;0;0;0;0;0;0;0;3016;0;0;88;0;24;0;
3803;4054093;976625664;13922304;1108258816;0;0;0;0;0;0;0;0;0;0;0;7684;0;0;88;0;24;0;
3804;2865434;976625664;13922304;1108258816;0;0;0;0;0;0;0;0;0;0;0;2906;0;0;88;0;24;0;
3805;2067417;976625664;13922304;1108258816;0;0;0;0;0;0;0;0;0;0;0;3867;0;0;88;0;24;0;
3806;2882115;976625664;13922304;1108258816;0;0;0;0;0;0;0;0;0;0;0;2204;0;0;88;0;24;0;
3807;1979443;976625664;13922304;1108258816;0;0;0;0;0;0;0;0;0;0;0;2164;0;0;88;0;24;0;
3808;1663390;976625664;13922304;1108258816;0;0;0;0;0;0;0;0;0;0;0;2766;0;0;88;0;24;0;
3809;3085848;976625664;13922304;1108258816;0;0;0;0;0;0;0;0;0;0;0;124073;0;0;88;0;24;0;
3810;2005381;976625664;13922304;1108258816;0;0;0;0;0;0;0;0;0;0;0;3346;0;0;88;0;24;0;
3811;2108064;976625664;13922304;1108258816;0;0;0;0;0;0;0;0;0;0;0;3286;0;0;88;0;24;0;
3812;5507699;976625664;13922304;1108258816;0;0;0;0;0;0;0;0;0;0;0;3707;0;0;88;0;24;0;
3813;6150094;976625664;13922304;1108258816;0;0;0;0;0;0;0;0;0;0;0;3697;0;0;88;0;24;0;
3814;2071935;976625664;13922304;1108258816;0;0;0;0;0;0;0;0;0;0;0;2304;0;0;88;0;24;0;
3815;1512096;976625664;13922304;1108258816;0;0;0;0;0;0;0;0;0;0;0;2194;0;0;88;0;24;0;
3816;2646323;976625664;13922304;1108258816;0;0;0;0;0;0;0;0;0;0;0;2996;0;0;88;0;24;0;
3817;1573731;976625664;13922304;1108258816;0;0;0;0;0;0;0;0;0;0;0;3105;0;0;88;0;24;0;
3818;1791690;976625664;13922304;1108258816;0;0;0;0;0;0;0;0;0;0;0;2014;0;0;88;0;24;0;
3819;2860785;976625664;13922304;1108258816;0;0;0;0;0;0;0;0;0;0;0;2915;0;0;88;0;24;0;
3820;1966738;976625664;13922304;1108258816;0;0;0;0;0;0;0;0;0;0;0;3276;0;0;88;0;24;0;
3821;1926843;976625664;13922304;1108258816;0;0;0;0;0;0;0;0;0;0;0;2886;0;0;88;0;24;0;
3822;2851728;976625664;13922304;1108258816;0;0;0;0;0;0;0;0;0;0;0;2986;0;0;88;0;24;0;
3823;1811427;976625664;13922304;1108258816;0;0;0;0;0;0;0;0;0;0;0;2786;0;0;88;0;24;0;
3824;1617453;976625664;13922304;1108258816;0;0;0;0;0;0;0;0;0;0;0;3016;0;0;88;0;24;0;
3825;5465790;976625664;13922304;1108258816;0;0;0;0;0;0;0;0;0;0;0;4018;0;0;88;0;24;0;
3826;12437435;976625664;13922304;1108258816;0;0;0;0;0;0;0;0;0;0;0;3506;0;0;88;0;24;0;
3827;2499798;976625664;13922304;1108258816;0;0;0;0;0;0;0;0;0;0;0;4949;0;0;88;0;25;0;
3828;2005511;976625664;13922304;1108258816;0;0;0;0;0;0;0;0;0;0;0;3136;0;0;88;0;25;0;
3829;2875323;976625664;13922304;1108258816;0;0;0;0;0;0;0;0;0;0;0;2945;0;0;88;0;25;0;
3830;2667662;976625664;13922304;1108258816;0;0;0;0;0;0;0;0;0;0;0;2835;0;0;88;0;25;0;
3831;1840241;976625664;13922304;1108258816;0;0;0;0;0;0;0;0;0;0;0;3527;0;0;88;0;25;0;
3832;2611127;976625664;13922304;1108258816;0;0;0;0;0;0;0;0;0;0;0;3206;0;0;88;0;25;0;
3833;1786400;976625664;13922304;1108258816;0;0;0;0;0;0;0;0;0;0;0;2865;0;0;88;0;25;0;
3834;1678899;976625664;13922304;1108258816;0;0;0;0;0;0;0;0;0;0;0;2875;0;0;88;0;25;0;
3835;3187507;976625664;13922304;1108258816;0;0;0;0;0;0;0;0;0;0;0;3186;0;0;88;0;25;0;
3836;1835623;976625664;13922304;1108258816;0;0;0;0;0;0;0;0;0;0;0;2044;0;0;88;0;25;0;
3837;1525521;976625664;13922304;1108258816;0;0;0;0;0;0;0;0;0;0;0;2014;0;0;88;0;25;0;
3838;4788951;976625664;13922304;1108258816;0;0;0;0;0;0;0;0;0;0;0;2354;0;0;88;0;25;0;
3839;3805396;976625664;13922304;1108258816;0;0;0;0;0;0;0;0;0;0;0;2875;0;0;88;0;25;0;
3840;2002666;976625664;13922304;1108258816;0;0;0;0;0;0;0;0;0;0;0;2044;0;0;88;0;25;0;
3841;3639385;976625664;13922304;1108258816;0;0;0;0;0;0;0;0;0;0;0;2736;0;0;88;0;25;0;
3842;2386336;976625664;13922304;1108258816;0;0;0;0;0;0;0;0;0;0;0;3196;0;0;88;0;25;0;
3843;2239360;976625664;13922304;1108258816;0;0;0;0;0;0;0;0;0;0;0;2745;0;0;88;0;25;0;
3844;2818586;976625664;13922304;1108258816;0;0;0;0;0;0;0;0;0;0;0;2895;0;0;88;0;25;0;
3845;2048973;976625664;13922304;1108258816;0;0;0;0;0;0;0;0;0;0;0;2976;0;0;88;0;25;0;
3846;1873634;976625664;13922304;1108258816;0;0;0;0;0;0;0;0;0;0;0;3186;0;0;88;0;25;0;
3847;3050181;976797696;13918208;1108254720;0;0;0;0;0;0;0;0;0;0;0;2956;0;0;88;0;25;0;
3848;2901632;976797696;13918208;1108254720;0;0;0;0;0;0;0;0;0;0;0;3045;0;0;88;0;25;0;
3849;2080461;976797696;13918208;1108254720;0;0;0;0;0;0;0;0;0;0;0;3196;0;0;88;0;25;0;
3850;5009545;976797696;13918208;1108254720;0;0;0;0;0;0;0;0;0;0;0;3517;0;0;88;0;25;0;
3851;4830148;976797696;13922304;1108258816;0;0;0;0;0;0;0;0;0;0;0;2966;0;0;88;0;25;0;
3852;2639680;976797696;13922304;1108258816;0;0;0;0;0;0;0;0;0;0;0;3256;0;0;88;0;25;0;
3853;2663976;976797696;13922304;1108258816;0;0;0;0;0;0;0;0;0;0;0;3226;0;0;88;0;25;0;
3854;3137213;976797696;13922304;1108258816;0;0;0;0;0;0;0;0;0;0;0;3286;0;0;88;0;25;0;
3855;2221075;976797696;13922304;1108258816;0;0;0;0;0;0;0;0;0;0;0;3446;0;0;88;0;25;0;
3856;2296376;976797696;13922304;1108258816;0;0;0;0;0;0;0;0;0;0;0;4839;0;0;88;0;26;0;
3857;3386821;976797696;13922304;1108258816;0;0;0;0;0;0;0;0;0;0;0;3036;0;0;88;0;26;0;
3858;2323347;976797696;13922304;1108258816;0;0;0;0;0;0;0;0;0;0;0;2895;0;0;88;0;26;0;
3859;2400693;976797696;13922304;1108258816;0;0;0;0;0;0;0;0;0;0;0;3075;0;0;88;0;26;0;
3860;2954260;976797696;13922304;1108258816;0;0;0;0;0;0;0;0;0;0;0;3005;0;0;88;0;26;0;
3861;2385975;976797696;13922304;1108258816;0;0;0;0;0;0;0;0;0;0;0;2766;0;0;88;0;26;0;
3862;2634851;976797696;13922304;1108258816;0;0;0;0;0;0;0;0;0;0;0;2785;0;0;88;0;26;0;
3863;6036571;976797696;13922304;1108258816;0;0;0;0;0;0;0;0;0;0;0;3256;0;0;88;0;26;0;
3864;4758815;976797696;13922304;1108258816;0;0;0;0;0;0;0;0;0;0;0;2925;0;0;88;0;26;0;
3865;1970486;976797696;13922304;1108258816;0;0;0;0;0;0;0;0;0;0;0;3306;0;0;88;0;26;0;
3866;2086182;976797696;13922304;1108258816;0;0;0;0;0;0;0;0;0;0;0;3166;0;0;88;0;26;0;
3867;2627107;976797696;13922304;1108258816;0;0;0;0;0;0;0;0;0;0;0;3096;0;0;88;0;26;0;
3868;1806488;976797696;13922304;1108258816;0;0;0;0;0;0;0;0;0;0;0;2935;0;0;88;0;26;0;
3869;1469526;976797696;13922304;1108258816;0;0;0;0;0;0;0;0;0;0;0;3266;0;0;88;0;26;0;
3870;2151535;976797696;13922304;1108258816;0;0;0;0;0;0;0;0;0;0;0;1914;0;0;88;0;26;0;
3871;1531542;976797696;13922304;1108258816;0;0;0;0;0;0;0;0;0;0;0;2104;0;0;88;0;26;0;
3872;1410334;976797696;13922304;1108258816;0;0;0;0;0;0;0;0;0;0;0;2024;0;0;88;0;26;0;
3873;2105910;976797696;13922304;1108258816;0;0;0;0;0;0;0;0;0;0;0;1913;0;0;88;0;26;0;
3874;1287394;976797696;13922304;1108258816;0;0;0;0;0;0;0;0;0;0;0;2535;0;0;88;0;26;0;
3875;1126993;976797696;13922304;1108258816;0;0;0;0;0;0;0;0;0;0;0;2064;0;0;88;0;26;0;
3876;4726444;976797696;13922304;1108258816;0;0;0;0;0;0;0;0;0;0;0;3066;0;0;88;0;26;0;
3877;4940515;976797696;13922304;1108258816;0;0;0;0;0;0;0;0;0;0;0;4930;0;0;88;0;27;0;
3878;2825539;976797696;13922304;1108258816;0;0;0;0;0;0;0;0;0;0;0;3216;0;0;88;0;27;0;
3879;10812708;976797696;13922304;1108258816;0;0;0;0;0;0;0;0;0;0;0;3317;0;0;88;0;27;0;
3880;3288958;976797696;13922304;1108258816;0;0;0;0;0;0;0;0;0;0;0;4238;0;0;88;0;28;0;
3881;1816156;976797696;13922304;1108258816;0;0;0;0;0;0;0;0;0;0;0;2956;0;0;88;0;28;0;
3882;2128382;976797696;13922304;1108258816;0;0;0;0;0;0;0;0;0;0;0;2886;0;0;88;0;28;0;
3883;2622237;976797696;13922304;1108258816;0;0;0;0;0;0;0;0;0;0;0;2485;0;0;88;0;28;0;
3884;1081488;976797696;13922304;1108258816;0;0;0;0;0;0;0;0;0;0;0;2214;0;0;88;0;28;0;
3885;1971567;976797696;13922304;1108258816;0;0;0;0;0;0;0;0;0;0;0;2024;0;0;88;0;28;0;
3886;2174468;976797696;13922304;1108258816;0;0;0;0;0;0;0;0;0;0;0;2024;0;0;88;0;28;0;
3887;1376963;976797696;13922304;1108258816;0;0;0;0;0;0;0;0;0;0;0;2344;0;0;88;0;28;0;
3888;1745172;976797696;13922304;1108258816;0;0;0;0;0;0;0;0;0;0;0;2124;0;0;88;0;28;0;
3889;4872638;976797696;13922304;1108258816;0;0;0;0;0;0;0;0;0;0;0;3155;0;0;88;0;28;0;
3890;3830033;976797696;13922304;1108258816;0;0;0;0;0;0;0;0;0;0;0;2574;0;0;88;0;28;0;
3891;1471209;976797696;13922304;1108258816;0;0;0;0;0;0;0;0;0;0;0;2104;0;0;88;0;28;0;
3892;1171978;976797696;13922304;1108258816;0;0;0;0;0;0;0;0;0;0;0;2364;0;0;88;0;28;0;
3893;2787908;976797696;13922304;1108258816;0;0;0;0;0;0;0;0;0;0;0;2916;0;0;88;0;28;0;
3894;1951961;976797696;13922304;1108258816;0;0;0;0;0;0;0;0;0;0;0;2785;0;0;88;0;28;0;
3895;1541501;976797696;13922304;1108258816;0;0;0;0;0;0;0;0;0;0;0;4198;0;0;88;0;28;0;
3896;3328282;976797696;13922304;1108258816;0;0;0;0;0;0;0;0;0;0;0;3316;0;0;88;0;28;0;
3897;2275117;976797696;13922304;1108258816;0;0;0;0;0;0;0;0;0;0;0;2214;0;0;88;0;28;0;
3898;2041699;976797696;13922304;1108258816;0;0;0;0;0;0;0;0;0;0;0;2285;0;0;88;0;28;0;
3899;2036409;976797696;13922304;1108258816;0;0;0;0;0;0;0;0;0;0;0;2083;0;0;88;0;28;0;
3900;1865258;976797696;13922304;1108258816;0;0;0;0;0;0;0;0;0;0;0;3467;0;0;88;0;29;0;
3901;1437887;976797696;13922304;1108258816;0;0;0;0;0;0;0;0;0;0;0;2254;0;0;88;0;29;0;
3902;4856818;976797696;13922304;1108258816;0;0;0;0;0;0;0;0;0;0;0;2735;0;0;88;0;29;0;
3903;4306476;977063936;13922304;1108258816;0;0;0;0;0;0;0;0;0;0;0;2084;0;0;88;0;29;0;
3904;2178475;977063936;13922304;1108258816;0;0;0;0;0;0;0;0;0;0;0;12603;0;0;88;0;29;0;
3905;1753989;977063936;13922304;1108258816;0;0;0;0;0;0;0;0;0;0;0;3426;0;0;88;0;29;0;
3906;3138346;977063936;13922304;1108258816;0;0;0;0;0;0;0;0;0;0;0;2955;0;0;88;0;29;0;
3907;1828739;977063936;13922304;1108258816;0;0;0;0;0;0;0;0;0;0;0;2926;0;0;88;0;29;0;
3908;1674029;977063936;13922304;1108258816;0;0;0;0;0;0;0;0;0;0;0;2845;0;0;88;0;29;0;
3909;3160497;977063936;13922304;1108258816;0;0;0;0;0;0;0;0;0;0;0;2926;0;0;88;0;29;0;
3910;1949316;977063936;13922304;1108258816;0;0;0;0;0;0;0;0;0;0;0;2845;0;0;88;0;29;0;
3911;1820855;977063936;13922304;1108258816;0;0;0;0;0;0;0;0;0;0;0;2765;0;0;88;0;29;0;
3912;2824337;977063936;13922304;1108258816;0;0;0;0;0;0;0;0;0;0;0;2745;0;0;88;0;29;0;
3913;2251292;977063936;13922304;1108258816;0;0;0;0;0;0;0;0;0;0;0;3046;0;0;88;0;29;0;
3914;2255330;977063936;13922304;1108258816;0;0;0;0;0;0;0;0;0;0;0;3467;0;0;88;0;29;0;
3915;5427879;977063936;13922304;1108258816;0;0;0;0;0;0;0;0;0;0;0;3637;0;0;88;0;29;0;
3916;6550946;977063936;13922304;1108258816;0;0;0;0;0;0;0;0;0;0;0;3617;0;0;88;0;29;0;
3917;2403557;977063936;13922304;1108258816;0;0;0;0;0;0;0;0;0;0;0;5089;0;0;88;0;30;0;
3918;2118463;977063936;13922304;1108258816;0;0;0;0;0;0;0;0;0;0;0;3176;0;0;88;0;30;0;
3919;3401769;977063936;13922304;1108258816;0;0;0;0;0;0;0;0;0;0;0;2825;0;0;88;0;30;0;
3920;1951359;977063936;13922304;1108258816;0;0;0;0;0;0;0;0;0;0;0;3297;0;0;88;0;30;0;
3921;2121208;977063936;13922304;1108258816;0;0;0;0;0;0;0;0;0;0;0;2946;0;0;88;0;30;0;
3922;2953529;977063936;13922304;1108258816;0;0;0;0;0;0;0;0;0;0;0;2876;0;0;88;0;30;0;
3923;2412895;977063936;13922304;1108258816;0;0;0;0;0;0;0;0;0;0;0;3116;0;0;88;0;30;0;
3924;2164910;977063936;13922304;1108258816;0;0;0;0;0;0;0;0;0;0;0;2886;0;0;88;0;30;0;
3925;3701121;977063936;13922304;1108258816;0;0;0;0;0;0;0;0;0;0;0;3296;0;0;88;0;30;0;
3926;2793138;977063936;13922304;1108258816;0;0;0;0;0;0;0;0;0;0;0;3517;0;0;88;0;30;0;
3927;2455455;977063936;13922304;1108258816;0;0;0;0;0;0;0;0;0;0;0;81112;0;0;88;0;30;0;
3928;6232899;977063936;13922304;1108258816;0;0;0;0;0;0;0;0;0;0;0;4037;0;0;88;0;30;0;
3929;6061879;977063936;13922304;1108258816;0;0;0;0;0;0;0;0;0;0;0;3396;0;0;88;0;30;0;
3930;3359661;977063936;13922304;1108258816;0;0;0;0;0;0;0;0;0;0;0;3316;0;0;88;0;30;0;
3931;2755828;977063936;13922304;1108258816;0;0;0;0;0;0;0;0;0;0;0;3096;0;0;88;0;30;0;
3932;2756439;977063936;13922304;1108258816;0;0;0;0;0;0;0;0;0;0;0;2995;0;0;88;0;30;0;
3933;1930601;977063936;13922304;1108258816;0;0;0;0;0;0;0;0;0;0;0;2955;0;0;88;0;30;0;
3934;1719174;977063936;13922304;1108258816;0;0;0;0;0;0;0;0;0;0;0;3236;0;0;88;0;30;0;
3935;3138466;977063936;13922304;1108258816;0;0;0;0;0;0;0;0;0;0;0;2795;0;0;88;0;30;0;
3936;2724840;977063936;13922304;1108258816;0;0;0;0;0;0;0;0;0;0;0;3346;0;0;88;0;30;0;
3937;2131608;977063936;13922304;1108258816;0;0;0;0;0;0;0;0;0;0;0;3006;0;0;88;0;30;0;
3938;3525421;977063936;13922304;1108258816;0;0;0;0;0;0;0;0;0;0;0;2786;0;0;88;0;30;0;
3939;2930756;977063936;13922304;1108258816;0;0;0;0;0;0;0;0;0;0;0;6101;0;0;88;0;30;0;
3940;2068279;977063936;13922304;1108258816;0;0;0;0;0;0;0;0;0;0;0;1823;0;0;88;0;30;0;
3941;5322943;977063936;13922304;1108258816;0;0;0;0;0;0;0;0;0;0;0;2134;0;0;88;0;30;0;
3942;4264607;977063936;13922304;1108258816;0;0;0;0;0;0;0;0;0;0;0;1663;0;0;88;0;30;0;
3943;1671515;977063936;13922304;1108258816;0;0;0;0;0;0;0;0;0;0;0;1523;0;0;88;0;30;0;
3944;2250591;977063936;13922304;1108258816;0;0;0;0;0;0;0;0;0;0;0;1803;0;0;88;0;30;0;
3945;3324615;977063936;13922304;1108258816;0;0;0;0;0;0;0;0;0;0;0;2705;0;0;88;0;30;0;
3946;2483247;977063936;13922304;1108258816;0;0;0;0;0;0;0;0;0;0;0;2605;0;0;88;0;30;0;
3947;2164769;977063936;13922304;1108258816;0;0;0;0;0;0;0;0;0;0;0;2685;0;0;88;0;30;0;
3948;2955052;977063936;13922304;1108258816;0;0;0;0;0;0;0;0;0;0;0;2645;0;0;88;0;30;0;
3949;1506636;977063936;13922304;1108258816;0;0;0;0;0;0;0;0;0;0;0;2686;0;0;88;0;30;0;
3950;1386290;977063936;13922304;1108258816;0;0;0;0;0;0;0;0;0;0;0;2685;0;0;88;0;30;0;
3951;2298691;977063936;13922304;1108258816;0;0;0;0;0;0;0;0;0;0;0;2946;0;0;88;0;30;0;
3952;2272522;977063936;13922304;1108258816;0;0;0;0;0;0;0;0;0;0;0;2675;0;0;88;0;30;0;
3953;2374002;977063936;13922304;1108258816;0;0;0;0;0;0;0;0;0;0;0;3055;0;0;88;0;30;0;
3954;5318935;977063936;13922304;1108258816;0;0;0;0;0;0;0;0;0;0;0;2925;0;0;88;0;30;0;
3955;3673970;977063936;13922304;1108258816;0;0;0;0;0;0;0;0;0;0;0;2715;0;0;88;0;30;0;
3956;1789305;977063936;13922304;1108258816;0;0;0;0;0;0;0;0;0;0;0;2664;0;0;88;0;30;0;
3957;2607510;977063936;13922304;1108258816;0;0;0;0;0;0;0;0;0;0;0;2725;0;0;88;0;30;0;
3958;2618691;977063936;13922304;1108258816;0;0;0;0;0;0;0;0;0;0;0;2635;0;0;88;0;30;0;
3959;2168286;977063936;13922304;1108258816;0;0;0;0;0;0;0;0;0;0;0;2965;0;0;88;0;30;0;
3960;2614383;977063936;13922304;1108258816;0;0;0;0;0;0;0;0;0;0;0;3036;0;0;88;0;30;0;
3961;1640727;977063936;13922304;1108258816;0;0;0;0;0;0;0;0;0;0;0;2805;0;0;88;0;30;0;
3962;1633483;977063936;13922304;1108258816;0;0;0;0;0;0;0;0;0;0;0;2765;0;0;88;0;30;0;
3963;2628419;977223680;13914112;1108250624;0;0;0;0;0;0;0;0;0;0;0;2825;0;0;88;0;30;0;
3964;2404099;977223680;13914112;1108250624;0;0;0;0;0;0;0;0;0;0;0;5760;0;0;88;0;30;0;
3965;1477731;977223680;13914112;1108250624;0;0;0;0;0;0;0;0;0;0;0;2024;0;0;88;0;30;0;
3966;5038028;977223680;13914112;1108250624;0;0;0;0;0;0;0;0;0;0;0;2705;0;0;88;0;30;0;
3967;4638098;977223680;13918208;1108254720;0;0;0;0;0;0;0;0;0;0;0;2164;0;0;88;0;30;0;
3968;1690090;977223680;13918208;1108254720;0;0;0;0;0;0;0;0;0;0;0;2435;0;0;88;0;30;0;
3969;1806047;977223680;13918208;1108254720;0;0;0;0;0;0;0;0;0;0;0;1893;0;0;88;0;30;0;
3970;2635492;977223680;13918208;1108254720;0;0;0;0;0;0;0;0;0;0;0;2414;0;0;88;0;30;0;
3971;2438593;977223680;13918208;1108254720;0;0;0;0;0;0;0;0;0;0;0;3296;0;0;88;0;30;0;
3972;1497438;977223680;13918208;1108254720;0;0;0;0;0;0;0;0;0;0;0;2415;0;0;88;0;30;0;
3973;2931597;977489920;13918208;1108254720;0;0;0;0;0;0;0;0;0;0;0;2034;0;0;88;0;30;0;
3974;1179693;977489920;13918208;1108254720;0;0;0;0;0;0;0;0;0;0;0;2054;0;0;88;0;30;0;
3975;1550458;977489920;13918208;1108254720;0;0;0;0;0;0;0;0;0;0;0;2044;0;0;88;0;30;0;
3976;2383169;977489920;13918208;1108254720;0;0;0;0;0;0;0;0;0;0;0;2014;0;0;88;0;30;0;
3977;1891818;977489920;13918208;1108254720;0;0;0;0;0;0;0;0;0;0;0;3095;0;0;88;0;30;0;
3978;1938746;977489920;13918208;1108254720;0;0;0;0;0;0;0;0;0;0;0;2685;0;0;88;0;30;0;
3979;5585255;977489920;13918208;1108254720;0;0;0;0;0;0;0;0;0;0;0;2815;0;0;88;0;30;0;
3980;5103671;977489920;13922304;1108258816;0;0;0;0;0;0;0;0;0;0;0;2565;0;0;88;0;30;0;
3981;2708389;977489920;13922304;1108258816;0;0;0;0;0;0;0;0;0;0;0;2875;0;0;88;0;30;0;
3982;2392758;977489920;13922304;1108258816;0;0;0;0;0;0;0;0;0;0;0;2945;0;0;88;0;30;0;
3983;2404830;977489920;13922304;1108258816;0;0;0;0;0;0;0;0;0;0;0;2865;0;0;88;0;30;0;
3984;1260304;977489920;13922304;1108258816;0;0;0;0;0;0;0;0;0;0;0;2865;0;0;88;0;30;0;
3985;1354821;977489920;13922304;1108258816;0;0;0;0;0;0;0;0;0;0;0;2755;0;0;88;0;30;0;
3986;2794431;977489920;13922304;1108258816;0;0;0;0;0;0;0;0;0;0;0;2776;0;0;88;0;30;0;
3987;1775881;977489920;13922304;1108258816;0;0;0;0;0;0;0;0;0;0;0;2986;0;0;88;0;30;0;
3988;1782583;977489920;13922304;1108258816;0;0;0;0;0;0;0;0;0;0;0;3096;0;0;88;0;30;0;
3989;3099934;977489920;13922304;1108258816;0;0;0;0;0;0;0;0;0;0;0;2725;0;0;88;0;30;0;
3990;1439579;977489920;13922304;1108258816;0;0;0;0;0;0;0;0;0;0;0;2735;0;0;88;0;30;0;
3991;1677657;977489920;13922304;1108258816;0;0;0;0;0;0;0;0;0;0;0;2805;0;0;88;0;30;0;
3992;5026877;977489920;13922304;1108258816;0;0;0;0;0;0;0;0;0;0;0;2715;0;0;88;0;30;0;
3993;3763417;977489920;13922304;1108258816;0;0;0;0;0;0;0;0;0;0;0;3136;0;0;88;0;30;0;
3994;1633113;977489920;13922304;1108258816;0;0;0;0;0;0;0;0;0;0;0;2765;0;0;88;0;30;0;
3995;3343861;977756160;13922304;1108258816;0;0;0;0;0;0;0;0;0;0;0;2695;0;0;88;0;30;0;
3996;1675492;977756160;13922304;1108258816;0;0;0;0;0;0;0;0;0;0;0;2715;0;0;88;0;30;0;
3997;1416767;977756160;13922304;1108258816;0;0;0;0;0;0;0;0;0;0;0;2695;0;0;88;0;30;0;
3998;2757321;977756160;13922304;1108258816;0;0;0;0;0;0;0;0;0;0;0;2715;0;0;88;0;30;0;
3999;2284254;977756160;13922304;1108258816;0;0;0;0;0;0;0;0;0;0;0;2595;0;0;88;0;30;0;
4000;2435567;977756160;13922304;1108258816;0;0;0;0;0;0;0;0;0;0;0;3196;0;0;88;0;30;0;
4001;3351185;977760256;13918208;1108254720;0;0;0;0;0;0;0;0;0;0;0;2686;0;0;88;0;30;0;
4002;1981406;977760256;13918208;1108254720;0;0;0;0;0;0;0;0;0;0;0;2765;0;0;88;0;30;0;
4003;2414909;977760256;13918208;1108254720;0;0;0;0;0;0;0;0;0;0;0;2655;0;0;88;0;30;0;
4004;5754312;977760256;13918208;1108254720;0;0;0;0;0;0;0;0;0;0;0;3036;0;0;88;0;30;0;
4005;4735671;977760256;13922304;1108258816;0;0;0;0;0;0;0;0;0;0;0;2735;0;0;88;0;30;0;
4006;2895811;977760256;13922304;1108258816;0;0;0;0;0;0;0;0;0;0;0;2715;0;0;88;0;30;0;
4007;3248502;977760256;13922304;1108258816;0;0;0;0;0;0;0;0;0;0;0;2424;0;0;88;0;30;0;
4008;3449980;977760256;13922304;1108258816;0;0;0;0;0;0;0;0;0;0;0;2846;0;0;88;0;30;0;
4009;2286639;977760256;13922304;1108258816;0;0;0;0;0;0;0;0;0;0;0;2875;0;0;88;0;30;0;
4010;2135515;977760256;13922304;1108258816;0;0;0;0;0;0;0;0;0;0;0;2665;0;0;88;0;30;0;
4011;3879205;977760256;13922304;1108258816;0;0;0;0;0;0;0;0;0;0;0;2705;0;0;88;0;30;0;
4012;3604300;977760256;13922304;1108258816;0;0;0;0;0;0;0;0;0;0;0;2825;0;0;88;0;30;0;
4013;3637342;977760256;13922304;1108258816;0;0;0;0;0;0;0;0;0;0;0;2755;0;0;88;0;30;0;
4014;3407270;977760256;13922304;1108258816;0;0;0;0;0;0;0;0;0;0;0;2815;0;0;88;0;30;0;
4015;2848272;977760256;13922304;1108258816;0;0;0;0;0;0;0;0;0;0;0;2615;0;0;88;0;30;0;
4016;2042290;977760256;13922304;1108258816;0;0;0;0;0;0;0;0;0;0;0;2785;0;0;88;0;30;0;
4017;5048598;977760256;13922304;1108258816;0;0;0;0;0;0;0;0;0;0;0;3176;0;0;88;0;30;0;
4018;4543461;977760256;13922304;1108258816;0;0;0;0;0;0;0;0;0;0;0;2695;0;0;88;0;30;0;
4019;3087871;977760256;13922304;1108258816;0;0;0;0;0;0;0;0;0;0;0;2614;0;0;88;0;30;0;
4020;2320592;977760256;13922304;1108258816;0;0;0;0;0;0;0;0;0;0;0;2655;0;0;88;0;30;0;
4021;4435829;977760256;13922304;1108258816;0;0;0;0;0;0;0;0;0;0;0;2635;0;0;88;0;30;0;
4022;2117902;977760256;13922304;1108258816;0;0;0;0;0;0;0;0;0;0;0;2765;0;0;88;0;30;0;
4023;2594275;977760256;13922304;1108258816;0;0;0;0;0;0;0;0;0;0;0;1923;0;0;88;0;30;0;
4024;2267262;977760256;13922304;1108258816;0;0;0;0;0;0;0;0;0;0;0;74980;0;0;88;0;30;0;
4025;1994841;977760256;13922304;1108258816;0;0;0;0;0;0;0;0;0;0;0;1903;0;0;88;0;30;0;
4026;2038202;977760256;13922304;1108258816;0;0;0;0;0;0;0;0;0;0;0;1643;0;0;88;0;30;0;
4027;2404239;977760256;13918208;1108254720;0;0;0;0;0;0;0;0;0;0;0;1634;0;0;88;0;30;0;
4028;2177333;977760256;13918208;1108254720;0;0;0;0;0;0;0;0;0;0;0;2635;0;0;88;0;30;0;
4029;2910137;977760256;13918208;1108254720;0;0;0;0;0;0;0;0;0;0;0;2755;0;0;88;0;30;0;
4030;5303887;977760256;13918208;1108254720;0;0;0;0;0;0;0;0;0;0;0;3176;0;0;88;0;30;0;
4031;5510283;980389888;19456000;1113792512;0;0;0;0;0;0;0;0;0;0;0;2845;0;0;88;0;30;0;
4032;2737965;980389888;19456000;1113792512;0;0;0;0;0;0;0;0;0;0;0;2785;0;0;88;0;30;0;
4033;2679896;980389888;19456000;1113792512;0;0;0;0;0;0;0;0;0;0;0;2695;0;0;88;0;30;0;
4034;3286002;980389888;19456000;1113792512;0;0;0;0;0;0;0;0;0;0;0;2755;0;0;88;0;30;0;
4035;2237165;980389888;19456000;1113792512;0;0;0;0;0;0;0;0;0;0;0;2635;0;0;88;0;30;0;
4036;3309887;980389888;19456000;1113792512;0;0;0;0;0;0;0;0;0;0;0;2695;0;0;88;0;30;0;
4037;3227062;980389888;19456000;1113792512;0;0;0;0;0;0;0;0;0;0;0;2655;0;0;88;0;30;0;
4038;1636930;980389888;19456000;1113792512;0;0;0;0;0;0;0;0;0;0;0;2695;0;0;88;0;30;0;
4039;1647380;980389888;19456000;1113792512;0;0;0;0;0;0;0;0;0;0;0;2645;0;0;88;0;30;0;
4040;2244429;980389888;19456000;1113792512;0;0;0;0;0;0;0;0;0;0;0;2725;0;0;88;0;30;0;
4041;1951610;980389888;19456000;1113792512;0;0;0;0;0;0;0;0;0;0;0;2605;0;0;88;0;30;0;
4042;1526703;980389888;19456000;1113792512;0;0;0;0;0;0;0;0;0;0;0;2825;0;0;88;0;30;0;
4043;5608619;980389888;19456000;1113792512;0;0;0;0;0;0;0;0;0;0;0;2986;0;0;88;0;30;0;
4044;4560893;980389888;19460096;1113796608;0;0;0;0;0;0;0;0;0;0;0;2725;0;0;88;0;30;0;
4045;2167405;980389888;19460096;1113796608;0;0;0;0;0;0;0;0;0;0;0;2775;0;0;88;0;30;0;
4046;1681393;980389888;19460096;1113796608;0;0;0;0;0;0;0;0;0;0;0;2685;0;0;88;0;30;0;
4047;3656748;980389888;19460096;1113796608;0;0;0;0;0;0;0;0;0;0;0;2625;0;0;88;0;30;0;
4048;1760882;980389888;19460096;1113796608;0;0;0;0;0;0;0;0;0;0;0;2655;0;0;88;0;30;0;
4049;1670713;980389888;19460096;1113796608;0;0;0;0;0;0;0;0;0;0;0;2795;0;0;88;0;30;0;
4050;2292419;980389888;19460096;1113796608;0;0;0;0;0;0;0;0;0;0;0;2645;0;0;88;0;30;0;
4051;2145954;980389888;19460096;1113796608;0;0;0;0;0;0;0;0;0;0;0;2675;0;0;88;0;30;0;
4052;1470688;980389888;19460096;1113796608;0;0;0;0;0;0;0;0;0;0;0;2755;0;0;88;0;30;0;
4053;2396544;980389888;19460096;1113796608;0;0;0;0;0;0;0;0;0;0;0;2665;0;0;88;0;30;0;
4054;2038082;980389888;19460096;1113796608;0;0;0;0;0;0;0;0;0;0;0;2685;0;0;88;0;30;0;
4055;2201819;980389888;19460096;1113796608;0;0;0;0;0;0;0;0;0;0;0;88466;0;0;88;0;30;0;
4056;5981467;980389888;19460096;1113796608;0;0;0;0;0;0;0;0;0;0;0;2946;0;0;88;0;30;0;
4057;4403438;980389888;19460096;1113796608;0;0;0;0;0;0;0;0;0;0;0;2685;0;0;88;0;30;0;
4058;2416562;980389888;19460096;1113796608;0;0;0;0;0;0;0;0;0;0;0;2925;0;0;88;0;30;0;
4059;2159219;980389888;19460096;1113796608;0;0;0;0;0;0;0;0;0;0;0;3206;0;0;88;0;30;0;
4060;2773963;980389888;19460096;1113796608;0;0;0;0;0;0;0;0;0;0;0;2655;0;0;88;0;30;0;
4061;2143239;980389888;19460096;1113796608;0;0;0;0;0;0;0;0;0;0;0;2856;0;0;88;0;30;0;
4062;1601213;980389888;19460096;1113796608;0;0;0;0;0;0;0;0;0;0;0;3056;0;0;88;0;30;0;
4063;2923002;980389888;19460096;1113796608;0;0;0;0;0;0;0;0;0;0;0;2775;0;0;88;0;30;0;
4064;1953644;980389888;19460096;1113796608;0;0;0;0;0;0;0;0;0;0;0;2695;0;0;88;0;30;0;
4065;1926764;980389888;19460096;1113796608;0;0;0;0;0;0;0;0;0;0;0;2645;0;0;88;0;30;0;
4066;2715552;977764352;13922304;1108258816;0;0;0;0;0;0;0;0;0;0;0;2575;0;0;88;0;30;0;
4067;1667146;977764352;13922304;1108258816;0;0;0;0;0;0;0;0;0;0;0;2886;0;0;88;0;30;0;
4068;1638022;977764352;13922304;1108258816;0;0;0;0;0;0;0;0;0;0;0;2845;0;0;88;0;30;0;
4069;4846248;977764352;13922304;1108258816;0;0;0;0;0;0;0;0;0;0;0;1834;0;0;88;0;30;0;
4070;3696342;977764352;13922304;1108258816;0;0;0;0;0;0;0;0;0;0;0;1794;0;0;88;0;30;0;
4071;1829230;977764352;13922304;1108258816;0;0;0;0;0;0;0;0;0;0;0;2875;0;0;88;0;30;0;
4072;1354890;977764352;13922304;1108258816;0;0;0;0;0;0;0;0;0;0;0;2735;0;0;88;0;30;0;
4073;2562075;977764352;13922304;1108258816;0;0;0;0;0;0;0;0;0;0;0;2645;0;0;88;0;30;0;
4074;1472572;977764352;13922304;1108258816;0;0;0;0;0;0;0;0;0;0;0;2796;0;0;88;0;30;0;
4075;1601503;977764352;13922304;1108258816;0;0;0;0;0;0;0;0;0;0;0;2685;0;0;88;0;30;0;
4076;2473850;977764352;13922304;1108258816;0;0;0;0;0;0;0;0;0;0;0;2003;0;0;88;0;30;0;
4077;1061941;977764352;13922304;1108258816;0;0;0;0;0;0;0;0;0;0;0;1773;0;0;88;0;30;0;
4078;1113108;977764352;13922304;1108258816;0;0;0;0;0;0;0;0;0;0;0;1503;0;0;88;0;30;0;
4079;2772990;977764352;13922304;1108258816;0;0;0;0;0;0;0;0;0;0;0;1563;0;0;88;0;30;0;
4080;1892860;977764352;13922304;1108258816;0;0;0;0;0;0;0;0;0;0;0;2705;0;0;88;0;30;0;
4081;1591665;977764352;13922304;1108258816;0;0;0;0;0;0;0;0;0;0;0;2785;0;0;88;0;30;0;
4082;5068756;977764352;13922304;1108258816;0;0;0;0;0;0;0;0;0;0;0;2956;0;0;88;0;30;0;
4083;5161450;980393984;19460096;1113796608;0;0;0;0;0;0;0;0;0;0;0;2805;0;0;88;0;30;0;
4084;1954987;980393984;19460096;1113796608;0;0;0;0;0;0;0;0;0;0;0;2685;0;0;88;0;30;0;
4085;2017203;980393984;19460096;1113796608;0;0;0;0;0;0;0;0;0;0;0;2735;0;0;88;0;30;0;
4086;2630132;980393984;19460096;1113796608;0;0;0;0;0;0;0;0;0;0;0;2765;0;0;88;0;30;0;
4087;1495475;980393984;19460096;1113796608;0;0;0;0;0;0;0;0;0;0;0;2745;0;0;88;0;30;0;
4088;1662528;980393984;19460096;1113796608;0;0;0;0;0;0;0;0;0;0;0;2725;0;0;88;0;30;0;
4089;3635959;980393984;19460096;1113796608;0;0;0;0;0;0;0;0;0;0;0;3156;0;0;88;0;30;0;
4090;1836203;980393984;19460096;1113796608;0;0;0;0;0;0;0;0;0;0;0;2835;0;0;88;0;30;0;
4091;1969975;980393984;19460096;1113796608;0;0;0;0;0;0;0;0;0;0;0;2795;0;0;88;0;30;0;
4092;2799059;980455424;19456000;1113792512;0;0;0;0;0;0;0;0;0;0;0;2716;0;0;88;0;30;0;
4093;1833739;980455424;19456000;1113792512;0;0;0;0;0;0;0;0;0;0;0;2655;0;0;88;0;30;0;
4094;2180469;980455424;19456000;1113792512;0;0;0;0;0;0;0;0;0;0;0;2695;0;0;88;0;30;0;
4095;4920628;980455424;19456000;1113792512;0;0;0;0;0;0;0;0;0;0;0;3327;0;0;88;0;30;0;
4096;5347629;980455424;19456000;1113792512;0;0;0;0;0;0;0;0;0;0;0;2855;0;0;88;0;30;0;
4097;2177563;980455424;19456000;1113792512;0;0;0;0;0;0;0;0;0;0;0;2745;0;0;88;0;30;0;
4098;2518733;980455424;19456000;1113792512;0;0;0;0;0;0;0;0;0;0;0;2755;0;0;88;0;30;0;
4099;3110123;980455424;19456000;1113792512;0;0;0;0;0;0;0;0;0;0;0;2665;0;0;88;0;30;0;
4100;1749050;980455424;19456000;1113792512;0;0;0;0;0;0;0;0;0;0;0;2735;0;0;88;0;30;0;
4101;2242336;980455424;19456000;1113792512;0;0;0;0;0;0;0;0;0;0;0;2776;0;0;88;0;30;0;
4102;2765687;980455424;19456000;1113792512;0;0;0;0;0;0;0;0;0;0;0;2755;0;0;88;0;30;0;
4103;2119896;980455424;19456000;1113792512;0;0;0;0;0;0;0;0;0;0;0;3286;0;0;88;0;30;0;
4104;1580644;980455424;19456000;1113792512;0;0;0;0;0;0;0;0;0;0;0;3155;0;0;88;0;30;0;
4105;2996290;980451328;19451904;1113788416;0;0;0;0;0;0;0;0;0;0;0;2605;0;0;88;0;30;0;
4106;1837957;980451328;19451904;1113788416;0;0;0;0;0;0;0;0;0;0;0;2786;0;0;88;0;30;0;
4107;1444810;980451328;19451904;1113788416;0;0;0;0;0;0;0;0;0;0;0;2695;0;0;88;0;30;0;
4108;4678564;980451328;19451904;1113788416;0;0;0;0;0;0;0;0;0;0;0;3567;0;0;88;0;30;0;
4109;4061046;980451328;19456000;1113792512;0;0;0;0;0;0;0;0;0;0;0;2685;0;0;88;0;30;0;
4110;2004129;980451328;19456000;1113792512;0;0;0;0;0;0;0;0;0;0;0;2124;0;0;88;0;30;0;
4111;1055971;980451328;19456000;1113792512;0;0;0;0;0;0;0;0;0;0;0;1793;0;0;88;0;30;0;
4112;1956359;980451328;19456000;1113792512;0;0;0;0;0;0;0;0;0;0;0;1724;0;0;88;0;30;0;
4113;1306099;980451328;19456000;1113792512;0;0;0;0;0;0;0;0;0;0;0;2154;0;0;88;0;30;0;
4114;1460899;980451328;19456000;1113792512;0;0;0;0;0;0;0;0;0;0;0;1663;0;0;88;0;30;0;
4115;3396229;980451328;19456000;1113792512;0;0;0;0;0;0;0;0;0;0;0;2776;0;0;88;0;30;0;
4116;2462438;980451328;19456000;1113792512;0;0;0;0;0;0;0;0;0;0;0;2705;0;0;88;0;30;0;
4117;1492399;980451328;19456000;1113792512;0;0;0;0;0;0;0;0;0;0;0;2765;0;0;88;0;30;0;
4118;2177674;977760256;13918208;1108254720;0;0;0;0;0;0;0;0;0;0;0;2826;0;0;88;0;30;0;
4119;2337284;977760256;13918208;1108254720;0;0;0;0;0;0;0;0;0;0;0;2755;0;0;88;0;30;0;
4120;1831335;977760256;13918208;1108254720;0;0;0;0;0;0;0;0;0;0;0;2725;0;0;88;0;30;0;
4121;4685878;977760256;13918208;1108254720;0;0;0;0;0;0;0;0;0;0;0;3065;0;0;88;0;30;0;
4122;4134875;977760256;13922304;1108258816;0;0;0;0;0;0;0;0;0;0;0;3006;0;0;88;0;30;0;
4123;2538360;977760256;13922304;1108258816;0;0;0;0;0;0;0;0;0;0;0;2585;0;0;88;0;30;0;
4124;1871761;977760256;13922304;1108258816;0;0;0;0;0;0;0;0;0;0;0;2755;0;0;88;0;30;0;
4125;2348845;977760256;13922304;1108258816;0;0;0;0;0;0;0;0;0;0;0;2655;0;0;88;0;30;0;
4126;1545899;977760256;13922304;1108258816;0;0;0;0;0;0;0;0;0;0;0;2665;0;0;88;0;30;0;
4127;1566538;977760256;13922304;1108258816;0;0;0;0;0;0;0;0;0;0;0;2645;0;0;88;0;30;0;
4128;2628179;977760256;13922304;1108258816;0;0;0;0;0;0;0;0;0;0;0;2685;0;0;88;0;30;0;
4129;1963743;977760256;13922304;1108258816;0;0;0;0;0;0;0;0;0;0;0;2575;0;0;88;0;30;0;
4130;2294042;977760256;13922304;1108258816;0;0;0;0;0;0;0;0;0;0;0;2916;0;0;88;0;30;0;
4131;2484119;977760256;13922304;1108258816;0;0;0;0;0;0;0;0;0;0;0;3086;0;0;88;0;30;0;
4132;1572839;977760256;13922304;1108258816;0;0;0;0;0;0;0;0;0;0;0;2946;0;0;88;0;30;0;
4133;1889304;977760256;13922304;1108258816;0;0;0;0;0;0;0;0;0;0;0;2625;0;0;88;0;30;0;
4134;5010316;977760256;13922304;1108258816;0;0;0;0;0;0;0;0;0;0;0;1953;0;0;88;0;30;0;
4135;3998639;977760256;13922304;1108258816;0;0;0;0;0;0;0;0;0;0;0;1663;0;0;88;0;30;0;
4136;2065724;977760256;13922304;1108258816;0;0;0;0;0;0;0;0;0;0;0;2094;0;0;88;0;30;0;
4137;1779998;977760256;13922304;1108258816;0;0;0;0;0;0;0;0;0;0;0;1533;0;0;88;0;30;0;
4138;2695445;977760256;13922304;1108258816;0;0;0;0;0;0;0;0;0;0;0;2745;0;0;88;0;30;0;
4139;1511615;977760256;13922304;1108258816;0;0;0;0;0;0;0;0;0;0;0;2735;0;0;88;0;30;0;
4140;1798613;977760256;13922304;1108258816;0;0;0;0;0;0;0;0;0;0;0;2605;0;0;88;0;30;0;
4141;2486012;977760256;13922304;1108258816;0;0;0;0;0;0;0;0;0;0;0;3006;0;0;88;0;30;0;
4142;1668520;977760256;13922304;1108258816;0;0;0;0;0;0;0;0;0;0;0;2575;0;0;88;0;30;0;
4143;1733481;977760256;13922304;1108258816;0;0;0;0;0;0;0;0;0;0;0;2595;0;0;88;0;30;0;
4144;2534183;977760256;13922304;1108258816;0;0;0;0;0;0;0;0;0;0;0;2615;0;0;88;0;30;0;
4145;2510087;977760256;13922304;1108258816;0;0;0;0;0;0;0;0;0;0;0;2886;0;0;88;0;30;0;
4146;1748519;977760256;13922304;1108258816;0;0;0;0;0;0;0;0;0;0;0;2825;0;0;88;0;30;0;
4147;4583777;977760256;13922304;1108258816;0;0;0;0;0;0;0;0;0;0;0;1934;0;0;88;0;30;0;
4148;4418176;977760256;13922304;1108258816;0;0;0;0;0;0;0;0;0;0;0;7805;0;0;88;0;30;0;
4149;2178215;977760256;13922304;1108258816;0;0;0;0;0;0;0;0;0;0;0;2004;0;0;88;0;30;0;
4150;2612950;977760256;13922304;1108258816;0;0;0;0;0;0;0;0;0;0;0;1913;0;0;88;0;30;0;
4151;1215360;977760256;13922304;1108258816;0;0;0;0;0;0;0;0;0;0;0;2014;0;0;88;0;30;0;
4152;1361955;977760256;13922304;1108258816;0;0;0;0;0;0;0;0;0;0;0;2645;0;0;88;0;30;0;
4153;2390413;977760256;13922304;1108258816;0;0;0;0;0;0;0;0;0;0;0;2134;0;0;88;0;30;0;
4154;1332709;977760256;13922304;1108258816;0;0;0;0;0;0;0;0;0;0;0;1924;0;0;88;0;30;0;
4155;1611723;977760256;13922304;1108258816;0;0;0;0;0;0;0;0;0;0;0;2093;0;0;88;0;30;0;
4156;2598002;977760256;13918208;1108254720;0;0;0;0;0;0;0;0;0;0;0;2004;0;0;88;0;30;0;
4157;1938585;977760256;13918208;1108254720;0;0;0;0;0;0;0;0;0;0;0;2254;0;0;88;0;30;0;
4158;1085877;977760256;13918208;1108254720;0;0;0;0;0;0;0;0;0;0;0;1894;0;0;88;0;30;0;
4159;4832222;977760256;13918208;1108254720;0;0;0;0;0;0;0;0;0;0;0;2575;0;0;88;0;30;0;
4160;4000472;977760256;13922304;1108258816;0;0;0;0;0;0;0;0;0;0;0;2505;0;0;88;0;30;0;
4161;1455269;977760256;13922304;1108258816;0;0;0;0;0;0;0;0;0;0;0;2394;0;0;88;0;30;0;
4162;1714506;977760256;13922304;1108258816;0;0;0;0;0;0;0;0;0;0;0;1974;0;0;88;0;30;0;
4163;2442370;977760256;13922304;1108258816;0;0;0;0;0;0;0;0;0;0;0;2265;0;0;88;0;30;0;
4164;1357105;977760256;13922304;1108258816;0;0;0;0;0;0;0;0;0;0;0;1964;0;0;88;0;30;0;
4165;1290831;977760256;13922304;1108258816;0;0;0;0;0;0;0;0;0;0;0;1914;0;0;88;0;30;0;
4166;2181802;977760256;13922304;1108258816;0;0;0;0;0;0;0;0;0;0;0;2024;0;0;88;0;30;0;
4167;1983119;977760256;13922304;1108258816;0;0;0;0;0;0;0;0;0;0;0;2445;0;0;88;0;30;0;
4168;1448637;977760256;13922304;1108258816;0;0;0;0;0;0;0;0;0;0;0;2485;0;0;88;0;30;0;
4169;2401464;977760256;13922304;1108258816;0;0;0;0;0;0;0;0;0;0;0;2304;0;0;88;0;30;0;
4170;1904321;977760256;13922304;1108258816;0;0;0;0;0;0;0;0;0;0;0;1934;0;0;88;0;30;0;
4171;1587788;977760256;13922304;1108258816;0;0;0;0;0;0;0;0;0;0;0;2585;0;0;88;0;30;0;
4172;4951215;977760256;13922304;1108258816;0;0;0;0;0;0;0;0;0;0;0;2365;0;0;88;0;30;0;
4173;3448046;977760256;13922304;1108258816;0;0;0;0;0;0;0;0;0;0;0;1934;0;0;88;0;30;0;
4174;1729644;977760256;13922304;1108258816;0;0;0;0;0;0;0;0;0;0;0;2244;0;0;88;0;30;0;
4175;2153919;977760256;13922304;1108258816;0;0;0;0;0;0;0;0;0;0;0;1643;0;0;88;0;30;0;
4176;1949396;977760256;13922304;1108258816;0;0;0;0;0;0;0;0;0;0;0;2084;0;0;88;0;30;0;
4177;1733050;977760256;13922304;1108258816;0;0;0;0;0;0;0;0;0;0;0;2174;0;0;88;0;30;0;
4178;2700715;977760256;13922304;1108258816;0;0;0;0;0;0;0;0;0;0;0;2094;0;0;88;0;30;0;
4179;1774308;977760256;13922304;1108258816;0;0;0;0;0;0;0;0;0;0;0;2064;0;0;88;0;30;0;
4180;1690851;977760256;13922304;1108258816;0;0;0;0;0;0;0;0;0;0;0;2154;0;0;88;0;30;0;
4181;2895310;977760256;13918208;1108254720;0;0;0;0;0;0;0;0;0;0;0;2074;0;0;88;0;30;0;
4182;1697513;977760256;13918208;1108254720;0;0;0;0;0;0;0;0;0;0;0;2244;0;0;88;0;30;0;
4183;1563853;977760256;13918208;1108254720;0;0;0;0;0;0;0;0;0;0;0;2234;0;0;88;0;30;0;
4184;4930006;977760256;13918208;1108254720;0;0;0;0;0;0;0;0;0;0;0;2244;0;0;88;0;30;0;
4185;3544727;977760256;13918208;1108254720;0;0;0;0;0;0;0;0;0;0;0;1753;0;0;88;0;30;0;
4186;1724594;977760256;13918208;1108254720;0;0;0;0;0;0;0;0;0;0;0;2094;0;0;88;0;30;0;
4187;2077396;977760256;13918208;1108254720;0;0;0;0;0;0;0;0;0;0;0;1983;0;0;88;0;30;0;
4188;1608606;977760256;13918208;1108254720;0;0;0;0;0;0;0;0;0;0;0;1934;0;0;88;0;30;0;
4189;1618997;977760256;13918208;1108254720;0;0;0;0;0;0;0;0;0;0;0;2094;0;0;88;0;30;0;
4190;2278102;977760256;13918208;1108254720;0;0;0;0;0;0;0;0;0;0;0;2044;0;0;88;0;30;0;
4191;1856932;977760256;13918208;1108254720;0;0;0;0;0;0;0;0;0;0;0;1974;0;0;88;0;30;0;
4192;1651658;977760256;13918208;1108254720;0;0;0;0;0;0;0;0;0;0;0;2174;0;0;88;0;30;0;
4193;2229632;977760256;13918208;1108254720;0;0;0;0;0;0;0;0;0;0;0;1924;0;0;88;0;30;0;
4194;1557100;977760256;13918208;1108254720;0;0;0;0;0;0;0;0;0;0;0;2124;0;0;88;0;30;0;
4195;1578841;977760256;13918208;1108254720;0;0;0;0;0;0;0;0;0;0;0;1954;0;0;88;0;30;0;
4196;4472157;977760256;13918208;1108254720;0;0;0;0;0;0;0;0;0;0;0;2294;0;0;88;0;30;0;
4197;2997361;977760256;13922304;1108258816;0;0;0;0;0;0;0;0;0;0;0;2244;0;0;88;0;30;0;
4198;1890886;977760256;13922304;1108258816;0;0;0;0;0;0;0;0;0;0;0;1944;0;0;88;0;30;0;
4199;1947413;977760256;13922304;1108258816;0;0;0;0;0;0;0;0;0;0;0;1914;0;0;88;0;30;0;
4200;3010656;977760256;13922304;1108258816;0;0;0;0;0;0;0;0;0;0;0;2154;0;0;88;0;30;0;
4201;1793383;977760256;13922304;1108258816;0;0;0;0;0;0;0;0;0;0;0;1904;0;0;88;0;30;0;
4202;1559354;977760256;13922304;1108258816;0;0;0;0;0;0;0;0;0;0;0;2084;0;0;88;0;30;0;
4203;7999913;977760256;13922304;1108258816;0;0;0;0;0;0;0;0;0;0;0;1983;0;0;88;0;30;0;
4204;1217333;977760256;13922304;1108258816;0;0;0;0;0;0;0;0;0;0;0;2164;0;0;88;0;30;0;
4205;1178800;977760256;13922304;1108258816;0;0;0;0;0;0;0;0;0;0;0;2024;0;0;88;0;30;0;
4206;2271460;977760256;13922304;1108258816;0;0;0;0;0;0;0;0;0;0;0;2124;0;0;88;0;30;0;
4207;1803422;977760256;13922304;1108258816;0;0;0;0;0;0;0;0;0;0;0;1984;0;0;88;0;30;0;
4208;1854768;977760256;13922304;1108258816;0;0;0;0;0;0;0;0;0;0;0;2104;0;0;88;0;30;0;
4209;4284174;977760256;13922304;1108258816;0;0;0;0;0;0;0;0;0;0;0;2285;0;0;88;0;30;0;
4210;3094844;977760256;13922304;1108258816;0;0;0;0;0;0;0;0;0;0;0;1883;0;0;88;0;30;0;
4211;1674150;977760256;13922304;1108258816;0;0;0;0;0;0;0;0;0;0;0;2324;0;0;88;0;30;0;
4212;2418756;977760256;13922304;1108258816;0;0;0;0;0;0;0;0;0;0;0;2114;0;0;88;0;30;0;
4213;1756504;977760256;13922304;1108258816;0;0;0;0;0;0;0;0;0;0;0;1824;0;0;88;0;30;0;
4214;1716209;977760256;13922304;1108258816;0;0;0;0;0;0;0;0;0;0;0;1903;0;0;88;0;30;0;
4215;1749561;977760256;13922304;1108258816;0;0;0;0;0;0;0;0;0;0;0;2385;0;0;88;0;30;0;
4216;2252404;977760256;13922304;1108258816;0;0;0;0;0;0;0;0;0;0;0;2064;0;0;88;0;30;0;
4217;2106651;977760256;13922304;1108258816;0;0;0;0;0;0;0;0;0;0;0;2274;0;0;88;0;30;0;
4218;2437531;977760256;13918208;1108254720;0;0;0;0;0;0;0;0;0;0;0;2003;0;0;88;0;30;0;
4219;1607715;977760256;13918208;1108254720;0;0;0;0;0;0;0;0;0;0;0;1994;0;0;88;0;30;0;
4220;1467502;977760256;13918208;1108254720;0;0;0;0;0;0;0;0;0;0;0;1944;0;0;88;0;30;0;
4221;5259674;977760256;13918208;1108254720;0;0;0;0;0;0;0;0;0;0;0;2093;0;0;88;0;30;0;
4222;3579804;978026496;13918208;1108254720;0;0;0;0;0;0;0;0;0;0;0;1934;0;0;88;0;30;0;
4223;1937764;978026496;13918208;1108254720;0;0;0;0;0;0;0;0;0;0;0;2284;0;0;88;0;30;0;
4224;2189386;978026496;13918208;1108254720;0;0;0;0;0;0;0;0;0;0;0;2053;0;0;88;0;30;0;
4225;1915312;978026496;13918208;1108254720;0;0;0;0;0;0;0;0;0;0;0;1884;0;0;88;0;30;0;
4226;1651377;978026496;13918208;1108254720;0;0;0;0;0;0;0;0;0;0;0;2004;0;0;88;0;30;0;
4227;2537990;978026496;13918208;1108254720;0;0;0;0;0;0;0;0;0;0;0;1843;0;0;88;0;30;0;
4228;1986346;978026496;13918208;1108254720;0;0;0;0;0;0;0;0;0;0;0;2094;0;0;88;0;30;0;
4229;1423029;978026496;13918208;1108254720;0;0;0;0;0;0;0;0;0;0;0;2114;0;0;88;0;30;0;
4230;2234030;978026496;13918208;1108254720;0;0;0;0;0;0;0;0;0;0;0;2164;0;0;88;0;30;0;
4231;1455870;978026496;13918208;1108254720;0;0;0;0;0;0;0;0;0;0;0;1923;0;0;88;0;30;0;
4232;1188860;978026496;13918208;1108254720;0;0;0;0;0;0;0;0;0;0;0;2194;0;0;88;0;30;0;
4233;5041655;978026496;13918208;1108254720;0;0;0;0;0;0;0;0;0;0;0;2194;0;0;88;0;30;0;
4234;3024031;978026496;13918208;1108254720;0;0;0;0;0;0;0;0;0;0;0;2184;0;0;88;0;30;0;
4235;1911355;978026496;13918208;1108254720;0;0;0;0;0;0;0;0;0;0;0;2004;0;0;88;0;30;0;
4236;2476023;978026496;13918208;1108254720;0;0;0;0;0;0;0;0;0;0;0;1924;0;0;88;0;30;0;
4237;1133416;978026496;13918208;1108254720;0;0;0;0;0;0;0;0;0;0;0;1964;0;0;88;0;30;0;
4238;2056847;978026496;13918208;1108254720;0;0;0;0;0;0;0;0;0;0;0;1964;0;0;88;0;30;0;
4239;2937730;978026496;13918208;1108254720;0;0;0;0;0;0;0;0;0;0;0;2073;0;0;88;0;30;0;
4240;1531572;978026496;13918208;1108254720;0;0;0;0;0;0;0;0;0;0;0;2355;0;0;88;0;30;0;
4241;1563472;978026496;13918208;1108254720;0;0;0;0;0;0;0;0;0;0;0;1913;0;0;88;0;30;0;
4242;2599515;978026496;13918208;1108254720;0;0;0;0;0;0;0;0;0;0;0;2164;0;0;88;0;30;0;
4243;2155423;978026496;13918208;1108254720;0;0;0;0;0;0;0;0;0;0;0;1934;0;0;88;0;30;0;
4244;1727038;978026496;13918208;1108254720;0;0;0;0;0;0;0;0;0;0;0;2455;0;0;88;0;30;0;
4245;4427343;978026496;13918208;1108254720;0;0;0;0;0;0;0;0;0;0;0;2465;0;0;88;0;30;0;
4246;2668254;978026496;13918208;1108254720;0;0;0;0;0;0;0;0;0;0;0;2104;0;0;88;0;30;0;
4247;1683918;978026496;13918208;1108254720;0;0;0;0;0;0;0;0;0;0;0;1913;0;0;88;0;30;0;
4248;2243889;978026496;13918208;1108254720;0;0;0;0;0;0;0;0;0;0;0;2184;0;0;88;0;30;0;
4249;1392441;978026496;13918208;1108254720;0;0;0;0;0;0;0;0;0;0;0;2074;0;0;88;0;30;0;
4250;1552331;978026496;13918208;1108254720;0;0;0;0;0;0;0;0;0;0;0;1934;0;0;88;0;30;0;
4251;2536307;978026496;13918208;1108254720;0;0;0;0;0;0;0;0;0;0;0;2014;0;0;88;0;30;0;
4252;2051738;978026496;13918208;1108254720;0;0;0;0;0;0;0;0;0;0;0;1954;0;0;88;0;30;0;
4253;2120386;978026496;13918208;1108254720;0;0;0;0;0;0;0;0;0;0;0;2274;0;0;88;0;30;0;
4254;2048312;978026496;13918208;1108254720;0;0;0;0;0;0;0;0;0;0;0;1994;0;0;88;0;30;0;
4255;1631229;978026496;13918208;1108254720;0;0;0;0;0;0;0;0;0;0;0;2415;0;0;88;0;30;0;
4256;1047315;978026496;13918208;1108254720;0;0;0;0;0;0;0;0;0;0;0;1963;0;0;88;0;30;0;
4257;4962567;978026496;13918208;1108254720;0;0;0;0;0;0;0;0;0;0;0;2254;0;0;88;0;30;0;
4258;3103460;978026496;13918208;1108254720;0;0;0;0;0;0;0;0;0;0;0;1963;0;0;88;0;30;0;
4259;1488522;978026496;13918208;1108254720;0;0;0;0;0;0;0;0;0;0;0;2494;0;0;88;0;30;0;
4260;1976156;978026496;13918208;1108254720;0;0;0;0;0;0;0;0;0;0;0;1954;0;0;88;0;30;0;
4261;1331857;978026496;13918208;1108254720;0;0;0;0;0;0;0;0;0;0;0;2484;0;0;88;0;30;0;
4262;1142503;978026496;13918208;1108254720;0;0;0;0;0;0;0;0;0;0;0;2164;0;0;88;0;30;0;
4263;1624416;978026496;13918208;1108254720;0;0;0;0;0;0;0;0;0;0;0;2164;0;0;88;0;30;0;
4264;1121474;978026496;13918208;1108254720;0;0;0;0;0;0;0;0;0;0;0;1964;0;0;88;0;30;0;
4265;1209398;978026496;13918208;1108254720;0;0;0;0;0;0;0;0;0;0;0;2014;0;0;88;0;30;0;
4266;1971758;978026496;13918208;1108254720;0;0;0;0;0;0;0;0;0;0;0;2114;0;0;88;0;30;0;
4267;1559024;978292736;13918208;1108254720;0;0;0;0;0;0;0;0;0;0;0;1994;0;0;88;0;30;0;
4268;1279149;978292736;13918208;1108254720;0;0;0;0;0;0;0;0;0;0;0;1944;0;0;88;0;30;0;
4269;4668666;978292736;13918208;1108254720;0;0;0;0;0;0;0;0;0;0;0;2525;0;0;88;0;30;0;
4270;2160101;978292736;13918208;1108254720;0;0;0;0;0;0;0;0;0;0;0;2144;0;0;88;0;30;0;
4271;1521323;978292736;13918208;1108254720;0;0;0;0;0;0;0;0;0;0;0;2365;0;0;88;0;30;0;
4272;2078969;978292736;13918208;1108254720;0;0;0;0;0;0;0;0;0;0;0;2004;0;0;88;0;30;0;
4273;1489273;978292736;13918208;1108254720;0;0;0;0;0;0;0;0;0;0;0;2475;0;0;88;0;30;0;
4274;1334593;978292736;13918208;1108254720;0;0;0;0;0;0;0;0;0;0;0;2024;0;0;88;0;30;0;
4275;1874626;978292736;13918208;1108254720;0;0;0;0;0;0;0;0;0;0;0;1934;0;0;88;0;30;0;
4276;977342;978292736;13918208;1108254720;0;0;0;0;0;0;0;0;0;0;0;2185;0;0;88;0;30;0;
4277;2150042;978554880;13918208;1108254720;0;0;0;0;0;0;0;0;0;0;0;1964;0;0;88;0;30;0;
4278;2039495;978554880;13918208;1108254720;0;0;0;0;0;0;0;0;0;0;0;2124;0;0;88;0;30;0;
4279;1205841;978554880;13918208;1108254720;0;0;0;0;0;0;0;0;0;0;0;2134;0;0;88;0;30;0;
4280;1354941;978554880;13918208;1108254720;0;0;0;0;0;0;0;0;0;0;0;2044;0;0;88;0;30;0;
4281;4566634;978554880;13918208;1108254720;0;0;0;0;0;0;0;0;0;0;0;2635;0;0;88;0;30;0;
4282;2366989;978554880;13918208;1108254720;0;0;0;0;0;0;0;0;0;0;0;2234;0;0;88;0;30;0;
4283;1692625;978554880;13918208;1108254720;0;0;0;0;0;0;0;0;0;0;0;2064;0;0;88;0;30;0;
4284;1798163;978554880;13918208;1108254720;0;0;0;0;0;0;0;0;0;0;0;1934;0;0;88;0;30;0;
4285;1207474;978554880;13918208;1108254720;0;0;0;0;0;0;0;0;0;0;0;2134;0;0;88;0;30;0;
4286;1106596;978554880;13918208;1108254720;0;0;0;0;0;0;0;0;0;0;0;2164;0;0;88;0;30;0;
4287;2651423;978554880;13918208;1108254720;0;0;0;0;0;0;0;0;0;0;0;1904;0;0;88;0;30;0;
4288;1200412;978554880;13918208;1108254720;0;0;0;0;0;0;0;0;0;0;0;2104;0;0;88;0;30;0;
4289;1284079;978554880;13918208;1108254720;0;0;0;0;0;0;0;0;0;0;0;2134;0;0;88;0;30;0;
4290;1651778;978554880;13918208;1108254720;0;0;0;0;0;0;0;0;0;0;0;1913;0;0;88;0;30;0;
4291;1053576;978554880;13918208;1108254720;0;0;0;0;0;0;0;0;0;0;0;2004;0;0;88;0;30;0;
4292;1684879;978554880;13918208;1108254720;0;0;0;0;0;0;0;0;0;0;0;1934;0;0;88;0;30;0;
4293;4585259;978554880;13918208;1108254720;0;0;0;0;0;0;0;0;0;0;0;2154;0;0;88;0;30;0;
4294;2833204;978554880;13918208;1108254720;0;0;0;0;0;0;0;0;0;0;0;2284;0;0;88;0;30;0;
4295;1522545;978554880;13918208;1108254720;0;0;0;0;0;0;0;0;0;0;0;1964;0;0;88;0;30;0;
4296;2058330;978554880;13918208;1108254720;0;0;0;0;0;0;0;0;0;0;0;1693;0;0;88;0;30;0;
4297;1224336;978554880;13918208;1108254720;0;0;0;0;0;0;0;0;0;0;0;2254;0;0;88;0;30;0;
4298;1356494;978554880;13918208;1108254720;0;0;0;0;0;0;0;0;0;0;0;1974;0;0;88;0;30;0;
4299;1803301;978554880;13918208;1108254720;0;0;0;0;0;0;0;0;0;0;0;2124;0;0;88;0;30;0;
4300;1292674;978554880;13918208;1108254720;0;0;0;0;0;0;0;0;0;0;0;1974;0;0;88;0;30;0;
4301;1444368;978554880;13918208;1108254720;0;0;0;0;0;0;0;0;0;0;0;2114;0;0;88;0;30;0;
4302;1814292;978554880;13918208;1108254720;0;0;0;0;0;0;0;0;0;0;0;2154;0;0;88;0;30;0;
4303;1465709;978554880;13918208;1108254720;0;0;0;0;0;0;0;0;0;0;0;1904;0;0;88;0;30;0;
4304;1041233;978554880;13918208;1108254720;0;0;0;0;0;0;0;0;0;0;0;2004;0;0;88;0;30;0;
4305;4592112;978554880;13918208;1108254720;0;0;0;0;0;0;0;0;0;0;0;2194;0;0;88;0;30;0;
4306;2254658;978554880;13918208;1108254720;0;0;0;0;0;0;0;0;0;0;0;2054;0;0;88;0;30;0;
4307;1069075;978554880;13918208;1108254720;0;0;0;0;0;0;0;0;0;0;0;2104;0;0;88;0;30;0;
4308;1724434;978554880;13918208;1108254720;0;0;0;0;0;0;0;0;0;0;0;2124;0;0;88;0;30;0;
4309;1129428;978554880;13918208;1108254720;0;0;0;0;0;0;0;0;0;0;0;2174;0;0;88;0;30;0;
4310;1512777;978554880;13918208;1108254720;0;0;0;0;0;0;0;0;0;0;0;2144;0;0;88;0;30;0;
4311;2226325;978554880;13918208;1108254720;0;0;0;0;0;0;0;0;0;0;0;2284;0;0;88;0;30;0;
4312;1081989;978554880;13918208;1108254720;0;0;0;0;0;0;0;0;0;0;0;2315;0;0;88;0;30;0;
4313;1195492;978554880;13918208;1108254720;0;0;0;0;0;0;0;0;0;0;0;1924;0;0;88;0;30;0;
4314;2149592;978554880;13918208;1108254720;0;0;0;0;0;0;0;0;0;0;0;2014;0;0;88;0;30;0;
4315;1083832;978554880;13918208;1108254720;0;0;0;0;0;0;0;0;0;0;0;2084;0;0;88;0;30;0;
4316;1489714;978554880;13918208;1108254720;0;0;0;0;0;0;0;0;0;0;0;2034;0;0;88;0;30;0;
4317;4444676;978554880;13918208;1108254720;0;0;0;0;0;0;0;0;0;0;0;2154;0;0;88;0;30;0;
4318;3343741;978554880;13918208;1108254720;0;0;0;0;0;0;0;0;0;0;0;2104;0;0;88;0;30;0;
4319;1557811;978554880;13918208;1108254720;0;0;0;0;0;0;0;0;0;0;0;1954;0;0;88;0;30;0;
4320;2157296;978554880;13918208;1108254720;0;0;0;0;0;0;0;0;0;0;0;1974;0;0;88;0;30;0;
4321;1024100;978554880;13918208;1108254720;0;0;0;0;0;0;0;0;0;0;0;1773;0;0;88;0;30;0;
4322;1260153;978554880;13918208;1108254720;0;0;0;0;0;0;0;0;0;0;0;2014;0;0;88;0;30;0;
4323;2679895;978554880;13918208;1108254720;0;0;0;0;0;0;0;0;0;0;0;2104;0;0;88;0;30;0;
4324;1149436;978554880;13918208;1108254720;0;0;0;0;0;0;0;0;0;0;0;1963;0;0;88;0;30;0;
4325;1595763;978554880;13918208;1108254720;0;0;0;0;0;0;0;0;0;0;0;2525;0;0;88;0;30;0;
4326;2225123;978550784;13914112;1108250624;0;0;0;0;0;0;0;0;0;0;0;2244;0;0;88;0;30;0;
4327;1560266;978550784;13914112;1108250624;0;0;0;0;0;0;0;0;0;0;0;2384;0;0;88;0;30;0;
4328;1452284;978550784;13914112;1108250624;0;0;0;0;0;0;0;0;0;0;0;2374;0;0;88;0;30;0;
4329;4478299;978550784;13914112;1108250624;0;0;0;0;0;0;0;0;0;0;0;2735;0;0;88;0;30;0;
4330;2647766;978550784;13914112;1108250624;0;0;0;0;0;0;0;0;0;0;0;1973;0;0;88;0;30;0;
4331;1530500;978550784;13914112;1108250624;0;0;0;0;0;0;0;0;0;0;0;2254;0;0;88;0;30;0;
4332;2124845;978550784;13914112;1108250624;0;0;0;0;0;0;0;0;0;0;0;2194;0;0;88;0;30;0;
4333;1544307;978550784;13914112;1108250624;0;0;0;0;0;0;0;0;0;0;0;2164;0;0;88;0;30;0;
4334;1145709;978550784;13914112;1108250624;0;0;0;0;0;0;0;0;0;0;0;101250;0;0;88;0;30;0;
4335;1985905;978550784;13914112;1108250624;0;0;0;0;0;0;0;0;0;0;0;2014;0;0;88;0;30;0;
4336;1601012;978550784;13914112;1108250624;0;0;0;0;0;0;0;0;0;0;0;1884;0;0;88;0;30;0;
4337;1579162;978550784;13914112;1108250624;0;0;0;0;0;0;0;0;0;0;0;2083;0;0;88;0;30;0;
4338;1954646;978550784;13914112;1108250624;0;0;0;0;0;0;0;0;0;0;0;2034;0;0;88;0;30;0;
4339;1663149;978550784;13914112;1108250624;0;0;0;0;0;0;0;0;0;0;0;2184;0;0;88;0;30;0;
4340;1226760;978550784;13914112;1108250624;0;0;0;0;0;0;0;0;0;0;0;1894;0;0;88;0;30;0;
4341;4203423;978550784;13914112;1108250624;0;0;0;0;0;0;0;0;0;0;0;2515;0;0;88;0;30;0;
4342;3410296;978550784;13918208;1108254720;0;0;0;0;0;0;0;0;0;0;0;2204;0;0;88;0;30;0;
4343;1810275;978550784;13918208;1108254720;0;0;0;0;0;0;0;0;0;0;0;1964;0;0;88;0;30;0;
4344;2175590;978550784;13918208;1108254720;0;0;0;0;0;0;0;0;0;0;0;2064;0;0;88;0;30;0;
4345;1456351;978550784;13918208;1108254720;0;0;0;0;0;0;0;0;0;0;0;2224;0;0;88;0;30;0;
4346;1154415;978550784;13918208;1108254720;0;0;0;0;0;0;0;0;0;0;0;1914;0;0;88;0;30;0;
4347;1533736;978550784;13918208;1108254720;0;0;0;0;0;0;0;0;0;0;0;2154;0;0;88;0;30;0;
4348;1759349;978550784;13918208;1108254720;0;0;0;0;0;0;0;0;0;0;0;1914;0;0;88;0;30;0;
4349;1076429;978550784;13918208;1108254720;0;0;0;0;0;0;0;0;0;0;0;2064;0;0;88;0;30;0;
4350;1745013;978550784;13918208;1108254720;0;0;0;0;0;0;0;0;0;0;0;1924;0;0;88;0;30;0;
4351;1134147;978550784;13918208;1108254720;0;0;0;0;0;0;0;0;0;0;0;1913;0;0;88;0;30;0;
4352;1335875;978550784;13918208;1108254720;0;0;0;0;0;0;0;0;0;0;0;1934;0;0;88;0;30;0;
4353;4552979;978550784;13918208;1108254720;0;0;0;0;0;0;0;0;0;0;0;2254;0;0;88;0;30;0;
4354;3193840;978550784;13922304;1108258816;0;0;0;0;0;0;0;0;0;0;0;1923;0;0;88;0;30;0;
4355;1502097;978550784;13922304;1108258816;0;0;0;0;0;0;0;0;0;0;0;2154;0;0;88;0;30;0;
4356;1185474;978550784;13922304;1108258816;0;0;0;0;0;0;0;0;0;0;0;2244;0;0;88;0;30;0;
4357;1906285;978550784;13922304;1108258816;0;0;0;0;0;0;0;0;0;0;0;1963;0;0;88;0;30;0;
4358;1421657;978550784;13922304;1108258816;0;0;0;0;0;0;0;0;0;0;0;1984;0;0;88;0;30;0;
4359;1234706;978550784;13922304;1108258816;0;0;0;0;0;0;0;0;0;0;0;2104;0;0;88;0;30;0;
4360;2399590;978550784;13922304;1108258816;0;0;0;0;0;0;0;0;0;0;0;1994;0;0;88;0;30;0;
4361;1407419;978550784;13922304;1108258816;0;0;0;0;0;0;0;0;0;0;0;1964;0;0;88;0;30;0;
4362;1714786;978550784;13922304;1108258816;0;0;0;0;0;0;0;0;0;0;0;1914;0;0;88;0;30;0;
4363;2413116;978550784;13922304;1108258816;0;0;0;0;0;0;0;0;0;0;0;1903;0;0;88;0;30;0;
4364;1320807;978550784;13922304;1108258816;0;0;0;0;0;0;0;0;0;0;0;2214;0;0;88;0;30;0;
4365;1722451;978550784;13922304;1108258816;0;0;0;0;0;0;0;0;0;0;0;2384;0;0;88;0;30;0;
4366;4391065;978550784;13922304;1108258816;0;0;0;0;0;0;0;0;0;0;0;2645;0;0;88;0;30;0;
4367;3333892;981180416;19460096;1113796608;0;0;0;0;0;0;0;0;0;0;0;1834;0;0;88;0;30;0;
4368;1401628;981180416;19460096;1113796608;0;0;0;0;0;0;0;0;0;0;0;1993;0;0;88;0;30;0;
4369;1771442;981180416;19460096;1113796608;0;0;0;0;0;0;0;0;0;0;0;1913;0;0;88;0;30;0;
4370;1362635;981180416;19460096;1113796608;0;0;0;0;0;0;0;0;0;0;0;1944;0;0;88;0;30;0;
4371;1303144;981180416;19460096;1113796608;0;0;0;0;0;0;0;0;0;0;0;1963;0;0;88;0;30;0;
4372;2232437;983277568;19460096;1113796608;0;0;0;0;0;0;0;0;0;0;0;1953;0;0;88;0;30;0;
4373;1465889;983277568;19460096;1113796608;0;0;0;0;0;0;0;0;0;0;0;1903;0;0;88;0;30;0;
4374;1626530;983277568;19460096;1113796608;0;0;0;0;0;0;0;0;0;0;0;1943;0;0;88;0;30;0;
4375;2211037;983347200;19456000;1113792512;0;0;0;0;0;0;0;0;0;0;0;1943;0;0;88;0;30;0;
4376;1790468;983347200;19456000;1113792512;0;0;0;0;0;0;0;0;0;0;0;2294;0;0;88;0;30;0;
4377;1483201;983347200;19456000;1113792512;0;0;0;0;0;0;0;0;0;0;0;1914;0;0;88;0;30;0;
4378;5302725;983347200;19456000;1113792512;0;0;0;0;0;0;0;0;0;0;0;2655;0;0;88;0;30;0;
4379;3903851;983613440;19456000;1113792512;0;0;0;0;0;0;0;0;0;0;0;2284;0;0;88;0;30;0;
4380;1691692;983613440;19456000;1113792512;0;0;0;0;0;0;0;0;0;0;0;2084;0;0;88;0;30;0;
4381;2316254;983613440;19456000;1113792512;0;0;0;0;0;0;0;0;0;0;0;2033;0;0;88;0;30;0;
4382;1532484;983613440;19456000;1113792512;0;0;0;0;0;0;0;0;0;0;0;2264;0;0;88;0;30;0;
4383;1706039;983613440;19456000;1113792512;0;0;0;0;0;0;0;0;0;0;0;1954;0;0;88;0;30;0;
4384;2209794;982982656;18722816;1113059328;0;0;0;0;0;0;0;0;0;0;0;2264;0;0;88;0;30;0;
4385;1396609;982982656;18722816;1113059328;0;0;0;0;0;0;0;0;0;0;0;2325;0;0;88;0;30;0;
4386;1535159;982982656;18722816;1113059328;0;0;0;0;0;0;0;0;0;0;0;1943;0;0;88;0;30;0;
4387;2625183;982982656;18722816;1113059328;0;0;0;0;0;0;0;0;0;0;0;1924;0;0;88;0;30;0;
4388;3017720;982982656;18722816;1113059328;0;0;0;0;0;0;0;0;0;0;0;7605;0;0;88;0;30;0;
4389;2063520;982982656;18722816;1113059328;0;0;0;0;0;0;0;0;0;0;0;1954;0;0;88;0;30;0;
4390;4895100;982982656;18722816;1113059328;0;0;0;0;0;0;0;0;0;0;0;2284;0;0;88;0;30;0;
4391;4201409;982982656;18722816;1113059328;0;0;0;0;0;0;0;0;0;0;0;2104;0;0;88;0;30;0;
4392;1545127;982982656;18722816;1113059328;0;0;0;0;0;0;0;0;0;0;0;1944;0;0;88;0;30;0;
4393;2912763;982982656;18722816;1113059328;0;0;0;0;0;0;0;0;0;0;0;3647;0;0;88;0;30;0;
4394;2134553;982982656;18722816;1113059328;0;0;0;0;0;0;0;0;0;0;0;2886;0;0;88;0;30;0;
4395;2088156;982982656;18722816;1113059328;0;0;0;0;0;0;0;0;0;0;0;3306;0;0;88;0;30;0;
4396;3163683;982982656;18722816;1113059328;0;0;0;0;0;0;0;0;0;0;0;3036;0;0;88;0;30;0;
4397;2447741;982982656;18722816;1113059328;0;0;0;0;0;0;0;0;0;0;0;3196;0;0;88;0;30;0;
4398;1891057;982982656;18722816;1113059328;0;0;0;0;0;0;0;0;0;0;0;3346;0;0;88;0;30;0;
4399;2941075;982982656;18722816;1113059328;0;0;0;0;0;0;0;0;0;0;0;2985;0;0;88;0;30;0;
4400;1906576;982982656;18722816;1113059328;0;0;0;0;0;0;0;0;0;0;0;3336;0;0;88;0;30;0;
4401;1765210;982982656;18722816;1113059328;0;0;0;0;0;0;0;0;0;0;0;3065;0;0;88;0;30;0;
4402;5917357;982982656;18722816;1113059328;0;0;0;0;0;0;0;0;0;0;0;3005;0;0;88;0;30;0;
4403;5868365;982982656;18726912;1113063424;0;0;0;0;0;0;0;0;0;0;0;3266;0;0;88;0;30;0;
4404;1946731;982982656;18726912;1113063424;0;0;0;0;0;0;0;0;0;0;0;2895;0;0;88;0;30;0;
4405;1638653;982982656;18726912;1113063424;0;0;0;0;0;0;0;0;0;0;0;2885;0;0;88;0;30;0;
4406;2505259;982982656;18726912;1113063424;0;0;0;0;0;0;0;0;0;0;0;1924;0;0;88;0;30;0;
4407;2120948;982982656;18726912;1113063424;0;0;0;0;0;0;0;0;0;0;0;1863;0;0;88;0;30;0;
4408;1697865;982982656;18726912;1113063424;0;0;0;0;0;0;0;0;0;0;0;1864;0;0;88;0;30;0;
4409;3061161;982982656;18726912;1113063424;0;0;0;0;0;0;0;0;0;0;0;2885;0;0;88;0;30;0;
4410;2534884;982982656;18726912;1113063424;0;0;0;0;0;0;0;0;0;0;0;2986;0;0;88;0;30;0;
4411;2240251;982982656;18726912;1113063424;0;0;0;0;0;0;0;0;0;0;0;2856;0;0;88;0;30;0;
4412;3276314;977825792;13189120;1107525632;0;0;0;0;0;0;0;0;0;0;0;2866;0;0;88;0;30;0;
4413;1847595;977825792;13189120;1107525632;0;0;0;0;0;0;0;0;0;0;0;2845;0;0;88;0;30;0;
4414;2482286;980455424;18726912;1113063424;0;0;0;0;0;0;0;0;0;0;0;3106;0;0;88;0;30;0;
4415;5939119;980455424;18726912;1113063424;0;0;0;0;0;0;0;0;0;0;0;3347;0;0;88;0;30;0;
4416;4613912;980455424;18726912;1113063424;0;0;0;0;0;0;0;0;0;0;0;3206;0;0;88;0;30;0;
4417;1956990;980455424;18726912;1113063424;0;0;0;0;0;0;0;0;0;0;0;2826;0;0;88;0;30;0;
4418;1731136;982552576;18726912;1113063424;0;0;0;0;0;0;0;0;0;0;0;2875;0;0;88;0;30;0;
4419;2445075;982552576;18726912;1113063424;0;0;0;0;0;0;0;0;0;0;0;3116;0;0;88;0;30;0;
4420;2066455;982552576;18726912;1113063424;0;0;0;0;0;0;0;0;0;0;0;2895;0;0;88;0;30;0;
4421;1616902;982552576;18726912;1113063424;0;0;0;0;0;0;0;0;0;0;0;2825;0;0;88;0;30;0;
4422;2559360;982552576;18726912;1113063424;0;0;0;0;0;0;0;0;0;0;0;2736;0;0;88;0;30;0;
4423;2593524;982552576;18726912;1113063424;0;0;0;0;0;0;0;0;0;0;0;2826;0;0;88;0;30;0;
4424;2184026;982552576;18726912;1113063424;0;0;0;0;0;0;0;0;0;0;0;2825;0;0;88;0;30;0;
4425;3343110;982818816;18726912;1113063424;0;0;0;0;0;0;0;0;0;0;0;59381;0;0;88;0;30;0;
4426;1361534;982818816;18726912;1113063424;0;0;0;0;0;0;0;0;0;0;0;2154;0;0;88;0;30;0;
4427;1562100;982818816;18726912;1113063424;0;0;0;0;0;0;0;0;0;0;0;1924;0;0;88;0;30;0;
4428;5165317;982818816;18726912;1113063424;0;0;0;0;0;0;0;0;0;0;0;3256;0;0;88;0;30;0;
4429;4312076;982818816;18726912;1113063424;0;0;0;0;0;0;0;0;0;0;0;3025;0;0;88;0;30;0;
4430;2356810;982818816;18726912;1113063424;0;0;0;0;0;0;0;0;0;0;0;3146;0;0;88;0;30;0;
4431;2624652;982818816;18726912;1113063424;0;0;0;0;0;0;0;0;0;0;0;2775;0;0;88;0;30;0;
4432;2763803;982818816;18726912;1113063424;0;0;0;0;0;0;0;0;0;0;0;58980;0;0;88;0;30;0;
4433;2354856;982818816;18726912;1113063424;0;0;0;0;0;0;0;0;0;0;0;3065;0;0;88;0;30;0;
4434;2997612;982818816;18726912;1113063424;0;0;0;0;0;0;0;0;0;0;0;2866;0;0;88;0;30;0;
4435;1778676;982818816;18726912;1113063424;0;0;0;0;0;0;0;0;0;0;0;2825;0;0;88;0;30;0;
4436;1864687;982818816;18726912;1113063424;0;0;0;0;0;0;0;0;0;0;0;2756;0;0;88;0;30;0;
4437;3133056;983040000;18722816;1113059328;0;0;0;0;0;0;0;0;0;0;0;2796;0;0;88;0;30;0;
4438;2111881;983040000;18722816;1113059328;0;0;0;0;0;0;0;0;0;0;0;2946;0;0;88;0;30;0;
4439;1902337;983040000;18722816;1113059328;0;0;0;0;0;0;0;0;0;0;0;2815;0;0;88;0;30;0;
4440;5184012;983040000;18722816;1113059328;0;0;0;0;0;0;0;0;0;0;0;3036;0;0;88;0;30;0;
4441;4598063;983040000;18722816;1113059328;0;0;0;0;0;0;0;0;0;0;0;2916;0;0;88;0;30;0;
4442;1968452;983040000;18722816;1113059328;0;0;0;0;0;0;0;0;0;0;0;1994;0;0;88;0;30;0;
4443;2336421;983040000;18722816;1113059328;0;0;0;0;0;0;0;0;0;0;0;2004;0;0;88;0;30;0;
4444;2070312;983040000;18722816;1113059328;0;0;0;0;0;0;0;0;0;0;0;1923;0;0;88;0;30;0;
4445;2458671;983040000;18722816;1113059328;0;0;0;0;0;0;0;0;0;0;0;2866;0;0;88;0;30;0;
4446;1882030;983040000;18722816;1113059328;0;0;0;0;0;0;0;0;0;0;0;2775;0;0;88;0;30;0;
4447;2555292;983040000;18722816;1113059328;0;0;0;0;0;0;0;0;0;0;0;1963;0;0;88;0;30;0;
4448;1376792;983040000;18722816;1113059328;0;0;0;0;0;0;0;0;0;0;0;1934;0;0;88;0;30;0;
4449;2040987;983040000;18722816;1113059328;0;0;0;0;0;0;0;0;0;0;0;1904;0;0;88;0;30;0;
4450;2022473;983040000;18722816;1113059328;0;0;0;0;0;0;0;0;0;0;0;2254;0;0;88;0;30;0;
4451;1794556;983040000;18722816;1113059328;0;0;0;0;0;0;0;0;0;0;0;2024;0;0;88;0;30;0;
4452;2126447;983040000;18722816;1113059328;0;0;0;0;0;0;0;0;0;0;0;1933;0;0;88;0;30;0;
4453;5286073;983040000;18722816;1113059328;0;0;0;0;0;0;0;0;0;0;0;2635;0;0;88;0;30;0;
4454;3619538;983040000;18726912;1113063424;0;0;0;0;0;0;0;0;0;0;0;1964;0;0;88;0;30;0;
4455;1710338;983040000;18726912;1113063424;0;0;0;0;0;0;0;0;0;0;0;2144;0;0;88;0;30;0;
4456;2055054;983040000;18726912;1113063424;0;0;0;0;0;0;0;0;0;0;0;1964;0;0;88;0;30;0;
4457;1972309;983040000;18726912;1113063424;0;0;0;0;0;0;0;0;0;0;0;1994;0;0;88;0;30;0;
4458;1484865;983040000;18726912;1113063424;0;0;0;0;0;0;0;0;0;0;0;2064;0;0;88;0;30;0;
4459;1340314;983040000;18726912;1113063424;0;0;0;0;0;0;0;0;0;0;0;1974;0;0;88;0;30;0;
4460;2120987;983040000;18726912;1113063424;0;0;0;0;0;0;0;0;0;0;0;2124;0;0;88;0;30;0;
4461;1662938;983040000;18726912;1113063424;0;0;0;0;0;0;0;0;0;0;0;2164;0;0;88;0;30;0;
4462;2042561;983040000;18726912;1113063424;0;0;0;0;0;0;0;0;0;0;0;2094;0;0;88;0;30;0;
4463;2069871;983040000;18726912;1113063424;0;0;0;0;0;0;0;0;0;0;0;2234;0;0;88;0;30;0;
4464;1842906;983040000;18726912;1113063424;0;0;0;0;0;0;0;0;0;0;0;1923;0;0;88;0;30;0;
4465;1452404;983040000;18726912;1113063424;0;0;0;0;0;0;0;0;0;0;0;2034;0;0;88;0;30;0;
4466;5727822;983040000;18726912;1113063424;0;0;0;0;0;0;0;0;0;0;0;2254;0;0;88;0;30;0;
4467;3602136;983040000;18726912;1113063424;0;0;0;0;0;0;0;0;0;0;0;2124;0;0;88;0;30;0;
4468;1530791;983040000;18726912;1113063424;0;0;0;0;0;0;0;0;0;0;0;1943;0;0;88;0;30;0;
4469;2645691;983040000;18726912;1113063424;0;0;0;0;0;0;0;0;0;0;0;1894;0;0;88;0;30;0;
4470;1471359;983040000;18726912;1113063424;0;0;0;0;0;0;0;0;0;0;0;1994;0;0;88;0;30;0;
4471;1354480;983040000;18726912;1113063424;0;0;0;0;0;0;0;0;0;0;0;2415;0;0;88;0;30;0;
4472;2018485;983040000;18726912;1113063424;0;0;0;0;0;0;0;0;0;0;0;1964;0;0;88;0;30;0;
4473;1393633;983040000;18726912;1113063424;0;0;0;0;0;0;0;0;0;0;0;1994;0;0;88;0;30;0;
4474;1210239;983040000;18726912;1113063424;0;0;0;0;0;0;0;0;0;0;0;1934;0;0;88;0;30;0;
4475;2016462;983085056;18722816;1113059328;0;0;0;0;0;0;0;0;0;0;0;1813;0;0;88;0;30;0;
4476;1335985;983085056;18722816;1113059328;0;0;0;0;0;0;0;0;0;0;0;1943;0;0;88;0;30;0;
4477;2104457;983085056;18722816;1113059328;0;0;0;0;0;0;0;0;0;0;0;2424;0;0;88;0;30;0;
4478;5439872;983085056;18722816;1113059328;0;0;0;0;0;0;0;0;0;0;0;2645;0;0;88;0;30;0;
4479;4423346;983085056;18722816;1113059328;0;0;0;0;0;0;0;0;0;0;0;2835;0;0;88;0;30;0;
4480;2099888;983085056;18722816;1113059328;0;0;0;0;0;0;0;0;0;0;0;2815;0;0;88;0;30;0;
4481;2478518;983085056;18722816;1113059328;0;0;0;0;0;0;0;0;0;0;0;1923;0;0;88;0;30;0;
4482;1269220;983085056;18722816;1113059328;0;0;0;0;0;0;0;0;0;0;0;1974;0;0;88;0;30;0;
4483;1598939;983085056;18722816;1113059328;0;0;0;0;0;0;0;0;0;0;0;2104;0;0;88;0;30;0;
4484;2992052;983085056;18722816;1113059328;0;0;0;0;0;0;0;0;0;0;0;2465;0;0;88;0;30;0;
4485;1832507;983085056;18722816;1113059328;0;0;0;0;0;0;0;0;0;0;0;3106;0;0;88;0;30;0;
4486;1656747;983085056;18722816;1113059328;0;0;0;0;0;0;0;0;0;0;0;2795;0;0;88;0;30;0;
4487;2173877;983085056;18722816;1113059328;0;0;0;0;0;0;0;0;0;0;0;2986;0;0;88;0;30;0;
4488;2250250;983085056;18722816;1113059328;0;0;0;0;0;0;0;0;0;0;0;2815;0;0;88;0;30;0;
4489;1937283;983085056;18722816;1113059328;0;0;0;0;0;0;0;0;0;0;0;2795;0;0;88;0;30;0;
4490;5073374;983085056;18722816;1113059328;0;0;0;0;0;0;0;0;0;0;0;3025;0;0;88;0;30;0;
4491;3891007;983085056;18726912;1113063424;0;0;0;0;0;0;0;0;0;0;0;2805;0;0;88;0;30;0;
4492;1661186;983085056;18726912;1113063424;0;0;0;0;0;0;0;0;0;0;0;2875;0;0;88;0;30;0;
4493;2005832;983085056;18726912;1113063424;0;0;0;0;0;0;0;0;0;0;0;2795;0;0;88;0;30;0;
4494;2325761;983085056;18726912;1113063424;0;0;0;0;0;0;0;0;0;0;0;2715;0;0;88;0;30;0;
4495;1705719;983085056;18726912;1113063424;0;0;0;0;0;0;0;0;0;0;0;2816;0;0;88;0;30;0;
4496;2356479;983085056;18726912;1113063424;0;0;0;0;0;0;0;0;0;0;0;2865;0;0;88;0;30;0;
4497;2408026;983085056;18726912;1113063424;0;0;0;0;0;0;0;0;0;0;0;1953;0;0;88;0;30;0;
4498;2576772;983085056;18726912;1113063424;0;0;0;0;0;0;0;0;0;0;0;2244;0;0;88;0;30;0;
4499;2123132;983085056;18726912;1113063424;0;0;0;0;0;0;0;0;0;0;0;2174;0;0;88;0;30;0;
4500;2546375;983085056;18726912;1113063424;0;0;0;0;0;0;0;0;0;0;0;1934;0;0;88;0;30;0;
4501;1874526;983085056;18726912;1113063424;0;0;0;0;0;0;0;0;0;0;0;2425;0;0;88;0;30;0;
4502;1959956;983085056;18726912;1113063424;0;0;0;0;0;0;0;0;0;0;0;1923;0;0;88;0;30;0;
4503;5600293;983085056;18726912;1113063424;0;0;0;0;0;0;0;0;0;0;0;2334;0;0;88;0;30;0;
4504;3530341;983085056;18726912;1113063424;0;0;0;0;0;0;0;0;0;0;0;2194;0;0;88;0;30;0;
4505;1915582;983085056;18726912;1113063424;0;0;0;0;0;0;0;0;0;0;0;1974;0;0;88;0;30;0;
4506;1461281;983085056;18726912;1113063424;0;0;0;0;0;0;0;0;0;0;0;1933;0;0;88;0;30;0;
4507;2656331;983085056;18726912;1113063424;0;0;0;0;0;0;0;0;0;0;0;1964;0;0;88;0;30;0;
4508;2171161;983085056;18726912;1113063424;0;0;0;0;0;0;0;0;0;0;0;2875;0;0;88;0;30;0;
4509;1946520;983085056;18726912;1113063424;0;0;0;0;0;0;0;0;0;0;0;2785;0;0;88;0;30;0;
4510;2889739;983085056;18726912;1113063424;0;0;0;0;0;0;0;0;0;0;0;2465;0;0;88;0;30;0;
4511;2640923;983085056;18726912;1113063424;0;0;0;0;0;0;0;0;0;0;0;1924;0;0;88;0;30;0;
4512;1943976;983085056;18726912;1113063424;0;0;0;0;0;0;0;0;0;0;0;1903;0;0;88;0;30;0;
4513;2447139;983138304;18722816;1113059328;0;0;0;0;0;0;0;0;0;0;0;1953;0;0;88;0;30;0;
4514;2174127;983138304;18722816;1113059328;0;0;0;0;0;0;0;0;0;0;0;1863;0;0;88;0;30;0;
4515;1870939;983138304;18722816;1113059328;0;0;0;0;0;0;0;0;0;0;0;1984;0;0;88;0;30;0;
4516;4832753;983138304;18722816;1113059328;0;0;0;0;0;0;0;0;0;0;0;3086;0;0;88;0;30;0;
4517;4791416;983138304;18722816;1113059328;0;0;0;0;0;0;0;0;0;0;0;58390;0;0;88;0;30;0;
4518;3736167;983138304;18722816;1113059328;0;0;0;0;0;0;0;0;0;0;0;2785;0;0;88;0;30;0;
4519;3475528;983138304;18722816;1113059328;0;0;0;0;0;0;0;0;0;0;0;2866;0;0;88;0;30;0;
4520;3856442;983138304;18722816;1113059328;0;0;0;0;0;0;0;0;0;0;0;1613;0;0;88;0;30;0;
4521;1214227;983138304;18722816;1113059328;0;0;0;0;0;0;0;0;0;0;0;1924;0;0;88;0;30;0;
4522;1948684;983138304;18722816;1113059328;0;0;0;0;0;0;0;0;0;0;0;2064;0;0;88;0;30;0;
4523;3276825;983138304;18722816;1113059328;0;0;0;0;0;0;0;0;0;0;0;2004;0;0;88;0;30;0;
4524;2618762;983138304;18722816;1113059328;0;0;0;0;0;0;0;0;0;0;0;3106;0;0;88;0;30;0;
4525;1631199;983138304;18722816;1113059328;0;0;0;0;0;0;0;0;0;0;0;2875;0;0;88;0;30;0;
4526;2941937;983134208;18718720;1113055232;0;0;0;0;0;0;0;0;0;0;0;2825;0;0;88;0;30;0;
4527;1579192;983134208;18718720;1113055232;0;0;0;0;0;0;0;0;0;0;0;2855;0;0;88;0;30;0;
4528;2418907;983134208;18718720;1113055232;0;0;0;0;0;0;0;0;0;0;0;2886;0;0;88;0;30;0;
4529;5807581;983134208;18718720;1113055232;0;0;0;0;0;0;0;0;0;0;0;3367;0;0;88;0;30;0;
4530;4181903;983134208;18722816;1113059328;0;0;0;0;0;0;0;0;0;0;0;2996;0;0;88;0;30;0;
4531;2282922;983134208;18722816;1113059328;0;0;0;0;0;0;0;0;0;0;0;2164;0;0;88;0;30;0;
4532;1576978;983134208;18722816;1113059328;0;0;0;0;0;0;0;0;0;0;0;1893;0;0;88;0;30;0;
4533;2407014;983134208;18722816;1113059328;0;0;0;0;0;0;0;0;0;0;0;1973;0;0;88;0;30;0;
4534;2548279;983134208;18722816;1113059328;0;0;0;0;0;0;0;0;0;0;0;2134;0;0;88;0;30;0;
4535;1658460;983134208;18722816;1113059328;0;0;0;0;0;0;0;0;0;0;0;1984;0;0;88;0;30;0;
4536;2212309;983134208;18722816;1113059328;0;0;0;0;0;0;0;0;0;0;0;1994;0;0;88;0;30;0;
4537;1137473;983134208;18722816;1113059328;0;0;0;0;0;0;0;0;0;0;0;1904;0;0;88;0;30;0;
4538;1687545;983134208;18722816;1113059328;0;0;0;0;0;0;0;0;0;0;0;1964;0;0;88;0;30;0;
4539;2556304;983134208;18722816;1113059328;0;0;0;0;0;0;0;0;0;0;0;1944;0;0;88;0;30;0;
4540;1695940;983134208;18722816;1113059328;0;0;0;0;0;0;0;0;0;0;0;3016;0;0;88;0;30;0;
4541;1722761;983134208;18722816;1113059328;0;0;0;0;0;0;0;0;0;0;0;2856;0;0;88;0;30;0;
4542;4971543;983134208;18722816;1113059328;0;0;0;0;0;0;0;0;0;0;0;3186;0;0;88;0;30;0;
4543;3739483;983134208;18722816;1113059328;0;0;0;0;0;0;0;0;0;0;0;3026;0;0;88;0;30;0;
4544;1889925;983134208;18722816;1113059328;0;0;0;0;0;0;0;0;0;0;0;2815;0;0;88;0;30;0;
4545;2425970;983134208;18722816;1113059328;0;0;0;0;0;0;0;0;0;0;0;2836;0;0;88;0;30;0;
4546;1994210;983134208;18722816;1113059328;0;0;0;0;0;0;0;0;0;0;0;2865;0;0;88;0;30;0;
4547;2407585;983134208;18722816;1113059328;0;0;0;0;0;0;0;0;0;0;0;1683;0;0;88;0;30;0;
4548;2334137;983134208;18722816;1113059328;0;0;0;0;0;0;0;0;0;0;0;2845;0;0;88;0;30;0;
4549;1726438;983134208;18722816;1113059328;0;0;0;0;0;0;0;0;0;0;0;2875;0;0;88;0;30;0;
4550;2099678;983134208;18722816;1113059328;0;0;0;0;0;0;0;0;0;0;0;2975;0;0;88;0;30;0;
4551;2598483;983134208;18722816;1113059328;0;0;0;0;0;0;0;0;0;0;0;2795;0;0;88;0;30;0;
4552;1612935;983134208;18722816;1113059328;0;0;0;0;0;0;0;0;0;0;0;2836;0;0;88;0;30;0;
4553;1758538;983134208;18722816;1113059328;0;0;0;0;0;0;0;0;0;0;0;2935;0;0;88;0;30;0;
4554;4958629;983134208;18722816;1113059328;0;0;0;0;0;0;0;0;0;0;0;2876;0;0;88;0;30;0;
4555;3283909;983134208;18726912;1113063424;0;0;0;0;0;0;0;0;0;0;0;2014;0;0;88;0;30;0;
4556;1471329;983134208;18726912;1113063424;0;0;0;0;0;0;0;0;0;0;0;1944;0;0;88;0;30;0;
4557;1403081;983134208;18726912;1113063424;0;0;0;0;0;0;0;0;0;0;0;1964;0;0;88;0;30;0;
4558;2701857;983134208;18726912;1113063424;0;0;0;0;0;0;0;0;0;0;0;1663;0;0;88;0;30;0;
4559;1540499;983134208;18726912;1113063424;0;0;0;0;0;0;0;0;0;0;0;2154;0;0;88;0;30;0;
4560;2296707;983134208;18726912;1113063424;0;0;0;0;0;0;0;0;0;0;0;1963;0;0;88;0;30;0;
4561;2239029;983134208;18726912;1113063424;0;0;0;0;0;0;0;0;0;0;0;1913;0;0;88;0;30;0;
4562;1285571;983134208;18726912;1113063424;0;0;0;0;0;0;0;0;0;0;0;2024;0;0;88;0;30;0;
4563;1299377;983134208;18726912;1113063424;0;0;0;0;0;0;0;0;0;0;0;2004;0;0;88;0;30;0;
4564;1804554;983134208;18726912;1113063424;0;0;0;0;0;0;0;0;0;0;0;2044;0;0;88;0;30;0;
4565;1685460;983134208;18726912;1113063424;0;0;0;0;0;0;0;0;0;0;0;1964;0;0;88;0;30;0;
4566;1482240;983134208;18726912;1113063424;0;0;0;0;0;0;0;0;0;0;0;2104;0;0;88;0;30;0;
4567;4619734;983134208;18726912;1113063424;0;0;0;0;0;0;0;0;0;0;0;2175;0;0;88;0;30;0;
4568;3188219;983134208;18726912;1113063424;0;0;0;0;0;0;0;0;0;0;0;1964;0;0;88;0;30;0;
4569;2419478;983134208;18726912;1113063424;0;0;0;0;0;0;0;0;0;0;0;1984;0;0;88;0;30;0;
4570;2223790;983134208;18726912;1113063424;0;0;0;0;0;0;0;0;0;0;0;2875;0;0;88;0;30;0;
4571;2106560;983134208;18726912;1113063424;0;0;0;0;0;0;0;0;0;0;0;2866;0;0;88;0;30;0;
4572;1709957;983134208;18726912;1113063424;0;0;0;0;0;0;0;0;0;0;0;2816;0;0;88;0;30;0;
4573;2840007;983134208;18726912;1113063424;0;0;0;0;0;0;0;0;0;0;0;2865;0;0;88;0;30;0;
4574;2132960;983134208;18726912;1113063424;0;0;0;0;0;0;0;0;0;0;0;2776;0;0;88;0;30;0;
4575;1772454;983134208;18726912;1113063424;0;0;0;0;0;0;0;0;0;0;0;2816;0;0;88;0;30;0;
4576;3010736;977821696;13185024;1107521536;0;0;0;0;0;0;0;0;0;0;0;2906;0;0;88;0;30;0;
4577;2218471;977821696;13185024;1107521536;0;0;0;0;0;0;0;0;0;0;0;2073;0;0;88;0;30;0;
4578;1650075;977821696;13185024;1107521536;0;0;0;0;0;0;0;0;0;0;0;2084;0;0;88;0;30;0;
4579;4437973;977821696;13185024;1107521536;0;0;0;0;0;0;0;0;0;0;0;2194;0;0;88;0;30;0;
4580;2717296;977821696;13185024;1107521536;0;0;0;0;0;0;0;0;0;0;0;2194;0;0;88;0;30;0;
4581;2160231;977821696;13185024;1107521536;0;0;0;0;0;0;0;0;0;0;0;2214;0;0;88;0;30;0;
4582;1913949;977821696;13185024;1107521536;0;0;0;0;0;0;0;0;0;0;0;2465;0;0;88;0;30;0;
4583;1177388;977821696;13185024;1107521536;0;0;0;0;0;0;0;0;0;0;0;1953;0;0;88;0;30;0;
4584;1429841;977821696;13185024;1107521536;0;0;0;0;0;0;0;0;0;0;0;2004;0;0;88;0;30;0;
4585;1905433;977821696;13185024;1107521536;0;0;0;0;0;0;0;0;0;0;0;2024;0;0;88;0;30;0;
4586;1813161;977821696;13185024;1107521536;0;0;0;0;0;0;0;0;0;0;0;1943;0;0;88;0;30;0;
4587;1771201;977821696;13185024;1107521536;0;0;0;0;0;0;0;0;0;0;0;2024;0;0;88;0;30;0;
4588;1790458;977821696;13185024;1107521536;0;0;0;0;0;0;0;0;0;0;0;2234;0;0;88;0;30;0;
4589;1864116;977821696;13185024;1107521536;0;0;0;0;0;0;0;0;0;0;0;2154;0;0;88;0;30;0;
4590;1123206;977821696;13185024;1107521536;0;0;0;0;0;0;0;0;0;0;0;2204;0;0;88;0;30;0;
4591;5327381;977821696;13185024;1107521536;0;0;0;0;0;0;0;0;0;0;0;2475;0;0;88;0;30;0;
4592;2622027;977821696;13185024;1107521536;0;0;0;0;0;0;0;0;0;0;0;2224;0;0;88;0;30;0;
4593;2010921;977821696;13185024;1107521536;0;0;0;0;0;0;0;0;0;0;0;1944;0;0;88;0;30;0;
4594;2321313;977821696;13185024;1107521536;0;0;0;0;0;0;0;0;0;0;0;2244;0;0;88;0;30;0;
4595;1864025;977821696;13185024;1107521536;0;0;0;0;0;0;0;0;0;0;0;2164;0;0;88;0;30;0;
4596;1930971;977821696;13185024;1107521536;0;0;0;0;0;0;0;0;0;0;0;2344;0;0;88;0;30;0;
4597;2854302;977821696;13185024;1107521536;0;0;0;0;0;0;0;0;0;0;0;3066;0;0;88;0;30;0;
4598;2080191;977821696;13185024;1107521536;0;0;0;0;0;0;0;0;0;0;0;2895;0;0;88;0;30;0;
4599;1974513;977821696;13185024;1107521536;0;0;0;0;0;0;0;0;0;0;0;3246;0;0;88;0;30;0;
4600;3086739;977821696;13185024;1107521536;0;0;0;0;0;0;0;0;0;0;0;2955;0;0;88;0;30;0;
4601;2452469;977821696;13185024;1107521536;0;0;0;0;0;0;0;0;0;0;0;3136;0;0;88;0;30;0;
4602;1715267;977821696;13185024;1107521536;0;0;0;0;0;0;0;0;0;0;0;2755;0;0;88;0;30;0;
4603;4934274;977821696;13185024;1107521536;0;0;0;0;0;0;0;0;0;0;0;3166;0;0;88;0;30;0;
4604;3705048;977821696;13185024;1107521536;0;0;0;0;0;0;0;0;0;0;0;1923;0;0;88;0;30;0;
4605;1431224;977821696;13185024;1107521536;0;0;0;0;0;0;0;0;0;0;0;1943;0;0;88;0;30;0;
4606;2523603;977821696;13185024;1107521536;0;0;0;0;0;0;0;0;0;0;0;2815;0;0;88;0;30;0;
4607;1576607;977821696;13185024;1107521536;0;0;0;0;0;0;0;0;0;0;0;2865;0;0;88;0;30;0;
4608;2052149;977821696;13185024;1107521536;0;0;0;0;0;0;0;0;0;0;0;2826;0;0;88;0;30;0;
4609;2714961;977821696;13185024;1107521536;0;0;0;0;0;0;0;0;0;0;0;2796;0;0;88;0;30;0;
4610;1625569;977821696;13185024;1107521536;0;0;0;0;0;0;0;0;0;0;0;2765;0;0;88;0;30;0;
4611;1923528;977821696;13185024;1107521536;0;0;0;0;0;0;0;0;0;0;0;3055;0;0;88;0;30;0;
4612;2702428;977821696;13185024;1107521536;0;0;0;0;0;0;0;0;0;0;0;2685;0;0;88;0;30;0;
4613;1633874;977821696;13185024;1107521536;0;0;0;0;0;0;0;0;0;0;0;3236;0;0;88;0;30;0;
4614;2305143;977821696;13185024;1107521536;0;0;0;0;0;0;0;0;0;0;0;2735;0;0;88;0;30;0;
4615;5043177;977821696;13185024;1107521536;0;0;0;0;0;0;0;0;0;0;0;2444;0;0;88;0;30;0;
4616;3647330;977821696;13185024;1107521536;0;0;0;0;0;0;0;0;0;0;0;2014;0;0;88;0;30;0;
4617;1945779;977821696;13185024;1107521536;0;0;0;0;0;0;0;0;0;0;0;1934;0;0;88;0;30;0;
4618;3534098;977821696;13185024;1107521536;0;0;0;0;0;0;0;0;0;0;0;2925;0;0;88;0;30;0;
4619;2126388;977821696;13185024;1107521536;0;0;0;0;0;0;0;0;0;0;0;3036;0;0;88;0;30;0;
4620;1961999;977821696;13185024;1107521536;0;0;0;0;0;0;0;0;0;0;0;3336;0;0;88;0;30;0;
4621;3464106;977821696;13185024;1107521536;0;0;0;0;0;0;0;0;0;0;0;3637;0;0;88;0;30;0;
4622;1622182;977821696;13185024;1107521536;0;0;0;0;0;0;0;0;0;0;0;3537;0;0;88;0;30;0;
4623;1887309;977821696;13185024;1107521536;0;0;0;0;0;0;0;0;0;0;0;3036;0;0;88;0;30;0;
4624;2819438;977821696;13185024;1107521536;0;0;0;0;0;0;0;0;0;0;0;2775;0;0;88;0;30;0;
4625;1334132;977821696;13185024;1107521536;0;0;0;0;0;0;0;0;0;0;0;2024;0;0;88;0;30;0;
4626;1470588;977821696;13185024;1107521536;0;0;0;0;0;0;0;0;0;0;0;1963;0;0;88;0;30;0;
4627;5167711;977821696;13185024;1107521536;0;0;0;0;0;0;0;0;0;0;0;2284;0;0;88;0;30;0;
4628;3692465;980451328;18726912;1113063424;0;0;0;0;0;0;0;0;0;0;0;2144;0;0;88;0;30;0;
4629;2045426;980451328;18726912;1113063424;0;0;0;0;0;0;0;0;0;0;0;1924;0;0;88;0;30;0;
4630;1325937;980451328;18726912;1113063424;0;0;0;0;0;0;0;0;0;0;0;1973;0;0;88;0;30;0;
4631;8281090;980451328;18726912;1113063424;0;0;0;0;0;0;0;0;0;0;0;1903;0;0;88;0;30;0;
4632;1651858;980451328;18726912;1113063424;0;0;0;0;0;0;0;0;0;0;0;1984;0;0;88;0;30;0;
4633;1303184;980451328;18726912;1113063424;0;0;0;0;0;0;0;0;0;0;0;1943;0;0;88;0;30;0;
4634;2060774;980451328;18726912;1113063424;0;0;0;0;0;0;0;0;0;0;0;1863;0;0;88;0;30;0;
4635;1349391;980451328;18726912;1113063424;0;0;0;0;0;0;0;0;0;0;0;1824;0;0;88;0;30;0;
4636;1028800;980451328;18726912;1113063424;0;0;0;0;0;0;0;0;0;0;0;2855;0;0;88;0;30;0;
4637;2034465;980451328;18726912;1113063424;0;0;0;0;0;0;0;0;0;0;0;2004;0;0;88;0;30;0;
4638;1782303;980451328;18726912;1113063424;0;0;0;0;0;0;0;0;0;0;0;1964;0;0;88;0;30;0;
4639;1453305;980451328;18726912;1113063424;0;0;0;0;0;0;0;0;0;0;0;1974;0;0;88;0;30;0;
4640;4243858;980451328;18726912;1113063424;0;0;0;0;0;0;0;0;0;0;0;2214;0;0;88;0;30;0;
4641;3101797;980451328;18726912;1113063424;0;0;0;0;0;0;0;0;0;0;0;2254;0;0;88;0;30;0;
4642;1522575;980451328;18726912;1113063424;0;0;0;0;0;0;0;0;0;0;0;2014;0;0;88;0;30;0;
4643;2309672;980451328;18726912;1113063424;0;0;0;0;0;0;0;0;0;0;0;2004;0;0;88;0;30;0;
4644;1302293;980451328;18726912;1113063424;0;0;0;0;0;0;0;0;0;0;0;2023;0;0;88;0;30;0;
4645;1043246;980451328;18726912;1113063424;0;0;0;0;0;0;0;0;0;0;0;2084;0;0;88;0;30;0;
4646;2696928;982548480;18726912;1113063424;0;0;0;0;0;0;0;0;0;0;0;2736;0;0;88;0;30;0;
4647;1700088;982548480;18726912;1113063424;0;0;0;0;0;0;0;0;0;0;0;2755;0;0;88;0;30;0;
4648;1658330;982548480;18726912;1113063424;0;0;0;0;0;0;0;0;0;0;0;2765;0;0;88;0;30;0;
4649;2631134;982614016;18722816;1113059328;0;0;0;0;0;0;0;0;0;0;0;3056;0;0;88;0;30;0;
4650;1723081;982614016;18722816;1113059328;0;0;0;0;0;0;0;0;0;0;0;2124;0;0;88;0;30;0;
4651;1427808;982614016;18722816;1113059328;0;0;0;0;0;0;0;0;0;0;0;2064;0;0;88;0;30;0;
4652;4808117;982614016;18722816;1113059328;0;0;0;0;0;0;0;0;0;0;0;2655;0;0;88;0;30;0;
4653;4061367;983150592;18722816;1113059328;0;0;0;0;0;0;0;0;0;0;0;2134;0;0;88;0;30;0;
4654;1286212;983150592;18722816;1113059328;0;0;0;0;0;0;0;0;0;0;0;2214;0;0;88;0;30;0;
4655;2089739;983150592;18722816;1113059328;0;0;0;0;0;0;0;0;0;0;0;2154;0;0;88;0;30;0;
4656;1358408;983150592;18722816;1113059328;0;0;0;0;0;0;0;0;0;0;0;2164;0;0;88;0;30;0;
4657;1729614;983150592;18722816;1113059328;0;0;0;0;0;0;0;0;0;0;0;2114;0;0;88;0;30;0;
4658;2184927;983150592;18722816;1113059328;0;0;0;0;0;0;0;0;0;0;0;1773;0;0;88;0;30;0;
4659;1622913;983150592;18722816;1113059328;0;0;0;0;0;0;0;0;0;0;0;2385;0;0;88;0;30;0;
4660;1769058;983150592;18722816;1113059328;0;0;0;0;0;0;0;0;0;0;0;2054;0;0;88;0;30;0;
4661;2179016;983150592;18722816;1113059328;0;0;0;0;0;0;0;0;0;0;0;2044;0;0;88;0;30;0;
4662;1513399;983150592;18722816;1113059328;0;0;0;0;0;0;0;0;0;0;0;2175;0;0;88;0;30;0;
4663;1388444;983150592;18722816;1113059328;0;0;0;0;0;0;0;0;0;0;0;2034;0;0;88;0;30;0;
4664;4695106;983150592;18722816;1113059328;0;0;0;0;0;0;0;0;0;0;0;2154;0;0;88;0;30;0;
4665;3526463;983150592;18722816;1113059328;0;0;0;0;0;0;0;0;0;0;0;2054;0;0;88;0;30;0;
4666;2543129;983150592;18722816;1113059328;0;0;0;0;0;0;0;0;0;0;0;2164;0;0;88;0;30;0;
4667;2851888;983150592;18722816;1113059328;0;0;0;0;0;0;0;0;0;0;0;3006;0;0;88;0;30;0;
4668;1924259;983150592;18722816;1113059328;0;0;0;0;0;0;0;0;0;0;0;2876;0;0;88;0;30;0;
4669;1928166;983150592;18722816;1113059328;0;0;0;0;0;0;0;0;0;0;0;2855;0;0;88;0;30;0;
4670;2385063;983150592;18722816;1113059328;0;0;0;0;0;0;0;0;0;0;0;1984;0;0;88;0;30;0;
4671;1947893;983150592;18722816;1113059328;0;0;0;0;0;0;0;0;0;0;0;2885;0;0;88;0;30;0;
4672;2269246;983150592;18722816;1113059328;0;0;0;0;0;0;0;0;0;0;0;2926;0;0;88;0;30;0;
4673;3507067;983150592;18722816;1113059328;0;0;0;0;0;0;0;0;0;0;0;2735;0;0;88;0;30;0;
4674;2341561;983150592;18722816;1113059328;0;0;0;0;0;0;0;0;0;0;0;3166;0;0;88;0;30;0;
4675;2266621;983150592;18722816;1113059328;0;0;0;0;0;0;0;0;0;0;0;2785;0;0;88;0;30;0;
4676;5053307;983150592;18722816;1113059328;0;0;0;0;0;0;0;0;0;0;0;3567;0;0;88;0;30;0;
4677;4541067;983150592;18726912;1113063424;0;0;0;0;0;0;0;0;0;0;0;2976;0;0;88;0;30;0;
4678;2242175;983150592;18726912;1113063424;0;0;0;0;0;0;0;0;0;0;0;3186;0;0;88;0;30;0;
4679;1875948;983150592;18726912;1113063424;0;0;0;0;0;0;0;0;0;0;0;3046;0;0;88;0;30;0;
4680;2464342;983150592;18726912;1113063424;0;0;0;0;0;0;0;0;0;0;0;1863;0;0;88;0;30;0;
4681;1758227;983150592;18726912;1113063424;0;0;0;0;0;0;0;0;0;0;0;1924;0;0;88;0;30;0;
4682;1603227;983150592;18726912;1113063424;0;0;0;0;0;0;0;0;0;0;0;1944;0;0;88;0;30;0;
4683;1978471;983150592;18726912;1113063424;0;0;0;0;0;0;0;0;0;0;0;2094;0;0;88;0;30;0;
4684;1314515;983150592;18726912;1113063424;0;0;0;0;0;0;0;0;0;0;0;1974;0;0;88;0;30;0;
4685;1154485;983150592;18726912;1113063424;0;0;0;0;0;0;0;0;0;0;0;1933;0;0;88;0;30;0;
4686;2690556;983150592;18726912;1113063424;0;0;0;0;0;0;0;0;0;0;0;2595;0;0;88;0;30;0;
4687;2022403;983150592;18726912;1113063424;0;0;0;0;0;0;0;0;0;0;0;3075;0;0;88;0;30;0;
4688;1718423;983150592;18726912;1113063424;0;0;0;0;0;0;0;0;0;0;0;2715;0;0;88;0;30;0;
4689;5616653;983150592;18726912;1113063424;0;0;0;0;0;0;0;0;0;0;0;3096;0;0;88;0;30;0;
4690;4585280;983150592;18726912;1113063424;0;0;0;0;0;0;0;0;0;0;0;3035;0;0;88;0;30;0;
4691;2192391;983150592;18726912;1113063424;0;0;0;0;0;0;0;0;0;0;0;2745;0;0;88;0;30;0;
4692;3470549;983150592;18726912;1113063424;0;0;0;0;0;0;0;0;0;0;0;2815;0;0;88;0;30;0;
4693;1811267;983150592;18726912;1113063424;0;0;0;0;0;0;0;0;0;0;0;2985;0;0;88;0;30;0;
4694;1834521;983150592;18726912;1113063424;0;0;0;0;0;0;0;0;0;0;0;2795;0;0;88;0;30;0;
4695;3778296;983150592;18726912;1113063424;0;0;0;0;0;0;0;0;0;0;0;2896;0;0;88;0;30;0;
4696;1935831;983150592;18726912;1113063424;0;0;0;0;0;0;0;0;0;0;0;2875;0;0;88;0;30;0;
4697;2142868;983150592;18726912;1113063424;0;0;0;0;0;0;0;0;0;0;0;2866;0;0;88;0;30;0;
4698;3350623;983330816;18722816;1113059328;0;0;0;0;0;0;0;0;0;0;0;2846;0;0;88;0;30;0;
4699;1857313;983330816;18722816;1113059328;0;0;0;0;0;0;0;0;0;0;0;3146;0;0;88;0;30;0;
4700;2138670;983330816;18722816;1113059328;0;0;0;0;0;0;0;0;0;0;0;2856;0;0;88;0;30;0;
4701;5204931;983330816;18722816;1113059328;0;0;0;0;0;0;0;0;0;0;0;3095;0;0;88;0;30;0;
4702;4101201;983330816;18722816;1113059328;0;0;0;0;0;0;0;0;0;0;0;2996;0;0;88;0;30;0;
4703;1706951;983330816;18722816;1113059328;0;0;0;0;0;0;0;0;0;0;0;2855;0;0;88;0;30;0;
4704;1937193;983330816;18722816;1113059328;0;0;0;0;0;0;0;0;0;0;0;2285;0;0;88;0;30;0;
4705;2776857;983330816;18722816;1113059328;0;0;0;0;0;0;0;0;0;0;0;1643;0;0;88;0;30;0;
4706;1513548;983330816;18722816;1113059328;0;0;0;0;0;0;0;0;0;0;0;2104;0;0;88;0;30;0;
4707;2301546;983330816;18722816;1113059328;0;0;0;0;0;0;0;0;0;0;0;1873;0;0;88;0;30;0;
4708;1808461;983330816;18722816;1113059328;0;0;0;0;0;0;0;0;0;0;0;1893;0;0;88;0;30;0;
4709;1186034;983330816;18722816;1113059328;0;0;0;0;0;0;0;0;0;0;0;1853;0;0;88;0;30;0;
4710;2265438;977821696;13185024;1107521536;0;0;0;0;0;0;0;0;0;0;0;1914;0;0;88;0;30;0;
4711;1891978;977821696;13185024;1107521536;0;0;0;0;0;0;0;0;0;0;0;3115;0;0;88;0;30;0;
4712;2025589;977821696;13185024;1107521536;0;0;0;0;0;0;0;0;0;0;0;2855;0;0;88;0;30;0;
4713;5189152;977821696;13185024;1107521536;0;0;0;0;0;0;0;0;0;0;0;3046;0;0;88;0;30;0;
4714;4338456;977821696;13185024;1107521536;0;0;0;0;0;0;0;0;0;0;0;3156;0;0;88;0;30;0;
4715;1646217;977821696;13185024;1107521536;0;0;0;0;0;0;0;0;0;0;0;3055;0;0;88;0;30;0;
4716;2687100;977821696;13185024;1107521536;0;0;0;0;0;0;0;0;0;0;0;2886;0;0;88;0;30;0;
4717;2338135;977821696;13185024;1107521536;0;0;0;0;0;0;0;0;0;0;0;2716;0;0;88;0;30;0;
4718;1948525;977821696;13185024;1107521536;0;0;0;0;0;0;0;0;0;0;0;2715;0;0;88;0;30;0;
4719;2657604;977821696;13185024;1107521536;0;0;0;0;0;0;0;0;0;0;0;2865;0;0;88;0;30;0;
4720;1433538;977821696;13185024;1107521536;0;0;0;0;0;0;0;0;0;0;0;2916;0;0;88;0;30;0;
4721;1994451;977821696;13185024;1107521536;0;0;0;0;0;0;0;0;0;0;0;2695;0;0;88;0;30;0;
4722;2587773;977821696;13185024;1107521536;0;0;0;0;0;0;0;0;0;0;0;2895;0;0;88;0;30;0;
4723;1374688;977821696;13185024;1107521536;0;0;0;0;0;0;0;0;0;0;0;2104;0;0;88;0;30;0;
4724;1732298;977821696;13185024;1107521536;0;0;0;0;0;0;0;0;0;0;0;1974;0;0;88;0;30;0;
4725;4690797;977821696;13185024;1107521536;0;0;0;0;0;0;0;0;0;0;0;2134;0;0;88;0;30;0;
4726;2736823;977821696;13185024;1107521536;0;0;0;0;0;0;0;0;0;0;0;1984;0;0;88;0;30;0;
4727;1514059;977821696;13185024;1107521536;0;0;0;0;0;0;0;0;0;0;0;1923;0;0;88;0;30;0;
4728;2536447;977821696;13185024;1107521536;0;0;0;0;0;0;0;0;0;0;0;2524;0;0;88;0;30;0;
4729;1710678;977821696;13185024;1107521536;0;0;0;0;0;0;0;0;0;0;0;2855;0;0;88;0;30;0;
4730;1952632;977821696;13185024;1107521536;0;0;0;0;0;0;0;0;0;0;0;2835;0;0;88;0;30;0;
4731;2021982;977821696;13185024;1107521536;0;0;0;0;0;0;0;0;0;0;0;2214;0;0;88;0;30;0;
4732;1485977;977821696;13185024;1107521536;0;0;0;0;0;0;0;0;0;0;0;2044;0;0;88;0;30;0;
4733;1345082;977821696;13185024;1107521536;0;0;0;0;0;0;0;0;0;0;0;2114;0;0;88;0;30;0;
4734;2041839;977821696;13185024;1107521536;0;0;0;0;0;0;0;0;0;0;0;1943;0;0;88;0;30;0;
4735;1393463;977821696;13185024;1107521536;0;0;0;0;0;0;0;0;0;0;0;2043;0;0;88;0;30;0;
4736;1976998;977821696;13185024;1107521536;0;0;0;0;0;0;0;0;0;0;0;2144;0;0;88;0;30;0;
4737;4674025;977821696;13185024;1107521536;0;0;0;0;0;0;0;0;0;0;0;2284;0;0;88;0;30;0;
4738;3458957;980451328;18722816;1113059328;0;0;0;0;0;0;0;0;0;0;0;2013;0;0;88;0;30;0;
4739;1446953;980451328;18722816;1113059328;0;0;0;0;0;0;0;0;0;0;0;1904;0;0;88;0;30;0;
4740;2236995;980451328;18722816;1113059328;0;0;0;0;0;0;0;0;0;0;0;1914;0;0;88;0;30;0;
4741;1510062;980451328;18722816;1113059328;0;0;0;0;0;0;0;0;0;0;0;1994;0;0;88;0;30;0;
4742;1286192;980451328;18722816;1113059328;0;0;0;0;0;0;0;0;0;0;0;1983;0;0;88;0;30;0;
4743;2087946;982548480;18722816;1113059328;0;0;0;0;0;0;0;0;0;0;0;2114;0;0;88;0;30;0;
4744;1206193;982548480;18722816;1113059328;0;0;0;0;0;0;0;0;0;0;0;1904;0;0;88;0;30;0;
4745;1066650;982548480;18722816;1113059328;0;0;0;0;0;0;0;0;0;0;0;1934;0;0;88;0;30;0;
4746;1572650;982548480;18722816;1113059328;0;0;0;0;0;0;0;0;0;0;0;1903;0;0;88;0;30;0;
4747;1404514;982548480;18722816;1113059328;0;0;0;0;0;0;0;0;0;0;0;1904;0;0;88;0;30;0;
4748;1011877;982548480;18722816;1113059328;0;0;0;0;0;0;0;0;0;0;0;2134;0;0;88;0;30;0;
4749;4901322;982548480;18722816;1113059328;0;0;0;0;0;0;0;0;0;0;0;2555;0;0;88;0;30;0;
4750;3727710;982548480;18722816;1113059328;0;0;0;0;0;0;0;0;0;0;0;2906;0;0;88;0;30;0;
4751;1541180;982548480;18722816;1113059328;0;0;0;0;0;0;0;0;0;0;0;2816;0;0;88;0;30;0;
4752;2692689;982548480;18722816;1113059328;0;0;0;0;0;0;0;0;0;0;0;2806;0;0;88;0;30;0;
4753;1604209;982548480;18722816;1113059328;0;0;0;0;0;0;0;0;0;0;0;2936;0;0;88;0;30;0;
4754;2111791;982548480;18722816;1113059328;0;0;0;0;0;0;0;0;0;0;0;2885;0;0;88;0;30;0;
4755;2406783;982548480;18722816;1113059328;0;0;0;0;0;0;0;0;0;0;0;2745;0;0;88;0;30;0;
4756;1813841;982548480;18722816;1113059328;0;0;0;0;0;0;0;0;0;0;0;2915;0;0;88;0;30;0;
4757;1827668;982548480;18722816;1113059328;0;0;0;0;0;0;0;0;0;0;0;2786;0;0;88;0;30;0;
4758;2613722;982548480;18722816;1113059328;0;0;0;0;0;0;0;0;0;0;0;2675;0;0;88;0;30;0;
4759;2087194;982548480;18722816;1113059328;0;0;0;0;0;0;0;0;0;0;0;2926;0;0;88;0;30;0;
4760;1571287;982548480;18722816;1113059328;0;0;0;0;0;0;0;0;0;0;0;2755;0;0;88;0;30;0;
4761;4961225;982548480;18722816;1113059328;0;0;0;0;0;0;0;0;0;0;0;2745;0;0;88;0;30;0;
4762;3785489;982548480;18722816;1113059328;0;0;0;0;0;0;0;0;0;0;0;2836;0;0;88;0;30;0;
4763;1780689;982548480;18722816;1113059328;0;0;0;0;0;0;0;0;0;0;0;2745;0;0;88;0;30;0;
4764;2385194;982548480;18722816;1113059328;0;0;0;0;0;0;0;0;0;0;0;1953;0;0;88;0;30;0;
4765;2179527;982548480;18722816;1113059328;0;0;0;0;0;0;0;0;0;0;0;1994;0;0;88;0;30;0;
4766;1170175;982548480;18722816;1113059328;0;0;0;0;0;0;0;0;0;0;0;1913;0;0;88;0;30;0;
4767;1983830;982548480;18722816;1113059328;0;0;0;0;0;0;0;0;0;0;0;1964;0;0;88;0;30;0;
4768;1190303;982548480;18722816;1113059328;0;0;0;0;0;0;0;0;0;0;0;1934;0;0;88;0;30;0;
4769;1431525;982548480;18722816;1113059328;0;0;0;0;0;0;0;0;0;0;0;2234;0;0;88;0;30;0;
4770;2094889;977821696;13185024;1107521536;0;0;0;0;0;0;0;0;0;0;0;1944;0;0;88;0;30;0;
4771;1699718;977821696;13185024;1107521536;0;0;0;0;0;0;0;0;0;0;0;1924;0;0;88;0;30;0;
4772;1674190;977821696;13185024;1107521536;0;0;0;0;0;0;0;0;0;0;0;2445;0;0;88;0;30;0;
4773;4807746;977821696;13185024;1107521536;0;0;0;0;0;0;0;0;0;0;0;3165;0;0;88;0;30;0;
4774;4099969;980451328;18722816;1113059328;0;0;0;0;0;0;0;0;0;0;0;3026;0;0;88;0;30;0;
4775;2731232;980451328;18722816;1113059328;0;0;0;0;0;0;0;0;0;0;0;2875;0;0;88;0;30;0;
4776;2651101;980451328;18722816;1113059328;0;0;0;0;0;0;0;0;0;0;0;2826;0;0;88;0;30;0;
4777;2480582;980451328;18722816;1113059328;0;0;0;0;0;0;0;0;0;0;0;2875;0;0;88;0;30;0;
4778;1911104;980451328;18722816;1113059328;0;0;0;0;0;0;0;0;0;0;0;2004;0;0;88;0;30;0;
4779;3468755;982548480;18722816;1113059328;0;0;0;0;0;0;0;0;0;0;0;2905;0;0;88;0;30;0;
4780;1361033;982548480;18722816;1113059328;0;0;0;0;0;0;0;0;0;0;0;2766;0;0;88;0;30;0;
4781;1755242;982548480;18722816;1113059328;0;0;0;0;0;0;0;0;0;0;0;3046;0;0;88;0;30;0;
4782;2476194;982548480;18722816;1113059328;0;0;0;0;0;0;0;0;0;0;0;12674;0;0;88;0;30;0;
4783;1648491;982548480;18722816;1113059328;0;0;0;0;0;0;0;0;0;0;0;2755;0;0;88;0;30;0;
4784;2077826;982548480;18722816;1113059328;0;0;0;0;0;0;0;0;0;0;0;2805;0;0;88;0;30;0;
4785;5414514;982548480;18722816;1113059328;0;0;0;0;0;0;0;0;0;0;0;2144;0;0;88;0;30;0;
4786;2918704;982548480;18726912;1113063424;0;0;0;0;0;0;0;0;0;0;0;2194;0;0;88;0;30;0;
4787;2219172;982548480;18726912;1113063424;0;0;0;0;0;0;0;0;0;0;0;2254;0;0;88;0;30;0;
4788;1795357;982548480;18726912;1113063424;0;0;0;0;0;0;0;0;0;0;0;2094;0;0;88;0;30;0;
4789;2904807;982548480;18726912;1113063424;0;0;0;0;0;0;0;0;0;0;0;2815;0;0;88;0;30;0;
4790;1989080;982548480;18726912;1113063424;0;0;0;0;0;0;0;0;0;0;0;2905;0;0;88;0;30;0;
4791;2051808;982548480;18726912;1113063424;0;0;0;0;0;0;0;0;0;0;0;2795;0;0;88;0;30;0;
4792;2100239;982548480;18726912;1113063424;0;0;0;0;0;0;0;0;0;0;0;2865;0;0;88;0;30;0;
4793;2004630;982548480;18726912;1113063424;0;0;0;0;0;0;0;0;0;0;0;2815;0;0;88;0;30;0;
4794;2367670;982548480;18726912;1113063424;0;0;0;0;0;0;0;0;0;0;0;2865;0;0;88;0;30;0;
4795;3152092;982548480;18726912;1113063424;0;0;0;0;0;0;0;0;0;0;0;2776;0;0;88;0;30;0;
4796;2152857;982548480;18726912;1113063424;0;0;0;0;0;0;0;0;0;0;0;2906;0;0;88;0;30;0;
4797;2014869;982548480;18726912;1113063424;0;0;0;0;0;0;0;0;0;0;0;2755;0;0;88;0;30;0;
4798;4872518;982548480;18726912;1113063424;0;0;0;0;0;0;0;0;0;0;0;3417;0;0;88;0;30;0;
4799;5282637;982548480;18726912;1113063424;0;0;0;0;0;0;0;0;0;0;0;1894;0;0;88;0;30;0;
4800;1387202;982548480;18726912;1113063424;0;0;0;0;0;0;0;0;0;0;0;1914;0;0;88;0;30;0;
4801;2642866;982548480;18726912;1113063424;0;0;0;0;0;0;0;0;0;0;0;3116;0;0;88;0;30;0;
4802;2427603;982548480;18726912;1113063424;0;0;0;0;0;0;0;0;0;0;0;2815;0;0;88;0;30;0;
4803;1919661;982548480;18726912;1113063424;0;0;0;0;0;0;0;0;0;0;0;2916;0;0;88;0;30;0;
4804;3046544;982548480;18726912;1113063424;0;0;0;0;0;0;0;0;0;0;0;2424;0;0;88;0;30;0;
4805;1485095;982548480;18726912;1113063424;0;0;0;0;0;0;0;0;0;0;0;2405;0;0;88;0;30;0;
4806;1571057;982548480;18726912;1113063424;0;0;0;0;0;0;0;0;0;0;0;2314;0;0;88;0;30;0;
4807;2844805;982663168;18722816;1113059328;0;0;0;0;0;0;0;0;0;0;0;2645;0;0;88;0;30;0;
4808;2418856;982663168;18722816;1113059328;0;0;0;0;0;0;0;0;0;0;0;2485;0;0;88;0;30;0;
4809;1523367;982663168;18722816;1113059328;0;0;0;0;0;0;0;0;0;0;0;2495;0;0;88;0;30;0;
4810;5012030;982663168;18722816;1113059328;0;0;0;0;0;0;0;0;0;0;0;2164;0;0;88;0;30;0;
4811;4541757;982663168;18722816;1113059328;0;0;0;0;0;0;0;0;0;0;0;2083;0;0;88;0;30;0;
4812;2477656;982663168;18722816;1113059328;0;0;0;0;0;0;0;0;0;0;0;1914;0;0;88;0;30;0;
4813;2221897;982663168;18722816;1113059328;0;0;0;0;0;0;0;0;0;0;0;1914;0;0;88;0;30;0;
4814;2368452;982663168;18722816;1113059328;0;0;0;0;0;0;0;0;0;0;0;2615;0;0;88;0;30;0;
4815;2254087;982663168;18722816;1113059328;0;0;0;0;0;0;0;0;0;0;0;3287;0;0;88;0;30;0;
4816;2297850;982663168;18722816;1113059328;0;0;0;0;0;0;0;0;0;0;0;2104;0;0;88;0;30;0;
4817;1484484;982663168;18722816;1113059328;0;0;0;0;0;0;0;0;0;0;0;1914;0;0;88;0;30;0;
4818;2640511;982663168;18722816;1113059328;0;0;0;0;0;0;0;0;0;0;0;1994;0;0;88;0;30;0;
4819;2368693;982663168;18722816;1113059328;0;0;0;0;0;0;0;0;0;0;0;1824;0;0;88;0;30;0;
4820;1213736;982663168;18722816;1113059328;0;0;0;0;0;0;0;0;0;0;0;2404;0;0;88;0;30;0;
4821;1739452;982663168;18722816;1113059328;0;0;0;0;0;0;0;0;0;0;0;1884;0;0;88;0;30;0;
4822;5200102;982663168;18722816;1113059328;0;0;0;0;0;0;0;0;0;0;0;2324;0;0;88;0;30;0;
4823;3275864;982663168;18722816;1113059328;0;0;0;0;0;0;0;0;0;0;0;1974;0;0;88;0;30;0;
4824;1612624;982663168;18722816;1113059328;0;0;0;0;0;0;0;0;0;0;0;1974;0;0;88;0;30;0;
4825;2077626;982663168;18722816;1113059328;0;0;0;0;0;0;0;0;0;0;0;1953;0;0;88;0;30;0;
4826;2391826;982663168;18722816;1113059328;0;0;0;0;0;0;0;0;0;0;0;1963;0;0;88;0;30;0;
4827;1485476;982663168;18722816;1113059328;0;0;0;0;0;0;0;0;0;0;0;2184;0;0;88;0;30;0;
4828;2309230;982663168;18722816;1113059328;0;0;0;0;0;0;0;0;0;0;0;2254;0;0;88;0;30;0;
4829;1864276;982663168;18722816;1113059328;0;0;0;0;0;0;0;0;0;0;0;2044;0;0;88;0;30;0;
4830;2687490;982663168;18722816;1113059328;0;0;0;0;0;0;0;0;0;0;0;2795;0;0;88;0;30;0;
4831;2835438;982663168;18722816;1113059328;0;0;0;0;0;0;0;0;0;0;0;2805;0;0;88;0;30;0;
4832;1928887;982663168;18722816;1113059328;0;0;0;0;0;0;0;0;0;0;0;2334;0;0;88;0;30;0;
4833;1387272;982663168;18722816;1113059328;0;0;0;0;0;0;0;0;0;0;0;2465;0;0;88;0;30;0;
4834;4739618;982663168;18722816;1113059328;0;0;0;0;0;0;0;0;0;0;0;2594;0;0;88;0;30;0;
4835;3422849;982663168;18722816;1113059328;0;0;0;0;0;0;0;0;0;0;0;2584;0;0;88;0;30;0;
4836;1525491;982663168;18722816;1113059328;0;0;0;0;0;0;0;0;0;0;0;2395;0;0;88;0;30;0;
4837;2289995;982663168;18722816;1113059328;0;0;0;0;0;0;0;0;0;0;0;2365;0;0;88;0;30;0;
4838;2487925;982663168;18722816;1113059328;0;0;0;0;0;0;0;0;0;0;0;2505;0;0;88;0;30;0;
4839;1643162;982663168;18722816;1113059328;0;0;0;0;0;0;0;0;0;0;0;2304;0;0;88;0;30;0;
4840;2885321;982663168;18722816;1113059328;0;0;0;0;0;0;0;0;0;0;0;2374;0;0;88;0;30;0;
4841;1964945;982663168;18722816;1113059328;0;0;0;0;0;0;0;0;0;0;0;70212;0;0;88;0;30;0;
4842;1913538;982663168;18722816;1113059328;0;0;0;0;0;0;0;0;0;0;0;1924;0;0;88;0;30;0;
4843;3358188;977821696;13185024;1107521536;0;0;0;0;0;0;0;0;0;0;0;2094;0;0;88;0;30;0;
4844;1834009;977821696;13185024;1107521536;0;0;0;0;0;0;0;0;0;0;0;2013;0;0;88;0;30;0;
4845;1796078;977821696;13185024;1107521536;0;0;0;0;0;0;0;0;0;0;0;1944;0;0;88;0;30;0;
4846;4680057;977821696;13185024;1107521536;0;0;0;0;0;0;0;0;0;0;0;2204;0;0;88;0;30;0;
4847;4354066;980451328;18722816;1113059328;0;0;0;0;0;0;0;0;0;0;0;2244;0;0;88;0;30;0;
4848;2691798;980451328;18722816;1113059328;0;0;0;0;0;0;0;0;0;0;0;2905;0;0;88;0;30;0;
4849;3048888;980451328;18722816;1113059328;0;0;0;0;0;0;0;0;0;0;0;2836;0;0;88;0;30;0;
4850;2422683;980451328;18722816;1113059328;0;0;0;0;0;0;0;0;0;0;0;2876;0;0;88;0;30;0;
4851;2737463;982548480;18722816;1113059328;0;0;0;0;0;0;0;0;0;0;0;2806;0;0;88;0;30;0;
4852;1628765;982548480;18722816;1113059328;0;0;0;0;0;0;0;0;0;0;0;2906;0;0;88;0;30;0;
4853;1930591;982548480;18722816;1113059328;0;0;0;0;0;0;0;0;0;0;0;2845;0;0;88;0;30;0;
4854;2591751;982548480;18722816;1113059328;0;0;0;0;0;0;0;0;0;0;0;2886;0;0;88;0;30;0;
4855;3336277;982548480;18722816;1113059328;0;0;0;0;0;0;0;0;0;0;0;2775;0;0;88;0;30;0;
4856;2446348;982548480;18722816;1113059328;0;0;0;0;0;0;0;0;0;0;0;2375;0;0;88;0;30;0;
4857;4564570;982548480;18722816;1113059328;0;0;0;0;0;0;0;0;0;0;0;2495;0;0;88;0;30;0;
4858;3602727;982548480;18722816;1113059328;0;0;0;0;0;0;0;0;0;0;0;3076;0;0;88;0;30;0;
4859;2901190;982548480;18722816;1113059328;0;0;0;0;0;0;0;0;0;0;0;2285;0;0;88;0;30;0;
4860;1971017;982548480;18722816;1113059328;0;0;0;0;0;0;0;0;0;0;0;2334;0;0;88;0;30;0;
4861;1863144;982548480;18722816;1113059328;0;0;0;0;0;0;0;0;0;0;0;2435;0;0;88;0;30;0;
4862;2524454;982548480;18722816;1113059328;0;0;0;0;0;0;0;0;0;0;0;2344;0;0;88;0;30;0;
4863;2320141;982548480;18722816;1113059328;0;0;0;0;0;0;0;0;0;0;0;2615;0;0;88;0;30;0;
4864;2066214;982548480;18722816;1113059328;0;0;0;0;0;0;0;0;0;0;0;2454;0;0;88;0;30;0;
4865;3237221;982732800;18718720;1113055232;0;0;0;0;0;0;0;0;0;0;0;2554;0;0;88;0;30;0;
4866;2176522;982732800;18718720;1113055232;0;0;0;0;0;0;0;0;0;0;0;2554;0;0;88;0;30;0;
4867;2206748;982732800;18718720;1113055232;0;0;0;0;0;0;0;0;0;0;0;3076;0;0;88;0;30;0;
4868;5227283;982732800;18718720;1113055232;0;0;0;0;0;0;0;0;0;0;0;2775;0;0;88;0;30;0;
4869;4694604;982732800;18726912;1113063424;0;0;0;0;0;0;0;0;0;0;0;2965;0;0;88;0;30;0;
4870;3397211;982732800;18726912;1113063424;0;0;0;0;0;0;0;0;0;0;0;2886;0;0;88;0;30;0;
4871;2394851;982732800;18726912;1113063424;0;0;0;0;0;0;0;0;0;0;0;3136;0;0;88;0;30;0;
4872;3921073;982732800;18726912;1113063424;0;0;0;0;0;0;0;0;0;0;0;2785;0;0;88;0;30;0;
4873;2117972;982732800;18726912;1113063424;0;0;0;0;0;0;0;0;0;0;0;2835;0;0;88;0;30;0;
4874;2771097;982732800;18726912;1113063424;0;0;0;0;0;0;0;0;0;0;0;3116;0;0;88;0;30;0;
4875;2325551;982732800;18726912;1113063424;0;0;0;0;0;0;0;0;0;0;0;2304;0;0;88;0;30;0;
4876;1670463;982732800;18726912;1113063424;0;0;0;0;0;0;0;0;0;0;0;2485;0;0;88;0;30;0;
4877;1538455;982732800;18726912;1113063424;0;0;0;0;0;0;0;0;0;0;0;2785;0;0;88;0;30;0;
4878;1828199;982732800;18726912;1113063424;0;0;0;0;0;0;0;0;0;0;0;2485;0;0;88;0;30;0;
4879;1318373;982732800;18726912;1113063424;0;0;0;0;0;0;0;0;0;0;0;2445;0;0;88;0;30;0;
4880;1383675;982732800;18726912;1113063424;0;0;0;0;0;0;0;0;0;0;0;2615;0;0;88;0;30;0;
4881;5221602;982732800;18726912;1113063424;0;0;0;0;0;0;0;0;0;0;0;2695;0;0;88;0;30;0;
4882;4126940;982732800;18726912;1113063424;0;0;0;0;0;0;0;0;0;0;0;2434;0;0;88;0;30;0;
4883;2979948;982732800;18726912;1113063424;0;0;0;0;0;0;0;0;0;0;0;2565;0;0;88;0;30;0;
4884;3084204;982732800;18726912;1113063424;0;0;0;0;0;0;0;0;0;0;0;2425;0;0;88;0;30;0;
4885;2149501;982732800;18726912;1113063424;0;0;0;0;0;0;0;0;0;0;0;2455;0;0;88;0;30;0;
4886;2981962;982732800;18726912;1113063424;0;0;0;0;0;0;0;0;0;0;0;2494;0;0;88;0;30;0;
4887;2627738;982732800;18726912;1113063424;0;0;0;0;0;0;0;0;0;0;0;2454;0;0;88;0;30;0;
4888;2059462;982732800;18726912;1113063424;0;0;0;0;0;0;0;0;0;0;0;2304;0;0;88;0;30;0;
4889;2438783;977821696;13185024;1107521536;0;0;0;0;0;0;0;0;0;0;0;2564;0;0;88;0;30;0;
4890;1406307;977821696;13185024;1107521536;0;0;0;0;0;0;0;0;0;0;0;2405;0;0;88;0;30;0;
4891;1848657;977821696;13185024;1107521536;0;0;0;0;0;0;0;0;0;0;0;2344;0;0;88;0;30;0;
4892;4497825;977821696;13185024;1107521536;0;0;0;0;0;0;0;0;0;0;0;2564;0;0;88;0;30;0;
4893;4157176;980451328;18722816;1113059328;0;0;0;0;0;0;0;0;0;0;0;2936;0;0;88;0;30;0;
4894;3350544;980451328;18722816;1113059328;0;0;0;0;0;0;0;0;0;0;0;2445;0;0;88;0;30;0;
4895;2085801;980451328;18722816;1113059328;0;0;0;0;0;0;0;0;0;0;0;2515;0;0;88;0;30;0;
4896;1544596;980451328;18722816;1113059328;0;0;0;0;0;0;0;0;0;0;0;2475;0;0;88;0;30;0;
4897;2420519;982548480;18722816;1113059328;0;0;0;0;0;0;0;0;0;0;0;2054;0;0;88;0;30;0;
4898;1259131;982548480;18722816;1113059328;0;0;0;0;0;0;0;0;0;0;0;2144;0;0;88;0;30;0;
4899;2534833;982548480;18722816;1113059328;0;0;0;0;0;0;0;0;0;0;0;1974;0;0;88;0;30;0;
4900;2621947;982548480;18722816;1113059328;0;0;0;0;0;0;0;0;0;0;0;2014;0;0;88;0;30;0;
4901;2530436;982548480;18722816;1113059328;0;0;0;0;0;0;0;0;0;0;0;1923;0;0;88;0;30;0;
4902;2347322;982548480;18722816;1113059328;0;0;0;0;0;0;0;0;0;0;0;1913;0;0;88;0;30;0;
4903;4778041;982548480;18722816;1113059328;0;0;0;0;0;0;0;0;0;0;0;2084;0;0;88;0;30;0;
4904;3840072;982548480;18726912;1113063424;0;0;0;0;0;0;0;0;0;0;0;2785;0;0;88;0;30;0;
4905;1737058;982548480;18726912;1113063424;0;0;0;0;0;0;0;0;0;0;0;2465;0;0;88;0;30;0;
4906;2222908;982548480;18726912;1113063424;0;0;0;0;0;0;0;0;0;0;0;2454;0;0;88;0;30;0;
4907;2589567;982548480;18726912;1113063424;0;0;0;0;0;0;0;0;0;0;0;2505;0;0;88;0;30;0;
4908;1608677;982548480;18726912;1113063424;0;0;0;0;0;0;0;0;0;0;0;2395;0;0;88;0;30;0;
4909;1896828;982548480;18726912;1113063424;0;0;0;0;0;0;0;0;0;0;0;2424;0;0;88;0;30;0;
4910;2293050;982548480;18726912;1113063424;0;0;0;0;0;0;0;0;0;0;0;2414;0;0;88;0;30;0;
4911;1968282;982548480;18726912;1113063424;0;0;0;0;0;0;0;0;0;0;0;2405;0;0;88;0;30;0;
4912;1785058;982548480;18726912;1113063424;0;0;0;0;0;0;0;0;0;0;0;2334;0;0;88;0;30;0;
4913;2284544;982548480;18726912;1113063424;0;0;0;0;0;0;0;0;0;0;0;2324;0;0;88;0;30;0;
4914;1528687;982548480;18726912;1113063424;0;0;0;0;0;0;0;0;0;0;0;2415;0;0;88;0;30;0;
4915;1525020;982548480;18726912;1113063424;0;0;0;0;0;0;0;0;0;0;0;2585;0;0;88;0;30;0;
4916;5139078;982548480;18726912;1113063424;0;0;0;0;0;0;0;0;0;0;0;2716;0;0;88;0;30;0;
4917;3949467;982548480;18726912;1113063424;0;0;0;0;0;0;0;0;0;0;0;2545;0;0;88;0;30;0;
4918;2453471;982548480;18726912;1113063424;0;0;0;0;0;0;0;0;0;0;0;2395;0;0;88;0;30;0;
4919;1616712;982548480;18726912;1113063424;0;0;0;0;0;0;0;0;0;0;0;2104;0;0;88;0;30;0;
4920;1692795;982548480;18726912;1113063424;0;0;0;0;0;0;0;0;0;0;0;2255;0;0;88;0;30;0;
4921;3256016;982548480;18726912;1113063424;0;0;0;0;0;0;0;0;0;0;0;2074;0;0;88;0;30;0;
4922;1339923;982548480;18726912;1113063424;0;0;0;0;0;0;0;0;0;0;0;1953;0;0;88;0;30;0;
4923;1805876;982548480;18726912;1113063424;0;0;0;0;0;0;0;0;0;0;0;2074;0;0;88;0;30;0;
4924;2194866;982786048;18722816;1113059328;0;0;0;0;0;0;0;0;0;0;0;1843;0;0;88;0;30;0;
4925;1257498;982786048;18722816;1113059328;0;0;0;0;0;0;0;0;0;0;0;2024;0;0;88;0;30;0;
4926;1429681;982786048;18722816;1113059328;0;0;0;0;0;0;0;0;0;0;0;1923;0;0;88;0;30;0;
4927;4570521;982786048;18722816;1113059328;0;0;0;0;0;0;0;0;0;0;0;1933;0;0;88;0;30;0;
4928;2707808;982786048;18722816;1113059328;0;0;0;0;0;0;0;0;0;0;0;2595;0;0;88;0;30;0;
4929;2128962;982786048;18722816;1113059328;0;0;0;0;0;0;0;0;0;0;0;2545;0;0;88;0;30;0;
4930;1461420;982786048;18722816;1113059328;0;0;0;0;0;0;0;0;0;0;0;2384;0;0;88;0;30;0;
4931;1659633;982786048;18722816;1113059328;0;0;0;0;0;0;0;0;0;0;0;2555;0;0;88;0;30;0;
4932;1909832;982786048;18722816;1113059328;0;0;0;0;0;0;0;0;0;0;0;2755;0;0;88;0;30;0;
4933;1219427;982786048;18722816;1113059328;0;0;0;0;0;0;0;0;0;0;0;2404;0;0;88;0;30;0;
4934;1464236;982786048;18722816;1113059328;0;0;0;0;0;0;0;0;0;0;0;2575;0;0;88;0;30;0;
4935;2294954;982786048;18722816;1113059328;0;0;0;0;0;0;0;0;0;0;0;2224;0;0;88;0;30;0;
4936;1605571;982786048;18722816;1113059328;0;0;0;0;0;0;0;0;0;0;0;1873;0;0;88;0;30;0;
4937;1443788;982786048;18722816;1113059328;0;0;0;0;0;0;0;0;0;0;0;2034;0;0;88;0;30;0;
4938;5204570;982786048;18722816;1113059328;0;0;0;0;0;0;0;0;0;0;0;1823;0;0;88;0;30;0;
4939;3400047;982786048;18722816;1113059328;0;0;0;0;0;0;0;0;0;0;0;2064;0;0;88;0;30;0;
4940;2260209;982786048;18722816;1113059328;0;0;0;0;0;0;0;0;0;0;0;1844;0;0;88;0;30;0;
4941;1377543;982786048;18722816;1113059328;0;0;0;0;0;0;0;0;0;0;0;2415;0;0;88;0;30;0;
4942;1570355;982786048;18722816;1113059328;0;0;0;0;0;0;0;0;0;0;0;2455;0;0;88;0;30;0;
4943;2340109;982786048;18722816;1113059328;0;0;0;0;0;0;0;0;0;0;0;2334;0;0;88;0;30;0;
4944;1799665;982786048;18722816;1113059328;0;0;0;0;0;0;0;0;0;0;0;1904;0;0;88;0;30;0;
4945;1903179;982786048;18722816;1113059328;0;0;0;0;0;0;0;0;0;0;0;1954;0;0;88;0;30;0;
4946;1446923;982786048;18722816;1113059328;0;0;0;0;0;0;0;0;0;0;0;1923;0;0;88;0;30;0;
4947;1354681;982786048;18722816;1113059328;0;0;0;0;0;0;0;0;0;0;0;1934;0;0;88;0;30;0;
4948;4590589;982786048;18722816;1113059328;0;0;0;0;0;0;0;0;0;0;0;1904;0;0;88;0;30;0;
4949;3041935;982786048;18722816;1113059328;0;0;0;0;0;0;0;0;0;0;0;2494;0;0;88;0;30;0;
4950;2205055;982786048;18722816;1113059328;0;0;0;0;0;0;0;0;0;0;0;2334;0;0;88;0;30;0;
4951;1308685;982786048;18722816;1113059328;0;0;0;0;0;0;0;0;0;0;0;1993;0;0;88;0;30;0;
4952;2187422;982786048;18722816;1113059328;0;0;0;0;0;0;0;0;0;0;0;1974;0;0;88;0;30;0;
4953;1408150;982786048;18722816;1113059328;0;0;0;0;0;0;0;0;0;0;0;2124;0;0;88;0;30;0;
4954;1819953;982786048;18722816;1113059328;0;0;0;0;0;0;0;0;0;0;0;1923;0;0;88;0;30;0;
4955;2159160;982822912;18718720;1113055232;0;0;0;0;0;0;0;0;0;0;0;2154;0;0;88;0;30;0;
4956;1264221;982822912;18718720;1113055232;0;0;0;0;0;0;0;0;0;0;0;1924;0;0;88;0;30;0;
4957;1485555;982822912;18718720;1113055232;0;0;0;0;0;0;0;0;0;0;0;2184;0;0;88;0;30;0;
4958;4194677;982822912;18718720;1113055232;0;0;0;0;0;0;0;0;0;0;0;2184;0;0;88;0;30;0;
4959;3345293;982822912;18722816;1113059328;0;0;0;0;0;0;0;0;0;0;0;2856;0;0;88;0;30;0;
4960;2291588;982822912;18722816;1113059328;0;0;0;0;0;0;0;0;0;0;0;2845;0;0;88;0;30;0;
4961;1909631;982822912;18722816;1113059328;0;0;0;0;0;0;0;0;0;0;0;2555;0;0;88;0;30;0;
4962;2770145;982822912;18722816;1113059328;0;0;0;0;0;0;0;0;0;0;0;2605;0;0;88;0;30;0;
4963;1686262;982822912;18722816;1113059328;0;0;0;0;0;0;0;0;0;0;0;2354;0;0;88;0;30;0;
4964;2012745;982822912;18722816;1113059328;0;0;0;0;0;0;0;0;0;0;0;2034;0;0;88;0;30;0;
4965;2313398;982822912;18722816;1113059328;0;0;0;0;0;0;0;0;0;0;0;1863;0;0;88;0;30;0;
4966;1732038;982822912;18722816;1113059328;0;0;0;0;0;0;0;0;0;0;0;2134;0;0;88;0;30;0;
4967;1955157;982822912;18722816;1113059328;0;0;0;0;0;0;0;0;0;0;0;2174;0;0;88;0;30;0;
4968;4969410;982822912;18722816;1113059328;0;0;0;0;0;0;0;0;0;0;0;2185;0;0;88;0;30;0;
4969;3923448;982822912;18722816;1113059328;0;0;0;0;0;0;0;0;0;0;0;2605;0;0;88;0;30;0;
4970;2477166;982822912;18722816;1113059328;0;0;0;0;0;0;0;0;0;0;0;2515;0;0;88;0;30;0;
4971;3076770;982822912;18722816;1113059328;0;0;0;0;0;0;0;0;0;0;0;7374;0;0;88;0;31;0;
4972;3624237;982822912;18722816;1113059328;0;0;0;0;0;0;0;0;0;0;0;2144;0;0;88;0;31;0;
4973;4061487;982822912;18722816;1113059328;0;0;0;0;0;0;0;0;0;0;0;7074;0;0;88;0;31;0;
4974;2232827;982822912;18722816;1113059328;0;0;0;0;0;0;0;0;0;0;0;2715;0;0;88;0;31;0;
4975;4145955;982822912;18722816;1113059328;0;0;0;0;0;0;0;0;0;0;0;3657;0;0;88;0;31;0;
4976;1849318;982822912;18722816;1113059328;0;0;0;0;0;0;0;0;0;0;0;2435;0;0;88;0;31;0;
4977;1809303;982822912;18722816;1113059328;0;0;0;0;0;0;0;0;0;0;0;2515;0;0;88;0;31;0;
4978;5239085;982822912;18722816;1113059328;0;0;0;0;0;0;0;0;0;0;0;2695;0;0;88;0;31;0;
4979;4167416;982822912;18726912;1113063424;0;0;0;0;0;0;0;0;0;0;0;2124;0;0;88;0;31;0;
4980;2151084;982822912;18726912;1113063424;0;0;0;0;0;0;0;0;0;0;0;2495;0;0;88;0;31;0;
4981;2867839;982822912;18726912;1113063424;0;0;0;0;0;0;0;0;0;0;0;2415;0;0;88;0;31;0;
4982;1682386;982822912;18726912;1113063424;0;0;0;0;0;0;0;0;0;0;0;2304;0;0;88;0;31;0;
4983;1706129;982822912;18726912;1113063424;0;0;0;0;0;0;0;0;0;0;0;2053;0;0;88;0;31;0;
4984;2606649;982822912;18726912;1113063424;0;0;0;0;0;0;0;0;0;0;0;1914;0;0;88;0;31;0;
4985;1504672;982822912;18726912;1113063424;0;0;0;0;0;0;0;0;0;0;0;2034;0;0;88;0;31;0;
4986;1839660;982822912;18726912;1113063424;0;0;0;0;0;0;0;0;0;0;0;1933;0;0;88;0;31;0;
4987;2695134;982822912;18726912;1113063424;0;0;0;0;0;0;0;0;0;0;0;1884;0;0;88;0;31;0;
4988;1948875;982822912;18726912;1113063424;0;0;0;0;0;0;0;0;0;0;0;1954;0;0;88;0;31;0;
4989;1954135;982822912;18726912;1113063424;0;0;0;0;0;0;0;0;0;0;0;2905;0;0;88;0;32;0;
4990;4687010;982822912;18726912;1113063424;0;0;0;0;0;0;0;0;0;0;0;2264;0;0;88;0;32;0;
4991;3096457;982822912;18726912;1113063424;0;0;0;0;0;0;0;0;0;0;0;2825;0;0;88;0;32;0;
4992;2438844;982822912;18726912;1113063424;0;0;0;0;0;0;0;0;0;0;0;2044;0;0;88;0;32;0;
4993;1865328;982822912;18726912;1113063424;0;0;0;0;0;0;0;0;0;0;0;2194;0;0;88;0;32;0;
4994;2527510;982822912;18726912;1113063424;0;0;0;0;0;0;0;0;0;0;0;1954;0;0;88;0;32;0;
4995;1623675;982822912;18726912;1113063424;0;0;0;0;0;0;0;0;0;0;0;2174;0;0;88;0;32;0;
4996;1757606;982822912;18726912;1113063424;0;0;0;0;0;0;0;0;0;0;0;2184;0;0;88;0;32;0;
4997;2394271;982859776;18722816;1113059328;0;0;0;0;0;0;0;0;0;0;0;2525;0;0;88;0;32;0;
4998;2187894;982859776;18722816;1113059328;0;0;0;0;0;0;0;0;0;0;0;2364;0;0;88;0;32;0;
4999;2359325;982859776;18722816;1113059328;0;0;0;0;0;0;0;0;0;0;0;2735;0;0;88;0;32;0;
5000;4544363;982859776;18722816;1113059328;0;0;0;0;0;0;0;0;0;0;0;2485;0;0;88;0;32;0;
5001;3809193;982859776;18722816;1113059328;0;0;0;0;0;0;0;0;0;0;0;1984;0;0;88;0;32;0;
5002;2047500;982859776;18722816;1113059328;0;0;0;0;0;0;0;0;0;0;0;1994;0;0;88;0;32;0;
5003;1693095;982859776;18722816;1113059328;0;0;0;0;0;0;0;0;0;0;0;2014;0;0;88;0;32;0;
5004;1844819;982859776;18722816;1113059328;0;0;0;0;0;0;0;0;0;0;0;2144;0;0;88;0;32;0;
5005;1927565;982859776;18722816;1113059328;0;0;0;0;0;0;0;0;0;0;0;2104;0;0;88;0;32;0;
5006;1958262;982859776;18722816;1113059328;0;0;0;0;0;0;0;0;0;0;0;2064;0;0;88;0;32;0;
5007;2283302;982859776;18722816;1113059328;0;0;0;0;0;0;0;0;0;0;0;2284;0;0;88;0;32;0;
5008;1781101;982859776;18722816;1113059328;0;0;0;0;0;0;0;0;0;0;0;2254;0;0;88;0;32;0;
5009;1446342;982859776;18722816;1113059328;0;0;0;0;0;0;0;0;0;0;0;3627;0;0;88;0;34;0;
5010;4649900;982859776;18722816;1113059328;0;0;0;0;0;0;0;0;0;0;0;2495;0;0;88;0;34;0;
5011;3121063;982859776;18722816;1113059328;0;0;0;0;0;0;0;0;0;0;0;2384;0;0;88;0;34;0;
5012;2277311;982859776;18722816;1113059328;0;0;0;0;0;0;0;0;0;0;0;2093;0;0;88;0;34;0;
5013;1848868;982859776;18722816;1113059328;0;0;0;0;0;0;0;0;0;0;0;2434;0;0;88;0;34;0;
5014;2403167;982859776;18722816;1113059328;0;0;0;0;0;0;0;0;0;0;0;1934;0;0;88;0;34;0;
5015;2176872;982859776;18722816;1113059328;0;0;0;0;0;0;0;0;0;0;0;2555;0;0;88;0;34;0;
5016;1615690;982859776;18722816;1113059328;0;0;0;0;0;0;0;0;0;0;0;2475;0;0;88;0;34;0;
5017;2012544;982859776;18722816;1113059328;0;0;0;0;0;0;0;0;0;0;0;2004;0;0;88;0;34;0;
5018;1242219;982859776;18722816;1113059328;0;0;0;0;0;0;0;0;0;0;0;2174;0;0;88;0;34;0;
5019;1391440;982859776;18722816;1113059328;0;0;0;0;0;0;0;0;0;0;0;1974;0;0;88;0;34;0;
5020;4873390;982859776;18722816;1113059328;0;0;0;0;0;0;0;0;0;0;0;1994;0;0;88;0;34;0;
5021;4008698;982859776;18722816;1113059328;0;0;0;0;0;0;0;0;0;0;0;2465;0;0;88;0;34;0;
5022;2181841;982859776;18722816;1113059328;0;0;0;0;0;0;0;0;0;0;0;2415;0;0;88;0;34;0;
5023;2642826;982859776;18722816;1113059328;0;0;0;0;0;0;0;0;0;0;0;3587;0;0;88;0;35;0;
5024;2196379;982859776;18722816;1113059328;0;0;0;0;0;0;0;0;0;0;0;2524;0;0;88;0;35;0;
5025;1802831;982859776;18722816;1113059328;0;0;0;0;0;0;0;0;0;0;0;1964;0;0;88;0;35;0;
5026;2038112;982859776;18722816;1113059328;0;0;0;0;0;0;0;0;0;0;0;1964;0;0;88;0;35;0;
5027;2390293;982859776;18722816;1113059328;0;0;0;0;0;0;0;0;0;0;0;2044;0;0;88;0;35;0;
5028;1443858;982859776;18722816;1113059328;0;0;0;0;0;0;0;0;0;0;0;2174;0;0;88;0;35;0;
5029;1707432;982859776;18722816;1113059328;0;0;0;0;0;0;0;0;0;0;0;2004;0;0;88;0;35;0;
5030;4866236;982859776;18722816;1113059328;0;0;0;0;0;0;0;0;0;0;0;2124;0;0;88;0;35;0;
5031;3404685;982859776;18726912;1113063424;0;0;0;0;0;0;0;0;0;0;0;3967;0;0;88;0;36;0;
5032;2113153;982859776;18726912;1113063424;0;0;0;0;0;0;0;0;0;0;0;2044;0;0;88;0;36;0;
5033;8699155;982859776;18726912;1113063424;0;0;0;0;0;0;0;0;0;0;0;1843;0;0;88;0;36;0;
5034;2001573;982859776;18726912;1113063424;0;0;0;0;0;0;0;0;0;0;0;1884;0;0;88;0;36;0;
5035;1187717;982859776;18726912;1113063424;0;0;0;0;0;0;0;0;0;0;0;2034;0;0;88;0;36;0;
5036;2689283;982859776;18726912;1113063424;0;0;0;0;0;0;0;0;0;0;0;2124;0;0;88;0;36;0;
5037;2294763;982859776;18726912;1113063424;0;0;0;0;0;0;0;0;0;0;0;2194;0;0;88;0;36;0;
5038;1734864;982859776;18726912;1113063424;0;0;0;0;0;0;0;0;0;0;0;2124;0;0;88;0;36;0;
5039;2342082;982859776;18726912;1113063424;0;0;0;0;0;0;0;0;0;0;0;2295;0;0;88;0;36;0;
5040;1984271;982859776;18726912;1113063424;0;0;0;0;0;0;0;0;0;0;0;1954;0;0;88;0;36;0;
5041;2205146;982859776;18726912;1113063424;0;0;0;0;0;0;0;0;0;0;0;1974;0;0;88;0;36;0;
5042;4150925;982859776;18726912;1113063424;0;0;0;0;0;0;0;0;0;0;0;2074;0;0;88;0;36;0;
5043;5500575;982859776;18726912;1113063424;0;0;0;0;0;0;0;0;0;0;0;2174;0;0;88;0;36;0;
5044;2036108;982859776;18726912;1113063424;0;0;0;0;0;0;0;0;0;0;0;2354;0;0;88;0;36;0;
5045;1363457;982859776;18726912;1113063424;0;0;0;0;0;0;0;0;0;0;0;1934;0;0;88;0;36;0;
5046;2245031;982859776;18726912;1113063424;0;0;0;0;0;0;0;0;0;0;0;2154;0;0;88;0;36;0;
5047;2495951;982859776;18726912;1113063424;0;0;0;0;0;0;0;0;0;0;0;2194;0;0;88;0;36;0;
5048;2337775;982859776;18726912;1113063424;0;0;0;0;0;0;0;0;0;0;0;2134;0;0;88;0;36;0;
5049;2714521;982908928;18722816;1113059328;0;0;0;0;0;0;0;0;0;0;0;1984;0;0;88;0;36;0;
5050;2176712;982908928;18722816;1113059328;0;0;0;0;0;0;0;0;0;0;0;121969;0;0;88;0;36;0;
5051;1983971;982908928;18722816;1113059328;0;0;0;0;0;0;0;0;0;0;0;1974;0;0;88;0;36;0;
5052;4904087;982908928;18722816;1113059328;0;0;0;0;0;0;0;0;0;0;0;2034;0;0;88;0;36;0;
5053;3292614;982908928;18722816;1113059328;0;0;0;0;0;0;0;0;0;0;0;1944;0;0;88;0;36;0;
5054;2304662;982908928;18722816;1113059328;0;0;0;0;0;0;0;0;0;0;0;2013;0;0;88;0;36;0;
5055;2167475;982908928;18722816;1113059328;0;0;0;0;0;0;0;0;0;0;0;1994;0;0;88;0;36;0;
5056;3448878;982908928;18722816;1113059328;0;0;0;0;0;0;0;0;0;0;0;1924;0;0;88;0;36;0;
5057;1943435;982908928;18722816;1113059328;0;0;0;0;0;0;0;0;0;0;0;124303;0;0;88;0;36;0;
5058;2939272;977821696;13185024;1107521536;0;0;0;0;0;0;0;0;0;0;0;1964;0;0;88;0;36;0;
5059;1876259;977821696;13185024;1107521536;0;0;0;0;0;0;0;0;0;0;0;2464;0;0;88;0;36;0;
5060;1952552;977821696;13185024;1107521536;0;0;0;0;0;0;0;0;0;0;0;1933;0;0;88;0;36;0;
5061;4406414;977821696;13185024;1107521536;0;0;0;0;0;0;0;0;0;0;0;2164;0;0;88;0;36;0;
5062;4043673;977821696;13189120;1107525632;0;0;0;0;0;0;0;0;0;0;0;2104;0;0;88;0;36;0;
5063;2474221;977821696;13189120;1107525632;0;0;0;0;0;0;0;0;0;0;0;2014;0;0;88;0;36;0;
5064;2074210;977821696;13189120;1107525632;0;0;0;0;0;0;0;0;0;0;0;1964;0;0;88;0;36;0;
5065;3050240;977821696;13189120;1107525632;0;0;0;0;0;0;0;0;0;0;0;1984;0;0;88;0;36;0;
5066;2120166;977821696;13189120;1107525632;0;0;0;0;0;0;0;0;0;0;0;4098;0;0;88;0;37;0;
5067;5160488;977821696;13189120;1107525632;0;0;0;0;0;0;0;0;0;0;0;2605;0;0;88;0;37;0;
5068;4448773;977821696;13189120;1107525632;0;0;0;0;0;0;0;0;0;0;0;2475;0;0;88;0;37;0;
5069;1662378;977821696;13189120;1107525632;0;0;0;0;0;0;0;0;0;0;0;2585;0;0;88;0;37;0;
5070;2328126;977821696;13189120;1107525632;0;0;0;0;0;0;0;0;0;0;0;2454;0;0;88;0;37;0;
5071;1578260;977821696;13189120;1107525632;0;0;0;0;0;0;0;0;0;0;0;2665;0;0;88;0;37;0;
5072;3009274;977821696;13189120;1107525632;0;0;0;0;0;0;0;0;0;0;0;2435;0;0;88;0;37;0;
5073;2218500;977821696;13189120;1107525632;0;0;0;0;0;0;0;0;0;0;0;2435;0;0;88;0;37;0;
5074;2231425;977821696;13189120;1107525632;0;0;0;0;0;0;0;0;0;0;0;5240;0;0;88;0;37;0;
5075;1966057;977821696;13189120;1107525632;0;0;0;0;0;0;0;0;0;0;0;2474;0;0;88;0;37;0;
5076;1578220;977821696;13189120;1107525632;0;0;0;0;0;0;0;0;0;0;0;2474;0;0;88;0;37;0;
5077;1748910;977821696;13189120;1107525632;0;0;0;0;0;0;0;0;0;0;0;2605;0;0;88;0;37;0;
5078;5378987;980451328;18726912;1113063424;0;0;0;0;0;0;0;0;0;0;0;2765;0;0;88;0;37;0;
5079;4212210;980451328;18726912;1113063424;0;0;0;0;0;0;0;0;0;0;0;2144;0;0;88;0;37;0;
5080;2590638;980451328;18726912;1113063424;0;0;0;0;0;0;0;0;0;0;0;2465;0;0;88;0;37;0;
5081;2370455;980451328;18726912;1113063424;0;0;0;0;0;0;0;0;0;0;0;2344;0;0;88;0;37;0;
5082;3309897;982548480;18726912;1113063424;0;0;0;0;0;0;0;0;0;0;0;2484;0;0;88;0;37;0;
5083;2492685;982548480;18726912;1113063424;0;0;0;0;0;0;0;0;0;0;0;3957;0;0;88;0;39;0;
5084;5492360;982548480;18726912;1113063424;0;0;0;0;0;0;0;0;0;0;0;2665;0;0;88;0;39;0;
5085;3951911;982814720;18726912;1113063424;0;0;0;0;0;0;0;0;0;0;0;1734;0;0;88;0;39;0;
5086;2504878;982814720;18726912;1113063424;0;0;0;0;0;0;0;0;0;0;0;2555;0;0;88;0;39;0;
5087;2955312;982814720;18726912;1113063424;0;0;0;0;0;0;0;0;0;0;0;2545;0;0;88;0;39;0;
5088;2116900;982814720;18726912;1113063424;0;0;0;0;0;0;0;0;0;0;0;2435;0;0;88;0;39;0;
5089;2292469;982814720;18726912;1113063424;0;0;0;0;0;0;0;0;0;0;0;2495;0;0;88;0;39;0;
5090;2165301;982814720;18726912;1113063424;0;0;0;0;0;0;0;0;0;0;0;2504;0;0;88;0;39;0;
5091;2063430;982814720;18726912;1113063424;0;0;0;0;0;0;0;0;0;0;0;2484;0;0;88;0;39;0;
5092;2272502;982814720;18726912;1113063424;0;0;0;0;0;0;0;0;0;0;0;2395;0;0;88;0;39;0;
5093;2359465;982814720;18726912;1113063424;0;0;0;0;0;0;0;0;0;0;0;2595;0;0;88;0;39;0;
5094;2168036;982814720;18726912;1113063424;0;0;0;0;0;0;0;0;0;0;0;2425;0;0;88;0;39;0;
5095;5264853;982814720;18726912;1113063424;0;0;0;0;0;0;0;0;0;0;0;2414;0;0;88;0;39;0;
5096;3545159;982814720;18726912;1113063424;0;0;0;0;0;0;0;0;0;0;0;2004;0;0;88;0;39;0;
5097;2501080;982814720;18726912;1113063424;0;0;0;0;0;0;0;0;0;0;0;2194;0;0;88;0;39;0;
5098;1789576;982814720;18726912;1113063424;0;0;0;0;0;0;0;0;0;0;0;2063;0;0;88;0;39;0;
5099;2030458;982814720;18726912;1113063424;0;0;0;0;0;0;0;0;0;0;0;1994;0;0;88;0;39;0;
5100;1850029;982814720;18726912;1113063424;0;0;0;0;0;0;0;0;0;0;0;2144;0;0;88;0;39;0;
5101;5000057;982814720;18726912;1113063424;0;0;0;0;0;0;0;0;0;0;0;1964;0;0;88;0;39;0;
5102;3031204;982958080;18722816;1113059328;0;0;0;0;0;0;0;0;0;0;0;2755;0;0;88;0;39;0;
5103;2836399;982958080;18722816;1113059328;0;0;0;0;0;0;0;0;0;0;0;2535;0;0;88;0;39;0;
5104;2083117;982958080;18722816;1113059328;0;0;0;0;0;0;0;0;0;0;0;2375;0;0;88;0;39;0;
5105;3081489;982958080;18722816;1113059328;0;0;0;0;0;0;0;0;0;0;0;2455;0;0;88;0;39;0;
5106;1772764;982958080;18722816;1113059328;0;0;0;0;0;0;0;0;0;0;0;2555;0;0;88;0;39;0;
5107;4910099;982958080;18722816;1113059328;0;0;0;0;0;0;0;0;0;0;0;2495;0;0;88;0;39;0;
5108;3650997;982958080;18722816;1113059328;0;0;0;0;0;0;0;0;0;0;0;2985;0;0;88;0;39;0;
5109;2945594;977817600;13180928;1107517440;0;0;0;0;0;0;0;0;0;0;0;2374;0;0;88;0;39;0;
5110;2402917;977817600;13180928;1107517440;0;0;0;0;0;0;0;0;0;0;0;1994;0;0;88;0;39;0;
5111;2958578;977817600;13180928;1107517440;0;0;0;0;0;0;0;0;0;0;0;1983;0;0;88;0;39;0;
5112;1909932;977817600;13180928;1107517440;0;0;0;0;0;0;0;0;0;0;0;2434;0;0;88;0;39;0;
5113;4656733;977817600;13180928;1107517440;0;0;0;0;0;0;0;0;0;0;0;2374;0;0;88;0;39;0;
5114;5742600;977817600;13180928;1107517440;0;0;0;0;0;0;0;0;0;0;0;3697;0;0;88;0;39;0;
5115;2874971;977817600;13180928;1107517440;0;0;0;0;0;0;0;0;0;0;0;2134;0;0;88;0;39;0;
5116;1907106;977817600;13180928;1107517440;0;0;0;0;0;0;0;0;0;0;0;2264;0;0;88;0;39;0;
5117;2990478;977817600;13180928;1107517440;0;0;0;0;0;0;0;0;0;0;0;1933;0;0;88;0;39;0;
5118;2308029;977817600;13180928;1107517440;0;0;0;0;0;0;0;0;0;0;0;1764;0;0;88;0;39;0;
5119;6002236;977817600;13180928;1107517440;0;0;0;0;0;0;0;0;0;0;0;2044;0;0;88;0;39;0;
5120;3530141;977817600;13185024;1107521536;0;0;0;0;0;0;0;0;0;0;0;3487;0;0;88;0;39;0;
5121;2409148;977817600;13185024;1107521536;0;0;0;0;0;0;0;0;0;0;0;4528;0;0;88;0;40;0;
5122;2731242;977817600;13185024;1107521536;0;0;0;0;0;0;0;0;0;0;0;2385;0;0;88;0;40;0;
5123;2899027;977817600;13185024;1107521536;0;0;0;0;0;0;0;0;0;0;0;3366;0;0;88;0;40;0;
5124;3580285;977817600;13185024;1107521536;0;0;0;0;0;0;0;0;0;0;0;2585;0;0;88;0;40;0;
5125;3110734;977817600;13185024;1107521536;0;0;0;0;0;0;0;0;0;0;0;2675;0;0;88;0;40;0;
5126;2503916;977817600;13185024;1107521536;0;0;0;0;0;0;0;0;0;0;0;2545;0;0;88;0;40;0;
5127;3390960;977817600;13185024;1107521536;0;0;0;0;0;0;0;0;0;0;0;2164;0;0;88;0;40;0;
5128;2822013;977817600;13185024;1107521536;0;0;0;0;0;0;0;0;0;0;0;2204;0;0;88;0;40;0;
5129;2147838;977817600;13185024;1107521536;0;0;0;0;0;0;0;0;0;0;0;2103;0;0;88;0;40;0;
5130;6623943;980713472;18722816;1113059328;0;0;0;0;0;0;0;0;0;0;0;3657;0;0;88;0;40;0;
5131;4347283;980713472;18722816;1113059328;0;0;0;0;0;0;0;0;0;0;0;2766;0;0;88;0;40;0;
5132;4123232;980713472;18722816;1113059328;0;0;0;0;0;0;0;0;0;0;0;2124;0;0;88;0;40;0;
5133;2464923;980713472;18722816;1113059328;0;0;0;0;0;0;0;0;0;0;0;2134;0;0;88;0;40;0;
5134;3497930;982810624;18722816;1113059328;0;0;0;0;0;0;0;0;0;0;0;2114;0;0;88;0;40;0;
5135;2290756;982810624;18722816;1113059328;0;0;0;0;0;0;0;0;0;0;0;2174;0;0;88;0;40;0;
5136;5049890;983076864;18722816;1113059328;0;0;0;0;0;0;0;0;0;0;0;1964;0;0;88;0;40;0;
5137;4432452;983076864;18731008;1113067520;0;0;0;0;0;0;0;0;0;0;0;4389;0;0;88;0;40;0;
5138;2902473;983076864;18731008;1113067520;0;0;0;0;0;0;0;0;0;0;0;2425;0;0;88;0;40;0;
5139;3080247;983076864;18731008;1113067520;0;0;0;0;0;0;0;0;0;0;0;2244;0;0;88;0;40;0;
5140;1963192;983076864;18731008;1113067520;0;0;0;0;0;0;0;0;0;0;0;2315;0;0;88;0;40;0;
5141;2975200;983076864;18731008;1113067520;0;0;0;0;0;0;0;0;0;0;0;2074;0;0;88;0;40;0;
5142;2932299;983076864;18731008;1113067520;0;0;0;0;0;0;0;0;0;0;0;2625;0;0;88;0;40;0;
5143;2512502;983076864;18731008;1113067520;0;0;0;0;0;0;0;0;0;0;0;2755;0;0;88;0;40;0;
5144;2585429;983076864;18731008;1113067520;0;0;0;0;0;0;0;0;0;0;0;2484;0;0;88;0;40;0;
5145;2177243;983076864;18731008;1113067520;0;0;0;0;0;0;0;0;0;0;0;2464;0;0;88;0;40;0;
5146;1890716;983076864;18731008;1113067520;0;0;0;0;0;0;0;0;0;0;0;2465;0;0;88;0;40;0;
5147;4766068;983076864;18731008;1113067520;0;0;0;0;0;0;0;0;0;0;0;2645;0;0;88;0;40;0;
5148;4183275;983076864;18731008;1113067520;0;0;0;0;0;0;0;0;0;0;0;3837;0;0;88;0;40;0;
5149;3255325;983076864;18731008;1113067520;0;0;0;0;0;0;0;0;0;0;0;2825;0;0;88;0;40;0;
5150;3169775;983076864;18731008;1113067520;0;0;0;0;0;0;0;0;0;0;0;2625;0;0;88;0;40;0;
5151;3447164;983076864;18731008;1113067520;0;0;0;0;0;0;0;0;0;0;0;2965;0;0;88;0;40;0;
5152;2723146;983076864;18731008;1113067520;0;0;0;0;0;0;0;0;0;0;0;3066;0;0;88;0;40;0;
5153;6539154;983076864;18731008;1113067520;0;0;0;0;0;0;0;0;0;0;0;2615;0;0;88;0;40;0;
5154;6414940;983289856;18726912;1113063424;0;0;0;0;0;0;0;0;0;0;0;2706;0;0;88;0;40;0;
5155;2255049;983289856;18726912;1113063424;0;0;0;0;0;0;0;0;0;0;0;2465;0;0;88;0;40;0;
5156;2109426;983289856;18726912;1113063424;0;0;0;0;0;0;0;0;0;0;0;1904;0;0;88;0;40;0;
5157;2535044;983289856;18726912;1113063424;0;0;0;0;0;0;0;0;0;0;0;2174;0;0;88;0;40;0;
5158;3224357;983289856;18726912;1113063424;0;0;0;0;0;0;0;0;0;0;0;2064;0;0;88;0;40;0;
5159;2258656;983289856;18726912;1113063424;0;0;0;0;0;0;0;0;0;0;0;3477;0;0;88;0;40;0;
5160;2712096;983289856;18726912;1113063424;0;0;0;0;0;0;0;0;0;0;0;3347;0;0;88;0;40;0;
5161;3244395;983289856;18726912;1113063424;0;0;0;0;0;0;0;0;0;0;0;4238;0;0;88;0;40;0;
5162;2583645;983289856;18726912;1113063424;0;0;0;0;0;0;0;0;0;0;0;41067;0;0;88;0;40;0;
5163;5276996;983289856;18726912;1113063424;0;0;0;0;0;0;0;0;0;0;0;4479;0;0;88;0;40;0;
5164;4711766;983289856;18726912;1113063424;0;0;0;0;0;0;0;0;0;0;0;5210;0;0;88;0;40;0;
5165;3155708;983289856;18726912;1113063424;0;0;0;0;0;0;0;0;0;0;0;2826;0;0;88;0;40;0;
5166;2889309;983289856;18726912;1113063424;0;0;0;0;0;0;0;0;0;0;0;2034;0;0;88;0;40;0;
5167;3401519;983289856;18726912;1113063424;0;0;0;0;0;0;0;0;0;0;0;2214;0;0;88;0;40;0;
5168;2281970;983289856;18726912;1113063424;0;0;0;0;0;0;0;0;0;0;0;2054;0;0;88;0;40;0;
5169;5443168;983289856;18726912;1113063424;0;0;0;0;0;0;0;0;0;0;0;1953;0;0;88;0;40;0;
5170;5464147;983289856;18726912;1113063424;0;0;0;0;0;0;0;0;0;0;0;6783;0;0;88;0;40;0;
5171;2996389;983289856;18726912;1113063424;0;0;0;0;0;0;0;0;0;0;0;2003;0;0;88;0;40;0;
5172;1710838;983289856;18726912;1113063424;0;0;0;0;0;0;0;0;0;0;0;2094;0;0;88;0;40;0;
5173;3806959;983289856;18726912;1113063424;0;0;0;0;0;0;0;0;0;0;0;2033;0;0;88;0;40;0;
5174;2012454;983289856;18726912;1113063424;0;0;0;0;0;0;0;0;0;0;0;1633;0;0;88;0;40;0;
5175;5684170;983289856;18726912;1113063424;0;0;0;0;0;0;0;0;0;0;0;1994;0;0;88;0;40;0;
5176;4035869;983289856;18726912;1113063424;0;0;0;0;0;0;0;0;0;0;0;2335;0;0;88;0;40;0;
5177;2452069;983289856;18726912;1113063424;0;0;0;0;0;0;0;0;0;0;0;1653;0;0;88;0;40;0;
5178;3219358;976707584;12107776;1106444288;0;0;0;0;0;0;0;0;0;0;0;1673;0;0;88;0;40;0;
5179;2152767;976707584;12107776;1106444288;0;0;0;0;0;0;0;0;0;0;0;1813;0;0;88;0;40;0;
5180;3065959;976707584;12107776;1106444288;0;0;0;0;0;0;0;0;0;0;0;1634;0;0;88;0;40;0;
5181;1889083;976707584;12107776;1106444288;0;0;0;0;0;0;0;0;0;0;0;2425;0;0;88;0;40;0;
5182;2538992;976707584;12107776;1106444288;0;0;0;0;0;0;0;0;0;0;0;2144;0;0;88;0;40;0;
5183;2072818;977514496;18722816;1113059328;0;0;0;0;0;0;0;0;0;0;0;2034;0;0;88;0;40;0;
5184;3024322;979877888;18722816;1113059328;0;0;0;0;0;0;0;0;0;0;0;2294;0;0;88;0;40;0;
5185;5913250;979877888;18722816;1113059328;0;0;0;0;0;0;0;0;0;0;0;2435;0;0;88;0;40;0;
5186;5178903;979877888;18722816;1113059328;0;0;0;0;0;0;0;0;0;0;0;10099;0;0;88;0;40;0;
5187;4084200;979877888;18722816;1113059328;0;0;0;0;0;0;0;0;0;0;0;2535;0;0;88;0;40;0;
5188;2713239;980148224;18722816;1113059328;0;0;0;0;0;0;0;0;0;0;0;2374;0;0;88;0;40;0;
5189;3092831;982245376;18722816;1113059328;0;0;0;0;0;0;0;0;0;0;0;2124;0;0;88;0;40;0;
5190;1968541;982245376;18722816;1113059328;0;0;0;0;0;0;0;0;0;0;0;2154;0;0;88;0;40;0;
5191;4677001;982245376;18722816;1113059328;0;0;0;0;0;0;0;0;0;0;0;2314;0;0;88;0;40;0;
5192;4123153;982245376;18722816;1113059328;0;0;0;0;0;0;0;0;0;0;0;2234;0;0;88;0;40;0;
5193;3280853;983052288;18722816;1113059328;0;0;0;0;0;0;0;0;0;0;0;1753;0;0;88;0;40;0;
5194;1509581;983052288;18722816;1113059328;0;0;0;0;0;0;0;0;0;0;0;2014;0;0;88;0;40;0;
5195;3076530;983052288;18722816;1113059328;0;0;0;0;0;0;0;0;0;0;0;2014;0;0;88;0;40;0;
5196;1763047;983052288;18722816;1113059328;0;0;0;0;0;0;0;0;0;0;0;1963;0;0;88;0;40;0;
5197;5574905;983052288;18722816;1113059328;0;0;0;0;0;0;0;0;0;0;0;1964;0;0;88;0;40;0;
5198;4154491;983052288;18722816;1113059328;0;0;0;0;0;0;0;0;0;0;0;2404;0;0;88;0;40;0;
5199;3323743;977874944;13180928;1107517440;0;0;0;0;0;0;0;0;0;0;0;2244;0;0;88;0;40;0;
5200;1531061;977874944;13180928;1107517440;0;0;0;0;0;0;0;0;0;0;0;1963;0;0;88;0;40;0;
5201;2754415;977874944;13180928;1107517440;0;0;0;0;0;0;0;0;0;0;0;2003;0;0;88;0;40;0;
5202;2195157;977874944;13180928;1107517440;0;0;0;0;0;0;0;0;0;0;0;1723;0;0;88;0;40;0;
5203;5112017;977874944;13180928;1107517440;0;0;0;0;0;0;0;0;0;0;0;2044;0;0;88;0;40;0;
5204;3794035;977874944;13180928;1107517440;0;0;0;0;0;0;0;0;0;0;0;3015;0;0;88;0;40;0;
5205;3914181;977874944;13180928;1107517440;0;0;0;0;0;0;0;0;0;0;0;2945;0;0;88;0;40;0;
5206;3122226;977874944;13180928;1107517440;0;0;0;0;0;0;0;0;0;0;0;2775;0;0;88;0;40;0;
5207;2969198;977874944;13180928;1107517440;0;0;0;0;0;0;0;0;0;0;0;2465;0;0;88;0;40;0;
5208;3215099;977874944;13180928;1107517440;0;0;0;0;0;0;0;0;0;0;0;2545;0;0;88;0;40;0;
5209;5128468;977874944;13180928;1107517440;0;0;0;0;0;0;0;0;0;0;0;2645;0;0;88;0;40;0;
5210;4660821;977874944;13180928;1107517440;0;0;0;0;0;0;0;0;0;0;0;2715;0;0;88;0;40;0;
5211;3278138;977874944;13180928;1107517440;0;0;0;0;0;0;0;0;0;0;0;2495;0;0;88;0;40;0;
5212;2666881;977874944;13180928;1107517440;0;0;0;0;0;0;0;0;0;0;0;13325;0;0;88;0;40;0;
5213;3896247;977874944;13180928;1107517440;0;0;0;0;0;0;0;0;0;0;0;2405;0;0;88;0;40;0;
5214;1293195;977874944;13180928;1107517440;0;0;0;0;0;0;0;0;0;0;0;1964;0;0;88;0;40;0;
5215;4803558;977874944;13180928;1107517440;0;0;0;0;0;0;0;0;0;0;0;2053;0;0;88;0;40;0;
5216;3958864;977874944;13180928;1107517440;0;0;0;0;0;0;0;0;0;0;0;2515;0;0;88;0;40;0;
5217;2705954;977874944;13180928;1107517440;0;0;0;0;0;0;0;0;0;0;0;2304;0;0;88;0;40;0;
5218;2628399;977874944;13180928;1107517440;0;0;0;0;0;0;0;0;0;0;0;2024;0;0;88;0;40;0;
5219;2020509;977874944;13180928;1107517440;0;0;0;0;0;0;0;0;0;0;0;2205;0;0;88;0;40;0;
5220;2441348;977874944;13180928;1107517440;0;0;0;0;0;0;0;0;0;0;0;2024;0;0;88;0;40;0;
5221;5267238;977874944;13180928;1107517440;0;0;0;0;0;0;0;0;0;0;0;2054;0;0;88;0;40;0;
5222;3648332;977874944;13185024;1107521536;0;0;0;0;0;0;0;0;0;0;0;2264;0;0;88;0;40;0;
5223;1424251;977874944;13185024;1107521536;0;0;0;0;0;0;0;0;0;0;0;1944;0;0;88;0;40;0;
5224;1911204;977874944;13185024;1107521536;0;0;0;0;0;0;0;0;0;0;0;1934;0;0;88;0;40;0;
5225;2187673;977874944;13185024;1107521536;0;0;0;0;0;0;0;0;0;0;0;2454;0;0;88;0;40;0;
5226;2917311;977874944;13185024;1107521536;0;0;0;0;0;0;0;0;0;0;0;2374;0;0;88;0;40;0;
5227;2293872;977874944;13185024;1107521536;0;0;0;0;0;0;0;0;0;0;0;2485;0;0;88;0;40;0;
5228;5882813;977874944;13185024;1107521536;0;0;0;0;0;0;0;0;0;0;0;2164;0;0;88;0;40;0;
5229;4012935;977874944;13185024;1107521536;0;0;0;0;0;0;0;0;0;0;0;2355;0;0;88;0;40;0;
5230;2822263;977874944;13185024;1107521536;0;0;0;0;0;0;0;0;0;0;0;2144;0;0;88;0;40;0;
5231;3729674;977874944;13185024;1107521536;0;0;0;0;0;0;0;0;0;0;0;2084;0;0;88;0;40;0;
5232;2696587;977874944;13185024;1107521536;0;0;0;0;0;0;0;0;0;0;0;2144;0;0;88;0;40;0;
5233;3465579;977874944;13185024;1107521536;0;0;0;0;0;0;0;0;0;0;0;1974;0;0;88;0;40;0;
5234;2260249;977874944;13185024;1107521536;0;0;0;0;0;0;0;0;0;0;0;2044;0;0;88;0;40;0;
5235;5885327;980504576;18722816;1113059328;0;0;0;0;0;0;0;0;0;0;0;2505;0;0;88;0;40;0;
5236;3450992;980504576;18722816;1113059328;0;0;0;0;0;0;0;0;0;0;0;2124;0;0;88;0;40;0;
5237;2847821;980504576;18722816;1113059328;0;0;0;0;0;0;0;0;0;0;0;2755;0;0;88;0;40;0;
5238;4262584;982601728;18722816;1113059328;0;0;0;0;0;0;0;0;0;0;0;2515;0;0;88;0;40;0;
5239;3334033;982601728;18722816;1113059328;0;0;0;0;0;0;0;0;0;0;0;2555;0;0;88;0;40;0;
5240;4000022;982601728;18722816;1113059328;0;0;0;0;0;0;0;0;0;0;0;2335;0;0;88;0;40;0;
5241;3115693;982601728;18722816;1113059328;0;0;0;0;0;0;0;0;0;0;0;2074;0;0;88;0;40;0;
5242;5571429;983138304;18722816;1113059328;0;0;0;0;0;0;0;0;0;0;0;2144;0;0;88;0;40;0;
5243;3474456;983138304;18722816;1113059328;0;0;0;0;0;0;0;0;0;0;0;5210;0;0;88;0;40;0;
5244;2729970;983138304;18722816;1113059328;0;0;0;0;0;0;0;0;0;0;0;2565;0;0;88;0;40;0;
5245;2250010;983138304;18722816;1113059328;0;0;0;0;0;0;0;0;0;0;0;3036;0;0;88;0;40;0;
5246;2291017;983138304;18722816;1113059328;0;0;0;0;0;0;0;0;0;0;0;2274;0;0;88;0;40;0;
5247;3329844;983138304;18722816;1113059328;0;0;0;0;0;0;0;0;0;0;0;2164;0;0;88;0;40;0;
5248;6086294;983138304;18722816;1113059328;0;0;0;0;0;0;0;0;0;0;0;2154;0;0;88;0;40;0;
5249;5369109;983138304;18722816;1113059328;0;0;0;0;0;0;0;0;0;0;0;2615;0;0;88;0;40;0;
5250;3168642;983138304;18722816;1113059328;0;0;0;0;0;0;0;0;0;0;0;1984;0;0;88;0;40;0;
5251;2640892;977051648;12107776;1106444288;0;0;0;0;0;0;0;0;0;0;0;1853;0;0;88;0;40;0;
5252;1577919;977051648;12107776;1106444288;0;0;0;0;0;0;0;0;0;0;0;1693;0;0;88;0;40;0;
5253;2866196;977051648;12107776;1106444288;0;0;0;0;0;0;0;0;0;0;0;1473;0;0;88;0;40;0;
5254;2962887;977051648;12107776;1106444288;0;0;0;0;0;0;0;0;0;0;0;1923;0;0;88;0;40;0;
5255;5406870;977051648;12107776;1106444288;0;0;0;0;0;0;0;0;0;0;0;1963;0;0;88;0;40;0;
5256;5723925;977051648;12107776;1106444288;0;0;0;0;0;0;0;0;0;0;0;2635;0;0;88;0;40;0;
5257;4094989;977051648;12107776;1106444288;0;0;0;0;0;0;0;0;0;0;0;2635;0;0;88;0;40;0;
5258;2501060;977051648;12107776;1106444288;0;0;0;0;0;0;0;0;0;0;0;2695;0;0;88;0;40;0;
5259;3340324;977051648;12107776;1106444288;0;0;0;0;0;0;0;0;0;0;0;2184;0;0;88;0;40;0;
5260;2450766;977051648;12107776;1106444288;0;0;0;0;0;0;0;0;0;0;0;2645;0;0;88;0;40;0;
5261;5483363;977051648;12107776;1106444288;0;0;0;0;0;0;0;0;0;0;0;2775;0;0;88;0;40;0;
5262;4656784;977051648;12107776;1106444288;0;0;0;0;0;0;0;0;0;0;0;2655;0;0;88;0;40;0;
5263;3429762;977072128;12103680;1106440192;0;0;0;0;0;0;0;0;0;0;0;2435;0;0;88;0;40;0;
5264;2380915;977072128;12103680;1106440192;0;0;0;0;0;0;0;0;0;0;0;2073;0;0;88;0;40;0;
5265;3600662;977072128;12103680;1106440192;0;0;0;0;0;0;0;0;0;0;0;2104;0;0;88;0;40;0;
5266;1959104;977072128;12103680;1106440192;0;0;0;0;0;0;0;0;0;0;0;2365;0;0;88;0;40;0;
5267;5422890;977072128;12103680;1106440192;0;0;0;0;0;0;0;0;0;0;0;2254;0;0;88;0;40;0;
5268;4028335;977072128;12103680;1106440192;0;0;0;0;0;0;0;0;0;0;0;2214;0;0;88;0;40;0;
5269;3548204;977072128;12103680;1106440192;0;0;0;0;0;0;0;0;0;0;0;2615;0;0;88;0;40;0;
5270;2274295;977072128;12103680;1106440192;0;0;0;0;0;0;0;0;0;0;0;2134;0;0;88;0;40;0;
5271;2552827;977072128;12103680;1106440192;0;0;0;0;0;0;0;0;0;0;0;2104;0;0;88;0;40;0;
5272;1620449;977072128;12103680;1106440192;0;0;0;0;0;0;0;0;0;0;0;1934;0;0;88;0;40;0;
5273;4527400;977072128;12103680;1106440192;0;0;0;0;0;0;0;0;0;0;0;1723;0;0;88;0;40;0;
5274;4167706;977072128;12103680;1106440192;0;0;0;0;0;0;0;0;0;0;0;7865;0;0;88;0;40;0;
5275;3984342;977072128;12103680;1106440192;0;0;0;0;0;0;0;0;0;0;0;2094;0;0;88;0;40;0;
5276;2255140;977072128;12103680;1106440192;0;0;0;0;0;0;0;0;0;0;0;1573;0;0;88;0;40;0;
5277;2762000;977072128;12103680;1106440192;0;0;0;0;0;0;0;0;0;0;0;1503;0;0;88;0;40;0;
5278;2954681;977072128;12103680;1106440192;0;0;0;0;0;0;0;0;0;0;0;1603;0;0;88;0;40;0;
5279;4575190;977072128;12103680;1106440192;0;0;0;0;0;0;0;0;0;0;0;1433;0;0;88;0;40;0;
5280;4823907;977072128;12103680;1106440192;0;0;0;0;0;0;0;0;0;0;0;1853;0;0;88;0;40;0;
5281;2204514;977072128;12103680;1106440192;0;0;0;0;0;0;0;0;0;0;0;1512;0;0;88;0;40;0;
5282;1887731;977072128;12103680;1106440192;0;0;0;0;0;0;0;0;0;0;0;2214;0;0;88;0;40;0;
5283;3213086;977072128;12103680;1106440192;0;0;0;0;0;0;0;0;0;0;0;2214;0;0;88;0;40;0;
5284;2440968;977072128;12103680;1106440192;0;0;0;0;0;0;0;0;0;0;0;2215;0;0;88;0;40;0;
5285;5012410;977072128;12103680;1106440192;0;0;0;0;0;0;0;0;0;0;0;2234;0;0;88;0;40;0;
5286;4160543;977072128;12103680;1106440192;0;0;0;0;0;0;0;0;0;0;0;3326;0;0;88;0;40;0;
5287;2911821;977072128;12103680;1106440192;0;0;0;0;0;0;0;0;0;0;0;2415;0;0;88;0;40;0;
5288;2147838;977072128;12103680;1106440192;0;0;0;0;0;0;0;0;0;0;0;2113;0;0;88;0;40;0;
5289;3236169;977072128;12103680;1106440192;0;0;0;0;0;0;0;0;0;0;0;2145;0;0;88;0;40;0;
5290;2631515;977072128;12103680;1106440192;0;0;0;0;0;0;0;0;0;0;0;2274;0;0;88;0;40;0;
5291;5899263;977072128;12103680;1106440192;0;0;0;0;0;0;0;0;0;0;0;2104;0;0;88;0;40;0;
5292;3628124;977072128;12103680;1106440192;0;0;0;0;0;0;0;0;0;0;0;1743;0;0;88;0;40;0;
5293;2393078;977072128;12103680;1106440192;0;0;0;0;0;0;0;0;0;0;0;1813;0;0;88;0;40;0;
5294;1470297;977072128;12103680;1106440192;0;0;0;0;0;0;0;0;0;0;0;1734;0;0;88;0;40;0;
5295;2431830;977072128;12103680;1106440192;0;0;0;0;0;0;0;0;0;0;0;1513;0;0;88;0;40;0;
5296;2822103;977072128;12103680;1106440192;0;0;0;0;0;0;0;0;0;0;0;2234;0;0;88;0;40;0;
5297;4898757;977072128;12103680;1106440192;0;0;0;0;0;0;0;0;0;0;0;2434;0;0;88;0;40;0;
5298;3301592;977072128;12107776;1106444288;0;0;0;0;0;0;0;0;0;0;0;1813;0;0;88;0;40;0;
5299;1621391;977072128;12107776;1106444288;0;0;0;0;0;0;0;0;0;0;0;1694;0;0;88;0;40;0;
5300;1965807;977072128;12107776;1106444288;0;0;0;0;0;0;0;0;0;0;0;1713;0;0;88;0;40;0;
5301;2081634;977072128;12107776;1106444288;0;0;0;0;0;0;0;0;0;0;0;1763;0;0;88;0;40;0;
5302;3255235;977072128;12107776;1106444288;0;0;0;0;0;0;0;0;0;0;0;1753;0;0;88;0;40;0;
5303;1608627;977072128;12107776;1106444288;0;0;0;0;0;0;0;0;0;0;0;1693;0;0;88;0;40;0;
5304;4555042;977879040;18722816;1113059328;0;0;0;0;0;0;0;0;0;0;0;1723;0;0;88;0;40;0;
5305;2956976;977879040;18722816;1113059328;0;0;0;0;0;0;0;0;0;0;0;1944;0;0;88;0;40;0;
5306;2560341;977879040;18722816;1113059328;0;0;0;0;0;0;0;0;0;0;0;2114;0;0;88;0;40;0;
5307;3206383;977879040;18722816;1113059328;0;0;0;0;0;0;0;0;0;0;0;1763;0;0;88;0;40;0;
5308;2219423;977879040;18722816;1113059328;0;0;0;0;0;0;0;0;0;0;0;1724;0;0;88;0;40;0;
5309;1702322;977879040;18722816;1113059328;0;0;0;0;0;0;0;0;0;0;0;1673;0;0;88;0;40;0;
5310;5099463;977879040;18722816;1113059328;0;0;0;0;0;0;0;0;0;0;0;1663;0;0;88;0;40;0;
5311;2850415;977879040;18722816;1113059328;0;0;0;0;0;0;0;0;0;0;0;1844;0;0;88;0;40;0;
5312;2485721;978018304;18718720;1113055232;0;0;0;0;0;0;0;0;0;0;0;2655;0;0;88;0;40;0;
5313;3227713;978018304;18718720;1113055232;0;0;0;0;0;0;0;0;0;0;0;2565;0;0;88;0;40;0;
5314;3459688;978018304;18718720;1113055232;0;0;0;0;0;0;0;0;0;0;0;2665;0;0;88;0;40;0;
5315;2586591;978018304;18718720;1113055232;0;0;0;0;0;0;0;0;0;0;0;2525;0;0;88;0;40;0;
5316;6631827;978018304;18718720;1113055232;0;0;0;0;0;0;0;0;0;0;0;2444;0;0;88;0;40;0;
5317;4068540;978018304;18726912;1113063424;0;0;0;0;0;0;0;0;0;0;0;2835;0;0;88;0;40;0;
5318;2015470;978018304;18726912;1113063424;0;0;0;0;0;0;0;0;0;0;0;2103;0;0;88;0;40;0;
5319;2737814;978018304;18726912;1113063424;0;0;0;0;0;0;0;0;0;0;0;1814;0;0;88;0;40;0;
5320;1762756;978018304;18726912;1113063424;0;0;0;0;0;0;0;0;0;0;0;1673;0;0;88;0;40;0;
5321;2976673;978018304;18726912;1113063424;0;0;0;0;0;0;0;0;0;0;0;1653;0;0;88;0;40;0;
5322;1341195;978018304;18726912;1113063424;0;0;0;0;0;0;0;0;0;0;0;1653;0;0;88;0;40;0;
5323;6076856;978018304;18726912;1113063424;0;0;0;0;0;0;0;0;0;0;0;1683;0;0;88;0;40;0;
5324;4835599;978018304;18726912;1113063424;0;0;0;0;0;0;0;0;0;0;0;2535;0;0;88;0;40;0;
5325;2154972;978018304;18726912;1113063424;0;0;0;0;0;0;0;0;0;0;0;2254;0;0;88;0;40;0;
5326;2853211;978018304;18726912;1113063424;0;0;0;0;0;0;0;0;0;0;0;2074;0;0;88;0;40;0;
5327;2769834;978018304;18726912;1113063424;0;0;0;0;0;0;0;0;0;0;0;2164;0;0;88;0;40;0;
5328;2683773;978018304;18726912;1113063424;0;0;0;0;0;0;0;0;0;0;0;2164;0;0;88;0;40;0;
5329;1725005;978018304;18726912;1113063424;0;0;0;0;0;0;0;0;0;0;0;1754;0;0;88;0;40;0;
5330;5596275;980377600;18726912;1113063424;0;0;0;0;0;0;0;0;0;0;0;1703;0;0;88;0;40;0;
5331;3212635;980377600;18726912;1113063424;0;0;0;0;0;0;0;0;0;0;0;1803;0;0;88;0;40;0;
5332;1929819;982474752;18726912;1113063424;0;0;0;0;0;0;0;0;0;0;0;1713;0;0;88;0;40;0;
5333;2619442;982564864;18722816;1113059328;0;0;0;0;0;0;0;0;0;0;0;1794;0;0;88;0;40;0;
5334;2450045;982564864;18722816;1113059328;0;0;0;0;0;0;0;0;0;0;0;1693;0;0;88;0;40;0;
5335;1975234;982564864;18722816;1113059328;0;0;0;0;0;0;0;0;0;0;0;1683;0;0;88;0;40;0;
5336;1336487;982564864;18722816;1113059328;0;0;0;0;0;0;0;0;0;0;0;1714;0;0;88;0;40;0;
5337;4989197;983371776;18722816;1113059328;0;0;0;0;0;0;0;0;0;0;0;1823;0;0;88;0;40;0;
5338;3341918;983371776;18722816;1113059328;0;0;0;0;0;0;0;0;0;0;0;2033;0;0;88;0;40;0;
5339;3180535;983371776;18722816;1113059328;0;0;0;0;0;0;0;0;0;0;0;1683;0;0;88;0;40;0;
5340;2318498;983371776;18722816;1113059328;0;0;0;0;0;0;0;0;0;0;0;1653;0;0;88;0;40;0;
5341;2974027;983371776;18722816;1113059328;0;0;0;0;0;0;0;0;0;0;0;1703;0;0;88;0;40;0;
5342;1467382;983371776;18722816;1113059328;0;0;0;0;0;0;0;0;0;0;0;1673;0;0;88;0;40;0;
5343;4587995;983371776;18722816;1113059328;0;0;0;0;0;0;0;0;0;0;0;1613;0;0;88;0;40;0;
5344;3443197;983371776;18722816;1113059328;0;0;0;0;0;0;0;0;0;0;0;1913;0;0;88;0;40;0;
5345;9051164;978042880;13180928;1107517440;0;0;0;0;0;0;0;0;0;0;0;2084;0;0;88;0;40;0;
5346;1094753;978042880;13180928;1107517440;0;0;0;0;0;0;0;0;0;0;0;1663;0;0;88;0;40;0;
5347;2935895;978042880;13180928;1107517440;0;0;0;0;0;0;0;0;0;0;0;1814;0;0;88;0;40;0;
5348;2394551;978042880;13180928;1107517440;0;0;0;0;0;0;0;0;0;0;0;1874;0;0;88;0;40;0;
5349;4972105;978042880;13180928;1107517440;0;0;0;0;0;0;0;0;0;0;0;1853;0;0;88;0;40;0;
5350;3579834;978042880;13180928;1107517440;0;0;0;0;0;0;0;0;0;0;0;3186;0;0;88;0;40;0;
5351;2846398;978042880;13180928;1107517440;0;0;0;0;0;0;0;0;0;0;0;1874;0;0;88;0;40;0;
5352;2200727;978042880;13180928;1107517440;0;0;0;0;0;0;0;0;0;0;0;1704;0;0;88;0;40;0;
5353;2979538;978042880;13180928;1107517440;0;0;0;0;0;0;0;0;0;0;0;1663;0;0;88;0;40;0;
5354;2942068;978042880;13180928;1107517440;0;0;0;0;0;0;0;0;0;0;0;2324;0;0;88;0;40;0;
5355;5698798;978042880;13180928;1107517440;0;0;0;0;0;0;0;0;0;0;0;2104;0;0;88;0;40;0;
5356;4144442;980672512;18726912;1113063424;0;0;0;0;0;0;0;0;0;0;0;2785;0;0;88;0;40;0;
5357;2379002;980672512;18726912;1113063424;0;0;0;0;0;0;0;0;0;0;0;2064;0;0;88;0;40;0;
5358;2856177;980672512;18726912;1113063424;0;0;0;0;0;0;0;0;0;0;0;1773;0;0;88;0;40;0;
5359;2967405;980938752;18726912;1113063424;0;0;0;0;0;0;0;0;0;0;0;1843;0;0;88;0;40;0;
5360;3493030;980938752;18726912;1113063424;0;0;0;0;0;0;0;0;0;0;0;2073;0;0;88;0;40;0;
5361;1692975;980938752;18726912;1113063424;0;0;0;0;0;0;0;0;0;0;0;1633;0;0;88;0;40;0;
5362;4526429;980938752;18726912;1113063424;0;0;0;0;0;0;0;0;0;0;0;2003;0;0;88;0;40;0;
5363;3993850;980938752;18726912;1113063424;0;0;0;0;0;0;0;0;0;0;0;2255;0;0;88;0;40;0;
5364;3761825;980938752;18726912;1113063424;0;0;0;0;0;0;0;0;0;0;0;2024;0;0;88;0;40;0;
5365;2135194;980938752;18726912;1113063424;0;0;0;0;0;0;0;0;0;0;0;2074;0;0;88;0;40;0;
5366;3259944;980938752;18726912;1113063424;0;0;0;0;0;0;0;0;0;0;0;1673;0;0;88;0;40;0;
5367;3092098;980938752;18726912;1113063424;0;0;0;0;0;0;0;0;0;0;0;2114;0;0;88;0;40;0;
5368;4681480;980938752;18726912;1113063424;0;0;0;0;0;0;0;0;0;0;0;1984;0;0;88;0;40;0;
5369;4367811;980938752;18726912;1113063424;0;0;0;0;0;0;0;0;0;0;0;2535;0;0;88;0;40;0;
5370;9352450;981012480;18718720;1113055232;0;0;0;0;0;0;0;0;0;0;0;2224;0;0;88;0;40;0;
5371;2900049;981012480;18718720;1113055232;0;0;0;0;0;0;0;0;0;0;0;2184;0;0;88;0;40;0;
5372;2433684;981012480;18718720;1113055232;0;0;0;0;0;0;0;0;0;0;0;1994;0;0;88;0;40;0;
5373;2456356;981274624;18718720;1113055232;0;0;0;0;0;0;0;0;0;0;0;1683;0;0;88;0;40;0;
5374;5483273;981274624;18718720;1113055232;0;0;0;0;0;0;0;0;0;0;0;118973;0;0;88;0;40;0;
5375;2601358;981274624;18718720;1113055232;0;0;0;0;0;0;0;0;0;0;0;1673;0;0;88;0;40;0;
5376;2855576;978612224;13180928;1107517440;0;0;0;0;0;0;0;0;0;0;0;1723;0;0;88;0;40;0;
5377;2646313;978612224;13180928;1107517440;0;0;0;0;0;0;0;0;0;0;0;1693;0;0;88;0;40;0;
5378;2782799;978612224;13180928;1107517440;0;0;0;0;0;0;0;0;0;0;0;1823;0;0;88;0;40;0;
5379;1377593;978612224;13180928;1107517440;0;0;0;0;0;0;0;0;0;0;0;1664;0;0;88;0;40;0;
5380;6705184;978612224;13180928;1107517440;0;0;0;0;0;0;0;0;0;0;0;7113;0;0;88;0;40;0;
5381;8316607;978612224;13189120;1107525632;0;0;0;0;0;0;0;0;0;0;0;6222;0;0;88;0;40;0;
5382;4744327;978612224;13189120;1107525632;0;0;0;0;0;0;0;0;0;0;0;3306;0;0;88;0;40;0;
5383;6041811;978612224;13189120;1107525632;0;0;0;0;0;0;0;0;0;0;0;2094;0;0;88;0;40;0;
5384;4285256;978612224;13189120;1107525632;0;0;0;0;0;0;0;0;0;0;0;2655;0;0;88;0;40;0;
5385;4414599;978612224;13189120;1107525632;0;0;0;0;0;0;0;0;0;0;0;2875;0;0;88;0;40;0;
5386;3146721;978612224;13189120;1107525632;0;0;0;0;0;0;0;0;0;0;0;2945;0;0;88;0;40;0;
5387;5276716;978612224;13189120;1107525632;0;0;0;0;0;0;0;0;0;0;0;1823;0;0;88;0;40;0;
5388;6216929;978612224;13189120;1107525632;0;0;0;0;0;0;0;0;0;0;0;3286;0;0;88;0;40;0;
5389;1789336;978612224;13189120;1107525632;0;0;0;0;0;0;0;0;0;0;0;1783;0;0;88;0;40;0;
5390;1585013;978612224;13189120;1107525632;0;0;0;0;0;0;0;0;0;0;0;1933;0;0;88;0;40;0;
5391;2606278;978612224;13189120;1107525632;0;0;0;0;0;0;0;0;0;0;0;2355;0;0;88;0;40;0;
5392;1504381;978612224;13189120;1107525632;0;0;0;0;0;0;0;0;0;0;0;1893;0;0;88;0;40;0;
5393;5309437;978612224;13189120;1107525632;0;0;0;0;0;0;0;0;0;0;0;1373;0;0;88;0;40;0;
5394;5597097;978612224;13189120;1107525632;0;0;0;0;0;0;0;0;0;0;0;2474;0;0;88;0;40;0;
5395;2883207;978632704;13180928;1107517440;0;0;0;0;0;0;0;0;0;0;0;2204;0;0;88;0;40;0;
5396;3282826;978632704;13180928;1107517440;0;0;0;0;0;0;0;0;0;0;0;2324;0;0;88;0;40;0;
5397;3595203;978632704;13180928;1107517440;0;0;0;0;0;0;0;0;0;0;0;2364;0;0;88;0;40;0;
5398;3086528;978632704;13180928;1107517440;0;0;0;0;0;0;0;0;0;0;0;2474;0;0;88;0;40;0;
5399;5380961;978632704;13180928;1107517440;0;0;0;0;0;0;0;0;0;0;0;2364;0;0;88;0;40;0;
5400;4140676;978632704;13180928;1107517440;0;0;0;0;0;0;0;0;0;0;0;2104;0;0;88;0;40;0;
5401;2997452;978632704;13180928;1107517440;0;0;0;0;0;0;0;0;0;0;0;1713;0;0;88;0;40;0;
5402;3065930;978632704;13180928;1107517440;0;0;0;0;0;0;0;0;0;0;0;1973;0;0;88;0;40;0;
5403;2894178;978632704;13180928;1107517440;0;0;0;0;0;0;0;0;0;0;0;2044;0;0;88;0;40;0;
5404;1939428;978632704;13180928;1107517440;0;0;0;0;0;0;0;0;0;0;0;1984;0;0;88;0;40;0;
5405;5740686;978632704;13180928;1107517440;0;0;0;0;0;0;0;0;0;0;0;2074;0;0;88;0;40;0;
5406;4078789;978632704;13189120;1107525632;0;0;0;0;0;0;0;0;0;0;0;2495;0;0;88;0;40;0;
5407;2188784;978632704;13189120;1107525632;0;0;0;0;0;0;0;0;0;0;0;2395;0;0;88;0;40;0;
5408;3195563;978632704;13189120;1107525632;0;0;0;0;0;0;0;0;0;0;0;2364;0;0;88;0;40;0;
5409;3458766;978632704;13189120;1107525632;0;0;0;0;0;0;0;0;0;0;0;2544;0;0;88;0;40;0;
5410;3726318;978632704;13189120;1107525632;0;0;0;0;0;0;0;0;0;0;0;2484;0;0;88;0;40;0;
5411;2872507;978632704;13189120;1107525632;0;0;0;0;0;0;0;0;0;0;0;2344;0;0;88;0;40;0;
5412;5808954;978632704;13189120;1107525632;0;0;0;0;0;0;0;0;0;0;0;2334;0;0;88;0;40;0;
5413;4216017;978632704;13189120;1107525632;0;0;0;0;0;0;0;0;0;0;0;2004;0;0;88;0;40;0;
5414;3289669;978632704;13189120;1107525632;0;0;0;0;0;0;0;0;0;0;0;2154;0;0;88;0;40;0;
5415;3419854;978632704;13189120;1107525632;0;0;0;0;0;0;0;0;0;0;0;2114;0;0;88;0;40;0;
5416;2578305;978632704;13189120;1107525632;0;0;0;0;0;0;0;0;0;0;0;1613;0;0;88;0;40;0;
5417;3101236;978632704;13189120;1107525632;0;0;0;0;0;0;0;0;0;0;0;1623;0;0;88;0;40;0;
5418;3323002;978632704;13189120;1107525632;0;0;0;0;0;0;0;0;0;0;0;7194;0;0;88;0;40;0;
5419;6233120;978632704;13189120;1107525632;0;0;0;0;0;0;0;0;0;0;0;2926;0;0;88;0;40;0;
5420;5351065;978632704;13189120;1107525632;0;0;0;0;0;0;0;0;0;0;0;2455;0;0;88;0;40;0;
5421;2669677;978632704;13189120;1107525632;0;0;0;0;0;0;0;0;0;0;0;2274;0;0;88;0;40;0;
5422;3317422;978665472;13185024;1107521536;0;0;0;0;0;0;0;0;0;0;0;2154;0;0;88;0;40;0;
5423;2292129;978665472;13185024;1107521536;0;0;0;0;0;0;0;0;0;0;0;2294;0;0;88;0;40;0;
5424;2615495;978665472;13185024;1107521536;0;0;0;0;0;0;0;0;0;0;0;2144;0;0;88;0;40;0;
5425;1991645;978665472;13185024;1107521536;0;0;0;0;0;0;0;0;0;0;0;2404;0;0;88;0;40;0;
5426;5201304;981295104;18722816;1113059328;0;0;0;0;0;0;0;0;0;0;0;3005;0;0;88;0;40;0;
5427;5344744;981295104;18722816;1113059328;0;0;0;0;0;0;0;0;0;0;0;3627;0;0;88;0;40;0;
5428;2994536;983392256;18722816;1113059328;0;0;0;0;0;0;0;0;0;0;0;2314;0;0;88;0;40;0;
5429;2154330;983392256;18722816;1113059328;0;0;0;0;0;0;0;0;0;0;0;2074;0;0;88;0;40;0;
5430;3167170;983392256;18722816;1113059328;0;0;0;0;0;0;0;0;0;0;0;2545;0;0;88;0;40;0;
5431;2428484;983392256;18722816;1113059328;0;0;0;0;0;0;0;0;0;0;0;2314;0;0;88;0;40;0;
5432;5172030;983392256;18722816;1113059328;0;0;0;0;0;0;0;0;0;0;0;2074;0;0;88;0;40;0;
5433;5079245;983928832;18722816;1113059328;0;0;0;0;0;0;0;0;0;0;0;2996;0;0;88;0;40;0;
5434;3547353;984166400;18718720;1113055232;0;0;0;0;0;0;0;0;0;0;0;2004;0;0;88;0;40;0;
5435;1628705;984166400;18718720;1113055232;0;0;0;0;0;0;0;0;0;0;0;1954;0;0;88;0;40;0;
5436;2365667;984166400;18718720;1113055232;0;0;0;0;0;0;0;0;0;0;0;1853;0;0;88;0;40;0;
5437;1815114;984166400;18718720;1113055232;0;0;0;0;0;0;0;0;0;0;0;2344;0;0;88;0;40;0;
5438;5692044;984166400;18718720;1113055232;0;0;0;0;0;0;0;0;0;0;0;2384;0;0;88;0;40;0;
5439;2675307;984166400;18718720;1113055232;0;0;0;0;0;0;0;0;0;0;0;1673;0;0;88;0;40;0;
5440;2520217;977772544;12103680;1106440192;0;0;0;0;0;0;0;0;0;0;0;132890;0;0;88;0;40;0;
5441;2333216;977772544;12103680;1106440192;0;0;0;0;0;0;0;0;0;0;0;1353;0;0;88;0;40;0;
5442;2475502;977772544;12103680;1106440192;0;0;0;0;0;0;0;0;0;0;0;1603;0;0;88;0;40;0;
5443;1633223;977772544;12103680;1106440192;0;0;0;0;0;0;0;0;0;0;0;1563;0;0;88;0;40;0;
5444;5839461;977772544;12103680;1106440192;0;0;0;0;0;0;0;0;0;0;0;2424;0;0;88;0;40;0;
5445;3888963;977772544;12111872;1106448384;0;0;0;0;0;0;0;0;0;0;0;2104;0;0;88;0;40;0;
5446;3007160;977772544;12111872;1106448384;0;0;0;0;0;0;0;0;0;0;0;2054;0;0;88;0;40;0;
5447;2659849;977772544;12111872;1106448384;0;0;0;0;0;0;0;0;0;0;0;2064;0;0;88;0;40;0;
5448;2548038;977772544;12111872;1106448384;0;0;0;0;0;0;0;0;0;0;0;1764;0;0;88;0;40;0;
5449;3288768;978579456;18726912;1113063424;0;0;0;0;0;0;0;0;0;0;0;1943;0;0;88;0;40;0;
5450;2210195;978579456;18726912;1113063424;0;0;0;0;0;0;0;0;0;0;0;1923;0;0;88;0;40;0;
5451;6493257;980942848;18726912;1113063424;0;0;0;0;0;0;0;0;0;0;0;2124;0;0;88;0;40;0;
5452;3184863;980942848;18726912;1113063424;0;0;0;0;0;0;0;0;0;0;0;1903;0;0;88;0;40;0;
5453;2681248;980942848;18726912;1113063424;0;0;0;0;0;0;0;0;0;0;0;1593;0;0;88;0;40;0;
5454;3561019;983040000;18726912;1113063424;0;0;0;0;0;0;0;0;0;0;0;1753;0;0;88;0;40;0;
5455;1872071;983040000;18726912;1113063424;0;0;0;0;0;0;0;0;0;0;0;1503;0;0;88;0;40;0;
5456;2922090;983040000;18726912;1113063424;0;0;0;0;0;0;0;0;0;0;0;1704;0;0;88;0;40;0;
5457;1863555;983040000;18726912;1113063424;0;0;0;0;0;0;0;0;0;0;0;1643;0;0;88;0;40;0;
5458;5479646;983306240;18726912;1113063424;0;0;0;0;0;0;0;0;0;0;0;1493;0;0;88;0;40;0;
5459;3279039;984117248;18726912;1113063424;0;0;0;0;0;0;0;0;0;0;0;1653;0;0;88;0;40;0;
5460;5679281;988426240;18722816;1113059328;0;0;0;0;0;0;0;0;0;0;0;2154;0;0;89;0;40;0;
5461;2040777;988426240;18722816;1113059328;0;0;0;0;0;0;0;0;0;0;0;1553;0;0;89;0;40;0;
5462;3124650;988426240;18722816;1113059328;0;0;0;0;0;0;0;0;0;0;0;1573;0;0;89;0;40;0;
5463;1952672;988426240;18722816;1113059328;0;0;0;0;0;0;0;0;0;0;0;1573;0;0;89;0;40;0;
5464;6051970;988426240;18722816;1113059328;0;0;0;0;0;0;0;0;0;0;0;1343;0;0;89;0;40;0;
5465;4138411;988426240;18722816;1113059328;0;0;0;0;0;0;0;0;0;0;0;1823;0;0;89;0;40;0;
5466;2391556;988426240;18722816;1113059328;0;0;0;0;0;0;0;0;0;0;0;2014;0;0;89;0;40;0;
5467;4070273;982921216;13185024;1107521536;0;0;0;0;0;0;0;0;0;0;0;1993;0;0;89;0;40;0;
5468;2664137;982921216;13185024;1107521536;0;0;0;0;0;0;0;0;0;0;0;1603;0;0;89;0;40;0;
5469;3739463;982921216;13185024;1107521536;0;0;0;0;0;0;0;0;0;0;0;1553;0;0;89;0;40;0;
5470;2388228;982921216;13185024;1107521536;0;0;0;0;0;0;0;0;0;0;0;1543;0;0;89;0;40;0;
5471;6009620;982921216;13185024;1107521536;0;0;0;0;0;0;0;0;0;0;0;1362;0;0;89;0;40;0;
5472;3047806;982921216;13185024;1107521536;0;0;0;0;0;0;0;0;0;0;0;1684;0;0;89;0;40;0;
5473;2158979;982921216;13185024;1107521536;0;0;0;0;0;0;0;0;0;0;0;1533;0;0;89;0;40;0;
5474;3408012;982921216;13185024;1107521536;0;0;0;0;0;0;0;0;0;0;0;1743;0;0;89;0;40;0;
5475;2333777;982921216;13185024;1107521536;0;0;0;0;0;0;0;0;0;0;0;1552;0;0;89;0;40;0;
5476;2300845;982921216;13185024;1107521536;0;0;0;0;0;0;0;0;0;0;0;1593;0;0;89;0;40;0;
5477;2007605;982921216;13185024;1107521536;0;0;0;0;0;0;0;0;0;0;0;1523;0;0;89;0;40;0;
5478;4820771;982921216;13185024;1107521536;0;0;0;0;0;0;0;0;0;0;0;1553;0;0;89;0;40;0;
5479;2147648;982921216;13185024;1107521536;0;0;0;0;0;0;0;0;0;0;0;1653;0;0;89;0;40;0;
5480;2577373;982921216;13185024;1107521536;0;0;0;0;0;0;0;0;0;0;0;1523;0;0;89;0;40;0;
5481;1804494;982921216;13185024;1107521536;0;0;0;0;0;0;0;0;0;0;0;1473;0;0;89;0;40;0;
5482;2273103;982921216;13185024;1107521536;0;0;0;0;0;0;0;0;0;0;0;1593;0;0;89;0;40;0;
5483;1774418;982921216;13185024;1107521536;0;0;0;0;0;0;0;0;0;0;0;2224;0;0;89;0;40;0;
5484;5268030;982921216;13185024;1107521536;0;0;0;0;0;0;0;0;0;0;0;2094;0;0;89;0;40;0;
5485;4197361;982921216;13189120;1107525632;0;0;0;0;0;0;0;0;0;0;0;2435;0;0;89;0;40;0;
5486;2803668;982921216;13189120;1107525632;0;0;0;0;0;0;0;0;0;0;0;2334;0;0;89;0;40;0;
5487;3253101;982921216;13189120;1107525632;0;0;0;0;0;0;0;0;0;0;0;1833;0;0;89;0;40;0;
5488;1997325;982921216;13189120;1107525632;0;0;0;0;0;0;0;0;0;0;0;1834;0;0;89;0;40;0;
5489;2852961;982921216;13189120;1107525632;0;0;0;0;0;0;0;0;0;0;0;1513;0;0;89;0;40;0;
5490;1757906;982921216;13189120;1107525632;0;0;0;0;0;0;0;0;0;0;0;2174;0;0;89;0;40;0;
5491;4449084;982921216;13189120;1107525632;0;0;0;0;0;0;0;0;0;0;0;1883;0;0;89;0;40;0;
5492;2530065;982921216;13189120;1107525632;0;0;0;0;0;0;0;0;0;0;0;1563;0;0;89;0;40;0;
5493;1761083;982921216;13189120;1107525632;0;0;0;0;0;0;0;0;0;0;0;1683;0;0;89;0;40;0;
5494;1576346;982921216;13189120;1107525632;0;0;0;0;0;0;0;0;0;0;0;1542;0;0;89;0;40;0;
5495;1724544;982921216;13189120;1107525632;0;0;0;0;0;0;0;0;0;0;0;1503;0;0;89;0;40;0;
5496;1479244;982921216;13189120;1107525632;0;0;0;0;0;0;0;0;0;0;0;1563;0;0;89;0;40;0;
5497;4853843;982921216;13189120;1107525632;0;0;0;0;0;0;0;0;0;0;0;1513;0;0;89;0;40;0;
5498;3556420;982921216;13189120;1107525632;0;0;0;0;0;0;0;0;0;0;0;2264;0;0;89;0;40;0;
5499;3096136;982958080;13180928;1107517440;0;0;0;0;0;0;0;0;0;0;0;11451;0;0;89;0;40;0;
5500;1975414;982958080;13180928;1107517440;0;0;0;0;0;0;0;0;0;0;0;2425;0;0;89;0;40;0;
5501;3265564;982958080;13180928;1107517440;0;0;0;0;0;0;0;0;0;0;0;2295;0;0;89;0;40;0;
5502;2115097;982958080;13180928;1107517440;0;0;0;0;0;0;0;0;0;0;0;2254;0;0;89;0;40;0;
5503;5514452;982958080;13180928;1107517440;0;0;0;0;0;0;0;0;0;0;0;2184;0;0;89;0;40;0;
5504;4256383;982958080;13185024;1107521536;0;0;0;0;0;0;0;0;0;0;0;1793;0;0;89;0;40;0;
5505;2584026;982958080;13185024;1107521536;0;0;0;0;0;0;0;0;0;0;0;1573;0;0;89;0;40;0;
5506;3009414;982958080;13185024;1107521536;0;0;0;0;0;0;0;0;0;0;0;1502;0;0;89;0;40;0;
5507;1804514;982958080;13185024;1107521536;0;0;0;0;0;0;0;0;0;0;0;1623;0;0;89;0;40;0;
5508;2400081;982958080;13185024;1107521536;0;0;0;0;0;0;0;0;0;0;0;1603;0;0;89;0;40;0;
5509;2328667;982958080;13185024;1107521536;0;0;0;0;0;0;0;0;0;0;0;1904;0;0;89;0;40;0;
5510;5845733;982958080;13185024;1107521536;0;0;0;0;0;0;0;0;0;0;0;1433;0;0;89;0;40;0;
5511;3087119;982958080;13185024;1107521536;0;0;0;0;0;0;0;0;0;0;0;1582;0;0;89;0;40;0;
5512;2154731;982958080;13185024;1107521536;0;0;0;0;0;0;0;0;0;0;0;1593;0;0;89;0;40;0;
5513;2351891;982958080;13185024;1107521536;0;0;0;0;0;0;0;0;0;0;0;1533;0;0;89;0;40;0;
5514;2012505;982958080;13185024;1107521536;0;0;0;0;0;0;0;0;0;0;0;1412;0;0;89;0;40;0;
5515;1837015;982958080;13185024;1107521536;0;0;0;0;0;0;0;0;0;0;0;1492;0;0;89;0;40;0;
5516;5621713;982958080;13185024;1107521536;0;0;0;0;0;0;0;0;0;0;0;1443;0;0;89;0;40;0;
5517;3876630;982958080;13185024;1107521536;0;0;0;0;0;0;0;0;0;0;0;1853;0;0;89;0;40;0;
5518;2106952;982974464;13180928;1107517440;0;0;0;0;0;0;0;0;0;0;0;2224;0;0;89;0;40;0;
5519;1828388;982974464;13180928;1107517440;0;0;0;0;0;0;0;0;0;0;0;1864;0;0;89;0;40;0;
5520;2641745;982974464;13180928;1107517440;0;0;0;0;0;0;0;0;0;0;0;1813;0;0;89;0;40;0;
5521;1838097;982974464;13180928;1107517440;0;0;0;0;0;0;0;0;0;0;0;1804;0;0;89;0;40;0;
5522;5222384;982974464;13180928;1107517440;0;0;0;0;0;0;0;0;0;0;0;1793;0;0;89;0;40;0;
5523;3166639;982974464;13189120;1107525632;0;0;0;0;0;0;0;0;0;0;0;1593;0;0;89;0;40;0;
5524;1987127;982974464;13189120;1107525632;0;0;0;0;0;0;0;0;0;0;0;1573;0;0;89;0;40;0;
5525;2575761;982974464;13189120;1107525632;0;0;0;0;0;0;0;0;0;0;0;1492;0;0;89;0;40;0;
5526;1208256;982974464;13189120;1107525632;0;0;0;0;0;0;0;0;0;0;0;1382;0;0;89;0;40;0;
5527;3332240;982974464;13189120;1107525632;0;0;0;0;0;0;0;0;0;0;0;1503;0;0;89;0;40;0;
5528;2327365;982974464;13189120;1107525632;0;0;0;0;0;0;0;0;0;0;0;1492;0;0;89;0;40;0;
5529;5189292;982974464;13189120;1107525632;0;0;0;0;0;0;0;0;0;0;0;1583;0;0;89;0;40;0;
5530;5283369;985604096;18726912;1113063424;0;0;0;0;0;0;0;0;0;0;0;3076;0;0;89;0;40;0;
5531;3313654;985604096;18726912;1113063424;0;0;0;0;0;0;0;0;0;0;0;2254;0;0;89;0;40;0;
5532;2717316;985604096;18726912;1113063424;0;0;0;0;0;0;0;0;0;0;0;2134;0;0;89;0;40;0;
5533;2320011;985604096;18726912;1113063424;0;0;0;0;0;0;0;0;0;0;0;2034;0;0;89;0;40;0;
5534;2544041;985604096;18726912;1113063424;0;0;0;0;0;0;0;0;0;0;0;1804;0;0;89;0;40;0;
5535;2343865;985604096;18726912;1113063424;0;0;0;0;0;0;0;0;0;0;0;1764;0;0;89;0;40;0;
5536;4809961;985604096;18726912;1113063424;0;0;0;0;0;0;0;0;0;0;0;1713;0;0;89;0;40;0;
5537;4033134;985604096;18726912;1113063424;0;0;0;0;0;0;0;0;0;0;0;1944;0;0;89;0;40;0;
5538;2589406;985690112;18722816;1113059328;0;0;0;0;0;0;0;0;0;0;0;1864;0;0;89;0;40;0;
5539;2443242;985690112;18722816;1113059328;0;0;0;0;0;0;0;0;0;0;0;2234;0;0;89;0;40;0;
5540;2880342;985690112;18722816;1113059328;0;0;0;0;0;0;0;0;0;0;0;2114;0;0;89;0;40;0;
5541;2097885;985690112;18722816;1113059328;0;0;0;0;0;0;0;0;0;0;0;1794;0;0;89;0;40;0;
5542;5074998;985690112;18722816;1113059328;0;0;0;0;0;0;0;0;0;0;0;1763;0;0;89;0;40;0;
5543;5023331;985690112;18722816;1113059328;0;0;0;0;0;0;0;0;0;0;0;1543;0;0;89;0;40;0;
5544;2672942;985690112;18722816;1113059328;0;0;0;0;0;0;0;0;0;0;0;1453;0;0;89;0;40;0;
5545;3380329;985690112;18722816;1113059328;0;0;0;0;0;0;0;0;0;0;0;1453;0;0;89;0;40;0;
5546;1989771;985690112;18722816;1113059328;0;0;0;0;0;0;0;0;0;0;0;1473;0;0;89;0;40;0;
5547;4505099;985690112;18722816;1113059328;0;0;0;0;0;0;0;0;0;0;0;1433;0;0;89;0;40;0;
5548;2531197;985690112;18722816;1113059328;0;0;0;0;0;0;0;0;0;0;0;2174;0;0;89;0;40;0;
5549;5476360;985690112;18722816;1113059328;0;0;0;0;0;0;0;0;0;0;0;2104;0;0;89;0;40;0;
5550;3042115;985690112;18722816;1113059328;0;0;0;0;0;0;0;0;0;0;0;1523;0;0;89;0;40;0;
5551;2381777;987787264;18722816;1113059328;0;0;0;0;0;0;0;0;0;0;0;1623;0;0;89;0;40;0;
5552;2188825;987787264;18722816;1113059328;0;0;0;0;0;0;0;0;0;0;0;1222;0;0;89;0;40;0;
5553;2634140;987787264;18722816;1113059328;0;0;0;0;0;0;0;0;0;0;0;1463;0;0;89;0;40;0;
5554;1826445;987787264;18722816;1113059328;0;0;0;0;0;0;0;0;0;0;0;1452;0;0;89;0;40;0;
5555;2044083;987787264;18722816;1113059328;0;0;0;0;0;0;0;0;0;0;0;1813;0;0;89;0;40;0;
5556;4670098;987787264;18722816;1113059328;0;0;0;0;0;0;0;0;0;0;0;1794;0;0;89;0;40;0;
5557;3939488;987787264;18722816;1113059328;0;0;0;0;0;0;0;0;0;0;0;1964;0;0;89;0;40;0;
5558;2421932;987787264;18722816;1113059328;0;0;0;0;0;0;0;0;0;0;0;1924;0;0;89;0;40;0;
5559;1919971;987787264;18722816;1113059328;0;0;0;0;0;0;0;0;0;0;0;1703;0;0;89;0;40;0;
5560;2626967;987787264;18722816;1113059328;0;0;0;0;0;0;0;0;0;0;0;1873;0;0;89;0;40;0;
5561;3088692;987787264;18722816;1113059328;0;0;0;0;0;0;0;0;0;0;0;2264;0;0;89;0;40;0;
5562;2273253;987787264;18722816;1113059328;0;0;0;0;0;0;0;0;0;0;0;2084;0;0;89;0;40;0;
5563;6358655;987787264;18722816;1113059328;0;0;0;0;0;0;0;0;0;0;0;6732;0;0;89;0;40;0;
5564;4821553;987787264;18722816;1113059328;0;0;0;0;0;0;0;0;0;0;0;4930;0;0;89;0;40;0;
5565;1832256;987787264;18722816;1113059328;0;0;0;0;0;0;0;0;0;0;0;1873;0;0;89;0;40;0;
5566;3382694;987787264;18722816;1113059328;0;0;0;0;0;0;0;0;0;0;0;2084;0;0;89;0;40;0;
5567;1361293;987787264;18722816;1113059328;0;0;0;0;0;0;0;0;0;0;0;1854;0;0;89;0;40;0;
5568;2766067;987787264;18722816;1113059328;0;0;0;0;0;0;0;0;0;0;0;1743;0;0;89;0;40;0;
5569;3326468;987787264;18722816;1113059328;0;0;0;0;0;0;0;0;0;0;0;1884;0;0;89;0;40;0;
5570;5115794;987787264;18722816;1113059328;0;0;0;0;0;0;0;0;0;0;0;1713;0;0;89;0;40;0;
5571;4235654;987787264;18722816;1113059328;0;0;0;0;0;0;0;0;0;0;0;1633;0;0;89;0;40;0;
5572;2470213;987787264;18722816;1113059328;0;0;0;0;0;0;0;0;0;0;0;1893;0;0;89;0;40;0;
5573;2730270;987787264;18722816;1113059328;0;0;0;0;0;0;0;0;0;0;0;1883;0;0;89;0;40;0;
5574;2326523;987787264;18722816;1113059328;0;0;0;0;0;0;0;0;0;0;0;2245;0;0;89;0;40;0;
5575;2433463;987787264;18722816;1113059328;0;0;0;0;0;0;0;0;0;0;0;1423;0;0;89;0;40;0;
5576;1427177;987787264;18722816;1113059328;0;0;0;0;0;0;0;0;0;0;0;1633;0;0;89;0;40;0;
5577;5379308;987787264;18722816;1113059328;0;0;0;0;0;0;0;0;0;0;0;1663;0;0;89;0;40;0;
5578;4635543;987787264;18722816;1113059328;0;0;0;0;0;0;0;0;0;0;0;45014;0;0;89;0;40;0;
5579;3102168;987787264;18722816;1113059328;0;0;0;0;0;0;0;0;0;0;0;2034;0;0;89;0;40;0;
5580;1931312;987787264;18722816;1113059328;0;0;0;0;0;0;0;0;0;0;0;1794;0;0;89;0;40;0;
5581;2418676;987787264;18722816;1113059328;0;0;0;0;0;0;0;0;0;0;0;1703;0;0;89;0;40;0;
5582;1878974;987787264;18722816;1113059328;0;0;0;0;0;0;0;0;0;0;0;1853;0;0;89;0;40;0;
5583;5127556;987787264;18722816;1113059328;0;0;0;0;0;0;0;0;0;0;0;1734;0;0;89;0;40;0;
5584;3535350;987787264;18722816;1113059328;0;0;0;0;0;0;0;0;0;0;0;2304;0;0;89;0;40;0;
5585;2545163;987824128;18718720;1113055232;0;0;0;0;0;0;0;0;0;0;0;1813;0;0;89;0;40;0;
5586;1937193;987824128;18718720;1113055232;0;0;0;0;0;0;0;0;0;0;0;1773;0;0;89;0;40;0;
5587;2536156;987824128;18718720;1113055232;0;0;0;0;0;0;0;0;0;0;0;1773;0;0;89;0;40;0;
5588;2221477;987824128;18718720;1113055232;0;0;0;0;0;0;0;0;0;0;0;1753;0;0;89;0;40;0;
5589;5358779;987824128;18718720;1113055232;0;0;0;0;0;0;0;0;0;0;0;1783;0;0;89;0;40;0;
5590;4193384;987824128;18718720;1113055232;0;0;0;0;0;0;0;0;0;0;0;2185;0;0;89;0;40;0;
5591;2949491;987824128;18718720;1113055232;0;0;0;0;0;0;0;0;0;0;0;1984;0;0;89;0;40;0;
5592;2419677;987824128;18718720;1113055232;0;0;0;0;0;0;0;0;0;0;0;1844;0;0;89;0;40;0;
5593;2743956;987824128;18718720;1113055232;0;0;0;0;0;0;0;0;0;0;0;1744;0;0;89;0;40;0;
5594;1834751;987824128;18718720;1113055232;0;0;0;0;0;0;0;0;0;0;0;1803;0;0;89;0;40;0;
5595;4516921;987824128;18718720;1113055232;0;0;0;0;0;0;0;0;0;0;0;1713;0;0;89;0;40;0;
5596;3905174;987824128;18718720;1113055232;0;0;0;0;0;0;0;0;0;0;0;1863;0;0;89;0;40;0;
5597;1964174;987824128;18718720;1113055232;0;0;0;0;0;0;0;0;0;0;0;1874;0;0;89;0;40;0;
5598;1167099;987824128;18718720;1113055232;0;0;0;0;0;0;0;0;0;0;0;1794;0;0;89;0;40;0;
5599;2922591;987824128;18718720;1113055232;0;0;0;0;0;0;0;0;0;0;0;1783;0;0;89;0;40;0;
5600;2138851;987824128;18718720;1113055232;0;0;0;0;0;0;0;0;0;0;0;1863;0;0;89;0;40;0;
5601;4188916;987824128;18718720;1113055232;0;0;0;0;0;0;0;0;0;0;0;1713;0;0;89;0;40;0;
5602;2771297;987824128;18726912;1113063424;0;0;0;0;0;0;0;0;0;0;0;1864;0;0;89;0;40;0;
5603;1706610;987824128;18726912;1113063424;0;0;0;0;0;0;0;0;0;0;0;1794;0;0;89;0;40;0;
5604;2738516;987824128;18726912;1113063424;0;0;0;0;0;0;0;0;0;0;0;1393;0;0;89;0;40;0;
5605;1799875;987824128;18726912;1113063424;0;0;0;0;0;0;0;0;0;0;0;1423;0;0;89;0;40;0;
5606;2255500;987824128;18726912;1113063424;0;0;0;0;0;0;0;0;0;0;0;1593;0;0;89;0;40;0;
5607;1580755;987824128;18726912;1113063424;0;0;0;0;0;0;0;0;0;0;0;1422;0;0;89;0;40;0;
5608;4573637;987824128;18726912;1113063424;0;0;0;0;0;0;0;0;0;0;0;1342;0;0;89;0;40;0;
5609;3163373;987824128;18726912;1113063424;0;0;0;0;0;0;0;0;0;0;0;1633;0;0;89;0;40;0;
5610;2111510;983040000;13189120;1107525632;0;0;0;0;0;0;0;0;0;0;0;1833;0;0;89;0;40;0;
5611;1812569;983040000;13189120;1107525632;0;0;0;0;0;0;0;0;0;0;0;2043;0;0;89;0;40;0;
5612;2387768;983040000;13189120;1107525632;0;0;0;0;0;0;0;0;0;0;0;1833;0;0;89;0;40;0;
5613;1308975;983040000;13189120;1107525632;0;0;0;0;0;0;0;0;0;0;0;1904;0;0;89;0;40;0;
5614;5744633;983040000;13189120;1107525632;0;0;0;0;0;0;0;0;0;0;0;1844;0;0;89;0;40;0;
5615;4642086;983040000;13189120;1107525632;0;0;0;0;0;0;0;0;0;0;0;1793;0;0;89;0;40;0;
5616;2258336;983031808;13180928;1107517440;0;0;0;0;0;0;0;0;0;0;0;1713;0;0;89;0;40;0;
5617;2188044;983031808;13180928;1107517440;0;0;0;0;0;0;0;0;0;0;0;1423;0;0;89;0;40;0;
5618;2360206;983031808;13180928;1107517440;0;0;0;0;0;0;0;0;0;0;0;1503;0;0;89;0;40;0;
5619;1650435;983031808;13180928;1107517440;0;0;0;0;0;0;0;0;0;0;0;1683;0;0;89;0;40;0;
5620;5417760;983031808;13180928;1107517440;0;0;0;0;0;0;0;0;0;0;0;1733;0;0;89;0;40;0;
5621;4847601;985661440;18722816;1113059328;0;0;0;0;0;0;0;0;0;0;0;2816;0;0;89;0;40;0;
5622;2243427;985661440;18722816;1113059328;0;0;0;0;0;0;0;0;0;0;0;2395;0;0;89;0;40;0;
5623;3050601;987758592;18722816;1113059328;0;0;0;0;0;0;0;0;0;0;0;1864;0;0;89;0;40;0;
5624;2558187;987758592;18722816;1113059328;0;0;0;0;0;0;0;0;0;0;0;1983;0;0;89;0;40;0;
5625;3083072;987758592;18722816;1113059328;0;0;0;0;0;0;0;0;0;0;0;2655;0;0;89;0;40;0;
5626;1219747;987758592;18722816;1113059328;0;0;0;0;0;0;0;0;0;0;0;1713;0;0;89;0;40;0;
5627;4529024;987758592;18722816;1113059328;0;0;0;0;0;0;0;0;0;0;0;1714;0;0;89;0;40;0;
5628;4031842;987758592;18722816;1113059328;0;0;0;0;0;0;0;0;0;0;0;5590;0;0;89;0;40;0;
5629;2997020;987758592;18722816;1113059328;0;0;0;0;0;0;0;0;0;0;0;1663;0;0;89;0;40;0;
5630;2263976;987758592;18722816;1113059328;0;0;0;0;0;0;0;0;0;0;0;1944;0;0;89;0;40;0;
5631;2903605;987758592;18722816;1113059328;0;0;0;0;0;0;0;0;0;0;0;1543;0;0;89;0;40;0;
5632;3069286;987758592;18722816;1113059328;0;0;0;0;0;0;0;0;0;0;0;1854;0;0;89;0;40;0;
5633;4885732;987758592;18722816;1113059328;0;0;0;0;0;0;0;0;0;0;0;1473;0;0;89;0;40;0;
5634;4268896;987758592;18722816;1113059328;0;0;0;0;0;0;0;0;0;0;0;1693;0;0;89;0;40;0;
5635;1899763;987758592;18722816;1113059328;0;0;0;0;0;0;0;0;0;0;0;1773;0;0;89;0;40;0;
5636;3571738;987758592;18722816;1113059328;0;0;0;0;0;0;0;0;0;0;0;1693;0;0;89;0;40;0;
5637;2547588;987758592;18722816;1113059328;0;0;0;0;0;0;0;0;0;0;0;1853;0;0;89;0;40;0;
5638;3004104;987758592;18722816;1113059328;0;0;0;0;0;0;0;0;0;0;0;2094;0;0;89;0;40;0;
5639;2134814;987758592;18722816;1113059328;0;0;0;0;0;0;0;0;0;0;0;1783;0;0;89;0;40;0;
5640;5578752;987758592;18722816;1113059328;0;0;0;0;0;0;0;0;0;0;0;1793;0;0;89;0;40;0;
5641;3459818;987758592;18722816;1113059328;0;0;0;0;0;0;0;0;0;0;0;2314;0;0;89;0;40;0;
5642;1661145;987758592;18722816;1113059328;0;0;0;0;0;0;0;0;0;0;0;1452;0;0;89;0;40;0;
5643;3270674;987758592;18722816;1113059328;0;0;0;0;0;0;0;0;0;0;0;1433;0;0;89;0;40;0;
5644;3760813;987758592;18722816;1113059328;0;0;0;0;0;0;0;0;0;0;0;6993;0;0;89;0;40;0;
5645;3798233;987758592;18722816;1113059328;0;0;0;0;0;0;0;0;0;0;0;2765;0;0;89;0;40;0;
5646;2212049;987758592;18722816;1113059328;0;0;0;0;0;0;0;0;0;0;0;2224;0;0;89;0;40;0;
5647;4418898;987758592;18722816;1113059328;0;0;0;0;0;0;0;0;0;0;0;2254;0;0;89;0;40;0;
5648;4396966;987758592;18722816;1113059328;0;0;0;0;0;0;0;0;0;0;0;7133;0;0;89;0;40;0;
5649;2790633;987758592;18722816;1113059328;0;0;0;0;0;0;0;0;0;0;0;2885;0;0;89;0;40;0;
5650;2715913;987758592;18722816;1113059328;0;0;0;0;0;0;0;0;0;0;0;2445;0;0;89;0;40;0;
5651;8220135;987758592;18722816;1113059328;0;0;0;0;0;0;0;0;0;0;0;2425;0;0;89;0;40;0;
5652;4024367;987758592;18722816;1113059328;0;0;0;0;0;0;0;0;0;0;0;3676;0;0;89;0;40;0;
5653;5295341;987758592;18722816;1113059328;0;0;0;0;0;0;0;0;0;0;0;2955;0;0;89;0;40;0;
5654;6801837;987758592;18726912;1113063424;0;0;0;0;0;0;0;0;0;0;0;6552;0;0;89;0;40;0;
5655;2876345;987758592;18726912;1113063424;0;0;0;0;0;0;0;0;0;0;0;4398;0;0;89;0;40;0;
5656;3817298;987758592;18726912;1113063424;0;0;0;0;0;0;0;0;0;0;0;4478;0;0;89;0;40;0;
5657;3422468;987758592;18726912;1113063424;0;0;0;0;0;0;0;0;0;0;0;4088;0;0;89;0;40;0;
5658;4862549;987758592;18726912;1113063424;0;0;0;0;0;0;0;0;0;0;0;192602;0;0;89;0;40;0;
5659;1877050;987758592;18726912;1113063424;0;0;0;0;0;0;0;0;0;0;0;2464;0;0;89;0;40;0;
5660;5241359;987758592;18726912;1113063424;0;0;0;0;0;0;0;0;0;0;0;4018;0;0;89;0;40;0;
5661;5709528;987758592;18726912;1113063424;0;0;0;0;0;0;0;0;0;0;0;2715;0;0;89;0;40;0;
5662;3941231;987758592;18726912;1113063424;0;0;0;0;0;0;0;0;0;0;0;5129;0;0;89;0;40;0;
5663;4069432;987758592;18726912;1113063424;0;0;0;0;0;0;0;0;0;0;0;2815;0;0;89;0;40;0;
5664;2545844;987758592;18726912;1113063424;0;0;0;0;0;0;0;0;0;0;0;3396;0;0;89;0;40;0;
5665;3163483;987758592;18726912;1113063424;0;0;0;0;0;0;0;0;0;0;0;2245;0;0;89;0;40;0;
5666;1657167;987758592;18726912;1113063424;0;0;0;0;0;0;0;0;0;0;0;2224;0;0;89;0;40;0;
5667;5659404;987758592;18726912;1113063424;0;0;0;0;0;0;0;0;0;0;0;2134;0;0;89;0;40;0;
5668;6572166;987758592;18726912;1113063424;0;0;0;0;0;0;0;0;0;0;0;6622;0;0;89;0;40;0;
5669;3425795;987758592;18726912;1113063424;0;0;0;0;0;0;0;0;0;0;0;3867;0;0;89;0;40;0;
5670;2915418;987828224;18722816;1113059328;0;0;0;0;0;0;0;0;0;0;0;1923;0;0;89;0;40;0;
5671;2980871;987828224;18722816;1113059328;0;0;0;0;0;0;0;0;0;0;0;2655;0;0;89;0;40;0;
5672;3381862;987828224;18722816;1113059328;0;0;0;0;0;0;0;0;0;0;0;2515;0;0;89;0;40;0;
5673;1967339;987828224;18722816;1113059328;0;0;0;0;0;0;0;0;0;0;0;2224;0;0;89;0;40;0;
5674;5095576;987828224;18722816;1113059328;0;0;0;0;0;0;0;0;0;0;0;2054;0;0;89;0;40;0;
5675;7096208;987828224;18722816;1113059328;0;0;0;0;0;0;0;0;0;0;0;6632;0;0;89;0;40;0;
5676;2448973;987828224;18722816;1113059328;0;0;0;0;0;0;0;0;0;0;0;4048;0;0;89;0;40;0;
5677;4057790;987828224;18722816;1113059328;0;0;0;0;0;0;0;0;0;0;0;2535;0;0;89;0;40;0;
5678;2585519;987828224;18722816;1113059328;0;0;0;0;0;0;0;0;0;0;0;2946;0;0;89;0;40;0;
5679;2937900;987828224;18722816;1113059328;0;0;0;0;0;0;0;0;0;0;0;1513;0;0;89;0;40;0;
5680;2102002;987828224;18722816;1113059328;0;0;0;0;0;0;0;0;0;0;0;1523;0;0;89;0;40;0;
5681;5144308;987828224;18722816;1113059328;0;0;0;0;0;0;0;0;0;0;0;1703;0;0;89;0;40;0;
5682;4843323;987828224;18722816;1113059328;0;0;0;0;0;0;0;0;0;0;0;5711;0;0;89;0;40;0;
5683;3668179;987828224;18722816;1113059328;0;0;0;0;0;0;0;0;0;0;0;4378;0;0;89;0;40;0;
5684;3229046;987828224;18722816;1113059328;0;0;0;0;0;0;0;0;0;0;0;3787;0;0;89;0;40;0;
5685;3324524;987828224;18722816;1113059328;0;0;0;0;0;0;0;0;0;0;0;2806;0;0;89;0;40;0;
5686;2754836;987828224;18722816;1113059328;0;0;0;0;0;0;0;0;0;0;0;3046;0;0;89;0;40;0;
5687;7156601;987828224;18722816;1113059328;0;0;0;0;0;0;0;0;0;0;0;2695;0;0;89;0;40;0;
5688;6558920;987828224;18722816;1113059328;0;0;0;0;0;0;0;0;0;0;0;5039;0;0;89;0;40;0;
5689;3015385;987828224;18722816;1113059328;0;0;0;0;0;0;0;0;0;0;0;3507;0;0;89;0;40;0;
5690;3182769;987828224;18722816;1113059328;0;0;0;0;0;0;0;0;0;0;0;2495;0;0;89;0;40;0;
5691;3818421;987828224;18722816;1113059328;0;0;0;0;0;0;0;0;0;0;0;4278;0;0;89;0;40;0;
5692;3469617;987828224;18722816;1113059328;0;0;0;0;0;0;0;0;0;0;0;2985;0;0;89;0;40;0;
5693;3170576;987828224;18722816;1113059328;0;0;0;0;0;0;0;0;0;0;0;4548;0;0;89;0;40;0;
5694;6103516;987828224;18722816;1113059328;0;0;0;0;0;0;0;0;0;0;0;3918;0;0;89;0;40;0;
5695;5932485;987828224;18722816;1113059328;0;0;0;0;0;0;0;0;0;0;0;4097;0;0;89;0;40;0;
5696;3159475;987828224;18722816;1113059328;0;0;0;0;0;0;0;0;0;0;0;4628;0;0;89;0;40;0;
5697;3247791;987828224;18722816;1113059328;0;0;0;0;0;0;0;0;0;0;0;4058;0;0;89;0;40;0;
5698;1980234;987828224;18722816;1113059328;0;0;0;0;0;0;0;0;0;0;0;3947;0;0;89;0;40;0;
5699;2585599;987828224;18722816;1113059328;0;0;0;0;0;0;0;0;0;0;0;3226;0;0;89;0;40;0;
5700;3106927;987828224;18722816;1113059328;0;0;0;0;0;0;0;0;0;0;0;3767;0;0;89;0;40;0;
5701;5458237;987828224;18722816;1113059328;0;0;0;0;0;0;0;0;0;0;0;2866;0;0;89;0;40;0;
5702;5120342;987828224;18722816;1113059328;0;0;0;0;0;0;0;0;0;0;0;4398;0;0;89;0;40;0;
5703;2958689;987828224;18722816;1113059328;0;0;0;0;0;0;0;0;0;0;0;3848;0;0;89;0;40;0;
5704;4079070;987828224;18722816;1113059328;0;0;0;0;0;0;0;0;0;0;0;3337;0;0;89;0;40;0;
5705;2825900;987828224;18722816;1113059328;0;0;0;0;0;0;0;0;0;0;0;3447;0;0;89;0;40;0;
5706;6244751;987828224;18722816;1113059328;0;0;0;0;0;0;0;0;0;0;0;3977;0;0;89;0;40;0;
5707;3094633;987828224;18722816;1113059328;0;0;0;0;0;0;0;0;0;0;0;3857;0;0;89;0;40;0;
5708;5425705;987828224;18722816;1113059328;0;0;0;0;0;0;0;0;0;0;0;2906;0;0;89;0;40;0;
5709;3863897;987828224;18722816;1113059328;0;0;0;0;0;0;0;0;0;0;0;4027;0;0;89;0;40;0;
5710;2771027;987828224;18722816;1113059328;0;0;0;0;0;0;0;0;0;0;0;3316;0;0;89;0;40;0;
5711;3328933;987828224;18722816;1113059328;0;0;0;0;0;0;0;0;0;0;0;2675;0;0;89;0;40;0;
5712;2058049;987828224;18722816;1113059328;0;0;0;0;0;0;0;0;0;0;0;2475;0;0;89;0;40;0;
5713;2531267;987828224;18722816;1113059328;0;0;0;0;0;0;0;0;0;0;0;2304;0;0;89;0;40;0;
5714;1580564;987828224;18722816;1113059328;0;0;0;0;0;0;0;0;0;0;0;1913;0;0;89;0;40;0;
5715;4733107;987828224;18722816;1113059328;0;0;0;0;0;0;0;0;0;0;0;1964;0;0;89;0;40;0;
5716;4522732;987828224;18722816;1113059328;0;0;0;0;0;0;0;0;0;0;0;2966;0;0;89;0;40;0;
5717;3219978;987828224;18722816;1113059328;0;0;0;0;0;0;0;0;0;0;0;2545;0;0;89;0;40;0;
5718;1896036;987828224;18722816;1113059328;0;0;0;0;0;0;0;0;0;0;0;2054;0;0;89;0;40;0;
5719;3037887;987828224;18722816;1113059328;0;0;0;0;0;0;0;0;0;0;0;2044;0;0;89;0;40;0;
5720;2592462;987828224;18722816;1113059328;0;0;0;0;0;0;0;0;0;0;0;2776;0;0;89;0;40;0;
5721;5777806;987828224;18722816;1113059328;0;0;0;0;0;0;0;0;0;0;0;2855;0;0;89;0;40;0;
5722;3584463;987828224;18726912;1113063424;0;0;0;0;0;0;0;0;0;0;0;3647;0;0;89;0;40;0;
5723;3112557;987828224;18726912;1113063424;0;0;0;0;0;0;0;0;0;0;0;4237;0;0;89;0;40;0;
5724;3548575;987828224;18726912;1113063424;0;0;0;0;0;0;0;0;0;0;0;3196;0;0;89;0;40;0;
5725;2028905;987828224;18726912;1113063424;0;0;0;0;0;0;0;0;0;0;0;2765;0;0;89;0;40;0;
5726;2364264;987828224;18726912;1113063424;0;0;0;0;0;0;0;0;0;0;0;2585;0;0;89;0;40;0;
5727;1533847;987828224;18726912;1113063424;0;0;0;0;0;0;0;0;0;0;0;1673;0;0;89;0;40;0;
5728;5110213;987828224;18726912;1113063424;0;0;0;0;0;0;0;0;0;0;0;1673;0;0;89;0;40;0;
5729;3188500;987828224;18726912;1113063424;0;0;0;0;0;0;0;0;0;0;0;2484;0;0;89;0;40;0;
5730;1746335;987828224;18726912;1113063424;0;0;0;0;0;0;0;0;0;0;0;1533;0;0;89;0;40;0;
5731;2216467;987828224;18726912;1113063424;0;0;0;0;0;0;0;0;0;0;0;1422;0;0;89;0;40;0;
5732;2449113;987828224;18726912;1113063424;0;0;0;0;0;0;0;0;0;0;0;1533;0;0;89;0;40;0;
5733;1922876;987828224;18726912;1113063424;0;0;0;0;0;0;0;0;0;0;0;1683;0;0;89;0;40;0;
5734;4326894;987828224;18726912;1113063424;0;0;0;0;0;0;0;0;0;0;0;1563;0;0;89;0;40;0;
5735;3714786;987828224;18726912;1113063424;0;0;0;0;0;0;0;0;0;0;0;2775;0;0;89;0;40;0;
5736;2365205;987865088;18718720;1113055232;0;0;0;0;0;0;0;0;0;0;0;2946;0;0;89;0;40;0;
5737;2450025;987865088;18718720;1113055232;0;0;0;0;0;0;0;0;0;0;0;2625;0;0;89;0;40;0;
5738;3574955;987865088;18718720;1113055232;0;0;0;0;0;0;0;0;0;0;0;2635;0;0;89;0;40;0;
5739;2125487;987865088;18718720;1113055232;0;0;0;0;0;0;0;0;0;0;0;2805;0;0;89;0;40;0;
5740;5370171;987865088;18718720;1113055232;0;0;0;0;0;0;0;0;0;0;0;2795;0;0;89;0;40;0;
5741;4461567;987865088;18722816;1113059328;0;0;0;0;0;0;0;0;0;0;0;4258;0;0;89;0;40;0;
5742;2288392;987865088;18722816;1113059328;0;0;0;0;0;0;0;0;0;0;0;1843;0;0;89;0;40;0;
5743;2417534;987865088;18722816;1113059328;0;0;0;0;0;0;0;0;0;0;0;1463;0;0;89;0;40;0;
5744;2052219;987865088;18722816;1113059328;0;0;0;0;0;0;0;0;0;0;0;1583;0;0;89;0;40;0;
5745;2748374;987865088;18722816;1113059328;0;0;0;0;0;0;0;0;0;0;0;1523;0;0;89;0;40;0;
5746;1874305;987865088;18722816;1113059328;0;0;0;0;0;0;0;0;0;0;0;1743;0;0;89;0;40;0;
5747;4707508;987865088;18722816;1113059328;0;0;0;0;0;0;0;0;0;0;0;2204;0;0;89;0;40;0;
5748;3694618;987865088;18722816;1113059328;0;0;0;0;0;0;0;0;0;0;0;3547;0;0;89;0;40;0;
5749;2922581;987865088;18722816;1113059328;0;0;0;0;0;0;0;0;0;0;0;2224;0;0;89;0;40;0;
5750;2251101;987865088;18722816;1113059328;0;0;0;0;0;0;0;0;0;0;0;2255;0;0;89;0;40;0;
5751;2393279;987865088;18722816;1113059328;0;0;0;0;0;0;0;0;0;0;0;1773;0;0;89;0;40;0;
5752;2008006;987865088;18722816;1113059328;0;0;0;0;0;0;0;0;0;0;0;1914;0;0;89;0;40;0;
5753;5011389;987865088;18722816;1113059328;0;0;0;0;0;0;0;0;0;0;0;1813;0;0;89;0;40;0;
5754;4083679;987865088;18722816;1113059328;0;0;0;0;0;0;0;0;0;0;0;1893;0;0;89;0;40;0;
5755;2283954;987865088;18722816;1113059328;0;0;0;0;0;0;0;0;0;0;0;1463;0;0;89;0;40;0;
5756;3305349;983035904;13185024;1107521536;0;0;0;0;0;0;0;0;0;0;0;1262;0;0;89;0;40;0;
5757;2983946;983035904;13185024;1107521536;0;0;0;0;0;0;0;0;0;0;0;1984;0;0;89;0;40;0;
5758;3015465;983035904;13185024;1107521536;0;0;0;0;0;0;0;0;0;0;0;1994;0;0;89;0;40;0;
5759;1994610;983035904;13185024;1107521536;0;0;0;0;0;0;0;0;0;0;0;2435;0;0;89;0;40;0;
5760;4707268;983035904;13185024;1107521536;0;0;0;0;0;0;0;0;0;0;0;1894;0;0;89;0;40;0;
5761;3496748;983035904;13185024;1107521536;0;0;0;0;0;0;0;0;0;0;0;2534;0;0;89;0;40;0;
5762;2913074;983035904;13185024;1107521536;0;0;0;0;0;0;0;0;0;0;0;2916;0;0;89;0;40;0;
5763;1966408;983035904;13185024;1107521536;0;0;0;0;0;0;0;0;0;0;0;2485;0;0;89;0;40;0;
5764;3057394;983035904;13185024;1107521536;0;0;0;0;0;0;0;0;0;0;0;2705;0;0;89;0;40;0;
5765;2527139;983035904;13185024;1107521536;0;0;0;0;0;0;0;0;0;0;0;2705;0;0;89;0;40;0;
5766;5726910;983035904;13185024;1107521536;0;0;0;0;0;0;0;0;0;0;0;2725;0;0;89;0;40;0;
5767;3946502;985665536;18722816;1113059328;0;0;0;0;0;0;0;0;0;0;0;4548;0;0;89;0;40;0;
5768;2390292;985665536;18722816;1113059328;0;0;0;0;0;0;0;0;0;0;0;2374;0;0;89;0;40;0;
5769;2926929;985665536;18722816;1113059328;0;0;0;0;0;0;0;0;0;0;0;1863;0;0;89;0;40;0;
5770;2188925;985665536;18722816;1113059328;0;0;0;0;0;0;0;0;0;0;0;1432;0;0;89;0;40;0;
5771;3039590;985665536;18722816;1113059328;0;0;0;0;0;0;0;0;0;0;0;77816;0;0;89;0;40;0;
5772;2541145;985665536;18722816;1113059328;0;0;0;0;0;0;0;0;0;0;0;1483;0;0;89;0;40;0;
5773;4855155;985665536;18722816;1113059328;0;0;0;0;0;0;0;0;0;0;0;1392;0;0;89;0;40;0;
5774;3804325;985665536;18722816;1113059328;0;0;0;0;0;0;0;0;0;0;0;2855;0;0;89;0;40;0;
5775;3067092;985665536;18722816;1113059328;0;0;0;0;0;0;0;0;0;0;0;10390;0;0;89;0;40;0;
5776;2443011;985665536;18722816;1113059328;0;0;0;0;0;0;0;0;0;0;0;2445;0;0;89;0;40;0;
5777;3248332;985665536;18722816;1113059328;0;0;0;0;0;0;0;0;0;0;0;2405;0;0;89;0;40;0;
5778;2396043;985665536;18722816;1113059328;0;0;0;0;0;0;0;0;0;0;0;2054;0;0;89;0;40;0;
5779;5685723;985665536;18722816;1113059328;0;0;0;0;0;0;0;0;0;0;0;2284;0;0;89;0;40;0;
5780;3762636;985665536;18722816;1113059328;0;0;0;0;0;0;0;0;0;0;0;2595;0;0;89;0;40;0;
5781;3069547;985665536;18722816;1113059328;0;0;0;0;0;0;0;0;0;0;0;3676;0;0;89;0;40;0;
5782;2524424;985665536;18722816;1113059328;0;0;0;0;0;0;0;0;0;0;0;2214;0;0;89;0;40;0;
5783;1460579;985665536;18722816;1113059328;0;0;0;0;0;0;0;0;0;0;0;2204;0;0;89;0;40;0;
5784;3215851;985665536;18722816;1113059328;0;0;0;0;0;0;0;0;0;0;0;2365;0;0;89;0;40;0;
5785;1846723;985665536;18722816;1113059328;0;0;0;0;0;0;0;0;0;0;0;3156;0;0;89;0;40;0;
5786;4600688;985665536;18722816;1113059328;0;0;0;0;0;0;0;0;0;0;0;3045;0;0;89;0;40;0;
5787;4969791;987762688;18722816;1113059328;0;0;0;0;0;0;0;0;0;0;0;163006;0;0;89;0;40;0;
5788;2721925;987762688;18722816;1113059328;0;0;0;0;0;0;0;0;0;0;0;6713;0;0;89;0;40;0;
5789;2491182;987762688;18722816;1113059328;0;0;0;0;0;0;0;0;0;0;0;1663;0;0;89;0;40;0;
5790;1935079;987762688;18722816;1113059328;0;0;0;0;0;0;0;0;0;0;0;1603;0;0;89;0;40;0;
5791;2178777;987762688;18722816;1113059328;0;0;0;0;0;0;0;0;0;0;0;1784;0;0;89;0;40;0;
5792;1819663;987762688;18722816;1113059328;0;0;0;0;0;0;0;0;0;0;0;1663;0;0;89;0;40;0;
5793;5137776;987762688;18722816;1113059328;0;0;0;0;0;0;0;0;0;0;0;1794;0;0;89;0;40;0;
5794;5749333;987762688;18722816;1113059328;0;0;0;0;0;0;0;0;0;0;0;4718;0;0;89;0;40;0;
5795;2306055;987762688;18722816;1113059328;0;0;0;0;0;0;0;0;0;0;0;2034;0;0;89;0;40;0;
5796;3295731;987762688;18722816;1113059328;0;0;0;0;0;0;0;0;0;0;0;1703;0;0;89;0;40;0;
5797;2724069;987762688;18722816;1113059328;0;0;0;0;0;0;0;0;0;0;0;7174;0;0;89;0;40;0;
5798;2849464;987762688;18722816;1113059328;0;0;0;0;0;0;0;0;0;0;0;2355;0;0;89;0;40;0;
5799;2585799;987762688;18722816;1113059328;0;0;0;0;0;0;0;0;0;0;0;2826;0;0;89;0;40;0;
5800;5117748;987762688;18722816;1113059328;0;0;0;0;0;0;0;0;0;0;0;2033;0;0;89;0;40;0;
5801;4682903;987762688;18722816;1113059328;0;0;0;0;0;0;0;0;0;0;0;2595;0;0;89;0;40;0;
5802;1570135;987762688;18722816;1113059328;0;0;0;0;0;0;0;0;0;0;0;1814;0;0;89;0;40;0;
5803;2660920;987762688;18722816;1113059328;0;0;0;0;0;0;0;0;0;0;0;1373;0;0;89;0;40;0;
5804;1633223;987762688;18722816;1113059328;0;0;0;0;0;0;0;0;0;0;0;1503;0;0;89;0;40;0;
5805;3004825;987762688;18722816;1113059328;0;0;0;0;0;0;0;0;0;0;0;1372;0;0;89;0;40;0;
5806;1565226;987762688;18722816;1113059328;0;0;0;0;0;0;0;0;0;0;0;1533;0;0;89;0;40;0;
5807;5378347;987762688;18722816;1113059328;0;0;0;0;0;0;0;0;0;0;0;1613;0;0;89;0;40;0;
5808;3132594;987762688;18722816;1113059328;0;0;0;0;0;0;0;0;0;0;0;3637;0;0;89;0;40;0;
5809;1748339;987762688;18722816;1113059328;0;0;0;0;0;0;0;0;0;0;0;2294;0;0;89;0;40;0;
5810;2469010;987762688;18722816;1113059328;0;0;0;0;0;0;0;0;0;0;0;1984;0;0;89;0;40;0;
5811;2107573;987762688;18722816;1113059328;0;0;0;0;0;0;0;0;0;0;0;2024;0;0;89;0;40;0;
5812;2177875;987762688;18722816;1113059328;0;0;0;0;0;0;0;0;0;0;0;2164;0;0;89;0;40;0;
5813;1821897;987762688;18722816;1113059328;0;0;0;0;0;0;0;0;0;0;0;1883;0;0;89;0;40;0;
5814;4997271;987762688;18722816;1113059328;0;0;0;0;0;0;0;0;0;0;0;1954;0;0;89;0;40;0;
5815;5080107;987762688;18722816;1113059328;0;0;0;0;0;0;0;0;0;0;0;3797;0;0;89;0;40;0;
5816;3088402;987762688;18722816;1113059328;0;0;0;0;0;0;0;0;0;0;0;1863;0;0;89;0;40;0;
5817;1595953;987762688;18722816;1113059328;0;0;0;0;0;0;0;0;0;0;0;2284;0;0;89;0;40;0;
5818;1967169;987762688;18722816;1113059328;0;0;0;0;0;0;0;0;0;0;0;2244;0;0;89;0;40;0;
5819;2434686;987762688;18722816;1113059328;0;0;0;0;0;0;0;0;0;0;0;4268;0;0;89;0;40;0;
5820;5863427;987762688;18722816;1113059328;0;0;0;0;0;0;0;0;0;0;0;2425;0;0;89;0;40;0;
5821;4019538;987762688;18722816;1113059328;0;0;0;0;0;0;0;0;0;0;0;2826;0;0;89;0;40;0;
5822;2226496;987926528;18718720;1113055232;0;0;0;0;0;0;0;0;0;0;0;1744;0;0;89;0;40;0;
5823;2383680;987926528;18718720;1113055232;0;0;0;0;0;0;0;0;0;0;0;2204;0;0;89;0;40;0;
5824;3772896;987926528;18718720;1113055232;0;0;0;0;0;0;0;0;0;0;0;2033;0;0;89;0;40;0;
5825;2186441;987926528;18718720;1113055232;0;0;0;0;0;0;0;0;0;0;0;4789;0;0;89;0;40;0;
5826;5184744;987926528;18718720;1113055232;0;0;0;0;0;0;0;0;0;0;0;2195;0;0;89;0;40;0;
5827;4090191;987926528;18726912;1113063424;0;0;0;0;0;0;0;0;0;0;0;2154;0;0;89;0;40;0;
5828;2945624;987926528;18726912;1113063424;0;0;0;0;0;0;0;0;0;0;0;1363;0;0;89;0;40;0;
5829;3198488;987926528;18726912;1113063424;0;0;0;0;0;0;0;0;0;0;0;1423;0;0;89;0;40;0;
5830;2091362;987926528;18726912;1113063424;0;0;0;0;0;0;0;0;0;0;0;1333;0;0;89;0;40;0;
5831;2724069;987926528;18726912;1113063424;0;0;0;0;0;0;0;0;0;0;0;1413;0;0;89;0;40;0;
5832;2482866;987926528;18726912;1113063424;0;0;0;0;0;0;0;0;0;0;0;1734;0;0;89;0;40;0;
5833;6006404;987926528;18726912;1113063424;0;0;0;0;0;0;0;0;0;0;0;2334;0;0;89;0;40;0;
5834;3787463;987926528;18726912;1113063424;0;0;0;0;0;0;0;0;0;0;0;7274;0;0;89;0;40;0;
5835;3319225;987926528;18726912;1113063424;0;0;0;0;0;0;0;0;0;0;0;5991;0;0;89;0;40;0;
5836;3361494;987926528;18726912;1113063424;0;0;0;0;0;0;0;0;0;0;0;1472;0;0;89;0;40;0;
5837;2479600;987926528;18726912;1113063424;0;0;0;0;0;0;0;0;0;0;0;1703;0;0;89;0;40;0;
5838;2520297;987926528;18726912;1113063424;0;0;0;0;0;0;0;0;0;0;0;1413;0;0;89;0;40;0;
5839;2247636;987926528;18726912;1113063424;0;0;0;0;0;0;0;0;0;0;0;1402;0;0;89;0;40;0;
5840;4668916;987926528;18726912;1113063424;0;0;0;0;0;0;0;0;0;0;0;1473;0;0;89;0;40;0;
5841;4027002;987926528;18726912;1113063424;0;0;0;0;0;0;0;0;0;0;0;3267;0;0;89;0;40;0;
5842;2337303;987926528;18726912;1113063424;0;0;0;0;0;0;0;0;0;0;0;1974;0;0;89;0;40;0;
5843;2944041;987967488;18722816;1113059328;0;0;0;0;0;0;0;0;0;0;0;1933;0;0;89;0;40;0;
5844;2592162;987967488;18722816;1113059328;0;0;0;0;0;0;0;0;0;0;0;2054;0;0;89;0;40;0;
5845;2561273;987967488;18722816;1113059328;0;0;0;0;0;0;0;0;0;0;0;1794;0;0;89;0;40;0;
5846;2030679;987967488;18722816;1113059328;0;0;0;0;0;0;0;0;0;0;0;1723;0;0;89;0;40;0;
5847;5430314;987967488;18722816;1113059328;0;0;0;0;0;0;0;0;0;0;0;1824;0;0;89;0;40;0;
5848;4015510;987967488;18722816;1113059328;0;0;0;0;0;0;0;0;0;0;0;2906;0;0;89;0;40;0;
5849;2449765;987967488;18722816;1113059328;0;0;0;0;0;0;0;0;0;0;0;2003;0;0;89;0;40;0;
5850;2811904;987967488;18722816;1113059328;0;0;0;0;0;0;0;0;0;0;0;1953;0;0;89;0;40;0;
5851;1870608;987967488;18722816;1113059328;0;0;0;0;0;0;0;0;0;0;0;1402;0;0;89;0;40;0;
5852;2471935;987967488;18722816;1113059328;0;0;0;0;0;0;0;0;0;0;0;1402;0;0;89;0;40;0;
5853;1765872;987967488;18722816;1113059328;0;0;0;0;0;0;0;0;0;0;0;1383;0;0;89;0;40;0;
5854;4556224;987967488;18722816;1113059328;0;0;0;0;0;0;0;0;0;0;0;1473;0;0;89;0;40;0;
5855;4191170;987967488;18722816;1113059328;0;0;0;0;0;0;0;0;0;0;0;3346;0;0;89;0;40;0;
5856;2817935;987967488;18722816;1113059328;0;0;0;0;0;0;0;0;0;0;0;1824;0;0;89;0;40;0;
5857;1409724;987967488;18722816;1113059328;0;0;0;0;0;0;0;0;0;0;0;2033;0;0;89;0;40;0;
5858;2077767;987967488;18722816;1113059328;0;0;0;0;0;0;0;0;0;0;0;2234;0;0;89;0;40;0;
5859;2103204;987967488;18722816;1113059328;0;0;0;0;0;0;0;0;0;0;0;1953;0;0;89;0;40;0;
5860;4541898;987967488;18722816;1113059328;0;0;0;0;0;0;0;0;0;0;0;1713;0;0;89;0;40;0;
5861;4127511;987967488;18722816;1113059328;0;0;0;0;0;0;0;0;0;0;0;4138;0;0;89;0;41;0;
5862;2842491;987967488;18722816;1113059328;0;0;0;0;0;0;0;0;0;0;0;2074;0;0;89;0;41;0;
5863;2644981;987967488;18722816;1113059328;0;0;0;0;0;0;0;0;0;0;0;1713;0;0;89;0;41;0;
5864;2990218;987967488;18722816;1113059328;0;0;0;0;0;0;0;0;0;0;0;1894;0;0;89;0;41;0;
5865;2425148;987967488;18722816;1113059328;0;0;0;0;0;0;0;0;0;0;0;1774;0;0;89;0;41;0;
5866;2708740;987967488;18722816;1113059328;0;0;0;0;0;0;0;0;0;0;0;2755;0;0;89;0;42;0;
5867;5241219;987967488;18722816;1113059328;0;0;0;0;0;0;0;0;0;0;0;1763;0;0;89;0;42;0;
5868;3010276;987967488;18722816;1113059328;0;0;0;0;0;0;0;0;0;0;0;2334;0;0;89;0;42;0;
5869;2200788;987967488;18722816;1113059328;0;0;0;0;0;0;0;0;0;0;0;1724;0;0;89;0;42;0;
5870;1864346;987967488;18722816;1113059328;0;0;0;0;0;0;0;0;0;0;0;1483;0;0;89;0;42;0;
5871;2646002;987967488;18722816;1113059328;0;0;0;0;0;0;0;0;0;0;0;1413;0;0;89;0;42;0;
5872;2146486;987967488;18722816;1113059328;0;0;0;0;0;0;0;0;0;0;0;1452;0;0;89;0;42;0;
5873;5237623;987967488;18722816;1113059328;0;0;0;0;0;0;0;0;0;0;0;1373;0;0;89;0;42;0;
5874;3349391;987967488;18722816;1113059328;0;0;0;0;0;0;0;0;0;0;0;4238;0;0;89;0;42;0;
5875;2586681;987967488;18722816;1113059328;0;0;0;0;0;0;0;0;0;0;0;2816;0;0;89;0;42;0;
5876;2630813;987967488;18722816;1113059328;0;0;0;0;0;0;0;0;0;0;0;2044;0;0;89;0;42;0;
5877;2561313;987967488;18722816;1113059328;0;0;0;0;0;0;0;0;0;0;0;2244;0;0;89;0;42;0;
5878;2419798;987967488;18722816;1113059328;0;0;0;0;0;0;0;0;0;0;0;1833;0;0;89;0;42;0;
5879;2237987;987967488;18722816;1113059328;0;0;0;0;0;0;0;0;0;0;0;5030;0;0;89;0;42;0;
5880;5686916;987967488;18722816;1113059328;0;0;0;0;0;0;0;0;0;0;0;1723;0;0;89;0;42;0;
5881;18244755;987967488;18722816;1113059328;0;0;0;0;0;0;0;0;0;0;0;6563;0;0;89;0;42;0;
5882;3702904;987967488;18722816;1113059328;0;0;0;0;0;0;0;0;0;0;0;1593;0;0;89;0;42;0;
5883;2234220;987967488;18722816;1113059328;0;0;0;0;0;0;0;0;0;0;0;1453;0;0;89;0;42;0;
5884;3090576;987967488;18722816;1113059328;0;0;0;0;0;0;0;0;0;0;0;1473;0;0;89;0;42;0;
5885;2662423;987967488;18722816;1113059328;0;0;0;0;0;0;0;0;0;0;0;1993;0;0;89;0;42;0;
5886;5394887;987967488;18722816;1113059328;0;0;0;0;0;0;0;0;0;0;0;1463;0;0;89;0;42;0;
5887;4255721;987967488;18722816;1113059328;0;0;0;0;0;0;0;0;0;0;0;5580;0;0;89;0;43;0;
5888;2114425;987967488;18722816;1113059328;0;0;0;0;0;0;0;0;0;0;0;2064;0;0;89;0;43;0;
5889;2235282;987967488;18722816;1113059328;0;0;0;0;0;0;0;0;0;0;0;1423;0;0;89;0;43;0;
5890;1534808;987967488;18722816;1113059328;0;0;0;0;0;0;0;0;0;0;0;1583;0;0;89;0;43;0;
5891;2026871;987967488;18722816;1113059328;0;0;0;0;0;0;0;0;0;0;0;1653;0;0;89;0;43;0;
5892;1723452;987967488;18722816;1113059328;0;0;0;0;0;0;0;0;0;0;0;1633;0;0;89;0;43;0;
5893;5456563;987967488;18722816;1113059328;0;0;0;0;0;0;0;0;0;0;0;1703;0;0;89;0;43;0;
5894;3002922;987967488;18722816;1113059328;0;0;0;0;0;0;0;0;0;0;0;2484;0;0;89;0;44;0;
5895;2009469;987967488;18722816;1113059328;0;0;0;0;0;0;0;0;0;0;0;1573;0;0;89;0;44;0;
5896;2081644;987967488;18722816;1113059328;0;0;0;0;0;0;0;0;0;0;0;1412;0;0;89;0;44;0;
5897;1498069;987967488;18722816;1113059328;0;0;0;0;0;0;0;0;0;0;0;1192;0;0;89;0;44;0;
5898;1881428;987967488;18722816;1113059328;0;0;0;0;0;0;0;0;0;0;0;1363;0;0;89;0;44;0;
5899;1342588;987967488;18722816;1113059328;0;0;0;0;0;0;0;0;0;0;0;1473;0;0;89;0;44;0;
5900;4565722;987967488;18722816;1113059328;0;0;0;0;0;0;0;0;0;0;0;1403;0;0;89;0;44;0;
5901;1971717;987967488;18722816;1113059328;0;0;0;0;0;0;0;0;0;0;0;1402;0;0;89;0;44;0;
5902;1706771;987967488;18722816;1113059328;0;0;0;0;0;0;0;0;0;0;0;1412;0;0;89;0;44;0;
5903;2168437;987967488;18722816;1113059328;0;0;0;0;0;0;0;0;0;0;0;1513;0;0;89;0;44;0;
5904;1763938;987967488;18722816;1113059328;0;0;0;0;0;0;0;0;0;0;0;1774;0;0;89;0;44;0;
5905;2334898;987967488;18722816;1113059328;0;0;0;0;0;0;0;0;0;0;0;1863;0;0;89;0;44;0;
5906;1480337;987967488;18722816;1113059328;0;0;0;0;0;0;0;0;0;0;0;1653;0;0;89;0;44;0;
5907;4540565;987967488;18722816;1113059328;0;0;0;0;0;0;0;0;0;0;0;1473;0;0;89;0;44;0;
5908;1942804;987967488;18722816;1113059328;0;0;0;0;0;0;0;0;0;0;0;1523;0;0;89;0;44;0;
5909;2355357;987967488;18722816;1113059328;0;0;0;0;0;0;0;0;0;0;0;1493;0;0;89;0;44;0;
5910;1095815;987967488;18722816;1113059328;0;0;0;0;0;0;0;0;0;0;0;1704;0;0;89;0;44;0;
5911;2021812;987967488;18722816;1113059328;0;0;0;0;0;0;0;0;0;0;0;1412;0;0;89;0;44;0;
5912;1448356;987967488;18722816;1113059328;0;0;0;0;0;0;0;0;0;0;0;1473;0;0;89;0;44;0;
5913;4302499;987967488;18722816;1113059328;0;0;0;0;0;0;0;0;0;0;0;1403;0;0;89;0;44;0;
5914;2579487;987967488;18722816;1113059328;0;0;0;0;0;0;0;0;0;0;0;1643;0;0;89;0;44;0;
5915;1538605;987967488;18722816;1113059328;0;0;0;0;0;0;0;0;0;0;0;1664;0;0;89;0;44;0;
5916;1860119;987967488;18722816;1113059328;0;0;0;0;0;0;0;0;0;0;0;1743;0;0;89;0;44;0;
5917;1112476;987967488;18722816;1113059328;0;0;0;0;0;0;0;0;0;0;0;1603;0;0;89;0;44;0;
5918;1499472;987967488;18722816;1113059328;0;0;0;0;0;0;0;0;0;0;0;1694;0;0;89;0;44;0;
5919;992662;987967488;18722816;1113059328;0;0;0;0;0;0;0;0;0;0;0;1693;0;0;89;0;44;0;
5920;4334850;987967488;18722816;1113059328;0;0;0;0;0;0;0;0;0;0;0;1473;0;0;89;0;44;0;
5921;2384512;987967488;18722816;1113059328;0;0;0;0;0;0;0;0;0;0;0;1423;0;0;89;0;44;0;
5922;2303951;987967488;18722816;1113059328;0;0;0;0;0;0;0;0;0;0;0;1453;0;0;89;0;44;0;
5923;1646768;987967488;18722816;1113059328;0;0;0;0;0;0;0;0;0;0;0;1613;0;0;89;0;44;0;
5924;1987718;987967488;18722816;1113059328;0;0;0;0;0;0;0;0;0;0;0;1683;0;0;89;0;44;0;
5925;2113173;987967488;18722816;1113059328;0;0;0;0;0;0;0;0;0;0;0;1402;0;0;89;0;44;0;
5926;4481605;987967488;18722816;1113059328;0;0;0;0;0;0;0;0;0;0;0;1513;0;0;89;0;44;0;
5927;2597542;987967488;18722816;1113059328;0;0;0;0;0;0;0;0;0;0;0;1403;0;0;89;0;44;0;
5928;2437922;988028928;18718720;1113055232;0;0;0;0;0;0;0;0;0;0;0;1453;0;0;89;0;44;0;
5929;1928938;988028928;18718720;1113055232;0;0;0;0;0;0;0;0;0;0;0;2043;0;0;89;0;44;0;
5930;2179818;988028928;18718720;1113055232;0;0;0;0;0;0;0;0;0;0;0;2014;0;0;89;0;44;0;
5931;1435162;988028928;18718720;1113055232;0;0;0;0;0;0;0;0;0;0;0;1673;0;0;89;0;44;0;
5932;5274291;988028928;18718720;1113055232;0;0;0;0;0;0;0;0;0;0;0;2014;0;0;89;0;44;0;
5933;3728682;988028928;18718720;1113055232;0;0;0;0;0;0;0;0;0;0;0;2144;0;0;89;0;44;0;
5934;2401274;988028928;18718720;1113055232;0;0;0;0;0;0;0;0;0;0;0;1733;0;0;89;0;44;0;
5935;1667407;988028928;18718720;1113055232;0;0;0;0;0;0;0;0;0;0;0;2946;0;0;89;0;46;0;
5936;1901496;988028928;18718720;1113055232;0;0;0;0;0;0;0;0;0;0;0;2104;0;0;89;0;46;0;
5937;2309952;988028928;18718720;1113055232;0;0;0;0;0;0;0;0;0;0;0;1854;0;0;89;0;46;0;
5938;5543045;988028928;18718720;1113055232;0;0;0;0;0;0;0;0;0;0;0;1933;0;0;89;0;46;0;
5939;4529725;988028928;18722816;1113059328;0;0;0;0;0;0;0;0;0;0;0;2114;0;0;89;0;46;0;
5940;2001093;988028928;18722816;1113059328;0;0;0;0;0;0;0;0;0;0;0;2875;0;0;89;0;48;0;
5941;2857759;988028928;18722816;1113059328;0;0;0;0;0;0;0;0;0;0;0;1733;0;0;89;0;48;0;
5942;1668369;988028928;18722816;1113059328;0;0;0;0;0;0;0;0;0;0;0;1493;0;0;89;0;48;0;
5943;2324750;988028928;18722816;1113059328;0;0;0;0;0;0;0;0;0;0;0;1543;0;0;89;0;48;0;
5944;1514841;988028928;18722816;1113059328;0;0;0;0;0;0;0;0;0;0;0;1674;0;0;89;0;48;0;
5945;4885121;988028928;18722816;1113059328;0;0;0;0;0;0;0;0;0;0;0;1523;0;0;89;0;48;0;
5946;3972640;988028928;18722816;1113059328;0;0;0;0;0;0;0;0;0;0;0;1593;0;0;89;0;48;0;
5947;2604895;988028928;18722816;1113059328;0;0;0;0;0;0;0;0;0;0;0;1453;0;0;89;0;48;0;
5948;1563302;988028928;18722816;1113059328;0;0;0;0;0;0;0;0;0;0;0;1593;0;0;89;0;48;0;
5949;1974472;988028928;18722816;1113059328;0;0;0;0;0;0;0;0;0;0;0;1634;0;0;89;0;48;0;
5950;953668;988028928;18722816;1113059328;0;0;0;0;0;0;0;0;0;0;0;1443;0;0;89;0;48;0;
5951;4871767;988028928;18722816;1113059328;0;0;0;0;0;0;0;0;0;0;0;1703;0;0;89;0;48;0;
5952;3561069;988028928;18722816;1113059328;0;0;0;0;0;0;0;0;0;0;0;1603;0;0;89;0;48;0;
5953;2343144;988049408;18718720;1113055232;0;0;0;0;0;0;0;0;0;0;0;1633;0;0;89;0;48;0;
5954;2083818;988049408;18718720;1113055232;0;0;0;0;0;0;0;0;0;0;0;1452;0;0;89;0;48;0;
5955;2666871;988049408;18718720;1113055232;0;0;0;0;0;0;0;0;0;0;0;1733;0;0;89;0;48;0;
5956;1274791;988049408;18718720;1113055232;0;0;0;0;0;0;0;0;0;0;0;1413;0;0;89;0;48;0;
5957;4655712;988049408;18718720;1113055232;0;0;0;0;0;0;0;0;0;0;0;1433;0;0;89;0;48;0;
5958;3344422;988049408;18726912;1113063424;0;0;0;0;0;0;0;0;0;0;0;1823;0;0;89;0;48;0;
5959;2041648;988049408;18726912;1113063424;0;0;0;0;0;0;0;0;0;0;0;3196;0;0;89;0;49;0;
5960;8785516;988049408;18726912;1113063424;0;0;0;0;0;0;0;0;0;0;0;1733;0;0;89;0;49;0;
5961;2338986;988049408;18726912;1113063424;0;0;0;0;0;0;0;0;0;0;0;1894;0;0;89;0;49;0;
5962;2362931;988049408;18726912;1113063424;0;0;0;0;0;0;0;0;0;0;0;1743;0;0;89;0;49;0;
5963;1779307;988049408;18726912;1113063424;0;0;0;0;0;0;0;0;0;0;0;1943;0;0;89;0;49;0;
5964;4884370;988049408;18726912;1113063424;0;0;0;0;0;0;0;0;0;0;0;1753;0;0;89;0;49;0;
5965;3425114;988049408;18726912;1113063424;0;0;0;0;0;0;0;0;0;0;0;1483;0;0;89;0;49;0;
5966;2461065;988049408;18726912;1113063424;0;0;0;0;0;0;0;0;0;0;0;1463;0;0;89;0;49;0;
5967;1878764;988049408;18726912;1113063424;0;0;0;0;0;0;0;0;0;0;0;1472;0;0;89;0;49;0;
5968;2898917;988049408;18726912;1113063424;0;0;0;0;0;0;0;0;0;0;0;1372;0;0;89;0;49;0;
5969;1880377;988049408;18726912;1113063424;0;0;0;0;0;0;0;0;0;0;0;1693;0;0;89;0;49;0;
5970;4519917;988049408;18726912;1113063424;0;0;0;0;0;0;0;0;0;0;0;1703;0;0;89;0;49;0;
5971;3157902;988049408;18726912;1113063424;0;0;0;0;0;0;0;0;0;0;0;2574;0;0;89;0;49;0;
5972;2057639;983031808;13180928;1107517440;0;0;0;0;0;0;0;0;0;0;0;1673;0;0;89;0;49;0;
5973;1407921;983031808;13180928;1107517440;0;0;0;0;0;0;0;0;0;0;0;1443;0;0;89;0;49;0;
5974;1910293;983031808;13180928;1107517440;0;0;0;0;0;0;0;0;0;0;0;1412;0;0;89;0;49;0;
5975;1779727;983031808;13180928;1107517440;0;0;0;0;0;0;0;0;0;0;0;2565;0;0;89;0;50;0;
5976;4749928;983031808;13180928;1107517440;0;0;0;0;0;0;0;0;0;0;0;5510;0;0;89;0;50;0;
5977;2763953;983031808;13180928;1107517440;0;0;0;0;0;0;0;0;0;0;0;1784;0;0;89;0;50;0;
5978;2540104;983031808;13180928;1107517440;0;0;0;0;0;0;0;0;0;0;0;1653;0;0;89;0;50;0;
5979;1998678;983031808;13180928;1107517440;0;0;0;0;0;0;0;0;0;0;0;2063;0;0;89;0;50;0;
5980;2281589;983031808;13180928;1107517440;0;0;0;0;0;0;0;0;0;0;0;1683;0;0;89;0;50;0;
5981;1241639;983031808;13180928;1107517440;0;0;0;0;0;0;0;0;0;0;0;1663;0;0;89;0;50;0;
5982;5182649;983031808;13180928;1107517440;0;0;0;0;0;0;0;0;0;0;0;1563;0;0;89;0;50;0;
5983;4083458;985661440;18726912;1113063424;0;0;0;0;0;0;0;0;0;0;0;2605;0;0;89;0;50;0;
5984;1300599;985661440;18726912;1113063424;0;0;0;0;0;0;0;0;0;0;0;1593;0;0;89;0;50;0;
5985;2700094;987758592;18726912;1113063424;0;0;0;0;0;0;0;0;0;0;0;1634;0;0;89;0;50;0;
5986;1915312;987758592;18726912;1113063424;0;0;0;0;0;0;0;0;0;0;0;1383;0;0;89;0;50;0;
5987;1685591;987758592;18726912;1113063424;0;0;0;0;0;0;0;0;0;0;0;1433;0;0;89;0;50;0;
5988;974768;987758592;18726912;1113063424;0;0;0;0;0;0;0;0;0;0;0;1623;0;0;89;0;50;0;
5989;5674162;988024832;18726912;1113063424;0;0;0;0;0;0;0;0;0;0;0;1392;0;0;89;0;50;0;
5990;2873589;988024832;18726912;1113063424;0;0;0;0;0;0;0;0;0;0;0;1643;0;0;89;0;50;0;
5991;1755111;988024832;18726912;1113063424;0;0;0;0;0;0;0;0;0;0;0;1523;0;0;89;0;50;0;
5992;2418115;988024832;18726912;1113063424;0;0;0;0;0;0;0;0;0;0;0;1563;0;0;89;0;50;0;
5993;1809964;988024832;18726912;1113063424;0;0;0;0;0;0;0;0;0;0;0;1724;0;0;89;0;50;0;
5994;2224171;988024832;18726912;1113063424;0;0;0;0;0;0;0;0;0;0;0;1463;0;0;89;0;50;0;
5995;1891838;988024832;18726912;1113063424;0;0;0;0;0;0;0;0;0;0;0;1633;0;0;89;0;50;0;
5996;4931188;988024832;18726912;1113063424;0;0;0;0;0;0;0;0;0;0;0;1483;0;0;89;0;50;0;
5997;3014834;988024832;18726912;1113063424;0;0;0;0;0;0;0;0;0;0;0;2094;0;0;89;0;50;0;
5998;2724169;988094464;18722816;1113059328;0;0;0;0;0;0;0;0;0;0;0;1593;0;0;89;0;50;0;
5999;2123272;988094464;18722816;1113059328;0;0;0;0;0;0;0;0;0;0;0;1714;0;0;89;0;50;0;
6000;2527881;988094464;18722816;1113059328;0;0;0;0;0;0;0;0;0;0;0;1813;0;0;89;0;50;0;
6001;3079625;988094464;18722816;1113059328;0;0;0;0;0;0;0;0;0;0;0;7073;0;0;89;0;50;0;
6002;5865961;988094464;18722816;1113059328;0;0;0;0;0;0;0;0;0;0;0;2355;0;0;89;0;50;0;
6003;4720082;988094464;18722816;1113059328;0;0;0;0;0;0;0;0;0;0;0;2284;0;0;89;0;50;0;
6004;3376883;988094464;18722816;1113059328;0;0;0;0;0;0;0;0;0;0;0;1744;0;0;89;0;50;0;
6005;2889208;988094464;18722816;1113059328;0;0;0;0;0;0;0;0;0;0;0;1883;0;0;89;0;50;0;
6006;2442281;988094464;18722816;1113059328;0;0;0;0;0;0;0;0;0;0;0;1973;0;0;89;0;50;0;
6007;2450235;988094464;18722816;1113059328;0;0;0;0;0;0;0;0;0;0;0;1914;0;0;89;0;50;0;
6008;2637206;988094464;18722816;1113059328;0;0;0;0;0;0;0;0;0;0;0;2003;0;0;89;0;50;0;
6009;5511496;988094464;18722816;1113059328;0;0;0;0;0;0;0;0;0;0;0;1854;0;0;89;0;50;0;
6010;4645422;988094464;18722816;1113059328;0;0;0;0;0;0;0;0;0;0;0;2195;0;0;89;0;50;0;
6011;2287109;988094464;18722816;1113059328;0;0;0;0;0;0;0;0;0;0;0;1964;0;0;89;0;50;0;
6012;3652309;988094464;18722816;1113059328;0;0;0;0;0;0;0;0;0;0;0;1923;0;0;89;0;50;0;
6013;2333787;988094464;18722816;1113059328;0;0;0;0;0;0;0;0;0;0;0;1643;0;0;89;0;50;0;
6014;2162476;988094464;18722816;1113059328;0;0;0;0;0;0;0;0;0;0;0;1563;0;0;89;0;50;0;
6015;2127139;988094464;18722816;1113059328;0;0;0;0;0;0;0;0;0;0;0;1423;0;0;89;0;50;0;
6016;5625700;988094464;18722816;1113059328;0;0;0;0;0;0;0;0;0;0;0;1563;0;0;89;0;50;0;
6017;3265925;988094464;18722816;1113059328;0;0;0;0;0;0;0;0;0;0;0;1633;0;0;89;0;50;0;
6018;1877200;988094464;18722816;1113059328;0;0;0;0;0;0;0;0;0;0;0;1423;0;0;89;0;50;0;
6019;2371738;988094464;18722816;1113059328;0;0;0;0;0;0;0;0;0;0;0;1462;0;0;89;0;50;0;
6020;1662277;988094464;18722816;1113059328;0;0;0;0;0;0;0;0;0;0;0;1503;0;0;89;0;50;0;
6021;2158788;988094464;18722816;1113059328;0;0;0;0;0;0;0;0;0;0;0;1442;0;0;89;0;50;0;
6022;2218471;988094464;18722816;1113059328;0;0;0;0;0;0;0;0;0;0;0;1834;0;0;89;0;50;0;
6023;5246109;988094464;18722816;1113059328;0;0;0;0;0;0;0;0;0;0;0;2034;0;0;89;0;50;0;
6024;3345714;988094464;18722816;1113059328;0;0;0;0;0;0;0;0;0;0;0;1974;0;0;89;0;50;0;
6025;2481755;988094464;18722816;1113059328;0;0;0;0;0;0;0;0;0;0;0;1763;0;0;89;0;50;0;
6026;1966208;988094464;18722816;1113059328;0;0;0;0;0;0;0;0;0;0;0;1733;0;0;89;0;50;0;
6027;3009955;988094464;18722816;1113059328;0;0;0;0;0;0;0;0;0;0;0;1713;0;0;89;0;50;0;
6028;2033013;988094464;18722816;1113059328;0;0;0;0;0;0;0;0;0;0;0;1483;0;0;89;0;50;0;
6029;5222545;988094464;18722816;1113059328;0;0;0;0;0;0;0;0;0;0;0;1523;0;0;89;0;50;0;
6030;3653773;988094464;18722816;1113059328;0;0;0;0;0;0;0;0;0;0;0;2034;0;0;89;0;50;0;
6031;1936632;988094464;18722816;1113059328;0;0;0;0;0;0;0;0;0;0;0;1442;0;0;89;0;50;0;
6032;2779212;988094464;18722816;1113059328;0;0;0;0;0;0;0;0;0;0;0;1262;0;0;89;0;50;0;
6033;2360056;988094464;18722816;1113059328;0;0;0;0;0;0;0;0;0;0;0;1523;0;0;89;0;50;0;
6034;2707157;988094464;18722816;1113059328;0;0;0;0;0;0;0;0;0;0;0;1513;0;0;89;0;50;0;
6035;1368977;988094464;18722816;1113059328;0;0;0;0;0;0;0;0;0;0;0;1473;0;0;89;0;50;0;
6036;5321169;988094464;18722816;1113059328;0;0;0;0;0;0;0;0;0;0;0;1603;0;0;89;0;50;0;
6037;2611327;988094464;18722816;1113059328;0;0;0;0;0;0;0;0;0;0;0;1493;0;0;89;0;50;0;
6038;2562986;988094464;18722816;1113059328;0;0;0;0;0;0;0;0;0;0;0;1443;0;0;89;0;50;0;
6039;2048662;988094464;18722816;1113059328;0;0;0;0;0;0;0;0;0;0;0;1472;0;0;89;0;50;0;
6040;2646072;988094464;18722816;1113059328;0;0;0;0;0;0;0;0;0;0;0;1543;0;0;89;0;50;0;
6041;2051838;988094464;18722816;1113059328;0;0;0;0;0;0;0;0;0;0;0;1433;0;0;89;0;50;0;
6042;4990028;988094464;18722816;1113059328;0;0;0;0;0;0;0;0;0;0;0;1483;0;0;89;0;50;0;
6043;2934443;988094464;18722816;1113059328;0;0;0;0;0;0;0;0;0;0;0;1933;0;0;89;0;50;0;
6044;2423275;983031808;13180928;1107517440;0;0;0;0;0;0;0;0;0;0;0;1523;0;0;89;0;50;0;
6045;2625865;983031808;13180928;1107517440;0;0;0;0;0;0;0;0;0;0;0;1503;0;0;89;0;50;0;
6046;2284234;983031808;13180928;1107517440;0;0;0;0;0;0;0;0;0;0;0;1403;0;0;89;0;50;0;
6047;2980079;983031808;13180928;1107517440;0;0;0;0;0;0;0;0;0;0;0;1413;0;0;89;0;50;0;
6048;4878149;983031808;13180928;1107517440;0;0;0;0;0;0;0;0;0;0;0;1473;0;0;89;0;50;0;
6049;2734729;983031808;13189120;1107525632;0;0;0;0;0;0;0;0;0;0;0;1733;0;0;89;0;50;0;
6050;1976316;983031808;13189120;1107525632;0;0;0;0;0;0;0;0;0;0;0;1482;0;0;89;0;50;0;
6051;2988485;983298048;13189120;1107525632;0;0;0;0;0;0;0;0;0;0;0;1543;0;0;89;0;50;0;
6052;1714555;983298048;13189120;1107525632;0;0;0;0;0;0;0;0;0;0;0;1482;0;0;89;0;50;0;
6053;2415490;983298048;13189120;1107525632;0;0;0;0;0;0;0;0;0;0;0;1463;0;0;89;0;50;0;
6054;2021872;983298048;13189120;1107525632;0;0;0;0;0;0;0;0;0;0;0;1413;0;0;89;0;50;0;
6055;5528859;985927680;18726912;1113063424;0;0;0;0;0;0;0;0;0;0;0;1483;0;0;89;0;50;0;
6056;2965431;985927680;18726912;1113063424;0;0;0;0;0;0;0;0;0;0;0;1443;0;0;89;0;50;0;
6057;2348444;988024832;18726912;1113063424;0;0;0;0;0;0;0;0;0;0;0;1803;0;0;89;0;50;0;
6058;2273343;988024832;18726912;1113063424;0;0;0;0;0;0;0;0;0;0;0;1943;0;0;89;0;50;0;
6059;1578891;988024832;18726912;1113063424;0;0;0;0;0;0;0;0;0;0;0;1453;0;0;89;0;50;0;
6060;2165251;988291072;18726912;1113063424;0;0;0;0;0;0;0;0;0;0;0;1473;0;0;89;0;50;0;
6061;1936812;988291072;18726912;1113063424;0;0;0;0;0;0;0;0;0;0;0;1442;0;0;89;0;50;0;
6062;5228005;988291072;18726912;1113063424;0;0;0;0;0;0;0;0;0;0;0;1502;0;0;89;0;50;0;
6063;3229266;988291072;18726912;1113063424;0;0;0;0;0;0;0;0;0;0;0;1693;0;0;89;0;50;0;
6064;2182283;988291072;18726912;1113063424;0;0;0;0;0;0;0;0;0;0;0;1623;0;0;89;0;50;0;
6065;2978305;988422144;18722816;1113059328;0;0;0;0;0;0;0;0;0;0;0;1302;0;0;89;0;50;0;
6066;1823119;988422144;18722816;1113059328;0;0;0;0;0;0;0;0;0;0;0;1493;0;0;89;0;50;0;
6067;2666590;988422144;18722816;1113059328;0;0;0;0;0;0;0;0;0;0;0;1213;0;0;89;0;50;0;
6068;1756645;988422144;18722816;1113059328;0;0;0;0;0;0;0;0;0;0;0;1533;0;0;89;0;50;0;
6069;4534914;988422144;18722816;1113059328;0;0;0;0;0;0;0;0;0;0;0;1713;0;0;89;0;50;0;
6070;3526433;988422144;18722816;1113059328;0;0;0;0;0;0;0;0;0;0;0;1934;0;0;89;0;50;0;
6071;2674836;988422144;18722816;1113059328;0;0;0;0;0;0;0;0;0;0;0;58690;0;0;89;0;50;0;
6072;1830492;988422144;18722816;1113059328;0;0;0;0;0;0;0;0;0;0;0;1513;0;0;89;0;50;0;
6073;2511851;988422144;18722816;1113059328;0;0;0;0;0;0;0;0;0;0;0;1422;0;0;89;0;50;0;
6074;1797050;988422144;18722816;1113059328;0;0;0;0;0;0;0;0;0;0;0;1472;0;0;89;0;50;0;
6075;5276456;988422144;18722816;1113059328;0;0;0;0;0;0;0;0;0;0;0;1443;0;0;89;0;50;0;
6076;3547413;988422144;18722816;1113059328;0;0;0;0;0;0;0;0;0;0;0;1683;0;0;89;0;50;0;
6077;2223770;988422144;18722816;1113059328;0;0;0;0;0;0;0;0;0;0;0;1513;0;0;89;0;50;0;
6078;2455655;988422144;18722816;1113059328;0;0;0;0;0;0;0;0;0;0;0;1412;0;0;89;0;50;0;
6079;1680331;988422144;18722816;1113059328;0;0;0;0;0;0;0;0;0;0;0;1503;0;0;89;0;50;0;
6080;2197802;988422144;18722816;1113059328;0;0;0;0;0;0;0;0;0;0;0;1443;0;0;89;0;50;0;
6081;2038944;988422144;18722816;1113059328;0;0;0;0;0;0;0;0;0;0;0;1422;0;0;89;0;50;0;
6082;5066692;988422144;18722816;1113059328;0;0;0;0;0;0;0;0;0;0;0;1463;0;0;89;0;50;0;
6083;3127896;988688384;18722816;1113059328;0;0;0;0;0;0;0;0;0;0;0;1973;0;0;89;0;50;0;
6084;2377037;988688384;18722816;1113059328;0;0;0;0;0;0;0;0;0;0;0;1793;0;0;89;0;50;0;
6085;2612490;988688384;18722816;1113059328;0;0;0;0;0;0;0;0;0;0;0;1572;0;0;89;0;50;0;
6086;2144221;988688384;18722816;1113059328;0;0;0;0;0;0;0;0;0;0;0;1453;0;0;89;0;50;0;
6087;2614944;988688384;18722816;1113059328;0;0;0;0;0;0;0;0;0;0;0;1462;0;0;89;0;50;0;
6088;2007965;988688384;18722816;1113059328;0;0;0;0;0;0;0;0;0;0;0;1483;0;0;89;0;50;0;
6089;4689805;988688384;18722816;1113059328;0;0;0;0;0;0;0;0;0;0;0;1363;0;0;89;0;50;0;
6090;3561729;988688384;18722816;1113059328;0;0;0;0;0;0;0;0;0;0;0;1824;0;0;89;0;50;0;
6091;2300835;988688384;18722816;1113059328;0;0;0;0;0;0;0;0;0;0;0;1502;0;0;89;0;50;0;
6092;3171137;988688384;18722816;1113059328;0;0;0;0;0;0;0;0;0;0;0;1532;0;0;89;0;50;0;
6093;2084479;988688384;18722816;1113059328;0;0;0;0;0;0;0;0;0;0;0;1523;0;0;89;0;50;0;
6094;2418145;988688384;18722816;1113059328;0;0;0;0;0;0;0;0;0;0;0;1403;0;0;89;0;50;0;
6095;2339498;988688384;18722816;1113059328;0;0;0;0;0;0;0;0;0;0;0;1293;0;0;89;0;50;0;
6096;5279801;988688384;18722816;1113059328;0;0;0;0;0;0;0;0;0;0;0;1483;0;0;89;0;50;0;
6097;3642451;988688384;18722816;1113059328;0;0;0;0;0;0;0;0;0;0;0;1663;0;0;89;0;50;0;
6098;2642906;988688384;18722816;1113059328;0;0;0;0;0;0;0;0;0;0;0;1423;0;0;89;0;50;0;
6099;2364304;988688384;18722816;1113059328;0;0;0;0;0;0;0;0;0;0;0;1473;0;0;89;0;50;0;
6100;1337178;988688384;18722816;1113059328;0;0;0;0;0;0;0;0;0;0;0;1493;0;0;89;0;50;0;
6101;2742533;988688384;18722816;1113059328;0;0;0;0;0;0;0;0;0;0;0;1473;0;0;89;0;50;0;
6102;2031330;988688384;18722816;1113059328;0;0;0;0;0;0;0;0;0;0;0;1463;0;0;89;0;50;0;
6103;4945234;988688384;18722816;1113059328;0;0;0;0;0;0;0;0;0;0;0;1363;0;0;89;0;50;0;
6104;3353709;988688384;18722816;1113059328;0;0;0;0;0;0;0;0;0;0;0;2014;0;0;89;0;50;0;
6105;3136873;988688384;18722816;1113059328;0;0;0;0;0;0;0;0;0;0;0;1242;0;0;89;0;50;0;
6106;1418711;988688384;18722816;1113059328;0;0;0;0;0;0;0;0;0;0;0;1423;0;0;89;0;50;0;
6107;2624612;988688384;18722816;1113059328;0;0;0;0;0;0;0;0;0;0;0;1633;0;0;89;0;50;0;
6108;2003467;988688384;18722816;1113059328;0;0;0;0;0;0;0;0;0;0;0;1403;0;0;89;0;50;0;
6109;4873429;988688384;18722816;1113059328;0;0;0;0;0;0;0;0;0;0;0;1482;0;0;89;0;50;0;
6110;4059403;988688384;18722816;1113059328;0;0;0;0;0;0;0;0;0;0;0;1754;0;0;89;0;50;0;
6111;2279655;988688384;18722816;1113059328;0;0;0;0;0;0;0;0;0;0;0;87003;0;0;89;0;50;0;
6112;2746501;988704768;18718720;1113055232;0;0;0;0;0;0;0;0;0;0;0;1543;0;0;89;0;50;0;
6113;1873514;988704768;18718720;1113055232;0;0;0;0;0;0;0;0;0;0;0;1453;0;0;89;0;50;0;
6114;2961294;988704768;18718720;1113055232;0;0;0;0;0;0;0;0;0;0;0;1212;0;0;89;0;50;0;
6115;1317541;988704768;18718720;1113055232;0;0;0;0;0;0;0;0;0;0;0;1403;0;0;89;0;50;0;
6116;4992122;988704768;18718720;1113055232;0;0;0;0;0;0;0;0;0;0;0;1472;0;0;89;0;50;0;
6117;3621823;988704768;18718720;1113055232;0;0;0;0;0;0;0;0;0;0;0;1493;0;0;89;0;50;0;
6118;3436765;988704768;18718720;1113055232;0;0;0;0;0;0;0;0;0;0;0;1763;0;0;89;0;50;0;
6119;1376251;988704768;18718720;1113055232;0;0;0;0;0;0;0;0;0;0;0;1563;0;0;89;0;50;0;
6120;2385073;988704768;18718720;1113055232;0;0;0;0;0;0;0;0;0;0;0;1363;0;0;89;0;50;0;
6121;3195112;988704768;18718720;1113055232;0;0;0;0;0;0;0;0;0;0;0;1613;0;0;89;0;50;0;
6122;5616083;988704768;18718720;1113055232;0;0;0;0;0;0;0;0;0;0;0;1513;0;0;89;0;50;0;
6123;3442386;988704768;18718720;1113055232;0;0;0;0;0;0;0;0;0;0;0;1923;0;0;89;0;50;0;
6124;2602210;988704768;18718720;1113055232;0;0;0;0;0;0;0;0;0;0;0;1443;0;0;89;0;50;0;
6125;2159580;988704768;18718720;1113055232;0;0;0;0;0;0;0;0;0;0;0;1432;0;0;89;0;50;0;
6126;2558759;988704768;18718720;1113055232;0;0;0;0;0;0;0;0;0;0;0;1382;0;0;89;0;50;0;
6127;2149431;988704768;18718720;1113055232;0;0;0;0;0;0;0;0;0;0;0;1453;0;0;89;0;50;0;
6128;5223516;988704768;18718720;1113055232;0;0;0;0;0;0;0;0;0;0;0;1463;0;0;89;0;50;0;
6129;2841018;988704768;18718720;1113055232;0;0;0;0;0;0;0;0;0;0;0;1664;0;0;89;0;50;0;
6130;1985583;988704768;18718720;1113055232;0;0;0;0;0;0;0;0;0;0;0;1442;0;0;89;0;50;0;
6131;2387237;988704768;18718720;1113055232;0;0;0;0;0;0;0;0;0;0;0;1753;0;0;89;0;50;0;
6132;2177995;988971008;18718720;1113055232;0;0;0;0;0;0;0;0;0;0;0;1462;0;0;89;0;50;0;
6133;2802015;988971008;18718720;1113055232;0;0;0;0;0;0;0;0;0;0;0;1503;0;0;89;0;50;0;
6134;2348204;988971008;18718720;1113055232;0;0;0;0;0;0;0;0;0;0;0;1262;0;0;89;0;50;0;
6135;5084866;988971008;18718720;1113055232;0;0;0;0;0;0;0;0;0;0;0;1904;0;0;89;0;50;0;
6136;3134729;988971008;18718720;1113055232;0;0;0;0;0;0;0;0;0;0;0;1432;0;0;89;0;50;0;
6137;2400272;988971008;18718720;1113055232;0;0;0;0;0;0;0;0;0;0;0;1733;0;0;89;0;50;0;
6138;2650771;988971008;18718720;1113055232;0;0;0;0;0;0;0;0;0;0;0;1403;0;0;89;0;50;0;
6139;1750092;988971008;18718720;1113055232;0;0;0;0;0;0;0;0;0;0;0;1403;0;0;89;0;50;0;
6140;1751144;988971008;18718720;1113055232;0;0;0;0;0;0;0;0;0;0;0;1452;0;0;89;0;50;0;
6141;1323362;988971008;18718720;1113055232;0;0;0;0;0;0;0;0;0;0;0;1533;0;0;89;0;50;0;
6142;5356125;988971008;18718720;1113055232;0;0;0;0;0;0;0;0;0;0;0;1413;0;0;89;0;50;0;
6143;3514170;988971008;18718720;1113055232;0;0;0;0;0;0;0;0;0;0;0;2074;0;0;89;0;50;0;
6144;2333957;988971008;18718720;1113055232;0;0;0;0;0;0;0;0;0;0;0;1864;0;0;89;0;50;0;
6145;2225463;988971008;18718720;1113055232;0;0;0;0;0;0;0;0;0;0;0;1763;0;0;89;0;50;0;
6146;2392557;988971008;18718720;1113055232;0;0;0;0;0;0;0;0;0;0;0;1493;0;0;89;0;50;0;
6147;2087505;988971008;18718720;1113055232;0;0;0;0;0;0;0;0;0;0;0;1583;0;0;89;0;50;0;
6148;5259784;988971008;18718720;1113055232;0;0;0;0;0;0;0;0;0;0;0;1443;0;0;89;0;50;0;
6149;3164354;988971008;18718720;1113055232;0;0;0;0;0;0;0;0;0;0;0;1483;0;0;89;0;50;0;
6150;3042737;988971008;18718720;1113055232;0;0;0;0;0;0;0;0;0;0;0;1683;0;0;89;0;50;0;
6151;2199325;988971008;18718720;1113055232;0;0;0;0;0;0;0;0;0;0;0;1432;0;0;89;0;50;0;
6152;2223009;988971008;18718720;1113055232;0;0;0;0;0;0;0;0;0;0;0;1483;0;0;89;0;50;0;
6153;2324981;988971008;18718720;1113055232;0;0;0;0;0;0;0;0;0;0;0;1453;0;0;89;0;50;0;
6154;5408523;988971008;18718720;1113055232;0;0;0;0;0;0;0;0;0;0;0;1423;0;0;89;0;50;0;
6155;3017279;988971008;18718720;1113055232;0;0;0;0;0;0;0;0;0;0;0;1673;0;0;89;0;50;0;
6156;2962426;988971008;18718720;1113055232;0;0;0;0;0;0;0;0;0;0;0;1462;0;0;89;0;50;0;
6157;2112853;988971008;18718720;1113055232;0;0;0;0;0;0;0;0;0;0;0;1493;0;0;89;0;50;0;
6158;2207590;988971008;18718720;1113055232;0;0;0;0;0;0;0;0;0;0;0;1583;0;0;89;0;50;0;
6159;1785799;988971008;18718720;1113055232;0;0;0;0;0;0;0;0;0;0;0;1403;0;0;89;0;50;0;
6160;5034852;988971008;18718720;1113055232;0;0;0;0;0;0;0;0;0;0;0;1432;0;0;89;0;50;0;
6161;3344322;988971008;18718720;1113055232;0;0;0;0;0;0;0;0;0;0;0;1894;0;0;89;0;50;0;
6162;3233634;982466560;12103680;1106440192;0;0;0;0;0;0;0;0;0;0;0;1543;0;0;89;0;50;0;
6163;2098876;982466560;12103680;1106440192;0;0;0;0;0;0;0;0;0;0;0;1503;0;0;89;0;50;0;
6164;2153649;982466560;12103680;1106440192;0;0;0;0;0;0;0;0;0;0;0;1473;0;0;89;0;50;0;
6165;1798974;982466560;12103680;1106440192;0;0;0;0;0;0;0;0;0;0;0;1393;0;0;89;0;50;0;
6166;3964545;982466560;12103680;1106440192;0;0;0;0;0;0;0;0;0;0;0;1393;0;0;89;0;50;0;
6167;2731543;982466560;12103680;1106440192;0;0;0;0;0;0;0;0;0;0;0;1463;0;0;89;0;50;0;
6168;2968878;982466560;12103680;1106440192;0;0;0;0;0;0;0;0;0;0;0;1372;0;0;89;0;50;0;
6169;1960807;982466560;12103680;1106440192;0;0;0;0;0;0;0;0;0;0;0;1433;0;0;89;0;50;0;
6170;2456667;982466560;12103680;1106440192;0;0;0;0;0;0;0;0;0;0;0;1543;0;0;89;0;50;0;
6171;2669436;983273472;18718720;1113055232;0;0;0;0;0;0;0;0;0;0;0;1262;0;0;89;0;50;0;
6172;5622594;985636864;18718720;1113055232;0;0;0;0;0;0;0;0;0;0;0;1462;0;0;89;0;50;0;
6173;3557261;985636864;18718720;1113055232;0;0;0;0;0;0;0;0;0;0;0;1513;0;0;89;0;50;0;
6174;2694403;985636864;18718720;1113055232;0;0;0;0;0;0;0;0;0;0;0;1532;0;0;89;0;50;0;
6175;2276890;985636864;18718720;1113055232;0;0;0;0;0;0;0;0;0;0;0;1473;0;0;89;0;50;0;
6176;2493255;987734016;18718720;1113055232;0;0;0;0;0;0;0;0;0;0;0;1462;0;0;89;0;50;0;
6177;2040367;987734016;18718720;1113055232;0;0;0;0;0;0;0;0;0;0;0;1443;0;0;89;0;50;0;
6178;5021738;987734016;18718720;1113055232;0;0;0;0;0;0;0;0;0;0;0;1293;0;0;89;0;50;0;
6179;3851543;988807168;18718720;1113055232;0;0;0;0;0;0;0;0;0;0;0;1472;0;0;89;0;50;0;
6180;2141876;988807168;18718720;1113055232;0;0;0;0;0;0;0;0;0;0;0;1473;0;0;89;0;50;0;
6181;1962160;988807168;18718720;1113055232;0;0;0;0;0;0;0;0;0;0;0;1443;0;0;89;0;50;0;
6182;2860955;988807168;18718720;1113055232;0;0;0;0;0;0;0;0;0;0;0;1443;0;0;89;0;50;0;
6183;1756644;988807168;18718720;1113055232;0;0;0;0;0;0;0;0;0;0;0;1542;0;0;89;0;50;0;
6184;5420225;988807168;18718720;1113055232;0;0;0;0;0;0;0;0;0;0;0;1262;0;0;89;0;50;0;
6185;4206649;988807168;18718720;1113055232;0;0;0;0;0;0;0;0;0;0;0;1723;0;0;89;0;50;0;
6186;2862859;983797760;13180928;1107517440;0;0;0;0;0;0;0;0;0;0;0;1473;0;0;89;0;50;0;
6187;2172194;983797760;13180928;1107517440;0;0;0;0;0;0;0;0;0;0;0;1483;0;0;89;0;50;0;
6188;2594476;983797760;13180928;1107517440;0;0;0;0;0;0;0;0;0;0;0;1462;0;0;89;0;50;0;
6189;1990252;983797760;13180928;1107517440;0;0;0;0;0;0;0;0;0;0;0;1422;0;0;89;0;50;0;
6190;5313214;983797760;13180928;1107517440;0;0;0;0;0;0;0;0;0;0;0;1463;0;0;89;0;50;0;
6191;2754455;983797760;13180928;1107517440;0;0;0;0;0;0;0;0;0;0;0;1523;0;0;89;0;50;0;
6192;2800662;983797760;13180928;1107517440;0;0;0;0;0;0;0;0;0;0;0;1553;0;0;89;0;50;0;
6193;2976542;983797760;13180928;1107517440;0;0;0;0;0;0;0;0;0;0;0;1493;0;0;89;0;50;0;
6194;2432052;983797760;13180928;1107517440;0;0;0;0;0;0;0;0;0;0;0;1242;0;0;89;0;50;0;
6195;2258665;983797760;13180928;1107517440;0;0;0;0;0;0;0;0;0;0;0;1463;0;0;89;0;50;0;
6196;5030514;983797760;13180928;1107517440;0;0;0;0;0;0;0;0;0;0;0;1192;0;0;89;0;50;0;
6197;3638283;983797760;13180928;1107517440;0;0;0;0;0;0;0;0;0;0;0;1513;0;0;89;0;50;0;
6198;3082671;983797760;13180928;1107517440;0;0;0;0;0;0;0;0;0;0;0;1283;0;0;89;0;50;0;
6199;2026801;983797760;13180928;1107517440;0;0;0;0;0;0;0;0;0;0;0;1442;0;0;89;0;50;0;
6200;2988916;983797760;13180928;1107517440;0;0;0;0;0;0;0;0;0;0;0;1452;0;0;89;0;50;0;
6201;2232908;983797760;13180928;1107517440;0;0;0;0;0;0;0;0;0;0;0;1382;0;0;89;0;50;0;
6202;5647481;983797760;13180928;1107517440;0;0;0;0;0;0;0;0;0;0;0;1423;0;0;89;0;50;0;
6203;3173342;986427392;18718720;1113055232;0;0;0;0;0;0;0;0;0;0;0;2014;0;0;89;0;50;0;
6204;2959791;986427392;18718720;1113055232;0;0;0;0;0;0;0;0;0;0;0;1513;0;0;89;0;50;0;
6205;2657534;986427392;18718720;1113055232;0;0;0;0;0;0;0;0;0;0;0;1433;0;0;89;0;50;0;
6206;2236575;988524544;18718720;1113055232;0;0;0;0;0;0;0;0;0;0;0;1473;0;0;89;0;50;0;
6207;1455410;988524544;18718720;1113055232;0;0;0;0;0;0;0;0;0;0;0;1994;0;0;89;0;50;0;
6208;5365272;988524544;18718720;1113055232;0;0;0;0;0;0;0;0;0;0;0;1432;0;0;89;0;50;0;
6209;3482601;988790784;18718720;1113055232;0;0;0;0;0;0;0;0;0;0;0;1713;0;0;89;0;50;0;
6210;2791765;988790784;18718720;1113055232;0;0;0;0;0;0;0;0;0;0;0;1453;0;0;89;0;50;0;
6211;2578997;988790784;18718720;1113055232;0;0;0;0;0;0;0;0;0;0;0;1463;0;0;89;0;50;0;
6212;2798739;988790784;18718720;1113055232;0;0;0;0;0;0;0;0;0;0;0;1533;0;0;89;0;50;0;
6213;2237236;988790784;18718720;1113055232;0;0;0;0;0;0;0;0;0;0;0;1483;0;0;89;0;50;0;
6214;4322937;988790784;18718720;1113055232;0;0;0;0;0;0;0;0;0;0;0;1433;0;0;89;0;50;0;
6215;3078423;988790784;18718720;1113055232;0;0;0;0;0;0;0;0;0;0;0;51527;0;0;89;0;50;0;
6216;1960316;988790784;18718720;1113055232;0;0;0;0;0;0;0;0;0;0;0;1533;0;0;89;0;50;0;
6217;2484429;988790784;18718720;1113055232;0;0;0;0;0;0;0;0;0;0;0;1452;0;0;89;0;50;0;
6218;2695295;988790784;18718720;1113055232;0;0;0;0;0;0;0;0;0;0;0;1533;0;0;89;0;50;0;
6219;1938596;988790784;18718720;1113055232;0;0;0;0;0;0;0;0;0;0;0;48832;0;0;89;0;50;0;
6220;4807045;988790784;18718720;1113055232;0;0;0;0;0;0;0;0;0;0;0;1403;0;0;89;0;50;0;
6221;2553198;988790784;18718720;1113055232;0;0;0;0;0;0;0;0;0;0;0;1473;0;0;89;0;50;0;
6222;2633389;988790784;18718720;1113055232;0;0;0;0;0;0;0;0;0;0;0;1533;0;0;89;0;50;0;
6223;2437882;988790784;18718720;1113055232;0;0;0;0;0;0;0;0;0;0;0;1392;0;0;89;0;50;0;
6224;2787338;988790784;18718720;1113055232;0;0;0;0;0;0;0;0;0;0;0;1623;0;0;89;0;50;0;
6225;2214664;988790784;18718720;1113055232;0;0;0;0;0;0;0;0;0;0;0;1894;0;0;89;0;50;0;
6226;4869262;988790784;18718720;1113055232;0;0;0;0;0;0;0;0;0;0;0;1423;0;0;89;0;50;0;
6227;3023701;989061120;18718720;1113055232;0;0;0;0;0;0;0;0;0;0;0;1573;0;0;89;0;50;0;
6228;2688001;989061120;18718720;1113055232;0;0;0;0;0;0;0;0;0;0;0;1423;0;0;89;0;50;0;
6229;1850511;989061120;18718720;1113055232;0;0;0;0;0;0;0;0;0;0;0;1403;0;0;89;0;50;0;
6230;1542914;989061120;18718720;1113055232;0;0;0;0;0;0;0;0;0;0;0;1623;0;0;89;0;50;0;
6231;1609288;989061120;18718720;1113055232;0;0;0;0;0;0;0;0;0;0;0;1443;0;0;89;0;50;0;
6232;4870865;989061120;18718720;1113055232;0;0;0;0;0;0;0;0;0;0;0;1562;0;0;89;0;50;0;
6233;3284550;989061120;18718720;1113055232;0;0;0;0;0;0;0;0;0;0;0;1232;0;0;89;0;50;0;
6234;2645161;983846912;13180928;1107517440;0;0;0;0;0;0;0;0;0;0;0;1473;0;0;89;0;50;0;
6235;1665994;983846912;13180928;1107517440;0;0;0;0;0;0;0;0;0;0;0;1423;0;0;89;0;50;0;
6236;2075622;983846912;13180928;1107517440;0;0;0;0;0;0;0;0;0;0;0;1373;0;0;89;0;50;0;
6237;1946972;983846912;13180928;1107517440;0;0;0;0;0;0;0;0;0;0;0;1432;0;0;89;0;50;0;
6238;4491433;983846912;13180928;1107517440;0;0;0;0;0;0;0;0;0;0;0;1402;0;0;89;0;50;0;
6239;3816247;983846912;13180928;1107517440;0;0;0;0;0;0;0;0;0;0;0;1893;0;0;89;0;50;0;
6240;1982909;983846912;13180928;1107517440;0;0;0;0;0;0;0;0;0;0;0;1282;0;0;89;0;50;0;
6241;1735144;983846912;13180928;1107517440;0;0;0;0;0;0;0;0;0;0;0;1483;0;0;89;0;50;0;
6242;2406433;983846912;13180928;1107517440;0;0;0;0;0;0;0;0;0;0;0;1433;0;0;89;0;50;0;
6243;1601584;983846912;13180928;1107517440;0;0;0;0;0;0;0;0;0;0;0;1402;0;0;89;0;50;0;
6244;5003263;983846912;13180928;1107517440;0;0;0;0;0;0;0;0;0;0;0;1563;0;0;89;0;50;0;
6245;3021486;983846912;13180928;1107517440;0;0;0;0;0;0;0;0;0;0;0;1443;0;0;89;0;50;0;
6246;2207670;983846912;13180928;1107517440;0;0;0;0;0;0;0;0;0;0;0;1493;0;0;89;0;50;0;
6247;2157306;983846912;13180928;1107517440;0;0;0;0;0;0;0;0;0;0;0;1392;0;0;89;0;50;0;
6248;2663124;983846912;13180928;1107517440;0;0;0;0;0;0;0;0;0;0;0;1413;0;0;89;0;50;0;
6249;1572349;983846912;13180928;1107517440;0;0;0;0;0;0;0;0;0;0;0;1483;0;0;89;0;50;0;
6250;4700255;983846912;13180928;1107517440;0;0;0;0;0;0;0;0;0;0;0;1543;0;0;89;0;50;0;
6251;3475829;986476544;18718720;1113055232;0;0;0;0;0;0;0;0;0;0;0;2755;0;0;89;0;50;0;
6252;2944702;986476544;18718720;1113055232;0;0;0;0;0;0;0;0;0;0;0;1432;0;0;89;0;50;0;
6253;2373071;986476544;18718720;1113055232;0;0;0;0;0;0;0;0;0;0;0;1703;0;0;89;0;50;0;
6254;2480562;988573696;18718720;1113055232;0;0;0;0;0;0;0;0;0;0;0;1453;0;0;89;0;50;0;
6255;1324174;988573696;18718720;1113055232;0;0;0;0;0;0;0;0;0;0;0;1413;0;0;89;0;50;0;
6256;4050516;988573696;18718720;1113055232;0;0;0;0;0;0;0;0;0;0;0;1593;0;0;89;0;50;0;
6257;4075272;989110272;18718720;1113055232;0;0;0;0;0;0;0;0;0;0;0;1953;0;0;89;0;50;0;
6258;2516199;989110272;18718720;1113055232;0;0;0;0;0;0;0;0;0;0;0;1793;0;0;89;0;50;0;
6259;1685521;989110272;18718720;1113055232;0;0;0;0;0;0;0;0;0;0;0;1754;0;0;89;0;50;0;
6260;1876499;989110272;18718720;1113055232;0;0;0;0;0;0;0;0;0;0;0;1442;0;0;89;0;50;0;
6261;2164519;989110272;18718720;1113055232;0;0;0;0;0;0;0;0;0;0;0;1413;0;0;89;0;50;0;
6262;4139473;989110272;18718720;1113055232;0;0;0;0;0;0;0;0;0;0;0;1503;0;0;89;0;50;0;
6263;3333391;989380608;18718720;1113055232;0;0;0;0;0;0;0;0;0;0;0;1734;0;0;89;0;50;0;
6264;2507883;989380608;18718720;1113055232;0;0;0;0;0;0;0;0;0;0;0;1503;0;0;89;0;50;0;
6265;1741526;989380608;18718720;1113055232;0;0;0;0;0;0;0;0;0;0;0;1392;0;0;89;0;50;0;
6266;2582333;989380608;18718720;1113055232;0;0;0;0;0;0;0;0;0;0;0;1423;0;0;89;0;50;0;
6267;2162245;989380608;18718720;1113055232;0;0;0;0;0;0;0;0;0;0;0;1463;0;0;89;0;50;0;
6268;4541918;989380608;18718720;1113055232;0;0;0;0;0;0;0;0;0;0;0;1473;0;0;89;0;50;0;
6269;3395939;989380608;18718720;1113055232;0;0;0;0;0;0;0;0;0;0;0;1774;0;0;89;0;50;0;
6270;2366198;989380608;18718720;1113055232;0;0;0;0;0;0;0;0;0;0;0;1983;0;0;89;0;50;0;
6271;2198233;989380608;18718720;1113055232;0;0;0;0;0;0;0;0;0;0;0;1463;0;0;89;0;50;0;
6272;2658486;989380608;18718720;1113055232;0;0;0;0;0;0;0;0;0;0;0;1443;0;0;89;0;50;0;
6273;2116659;989380608;18718720;1113055232;0;0;0;0;0;0;0;0;0;0;0;1392;0;0;89;0;50;0;
6274;5159265;989380608;18718720;1113055232;0;0;0;0;0;0;0;0;0;0;0;1603;0;0;89;0;50;0;
6275;3351375;989380608;18718720;1113055232;0;0;0;0;0;0;0;0;0;0;0;2134;0;0;89;0;50;0;
6276;2346902;989380608;18718720;1113055232;0;0;0;0;0;0;0;0;0;0;0;1413;0;0;89;0;50;0;
6277;2285366;989380608;18718720;1113055232;0;0;0;0;0;0;0;0;0;0;0;1433;0;0;89;0;50;0;
6278;2845076;989380608;18718720;1113055232;0;0;0;0;0;0;0;0;0;0;0;1433;0;0;89;0;50;0;
6279;1618495;989380608;18718720;1113055232;0;0;0;0;0;0;0;0;0;0;0;1583;0;0;89;0;50;0;
6280;4609685;989380608;18718720;1113055232;0;0;0;0;0;0;0;0;0;0;0;1413;0;0;89;0;50;0;
6281;3365371;989380608;18718720;1113055232;0;0;0;0;0;0;0;0;0;0;0;2084;0;0;89;0;50;0;
6282;2554160;984166400;13180928;1107517440;0;0;0;0;0;0;0;0;0;0;0;2014;0;0;89;0;50;0;
6283;1796909;984166400;13180928;1107517440;0;0;0;0;0;0;0;0;0;0;0;1784;0;0;89;0;50;0;
6284;1888661;984166400;13180928;1107517440;0;0;0;0;0;0;0;0;0;0;0;1653;0;0;89;0;50;0;
6285;1728171;984166400;13180928;1107517440;0;0;0;0;0;0;0;0;0;0;0;1442;0;0;89;0;50;0;
6286;4571594;984166400;13180928;1107517440;0;0;0;0;0;0;0;0;0;0;0;1462;0;0;89;0;50;0;
6287;2838994;984166400;13180928;1107517440;0;0;0;0;0;0;0;0;0;0;0;1993;0;0;89;0;50;0;
6288;2158438;984166400;13180928;1107517440;0;0;0;0;0;0;0;0;0;0;0;1352;0;0;89;0;50;0;
6289;1868114;984166400;13180928;1107517440;0;0;0;0;0;0;0;0;0;0;0;1422;0;0;89;0;50;0;
6290;3120643;984166400;13180928;1107517440;0;0;0;0;0;0;0;0;0;0;0;1483;0;0;89;0;50;0;
6291;1543855;984166400;13180928;1107517440;0;0;0;0;0;0;0;0;0;0;0;1432;0;0;89;0;50;0;
6292;4693232;984166400;13180928;1107517440;0;0;0;0;0;0;0;0;0;0;0;1412;0;0;89;0;50;0;
6293;2841219;984166400;13180928;1107517440;0;0;0;0;0;0;0;0;0;0;0;1883;0;0;89;0;50;0;
6294;2421571;984166400;13180928;1107517440;0;0;0;0;0;0;0;0;0;0;0;1583;0;0;89;0;50;0;
6295;2496943;984166400;13180928;1107517440;0;0;0;0;0;0;0;0;0;0;0;1483;0;0;89;0;50;0;
6296;2043021;984166400;13180928;1107517440;0;0;0;0;0;0;0;0;0;0;0;1553;0;0;89;0;50;0;
6297;1486598;984166400;13180928;1107517440;0;0;0;0;0;0;0;0;0;0;0;1453;0;0;89;0;50;0;
6298;4091002;984166400;13180928;1107517440;0;0;0;0;0;0;0;0;0;0;0;1453;0;0;89;0;50;0;
6299;2598944;986796032;18718720;1113055232;0;0;0;0;0;0;0;0;0;0;0;1462;0;0;89;0;50;0;
6300;2233849;986796032;18718720;1113055232;0;0;0;0;0;0;0;0;0;0;0;1433;0;0;89;0;50;0;
6301;2217709;986796032;18718720;1113055232;0;0;0;0;0;0;0;0;0;0;0;1954;0;0;89;0;50;0;
6302;2542498;988893184;18718720;1113055232;0;0;0;0;0;0;0;0;0;0;0;1623;0;0;89;0;50;0;
6303;1909742;988893184;18718720;1113055232;0;0;0;0;0;0;0;0;0;0;0;1473;0;0;89;0;50;0;
6304;5008703;988893184;18718720;1113055232;0;0;0;0;0;0;0;0;0;0;0;1503;0;0;89;0;50;0;
6305;3167150;989429760;18718720;1113055232;0;0;0;0;0;0;0;0;0;0;0;1583;0;0;89;0;50;0;
6306;8397339;989429760;18718720;1113055232;0;0;0;0;0;0;0;0;0;0;0;1382;0;0;89;0;50;0;
6307;1747147;989429760;18718720;1113055232;0;0;0;0;0;0;0;0;0;0;0;1563;0;0;89;0;50;0;
6308;2461025;989429760;18718720;1113055232;0;0;0;0;0;0;0;0;0;0;0;1432;0;0;89;0;50;0;
6309;1712822;989429760;18718720;1113055232;0;0;0;0;0;0;0;0;0;0;0;1533;0;0;89;0;50;0;
6310;4162937;989429760;18718720;1113055232;0;0;0;0;0;0;0;0;0;0;0;1413;0;0;89;0;50;0;
6311;3528477;989429760;18718720;1113055232;0;0;0;0;0;0;0;0;0;0;0;2264;0;0;89;0;50;0;
6312;2076584;989429760;18718720;1113055232;0;0;0;0;0;0;0;0;0;0;0;1713;0;0;89;0;50;0;
6313;2111229;989429760;18718720;1113055232;0;0;0;0;0;0;0;0;0;0;0;1643;0;0;89;0;50;0;
6314;2339527;989429760;18718720;1113055232;0;0;0;0;0;0;0;0;0;0;0;1744;0;0;89;0;50;0;
6315;2139282;989429760;18718720;1113055232;0;0;0;0;0;0;0;0;0;0;0;2114;0;0;89;0;50;0;
6316;4632909;989429760;18718720;1113055232;0;0;0;0;0;0;0;0;0;0;0;1753;0;0;89;0;50;0;
6317;3556811;989429760;18718720;1113055232;0;0;0;0;0;0;0;0;0;0;0;1663;0;0;89;0;50;0;
6318;2255359;989429760;18718720;1113055232;0;0;0;0;0;0;0;0;0;0;0;1973;0;0;89;0;50;0;
6319;3359500;989429760;18718720;1113055232;0;0;0;0;0;0;0;0;0;0;0;1713;0;0;89;0;50;0;
6320;2344848;989429760;18718720;1113055232;0;0;0;0;0;0;0;0;0;0;0;1794;0;0;89;0;50;0;
6321;1548474;989429760;18718720;1113055232;0;0;0;0;0;0;0;0;0;0;0;1423;0;0;89;0;50;0;
6322;5465991;989429760;18722816;1113059328;0;0;0;0;0;0;0;0;0;0;0;1663;0;0;89;0;50;0;
6323;2857670;989429760;18722816;1113059328;0;0;0;0;0;0;0;0;0;0;0;1463;0;0;89;0;50;0;
6324;1698836;989429760;18722816;1113059328;0;0;0;0;0;0;0;0;0;0;0;1493;0;0;89;0;50;0;
6325;1436904;989429760;18722816;1113059328;0;0;0;0;0;0;0;0;0;0;0;1714;0;0;89;0;50;0;
6326;2229330;989429760;18722816;1113059328;0;0;0;0;0;0;0;0;0;0;0;1412;0;0;89;0;50;0;
6327;1947442;989429760;18722816;1113059328;0;0;0;0;0;0;0;0;0;0;0;1442;0;0;89;0;50;0;
6328;4784593;989429760;18722816;1113059328;0;0;0;0;0;0;0;0;0;0;0;1373;0;0;89;0;50;0;
6329;3327180;989429760;18722816;1113059328;0;0;0;0;0;0;0;0;0;0;0;1523;0;0;89;0;50;0;
6330;2718548;984219648;13185024;1107521536;0;0;0;0;0;0;0;0;0;0;0;1503;0;0;89;0;50;0;
6331;2166754;984219648;13185024;1107521536;0;0;0;0;0;0;0;0;0;0;0;1413;0;0;89;0;50;0;
6332;2270248;984219648;13185024;1107521536;0;0;0;0;0;0;0;0;0;0;0;1874;0;0;89;0;50;0;
6333;1764229;984219648;13185024;1107521536;0;0;0;0;0;0;0;0;0;0;0;1432;0;0;89;0;50;0;
6334;5084115;984219648;13185024;1107521536;0;0;0;0;0;0;0;0;0;0;0;1513;0;0;89;0;50;0;
6335;3064296;984219648;13185024;1107521536;0;0;0;0;0;0;0;0;0;0;0;1623;0;0;89;0;50;0;
6336;2236675;984215552;13180928;1107517440;0;0;0;0;0;0;0;0;0;0;0;2124;0;0;89;0;50;0;
6337;1849148;984215552;13180928;1107517440;0;0;0;0;0;0;0;0;0;0;0;1472;0;0;89;0;50;0;
6338;2170090;984215552;13180928;1107517440;0;0;0;0;0;0;0;0;0;0;0;1593;0;0;89;0;50;0;
6339;1810045;984215552;13180928;1107517440;0;0;0;0;0;0;0;0;0;0;0;1422;0;0;89;0;50;0;
6340;4642777;984215552;13180928;1107517440;0;0;0;0;0;0;0;0;0;0;0;1393;0;0;89;0;50;0;
6341;3989182;984215552;13180928;1107517440;0;0;0;0;0;0;0;0;0;0;0;1703;0;0;89;0;50;0;
6342;2905650;984215552;13180928;1107517440;0;0;0;0;0;0;0;0;0;0;0;1462;0;0;89;0;50;0;
6343;2671079;984215552;13180928;1107517440;0;0;0;0;0;0;0;0;0;0;0;1423;0;0;89;0;50;0;
6344;2799841;984215552;13180928;1107517440;0;0;0;0;0;0;0;0;0;0;0;1393;0;0;89;0;50;0;
6345;2421351;984215552;13180928;1107517440;0;0;0;0;0;0;0;0;0;0;0;1532;0;0;89;0;50;0;
6346;5602567;984215552;13180928;1107517440;0;0;0;0;0;0;0;0;0;0;0;1413;0;0;89;0;50;0;
6347;4003598;986845184;18718720;1113055232;0;0;0;0;0;0;0;0;0;0;0;1643;0;0;89;0;50;0;
6348;2469611;986845184;18718720;1113055232;0;0;0;0;0;0;0;0;0;0;0;1442;0;0;89;0;50;0;
6349;1960096;986845184;18718720;1113055232;0;0;0;0;0;0;0;0;0;0;0;1503;0;0;89;0;50;0;
6350;3964655;988942336;18718720;1113055232;0;0;0;0;0;0;0;0;0;0;0;1412;0;0;89;0;50;0;
6351;1762725;988942336;18718720;1113055232;0;0;0;0;0;0;0;0;0;0;0;1483;0;0;89;0;50;0;
6352;5004646;988942336;18718720;1113055232;0;0;0;0;0;0;0;0;0;0;0;1452;0;0;89;0;50;0;
6353;4087917;989478912;18718720;1113055232;0;0;0;0;0;0;0;0;0;0;0;1593;0;0;89;0;50;0;
6354;2384873;989478912;18718720;1113055232;0;0;0;0;0;0;0;0;0;0;0;1724;0;0;89;0;50;0;
6355;1384406;989478912;18718720;1113055232;0;0;0;0;0;0;0;0;0;0;0;1943;0;0;89;0;50;0;
6356;2516850;989478912;18718720;1113055232;0;0;0;0;0;0;0;0;0;0;0;1342;0;0;89;0;50;0;
6357;2217398;989478912;18718720;1113055232;0;0;0;0;0;0;0;0;0;0;0;1683;0;0;89;0;50;0;
6358;4387869;989478912;18718720;1113055232;0;0;0;0;0;0;0;0;0;0;0;1844;0;0;89;0;50;0;
6359;3618436;989478912;18718720;1113055232;0;0;0;0;0;0;0;0;0;0;0;1763;0;0;89;0;50;0;
6360;2636345;989478912;18718720;1113055232;0;0;0;0;0;0;0;0;0;0;0;1463;0;0;89;0;50;0;
6361;1458445;989478912;18718720;1113055232;0;0;0;0;0;0;0;0;0;0;0;1232;0;0;89;0;50;0;
6362;3031435;989478912;18718720;1113055232;0;0;0;0;0;0;0;0;0;0;0;1353;0;0;89;0;50;0;
6363;1861231;989478912;18718720;1113055232;0;0;0;0;0;0;0;0;0;0;0;1553;0;0;89;0;50;0;
6364;4942840;989478912;18718720;1113055232;0;0;0;0;0;0;0;0;0;0;0;1453;0;0;89;0;50;0;
6365;3684661;989478912;18718720;1113055232;0;0;0;0;0;0;0;0;0;0;0;1653;0;0;89;0;50;0;
6366;2883728;989478912;18718720;1113055232;0;0;0;0;0;0;0;0;0;0;0;1603;0;0;89;0;50;0;
6367;1908749;989478912;18718720;1113055232;0;0;0;0;0;0;0;0;0;0;0;1403;0;0;89;0;50;0;
6368;2317596;989478912;18718720;1113055232;0;0;0;0;0;0;0;0;0;0;0;1382;0;0;89;0;50;0;
6369;1576296;989478912;18718720;1113055232;0;0;0;0;0;0;0;0;0;0;0;1392;0;0;89;0;50;0;
6370;6457200;989478912;18718720;1113055232;0;0;0;0;0;0;0;0;0;0;0;1693;0;0;89;0;50;0;
6371;3125461;989478912;18718720;1113055232;0;0;0;0;0;0;0;0;0;0;0;1733;0;0;89;0;50;0;
6372;1980324;989478912;18718720;1113055232;0;0;0;0;0;0;0;0;0;0;0;1472;0;0;89;0;50;0;
6373;1470317;989478912;18718720;1113055232;0;0;0;0;0;0;0;0;0;0;0;1463;0;0;89;0;50;0;
6374;2551515;989478912;18718720;1113055232;0;0;0;0;0;0;0;0;0;0;0;1522;0;0;89;0;50;0;
6375;1531842;989478912;18718720;1113055232;0;0;0;0;0;0;0;0;0;0;0;1794;0;0;89;0;50;0;
6376;4056237;989478912;18718720;1113055232;0;0;0;0;0;0;0;0;0;0;0;1963;0;0;89;0;50;0;
6377;2277381;989478912;18718720;1113055232;0;0;0;0;0;0;0;0;0;0;0;1943;0;0;89;0;50;0;
6378;2451889;984264704;13180928;1107517440;0;0;0;0;0;0;0;0;0;0;0;2003;0;0;89;0;50;0;
6379;1325425;984264704;13180928;1107517440;0;0;0;0;0;0;0;0;0;0;0;1543;0;0;89;0;50;0;
6380;2570381;984264704;13180928;1107517440;0;0;0;0;0;0;0;0;0;0;0;1664;0;0;89;0;50;0;
6381;1436314;984264704;13180928;1107517440;0;0;0;0;0;0;0;0;0;0;0;1393;0;0;89;0;50;0;
6382;4090482;984264704;13180928;1107517440;0;0;0;0;0;0;0;0;0;0;0;1673;0;0;89;0;50;0;
6383;4357853;984264704;13180928;1107517440;0;0;0;0;0;0;0;0;0;0;0;1683;0;0;89;0;50;0;
6384;1565987;984264704;13180928;1107517440;0;0;0;0;0;0;0;0;0;0;0;1523;0;0;89;0;50;0;
6385;1853637;984264704;13180928;1107517440;0;0;0;0;0;0;0;0;0;0;0;1393;0;0;89;0;50;0;
6386;2238979;984264704;13180928;1107517440;0;0;0;0;0;0;0;0;0;0;0;1473;0;0;89;0;50;0;
6387;1815365;984264704;13180928;1107517440;0;0;0;0;0;0;0;0;0;0;0;1483;0;0;89;0;50;0;
6388;5194261;984264704;13180928;1107517440;0;0;0;0;0;0;0;0;0;0;0;1433;0;0;89;0;50;0;
6389;2597882;984264704;13180928;1107517440;0;0;0;0;0;0;0;0;0;0;0;2024;0;0;89;0;50;0;
6390;2448983;984264704;13180928;1107517440;0;0;0;0;0;0;0;0;0;0;0;1393;0;0;89;0;50;0;
6391;1610821;984264704;13180928;1107517440;0;0;0;0;0;0;0;0;0;0;0;1382;0;0;89;0;50;0;
6392;2737724;984264704;13180928;1107517440;0;0;0;0;0;0;0;0;0;0;0;1442;0;0;89;0;50;0;
6393;2092384;984264704;13180928;1107517440;0;0;0;0;0;0;0;0;0;0;0;1503;0;0;89;0;50;0;
6394;4638028;984264704;13180928;1107517440;0;0;0;0;0;0;0;0;0;0;0;1383;0;0;89;0;50;0;
6395;2116599;984264704;13180928;1107517440;0;0;0;0;0;0;0;0;0;0;0;1493;0;0;89;0;50;0;
6396;2028564;984264704;13180928;1107517440;0;0;0;0;0;0;0;0;0;0;0;1773;0;0;89;0;50;0;
6397;1723072;984264704;13180928;1107517440;0;0;0;0;0;0;0;0;0;0;0;1433;0;0;89;0;50;0;
6398;1965997;984264704;13180928;1107517440;0;0;0;0;0;0;0;0;0;0;0;1383;0;0;89;0;50;0;
6399;2683382;984264704;13180928;1107517440;0;0;0;0;0;0;0;0;0;0;0;1613;0;0;89;0;50;0;
6400;5134690;984264704;13180928;1107517440;0;0;0;0;0;0;0;0;0;0;0;1754;0;0;89;0;50;0;
6401;4139513;984264704;13180928;1107517440;0;0;0;0;0;0;0;0;0;0;0;2254;0;0;89;0;50;0;
6402;2269336;984264704;13180928;1107517440;0;0;0;0;0;0;0;0;0;0;0;1453;0;0;89;0;50;0;
6403;1974894;984264704;13180928;1107517440;0;0;0;0;0;0;0;0;0;0;0;2424;0;0;89;0;50;0;
6404;1796368;984264704;13180928;1107517440;0;0;0;0;0;0;0;0;0;0;0;1462;0;0;89;0;50;0;
6405;1400376;984264704;13180928;1107517440;0;0;0;0;0;0;0;0;0;0;0;1533;0;0;89;0;50;0;
6406;4492415;984264704;13180928;1107517440;0;0;0;0;0;0;0;0;0;0;0;1422;0;0;89;0;50;0;
6407;3677977;984264704;13180928;1107517440;0;0;0;0;0;0;0;0;0;0;0;1543;0;0;89;0;50;0;
6408;2395844;984264704;13180928;1107517440;0;0;0;0;0;0;0;0;0;0;0;1814;0;0;89;0;50;0;
6409;1482791;984264704;13180928;1107517440;0;0;0;0;0;0;0;0;0;0;0;1523;0;0;89;0;50;0;
6410;1614147;984264704;13180928;1107517440;0;0;0;0;0;0;0;0;0;0;0;1794;0;0;89;0;50;0;
6411;1862002;984264704;13180928;1107517440;0;0;0;0;0;0;0;0;0;0;0;1443;0;0;89;0;50;0;
6412;4724020;984264704;13180928;1107517440;0;0;0;0;0;0;0;0;0;0;0;1412;0;0;89;0;50;0;
6413;2806573;984264704;13180928;1107517440;0;0;0;0;0;0;0;0;0;0;0;1783;0;0;89;0;50;0;
6414;1895094;984264704;13180928;1107517440;0;0;0;0;0;0;0;0;0;0;0;2054;0;0;89;0;50;0;
6415;1661917;984264704;13180928;1107517440;0;0;0;0;0;0;0;0;0;0;0;1844;0;0;89;0;50;0;
6416;2009408;984264704;13180928;1107517440;0;0;0;0;0;0;0;0;0;0;0;1443;0;0;89;0;50;0;
6417;995067;984264704;13180928;1107517440;0;0;0;0;0;0;0;0;0;0;0;1684;0;0;89;0;50;0;
6418;4281930;984264704;13180928;1107517440;0;0;0;0;0;0;0;0;0;0;0;1894;0;0;89;0;50;0;
6419;3615521;984264704;13180928;1107517440;0;0;0;0;0;0;0;0;0;0;0;1903;0;0;89;0;50;0;
6420;1734373;984264704;13180928;1107517440;0;0;0;0;0;0;0;0;0;0;0;1743;0;0;89;0;50;0;
6421;1244514;984264704;13180928;1107517440;0;0;0;0;0;0;0;0;0;0;0;1663;0;0;89;0;50;0;
6422;1823750;984264704;13180928;1107517440;0;0;0;0;0;0;0;0;0;0;0;1452;0;0;89;0;50;0;
6423;1318282;984264704;13180928;1107517440;0;0;0;0;0;0;0;0;0;0;0;1273;0;0;89;0;50;0;
6424;4941918;984264704;13180928;1107517440;0;0;0;0;0;0;0;0;0;0;0;1493;0;0;89;0;50;0;
6425;2913054;984264704;13180928;1107517440;0;0;0;0;0;0;0;0;0;0;0;1432;0;0;89;0;50;0;
6426;2370355;984264704;13180928;1107517440;0;0;0;0;0;0;0;0;0;0;0;1432;0;0;89;0;50;0;
6427;1515622;984264704;13180928;1107517440;0;0;0;0;0;0;0;0;0;0;0;1943;0;0;89;0;50;0;
6428;1832898;984264704;13180928;1107517440;0;0;0;0;0;0;0;0;0;0;0;1403;0;0;89;0;50;0;
6429;1304426;984264704;13180928;1107517440;0;0;0;0;0;0;0;0;0;0;0;1433;0;0;89;0;50;0;
6430;4582594;984264704;13180928;1107517440;0;0;0;0;0;0;0;0;0;0;0;1453;0;0;89;0;50;0;
6431;3121293;984264704;13180928;1107517440;0;0;0;0;0;0;0;0;0;0;0;1954;0;0;89;0;50;0;
6432;2063630;984264704;13180928;1107517440;0;0;0;0;0;0;0;0;0;0;0;1413;0;0;89;0;50;0;
6433;1929178;984264704;13180928;1107517440;0;0;0;0;0;0;0;0;0;0;0;1433;0;0;89;0;50;0;
6434;1969734;984264704;13180928;1107517440;0;0;0;0;0;0;0;0;0;0;0;1433;0;0;89;0;50;0;
6435;1036453;984264704;13180928;1107517440;0;0;0;0;0;0;0;0;0;0;0;1463;0;0;89;0;50;0;
6436;4871285;984264704;13180928;1107517440;0;0;0;0;0;0;0;0;0;0;0;1403;0;0;89;0;50;0;
6437;2943299;984264704;13180928;1107517440;0;0;0;0;0;0;0;0;0;0;0;1994;0;0;89;0;50;0;
6438;1914040;984264704;13180928;1107517440;0;0;0;0;0;0;0;0;0;0;0;1453;0;0;89;0;50;0;
6439;3007971;984264704;13180928;1107517440;0;0;0;0;0;0;0;0;0;0;0;1423;0;0;89;0;50;0;
6440;1701771;984264704;13180928;1107517440;0;0;0;0;0;0;0;0;0;0;0;1412;0;0;89;0;50;0;
6441;1479114;984264704;13180928;1107517440;0;0;0;0;0;0;0;0;0;0;0;1382;0;0;89;0;50;0;
6442;4967225;984264704;13180928;1107517440;0;0;0;0;0;0;0;0;0;0;0;1493;0;0;89;0;50;0;
6443;3411828;984264704;13180928;1107517440;0;0;0;0;0;0;0;0;0;0;0;2064;0;0;89;0;50;0;
6444;2787247;984264704;13180928;1107517440;0;0;0;0;0;0;0;0;0;0;0;1523;0;0;89;0;50;0;
6445;1793083;984264704;13180928;1107517440;0;0;0;0;0;0;0;0;0;0;0;1412;0;0;89;0;50;0;
6446;1866259;984264704;13180928;1107517440;0;0;0;0;0;0;0;0;0;0;0;1463;0;0;89;0;50;0;
6447;1540479;984264704;13180928;1107517440;0;0;0;0;0;0;0;0;0;0;0;1443;0;0;89;0;50;0;
6448;4941167;984264704;13180928;1107517440;0;0;0;0;0;0;0;0;0;0;0;1773;0;0;89;0;50;0;
6449;3654474;984264704;13180928;1107517440;0;0;0;0;0;0;0;0;0;0;0;1934;0;0;89;0;50;0;
6450;2459032;984264704;13180928;1107517440;0;0;0;0;0;0;0;0;0;0;0;1873;0;0;89;0;50;0;
6451;1692645;984264704;13180928;1107517440;0;0;0;0;0;0;0;0;0;0;0;1383;0;0;89;0;50;0;
6452;2140775;984264704;13180928;1107517440;0;0;0;0;0;0;0;0;0;0;0;1533;0;0;89;0;50;0;
6453;1599239;984264704;13180928;1107517440;0;0;0;0;0;0;0;0;0;0;0;1473;0;0;89;0;50;0;
6454;6275700;984264704;13180928;1107517440;0;0;0;0;0;0;0;0;0;0;0;1483;0;0;89;0;50;0;
6455;3211943;984264704;13180928;1107517440;0;0;0;0;0;0;0;0;0;0;0;1743;0;0;89;0;50;0;
6456;2196629;984264704;13180928;1107517440;0;0;0;0;0;0;0;0;0;0;0;1392;0;0;89;0;50;0;
6457;1808732;984264704;13180928;1107517440;0;0;0;0;0;0;0;0;0;0;0;1412;0;0;89;0;50;0;
6458;2249148;984264704;13180928;1107517440;0;0;0;0;0;0;0;0;0;0;0;1423;0;0;89;0;50;0;
6459;1516003;984264704;13180928;1107517440;0;0;0;0;0;0;0;0;0;0;0;1523;0;0;89;0;50;0;
6460;4507773;984264704;13180928;1107517440;0;0;0;0;0;0;0;0;0;0;0;1423;0;0;89;0;50;0;
6461;2370756;984264704;13180928;1107517440;0;0;0;0;0;0;0;0;0;0;0;1774;0;0;89;0;50;0;
6462;2090290;984264704;13180928;1107517440;0;0;0;0;0;0;0;0;0;0;0;1563;0;0;89;0;50;0;
6463;1779668;984264704;13180928;1107517440;0;0;0;0;0;0;0;0;0;0;0;1453;0;0;89;0;50;0;
6464;2235602;984264704;13180928;1107517440;0;0;0;0;0;0;0;0;0;0;0;1373;0;0;89;0;50;0;
6465;1383034;984264704;13180928;1107517440;0;0;0;0;0;0;0;0;0;0;0;1813;0;0;89;0;50;0;
6466;3927115;984264704;13180928;1107517440;0;0;0;0;0;0;0;0;0;0;0;1543;0;0;89;0;50;0;
6467;2471295;984264704;13180928;1107517440;0;0;0;0;0;0;0;0;0;0;0;1463;0;0;89;0;50;0;
6468;3212093;984264704;13180928;1107517440;0;0;0;0;0;0;0;0;0;0;0;1423;0;0;89;0;50;0;
6469;3217104;984264704;13180928;1107517440;0;0;0;0;0;0;0;0;0;0;0;38332;0;0;89;0;50;0;
6470;2474650;984264704;13180928;1107517440;0;0;0;0;0;0;0;0;0;0;0;1372;0;0;89;0;50;0;
6471;2279384;984264704;13180928;1107517440;0;0;0;0;0;0;0;0;0;0;0;1784;0;0;89;0;50;0;
6472;4878910;984264704;13180928;1107517440;0;0;0;0;0;0;0;0;0;0;0;1442;0;0;89;0;50;0;
6473;3210410;984264704;13180928;1107517440;0;0;0;0;0;0;0;0;0;0;0;1624;0;0;89;0;50;0;
6474;3333782;984264704;13180928;1107517440;0;0;0;0;0;0;0;0;0;0;0;1433;0;0;89;0;50;0;
6475;1560506;984264704;13180928;1107517440;0;0;0;0;0;0;0;0;0;0;0;1633;0;0;89;0;50;0;
6476;2322887;984264704;13180928;1107517440;0;0;0;0;0;0;0;0;0;0;0;1452;0;0;89;0;50;0;
6477;2428815;984264704;13180928;1107517440;0;0;0;0;0;0;0;0;0;0;0;1432;0;0;89;0;50;0;
6478;5197507;984264704;13180928;1107517440;0;0;0;0;0;0;0;0;0;0;0;1363;0;0;89;0;50;0;
6479;3212284;984264704;13180928;1107517440;0;0;0;0;0;0;0;0;0;0;0;2063;0;0;89;0;50;0;
6480;2896622;984264704;13180928;1107517440;0;0;0;0;0;0;0;0;0;0;0;1503;0;0;89;0;50;0;
6481;1808412;984264704;13180928;1107517440;0;0;0;0;0;0;0;0;0;0;0;1543;0;0;89;0;50;0;
6482;2231966;984264704;13180928;1107517440;0;0;0;0;0;0;0;0;0;0;0;1473;0;0;89;0;50;0;
6483;2292880;984264704;13180928;1107517440;0;0;0;0;0;0;0;0;0;0;0;1442;0;0;89;0;50;0;
6484;5267780;984264704;13180928;1107517440;0;0;0;0;0;0;0;0;0;0;0;1503;0;0;89;0;50;0;
6485;2799841;984264704;13180928;1107517440;0;0;0;0;0;0;0;0;0;0;0;1543;0;0;89;0;50;0;
6486;2331071;984264704;13180928;1107517440;0;0;0;0;0;0;0;0;0;0;0;1353;0;0;89;0;50;0;
6487;1744662;984264704;13180928;1107517440;0;0;0;0;0;0;0;0;0;0;0;1422;0;0;89;0;50;0;
6488;2080682;984264704;13180928;1107517440;0;0;0;0;0;0;0;0;0;0;0;1503;0;0;89;0;50;0;
6489;1393904;984264704;13180928;1107517440;0;0;0;0;0;0;0;0;0;0;0;1473;0;0;89;0;50;0;
6490;4364826;984264704;13180928;1107517440;0;0;0;0;0;0;0;0;0;0;0;1412;0;0;89;0;50;0;
6491;3199050;984264704;13180928;1107517440;0;0;0;0;0;0;0;0;0;0;0;1563;0;0;89;0;50;0;
6492;2800853;984264704;13180928;1107517440;0;0;0;0;0;0;0;0;0;0;0;1593;0;0;89;0;50;0;
6493;1924519;984264704;13180928;1107517440;0;0;0;0;0;0;0;0;0;0;0;1392;0;0;89;0;50;0;
6494;1863815;984264704;13180928;1107517440;0;0;0;0;0;0;0;0;0;0;0;1482;0;0;89;0;50;0;
6495;1393653;984264704;13180928;1107517440;0;0;0;0;0;0;0;0;0;0;0;1473;0;0;89;0;50;0;
6496;4812144;984264704;13180928;1107517440;0;0;0;0;0;0;0;0;0;0;0;1303;0;0;89;0;50;0;
6497;2503635;984264704;13180928;1107517440;0;0;0;0;0;0;0;0;0;0;0;1774;0;0;89;0;50;0;
6498;2127901;984264704;13180928;1107517440;0;0;0;0;0;0;0;0;0;0;0;1433;0;0;89;0;50;0;
6499;1828940;984264704;13180928;1107517440;0;0;0;0;0;0;0;0;0;0;0;1463;0;0;89;0;50;0;
6500;1995593;984264704;13180928;1107517440;0;0;0;0;0;0;0;0;0;0;0;1433;0;0;89;0;50;0;
6501;1384577;984264704;13180928;1107517440;0;0;0;0;0;0;0;0;0;0;0;1883;0;0;89;0;50;0;
6502;5124190;984264704;13189120;1107525632;0;0;0;0;0;0;0;0;0;0;0;1653;0;0;89;0;50;0;
6503;2701166;984264704;13193216;1107529728;0;0;0;0;0;0;0;0;0;0;0;69991;0;0;89;0;50;0;
6504;2306405;984264704;13193216;1107529728;0;0;0;0;0;0;0;0;0;0;0;1413;0;0;89;0;50;0;
6505;1973682;984264704;13193216;1107529728;0;0;0;0;0;0;0;0;0;0;0;1473;0;0;89;0;50;0;
6506;2406693;984264704;13193216;1107529728;0;0;0;0;0;0;0;0;0;0;0;1463;0;0;89;0;50;0;
6507;2322385;984264704;13193216;1107529728;0;0;0;0;0;0;0;0;0;0;0;1483;0;0;89;0;50;0;
6508;5189833;984264704;13193216;1107529728;0;0;0;0;0;0;0;0;0;0;0;1423;0;0;89;0;50;0;
6509;2524905;984264704;13193216;1107529728;0;0;0;0;0;0;0;0;0;0;0;1423;0;0;89;0;50;0;
6510;1896016;984264704;13193216;1107529728;0;0;0;0;0;0;0;0;0;0;0;1422;0;0;89;0;50;0;
6511;2253816;984264704;13193216;1107529728;0;0;0;0;0;0;0;0;0;0;0;1392;0;0;89;0;50;0;
6512;2221907;984264704;13193216;1107529728;0;0;0;0;0;0;0;0;0;0;0;1453;0;0;89;0;50;0;
6513;1357145;984264704;13193216;1107529728;0;0;0;0;0;0;0;0;0;0;0;1423;0;0;89;0;50;0;
6514;5135471;984264704;13193216;1107529728;0;0;0;0;0;0;0;0;0;0;0;1402;0;0;89;0;50;0;
6515;2475703;984264704;13193216;1107529728;0;0;0;0;0;0;0;0;0;0;0;1552;0;0;89;0;50;0;
6516;2605617;984412160;13180928;1107517440;0;0;0;0;0;0;0;0;0;0;0;1423;0;0;89;0;50;0;
6517;2020058;984412160;13180928;1107517440;0;0;0;0;0;0;0;0;0;0;0;1583;0;0;89;0;50;0;
6518;2151595;984412160;13180928;1107517440;0;0;0;0;0;0;0;0;0;0;0;1352;0;0;89;0;50;0;
6519;1850310;984412160;13180928;1107517440;0;0;0;0;0;0;0;0;0;0;0;1412;0;0;89;0;50;0;
6520;4945184;984412160;13180928;1107517440;0;0;0;0;0;0;0;0;0;0;0;1392;0;0;89;0;50;0;
6521;2532790;984412160;13180928;1107517440;0;0;0;0;0;0;0;0;0;0;0;1623;0;0;89;0;50;0;
6522;2038924;984412160;13180928;1107517440;0;0;0;0;0;0;0;0;0;0;0;1403;0;0;89;0;50;0;
6523;2078869;984412160;13180928;1107517440;0;0;0;0;0;0;0;0;0;0;0;1643;0;0;89;0;50;0;
6524;2599735;984412160;13180928;1107517440;0;0;0;0;0;0;0;0;0;0;0;1473;0;0;89;0;50;0;
6525;2005821;984412160;13180928;1107517440;0;0;0;0;0;0;0;0;0;0;0;1403;0;0;89;0;50;0;
6526;4336272;984412160;13180928;1107517440;0;0;0;0;0;0;0;0;0;0;0;1463;0;0;89;0;50;0;
6527;2559370;984412160;13180928;1107517440;0;0;0;0;0;0;0;0;0;0;0;1733;0;0;89;0;50;0;
6528;2255219;984412160;13180928;1107517440;0;0;0;0;0;0;0;0;0;0;0;1513;0;0;89;0;50;0;
6529;2022233;984412160;13180928;1107517440;0;0;0;0;0;0;0;0;0;0;0;1513;0;0;89;0;50;0;
6530;2456617;984412160;13180928;1107517440;0;0;0;0;0;0;0;0;0;0;0;1433;0;0;89;0;50;0;
6531;1907307;984412160;13180928;1107517440;0;0;0;0;0;0;0;0;0;0;0;1603;0;0;89;0;50;0;
6532;5238855;984412160;13180928;1107517440;0;0;0;0;0;0;0;0;0;0;0;1453;0;0;89;0;50;0;
6533;3008322;984412160;13180928;1107517440;0;0;0;0;0;0;0;0;0;0;0;1462;0;0;89;0;50;0;
6534;2809449;984412160;13180928;1107517440;0;0;0;0;0;0;0;0;0;0;0;1442;0;0;89;0;50;0;
6535;2390483;984412160;13180928;1107517440;0;0;0;0;0;0;0;0;0;0;0;1423;0;0;89;0;50;0;
6536;2175199;984412160;13180928;1107517440;0;0;0;0;0;0;0;0;0;0;0;1764;0;0;89;0;50;0;
6537;2027593;984412160;13180928;1107517440;0;0;0;0;0;0;0;0;0;0;0;1413;0;0;89;0;50;0;
6538;4706516;987041792;18718720;1113055232;0;0;0;0;0;0;0;0;0;0;0;1683;0;0;89;0;50;0;
6539;3856372;987041792;18718720;1113055232;0;0;0;0;0;0;0;0;0;0;0;2916;0;0;89;0;50;0;
6540;3420465;989138944;18718720;1113055232;0;0;0;0;0;0;0;0;0;0;0;1874;0;0;89;0;50;0;
6541;1998218;989138944;18718720;1113055232;0;0;0;0;0;0;0;0;0;0;0;1603;0;0;89;0;50;0;
6542;2379603;989138944;18718720;1113055232;0;0;0;0;0;0;0;0;0;0;0;1713;0;0;89;0;50;0;
6543;1661405;989138944;18718720;1113055232;0;0;0;0;0;0;0;0;0;0;0;1453;0;0;89;0;50;0;
6544;4966134;989675520;18718720;1113055232;0;0;0;0;0;0;0;0;0;0;0;1432;0;0;89;0;50;0;
6545;2912091;989675520;18718720;1113055232;0;0;0;0;0;0;0;0;0;0;0;1472;0;0;89;0;50;0;
6546;2504046;989675520;18718720;1113055232;0;0;0;0;0;0;0;0;0;0;0;1422;0;0;89;0;50;0;
6547;1838988;989675520;18718720;1113055232;0;0;0;0;0;0;0;0;0;0;0;1483;0;0;89;0;50;0;
6548;2840106;989675520;18718720;1113055232;0;0;0;0;0;0;0;0;0;0;0;1433;0;0;89;0;50;0;
6549;2716875;989675520;18718720;1113055232;0;0;0;0;0;0;0;0;0;0;0;1753;0;0;89;0;50;0;
6550;5273410;989675520;18718720;1113055232;0;0;0;0;0;0;0;0;0;0;0;1422;0;0;89;0;50;0;
6551;3087230;989675520;18718720;1113055232;0;0;0;0;0;0;0;0;0;0;0;1533;0;0;89;0;50;0;
6552;2615505;983330816;12103680;1106440192;0;0;0;0;0;0;0;0;0;0;0;1503;0;0;89;0;50;0;
6553;2188293;983330816;12103680;1106440192;0;0;0;0;0;0;0;0;0;0;0;1353;0;0;89;0;50;0;
6554;2609684;983330816;12103680;1106440192;0;0;0;0;0;0;0;0;0;0;0;1492;0;0;89;0;50;0;
6555;1550798;983330816;12103680;1106440192;0;0;0;0;0;0;0;0;0;0;0;1413;0;0;89;0;50;0;
6556;5088253;983330816;12103680;1106440192;0;0;0;0;0;0;0;0;0;0;0;1492;0;0;89;0;50;0;
6557;2814408;983330816;12103680;1106440192;0;0;0;0;0;0;0;0;0;0;0;1743;0;0;89;0;50;0;
6558;2732585;983330816;12103680;1106440192;0;0;0;0;0;0;0;0;0;0;0;1553;0;0;89;0;50;0;
6559;2296256;983330816;12103680;1106440192;0;0;0;0;0;0;0;0;0;0;0;1573;0;0;89;0;50;0;
6560;2406563;983330816;12103680;1106440192;0;0;0;0;0;0;0;0;0;0;0;1423;0;0;89;0;50;0;
6561;1664481;983330816;12103680;1106440192;0;0;0;0;0;0;0;0;0;0;0;1493;0;0;89;0;50;0;
6562;5359722;984408064;18718720;1113055232;0;0;0;0;0;0;0;0;0;0;0;1443;0;0;89;0;50;0;
6563;3010697;986505216;18718720;1113055232;0;0;0;0;0;0;0;0;0;0;0;1984;0;0;89;0;50;0;
6564;2984026;986505216;18718720;1113055232;0;0;0;0;0;0;0;0;0;0;0;1703;0;0;89;0;50;0;
6565;2269777;986505216;18718720;1113055232;0;0;0;0;0;0;0;0;0;0;0;1793;0;0;89;0;50;0;
6566;2332765;988602368;18718720;1113055232;0;0;0;0;0;0;0;0;0;0;0;1403;0;0;89;0;50;0;
6567;2435858;988602368;18718720;1113055232;0;0;0;0;0;0;0;0;0;0;0;1393;0;0;89;0;50;0;
6568;5025755;988864512;18718720;1113055232;0;0;0;0;0;0;0;0;0;0;0;1413;0;0;89;0;50;0;
6569;2582243;988864512;18718720;1113055232;0;0;0;0;0;0;0;0;0;0;0;1853;0;0;89;0;50;0;
6570;2165942;988864512;18718720;1113055232;0;0;0;0;0;0;0;0;0;0;0;1553;0;0;89;0;50;0;
6571;1662518;988864512;18718720;1113055232;0;0;0;0;0;0;0;0;0;0;0;1513;0;0;89;0;50;0;
6572;1767615;988864512;18718720;1113055232;0;0;0;0;0;0;0;0;0;0;0;1433;0;0;89;0;50;0;
6573;2190858;988864512;18718720;1113055232;0;0;0;0;0;0;0;0;0;0;0;1593;0;0;89;0;50;0;
6574;5995143;988864512;18718720;1113055232;0;0;0;0;0;0;0;0;0;0;0;1502;0;0;89;0;50;0;
6575;3313384;988864512;18718720;1113055232;0;0;0;0;0;0;0;0;0;0;0;1863;0;0;89;0;50;0;
6576;2660830;983351296;13180928;1107517440;0;0;0;0;0;0;0;0;0;0;0;1533;0;0;89;0;50;0;
6577;1714856;983351296;13180928;1107517440;0;0;0;0;0;0;0;0;0;0;0;1413;0;0;89;0;50;0;
6578;2545303;983351296;13180928;1107517440;0;0;0;0;0;0;0;0;0;0;0;1403;0;0;89;0;50;0;
6579;1756694;983351296;13180928;1107517440;0;0;0;0;0;0;0;0;0;0;0;1443;0;0;89;0;50;0;
6580;5485507;983351296;13180928;1107517440;0;0;0;0;0;0;0;0;0;0;0;1403;0;0;89;0;50;0;
6581;3226180;983351296;13180928;1107517440;0;0;0;0;0;0;0;0;0;0;0;58019;0;0;89;0;50;0;
6582;2743486;983351296;13180928;1107517440;0;0;0;0;0;0;0;0;0;0;0;1463;0;0;89;0;50;0;
6583;2303560;983351296;13180928;1107517440;0;0;0;0;0;0;0;0;0;0;0;1493;0;0;89;0;50;0;
6584;2533832;983351296;13180928;1107517440;0;0;0;0;0;0;0;0;0;0;0;1503;0;0;89;0;50;0;
6585;1193809;983351296;13180928;1107517440;0;0;0;0;0;0;0;0;0;0;0;1413;0;0;89;0;50;0;
6586;4463270;985980928;18718720;1113055232;0;0;0;0;0;0;0;0;0;0;0;1603;0;0;89;0;50;0;
6587;2882506;985980928;18718720;1113055232;0;0;0;0;0;0;0;0;0;0;0;1633;0;0;89;0;50;0;
6588;2873419;988078080;18718720;1113055232;0;0;0;0;0;0;0;0;0;0;0;1634;0;0;89;0;50;0;
6589;1723853;988078080;18718720;1113055232;0;0;0;0;0;0;0;0;0;0;0;1623;0;0;89;0;50;0;
6590;3021927;988078080;18718720;1113055232;0;0;0;0;0;0;0;0;0;0;0;1703;0;0;89;0;50;0;
6591;1659302;988078080;18718720;1113055232;0;0;0;0;0;0;0;0;0;0;0;1453;0;0;89;0;50;0;
6592;4913245;988078080;18718720;1113055232;0;0;0;0;0;0;0;0;0;0;0;1362;0;0;89;0;50;0;
6593;2892384;988078080;18718720;1113055232;0;0;0;0;0;0;0;0;0;0;0;1894;0;0;89;0;50;0;
6594;2495139;988078080;18718720;1113055232;0;0;0;0;0;0;0;0;0;0;0;1383;0;0;89;0;50;0;
6595;1941561;988078080;18718720;1113055232;0;0;0;0;0;0;0;0;0;0;0;1733;0;0;89;0;50;0;
6596;2872347;988078080;18718720;1113055232;0;0;0;0;0;0;0;0;0;0;0;1863;0;0;89;0;50;0;
6597;2113985;988078080;18718720;1113055232;0;0;0;0;0;0;0;0;0;0;0;1583;0;0;89;0;50;0;
6598;5235459;988078080;18718720;1113055232;0;0;0;0;0;0;0;0;0;0;0;1563;0;0;89;0;50;0;
6599;2940635;988078080;18718720;1113055232;0;0;0;0;0;0;0;0;0;0;0;1653;0;0;89;0;50;0;
6600;2633419;988078080;18718720;1113055232;0;0;0;0;0;0;0;0;0;0;0;1493;0;0;89;0;50;0;
6601;2131718;988078080;18718720;1113055232;0;0;0;0;0;0;0;0;0;0;0;1443;0;0;89;0;50;0;
6602;2295605;988078080;18718720;1113055232;0;0;0;0;0;0;0;0;0;0;0;1463;0;0;89;0;50;0;
6603;1674491;988078080;18718720;1113055232;0;0;0;0;0;0;0;0;0;0;0;1443;0;0;89;0;50;0;
6604;4849004;988078080;18718720;1113055232;0;0;0;0;0;0;0;0;0;0;0;1473;0;0;89;0;50;0;
6605;2565992;988078080;18718720;1113055232;0;0;0;0;0;0;0;0;0;0;0;1643;0;0;89;0;50;0;
6606;2343414;988078080;18718720;1113055232;0;0;0;0;0;0;0;0;0;0;0;1453;0;0;89;0;50;0;
6607;1903109;988078080;18718720;1113055232;0;0;0;0;0;0;0;0;0;0;0;1483;0;0;89;0;50;0;
6608;2387036;988078080;18718720;1113055232;0;0;0;0;0;0;0;0;0;0;0;1513;0;0;89;0;50;0;
6609;1778986;988078080;18718720;1113055232;0;0;0;0;0;0;0;0;0;0;0;1232;0;0;89;0;50;0;
6610;5088283;988078080;18718720;1113055232;0;0;0;0;0;0;0;0;0;0;0;1413;0;0;89;0;50;0;
6611;2274986;988078080;18718720;1113055232;0;0;0;0;0;0;0;0;0;0;0;1493;0;0;89;0;50;0;
6612;3052955;988078080;18718720;1113055232;0;0;0;0;0;0;0;0;0;0;0;1533;0;0;89;0;50;0;
6613;2240943;988078080;18718720;1113055232;0;0;0;0;0;0;0;0;0;0;0;28423;0;0;89;0;50;0;
6614;2670728;988078080;18718720;1113055232;0;0;0;0;0;0;0;0;0;0;0;1753;0;0;89;0;50;0;
6615;1558162;988078080;18718720;1113055232;0;0;0;0;0;0;0;0;0;0;0;1292;0;0;89;0;50;0;
6616;4774514;988078080;18718720;1113055232;0;0;0;0;0;0;0;0;0;0;0;1483;0;0;89;0;50;0;
6617;2712787;988078080;18718720;1113055232;0;0;0;0;0;0;0;0;0;0;0;1834;0;0;89;0;50;0;
6618;2700043;988078080;18718720;1113055232;0;0;0;0;0;0;0;0;0;0;0;1443;0;0;89;0;50;0;
6619;1962501;988078080;18718720;1113055232;0;0;0;0;0;0;0;0;0;0;0;1533;0;0;89;0;50;0;
6620;2340820;988078080;18718720;1113055232;0;0;0;0;0;0;0;0;0;0;0;1824;0;0;89;0;50;0;
6621;1991195;988078080;18718720;1113055232;0;0;0;0;0;0;0;0;0;0;0;1463;0;0;89;0;50;0;
6622;4914016;988078080;18718720;1113055232;0;0;0;0;0;0;0;0;0;0;0;1443;0;0;89;0;50;0;
6623;2774233;988078080;18718720;1113055232;0;0;0;0;0;0;0;0;0;0;0;2014;0;0;89;0;50;0;
6624;1970766;983392256;13180928;1107517440;0;0;0;0;0;0;0;0;0;0;0;1513;0;0;89;0;50;0;
6625;2167996;983392256;13180928;1107517440;0;0;0;0;0;0;0;0;0;0;0;1362;0;0;89;0;50;0;
6626;2386235;983392256;13180928;1107517440;0;0;0;0;0;0;0;0;0;0;0;1432;0;0;89;0;50;0;
6627;1729894;983392256;13180928;1107517440;0;0;0;0;0;0;0;0;0;0;0;1533;0;0;89;0;50;0;
6628;4958138;983392256;13180928;1107517440;0;0;0;0;0;0;0;0;0;0;0;1472;0;0;89;0;50;0;
6629;2304923;983392256;13180928;1107517440;0;0;0;0;0;0;0;0;0;0;0;1743;0;0;89;0;50;0;
6630;2349346;983392256;13180928;1107517440;0;0;0;0;0;0;0;0;0;0;0;1462;0;0;89;0;50;0;
6631;1490105;983392256;13180928;1107517440;0;0;0;0;0;0;0;0;0;0;0;1462;0;0;89;0;50;0;
6632;2080241;983392256;13180928;1107517440;0;0;0;0;0;0;0;0;0;0;0;1442;0;0;89;0;50;0;
6633;2238969;983392256;13180928;1107517440;0;0;0;0;0;0;0;0;0;0;0;1513;0;0;89;0;50;0;
6634;5049851;986021888;18718720;1113055232;0;0;0;0;0;0;0;0;0;0;0;1563;0;0;89;0;50;0;
6635;2742303;986021888;18718720;1113055232;0;0;0;0;0;0;0;0;0;0;0;1483;0;0;89;0;50;0;
6636;3337890;988119040;18718720;1113055232;0;0;0;0;0;0;0;0;0;0;0;1493;0;0;89;0;50;0;
6637;6001966;988119040;18718720;1113055232;0;0;0;0;0;0;0;0;0;0;0;1493;0;0;89;0;50;0;
6638;2463620;988119040;18718720;1113055232;0;0;0;0;0;0;0;0;0;0;0;1412;0;0;89;0;50;0;
6639;3076039;988119040;18718720;1113055232;0;0;0;0;0;0;0;0;0;0;0;1593;0;0;89;0;50;0;
6640;5699399;988119040;18718720;1113055232;0;0;0;0;0;0;0;0;0;0;0;1773;0;0;89;0;50;0;
6641;3434872;988119040;18718720;1113055232;0;0;0;0;0;0;0;0;0;0;0;1693;0;0;89;0;50;0;
6642;1992156;988119040;18718720;1113055232;0;0;0;0;0;0;0;0;0;0;0;1522;0;0;89;0;50;0;
6643;2421150;988119040;18718720;1113055232;0;0;0;0;0;0;0;0;0;0;0;1523;0;0;89;0;50;0;
6644;2685036;988119040;18718720;1113055232;0;0;0;0;0;0;0;0;0;0;0;1673;0;0;89;0;50;0;
6645;2291076;988119040;18718720;1113055232;0;0;0;0;0;0;0;0;0;0;0;1603;0;0;89;0;50;0;
6646;5161149;988119040;18718720;1113055232;0;0;0;0;0;0;0;0;0;0;0;1493;0;0;89;0;50;0;
6647;2909175;988119040;18718720;1113055232;0;0;0;0;0;0;0;0;0;0;0;1694;0;0;89;0;50;0;
6648;2510027;988119040;18718720;1113055232;0;0;0;0;0;0;0;0;0;0;0;1673;0;0;89;0;50;0;
6649;2374694;988119040;18718720;1113055232;0;0;0;0;0;0;0;0;0;0;0;1503;0;0;89;0;50;0;
6650;2940104;988119040;18718720;1113055232;0;0;0;0;0;0;0;0;0;0;0;1493;0;0;89;0;50;0;
6651;2130826;988119040;18718720;1113055232;0;0;0;0;0;0;0;0;0;0;0;72226;0;0;89;0;50;0;
6652;4997542;988119040;18718720;1113055232;0;0;0;0;0;0;0;0;0;0;0;1563;0;0;89;0;50;0;
6653;2655750;988119040;18718720;1113055232;0;0;0;0;0;0;0;0;0;0;0;1814;0;0;89;0;50;0;
6654;2527110;988119040;18718720;1113055232;0;0;0;0;0;0;0;0;0;0;0;1522;0;0;89;0;50;0;
6655;2159380;988119040;18718720;1113055232;0;0;0;0;0;0;0;0;0;0;0;1432;0;0;89;0;50;0;
6656;2779092;988119040;18718720;1113055232;0;0;0;0;0;0;0;0;0;0;0;1432;0;0;89;0;50;0;
6657;2468459;988119040;18718720;1113055232;0;0;0;0;0;0;0;0;0;0;0;64211;0;0;89;0;50;0;
6658;4525988;988119040;18718720;1113055232;0;0;0;0;0;0;0;0;0;0;0;1553;0;0;89;0;50;0;
6659;3253812;988119040;18718720;1113055232;0;0;0;0;0;0;0;0;0;0;0;1703;0;0;89;0;50;0;
6660;2463580;988119040;18718720;1113055232;0;0;0;0;0;0;0;0;0;0;0;1453;0;0;89;0;50;0;
6661;2884619;988119040;18718720;1113055232;0;0;0;0;0;0;0;0;0;0;0;1723;0;0;89;0;50;0;
6662;9047367;988119040;18718720;1113055232;0;0;0;0;0;0;0;0;0;0;0;1423;0;0;89;0;50;0;
6663;1875417;988119040;18718720;1113055232;0;0;0;0;0;0;0;0;0;0;0;1593;0;0;89;0;50;0;
6664;6036140;988119040;18718720;1113055232;0;0;0;0;0;0;0;0;0;0;0;1613;0;0;89;0;50;0;
6665;4290907;988119040;18718720;1113055232;0;0;0;0;0;0;0;0;0;0;0;3196;0;0;89;0;50;0;
6666;2971192;988119040;18718720;1113055232;0;0;0;0;0;0;0;0;0;0;0;1232;0;0;89;0;50;0;
6667;2523332;988119040;18718720;1113055232;0;0;0;0;0;0;0;0;0;0;0;1202;0;0;89;0;50;0;
6668;2615656;988119040;18718720;1113055232;0;0;0;0;0;0;0;0;0;0;0;1442;0;0;89;0;50;0;
6669;2049614;988119040;18718720;1113055232;0;0;0;0;0;0;0;0;0;0;0;1653;0;0;89;0;50;0;
6670;5488333;988119040;18718720;1113055232;0;0;0;0;0;0;0;0;0;0;0;1543;0;0;89;0;50;0;
6671;2895951;988119040;18718720;1113055232;0;0;0;0;0;0;0;0;0;0;0;1743;0;0;89;0;50;0;
6672;2464492;983433216;13180928;1107517440;0;0;0;0;0;0;0;0;0;0;0;1422;0;0;89;0;50;0;
6673;2221646;983433216;13180928;1107517440;0;0;0;0;0;0;0;0;0;0;0;1573;0;0;89;0;50;0;
6674;2899127;983433216;13180928;1107517440;0;0;0;0;0;0;0;0;0;0;0;64882;0;0;89;0;50;0;
6675;2116249;983433216;13180928;1107517440;0;0;0;0;0;0;0;0;0;0;0;1462;0;0;89;0;50;0;
6676;5288347;983433216;13185024;1107521536;0;0;0;0;0;0;0;0;0;0;0;1653;0;0;89;0;50;0;
6677;2275899;983433216;13185024;1107521536;0;0;0;0;0;0;0;0;0;0;0;1503;0;0;89;0;50;0;
6678;2402114;983433216;13185024;1107521536;0;0;0;0;0;0;0;0;0;0;0;1573;0;0;89;0;50;0;
6679;3327480;983433216;13185024;1107521536;0;0;0;0;0;0;0;0;0;0;0;4248;0;0;89;0;50;0;
6680;4446299;983433216;13185024;1107521536;0;0;0;0;0;0;0;0;0;0;0;1653;0;0;89;0;50;0;
6681;3665394;983433216;13185024;1107521536;0;0;0;0;0;0;0;0;0;0;0;3036;0;0;89;0;50;0;
6682;5337250;986062848;18722816;1113059328;0;0;0;0;0;0;0;0;0;0;0;1643;0;0;89;0;50;0;
6683;3797331;986062848;18722816;1113059328;0;0;0;0;0;0;0;0;0;0;0;4378;0;0;89;0;50;0;
6684;3372284;988160000;18722816;1113059328;0;0;0;0;0;0;0;0;0;0;0;2184;0;0;89;0;50;0;
6685;3198168;988160000;18722816;1113059328;0;0;0;0;0;0;0;0;0;0;0;2966;0;0;89;0;50;0;
6686;3066801;988160000;18722816;1113059328;0;0;0;0;0;0;0;0;0;0;0;1463;0;0;89;0;50;0;
6687;2673634;988160000;18722816;1113059328;0;0;0;0;0;0;0;0;0;0;0;1693;0;0;89;0;50;0;
6688;6168648;988160000;18722816;1113059328;0;0;0;0;0;0;0;0;0;0;0;1603;0;0;89;0;50;0;
6689;4256813;988160000;18722816;1113059328;0;0;0;0;0;0;0;0;0;0;0;4178;0;0;89;0;50;0;
6690;2743054;988229632;18718720;1113055232;0;0;0;0;0;0;0;0;0;0;0;1813;0;0;89;0;50;0;
6691;2041949;988229632;18718720;1113055232;0;0;0;0;0;0;0;0;0;0;0;2665;0;0;89;0;50;0;
6692;2831440;988229632;18718720;1113055232;0;0;0;0;0;0;0;0;0;0;0;1483;0;0;89;0;50;0;
6693;1689749;988229632;18718720;1113055232;0;0;0;0;0;0;0;0;0;0;0;1573;0;0;89;0;50;0;
6694;5129269;988229632;18718720;1113055232;0;0;0;0;0;0;0;0;0;0;0;1532;0;0;89;0;50;0;
6695;4727676;988229632;18718720;1113055232;0;0;0;0;0;0;0;0;0;0;0;2625;0;0;89;0;50;0;
6696;3787624;988229632;18718720;1113055232;0;0;0;0;0;0;0;0;0;0;0;1703;0;0;89;0;50;0;
6697;2622007;988229632;18718720;1113055232;0;0;0;0;0;0;0;0;0;0;0;1954;0;0;89;0;50;0;
6698;2311114;988229632;18718720;1113055232;0;0;0;0;0;0;0;0;0;0;0;1603;0;0;89;0;50;0;
6699;3344642;988229632;18718720;1113055232;0;0;0;0;0;0;0;0;0;0;0;2535;0;0;89;0;50;0;
6700;5346997;988229632;18718720;1113055232;0;0;0;0;0;0;0;0;0;0;0;1763;0;0;89;0;50;0;
6701;4053782;988229632;18718720;1113055232;0;0;0;0;0;0;0;0;0;0;0;4027;0;0;89;0;50;0;
6702;3175665;988229632;18718720;1113055232;0;0;0;0;0;0;0;0;0;0;0;1724;0;0;89;0;50;0;
6703;1993899;988229632;18718720;1113055232;0;0;0;0;0;0;0;0;0;0;0;1813;0;0;89;0;50;0;
6704;2622288;988229632;18718720;1113055232;0;0;0;0;0;0;0;0;0;0;0;1532;0;0;89;0;50;0;
6705;2136056;988229632;18718720;1113055232;0;0;0;0;0;0;0;0;0;0;0;1503;0;0;89;0;50;0;
6706;5096558;988229632;18718720;1113055232;0;0;0;0;0;0;0;0;0;0;0;1523;0;0;89;0;50;0;
6707;4012976;988229632;18718720;1113055232;0;0;0;0;0;0;0;0;0;0;0;4569;0;0;89;0;50;0;
6708;2872828;988229632;18718720;1113055232;0;0;0;0;0;0;0;0;0;0;0;1623;0;0;89;0;50;0;
6709;1409904;988229632;18718720;1113055232;0;0;0;0;0;0;0;0;0;0;0;1753;0;0;89;0;50;0;
6710;1698205;988229632;18718720;1113055232;0;0;0;0;0;0;0;0;0;0;0;1543;0;0;89;0;50;0;
6711;2148139;988229632;18718720;1113055232;0;0;0;0;0;0;0;0;0;0;0;1583;0;0;89;0;50;0;
6712;5404035;988229632;18718720;1113055232;0;0;0;0;0;0;0;0;0;0;0;1213;0;0;89;0;50;0;
6713;4565222;988229632;18718720;1113055232;0;0;0;0;0;0;0;0;0;0;0;5220;0;0;89;0;50;0;
6714;3338591;988229632;18718720;1113055232;0;0;0;0;0;0;0;0;0;0;0;1764;0;0;89;0;50;0;
6715;1799465;988229632;18718720;1113055232;0;0;0;0;0;0;0;0;0;0;0;1984;0;0;89;0;50;0;
6716;2664857;988229632;18718720;1113055232;0;0;0;0;0;0;0;0;0;0;0;1423;0;0;89;0;50;0;
6717;2641624;988229632;18718720;1113055232;0;0;0;0;0;0;0;0;0;0;0;1823;0;0;89;0;50;0;
6718;5471862;988229632;18718720;1113055232;0;0;0;0;0;0;0;0;0;0;0;1493;0;0;89;0;50;0;
6719;4492796;988229632;18718720;1113055232;0;0;0;0;0;0;0;0;0;0;0;26781;0;0;89;0;50;0;
6720;3367956;983474176;13180928;1107517440;0;0;0;0;0;0;0;0;0;0;0;1804;0;0;89;0;50;0;
6721;2851006;983474176;13180928;1107517440;0;0;0;0;0;0;0;0;0;0;0;1503;0;0;89;0;50;0;
6722;3031686;983474176;13180928;1107517440;0;0;0;0;0;0;0;0;0;0;0;1623;0;0;89;0;50;0;
6723;2993434;983474176;13180928;1107517440;0;0;0;0;0;0;0;0;0;0;0;2175;0;0;89;0;50;0;
6724;6168698;983474176;13180928;1107517440;0;0;0;0;0;0;0;0;0;0;0;1844;0;0;89;0;50;0;
6725;5078294;983474176;13180928;1107517440;0;0;0;0;0;0;0;0;0;0;0;3617;0;0;89;0;50;0;
6726;3635488;983474176;13180928;1107517440;0;0;0;0;0;0;0;0;0;0;0;2084;0;0;89;0;50;0;
6727;2562325;983474176;13180928;1107517440;0;0;0;0;0;0;0;0;0;0;0;2004;0;0;89;0;50;0;
6728;3744903;983474176;13180928;1107517440;0;0;0;0;0;0;0;0;0;0;0;2094;0;0;89;0;50;0;
6729;2719481;983474176;13180928;1107517440;0;0;0;0;0;0;0;0;0;0;0;2204;0;0;89;0;50;0;
6730;5825014;986103808;18718720;1113055232;0;0;0;0;0;0;0;0;0;0;0;2424;0;0;89;0;50;0;
6731;5294720;986103808;18718720;1113055232;0;0;0;0;0;0;0;0;0;0;0;4358;0;0;89;0;50;0;
6732;4102433;988200960;18718720;1113055232;0;0;0;0;0;0;0;0;0;0;0;2254;0;0;89;0;50;0;
6733;3097239;988200960;18718720;1113055232;0;0;0;0;0;0;0;0;0;0;0;1864;0;0;89;0;50;0;
6734;3248372;988200960;18718720;1113055232;0;0;0;0;0;0;0;0;0;0;0;1693;0;0;89;0;50;0;
6735;3194431;988200960;18718720;1113055232;0;0;0;0;0;0;0;0;0;0;0;2094;0;0;89;0;50;0;
6736;5876531;988200960;18718720;1113055232;0;0;0;0;0;0;0;0;0;0;0;2064;0;0;89;0;50;0;
6737;4986452;988200960;18718720;1113055232;0;0;0;0;0;0;0;0;0;0;0;6111;0;0;89;0;50;0;
6738;3558233;988200960;18718720;1113055232;0;0;0;0;0;0;0;0;0;0;0;1674;0;0;89;0;50;0;
6739;2897814;988200960;18718720;1113055232;0;0;0;0;0;0;0;0;0;0;0;2134;0;0;89;0;50;0;
6740;3608708;988200960;18718720;1113055232;0;0;0;0;0;0;0;0;0;0;0;1763;0;0;89;0;50;0;
6741;2511470;988200960;18718720;1113055232;0;0;0;0;0;0;0;0;0;0;0;2335;0;0;89;0;50;0;
6742;5760694;988200960;18718720;1113055232;0;0;0;0;0;0;0;0;0;0;0;1533;0;0;89;0;50;0;
6743;3685192;988200960;18718720;1113055232;0;0;0;0;0;0;0;0;0;0;0;3026;0;0;89;0;50;0;
6744;3399345;988200960;18718720;1113055232;0;0;0;0;0;0;0;0;0;0;0;1784;0;0;89;0;50;0;
6745;2720693;988200960;18718720;1113055232;0;0;0;0;0;0;0;0;0;0;0;2634;0;0;89;0;50;0;
6746;2811994;988200960;18718720;1113055232;0;0;0;0;0;0;0;0;0;0;0;2094;0;0;89;0;50;0;
6747;2098215;988200960;18718720;1113055232;0;0;0;0;0;0;0;0;0;0;0;2224;0;0;89;0;50;0;
6748;5416589;988200960;18718720;1113055232;0;0;0;0;0;0;0;0;0;0;0;1613;0;0;89;0;50;0;
6749;3626201;988200960;18718720;1113055232;0;0;0;0;0;0;0;0;0;0;0;3076;0;0;89;0;50;0;
6750;3325828;988200960;18718720;1113055232;0;0;0;0;0;0;0;0;0;0;0;2104;0;0;89;0;50;0;
6751;2188164;988200960;18718720;1113055232;0;0;0;0;0;0;0;0;0;0;0;1803;0;0;89;0;50;0;
6752;2679676;988200960;18718720;1113055232;0;0;0;0;0;0;0;0;0;0;0;1583;0;0;89;0;50;0;
6753;2010971;988200960;18718720;1113055232;0;0;0;0;0;0;0;0;0;0;0;1583;0;0;89;0;50;0;
6754;5714096;988200960;18718720;1113055232;0;0;0;0;0;0;0;0;0;0;0;1964;0;0;89;0;50;0;
6755;4276731;988200960;18718720;1113055232;0;0;0;0;0;0;0;0;0;0;0;2434;0;0;89;0;50;0;
6756;3531953;988200960;18718720;1113055232;0;0;0;0;0;0;0;0;0;0;0;1934;0;0;89;0;50;0;
6757;2387047;988200960;18718720;1113055232;0;0;0;0;0;0;0;0;0;0;0;1583;0;0;89;0;50;0;
6758;2597210;988200960;18718720;1113055232;0;0;0;0;0;0;0;0;0;0;0;1562;0;0;89;0;50;0;
6759;2675017;988200960;18718720;1113055232;0;0;0;0;0;0;0;0;0;0;0;1683;0;0;89;0;50;0;
6760;5677387;988200960;18718720;1113055232;0;0;0;0;0;0;0;0;0;0;0;2505;0;0;89;0;50;0;
6761;4356641;988200960;18718720;1113055232;0;0;0;0;0;0;0;0;0;0;0;4198;0;0;89;0;50;0;
6762;3360011;988200960;18718720;1113055232;0;0;0;0;0;0;0;0;0;0;0;2004;0;0;89;0;50;0;
6763;1697022;988200960;18718720;1113055232;0;0;0;0;0;0;0;0;0;0;0;1834;0;0;89;0;50;0;
6764;3723653;988200960;18718720;1113055232;0;0;0;0;0;0;0;0;0;0;0;1824;0;0;89;0;50;0;
6765;1948825;988200960;18718720;1113055232;0;0;0;0;0;0;0;0;0;0;0;2214;0;0;89;0;50;0;
6766;5454589;988200960;18718720;1113055232;0;0;0;0;0;0;0;0;0;0;0;1834;0;0;89;0;50;0;
6767;4318800;988200960;18718720;1113055232;0;0;0;0;0;0;0;0;0;0;0;2845;0;0;89;0;50;0;
6768;3330787;983515136;13180928;1107517440;0;0;0;0;0;0;0;0;0;0;0;1694;0;0;89;0;50;0;
6769;1650295;983515136;13180928;1107517440;0;0;0;0;0;0;0;0;0;0;0;1733;0;0;89;0;50;0;
6770;1999359;983515136;13180928;1107517440;0;0;0;0;0;0;0;0;0;0;0;1653;0;0;89;0;50;0;
6771;2378862;983515136;13180928;1107517440;0;0;0;0;0;0;0;0;0;0;0;2024;0;0;89;0;50;0;
6772;5802972;983515136;13180928;1107517440;0;0;0;0;0;0;0;0;0;0;0;1773;0;0;89;0;50;0;
6773;3994601;983515136;13180928;1107517440;0;0;0;0;0;0;0;0;0;0;0;4489;0;0;89;0;50;0;
6774;3056733;983515136;13180928;1107517440;0;0;0;0;0;0;0;0;0;0;0;2325;0;0;89;0;50;0;
6775;2320432;983515136;13180928;1107517440;0;0;0;0;0;0;0;0;0;0;0;2114;0;0;89;0;50;0;
6776;3033259;983515136;13180928;1107517440;0;0;0;0;0;0;0;0;0;0;0;2164;0;0;89;0;50;0;
6777;2559890;983515136;13180928;1107517440;0;0;0;0;0;0;0;0;0;0;0;1943;0;0;89;0;50;0;
6778;6404531;986144768;18718720;1113055232;0;0;0;0;0;0;0;0;0;0;0;1884;0;0;89;0;50;0;
6779;4219273;986144768;18718720;1113055232;0;0;0;0;0;0;0;0;0;0;0;2996;0;0;89;0;50;0;
6780;3313734;988241920;18718720;1113055232;0;0;0;0;0;0;0;0;0;0;0;2334;0;0;89;0;50;0;
6781;2735490;988241920;18718720;1113055232;0;0;0;0;0;0;0;0;0;0;0;1944;0;0;89;0;50;0;
6782;3902259;988241920;18718720;1113055232;0;0;0;0;0;0;0;0;0;0;0;1904;0;0;89;0;50;0;
6783;2189236;988241920;18718720;1113055232;0;0;0;0;0;0;0;0;0;0;0;1723;0;0;89;0;50;0;
6784;5759001;988241920;18718720;1113055232;0;0;0;0;0;0;0;0;0;0;0;1804;0;0;89;0;50;0;
6785;4279395;988241920;18718720;1113055232;0;0;0;0;0;0;0;0;0;0;0;3226;0;0;89;0;50;0;
6786;2676960;988241920;18718720;1113055232;0;0;0;0;0;0;0;0;0;0;0;1823;0;0;89;0;50;0;
6787;1720717;988241920;18718720;1113055232;0;0;0;0;0;0;0;0;0;0;0;1983;0;0;89;0;50;0;
6788;3204991;988241920;18718720;1113055232;0;0;0;0;0;0;0;0;0;0;0;2043;0;0;89;0;50;0;
6789;1874425;988241920;18718720;1113055232;0;0;0;0;0;0;0;0;0;0;0;2063;0;0;89;0;50;0;
6790;4873439;988241920;18718720;1113055232;0;0;0;0;0;0;0;0;0;0;0;1763;0;0;89;0;50;0;
6791;3660225;988241920;18718720;1113055232;0;0;0;0;0;0;0;0;0;0;0;3477;0;0;89;0;50;0;
6792;2263104;988241920;18718720;1113055232;0;0;0;0;0;0;0;0;0;0;0;2134;0;0;89;0;50;0;
6793;1675742;988241920;18718720;1113055232;0;0;0;0;0;0;0;0;0;0;0;2054;0;0;89;0;50;0;
6794;2696978;988241920;18718720;1113055232;0;0;0;0;0;0;0;0;0;0;0;1733;0;0;89;0;50;0;
6795;1788193;988241920;18718720;1113055232;0;0;0;0;0;0;0;0;0;0;0;2124;0;0;89;0;50;0;
6796;5222073;988241920;18718720;1113055232;0;0;0;0;0;0;0;0;0;0;0;1713;0;0;89;0;50;0;
6797;4238449;988241920;18718720;1113055232;0;0;0;0;0;0;0;0;0;0;0;2685;0;0;89;0;50;0;
6798;3073614;983539712;13180928;1107517440;0;0;0;0;0;0;0;0;0;0;0;1984;0;0;89;0;50;0;
6799;2130045;983539712;13180928;1107517440;0;0;0;0;0;0;0;0;0;0;0;1593;0;0;89;0;50;0;
6800;2395242;983539712;13180928;1107517440;0;0;0;0;0;0;0;0;0;0;0;1603;0;0;89;0;50;0;
6801;1847755;983539712;13180928;1107517440;0;0;0;0;0;0;0;0;0;0;0;1703;0;0;89;0;50;0;
6802;6122352;986169344;18718720;1113055232;0;0;0;0;0;0;0;0;0;0;0;1913;0;0;89;0;50;0;
6803;3905294;986169344;18718720;1113055232;0;0;0;0;0;0;0;0;0;0;0;4879;0;0;89;0;50;0;
6804;3529579;988266496;18718720;1113055232;0;0;0;0;0;0;0;0;0;0;0;4208;0;0;89;0;50;0;
6805;2531157;988266496;18718720;1113055232;0;0;0;0;0;0;0;0;0;0;0;2054;0;0;89;0;50;0;
6806;2588925;988266496;18718720;1113055232;0;0;0;0;0;0;0;0;0;0;0;1743;0;0;89;0;50;0;
6807;2444224;988266496;18718720;1113055232;0;0;0;0;0;0;0;0;0;0;0;1763;0;0;89;0;50;0;
6808;5122958;988266496;18718720;1113055232;0;0;0;0;0;0;0;0;0;0;0;1463;0;0;89;0;50;0;
6809;3679360;988266496;18718720;1113055232;0;0;0;0;0;0;0;0;0;0;0;32711;0;0;89;0;50;0;
6810;3330076;988266496;18718720;1113055232;0;0;0;0;0;0;0;0;0;0;0;1513;0;0;89;0;50;0;
6811;2602371;988266496;18718720;1113055232;0;0;0;0;0;0;0;0;0;0;0;2084;0;0;89;0;50;0;
6812;2588334;988266496;18718720;1113055232;0;0;0;0;0;0;0;0;0;0;0;1914;0;0;89;0;50;0;
6813;2176211;988266496;18718720;1113055232;0;0;0;0;0;0;0;0;0;0;0;2024;0;0;89;0;50;0;
6814;5336067;988266496;18718720;1113055232;0;0;0;0;0;0;0;0;0;0;0;1452;0;0;89;0;50;0;
6815;3439481;988266496;18718720;1113055232;0;0;0;0;0;0;0;0;0;0;0;2765;0;0;89;0;50;0;
6816;2405501;988266496;18718720;1113055232;0;0;0;0;0;0;0;0;0;0;0;1423;0;0;89;0;50;0;
6817;2328497;988266496;18718720;1113055232;0;0;0;0;0;0;0;0;0;0;0;1442;0;0;89;0;50;0;
6818;2496312;988266496;18718720;1113055232;0;0;0;0;0;0;0;0;0;0;0;1934;0;0;89;0;50;0;
6819;2285056;988266496;18718720;1113055232;0;0;0;0;0;0;0;0;0;0;0;1984;0;0;89;0;50;0;
6820;5334344;988266496;18722816;1113059328;0;0;0;0;0;0;0;0;0;0;0;3115;0;0;89;0;50;0;
6821;4671581;988266496;18726912;1113063424;0;0;0;0;0;0;0;0;0;0;0;3517;0;0;89;0;50;0;
6822;2917110;983568384;13189120;1107525632;0;0;0;0;0;0;0;0;0;0;0;1933;0;0;89;0;50;0;
6823;2061115;983568384;13189120;1107525632;0;0;0;0;0;0;0;0;0;0;0;1723;0;0;89;0;50;0;
6824;2903225;983568384;13189120;1107525632;0;0;0;0;0;0;0;0;0;0;0;1573;0;0;89;0;50;0;
6825;1913919;983568384;13189120;1107525632;0;0;0;0;0;0;0;0;0;0;0;2014;0;0;89;0;50;0;
6826;5076691;986198016;18726912;1113063424;0;0;0;0;0;0;0;0;0;0;0;1673;0;0;89;0;50;0;
6827;2945614;986198016;18726912;1113063424;0;0;0;0;0;0;0;0;0;0;0;4599;0;0;89;0;50;0;
6828;2136106;988295168;18726912;1113063424;0;0;0;0;0;0;0;0;0;0;0;1763;0;0;89;0;50;0;
6829;1717431;988295168;18726912;1113063424;0;0;0;0;0;0;0;0;0;0;0;1763;0;0;89;0;50;0;
6830;1873123;988295168;18726912;1113063424;0;0;0;0;0;0;0;0;0;0;0;1422;0;0;89;0;50;0;
6831;2089438;988295168;18726912;1113063424;0;0;0;0;0;0;0;0;0;0;0;1453;0;0;89;0;50;0;
6832;5031957;988295168;18726912;1113063424;0;0;0;0;0;0;0;0;0;0;0;1573;0;0;89;0;50;0;
6833;2650500;988295168;18726912;1113063424;0;0;0;0;0;0;0;0;0;0;0;3526;0;0;89;0;50;0;
6834;2584607;988352512;18718720;1113055232;0;0;0;0;0;0;0;0;0;0;0;1673;0;0;89;0;50;0;
6835;1821796;988352512;18718720;1113055232;0;0;0;0;0;0;0;0;0;0;0;3276;0;0;89;0;50;0;
6836;3433710;988352512;18718720;1113055232;0;0;0;0;0;0;0;0;0;0;0;3486;0;0;89;0;50;0;
6837;2620604;988352512;18718720;1113055232;0;0;0;0;0;0;0;0;0;0;0;2975;0;0;89;0;50;0;
6838;5130471;988352512;18718720;1113055232;0;0;0;0;0;0;0;0;0;0;0;1834;0;0;89;0;50;0;
6839;4346291;988352512;18718720;1113055232;0;0;0;0;0;0;0;0;0;0;0;4027;0;0;89;0;50;0;
6840;2716735;988352512;18718720;1113055232;0;0;0;0;0;0;0;0;0;0;0;1542;0;0;89;0;50;0;
6841;2286027;988352512;18718720;1113055232;0;0;0;0;0;0;0;0;0;0;0;1593;0;0;89;0;50;0;
6842;2948961;988352512;18718720;1113055232;0;0;0;0;0;0;0;0;0;0;0;1623;0;0;89;0;50;0;
6843;2209995;988352512;18718720;1113055232;0;0;0;0;0;0;0;0;0;0;0;1603;0;0;89;0;50;0;
6844;4995779;988352512;18718720;1113055232;0;0;0;0;0;0;0;0;0;0;0;1433;0;0;89;0;50;0;
6845;4226035;988352512;18718720;1113055232;0;0;0;0;0;0;0;0;0;0;0;3386;0;0;89;0;50;0;
6846;3009374;983580672;13180928;1107517440;0;0;0;0;0;0;0;0;0;0;0;1923;0;0;89;0;50;0;
6847;2674496;983580672;13180928;1107517440;0;0;0;0;0;0;0;0;0;0;0;1893;0;0;89;0;50;0;
6848;3151009;983580672;13180928;1107517440;0;0;0;0;0;0;0;0;0;0;0;1683;0;0;89;0;50;0;
6849;2218891;983580672;13180928;1107517440;0;0;0;0;0;0;0;0;0;0;0;1603;0;0;89;0;50;0;
6850;6057791;986210304;18718720;1113055232;0;0;0;0;0;0;0;0;0;0;0;4688;0;0;89;0;50;0;
6851;4907874;986210304;18718720;1113055232;0;0;0;0;0;0;0;0;0;0;0;6051;0;0;89;0;50;0;
6852;3133847;988307456;18718720;1113055232;0;0;0;0;0;0;0;0;0;0;0;1924;0;0;89;0;50;0;
6853;2123813;988307456;18718720;1113055232;0;0;0;0;0;0;0;0;0;0;0;1954;0;0;89;0;50;0;
6854;2231465;988307456;18718720;1113055232;0;0;0;0;0;0;0;0;0;0;0;1693;0;0;89;0;50;0;
6855;2049002;988307456;18718720;1113055232;0;0;0;0;0;0;0;0;0;0;0;1954;0;0;89;0;50;0;
6856;4814429;988307456;18718720;1113055232;0;0;0;0;0;0;0;0;0;0;0;1714;0;0;89;0;50;0;
6857;4353153;988307456;18718720;1113055232;0;0;0;0;0;0;0;0;0;0;0;5360;0;0;89;0;50;0;
6858;2130044;988307456;18718720;1113055232;0;0;0;0;0;0;0;0;0;0;0;1703;0;0;89;0;50;0;
6859;1515492;988307456;18718720;1113055232;0;0;0;0;0;0;0;0;0;0;0;1724;0;0;89;0;50;0;
6860;2261501;988307456;18718720;1113055232;0;0;0;0;0;0;0;0;0;0;0;81492;0;0;89;0;50;0;
6861;2500369;988307456;18718720;1113055232;0;0;0;0;0;0;0;0;0;0;0;8466;0;0;89;0;50;0;
6862;4852300;988307456;18718720;1113055232;0;0;0;0;0;0;0;0;0;0;0;1834;0;0;89;0;50;0;
6863;3366523;988307456;18718720;1113055232;0;0;0;0;0;0;0;0;0;0;0;1834;0;0;89;0;50;0;
6864;1489112;988307456;18718720;1113055232;0;0;0;0;0;0;0;0;0;0;0;1674;0;0;89;0;50;0;
6865;928912;988307456;18718720;1113055232;0;0;0;0;0;0;0;0;0;0;0;1353;0;0;89;0;50;0;
6866;2982814;988307456;18718720;1113055232;0;0;0;0;0;0;0;0;0;0;0;1714;0;0;89;0;50;0;
6867;1837637;988307456;18718720;1113055232;0;0;0;0;0;0;0;0;0;0;0;3025;0;0;89;0;52;0;
6868;5159256;988307456;18718720;1113055232;0;0;0;0;0;0;0;0;0;0;0;1422;0;0;89;0;52;0;
6869;3663370;988307456;18718720;1113055232;0;0;0;0;0;0;0;0;0;0;0;1623;0;0;89;0;52;0;
6870;2486864;983601152;13180928;1107517440;0;0;0;0;0;0;0;0;0;0;0;1823;0;0;89;0;52;0;
6871;1150027;983601152;13180928;1107517440;0;0;0;0;0;0;0;0;0;0;0;1944;0;0;89;0;52;0;
6872;1989271;983601152;13180928;1107517440;0;0;0;0;0;0;0;0;0;0;0;1913;0;0;89;0;52;0;
6873;1281714;983601152;13180928;1107517440;0;0;0;0;0;0;0;0;0;0;0;2675;0;0;89;0;53;0;
6874;4859433;986230784;18718720;1113055232;0;0;0;0;0;0;0;0;0;0;0;1703;0;0;89;0;53;0;
6875;3287856;986230784;18718720;1113055232;0;0;0;0;0;0;0;0;0;0;0;2064;0;0;89;0;53;0;
6876;2593194;988327936;18718720;1113055232;0;0;0;0;0;0;0;0;0;0;0;1402;0;0;89;0;53;0;
6877;1934067;988327936;18718720;1113055232;0;0;0;0;0;0;0;0;0;0;0;1393;0;0;89;0;53;0;
6878;2163056;988327936;18718720;1113055232;0;0;0;0;0;0;0;0;0;0;0;1413;0;0;89;0;53;0;
6879;1612334;988327936;18718720;1113055232;0;0;0;0;0;0;0;0;0;0;0;1462;0;0;89;0;53;0;
6880;4186822;988327936;18718720;1113055232;0;0;0;0;0;0;0;0;0;0;0;1453;0;0;89;0;53;0;
6881;3456503;988327936;18718720;1113055232;0;0;0;0;0;0;0;0;0;0;0;1774;0;0;89;0;53;0;
6882;2275697;988327936;18718720;1113055232;0;0;0;0;0;0;0;0;0;0;0;1744;0;0;89;0;53;0;
6883;918804;988327936;18718720;1113055232;0;0;0;0;0;0;0;0;0;0;0;1493;0;0;89;0;53;0;
6884;1325165;988327936;18718720;1113055232;0;0;0;0;0;0;0;0;0;0;0;2254;0;0;89;0;53;0;
6885;916770;988327936;18718720;1113055232;0;0;0;0;0;0;0;0;0;0;0;1763;0;0;89;0;53;0;
6886;4543190;988327936;18718720;1113055232;0;0;0;0;0;0;0;0;0;0;0;1332;0;0;89;0;53;0;
6887;2546165;988327936;18718720;1113055232;0;0;0;0;0;0;0;0;0;0;0;3867;0;0;89;0;54;0;
6888;1978500;988327936;18718720;1113055232;0;0;0;0;0;0;0;0;0;0;0;1693;0;0;89;0;54;0;
6889;1773466;988327936;18718720;1113055232;0;0;0;0;0;0;0;0;0;0;0;1392;0;0;89;0;54;0;
6890;2046538;988327936;18718720;1113055232;0;0;0;0;0;0;0;0;0;0;0;1373;0;0;89;0;54;0;
6891;1867242;988327936;18718720;1113055232;0;0;0;0;0;0;0;0;0;0;0;1373;0;0;89;0;54;0;
6892;4079581;988327936;18718720;1113055232;0;0;0;0;0;0;0;0;0;0;0;1423;0;0;89;0;54;0;
6893;4348726;988327936;18718720;1113055232;0;0;0;0;0;0;0;0;0;0;0;6442;0;0;89;0;54;0;
6894;4403057;983621632;13180928;1107517440;0;0;0;0;0;0;0;0;0;0;0;2826;0;0;89;0;54;0;
6895;2257053;983621632;13180928;1107517440;0;0;0;0;0;0;0;0;0;0;0;1603;0;0;89;0;54;0;
6896;3307362;983621632;13180928;1107517440;0;0;0;0;0;0;0;0;0;0;0;1593;0;0;89;0;54;0;
6897;3455170;983621632;13180928;1107517440;0;0;0;0;0;0;0;0;0;0;0;1773;0;0;89;0;54;0;
6898;5929480;986251264;18718720;1113055232;0;0;0;0;0;0;0;0;0;0;0;3917;0;0;89;0;55;0;
6899;5294719;986251264;18718720;1113055232;0;0;0;0;0;0;0;0;0;0;0;3517;0;0;89;0;55;0;
6900;3640558;988348416;18718720;1113055232;0;0;0;0;0;0;0;0;0;0;0;1974;0;0;89;0;55;0;
6901;2509847;988348416;18718720;1113055232;0;0;0;0;0;0;0;0;0;0;0;2114;0;0;89;0;55;0;
6902;2084219;988348416;18718720;1113055232;0;0;0;0;0;0;0;0;0;0;0;1452;0;0;89;0;55;0;
6903;2577745;988348416;18718720;1113055232;0;0;0;0;0;0;0;0;0;0;0;1643;0;0;89;0;55;0;
6904;5024954;988348416;18718720;1113055232;0;0;0;0;0;0;0;0;0;0;0;1282;0;0;89;0;55;0;
6905;4246694;988348416;18718720;1113055232;0;0;0;0;0;0;0;0;0;0;0;4960;0;0;89;0;55;0;
6906;3041815;988348416;18718720;1113055232;0;0;0;0;0;0;0;0;0;0;0;2574;0;0;89;0;56;0;
6907;1955227;988348416;18718720;1113055232;0;0;0;0;0;0;0;0;0;0;0;1753;0;0;89;0;56;0;
6908;2672231;988348416;18718720;1113055232;0;0;0;0;0;0;0;0;0;0;0;1402;0;0;89;0;56;0;
6909;2262113;988348416;18718720;1113055232;0;0;0;0;0;0;0;0;0;0;0;1242;0;0;89;0;56;0;
6910;5412641;988348416;18718720;1113055232;0;0;0;0;0;0;0;0;0;0;0;1924;0;0;89;0;56;0;
6911;4487866;988348416;18718720;1113055232;0;0;0;0;0;0;0;0;0;0;0;2033;0;0;89;0;56;0;
6912;2833665;988348416;18718720;1113055232;0;0;0;0;0;0;0;0;0;0;0;1583;0;0;89;0;56;0;
6913;2298100;988348416;18718720;1113055232;0;0;0;0;0;0;0;0;0;0;0;1553;0;0;89;0;56;0;
6914;2708129;988348416;18718720;1113055232;0;0;0;0;0;0;0;0;0;0;0;1924;0;0;89;0;56;0;
6915;1779357;988348416;18718720;1113055232;0;0;0;0;0;0;0;0;0;0;0;1974;0;0;89;0;56;0;
6916;5493393;988348416;18718720;1113055232;0;0;0;0;0;0;0;0;0;0;0;1684;0;0;89;0;56;0;
6917;3800077;988348416;18718720;1113055232;0;0;0;0;0;0;0;0;0;0;0;2885;0;0;89;0;56;0;
6918;3032136;983642112;13180928;1107517440;0;0;0;0;0;0;0;0;0;0;0;1783;0;0;89;0;56;0;
6919;2398157;983642112;13180928;1107517440;0;0;0;0;0;0;0;0;0;0;0;1653;0;0;89;0;56;0;
6920;2784703;983642112;13180928;1107517440;0;0;0;0;0;0;0;0;0;0;0;1774;0;0;89;0;56;0;
6921;2111691;983642112;13180928;1107517440;0;0;0;0;0;0;0;0;0;0;0;1553;0;0;89;0;56;0;
6922;6355990;986271744;18718720;1113055232;0;0;0;0;0;0;0;0;0;0;0;1663;0;0;89;0;56;0;
6923;5035954;986271744;18718720;1113055232;0;0;0;0;0;0;0;0;0;0;0;5921;0;0;89;0;57;0;
6924;3453516;988368896;18718720;1113055232;0;0;0;0;0;0;0;0;0;0;0;3297;0;0;89;0;57;0;
6925;1532404;988368896;18718720;1113055232;0;0;0;0;0;0;0;0;0;0;0;1463;0;0;89;0;57;0;
6926;2193423;988368896;18718720;1113055232;0;0;0;0;0;0;0;0;0;0;0;1663;0;0;89;0;57;0;
6927;2348835;988368896;18718720;1113055232;0;0;0;0;0;0;0;0;0;0;0;1663;0;0;89;0;57;0;
6928;5730227;988368896;18718720;1113055232;0;0;0;0;0;0;0;0;0;0;0;1643;0;0;89;0;57;0;
6929;5031977;988368896;18718720;1113055232;0;0;0;0;0;0;0;0;0;0;0;2104;0;0;89;0;57;0;
6930;2428434;988368896;18718720;1113055232;0;0;0;0;0;0;0;0;0;0;0;1433;0;0;89;0;57;0;
6931;2220354;988368896;18718720;1113055232;0;0;0;0;0;0;0;0;0;0;0;2535;0;0;89;0;58;0;
6932;2889659;988368896;18718720;1113055232;0;0;0;0;0;0;0;0;0;0;0;1683;0;0;89;0;58;0;
6933;2395012;988368896;18718720;1113055232;0;0;0;0;0;0;0;0;0;0;0;1502;0;0;89;0;58;0;
6934;5694419;988368896;18718720;1113055232;0;0;0;0;0;0;0;0;0;0;0;1593;0;0;89;0;58;0;
6935;3470759;988368896;18718720;1113055232;0;0;0;0;0;0;0;0;0;0;0;3056;0;0;89;0;58;0;
6936;2982724;988368896;18718720;1113055232;0;0;0;0;0;0;0;0;0;0;0;3717;0;0;89;0;59;0;
6937;2333396;988368896;18718720;1113055232;0;0;0;0;0;0;0;0;0;0;0;2004;0;0;89;0;59;0;
6938;3022688;988368896;18718720;1113055232;0;0;0;0;0;0;0;0;0;0;0;1593;0;0;89;0;59;0;
6939;2807896;988368896;18718720;1113055232;0;0;0;0;0;0;0;0;0;0;0;1864;0;0;89;0;59;0;
6940;5636541;988368896;18718720;1113055232;0;0;0;0;0;0;0;0;0;0;0;1212;0;0;89;0;59;0;
6941;4520868;988368896;18718720;1113055232;0;0;0;0;0;0;0;0;0;0;0;3106;0;0;89;0;59;0;
6942;3322001;983662592;13180928;1107517440;0;0;0;0;0;0;0;0;0;0;0;1443;0;0;89;0;59;0;
6943;2449514;983662592;13180928;1107517440;0;0;0;0;0;0;0;0;0;0;0;1893;0;0;89;0;59;0;
6944;4675207;983662592;13180928;1107517440;0;0;0;0;0;0;0;0;0;0;0;6703;0;0;89;0;59;0;
6945;3380750;983662592;13180928;1107517440;0;0;0;0;0;0;0;0;0;0;0;4849;0;0;89;0;59;0;
6946;5612246;986292224;18718720;1113055232;0;0;0;0;0;0;0;0;0;0;0;1583;0;0;89;0;59;0;
6947;4413337;986292224;18718720;1113055232;0;0;0;0;0;0;0;0;0;0;0;4408;0;0;89;0;59;0;
6948;3320637;988389376;18718720;1113055232;0;0;0;0;0;0;0;0;0;0;0;2024;0;0;89;0;59;0;
6949;1995101;988389376;18718720;1113055232;0;0;0;0;0;0;0;0;0;0;0;2054;0;0;89;0;59;0;
6950;2917612;988389376;18718720;1113055232;0;0;0;0;0;0;0;0;0;0;0;2825;0;0;89;0;60;0;
6951;2155262;988389376;18718720;1113055232;0;0;0;0;0;0;0;0;0;0;0;1403;0;0;89;0;60;0;
6952;5177129;988389376;18718720;1113055232;0;0;0;0;0;0;0;0;0;0;0;1192;0;0;89;0;60;0;
6953;4425309;988389376;18718720;1113055232;0;0;0;0;0;0;0;0;0;0;0;4228;0;0;89;0;60;0;
6954;3367225;988389376;18718720;1113055232;0;0;0;0;0;0;0;0;0;0;0;2114;0;0;89;0;60;0;
6955;2592502;988389376;18718720;1113055232;0;0;0;0;0;0;0;0;0;0;0;1783;0;0;89;0;60;0;
6956;2738827;988389376;18718720;1113055232;0;0;0;0;0;0;0;0;0;0;0;1533;0;0;89;0;60;0;
6957;1957971;988389376;18718720;1113055232;0;0;0;0;0;0;0;0;0;0;0;1754;0;0;89;0;60;0;
6958;5543747;988389376;18718720;1113055232;0;0;0;0;0;0;0;0;0;0;0;1673;0;0;89;0;60;0;
6959;4126328;988389376;18718720;1113055232;0;0;0;0;0;0;0;0;0;0;0;3868;0;0;89;0;60;0;
6960;3115362;988389376;18718720;1113055232;0;0;0;0;0;0;0;0;0;0;0;1493;0;0;89;0;60;0;
6961;3088912;988389376;18718720;1113055232;0;0;0;0;0;0;0;0;0;0;0;1904;0;0;89;0;60;0;
6962;9345546;988389376;18718720;1113055232;0;0;0;0;0;0;0;0;0;0;0;1413;0;0;89;0;60;0;
6963;1369528;988389376;18718720;1113055232;0;0;0;0;0;0;0;0;0;0;0;1663;0;0;89;0;60;0;
6964;5143126;988389376;18718720;1113055232;0;0;0;0;0;0;0;0;0;0;0;1543;0;0;89;0;60;0;
6965;3541733;988389376;18718720;1113055232;0;0;0;0;0;0;0;0;0;0;0;4969;0;0;89;0;60;0;
6966;2231385;983683072;13180928;1107517440;0;0;0;0;0;0;0;0;0;0;0;1452;0;0;89;0;60;0;
6967;1993459;983683072;13180928;1107517440;0;0;0;0;0;0;0;0;0;0;0;1794;0;0;89;0;60;0;
6968;3799586;983683072;13180928;1107517440;0;0;0;0;0;0;0;0;0;0;0;1242;0;0;89;0;60;0;
6969;1961178;983683072;13180928;1107517440;0;0;0;0;0;0;0;0;0;0;0;3156;0;0;89;0;60;0;
6970;7694450;986312704;18718720;1113055232;0;0;0;0;0;0;0;0;0;0;0;3126;0;0;89;0;60;0;
6971;3605051;986312704;18718720;1113055232;0;0;0;0;0;0;0;0;0;0;0;3697;0;0;89;0;60;0;
6972;3081399;988409856;18718720;1113055232;0;0;0;0;0;0;0;0;0;0;0;2946;0;0;89;0;60;0;
6973;1866270;988409856;18718720;1113055232;0;0;0;0;0;0;0;0;0;0;0;1663;0;0;89;0;60;0;
6974;2845356;988409856;18718720;1113055232;0;0;0;0;0;0;0;0;0;0;0;2053;0;0;89;0;60;0;
6975;2428384;988409856;18718720;1113055232;0;0;0;0;0;0;0;0;0;0;0;2164;0;0;89;0;60;0;
6976;4891654;988409856;18718720;1113055232;0;0;0;0;0;0;0;0;0;0;0;2435;0;0;89;0;60;0;
6977;3030784;988409856;18722816;1113059328;0;0;0;0;0;0;0;0;0;0;0;1983;0;0;89;0;60;0;
6978;2216667;988409856;18722816;1113059328;0;0;0;0;0;0;0;0;0;0;0;1703;0;0;89;0;60;0;
6979;1759770;988409856;18722816;1113059328;0;0;0;0;0;0;0;0;0;0;0;1412;0;0;89;0;60;0;
6980;2218751;988409856;18722816;1113059328;0;0;0;0;0;0;0;0;0;0;0;1483;0;0;89;0;60;0;
6981;2328827;989036544;18722816;1113059328;0;0;0;0;0;0;0;0;0;0;0;1933;0;0;89;0;60;0;
6982;5090677;990494720;18722816;1113059328;0;0;0;0;0;0;0;0;0;0;0;1623;0;0;89;0;60;0;
6983;3680161;990494720;18722816;1113059328;0;0;0;0;0;0;0;0;0;0;0;4409;0;0;89;0;60;0;
6984;2093586;990494720;18722816;1113059328;0;0;0;0;0;0;0;0;0;0;0;1713;0;0;89;0;60;0;
6985;1939607;990494720;18722816;1113059328;0;0;0;0;0;0;0;0;0;0;0;1463;0;0;89;0;60;0;
6986;2872918;990494720;18722816;1113059328;0;0;0;0;0;0;0;0;0;0;0;201438;0;0;89;0;60;0;
6987;2184777;990494720;18722816;1113059328;0;0;0;0;0;0;0;0;0;0;0;1744;0;0;89;0;60;0;
6988;5228265;990494720;18722816;1113059328;0;0;0;0;0;0;0;0;0;0;0;1412;0;0;89;0;60;0;
6989;3438318;990494720;18722816;1113059328;0;0;0;0;0;0;0;0;0;0;0;3677;0;0;89;0;60;0;
6990;2907032;985788416;13180928;1107517440;0;0;0;0;0;0;0;0;0;0;0;1292;0;0;89;0;60;0;
6991;2140515;985788416;13180928;1107517440;0;0;0;0;0;0;0;0;0;0;0;2655;0;0;89;0;60;0;
6992;6866197;985788416;13180928;1107517440;0;0;0;0;0;0;0;0;0;0;0;1954;0;0;89;0;60;0;
6993;2150092;985788416;13180928;1107517440;0;0;0;0;0;0;0;0;0;0;0;2234;0;0;89;0;60;0;
6994;6055226;988418048;18718720;1113055232;0;0;0;0;0;0;0;0;0;0;0;1583;0;0;89;0;60;0;
6995;3695160;988418048;18718720;1113055232;0;0;0;0;0;0;0;0;0;0;0;4799;0;0;89;0;60;0;
6996;2196299;990515200;18718720;1113055232;0;0;0;0;0;0;0;0;0;0;0;1293;0;0;89;0;60;0;
6997;1622202;990515200;18718720;1113055232;0;0;0;0;0;0;0;0;0;0;0;1242;0;0;89;0;60;0;
6998;2473529;990515200;18718720;1113055232;0;0;0;0;0;0;0;0;0;0;0;1262;0;0;89;0;60;0;
6999;1228734;990515200;18718720;1113055232;0;0;0;0;0;0;0;0;0;0;0;1853;0;0;89;0;60;0;
7000;4740831;990515200;18718720;1113055232;0;0;0;0;0;0;0;0;0;0;0;2024;0;0;89;0;60;0;
7001;4455536;990515200;18718720;1113055232;0;0;0;0;0;0;0;0;0;0;0;4208;0;0;89;0;60;0;
7002;2735871;990515200;18718720;1113055232;0;0;0;0;0;0;0;0;0;0;0;2334;0;0;89;0;60;0;
7003;1971718;990515200;18718720;1113055232;0;0;0;0;0;0;0;0;0;0;0;2054;0;0;89;0;60;0;
7004;2924234;990515200;18718720;1113055232;0;0;0;0;0;0;0;0;0;0;0;1713;0;0;89;0;60;0;
7005;1327931;990515200;18718720;1113055232;0;0;0;0;0;0;0;0;0;0;0;1553;0;0;89;0;60;0;
7006;5460120;990515200;18718720;1113055232;0;0;0;0;0;0;0;0;0;0;0;1893;0;0;89;0;60;0;
7007;3306320;990515200;18718720;1113055232;0;0;0;0;0;0;0;0;0;0;0;5681;0;0;89;0;60;0;
7008;1721499;990515200;18718720;1113055232;0;0;0;0;0;0;0;0;0;0;0;1473;0;0;89;0;60;0;
7009;1376471;990515200;18718720;1113055232;0;0;0;0;0;0;0;0;0;0;0;1603;0;0;89;0;60;0;
7010;2017083;990515200;18718720;1113055232;0;0;0;0;0;0;0;0;0;0;0;1663;0;0;89;0;60;0;
7011;1893771;990515200;18718720;1113055232;0;0;0;0;0;0;0;0;0;0;0;1944;0;0;89;0;60;0;
7012;4650241;990515200;18718720;1113055232;0;0;0;0;0;0;0;0;0;0;0;1453;0;0;89;0;60;0;
7013;4087455;990515200;18718720;1113055232;0;0;0;0;0;0;0;0;0;0;0;5080;0;0;89;0;60;0;
7014;2189406;985808896;13180928;1107517440;0;0;0;0;0;0;0;0;0;0;0;1633;0;0;89;0;60;0;
7015;1944908;985808896;13180928;1107517440;0;0;0;0;0;0;0;0;0;0;0;1483;0;0;89;0;60;0;
7016;1930951;985808896;13180928;1107517440;0;0;0;0;0;0;0;0;0;0;0;1603;0;0;89;0;60;0;
7017;1412038;985808896;13180928;1107517440;0;0;0;0;0;0;0;0;0;0;0;1633;0;0;89;0;60;0;
7018;5723974;988438528;18718720;1113055232;0;0;0;0;0;0;0;0;0;0;0;1763;0;0;89;0;60;0;
7019;3396890;988438528;18718720;1113055232;0;0;0;0;0;0;0;0;0;0;0;2825;0;0;89;0;60;0;
7020;1979883;990535680;18718720;1113055232;0;0;0;0;0;0;0;0;0;0;0;1463;0;0;89;0;60;0;
7021;1286663;990535680;18718720;1113055232;0;0;0;0;0;0;0;0;0;0;0;1452;0;0;89;0;60;0;
7022;1474906;990535680;18718720;1113055232;0;0;0;0;0;0;0;0;0;0;0;1563;0;0;89;0;60;0;
7023;1544055;990535680;18718720;1113055232;0;0;0;0;0;0;0;0;0;0;0;1583;0;0;89;0;60;0;
7024;5309607;990535680;18718720;1113055232;0;0;0;0;0;0;0;0;0;0;0;1593;0;0;89;0;60;0;
7025;4211548;990535680;18718720;1113055232;0;0;0;0;0;0;0;0;0;0;0;5791;0;0;89;0;60;0;
7026;2562827;990535680;18718720;1113055232;0;0;0;0;0;0;0;0;0;0;0;1453;0;0;89;0;60;0;
7027;1936181;990535680;18718720;1113055232;0;0;0;0;0;0;0;0;0;0;0;1593;0;0;89;0;60;0;
7028;2347342;990535680;18718720;1113055232;0;0;0;0;0;0;0;0;0;0;0;1643;0;0;89;0;60;0;
7029;1499232;990535680;18718720;1113055232;0;0;0;0;0;0;0;0;0;0;0;1993;0;0;89;0;60;0;
7030;5769660;990535680;18718720;1113055232;0;0;0;0;0;0;0;0;0;0;0;1513;0;0;89;0;60;0;
7031;3614770;990535680;18718720;1113055232;0;0;0;0;0;0;0;0;0;0;0;5110;0;0;89;0;60;0;
7032;2273313;990535680;18718720;1113055232;0;0;0;0;0;0;0;0;0;0;0;1543;0;0;89;0;60;0;
7033;2011452;990535680;18718720;1113055232;0;0;0;0;0;0;0;0;0;0;0;1263;0;0;89;0;60;0;
7034;3195392;990535680;18718720;1113055232;0;0;0;0;0;0;0;0;0;0;0;1884;0;0;89;0;60;0;
7035;1906926;990535680;18718720;1113055232;0;0;0;0;0;0;0;0;0;0;0;2244;0;0;89;0;60;0;
7036;5587959;990535680;18718720;1113055232;0;0;0;0;0;0;0;0;0;0;0;1553;0;0;89;0;60;0;
7037;4426922;990535680;18718720;1113055232;0;0;0;0;0;0;0;0;0;0;0;3998;0;0;89;0;60;0;
7038;2750999;985829376;13180928;1107517440;0;0;0;0;0;0;0;0;0;0;0;2244;0;0;89;0;60;0;
7039;2656041;985829376;13180928;1107517440;0;0;0;0;0;0;0;0;0;0;0;2424;0;0;89;0;60;0;
7040;2979898;985829376;13180928;1107517440;0;0;0;0;0;0;0;0;0;0;0;2164;0;0;89;0;60;0;
7041;1591034;985829376;13180928;1107517440;0;0;0;0;0;0;0;0;0;0;0;1493;0;0;89;0;60;0;
7042;4886043;988459008;18718720;1113055232;0;0;0;0;0;0;0;0;0;0;0;1473;0;0;89;0;60;0;
7043;4786767;988729344;18718720;1113055232;0;0;0;0;0;0;0;0;0;0;0;5421;0;0;89;0;60;0;
7044;3182479;990826496;18718720;1113055232;0;0;0;0;0;0;0;0;0;0;0;2725;0;0;89;0;60;0;
7045;2784923;990826496;18718720;1113055232;0;0;0;0;0;0;0;0;0;0;0;2735;0;0;89;0;60;0;
7046;3081970;990826496;18718720;1113055232;0;0;0;0;0;0;0;0;0;0;0;2254;0;0;89;0;60;0;
7047;1962310;990826496;18718720;1113055232;0;0;0;0;0;0;0;0;0;0;0;1713;0;0;89;0;60;0;
7048;5380500;990826496;18718720;1113055232;0;0;0;0;0;0;0;0;0;0;0;1513;0;0;89;0;60;0;
7049;3999962;990826496;18718720;1113055232;0;0;0;0;0;0;0;0;0;0;0;5250;0;0;89;0;60;0;
7050;2146205;990826496;18718720;1113055232;0;0;0;0;0;0;0;0;0;0;0;1433;0;0;89;0;60;0;
7051;1203647;990826496;18718720;1113055232;0;0;0;0;0;0;0;0;0;0;0;1423;0;0;89;0;60;0;
7052;3152552;990826496;18718720;1113055232;0;0;0;0;0;0;0;0;0;0;0;1413;0;0;89;0;60;0;
7053;1555046;990826496;18718720;1113055232;0;0;0;0;0;0;0;0;0;0;0;1563;0;0;89;0;60;0;
7054;4584007;990826496;18718720;1113055232;0;0;0;0;0;0;0;0;0;0;0;1272;0;0;89;0;60;0;
7055;3760813;990826496;18718720;1113055232;0;0;0;0;0;0;0;0;0;0;0;5170;0;0;89;0;60;0;
7056;3141953;990826496;18718720;1113055232;0;0;0;0;0;0;0;0;0;0;0;2164;0;0;89;0;60;0;
7057;2656492;990826496;18718720;1113055232;0;0;0;0;0;0;0;0;0;0;0;2785;0;0;89;0;60;0;
7058;2476584;990826496;18718720;1113055232;0;0;0;0;0;0;0;0;0;0;0;1402;0;0;89;0;60;0;
7059;2753133;990826496;18718720;1113055232;0;0;0;0;0;0;0;0;0;0;0;1953;0;0;89;0;60;0;
7060;5262870;990826496;18718720;1113055232;0;0;0;0;0;0;0;0;0;0;0;1453;0;0;89;0;60;0;
7061;4119425;990826496;18718720;1113055232;0;0;0;0;0;0;0;0;0;0;0;4619;0;0;89;0;60;0;
7062;2327184;986116096;13180928;1107517440;0;0;0;0;0;0;0;0;0;0;0;1212;0;0;89;0;60;0;
7063;2064211;986116096;13180928;1107517440;0;0;0;0;0;0;0;0;0;0;0;1563;0;0;89;0;60;0;
7064;1993558;986116096;13180928;1107517440;0;0;0;0;0;0;0;0;0;0;0;1552;0;0;89;0;60;0;
7065;942217;986116096;13180928;1107517440;0;0;0;0;0;0;0;0;0;0;0;1442;0;0;89;0;60;0;
7066;5456944;988745728;18718720;1113055232;0;0;0;0;0;0;0;0;0;0;0;1533;0;0;89;0;60;0;
7067;3778917;988745728;18718720;1113055232;0;0;0;0;0;0;0;0;0;0;0;2054;0;0;89;0;60;0;
7068;2558748;990842880;18718720;1113055232;0;0;0;0;0;0;0;0;0;0;0;1623;0;0;89;0;60;0;
7069;1608106;990842880;18718720;1113055232;0;0;0;0;0;0;0;0;0;0;0;1443;0;0;89;0;60;0;
7070;5029533;990842880;18718720;1113055232;0;0;0;0;0;0;0;0;0;0;0;5009;0;0;89;0;60;0;
7071;3341767;990842880;18718720;1113055232;0;0;0;0;0;0;0;0;0;0;0;3607;0;0;89;0;60;0;
7072;6715073;990842880;18718720;1113055232;0;0;0;0;0;0;0;0;0;0;0;2515;0;0;89;0;60;0;
7073;5713395;990842880;18718720;1113055232;0;0;0;0;0;0;0;0;0;0;0;5290;0;0;89;0;60;0;
7074;3659243;990842880;18718720;1113055232;0;0;0;0;0;0;0;0;0;0;0;2365;0;0;89;0;60;0;
7075;2728998;990842880;18718720;1113055232;0;0;0;0;0;0;0;0;0;0;0;2475;0;0;89;0;60;0;
7076;2948359;990842880;18718720;1113055232;0;0;0;0;0;0;0;0;0;0;0;2364;0;0;89;0;60;0;
7077;2737955;990842880;18718720;1113055232;0;0;0;0;0;0;0;0;0;0;0;2885;0;0;89;0;60;0;
7078;6356210;990842880;18718720;1113055232;0;0;0;0;0;0;0;0;0;0;0;2304;0;0;89;0;60;0;
7079;3828019;990842880;18718720;1113055232;0;0;0;0;0;0;0;0;0;0;0;4719;0;0;89;0;60;0;
7080;2892345;990842880;18718720;1113055232;0;0;0;0;0;0;0;0;0;0;0;1483;0;0;89;0;60;0;
7081;2084569;990842880;18718720;1113055232;0;0;0;0;0;0;0;0;0;0;0;1844;0;0;89;0;60;0;
7082;2510649;990842880;18718720;1113055232;0;0;0;0;0;0;0;0;0;0;0;1513;0;0;89;0;60;0;
7083;2738425;990842880;18718720;1113055232;0;0;0;0;0;0;0;0;0;0;0;2655;0;0;89;0;60;0;
7084;5981899;990842880;18718720;1113055232;0;0;0;0;0;0;0;0;0;0;0;1853;0;0;89;0;60;0;
7085;4742524;990842880;18718720;1113055232;0;0;0;0;0;0;0;0;0;0;0;4589;0;0;89;0;60;0;
7086;4349156;986136576;13180928;1107517440;0;0;0;0;0;0;0;0;0;0;0;3257;0;0;89;0;60;0;
7087;3475968;986136576;13180928;1107517440;0;0;0;0;0;0;0;0;0;0;0;2765;0;0;89;0;60;0;
7088;3422879;986136576;13180928;1107517440;0;0;0;0;0;0;0;0;0;0;0;1964;0;0;89;0;60;0;
7089;2255731;986136576;13180928;1107517440;0;0;0;0;0;0;0;0;0;0;0;2745;0;0;89;0;60;0;
7090;6805824;988766208;18718720;1113055232;0;0;0;0;0;0;0;0;0;0;0;2615;0;0;89;0;60;0;
7091;4248528;988766208;18718720;1113055232;0;0;0;0;0;0;0;0;0;0;0;4980;0;0;89;0;60;0;
7092;4107884;990863360;18718720;1113055232;0;0;0;0;0;0;0;0;0;0;0;3507;0;0;89;0;60;0;
7093;1917817;990863360;18718720;1113055232;0;0;0;0;0;0;0;0;0;0;0;1923;0;0;89;0;60;0;
7094;2609955;990863360;18718720;1113055232;0;0;0;0;0;0;0;0;0;0;0;1803;0;0;89;0;60;0;
7095;2841589;990863360;18718720;1113055232;0;0;0;0;0;0;0;0;0;0;0;2404;0;0;89;0;60;0;
7096;6043314;990863360;18718720;1113055232;0;0;0;0;0;0;0;0;0;0;0;8927;0;0;89;0;60;0;
7097;4591110;990863360;18718720;1113055232;0;0;0;0;0;0;0;0;0;0;0;5561;0;0;89;0;60;0;
7098;3327851;990863360;18718720;1113055232;0;0;0;0;0;0;0;0;0;0;0;2234;0;0;89;0;60;0;
7099;2445235;990863360;18718720;1113055232;0;0;0;0;0;0;0;0;0;0;0;2925;0;0;89;0;60;0;
7100;2429206;990863360;18718720;1113055232;0;0;0;0;0;0;0;0;0;0;0;1614;0;0;89;0;60;0;
7101;2433694;990863360;18718720;1113055232;0;0;0;0;0;0;0;0;0;0;0;1523;0;0;89;0;60;0;
7102;5465911;990863360;18718720;1113055232;0;0;0;0;0;0;0;0;0;0;0;1783;0;0;89;0;60;0;
7103;5151361;990863360;18718720;1113055232;0;0;0;0;0;0;0;0;0;0;0;4438;0;0;89;0;60;0;
7104;2508184;990863360;18718720;1113055232;0;0;0;0;0;0;0;0;0;0;0;1533;0;0;89;0;60;0;
7105;1764599;990863360;18718720;1113055232;0;0;0;0;0;0;0;0;0;0;0;1743;0;0;89;0;60;0;
7106;2659948;990863360;18718720;1113055232;0;0;0;0;0;0;0;0;0;0;0;1693;0;0;89;0;60;0;
7107;2262253;990863360;18718720;1113055232;0;0;0;0;0;0;0;0;0;0;0;1763;0;0;89;0;60;0;
7108;4963859;990863360;18718720;1113055232;0;0;0;0;0;0;0;0;0;0;0;1573;0;0;89;0;60;0;
7109;4905018;990863360;18718720;1113055232;0;0;0;0;0;0;0;0;0;0;0;5030;0;0;89;0;60;0;
7110;3884305;986157056;13180928;1107517440;0;0;0;0;0;0;0;0;0;0;0;2365;0;0;89;0;60;0;
7111;3052465;986157056;13180928;1107517440;0;0;0;0;0;0;0;0;0;0;0;2705;0;0;89;0;60;0;
7112;3982078;986157056;13180928;1107517440;0;0;0;0;0;0;0;0;0;0;0;2585;0;0;89;0;60;0;
7113;2945724;986157056;13180928;1107517440;0;0;0;0;0;0;0;0;0;0;0;2394;0;0;89;0;60;0;
7114;5791501;988786688;18718720;1113055232;0;0;0;0;0;0;0;0;0;0;0;2494;0;0;89;0;60;0;
7115;4595308;988786688;18718720;1113055232;0;0;0;0;0;0;0;0;0;0;0;3266;0;0;89;0;60;0;
7116;4453662;990883840;18718720;1113055232;0;0;0;0;0;0;0;0;0;0;0;3075;0;0;89;0;60;0;
7117;3033829;990883840;18718720;1113055232;0;0;0;0;0;0;0;0;0;0;0;2595;0;0;89;0;60;0;
7118;3492880;990883840;18718720;1113055232;0;0;0;0;0;0;0;0;0;0;0;1593;0;0;89;0;60;0;
7119;2021120;990883840;18718720;1113055232;0;0;0;0;0;0;0;0;0;0;0;1954;0;0;89;0;60;0;
7120;6210707;990883840;18718720;1113055232;0;0;0;0;0;0;0;0;0;0;0;1573;0;0;89;0;60;0;
7121;3708054;990883840;18718720;1113055232;0;0;0;0;0;0;0;0;0;0;0;4909;0;0;89;0;60;0;
7122;2201268;990883840;18718720;1113055232;0;0;0;0;0;0;0;0;0;0;0;1393;0;0;89;0;60;0;
7123;1919219;990883840;18718720;1113055232;0;0;0;0;0;0;0;0;0;0;0;1192;0;0;89;0;60;0;
7124;2614894;990883840;18718720;1113055232;0;0;0;0;0;0;0;0;0;0;0;1483;0;0;89;0;60;0;
7125;2006914;990883840;18718720;1113055232;0;0;0;0;0;0;0;0;0;0;0;1383;0;0;89;0;60;0;
7126;5277507;990883840;18718720;1113055232;0;0;0;0;0;0;0;0;0;0;0;1343;0;0;89;0;60;0;
7127;3348299;990883840;18722816;1113059328;0;0;0;0;0;0;0;0;0;0;0;1774;0;0;89;0;60;0;
7128;1505724;990883840;18722816;1113059328;0;0;0;0;0;0;0;0;0;0;0;101080;0;0;89;0;60;0;
7129;1729794;990883840;18722816;1113059328;0;0;0;0;0;0;0;0;0;0;0;1573;0;0;89;0;60;0;
7130;2179458;990883840;18722816;1113059328;0;0;0;0;0;0;0;0;0;0;0;1363;0;0;89;0;60;0;
7131;2713519;990883840;18722816;1113059328;0;0;0;0;0;0;0;0;0;0;0;1423;0;0;89;0;60;0;
7132;5412921;990883840;18722816;1113059328;0;0;0;0;0;0;0;0;0;0;0;1473;0;0;89;0;60;0;
7133;3821577;990883840;18722816;1113059328;0;0;0;0;0;0;0;0;0;0;0;2034;0;0;89;0;60;0;
7134;2361829;986181632;13185024;1107521536;0;0;0;0;0;0;0;0;0;0;0;1774;0;0;89;0;60;0;
7135;1506375;986181632;13185024;1107521536;0;0;0;0;0;0;0;0;0;0;0;1432;0;0;89;0;60;0;
7136;2950363;986181632;13185024;1107521536;0;0;0;0;0;0;0;0;0;0;0;1403;0;0;89;0;60;0;
7137;2215555;986181632;13185024;1107521536;0;0;0;0;0;0;0;0;0;0;0;1373;0;0;89;0;60;0;
7138;5627113;988811264;18722816;1113059328;0;0;0;0;0;0;0;0;0;0;0;1924;0;0;89;0;60;0;
7139;3305469;988811264;18722816;1113059328;0;0;0;0;0;0;0;0;0;0;0;2434;0;0;89;0;60;0;
7140;2675667;990973952;18718720;1113055232;0;0;0;0;0;0;0;0;0;0;0;1613;0;0;89;0;60;0;
7141;1581666;990973952;18718720;1113055232;0;0;0;0;0;0;0;0;0;0;0;1323;0;0;89;0;60;0;
7142;1976867;990973952;18718720;1113055232;0;0;0;0;0;0;0;0;0;0;0;1233;0;0;89;0;60;0;
7143;2003097;990973952;18718720;1113055232;0;0;0;0;0;0;0;0;0;0;0;1513;0;0;89;0;60;0;
7144;4290456;990973952;18718720;1113055232;0;0;0;0;0;0;0;0;0;0;0;1452;0;0;89;0;60;0;
7145;3492590;990973952;18718720;1113055232;0;0;0;0;0;0;0;0;0;0;0;2806;0;0;89;0;60;0;
7146;2447550;990973952;18718720;1113055232;0;0;0;0;0;0;0;0;0;0;0;1483;0;0;89;0;60;0;
7147;1895525;990973952;18718720;1113055232;0;0;0;0;0;0;0;0;0;0;0;1533;0;0;89;0;60;0;
7148;2675197;990973952;18718720;1113055232;0;0;0;0;0;0;0;0;0;0;0;1473;0;0;89;0;60;0;
7149;1434009;990973952;18718720;1113055232;0;0;0;0;0;0;0;0;0;0;0;1502;0;0;89;0;60;0;
7150;5333192;990973952;18718720;1113055232;0;0;0;0;0;0;0;0;0;0;0;1283;0;0;89;0;60;0;
7151;3833529;990973952;18718720;1113055232;0;0;0;0;0;0;0;0;0;0;0;3427;0;0;89;0;60;0;
7152;2472557;990973952;18718720;1113055232;0;0;0;0;0;0;0;0;0;0;0;1663;0;0;89;0;60;0;
7153;1947592;990973952;18718720;1113055232;0;0;0;0;0;0;0;0;0;0;0;1553;0;0;89;0;60;0;
7154;2320752;990973952;18718720;1113055232;0;0;0;0;0;0;0;0;0;0;0;1472;0;0;89;0;60;0;
7155;1979893;990973952;18718720;1113055232;0;0;0;0;0;0;0;0;0;0;0;1473;0;0;89;0;60;0;
7156;5030334;990973952;18718720;1113055232;0;0;0;0;0;0;0;0;0;0;0;1593;0;0;89;0;60;0;
7157;3063475;990973952;18718720;1113055232;0;0;0;0;0;0;0;0;0;0;0;2785;0;0;89;0;60;0;
7158;2942639;986198016;13180928;1107517440;0;0;0;0;0;0;0;0;0;0;0;1924;0;0;89;0;60;0;
7159;1759901;986198016;13180928;1107517440;0;0;0;0;0;0;0;0;0;0;0;1392;0;0;89;0;60;0;
7160;2340559;986198016;13180928;1107517440;0;0;0;0;0;0;0;0;0;0;0;1513;0;0;89;0;60;0;
7161;2195537;986198016;13180928;1107517440;0;0;0;0;0;0;0;0;0;0;0;1603;0;0;89;0;60;0;
7162;4950444;988827648;18718720;1113055232;0;0;0;0;0;0;0;0;0;0;0;1623;0;0;89;0;60;0;
7163;3587599;988827648;18718720;1113055232;0;0;0;0;0;0;0;0;0;0;0;1893;0;0;89;0;60;0;
7164;2438122;990924800;18718720;1113055232;0;0;0;0;0;0;0;0;0;0;0;1823;0;0;89;0;60;0;
7165;1765762;990924800;18718720;1113055232;0;0;0;0;0;0;0;0;0;0;0;1433;0;0;89;0;60;0;
7166;2178777;990924800;18718720;1113055232;0;0;0;0;0;0;0;0;0;0;0;1463;0;0;89;0;60;0;
7167;2191560;991191040;18718720;1113055232;0;0;0;0;0;0;0;0;0;0;0;1603;0;0;89;0;60;0;
7168;5596686;991191040;18718720;1113055232;0;0;0;0;0;0;0;0;0;0;0;1413;0;0;89;0;60;0;
7169;3093241;991191040;18718720;1113055232;0;0;0;0;0;0;0;0;0;0;0;2484;0;0;89;0;60;0;
7170;2486573;991191040;18718720;1113055232;0;0;0;0;0;0;0;0;0;0;0;1523;0;0;89;0;60;0;
7171;1890936;991191040;18718720;1113055232;0;0;0;0;0;0;0;0;0;0;0;1452;0;0;89;0;60;0;
7172;2390633;991191040;18718720;1113055232;0;0;0;0;0;0;0;0;0;0;0;1472;0;0;89;0;60;0;
7173;1564203;991191040;18718720;1113055232;0;0;0;0;0;0;0;0;0;0;0;1663;0;0;89;0;60;0;
7174;5518719;991191040;18718720;1113055232;0;0;0;0;0;0;0;0;0;0;0;1533;0;0;89;0;60;0;
7175;3565386;991191040;18718720;1113055232;0;0;0;0;0;0;0;0;0;0;0;1884;0;0;89;0;60;0;
7176;2022162;991191040;18718720;1113055232;0;0;0;0;0;0;0;0;0;0;0;1413;0;0;89;0;60;0;
7177;2207560;991191040;18718720;1113055232;0;0;0;0;0;0;0;0;0;0;0;1412;0;0;89;0;60;0;
7178;2934262;991191040;18718720;1113055232;0;0;0;0;0;0;0;0;0;0;0;1523;0;0;89;0;60;0;
7179;2572384;991191040;18718720;1113055232;0;0;0;0;0;0;0;0;0;0;0;1573;0;0;89;0;60;0;
7180;5117157;991191040;18718720;1113055232;0;0;0;0;0;0;0;0;0;0;0;1413;0;0;89;0;60;0;
7181;3385589;991191040;18718720;1113055232;0;0;0;0;0;0;0;0;0;0;0;2094;0;0;89;0;60;0;
7182;2483718;986484736;13180928;1107517440;0;0;0;0;0;0;0;0;0;0;0;1292;0;0;89;0;60;0;
7183;2290185;986750976;13180928;1107517440;0;0;0;0;0;0;0;0;0;0;0;1462;0;0;89;0;60;0;
7184;2172384;986750976;13180928;1107517440;0;0;0;0;0;0;0;0;0;0;0;1442;0;0;89;0;60;0;
7185;1504702;986750976;13180928;1107517440;0;0;0;0;0;0;0;0;0;0;0;1793;0;0;89;0;60;0;
7186;5442907;989380608;18718720;1113055232;0;0;0;0;0;0;0;0;0;0;0;1393;0;0;89;0;60;0;
7187;2904157;989380608;18718720;1113055232;0;0;0;0;0;0;0;0;0;0;0;2565;0;0;89;0;60;0;
7188;2070533;991477760;18718720;1113055232;0;0;0;0;0;0;0;0;0;0;0;1743;0;0;89;0;60;0;
7189;1312251;991477760;18718720;1113055232;0;0;0;0;0;0;0;0;0;0;0;1513;0;0;89;0;60;0;
7190;1915262;991477760;18718720;1113055232;0;0;0;0;0;0;0;0;0;0;0;1423;0;0;89;0;60;0;
7191;1285531;991477760;18718720;1113055232;0;0;0;0;0;0;0;0;0;0;0;1422;0;0;89;0;60;0;
7192;4967135;991477760;18718720;1113055232;0;0;0;0;0;0;0;0;0;0;0;1403;0;0;89;0;60;0;
7193;3207585;991477760;18718720;1113055232;0;0;0;0;0;0;0;0;0;0;0;1873;0;0;89;0;60;0;
7194;2115187;991477760;18718720;1113055232;0;0;0;0;0;0;0;0;0;0;0;1392;0;0;89;0;60;0;
7195;1523287;991477760;18718720;1113055232;0;0;0;0;0;0;0;0;0;0;0;1433;0;0;89;0;60;0;
7196;2491081;991477760;18718720;1113055232;0;0;0;0;0;0;0;0;0;0;0;1533;0;0;89;0;60;0;
7197;1576897;991477760;18718720;1113055232;0;0;0;0;0;0;0;0;0;0;0;1513;0;0;89;0;60;0;
7198;5187328;991477760;18718720;1113055232;0;0;0;0;0;0;0;0;0;0;0;1462;0;0;89;0;60;0;
7199;3185815;991477760;18718720;1113055232;0;0;0;0;0;0;0;0;0;0;0;2836;0;0;89;0;60;0;
7200;2674857;991477760;18718720;1113055232;0;0;0;0;0;0;0;0;0;0;0;1954;0;0;89;0;60;0;
7201;1741176;991477760;18718720;1113055232;0;0;0;0;0;0;0;0;0;0;0;1503;0;0;89;0;60;0;
7202;2431801;991477760;18718720;1113055232;0;0;0;0;0;0;0;0;0;0;0;1483;0;0;89;0;60;0;
7203;2050045;991477760;18718720;1113055232;0;0;0;0;0;0;0;0;0;0;0;1282;0;0;89;0;60;0;
7204;5220851;991477760;18718720;1113055232;0;0;0;0;0;0;0;0;0;0;0;1463;0;0;89;0;60;0;
7205;2923733;991477760;18718720;1113055232;0;0;0;0;0;0;0;0;0;0;0;2756;0;0;89;0;60;0;
7206;2295405;986771456;13180928;1107517440;0;0;0;0;0;0;0;0;0;0;0;1613;0;0;89;0;60;0;
7207;1774037;986771456;13180928;1107517440;0;0;0;0;0;0;0;0;0;0;0;1403;0;0;89;0;60;0;
7208;1895685;986771456;13180928;1107517440;0;0;0;0;0;0;0;0;0;0;0;1363;0;0;89;0;60;0;
7209;1739593;986771456;13180928;1107517440;0;0;0;0;0;0;0;0;0;0;0;1403;0;0;89;0;60;0;
7210;5791571;989667328;18718720;1113055232;0;0;0;0;0;0;0;0;0;0;0;1603;0;0;89;0;60;0;
7211;3100775;989667328;18718720;1113055232;0;0;0;0;0;0;0;0;0;0;0;2254;0;0;89;0;60;0;
7212;3297214;991764480;18718720;1113055232;0;0;0;0;0;0;0;0;0;0;0;1703;0;0;89;0;60;0;
7213;1792482;991764480;18718720;1113055232;0;0;0;0;0;0;0;0;0;0;0;1413;0;0;89;0;60;0;
7214;1978461;991764480;18718720;1113055232;0;0;0;0;0;0;0;0;0;0;0;1382;0;0;89;0;60;0;
7215;1624877;991764480;18718720;1113055232;0;0;0;0;0;0;0;0;0;0;0;1393;0;0;89;0;60;0;
7216;4580580;991764480;18718720;1113055232;0;0;0;0;0;0;0;0;0;0;0;1563;0;0;89;0;60;0;
7217;3049159;991764480;18718720;1113055232;0;0;0;0;0;0;0;0;0;0;0;1683;0;0;89;0;60;0;
7218;2533321;991764480;18718720;1113055232;0;0;0;0;0;0;0;0;0;0;0;68097;0;0;89;0;60;0;
7219;2058390;991764480;18718720;1113055232;0;0;0;0;0;0;0;0;0;0;0;1463;0;0;89;0;60;0;
7220;1999440;991764480;18718720;1113055232;0;0;0;0;0;0;0;0;0;0;0;1473;0;0;89;0;60;0;
7221;2278193;991764480;18718720;1113055232;0;0;0;0;0;0;0;0;0;0;0;1262;0;0;89;0;60;0;
7222;4989036;991764480;18718720;1113055232;0;0;0;0;0;0;0;0;0;0;0;1453;0;0;89;0;60;0;
7223;2548249;991764480;18718720;1113055232;0;0;0;0;0;0;0;0;0;0;0;1443;0;0;89;0;60;0;
7224;1964274;991764480;18718720;1113055232;0;0;0;0;0;0;0;0;0;0;0;1483;0;0;89;0;60;0;
7225;1567850;991764480;18718720;1113055232;0;0;0;0;0;0;0;0;0;0;0;1423;0;0;89;0;60;0;
7226;2653937;991764480;18718720;1113055232;0;0;0;0;0;0;0;0;0;0;0;1443;0;0;89;0;60;0;
7227;1506466;991764480;18718720;1113055232;0;0;0;0;0;0;0;0;0;0;0;1513;0;0;89;0;60;0;
7228;4972987;991764480;18718720;1113055232;0;0;0;0;0;0;0;0;0;0;0;1513;0;0;89;0;60;0;
7229;3556830;991764480;18718720;1113055232;0;0;0;0;0;0;0;0;0;0;0;1482;0;0;89;0;60;0;
7230;2133502;987058176;13180928;1107517440;0;0;0;0;0;0;0;0;0;0;0;1563;0;0;89;0;60;0;
7231;1818059;987058176;13180928;1107517440;0;0;0;0;0;0;0;0;0;0;0;1493;0;0;89;0;60;0;
7232;2364064;987058176;13180928;1107517440;0;0;0;0;0;0;0;0;0;0;0;1493;0;0;89;0;60;0;
7233;1790858;987058176;13180928;1107517440;0;0;0;0;0;0;0;0;0;0;0;1432;0;0;89;0;60;0;
7234;4992322;989687808;18718720;1113055232;0;0;0;0;0;0;0;0;0;0;0;1593;0;0;89;0;60;0;
7235;2792156;989687808;18718720;1113055232;0;0;0;0;0;0;0;0;0;0;0;1533;0;0;89;0;60;0;
7236;2479179;991784960;18718720;1113055232;0;0;0;0;0;0;0;0;0;0;0;1693;0;0;89;0;60;0;
7237;1263510;991784960;18718720;1113055232;0;0;0;0;0;0;0;0;0;0;0;1443;0;0;89;0;60;0;
7238;2565882;991784960;18718720;1113055232;0;0;0;0;0;0;0;0;0;0;0;1503;0;0;89;0;60;0;
7239;1778535;991784960;18718720;1113055232;0;0;0;0;0;0;0;0;0;0;0;1452;0;0;89;0;60;0;
7240;5524651;991784960;18718720;1113055232;0;0;0;0;0;0;0;0;0;0;0;1583;0;0;89;0;60;0;
7241;3102268;992051200;18718720;1113055232;0;0;0;0;0;0;0;0;0;0;0;2144;0;0;89;0;60;0;
7242;2341942;992051200;18718720;1113055232;0;0;0;0;0;0;0;0;0;0;0;1412;0;0;89;0;60;0;
7243;1718613;992051200;18718720;1113055232;0;0;0;0;0;0;0;0;0;0;0;1433;0;0;89;0;60;0;
7244;2250110;992051200;18718720;1113055232;0;0;0;0;0;0;0;0;0;0;0;1453;0;0;89;0;60;0;
7245;1898430;992051200;18718720;1113055232;0;0;0;0;0;0;0;0;0;0;0;1302;0;0;89;0;60;0;
7246;5018642;992051200;18718720;1113055232;0;0;0;0;0;0;0;0;0;0;0;1593;0;0;89;0;60;0;
7247;3874647;992051200;18718720;1113055232;0;0;0;0;0;0;0;0;0;0;0;2504;0;0;89;0;60;0;
7248;2065353;992051200;18718720;1113055232;0;0;0;0;0;0;0;0;0;0;0;1823;0;0;89;0;60;0;
7249;2495260;992051200;18718720;1113055232;0;0;0;0;0;0;0;0;0;0;0;1563;0;0;89;0;60;0;
7250;2659618;992051200;18718720;1113055232;0;0;0;0;0;0;0;0;0;0;0;1984;0;0;89;0;60;0;
7251;2235101;992051200;18718720;1113055232;0;0;0;0;0;0;0;0;0;0;0;1583;0;0;89;0;60;0;
7252;5840393;992051200;18718720;1113055232;0;0;0;0;0;0;0;0;0;0;0;1283;0;0;89;0;60;0;
7253;3355032;992051200;18718720;1113055232;0;0;0;0;0;0;0;0;0;0;0;3537;0;0;89;0;60;0;
7254;2982623;987344896;13180928;1107517440;0;0;0;0;0;0;0;0;0;0;0;2264;0;0;89;0;60;0;
7255;2330000;987344896;13180928;1107517440;0;0;0;0;0;0;0;0;0;0;0;1423;0;0;89;0;60;0;
7256;2739398;987344896;13180928;1107517440;0;0;0;0;0;0;0;0;0;0;0;1423;0;0;89;0;60;0;
7257;1982859;987344896;13180928;1107517440;0;0;0;0;0;0;0;0;0;0;0;1553;0;0;89;0;60;0;
7258;5546612;989974528;18718720;1113055232;0;0;0;0;0;0;0;0;0;0;0;1453;0;0;89;0;60;0;
7259;3697635;989974528;18718720;1113055232;0;0;0;0;0;0;0;0;0;0;0;2355;0;0;89;0;60;0;
7260;2408377;992071680;18718720;1113055232;0;0;0;0;0;0;0;0;0;0;0;2234;0;0;89;0;60;0;
7261;2047810;992071680;18718720;1113055232;0;0;0;0;0;0;0;0;0;0;0;1423;0;0;89;0;60;0;
7262;2520587;992071680;18718720;1113055232;0;0;0;0;0;0;0;0;0;0;0;1423;0;0;89;0;60;0;
7263;2248637;992071680;18718720;1113055232;0;0;0;0;0;0;0;0;0;0;0;1523;0;0;89;0;60;0;
7264;5279461;992071680;18718720;1113055232;0;0;0;0;0;0;0;0;0;0;0;1242;0;0;89;0;60;0;
7265;3256867;992071680;18718720;1113055232;0;0;0;0;0;0;0;0;0;0;0;3546;0;0;89;0;60;0;
7266;2288852;992071680;18718720;1113055232;0;0;0;0;0;0;0;0;0;0;0;1613;0;0;89;0;60;0;
7267;2047259;992071680;18718720;1113055232;0;0;0;0;0;0;0;0;0;0;0;1373;0;0;89;0;60;0;
7268;2264046;992071680;18718720;1113055232;0;0;0;0;0;0;0;0;0;0;0;1463;0;0;89;0;60;0;
7269;1678017;992071680;18718720;1113055232;0;0;0;0;0;0;0;0;0;0;0;1362;0;0;89;0;60;0;
7270;5243874;992071680;18718720;1113055232;0;0;0;0;0;0;0;0;0;0;0;1422;0;0;89;0;60;0;
7271;3653532;992071680;18718720;1113055232;0;0;0;0;0;0;0;0;0;0;0;3326;0;0;89;0;60;0;
7272;2411652;992071680;18718720;1113055232;0;0;0;0;0;0;0;0;0;0;0;1553;0;0;89;0;60;0;
7273;1860629;992071680;18718720;1113055232;0;0;0;0;0;0;0;0;0;0;0;1342;0;0;89;0;60;0;
7274;2774033;992071680;18718720;1113055232;0;0;0;0;0;0;0;0;0;0;0;1263;0;0;89;0;60;0;
7275;2223580;992071680;18718720;1113055232;0;0;0;0;0;0;0;0;0;0;0;1794;0;0;89;0;60;0;
7276;5631662;992071680;18718720;1113055232;0;0;0;0;0;0;0;0;0;0;0;1463;0;0;89;0;60;0;
7277;3468285;992071680;18718720;1113055232;0;0;0;0;0;0;0;0;0;0;0;2374;0;0;89;0;60;0;
7278;2892775;987365376;13180928;1107517440;0;0;0;0;0;0;0;0;0;0;0;1794;0;0;89;0;60;0;
7279;1793073;987365376;13180928;1107517440;0;0;0;0;0;0;0;0;0;0;0;1383;0;0;89;0;60;0;
7280;3293417;987365376;13180928;1107517440;0;0;0;0;0;0;0;0;0;0;0;1402;0;0;89;0;60;0;
7281;2709821;987365376;13180928;1107517440;0;0;0;0;0;0;0;0;0;0;0;1543;0;0;89;0;60;0;
7282;5330256;989995008;18718720;1113055232;0;0;0;0;0;0;0;0;0;0;0;1512;0;0;89;0;60;0;
7283;9412462;989995008;18718720;1113055232;0;0;0;0;0;0;0;0;0;0;0;3156;0;0;89;0;60;0;
7284;2129143;992092160;18718720;1113055232;0;0;0;0;0;0;0;0;0;0;0;2044;0;0;89;0;60;0;
7285;1304697;992092160;18718720;1113055232;0;0;0;0;0;0;0;0;0;0;0;1493;0;0;89;0;60;0;
7286;1746846;992092160;18718720;1113055232;0;0;0;0;0;0;0;0;0;0;0;1743;0;0;89;0;60;0;
7287;2074010;992092160;18718720;1113055232;0;0;0;0;0;0;0;0;0;0;0;1253;0;0;89;0;60;0;
7288;4965062;992092160;18718720;1113055232;0;0;0;0;0;0;0;0;0;0;0;1473;0;0;89;0;60;0;
7289;3478033;992092160;18718720;1113055232;0;0;0;0;0;0;0;0;0;0;0;3026;0;0;89;0;60;0;
7290;2404720;992092160;18718720;1113055232;0;0;0;0;0;0;0;0;0;0;0;1393;0;0;89;0;60;0;
7291;1342498;992092160;18718720;1113055232;0;0;0;0;0;0;0;0;0;0;0;1603;0;0;89;0;60;0;
7292;2838513;992092160;18718720;1113055232;0;0;0;0;0;0;0;0;0;0;0;1432;0;0;89;0;60;0;
7293;1688667;992092160;18718720;1113055232;0;0;0;0;0;0;0;0;0;0;0;1393;0;0;89;0;60;0;
7294;5122306;992092160;18718720;1113055232;0;0;0;0;0;0;0;0;0;0;0;1432;0;0;89;0;60;0;
7295;2613992;992092160;18718720;1113055232;0;0;0;0;0;0;0;0;0;0;0;3216;0;0;89;0;60;0;
7296;1757045;992092160;18718720;1113055232;0;0;0;0;0;0;0;0;0;0;0;1603;0;0;89;0;60;0;
7297;1359469;992092160;18718720;1113055232;0;0;0;0;0;0;0;0;0;0;0;1423;0;0;89;0;60;0;
7298;2149140;992092160;18718720;1113055232;0;0;0;0;0;0;0;0;0;0;0;2024;0;0;89;0;60;0;
7299;1635507;992092160;18718720;1113055232;0;0;0;0;0;0;0;0;0;0;0;1392;0;0;89;0;60;0;
7300;5147103;992092160;18722816;1113059328;0;0;0;0;0;0;0;0;0;0;0;2224;0;0;89;0;60;0;
7301;3143335;992092160;18726912;1113063424;0;0;0;0;0;0;0;0;0;0;0;1453;0;0;89;0;60;0;
7302;2180760;987394048;13189120;1107525632;0;0;0;0;0;0;0;0;0;0;0;1303;0;0;89;0;60;0;
7303;1753298;987394048;13189120;1107525632;0;0;0;0;0;0;0;0;0;0;0;1383;0;0;89;0;60;0;
7304;2508665;987394048;13189120;1107525632;0;0;0;0;0;0;0;0;0;0;0;1403;0;0;89;0;60;0;
7305;1554986;987394048;13189120;1107525632;0;0;0;0;0;0;0;0;0;0;0;1533;0;0;89;0;60;0;
7306;5814524;990023680;18726912;1113063424;0;0;0;0;0;0;0;0;0;0;0;1633;0;0;89;0;60;0;
7307;3082211;990023680;18726912;1113063424;0;0;0;0;0;0;0;0;0;0;0;93295;0;0;89;0;60;0;
7308;2397456;992120832;18726912;1113063424;0;0;0;0;0;0;0;0;0;0;0;1743;0;0;89;0;60;0;
7309;1847806;992120832;18726912;1113063424;0;0;0;0;0;0;0;0;0;0;0;1473;0;0;89;0;60;0;
7310;2697659;992120832;18726912;1113063424;0;0;0;0;0;0;0;0;0;0;0;1422;0;0;89;0;60;0;
7311;1248691;992120832;18726912;1113063424;0;0;0;0;0;0;0;0;0;0;0;1403;0;0;89;0;60;0;
7312;4983235;992120832;18726912;1113063424;0;0;0;0;0;0;0;0;0;0;0;1392;0;0;89;0;60;0;
7313;3076931;992120832;18726912;1113063424;0;0;0;0;0;0;0;0;0;0;0;2995;0;0;89;0;60;0;
7314;2155071;992337920;18718720;1113055232;0;0;0;0;0;0;0;0;0;0;0;1644;0;0;89;0;60;0;
7315;1819191;992337920;18718720;1113055232;0;0;0;0;0;0;0;0;0;0;0;1433;0;0;89;0;60;0;
7316;2015269;992337920;18718720;1113055232;0;0;0;0;0;0;0;0;0;0;0;1403;0;0;89;0;60;0;
7317;1841794;992337920;18718720;1113055232;0;0;0;0;0;0;0;0;0;0;0;1502;0;0;89;0;60;0;
7318;4712558;992337920;18718720;1113055232;0;0;0;0;0;0;0;0;0;0;0;1392;0;0;89;0;60;0;
7319;3378105;992337920;18718720;1113055232;0;0;0;0;0;0;0;0;0;0;0;2284;0;0;89;0;60;0;
7320;1688798;992337920;18718720;1113055232;0;0;0;0;0;0;0;0;0;0;0;1463;0;0;89;0;60;0;
7321;1733071;992337920;18718720;1113055232;0;0;0;0;0;0;0;0;0;0;0;1463;0;0;89;0;60;0;
7322;2646954;992337920;18718720;1113055232;0;0;0;0;0;0;0;0;0;0;0;1262;0;0;89;0;60;0;
7323;2072216;992337920;18718720;1113055232;0;0;0;0;0;0;0;0;0;0;0;1452;0;0;89;0;60;0;
7324;5025645;992337920;18718720;1113055232;0;0;0;0;0;0;0;0;0;0;0;1483;0;0;89;0;60;0;
7325;3424002;992337920;18718720;1113055232;0;0;0;0;0;0;0;0;0;0;0;3287;0;0;89;0;60;0;
7326;3143065;987406336;13180928;1107517440;0;0;0;0;0;0;0;0;0;0;0;2154;0;0;89;0;60;0;
7327;2144963;987406336;13180928;1107517440;0;0;0;0;0;0;0;0;0;0;0;1433;0;0;89;0;60;0;
7328;2794771;987406336;13180928;1107517440;0;0;0;0;0;0;0;0;0;0;0;1573;0;0;89;0;60;0;
7329;1602836;987406336;13180928;1107517440;0;0;0;0;0;0;0;0;0;0;0;1413;0;0;89;0;60;0;
7330;6166995;990035968;18718720;1113055232;0;0;0;0;0;0;0;0;0;0;0;1553;0;0;89;0;60;0;
7331;2398438;990035968;18718720;1113055232;0;0;0;0;0;0;0;0;0;0;0;1442;0;0;89;0;60;0;
7332;3345333;992133120;18718720;1113055232;0;0;0;0;0;0;0;0;0;0;0;1643;0;0;89;0;60;0;
7333;3242731;992133120;18718720;1113055232;0;0;0;0;0;0;0;0;0;0;0;1473;0;0;89;0;60;0;
7334;1875668;992133120;18718720;1113055232;0;0;0;0;0;0;0;0;0;0;0;1453;0;0;89;0;60;0;
7335;1563442;992133120;18718720;1113055232;0;0;0;0;0;0;0;0;0;0;0;1443;0;0;89;0;60;0;
7336;5254634;992133120;18718720;1113055232;0;0;0;0;0;0;0;0;0;0;0;1503;0;0;89;0;60;0;
7337;2875392;992133120;18718720;1113055232;0;0;0;0;0;0;0;0;0;0;0;1593;0;0;89;0;60;0;
7338;2115126;992133120;18718720;1113055232;0;0;0;0;0;0;0;0;0;0;0;1523;0;0;89;0;60;0;
7339;1961980;992133120;18718720;1113055232;0;0;0;0;0;0;0;0;0;0;0;1483;0;0;89;0;60;0;
7340;2458501;992133120;18718720;1113055232;0;0;0;0;0;0;0;0;0;0;0;1413;0;0;89;0;60;0;
7341;2258355;992133120;18718720;1113055232;0;0;0;0;0;0;0;0;0;0;0;1433;0;0;89;0;60;0;
7342;4597632;992133120;18718720;1113055232;0;0;0;0;0;0;0;0;0;0;0;1503;0;0;89;0;60;0;
7343;2792026;992133120;18718720;1113055232;0;0;0;0;0;0;0;0;0;0;0;1563;0;0;89;0;60;0;
7344;2852910;992133120;18718720;1113055232;0;0;0;0;0;0;0;0;0;0;0;1483;0;0;89;0;60;0;
7345;1676864;992133120;18718720;1113055232;0;0;0;0;0;0;0;0;0;0;0;1453;0;0;89;0;60;0;
7346;2628730;992133120;18718720;1113055232;0;0;0;0;0;0;0;0;0;0;0;1703;0;0;89;0;60;0;
7347;2354005;992133120;18718720;1113055232;0;0;0;0;0;0;0;0;0;0;0;1753;0;0;89;0;60;0;
7348;5471030;992133120;18718720;1113055232;0;0;0;0;0;0;0;0;0;0;0;1232;0;0;89;0;60;0;
7349;2883318;992133120;18718720;1113055232;0;0;0;0;0;0;0;0;0;0;0;1814;0;0;89;0;60;0;
7350;3308415;987426816;13180928;1107517440;0;0;0;0;0;0;0;0;0;0;0;2124;0;0;89;0;60;0;
7351;1766272;987426816;13180928;1107517440;0;0;0;0;0;0;0;0;0;0;0;1403;0;0;89;0;60;0;
7352;2276690;987426816;13180928;1107517440;0;0;0;0;0;0;0;0;0;0;0;1373;0;0;89;0;60;0;
7353;2515919;987426816;13180928;1107517440;0;0;0;0;0;0;0;0;0;0;0;1413;0;0;89;0;60;0;
7354;5452976;990056448;18718720;1113055232;0;0;0;0;0;0;0;0;0;0;0;1854;0;0;89;0;60;0;
7355;2939212;990056448;18718720;1113055232;0;0;0;0;0;0;0;0;0;0;0;2344;0;0;89;0;60;0;
7356;2391154;992153600;18718720;1113055232;0;0;0;0;0;0;0;0;0;0;0;1944;0;0;89;0;60;0;
7357;2016993;992153600;18718720;1113055232;0;0;0;0;0;0;0;0;0;0;0;1412;0;0;89;0;60;0;
7358;2646232;992153600;18718720;1113055232;0;0;0;0;0;0;0;0;0;0;0;1403;0;0;89;0;60;0;
7359;1745503;992153600;18718720;1113055232;0;0;0;0;0;0;0;0;0;0;0;1392;0;0;89;0;60;0;
7360;5405538;992153600;18718720;1113055232;0;0;0;0;0;0;0;0;0;0;0;1393;0;0;89;0;60;0;
7361;2977605;992153600;18718720;1113055232;0;0;0;0;0;0;0;0;0;0;0;1693;0;0;89;0;60;0;
7362;3207856;992153600;18718720;1113055232;0;0;0;0;0;0;0;0;0;0;0;1583;0;0;89;0;60;0;
7363;1639595;992153600;18718720;1113055232;0;0;0;0;0;0;0;0;0;0;0;1403;0;0;89;0;60;0;
7364;1850631;992153600;18718720;1113055232;0;0;0;0;0;0;0;0;0;0;0;1573;0;0;89;0;60;0;
7365;1775760;992153600;18718720;1113055232;0;0;0;0;0;0;0;0;0;0;0;1633;0;0;89;0;60;0;
7366;5151221;992419840;18718720;1113055232;0;0;0;0;0;0;0;0;0;0;0;1252;0;0;89;0;60;0;
7367;3333551;992419840;18718720;1113055232;0;0;0;0;0;0;0;0;0;0;0;1844;0;0;89;0;60;0;
7368;2465664;992419840;18718720;1113055232;0;0;0;0;0;0;0;0;0;0;0;1583;0;0;89;0;60;0;
7369;2159159;992419840;18718720;1113055232;0;0;0;0;0;0;0;0;0;0;0;1423;0;0;89;0;60;0;
7370;2673243;992419840;18718720;1113055232;0;0;0;0;0;0;0;0;0;0;0;1493;0;0;89;0;60;0;
7371;2166533;992419840;18718720;1113055232;0;0;0;0;0;0;0;0;0;0;0;1443;0;0;89;0;60;0;
7372;4786176;992419840;18718720;1113055232;0;0;0;0;0;0;0;0;0;0;0;1493;0;0;89;0;60;0;
7373;3484595;992419840;18718720;1113055232;0;0;0;0;0;0;0;0;0;0;0;1784;0;0;89;0;60;0;
7374;2856717;987447296;13180928;1107517440;0;0;0;0;0;0;0;0;0;0;0;1603;0;0;89;0;60;0;
7375;2751130;987447296;13180928;1107517440;0;0;0;0;0;0;0;0;0;0;0;1413;0;0;89;0;60;0;
7376;2192221;987447296;13180928;1107517440;0;0;0;0;0;0;0;0;0;0;0;1403;0;0;89;0;60;0;
7377;1877861;987447296;13180928;1107517440;0;0;0;0;0;0;0;0;0;0;0;1393;0;0;89;0;60;0;
7378;4817725;990076928;18718720;1113055232;0;0;0;0;0;0;0;0;0;0;0;1854;0;0;89;0;60;0;
7379;3986206;990076928;18718720;1113055232;0;0;0;0;0;0;0;0;0;0;0;2113;0;0;89;0;60;0;
7380;2782608;992174080;18718720;1113055232;0;0;0;0;0;0;0;0;0;0;0;1453;0;0;89;0;60;0;
7381;2610455;992174080;18718720;1113055232;0;0;0;0;0;0;0;0;0;0;0;1212;0;0;89;0;60;0;
7382;2943300;992440320;18718720;1113055232;0;0;0;0;0;0;0;0;0;0;0;1433;0;0;89;0;60;0;
7383;1486147;992440320;18718720;1113055232;0;0;0;0;0;0;0;0;0;0;0;1453;0;0;89;0;60;0;
7384;4911762;992440320;18718720;1113055232;0;0;0;0;0;0;0;0;0;0;0;1403;0;0;89;0;60;0;
7385;3570046;992440320;18718720;1113055232;0;0;0;0;0;0;0;0;0;0;0;2625;0;0;89;0;60;0;
7386;2061546;992440320;18718720;1113055232;0;0;0;0;0;0;0;0;0;0;0;2114;0;0;89;0;60;0;
7387;2465053;992440320;18718720;1113055232;0;0;0;0;0;0;0;0;0;0;0;1543;0;0;89;0;60;0;
7388;2983446;992440320;18718720;1113055232;0;0;0;0;0;0;0;0;0;0;0;1503;0;0;89;0;60;0;
7389;1709526;992440320;18718720;1113055232;0;0;0;0;0;0;0;0;0;0;0;1503;0;0;89;0;60;0;
7390;5162301;992440320;18718720;1113055232;0;0;0;0;0;0;0;0;0;0;0;1383;0;0;89;0;60;0;
7391;3236991;992440320;18718720;1113055232;0;0;0;0;0;0;0;0;0;0;0;3015;0;0;89;0;60;0;
7392;2754847;992440320;18718720;1113055232;0;0;0;0;0;0;0;0;0;0;0;1603;0;0;89;0;60;0;
7393;2143400;992440320;18718720;1113055232;0;0;0;0;0;0;0;0;0;0;0;1573;0;0;89;0;60;0;
7394;2037011;992440320;18718720;1113055232;0;0;0;0;0;0;0;0;0;0;0;1462;0;0;89;0;60;0;
7395;2350468;992440320;18718720;1113055232;0;0;0;0;0;0;0;0;0;0;0;1262;0;0;89;0;60;0;
7396;4535095;992440320;18718720;1113055232;0;0;0;0;0;0;0;0;0;0;0;1413;0;0;89;0;60;0;
7397;3588049;992440320;18718720;1113055232;0;0;0;0;0;0;0;0;0;0;0;2204;0;0;89;0;60;0;
7398;2854053;987467776;13180928;1107517440;0;0;0;0;0;0;0;0;0;0;0;1272;0;0;89;0;60;0;
7399;2089559;987467776;13180928;1107517440;0;0;0;0;0;0;0;0;0;0;0;1463;0;0;89;0;60;0;
7400;2113834;987467776;13180928;1107517440;0;0;0;0;0;0;0;0;0;0;0;1453;0;0;89;0;60;0;
7401;1642060;987467776;13180928;1107517440;0;0;0;0;0;0;0;0;0;0;0;28072;0;0;89;0;60;0;
7402;5378286;990097408;18718720;1113055232;0;0;0;0;0;0;0;0;0;0;0;1593;0;0;89;0;60;0;
7403;3231641;990097408;18718720;1113055232;0;0;0;0;0;0;0;0;0;0;0;1693;0;0;89;0;60;0;
7404;2936547;992194560;18718720;1113055232;0;0;0;0;0;0;0;0;0;0;0;1683;0;0;89;0;60;0;
7405;1606914;992194560;18718720;1113055232;0;0;0;0;0;0;0;0;0;0;0;1573;0;0;89;0;60;0;
7406;2444555;992460800;18718720;1113055232;0;0;0;0;0;0;0;0;0;0;0;1422;0;0;89;0;60;0;
7407;1299677;992460800;18718720;1113055232;0;0;0;0;0;0;0;0;0;0;0;1552;0;0;89;0;60;0;
7408;4993776;992460800;18718720;1113055232;0;0;0;0;0;0;0;0;0;0;0;1673;0;0;89;0;60;0;
7409;3194301;992460800;18718720;1113055232;0;0;0;0;0;0;0;0;0;0;0;2034;0;0;89;0;60;0;
7410;1921053;992460800;18718720;1113055232;0;0;0;0;0;0;0;0;0;0;0;1383;0;0;89;0;60;0;
7411;1473603;992460800;18718720;1113055232;0;0;0;0;0;0;0;0;0;0;0;1724;0;0;89;0;60;0;
7412;2382858;992460800;18718720;1113055232;0;0;0;0;0;0;0;0;0;0;0;1312;0;0;89;0;60;0;
7413;1616742;992460800;18718720;1113055232;0;0;0;0;0;0;0;0;0;0;0;1603;0;0;89;0;60;0;
7414;5604360;992460800;18718720;1113055232;0;0;0;0;0;0;0;0;0;0;0;1543;0;0;89;0;60;0;
7415;2846267;992460800;18718720;1113055232;0;0;0;0;0;0;0;0;0;0;0;1904;0;0;89;0;60;0;
7416;2999835;992497664;18714624;1113051136;0;0;0;0;0;0;0;0;0;0;0;1893;0;0;89;0;60;0;
7417;1789506;992497664;18714624;1113051136;0;0;0;0;0;0;0;0;0;0;0;1382;0;0;89;0;60;0;
7418;2362942;992497664;18714624;1113051136;0;0;0;0;0;0;0;0;0;0;0;1453;0;0;89;0;60;0;
7419;1600942;992497664;18714624;1113051136;0;0;0;0;0;0;0;0;0;0;0;1532;0;0;89;0;60;0;
7420;4138551;992497664;18714624;1113051136;0;0;0;0;0;0;0;0;0;0;0;1423;0;0;89;0;60;0;
7421;3092099;992497664;18718720;1113055232;0;0;0;0;0;0;0;0;0;0;0;1633;0;0;89;0;60;0;
7422;2366267;987488256;13180928;1107517440;0;0;0;0;0;0;0;0;0;0;0;1833;0;0;89;0;60;0;
7423;1818781;987488256;13180928;1107517440;0;0;0;0;0;0;0;0;0;0;0;1542;0;0;89;0;60;0;
7424;2249839;987488256;13180928;1107517440;0;0;0;0;0;0;0;0;0;0;0;1353;0;0;89;0;60;0;
7425;1892910;987488256;13180928;1107517440;0;0;0;0;0;0;0;0;0;0;0;1312;0;0;89;0;60;0;
7426;4634281;990117888;18718720;1113055232;0;0;0;0;0;0;0;0;0;0;0;1482;0;0;89;0;60;0;
7427;2244930;990117888;18718720;1113055232;0;0;0;0;0;0;0;0;0;0;0;1553;0;0;89;0;60;0;
7428;2565892;992215040;18718720;1113055232;0;0;0;0;0;0;0;0;0;0;0;1423;0;0;89;0;60;0;
7429;1812158;992215040;18718720;1113055232;0;0;0;0;0;0;0;0;0;0;0;1403;0;0;89;0;60;0;
7430;1986867;992481280;18718720;1113055232;0;0;0;0;0;0;0;0;0;0;0;1403;0;0;89;0;60;0;
7431;1448908;992481280;18718720;1113055232;0;0;0;0;0;0;0;0;0;0;0;1452;0;0;89;0;60;0;
7432;5198219;992481280;18718720;1113055232;0;0;0;0;0;0;0;0;0;0;0;1443;0;0;89;0;60;0;
7433;2466846;992481280;18718720;1113055232;0;0;0;0;0;0;0;0;0;0;0;1623;0;0;89;0;60;0;
7434;2495159;992481280;18718720;1113055232;0;0;0;0;0;0;0;0;0;0;0;1432;0;0;89;0;60;0;
7435;1866530;992481280;18718720;1113055232;0;0;0;0;0;0;0;0;0;0;0;1472;0;0;89;0;60;0;
7436;1845171;992481280;18718720;1113055232;0;0;0;0;0;0;0;0;0;0;0;1393;0;0;89;0;60;0;
7437;1534908;992481280;18718720;1113055232;0;0;0;0;0;0;0;0;0;0;0;1493;0;0;89;0;60;0;
7438;4682903;992481280;18718720;1113055232;0;0;0;0;0;0;0;0;0;0;0;1383;0;0;89;0;60;0;
7439;3140670;992481280;18718720;1113055232;0;0;0;0;0;0;0;0;0;0;0;2013;0;0;89;0;60;0;
7440;1802090;992481280;18718720;1113055232;0;0;0;0;0;0;0;0;0;0;0;1833;0;0;89;0;60;0;
7441;2479179;992481280;18718720;1113055232;0;0;0;0;0;0;0;0;0;0;0;1533;0;0;89;0;60;0;
7442;2923102;992481280;18718720;1113055232;0;0;0;0;0;0;0;0;0;0;0;1463;0;0;89;0;60;0;
7443;1868183;992481280;18718720;1113055232;0;0;0;0;0;0;0;0;0;0;0;1432;0;0;89;0;60;0;
7444;5100726;992481280;18718720;1113055232;0;0;0;0;0;0;0;0;0;0;0;1453;0;0;89;0;60;0;
7445;4752894;992481280;18718720;1113055232;0;0;0;0;0;0;0;0;0;0;0;1823;0;0;89;0;60;0;
7446;3804535;987508736;13180928;1107517440;0;0;0;0;0;0;0;0;0;0;0;1513;0;0;89;0;60;0;
7447;2125766;987508736;13180928;1107517440;0;0;0;0;0;0;0;0;0;0;0;1573;0;0;89;0;60;0;
7448;2880672;987508736;13180928;1107517440;0;0;0;0;0;0;0;0;0;0;0;1563;0;0;89;0;60;0;
7449;1741126;987508736;13180928;1107517440;0;0;0;0;0;0;0;0;0;0;0;1513;0;0;89;0;60;0;
7450;5828050;990138368;18718720;1113055232;0;0;0;0;0;0;0;0;0;0;0;1483;0;0;89;0;60;0;
7451;2951956;990138368;18718720;1113055232;0;0;0;0;0;0;0;0;0;0;0;1523;0;0;89;0;60;0;
7452;3283318;992235520;18718720;1113055232;0;0;0;0;0;0;0;0;0;0;0;1573;0;0;89;0;60;0;
7453;2508434;992235520;18718720;1113055232;0;0;0;0;0;0;0;0;0;0;0;1433;0;0;89;0;60;0;
7454;2704111;992501760;18718720;1113055232;0;0;0;0;0;0;0;0;0;0;0;1453;0;0;89;0;60;0;
7455;1780118;992501760;18718720;1113055232;0;0;0;0;0;0;0;0;0;0;0;1433;0;0;89;0;60;0;
7456;5450041;992501760;18718720;1113055232;0;0;0;0;0;0;0;0;0;0;0;1442;0;0;89;0;60;0;
7457;2918804;992501760;18718720;1113055232;0;0;0;0;0;0;0;0;0;0;0;2114;0;0;89;0;60;0;
7458;2608562;992501760;18718720;1113055232;0;0;0;0;0;0;0;0;0;0;0;1563;0;0;89;0;60;0;
7459;1697303;992501760;18718720;1113055232;0;0;0;0;0;0;0;0;0;0;0;1533;0;0;89;0;60;0;
7460;2320862;992501760;18718720;1113055232;0;0;0;0;0;0;0;0;0;0;0;1382;0;0;89;0;60;0;
7461;2649970;992501760;18718720;1113055232;0;0;0;0;0;0;0;0;0;0;0;2264;0;0;89;0;60;0;
7462;6484010;992501760;18718720;1113055232;0;0;0;0;0;0;0;0;0;0;0;1794;0;0;89;0;60;0;
7463;4324109;992501760;18718720;1113055232;0;0;0;0;0;0;0;0;0;0;0;3356;0;0;89;0;60;0;
7464;3033809;992501760;18718720;1113055232;0;0;0;0;0;0;0;0;0;0;0;1723;0;0;89;0;60;0;
7465;2905158;992501760;18718720;1113055232;0;0;0;0;0;0;0;0;0;0;0;1943;0;0;89;0;60;0;
7466;4010702;992501760;18718720;1113055232;0;0;0;0;0;0;0;0;0;0;0;1964;0;0;89;0;60;0;
7467;2133922;992501760;18718720;1113055232;0;0;0;0;0;0;0;0;0;0;0;2464;0;0;89;0;60;0;
7468;5325377;992501760;18718720;1113055232;0;0;0;0;0;0;0;0;0;0;0;1453;0;0;89;0;60;0;
7469;3483012;992501760;18718720;1113055232;0;0;0;0;0;0;0;0;0;0;0;4108;0;0;89;0;60;0;
7470;3420375;987529216;13180928;1107517440;0;0;0;0;0;0;0;0;0;0;0;2014;0;0;89;0;60;0;
7471;2308750;987529216;13180928;1107517440;0;0;0;0;0;0;0;0;0;0;0;1413;0;0;89;0;60;0;
7472;2837762;987529216;13180928;1107517440;0;0;0;0;0;0;0;0;0;0;0;1472;0;0;89;0;60;0;
7473;1773165;987529216;13180928;1107517440;0;0;0;0;0;0;0;0;0;0;0;1513;0;0;89;0;60;0;
7474;5727701;990158848;18718720;1113055232;0;0;0;0;0;0;0;0;0;0;0;1613;0;0;89;0;60;0;
7475;3259713;990158848;18718720;1113055232;0;0;0;0;0;0;0;0;0;0;0;3286;0;0;89;0;60;0;
7476;3044319;992256000;18718720;1113055232;0;0;0;0;0;0;0;0;0;0;0;1653;0;0;89;0;60;0;
7477;2686819;992256000;18718720;1113055232;0;0;0;0;0;0;0;0;0;0;0;1493;0;0;89;0;60;0;
7478;2686919;992522240;18718720;1113055232;0;0;0;0;0;0;0;0;0;0;0;1613;0;0;89;0;60;0;
7479;1966478;992522240;18718720;1113055232;0;0;0;0;0;0;0;0;0;0;0;1432;0;0;89;0;60;0;
7480;5109162;992522240;18718720;1113055232;0;0;0;0;0;0;0;0;0;0;0;1573;0;0;89;0;60;0;
7481;2264086;992522240;18718720;1113055232;0;0;0;0;0;0;0;0;0;0;0;2254;0;0;89;0;60;0;
7482;3014263;992522240;18718720;1113055232;0;0;0;0;0;0;0;0;0;0;0;35337;0;0;89;0;60;0;
7483;1700449;992522240;18718720;1113055232;0;0;0;0;0;0;0;0;0;0;0;1443;0;0;89;0;60;0;
7484;2570781;992522240;18718720;1113055232;0;0;0;0;0;0;0;0;0;0;0;1412;0;0;89;0;60;0;
7485;1713894;992522240;18718720;1113055232;0;0;0;0;0;0;0;0;0;0;0;1493;0;0;89;0;60;0;
7486;4618672;992522240;18718720;1113055232;0;0;0;0;0;0;0;0;0;0;0;1412;0;0;89;0;60;0;
7487;2803878;992522240;18718720;1113055232;0;0;0;0;0;0;0;0;0;0;0;1884;0;0;89;0;60;0;
7488;2223791;992522240;18718720;1113055232;0;0;0;0;0;0;0;0;0;0;0;1543;0;0;89;0;60;0;
7489;1888772;992522240;18718720;1113055232;0;0;0;0;0;0;0;0;0;0;0;1433;0;0;89;0;60;0;
7490;2650030;992522240;18718720;1113055232;0;0;0;0;0;0;0;0;0;0;0;1633;0;0;89;0;60;0;
7491;1707893;992522240;18718720;1113055232;0;0;0;0;0;0;0;0;0;0;0;1433;0;0;89;0;60;0;
7492;4895251;992522240;18718720;1113055232;0;0;0;0;0;0;0;0;0;0;0;1823;0;0;89;0;60;0;
7493;2728637;992522240;18718720;1113055232;0;0;0;0;0;0;0;0;0;0;0;2004;0;0;89;0;60;0;
7494;2152647;987549696;13180928;1107517440;0;0;0;0;0;0;0;0;0;0;0;1563;0;0;89;0;60;0;
7495;1693656;987549696;13180928;1107517440;0;0;0;0;0;0;0;0;0;0;0;1473;0;0;89;0;60;0;
7496;1467382;987549696;13180928;1107517440;0;0;0;0;0;0;0;0;0;0;0;1433;0;0;89;0;60;0;
7497;1332749;987549696;13180928;1107517440;0;0;0;0;0;0;0;0;0;0;0;1343;0;0;89;0;60;0;
7498;5555599;990179328;18718720;1113055232;0;0;0;0;0;0;0;0;0;0;0;1393;0;0;89;0;60;0;
7499;3029802;990179328;18718720;1113055232;0;0;0;0;0;0;0;0;0;0;0;1363;0;0;89;0;60;0;
7500;2397176;992276480;18718720;1113055232;0;0;0;0;0;0;0;0;0;0;0;1403;0;0;89;0;60;0;
7501;2426771;992276480;18718720;1113055232;0;0;0;0;0;0;0;0;0;0;0;1533;0;0;89;0;60;0;
7502;2519725;992542720;18718720;1113055232;0;0;0;0;0;0;0;0;0;0;0;1423;0;0;89;0;60;0;
7503;1801889;992542720;18718720;1113055232;0;0;0;0;0;0;0;0;0;0;0;1523;0;0;89;0;60;0;
7504;4836851;992542720;18718720;1113055232;0;0;0;0;0;0;0;0;0;0;0;1674;0;0;89;0;60;0;
7505;3145569;992542720;18718720;1113055232;0;0;0;0;0;0;0;0;0;0;0;2605;0;0;89;0;60;0;
7506;2171672;992542720;18718720;1113055232;0;0;0;0;0;0;0;0;0;0;0;1413;0;0;89;0;60;0;
7507;3163923;992542720;18718720;1113055232;0;0;0;0;0;0;0;0;0;0;0;1643;0;0;89;0;60;0;
7508;2322416;992542720;18718720;1113055232;0;0;0;0;0;0;0;0;0;0;0;1553;0;0;89;0;60;0;
7509;1374046;992542720;18718720;1113055232;0;0;0;0;0;0;0;0;0;0;0;1613;0;0;89;0;60;0;
7510;5344683;992542720;18718720;1113055232;0;0;0;0;0;0;0;0;0;0;0;1182;0;0;89;0;60;0;
7511;3990834;992542720;18718720;1113055232;0;0;0;0;0;0;0;0;0;0;0;3316;0;0;89;0;60;0;
7512;2601459;992542720;18718720;1113055232;0;0;0;0;0;0;0;0;0;0;0;1753;0;0;89;0;60;0;
7513;2220845;992542720;18718720;1113055232;0;0;0;0;0;0;0;0;0;0;0;1703;0;0;89;0;60;0;
7514;2789141;992542720;18718720;1113055232;0;0;0;0;0;0;0;0;0;0;0;1723;0;0;89;0;60;0;
7515;2327214;992542720;18718720;1113055232;0;0;0;0;0;0;0;0;0;0;0;1613;0;0;89;0;60;0;
7516;5660486;992542720;18718720;1113055232;0;0;0;0;0;0;0;0;0;0;0;1823;0;0;89;0;60;0;
7517;3787102;992542720;18718720;1113055232;0;0;0;0;0;0;0;0;0;0;0;2906;0;0;89;0;60;0;
7518;2738536;987570176;13180928;1107517440;0;0;0;0;0;0;0;0;0;0;0;24296;0;0;89;0;60;0;
7519;2187443;987570176;13180928;1107517440;0;0;0;0;0;0;0;0;0;0;0;1423;0;0;89;0;60;0;
7520;3296302;987570176;13180928;1107517440;0;0;0;0;0;0;0;0;0;0;0;1613;0;0;89;0;60;0;
7521;2554761;987570176;13180928;1107517440;0;0;0;0;0;0;0;0;0;0;0;1563;0;0;89;0;60;0;
7522;5493052;990199808;18718720;1113055232;0;0;0;0;0;0;0;0;0;0;0;1653;0;0;89;0;60;0;
7523;2821010;990199808;18718720;1113055232;0;0;0;0;0;0;0;0;0;0;0;1853;0;0;89;0;60;0;
7524;2068459;992296960;18718720;1113055232;0;0;0;0;0;0;0;0;0;0;0;1703;0;0;89;0;60;0;
7525;1890395;992296960;18718720;1113055232;0;0;0;0;0;0;0;0;0;0;0;1422;0;0;89;0;60;0;
7526;2836490;992563200;18718720;1113055232;0;0;0;0;0;0;0;0;0;0;0;1423;0;0;89;0;60;0;
7527;1717290;992563200;18718720;1113055232;0;0;0;0;0;0;0;0;0;0;0;1483;0;0;89;0;60;0;
7528;5263952;992563200;18718720;1113055232;0;0;0;0;0;0;0;0;0;0;0;1402;0;0;89;0;60;0;
7529;2134432;992563200;18718720;1113055232;0;0;0;0;0;0;0;0;0;0;0;1694;0;0;89;0;60;0;
7530;3063636;992563200;18718720;1113055232;0;0;0;0;0;0;0;0;0;0;0;1743;0;0;89;0;60;0;
7531;1581185;992563200;18718720;1113055232;0;0;0;0;0;0;0;0;0;0;0;1463;0;0;89;0;60;0;
7532;2256191;992563200;18718720;1113055232;0;0;0;0;0;0;0;0;0;0;0;1423;0;0;89;0;60;0;
7533;1659252;992563200;18718720;1113055232;0;0;0;0;0;0;0;0;0;0;0;1452;0;0;89;0;60;0;
7534;5248353;992563200;18718720;1113055232;0;0;0;0;0;0;0;0;0;0;0;1513;0;0;89;0;60;0;
7535;2072236;992563200;18718720;1113055232;0;0;0;0;0;0;0;0;0;0;0;24105;0;0;89;0;60;0;
7536;2278253;992681984;18714624;1113051136;0;0;0;0;0;0;0;0;0;0;0;1903;0;0;89;0;60;0;
7537;2969319;992681984;18714624;1113051136;0;0;0;0;0;0;0;0;0;0;0;1533;0;0;89;0;60;0;
7538;2478598;992681984;18714624;1113051136;0;0;0;0;0;0;0;0;0;0;0;1513;0;0;89;0;60;0;
7539;1787793;992681984;18714624;1113051136;0;0;0;0;0;0;0;0;0;0;0;1513;0;0;89;0;60;0;
7540;5018272;992681984;18714624;1113051136;0;0;0;0;0;0;0;0;0;0;0;1633;0;0;89;0;60;0;
7541;2858300;992681984;18718720;1113055232;0;0;0;0;0;0;0;0;0;0;0;1884;0;0;89;0;60;0;
7542;2837451;987590656;13180928;1107517440;0;0;0;0;0;0;0;0;0;0;0;1923;0;0;89;0;60;0;
7543;2050054;987590656;13180928;1107517440;0;0;0;0;0;0;0;0;0;0;0;1533;0;0;89;0;60;0;
7544;2371016;987590656;13180928;1107517440;0;0;0;0;0;0;0;0;0;0;0;1412;0;0;89;0;60;0;
7545;1976217;987590656;13180928;1107517440;0;0;0;0;0;0;0;0;0;0;0;1523;0;0;89;0;60;0;
7546;5409925;990220288;18718720;1113055232;0;0;0;0;0;0;0;0;0;0;0;1623;0;0;89;0;60;0;
7547;2215264;990220288;18718720;1113055232;0;0;0;0;0;0;0;0;0;0;0;1713;0;0;89;0;60;0;
7548;2968517;992317440;18718720;1113055232;0;0;0;0;0;0;0;0;0;0;0;1843;0;0;89;0;60;0;
7549;2202411;992317440;18718720;1113055232;0;0;0;0;0;0;0;0;0;0;0;1463;0;0;89;0;60;0;
7550;2646704;992583680;18718720;1113055232;0;0;0;0;0;0;0;0;0;0;0;1383;0;0;89;0;60;0;
7551;2583174;992583680;18718720;1113055232;0;0;0;0;0;0;0;0;0;0;0;1613;0;0;89;0;60;0;
7552;5317132;992583680;18718720;1113055232;0;0;0;0;0;0;0;0;0;0;0;1593;0;0;89;0;60;0;
7553;2239410;992583680;18718720;1113055232;0;0;0;0;0;0;0;0;0;0;0;1603;0;0;89;0;60;0;
7554;2725241;992583680;18718720;1113055232;0;0;0;0;0;0;0;0;0;0;0;1493;0;0;89;0;60;0;
7555;1665533;992583680;18718720;1113055232;0;0;0;0;0;0;0;0;0;0;0;1393;0;0;89;0;60;0;
7556;2752091;992583680;18718720;1113055232;0;0;0;0;0;0;0;0;0;0;0;1462;0;0;89;0;60;0;
7557;1779648;992583680;18718720;1113055232;0;0;0;0;0;0;0;0;0;0;0;1663;0;0;89;0;60;0;
7558;5455301;992583680;18718720;1113055232;0;0;0;0;0;0;0;0;0;0;0;1453;0;0;89;0;60;0;
7559;3242411;992583680;18718720;1113055232;0;0;0;0;0;0;0;0;0;0;0;1593;0;0;89;0;60;0;
7560;2261672;992718848;18714624;1113051136;0;0;0;0;0;0;0;0;0;0;0;1773;0;0;89;0;60;0;
7561;1355803;992718848;18714624;1113051136;0;0;0;0;0;0;0;0;0;0;0;1403;0;0;89;0;60;0;
7562;2475342;992718848;18714624;1113051136;0;0;0;0;0;0;0;0;0;0;0;1463;0;0;89;0;60;0;
7563;2165320;992718848;18714624;1113051136;0;0;0;0;0;0;0;0;0;0;0;1473;0;0;89;0;60;0;
7564;5090567;992718848;18714624;1113051136;0;0;0;0;0;0;0;0;0;0;0;1423;0;0;89;0;60;0;
7565;3042576;992718848;18718720;1113055232;0;0;0;0;0;0;0;0;0;0;0;1964;0;0;89;0;60;0;
7566;2575690;987611136;13180928;1107517440;0;0;0;0;0;0;0;0;0;0;0;1493;0;0;89;0;60;0;
7567;1986685;987611136;13180928;1107517440;0;0;0;0;0;0;0;0;0;0;0;1463;0;0;89;0;60;0;
7568;2596990;987611136;13180928;1107517440;0;0;0;0;0;0;0;0;0;0;0;1553;0;0;89;0;60;0;
7569;1570846;987611136;13180928;1107517440;0;0;0;0;0;0;0;0;0;0;0;1603;0;0;89;0;60;0;
7570;5307664;990240768;18718720;1113055232;0;0;0;0;0;0;0;0;0;0;0;1462;0;0;89;0;60;0;
7571;2647696;990240768;18718720;1113055232;0;0;0;0;0;0;0;0;0;0;0;1593;0;0;89;0;60;0;
7572;2392486;992337920;18718720;1113055232;0;0;0;0;0;0;0;0;0;0;0;1423;0;0;89;0;60;0;
7573;1651317;992337920;18718720;1113055232;0;0;0;0;0;0;0;0;0;0;0;1423;0;0;89;0;60;0;
7574;3008742;992604160;18718720;1113055232;0;0;0;0;0;0;0;0;0;0;0;1443;0;0;89;0;60;0;
7575;2054102;992604160;18718720;1113055232;0;0;0;0;0;0;0;0;0;0;0;1242;0;0;89;0;60;0;
7576;4848613;992604160;18718720;1113055232;0;0;0;0;0;0;0;0;0;0;0;1483;0;0;89;0;60;0;
7577;3199461;992604160;18718720;1113055232;0;0;0;0;0;0;0;0;0;0;0;2004;0;0;89;0;60;0;
7578;2534804;992604160;18718720;1113055232;0;0;0;0;0;0;0;0;0;0;0;1684;0;0;89;0;60;0;
7579;2607480;992604160;18718720;1113055232;0;0;0;0;0;0;0;0;0;0;0;1743;0;0;89;0;60;0;
7580;2164840;992604160;18718720;1113055232;0;0;0;0;0;0;0;0;0;0;0;1623;0;0;89;0;60;0;
7581;2112863;992604160;18718720;1113055232;0;0;0;0;0;0;0;0;0;0;0;1683;0;0;89;0;60;0;
7582;4643939;992604160;18718720;1113055232;0;0;0;0;0;0;0;0;0;0;0;1492;0;0;89;0;60;0;
7583;2289864;992604160;18718720;1113055232;0;0;0;0;0;0;0;0;0;0;0;2084;0;0;89;0;60;0;
7584;2513794;992604160;18718720;1113055232;0;0;0;0;0;0;0;0;0;0;0;94227;0;0;89;0;60;0;
7585;1833799;992604160;18718720;1113055232;0;0;0;0;0;0;0;0;0;0;0;72076;0;0;89;0;60;0;
7586;2410109;992604160;18718720;1113055232;0;0;0;0;0;0;0;0;0;0;0;1613;0;0;89;0;60;0;
7587;1965707;992604160;18718720;1113055232;0;0;0;0;0;0;0;0;0;0;0;1462;0;0;89;0;60;0;
7588;4949923;992604160;18718720;1113055232;0;0;0;0;0;0;0;0;0;0;0;1443;0;0;89;0;60;0;
7589;2767911;992604160;18718720;1113055232;0;0;0;0;0;0;0;0;0;0;0;1713;0;0;89;0;60;0;
7590;2675327;987631616;13180928;1107517440;0;0;0;0;0;0;0;0;0;0;0;1483;0;0;89;0;60;0;
7591;2245401;987631616;13180928;1107517440;0;0;0;0;0;0;0;0;0;0;0;1473;0;0;89;0;60;0;
7592;2814188;987631616;13180928;1107517440;0;0;0;0;0;0;0;0;0;0;0;1453;0;0;89;0;60;0;
7593;2215325;987631616;13180928;1107517440;0;0;0;0;0;0;0;0;0;0;0;1443;0;0;89;0;60;0;
7594;5644335;990261248;18718720;1113055232;0;0;0;0;0;0;0;0;0;0;0;1402;0;0;89;0;60;0;
7595;2660940;990261248;18718720;1113055232;0;0;0;0;0;0;0;0;0;0;0;1583;0;0;89;0;60;0;
7596;2823134;992358400;18718720;1113055232;0;0;0;0;0;0;0;0;0;0;0;1472;0;0;89;0;60;0;
7597;1939648;992358400;18718720;1113055232;0;0;0;0;0;0;0;0;0;0;0;1263;0;0;89;0;60;0;
7598;2664728;992624640;18718720;1113055232;0;0;0;0;0;0;0;0;0;0;0;1443;0;0;89;0;60;0;
7599;2261782;992624640;18718720;1113055232;0;0;0;0;0;0;0;0;0;0;0;1433;0;0;89;0;60;0;
7600;4825250;992624640;18718720;1113055232;0;0;0;0;0;0;0;0;0;0;0;1463;0;0;89;0;60;0;
7601;2545604;992624640;18718720;1113055232;0;0;0;0;0;0;0;0;0;0;0;1523;0;0;89;0;60;0;
7602;2661741;992624640;18718720;1113055232;0;0;0;0;0;0;0;0;0;0;0;1953;0;0;89;0;60;0;
7603;1885466;992624640;18718720;1113055232;0;0;0;0;0;0;0;0;0;0;0;1433;0;0;89;0;60;0;
7604;2650521;992624640;18718720;1113055232;0;0;0;0;0;0;0;0;0;0;0;1603;0;0;89;0;60;0;
7605;2015309;992624640;18718720;1113055232;0;0;0;0;0;0;0;0;0;0;0;1593;0;0;89;0;60;0;
7606;5722983;992624640;18718720;1113055232;0;0;0;0;0;0;0;0;0;0;0;1533;0;0;89;0;60;0;
7607;2739968;992624640;18718720;1113055232;0;0;0;0;0;0;0;0;0;0;0;1513;0;0;89;0;60;0;
7608;3287525;992624640;18718720;1113055232;0;0;0;0;0;0;0;0;0;0;0;1633;0;0;89;0;60;0;
7609;2688522;992624640;18718720;1113055232;0;0;0;0;0;0;0;0;0;0;0;1462;0;0;89;0;60;0;
7610;2864652;992624640;18718720;1113055232;0;0;0;0;0;0;0;0;0;0;0;1453;0;0;89;0;60;0;
7611;2192031;992624640;18718720;1113055232;0;0;0;0;0;0;0;0;0;0;0;1503;0;0;89;0;60;0;
7612;5235348;992624640;18718720;1113055232;0;0;0;0;0;0;0;0;0;0;0;1243;0;0;89;0;60;0;
7613;2893998;992624640;18718720;1113055232;0;0;0;0;0;0;0;0;0;0;0;1643;0;0;89;0;60;0;
7614;2749446;987652096;13180928;1107517440;0;0;0;0;0;0;0;0;0;0;0;1633;0;0;89;0;60;0;
7615;2176382;987652096;13180928;1107517440;0;0;0;0;0;0;0;0;0;0;0;1463;0;0;89;0;60;0;
7616;2193994;987652096;13180928;1107517440;0;0;0;0;0;0;0;0;0;0;0;1442;0;0;89;0;60;0;
7617;1676354;987652096;13180928;1107517440;0;0;0;0;0;0;0;0;0;0;0;1452;0;0;89;0;60;0;
7618;5744283;990281728;18718720;1113055232;0;0;0;0;0;0;0;0;0;0;0;2154;0;0;89;0;60;0;
7619;3487069;990281728;18718720;1113055232;0;0;0;0;0;0;0;0;0;0;0;1843;0;0;89;0;60;0;
7620;3166578;992378880;18718720;1113055232;0;0;0;0;0;0;0;0;0;0;0;1883;0;0;89;0;60;0;
7621;1990012;992378880;18718720;1113055232;0;0;0;0;0;0;0;0;0;0;0;1433;0;0;89;0;60;0;
7622;2144822;992645120;18718720;1113055232;0;0;0;0;0;0;0;0;0;0;0;1533;0;0;89;0;60;0;
7623;1553353;992645120;18718720;1113055232;0;0;0;0;0;0;0;0;0;0;0;1443;0;0;89;0;60;0;
7624;5644807;992645120;18718720;1113055232;0;0;0;0;0;0;0;0;0;0;0;1684;0;0;89;0;60;0;
7625;8498168;992645120;18718720;1113055232;0;0;0;0;0;0;0;0;0;0;0;2474;0;0;89;0;60;0;
7626;6095912;992645120;18718720;1113055232;0;0;0;0;0;0;0;0;0;0;0;2725;0;0;89;0;60;0;
7627;1309996;992645120;18718720;1113055232;0;0;0;0;0;0;0;0;0;0;0;2034;0;0;89;0;60;0;
7628;2615615;992645120;18718720;1113055232;0;0;0;0;0;0;0;0;0;0;0;1513;0;0;89;0;60;0;
7629;1311449;992645120;18718720;1113055232;0;0;0;0;0;0;0;0;0;0;0;2094;0;0;89;0;60;0;
7630;5648363;992645120;18718720;1113055232;0;0;0;0;0;0;0;0;0;0;0;1492;0;0;89;0;60;0;
7631;4262323;992645120;18718720;1113055232;0;0;0;0;0;0;0;0;0;0;0;2324;0;0;89;0;60;0;
7632;2631234;992645120;18718720;1113055232;0;0;0;0;0;0;0;0;0;0;0;1794;0;0;89;0;60;0;
7633;1673388;992645120;18718720;1113055232;0;0;0;0;0;0;0;0;0;0;0;2184;0;0;89;0;60;0;
7634;3277447;992645120;18718720;1113055232;0;0;0;0;0;0;0;0;0;0;0;1403;0;0;89;0;60;0;
7635;2102984;992645120;18718720;1113055232;0;0;0;0;0;0;0;0;0;0;0;1493;0;0;89;0;60;0;
7636;4523313;992645120;18718720;1113055232;0;0;0;0;0;0;0;0;0;0;0;1684;0;0;89;0;60;0;
7637;3122877;992645120;18718720;1113055232;0;0;0;0;0;0;0;0;0;0;0;1703;0;0;89;0;60;0;
7638;2403307;987672576;13180928;1107517440;0;0;0;0;0;0;0;0;0;0;0;1743;0;0;89;0;60;0;
7639;1852555;987672576;13180928;1107517440;0;0;0;0;0;0;0;0;0;0;0;1422;0;0;89;0;60;0;
7640;3100394;987672576;13180928;1107517440;0;0;0;0;0;0;0;0;0;0;0;1253;0;0;89;0;60;0;
7641;2972395;987672576;13180928;1107517440;0;0;0;0;0;0;0;0;0;0;0;1583;0;0;89;0;60;0;
7642;4943061;990302208;18722816;1113059328;0;0;0;0;0;0;0;0;0;0;0;2394;0;0;89;0;60;0;
7643;3177358;990302208;18722816;1113059328;0;0;0;0;0;0;0;0;0;0;0;1453;0;0;89;0;60;0;
7644;2749756;992399360;18722816;1113059328;0;0;0;0;0;0;0;0;0;0;0;1543;0;0;89;0;60;0;
7645;1833739;992399360;18722816;1113059328;0;0;0;0;0;0;0;0;0;0;0;1372;0;0;89;0;60;0;
7646;2434125;992665600;18722816;1113059328;0;0;0;0;0;0;0;0;0;0;0;1513;0;0;89;0;60;0;
7647;1412800;992665600;18722816;1113059328;0;0;0;0;0;0;0;0;0;0;0;1533;0;0;89;0;60;0;
7648;4582905;992665600;18722816;1113059328;0;0;0;0;0;0;0;0;0;0;0;1683;0;0;89;0;60;0;
7649;3304237;992665600;18722816;1113059328;0;0;0;0;0;0;0;0;0;0;0;1933;0;0;89;0;60;0;
7650;3236590;992665600;18722816;1113059328;0;0;0;0;0;0;0;0;0;0;0;1663;0;0;89;0;60;0;
7651;1252238;992665600;18722816;1113059328;0;0;0;0;0;0;0;0;0;0;0;1613;0;0;89;0;60;0;
7652;2440677;992665600;18722816;1113059328;0;0;0;0;0;0;0;0;0;0;0;1733;0;0;89;0;60;0;
7653;1573992;992665600;18722816;1113059328;0;0;0;0;0;0;0;0;0;0;0;1433;0;0;89;0;60;0;
7654;4350299;992665600;18722816;1113059328;0;0;0;0;0;0;0;0;0;0;0;1473;0;0;89;0;60;0;
7655;3147092;992665600;18722816;1113059328;0;0;0;0;0;0;0;0;0;0;0;2064;0;0;89;0;60;0;
7656;2238929;992870400;18718720;1113055232;0;0;0;0;0;0;0;0;0;0;0;1463;0;0;89;0;60;0;
7657;1627943;992870400;18718720;1113055232;0;0;0;0;0;0;0;0;0;0;0;1362;0;0;89;0;60;0;
7658;2990739;992870400;18718720;1113055232;0;0;0;0;0;0;0;0;0;0;0;1603;0;0;89;0;60;0;
7659;4082637;992870400;18718720;1113055232;0;0;0;0;0;0;0;0;0;0;0;5541;0;0;89;0;60;0;
7660;5830324;992870400;18718720;1113055232;0;0;0;0;0;0;0;0;0;0;0;1673;0;0;89;0;60;0;
7661;3883533;992870400;18718720;1113055232;0;0;0;0;0;0;0;0;0;0;0;2184;0;0;89;0;60;0;
7662;2753103;987693056;13180928;1107517440;0;0;0;0;0;0;0;0;0;0;0;1753;0;0;89;0;60;0;
7663;1810405;987693056;13180928;1107517440;0;0;0;0;0;0;0;0;0;0;0;1403;0;0;89;0;60;0;
7664;2818136;987693056;13180928;1107517440;0;0;0;0;0;0;0;0;0;0;0;1422;0;0;89;0;60;0;
7665;1956429;987693056;13180928;1107517440;0;0;0;0;0;0;0;0;0;0;0;1633;0;0;89;0;60;0;
7666;6313220;990322688;18718720;1113055232;0;0;0;0;0;0;0;0;0;0;0;1613;0;0;89;0;60;0;
7667;3346386;990322688;18718720;1113055232;0;0;0;0;0;0;0;0;0;0;0;1683;0;0;89;0;60;0;
7668;3352798;992419840;18718720;1113055232;0;0;0;0;0;0;0;0;0;0;0;1523;0;0;89;0;60;0;
7669;2404039;992419840;18718720;1113055232;0;0;0;0;0;0;0;0;0;0;0;1613;0;0;89;0;60;0;
7670;2674526;992686080;18718720;1113055232;0;0;0;0;0;0;0;0;0;0;0;1413;0;0;89;0;60;0;
7671;1849850;992686080;18718720;1113055232;0;0;0;0;0;0;0;0;0;0;0;1472;0;0;89;0;60;0;
7672;4654409;992686080;18718720;1113055232;0;0;0;0;0;0;0;0;0;0;0;1442;0;0;89;0;60;0;
7673;3969364;992686080;18718720;1113055232;0;0;0;0;0;0;0;0;0;0;0;1784;0;0;89;0;60;0;
7674;2956886;992686080;18718720;1113055232;0;0;0;0;0;0;0;0;0;0;0;1522;0;0;89;0;60;0;
7675;2766147;992686080;18718720;1113055232;0;0;0;0;0;0;0;0;0;0;0;1422;0;0;89;0;60;0;
7676;2127570;992686080;18718720;1113055232;0;0;0;0;0;0;0;0;0;0;0;1373;0;0;89;0;60;0;
7677;1340133;992686080;18718720;1113055232;0;0;0;0;0;0;0;0;0;0;0;1423;0;0;89;0;60;0;
7678;5248823;992686080;18718720;1113055232;0;0;0;0;0;0;0;0;0;0;0;1613;0;0;89;0;60;0;
7679;3475498;992686080;18718720;1113055232;0;0;0;0;0;0;0;0;0;0;0;1963;0;0;89;0;60;0;
7680;1741706;992686080;18718720;1113055232;0;0;0;0;0;0;0;0;0;0;0;1644;0;0;89;0;60;0;
7681;1940379;992686080;18718720;1113055232;0;0;0;0;0;0;0;0;0;0;0;1462;0;0;89;0;60;0;
7682;3168733;992686080;18718720;1113055232;0;0;0;0;0;0;0;0;0;0;0;1433;0;0;89;0;60;0;
7683;1798523;992686080;18718720;1113055232;0;0;0;0;0;0;0;0;0;0;0;1603;0;0;89;0;60;0;
7684;4814319;992686080;18718720;1113055232;0;0;0;0;0;0;0;0;0;0;0;1673;0;0;89;0;60;0;
7685;4257635;992686080;18718720;1113055232;0;0;0;0;0;0;0;0;0;0;0;1834;0;0;89;0;60;0;
7686;2884830;987713536;13180928;1107517440;0;0;0;0;0;0;0;0;0;0;0;1513;0;0;89;0;60;0;
7687;1641378;987713536;13180928;1107517440;0;0;0;0;0;0;0;0;0;0;0;1383;0;0;89;0;60;0;
7688;3120291;987713536;13180928;1107517440;0;0;0;0;0;0;0;0;0;0;0;1644;0;0;89;0;60;0;
7689;1543435;987713536;13180928;1107517440;0;0;0;0;0;0;0;0;0;0;0;1644;0;0;89;0;60;0;
7690;5451674;990343168;18718720;1113055232;0;0;0;0;0;0;0;0;0;0;0;1483;0;0;89;0;60;0;
7691;6984799;990343168;18718720;1113055232;0;0;0;0;0;0;0;0;0;0;0;6372;0;0;89;0;60;0;
7692;3629897;992440320;18718720;1113055232;0;0;0;0;0;0;0;0;0;0;0;2415;0;0;89;0;60;0;
7693;3021597;992440320;18718720;1113055232;0;0;0;0;0;0;0;0;0;0;0;1203;0;0;89;0;60;0;
7694;2426170;992706560;18718720;1113055232;0;0;0;0;0;0;0;0;0;0;0;1653;0;0;89;0;60;0;
7695;1582639;992706560;18718720;1113055232;0;0;0;0;0;0;0;0;0;0;0;1633;0;0;89;0;60;0;
7696;5243012;992706560;18718720;1113055232;0;0;0;0;0;0;0;0;0;0;0;1693;0;0;89;0;60;0;
7697;5075919;992706560;18718720;1113055232;0;0;0;0;0;0;0;0;0;0;0;2585;0;0;89;0;60;0;
7698;3591826;992706560;18718720;1113055232;0;0;0;0;0;0;0;0;0;0;0;1623;0;0;89;0;60;0;
7699;1616632;992706560;18718720;1113055232;0;0;0;0;0;0;0;0;0;0;0;1814;0;0;89;0;60;0;
7700;3856583;992706560;18718720;1113055232;0;0;0;0;0;0;0;0;0;0;0;1683;0;0;89;0;60;0;
7701;1031404;992706560;18718720;1113055232;0;0;0;0;0;0;0;0;0;0;0;1743;0;0;89;0;60;0;
7702;5302454;992706560;18718720;1113055232;0;0;0;0;0;0;0;0;0;0;0;1753;0;0;89;0;60;0;
7703;5299409;992706560;18718720;1113055232;0;0;0;0;0;0;0;0;0;0;0;3036;0;0;89;0;60;0;
7704;2320853;992706560;18718720;1113055232;0;0;0;0;0;0;0;0;0;0;0;1764;0;0;89;0;60;0;
7705;2384582;992706560;18718720;1113055232;0;0;0;0;0;0;0;0;0;0;0;1844;0;0;89;0;60;0;
7706;3006338;992706560;18718720;1113055232;0;0;0;0;0;0;0;0;0;0;0;1743;0;0;89;0;60;0;
7707;2648377;992706560;18718720;1113055232;0;0;0;0;0;0;0;0;0;0;0;1262;0;0;89;0;60;0;
7708;6063802;992706560;18718720;1113055232;0;0;0;0;0;0;0;0;0;0;0;1853;0;0;89;0;60;0;
7709;5011539;992706560;18718720;1113055232;0;0;0;0;0;0;0;0;0;0;0;2295;0;0;89;0;60;0;
7710;3673338;987734016;13180928;1107517440;0;0;0;0;0;0;0;0;0;0;0;1764;0;0;89;0;60;0;
7711;2317436;987734016;13180928;1107517440;0;0;0;0;0;0;0;0;0;0;0;1453;0;0;89;0;60;0;
7712;2693291;987734016;13180928;1107517440;0;0;0;0;0;0;0;0;0;0;0;1563;0;0;89;0;60;0;
7713;2750298;987734016;13180928;1107517440;0;0;0;0;0;0;0;0;0;0;0;1562;0;0;89;0;60;0;
7714;5602607;990363648;18718720;1113055232;0;0;0;0;0;0;0;0;0;0;0;1413;0;0;89;0;60;0;
7715;4080913;990363648;18718720;1113055232;0;0;0;0;0;0;0;0;0;0;0;2685;0;0;89;0;60;0;
7716;4393379;992460800;18718720;1113055232;0;0;0;0;0;0;0;0;0;0;0;1913;0;0;89;0;60;0;
7717;2669416;992460800;18718720;1113055232;0;0;0;0;0;0;0;0;0;0;0;1623;0;0;89;0;60;0;
7718;4719210;992727040;18718720;1113055232;0;0;0;0;0;0;0;0;0;0;0;1653;0;0;89;0;60;0;
7719;2021982;992727040;18718720;1113055232;0;0;0;0;0;0;0;0;0;0;0;1924;0;0;89;0;60;0;
7720;4263055;992727040;18718720;1113055232;0;0;0;0;0;0;0;0;0;0;0;1914;0;0;89;0;60;0;
7721;5070078;992727040;18718720;1113055232;0;0;0;0;0;0;0;0;0;0;0;2846;0;0;89;0;60;0;
7722;3401719;992727040;18718720;1113055232;0;0;0;0;0;0;0;0;0;0;0;5009;0;0;89;0;60;0;
7723;3961980;992727040;18718720;1113055232;0;0;0;0;0;0;0;0;0;0;0;3065;0;0;89;0;60;0;
7724;4232488;992727040;18718720;1113055232;0;0;0;0;0;0;0;0;0;0;0;2375;0;0;89;0;60;0;
7725;2658586;992727040;18718720;1113055232;0;0;0;0;0;0;0;0;0;0;0;2865;0;0;89;0;60;0;
7726;5770612;992727040;18718720;1113055232;0;0;0;0;0;0;0;0;0;0;0;1603;0;0;89;0;60;0;
7727;4969780;992727040;18718720;1113055232;0;0;0;0;0;0;0;0;0;0;0;4859;0;0;89;0;60;0;
7728;2505138;992727040;18718720;1113055232;0;0;0;0;0;0;0;0;0;0;0;2174;0;0;89;0;60;0;
7729;3381321;992727040;18718720;1113055232;0;0;0;0;0;0;0;0;0;0;0;79619;0;0;89;0;60;0;
7730;4544313;992727040;18718720;1113055232;0;0;0;0;0;0;0;0;0;0;0;1813;0;0;89;0;60;0;
7731;1929498;992727040;18718720;1113055232;0;0;0;0;0;0;0;0;0;0;0;2044;0;0;89;0;60;0;
7732;5616192;992727040;18718720;1113055232;0;0;0;0;0;0;0;0;0;0;0;1703;0;0;89;0;60;0;
7733;6264469;992727040;18718720;1113055232;0;0;0;0;0;0;0;0;0;0;0;5420;0;0;89;0;60;0;
7734;4237336;987754496;13180928;1107517440;0;0;0;0;0;0;0;0;0;0;0;3496;0;0;89;0;60;0;
7735;1834450;987754496;13180928;1107517440;0;0;0;0;0;0;0;0;0;0;0;1633;0;0;89;0;60;0;
7736;4118955;987754496;13180928;1107517440;0;0;0;0;0;0;0;0;0;0;0;1683;0;0;89;0;60;0;
7737;3144587;987754496;13180928;1107517440;0;0;0;0;0;0;0;0;0;0;0;2926;0;0;89;0;60;0;
7738;8515289;990384128;18718720;1113055232;0;0;0;0;0;0;0;0;0;0;0;2534;0;0;89;0;60;0;
7739;3719596;990384128;18718720;1113055232;0;0;0;0;0;0;0;0;0;0;0;4859;0;0;89;0;60;0;
7740;3799566;992481280;18718720;1113055232;0;0;0;0;0;0;0;0;0;0;0;3396;0;0;89;0;60;0;
7741;2953188;992481280;18718720;1113055232;0;0;0;0;0;0;0;0;0;0;0;2465;0;0;89;0;60;0;
7742;2842191;992747520;18718720;1113055232;0;0;0;0;0;0;0;0;0;0;0;1693;0;0;89;0;60;0;
7743;1988650;992747520;18718720;1113055232;0;0;0;0;0;0;0;0;0;0;0;1643;0;0;89;0;60;0;
7744;5682537;992747520;18718720;1113055232;0;0;0;0;0;0;0;0;0;0;0;1703;0;0;89;0;60;0;
7745;5200523;992747520;18718720;1113055232;0;0;0;0;0;0;0;0;0;0;0;5050;0;0;89;0;60;0;
7746;3051253;992747520;18718720;1113055232;0;0;0;0;0;0;0;0;0;0;0;2545;0;0;89;0;60;0;
7747;1986936;992747520;18718720;1113055232;0;0;0;0;0;0;0;0;0;0;0;1853;0;0;89;0;60;0;
7748;3456743;992747520;18718720;1113055232;0;0;0;0;0;0;0;0;0;0;0;2014;0;0;89;0;60;0;
7749;2882276;992747520;18718720;1113055232;0;0;0;0;0;0;0;0;0;0;0;2464;0;0;89;0;60;0;
7750;6009580;992747520;18718720;1113055232;0;0;0;0;0;0;0;0;0;0;0;1753;0;0;89;0;60;0;
7751;5395599;992747520;18718720;1113055232;0;0;0;0;0;0;0;0;0;0;0;4799;0;0;89;0;60;0;
7752;3161018;992747520;18718720;1113055232;0;0;0;0;0;0;0;0;0;0;0;3165;0;0;89;0;60;0;
7753;2145083;992747520;18718720;1113055232;0;0;0;0;0;0;0;0;0;0;0;1803;0;0;89;0;60;0;
7754;3145820;992747520;18718720;1113055232;0;0;0;0;0;0;0;0;0;0;0;2054;0;0;89;0;60;0;
7755;9488695;992747520;18718720;1113055232;0;0;0;0;0;0;0;0;0;0;0;3777;0;0;89;0;60;0;
7756;6593555;992747520;18718720;1113055232;0;0;0;0;0;0;0;0;0;0;0;2635;0;0;89;0;60;0;
7757;4876315;992747520;18718720;1113055232;0;0;0;0;0;0;0;0;0;0;0;4278;0;0;89;0;60;0;
7758;3543866;987774976;13180928;1107517440;0;0;0;0;0;0;0;0;0;0;0;2845;0;0;89;0;60;0;
7759;1801007;987774976;13180928;1107517440;0;0;0;0;0;0;0;0;0;0;0;1813;0;0;89;0;60;0;
7760;4945985;987774976;13180928;1107517440;0;0;0;0;0;0;0;0;0;0;0;1654;0;0;89;0;60;0;
7761;2299583;987774976;13180928;1107517440;0;0;0;0;0;0;0;0;0;0;0;2514;0;0;89;0;60;0;
7762;6141869;990404608;18718720;1113055232;0;0;0;0;0;0;0;0;0;0;0;2014;0;0;89;0;60;0;
7763;5916075;990404608;18718720;1113055232;0;0;0;0;0;0;0;0;0;0;0;3888;0;0;89;0;60;0;
7764;4647857;992501760;18718720;1113055232;0;0;0;0;0;0;0;0;0;0;0;4168;0;0;89;0;60;0;
7765;2096802;992501760;18718720;1113055232;0;0;0;0;0;0;0;0;0;0;0;2395;0;0;89;0;60;0;
7766;2091192;992768000;18718720;1113055232;0;0;0;0;0;0;0;0;0;0;0;1503;0;0;89;0;60;0;
7767;1664221;992768000;18718720;1113055232;0;0;0;0;0;0;0;0;0;0;0;1703;0;0;89;0;60;0;
7768;5441174;992768000;18718720;1113055232;0;0;0;0;0;0;0;0;0;0;0;1383;0;0;89;0;60;0;
7769;4450046;992768000;18718720;1113055232;0;0;0;0;0;0;0;0;0;0;0;2034;0;0;89;0;60;0;
7770;2882276;992768000;18718720;1113055232;0;0;0;0;0;0;0;0;0;0;0;1513;0;0;89;0;60;0;
7771;2386565;992768000;18718720;1113055232;0;0;0;0;0;0;0;0;0;0;0;1512;0;0;89;0;60;0;
7772;2284465;992768000;18718720;1113055232;0;0;0;0;0;0;0;0;0;0;0;1443;0;0;89;0;60;0;
7773;1431595;992768000;18718720;1113055232;0;0;0;0;0;0;0;0;0;0;0;1222;0;0;89;0;60;0;
7774;5297144;993038336;18722816;1113059328;0;0;0;0;0;0;0;0;0;0;0;1713;0;0;89;0;60;0;
7775;3303455;993038336;18722816;1113059328;0;0;0;0;0;0;0;0;0;0;0;1613;0;0;89;0;60;0;
7776;3242741;993038336;18722816;1113059328;0;0;0;0;0;0;0;0;0;0;0;1432;0;0;89;0;60;0;
7777;2233018;993038336;18722816;1113059328;0;0;0;0;0;0;0;0;0;0;0;1443;0;0;89;0;60;0;
7778;2900329;993038336;18722816;1113059328;0;0;0;0;0;0;0;0;0;0;0;1383;0;0;89;0;60;0;
7779;2051097;993038336;18722816;1113059328;0;0;0;0;0;0;0;0;0;0;0;1724;0;0;89;0;60;0;
7780;5794757;993038336;18722816;1113059328;0;0;0;0;0;0;0;0;0;0;0;1303;0;0;89;0;60;0;
7781;3852465;993038336;18722816;1113059328;0;0;0;0;0;0;0;0;0;0;0;2534;0;0;89;0;60;0;
7782;2767229;987799552;13185024;1107521536;0;0;0;0;0;0;0;0;0;0;0;1523;0;0;89;0;60;0;
7783;1960607;987799552;13185024;1107521536;0;0;0;0;0;0;0;0;0;0;0;1443;0;0;89;0;60;0;
7784;2119084;987799552;13185024;1107521536;0;0;0;0;0;0;0;0;0;0;0;1393;0;0;89;0;60;0;
7785;2048762;987799552;13185024;1107521536;0;0;0;0;0;0;0;0;0;0;0;1403;0;0;89;0;60;0;
7786;6172296;990429184;18722816;1113059328;0;0;0;0;0;0;0;0;0;0;0;1753;0;0;89;0;60;0;
7787;3676505;990429184;18722816;1113059328;0;0;0;0;0;0;0;0;0;0;0;2194;0;0;89;0;60;0;
7788;2338666;992591872;18718720;1113055232;0;0;0;0;0;0;0;0;0;0;0;2064;0;0;89;0;60;0;
7789;1797882;992591872;18718720;1113055232;0;0;0;0;0;0;0;0;0;0;0;1372;0;0;89;0;60;0;
7790;2685406;992858112;18718720;1113055232;0;0;0;0;0;0;0;0;0;0;0;1784;0;0;89;0;60;0;
7791;2639170;992858112;18718720;1113055232;0;0;0;0;0;0;0;0;0;0;0;1442;0;0;89;0;60;0;
7792;5533828;992858112;18718720;1113055232;0;0;0;0;0;0;0;0;0;0;0;1433;0;0;89;0;60;0;
7793;3111966;992858112;18718720;1113055232;0;0;0;0;0;0;0;0;0;0;0;1944;0;0;89;0;60;0;
7794;3012841;992858112;18718720;1113055232;0;0;0;0;0;0;0;0;0;0;0;1392;0;0;89;0;60;0;
7795;1772554;992858112;18718720;1113055232;0;0;0;0;0;0;0;0;0;0;0;1443;0;0;89;0;60;0;
7796;1587607;992858112;18718720;1113055232;0;0;0;0;0;0;0;0;0;0;0;1403;0;0;89;0;60;0;
7797;1420875;992858112;18718720;1113055232;0;0;0;0;0;0;0;0;0;0;0;1372;0;0;89;0;60;0;
7798;5889425;992858112;18718720;1113055232;0;0;0;0;0;0;0;0;0;0;0;1412;0;0;89;0;60;0;
7799;4047411;992858112;18718720;1113055232;0;0;0;0;0;0;0;0;0;0;0;1643;0;0;89;0;60;0;
7800;2529955;992858112;18718720;1113055232;0;0;0;0;0;0;0;0;0;0;0;1743;0;0;89;0;60;0;
7801;1376171;992858112;18718720;1113055232;0;0;0;0;0;0;0;0;0;0;0;1573;0;0;89;0;60;0;
7802;1564865;992858112;18718720;1113055232;0;0;0;0;0;0;0;0;0;0;0;1693;0;0;89;0;60;0;
7803;1163733;992858112;18718720;1113055232;0;0;0;0;0;0;0;0;0;0;0;1423;0;0;89;0;60;0;
7804;5544558;992858112;18718720;1113055232;0;0;0;0;0;0;0;0;0;0;0;1352;0;0;89;0;60;0;
7805;4361219;992858112;18718720;1113055232;0;0;0;0;0;0;0;0;0;0;0;2044;0;0;89;0;60;0;
7806;3242651;987815936;13180928;1107517440;0;0;0;0;0;0;0;0;0;0;0;1503;0;0;89;0;60;0;
7807;1522645;987815936;13180928;1107517440;0;0;0;0;0;0;0;0;0;0;0;1393;0;0;89;0;60;0;
7808;2180630;987815936;13180928;1107517440;0;0;0;0;0;0;0;0;0;0;0;1683;0;0;89;0;60;0;
7809;1632472;987815936;13180928;1107517440;0;0;0;0;0;0;0;0;0;0;0;1543;0;0;89;0;60;0;
7810;6307138;990445568;18718720;1113055232;0;0;0;0;0;0;0;0;0;0;0;1593;0;0;89;0;60;0;
7811;3571107;990445568;18718720;1113055232;0;0;0;0;0;0;0;0;0;0;0;2374;0;0;89;0;60;0;
7812;3139527;992542720;18718720;1113055232;0;0;0;0;0;0;0;0;0;0;0;1412;0;0;89;0;60;0;
7813;1841073;992542720;18718720;1113055232;0;0;0;0;0;0;0;0;0;0;0;1523;0;0;89;0;60;0;
7814;2720101;993079296;18718720;1113055232;0;0;0;0;0;0;0;0;0;0;0;1443;0;0;89;0;60;0;
7815;1671935;993079296;18718720;1113055232;0;0;0;0;0;0;0;0;0;0;0;1513;0;0;89;0;60;0;
7816;4697349;993079296;18718720;1113055232;0;0;0;0;0;0;0;0;0;0;0;1443;0;0;89;0;60;0;
7817;4274777;993079296;18718720;1113055232;0;0;0;0;0;0;0;0;0;0;0;2094;0;0;89;0;60;0;
7818;2142579;993079296;18718720;1113055232;0;0;0;0;0;0;0;0;0;0;0;1392;0;0;89;0;60;0;
7819;1526973;993079296;18718720;1113055232;0;0;0;0;0;0;0;0;0;0;0;1693;0;0;89;0;60;0;
7820;3004214;993079296;18718720;1113055232;0;0;0;0;0;0;0;0;0;0;0;1583;0;0;89;0;60;0;
7821;2130485;993079296;18718720;1113055232;0;0;0;0;0;0;0;0;0;0;0;1913;0;0;89;0;60;0;
7822;5161560;993079296;18718720;1113055232;0;0;0;0;0;0;0;0;0;0;0;1613;0;0;89;0;60;0;
7823;3588270;993079296;18718720;1113055232;0;0;0;0;0;0;0;0;0;0;0;3026;0;0;89;0;61;0;
7824;2555422;993079296;18718720;1113055232;0;0;0;0;0;0;0;0;0;0;0;1463;0;0;89;0;61;0;
7825;2295214;993079296;18718720;1113055232;0;0;0;0;0;0;0;0;0;0;0;1453;0;0;89;0;61;0;
7826;2210265;993079296;18718720;1113055232;0;0;0;0;0;0;0;0;0;0;0;1493;0;0;89;0;61;0;
7827;2042721;993079296;18718720;1113055232;0;0;0;0;0;0;0;0;0;0;0;1623;0;0;89;0;61;0;
7828;4967857;993079296;18718720;1113055232;0;0;0;0;0;0;0;0;0;0;0;1503;0;0;89;0;61;0;
7829;2377428;993079296;18718720;1113055232;0;0;0;0;0;0;0;0;0;0;0;1673;0;0;89;0;61;0;
7830;2584367;987836416;13180928;1107517440;0;0;0;0;0;0;0;0;0;0;0;1433;0;0;89;0;61;0;
7831;1981095;987836416;13180928;1107517440;0;0;0;0;0;0;0;0;0;0;0;1493;0;0;89;0;61;0;
7832;2109406;987836416;13180928;1107517440;0;0;0;0;0;0;0;0;0;0;0;1372;0;0;89;0;61;0;
7833;2480101;990466048;18718720;1113055232;0;0;0;0;0;0;0;0;0;0;0;1804;0;0;89;0;61;0;
7834;4561284;990466048;18718720;1113055232;0;0;0;0;0;0;0;0;0;0;0;1462;0;0;89;0;61;0;
7835;3294609;990466048;18718720;1113055232;0;0;0;0;0;0;0;0;0;0;0;3397;0;0;89;0;62;0;
7836;3401579;992563200;18718720;1113055232;0;0;0;0;0;0;0;0;0;0;0;1673;0;0;89;0;62;0;
7837;1929999;992563200;18718720;1113055232;0;0;0;0;0;0;0;0;0;0;0;1443;0;0;89;0;62;0;
7838;2646093;993099776;18718720;1113055232;0;0;0;0;0;0;0;0;0;0;0;1452;0;0;89;0;62;0;
7839;1695680;993099776;18718720;1113055232;0;0;0;0;0;0;0;0;0;0;0;1563;0;0;89;0;62;0;
7840;5246910;993099776;18718720;1113055232;0;0;0;0;0;0;0;0;0;0;0;1422;0;0;89;0;62;0;
7841;3521544;993099776;18718720;1113055232;0;0;0;0;0;0;0;0;0;0;0;1803;0;0;89;0;62;0;
7842;2751610;993099776;18718720;1113055232;0;0;0;0;0;0;0;0;0;0;0;1463;0;0;89;0;62;0;
7843;1930570;993099776;18718720;1113055232;0;0;0;0;0;0;0;0;0;0;0;1472;0;0;89;0;62;0;
7844;2407525;993099776;18718720;1113055232;0;0;0;0;0;0;0;0;0;0;0;1472;0;0;89;0;62;0;
7845;1559715;993099776;18718720;1113055232;0;0;0;0;0;0;0;0;0;0;0;1603;0;0;89;0;62;0;
7846;4673905;993099776;18718720;1113055232;0;0;0;0;0;0;0;0;0;0;0;1523;0;0;89;0;62;0;
7847;3188510;993099776;18718720;1113055232;0;0;0;0;0;0;0;0;0;0;0;1884;0;0;89;0;62;0;
7848;3125331;993099776;18718720;1113055232;0;0;0;0;0;0;0;0;0;0;0;1443;0;0;89;0;62;0;
7849;2282340;993099776;18718720;1113055232;0;0;0;0;0;0;0;0;0;0;0;1443;0;0;89;0;62;0;
7850;2151906;993099776;18718720;1113055232;0;0;0;0;0;0;0;0;0;0;0;1463;0;0;89;0;62;0;
7851;1821135;993099776;18718720;1113055232;0;0;0;0;0;0;0;0;0;0;0;1463;0;0;89;0;62;0;
7852;4660571;993099776;18718720;1113055232;0;0;0;0;0;0;0;0;0;0;0;1442;0;0;89;0;62;0;
7853;3795197;993099776;18718720;1113055232;0;0;0;0;0;0;0;0;0;0;0;2635;0;0;89;0;62;0;
7854;2100389;993099776;18718720;1113055232;0;0;0;0;0;0;0;0;0;0;0;1402;0;0;89;0;62;0;
7855;1918107;993099776;18718720;1113055232;0;0;0;0;0;0;0;0;0;0;0;1442;0;0;89;0;62;0;
7856;2534814;993099776;18718720;1113055232;0;0;0;0;0;0;0;0;0;0;0;1463;0;0;89;0;62;0;
7857;2108494;993099776;18718720;1113055232;0;0;0;0;0;0;0;0;0;0;0;1613;0;0;89;0;62;0;
7858;5065760;993099776;18718720;1113055232;0;0;0;0;0;0;0;0;0;0;0;1443;0;0;89;0;62;0;
7859;4114937;993099776;18718720;1113055232;0;0;0;0;0;0;0;0;0;0;0;1824;0;0;89;0;62;0;
7860;3027578;993099776;18718720;1113055232;0;0;0;0;0;0;0;0;0;0;0;1413;0;0;89;0;62;0;
7861;1472502;993099776;18718720;1113055232;0;0;0;0;0;0;0;0;0;0;0;1593;0;0;89;0;62;0;
7862;2288452;993099776;18718720;1113055232;0;0;0;0;0;0;0;0;0;0;0;1413;0;0;89;0;62;0;
7863;1575314;993099776;18718720;1113055232;0;0;0;0;0;0;0;0;0;0;0;2836;0;0;89;0;63;0;
7864;5407601;993099776;18718720;1113055232;0;0;0;0;0;0;0;0;0;0;0;1512;0;0;89;0;63;0;
7865;3755734;993099776;18718720;1113055232;0;0;0;0;0;0;0;0;0;0;0;2184;0;0;89;0;63;0;
7866;2492384;993099776;18718720;1113055232;0;0;0;0;0;0;0;0;0;0;0;1473;0;0;89;0;63;0;
7867;1980845;993099776;18718720;1113055232;0;0;0;0;0;0;0;0;0;0;0;1212;0;0;89;0;63;0;
7868;2480421;993099776;18718720;1113055232;0;0;0;0;0;0;0;0;0;0;0;1443;0;0;89;0;63;0;
7869;1873944;993099776;18718720;1113055232;0;0;0;0;0;0;0;0;0;0;0;1463;0;0;89;0;63;0;
7870;4920719;993099776;18718720;1113055232;0;0;0;0;0;0;0;0;0;0;0;1392;0;0;89;0;63;0;
7871;3063015;993099776;18718720;1113055232;0;0;0;0;0;0;0;0;0;0;0;1863;0;0;89;0;63;0;
7872;2296267;993099776;18718720;1113055232;0;0;0;0;0;0;0;0;0;0;0;1654;0;0;89;0;63;0;
7873;1118708;993099776;18718720;1113055232;0;0;0;0;0;0;0;0;0;0;0;1513;0;0;89;0;63;0;
7874;2412575;993099776;18718720;1113055232;0;0;0;0;0;0;0;0;0;0;0;1452;0;0;89;0;63;0;
7875;1498350;993099776;18718720;1113055232;0;0;0;0;0;0;0;0;0;0;0;1573;0;0;89;0;63;0;
7876;5138957;993099776;18718720;1113055232;0;0;0;0;0;0;0;0;0;0;0;1583;0;0;89;0;63;0;
7877;3652881;993099776;18718720;1113055232;0;0;0;0;0;0;0;0;0;0;0;12373;0;0;89;0;63;0;
7878;2886072;993099776;18718720;1113055232;0;0;0;0;0;0;0;0;0;0;0;1242;0;0;89;0;63;0;
7879;1765501;993099776;18718720;1113055232;0;0;0;0;0;0;0;0;0;0;0;1603;0;0;89;0;63;0;
7880;2781807;993099776;18718720;1113055232;0;0;0;0;0;0;0;0;0;0;0;1443;0;0;89;0;63;0;
7881;2259447;993099776;18718720;1113055232;0;0;0;0;0;0;0;0;0;0;0;2816;0;0;89;0;65;0;
7882;4508375;993099776;18718720;1113055232;0;0;0;0;0;0;0;0;0;0;0;1663;0;0;89;0;65;0;
7883;3549326;993099776;18718720;1113055232;0;0;0;0;0;0;0;0;0;0;0;1553;0;0;89;0;65;0;
7884;2888457;993099776;18718720;1113055232;0;0;0;0;0;0;0;0;0;0;0;1483;0;0;89;0;65;0;
7885;1827317;993099776;18718720;1113055232;0;0;0;0;0;0;0;0;0;0;0;1493;0;0;89;0;65;0;
7886;3446323;993099776;18718720;1113055232;0;0;0;0;0;0;0;0;0;0;0;2665;0;0;89;0;67;0;
7887;2359926;993099776;18718720;1113055232;0;0;0;0;0;0;0;0;0;0;0;1423;0;0;89;0;67;0;
7888;5150839;993099776;18718720;1113055232;0;0;0;0;0;0;0;0;0;0;0;1453;0;0;89;0;67;0;
7889;2406023;993099776;18718720;1113055232;0;0;0;0;0;0;0;0;0;0;0;2094;0;0;89;0;67;0;
7890;3136342;993099776;18718720;1113055232;0;0;0;0;0;0;0;0;0;0;0;1443;0;0;89;0;67;0;
7891;2110789;993099776;18718720;1113055232;0;0;0;0;0;0;0;0;0;0;0;1462;0;0;89;0;67;0;
7892;3193659;993099776;18718720;1113055232;0;0;0;0;0;0;0;0;0;0;0;1403;0;0;89;0;67;0;
7893;1863315;993099776;18718720;1113055232;0;0;0;0;0;0;0;0;0;0;0;1472;0;0;89;0;67;0;
7894;5483835;993099776;18718720;1113055232;0;0;0;0;0;0;0;0;0;0;0;1383;0;0;89;0;67;0;
7895;2994917;993099776;18718720;1113055232;0;0;0;0;0;0;0;0;0;0;0;1713;0;0;89;0;67;0;
7896;3874606;993099776;18718720;1113055232;0;0;0;0;0;0;0;0;0;0;0;1813;0;0;89;0;67;0;
7897;2666231;993099776;18718720;1113055232;0;0;0;0;0;0;0;0;0;0;0;3537;0;0;89;0;68;0;
7898;2608512;993099776;18718720;1113055232;0;0;0;0;0;0;0;0;0;0;0;1783;0;0;89;0;68;0;
7899;2234500;993099776;18718720;1113055232;0;0;0;0;0;0;0;0;0;0;0;1453;0;0;89;0;68;0;
7900;5935912;993099776;18718720;1113055232;0;0;0;0;0;0;0;0;0;0;0;1713;0;0;89;0;68;0;
7901;4180871;993099776;18718720;1113055232;0;0;0;0;0;0;0;0;0;0;0;23785;0;0;89;0;68;0;
7902;2093827;993099776;18718720;1113055232;0;0;0;0;0;0;0;0;0;0;0;2975;0;0;89;0;69;0;
7903;2402906;993099776;18718720;1113055232;0;0;0;0;0;0;0;0;0;0;0;1252;0;0;89;0;69;0;
7904;2824817;993099776;18718720;1113055232;0;0;0;0;0;0;0;0;0;0;0;1402;0;0;89;0;69;0;
7905;1818771;993099776;18718720;1113055232;0;0;0;0;0;0;0;0;0;0;0;1794;0;0;89;0;69;0;
7906;5111196;993099776;18718720;1113055232;0;0;0;0;0;0;0;0;0;0;0;1473;0;0;89;0;69;0;
7907;3566489;993099776;18718720;1113055232;0;0;0;0;0;0;0;0;0;0;0;1733;0;0;89;0;69;0;
7908;2110017;993099776;18718720;1113055232;0;0;0;0;0;0;0;0;0;0;0;1422;0;0;89;0;69;0;
7909;1912747;993099776;18718720;1113055232;0;0;0;0;0;0;0;0;0;0;0;1683;0;0;89;0;69;0;
7910;2055525;993099776;18718720;1113055232;0;0;0;0;0;0;0;0;0;0;0;1813;0;0;89;0;69;0;
7911;1148834;993099776;18718720;1113055232;0;0;0;0;0;0;0;0;0;0;0;1823;0;0;89;0;69;0;
7912;3905304;993099776;18718720;1113055232;0;0;0;0;0;0;0;0;0;0;0;1393;0;0;89;0;69;0;
7913;2770136;993099776;18718720;1113055232;0;0;0;0;0;0;0;0;0;0;0;2004;0;0;89;0;69;0;
7914;2787027;993099776;18718720;1113055232;0;0;0;0;0;0;0;0;0;0;0;1724;0;0;89;0;69;0;
7915;2132029;993099776;18718720;1113055232;0;0;0;0;0;0;0;0;0;0;0;2865;0;0;89;0;70;0;
7916;3055630;993099776;18718720;1113055232;0;0;0;0;0;0;0;0;0;0;0;1353;0;0;89;0;70;0;
7917;2566143;993099776;18718720;1113055232;0;0;0;0;0;0;0;0;0;0;0;1613;0;0;89;0;70;0;
7918;5078183;993099776;18718720;1113055232;0;0;0;0;0;0;0;0;0;0;0;1603;0;0;89;0;70;0;
7919;2780124;993099776;18718720;1113055232;0;0;0;0;0;0;0;0;0;0;0;1694;0;0;89;0;70;0;
7920;2145213;993099776;18718720;1113055232;0;0;0;0;0;0;0;0;0;0;0;1733;0;0;89;0;70;0;
7921;2221877;993099776;18718720;1113055232;0;0;0;0;0;0;0;0;0;0;0;1432;0;0;89;0;70;0;
7922;2513454;993099776;18718720;1113055232;0;0;0;0;0;0;0;0;0;0;0;1453;0;0;89;0;70;0;
7923;2526559;993099776;18718720;1113055232;0;0;0;0;0;0;0;0;0;0;0;1442;0;0;89;0;70;0;
7924;4964150;993099776;18718720;1113055232;0;0;0;0;0;0;0;0;0;0;0;1553;0;0;89;0;70;0;
7925;3775701;993099776;18718720;1113055232;0;0;0;0;0;0;0;0;0;0;0;1773;0;0;89;0;70;0;
7926;2174708;993099776;18718720;1113055232;0;0;0;0;0;0;0;0;0;0;0;1443;0;0;89;0;70;0;
7927;1837957;993099776;18718720;1113055232;0;0;0;0;0;0;0;0;0;0;0;1653;0;0;89;0;70;0;
7928;2598132;993099776;18718720;1113055232;0;0;0;0;0;0;0;0;0;0;0;1503;0;0;89;0;70;0;
7929;2090771;993099776;18718720;1113055232;0;0;0;0;0;0;0;0;0;0;0;1743;0;0;89;0;70;0;
7930;4832853;993099776;18718720;1113055232;0;0;0;0;0;0;0;0;0;0;0;1482;0;0;89;0;70;0;
7931;3492790;993099776;18718720;1113055232;0;0;0;0;0;0;0;0;0;0;0;1974;0;0;89;0;70;0;
7932;8611961;993099776;18718720;1113055232;0;0;0;0;0;0;0;0;0;0;0;1392;0;0;89;0;70;0;
7933;2224442;993099776;18718720;1113055232;0;0;0;0;0;0;0;0;0;0;0;151023;0;0;89;0;70;0;
7934;3293637;993099776;18718720;1113055232;0;0;0;0;0;0;0;0;0;0;0;1513;0;0;89;0;70;0;
7935;3611673;993099776;18718720;1113055232;0;0;0;0;0;0;0;0;0;0;0;3476;0;0;89;0;70;0;
7936;5560498;993099776;18718720;1113055232;0;0;0;0;0;0;0;0;0;0;0;2354;0;0;89;0;70;0;
7937;4454444;993099776;18718720;1113055232;0;0;0;0;0;0;0;0;0;0;0;4709;0;0;89;0;70;0;
7938;3558343;993099776;18718720;1113055232;0;0;0;0;0;0;0;0;0;0;0;1643;0;0;89;0;70;0;
7939;2223740;993099776;18718720;1113055232;0;0;0;0;0;0;0;0;0;0;0;2545;0;0;89;0;70;0;
7940;2821110;993099776;18718720;1113055232;0;0;0;0;0;0;0;0;0;0;0;1222;0;0;89;0;70;0;
7941;1851322;993099776;18718720;1113055232;0;0;0;0;0;0;0;0;0;0;0;2134;0;0;89;0;70;0;
7942;5491018;993099776;18718720;1113055232;0;0;0;0;0;0;0;0;0;0;0;1663;0;0;89;0;70;0;
7943;3889835;993099776;18718720;1113055232;0;0;0;0;0;0;0;0;0;0;0;4008;0;0;89;0;70;0;
7944;2372589;993099776;18718720;1113055232;0;0;0;0;0;0;0;0;0;0;0;1463;0;0;89;0;70;0;
7945;1228253;993099776;18718720;1113055232;0;0;0;0;0;0;0;0;0;0;0;1763;0;0;89;0;70;0;
7946;2706346;993099776;18718720;1113055232;0;0;0;0;0;0;0;0;0;0;0;1914;0;0;89;0;70;0;
7947;2623861;993099776;18718720;1113055232;0;0;0;0;0;0;0;0;0;0;0;1413;0;0;89;0;70;0;
7948;6459544;993099776;18718720;1113055232;0;0;0;0;0;0;0;0;0;0;0;1603;0;0;89;0;70;0;
7949;4044465;993099776;18718720;1113055232;0;0;0;0;0;0;0;0;0;0;0;5200;0;0;89;0;70;0;
7950;3472642;993099776;18718720;1113055232;0;0;0;0;0;0;0;0;0;0;0;3066;0;0;89;0;70;0;
7951;2916500;993099776;18718720;1113055232;0;0;0;0;0;0;0;0;0;0;0;3436;0;0;89;0;70;0;
7952;3430834;993099776;18718720;1113055232;0;0;0;0;0;0;0;0;0;0;0;1442;0;0;89;0;70;0;
7953;2773632;993099776;18718720;1113055232;0;0;0;0;0;0;0;0;0;0;0;3126;0;0;89;0;70;0;
7954;6409921;993099776;18718720;1113055232;0;0;0;0;0;0;0;0;0;0;0;2314;0;0;89;0;70;0;
7955;6713630;993099776;18718720;1113055232;0;0;0;0;0;0;0;0;0;0;0;6692;0;0;89;0;70;0;
7956;4861197;993099776;18718720;1113055232;0;0;0;0;0;0;0;0;0;0;0;3637;0;0;89;0;70;0;
7957;2781336;993099776;18718720;1113055232;0;0;0;0;0;0;0;0;0;0;0;4368;0;0;89;0;70;0;
7958;3856132;993099776;18718720;1113055232;0;0;0;0;0;0;0;0;0;0;0;2405;0;0;89;0;70;0;
7959;3789907;993099776;18718720;1113055232;0;0;0;0;0;0;0;0;0;0;0;4238;0;0;89;0;70;0;
7960;7219669;993099776;18718720;1113055232;0;0;0;0;0;0;0;0;0;0;0;3497;0;0;89;0;70;0;
7961;5702104;993099776;18718720;1113055232;0;0;0;0;0;0;0;0;0;0;0;5821;0;0;89;0;70;0;
7962;6160743;993099776;18718720;1113055232;0;0;0;0;0;0;0;0;0;0;0;4719;0;0;89;0;70;0;
7963;2451658;993099776;18718720;1113055232;0;0;0;0;0;0;0;0;0;0;0;3667;0;0;89;0;70;0;
7964;2950734;993099776;18718720;1113055232;0;0;0;0;0;0;0;0;0;0;0;2144;0;0;89;0;70;0;
7965;3089614;993099776;18718720;1113055232;0;0;0;0;0;0;0;0;0;0;0;2555;0;0;89;0;70;0;
7966;7250858;993099776;18718720;1113055232;0;0;0;0;0;0;0;0;0;0;0;2084;0;0;89;0;70;0;
7967;6728628;993099776;18718720;1113055232;0;0;0;0;0;0;0;0;0;0;0;5851;0;0;89;0;70;0;
7968;5538848;993099776;18718720;1113055232;0;0;0;0;0;0;0;0;0;0;0;4718;0;0;89;0;70;0;
7969;3008502;993099776;18718720;1113055232;0;0;0;0;0;0;0;0;0;0;0;4479;0;0;89;0;70;0;
7970;2230724;993099776;18718720;1113055232;0;0;0;0;0;0;0;0;0;0;0;1813;0;0;89;0;70;0;
7971;3214348;993099776;18718720;1113055232;0;0;0;0;0;0;0;0;0;0;0;2966;0;0;89;0;70;0;
7972;7101038;993099776;18718720;1113055232;0;0;0;0;0;0;0;0;0;0;0;1734;0;0;89;0;70;0;
7973;6563209;993099776;18718720;1113055232;0;0;0;0;0;0;0;0;0;0;0;5731;0;0;89;0;70;0;
7974;3477462;993099776;18718720;1113055232;0;0;0;0;0;0;0;0;0;0;0;2385;0;0;89;0;70;0;
7975;1435322;993099776;18718720;1113055232;0;0;0;0;0;0;0;0;0;0;0;1874;0;0;89;0;70;0;
7976;1814643;993099776;18718720;1113055232;0;0;0;0;0;0;0;0;0;0;0;1403;0;0;89;0;70;0;
7977;1546951;993099776;18718720;1113055232;0;0;0;0;0;0;0;0;0;0;0;1472;0;0;89;0;70;0;
7978;6935176;993099776;18718720;1113055232;0;0;0;0;0;0;0;0;0;0;0;1753;0;0;89;0;70;0;
7979;5519972;993099776;18718720;1113055232;0;0;0;0;0;0;0;0;0;0;0;4559;0;0;89;0;70;0;
7980;3642020;993099776;18718720;1113055232;0;0;0;0;0;0;0;0;0;0;0;2585;0;0;89;0;70;0;
7981;4115809;993099776;18718720;1113055232;0;0;0;0;0;0;0;0;0;0;0;3006;0;0;89;0;70;0;
7982;3566679;993099776;18718720;1113055232;0;0;0;0;0;0;0;0;0;0;0;2124;0;0;89;0;70;0;
7983;1246618;993099776;18718720;1113055232;0;0;0;0;0;0;0;0;0;0;0;1533;0;0;89;0;70;0;
7984;5128057;993099776;18718720;1113055232;0;0;0;0;0;0;0;0;0;0;0;1392;0;0;89;0;70;0;
7985;5457535;993099776;18718720;1113055232;0;0;0;0;0;0;0;0;0;0;0;5320;0;0;89;0;70;0;
7986;3077461;993099776;18718720;1113055232;0;0;0;0;0;0;0;0;0;0;0;1883;0;0;89;0;70;0;
7987;2879791;993099776;18718720;1113055232;0;0;0;0;0;0;0;0;0;0;0;2655;0;0;89;0;70;0;
7988;3011658;993099776;18718720;1113055232;0;0;0;0;0;0;0;0;0;0;0;1693;0;0;89;0;70;0;
7989;2482726;993099776;18718720;1113055232;0;0;0;0;0;0;0;0;0;0;0;1703;0;0;89;0;70;0;
7990;5668931;993099776;18718720;1113055232;0;0;0;0;0;0;0;0;0;0;0;1462;0;0;89;0;70;0;
7991;4897004;993099776;18718720;1113055232;0;0;0;0;0;0;0;0;0;0;0;4728;0;0;89;0;70;0;
7992;3067012;993099776;18718720;1113055232;0;0;0;0;0;0;0;0;0;0;0;1513;0;0;89;0;70;0;
7993;1661196;993099776;18718720;1113055232;0;0;0;0;0;0;0;0;0;0;0;1864;0;0;89;0;70;0;
7994;4177355;993099776;18718720;1113055232;0;0;0;0;0;0;0;0;0;0;0;1844;0;0;89;0;70;0;
7995;2950062;993099776;18718720;1113055232;0;0;0;0;0;0;0;0;0;0;0;2214;0;0;89;0;70;0;
7996;5961040;993099776;18718720;1113055232;0;0;0;0;0;0;0;0;0;0;0;1633;0;0;89;0;70;0;
7997;3537935;993099776;18718720;1113055232;0;0;0;0;0;0;0;0;0;0;0;4038;0;0;89;0;70;0;
7998;3130120;993099776;18718720;1113055232;0;0;0;0;0;0;0;0;0;0;0;1603;0;0;89;0;70;0;
7999;2580850;993099776;18718720;1113055232;0;0;0;0;0;0;0;0;0;0;0;1823;0;0;89;0;70;0;
8000;3748841;993099776;18718720;1113055232;0;0;0;0;0;0;0;0;0;0;0;1613;0;0;89;0;70;0;
8001;2562766;993099776;18718720;1113055232;0;0;0;0;0;0;0;0;0;0;0;2494;0;0;89;0;70;0;
8002;6418447;993099776;18718720;1113055232;0;0;0;0;0;0;0;0;0;0;0;2024;0;0;89;0;70;0;
8003;4225685;993099776;18718720;1113055232;0;0;0;0;0;0;0;0;0;0;0;4148;0;0;89;0;70;0;
8004;2881273;993099776;18718720;1113055232;0;0;0;0;0;0;0;0;0;0;0;1894;0;0;89;0;70;0;
8005;2311164;993099776;18718720;1113055232;0;0;0;0;0;0;0;0;0;0;0;1914;0;0;89;0;70;0;
8006;2491443;993099776;18718720;1113055232;0;0;0;0;0;0;0;0;0;0;0;1423;0;0;89;0;70;0;
8007;2890350;993099776;18718720;1113055232;0;0;0;0;0;0;0;0;0;0;0;3076;0;0;89;0;70;0;
8008;6017666;993099776;18718720;1113055232;0;0;0;0;0;0;0;0;0;0;0;1623;0;0;89;0;70;0;
8009;5549698;993099776;18718720;1113055232;0;0;0;0;0;0;0;0;0;0;0;4268;0;0;89;0;70;0;
8010;2241233;993099776;18718720;1113055232;0;0;0;0;0;0;0;0;0;0;0;1714;0;0;89;0;70;0;
8011;1451562;993099776;18718720;1113055232;0;0;0;0;0;0;0;0;0;0;0;1533;0;0;89;0;70;0;
8012;3102769;993099776;18718720;1113055232;0;0;0;0;0;0;0;0;0;0;0;1433;0;0;89;0;70;0;
8013;2608813;993099776;18718720;1113055232;0;0;0;0;0;0;0;0;0;0;0;5350;0;0;89;0;70;0;
8014;4916871;993099776;18718720;1113055232;0;0;0;0;0;0;0;0;0;0;0;1703;0;0;89;0;70;0;
8015;3351005;993370112;18718720;1113055232;0;0;0;0;0;0;0;0;0;0;0;2355;0;0;89;0;70;0;
8016;1643522;993370112;18718720;1113055232;0;0;0;0;0;0;0;0;0;0;0;1422;0;0;89;0;70;0;
8017;1203416;993370112;18718720;1113055232;0;0;0;0;0;0;0;0;0;0;0;1222;0;0;89;0;70;0;
8018;1716339;993370112;18718720;1113055232;0;0;0;0;0;0;0;0;0;0;0;1433;0;0;89;0;70;0;
8019;1709987;993370112;18718720;1113055232;0;0;0;0;0;0;0;0;0;0;0;1563;0;0;89;0;70;0;
8020;4618431;993370112;18718720;1113055232;0;0;0;0;0;0;0;0;0;0;0;1834;0;0;89;0;70;0;
8021;3328713;993370112;18718720;1113055232;0;0;0;0;0;0;0;0;0;0;0;1783;0;0;89;0;70;0;
8022;2295785;993370112;18718720;1113055232;0;0;0;0;0;0;0;0;0;0;0;1503;0;0;89;0;70;0;
8023;1416016;993370112;18718720;1113055232;0;0;0;0;0;0;0;0;0;0;0;1252;0;0;89;0;70;0;
8024;2300254;993370112;18718720;1113055232;0;0;0;0;0;0;0;0;0;0;0;1222;0;0;89;0;70;0;
8025;1903260;993370112;18718720;1113055232;0;0;0;0;0;0;0;0;0;0;0;1463;0;0;89;0;70;0;
8026;5363589;993370112;18718720;1113055232;0;0;0;0;0;0;0;0;0;0;0;26039;0;0;89;0;70;0;
8027;3346065;993370112;18718720;1113055232;0;0;0;0;0;0;0;0;0;0;0;1533;0;0;89;0;70;0;
8028;2610326;993370112;18718720;1113055232;0;0;0;0;0;0;0;0;0;0;0;1713;0;0;89;0;70;0;
8029;1911013;993370112;18718720;1113055232;0;0;0;0;0;0;0;0;0;0;0;1442;0;0;89;0;70;0;
8030;2247766;993370112;18718720;1113055232;0;0;0;0;0;0;0;0;0;0;0;1433;0;0;89;0;70;0;
8031;1359149;993370112;18718720;1113055232;0;0;0;0;0;0;0;0;0;0;0;1432;0;0;89;0;70;0;
8032;5367907;993370112;18718720;1113055232;0;0;0;0;0;0;0;0;0;0;0;1563;0;0;89;0;70;0;
8033;2704282;993370112;18718720;1113055232;0;0;0;0;0;0;0;0;0;0;0;1984;0;0;89;0;70;0;
8034;2424236;993370112;18718720;1113055232;0;0;0;0;0;0;0;0;0;0;0;1593;0;0;89;0;70;0;
8035;1392631;993370112;18718720;1113055232;0;0;0;0;0;0;0;0;0;0;0;1452;0;0;89;0;70;0;
8036;2076133;993370112;18718720;1113055232;0;0;0;0;0;0;0;0;0;0;0;1502;0;0;89;0;70;0;
8037;1875678;993370112;18718720;1113055232;0;0;0;0;0;0;0;0;0;0;0;1473;0;0;89;0;70;0;
8038;4486685;993370112;18718720;1113055232;0;0;0;0;0;0;0;0;0;0;0;1513;0;0;89;0;70;0;
8039;2885521;993370112;18718720;1113055232;0;0;0;0;0;0;0;0;0;0;0;2294;0;0;89;0;70;0;
8040;2781316;993370112;18718720;1113055232;0;0;0;0;0;0;0;0;0;0;0;1733;0;0;89;0;70;0;
8041;1317020;993370112;18718720;1113055232;0;0;0;0;0;0;0;0;0;0;0;1412;0;0;89;0;70;0;
8042;2536687;993370112;18718720;1113055232;0;0;0;0;0;0;0;0;0;0;0;1453;0;0;89;0;70;0;
8043;1862853;993370112;18718720;1113055232;0;0;0;0;0;0;0;0;0;0;0;1402;0;0;89;0;70;0;
8044;4934764;993370112;18718720;1113055232;0;0;0;0;0;0;0;0;0;0;0;1403;0;0;89;0;70;0;
8045;3060459;993370112;18718720;1113055232;0;0;0;0;0;0;0;0;0;0;0;1903;0;0;89;0;70;0;
8046;2544181;993636352;18718720;1113055232;0;0;0;0;0;0;0;0;0;0;0;1403;0;0;89;0;70;0;
8047;1851542;993636352;18718720;1113055232;0;0;0;0;0;0;0;0;0;0;0;1413;0;0;89;0;70;0;
8048;2014728;993636352;18718720;1113055232;0;0;0;0;0;0;0;0;0;0;0;1373;0;0;89;0;70;0;
8049;1600411;993636352;18718720;1113055232;0;0;0;0;0;0;0;0;0;0;0;1563;0;0;89;0;70;0;
8050;4638599;993636352;18718720;1113055232;0;0;0;0;0;0;0;0;0;0;0;1573;0;0;89;0;70;0;
8051;3092740;993636352;18718720;1113055232;0;0;0;0;0;0;0;0;0;0;0;1573;0;0;89;0;70;0;
8052;2248377;993636352;18718720;1113055232;0;0;0;0;0;0;0;0;0;0;0;1523;0;0;89;0;70;0;
8053;1346215;993636352;18718720;1113055232;0;0;0;0;0;0;0;0;0;0;0;1422;0;0;89;0;70;0;
8054;1438187;993636352;18718720;1113055232;0;0;0;0;0;0;0;0;0;0;0;1412;0;0;89;0;70;0;
8055;1261015;993636352;18718720;1113055232;0;0;0;0;0;0;0;0;0;0;0;1433;0;0;89;0;70;0;
8056;4471586;993636352;18718720;1113055232;0;0;0;0;0;0;0;0;0;0;0;1553;0;0;89;0;70;0;
8057;2557797;993636352;18718720;1113055232;0;0;0;0;0;0;0;0;0;0;0;2094;0;0;89;0;70;0;
8058;2144382;993636352;18718720;1113055232;0;0;0;0;0;0;0;0;0;0;0;1453;0;0;89;0;70;0;
8059;1770240;993636352;18718720;1113055232;0;0;0;0;0;0;0;0;0;0;0;1743;0;0;89;0;70;0;
8060;1729052;993636352;18718720;1113055232;0;0;0;0;0;0;0;0;0;0;0;1463;0;0;89;0;70;0;
8061;1481208;993636352;18718720;1113055232;0;0;0;0;0;0;0;0;0;0;0;1904;0;0;89;0;70;0;
8062;4513444;993636352;18718720;1113055232;0;0;0;0;0;0;0;0;0;0;0;1262;0;0;89;0;70;0;
8063;2467167;993636352;18718720;1113055232;0;0;0;0;0;0;0;0;0;0;0;1533;0;0;89;0;70;0;
8064;2250861;993636352;18718720;1113055232;0;0;0;0;0;0;0;0;0;0;0;1553;0;0;89;0;70;0;
8065;1835743;993636352;18718720;1113055232;0;0;0;0;0;0;0;0;0;0;0;1743;0;0;89;0;70;0;
8066;1474956;993636352;18718720;1113055232;0;0;0;0;0;0;0;0;0;0;0;1423;0;0;89;0;70;0;
8067;1029641;993636352;18718720;1113055232;0;0;0;0;0;0;0;0;0;0;0;1433;0;0;89;0;70;0;
8068;4884721;993636352;18718720;1113055232;0;0;0;0;0;0;0;0;0;0;0;1413;0;0;89;0;70;0;
8069;2651542;993636352;18718720;1113055232;0;0;0;0;0;0;0;0;0;0;0;1633;0;0;89;0;70;0;
8070;2134002;993636352;18718720;1113055232;0;0;0;0;0;0;0;0;0;0;0;1483;0;0;89;0;70;0;
8071;1053506;993636352;18718720;1113055232;0;0;0;0;0;0;0;0;0;0;0;1422;0;0;89;0;70;0;
8072;2115968;993636352;18718720;1113055232;0;0;0;0;0;0;0;0;0;0;0;1443;0;0;89;0;70;0;
8073;2236163;993636352;18718720;1113055232;0;0;0;0;0;0;0;0;0;0;0;1463;0;0;89;0;70;0;
8074;4766539;993636352;18718720;1113055232;0;0;0;0;0;0;0;0;0;0;0;1443;0;0;89;0;70;0;
8075;2899357;993636352;18718720;1113055232;0;0;0;0;0;0;0;0;0;0;0;1793;0;0;89;0;70;0;
8076;2347983;993636352;18718720;1113055232;0;0;0;0;0;0;0;0;0;0;0;1433;0;0;89;0;70;0;
8077;1798713;993636352;18718720;1113055232;0;0;0;0;0;0;0;0;0;0;0;1543;0;0;89;0;70;0;
8078;2251463;993636352;18718720;1113055232;0;0;0;0;0;0;0;0;0;0;0;1403;0;0;89;0;70;0;
8079;2133591;993636352;18718720;1113055232;0;0;0;0;0;0;0;0;0;0;0;1463;0;0;89;0;70;0;
8080;4677061;993636352;18718720;1113055232;0;0;0;0;0;0;0;0;0;0;0;1443;0;0;89;0;70;0;
8081;3027237;993636352;18718720;1113055232;0;0;0;0;0;0;0;0;0;0;0;1864;0;0;89;0;70;0;
8082;2296928;993636352;18718720;1113055232;0;0;0;0;0;0;0;0;0;0;0;1403;0;0;89;0;70;0;
8083;1987226;993636352;18718720;1113055232;0;0;0;0;0;0;0;0;0;0;0;1633;0;0;89;0;70;0;
8084;2350839;993636352;18718720;1113055232;0;0;0;0;0;0;0;0;0;0;0;1503;0;0;89;0;70;0;
8085;1667808;993636352;18718720;1113055232;0;0;0;0;0;0;0;0;0;0;0;1433;0;0;89;0;70;0;
8086;5420676;993636352;18718720;1113055232;0;0;0;0;0;0;0;0;0;0;0;1573;0;0;89;0;70;0;
8087;2899478;993636352;18718720;1113055232;0;0;0;0;0;0;0;0;0;0;0;1854;0;0;89;0;70;0;
8088;2555983;993636352;18718720;1113055232;0;0;0;0;0;0;0;0;0;0;0;96991;0;0;89;0;70;0;
8089;2167835;993636352;18718720;1113055232;0;0;0;0;0;0;0;0;0;0;0;1463;0;0;89;0;70;0;
8090;2845316;993902592;18718720;1113055232;0;0;0;0;0;0;0;0;0;0;0;1493;0;0;89;0;70;0;
8091;1877732;993902592;18718720;1113055232;0;0;0;0;0;0;0;0;0;0;0;1303;0;0;89;0;70;0;
8092;4640182;993902592;18718720;1113055232;0;0;0;0;0;0;0;0;0;0;0;1513;0;0;89;0;70;0;
8093;2932550;993902592;18718720;1113055232;0;0;0;0;0;0;0;0;0;0;0;1462;0;0;89;0;70;0;
8094;2348304;993902592;18718720;1113055232;0;0;0;0;0;0;0;0;0;0;0;1463;0;0;89;0;70;0;
8095;1654884;993902592;18718720;1113055232;0;0;0;0;0;0;0;0;0;0;0;1553;0;0;89;0;70;0;
8096;2671740;993902592;18718720;1113055232;0;0;0;0;0;0;0;0;0;0;0;1432;0;0;89;0;70;0;
8097;1635196;993902592;18718720;1113055232;0;0;0;0;0;0;0;0;0;0;0;1613;0;0;89;0;70;0;
8098;5041765;993902592;18718720;1113055232;0;0;0;0;0;0;0;0;0;0;0;1473;0;0;89;0;70;0;
8099;2760266;993902592;18718720;1113055232;0;0;0;0;0;0;0;0;0;0;0;1493;0;0;89;0;70;0;
8100;2551415;993902592;18718720;1113055232;0;0;0;0;0;0;0;0;0;0;0;1503;0;0;89;0;70;0;
8101;2436769;993902592;18718720;1113055232;0;0;0;0;0;0;0;0;0;0;0;1774;0;0;89;0;70;0;
8102;2491933;993902592;18718720;1113055232;0;0;0;0;0;0;0;0;0;0;0;1643;0;0;89;0;70;0;
8103;1649493;993902592;18718720;1113055232;0;0;0;0;0;0;0;0;0;0;0;1393;0;0;89;0;70;0;
8104;5698156;993902592;18722816;1113059328;0;0;0;0;0;0;0;0;0;0;0;1542;0;0;89;0;70;0;
8105;2903174;993902592;18726912;1113063424;0;0;0;0;0;0;0;0;0;0;0;1613;0;0;89;0;70;0;
8106;2258957;993902592;18726912;1113063424;0;0;0;0;0;0;0;0;0;0;0;2014;0;0;89;0;70;0;
8107;2185589;993902592;18726912;1113063424;0;0;0;0;0;0;0;0;0;0;0;1644;0;0;89;0;70;0;
8108;2283612;993902592;18726912;1113063424;0;0;0;0;0;0;0;0;0;0;0;1432;0;0;89;0;70;0;
8109;1880868;993902592;18726912;1113063424;0;0;0;0;0;0;0;0;0;0;0;1643;0;0;89;0;70;0;
8110;5171368;993902592;18726912;1113063424;0;0;0;0;0;0;0;0;0;0;0;1553;0;0;89;0;70;0;
8111;3066651;993902592;18726912;1113063424;0;0;0;0;0;0;0;0;0;0;0;2144;0;0;89;0;70;0;
8112;3067042;993902592;18726912;1113063424;0;0;0;0;0;0;0;0;0;0;0;1412;0;0;89;0;70;0;
8113;1786931;993902592;18726912;1113063424;0;0;0;0;0;0;0;0;0;0;0;1423;0;0;89;0;70;0;
8114;1753208;993902592;18726912;1113063424;0;0;0;0;0;0;0;0;0;0;0;1432;0;0;89;0;70;0;
8115;1702934;993902592;18726912;1113063424;0;0;0;0;0;0;0;0;0;0;0;1402;0;0;89;0;70;0;
8116;5613117;993902592;18726912;1113063424;0;0;0;0;0;0;0;0;0;0;0;1293;0;0;89;0;70;0;
8117;3171828;993902592;18726912;1113063424;0;0;0;0;0;0;0;0;0;0;0;2214;0;0;89;0;70;0;
8118;2740360;994127872;18718720;1113055232;0;0;0;0;0;0;0;0;0;0;0;1453;0;0;89;0;70;0;
8119;2071345;994127872;18718720;1113055232;0;0;0;0;0;0;0;0;0;0;0;1463;0;0;89;0;70;0;
8120;2469311;994127872;18718720;1113055232;0;0;0;0;0;0;0;0;0;0;0;1523;0;0;89;0;70;0;
8121;2423435;994127872;18718720;1113055232;0;0;0;0;0;0;0;0;0;0;0;1433;0;0;89;0;70;0;
8122;4766980;994127872;18718720;1113055232;0;0;0;0;0;0;0;0;0;0;0;1382;0;0;89;0;70;0;
8123;3490135;994127872;18718720;1113055232;0;0;0;0;0;0;0;0;0;0;0;1402;0;0;89;0;70;0;
8124;2310112;994127872;18718720;1113055232;0;0;0;0;0;0;0;0;0;0;0;1513;0;0;89;0;70;0;
8125;2100168;994127872;18718720;1113055232;0;0;0;0;0;0;0;0;0;0;0;1563;0;0;89;0;70;0;
8126;2254007;994127872;18718720;1113055232;0;0;0;0;0;0;0;0;0;0;0;1402;0;0;89;0;70;0;
8127;1935861;994127872;18718720;1113055232;0;0;0;0;0;0;0;0;0;0;0;1433;0;0;89;0;70;0;
8128;5265845;994127872;18718720;1113055232;0;0;0;0;0;0;0;0;0;0;0;1453;0;0;89;0;70;0;
8129;3741437;994127872;18718720;1113055232;0;0;0;0;0;0;0;0;0;0;0;1943;0;0;89;0;70;0;
8130;2920437;994127872;18718720;1113055232;0;0;0;0;0;0;0;0;0;0;0;1433;0;0;89;0;70;0;
8131;2349045;994127872;18718720;1113055232;0;0;0;0;0;0;0;0;0;0;0;1212;0;0;89;0;70;0;
8132;3700790;994398208;18718720;1113055232;0;0;0;0;0;0;0;0;0;0;0;1853;0;0;89;0;70;0;
8133;1589992;994398208;18718720;1113055232;0;0;0;0;0;0;0;0;0;0;0;1864;0;0;89;0;70;0;
8134;5239466;994398208;18718720;1113055232;0;0;0;0;0;0;0;0;0;0;0;1423;0;0;89;0;70;0;
8135;3755413;994398208;18718720;1113055232;0;0;0;0;0;0;0;0;0;0;0;2374;0;0;89;0;70;0;
8136;3389546;994398208;18718720;1113055232;0;0;0;0;0;0;0;0;0;0;0;1462;0;0;89;0;70;0;
8137;2287450;994398208;18718720;1113055232;0;0;0;0;0;0;0;0;0;0;0;1723;0;0;89;0;70;0;
8138;2875893;994398208;18718720;1113055232;0;0;0;0;0;0;0;0;0;0;0;1513;0;0;89;0;70;0;
8139;2352141;994398208;18718720;1113055232;0;0;0;0;0;0;0;0;0;0;0;1362;0;0;89;0;70;0;
8140;5096889;994398208;18718720;1113055232;0;0;0;0;0;0;0;0;0;0;0;1442;0;0;89;0;70;0;
8141;3991656;994398208;18718720;1113055232;0;0;0;0;0;0;0;0;0;0;0;2545;0;0;89;0;70;0;
8142;2526999;994398208;18718720;1113055232;0;0;0;0;0;0;0;0;0;0;0;1412;0;0;89;0;70;0;
8143;2438493;994398208;18718720;1113055232;0;0;0;0;0;0;0;0;0;0;0;1663;0;0;89;0;70;0;
8144;2411162;994398208;18718720;1113055232;0;0;0;0;0;0;0;0;0;0;0;1422;0;0;89;0;70;0;
8145;1764569;994398208;18718720;1113055232;0;0;0;0;0;0;0;0;0;0;0;1503;0;0;89;0;70;0;
8146;4701627;994398208;18718720;1113055232;0;0;0;0;0;0;0;0;0;0;0;1503;0;0;89;0;70;0;
8147;3638554;994398208;18718720;1113055232;0;0;0;0;0;0;0;0;0;0;0;1954;0;0;89;0;70;0;
8148;2824326;994398208;18718720;1113055232;0;0;0;0;0;0;0;0;0;0;0;1463;0;0;89;0;70;0;
8149;2230232;994398208;18718720;1113055232;0;0;0;0;0;0;0;0;0;0;0;1483;0;0;89;0;70;0;
8150;2706255;994398208;18718720;1113055232;0;0;0;0;0;0;0;0;0;0;0;1443;0;0;89;0;70;0;
8151;2160311;994398208;18718720;1113055232;0;0;0;0;0;0;0;0;0;0;0;1443;0;0;89;0;70;0;
8152;5187739;994398208;18718720;1113055232;0;0;0;0;0;0;0;0;0;0;0;1453;0;0;89;0;70;0;
8153;2994476;994398208;18718720;1113055232;0;0;0;0;0;0;0;0;0;0;0;2405;0;0;89;0;70;0;
8154;3093130;994398208;18718720;1113055232;0;0;0;0;0;0;0;0;0;0;0;1282;0;0;89;0;70;0;
8155;2020319;994398208;18718720;1113055232;0;0;0;0;0;0;0;0;0;0;0;1513;0;0;89;0;70;0;
8156;2704782;994398208;18718720;1113055232;0;0;0;0;0;0;0;0;0;0;0;1243;0;0;89;0;70;0;
8157;2161483;994398208;18718720;1113055232;0;0;0;0;0;0;0;0;0;0;0;1543;0;0;89;0;70;0;
8158;5117818;994398208;18718720;1113055232;0;0;0;0;0;0;0;0;0;0;0;1453;0;0;89;0;70;0;
8159;2902894;994398208;18718720;1113055232;0;0;0;0;0;0;0;0;0;0;0;1914;0;0;89;0;70;0;
8160;2642245;994398208;18718720;1113055232;0;0;0;0;0;0;0;0;0;0;0;1513;0;0;89;0;70;0;
8161;2054824;994398208;18718720;1113055232;0;0;0;0;0;0;0;0;0;0;0;1583;0;0;89;0;70;0;
8162;2360046;994398208;18718720;1113055232;0;0;0;0;0;0;0;0;0;0;0;1453;0;0;89;0;70;0;
8163;2150874;994398208;18718720;1113055232;0;0;0;0;0;0;0;0;0;0;0;1463;0;0;89;0;70;0;
8164;5516977;994398208;18718720;1113055232;0;0;0;0;0;0;0;0;0;0;0;1472;0;0;89;0;70;0;
8165;3437947;994398208;18718720;1113055232;0;0;0;0;0;0;0;0;0;0;0;44023;0;0;89;0;70;0;
8166;3213186;994398208;18718720;1113055232;0;0;0;0;0;0;0;0;0;0;0;1923;0;0;89;0;70;0;
8167;2642626;994398208;18718720;1113055232;0;0;0;0;0;0;0;0;0;0;0;1523;0;0;89;0;70;0;
8168;3380439;994398208;18718720;1113055232;0;0;0;0;0;0;0;0;0;0;0;1643;0;0;89;0;70;0;
8169;2372669;994398208;18718720;1113055232;0;0;0;0;0;0;0;0;0;0;0;1413;0;0;89;0;70;0;
8170;5415406;994398208;18718720;1113055232;0;0;0;0;0;0;0;0;0;0;0;1543;0;0;89;0;70;0;
8171;2845887;994398208;18718720;1113055232;0;0;0;0;0;0;0;0;0;0;0;1923;0;0;89;0;70;0;
8172;4077367;994668544;18718720;1113055232;0;0;0;0;0;0;0;0;0;0;0;1253;0;0;89;0;70;0;
8173;2158048;994668544;18718720;1113055232;0;0;0;0;0;0;0;0;0;0;0;1463;0;0;89;0;70;0;
8174;2769473;994668544;18718720;1113055232;0;0;0;0;0;0;0;0;0;0;0;1413;0;0;89;0;70;0;
8175;2478939;994668544;18718720;1113055232;0;0;0;0;0;0;0;0;0;0;0;1563;0;0;89;0;70;0;
8176;6088559;994668544;18718720;1113055232;0;0;0;0;0;0;0;0;0;0;0;1443;0;0;89;0;70;0;
8177;4336322;994668544;18718720;1113055232;0;0;0;0;0;0;0;0;0;0;0;2495;0;0;89;0;70;0;
8178;2754105;994668544;18718720;1113055232;0;0;0;0;0;0;0;0;0;0;0;1473;0;0;89;0;70;0;
8179;2904197;994668544;18718720;1113055232;0;0;0;0;0;0;0;0;0;0;0;1913;0;0;89;0;70;0;
8180;3283188;994668544;18718720;1113055232;0;0;0;0;0;0;0;0;0;0;0;1463;0;0;89;0;70;0;
8181;2866436;994668544;18718720;1113055232;0;0;0;0;0;0;0;0;0;0;0;1713;0;0;89;0;70;0;
8182;5754342;994668544;18718720;1113055232;0;0;0;0;0;0;0;0;0;0;0;1543;0;0;89;0;70;0;
8183;3882902;994938880;18718720;1113055232;0;0;0;0;0;0;0;0;0;0;0;2685;0;0;89;0;70;0;
8184;2514185;994938880;18718720;1113055232;0;0;0;0;0;0;0;0;0;0;0;1593;0;0;89;0;70;0;
8185;1980023;994938880;18718720;1113055232;0;0;0;0;0;0;0;0;0;0;0;1663;0;0;89;0;70;0;
8186;2516530;994938880;18718720;1113055232;0;0;0;0;0;0;0;0;0;0;0;1824;0;0;89;0;70;0;
8187;2449524;994938880;18718720;1113055232;0;0;0;0;0;0;0;0;0;0;0;3577;0;0;89;0;70;0;
8188;5315168;994938880;18718720;1113055232;0;0;0;0;0;0;0;0;0;0;0;1754;0;0;89;0;70;0;
8189;2345278;994938880;18718720;1113055232;0;0;0;0;0;0;0;0;0;0;0;1633;0;0;89;0;70;0;
8190;3007480;994938880;18718720;1113055232;0;0;0;0;0;0;0;0;0;0;0;1453;0;0;89;0;70;0;
8191;1478322;994938880;18718720;1113055232;0;0;0;0;0;0;0;0;0;0;0;1473;0;0;89;0;70;0;
8192;2594777;994938880;18718720;1113055232;0;0;0;0;0;0;0;0;0;0;0;1483;0;0;89;0;70;0;
8193;2360617;994938880;18718720;1113055232;0;0;0;0;0;0;0;0;0;0;0;1522;0;0;89;0;70;0;
8194;5261417;994938880;18718720;1113055232;0;0;0;0;0;0;0;0;0;0;0;1553;0;0;89;0;70;0;
8195;2319971;994938880;18718720;1113055232;0;0;0;0;0;0;0;0;0;0;0;1794;0;0;89;0;70;0;
8196;2983665;994938880;18718720;1113055232;0;0;0;0;0;0;0;0;0;0;0;1433;0;0;89;0;70;0;
8197;2059853;994938880;18718720;1113055232;0;0;0;0;0;0;0;0;0;0;0;1533;0;0;89;0;70;0;
8198;2586100;994938880;18718720;1113055232;0;0;0;0;0;0;0;0;0;0;0;1553;0;0;89;0;70;0;
8199;2288271;994938880;18718720;1113055232;0;0;0;0;0;0;0;0;0;0;0;1683;0;0;89;0;70;0;
8200;5117107;994938880;18718720;1113055232;0;0;0;0;0;0;0;0;0;0;0;1502;0;0;89;0;70;0;
8201;1965466;994938880;18718720;1113055232;0;0;0;0;0;0;0;0;0;0;0;1723;0;0;89;0;70;0;
8202;3007570;994938880;18718720;1113055232;0;0;0;0;0;0;0;0;0;0;0;1714;0;0;89;0;70;0;
8203;2359415;994938880;18718720;1113055232;0;0;0;0;0;0;0;0;0;0;0;62327;0;0;89;0;70;0;
8204;2323958;994938880;18718720;1113055232;0;0;0;0;0;0;0;0;0;0;0;1693;0;0;89;0;70;0;
8205;1855079;994938880;18718720;1113055232;0;0;0;0;0;0;0;0;0;0;0;1513;0;0;89;0;70;0;
8206;5183561;994938880;18718720;1113055232;0;0;0;0;0;0;0;0;0;0;0;1482;0;0;89;0;70;0;
8207;3444069;994938880;18718720;1113055232;0;0;0;0;0;0;0;0;0;0;0;1924;0;0;89;0;70;0;
8208;3194802;994983936;18714624;1113051136;0;0;0;0;0;0;0;0;0;0;0;2204;0;0;89;0;70;0;
8209;1949486;994983936;18714624;1113051136;0;0;0;0;0;0;0;0;0;0;0;1693;0;0;89;0;70;0;
8210;2916419;994983936;18714624;1113051136;0;0;0;0;0;0;0;0;0;0;0;1623;0;0;89;0;70;0;
8211;2377118;994983936;18714624;1113051136;0;0;0;0;0;0;0;0;0;0;0;1603;0;0;89;0;70;0;
8212;5208238;994983936;18714624;1113051136;0;0;0;0;0;0;0;0;0;0;0;1412;0;0;89;0;70;0;
8213;2943260;994983936;18718720;1113055232;0;0;0;0;0;0;0;0;0;0;0;2244;0;0;89;0;70;0;
8214;2590007;994983936;18718720;1113055232;0;0;0;0;0;0;0;0;0;0;0;1473;0;0;89;0;70;0;
8215;2348074;994983936;18718720;1113055232;0;0;0;0;0;0;0;0;0;0;0;1933;0;0;89;0;70;0;
8216;2282431;994983936;18718720;1113055232;0;0;0;0;0;0;0;0;0;0;0;1573;0;0;89;0;70;0;
8217;1530450;994983936;18718720;1113055232;0;0;0;0;0;0;0;0;0;0;0;2295;0;0;89;0;70;0;
8218;5770141;994983936;18718720;1113055232;0;0;0;0;0;0;0;0;0;0;0;1643;0;0;89;0;70;0;
8219;3901387;994983936;18718720;1113055232;0;0;0;0;0;0;0;0;0;0;0;2745;0;0;89;0;70;0;
8220;3008673;994983936;18718720;1113055232;0;0;0;0;0;0;0;0;0;0;0;1924;0;0;89;0;70;0;
8221;2341391;994983936;18718720;1113055232;0;0;0;0;0;0;0;0;0;0;0;1744;0;0;89;0;70;0;
8222;2918905;994983936;18718720;1113055232;0;0;0;0;0;0;0;0;0;0;0;1473;0;0;89;0;70;0;
8223;2643548;994983936;18718720;1113055232;0;0;0;0;0;0;0;0;0;0;0;2114;0;0;89;0;70;0;
8224;5597838;994983936;18718720;1113055232;0;0;0;0;0;0;0;0;0;0;0;1553;0;0;89;0;70;0;
8225;3405847;994983936;18718720;1113055232;0;0;0;0;0;0;0;0;0;0;0;2064;0;0;89;0;70;0;
8226;3294980;994983936;18718720;1113055232;0;0;0;0;0;0;0;0;0;0;0;1283;0;0;89;0;70;0;
8227;3130721;995250176;18718720;1113055232;0;0;0;0;0;0;0;0;0;0;0;2054;0;0;89;0;70;0;
8228;3042004;995250176;18718720;1113055232;0;0;0;0;0;0;0;0;0;0;0;1513;0;0;89;0;70;0;
8229;2098917;995250176;18718720;1113055232;0;0;0;0;0;0;0;0;0;0;0;1843;0;0;89;0;70;0;
8230;5607677;995250176;18718720;1113055232;0;0;0;0;0;0;0;0;0;0;0;1282;0;0;89;0;70;0;
8231;3911446;995250176;18718720;1113055232;0;0;0;0;0;0;0;0;0;0;0;2725;0;0;89;0;70;0;
8232;3585784;995250176;18718720;1113055232;0;0;0;0;0;0;0;0;0;0;0;1503;0;0;89;0;70;0;
8233;2492114;995250176;18718720;1113055232;0;0;0;0;0;0;0;0;0;0;0;1543;0;0;89;0;70;0;
8234;2673714;995250176;18718720;1113055232;0;0;0;0;0;0;0;0;0;0;0;1483;0;0;89;0;70;0;
8235;2801083;995250176;18718720;1113055232;0;0;0;0;0;0;0;0;0;0;0;1634;0;0;89;0;70;0;
8236;5163754;995250176;18718720;1113055232;0;0;0;0;0;0;0;0;0;0;0;1453;0;0;89;0;70;0;
8237;3436164;995250176;18718720;1113055232;0;0;0;0;0;0;0;0;0;0;0;2275;0;0;89;0;70;0;
8238;3710509;995250176;18718720;1113055232;0;0;0;0;0;0;0;0;0;0;0;1243;0;0;89;0;70;0;
8239;2720622;995250176;18718720;1113055232;0;0;0;0;0;0;0;0;0;0;0;2074;0;0;89;0;70;0;
8240;2926218;995250176;18718720;1113055232;0;0;0;0;0;0;0;0;0;0;0;2304;0;0;89;0;70;0;
8241;2822142;995250176;18718720;1113055232;0;0;0;0;0;0;0;0;0;0;0;3416;0;0;89;0;70;0;
8242;6517343;995250176;18718720;1113055232;0;0;0;0;0;0;0;0;0;0;0;1703;0;0;89;0;70;0;
8243;5281905;995250176;18718720;1113055232;0;0;0;0;0;0;0;0;0;0;0;4870;0;0;89;0;70;0;
8244;9764692;995250176;18718720;1113055232;0;0;0;0;0;0;0;0;0;0;0;2645;0;0;89;0;70;0;
8245;3039360;995250176;18718720;1113055232;0;0;0;0;0;0;0;0;0;0;0;3386;0;0;89;0;70;0;
8246;3830173;995250176;18718720;1113055232;0;0;0;0;0;0;0;0;0;0;0;1673;0;0;89;0;70;0;
8247;3392172;995250176;18718720;1113055232;0;0;0;0;0;0;0;0;0;0;0;3587;0;0;89;0;70;0;
8248;6146757;995250176;18718720;1113055232;0;0;0;0;0;0;0;0;0;0;0;2915;0;0;89;0;70;0;
8249;5943316;995250176;18718720;1113055232;0;0;0;0;0;0;0;0;0;0;0;2645;0;0;89;0;70;0;
8250;3928688;995250176;18718720;1113055232;0;0;0;0;0;0;0;0;0;0;0;2334;0;0;89;0;70;0;
8251;2985248;995250176;18718720;1113055232;0;0;0;0;0;0;0;0;0;0;0;2575;0;0;89;0;70;0;
8252;3601835;995250176;18718720;1113055232;0;0;0;0;0;0;0;0;0;0;0;2184;0;0;89;0;70;0;
8253;3796540;995250176;18718720;1113055232;0;0;0;0;0;0;0;0;0;0;0;2645;0;0;89;0;70;0;
8254;7259734;995250176;18718720;1113055232;0;0;0;0;0;0;0;0;0;0;0;2395;0;0;89;0;70;0;
8255;3962270;995250176;18718720;1113055232;0;0;0;0;0;0;0;0;0;0;0;2614;0;0;89;0;70;0;
8256;2421612;995250176;18718720;1113055232;0;0;0;0;0;0;0;0;0;0;0;1844;0;0;89;0;70;0;
8257;2658646;995250176;18718720;1113055232;0;0;0;0;0;0;0;0;0;0;0;1723;0;0;89;0;70;0;
8258;3513890;995250176;18718720;1113055232;0;0;0;0;0;0;0;0;0;0;0;2475;0;0;89;0;70;0;
8259;3028219;995250176;18718720;1113055232;0;0;0;0;0;0;0;0;0;0;0;2705;0;0;89;0;70;0;
8260;5792093;995250176;18718720;1113055232;0;0;0;0;0;0;0;0;0;0;0;2956;0;0;89;0;70;0;
8261;3993139;995250176;18722816;1113059328;0;0;0;0;0;0;0;0;0;0;0;2795;0;0;89;0;70;0;
8262;2697429;995250176;18722816;1113059328;0;0;0;0;0;0;0;0;0;0;0;2044;0;0;89;0;70;0;
8263;1880226;995250176;18722816;1113059328;0;0;0;0;0;0;0;0;0;0;0;2295;0;0;89;0;70;0;
8264;2921529;995250176;18722816;1113059328;0;0;0;0;0;0;0;0;0;0;0;1773;0;0;89;0;70;0;
8265;2036389;995250176;18722816;1113059328;0;0;0;0;0;0;0;0;0;0;0;1703;0;0;89;0;70;0;
8266;5142875;995250176;18722816;1113059328;0;0;0;0;0;0;0;0;0;0;0;1603;0;0;89;0;70;0;
8267;2902163;995250176;18722816;1113059328;0;0;0;0;0;0;0;0;0;0;0;2865;0;0;89;0;70;0;
8268;3912478;995250176;18722816;1113059328;0;0;0;0;0;0;0;0;0;0;0;2394;0;0;89;0;70;0;
8269;2573366;995250176;18722816;1113059328;0;0;0;0;0;0;0;0;0;0;0;2334;0;0;89;0;70;0;
8270;4075293;995250176;18722816;1113059328;0;0;0;0;0;0;0;0;0;0;0;2134;0;0;89;0;70;0;
8271;2280167;995250176;18722816;1113059328;0;0;0;0;0;0;0;0;0;0;0;2305;0;0;89;0;70;0;
8272;5670164;995250176;18722816;1113059328;0;0;0;0;0;0;0;0;0;0;0;2014;0;0;89;0;70;0;
8273;4204555;995250176;18722816;1113059328;0;0;0;0;0;0;0;0;0;0;0;2665;0;0;89;0;70;0;
8274;3830634;995254272;18718720;1113055232;0;0;0;0;0;0;0;0;0;0;0;2224;0;0;89;0;70;0;
8275;2554881;995254272;18718720;1113055232;0;0;0;0;0;0;0;0;0;0;0;2926;0;0;89;0;70;0;
8276;2721234;995254272;18718720;1113055232;0;0;0;0;0;0;0;0;0;0;0;2034;0;0;89;0;70;0;
8277;2192832;995254272;18718720;1113055232;0;0;0;0;0;0;0;0;0;0;0;3968;0;0;89;0;70;0;
8278;5358629;995254272;18718720;1113055232;0;0;0;0;0;0;0;0;0;0;0;1583;0;0;89;0;70;0;
8279;5191757;995254272;18718720;1113055232;0;0;0;0;0;0;0;0;0;0;0;5220;0;0;89;0;70;0;
8280;4328908;995254272;18718720;1113055232;0;0;0;0;0;0;0;0;0;0;0;1943;0;0;89;0;70;0;
8281;2476264;995254272;18718720;1113055232;0;0;0;0;0;0;0;0;0;0;0;2866;0;0;89;0;70;0;
8282;2608422;995254272;18718720;1113055232;0;0;0;0;0;0;0;0;0;0;0;1373;0;0;89;0;70;0;
8283;1314345;995254272;18718720;1113055232;0;0;0;0;0;0;0;0;0;0;0;1402;0;0;89;0;70;0;
8284;4870825;995254272;18718720;1113055232;0;0;0;0;0;0;0;0;0;0;0;1773;0;0;89;0;70;0;
8285;4542789;995254272;18718720;1113055232;0;0;0;0;0;0;0;0;0;0;0;2325;0;0;89;0;70;0;
8286;1650736;995254272;18718720;1113055232;0;0;0;0;0;0;0;0;0;0;0;1503;0;0;89;0;70;0;
8287;1314205;995254272;18718720;1113055232;0;0;0;0;0;0;0;0;0;0;0;1673;0;0;89;0;70;0;
8288;2562686;995254272;18718720;1113055232;0;0;0;0;0;0;0;0;0;0;0;1422;0;0;89;0;70;0;
8289;1633113;995254272;18718720;1113055232;0;0;0;0;0;0;0;0;0;0;0;1282;0;0;89;0;70;0;
8290;5276416;995254272;18718720;1113055232;0;0;0;0;0;0;0;0;0;0;0;1463;0;0;89;0;70;0;
8291;2930165;995254272;18718720;1113055232;0;0;0;0;0;0;0;0;0;0;0;2555;0;0;89;0;70;0;
8292;2787698;995254272;18718720;1113055232;0;0;0;0;0;0;0;0;0;0;0;1763;0;0;89;0;70;0;
8293;2417735;995254272;18718720;1113055232;0;0;0;0;0;0;0;0;0;0;0;1503;0;0;89;0;70;0;
8294;2453641;995254272;18718720;1113055232;0;0;0;0;0;0;0;0;0;0;0;1463;0;0;89;0;70;0;
8295;2175099;995254272;18718720;1113055232;0;0;0;0;0;0;0;0;0;0;0;1523;0;0;89;0;70;0;
8296;4650802;995254272;18718720;1113055232;0;0;0;0;0;0;0;0;0;0;0;1272;0;0;89;0;70;0;
8297;3529289;995254272;18718720;1113055232;0;0;0;0;0;0;0;0;0;0;0;2254;0;0;89;0;70;0;
8298;2240712;995254272;18718720;1113055232;0;0;0;0;0;0;0;0;0;0;0;1453;0;0;89;0;70;0;
8299;2348194;995254272;18718720;1113055232;0;0;0;0;0;0;0;0;0;0;0;1373;0;0;89;0;70;0;
8300;2418486;995254272;18718720;1113055232;0;0;0;0;0;0;0;0;0;0;0;1653;0;0;89;0;70;0;
8301;2598032;995254272;18718720;1113055232;0;0;0;0;0;0;0;0;0;0;0;63990;0;0;89;0;70;0;
8302;5417050;995254272;18718720;1113055232;0;0;0;0;0;0;0;0;0;0;0;1552;0;0;89;0;70;0;
8303;3413983;995254272;18718720;1113055232;0;0;0;0;0;0;0;0;0;0;0;2424;0;0;89;0;70;0;
8304;2422062;995254272;18718720;1113055232;0;0;0;0;0;0;0;0;0;0;0;1633;0;0;89;0;70;0;
8305;1910773;995254272;18718720;1113055232;0;0;0;0;0;0;0;0;0;0;0;1613;0;0;89;0;70;0;
8306;2425388;995254272;18718720;1113055232;0;0;0;0;0;0;0;0;0;0;0;1723;0;0;89;0;70;0;
8307;1902798;995254272;18718720;1113055232;0;0;0;0;0;0;0;0;0;0;0;1613;0;0;89;0;70;0;
8308;5101157;995254272;18718720;1113055232;0;0;0;0;0;0;0;0;0;0;0;1483;0;0;89;0;70;0;
8309;4008557;995254272;18718720;1113055232;0;0;0;0;0;0;0;0;0;0;0;1883;0;0;89;0;70;0;
8310;2401313;995254272;18718720;1113055232;0;0;0;0;0;0;0;0;0;0;0;1473;0;0;89;0;70;0;
8311;1888161;995254272;18718720;1113055232;0;0;0;0;0;0;0;0;0;0;0;1623;0;0;89;0;70;0;
8312;3156259;995254272;18718720;1113055232;0;0;0;0;0;0;0;0;0;0;0;1502;0;0;89;0;70;0;
8313;2169409;995254272;18718720;1113055232;0;0;0;0;0;0;0;0;0;0;0;1743;0;0;89;0;70;0;
8314;5654765;995254272;18718720;1113055232;0;0;0;0;0;0;0;0;0;0;0;1694;0;0;89;0;70;0;
8315;3997867;995254272;18718720;1113055232;0;0;0;0;0;0;0;0;0;0;0;3627;0;0;89;0;70;0;
8316;2244720;995254272;18718720;1113055232;0;0;0;0;0;0;0;0;0;0;0;1503;0;0;89;0;70;0;
8317;1171658;995254272;18718720;1113055232;0;0;0;0;0;0;0;0;0;0;0;1553;0;0;89;0;70;0;
8318;2439936;995254272;18718720;1113055232;0;0;0;0;0;0;0;0;0;0;0;1312;0;0;89;0;70;0;
8319;1968351;995254272;18718720;1113055232;0;0;0;0;0;0;0;0;0;0;0;1563;0;0;89;0;70;0;
8320;5609651;995254272;18718720;1113055232;0;0;0;0;0;0;0;0;0;0;0;1342;0;0;89;0;70;0;
8321;2611097;995254272;18718720;1113055232;0;0;0;0;0;0;0;0;0;0;0;2255;0;0;89;0;70;0;
8322;2437171;995254272;18718720;1113055232;0;0;0;0;0;0;0;0;0;0;0;2165;0;0;89;0;70;0;
8323;1619567;995254272;18718720;1113055232;0;0;0;0;0;0;0;0;0;0;0;1663;0;0;89;0;70;0;
8324;2032191;995254272;18718720;1113055232;0;0;0;0;0;0;0;0;0;0;0;1363;0;0;89;0;70;0;
8325;2117241;995254272;18718720;1113055232;0;0;0;0;0;0;0;0;0;0;0;1603;0;0;89;0;70;0;
8326;5166749;995254272;18718720;1113055232;0;0;0;0;0;0;0;0;0;0;0;1242;0;0;89;0;70;0;
8327;3867182;995254272;18718720;1113055232;0;0;0;0;0;0;0;0;0;0;0;2194;0;0;89;0;70;0;
8328;2754295;995254272;18718720;1113055232;0;0;0;0;0;0;0;0;0;0;0;1974;0;0;89;0;70;0;
8329;1739392;995254272;18718720;1113055232;0;0;0;0;0;0;0;0;0;0;0;1573;0;0;89;0;70;0;
8330;2349276;995254272;18718720;1113055232;0;0;0;0;0;0;0;0;0;0;0;1372;0;0;89;0;70;0;
8331;2620083;995254272;18718720;1113055232;0;0;0;0;0;0;0;0;0;0;0;1503;0;0;89;0;70;0;
8332;5550910;995254272;18718720;1113055232;0;0;0;0;0;0;0;0;0;0;0;1633;0;0;89;0;70;0;
8333;2545985;995254272;18718720;1113055232;0;0;0;0;0;0;0;0;0;0;0;1803;0;0;89;0;70;0;
8334;2589367;995254272;18718720;1113055232;0;0;0;0;0;0;0;0;0;0;0;1623;0;0;89;0;70;0;
8335;2393889;995254272;18718720;1113055232;0;0;0;0;0;0;0;0;0;0;0;1924;0;0;89;0;70;0;
8336;3271525;995254272;18718720;1113055232;0;0;0;0;0;0;0;0;0;0;0;1402;0;0;89;0;70;0;
8337;1443988;995254272;18718720;1113055232;0;0;0;0;0;0;0;0;0;0;0;1673;0;0;89;0;70;0;
8338;4655211;995254272;18718720;1113055232;0;0;0;0;0;0;0;0;0;0;0;1403;0;0;89;0;70;0;
8339;4161735;995254272;18718720;1113055232;0;0;0;0;0;0;0;0;0;0;0;2174;0;0;89;0;70;0;
8340;2589166;995254272;18718720;1113055232;0;0;0;0;0;0;0;0;0;0;0;1483;0;0;89;0;70;0;
8341;2401644;995254272;18718720;1113055232;0;0;0;0;0;0;0;0;0;0;0;1613;0;0;89;0;70;0;
8342;2794110;995254272;18718720;1113055232;0;0;0;0;0;0;0;0;0;0;0;1613;0;0;89;0;70;0;
8343;1675161;995254272;18718720;1113055232;0;0;0;0;0;0;0;0;0;0;0;1573;0;0;89;0;70;0;
8344;4965913;995254272;18718720;1113055232;0;0;0;0;0;0;0;0;0;0;0;1442;0;0;89;0;70;0;
8345;3825514;995254272;18718720;1113055232;0;0;0;0;0;0;0;0;0;0;0;1733;0;0;89;0;70;0;
8346;2993785;995254272;18718720;1113055232;0;0;0;0;0;0;0;0;0;0;0;1553;0;0;89;0;70;0;
8347;2037961;995254272;18718720;1113055232;0;0;0;0;0;0;0;0;0;0;0;1633;0;0;89;0;70;0;
8348;2214343;995254272;18718720;1113055232;0;0;0;0;0;0;0;0;0;0;0;1462;0;0;89;0;70;0;
8349;2262172;995254272;18718720;1113055232;0;0;0;0;0;0;0;0;0;0;0;1433;0;0;89;0;70;0;
8350;4425910;995254272;18718720;1113055232;0;0;0;0;0;0;0;0;0;0;0;1603;0;0;89;0;70;0;
8351;2770586;995254272;18718720;1113055232;0;0;0;0;0;0;0;0;0;0;0;2494;0;0;89;0;70;0;
8352;1638363;995254272;18718720;1113055232;0;0;0;0;0;0;0;0;0;0;0;1563;0;0;89;0;70;0;
8353;1716489;995254272;18718720;1113055232;0;0;0;0;0;0;0;0;0;0;0;1854;0;0;89;0;70;0;
8354;2026590;995254272;18718720;1113055232;0;0;0;0;0;0;0;0;0;0;0;1824;0;0;89;0;70;0;
8355;1469716;995254272;18718720;1113055232;0;0;0;0;0;0;0;0;0;0;0;1482;0;0;89;0;70;0;
8356;5534189;995254272;18718720;1113055232;0;0;0;0;0;0;0;0;0;0;0;1773;0;0;89;0;70;0;
8357;3205762;995254272;18718720;1113055232;0;0;0;0;0;0;0;0;0;0;0;2144;0;0;89;0;70;0;
8358;2846619;995254272;18718720;1113055232;0;0;0;0;0;0;0;0;0;0;0;1443;0;0;89;0;70;0;
8359;1650185;995254272;18718720;1113055232;0;0;0;0;0;0;0;0;0;0;0;1433;0;0;89;0;70;0;
8360;3065329;995254272;18718720;1113055232;0;0;0;0;0;0;0;0;0;0;0;1502;0;0;89;0;70;0;
8361;2003307;995254272;18718720;1113055232;0;0;0;0;0;0;0;0;0;0;0;1483;0;0;89;0;70;0;
8362;4865274;995254272;18718720;1113055232;0;0;0;0;0;0;0;0;0;0;0;1523;0;0;89;0;70;0;
8363;3692004;995254272;18718720;1113055232;0;0;0;0;0;0;0;0;0;0;0;2966;0;0;89;0;70;0;
8364;3277817;995254272;18718720;1113055232;0;0;0;0;0;0;0;0;0;0;0;1412;0;0;89;0;70;0;
8365;2375626;995254272;18718720;1113055232;0;0;0;0;0;0;0;0;0;0;0;1553;0;0;89;0;70;0;
8366;2997532;995254272;18718720;1113055232;0;0;0;0;0;0;0;0;0;0;0;1423;0;0;89;0;70;0;
8367;1976968;995254272;18718720;1113055232;0;0;0;0;0;0;0;0;0;0;0;1773;0;0;89;0;70;0;
8368;5790299;995254272;18718720;1113055232;0;0;0;0;0;0;0;0;0;0;0;1583;0;0;89;0;70;0;
8369;4953510;995254272;18718720;1113055232;0;0;0;0;0;0;0;0;0;0;0;3827;0;0;89;0;70;0;
8370;2510979;995254272;18718720;1113055232;0;0;0;0;0;0;0;0;0;0;0;1623;0;0;89;0;70;0;
8371;2733466;995254272;18718720;1113055232;0;0;0;0;0;0;0;0;0;0;0;2134;0;0;89;0;70;0;
8372;2563388;995254272;18718720;1113055232;0;0;0;0;0;0;0;0;0;0;0;1433;0;0;89;0;70;0;
8373;1962891;995254272;18718720;1113055232;0;0;0;0;0;0;0;0;0;0;0;1693;0;0;89;0;70;0;
8374;5460260;995254272;18718720;1113055232;0;0;0;0;0;0;0;0;0;0;0;1572;0;0;89;0;70;0;
8375;3136643;995254272;18718720;1113055232;0;0;0;0;0;0;0;0;0;0;0;1624;0;0;89;0;70;0;
8376;2381757;995254272;18718720;1113055232;0;0;0;0;0;0;0;0;0;0;0;1513;0;0;89;0;70;0;
8377;2108725;995254272;18718720;1113055232;0;0;0;0;0;0;0;0;0;0;0;1543;0;0;89;0;70;0;
8378;2759535;995254272;18718720;1113055232;0;0;0;0;0;0;0;0;0;0;0;1453;0;0;89;0;70;0;
8379;1877882;995254272;18718720;1113055232;0;0;0;0;0;0;0;0;0;0;0;1903;0;0;89;0;70;0;
8380;5072863;995254272;18718720;1113055232;0;0;0;0;0;0;0;0;0;0;0;1462;0;0;89;0;70;0;
8381;3304607;995254272;18718720;1113055232;0;0;0;0;0;0;0;0;0;0;0;1913;0;0;89;0;70;0;
8382;2973626;995254272;18718720;1113055232;0;0;0;0;0;0;0;0;0;0;0;1813;0;0;89;0;70;0;
8383;2534814;995254272;18718720;1113055232;0;0;0;0;0;0;0;0;0;0;0;1603;0;0;89;0;70;0;
8384;2870183;995254272;18718720;1113055232;0;0;0;0;0;0;0;0;0;0;0;1422;0;0;89;0;70;0;
8385;2007845;995254272;18718720;1113055232;0;0;0;0;0;0;0;0;0;0;0;1603;0;0;89;0;70;0;
8386;5462635;995254272;18718720;1113055232;0;0;0;0;0;0;0;0;0;0;0;1673;0;0;89;0;70;0;
8387;2925858;995254272;18718720;1113055232;0;0;0;0;0;0;0;0;0;0;0;1653;0;0;89;0;70;0;
8388;2655480;995254272;18718720;1113055232;0;0;0;0;0;0;0;0;0;0;0;1432;0;0;89;0;70;0;
8389;2521519;995254272;18718720;1113055232;0;0;0;0;0;0;0;0;0;0;0;1473;0;0;89;0;70;0;
8390;2393629;995254272;18718720;1113055232;0;0;0;0;0;0;0;0;0;0;0;1493;0;0;89;0;70;0;
8391;1840742;995254272;18718720;1113055232;0;0;0;0;0;0;0;0;0;0;0;1533;0;0;89;0;70;0;
8392;5588711;995254272;18718720;1113055232;0;0;0;0;0;0;0;0;0;0;0;1213;0;0;89;0;70;0;
8393;3111565;995254272;18718720;1113055232;0;0;0;0;0;0;0;0;0;0;0;2665;0;0;89;0;70;0;
8394;2990618;995254272;18718720;1113055232;0;0;0;0;0;0;0;0;0;0;0;1733;0;0;89;0;70;0;
8395;1954937;995254272;18718720;1113055232;0;0;0;0;0;0;0;0;0;0;0;1864;0;0;89;0;70;0;
8396;2719710;995254272;18718720;1113055232;0;0;0;0;0;0;0;0;0;0;0;1453;0;0;89;0;70;0;
8397;2500319;995254272;18718720;1113055232;0;0;0;0;0;0;0;0;0;0;0;1633;0;0;89;0;70;0;
8398;4943040;995254272;18718720;1113055232;0;0;0;0;0;0;0;0;0;0;0;1603;0;0;89;0;70;0;
8399;4185219;995254272;18718720;1113055232;0;0;0;0;0;0;0;0;0;0;0;2665;0;0;89;0;70;0;
8400;2942188;995254272;18718720;1113055232;0;0;0;0;0;0;0;0;0;0;0;1573;0;0;89;0;70;0;
8401;1941861;995254272;18718720;1113055232;0;0;0;0;0;0;0;0;0;0;0;1453;0;0;89;0;70;0;
8402;2941947;995254272;18718720;1113055232;0;0;0;0;0;0;0;0;0;0;0;1232;0;0;89;0;70;0;
8403;1927615;995254272;18718720;1113055232;0;0;0;0;0;0;0;0;0;0;0;1653;0;0;89;0;70;0;
8404;5821467;995254272;18718720;1113055232;0;0;0;0;0;0;0;0;0;0;0;1493;0;0;89;0;70;0;
8405;3900565;995254272;18718720;1113055232;0;0;0;0;0;0;0;0;0;0;0;2445;0;0;89;0;70;0;
8406;3024502;995254272;18718720;1113055232;0;0;0;0;0;0;0;0;0;0;0;1482;0;0;89;0;70;0;
8407;2451317;995254272;18718720;1113055232;0;0;0;0;0;0;0;0;0;0;0;1493;0;0;89;0;70;0;
8408;2526809;995254272;18718720;1113055232;0;0;0;0;0;0;0;0;0;0;0;1403;0;0;89;0;70;0;
8409;2586050;995254272;18718720;1113055232;0;0;0;0;0;0;0;0;0;0;0;1603;0;0;89;0;70;0;
8410;5265375;995254272;18718720;1113055232;0;0;0;0;0;0;0;0;0;0;0;1523;0;0;89;0;70;0;
8411;3356084;995254272;18718720;1113055232;0;0;0;0;0;0;0;0;0;0;0;1693;0;0;89;0;70;0;
8412;2712436;995254272;18718720;1113055232;0;0;0;0;0;0;0;0;0;0;0;1452;0;0;89;0;70;0;
8413;2183214;995254272;18718720;1113055232;0;0;0;0;0;0;0;0;0;0;0;1433;0;0;89;0;70;0;
8414;2453240;995254272;18718720;1113055232;0;0;0;0;0;0;0;0;0;0;0;1453;0;0;89;0;70;0;
8415;2424787;995254272;18718720;1113055232;0;0;0;0;0;0;0;0;0;0;0;1473;0;0;89;0;70;0;
8416;5731559;995254272;18718720;1113055232;0;0;0;0;0;0;0;0;0;0;0;1483;0;0;89;0;70;0;
8417;2868991;995254272;18718720;1113055232;0;0;0;0;0;0;0;0;0;0;0;1623;0;0;89;0;70;0;
8418;2561103;995254272;18718720;1113055232;0;0;0;0;0;0;0;0;0;0;0;1423;0;0;89;0;70;0;
8419;2210245;995254272;18718720;1113055232;0;0;0;0;0;0;0;0;0;0;0;1472;0;0;89;0;70;0;
8420;2666340;995254272;18718720;1113055232;0;0;0;0;0;0;0;0;0;0;0;1703;0;0;89;0;70;0;
8421;1554536;995254272;18718720;1113055232;0;0;0;0;0;0;0;0;0;0;0;1743;0;0;89;0;70;0;
8422;5652250;995254272;18718720;1113055232;0;0;0;0;0;0;0;0;0;0;0;1472;0;0;89;0;70;0;
8423;2984808;995254272;18718720;1113055232;0;0;0;0;0;0;0;0;0;0;0;1804;0;0;89;0;70;0;
8424;2998794;995254272;18718720;1113055232;0;0;0;0;0;0;0;0;0;0;0;1633;0;0;89;0;70;0;
8425;2152046;995254272;18718720;1113055232;0;0;0;0;0;0;0;0;0;0;0;1473;0;0;89;0;70;0;
8426;2701567;995254272;18718720;1113055232;0;0;0;0;0;0;0;0;0;0;0;1483;0;0;89;0;70;0;
8427;1963231;995254272;18718720;1113055232;0;0;0;0;0;0;0;0;0;0;0;1483;0;0;89;0;70;0;
8428;5336648;995254272;18718720;1113055232;0;0;0;0;0;0;0;0;0;0;0;1413;0;0;89;0;70;0;
8429;3079085;995254272;18718720;1113055232;0;0;0;0;0;0;0;0;0;0;0;1653;0;0;89;0;70;0;
8430;2474160;995254272;18718720;1113055232;0;0;0;0;0;0;0;0;0;0;0;1483;0;0;89;0;70;0;
8431;1818711;995254272;18718720;1113055232;0;0;0;0;0;0;0;0;0;0;0;1613;0;0;89;0;70;0;
8432;2419528;995254272;18718720;1113055232;0;0;0;0;0;0;0;0;0;0;0;1723;0;0;89;0;70;0;
8433;2173266;995254272;18718720;1113055232;0;0;0;0;0;0;0;0;0;0;0;1473;0;0;89;0;70;0;
8434;4877888;995254272;18718720;1113055232;0;0;0;0;0;0;0;0;0;0;0;1543;0;0;89;0;70;0;
8435;2549532;995254272;18718720;1113055232;0;0;0;0;0;0;0;0;0;0;0;2164;0;0;89;0;70;0;
8436;2514666;995254272;18718720;1113055232;0;0;0;0;0;0;0;0;0;0;0;1804;0;0;89;0;70;0;
8437;1889414;995254272;18718720;1113055232;0;0;0;0;0;0;0;0;0;0;0;1563;0;0;89;0;70;0;
8438;2916840;995254272;18718720;1113055232;0;0;0;0;0;0;0;0;0;0;0;1423;0;0;89;0;70;0;
8439;2305133;995254272;18718720;1113055232;0;0;0;0;0;0;0;0;0;0;0;1633;0;0;89;0;70;0;
8440;5123178;995254272;18718720;1113055232;0;0;0;0;0;0;0;0;0;0;0;1462;0;0;89;0;70;0;
8441;3350383;995254272;18718720;1113055232;0;0;0;0;0;0;0;0;0;0;0;1754;0;0;89;0;70;0;
8442;2747413;995254272;18718720;1113055232;0;0;0;0;0;0;0;0;0;0;0;1453;0;0;89;0;70;0;
8443;2299653;995254272;18718720;1113055232;0;0;0;0;0;0;0;0;0;0;0;1493;0;0;89;0;70;0;
8444;2515567;995254272;18718720;1113055232;0;0;0;0;0;0;0;0;0;0;0;1563;0;0;89;0;70;0;
8445;1536712;995254272;18718720;1113055232;0;0;0;0;0;0;0;0;0;0;0;1513;0;0;89;0;70;0;
8446;5511626;995254272;18718720;1113055232;0;0;0;0;0;0;0;0;0;0;0;84638;0;0;89;0;70;0;
8447;3610211;995254272;18718720;1113055232;0;0;0;0;0;0;0;0;0;0;0;1733;0;0;89;0;70;0;
8448;3080607;995254272;18718720;1113055232;0;0;0;0;0;0;0;0;0;0;0;1483;0;0;89;0;70;0;
8449;2307408;995254272;18718720;1113055232;0;0;0;0;0;0;0;0;0;0;0;1503;0;0;89;0;70;0;
8450;2539843;995254272;18718720;1113055232;0;0;0;0;0;0;0;0;0;0;0;1463;0;0;89;0;70;0;
8451;1223625;995254272;18718720;1113055232;0;0;0;0;0;0;0;0;0;0;0;1653;0;0;89;0;70;0;
8452;4817535;995254272;18718720;1113055232;0;0;0;0;0;0;0;0;0;0;0;1472;0;0;89;0;70;0;
8453;4072197;995254272;18718720;1113055232;0;0;0;0;0;0;0;0;0;0;0;1884;0;0;89;0;70;0;
8454;2909917;995254272;18718720;1113055232;0;0;0;0;0;0;0;0;0;0;0;1473;0;0;89;0;70;0;
8455;2220003;995254272;18718720;1113055232;0;0;0;0;0;0;0;0;0;0;0;1753;0;0;89;0;70;0;
8456;2527500;995254272;18718720;1113055232;0;0;0;0;0;0;0;0;0;0;0;1473;0;0;89;0;70;0;
8457;1728642;995254272;18718720;1113055232;0;0;0;0;0;0;0;0;0;0;0;1654;0;0;89;0;70;0;
8458;5249685;995254272;18718720;1113055232;0;0;0;0;0;0;0;0;0;0;0;1423;0;0;89;0;70;0;
8459;3432878;995254272;18718720;1113055232;0;0;0;0;0;0;0;0;0;0;0;2315;0;0;89;0;70;0;
8460;2219422;995254272;18718720;1113055232;0;0;0;0;0;0;0;0;0;0;0;1463;0;0;89;0;70;0;
8461;2344837;995254272;18718720;1113055232;0;0;0;0;0;0;0;0;0;0;0;1563;0;0;89;0;70;0;
8462;2773321;995254272;18718720;1113055232;0;0;0;0;0;0;0;0;0;0;0;1503;0;0;89;0;70;0;
8463;2563337;995254272;18718720;1113055232;0;0;0;0;0;0;0;0;0;0;0;1453;0;0;89;0;70;0;
8464;5206805;995254272;18718720;1113055232;0;0;0;0;0;0;0;0;0;0;0;1413;0;0;89;0;70;0;
8465;3929559;995254272;18718720;1113055232;0;0;0;0;0;0;0;0;0;0;0;23885;0;0;89;0;70;0;
8466;2853391;995254272;18718720;1113055232;0;0;0;0;0;0;0;0;0;0;0;1543;0;0;89;0;70;0;
8467;2022002;995254272;18718720;1113055232;0;0;0;0;0;0;0;0;0;0;0;1513;0;0;89;0;70;0;
8468;2613392;995254272;18718720;1113055232;0;0;0;0;0;0;0;0;0;0;0;1513;0;0;89;0;70;0;
8469;2491813;995254272;18718720;1113055232;0;0;0;0;0;0;0;0;0;0;0;1452;0;0;89;0;70;0;
8470;4682511;995254272;18718720;1113055232;0;0;0;0;0;0;0;0;0;0;0;1472;0;0;89;0;70;0;
8471;3130911;995254272;18718720;1113055232;0;0;0;0;0;0;0;0;0;0;0;1724;0;0;89;0;70;0;
8472;2332955;995254272;18718720;1113055232;0;0;0;0;0;0;0;0;0;0;0;1513;0;0;89;0;70;0;
8473;2036820;995254272;18718720;1113055232;0;0;0;0;0;0;0;0;0;0;0;1433;0;0;89;0;70;0;
8474;2815440;995254272;18718720;1113055232;0;0;0;0;0;0;0;0;0;0;0;1483;0;0;89;0;70;0;
8475;2506982;995254272;18718720;1113055232;0;0;0;0;0;0;0;0;0;0;0;1623;0;0;89;0;70;0;
8476;5836766;995254272;18718720;1113055232;0;0;0;0;0;0;0;0;0;0;0;1453;0;0;89;0;70;0;
8477;2770656;995254272;18718720;1113055232;0;0;0;0;0;0;0;0;0;0;0;1843;0;0;89;0;70;0;
8478;2718589;995254272;18718720;1113055232;0;0;0;0;0;0;0;0;0;0;0;1472;0;0;89;0;70;0;
8479;1729924;995254272;18718720;1113055232;0;0;0;0;0;0;0;0;0;0;0;1463;0;0;89;0;70;0;
8480;1999840;995254272;18718720;1113055232;0;0;0;0;0;0;0;0;0;0;0;1483;0;0;89;0;70;0;
8481;2531898;995254272;18718720;1113055232;0;0;0;0;0;0;0;0;0;0;0;1463;0;0;89;0;70;0;
8482;4780796;995254272;18718720;1113055232;0;0;0;0;0;0;0;0;0;0;0;1493;0;0;89;0;70;0;
8483;3566228;995254272;18718720;1113055232;0;0;0;0;0;0;0;0;0;0;0;1954;0;0;89;0;70;0;
8484;2576823;995254272;18718720;1113055232;0;0;0;0;0;0;0;0;0;0;0;1332;0;0;89;0;70;0;
8485;1604509;995254272;18718720;1113055232;0;0;0;0;0;0;0;0;0;0;0;1403;0;0;89;0;70;0;
8486;2758584;995254272;18718720;1113055232;0;0;0;0;0;0;0;0;0;0;0;1683;0;0;89;0;70;0;
8487;2498205;995254272;18718720;1113055232;0;0;0;0;0;0;0;0;0;0;0;1923;0;0;89;0;70;0;
8488;5071110;995254272;18718720;1113055232;0;0;0;0;0;0;0;0;0;0;0;1423;0;0;89;0;70;0;
8489;2567605;995254272;18718720;1113055232;0;0;0;0;0;0;0;0;0;0;0;2224;0;0;89;0;70;0;
8490;2416953;995254272;18718720;1113055232;0;0;0;0;0;0;0;0;0;0;0;1563;0;0;89;0;70;0;
8491;2297118;995254272;18718720;1113055232;0;0;0;0;0;0;0;0;0;0;0;1493;0;0;89;0;70;0;
8492;2966253;995254272;18718720;1113055232;0;0;0;0;0;0;0;0;0;0;0;1553;0;0;89;0;70;0;
8493;1803633;995254272;18718720;1113055232;0;0;0;0;0;0;0;0;0;0;0;1553;0;0;89;0;70;0;
8494;4759276;995254272;18718720;1113055232;0;0;0;0;0;0;0;0;0;0;0;1493;0;0;89;0;70;0;
8495;2900038;995254272;18718720;1113055232;0;0;0;0;0;0;0;0;0;0;0;1963;0;0;89;0;70;0;
8496;2718569;995254272;18718720;1113055232;0;0;0;0;0;0;0;0;0;0;0;1513;0;0;89;0;70;0;
8497;1830072;995254272;18718720;1113055232;0;0;0;0;0;0;0;0;0;0;0;1633;0;0;89;0;70;0;
8498;2562285;995254272;18718720;1113055232;0;0;0;0;0;0;0;0;0;0;0;1613;0;0;89;0;70;0;
8499;1893120;995254272;18718720;1113055232;0;0;0;0;0;0;0;0;0;0;0;1563;0;0;89;0;70;0;
8500;4924466;995254272;18718720;1113055232;0;0;0;0;0;0;0;0;0;0;0;1563;0;0;89;0;70;0;
8501;2948971;995254272;18718720;1113055232;0;0;0;0;0;0;0;0;0;0;0;1773;0;0;89;0;70;0;
8502;3590744;995254272;18718720;1113055232;0;0;0;0;0;0;0;0;0;0;0;1462;0;0;89;0;70;0;
8503;2642816;995254272;18718720;1113055232;0;0;0;0;0;0;0;0;0;0;0;4138;0;0;89;0;70;0;
8504;2618741;995254272;18718720;1113055232;0;0;0;0;0;0;0;0;0;0;0;1933;0;0;89;0;70;0;
8505;955111;995254272;18718720;1113055232;0;0;0;0;0;0;0;0;0;0;0;1994;0;0;89;0;70;0;
8506;5205782;995254272;18718720;1113055232;0;0;0;0;0;0;0;0;0;0;0;2475;0;0;89;0;70;0;
8507;3899243;995254272;18718720;1113055232;0;0;0;0;0;0;0;0;0;0;0;2986;0;0;89;0;70;0;
8508;2200938;995254272;18718720;1113055232;0;0;0;0;0;0;0;0;0;0;0;1713;0;0;89;0;70;0;
8509;3365241;995254272;18718720;1113055232;0;0;0;0;0;0;0;0;0;0;0;2575;0;0;89;0;70;0;
8510;3447355;995254272;18718720;1113055232;0;0;0;0;0;0;0;0;0;0;0;2274;0;0;89;0;70;0;
8511;3054769;995254272;18718720;1113055232;0;0;0;0;0;0;0;0;0;0;0;2175;0;0;89;0;70;0;
8512;4998474;995254272;18718720;1113055232;0;0;0;0;0;0;0;0;0;0;0;1513;0;0;89;0;70;0;
8513;2502643;995254272;18718720;1113055232;0;0;0;0;0;0;0;0;0;0;0;2985;0;0;89;0;70;0;
8514;2729739;995254272;18718720;1113055232;0;0;0;0;0;0;0;0;0;0;0;1694;0;0;89;0;70;0;
8515;2100740;995254272;18718720;1113055232;0;0;0;0;0;0;0;0;0;0;0;1663;0;0;89;0;70;0;
8516;2956906;995254272;18718720;1113055232;0;0;0;0;0;0;0;0;0;0;0;1653;0;0;89;0;70;0;
8517;2394191;995254272;18718720;1113055232;0;0;0;0;0;0;0;0;0;0;0;1723;0;0;89;0;70;0;
8518;5137385;995254272;18718720;1113055232;0;0;0;0;0;0;0;0;0;0;0;1653;0;0;89;0;70;0;
8519;4293913;995254272;18718720;1113055232;0;0;0;0;0;0;0;0;0;0;0;3697;0;0;89;0;70;0;
8520;3720748;995254272;18718720;1113055232;0;0;0;0;0;0;0;0;0;0;0;1993;0;0;89;0;70;0;
8521;2099297;995254272;18718720;1113055232;0;0;0;0;0;0;0;0;0;0;0;2194;0;0;89;0;70;0;
8522;2812414;995254272;18718720;1113055232;0;0;0;0;0;0;0;0;0;0;0;1663;0;0;89;0;70;0;
8523;2079480;995254272;18718720;1113055232;0;0;0;0;0;0;0;0;0;0;0;1533;0;0;89;0;70;0;
8524;4476405;995254272;18718720;1113055232;0;0;0;0;0;0;0;0;0;0;0;1483;0;0;89;0;70;0;
8525;3067683;995254272;18718720;1113055232;0;0;0;0;0;0;0;0;0;0;0;2074;0;0;89;0;70;0;
8526;2667713;995254272;18718720;1113055232;0;0;0;0;0;0;0;0;0;0;0;1453;0;0;89;0;70;0;
8527;2123833;995254272;18718720;1113055232;0;0;0;0;0;0;0;0;0;0;0;1433;0;0;89;0;70;0;
8528;2142899;995254272;18718720;1113055232;0;0;0;0;0;0;0;0;0;0;0;1633;0;0;89;0;70;0;
8529;1993559;995254272;18718720;1113055232;0;0;0;0;0;0;0;0;0;0;0;1603;0;0;89;0;70;0;
8530;5701112;995254272;18718720;1113055232;0;0;0;0;0;0;0;0;0;0;0;1462;0;0;89;0;70;0;
8531;3851423;995254272;18718720;1113055232;0;0;0;0;0;0;0;0;0;0;0;2444;0;0;89;0;70;0;
8532;3943025;995254272;18718720;1113055232;0;0;0;0;0;0;0;0;0;0;0;1312;0;0;89;0;70;0;
8533;2622468;995254272;18718720;1113055232;0;0;0;0;0;0;0;0;0;0;0;1613;0;0;89;0;70;0;
8534;2486253;995254272;18718720;1113055232;0;0;0;0;0;0;0;0;0;0;0;1724;0;0;89;0;70;0;
8535;2209283;995254272;18718720;1113055232;0;0;0;0;0;0;0;0;0;0;0;1573;0;0;89;0;70;0;
8536;5154987;995254272;18718720;1113055232;0;0;0;0;0;0;0;0;0;0;0;1713;0;0;89;0;70;0;
8537;3220210;995254272;18718720;1113055232;0;0;0;0;0;0;0;0;0;0;0;2114;0;0;89;0;70;0;
8538;3090065;995254272;18718720;1113055232;0;0;0;0;0;0;0;0;0;0;0;1703;0;0;89;0;70;0;
8539;1768246;995254272;18718720;1113055232;0;0;0;0;0;0;0;0;0;0;0;1533;0;0;89;0;70;0;
8540;2018706;995254272;18718720;1113055232;0;0;0;0;0;0;0;0;0;0;0;1453;0;0;89;0;70;0;
8541;1623836;995254272;18718720;1113055232;0;0;0;0;0;0;0;0;0;0;0;1452;0;0;89;0;70;0;
8542;4573777;995254272;18718720;1113055232;0;0;0;0;0;0;0;0;0;0;0;1483;0;0;89;0;70;0;
8543;2830358;995254272;18718720;1113055232;0;0;0;0;0;0;0;0;0;0;0;1803;0;0;89;0;70;0;
8544;2109006;995254272;18718720;1113055232;0;0;0;0;0;0;0;0;0;0;0;1583;0;0;89;0;70;0;
8545;1419983;995254272;18718720;1113055232;0;0;0;0;0;0;0;0;0;0;0;1873;0;0;89;0;70;0;
8546;1799815;995254272;18718720;1113055232;0;0;0;0;0;0;0;0;0;0;0;1853;0;0;89;0;70;0;
8547;1314105;995254272;18718720;1113055232;0;0;0;0;0;0;0;0;0;0;0;1633;0;0;89;0;70;0;
8548;3829692;995254272;18718720;1113055232;0;0;0;0;0;0;0;0;0;0;0;1383;0;0;89;0;70;0;
8549;3304157;995254272;18718720;1113055232;0;0;0;0;0;0;0;0;0;0;0;2415;0;0;89;0;70;0;
8550;2468339;995254272;18718720;1113055232;0;0;0;0;0;0;0;0;0;0;0;1914;0;0;89;0;70;0;
8551;1649864;995254272;18718720;1113055232;0;0;0;0;0;0;0;0;0;0;0;1453;0;0;89;0;70;0;
8552;2028815;995254272;18718720;1113055232;0;0;0;0;0;0;0;0;0;0;0;1452;0;0;89;0;70;0;
8553;1627803;995254272;18718720;1113055232;0;0;0;0;0;0;0;0;0;0;0;1463;0;0;89;0;70;0;
8554;5441054;995254272;18718720;1113055232;0;0;0;0;0;0;0;0;0;0;0;1232;0;0;89;0;70;0;
8555;3310969;995254272;18718720;1113055232;0;0;0;0;0;0;0;0;0;0;0;2124;0;0;89;0;70;0;
8556;2578676;995254272;18718720;1113055232;0;0;0;0;0;0;0;0;0;0;0;1533;0;0;89;0;70;0;
8557;1729303;995254272;18718720;1113055232;0;0;0;0;0;0;0;0;0;0;0;1483;0;0;89;0;70;0;
8558;1970656;995254272;18718720;1113055232;0;0;0;0;0;0;0;0;0;0;0;1483;0;0;89;0;70;0;
8559;2013496;995254272;18718720;1113055232;0;0;0;0;0;0;0;0;0;0;0;1593;0;0;89;0;70;0;
8560;5135301;995254272;18718720;1113055232;0;0;0;0;0;0;0;0;0;0;0;1483;0;0;89;0;70;0;
8561;3684099;995254272;18718720;1113055232;0;0;0;0;0;0;0;0;0;0;0;1583;0;0;89;0;70;0;
8562;2229662;995254272;18718720;1113055232;0;0;0;0;0;0;0;0;0;0;0;1793;0;0;89;0;70;0;
8563;1750273;995254272;18718720;1113055232;0;0;0;0;0;0;0;0;0;0;0;1453;0;0;89;0;70;0;
8564;1966057;995254272;18718720;1113055232;0;0;0;0;0;0;0;0;0;0;0;1412;0;0;89;0;70;0;
8565;1449789;995254272;18718720;1113055232;0;0;0;0;0;0;0;0;0;0;0;1583;0;0;89;0;70;0;
8566;7927226;995254272;18718720;1113055232;0;0;0;0;0;0;0;0;0;0;0;1683;0;0;89;0;70;0;
8567;3387733;995254272;18718720;1113055232;0;0;0;0;0;0;0;0;0;0;0;1743;0;0;89;0;70;0;
8568;5502590;995254272;18718720;1113055232;0;0;0;0;0;0;0;0;0;0;0;1433;0;0;89;0;70;0;
8569;2495641;995254272;18718720;1113055232;0;0;0;0;0;0;0;0;0;0;0;1743;0;0;89;0;70;0;
8570;1660264;995254272;18718720;1113055232;0;0;0;0;0;0;0;0;0;0;0;1593;0;0;89;0;70;0;
8571;2094217;995254272;18718720;1113055232;0;0;0;0;0;0;0;0;0;0;0;1493;0;0;89;0;70;0;
8572;5179664;995254272;18718720;1113055232;0;0;0;0;0;0;0;0;0;0;0;1403;0;0;89;0;70;0;
8573;3245647;995254272;18718720;1113055232;0;0;0;0;0;0;0;0;0;0;0;2014;0;0;89;0;70;0;
8574;2743525;995254272;18718720;1113055232;0;0;0;0;0;0;0;0;0;0;0;1553;0;0;89;0;70;0;
8575;1706140;995254272;18718720;1113055232;0;0;0;0;0;0;0;0;0;0;0;1633;0;0;89;0;70;0;
8576;2434285;995254272;18718720;1113055232;0;0;0;0;0;0;0;0;0;0;0;1413;0;0;89;0;70;0;
8577;1621892;995254272;18718720;1113055232;0;0;0;0;0;0;0;0;0;0;0;1793;0;0;89;0;70;0;
8578;4520658;995254272;18718720;1113055232;0;0;0;0;0;0;0;0;0;0;0;1512;0;0;89;0;70;0;
8579;3065459;995254272;18718720;1113055232;0;0;0;0;0;0;0;0;0;0;0;1793;0;0;89;0;70;0;
8580;2477817;995254272;18718720;1113055232;0;0;0;0;0;0;0;0;0;0;0;1563;0;0;89;0;70;0;
8581;2011953;995254272;18718720;1113055232;0;0;0;0;0;0;0;0;0;0;0;1503;0;0;89;0;70;0;
8582;1971026;995254272;18718720;1113055232;0;0;0;0;0;0;0;0;0;0;0;1453;0;0;89;0;70;0;
8583;2035748;995254272;18718720;1113055232;0;0;0;0;0;0;0;0;0;0;0;1843;0;0;89;0;70;0;
8584;4381026;995254272;18718720;1113055232;0;0;0;0;0;0;0;0;0;0;0;1433;0;0;89;0;70;0;
8585;2856948;995254272;18718720;1113055232;0;0;0;0;0;0;0;0;0;0;0;1953;0;0;89;0;70;0;
8586;2784121;995254272;18718720;1113055232;0;0;0;0;0;0;0;0;0;0;0;1693;0;0;89;0;70;0;
8587;2076314;995254272;18718720;1113055232;0;0;0;0;0;0;0;0;0;0;0;1643;0;0;89;0;70;0;
8588;2082796;995254272;18718720;1113055232;0;0;0;0;0;0;0;0;0;0;0;1694;0;0;89;0;70;0;
8589;1828860;995254272;18718720;1113055232;0;0;0;0;0;0;0;0;0;0;0;1512;0;0;89;0;70;0;
8590;5042748;995254272;18722816;1113059328;0;0;0;0;0;0;0;0;0;0;0;1823;0;0;89;0;70;0;
8591;3179523;995254272;18722816;1113059328;0;0;0;0;0;0;0;0;0;0;0;1373;0;0;89;0;70;0;
8592;2563508;995254272;18722816;1113059328;0;0;0;0;0;0;0;0;0;0;0;1513;0;0;89;0;70;0;
8593;1799525;995254272;18722816;1113059328;0;0;0;0;0;0;0;0;0;0;0;1452;0;0;89;0;70;0;
8594;2208872;995254272;18722816;1113059328;0;0;0;0;0;0;0;0;0;0;0;1483;0;0;89;0;70;0;
8595;1653942;995254272;18722816;1113059328;0;0;0;0;0;0;0;0;0;0;0;1603;0;0;89;0;70;0;
8596;4332445;995254272;18722816;1113059328;0;0;0;0;0;0;0;0;0;0;0;1372;0;0;89;0;70;0;
8597;3278288;995254272;18722816;1113059328;0;0;0;0;0;0;0;0;0;0;0;2124;0;0;89;0;70;0;
8598;2259517;995254272;18722816;1113059328;0;0;0;0;0;0;0;0;0;0;0;1653;0;0;89;0;70;0;
8599;1821646;995254272;18722816;1113059328;0;0;0;0;0;0;0;0;0;0;0;1543;0;0;89;0;70;0;
8600;2325250;995254272;18722816;1113059328;0;0;0;0;0;0;0;0;0;0;0;1553;0;0;89;0;70;0;
8601;1481439;995254272;18722816;1113059328;0;0;0;0;0;0;0;0;0;0;0;1493;0;0;89;0;70;0;
8602;4740199;995254272;18722816;1113059328;0;0;0;0;0;0;0;0;0;0;0;1433;0;0;89;0;70;0;
8603;2625013;995254272;18722816;1113059328;0;0;0;0;0;0;0;0;0;0;0;1963;0;0;89;0;70;0;
8604;1977488;995254272;18718720;1113055232;0;0;0;0;0;0;0;0;0;0;0;1523;0;0;89;0;70;0;
8605;1288076;995254272;18718720;1113055232;0;0;0;0;0;0;0;0;0;0;0;1543;0;0;89;0;70;0;
8606;2223711;995254272;18718720;1113055232;0;0;0;0;0;0;0;0;0;0;0;1422;0;0;89;0;70;0;
8607;1609388;995254272;18718720;1113055232;0;0;0;0;0;0;0;0;0;0;0;1613;0;0;89;0;70;0;
8608;4716926;995254272;18718720;1113055232;0;0;0;0;0;0;0;0;0;0;0;1362;0;0;89;0;70;0;
8609;2612770;995254272;18718720;1113055232;0;0;0;0;0;0;0;0;0;0;0;2004;0;0;89;0;70;0;
8610;2837972;995254272;18718720;1113055232;0;0;0;0;0;0;0;0;0;0;0;1283;0;0;89;0;70;0;
8611;1742057;995254272;18718720;1113055232;0;0;0;0;0;0;0;0;0;0;0;1543;0;0;89;0;70;0;
8612;2772469;995254272;18718720;1113055232;0;0;0;0;0;0;0;0;0;0;0;1563;0;0;89;0;70;0;
8613;2045547;995254272;18718720;1113055232;0;0;0;0;0;0;0;0;0;0;0;1462;0;0;89;0;70;0;
8614;5419994;995254272;18718720;1113055232;0;0;0;0;0;0;0;0;0;0;0;1402;0;0;89;0;70;0;
8615;2942398;995254272;18718720;1113055232;0;0;0;0;0;0;0;0;0;0;0;1573;0;0;89;0;70;0;
8616;3302834;995254272;18718720;1113055232;0;0;0;0;0;0;0;0;0;0;0;1684;0;0;89;0;70;0;
8617;1865108;995254272;18718720;1113055232;0;0;0;0;0;0;0;0;0;0;0;1452;0;0;89;0;70;0;
8618;2472607;995254272;18718720;1113055232;0;0;0;0;0;0;0;0;0;0;0;1493;0;0;89;0;70;0;
8619;2648788;995254272;18718720;1113055232;0;0;0;0;0;0;0;0;0;0;0;1894;0;0;89;0;70;0;
8620;4989678;995254272;18718720;1113055232;0;0;0;0;0;0;0;0;0;0;0;1433;0;0;89;0;70;0;
8621;3817629;995254272;18718720;1113055232;0;0;0;0;0;0;0;0;0;0;0;1963;0;0;89;0;70;0;
8622;3213457;995254272;18718720;1113055232;0;0;0;0;0;0;0;0;0;0;0;1513;0;0;89;0;70;0;
8623;2293572;995254272;18718720;1113055232;0;0;0;0;0;0;0;0;0;0;0;1583;0;0;89;0;70;0;
8624;2363943;995254272;18718720;1113055232;0;0;0;0;0;0;0;0;0;0;0;1482;0;0;89;0;70;0;
8625;1681925;995254272;18718720;1113055232;0;0;0;0;0;0;0;0;0;0;0;1613;0;0;89;0;70;0;
8626;5396450;995254272;18718720;1113055232;0;0;0;0;0;0;0;0;0;0;0;1432;0;0;89;0;70;0;
8627;3393224;995254272;18718720;1113055232;0;0;0;0;0;0;0;0;0;0;0;2304;0;0;89;0;70;0;
8628;2749957;995254272;18718720;1113055232;0;0;0;0;0;0;0;0;0;0;0;1423;0;0;89;0;70;0;
8629;2344337;995254272;18718720;1113055232;0;0;0;0;0;0;0;0;0;0;0;1583;0;0;89;0;70;0;
8630;2521830;995254272;18718720;1113055232;0;0;0;0;0;0;0;0;0;0;0;1573;0;0;89;0;70;0;
8631;2024918;995254272;18718720;1113055232;0;0;0;0;0;0;0;0;0;0;0;1603;0;0;89;0;70;0;
8632;5653232;995254272;18718720;1113055232;0;0;0;0;0;0;0;0;0;0;0;1493;0;0;89;0;70;0;
8633;3523678;995254272;18718720;1113055232;0;0;0;0;0;0;0;0;0;0;0;1743;0;0;89;0;70;0;
8634;2653336;995254272;18718720;1113055232;0;0;0;0;0;0;0;0;0;0;0;1573;0;0;89;0;70;0;
8635;2585298;995254272;18718720;1113055232;0;0;0;0;0;0;0;0;0;0;0;1453;0;0;89;0;70;0;
8636;2176302;995254272;18718720;1113055232;0;0;0;0;0;0;0;0;0;0;0;1433;0;0;89;0;70;0;
8637;2061666;995254272;18718720;1113055232;0;0;0;0;0;0;0;0;0;0;0;1503;0;0;89;0;70;0;
8638;5205623;995254272;18718720;1113055232;0;0;0;0;0;0;0;0;0;0;0;1483;0;0;89;0;70;0;
8639;3395338;995254272;18718720;1113055232;0;0;0;0;0;0;0;0;0;0;0;1843;0;0;89;0;70;0;
8640;2738475;995254272;18718720;1113055232;0;0;0;0;0;0;0;0;0;0;0;1503;0;0;89;0;70;0;
8641;2318598;995254272;18718720;1113055232;0;0;0;0;0;0;0;0;0;0;0;1513;0;0;89;0;70;0;
8642;3304237;995254272;18718720;1113055232;0;0;0;0;0;0;0;0;0;0;0;1543;0;0;89;0;70;0;
8643;2355177;995254272;18718720;1113055232;0;0;0;0;0;0;0;0;0;0;0;1593;0;0;89;0;70;0;
8644;5220540;995254272;18718720;1113055232;0;0;0;0;0;0;0;0;0;0;0;1503;0;0;89;0;70;0;
8645;3365431;995254272;18718720;1113055232;0;0;0;0;0;0;0;0;0;0;0;2274;0;0;89;0;70;0;
8646;3150479;995254272;18718720;1113055232;0;0;0;0;0;0;0;0;0;0;0;1773;0;0;89;0;70;0;
8647;1758488;995254272;18718720;1113055232;0;0;0;0;0;0;0;0;0;0;0;1572;0;0;89;0;70;0;
8648;2859002;995254272;18718720;1113055232;0;0;0;0;0;0;0;0;0;0;0;1443;0;0;89;0;70;0;
8649;2512021;995254272;18718720;1113055232;0;0;0;0;0;0;0;0;0;0;0;1753;0;0;89;0;70;0;
8650;4311065;995254272;18718720;1113055232;0;0;0;0;0;0;0;0;0;0;0;1413;0;0;89;0;70;0;
8651;3249194;995254272;18718720;1113055232;0;0;0;0;0;0;0;0;0;0;0;2134;0;0;89;0;70;0;
8652;2533562;995254272;18718720;1113055232;0;0;0;0;0;0;0;0;0;0;0;1452;0;0;89;0;70;0;
8653;2317156;995254272;18718720;1113055232;0;0;0;0;0;0;0;0;0;0;0;1503;0;0;89;0;70;0;
8654;2319981;995254272;18718720;1113055232;0;0;0;0;0;0;0;0;0;0;0;1423;0;0;89;0;70;0;
8655;1668329;995254272;18718720;1113055232;0;0;0;0;0;0;0;0;0;0;0;1512;0;0;89;0;70;0;
8656;4774504;995254272;18718720;1113055232;0;0;0;0;0;0;0;0;0;0;0;1743;0;0;89;0;70;0;
8657;3512928;995254272;18718720;1113055232;0;0;0;0;0;0;0;0;0;0;0;1864;0;0;89;0;70;0;
8658;2115087;995254272;18718720;1113055232;0;0;0;0;0;0;0;0;0;0;0;1433;0;0;89;0;70;0;
8659;1425864;995254272;18718720;1113055232;0;0;0;0;0;0;0;0;0;0;0;1563;0;0;89;0;70;0;
8660;2123272;995254272;18718720;1113055232;0;0;0;0;0;0;0;0;0;0;0;1432;0;0;89;0;70;0;
8661;2117781;995254272;18718720;1113055232;0;0;0;0;0;0;0;0;0;0;0;1633;0;0;89;0;70;0;
8662;5187689;995254272;18718720;1113055232;0;0;0;0;0;0;0;0;0;0;0;1713;0;0;89;0;70;0;
8663;3566529;995254272;18718720;1113055232;0;0;0;0;0;0;0;0;0;0;0;3636;0;0;89;0;70;0;
8664;2176892;995254272;18718720;1113055232;0;0;0;0;0;0;0;0;0;0;0;1533;0;0;89;0;70;0;
8665;2116599;995254272;18718720;1113055232;0;0;0;0;0;0;0;0;0;0;0;1492;0;0;89;0;70;0;
8666;2615054;995254272;18718720;1113055232;0;0;0;0;0;0;0;0;0;0;0;1442;0;0;89;0;70;0;
8667;1501335;995254272;18718720;1113055232;0;0;0;0;0;0;0;0;0;0;0;1583;0;0;89;0;70;0;
8668;4959842;995254272;18718720;1113055232;0;0;0;0;0;0;0;0;0;0;0;1473;0;0;89;0;70;0;
8669;2935876;995254272;18718720;1113055232;0;0;0;0;0;0;0;0;0;0;0;2054;0;0;89;0;70;0;
8670;1933095;995254272;18718720;1113055232;0;0;0;0;0;0;0;0;0;0;0;1613;0;0;89;0;70;0;
8671;2334579;995254272;18718720;1113055232;0;0;0;0;0;0;0;0;0;0;0;1924;0;0;89;0;70;0;
8672;2756369;995254272;18718720;1113055232;0;0;0;0;0;0;0;0;0;0;0;1492;0;0;89;0;70;0;
8673;2407986;995254272;18718720;1113055232;0;0;0;0;0;0;0;0;0;0;0;1543;0;0;89;0;70;0;
8674;5280293;995254272;18718720;1113055232;0;0;0;0;0;0;0;0;0;0;0;1462;0;0;89;0;70;0;
8675;3113269;995254272;18718720;1113055232;0;0;0;0;0;0;0;0;0;0;0;1733;0;0;89;0;70;0;
8676;2640802;995254272;18718720;1113055232;0;0;0;0;0;0;0;0;0;0;0;1523;0;0;89;0;70;0;
8677;2351671;995254272;18718720;1113055232;0;0;0;0;0;0;0;0;0;0;0;1553;0;0;89;0;70;0;
8678;3197437;995254272;18718720;1113055232;0;0;0;0;0;0;0;0;0;0;0;1463;0;0;89;0;70;0;
8679;2226726;995254272;18718720;1113055232;0;0;0;0;0;0;0;0;0;0;0;1433;0;0;89;0;70;0;
8680;5039381;995254272;18718720;1113055232;0;0;0;0;0;0;0;0;0;0;0;1403;0;0;89;0;70;0;
8681;2919605;995254272;18718720;1113055232;0;0;0;0;0;0;0;0;0;0;0;51096;0;0;89;0;70;0;
8682;1884644;995254272;18718720;1113055232;0;0;0;0;0;0;0;0;0;0;0;1493;0;0;89;0;70;0;
8683;2138300;995254272;18718720;1113055232;0;0;0;0;0;0;0;0;0;0;0;1263;0;0;89;0;70;0;
8684;2518443;995254272;18718720;1113055232;0;0;0;0;0;0;0;0;0;0;0;1943;0;0;89;0;70;0;
8685;2192351;995254272;18718720;1113055232;0;0;0;0;0;0;0;0;0;0;0;1914;0;0;89;0;70;0;
8686;5186466;995254272;18718720;1113055232;0;0;0;0;0;0;0;0;0;0;0;1463;0;0;89;0;70;0;
8687;3482221;995254272;18718720;1113055232;0;0;0;0;0;0;0;0;0;0;0;2034;0;0;89;0;70;0;
8688;2816061;995254272;18718720;1113055232;0;0;0;0;0;0;0;0;0;0;0;1562;0;0;89;0;70;0;
8689;2483367;995254272;18718720;1113055232;0;0;0;0;0;0;0;0;0;0;0;1783;0;0;89;0;70;0;
8690;2829226;995254272;18718720;1113055232;0;0;0;0;0;0;0;0;0;0;0;1432;0;0;89;0;70;0;
8691;1814513;995254272;18718720;1113055232;0;0;0;0;0;0;0;0;0;0;0;1944;0;0;89;0;70;0;
8692;4864443;995254272;18718720;1113055232;0;0;0;0;0;0;0;0;0;0;0;1673;0;0;89;0;70;0;
8693;2656632;995254272;18718720;1113055232;0;0;0;0;0;0;0;0;0;0;0;2205;0;0;89;0;70;0;
8694;2603272;995254272;18718720;1113055232;0;0;0;0;0;0;0;0;0;0;0;1723;0;0;89;0;70;0;
8695;1759089;995254272;18718720;1113055232;0;0;0;0;0;0;0;0;0;0;0;1473;0;0;89;0;70;0;
8696;3248533;995254272;18718720;1113055232;0;0;0;0;0;0;0;0;0;0;0;1664;0;0;89;0;70;0;
8697;2127309;995254272;18718720;1113055232;0;0;0;0;0;0;0;0;0;0;0;1562;0;0;89;0;70;0;
8698;4447591;995254272;18718720;1113055232;0;0;0;0;0;0;0;0;0;0;0;1463;0;0;89;0;70;0;
8699;2845987;995254272;18718720;1113055232;0;0;0;0;0;0;0;0;0;0;0;2434;0;0;89;0;70;0;
8700;2454934;995254272;18718720;1113055232;0;0;0;0;0;0;0;0;0;0;0;1343;0;0;89;0;70;0;
8701;2666471;995254272;18718720;1113055232;0;0;0;0;0;0;0;0;0;0;0;1873;0;0;89;0;70;0;
8702;2295024;995254272;18718720;1113055232;0;0;0;0;0;0;0;0;0;0;0;1513;0;0;89;0;70;0;
8703;1981716;995254272;18718720;1113055232;0;0;0;0;0;0;0;0;0;0;0;1523;0;0;89;0;70;0;
8704;5035614;995254272;18718720;1113055232;0;0;0;0;0;0;0;0;0;0;0;1433;0;0;89;0;70;0;
8705;3155077;995254272;18718720;1113055232;0;0;0;0;0;0;0;0;0;0;0;1964;0;0;89;0;70;0;
8706;2649048;995254272;18718720;1113055232;0;0;0;0;0;0;0;0;0;0;0;1483;0;0;89;0;70;0;
8707;2451969;995254272;18718720;1113055232;0;0;0;0;0;0;0;0;0;0;0;1532;0;0;89;0;70;0;
8708;2381667;995254272;18718720;1113055232;0;0;0;0;0;0;0;0;0;0;0;1463;0;0;89;0;70;0;
8709;1819702;995254272;18718720;1113055232;0;0;0;0;0;0;0;0;0;0;0;1603;0;0;89;0;70;0;
8710;4937299;995254272;18718720;1113055232;0;0;0;0;0;0;0;0;0;0;0;1492;0;0;89;0;70;0;
8711;3523668;995254272;18718720;1113055232;0;0;0;0;0;0;0;0;0;0;0;1853;0;0;89;0;70;0;
8712;3188399;995254272;18718720;1113055232;0;0;0;0;0;0;0;0;0;0;0;1533;0;0;89;0;70;0;
8713;2598223;995254272;18718720;1113055232;0;0;0;0;0;0;0;0;0;0;0;1583;0;0;89;0;70;0;
8714;2769765;995254272;18718720;1113055232;0;0;0;0;0;0;0;0;0;0;0;1513;0;0;89;0;70;0;
8715;2186310;995254272;18718720;1113055232;0;0;0;0;0;0;0;0;0;0;0;1613;0;0;89;0;70;0;
8716;5288939;995254272;18718720;1113055232;0;0;0;0;0;0;0;0;0;0;0;1593;0;0;89;0;70;0;
8717;3127806;995254272;18718720;1113055232;0;0;0;0;0;0;0;0;0;0;0;2164;0;0;89;0;70;0;
8718;2976983;995254272;18718720;1113055232;0;0;0;0;0;0;0;0;0;0;0;1913;0;0;89;0;70;0;
8719;2720362;995254272;18718720;1113055232;0;0;0;0;0;0;0;0;0;0;0;1473;0;0;89;0;70;0;
8720;2527009;995254272;18718720;1113055232;0;0;0;0;0;0;0;0;0;0;0;1493;0;0;89;0;70;0;
8721;2493596;995254272;18718720;1113055232;0;0;0;0;0;0;0;0;0;0;0;1603;0;0;89;0;70;0;
8722;5154567;995254272;18718720;1113055232;0;0;0;0;0;0;0;0;0;0;0;1603;0;0;89;0;70;0;
8723;2836530;995254272;18718720;1113055232;0;0;0;0;0;0;0;0;0;0;0;2495;0;0;89;0;70;0;
8724;2439465;995254272;18718720;1113055232;0;0;0;0;0;0;0;0;0;0;0;1472;0;0;89;0;70;0;
8725;2216286;995254272;18718720;1113055232;0;0;0;0;0;0;0;0;0;0;0;1793;0;0;89;0;70;0;
8726;2887966;995254272;18718720;1113055232;0;0;0;0;0;0;0;0;0;0;0;1493;0;0;89;0;70;0;
8727;1625639;995254272;18718720;1113055232;0;0;0;0;0;0;0;0;0;0;0;1442;0;0;89;0;70;0;
8728;5693848;995254272;18718720;1113055232;0;0;0;0;0;0;0;0;0;0;0;1503;0;0;89;0;70;0;
8729;3834380;995254272;18718720;1113055232;0;0;0;0;0;0;0;0;0;0;0;1764;0;0;89;0;70;0;
8730;2938291;995254272;18718720;1113055232;0;0;0;0;0;0;0;0;0;0;0;1473;0;0;89;0;70;0;
8731;1708023;995254272;18718720;1113055232;0;0;0;0;0;0;0;0;0;0;0;1543;0;0;89;0;70;0;
8732;3372836;995254272;18718720;1113055232;0;0;0;0;0;0;0;0;0;0;0;1463;0;0;89;0;70;0;
8733;2117451;995254272;18718720;1113055232;0;0;0;0;0;0;0;0;0;0;0;1573;0;0;89;0;70;0;
8734;5167641;995254272;18718720;1113055232;0;0;0;0;0;0;0;0;0;0;0;1493;0;0;89;0;70;0;
8735;2851728;995254272;18718720;1113055232;0;0;0;0;0;0;0;0;0;0;0;1873;0;0;89;0;70;0;
8736;3321750;995254272;18718720;1113055232;0;0;0;0;0;0;0;0;0;0;0;1853;0;0;89;0;70;0;
8737;1828870;995254272;18718720;1113055232;0;0;0;0;0;0;0;0;0;0;0;1512;0;0;89;0;70;0;
8738;2294313;995254272;18718720;1113055232;0;0;0;0;0;0;0;0;0;0;0;1482;0;0;89;0;70;0;
8739;2001554;995254272;18718720;1113055232;0;0;0;0;0;0;0;0;0;0;0;1844;0;0;89;0;70;0;
8740;4833685;995254272;18718720;1113055232;0;0;0;0;0;0;0;0;0;0;0;1503;0;0;89;0;70;0;
8741;3244926;995254272;18718720;1113055232;0;0;0;0;0;0;0;0;0;0;0;1783;0;0;89;0;70;0;
8742;2969850;995254272;18718720;1113055232;0;0;0;0;0;0;0;0;0;0;0;1603;0;0;89;0;70;0;
8743;2406032;995254272;18718720;1113055232;0;0;0;0;0;0;0;0;0;0;0;1814;0;0;89;0;70;0;
8744;2765957;995254272;18718720;1113055232;0;0;0;0;0;0;0;0;0;0;0;1533;0;0;89;0;70;0;
8745;2116940;995254272;18718720;1113055232;0;0;0;0;0;0;0;0;0;0;0;1433;0;0;89;0;70;0;
8746;5298637;995254272;18718720;1113055232;0;0;0;0;0;0;0;0;0;0;0;1513;0;0;89;0;70;0;
8747;3202737;995254272;18718720;1113055232;0;0;0;0;0;0;0;0;0;0;0;2134;0;0;89;0;70;0;
8748;2802796;995254272;18718720;1113055232;0;0;0;0;0;0;0;0;0;0;0;1363;0;0;89;0;70;0;
8749;2073038;995254272;18718720;1113055232;0;0;0;0;0;0;0;0;0;0;0;1593;0;0;89;0;70;0;
8750;2933131;995254272;18718720;1113055232;0;0;0;0;0;0;0;0;0;0;0;1513;0;0;89;0;70;0;
8751;2139483;995254272;18718720;1113055232;0;0;0;0;0;0;0;0;0;0;0;1443;0;0;89;0;70;0;
8752;5577790;995254272;18718720;1113055232;0;0;0;0;0;0;0;0;0;0;0;1664;0;0;89;0;70;0;
8753;3800788;995254272;18718720;1113055232;0;0;0;0;0;0;0;0;0;0;0;2014;0;0;89;0;70;0;
8754;3219207;995254272;18718720;1113055232;0;0;0;0;0;0;0;0;0;0;0;1623;0;0;89;0;70;0;
8755;1824050;995254272;18718720;1113055232;0;0;0;0;0;0;0;0;0;0;0;1473;0;0;89;0;70;0;
8756;3428910;995254272;18718720;1113055232;0;0;0;0;0;0;0;0;0;0;0;1462;0;0;89;0;70;0;
8757;2065434;995254272;18718720;1113055232;0;0;0;0;0;0;0;0;0;0;0;1473;0;0;89;0;70;0;
8758;6005693;995254272;18726912;1113063424;0;0;0;0;0;0;0;0;0;0;0;2364;0;0;89;0;70;0;
8759;3991605;995254272;18731008;1113067520;0;0;0;0;0;0;0;0;0;0;0;1422;0;0;89;0;70;0;
8760;2766528;995254272;18731008;1113067520;0;0;0;0;0;0;0;0;0;0;0;1442;0;0;89;0;70;0;
8761;2183054;995254272;18731008;1113067520;0;0;0;0;0;0;0;0;0;0;0;1413;0;0;89;0;70;0;
8762;2538971;995254272;18731008;1113067520;0;0;0;0;0;0;0;0;0;0;0;1562;0;0;89;0;70;0;
8763;2677822;995254272;18731008;1113067520;0;0;0;0;0;0;0;0;0;0;0;1713;0;0;89;0;70;0;
8764;5828110;995254272;18731008;1113067520;0;0;0;0;0;0;0;0;0;0;0;1412;0;0;89;0;70;0;
8765;2986360;995254272;18731008;1113067520;0;0;0;0;0;0;0;0;0;0;0;2254;0;0;89;0;70;0;
8766;3070508;995254272;18731008;1113067520;0;0;0;0;0;0;0;0;0;0;0;1523;0;0;89;0;70;0;
8767;2839005;995254272;18731008;1113067520;0;0;0;0;0;0;0;0;0;0;0;1583;0;0;89;0;70;0;
8768;3021246;995254272;18731008;1113067520;0;0;0;0;0;0;0;0;0;0;0;1463;0;0;89;0;70;0;
8769;2209214;995254272;18731008;1113067520;0;0;0;0;0;0;0;0;0;0;0;1633;0;0;89;0;70;0;
8770;5371513;995254272;18731008;1113067520;0;0;0;0;0;0;0;0;0;0;0;1272;0;0;89;0;70;0;
8771;3259834;995254272;18731008;1113067520;0;0;0;0;0;0;0;0;0;0;0;1623;0;0;89;0;70;0;
8772;2853732;995258368;18722816;1113059328;0;0;0;0;0;0;0;0;0;0;0;1443;0;0;89;0;70;0;
8773;2038102;995258368;18722816;1113059328;0;0;0;0;0;0;0;0;0;0;0;1502;0;0;89;0;70;0;
8774;2860655;995258368;18722816;1113059328;0;0;0;0;0;0;0;0;0;0;0;1442;0;0;89;0;70;0;
8775;1878292;995258368;18722816;1113059328;0;0;0;0;0;0;0;0;0;0;0;1713;0;0;89;0;70;0;
8776;4749948;995258368;18722816;1113059328;0;0;0;0;0;0;0;0;0;0;0;1423;0;0;89;0;70;0;
8777;3790338;995258368;18722816;1113059328;0;0;0;0;0;0;0;0;0;0;0;1553;0;0;89;0;70;0;
8778;2841329;995254272;18718720;1113055232;0;0;0;0;0;0;0;0;0;0;0;1483;0;0;89;0;70;0;
8779;2310664;995254272;18718720;1113055232;0;0;0;0;0;0;0;0;0;0;0;1533;0;0;89;0;70;0;
8780;2310894;995254272;18718720;1113055232;0;0;0;0;0;0;0;0;0;0;0;1513;0;0;89;0;70;0;
8781;1476439;995254272;18718720;1113055232;0;0;0;0;0;0;0;0;0;0;0;1542;0;0;89;0;70;0;
8782;4842842;995254272;18718720;1113055232;0;0;0;0;0;0;0;0;0;0;0;1422;0;0;89;0;70;0;
8783;3175966;995254272;18718720;1113055232;0;0;0;0;0;0;0;0;0;0;0;2034;0;0;89;0;70;0;
8784;2362911;995254272;18718720;1113055232;0;0;0;0;0;0;0;0;0;0;0;1463;0;0;89;0;70;0;
8785;1497228;995254272;18718720;1113055232;0;0;0;0;0;0;0;0;0;0;0;1403;0;0;89;0;70;0;
8786;2706656;995254272;18718720;1113055232;0;0;0;0;0;0;0;0;0;0;0;1473;0;0;89;0;70;0;
8787;2040446;995254272;18718720;1113055232;0;0;0;0;0;0;0;0;0;0;0;1443;0;0;89;0;70;0;
8788;5034351;995254272;18718720;1113055232;0;0;0;0;0;0;0;0;0;0;0;1393;0;0;89;0;70;0;
8789;3654614;995254272;18718720;1113055232;0;0;0;0;0;0;0;0;0;0;0;2444;0;0;89;0;70;0;
8790;3137895;995254272;18718720;1113055232;0;0;0;0;0;0;0;0;0;0;0;1814;0;0;89;0;70;0;
8791;2070172;995254272;18718720;1113055232;0;0;0;0;0;0;0;0;0;0;0;1673;0;0;89;0;70;0;
8792;2518854;995254272;18718720;1113055232;0;0;0;0;0;0;0;0;0;0;0;1503;0;0;89;0;70;0;
8793;1486487;995254272;18718720;1113055232;0;0;0;0;0;0;0;0;0;0;0;1503;0;0;89;0;70;0;
8794;5045051;995254272;18718720;1113055232;0;0;0;0;0;0;0;0;0;0;0;1252;0;0;89;0;70;0;
8795;3612806;995254272;18718720;1113055232;0;0;0;0;0;0;0;0;0;0;0;2144;0;0;89;0;70;0;
8796;3224347;995254272;18718720;1113055232;0;0;0;0;0;0;0;0;0;0;0;1483;0;0;89;0;70;0;
8797;2068389;995254272;18718720;1113055232;0;0;0;0;0;0;0;0;0;0;0;1583;0;0;89;0;70;0;
8798;2812735;995254272;18718720;1113055232;0;0;0;0;0;0;0;0;0;0;0;1482;0;0;89;0;70;0;
8799;2330060;995254272;18718720;1113055232;0;0;0;0;0;0;0;0;0;0;0;1843;0;0;89;0;70;0;
8800;5559055;995254272;18718720;1113055232;0;0;0;0;0;0;0;0;0;0;0;1263;0;0;89;0;70;0;
8801;3263070;995254272;18718720;1113055232;0;0;0;0;0;0;0;0;0;0;0;1954;0;0;89;0;70;0;
8802;2572334;995254272;18718720;1113055232;0;0;0;0;0;0;0;0;0;0;0;1553;0;0;89;0;70;0;
8803;1580634;995254272;18718720;1113055232;0;0;0;0;0;0;0;0;0;0;0;1472;0;0;89;0;70;0;
8804;2823926;995254272;18718720;1113055232;0;0;0;0;0;0;0;0;0;0;0;1532;0;0;89;0;70;0;
8805;2219612;995254272;18718720;1113055232;0;0;0;0;0;0;0;0;0;0;0;1452;0;0;89;0;70;0;
8806;5481400;995254272;18718720;1113055232;0;0;0;0;0;0;0;0;0;0;0;1543;0;0;89;0;70;0;
8807;3767365;995254272;18718720;1113055232;0;0;0;0;0;0;0;0;0;0;0;1653;0;0;89;0;70;0;
8808;3034591;995254272;18718720;1113055232;0;0;0;0;0;0;0;0;0;0;0;1453;0;0;89;0;70;0;
8809;1420053;995254272;18718720;1113055232;0;0;0;0;0;0;0;0;0;0;0;1583;0;0;89;0;70;0;
8810;2339417;995254272;18718720;1113055232;0;0;0;0;0;0;0;0;0;0;0;1463;0;0;89;0;70;0;
8811;2051808;995254272;18718720;1113055232;0;0;0;0;0;0;0;0;0;0;0;1593;0;0;89;0;70;0;
8812;5540330;995254272;18718720;1113055232;0;0;0;0;0;0;0;0;0;0;0;1453;0;0;89;0;70;0;
8813;3440141;995254272;18718720;1113055232;0;0;0;0;0;0;0;0;0;0;0;1653;0;0;89;0;70;0;
8814;2504487;995254272;18718720;1113055232;0;0;0;0;0;0;0;0;0;0;0;1303;0;0;89;0;70;0;
8815;2162516;995254272;18718720;1113055232;0;0;0;0;0;0;0;0;0;0;0;1623;0;0;89;0;70;0;
8816;3335746;995254272;18718720;1113055232;0;0;0;0;0;0;0;0;0;0;0;2013;0;0;89;0;70;0;
8817;3026025;995254272;18718720;1113055232;0;0;0;0;0;0;0;0;0;0;0;2295;0;0;89;0;71;0;
8818;5194782;995254272;18718720;1113055232;0;0;0;0;0;0;0;0;0;0;0;1453;0;0;89;0;71;0;
8819;3025574;995254272;18718720;1113055232;0;0;0;0;0;0;0;0;0;0;0;1653;0;0;89;0;71;0;
8820;2475502;995254272;18718720;1113055232;0;0;0;0;0;0;0;0;0;0;0;1492;0;0;89;0;71;0;
8821;2425299;995254272;18718720;1113055232;0;0;0;0;0;0;0;0;0;0;0;1383;0;0;89;0;71;0;
8822;3110724;995254272;18718720;1113055232;0;0;0;0;0;0;0;0;0;0;0;1503;0;0;89;0;71;0;
8823;2181471;995254272;18718720;1113055232;0;0;0;0;0;0;0;0;0;0;0;1513;0;0;89;0;71;0;
8824;5119782;995254272;18718720;1113055232;0;0;0;0;0;0;0;0;0;0;0;1263;0;0;89;0;71;0;
8825;3399626;995254272;18718720;1113055232;0;0;0;0;0;0;0;0;0;0;0;1954;0;0;89;0;71;0;
8826;2476264;995254272;18718720;1113055232;0;0;0;0;0;0;0;0;0;0;0;1473;0;0;89;0;71;0;
8827;2178195;995254272;18718720;1113055232;0;0;0;0;0;0;0;0;0;0;0;1523;0;0;89;0;71;0;
8828;3022248;995254272;18718720;1113055232;0;0;0;0;0;0;0;0;0;0;0;1513;0;0;89;0;71;0;
8829;2240272;995254272;18718720;1113055232;0;0;0;0;0;0;0;0;0;0;0;1493;0;0;89;0;71;0;
8830;4704974;995254272;18718720;1113055232;0;0;0;0;0;0;0;0;0;0;0;1443;0;0;89;0;71;0;
8831;3420445;995254272;18718720;1113055232;0;0;0;0;0;0;0;0;0;0;0;2004;0;0;89;0;71;0;
8832;2306696;995254272;18718720;1113055232;0;0;0;0;0;0;0;0;0;0;0;2575;0;0;89;0;72;0;
8833;1894483;995254272;18718720;1113055232;0;0;0;0;0;0;0;0;0;0;0;1443;0;0;89;0;72;0;
8834;2858701;995254272;18718720;1113055232;0;0;0;0;0;0;0;0;0;0;0;1352;0;0;89;0;72;0;
8835;1897659;995254272;18718720;1113055232;0;0;0;0;0;0;0;0;0;0;0;1633;0;0;89;0;72;0;
8836;5016989;995254272;18718720;1113055232;0;0;0;0;0;0;0;0;0;0;0;1513;0;0;89;0;72;0;
8837;2966463;995254272;18718720;1113055232;0;0;0;0;0;0;0;0;0;0;0;2094;0;0;89;0;72;0;
8838;3567942;995254272;18718720;1113055232;0;0;0;0;0;0;0;0;0;0;0;3466;0;0;89;0;73;0;
8839;1780709;995254272;18718720;1113055232;0;0;0;0;0;0;0;0;0;0;0;1583;0;0;89;0;73;0;
8840;2884049;995254272;18718720;1113055232;0;0;0;0;0;0;0;0;0;0;0;1482;0;0;89;0;73;0;
8841;2362591;995254272;18718720;1113055232;0;0;0;0;0;0;0;0;0;0;0;1482;0;0;89;0;73;0;
8842;5279722;995254272;18718720;1113055232;0;0;0;0;0;0;0;0;0;0;0;1533;0;0;89;0;73;0;
8843;3007000;995254272;18718720;1113055232;0;0;0;0;0;0;0;0;0;0;0;3296;0;0;89;0;74;0;
8844;3056231;995254272;18718720;1113055232;0;0;0;0;0;0;0;0;0;0;0;1814;0;0;89;0;74;0;
8845;1846343;995254272;18718720;1113055232;0;0;0;0;0;0;0;0;0;0;0;1664;0;0;89;0;74;0;
8846;2534954;995254272;18718720;1113055232;0;0;0;0;0;0;0;0;0;0;0;1453;0;0;89;0;74;0;
8847;2321845;995254272;18718720;1113055232;0;0;0;0;0;0;0;0;0;0;0;23334;0;0;89;0;74;0;
8848;5290452;995254272;18718720;1113055232;0;0;0;0;0;0;0;0;0;0;0;1463;0;0;89;0;74;0;
8849;3205071;995254272;18718720;1113055232;0;0;0;0;0;0;0;0;0;0;0;1693;0;0;89;0;74;0;
8850;2978696;995254272;18718720;1113055232;0;0;0;0;0;0;0;0;0;0;0;1543;0;0;89;0;74;0;
8851;1693546;995254272;18718720;1113055232;0;0;0;0;0;0;0;0;0;0;0;1522;0;0;89;0;74;0;
8852;2516940;995254272;18718720;1113055232;0;0;0;0;0;0;0;0;0;0;0;65994;0;0;89;0;74;0;
8853;1607705;995254272;18718720;1113055232;0;0;0;0;0;0;0;0;0;0;0;1443;0;0;89;0;74;0;
8854;5167992;995254272;18718720;1113055232;0;0;0;0;0;0;0;0;0;0;0;1463;0;0;89;0;74;0;
8855;3511385;995254272;18718720;1113055232;0;0;0;0;0;0;0;0;0;0;0;1603;0;0;89;0;74;0;
8856;3479746;995254272;18718720;1113055232;0;0;0;0;0;0;0;0;0;0;0;1422;0;0;89;0;74;0;
8857;1586245;995254272;18718720;1113055232;0;0;0;0;0;0;0;0;0;0;0;1483;0;0;89;0;74;0;
8858;2395422;995254272;18718720;1113055232;0;0;0;0;0;0;0;0;0;0;0;1502;0;0;89;0;74;0;
8859;1762325;995254272;18718720;1113055232;0;0;0;0;0;0;0;0;0;0;0;1543;0;0;89;0;74;0;
8860;5166068;995254272;18718720;1113055232;0;0;0;0;0;0;0;0;0;0;0;1473;0;0;89;0;74;0;
8861;3235788;995254272;18718720;1113055232;0;0;0;0;0;0;0;0;0;0;0;75762;0;0;89;0;75;0;
8862;3283869;995254272;18718720;1113055232;0;0;0;0;0;0;0;0;0;0;0;1533;0;0;89;0;75;0;
8863;1479615;995254272;18718720;1113055232;0;0;0;0;0;0;0;0;0;0;0;1523;0;0;89;0;75;0;
8864;3450701;995254272;18718720;1113055232;0;0;0;0;0;0;0;0;0;0;0;1483;0;0;89;0;75;0;
8865;2423375;995254272;18718720;1113055232;0;0;0;0;0;0;0;0;0;0;0;1573;0;0;89;0;75;0;
8866;5404766;995254272;18718720;1113055232;0;0;0;0;0;0;0;0;0;0;0;1443;0;0;89;0;75;0;
8867;3641579;995254272;18718720;1113055232;0;0;0;0;0;0;0;0;0;0;0;2024;0;0;89;0;75;0;
8868;2897223;995254272;18718720;1113055232;0;0;0;0;0;0;0;0;0;0;0;1443;0;0;89;0;75;0;
8869;1832798;995254272;18718720;1113055232;0;0;0;0;0;0;0;0;0;0;0;1603;0;0;89;0;75;0;
8870;2816632;995254272;18718720;1113055232;0;0;0;0;0;0;0;0;0;0;0;1522;0;0;89;0;75;0;
8871;2579207;995254272;18718720;1113055232;0;0;0;0;0;0;0;0;0;0;0;10349;0;0;89;0;75;0;
8872;6428175;995254272;18718720;1113055232;0;0;0;0;0;0;0;0;0;0;0;3136;0;0;89;0;75;0;
8873;5278118;995254272;18718720;1113055232;0;0;0;0;0;0;0;0;0;0;0;4679;0;0;89;0;75;0;
8874;3288818;995254272;18718720;1113055232;0;0;0;0;0;0;0;0;0;0;0;2906;0;0;89;0;75;0;
8875;2951846;995254272;18718720;1113055232;0;0;0;0;0;0;0;0;0;0;0;3817;0;0;89;0;76;0;
8876;2479090;995254272;18718720;1113055232;0;0;0;0;0;0;0;0;0;0;0;2314;0;0;89;0;76;0;
8877;1350714;995254272;18718720;1113055232;0;0;0;0;0;0;0;0;0;0;0;2234;0;0;89;0;76;0;
8878;5385500;995254272;18718720;1113055232;0;0;0;0;0;0;0;0;0;0;0;104637;0;0;89;0;76;0;
8879;3722331;995254272;18718720;1113055232;0;0;0;0;0;0;0;0;0;0;0;3607;0;0;89;0;76;0;
8880;2807274;995254272;18718720;1113055232;0;0;0;0;0;0;0;0;0;0;0;3016;0;0;89;0;77;0;
8881;1773365;995254272;18718720;1113055232;0;0;0;0;0;0;0;0;0;0;0;1764;0;0;89;0;77;0;
8882;2176742;995254272;18718720;1113055232;0;0;0;0;0;0;0;0;0;0;0;1422;0;0;89;0;77;0;
8883;1082009;995254272;18718720;1113055232;0;0;0;0;0;0;0;0;0;0;0;1943;0;0;89;0;77;0;
8884;4270449;995254272;18718720;1113055232;0;0;0;0;0;0;0;0;0;0;0;1343;0;0;89;0;77;0;
8885;4539674;995254272;18718720;1113055232;0;0;0;0;0;0;0;0;0;0;0;2615;0;0;89;0;77;0;
8886;2855866;995254272;18718720;1113055232;0;0;0;0;0;0;0;0;0;0;0;1473;0;0;89;0;77;0;
8887;2824206;995254272;18718720;1113055232;0;0;0;0;0;0;0;0;0;0;0;1854;0;0;89;0;77;0;
8888;2777770;995254272;18718720;1113055232;0;0;0;0;0;0;0;0;0;0;0;1393;0;0;89;0;77;0;
8889;2131307;995254272;18718720;1113055232;0;0;0;0;0;0;0;0;0;0;0;1533;0;0;89;0;77;0;
8890;5638635;995254272;18718720;1113055232;0;0;0;0;0;0;0;0;0;0;0;1433;0;0;89;0;77;0;
8891;4858992;995254272;18718720;1113055232;0;0;0;0;0;0;0;0;0;0;0;3506;0;0;89;0;78;0;
8892;2516149;995254272;18718720;1113055232;0;0;0;0;0;0;0;0;0;0;0;1573;0;0;89;0;78;0;
8893;2306285;995254272;18718720;1113055232;0;0;0;0;0;0;0;0;0;0;0;1803;0;0;89;0;78;0;
8894;2472908;995254272;18718720;1113055232;0;0;0;0;0;0;0;0;0;0;0;1443;0;0;89;0;78;0;
8895;2110578;995254272;18718720;1113055232;0;0;0;0;0;0;0;0;0;0;0;1593;0;0;89;0;78;0;
8896;8155375;995254272;18718720;1113055232;0;0;0;0;0;0;0;0;0;0;0;1462;0;0;89;0;78;0;
8897;10259802;995254272;18718720;1113055232;0;0;0;0;0;0;0;0;0;0;0;2044;0;0;89;0;78;0;
8898;3715609;995254272;18718720;1113055232;0;0;0;0;0;0;0;0;0;0;0;2415;0;0;89;0;79;0;
8899;2646954;995254272;18718720;1113055232;0;0;0;0;0;0;0;0;0;0;0;1243;0;0;89;0;79;0;
8900;3221141;995254272;18718720;1113055232;0;0;0;0;0;0;0;0;0;0;0;1432;0;0;89;0;79;0;
8901;2129634;995254272;18718720;1113055232;0;0;0;0;0;0;0;0;0;0;0;1523;0;0;89;0;79;0;
8902;5667518;995254272;18718720;1113055232;0;0;0;0;0;0;0;0;0;0;0;1423;0;0;89;0;79;0;
8903;3981908;995254272;18718720;1113055232;0;0;0;0;0;0;0;0;0;0;0;2736;0;0;89;0;79;0;
8904;3014694;995254272;18718720;1113055232;0;0;0;0;0;0;0;0;0;0;0;1383;0;0;89;0;79;0;
8905;2326984;995254272;18718720;1113055232;0;0;0;0;0;0;0;0;0;0;0;1442;0;0;89;0;79;0;
8906;2361850;995254272;18718720;1113055232;0;0;0;0;0;0;0;0;0;0;0;1943;0;0;89;0;79;0;
8907;1527124;995254272;18718720;1113055232;0;0;0;0;0;0;0;0;0;0;0;1553;0;0;89;0;79;0;
8908;5815326;995254272;18718720;1113055232;0;0;0;0;0;0;0;0;0;0;0;1432;0;0;89;0;79;0;
8909;4614675;995254272;18718720;1113055232;0;0;0;0;0;0;0;0;0;0;0;2194;0;0;89;0;79;0;
8910;3033419;995254272;18718720;1113055232;0;0;0;0;0;0;0;0;0;0;0;1413;0;0;89;0;79;0;
8911;1790358;995254272;18718720;1113055232;0;0;0;0;0;0;0;0;0;0;0;1603;0;0;89;0;79;0;
8912;3376282;995254272;18718720;1113055232;0;0;0;0;0;0;0;0;0;0;0;1393;0;0;89;0;79;0;
8913;3091268;995254272;18718720;1113055232;0;0;0;0;0;0;0;0;0;0;0;1463;0;0;89;0;79;0;
8914;7015005;995254272;18718720;1113055232;0;0;0;0;0;0;0;0;0;0;0;1533;0;0;89;0;79;0;
8915;3851263;995254272;18718720;1113055232;0;0;0;0;0;0;0;0;0;0;0;1693;0;0;89;0;79;0;
8916;2747733;995254272;18718720;1113055232;0;0;0;0;0;0;0;0;0;0;0;1442;0;0;89;0;79;0;
8917;2035808;995254272;18718720;1113055232;0;0;0;0;0;0;0;0;0;0;0;1403;0;0;89;0;79;0;
8918;2976492;995254272;18718720;1113055232;0;0;0;0;0;0;0;0;0;0;0;1542;0;0;89;0;79;0;
8919;2770165;995254272;18718720;1113055232;0;0;0;0;0;0;0;0;0;0;0;1703;0;0;89;0;79;0;
8920;6364325;995254272;18718720;1113055232;0;0;0;0;0;0;0;0;0;0;0;1413;0;0;89;0;79;0;
8921;3891047;995254272;18718720;1113055232;0;0;0;0;0;0;0;0;0;0;0;2024;0;0;89;0;79;0;
8922;3049169;995254272;18718720;1113055232;0;0;0;0;0;0;0;0;0;0;0;1433;0;0;89;0;79;0;
8923;2223560;995254272;18718720;1113055232;0;0;0;0;0;0;0;0;0;0;0;1783;0;0;89;0;79;0;
8924;3222673;995254272;18718720;1113055232;0;0;0;0;0;0;0;0;0;0;0;1393;0;0;89;0;79;0;
8925;2048723;995254272;18718720;1113055232;0;0;0;0;0;0;0;0;0;0;0;1503;0;0;89;0;79;0;
8926;5126144;995254272;18718720;1113055232;0;0;0;0;0;0;0;0;0;0;0;1423;0;0;89;0;79;0;
8927;4394602;995254272;18718720;1113055232;0;0;0;0;0;0;0;0;0;0;0;2354;0;0;89;0;79;0;
8928;2713810;995254272;18718720;1113055232;0;0;0;0;0;0;0;0;0;0;0;1192;0;0;89;0;79;0;
8929;2445517;995254272;18718720;1113055232;0;0;0;0;0;0;0;0;0;0;0;5851;0;0;89;0;79;0;
8930;4085041;995254272;18718720;1113055232;0;0;0;0;0;0;0;0;0;0;0;3447;0;0;89;0;79;0;
8931;1292894;995254272;18718720;1113055232;0;0;0;0;0;0;0;0;0;0;0;1883;0;0;89;0;79;0;
8932;6256554;995254272;18718720;1113055232;0;0;0;0;0;0;0;0;0;0;0;1813;0;0;89;0;79;0;
8933;7436036;995254272;18718720;1113055232;0;0;0;0;0;0;0;0;0;0;0;4668;0;0;89;0;79;0;
8934;2654608;995254272;18718720;1113055232;0;0;0;0;0;0;0;0;0;0;0;2214;0;0;89;0;79;0;
8935;2059572;995254272;18718720;1113055232;0;0;0;0;0;0;0;0;0;0;0;2956;0;0;89;0;80;0;
8936;3499022;995254272;18718720;1113055232;0;0;0;0;0;0;0;0;0;0;0;1442;0;0;89;0;80;0;
8937;2776547;995254272;18718720;1113055232;0;0;0;0;0;0;0;0;0;0;0;2274;0;0;89;0;80;0;
8938;5498892;995254272;18718720;1113055232;0;0;0;0;0;0;0;0;0;0;0;1523;0;0;89;0;80;0;
8939;4454434;995254272;18718720;1113055232;0;0;0;0;0;0;0;0;0;0;0;3337;0;0;89;0;80;0;
8940;3736377;995254272;18718720;1113055232;0;0;0;0;0;0;0;0;0;0;0;1713;0;0;89;0;80;0;
8941;2295606;995254272;18718720;1113055232;0;0;0;0;0;0;0;0;0;0;0;2244;0;0;89;0;80;0;
8942;2219152;995254272;18718720;1113055232;0;0;0;0;0;0;0;0;0;0;0;1763;0;0;89;0;80;0;
8943;2258185;995254272;18718720;1113055232;0;0;0;0;0;0;0;0;0;0;0;2295;0;0;89;0;80;0;
8944;5983552;995254272;18718720;1113055232;0;0;0;0;0;0;0;0;0;0;0;1453;0;0;89;0;80;0;
8945;5523289;995254272;18718720;1113055232;0;0;0;0;0;0;0;0;0;0;0;3918;0;0;89;0;80;0;
8946;3832267;995254272;18718720;1113055232;0;0;0;0;0;0;0;0;0;0;0;2504;0;0;89;0;80;0;
8947;2287741;995254272;18718720;1113055232;0;0;0;0;0;0;0;0;0;0;0;1993;0;0;89;0;80;0;
8948;2263244;995254272;18718720;1113055232;0;0;0;0;0;0;0;0;0;0;0;1634;0;0;89;0;80;0;
8949;2437481;995254272;18718720;1113055232;0;0;0;0;0;0;0;0;0;0;0;2274;0;0;89;0;80;0;
8950;6711126;995254272;18718720;1113055232;0;0;0;0;0;0;0;0;0;0;0;2866;0;0;89;0;80;0;
8951;5145760;995254272;18718720;1113055232;0;0;0;0;0;0;0;0;0;0;0;3917;0;0;89;0;80;0;
8952;2308018;995254272;18718720;1113055232;0;0;0;0;0;0;0;0;0;0;0;1684;0;0;89;0;80;0;
8953;1740123;995254272;18718720;1113055232;0;0;0;0;0;0;0;0;0;0;0;1973;0;0;89;0;80;0;
8954;4152357;995254272;18718720;1113055232;0;0;0;0;0;0;0;0;0;0;0;1783;0;0;89;0;80;0;
8955;2720973;995254272;18718720;1113055232;0;0;0;0;0;0;0;0;0;0;0;2274;0;0;89;0;80;0;
8956;6315624;995254272;18718720;1113055232;0;0;0;0;0;0;0;0;0;0;0;2134;0;0;89;0;80;0;
8957;4192403;995254272;18718720;1113055232;0;0;0;0;0;0;0;0;0;0;0;3447;0;0;89;0;80;0;
8958;3468575;995254272;18718720;1113055232;0;0;0;0;0;0;0;0;0;0;0;1453;0;0;89;0;80;0;
8959;1852774;995254272;18718720;1113055232;0;0;0;0;0;0;0;0;0;0;0;1633;0;0;89;0;80;0;
8960;1972579;995254272;18718720;1113055232;0;0;0;0;0;0;0;0;0;0;0;1393;0;0;89;0;80;0;
8961;1504301;995254272;18718720;1113055232;0;0;0;0;0;0;0;0;0;0;0;1503;0;0;89;0;80;0;
8962;5694720;995254272;18718720;1113055232;0;0;0;0;0;0;0;0;0;0;0;1443;0;0;89;0;80;0;
8963;4105689;995254272;18718720;1113055232;0;0;0;0;0;0;0;0;0;0;0;2564;0;0;89;0;80;0;
8964;3056041;995254272;18718720;1113055232;0;0;0;0;0;0;0;0;0;0;0;1543;0;0;89;0;80;0;
8965;2146195;995254272;18718720;1113055232;0;0;0;0;0;0;0;0;0;0;0;1663;0;0;89;0;80;0;
8966;2873018;995254272;18718720;1113055232;0;0;0;0;0;0;0;0;0;0;0;1483;0;0;89;0;80;0;
8967;2266601;995254272;18718720;1113055232;0;0;0;0;0;0;0;0;0;0;0;1453;0;0;89;0;80;0;
8968;5526935;995254272;18718720;1113055232;0;0;0;0;0;0;0;0;0;0;0;1533;0;0;89;0;80;0;
8969;3627513;995254272;18718720;1113055232;0;0;0;0;0;0;0;0;0;0;0;2004;0;0;89;0;80;0;
8970;3335325;995254272;18718720;1113055232;0;0;0;0;0;0;0;0;0;0;0;1663;0;0;89;0;80;0;
8971;2159600;995254272;18718720;1113055232;0;0;0;0;0;0;0;0;0;0;0;2004;0;0;89;0;80;0;
8972;2127320;995254272;18718720;1113055232;0;0;0;0;0;0;0;0;0;0;0;1463;0;0;89;0;80;0;
8973;1791500;995254272;18718720;1113055232;0;0;0;0;0;0;0;0;0;0;0;1413;0;0;89;0;80;0;
8974;5455121;995254272;18718720;1113055232;0;0;0;0;0;0;0;0;0;0;0;1633;0;0;89;0;80;0;
8975;3753800;995254272;18718720;1113055232;0;0;0;0;0;0;0;0;0;0;0;2335;0;0;89;0;80;0;
8976;2330901;995254272;18718720;1113055232;0;0;0;0;0;0;0;0;0;0;0;1593;0;0;89;0;80;0;
8977;2592281;995254272;18718720;1113055232;0;0;0;0;0;0;0;0;0;0;0;1644;0;0;89;0;80;0;
8978;2612609;995254272;18718720;1113055232;0;0;0;0;0;0;0;0;0;0;0;1503;0;0;89;0;80;0;
8979;2229831;995254272;18718720;1113055232;0;0;0;0;0;0;0;0;0;0;0;1432;0;0;89;0;80;0;
8980;5713265;995254272;18718720;1113055232;0;0;0;0;0;0;0;0;0;0;0;1453;0;0;89;0;80;0;
8981;4084881;995254272;18718720;1113055232;0;0;0;0;0;0;0;0;0;0;0;2545;0;0;89;0;80;0;
8982;2804650;995254272;18718720;1113055232;0;0;0;0;0;0;0;0;0;0;0;1593;0;0;89;0;80;0;
8983;2549502;995254272;18718720;1113055232;0;0;0;0;0;0;0;0;0;0;0;1783;0;0;89;0;80;0;
8984;2308229;995254272;18718720;1113055232;0;0;0;0;0;0;0;0;0;0;0;1543;0;0;89;0;80;0;
8985;1956819;995254272;18718720;1113055232;0;0;0;0;0;0;0;0;0;0;0;1483;0;0;89;0;80;0;
8986;5176779;995254272;18718720;1113055232;0;0;0;0;0;0;0;0;0;0;0;1492;0;0;89;0;80;0;
8987;3267849;995254272;18718720;1113055232;0;0;0;0;0;0;0;0;0;0;0;1763;0;0;89;0;80;0;
8988;2199966;995254272;18718720;1113055232;0;0;0;0;0;0;0;0;0;0;0;1483;0;0;89;0;80;0;
8989;1605931;995254272;18718720;1113055232;0;0;0;0;0;0;0;0;0;0;0;1462;0;0;89;0;80;0;
8990;2416562;995254272;18718720;1113055232;0;0;0;0;0;0;0;0;0;0;0;1423;0;0;89;0;80;0;
8991;1871129;995254272;18718720;1113055232;0;0;0;0;0;0;0;0;0;0;0;1633;0;0;89;0;80;0;
8992;5137966;995254272;18718720;1113055232;0;0;0;0;0;0;0;0;0;0;0;1453;0;0;89;0;80;0;
8993;3300049;995254272;18718720;1113055232;0;0;0;0;0;0;0;0;0;0;0;1924;0;0;89;0;80;0;
8994;2177053;995254272;18718720;1113055232;0;0;0;0;0;0;0;0;0;0;0;1283;0;0;89;0;80;0;
8995;2112842;995254272;18718720;1113055232;0;0;0;0;0;0;0;0;0;0;0;1744;0;0;89;0;80;0;
8996;2523642;995254272;18718720;1113055232;0;0;0;0;0;0;0;0;0;0;0;1492;0;0;89;0;80;0;
8997;1453907;995254272;18718720;1113055232;0;0;0;0;0;0;0;0;0;0;0;1523;0;0;89;0;80;0;
8998;5207626;995254272;18718720;1113055232;0;0;0;0;0;0;0;0;0;0;0;1462;0;0;89;0;80;0;
8999;3206784;995254272;18718720;1113055232;0;0;0;0;0;0;0;0;0;0;0;2164;0;0;89;0;80;0;
9000;2078248;995254272;18718720;1113055232;0;0;0;0;0;0;0;0;0;0;0;1813;0;0;89;0;80;0;
9001;2708740;995254272;18718720;1113055232;0;0;0;0;0;0;0;0;0;0;0;1743;0;0;89;0;80;0;
9002;2508745;995254272;18718720;1113055232;0;0;0;0;0;0;0;0;0;0;0;1563;0;0;89;0;80;0;
9003;1912687;995254272;18718720;1113055232;0;0;0;0;0;0;0;0;0;0;0;1573;0;0;89;0;80;0;
9004;5065680;995254272;18718720;1113055232;0;0;0;0;0;0;0;0;0;0;0;1482;0;0;89;0;80;0;
9005;2949943;995254272;18718720;1113055232;0;0;0;0;0;0;0;0;0;0;0;2004;0;0;89;0;80;0;
9006;2603342;995254272;18718720;1113055232;0;0;0;0;0;0;0;0;0;0;0;1483;0;0;89;0;80;0;
9007;1999380;995254272;18718720;1113055232;0;0;0;0;0;0;0;0;0;0;0;1593;0;0;89;0;80;0;
9008;2246623;995254272;18718720;1113055232;0;0;0;0;0;0;0;0;0;0;0;1603;0;0;89;0;80;0;
9009;1560276;995254272;18718720;1113055232;0;0;0;0;0;0;0;0;0;0;0;1543;0;0;89;0;80;0;
9010;4699473;995254272;18718720;1113055232;0;0;0;0;0;0;0;0;0;0;0;1493;0;0;89;0;80;0;
9011;3848628;995254272;18718720;1113055232;0;0;0;0;0;0;0;0;0;0;0;1843;0;0;89;0;80;0;
9012;2856317;995254272;18718720;1113055232;0;0;0;0;0;0;0;0;0;0;0;1452;0;0;89;0;80;0;
9013;1627482;995254272;18718720;1113055232;0;0;0;0;0;0;0;0;0;0;0;1683;0;0;89;0;80;0;
9014;4197212;995524608;18718720;1113055232;0;0;0;0;0;0;0;0;0;0;0;1983;0;0;89;0;80;0;
9015;2152497;995524608;18718720;1113055232;0;0;0;0;0;0;0;0;0;0;0;1573;0;0;89;0;80;0;
9016;5225209;995524608;18718720;1113055232;0;0;0;0;0;0;0;0;0;0;0;1502;0;0;89;0;80;0;
9017;3466061;995524608;18718720;1113055232;0;0;0;0;0;0;0;0;0;0;0;2304;0;0;89;0;80;0;
9018;2871495;995524608;18718720;1113055232;0;0;0;0;0;0;0;0;0;0;0;1483;0;0;89;0;80;0;
9019;2476624;995524608;18718720;1113055232;0;0;0;0;0;0;0;0;0;0;0;1753;0;0;89;0;80;0;
9020;3227333;995524608;18718720;1113055232;0;0;0;0;0;0;0;0;0;0;0;1583;0;0;89;0;80;0;
9021;3616222;995524608;18718720;1113055232;0;0;0;0;0;0;0;0;0;0;0;2154;0;0;89;0;80;0;
9022;5334043;995524608;18718720;1113055232;0;0;0;0;0;0;0;0;0;0;0;5480;0;0;89;0;80;0;
9023;5168002;995524608;18718720;1113055232;0;0;0;0;0;0;0;0;0;0;0;4719;0;0;89;0;80;0;
9024;3931323;995524608;18718720;1113055232;0;0;0;0;0;0;0;0;0;0;0;2665;0;0;89;0;80;0;
9025;3019132;995524608;18718720;1113055232;0;0;0;0;0;0;0;0;0;0;0;2164;0;0;89;0;80;0;
9026;4347713;995524608;18718720;1113055232;0;0;0;0;0;0;0;0;0;0;0;3797;0;0;89;0;80;0;
9027;2983786;995524608;18718720;1113055232;0;0;0;0;0;0;0;0;0;0;0;3597;0;0;89;0;80;0;
9028;6098857;995524608;18718720;1113055232;0;0;0;0;0;0;0;0;0;0;0;1994;0;0;89;0;80;0;
9029;5145980;995524608;18718720;1113055232;0;0;0;0;0;0;0;0;0;0;0;26119;0;0;89;0;80;0;
9030;3566929;995524608;18718720;1113055232;0;0;0;0;0;0;0;0;0;0;0;1623;0;0;89;0;80;0;
9031;2608812;995524608;18718720;1113055232;0;0;0;0;0;0;0;0;0;0;0;2364;0;0;89;0;80;0;
9032;4116330;995524608;18718720;1113055232;0;0;0;0;0;0;0;0;0;0;0;2164;0;0;89;0;80;0;
9033;2997151;995524608;18718720;1113055232;0;0;0;0;0;0;0;0;0;0;0;2595;0;0;89;0;80;0;
9034;6378743;995524608;18718720;1113055232;0;0;0;0;0;0;0;0;0;0;0;216175;0;0;89;0;80;0;
9035;3490165;995524608;18718720;1113055232;0;0;0;0;0;0;0;0;0;0;0;3516;0;0;89;0;80;0;
9036;3492861;995524608;18718720;1113055232;0;0;0;0;0;0;0;0;0;0;0;2235;0;0;89;0;80;0;
9037;2909086;995524608;18718720;1113055232;0;0;0;0;0;0;0;0;0;0;0;2204;0;0;89;0;80;0;
9038;3697734;995524608;18718720;1113055232;0;0;0;0;0;0;0;0;0;0;0;2454;0;0;89;0;80;0;
9039;2415409;995524608;18718720;1113055232;0;0;0;0;0;0;0;0;0;0;0;3075;0;0;89;0;80;0;
9040;6319592;995524608;18718720;1113055232;0;0;0;0;0;0;0;0;0;0;0;4438;0;0;89;0;80;0;
9041;3741667;995524608;18718720;1113055232;0;0;0;0;0;0;0;0;0;0;0;3096;0;0;89;0;80;0;
9042;3035723;995524608;18718720;1113055232;0;0;0;0;0;0;0;0;0;0;0;2294;0;0;89;0;80;0;
9043;2610366;995524608;18718720;1113055232;0;0;0;0;0;0;0;0;0;0;0;2886;0;0;89;0;80;0;
9044;2992862;995524608;18718720;1113055232;0;0;0;0;0;0;0;0;0;0;0;2013;0;0;89;0;80;0;
9045;2448121;995524608;18718720;1113055232;0;0;0;0;0;0;0;0;0;0;0;2224;0;0;89;0;80;0;
9046;5454339;995524608;18718720;1113055232;0;0;0;0;0;0;0;0;0;0;0;2064;0;0;89;0;80;0;
9047;3666746;995524608;18718720;1113055232;0;0;0;0;0;0;0;0;0;0;0;2725;0;0;89;0;80;0;
9048;3149006;995524608;18718720;1113055232;0;0;0;0;0;0;0;0;0;0;0;2324;0;0;89;0;80;0;
9049;2459021;995524608;18718720;1113055232;0;0;0;0;0;0;0;0;0;0;0;2345;0;0;89;0;80;0;
9050;2468910;995524608;18718720;1113055232;0;0;0;0;0;0;0;0;0;0;0;1873;0;0;89;0;80;0;
9051;2075322;995524608;18718720;1113055232;0;0;0;0;0;0;0;0;0;0;0;2124;0;0;89;0;80;0;
9052;4682161;995524608;18718720;1113055232;0;0;0;0;0;0;0;0;0;0;0;1633;0;0;89;0;80;0;
9053;3735766;995524608;18718720;1113055232;0;0;0;0;0;0;0;0;0;0;0;3336;0;0;89;0;80;0;
9054;2428414;995524608;18718720;1113055232;0;0;0;0;0;0;0;0;0;0;0;2204;0;0;89;0;80;0;
9055;1915703;995524608;18718720;1113055232;0;0;0;0;0;0;0;0;0;0;0;2094;0;0;89;0;80;0;
9056;2939724;995524608;18718720;1113055232;0;0;0;0;0;0;0;0;0;0;0;1934;0;0;89;0;80;0;
9057;2405471;995524608;18718720;1113055232;0;0;0;0;0;0;0;0;0;0;0;2264;0;0;89;0;80;0;
9058;5873666;995524608;18718720;1113055232;0;0;0;0;0;0;0;0;0;0;0;2194;0;0;89;0;80;0;
9059;3085005;995524608;18718720;1113055232;0;0;0;0;0;0;0;0;0;0;0;2554;0;0;89;0;80;0;
9060;2870884;995524608;18718720;1113055232;0;0;0;0;0;0;0;0;0;0;0;2545;0;0;89;0;80;0;
9061;2566232;995524608;18718720;1113055232;0;0;0;0;0;0;0;0;0;0;0;2074;0;0;89;0;80;0;
9062;4118604;995524608;18718720;1113055232;0;0;0;0;0;0;0;0;0;0;0;2605;0;0;89;0;80;0;
9063;2807886;995524608;18718720;1113055232;0;0;0;0;0;0;0;0;0;0;0;2124;0;0;89;0;80;0;
9064;5822279;995524608;18722816;1113059328;0;0;0;0;0;0;0;0;0;0;0;3797;0;0;89;0;80;0;
9065;5642883;995524608;18722816;1113059328;0;0;0;0;0;0;0;0;0;0;0;4058;0;0;89;0;80;0;
9066;3394165;995524608;18722816;1113059328;0;0;0;0;0;0;0;0;0;0;0;2034;0;0;89;0;80;0;
9067;3172741;995524608;18722816;1113059328;0;0;0;0;0;0;0;0;0;0;0;2915;0;0;89;0;80;0;
9068;9440675;995524608;18722816;1113059328;0;0;0;0;0;0;0;0;0;0;0;3577;0;0;89;0;80;0;
9069;2667813;995524608;18722816;1113059328;0;0;0;0;0;0;0;0;0;0;0;3387;0;0;89;0;80;0;
9070;6017876;995524608;18722816;1113059328;0;0;0;0;0;0;0;0;0;0;0;1883;0;0;89;0;80;0;
9071;4303080;995524608;18722816;1113059328;0;0;0;0;0;0;0;0;0;0;0;4118;0;0;89;0;80;0;
9072;3182328;995524608;18722816;1113059328;0;0;0;0;0;0;0;0;0;0;0;2545;0;0;89;0;80;0;
9073;2276890;995524608;18722816;1113059328;0;0;0;0;0;0;0;0;0;0;0;2224;0;0;89;0;80;0;
9074;2457389;995524608;18722816;1113059328;0;0;0;0;0;0;0;0;0;0;0;1943;0;0;89;0;80;0;
9075;2262623;995524608;18722816;1113059328;0;0;0;0;0;0;0;0;0;0;0;2195;0;0;89;0;80;0;
9076;4817995;995524608;18722816;1113059328;0;0;0;0;0;0;0;0;0;0;0;1483;0;0;89;0;80;0;
9077;2261261;995524608;18722816;1113059328;0;0;0;0;0;0;0;0;0;0;0;2174;0;0;89;0;80;0;
9078;2051417;995524608;18718720;1113055232;0;0;0;0;0;0;0;0;0;0;0;2114;0;0;89;0;80;0;
9079;1697914;995524608;18718720;1113055232;0;0;0;0;0;0;0;0;0;0;0;1924;0;0;89;0;80;0;
9080;2975981;995524608;18718720;1113055232;0;0;0;0;0;0;0;0;0;0;0;1473;0;0;89;0;80;0;
9081;1998167;995524608;18718720;1113055232;0;0;0;0;0;0;0;0;0;0;0;1282;0;0;89;0;80;0;
9082;5269052;995524608;18718720;1113055232;0;0;0;0;0;0;0;0;0;0;0;1593;0;0;89;0;80;0;
9083;2202240;995524608;18718720;1113055232;0;0;0;0;0;0;0;0;0;0;0;2305;0;0;89;0;80;0;
9084;1964865;995524608;18718720;1113055232;0;0;0;0;0;0;0;0;0;0;0;1393;0;0;89;0;80;0;
9085;1841233;995524608;18718720;1113055232;0;0;0;0;0;0;0;0;0;0;0;1734;0;0;89;0;80;0;
9086;2354856;995524608;18718720;1113055232;0;0;0;0;0;0;0;0;0;0;0;1633;0;0;89;0;80;0;
9087;1625098;995524608;18718720;1113055232;0;0;0;0;0;0;0;0;0;0;0;1773;0;0;89;0;80;0;
9088;5181928;995524608;18718720;1113055232;0;0;0;0;0;0;0;0;0;0;0;1724;0;0;89;0;80;0;
9089;2926268;995524608;18718720;1113055232;0;0;0;0;0;0;0;0;0;0;0;2495;0;0;89;0;80;0;
9090;2244379;995524608;18718720;1113055232;0;0;0;0;0;0;0;0;0;0;0;1403;0;0;89;0;80;0;
9091;1584952;995524608;18718720;1113055232;0;0;0;0;0;0;0;0;0;0;0;45966;0;0;89;0;80;0;
9092;2523643;995524608;18718720;1113055232;0;0;0;0;0;0;0;0;0;0;0;1603;0;0;89;0;80;0;
9093;2042871;995524608;18718720;1113055232;0;0;0;0;0;0;0;0;0;0;0;2084;0;0;89;0;80;0;
9094;5528769;995524608;18718720;1113055232;0;0;0;0;0;0;0;0;0;0;0;1482;0;0;89;0;80;0;
9095;2932300;995524608;18718720;1113055232;0;0;0;0;0;0;0;0;0;0;0;2264;0;0;89;0;80;0;
9096;2232787;995524608;18718720;1113055232;0;0;0;0;0;0;0;0;0;0;0;1322;0;0;89;0;80;0;
9097;2306696;995524608;18718720;1113055232;0;0;0;0;0;0;0;0;0;0;0;1734;0;0;89;0;80;0;
9098;2507142;995524608;18718720;1113055232;0;0;0;0;0;0;0;0;0;0;0;1763;0;0;89;0;80;0;
9099;2205095;995524608;18718720;1113055232;0;0;0;0;0;0;0;0;0;0;0;1714;0;0;89;0;80;0;
9100;5444671;995524608;18718720;1113055232;0;0;0;0;0;0;0;0;0;0;0;1663;0;0;89;0;80;0;
9101;2290375;995524608;18718720;1113055232;0;0;0;0;0;0;0;0;0;0;0;1993;0;0;89;0;80;0;
9102;2168877;995524608;18718720;1113055232;0;0;0;0;0;0;0;0;0;0;0;1492;0;0;89;0;80;0;
9103;2232046;995524608;18718720;1113055232;0;0;0;0;0;0;0;0;0;0;0;1472;0;0;89;0;80;0;
9104;2881895;995524608;18718720;1113055232;0;0;0;0;0;0;0;0;0;0;0;2003;0;0;89;0;80;0;
9105;2906361;995524608;18718720;1113055232;0;0;0;0;0;0;0;0;0;0;0;1823;0;0;89;0;80;0;
9106;5246008;995524608;18718720;1113055232;0;0;0;0;0;0;0;0;0;0;0;1553;0;0;89;0;80;0;
9107;3058947;995524608;18718720;1113055232;0;0;0;0;0;0;0;0;0;0;0;2585;0;0;89;0;80;0;
9108;3193830;995524608;18718720;1113055232;0;0;0;0;0;0;0;0;0;0;0;1633;0;0;89;0;80;0;
9109;1871290;995524608;18718720;1113055232;0;0;0;0;0;0;0;0;0;0;0;1793;0;0;89;0;80;0;
9110;2582213;995524608;18718720;1113055232;0;0;0;0;0;0;0;0;0;0;0;1533;0;0;89;0;80;0;
9111;2070523;995524608;18718720;1113055232;0;0;0;0;0;0;0;0;0;0;0;1894;0;0;89;0;80;0;
9112;5798845;995524608;18718720;1113055232;0;0;0;0;0;0;0;0;0;0;0;2305;0;0;89;0;80;0;
9113;4576633;995524608;18718720;1113055232;0;0;0;0;0;0;0;0;0;0;0;2865;0;0;89;0;80;0;
9114;2697118;995524608;18718720;1113055232;0;0;0;0;0;0;0;0;0;0;0;1794;0;0;89;0;80;0;
9115;1754681;995524608;18718720;1113055232;0;0;0;0;0;0;0;0;0;0;0;1603;0;0;89;0;80;0;
9116;2953418;995524608;18718720;1113055232;0;0;0;0;0;0;0;0;0;0;0;1543;0;0;89;0;80;0;
9117;1765221;995524608;18718720;1113055232;0;0;0;0;0;0;0;0;0;0;0;1883;0;0;89;0;80;0;
9118;5461603;995524608;18718720;1113055232;0;0;0;0;0;0;0;0;0;0;0;1493;0;0;89;0;80;0;
9119;3226521;995524608;18718720;1113055232;0;0;0;0;0;0;0;0;0;0;0;2645;0;0;89;0;80;0;
9120;2397616;995524608;18718720;1113055232;0;0;0;0;0;0;0;0;0;0;0;1392;0;0;89;0;80;0;
9121;2364344;995524608;18718720;1113055232;0;0;0;0;0;0;0;0;0;0;0;2104;0;0;89;0;80;0;
9122;2750568;995524608;18718720;1113055232;0;0;0;0;0;0;0;0;0;0;0;1583;0;0;89;0;80;0;
9123;1133445;995524608;18718720;1113055232;0;0;0;0;0;0;0;0;0;0;0;1654;0;0;89;0;80;0;
9124;5507068;995524608;18718720;1113055232;0;0;0;0;0;0;0;0;0;0;0;1613;0;0;89;0;80;0;
9125;3411698;995524608;18718720;1113055232;0;0;0;0;0;0;0;0;0;0;0;2435;0;0;89;0;80;0;
9126;2857118;995524608;18718720;1113055232;0;0;0;0;0;0;0;0;0;0;0;1623;0;0;89;0;80;0;
9127;2061165;995524608;18718720;1113055232;0;0;0;0;0;0;0;0;0;0;0;1944;0;0;89;0;80;0;
9128;3844300;995794944;18718720;1113055232;0;0;0;0;0;0;0;0;0;0;0;1994;0;0;89;0;80;0;
9129;2690446;995794944;18718720;1113055232;0;0;0;0;0;0;0;0;0;0;0;1753;0;0;89;0;80;0;
9130;6271682;995794944;18718720;1113055232;0;0;0;0;0;0;0;0;0;0;0;1483;0;0;89;0;80;0;
9131;3231891;995794944;18718720;1113055232;0;0;0;0;0;0;0;0;0;0;0;2385;0;0;89;0;80;0;
9132;2357521;995794944;18718720;1113055232;0;0;0;0;0;0;0;0;0;0;0;1663;0;0;89;0;80;0;
9133;2184577;995794944;18718720;1113055232;0;0;0;0;0;0;0;0;0;0;0;1843;0;0;89;0;80;0;
9134;2924955;995794944;18718720;1113055232;0;0;0;0;0;0;0;0;0;0;0;1914;0;0;89;0;80;0;
9135;2183976;995794944;18718720;1113055232;0;0;0;0;0;0;0;0;0;0;0;1643;0;0;89;0;80;0;
9136;5000898;995794944;18718720;1113055232;0;0;0;0;0;0;0;0;0;0;0;1493;0;0;89;0;80;0;
9137;3027308;995794944;18718720;1113055232;0;0;0;0;0;0;0;0;0;0;0;1583;0;0;89;0;80;0;
9138;2378741;995794944;18718720;1113055232;0;0;0;0;0;0;0;0;0;0;0;1503;0;0;89;0;80;0;
9139;1406788;995794944;18718720;1113055232;0;0;0;0;0;0;0;0;0;0;0;1553;0;0;89;0;80;0;
9140;2756089;995794944;18718720;1113055232;0;0;0;0;0;0;0;0;0;0;0;1703;0;0;89;0;80;0;
9141;1917817;995794944;18718720;1113055232;0;0;0;0;0;0;0;0;0;0;0;1633;0;0;89;0;80;0;
9142;5031707;995794944;18718720;1113055232;0;0;0;0;0;0;0;0;0;0;0;1743;0;0;89;0;80;0;
9143;3029362;995794944;18718720;1113055232;0;0;0;0;0;0;0;0;0;0;0;1894;0;0;89;0;80;0;
9144;2505409;995794944;18718720;1113055232;0;0;0;0;0;0;0;0;0;0;0;1442;0;0;89;0;80;0;
9145;1227663;995794944;18718720;1113055232;0;0;0;0;0;0;0;0;0;0;0;1583;0;0;89;0;80;0;
9146;2413947;995794944;18718720;1113055232;0;0;0;0;0;0;0;0;0;0;0;1503;0;0;89;0;80;0;
9147;2008977;995794944;18718720;1113055232;0;0;0;0;0;0;0;0;0;0;0;1493;0;0;89;0;80;0;
9148;5540470;995794944;18718720;1113055232;0;0;0;0;0;0;0;0;0;0;0;1623;0;0;89;0;80;0;
9149;3225730;995794944;18718720;1113055232;0;0;0;0;0;0;0;0;0;0;0;1934;0;0;89;0;80;0;
9150;2830588;995794944;18718720;1113055232;0;0;0;0;0;0;0;0;0;0;0;1523;0;0;89;0;80;0;
9151;2028103;995794944;18718720;1113055232;0;0;0;0;0;0;0;0;0;0;0;1784;0;0;89;0;80;0;
9152;2833925;995794944;18718720;1113055232;0;0;0;0;0;0;0;0;0;0;0;1493;0;0;89;0;80;0;
9153;2491773;995794944;18718720;1113055232;0;0;0;0;0;0;0;0;0;0;0;1553;0;0;89;0;80;0;
9154;5701813;995794944;18718720;1113055232;0;0;0;0;0;0;0;0;0;0;0;1483;0;0;89;0;80;0;
9155;3113009;995794944;18718720;1113055232;0;0;0;0;0;0;0;0;0;0;0;2204;0;0;89;0;80;0;
9156;2586000;995794944;18718720;1113055232;0;0;0;0;0;0;0;0;0;0;0;1532;0;0;89;0;80;0;
9157;1785138;995794944;18718720;1113055232;0;0;0;0;0;0;0;0;0;0;0;1523;0;0;89;0;80;0;
9158;2695335;995794944;18718720;1113055232;0;0;0;0;0;0;0;0;0;0;0;1623;0;0;89;0;80;0;
9159;1994360;995794944;18718720;1113055232;0;0;0;0;0;0;0;0;0;0;0;1553;0;0;89;0;80;0;
9160;5130071;995794944;18718720;1113055232;0;0;0;0;0;0;0;0;0;0;0;1493;0;0;89;0;80;0;
9161;2949311;995794944;18718720;1113055232;0;0;0;0;0;0;0;0;0;0;0;2134;0;0;89;0;80;0;
9162;3338741;995794944;18718720;1113055232;0;0;0;0;0;0;0;0;0;0;0;1623;0;0;89;0;80;0;
9163;1980685;995794944;18718720;1113055232;0;0;0;0;0;0;0;0;0;0;0;1312;0;0;89;0;80;0;
9164;2847671;995794944;18718720;1113055232;0;0;0;0;0;0;0;0;0;0;0;1513;0;0;89;0;80;0;
9165;1857884;995794944;18718720;1113055232;0;0;0;0;0;0;0;0;0;0;0;1452;0;0;89;0;80;0;
9166;4736603;995794944;18718720;1113055232;0;0;0;0;0;0;0;0;0;0;0;1623;0;0;89;0;80;0;
9167;3727540;995794944;18718720;1113055232;0;0;0;0;0;0;0;0;0;0;0;2204;0;0;89;0;80;0;
9168;3234736;995794944;18718720;1113055232;0;0;0;0;0;0;0;0;0;0;0;1713;0;0;89;0;80;0;
9169;2161854;995794944;18718720;1113055232;0;0;0;0;0;0;0;0;0;0;0;1403;0;0;89;0;80;0;
9170;1885737;995794944;18718720;1113055232;0;0;0;0;0;0;0;0;0;0;0;1443;0;0;89;0;80;0;
9171;2254308;995794944;18718720;1113055232;0;0;0;0;0;0;0;0;0;0;0;1563;0;0;89;0;80;0;
9172;5351506;995794944;18718720;1113055232;0;0;0;0;0;0;0;0;0;0;0;1482;0;0;89;0;80;0;
9173;4094709;995794944;18718720;1113055232;0;0;0;0;0;0;0;0;0;0;0;3186;0;0;89;0;80;0;
9174;2510668;995794944;18718720;1113055232;0;0;0;0;0;0;0;0;0;0;0;1413;0;0;89;0;80;0;
9175;1500213;995794944;18718720;1113055232;0;0;0;0;0;0;0;0;0;0;0;1553;0;0;89;0;80;0;
9176;2164860;995794944;18718720;1113055232;0;0;0;0;0;0;0;0;0;0;0;1603;0;0;89;0;80;0;
9177;1994120;995794944;18718720;1113055232;0;0;0;0;0;0;0;0;0;0;0;1492;0;0;89;0;80;0;
9178;6139273;995794944;18718720;1113055232;0;0;0;0;0;0;0;0;0;0;0;1673;0;0;89;0;80;0;
9179;4815751;995794944;18718720;1113055232;0;0;0;0;0;0;0;0;0;0;0;2976;0;0;89;0;80;0;
9180;3012870;995794944;18718720;1113055232;0;0;0;0;0;0;0;0;0;0;0;1803;0;0;89;0;80;0;
9181;2080452;995794944;18718720;1113055232;0;0;0;0;0;0;0;0;0;0;0;1663;0;0;89;0;80;0;
9182;2765717;995794944;18718720;1113055232;0;0;0;0;0;0;0;0;0;0;0;1533;0;0;89;0;80;0;
9183;1788664;995794944;18718720;1113055232;0;0;0;0;0;0;0;0;0;0;0;1423;0;0;89;0;80;0;
9184;6324631;995794944;18718720;1113055232;0;0;0;0;0;0;0;0;0;0;0;1573;0;0;89;0;80;0;
9185;4586261;995794944;18718720;1113055232;0;0;0;0;0;0;0;0;0;0;0;1854;0;0;89;0;80;0;
9186;2619733;995794944;18718720;1113055232;0;0;0;0;0;0;0;0;0;0;0;1473;0;0;89;0;80;0;
9187;1671254;995794944;18718720;1113055232;0;0;0;0;0;0;0;0;0;0;0;1463;0;0;89;0;80;0;
9188;3344483;995794944;18718720;1113055232;0;0;0;0;0;0;0;0;0;0;0;1423;0;0;89;0;80;0;
9189;4555433;995794944;18718720;1113055232;0;0;0;0;0;0;0;0;0;0;0;5300;0;0;89;0;80;0;
9190;8176605;996057088;18718720;1113055232;0;0;0;0;0;0;0;0;0;0;0;2986;0;0;89;0;80;0;
9191;5156460;996057088;18718720;1113055232;0;0;0;0;0;0;0;0;0;0;0;5470;0;0;89;0;80;0;
9192;3815636;996057088;18718720;1113055232;0;0;0;0;0;0;0;0;0;0;0;3597;0;0;89;0;80;0;
9193;2525596;996057088;18718720;1113055232;0;0;0;0;0;0;0;0;0;0;0;4378;0;0;89;0;80;0;
9194;4791716;996057088;18718720;1113055232;0;0;0;0;0;0;0;0;0;0;0;2214;0;0;89;0;80;0;
9195;3594451;996057088;18718720;1113055232;0;0;0;0;0;0;0;0;0;0;0;2455;0;0;89;0;80;0;
9196;8931681;996057088;18718720;1113055232;0;0;0;0;0;0;0;0;0;0;0;1603;0;0;89;0;80;0;
9197;4600528;996057088;18718720;1113055232;0;0;0;0;0;0;0;0;0;0;0;2154;0;0;89;0;80;0;
9198;4445547;996057088;18718720;1113055232;0;0;0;0;0;0;0;0;0;0;0;1733;0;0;89;0;80;0;
9199;2518623;996057088;18718720;1113055232;0;0;0;0;0;0;0;0;0;0;0;1833;0;0;89;0;80;0;
9200;3142454;996057088;18718720;1113055232;0;0;0;0;0;0;0;0;0;0;0;1483;0;0;89;0;80;0;
9201;2341221;996057088;18718720;1113055232;0;0;0;0;0;0;0;0;0;0;0;1422;0;0;89;0;80;0;
9202;5237383;996057088;18718720;1113055232;0;0;0;0;0;0;0;0;0;0;0;1223;0;0;89;0;80;0;
9203;4841820;996057088;18718720;1113055232;0;0;0;0;0;0;0;0;0;0;0;2104;0;0;89;0;80;0;
9204;3464046;996057088;18718720;1113055232;0;0;0;0;0;0;0;0;0;0;0;1462;0;0;89;0;80;0;
9205;1979783;996057088;18718720;1113055232;0;0;0;0;0;0;0;0;0;0;0;1432;0;0;89;0;80;0;
9206;2848201;996057088;18718720;1113055232;0;0;0;0;0;0;0;0;0;0;0;1382;0;0;89;0;80;0;
9207;2180329;996057088;18718720;1113055232;0;0;0;0;0;0;0;0;0;0;0;1693;0;0;89;0;80;0;
9208;5429042;996057088;18718720;1113055232;0;0;0;0;0;0;0;0;0;0;0;1853;0;0;89;0;80;0;
9209;3910384;996057088;18718720;1113055232;0;0;0;0;0;0;0;0;0;0;0;2154;0;0;89;0;80;0;
9210;2487826;996057088;18718720;1113055232;0;0;0;0;0;0;0;0;0;0;0;1503;0;0;89;0;80;0;
9211;1800307;996057088;18718720;1113055232;0;0;0;0;0;0;0;0;0;0;0;1443;0;0;89;0;80;0;
9212;2814498;996057088;18718720;1113055232;0;0;0;0;0;0;0;0;0;0;0;1402;0;0;89;0;80;0;
9213;1628474;996057088;18718720;1113055232;0;0;0;0;0;0;0;0;0;0;0;1373;0;0;89;0;80;0;
9214;5689530;996057088;18718720;1113055232;0;0;0;0;0;0;0;0;0;0;0;1312;0;0;89;0;80;0;
9215;4399491;996057088;18718720;1113055232;0;0;0;0;0;0;0;0;0;0;0;2555;0;0;89;0;80;0;
9216;3386601;996057088;18718720;1113055232;0;0;0;0;0;0;0;0;0;0;0;1443;0;0;89;0;80;0;
9217;2282811;996057088;18718720;1113055232;0;0;0;0;0;0;0;0;0;0;0;1473;0;0;89;0;80;0;
9218;2728266;996057088;18718720;1113055232;0;0;0;0;0;0;0;0;0;0;0;1443;0;0;89;0;80;0;
9219;2171332;996057088;18718720;1113055232;0;0;0;0;0;0;0;0;0;0;0;1432;0;0;89;0;80;0;
9220;5710910;996057088;18718720;1113055232;0;0;0;0;0;0;0;0;0;0;0;1442;0;0;89;0;80;0;
9221;3320768;996057088;18718720;1113055232;0;0;0;0;0;0;0;0;0;0;0;1963;0;0;89;0;80;0;
9222;2857709;996057088;18718720;1113055232;0;0;0;0;0;0;0;0;0;0;0;1423;0;0;89;0;80;0;
9223;1314906;996057088;18718720;1113055232;0;0;0;0;0;0;0;0;0;0;0;1512;0;0;89;0;80;0;
9224;1722711;996057088;18718720;1113055232;0;0;0;0;0;0;0;0;0;0;0;1413;0;0;89;0;80;0;
9225;1374889;996057088;18718720;1113055232;0;0;0;0;0;0;0;0;0;0;0;1492;0;0;89;0;80;0;
9226;5675684;996057088;18718720;1113055232;0;0;0;0;0;0;0;0;0;0;0;1413;0;0;89;0;80;0;
9227;3848848;996057088;18718720;1113055232;0;0;0;0;0;0;0;0;0;0;0;2324;0;0;89;0;80;0;
9228;3311961;996057088;18718720;1113055232;0;0;0;0;0;0;0;0;0;0;0;1493;0;0;89;0;80;0;
9229;2624773;996057088;18718720;1113055232;0;0;0;0;0;0;0;0;0;0;0;1323;0;0;89;0;80;0;
9230;3223716;996057088;18718720;1113055232;0;0;0;0;0;0;0;0;0;0;0;1513;0;0;89;0;80;0;
9231;2822823;996057088;18718720;1113055232;0;0;0;0;0;0;0;0;0;0;0;1543;0;0;89;0;80;0;
9232;5497099;996057088;18718720;1113055232;0;0;0;0;0;0;0;0;0;0;0;1453;0;0;89;0;80;0;
9233;4183566;996057088;18718720;1113055232;0;0;0;0;0;0;0;0;0;0;0;2495;0;0;89;0;80;0;
9234;2081784;996057088;18718720;1113055232;0;0;0;0;0;0;0;0;0;0;0;1553;0;0;89;0;80;0;
9235;1079294;996057088;18718720;1113055232;0;0;0;0;0;0;0;0;0;0;0;1433;0;0;89;0;80;0;
9236;2846127;996057088;18718720;1113055232;0;0;0;0;0;0;0;0;0;0;0;1553;0;0;89;0;80;0;
9237;2144692;996057088;18718720;1113055232;0;0;0;0;0;0;0;0;0;0;0;1443;0;0;89;0;80;0;
9238;4965252;996057088;18718720;1113055232;0;0;0;0;0;0;0;0;0;0;0;1493;0;0;89;0;80;0;
9239;3941231;996057088;18718720;1113055232;0;0;0;0;0;0;0;0;0;0;0;2215;0;0;89;0;80;0;
9240;2704732;996057088;18718720;1113055232;0;0;0;0;0;0;0;0;0;0;0;1483;0;0;89;0;80;0;
9241;2424667;996057088;18718720;1113055232;0;0;0;0;0;0;0;0;0;0;0;1613;0;0;89;0;80;0;
9242;3045752;996057088;18718720;1113055232;0;0;0;0;0;0;0;0;0;0;0;1773;0;0;89;0;80;0;
9243;2415420;996057088;18718720;1113055232;0;0;0;0;0;0;0;0;0;0;0;1704;0;0;89;0;80;0;
9244;4850016;996057088;18718720;1113055232;0;0;0;0;0;0;0;0;0;0;0;1573;0;0;89;0;80;0;
9245;4070835;996057088;18718720;1113055232;0;0;0;0;0;0;0;0;0;0;0;6633;0;0;89;0;80;0;
9246;2870463;996057088;18718720;1113055232;0;0;0;0;0;0;0;0;0;0;0;1653;0;0;89;0;80;0;
9247;1558994;996057088;18718720;1113055232;0;0;0;0;0;0;0;0;0;0;0;2565;0;0;89;0;80;0;
9248;2953149;996057088;18718720;1113055232;0;0;0;0;0;0;0;0;0;0;0;1322;0;0;89;0;80;0;
9249;2372018;996057088;18718720;1113055232;0;0;0;0;0;0;0;0;0;0;0;1974;0;0;89;0;80;0;
9250;5034251;996057088;18718720;1113055232;0;0;0;0;0;0;0;0;0;0;0;2375;0;0;89;0;80;0;
9251;5915073;996057088;18718720;1113055232;0;0;0;0;0;0;0;0;0;0;0;5410;0;0;89;0;80;0;
9252;2922421;996057088;18718720;1113055232;0;0;0;0;0;0;0;0;0;0;0;1814;0;0;89;0;80;0;
9253;2255860;996057088;18718720;1113055232;0;0;0;0;0;0;0;0;0;0;0;1734;0;0;89;0;80;0;
9254;3520843;996057088;18718720;1113055232;0;0;0;0;0;0;0;0;0;0;0;1583;0;0;89;0;80;0;
9255;3117286;996057088;18718720;1113055232;0;0;0;0;0;0;0;0;0;0;0;6582;0;0;89;0;80;0;
9256;5652281;996057088;18718720;1113055232;0;0;0;0;0;0;0;0;0;0;0;2064;0;0;89;0;80;0;
9257;3502008;996057088;18718720;1113055232;0;0;0;0;0;0;0;0;0;0;0;3247;0;0;89;0;80;0;
9258;1860940;996057088;18718720;1113055232;0;0;0;0;0;0;0;0;0;0;0;2024;0;0;89;0;80;0;
9259;1786300;996057088;18718720;1113055232;0;0;0;0;0;0;0;0;0;0;0;1803;0;0;89;0;80;0;
9260;2210525;996057088;18718720;1113055232;0;0;0;0;0;0;0;0;0;0;0;1693;0;0;89;0;80;0;
9261;1625619;996057088;18718720;1113055232;0;0;0;0;0;0;0;0;0;0;0;2004;0;0;89;0;80;0;
9262;6418437;996057088;18718720;1113055232;0;0;0;0;0;0;0;0;0;0;0;2204;0;0;89;0;80;0;
9263;3352137;996057088;18718720;1113055232;0;0;0;0;0;0;0;0;0;0;0;3086;0;0;89;0;80;0;
9264;2278783;996057088;18718720;1113055232;0;0;0;0;0;0;0;0;0;0;0;1864;0;0;89;0;80;0;
9265;1937704;996057088;18718720;1113055232;0;0;0;0;0;0;0;0;0;0;0;1913;0;0;89;0;80;0;
9266;2672021;996057088;18718720;1113055232;0;0;0;0;0;0;0;0;0;0;0;2585;0;0;89;0;80;0;
9267;1791730;996057088;18718720;1113055232;0;0;0;0;0;0;0;0;0;0;0;2494;0;0;89;0;80;0;
9268;5766634;996057088;18718720;1113055232;0;0;0;0;0;0;0;0;0;0;0;2735;0;0;89;0;80;0;
9269;3297083;996057088;18718720;1113055232;0;0;0;0;0;0;0;0;0;0;0;3206;0;0;89;0;80;0;
9270;2415260;996057088;18718720;1113055232;0;0;0;0;0;0;0;0;0;0;0;2074;0;0;89;0;80;0;
9271;2150884;996057088;18718720;1113055232;0;0;0;0;0;0;0;0;0;0;0;3597;0;0;89;0;80;0;
9272;3240547;996057088;18718720;1113055232;0;0;0;0;0;0;0;0;0;0;0;2404;0;0;89;0;80;0;
9273;1900825;996057088;18718720;1113055232;0;0;0;0;0;0;0;0;0;0;0;2344;0;0;89;0;80;0;
9274;5233405;996057088;18718720;1113055232;0;0;0;0;0;0;0;0;0;0;0;1533;0;0;89;0;80;0;
9275;3354390;996057088;18718720;1113055232;0;0;0;0;0;0;0;0;0;0;0;2975;0;0;89;0;80;0;
9276;2256322;996057088;18718720;1113055232;0;0;0;0;0;0;0;0;0;0;0;1883;0;0;89;0;80;0;
9277;1305419;996057088;18718720;1113055232;0;0;0;0;0;0;0;0;0;0;0;1923;0;0;89;0;80;0;
9278;2239099;996057088;18718720;1113055232;0;0;0;0;0;0;0;0;0;0;0;1693;0;0;89;0;80;0;
9279;2356830;996057088;18718720;1113055232;0;0;0;0;0;0;0;0;0;0;0;2996;0;0;89;0;80;0;
9280;4923192;996057088;18718720;1113055232;0;0;0;0;0;0;0;0;0;0;0;1433;0;0;89;0;80;0;
9281;2553529;996057088;18718720;1113055232;0;0;0;0;0;0;0;0;0;0;0;2765;0;0;89;0;80;0;
9282;2480442;996057088;18718720;1113055232;0;0;0;0;0;0;0;0;0;0;0;2004;0;0;89;0;80;0;
9283;1964595;996057088;18718720;1113055232;0;0;0;0;0;0;0;0;0;0;0;3787;0;0;89;0;80;0;
9284;1910202;996057088;18718720;1113055232;0;0;0;0;0;0;0;0;0;0;0;1343;0;0;89;0;80;0;
9285;1520472;996057088;18718720;1113055232;0;0;0;0;0;0;0;0;0;0;0;1794;0;0;89;0;80;0;
9286;5164726;996057088;18718720;1113055232;0;0;0;0;0;0;0;0;0;0;0;1623;0;0;89;0;80;0;
9287;3124339;996057088;18718720;1113055232;0;0;0;0;0;0;0;0;0;0;0;2875;0;0;89;0;80;0;
9288;2194415;996057088;18718720;1113055232;0;0;0;0;0;0;0;0;0;0;0;2414;0;0;89;0;80;0;
9289;2309491;996057088;18718720;1113055232;0;0;0;0;0;0;0;0;0;0;0;2484;0;0;89;0;80;0;
9290;3382594;996057088;18718720;1113055232;0;0;0;0;0;0;0;0;0;0;0;2615;0;0;89;0;80;0;
9291;2473148;996057088;18718720;1113055232;0;0;0;0;0;0;0;0;0;0;0;3086;0;0;89;0;80;0;
9292;5514171;996057088;18718720;1113055232;0;0;0;0;0;0;0;0;0;0;0;1633;0;0;89;0;80;0;
9293;3479936;996057088;18718720;1113055232;0;0;0;0;0;0;0;0;0;0;0;5199;0;0;89;0;80;0;
9294;3734744;996057088;18718720;1113055232;0;0;0;0;0;0;0;0;0;0;0;4839;0;0;89;0;80;0;
9295;2524755;996057088;18718720;1113055232;0;0;0;0;0;0;0;0;0;0;0;2725;0;0;89;0;80;0;
9296;2698120;996057088;18718720;1113055232;0;0;0;0;0;0;0;0;0;0;0;1563;0;0;89;0;80;0;
9297;1996805;996057088;18718720;1113055232;0;0;0;0;0;0;0;0;0;0;0;1562;0;0;89;0;80;0;
9298;5539539;996057088;18718720;1113055232;0;0;0;0;0;0;0;0;0;0;0;1853;0;0;89;0;80;0;
9299;4760167;996057088;18718720;1113055232;0;0;0;0;0;0;0;0;0;0;0;5480;0;0;89;0;80;0;
9300;2743355;996057088;18718720;1113055232;0;0;0;0;0;0;0;0;0;0;0;1833;0;0;89;0;80;0;
9301;1814443;996057088;18718720;1113055232;0;0;0;0;0;0;0;0;0;0;0;1783;0;0;89;0;80;0;
9302;2197561;996057088;18718720;1113055232;0;0;0;0;0;0;0;0;0;0;0;1623;0;0;89;0;80;0;
9303;2363011;996057088;18718720;1113055232;0;0;0;0;0;0;0;0;0;0;0;2034;0;0;89;0;80;0;
9304;5471201;996057088;18718720;1113055232;0;0;0;0;0;0;0;0;0;0;0;1343;0;0;89;0;80;0;
9305;4569931;996057088;18718720;1113055232;0;0;0;0;0;0;0;0;0;0;0;4839;0;0;89;0;80;0;
9306;2640932;996057088;18718720;1113055232;0;0;0;0;0;0;0;0;0;0;0;2375;0;0;89;0;80;0;
9307;1790588;996057088;18718720;1113055232;0;0;0;0;0;0;0;0;0;0;0;2144;0;0;89;0;80;0;
9308;2486202;996057088;18718720;1113055232;0;0;0;0;0;0;0;0;0;0;0;1854;0;0;89;0;80;0;
9309;2595267;996057088;18718720;1113055232;0;0;0;0;0;0;0;0;0;0;0;2185;0;0;89;0;80;0;
9310;5443008;996057088;18718720;1113055232;0;0;0;0;0;0;0;0;0;0;0;1243;0;0;89;0;80;0;
9311;4286469;996057088;18718720;1113055232;0;0;0;0;0;0;0;0;0;0;0;5150;0;0;89;0;80;0;
9312;3499894;996057088;18718720;1113055232;0;0;0;0;0;0;0;0;0;0;0;2715;0;0;89;0;80;0;
9313;2386806;996057088;18718720;1113055232;0;0;0;0;0;0;0;0;0;0;0;3106;0;0;89;0;80;0;
9314;2970040;996057088;18718720;1113055232;0;0;0;0;0;0;0;0;0;0;0;2394;0;0;89;0;80;0;
9315;2316244;996057088;18718720;1113055232;0;0;0;0;0;0;0;0;0;0;0;2043;0;0;89;0;80;0;
9316;5509252;996057088;18718720;1113055232;0;0;0;0;0;0;0;0;0;0;0;2625;0;0;89;0;80;0;
9317;4345900;996057088;18718720;1113055232;0;0;0;0;0;0;0;0;0;0;0;5421;0;0;89;0;80;0;
9318;2572765;996057088;18718720;1113055232;0;0;0;0;0;0;0;0;0;0;0;2345;0;0;89;0;80;0;
9319;2710213;996057088;18718720;1113055232;0;0;0;0;0;0;0;0;0;0;0;76844;0;0;89;0;80;0;
9320;3757697;996057088;18718720;1113055232;0;0;0;0;0;0;0;0;0;0;0;2365;0;0;89;0;80;0;
9321;2446518;996057088;18718720;1113055232;0;0;0;0;0;0;0;0;0;0;0;3476;0;0;89;0;80;0;
9322;5166139;996057088;18718720;1113055232;0;0;0;0;0;0;0;0;0;0;0;2916;0;0;89;0;80;0;
9323;5103130;996057088;18718720;1113055232;0;0;0;0;0;0;0;0;0;0;0;5420;0;0;89;0;80;0;
9324;2760858;996057088;18718720;1113055232;0;0;0;0;0;0;0;0;0;0;0;1773;0;0;89;0;80;0;
9325;2321974;996057088;18718720;1113055232;0;0;0;0;0;0;0;0;0;0;0;2605;0;0;89;0;80;0;
9326;3063716;996057088;18718720;1113055232;0;0;0;0;0;0;0;0;0;0;0;2415;0;0;89;0;80;0;
9327;2523592;996057088;18718720;1113055232;0;0;0;0;0;0;0;0;0;0;0;2675;0;0;89;0;80;0;
9328;5400619;996057088;18718720;1113055232;0;0;0;0;0;0;0;0;0;0;0;2274;0;0;89;0;80;0;
9329;4754246;996057088;18718720;1113055232;0;0;0;0;0;0;0;0;0;0;0;3446;0;0;89;0;80;0;
9330;2858171;996057088;18718720;1113055232;0;0;0;0;0;0;0;0;0;0;0;1954;0;0;89;0;80;0;
9331;2003918;996057088;18718720;1113055232;0;0;0;0;0;0;0;0;0;0;0;1953;0;0;89;0;80;0;
9332;2721174;996057088;18718720;1113055232;0;0;0;0;0;0;0;0;0;0;0;1633;0;0;89;0;80;0;
9333;2967295;996057088;18718720;1113055232;0;0;0;0;0;0;0;0;0;0;0;2455;0;0;89;0;80;0;
9334;5295020;996057088;18718720;1113055232;0;0;0;0;0;0;0;0;0;0;0;1873;0;0;89;0;80;0;
9335;3213036;996057088;18718720;1113055232;0;0;0;0;0;0;0;0;0;0;0;2875;0;0;89;0;80;0;
9336;2552236;996057088;18718720;1113055232;0;0;0;0;0;0;0;0;0;0;0;2184;0;0;89;0;80;0;
9337;1805856;996057088;18718720;1113055232;0;0;0;0;0;0;0;0;0;0;0;1553;0;0;89;0;80;0;
9338;2869522;996057088;18718720;1113055232;0;0;0;0;0;0;0;0;0;0;0;2434;0;0;89;0;80;0;
9339;1964224;996057088;18718720;1113055232;0;0;0;0;0;0;0;0;0;0;0;1904;0;0;89;0;80;0;
9340;5453297;996057088;18718720;1113055232;0;0;0;0;0;0;0;0;0;0;0;1583;0;0;89;0;80;0;
9341;2717647;996057088;18718720;1113055232;0;0;0;0;0;0;0;0;0;0;0;2565;0;0;89;0;80;0;
9342;1821897;996057088;18718720;1113055232;0;0;0;0;0;0;0;0;0;0;0;1393;0;0;89;0;80;0;
9343;1598388;996057088;18718720;1113055232;0;0;0;0;0;0;0;0;0;0;0;1673;0;0;89;0;80;0;
9344;1958313;996057088;18718720;1113055232;0;0;0;0;0;0;0;0;0;0;0;1613;0;0;89;0;80;0;
9345;1990703;996057088;18718720;1113055232;0;0;0;0;0;0;0;0;0;0;0;1753;0;0;89;0;80;0;
9346;5661427;996057088;18718720;1113055232;0;0;0;0;0;0;0;0;0;0;0;2084;0;0;89;0;80;0;
9347;3300459;996057088;18718720;1113055232;0;0;0;0;0;0;0;0;0;0;0;2475;0;0;89;0;80;0;
9348;2651342;996057088;18718720;1113055232;0;0;0;0;0;0;0;0;0;0;0;2675;0;0;89;0;80;0;
9349;1969393;996057088;18718720;1113055232;0;0;0;0;0;0;0;0;0;0;0;2174;0;0;89;0;80;0;
9350;2759044;996057088;18718720;1113055232;0;0;0;0;0;0;0;0;0;0;0;1954;0;0;89;0;80;0;
9351;2595046;996057088;18718720;1113055232;0;0;0;0;0;0;0;0;0;0;0;1934;0;0;89;0;80;0;
9352;4443674;996057088;18718720;1113055232;0;0;0;0;0;0;0;0;0;0;0;1733;0;0;89;0;80;0;
9353;4379243;996057088;18718720;1113055232;0;0;0;0;0;0;0;0;0;0;0;3236;0;0;89;0;80;0;
9354;2491563;996057088;18718720;1113055232;0;0;0;0;0;0;0;0;0;0;0;2254;0;0;89;0;80;0;
9355;2956465;996057088;18718720;1113055232;0;0;0;0;0;0;0;0;0;0;0;2064;0;0;89;0;80;0;
9356;2503455;996057088;18718720;1113055232;0;0;0;0;0;0;0;0;0;0;0;2675;0;0;89;0;80;0;
9357;1407299;996057088;18718720;1113055232;0;0;0;0;0;0;0;0;0;0;0;2074;0;0;89;0;80;0;
9358;5145209;996057088;18718720;1113055232;0;0;0;0;0;0;0;0;0;0;0;1764;0;0;89;0;80;0;
9359;2945735;996057088;18718720;1113055232;0;0;0;0;0;0;0;0;0;0;0;3216;0;0;89;0;80;0;
9360;2539793;996057088;18718720;1113055232;0;0;0;0;0;0;0;0;0;0;0;1763;0;0;89;0;80;0;
9361;2192392;996057088;18718720;1113055232;0;0;0;0;0;0;0;0;0;0;0;1953;0;0;89;0;80;0;
9362;2716244;996057088;18718720;1113055232;0;0;0;0;0;0;0;0;0;0;0;1613;0;0;89;0;80;0;
9363;2559911;996057088;18718720;1113055232;0;0;0;0;0;0;0;0;0;0;0;2384;0;0;89;0;80;0;
9364;5260004;996057088;18718720;1113055232;0;0;0;0;0;0;0;0;0;0;0;1783;0;0;89;0;80;0;
9365;4464502;996057088;18718720;1113055232;0;0;0;0;0;0;0;0;0;0;0;3526;0;0;89;0;80;0;
9366;4248547;996057088;18718720;1113055232;0;0;0;0;0;0;0;0;0;0;0;3397;0;0;89;0;80;0;
9367;2840076;996057088;18718720;1113055232;0;0;0;0;0;0;0;0;0;0;0;3817;0;0;89;0;80;0;
9368;2811984;996057088;18718720;1113055232;0;0;0;0;0;0;0;0;0;0;0;2885;0;0;89;0;80;0;
9369;3190944;996057088;18718720;1113055232;0;0;0;0;0;0;0;0;0;0;0;3046;0;0;89;0;80;0;
9370;5723985;996057088;18718720;1113055232;0;0;0;0;0;0;0;0;0;0;0;1623;0;0;89;0;80;0;
9371;5321399;996057088;18718720;1113055232;0;0;0;0;0;0;0;0;0;0;0;4708;0;0;89;0;80;0;
9372;4320362;996057088;18718720;1113055232;0;0;0;0;0;0;0;0;0;0;0;2946;0;0;89;0;80;0;
9373;2570621;996057088;18718720;1113055232;0;0;0;0;0;0;0;0;0;0;0;3036;0;0;89;0;80;0;
9374;3173352;996057088;18718720;1113055232;0;0;0;0;0;0;0;0;0;0;0;1923;0;0;89;0;80;0;
9375;2853701;996057088;18718720;1113055232;0;0;0;0;0;0;0;0;0;0;0;3216;0;0;89;0;80;0;
9376;5603969;996057088;18718720;1113055232;0;0;0;0;0;0;0;0;0;0;0;2054;0;0;89;0;80;0;
9377;4156014;996057088;18718720;1113055232;0;0;0;0;0;0;0;0;0;0;0;4678;0;0;89;0;80;0;
9378;2245662;996057088;18718720;1113055232;0;0;0;0;0;0;0;0;0;0;0;1583;0;0;89;0;80;0;
9379;2537418;996057088;18718720;1113055232;0;0;0;0;0;0;0;0;0;0;0;1923;0;0;89;0;80;0;
9380;2760117;996057088;18718720;1113055232;0;0;0;0;0;0;0;0;0;0;0;1834;0;0;89;0;80;0;
9381;2954962;996057088;18718720;1113055232;0;0;0;0;0;0;0;0;0;0;0;2474;0;0;89;0;80;0;
9382;5621813;996057088;18718720;1113055232;0;0;0;0;0;0;0;0;0;0;0;1603;0;0;89;0;80;0;
9383;3703064;996057088;18718720;1113055232;0;0;0;0;0;0;0;0;0;0;0;4007;0;0;89;0;80;0;
9384;2854543;996057088;18718720;1113055232;0;0;0;0;0;0;0;0;0;0;0;3046;0;0;89;0;80;0;
9385;2325862;996057088;18718720;1113055232;0;0;0;0;0;0;0;0;0;0;0;2735;0;0;89;0;80;0;
9386;2019377;996057088;18718720;1113055232;0;0;0;0;0;0;0;0;0;0;0;1423;0;0;89;0;80;0;
9387;2029065;996057088;18718720;1113055232;0;0;0;0;0;0;0;0;0;0;0;2044;0;0;89;0;80;0;
9388;5204611;996057088;18718720;1113055232;0;0;0;0;0;0;0;0;0;0;0;2735;0;0;89;0;80;0;
9389;3650847;996057088;18718720;1113055232;0;0;0;0;0;0;0;0;0;0;0;5029;0;0;89;0;80;0;
9390;2727455;996057088;18718720;1113055232;0;0;0;0;0;0;0;0;0;0;0;1483;0;0;89;0;80;0;
9391;2156565;996057088;18718720;1113055232;0;0;0;0;0;0;0;0;0;0;0;2144;0;0;89;0;80;0;
9392;3124640;996057088;18718720;1113055232;0;0;0;0;0;0;0;0;0;0;0;2104;0;0;89;0;80;0;
9393;2323698;996057088;18718720;1113055232;0;0;0;0;0;0;0;0;0;0;0;2234;0;0;89;0;80;0;
9394;5485818;996057088;18718720;1113055232;0;0;0;0;0;0;0;0;0;0;0;1934;0;0;89;0;80;0;
9395;4194456;996057088;18718720;1113055232;0;0;0;0;0;0;0;0;0;0;0;3877;0;0;89;0;80;0;
9396;3303486;996057088;18718720;1113055232;0;0;0;0;0;0;0;0;0;0;0;2635;0;0;89;0;80;0;
9397;2693381;996057088;18718720;1113055232;0;0;0;0;0;0;0;0;0;0;0;3136;0;0;89;0;80;0;
9398;2900800;996057088;18718720;1113055232;0;0;0;0;0;0;0;0;0;0;0;2445;0;0;89;0;80;0;
9399;2597521;996057088;18718720;1113055232;0;0;0;0;0;0;0;0;0;0;0;2705;0;0;89;0;80;0;
9400;5757567;996057088;18718720;1113055232;0;0;0;0;0;0;0;0;0;0;0;2705;0;0;89;0;80;0;
9401;5408412;996057088;18718720;1113055232;0;0;0;0;0;0;0;0;0;0;0;5571;0;0;89;0;80;0;
9402;3436905;996057088;18718720;1113055232;0;0;0;0;0;0;0;0;0;0;0;2865;0;0;89;0;80;0;
9403;1879264;996057088;18718720;1113055232;0;0;0;0;0;0;0;0;0;0;0;2104;0;0;89;0;80;0;
9404;2698250;996057088;18718720;1113055232;0;0;0;0;0;0;0;0;0;0;0;1973;0;0;89;0;80;0;
9405;1930380;996057088;18718720;1113055232;0;0;0;0;0;0;0;0;0;0;0;2104;0;0;89;0;80;0;
9406;5457735;996057088;18718720;1113055232;0;0;0;0;0;0;0;0;0;0;0;2735;0;0;89;0;80;0;
9407;4507504;996057088;18718720;1113055232;0;0;0;0;0;0;0;0;0;0;0;3868;0;0;89;0;80;0;
9408;3478023;996057088;18718720;1113055232;0;0;0;0;0;0;0;0;0;0;0;2004;0;0;89;0;80;0;
9409;2250059;996057088;18718720;1113055232;0;0;0;0;0;0;0;0;0;0;0;2705;0;0;89;0;80;0;
9410;2944162;996057088;18718720;1113055232;0;0;0;0;0;0;0;0;0;0;0;3477;0;0;89;0;80;0;
9411;2569318;996057088;18718720;1113055232;0;0;0;0;0;0;0;0;0;0;0;2835;0;0;89;0;80;0;
9412;5027840;996057088;18718720;1113055232;0;0;0;0;0;0;0;0;0;0;0;2164;0;0;89;0;80;0;
9413;4207311;996057088;18718720;1113055232;0;0;0;0;0;0;0;0;0;0;0;4389;0;0;89;0;80;0;
9414;2986931;996057088;18718720;1113055232;0;0;0;0;0;0;0;0;0;0;0;2224;0;0;89;0;80;0;
9415;2052690;996057088;18718720;1113055232;0;0;0;0;0;0;0;0;0;0;0;2255;0;0;89;0;80;0;
9416;2707147;996057088;18718720;1113055232;0;0;0;0;0;0;0;0;0;0;0;1863;0;0;89;0;80;0;
9417;2137739;996057088;18718720;1113055232;0;0;0;0;0;0;0;0;0;0;0;2194;0;0;89;0;80;0;
9418;5476681;996057088;18718720;1113055232;0;0;0;0;0;0;0;0;0;0;0;1833;0;0;89;0;80;0;
9419;3897389;996057088;18718720;1113055232;0;0;0;0;0;0;0;0;0;0;0;4960;0;0;89;0;80;0;
9420;2840537;996057088;18718720;1113055232;0;0;0;0;0;0;0;0;0;0;0;2935;0;0;89;0;80;0;
9421;2030498;996057088;18718720;1113055232;0;0;0;0;0;0;0;0;0;0;0;1643;0;0;89;0;80;0;
9422;2417985;996057088;18718720;1113055232;0;0;0;0;0;0;0;0;0;0;0;1613;0;0;89;0;80;0;
9423;2066786;996057088;18718720;1113055232;0;0;0;0;0;0;0;0;0;0;0;2565;0;0;89;0;80;0;
9424;5236240;996057088;18718720;1113055232;0;0;0;0;0;0;0;0;0;0;0;1693;0;0;89;0;80;0;
9425;4025389;996057088;18718720;1113055232;0;0;0;0;0;0;0;0;0;0;0;4058;0;0;89;0;80;0;
9426;2861015;996057088;18718720;1113055232;0;0;0;0;0;0;0;0;0;0;0;1813;0;0;89;0;80;0;
9427;2298931;996057088;18718720;1113055232;0;0;0;0;0;0;0;0;0;0;0;2084;0;0;89;0;80;0;
9428;2533612;996057088;18718720;1113055232;0;0;0;0;0;0;0;0;0;0;0;2084;0;0;89;0;80;0;
9429;1978431;996057088;18718720;1113055232;0;0;0;0;0;0;0;0;0;0;0;1943;0;0;89;0;80;0;
9430;5561069;996057088;18718720;1113055232;0;0;0;0;0;0;0;0;0;0;0;1904;0;0;89;0;80;0;
9431;4752663;996057088;18718720;1113055232;0;0;0;0;0;0;0;0;0;0;0;4087;0;0;89;0;80;0;
9432;2732464;996057088;18718720;1113055232;0;0;0;0;0;0;0;0;0;0;0;1884;0;0;89;0;80;0;
9433;2155181;996057088;18718720;1113055232;0;0;0;0;0;0;0;0;0;0;0;2495;0;0;89;0;80;0;
9434;2292118;996057088;18718720;1113055232;0;0;0;0;0;0;0;0;0;0;0;1723;0;0;89;0;80;0;
9435;2571052;996057088;18718720;1113055232;0;0;0;0;0;0;0;0;0;0;0;2865;0;0;89;0;80;0;
9436;5922988;996057088;18718720;1113055232;0;0;0;0;0;0;0;0;0;0;0;3136;0;0;89;0;80;0;
9437;5576939;996057088;18718720;1113055232;0;0;0;0;0;0;0;0;0;0;0;4509;0;0;89;0;80;0;
9438;2532971;996057088;18718720;1113055232;0;0;0;0;0;0;0;0;0;0;0;1513;0;0;89;0;80;0;
9439;1748849;996057088;18718720;1113055232;0;0;0;0;0;0;0;0;0;0;0;1502;0;0;89;0;80;0;
9440;2945615;996057088;18718720;1113055232;0;0;0;0;0;0;0;0;0;0;0;1644;0;0;89;0;80;0;
9441;2364385;996057088;18718720;1113055232;0;0;0;0;0;0;0;0;0;0;0;3106;0;0;89;0;80;0;
9442;4823396;996057088;18718720;1113055232;0;0;0;0;0;0;0;0;0;0;0;1683;0;0;89;0;80;0;
9443;4277822;996057088;18718720;1113055232;0;0;0;0;0;0;0;0;0;0;0;2364;0;0;89;0;80;0;
9444;2294082;996057088;18718720;1113055232;0;0;0;0;0;0;0;0;0;0;0;1352;0;0;89;0;80;0;
9445;1705158;996057088;18718720;1113055232;0;0;0;0;0;0;0;0;0;0;0;1773;0;0;89;0;80;0;
9446;2765877;996057088;18718720;1113055232;0;0;0;0;0;0;0;0;0;0;0;1422;0;0;89;0;80;0;
9447;2476645;996057088;18718720;1113055232;0;0;0;0;0;0;0;0;0;0;0;2164;0;0;89;0;80;0;
9448;5797112;996057088;18718720;1113055232;0;0;0;0;0;0;0;0;0;0;0;1543;0;0;89;0;80;0;
9449;3520472;996057088;18718720;1113055232;0;0;0;0;0;0;0;0;0;0;0;3246;0;0;89;0;80;0;
9450;2835698;996057088;18718720;1113055232;0;0;0;0;0;0;0;0;0;0;0;2315;0;0;89;0;80;0;
9451;1976987;996057088;18718720;1113055232;0;0;0;0;0;0;0;0;0;0;0;1443;0;0;89;0;80;0;
9452;2265249;996057088;18718720;1113055232;0;0;0;0;0;0;0;0;0;0;0;1553;0;0;89;0;80;0;
9453;1231319;996057088;18718720;1113055232;0;0;0;0;0;0;0;0;0;0;0;1272;0;0;89;0;80;0;
9454;5635629;996057088;18718720;1113055232;0;0;0;0;0;0;0;0;0;0;0;1472;0;0;89;0;80;0;
9455;2212008;996057088;18718720;1113055232;0;0;0;0;0;0;0;0;0;0;0;2024;0;0;89;0;80;0;
9456;2662252;996057088;18718720;1113055232;0;0;0;0;0;0;0;0;0;0;0;1653;0;0;89;0;80;0;
9457;2637266;996057088;18718720;1113055232;0;0;0;0;0;0;0;0;0;0;0;1703;0;0;89;0;80;0;
9458;2226015;996057088;18718720;1113055232;0;0;0;0;0;0;0;0;0;0;0;1763;0;0;89;0;80;0;
9459;1749441;996057088;18718720;1113055232;0;0;0;0;0;0;0;0;0;0;0;1643;0;0;89;0;80;0;
9460;5080879;996057088;18718720;1113055232;0;0;0;0;0;0;0;0;0;0;0;1402;0;0;89;0;80;0;
9461;2400673;996057088;18718720;1113055232;0;0;0;0;0;0;0;0;0;0;0;2765;0;0;89;0;80;0;
9462;2524524;996057088;18718720;1113055232;0;0;0;0;0;0;0;0;0;0;0;1523;0;0;89;0;80;0;
9463;1800887;996057088;18718720;1113055232;0;0;0;0;0;0;0;0;0;0;0;1764;0;0;89;0;80;0;
9464;1994310;996057088;18718720;1113055232;0;0;0;0;0;0;0;0;0;0;0;1483;0;0;89;0;80;0;
9465;1371903;996057088;18718720;1113055232;0;0;0;0;0;0;0;0;0;0;0;1713;0;0;89;0;80;0;
9466;5061442;996057088;18718720;1113055232;0;0;0;0;0;0;0;0;0;0;0;1783;0;0;89;0;80;0;
9467;2572415;996057088;18718720;1113055232;0;0;0;0;0;0;0;0;0;0;0;2405;0;0;89;0;80;0;
9468;2430188;996057088;18718720;1113055232;0;0;0;0;0;0;0;0;0;0;0;1713;0;0;89;0;80;0;
9469;1930270;996057088;18718720;1113055232;0;0;0;0;0;0;0;0;0;0;0;1693;0;0;89;0;80;0;
9470;2194465;996057088;18718720;1113055232;0;0;0;0;0;0;0;0;0;0;0;1644;0;0;89;0;80;0;
9471;1911996;996057088;18718720;1113055232;0;0;0;0;0;0;0;0;0;0;0;1883;0;0;89;0;80;0;
9472;4827884;996057088;18718720;1113055232;0;0;0;0;0;0;0;0;0;0;0;1663;0;0;89;0;80;0;
9473;2382468;996057088;18718720;1113055232;0;0;0;0;0;0;0;0;0;0;0;2845;0;0;89;0;80;0;
9474;1866901;996057088;18718720;1113055232;0;0;0;0;0;0;0;0;0;0;0;2254;0;0;89;0;80;0;
9475;1992827;996057088;18718720;1113055232;0;0;0;0;0;0;0;0;0;0;0;1953;0;0;89;0;80;0;
9476;2065334;996057088;18718720;1113055232;0;0;0;0;0;0;0;0;0;0;0;1904;0;0;89;0;80;0;
9477;1606133;996057088;18718720;1113055232;0;0;0;0;0;0;0;0;0;0;0;1623;0;0;89;0;80;0;
9478;4738807;996057088;18718720;1113055232;0;0;0;0;0;0;0;0;0;0;0;1643;0;0;89;0;80;0;
9479;2662183;996057088;18718720;1113055232;0;0;0;0;0;0;0;0;0;0;0;2445;0;0;89;0;80;0;
9480;2401404;996057088;18718720;1113055232;0;0;0;0;0;0;0;0;0;0;0;1443;0;0;89;0;80;0;
9481;2101862;996057088;18718720;1113055232;0;0;0;0;0;0;0;0;0;0;0;1523;0;0;89;0;80;0;
9482;2614894;996057088;18718720;1113055232;0;0;0;0;0;0;0;0;0;0;0;1492;0;0;89;0;80;0;
9483;1907056;996057088;18718720;1113055232;0;0;0;0;0;0;0;0;0;0;0;1643;0;0;89;0;80;0;
9484;4852320;996057088;18718720;1113055232;0;0;0;0;0;0;0;0;0;0;0;2104;0;0;89;0;80;0;
9485;2620163;996057088;18718720;1113055232;0;0;0;0;0;0;0;0;0;0;0;2485;0;0;89;0;80;0;
9486;2261110;996057088;18718720;1113055232;0;0;0;0;0;0;0;0;0;0;0;1653;0;0;89;0;80;0;
9487;2063500;996057088;18718720;1113055232;0;0;0;0;0;0;0;0;0;0;0;1934;0;0;89;0;80;0;
9488;2158258;996057088;18718720;1113055232;0;0;0;0;0;0;0;0;0;0;0;1583;0;0;89;0;80;0;
9489;960311;996057088;18718720;1113055232;0;0;0;0;0;0;0;0;0;0;0;1503;0;0;89;0;80;0;
9490;5353741;996057088;18718720;1113055232;0;0;0;0;0;0;0;0;0;0;0;1412;0;0;89;0;80;0;
9491;3366423;996057088;18718720;1113055232;0;0;0;0;0;0;0;0;0;0;0;1903;0;0;89;0;80;0;
9492;1808432;996057088;18718720;1113055232;0;0;0;0;0;0;0;0;0;0;0;1873;0;0;89;0;80;0;
9493;837170;996057088;18718720;1113055232;0;0;0;0;0;0;0;0;0;0;0;1443;0;0;89;0;80;0;
9494;1777093;996057088;18718720;1113055232;0;0;0;0;0;0;0;0;0;0;0;1433;0;0;89;0;80;0;
9495;1325797;996057088;18718720;1113055232;0;0;0;0;0;0;0;0;0;0;0;1603;0;0;89;0;80;0;
9496;5251358;996057088;18718720;1113055232;0;0;0;0;0;0;0;0;0;0;0;1683;0;0;89;0;80;0;
9497;3961890;996057088;18718720;1113055232;0;0;0;0;0;0;0;0;0;0;0;2455;0;0;89;0;80;0;
9498;1976657;996057088;18718720;1113055232;0;0;0;0;0;0;0;0;0;0;0;1653;0;0;89;0;80;0;
9499;1513398;996057088;18718720;1113055232;0;0;0;0;0;0;0;0;0;0;0;1793;0;0;89;0;80;0;
9500;2936998;996057088;18718720;1113055232;0;0;0;0;0;0;0;0;0;0;0;1553;0;0;89;0;80;0;
9501;2164810;996057088;18718720;1113055232;0;0;0;0;0;0;0;0;0;0;0;2104;0;0;89;0;80;0;
9502;4858341;996057088;18718720;1113055232;0;0;0;0;0;0;0;0;0;0;0;1653;0;0;89;0;80;0;
9503;2419868;996057088;18718720;1113055232;0;0;0;0;0;0;0;0;0;0;0;2264;0;0;89;0;80;0;
9504;2023605;996057088;18718720;1113055232;0;0;0;0;0;0;0;0;0;0;0;1453;0;0;89;0;80;0;
9505;1199980;996057088;18718720;1113055232;0;0;0;0;0;0;0;0;0;0;0;1643;0;0;89;0;80;0;
9506;1819161;996057088;18718720;1113055232;0;0;0;0;0;0;0;0;0;0;0;1673;0;0;89;0;80;0;
9507;1394114;996057088;18718720;1113055232;0;0;0;0;0;0;0;0;0;0;0;1634;0;0;89;0;80;0;
9508;4158699;996057088;18718720;1113055232;0;0;0;0;0;0;0;0;0;0;0;1462;0;0;89;0;80;0;
9509;2342473;996057088;18718720;1113055232;0;0;0;0;0;0;0;0;0;0;0;2033;0;0;89;0;80;0;
9510;2334168;996057088;18718720;1113055232;0;0;0;0;0;0;0;0;0;0;0;1663;0;0;89;0;80;0;
9511;2515207;996057088;18718720;1113055232;0;0;0;0;0;0;0;0;0;0;0;1843;0;0;89;0;80;0;
9512;2010110;996057088;18718720;1113055232;0;0;0;0;0;0;0;0;0;0;0;1694;0;0;89;0;80;0;
9513;2032341;996057088;18718720;1113055232;0;0;0;0;0;0;0;0;0;0;0;1543;0;0;89;0;80;0;
9514;10908858;996057088;18718720;1113055232;0;0;0;0;0;0;0;0;0;0;0;1914;0;0;89;0;80;0;
9515;3632322;996057088;18718720;1113055232;0;0;0;0;0;0;0;0;0;0;0;2534;0;0;89;0;80;0;
9516;2961835;996057088;18718720;1113055232;0;0;0;0;0;0;0;0;0;0;0;1242;0;0;89;0;80;0;
9517;1469325;996057088;18718720;1113055232;0;0;0;0;0;0;0;0;0;0;0;1623;0;0;89;0;80;0;
9518;1967260;996057088;18718720;1113055232;0;0;0;0;0;0;0;0;0;0;0;1573;0;0;89;0;80;0;
9519;1070307;996057088;18718720;1113055232;0;0;0;0;0;0;0;0;0;0;0;1893;0;0;89;0;80;0;
9520;4916942;996057088;18718720;1113055232;0;0;0;0;0;0;0;0;0;0;0;1693;0;0;89;0;80;0;
9521;3230629;996057088;18718720;1113055232;0;0;0;0;0;0;0;0;0;0;0;2265;0;0;89;0;80;0;
9522;2589978;996057088;18718720;1113055232;0;0;0;0;0;0;0;0;0;0;0;1854;0;0;89;0;80;0;
9523;3175555;996057088;18718720;1113055232;0;0;0;0;0;0;0;0;0;0;0;1984;0;0;89;0;80;0;
9524;2276179;996057088;18718720;1113055232;0;0;0;0;0;0;0;0;0;0;0;1684;0;0;89;0;80;0;
9525;1909761;996057088;18718720;1113055232;0;0;0;0;0;0;0;0;0;0;0;1663;0;0;89;0;80;0;
9526;6172326;996057088;18718720;1113055232;0;0;0;0;0;0;0;0;0;0;0;1913;0;0;89;0;80;0;
9527;2554361;996057088;18718720;1113055232;0;0;0;0;0;0;0;0;0;0;0;2324;0;0;89;0;80;0;
9528;3116375;996057088;18718720;1113055232;0;0;0;0;0;0;0;0;0;0;0;1473;0;0;89;0;80;0;
9529;2586801;996057088;18718720;1113055232;0;0;0;0;0;0;0;0;0;0;0;2374;0;0;89;0;80;0;
9530;1973672;996057088;18718720;1113055232;0;0;0;0;0;0;0;0;0;0;0;1493;0;0;89;0;80;0;
9531;2392777;996057088;18718720;1113055232;0;0;0;0;0;0;0;0;0;0;0;1603;0;0;89;0;80;0;
9532;5991696;996057088;18718720;1113055232;0;0;0;0;0;0;0;0;0;0;0;1442;0;0;89;0;80;0;
9533;3757867;996057088;18718720;1113055232;0;0;0;0;0;0;0;0;0;0;0;2535;0;0;89;0;80;0;
9534;2243688;996057088;18718720;1113055232;0;0;0;0;0;0;0;0;0;0;0;1393;0;0;89;0;80;0;
9535;1897669;996057088;18718720;1113055232;0;0;0;0;0;0;0;0;0;0;0;1412;0;0;89;0;80;0;
9536;2938241;996057088;18718720;1113055232;0;0;0;0;0;0;0;0;0;0;0;4439;0;0;89;0;80;0;
9537;3319656;996057088;18718720;1113055232;0;0;0;0;0;0;0;0;0;0;0;2695;0;0;89;0;80;0;
9538;5988180;996057088;18718720;1113055232;0;0;0;0;0;0;0;0;0;0;0;2635;0;0;89;0;80;0;
9539;3548525;996057088;18722816;1113059328;0;0;0;0;0;0;0;0;0;0;0;2936;0;0;89;0;80;0;
9540;2057378;996057088;18722816;1113059328;0;0;0;0;0;0;0;0;0;0;0;1703;0;0;89;0;80;0;
9541;1526393;996057088;18722816;1113059328;0;0;0;0;0;0;0;0;0;0;0;2024;0;0;89;0;80;0;
9542;1833408;996057088;18722816;1113059328;0;0;0;0;0;0;0;0;0;0;0;1483;0;0;89;0;80;0;
9543;1693767;996057088;18722816;1113059328;0;0;0;0;0;0;0;0;0;0;0;2505;0;0;89;0;80;0;
9544;4941968;996057088;18722816;1113059328;0;0;0;0;0;0;0;0;0;0;0;1944;0;0;89;0;80;0;
9545;4241965;996057088;18722816;1113059328;0;0;0;0;0;0;0;0;0;0;0;2614;0;0;89;0;80;0;
9546;2927981;996057088;18722816;1113059328;0;0;0;0;0;0;0;0;0;0;0;1853;0;0;89;0;80;0;
9547;1602926;996057088;18722816;1113059328;0;0;0;0;0;0;0;0;0;0;0;2084;0;0;89;0;80;0;
9548;2322586;996057088;18722816;1113059328;0;0;0;0;0;0;0;0;0;0;0;1483;0;0;89;0;80;0;
9549;2870664;996057088;18722816;1113059328;0;0;0;0;0;0;0;0;0;0;0;2534;0;0;89;0;80;0;
9550;7044400;996057088;18722816;1113059328;0;0;0;0;0;0;0;0;0;0;0;2264;0;0;89;0;80;0;
9551;4786747;996057088;18722816;1113059328;0;0;0;0;0;0;0;0;0;0;0;3567;0;0;89;0;80;0;
9552;2534603;996057088;18718720;1113055232;0;0;0;0;0;0;0;0;0;0;0;2174;0;0;89;0;80;0;
9553;1321859;996057088;18718720;1113055232;0;0;0;0;0;0;0;0;0;0;0;1683;0;0;89;0;80;0;
9554;2972495;996057088;18718720;1113055232;0;0;0;0;0;0;0;0;0;0;0;1743;0;0;89;0;80;0;
9555;2174989;996057088;18718720;1113055232;0;0;0;0;0;0;0;0;0;0;0;1854;0;0;89;0;80;0;
9556;5924561;996057088;18718720;1113055232;0;0;0;0;0;0;0;0;0;0;0;1813;0;0;89;0;80;0;
9557;4373943;996057088;18718720;1113055232;0;0;0;0;0;0;0;0;0;0;0;3326;0;0;89;0;80;0;
9558;2571102;996057088;18718720;1113055232;0;0;0;0;0;0;0;0;0;0;0;1783;0;0;89;0;80;0;
9559;3057153;996057088;18718720;1113055232;0;0;0;0;0;0;0;0;0;0;0;1924;0;0;89;0;80;0;
9560;3671435;996057088;18718720;1113055232;0;0;0;0;0;0;0;0;0;0;0;2054;0;0;89;0;80;0;
9561;1908529;996057088;18718720;1113055232;0;0;0;0;0;0;0;0;0;0;0;1904;0;0;89;0;80;0;
9562;4858522;996057088;18718720;1113055232;0;0;0;0;0;0;0;0;0;0;0;2294;0;0;89;0;80;0;
9563;3085096;996057088;18718720;1113055232;0;0;0;0;0;0;0;0;0;0;0;3106;0;0;89;0;80;0;
9564;3391350;996057088;18718720;1113055232;0;0;0;0;0;0;0;0;0;0;0;1954;0;0;89;0;80;0;
9565;2498225;996057088;18718720;1113055232;0;0;0;0;0;0;0;0;0;0;0;1863;0;0;89;0;80;0;
9566;3445061;996057088;18718720;1113055232;0;0;0;0;0;0;0;0;0;0;0;1694;0;0;89;0;80;0;
9567;1829481;996057088;18718720;1113055232;0;0;0;0;0;0;0;0;0;0;0;2425;0;0;89;0;80;0;
9568;6355269;996057088;18718720;1113055232;0;0;0;0;0;0;0;0;0;0;0;2004;0;0;89;0;80;0;
9569;4420801;996057088;18718720;1113055232;0;0;0;0;0;0;0;0;0;0;0;2585;0;0;89;0;80;0;
9570;2957497;996057088;18718720;1113055232;0;0;0;0;0;0;0;0;0;0;0;2134;0;0;89;0;80;0;
9571;1521583;996057088;18718720;1113055232;0;0;0;0;0;0;0;0;0;0;0;1713;0;0;89;0;80;0;
9572;2288030;996057088;18718720;1113055232;0;0;0;0;0;0;0;0;0;0;0;1302;0;0;89;0;80;0;
9573;2477626;996057088;18718720;1113055232;0;0;0;0;0;0;0;0;0;0;0;2304;0;0;89;0;80;0;
9574;5824463;996057088;18718720;1113055232;0;0;0;0;0;0;0;0;0;0;0;2024;0;0;89;0;80;0;
9575;4032442;996057088;18718720;1113055232;0;0;0;0;0;0;0;0;0;0;0;3667;0;0;89;0;80;0;
9576;3054228;996057088;18718720;1113055232;0;0;0;0;0;0;0;0;0;0;0;2164;0;0;89;0;80;0;
9577;2132108;996057088;18718720;1113055232;0;0;0;0;0;0;0;0;0;0;0;1994;0;0;89;0;80;0;
9578;2599916;996057088;18718720;1113055232;0;0;0;0;0;0;0;0;0;0;0;1563;0;0;89;0;80;0;
9579;2342443;996057088;18718720;1113055232;0;0;0;0;0;0;0;0;0;0;0;2445;0;0;89;0;80;0;
9580;6551476;996057088;18718720;1113055232;0;0;0;0;0;0;0;0;0;0;0;2354;0;0;89;0;80;0;
9581;3550759;996057088;18718720;1113055232;0;0;0;0;0;0;0;0;0;0;0;2154;0;0;89;0;80;0;
9582;3752498;996057088;18718720;1113055232;0;0;0;0;0;0;0;0;0;0;0;2384;0;0;89;0;80;0;
9583;1891266;996057088;18718720;1113055232;0;0;0;0;0;0;0;0;0;0;0;2575;0;0;89;0;80;0;
9584;1872882;996057088;18718720;1113055232;0;0;0;0;0;0;0;0;0;0;0;1714;0;0;89;0;80;0;
9585;1881449;996057088;18718720;1113055232;0;0;0;0;0;0;0;0;0;0;0;1834;0;0;89;0;80;0;
9586;4809810;996057088;18718720;1113055232;0;0;0;0;0;0;0;0;0;0;0;2074;0;0;89;0;80;0;
9587;4099018;996057088;18718720;1113055232;0;0;0;0;0;0;0;0;0;0;0;2996;0;0;89;0;80;0;
9588;2329759;996057088;18718720;1113055232;0;0;0;0;0;0;0;0;0;0;0;2064;0;0;89;0;80;0;
9589;2461606;996057088;18718720;1113055232;0;0;0;0;0;0;0;0;0;0;0;2294;0;0;89;0;80;0;
9590;2095430;996057088;18718720;1113055232;0;0;0;0;0;0;0;0;0;0;0;1633;0;0;89;0;80;0;
9591;2144071;996057088;18718720;1113055232;0;0;0;0;0;0;0;0;0;0;0;2244;0;0;89;0;80;0;
9592;6115860;996057088;18718720;1113055232;0;0;0;0;0;0;0;0;0;0;0;2234;0;0;89;0;80;0;
9593;2732234;996057088;18718720;1113055232;0;0;0;0;0;0;0;0;0;0;0;2705;0;0;89;0;80;0;
9594;3703426;996057088;18718720;1113055232;0;0;0;0;0;0;0;0;0;0;0;1943;0;0;89;0;80;0;
9595;3133937;996057088;18718720;1113055232;0;0;0;0;0;0;0;0;0;0;0;2585;0;0;89;0;80;0;
9596;3279931;996057088;18718720;1113055232;0;0;0;0;0;0;0;0;0;0;0;1854;0;0;89;0;80;0;
9597;2733737;996057088;18718720;1113055232;0;0;0;0;0;0;0;0;0;0;0;2455;0;0;89;0;80;0;
9598;5101748;996057088;18718720;1113055232;0;0;0;0;0;0;0;0;0;0;0;2014;0;0;89;0;80;0;
9599;5433109;996057088;18718720;1113055232;0;0;0;0;0;0;0;0;0;0;0;4489;0;0;89;0;80;0;
9600;3179182;996057088;18718720;1113055232;0;0;0;0;0;0;0;0;0;0;0;1753;0;0;89;0;80;0;
9601;3556810;996057088;18718720;1113055232;0;0;0;0;0;0;0;0;0;0;0;2725;0;0;89;0;80;0;
9602;2921068;996057088;18718720;1113055232;0;0;0;0;0;0;0;0;0;0;0;2514;0;0;89;0;80;0;
9603;2887184;996057088;18718720;1113055232;0;0;0;0;0;0;0;0;0;0;0;2685;0;0;89;0;80;0;
9604;5557803;996057088;18718720;1113055232;0;0;0;0;0;0;0;0;0;0;0;1262;0;0;89;0;80;0;
9605;3938747;996057088;18718720;1113055232;0;0;0;0;0;0;0;0;0;0;0;2965;0;0;89;0;80;0;
9606;3421998;996057088;18718720;1113055232;0;0;0;0;0;0;0;0;0;0;0;2585;0;0;89;0;80;0;
9607;3404074;996057088;18718720;1113055232;0;0;0;0;0;0;0;0;0;0;0;2695;0;0;89;0;80;0;
9608;3270754;996057088;18718720;1113055232;0;0;0;0;0;0;0;0;0;0;0;1893;0;0;89;0;80;0;
9609;3185524;996057088;18718720;1113055232;0;0;0;0;0;0;0;0;0;0;0;2305;0;0;89;0;80;0;
9610;5906316;996057088;18718720;1113055232;0;0;0;0;0;0;0;0;0;0;0;2775;0;0;89;0;80;0;
9611;4082085;996057088;18718720;1113055232;0;0;0;0;0;0;0;0;0;0;0;3416;0;0;89;0;80;0;
9612;3421847;996057088;18718720;1113055232;0;0;0;0;0;0;0;0;0;0;0;2194;0;0;89;0;80;0;
9613;2759354;996057088;18718720;1113055232;0;0;0;0;0;0;0;0;0;0;0;2545;0;0;89;0;80;0;
9614;2656552;996057088;18718720;1113055232;0;0;0;0;0;0;0;0;0;0;0;1623;0;0;89;0;80;0;
9615;1917967;996057088;18718720;1113055232;0;0;0;0;0;0;0;0;0;0;0;1593;0;0;89;0;80;0;
9616;5931864;996057088;18718720;1113055232;0;0;0;0;0;0;0;0;0;0;0;2305;0;0;89;0;80;0;
9617;3873765;996057088;18718720;1113055232;0;0;0;0;0;0;0;0;0;0;0;3356;0;0;89;0;80;0;
9618;2611397;996057088;18718720;1113055232;0;0;0;0;0;0;0;0;0;0;0;2104;0;0;89;0;80;0;
9619;2506210;996057088;18718720;1113055232;0;0;0;0;0;0;0;0;0;0;0;2425;0;0;89;0;80;0;
9620;3305239;996057088;18718720;1113055232;0;0;0;0;0;0;0;0;0;0;0;1863;0;0;89;0;80;0;
9621;2217659;996057088;18718720;1113055232;0;0;0;0;0;0;0;0;0;0;0;1593;0;0;89;0;80;0;
9622;6313220;996057088;18718720;1113055232;0;0;0;0;0;0;0;0;0;0;0;2044;0;0;89;0;80;0;
9623;4663035;996057088;18718720;1113055232;0;0;0;0;0;0;0;0;0;0;0;3917;0;0;89;0;80;0;
9624;3871822;996057088;18718720;1113055232;0;0;0;0;0;0;0;0;0;0;0;2404;0;0;89;0;80;0;
9625;2406953;996057088;18718720;1113055232;0;0;0;0;0;0;0;0;0;0;0;2364;0;0;89;0;80;0;
9626;2709471;996057088;18718720;1113055232;0;0;0;0;0;0;0;0;0;0;0;1783;0;0;89;0;80;0;
9627;1787001;996057088;18718720;1113055232;0;0;0;0;0;0;0;0;0;0;0;1973;0;0;89;0;80;0;
9628;5889856;996057088;18718720;1113055232;0;0;0;0;0;0;0;0;0;0;0;2264;0;0;89;0;80;0;
9629;3760402;996057088;18718720;1113055232;0;0;0;0;0;0;0;0;0;0;0;2865;0;0;89;0;80;0;
9630;2726273;996057088;18718720;1113055232;0;0;0;0;0;0;0;0;0;0;0;1703;0;0;89;0;80;0;
9631;3800958;996057088;18718720;1113055232;0;0;0;0;0;0;0;0;0;0;0;3276;0;0;89;0;80;0;
9632;2719600;996057088;18718720;1113055232;0;0;0;0;0;0;0;0;0;0;0;1863;0;0;89;0;80;0;
9633;2226936;996057088;18718720;1113055232;0;0;0;0;0;0;0;0;0;0;0;1774;0;0;89;0;80;0;
9634;4645292;996057088;18718720;1113055232;0;0;0;0;0;0;0;0;0;0;0;1733;0;0;89;0;80;0;
9635;5564726;996057088;18718720;1113055232;0;0;0;0;0;0;0;0;0;0;0;4709;0;0;89;0;80;0;
9636;4486824;996057088;18718720;1113055232;0;0;0;0;0;0;0;0;0;0;0;2194;0;0;89;0;80;0;
9637;3110494;996057088;18718720;1113055232;0;0;0;0;0;0;0;0;0;0;0;2845;0;0;89;0;80;0;
9638;2654388;996057088;18718720;1113055232;0;0;0;0;0;0;0;0;0;0;0;1713;0;0;89;0;80;0;
9639;1698415;996057088;18718720;1113055232;0;0;0;0;0;0;0;0;0;0;0;1543;0;0;89;0;80;0;
9640;5666006;996057088;18718720;1113055232;0;0;0;0;0;0;0;0;0;0;0;1503;0;0;89;0;80;0;
9641;4693892;996057088;18718720;1113055232;0;0;0;0;0;0;0;0;0;0;0;4108;0;0;89;0;80;0;
9642;3379247;996057088;18718720;1113055232;0;0;0;0;0;0;0;0;0;0;0;2084;0;0;89;0;80;0;
9643;2660559;996057088;18718720;1113055232;0;0;0;0;0;0;0;0;0;0;0;1964;0;0;89;0;80;0;
9644;4437582;996057088;18718720;1113055232;0;0;0;0;0;0;0;0;0;0;0;2154;0;0;89;0;80;0;
9645;2727355;996057088;18718720;1113055232;0;0;0;0;0;0;0;0;0;0;0;2364;0;0;89;0;80;0;
9646;5502179;996057088;18718720;1113055232;0;0;0;0;0;0;0;0;0;0;0;1533;0;0;89;0;80;0;
9647;3745985;996057088;18718720;1113055232;0;0;0;0;0;0;0;0;0;0;0;5079;0;0;89;0;80;0;
9648;3623566;996057088;18718720;1113055232;0;0;0;0;0;0;0;0;0;0;0;3306;0;0;89;0;80;0;
9649;2827743;996057088;18718720;1113055232;0;0;0;0;0;0;0;0;0;0;0;3507;0;0;89;0;80;0;
9650;3853157;996057088;18718720;1113055232;0;0;0;0;0;0;0;0;0;0;0;2094;0;0;89;0;80;0;
9651;2577634;996057088;18718720;1113055232;0;0;0;0;0;0;0;0;0;0;0;3476;0;0;89;0;80;0;
9652;5719005;996057088;18718720;1113055232;0;0;0;0;0;0;0;0;0;0;0;1653;0;0;89;0;80;0;
9653;5053998;996057088;18718720;1113055232;0;0;0;0;0;0;0;0;0;0;0;5059;0;0;89;0;80;0;
9654;4323769;996057088;18718720;1113055232;0;0;0;0;0;0;0;0;0;0;0;2635;0;0;89;0;80;0;
9655;3827267;996057088;18718720;1113055232;0;0;0;0;0;0;0;0;0;0;0;3076;0;0;89;0;80;0;
9656;3982198;996057088;18718720;1113055232;0;0;0;0;0;0;0;0;0;0;0;2214;0;0;89;0;80;0;
9657;3322090;996057088;18718720;1113055232;0;0;0;0;0;0;0;0;0;0;0;2324;0;0;89;0;80;0;
9658;6503066;996057088;18718720;1113055232;0;0;0;0;0;0;0;0;0;0;0;2454;0;0;89;0;80;0;
9659;5357878;996057088;18718720;1113055232;0;0;0;0;0;0;0;0;0;0;0;4238;0;0;89;0;80;0;
9660;4530517;996057088;18718720;1113055232;0;0;0;0;0;0;0;0;0;0;0;3106;0;0;89;0;80;0;
9661;3801759;996057088;18718720;1113055232;0;0;0;0;0;0;0;0;0;0;0;3437;0;0;89;0;80;0;
9662;3138086;996057088;18718720;1113055232;0;0;0;0;0;0;0;0;0;0;0;2735;0;0;89;0;80;0;
9663;2688091;996057088;18718720;1113055232;0;0;0;0;0;0;0;0;0;0;0;2665;0;0;89;0;80;0;
9664;5977540;996057088;18718720;1113055232;0;0;0;0;0;0;0;0;0;0;0;2164;0;0;89;0;80;0;
9665;5077472;996057088;18718720;1113055232;0;0;0;0;0;0;0;0;0;0;0;3817;0;0;89;0;80;0;
9666;2981021;996057088;18718720;1113055232;0;0;0;0;0;0;0;0;0;0;0;2114;0;0;89;0;80;0;
9667;2006032;996057088;18718720;1113055232;0;0;0;0;0;0;0;0;0;0;0;1653;0;0;89;0;80;0;
9668;2156444;996057088;18718720;1113055232;0;0;0;0;0;0;0;0;0;0;0;1794;0;0;89;0;80;0;
9669;2263164;996057088;18718720;1113055232;0;0;0;0;0;0;0;0;0;0;0;2365;0;0;89;0;80;0;
9670;6167567;996057088;18718720;1113055232;0;0;0;0;0;0;0;0;0;0;0;1553;0;0;89;0;80;0;
9671;2705243;996057088;18718720;1113055232;0;0;0;0;0;0;0;0;0;0;0;9859;0;0;89;0;80;0;
9672;3606664;996057088;18718720;1113055232;0;0;0;0;0;0;0;0;0;0;0;2605;0;0;89;0;80;0;
9673;2122070;996057088;18718720;1113055232;0;0;0;0;0;0;0;0;0;0;0;2195;0;0;89;0;80;0;
9674;3493862;996057088;18718720;1113055232;0;0;0;0;0;0;0;0;0;0;0;2334;0;0;89;0;80;0;
9675;2794260;996057088;18718720;1113055232;0;0;0;0;0;0;0;0;0;0;0;1973;0;0;89;0;80;0;
9676;5489706;996057088;18718720;1113055232;0;0;0;0;0;0;0;0;0;0;0;1403;0;0;89;0;80;0;
9677;3857244;996057088;18718720;1113055232;0;0;0;0;0;0;0;0;0;0;0;2805;0;0;89;0;80;0;
9678;2947828;996057088;18718720;1113055232;0;0;0;0;0;0;0;0;0;0;0;2505;0;0;89;0;80;0;
9679;3100235;996057088;18718720;1113055232;0;0;0;0;0;0;0;0;0;0;0;4739;0;0;89;0;80;0;
9680;4285878;996057088;18718720;1113055232;0;0;0;0;0;0;0;0;0;0;0;2275;0;0;89;0;80;0;
9681;3531012;996057088;18718720;1113055232;0;0;0;0;0;0;0;0;0;0;0;1833;0;0;89;0;80;0;
9682;5240288;996057088;18718720;1113055232;0;0;0;0;0;0;0;0;0;0;0;1654;0;0;89;0;80;0;
9683;3203648;996057088;18718720;1113055232;0;0;0;0;0;0;0;0;0;0;0;3257;0;0;89;0;80;0;
9684;3265204;996057088;18718720;1113055232;0;0;0;0;0;0;0;0;0;0;0;2945;0;0;89;0;80;0;
9685;2065844;996057088;18718720;1113055232;0;0;0;0;0;0;0;0;0;0;0;2165;0;0;89;0;80;0;
9686;3466231;996057088;18718720;1113055232;0;0;0;0;0;0;0;0;0;0;0;1783;0;0;89;0;80;0;
9687;2839926;996057088;18718720;1113055232;0;0;0;0;0;0;0;0;0;0;0;2645;0;0;89;0;80;0;
9688;5579785;996057088;18718720;1113055232;0;0;0;0;0;0;0;0;0;0;0;1653;0;0;89;0;80;0;
9689;3146591;996057088;18718720;1113055232;0;0;0;0;0;0;0;0;0;0;0;2665;0;0;89;0;80;0;
9690;3775430;996057088;18718720;1113055232;0;0;0;0;0;0;0;0;0;0;0;2214;0;0;89;0;80;0;
9691;2426060;996057088;18718720;1113055232;0;0;0;0;0;0;0;0;0;0;0;2635;0;0;89;0;80;0;
9692;2959511;996057088;18718720;1113055232;0;0;0;0;0;0;0;0;0;0;0;1683;0;0;89;0;80;0;
9693;2908324;996057088;18718720;1113055232;0;0;0;0;0;0;0;0;0;0;0;2234;0;0;89;0;80;0;
9694;5487340;996057088;18718720;1113055232;0;0;0;0;0;0;0;0;0;0;0;2405;0;0;89;0;80;0;
9695;3582909;996057088;18718720;1113055232;0;0;0;0;0;0;0;0;0;0;0;4258;0;0;89;0;80;0;
9696;3026757;996057088;18718720;1113055232;0;0;0;0;0;0;0;0;0;0;0;2725;0;0;89;0;80;0;
9697;2267683;996057088;18718720;1113055232;0;0;0;0;0;0;0;0;0;0;0;1583;0;0;89;0;80;0;
9698;3434130;996057088;18718720;1113055232;0;0;0;0;0;0;0;0;0;0;0;1893;0;0;89;0;80;0;
9699;3166940;996057088;18718720;1113055232;0;0;0;0;0;0;0;0;0;0;0;3236;0;0;89;0;80;0;
9700;5728022;996057088;18718720;1113055232;0;0;0;0;0;0;0;0;0;0;0;2004;0;0;89;0;80;0;
9701;4362662;996057088;18718720;1113055232;0;0;0;0;0;0;0;0;0;0;0;3877;0;0;89;0;80;0;
9702;2232667;996057088;18718720;1113055232;0;0;0;0;0;0;0;0;0;0;0;1983;0;0;89;0;80;0;
9703;1565175;996057088;18718720;1113055232;0;0;0;0;0;0;0;0;0;0;0;1503;0;0;89;0;80;0;
9704;3495005;996057088;18718720;1113055232;0;0;0;0;0;0;0;0;0;0;0;3156;0;0;89;0;80;0;
9705;2233619;996057088;18718720;1113055232;0;0;0;0;0;0;0;0;0;0;0;2134;0;0;89;0;80;0;
9706;7199161;996057088;18718720;1113055232;0;0;0;0;0;0;0;0;0;0;0;1382;0;0;89;0;80;0;
9707;4448212;996057088;18718720;1113055232;0;0;0;0;0;0;0;0;0;0;0;3767;0;0;89;0;80;0;
9708;2195999;996057088;18718720;1113055232;0;0;0;0;0;0;0;0;0;0;0;2054;0;0;89;0;80;0;
9709;1659773;996057088;18718720;1113055232;0;0;0;0;0;0;0;0;0;0;0;1422;0;0;89;0;80;0;
9710;2153398;996057088;18718720;1113055232;0;0;0;0;0;0;0;0;0;0;0;1413;0;0;89;0;80;0;
9711;1999059;996057088;18718720;1113055232;0;0;0;0;0;0;0;0;0;0;0;2154;0;0;89;0;80;0;
9712;6048042;996057088;18718720;1113055232;0;0;0;0;0;0;0;0;0;0;0;1853;0;0;89;0;80;0;
9713;3157481;996057088;18718720;1113055232;0;0;0;0;0;0;0;0;0;0;0;2726;0;0;89;0;80;0;
9714;4123183;996057088;18718720;1113055232;0;0;0;0;0;0;0;0;0;0;0;2384;0;0;89;0;80;0;
9715;1556008;996057088;18718720;1113055232;0;0;0;0;0;0;0;0;0;0;0;1713;0;0;89;0;80;0;
9716;1760060;996057088;18718720;1113055232;0;0;0;0;0;0;0;0;0;0;0;1222;0;0;89;0;80;0;
9717;2223900;996057088;18718720;1113055232;0;0;0;0;0;0;0;0;0;0;0;2124;0;0;89;0;80;0;
9718;5558024;996057088;18718720;1113055232;0;0;0;0;0;0;0;0;0;0;0;1964;0;0;89;0;80;0;
9719;3627643;996057088;18718720;1113055232;0;0;0;0;0;0;0;0;0;0;0;3286;0;0;89;0;80;0;
9720;2744647;996057088;18718720;1113055232;0;0;0;0;0;0;0;0;0;0;0;133380;0;0;89;0;80;0;
9721;2138019;996057088;18718720;1113055232;0;0;0;0;0;0;0;0;0;0;0;2054;0;0;89;0;80;0;
9722;2846458;996057088;18718720;1113055232;0;0;0;0;0;0;0;0;0;0;0;2184;0;0;89;0;80;0;
9723;1864146;996057088;18718720;1113055232;0;0;0;0;0;0;0;0;0;0;0;1823;0;0;89;0;80;0;
9724;5064067;996057088;18718720;1113055232;0;0;0;0;0;0;0;0;0;0;0;1302;0;0;89;0;80;0;
9725;3429792;996057088;18718720;1113055232;0;0;0;0;0;0;0;0;0;0;0;2945;0;0;89;0;80;0;
9726;3013331;996057088;18718720;1113055232;0;0;0;0;0;0;0;0;0;0;0;2474;0;0;89;0;80;0;
9727;2743545;996057088;18718720;1113055232;0;0;0;0;0;0;0;0;0;0;0;2545;0;0;89;0;80;0;
9728;2385413;996057088;18718720;1113055232;0;0;0;0;0;0;0;0;0;0;0;1974;0;0;89;0;80;0;
9729;1178129;996057088;18718720;1113055232;0;0;0;0;0;0;0;0;0;0;0;1733;0;0;89;0;80;0;
9730;4611639;996057088;18718720;1113055232;0;0;0;0;0;0;0;0;0;0;0;1552;0;0;89;0;80;0;
9731;4266541;996057088;18718720;1113055232;0;0;0;0;0;0;0;0;0;0;0;3026;0;0;89;0;80;0;
9732;3429221;996057088;18718720;1113055232;0;0;0;0;0;0;0;0;0;0;0;2485;0;0;89;0;80;0;
9733;3865579;996057088;18718720;1113055232;0;0;0;0;0;0;0;0;0;0;0;2675;0;0;89;0;80;0;
9734;3963704;996057088;18718720;1113055232;0;0;0;0;0;0;0;0;0;0;0;2074;0;0;89;0;80;0;
9735;2574067;996057088;18718720;1113055232;0;0;0;0;0;0;0;0;0;0;0;1783;0;0;89;0;80;0;
9736;5814795;996057088;18718720;1113055232;0;0;0;0;0;0;0;0;0;0;0;2054;0;0;89;0;80;0;
9737;5501427;996057088;18718720;1113055232;0;0;0;0;0;0;0;0;0;0;0;4398;0;0;89;0;80;0;
9738;5445592;996057088;18718720;1113055232;0;0;0;0;0;0;0;0;0;0;0;3577;0;0;89;0;80;0;
9739;1829281;996057088;18718720;1113055232;0;0;0;0;0;0;0;0;0;0;0;2033;0;0;89;0;80;0;
9740;2248707;996057088;18718720;1113055232;0;0;0;0;0;0;0;0;0;0;0;1433;0;0;89;0;80;0;
9741;2280267;996057088;18718720;1113055232;0;0;0;0;0;0;0;0;0;0;0;1673;0;0;89;0;80;0;
9742;5927927;996057088;18718720;1113055232;0;0;0;0;0;0;0;0;0;0;0;1413;0;0;89;0;80;0;
9743;4177704;996057088;18718720;1113055232;0;0;0;0;0;0;0;0;0;0;0;3246;0;0;89;0;80;0;
9744;3228004;996057088;18718720;1113055232;0;0;0;0;0;0;0;0;0;0;0;2194;0;0;89;0;80;0;
9745;2709461;996057088;18718720;1113055232;0;0;0;0;0;0;0;0;0;0;0;2224;0;0;89;0;80;0;
9746;1855229;996057088;18718720;1113055232;0;0;0;0;0;0;0;0;0;0;0;1573;0;0;89;0;80;0;
9747;1885897;996057088;18718720;1113055232;0;0;0;0;0;0;0;0;0;0;0;1513;0;0;89;0;80;0;
9748;5853127;996057088;18718720;1113055232;0;0;0;0;0;0;0;0;0;0;0;1673;0;0;89;0;80;0;
9749;4080342;996057088;18718720;1113055232;0;0;0;0;0;0;0;0;0;0;0;3075;0;0;89;0;80;0;
9750;3639355;996057088;18718720;1113055232;0;0;0;0;0;0;0;0;0;0;0;2825;0;0;89;0;80;0;
9751;2785684;996057088;18718720;1113055232;0;0;0;0;0;0;0;0;0;0;0;2986;0;0;89;0;80;0;
9752;4152377;996057088;18718720;1113055232;0;0;0;0;0;0;0;0;0;0;0;2746;0;0;89;0;80;0;
9753;2068730;996057088;18718720;1113055232;0;0;0;0;0;0;0;0;0;0;0;2966;0;0;89;0;80;0;
9754;7148817;996057088;18718720;1113055232;0;0;0;0;0;0;0;0;0;0;0;2314;0;0;89;0;80;0;
9755;4209935;996057088;18718720;1113055232;0;0;0;0;0;0;0;0;0;0;0;2935;0;0;89;0;80;0;
9756;3333051;996057088;18718720;1113055232;0;0;0;0;0;0;0;0;0;0;0;2414;0;0;89;0;80;0;
9757;2331262;996057088;18718720;1113055232;0;0;0;0;0;0;0;0;0;0;0;2755;0;0;89;0;80;0;
9758;3453035;996057088;18718720;1113055232;0;0;0;0;0;0;0;0;0;0;0;1974;0;0;89;0;80;0;
9759;2020810;996057088;18718720;1113055232;0;0;0;0;0;0;0;0;0;0;0;2424;0;0;89;0;80;0;
9760;4693122;996057088;18718720;1113055232;0;0;0;0;0;0;0;0;0;0;0;1673;0;0;89;0;80;0;
9761;5139769;996057088;18718720;1113055232;0;0;0;0;0;0;0;0;0;0;0;3396;0;0;89;0;80;0;
9762;4773752;996057088;18718720;1113055232;0;0;0;0;0;0;0;0;0;0;0;3577;0;0;89;0;80;0;
9763;3146862;996057088;18718720;1113055232;0;0;0;0;0;0;0;0;0;0;0;2745;0;0;89;0;80;0;
9764;4473840;996057088;18718720;1113055232;0;0;0;0;0;0;0;0;0;0;0;3406;0;0;89;0;80;0;
9765;3313825;996057088;18718720;1113055232;0;0;0;0;0;0;0;0;0;0;0;2695;0;0;89;0;80;0;
9766;8946438;996057088;18718720;1113055232;0;0;0;0;0;0;0;0;0;0;0;3156;0;0;89;0;80;0;
9767;3996795;996057088;18718720;1113055232;0;0;0;0;0;0;0;0;0;0;0;5861;0;0;89;0;80;0;
9768;5816128;996057088;18718720;1113055232;0;0;0;0;0;0;0;0;0;0;0;5631;0;0;89;0;80;0;
9769;3513318;996057088;18718720;1113055232;0;0;0;0;0;0;0;0;0;0;0;3457;0;0;89;0;80;0;
9770;2423194;996057088;18718720;1113055232;0;0;0;0;0;0;0;0;0;0;0;1653;0;0;89;0;80;0;
9771;2923723;996057088;18718720;1113055232;0;0;0;0;0;0;0;0;0;0;0;2715;0;0;89;0;80;0;
9772;7819354;996057088;18718720;1113055232;0;0;0;0;0;0;0;0;0;0;0;2374;0;0;89;0;80;0;
9773;4659709;996057088;18718720;1113055232;0;0;0;0;0;0;0;0;0;0;0;3838;0;0;89;0;80;0;
9774;2695134;996057088;18718720;1113055232;0;0;0;0;0;0;0;0;0;0;0;2615;0;0;89;0;80;0;
9775;1319174;996057088;18718720;1113055232;0;0;0;0;0;0;0;0;0;0;0;1793;0;0;89;0;80;0;
9776;2908295;996057088;18718720;1113055232;0;0;0;0;0;0;0;0;0;0;0;1964;0;0;89;0;80;0;
9777;3336237;996057088;18718720;1113055232;0;0;0;0;0;0;0;0;0;0;0;2285;0;0;89;0;80;0;
9778;5213036;996057088;18718720;1113055232;0;0;0;0;0;0;0;0;0;0;0;1864;0;0;89;0;80;0;
9779;3944046;996057088;18718720;1113055232;0;0;0;0;0;0;0;0;0;0;0;3176;0;0;89;0;80;0;
9780;2579888;996057088;18718720;1113055232;0;0;0;0;0;0;0;0;0;0;0;2625;0;0;89;0;80;0;
9781;1851543;996057088;18718720;1113055232;0;0;0;0;0;0;0;0;0;0;0;2014;0;0;89;0;80;0;
9782;2234631;996057088;18718720;1113055232;0;0;0;0;0;0;0;0;0;0;0;1262;0;0;89;0;80;0;
9783;2739928;996057088;18718720;1113055232;0;0;0;0;0;0;0;0;0;0;0;2444;0;0;89;0;80;0;
9784;5810316;996057088;18718720;1113055232;0;0;0;0;0;0;0;0;0;0;0;2715;0;0;89;0;80;0;
9785;4778652;996057088;18718720;1113055232;0;0;0;0;0;0;0;0;0;0;0;3607;0;0;89;0;80;0;
9786;2406704;996057088;18718720;1113055232;0;0;0;0;0;0;0;0;0;0;0;1984;0;0;89;0;80;0;
9787;1325145;996057088;18718720;1113055232;0;0;0;0;0;0;0;0;0;0;0;1643;0;0;89;0;80;0;
9788;3143615;996057088;18718720;1113055232;0;0;0;0;0;0;0;0;0;0;0;1794;0;0;89;0;80;0;
9789;2943661;996057088;18718720;1113055232;0;0;0;0;0;0;0;0;0;0;0;2414;0;0;89;0;80;0;
9790;6106382;996057088;18718720;1113055232;0;0;0;0;0;0;0;0;0;0;0;2364;0;0;89;0;80;0;
9791;3285812;996057088;18718720;1113055232;0;0;0;0;0;0;0;0;0;0;0;2816;0;0;89;0;80;0;
9792;2512673;996057088;18718720;1113055232;0;0;0;0;0;0;0;0;0;0;0;2184;0;0;89;0;80;0;
9793;1754721;996057088;18718720;1113055232;0;0;0;0;0;0;0;0;0;0;0;1923;0;0;89;0;80;0;
9794;3084955;996057088;18718720;1113055232;0;0;0;0;0;0;0;0;0;0;0;2585;0;0;89;0;80;0;
9795;2220424;996057088;18718720;1113055232;0;0;0;0;0;0;0;0;0;0;0;2876;0;0;89;0;80;0;
9796;8606100;996057088;18718720;1113055232;0;0;0;0;0;0;0;0;0;0;0;3136;0;0;89;0;80;0;
9797;9981860;996057088;18718720;1113055232;0;0;0;0;0;0;0;0;0;0;0;5140;0;0;89;0;80;0;
9798;3081068;996057088;18718720;1113055232;0;0;0;0;0;0;0;0;0;0;0;2304;0;0;89;0;80;0;
9799;4109918;996057088;18718720;1113055232;0;0;0;0;0;0;0;0;0;0;0;3035;0;0;89;0;80;0;
9800;3770321;996057088;18718720;1113055232;0;0;0;0;0;0;0;0;0;0;0;2805;0;0;89;0;80;0;
9801;2233148;996057088;18718720;1113055232;0;0;0;0;0;0;0;0;0;0;0;2474;0;0;89;0;80;0;
9802;4937701;996057088;18718720;1113055232;0;0;0;0;0;0;0;0;0;0;0;2134;0;0;89;0;80;0;
9803;2688792;996057088;18718720;1113055232;0;0;0;0;0;0;0;0;0;0;0;2324;0;0;89;0;80;0;
9804;3368808;996057088;18718720;1113055232;0;0;0;0;0;0;0;0;0;0;0;2355;0;0;89;0;80;0;
9805;1598728;996057088;18718720;1113055232;0;0;0;0;0;0;0;0;0;0;0;2244;0;0;89;0;80;0;
9806;3174844;996057088;18718720;1113055232;0;0;0;0;0;0;0;0;0;0;0;2585;0;0;89;0;80;0;
9807;1708975;996057088;18718720;1113055232;0;0;0;0;0;0;0;0;0;0;0;2354;0;0;89;0;80;0;
9808;5231040;996057088;18718720;1113055232;0;0;0;0;0;0;0;0;0;0;0;2244;0;0;89;0;80;0;
9809;2474671;996057088;18718720;1113055232;0;0;0;0;0;0;0;0;0;0;0;3156;0;0;89;0;80;0;
9810;2952557;996057088;18718720;1113055232;0;0;0;0;0;0;0;0;0;0;0;3367;0;0;89;0;80;0;
9811;2129373;996057088;18718720;1113055232;0;0;0;0;0;0;0;0;0;0;0;2424;0;0;89;0;80;0;
9812;2837060;996057088;18718720;1113055232;0;0;0;0;0;0;0;0;0;0;0;1894;0;0;89;0;80;0;
9813;2051177;996057088;18718720;1113055232;0;0;0;0;0;0;0;0;0;0;0;2955;0;0;89;0;80;0;
9814;5809004;996057088;18718720;1113055232;0;0;0;0;0;0;0;0;0;0;0;2514;0;0;89;0;80;0;
9815;2973546;996057088;18718720;1113055232;0;0;0;0;0;0;0;0;0;0;0;2705;0;0;89;0;80;0;
9816;2866446;996057088;18718720;1113055232;0;0;0;0;0;0;0;0;0;0;0;2494;0;0;89;0;80;0;
9817;2465194;996057088;18718720;1113055232;0;0;0;0;0;0;0;0;0;0;0;2134;0;0;89;0;80;0;
9818;3693547;996057088;18718720;1113055232;0;0;0;0;0;0;0;0;0;0;0;2925;0;0;89;0;80;0;
9819;2603733;996057088;18718720;1113055232;0;0;0;0;0;0;0;0;0;0;0;2294;0;0;89;0;80;0;
9820;6540265;996057088;18722816;1113059328;0;0;0;0;0;0;0;0;0;0;0;3367;0;0;89;0;80;0;
9821;4046749;996057088;18726912;1113063424;0;0;0;0;0;0;0;0;0;0;0;3226;0;0;89;0;80;0;
9822;3467944;996057088;18726912;1113063424;0;0;0;0;0;0;0;0;0;0;0;2514;0;0;89;0;80;0;
9823;2942658;996057088;18726912;1113063424;0;0;0;0;0;0;0;0;0;0;0;2614;0;0;89;0;80;0;
9824;4165241;996057088;18726912;1113063424;0;0;0;0;0;0;0;0;0;0;0;3066;0;0;89;0;80;0;
9825;2109156;996057088;18726912;1113063424;0;0;0;0;0;0;0;0;0;0;0;2775;0;0;89;0;80;0;
9826;5832338;996057088;18726912;1113063424;0;0;0;0;0;0;0;0;0;0;0;2334;0;0;89;0;80;0;
9827;3325487;996057088;18726912;1113063424;0;0;0;0;0;0;0;0;0;0;0;2595;0;0;89;0;80;0;
9828;4147378;996057088;18726912;1113063424;0;0;0;0;0;0;0;0;0;0;0;2655;0;0;89;0;80;0;
9829;2890982;996057088;18726912;1113063424;0;0;0;0;0;0;0;0;0;0;0;3256;0;0;89;0;80;0;
9830;4307579;996057088;18726912;1113063424;0;0;0;0;0;0;0;0;0;0;0;3426;0;0;89;0;80;0;
9831;5044260;996057088;18726912;1113063424;0;0;0;0;0;0;0;0;0;0;0;5280;0;0;89;0;80;0;
9832;6176713;996057088;18726912;1113063424;0;0;0;0;0;0;0;0;0;0;0;2314;0;0;89;0;80;0;
9833;4708770;996057088;18726912;1113063424;0;0;0;0;0;0;0;0;0;0;0;3557;0;0;89;0;80;0;
9834;3592868;996057088;18718720;1113055232;0;0;0;0;0;0;0;0;0;0;0;3316;0;0;89;0;80;0;
9835;3126594;996057088;18718720;1113055232;0;0;0;0;0;0;0;0;0;0;0;2966;0;0;89;0;80;0;
9836;3530591;996057088;18718720;1113055232;0;0;0;0;0;0;0;0;0;0;0;2495;0;0;89;0;80;0;
9837;1568221;996057088;18718720;1113055232;0;0;0;0;0;0;0;0;0;0;0;1773;0;0;89;0;80;0;
9838;6081936;996057088;18718720;1113055232;0;0;0;0;0;0;0;0;0;0;0;1593;0;0;89;0;80;0;
9839;4394010;996057088;18718720;1113055232;0;0;0;0;0;0;0;0;0;0;0;3086;0;0;89;0;80;0;
9840;2373882;996057088;18718720;1113055232;0;0;0;0;0;0;0;0;0;0;0;2765;0;0;89;0;80;0;
9841;3125582;996057088;18718720;1113055232;0;0;0;0;0;0;0;0;0;0;0;2525;0;0;89;0;80;0;
9842;2306044;996057088;18718720;1113055232;0;0;0;0;0;0;0;0;0;0;0;2134;0;0;89;0;80;0;
9843;1277566;996057088;18718720;1113055232;0;0;0;0;0;0;0;0;0;0;0;1613;0;0;89;0;80;0;
9844;4869803;996057088;18718720;1113055232;0;0;0;0;0;0;0;0;0;0;0;1893;0;0;89;0;80;0;
9845;4702399;996057088;18718720;1113055232;0;0;0;0;0;0;0;0;0;0;0;3196;0;0;89;0;80;0;
9846;4605678;996057088;18718720;1113055232;0;0;0;0;0;0;0;0;0;0;0;2865;0;0;89;0;80;0;
9847;2581772;996057088;18718720;1113055232;0;0;0;0;0;0;0;0;0;0;0;2204;0;0;89;0;80;0;
9848;1788214;996057088;18718720;1113055232;0;0;0;0;0;0;0;0;0;0;0;1573;0;0;89;0;80;0;
9849;1146580;996057088;18718720;1113055232;0;0;0;0;0;0;0;0;0;0;0;1323;0;0;89;0;80;0;
9850;5417139;996057088;18718720;1113055232;0;0;0;0;0;0;0;0;0;0;0;1603;0;0;89;0;80;0;
9851;4595979;996057088;18718720;1113055232;0;0;0;0;0;0;0;0;0;0;0;3156;0;0;89;0;80;0;
9852;3970867;996057088;18718720;1113055232;0;0;0;0;0;0;0;0;0;0;0;203993;0;0;89;0;80;0;
9853;2005190;996057088;18718720;1113055232;0;0;0;0;0;0;0;0;0;0;0;1883;0;0;89;0;80;0;
9854;1971026;996057088;18718720;1113055232;0;0;0;0;0;0;0;0;0;0;0;1573;0;0;89;0;80;0;
9855;1270914;996057088;18718720;1113055232;0;0;0;0;0;0;0;0;0;0;0;2354;0;0;89;0;80;0;
9856;7635810;996057088;18718720;1113055232;0;0;0;0;0;0;0;0;0;0;0;1694;0;0;89;0;80;0;
9857;4027092;996057088;18718720;1113055232;0;0;0;0;0;0;0;0;0;0;0;3025;0;0;89;0;80;0;
9858;3257739;996057088;18718720;1113055232;0;0;0;0;0;0;0;0;0;0;0;2204;0;0;89;0;80;0;
9859;2243949;996057088;18718720;1113055232;0;0;0;0;0;0;0;0;0;0;0;1923;0;0;89;0;80;0;
9860;2961504;996057088;18718720;1113055232;0;0;0;0;0;0;0;0;0;0;0;1553;0;0;89;0;80;0;
9861;2939703;996057088;18718720;1113055232;0;0;0;0;0;0;0;0;0;0;0;2324;0;0;89;0;80;0;
9862;5781743;996057088;18718720;1113055232;0;0;0;0;0;0;0;0;0;0;0;1654;0;0;89;0;80;0;
9863;5352097;996057088;18718720;1113055232;0;0;0;0;0;0;0;0;0;0;0;4278;0;0;89;0;80;0;
9864;2444835;996057088;18718720;1113055232;0;0;0;0;0;0;0;0;0;0;0;1873;0;0;89;0;80;0;
9865;2835388;996057088;18718720;1113055232;0;0;0;0;0;0;0;0;0;0;0;2073;0;0;89;0;80;0;
9866;2614994;996057088;18718720;1113055232;0;0;0;0;0;0;0;0;0;0;0;2394;0;0;89;0;80;0;
9867;7027539;996057088;18718720;1113055232;0;0;0;0;0;0;0;0;0;0;0;1723;0;0;89;0;80;0;
9868;5649806;996057088;18718720;1113055232;0;0;0;0;0;0;0;0;0;0;0;5149;0;0;89;0;80;0;
9869;3087760;996057088;18718720;1113055232;0;0;0;0;0;0;0;0;0;0;0;2425;0;0;89;0;80;0;
9870;2369394;996057088;18718720;1113055232;0;0;0;0;0;0;0;0;0;0;0;1523;0;0;89;0;80;0;
9871;1631350;996057088;18718720;1113055232;0;0;0;0;0;0;0;0;0;0;0;1794;0;0;89;0;80;0;
9872;8489020;996057088;18718720;1113055232;0;0;0;0;0;0;0;0;0;0;0;2605;0;0;89;0;80;0;
9873;5674613;996057088;18718720;1113055232;0;0;0;0;0;0;0;0;0;0;0;4148;0;0;89;0;80;0;
9874;2825879;996057088;18718720;1113055232;0;0;0;0;0;0;0;0;0;0;0;2454;0;0;89;0;80;0;
9875;2273714;996057088;18718720;1113055232;0;0;0;0;0;0;0;0;0;0;0;1563;0;0;89;0;80;0;
9876;1175464;996057088;18718720;1113055232;0;0;0;0;0;0;0;0;0;0;0;1824;0;0;89;0;80;0;
9877;4518834;996057088;18718720;1113055232;0;0;0;0;0;0;0;0;0;0;0;1643;0;0;89;0;80;0;
9878;6780657;996057088;18726912;1113063424;0;0;0;0;0;0;0;0;0;0;0;4468;0;0;89;0;80;0;
9879;3175936;996057088;18726912;1113063424;0;0;0;0;0;0;0;0;0;0;0;3497;0;0;89;0;80;0;
9880;3485066;996057088;18726912;1113063424;0;0;0;0;0;0;0;0;0;0;0;1433;0;0;89;0;80;0;
9881;2099027;996057088;18726912;1113063424;0;0;0;0;0;0;0;0;0;0;0;1913;0;0;89;0;80;0;
9882;5690111;996057088;18726912;1113063424;0;0;0;0;0;0;0;0;0;0;0;1463;0;0;89;0;80;0;
9883;5901157;996057088;18726912;1113063424;0;0;0;0;0;0;0;0;0;0;0;4548;0;0;89;0;80;0;
9884;2438293;996057088;18726912;1113063424;0;0;0;0;0;0;0;0;0;0;0;4208;0;0;89;0;80;0;
9885;3254283;996057088;18726912;1113063424;0;0;0;0;0;0;0;0;0;0;0;3466;0;0;89;0;80;0;
9886;3185033;996057088;18726912;1113063424;0;0;0;0;0;0;0;0;0;0;0;2865;0;0;89;0;80;0;
9887;4788811;996057088;18726912;1113063424;0;0;0;0;0;0;0;0;0;0;0;2534;0;0;89;0;80;0;
9888;5544087;996057088;18726912;1113063424;0;0;0;0;0;0;0;0;0;0;0;3567;0;0;89;0;80;0;
9889;2831229;996057088;18726912;1113063424;0;0;0;0;0;0;0;0;0;0;0;2535;0;0;89;0;80;0;
9890;3411418;996057088;18726912;1113063424;0;0;0;0;0;0;0;0;0;0;0;2184;0;0;89;0;80;0;
9891;1868594;996057088;18726912;1113063424;0;0;0;0;0;0;0;0;0;0;0;2044;0;0;89;0;80;0;
9892;6413768;996057088;18726912;1113063424;0;0;0;0;0;0;0;0;0;0;0;3166;0;0;89;0;80;0;
9893;3540179;996057088;18726912;1113063424;0;0;0;0;0;0;0;0;0;0;0;1984;0;0;89;0;80;0;
9894;1653971;996057088;18726912;1113063424;0;0;0;0;0;0;0;0;0;0;0;1713;0;0;89;0;80;0;
9895;3900905;996057088;18726912;1113063424;0;0;0;0;0;0;0;0;0;0;0;2245;0;0;89;0;80;0;
9896;3140549;996057088;18726912;1113063424;0;0;0;0;0;0;0;0;0;0;0;2264;0;0;89;0;80;0;
9897;7131805;996057088;18726912;1113063424;0;0;0;0;0;0;0;0;0;0;0;4048;0;0;89;0;80;0;
9898;5358018;996057088;18726912;1113063424;0;0;0;0;0;0;0;0;0;0;0;4038;0;0;89;0;80;0;
9899;1606533;996057088;18726912;1113063424;0;0;0;0;0;0;0;0;0;0;0;1402;0;0;89;0;80;0;
9900;3368678;996057088;18726912;1113063424;0;0;0;0;0;0;0;0;0;0;0;2104;0;0;89;0;80;0;
9901;2287290;996057088;18726912;1113063424;0;0;0;0;0;0;0;0;0;0;0;1814;0;0;89;0;80;0;
9902;8879843;996057088;18726912;1113063424;0;0;0;0;0;0;0;0;0;0;0;3857;0;0;89;0;80;0;
9903;4852099;996057088;18726912;1113063424;0;0;0;0;0;0;0;0;0;0;0;3356;0;0;89;0;80;0;
9904;1814513;996057088;18726912;1113063424;0;0;0;0;0;0;0;0;0;0;0;1503;0;0;89;0;80;0;
9905;2641775;996057088;18726912;1113063424;0;0;0;0;0;0;0;0;0;0;0;2475;0;0;89;0;80;0;
9906;1875878;996057088;18726912;1113063424;0;0;0;0;0;0;0;0;0;0;0;1522;0;0;89;0;80;0;
9907;6561004;996057088;18726912;1113063424;0;0;0;0;0;0;0;0;0;0;0;4719;0;0;89;0;80;0;
9908;5941693;996057088;18726912;1113063424;0;0;0;0;0;0;0;0;0;0;0;4348;0;0;89;0;80;0;
9909;1904622;996057088;18726912;1113063424;0;0;0;0;0;0;0;0;0;0;0;2455;0;0;89;0;80;0;
9910;3148926;996057088;18726912;1113063424;0;0;0;0;0;0;0;0;0;0;0;1914;0;0;89;0;80;0;
9911;3770361;996057088;18726912;1113063424;0;0;0;0;0;0;0;0;0;0;0;2875;0;0;89;0;80;0;
9912;6145946;996057088;18726912;1113063424;0;0;0;0;0;0;0;0;0;0;0;3346;0;0;89;0;80;0;
9913;6021853;996057088;18726912;1113063424;0;0;0;0;0;0;0;0;0;0;0;35566;0;0;89;0;80;0;
9914;2880321;996057088;18726912;1113063424;0;0;0;0;0;0;0;0;0;0;0;2364;0;0;89;0;80;0;
9915;1885146;996057088;18726912;1113063424;0;0;0;0;0;0;0;0;0;0;0;1423;0;0;89;0;80;0;
9916;1554194;996057088;18726912;1113063424;0;0;0;0;0;0;0;0;0;0;0;1633;0;0;89;0;80;0;
9917;7089555;996057088;18726912;1113063424;0;0;0;0;0;0;0;0;0;0;0;4659;0;0;89;0;80;0;
9918;6339970;996057088;18726912;1113063424;0;0;0;0;0;0;0;0;0;0;0;4599;0;0;89;0;80;0;
9919;2491472;996057088;18726912;1113063424;0;0;0;0;0;0;0;0;0;0;0;2685;0;0;89;0;80;0;
9920;2482696;996057088;18726912;1113063424;0;0;0;0;0;0;0;0;0;0;0;1693;0;0;89;0;80;0;
9921;2241624;996057088;18726912;1113063424;0;0;0;0;0;0;0;0;0;0;0;1573;0;0;89;0;80;0;
9922;5849991;996057088;18726912;1113063424;0;0;0;0;0;0;0;0;0;0;0;3125;0;0;89;0;80;0;
9923;6201400;996057088;18726912;1113063424;0;0;0;0;0;0;0;0;0;0;0;4448;0;0;89;0;80;0;
9924;2279335;996057088;18726912;1113063424;0;0;0;0;0;0;0;0;0;0;0;2375;0;0;89;0;80;0;
9925;2822613;996057088;18726912;1113063424;0;0;0;0;0;0;0;0;0;0;0;1964;0;0;89;0;80;0;
9926;1579662;996057088;18726912;1113063424;0;0;0;0;0;0;0;0;0;0;0;1383;0;0;89;0;80;0;
9927;5775942;996057088;18726912;1113063424;0;0;0;0;0;0;0;0;0;0;0;4318;0;0;89;0;80;0;
9928;6571464;996057088;18726912;1113063424;0;0;0;0;0;0;0;0;0;0;0;4348;0;0;89;0;80;0;
9929;2583695;996057088;18726912;1113063424;0;0;0;0;0;0;0;0;0;0;0;2925;0;0;89;0;80;0;
9930;3292194;996057088;18726912;1113063424;0;0;0;0;0;0;0;0;0;0;0;2645;0;0;89;0;80;0;
9931;1864888;996057088;18726912;1113063424;0;0;0;0;0;0;0;0;0;0;0;1573;0;0;89;0;80;0;
9932;5568904;996057088;18726912;1113063424;0;0;0;0;0;0;0;0;0;0;0;2765;0;0;89;0;80;0;
9933;5806860;996057088;18726912;1113063424;0;0;0;0;0;0;0;0;0;0;0;3667;0;0;89;0;80;0;
9934;2882856;996057088;18726912;1113063424;0;0;0;0;0;0;0;0;0;0;0;3146;0;0;89;0;80;0;
9935;3789366;996057088;18726912;1113063424;0;0;0;0;0;0;0;0;0;0;0;2745;0;0;89;0;80;0;
9936;2883237;996057088;18726912;1113063424;0;0;0;0;0;0;0;0;0;0;0;1703;0;0;89;0;80;0;
9937;5273429;996057088;18726912;1113063424;0;0;0;0;0;0;0;0;0;0;0;1944;0;0;89;0;80;0;
9938;5499023;996057088;18726912;1113063424;0;0;0;0;0;0;0;0;0;0;0;4358;0;0;89;0;80;0;
9939;3425153;996057088;18726912;1113063424;0;0;0;0;0;0;0;0;0;0;0;3036;0;0;89;0;80;0;
9940;3402491;996057088;18726912;1113063424;0;0;0;0;0;0;0;0;0;0;0;2435;0;0;89;0;80;0;
9941;2664277;996057088;18726912;1113063424;0;0;0;0;0;0;0;0;0;0;0;2013;0;0;89;0;80;0;
9942;6051269;996057088;18726912;1113063424;0;0;0;0;0;0;0;0;0;0;0;2665;0;0;89;0;80;0;
9943;6193855;996057088;18726912;1113063424;0;0;0;0;0;0;0;0;0;0;0;4208;0;0;89;0;80;0;
9944;2696456;996057088;18726912;1113063424;0;0;0;0;0;0;0;0;0;0;0;2514;0;0;89;0;80;0;
9945;2594757;996057088;18726912;1113063424;0;0;0;0;0;0;0;0;0;0;0;2195;0;0;89;0;80;0;
9946;1861811;996057088;18726912;1113063424;0;0;0;0;0;0;0;0;0;0;0;1664;0;0;89;0;80;0;
9947;5950209;996057088;18726912;1113063424;0;0;0;0;0;0;0;0;0;0;0;3707;0;0;89;0;80;0;
9948;3735255;996057088;18726912;1113063424;0;0;0;0;0;0;0;0;0;0;0;2745;0;0;89;0;80;0;
9949;3114692;996057088;18726912;1113063424;0;0;0;0;0;0;0;0;0;0;0;2705;0;0;89;0;80;0;
9950;3876991;996057088;18726912;1113063424;0;0;0;0;0;0;0;0;0;0;0;2906;0;0;89;0;80;0;
9951;3038779;996057088;18726912;1113063424;0;0;0;0;0;0;0;0;0;0;0;2384;0;0;89;0;80;0;
9952;7690803;996057088;18726912;1113063424;0;0;0;0;0;0;0;0;0;0;0;3707;0;0;89;0;80;0;
9953;4727747;996057088;18726912;1113063424;0;0;0;0;0;0;0;0;0;0;0;2655;0;0;89;0;80;0;
9954;2196920;996057088;18726912;1113063424;0;0;0;0;0;0;0;0;0;0;0;2474;0;0;89;0;80;0;
9955;2394621;996057088;18726912;1113063424;0;0;0;0;0;0;0;0;0;0;0;1803;0;0;89;0;80;0;
9956;2244670;996057088;18726912;1113063424;0;0;0;0;0;0;0;0;0;0;0;2063;0;0;89;0;80;0;
9957;5605592;996057088;18726912;1113063424;0;0;0;0;0;0;0;0;0;0;0;2836;0;0;89;0;80;0;
9958;4455065;996057088;18726912;1113063424;0;0;0;0;0;0;0;0;0;0;0;2324;0;0;89;0;80;0;
9959;1590082;996057088;18726912;1113063424;0;0;0;0;0;0;0;0;0;0;0;1653;0;0;89;0;80;0;
9960;1697633;996057088;18726912;1113063424;0;0;0;0;0;0;0;0;0;0;0;1643;0;0;89;0;80;0;
9961;1843488;996057088;18726912;1113063424;0;0;0;0;0;0;0;0;0;0;0;3467;0;0;89;0;80;0;
9962;7774971;996057088;18726912;1113063424;0;0;0;0;0;0;0;0;0;0;0;4228;0;0;89;0;80;0;
9963;5071762;996057088;18726912;1113063424;0;0;0;0;0;0;0;0;0;0;0;3707;0;0;89;0;80;0;
9964;3478003;996057088;18726912;1113063424;0;0;0;0;0;0;0;0;0;0;0;2835;0;0;89;0;80;0;
9965;2228920;996057088;18726912;1113063424;0;0;0;0;0;0;0;0;0;0;0;1533;0;0;89;0;80;0;
9966;1472391;996057088;18726912;1113063424;0;0;0;0;0;0;0;0;0;0;0;1573;0;0;89;0;80;0;
9967;6496974;996057088;18726912;1113063424;0;0;0;0;0;0;0;0;0;0;0;3637;0;0;89;0;80;0;
9968;5493592;996057088;18726912;1113063424;0;0;0;0;0;0;0;0;0;0;0;3416;0;0;89;0;80;0;
9969;3082612;996057088;18726912;1113063424;0;0;0;0;0;0;0;0;0;0;0;3005;0;0;89;0;80;0;
9970;2338375;996057088;18726912;1113063424;0;0;0;0;0;0;0;0;0;0;0;2174;0;0;89;0;80;0;
9971;1143725;996057088;18726912;1113063424;0;0;0;0;0;0;0;0;0;0;0;1443;0;0;89;0;80;0;
9972;5447426;996057088;18726912;1113063424;0;0;0;0;0;0;0;0;0;0;0;3657;0;0;89;0;80;0;
9973;5741307;996057088;18726912;1113063424;0;0;0;0;0;0;0;0;0;0;0;4017;0;0;89;0;80;0;
9974;3459558;996057088;18726912;1113063424;0;0;0;0;0;0;0;0;0;0;0;2676;0;0;89;0;80;0;
9975;3561178;996057088;18726912;1113063424;0;0;0;0;0;0;0;0;0;0;0;2504;0;0;89;0;80;0;
9976;1715818;996057088;18726912;1113063424;0;0;0;0;0;0;0;0;0;0;0;2154;0;0;89;0;80;0;
9977;5369260;996057088;18726912;1113063424;0;0;0;0;0;0;0;0;0;0;0;2565;0;0;89;0;80;0;
9978;5135020;996057088;18726912;1113063424;0;0;0;0;0;0;0;0;0;0;0;3146;0;0;89;0;80;0;
9979;3630198;996057088;18726912;1113063424;0;0;0;0;0;0;0;0;0;0;0;2826;0;0;89;0;80;0;
9980;3195533;996057088;18726912;1113063424;0;0;0;0;0;0;0;0;0;0;0;1803;0;0;89;0;80;0;
9981;2577464;996057088;18726912;1113063424;0;0;0;0;0;0;0;0;0;0;0;1643;0;0;89;0;80;0;
9982;6272723;996057088;18726912;1113063424;0;0;0;0;0;0;0;0;0;0;0;3276;0;0;89;0;80;0;
9983;4353985;996057088;18726912;1113063424;0;0;0;0;0;0;0;0;0;0;0;97643;0;0;89;0;80;0;
9984;2725852;996057088;18726912;1113063424;0;0;0;0;0;0;0;0;0;0;0;2274;0;0;89;0;80;0;
9985;3459528;996057088;18726912;1113063424;0;0;0;0;0;0;0;0;0;0;0;2885;0;0;89;0;80;0;
9986;2697518;996057088;18726912;1113063424;0;0;0;0;0;0;0;0;0;0;0;2735;0;0;89;0;80;0;
9987;6907455;996057088;18726912;1113063424;0;0;0;0;0;0;0;0;0;0;0;9207;0;0;89;0;80;0;
9988;4769444;996057088;18726912;1113063424;0;0;0;0;0;0;0;0;0;0;0;2986;0;0;89;0;80;0;
9989;1597886;996057088;18726912;1113063424;0;0;0;0;0;0;0;0;0;0;0;1543;0;0;89;0;80;0;
9990;2936136;996057088;18726912;1113063424;0;0;0;0;0;0;0;0;0;0;0;1633;0;0;89;0;80;0;
9991;2723337;996057088;18726912;1113063424;0;0;0;0;0;0;0;0;0;0;0;2124;0;0;89;0;80;0;
9992;7252902;996057088;18726912;1113063424;0;0;0;0;0;0;0;0;0;0;0;3757;0;0;89;0;80;0;
9993;4330511;996057088;18726912;1113063424;0;0;0;0;0;0;0;0;0;0;0;3186;0;0;89;0;80;0;
9994;1695860;996057088;18726912;1113063424;0;0;0;0;0;0;0;0;0;0;0;1412;0;0;89;0;80;0;
9995;2146966;996057088;18726912;1113063424;0;0;0;0;0;0;0;0;0;0;0;1433;0;0;89;0;80;0;
9996;1913449;996057088;18726912;1113063424;0;0;0;0;0;0;0;0;0;0;0;1643;0;0;89;0;80;0;
9997;6128784;996057088;18726912;1113063424;0;0;0;0;0;0;0;0;0;0;0;2164;0;0;89;0;80;0;
9998;3142354;996057088;18726912;1113063424;0;0;0;0;0;0;0;0;0;0;0;1432;0;0;89;0;80;0;
9999;1327159;996057088;18726912;1113063424;0;0;0;0;0;0;0;0;0;0;0;1433;0;0;89;0;80;0;
10000;2557066;996057088;18726912;1113063424;0;0;0;0;0;0;0;0;0;0;0;1412;0;0;89;0;80;0;
10001;2419307;996057088;18726912;1113063424;0;0;0;0;0;0;0;0;0;0;0;1463;0;0;89;0;80;0;
10002;4974018;996057088;18726912;1113063424;0;0;0;0;0;0;0;0;0;0;0;2093;0;0;89;0;80;0;
10003;4048492;996057088;18726912;1113063424;0;0;0;0;0;0;0;0;0;0;0;1723;0;0;89;0;80;0;
10004;2618430;996057088;18726912;1113063424;0;0;0;0;0;0;0;0;0;0;0;1403;0;0;89;0;80;0;
10005;1955297;996057088;18726912;1113063424;0;0;0;0;0;0;0;0;0;0;0;1473;0;0;89;0;80;0;
10006;2128372;996057088;18726912;1113063424;0;0;0;0;0;0;0;0;0;0;0;1433;0;0;89;0;80;0;
10007;5851884;996057088;18726912;1113063424;0;0;0;0;0;0;0;0;0;0;0;2385;0;0;89;0;80;0;
10008;2854153;996057088;18726912;1113063424;0;0;0;0;0;0;0;0;0;0;0;1883;0;0;89;0;80;0;
10009;2428034;996057088;18726912;1113063424;0;0;0;0;0;0;0;0;0;0;0;1473;0;0;89;0;80;0;
10010;1674961;996057088;18726912;1113063424;0;0;0;0;0;0;0;0;0;0;0;1423;0;0;89;0;80;0;
10011;1342387;996057088;18726912;1113063424;0;0;0;0;0;0;0;0;0;0;0;1463;0;0;89;0;80;0;
10012;5310399;996057088;18726912;1113063424;0;0;0;0;0;0;0;0;0;0;0;1923;0;0;89;0;80;0;
10013;3577649;996057088;18726912;1113063424;0;0;0;0;0;0;0;0;0;0;0;1562;0;0;89;0;80;0;
10014;2827592;996057088;18726912;1113063424;0;0;0;0;0;0;0;0;0;0;0;1643;0;0;89;0;80;0;
10015;3394386;996057088;18726912;1113063424;0;0;0;0;0;0;0;0;0;0;0;1463;0;0;89;0;80;0;
10016;2830929;996057088;18726912;1113063424;0;0;0;0;0;0;0;0;0;0;0;1613;0;0;89;0;80;0;
10017;6290547;996057088;18726912;1113063424;0;0;0;0;0;0;0;0;0;0;0;2395;0;0;89;0;80;0;
10018;3410687;996057088;18726912;1113063424;0;0;0;0;0;0;0;0;0;0;0;1583;0;0;89;0;80;0;
10019;2433854;996057088;18726912;1113063424;0;0;0;0;0;0;0;0;0;0;0;1543;0;0;89;0;80;0;
10020;2895610;996057088;18726912;1113063424;0;0;0;0;0;0;0;0;0;0;0;1473;0;0;89;0;80;0;
10021;2722115;996057088;18726912;1113063424;0;0;0;0;0;0;0;0;0;0;0;1704;0;0;89;0;80;0;
10022;6317628;996057088;18726912;1113063424;0;0;0;0;0;0;0;0;0;0;0;2414;0;0;89;0;80;0;
10023;3805637;996057088;18726912;1113063424;0;0;0;0;0;0;0;0;0;0;0;63789;0;0;89;0;80;0;
10024;2023816;996057088;18726912;1113063424;0;0;0;0;0;0;0;0;0;0;0;1733;0;0;89;0;80;0;
10025;4221347;996057088;18726912;1113063424;0;0;0;0;0;0;0;0;0;0;0;6883;0;0;89;0;80;0;
10026;4086865;996057088;18726912;1113063424;0;0;0;0;0;0;0;0;0;0;0;4178;0;0;89;0;80;0;
10027;5766855;996057088;18726912;1113063424;0;0;0;0;0;0;0;0;0;0;0;4469;0;0;89;0;80;0;
10028;4800683;996057088;18726912;1113063424;0;0;0;0;0;0;0;0;0;0;0;3056;0;0;89;0;80;0;
10029;1380790;996057088;18726912;1113063424;0;0;0;0;0;0;0;0;0;0;0;1824;0;0;89;0;80;0;
10030;2859222;996057088;18726912;1113063424;0;0;0;0;0;0;0;0;0;0;0;1854;0;0;89;0;80;0;
10031;1636088;996057088;18726912;1113063424;0;0;0;0;0;0;0;0;0;0;0;1964;0;0;89;0;80;0;
10032;7654365;996057088;18726912;1113063424;0;0;0;0;0;0;0;0;0;0;0;3787;0;0;89;0;80;0;
10033;5177430;996057088;18726912;1113063424;0;0;0;0;0;0;0;0;0;0;0;2986;0;0;89;0;80;0;
10034;3518238;996057088;18726912;1113063424;0;0;0;0;0;0;0;0;0;0;0;2836;0;0;89;0;80;0;
10035;2533502;996057088;18726912;1113063424;0;0;0;0;0;0;0;0;0;0;0;2344;0;0;89;0;80;0;
10036;1914451;996057088;18726912;1113063424;0;0;0;0;0;0;0;0;0;0;0;1884;0;0;89;0;80;0;
10037;5003593;996057088;18726912;1113063424;0;0;0;0;0;0;0;0;0;0;0;3136;0;0;89;0;80;0;
10038;5146031;996057088;18726912;1113063424;0;0;0;0;0;0;0;0;0;0;0;3627;0;0;89;0;80;0;
10039;4526669;996057088;18726912;1113063424;0;0;0;0;0;0;0;0;0;0;0;2484;0;0;89;0;80;0;
10040;3603207;996057088;18726912;1113063424;0;0;0;0;0;0;0;0;0;0;0;2786;0;0;89;0;80;0;
10041;1855419;996057088;18726912;1113063424;0;0;0;0;0;0;0;0;0;0;0;2575;0;0;89;0;80;0;
10042;4737915;996057088;18726912;1113063424;0;0;0;0;0;0;0;0;0;0;0;2225;0;0;89;0;80;0;
10043;4868961;996057088;18726912;1113063424;0;0;0;0;0;0;0;0;0;0;0;2865;0;0;89;0;80;0;
10044;1604549;996057088;18726912;1113063424;0;0;0;0;0;0;0;0;0;0;0;1953;0;0;89;0;80;0;
10045;2939032;996057088;18726912;1113063424;0;0;0;0;0;0;0;0;0;0;0;2565;0;0;89;0;80;0;
10046;1674921;996057088;18726912;1113063424;0;0;0;0;0;0;0;0;0;0;0;2053;0;0;89;0;80;0;
10047;5187038;996057088;18726912;1113063424;0;0;0;0;0;0;0;0;0;0;0;2304;0;0;89;0;80;0;
10048;5124961;996057088;18726912;1113063424;0;0;0;0;0;0;0;0;0;0;0;2845;0;0;89;0;80;0;
10049;1047224;996057088;18726912;1113063424;0;0;0;0;0;0;0;0;0;0;0;2335;0;0;89;0;80;0;
10050;2450165;996057088;18726912;1113063424;0;0;0;0;0;0;0;0;0;0;0;2114;0;0;89;0;80;0;
10051;1593869;996057088;18726912;1113063424;0;0;0;0;0;0;0;0;0;0;0;2054;0;0;89;0;80;0;
10052;5498422;996057088;18726912;1113063424;0;0;0;0;0;0;0;0;0;0;0;2926;0;0;89;0;80;0;
10053;4321074;996057088;18726912;1113063424;0;0;0;0;0;0;0;0;0;0;0;2935;0;0;89;0;80;0;
10054;2345950;996057088;18726912;1113063424;0;0;0;0;0;0;0;0;0;0;0;2855;0;0;89;0;80;0;
10055;1780229;996057088;18726912;1113063424;0;0;0;0;0;0;0;0;0;0;0;2094;0;0;89;0;80;0;
10056;2557677;996057088;18726912;1113063424;0;0;0;0;0;0;0;0;0;0;0;1964;0;0;89;0;80;0;
10057;5097249;996057088;18726912;1113063424;0;0;0;0;0;0;0;0;0;0;0;3837;0;0;89;0;80;0;
10058;4426702;996057088;18726912;1113063424;0;0;0;0;0;0;0;0;0;0;0;2575;0;0;89;0;80;0;
10059;1653861;996057088;18726912;1113063424;0;0;0;0;0;0;0;0;0;0;0;2245;0;0;89;0;80;0;
10060;2201749;996057088;18726912;1113063424;0;0;0;0;0;0;0;0;0;0;0;1863;0;0;89;0;80;0;
10061;1401990;996057088;18726912;1113063424;0;0;0;0;0;0;0;0;0;0;0;2184;0;0;89;0;80;0;
10062;5612545;996057088;18726912;1113063424;0;0;0;0;0;0;0;0;0;0;0;3196;0;0;89;0;80;0;
10063;4860866;996057088;18726912;1113063424;0;0;0;0;0;0;0;0;0;0;0;3096;0;0;89;0;80;0;
10064;2914546;996057088;18726912;1113063424;0;0;0;0;0;0;0;0;0;0;0;2445;0;0;89;0;80;0;
10065;8559292;996057088;18726912;1113063424;0;0;0;0;0;0;0;0;0;0;0;2855;0;0;89;0;80;0;
10066;1897599;996057088;18726912;1113063424;0;0;0;0;0;0;0;0;0;0;0;2504;0;0;89;0;80;0;
10067;4970241;996057088;18726912;1113063424;0;0;0;0;0;0;0;0;0;0;0;2856;0;0;89;0;80;0;
10068;3657639;996057088;18726912;1113063424;0;0;0;0;0;0;0;0;0;0;0;2265;0;0;89;0;80;0;
10069;2568346;996057088;18726912;1113063424;0;0;0;0;0;0;0;0;0;0;0;2054;0;0;89;0;80;0;
10070;4097294;996057088;18726912;1113063424;0;0;0;0;0;0;0;0;0;0;0;2355;0;0;89;0;80;0;
10071;1783484;996057088;18726912;1113063424;0;0;0;0;0;0;0;0;0;0;0;2335;0;0;89;0;80;0;
10072;5611013;996057088;18726912;1113063424;0;0;0;0;0;0;0;0;0;0;0;2625;0;0;89;0;80;0;
10073;3656558;996057088;18726912;1113063424;0;0;0;0;0;0;0;0;0;0;0;2775;0;0;89;0;80;0;
10074;1797761;996057088;18726912;1113063424;0;0;0;0;0;0;0;0;0;0;0;2284;0;0;89;0;80;0;
10075;1597786;996057088;18726912;1113063424;0;0;0;0;0;0;0;0;0;0;0;1783;0;0;89;0;80;0;
10076;905999;996057088;18726912;1113063424;0;0;0;0;0;0;0;0;0;0;0;1422;0;0;89;0;80;0;
10077;4992132;996057088;18726912;1113063424;0;0;0;0;0;0;0;0;0;0;0;3066;0;0;89;0;80;0;
10078;4692630;996057088;18726912;1113063424;0;0;0;0;0;0;0;0;0;0;0;3357;0;0;89;0;80;0;
10079;2071314;996057088;18726912;1113063424;0;0;0;0;0;0;0;0;0;0;0;2053;0;0;89;0;80;0;
10080;2792387;996057088;18726912;1113063424;0;0;0;0;0;0;0;0;0;0;0;2224;0;0;89;0;80;0;
10081;1500083;996057088;18726912;1113063424;0;0;0;0;0;0;0;0;0;0;0;1402;0;0;89;0;80;0;
10082;6322387;996057088;18726912;1113063424;0;0;0;0;0;0;0;0;0;0;0;3316;0;0;89;0;80;0;
10083;2922461;996057088;18726912;1113063424;0;0;0;0;0;0;0;0;0;0;0;1894;0;0;89;0;80;0;
10084;1708465;996057088;18726912;1113063424;0;0;0;0;0;0;0;0;0;0;0;2114;0;0;89;0;80;0;
10085;2847510;996057088;18726912;1113063424;0;0;0;0;0;0;0;0;0;0;0;2114;0;0;89;0;80;0;
10086;2726594;996057088;18726912;1113063424;0;0;0;0;0;0;0;0;0;0;0;2454;0;0;89;0;80;0;
10087;6165362;996057088;18726912;1113063424;0;0;0;0;0;0;0;0;0;0;0;2565;0;0;89;0;80;0;
10088;6203775;996057088;18726912;1113063424;0;0;0;0;0;0;0;0;0;0;0;5050;0;0;89;0;80;0;
10089;2672351;996057088;18726912;1113063424;0;0;0;0;0;0;0;0;0;0;0;3938;0;0;89;0;80;0;
10090;2020820;996057088;18726912;1113063424;0;0;0;0;0;0;0;0;0;0;0;1954;0;0;89;0;80;0;
10091;1487399;996057088;18726912;1113063424;0;0;0;0;0;0;0;0;0;0;0;1523;0;0;89;0;80;0;
10092;5766795;996057088;18726912;1113063424;0;0;0;0;0;0;0;0;0;0;0;2875;0;0;89;0;80;0;
10093;5217205;996057088;18726912;1113063424;0;0;0;0;0;0;0;0;0;0;0;2755;0;0;89;0;80;0;
10094;2578636;996057088;18726912;1113063424;0;0;0;0;0;0;0;0;0;0;0;2524;0;0;89;0;80;0;
10095;2541727;996057088;18726912;1113063424;0;0;0;0;0;0;0;0;0;0;0;2104;0;0;89;0;80;0;
10096;1410134;996057088;18726912;1113063424;0;0;0;0;0;0;0;0;0;0;0;1512;0;0;89;0;80;0;
10097;5897810;996057088;18726912;1113063424;0;0;0;0;0;0;0;0;0;0;0;2956;0;0;89;0;80;0;
10098;2780946;996057088;18726912;1113063424;0;0;0;0;0;0;0;0;0;0;0;1913;0;0;89;0;80;0;
10099;2835858;996057088;18726912;1113063424;0;0;0;0;0;0;0;0;0;0;0;2064;0;0;89;0;80;0;
10100;3058916;996057088;18726912;1113063424;0;0;0;0;0;0;0;0;0;0;0;2695;0;0;89;0;80;0;
10101;1588589;996057088;18726912;1113063424;0;0;0;0;0;0;0;0;0;0;0;1914;0;0;89;0;80;0;
10102;6891404;996057088;18726912;1113063424;0;0;0;0;0;0;0;0;0;0;0;2555;0;0;89;0;80;0;
10103;4187112;996057088;18726912;1113063424;0;0;0;0;0;0;0;0;0;0;0;2986;0;0;89;0;80;0;
10104;1582357;996057088;18726912;1113063424;0;0;0;0;0;0;0;0;0;0;0;2495;0;0;89;0;80;0;
10105;1909872;996057088;18726912;1113063424;0;0;0;0;0;0;0;0;0;0;0;1834;0;0;89;0;80;0;
10106;1883161;996057088;18726912;1113063424;0;0;0;0;0;0;0;0;0;0;0;2134;0;0;89;0;80;0;
10107;6432323;996057088;18726912;1113063424;0;0;0;0;0;0;0;0;0;0;0;10099;0;0;89;0;80;0;
10108;4079671;996057088;18726912;1113063424;0;0;0;0;0;0;0;0;0;0;0;2906;0;0;89;0;80;0;
10109;2105659;996057088;18726912;1113063424;0;0;0;0;0;0;0;0;0;0;0;2455;0;0;89;0;80;0;
10110;3083683;996057088;18726912;1113063424;0;0;0;0;0;0;0;0;0;0;0;2735;0;0;89;0;80;0;
10111;2065223;996057088;18726912;1113063424;0;0;0;0;0;0;0;0;0;0;0;2485;0;0;89;0;80;0;
10112;5964175;996057088;18726912;1113063424;0;0;0;0;0;0;0;0;0;0;0;2846;0;0;89;0;80;0;
10113;3389867;996057088;18726912;1113063424;0;0;0;0;0;0;0;0;0;0;0;2424;0;0;89;0;80;0;
10114;2315262;996057088;18726912;1113063424;0;0;0;0;0;0;0;0;0;0;0;2544;0;0;89;0;80;0;
10115;2636524;996057088;18726912;1113063424;0;0;0;0;0;0;0;0;0;0;0;2425;0;0;89;0;80;0;
10116;2555613;996057088;18726912;1113063424;0;0;0;0;0;0;0;0;0;0;0;2374;0;0;89;0;80;0;
10117;5509412;996057088;18726912;1113063424;0;0;0;0;0;0;0;0;0;0;0;2835;0;0;89;0;80;0;
10118;3191405;996057088;18726912;1113063424;0;0;0;0;0;0;0;0;0;0;0;2234;0;0;89;0;80;0;
10119;1791901;996057088;18726912;1113063424;0;0;0;0;0;0;0;0;0;0;0;1533;0;0;89;0;80;0;
10120;2833103;996057088;18726912;1113063424;0;0;0;0;0;0;0;0;0;0;0;3126;0;0;89;0;80;0;
10121;1752436;996057088;18726912;1113063424;0;0;0;0;0;0;0;0;0;0;0;2274;0;0;89;0;80;0;
10122;5350544;996057088;18726912;1113063424;0;0;0;0;0;0;0;0;0;0;0;3476;0;0;89;0;80;0;
10123;4523283;996057088;18726912;1113063424;0;0;0;0;0;0;0;0;0;0;0;2876;0;0;89;0;80;0;
10124;2483688;996057088;18726912;1113063424;0;0;0;0;0;0;0;0;0;0;0;2504;0;0;89;0;80;0;
10125;1963923;996057088;18726912;1113063424;0;0;0;0;0;0;0;0;0;0;0;2275;0;0;89;0;80;0;
10126;1523688;996057088;18726912;1113063424;0;0;0;0;0;0;0;0;0;0;0;1643;0;0;89;0;80;0;
10127;5761786;996057088;18726912;1113063424;0;0;0;0;0;0;0;0;0;0;0;3567;0;0;89;0;80;0;
10128;3620410;996057088;18726912;1113063424;0;0;0;0;0;0;0;0;0;0;0;2584;0;0;89;0;80;0;
10129;2223480;996057088;18726912;1113063424;0;0;0;0;0;0;0;0;0;0;0;2444;0;0;89;0;80;0;
10130;2496381;996057088;18726912;1113063424;0;0;0;0;0;0;0;0;0;0;0;2334;0;0;89;0;80;0;
10131;1871850;996057088;18726912;1113063424;0;0;0;0;0;0;0;0;0;0;0;1613;0;0;89;0;80;0;
10132;4668936;996057088;18726912;1113063424;0;0;0;0;0;0;0;0;0;0;0;1773;0;0;89;0;80;0;
10133;3128407;996057088;18726912;1113063424;0;0;0;0;0;0;0;0;0;0;0;1794;0;0;89;0;80;0;
10134;1942713;996057088;18726912;1113063424;0;0;0;0;0;0;0;0;0;0;0;1332;0;0;89;0;80;0;
10135;2259718;996057088;18726912;1113063424;0;0;0;0;0;0;0;0;0;0;0;1733;0;0;89;0;80;0;
10136;2185979;996057088;18726912;1113063424;0;0;0;0;0;0;0;0;0;0;0;2003;0;0;89;0;80;0;
10137;5606584;996057088;18726912;1113063424;0;0;0;0;0;0;0;0;0;0;0;2094;0;0;89;0;80;0;
10138;3291222;996057088;18726912;1113063424;0;0;0;0;0;0;0;0;0;0;0;1583;0;0;89;0;80;0;
10139;2084218;996057088;18726912;1113063424;0;0;0;0;0;0;0;0;0;0;0;1643;0;0;89;0;80;0;
10140;1794285;996057088;18726912;1113063424;0;0;0;0;0;0;0;0;0;0;0;1483;0;0;89;0;80;0;
10141;1286933;996057088;18726912;1113063424;0;0;0;0;0;0;0;0;0;0;0;1433;0;0;89;0;80;0;
10142;4891082;996057088;18726912;1113063424;0;0;0;0;0;0;0;0;0;0;0;3356;0;0;89;0;80;0;
10143;4667814;996057088;18726912;1113063424;0;0;0;0;0;0;0;0;0;0;0;2355;0;0;89;0;80;0;
10144;2121488;996057088;18726912;1113063424;0;0;0;0;0;0;0;0;0;0;0;1613;0;0;89;0;80;0;
10145;2867779;996057088;18726912;1113063424;0;0;0;0;0;0;0;0;0;0;0;1673;0;0;89;0;80;0;
10146;2039605;996057088;18726912;1113063424;0;0;0;0;0;0;0;0;0;0;0;1493;0;0;89;0;80;0;
10147;5306552;996057088;18726912;1113063424;0;0;0;0;0;0;0;0;0;0;0;2285;0;0;89;0;80;0;
10148;2799561;996057088;18726912;1113063424;0;0;0;0;0;0;0;0;0;0;0;1723;0;0;89;0;80;0;
10149;2857910;996057088;18726912;1113063424;0;0;0;0;0;0;0;0;0;0;0;1533;0;0;89;0;80;0;
10150;2393298;996057088;18726912;1113063424;0;0;0;0;0;0;0;0;0;0;0;1543;0;0;89;0;80;0;
10151;2384081;996057088;18726912;1113063424;0;0;0;0;0;0;0;0;0;0;0;1433;0;0;89;0;80;0;
10152;5700641;996057088;18726912;1113063424;0;0;0;0;0;0;0;0;0;0;0;1804;0;0;89;0;80;0;
10153;3343500;996057088;18726912;1113063424;0;0;0;0;0;0;0;0;0;0;0;1643;0;0;89;0;80;0;
10154;1704266;996057088;18726912;1113063424;0;0;0;0;0;0;0;0;0;0;0;1423;0;0;89;0;80;0;
10155;3023781;996057088;18726912;1113063424;0;0;0;0;0;0;0;0;0;0;0;1532;0;0;89;0;80;0;
10156;1589611;996057088;18726912;1113063424;0;0;0;0;0;0;0;0;0;0;0;1413;0;0;89;0;80;0;
10157;5529691;996315136;18726912;1113063424;0;0;0;0;0;0;0;0;0;0;0;2224;0;0;89;0;80;0;
10158;3939829;996315136;18726912;1113063424;0;0;0;0;0;0;0;0;0;0;0;1623;0;0;89;0;80;0;
10159;2308179;996315136;18726912;1113063424;0;0;0;0;0;0;0;0;0;0;0;1543;0;0;89;0;80;0;
10160;3135290;996315136;18726912;1113063424;0;0;0;0;0;0;0;0;0;0;0;1934;0;0;89;0;80;0;
10161;1205440;996315136;18726912;1113063424;0;0;0;0;0;0;0;0;0;0;0;1412;0;0;89;0;80;0;
10162;5371854;996315136;18726912;1113063424;0;0;0;0;0;0;0;0;0;0;0;1884;0;0;89;0;80;0;
10163;3356244;996315136;18726912;1113063424;0;0;0;0;0;0;0;0;0;0;0;1643;0;0;89;0;80;0;
10164;2306535;996315136;18726912;1113063424;0;0;0;0;0;0;0;0;0;0;0;1463;0;0;89;0;80;0;
10165;2524133;996315136;18726912;1113063424;0;0;0;0;0;0;0;0;0;0;0;1412;0;0;89;0;80;0;
10166;2086734;996315136;18726912;1113063424;0;0;0;0;0;0;0;0;0;0;0;1403;0;0;89;0;80;0;
10167;6732255;996315136;18726912;1113063424;0;0;0;0;0;0;0;0;0;0;0;1934;0;0;89;0;80;0;
10168;3770091;996315136;18726912;1113063424;0;0;0;0;0;0;0;0;0;0;0;1333;0;0;89;0;80;0;
10169;1825213;996315136;18726912;1113063424;0;0;0;0;0;0;0;0;0;0;0;1783;0;0;89;0;80;0;
10170;2502674;996315136;18726912;1113063424;0;0;0;0;0;0;0;0;0;0;0;1663;0;0;89;0;80;0;
10171;1889243;996315136;18726912;1113063424;0;0;0;0;0;0;0;0;0;0;0;1462;0;0;89;0;80;0;
10172;5372525;996315136;18726912;1113063424;0;0;0;0;0;0;0;0;0;0;0;1883;0;0;89;0;80;0;
10173;3867102;996315136;18726912;1113063424;0;0;0;0;0;0;0;0;0;0;0;1653;0;0;89;0;80;0;
10174;2519956;996315136;18726912;1113063424;0;0;0;0;0;0;0;0;0;0;0;1493;0;0;89;0;80;0;
10175;3197185;996315136;18726912;1113063424;0;0;0;0;0;0;0;0;0;0;0;1533;0;0;89;0;80;0;
10176;2194235;996315136;18726912;1113063424;0;0;0;0;0;0;0;0;0;0;0;1533;0;0;89;0;80;0;
10177;5305981;996315136;18726912;1113063424;0;0;0;0;0;0;0;0;0;0;0;1643;0;0;89;0;80;0;
10178;3016046;996315136;18726912;1113063424;0;0;0;0;0;0;0;0;0;0;0;67186;0;0;89;0;80;0;
10179;2029616;996315136;18726912;1113063424;0;0;0;0;0;0;0;0;0;0;0;1413;0;0;89;0;80;0;
10180;2858320;996315136;18726912;1113063424;0;0;0;0;0;0;0;0;0;0;0;2014;0;0;89;0;80;0;
10181;2292139;996315136;18726912;1113063424;0;0;0;0;0;0;0;0;0;0;0;1393;0;0;89;0;80;0;
10182;4684796;996315136;18726912;1113063424;0;0;0;0;0;0;0;0;0;0;0;1613;0;0;89;0;80;0;
10183;3492079;996315136;18726912;1113063424;0;0;0;0;0;0;0;0;0;0;0;1613;0;0;89;0;80;0;
10184;1391229;996315136;18726912;1113063424;0;0;0;0;0;0;0;0;0;0;0;1382;0;0;89;0;80;0;
10185;2428193;996315136;18726912;1113063424;0;0;0;0;0;0;0;0;0;0;0;1553;0;0;89;0;80;0;
10186;2079259;996315136;18726912;1113063424;0;0;0;0;0;0;0;0;0;0;0;1402;0;0;89;0;80;0;
10187;5415727;996315136;18726912;1113063424;0;0;0;0;0;0;0;0;0;0;0;1853;0;0;89;0;80;0;
10188;4302068;996315136;18726912;1113063424;0;0;0;0;0;0;0;0;0;0;0;1522;0;0;89;0;80;0;
10189;1915812;996315136;18726912;1113063424;0;0;0;0;0;0;0;0;0;0;0;1834;0;0;89;0;80;0;
10190;2538440;996315136;18726912;1113063424;0;0;0;0;0;0;0;0;0;0;0;1453;0;0;89;0;80;0;
10191;2091472;996315136;18726912;1113063424;0;0;0;0;0;0;0;0;0;0;0;1543;0;0;89;0;80;0;
10192;5798274;996315136;18726912;1113063424;0;0;0;0;0;0;0;0;0;0;0;1463;0;0;89;0;80;0;
10193;3810977;996315136;18726912;1113063424;0;0;0;0;0;0;0;0;0;0;0;1202;0;0;89;0;80;0;
10194;2328867;996315136;18726912;1113063424;0;0;0;0;0;0;0;0;0;0;0;1503;0;0;89;0;80;0;
10195;2467738;996315136;18726912;1113063424;0;0;0;0;0;0;0;0;0;0;0;1463;0;0;89;0;80;0;
10196;1927514;996315136;18726912;1113063424;0;0;0;0;0;0;0;0;0;0;0;1382;0;0;89;0;80;0;
10197;4638308;996315136;18726912;1113063424;0;0;0;0;0;0;0;0;0;0;0;1773;0;0;89;0;80;0;
10198;4487797;996315136;18726912;1113063424;0;0;0;0;0;0;0;0;0;0;0;1754;0;0;89;0;80;0;
10199;2300765;996315136;18726912;1113063424;0;0;0;0;0;0;0;0;0;0;0;2013;0;0;89;0;80;0;
10200;2345108;996315136;18726912;1113063424;0;0;0;0;0;0;0;0;0;0;0;1603;0;0;89;0;80;0;
10201;2036389;996315136;18726912;1113063424;0;0;0;0;0;0;0;0;0;0;0;1623;0;0;89;0;80;0;
10202;6322337;996315136;18726912;1113063424;0;0;0;0;0;0;0;0;0;0;0;2454;0;0;89;0;80;0;
10203;3084374;996315136;18726912;1113063424;0;0;0;0;0;0;0;0;0;0;0;1793;0;0;89;0;80;0;
10204;1698665;996315136;18726912;1113063424;0;0;0;0;0;0;0;0;0;0;0;1472;0;0;89;0;80;0;
10205;2353374;996315136;18726912;1113063424;0;0;0;0;0;0;0;0;0;0;0;1433;0;0;89;0;80;0;
10206;2260750;996315136;18726912;1113063424;0;0;0;0;0;0;0;0;0;0;0;1683;0;0;89;0;80;0;
10207;5507219;996315136;18726912;1113063424;0;0;0;0;0;0;0;0;0;0;0;1894;0;0;89;0;80;0;
10208;4108525;996315136;18726912;1113063424;0;0;0;0;0;0;0;0;0;0;0;1562;0;0;89;0;80;0;
10209;1626440;996315136;18726912;1113063424;0;0;0;0;0;0;0;0;0;0;0;1573;0;0;89;0;80;0;
10210;2738255;996315136;18726912;1113063424;0;0;0;0;0;0;0;0;0;0;0;1443;0;0;89;0;80;0;
10211;2164820;996315136;18726912;1113063424;0;0;0;0;0;0;0;0;0;0;0;1433;0;0;89;0;80;0;
10212;6013748;996315136;18726912;1113063424;0;0;0;0;0;0;0;0;0;0;0;2054;0;0;89;0;80;0;
10213;4200738;996315136;18726912;1113063424;0;0;0;0;0;0;0;0;0;0;0;1383;0;0;89;0;80;0;
10214;1683347;996315136;18726912;1113063424;0;0;0;0;0;0;0;0;0;0;0;1543;0;0;89;0;80;0;
10215;2143250;996315136;18726912;1113063424;0;0;0;0;0;0;0;0;0;0;0;1503;0;0;89;0;80;0;
10216;2611177;996315136;18726912;1113063424;0;0;0;0;0;0;0;0;0;0;0;1463;0;0;89;0;80;0;
10217;6434126;996315136;18726912;1113063424;0;0;0;0;0;0;0;0;0;0;0;2134;0;0;89;0;80;0;
10218;4022163;996315136;18726912;1113063424;0;0;0;0;0;0;0;0;0;0;0;1452;0;0;89;0;80;0;
10219;1794636;996315136;18726912;1113063424;0;0;0;0;0;0;0;0;0;0;0;1433;0;0;89;0;80;0;
10220;2763252;996315136;18726912;1113063424;0;0;0;0;0;0;0;0;0;0;0;1553;0;0;89;0;80;0;
10221;2508094;996315136;18726912;1113063424;0;0;0;0;0;0;0;0;0;0;0;1543;0;0;89;0;80;0;
10222;5353760;996315136;18726912;1113063424;0;0;0;0;0;0;0;0;0;0;0;1884;0;0;89;0;80;0;
10223;3934419;996315136;18726912;1113063424;0;0;0;0;0;0;0;0;0;0;0;1362;0;0;89;0;80;0;
10224;2342352;996315136;18726912;1113063424;0;0;0;0;0;0;0;0;0;0;0;1433;0;0;89;0;80;0;
10225;1968061;996315136;18726912;1113063424;0;0;0;0;0;0;0;0;0;0;0;1423;0;0;89;0;80;0;
10226;3199791;996315136;18726912;1113063424;0;0;0;0;0;0;0;0;0;0;0;1723;0;0;89;0;80;0;
10227;6081705;996315136;18726912;1113063424;0;0;0;0;0;0;0;0;0;0;0;2645;0;0;89;0;80;0;
10228;3083743;996315136;18726912;1113063424;0;0;0;0;0;0;0;0;0;0;0;1533;0;0;89;0;80;0;
10229;1859127;996315136;18726912;1113063424;0;0;0;0;0;0;0;0;0;0;0;1483;0;0;89;0;80;0;
10230;2233398;996315136;18726912;1113063424;0;0;0;0;0;0;0;0;0;0;0;1463;0;0;89;0;80;0;
10231;1969614;996315136;18726912;1113063424;0;0;0;0;0;0;0;0;0;0;0;1523;0;0;89;0;80;0;
10232;6555985;996315136;18726912;1113063424;0;0;0;0;0;0;0;0;0;0;0;2736;0;0;89;0;80;0;
10233;3999862;996315136;18726912;1113063424;0;0;0;0;0;0;0;0;0;0;0;1453;0;0;89;0;80;0;
10234;2480001;996315136;18726912;1113063424;0;0;0;0;0;0;0;0;0;0;0;1413;0;0;89;0;80;0;
10235;3126223;996315136;18726912;1113063424;0;0;0;0;0;0;0;0;0;0;0;1302;0;0;89;0;80;0;
10236;1764399;996315136;18726912;1113063424;0;0;0;0;0;0;0;0;0;0;0;1522;0;0;89;0;80;0;
10237;5663852;996315136;18726912;1113063424;0;0;0;0;0;0;0;0;0;0;0;2144;0;0;89;0;80;0;
10238;3958194;996315136;18726912;1113063424;0;0;0;0;0;0;0;0;0;0;0;1573;0;0;89;0;80;0;
10239;3051593;996315136;18726912;1113063424;0;0;0;0;0;0;0;0;0;0;0;1613;0;0;89;0;80;0;
10240;2639330;996315136;18726912;1113063424;0;0;0;0;0;0;0;0;0;0;0;1403;0;0;89;0;80;0;
10241;2234049;996315136;18726912;1113063424;0;0;0;0;0;0;0;0;0;0;0;1533;0;0;89;0;80;0;
10242;6143281;996315136;18726912;1113063424;0;0;0;0;0;0;0;0;0;0;0;2374;0;0;89;0;80;0;
10243;4077747;996315136;18726912;1113063424;0;0;0;0;0;0;0;0;0;0;0;1693;0;0;89;0;80;0;
10244;1862503;996315136;18726912;1113063424;0;0;0;0;0;0;0;0;0;0;0;1453;0;0;89;0;80;0;
10245;2690706;996315136;18726912;1113063424;0;0;0;0;0;0;0;0;0;0;0;1533;0;0;89;0;80;0;
10246;2565892;996315136;18726912;1113063424;0;0;0;0;0;0;0;0;0;0;0;1533;0;0;89;0;80;0;
10247;5351065;996315136;18726912;1113063424;0;0;0;0;0;0;0;0;0;0;0;2504;0;0;89;0;80;0;
10248;3148575;996315136;18726912;1113063424;0;0;0;0;0;0;0;0;0;0;0;1443;0;0;89;0;80;0;
10249;1567360;996315136;18726912;1113063424;0;0;0;0;0;0;0;0;0;0;0;1413;0;0;89;0;80;0;
10250;2810090;996315136;18726912;1113063424;0;0;0;0;0;0;0;0;0;0;0;1974;0;0;89;0;80;0;
10251;2283192;996315136;18726912;1113063424;0;0;0;0;0;0;0;0;0;0;0;1423;0;0;89;0;80;0;
10252;5733783;996315136;18726912;1113063424;0;0;0;0;0;0;0;0;0;0;0;2475;0;0;89;0;80;0;
10253;3099663;996315136;18726912;1113063424;0;0;0;0;0;0;0;0;0;0;0;1824;0;0;89;0;80;0;
10254;1794376;996315136;18726912;1113063424;0;0;0;0;0;0;0;0;0;0;0;1373;0;0;89;0;80;0;
10255;2431921;996315136;18726912;1113063424;0;0;0;0;0;0;0;0;0;0;0;1783;0;0;89;0;80;0;
10256;1978861;996315136;18726912;1113063424;0;0;0;0;0;0;0;0;0;0;0;1202;0;0;89;0;80;0;
10257;5710489;996315136;18726912;1113063424;0;0;0;0;0;0;0;0;0;0;0;1924;0;0;89;0;80;0;
10258;5095777;996315136;18726912;1113063424;0;0;0;0;0;0;0;0;0;0;0;1833;0;0;89;0;80;0;
10259;2235733;996315136;18726912;1113063424;0;0;0;0;0;0;0;0;0;0;0;1673;0;0;89;0;80;0;
10260;2631044;996315136;18726912;1113063424;0;0;0;0;0;0;0;0;0;0;0;1513;0;0;89;0;80;0;
10261;2314470;996315136;18726912;1113063424;0;0;0;0;0;0;0;0;0;0;0;1894;0;0;89;0;80;0;
10262;5844450;996315136;18726912;1113063424;0;0;0;0;0;0;0;0;0;0;0;1683;0;0;89;0;80;0;
10263;5320879;996315136;18726912;1113063424;0;0;0;0;0;0;0;0;0;0;0;1423;0;0;89;0;80;0;
10264;2160572;996315136;18726912;1113063424;0;0;0;0;0;0;0;0;0;0;0;1643;0;0;89;0;80;0;
10265;2320121;996315136;18726912;1113063424;0;0;0;0;0;0;0;0;0;0;0;1473;0;0;89;0;80;0;
10266;1698626;996315136;18726912;1113063424;0;0;0;0;0;0;0;0;0;0;0;1764;0;0;89;0;80;0;
10267;6080673;996315136;18726912;1113063424;0;0;0;0;0;0;0;0;0;0;0;1934;0;0;89;0;80;0;
10268;5260976;996315136;18726912;1113063424;0;0;0;0;0;0;0;0;0;0;0;1623;0;0;89;0;80;0;
10269;2035046;996315136;18726912;1113063424;0;0;0;0;0;0;0;0;0;0;0;1473;0;0;89;0;80;0;
10270;3189421;996315136;18726912;1113063424;0;0;0;0;0;0;0;0;0;0;0;1723;0;0;89;0;80;0;
10271;2391044;996315136;18726912;1113063424;0;0;0;0;0;0;0;0;0;0;0;1703;0;0;89;0;80;0;
10272;5616423;996315136;18726912;1113063424;0;0;0;0;0;0;0;0;0;0;0;2534;0;0;89;0;80;0;
10273;3602877;996315136;18726912;1113063424;0;0;0;0;0;0;0;0;0;0;0;1753;0;0;89;0;80;0;
10274;1950357;996315136;18726912;1113063424;0;0;0;0;0;0;0;0;0;0;0;1693;0;0;89;0;80;0;
10275;2855786;996315136;18726912;1113063424;0;0;0;0;0;0;0;0;0;0;0;1663;0;0;89;0;80;0;
10276;2027994;996315136;18726912;1113063424;0;0;0;0;0;0;0;0;0;0;0;1422;0;0;89;0;80;0;
10277;5337520;996315136;18726912;1113063424;0;0;0;0;0;0;0;0;0;0;0;2204;0;0;89;0;80;0;
10278;4131959;996315136;18726912;1113063424;0;0;0;0;0;0;0;0;0;0;0;1412;0;0;89;0;80;0;
10279;2771157;996315136;18726912;1113063424;0;0;0;0;0;0;0;0;0;0;0;1443;0;0;89;0;80;0;
10280;3446433;996315136;18726912;1113063424;0;0;0;0;0;0;0;0;0;0;0;1252;0;0;89;0;80;0;
10281;1872652;996315136;18726912;1113063424;0;0;0;0;0;0;0;0;0;0;0;1473;0;0;89;0;80;0;
10282;5683549;996315136;18726912;1113063424;0;0;0;0;0;0;0;0;0;0;0;1983;0;0;89;0;80;0;
10283;3242571;996315136;18726912;1113063424;0;0;0;0;0;0;0;0;0;0;0;1924;0;0;89;0;80;0;
10284;2236004;996315136;18726912;1113063424;0;0;0;0;0;0;0;0;0;0;0;1422;0;0;89;0;80;0;
10285;3528668;996315136;18726912;1113063424;0;0;0;0;0;0;0;0;0;0;0;1563;0;0;89;0;80;0;
10286;5719546;996315136;18726912;1113063424;0;0;0;0;0;0;0;0;0;0;0;1904;0;0;89;0;80;0;
10287;3866331;996315136;18726912;1113063424;0;0;0;0;0;0;0;0;0;0;0;1522;0;0;89;0;80;0;
10288;2105258;996315136;18726912;1113063424;0;0;0;0;0;0;0;0;0;0;0;1473;0;0;89;0;80;0;
10289;2616217;996315136;18726912;1113063424;0;0;0;0;0;0;0;0;0;0;0;1563;0;0;89;0;80;0;
10290;6273205;996315136;18726912;1113063424;0;0;0;0;0;0;0;0;0;0;0;2184;0;0;89;0;80;0;
10291;3807510;996311040;18714624;1113051136;0;0;0;0;0;0;0;0;0;0;0;2224;0;0;89;0;80;0;
10292;2317767;996311040;18714624;1113051136;0;0;0;0;0;0;0;0;0;0;0;1472;0;0;89;0;80;0;
10293;2574759;996311040;18714624;1113051136;0;0;0;0;0;0;0;0;0;0;0;1633;0;0;89;0;80;0;
10294;5347749;996311040;18714624;1113051136;0;0;0;0;0;0;0;0;0;0;0;1783;0;0;89;0;80;0;
10295;5321019;996311040;18714624;1113051136;0;0;0;0;0;0;0;0;0;0;0;1673;0;0;89;0;80;0;
10296;2215565;996311040;18714624;1113051136;0;0;0;0;0;0;0;0;0;0;0;1423;0;0;89;0;80;0;
10297;2174117;996311040;18714624;1113051136;0;0;0;0;0;0;0;0;0;0;0;1683;0;0;89;0;80;0;
10298;6060696;996311040;18714624;1113051136;0;0;0;0;0;0;0;0;0;0;0;1883;0;0;89;0;80;0;
10299;3764780;996311040;18714624;1113051136;0;0;0;0;0;0;0;0;0;0;0;1663;0;0;89;0;80;0;
10300;2886223;996311040;18714624;1113051136;0;0;0;0;0;0;0;0;0;0;0;1683;0;0;89;0;80;0;
10301;2751359;996311040;18714624;1113051136;0;0;0;0;0;0;0;0;0;0;0;1834;0;0;89;0;80;0;
10302;4469532;996311040;18714624;1113051136;0;0;0;0;0;0;0;0;0;0;0;1402;0;0;89;0;80;0;
10303;5456984;996311040;18718720;1113055232;0;0;0;0;0;0;0;0;0;0;0;2785;0;0;89;0;80;0;
10304;2345559;996311040;18718720;1113055232;0;0;0;0;0;0;0;0;0;0;0;1483;0;0;89;0;80;0;
10305;2699482;996311040;18718720;1113055232;0;0;0;0;0;0;0;0;0;0;0;1342;0;0;89;0;80;0;
10306;6249650;996311040;18718720;1113055232;0;0;0;0;0;0;0;0;0;0;0;1512;0;0;89;0;80;0;
10307;5009084;996311040;18718720;1113055232;0;0;0;0;0;0;0;0;0;0;0;1853;0;0;89;0;80;0;
10308;2586921;996311040;18718720;1113055232;0;0;0;0;0;0;0;0;0;0;0;1563;0;0;89;0;80;0;
10309;1959676;996311040;18718720;1113055232;0;0;0;0;0;0;0;0;0;0;0;1613;0;0;89;0;80;0;
10310;6309383;996311040;18718720;1113055232;0;0;0;0;0;0;0;0;0;0;0;1523;0;0;89;0;80;0;
10311;3936422;996311040;18718720;1113055232;0;0;0;0;0;0;0;0;0;0;0;2434;0;0;89;0;80;0;
10312;6187694;996311040;18722816;1113059328;0;0;0;0;0;0;0;0;0;0;0;1953;0;0;89;0;80;0;
10313;4042341;996311040;18722816;1113059328;0;0;0;0;0;0;0;0;0;0;0;1593;0;0;89;0;80;0;
10314;6215747;996311040;18722816;1113059328;0;0;0;0;0;0;0;0;0;0;0;2104;0;0;89;0;80;0;
10315;3636710;996311040;18722816;1113059328;0;0;0;0;0;0;0;0;0;0;0;1653;0;0;89;0;80;0;
10316;5551271;996311040;18722816;1113059328;0;0;0;0;0;0;0;0;0;0;0;1482;0;0;89;0;80;0;
10317;2765035;996311040;18722816;1113059328;0;0;0;0;0;0;0;0;0;0;0;1583;0;0;89;0;80;0;
10318;6256784;996311040;18722816;1113059328;0;0;0;0;0;0;0;0;0;0;0;2284;0;0;89;0;80;0;
10319;3057805;989700096;12103680;1106440192;0;0;0;0;0;0;0;0;0;0;0;1793;0;0;89;0;80;0;
10320;5442096;989700096;12103680;1106440192;0;0;0;0;0;0;0;0;0;0;0;1643;0;0;89;0;80;0;
10321;3079496;989700096;12103680;1106440192;0;0;0;0;0;0;0;0;0;0;0;1753;0;0;89;0;80;0;
10322;5425595;989700096;12103680;1106440192;0;0;0;0;0;0;0;0;0;0;0;2284;0;0;89;0;80;0;
10323;4397567;989700096;12103680;1106440192;0;0;0;0;0;0;0;0;0;0;0;1613;0;0;89;0;80;0;
10324;6616869;989700096;12103680;1106440192;0;0;0;0;0;0;0;0;0;0;0;1663;0;0;89;0;80;0;
10325;3498411;989700096;12103680;1106440192;0;0;0;0;0;0;0;0;0;0;0;1443;0;0;89;0;80;0;
10326;6780566;989700096;12103680;1106440192;0;0;0;0;0;0;0;0;0;0;0;2414;0;0;89;0;80;0;
10327;3812289;989700096;12103680;1106440192;0;0;0;0;0;0;0;0;0;0;0;1362;0;0;89;0;80;0;
10328;5554857;989700096;12103680;1106440192;0;0;0;0;0;0;0;0;0;0;0;1683;0;0;89;0;80;0;
10329;3425354;989700096;12103680;1106440192;0;0;0;0;0;0;0;0;0;0;0;1693;0;0;89;0;80;0;
10330;5410947;989700096;12103680;1106440192;0;0;0;0;0;0;0;0;0;0;0;1884;0;0;89;0;80;0;
10331;3812611;989700096;12103680;1106440192;0;0;0;0;0;0;0;0;0;0;0;1904;0;0;89;0;80;0;
10332;5980847;989700096;12103680;1106440192;0;0;0;0;0;0;0;0;0;0;0;2425;0;0;89;0;80;0;
10333;4063550;989700096;12103680;1106440192;0;0;0;0;0;0;0;0;0;0;0;1563;0;0;89;0;80;0;
10334;5040092;989700096;12103680;1106440192;0;0;0;0;0;0;0;0;0;0;0;2074;0;0;89;0;80;0;
10335;3010095;989700096;12103680;1106440192;0;0;0;0;0;0;0;0;0;0;0;1473;0;0;89;0;80;0;
10336;6468431;992870400;18718720;1113055232;0;0;0;0;0;0;0;0;0;0;0;3738;0;0;89;0;80;0;
10337;3225499;994967552;18718720;1113055232;0;0;0;0;0;0;0;0;0;0;0;30658;0;0;89;0;80;0;
10338;5171729;994967552;18718720;1113055232;0;0;0;0;0;0;0;0;0;0;0;1753;0;0;89;0;80;0;
10339;3856383;994967552;18718720;1113055232;0;0;0;0;0;0;0;0;0;0;0;1513;0;0;89;0;80;0;
10340;6103136;994967552;18718720;1113055232;0;0;0;0;0;0;0;0;0;0;0;1863;0;0;89;0;80;0;
10341;2894548;994967552;18718720;1113055232;0;0;0;0;0;0;0;0;0;0;0;2194;0;0;89;0;80;0;
10342;5649324;994967552;18718720;1113055232;0;0;0;0;0;0;0;0;0;0;0;74610;0;0;89;0;80;0;
10343;4870154;989601792;13180928;1107517440;0;0;0;0;0;0;0;0;0;0;0;1513;0;0;89;0;80;0;
10344;5246109;989601792;13180928;1107517440;0;0;0;0;0;0;0;0;0;0;0;2185;0;0;89;0;80;0;
10345;3725196;989601792;13180928;1107517440;0;0;0;0;0;0;0;0;0;0;0;1984;0;0;89;0;80;0;
10346;6362893;989601792;13180928;1107517440;0;0;0;0;0;0;0;0;0;0;0;2164;0;0;89;0;80;0;
10347;6387148;989601792;13180928;1107517440;0;0;0;0;0;0;0;0;0;0;0;1553;0;0;89;0;80;0;
10348;8859485;989601792;13180928;1107517440;0;0;0;0;0;0;0;0;0;0;0;2334;0;0;89;0;80;0;
10349;4984087;989601792;13180928;1107517440;0;0;0;0;0;0;0;0;0;0;0;2535;0;0;89;0;80;0;
10350;6107885;989601792;13180928;1107517440;0;0;0;0;0;0;0;0;0;0;0;2996;0;0;89;0;80;0;
10351;5821237;989601792;13180928;1107517440;0;0;0;0;0;0;0;0;0;0;0;3617;0;0;89;0;80;0;
10352;7916757;989601792;13180928;1107517440;0;0;0;0;0;0;0;0;0;0;0;4688;0;0;89;0;80;0;
10353;6293122;989601792;13180928;1107517440;0;0;0;0;0;0;0;0;0;0;0;3446;0;0;89;0;80;0;
10354;6608784;989601792;13180928;1107517440;0;0;0;0;0;0;0;0;0;0;0;4288;0;0;89;0;80;0;
10355;7192108;989601792;13180928;1107517440;0;0;0;0;0;0;0;0;0;0;0;3777;0;0;89;0;80;0;
10356;7634998;989601792;13180928;1107517440;0;0;0;0;0;0;0;0;0;0;0;4228;0;0;89;0;80;0;
10357;7389007;989601792;13180928;1107517440;0;0;0;0;0;0;0;0;0;0;0;4548;0;0;89;0;80;0;
10358;7099534;989601792;13180928;1107517440;0;0;0;0;0;0;0;0;0;0;0;4769;0;0;89;0;80;0;
10359;9083335;989601792;13180928;1107517440;0;0;0;0;0;0;0;0;0;0;0;4338;0;0;89;0;80;0;
10360;7549499;992231424;18726912;1113063424;0;0;0;0;0;0;0;0;0;0;0;5630;0;0;89;0;80;0;
10361;5498131;994328576;18726912;1113063424;0;0;0;0;0;0;0;0;0;0;0;4468;0;0;89;0;80;0;
10362;6203314;994865152;18726912;1113063424;0;0;0;0;0;0;0;0;0;0;0;3086;0;0;89;0;80;0;
10363;5866922;994865152;18726912;1113063424;0;0;0;0;0;0;0;0;0;0;0;3987;0;0;89;0;80;0;
10364;7479266;994865152;18726912;1113063424;0;0;0;0;0;0;0;0;0;0;0;4088;0;0;89;0;80;0;
10365;5900926;994865152;18726912;1113063424;0;0;0;0;0;0;0;0;0;0;0;5060;0;0;89;0;80;0;
10366;7908120;994865152;18726912;1113063424;0;0;0;0;0;0;0;0;0;0;0;4007;0;0;89;0;80;0;
10367;6617701;989433856;12103680;1106440192;0;0;0;0;0;0;0;0;0;0;0;4419;0;0;89;0;80;0;
10368;5807922;989433856;12103680;1106440192;0;0;0;0;0;0;0;0;0;0;0;3647;0;0;89;0;80;0;
10369;3162551;989433856;12103680;1106440192;0;0;0;0;0;0;0;0;0;0;0;3136;0;0;89;0;80;0;
10370;6207341;989433856;12103680;1106440192;0;0;0;0;0;0;0;0;0;0;0;3276;0;0;89;0;80;0;
10371;5268721;989433856;12103680;1106440192;0;0;0;0;0;0;0;0;0;0;0;3366;0;0;89;0;80;0;
10372;6381638;989433856;12103680;1106440192;0;0;0;0;0;0;0;0;0;0;0;3957;0;0;89;0;80;0;
10373;4239050;989433856;12103680;1106440192;0;0;0;0;0;0;0;0;0;0;0;3526;0;0;89;0;80;0;
10374;5787704;989433856;12103680;1106440192;0;0;0;0;0;0;0;0;0;0;0;4489;0;0;89;0;80;0;
10375;5226932;989433856;12103680;1106440192;0;0;0;0;0;0;0;0;0;0;0;3115;0;0;89;0;80;0;
10376;6456068;989433856;12103680;1106440192;0;0;0;0;0;0;0;0;0;0;0;3537;0;0;89;0;80;0;
10377;4326224;989433856;12103680;1106440192;0;0;0;0;0;0;0;0;0;0;0;2715;0;0;89;0;80;0;
10378;5773878;989433856;12103680;1106440192;0;0;0;0;0;0;0;0;0;0;0;3476;0;0;89;0;80;0;
10379;10839779;989433856;12103680;1106440192;0;0;0;0;0;0;0;0;0;0;0;4227;0;0;89;0;80;0;
10380;7057215;989433856;12103680;1106440192;0;0;0;0;0;0;0;0;0;0;0;3727;0;0;89;0;80;0;
10381;4737245;989433856;12103680;1106440192;0;0;0;0;0;0;0;0;0;0;0;4008;0;0;89;0;80;0;
10382;6500952;989433856;12103680;1106440192;0;0;0;0;0;0;0;0;0;0;0;3887;0;0;89;0;80;0;
10383;4842001;989433856;12103680;1106440192;0;0;0;0;0;0;0;0;0;0;0;3667;0;0;89;0;80;0;
10384;10982196;992604160;18718720;1113055232;0;0;0;0;0;0;0;0;0;0;0;4568;0;0;89;0;80;0;
10385;4750269;994701312;18718720;1113055232;0;0;0;0;0;0;0;0;0;0;0;4148;0;0;89;0;80;0;
10386;5988952;994701312;18718720;1113055232;0;0;0;0;0;0;0;0;0;0;0;3817;0;0;89;0;80;0;
10387;4740911;994701312;18718720;1113055232;0;0;0;0;0;0;0;0;0;0;0;3367;0;0;89;0;80;0;
10388;6030851;994701312;18718720;1113055232;0;0;0;0;0;0;0;0;0;0;0;3317;0;0;89;0;80;0;
10389;3926043;994701312;18718720;1113055232;0;0;0;0;0;0;0;0;0;0;0;3466;0;0;89;0;80;0;
10390;5811288;994701312;18718720;1113055232;0;0;0;0;0;0;0;0;0;0;0;2575;0;0;89;0;80;0;
10391;5039591;989601792;13180928;1107517440;0;0;0;0;0;0;0;0;0;0;0;3967;0;0;89;0;80;0;
10392;5598439;989601792;13180928;1107517440;0;0;0;0;0;0;0;0;0;0;0;4047;0;0;89;0;80;0;
10393;3549947;989601792;13180928;1107517440;0;0;0;0;0;0;0;0;0;0;0;3627;0;0;89;0;80;0;
10394;6243639;989601792;13180928;1107517440;0;0;0;0;0;0;0;0;0;0;0;4228;0;0;89;0;80;0;
10395;4907123;989601792;13180928;1107517440;0;0;0;0;0;0;0;0;0;0;0;3897;0;0;89;0;80;0;
10396;5115313;989601792;13180928;1107517440;0;0;0;0;0;0;0;0;0;0;0;2485;0;0;89;0;80;0;
10397;4529174;989601792;13180928;1107517440;0;0;0;0;0;0;0;0;0;0;0;1754;0;0;89;0;80;0;
10398;6518124;989601792;13180928;1107517440;0;0;0;0;0;0;0;0;0;0;0;3116;0;0;89;0;80;0;
10399;3536532;989601792;13180928;1107517440;0;0;0;0;0;0;0;0;0;0;0;1293;0;0;89;0;80;0;
10400;5070279;989601792;13180928;1107517440;0;0;0;0;0;0;0;0;0;0;0;1793;0;0;89;0;80;0;
10401;3563252;989601792;13180928;1107517440;0;0;0;0;0;0;0;0;0;0;0;1854;0;0;89;0;80;0;
10402;4916170;989601792;13180928;1107517440;0;0;0;0;0;0;0;0;0;0;0;2164;0;0;89;0;80;0;
10403;3364089;989601792;13180928;1107517440;0;0;0;0;0;0;0;0;0;0;0;1522;0;0;89;0;80;0;
10404;4879481;989601792;13180928;1107517440;0;0;0;0;0;0;0;0;0;0;0;1833;0;0;89;0;80;0;
10405;3083894;989601792;13180928;1107517440;0;0;0;0;0;0;0;0;0;0;0;1443;0;0;89;0;80;0;
10406;5784899;992231424;18718720;1113055232;0;0;0;0;0;0;0;0;0;0;0;2655;0;0;89;0;80;0;
10407;2469732;994328576;18718720;1113055232;0;0;0;0;0;0;0;0;0;0;0;1653;0;0;89;0;80;0;
10408;4621467;994865152;18718720;1113055232;0;0;0;0;0;0;0;0;0;0;0;1933;0;0;89;0;80;0;
10409;4174088;994865152;18718720;1113055232;0;0;0;0;0;0;0;0;0;0;0;1894;0;0;89;0;80;0;
10410;5087270;994865152;18718720;1113055232;0;0;0;0;0;0;0;0;0;0;0;2034;0;0;89;0;80;0;
10411;3779167;994865152;18718720;1113055232;0;0;0;0;0;0;0;0;0;0;0;1683;0;0;89;0;80;0;
10412;5507950;994865152;18718720;1113055232;0;0;0;0;0;0;0;0;0;0;0;1974;0;0;89;0;80;0;
10413;3582108;989458432;12103680;1106440192;0;0;0;0;0;0;0;0;0;0;0;2264;0;0;89;0;80;0;
10414;4780876;989458432;12103680;1106440192;0;0;0;0;0;0;0;0;0;0;0;1904;0;0;89;0;80;0;
10415;2950514;989458432;12103680;1106440192;0;0;0;0;0;0;0;0;0;0;0;1462;0;0;89;0;80;0;
10416;5107519;989458432;12103680;1106440192;0;0;0;0;0;0;0;0;0;0;0;2124;0;0;89;0;80;0;
10417;3929489;989458432;12103680;1106440192;0;0;0;0;0;0;0;0;0;0;0;1844;0;0;89;0;80;0;
10418;5550870;989458432;12103680;1106440192;0;0;0;0;0;0;0;0;0;0;0;2054;0;0;89;0;80;0;
10419;2975581;989458432;12103680;1106440192;0;0;0;0;0;0;0;0;0;0;0;1573;0;0;89;0;80;0;
10420;4987223;989458432;12103680;1106440192;0;0;0;0;0;0;0;0;0;0;0;1624;0;0;89;0;80;0;
10421;3098080;989458432;12103680;1106440192;0;0;0;0;0;0;0;0;0;0;0;1383;0;0;89;0;80;0;
10422;4736823;989458432;12103680;1106440192;0;0;0;0;0;0;0;0;0;0;0;1512;0;0;89;0;80;0;
10423;3274190;989458432;12103680;1106440192;0;0;0;0;0;0;0;0;0;0;0;1483;0;0;89;0;80;0;
10424;5683749;989458432;12103680;1106440192;0;0;0;0;0;0;0;0;0;0;0;2134;0;0;89;0;80;0;
10425;2544351;989458432;12103680;1106440192;0;0;0;0;0;0;0;0;0;0;0;1673;0;0;89;0;80;0;
10426;4944042;989458432;12103680;1106440192;0;0;0;0;0;0;0;0;0;0;0;2254;0;0;89;0;80;0;
10427;2605026;989458432;12103680;1106440192;0;0;0;0;0;0;0;0;0;0;0;1543;0;0;89;0;80;0;
10428;5450762;989458432;12103680;1106440192;0;0;0;0;0;0;0;0;0;0;0;1854;0;0;89;0;80;0;
10429;3940901;989458432;12103680;1106440192;0;0;0;0;0;0;0;0;0;0;0;2244;0;0;89;0;80;0;
10430;6345581;992628736;18718720;1113055232;0;0;0;0;0;0;0;0;0;0;0;2575;0;0;89;0;80;0;
10431;4013898;994725888;18718720;1113055232;0;0;0;0;0;0;0;0;0;0;0;2044;0;0;89;0;80;0;
10432;5579845;994725888;18718720;1113055232;0;0;0;0;0;0;0;0;0;0;0;1924;0;0;89;0;80;0;
10433;3344983;994725888;18718720;1113055232;0;0;0;0;0;0;0;0;0;0;0;1623;0;0;89;0;80;0;
10434;4491564;994725888;18718720;1113055232;0;0;0;0;0;0;0;0;0;0;0;1793;0;0;89;0;80;0;
10435;2207600;994725888;18718720;1113055232;0;0;0;0;0;0;0;0;0;0;0;1452;0;0;89;0;80;0;
10436;4996541;994725888;18718720;1113055232;0;0;0;0;0;0;0;0;0;0;0;1753;0;0;89;0;80;0;
10437;3382023;989601792;13180928;1107517440;0;0;0;0;0;0;0;0;0;0;0;1743;0;0;89;0;80;0;
10438;5186126;989601792;13180928;1107517440;0;0;0;0;0;0;0;0;0;0;0;2234;0;0;89;0;80;0;
10439;3405126;989601792;13180928;1107517440;0;0;0;0;0;0;0;0;0;0;0;1714;0;0;89;0;80;0;
10440;5389277;989601792;13180928;1107517440;0;0;0;0;0;0;0;0;0;0;0;2054;0;0;89;0;80;0;
10441;4183686;989601792;13180928;1107517440;0;0;0;0;0;0;0;0;0;0;0;1593;0;0;89;0;80;0;
10442;5149838;989601792;13180928;1107517440;0;0;0;0;0;0;0;0;0;0;0;2234;0;0;89;0;80;0;
10443;2948489;989601792;13180928;1107517440;0;0;0;0;0;0;0;0;0;0;0;1724;0;0;89;0;80;0;
10444;4962597;989601792;13180928;1107517440;0;0;0;0;0;0;0;0;0;0;0;1804;0;0;89;0;80;0;
10445;3749001;989601792;13180928;1107517440;0;0;0;0;0;0;0;0;0;0;0;1443;0;0;89;0;80;0;
10446;5547454;989601792;13180928;1107517440;0;0;0;0;0;0;0;0;0;0;0;1984;0;0;89;0;80;0;
10447;3352808;989601792;13180928;1107517440;0;0;0;0;0;0;0;0;0;0;0;2364;0;0;89;0;80;0;
10448;5807261;989601792;13180928;1107517440;0;0;0;0;0;0;0;0;0;0;0;2064;0;0;89;0;80;0;
10449;4010542;989601792;13180928;1107517440;0;0;0;0;0;0;0;0;0;0;0;2033;0;0;89;0;80;0;
10450;4918103;989601792;13180928;1107517440;0;0;0;0;0;0;0;0;0;0;0;2374;0;0;89;0;80;0;
10451;3540680;989601792;13180928;1107517440;0;0;0;0;0;0;0;0;0;0;0;1774;0;0;89;0;80;0;
10452;4977945;989601792;13180928;1107517440;0;0;0;0;0;0;0;0;0;0;0;1904;0;0;89;0;80;0;
10453;3137904;989601792;13180928;1107517440;0;0;0;0;0;0;0;0;0;0;0;1282;0;0;89;0;80;0;
10454;5271596;992231424;18718720;1113055232;0;0;0;0;0;0;0;0;0;0;0;2605;0;0;89;0;80;0;
10455;4732635;994328576;18718720;1113055232;0;0;0;0;0;0;0;0;0;0;0;2916;0;0;89;0;80;0;
10456;5278960;994865152;18718720;1113055232;0;0;0;0;0;0;0;0;0;0;0;2495;0;0;89;0;80;0;
10457;3446323;994865152;18718720;1113055232;0;0;0;0;0;0;0;0;0;0;0;1844;0;0;89;0;80;0;
10458;4849535;994865152;18718720;1113055232;0;0;0;0;0;0;0;0;0;0;0;150482;0;0;89;0;80;0;
10459;2959791;994865152;18718720;1113055232;0;0;0;0;0;0;0;0;0;0;0;1563;0;0;89;0;80;0;
10460;4959651;994865152;18718720;1113055232;0;0;0;0;0;0;0;0;0;0;0;1793;0;0;89;0;80;0;
10461;3501476;989483008;12103680;1106440192;0;0;0;0;0;0;0;0;0;0;0;2194;0;0;89;0;80;0;
10462;5206605;989483008;12111872;1106448384;0;0;0;0;0;0;0;0;0;0;0;2405;0;0;89;0;80;0;
10463;3742859;989483008;12111872;1106448384;0;0;0;0;0;0;0;0;0;0;0;2014;0;0;89;0;80;0;
10464;2953930;992653312;18726912;1113063424;0;0;0;0;0;0;0;0;0;0;0;2184;0;0;89;0;80;0;
10465;2353224;994750464;18726912;1113063424;0;0;0;0;0;0;0;0;0;0;0;1723;0;0;89;0;80;0;
10466;1892109;994750464;18726912;1113063424;0;0;0;0;0;0;0;0;0;0;0;1483;0;0;89;0;80;0;
10467;4707658;994750464;18726912;1113063424;0;0;0;0;0;0;0;0;0;0;0;1974;0;0;89;0;80;0;
10468;3546742;994750464;18726912;1113063424;0;0;0;0;0;0;0;0;0;0;0;1553;0;0;89;0;80;0;
10469;5005147;994750464;18726912;1113063424;0;0;0;0;0;0;0;0;0;0;0;1603;0;0;89;0;80;0;
10470;2813126;994750464;18726912;1113063424;0;0;0;0;0;0;0;0;0;0;0;1603;0;0;89;0;80;0;
10471;5412581;994750464;18726912;1113063424;0;0;0;0;0;0;0;0;0;0;0;2294;0;0;89;0;80;0;
10472;3183270;994926592;18722816;1113059328;0;0;0;0;0;0;0;0;0;0;0;1744;0;0;89;0;80;0;
10473;5416589;994926592;18722816;1113059328;0;0;0;0;0;0;0;0;0;0;0;2575;0;0;89;0;80;0;
10474;3654643;989605888;13185024;1107521536;0;0;0;0;0;0;0;0;0;0;0;1963;0;0;89;0;80;0;
10475;4957267;989605888;13185024;1107521536;0;0;0;0;0;0;0;0;0;0;0;1703;0;0;89;0;80;0;
10476;3473184;989601792;13180928;1107517440;0;0;0;0;0;0;0;0;0;0;0;1513;0;0;89;0;80;0;
10477;4918324;992231424;18718720;1113055232;0;0;0;0;0;0;0;0;0;0;0;2415;0;0;89;0;80;0;
10478;3447445;994328576;18718720;1113055232;0;0;0;0;0;0;0;0;0;0;0;1583;0;0;89;0;80;0;
10479;5168733;994865152;18718720;1113055232;0;0;0;0;0;0;0;0;0;0;0;2044;0;0;89;0;80;0;
10480;3926654;994865152;18718720;1113055232;0;0;0;0;0;0;0;0;0;0;0;1643;0;0;89;0;80;0;
10481;5446034;994865152;18718720;1113055232;0;0;0;0;0;0;0;0;0;0;0;2044;0;0;89;0;80;0;
10482;2780905;994865152;18718720;1113055232;0;0;0;0;0;0;0;0;0;0;0;1573;0;0;89;0;80;0;
10483;4876345;994865152;18718720;1113055232;0;0;0;0;0;0;0;0;0;0;0;2645;0;0;89;0;80;0;
10484;3169124;989495296;12103680;1106440192;0;0;0;0;0;0;0;0;0;0;0;1964;0;0;89;0;80;0;
10485;4444966;989495296;12103680;1106440192;0;0;0;0;0;0;0;0;0;0;0;1543;0;0;89;0;80;0;
10486;3390939;989495296;12103680;1106440192;0;0;0;0;0;0;0;0;0;0;0;1493;0;0;89;0;80;0;
10487;5168402;989495296;12103680;1106440192;0;0;0;0;0;0;0;0;0;0;0;2224;0;0;89;0;80;0;
10488;2996279;989495296;12103680;1106440192;0;0;0;0;0;0;0;0;0;0;0;1774;0;0;89;0;80;0;
10489;5748721;989495296;12103680;1106440192;0;0;0;0;0;0;0;0;0;0;0;2174;0;0;89;0;80;0;
10490;2991040;989495296;12103680;1106440192;0;0;0;0;0;0;0;0;0;0;0;1443;0;0;89;0;80;0;
10491;4533392;989495296;12103680;1106440192;0;0;0;0;0;0;0;0;0;0;0;2896;0;0;89;0;80;0;
10492;3748480;989495296;12103680;1106440192;0;0;0;0;0;0;0;0;0;0;0;1833;0;0;89;0;80;0;
10493;5285963;989495296;12103680;1106440192;0;0;0;0;0;0;0;0;0;0;0;2114;0;0;89;0;80;0;
10494;3067142;989495296;12103680;1106440192;0;0;0;0;0;0;0;0;0;0;0;1653;0;0;89;0;80;0;
10495;4916491;989495296;12103680;1106440192;0;0;0;0;0;0;0;0;0;0;0;2304;0;0;89;0;80;0;
10496;4314431;989495296;12103680;1106440192;0;0;0;0;0;0;0;0;0;0;0;2614;0;0;89;0;80;0;
10497;5291864;989495296;12103680;1106440192;0;0;0;0;0;0;0;0;0;0;0;2194;0;0;89;0;80;0;
10498;2950924;989495296;12103680;1106440192;0;0;0;0;0;0;0;0;0;0;0;1894;0;0;89;0;80;0;
10499;5516355;989495296;12103680;1106440192;0;0;0;0;0;0;0;0;0;0;0;4539;0;0;89;0;80;0;
10500;5065811;989495296;12103680;1106440192;0;0;0;0;0;0;0;0;0;0;0;3947;0;0;89;0;80;0;
10501;6486034;992665600;18718720;1113055232;0;0;0;0;0;0;0;0;0;0;0;3106;0;0;89;0;80;0;
10502;3985154;994762752;18718720;1113055232;0;0;0;0;0;0;0;0;0;0;0;2856;0;0;89;0;80;0;
10503;5712924;994762752;18718720;1113055232;0;0;0;0;0;0;0;0;0;0;0;2665;0;0;89;0;80;0;
10504;2708269;994762752;18718720;1113055232;0;0;0;0;0;0;0;0;0;0;0;2866;0;0;89;0;80;0;
10505;4940105;994762752;18718720;1113055232;0;0;0;0;0;0;0;0;0;0;0;2454;0;0;89;0;80;0;
10506;3063165;994762752;18718720;1113055232;0;0;0;0;0;0;0;0;0;0;0;2094;0;0;89;0;80;0;
10507;5690551;994762752;18718720;1113055232;0;0;0;0;0;0;0;0;0;0;0;2815;0;0;89;0;80;0;
10508;3279410;989601792;13180928;1107517440;0;0;0;0;0;0;0;0;0;0;0;3206;0;0;89;0;80;0;
10509;5059920;989601792;13180928;1107517440;0;0;0;0;0;0;0;0;0;0;0;2996;0;0;89;0;80;0;
10510;4022985;989601792;13180928;1107517440;0;0;0;0;0;0;0;0;0;0;0;2886;0;0;89;0;80;0;
10511;5157162;989601792;13180928;1107517440;0;0;0;0;0;0;0;0;0;0;0;2615;0;0;89;0;80;0;
10512;3245406;989601792;13180928;1107517440;0;0;0;0;0;0;0;0;0;0;0;2795;0;0;89;0;80;0;
10513;4888949;989601792;13180928;1107517440;0;0;0;0;0;0;0;0;0;0;0;2434;0;0;89;0;80;0;
10514;3856412;989601792;13180928;1107517440;0;0;0;0;0;0;0;0;0;0;0;2435;0;0;89;0;80;0;
10515;5384057;989601792;13180928;1107517440;0;0;0;0;0;0;0;0;0;0;0;3106;0;0;89;0;80;0;
10516;2980439;989601792;13180928;1107517440;0;0;0;0;0;0;0;0;0;0;0;2355;0;0;89;0;80;0;
10517;4960012;989601792;13180928;1107517440;0;0;0;0;0;0;0;0;0;0;0;2836;0;0;89;0;80;0;
10518;3355212;989601792;13180928;1107517440;0;0;0;0;0;0;0;0;0;0;0;2455;0;0;89;0;80;0;
10519;5882251;989601792;13180928;1107517440;0;0;0;0;0;0;0;0;0;0;0;3587;0;0;89;0;80;0;
10520;3203197;989601792;13180928;1107517440;0;0;0;0;0;0;0;0;0;0;0;3116;0;0;89;0;80;0;
10521;5079996;989601792;13180928;1107517440;0;0;0;0;0;0;0;0;0;0;0;3166;0;0;89;0;80;0;
10522;3076069;989601792;13180928;1107517440;0;0;0;0;0;0;0;0;0;0;0;1934;0;0;89;0;80;0;
10523;5058978;989601792;13180928;1107517440;0;0;0;0;0;0;0;0;0;0;0;3145;0;0;89;0;80;0;
10524;3954566;989601792;13180928;1107517440;0;0;0;0;0;0;0;0;0;0;0;3737;0;0;89;0;80;0;
10525;5554938;992231424;18718720;1113055232;0;0;0;0;0;0;0;0;0;0;0;3126;0;0;89;0;80;0;
10526;3775360;994328576;18718720;1113055232;0;0;0;0;0;0;0;0;0;0;0;2946;0;0;89;0;80;0;
10527;4868931;994865152;18718720;1113055232;0;0;0;0;0;0;0;0;0;0;0;2755;0;0;89;0;80;0;
10528;2738525;994865152;18718720;1113055232;0;0;0;0;0;0;0;0;0;0;0;2726;0;0;89;0;80;0;
10529;5138316;994865152;18718720;1113055232;0;0;0;0;0;0;0;0;0;0;0;2545;0;0;89;0;80;0;
10530;3513328;994865152;18718720;1113055232;0;0;0;0;0;0;0;0;0;0;0;1703;0;0;89;0;80;0;
10531;4607281;994865152;18718720;1113055232;0;0;0;0;0;0;0;0;0;0;0;2134;0;0;89;0;80;0;
10532;3677577;989519872;12103680;1106440192;0;0;0;0;0;0;0;0;0;0;0;2365;0;0;89;0;80;0;
10533;4735140;989519872;12103680;1106440192;0;0;0;0;0;0;0;0;0;0;0;2585;0;0;89;0;80;0;
10534;3605662;989519872;12103680;1106440192;0;0;0;0;0;0;0;0;0;0;0;2434;0;0;89;0;80;0;
10535;5734595;989519872;12103680;1106440192;0;0;0;0;0;0;0;0;0;0;0;3366;0;0;89;0;80;0;
10536;3594391;989519872;12103680;1106440192;0;0;0;0;0;0;0;0;0;0;0;3387;0;0;89;0;80;0;
10537;5371584;989519872;12103680;1106440192;0;0;0;0;0;0;0;0;0;0;0;3807;0;0;89;0;80;0;
10538;3785740;989519872;12103680;1106440192;0;0;0;0;0;0;0;0;0;0;0;2275;0;0;89;0;80;0;
10539;5281986;989519872;12103680;1106440192;0;0;0;0;0;0;0;0;0;0;0;3136;0;0;89;0;80;0;
10540;3105935;989519872;12103680;1106440192;0;0;0;0;0;0;0;0;0;0;0;2855;0;0;89;0;80;0;
10541;6552478;989519872;12103680;1106440192;0;0;0;0;0;0;0;0;0;0;0;3457;0;0;89;0;80;0;
10542;4060635;989519872;12103680;1106440192;0;0;0;0;0;0;0;0;0;0;0;4037;0;0;89;0;80;0;
10543;5034372;989519872;12103680;1106440192;0;0;0;0;0;0;0;0;0;0;0;3106;0;0;89;0;80;0;
10544;2967325;989519872;12103680;1106440192;0;0;0;0;0;0;0;0;0;0;0;2354;0;0;89;0;80;0;
10545;6335451;989519872;12103680;1106440192;0;0;0;0;0;0;0;0;0;0;0;3246;0;0;89;0;80;0;
10546;3026285;989519872;12103680;1106440192;0;0;0;0;0;0;0;0;0;0;0;2184;0;0;89;0;80;0;
10547;5586006;989519872;12103680;1106440192;0;0;0;0;0;0;0;0;0;0;0;3086;0;0;89;0;80;0;
10548;3311280;989519872;12103680;1106440192;0;0;0;0;0;0;0;0;0;0;0;3336;0;0;89;0;80;0;
10549;6232909;992690176;18718720;1113055232;0;0;0;0;0;0;0;0;0;0;0;3607;0;0;89;0;80;0;
10550;4080372;994787328;18718720;1113055232;0;0;0;0;0;0;0;0;0;0;0;3106;0;0;89;0;80;0;
10551;4928383;994787328;18718720;1113055232;0;0;0;0;0;0;0;0;0;0;0;2675;0;0;89;0;80;0;
10552;3466430;994787328;18718720;1113055232;0;0;0;0;0;0;0;0;0;0;0;2825;0;0;89;0;80;0;
10553;5434452;994787328;18718720;1113055232;0;0;0;0;0;0;0;0;0;0;0;3045;0;0;89;0;80;0;
10554;3339984;994787328;18718720;1113055232;0;0;0;0;0;0;0;0;0;0;0;2755;0;0;89;0;80;0;
10555;5138717;994787328;18718720;1113055232;0;0;0;0;0;0;0;0;0;0;0;3076;0;0;89;0;80;0;
10556;2555503;989601792;13180928;1107517440;0;0;0;0;0;0;0;0;0;0;0;2595;0;0;89;0;80;0;
10557;10804232;989601792;13180928;1107517440;0;0;0;0;0;0;0;0;0;0;0;4408;0;0;89;0;80;0;
10558;5018542;989601792;13180928;1107517440;0;0;0;0;0;0;0;0;0;0;0;4418;0;0;89;0;80;0;
10559;5236611;989601792;13180928;1107517440;0;0;0;0;0;0;0;0;0;0;0;4138;0;0;89;0;80;0;
10560;4488798;989601792;13180928;1107517440;0;0;0;0;0;0;0;0;0;0;0;3075;0;0;89;0;80;0;
10561;6307790;989601792;13180928;1107517440;0;0;0;0;0;0;0;0;0;0;0;3136;0;0;89;0;80;0;
10562;3825604;989601792;13180928;1107517440;0;0;0;0;0;0;0;0;0;0;0;3366;0;0;89;0;80;0;
10563;4654980;989601792;13180928;1107517440;0;0;0;0;0;0;0;0;0;0;0;3006;0;0;89;0;80;0;
10564;2483658;989601792;13180928;1107517440;0;0;0;0;0;0;0;0;0;0;0;2515;0;0;89;0;80;0;
10565;6807807;989601792;13180928;1107517440;0;0;0;0;0;0;0;0;0;0;0;3256;0;0;89;0;80;0;
10566;4181903;989601792;13180928;1107517440;0;0;0;0;0;0;0;0;0;0;0;2645;0;0;89;0;80;0;
10567;5446505;989601792;13180928;1107517440;0;0;0;0;0;0;0;0;0;0;0;3136;0;0;89;0;80;0;
10568;3318814;989601792;13180928;1107517440;0;0;0;0;0;0;0;0;0;0;0;2755;0;0;89;0;80;0;
10569;5113449;989601792;13180928;1107517440;0;0;0;0;0;0;0;0;0;0;0;3236;0;0;89;0;80;0;
10570;4295135;989601792;13180928;1107517440;0;0;0;0;0;0;0;0;0;0;0;2986;0;0;89;0;80;0;
10571;4972576;989601792;13180928;1107517440;0;0;0;0;0;0;0;0;0;0;0;2775;0;0;89;0;80;0;
10572;2618991;989601792;13180928;1107517440;0;0;0;0;0;0;0;0;0;0;0;2395;0;0;89;0;80;0;
10573;5284080;992231424;18718720;1113055232;0;0;0;0;0;0;0;0;0;0;0;2364;0;0;89;0;80;0;
10574;4834406;994328576;18718720;1113055232;0;0;0;0;0;0;0;0;0;0;0;2875;0;0;89;0;80;0;
10575;5366575;994865152;18718720;1113055232;0;0;0;0;0;0;0;0;0;0;0;2295;0;0;89;0;80;0;
10576;3357827;994865152;18718720;1113055232;0;0;0;0;0;0;0;0;0;0;0;2184;0;0;89;0;80;0;
10577;5176208;994865152;18718720;1113055232;0;0;0;0;0;0;0;0;0;0;0;1834;0;0;89;0;80;0;
10578;3382143;994865152;18718720;1113055232;0;0;0;0;0;0;0;0;0;0;0;2064;0;0;89;0;80;0;
10579;4787729;994865152;18718720;1113055232;0;0;0;0;0;0;0;0;0;0;0;1713;0;0;89;0;80;0;
10580;3845201;989544448;12103680;1106440192;0;0;0;0;0;0;0;0;0;0;0;1733;0;0;89;0;80;0;
10581;5226050;989544448;12103680;1106440192;0;0;0;0;0;0;0;0;0;0;0;2385;0;0;89;0;80;0;
10582;3527606;989544448;12103680;1106440192;0;0;0;0;0;0;0;0;0;0;0;1774;0;0;89;0;80;0;
10583;5059458;989544448;12103680;1106440192;0;0;0;0;0;0;0;0;0;0;0;2054;0;0;89;0;80;0;
10584;4289444;989544448;12103680;1106440192;0;0;0;0;0;0;0;0;0;0;0;2335;0;0;89;0;80;0;
10585;4303821;989544448;12103680;1106440192;0;0;0;0;0;0;0;0;0;0;0;2024;0;0;89;0;80;0;
10586;2838824;989544448;12103680;1106440192;0;0;0;0;0;0;0;0;0;0;0;1433;0;0;89;0;80;0;
10587;5029623;989544448;12103680;1106440192;0;0;0;0;0;0;0;0;0;0;0;1573;0;0;89;0;80;0;
10588;3531713;989544448;12103680;1106440192;0;0;0;0;0;0;0;0;0;0;0;1613;0;0;89;0;80;0;
10589;5323063;989544448;12103680;1106440192;0;0;0;0;0;0;0;0;0;0;0;2044;0;0;89;0;80;0;
10590;2622247;989544448;12103680;1106440192;0;0;0;0;0;0;0;0;0;0;0;1463;0;0;89;0;80;0;
10591;5184573;989544448;12103680;1106440192;0;0;0;0;0;0;0;0;0;0;0;1874;0;0;89;0;80;0;
10592;2438904;989544448;12103680;1106440192;0;0;0;0;0;0;0;0;0;0;0;1704;0;0;89;0;80;0;
10593;5121695;989544448;12103680;1106440192;0;0;0;0;0;0;0;0;0;0;0;1904;0;0;89;0;80;0;
10594;2554170;989544448;12103680;1106440192;0;0;0;0;0;0;0;0;0;0;0;1493;0;0;89;0;80;0;
10595;4583626;989544448;12103680;1106440192;0;0;0;0;0;0;0;0;0;0;0;2345;0;0;89;0;80;0;
10596;2580810;989544448;12103680;1106440192;0;0;0;0;0;0;0;0;0;0;0;1864;0;0;89;0;80;0;
10597;5991526;992714752;18718720;1113055232;0;0;0;0;0;0;0;0;0;0;0;9749;0;0;89;0;80;0;
10598;2925897;994811904;18718720;1113055232;0;0;0;0;0;0;0;0;0;0;0;1953;0;0;89;0;80;0;
10599;4622128;994811904;18718720;1113055232;0;0;0;0;0;0;0;0;0;0;0;1803;0;0;89;0;80;0;
10600;2774794;994811904;18718720;1113055232;0;0;0;0;0;0;0;0;0;0;0;1943;0;0;89;0;80;0;
10601;4884941;994811904;18718720;1113055232;0;0;0;0;0;0;0;0;0;0;0;1843;0;0;89;0;80;0;
10602;2711726;994811904;18718720;1113055232;0;0;0;0;0;0;0;0;0;0;0;1944;0;0;89;0;80;0;
10603;5391161;994811904;18718720;1113055232;0;0;0;0;0;0;0;0;0;0;0;2265;0;0;89;0;80;0;
10604;3049609;989601792;13180928;1107517440;0;0;0;0;0;0;0;0;0;0;0;2074;0;0;89;0;80;0;
10605;4609985;989601792;13180928;1107517440;0;0;0;0;0;0;0;0;0;0;0;2114;0;0;89;0;80;0;
10606;2051027;989601792;13180928;1107517440;0;0;0;0;0;0;0;0;0;0;0;1904;0;0;89;0;80;0;
10607;4811193;989601792;13180928;1107517440;0;0;0;0;0;0;0;0;0;0;0;1913;0;0;89;0;80;0;
10608;2510308;989601792;13180928;1107517440;0;0;0;0;0;0;0;0;0;0;0;1763;0;0;89;0;80;0;
10609;4682161;989601792;13180928;1107517440;0;0;0;0;0;0;0;0;0;0;0;1873;0;0;89;0;80;0;
10610;2181652;989601792;13180928;1107517440;0;0;0;0;0;0;0;0;0;0;0;1573;0;0;89;0;80;0;
10611;4664739;989601792;13180928;1107517440;0;0;0;0;0;0;0;0;0;0;0;1814;0;0;89;0;80;0;
10612;2360457;989601792;13180928;1107517440;0;0;0;0;0;0;0;0;0;0;0;1613;0;0;89;0;80;0;
10613;4709593;989601792;13180928;1107517440;0;0;0;0;0;0;0;0;0;0;0;50545;0;0;89;0;80;0;
10614;2375444;989597696;13176832;1107513344;0;0;0;0;0;0;0;0;0;0;0;1422;0;0;89;0;80;0;
10615;5361906;989597696;13180928;1107517440;0;0;0;0;0;0;0;0;0;0;0;2284;0;0;89;0;80;0;
10616;2512902;989597696;13180928;1107517440;0;0;0;0;0;0;0;0;0;0;0;1873;0;0;89;0;80;0;
10617;4975271;989597696;13180928;1107517440;0;0;0;0;0;0;0;0;0;0;0;2164;0;0;89;0;80;0;
10618;2970801;989597696;13180928;1107517440;0;0;0;0;0;0;0;0;0;0;0;1413;0;0;89;0;80;0;
10619;5542674;989597696;13180928;1107517440;0;0;0;0;0;0;0;0;0;0;0;3086;0;0;89;0;80;0;
10620;3905194;989597696;13180928;1107517440;0;0;0;0;0;0;0;0;0;0;0;2164;0;0;89;0;80;0;
10621;5432208;992227328;18718720;1113055232;0;0;0;0;0;0;0;0;0;0;0;2445;0;0;89;0;80;0;
10622;3617324;994324480;18718720;1113055232;0;0;0;0;0;0;0;0;0;0;0;2084;0;0;89;0;80;0;
10623;7500466;994861056;18718720;1113055232;0;0;0;0;0;0;0;0;0;0;0;5580;0;0;89;0;80;0;
10624;5968964;994861056;18718720;1113055232;0;0;0;0;0;0;0;0;0;0;0;4819;0;0;89;0;80;0;
10625;6091874;994861056;18718720;1113055232;0;0;0;0;0;0;0;0;0;0;0;4478;0;0;89;0;80;0;
10626;6867118;994861056;18718720;1113055232;0;0;0;0;0;0;0;0;0;0;0;4328;0;0;89;0;80;0;
10627;6418307;994861056;18718720;1113055232;0;0;0;0;0;0;0;0;0;0;0;4127;0;0;89;0;80;0;
10628;4947899;989569024;12103680;1106440192;0;0;0;0;0;0;0;0;0;0;0;4118;0;0;89;0;80;0;
10629;6914959;989569024;12103680;1106440192;0;0;0;0;0;0;0;0;0;0;0;4098;0;0;89;0;80;0;
10630;6556295;989569024;12103680;1106440192;0;0;0;0;0;0;0;0;0;0;0;3667;0;0;89;0;80;0;
10631;6643118;989569024;12103680;1106440192;0;0;0;0;0;0;0;0;0;0;0;4118;0;0;89;0;80;0;
10632;3720447;989569024;12103680;1106440192;0;0;0;0;0;0;0;0;0;0;0;2655;0;0;89;0;80;0;
10633;6048683;989569024;12103680;1106440192;0;0;0;0;0;0;0;0;0;0;0;63208;0;0;89;0;80;0;
10634;8032654;989569024;12103680;1106440192;0;0;0;0;0;0;0;0;0;0;0;4298;0;0;89;0;80;0;
10635;5978903;989569024;12103680;1106440192;0;0;0;0;0;0;0;0;0;0;0;3898;0;0;89;0;80;0;
10636;4445888;989569024;12103680;1106440192;0;0;0;0;0;0;0;0;0;0;0;3888;0;0;89;0;80;0;
10637;6105460;989569024;12103680;1106440192;0;0;0;0;0;0;0;0;0;0;0;4047;0;0;89;0;80;0;
10638;4185158;989569024;12103680;1106440192;0;0;0;0;0;0;0;0;0;0;0;3707;0;0;89;0;80;0;
10639;5947594;989569024;12103680;1106440192;0;0;0;0;0;0;0;0;0;0;0;4218;0;0;89;0;80;0;
10640;4148620;989569024;12103680;1106440192;0;0;0;0;0;0;0;0;0;0;0;4067;0;0;89;0;80;0;
10641;5872013;989569024;12103680;1106440192;0;0;0;0;0;0;0;0;0;0;0;4328;0;0;89;0;80;0;
10642;5704157;989569024;12103680;1106440192;0;0;0;0;0;0;0;0;0;0;0;3847;0;0;89;0;80;0;
10643;6072198;989569024;12103680;1106440192;0;0;0;0;0;0;0;0;0;0;0;3597;0;0;89;0;80;0;
10644;4552759;989569024;12103680;1106440192;0;0;0;0;0;0;0;0;0;0;0;3036;0;0;89;0;80;0;
10645;7126145;992739328;18718720;1113055232;0;0;0;0;0;0;0;0;0;0;0;3787;0;0;89;0;80;0;
10646;5863447;994836480;18718720;1113055232;0;0;0;0;0;0;0;0;0;0;0;4979;0;0;89;0;80;0;
10647;5315739;994836480;18718720;1113055232;0;0;0;0;0;0;0;0;0;0;0;3216;0;0;89;0;80;0;
10648;4591391;994836480;18718720;1113055232;0;0;0;0;0;0;0;0;0;0;0;3246;0;0;89;0;80;0;
10649;5166379;994836480;18718720;1113055232;0;0;0;0;0;0;0;0;0;0;0;3717;0;0;89;0;80;0;
10650;4384042;994836480;18718720;1113055232;0;0;0;0;0;0;0;0;0;0;0;3596;0;0;89;0;80;0;
10651;5560619;994836480;18718720;1113055232;0;0;0;0;0;0;0;0;0;0;0;2565;0;0;89;0;80;0;
10652;3076329;989601792;13180928;1107517440;0;0;0;0;0;0;0;0;0;0;0;2184;0;0;89;0;80;0;
10653;5829452;989601792;13180928;1107517440;0;0;0;0;0;0;0;0;0;0;0;2966;0;0;89;0;80;0;
10654;3216432;989601792;13180928;1107517440;0;0;0;0;0;0;0;0;0;0;0;2415;0;0;89;0;80;0;
10655;5386953;989601792;13180928;1107517440;0;0;0;0;0;0;0;0;0;0;0;2174;0;0;89;0;80;0;
10656;2999635;989601792;13180928;1107517440;0;0;0;0;0;0;0;0;0;0;0;2134;0;0;89;0;80;0;
10657;5099233;989601792;13180928;1107517440;0;0;0;0;0;0;0;0;0;0;0;2776;0;0;89;0;80;0;
10658;4430559;989601792;13180928;1107517440;0;0;0;0;0;0;0;0;0;0;0;3116;0;0;89;0;80;0;
10659;5731509;989601792;13180928;1107517440;0;0;0;0;0;0;0;0;0;0;0;2425;0;0;89;0;80;0;
10660;2629621;989601792;13180928;1107517440;0;0;0;0;0;0;0;0;0;0;0;2024;0;0;89;0;80;0;
10661;6046981;989601792;13180928;1107517440;0;0;0;0;0;0;0;0;0;0;0;2685;0;0;89;0;80;0;
10662;3657129;989601792;13180928;1107517440;0;0;0;0;0;0;0;0;0;0;0;2304;0;0;89;0;80;0;
10663;6215687;989601792;13180928;1107517440;0;0;0;0;0;0;0;0;0;0;0;2485;0;0;89;0;80;0;
10664;3686273;989601792;13180928;1107517440;0;0;0;0;0;0;0;0;0;0;0;2544;0;0;89;0;80;0;
10665;5957253;989601792;13180928;1107517440;0;0;0;0;0;0;0;0;0;0;0;3016;0;0;89;0;80;0;
10666;3359270;989601792;13180928;1107517440;0;0;0;0;0;0;0;0;0;0;0;2104;0;0;89;0;80;0;
10667;5657650;989601792;13180928;1107517440;0;0;0;0;0;0;0;0;0;0;0;2515;0;0;89;0;80;0;
10668;2915378;989601792;13180928;1107517440;0;0;0;0;0;0;0;0;0;0;0;2655;0;0;89;0;80;0;
10669;5859378;992231424;18718720;1113055232;0;0;0;0;0;0;0;0;0;0;0;2996;0;0;89;0;80;0;
10670;4345009;994328576;18718720;1113055232;0;0;0;0;0;0;0;0;0;0;0;2835;0;0;89;0;80;0;
10671;5467353;994865152;18722816;1113059328;0;0;0;0;0;0;0;0;0;0;0;3176;0;0;89;0;80;0;
10672;3452054;994865152;18722816;1113059328;0;0;0;0;0;0;0;0;0;0;0;2445;0;0;89;0;80;0;
10673;6690487;994865152;18722816;1113059328;0;0;0;0;0;0;0;0;0;0;0;4379;0;0;89;0;80;0;
10674;4482817;994865152;18722816;1113059328;0;0;0;0;0;0;0;0;0;0;0;3336;0;0;89;0;80;0;
10675;4847190;994865152;18722816;1113059328;0;0;0;0;0;0;0;0;0;0;0;3166;0;0;89;0;80;0;
10676;4816893;989597696;12107776;1106444288;0;0;0;0;0;0;0;0;0;0;0;3937;0;0;89;0;80;0;
10677;5438319;989597696;12107776;1106444288;0;0;0;0;0;0;0;0;0;0;0;4649;0;0;89;0;80;0;
10678;3146771;989597696;12107776;1106444288;0;0;0;0;0;0;0;0;0;0;0;3306;0;0;89;0;80;0;
10679;4760898;989597696;12107776;1106444288;0;0;0;0;0;0;0;0;0;0;0;3186;0;0;89;0;80;0;
10680;5198098;989597696;12107776;1106444288;0;0;0;0;0;0;0;0;0;0;0;3837;0;0;89;0;80;0;
10681;7014775;989597696;12107776;1106444288;0;0;0;0;0;0;0;0;0;0;0;4218;0;0;89;0;80;0;
10682;4983816;989597696;12107776;1106444288;0;0;0;0;0;0;0;0;0;0;0;4378;0;0;89;0;80;0;
10683;6137340;989597696;12115968;1106452480;0;0;0;0;0;0;0;0;0;0;0;3577;0;0;89;0;80;0;
10684;4228790;989597696;12115968;1106452480;0;0;0;0;0;0;0;0;0;0;0;3737;0;0;89;0;80;0;
10685;5649525;989597696;12115968;1106452480;0;0;0;0;0;0;0;0;0;0;0;4619;0;0;89;0;80;0;
10686;4113615;989597696;12115968;1106452480;0;0;0;0;0;0;0;0;0;0;0;3737;0;0;89;0;80;0;
10687;5435103;989597696;12115968;1106452480;0;0;0;0;0;0;0;0;0;0;0;3737;0;0;89;0;80;0;
10688;4164551;989597696;12115968;1106452480;0;0;0;0;0;0;0;0;0;0;0;3516;0;0;89;0;80;0;
10689;5387513;989597696;12115968;1106452480;0;0;0;0;0;0;0;0;0;0;0;3897;0;0;89;0;80;0;
10690;4902484;989597696;12107776;1106444288;0;0;0;0;0;0;0;0;0;0;0;4298;0;0;89;0;80;0;
10691;5793796;989597696;12107776;1106444288;0;0;0;0;0;0;0;0;0;0;0;4318;0;0;89;0;80;0;
10692;4496954;989597696;12107776;1106444288;0;0;0;0;0;0;0;0;0;0;0;4207;0;0;89;0;80;0;
10693;6410332;992768000;18722816;1113059328;0;0;0;0;0;0;0;0;0;0;0;2675;0;0;89;0;80;0;
10694;4269136;994865152;18722816;1113059328;0;0;0;0;0;0;0;0;0;0;0;2665;0;0;89;0;80;0;
10695;5522928;994865152;18722816;1113059328;0;0;0;0;0;0;0;0;0;0;0;2414;0;0;89;0;80;0;
10696;3422098;994865152;18722816;1113059328;0;0;0;0;0;0;0;0;0;0;0;2835;0;0;89;0;80;0;
10697;5249084;994865152;18722816;1113059328;0;0;0;0;0;0;0;0;0;0;0;2335;0;0;89;0;80;0;
10698;2941377;994865152;18722816;1113059328;0;0;0;0;0;0;0;0;0;0;0;2634;0;0;89;0;80;0;
10699;4490622;994865152;18722816;1113059328;0;0;0;0;0;0;0;0;0;0;0;2435;0;0;89;0;80;0;
10700;4448663;989609984;13185024;1107521536;0;0;0;0;0;0;0;0;0;0;0;2645;0;0;89;0;80;0;
10701;5660195;989609984;13185024;1107521536;0;0;0;0;0;0;0;0;0;0;0;3226;0;0;89;0;80;0;
10702;3871942;989609984;13185024;1107521536;0;0;0;0;0;0;0;0;0;0;0;2425;0;0;89;0;80;0;
10703;6095271;989609984;13185024;1107521536;0;0;0;0;0;0;0;0;0;0;0;3086;0;0;89;0;80;0;
10704;3710759;989609984;13185024;1107521536;0;0;0;0;0;0;0;0;0;0;0;2344;0;0;89;0;80;0;
10705;5128899;989609984;13185024;1107521536;0;0;0;0;0;0;0;0;0;0;0;2825;0;0;89;0;80;0;
10706;3803383;989609984;13185024;1107521536;0;0;0;0;0;0;0;0;0;0;0;2404;0;0;89;0;80;0;
10707;5231792;989609984;13185024;1107521536;0;0;0;0;0;0;0;0;0;0;0;3005;0;0;89;0;80;0;
10708;3667558;989609984;13185024;1107521536;0;0;0;0;0;0;0;0;0;0;0;1813;0;0;89;0;80;0;
10709;5100445;989609984;13185024;1107521536;0;0;0;0;0;0;0;0;0;0;0;2455;0;0;89;0;80;0;
10710;3574794;989609984;13185024;1107521536;0;0;0;0;0;0;0;0;0;0;0;1884;0;0;89;0;80;0;
10711;5031225;989609984;13185024;1107521536;0;0;0;0;0;0;0;0;0;0;0;2454;0;0;89;0;80;0;
10712;2602049;989609984;13185024;1107521536;0;0;0;0;0;0;0;0;0;0;0;1973;0;0;89;0;80;0;
10713;4680478;989609984;13185024;1107521536;0;0;0;0;0;0;0;0;0;0;0;1653;0;0;89;0;80;0;
10714;2770967;989609984;13185024;1107521536;0;0;0;0;0;0;0;0;0;0;0;1563;0;0;89;0;80;0;
10715;5698937;989609984;13185024;1107521536;0;0;0;0;0;0;0;0;0;0;0;5490;0;0;89;0;80;0;
10716;4019539;989609984;13185024;1107521536;0;0;0;0;0;0;0;0;0;0;0;3346;0;0;89;0;80;0;
10717;5247411;992239616;18722816;1113059328;0;0;0;0;0;0;0;0;0;0;0;4418;0;0;89;0;80;0;
10718;5226882;994336768;18722816;1113059328;0;0;0;0;0;0;0;0;0;0;0;4378;0;0;89;0;80;0;
10719;6492727;994873344;18722816;1113059328;0;0;0;0;0;0;0;0;0;0;0;4739;0;0;89;0;80;0;
10720;4096212;994873344;18722816;1113059328;0;0;0;0;0;0;0;0;0;0;0;4719;0;0;89;0;80;0;
10721;4463741;994873344;18722816;1113059328;0;0;0;0;0;0;0;0;0;0;0;2344;0;0;89;0;80;0;
10722;3963123;994873344;18722816;1113059328;0;0;0;0;0;0;0;0;0;0;0;2585;0;0;89;0;80;0;
10723;5128728;994873344;18722816;1113059328;0;0;0;0;0;0;0;0;0;0;0;3788;0;0;89;0;80;0;
10724;4266862;989622272;12107776;1106444288;0;0;0;0;0;0;0;0;0;0;0;2465;0;0;89;0;80;0;
10725;4977014;989622272;12107776;1106444288;0;0;0;0;0;0;0;0;0;0;0;2655;0;0;89;0;80;0;
10726;2814138;989622272;12107776;1106444288;0;0;0;0;0;0;0;0;0;0;0;2284;0;0;89;0;80;0;
10727;5836556;989622272;12107776;1106444288;0;0;0;0;0;0;0;0;0;0;0;3096;0;0;89;0;80;0;
10728;4413888;989622272;12107776;1106444288;0;0;0;0;0;0;0;0;0;0;0;2515;0;0;89;0;80;0;
10729;6327045;989622272;12107776;1106444288;0;0;0;0;0;0;0;0;0;0;0;2415;0;0;89;0;80;0;
10730;3244434;989622272;12107776;1106444288;0;0;0;0;0;0;0;0;0;0;0;2625;0;0;89;0;80;0;
10731;5470229;989622272;12107776;1106444288;0;0;0;0;0;0;0;0;0;0;0;2866;0;0;89;0;80;0;
10732;3355152;989622272;12107776;1106444288;0;0;0;0;0;0;0;0;0;0;0;2364;0;0;89;0;80;0;
10733;5958394;989622272;12107776;1106444288;0;0;0;0;0;0;0;0;0;0;0;2685;0;0;89;0;80;0;
10734;4005492;989622272;12107776;1106444288;0;0;0;0;0;0;0;0;0;0;0;2846;0;0;89;0;80;0;
10735;6543151;989622272;12107776;1106444288;0;0;0;0;0;0;0;0;0;0;0;3587;0;0;89;0;80;0;
10736;4357953;989622272;12107776;1106444288;0;0;0;0;0;0;0;0;0;0;0;2594;0;0;89;0;80;0;
10737;4765086;989622272;12107776;1106444288;0;0;0;0;0;0;0;0;0;0;0;2384;0;0;89;0;80;0;
10738;3169584;989622272;12107776;1106444288;0;0;0;0;0;0;0;0;0;0;0;2665;0;0;89;0;80;0;
10739;5739924;989622272;12107776;1106444288;0;0;0;0;0;0;0;0;0;0;0;3236;0;0;89;0;80;0;
10740;4367210;989622272;12107776;1106444288;0;0;0;0;0;0;0;0;0;0;0;2956;0;0;89;0;80;0;
10741;6691148;992792576;18722816;1113059328;0;0;0;0;0;0;0;0;0;0;0;3927;0;0;89;0;80;0;
10742;5717602;994889728;18722816;1113059328;0;0;0;0;0;0;0;0;0;0;0;4017;0;0;89;0;80;0;
10743;6854315;994889728;18722816;1113059328;0;0;0;0;0;0;0;0;0;0;0;4028;0;0;89;0;80;0;
10744;4108695;994889728;18722816;1113059328;0;0;0;0;0;0;0;0;0;0;0;3016;0;0;89;0;80;0;
10745;7054330;994889728;18722816;1113059328;0;0;0;0;0;0;0;0;0;0;0;4338;0;0;89;0;80;0;
10746;5097911;994889728;18722816;1113059328;0;0;0;0;0;0;0;0;0;0;0;5109;0;0;89;0;80;0;
10747;6462279;994889728;18722816;1113059328;0;0;0;0;0;0;0;0;0;0;0;4639;0;0;89;0;80;0;
10748;4738256;989634560;13185024;1107521536;0;0;0;0;0;0;0;0;0;0;0;3877;0;0;89;0;80;0;
10749;6352664;989634560;13185024;1107521536;0;0;0;0;0;0;0;0;0;0;0;4208;0;0;89;0;80;0;
10750;5586517;989634560;13185024;1107521536;0;0;0;0;0;0;0;0;0;0;0;4158;0;0;89;0;80;0;
10751;6044947;989634560;13185024;1107521536;0;0;0;0;0;0;0;0;0;0;0;4248;0;0;89;0;80;0;
10752;5765412;989634560;13185024;1107521536;0;0;0;0;0;0;0;0;0;0;0;4097;0;0;89;0;80;0;
10753;7446896;989634560;13185024;1107521536;0;0;0;0;0;0;0;0;0;0;0;4919;0;0;89;0;80;0;
10754;4657264;989634560;13185024;1107521536;0;0;0;0;0;0;0;0;0;0;0;4589;0;0;89;0;80;0;
10755;5610141;989634560;13185024;1107521536;0;0;0;0;0;0;0;0;0;0;0;3947;0;0;89;0;80;0;
10756;4607731;989634560;13185024;1107521536;0;0;0;0;0;0;0;0;0;0;0;2444;0;0;89;0;80;0;
10757;8106593;989634560;13185024;1107521536;0;0;0;0;0;0;0;0;0;0;0;4388;0;0;89;0;80;0;
10758;3913520;989634560;13185024;1107521536;0;0;0;0;0;0;0;0;0;0;0;4028;0;0;89;0;80;0;
10759;5167942;989634560;13185024;1107521536;0;0;0;0;0;0;0;0;0;0;0;4268;0;0;89;0;80;0;
10760;5159346;989634560;13185024;1107521536;0;0;0;0;0;0;0;0;0;0;0;3506;0;0;89;0;80;0;
10761;7277498;989634560;13185024;1107521536;0;0;0;0;0;0;0;0;0;0;0;4809;0;0;89;0;80;0;
10762;3023140;989634560;13185024;1107521536;0;0;0;0;0;0;0;0;0;0;0;4578;0;0;89;0;80;0;
10763;10028507;992264192;18722816;1113059328;0;0;0;0;0;0;0;0;0;0;0;9278;0;0;89;0;80;0;
10764;7621323;994361344;18722816;1113059328;0;0;0;0;0;0;0;0;0;0;0;5901;0;0;89;0;80;0;
10765;6397387;994897920;18722816;1113059328;0;0;0;0;0;0;0;0;0;0;0;4859;0;0;89;0;80;0;
10766;6930658;994897920;18722816;1113059328;0;0;0;0;0;0;0;0;0;0;0;4157;0;0;89;0;80;0;
10767;5876320;994897920;18722816;1113059328;0;0;0;0;0;0;0;0;0;0;0;5541;0;0;89;0;80;0;
10768;7124011;994897920;18722816;1113059328;0;0;0;0;0;0;0;0;0;0;0;4719;0;0;89;0;80;0;
10769;5613648;994897920;18722816;1113059328;0;0;0;0;0;0;0;0;0;0;0;5279;0;0;89;0;80;0;
10770;4671841;989646848;12107776;1106444288;0;0;0;0;0;0;0;0;0;0;0;2786;0;0;89;0;80;0;
10771;5040813;989646848;12107776;1106444288;0;0;0;0;0;0;0;0;0;0;0;3076;0;0;89;0;80;0;
10772;3337369;989646848;12107776;1106444288;0;0;0;0;0;0;0;0;0;0;0;2335;0;0;89;0;80;0;
10773;5800227;989646848;12107776;1106444288;0;0;0;0;0;0;0;0;0;0;0;2675;0;0;89;0;80;0;
10774;3392482;989646848;12107776;1106444288;0;0;0;0;0;0;0;0;0;0;0;2816;0;0;89;0;80;0;
10775;6286509;989646848;12107776;1106444288;0;0;0;0;0;0;0;0;0;0;0;3877;0;0;89;0;80;0;
10776;3536282;989646848;12107776;1106444288;0;0;0;0;0;0;0;0;0;0;0;2755;0;0;89;0;80;0;
10777;4414469;989646848;12107776;1106444288;0;0;0;0;0;0;0;0;0;0;0;2645;0;0;89;0;80;0;
10778;5117297;989646848;12107776;1106444288;0;0;0;0;0;0;0;0;0;0;0;2545;0;0;89;0;80;0;
10779;5613949;989646848;12107776;1106444288;0;0;0;0;0;0;0;0;0;0;0;3256;0;0;89;0;80;0;
10780;2797066;989646848;12107776;1106444288;0;0;0;0;0;0;0;0;0;0;0;2314;0;0;89;0;80;0;
10781;4543481;989646848;12107776;1106444288;0;0;0;0;0;0;0;0;0;0;0;2595;0;0;89;0;80;0;
10782;4106061;989646848;12107776;1106444288;0;0;0;0;0;0;0;0;0;0;0;2455;0;0;89;0;80;0;
10783;5268961;989646848;12107776;1106444288;0;0;0;0;0;0;0;0;0;0;0;2464;0;0;89;0;80;0;
10784;4537770;989646848;12107776;1106444288;0;0;0;0;0;0;0;0;0;0;0;2996;0;0;89;0;80;0;
10785;5221934;989646848;12107776;1106444288;0;0;0;0;0;0;0;0;0;0;0;2484;0;0;89;0;80;0;
10786;2800432;989646848;12107776;1106444288;0;0;0;0;0;0;0;0;0;0;0;2675;0;0;89;0;80;0;
10787;5333251;992817152;18722816;1113059328;0;0;0;0;0;0;0;0;0;0;0;2805;0;0;89;0;80;0;
10788;3251578;994914304;18722816;1113059328;0;0;0;0;0;0;0;0;0;0;0;3086;0;0;89;0;80;0;
10789;5262669;994914304;18722816;1113059328;0;0;0;0;0;0;0;0;0;0;0;3587;0;0;89;0;80;0;
10790;2526739;994914304;18722816;1113059328;0;0;0;0;0;0;0;0;0;0;0;1883;0;0;89;0;80;0;
10791;5157893;994914304;18722816;1113059328;0;0;0;0;0;0;0;0;0;0;0;3025;0;0;89;0;80;0;
10792;2439756;994914304;18722816;1113059328;0;0;0;0;0;0;0;0;0;0;0;2254;0;0;89;0;80;0;
10793;4952698;994914304;18722816;1113059328;0;0;0;0;0;0;0;0;0;0;0;4328;0;0;89;0;80;0;
10794;4571593;989659136;13185024;1107521536;0;0;0;0;0;0;0;0;0;0;0;3156;0;0;89;0;80;0;
10795;5816698;989659136;13185024;1107521536;0;0;0;0;0;0;0;0;0;0;0;2715;0;0;89;0;80;0;
10796;4328578;989659136;13185024;1107521536;0;0;0;0;0;0;0;0;0;0;0;3607;0;0;89;0;80;0;
10797;4952508;989659136;13185024;1107521536;0;0;0;0;0;0;0;0;0;0;0;3727;0;0;89;0;80;0;
10798;3499874;989659136;13185024;1107521536;0;0;0;0;0;0;0;0;0;0;0;4038;0;0;89;0;80;0;
10799;5345465;989659136;13185024;1107521536;0;0;0;0;0;0;0;0;0;0;0;3677;0;0;89;0;80;0;
10800;5876891;989659136;13185024;1107521536;0;0;0;0;0;0;0;0;0;0;0;37370;0;0;89;0;80;0;
10801;7351998;989659136;13185024;1107521536;0;0;0;0;0;0;0;0;0;0;0;5550;0;0;89;0;80;0;
10802;5149518;989659136;13185024;1107521536;0;0;0;0;0;0;0;0;0;0;0;2685;0;0;89;0;80;0;
10803;6239190;989659136;13185024;1107521536;0;0;0;0;0;0;0;0;0;0;0;5270;0;0;89;0;80;0;
10804;4947409;989659136;13185024;1107521536;0;0;0;0;0;0;0;0;0;0;0;3507;0;0;89;0;80;0;
10805;5979043;989659136;13185024;1107521536;0;0;0;0;0;0;0;0;0;0;0;5050;0;0;89;0;80;0;
10806;4049445;989659136;13185024;1107521536;0;0;0;0;0;0;0;0;0;0;0;3056;0;0;89;0;80;0;
10807;7283599;989659136;13185024;1107521536;0;0;0;0;0;0;0;0;0;0;0;6452;0;0;89;0;80;0;
10808;4657604;989659136;13185024;1107521536;0;0;0;0;0;0;0;0;0;0;0;4348;0;0;89;0;80;0;
10809;7018041;989659136;13185024;1107521536;0;0;0;0;0;0;0;0;0;0;0;5921;0;0;89;0;80;0;
10810;3841865;989659136;13185024;1107521536;0;0;0;0;0;0;0;0;0;0;0;4288;0;0;89;0;80;0;
10811;7293238;992288768;18722816;1113059328;0;0;0;0;0;0;0;0;0;0;0;3055;0;0;89;0;80;0;
10812;3402160;994385920;18722816;1113059328;0;0;0;0;0;0;0;0;0;0;0;2746;0;0;89;0;80;0;
10813;5659414;994922496;18722816;1113059328;0;0;0;0;0;0;0;0;0;0;0;3707;0;0;89;0;80;0;
10814;2689063;994922496;18722816;1113059328;0;0;0;0;0;0;0;0;0;0;0;2024;0;0;89;0;80;0;
10815;5981729;994922496;18722816;1113059328;0;0;0;0;0;0;0;0;0;0;0;3156;0;0;89;0;80;0;
10816;4638990;994922496;18722816;1113059328;0;0;0;0;0;0;0;0;0;0;0;2625;0;0;89;0;80;0;
10817;5478905;994922496;18722816;1113059328;0;0;0;0;0;0;0;0;0;0;0;3096;0;0;89;0;80;0;
10818;4019958;989671424;12107776;1106444288;0;0;0;0;0;0;0;0;0;0;0;3246;0;0;89;0;80;0;
10819;6057510;989671424;12107776;1106444288;0;0;0;0;0;0;0;0;0;0;0;3105;0;0;89;0;80;0;
10820;4141948;989671424;12107776;1106444288;0;0;0;0;0;0;0;0;0;0;0;2084;0;0;89;0;80;0;
10821;6174710;989671424;12107776;1106444288;0;0;0;0;0;0;0;0;0;0;0;2996;0;0;89;0;80;0;
10822;4715353;989671424;12107776;1106444288;0;0;0;0;0;0;0;0;0;0;0;3086;0;0;89;0;80;0;
10823;5446945;989671424;12107776;1106444288;0;0;0;0;0;0;0;0;0;0;0;2675;0;0;89;0;80;0;
10824;5164606;989671424;12107776;1106444288;0;0;0;0;0;0;0;0;0;0;0;3006;0;0;89;0;80;0;
10825;6203654;989671424;12107776;1106444288;0;0;0;0;0;0;0;0;0;0;0;3246;0;0;89;0;80;0;
10826;3491778;989671424;12107776;1106444288;0;0;0;0;0;0;0;0;0;0;0;2314;0;0;89;0;80;0;
10827;5827168;989671424;12107776;1106444288;0;0;0;0;0;0;0;0;0;0;0;3046;0;0;89;0;80;0;
10828;4517822;989671424;12107776;1106444288;0;0;0;0;0;0;0;0;0;0;0;2585;0;0;89;0;80;0;
10829;6515860;989671424;12107776;1106444288;0;0;0;0;0;0;0;0;0;0;0;3747;0;0;89;0;80;0;
10830;3226521;989671424;12107776;1106444288;0;0;0;0;0;0;0;0;0;0;0;2354;0;0;89;0;80;0;
10831;6963208;989671424;12107776;1106444288;0;0;0;0;0;0;0;0;0;0;0;5741;0;0;89;0;80;0;
10832;4866326;989671424;12107776;1106444288;0;0;0;0;0;0;0;0;0;0;0;3887;0;0;89;0;80;0;
10833;6468090;989671424;12107776;1106444288;0;0;0;0;0;0;0;0;0;0;0;4769;0;0;89;0;80;0;
10834;4661893;989671424;12107776;1106444288;0;0;0;0;0;0;0;0;0;0;0;3457;0;0;89;0;80;0;
10835;6736874;992841728;18722816;1113059328;0;0;0;0;0;0;0;0;0;0;0;5571;0;0;89;0;80;0;
10836;6120579;994938880;18722816;1113059328;0;0;0;0;0;0;0;0;0;0;0;5510;0;0;89;0;80;0;
10837;6769285;994938880;18722816;1113059328;0;0;0;0;0;0;0;0;0;0;0;4408;0;0;89;0;80;0;
10838;4843313;994938880;18722816;1113059328;0;0;0;0;0;0;0;0;0;0;0;3456;0;0;89;0;80;0;
10839;6290597;994938880;18722816;1113059328;0;0;0;0;0;0;0;0;0;0;0;4158;0;0;89;0;80;0;
10840;4358474;994938880;18722816;1113059328;0;0;0;0;0;0;0;0;0;0;0;3747;0;0;89;0;80;0;
10841;6527542;994938880;18722816;1113059328;0;0;0;0;0;0;0;0;0;0;0;3868;0;0;89;0;80;0;
10842;4399932;989683712;13185024;1107521536;0;0;0;0;0;0;0;0;0;0;0;4449;0;0;89;0;80;0;
10843;6681761;989683712;13185024;1107521536;0;0;0;0;0;0;0;0;0;0;0;5670;0;0;89;0;80;0;
10844;5080368;989683712;13185024;1107521536;0;0;0;0;0;0;0;0;0;0;0;4909;0;0;89;0;80;0;
10845;5895036;989683712;13185024;1107521536;0;0;0;0;0;0;0;0;0;0;0;4068;0;0;89;0;80;0;
10846;4617049;989683712;13185024;1107521536;0;0;0;0;0;0;0;0;0;0;0;4809;0;0;89;0;80;0;
10847;6770758;989683712;13185024;1107521536;0;0;0;0;0;0;0;0;0;0;0;4648;0;0;89;0;80;0;
10848;6736243;989683712;13185024;1107521536;0;0;0;0;0;0;0;0;0;0;0;6312;0;0;89;0;80;0;
10849;6367993;989683712;13185024;1107521536;0;0;0;0;0;0;0;0;0;0;0;5300;0;0;89;0;80;0;
10850;6159071;989683712;13185024;1107521536;0;0;0;0;0;0;0;0;0;0;0;3066;0;0;89;0;80;0;
10851;5257470;989683712;13185024;1107521536;0;0;0;0;0;0;0;0;0;0;0;4578;0;0;89;0;80;0;
10852;4579568;989683712;13185024;1107521536;0;0;0;0;0;0;0;0;0;0;0;2885;0;0;89;0;80;0;
10853;6322146;989683712;13185024;1107521536;0;0;0;0;0;0;0;0;0;0;0;3837;0;0;89;0;80;0;
10854;3799615;989683712;13185024;1107521536;0;0;0;0;0;0;0;0;0;0;0;2966;0;0;89;0;80;0;
10855;6312519;989683712;13185024;1107521536;0;0;0;0;0;0;0;0;0;0;0;4238;0;0;89;0;80;0;
10856;3785199;989683712;13185024;1107521536;0;0;0;0;0;0;0;0;0;0;0;2575;0;0;89;0;80;0;
10857;6602432;989683712;13185024;1107521536;0;0;0;0;0;0;0;0;0;0;0;3096;0;0;89;0;80;0;
10858;4807055;989683712;13185024;1107521536;0;0;0;0;0;0;0;0;0;0;0;2705;0;0;89;0;80;0;
10859;7342059;992313344;18722816;1113059328;0;0;0;0;0;0;0;0;0;0;0;3026;0;0;89;0;80;0;
10860;5708345;994410496;18722816;1113059328;0;0;0;0;0;0;0;0;0;0;0;3126;0;0;89;0;80;0;
10861;6248599;994947072;18722816;1113059328;0;0;0;0;0;0;0;0;0;0;0;2675;0;0;89;0;80;0;
10862;5036656;994947072;18722816;1113059328;0;0;0;0;0;0;0;0;0;0;0;2735;0;0;89;0;80;0;
10863;5475608;994947072;18722816;1113059328;0;0;0;0;0;0;0;0;0;0;0;3026;0;0;89;0;80;0;
10864;3736758;994947072;18722816;1113059328;0;0;0;0;0;0;0;0;0;0;0;2235;0;0;89;0;80;0;
10865;6466377;994947072;18722816;1113059328;0;0;0;0;0;0;0;0;0;0;0;2575;0;0;89;0;80;0;
10866;5377985;989696000;12107776;1106444288;0;0;0;0;0;0;0;0;0;0;0;3456;0;0;89;0;80;0;
10867;5991917;989696000;12107776;1106444288;0;0;0;0;0;0;0;0;0;0;0;3136;0;0;89;0;80;0;
10868;4977465;989696000;12107776;1106444288;0;0;0;0;0;0;0;0;0;0;0;3356;0;0;89;0;80;0;
10869;7912308;989696000;12107776;1106444288;0;0;0;0;0;0;0;0;0;0;0;4969;0;0;89;0;80;0;
10870;4176042;989696000;12107776;1106444288;0;0;0;0;0;0;0;0;0;0;0;3596;0;0;89;0;80;0;
10871;6657345;989696000;12107776;1106444288;0;0;0;0;0;0;0;0;0;0;0;4659;0;0;89;0;80;0;
10872;4297229;989696000;12107776;1106444288;0;0;0;0;0;0;0;0;0;0;0;2465;0;0;89;0;80;0;
10873;7643664;989696000;12107776;1106444288;0;0;0;0;0;0;0;0;0;0;0;4960;0;0;89;0;80;0;
10874;4596219;989696000;12107776;1106444288;0;0;0;0;0;0;0;0;0;0;0;4278;0;0;89;0;80;0;
10875;6025160;989696000;12107776;1106444288;0;0;0;0;0;0;0;0;0;0;0;4428;0;0;89;0;80;0;
10876;5316811;989696000;12107776;1106444288;0;0;0;0;0;0;0;0;0;0;0;3056;0;0;89;0;80;0;
10877;5347789;989696000;12107776;1106444288;0;0;0;0;0;0;0;0;0;0;0;3767;0;0;89;0;80;0;
10878;5729585;989696000;12107776;1106444288;0;0;0;0;0;0;0;0;0;0;0;4068;0;0;89;0;80;0;
10879;5189502;989696000;12107776;1106444288;0;0;0;0;0;0;0;0;0;0;0;4138;0;0;89;0;80;0;
10880;4042331;989696000;12107776;1106444288;0;0;0;0;0;0;0;0;0;0;0;3988;0;0;89;0;80;0;
10881;6363214;989696000;12107776;1106444288;0;0;0;0;0;0;0;0;0;0;0;4329;0;0;89;0;80;0;
10882;5854389;989696000;12107776;1106444288;0;0;0;0;0;0;0;0;0;0;0;4839;0;0;89;0;80;0;
10883;5916656;992866304;18722816;1113059328;0;0;0;0;0;0;0;0;0;0;0;5420;0;0;89;0;80;0;
10884;6768805;994963456;18722816;1113059328;0;0;0;0;0;0;0;0;0;0;0;4859;0;0;89;0;80;0;
10885;7251629;995229696;18722816;1113059328;0;0;0;0;0;0;0;0;0;0;0;4959;0;0;89;0;80;0;
10886;4594477;995229696;18722816;1113059328;0;0;0;0;0;0;0;0;0;0;0;3557;0;0;89;0;80;0;
10887;6099388;995229696;18722816;1113059328;0;0;0;0;0;0;0;0;0;0;0;3727;0;0;89;0;80;0;
10888;5887161;995229696;18722816;1113059328;0;0;0;0;0;0;0;0;0;0;0;3537;0;0;89;0;80;0;
10889;6318891;995229696;18722816;1113059328;0;0;0;0;0;0;0;0;0;0;0;4468;0;0;89;0;80;0;
10890;5030454;989708288;13185024;1107521536;0;0;0;0;0;0;0;0;0;0;0;4338;0;0;89;0;80;0;
10891;6024398;989708288;13185024;1107521536;0;0;0;0;0;0;0;0;0;0;0;4188;0;0;89;0;80;0;
10892;5502860;989708288;13185024;1107521536;0;0;0;0;0;0;0;0;0;0;0;4378;0;0;89;0;80;0;
10893;5523439;989708288;13185024;1107521536;0;0;0;0;0;0;0;0;0;0;0;4529;0;0;89;0;80;0;
10894;4097494;989708288;13185024;1107521536;0;0;0;0;0;0;0;0;0;0;0;3396;0;0;89;0;80;0;
10895;5736057;989708288;13185024;1107521536;0;0;0;0;0;0;0;0;0;0;0;3346;0;0;89;0;80;0;
10896;3637792;989708288;13185024;1107521536;0;0;0;0;0;0;0;0;0;0;0;2355;0;0;89;0;80;0;
10897;6047792;989708288;13185024;1107521536;0;0;0;0;0;0;0;0;0;0;0;2746;0;0;89;0;80;0;
10898;2968998;989708288;13185024;1107521536;0;0;0;0;0;0;0;0;0;0;0;2555;0;0;89;0;80;0;
10899;5633244;989708288;13185024;1107521536;0;0;0;0;0;0;0;0;0;0;0;3116;0;0;89;0;80;0;
10900;3966319;989708288;13185024;1107521536;0;0;0;0;0;0;0;0;0;0;0;2725;0;0;89;0;80;0;
10901;6377510;989708288;13185024;1107521536;0;0;0;0;0;0;0;0;0;0;0;3236;0;0;89;0;80;0;
10902;3710678;989708288;13185024;1107521536;0;0;0;0;0;0;0;0;0;0;0;3116;0;0;89;0;80;0;
10903;6087857;989708288;13185024;1107521536;0;0;0;0;0;0;0;0;0;0;0;3366;0;0;89;0;80;0;
10904;3355492;989708288;13185024;1107521536;0;0;0;0;0;0;0;0;0;0;0;2224;0;0;89;0;80;0;
10905;5767426;989708288;13185024;1107521536;0;0;0;0;0;0;0;0;0;0;0;3406;0;0;89;0;80;0;
10906;3105144;989708288;13185024;1107521536;0;0;0;0;0;0;0;0;0;0;0;2194;0;0;89;0;80;0;
10907;6186572;992337920;18722816;1113059328;0;0;0;0;0;0;0;0;0;0;0;3547;0;0;89;0;80;0;
10908;3092840;994435072;18722816;1113059328;0;0;0;0;0;0;0;0;0;0;0;3055;0;0;89;0;80;0;
10909;5976559;994435072;18722816;1113059328;0;0;0;0;0;0;0;0;0;0;0;4068;0;0;89;0;80;0;
10910;4177554;994435072;18722816;1113059328;0;0;0;0;0;0;0;0;0;0;0;2295;0;0;89;0;80;0;
10911;6536959;994435072;18722816;1113059328;0;0;0;0;0;0;0;0;0;0;0;3606;0;0;89;0;80;0;
10912;2522150;994435072;18722816;1113059328;0;0;0;0;0;0;0;0;0;0;0;1703;0;0;89;0;80;0;
10913;7141533;994435072;18722816;1113059328;0;0;0;0;0;0;0;0;0;0;0;3317;0;0;89;0;80;0;
10914;4459834;994435072;18722816;1113059328;0;0;0;0;0;0;0;0;0;0;0;2445;0;0;89;0;80;0;
10915;6326495;994435072;18722816;1113059328;0;0;0;0;0;0;0;0;0;0;0;4278;0;0;89;0;80;0;
10916;6520298;989720576;13185024;1107521536;0;0;0;0;0;0;0;0;0;0;0;4378;0;0;89;0;80;0;
10917;6942861;989720576;13185024;1107521536;0;0;0;0;0;0;0;0;0;0;0;3407;0;0;89;0;80;0;
10918;3910493;989720576;13185024;1107521536;0;0;0;0;0;0;0;0;0;0;0;2605;0;0;89;0;80;0;
10919;5581097;989720576;13185024;1107521536;0;0;0;0;0;0;0;0;0;0;0;2886;0;0;89;0;80;0;
10920;3422108;989720576;13185024;1107521536;0;0;0;0;0;0;0;0;0;0;0;2445;0;0;89;0;80;0;
10921;5144909;989720576;13185024;1107521536;0;0;0;0;0;0;0;0;0;0;0;3256;0;0;89;0;80;0;
10922;2365397;989720576;13185024;1107521536;0;0;0;0;0;0;0;0;0;0;0;2214;0;0;89;0;80;0;
10923;4956636;989720576;13185024;1107521536;0;0;0;0;0;0;0;0;0;0;0;3196;0;0;89;0;80;0;
10924;3191615;989720576;13185024;1107521536;0;0;0;0;0;0;0;0;0;0;0;2916;0;0;89;0;80;0;
10925;6398249;989720576;13185024;1107521536;0;0;0;0;0;0;0;0;0;0;0;3216;0;0;89;0;80;0;
10926;3504943;989720576;13185024;1107521536;0;0;0;0;0;0;0;0;0;0;0;2154;0;0;89;0;80;0;
10927;5933788;989720576;13185024;1107521536;0;0;0;0;0;0;0;0;0;0;0;3637;0;0;89;0;80;0;
10928;2602120;989720576;13185024;1107521536;0;0;0;0;0;0;0;0;0;0;0;2114;0;0;89;0;80;0;
10929;6441831;992350208;18722816;1113059328;0;0;0;0;0;0;0;0;0;0;0;3086;0;0;89;0;80;0;
10930;3166318;994447360;18722816;1113059328;0;0;0;0;0;0;0;0;0;0;0;2726;0;0;89;0;80;0;
10931;5555999;994447360;18722816;1113059328;0;0;0;0;0;0;0;0;0;0;0;3106;0;0;89;0;80;0;
10932;2753083;994447360;18722816;1113059328;0;0;0;0;0;0;0;0;0;0;0;1904;0;0;89;0;80;0;
10933;4811683;994447360;18722816;1113059328;0;0;0;0;0;0;0;0;0;0;0;3296;0;0;89;0;80;0;
10934;3431595;994447360;18722816;1113059328;0;0;0;0;0;0;0;0;0;0;0;2385;0;0;89;0;80;0;
10935;5256898;994447360;18722816;1113059328;0;0;0;0;0;0;0;0;0;0;0;3317;0;0;89;0;80;0;
10936;3982949;994447360;18722816;1113059328;0;0;0;0;0;0;0;0;0;0;0;2254;0;0;89;0;80;0;
10937;5584924;994447360;18722816;1113059328;0;0;0;0;0;0;0;0;0;0;0;3236;0;0;89;0;80;0;
10938;3819012;989732864;13185024;1107521536;0;0;0;0;0;0;0;0;0;0;0;2515;0;0;89;0;80;0;
10939;5266456;989732864;13185024;1107521536;0;0;0;0;0;0;0;0;0;0;0;3236;0;0;89;0;80;0;
10940;2671651;989732864;13185024;1107521536;0;0;0;0;0;0;0;0;0;0;0;3186;0;0;89;0;80;0;
10941;7623918;989732864;13185024;1107521536;0;0;0;0;0;0;0;0;0;0;0;4498;0;0;89;0;80;0;
10942;4206188;989732864;13185024;1107521536;0;0;0;0;0;0;0;0;0;0;0;3116;0;0;89;0;80;0;
10943;5701914;989732864;13185024;1107521536;0;0;0;0;0;0;0;0;0;0;0;3467;0;0;89;0;80;0;
10944;3791160;989732864;13185024;1107521536;0;0;0;0;0;0;0;0;0;0;0;3096;0;0;89;0;80;0;
10945;5781152;989732864;13185024;1107521536;0;0;0;0;0;0;0;0;0;0;0;2986;0;0;89;0;80;0;
10946;3019833;989732864;13185024;1107521536;0;0;0;0;0;0;0;0;0;0;0;2725;0;0;89;0;80;0;
10947;6049605;989732864;13185024;1107521536;0;0;0;0;0;0;0;0;0;0;0;2916;0;0;89;0;80;0;
10948;4905289;989732864;13185024;1107521536;0;0;0;0;0;0;0;0;0;0;0;2315;0;0;89;0;80;0;
10949;5602557;989732864;13185024;1107521536;0;0;0;0;0;0;0;0;0;0;0;2605;0;0;89;0;80;0;
10950;3993880;989732864;13185024;1107521536;0;0;0;0;0;0;0;0;0;0;0;38643;0;0;89;0;80;0;
10951;4670789;989732864;13185024;1107521536;0;0;0;0;0;0;0;0;0;0;0;2474;0;0;89;0;80;0;
10952;3234075;989732864;13185024;1107521536;0;0;0;0;0;0;0;0;0;0;0;2966;0;0;89;0;80;0;
10953;5127936;989732864;13185024;1107521536;0;0;0;0;0;0;0;0;0;0;0;2685;0;0;89;0;80;0;
10954;2609364;989732864;13185024;1107521536;0;0;0;0;0;0;0;0;0;0;0;2014;0;0;89;0;80;0;
10955;5500826;992362496;18722816;1113059328;0;0;0;0;0;0;0;0;0;0;0;3287;0;0;89;0;80;0;
10956;3144988;994459648;18722816;1113059328;0;0;0;0;0;0;0;0;0;0;0;2074;0;0;89;0;80;0;
10957;11581129;994459648;18722816;1113059328;0;0;0;0;0;0;0;0;0;0;0;3125;0;0;89;0;80;0;
10958;2885581;994459648;18722816;1113059328;0;0;0;0;0;0;0;0;0;0;0;2004;0;0;89;0;80;0;
10959;5381683;994459648;18722816;1113059328;0;0;0;0;0;0;0;0;0;0;0;3076;0;0;89;0;80;0;
10960;3661216;994459648;18722816;1113059328;0;0;0;0;0;0;0;0;0;0;0;2966;0;0;89;0;80;0;
10961;5366304;994459648;18722816;1113059328;0;0;0;0;0;0;0;0;0;0;0;2965;0;0;89;0;80;0;
10962;4153310;994459648;18722816;1113059328;0;0;0;0;0;0;0;0;0;0;0;2826;0;0;89;0;80;0;
10963;5474748;994459648;18722816;1113059328;0;0;0;0;0;0;0;0;0;0;0;3948;0;0;89;0;80;0;
10964;5326369;989745152;13185024;1107521536;0;0;0;0;0;0;0;0;0;0;0;4608;0;0;89;0;80;0;
10965;7167211;989745152;13185024;1107521536;0;0;0;0;0;0;0;0;0;0;0;4098;0;0;89;0;80;0;
10966;5297074;989745152;13185024;1107521536;0;0;0;0;0;0;0;0;0;0;0;2395;0;0;89;0;80;0;
10967;5734724;989745152;13185024;1107521536;0;0;0;0;0;0;0;0;0;0;0;2705;0;0;89;0;80;0;
10968;4220745;989745152;13185024;1107521536;0;0;0;0;0;0;0;0;0;0;0;2875;0;0;89;0;80;0;
10969;5915033;989745152;13185024;1107521536;0;0;0;0;0;0;0;0;0;0;0;3537;0;0;89;0;80;0;
10970;3416888;989745152;13185024;1107521536;0;0;0;0;0;0;0;0;0;0;0;2314;0;0;89;0;80;0;
10971;6614185;989745152;13185024;1107521536;0;0;0;0;0;0;0;0;0;0;0;3546;0;0;89;0;80;0;
10972;3034942;989745152;13185024;1107521536;0;0;0;0;0;0;0;0;0;0;0;2294;0;0;89;0;80;0;
10973;5425575;989745152;13185024;1107521536;0;0;0;0;0;0;0;0;0;0;0;3026;0;0;89;0;80;0;
10974;3215660;989745152;13185024;1107521536;0;0;0;0;0;0;0;0;0;0;0;2224;0;0;89;0;80;0;
10975;5929680;989745152;13185024;1107521536;0;0;0;0;0;0;0;0;0;0;0;2875;0;0;89;0;80;0;
10976;2736902;989745152;13185024;1107521536;0;0;0;0;0;0;0;0;0;0;0;2344;0;0;89;0;80;0;
10977;5689249;992374784;18731008;1113067520;0;0;0;0;0;0;0;0;0;0;0;3366;0;0;89;0;80;0;
10978;3859829;994471936;18731008;1113067520;0;0;0;0;0;0;0;0;0;0;0;2855;0;0;89;0;80;0;
10979;6428716;994471936;18731008;1113067520;0;0;0;0;0;0;0;0;0;0;0;3556;0;0;89;0;80;0;
10980;5913169;994471936;18731008;1113067520;0;0;0;0;0;0;0;0;0;0;0;2826;0;0;89;0;80;0;
10981;5515434;994471936;18731008;1113067520;0;0;0;0;0;0;0;0;0;0;0;3307;0;0;89;0;80;0;
10982;5330838;994471936;18731008;1113067520;0;0;0;0;0;0;0;0;0;0;0;3146;0;0;89;0;80;0;
10983;7467103;994471936;18731008;1113067520;0;0;0;0;0;0;0;0;0;0;0;3546;0;0;89;0;80;0;
10984;5896298;994549760;18722816;1113059328;0;0;0;0;0;0;0;0;0;0;0;2665;0;0;89;0;80;0;
10985;5424423;994549760;18722816;1113059328;0;0;0;0;0;0;0;0;0;0;0;3106;0;0;89;0;80;0;
10986;3822940;989757440;13185024;1107521536;0;0;0;0;0;0;0;0;0;0;0;1783;0;0;89;0;80;0;
10987;5738001;989757440;13185024;1107521536;0;0;0;0;0;0;0;0;0;0;0;1793;0;0;89;0;80;0;
10988;4721415;989757440;13185024;1107521536;0;0;0;0;0;0;0;0;0;0;0;1813;0;0;89;0;80;0;
10989;5605743;989757440;13185024;1107521536;0;0;0;0;0;0;0;0;0;0;0;1824;0;0;89;0;80;0;
10990;3631580;989757440;13185024;1107521536;0;0;0;0;0;0;0;0;0;0;0;1593;0;0;89;0;80;0;
10991;4300936;989757440;13185024;1107521536;0;0;0;0;0;0;0;0;0;0;0;2044;0;0;89;0;80;0;
10992;4288503;989757440;13185024;1107521536;0;0;0;0;0;0;0;0;0;0;0;2144;0;0;89;0;80;0;
10993;6190038;989757440;13185024;1107521536;0;0;0;0;0;0;0;0;0;0;0;2264;0;0;89;0;80;0;
10994;4432783;989757440;13185024;1107521536;0;0;0;0;0;0;0;0;0;0;0;1733;0;0;89;0;80;0;
10995;5736739;989757440;13185024;1107521536;0;0;0;0;0;0;0;0;0;0;0;1844;0;0;89;0;80;0;
10996;4441800;989757440;13185024;1107521536;0;0;0;0;0;0;0;0;0;0;0;1814;0;0;89;0;80;0;
10997;5763258;989757440;13185024;1107521536;0;0;0;0;0;0;0;0;0;0;0;2084;0;0;89;0;80;0;
10998;4583847;989757440;13185024;1107521536;0;0;0;0;0;0;0;0;0;0;0;1673;0;0;89;0;80;0;
10999;5486469;989757440;13185024;1107521536;0;0;0;0;0;0;0;0;0;0;0;1793;0;0;89;0;80;0;
11000;4512312;989757440;13185024;1107521536;0;0;0;0;0;0;0;0;0;0;0;1683;0;0;89;0;80;0;
11001;5713495;989757440;13185024;1107521536;0;0;0;0;0;0;0;0;0;0;0;2174;0;0;89;0;80;0;
11002;5134329;989757440;13185024;1107521536;0;0;0;0;0;0;0;0;0;0;0;2284;0;0;89;0;80;0;
11003;5652752;992387072;18722816;1113059328;0;0;0;0;0;0;0;0;0;0;0;2495;0;0;89;0;80;0;
11004;5280173;994484224;18722816;1113059328;0;0;0;0;0;0;0;0;0;0;0;2375;0;0;89;0;80;0;
11005;6414910;994484224;18722816;1113059328;0;0;0;0;0;0;0;0;0;0;0;2385;0;0;89;0;80;0;
11006;4910209;994484224;18722816;1113059328;0;0;0;0;0;0;0;0;0;0;0;1983;0;0;89;0;80;0;
11007;6147750;994484224;18722816;1113059328;0;0;0;0;0;0;0;0;0;0;0;1923;0;0;89;0;80;0;
11008;3246728;994484224;18722816;1113059328;0;0;0;0;0;0;0;0;0;0;0;1634;0;0;89;0;80;0;
11009;5195133;994484224;18722816;1113059328;0;0;0;0;0;0;0;0;0;0;0;1783;0;0;89;0;80;0;
11010;3471560;994484224;18722816;1113059328;0;0;0;0;0;0;0;0;0;0;0;1713;0;0;89;0;80;0;
11011;6128414;994484224;18722816;1113059328;0;0;0;0;0;0;0;0;0;0;0;2715;0;0;89;0;80;0;
11012;3733512;989769728;13185024;1107521536;0;0;0;0;0;0;0;0;0;0;0;1873;0;0;89;0;80;0;
11013;6140175;989769728;13185024;1107521536;0;0;0;0;0;0;0;0;0;0;0;2615;0;0;89;0;80;0;
11014;5061852;989769728;13185024;1107521536;0;0;0;0;0;0;0;0;0;0;0;1834;0;0;89;0;80;0;
11015;5572401;989769728;13185024;1107521536;0;0;0;0;0;0;0;0;0;0;0;2245;0;0;89;0;80;0;
11016;4001474;989769728;13185024;1107521536;0;0;0;0;0;0;0;0;0;0;0;1874;0;0;89;0;80;0;
11017;6388951;989769728;13185024;1107521536;0;0;0;0;0;0;0;0;0;0;0;68148;0;0;89;0;80;0;
11018;2587562;989769728;13185024;1107521536;0;0;0;0;0;0;0;0;0;0;0;1773;0;0;89;0;80;0;
11019;5958304;989769728;13185024;1107521536;0;0;0;0;0;0;0;0;0;0;0;1814;0;0;89;0;80;0;
11020;4775466;989769728;13185024;1107521536;0;0;0;0;0;0;0;0;0;0;0;1843;0;0;89;0;80;0;
11021;6345470;989769728;13185024;1107521536;0;0;0;0;0;0;0;0;0;0;0;102021;0;0;89;0;80;0;
11022;4145334;989769728;13185024;1107521536;0;0;0;0;0;0;0;0;0;0;0;1663;0;0;89;0;80;0;
11023;6167527;989769728;13185024;1107521536;0;0;0;0;0;0;0;0;0;0;0;1513;0;0;89;0;80;0;
11024;6524075;989769728;13185024;1107521536;0;0;0;0;0;0;0;0;0;0;0;1493;0;0;89;0;80;0;
11025;6452430;992399360;18722816;1113059328;0;0;0;0;0;0;0;0;0;0;0;2244;0;0;89;0;80;0;
11026;4236405;994496512;18722816;1113059328;0;0;0;0;0;0;0;0;0;0;0;2364;0;0;89;0;80;0;
11027;5856644;994496512;18722816;1113059328;0;0;0;0;0;0;0;0;0;0;0;2154;0;0;89;0;80;0;
11028;4651063;994496512;18722816;1113059328;0;0;0;0;0;0;0;0;0;0;0;1803;0;0;89;0;80;0;
11029;6184448;994496512;18722816;1113059328;0;0;0;0;0;0;0;0;0;0;0;2154;0;0;89;0;80;0;
11030;4128713;994496512;18722816;1113059328;0;0;0;0;0;0;0;0;0;0;0;1593;0;0;89;0;80;0;
11031;5742409;994496512;18722816;1113059328;0;0;0;0;0;0;0;0;0;0;0;2114;0;0;89;0;80;0;
11032;4326544;994496512;18722816;1113059328;0;0;0;0;0;0;0;0;0;0;0;1613;0;0;89;0;80;0;
11033;7903422;994496512;18722816;1113059328;0;0;0;0;0;0;0;0;0;0;0;2034;0;0;89;0;80;0;
11034;3648292;989782016;13185024;1107521536;0;0;0;0;0;0;0;0;0;0;0;1242;0;0;89;0;80;0;
11035;5950740;989782016;13185024;1107521536;0;0;0;0;0;0;0;0;0;0;0;2244;0;0;89;0;80;0;
11036;4712428;989782016;13185024;1107521536;0;0;0;0;0;0;0;0;0;0;0;2094;0;0;89;0;80;0;
11037;5850352;989782016;13185024;1107521536;0;0;0;0;0;0;0;0;0;0;0;2555;0;0;89;0;80;0;
11038;3696913;989782016;13185024;1107521536;0;0;0;0;0;0;0;0;0;0;0;1764;0;0;89;0;80;0;
11039;5736848;989782016;13185024;1107521536;0;0;0;0;0;0;0;0;0;0;0;1774;0;0;89;0;80;0;
11040;4685908;989782016;13185024;1107521536;0;0;0;0;0;0;0;0;0;0;0;2175;0;0;89;0;80;0;
11041;4609264;989782016;13185024;1107521536;0;0;0;0;0;0;0;0;0;0;0;2355;0;0;89;0;80;0;
11042;5642331;989782016;13185024;1107521536;0;0;0;0;0;0;0;0;0;0;0;1713;0;0;89;0;80;0;
11043;5607657;989782016;13185024;1107521536;0;0;0;0;0;0;0;0;0;0;0;2144;0;0;89;0;80;0;
11044;3127234;989782016;13185024;1107521536;0;0;0;0;0;0;0;0;0;0;0;1803;0;0;89;0;80;0;
11045;6103046;989782016;13185024;1107521536;0;0;0;0;0;0;0;0;0;0;0;2044;0;0;89;0;80;0;
11046;3414944;989782016;13185024;1107521536;0;0;0;0;0;0;0;0;0;0;0;1973;0;0;89;0;80;0;
11047;5153034;989782016;13185024;1107521536;0;0;0;0;0;0;0;0;0;0;0;1934;0;0;89;0;80;0;
11048;2580920;989782016;13185024;1107521536;0;0;0;0;0;0;0;0;0;0;0;1954;0;0;89;0;80;0;
11049;5533357;992411648;18722816;1113059328;0;0;0;0;0;0;0;0;0;0;0;2014;0;0;89;0;80;0;
11050;4202992;994508800;18722816;1113059328;0;0;0;0;0;0;0;0;0;0;0;2134;0;0;89;0;80;0;
11051;4248517;994508800;18722816;1113059328;0;0;0;0;0;0;0;0;0;0;0;2124;0;0;89;0;80;0;
11052;2686267;994508800;18722816;1113059328;0;0;0;0;0;0;0;0;0;0;0;1763;0;0;89;0;80;0;
11053;5275253;994508800;18722816;1113059328;0;0;0;0;0;0;0;0;0;0;0;1943;0;0;89;0;80;0;
11054;3822188;994508800;18722816;1113059328;0;0;0;0;0;0;0;0;0;0;0;1814;0;0;89;0;80;0;
11055;6649872;994508800;18722816;1113059328;0;0;0;0;0;0;0;0;0;0;0;2424;0;0;89;0;80;0;
11056;2552466;994508800;18722816;1113059328;0;0;0;0;0;0;0;0;0;0;0;2074;0;0;89;0;80;0;
11057;5580666;994508800;18722816;1113059328;0;0;0;0;0;0;0;0;0;0;0;2174;0;0;89;0;80;0;
11058;4564680;989794304;13185024;1107521536;0;0;0;0;0;0;0;0;0;0;0;2145;0;0;89;0;80;0;
11059;5270765;989794304;13185024;1107521536;0;0;0;0;0;0;0;0;0;0;0;2454;0;0;89;0;80;0;
11060;2155924;989794304;13185024;1107521536;0;0;0;0;0;0;0;0;0;0;0;2294;0;0;89;0;80;0;
11061;6453823;989794304;13185024;1107521536;0;0;0;0;0;0;0;0;0;0;0;2515;0;0;89;0;80;0;
11062;2226596;989794304;13185024;1107521536;0;0;0;0;0;0;0;0;0;0;0;1363;0;0;89;0;80;0;
11063;6109137;989794304;13185024;1107521536;0;0;0;0;0;0;0;0;0;0;0;2335;0;0;89;0;80;0;
11064;3909211;989794304;13185024;1107521536;0;0;0;0;0;0;0;0;0;0;0;2004;0;0;89;0;80;0;
11065;5838189;992423936;18722816;1113059328;0;0;0;0;0;0;0;0;0;0;0;2364;0;0;89;0;80;0;
11066;4707919;994582528;18718720;1113055232;0;0;0;0;0;0;0;0;0;0;0;2685;0;0;89;0;80;0;
11067;5012721;994582528;18718720;1113055232;0;0;0;0;0;0;0;0;0;0;0;1412;0;0;89;0;80;0;
11068;5204751;994582528;18718720;1113055232;0;0;0;0;0;0;0;0;0;0;0;2585;0;0;89;0;80;0;
11069;5374530;994582528;18718720;1113055232;0;0;0;0;0;0;0;0;0;0;0;1383;0;0;89;0;80;0;
11070;4045146;994578432;18714624;1113051136;0;0;0;0;0;0;0;0;0;0;0;2314;0;0;89;0;80;0;
11071;7268681;994578432;18714624;1113051136;0;0;0;0;0;0;0;0;0;0;0;1743;0;0;89;0;80;0;
11072;4919376;994578432;18714624;1113051136;0;0;0;0;0;0;0;0;0;0;0;2395;0;0;89;0;80;0;
11073;7279251;994578432;18714624;1113051136;0;0;0;0;0;0;0;0;0;0;0;1863;0;0;89;0;80;0;
11074;4486033;994578432;18714624;1113051136;0;0;0;0;0;0;0;0;0;0;0;2975;0;0;89;0;80;0;
11075;6032213;994578432;18714624;1113051136;0;0;0;0;0;0;0;0;0;0;0;1823;0;0;89;0;80;0;
11076;3585854;994578432;18714624;1113051136;0;0;0;0;0;0;0;0;0;0;0;2404;0;0;89;0;80;0;
11077;5819173;994578432;18714624;1113051136;0;0;0;0;0;0;0;0;0;0;0;1603;0;0;89;0;80;0;
11078;4599747;994578432;18714624;1113051136;0;0;0;0;0;0;0;0;0;0;0;2574;0;0;89;0;80;0;
11079;5672057;994578432;18714624;1113051136;0;0;0;0;0;0;0;0;0;0;0;2024;0;0;89;0;80;0;
11080;4475373;994578432;18714624;1113051136;0;0;0;0;0;0;0;0;0;0;0;2384;0;0;89;0;80;0;
11081;6094459;994578432;18714624;1113051136;0;0;0;0;0;0;0;0;0;0;0;1784;0;0;89;0;80;0;
11082;4851959;989798400;13176832;1107513344;0;0;0;0;0;0;0;0;0;0;0;24406;0;0;89;0;80;0;
11083;6301097;989798400;13176832;1107513344;0;0;0;0;0;0;0;0;0;0;0;1613;0;0;89;0;80;0;
11084;4373913;989798400;13176832;1107513344;0;0;0;0;0;0;0;0;0;0;0;3095;0;0;89;0;80;0;
11085;5981057;989798400;13176832;1107513344;0;0;0;0;0;0;0;0;0;0;0;1653;0;0;89;0;80;0;
11086;3610160;989798400;13176832;1107513344;0;0;0;0;0;0;0;0;0;0;0;2304;0;0;89;0;80;0;
11087;5273259;989798400;13176832;1107513344;0;0;0;0;0;0;0;0;0;0;0;1644;0;0;89;0;80;0;
11088;4962937;989798400;13176832;1107513344;0;0;0;0;0;0;0;0;0;0;0;2094;0;0;89;0;80;0;
11089;5933928;989798400;13176832;1107513344;0;0;0;0;0;0;0;0;0;0;0;1713;0;0;89;0;80;0;
11090;3837597;989798400;13176832;1107513344;0;0;0;0;0;0;0;0;0;0;0;1984;0;0;89;0;80;0;
11091;4724410;989798400;13176832;1107513344;0;0;0;0;0;0;0;0;0;0;0;1933;0;0;89;0;80;0;
11092;5345775;989798400;13176832;1107513344;0;0;0;0;0;0;0;0;0;0;0;2405;0;0;89;0;80;0;
11093;5358469;989798400;13176832;1107513344;0;0;0;0;0;0;0;0;0;0;0;1573;0;0;89;0;80;0;
11094;5605573;989798400;13176832;1107513344;0;0;0;0;0;0;0;0;0;0;0;3116;0;0;89;0;80;0;
11095;4527751;989798400;13176832;1107513344;0;0;0;0;0;0;0;0;0;0;0;1563;0;0;89;0;80;0;
11096;5495055;989798400;13176832;1107513344;0;0;0;0;0;0;0;0;0;0;0;2185;0;0;89;0;80;0;
11097;7574625;992428032;18714624;1113051136;0;0;0;0;0;0;0;0;0;0;0;1704;0;0;89;0;80;0;
11098;4525747;994525184;18714624;1113051136;0;0;0;0;0;0;0;0;0;0;0;2414;0;0;89;0;80;0;
11099;4772189;994525184;18714624;1113051136;0;0;0;0;0;0;0;0;0;0;0;1714;0;0;89;0;80;0;
11100;5406079;994525184;18714624;1113051136;0;0;0;0;0;0;0;0;0;0;0;2354;0;0;89;0;80;0;
11101;5418131;994525184;18714624;1113051136;0;0;0;0;0;0;0;0;0;0;0;1363;0;0;89;0;80;0;
11102;4133382;994525184;18714624;1113051136;0;0;0;0;0;0;0;0;0;0;0;1954;0;0;89;0;80;0;
11103;5194242;994525184;18714624;1113051136;0;0;0;0;0;0;0;0;0;0;0;1563;0;0;89;0;80;0;
11104;5951641;994525184;18714624;1113051136;0;0;0;0;0;0;0;0;0;0;0;2545;0;0;89;0;80;0;
11105;5879226;994525184;18714624;1113051136;0;0;0;0;0;0;0;0;0;0;0;23243;0;0;89;0;80;0;
11106;4300234;989810688;13176832;1107513344;0;0;0;0;0;0;0;0;0;0;0;1884;0;0;89;0;80;0;
11107;5540762;989810688;13176832;1107513344;0;0;0;0;0;0;0;0;0;0;0;1483;0;0;89;0;80;0;
11108;4322126;989810688;13176832;1107513344;0;0;0;0;0;0;0;0;0;0;0;2314;0;0;89;0;80;0;
11109;6169109;989810688;13176832;1107513344;0;0;0;0;0;0;0;0;0;0;0;1573;0;0;89;0;80;0;
11110;3871450;989810688;13176832;1107513344;0;0;0;0;0;0;0;0;0;0;0;55594;0;0;89;0;80;0;
11111;6059604;989810688;13176832;1107513344;0;0;0;0;0;0;0;0;0;0;0;1994;0;0;89;0;80;0;
11112;4610036;989810688;13176832;1107513344;0;0;0;0;0;0;0;0;0;0;0;2394;0;0;89;0;80;0;
11113;7154868;989810688;13176832;1107513344;0;0;0;0;0;0;0;0;0;0;0;1933;0;0;89;0;80;0;
11114;4334248;989810688;13176832;1107513344;0;0;0;0;0;0;0;0;0;0;0;2325;0;0;89;0;80;0;
11115;5493683;989810688;13176832;1107513344;0;0;0;0;0;0;0;0;0;0;0;1603;0;0;89;0;80;0;
11116;5710149;989810688;13176832;1107513344;0;0;0;0;0;0;0;0;0;0;0;2725;0;0;89;0;80;0;
11117;5550750;989810688;13176832;1107513344;0;0;0;0;0;0;0;0;0;0;0;1473;0;0;89;0;80;0;
11118;3721169;989810688;13176832;1107513344;0;0;0;0;0;0;0;0;0;0;0;1743;0;0;89;0;80;0;
11119;5594963;989810688;13176832;1107513344;0;0;0;0;0;0;0;0;0;0;0;1342;0;0;89;0;80;0;
11120;3283638;989810688;13176832;1107513344;0;0;0;0;0;0;0;0;0;0;0;1893;0;0;89;0;80;0;
11121;6715214;992440320;18714624;1113051136;0;0;0;0;0;0;0;0;0;0;0;2094;0;0;89;0;80;0;
11122;3181436;994537472;18714624;1113051136;0;0;0;0;0;0;0;0;0;0;0;2454;0;0;89;0;80;0;
11123;5431205;994537472;18714624;1113051136;0;0;0;0;0;0;0;0;0;0;0;1853;0;0;89;0;80;0;
11124;3945880;994537472;18714624;1113051136;0;0;0;0;0;0;0;0;0;0;0;2334;0;0;89;0;80;0;
11125;5431887;994537472;18714624;1113051136;0;0;0;0;0;0;0;0;0;0;0;1253;0;0;89;0;80;0;
11126;3772655;994537472;18714624;1113051136;0;0;0;0;0;0;0;0;0;0;0;108022;0;0;89;0;80;0;
11127;5093682;994537472;18714624;1113051136;0;0;0;0;0;0;0;0;0;0;0;1873;0;0;89;0;80;0;
11128;3588610;994537472;18714624;1113051136;0;0;0;0;0;0;0;0;0;0;0;2655;0;0;89;0;80;0;
11129;5325537;994537472;18714624;1113051136;0;0;0;0;0;0;0;0;0;0;0;1493;0;0;89;0;80;0;
11130;3773927;989822976;13176832;1107513344;0;0;0;0;0;0;0;0;0;0;0;1943;0;0;89;0;80;0;
11131;6243759;989822976;13176832;1107513344;0;0;0;0;0;0;0;0;0;0;0;1963;0;0;89;0;80;0;
11132;2369875;989822976;13176832;1107513344;0;0;0;0;0;0;0;0;0;0;0;1773;0;0;89;0;80;0;
11133;5494224;989822976;13176832;1107513344;0;0;0;0;0;0;0;0;0;0;0;1813;0;0;89;0;80;0;
11134;2885602;989822976;13176832;1107513344;0;0;0;0;0;0;0;0;0;0;0;2164;0;0;89;0;80;0;
11135;5383866;989822976;13176832;1107513344;0;0;0;0;0;0;0;0;0;0;0;1664;0;0;89;0;80;0;
11136;2559380;989822976;13176832;1107513344;0;0;0;0;0;0;0;0;0;0;0;1813;0;0;89;0;80;0;
11137;5404927;989822976;13176832;1107513344;0;0;0;0;0;0;0;0;0;0;0;1553;0;0;89;0;80;0;
11138;3805707;989822976;13176832;1107513344;0;0;0;0;0;0;0;0;0;0;0;2114;0;0;89;0;80;0;
11139;5569475;989822976;13176832;1107513344;0;0;0;0;0;0;0;0;0;0;0;1322;0;0;89;0;80;0;
11140;3146020;989822976;13176832;1107513344;0;0;0;0;0;0;0;0;0;0;0;1914;0;0;89;0;80;0;
11141;5271316;989822976;13176832;1107513344;0;0;0;0;0;0;0;0;0;0;0;2354;0;0;89;0;80;0;
11142;4101121;989822976;13176832;1107513344;0;0;0;0;0;0;0;0;0;0;0;2315;0;0;89;0;80;0;
11143;4804060;992452608;18714624;1113051136;0;0;0;0;0;0;0;0;0;0;0;2043;0;0;89;0;80;0;
11144;4635714;994549760;18714624;1113051136;0;0;0;0;0;0;0;0;0;0;0;2034;0;0;89;0;80;0;
11145;5249736;994549760;18714624;1113051136;0;0;0;0;0;0;0;0;0;0;0;1893;0;0;89;0;80;0;
11146;4658666;994549760;18714624;1113051136;0;0;0;0;0;0;0;0;0;0;0;2414;0;0;89;0;80;0;
11147;4891143;994549760;18714624;1113051136;0;0;0;0;0;0;0;0;0;0;0;1483;0;0;89;0;80;0;
11148;4435478;994549760;18714624;1113051136;0;0;0;0;0;0;0;0;0;0;0;1954;0;0;89;0;80;0;
11149;5588911;994549760;18714624;1113051136;0;0;0;0;0;0;0;0;0;0;0;1693;0;0;89;0;80;0;
11150;2482636;994549760;18714624;1113051136;0;0;0;0;0;0;0;0;0;0;0;2074;0;0;89;0;80;0;
11151;5411088;994549760;18714624;1113051136;0;0;0;0;0;0;0;0;0;0;0;1583;0;0;89;0;80;0;
11152;2586661;989835264;13176832;1107513344;0;0;0;0;0;0;0;0;0;0;0;2245;0;0;89;0;80;0;
11153;5919761;989835264;13176832;1107513344;0;0;0;0;0;0;0;0;0;0;0;1994;0;0;89;0;80;0;
11154;3507878;989835264;13176832;1107513344;0;0;0;0;0;0;0;0;0;0;0;2705;0;0;89;0;80;0;
11155;5959656;989835264;13176832;1107513344;0;0;0;0;0;0;0;0;0;0;0;2104;0;0;89;0;80;0;
11156;4394431;989835264;13176832;1107513344;0;0;0;0;0;0;0;0;0;0;0;2305;0;0;89;0;80;0;
11157;11754655;989835264;13176832;1107513344;0;0;0;0;0;0;0;0;0;0;0;1824;0;0;89;0;80;0;
11158;4234271;989835264;13176832;1107513344;0;0;0;0;0;0;0;0;0;0;0;2304;0;0;89;0;80;0;
11159;5952463;989835264;13176832;1107513344;0;0;0;0;0;0;0;0;0;0;0;1472;0;0;89;0;80;0;
11160;4433965;989835264;13176832;1107513344;0;0;0;0;0;0;0;0;0;0;0;1623;0;0;89;0;80;0;
11161;5051403;989835264;13176832;1107513344;0;0;0;0;0;0;0;0;0;0;0;1432;0;0;89;0;80;0;
11162;3508590;989835264;13176832;1107513344;0;0;0;0;0;0;0;0;0;0;0;2554;0;0;89;0;80;0;
11163;6267675;989835264;13176832;1107513344;0;0;0;0;0;0;0;0;0;0;0;1744;0;0;89;0;80;0;
11164;3430694;989835264;13176832;1107513344;0;0;0;0;0;0;0;0;0;0;0;2524;0;0;89;0;80;0;
11165;6095231;989835264;13176832;1107513344;0;0;0;0;0;0;0;0;0;0;0;2204;0;0;89;0;80;0;
11166;3711140;989835264;13176832;1107513344;0;0;0;0;0;0;0;0;0;0;0;2484;0;0;89;0;80;0;
11167;5441114;989835264;13176832;1107513344;0;0;0;0;0;0;0;0;0;0;0;1493;0;0;89;0;80;0;
11168;3815376;989835264;13176832;1107513344;0;0;0;0;0;0;0;0;0;0;0;2354;0;0;89;0;80;0;
11169;6173848;992464896;18714624;1113051136;0;0;0;0;0;0;0;0;0;0;0;1843;0;0;89;0;80;0;
11170;3459998;994562048;18714624;1113051136;0;0;0;0;0;0;0;0;0;0;0;2274;0;0;89;0;80;0;
11171;5280864;994562048;18714624;1113051136;0;0;0;0;0;0;0;0;0;0;0;1703;0;0;89;0;80;0;
11172;4363944;994562048;18714624;1113051136;0;0;0;0;0;0;0;0;0;0;0;2565;0;0;89;0;80;0;
11173;5315499;994562048;18714624;1113051136;0;0;0;0;0;0;0;0;0;0;0;1633;0;0;89;0;80;0;
11174;3976458;994562048;18714624;1113051136;0;0;0;0;0;0;0;0;0;0;0;2014;0;0;89;0;80;0;
11175;5365262;994562048;18714624;1113051136;0;0;0;0;0;0;0;0;0;0;0;1713;0;0;89;0;80;0;
11176;3531022;994562048;18714624;1113051136;0;0;0;0;0;0;0;0;0;0;0;2024;0;0;89;0;80;0;
11177;5778356;994562048;18714624;1113051136;0;0;0;0;0;0;0;0;0;0;0;2073;0;0;89;0;80;0;
11178;3663079;989847552;13176832;1107513344;0;0;0;0;0;0;0;0;0;0;0;2254;0;0;89;0;80;0;
11179;5242010;989847552;13176832;1107513344;0;0;0;0;0;0;0;0;0;0;0;1814;0;0;89;0;80;0;
11180;4473840;989847552;13176832;1107513344;0;0;0;0;0;0;0;0;0;0;0;2765;0;0;89;0;80;0;
11181;4940044;989847552;13176832;1107513344;0;0;0;0;0;0;0;0;0;0;0;1863;0;0;89;0;80;0;
11182;3390258;989847552;13176832;1107513344;0;0;0;0;0;0;0;0;0;0;0;2925;0;0;89;0;80;0;
11183;5084515;989847552;13176832;1107513344;0;0;0;0;0;0;0;0;0;0;0;2064;0;0;89;0;80;0;
11184;5253322;989847552;13176832;1107513344;0;0;0;0;0;0;0;0;0;0;0;2905;0;0;89;0;80;0;
11185;6236225;989847552;13176832;1107513344;0;0;0;0;0;0;0;0;0;0;0;1783;0;0;89;0;80;0;
11186;4052079;989847552;13176832;1107513344;0;0;0;0;0;0;0;0;0;0;0;3036;0;0;89;0;80;0;
11187;6461027;989847552;13176832;1107513344;0;0;0;0;0;0;0;0;0;0;0;2284;0;0;89;0;80;0;
11188;3557732;989847552;13176832;1107513344;0;0;0;0;0;0;0;0;0;0;0;2775;0;0;89;0;80;0;
11189;6748506;989847552;13176832;1107513344;0;0;0;0;0;0;0;0;0;0;0;1713;0;0;89;0;80;0;
11190;5493502;989847552;13176832;1107513344;0;0;0;0;0;0;0;0;0;0;0;2815;0;0;89;0;80;0;
11191;5433180;992477184;18714624;1113051136;0;0;0;0;0;0;0;0;0;0;0;1353;0;0;89;0;80;0;
11192;5754091;994574336;18714624;1113051136;0;0;0;0;0;0;0;0;0;0;0;3827;0;0;89;0;80;0;
11193;5424964;994574336;18714624;1113051136;0;0;0;0;0;0;0;0;0;0;0;1863;0;0;89;0;80;0;
11194;4266221;994574336;18714624;1113051136;0;0;0;0;0;0;0;0;0;0;0;2314;0;0;89;0;80;0;
11195;5523759;994574336;18714624;1113051136;0;0;0;0;0;0;0;0;0;0;0;1693;0;0;89;0;80;0;
11196;4100711;994574336;18714624;1113051136;0;0;0;0;0;0;0;0;0;0;0;2315;0;0;89;0;80;0;
11197;5365022;994574336;18714624;1113051136;0;0;0;0;0;0;0;0;0;0;0;1523;0;0;89;0;80;0;
11198;4883348;994574336;18714624;1113051136;0;0;0;0;0;0;0;0;0;0;0;2865;0;0;89;0;80;0;
11199;5842356;994574336;18714624;1113051136;0;0;0;0;0;0;0;0;0;0;0;1482;0;0;89;0;80;0;
11200;4190649;989859840;13176832;1107513344;0;0;0;0;0;0;0;0;0;0;0;1974;0;0;89;0;80;0;
11201;6272544;989859840;13176832;1107513344;0;0;0;0;0;0;0;0;0;0;0;1473;0;0;89;0;80;0;
11202;4282652;989859840;13176832;1107513344;0;0;0;0;0;0;0;0;0;0;0;2625;0;0;89;0;80;0;
11203;5799226;989859840;13176832;1107513344;0;0;0;0;0;0;0;0;0;0;0;1743;0;0;89;0;80;0;
11204;3742198;989859840;13176832;1107513344;0;0;0;0;0;0;0;0;0;0;0;1873;0;0;89;0;80;0;
11205;5650757;989859840;13176832;1107513344;0;0;0;0;0;0;0;0;0;0;0;1894;0;0;89;0;80;0;
11206;4640933;989859840;13176832;1107513344;0;0;0;0;0;0;0;0;0;0;0;3446;0;0;89;0;80;0;
11207;5310489;989859840;13176832;1107513344;0;0;0;0;0;0;0;0;0;0;0;2063;0;0;89;0;80;0;
11208;4856888;989859840;13176832;1107513344;0;0;0;0;0;0;0;0;0;0;0;2345;0;0;89;0;80;0;
11209;5333612;989859840;13176832;1107513344;0;0;0;0;0;0;0;0;0;0;0;1423;0;0;89;0;80;0;
11210;3625479;989859840;13176832;1107513344;0;0;0;0;0;0;0;0;0;0;0;1994;0;0;89;0;80;0;
11211;5950730;989859840;13176832;1107513344;0;0;0;0;0;0;0;0;0;0;0;1984;0;0;89;0;80;0;
11212;4940425;989859840;13176832;1107513344;0;0;0;0;0;0;0;0;0;0;0;1994;0;0;89;0;80;0;
11213;5854189;989859840;13176832;1107513344;0;0;0;0;0;0;0;0;0;0;0;1623;0;0;89;0;80;0;
11214;3752738;989859840;13176832;1107513344;0;0;0;0;0;0;0;0;0;0;0;1984;0;0;89;0;80;0;
11215;5546782;989859840;13176832;1107513344;0;0;0;0;0;0;0;0;0;0;0;1984;0;0;89;0;80;0;
11216;3412389;989859840;13176832;1107513344;0;0;0;0;0;0;0;0;0;0;0;2444;0;0;89;0;80;0;
11217;5140440;992489472;18714624;1113051136;0;0;0;0;0;0;0;0;0;0;0;1703;0;0;89;0;80;0;
11218;3523218;994586624;18714624;1113051136;0;0;0;0;0;0;0;0;0;0;0;2785;0;0;89;0;80;0;
11219;5426437;994586624;18714624;1113051136;0;0;0;0;0;0;0;0;0;0;0;1873;0;0;89;0;80;0;
11220;3028881;994586624;18714624;1113051136;0;0;0;0;0;0;0;0;0;0;0;2555;0;0;89;0;80;0;
11221;5868245;994586624;18714624;1113051136;0;0;0;0;0;0;0;0;0;0;0;1493;0;0;89;0;80;0;
11222;3900695;994586624;18714624;1113051136;0;0;0;0;0;0;0;0;0;0;0;2094;0;0;89;0;80;0;
11223;5192098;994586624;18714624;1113051136;0;0;0;0;0;0;0;0;0;0;0;1663;0;0;89;0;80;0;
11224;2969570;994586624;18714624;1113051136;0;0;0;0;0;0;0;0;0;0;0;1884;0;0;89;0;80;0;
11225;5000418;994586624;18714624;1113051136;0;0;0;0;0;0;0;0;0;0;0;1723;0;0;89;0;80;0;
11226;4930146;989872128;13176832;1107513344;0;0;0;0;0;0;0;0;0;0;0;2735;0;0;89;0;80;0;
11227;5549909;989872128;13176832;1107513344;0;0;0;0;0;0;0;0;0;0;0;1984;0;0;89;0;80;0;
11228;2782338;989872128;13176832;1107513344;0;0;0;0;0;0;0;0;0;0;0;2114;0;0;89;0;80;0;
11229;4925417;989872128;13176832;1107513344;0;0;0;0;0;0;0;0;0;0;0;46918;0;0;89;0;80;0;
11230;2853191;989872128;13176832;1107513344;0;0;0;0;0;0;0;0;0;0;0;2294;0;0;89;0;80;0;
11231;4954431;989872128;13176832;1107513344;0;0;0;0;0;0;0;0;0;0;0;1683;0;0;89;0;80;0;
11232;2423305;989872128;13176832;1107513344;0;0;0;0;0;0;0;0;0;0;0;2064;0;0;89;0;80;0;
11233;4306126;989872128;13176832;1107513344;0;0;0;0;0;0;0;0;0;0;0;1583;0;0;89;0;80;0;
11234;3858817;989872128;13176832;1107513344;0;0;0;0;0;0;0;0;0;0;0;1784;0;0;89;0;80;0;
11235;5162783;989872128;13176832;1107513344;0;0;0;0;0;0;0;0;0;0;0;1563;0;0;89;0;80;0;
11236;3418401;989872128;13176832;1107513344;0;0;0;0;0;0;0;0;0;0;0;3647;0;0;89;0;80;0;
11237;5666457;989872128;13176832;1107513344;0;0;0;0;0;0;0;0;0;0;0;1563;0;0;89;0;80;0;
11238;5214729;989872128;13176832;1107513344;0;0;0;0;0;0;0;0;0;0;0;2114;0;0;89;0;80;0;
11239;5903030;992501760;18714624;1113051136;0;0;0;0;0;0;0;0;0;0;0;1664;0;0;89;0;80;0;
11240;10701921;994598912;18714624;1113051136;0;0;0;0;0;0;0;0;0;0;0;2375;0;0;89;0;80;0;
11241;6592182;994598912;18714624;1113051136;0;0;0;0;0;0;0;0;0;0;0;1603;0;0;89;0;80;0;
11242;4667594;994598912;18714624;1113051136;0;0;0;0;0;0;0;0;0;0;0;2414;0;0;89;0;80;0;
11243;6437983;994598912;18714624;1113051136;0;0;0;0;0;0;0;0;0;0;0;1914;0;0;89;0;80;0;
11244;6447301;994598912;18714624;1113051136;0;0;0;0;0;0;0;0;0;0;0;5771;0;0;89;0;80;0;
11245;5526064;994598912;18714624;1113051136;0;0;0;0;0;0;0;0;0;0;0;1924;0;0;89;0;80;0;
11246;5196506;994598912;18714624;1113051136;0;0;0;0;0;0;0;0;0;0;0;5059;0;0;89;0;80;0;
11247;7187739;994598912;18714624;1113051136;0;0;0;0;0;0;0;0;0;0;0;3496;0;0;89;0;80;0;
11248;5554637;989884416;13176832;1107513344;0;0;0;0;0;0;0;0;0;0;0;4949;0;0;89;0;80;0;
11249;5480077;989884416;13176832;1107513344;0;0;0;0;0;0;0;0;0;0;0;2004;0;0;89;0;80;0;
11250;4830249;989884416;13176832;1107513344;0;0;0;0;0;0;0;0;0;0;0;2845;0;0;89;0;80;0;
11251;5000829;989884416;13176832;1107513344;0;0;0;0;0;0;0;0;0;0;0;1853;0;0;89;0;80;0;
11252;5051865;989884416;13176832;1107513344;0;0;0;0;0;0;0;0;0;0;0;3116;0;0;89;0;80;0;
11253;4635864;989884416;13176832;1107513344;0;0;0;0;0;0;0;0;0;0;0;1793;0;0;89;0;80;0;
11254;4513694;989884416;13176832;1107513344;0;0;0;0;0;0;0;0;0;0;0;3115;0;0;89;0;80;0;
11255;5218426;989884416;13176832;1107513344;0;0;0;0;0;0;0;0;0;0;0;2043;0;0;89;0;80;0;
11256;4012154;989884416;13176832;1107513344;0;0;0;0;0;0;0;0;0;0;0;3176;0;0;89;0;80;0;
11257;5797853;989884416;13176832;1107513344;0;0;0;0;0;0;0;0;0;0;0;2494;0;0;89;0;80;0;
11258;2813146;989884416;13176832;1107513344;0;0;0;0;0;0;0;0;0;0;0;2895;0;0;89;0;80;0;
11259;4576353;989884416;13176832;1107513344;0;0;0;0;0;0;0;0;0;0;0;2725;0;0;89;0;80;0;
11260;3966188;989884416;13176832;1107513344;0;0;0;0;0;0;0;0;0;0;0;3396;0;0;89;0;80;0;
11261;5187138;989884416;13176832;1107513344;0;0;0;0;0;0;0;0;0;0;0;1723;0;0;89;0;80;0;
11262;2738726;989884416;13176832;1107513344;0;0;0;0;0;0;0;0;0;0;0;1743;0;0;89;0;80;0;
11263;5047075;992514048;18714624;1113051136;0;0;0;0;0;0;0;0;0;0;0;1703;0;0;89;0;80;0;
11264;4486003;994611200;18714624;1113051136;0;0;0;0;0;0;0;0;0;0;0;2615;0;0;89;0;80;0;
11265;4258927;994611200;18714624;1113051136;0;0;0;0;0;0;0;0;0;0;0;2094;0;0;89;0;80;0;
11266;2449925;994611200;18714624;1113051136;0;0;0;0;0;0;0;0;0;0;0;2154;0;0;89;0;80;0;
11267;5522377;994611200;18714624;1113051136;0;0;0;0;0;0;0;0;0;0;0;1784;0;0;89;0;80;0;
11268;3842346;994611200;18714624;1113051136;0;0;0;0;0;0;0;0;0;0;0;2305;0;0;89;0;80;0;
11269;4312218;994611200;18714624;1113051136;0;0;0;0;0;0;0;0;0;0;0;1683;0;0;89;0;80;0;
11270;2441508;994611200;18714624;1113051136;0;0;0;0;0;0;0;0;0;0;0;2174;0;0;89;0;80;0;
11271;5403012;994611200;18714624;1113051136;0;0;0;0;0;0;0;0;0;0;0;1423;0;0;89;0;80;0;
11272;3397632;989896704;13176832;1107513344;0;0;0;0;0;0;0;0;0;0;0;2655;0;0;89;0;80;0;
11273;5284761;989896704;13176832;1107513344;0;0;0;0;0;0;0;0;0;0;0;1603;0;0;89;0;80;0;
11274;3151069;989896704;13176832;1107513344;0;0;0;0;0;0;0;0;0;0;0;2975;0;0;89;0;80;0;
11275;5066472;989896704;13176832;1107513344;0;0;0;0;0;0;0;0;0;0;0;1783;0;0;89;0;80;0;
11276;5647651;989896704;13176832;1107513344;0;0;0;0;0;0;0;0;0;0;0;5290;0;0;89;0;80;0;
11277;4892626;989896704;13176832;1107513344;0;0;0;0;0;0;0;0;0;0;0;2655;0;0;89;0;80;0;
11278;5873595;989896704;13176832;1107513344;0;0;0;0;0;0;0;0;0;0;0;5480;0;0;89;0;80;0;
11279;5385200;989896704;13176832;1107513344;0;0;0;0;0;0;0;0;0;0;0;2575;0;0;89;0;80;0;
11280;3743591;989896704;13176832;1107513344;0;0;0;0;0;0;0;0;0;0;0;2725;0;0;89;0;80;0;
11281;5813993;989896704;13185024;1107521536;0;0;0;0;0;0;0;0;0;0;0;3005;0;0;89;0;80;0;
11282;4360066;989896704;13185024;1107521536;0;0;0;0;0;0;0;0;0;0;0;3066;0;0;89;0;80;0;
11283;5898101;992526336;18722816;1113059328;0;0;0;0;0;0;0;0;0;0;0;2655;0;0;89;0;80;0;
11284;3312211;994623488;18722816;1113059328;0;0;0;0;0;0;0;0;0;0;0;3857;0;0;89;0;80;0;
11285;6128213;994623488;18722816;1113059328;0;0;0;0;0;0;0;0;0;0;0;2675;0;0;89;0;80;0;
11286;4073490;994623488;18722816;1113059328;0;0;0;0;0;0;0;0;0;0;0;2675;0;0;89;0;80;0;
11287;5061853;994623488;18722816;1113059328;0;0;0;0;0;0;0;0;0;0;0;1603;0;0;89;0;80;0;
11288;3126614;994697216;18714624;1113051136;0;0;0;0;0;0;0;0;0;0;0;3517;0;0;89;0;80;0;
11289;6559782;994697216;18714624;1113051136;0;0;0;0;0;0;0;0;0;0;0;2565;0;0;89;0;80;0;
11290;2892665;994697216;18714624;1113051136;0;0;0;0;0;0;0;0;0;0;0;4428;0;0;89;0;80;0;
11291;4825048;994697216;18714624;1113051136;0;0;0;0;0;0;0;0;0;0;0;1593;0;0;89;0;80;0;
11292;4043604;994697216;18714624;1113051136;0;0;0;0;0;0;0;0;0;0;0;3587;0;0;89;0;80;0;
11293;5312392;994697216;18714624;1113051136;0;0;0;0;0;0;0;0;0;0;0;2274;0;0;89;0;80;0;
11294;2633700;994697216;18714624;1113051136;0;0;0;0;0;0;0;0;0;0;0;2955;0;0;89;0;80;0;
11295;4414309;994697216;18714624;1113051136;0;0;0;0;0;0;0;0;0;0;0;1994;0;0;89;0;80;0;
11296;3718653;994697216;18714624;1113051136;0;0;0;0;0;0;0;0;0;0;0;3417;0;0;89;0;80;0;
11297;6325613;994697216;18714624;1113051136;0;0;0;0;0;0;0;0;0;0;0;2695;0;0;89;0;80;0;
11298;2959931;989908992;13176832;1107513344;0;0;0;0;0;0;0;0;0;0;0;2975;0;0;89;0;80;0;
11299;5447035;989908992;13176832;1107513344;0;0;0;0;0;0;0;0;0;0;0;1884;0;0;89;0;80;0;
11300;2701527;989908992;13176832;1107513344;0;0;0;0;0;0;0;0;0;0;0;2284;0;0;89;0;80;0;
11301;5006599;989908992;13176832;1107513344;0;0;0;0;0;0;0;0;0;0;0;1684;0;0;89;0;80;0;
11302;2948650;989908992;13176832;1107513344;0;0;0;0;0;0;0;0;0;0;0;7665;0;0;89;0;80;0;
11303;5205652;989908992;13176832;1107513344;0;0;0;0;0;0;0;0;0;0;0;1593;0;0;89;0;80;0;
11304;3790319;989908992;13176832;1107513344;0;0;0;0;0;0;0;0;0;0;0;2344;0;0;89;0;80;0;
11305;4818937;989908992;13176832;1107513344;0;0;0;0;0;0;0;0;0;0;0;1443;0;0;89;0;80;0;
11306;3681865;989908992;13176832;1107513344;0;0;0;0;0;0;0;0;0;0;0;1773;0;0;89;0;80;0;
11307;5169074;989908992;13176832;1107513344;0;0;0;0;0;0;0;0;0;0;0;1473;0;0;89;0;80;0;
11308;2741751;989908992;13176832;1107513344;0;0;0;0;0;0;0;0;0;0;0;2284;0;0;89;0;80;0;
11309;5292867;989908992;13176832;1107513344;0;0;0;0;0;0;0;0;0;0;0;1563;0;0;89;0;80;0;
11310;1883061;989908992;13176832;1107513344;0;0;0;0;0;0;0;0;0;0;0;2024;0;0;89;0;80;0;
11311;5541352;992538624;18714624;1113051136;0;0;0;0;0;0;0;0;0;0;0;1823;0;0;89;0;80;0;
11312;2759986;994635776;18714624;1113051136;0;0;0;0;0;0;0;0;0;0;0;2555;0;0;89;0;80;0;
11313;4550894;994635776;18714624;1113051136;0;0;0;0;0;0;0;0;0;0;0;1512;0;0;89;0;80;0;
11314;2908073;994635776;18714624;1113051136;0;0;0;0;0;0;0;0;0;0;0;1874;0;0;89;0;80;0;
11315;4744418;994635776;18714624;1113051136;0;0;0;0;0;0;0;0;0;0;0;1703;0;0;89;0;80;0;
11316;3810907;994635776;18714624;1113051136;0;0;0;0;0;0;0;0;0;0;0;3386;0;0;89;0;80;0;
11317;4203062;994635776;18714624;1113051136;0;0;0;0;0;0;0;0;0;0;0;1824;0;0;89;0;80;0;
11318;3632452;994635776;18714624;1113051136;0;0;0;0;0;0;0;0;0;0;0;2325;0;0;89;0;80;0;
11319;4958389;994635776;18714624;1113051136;0;0;0;0;0;0;0;0;0;0;0;2154;0;0;89;0;80;0;
11320;2891573;989921280;13176832;1107513344;0;0;0;0;0;0;0;0;0;0;0;3016;0;0;89;0;80;0;
11321;4908956;989921280;13176832;1107513344;0;0;0;0;0;0;0;0;0;0;0;1863;0;0;89;0;80;0;
11322;4193825;989921280;13176832;1107513344;0;0;0;0;0;0;0;0;0;0;0;3076;0;0;89;0;80;0;
11323;5683178;989921280;13176832;1107513344;0;0;0;0;0;0;0;0;0;0;0;2074;0;0;89;0;80;0;
11324;3434641;989921280;13176832;1107513344;0;0;0;0;0;0;0;0;0;0;0;2415;0;0;89;0;80;0;
11325;5381733;989921280;13176832;1107513344;0;0;0;0;0;0;0;0;0;0;0;1714;0;0;89;0;80;0;
11326;4274837;989921280;13176832;1107513344;0;0;0;0;0;0;0;0;0;0;0;2815;0;0;89;0;80;0;
11327;5804315;989921280;13176832;1107513344;0;0;0;0;0;0;0;0;0;0;0;2745;0;0;89;0;80;0;
11328;3086689;989921280;13176832;1107513344;0;0;0;0;0;0;0;0;0;0;0;2946;0;0;89;0;80;0;
11329;5314727;989921280;13176832;1107513344;0;0;0;0;0;0;0;0;0;0;0;2144;0;0;89;0;80;0;
11330;3524730;989921280;13176832;1107513344;0;0;0;0;0;0;0;0;0;0;0;3927;0;0;89;0;80;0;
11331;5285933;989921280;13176832;1107513344;0;0;0;0;0;0;0;0;0;0;0;3697;0;0;89;0;80;0;
11332;4047370;989921280;13176832;1107513344;0;0;0;0;0;0;0;0;0;0;0;4809;0;0;89;0;80;0;
11333;4384072;989921280;13176832;1107513344;0;0;0;0;0;0;0;0;0;0;0;2094;0;0;89;0;80;0;
11334;4011644;989921280;13176832;1107513344;0;0;0;0;0;0;0;0;0;0;0;5260;0;0;89;0;80;0;
11335;4591832;992550912;18714624;1113051136;0;0;0;0;0;0;0;0;0;0;0;2124;0;0;89;0;80;0;
11336;3163262;994648064;18714624;1113051136;0;0;0;0;0;0;0;0;0;0;0;2966;0;0;89;0;80;0;
11337;5300290;994648064;18714624;1113051136;0;0;0;0;0;0;0;0;0;0;0;2475;0;0;89;0;80;0;
11338;2800692;994648064;18714624;1113051136;0;0;0;0;0;0;0;0;0;0;0;3206;0;0;89;0;80;0;
11339;5312673;994648064;18714624;1113051136;0;0;0;0;0;0;0;0;0;0;0;2464;0;0;89;0;80;0;
11340;3948475;994648064;18714624;1113051136;0;0;0;0;0;0;0;0;0;0;0;2154;0;0;89;0;80;0;
11341;4658296;994648064;18714624;1113051136;0;0;0;0;0;0;0;0;0;0;0;1934;0;0;89;0;80;0;
11342;3247380;994648064;18714624;1113051136;0;0;0;0;0;0;0;0;0;0;0;3126;0;0;89;0;80;0;
11343;5489656;994648064;18714624;1113051136;0;0;0;0;0;0;0;0;0;0;0;1863;0;0;89;0;80;0;
11344;2599505;989933568;13176832;1107513344;0;0;0;0;0;0;0;0;0;0;0;2505;0;0;89;0;80;0;
11345;4351851;989933568;13176832;1107513344;0;0;0;0;0;0;0;0;0;0;0;1683;0;0;89;0;80;0;
11346;3514390;989933568;13176832;1107513344;0;0;0;0;0;0;0;0;0;0;0;2895;0;0;89;0;80;0;
11347;5622465;989933568;13176832;1107513344;0;0;0;0;0;0;0;0;0;0;0;2385;0;0;89;0;80;0;
11348;2899979;989933568;13176832;1107513344;0;0;0;0;0;0;0;0;0;0;0;3537;0;0;89;0;80;0;
11349;4124194;989933568;13176832;1107513344;0;0;0;0;0;0;0;0;0;0;0;2034;0;0;89;0;80;0;
11350;3178591;989933568;13176832;1107513344;0;0;0;0;0;0;0;0;0;0;0;2825;0;0;89;0;80;0;
11351;4089630;989933568;13176832;1107513344;0;0;0;0;0;0;0;0;0;0;0;1903;0;0;89;0;80;0;
11352;3507097;989933568;13176832;1107513344;0;0;0;0;0;0;0;0;0;0;0;3376;0;0;89;0;80;0;
11353;4286349;989933568;13176832;1107513344;0;0;0;0;0;0;0;0;0;0;0;1843;0;0;89;0;80;0;
11354;2785804;989933568;13176832;1107513344;0;0;0;0;0;0;0;0;0;0;0;3035;0;0;89;0;80;0;
11355;5294619;989933568;13176832;1107513344;0;0;0;0;0;0;0;0;0;0;0;2394;0;0;89;0;80;0;
11356;3848818;989933568;13176832;1107513344;0;0;0;0;0;0;0;0;0;0;0;3055;0;0;89;0;80;0;
11357;5379408;989933568;13176832;1107513344;0;0;0;0;0;0;0;0;0;0;0;2214;0;0;89;0;80;0;
11358;2692520;989933568;13176832;1107513344;0;0;0;0;0;0;0;0;0;0;0;3336;0;0;89;0;80;0;
11359;5881129;992563200;18714624;1113051136;0;0;0;0;0;0;0;0;0;0;0;2825;0;0;89;0;80;0;
11360;5864869;994660352;18714624;1113051136;0;0;0;0;0;0;0;0;0;0;0;138420;0;0;89;0;80;0;
11361;4477908;994660352;18714624;1113051136;0;0;0;0;0;0;0;0;0;0;0;3316;0;0;89;0;80;0;
11362;4315103;994660352;18714624;1113051136;0;0;0;0;0;0;0;0;0;0;0;3126;0;0;89;0;80;0;
11363;4529014;994660352;18714624;1113051136;0;0;0;0;0;0;0;0;0;0;0;1663;0;0;89;0;80;0;
11364;3663420;994660352;18714624;1113051136;0;0;0;0;0;0;0;0;0;0;0;2514;0;0;89;0;80;0;
11365;5307203;994660352;18714624;1113051136;0;0;0;0;0;0;0;0;0;0;0;2294;0;0;89;0;80;0;
11366;2314350;994660352;18714624;1113051136;0;0;0;0;0;0;0;0;0;0;0;2254;0;0;89;0;80;0;
11367;5352007;994660352;18714624;1113051136;0;0;0;0;0;0;0;0;0;0;0;1723;0;0;89;0;80;0;
11368;3579473;989945856;13176832;1107513344;0;0;0;0;0;0;0;0;0;0;0;2785;0;0;89;0;80;0;
11369;4799300;989945856;13176832;1107513344;0;0;0;0;0;0;0;0;0;0;0;1623;0;0;89;0;80;0;
11370;2958638;989945856;13176832;1107513344;0;0;0;0;0;0;0;0;0;0;0;3006;0;0;89;0;80;0;
11371;3951881;989945856;13176832;1107513344;0;0;0;0;0;0;0;0;0;0;0;1953;0;0;89;0;80;0;
11372;3361564;989945856;13176832;1107513344;0;0;0;0;0;0;0;0;0;0;0;2655;0;0;89;0;80;0;
11373;11924613;989945856;13176832;1107513344;0;0;0;0;0;0;0;0;0;0;0;2355;0;0;89;0;80;0;
11374;2693952;989945856;13176832;1107513344;0;0;0;0;0;0;0;0;0;0;0;2976;0;0;89;0;80;0;
11375;5905936;989945856;13176832;1107513344;0;0;0;0;0;0;0;0;0;0;0;2915;0;0;89;0;80;0;
11376;3625860;989945856;13176832;1107513344;0;0;0;0;0;0;0;0;0;0;0;2876;0;0;89;0;80;0;
11377;5060030;989945856;13176832;1107513344;0;0;0;0;0;0;0;0;0;0;0;2304;0;0;89;0;80;0;
11378;2919004;989945856;13176832;1107513344;0;0;0;0;0;0;0;0;0;0;0;3136;0;0;89;0;80;0;
11379;5129520;989945856;13176832;1107513344;0;0;0;0;0;0;0;0;0;0;0;1663;0;0;89;0;80;0;
11380;3010806;989945856;13176832;1107513344;0;0;0;0;0;0;0;0;0;0;0;2665;0;0;89;0;80;0;
11381;5618257;992575488;18714624;1113051136;0;0;0;0;0;0;0;0;0;0;0;2504;0;0;89;0;80;0;
11382;3756325;994672640;18714624;1113051136;0;0;0;0;0;0;0;0;0;0;0;2965;0;0;89;0;80;0;
11383;5099273;994672640;18714624;1113051136;0;0;0;0;0;0;0;0;0;0;0;2084;0;0;89;0;80;0;
11384;3559486;994672640;18714624;1113051136;0;0;0;0;0;0;0;0;0;0;0;2825;0;0;89;0;80;0;
11385;5809105;994672640;18714624;1113051136;0;0;0;0;0;0;0;0;0;0;0;3306;0;0;89;0;80;0;
11386;3736337;994672640;18714624;1113051136;0;0;0;0;0;0;0;0;0;0;0;2756;0;0;89;0;80;0;
11387;5404756;994672640;18714624;1113051136;0;0;0;0;0;0;0;0;0;0;0;2255;0;0;89;0;80;0;
11388;2934493;994672640;18714624;1113051136;0;0;0;0;0;0;0;0;0;0;0;2735;0;0;89;0;80;0;
11389;5107238;994672640;18714624;1113051136;0;0;0;0;0;0;0;0;0;0;0;1904;0;0;89;0;80;0;
11390;3035663;989958144;13176832;1107513344;0;0;0;0;0;0;0;0;0;0;0;2394;0;0;89;0;80;0;
11391;4227889;989958144;13176832;1107513344;0;0;0;0;0;0;0;0;0;0;0;2054;0;0;89;0;80;0;
11392;2575781;989958144;13176832;1107513344;0;0;0;0;0;0;0;0;0;0;0;2946;0;0;89;0;80;0;
11393;5207647;989958144;13176832;1107513344;0;0;0;0;0;0;0;0;0;0;0;2444;0;0;89;0;80;0;
11394;3114992;989958144;13176832;1107513344;0;0;0;0;0;0;0;0;0;0;0;3106;0;0;89;0;80;0;
11395;4738937;989958144;13176832;1107513344;0;0;0;0;0;0;0;0;0;0;0;2555;0;0;89;0;80;0;
11396;2640922;989958144;13176832;1107513344;0;0;0;0;0;0;0;0;0;0;0;2535;0;0;89;0;80;0;
11397;4316776;989958144;13176832;1107513344;0;0;0;0;0;0;0;0;0;0;0;1503;0;0;89;0;80;0;
11398;2913945;989958144;13176832;1107513344;0;0;0;0;0;0;0;0;0;0;0;3106;0;0;89;0;80;0;
11399;4880543;989958144;13176832;1107513344;0;0;0;0;0;0;0;0;0;0;0;1663;0;0;89;0;80;0;
11400;3410025;989958144;13176832;1107513344;0;0;0;0;0;0;0;0;0;0;0;3076;0;0;89;0;80;0;
11401;4849555;989958144;13176832;1107513344;0;0;0;0;0;0;0;0;0;0;0;1733;0;0;89;0;80;0;
11402;2862808;989958144;13176832;1107513344;0;0;0;0;0;0;0;0;0;0;0;3086;0;0;89;0;80;0;
11403;5431506;989958144;13176832;1107513344;0;0;0;0;0;0;0;0;0;0;0;2625;0;0;89;0;80;0;
11404;3721880;989958144;13176832;1107513344;0;0;0;0;0;0;0;0;0;0;0;3286;0;0;89;0;80;0;
11405;5264804;989958144;13176832;1107513344;0;0;0;0;0;0;0;0;0;0;0;2435;0;0;89;0;80;0;
11406;3030413;989958144;13176832;1107513344;0;0;0;0;0;0;0;0;0;0;0;2595;0;0;89;0;80;0;
11407;4422584;992587776;18714624;1113051136;0;0;0;0;0;0;0;0;0;0;0;2334;0;0;89;0;80;0;
11408;3149707;994684928;18714624;1113051136;0;0;0;0;0;0;0;0;0;0;0;3176;0;0;89;0;80;0;
11409;4762161;994684928;18714624;1113051136;0;0;0;0;0;0;0;0;0;0;0;2335;0;0;89;0;80;0;
11410;3559606;994684928;18714624;1113051136;0;0;0;0;0;0;0;0;0;0;0;3427;0;0;89;0;80;0;
11411;5419574;994684928;18714624;1113051136;0;0;0;0;0;0;0;0;0;0;0;2154;0;0;89;0;80;0;
11412;2853641;994684928;18714624;1113051136;0;0;0;0;0;0;0;0;0;0;0;3236;0;0;89;0;80;0;
11413;4914988;994684928;18714624;1113051136;0;0;0;0;0;0;0;0;0;0;0;2084;0;0;89;0;80;0;
11414;2905118;994684928;18714624;1113051136;0;0;0;0;0;0;0;0;0;0;0;2915;0;0;89;0;80;0;
11415;4899759;994684928;18714624;1113051136;0;0;0;0;0;0;0;0;0;0;0;2374;0;0;89;0;80;0;
11416;3625018;989970432;13176832;1107513344;0;0;0;0;0;0;0;0;0;0;0;2926;0;0;89;0;80;0;
11417;5087871;989970432;13176832;1107513344;0;0;0;0;0;0;0;0;0;0;0;2174;0;0;89;0;80;0;
11418;4138732;989970432;13176832;1107513344;0;0;0;0;0;0;0;0;0;0;0;3186;0;0;89;0;80;0;
11419;5398263;989970432;13176832;1107513344;0;0;0;0;0;0;0;0;0;0;0;2655;0;0;89;0;80;0;
11420;2420890;989970432;13176832;1107513344;0;0;0;0;0;0;0;0;0;0;0;2024;0;0;89;0;80;0;
11421;4629181;989970432;13176832;1107513344;0;0;0;0;0;0;0;0;0;0;0;1673;0;0;89;0;80;0;
11422;2733666;989970432;13176832;1107513344;0;0;0;0;0;0;0;0;0;0;0;2034;0;0;89;0;80;0;
11423;4883528;989970432;13176832;1107513344;0;0;0;0;0;0;0;0;0;0;0;1783;0;0;89;0;80;0;
11424;2698531;989970432;13176832;1107513344;0;0;0;0;0;0;0;0;0;0;0;1954;0;0;89;0;80;0;
11425;4932901;989970432;13176832;1107513344;0;0;0;0;0;0;0;0;0;0;0;1583;0;0;89;0;80;0;
11426;2494679;989970432;13176832;1107513344;0;0;0;0;0;0;0;0;0;0;0;2104;0;0;89;0;80;0;
11427;4928533;989970432;13176832;1107513344;0;0;0;0;0;0;0;0;0;0;0;1693;0;0;89;0;80;0;
11428;2330620;989970432;13176832;1107513344;0;0;0;0;0;0;0;0;0;0;0;1904;0;0;89;0;80;0;
11429;4848322;992600064;18714624;1113051136;0;0;0;0;0;0;0;0;0;0;0;1523;0;0;89;0;80;0;
11430;3067333;994697216;18714624;1113051136;0;0;0;0;0;0;0;0;0;0;0;1714;0;0;89;0;80;0;
11431;4511321;994697216;18714624;1113051136;0;0;0;0;0;0;0;0;0;0;0;1763;0;0;89;0;80;0;
11432;2849975;994697216;18714624;1113051136;0;0;0;0;0;0;0;0;0;0;0;1944;0;0;89;0;80;0;
11433;4682792;994697216;18714624;1113051136;0;0;0;0;0;0;0;0;0;0;0;1503;0;0;89;0;80;0;
11434;2202461;994697216;18714624;1113051136;0;0;0;0;0;0;0;0;0;0;0;2054;0;0;89;0;80;0;
11435;4221668;994697216;18714624;1113051136;0;0;0;0;0;0;0;0;0;0;0;1904;0;0;89;0;80;0;
11436;2160872;994697216;18714624;1113051136;0;0;0;0;0;0;0;0;0;0;0;2265;0;0;89;0;80;0;
11437;5032167;994697216;18714624;1113051136;0;0;0;0;0;0;0;0;0;0;0;1553;0;0;89;0;80;0;
11438;3130270;989982720;13176832;1107513344;0;0;0;0;0;0;0;0;0;0;0;1853;0;0;89;0;80;0;
11439;4381768;989982720;13176832;1107513344;0;0;0;0;0;0;0;0;0;0;0;1553;0;0;89;0;80;0;
11440;3003713;989982720;13176832;1107513344;0;0;0;0;0;0;0;0;0;0;0;2334;0;0;89;0;80;0;
11441;4180200;989982720;13176832;1107513344;0;0;0;0;0;0;0;0;0;0;0;1743;0;0;89;0;80;0;
11442;2691768;989982720;13176832;1107513344;0;0;0;0;0;0;0;0;0;0;0;1984;0;0;89;0;80;0;
11443;4161615;989982720;13176832;1107513344;0;0;0;0;0;0;0;0;0;0;0;1363;0;0;89;0;80;0;
11444;2227698;989982720;13176832;1107513344;0;0;0;0;0;0;0;0;0;0;0;1834;0;0;89;0;80;0;
11445;4865475;989982720;13176832;1107513344;0;0;0;0;0;0;0;0;0;0;0;1863;0;0;89;0;80;0;
11446;4012224;989982720;13176832;1107513344;0;0;0;0;0;0;0;0;0;0;0;3516;0;0;89;0;80;0;
11447;5772656;989982720;13176832;1107513344;0;0;0;0;0;0;0;0;0;0;0;3266;0;0;89;0;80;0;
11448;2832041;989982720;13176832;1107513344;0;0;0;0;0;0;0;0;0;0;0;2895;0;0;89;0;80;0;
11449;4838584;989982720;13176832;1107513344;0;0;0;0;0;0;0;0;0;0;0;1844;0;0;89;0;80;0;
11450;3349351;989982720;13176832;1107513344;0;0;0;0;0;0;0;0;0;0;0;2515;0;0;89;0;80;0;
11451;5321900;989982720;13176832;1107513344;0;0;0;0;0;0;0;0;0;0;0;2034;0;0;89;0;80;0;
11452;2798698;989982720;13176832;1107513344;0;0;0;0;0;0;0;0;0;0;0;2966;0;0;89;0;80;0;
11453;4432272;989982720;13176832;1107513344;0;0;0;0;0;0;0;0;0;0;0;1804;0;0;89;0;80;0;
11454;3497228;989982720;13176832;1107513344;0;0;0;0;0;0;0;0;0;0;0;3426;0;0;89;0;80;0;
11455;5333372;992612352;18714624;1113051136;0;0;0;0;0;0;0;0;0;0;0;2965;0;0;89;0;80;0;
11456;3096397;994709504;18714624;1113051136;0;0;0;0;0;0;0;0;0;0;0;2825;0;0;89;0;80;0;
11457;4721705;994709504;18714624;1113051136;0;0;0;0;0;0;0;0;0;0;0;1633;0;0;89;0;80;0;
11458;3708024;994709504;18714624;1113051136;0;0;0;0;0;0;0;0;0;0;0;2304;0;0;89;0;80;0;
11459;4722427;994709504;18714624;1113051136;0;0;0;0;0;0;0;0;0;0;0;1813;0;0;89;0;80;0;
11460;3634716;994709504;18714624;1113051136;0;0;0;0;0;0;0;0;0;0;0;2925;0;0;89;0;80;0;
11461;4777770;994709504;18714624;1113051136;0;0;0;0;0;0;0;0;0;0;0;2113;0;0;89;0;80;0;
11462;3011408;994709504;18714624;1113051136;0;0;0;0;0;0;0;0;0;0;0;2635;0;0;89;0;80;0;
11463;4042061;994709504;18714624;1113051136;0;0;0;0;0;0;0;0;0;0;0;2044;0;0;89;0;80;0;
11464;2852900;989995008;13176832;1107513344;0;0;0;0;0;0;0;0;0;0;0;3116;0;0;89;0;80;0;
11465;4234772;989995008;13176832;1107513344;0;0;0;0;0;0;0;0;0;0;0;2245;0;0;89;0;80;0;
11466;3543705;989995008;13176832;1107513344;0;0;0;0;0;0;0;0;0;0;0;3447;0;0;89;0;80;0;
11467;5327691;989995008;13176832;1107513344;0;0;0;0;0;0;0;0;0;0;0;2514;0;0;89;0;80;0;
11468;3112787;989995008;13176832;1107513344;0;0;0;0;0;0;0;0;0;0;0;2635;0;0;89;0;80;0;
11469;4786917;989995008;13176832;1107513344;0;0;0;0;0;0;0;0;0;0;0;1593;0;0;89;0;80;0;
11470;3074586;989995008;13176832;1107513344;0;0;0;0;0;0;0;0;0;0;0;2855;0;0;89;0;80;0;
11471;4377830;989995008;13176832;1107513344;0;0;0;0;0;0;0;0;0;0;0;1964;0;0;89;0;80;0;
11472;2566603;989995008;13176832;1107513344;0;0;0;0;0;0;0;0;0;0;0;3466;0;0;89;0;80;0;
11473;5101217;989995008;13176832;1107513344;0;0;0;0;0;0;0;0;0;0;0;2625;0;0;89;0;80;0;
11474;3300940;989995008;13176832;1107513344;0;0;0;0;0;0;0;0;0;0;0;3136;0;0;89;0;80;0;
11475;4740981;989995008;13176832;1107513344;0;0;0;0;0;0;0;0;0;0;0;1874;0;0;89;0;80;0;
11476;3069135;989995008;13176832;1107513344;0;0;0;0;0;0;0;0;0;0;0;2886;0;0;89;0;80;0;
11477;5731328;992624640;18714624;1113051136;0;0;0;0;0;0;0;0;0;0;0;2003;0;0;89;0;80;0;
11478;3358719;994721792;18714624;1113051136;0;0;0;0;0;0;0;0;0;0;0;3166;0;0;89;0;80;0;
11479;5448328;994721792;18714624;1113051136;0;0;0;0;0;0;0;0;0;0;0;2044;0;0;89;0;80;0;
11480;2237817;994721792;18714624;1113051136;0;0;0;0;0;0;0;0;0;0;0;2715;0;0;89;0;80;0;
11481;4744598;994721792;18714624;1113051136;0;0;0;0;0;0;0;0;0;0;0;2284;0;0;89;0;80;0;
11482;2768242;994721792;18714624;1113051136;0;0;0;0;0;0;0;0;0;0;0;2685;0;0;89;0;80;0;
11483;4934133;994721792;18714624;1113051136;0;0;0;0;0;0;0;0;0;0;0;1963;0;0;89;0;80;0;
11484;3291593;994721792;18714624;1113051136;0;0;0;0;0;0;0;0;0;0;0;3085;0;0;89;0;80;0;
11485;4400362;994721792;18714624;1113051136;0;0;0;0;0;0;0;0;0;0;0;1883;0;0;89;0;80;0;
11486;2350779;990007296;13176832;1107513344;0;0;0;0;0;0;0;0;0;0;0;2565;0;0;89;0;80;0;
11487;5149858;990007296;13176832;1107513344;0;0;0;0;0;0;0;0;0;0;0;1913;0;0;89;0;80;0;
11488;2529604;990007296;13176832;1107513344;0;0;0;0;0;0;0;0;0;0;0;1723;0;0;89;0;80;0;
11489;5101307;990007296;13176832;1107513344;0;0;0;0;0;0;0;0;0;0;0;1914;0;0;89;0;80;0;
11490;4204265;990007296;13176832;1107513344;0;0;0;0;0;0;0;0;0;0;0;2565;0;0;89;0;80;0;
11491;5837468;990007296;13176832;1107513344;0;0;0;0;0;0;0;0;0;0;0;2785;0;0;89;0;80;0;
11492;3470689;990007296;13176832;1107513344;0;0;0;0;0;0;0;0;0;0;0;2344;0;0;89;0;80;0;
11493;5515964;990007296;13176832;1107513344;0;0;0;0;0;0;0;0;0;0;0;2736;0;0;89;0;80;0;
11494;4387137;990007296;13176832;1107513344;0;0;0;0;0;0;0;0;0;0;0;4288;0;0;89;0;80;0;
11495;4593494;990007296;13176832;1107513344;0;0;0;0;0;0;0;0;0;0;0;2024;0;0;89;0;80;0;
11496;3752637;990007296;13176832;1107513344;0;0;0;0;0;0;0;0;0;0;0;4849;0;0;89;0;80;0;
11497;5763428;990007296;13176832;1107513344;0;0;0;0;0;0;0;0;0;0;0;1763;0;0;89;0;80;0;
11498;3933667;990007296;13176832;1107513344;0;0;0;0;0;0;0;0;0;0;0;4449;0;0;89;0;80;0;
11499;5439571;990007296;13176832;1107513344;0;0;0;0;0;0;0;0;0;0;0;2164;0;0;89;0;80;0;
11500;3805206;990007296;13176832;1107513344;0;0;0;0;0;0;0;0;0;0;0;4499;0;0;89;0;80;0;
11501;4783501;990007296;13176832;1107513344;0;0;0;0;0;0;0;0;0;0;0;2544;0;0;89;0;80;0;
11502;5208868;990007296;13176832;1107513344;0;0;0;0;0;0;0;0;0;0;0;4919;0;0;89;0;80;0;
11503;5955088;992636928;18714624;1113051136;0;0;0;0;0;0;0;0;0;0;0;3367;0;0;89;0;80;0;
11504;2854273;994734080;18714624;1113051136;0;0;0;0;0;0;0;0;0;0;0;2665;0;0;89;0;80;0;
11505;5501969;994734080;18714624;1113051136;0;0;0;0;0;0;0;0;0;0;0;2765;0;0;89;0;80;0;
11506;3356084;994734080;18714624;1113051136;0;0;0;0;0;0;0;0;0;0;0;3186;0;0;89;0;80;0;
11507;5364070;994734080;18714624;1113051136;0;0;0;0;0;0;0;0;0;0;0;2715;0;0;89;0;80;0;
11508;3011468;994734080;18714624;1113051136;0;0;0;0;0;0;0;0;0;0;0;2525;0;0;89;0;80;0;
11509;5316030;994734080;18714624;1113051136;0;0;0;0;0;0;0;0;0;0;0;2945;0;0;89;0;80;0;
11510;3052705;994734080;18714624;1113051136;0;0;0;0;0;0;0;0;0;0;0;2204;0;0;89;0;80;0;
11511;5145941;994734080;18714624;1113051136;0;0;0;0;0;0;0;0;0;0;0;2264;0;0;89;0;80;0;
11512;2666681;990019584;13176832;1107513344;0;0;0;0;0;0;0;0;0;0;0;2675;0;0;89;0;80;0;
11513;5110714;990019584;13176832;1107513344;0;0;0;0;0;0;0;0;0;0;0;2465;0;0;89;0;80;0;
11514;2805962;990019584;13176832;1107513344;0;0;0;0;0;0;0;0;0;0;0;1854;0;0;89;0;80;0;
11515;5022619;990019584;13176832;1107513344;0;0;0;0;0;0;0;0;0;0;0;1693;0;0;89;0;80;0;
11516;2162375;990019584;13176832;1107513344;0;0;0;0;0;0;0;0;0;0;0;1773;0;0;89;0;80;0;
11517;4289014;990019584;13176832;1107513344;0;0;0;0;0;0;0;0;0;0;0;1603;0;0;89;0;80;0;
11518;2647164;990019584;13176832;1107513344;0;0;0;0;0;0;0;0;0;0;0;1964;0;0;89;0;80;0;
11519;4566053;990019584;13176832;1107513344;0;0;0;0;0;0;0;0;0;0;0;1512;0;0;89;0;80;0;
11520;2243368;990019584;13176832;1107513344;0;0;0;0;0;0;0;0;0;0;0;1803;0;0;89;0;80;0;
11521;4331934;990019584;13176832;1107513344;0;0;0;0;0;0;0;0;0;0;0;1463;0;0;89;0;80;0;
11522;2869943;990019584;13176832;1107513344;0;0;0;0;0;0;0;0;0;0;0;1733;0;0;89;0;80;0;
11523;4622779;990019584;13185024;1107521536;0;0;0;0;0;0;0;0;0;0;0;1764;0;0;89;0;80;0;
11524;2680367;990019584;13185024;1107521536;0;0;0;0;0;0;0;0;0;0;0;1683;0;0;89;0;80;0;
11525;4814038;992649216;18722816;1113059328;0;0;0;0;0;0;0;0;0;0;0;1523;0;0;89;0;80;0;
11526;2822934;994746368;18722816;1113059328;0;0;0;0;0;0;0;0;0;0;0;2304;0;0;89;0;80;0;
11527;4684886;994746368;18722816;1113059328;0;0;0;0;0;0;0;0;0;0;0;1633;0;0;89;0;80;0;
11528;2696117;994746368;18722816;1113059328;0;0;0;0;0;0;0;0;0;0;0;2014;0;0;89;0;80;0;
11529;5006639;994746368;18722816;1113059328;0;0;0;0;0;0;0;0;0;0;0;1493;0;0;89;0;80;0;
11530;4236595;994824192;18714624;1113051136;0;0;0;0;0;0;0;0;0;0;0;2785;0;0;89;0;80;0;
11531;4999015;994824192;18714624;1113051136;0;0;0;0;0;0;0;0;0;0;0;1643;0;0;89;0;80;0;
11532;3120502;994824192;18714624;1113051136;0;0;0;0;0;0;0;0;0;0;0;1623;0;0;89;0;80;0;
11533;4478800;994824192;18714624;1113051136;0;0;0;0;0;0;0;0;0;0;0;1853;0;0;89;0;80;0;
11534;3707543;990031872;13176832;1107513344;0;0;0;0;0;0;0;0;0;0;0;2615;0;0;89;0;80;0;
11535;5057385;990031872;13176832;1107513344;0;0;0;0;0;0;0;0;0;0;0;1793;0;0;89;0;80;0;
11536;3485076;990031872;13176832;1107513344;0;0;0;0;0;0;0;0;0;0;0;2244;0;0;89;0;80;0;
11537;4645292;990031872;13176832;1107513344;0;0;0;0;0;0;0;0;0;0;0;1462;0;0;89;0;80;0;
11538;3370070;990031872;13176832;1107513344;0;0;0;0;0;0;0;0;0;0;0;2334;0;0;89;0;80;0;
11539;5868977;990031872;13176832;1107513344;0;0;0;0;0;0;0;0;0;0;0;1532;0;0;89;0;80;0;
11540;3508340;990031872;13176832;1107513344;0;0;0;0;0;0;0;0;0;0;0;2876;0;0;89;0;80;0;
11541;4678364;990031872;13176832;1107513344;0;0;0;0;0;0;0;0;0;0;0;1552;0;0;89;0;80;0;
11542;3378646;990031872;13176832;1107513344;0;0;0;0;0;0;0;0;0;0;0;1854;0;0;89;0;80;0;
11543;4604455;990031872;13176832;1107513344;0;0;0;0;0;0;0;0;0;0;0;1443;0;0;89;0;80;0;
11544;3332870;990031872;13176832;1107513344;0;0;0;0;0;0;0;0;0;0;0;2715;0;0;89;0;80;0;
11545;5019454;990031872;13176832;1107513344;0;0;0;0;0;0;0;0;0;0;0;2274;0;0;89;0;80;0;
11546;3321188;990031872;13176832;1107513344;0;0;0;0;0;0;0;0;0;0;0;2846;0;0;89;0;80;0;
11547;5318784;990031872;13176832;1107513344;0;0;0;0;0;0;0;0;0;0;0;2174;0;0;89;0;80;0;
11548;3579122;990031872;13176832;1107513344;0;0;0;0;0;0;0;0;0;0;0;2775;0;0;89;0;80;0;
11549;5322902;992661504;18714624;1113051136;0;0;0;0;0;0;0;0;0;0;0;1422;0;0;89;0;80;0;
11550;4266261;994758656;18714624;1113051136;0;0;0;0;0;0;0;0;0;0;0;2014;0;0;89;0;80;0;
11551;5037477;994758656;18714624;1113051136;0;0;0;0;0;0;0;0;0;0;0;1933;0;0;89;0;80;0;
11552;3050771;994758656;18714624;1113051136;0;0;0;0;0;0;0;0;0;0;0;1603;0;0;89;0;80;0;
11553;5014814;994758656;18714624;1113051136;0;0;0;0;0;0;0;0;0;0;0;1382;0;0;89;0;80;0;
11554;3679941;994758656;18714624;1113051136;0;0;0;0;0;0;0;0;0;0;0;2444;0;0;89;0;80;0;
11555;4704583;994758656;18714624;1113051136;0;0;0;0;0;0;0;0;0;0;0;1633;0;0;89;0;80;0;
11556;3777885;994758656;18714624;1113051136;0;0;0;0;0;0;0;0;0;0;0;2104;0;0;89;0;80;0;
11557;5043308;994758656;18714624;1113051136;0;0;0;0;0;0;0;0;0;0;0;1583;0;0;89;0;80;0;
11558;3058296;990044160;13176832;1107513344;0;0;0;0;0;0;0;0;0;0;0;2164;0;0;89;0;80;0;
11559;4800213;990044160;13176832;1107513344;0;0;0;0;0;0;0;0;0;0;0;1703;0;0;89;0;80;0;
11560;3524650;990044160;13176832;1107513344;0;0;0;0;0;0;0;0;0;0;0;2164;0;0;89;0;80;0;
11561;5013893;990044160;13176832;1107513344;0;0;0;0;0;0;0;0;0;0;0;1964;0;0;89;0;80;0;
11562;2590718;990044160;13176832;1107513344;0;0;0;0;0;0;0;0;0;0;0;2184;0;0;89;0;80;0;
11563;5725137;990044160;13176832;1107513344;0;0;0;0;0;0;0;0;0;0;0;1743;0;0;89;0;80;0;
11564;3228966;990044160;13176832;1107513344;0;0;0;0;0;0;0;0;0;0;0;2575;0;0;89;0;80;0;
11565;5169505;990044160;13176832;1107513344;0;0;0;0;0;0;0;0;0;0;0;1903;0;0;89;0;80;0;
11566;2428755;990044160;13176832;1107513344;0;0;0;0;0;0;0;0;0;0;0;1983;0;0;89;0;80;0;
11567;5005647;990044160;13176832;1107513344;0;0;0;0;0;0;0;0;0;0;0;1703;0;0;89;0;80;0;
11568;3640948;990044160;13176832;1107513344;0;0;0;0;0;0;0;0;0;0;0;2274;0;0;89;0;80;0;
11569;5396640;990044160;13176832;1107513344;0;0;0;0;0;0;0;0;0;0;0;1633;0;0;89;0;80;0;
11570;2944331;990044160;13176832;1107513344;0;0;0;0;0;0;0;0;0;0;0;1713;0;0;89;0;80;0;
11571;5357397;990044160;13176832;1107513344;0;0;0;0;0;0;0;0;0;0;0;1623;0;0;89;0;80;0;
11572;2739858;990044160;13176832;1107513344;0;0;0;0;0;0;0;0;0;0;0;2384;0;0;89;0;80;0;
11573;5327701;992673792;18714624;1113051136;0;0;0;0;0;0;0;0;0;0;0;2013;0;0;89;0;80;0;
11574;2929675;994770944;18714624;1113051136;0;0;0;0;0;0;0;0;0;0;0;3126;0;0;89;0;80;0;
11575;6289746;994770944;18714624;1113051136;0;0;0;0;0;0;0;0;0;0;0;1844;0;0;89;0;80;0;
11576;3544608;994770944;18714624;1113051136;0;0;0;0;0;0;0;0;0;0;0;2585;0;0;89;0;80;0;
11577;5065019;994770944;18714624;1113051136;0;0;0;0;0;0;0;0;0;0;0;1623;0;0;89;0;80;0;
11578;3298275;994770944;18714624;1113051136;0;0;0;0;0;0;0;0;0;0;0;26099;0;0;89;0;80;0;
11579;5622675;994770944;18714624;1113051136;0;0;0;0;0;0;0;0;0;0;0;2755;0;0;89;0;80;0;
11580;3656026;994770944;18714624;1113051136;0;0;0;0;0;0;0;0;0;0;0;2304;0;0;89;0;80;0;
11581;5269933;994770944;18714624;1113051136;0;0;0;0;0;0;0;0;0;0;0;1784;0;0;89;0;80;0;
11582;3954496;990056448;13176832;1107513344;0;0;0;0;0;0;0;0;0;0;0;2565;0;0;89;0;80;0;
11583;5208518;990056448;13176832;1107513344;0;0;0;0;0;0;0;0;0;0;0;1733;0;0;89;0;80;0;
11584;2488096;990056448;13176832;1107513344;0;0;0;0;0;0;0;0;0;0;0;1773;0;0;89;0;80;0;
11585;5328893;990056448;13176832;1107513344;0;0;0;0;0;0;0;0;0;0;0;1883;0;0;89;0;80;0;
11586;3657950;990056448;13176832;1107513344;0;0;0;0;0;0;0;0;0;0;0;2344;0;0;89;0;80;0;
11587;6181242;990056448;13176832;1107513344;0;0;0;0;0;0;0;0;0;0;0;1793;0;0;89;0;80;0;
11588;2743385;990056448;13176832;1107513344;0;0;0;0;0;0;0;0;0;0;0;2214;0;0;89;0;80;0;
11589;4820360;990056448;13176832;1107513344;0;0;0;0;0;0;0;0;0;0;0;1593;0;0;89;0;80;0;
11590;3951331;990056448;13176832;1107513344;0;0;0;0;0;0;0;0;0;0;0;2514;0;0;89;0;80;0;
11591;5455602;990056448;13176832;1107513344;0;0;0;0;0;0;0;0;0;0;0;2054;0;0;89;0;80;0;
11592;2559710;990056448;13176832;1107513344;0;0;0;0;0;0;0;0;0;0;0;1934;0;0;89;0;80;0;
11593;5275383;990056448;13176832;1107513344;0;0;0;0;0;0;0;0;0;0;0;1663;0;0;89;0;80;0;
11594;4237266;990056448;13176832;1107513344;0;0;0;0;0;0;0;0;0;0;0;2184;0;0;89;0;80;0;
11595;5730277;990056448;13176832;1107513344;0;0;0;0;0;0;0;0;0;0;0;1743;0;0;89;0;80;0;
11596;2948299;990056448;13176832;1107513344;0;0;0;0;0;0;0;0;0;0;0;2134;0;0;89;0;80;0;
11597;5740506;992686080;18714624;1113051136;0;0;0;0;0;0;0;0;0;0;0;1923;0;0;89;0;80;0;
11598;4664799;994783232;18714624;1113051136;0;0;0;0;0;0;0;0;0;0;0;2825;0;0;89;0;80;0;
11599;5922387;994783232;18714624;1113051136;0;0;0;0;0;0;0;0;0;0;0;1783;0;0;89;0;80;0;
11600;3319926;994783232;18714624;1113051136;0;0;0;0;0;0;0;0;0;0;0;2344;0;0;89;0;80;0;
11601;6301087;994783232;18714624;1113051136;0;0;0;0;0;0;0;0;0;0;0;1984;0;0;89;0;80;0;
11602;4644670;994783232;18714624;1113051136;0;0;0;0;0;0;0;0;0;0;0;3055;0;0;89;0;80;0;
11603;5319145;994783232;18714624;1113051136;0;0;0;0;0;0;0;0;0;0;0;1924;0;0;89;0;80;0;
11604;5002401;994783232;18714624;1113051136;0;0;0;0;0;0;0;0;0;0;0;2685;0;0;89;0;80;0;
11605;5738722;994783232;18714624;1113051136;0;0;0;0;0;0;0;0;0;0;0;1603;0;0;89;0;80;0;
11606;5236510;990068736;13176832;1107513344;0;0;0;0;0;0;0;0;0;0;0;3256;0;0;89;0;80;0;
11607;6303331;990068736;13176832;1107513344;0;0;0;0;0;0;0;0;0;0;0;1944;0;0;89;0;80;0;
11608;4320343;990068736;13176832;1107513344;0;0;0;0;0;0;0;0;0;0;0;2896;0;0;89;0;80;0;
11609;6899830;990068736;13176832;1107513344;0;0;0;0;0;0;0;0;0;0;0;1573;0;0;89;0;80;0;
11610;5205803;990068736;13176832;1107513344;0;0;0;0;0;0;0;0;0;0;0;2595;0;0;89;0;80;0;
11611;8217802;990068736;13176832;1107513344;0;0;0;0;0;0;0;0;0;0;0;1734;0;0;89;0;80;0;
11612;5186847;990068736;13176832;1107513344;0;0;0;0;0;0;0;0;0;0;0;3667;0;0;89;0;80;0;
11613;5498051;990068736;13176832;1107513344;0;0;0;0;0;0;0;0;0;0;0;2084;0;0;89;0;80;0;
11614;5100996;990068736;13176832;1107513344;0;0;0;0;0;0;0;0;0;0;0;3105;0;0;89;0;80;0;
11615;5221012;990068736;13176832;1107513344;0;0;0;0;0;0;0;0;0;0;0;1834;0;0;89;0;80;0;
11616;4229732;990068736;13176832;1107513344;0;0;0;0;0;0;0;0;0;0;0;2906;0;0;89;0;80;0;
11617;6258487;990068736;13176832;1107513344;0;0;0;0;0;0;0;0;0;0;0;2335;0;0;89;0;80;0;
11618;3260414;990068736;13176832;1107513344;0;0;0;0;0;0;0;0;0;0;0;2785;0;0;89;0;80;0;
11619;6471697;990068736;13176832;1107513344;0;0;0;0;0;0;0;0;0;0;0;2965;0;0;89;0;80;0;
11620;3280823;990068736;13176832;1107513344;0;0;0;0;0;0;0;0;0;0;0;2735;0;0;89;0;80;0;
11621;6566194;992698368;18714624;1113051136;0;0;0;0;0;0;0;0;0;0;0;3016;0;0;89;0;80;0;
11622;6521370;994795520;18714624;1113051136;0;0;0;0;0;0;0;0;0;0;0;3497;0;0;89;0;80;0;
11623;5351336;994795520;18714624;1113051136;0;0;0;0;0;0;0;0;0;0;0;2084;0;0;89;0;80;0;
11624;4183095;994795520;18714624;1113051136;0;0;0;0;0;0;0;0;0;0;0;3016;0;0;89;0;80;0;
11625;6525808;994795520;18714624;1113051136;0;0;0;0;0;0;0;0;0;0;0;2465;0;0;89;0;80;0;
11626;3957222;994795520;18714624;1113051136;0;0;0;0;0;0;0;0;0;0;0;2515;0;0;89;0;80;0;
11627;5769731;994795520;18714624;1113051136;0;0;0;0;0;0;0;0;0;0;0;2324;0;0;89;0;80;0;
11628;3130211;994795520;18714624;1113051136;0;0;0;0;0;0;0;0;0;0;0;3216;0;0;89;0;80;0;
11629;7287768;994795520;18714624;1113051136;0;0;0;0;0;0;0;0;0;0;0;1884;0;0;89;0;80;0;
11630;4413157;990081024;13176832;1107513344;0;0;0;0;0;0;0;0;0;0;0;4970;0;0;89;0;80;0;
11631;7835635;990081024;13176832;1107513344;0;0;0;0;0;0;0;0;0;0;0;4789;0;0;89;0;80;0;
11632;4141286;990081024;13176832;1107513344;0;0;0;0;0;0;0;0;0;0;0;5560;0;0;89;0;80;0;
11633;6420871;990081024;13176832;1107513344;0;0;0;0;0;0;0;0;0;0;0;3547;0;0;89;0;80;0;
11634;3652730;990081024;13176832;1107513344;0;0;0;0;0;0;0;0;0;0;0;3767;0;0;89;0;80;0;
11635;7003704;990081024;13176832;1107513344;0;0;0;0;0;0;0;0;0;0;0;2545;0;0;89;0;80;0;
11636;4894269;990081024;13176832;1107513344;0;0;0;0;0;0;0;0;0;0;0;2906;0;0;89;0;80;0;
11637;6586171;990081024;13176832;1107513344;0;0;0;0;0;0;0;0;0;0;0;2294;0;0;89;0;80;0;
11638;3972741;990081024;13176832;1107513344;0;0;0;0;0;0;0;0;0;0;0;2706;0;0;89;0;80;0;
11639;6042492;990081024;13176832;1107513344;0;0;0;0;0;0;0;0;0;0;0;2655;0;0;89;0;80;0;
11640;4455316;990081024;13176832;1107513344;0;0;0;0;0;0;0;0;0;0;0;3046;0;0;89;0;80;0;
11641;6807837;990081024;13176832;1107513344;0;0;0;0;0;0;0;0;0;0;0;2555;0;0;89;0;80;0;
11642;3188209;990081024;13176832;1107513344;0;0;0;0;0;0;0;0;0;0;0;2946;0;0;89;0;80;0;
11643;6190490;992710656;18714624;1113051136;0;0;0;0;0;0;0;0;0;0;0;2926;0;0;89;0;80;0;
11644;5008423;994807808;18714624;1113051136;0;0;0;0;0;0;0;0;0;0;0;2605;0;0;89;0;80;0;
11645;5339464;994807808;18714624;1113051136;0;0;0;0;0;0;0;0;0;0;0;1923;0;0;89;0;80;0;
11646;5313735;994807808;18714624;1113051136;0;0;0;0;0;0;0;0;0;0;0;3006;0;0;89;0;80;0;
11647;6198786;994807808;18714624;1113051136;0;0;0;0;0;0;0;0;0;0;0;1943;0;0;89;0;80;0;
11648;3655335;994807808;18714624;1113051136;0;0;0;0;0;0;0;0;0;0;0;2755;0;0;89;0;80;0;
11649;6083028;994807808;18714624;1113051136;0;0;0;0;0;0;0;0;0;0;0;2494;0;0;89;0;80;0;
11650;3704377;994807808;18714624;1113051136;0;0;0;0;0;0;0;0;0;0;0;4609;0;0;89;0;80;0;
11651;7739204;994807808;18714624;1113051136;0;0;0;0;0;0;0;0;0;0;0;2444;0;0;89;0;80;0;
11652;6489481;990093312;13176832;1107513344;0;0;0;0;0;0;0;0;0;0;0;71895;0;0;89;0;80;0;
11653;7298207;990093312;13176832;1107513344;0;0;0;0;0;0;0;0;0;0;0;3937;0;0;89;0;80;0;
11654;6490712;990093312;13176832;1107513344;0;0;0;0;0;0;0;0;0;0;0;5080;0;0;89;0;80;0;
11655;6966735;990093312;13176832;1107513344;0;0;0;0;0;0;0;0;0;0;0;2574;0;0;89;0;80;0;
11656;4575741;990093312;13176832;1107513344;0;0;0;0;0;0;0;0;0;0;0;5550;0;0;89;0;80;0;
11657;7480439;990093312;13176832;1107513344;0;0;0;0;0;0;0;0;0;0;0;3406;0;0;89;0;80;0;
11658;4931308;990093312;13176832;1107513344;0;0;0;0;0;0;0;0;0;0;0;3957;0;0;89;0;80;0;
11659;6380105;990093312;13176832;1107513344;0;0;0;0;0;0;0;0;0;0;0;1673;0;0;89;0;80;0;
11660;3820495;990093312;13176832;1107513344;0;0;0;0;0;0;0;0;0;0;0;3287;0;0;89;0;80;0;
11661;5900746;990093312;13176832;1107513344;0;0;0;0;0;0;0;0;0;0;0;2675;0;0;89;0;80;0;
11662;4940516;990093312;13176832;1107513344;0;0;0;0;0;0;0;0;0;0;0;2655;0;0;89;0;80;0;
11663;5433971;990093312;13176832;1107513344;0;0;0;0;0;0;0;0;0;0;0;1623;0;0;89;0;80;0;
11664;3857935;990093312;13176832;1107513344;0;0;0;0;0;0;0;0;0;0;0;2706;0;0;89;0;80;0;
11665;5680082;990093312;13176832;1107513344;0;0;0;0;0;0;0;0;0;0;0;1613;0;0;89;0;80;0;
11666;2915047;990093312;13176832;1107513344;0;0;0;0;0;0;0;0;0;0;0;3016;0;0;89;0;80;0;
11667;4786436;990093312;13176832;1107513344;0;0;0;0;0;0;0;0;0;0;0;1814;0;0;89;0;80;0;
11668;3054559;990093312;13176832;1107513344;0;0;0;0;0;0;0;0;0;0;0;2995;0;0;89;0;80;0;
11669;5301362;992722944;18714624;1113051136;0;0;0;0;0;0;0;0;0;0;0;2906;0;0;89;0;80;0;
11670;2719340;994820096;18714624;1113051136;0;0;0;0;0;0;0;0;0;0;0;2715;0;0;89;0;80;0;
11671;5565137;994820096;18714624;1113051136;0;0;0;0;0;0;0;0;0;0;0;1864;0;0;89;0;80;0;
11672;3023319;994820096;18714624;1113051136;0;0;0;0;0;0;0;0;0;0;0;2805;0;0;89;0;80;0;
11673;5729546;994820096;18714624;1113051136;0;0;0;0;0;0;0;0;0;0;0;2495;0;0;89;0;80;0;
11674;2716754;994820096;18714624;1113051136;0;0;0;0;0;0;0;0;0;0;0;2715;0;0;89;0;80;0;
11675;6321405;994820096;18714624;1113051136;0;0;0;0;0;0;0;0;0;0;0;2315;0;0;89;0;80;0;
11676;3184412;994820096;18714624;1113051136;0;0;0;0;0;0;0;0;0;0;0;2665;0;0;89;0;80;0;
11677;5817640;994820096;18714624;1113051136;0;0;0;0;0;0;0;0;0;0;0;1703;0;0;89;0;80;0;
11678;3729465;990105600;13176832;1107513344;0;0;0;0;0;0;0;0;0;0;0;2795;0;0;89;0;80;0;
11679;5541913;990105600;13176832;1107513344;0;0;0;0;0;0;0;0;0;0;0;2305;0;0;89;0;80;0;
11680;4559210;990105600;13176832;1107513344;0;0;0;0;0;0;0;0;0;0;0;4950;0;0;89;0;80;0;
11681;5797132;990105600;13176832;1107513344;0;0;0;0;0;0;0;0;0;0;0;3507;0;0;89;0;80;0;
11682;4120587;990105600;13176832;1107513344;0;0;0;0;0;0;0;0;0;0;0;4519;0;0;89;0;80;0;
11683;6319501;990105600;13176832;1107513344;0;0;0;0;0;0;0;0;0;0;0;4368;0;0;89;0;80;0;
11684;4185310;990105600;13176832;1107513344;0;0;0;0;0;0;0;0;0;0;0;4769;0;0;89;0;80;0;
11685;6059154;990105600;13176832;1107513344;0;0;0;0;0;0;0;0;0;0;0;3085;0;0;89;0;80;0;
11686;5844391;990105600;13176832;1107513344;0;0;0;0;0;0;0;0;0;0;0;4829;0;0;89;0;80;0;
11687;5970777;990105600;13176832;1107513344;0;0;0;0;0;0;0;0;0;0;0;3817;0;0;89;0;80;0;
11688;5469117;990105600;13176832;1107513344;0;0;0;0;0;0;0;0;0;0;0;4108;0;0;89;0;80;0;
11689;6655632;990105600;13176832;1107513344;0;0;0;0;0;0;0;0;0;0;0;4659;0;0;89;0;80;0;
11690;4926659;990105600;13176832;1107513344;0;0;0;0;0;0;0;0;0;0;0;4920;0;0;89;0;80;0;
11691;6167757;992735232;18714624;1113051136;0;0;0;0;0;0;0;0;0;0;0;3898;0;0;89;0;80;0;
11692;6197342;994832384;18714624;1113051136;0;0;0;0;0;0;0;0;0;0;0;3196;0;0;89;0;80;0;
11693;4895842;994832384;18714624;1113051136;0;0;0;0;0;0;0;0;0;0;0;1914;0;0;89;0;80;0;
11694;4652896;994832384;18714624;1113051136;0;0;0;0;0;0;0;0;0;0;0;2936;0;0;89;0;80;0;
11695;6402387;994832384;18714624;1113051136;0;0;0;0;0;0;0;0;0;0;0;1854;0;0;89;0;80;0;
11696;2668975;994832384;18714624;1113051136;0;0;0;0;0;0;0;0;0;0;0;2645;0;0;89;0;80;0;
11697;5316570;994832384;18714624;1113051136;0;0;0;0;0;0;0;0;0;0;0;1743;0;0;89;0;80;0;
11698;2853711;994832384;18714624;1113051136;0;0;0;0;0;0;0;0;0;0;0;2575;0;0;89;0;80;0;
11699;5060621;994832384;18714624;1113051136;0;0;0;0;0;0;0;0;0;0;0;1914;0;0;89;0;80;0;
11700;2940575;990117888;13176832;1107513344;0;0;0;0;0;0;0;0;0;0;0;2665;0;0;89;0;80;0;
11701;4860966;990117888;13176832;1107513344;0;0;0;0;0;0;0;0;0;0;0;1713;0;0;89;0;80;0;
11702;2972805;990117888;13176832;1107513344;0;0;0;0;0;0;0;0;0;0;0;2955;0;0;89;0;80;0;
11703;5668100;990117888;13176832;1107513344;0;0;0;0;0;0;0;0;0;0;0;1964;0;0;89;0;80;0;
11704;2905439;990117888;13176832;1107513344;0;0;0;0;0;0;0;0;0;0;0;3076;0;0;89;0;80;0;
11705;4879100;990117888;13176832;1107513344;0;0;0;0;0;0;0;0;0;0;0;1963;0;0;89;0;80;0;
11706;2633229;990117888;13176832;1107513344;0;0;0;0;0;0;0;0;0;0;0;2745;0;0;89;0;80;0;
11707;5282647;990117888;13176832;1107513344;0;0;0;0;0;0;0;0;0;0;0;1833;0;0;89;0;80;0;
11708;3000387;990117888;13176832;1107513344;0;0;0;0;0;0;0;0;0;0;0;2895;0;0;89;0;80;0;
11709;5399746;990117888;13176832;1107513344;0;0;0;0;0;0;0;0;0;0;0;1753;0;0;89;0;80;0;
11710;3195443;990117888;13176832;1107513344;0;0;0;0;0;0;0;0;0;0;0;2695;0;0;89;0;80;0;
11711;4801855;990117888;13176832;1107513344;0;0;0;0;0;0;0;0;0;0;0;1713;0;0;89;0;80;0;
11712;3365772;990117888;13176832;1107513344;0;0;0;0;0;0;0;0;0;0;0;2755;0;0;89;0;80;0;
11713;4504998;990117888;13176832;1107513344;0;0;0;0;0;0;0;0;0;0;0;1693;0;0;89;0;80;0;
11714;4465975;990117888;13176832;1107513344;0;0;0;0;0;0;0;0;0;0;0;2836;0;0;89;0;80;0;
11715;6212000;990117888;13176832;1107513344;0;0;0;0;0;0;0;0;0;0;0;2034;0;0;89;0;80;0;
11716;5036125;990117888;13176832;1107513344;0;0;0;0;0;0;0;0;0;0;0;4528;0;0;89;0;80;0;
11717;6383692;992747520;18714624;1113051136;0;0;0;0;0;0;0;0;0;0;0;4138;0;0;89;0;80;0;
11718;5040142;994844672;18714624;1113051136;0;0;0;0;0;0;0;0;0;0;0;4909;0;0;89;0;80;0;
11719;6160754;994844672;18714624;1113051136;0;0;0;0;0;0;0;0;0;0;0;2214;0;0;89;0;80;0;
11720;4327937;994844672;18714624;1113051136;0;0;0;0;0;0;0;0;0;0;0;4910;0;0;89;0;80;0;
11721;7711752;994844672;18714624;1113051136;0;0;0;0;0;0;0;0;0;0;0;33422;0;0;89;0;80;0;
11722;4146466;994844672;18714624;1113051136;0;0;0;0;0;0;0;0;0;0;0;4840;0;0;89;0;80;0;
11723;6448373;994844672;18714624;1113051136;0;0;0;0;0;0;0;0;0;0;0;3416;0;0;89;0;80;0;
11724;5149747;994844672;18714624;1113051136;0;0;0;0;0;0;0;0;0;0;0;4408;0;0;89;0;80;0;
11725;6910370;994844672;18714624;1113051136;0;0;0;0;0;0;0;0;0;0;0;3436;0;0;89;0;80;0;
11726;5910154;990130176;13176832;1107513344;0;0;0;0;0;0;0;0;0;0;0;5299;0;0;89;0;80;0;
11727;7137996;990130176;13176832;1107513344;0;0;0;0;0;0;0;0;0;0;0;4729;0;0;89;0;80;0;
11728;5015987;990130176;13176832;1107513344;0;0;0;0;0;0;0;0;0;0;0;5540;0;0;89;0;80;0;
11729;6092025;990130176;13176832;1107513344;0;0;0;0;0;0;0;0;0;0;0;3626;0;0;89;0;80;0;
11730;5346347;990130176;13176832;1107513344;0;0;0;0;0;0;0;0;0;0;0;5180;0;0;89;0;80;0;
11731;5354591;990130176;13176832;1107513344;0;0;0;0;0;0;0;0;0;0;0;3206;0;0;89;0;80;0;
11732;5419654;990130176;13176832;1107513344;0;0;0;0;0;0;0;0;0;0;0;3116;0;0;89;0;80;0;
11733;6649210;990130176;13176832;1107513344;0;0;0;0;0;0;0;0;0;0;0;2775;0;0;89;0;80;0;
11734;4563629;990130176;13176832;1107513344;0;0;0;0;0;0;0;0;0;0;0;2775;0;0;89;0;80;0;
11735;6133222;990130176;13176832;1107513344;0;0;0;0;0;0;0;0;0;0;0;2555;0;0;89;0;80;0;
11736;5156791;990130176;13176832;1107513344;0;0;0;0;0;0;0;0;0;0;0;3096;0;0;89;0;80;0;
11737;4715072;990130176;13176832;1107513344;0;0;0;0;0;0;0;0;0;0;0;1743;0;0;89;0;80;0;
11738;4830329;990130176;13176832;1107513344;0;0;0;0;0;0;0;0;0;0;0;2835;0;0;89;0;80;0;
11739;5221783;992759808;18714624;1113051136;0;0;0;0;0;0;0;0;0;0;0;2134;0;0;89;0;80;0;
11740;5010958;994856960;18714624;1113051136;0;0;0;0;0;0;0;0;0;0;0;2926;0;0;89;0;80;0;
11741;5683038;994856960;18714624;1113051136;0;0;0;0;0;0;0;0;0;0;0;8936;0;0;89;0;80;0;
11742;4252665;994856960;18714624;1113051136;0;0;0;0;0;0;0;0;0;0;0;2394;0;0;89;0;80;0;
11743;4771479;994856960;18714624;1113051136;0;0;0;0;0;0;0;0;0;0;0;1974;0;0;89;0;80;0;
11744;4269307;994856960;18714624;1113051136;0;0;0;0;0;0;0;0;0;0;0;3036;0;0;89;0;80;0;
11745;5925242;994856960;18714624;1113051136;0;0;0;0;0;0;0;0;0;0;0;1973;0;0;89;0;80;0;
11746;4291718;994856960;18714624;1113051136;0;0;0;0;0;0;0;0;0;0;0;2505;0;0;89;0;80;0;
11747;4859995;994856960;18714624;1113051136;0;0;0;0;0;0;0;0;0;0;0;1644;0;0;89;0;80;0;
11748;4688463;990142464;13176832;1107513344;0;0;0;0;0;0;0;0;0;0;0;2975;0;0;89;0;80;0;
11749;5501888;990142464;13176832;1107513344;0;0;0;0;0;0;0;0;0;0;0;2124;0;0;89;0;80;0;
11750;4135716;990142464;13176832;1107513344;0;0;0;0;0;0;0;0;0;0;0;3146;0;0;89;0;80;0;
11751;6042021;990142464;13176832;1107513344;0;0;0;0;0;0;0;0;0;0;0;2194;0;0;89;0;80;0;
11752;5838178;990142464;13176832;1107513344;0;0;0;0;0;0;0;0;0;0;0;5060;0;0;89;0;80;0;
11753;5536273;990142464;13176832;1107513344;0;0;0;0;0;0;0;0;0;0;0;1673;0;0;89;0;80;0;
11754;7617445;990142464;13176832;1107513344;0;0;0;0;0;0;0;0;0;0;0;4629;0;0;89;0;80;0;
11755;5571449;990142464;13176832;1107513344;0;0;0;0;0;0;0;0;0;0;0;2174;0;0;89;0;80;0;
11756;5610813;990142464;13176832;1107513344;0;0;0;0;0;0;0;0;0;0;0;4589;0;0;89;0;80;0;
11757;6158630;990142464;13176832;1107513344;0;0;0;0;0;0;0;0;0;0;0;2635;0;0;89;0;80;0;
11758;4249148;990142464;13176832;1107513344;0;0;0;0;0;0;0;0;0;0;0;3717;0;0;89;0;80;0;
11759;5482111;990142464;13176832;1107513344;0;0;0;0;0;0;0;0;0;0;0;2274;0;0;89;0;80;0;
11760;5083694;990142464;13176832;1107513344;0;0;0;0;0;0;0;0;0;0;0;4608;0;0;89;0;80;0;
11761;5751285;990142464;13176832;1107513344;0;0;0;0;0;0;0;0;0;0;0;1984;0;0;89;0;80;0;
11762;3794937;990142464;13176832;1107513344;0;0;0;0;0;0;0;0;0;0;0;2585;0;0;89;0;80;0;
11763;5371984;992772096;18714624;1113051136;0;0;0;0;0;0;0;0;0;0;0;1723;0;0;89;0;80;0;
11764;4032042;994869248;18714624;1113051136;0;0;0;0;0;0;0;0;0;0;0;3196;0;0;89;0;80;0;
11765;4786937;994869248;18714624;1113051136;0;0;0;0;0;0;0;0;0;0;0;1593;0;0;89;0;80;0;
11766;3632052;994869248;18714624;1113051136;0;0;0;0;0;0;0;0;0;0;0;2475;0;0;89;0;80;0;
11767;4902454;994869248;18714624;1113051136;0;0;0;0;0;0;0;0;0;0;0;2225;0;0;89;0;80;0;
11768;4328988;994869248;18714624;1113051136;0;0;0;0;0;0;0;0;0;0;0;2986;0;0;89;0;80;0;
11769;4793741;994869248;18714624;1113051136;0;0;0;0;0;0;0;0;0;0;0;1923;0;0;89;0;80;0;
11770;4356300;994869248;18714624;1113051136;0;0;0;0;0;0;0;0;0;0;0;2775;0;0;89;0;80;0;
11771;4965432;994869248;18714624;1113051136;0;0;0;0;0;0;0;0;0;0;0;2305;0;0;89;0;80;0;
11772;3740315;990154752;13176832;1107513344;0;0;0;0;0;0;0;0;0;0;0;3176;0;0;89;0;80;0;
11773;6238058;990154752;13176832;1107513344;0;0;0;0;0;0;0;0;0;0;0;2054;0;0;89;0;80;0;
11774;3623325;990154752;13176832;1107513344;0;0;0;0;0;0;0;0;0;0;0;3637;0;0;89;0;80;0;
11775;6054595;990154752;13176832;1107513344;0;0;0;0;0;0;0;0;0;0;0;2906;0;0;89;0;80;0;
11776;5258282;990154752;13176832;1107513344;0;0;0;0;0;0;0;0;0;0;0;3637;0;0;89;0;80;0;
11777;6085041;990154752;13176832;1107513344;0;0;0;0;0;0;0;0;0;0;0;3236;0;0;89;0;80;0;
11778;4897845;990154752;13176832;1107513344;0;0;0;0;0;0;0;0;0;0;0;3707;0;0;89;0;80;0;
11779;5899814;990154752;13176832;1107513344;0;0;0;0;0;0;0;0;0;0;0;2264;0;0;89;0;80;0;
11780;3214138;990154752;13176832;1107513344;0;0;0;0;0;0;0;0;0;0;0;3226;0;0;89;0;80;0;
11781;5604881;990154752;13176832;1107513344;0;0;0;0;0;0;0;0;0;0;0;2214;0;0;89;0;80;0;
11782;4008096;990154752;13176832;1107513344;0;0;0;0;0;0;0;0;0;0;0;2956;0;0;89;0;80;0;
11783;5740515;990154752;13176832;1107513344;0;0;0;0;0;0;0;0;0;0;0;2845;0;0;89;0;80;0;
11784;3544006;990154752;13176832;1107513344;0;0;0;0;0;0;0;0;0;0;0;2695;0;0;89;0;80;0;
11785;6740150;990154752;13176832;1107513344;0;0;0;0;0;0;0;0;0;0;0;2514;0;0;89;0;80;0;
11786;3234225;990154752;13176832;1107513344;0;0;0;0;0;0;0;0;0;0;0;3076;0;0;89;0;80;0;
11787;5539839;992784384;18714624;1113051136;0;0;0;0;0;0;0;0;0;0;0;2635;0;0;89;0;80;0;
11788;3492530;994881536;18714624;1113051136;0;0;0;0;0;0;0;0;0;0;0;2706;0;0;89;0;80;0;
11789;4906853;994881536;18714624;1113051136;0;0;0;0;0;0;0;0;0;0;0;2014;0;0;89;0;80;0;
11790;2940545;994881536;18714624;1113051136;0;0;0;0;0;0;0;0;0;0;0;3456;0;0;89;0;80;0;
11791;5114541;994881536;18714624;1113051136;0;0;0;0;0;0;0;0;0;0;0;1703;0;0;89;0;80;0;
11792;3112027;994881536;18714624;1113051136;0;0;0;0;0;0;0;0;0;0;0;2745;0;0;89;0;80;0;
11793;6074172;994881536;18714624;1113051136;0;0;0;0;0;0;0;0;0;0;0;1643;0;0;89;0;80;0;
11794;2365095;994881536;18714624;1113051136;0;0;0;0;0;0;0;0;0;0;0;2976;0;0;89;0;80;0;
11795;5012220;994881536;18714624;1113051136;0;0;0;0;0;0;0;0;0;0;0;1673;0;0;89;0;80;0;
11796;3761565;990167040;13176832;1107513344;0;0;0;0;0;0;0;0;0;0;0;2434;0;0;89;0;80;0;
11797;5167350;990167040;13176832;1107513344;0;0;0;0;0;0;0;0;0;0;0;1744;0;0;89;0;80;0;
11798;3128858;990167040;13176832;1107513344;0;0;0;0;0;0;0;0;0;0;0;2425;0;0;89;0;80;0;
11799;4975731;990167040;13176832;1107513344;0;0;0;0;0;0;0;0;0;0;0;1753;0;0;89;0;80;0;
11800;4101982;990167040;13176832;1107513344;0;0;0;0;0;0;0;0;0;0;0;2635;0;0;89;0;80;0;
11801;4551656;990167040;13176832;1107513344;0;0;0;0;0;0;0;0;0;0;0;1873;0;0;89;0;80;0;
11802;3665544;990167040;13176832;1107513344;0;0;0;0;0;0;0;0;0;0;0;3066;0;0;89;0;80;0;
11803;4075473;990167040;13176832;1107513344;0;0;0;0;0;0;0;0;0;0;0;1723;0;0;89;0;80;0;
11804;4160022;990167040;13176832;1107513344;0;0;0;0;0;0;0;0;0;0;0;2544;0;0;89;0;80;0;
11805;4301887;990167040;13176832;1107513344;0;0;0;0;0;0;0;0;0;0;0;1883;0;0;89;0;80;0;
11806;3180544;990167040;13176832;1107513344;0;0;0;0;0;0;0;0;0;0;0;2906;0;0;89;0;80;0;
11807;4680567;990167040;13176832;1107513344;0;0;0;0;0;0;0;0;0;0;0;1794;0;0;89;0;80;0;
11808;4704713;990167040;13176832;1107513344;0;0;0;0;0;0;0;0;0;0;0;2535;0;0;89;0;80;0;
11809;9495858;990167040;13176832;1107513344;0;0;0;0;0;0;0;0;0;0;0;1733;0;0;89;0;80;0;
11810;5826166;990167040;13176832;1107513344;0;0;0;0;0;0;0;0;0;0;0;2445;0;0;89;0;80;0;
11811;6854244;992796672;18714624;1113051136;0;0;0;0;0;0;0;0;0;0;0;2955;0;0;89;0;80;0;
11812;4991862;994893824;18714624;1113051136;0;0;0;0;0;0;0;0;0;0;0;2895;0;0;89;0;80;0;
11813;4871937;994893824;18714624;1113051136;0;0;0;0;0;0;0;0;0;0;0;2325;0;0;89;0;80;0;
11814;4445166;994893824;18714624;1113051136;0;0;0;0;0;0;0;0;0;0;0;3306;0;0;89;0;80;0;
11815;5667839;994893824;18714624;1113051136;0;0;0;0;0;0;0;0;0;0;0;3136;0;0;89;0;80;0;
11816;3601434;994893824;18714624;1113051136;0;0;0;0;0;0;0;0;0;0;0;2965;0;0;89;0;80;0;
11817;5810847;994893824;18714624;1113051136;0;0;0;0;0;0;0;0;0;0;0;2304;0;0;89;0;80;0;
11818;3339463;994893824;18714624;1113051136;0;0;0;0;0;0;0;0;0;0;0;2544;0;0;89;0;80;0;
11819;5344533;994893824;18714624;1113051136;0;0;0;0;0;0;0;0;0;0;0;2184;0;0;89;0;80;0;
11820;3989532;990179328;13176832;1107513344;0;0;0;0;0;0;0;0;0;0;0;3136;0;0;89;0;80;0;
11821;4972876;990179328;13176832;1107513344;0;0;0;0;0;0;0;0;0;0;0;2175;0;0;89;0;80;0;
11822;2363833;990179328;13176832;1107513344;0;0;0;0;0;0;0;0;0;0;0;2504;0;0;89;0;80;0;
11823;4683553;990179328;13176832;1107513344;0;0;0;0;0;0;0;0;0;0;0;2465;0;0;89;0;80;0;
11824;3016137;990179328;13176832;1107513344;0;0;0;0;0;0;0;0;0;0;0;2595;0;0;89;0;80;0;
11825;5477833;990179328;13176832;1107513344;0;0;0;0;0;0;0;0;0;0;0;1643;0;0;89;0;80;0;
11826;3496838;990179328;13176832;1107513344;0;0;0;0;0;0;0;0;0;0;0;3086;0;0;89;0;80;0;
11827;4694925;990179328;13176832;1107513344;0;0;0;0;0;0;0;0;0;0;0;1754;0;0;89;0;80;0;
11828;3797893;990179328;13176832;1107513344;0;0;0;0;0;0;0;0;0;0;0;2665;0;0;89;0;80;0;
11829;4939133;990179328;13176832;1107513344;0;0;0;0;0;0;0;0;0;0;0;1864;0;0;89;0;80;0;
11830;4767752;990179328;13176832;1107513344;0;0;0;0;0;0;0;0;0;0;0;6312;0;0;89;0;80;0;
11831;5174324;990179328;13176832;1107513344;0;0;0;0;0;0;0;0;0;0;0;1804;0;0;89;0;80;0;
11832;7033530;990179328;13176832;1107513344;0;0;0;0;0;0;0;0;0;0;0;6081;0;0;89;0;80;0;
11833;7112950;990179328;13185024;1107521536;0;0;0;0;0;0;0;0;0;0;0;3377;0;0;89;0;80;0;
11834;4362982;992808960;18722816;1113059328;0;0;0;0;0;0;0;0;0;0;0;2865;0;0;89;0;80;0;
11835;5855311;994906112;18722816;1113059328;0;0;0;0;0;0;0;0;0;0;0;2525;0;0;89;0;80;0;
11836;3186025;994906112;18722816;1113059328;0;0;0;0;0;0;0;0;0;0;0;3577;0;0;89;0;80;0;
11837;5445663;994906112;18722816;1113059328;0;0;0;0;0;0;0;0;0;0;0;2334;0;0;89;0;80;0;
11838;3308685;994906112;18722816;1113059328;0;0;0;0;0;0;0;0;0;0;0;3717;0;0;89;0;80;0;
11839;4280528;994906112;18722816;1113059328;0;0;0;0;0;0;0;0;0;0;0;1813;0;0;89;0;80;0;
11840;2954742;994983936;18714624;1113051136;0;0;0;0;0;0;0;0;0;0;0;2575;0;0;89;0;80;0;
11841;4841320;994983936;18714624;1113051136;0;0;0;0;0;0;0;0;0;0;0;2305;0;0;89;0;80;0;
11842;2836209;994983936;18714624;1113051136;0;0;0;0;0;0;0;0;0;0;0;2345;0;0;89;0;80;0;
11843;4574999;994983936;18714624;1113051136;0;0;0;0;0;0;0;0;0;0;0;2164;0;0;89;0;80;0;
11844;3119691;990191616;13176832;1107513344;0;0;0;0;0;0;0;0;0;0;0;2975;0;0;89;0;80;0;
11845;4969339;990191616;13176832;1107513344;0;0;0;0;0;0;0;0;0;0;0;1703;0;0;89;0;80;0;
11846;3070117;990191616;13176832;1107513344;0;0;0;0;0;0;0;0;0;0;0;2785;0;0;89;0;80;0;
11847;4226416;990191616;13176832;1107513344;0;0;0;0;0;0;0;0;0;0;0;2304;0;0;89;0;80;0;
11848;2982313;990191616;13176832;1107513344;0;0;0;0;0;0;0;0;0;0;0;2955;0;0;89;0;80;0;
11849;4703801;990191616;13176832;1107513344;0;0;0;0;0;0;0;0;0;0;0;2615;0;0;89;0;80;0;
11850;2727175;990191616;13176832;1107513344;0;0;0;0;0;0;0;0;0;0;0;3447;0;0;89;0;80;0;
11851;4839626;990191616;13176832;1107513344;0;0;0;0;0;0;0;0;0;0;0;1933;0;0;89;0;80;0;
11852;3396179;990191616;13176832;1107513344;0;0;0;0;0;0;0;0;0;0;0;3196;0;0;89;0;80;0;
11853;4956355;990191616;13176832;1107513344;0;0;0;0;0;0;0;0;0;0;0;1623;0;0;89;0;80;0;
11854;2630313;990191616;13176832;1107513344;0;0;0;0;0;0;0;0;0;0;0;2364;0;0;89;0;80;0;
11855;5014815;990191616;13176832;1107513344;0;0;0;0;0;0;0;0;0;0;0;2084;0;0;89;0;80;0;
11856;3005817;990191616;13176832;1107513344;0;0;0;0;0;0;0;0;0;0;0;3216;0;0;89;0;80;0;
11857;4089529;990191616;13176832;1107513344;0;0;0;0;0;0;0;0;0;0;0;1813;0;0;89;0;80;0;
11858;2530616;990191616;13176832;1107513344;0;0;0;0;0;0;0;0;0;0;0;2895;0;0;89;0;80;0;
11859;5623426;992821248;18714624;1113051136;0;0;0;0;0;0;0;0;0;0;0;2003;0;0;89;0;80;0;
11860;3770571;994918400;18714624;1113051136;0;0;0;0;0;0;0;0;0;0;0;3146;0;0;89;0;80;0;
11861;4080021;994918400;18714624;1113051136;0;0;0;0;0;0;0;0;0;0;0;1974;0;0;89;0;80;0;
11862;1870879;994918400;18714624;1113051136;0;0;0;0;0;0;0;0;0;0;0;1974;0;0;89;0;80;0;
11863;4301237;994918400;18714624;1113051136;0;0;0;0;0;0;0;0;0;0;0;1643;0;0;89;0;80;0;
11864;2972474;994918400;18714624;1113051136;0;0;0;0;0;0;0;0;0;0;0;2154;0;0;89;0;80;0;
11865;4280418;994918400;18714624;1113051136;0;0;0;0;0;0;0;0;0;0;0;1633;0;0;89;0;80;0;
11866;2072196;994918400;18714624;1113051136;0;0;0;0;0;0;0;0;0;0;0;2014;0;0;89;0;80;0;
11867;4649360;994918400;18714624;1113051136;0;0;0;0;0;0;0;0;0;0;0;1754;0;0;89;0;80;0;
11868;2766518;990203904;13176832;1107513344;0;0;0;0;0;0;0;0;0;0;0;1833;0;0;89;0;80;0;
11869;4646594;990203904;13176832;1107513344;0;0;0;0;0;0;0;0;0;0;0;1694;0;0;89;0;80;0;
11870;2010451;990203904;13176832;1107513344;0;0;0;0;0;0;0;0;0;0;0;1733;0;0;89;0;80;0;
11871;4887446;990203904;13176832;1107513344;0;0;0;0;0;0;0;0;0;0;0;1883;0;0;89;0;80;0;
11872;2002435;990203904;13176832;1107513344;0;0;0;0;0;0;0;0;0;0;0;1974;0;0;89;0;80;0;
11873;4032924;990203904;13176832;1107513344;0;0;0;0;0;0;0;0;0;0;0;1543;0;0;89;0;80;0;
11874;2287270;990203904;13176832;1107513344;0;0;0;0;0;0;0;0;0;0;0;2134;0;0;89;0;80;0;
11875;4532329;990203904;13176832;1107513344;0;0;0;0;0;0;0;0;0;0;0;1864;0;0;89;0;80;0;
11876;3080968;990203904;13176832;1107513344;0;0;0;0;0;0;0;0;0;0;0;2335;0;0;89;0;80;0;
11877;4716415;990203904;13176832;1107513344;0;0;0;0;0;0;0;0;0;0;0;1553;0;0;89;0;80;0;
11878;2694924;990203904;13176832;1107513344;0;0;0;0;0;0;0;0;0;0;0;2205;0;0;89;0;80;0;
11879;4429277;990203904;13176832;1107513344;0;0;0;0;0;0;0;0;0;0;0;1804;0;0;89;0;80;0;
11880;3241659;990203904;13176832;1107513344;0;0;0;0;0;0;0;0;0;0;0;1953;0;0;89;0;80;0;
11881;4715474;990203904;13176832;1107513344;0;0;0;0;0;0;0;0;0;0;0;1643;0;0;89;0;80;0;
11882;1976326;990203904;13176832;1107513344;0;0;0;0;0;0;0;0;0;0;0;1973;0;0;89;0;80;0;
11883;5226431;992833536;18714624;1113051136;0;0;0;0;0;0;0;0;0;0;0;1723;0;0;89;0;80;0;
11884;3863316;994930688;18714624;1113051136;0;0;0;0;0;0;0;0;0;0;0;2765;0;0;89;0;80;0;
11885;4408227;994930688;18714624;1113051136;0;0;0;0;0;0;0;0;0;0;0;1654;0;0;89;0;80;0;
11886;1974904;994930688;18714624;1113051136;0;0;0;0;0;0;0;0;0;0;0;2014;0;0;89;0;80;0;
11887;5043688;994930688;18714624;1113051136;0;0;0;0;0;0;0;0;0;0;0;1603;0;0;89;0;80;0;
11888;2994927;994930688;18714624;1113051136;0;0;0;0;0;0;0;0;0;0;0;1914;0;0;89;0;80;0;
11889;4624152;994930688;18714624;1113051136;0;0;0;0;0;0;0;0;0;0;0;1633;0;0;89;0;80;0;
11890;3343230;994930688;18714624;1113051136;0;0;0;0;0;0;0;0;0;0;0;2535;0;0;89;0;80;0;
11891;6057761;994930688;18714624;1113051136;0;0;0;0;0;0;0;0;0;0;0;1903;0;0;89;0;80;0;
11892;4449014;990216192;13176832;1107513344;0;0;0;0;0;0;0;0;0;0;0;2494;0;0;89;0;80;0;
11893;4511240;990216192;13176832;1107513344;0;0;0;0;0;0;0;0;0;0;0;1694;0;0;89;0;80;0;
11894;3240818;990216192;13176832;1107513344;0;0;0;0;0;0;0;0;0;0;0;2104;0;0;89;0;80;0;
11895;6220987;990216192;13176832;1107513344;0;0;0;0;0;0;0;0;0;0;0;1844;0;0;89;0;80;0;
11896;3186927;990216192;13176832;1107513344;0;0;0;0;0;0;0;0;0;0;0;2084;0;0;89;0;80;0;
11897;5204069;990216192;13176832;1107513344;0;0;0;0;0;0;0;0;0;0;0;1954;0;0;89;0;80;0;
11898;4380725;990216192;13176832;1107513344;0;0;0;0;0;0;0;0;0;0;0;2235;0;0;89;0;80;0;
11899;5297925;990216192;13176832;1107513344;0;0;0;0;0;0;0;0;0;0;0;1422;0;0;89;0;80;0;
11900;3276986;990216192;13176832;1107513344;0;0;0;0;0;0;0;0;0;0;0;1794;0;0;89;0;80;0;
11901;5209189;990216192;13176832;1107513344;0;0;0;0;0;0;0;0;0;0;0;1563;0;0;89;0;80;0;
11902;5000458;990216192;13176832;1107513344;0;0;0;0;0;0;0;0;0;0;0;2034;0;0;89;0;80;0;
11903;4384783;990216192;13176832;1107513344;0;0;0;0;0;0;0;0;0;0;0;1903;0;0;89;0;80;0;
11904;2973867;990216192;13176832;1107513344;0;0;0;0;0;0;0;0;0;0;0;1943;0;0;89;0;80;0;
11905;6130387;992845824;18714624;1113051136;0;0;0;0;0;0;0;0;0;0;0;1392;0;0;89;0;80;0;
11906;4307317;994942976;18714624;1113051136;0;0;0;0;0;0;0;0;0;0;0;2815;0;0;89;0;80;0;
11907;4561174;994942976;18714624;1113051136;0;0;0;0;0;0;0;0;0;0;0;1603;0;0;89;0;80;0;
11908;3579833;994942976;18714624;1113051136;0;0;0;0;0;0;0;0;0;0;0;2214;0;0;89;0;80;0;
11909;4994567;994942976;18714624;1113051136;0;0;0;0;0;0;0;0;0;0;0;1493;0;0;89;0;80;0;
11910;3423521;994942976;18714624;1113051136;0;0;0;0;0;0;0;0;0;0;0;2695;0;0;89;0;80;0;
11911;4467508;994942976;18714624;1113051136;0;0;0;0;0;0;0;0;0;0;0;1813;0;0;89;0;80;0;
11912;4165402;994942976;18714624;1113051136;0;0;0;0;0;0;0;0;0;0;0;1954;0;0;89;0;80;0;
11913;4687271;994942976;18714624;1113051136;0;0;0;0;0;0;0;0;0;0;0;1563;0;0;89;0;80;0;
11914;4182464;990228480;13176832;1107513344;0;0;0;0;0;0;0;0;0;0;0;2284;0;0;89;0;80;0;
11915;4442842;990228480;13176832;1107513344;0;0;0;0;0;0;0;0;0;0;0;1864;0;0;89;0;80;0;
11916;3650145;990228480;13176832;1107513344;0;0;0;0;0;0;0;0;0;0;0;1974;0;0;89;0;80;0;
11917;4950494;990228480;13176832;1107513344;0;0;0;0;0;0;0;0;0;0;0;1633;0;0;89;0;80;0;
11918;3143916;990228480;13176832;1107513344;0;0;0;0;0;0;0;0;0;0;0;2234;0;0;89;0;80;0;
11919;4893928;990228480;13176832;1107513344;0;0;0;0;0;0;0;0;0;0;0;1814;0;0;89;0;80;0;
11920;4196320;990228480;13176832;1107513344;0;0;0;0;0;0;0;0;0;0;0;2074;0;0;89;0;80;0;
11921;5421017;990228480;13176832;1107513344;0;0;0;0;0;0;0;0;0;0;0;2033;0;0;89;0;80;0;
11922;3533677;990228480;13176832;1107513344;0;0;0;0;0;0;0;0;0;0;0;2094;0;0;89;0;80;0;
11923;4991641;990228480;13176832;1107513344;0;0;0;0;0;0;0;0;0;0;0;1533;0;0;89;0;80;0;
11924;3469998;990228480;13176832;1107513344;0;0;0;0;0;0;0;0;0;0;0;1704;0;0;89;0;80;0;
11925;5259513;990228480;13176832;1107513344;0;0;0;0;0;0;0;0;0;0;0;1462;0;0;89;0;80;0;
11926;3931443;990228480;13176832;1107513344;0;0;0;0;0;0;0;0;0;0;0;3036;0;0;89;0;80;0;
11927;4840738;990228480;13176832;1107513344;0;0;0;0;0;0;0;0;0;0;0;1924;0;0;89;0;80;0;
11928;3579944;990228480;13176832;1107513344;0;0;0;0;0;0;0;0;0;0;0;1834;0;0;89;0;80;0;
11929;5028721;990228480;13176832;1107513344;0;0;0;0;0;0;0;0;0;0;0;1593;0;0;89;0;80;0;
11930;4333356;990228480;13176832;1107513344;0;0;0;0;0;0;0;0;0;0;0;2475;0;0;89;0;80;0;
11931;4966254;992858112;18714624;1113051136;0;0;0;0;0;0;0;0;0;0;0;2054;0;0;89;0;80;0;
11932;4322095;994955264;18714624;1113051136;0;0;0;0;0;0;0;0;0;0;0;2735;0;0;89;0;80;0;
11933;4805372;994955264;18714624;1113051136;0;0;0;0;0;0;0;0;0;0;0;1943;0;0;89;0;80;0;
11934;4563098;994955264;18714624;1113051136;0;0;0;0;0;0;0;0;0;0;0;3516;0;0;89;0;80;0;
11935;6251183;994955264;18718720;1113055232;0;0;0;0;0;0;0;0;0;0;0;2244;0;0;89;0;80;0;
11936;2925006;994955264;18718720;1113055232;0;0;0;0;0;0;0;0;0;0;0;1944;0;0;89;0;80;0;
11937;5741007;994955264;18718720;1113055232;0;0;0;0;0;0;0;0;0;0;0;1713;0;0;89;0;80;0;
11938;3174183;994955264;18718720;1113055232;0;0;0;0;0;0;0;0;0;0;0;1864;0;0;89;0;80;0;
11939;5362727;994955264;18718720;1113055232;0;0;0;0;0;0;0;0;0;0;0;2144;0;0;89;0;80;0;
11940;4526719;990244864;13180928;1107517440;0;0;0;0;0;0;0;0;0;0;0;1724;0;0;89;0;80;0;
11941;5450512;990244864;13180928;1107517440;0;0;0;0;0;0;0;0;0;0;0;1703;0;0;89;0;80;0;
11942;4142679;990244864;13180928;1107517440;0;0;0;0;0;0;0;0;0;0;0;1954;0;0;89;0;80;0;
11943;6406434;990244864;13180928;1107517440;0;0;0;0;0;0;0;0;0;0;0;2394;0;0;89;0;80;0;
11944;2698541;990244864;13180928;1107517440;0;0;0;0;0;0;0;0;0;0;0;1553;0;0;89;0;80;0;
11945;5627333;990244864;13180928;1107517440;0;0;0;0;0;0;0;0;0;0;0;2574;0;0;89;0;80;0;
11946;3230709;990244864;13180928;1107517440;0;0;0;0;0;0;0;0;0;0;0;1783;0;0;89;0;80;0;
11947;6857691;990244864;13180928;1107517440;0;0;0;0;0;0;0;0;0;0;0;1783;0;0;89;0;80;0;
11948;3789436;990244864;13180928;1107517440;0;0;0;0;0;0;0;0;0;0;0;1733;0;0;89;0;80;0;
11949;5320868;990244864;13180928;1107517440;0;0;0;0;0;0;0;0;0;0;0;2074;0;0;89;0;80;0;
11950;3474416;990244864;13180928;1107517440;0;0;0;0;0;0;0;0;0;0;0;1673;0;0;89;0;80;0;
11951;5842046;990244864;13180928;1107517440;0;0;0;0;0;0;0;0;0;0;0;1934;0;0;89;0;80;0;
11952;3083272;990244864;13180928;1107517440;0;0;0;0;0;0;0;0;0;0;0;1723;0;0;89;0;80;0;
11953;5518479;992874496;18718720;1113055232;0;0;0;0;0;0;0;0;0;0;0;2766;0;0;89;0;80;0;
11954;5079296;994971648;18718720;1113055232;0;0;0;0;0;0;0;0;0;0;0;1854;0;0;89;0;80;0;
11955;5098993;994971648;18718720;1113055232;0;0;0;0;0;0;0;0;0;0;0;2004;0;0;89;0;80;0;
11956;2968237;994971648;18718720;1113055232;0;0;0;0;0;0;0;0;0;0;0;1994;0;0;89;0;80;0;
11957;5687316;994971648;18718720;1113055232;0;0;0;0;0;0;0;0;0;0;0;2004;0;0;89;0;80;0;
11958;3183090;994971648;18718720;1113055232;0;0;0;0;0;0;0;0;0;0;0;1553;0;0;89;0;80;0;
11959;4319971;994971648;18718720;1113055232;0;0;0;0;0;0;0;0;0;0;0;1834;0;0;89;0;80;0;
11960;4042812;994971648;18718720;1113055232;0;0;0;0;0;0;0;0;0;0;0;1893;0;0;89;0;80;0;
11961;5163804;994971648;18718720;1113055232;0;0;0;0;0;0;0;0;0;0;0;5721;0;0;89;0;80;0;
11962;4095681;990257152;13180928;1107517440;0;0;0;0;0;0;0;0;0;0;0;1743;0;0;89;0;80;0;
11963;6695216;990257152;13180928;1107517440;0;0;0;0;0;0;0;0;0;0;0;2314;0;0;89;0;80;0;
11964;3398333;990257152;13180928;1107517440;0;0;0;0;0;0;0;0;0;0;0;1583;0;0;89;0;80;0;
11965;6022564;990257152;13180928;1107517440;0;0;0;0;0;0;0;0;0;0;0;1803;0;0;89;0;80;0;
11966;3391360;990257152;13180928;1107517440;0;0;0;0;0;0;0;0;0;0;0;1663;0;0;89;0;80;0;
11967;5033851;990257152;13180928;1107517440;0;0;0;0;0;0;0;0;0;0;0;1954;0;0;89;0;80;0;
11968;4344357;990257152;13180928;1107517440;0;0;0;0;0;0;0;0;0;0;0;1643;0;0;89;0;80;0;
11969;5810517;990257152;13180928;1107517440;0;0;0;0;0;0;0;0;0;0;0;1913;0;0;89;0;80;0;
11970;3991736;990257152;13180928;1107517440;0;0;0;0;0;0;0;0;0;0;0;1814;0;0;89;0;80;0;
11971;5787584;990257152;13180928;1107517440;0;0;0;0;0;0;0;0;0;0;0;2134;0;0;89;0;80;0;
11972;4378902;990257152;13180928;1107517440;0;0;0;0;0;0;0;0;0;0;0;4198;0;0;89;0;80;0;
11973;6590630;990257152;13180928;1107517440;0;0;0;0;0;0;0;0;0;0;0;74380;0;0;89;0;80;0;
11974;4678283;990257152;13180928;1107517440;0;0;0;0;0;0;0;0;0;0;0;2866;0;0;89;0;80;0;
11975;5959306;990257152;13180928;1107517440;0;0;0;0;0;0;0;0;0;0;0;2164;0;0;89;0;80;0;
11976;4153620;990257152;13180928;1107517440;0;0;0;0;0;0;0;0;0;0;0;3296;0;0;89;0;80;0;
11977;4865515;990257152;13180928;1107517440;0;0;0;0;0;0;0;0;0;0;0;2866;0;0;89;0;80;0;
11978;5673400;990257152;13180928;1107517440;0;0;0;0;0;0;0;0;0;0;0;3096;0;0;89;0;80;0;
11979;6451268;992886784;18718720;1113055232;0;0;0;0;0;0;0;0;0;0;0;3316;0;0;89;0;80;0;
11980;5941713;994983936;18718720;1113055232;0;0;0;0;0;0;0;0;0;0;0;5681;0;0;89;0;80;0;
11981;5799376;994983936;18718720;1113055232;0;0;0;0;0;0;0;0;0;0;0;2976;0;0;89;0;80;0;
11982;3981357;994983936;18718720;1113055232;0;0;0;0;0;0;0;0;0;0;0;2625;0;0;89;0;80;0;
11983;5450161;994983936;18718720;1113055232;0;0;0;0;0;0;0;0;0;0;0;2975;0;0;89;0;80;0;
11984;5339834;994983936;18718720;1113055232;0;0;0;0;0;0;0;0;0;0;0;3386;0;0;89;0;80;0;
11985;5536673;994983936;18718720;1113055232;0;0;0;0;0;0;0;0;0;0;0;2384;0;0;89;0;80;0;
11986;4154622;994983936;18718720;1113055232;0;0;0;0;0;0;0;0;0;0;0;2384;0;0;89;0;80;0;
11987;5196144;994983936;18718720;1113055232;0;0;0;0;0;0;0;0;0;0;0;2195;0;0;89;0;80;0;
11988;5445442;990269440;13180928;1107517440;0;0;0;0;0;0;0;0;0;0;0;2154;0;0;89;0;80;0;
11989;4900741;990269440;13180928;1107517440;0;0;0;0;0;0;0;0;0;0;0;2535;0;0;89;0;80;0;
11990;3335455;990269440;13180928;1107517440;0;0;0;0;0;0;0;0;0;0;0;1933;0;0;89;0;80;0;
11991;5446915;990269440;13180928;1107517440;0;0;0;0;0;0;0;0;0;0;0;2334;0;0;89;0;80;0;
11992;3301762;990269440;13180928;1107517440;0;0;0;0;0;0;0;0;0;0;0;2124;0;0;89;0;80;0;
11993;6454134;990269440;13180928;1107517440;0;0;0;0;0;0;0;0;0;0;0;3357;0;0;89;0;80;0;
11994;4012324;990269440;13180928;1107517440;0;0;0;0;0;0;0;0;0;0;0;1773;0;0;89;0;80;0;
11995;6082227;990269440;13180928;1107517440;0;0;0;0;0;0;0;0;0;0;0;2074;0;0;89;0;80;0;
11996;3710619;990269440;13180928;1107517440;0;0;0;0;0;0;0;0;0;0;0;2334;0;0;89;0;80;0;
11997;5542615;990269440;13180928;1107517440;0;0;0;0;0;0;0;0;0;0;0;2134;0;0;89;0;80;0;
11998;5097269;990269440;13180928;1107517440;0;0;0;0;0;0;0;0;0;0;0;2264;0;0;89;0;80;0;
11999;5581527;990269440;13180928;1107517440;0;0;0;0;0;0;0;0;0;0;0;85430;0;0;89;0;80;0;
12000;4333698;990269440;13180928;1107517440;0;0;0;0;0;0;0;0;0;0;0;2094;0;0;89;0;80;0;
12001;6680288;992899072;18718720;1113055232;0;0;0;0;0;0;0;0;0;0;0;2595;0;0;89;0;80;0;
12002;4461086;994996224;18718720;1113055232;0;0;0;0;0;0;0;0;0;0;0;2083;0;0;89;0;80;0;
12003;5323544;994996224;18718720;1113055232;0;0;0;0;0;0;0;0;0;0;0;1673;0;0;89;0;80;0;
12004;4599696;994996224;18718720;1113055232;0;0;0;0;0;0;0;0;0;0;0;2134;0;0;89;0;80;0;
12005;4946447;994996224;18718720;1113055232;0;0;0;0;0;0;0;0;0;0;0;2264;0;0;89;0;80;0;
12006;3374959;994996224;18718720;1113055232;0;0;0;0;0;0;0;0;0;0;0;2104;0;0;89;0;80;0;
12007;5240528;994996224;18718720;1113055232;0;0;0;0;0;0;0;0;0;0;0;2134;0;0;89;0;80;0;
12008;3925021;994996224;18718720;1113055232;0;0;0;0;0;0;0;0;0;0;0;2144;0;0;89;0;80;0;
12009;5846525;994996224;18718720;1113055232;0;0;0;0;0;0;0;0;0;0;0;2254;0;0;89;0;80;0;
12010;3638704;990281728;13180928;1107517440;0;0;0;0;0;0;0;0;0;0;0;2174;0;0;89;0;80;0;
12011;6021944;990281728;13180928;1107517440;0;0;0;0;0;0;0;0;0;0;0;2405;0;0;89;0;80;0;
12012;4288933;990281728;13180928;1107517440;0;0;0;0;0;0;0;0;0;0;0;1993;0;0;89;0;80;0;
12013;6086454;990281728;13180928;1107517440;0;0;0;0;0;0;0;0;0;0;0;2795;0;0;89;0;80;0;
12014;4590428;990281728;13180928;1107517440;0;0;0;0;0;0;0;0;0;0;0;2234;0;0;89;0;80;0;
12015;5673059;990281728;13180928;1107517440;0;0;0;0;0;0;0;0;0;0;0;2054;0;0;89;0;80;0;
12016;3151681;990281728;13180928;1107517440;0;0;0;0;0;0;0;0;0;0;0;1864;0;0;89;0;80;0;
12017;6658668;990281728;13180928;1107517440;0;0;0;0;0;0;0;0;0;0;0;5540;0;0;89;0;80;0;
12018;3473043;990281728;13180928;1107517440;0;0;0;0;0;0;0;0;0;0;0;3216;0;0;89;0;80;0;
12019;7274572;990281728;13180928;1107517440;0;0;0;0;0;0;0;0;0;0;0;3386;0;0;89;0;80;0;
12020;4263246;990281728;13180928;1107517440;0;0;0;0;0;0;0;0;0;0;0;3005;0;0;89;0;80;0;
12021;6406555;990281728;13180928;1107517440;0;0;0;0;0;0;0;0;0;0;0;2946;0;0;89;0;80;0;
12022;3917858;990281728;13180928;1107517440;0;0;0;0;0;0;0;0;0;0;0;2204;0;0;89;0;80;0;
12023;6328188;990281728;13180928;1107517440;0;0;0;0;0;0;0;0;0;0;0;2926;0;0;89;0;80;0;
12024;5231030;990281728;13180928;1107517440;0;0;0;0;0;0;0;0;0;0;0;1974;0;0;89;0;80;0;
12025;6466306;992911360;18718720;1113055232;0;0;0;0;0;0;0;0;0;0;0;2024;0;0;89;0;80;0;
12026;3618336;995008512;18718720;1113055232;0;0;0;0;0;0;0;0;0;0;0;1733;0;0;89;0;80;0;
12027;5740406;995008512;18718720;1113055232;0;0;0;0;0;0;0;0;0;0;0;2285;0;0;89;0;80;0;
12028;12804514;995008512;18718720;1113055232;0;0;0;0;0;0;0;0;0;0;0;2344;0;0;89;0;80;0;
12029;6515799;995008512;18718720;1113055232;0;0;0;0;0;0;0;0;0;0;0;2064;0;0;89;0;80;0;
12030;4390855;995008512;18718720;1113055232;0;0;0;0;0;0;0;0;0;0;0;2003;0;0;89;0;80;0;
12031;5871090;995008512;18718720;1113055232;0;0;0;0;0;0;0;0;0;0;0;2235;0;0;89;0;80;0;
12032;2919505;995008512;18718720;1113055232;0;0;0;0;0;0;0;0;0;0;0;1883;0;0;89;0;80;0;
12033;6174490;995008512;18718720;1113055232;0;0;0;0;0;0;0;0;0;0;0;2454;0;0;89;0;80;0;
12034;3855420;990294016;13180928;1107517440;0;0;0;0;0;0;0;0;0;0;0;1743;0;0;89;0;80;0;
12035;4944092;990294016;13180928;1107517440;0;0;0;0;0;0;0;0;0;0;0;2205;0;0;89;0;80;0;
12036;3783415;990294016;13180928;1107517440;0;0;0;0;0;0;0;0;0;0;0;1723;0;0;89;0;80;0;
12037;6120999;990294016;13180928;1107517440;0;0;0;0;0;0;0;0;0;0;0;2355;0;0;89;0;80;0;
12038;3342268;990294016;13180928;1107517440;0;0;0;0;0;0;0;0;0;0;0;1613;0;0;89;0;80;0;
12039;5025184;990294016;13180928;1107517440;0;0;0;0;0;0;0;0;0;0;0;1883;0;0;89;0;80;0;
12040;3292856;990294016;13180928;1107517440;0;0;0;0;0;0;0;0;0;0;0;2074;0;0;89;0;80;0;
12041;4677623;990294016;13180928;1107517440;0;0;0;0;0;0;0;0;0;0;0;2645;0;0;89;0;80;0;
12042;3020715;990294016;13180928;1107517440;0;0;0;0;0;0;0;0;0;0;0;2114;0;0;89;0;80;0;
12043;4531939;990294016;13180928;1107517440;0;0;0;0;0;0;0;0;0;0;0;2104;0;0;89;0;80;0;
12044;3793805;990294016;13180928;1107517440;0;0;0;0;0;0;0;0;0;0;0;1783;0;0;89;0;80;0;
12045;5632764;990294016;13180928;1107517440;0;0;0;0;0;0;0;0;0;0;0;1493;0;0;89;0;80;0;
12046;2674425;990294016;13180928;1107517440;0;0;0;0;0;0;0;0;0;0;0;1823;0;0;89;0;80;0;
12047;5067533;990294016;13180928;1107517440;0;0;0;0;0;0;0;0;0;0;0;2165;0;0;89;0;80;0;
12048;2880342;990294016;13180928;1107517440;0;0;0;0;0;0;0;0;0;0;0;1483;0;0;89;0;80;0;
12049;5817701;992923648;18718720;1113055232;0;0;0;0;0;0;0;0;0;0;0;1824;0;0;89;0;80;0;
12050;3481038;995020800;18718720;1113055232;0;0;0;0;0;0;0;0;0;0;0;1954;0;0;89;0;80;0;
12051;6036120;995020800;18718720;1113055232;0;0;0;0;0;0;0;0;0;0;0;2715;0;0;89;0;80;0;
12052;3199500;995020800;18718720;1113055232;0;0;0;0;0;0;0;0;0;0;0;2044;0;0;89;0;80;0;
12053;5228235;995020800;18718720;1113055232;0;0;0;0;0;0;0;0;0;0;0;1764;0;0;89;0;80;0;
12054;4777369;995020800;18718720;1113055232;0;0;0;0;0;0;0;0;0;0;0;2364;0;0;89;0;80;0;
12055;5636661;995020800;18718720;1113055232;0;0;0;0;0;0;0;0;0;0;0;2204;0;0;89;0;80;0;
12056;4500520;995020800;18718720;1113055232;0;0;0;0;0;0;0;0;0;0;0;1914;0;0;89;0;80;0;
12057;4729800;995020800;18718720;1113055232;0;0;0;0;0;0;0;0;0;0;0;2264;0;0;89;0;80;0;
12058;2651433;990306304;13180928;1107517440;0;0;0;0;0;0;0;0;0;0;0;1933;0;0;89;0;80;0;
12059;5033189;990306304;13180928;1107517440;0;0;0;0;0;0;0;0;0;0;0;1814;0;0;89;0;80;0;
12060;2634571;990306304;13180928;1107517440;0;0;0;0;0;0;0;0;0;0;0;1653;0;0;89;0;80;0;
12061;5065149;990306304;13180928;1107517440;0;0;0;0;0;0;0;0;0;0;0;2003;0;0;89;0;80;0;
12062;3026105;990302208;13176832;1107513344;0;0;0;0;0;0;0;0;0;0;0;1754;0;0;89;0;80;0;
12063;4360848;990302208;13176832;1107513344;0;0;0;0;0;0;0;0;0;0;0;1973;0;0;89;0;80;0;
12064;1793804;990302208;13176832;1107513344;0;0;0;0;0;0;0;0;0;0;0;1453;0;0;89;0;80;0;
12065;4615255;990302208;13180928;1107517440;0;0;0;0;0;0;0;0;0;0;0;2054;0;0;89;0;80;0;
12066;2851878;990302208;13180928;1107517440;0;0;0;0;0;0;0;0;0;0;0;1383;0;0;89;0;80;0;
12067;5103952;990302208;13180928;1107517440;0;0;0;0;0;0;0;0;0;0;0;2315;0;0;89;0;80;0;
12068;4092896;990302208;13180928;1107517440;0;0;0;0;0;0;0;0;0;0;0;1613;0;0;89;0;80;0;
12069;4831441;990302208;13180928;1107517440;0;0;0;0;0;0;0;0;0;0;0;1654;0;0;89;0;80;0;
12070;4086674;990302208;13180928;1107517440;0;0;0;0;0;0;0;0;0;0;0;2364;0;0;89;0;80;0;
12071;5736168;990302208;13180928;1107517440;0;0;0;0;0;0;0;0;0;0;0;2585;0;0;89;0;80;0;
12072;2602230;990302208;13180928;1107517440;0;0;0;0;0;0;0;0;0;0;0;1593;0;0;89;0;80;0;
12073;5849801;992931840;18718720;1113055232;0;0;0;0;0;0;0;0;0;0;0;2855;0;0;89;0;80;0;
12074;3065379;995028992;18718720;1113055232;0;0;0;0;0;0;0;0;0;0;0;2234;0;0;89;0;80;0;
12075;5613177;995028992;18718720;1113055232;0;0;0;0;0;0;0;0;0;0;0;2214;0;0;89;0;80;0;
12076;3189391;995028992;18718720;1113055232;0;0;0;0;0;0;0;0;0;0;0;1774;0;0;89;0;80;0;
12077;5685272;995028992;18718720;1113055232;0;0;0;0;0;0;0;0;0;0;0;2174;0;0;89;0;80;0;
12078;3128067;995028992;18718720;1113055232;0;0;0;0;0;0;0;0;0;0;0;1693;0;0;89;0;80;0;
12079;5032188;995028992;18718720;1113055232;0;0;0;0;0;0;0;0;0;0;0;1794;0;0;89;0;80;0;
12080;3003693;995028992;18718720;1113055232;0;0;0;0;0;0;0;0;0;0;0;1723;0;0;89;0;80;0;
12081;4975130;995028992;18718720;1113055232;0;0;0;0;0;0;0;0;0;0;0;2816;0;0;89;0;80;0;
12082;4304542;990318592;13180928;1107517440;0;0;0;0;0;0;0;0;0;0;0;2996;0;0;89;0;80;0;
12083;6054214;990318592;13180928;1107517440;0;0;0;0;0;0;0;0;0;0;0;2715;0;0;89;0;80;0;
12084;2924214;990318592;13180928;1107517440;0;0;0;0;0;0;0;0;0;0;0;2033;0;0;89;0;80;0;
12085;5246349;990318592;13180928;1107517440;0;0;0;0;0;0;0;0;0;0;0;2565;0;0;89;0;80;0;
12086;4568448;990318592;13180928;1107517440;0;0;0;0;0;0;0;0;0;0;0;1523;0;0;89;0;80;0;
12087;5295091;990318592;13180928;1107517440;0;0;0;0;0;0;0;0;0;0;0;1843;0;0;89;0;80;0;
12088;4103576;990318592;13180928;1107517440;0;0;0;0;0;0;0;0;0;0;0;1854;0;0;89;0;80;0;
12089;5599862;990318592;13180928;1107517440;0;0;0;0;0;0;0;0;0;0;0;91061;0;0;89;0;80;0;
12090;5174584;990318592;13180928;1107517440;0;0;0;0;0;0;0;0;0;0;0;33092;0;0;89;0;80;0;
12091;5681545;990318592;13180928;1107517440;0;0;0;0;0;0;0;0;0;0;0;1704;0;0;89;0;80;0;
12092;2416212;990318592;13180928;1107517440;0;0;0;0;0;0;0;0;0;0;0;1793;0;0;89;0;80;0;
12093;4611068;990318592;13180928;1107517440;0;0;0;0;0;0;0;0;0;0;0;2034;0;0;89;0;80;0;
12094;2514405;990318592;13180928;1107517440;0;0;0;0;0;0;0;0;0;0;0;114926;0;0;89;0;80;0;
12095;4822153;990318592;13180928;1107517440;0;0;0;0;0;0;0;0;0;0;0;1743;0;0;89;0;80;0;
12096;2160723;990318592;13180928;1107517440;0;0;0;0;0;0;0;0;0;0;0;1773;0;0;89;0;80;0;
12097;6211268;992948224;18718720;1113055232;0;0;0;0;0;0;0;0;0;0;0;2335;0;0;89;0;80;0;
12098;4408798;995045376;18718720;1113055232;0;0;0;0;0;0;0;0;0;0;0;1674;0;0;89;0;80;0;
12099;5687747;995045376;18718720;1113055232;0;0;0;0;0;0;0;0;0;0;0;1874;0;0;89;0;80;0;
12100;3643443;995045376;18718720;1113055232;0;0;0;0;0;0;0;0;0;0;0;1834;0;0;89;0;80;0;
12101;5967201;995045376;18718720;1113055232;0;0;0;0;0;0;0;0;0;0;0;1924;0;0;89;0;80;0;
12102;2854484;995045376;18718720;1113055232;0;0;0;0;0;0;0;0;0;0;0;1693;0;0;89;0;80;0;
12103;4582063;995045376;18718720;1113055232;0;0;0;0;0;0;0;0;0;0;0;1673;0;0;89;0;80;0;
12104;3834451;995045376;18718720;1113055232;0;0;0;0;0;0;0;0;0;0;0;1963;0;0;89;0;80;0;
12105;5726299;995045376;18718720;1113055232;0;0;0;0;0;0;0;0;0;0;0;2164;0;0;89;0;80;0;
12106;3756565;990330880;13180928;1107517440;0;0;0;0;0;0;0;0;0;0;0;2174;0;0;89;0;80;0;
12107;5491649;990330880;13180928;1107517440;0;0;0;0;0;0;0;0;0;0;0;1933;0;0;89;0;80;0;
12108;4211228;990330880;13180928;1107517440;0;0;0;0;0;0;0;0;0;0;0;1863;0;0;89;0;80;0;
12109;5357627;990330880;13180928;1107517440;0;0;0;0;0;0;0;0;0;0;0;1813;0;0;89;0;80;0;
12110;3873314;990330880;13180928;1107517440;0;0;0;0;0;0;0;0;0;0;0;2024;0;0;89;0;80;0;
12111;5517097;990330880;13180928;1107517440;0;0;0;0;0;0;0;0;0;0;0;24115;0;0;89;0;80;0;
12112;3392261;990330880;13180928;1107517440;0;0;0;0;0;0;0;0;0;0;0;1973;0;0;89;0;80;0;
12113;5428671;990330880;13180928;1107517440;0;0;0;0;0;0;0;0;0;0;0;2364;0;0;89;0;80;0;
12114;2742273;990330880;13180928;1107517440;0;0;0;0;0;0;0;0;0;0;0;2024;0;0;89;0;80;0;
12115;5421898;990330880;13180928;1107517440;0;0;0;0;0;0;0;0;0;0;0;2104;0;0;89;0;80;0;
12116;4218542;990330880;13180928;1107517440;0;0;0;0;0;0;0;0;0;0;0;1913;0;0;89;0;80;0;
12117;5861131;990330880;13180928;1107517440;0;0;0;0;0;0;0;0;0;0;0;2365;0;0;89;0;80;0;
12118;3161609;990330880;13180928;1107517440;0;0;0;0;0;0;0;0;0;0;0;1893;0;0;89;0;80;0;
12119;5651018;990330880;13180928;1107517440;0;0;0;0;0;0;0;0;0;0;0;2044;0;0;89;0;80;0;
12120;3942364;990330880;13180928;1107517440;0;0;0;0;0;0;0;0;0;0;0;2104;0;0;89;0;80;0;
12121;5509042;992960512;18718720;1113055232;0;0;0;0;0;0;0;0;0;0;0;2294;0;0;89;0;80;0;
12122;3843859;995057664;18718720;1113055232;0;0;0;0;0;0;0;0;0;0;0;1733;0;0;89;0;80;0;
12123;5184683;995057664;18718720;1113055232;0;0;0;0;0;0;0;0;0;0;0;1903;0;0;89;0;80;0;
12124;3505855;995057664;18718720;1113055232;0;0;0;0;0;0;0;0;0;0;0;1884;0;0;89;0;80;0;
12125;4809429;995057664;18718720;1113055232;0;0;0;0;0;0;0;0;0;0;0;1863;0;0;89;0;80;0;
12126;2945174;995057664;18718720;1113055232;0;0;0;0;0;0;0;0;0;0;0;1533;0;0;89;0;80;0;
12127;6007627;995057664;18718720;1113055232;0;0;0;0;0;0;0;0;0;0;0;2264;0;0;89;0;80;0;
12128;3213677;995057664;18718720;1113055232;0;0;0;0;0;0;0;0;0;0;0;1704;0;0;89;0;80;0;
12129;5429673;995057664;18718720;1113055232;0;0;0;0;0;0;0;0;0;0;0;2444;0;0;89;0;80;0;
12130;2611147;990343168;13180928;1107517440;0;0;0;0;0;0;0;0;0;0;0;2204;0;0;89;0;80;0;
12131;4951506;990343168;13180928;1107517440;0;0;0;0;0;0;0;0;0;0;0;2094;0;0;89;0;80;0;
12132;3741647;990343168;13180928;1107517440;0;0;0;0;0;0;0;0;0;0;0;2334;0;0;89;0;80;0;
12133;6290858;990343168;13180928;1107517440;0;0;0;0;0;0;0;0;0;0;0;2084;0;0;89;0;80;0;
12134;4305915;990343168;13180928;1107517440;0;0;0;0;0;0;0;0;0;0;0;2054;0;0;89;0;80;0;
12135;5162352;990343168;13180928;1107517440;0;0;0;0;0;0;0;0;0;0;0;1753;0;0;89;0;80;0;
12136;2630563;990343168;13180928;1107517440;0;0;0;0;0;0;0;0;0;0;0;2074;0;0;89;0;80;0;
12137;5225240;990343168;13180928;1107517440;0;0;0;0;0;0;0;0;0;0;0;2335;0;0;89;0;80;0;
12138;3240777;990343168;13180928;1107517440;0;0;0;0;0;0;0;0;0;0;0;1893;0;0;89;0;80;0;
12139;6389463;990343168;13180928;1107517440;0;0;0;0;0;0;0;0;0;0;0;3005;0;0;89;0;80;0;
12140;3779629;990343168;13180928;1107517440;0;0;0;0;0;0;0;0;0;0;0;2305;0;0;89;0;80;0;
12141;5882552;990343168;13180928;1107517440;0;0;0;0;0;0;0;0;0;0;0;1623;0;0;89;0;80;0;
12142;3487861;990343168;13180928;1107517440;0;0;0;0;0;0;0;0;0;0;0;1643;0;0;89;0;80;0;
12143;6673595;992972800;18718720;1113055232;0;0;0;0;0;0;0;0;0;0;0;2575;0;0;89;0;80;0;
12144;4738747;995069952;18718720;1113055232;0;0;0;0;0;0;0;0;0;0;0;2325;0;0;89;0;80;0;
12145;5648613;995069952;18718720;1113055232;0;0;0;0;0;0;0;0;0;0;0;2345;0;0;89;0;80;0;
12146;4961695;995069952;18718720;1113055232;0;0;0;0;0;0;0;0;0;0;0;2605;0;0;89;0;80;0;
12147;5958825;995069952;18718720;1113055232;0;0;0;0;0;0;0;0;0;0;0;176722;0;0;89;0;80;0;
12148;7027049;995069952;18718720;1113055232;0;0;0;0;0;0;0;0;0;0;0;3246;0;0;89;0;80;0;
12149;7728704;995069952;18718720;1113055232;0;0;0;0;0;0;0;0;0;0;0;4158;0;0;89;0;80;0;
12150;5738242;995069952;18718720;1113055232;0;0;0;0;0;0;0;0;0;0;0;3437;0;0;89;0;80;0;
12151;5674201;995069952;18718720;1113055232;0;0;0;0;0;0;0;0;0;0;0;3326;0;0;89;0;80;0;
12152;4375997;990355456;13180928;1107517440;0;0;0;0;0;0;0;0;0;0;0;3516;0;0;89;0;80;0;
12153;5876621;990355456;13180928;1107517440;0;0;0;0;0;0;0;0;0;0;0;2935;0;0;89;0;80;0;
12154;4538692;990355456;13180928;1107517440;0;0;0;0;0;0;0;0;0;0;0;2345;0;0;89;0;80;0;
12155;5761736;990355456;13180928;1107517440;0;0;0;0;0;0;0;0;0;0;0;3016;0;0;89;0;80;0;
12156;4265800;990355456;13180928;1107517440;0;0;0;0;0;0;0;0;0;0;0;2174;0;0;89;0;80;0;
12157;4982073;990355456;13180928;1107517440;0;0;0;0;0;0;0;0;0;0;0;3727;0;0;89;0;80;0;
12158;4260400;990355456;13180928;1107517440;0;0;0;0;0;0;0;0;0;0;0;2655;0;0;89;0;80;0;
12159;5937876;990355456;13180928;1107517440;0;0;0;0;0;0;0;0;0;0;0;3156;0;0;89;0;80;0;
12160;3503580;990355456;13180928;1107517440;0;0;0;0;0;0;0;0;0;0;0;2154;0;0;89;0;80;0;
12161;5959346;990355456;13180928;1107517440;0;0;0;0;0;0;0;0;0;0;0;3076;0;0;89;0;80;0;
12162;3934889;990355456;13180928;1107517440;0;0;0;0;0;0;0;0;0;0;0;2524;0;0;89;0;80;0;
12163;6118494;990355456;13189120;1107525632;0;0;0;0;0;0;0;0;0;0;0;2445;0;0;89;0;80;0;
12164;3369018;990355456;13189120;1107525632;0;0;0;0;0;0;0;0;0;0;0;2645;0;0;89;0;80;0;
12165;6017785;990355456;13189120;1107525632;0;0;0;0;0;0;0;0;0;0;0;3356;0;0;89;0;80;0;
12166;5130292;990355456;13189120;1107525632;0;0;0;0;0;0;0;0;0;0;0;3256;0;0;89;0;80;0;
12167;8257045;990355456;13189120;1107525632;0;0;0;0;0;0;0;0;0;0;0;6011;0;0;89;0;80;0;
12168;6464804;990355456;13189120;1107525632;0;0;0;0;0;0;0;0;0;0;0;5891;0;0;89;0;80;0;
12169;6956166;992985088;18726912;1113063424;0;0;0;0;0;0;0;0;0;0;0;5310;0;0;89;0;80;0;
12170;4784623;995151872;18718720;1113055232;0;0;0;0;0;0;0;0;0;0;0;5611;0;0;89;0;80;0;
12171;5471361;995151872;18718720;1113055232;0;0;0;0;0;0;0;0;0;0;0;3026;0;0;89;0;80;0;
12172;4484951;995151872;18718720;1113055232;0;0;0;0;0;0;0;0;0;0;0;2925;0;0;89;0;80;0;
12173;6183717;995151872;18718720;1113055232;0;0;0;0;0;0;0;0;0;0;0;3476;0;0;89;0;80;0;
12174;4413126;995151872;18718720;1113055232;0;0;0;0;0;0;0;0;0;0;0;2745;0;0;89;0;80;0;
12175;5854610;995151872;18718720;1113055232;0;0;0;0;0;0;0;0;0;0;0;2825;0;0;89;0;80;0;
12176;4199015;995151872;18718720;1113055232;0;0;0;0;0;0;0;0;0;0;0;2765;0;0;89;0;80;0;
12177;5796972;995151872;18718720;1113055232;0;0;0;0;0;0;0;0;0;0;0;3166;0;0;89;0;80;0;
12178;4592352;990367744;13180928;1107517440;0;0;0;0;0;0;0;0;0;0;0;2795;0;0;89;0;80;0;
12179;6034527;990367744;13180928;1107517440;0;0;0;0;0;0;0;0;0;0;0;3286;0;0;89;0;80;0;
12180;5323563;990367744;13180928;1107517440;0;0;0;0;0;0;0;0;0;0;0;3807;0;0;89;0;80;0;
12181;5710580;990367744;13180928;1107517440;0;0;0;0;0;0;0;0;0;0;0;3096;0;0;89;0;80;0;
12182;3314556;990367744;13180928;1107517440;0;0;0;0;0;0;0;0;0;0;0;2705;0;0;89;0;80;0;
12183;5769780;990367744;13180928;1107517440;0;0;0;0;0;0;0;0;0;0;0;2916;0;0;89;0;80;0;
12184;3148134;990367744;13180928;1107517440;0;0;0;0;0;0;0;0;0;0;0;2484;0;0;89;0;80;0;
12185;5034341;990367744;13180928;1107517440;0;0;0;0;0;0;0;0;0;0;0;2405;0;0;89;0;80;0;
12186;2216647;990367744;13180928;1107517440;0;0;0;0;0;0;0;0;0;0;0;1903;0;0;89;0;80;0;
12187;4883238;990367744;13180928;1107517440;0;0;0;0;0;0;0;0;0;0;0;2024;0;0;89;0;80;0;
12188;2105589;990367744;13180928;1107517440;0;0;0;0;0;0;0;0;0;0;0;1673;0;0;89;0;80;0;
12189;4605417;990367744;13180928;1107517440;0;0;0;0;0;0;0;0;0;0;0;2204;0;0;89;0;80;0;
12190;1816837;990367744;13180928;1107517440;0;0;0;0;0;0;0;0;0;0;0;2124;0;0;89;0;80;0;
12191;5129920;992997376;18718720;1113055232;0;0;0;0;0;0;0;0;0;0;0;2435;0;0;89;0;80;0;
12192;3148335;995094528;18718720;1113055232;0;0;0;0;0;0;0;0;0;0;0;1743;0;0;89;0;80;0;
12193;4591421;995094528;18718720;1113055232;0;0;0;0;0;0;0;0;0;0;0;2715;0;0;89;0;80;0;
12194;3457384;995094528;18718720;1113055232;0;0;0;0;0;0;0;0;0;0;0;1793;0;0;89;0;80;0;
12195;5234156;995094528;18718720;1113055232;0;0;0;0;0;0;0;0;0;0;0;1653;0;0;89;0;80;0;
12196;3037918;995094528;18718720;1113055232;0;0;0;0;0;0;0;0;0;0;0;1974;0;0;89;0;80;0;
12197;4692640;995094528;18718720;1113055232;0;0;0;0;0;0;0;0;0;0;0;1884;0;0;89;0;80;0;
12198;2520958;995094528;18718720;1113055232;0;0;0;0;0;0;0;0;0;0;0;1783;0;0;89;0;80;0;
12199;5284470;995094528;18718720;1113055232;0;0;0;0;0;0;0;0;0;0;0;1813;0;0;89;0;80;0;
12200;2880412;990380032;13180928;1107517440;0;0;0;0;0;0;0;0;0;0;0;1703;0;0;89;0;80;0;
12201;4885352;990380032;13180928;1107517440;0;0;0;0;0;0;0;0;0;0;0;1833;0;0;89;0;80;0;
12202;4691268;990380032;13180928;1107517440;0;0;0;0;0;0;0;0;0;0;0;1964;0;0;89;0;80;0;
12203;5038419;990380032;13180928;1107517440;0;0;0;0;0;0;0;0;0;0;0;1983;0;0;89;0;80;0;
12204;2570190;990380032;13180928;1107517440;0;0;0;0;0;0;0;0;0;0;0;1723;0;0;89;0;80;0;
12205;4726013;990380032;13180928;1107517440;0;0;0;0;0;0;0;0;0;0;0;1883;0;0;89;0;80;0;
12206;2886554;990380032;13180928;1107517440;0;0;0;0;0;0;0;0;0;0;0;2064;0;0;89;0;80;0;
12207;5261428;990380032;13180928;1107517440;0;0;0;0;0;0;0;0;0;0;0;2224;0;0;89;0;80;0;
12208;3027067;990380032;13180928;1107517440;0;0;0;0;0;0;0;0;0;0;0;1873;0;0;89;0;80;0;
12209;5601034;990380032;13180928;1107517440;0;0;0;0;0;0;0;0;0;0;0;1933;0;0;89;0;80;0;
12210;3288267;990380032;13180928;1107517440;0;0;0;0;0;0;0;0;0;0;0;1783;0;0;89;0;80;0;
12211;4849966;990380032;13180928;1107517440;0;0;0;0;0;0;0;0;0;0;0;1894;0;0;89;0;80;0;
12212;2578997;990380032;13180928;1107517440;0;0;0;0;0;0;0;0;0;0;0;175990;0;0;89;0;80;0;
12213;5117978;990380032;13180928;1107517440;0;0;0;0;0;0;0;0;0;0;0;1623;0;0;89;0;80;0;
12214;2954200;990380032;13180928;1107517440;0;0;0;0;0;0;0;0;0;0;0;2134;0;0;89;0;80;0;
12215;5126985;990380032;13180928;1107517440;0;0;0;0;0;0;0;0;0;0;0;2104;0;0;89;0;80;0;
12216;3523237;990380032;13180928;1107517440;0;0;0;0;0;0;0;0;0;0;0;1724;0;0;89;0;80;0;
12217;5443939;993009664;18718720;1113055232;0;0;0;0;0;0;0;0;0;0;0;2064;0;0;89;0;80;0;
12218;3309457;995106816;18718720;1113055232;0;0;0;0;0;0;0;0;0;0;0;1743;0;0;89;0;80;0;
12219;5652150;995106816;18718720;1113055232;0;0;0;0;0;0;0;0;0;0;0;2855;0;0;89;0;80;0;
12220;4246654;995106816;18718720;1113055232;0;0;0;0;0;0;0;0;0;0;0;2264;0;0;89;0;80;0;
12221;4624313;995106816;18718720;1113055232;0;0;0;0;0;0;0;0;0;0;0;2004;0;0;89;0;80;0;
12222;2727505;995106816;18718720;1113055232;0;0;0;0;0;0;0;0;0;0;0;1743;0;0;89;0;80;0;
12223;5078113;995106816;18718720;1113055232;0;0;0;0;0;0;0;0;0;0;0;2024;0;0;89;0;80;0;
12224;3046524;995106816;18718720;1113055232;0;0;0;0;0;0;0;0;0;0;0;1443;0;0;89;0;80;0;
12225;5103030;995106816;18718720;1113055232;0;0;0;0;0;0;0;0;0;0;0;2024;0;0;89;0;80;0;
12226;3632302;990388224;13176832;1107513344;0;0;0;0;0;0;0;0;0;0;0;2034;0;0;89;0;80;0;
12227;5260986;990388224;13180928;1107517440;0;0;0;0;0;0;0;0;0;0;0;1613;0;0;89;0;80;0;
12228;2615184;990388224;13180928;1107517440;0;0;0;0;0;0;0;0;0;0;0;1703;0;0;89;0;80;0;
12229;6087026;990388224;13180928;1107517440;0;0;0;0;0;0;0;0;0;0;0;2144;0;0;89;0;80;0;
12230;2379443;990388224;13180928;1107517440;0;0;0;0;0;0;0;0;0;0;0;1934;0;0;89;0;80;0;
12231;4761730;990388224;13180928;1107517440;0;0;0;0;0;0;0;0;0;0;0;1633;0;0;89;0;80;0;
12232;1906927;990388224;13180928;1107517440;0;0;0;0;0;0;0;0;0;0;0;1653;0;0;89;0;80;0;
12233;5279180;990388224;13180928;1107517440;0;0;0;0;0;0;0;0;0;0;0;1603;0;0;89;0;80;0;
12234;3082992;990388224;13176832;1107513344;0;0;0;0;0;0;0;0;0;0;0;1803;0;0;89;0;80;0;
12235;5175035;990388224;13176832;1107513344;0;0;0;0;0;0;0;0;0;0;0;1743;0;0;89;0;80;0;
12236;2728237;990388224;13176832;1107513344;0;0;0;0;0;0;0;0;0;0;0;1824;0;0;89;0;80;0;
12237;5399386;990388224;13176832;1107513344;0;0;0;0;0;0;0;0;0;0;0;1683;0;0;89;0;80;0;
12238;2777078;990388224;13176832;1107513344;0;0;0;0;0;0;0;0;0;0;0;2124;0;0;89;0;80;0;
12239;6056879;993017856;18714624;1113051136;0;0;0;0;0;0;0;0;0;0;0;1723;0;0;89;0;80;0;
12240;2521489;995115008;18714624;1113051136;0;0;0;0;0;0;0;0;0;0;0;1532;0;0;89;0;80;0;
12241;5712994;995115008;18714624;1113051136;0;0;0;0;0;0;0;0;0;0;0;2003;0;0;89;0;80;0;
12242;3248612;995115008;18714624;1113051136;0;0;0;0;0;0;0;0;0;0;0;1703;0;0;89;0;80;0;
12243;5273570;995115008;18718720;1113055232;0;0;0;0;0;0;0;0;0;0;0;1863;0;0;89;0;80;0;
12244;2060805;995115008;18718720;1113055232;0;0;0;0;0;0;0;0;0;0;0;1653;0;0;89;0;80;0;
12245;4987002;995115008;18718720;1113055232;0;0;0;0;0;0;0;0;0;0;0;2154;0;0;89;0;80;0;
12246;3186797;995115008;18718720;1113055232;0;0;0;0;0;0;0;0;0;0;0;2073;0;0;89;0;80;0;
12247;5501076;995115008;18718720;1113055232;0;0;0;0;0;0;0;0;0;0;0;1674;0;0;89;0;80;0;
12248;13101691;990404608;13180928;1107517440;0;0;0;0;0;0;0;0;0;0;0;1984;0;0;89;0;80;0;
12249;6475323;990404608;13180928;1107517440;0;0;0;0;0;0;0;0;0;0;0;2235;0;0;89;0;80;0;
12250;5488754;990404608;13180928;1107517440;0;0;0;0;0;0;0;0;0;0;0;2004;0;0;89;0;80;0;
12251;6571063;990404608;13180928;1107517440;0;0;0;0;0;0;0;0;0;0;0;2094;0;0;89;0;80;0;
12252;4707658;990404608;13180928;1107517440;0;0;0;0;0;0;0;0;0;0;0;2535;0;0;89;0;80;0;
12253;6522252;990404608;13180928;1107517440;0;0;0;0;0;0;0;0;0;0;0;2455;0;0;89;0;80;0;
12254;4148440;990404608;13180928;1107517440;0;0;0;0;0;0;0;0;0;0;0;1874;0;0;89;0;80;0;
12255;5592138;990404608;13180928;1107517440;0;0;0;0;0;0;0;0;0;0;0;2655;0;0;89;0;80;0;
12256;3452685;990404608;13180928;1107517440;0;0;0;0;0;0;0;0;0;0;0;1673;0;0;89;0;80;0;
12257;5780932;990404608;13180928;1107517440;0;0;0;0;0;0;0;0;0;0;0;2335;0;0;89;0;80;0;
12258;2977163;990404608;13180928;1107517440;0;0;0;0;0;0;0;0;0;0;0;1774;0;0;89;0;80;0;
12259;5795278;990404608;13180928;1107517440;0;0;0;0;0;0;0;0;0;0;0;2504;0;0;89;0;80;0;
12260;2863800;990404608;13180928;1107517440;0;0;0;0;0;0;0;0;0;0;0;1723;0;0;89;0;80;0;
12261;4531007;990404608;13180928;1107517440;0;0;0;0;0;0;0;0;0;0;0;2264;0;0;89;0;80;0;
12262;2829616;990404608;13180928;1107517440;0;0;0;0;0;0;0;0;0;0;0;1743;0;0;89;0;80;0;
12263;5972020;993034240;18718720;1113055232;0;0;0;0;0;0;0;0;0;0;0;2224;0;0;89;0;80;0;
12264;2107101;995131392;18718720;1113055232;0;0;0;0;0;0;0;0;0;0;0;1763;0;0;89;0;80;0;
12265;5464919;995131392;18718720;1113055232;0;0;0;0;0;0;0;0;0;0;0;1783;0;0;89;0;80;0;
12266;2717256;995131392;18718720;1113055232;0;0;0;0;0;0;0;0;0;0;0;1543;0;0;89;0;80;0;
12267;5199120;995131392;18718720;1113055232;0;0;0;0;0;0;0;0;0;0;0;2504;0;0;89;0;80;0;
12268;3674962;995131392;18718720;1113055232;0;0;0;0;0;0;0;0;0;0;0;1873;0;0;89;0;80;0;
12269;6127271;995131392;18718720;1113055232;0;0;0;0;0;0;0;0;0;0;0;1844;0;0;89;0;80;0;
12270;2714520;995131392;18718720;1113055232;0;0;0;0;0;0;0;0;0;0;0;2013;0;0;89;0;80;0;
12271;4910739;995131392;18718720;1113055232;0;0;0;0;0;0;0;0;0;0;0;1783;0;0;89;0;80;0;
12272;3070518;990416896;13180928;1107517440;0;0;0;0;0;0;0;0;0;0;0;1633;0;0;89;0;80;0;
12273;5094835;990416896;13180928;1107517440;0;0;0;0;0;0;0;0;0;0;0;2014;0;0;89;0;80;0;
12274;2623861;990416896;13180928;1107517440;0;0;0;0;0;0;0;0;0;0;0;1783;0;0;89;0;80;0;
12275;4963318;990416896;13180928;1107517440;0;0;0;0;0;0;0;0;0;0;0;1844;0;0;89;0;80;0;
12276;2772579;990416896;13180928;1107517440;0;0;0;0;0;0;0;0;0;0;0;1884;0;0;89;0;80;0;
12277;5303677;990416896;13180928;1107517440;0;0;0;0;0;0;0;0;0;0;0;1763;0;0;89;0;80;0;
12278;2749517;990416896;13180928;1107517440;0;0;0;0;0;0;0;0;0;0;0;1843;0;0;89;0;80;0;
12279;5120422;990416896;13180928;1107517440;0;0;0;0;0;0;0;0;0;0;0;2004;0;0;89;0;80;0;
12280;4259518;990416896;13180928;1107517440;0;0;0;0;0;0;0;0;0;0;0;2605;0;0;89;0;80;0;
12281;5640328;990416896;13180928;1107517440;0;0;0;0;0;0;0;0;0;0;0;2465;0;0;89;0;80;0;
12282;3905895;990416896;13180928;1107517440;0;0;0;0;0;0;0;0;0;0;0;2084;0;0;89;0;80;0;
12283;9595495;990416896;13180928;1107517440;0;0;0;0;0;0;0;0;0;0;0;1903;0;0;89;0;80;0;
12284;3371563;990416896;13180928;1107517440;0;0;0;0;0;0;0;0;0;0;0;2405;0;0;89;0;80;0;
12285;5881000;990416896;13180928;1107517440;0;0;0;0;0;0;0;0;0;0;0;2514;0;0;89;0;80;0;
12286;2100860;990416896;13180928;1107517440;0;0;0;0;0;0;0;0;0;0;0;1704;0;0;89;0;80;0;
12287;5744753;993046528;18718720;1113055232;0;0;0;0;0;0;0;0;0;0;0;2264;0;0;89;0;80;0;
12288;3467443;995209216;18714624;1113051136;0;0;0;0;0;0;0;0;0;0;0;6281;0;0;89;0;80;0;
12289;4972175;995209216;18718720;1113055232;0;0;0;0;0;0;0;0;0;0;0;1893;0;0;89;0;80;0;
12290;2642986;995209216;18718720;1113055232;0;0;0;0;0;0;0;0;0;0;0;1563;0;0;89;0;80;0;
12291;5578813;995209216;18718720;1113055232;0;0;0;0;0;0;0;0;0;0;0;2164;0;0;89;0;80;0;
12292;4627939;995209216;18718720;1113055232;0;0;0;0;0;0;0;0;0;0;0;2194;0;0;89;0;80;0;
12293;4956996;995209216;18718720;1113055232;0;0;0;0;0;0;0;0;0;0;0;2896;0;0;89;0;80;0;
12294;4880573;995209216;18718720;1113055232;0;0;0;0;0;0;0;0;0;0;0;3307;0;0;89;0;80;0;
12295;6913796;995209216;18718720;1113055232;0;0;0;0;0;0;0;0;0;0;0;3346;0;0;89;0;80;0;
12296;4419598;990429184;13180928;1107517440;0;0;0;0;0;0;0;0;0;0;0;2865;0;0;89;0;80;0;
12297;6166765;990429184;13180928;1107517440;0;0;0;0;0;0;0;0;0;0;0;2685;0;0;89;0;80;0;
12298;3827207;990429184;13180928;1107517440;0;0;0;0;0;0;0;0;0;0;0;2555;0;0;89;0;80;0;
12299;4614074;990429184;13180928;1107517440;0;0;0;0;0;0;0;0;0;0;0;1944;0;0;89;0;80;0;
12300;2943490;990429184;13180928;1107517440;0;0;0;0;0;0;0;0;0;0;0;2094;0;0;89;0;80;0;
12301;4691177;990429184;13180928;1107517440;0;0;0;0;0;0;0;0;0;0;0;1964;0;0;89;0;80;0;
12302;2459933;990429184;13180928;1107517440;0;0;0;0;0;0;0;0;0;0;0;2124;0;0;89;0;80;0;
12303;4848924;990429184;13180928;1107517440;0;0;0;0;0;0;0;0;0;0;0;42620;0;0;89;0;80;0;
12304;4093346;990429184;13180928;1107517440;0;0;0;0;0;0;0;0;0;0;0;2205;0;0;89;0;80;0;
12305;5717844;990429184;13180928;1107517440;0;0;0;0;0;0;0;0;0;0;0;2394;0;0;89;0;80;0;
12306;2733607;990429184;13180928;1107517440;0;0;0;0;0;0;0;0;0;0;0;1633;0;0;89;0;80;0;
12307;5515414;990429184;13180928;1107517440;0;0;0;0;0;0;0;0;0;0;0;2064;0;0;89;0;80;0;
12308;3779338;990429184;13180928;1107517440;0;0;0;0;0;0;0;0;0;0;0;1804;0;0;89;0;80;0;
12309;5450932;990429184;13180928;1107517440;0;0;0;0;0;0;0;0;0;0;0;2334;0;0;89;0;80;0;
12310;3400808;990429184;13180928;1107517440;0;0;0;0;0;0;0;0;0;0;0;2024;0;0;89;0;80;0;
12311;6031422;993058816;18718720;1113055232;0;0;0;0;0;0;0;0;0;0;0;2494;0;0;89;0;80;0;
12312;3212885;995155968;18718720;1113055232;0;0;0;0;0;0;0;0;0;0;0;2405;0;0;89;0;80;0;
12313;5386121;995155968;18718720;1113055232;0;0;0;0;0;0;0;0;0;0;0;2054;0;0;89;0;80;0;
12314;3355113;995155968;18718720;1113055232;0;0;0;0;0;0;0;0;0;0;0;2014;0;0;89;0;80;0;
12315;4813286;995155968;18718720;1113055232;0;0;0;0;0;0;0;0;0;0;0;2043;0;0;89;0;80;0;
12316;2763814;995155968;18718720;1113055232;0;0;0;0;0;0;0;0;0;0;0;1974;0;0;89;0;80;0;
12317;5449039;995155968;18718720;1113055232;0;0;0;0;0;0;0;0;0;0;0;1913;0;0;89;0;80;0;
12318;2910398;995155968;18718720;1113055232;0;0;0;0;0;0;0;0;0;0;0;1804;0;0;89;0;80;0;
12319;5573633;995155968;18718720;1113055232;0;0;0;0;0;0;0;0;0;0;0;34655;0;0;89;0;80;0;
12320;3668139;990441472;13180928;1107517440;0;0;0;0;0;0;0;0;0;0;0;1603;0;0;89;0;80;0;
12321;5213948;990441472;13180928;1107517440;0;0;0;0;0;0;0;0;0;0;0;1844;0;0;89;0;80;0;
12322;3612585;990441472;13180928;1107517440;0;0;0;0;0;0;0;0;0;0;0;1773;0;0;89;0;80;0;
12323;5068696;990441472;13180928;1107517440;0;0;0;0;0;0;0;0;0;0;0;2164;0;0;89;0;80;0;
12324;2100930;990441472;13180928;1107517440;0;0;0;0;0;0;0;0;0;0;0;1663;0;0;89;0;80;0;
12325;4706346;990441472;13180928;1107517440;0;0;0;0;0;0;0;0;0;0;0;2124;0;0;89;0;80;0;
12326;3002030;990441472;13180928;1107517440;0;0;0;0;0;0;0;0;0;0;0;1623;0;0;89;0;80;0;
12327;5190083;990441472;13180928;1107517440;0;0;0;0;0;0;0;0;0;0;0;2375;0;0;89;0;80;0;
12328;4713990;990441472;13180928;1107517440;0;0;0;0;0;0;0;0;0;0;0;1753;0;0;89;0;80;0;
12329;5145019;990441472;13180928;1107517440;0;0;0;0;0;0;0;0;0;0;0;2175;0;0;89;0;80;0;
12330;5246780;990441472;13180928;1107517440;0;0;0;0;0;0;0;0;0;0;0;2866;0;0;89;0;80;0;
12331;5287165;990441472;13180928;1107517440;0;0;0;0;0;0;0;0;0;0;0;2324;0;0;89;0;80;0;
12332;5083623;990441472;13180928;1107517440;0;0;0;0;0;0;0;0;0;0;0;2375;0;0;89;0;80;0;
12333;6158108;990441472;13180928;1107517440;0;0;0;0;0;0;0;0;0;0;0;81974;0;0;89;0;80;0;
12334;4503536;990441472;13180928;1107517440;0;0;0;0;0;0;0;0;0;0;0;1973;0;0;89;0;80;0;
12335;5929450;993071104;18718720;1113055232;0;0;0;0;0;0;0;0;0;0;0;2344;0;0;89;0;80;0;
12336;4372470;995168256;18718720;1113055232;0;0;0;0;0;0;0;0;0;0;0;2355;0;0;89;0;80;0;
12337;5420155;995168256;18718720;1113055232;0;0;0;0;0;0;0;0;0;0;0;2215;0;0;89;0;80;0;
12338;3681915;995168256;18718720;1113055232;0;0;0;0;0;0;0;0;0;0;0;1704;0;0;89;0;80;0;
12339;5509101;995168256;18718720;1113055232;0;0;0;0;0;0;0;0;0;0;0;1853;0;0;89;0;80;0;
12340;2116079;995168256;18718720;1113055232;0;0;0;0;0;0;0;0;0;0;0;1944;0;0;89;0;80;0;
12341;4944192;995168256;18718720;1113055232;0;0;0;0;0;0;0;0;0;0;0;2305;0;0;89;0;80;0;
12342;2405842;995168256;18718720;1113055232;0;0;0;0;0;0;0;0;0;0;0;1684;0;0;89;0;80;0;
12343;4930838;995168256;18718720;1113055232;0;0;0;0;0;0;0;0;0;0;0;2063;0;0;89;0;80;0;
12344;3633574;990453760;13180928;1107517440;0;0;0;0;0;0;0;0;0;0;0;1783;0;0;89;0;80;0;
12345;4617169;990453760;13180928;1107517440;0;0;0;0;0;0;0;0;0;0;0;1994;0;0;89;0;80;0;
12346;2361509;990453760;13180928;1107517440;0;0;0;0;0;0;0;0;0;0;0;1963;0;0;89;0;80;0;
12347;5000067;990453760;13180928;1107517440;0;0;0;0;0;0;0;0;0;0;0;1723;0;0;89;0;80;0;
12348;2272211;990449664;13176832;1107513344;0;0;0;0;0;0;0;0;0;0;0;2284;0;0;89;0;80;0;
12349;4988586;990449664;13180928;1107517440;0;0;0;0;0;0;0;0;0;0;0;1783;0;0;89;0;80;0;
12350;2163527;990449664;13180928;1107517440;0;0;0;0;0;0;0;0;0;0;0;1563;0;0;89;0;80;0;
12351;4277171;990449664;13180928;1107517440;0;0;0;0;0;0;0;0;0;0;0;2034;0;0;89;0;80;0;
12352;1312472;990449664;13180928;1107517440;0;0;0;0;0;0;0;0;0;0;0;1643;0;0;89;0;80;0;
12353;4792378;990449664;13180928;1107517440;0;0;0;0;0;0;0;0;0;0;0;1683;0;0;89;0;80;0;
12354;3107417;990449664;13180928;1107517440;0;0;0;0;0;0;0;0;0;0;0;2074;0;0;89;0;80;0;
12355;5181838;990449664;13180928;1107517440;0;0;0;0;0;0;0;0;0;0;0;1954;0;0;89;0;80;0;
12356;2066405;990449664;13180928;1107517440;0;0;0;0;0;0;0;0;0;0;0;1903;0;0;89;0;80;0;
12357;4620575;990449664;13180928;1107517440;0;0;0;0;0;0;0;0;0;0;0;1894;0;0;89;0;80;0;
12358;2959430;990449664;13180928;1107517440;0;0;0;0;0;0;0;0;0;0;0;1933;0;0;89;0;80;0;
12359;5009555;993079296;18718720;1113055232;0;0;0;0;0;0;0;0;0;0;0;2384;0;0;89;0;80;0;
12360;2532018;995176448;18718720;1113055232;0;0;0;0;0;0;0;0;0;0;0;1934;0;0;89;0;80;0;
12361;4781958;995176448;18718720;1113055232;0;0;0;0;0;0;0;0;0;0;0;1874;0;0;89;0;80;0;
12362;3149968;995176448;18718720;1113055232;0;0;0;0;0;0;0;0;0;0;0;1583;0;0;89;0;80;0;
12363;4885432;995176448;18718720;1113055232;0;0;0;0;0;0;0;0;0;0;0;1723;0;0;89;0;80;0;
12364;3958924;995176448;18718720;1113055232;0;0;0;0;0;0;0;0;0;0;0;2665;0;0;89;0;80;0;
12365;5376153;995176448;18718720;1113055232;0;0;0;0;0;0;0;0;0;0;0;2194;0;0;89;0;80;0;
12366;4669207;995176448;18718720;1113055232;0;0;0;0;0;0;0;0;0;0;0;72526;0;0;89;0;80;0;
12367;5002863;995176448;18718720;1113055232;0;0;0;0;0;0;0;0;0;0;0;2084;0;0;89;0;80;0;
12368;3431064;990466048;13180928;1107517440;0;0;0;0;0;0;0;0;0;0;0;2174;0;0;89;0;80;0;
12369;6733157;994562048;13185024;1107521536;0;0;0;0;0;0;0;0;0;0;0;2835;0;0;89;0;80;0;
12370;3980805;994562048;13185024;1107521536;0;0;0;0;0;0;0;0;0;0;0;2144;0;0;89;0;80;0;
12371;5518359;994562048;13185024;1107521536;0;0;0;0;0;0;0;0;0;0;0;2345;0;0;89;0;80;0;
12372;2854574;994562048;13185024;1107521536;0;0;0;0;0;0;0;0;0;0;0;1753;0;0;89;0;80;0;
12373;5044150;994562048;13185024;1107521536;0;0;0;0;0;0;0;0;0;0;0;2584;0;0;89;0;80;0;
12374;2256522;994562048;13185024;1107521536;0;0;0;0;0;0;0;0;0;0;0;2003;0;0;89;0;80;0;
12375;5005207;994562048;13185024;1107521536;0;0;0;0;0;0;0;0;0;0;0;1923;0;0;89;0;80;0;
12376;2611617;994562048;13185024;1107521536;0;0;0;0;0;0;0;0;0;0;0;2245;0;0;89;0;80;0;
12377;6126249;994562048;13185024;1107521536;0;0;0;0;0;0;0;0;0;0;0;2515;0;0;89;0;80;0;
12378;3669742;994562048;13185024;1107521536;0;0;0;0;0;0;0;0;0;0;0;2224;0;0;89;0;80;0;
12379;5619579;994562048;13185024;1107521536;0;0;0;0;0;0;0;0;0;0;0;24376;0;0;89;0;80;0;
12380;3315988;994562048;13185024;1107521536;0;0;0;0;0;0;0;0;0;0;0;1633;0;0;89;0;80;0;
12381;6135677;997191680;18722816;1113059328;0;0;0;0;0;0;0;0;0;0;0;2525;0;0;89;0;80;0;
12382;4517461;999288832;18722816;1113059328;0;0;0;0;0;0;0;0;0;0;0;2285;0;0;89;0;80;0;
12383;5776252;999288832;18722816;1113059328;0;0;0;0;0;0;0;0;0;0;0;2375;0;0;89;0;80;0;
12384;3516725;999288832;18722816;1113059328;0;0;0;0;0;0;0;0;0;0;0;1934;0;0;89;0;80;0;
12385;5048568;999288832;18722816;1113059328;0;0;0;0;0;0;0;0;0;0;0;1784;0;0;89;0;80;0;
12386;3457935;999288832;18722816;1113059328;0;0;0;0;0;0;0;0;0;0;0;1723;0;0;89;0;80;0;
12387;5439211;999288832;18722816;1113059328;0;0;0;0;0;0;0;0;0;0;0;1713;0;0;89;0;80;0;
12388;3944667;999288832;18722816;1113059328;0;0;0;0;0;0;0;0;0;0;0;8586;0;0;89;0;80;0;
12389;6022494;999288832;18731008;1113067520;0;0;0;0;0;0;0;0;0;0;0;2284;0;0;89;0;80;0;
12390;5302645;994586624;13193216;1107529728;0;0;0;0;0;0;0;0;0;0;0;1994;0;0;89;0;80;0;
12391;5510745;994586624;13193216;1107529728;0;0;0;0;0;0;0;0;0;0;0;2004;0;0;89;0;80;0;
12392;3967320;994586624;13193216;1107529728;0;0;0;0;0;0;0;0;0;0;0;1964;0;0;89;0;80;0;
12393;6177966;994586624;13193216;1107529728;0;0;0;0;0;0;0;0;0;0;0;1904;0;0;89;0;80;0;
12394;3577239;994586624;13193216;1107529728;0;0;0;0;0;0;0;0;0;0;0;81773;0;0;89;0;80;0;
12395;5559156;994586624;13193216;1107529728;0;0;0;0;0;0;0;0;0;0;0;1903;0;0;89;0;80;0;
12396;3964014;994578432;13185024;1107521536;0;0;0;0;0;0;0;0;0;0;0;1944;0;0;89;0;80;0;
12397;5017500;994578432;13185024;1107521536;0;0;0;0;0;0;0;0;0;0;0;1813;0;0;89;0;80;0;
12398;3225189;994578432;13185024;1107521536;0;0;0;0;0;0;0;0;0;0;0;1884;0;0;89;0;80;0;
12399;6067620;994578432;13185024;1107521536;0;0;0;0;0;0;0;0;0;0;0;2514;0;0;89;0;80;0;
12400;3406418;994578432;13185024;1107521536;0;0;0;0;0;0;0;0;0;0;0;1903;0;0;89;0;80;0;
12401;5429413;994578432;13185024;1107521536;0;0;0;0;0;0;0;0;0;0;0;51096;0;0;89;0;80;0;
12402;3887701;994578432;13185024;1107521536;0;0;0;0;0;0;0;0;0;0;0;1933;0;0;89;0;80;0;
12403;4898296;994578432;13185024;1107521536;0;0;0;0;0;0;0;0;0;0;0;2174;0;0;89;0;80;0;
12404;3626832;994578432;13185024;1107521536;0;0;0;0;0;0;0;0;0;0;0;1904;0;0;89;0;80;0;
12405;5290812;994578432;13185024;1107521536;0;0;0;0;0;0;0;0;0;0;0;1913;0;0;89;0;80;0;
12406;3969454;994578432;13185024;1107521536;0;0;0;0;0;0;0;0;0;0;0;1573;0;0;89;0;80;0;
12407;5608498;997208064;18722816;1113059328;0;0;0;0;0;0;0;0;0;0;0;2705;0;0;89;0;80;0;
12408;3974283;999305216;18722816;1113059328;0;0;0;0;0;0;0;0;0;0;0;1432;0;0;89;0;80;0;
12409;4974008;999305216;18722816;1113059328;0;0;0;0;0;0;0;0;0;0;0;2214;0;0;89;0;80;0;
12410;3306381;999305216;18722816;1113059328;0;0;0;0;0;0;0;0;0;0;0;2665;0;0;89;0;80;0;
12411;5741407;999305216;18722816;1113059328;0;0;0;0;0;0;0;0;0;0;0;2425;0;0;89;0;80;0;
12412;4705114;999305216;18722816;1113059328;0;0;0;0;0;0;0;0;0;0;0;1844;0;0;89;0;80;0;
12413;6686099;999305216;18722816;1113059328;0;0;0;0;0;0;0;0;0;0;0;2484;0;0;89;0;80;0;
12414;4765467;999305216;18722816;1113059328;0;0;0;0;0;0;0;0;0;0;0;2084;0;0;89;0;80;0;
12415;5469767;999305216;18722816;1113059328;0;0;0;0;0;0;0;0;0;0;0;2394;0;0;89;0;80;0;
12416;5221522;994590720;13185024;1107521536;0;0;0;0;0;0;0;0;0;0;0;1793;0;0;89;0;80;0;
12417;5878454;994590720;13185024;1107521536;0;0;0;0;0;0;0;0;0;0;0;4539;0;0;89;0;80;0;
12418;4702129;994590720;13185024;1107521536;0;0;0;0;0;0;0;0;0;0;0;3176;0;0;89;0;80;0;
12419;7293228;994590720;13185024;1107521536;0;0;0;0;0;0;0;0;0;0;0;4027;0;0;89;0;80;0;
12420;4370226;994590720;13185024;1107521536;0;0;0;0;0;0;0;0;0;0;0;3356;0;0;89;0;80;0;
12421;6033084;994590720;13185024;1107521536;0;0;0;0;0;0;0;0;0;0;0;2976;0;0;89;0;80;0;
12422;3788114;994590720;13185024;1107521536;0;0;0;0;0;0;0;0;0;0;0;2605;0;0;89;0;80;0;
12423;5294309;994590720;13185024;1107521536;0;0;0;0;0;0;0;0;0;0;0;2846;0;0;89;0;80;0;
12424;4330852;994590720;13185024;1107521536;0;0;0;0;0;0;0;0;0;0;0;3136;0;0;89;0;80;0;
12425;5727331;994590720;13185024;1107521536;0;0;0;0;0;0;0;0;0;0;0;2545;0;0;89;0;80;0;
12426;3802501;994590720;13185024;1107521536;0;0;0;0;0;0;0;0;0;0;0;2274;0;0;89;0;80;0;
12427;6633911;994590720;13185024;1107521536;0;0;0;0;0;0;0;0;0;0;0;3456;0;0;89;0;80;0;
12428;3800127;994590720;13185024;1107521536;0;0;0;0;0;0;0;0;0;0;0;3386;0;0;89;0;80;0;
12429;6555674;997220352;18722816;1113059328;0;0;0;0;0;0;0;0;0;0;0;3136;0;0;89;0;80;0;
12430;4520918;999317504;18722816;1113059328;0;0;0;0;0;0;0;0;0;0;0;2745;0;0;89;0;80;0;
12431;5688699;999317504;18722816;1113059328;0;0;0;0;0;0;0;0;0;0;0;3907;0;0;89;0;80;0;
12432;4532670;999317504;18722816;1113059328;0;0;0;0;0;0;0;0;0;0;0;2495;0;0;89;0;80;0;
12433;5461863;999317504;18722816;1113059328;0;0;0;0;0;0;0;0;0;0;0;2295;0;0;89;0;80;0;
12434;3380209;999317504;18722816;1113059328;0;0;0;0;0;0;0;0;0;0;0;2575;0;0;89;0;80;0;
12435;4632407;999317504;18722816;1113059328;0;0;0;0;0;0;0;0;0;0;0;2945;0;0;89;0;80;0;
12436;4342033;999317504;18722816;1113059328;0;0;0;0;0;0;0;0;0;0;0;132809;0;0;89;0;80;0;
12437;5403284;999317504;18722816;1113059328;0;0;0;0;0;0;0;0;0;0;0;3346;0;0;89;0;80;0;
12438;3711490;994603008;13185024;1107521536;0;0;0;0;0;0;0;0;0;0;0;4038;0;0;89;0;80;0;
12439;5886951;994603008;13185024;1107521536;0;0;0;0;0;0;0;0;0;0;0;3346;0;0;89;0;80;0;
12440;5836255;994603008;13185024;1107521536;0;0;0;0;0;0;0;0;0;0;0;3797;0;0;89;0;80;0;
12441;5197287;994603008;13185024;1107521536;0;0;0;0;0;0;0;0;0;0;0;3407;0;0;89;0;80;0;
12442;2795072;994603008;13185024;1107521536;0;0;0;0;0;0;0;0;0;0;0;2064;0;0;89;0;80;0;
12443;6299644;994603008;13185024;1107521536;0;0;0;0;0;0;0;0;0;0;0;4077;0;0;89;0;80;0;
12444;4030910;994603008;13185024;1107521536;0;0;0;0;0;0;0;0;0;0;0;2926;0;0;89;0;80;0;
12445;6028145;994603008;13185024;1107521536;0;0;0;0;0;0;0;0;0;0;0;2705;0;0;89;0;80;0;
12446;4507504;994603008;13185024;1107521536;0;0;0;0;0;0;0;0;0;0;0;3136;0;0;89;0;80;0;
12447;5036666;994603008;13185024;1107521536;0;0;0;0;0;0;0;0;0;0;0;3005;0;0;89;0;80;0;
12448;3054038;994603008;13185024;1107521536;0;0;0;0;0;0;0;0;0;0;0;3035;0;0;89;0;80;0;
12449;5373868;994603008;13185024;1107521536;0;0;0;0;0;0;0;0;0;0;0;3337;0;0;89;0;80;0;
12450;3753710;994603008;13185024;1107521536;0;0;0;0;0;0;0;0;0;0;0;2906;0;0;89;0;80;0;
12451;4792097;994603008;13185024;1107521536;0;0;0;0;0;0;0;0;0;0;0;2164;0;0;89;0;80;0;
12452;2052980;994603008;13185024;1107521536;0;0;0;0;0;0;0;0;0;0;0;1673;0;0;89;0;80;0;
12453;5019774;994603008;13185024;1107521536;0;0;0;0;0;0;0;0;0;0;0;2485;0;0;89;0;80;0;
12454;3636300;994603008;13185024;1107521536;0;0;0;0;0;0;0;0;0;0;0;2304;0;0;89;0;80;0;
12455;5033510;997232640;18722816;1113059328;0;0;0;0;0;0;0;0;0;0;0;2385;0;0;89;0;80;0;
12456;2481113;999329792;18722816;1113059328;0;0;0;0;0;0;0;0;0;0;0;1833;0;0;89;0;80;0;
12457;4611228;999329792;18722816;1113059328;0;0;0;0;0;0;0;0;0;0;0;2104;0;0;89;0;80;0;
12458;3307753;999329792;18722816;1113059328;0;0;0;0;0;0;0;0;0;0;0;1674;0;0;89;0;80;0;
12459;4922982;999329792;18722816;1113059328;0;0;0;0;0;0;0;0;0;0;0;1773;0;0;89;0;80;0;
12460;2723788;999329792;18722816;1113059328;0;0;0;0;0;0;0;0;0;0;0;1674;0;0;89;0;80;0;
12461;5149868;999329792;18722816;1113059328;0;0;0;0;0;0;0;0;0;0;0;2224;0;0;89;0;80;0;
12462;3521174;999329792;18722816;1113059328;0;0;0;0;0;0;0;0;0;0;0;1924;0;0;89;0;80;0;
12463;4515659;999329792;18722816;1113059328;0;0;0;0;0;0;0;0;0;0;0;2264;0;0;89;0;80;0;
12464;3235749;994615296;13185024;1107521536;0;0;0;0;0;0;0;0;0;0;0;2374;0;0;89;0;80;0;
12465;5370322;994615296;13185024;1107521536;0;0;0;0;0;0;0;0;0;0;0;3086;0;0;89;0;80;0;
12466;4435960;994615296;13185024;1107521536;0;0;0;0;0;0;0;0;0;0;0;2354;0;0;89;0;80;0;
12467;11155551;994615296;13185024;1107521536;0;0;0;0;0;0;0;0;0;0;0;1844;0;0;89;0;80;0;
12468;5763058;994615296;13185024;1107521536;0;0;0;0;0;0;0;0;0;0;0;2164;0;0;89;0;80;0;
12469;5457254;994615296;13185024;1107521536;0;0;0;0;0;0;0;0;0;0;0;1924;0;0;89;0;80;0;
12470;3656067;994615296;13185024;1107521536;0;0;0;0;0;0;0;0;0;0;0;1953;0;0;89;0;80;0;
12471;5649695;994615296;13185024;1107521536;0;0;0;0;0;0;0;0;0;0;0;2094;0;0;89;0;80;0;
12472;4234331;994615296;13185024;1107521536;0;0;0;0;0;0;0;0;0;0;0;221585;0;0;89;0;80;0;
12473;4712818;994615296;13185024;1107521536;0;0;0;0;0;0;0;0;0;0;0;2404;0;0;89;0;80;0;
12474;4590188;994615296;13185024;1107521536;0;0;0;0;0;0;0;0;0;0;0;1793;0;0;89;0;80;0;
12475;6884391;994615296;13185024;1107521536;0;0;0;0;0;0;0;0;0;0;0;3366;0;0;89;0;80;0;
12476;3496457;994615296;13185024;1107521536;0;0;0;0;0;0;0;0;0;0;0;1904;0;0;89;0;80;0;
12477;5934710;997244928;18722816;1113059328;0;0;0;0;0;0;0;0;0;0;0;3296;0;0;89;0;80;0;
12478;4564580;999342080;18722816;1113059328;0;0;0;0;0;0;0;0;0;0;0;2796;0;0;89;0;80;0;
12479;5026467;999342080;18722816;1113059328;0;0;0;0;0;0;0;0;0;0;0;3096;0;0;89;0;80;0;
12480;3723874;999342080;18722816;1113059328;0;0;0;0;0;0;0;0;0;0;0;2785;0;0;89;0;80;0;
12481;5389617;999342080;18722816;1113059328;0;0;0;0;0;0;0;0;0;0;0;2455;0;0;89;0;80;0;
12482;2974529;999342080;18722816;1113059328;0;0;0;0;0;0;0;0;0;0;0;2204;0;0;89;0;80;0;
12483;4575180;999342080;18722816;1113059328;0;0;0;0;0;0;0;0;0;0;0;2043;0;0;89;0;80;0;
12484;3621672;999342080;18722816;1113059328;0;0;0;0;0;0;0;0;0;0;0;1994;0;0;89;0;80;0;
12485;5382775;999342080;18722816;1113059328;0;0;0;0;0;0;0;0;0;0;0;2004;0;0;89;0;80;0;
12486;3858306;994627584;13185024;1107521536;0;0;0;0;0;0;0;0;0;0;0;1923;0;0;89;0;80;0;
12487;5815657;994627584;13185024;1107521536;0;0;0;0;0;0;0;0;0;0;0;2154;0;0;89;0;80;0;
12488;2185008;994627584;13185024;1107521536;0;0;0;0;0;0;0;0;0;0;0;1793;0;0;89;0;80;0;
12489;4583486;994627584;13185024;1107521536;0;0;0;0;0;0;0;0;0;0;0;1853;0;0;89;0;80;0;
12490;3669201;994627584;13185024;1107521536;0;0;0;0;0;0;0;0;0;0;0;1974;0;0;89;0;80;0;
12491;5287726;994627584;13185024;1107521536;0;0;0;0;0;0;0;0;0;0;0;1883;0;0;89;0;80;0;
12492;2390112;994627584;13185024;1107521536;0;0;0;0;0;0;0;0;0;0;0;1813;0;0;89;0;80;0;
12493;5400909;994627584;13185024;1107521536;0;0;0;0;0;0;0;0;0;0;0;2174;0;0;89;0;80;0;
12494;3771092;994627584;13185024;1107521536;0;0;0;0;0;0;0;0;0;0;0;2064;0;0;89;0;80;0;
12495;5760843;994627584;13193216;1107529728;0;0;0;0;0;0;0;0;0;0;0;2255;0;0;89;0;80;0;
12496;2935475;994627584;13193216;1107529728;0;0;0;0;0;0;0;0;0;0;0;1924;0;0;89;0;80;0;
12497;5528138;997257216;18731008;1113067520;0;0;0;0;0;0;0;0;0;0;0;2835;0;0;89;0;80;0;
12498;3689780;999354368;18731008;1113067520;0;0;0;0;0;0;0;0;0;0;0;2184;0;0;89;0;80;0;
12499;4906461;999354368;18731008;1113067520;0;0;0;0;0;0;0;0;0;0;0;2134;0;0;89;0;80;0;
12500;3484826;999354368;18731008;1113067520;0;0;0;0;0;0;0;0;0;0;0;1803;0;0;89;0;80;0;
12501;5462635;999354368;18731008;1113067520;0;0;0;0;0;0;0;0;0;0;0;2796;0;0;89;0;80;0;
12502;4885031;999428096;18722816;1113059328;0;0;0;0;0;0;0;0;0;0;0;2826;0;0;89;0;80;0;
12503;5345645;999428096;18722816;1113059328;0;0;0;0;0;0;0;0;0;0;0;3026;0;0;89;0;80;0;
12504;2842651;999428096;18722816;1113059328;0;0;0;0;0;0;0;0;0;0;0;2445;0;0;89;0;80;0;
12505;5666286;999428096;18722816;1113059328;0;0;0;0;0;0;0;0;0;0;0;3316;0;0;89;0;80;0;
12506;3255685;999428096;18722816;1113059328;0;0;0;0;0;0;0;0;0;0;0;2835;0;0;89;0;80;0;
12507;4844996;999428096;18722816;1113059328;0;0;0;0;0;0;0;0;0;0;0;2765;0;0;89;0;80;0;
12508;3556760;999428096;18722816;1113059328;0;0;0;0;0;0;0;0;0;0;0;2795;0;0;89;0;80;0;
12509;4542519;999428096;18722816;1113059328;0;0;0;0;0;0;0;0;0;0;0;2374;0;0;89;0;80;0;
12510;3996455;999428096;18722816;1113059328;0;0;0;0;0;0;0;0;0;0;0;2124;0;0;89;0;80;0;
12511;5751637;999428096;18722816;1113059328;0;0;0;0;0;0;0;0;0;0;0;3316;0;0;89;0;80;0;
12512;3578931;994639872;13185024;1107521536;0;0;0;0;0;0;0;0;0;0;0;2705;0;0;89;0;80;0;
12513;5546071;994639872;13185024;1107521536;0;0;0;0;0;0;0;0;0;0;0;2424;0;0;89;0;80;0;
12514;2611508;994639872;13185024;1107521536;0;0;0;0;0;0;0;0;0;0;0;2064;0;0;89;0;80;0;
12515;5424082;994639872;13185024;1107521536;0;0;0;0;0;0;0;0;0;0;0;2875;0;0;89;0;80;0;
12516;2596890;994639872;13185024;1107521536;0;0;0;0;0;0;0;0;0;0;0;1923;0;0;89;0;80;0;
12517;5582329;994639872;13185024;1107521536;0;0;0;0;0;0;0;0;0;0;0;2655;0;0;89;0;80;0;
12518;3129539;994639872;13185024;1107521536;0;0;0;0;0;0;0;0;0;0;0;2665;0;0;89;0;80;0;
12519;5207005;994639872;13185024;1107521536;0;0;0;0;0;0;0;0;0;0;0;2675;0;0;89;0;80;0;
12520;4056106;994639872;13185024;1107521536;0;0;0;0;0;0;0;0;0;0;0;2414;0;0;89;0;80;0;
12521;6695907;994639872;13185024;1107521536;0;0;0;0;0;0;0;0;0;0;0;3427;0;0;89;0;80;0;
12522;2942358;994639872;13185024;1107521536;0;0;0;0;0;0;0;0;0;0;0;2104;0;0;89;0;80;0;
12523;5127185;994639872;13185024;1107521536;0;0;0;0;0;0;0;0;0;0;0;2946;0;0;89;0;80;0;
12524;3116244;994639872;13185024;1107521536;0;0;0;0;0;0;0;0;0;0;0;2134;0;0;89;0;80;0;
12525;6476095;997269504;18722816;1113059328;0;0;0;0;0;0;0;0;0;0;0;4909;0;0;89;0;80;0;
12526;4927320;999366656;18722816;1113059328;0;0;0;0;0;0;0;0;0;0;0;4117;0;0;89;0;80;0;
12527;5555839;999366656;18722816;1113059328;0;0;0;0;0;0;0;0;0;0;0;4388;0;0;89;0;80;0;
12528;4399040;999366656;18722816;1113059328;0;0;0;0;0;0;0;0;0;0;0;2735;0;0;89;0;80;0;
12529;4752283;999366656;18722816;1113059328;0;0;0;0;0;0;0;0;0;0;0;3006;0;0;89;0;80;0;
12530;4706977;999366656;18722816;1113059328;0;0;0;0;0;0;0;0;0;0;0;2295;0;0;89;0;80;0;
12531;5639867;999366656;18722816;1113059328;0;0;0;0;0;0;0;0;0;0;0;3537;0;0;89;0;80;0;
12532;6489680;999366656;18722816;1113059328;0;0;0;0;0;0;0;0;0;0;0;3025;0;0;89;0;80;0;
12533;5467294;999366656;18722816;1113059328;0;0;0;0;0;0;0;0;0;0;0;3116;0;0;89;0;80;0;
12534;3600132;994652160;13185024;1107521536;0;0;0;0;0;0;0;0;0;0;0;3166;0;0;89;0;80;0;
12535;5482932;994652160;13185024;1107521536;0;0;0;0;0;0;0;0;0;0;0;2745;0;0;89;0;80;0;
12536;3407650;994652160;13185024;1107521536;0;0;0;0;0;0;0;0;0;0;0;2274;0;0;89;0;80;0;
12537;5393064;994652160;13185024;1107521536;0;0;0;0;0;0;0;0;0;0;0;2725;0;0;89;0;80;0;
12538;2989808;994652160;13185024;1107521536;0;0;0;0;0;0;0;0;0;0;0;2064;0;0;89;0;80;0;
12539;4476365;994652160;13185024;1107521536;0;0;0;0;0;0;0;0;0;0;0;3036;0;0;89;0;80;0;
12540;3621993;994652160;13185024;1107521536;0;0;0;0;0;0;0;0;0;0;0;2394;0;0;89;0;80;0;
12541;5195013;994652160;13185024;1107521536;0;0;0;0;0;0;0;0;0;0;0;3296;0;0;89;0;80;0;
12542;3923358;994652160;13185024;1107521536;0;0;0;0;0;0;0;0;0;0;0;2835;0;0;89;0;80;0;
12543;5076781;994652160;13185024;1107521536;0;0;0;0;0;0;0;0;0;0;0;2775;0;0;89;0;80;0;
12544;3264753;994652160;13185024;1107521536;0;0;0;0;0;0;0;0;0;0;0;2364;0;0;89;0;80;0;
12545;5532806;994652160;13185024;1107521536;0;0;0;0;0;0;0;0;0;0;0;3517;0;0;89;0;80;0;
12546;3485847;994652160;13185024;1107521536;0;0;0;0;0;0;0;0;0;0;0;2755;0;0;89;0;80;0;
12547;5297966;994652160;13185024;1107521536;0;0;0;0;0;0;0;0;0;0;0;2925;0;0;89;0;80;0;
12548;3021767;994652160;13185024;1107521536;0;0;0;0;0;0;0;0;0;0;0;2474;0;0;89;0;80;0;
12549;5453287;997281792;18722816;1113059328;0;0;0;0;0;0;0;0;0;0;0;3176;0;0;89;0;80;0;
12550;4508706;999378944;18722816;1113059328;0;0;0;0;0;0;0;0;0;0;0;4849;0;0;89;0;80;0;
12551;6053533;999378944;18722816;1113059328;0;0;0;0;0;0;0;0;0;0;0;3196;0;0;89;0;80;0;
12552;3261676;999378944;18722816;1113059328;0;0;0;0;0;0;0;0;0;0;0;2324;0;0;89;0;80;0;
12553;6119106;999378944;18722816;1113059328;0;0;0;0;0;0;0;0;0;0;0;3096;0;0;89;0;80;0;
12554;3689579;999378944;18722816;1113059328;0;0;0;0;0;0;0;0;0;0;0;3086;0;0;89;0;80;0;
12555;6409541;999378944;18722816;1113059328;0;0;0;0;0;0;0;0;0;0;0;3347;0;0;89;0;80;0;
12556;3862413;999378944;18722816;1113059328;0;0;0;0;0;0;0;0;0;0;0;2625;0;0;89;0;80;0;
12557;6225345;999378944;18722816;1113059328;0;0;0;0;0;0;0;0;0;0;0;3918;0;0;89;0;80;0;
12558;2977965;994664448;13185024;1107521536;0;0;0;0;0;0;0;0;0;0;0;2244;0;0;89;0;80;0;
12559;5737440;994664448;13185024;1107521536;0;0;0;0;0;0;0;0;0;0;0;3517;0;0;89;0;80;0;
12560;4211157;994664448;13185024;1107521536;0;0;0;0;0;0;0;0;0;0;0;2856;0;0;89;0;80;0;
12561;4992613;994664448;13185024;1107521536;0;0;0;0;0;0;0;0;0;0;0;3286;0;0;89;0;80;0;
12562;3055259;994664448;13185024;1107521536;0;0;0;0;0;0;0;0;0;0;0;2274;0;0;89;0;80;0;
12563;5551280;994664448;13185024;1107521536;0;0;0;0;0;0;0;0;0;0;0;3026;0;0;89;0;80;0;
12564;4353324;994664448;13185024;1107521536;0;0;0;0;0;0;0;0;0;0;0;2545;0;0;89;0;80;0;
12565;5540050;994664448;13185024;1107521536;0;0;0;0;0;0;0;0;0;0;0;2866;0;0;89;0;80;0;
12566;3352768;994664448;13185024;1107521536;0;0;0;0;0;0;0;0;0;0;0;2896;0;0;89;0;80;0;
12567;6138843;994664448;13185024;1107521536;0;0;0;0;0;0;0;0;0;0;0;3026;0;0;89;0;80;0;
12568;3056061;994664448;13185024;1107521536;0;0;0;0;0;0;0;0;0;0;0;2705;0;0;89;0;80;0;
12569;5655666;994664448;13185024;1107521536;0;0;0;0;0;0;0;0;0;0;0;2905;0;0;89;0;80;0;
12570;3619909;994664448;13185024;1107521536;0;0;0;0;0;0;0;0;0;0;0;2845;0;0;89;0;80;0;
12571;6013307;994664448;13185024;1107521536;0;0;0;0;0;0;0;0;0;0;0;3456;0;0;89;0;80;0;
12572;4570872;994664448;13185024;1107521536;0;0;0;0;0;0;0;0;0;0;0;4459;0;0;89;0;80;0;
12573;6003970;997294080;18722816;1113059328;0;0;0;0;0;0;0;0;0;0;0;2655;0;0;89;0;80;0;
12574;4625124;999391232;18722816;1113059328;0;0;0;0;0;0;0;0;0;0;0;3126;0;0;89;0;80;0;
12575;5795699;999391232;18722816;1113059328;0;0;0;0;0;0;0;0;0;0;0;3346;0;0;89;0;80;0;
12576;3078824;999391232;18722816;1113059328;0;0;0;0;0;0;0;0;0;0;0;2915;0;0;89;0;80;0;
12577;5697205;999391232;18722816;1113059328;0;0;0;0;0;0;0;0;0;0;0;2955;0;0;89;0;80;0;
12578;4875503;999391232;18722816;1113059328;0;0;0;0;0;0;0;0;0;0;0;3106;0;0;89;0;80;0;
12579;5214790;999391232;18722816;1113059328;0;0;0;0;0;0;0;0;0;0;0;2615;0;0;89;0;80;0;
12580;6611088;999391232;18722816;1113059328;0;0;0;0;0;0;0;0;0;0;0;2715;0;0;89;0;80;0;
12581;5801329;999391232;18722816;1113059328;0;0;0;0;0;0;0;0;0;0;0;2655;0;0;89;0;80;0;
12582;5103050;994676736;13185024;1107521536;0;0;0;0;0;0;0;0;0;0;0;2604;0;0;89;0;80;0;
12583;6569410;994676736;13185024;1107521536;0;0;0;0;0;0;0;0;0;0;0;3607;0;0;89;0;80;0;
12584;3484064;994676736;13185024;1107521536;0;0;0;0;0;0;0;0;0;0;0;2705;0;0;89;0;80;0;
12585;5661126;994676736;13185024;1107521536;0;0;0;0;0;0;0;0;0;0;0;2735;0;0;89;0;80;0;
12586;3632603;994676736;13185024;1107521536;0;0;0;0;0;0;0;0;0;0;0;2284;0;0;89;0;80;0;
12587;6609135;994676736;13185024;1107521536;0;0;0;0;0;0;0;0;0;0;0;3807;0;0;89;0;80;0;
12588;2753925;994676736;13185024;1107521536;0;0;0;0;0;0;0;0;0;0;0;2374;0;0;89;0;80;0;
12589;5653853;994676736;13185024;1107521536;0;0;0;0;0;0;0;0;0;0;0;2915;0;0;89;0;80;0;
12590;4208302;994676736;13185024;1107521536;0;0;0;0;0;0;0;0;0;0;0;2916;0;0;89;0;80;0;
12591;5376293;994676736;13185024;1107521536;0;0;0;0;0;0;0;0;0;0;0;3677;0;0;89;0;80;0;
12592;2904938;994676736;13185024;1107521536;0;0;0;0;0;0;0;0;0;0;0;2144;0;0;89;0;80;0;
12593;5597117;994676736;13185024;1107521536;0;0;0;0;0;0;0;0;0;0;0;3706;0;0;89;0;80;0;
12594;3948375;994676736;13185024;1107521536;0;0;0;0;0;0;0;0;0;0;0;2795;0;0;89;0;80;0;
12595;5958745;994676736;13185024;1107521536;0;0;0;0;0;0;0;0;0;0;0;3096;0;0;89;0;80;0;
12596;3067954;994676736;13185024;1107521536;0;0;0;0;0;0;0;0;0;0;0;2264;0;0;89;0;80;0;
12597;6227258;997306368;18722816;1113059328;0;0;0;0;0;0;0;0;0;0;0;4458;0;0;89;0;80;0;
12598;4370476;999403520;18722816;1113059328;0;0;0;0;0;0;0;0;0;0;0;2134;0;0;89;0;80;0;
12599;5429502;999403520;18722816;1113059328;0;0;0;0;0;0;0;0;0;0;0;3397;0;0;89;0;80;0;
12600;2857308;999403520;18722816;1113059328;0;0;0;0;0;0;0;0;0;0;0;2204;0;0;89;0;80;0;
12601;6884020;999403520;18722816;1113059328;0;0;0;0;0;0;0;0;0;0;0;2815;0;0;89;0;80;0;
12602;2911941;999403520;18722816;1113059328;0;0;0;0;0;0;0;0;0;0;0;2565;0;0;89;0;80;0;
12603;5791551;999403520;18722816;1113059328;0;0;0;0;0;0;0;0;0;0;0;3697;0;0;89;0;80;0;
12604;3251458;999403520;18722816;1113059328;0;0;0;0;0;0;0;0;0;0;0;2455;0;0;89;0;80;0;
12605;7331489;999403520;18722816;1113059328;0;0;0;0;0;0;0;0;0;0;0;3307;0;0;89;0;80;0;
12606;3161058;994689024;13185024;1107521536;0;0;0;0;0;0;0;0;0;0;0;2624;0;0;89;0;80;0;
12607;6059544;994689024;13185024;1107521536;0;0;0;0;0;0;0;0;0;0;0;3256;0;0;89;0;80;0;
12608;3376392;994689024;13185024;1107521536;0;0;0;0;0;0;0;0;0;0;0;3046;0;0;89;0;80;0;
12609;6289285;994689024;13185024;1107521536;0;0;0;0;0;0;0;0;0;0;0;3377;0;0;89;0;80;0;
12610;3206784;994689024;13185024;1107521536;0;0;0;0;0;0;0;0;0;0;0;2665;0;0;89;0;80;0;
12611;6632278;994689024;13185024;1107521536;0;0;0;0;0;0;0;0;0;0;0;3456;0;0;89;0;80;0;
12612;3323954;994689024;13185024;1107521536;0;0;0;0;0;0;0;0;0;0;0;2294;0;0;89;0;80;0;
12613;5607266;994689024;13185024;1107521536;0;0;0;0;0;0;0;0;0;0;0;3286;0;0;89;0;80;0;
12614;3099302;994689024;13185024;1107521536;0;0;0;0;0;0;0;0;0;0;0;2154;0;0;89;0;80;0;
12615;6792178;994689024;13185024;1107521536;0;0;0;0;0;0;0;0;0;0;0;6352;0;0;89;0;80;0;
12616;3394045;994689024;13185024;1107521536;0;0;0;0;0;0;0;0;0;0;0;2605;0;0;89;0;80;0;
12617;5579815;994689024;13185024;1107521536;0;0;0;0;0;0;0;0;0;0;0;3607;0;0;89;0;80;0;
12618;3467082;994689024;13185024;1107521536;0;0;0;0;0;0;0;0;0;0;0;3035;0;0;89;0;80;0;
12619;6685929;997318656;18722816;1113059328;0;0;0;0;0;0;0;0;0;0;0;3327;0;0;89;0;80;0;
12620;3518018;999415808;18722816;1113059328;0;0;0;0;0;0;0;0;0;0;0;2775;0;0;89;0;80;0;
12621;5350544;999415808;18722816;1113059328;0;0;0;0;0;0;0;0;0;0;0;3065;0;0;89;0;80;0;
12622;3629286;999415808;18722816;1113059328;0;0;0;0;0;0;0;0;0;0;0;2064;0;0;89;0;80;0;
12623;6006515;999415808;18722816;1113059328;0;0;0;0;0;0;0;0;0;0;0;3527;0;0;89;0;80;0;
12624;4043824;999415808;18722816;1113059328;0;0;0;0;0;0;0;0;0;0;0;2905;0;0;89;0;80;0;
12625;6886184;999415808;18722816;1113059328;0;0;0;0;0;0;0;0;0;0;0;3316;0;0;89;0;80;0;
12626;2837001;999415808;18722816;1113059328;0;0;0;0;0;0;0;0;0;0;0;3336;0;0;89;0;80;0;
12627;5633235;999415808;18722816;1113059328;0;0;0;0;0;0;0;0;0;0;0;2705;0;0;89;0;80;0;
12628;3403854;994701312;13185024;1107521536;0;0;0;0;0;0;0;0;0;0;0;3146;0;0;89;0;80;0;
12629;6148501;994701312;13185024;1107521536;0;0;0;0;0;0;0;0;0;0;0;3276;0;0;89;0;80;0;
12630;2680286;994701312;13185024;1107521536;0;0;0;0;0;0;0;0;0;0;0;1964;0;0;89;0;80;0;
12631;5435914;994701312;13185024;1107521536;0;0;0;0;0;0;0;0;0;0;0;2906;0;0;89;0;80;0;
12632;2992001;994701312;13185024;1107521536;0;0;0;0;0;0;0;0;0;0;0;2475;0;0;89;0;80;0;
12633;6159652;994701312;13185024;1107521536;0;0;0;0;0;0;0;0;0;0;0;2615;0;0;89;0;80;0;
12634;2387157;994701312;13185024;1107521536;0;0;0;0;0;0;0;0;0;0;0;2224;0;0;89;0;80;0;
12635;5619649;994701312;13185024;1107521536;0;0;0;0;0;0;0;0;0;0;0;3307;0;0;89;0;80;0;
12636;2834847;994701312;13185024;1107521536;0;0;0;0;0;0;0;0;0;0;0;2385;0;0;89;0;80;0;
12637;5767055;994701312;13185024;1107521536;0;0;0;0;0;0;0;0;0;0;0;5750;0;0;89;0;80;0;
12638;3569574;994701312;13185024;1107521536;0;0;0;0;0;0;0;0;0;0;0;2305;0;0;89;0;80;0;
12639;6158510;994701312;13185024;1107521536;0;0;0;0;0;0;0;0;0;0;0;3587;0;0;89;0;80;0;
12640;3495585;994701312;13185024;1107521536;0;0;0;0;0;0;0;0;0;0;0;2324;0;0;89;0;80;0;
12641;5493463;994701312;13185024;1107521536;0;0;0;0;0;0;0;0;0;0;0;3035;0;0;89;0;80;0;
12642;3169925;994701312;13185024;1107521536;0;0;0;0;0;0;0;0;0;0;0;2164;0;0;89;0;80;0;
12643;5725137;994701312;13185024;1107521536;0;0;0;0;0;0;0;0;0;0;0;3226;0;0;89;0;80;0;
12644;2830849;994701312;13185024;1107521536;0;0;0;0;0;0;0;0;0;0;0;2315;0;0;89;0;80;0;
12645;5737319;997330944;18722816;1113059328;0;0;0;0;0;0;0;0;0;0;0;3557;0;0;89;0;80;0;
12646;3062103;999428096;18722816;1113059328;0;0;0;0;0;0;0;0;0;0;0;2475;0;0;89;0;80;0;
12647;5068154;999428096;18722816;1113059328;0;0;0;0;0;0;0;0;0;0;0;3316;0;0;89;0;80;0;
12648;3535170;999428096;18722816;1113059328;0;0;0;0;0;0;0;0;0;0;0;2304;0;0;89;0;80;0;
12649;5015726;999428096;18722816;1113059328;0;0;0;0;0;0;0;0;0;0;0;3095;0;0;89;0;80;0;
12650;3798574;999428096;18722816;1113059328;0;0;0;0;0;0;0;0;0;0;0;2595;0;0;89;0;80;0;
12651;6423547;999428096;18722816;1113059328;0;0;0;0;0;0;0;0;0;0;0;2875;0;0;89;0;80;0;
12652;2638990;999428096;18722816;1113059328;0;0;0;0;0;0;0;0;0;0;0;2334;0;0;89;0;80;0;
12653;6577244;999428096;18722816;1113059328;0;0;0;0;0;0;0;0;0;0;0;2746;0;0;89;0;80;0;
12654;5556931;994713600;13185024;1107521536;0;0;0;0;0;0;0;0;0;0;0;3216;0;0;89;0;80;0;
12655;5014123;994713600;13185024;1107521536;0;0;0;0;0;0;0;0;0;0;0;2705;0;0;89;0;80;0;
12656;4360578;994713600;13185024;1107521536;0;0;0;0;0;0;0;0;0;0;0;3987;0;0;89;0;80;0;
12657;5305920;994713600;13185024;1107521536;0;0;0;0;0;0;0;0;0;0;0;2675;0;0;89;0;80;0;
12658;4310023;994713600;13185024;1107521536;0;0;0;0;0;0;0;0;0;0;0;2584;0;0;89;0;80;0;
12659;6179448;994713600;13185024;1107521536;0;0;0;0;0;0;0;0;0;0;0;3606;0;0;89;0;80;0;
12660;3559406;994713600;13185024;1107521536;0;0;0;0;0;0;0;0;0;0;0;3918;0;0;89;0;80;0;
12661;5727141;994713600;13185024;1107521536;0;0;0;0;0;0;0;0;0;0;0;4218;0;0;89;0;80;0;
12662;4847050;994713600;13185024;1107521536;0;0;0;0;0;0;0;0;0;0;0;3486;0;0;89;0;80;0;
12663;5472012;994713600;13185024;1107521536;0;0;0;0;0;0;0;0;0;0;0;4479;0;0;89;0;80;0;
12664;4816643;994713600;13185024;1107521536;0;0;0;0;0;0;0;0;0;0;0;3396;0;0;89;0;80;0;
12665;5901999;994713600;13185024;1107521536;0;0;0;0;0;0;0;0;0;0;0;3296;0;0;89;0;80;0;
12666;3018200;994713600;13185024;1107521536;0;0;0;0;0;0;0;0;0;0;0;1923;0;0;89;0;80;0;
12667;5974915;997343232;18722816;1113059328;0;0;0;0;0;0;0;0;0;0;0;3086;0;0;89;0;80;0;
12668;3233063;999440384;18722816;1113059328;0;0;0;0;0;0;0;0;0;0;0;2364;0;0;89;0;80;0;
12669;5737901;999440384;18722816;1113059328;0;0;0;0;0;0;0;0;0;0;0;3146;0;0;89;0;80;0;
12670;3917436;999440384;18722816;1113059328;0;0;0;0;0;0;0;0;0;0;0;3347;0;0;89;0;80;0;
12671;5991827;999440384;18722816;1113059328;0;0;0;0;0;0;0;0;0;0;0;2725;0;0;89;0;80;0;
12672;4402146;999440384;18722816;1113059328;0;0;0;0;0;0;0;0;0;0;0;2475;0;0;89;0;80;0;
12673;5455692;999440384;18722816;1113059328;0;0;0;0;0;0;0;0;0;0;0;3025;0;0;89;0;80;0;
12674;4490121;999440384;18722816;1113059328;0;0;0;0;0;0;0;0;0;0;0;2865;0;0;89;0;80;0;
12675;4998674;999440384;18722816;1113059328;0;0;0;0;0;0;0;0;0;0;0;3036;0;0;89;0;80;0;
12676;3330906;994725888;13185024;1107521536;0;0;0;0;0;0;0;0;0;0;0;2705;0;0;89;0;80;0;
12677;6615817;994725888;13185024;1107521536;0;0;0;0;0;0;0;0;0;0;0;2866;0;0;89;0;80;0;
12678;3273128;994725888;13185024;1107521536;0;0;0;0;0;0;0;0;0;0;0;2785;0;0;89;0;80;0;
12679;11055493;994725888;13185024;1107521536;0;0;0;0;0;0;0;0;0;0;0;3607;0;0;89;0;80;0;
12680;3858937;994725888;13185024;1107521536;0;0;0;0;0;0;0;0;0;0;0;2264;0;0;89;0;80;0;
12681;5632102;994725888;13185024;1107521536;0;0;0;0;0;0;0;0;0;0;0;2886;0;0;89;0;80;0;
12682;2866576;994725888;13185024;1107521536;0;0;0;0;0;0;0;0;0;0;0;2385;0;0;89;0;80;0;
12683;6069783;994725888;13185024;1107521536;0;0;0;0;0;0;0;0;0;0;0;3587;0;0;89;0;80;0;
12684;2967786;994725888;13185024;1107521536;0;0;0;0;0;0;0;0;0;0;0;2765;0;0;89;0;80;0;
12685;6083890;994725888;13185024;1107521536;0;0;0;0;0;0;0;0;0;0;0;4498;0;0;89;0;80;0;
12686;4178767;994725888;13185024;1107521536;0;0;0;0;0;0;0;0;0;0;0;3035;0;0;89;0;80;0;
12687;5563975;994725888;13185024;1107521536;0;0;0;0;0;0;0;0;0;0;0;2515;0;0;89;0;80;0;
12688;3910824;994725888;13185024;1107521536;0;0;0;0;0;0;0;0;0;0;0;2344;0;0;89;0;80;0;
12689;5569555;994725888;13185024;1107521536;0;0;0;0;0;0;0;0;0;0;0;2374;0;0;89;0;80;0;
12690;3504793;994725888;13185024;1107521536;0;0;0;0;0;0;0;0;0;0;0;3527;0;0;89;0;80;0;
12691;5808884;994725888;13185024;1107521536;0;0;0;0;0;0;0;0;0;0;0;2966;0;0;89;0;80;0;
12692;4993014;994725888;13185024;1107521536;0;0;0;0;0;0;0;0;0;0;0;2655;0;0;89;0;80;0;
12693;6851499;997355520;18722816;1113059328;0;0;0;0;0;0;0;0;0;0;0;36428;0;0;89;0;80;0;
12694;4436681;999452672;18722816;1113059328;0;0;0;0;0;0;0;0;0;0;0;2464;0;0;89;0;80;0;
12695;5695722;999452672;18722816;1113059328;0;0;0;0;0;0;0;0;0;0;0;3096;0;0;89;0;80;0;
12696;2942649;999452672;18722816;1113059328;0;0;0;0;0;0;0;0;0;0;0;2474;0;0;89;0;80;0;
12697;6116921;999452672;18722816;1113059328;0;0;0;0;0;0;0;0;0;0;0;3687;0;0;89;0;80;0;
12698;4539734;999452672;18722816;1113059328;0;0;0;0;0;0;0;0;0;0;0;2915;0;0;89;0;80;0;
12699;6358655;999452672;18722816;1113059328;0;0;0;0;0;0;0;0;0;0;0;3527;0;0;89;0;80;0;
12700;4689114;999452672;18722816;1113059328;0;0;0;0;0;0;0;0;0;0;0;2595;0;0;89;0;80;0;
12701;6116150;999452672;18722816;1113059328;0;0;0;0;0;0;0;0;0;0;0;3075;0;0;89;0;80;0;
12702;5451153;994738176;13185024;1107521536;0;0;0;0;0;0;0;0;0;0;0;2725;0;0;89;0;80;0;
12703;5301643;994738176;13185024;1107521536;0;0;0;0;0;0;0;0;0;0;0;3436;0;0;89;0;80;0;
12704;4837522;994738176;13185024;1107521536;0;0;0;0;0;0;0;0;0;0;0;2625;0;0;89;0;80;0;
12705;5424794;994738176;13185024;1107521536;0;0;0;0;0;0;0;0;0;0;0;3196;0;0;89;0;80;0;
12706;4682782;994738176;13185024;1107521536;0;0;0;0;0;0;0;0;0;0;0;2484;0;0;89;0;80;0;
12707;5607736;994738176;13185024;1107521536;0;0;0;0;0;0;0;0;0;0;0;3216;0;0;89;0;80;0;
12708;3642211;994738176;13185024;1107521536;0;0;0;0;0;0;0;0;0;0;0;2304;0;0;89;0;80;0;
12709;6132060;994738176;13185024;1107521536;0;0;0;0;0;0;0;0;0;0;0;2826;0;0;89;0;80;0;
12710;3725146;994738176;13185024;1107521536;0;0;0;0;0;0;0;0;0;0;0;2765;0;0;89;0;80;0;
12711;5347909;994738176;13185024;1107521536;0;0;0;0;0;0;0;0;0;0;0;2976;0;0;89;0;80;0;
12712;3297274;994738176;13185024;1107521536;0;0;0;0;0;0;0;0;0;0;0;2515;0;0;89;0;80;0;
12713;5857274;994738176;13185024;1107521536;0;0;0;0;0;0;0;0;0;0;0;3006;0;0;89;0;80;0;
12714;3486689;994738176;13185024;1107521536;0;0;0;0;0;0;0;0;0;0;0;2936;0;0;89;0;80;0;
12715;5881009;997367808;18722816;1113059328;0;0;0;0;0;0;0;0;0;0;0;2866;0;0;89;0;80;0;
12716;3746577;999464960;18722816;1113059328;0;0;0;0;0;0;0;0;0;0;0;2755;0;0;89;0;80;0;
12717;6821172;999464960;18722816;1113059328;0;0;0;0;0;0;0;0;0;0;0;2876;0;0;89;0;80;0;
12718;5477703;999464960;18722816;1113059328;0;0;0;0;0;0;0;0;0;0;0;2785;0;0;89;0;80;0;
12719;5944579;999464960;18722816;1113059328;0;0;0;0;0;0;0;0;0;0;0;3075;0;0;89;0;80;0;
12720;3857164;999464960;18722816;1113059328;0;0;0;0;0;0;0;0;0;0;0;2444;0;0;89;0;80;0;
12721;6073670;999464960;18722816;1113059328;0;0;0;0;0;0;0;0;0;0;0;4378;0;0;89;0;80;0;
12722;3184242;999464960;18722816;1113059328;0;0;0;0;0;0;0;0;0;0;0;2514;0;0;89;0;80;0;
12723;5260616;999464960;18722816;1113059328;0;0;0;0;0;0;0;0;0;0;0;2915;0;0;89;0;80;0;
12724;3713174;994750464;13185024;1107521536;0;0;0;0;0;0;0;0;0;0;0;2494;0;0;89;0;80;0;
12725;7203229;994750464;13185024;1107521536;0;0;0;0;0;0;0;0;0;0;0;3396;0;0;89;0;80;0;
12726;4214564;994750464;13185024;1107521536;0;0;0;0;0;0;0;0;0;0;0;2776;0;0;89;0;80;0;
12727;5982760;994750464;13185024;1107521536;0;0;0;0;0;0;0;0;0;0;0;2625;0;0;89;0;80;0;
12728;5527856;994750464;13185024;1107521536;0;0;0;0;0;0;0;0;0;0;0;3336;0;0;89;0;80;0;
12729;5197988;994750464;13185024;1107521536;0;0;0;0;0;0;0;0;0;0;0;2736;0;0;89;0;80;0;
12730;4394471;994750464;13185024;1107521536;0;0;0;0;0;0;0;0;0;0;0;3186;0;0;89;0;80;0;
12731;5425785;994750464;13185024;1107521536;0;0;0;0;0;0;0;0;0;0;0;3146;0;0;89;0;80;0;
12732;3662108;994750464;13185024;1107521536;0;0;0;0;0;0;0;0;0;0;0;2986;0;0;89;0;80;0;
12733;5357107;994750464;13185024;1107521536;0;0;0;0;0;0;0;0;0;0;0;3266;0;0;89;0;80;0;
12734;3343189;994750464;13185024;1107521536;0;0;0;0;0;0;0;0;0;0;0;2495;0;0;89;0;80;0;
12735;5987819;994750464;13185024;1107521536;0;0;0;0;0;0;0;0;0;0;0;3427;0;0;89;0;80;0;
12736;2807976;994750464;13185024;1107521536;0;0;0;0;0;0;0;0;0;0;0;2835;0;0;89;0;80;0;
12737;5730396;994750464;13185024;1107521536;0;0;0;0;0;0;0;0;0;0;0;3537;0;0;89;0;80;0;
12738;4619053;994750464;13185024;1107521536;0;0;0;0;0;0;0;0;0;0;0;2425;0;0;89;0;80;0;
12739;6009450;997380096;18722816;1113059328;0;0;0;0;0;0;0;0;0;0;0;3046;0;0;89;0;80;0;
12740;3530932;999477248;18722816;1113059328;0;0;0;0;0;0;0;0;0;0;0;2495;0;0;89;0;80;0;
12741;5618437;999477248;18722816;1113059328;0;0;0;0;0;0;0;0;0;0;0;2285;0;0;89;0;80;0;
12742;3512016;999477248;18722816;1113059328;0;0;0;0;0;0;0;0;0;0;0;2595;0;0;89;0;80;0;
12743;6202442;999477248;18722816;1113059328;0;0;0;0;0;0;0;0;0;0;0;2595;0;0;89;0;80;0;
12744;4885181;999477248;18722816;1113059328;0;0;0;0;0;0;0;0;0;0;0;2956;0;0;89;0;80;0;
12745;7016359;999477248;18722816;1113059328;0;0;0;0;0;0;0;0;0;0;0;3777;0;0;89;0;80;0;
12746;4418206;999477248;18722816;1113059328;0;0;0;0;0;0;0;0;0;0;0;2495;0;0;89;0;80;0;
12747;5660505;999477248;18722816;1113059328;0;0;0;0;0;0;0;0;0;0;0;43482;0;0;89;0;80;0;
12748;3936031;994762752;13185024;1107521536;0;0;0;0;0;0;0;0;0;0;0;2855;0;0;89;0;80;0;
12749;5319666;994762752;13185024;1107521536;0;0;0;0;0;0;0;0;0;0;0;3386;0;0;89;0;80;0;
12750;3851654;994762752;13185024;1107521536;0;0;0;0;0;0;0;0;0;0;0;3336;0;0;89;0;80;0;
12751;5211915;994762752;13185024;1107521536;0;0;0;0;0;0;0;0;0;0;0;3116;0;0;89;0;80;0;
12752;3855030;994762752;13185024;1107521536;0;0;0;0;0;0;0;0;0;0;0;3556;0;0;89;0;80;0;
12753;6379404;994762752;13185024;1107521536;0;0;0;0;0;0;0;0;0;0;0;3136;0;0;89;0;80;0;
12754;2984968;994762752;13185024;1107521536;0;0;0;0;0;0;0;0;0;0;0;2234;0;0;89;0;80;0;
12755;5150760;994762752;13185024;1107521536;0;0;0;0;0;0;0;0;0;0;0;2745;0;0;89;0;80;0;
12756;3427648;994762752;13185024;1107521536;0;0;0;0;0;0;0;0;0;0;0;2284;0;0;89;0;80;0;
12757;5761214;994762752;13185024;1107521536;0;0;0;0;0;0;0;0;0;0;0;2955;0;0;89;0;80;0;
12758;3978201;994762752;13185024;1107521536;0;0;0;0;0;0;0;0;0;0;0;2966;0;0;89;0;80;0;
12759;4949221;994762752;13185024;1107521536;0;0;0;0;0;0;0;0;0;0;0;3216;0;0;89;0;80;0;
12760;5021988;994762752;13185024;1107521536;0;0;0;0;0;0;0;0;0;0;0;5160;0;0;89;0;80;0;
12761;4839806;994762752;13185024;1107521536;0;0;0;0;0;0;0;0;0;0;0;2364;0;0;89;0;80;0;
12762;4828135;994762752;13185024;1107521536;0;0;0;0;0;0;0;0;0;0;0;2835;0;0;89;0;80;0;
12763;5430234;997392384;18722816;1113059328;0;0;0;0;0;0;0;0;0;0;0;2985;0;0;89;0;80;0;
12764;4423275;999489536;18722816;1113059328;0;0;0;0;0;0;0;0;0;0;0;3747;0;0;89;0;80;0;
12765;5458978;999489536;18722816;1113059328;0;0;0;0;0;0;0;0;0;0;0;3216;0;0;89;0;80;0;
12766;4472537;999489536;18722816;1113059328;0;0;0;0;0;0;0;0;0;0;0;2495;0;0;89;0;80;0;
12767;5199782;999489536;18722816;1113059328;0;0;0;0;0;0;0;0;0;0;0;2826;0;0;89;0;80;0;
12768;5246449;999489536;18722816;1113059328;0;0;0;0;0;0;0;0;0;0;0;2856;0;0;89;0;80;0;
12769;7163634;999489536;18722816;1113059328;0;0;0;0;0;0;0;0;0;0;0;3096;0;0;89;0;80;0;
12770;3523338;999489536;18722816;1113059328;0;0;0;0;0;0;0;0;0;0;0;2755;0;0;89;0;80;0;
12771;6201470;999489536;18722816;1113059328;0;0;0;0;0;0;0;0;0;0;0;3105;0;0;89;0;80;0;
12772;3843048;994775040;13185024;1107521536;0;0;0;0;0;0;0;0;0;0;0;3307;0;0;89;0;80;0;
12773;5766735;994775040;13185024;1107521536;0;0;0;0;0;0;0;0;0;0;0;2364;0;0;89;0;80;0;
12774;2375275;994775040;13185024;1107521536;0;0;0;0;0;0;0;0;0;0;0;2314;0;0;89;0;80;0;
12775;5225369;994775040;13185024;1107521536;0;0;0;0;0;0;0;0;0;0;0;53179;0;0;89;0;80;0;
12776;2517651;994775040;13185024;1107521536;0;0;0;0;0;0;0;0;0;0;0;1633;0;0;89;0;80;0;
12777;4772961;994775040;13185024;1107521536;0;0;0;0;0;0;0;0;0;0;0;1993;0;0;89;0;80;0;
12778;2552897;994775040;13185024;1107521536;0;0;0;0;0;0;0;0;0;0;0;2094;0;0;89;0;80;0;
12779;5173833;994775040;13185024;1107521536;0;0;0;0;0;0;0;0;0;0;0;2134;0;0;89;0;80;0;
12780;3320046;994775040;13185024;1107521536;0;0;0;0;0;0;0;0;0;0;0;2224;0;0;89;0;80;0;
12781;5267519;994775040;13185024;1107521536;0;0;0;0;0;0;0;0;0;0;0;2585;0;0;89;0;80;0;
12782;2415049;994775040;13185024;1107521536;0;0;0;0;0;0;0;0;0;0;0;2054;0;0;89;0;80;0;
12783;5629598;994775040;13185024;1107521536;0;0;0;0;0;0;0;0;0;0;0;3036;0;0;89;0;80;0;
12784;4834757;994775040;13185024;1107521536;0;0;0;0;0;0;0;0;0;0;0;2464;0;0;89;0;80;0;
12785;4501582;994775040;13185024;1107521536;0;0;0;0;0;0;0;0;0;0;0;2445;0;0;89;0;80;0;
12786;3967120;994775040;13185024;1107521536;0;0;0;0;0;0;0;0;0;0;0;1824;0;0;89;0;80;0;
12787;5763228;997404672;18722816;1113059328;0;0;0;0;0;0;0;0;0;0;0;2796;0;0;89;0;80;0;
12788;3800317;999501824;18722816;1113059328;0;0;0;0;0;0;0;0;0;0;0;2324;0;0;89;0;80;0;
12789;4729249;999501824;18722816;1113059328;0;0;0;0;0;0;0;0;0;0;0;2033;0;0;89;0;80;0;
12790;3436385;999501824;18722816;1113059328;0;0;0;0;0;0;0;0;0;0;0;2235;0;0;89;0;80;0;
12791;5171218;999501824;18722816;1113059328;0;0;0;0;0;0;0;0;0;0;0;1542;0;0;89;0;80;0;
12792;2691969;999501824;18722816;1113059328;0;0;0;0;0;0;0;0;0;0;0;2235;0;0;89;0;80;0;
12793;4919506;999501824;18722816;1113059328;0;0;0;0;0;0;0;0;0;0;0;1703;0;0;89;0;80;0;
12794;3458536;999575552;18718720;1113055232;0;0;0;0;0;0;0;0;0;0;0;2584;0;0;89;0;80;0;
12795;4743125;999575552;18718720;1113055232;0;0;0;0;0;0;0;0;0;0;0;1824;0;0;89;0;80;0;
12796;2796334;994779136;13176832;1107513344;0;0;0;0;0;0;0;0;0;0;0;2605;0;0;89;0;80;0;
12797;5063677;994779136;13176832;1107513344;0;0;0;0;0;0;0;0;0;0;0;2004;0;0;89;0;80;0;
12798;2784382;994779136;13176832;1107513344;0;0;0;0;0;0;0;0;0;0;0;2614;0;0;89;0;80;0;
12799;5639957;994779136;13176832;1107513344;0;0;0;0;0;0;0;0;0;0;0;2114;0;0;89;0;80;0;
12800;2577644;994779136;13176832;1107513344;0;0;0;0;0;0;0;0;0;0;0;1703;0;0;89;0;80;0;
12801;5504673;994779136;13176832;1107513344;0;0;0;0;0;0;0;0;0;0;0;1653;0;0;89;0;80;0;
12802;3027277;994779136;13176832;1107513344;0;0;0;0;0;0;0;0;0;0;0;2214;0;0;89;0;80;0;
12803;5333362;994779136;13176832;1107513344;0;0;0;0;0;0;0;0;0;0;0;1804;0;0;89;0;80;0;
12804;2530986;994779136;13176832;1107513344;0;0;0;0;0;0;0;0;0;0;0;2265;0;0;89;0;80;0;
12805;5037117;994779136;13176832;1107513344;0;0;0;0;0;0;0;0;0;0;0;2044;0;0;89;0;80;0;
12806;3482561;994779136;13176832;1107513344;0;0;0;0;0;0;0;0;0;0;0;2364;0;0;89;0;80;0;
12807;5467654;994779136;13176832;1107513344;0;0;0;0;0;0;0;0;0;0;0;2194;0;0;89;0;80;0;
12808;4097153;994779136;13176832;1107513344;0;0;0;0;0;0;0;0;0;0;0;3967;0;0;89;0;80;0;
12809;5975736;994779136;13176832;1107513344;0;0;0;0;0;0;0;0;0;0;0;3156;0;0;89;0;80;0;
12810;5882412;994779136;13176832;1107513344;0;0;0;0;0;0;0;0;0;0;0;6261;0;0;89;0;80;0;
12811;7319808;997408768;18714624;1113051136;0;0;0;0;0;0;0;0;0;0;0;4128;0;0;89;0;80;0;
12812;4664948;999505920;18714624;1113051136;0;0;0;0;0;0;0;0;0;0;0;6232;0;0;89;0;80;0;
12813;5761766;999505920;18722816;1113059328;0;0;0;0;0;0;0;0;0;0;0;3657;0;0;89;0;80;0;
12814;2844144;999505920;18722816;1113059328;0;0;0;0;0;0;0;0;0;0;0;2655;0;0;89;0;80;0;
12815;5925112;999505920;18722816;1113059328;0;0;0;0;0;0;0;0;0;0;0;2845;0;0;89;0;80;0;
12816;3526604;999505920;18722816;1113059328;0;0;0;0;0;0;0;0;0;0;0;3406;0;0;89;0;80;0;
12817;5483583;999505920;18722816;1113059328;0;0;0;0;0;0;0;0;0;0;0;1833;0;0;89;0;80;0;
12818;3533657;999505920;18722816;1113059328;0;0;0;0;0;0;0;0;0;0;0;2755;0;0;89;0;80;0;
12819;4776477;999505920;18722816;1113059328;0;0;0;0;0;0;0;0;0;0;0;2665;0;0;89;0;80;0;
12820;3791981;994791424;13176832;1107513344;0;0;0;0;0;0;0;0;0;0;0;3276;0;0;89;0;80;0;
12821;5031265;994791424;13176832;1107513344;0;0;0;0;0;0;0;0;0;0;0;1944;0;0;89;0;80;0;
12822;2882666;994791424;13176832;1107513344;0;0;0;0;0;0;0;0;0;0;0;3136;0;0;89;0;80;0;
12823;4824398;994791424;13176832;1107513344;0;0;0;0;0;0;0;0;0;0;0;2134;0;0;89;0;80;0;
12824;2856106;994791424;13176832;1107513344;0;0;0;0;0;0;0;0;0;0;0;2555;0;0;89;0;80;0;
12825;5363338;994791424;13176832;1107513344;0;0;0;0;0;0;0;0;0;0;0;2264;0;0;89;0;80;0;
12826;2527540;994791424;13176832;1107513344;0;0;0;0;0;0;0;0;0;0;0;2595;0;0;89;0;80;0;
12827;4361329;994791424;13176832;1107513344;0;0;0;0;0;0;0;0;0;0;0;1834;0;0;89;0;80;0;
12828;2606648;994791424;13176832;1107513344;0;0;0;0;0;0;0;0;0;0;0;2705;0;0;89;0;80;0;
12829;4682331;994791424;13176832;1107513344;0;0;0;0;0;0;0;0;0;0;0;1723;0;0;89;0;80;0;
12830;2387578;994791424;13176832;1107513344;0;0;0;0;0;0;0;0;0;0;0;2103;0;0;89;0;80;0;
12831;4253196;994791424;13176832;1107513344;0;0;0;0;0;0;0;0;0;0;0;1824;0;0;89;0;80;0;
12832;2333987;994791424;13176832;1107513344;0;0;0;0;0;0;0;0;0;0;0;2214;0;0;89;0;80;0;
12833;5432027;994791424;13176832;1107513344;0;0;0;0;0;0;0;0;0;0;0;1684;0;0;89;0;80;0;
12834;3461352;994791424;13176832;1107513344;0;0;0;0;0;0;0;0;0;0;0;2044;0;0;89;0;80;0;
12835;4797157;997421056;18714624;1113051136;0;0;0;0;0;0;0;0;0;0;0;1854;0;0;89;0;80;0;
12836;3102578;999518208;18714624;1113051136;0;0;0;0;0;0;0;0;0;0;0;2345;0;0;89;0;80;0;
12837;5088423;999518208;18714624;1113051136;0;0;0;0;0;0;0;0;0;0;0;1894;0;0;89;0;80;0;
12838;3424873;999518208;18714624;1113051136;0;0;0;0;0;0;0;0;0;0;0;3376;0;0;89;0;80;0;
12839;5076871;999518208;18714624;1113051136;0;0;0;0;0;0;0;0;0;0;0;1654;0;0;89;0;80;0;
12840;3499433;999518208;18714624;1113051136;0;0;0;0;0;0;0;0;0;0;0;2434;0;0;89;0;80;0;
12841;4446208;999518208;18714624;1113051136;0;0;0;0;0;0;0;0;0;0;0;1893;0;0;89;0;80;0;
12842;4001525;999518208;18714624;1113051136;0;0;0;0;0;0;0;0;0;0;0;2695;0;0;89;0;80;0;
12843;4976212;999518208;18714624;1113051136;0;0;0;0;0;0;0;0;0;0;0;2415;0;0;89;0;80;0;
12844;2684505;994803712;13176832;1107513344;0;0;0;0;0;0;0;0;0;0;0;1894;0;0;89;0;80;0;
12845;4650181;994803712;13176832;1107513344;0;0;0;0;0;0;0;0;0;0;0;1583;0;0;89;0;80;0;
12846;2792256;994803712;13176832;1107513344;0;0;0;0;0;0;0;0;0;0;0;2434;0;0;89;0;80;0;
12847;4395764;994803712;13176832;1107513344;0;0;0;0;0;0;0;0;0;0;0;1623;0;0;89;0;80;0;
12848;2403527;994803712;13176832;1107513344;0;0;0;0;0;0;0;0;0;0;0;2104;0;0;89;0;80;0;
12849;4891733;994803712;13176832;1107513344;0;0;0;0;0;0;0;0;0;0;0;1643;0;0;89;0;80;0;
12850;3124309;994803712;13176832;1107513344;0;0;0;0;0;0;0;0;0;0;0;2395;0;0;89;0;80;0;
12851;4923644;994803712;13176832;1107513344;0;0;0;0;0;0;0;0;0;0;0;1633;0;0;89;0;80;0;
12852;2389220;994803712;13176832;1107513344;0;0;0;0;0;0;0;0;0;0;0;2595;0;0;89;0;80;0;
12853;3933146;994803712;13176832;1107513344;0;0;0;0;0;0;0;0;0;0;0;1603;0;0;89;0;80;0;
12854;2513323;994803712;13176832;1107513344;0;0;0;0;0;0;0;0;0;0;0;2234;0;0;89;0;80;0;
12855;4653187;994803712;13176832;1107513344;0;0;0;0;0;0;0;0;0;0;0;1603;0;0;89;0;80;0;
12856;2119825;994803712;13176832;1107513344;0;0;0;0;0;0;0;0;0;0;0;2284;0;0;89;0;80;0;
12857;4263787;994803712;13176832;1107513344;0;0;0;0;0;0;0;0;0;0;0;1623;0;0;89;0;80;0;
12858;2371388;994803712;13176832;1107513344;0;0;0;0;0;0;0;0;0;0;0;2184;0;0;89;0;80;0;
12859;5389477;997433344;18714624;1113051136;0;0;0;0;0;0;0;0;0;0;0;1693;0;0;89;0;80;0;
12860;3616623;999530496;18714624;1113051136;0;0;0;0;0;0;0;0;0;0;0;2184;0;0;89;0;80;0;
12861;5305220;999530496;18714624;1113051136;0;0;0;0;0;0;0;0;0;0;0;1563;0;0;89;0;80;0;
12862;3178311;999530496;18714624;1113051136;0;0;0;0;0;0;0;0;0;0;0;2384;0;0;89;0;80;0;
12863;5354181;999530496;18714624;1113051136;0;0;0;0;0;0;0;0;0;0;0;1533;0;0;89;0;80;0;
12864;2150002;999530496;18714624;1113051136;0;0;0;0;0;0;0;0;0;0;0;2174;0;0;89;0;80;0;
12865;4403167;999530496;18714624;1113051136;0;0;0;0;0;0;0;0;0;0;0;1613;0;0;89;0;80;0;
12866;2255670;999530496;18714624;1113051136;0;0;0;0;0;0;0;0;0;0;0;51246;0;0;89;0;80;0;
12867;4217380;999530496;18714624;1113051136;0;0;0;0;0;0;0;0;0;0;0;1683;0;0;89;0;80;0;
12868;3841825;994816000;13176832;1107513344;0;0;0;0;0;0;0;0;0;0;0;2004;0;0;89;0;80;0;
12869;4185209;994816000;13176832;1107513344;0;0;0;0;0;0;0;0;0;0;0;1763;0;0;89;0;80;0;
12870;3740765;994816000;13176832;1107513344;0;0;0;0;0;0;0;0;0;0;0;1944;0;0;89;0;80;0;
12871;4472518;994816000;13176832;1107513344;0;0;0;0;0;0;0;0;0;0;0;1703;0;0;89;0;80;0;
12872;2614893;994816000;13176832;1107513344;0;0;0;0;0;0;0;0;0;0;0;1923;0;0;89;0;80;0;
12873;4386116;994816000;13176832;1107513344;0;0;0;0;0;0;0;0;0;0;0;1793;0;0;89;0;80;0;
12874;3765743;994816000;13176832;1107513344;0;0;0;0;0;0;0;0;0;0;0;2104;0;0;89;0;80;0;
12875;4549071;994816000;13176832;1107513344;0;0;0;0;0;0;0;0;0;0;0;1623;0;0;89;0;80;0;
12876;3251047;994816000;13176832;1107513344;0;0;0;0;0;0;0;0;0;0;0;2404;0;0;89;0;80;0;
12877;4468861;994816000;13176832;1107513344;0;0;0;0;0;0;0;0;0;0;0;1773;0;0;89;0;80;0;
12878;2083418;994816000;13176832;1107513344;0;0;0;0;0;0;0;0;0;0;0;2074;0;0;89;0;80;0;
12879;4407065;994816000;13176832;1107513344;0;0;0;0;0;0;0;0;0;0;0;1953;0;0;89;0;80;0;
12880;3265484;994816000;13176832;1107513344;0;0;0;0;0;0;0;0;0;0;0;1784;0;0;89;0;80;0;
12881;5979204;997445632;18714624;1113051136;0;0;0;0;0;0;0;0;0;0;0;2295;0;0;89;0;80;0;
12882;2802326;999542784;18714624;1113051136;0;0;0;0;0;0;0;0;0;0;0;2444;0;0;89;0;80;0;
12883;4880974;999542784;18714624;1113051136;0;0;0;0;0;0;0;0;0;0;0;2114;0;0;89;0;80;0;
12884;2627908;999542784;18714624;1113051136;0;0;0;0;0;0;0;0;0;0;0;2474;0;0;89;0;80;0;
12885;4411424;999542784;18714624;1113051136;0;0;0;0;0;0;0;0;0;0;0;1783;0;0;89;0;80;0;
12886;3085727;999542784;18714624;1113051136;0;0;0;0;0;0;0;0;0;0;0;2224;0;0;89;0;80;0;
12887;4769344;999542784;18714624;1113051136;0;0;0;0;0;0;0;0;0;0;0;1613;0;0;89;0;80;0;
12888;1844499;999542784;18714624;1113051136;0;0;0;0;0;0;0;0;0;0;0;2114;0;0;89;0;80;0;
12889;5005797;999542784;18714624;1113051136;0;0;0;0;0;0;0;0;0;0;0;2074;0;0;89;0;80;0;
12890;3998789;994828288;13176832;1107513344;0;0;0;0;0;0;0;0;0;0;0;2655;0;0;89;0;80;0;
12891;5639527;994828288;13176832;1107513344;0;0;0;0;0;0;0;0;0;0;0;1793;0;0;89;0;80;0;
12892;3499483;994828288;13176832;1107513344;0;0;0;0;0;0;0;0;0;0;0;2244;0;0;89;0;80;0;
12893;7384349;994828288;13176832;1107513344;0;0;0;0;0;0;0;0;0;0;0;2074;0;0;89;0;80;0;
12894;5473926;994828288;13176832;1107513344;0;0;0;0;0;0;0;0;0;0;0;5310;0;0;89;0;80;0;
12895;4790615;994828288;13176832;1107513344;0;0;0;0;0;0;0;0;0;0;0;2875;0;0;89;0;80;0;
12896;4234722;994828288;13176832;1107513344;0;0;0;0;0;0;0;0;0;0;0;3396;0;0;89;0;80;0;
12897;5568323;994828288;13176832;1107513344;0;0;0;0;0;0;0;0;0;0;0;2104;0;0;89;0;80;0;
12898;2389000;994828288;13176832;1107513344;0;0;0;0;0;0;0;0;0;0;0;2034;0;0;89;0;80;0;
12899;5640989;994828288;13176832;1107513344;0;0;0;0;0;0;0;0;0;0;0;1814;0;0;89;0;80;0;
12900;2619172;994828288;13176832;1107513344;0;0;0;0;0;0;0;0;0;0;0;1784;0;0;89;0;80;0;
12901;10559523;994828288;13176832;1107513344;0;0;0;0;0;0;0;0;0;0;0;1793;0;0;89;0;80;0;
12902;2702048;994828288;13176832;1107513344;0;0;0;0;0;0;0;0;0;0;0;2304;0;0;89;0;80;0;
12903;5643654;994828288;13176832;1107513344;0;0;0;0;0;0;0;0;0;0;0;1894;0;0;89;0;80;0;
12904;3880437;994828288;13176832;1107513344;0;0;0;0;0;0;0;0;0;0;0;3126;0;0;89;0;80;0;
12905;4826311;994828288;13176832;1107513344;0;0;0;0;0;0;0;0;0;0;0;1974;0;0;89;0;80;0;
12906;2620013;994828288;13176832;1107513344;0;0;0;0;0;0;0;0;0;0;0;2044;0;0;89;0;80;0;
12907;4989697;997457920;18714624;1113051136;0;0;0;0;0;0;0;0;0;0;0;1773;0;0;89;0;80;0;
12908;3347638;999555072;18714624;1113051136;0;0;0;0;0;0;0;0;0;0;0;2274;0;0;89;0;80;0;
12909;4394431;999555072;18714624;1113051136;0;0;0;0;0;0;0;0;0;0;0;1974;0;0;89;0;80;0;
12910;2313779;999555072;18714624;1113051136;0;0;0;0;0;0;0;0;0;0;0;1934;0;0;89;0;80;0;
12911;5445483;999555072;18714624;1113051136;0;0;0;0;0;0;0;0;0;0;0;1823;0;0;89;0;80;0;
12912;3382864;999555072;18714624;1113051136;0;0;0;0;0;0;0;0;0;0;0;2274;0;0;89;0;80;0;
12913;4798379;999555072;18714624;1113051136;0;0;0;0;0;0;0;0;0;0;0;1753;0;0;89;0;80;0;
12914;3483884;999555072;18714624;1113051136;0;0;0;0;0;0;0;0;0;0;0;2415;0;0;89;0;80;0;
12915;5077132;999555072;18714624;1113051136;0;0;0;0;0;0;0;0;0;0;0;1994;0;0;89;0;80;0;
12916;3078743;994840576;13176832;1107513344;0;0;0;0;0;0;0;0;0;0;0;2224;0;0;89;0;80;0;
12917;4828675;994840576;13176832;1107513344;0;0;0;0;0;0;0;0;0;0;0;1923;0;0;89;0;80;0;
12918;3254824;994840576;13176832;1107513344;0;0;0;0;0;0;0;0;0;0;0;2504;0;0;89;0;80;0;
12919;4438524;994840576;13176832;1107513344;0;0;0;0;0;0;0;0;0;0;0;1834;0;0;89;0;80;0;
12920;5401350;994840576;13176832;1107513344;0;0;0;0;0;0;0;0;0;0;0;2064;0;0;89;0;80;0;
12921;4751310;994840576;13176832;1107513344;0;0;0;0;0;0;0;0;0;0;0;1593;0;0;89;0;80;0;
12922;3383476;994840576;13176832;1107513344;0;0;0;0;0;0;0;0;0;0;0;2565;0;0;89;0;80;0;
12923;5815497;994840576;13176832;1107513344;0;0;0;0;0;0;0;0;0;0;0;1734;0;0;89;0;80;0;
12924;3645938;994840576;13176832;1107513344;0;0;0;0;0;0;0;0;0;0;0;2014;0;0;89;0;80;0;
12925;5152553;994840576;13176832;1107513344;0;0;0;0;0;0;0;0;0;0;0;1853;0;0;89;0;80;0;
12926;2779713;994840576;13176832;1107513344;0;0;0;0;0;0;0;0;0;0;0;1763;0;0;89;0;80;0;
12927;5491198;994840576;13176832;1107513344;0;0;0;0;0;0;0;0;0;0;0;1653;0;0;89;0;80;0;
12928;2662764;994840576;13176832;1107513344;0;0;0;0;0;0;0;0;0;0;0;1823;0;0;89;0;80;0;
12929;4929555;997470208;18714624;1113051136;0;0;0;0;0;0;0;0;0;0;0;1684;0;0;89;0;80;0;
12930;2292880;999567360;18714624;1113051136;0;0;0;0;0;0;0;0;0;0;0;2204;0;0;89;0;80;0;
12931;5144517;999567360;18714624;1113051136;0;0;0;0;0;0;0;0;0;0;0;1523;0;0;89;0;80;0;
12932;2953339;999567360;18714624;1113051136;0;0;0;0;0;0;0;0;0;0;0;1724;0;0;89;0;80;0;
12933;4555484;999567360;18714624;1113051136;0;0;0;0;0;0;0;0;0;0;0;1734;0;0;89;0;80;0;
12934;2281860;999567360;18714624;1113051136;0;0;0;0;0;0;0;0;0;0;0;2184;0;0;89;0;80;0;
12935;4421332;999567360;18714624;1113051136;0;0;0;0;0;0;0;0;0;0;0;1613;0;0;89;0;80;0;
12936;2838092;999567360;18714624;1113051136;0;0;0;0;0;0;0;0;0;0;0;2485;0;0;89;0;80;0;
12937;4611578;999567360;18714624;1113051136;0;0;0;0;0;0;0;0;0;0;0;1463;0;0;89;0;80;0;
12938;3166258;994852864;13176832;1107513344;0;0;0;0;0;0;0;0;0;0;0;2214;0;0;89;0;80;0;
12939;5208448;994852864;13176832;1107513344;0;0;0;0;0;0;0;0;0;0;0;1523;0;0;89;0;80;0;
12940;3922967;994852864;13176832;1107513344;0;0;0;0;0;0;0;0;0;0;0;2444;0;0;89;0;80;0;
12941;5772586;994852864;13176832;1107513344;0;0;0;0;0;0;0;0;0;0;0;1904;0;0;89;0;80;0;
12942;2842210;994852864;13176832;1107513344;0;0;0;0;0;0;0;0;0;0;0;2685;0;0;89;0;80;0;
12943;4756951;994852864;13176832;1107513344;0;0;0;0;0;0;0;0;0;0;0;2385;0;0;89;0;80;0;
12944;2938410;994852864;13176832;1107513344;0;0;0;0;0;0;0;0;0;0;0;2314;0;0;89;0;80;0;
12945;4182363;994852864;13176832;1107513344;0;0;0;0;0;0;0;0;0;0;0;1613;0;0;89;0;80;0;
12946;2353544;994852864;13176832;1107513344;0;0;0;0;0;0;0;0;0;0;0;1753;0;0;89;0;80;0;
12947;4560192;994852864;13176832;1107513344;0;0;0;0;0;0;0;0;0;0;0;1704;0;0;89;0;80;0;
12948;3454980;994852864;13176832;1107513344;0;0;0;0;0;0;0;0;0;0;0;2314;0;0;89;0;80;0;
12949;5298798;994852864;13176832;1107513344;0;0;0;0;0;0;0;0;0;0;0;1693;0;0;89;0;80;0;
12950;2542328;994852864;13176832;1107513344;0;0;0;0;0;0;0;0;0;0;0;1724;0;0;89;0;80;0;
12951;4986442;994852864;13176832;1107513344;0;0;0;0;0;0;0;0;0;0;0;1933;0;0;89;0;80;0;
12952;3803694;994852864;13176832;1107513344;0;0;0;0;0;0;0;0;0;0;0;2104;0;0;89;0;80;0;
12953;4921550;994852864;13176832;1107513344;0;0;0;0;0;0;0;0;0;0;0;1453;0;0;89;0;80;0;
12954;2740089;994852864;13176832;1107513344;0;0;0;0;0;0;0;0;0;0;0;1653;0;0;89;0;80;0;
12955;4577755;997482496;18714624;1113051136;0;0;0;0;0;0;0;0;0;0;0;1573;0;0;89;0;80;0;
12956;2660920;999579648;18714624;1113051136;0;0;0;0;0;0;0;0;0;0;0;2154;0;0;89;0;80;0;
12957;5043870;999579648;18714624;1113051136;0;0;0;0;0;0;0;0;0;0;0;1573;0;0;89;0;80;0;
12958;2134864;999579648;18714624;1113051136;0;0;0;0;0;0;0;0;0;0;0;2104;0;0;89;0;80;0;
12959;4429677;999579648;18714624;1113051136;0;0;0;0;0;0;0;0;0;0;0;1412;0;0;89;0;80;0;
12960;2894328;999579648;18714624;1113051136;0;0;0;0;0;0;0;0;0;0;0;2244;0;0;89;0;80;0;
12961;4833064;999579648;18714624;1113051136;0;0;0;0;0;0;0;0;0;0;0;1964;0;0;89;0;80;0;
12962;3250145;999579648;18714624;1113051136;0;0;0;0;0;0;0;0;0;0;0;2003;0;0;89;0;80;0;
12963;5351376;999579648;18714624;1113051136;0;0;0;0;0;0;0;0;0;0;0;2344;0;0;89;0;80;0;
12964;2337434;994865152;13176832;1107513344;0;0;0;0;0;0;0;0;0;0;0;1803;0;0;89;0;80;0;
12965;4865124;994865152;13176832;1107513344;0;0;0;0;0;0;0;0;0;0;0;1763;0;0;89;0;80;0;
12966;2278133;994865152;13176832;1107513344;0;0;0;0;0;0;0;0;0;0;0;2254;0;0;89;0;80;0;
12967;4755849;994865152;13176832;1107513344;0;0;0;0;0;0;0;0;0;0;0;1773;0;0;89;0;80;0;
12968;3298926;994865152;13176832;1107513344;0;0;0;0;0;0;0;0;0;0;0;2264;0;0;89;0;80;0;
12969;4749327;994865152;13176832;1107513344;0;0;0;0;0;0;0;0;0;0;0;1704;0;0;89;0;80;0;
12970;4913165;994865152;13176832;1107513344;0;0;0;0;0;0;0;0;0;0;0;2776;0;0;89;0;80;0;
12971;5011769;994865152;13176832;1107513344;0;0;0;0;0;0;0;0;0;0;0;1864;0;0;89;0;80;0;
12972;4152928;994865152;13176832;1107513344;0;0;0;0;0;0;0;0;0;0;0;2965;0;0;89;0;80;0;
12973;5161510;994865152;13176832;1107513344;0;0;0;0;0;0;0;0;0;0;0;8516;0;0;89;0;80;0;
12974;4112492;994865152;13176832;1107513344;0;0;0;0;0;0;0;0;0;0;0;3015;0;0;89;0;80;0;
12975;6072158;994865152;13176832;1107513344;0;0;0;0;0;0;0;0;0;0;0;3557;0;0;89;0;80;0;
12976;3734714;994865152;13176832;1107513344;0;0;0;0;0;0;0;0;0;0;0;11662;0;0;89;0;80;0;
12977;6195980;997494784;18714624;1113051136;0;0;0;0;0;0;0;0;0;0;0;2585;0;0;89;0;80;0;
12978;5282937;999591936;18714624;1113051136;0;0;0;0;0;0;0;0;0;0;0;5721;0;0;89;0;80;0;
12979;6238490;999591936;18714624;1113051136;0;0;0;0;0;0;0;0;0;0;0;4148;0;0;89;0;80;0;
12980;5095256;999591936;18714624;1113051136;0;0;0;0;0;0;0;0;0;0;0;3487;0;0;89;0;80;0;
12981;5921886;999591936;18714624;1113051136;0;0;0;0;0;0;0;0;0;0;0;2214;0;0;89;0;80;0;
12982;4993986;999591936;18714624;1113051136;0;0;0;0;0;0;0;0;0;0;0;3587;0;0;89;0;80;0;
12983;6078440;999591936;18714624;1113051136;0;0;0;0;0;0;0;0;0;0;0;2365;0;0;89;0;80;0;
12984;4068580;999591936;18714624;1113051136;0;0;0;0;0;0;0;0;0;0;0;2806;0;0;89;0;80;0;
12985;5517157;999591936;18714624;1113051136;0;0;0;0;0;0;0;0;0;0;0;1703;0;0;89;0;80;0;
12986;4312398;999591936;18714624;1113051136;0;0;0;0;0;0;0;0;0;0;0;2805;0;0;89;0;80;0;
12987;4875964;999591936;18714624;1113051136;0;0;0;0;0;0;0;0;0;0;0;2555;0;0;89;0;80;0;
12988;3530892;999591936;18714624;1113051136;0;0;0;0;0;0;0;0;0;0;0;2615;0;0;89;0;80;0;
12989;5361084;999591936;18714624;1113051136;0;0;0;0;0;0;0;0;0;0;0;1804;0;0;89;0;80;0;
12990;3835473;999591936;18714624;1113051136;0;0;0;0;0;0;0;0;0;0;0;2855;0;0;89;0;80;0;
12991;5042837;999591936;18714624;1113051136;0;0;0;0;0;0;0;0;0;0;0;2545;0;0;89;0;80;0;
12992;3017659;999591936;18714624;1113051136;0;0;0;0;0;0;0;0;0;0;0;2836;0;0;89;0;80;0;
12993;4275889;999591936;18714624;1113051136;0;0;0;0;0;0;0;0;0;0;0;1924;0;0;89;0;80;0;
12994;4755869;999591936;18714624;1113051136;0;0;0;0;0;0;0;0;0;0;0;2685;0;0;89;0;80;0;
12995;4844696;999591936;18714624;1113051136;0;0;0;0;0;0;0;0;0;0;0;1934;0;0;89;0;80;0;
12996;2932099;999591936;18714624;1113051136;0;0;0;0;0;0;0;0;0;0;0;3546;0;0;89;0;80;0;
12997;5424503;999591936;18714624;1113051136;0;0;0;0;0;0;0;0;0;0;0;2665;0;0;89;0;80;0;
12998;3382804;999591936;18714624;1113051136;0;0;0;0;0;0;0;0;0;0;0;2855;0;0;89;0;80;0;
12999;5740265;999591936;18714624;1113051136;0;0;0;0;0;0;0;0;0;0;0;2886;0;0;89;0;80;0;
13000;3116545;999591936;18714624;1113051136;0;0;0;0;0;0;0;0;0;0;0;3206;0;0;89;0;80;0;
13001;5685793;999591936;18714624;1113051136;0;0;0;0;0;0;0;0;0;0;0;2344;0;0;89;0;80;0;
13002;3848007;999591936;18714624;1113051136;0;0;0;0;0;0;0;0;0;0;0;5660;0;0;89;0;80;0;
13003;5949447;999591936;18714624;1113051136;0;0;0;0;0;0;0;0;0;0;0;3237;0;0;89;0;80;0;
13004;3855911;999591936;18714624;1113051136;0;0;0;0;0;0;0;0;0;0;0;3226;0;0;89;0;80;0;
13005;6426382;999591936;18714624;1113051136;0;0;0;0;0;0;0;0;0;0;0;2003;0;0;89;0;80;0;
13006;3150078;999591936;18714624;1113051136;0;0;0;0;0;0;0;0;0;0;0;3366;0;0;89;0;80;0;
13007;5257961;999591936;18714624;1113051136;0;0;0;0;0;0;0;0;0;0;0;2164;0;0;89;0;80;0;
13008;4524095;999591936;18714624;1113051136;0;0;0;0;0;0;0;0;0;0;0;3636;0;0;89;0;80;0;
13009;5345715;999591936;18714624;1113051136;0;0;0;0;0;0;0;0;0;0;0;3146;0;0;89;0;80;0;
13010;3144668;999591936;18714624;1113051136;0;0;0;0;0;0;0;0;0;0;0;2885;0;0;89;0;80;0;
13011;5378938;999591936;18714624;1113051136;0;0;0;0;0;0;0;0;0;0;0;2324;0;0;89;0;80;0;
13012;3710830;999591936;18714624;1113051136;0;0;0;0;0;0;0;0;0;0;0;3877;0;0;89;0;80;0;
13013;5714607;999591936;18714624;1113051136;0;0;0;0;0;0;0;0;0;0;0;82014;0;0;89;0;80;0;
13014;4106962;999591936;18714624;1113051136;0;0;0;0;0;0;0;0;0;0;0;3536;0;0;89;0;80;0;
13015;6393700;999591936;18714624;1113051136;0;0;0;0;0;0;0;0;0;0;0;2455;0;0;89;0;80;0;
13016;4680227;999591936;18714624;1113051136;0;0;0;0;0;0;0;0;0;0;0;2966;0;0;89;0;80;0;
13017;5345875;999591936;18714624;1113051136;0;0;0;0;0;0;0;0;0;0;0;1623;0;0;89;0;80;0;
13018;3673529;999591936;18714624;1113051136;0;0;0;0;0;0;0;0;0;0;0;3036;0;0;89;0;80;0;
13019;5918149;999591936;18714624;1113051136;0;0;0;0;0;0;0;0;0;0;0;1883;0;0;89;0;80;0;
13020;4247465;999591936;18714624;1113051136;0;0;0;0;0;0;0;0;0;0;0;2835;0;0;89;0;80;0;
13021;4712348;999591936;18714624;1113051136;0;0;0;0;0;0;0;0;0;0;0;1854;0;0;89;0;80;0;
13022;3550769;999591936;18714624;1113051136;0;0;0;0;0;0;0;0;0;0;0;3216;0;0;89;0;80;0;
13023;5533187;999591936;18714624;1113051136;0;0;0;0;0;0;0;0;0;0;0;1634;0;0;89;0;80;0;
13024;2672452;999591936;18714624;1113051136;0;0;0;0;0;0;0;0;0;0;0;3216;0;0;89;0;80;0;
13025;4570121;999591936;18714624;1113051136;0;0;0;0;0;0;0;0;0;0;0;2114;0;0;89;0;80;0;
13026;4998484;999591936;18714624;1113051136;0;0;0;0;0;0;0;0;0;0;0;5961;0;0;89;0;80;0;
13027;5559356;999591936;18714624;1113051136;0;0;0;0;0;0;0;0;0;0;0;2595;0;0;89;0;80;0;
13028;3895034;999591936;18714624;1113051136;0;0;0;0;0;0;0;0;0;0;0;2816;0;0;89;0;80;0;
13029;5430454;999591936;18714624;1113051136;0;0;0;0;0;0;0;0;0;0;0;1983;0;0;89;0;80;0;
13030;3483423;999591936;18714624;1113051136;0;0;0;0;0;0;0;0;0;0;0;2906;0;0;89;0;80;0;
13031;5381302;999591936;18714624;1113051136;0;0;0;0;0;0;0;0;0;0;0;1623;0;0;89;0;80;0;
13032;3393765;999591936;18714624;1113051136;0;0;0;0;0;0;0;0;0;0;0;3055;0;0;89;0;80;0;
13033;5487411;999591936;18714624;1113051136;0;0;0;0;0;0;0;0;0;0;0;1823;0;0;89;0;80;0;
13034;2991160;999591936;18714624;1113051136;0;0;0;0;0;0;0;0;0;0;0;3045;0;0;89;0;80;0;
13035;4620946;999591936;18714624;1113051136;0;0;0;0;0;0;0;0;0;0;0;2635;0;0;89;0;80;0;
13036;2601710;999591936;18714624;1113051136;0;0;0;0;0;0;0;0;0;0;0;2805;0;0;89;0;80;0;
13037;5268932;999591936;18714624;1113051136;0;0;0;0;0;0;0;0;0;0;0;2815;0;0;89;0;80;0;
13038;3508690;999591936;18714624;1113051136;0;0;0;0;0;0;0;0;0;0;0;2755;0;0;89;0;80;0;
13039;5350353;999591936;18714624;1113051136;0;0;0;0;0;0;0;0;0;0;0;2504;0;0;89;0;80;0;
13040;2332083;999591936;18714624;1113051136;0;0;0;0;0;0;0;0;0;0;0;2725;0;0;89;0;80;0;
13041;5646740;999591936;18714624;1113051136;0;0;0;0;0;0;0;0;0;0;0;2635;0;0;89;0;80;0;
13042;3301431;999591936;18714624;1113051136;0;0;0;0;0;0;0;0;0;0;0;2565;0;0;89;0;80;0;
13043;5477372;999591936;18714624;1113051136;0;0;0;0;0;0;0;0;0;0;0;2495;0;0;89;0;80;0;
13044;2750549;999591936;18714624;1113051136;0;0;0;0;0;0;0;0;0;0;0;2624;0;0;89;0;80;0;
13045;4479931;999591936;18714624;1113051136;0;0;0;0;0;0;0;0;0;0;0;2074;0;0;89;0;80;0;
13046;2911891;999591936;18714624;1113051136;0;0;0;0;0;0;0;0;0;0;0;2144;0;0;89;0;80;0;
13047;4435418;999591936;18714624;1113051136;0;0;0;0;0;0;0;0;0;0;0;1673;0;0;89;0;80;0;
13048;2588906;999591936;18714624;1113051136;0;0;0;0;0;0;0;0;0;0;0;2084;0;0;89;0;80;0;
13049;4366248;999591936;18714624;1113051136;0;0;0;0;0;0;0;0;0;0;0;2004;0;0;89;0;80;0;
13050;2078648;999591936;18714624;1113051136;0;0;0;0;0;0;0;0;0;0;0;1693;0;0;89;0;80;0;
13051;4465174;999591936;18714624;1113051136;0;0;0;0;0;0;0;0;0;0;0;1673;0;0;89;0;80;0;
13052;1885917;999591936;18714624;1113051136;0;0;0;0;0;0;0;0;0;0;0;1633;0;0;89;0;80;0;
13053;4951125;999591936;18718720;1113055232;0;0;0;0;0;0;0;0;0;0;0;2585;0;0;89;0;80;0;
13054;3504693;999591936;18718720;1113055232;0;0;0;0;0;0;0;0;0;0;0;1953;0;0;89;0;80;0;
13055;4431191;999591936;18718720;1113055232;0;0;0;0;0;0;0;0;0;0;0;2003;0;0;89;0;80;0;
13056;3469086;999591936;18718720;1113055232;0;0;0;0;0;0;0;0;0;0;0;2184;0;0;89;0;80;0;
13057;4513304;999591936;18718720;1113055232;0;0;0;0;0;0;0;0;0;0;0;1623;0;0;89;0;80;0;
13058;2587963;999591936;18718720;1113055232;0;0;0;0;0;0;0;0;0;0;0;2325;0;0;89;0;80;0;
13059;4730522;999591936;18718720;1113055232;0;0;0;0;0;0;0;0;0;0;0;2044;0;0;89;0;80;0;
13060;3566167;999591936;18718720;1113055232;0;0;0;0;0;0;0;0;0;0;0;2344;0;0;89;0;80;0;
13061;4799771;999591936;18718720;1113055232;0;0;0;0;0;0;0;0;0;0;0;1944;0;0;89;0;80;0;
13062;3233724;999657472;18714624;1113051136;0;0;0;0;0;0;0;0;0;0;0;1803;0;0;89;0;80;0;
13063;4498977;999657472;18714624;1113051136;0;0;0;0;0;0;0;0;0;0;0;1683;0;0;89;0;80;0;
13064;3381391;999657472;18714624;1113051136;0;0;0;0;0;0;0;0;0;0;0;1963;0;0;89;0;80;0;
13065;4940556;999657472;18714624;1113051136;0;0;0;0;0;0;0;0;0;0;0;1683;0;0;89;0;80;0;
13066;2488907;999657472;18714624;1113051136;0;0;0;0;0;0;0;0;0;0;0;1753;0;0;89;0;80;0;
13067;4241214;999657472;18714624;1113051136;0;0;0;0;0;0;0;0;0;0;0;1562;0;0;89;0;80;0;
13068;3333612;999657472;18714624;1113051136;0;0;0;0;0;0;0;0;0;0;0;2144;0;0;89;0;80;0;
13069;4378131;999657472;18714624;1113051136;0;0;0;0;0;0;0;0;0;0;0;1562;0;0;89;0;80;0;
13070;2179868;999657472;18714624;1113051136;0;0;0;0;0;0;0;0;0;0;0;1893;0;0;89;0;80;0;
13071;4873390;999657472;18714624;1113051136;0;0;0;0;0;0;0;0;0;0;0;1573;0;0;89;0;80;0;
13072;3241419;999657472;18714624;1113051136;0;0;0;0;0;0;0;0;0;0;0;31679;0;0;89;0;80;0;
13073;5049109;999657472;18714624;1113051136;0;0;0;0;0;0;0;0;0;0;0;1633;0;0;89;0;80;0;
13074;3009824;999657472;18714624;1113051136;0;0;0;0;0;0;0;0;0;0;0;2124;0;0;89;0;80;0;
13075;5188060;999657472;18714624;1113051136;0;0;0;0;0;0;0;0;0;0;0;1734;0;0;89;0;80;0;
13076;3350193;999657472;18714624;1113051136;0;0;0;0;0;0;0;0;0;0;0;1903;0;0;89;0;80;0;
13077;5217865;999657472;18714624;1113051136;0;0;0;0;0;0;0;0;0;0;0;1713;0;0;89;0;80;0;
13078;2924775;999657472;18714624;1113051136;0;0;0;0;0;0;0;0;0;0;0;2245;0;0;89;0;80;0;
13079;6059604;999657472;18714624;1113051136;0;0;0;0;0;0;0;0;0;0;0;1974;0;0;89;0;80;0;
13080;6127782;999657472;18714624;1113051136;0;0;0;0;0;0;0;0;0;0;0;4588;0;0;89;0;80;0;
13081;5021618;999657472;18714624;1113051136;0;0;0;0;0;0;0;0;0;0;0;1362;0;0;89;0;80;0;
13082;4666221;999657472;18714624;1113051136;0;0;0;0;0;0;0;0;0;0;0;2816;0;0;89;0;80;0;
13083;4535035;999657472;18714624;1113051136;0;0;0;0;0;0;0;0;0;0;0;2053;0;0;89;0;80;0;
13084;4983506;999657472;18714624;1113051136;0;0;0;0;0;0;0;0;0;0;0;3667;0;0;89;0;80;0;
13085;4978347;999657472;18714624;1113051136;0;0;0;0;0;0;0;0;0;0;0;2314;0;0;89;0;80;0;
13086;3549747;999657472;18714624;1113051136;0;0;0;0;0;0;0;0;0;0;0;3646;0;0;89;0;80;0;
13087;4971804;999657472;18714624;1113051136;0;0;0;0;0;0;0;0;0;0;0;2224;0;0;89;0;80;0;
13088;3699318;999657472;18714624;1113051136;0;0;0;0;0;0;0;0;0;0;0;3417;0;0;89;0;80;0;
13089;5148335;999657472;18714624;1113051136;0;0;0;0;0;0;0;0;0;0;0;2104;0;0;89;0;80;0;
13090;3567260;999657472;18714624;1113051136;0;0;0;0;0;0;0;0;0;0;0;3256;0;0;89;0;80;0;
13091;6301237;999657472;18714624;1113051136;0;0;0;0;0;0;0;0;0;0;0;2415;0;0;89;0;80;0;
13092;3544538;999657472;18714624;1113051136;0;0;0;0;0;0;0;0;0;0;0;3116;0;0;89;0;80;0;
13093;5420435;999657472;18714624;1113051136;0;0;0;0;0;0;0;0;0;0;0;2294;0;0;89;0;80;0;
13094;3720808;999657472;18714624;1113051136;0;0;0;0;0;0;0;0;0;0;0;3036;0;0;89;0;80;0;
13095;6151046;999657472;18714624;1113051136;0;0;0;0;0;0;0;0;0;0;0;2475;0;0;89;0;80;0;
13096;3091989;999657472;18714624;1113051136;0;0;0;0;0;0;0;0;0;0;0;2996;0;0;89;0;80;0;
13097;5937344;999657472;18714624;1113051136;0;0;0;0;0;0;0;0;0;0;0;1894;0;0;89;0;80;0;
13098;3679210;999657472;18714624;1113051136;0;0;0;0;0;0;0;0;0;0;0;2925;0;0;89;0;80;0;
13099;5253954;999657472;18714624;1113051136;0;0;0;0;0;0;0;0;0;0;0;2044;0;0;89;0;80;0;
13100;3292825;999657472;18714624;1113051136;0;0;0;0;0;0;0;0;0;0;0;3316;0;0;89;0;80;0;
13101;5573503;999657472;18714624;1113051136;0;0;0;0;0;0;0;0;0;0;0;2174;0;0;89;0;80;0;
13102;3986025;999657472;18714624;1113051136;0;0;0;0;0;0;0;0;0;0;0;2785;0;0;89;0;80;0;
13103;4459233;999657472;18714624;1113051136;0;0;0;0;0;0;0;0;0;0;0;1693;0;0;89;0;80;0;
13104;4805582;999657472;18714624;1113051136;0;0;0;0;0;0;0;0;0;0;0;5861;0;0;89;0;80;0;
13105;5350945;999657472;18714624;1113051136;0;0;0;0;0;0;0;0;0;0;0;1964;0;0;89;0;80;0;
13106;4056348;999657472;18714624;1113051136;0;0;0;0;0;0;0;0;0;0;0;3757;0;0;89;0;80;0;
13107;4974799;999657472;18714624;1113051136;0;0;0;0;0;0;0;0;0;0;0;1904;0;0;89;0;80;0;
13108;3880057;999657472;18714624;1113051136;0;0;0;0;0;0;0;0;0;0;0;2825;0;0;89;0;80;0;
13109;6167346;999657472;18714624;1113051136;0;0;0;0;0;0;0;0;0;0;0;2465;0;0;89;0;80;0;
13110;3940039;999657472;18714624;1113051136;0;0;0;0;0;0;0;0;0;0;0;2895;0;0;89;0;80;0;
13111;4857860;999657472;18714624;1113051136;0;0;0;0;0;0;0;0;0;0;0;2505;0;0;89;0;80;0;
13112;3153554;999657472;18714624;1113051136;0;0;0;0;0;0;0;0;0;0;0;2735;0;0;89;0;80;0;
13113;5266778;999657472;18714624;1113051136;0;0;0;0;0;0;0;0;0;0;0;2354;0;0;89;0;80;0;
13114;2869351;999657472;18714624;1113051136;0;0;0;0;0;0;0;0;0;0;0;2685;0;0;89;0;80;0;
13115;6016584;999657472;18714624;1113051136;0;0;0;0;0;0;0;0;0;0;0;2415;0;0;89;0;80;0;
13116;3081849;999657472;18714624;1113051136;0;0;0;0;0;0;0;0;0;0;0;2665;0;0;89;0;80;0;
13117;5284490;999657472;18714624;1113051136;0;0;0;0;0;0;0;0;0;0;0;2104;0;0;89;0;80;0;
13118;3798244;999657472;18714624;1113051136;0;0;0;0;0;0;0;0;0;0;0;2815;0;0;89;0;80;0;
13119;5971729;999657472;18714624;1113051136;0;0;0;0;0;0;0;0;0;0;0;2494;0;0;89;0;80;0;
13120;3958664;999657472;18714624;1113051136;0;0;0;0;0;0;0;0;0;0;0;2895;0;0;89;0;80;0;
13121;5851935;999657472;18714624;1113051136;0;0;0;0;0;0;0;0;0;0;0;2645;0;0;89;0;80;0;
13122;2913674;999657472;18714624;1113051136;0;0;0;0;0;0;0;0;0;0;0;2765;0;0;89;0;80;0;
13123;5465490;999657472;18714624;1113051136;0;0;0;0;0;0;0;0;0;0;0;102643;0;0;89;0;80;0;
13124;2975670;999657472;18714624;1113051136;0;0;0;0;0;0;0;0;0;0;0;2896;0;0;89;0;80;0;
13125;5282637;999657472;18714624;1113051136;0;0;0;0;0;0;0;0;0;0;0;2575;0;0;89;0;80;0;
13126;3728813;999657472;18714624;1113051136;0;0;0;0;0;0;0;0;0;0;0;2835;0;0;89;0;80;0;
13127;7263451;999657472;18714624;1113051136;0;0;0;0;0;0;0;0;0;0;0;3587;0;0;89;0;80;0;
13128;4763514;999657472;18714624;1113051136;0;0;0;0;0;0;0;0;0;0;0;6212;0;0;89;0;80;0;
13129;6133182;999657472;18714624;1113051136;0;0;0;0;0;0;0;0;0;0;0;2445;0;0;89;0;80;0;
13130;6400874;999657472;18714624;1113051136;0;0;0;0;0;0;0;0;0;0;0;2876;0;0;89;0;80;0;
13131;7398014;999657472;18714624;1113051136;0;0;0;0;0;0;0;0;0;0;0;1944;0;0;89;0;80;0;
13132;2441409;999657472;18714624;1113051136;0;0;0;0;0;0;0;0;0;0;0;2525;0;0;89;0;80;0;
13133;4694274;999657472;18714624;1113051136;0;0;0;0;0;0;0;0;0;0;0;1823;0;0;89;0;80;0;
13134;4060444;999657472;18714624;1113051136;0;0;0;0;0;0;0;0;0;0;0;3206;0;0;89;0;80;0;
13135;4572335;999657472;18714624;1113051136;0;0;0;0;0;0;0;0;0;0;0;2284;0;0;89;0;80;0;
13136;3637812;999657472;18714624;1113051136;0;0;0;0;0;0;0;0;0;0;0;3287;0;0;89;0;80;0;
13137;4539223;999657472;18714624;1113051136;0;0;0;0;0;0;0;0;0;0;0;2144;0;0;89;0;80;0;
13138;2739909;999657472;18714624;1113051136;0;0;0;0;0;0;0;0;0;0;0;2685;0;0;89;0;80;0;
13139;4736753;999657472;18714624;1113051136;0;0;0;0;0;0;0;0;0;0;0;1593;0;0;89;0;80;0;
13140;3411127;999657472;18714624;1113051136;0;0;0;0;0;0;0;0;0;0;0;3005;0;0;89;0;80;0;
13141;4526118;999657472;18714624;1113051136;0;0;0;0;0;0;0;0;0;0;0;1773;0;0;89;0;80;0;
13142;3344722;999657472;18714624;1113051136;0;0;0;0;0;0;0;0;0;0;0;3186;0;0;89;0;80;0;
13143;4903105;999657472;18714624;1113051136;0;0;0;0;0;0;0;0;0;0;0;1704;0;0;89;0;80;0;
13144;3229327;999657472;18714624;1113051136;0;0;0;0;0;0;0;0;0;0;0;3396;0;0;89;0;80;0;
13145;5353159;999657472;18714624;1113051136;0;0;0;0;0;0;0;0;0;0;0;1422;0;0;89;0;80;0;
13146;3670674;999657472;18714624;1113051136;0;0;0;0;0;0;0;0;0;0;0;2795;0;0;89;0;80;0;
13147;4809450;999657472;18714624;1113051136;0;0;0;0;0;0;0;0;0;0;0;1553;0;0;89;0;80;0;
13148;3754622;999657472;18714624;1113051136;0;0;0;0;0;0;0;0;0;0;0;2805;0;0;89;0;80;0;
13149;4358945;999657472;18714624;1113051136;0;0;0;0;0;0;0;0;0;0;0;1673;0;0;89;0;80;0;
13150;3290932;999657472;18714624;1113051136;0;0;0;0;0;0;0;0;0;0;0;3226;0;0;89;0;80;0;
13151;4551556;999657472;18714624;1113051136;0;0;0;0;0;0;0;0;0;0;0;1773;0;0;89;0;80;0;
13152;3631731;999657472;18714624;1113051136;0;0;0;0;0;0;0;0;0;0;0;2585;0;0;89;0;80;0;
13153;5010507;999657472;18714624;1113051136;0;0;0;0;0;0;0;0;0;0;0;1533;0;0;89;0;80;0;
13154;4041780;999657472;18714624;1113051136;0;0;0;0;0;0;0;0;0;0;0;5721;0;0;89;0;80;0;
13155;5463276;999657472;18714624;1113051136;0;0;0;0;0;0;0;0;0;0;0;2855;0;0;89;0;80;0;
13156;3654914;999657472;18714624;1113051136;0;0;0;0;0;0;0;0;0;0;0;3416;0;0;89;0;80;0;
13157;5124680;999657472;18714624;1113051136;0;0;0;0;0;0;0;0;0;0;0;2084;0;0;89;0;80;0;
13158;2848753;999657472;18714624;1113051136;0;0;0;0;0;0;0;0;0;0;0;2926;0;0;89;0;80;0;
13159;4945355;999657472;18714624;1113051136;0;0;0;0;0;0;0;0;0;0;0;2244;0;0;89;0;80;0;
13160;3132885;999657472;18714624;1113051136;0;0;0;0;0;0;0;0;0;0;0;3006;0;0;89;0;80;0;
13161;5109683;999657472;18714624;1113051136;0;0;0;0;0;0;0;0;0;0;0;2164;0;0;89;0;80;0;
13162;2627137;999657472;18714624;1113051136;0;0;0;0;0;0;0;0;0;0;0;3116;0;0;89;0;80;0;
13163;5465500;999657472;18714624;1113051136;0;0;0;0;0;0;0;0;0;0;0;2194;0;0;89;0;80;0;
13164;3320176;999657472;18714624;1113051136;0;0;0;0;0;0;0;0;0;0;0;2495;0;0;89;0;80;0;
13165;4931108;999657472;18714624;1113051136;0;0;0;0;0;0;0;0;0;0;0;1713;0;0;89;0;80;0;
13166;1970616;999657472;18714624;1113051136;0;0;0;0;0;0;0;0;0;0;0;1723;0;0;89;0;80;0;
13167;12841984;999657472;18714624;1113051136;0;0;0;0;0;0;0;0;0;0;0;1753;0;0;89;0;80;0;
13168;3310819;999657472;18714624;1113051136;0;0;0;0;0;0;0;0;0;0;0;3176;0;0;89;0;80;0;
13169;4110770;999657472;18714624;1113051136;0;0;0;0;0;0;0;0;0;0;0;2195;0;0;89;0;80;0;
13170;2602871;999657472;18714624;1113051136;0;0;0;0;0;0;0;0;0;0;0;2314;0;0;89;0;80;0;
13171;4244440;999657472;18714624;1113051136;0;0;0;0;0;0;0;0;0;0;0;2003;0;0;89;0;80;0;
13172;3378686;999657472;18714624;1113051136;0;0;0;0;0;0;0;0;0;0;0;3136;0;0;89;0;80;0;
13173;4565031;999657472;18714624;1113051136;0;0;0;0;0;0;0;0;0;0;0;2083;0;0;89;0;80;0;
13174;2684876;999657472;18714624;1113051136;0;0;0;0;0;0;0;0;0;0;0;3377;0;0;89;0;80;0;
13175;4622098;999657472;18714624;1113051136;0;0;0;0;0;0;0;0;0;0;0;2164;0;0;89;0;80;0;
13176;4099959;999657472;18714624;1113051136;0;0;0;0;0;0;0;0;0;0;0;3426;0;0;89;0;80;0;
13177;4778161;999657472;18714624;1113051136;0;0;0;0;0;0;0;0;0;0;0;2304;0;0;89;0;80;0;
13178;3094934;999657472;18714624;1113051136;0;0;0;0;0;0;0;0;0;0;0;3697;0;0;89;0;80;0;
13179;5470128;999657472;18714624;1113051136;0;0;0;0;0;0;0;0;0;0;0;2324;0;0;89;0;80;0;
13180;3881389;999657472;18714624;1113051136;0;0;0;0;0;0;0;0;0;0;0;4619;0;0;89;0;80;0;
13181;4608263;999657472;18714624;1113051136;0;0;0;0;0;0;0;0;0;0;0;2004;0;0;89;0;80;0;
13182;2906220;999657472;18714624;1113051136;0;0;0;0;0;0;0;0;0;0;0;2575;0;0;89;0;80;0;
13183;4439155;999657472;18714624;1113051136;0;0;0;0;0;0;0;0;0;0;0;2264;0;0;89;0;80;0;
13184;2850025;999657472;18714624;1113051136;0;0;0;0;0;0;0;0;0;0;0;2384;0;0;89;0;80;0;
13185;4392638;999657472;18714624;1113051136;0;0;0;0;0;0;0;0;0;0;0;1823;0;0;89;0;80;0;
13186;2953098;999657472;18714624;1113051136;0;0;0;0;0;0;0;0;0;0;0;3356;0;0;89;0;80;0;
13187;5133317;999657472;18714624;1113051136;0;0;0;0;0;0;0;0;0;0;0;2695;0;0;89;0;80;0;
13188;2492905;999657472;18714624;1113051136;0;0;0;0;0;0;0;0;0;0;0;2364;0;0;89;0;80;0;
13189;4370276;999657472;18714624;1113051136;0;0;0;0;0;0;0;0;0;0;0;1723;0;0;89;0;80;0;
13190;2864111;999657472;18714624;1113051136;0;0;0;0;0;0;0;0;0;0;0;2555;0;0;89;0;80;0;
13191;4493397;999657472;18714624;1113051136;0;0;0;0;0;0;0;0;0;0;0;2394;0;0;89;0;80;0;
13192;2105508;999657472;18714624;1113051136;0;0;0;0;0;0;0;0;0;0;0;2484;0;0;89;0;80;0;
13193;5243003;999657472;18714624;1113051136;0;0;0;0;0;0;0;0;0;0;0;2084;0;0;89;0;80;0;
13194;2921880;999657472;18714624;1113051136;0;0;0;0;0;0;0;0;0;0;0;3046;0;0;89;0;80;0;
13195;4068741;999657472;18714624;1113051136;0;0;0;0;0;0;0;0;0;0;0;1864;0;0;89;0;80;0;
13196;2826060;999657472;18714624;1113051136;0;0;0;0;0;0;0;0;0;0;0;3006;0;0;89;0;80;0;
13197;4889059;999657472;18714624;1113051136;0;0;0;0;0;0;0;0;0;0;0;2434;0;0;89;0;80;0;
13198;2352442;999657472;18714624;1113051136;0;0;0;0;0;0;0;0;0;0;0;3045;0;0;89;0;80;0;
13199;4356410;999657472;18714624;1113051136;0;0;0;0;0;0;0;0;0;0;0;2405;0;0;89;0;80;0;
13200;2530185;999657472;18714624;1113051136;0;0;0;0;0;0;0;0;0;0;0;3066;0;0;89;0;80;0;
13201;4244570;999657472;18714624;1113051136;0;0;0;0;0;0;0;0;0;0;0;1994;0;0;89;0;80;0;
13202;2685566;999657472;18714624;1113051136;0;0;0;0;0;0;0;0;0;0;0;2745;0;0;89;0;80;0;
13203;4753786;999657472;18714624;1113051136;0;0;0;0;0;0;0;0;0;0;0;2064;0;0;89;0;80;0;
13204;3256397;999657472;18714624;1113051136;0;0;0;0;0;0;0;0;0;0;0;3266;0;0;89;0;80;0;
13205;4333687;999657472;18714624;1113051136;0;0;0;0;0;0;0;0;0;0;0;1573;0;0;89;0;80;0;
13206;3795999;999657472;18714624;1113051136;0;0;0;0;0;0;0;0;0;0;0;3537;0;0;89;0;80;0;
13207;4808587;999657472;18714624;1113051136;0;0;0;0;0;0;0;0;0;0;0;2063;0;0;89;0;80;0;
13208;4564740;999657472;18714624;1113051136;0;0;0;0;0;0;0;0;0;0;0;5370;0;0;89;0;80;0;
13209;4564029;999657472;18714624;1113051136;0;0;0;0;0;0;0;0;0;0;0;2435;0;0;89;0;80;0;
13210;4402206;999657472;18714624;1113051136;0;0;0;0;0;0;0;0;0;0;0;3286;0;0;89;0;80;0;
13211;4853192;999657472;18714624;1113051136;0;0;0;0;0;0;0;0;0;0;0;2034;0;0;89;0;80;0;
13212;2738445;999657472;18714624;1113051136;0;0;0;0;0;0;0;0;0;0;0;2595;0;0;89;0;80;0;
13213;5055942;999657472;18714624;1113051136;0;0;0;0;0;0;0;0;0;0;0;1793;0;0;89;0;80;0;
13214;3167931;999657472;18714624;1113051136;0;0;0;0;0;0;0;0;0;0;0;3266;0;0;89;0;80;0;
13215;4143892;999657472;18714624;1113051136;0;0;0;0;0;0;0;0;0;0;0;2064;0;0;89;0;80;0;
13216;3285291;999657472;18714624;1113051136;0;0;0;0;0;0;0;0;0;0;0;2625;0;0;89;0;80;0;
13217;4656783;999657472;18714624;1113051136;0;0;0;0;0;0;0;0;0;0;0;1974;0;0;89;0;80;0;
13218;3587758;999657472;18714624;1113051136;0;0;0;0;0;0;0;0;0;0;0;2625;0;0;89;0;80;0;
13219;4633891;999657472;18714624;1113051136;0;0;0;0;0;0;0;0;0;0;0;1713;0;0;89;0;80;0;
13220;3186646;999657472;18714624;1113051136;0;0;0;0;0;0;0;0;0;0;0;2665;0;0;89;0;80;0;
13221;4340219;999657472;18714624;1113051136;0;0;0;0;0;0;0;0;0;0;0;1663;0;0;89;0;80;0;
13222;2087595;999657472;18714624;1113051136;0;0;0;0;0;0;0;0;0;0;0;1883;0;0;89;0;80;0;
13223;4012906;999657472;18714624;1113051136;0;0;0;0;0;0;0;0;0;0;0;1763;0;0;89;0;80;0;
13224;2591420;999657472;18714624;1113051136;0;0;0;0;0;0;0;0;0;0;0;2945;0;0;89;0;80;0;
13225;4748916;999657472;18714624;1113051136;0;0;0;0;0;0;0;0;0;0;0;2014;0;0;89;0;80;0;
13226;1868664;999657472;18714624;1113051136;0;0;0;0;0;0;0;0;0;0;0;1893;0;0;89;0;80;0;
13227;4331132;999657472;18714624;1113051136;0;0;0;0;0;0;0;0;0;0;0;1613;0;0;89;0;80;0;
13228;2507703;999657472;18714624;1113051136;0;0;0;0;0;0;0;0;0;0;0;2565;0;0;89;0;80;0;
13229;4620255;999657472;18714624;1113051136;0;0;0;0;0;0;0;0;0;0;0;1573;0;0;89;0;80;0;
13230;2382148;999657472;18714624;1113051136;0;0;0;0;0;0;0;0;0;0;0;2345;0;0;89;0;80;0;
13231;4435098;999657472;18714624;1113051136;0;0;0;0;0;0;0;0;0;0;0;1513;0;0;89;0;80;0;
13232;2405742;999657472;18714624;1113051136;0;0;0;0;0;0;0;0;0;0;0;2104;0;0;89;0;80;0;
13233;4466747;999657472;18714624;1113051136;0;0;0;0;0;0;0;0;0;0;0;1723;0;0;89;0;80;0;
13234;2900910;999657472;18714624;1113051136;0;0;0;0;0;0;0;0;0;0;0;1984;0;0;89;0;80;0;
13235;5281555;999657472;18714624;1113051136;0;0;0;0;0;0;0;0;0;0;0;1773;0;0;89;0;80;0;
13236;3358188;999657472;18714624;1113051136;0;0;0;0;0;0;0;0;0;0;0;2264;0;0;89;0;80;0;
13237;4544493;999657472;18714624;1113051136;0;0;0;0;0;0;0;0;0;0;0;1423;0;0;89;0;80;0;
13238;4667994;999657472;18714624;1113051136;0;0;0;0;0;0;0;0;0;0;0;1914;0;0;89;0;80;0;
13239;4497405;999657472;18714624;1113051136;0;0;0;0;0;0;0;0;0;0;0;1593;0;0;89;0;80;0;
13240;3808663;999657472;18714624;1113051136;0;0;0;0;0;0;0;0;0;0;0;2665;0;0;89;0;80;0;
13241;4190268;999657472;18714624;1113051136;0;0;0;0;0;0;0;0;0;0;0;1523;0;0;89;0;80;0;
13242;2626316;999657472;18714624;1113051136;0;0;0;0;0;0;0;0;0;0;0;1813;0;0;89;0;80;0;
13243;4224773;999657472;18714624;1113051136;0;0;0;0;0;0;0;0;0;0;0;1724;0;0;89;0;80;0;
13244;3227322;999657472;18714624;1113051136;0;0;0;0;0;0;0;0;0;0;0;2014;0;0;89;0;80;0;
13245;4846058;999657472;18714624;1113051136;0;0;0;0;0;0;0;0;0;0;0;1573;0;0;89;0;80;0;
13246;3377013;999657472;18714624;1113051136;0;0;0;0;0;0;0;0;0;0;0;2284;0;0;89;0;80;0;
13247;4173707;999657472;18714624;1113051136;0;0;0;0;0;0;0;0;0;0;0;1984;0;0;89;0;80;0;
13248;2564660;999657472;18714624;1113051136;0;0;0;0;0;0;0;0;0;0;0;31510;0;0;89;0;80;0;
13249;4433364;999657472;18714624;1113051136;0;0;0;0;0;0;0;0;0;0;0;2094;0;0;89;0;80;0;
13250;2873799;999657472;18714624;1113051136;0;0;0;0;0;0;0;0;0;0;0;2244;0;0;89;0;80;0;
13251;4491624;999657472;18714624;1113051136;0;0;0;0;0;0;0;0;0;0;0;1683;0;0;89;0;80;0;
13252;2196138;999657472;18714624;1113051136;0;0;0;0;0;0;0;0;0;0;0;2134;0;0;89;0;80;0;
13253;4702419;999657472;18714624;1113051136;0;0;0;0;0;0;0;0;0;0;0;1543;0;0;89;0;80;0;
13254;3235618;999657472;18714624;1113051136;0;0;0;0;0;0;0;0;0;0;0;2735;0;0;89;0;80;0;
13255;4611408;999657472;18714624;1113051136;0;0;0;0;0;0;0;0;0;0;0;2024;0;0;89;0;80;0;
13256;3156450;999657472;18714624;1113051136;0;0;0;0;0;0;0;0;0;0;0;2916;0;0;89;0;80;0;
13257;5345445;999657472;18714624;1113051136;0;0;0;0;0;0;0;0;0;0;0;2285;0;0;89;0;80;0;
13258;4168237;999657472;18714624;1113051136;0;0;0;0;0;0;0;0;0;0;0;3036;0;0;89;0;80;0;
13259;5356155;999657472;18714624;1113051136;0;0;0;0;0;0;0;0;0;0;0;2194;0;0;89;0;80;0;
13260;3817579;999657472;18714624;1113051136;0;0;0;0;0;0;0;0;0;0;0;3186;0;0;89;0;80;0;
13261;5124621;999657472;18714624;1113051136;0;0;0;0;0;0;0;0;0;0;0;2114;0;0;89;0;80;0;
13262;3372775;999657472;18714624;1113051136;0;0;0;0;0;0;0;0;0;0;0;2404;0;0;89;0;80;0;
13263;4851188;999657472;18714624;1113051136;0;0;0;0;0;0;0;0;0;0;0;1483;0;0;89;0;80;0;
13264;2944502;999657472;18714624;1113051136;0;0;0;0;0;0;0;0;0;0;0;2384;0;0;89;0;80;0;
13265;4790825;999657472;18714624;1113051136;0;0;0;0;0;0;0;0;0;0;0;1593;0;0;89;0;80;0;
13266;4097555;999657472;18714624;1113051136;0;0;0;0;0;0;0;0;0;0;0;2004;0;0;89;0;80;0;
13267;4809180;999657472;18714624;1113051136;0;0;0;0;0;0;0;0;0;0;0;1733;0;0;89;0;80;0;
13268;2962095;999657472;18714624;1113051136;0;0;0;0;0;0;0;0;0;0;0;1983;0;0;89;0;80;0;
13269;4396465;999657472;18714624;1113051136;0;0;0;0;0;0;0;0;0;0;0;1824;0;0;89;0;80;0;
13270;4394551;999657472;18714624;1113051136;0;0;0;0;0;0;0;0;0;0;0;1774;0;0;89;0;80;0;
13271;4180860;999657472;18714624;1113051136;0;0;0;0;0;0;0;0;0;0;0;1362;0;0;89;0;80;0;
13272;3225619;999657472;18714624;1113051136;0;0;0;0;0;0;0;0;0;0;0;1954;0;0;89;0;80;0;
13273;4343446;999657472;18714624;1113051136;0;0;0;0;0;0;0;0;0;0;0;1502;0;0;89;0;80;0;
13274;3847605;999657472;18714624;1113051136;0;0;0;0;0;0;0;0;0;0;0;1723;0;0;89;0;80;0;
13275;4723208;999657472;18714624;1113051136;0;0;0;0;0;0;0;0;0;0;0;1753;0;0;89;0;80;0;
13276;3553714;999657472;18714624;1113051136;0;0;0;0;0;0;0;0;0;0;0;2324;0;0;89;0;80;0;
13277;5122577;999657472;18714624;1113051136;0;0;0;0;0;0;0;0;0;0;0;1593;0;0;89;0;80;0;
13278;3848066;999657472;18714624;1113051136;0;0;0;0;0;0;0;0;0;0;0;2354;0;0;89;0;80;0;
13279;4314782;999657472;18714624;1113051136;0;0;0;0;0;0;0;0;0;0;0;1513;0;0;89;0;80;0;
13280;3358939;999657472;18714624;1113051136;0;0;0;0;0;0;0;0;0;0;0;1694;0;0;89;0;80;0;
13281;5353099;999657472;18714624;1113051136;0;0;0;0;0;0;0;0;0;0;0;1513;0;0;89;0;80;0;
13282;2897013;999657472;18714624;1113051136;0;0;0;0;0;0;0;0;0;0;0;2094;0;0;89;0;80;0;
13283;5042577;999657472;18714624;1113051136;0;0;0;0;0;0;0;0;0;0;0;1703;0;0;89;0;80;0;
13284;2424527;999657472;18714624;1113051136;0;0;0;0;0;0;0;0;0;0;0;1983;0;0;89;0;80;0;
13285;4979198;999657472;18714624;1113051136;0;0;0;0;0;0;0;0;0;0;0;1512;0;0;89;0;80;0;
13286;2287260;999657472;18714624;1113051136;0;0;0;0;0;0;0;0;0;0;0;1914;0;0;89;0;80;0;
13287;4323068;999657472;18714624;1113051136;0;0;0;0;0;0;0;0;0;0;0;1733;0;0;89;0;80;0;
13288;3223365;999657472;18714624;1113051136;0;0;0;0;0;0;0;0;0;0;0;2605;0;0;89;0;80;0;
13289;4268054;999657472;18714624;1113051136;0;0;0;0;0;0;0;0;0;0;0;1563;0;0;89;0;80;0;
13290;3178040;999657472;18714624;1113051136;0;0;0;0;0;0;0;0;0;0;0;1993;0;0;89;0;80;0;
13291;4422995;999657472;18714624;1113051136;0;0;0;0;0;0;0;0;0;0;0;1663;0;0;89;0;80;0;
13292;2898415;999657472;18714624;1113051136;0;0;0;0;0;0;0;0;0;0;0;2535;0;0;89;0;80;0;
13293;5086388;999657472;18722816;1113059328;0;0;0;0;0;0;0;0;0;0;0;1934;0;0;89;0;80;0;
13294;2292990;999657472;18722816;1113059328;0;0;0;0;0;0;0;0;0;0;0;2054;0;0;89;0;80;0;
13295;4344547;999657472;18722816;1113059328;0;0;0;0;0;0;0;0;0;0;0;1914;0;0;89;0;80;0;
13296;3306851;999657472;18722816;1113059328;0;0;0;0;0;0;0;0;0;0;0;2254;0;0;89;0;80;0;
13297;4738446;999657472;18722816;1113059328;0;0;0;0;0;0;0;0;0;0;0;1794;0;0;89;0;80;0;
13298;2006543;999657472;18722816;1113059328;0;0;0;0;0;0;0;0;0;0;0;1794;0;0;89;0;80;0;
13299;4603664;999657472;18722816;1113059328;0;0;0;0;0;0;0;0;0;0;0;1713;0;0;89;0;80;0;
13300;2332233;999657472;18714624;1113051136;0;0;0;0;0;0;0;0;0;0;0;1904;0;0;89;0;80;0;
13301;4415090;999657472;18714624;1113051136;0;0;0;0;0;0;0;0;0;0;0;1633;0;0;89;0;80;0;
13302;2268935;999657472;18714624;1113051136;0;0;0;0;0;0;0;0;0;0;0;2024;0;0;89;0;80;0;
13303;4322547;999657472;18714624;1113051136;0;0;0;0;0;0;0;0;0;0;0;1633;0;0;89;0;80;0;
13304;1760962;999657472;18714624;1113051136;0;0;0;0;0;0;0;0;0;0;0;1864;0;0;89;0;80;0;
13305;4344447;999657472;18714624;1113051136;0;0;0;0;0;0;0;0;0;0;0;1593;0;0;89;0;80;0;
13306;3064587;999657472;18714624;1113051136;0;0;0;0;0;0;0;0;0;0;0;1964;0;0;89;0;80;0;
13307;4227829;999657472;18714624;1113051136;0;0;0;0;0;0;0;0;0;0;0;1733;0;0;89;0;80;0;
13308;3416608;999657472;18714624;1113051136;0;0;0;0;0;0;0;0;0;0;0;2485;0;0;89;0;80;0;
13309;4931208;999657472;18714624;1113051136;0;0;0;0;0;0;0;0;0;0;0;2285;0;0;89;0;80;0;
13310;2442290;999657472;18714624;1113051136;0;0;0;0;0;0;0;0;0;0;0;1844;0;0;89;0;80;0;
13311;5138978;999657472;18714624;1113051136;0;0;0;0;0;0;0;0;0;0;0;1943;0;0;89;0;80;0;
13312;2809549;999657472;18714624;1113051136;0;0;0;0;0;0;0;0;0;0;0;3737;0;0;89;0;80;0;
13313;4916430;999657472;18714624;1113051136;0;0;0;0;0;0;0;0;0;0;0;1964;0;0;89;0;80;0;
13314;3186866;999657472;18714624;1113051136;0;0;0;0;0;0;0;0;0;0;0;3517;0;0;89;0;80;0;
13315;5530182;999657472;18714624;1113051136;0;0;0;0;0;0;0;0;0;0;0;1934;0;0;89;0;80;0;
13316;4388350;999657472;18714624;1113051136;0;0;0;0;0;0;0;0;0;0;0;4288;0;0;89;0;80;0;
13317;5434712;999657472;18714624;1113051136;0;0;0;0;0;0;0;0;0;0;0;2885;0;0;89;0;80;0;
13318;3376242;999657472;18714624;1113051136;0;0;0;0;0;0;0;0;0;0;0;3036;0;0;89;0;80;0;
13319;4950895;999657472;18714624;1113051136;0;0;0;0;0;0;0;0;0;0;0;2805;0;0;89;0;80;0;
13320;3717772;999657472;18714624;1113051136;0;0;0;0;0;0;0;0;0;0;0;2925;0;0;89;0;80;0;
13321;5552223;999657472;18714624;1113051136;0;0;0;0;0;0;0;0;0;0;0;1994;0;0;89;0;80;0;
13322;4348515;999657472;18714624;1113051136;0;0;0;0;0;0;0;0;0;0;0;3587;0;0;89;0;80;0;
13323;4490852;999657472;18714624;1113051136;0;0;0;0;0;0;0;0;0;0;0;2094;0;0;89;0;80;0;
13324;3114220;999657472;18714624;1113051136;0;0;0;0;0;0;0;0;0;0;0;3116;0;0;89;0;80;0;
13325;5641390;999657472;18714624;1113051136;0;0;0;0;0;0;0;0;0;0;0;2264;0;0;89;0;80;0;
13326;3554476;999657472;18714624;1113051136;0;0;0;0;0;0;0;0;0;0;0;3106;0;0;89;0;80;0;
13327;4672192;999657472;18714624;1113051136;0;0;0;0;0;0;0;0;0;0;0;2414;0;0;89;0;80;0;
13328;3663069;999657472;18714624;1113051136;0;0;0;0;0;0;0;0;0;0;0;4949;0;0;89;0;80;0;
13329;4739879;999657472;18714624;1113051136;0;0;0;0;0;0;0;0;0;0;0;1643;0;0;89;0;80;0;
13330;5018301;999657472;18714624;1113051136;0;0;0;0;0;0;0;0;0;0;0;3026;0;0;89;0;80;0;
13331;5087431;999657472;18714624;1113051136;0;0;0;0;0;0;0;0;0;0;0;2535;0;0;89;0;80;0;
13332;4434877;999657472;18714624;1113051136;0;0;0;0;0;0;0;0;0;0;0;5941;0;0;89;0;80;0;
13333;6262034;999657472;18714624;1113051136;0;0;0;0;0;0;0;0;0;0;0;2885;0;0;89;0;80;0;
13334;4356501;999657472;18714624;1113051136;0;0;0;0;0;0;0;0;0;0;0;5090;0;0;89;0;80;0;
13335;5019835;999657472;18714624;1113051136;0;0;0;0;0;0;0;0;0;0;0;2174;0;0;89;0;80;0;
13336;5021407;999657472;18714624;1113051136;0;0;0;0;0;0;0;0;0;0;0;6091;0;0;89;0;80;0;
13337;4412395;999657472;18714624;1113051136;0;0;0;0;0;0;0;0;0;0;0;2044;0;0;89;0;80;0;
13338;4397306;999657472;18714624;1113051136;0;0;0;0;0;0;0;0;0;0;0;3827;0;0;89;0;80;0;
13339;5397482;999657472;18714624;1113051136;0;0;0;0;0;0;0;0;0;0;0;3125;0;0;89;0;80;0;
13340;2960301;999657472;18714624;1113051136;0;0;0;0;0;0;0;0;0;0;0;3516;0;0;89;0;80;0;
13341;4231315;999657472;18714624;1113051136;0;0;0;0;0;0;0;0;0;0;0;1874;0;0;89;0;80;0;
13342;3280953;999657472;18714624;1113051136;0;0;0;0;0;0;0;0;0;0;0;2905;0;0;89;0;80;0;
13343;5083423;999657472;18714624;1113051136;0;0;0;0;0;0;0;0;0;0;0;2585;0;0;89;0;80;0;
13344;3426135;999657472;18714624;1113051136;0;0;0;0;0;0;0;0;0;0;0;3677;0;0;89;0;80;0;
13345;4768993;999657472;18714624;1113051136;0;0;0;0;0;0;0;0;0;0;0;2935;0;0;89;0;80;0;
13346;3307553;999657472;18714624;1113051136;0;0;0;0;0;0;0;0;0;0;0;2615;0;0;89;0;80;0;
13347;5801760;999657472;18714624;1113051136;0;0;0;0;0;0;0;0;0;0;0;2284;0;0;89;0;80;0;
13348;4074742;999657472;18714624;1113051136;0;0;0;0;0;0;0;0;0;0;0;3186;0;0;89;0;80;0;
13349;4857700;999657472;18714624;1113051136;0;0;0;0;0;0;0;0;0;0;0;1914;0;0;89;0;80;0;
13350;3499383;999657472;18714624;1113051136;0;0;0;0;0;0;0;0;0;0;0;3406;0;0;89;0;80;0;
13351;5097189;999657472;18714624;1113051136;0;0;0;0;0;0;0;0;0;0;0;2394;0;0;89;0;80;0;
13352;4589116;999657472;18714624;1113051136;0;0;0;0;0;0;0;0;0;0;0;2815;0;0;89;0;80;0;
13353;4687521;999657472;18714624;1113051136;0;0;0;0;0;0;0;0;0;0;0;1913;0;0;89;0;80;0;
13354;3964154;999657472;18714624;1113051136;0;0;0;0;0;0;0;0;0;0;0;2805;0;0;89;0;80;0;
13355;5567421;999657472;18714624;1113051136;0;0;0;0;0;0;0;0;0;0;0;1964;0;0;89;0;80;0;
13356;3133978;999657472;18714624;1113051136;0;0;0;0;0;0;0;0;0;0;0;3016;0;0;89;0;80;0;
13357;4251583;999657472;18714624;1113051136;0;0;0;0;0;0;0;0;0;0;0;1743;0;0;89;0;80;0;
13358;2813566;999657472;18714624;1113051136;0;0;0;0;0;0;0;0;0;0;0;3626;0;0;89;0;80;0;
13359;5361896;999657472;18714624;1113051136;0;0;0;0;0;0;0;0;0;0;0;2614;0;0;89;0;80;0;
13360;4583486;999657472;18714624;1113051136;0;0;0;0;0;0;0;0;0;0;0;3076;0;0;89;0;80;0;
13361;5051554;999657472;18714624;1113051136;0;0;0;0;0;0;0;0;0;0;0;2174;0;0;89;0;80;0;
13362;5092431;999657472;18714624;1113051136;0;0;0;0;0;0;0;0;0;0;0;4388;0;0;89;0;80;0;
13363;5260876;999657472;18714624;1113051136;0;0;0;0;0;0;0;0;0;0;0;2915;0;0;89;0;80;0;
13364;2881103;999657472;18714624;1113051136;0;0;0;0;0;0;0;0;0;0;0;2715;0;0;89;0;80;0;
13365;6208363;999657472;18714624;1113051136;0;0;0;0;0;0;0;0;0;0;0;3376;0;0;89;0;80;0;
13366;3793384;999657472;18714624;1113051136;0;0;0;0;0;0;0;0;0;0;0;3276;0;0;89;0;80;0;
13367;4813166;999657472;18714624;1113051136;0;0;0;0;0;0;0;0;0;0;0;1743;0;0;89;0;80;0;
13368;2723197;999657472;18714624;1113051136;0;0;0;0;0;0;0;0;0;0;0;3086;0;0;89;0;80;0;
13369;4263135;999657472;18714624;1113051136;0;0;0;0;0;0;0;0;0;0;0;1714;0;0;89;0;80;0;
13370;4305825;999657472;18714624;1113051136;0;0;0;0;0;0;0;0;0;0;0;2886;0;0;89;0;80;0;
13371;4984108;999657472;18714624;1113051136;0;0;0;0;0;0;0;0;0;0;0;1784;0;0;89;0;80;0;
13372;3129429;999657472;18714624;1113051136;0;0;0;0;0;0;0;0;0;0;0;3116;0;0;89;0;80;0;
13373;4820931;999657472;18714624;1113051136;0;0;0;0;0;0;0;0;0;0;0;1814;0;0;89;0;80;0;
13374;2830799;999657472;18714624;1113051136;0;0;0;0;0;0;0;0;0;0;0;3346;0;0;89;0;80;0;
13375;10532272;999657472;18714624;1113051136;0;0;0;0;0;0;0;0;0;0;0;2034;0;0;89;0;80;0;
13376;3191846;999657472;18714624;1113051136;0;0;0;0;0;0;0;0;0;0;0;99287;0;0;89;0;80;0;
13377;4753224;999657472;18714624;1113051136;0;0;0;0;0;0;0;0;0;0;0;2365;0;0;89;0;80;0;
13378;3617655;999657472;18714624;1113051136;0;0;0;0;0;0;0;0;0;0;0;3457;0;0;89;0;80;0;
13379;4392046;999657472;18714624;1113051136;0;0;0;0;0;0;0;0;0;0;0;2595;0;0;89;0;80;0;
13380;3801309;999657472;18714624;1113051136;0;0;0;0;0;0;0;0;0;0;0;3437;0;0;89;0;80;0;
13381;4564420;999657472;18714624;1113051136;0;0;0;0;0;0;0;0;0;0;0;1673;0;0;89;0;80;0;
13382;2554701;999657472;18714624;1113051136;0;0;0;0;0;0;0;0;0;0;0;2655;0;0;89;0;80;0;
13383;4322255;999657472;18714624;1113051136;0;0;0;0;0;0;0;0;0;0;0;2094;0;0;89;0;80;0;
13384;4003218;999657472;18714624;1113051136;0;0;0;0;0;0;0;0;0;0;0;3998;0;0;89;0;80;0;
13385;4782990;999657472;18714624;1113051136;0;0;0;0;0;0;0;0;0;0;0;2184;0;0;89;0;80;0;
13386;4818537;999657472;18714624;1113051136;0;0;0;0;0;0;0;0;0;0;0;3296;0;0;89;0;80;0;
13387;4421903;999657472;18714624;1113051136;0;0;0;0;0;0;0;0;0;0;0;2094;0;0;89;0;80;0;
13388;3070969;999657472;18714624;1113051136;0;0;0;0;0;0;0;0;0;0;0;2695;0;0;89;0;80;0;
13389;4464512;999657472;18714624;1113051136;0;0;0;0;0;0;0;0;0;0;0;2054;0;0;89;0;80;0;
13390;2964650;999657472;18714624;1113051136;0;0;0;0;0;0;0;0;0;0;0;2775;0;0;89;0;80;0;
13391;4710895;999657472;18714624;1113051136;0;0;0;0;0;0;0;0;0;0;0;1913;0;0;89;0;80;0;
13392;3184392;999657472;18714624;1113051136;0;0;0;0;0;0;0;0;0;0;0;3257;0;0;89;0;80;0;
13393;5633806;999657472;18714624;1113051136;0;0;0;0;0;0;0;0;0;0;0;2685;0;0;89;0;80;0;
13394;3179573;999657472;18714624;1113051136;0;0;0;0;0;0;0;0;0;0;0;3115;0;0;89;0;80;0;
13395;4174959;999657472;18714624;1113051136;0;0;0;0;0;0;0;0;0;0;0;2064;0;0;89;0;80;0;
13396;2426991;999657472;18714624;1113051136;0;0;0;0;0;0;0;0;0;0;0;3236;0;0;89;0;80;0;
13397;4331243;999657472;18714624;1113051136;0;0;0;0;0;0;0;0;0;0;0;1743;0;0;89;0;80;0;
13398;2863690;999657472;18714624;1113051136;0;0;0;0;0;0;0;0;0;0;0;2835;0;0;89;0;80;0;
13399;5212024;999657472;18714624;1113051136;0;0;0;0;0;0;0;0;0;0;0;2795;0;0;89;0;80;0;
13400;2716916;999657472;18714624;1113051136;0;0;0;0;0;0;0;0;0;0;0;2315;0;0;89;0;80;0;
13401;5099894;999657472;18714624;1113051136;0;0;0;0;0;0;0;0;0;0;0;2575;0;0;89;0;80;0;
13402;2646433;999657472;18714624;1113051136;0;0;0;0;0;0;0;0;0;0;0;2625;0;0;89;0;80;0;
13403;4409931;999657472;18714624;1113051136;0;0;0;0;0;0;0;0;0;0;0;1974;0;0;89;0;80;0;
13404;2330651;999657472;18714624;1113051136;0;0;0;0;0;0;0;0;0;0;0;3597;0;0;89;0;80;0;
13405;3955568;999657472;18714624;1113051136;0;0;0;0;0;0;0;0;0;0;0;1573;0;0;89;0;80;0;
13406;3483984;999657472;18714624;1113051136;0;0;0;0;0;0;0;0;0;0;0;2966;0;0;89;0;80;0;
13407;4838584;999657472;18714624;1113051136;0;0;0;0;0;0;0;0;0;0;0;2124;0;0;89;0;80;0;
13408;3128627;999657472;18714624;1113051136;0;0;0;0;0;0;0;0;0;0;0;3537;0;0;89;0;80;0;
13409;4243699;999657472;18714624;1113051136;0;0;0;0;0;0;0;0;0;0;0;1533;0;0;89;0;80;0;
13410;3692044;999657472;18714624;1113051136;0;0;0;0;0;0;0;0;0;0;0;3056;0;0;89;0;80;0;
13411;4787699;999657472;18714624;1113051136;0;0;0;0;0;0;0;0;0;0;0;2184;0;0;89;0;80;0;
13412;3649564;999657472;18714624;1113051136;0;0;0;0;0;0;0;0;0;0;0;4839;0;0;89;0;80;0;
13413;6153080;999657472;18722816;1113059328;0;0;0;0;0;0;0;0;0;0;0;5250;0;0;89;0;80;0;
13414;4305815;999657472;18722816;1113059328;0;0;0;0;0;0;0;0;0;0;0;3066;0;0;89;0;80;0;
13415;4643789;999657472;18722816;1113059328;0;0;0;0;0;0;0;0;0;0;0;1953;0;0;89;0;80;0;
13416;2780054;999657472;18722816;1113059328;0;0;0;0;0;0;0;0;0;0;0;3246;0;0;89;0;80;0;
13417;4236475;999657472;18722816;1113059328;0;0;0;0;0;0;0;0;0;0;0;1763;0;0;89;0;80;0;
13418;3365642;999657472;18722816;1113059328;0;0;0;0;0;0;0;0;0;0;0;3046;0;0;89;0;80;0;
13419;4439446;999657472;18722816;1113059328;0;0;0;0;0;0;0;0;0;0;0;2114;0;0;89;0;80;0;
13420;4736273;999657472;18714624;1113051136;0;0;0;0;0;0;0;0;0;0;0;3216;0;0;89;0;80;0;
13421;4661832;999657472;18714624;1113051136;0;0;0;0;0;0;0;0;0;0;0;2083;0;0;89;0;80;0;
13422;4524375;999657472;18714624;1113051136;0;0;0;0;0;0;0;0;0;0;0;3797;0;0;89;0;80;0;
13423;4590279;999657472;18714624;1113051136;0;0;0;0;0;0;0;0;0;0;0;2164;0;0;89;0;80;0;
13424;4359045;999657472;18714624;1113051136;0;0;0;0;0;0;0;0;0;0;0;3326;0;0;89;0;80;0;
13425;5538287;999657472;18714624;1113051136;0;0;0;0;0;0;0;0;0;0;0;1984;0;0;89;0;80;0;
13426;4282041;999657472;18714624;1113051136;0;0;0;0;0;0;0;0;0;0;0;2775;0;0;89;0;80;0;
13427;4628801;999657472;18714624;1113051136;0;0;0;0;0;0;0;0;0;0;0;1583;0;0;89;0;80;0;
13428;3219748;999657472;18714624;1113051136;0;0;0;0;0;0;0;0;0;0;0;2835;0;0;89;0;80;0;
13429;5255926;999657472;18714624;1113051136;0;0;0;0;0;0;0;0;0;0;0;2234;0;0;89;0;80;0;
13430;4316094;999657472;18714624;1113051136;0;0;0;0;0;0;0;0;0;0;0;3156;0;0;89;0;80;0;
13431;5180465;999657472;18714624;1113051136;0;0;0;0;0;0;0;0;0;0;0;2064;0;0;89;0;80;0;
13432;3005777;999657472;18714624;1113051136;0;0;0;0;0;0;0;0;0;0;0;3056;0;0;89;0;80;0;
13433;4922662;999657472;18714624;1113051136;0;0;0;0;0;0;0;0;0;0;0;2866;0;0;89;0;80;0;
13434;3609970;999657472;18714624;1113051136;0;0;0;0;0;0;0;0;0;0;0;3075;0;0;89;0;80;0;
13435;4858331;999657472;18714624;1113051136;0;0;0;0;0;0;0;0;0;0;0;2545;0;0;89;0;80;0;
13436;2653165;999657472;18714624;1113051136;0;0;0;0;0;0;0;0;0;0;0;2645;0;0;89;0;80;0;
13437;4910479;999657472;18714624;1113051136;0;0;0;0;0;0;0;0;0;0;0;2705;0;0;89;0;80;0;
13438;3221001;999657472;18714624;1113051136;0;0;0;0;0;0;0;0;0;0;0;5631;0;0;89;0;80;0;
13439;5001409;999657472;18714624;1113051136;0;0;0;0;0;0;0;0;0;0;0;2314;0;0;89;0;80;0;
13440;3960146;999657472;18714624;1113051136;0;0;0;0;0;0;0;0;0;0;0;2745;0;0;89;0;80;0;
13441;4749577;999657472;18714624;1113051136;0;0;0;0;0;0;0;0;0;0;0;1814;0;0;89;0;80;0;
13442;4102674;999657472;18714624;1113051136;0;0;0;0;0;0;0;0;0;0;0;2805;0;0;89;0;80;0;
13443;4147679;999657472;18714624;1113051136;0;0;0;0;0;0;0;0;0;0;0;1743;0;0;89;0;80;0;
13444;4054063;999657472;18714624;1113051136;0;0;0;0;0;0;0;0;0;0;0;2845;0;0;89;0;80;0;
13445;5181728;999657472;18714624;1113051136;0;0;0;0;0;0;0;0;0;0;0;2565;0;0;89;0;80;0;
13446;5806960;999657472;18714624;1113051136;0;0;0;0;0;0;0;0;0;0;0;3597;0;0;89;0;80;0;
13447;5263451;999657472;18714624;1113051136;0;0;0;0;0;0;0;0;0;0;0;1944;0;0;89;0;80;0;
13448;3302484;999657472;18714624;1113051136;0;0;0;0;0;0;0;0;0;0;0;2514;0;0;89;0;80;0;
13449;4907233;999657472;18714624;1113051136;0;0;0;0;0;0;0;0;0;0;0;1984;0;0;89;0;80;0;
13450;3419953;999657472;18714624;1113051136;0;0;0;0;0;0;0;0;0;0;0;3176;0;0;89;0;80;0;
13451;5165788;999657472;18714624;1113051136;0;0;0;0;0;0;0;0;0;0;0;1913;0;0;89;0;80;0;
13452;2641584;999657472;18714624;1113051136;0;0;0;0;0;0;0;0;0;0;0;3075;0;0;89;0;80;0;
13453;4085222;999657472;18714624;1113051136;0;0;0;0;0;0;0;0;0;0;0;1543;0;0;89;0;80;0;
13454;4061747;999657472;18714624;1113051136;0;0;0;0;0;0;0;0;0;0;0;3125;0;0;89;0;80;0;
13455;5282506;999657472;18714624;1113051136;0;0;0;0;0;0;0;0;0;0;0;1754;0;0;89;0;80;0;
13456;4024537;999657472;18714624;1113051136;0;0;0;0;0;0;0;0;0;0;0;2885;0;0;89;0;80;0;
13457;5340566;999657472;18714624;1113051136;0;0;0;0;0;0;0;0;0;0;0;1944;0;0;89;0;80;0;
13458;3878173;999657472;18714624;1113051136;0;0;0;0;0;0;0;0;0;0;0;2605;0;0;89;0;80;0;
13459;4479231;999657472;18714624;1113051136;0;0;0;0;0;0;0;0;0;0;0;1954;0;0;89;0;80;0;
13460;4214735;999657472;18714624;1113051136;0;0;0;0;0;0;0;0;0;0;0;3266;0;0;89;0;80;0;
13461;5508170;999657472;18714624;1113051136;0;0;0;0;0;0;0;0;0;0;0;1884;0;0;89;0;80;0;
13462;4254639;999657472;18714624;1113051136;0;0;0;0;0;0;0;0;0;0;0;4258;0;0;89;0;80;0;
13463;5517156;999657472;18714624;1113051136;0;0;0;0;0;0;0;0;0;0;0;3036;0;0;89;0;80;0;
13464;5270985;999657472;18714624;1113051136;0;0;0;0;0;0;0;0;0;0;0;5400;0;0;89;0;80;0;
13465;5046694;999657472;18714624;1113051136;0;0;0;0;0;0;0;0;0;0;0;1713;0;0;89;0;80;0;
13466;3633214;999657472;18714624;1113051136;0;0;0;0;0;0;0;0;0;0;0;2615;0;0;89;0;80;0;
13467;4840768;999657472;18714624;1113051136;0;0;0;0;0;0;0;0;0;0;0;1763;0;0;89;0;80;0;
13468;3497629;999657472;18714624;1113051136;0;0;0;0;0;0;0;0;0;0;0;2625;0;0;89;0;80;0;
13469;4647165;999657472;18714624;1113051136;0;0;0;0;0;0;0;0;0;0;0;1673;0;0;89;0;80;0;
13470;3085466;999657472;18714624;1113051136;0;0;0;0;0;0;0;0;0;0;0;2985;0;0;89;0;80;0;
13471;4597572;999657472;18714624;1113051136;0;0;0;0;0;0;0;0;0;0;0;1603;0;0;89;0;80;0;
13472;3084825;999657472;18714624;1113051136;0;0;0;0;0;0;0;0;0;0;0;2545;0;0;89;0;80;0;
13473;4140395;999657472;18714624;1113051136;0;0;0;0;0;0;0;0;0;0;0;1563;0;0;89;0;80;0;
13474;3201454;999657472;18714624;1113051136;0;0;0;0;0;0;0;0;0;0;0;2865;0;0;89;0;80;0;
13475;4524766;999657472;18714624;1113051136;0;0;0;0;0;0;0;0;0;0;0;1924;0;0;89;0;80;0;
13476;3158994;999657472;18714624;1113051136;0;0;0;0;0;0;0;0;0;0;0;2746;0;0;89;0;80;0;
13477;4778892;999657472;18714624;1113051136;0;0;0;0;0;0;0;0;0;0;0;1793;0;0;89;0;80;0;
13478;3065539;999657472;18714624;1113051136;0;0;0;0;0;0;0;0;0;0;0;2905;0;0;89;0;80;0;
13479;4397416;999657472;18714624;1113051136;0;0;0;0;0;0;0;0;0;0;0;2014;0;0;89;0;80;0;
13480;4316265;999657472;18714624;1113051136;0;0;0;0;0;0;0;0;0;0;0;2976;0;0;89;0;80;0;
13481;5147914;999657472;18714624;1113051136;0;0;0;0;0;0;0;0;0;0;0;1633;0;0;89;0;80;0;
13482;2556594;999657472;18714624;1113051136;0;0;0;0;0;0;0;0;0;0;0;2745;0;0;89;0;80;0;
13483;4214163;999657472;18714624;1113051136;0;0;0;0;0;0;0;0;0;0;0;1703;0;0;89;0;80;0;
13484;3919040;999657472;18714624;1113051136;0;0;0;0;0;0;0;0;0;0;0;3126;0;0;89;0;80;0;
13485;4862860;999657472;18714624;1113051136;0;0;0;0;0;0;0;0;0;0;0;1793;0;0;89;0;80;0;
13486;2850586;999657472;18714624;1113051136;0;0;0;0;0;0;0;0;0;0;0;2795;0;0;89;0;80;0;
13487;4427002;999657472;18714624;1113051136;0;0;0;0;0;0;0;0;0;0;0;1673;0;0;89;0;80;0;
13488;3584963;999657472;18714624;1113051136;0;0;0;0;0;0;0;0;0;0;0;2504;0;0;89;0;80;0;
13489;4519666;999657472;18714624;1113051136;0;0;0;0;0;0;0;0;0;0;0;1753;0;0;89;0;80;0;
13490;4042391;999657472;18714624;1113051136;0;0;0;0;0;0;0;0;0;0;0;5200;0;0;89;0;80;0;
13491;4941257;999657472;18714624;1113051136;0;0;0;0;0;0;0;0;0;0;0;2465;0;0;89;0;80;0;
13492;4341182;999657472;18714624;1113051136;0;0;0;0;0;0;0;0;0;0;0;5310;0;0;89;0;80;0;
13493;5781002;999657472;18714624;1113051136;0;0;0;0;0;0;0;0;0;0;0;3357;0;0;89;0;80;0;
13494;3773286;999657472;18714624;1113051136;0;0;0;0;0;0;0;0;0;0;0;5430;0;0;89;0;80;0;
13495;5147834;999657472;18714624;1113051136;0;0;0;0;0;0;0;0;0;0;0;2465;0;0;89;0;80;0;
13496;2698461;999657472;18714624;1113051136;0;0;0;0;0;0;0;0;0;0;0;2504;0;0;89;0;80;0;
13497;4844786;999657472;18714624;1113051136;0;0;0;0;0;0;0;0;0;0;0;1703;0;0;89;0;80;0;
13498;2512232;999657472;18714624;1113051136;0;0;0;0;0;0;0;0;0;0;0;2976;0;0;89;0;80;0;
13499;5189572;999657472;18714624;1113051136;0;0;0;0;0;0;0;0;0;0;0;2655;0;0;89;0;80;0;
13500;2743325;999657472;18714624;1113051136;0;0;0;0;0;0;0;0;0;0;0;2594;0;0;89;0;80;0;
13501;5766084;999657472;18714624;1113051136;0;0;0;0;0;0;0;0;0;0;0;1773;0;0;89;0;80;0;
13502;2869872;999657472;18714624;1113051136;0;0;0;0;0;0;0;0;0;0;0;3226;0;0;89;0;80;0;
13503;4788540;999657472;18714624;1113051136;0;0;0;0;0;0;0;0;0;0;0;1683;0;0;89;0;80;0;
13504;2524735;999657472;18714624;1113051136;0;0;0;0;0;0;0;0;0;0;0;2865;0;0;89;0;80;0;
13505;5087171;999657472;18714624;1113051136;0;0;0;0;0;0;0;0;0;0;0;2655;0;0;89;0;80;0;
13506;2641895;999657472;18714624;1113051136;0;0;0;0;0;0;0;0;0;0;0;2886;0;0;89;0;80;0;
13507;4677712;999657472;18714624;1113051136;0;0;0;0;0;0;0;0;0;0;0;1904;0;0;89;0;80;0;
13508;3047515;999657472;18714624;1113051136;0;0;0;0;0;0;0;0;0;0;0;3286;0;0;89;0;80;0;
13509;4238659;999657472;18714624;1113051136;0;0;0;0;0;0;0;0;0;0;0;2114;0;0;89;0;80;0;
13510;2453210;999657472;18714624;1113051136;0;0;0;0;0;0;0;0;0;0;0;2615;0;0;89;0;80;0;
13511;4261161;999657472;18714624;1113051136;0;0;0;0;0;0;0;0;0;0;0;1473;0;0;89;0;80;0;
13512;3133307;999657472;18714624;1113051136;0;0;0;0;0;0;0;0;0;0;0;3046;0;0;89;0;80;0;
13513;4518083;999657472;18714624;1113051136;0;0;0;0;0;0;0;0;0;0;0;1523;0;0;89;0;80;0;
13514;3024743;999657472;18714624;1113051136;0;0;0;0;0;0;0;0;0;0;0;3126;0;0;89;0;80;0;
13515;4498316;999657472;18714624;1113051136;0;0;0;0;0;0;0;0;0;0;0;1813;0;0;89;0;80;0;
13516;2468479;999657472;18714624;1113051136;0;0;0;0;0;0;0;0;0;0;0;2755;0;0;89;0;80;0;
13517;4169760;999657472;18714624;1113051136;0;0;0;0;0;0;0;0;0;0;0;1984;0;0;89;0;80;0;
13518;3724905;999657472;18714624;1113051136;0;0;0;0;0;0;0;0;0;0;0;3026;0;0;89;0;80;0;
13519;4468189;999657472;18714624;1113051136;0;0;0;0;0;0;0;0;0;0;0;1904;0;0;89;0;80;0;
13520;3323363;999657472;18714624;1113051136;0;0;0;0;0;0;0;0;0;0;0;2615;0;0;89;0;80;0;
13521;4192542;999657472;18714624;1113051136;0;0;0;0;0;0;0;0;0;0;0;1603;0;0;89;0;80;0;
13522;5131714;999657472;18714624;1113051136;0;0;0;0;0;0;0;0;0;0;0;4839;0;0;89;0;80;0;
13523;5343822;999657472;18714624;1113051136;0;0;0;0;0;0;0;0;0;0;0;3977;0;0;89;0;80;0;
13524;2860374;999657472;18714624;1113051136;0;0;0;0;0;0;0;0;0;0;0;2465;0;0;89;0;80;0;
13525;4855386;999657472;18714624;1113051136;0;0;0;0;0;0;0;0;0;0;0;2124;0;0;89;0;80;0;
13526;3076009;999657472;18714624;1113051136;0;0;0;0;0;0;0;0;0;0;0;2795;0;0;89;0;80;0;
13527;5809024;999657472;18714624;1113051136;0;0;0;0;0;0;0;0;0;0;0;2575;0;0;89;0;80;0;
13528;2565772;999657472;18714624;1113051136;0;0;0;0;0;0;0;0;0;0;0;3226;0;0;89;0;80;0;
13529;4946898;999657472;18714624;1113051136;0;0;0;0;0;0;0;0;0;0;0;1984;0;0;89;0;80;0;
13530;3015145;999657472;18714624;1113051136;0;0;0;0;0;0;0;0;0;0;0;2785;0;0;89;0;80;0;
13531;4673405;999657472;18714624;1113051136;0;0;0;0;0;0;0;0;0;0;0;1843;0;0;89;0;80;0;
13532;2614814;999657472;18714624;1113051136;0;0;0;0;0;0;0;0;0;0;0;2886;0;0;89;0;80;0;
13533;4114827;999657472;18714624;1113051136;0;0;0;0;0;0;0;0;0;0;0;1774;0;0;89;0;80;0;
13534;3459849;999657472;18714624;1113051136;0;0;0;0;0;0;0;0;0;0;0;2985;0;0;89;0;80;0;
13535;5572491;999657472;18714624;1113051136;0;0;0;0;0;0;0;0;0;0;0;1804;0;0;89;0;80;0;
13536;2663415;999657472;18714624;1113051136;0;0;0;0;0;0;0;0;0;0;0;2776;0;0;89;0;80;0;
13537;5068776;999657472;18714624;1113051136;0;0;0;0;0;0;0;0;0;0;0;1593;0;0;89;0;80;0;
13538;2821392;999657472;18714624;1113051136;0;0;0;0;0;0;0;0;0;0;0;2856;0;0;89;0;80;0;
13539;4456758;999657472;18714624;1113051136;0;0;0;0;0;0;0;0;0;0;0;1613;0;0;89;0;80;0;
13540;2941516;999657472;18714624;1113051136;0;0;0;0;0;0;0;0;0;0;0;2986;0;0;89;0;80;0;
13541;4973377;999657472;18714624;1113051136;0;0;0;0;0;0;0;0;0;0;0;1764;0;0;89;0;80;0;
13542;2614223;999657472;18714624;1113051136;0;0;0;0;0;0;0;0;0;0;0;3036;0;0;89;0;80;0;
13543;4717737;999657472;18714624;1113051136;0;0;0;0;0;0;0;0;0;0;0;1903;0;0;89;0;80;0;
13544;3377054;999657472;18714624;1113051136;0;0;0;0;0;0;0;0;0;0;0;2966;0;0;89;0;80;0;
13545;4590750;999657472;18714624;1113051136;0;0;0;0;0;0;0;0;0;0;0;1973;0;0;89;0;80;0;
13546;3059388;999657472;18714624;1113051136;0;0;0;0;0;0;0;0;0;0;0;3467;0;0;89;0;80;0;
13547;4219323;999657472;18714624;1113051136;0;0;0;0;0;0;0;0;0;0;0;2655;0;0;89;0;80;0;
13548;3414453;999657472;18714624;1113051136;0;0;0;0;0;0;0;0;0;0;0;2795;0;0;89;0;80;0;
13549;5060450;999657472;18714624;1113051136;0;0;0;0;0;0;0;0;0;0;0;4258;0;0;89;0;80;0;
13550;4055575;999657472;18714624;1113051136;0;0;0;0;0;0;0;0;0;0;0;2725;0;0;89;0;80;0;
13551;4762361;999657472;18714624;1113051136;0;0;0;0;0;0;0;0;0;0;0;1914;0;0;89;0;80;0;
13552;3088242;999657472;18714624;1113051136;0;0;0;0;0;0;0;0;0;0;0;2845;0;0;89;0;80;0;
13553;4576051;999657472;18714624;1113051136;0;0;0;0;0;0;0;0;0;0;0;1693;0;0;89;0;80;0;
13554;3933938;999657472;18714624;1113051136;0;0;0;0;0;0;0;0;0;0;0;3036;0;0;89;0;80;0;
13555;4975020;999657472;18714624;1113051136;0;0;0;0;0;0;0;0;0;0;0;1853;0;0;89;0;80;0;
13556;3733452;999657472;18714624;1113051136;0;0;0;0;0;0;0;0;0;0;0;3146;0;0;89;0;80;0;
13557;5650507;999657472;18714624;1113051136;0;0;0;0;0;0;0;0;0;0;0;2384;0;0;89;0;80;0;
13558;4296157;999657472;18714624;1113051136;0;0;0;0;0;0;0;0;0;0;0;4218;0;0;89;0;80;0;
13559;4787498;999657472;18714624;1113051136;0;0;0;0;0;0;0;0;0;0;0;2244;0;0;89;0;80;0;
13560;3496908;999657472;18714624;1113051136;0;0;0;0;0;0;0;0;0;0;0;3777;0;0;89;0;80;0;
13561;4431481;999657472;18714624;1113051136;0;0;0;0;0;0;0;0;0;0;0;2114;0;0;89;0;80;0;
13562;3379898;999657472;18714624;1113051136;0;0;0;0;0;0;0;0;0;0;0;3015;0;0;89;0;80;0;
13563;5742650;999657472;18714624;1113051136;0;0;0;0;0;0;0;0;0;0;0;2615;0;0;89;0;80;0;
13564;3490275;999657472;18714624;1113051136;0;0;0;0;0;0;0;0;0;0;0;2765;0;0;89;0;80;0;
13565;4425670;999657472;18714624;1113051136;0;0;0;0;0;0;0;0;0;0;0;1974;0;0;89;0;80;0;
13566;3435894;999657472;18714624;1113051136;0;0;0;0;0;0;0;0;0;0;0;3196;0;0;89;0;80;0;
13567;4988265;999657472;18714624;1113051136;0;0;0;0;0;0;0;0;0;0;0;2024;0;0;89;0;80;0;
13568;3617694;999657472;18714624;1113051136;0;0;0;0;0;0;0;0;0;0;0;3086;0;0;89;0;80;0;
13569;4825279;999657472;18714624;1113051136;0;0;0;0;0;0;0;0;0;0;0;3106;0;0;89;0;80;0;
13570;3952012;999657472;18714624;1113051136;0;0;0;0;0;0;0;0;0;0;0;3356;0;0;89;0;80;0;
13571;6023557;999657472;18714624;1113051136;0;0;0;0;0;0;0;0;0;0;0;2054;0;0;89;0;80;0;
13572;3089925;999657472;18714624;1113051136;0;0;0;0;0;0;0;0;0;0;0;2985;0;0;89;0;80;0;
13573;4178627;999657472;18714624;1113051136;0;0;0;0;0;0;0;0;0;0;0;1763;0;0;89;0;80;0;
13574;2948279;999657472;18714624;1113051136;0;0;0;0;0;0;0;0;0;0;0;2665;0;0;89;0;80;0;
13575;4997682;999657472;18714624;1113051136;0;0;0;0;0;0;0;0;0;0;0;2124;0;0;89;0;80;0;
13576;3529850;999657472;18714624;1113051136;0;0;0;0;0;0;0;0;0;0;0;2835;0;0;89;0;80;0;
13577;4681008;999657472;18714624;1113051136;0;0;0;0;0;0;0;0;0;0;0;1593;0;0;89;0;80;0;
13578;2646413;999657472;18714624;1113051136;0;0;0;0;0;0;0;0;0;0;0;2495;0;0;89;0;80;0;
13579;4233480;999657472;18714624;1113051136;0;0;0;0;0;0;0;0;0;0;0;1934;0;0;89;0;80;0;
13580;2422573;999657472;18714624;1113051136;0;0;0;0;0;0;0;0;0;0;0;2205;0;0;89;0;80;0;
13581;4659759;999657472;18714624;1113051136;0;0;0;0;0;0;0;0;0;0;0;1663;0;0;89;0;80;0;
13582;2075142;999657472;18714624;1113051136;0;0;0;0;0;0;0;0;0;0;0;2304;0;0;89;0;80;0;
13583;4969961;999657472;18714624;1113051136;0;0;0;0;0;0;0;0;0;0;0;1563;0;0;89;0;80;0;
13584;2306655;999657472;18714624;1113051136;0;0;0;0;0;0;0;0;0;0;0;2154;0;0;89;0;80;0;
13585;4791717;999657472;18714624;1113051136;0;0;0;0;0;0;0;0;0;0;0;1884;0;0;89;0;80;0;
13586;2269246;999657472;18714624;1113051136;0;0;0;0;0;0;0;0;0;0;0;2214;0;0;89;0;80;0;
13587;4977936;999657472;18714624;1113051136;0;0;0;0;0;0;0;0;0;0;0;1904;0;0;89;0;80;0;
13588;3113099;999657472;18714624;1113051136;0;0;0;0;0;0;0;0;0;0;0;2585;0;0;89;0;80;0;
13589;5025945;999657472;18714624;1113051136;0;0;0;0;0;0;0;0;0;0;0;1523;0;0;89;0;80;0;
13590;3798985;999657472;18714624;1113051136;0;0;0;0;0;0;0;0;0;0;0;2565;0;0;89;0;80;0;
13591;4876114;999657472;18714624;1113051136;0;0;0;0;0;0;0;0;0;0;0;1763;0;0;89;0;80;0;
13592;4699213;999657472;18714624;1113051136;0;0;0;0;0;0;0;0;0;0;0;3096;0;0;89;0;80;0;
13593;5073344;999657472;18714624;1113051136;0;0;0;0;0;0;0;0;0;0;0;2996;0;0;89;0;80;0;
13594;3684220;999657472;18714624;1113051136;0;0;0;0;0;0;0;0;0;0;0;3156;0;0;89;0;80;0;
13595;5238143;999657472;18714624;1113051136;0;0;0;0;0;0;0;0;0;0;0;2594;0;0;89;0;80;0;
13596;3966860;999657472;18714624;1113051136;0;0;0;0;0;0;0;0;0;0;0;2966;0;0;89;0;80;0;
13597;4837032;999657472;18714624;1113051136;0;0;0;0;0;0;0;0;0;0;0;2014;0;0;89;0;80;0;
13598;3429392;999657472;18714624;1113051136;0;0;0;0;0;0;0;0;0;0;0;3417;0;0;89;0;80;0;
13599;4686499;999657472;18714624;1113051136;0;0;0;0;0;0;0;0;0;0;0;1793;0;0;89;0;80;0;
13600;3477892;999657472;18714624;1113051136;0;0;0;0;0;0;0;0;0;0;0;2425;0;0;89;0;80;0;
13601;5479527;999657472;18714624;1113051136;0;0;0;0;0;0;0;0;0;0;0;2154;0;0;89;0;80;0;
13602;4241635;999657472;18714624;1113051136;0;0;0;0;0;0;0;0;0;0;0;2975;0;0;89;0;80;0;
13603;4832012;999657472;18714624;1113051136;0;0;0;0;0;0;0;0;0;0;0;2034;0;0;89;0;80;0;
13604;3777584;999657472;18714624;1113051136;0;0;0;0;0;0;0;0;0;0;0;2154;0;0;89;0;80;0;
13605;4863090;999657472;18714624;1113051136;0;0;0;0;0;0;0;0;0;0;0;1723;0;0;89;0;80;0;
13606;3367515;999657472;18714624;1113051136;0;0;0;0;0;0;0;0;0;0;0;2475;0;0;89;0;80;0;
13607;5164305;999657472;18714624;1113051136;0;0;0;0;0;0;0;0;0;0;0;1984;0;0;89;0;80;0;
13608;3094723;999657472;18714624;1113051136;0;0;0;0;0;0;0;0;0;0;0;2605;0;0;89;0;80;0;
13609;4059103;999657472;18714624;1113051136;0;0;0;0;0;0;0;0;0;0;0;1793;0;0;89;0;80;0;
13610;2685827;999657472;18714624;1113051136;0;0;0;0;0;0;0;0;0;0;0;2254;0;0;89;0;80;0;
13611;4557798;999657472;18714624;1113051136;0;0;0;0;0;0;0;0;0;0;0;1844;0;0;89;0;80;0;
13612;3408151;999657472;18714624;1113051136;0;0;0;0;0;0;0;0;0;0;0;2725;0;0;89;0;80;0;
13613;4457510;999657472;18714624;1113051136;0;0;0;0;0;0;0;0;0;0;0;1894;0;0;89;0;80;0;
13614;3579493;999657472;18714624;1113051136;0;0;0;0;0;0;0;0;0;0;0;2164;0;0;89;0;80;0;
13615;8216920;999657472;18714624;1113051136;0;0;0;0;0;0;0;0;0;0;0;1773;0;0;89;0;80;0;
13616;8851891;999657472;18714624;1113051136;0;0;0;0;0;0;0;0;0;0;0;2765;0;0;89;0;80;0;
13617;6081144;999657472;18714624;1113051136;0;0;0;0;0;0;0;0;0;0;0;1944;0;0;89;0;80;0;
13618;2796866;999657472;18714624;1113051136;0;0;0;0;0;0;0;0;0;0;0;2375;0;0;89;0;80;0;
13619;4810321;999657472;18714624;1113051136;0;0;0;0;0;0;0;0;0;0;0;1744;0;0;89;0;80;0;
13620;2996530;999657472;18714624;1113051136;0;0;0;0;0;0;0;0;0;0;0;2014;0;0;89;0;80;0;
13621;4834967;999657472;18714624;1113051136;0;0;0;0;0;0;0;0;0;0;0;1694;0;0;89;0;80;0;
13622;2448552;999657472;18714624;1113051136;0;0;0;0;0;0;0;0;0;0;0;1974;0;0;89;0;80;0;
13623;5646289;999657472;18714624;1113051136;0;0;0;0;0;0;0;0;0;0;0;1603;0;0;89;0;80;0;
13624;2504557;999657472;18714624;1113051136;0;0;0;0;0;0;0;0;0;0;0;2264;0;0;89;0;80;0;
13625;5078604;999657472;18714624;1113051136;0;0;0;0;0;0;0;0;0;0;0;1773;0;0;89;0;80;0;
13626;2671019;999657472;18714624;1113051136;0;0;0;0;0;0;0;0;0;0;0;2435;0;0;89;0;80;0;
13627;4219974;999657472;18714624;1113051136;0;0;0;0;0;0;0;0;0;0;0;1643;0;0;89;0;80;0;
13628;3255285;999657472;18714624;1113051136;0;0;0;0;0;0;0;0;0;0;0;2505;0;0;89;0;80;0;
13629;4767701;999657472;18714624;1113051136;0;0;0;0;0;0;0;0;0;0;0;1653;0;0;89;0;80;0;
13630;2949912;999657472;18714624;1113051136;0;0;0;0;0;0;0;0;0;0;0;2695;0;0;89;0;80;0;
13631;4767430;999657472;18714624;1113051136;0;0;0;0;0;0;0;0;0;0;0;1573;0;0;89;0;80;0;
13632;3943596;999657472;18714624;1113051136;0;0;0;0;0;0;0;0;0;0;0;2445;0;0;89;0;80;0;
13633;5199421;999657472;18714624;1113051136;0;0;0;0;0;0;0;0;0;0;0;1483;0;0;89;0;80;0;
13634;3029702;999657472;18714624;1113051136;0;0;0;0;0;0;0;0;0;0;0;2564;0;0;89;0;80;0;
13635;5870920;999657472;18714624;1113051136;0;0;0;0;0;0;0;0;0;0;0;1623;0;0;89;0;80;0;
13636;3108700;999657472;18714624;1113051136;0;0;0;0;0;0;0;0;0;0;0;3015;0;0;89;0;80;0;
13637;4763082;999657472;18714624;1113051136;0;0;0;0;0;0;0;0;0;0;0;113423;0;0;89;0;80;0;
13638;4097404;999657472;18714624;1113051136;0;0;0;0;0;0;0;0;0;0;0;2936;0;0;89;0;80;0;
13639;4585740;999657472;18714624;1113051136;0;0;0;0;0;0;0;0;0;0;0;1973;0;0;89;0;80;0;
13640;3147603;999657472;18714624;1113051136;0;0;0;0;0;0;0;0;0;0;0;2705;0;0;89;0;80;0;
13641;4814519;999657472;18714624;1113051136;0;0;0;0;0;0;0;0;0;0;0;1954;0;0;89;0;80;0;
13642;3820054;999657472;18714624;1113051136;0;0;0;0;0;0;0;0;0;0;0;2675;0;0;89;0;80;0;
13643;4657335;999657472;18714624;1113051136;0;0;0;0;0;0;0;0;0;0;0;1563;0;0;89;0;80;0;
13644;3202676;999657472;18714624;1113051136;0;0;0;0;0;0;0;0;0;0;0;2064;0;0;89;0;80;0;
13645;4688924;999657472;18714624;1113051136;0;0;0;0;0;0;0;0;0;0;0;1653;0;0;89;0;80;0;
13646;3849289;999657472;18714624;1113051136;0;0;0;0;0;0;0;0;0;0;0;2375;0;0;89;0;80;0;
13647;4805052;999657472;18714624;1113051136;0;0;0;0;0;0;0;0;0;0;0;1773;0;0;89;0;80;0;
13648;3199781;999657472;18714624;1113051136;0;0;0;0;0;0;0;0;0;0;0;2565;0;0;89;0;80;0;
13649;4292791;999657472;18714624;1113051136;0;0;0;0;0;0;0;0;0;0;0;1754;0;0;89;0;80;0;
13650;3467994;999657472;18714624;1113051136;0;0;0;0;0;0;0;0;0;0;0;2344;0;0;89;0;80;0;
13651;4203844;999657472;18714624;1113051136;0;0;0;0;0;0;0;0;0;0;0;2054;0;0;89;0;80;0;
13652;3380741;999657472;18714624;1113051136;0;0;0;0;0;0;0;0;0;0;0;2394;0;0;89;0;80;0;
13653;6133383;999657472;18714624;1113051136;0;0;0;0;0;0;0;0;0;0;0;2334;0;0;89;0;80;0;
13654;2750318;999657472;18714624;1113051136;0;0;0;0;0;0;0;0;0;0;0;1643;0;0;89;0;80;0;
13655;5220100;999657472;18714624;1113051136;0;0;0;0;0;0;0;0;0;0;0;1753;0;0;89;0;80;0;
13656;2298029;999657472;18714624;1113051136;0;0;0;0;0;0;0;0;0;0;0;1703;0;0;89;0;80;0;
13657;5010707;999657472;18714624;1113051136;0;0;0;0;0;0;0;0;0;0;0;1943;0;0;89;0;80;0;
13658;3313644;999657472;18714624;1113051136;0;0;0;0;0;0;0;0;0;0;0;1744;0;0;89;0;80;0;
13659;5292555;999657472;18714624;1113051136;0;0;0;0;0;0;0;0;0;0;0;2024;0;0;89;0;80;0;
13660;2313489;999657472;18714624;1113051136;0;0;0;0;0;0;0;0;0;0;0;1694;0;0;89;0;80;0;
13661;5095126;999657472;18714624;1113051136;0;0;0;0;0;0;0;0;0;0;0;1984;0;0;89;0;80;0;
13662;3107538;999657472;18714624;1113051136;0;0;0;0;0;0;0;0;0;0;0;1914;0;0;89;0;80;0;
13663;6209034;999657472;18714624;1113051136;0;0;0;0;0;0;0;0;0;0;0;1984;0;0;89;0;80;0;
13664;2881684;999657472;18714624;1113051136;0;0;0;0;0;0;0;0;0;0;0;1894;0;0;89;0;80;0;
13665;4591340;999657472;18714624;1113051136;0;0;0;0;0;0;0;0;0;0;0;1883;0;0;89;0;80;0;
13666;3387403;999657472;18714624;1113051136;0;0;0;0;0;0;0;0;0;0;0;2094;0;0;89;0;80;0;
13667;4663526;999657472;18714624;1113051136;0;0;0;0;0;0;0;0;0;0;0;1603;0;0;89;0;80;0;
13668;2054723;999657472;18714624;1113051136;0;0;0;0;0;0;0;0;0;0;0;2024;0;0;89;0;80;0;
13669;4411714;999657472;18714624;1113051136;0;0;0;0;0;0;0;0;0;0;0;1383;0;0;89;0;80;0;
13670;2896342;999657472;18714624;1113051136;0;0;0;0;0;0;0;0;0;0;0;2164;0;0;89;0;80;0;
13671;5072303;999657472;18714624;1113051136;0;0;0;0;0;0;0;0;0;0;0;1713;0;0;89;0;80;0;
13672;2961083;999657472;18714624;1113051136;0;0;0;0;0;0;0;0;0;0;0;2374;0;0;89;0;80;0;
13673;4680437;999657472;18714624;1113051136;0;0;0;0;0;0;0;0;0;0;0;1523;0;0;89;0;80;0;
13674;4022914;999657472;18714624;1113051136;0;0;0;0;0;0;0;0;0;0;0;2585;0;0;89;0;80;0;
13675;4573848;999657472;18714624;1113051136;0;0;0;0;0;0;0;0;0;0;0;1693;0;0;89;0;80;0;
13676;2876885;999657472;18714624;1113051136;0;0;0;0;0;0;0;0;0;0;0;2324;0;0;89;0;80;0;
13677;4421151;999657472;18714624;1113051136;0;0;0;0;0;0;0;0;0;0;0;1603;0;0;89;0;80;0;
13678;3498190;999657472;18714624;1113051136;0;0;0;0;0;0;0;0;0;0;0;2154;0;0;89;0;80;0;
13679;5563013;999657472;18714624;1113051136;0;0;0;0;0;0;0;0;0;0;0;1693;0;0;89;0;80;0;
13680;3317953;999657472;18714624;1113051136;0;0;0;0;0;0;0;0;0;0;0;1964;0;0;89;0;80;0;
13681;5759551;999657472;18714624;1113051136;0;0;0;0;0;0;0;0;0;0;0;1583;0;0;89;0;80;0;
13682;3180454;999657472;18714624;1113051136;0;0;0;0;0;0;0;0;0;0;0;2375;0;0;89;0;80;0;
13683;4744318;999657472;18714624;1113051136;0;0;0;0;0;0;0;0;0;0;0;2023;0;0;89;0;80;0;
13684;3507979;999657472;18714624;1113051136;0;0;0;0;0;0;0;0;0;0;0;2585;0;0;89;0;80;0;
13685;4487155;999657472;18714624;1113051136;0;0;0;0;0;0;0;0;0;0;0;1533;0;0;89;0;80;0;
13686;3925672;999657472;18714624;1113051136;0;0;0;0;0;0;0;0;0;0;0;2334;0;0;89;0;80;0;
13687;5634837;999657472;18714624;1113051136;0;0;0;0;0;0;0;0;0;0;0;1793;0;0;89;0;80;0;
13688;2809449;999657472;18714624;1113051136;0;0;0;0;0;0;0;0;0;0;0;3516;0;0;89;0;80;0;
13689;4618041;999657472;18714624;1113051136;0;0;0;0;0;0;0;0;0;0;0;1663;0;0;89;0;80;0;
13690;3704818;999657472;18714624;1113051136;0;0;0;0;0;0;0;0;0;0;0;1804;0;0;89;0;80;0;
13691;5346928;999657472;18714624;1113051136;0;0;0;0;0;0;0;0;0;0;0;1633;0;0;89;0;80;0;
13692;2744166;999657472;18714624;1113051136;0;0;0;0;0;0;0;0;0;0;0;2294;0;0;89;0;80;0;
13693;4957588;999657472;18714624;1113051136;0;0;0;0;0;0;0;0;0;0;0;1473;0;0;89;0;80;0;
13694;2602441;999657472;18714624;1113051136;0;0;0;0;0;0;0;0;0;0;0;2304;0;0;89;0;80;0;
13695;5180545;999657472;18714624;1113051136;0;0;0;0;0;0;0;0;0;0;0;1793;0;0;89;0;80;0;
13696;3066711;999657472;18714624;1113051136;0;0;0;0;0;0;0;0;0;0;0;2415;0;0;89;0;80;0;
13697;4685086;999657472;18714624;1113051136;0;0;0;0;0;0;0;0;0;0;0;1693;0;0;89;0;80;0;
13698;2494368;999657472;18714624;1113051136;0;0;0;0;0;0;0;0;0;0;0;2244;0;0;89;0;80;0;
13699;5216102;999657472;18714624;1113051136;0;0;0;0;0;0;0;0;0;0;0;1944;0;0;89;0;80;0;
13700;3316580;999657472;18714624;1113051136;0;0;0;0;0;0;0;0;0;0;0;1903;0;0;89;0;80;0;
13701;4302038;999657472;18714624;1113051136;0;0;0;0;0;0;0;0;0;0;0;1753;0;0;89;0;80;0;
13702;3007620;999657472;18714624;1113051136;0;0;0;0;0;0;0;0;0;0;0;2896;0;0;89;0;80;0;
13703;4620515;999657472;18714624;1113051136;0;0;0;0;0;0;0;0;0;0;0;1994;0;0;89;0;80;0;
13704;4237116;999657472;18714624;1113051136;0;0;0;0;0;0;0;0;0;0;0;1994;0;0;89;0;80;0;
13705;4916640;999657472;18714624;1113051136;0;0;0;0;0;0;0;0;0;0;0;1533;0;0;89;0;80;0;
13706;3222073;999657472;18714624;1113051136;0;0;0;0;0;0;0;0;0;0;0;2245;0;0;89;0;80;0;
13707;5009515;999657472;18714624;1113051136;0;0;0;0;0;0;0;0;0;0;0;1793;0;0;89;0;80;0;
13708;3148204;999657472;18714624;1113051136;0;0;0;0;0;0;0;0;0;0;0;1884;0;0;89;0;80;0;
13709;4657705;999657472;18714624;1113051136;0;0;0;0;0;0;0;0;0;0;0;1733;0;0;89;0;80;0;
13710;1911976;999657472;18714624;1113051136;0;0;0;0;0;0;0;0;0;0;0;1984;0;0;89;0;80;0;
13711;4611137;999657472;18714624;1113051136;0;0;0;0;0;0;0;0;0;0;0;2054;0;0;89;0;80;0;
13712;3128748;999657472;18714624;1113051136;0;0;0;0;0;0;0;0;0;0;0;4489;0;0;89;0;80;0;
13713;5308876;999657472;18714624;1113051136;0;0;0;0;0;0;0;0;0;0;0;1853;0;0;89;0;80;0;
13714;3109893;999657472;18714624;1113051136;0;0;0;0;0;0;0;0;0;0;0;2314;0;0;89;0;80;0;
13715;4989137;999657472;18714624;1113051136;0;0;0;0;0;0;0;0;0;0;0;1793;0;0;89;0;80;0;
13716;3119039;999657472;18714624;1113051136;0;0;0;0;0;0;0;0;0;0;0;2294;0;0;89;0;80;0;
13717;5036525;999657472;18714624;1113051136;0;0;0;0;0;0;0;0;0;0;0;1673;0;0;89;0;80;0;
13718;3808552;999657472;18714624;1113051136;0;0;0;0;0;0;0;0;0;0;0;2615;0;0;89;0;80;0;
13719;4520488;999657472;18714624;1113051136;0;0;0;0;0;0;0;0;0;0;0;1703;0;0;89;0;80;0;
13720;4205617;999657472;18714624;1113051136;0;0;0;0;0;0;0;0;0;0;0;2014;0;0;89;0;80;0;
13721;5319446;999657472;18714624;1113051136;0;0;0;0;0;0;0;0;0;0;0;1653;0;0;89;0;80;0;
13722;2716875;999657472;18714624;1113051136;0;0;0;0;0;0;0;0;0;0;0;2284;0;0;89;0;80;0;
13723;4597322;999657472;18714624;1113051136;0;0;0;0;0;0;0;0;0;0;0;1402;0;0;89;0;80;0;
13724;3636179;999657472;18714624;1113051136;0;0;0;0;0;0;0;0;0;0;0;2224;0;0;89;0;80;0;
13725;4836290;999657472;18714624;1113051136;0;0;0;0;0;0;0;0;0;0;0;1503;0;0;89;0;80;0;
13726;3700741;999657472;18714624;1113051136;0;0;0;0;0;0;0;0;0;0;0;2524;0;0;89;0;80;0;
13727;5885909;999657472;18714624;1113051136;0;0;0;0;0;0;0;0;0;0;0;2214;0;0;89;0;80;0;
13728;2860455;999657472;18714624;1113051136;0;0;0;0;0;0;0;0;0;0;0;2294;0;0;89;0;80;0;
13729;5111366;999657472;18714624;1113051136;0;0;0;0;0;0;0;0;0;0;0;1523;0;0;89;0;80;0;
13730;2315613;999657472;18714624;1113051136;0;0;0;0;0;0;0;0;0;0;0;2765;0;0;89;0;80;0;
13731;4518674;999657472;18714624;1113051136;0;0;0;0;0;0;0;0;0;0;0;1753;0;0;89;0;80;0;
13732;3102118;999657472;18714624;1113051136;0;0;0;0;0;0;0;0;0;0;0;2394;0;0;89;0;80;0;
13733;5345395;999657472;18714624;1113051136;0;0;0;0;0;0;0;0;0;0;0;1413;0;0;89;0;80;0;
13734;2804269;999657472;18714624;1113051136;0;0;0;0;0;0;0;0;0;0;0;2265;0;0;89;0;80;0;
13735;5234166;999657472;18714624;1113051136;0;0;0;0;0;0;0;0;0;0;0;1844;0;0;89;0;80;0;
13736;2845146;999657472;18714624;1113051136;0;0;0;0;0;0;0;0;0;0;0;2134;0;0;89;0;80;0;
13737;5197377;999657472;18714624;1113051136;0;0;0;0;0;0;0;0;0;0;0;1623;0;0;89;0;80;0;
13738;3033108;999657472;18714624;1113051136;0;0;0;0;0;0;0;0;0;0;0;2234;0;0;89;0;80;0;
13739;5857284;999657472;18714624;1113051136;0;0;0;0;0;0;0;0;0;0;0;1904;0;0;89;0;80;0;
13740;2664998;999657472;18714624;1113051136;0;0;0;0;0;0;0;0;0;0;0;2355;0;0;89;0;80;0;
13741;4728869;999657472;18714624;1113051136;0;0;0;0;0;0;0;0;0;0;0;1933;0;0;89;0;80;0;
13742;2617128;999657472;18714624;1113051136;0;0;0;0;0;0;0;0;0;0;0;2074;0;0;89;0;80;0;
13743;5140791;999657472;18714624;1113051136;0;0;0;0;0;0;0;0;0;0;0;2605;0;0;89;0;80;0;
13744;3258662;999657472;18714624;1113051136;0;0;0;0;0;0;0;0;0;0;0;2164;0;0;89;0;80;0;
13745;5046094;999657472;18714624;1113051136;0;0;0;0;0;0;0;0;0;0;0;1863;0;0;89;0;80;0;
13746;2660389;999657472;18714624;1113051136;0;0;0;0;0;0;0;0;0;0;0;1773;0;0;89;0;80;0;
13747;4746452;999657472;18714624;1113051136;0;0;0;0;0;0;0;0;0;0;0;1954;0;0;89;0;80;0;
13748;2838703;999657472;18714624;1113051136;0;0;0;0;0;0;0;0;0;0;0;2364;0;0;89;0;80;0;
13749;5805618;999657472;18714624;1113051136;0;0;0;0;0;0;0;0;0;0;0;1452;0;0;89;0;80;0;
13750;2804950;999657472;18714624;1113051136;0;0;0;0;0;0;0;0;0;0;0;2405;0;0;89;0;80;0;
13751;5514352;999657472;18714624;1113051136;0;0;0;0;0;0;0;0;0;0;0;1933;0;0;89;0;80;0;
13752;5194872;999657472;18714624;1113051136;0;0;0;0;0;0;0;0;0;0;0;2946;0;0;89;0;80;0;
13753;5724385;999657472;18714624;1113051136;0;0;0;0;0;0;0;0;0;0;0;1353;0;0;89;0;80;0;
13754;4188495;999657472;18714624;1113051136;0;0;0;0;0;0;0;0;0;0;0;1734;0;0;89;0;80;0;
13755;5647060;999657472;18714624;1113051136;0;0;0;0;0;0;0;0;0;0;0;1613;0;0;89;0;80;0;
13756;2981792;999657472;18714624;1113051136;0;0;0;0;0;0;0;0;0;0;0;1944;0;0;89;0;80;0;
13757;4966855;999657472;18714624;1113051136;0;0;0;0;0;0;0;0;0;0;0;1944;0;0;89;0;80;0;
13758;2869291;999657472;18714624;1113051136;0;0;0;0;0;0;0;0;0;0;0;2003;0;0;89;0;80;0;
13759;5199000;999657472;18714624;1113051136;0;0;0;0;0;0;0;0;0;0;0;1824;0;0;89;0;80;0;
13760;2628680;999657472;18714624;1113051136;0;0;0;0;0;0;0;0;0;0;0;2394;0;0;89;0;80;0;
13761;4720503;999657472;18714624;1113051136;0;0;0;0;0;0;0;0;0;0;0;1873;0;0;89;0;80;0;
13762;2551795;999657472;18714624;1113051136;0;0;0;0;0;0;0;0;0;0;0;2395;0;0;89;0;80;0;
13763;4600477;999657472;18714624;1113051136;0;0;0;0;0;0;0;0;0;0;0;1663;0;0;89;0;80;0;
13764;3245867;999657472;18714624;1113051136;0;0;0;0;0;0;0;0;0;0;0;2564;0;0;89;0;80;0;
13765;4715744;999657472;18714624;1113051136;0;0;0;0;0;0;0;0;0;0;0;1593;0;0;89;0;80;0;
13766;2228159;999657472;18714624;1113051136;0;0;0;0;0;0;0;0;0;0;0;2254;0;0;89;0;80;0;
13767;4414860;999657472;18714624;1113051136;0;0;0;0;0;0;0;0;0;0;0;1713;0;0;89;0;80;0;
13768;3513770;999657472;18714624;1113051136;0;0;0;0;0;0;0;0;0;0;0;2635;0;0;89;0;80;0;
13769;5463606;999657472;18714624;1113051136;0;0;0;0;0;0;0;0;0;0;0;1983;0;0;89;0;80;0;
13770;2842651;999657472;18714624;1113051136;0;0;0;0;0;0;0;0;0;0;0;2675;0;0;89;0;80;0;
13771;5807942;999657472;18714624;1113051136;0;0;0;0;0;0;0;0;0;0;0;1783;0;0;89;0;80;0;
13772;3301482;999657472;18714624;1113051136;0;0;0;0;0;0;0;0;0;0;0;2124;0;0;89;0;80;0;
13773;5158464;999657472;18714624;1113051136;0;0;0;0;0;0;0;0;0;0;0;2204;0;0;89;0;80;0;
13774;2143770;999657472;18714624;1113051136;0;0;0;0;0;0;0;0;0;0;0;1893;0;0;89;0;80;0;
13775;4560002;999657472;18714624;1113051136;0;0;0;0;0;0;0;0;0;0;0;1523;0;0;89;0;80;0;
13776;3118298;999657472;18714624;1113051136;0;0;0;0;0;0;0;0;0;0;0;2345;0;0;89;0;80;0;
13777;4823205;999657472;18714624;1113051136;0;0;0;0;0;0;0;0;0;0;0;1913;0;0;89;0;80;0;
13778;3004755;999657472;18714624;1113051136;0;0;0;0;0;0;0;0;0;0;0;1713;0;0;89;0;80;0;
13779;4961535;999657472;18714624;1113051136;0;0;0;0;0;0;0;0;0;0;0;1733;0;0;89;0;80;0;
13780;3507638;999657472;18714624;1113051136;0;0;0;0;0;0;0;0;0;0;0;2665;0;0;89;0;80;0;
13781;5761015;999657472;18714624;1113051136;0;0;0;0;0;0;0;0;0;0;0;1764;0;0;89;0;80;0;
13782;3059006;999657472;18714624;1113051136;0;0;0;0;0;0;0;0;0;0;0;1773;0;0;89;0;80;0;
13783;5071320;999657472;18714624;1113051136;0;0;0;0;0;0;0;0;0;0;0;1503;0;0;89;0;80;0;
13784;3501176;999657472;18714624;1113051136;0;0;0;0;0;0;0;0;0;0;0;1813;0;0;89;0;80;0;
13785;6185029;999657472;18714624;1113051136;0;0;0;0;0;0;0;0;0;0;0;1804;0;0;89;0;80;0;
13786;2710233;999657472;18714624;1113051136;0;0;0;0;0;0;0;0;0;0;0;1854;0;0;89;0;80;0;
13787;5561951;999657472;18714624;1113051136;0;0;0;0;0;0;0;0;0;0;0;1583;0;0;89;0;80;0;
13788;4198554;999657472;18714624;1113051136;0;0;0;0;0;0;0;0;0;0;0;2534;0;0;89;0;80;0;
13789;5200112;999657472;18714624;1113051136;0;0;0;0;0;0;0;0;0;0;0;1673;0;0;89;0;80;0;
13790;4868440;999657472;18714624;1113051136;0;0;0;0;0;0;0;0;0;0;0;1743;0;0;89;0;80;0;
13791;5469177;999657472;18714624;1113051136;0;0;0;0;0;0;0;0;0;0;0;1854;0;0;89;0;80;0;
13792;3715999;999657472;18714624;1113051136;0;0;0;0;0;0;0;0;0;0;0;1954;0;0;89;0;80;0;
13793;4449956;999657472;18714624;1113051136;0;0;0;0;0;0;0;0;0;0;0;1613;0;0;89;0;80;0;
13794;3683477;999657472;18714624;1113051136;0;0;0;0;0;0;0;0;0;0;0;1973;0;0;89;0;80;0;
13795;4745981;999657472;18714624;1113051136;0;0;0;0;0;0;0;0;0;0;0;1793;0;0;89;0;80;0;
13796;5067594;999657472;18714624;1113051136;0;0;0;0;0;0;0;0;0;0;0;2164;0;0;89;0;80;0;
13797;4889871;999657472;18714624;1113051136;0;0;0;0;0;0;0;0;0;0;0;1953;0;0;89;0;80;0;
13798;4163378;999657472;18714624;1113051136;0;0;0;0;0;0;0;0;0;0;0;2314;0;0;89;0;80;0;
13799;5624748;999657472;18714624;1113051136;0;0;0;0;0;0;0;0;0;0;0;1944;0;0;89;0;80;0;
13800;4482907;999657472;18714624;1113051136;0;0;0;0;0;0;0;0;0;0;0;2615;0;0;89;0;80;0;
13801;5839782;999657472;18714624;1113051136;0;0;0;0;0;0;0;0;0;0;0;1723;0;0;89;0;80;0;
13802;5141803;999657472;18714624;1113051136;0;0;0;0;0;0;0;0;0;0;0;101049;0;0;89;0;80;0;
13803;5414855;999657472;18714624;1113051136;0;0;0;0;0;0;0;0;0;0;0;2074;0;0;89;0;80;0;
13804;4713269;999657472;18714624;1113051136;0;0;0;0;0;0;0;0;0;0;0;2114;0;0;89;0;80;0;
13805;5145359;999657472;18714624;1113051136;0;0;0;0;0;0;0;0;0;0;0;2004;0;0;89;0;80;0;
13806;5179624;999657472;18714624;1113051136;0;0;0;0;0;0;0;0;0;0;0;3286;0;0;89;0;80;0;
13807;4874942;999657472;18714624;1113051136;0;0;0;0;0;0;0;0;0;0;0;2004;0;0;89;0;80;0;
13808;7917188;999657472;18714624;1113051136;0;0;0;0;0;0;0;0;0;0;0;3797;0;0;89;0;80;0;
13809;5547865;999657472;18714624;1113051136;0;0;0;0;0;0;0;0;0;0;0;1673;0;0;89;0;80;0;
13810;3991335;999657472;18714624;1113051136;0;0;0;0;0;0;0;0;0;0;0;1923;0;0;89;0;80;0;
13811;5213527;999657472;18714624;1113051136;0;0;0;0;0;0;0;0;0;0;0;1553;0;0;89;0;80;0;
13812;4532981;999657472;18714624;1113051136;0;0;0;0;0;0;0;0;0;0;0;2605;0;0;89;0;80;0;
13813;5173102;999657472;18714624;1113051136;0;0;0;0;0;0;0;0;0;0;0;1734;0;0;89;0;80;0;
13814;3404895;999657472;18714624;1113051136;0;0;0;0;0;0;0;0;0;0;0;2575;0;0;89;0;80;0;
13815;6494790;999657472;18714624;1113051136;0;0;0;0;0;0;0;0;0;0;0;2224;0;0;89;0;80;0;
13816;3679791;999657472;18714624;1113051136;0;0;0;0;0;0;0;0;0;0;0;2745;0;0;89;0;80;0;
13817;5958014;999657472;18714624;1113051136;0;0;0;0;0;0;0;0;0;0;0;2304;0;0;89;0;80;0;
13818;4181502;999657472;18714624;1113051136;0;0;0;0;0;0;0;0;0;0;0;2384;0;0;89;0;80;0;
13819;4605868;999657472;18714624;1113051136;0;0;0;0;0;0;0;0;0;0;0;2324;0;0;89;0;80;0;
13820;4566674;999657472;18714624;1113051136;0;0;0;0;0;0;0;0;0;0;0;2485;0;0;89;0;80;0;
13821;5083414;999657472;18714624;1113051136;0;0;0;0;0;0;0;0;0;0;0;1673;0;0;89;0;80;0;
13822;4305284;999657472;18714624;1113051136;0;0;0;0;0;0;0;0;0;0;0;2796;0;0;89;0;80;0;
13823;5338842;999657472;18714624;1113051136;0;0;0;0;0;0;0;0;0;0;0;2274;0;0;89;0;80;0;
13824;3774739;999657472;18714624;1113051136;0;0;0;0;0;0;0;0;0;0;0;2435;0;0;89;0;80;0;
13825;4666582;999657472;18714624;1113051136;0;0;0;0;0;0;0;0;0;0;0;2184;0;0;89;0;80;0;
13826;4504758;999657472;18714624;1113051136;0;0;0;0;0;0;0;0;0;0;0;1774;0;0;89;0;80;0;
13827;4579909;999657472;18714624;1113051136;0;0;0;0;0;0;0;0;0;0;0;1663;0;0;89;0;80;0;
13828;4126649;999657472;18714624;1113051136;0;0;0;0;0;0;0;0;0;0;0;2114;0;0;89;0;80;0;
13829;4837732;999657472;18714624;1113051136;0;0;0;0;0;0;0;0;0;0;0;1693;0;0;89;0;80;0;
13830;4969049;999657472;18714624;1113051136;0;0;0;0;0;0;0;0;0;0;0;1823;0;0;89;0;80;0;
13831;5017439;999657472;18714624;1113051136;0;0;0;0;0;0;0;0;0;0;0;1734;0;0;89;0;80;0;
13832;5577400;999657472;18714624;1113051136;0;0;0;0;0;0;0;0;0;0;0;2655;0;0;89;0;80;0;
13833;5145971;999657472;18714624;1113051136;0;0;0;0;0;0;0;0;0;0;0;2134;0;0;89;0;80;0;
13834;3657810;999657472;18714624;1113051136;0;0;0;0;0;0;0;0;0;0;0;1974;0;0;89;0;80;0;
13835;4860745;999657472;18714624;1113051136;0;0;0;0;0;0;0;0;0;0;0;1884;0;0;89;0;80;0;
13836;3937445;999657472;18714624;1113051136;0;0;0;0;0;0;0;0;0;0;0;2254;0;0;89;0;80;0;
13837;5101888;999657472;18714624;1113051136;0;0;0;0;0;0;0;0;0;0;0;1914;0;0;89;0;80;0;
13838;2882325;999657472;18714624;1113051136;0;0;0;0;0;0;0;0;0;0;0;1703;0;0;89;0;80;0;
13839;4220706;999657472;18714624;1113051136;0;0;0;0;0;0;0;0;0;0;0;1583;0;0;89;0;80;0;
13840;5664303;999657472;18714624;1113051136;0;0;0;0;0;0;0;0;0;0;0;2254;0;0;89;0;80;0;
13841;4761519;999657472;18714624;1113051136;0;0;0;0;0;0;0;0;0;0;0;1583;0;0;89;0;80;0;
13842;3205031;999657472;18714624;1113051136;0;0;0;0;0;0;0;0;0;0;0;1643;0;0;89;0;80;0;
13843;4760698;999657472;18714624;1113051136;0;0;0;0;0;0;0;0;0;0;0;2034;0;0;89;0;80;0;
13844;3496246;999657472;18714624;1113051136;0;0;0;0;0;0;0;0;0;0;0;2003;0;0;89;0;80;0;
13845;5148365;999657472;18714624;1113051136;0;0;0;0;0;0;0;0;0;0;0;1583;0;0;89;0;80;0;
13846;2648948;999657472;18714624;1113051136;0;0;0;0;0;0;0;0;0;0;0;1683;0;0;89;0;80;0;
13847;4222088;999657472;18714624;1113051136;0;0;0;0;0;0;0;0;0;0;0;1613;0;0;89;0;80;0;
13848;4022594;999657472;18714624;1113051136;0;0;0;0;0;0;0;0;0;0;0;2284;0;0;89;0;80;0;
13849;11321803;999657472;18714624;1113051136;0;0;0;0;0;0;0;0;0;0;0;1723;0;0;89;0;80;0;
13850;5990094;999657472;18714624;1113051136;0;0;0;0;0;0;0;0;0;0;0;4068;0;0;89;0;80;0;
13851;5297625;999657472;18714624;1113051136;0;0;0;0;0;0;0;0;0;0;0;2224;0;0;89;0;80;0;
13852;4106271;999657472;18714624;1113051136;0;0;0;0;0;0;0;0;0;0;0;3407;0;0;89;0;80;0;
13853;5476841;999657472;18714624;1113051136;0;0;0;0;0;0;0;0;0;0;0;1784;0;0;89;0;80;0;
13854;6517022;999657472;18714624;1113051136;0;0;0;0;0;0;0;0;0;0;0;3045;0;0;89;0;80;0;
13855;5794587;999657472;18714624;1113051136;0;0;0;0;0;0;0;0;0;0;0;1954;0;0;89;0;80;0;
13856;4330251;999657472;18714624;1113051136;0;0;0;0;0;0;0;0;0;0;0;3958;0;0;89;0;80;0;
13857;4872167;999657472;18714624;1113051136;0;0;0;0;0;0;0;0;0;0;0;2225;0;0;89;0;80;0;
13858;4527722;999657472;18714624;1113051136;0;0;0;0;0;0;0;0;0;0;0;3166;0;0;89;0;80;0;
13859;6067619;999657472;18714624;1113051136;0;0;0;0;0;0;0;0;0;0;0;2164;0;0;89;0;80;0;
13860;5325257;999657472;18714624;1113051136;0;0;0;0;0;0;0;0;0;0;0;2785;0;0;89;0;80;0;
13861;4135846;999657472;18714624;1113051136;0;0;0;0;0;0;0;0;0;0;0;2134;0;0;89;0;80;0;
13862;5309067;999657472;18714624;1113051136;0;0;0;0;0;0;0;0;0;0;0;3026;0;0;89;0;80;0;
13863;5790830;999657472;18714624;1113051136;0;0;0;0;0;0;0;0;0;0;0;2895;0;0;89;0;80;0;
13864;5755875;999657472;18714624;1113051136;0;0;0;0;0;0;0;0;0;0;0;3176;0;0;89;0;80;0;
13865;5576719;999657472;18714624;1113051136;0;0;0;0;0;0;0;0;0;0;0;2324;0;0;89;0;80;0;
13866;5074076;999657472;18714624;1113051136;0;0;0;0;0;0;0;0;0;0;0;2725;0;0;89;0;80;0;
13867;4845367;999657472;18714624;1113051136;0;0;0;0;0;0;0;0;0;0;0;1783;0;0;89;0;80;0;
13868;4399722;999657472;18714624;1113051136;0;0;0;0;0;0;0;0;0;0;0;3006;0;0;89;0;80;0;
13869;5259594;999657472;18714624;1113051136;0;0;0;0;0;0;0;0;0;0;0;2094;0;0;89;0;80;0;
13870;4084420;999657472;18714624;1113051136;0;0;0;0;0;0;0;0;0;0;0;3477;0;0;89;0;80;0;
13871;4372350;999657472;18714624;1113051136;0;0;0;0;0;0;0;0;0;0;0;1913;0;0;89;0;80;0;
13872;4016894;999657472;18714624;1113051136;0;0;0;0;0;0;0;0;0;0;0;3196;0;0;89;0;80;0;
13873;5611163;999657472;18714624;1113051136;0;0;0;0;0;0;0;0;0;0;0;2986;0;0;89;0;80;0;
13874;3635368;999657472;18714624;1113051136;0;0;0;0;0;0;0;0;0;0;0;2886;0;0;89;0;80;0;
13875;6322397;999657472;18714624;1113051136;0;0;0;0;0;0;0;0;0;0;0;3026;0;0;89;0;80;0;
13876;3618386;999657472;18714624;1113051136;0;0;0;0;0;0;0;0;0;0;0;2926;0;0;89;0;80;0;
13877;5602697;999657472;18714624;1113051136;0;0;0;0;0;0;0;0;0;0;0;1873;0;0;89;0;80;0;
13878;3011748;999657472;18714624;1113051136;0;0;0;0;0;0;0;0;0;0;0;2985;0;0;89;0;80;0;
13879;8120389;999657472;18714624;1113051136;0;0;0;0;0;0;0;0;0;0;0;3026;0;0;89;0;80;0;
13880;4982384;999657472;18714624;1113051136;0;0;0;0;0;0;0;0;0;0;0;3737;0;0;89;0;80;0;
13881;4712999;999657472;18714624;1113051136;0;0;0;0;0;0;0;0;0;0;0;2254;0;0;89;0;80;0;
13882;4142629;999657472;18714624;1113051136;0;0;0;0;0;0;0;0;0;0;0;2545;0;0;89;0;80;0;
13883;5453207;999657472;18714624;1113051136;0;0;0;0;0;0;0;0;0;0;0;2014;0;0;89;0;80;0;
13884;3988500;999657472;18714624;1113051136;0;0;0;0;0;0;0;0;0;0;0;2716;0;0;89;0;80;0;
13885;4709612;999657472;18714624;1113051136;0;0;0;0;0;0;0;0;0;0;0;2374;0;0;89;0;80;0;
13886;4033986;999657472;18714624;1113051136;0;0;0;0;0;0;0;0;0;0;0;3426;0;0;89;0;80;0;
13887;5441064;999657472;18714624;1113051136;0;0;0;0;0;0;0;0;0;0;0;5520;0;0;89;0;80;0;
13888;3147453;999657472;18714624;1113051136;0;0;0;0;0;0;0;0;0;0;0;2786;0;0;89;0;80;0;
13889;4723508;999657472;18714624;1113051136;0;0;0;0;0;0;0;0;0;0;0;2706;0;0;89;0;80;0;
13890;6317899;999657472;18714624;1113051136;0;0;0;0;0;0;0;0;0;0;0;3937;0;0;89;0;80;0;
13891;5500626;999657472;18714624;1113051136;0;0;0;0;0;0;0;0;0;0;0;2665;0;0;89;0;80;0;
13892;3868646;999657472;18714624;1113051136;0;0;0;0;0;0;0;0;0;0;0;2655;0;0;89;0;80;0;
13893;4500220;999657472;18714624;1113051136;0;0;0;0;0;0;0;0;0;0;0;2054;0;0;89;0;80;0;
13894;4379874;999657472;18714624;1113051136;0;0;0;0;0;0;0;0;0;0;0;2615;0;0;89;0;80;0;
13895;6166896;999657472;18714624;1113051136;0;0;0;0;0;0;0;0;0;0;0;2845;0;0;89;0;80;0;
13896;5044450;999657472;18714624;1113051136;0;0;0;0;0;0;0;0;0;0;0;4909;0;0;89;0;80;0;
13897;6485012;999657472;18714624;1113051136;0;0;0;0;0;0;0;0;0;0;0;2865;0;0;89;0;80;0;
13898;4979668;999657472;18714624;1113051136;0;0;0;0;0;0;0;0;0;0;0;3016;0;0;89;0;80;0;
13899;4941718;999657472;18714624;1113051136;0;0;0;0;0;0;0;0;0;0;0;2344;0;0;89;0;80;0;
13900;3692585;999657472;18714624;1113051136;0;0;0;0;0;0;0;0;0;0;0;2595;0;0;89;0;80;0;
13901;4896002;999657472;18714624;1113051136;0;0;0;0;0;0;0;0;0;0;0;1653;0;0;89;0;80;0;
13902;3261787;999657472;18714624;1113051136;0;0;0;0;0;0;0;0;0;0;0;3026;0;0;89;0;80;0;
13903;4779724;999657472;18714624;1113051136;0;0;0;0;0;0;0;0;0;0;0;2385;0;0;89;0;80;0;
13904;4447070;999657472;18714624;1113051136;0;0;0;0;0;0;0;0;0;0;0;3547;0;0;89;0;80;0;
13905;5979293;999657472;18714624;1113051136;0;0;0;0;0;0;0;0;0;0;0;4128;0;0;89;0;80;0;
13906;3582889;999657472;18714624;1113051136;0;0;0;0;0;0;0;0;0;0;0;2675;0;0;89;0;80;0;
13907;5058496;999657472;18714624;1113051136;0;0;0;0;0;0;0;0;0;0;0;1803;0;0;89;0;80;0;
13908;5023141;999657472;18714624;1113051136;0;0;0;0;0;0;0;0;0;0;0;2985;0;0;89;0;80;0;
13909;5127156;999657472;18714624;1113051136;0;0;0;0;0;0;0;0;0;0;0;2985;0;0;89;0;80;0;
13910;7238726;999657472;18714624;1113051136;0;0;0;0;0;0;0;0;0;0;0;2976;0;0;89;0;80;0;
13911;5122026;999657472;18714624;1113051136;0;0;0;0;0;0;0;0;0;0;0;2405;0;0;89;0;80;0;
13912;4915559;999657472;18714624;1113051136;0;0;0;0;0;0;0;0;0;0;0;3216;0;0;89;0;80;0;
13913;4673555;999657472;18714624;1113051136;0;0;0;0;0;0;0;0;0;0;0;1983;0;0;89;0;80;0;
13914;7991247;999657472;18714624;1113051136;0;0;0;0;0;0;0;0;0;0;0;3026;0;0;89;0;80;0;
13915;5175256;999657472;18714624;1113051136;0;0;0;0;0;0;0;0;0;0;0;2545;0;0;89;0;80;0;
13916;5351546;999657472;18714624;1113051136;0;0;0;0;0;0;0;0;0;0;0;6482;0;0;89;0;80;0;
13917;6681460;999657472;18714624;1113051136;0;0;0;0;0;0;0;0;0;0;0;3316;0;0;89;0;80;0;
13918;4950734;999657472;18714624;1113051136;0;0;0;0;0;0;0;0;0;0;0;3586;0;0;89;0;80;0;
13919;6384804;999657472;18714624;1113051136;0;0;0;0;0;0;0;0;0;0;0;3616;0;0;89;0;80;0;
13920;5043819;999657472;18714624;1113051136;0;0;0;0;0;0;0;0;0;0;0;3797;0;0;89;0;80;0;
13921;5274141;999657472;18714624;1113051136;0;0;0;0;0;0;0;0;0;0;0;2325;0;0;89;0;80;0;
13922;4645272;999657472;18714624;1113051136;0;0;0;0;0;0;0;0;0;0;0;2725;0;0;89;0;80;0;
13923;6679076;999657472;18714624;1113051136;0;0;0;0;0;0;0;0;0;0;0;3236;0;0;89;0;80;0;
13924;4103426;999657472;18714624;1113051136;0;0;0;0;0;0;0;0;0;0;0;3416;0;0;89;0;80;0;
13925;5534189;999657472;18714624;1113051136;0;0;0;0;0;0;0;0;0;0;0;2735;0;0;89;0;80;0;
13926;3957522;999657472;18714624;1113051136;0;0;0;0;0;0;0;0;0;0;0;3376;0;0;89;0;80;0;
13927;5651519;999657472;18714624;1113051136;0;0;0;0;0;0;0;0;0;0;0;2074;0;0;89;0;80;0;
13928;2635042;999657472;18714624;1113051136;0;0;0;0;0;0;0;0;0;0;0;2756;0;0;89;0;80;0;
13929;4879531;999657472;18714624;1113051136;0;0;0;0;0;0;0;0;0;0;0;2184;0;0;89;0;80;0;
13930;3886579;999657472;18714624;1113051136;0;0;0;0;0;0;0;0;0;0;0;3026;0;0;89;0;80;0;
13931;5886589;999657472;18714624;1113051136;0;0;0;0;0;0;0;0;0;0;0;2815;0;0;89;0;80;0;
13932;3478553;999657472;18714624;1113051136;0;0;0;0;0;0;0;0;0;0;0;3657;0;0;89;0;80;0;
13933;5531894;999657472;18714624;1113051136;0;0;0;0;0;0;0;0;0;0;0;2355;0;0;89;0;80;0;
13934;4028976;999657472;18714624;1113051136;0;0;0;0;0;0;0;0;0;0;0;3717;0;0;89;0;80;0;
13935;5632614;999657472;18714624;1113051136;0;0;0;0;0;0;0;0;0;0;0;2825;0;0;89;0;80;0;
13936;5484286;999657472;18714624;1113051136;0;0;0;0;0;0;0;0;0;0;0;3016;0;0;89;0;80;0;
13937;4903987;999657472;18714624;1113051136;0;0;0;0;0;0;0;0;0;0;0;2365;0;0;89;0;80;0;
13938;6280628;999657472;18714624;1113051136;0;0;0;0;0;0;0;0;0;0;0;3907;0;0;89;0;80;0;
13939;6719421;999657472;18714624;1113051136;0;0;0;0;0;0;0;0;0;0;0;3025;0;0;89;0;80;0;
13940;4390745;999657472;18714624;1113051136;0;0;0;0;0;0;0;0;0;0;0;3336;0;0;89;0;80;0;
13941;5873826;999657472;18714624;1113051136;0;0;0;0;0;0;0;0;0;0;0;2875;0;0;89;0;80;0;
13942;6161505;999657472;18714624;1113051136;0;0;0;0;0;0;0;0;0;0;0;3787;0;0;89;0;80;0;
13943;5636040;999657472;18714624;1113051136;0;0;0;0;0;0;0;0;0;0;0;3387;0;0;89;0;80;0;
13944;3823661;999657472;18714624;1113051136;0;0;0;0;0;0;0;0;0;0;0;3797;0;0;89;0;80;0;
13945;6401245;999657472;18714624;1113051136;0;0;0;0;0;0;0;0;0;0;0;2424;0;0;89;0;80;0;
13946;3984272;999657472;18714624;1113051136;0;0;0;0;0;0;0;0;0;0;0;3086;0;0;89;0;80;0;
13947;5393185;999657472;18714624;1113051136;0;0;0;0;0;0;0;0;0;0;0;2434;0;0;89;0;80;0;
13948;4081104;999657472;18714624;1113051136;0;0;0;0;0;0;0;0;0;0;0;3056;0;0;89;0;80;0;
13949;5630599;999657472;18714624;1113051136;0;0;0;0;0;0;0;0;0;0;0;2986;0;0;89;0;80;0;
13950;3546682;999657472;18714624;1113051136;0;0;0;0;0;0;0;0;0;0;0;2826;0;0;89;0;80;0;
13951;5529119;999657472;18714624;1113051136;0;0;0;0;0;0;0;0;0;0;0;3997;0;0;89;0;80;0;
13952;3918449;999657472;18714624;1113051136;0;0;0;0;0;0;0;0;0;0;0;3316;0;0;89;0;80;0;
13953;5403314;999657472;18714624;1113051136;0;0;0;0;0;0;0;0;0;0;0;2785;0;0;89;0;80;0;
13954;4830328;999657472;18714624;1113051136;0;0;0;0;0;0;0;0;0;0;0;3577;0;0;89;0;80;0;
13955;5533467;999657472;18714624;1113051136;0;0;0;0;0;0;0;0;0;0;0;3136;0;0;89;0;80;0;
13956;4943952;999657472;18714624;1113051136;0;0;0;0;0;0;0;0;0;0;0;3026;0;0;89;0;80;0;
13957;6194306;999657472;18714624;1113051136;0;0;0;0;0;0;0;0;0;0;0;2985;0;0;89;0;80;0;
13958;4850957;999657472;18714624;1113051136;0;0;0;0;0;0;0;0;0;0;0;3036;0;0;89;0;80;0;
13959;6201510;999657472;18714624;1113051136;0;0;0;0;0;0;0;0;0;0;0;2525;0;0;89;0;80;0;
13960;4484420;999657472;18714624;1113051136;0;0;0;0;0;0;0;0;0;0;0;2876;0;0;89;0;80;0;
13961;5682226;999657472;18714624;1113051136;0;0;0;0;0;0;0;0;0;0;0;3406;0;0;89;0;80;0;
13962;4917212;999657472;18714624;1113051136;0;0;0;0;0;0;0;0;0;0;0;3557;0;0;89;0;80;0;
13963;4852670;999657472;18714624;1113051136;0;0;0;0;0;0;0;0;0;0;0;3145;0;0;89;0;80;0;
13964;3943555;999657472;18714624;1113051136;0;0;0;0;0;0;0;0;0;0;0;3356;0;0;89;0;80;0;
13965;5447325;999657472;18714624;1113051136;0;0;0;0;0;0;0;0;0;0;0;3006;0;0;89;0;80;0;
13966;3386481;999657472;18714624;1113051136;0;0;0;0;0;0;0;0;0;0;0;2935;0;0;89;0;80;0;
13967;5379208;999657472;18714624;1113051136;0;0;0;0;0;0;0;0;0;0;0;2624;0;0;89;0;80;0;
13968;5081159;999657472;18714624;1113051136;0;0;0;0;0;0;0;0;0;0;0;2755;0;0;89;0;80;0;
13969;5981718;999657472;18714624;1113051136;0;0;0;0;0;0;0;0;0;0;0;2836;0;0;89;0;80;0;
13970;3186586;999657472;18714624;1113051136;0;0;0;0;0;0;0;0;0;0;0;3256;0;0;89;0;80;0;
13971;6151145;999657472;18714624;1113051136;0;0;0;0;0;0;0;0;0;0;0;3136;0;0;89;0;80;0;
13972;3091588;999657472;18714624;1113051136;0;0;0;0;0;0;0;0;0;0;0;2996;0;0;89;0;80;0;
13973;4738066;999657472;18714624;1113051136;0;0;0;0;0;0;0;0;0;0;0;2264;0;0;89;0;80;0;
13974;3907348;999657472;18714624;1113051136;0;0;0;0;0;0;0;0;0;0;0;2965;0;0;89;0;80;0;
13975;5794517;999657472;18714624;1113051136;0;0;0;0;0;0;0;0;0;0;0;2756;0;0;89;0;80;0;
13976;3579162;999657472;18714624;1113051136;0;0;0;0;0;0;0;0;0;0;0;3306;0;0;89;0;80;0;
13977;5231932;999657472;18714624;1113051136;0;0;0;0;0;0;0;0;0;0;0;2705;0;0;89;0;80;0;
13978;4020841;999657472;18714624;1113051136;0;0;0;0;0;0;0;0;0;0;0;3086;0;0;89;0;80;0;
13979;6450507;999657472;18714624;1113051136;0;0;0;0;0;0;0;0;0;0;0;2856;0;0;89;0;80;0;
13980;6792298;999657472;18714624;1113051136;0;0;0;0;0;0;0;0;0;0;0;3176;0;0;89;0;80;0;
13981;7002332;999657472;18714624;1113051136;0;0;0;0;0;0;0;0;0;0;0;3296;0;0;89;0;80;0;
13982;4590509;999657472;18714624;1113051136;0;0;0;0;0;0;0;0;0;0;0;3717;0;0;89;0;80;0;
13983;5334204;999657472;18714624;1113051136;0;0;0;0;0;0;0;0;0;0;0;2725;0;0;89;0;80;0;
13984;3209239;999657472;18714624;1113051136;0;0;0;0;0;0;0;0;0;0;0;3106;0;0;89;0;80;0;
13985;6354127;999657472;18714624;1113051136;0;0;0;0;0;0;0;0;0;0;0;2464;0;0;89;0;80;0;
13986;3193008;999657472;18714624;1113051136;0;0;0;0;0;0;0;0;0;0;0;2755;0;0;89;0;80;0;
13987;4596961;999657472;18714624;1113051136;0;0;0;0;0;0;0;0;0;0;0;1743;0;0;89;0;80;0;
13988;3097128;999657472;18714624;1113051136;0;0;0;0;0;0;0;0;0;0;0;2685;0;0;89;0;80;0;
13989;4533683;999657472;18714624;1113051136;0;0;0;0;0;0;0;0;0;0;0;1853;0;0;89;0;80;0;
13990;3495736;999657472;18714624;1113051136;0;0;0;0;0;0;0;0;0;0;0;3176;0;0;89;0;80;0;
13991;4240903;999657472;18714624;1113051136;0;0;0;0;0;0;0;0;0;0;0;1733;0;0;89;0;80;0;
13992;2841238;999657472;18714624;1113051136;0;0;0;0;0;0;0;0;0;0;0;3216;0;0;89;0;80;0;
13993;4443894;999657472;18714624;1113051136;0;0;0;0;0;0;0;0;0;0;0;1623;0;0;89;0;80;0;
13994;2878729;999657472;18714624;1113051136;0;0;0;0;0;0;0;0;0;0;0;2935;0;0;89;0;80;0;
13995;4186331;999657472;18714624;1113051136;0;0;0;0;0;0;0;0;0;0;0;2114;0;0;89;0;80;0;
13996;2778010;999657472;18714624;1113051136;0;0;0;0;0;0;0;0;0;0;0;2875;0;0;89;0;80;0;
13997;5051394;999657472;18714624;1113051136;0;0;0;0;0;0;0;0;0;0;0;2004;0;0;89;0;80;0;
13998;2702267;999657472;18714624;1113051136;0;0;0;0;0;0;0;0;0;0;0;3787;0;0;89;0;80;0;
13999;5088963;999657472;18714624;1113051136;0;0;0;0;0;0;0;0;0;0;0;1834;0;0;89;0;80;0;
14000;2138080;999657472;18714624;1113051136;0;0;0;0;0;0;0;0;0;0;0;3196;0;0;89;0;80;0;
14001;4616768;999657472;18714624;1113051136;0;0;0;0;0;0;0;0;0;0;0;2395;0;0;89;0;80;0;
14002;3313864;999657472;18714624;1113051136;0;0;0;0;0;0;0;0;0;0;0;3356;0;0;89;0;80;0;
14003;4929004;999657472;18714624;1113051136;0;0;0;0;0;0;0;0;0;0;0;2455;0;0;89;0;80;0;
14004;3010315;999657472;18714624;1113051136;0;0;0;0;0;0;0;0;0;0;0;2535;0;0;89;0;80;0;
14005;4761310;999657472;18714624;1113051136;0;0;0;0;0;0;0;0;0;0;0;2384;0;0;89;0;80;0;
14006;2265920;999657472;18714624;1113051136;0;0;0;0;0;0;0;0;0;0;0;2826;0;0;89;0;80;0;
14007;4596551;999657472;18714624;1113051136;0;0;0;0;0;0;0;0;0;0;0;2635;0;0;89;0;80;0;
14008;2193254;999657472;18714624;1113051136;0;0;0;0;0;0;0;0;0;0;0;2364;0;0;89;0;80;0;
14009;4347794;999657472;18714624;1113051136;0;0;0;0;0;0;0;0;0;0;0;1833;0;0;89;0;80;0;
14010;3254694;999657472;18714624;1113051136;0;0;0;0;0;0;0;0;0;0;0;2936;0;0;89;0;80;0;
14011;4875604;999657472;18714624;1113051136;0;0;0;0;0;0;0;0;0;0;0;1914;0;0;89;0;80;0;
14012;3956359;999657472;18714624;1113051136;0;0;0;0;0;0;0;0;0;0;0;2865;0;0;89;0;80;0;
14013;4464383;999657472;18714624;1113051136;0;0;0;0;0;0;0;0;0;0;0;1763;0;0;89;0;80;0;
14014;3480277;999657472;18714624;1113051136;0;0;0;0;0;0;0;0;0;0;0;2956;0;0;89;0;80;0;
14015;4882837;999657472;18714624;1113051136;0;0;0;0;0;0;0;0;0;0;0;2014;0;0;89;0;80;0;
14016;3986206;999657472;18714624;1113051136;0;0;0;0;0;0;0;0;0;0;0;2845;0;0;89;0;80;0;
14017;4591571;999657472;18714624;1113051136;0;0;0;0;0;0;0;0;0;0;0;2164;0;0;89;0;80;0;
14018;3362997;999657472;18714624;1113051136;0;0;0;0;0;0;0;0;0;0;0;3046;0;0;89;0;80;0;
14019;4586682;999657472;18714624;1113051136;0;0;0;0;0;0;0;0;0;0;0;1844;0;0;89;0;80;0;
14020;3761253;999657472;18714624;1113051136;0;0;0;0;0;0;0;0;0;0;0;2816;0;0;89;0;80;0;
14021;4745049;999657472;18714624;1113051136;0;0;0;0;0;0;0;0;0;0;0;1683;0;0;89;0;80;0;
14022;3450952;999657472;18714624;1113051136;0;0;0;0;0;0;0;0;0;0;0;2465;0;0;89;0;80;0;
14023;5096798;999657472;18714624;1113051136;0;0;0;0;0;0;0;0;0;0;0;2074;0;0;89;0;80;0;
14024;3026787;999657472;18714624;1113051136;0;0;0;0;0;0;0;0;0;0;0;2735;0;0;89;0;80;0;
14025;4521720;999657472;18714624;1113051136;0;0;0;0;0;0;0;0;0;0;0;1984;0;0;89;0;80;0;
14026;3593720;999657472;18714624;1113051136;0;0;0;0;0;0;0;0;0;0;0;2766;0;0;89;0;80;0;
14027;4694273;999657472;18714624;1113051136;0;0;0;0;0;0;0;0;0;0;0;1983;0;0;89;0;80;0;
14028;3347999;999657472;18714624;1113051136;0;0;0;0;0;0;0;0;0;0;0;2515;0;0;89;0;80;0;
14029;4925958;999657472;18714624;1113051136;0;0;0;0;0;0;0;0;0;0;0;2305;0;0;89;0;80;0;
14030;4358274;999657472;18714624;1113051136;0;0;0;0;0;0;0;0;0;0;0;5771;0;0;89;0;80;0;
14031;4791847;999657472;18714624;1113051136;0;0;0;0;0;0;0;0;0;0;0;2224;0;0;89;0;80;0;
14032;4265208;999657472;18714624;1113051136;0;0;0;0;0;0;0;0;0;0;0;5350;0;0;89;0;80;0;
14033;4727426;999657472;18714624;1113051136;0;0;0;0;0;0;0;0;0;0;0;2024;0;0;89;0;80;0;
14034;3880217;999657472;18714624;1113051136;0;0;0;0;0;0;0;0;0;0;0;2795;0;0;89;0;80;0;
14035;4625525;999657472;18714624;1113051136;0;0;0;0;0;0;0;0;0;0;0;1974;0;0;89;0;80;0;
14036;3650526;999657472;18714624;1113051136;0;0;0;0;0;0;0;0;0;0;0;2785;0;0;89;0;80;0;
14037;5229107;999657472;18714624;1113051136;0;0;0;0;0;0;0;0;0;0;0;2154;0;0;89;0;80;0;
14038;3351265;999657472;18714624;1113051136;0;0;0;0;0;0;0;0;0;0;0;2625;0;0;89;0;80;0;
14039;5125873;999657472;18714624;1113051136;0;0;0;0;0;0;0;0;0;0;0;5370;0;0;89;0;80;0;
14040;2938421;999657472;18714624;1113051136;0;0;0;0;0;0;0;0;0;0;0;2856;0;0;89;0;80;0;
14041;4497204;999657472;18714624;1113051136;0;0;0;0;0;0;0;0;0;0;0;2104;0;0;89;0;80;0;
14042;2393629;999657472;18714624;1113051136;0;0;0;0;0;0;0;0;0;0;0;1894;0;0;89;0;80;0;
14043;5041625;999657472;18714624;1113051136;0;0;0;0;0;0;0;0;0;0;0;1683;0;0;89;0;80;0;
14044;2709962;999657472;18714624;1113051136;0;0;0;0;0;0;0;0;0;0;0;2455;0;0;89;0;80;0;
14045;4337655;999657472;18714624;1113051136;0;0;0;0;0;0;0;0;0;0;0;1533;0;0;89;0;80;0;
14046;2358343;999657472;18714624;1113051136;0;0;0;0;0;0;0;0;0;0;0;1964;0;0;89;0;80;0;
14047;3997587;999657472;18714624;1113051136;0;0;0;0;0;0;0;0;0;0;0;1973;0;0;89;0;80;0;
14048;2495510;999657472;18714624;1113051136;0;0;0;0;0;0;0;0;0;0;0;1874;0;0;89;0;80;0;
14049;4632307;999657472;18714624;1113051136;0;0;0;0;0;0;0;0;0;0;0;1823;0;0;89;0;80;0;
14050;2212921;999657472;18714624;1113051136;0;0;0;0;0;0;0;0;0;0;0;1823;0;0;89;0;80;0;
14051;4154221;999657472;18714624;1113051136;0;0;0;0;0;0;0;0;0;0;0;1603;0;0;89;0;80;0;
14052;2162616;999657472;18714624;1113051136;0;0;0;0;0;0;0;0;0;0;0;1854;0;0;89;0;80;0;
14053;4467719;999657472;18714624;1113051136;0;0;0;0;0;0;0;0;0;0;0;1503;0;0;89;0;80;0;
14054;1940429;999657472;18714624;1113051136;0;0;0;0;0;0;0;0;0;0;0;1864;0;0;89;0;80;0;
14055;4482646;999657472;18714624;1113051136;0;0;0;0;0;0;0;0;0;0;0;1443;0;0;89;0;80;0;
14056;1825845;999657472;18714624;1113051136;0;0;0;0;0;0;0;0;0;0;0;1813;0;0;89;0;80;0;
14057;4303009;999657472;18714624;1113051136;0;0;0;0;0;0;0;0;0;0;0;1482;0;0;89;0;80;0;
14058;2588124;999657472;18714624;1113051136;0;0;0;0;0;0;0;0;0;0;0;2034;0;0;89;0;80;0;
14059;4523594;999657472;18714624;1113051136;0;0;0;0;0;0;0;0;0;0;0;1443;0;0;89;0;80;0;
14060;2741020;999657472;18714624;1113051136;0;0;0;0;0;0;0;0;0;0;0;2194;0;0;89;0;80;0;
14061;4227818;999657472;18714624;1113051136;0;0;0;0;0;0;0;0;0;0;0;1694;0;0;89;0;80;0;
14062;2504507;999657472;18714624;1113051136;0;0;0;0;0;0;0;0;0;0;0;2204;0;0;89;0;80;0;
14063;4154512;999657472;18714624;1113051136;0;0;0;0;0;0;0;0;0;0;0;2174;0;0;89;0;80;0;
14064;12231769;999657472;18714624;1113051136;0;0;0;0;0;0;0;0;0;0;0;2435;0;0;89;0;80;0;
14065;4795684;999657472;18714624;1113051136;0;0;0;0;0;0;0;0;0;0;0;1553;0;0;89;0;80;0;
14066;4175972;999657472;18714624;1113051136;0;0;0;0;0;0;0;0;0;0;0;2565;0;0;89;0;80;0;
14067;4246033;999657472;18714624;1113051136;0;0;0;0;0;0;0;0;0;0;0;1934;0;0;89;0;80;0;
14068;2673514;999657472;18714624;1113051136;0;0;0;0;0;0;0;0;0;0;0;2354;0;0;89;0;80;0;
14069;4329689;999657472;18714624;1113051136;0;0;0;0;0;0;0;0;0;0;0;1593;0;0;89;0;80;0;
14070;2396384;999657472;18714624;1113051136;0;0;0;0;0;0;0;0;0;0;0;2275;0;0;89;0;80;0;
14071;4553410;999657472;18714624;1113051136;0;0;0;0;0;0;0;0;0;0;0;2044;0;0;89;0;80;0;
14072;2684163;999657472;18714624;1113051136;0;0;0;0;0;0;0;0;0;0;0;2113;0;0;89;0;80;0;
14073;4473169;999657472;18714624;1113051136;0;0;0;0;0;0;0;0;0;0;0;1893;0;0;89;0;80;0;
14074;2754195;999657472;18714624;1113051136;0;0;0;0;0;0;0;0;0;0;0;2244;0;0;89;0;80;0;
14075;4495350;999657472;18714624;1113051136;0;0;0;0;0;0;0;0;0;0;0;2725;0;0;89;0;80;0;
14076;2671310;999657472;18714624;1113051136;0;0;0;0;0;0;0;0;0;0;0;2084;0;0;89;0;80;0;
14077;4140896;999657472;18714624;1113051136;0;0;0;0;0;0;0;0;0;0;0;1683;0;0;89;0;80;0;
14078;3747068;999657472;18714624;1113051136;0;0;0;0;0;0;0;0;0;0;0;2254;0;0;89;0;80;0;
14079;4704914;999657472;18714624;1113051136;0;0;0;0;0;0;0;0;0;0;0;1853;0;0;89;0;80;0;
14080;2823615;999657472;18714624;1113051136;0;0;0;0;0;0;0;0;0;0;0;2244;0;0;89;0;80;0;
14081;4395072;999657472;18714624;1113051136;0;0;0;0;0;0;0;0;0;0;0;1833;0;0;89;0;80;0;
14082;3547604;999657472;18714624;1113051136;0;0;0;0;0;0;0;0;0;0;0;2254;0;0;89;0;80;0;
14083;4652645;999657472;18714624;1113051136;0;0;0;0;0;0;0;0;0;0;0;1803;0;0;89;0;80;0;
14084;3257208;999657472;18714624;1113051136;0;0;0;0;0;0;0;0;0;0;0;1974;0;0;89;0;80;0;
14085;4199085;999657472;18714624;1113051136;0;0;0;0;0;0;0;0;0;0;0;1683;0;0;89;0;80;0;
14086;2927821;999657472;18714624;1113051136;0;0;0;0;0;0;0;0;0;0;0;2074;0;0;89;0;80;0;
14087;4749908;999657472;18714624;1113051136;0;0;0;0;0;0;0;0;0;0;0;1833;0;0;89;0;80;0;
14088;2618070;999657472;18714624;1113051136;0;0;0;0;0;0;0;0;0;0;0;2204;0;0;89;0;80;0;
14089;4237717;999657472;18714624;1113051136;0;0;0;0;0;0;0;0;0;0;0;2144;0;0;89;0;80;0;
14090;3209289;999657472;18714624;1113051136;0;0;0;0;0;0;0;0;0;0;0;2214;0;0;89;0;80;0;
14091;4675358;999657472;18714624;1113051136;0;0;0;0;0;0;0;0;0;0;0;2134;0;0;89;0;80;0;
14092;3425404;999657472;18714624;1113051136;0;0;0;0;0;0;0;0;0;0;0;2935;0;0;89;0;80;0;
14093;4400051;999657472;18714624;1113051136;0;0;0;0;0;0;0;0;0;0;0;1633;0;0;89;0;80;0;
14094;3223916;999657472;18714624;1113051136;0;0;0;0;0;0;0;0;0;0;0;5671;0;0;89;0;80;0;
14095;5633435;999657472;18714624;1113051136;0;0;0;0;0;0;0;0;0;0;0;3045;0;0;89;0;80;0;
14096;5112538;999657472;18714624;1113051136;0;0;0;0;0;0;0;0;0;0;0;3386;0;0;89;0;80;0;
14097;4789182;999657472;18714624;1113051136;0;0;0;0;0;0;0;0;0;0;0;2224;0;0;89;0;80;0;
14098;4019498;999657472;18714624;1113051136;0;0;0;0;0;0;0;0;0;0;0;2916;0;0;89;0;80;0;
14099;4374073;999657472;18714624;1113051136;0;0;0;0;0;0;0;0;0;0;0;1884;0;0;89;0;80;0;
14100;5226031;999657472;18714624;1113051136;0;0;0;0;0;0;0;0;0;0;0;3547;0;0;89;0;80;0;
14101;5057024;999657472;18714624;1113051136;0;0;0;0;0;0;0;0;0;0;0;1623;0;0;89;0;80;0;
14102;3299438;999657472;18714624;1113051136;0;0;0;0;0;0;0;0;0;0;0;4017;0;0;89;0;80;0;
14103;5113680;999657472;18714624;1113051136;0;0;0;0;0;0;0;0;0;0;0;56927;0;0;89;0;80;0;
14104;5879776;999657472;18714624;1113051136;0;0;0;0;0;0;0;0;0;0;0;4198;0;0;89;0;80;0;
14105;4637517;999657472;18714624;1113051136;0;0;0;0;0;0;0;0;0;0;0;3627;0;0;89;0;80;0;
14106;4962296;999657472;18714624;1113051136;0;0;0;0;0;0;0;0;0;0;0;43622;0;0;89;0;80;0;
14107;4886824;999657472;18714624;1113051136;0;0;0;0;0;0;0;0;0;0;0;2234;0;0;89;0;80;0;
14108;3916335;999657472;18714624;1113051136;0;0;0;0;0;0;0;0;0;0;0;2184;0;0;89;0;80;0;
14109;4007045;999657472;18714624;1113051136;0;0;0;0;0;0;0;0;0;0;0;1403;0;0;89;0;80;0;
14110;3815596;999657472;18714624;1113051136;0;0;0;0;0;0;0;0;0;0;0;2345;0;0;89;0;80;0;
14111;5589102;999657472;18714624;1113051136;0;0;0;0;0;0;0;0;0;0;0;1813;0;0;89;0;80;0;
14112;2436579;999657472;18714624;1113051136;0;0;0;0;0;0;0;0;0;0;0;1873;0;0;89;0;80;0;
14113;4538411;999657472;18714624;1113051136;0;0;0;0;0;0;0;0;0;0;0;1733;0;0;89;0;80;0;
14114;2972555;999657472;18714624;1113051136;0;0;0;0;0;0;0;0;0;0;0;1974;0;0;89;0;80;0;
14115;4624943;999657472;18714624;1113051136;0;0;0;0;0;0;0;0;0;0;0;1913;0;0;89;0;80;0;
14116;4191330;999657472;18714624;1113051136;0;0;0;0;0;0;0;0;0;0;0;3978;0;0;89;0;80;0;
14117;5600052;999657472;18714624;1113051136;0;0;0;0;0;0;0;0;0;0;0;2204;0;0;89;0;80;0;
14118;6737055;999657472;18714624;1113051136;0;0;0;0;0;0;0;0;0;0;0;2405;0;0;89;0;80;0;
14119;5904864;999657472;18714624;1113051136;0;0;0;0;0;0;0;0;0;0;0;1983;0;0;89;0;80;0;
14120;5262720;999657472;18714624;1113051136;0;0;0;0;0;0;0;0;0;0;0;3296;0;0;89;0;80;0;
14121;5302274;999657472;18714624;1113051136;0;0;0;0;0;0;0;0;0;0;0;2796;0;0;89;0;80;0;
14122;6445047;999657472;18714624;1113051136;0;0;0;0;0;0;0;0;0;0;0;4308;0;0;89;0;80;0;
14123;4828225;999657472;18714624;1113051136;0;0;0;0;0;0;0;0;0;0;0;2926;0;0;89;0;80;0;
14124;5255336;999657472;18714624;1113051136;0;0;0;0;0;0;0;0;0;0;0;2905;0;0;89;0;80;0;
14125;5148906;999657472;18714624;1113051136;0;0;0;0;0;0;0;0;0;0;0;3606;0;0;89;0;80;0;
14126;3103671;999657472;18714624;1113051136;0;0;0;0;0;0;0;0;0;0;0;3186;0;0;89;0;80;0;
14127;7065811;999657472;18714624;1113051136;0;0;0;0;0;0;0;0;0;0;0;3927;0;0;89;0;80;0;
14128;4669387;999657472;18714624;1113051136;0;0;0;0;0;0;0;0;0;0;0;3877;0;0;89;0;80;0;
14129;6271441;999657472;18714624;1113051136;0;0;0;0;0;0;0;0;0;0;0;3476;0;0;89;0;80;0;
14130;4263946;999657472;18714624;1113051136;0;0;0;0;0;0;0;0;0;0;0;4468;0;0;89;0;80;0;
14131;5856002;999657472;18714624;1113051136;0;0;0;0;0;0;0;0;0;0;0;3637;0;0;89;0;80;0;
14132;4182735;999657472;18714624;1113051136;0;0;0;0;0;0;0;0;0;0;0;3887;0;0;89;0;80;0;
14133;7196526;999657472;18714624;1113051136;0;0;0;0;0;0;0;0;0;0;0;3396;0;0;89;0;80;0;
14134;6191322;999657472;18714624;1113051136;0;0;0;0;0;0;0;0;0;0;0;3115;0;0;89;0;80;0;
14135;5715228;999657472;18714624;1113051136;0;0;0;0;0;0;0;0;0;0;0;3016;0;0;89;0;80;0;
14136;5978141;999657472;18714624;1113051136;0;0;0;0;0;0;0;0;0;0;0;2886;0;0;89;0;80;0;
14137;6203854;999657472;18714624;1113051136;0;0;0;0;0;0;0;0;0;0;0;2976;0;0;89;0;80;0;
14138;3406568;999657472;18714624;1113051136;0;0;0;0;0;0;0;0;0;0;0;3697;0;0;89;0;80;0;
14139;5712634;999657472;18714624;1113051136;0;0;0;0;0;0;0;0;0;0;0;4679;0;0;89;0;80;0;
14140;3870999;999657472;18714624;1113051136;0;0;0;0;0;0;0;0;0;0;0;3517;0;0;89;0;80;0;
14141;6588897;999657472;18714624;1113051136;0;0;0;0;0;0;0;0;0;0;0;5511;0;0;89;0;80;0;
14142;4665510;999657472;18714624;1113051136;0;0;0;0;0;0;0;0;0;0;0;3767;0;0;89;0;80;0;
14143;5992188;999657472;18714624;1113051136;0;0;0;0;0;0;0;0;0;0;0;3998;0;0;89;0;80;0;
14144;5355213;999657472;18714624;1113051136;0;0;0;0;0;0;0;0;0;0;0;3837;0;0;89;0;80;0;
14145;4876525;999657472;18714624;1113051136;0;0;0;0;0;0;0;0;0;0;0;2555;0;0;89;0;80;0;
14146;5115323;999657472;18714624;1113051136;0;0;0;0;0;0;0;0;0;0;0;3928;0;0;89;0;80;0;
14147;6315404;999657472;18714624;1113051136;0;0;0;0;0;0;0;0;0;0;0;4228;0;0;89;0;80;0;
14148;3990134;999657472;18714624;1113051136;0;0;0;0;0;0;0;0;0;0;0;5991;0;0;89;0;80;0;
14149;5565578;999657472;18714624;1113051136;0;0;0;0;0;0;0;0;0;0;0;2906;0;0;89;0;80;0;
14150;3500364;999657472;18714624;1113051136;0;0;0;0;0;0;0;0;0;0;0;2915;0;0;89;0;80;0;
14151;5017630;999657472;18714624;1113051136;0;0;0;0;0;0;0;0;0;0;0;2605;0;0;89;0;80;0;
14152;4396205;999657472;18714624;1113051136;0;0;0;0;0;0;0;0;0;0;0;3717;0;0;89;0;80;0;
14153;4532460;999657472;18714624;1113051136;0;0;0;0;0;0;0;0;0;0;0;2474;0;0;89;0;80;0;
14154;4695796;999657472;18714624;1113051136;0;0;0;0;0;0;0;0;0;0;0;3617;0;0;89;0;80;0;
14155;6056087;999657472;18714624;1113051136;0;0;0;0;0;0;0;0;0;0;0;2414;0;0;89;0;80;0;
14156;4221507;999657472;18714624;1113051136;0;0;0;0;0;0;0;0;0;0;0;3958;0;0;89;0;80;0;
14157;5932255;999657472;18714624;1113051136;0;0;0;0;0;0;0;0;0;0;0;2675;0;0;89;0;80;0;
14158;5301663;999657472;18714624;1113051136;0;0;0;0;0;0;0;0;0;0;0;3647;0;0;89;0;80;0;
14159;5151561;999657472;18714624;1113051136;0;0;0;0;0;0;0;0;0;0;0;3377;0;0;89;0;80;0;
14160;4307478;999657472;18714624;1113051136;0;0;0;0;0;0;0;0;0;0;0;3066;0;0;89;0;80;0;
14161;5043057;999657472;18714624;1113051136;0;0;0;0;0;0;0;0;0;0;0;2144;0;0;89;0;80;0;
14162;6153079;999657472;18714624;1113051136;0;0;0;0;0;0;0;0;0;0;0;6211;0;0;89;0;80;0;
14163;5265785;999657472;18714624;1113051136;0;0;0;0;0;0;0;0;0;0;0;2465;0;0;89;0;80;0;
14164;4445808;999657472;18714624;1113051136;0;0;0;0;0;0;0;0;0;0;0;3557;0;0;89;0;80;0;
14165;5226462;999657472;18714624;1113051136;0;0;0;0;0;0;0;0;0;0;0;1863;0;0;89;0;80;0;
14166;4840758;999657472;18714624;1113051136;0;0;0;0;0;0;0;0;0;0;0;4468;0;0;89;0;80;0;
14167;4486584;999657472;18714624;1113051136;0;0;0;0;0;0;0;0;0;0;0;2384;0;0;89;0;80;0;
14168;3402481;999657472;18714624;1113051136;0;0;0;0;0;0;0;0;0;0;0;2885;0;0;89;0;80;0;
14169;5419965;999657472;18714624;1113051136;0;0;0;0;0;0;0;0;0;0;0;1823;0;0;89;0;80;0;
14170;3255194;999657472;18714624;1113051136;0;0;0;0;0;0;0;0;0;0;0;3136;0;0;89;0;80;0;
14171;4685758;999657472;18714624;1113051136;0;0;0;0;0;0;0;0;0;0;0;2044;0;0;89;0;80;0;
14172;3649364;999657472;18714624;1113051136;0;0;0;0;0;0;0;0;0;0;0;2665;0;0;89;0;80;0;
14173;5022288;999657472;18714624;1113051136;0;0;0;0;0;0;0;0;0;0;0;2234;0;0;89;0;80;0;
14174;3676666;999657472;18714624;1113051136;0;0;0;0;0;0;0;0;0;0;0;3707;0;0;89;0;80;0;
14175;5300771;999657472;18714624;1113051136;0;0;0;0;0;0;0;0;0;0;0;2725;0;0;89;0;80;0;
14176;3716921;999657472;18714624;1113051136;0;0;0;0;0;0;0;0;0;0;0;3556;0;0;89;0;80;0;
14177;4693262;999657472;18714624;1113051136;0;0;0;0;0;0;0;0;0;0;0;1643;0;0;89;0;80;0;
14178;4335952;999657472;18714624;1113051136;0;0;0;0;0;0;0;0;0;0;0;3787;0;0;89;0;80;0;
14179;4564871;999657472;18714624;1113051136;0;0;0;0;0;0;0;0;0;0;0;2534;0;0;89;0;80;0;
14180;3645396;999657472;18714624;1113051136;0;0;0;0;0;0;0;0;0;0;0;3086;0;0;89;0;80;0;
14181;4826932;999657472;18718720;1113055232;0;0;0;0;0;0;0;0;0;0;0;3006;0;0;89;0;80;0;
14182;3485978;999657472;18718720;1113055232;0;0;0;0;0;0;0;0;0;0;0;3487;0;0;89;0;80;0;
14183;4981062;999657472;18718720;1113055232;0;0;0;0;0;0;0;0;0;0;0;3277;0;0;89;0;80;0;
14184;3608568;999657472;18718720;1113055232;0;0;0;0;0;0;0;0;0;0;0;3677;0;0;89;0;80;0;
14185;5056242;999657472;18718720;1113055232;0;0;0;0;0;0;0;0;0;0;0;3176;0;0;89;0;80;0;
14186;3198758;999657472;18718720;1113055232;0;0;0;0;0;0;0;0;0;0;0;2715;0;0;89;0;80;0;
14187;6061919;999657472;18718720;1113055232;0;0;0;0;0;0;0;0;0;0;0;5350;0;0;89;0;80;0;
14188;5160318;999657472;18718720;1113055232;0;0;0;0;0;0;0;0;0;0;0;3716;0;0;89;0;80;0;
14189;4862720;999657472;18718720;1113055232;0;0;0;0;0;0;0;0;0;0;0;3677;0;0;89;0;80;0;
14190;2754687;999657472;18718720;1113055232;0;0;0;0;0;0;0;0;0;0;0;2385;0;0;89;0;80;0;
14191;5493873;999657472;18718720;1113055232;0;0;0;0;0;0;0;0;0;0;0;3116;0;0;89;0;80;0;
14192;4021913;999657472;18718720;1113055232;0;0;0;0;0;0;0;0;0;0;0;2685;0;0;89;0;80;0;
14193;4959672;999657472;18718720;1113055232;0;0;0;0;0;0;0;0;0;0;0;4579;0;0;89;0;80;0;
14194;2611107;999657472;18718720;1113055232;0;0;0;0;0;0;0;0;0;0;0;2535;0;0;89;0;80;0;
14195;5078134;999657472;18718720;1113055232;0;0;0;0;0;0;0;0;0;0;0;4148;0;0;89;0;80;0;
14196;3615250;999657472;18718720;1113055232;0;0;0;0;0;0;0;0;0;0;0;2745;0;0;89;0;80;0;
14197;5151852;999657472;18718720;1113055232;0;0;0;0;0;0;0;0;0;0;0;2925;0;0;89;0;80;0;
14198;3121835;999657472;18718720;1113055232;0;0;0;0;0;0;0;0;0;0;0;2454;0;0;89;0;80;0;
14199;5020776;999657472;18718720;1113055232;0;0;0;0;0;0;0;0;0;0;0;2454;0;0;89;0;80;0;
14200;4237136;999657472;18718720;1113055232;0;0;0;0;0;0;0;0;0;0;0;2234;0;0;89;0;80;0;
14201;4999165;999657472;18718720;1113055232;0;0;0;0;0;0;0;0;0;0;0;1803;0;0;89;0;80;0;
14202;3214368;999657472;18718720;1113055232;0;0;0;0;0;0;0;0;0;0;0;2044;0;0;89;0;80;0;
14203;5746367;999657472;18718720;1113055232;0;0;0;0;0;0;0;0;0;0;0;2204;0;0;89;0;80;0;
14204;3144677;999657472;18718720;1113055232;0;0;0;0;0;0;0;0;0;0;0;1703;0;0;89;0;80;0;
14205;5391922;999657472;18718720;1113055232;0;0;0;0;0;0;0;0;0;0;0;1934;0;0;89;0;80;0;
14206;3053837;999657472;18718720;1113055232;0;0;0;0;0;0;0;0;0;0;0;2003;0;0;89;0;80;0;
14207;4714181;999657472;18718720;1113055232;0;0;0;0;0;0;0;0;0;0;0;2274;0;0;89;0;80;0;
14208;3624978;999657472;18718720;1113055232;0;0;0;0;0;0;0;0;0;0;0;1843;0;0;89;0;80;0;
14209;4566164;999657472;18718720;1113055232;0;0;0;0;0;0;0;0;0;0;0;1733;0;0;89;0;80;0;
14210;1723933;999657472;18718720;1113055232;0;0;0;0;0;0;0;0;0;0;0;1703;0;0;89;0;80;0;
14211;5523770;999657472;18718720;1113055232;0;0;0;0;0;0;0;0;0;0;0;2124;0;0;89;0;80;0;
14212;2322736;999657472;18718720;1113055232;0;0;0;0;0;0;0;0;0;0;0;2314;0;0;89;0;80;0;
14213;5813823;999657472;18718720;1113055232;0;0;0;0;0;0;0;0;0;0;0;2685;0;0;89;0;80;0;
14214;3871260;999657472;18718720;1113055232;0;0;0;0;0;0;0;0;0;0;0;2164;0;0;89;0;80;0;
14215;4691278;999657472;18718720;1113055232;0;0;0;0;0;0;0;0;0;0;0;2134;0;0;89;0;80;0;
14216;3397491;999657472;18718720;1113055232;0;0;0;0;0;0;0;0;0;0;0;1803;0;0;89;0;80;0;
14217;4632628;999657472;18718720;1113055232;0;0;0;0;0;0;0;0;0;0;0;1784;0;0;89;0;80;0;
14218;2180629;999657472;18718720;1113055232;0;0;0;0;0;0;0;0;0;0;0;1703;0;0;89;0;80;0;
14219;4704914;999657472;18718720;1113055232;0;0;0;0;0;0;0;0;0;0;0;2134;0;0;89;0;80;0;
14220;3017710;999657472;18718720;1113055232;0;0;0;0;0;0;0;0;0;0;0;1983;0;0;89;0;80;0;
14221;4401404;999657472;18718720;1113055232;0;0;0;0;0;0;0;0;0;0;0;1923;0;0;89;0;80;0;
14222;3368127;999657472;18718720;1113055232;0;0;0;0;0;0;0;0;0;0;0;2355;0;0;89;0;80;0;
14223;4628841;999657472;18718720;1113055232;0;0;0;0;0;0;0;0;0;0;0;1944;0;0;89;0;80;0;
14224;3228104;999657472;18718720;1113055232;0;0;0;0;0;0;0;0;0;0;0;2033;0;0;89;0;80;0;
14225;4777089;999657472;18718720;1113055232;0;0;0;0;0;0;0;0;0;0;0;2014;0;0;89;0;80;0;
14226;2238247;999657472;18718720;1113055232;0;0;0;0;0;0;0;0;0;0;0;1643;0;0;89;0;80;0;
14227;4883619;999657472;18718720;1113055232;0;0;0;0;0;0;0;0;0;0;0;2294;0;0;89;0;80;0;
14228;2933311;999657472;18718720;1113055232;0;0;0;0;0;0;0;0;0;0;0;2024;0;0;89;0;80;0;
14229;5345585;999657472;18718720;1113055232;0;0;0;0;0;0;0;0;0;0;0;1893;0;0;89;0;80;0;
14230;2891623;999657472;18718720;1113055232;0;0;0;0;0;0;0;0;0;0;0;2405;0;0;89;0;80;0;
14231;5280012;999657472;18718720;1113055232;0;0;0;0;0;0;0;0;0;0;0;2355;0;0;89;0;80;0;
14232;3542664;999657472;18718720;1113055232;0;0;0;0;0;0;0;0;0;0;0;2485;0;0;89;0;80;0;
14233;4642547;999657472;18718720;1113055232;0;0;0;0;0;0;0;0;0;0;0;2254;0;0;89;0;80;0;
14234;2352502;999657472;18718720;1113055232;0;0;0;0;0;0;0;0;0;0;0;2024;0;0;89;0;80;0;
14235;4699753;999657472;18718720;1113055232;0;0;0;0;0;0;0;0;0;0;0;2304;0;0;89;0;80;0;
14236;2867177;999657472;18718720;1113055232;0;0;0;0;0;0;0;0;0;0;0;2184;0;0;89;0;80;0;
14237;4573858;999657472;18718720;1113055232;0;0;0;0;0;0;0;0;0;0;0;2224;0;0;89;0;80;0;
14238;3256828;999657472;18718720;1113055232;0;0;0;0;0;0;0;0;0;0;0;2104;0;0;89;0;80;0;
14239;4714912;999657472;18718720;1113055232;0;0;0;0;0;0;0;0;0;0;0;1994;0;0;89;0;80;0;
14240;3502920;999657472;18718720;1113055232;0;0;0;0;0;0;0;0;0;0;0;2435;0;0;89;0;80;0;
14241;5100755;999657472;18718720;1113055232;0;0;0;0;0;0;0;0;0;0;0;2375;0;0;89;0;80;0;
14242;3631621;999657472;18718720;1113055232;0;0;0;0;0;0;0;0;0;0;0;2054;0;0;89;0;80;0;
14243;5747198;999657472;18718720;1113055232;0;0;0;0;0;0;0;0;0;0;0;60624;0;0;89;0;80;0;
14244;3894904;999657472;18718720;1113055232;0;0;0;0;0;0;0;0;0;0;0;1734;0;0;89;0;80;0;
14245;4764776;999657472;18718720;1113055232;0;0;0;0;0;0;0;0;0;0;0;2104;0;0;89;0;80;0;
14246;3465109;999657472;18718720;1113055232;0;0;0;0;0;0;0;0;0;0;0;1863;0;0;89;0;80;0;
14247;5117557;999657472;18718720;1113055232;0;0;0;0;0;0;0;0;0;0;0;2434;0;0;89;0;80;0;
14248;2482445;999657472;18718720;1113055232;0;0;0;0;0;0;0;0;0;0;0;2184;0;0;89;0;80;0;
14249;5877312;999657472;18718720;1113055232;0;0;0;0;0;0;0;0;0;0;0;2114;0;0;89;0;80;0;
14250;2942318;999657472;18718720;1113055232;0;0;0;0;0;0;0;0;0;0;0;1994;0;0;89;0;80;0;
14251;5057615;999657472;18718720;1113055232;0;0;0;0;0;0;0;0;0;0;0;2254;0;0;89;0;80;0;
14252;3815045;999657472;18718720;1113055232;0;0;0;0;0;0;0;0;0;0;0;1854;0;0;89;0;80;0;
14253;5245257;999657472;18718720;1113055232;0;0;0;0;0;0;0;0;0;0;0;2073;0;0;89;0;80;0;
14254;3091898;999657472;18718720;1113055232;0;0;0;0;0;0;0;0;0;0;0;3877;0;0;89;0;80;0;
14255;5049941;999657472;18718720;1113055232;0;0;0;0;0;0;0;0;0;0;0;3367;0;0;89;0;80;0;
14256;3817539;999657472;18718720;1113055232;0;0;0;0;0;0;0;0;0;0;0;2244;0;0;89;0;80;0;
14257;5032258;999657472;18718720;1113055232;0;0;0;0;0;0;0;0;0;0;0;2475;0;0;89;0;80;0;
14258;3852134;999657472;18718720;1113055232;0;0;0;0;0;0;0;0;0;0;0;2846;0;0;89;0;80;0;
14259;5035212;999657472;18718720;1113055232;0;0;0;0;0;0;0;0;0;0;0;2806;0;0;89;0;80;0;
14260;4127801;999657472;18718720;1113055232;0;0;0;0;0;0;0;0;0;0;0;2855;0;0;89;0;80;0;
14261;5304017;999657472;18718720;1113055232;0;0;0;0;0;0;0;0;0;0;0;2625;0;0;89;0;80;0;
14262;3806008;999657472;18718720;1113055232;0;0;0;0;0;0;0;0;0;0;0;2505;0;0;89;0;80;0;
14263;6546968;999657472;18718720;1113055232;0;0;0;0;0;0;0;0;0;0;0;3206;0;0;89;0;80;0;
14264;5015746;999657472;18718720;1113055232;0;0;0;0;0;0;0;0;0;0;0;2875;0;0;89;0;80;0;
14265;4725231;999657472;18718720;1113055232;0;0;0;0;0;0;0;0;0;0;0;2885;0;0;89;0;80;0;
14266;4994477;999657472;18718720;1113055232;0;0;0;0;0;0;0;0;0;0;0;2835;0;0;89;0;80;0;
14267;5238414;999657472;18718720;1113055232;0;0;0;0;0;0;0;0;0;0;0;3576;0;0;89;0;80;0;
14268;5345736;999657472;18718720;1113055232;0;0;0;0;0;0;0;0;0;0;0;2885;0;0;89;0;80;0;
14269;5750494;999657472;18718720;1113055232;0;0;0;0;0;0;0;0;0;0;0;260859;0;0;89;0;80;0;
14270;4193164;999657472;18718720;1113055232;0;0;0;0;0;0;0;0;0;0;0;2685;0;0;89;0;80;0;
14271;7026998;999657472;18718720;1113055232;0;0;0;0;0;0;0;0;0;0;0;2675;0;0;89;0;80;0;
14272;5227914;999657472;18718720;1113055232;0;0;0;0;0;0;0;0;0;0;0;2755;0;0;89;0;80;0;
14273;5428411;999657472;18718720;1113055232;0;0;0;0;0;0;0;0;0;0;0;3136;0;0;89;0;80;0;
14274;4092725;999657472;18718720;1113055232;0;0;0;0;0;0;0;0;0;0;0;2816;0;0;89;0;80;0;
14275;5731809;999657472;18718720;1113055232;0;0;0;0;0;0;0;0;0;0;0;3136;0;0;89;0;80;0;
14276;3500955;999657472;18718720;1113055232;0;0;0;0;0;0;0;0;0;0;0;2845;0;0;89;0;80;0;
14277;4860826;999657472;18718720;1113055232;0;0;0;0;0;0;0;0;0;0;0;1933;0;0;89;0;80;0;
14278;3450180;999657472;18718720;1113055232;0;0;0;0;0;0;0;0;0;0;0;2685;0;0;89;0;80;0;
14279;5160828;999657472;18718720;1113055232;0;0;0;0;0;0;0;0;0;0;0;2965;0;0;89;0;80;0;
14280;4475473;999657472;18718720;1113055232;0;0;0;0;0;0;0;0;0;0;0;2715;0;0;89;0;80;0;
14281;4947809;999657472;18718720;1113055232;0;0;0;0;0;0;0;0;0;0;0;2394;0;0;89;0;80;0;
14282;2890311;999657472;18718720;1113055232;0;0;0;0;0;0;0;0;0;0;0;2394;0;0;89;0;80;0;
14283;4386757;999657472;18718720;1113055232;0;0;0;0;0;0;0;0;0;0;0;2134;0;0;89;0;80;0;
14284;3731087;999657472;18718720;1113055232;0;0;0;0;0;0;0;0;0;0;0;2575;0;0;89;0;80;0;
14285;10422977;999657472;18718720;1113055232;0;0;0;0;0;0;0;0;0;0;0;2665;0;0;89;0;80;0;
14286;3624157;999657472;18718720;1113055232;0;0;0;0;0;0;0;0;0;0;0;2955;0;0;89;0;80;0;
14287;4831671;999657472;18718720;1113055232;0;0;0;0;0;0;0;0;0;0;0;3106;0;0;89;0;80;0;
14288;4055115;999657472;18718720;1113055232;0;0;0;0;0;0;0;0;0;0;0;2825;0;0;89;0;80;0;
14289;5218266;999657472;18718720;1113055232;0;0;0;0;0;0;0;0;0;0;0;3687;0;0;89;0;80;0;
14290;4939845;999657472;18718720;1113055232;0;0;0;0;0;0;0;0;0;0;0;2695;0;0;89;0;80;0;
14291;5123318;999657472;18718720;1113055232;0;0;0;0;0;0;0;0;0;0;0;2825;0;0;89;0;80;0;
14292;3591535;999657472;18718720;1113055232;0;0;0;0;0;0;0;0;0;0;0;3246;0;0;89;0;80;0;
14293;5005968;999657472;18718720;1113055232;0;0;0;0;0;0;0;0;0;0;0;3126;0;0;89;0;80;0;
14294;5197117;999657472;18718720;1113055232;0;0;0;0;0;0;0;0;0;0;0;2635;0;0;89;0;80;0;
14295;5454981;999657472;18718720;1113055232;0;0;0;0;0;0;0;0;0;0;0;2966;0;0;89;0;80;0;
14296;3369239;999657472;18718720;1113055232;0;0;0;0;0;0;0;0;0;0;0;2665;0;0;89;0;80;0;
14297;5071381;999657472;18718720;1113055232;0;0;0;0;0;0;0;0;0;0;0;2705;0;0;89;0;80;0;
14298;4310834;999657472;18718720;1113055232;0;0;0;0;0;0;0;0;0;0;0;2735;0;0;89;0;80;0;
14299;6050337;999657472;18718720;1113055232;0;0;0;0;0;0;0;0;0;0;0;2525;0;0;89;0;80;0;
14300;3177719;999657472;18718720;1113055232;0;0;0;0;0;0;0;0;0;0;0;2084;0;0;89;0;80;0;
14301;5731879;999657472;18718720;1113055232;0;0;0;0;0;0;0;0;0;0;0;2485;0;0;89;0;80;0;
14302;4017865;999657472;18718720;1113055232;0;0;0;0;0;0;0;0;0;0;0;2615;0;0;89;0;80;0;
14303;4767500;999657472;18718720;1113055232;0;0;0;0;0;0;0;0;0;0;0;3787;0;0;89;0;80;0;
14304;4224954;999657472;18718720;1113055232;0;0;0;0;0;0;0;0;0;0;0;2906;0;0;89;0;80;0;
14305;5196756;999657472;18718720;1113055232;0;0;0;0;0;0;0;0;0;0;0;2815;0;0;89;0;80;0;
14306;3934218;999657472;18718720;1113055232;0;0;0;0;0;0;0;0;0;0;0;2595;0;0;89;0;80;0;
14307;5267429;999657472;18718720;1113055232;0;0;0;0;0;0;0;0;0;0;0;2345;0;0;89;0;80;0;
14308;3610151;999657472;18718720;1113055232;0;0;0;0;0;0;0;0;0;0;0;2244;0;0;89;0;80;0;
14309;5198389;999657472;18718720;1113055232;0;0;0;0;0;0;0;0;0;0;0;2304;0;0;89;0;80;0;
14310;2716905;999657472;18718720;1113055232;0;0;0;0;0;0;0;0;0;0;0;2195;0;0;89;0;80;0;
14311;4961315;999657472;18718720;1113055232;0;0;0;0;0;0;0;0;0;0;0;2264;0;0;89;0;80;0;
14312;4314842;999657472;18718720;1113055232;0;0;0;0;0;0;0;0;0;0;0;2625;0;0;89;0;80;0;
14313;5588350;999657472;18718720;1113055232;0;0;0;0;0;0;0;0;0;0;0;2936;0;0;89;0;80;0;
14314;4974709;999657472;18718720;1113055232;0;0;0;0;0;0;0;0;0;0;0;2565;0;0;89;0;80;0;
14315;5774068;999657472;18718720;1113055232;0;0;0;0;0;0;0;0;0;0;0;2555;0;0;89;0;80;0;
14316;4077497;999657472;18718720;1113055232;0;0;0;0;0;0;0;0;0;0;0;2234;0;0;89;0;80;0;
14317;4747624;999657472;18718720;1113055232;0;0;0;0;0;0;0;0;0;0;0;2244;0;0;89;0;80;0;
14318;3015254;999657472;18718720;1113055232;0;0;0;0;0;0;0;0;0;0;0;2024;0;0;89;0;80;0;
14319;4892194;999657472;18718720;1113055232;0;0;0;0;0;0;0;0;0;0;0;2345;0;0;89;0;80;0;
14320;4277382;999657472;18718720;1113055232;0;0;0;0;0;0;0;0;0;0;0;2695;0;0;89;0;80;0;
14321;5130542;999657472;18718720;1113055232;0;0;0;0;0;0;0;0;0;0;0;2525;0;0;89;0;80;0;
14322;3998358;999657472;18718720;1113055232;0;0;0;0;0;0;0;0;0;0;0;1853;0;0;89;0;80;0;
14323;5762557;999657472;18718720;1113055232;0;0;0;0;0;0;0;0;0;0;0;2955;0;0;89;0;80;0;
14324;5468465;999657472;18718720;1113055232;0;0;0;0;0;0;0;0;0;0;0;2604;0;0;89;0;80;0;
14325;4983025;999657472;18718720;1113055232;0;0;0;0;0;0;0;0;0;0;0;2134;0;0;89;0;80;0;
14326;4860445;999657472;18718720;1113055232;0;0;0;0;0;0;0;0;0;0;0;2244;0;0;89;0;80;0;
14327;5659303;999657472;18718720;1113055232;0;0;0;0;0;0;0;0;0;0;0;2204;0;0;89;0;80;0;
14328;3663641;999657472;18718720;1113055232;0;0;0;0;0;0;0;0;0;0;0;2264;0;0;89;0;80;0;
14329;5477733;999657472;18718720;1113055232;0;0;0;0;0;0;0;0;0;0;0;2915;0;0;89;0;80;0;
14330;3664052;999657472;18718720;1113055232;0;0;0;0;0;0;0;0;0;0;0;2335;0;0;89;0;80;0;
14331;4854073;999657472;18718720;1113055232;0;0;0;0;0;0;0;0;0;0;0;2484;0;0;89;0;80;0;
14332;3334484;999657472;18718720;1113055232;0;0;0;0;0;0;0;0;0;0;0;2164;0;0;89;0;80;0;
14333;5541823;999657472;18718720;1113055232;0;0;0;0;0;0;0;0;0;0;0;2595;0;0;89;0;80;0;
14334;3183019;999657472;18718720;1113055232;0;0;0;0;0;0;0;0;0;0;0;2073;0;0;89;0;80;0;
14335;4706186;999657472;18718720;1113055232;0;0;0;0;0;0;0;0;0;0;0;3356;0;0;89;0;80;0;
14336;4636636;999657472;18718720;1113055232;0;0;0;0;0;0;0;0;0;0;0;3015;0;0;89;0;80;0;
14337;6328950;999657472;18718720;1113055232;0;0;0;0;0;0;0;0;0;0;0;2355;0;0;89;0;80;0;
14338;5177950;999657472;18718720;1113055232;0;0;0;0;0;0;0;0;0;0;0;2315;0;0;89;0;80;0;
14339;5345935;999657472;18718720;1113055232;0;0;0;0;0;0;0;0;0;0;0;2915;0;0;89;0;80;0;
14340;5913329;999657472;18718720;1113055232;0;0;0;0;0;0;0;0;0;0;0;2625;0;0;89;0;80;0;
14341;5578873;999657472;18718720;1113055232;0;0;0;0;0;0;0;0;0;0;0;2685;0;0;89;0;80;0;
14342;4175200;999657472;18718720;1113055232;0;0;0;0;0;0;0;0;0;0;0;2084;0;0;89;0;80;0;
14343;4934224;999657472;18718720;1113055232;0;0;0;0;0;0;0;0;0;0;0;2365;0;0;89;0;80;0;
14344;4290937;999657472;18718720;1113055232;0;0;0;0;0;0;0;0;0;0;0;2574;0;0;89;0;80;0;
14345;5084977;999657472;18718720;1113055232;0;0;0;0;0;0;0;0;0;0;0;3146;0;0;89;0;80;0;
14346;5674743;999657472;18718720;1113055232;0;0;0;0;0;0;0;0;0;0;0;6432;0;0;89;0;80;0;
14347;6155103;999657472;18718720;1113055232;0;0;0;0;0;0;0;0;0;0;0;4318;0;0;89;0;80;0;
14348;5093853;999657472;18718720;1113055232;0;0;0;0;0;0;0;0;0;0;0;3257;0;0;89;0;80;0;
14349;6694144;999657472;18718720;1113055232;0;0;0;0;0;0;0;0;0;0;0;3667;0;0;89;0;80;0;
14350;6695918;999657472;18718720;1113055232;0;0;0;0;0;0;0;0;0;0;0;4007;0;0;89;0;80;0;
14351;6926760;999657472;18718720;1113055232;0;0;0;0;0;0;0;0;0;0;0;4659;0;0;89;0;80;0;
14352;5897951;999657472;18718720;1113055232;0;0;0;0;0;0;0;0;0;0;0;3898;0;0;89;0;80;0;
14353;6723930;999657472;18718720;1113055232;0;0;0;0;0;0;0;0;0;0;0;4458;0;0;89;0;80;0;
14354;5680823;999657472;18718720;1113055232;0;0;0;0;0;0;0;0;0;0;0;3316;0;0;89;0;80;0;
14355;8154853;999657472;18718720;1113055232;0;0;0;0;0;0;0;0;0;0;0;4008;0;0;89;0;80;0;
14356;5559857;999657472;18718720;1113055232;0;0;0;0;0;0;0;0;0;0;0;4358;0;0;89;0;80;0;
14357;5722913;999657472;18718720;1113055232;0;0;0;0;0;0;0;0;0;0;0;6532;0;0;89;0;80;0;
14358;6602763;999657472;18718720;1113055232;0;0;0;0;0;0;0;0;0;0;0;3387;0;0;89;0;80;0;
14359;6568498;999657472;18718720;1113055232;0;0;0;0;0;0;0;0;0;0;0;3877;0;0;89;0;80;0;
14360;6327907;999657472;18718720;1113055232;0;0;0;0;0;0;0;0;0;0;0;3967;0;0;89;0;80;0;
14361;7821689;999657472;18718720;1113055232;0;0;0;0;0;0;0;0;0;0;0;3907;0;0;89;0;80;0;
14362;5728854;999657472;18718720;1113055232;0;0;0;0;0;0;0;0;0;0;0;3937;0;0;89;0;80;0;
14363;7009867;999657472;18718720;1113055232;0;0;0;0;0;0;0;0;0;0;0;4318;0;0;89;0;80;0;
14364;6500942;999657472;18718720;1113055232;0;0;0;0;0;0;0;0;0;0;0;47469;0;0;89;0;80;0;
14365;6226017;999657472;18718720;1113055232;0;0;0;0;0;0;0;0;0;0;0;41839;0;0;89;0;80;0;
14366;4689825;999657472;18718720;1113055232;0;0;0;0;0;0;0;0;0;0;0;3867;0;0;89;0;80;0;
14367;6042922;999657472;18718720;1113055232;0;0;0;0;0;0;0;0;0;0;0;4228;0;0;89;0;80;0;
14368;6153049;999657472;18718720;1113055232;0;0;0;0;0;0;0;0;0;0;0;3096;0;0;89;0;80;0;
14369;7497291;999657472;18718720;1113055232;0;0;0;0;0;0;0;0;0;0;0;4699;0;0;89;0;80;0;
14370;4362351;999657472;18718720;1113055232;0;0;0;0;0;0;0;0;0;0;0;3025;0;0;89;0;80;0;
14371;7143177;999657472;18718720;1113055232;0;0;0;0;0;0;0;0;0;0;0;4569;0;0;89;0;80;0;
14372;4701376;999657472;18718720;1113055232;0;0;0;0;0;0;0;0;0;0;0;3246;0;0;89;0;80;0;
14373;6861128;999657472;18718720;1113055232;0;0;0;0;0;0;0;0;0;0;0;3657;0;0;89;0;80;0;
14374;4748665;999657472;18718720;1113055232;0;0;0;0;0;0;0;0;0;0;0;2555;0;0;89;0;80;0;
14375;6132070;999657472;18718720;1113055232;0;0;0;0;0;0;0;0;0;0;0;3577;0;0;89;0;80;0;
14376;5722852;999657472;18718720;1113055232;0;0;0;0;0;0;0;0;0;0;0;3105;0;0;89;0;80;0;
14377;6352073;999657472;18718720;1113055232;0;0;0;0;0;0;0;0;0;0;0;4268;0;0;89;0;80;0;
14378;5185235;999657472;18718720;1113055232;0;0;0;0;0;0;0;0;0;0;0;3276;0;0;89;0;80;0;
14379;6418317;999657472;18718720;1113055232;0;0;0;0;0;0;0;0;0;0;0;4288;0;0;89;0;80;0;
14380;4036029;999657472;18718720;1113055232;0;0;0;0;0;0;0;0;0;0;0;2996;0;0;89;0;80;0;
14381;7360333;999657472;18718720;1113055232;0;0;0;0;0;0;0;0;0;0;0;3617;0;0;89;0;80;0;
14382;5331148;999657472;18718720;1113055232;0;0;0;0;0;0;0;0;0;0;0;3537;0;0;89;0;80;0;
14383;6412486;999657472;18718720;1113055232;0;0;0;0;0;0;0;0;0;0;0;3396;0;0;89;0;80;0;
14384;3869497;999657472;18718720;1113055232;0;0;0;0;0;0;0;0;0;0;0;3066;0;0;89;0;80;0;
14385;7209781;999657472;18718720;1113055232;0;0;0;0;0;0;0;0;0;0;0;3807;0;0;89;0;80;0;
14386;4384853;999657472;18718720;1113055232;0;0;0;0;0;0;0;0;0;0;0;3757;0;0;89;0;80;0;
14387;6443845;999657472;18718720;1113055232;0;0;0;0;0;0;0;0;0;0;0;3818;0;0;89;0;80;0;
14388;6338056;999657472;18718720;1113055232;0;0;0;0;0;0;0;0;0;0;0;4157;0;0;89;0;80;0;
14389;6037172;999657472;18718720;1113055232;0;0;0;0;0;0;0;0;0;0;0;4188;0;0;89;0;80;0;
14390;6353836;999657472;18718720;1113055232;0;0;0;0;0;0;0;0;0;0;0;4187;0;0;89;0;80;0;
14391;6181062;999657472;18718720;1113055232;0;0;0;0;0;0;0;0;0;0;0;4959;0;0;89;0;80;0;
14392;5004786;999657472;18718720;1113055232;0;0;0;0;0;0;0;0;0;0;0;3517;0;0;89;0;80;0;
14393;5176388;999657472;18718720;1113055232;0;0;0;0;0;0;0;0;0;0;0;3637;0;0;89;0;80;0;
14394;6315965;999657472;18718720;1113055232;0;0;0;0;0;0;0;0;0;0;0;3015;0;0;89;0;80;0;
14395;6581663;999657472;18718720;1113055232;0;0;0;0;0;0;0;0;0;0;0;3867;0;0;89;0;80;0;
14396;4671030;999657472;18718720;1113055232;0;0;0;0;0;0;0;0;0;0;0;2956;0;0;89;0;80;0;
14397;7326159;999657472;18718720;1113055232;0;0;0;0;0;0;0;0;0;0;0;4538;0;0;89;0;80;0;
14398;5884355;999657472;18718720;1113055232;0;0;0;0;0;0;0;0;0;0;0;3587;0;0;89;0;80;0;
14399;7254936;999657472;18718720;1113055232;0;0;0;0;0;0;0;0;0;0;0;4188;0;0;89;0;80;0;
14400;6628090;999657472;18718720;1113055232;0;0;0;0;0;0;0;0;0;0;0;3687;0;0;89;0;80;0;
14401;6825100;999657472;18718720;1113055232;0;0;0;0;0;0;0;0;0;0;0;3657;0;0;89;0;80;0;
14402;4813998;999657472;18718720;1113055232;0;0;0;0;0;0;0;0;0;0;0;3287;0;0;89;0;80;0;
14403;5093803;999657472;18718720;1113055232;0;0;0;0;0;0;0;0;0;0;0;3877;0;0;89;0;80;0;
14404;5870609;999657472;18718720;1113055232;0;0;0;0;0;0;0;0;0;0;0;3607;0;0;89;0;80;0;
14405;6078880;999657472;18718720;1113055232;0;0;0;0;0;0;0;0;0;0;0;3857;0;0;89;0;80;0;
14406;4482557;999657472;18718720;1113055232;0;0;0;0;0;0;0;0;0;0;0;3748;0;0;89;0;80;0;
14407;7752148;999657472;18718720;1113055232;0;0;0;0;0;0;0;0;0;0;0;4308;0;0;89;0;80;0;
14408;4501381;999657472;18718720;1113055232;0;0;0;0;0;0;0;0;0;0;0;3397;0;0;89;0;80;0;
14409;6091875;999657472;18718720;1113055232;0;0;0;0;0;0;0;0;0;0;0;114234;0;0;89;0;80;0;
14410;5093552;999657472;18718720;1113055232;0;0;0;0;0;0;0;0;0;0;0;3747;0;0;89;0;80;0;
14411;4924295;999657472;18718720;1113055232;0;0;0;0;0;0;0;0;0;0;0;3577;0;0;89;0;80;0;
14412;4560052;999657472;18718720;1113055232;0;0;0;0;0;0;0;0;0;0;0;3927;0;0;89;0;80;0;
14413;5856543;999657472;18718720;1113055232;0;0;0;0;0;0;0;0;0;0;0;3687;0;0;89;0;80;0;
14414;5754431;999657472;18718720;1113055232;0;0;0;0;0;0;0;0;0;0;0;3106;0;0;89;0;80;0;
14415;6232298;999657472;18718720;1113055232;0;0;0;0;0;0;0;0;0;0;0;3096;0;0;89;0;80;0;
14416;5118019;999657472;18718720;1113055232;0;0;0;0;0;0;0;0;0;0;0;3607;0;0;89;0;80;0;
14417;6067629;999657472;18718720;1113055232;0;0;0;0;0;0;0;0;0;0;0;3186;0;0;89;0;80;0;
14418;5193871;999657472;18718720;1113055232;0;0;0;0;0;0;0;0;0;0;0;3968;0;0;89;0;80;0;
14419;6601871;999657472;18718720;1113055232;0;0;0;0;0;0;0;0;0;0;0;3356;0;0;89;0;80;0;
14420;4611368;999657472;18718720;1113055232;0;0;0;0;0;0;0;0;0;0;0;3436;0;0;89;0;80;0;
14421;6383311;999657472;18718720;1113055232;0;0;0;0;0;0;0;0;0;0;0;4619;0;0;89;0;80;0;
14422;5750654;999657472;18718720;1113055232;0;0;0;0;0;0;0;0;0;0;0;3236;0;0;89;0;80;0;
14423;6184018;999657472;18718720;1113055232;0;0;0;0;0;0;0;0;0;0;0;3366;0;0;89;0;80;0;
14424;3266025;999657472;18718720;1113055232;0;0;0;0;0;0;0;0;0;0;0;2985;0;0;89;0;80;0;
14425;6294665;999657472;18718720;1113055232;0;0;0;0;0;0;0;0;0;0;0;3436;0;0;89;0;80;0;
14426;4265169;999657472;18718720;1113055232;0;0;0;0;0;0;0;0;0;0;0;3927;0;0;89;0;80;0;
14427;7100436;999657472;18718720;1113055232;0;0;0;0;0;0;0;0;0;0;0;3367;0;0;89;0;80;0;
14428;6898778;999657472;18718720;1113055232;0;0;0;0;0;0;0;0;0;0;0;6492;0;0;89;0;80;0;
14429;5946232;999657472;18718720;1113055232;0;0;0;0;0;0;0;0;0;0;0;4228;0;0;89;0;80;0;
14430;5746687;999657472;18718720;1113055232;0;0;0;0;0;0;0;0;0;0;0;4638;0;0;89;0;80;0;
14431;5225590;999657472;18718720;1113055232;0;0;0;0;0;0;0;0;0;0;0;2945;0;0;89;0;80;0;
14432;5611253;999657472;18718720;1113055232;0;0;0;0;0;0;0;0;0;0;0;3046;0;0;89;0;80;0;
14433;6049414;999657472;18718720;1113055232;0;0;0;0;0;0;0;0;0;0;0;2454;0;0;89;0;80;0;
14434;5697124;999657472;18718720;1113055232;0;0;0;0;0;0;0;0;0;0;0;2254;0;0;89;0;80;0;
14435;5251549;999657472;18718720;1113055232;0;0;0;0;0;0;0;0;0;0;0;3797;0;0;89;0;80;0;
14436;6058001;999657472;18718720;1113055232;0;0;0;0;0;0;0;0;0;0;0;3607;0;0;89;0;80;0;
14437;6503817;999657472;18718720;1113055232;0;0;0;0;0;0;0;0;0;0;0;2736;0;0;89;0;80;0;
14438;5879085;999657472;18718720;1113055232;0;0;0;0;0;0;0;0;0;0;0;2544;0;0;89;0;80;0;
14439;6304474;999657472;18718720;1113055232;0;0;0;0;0;0;0;0;0;0;0;3186;0;0;89;0;80;0;
14440;7372797;999657472;18718720;1113055232;0;0;0;0;0;0;0;0;0;0;0;3427;0;0;89;0;80;0;
14441;6426602;999657472;18718720;1113055232;0;0;0;0;0;0;0;0;0;0;0;3126;0;0;89;0;80;0;
14442;6514146;999657472;18718720;1113055232;0;0;0;0;0;0;0;0;0;0;0;2765;0;0;89;0;80;0;
14443;7250207;999657472;18718720;1113055232;0;0;0;0;0;0;0;0;0;0;0;2835;0;0;89;0;80;0;
14444;5501167;999657472;18718720;1113055232;0;0;0;0;0;0;0;0;0;0;0;3126;0;0;89;0;80;0;
14445;6597863;999657472;18718720;1113055232;0;0;0;0;0;0;0;0;0;0;0;3036;0;0;89;0;80;0;
14446;5071942;999657472;18718720;1113055232;0;0;0;0;0;0;0;0;0;0;0;2134;0;0;89;0;80;0;
14447;6907354;999657472;18718720;1113055232;0;0;0;0;0;0;0;0;0;0;0;2575;0;0;89;0;80;0;
14448;5479096;999657472;18718720;1113055232;0;0;0;0;0;0;0;0;0;0;0;3596;0;0;89;0;80;0;
14449;5684371;999657472;18718720;1113055232;0;0;0;0;0;0;0;0;0;0;0;2555;0;0;89;0;80;0;
14450;5970036;999657472;18718720;1113055232;0;0;0;0;0;0;0;0;0;0;0;2324;0;0;89;0;80;0;
14451;6193255;999657472;18718720;1113055232;0;0;0;0;0;0;0;0;0;0;0;252453;0;0;89;0;80;0;
14452;5066782;999657472;18718720;1113055232;0;0;0;0;0;0;0;0;0;0;0;2675;0;0;89;0;80;0;
14453;7244776;999657472;18718720;1113055232;0;0;0;0;0;0;0;0;0;0;0;3617;0;0;89;0;80;0;
14454;6197202;999657472;18718720;1113055232;0;0;0;0;0;0;0;0;0;0;0;3657;0;0;89;0;80;0;
14455;6698803;999657472;18718720;1113055232;0;0;0;0;0;0;0;0;0;0;0;3467;0;0;89;0;80;0;
14456;6691128;999657472;18718720;1113055232;0;0;0;0;0;0;0;0;0;0;0;3767;0;0;89;0;80;0;
14457;8361000;999657472;18718720;1113055232;0;0;0;0;0;0;0;0;0;0;0;4409;0;0;89;0;80;0;
14458;7703648;999657472;18718720;1113055232;0;0;0;0;0;0;0;0;0;0;0;3527;0;0;89;0;80;0;
14459;7246931;999657472;18718720;1113055232;0;0;0;0;0;0;0;0;0;0;0;3386;0;0;89;0;80;0;
14460;5289630;999657472;18718720;1113055232;0;0;0;0;0;0;0;0;0;0;0;3496;0;0;89;0;80;0;
14461;7136664;999657472;18718720;1113055232;0;0;0;0;0;0;0;0;0;0;0;4588;0;0;89;0;80;0;
14462;7088053;999657472;18718720;1113055232;0;0;0;0;0;0;0;0;0;0;0;5961;0;0;89;0;80;0;
14463;12835001;999657472;18718720;1113055232;0;0;0;0;0;0;0;0;0;0;0;6452;0;0;89;0;80;0;
14464;7536323;999657472;18718720;1113055232;0;0;0;0;0;0;0;0;0;0;0;7795;0;0;89;0;80;0;
14465;15868850;999657472;18718720;1113055232;0;0;0;0;0;0;0;0;0;0;0;4789;0;0;89;0;80;0;
14466;7528318;999657472;18718720;1113055232;0;0;0;0;0;0;0;0;0;0;0;4989;0;0;89;0;80;0;
14467;6162517;999657472;18718720;1113055232;0;0;0;0;0;0;0;0;0;0;0;4659;0;0;89;0;80;0;
14468;5018762;999657472;18718720;1113055232;0;0;0;0;0;0;0;0;0;0;0;4107;0;0;89;0;80;0;
14469;6090361;999657472;18718720;1113055232;0;0;0;0;0;0;0;0;0;0;0;3347;0;0;89;0;80;0;
14470;8447843;999657472;18718720;1113055232;0;0;0;0;0;0;0;0;0;0;0;4469;0;0;89;0;80;0;
14471;6933523;999657472;18718720;1113055232;0;0;0;0;0;0;0;0;0;0;0;5109;0;0;89;0;80;0;
14472;7002853;999657472;18718720;1113055232;0;0;0;0;0;0;0;0;0;0;0;4127;0;0;89;0;80;0;
14473;7009195;999657472;18718720;1113055232;0;0;0;0;0;0;0;0;0;0;0;3987;0;0;89;0;80;0;
14474;6151747;999657472;18718720;1113055232;0;0;0;0;0;0;0;0;0;0;0;4098;0;0;89;0;80;0;
14475;6179048;999657472;18718720;1113055232;0;0;0;0;0;0;0;0;0;0;0;4158;0;0;89;0;80;0;
14476;5318144;999657472;18718720;1113055232;0;0;0;0;0;0;0;0;0;0;0;4138;0;0;89;0;80;0;
14477;5921856;999657472;18718720;1113055232;0;0;0;0;0;0;0;0;0;0;0;4749;0;0;89;0;80;0;
14478;7315009;999657472;18718720;1113055232;0;0;0;0;0;0;0;0;0;0;0;4128;0;0;89;0;80;0;
14479;5967541;999657472;18718720;1113055232;0;0;0;0;0;0;0;0;0;0;0;4688;0;0;89;0;80;0;
14480;7298858;999657472;18718720;1113055232;0;0;0;0;0;0;0;0;0;0;0;4639;0;0;89;0;80;0;
14481;6348045;999657472;18718720;1113055232;0;0;0;0;0;0;0;0;0;0;0;4840;0;0;89;0;80;0;
14482;4829988;999657472;18718720;1113055232;0;0;0;0;0;0;0;0;0;0;0;3868;0;0;89;0;80;0;
14483;6240995;999657472;18718720;1113055232;0;0;0;0;0;0;0;0;0;0;0;2955;0;0;89;0;80;0;
14484;4817405;999657472;18718720;1113055232;0;0;0;0;0;0;0;0;0;0;0;2855;0;0;89;0;80;0;
14485;5436305;999657472;18718720;1113055232;0;0;0;0;0;0;0;0;0;0;0;3176;0;0;89;0;80;0;
14486;5391852;999657472;18718720;1113055232;0;0;0;0;0;0;0;0;0;0;0;2836;0;0;89;0;80;0;
14487;5554668;999657472;18718720;1113055232;0;0;0;0;0;0;0;0;0;0;0;3346;0;0;89;0;80;0;
14488;5485898;999657472;18718720;1113055232;0;0;0;0;0;0;0;0;0;0;0;4168;0;0;89;0;80;0;
14489;7202387;999657472;18726912;1113063424;0;0;0;0;0;0;0;0;0;0;0;3486;0;0;89;0;80;0;
14490;5358910;999657472;18726912;1113063424;0;0;0;0;0;0;0;0;0;0;0;3397;0;0;89;0;80;0;
14491;7520343;999657472;18726912;1113063424;0;0;0;0;0;0;0;0;0;0;0;4839;0;0;89;0;80;0;
14492;6382159;999657472;18726912;1113063424;0;0;0;0;0;0;0;0;0;0;0;4809;0;0;89;0;80;0;
14493;7176479;999657472;18726912;1113063424;0;0;0;0;0;0;0;0;0;0;0;4138;0;0;89;0;80;0;
14494;5350725;999657472;18726912;1113063424;0;0;0;0;0;0;0;0;0;0;0;3757;0;0;89;0;80;0;
14495;7489886;999657472;18726912;1113063424;0;0;0;0;0;0;0;0;0;0;0;4359;0;0;89;0;80;0;
14496;6509908;999800832;18718720;1113055232;0;0;0;0;0;0;0;0;0;0;0;3606;0;0;89;0;80;0;
14497;7066322;999800832;18718720;1113055232;0;0;0;0;0;0;0;0;0;0;0;4198;0;0;89;0;80;0;
14498;6155434;999800832;18718720;1113055232;0;0;0;0;0;0;0;0;0;0;0;4739;0;0;89;0;80;0;
14499;8116402;999800832;18718720;1113055232;0;0;0;0;0;0;0;0;0;0;0;5871;0;0;89;0;80;0;
14500;7887332;999800832;18718720;1113055232;0;0;0;0;0;0;0;0;0;0;0;4649;0;0;89;0;80;0;
14501;8116201;999800832;18718720;1113055232;0;0;0;0;0;0;0;0;0;0;0;5830;0;0;89;0;80;0;
14502;8179360;999800832;18718720;1113055232;0;0;0;0;0;0;0;0;0;0;0;5741;0;0;89;0;80;0;
14503;8270400;999800832;18718720;1113055232;0;0;0;0;0;0;0;0;0;0;0;6693;0;0;89;0;80;0;
14504;6757904;999800832;18718720;1113055232;0;0;0;0;0;0;0;0;0;0;0;4047;0;0;89;0;80;0;
14505;9184123;999800832;18718720;1113055232;0;0;0;0;0;0;0;0;0;0;0;5681;0;0;89;0;80;0;
14506;5025144;999800832;18718720;1113055232;0;0;0;0;0;0;0;0;0;0;0;3898;0;0;89;0;80;0;
14507;6351271;999800832;18718720;1113055232;0;0;0;0;0;0;0;0;0;0;0;3987;0;0;89;0;80;0;
14508;5700050;999800832;18718720;1113055232;0;0;0;0;0;0;0;0;0;0;0;2895;0;0;89;0;80;0;
14509;5518870;999800832;18718720;1113055232;0;0;0;0;0;0;0;0;0;0;0;3176;0;0;89;0;80;0;
14510;7256319;999800832;18718720;1113055232;0;0;0;0;0;0;0;0;0;0;0;3647;0;0;89;0;80;0;
14511;6630976;999800832;18718720;1113055232;0;0;0;0;0;0;0;0;0;0;0;4408;0;0;89;0;80;0;
14512;6752523;999800832;18718720;1113055232;0;0;0;0;0;0;0;0;0;0;0;3467;0;0;89;0;80;0;
14513;5441845;999800832;18718720;1113055232;0;0;0;0;0;0;0;0;0;0;0;3457;0;0;89;0;80;0;
14514;5333032;999800832;18718720;1113055232;0;0;0;0;0;0;0;0;0;0;0;3838;0;0;89;0;80;0;
14515;5090376;999800832;18718720;1113055232;0;0;0;0;0;0;0;0;0;0;0;3126;0;0;89;0;80;0;
14516;5431155;999800832;18718720;1113055232;0;0;0;0;0;0;0;0;0;0;0;4068;0;0;89;0;80;0;
14517;5851805;999800832;18718720;1113055232;0;0;0;0;0;0;0;0;0;0;0;54893;0;0;89;0;80;0;
14518;4411803;999800832;18718720;1113055232;0;0;0;0;0;0;0;0;0;0;0;3506;0;0;89;0;80;0;
14519;7388115;999800832;18718720;1113055232;0;0;0;0;0;0;0;0;0;0;0;4609;0;0;89;0;80;0;
14520;5445482;999800832;18718720;1113055232;0;0;0;0;0;0;0;0;0;0;0;3767;0;0;89;0;80;0;
14521;6394573;999800832;18718720;1113055232;0;0;0;0;0;0;0;0;0;0;0;6172;0;0;89;0;80;0;
14522;8079733;999800832;18718720;1113055232;0;0;0;0;0;0;0;0;0;0;0;6352;0;0;89;0;80;0;
14523;6312609;999800832;18718720;1113055232;0;0;0;0;0;0;0;0;0;0;0;7033;0;0;89;0;80;0;
14524;7129000;999800832;18718720;1113055232;0;0;0;0;0;0;0;0;0;0;0;4007;0;0;89;0;80;0;
14525;7144729;999800832;18718720;1113055232;0;0;0;0;0;0;0;0;0;0;0;3978;0;0;89;0;80;0;
14526;6259850;999800832;18718720;1113055232;0;0;0;0;0;0;0;0;0;0;0;7795;0;0;89;0;80;0;
14527;7902480;999800832;18718720;1113055232;0;0;0;0;0;0;0;0;0;0;0;4147;0;0;89;0;80;0;
14528;7727842;999800832;18718720;1113055232;0;0;0;0;0;0;0;0;0;0;0;4288;0;0;89;0;80;0;
14529;6804150;999800832;18718720;1113055232;0;0;0;0;0;0;0;0;0;0;0;4108;0;0;89;0;80;0;
14530;4476004;999800832;18718720;1113055232;0;0;0;0;0;0;0;0;0;0;0;3006;0;0;89;0;80;0;
14531;5501617;999800832;18718720;1113055232;0;0;0;0;0;0;0;0;0;0;0;3637;0;0;89;0;80;0;
14532;6186051;999800832;18718720;1113055232;0;0;0;0;0;0;0;0;0;0;0;3297;0;0;89;0;80;0;
14533;6303160;999800832;18718720;1113055232;0;0;0;0;0;0;0;0;0;0;0;4399;0;0;89;0;80;0;
14534;4111381;999800832;18718720;1113055232;0;0;0;0;0;0;0;0;0;0;0;4198;0;0;89;0;80;0;
14535;6695767;999800832;18718720;1113055232;0;0;0;0;0;0;0;0;0;0;0;4870;0;0;89;0;80;0;
14536;7981048;999800832;18718720;1113055232;0;0;0;0;0;0;0;0;0;0;0;4529;0;0;89;0;80;0;
14537;5803504;999800832;18718720;1113055232;0;0;0;0;0;0;0;0;0;0;0;4399;0;0;89;0;80;0;
14538;5729955;999800832;18718720;1113055232;0;0;0;0;0;0;0;0;0;0;0;3847;0;0;89;0;80;0;
14539;5357447;999800832;18718720;1113055232;0;0;0;0;0;0;0;0;0;0;0;3346;0;0;89;0;80;0;
14540;4462700;999800832;18718720;1113055232;0;0;0;0;0;0;0;0;0;0;0;6472;0;0;89;0;80;0;
14541;5293898;999800832;18718720;1113055232;0;0;0;0;0;0;0;0;0;0;0;3526;0;0;89;0;80;0;
14542;4936047;999800832;18718720;1113055232;0;0;0;0;0;0;0;0;0;0;0;4598;0;0;89;0;80;0;
14543;5743831;999800832;18718720;1113055232;0;0;0;0;0;0;0;0;0;0;0;3627;0;0;89;0;80;0;
14544;4635163;999800832;18718720;1113055232;0;0;0;0;0;0;0;0;0;0;0;3808;0;0;89;0;80;0;
14545;6309142;999800832;18718720;1113055232;0;0;0;0;0;0;0;0;0;0;0;4508;0;0;89;0;80;0;
14546;5206184;999800832;18718720;1113055232;0;0;0;0;0;0;0;0;0;0;0;3537;0;0;89;0;80;0;
14547;7587449;999800832;18718720;1113055232;0;0;0;0;0;0;0;0;0;0;0;4258;0;0;89;0;80;0;
14548;5818763;999800832;18718720;1113055232;0;0;0;0;0;0;0;0;0;0;0;5491;0;0;89;0;80;0;
14549;5979534;999800832;18718720;1113055232;0;0;0;0;0;0;0;0;0;0;0;3928;0;0;89;0;80;0;
14550;5794406;999800832;18718720;1113055232;0;0;0;0;0;0;0;0;0;0;0;4328;0;0;89;0;80;0;
14551;8156376;999800832;18718720;1113055232;0;0;0;0;0;0;0;0;0;0;0;4969;0;0;89;0;80;0;
14552;4915429;999821312;18714624;1113051136;0;0;0;0;0;0;0;0;0;0;0;3987;0;0;89;0;80;0;
14553;8123444;999821312;18714624;1113051136;0;0;0;0;0;0;0;0;0;0;0;4338;0;0;89;0;80;0;
14554;7388857;999821312;18714624;1113051136;0;0;0;0;0;0;0;0;0;0;0;4628;0;0;89;0;80;0;
14555;5866622;999821312;18714624;1113051136;0;0;0;0;0;0;0;0;0;0;0;3056;0;0;89;0;80;0;
14556;6644290;999821312;18714624;1113051136;0;0;0;0;0;0;0;0;0;0;0;4178;0;0;89;0;80;0;
14557;7670746;999821312;18714624;1113051136;0;0;0;0;0;0;0;0;0;0;0;4709;0;0;89;0;80;0;
14558;4481725;999821312;18714624;1113051136;0;0;0;0;0;0;0;0;0;0;0;3226;0;0;89;0;80;0;
14559;4991361;999821312;18714624;1113051136;0;0;0;0;0;0;0;0;0;0;0;2845;0;0;89;0;80;0;
14560;4777369;999821312;18714624;1113051136;0;0;0;0;0;0;0;0;0;0;0;3677;0;0;89;0;80;0;
14561;4899418;999821312;18714624;1113051136;0;0;0;0;0;0;0;0;0;0;0;1874;0;0;89;0;80;0;
14562;3933477;999821312;18714624;1113051136;0;0;0;0;0;0;0;0;0;0;0;2645;0;0;89;0;80;0;
14563;4890121;999821312;18714624;1113051136;0;0;0;0;0;0;0;0;0;0;0;1893;0;0;89;0;80;0;
14564;4211157;999821312;18714624;1113051136;0;0;0;0;0;0;0;0;0;0;0;3196;0;0;89;0;80;0;
14565;5453978;999821312;18714624;1113051136;0;0;0;0;0;0;0;0;0;0;0;2154;0;0;89;0;80;0;
14566;6005693;999821312;18714624;1113051136;0;0;0;0;0;0;0;0;0;0;0;3256;0;0;89;0;80;0;
14567;5244877;999821312;18714624;1113051136;0;0;0;0;0;0;0;0;0;0;0;3025;0;0;89;0;80;0;
14568;4735120;999821312;18714624;1113051136;0;0;0;0;0;0;0;0;0;0;0;4128;0;0;89;0;80;0;
14569;5702364;999821312;18714624;1113051136;0;0;0;0;0;0;0;0;0;0;0;2755;0;0;89;0;80;0;
14570;5084315;999821312;18714624;1113051136;0;0;0;0;0;0;0;0;0;0;0;3977;0;0;89;0;80;0;
14571;5281755;999821312;18714624;1113051136;0;0;0;0;0;0;0;0;0;0;0;3276;0;0;89;0;80;0;
14572;5324636;999821312;18714624;1113051136;0;0;0;0;0;0;0;0;0;0;0;4017;0;0;89;0;80;0;
14573;5792513;999821312;18714624;1113051136;0;0;0;0;0;0;0;0;0;0;0;3146;0;0;89;0;80;0;
14574;4550574;999821312;18714624;1113051136;0;0;0;0;0;0;0;0;0;0;0;4188;0;0;89;0;80;0;
14575;6380286;999821312;18714624;1113051136;0;0;0;0;0;0;0;0;0;0;0;3466;0;0;89;0;80;0;
14576;4983476;999821312;18714624;1113051136;0;0;0;0;0;0;0;0;0;0;0;4448;0;0;89;0;80;0;
14577;5047305;999821312;18714624;1113051136;0;0;0;0;0;0;0;0;0;0;0;2896;0;0;89;0;80;0;
14578;6145445;999821312;18714624;1113051136;0;0;0;0;0;0;0;0;0;0;0;6272;0;0;89;0;80;0;
14579;7078254;999821312;18714624;1113051136;0;0;0;0;0;0;0;0;0;0;0;3917;0;0;89;0;80;0;
14580;7437939;999821312;18714624;1113051136;0;0;0;0;0;0;0;0;0;0;0;4579;0;0;89;0;80;0;
14581;6483940;999821312;18714624;1113051136;0;0;0;0;0;0;0;0;0;0;0;4909;0;0;89;0;80;0;
14582;3800508;999821312;18714624;1113051136;0;0;0;0;0;0;0;0;0;0;0;3386;0;0;89;0;80;0;
14583;4491433;999821312;18714624;1113051136;0;0;0;0;0;0;0;0;0;0;0;2384;0;0;89;0;80;0;
14584;3590163;999821312;18714624;1113051136;0;0;0;0;0;0;0;0;0;0;0;2535;0;0;89;0;80;0;
14585;5425234;999821312;18714624;1113051136;0;0;0;0;0;0;0;0;0;0;0;1844;0;0;89;0;80;0;
14586;2670909;999821312;18714624;1113051136;0;0;0;0;0;0;0;0;0;0;0;2334;0;0;89;0;80;0;
14587;4872628;999821312;18714624;1113051136;0;0;0;0;0;0;0;0;0;0;0;2044;0;0;89;0;80;0;
14588;3215851;999821312;18714624;1113051136;0;0;0;0;0;0;0;0;0;0;0;2445;0;0;89;0;80;0;
14589;4495260;1001902080;18714624;1113051136;0;0;0;0;0;0;0;0;0;0;0;1783;0;0;89;0;80;0;
14590;3270584;1001902080;18714624;1113051136;0;0;0;0;0;0;0;0;0;0;0;2485;0;0;89;0;80;0;
14591;4237638;1001902080;18714624;1113051136;0;0;0;0;0;0;0;0;0;0;0;1923;0;0;89;0;80;0;
14592;3152442;1001902080;18718720;1113055232;0;0;0;0;0;0;0;0;0;0;0;2615;0;0;89;0;80;0;
14593;5316270;1001902080;18718720;1113055232;0;0;0;0;0;0;0;0;0;0;0;1703;0;0;89;0;80;0;
14594;3107989;1001902080;18718720;1113055232;0;0;0;0;0;0;0;0;0;0;0;2154;0;0;89;0;80;0;
14595;4969971;1001902080;18718720;1113055232;0;0;0;0;0;0;0;0;0;0;0;1954;0;0;89;0;80;0;
14596;3178410;1001902080;18718720;1113055232;0;0;0;0;0;0;0;0;0;0;0;3086;0;0;89;0;80;0;
14597;5492441;1001902080;18718720;1113055232;0;0;0;0;0;0;0;0;0;0;0;3066;0;0;89;0;80;0;
14598;2952627;1001902080;18718720;1113055232;0;0;0;0;0;0;0;0;0;0;0;2634;0;0;89;0;80;0;
14599;4705866;1001902080;18718720;1113055232;0;0;0;0;0;0;0;0;0;0;0;1913;0;0;89;0;80;0;
14600;3702463;1001902080;18718720;1113055232;0;0;0;0;0;0;0;0;0;0;0;2715;0;0;89;0;80;0;
14601;4355388;1001902080;18718720;1113055232;0;0;0;0;0;0;0;0;0;0;0;1864;0;0;89;0;80;0;
14602;3836736;1001902080;18718720;1113055232;0;0;0;0;0;0;0;0;0;0;0;4388;0;0;89;0;80;0;
14603;4808938;1001902080;18718720;1113055232;0;0;0;0;0;0;0;0;0;0;0;3016;0;0;89;0;80;0;
14604;7022640;1001902080;18718720;1113055232;0;0;0;0;0;0;0;0;0;0;0;7194;0;0;89;0;80;0;
14605;5507278;1001902080;18718720;1113055232;0;0;0;0;0;0;0;0;0;0;0;3637;0;0;89;0;80;0;
14606;4694203;1001902080;18718720;1113055232;0;0;0;0;0;0;0;0;0;0;0;4198;0;0;89;0;80;0;
14607;5835314;1001902080;18718720;1113055232;0;0;0;0;0;0;0;0;0;0;0;61906;0;0;89;0;80;0;
14608;3854789;1001902080;18718720;1113055232;0;0;0;0;0;0;0;0;0;0;0;3096;0;0;89;0;80;0;
14609;4283954;1001902080;18718720;1113055232;0;0;0;0;0;0;0;0;0;0;0;1824;0;0;89;0;80;0;
14610;3996716;1001902080;18718720;1113055232;0;0;0;0;0;0;0;0;0;0;0;3296;0;0;89;0;80;0;
14611;4929304;1001902080;18718720;1113055232;0;0;0;0;0;0;0;0;0;0;0;2585;0;0;89;0;80;0;
14612;3969755;1001902080;18718720;1113055232;0;0;0;0;0;0;0;0;0;0;0;3717;0;0;89;0;80;0;
14613;4823586;1001902080;18718720;1113055232;0;0;0;0;0;0;0;0;0;0;0;2495;0;0;89;0;80;0;
14614;4316215;1001902080;18718720;1113055232;0;0;0;0;0;0;0;0;0;0;0;3757;0;0;89;0;80;0;
14615;6703071;1001902080;18718720;1113055232;0;0;0;0;0;0;0;0;0;0;0;3326;0;0;89;0;80;0;
14616;5264483;1001902080;18718720;1113055232;0;0;0;0;0;0;0;0;0;0;0;3697;0;0;89;0;80;0;
14617;5370843;1001902080;18718720;1113055232;0;0;0;0;0;0;0;0;0;0;0;2324;0;0;89;0;80;0;
14618;4481594;1001902080;18718720;1113055232;0;0;0;0;0;0;0;0;0;0;0;2925;0;0;89;0;80;0;
14619;4486954;1001902080;18718720;1113055232;0;0;0;0;0;0;0;0;0;0;0;1824;0;0;89;0;80;0;
14620;4329460;1001902080;18718720;1113055232;0;0;0;0;0;0;0;0;0;0;0;2945;0;0;89;0;80;0;
14621;4504388;1001902080;18718720;1113055232;0;0;0;0;0;0;0;0;0;0;0;2565;0;0;89;0;80;0;
14622;4599256;1001902080;18718720;1113055232;0;0;0;0;0;0;0;0;0;0;0;3878;0;0;89;0;80;0;
14623;5155088;1001902080;18718720;1113055232;0;0;0;0;0;0;0;0;0;0;0;3036;0;0;89;0;80;0;
14624;5204821;1001902080;18718720;1113055232;0;0;0;0;0;0;0;0;0;0;0;3516;0;0;89;0;80;0;
14625;4592293;1001902080;18718720;1113055232;0;0;0;0;0;0;0;0;0;0;0;2465;0;0;89;0;80;0;
14626;5422970;1001902080;18718720;1113055232;0;0;0;0;0;0;0;0;0;0;0;5931;0;0;89;0;80;0;
14627;5642202;1001902080;18718720;1113055232;0;0;0;0;0;0;0;0;0;0;0;3927;0;0;89;0;80;0;
14628;7820587;1001902080;18718720;1113055232;0;0;0;0;0;0;0;0;0;0;0;6211;0;0;89;0;80;0;
14629;5898381;1001902080;18718720;1113055232;0;0;0;0;0;0;0;0;0;0;0;2935;0;0;89;0;80;0;
14630;5985455;1001902080;18718720;1113055232;0;0;0;0;0;0;0;0;0;0;0;6822;0;0;89;0;80;0;
14631;5296613;1001902080;18718720;1113055232;0;0;0;0;0;0;0;0;0;0;0;3286;0;0;89;0;80;0;
14632;5473575;1001902080;18718720;1113055232;0;0;0;0;0;0;0;0;0;0;0;5600;0;0;89;0;80;0;
14633;8618153;1001902080;18718720;1113055232;0;0;0;0;0;0;0;0;0;0;0;2354;0;0;89;0;80;0;
14634;10718311;1001902080;18718720;1113055232;0;0;0;0;0;0;0;0;0;0;0;4178;0;0;89;0;80;0;
14635;5985926;1001902080;18718720;1113055232;0;0;0;0;0;0;0;0;0;0;0;3556;0;0;89;0;80;0;
14636;5055942;1001902080;18718720;1113055232;0;0;0;0;0;0;0;0;0;0;0;3967;0;0;89;0;80;0;
14637;5096748;1001902080;18718720;1113055232;0;0;0;0;0;0;0;0;0;0;0;2855;0;0;89;0;80;0;
14638;5406690;1001902080;18718720;1113055232;0;0;0;0;0;0;0;0;0;0;0;3216;0;0;89;0;80;0;
14639;4606109;1001902080;18718720;1113055232;0;0;0;0;0;0;0;0;0;0;0;2485;0;0;89;0;80;0;
14640;4264217;1001902080;18718720;1113055232;0;0;0;0;0;0;0;0;0;0;0;3697;0;0;89;0;80;0;
14641;4976212;1001902080;18718720;1113055232;0;0;0;0;0;0;0;0;0;0;0;1913;0;0;89;0;80;0;
14642;3580575;1001902080;18718720;1113055232;0;0;0;0;0;0;0;0;0;0;0;3396;0;0;89;0;80;0;
14643;4584427;1001902080;18718720;1113055232;0;0;0;0;0;0;0;0;0;0;0;2845;0;0;89;0;80;0;
14644;4870034;1001902080;18718720;1113055232;0;0;0;0;0;0;0;0;0;0;0;3667;0;0;89;0;80;0;
14645;4655571;1001902080;18718720;1113055232;0;0;0;0;0;0;0;0;0;0;0;2033;0;0;89;0;80;0;
14646;4468580;1001902080;18718720;1113055232;0;0;0;0;0;0;0;0;0;0;0;3416;0;0;89;0;80;0;
14647;5124500;1001902080;18718720;1113055232;0;0;0;0;0;0;0;0;0;0;0;2325;0;0;89;0;80;0;
14648;4737194;1001902080;18718720;1113055232;0;0;0;0;0;0;0;0;0;0;0;3757;0;0;89;0;80;0;
14649;7067745;1001902080;18718720;1113055232;0;0;0;0;0;0;0;0;0;0;0;3427;0;0;89;0;80;0;
14650;3416968;1001902080;18718720;1113055232;0;0;0;0;0;0;0;0;0;0;0;3006;0;0;89;0;80;0;
14651;6487868;1001902080;18718720;1113055232;0;0;0;0;0;0;0;0;0;0;0;2575;0;0;89;0;80;0;
14652;5324415;1001902080;18718720;1113055232;0;0;0;0;0;0;0;0;0;0;0;5490;0;0;89;0;80;0;
14653;5639827;1001902080;18718720;1113055232;0;0;0;0;0;0;0;0;0;0;0;4559;0;0;89;0;80;0;
14654;4986772;1001902080;18718720;1113055232;0;0;0;0;0;0;0;0;0;0;0;3226;0;0;89;0;80;0;
14655;4368122;1001902080;18718720;1113055232;0;0;0;0;0;0;0;0;0;0;0;2003;0;0;89;0;80;0;
14656;4163659;1001902080;18718720;1113055232;0;0;0;0;0;0;0;0;0;0;0;3056;0;0;89;0;80;0;
14657;6263617;1001902080;18718720;1113055232;0;0;0;0;0;0;0;0;0;0;0;2014;0;0;89;0;80;0;
14658;4218542;1001902080;18718720;1113055232;0;0;0;0;0;0;0;0;0;0;0;3326;0;0;89;0;80;0;
14659;5010146;1001902080;18718720;1113055232;0;0;0;0;0;0;0;0;0;0;0;2063;0;0;89;0;80;0;
14660;3723493;1001902080;18718720;1113055232;0;0;0;0;0;0;0;0;0;0;0;3797;0;0;89;0;80;0;
14661;5524270;1001902080;18718720;1113055232;0;0;0;0;0;0;0;0;0;0;0;2365;0;0;89;0;80;0;
14662;4883869;1001902080;18718720;1113055232;0;0;0;0;0;0;0;0;0;0;0;2054;0;0;89;0;80;0;
14663;5177880;1001902080;18718720;1113055232;0;0;0;0;0;0;0;0;0;0;0;2124;0;0;89;0;80;0;
14664;2574849;1001902080;18718720;1113055232;0;0;0;0;0;0;0;0;0;0;0;2134;0;0;89;0;80;0;
14665;5087942;1001902080;18718720;1113055232;0;0;0;0;0;0;0;0;0;0;0;1714;0;0;89;0;80;0;
14666;4252536;1001902080;18718720;1113055232;0;0;0;0;0;0;0;0;0;0;0;2936;0;0;89;0;80;0;
14667;6195770;1001902080;18718720;1113055232;0;0;0;0;0;0;0;0;0;0;0;2825;0;0;89;0;80;0;
14668;4790805;1001902080;18718720;1113055232;0;0;0;0;0;0;0;0;0;0;0;2555;0;0;89;0;80;0;
14669;6302440;1001902080;18718720;1113055232;0;0;0;0;0;0;0;0;0;0;0;2214;0;0;89;0;80;0;
14670;3223506;1001902080;18718720;1113055232;0;0;0;0;0;0;0;0;0;0;0;2254;0;0;89;0;80;0;
14671;5926725;1001902080;18718720;1113055232;0;0;0;0;0;0;0;0;0;0;0;2445;0;0;89;0;80;0;
14672;3613858;1001902080;18718720;1113055232;0;0;0;0;0;0;0;0;0;0;0;2495;0;0;89;0;80;0;
14673;5089936;1001902080;18718720;1113055232;0;0;0;0;0;0;0;0;0;0;0;2013;0;0;89;0;80;0;
14674;3419783;1001902080;18718720;1113055232;0;0;0;0;0;0;0;0;0;0;0;2625;0;0;89;0;80;0;
14675;5370552;1001902080;18718720;1113055232;0;0;0;0;0;0;0;0;0;0;0;2064;0;0;89;0;80;0;
14676;4851419;1001902080;18718720;1113055232;0;0;0;0;0;0;0;0;0;0;0;2916;0;0;89;0;80;0;
14677;5799997;1001902080;18718720;1113055232;0;0;0;0;0;0;0;0;0;0;0;1803;0;0;89;0;80;0;
14678;3982639;1001902080;18718720;1113055232;0;0;0;0;0;0;0;0;0;0;0;2805;0;0;89;0;80;0;
14679;5184193;1001902080;18718720;1113055232;0;0;0;0;0;0;0;0;0;0;0;1934;0;0;89;0;80;0;
14680;3485477;1001902080;18718720;1113055232;0;0;0;0;0;0;0;0;0;0;0;1924;0;0;89;0;80;0;
14681;5239967;1001902080;18718720;1113055232;0;0;0;0;0;0;0;0;0;0;0;1543;0;0;89;0;80;0;
14682;3844179;1001902080;18718720;1113055232;0;0;0;0;0;0;0;0;0;0;0;2114;0;0;89;0;80;0;
14683;4745530;1001902080;18718720;1113055232;0;0;0;0;0;0;0;0;0;0;0;2224;0;0;89;0;80;0;
14684;3260094;1001902080;18718720;1113055232;0;0;0;0;0;0;0;0;0;0;0;2355;0;0;89;0;80;0;
14685;4504367;1001902080;18718720;1113055232;0;0;0;0;0;0;0;0;0;0;0;1963;0;0;89;0;80;0;
14686;3753730;1001902080;18718720;1113055232;0;0;0;0;0;0;0;0;0;0;0;2555;0;0;89;0;80;0;
14687;4235704;1001902080;18718720;1113055232;0;0;0;0;0;0;0;0;0;0;0;2134;0;0;89;0;80;0;
14688;2347132;1001902080;18718720;1113055232;0;0;0;0;0;0;0;0;0;0;0;2194;0;0;89;0;80;0;
14689;4353585;1001902080;18718720;1113055232;0;0;0;0;0;0;0;0;0;0;0;1473;0;0;89;0;80;0;
14690;3225840;1001902080;18718720;1113055232;0;0;0;0;0;0;0;0;0;0;0;1964;0;0;89;0;80;0;
14691;4075353;1001902080;18718720;1113055232;0;0;0;0;0;0;0;0;0;0;0;1513;0;0;89;0;80;0;
14692;2969038;1001902080;18718720;1113055232;0;0;0;0;0;0;0;0;0;0;0;2404;0;0;89;0;80;0;
14693;4315253;1001902080;18718720;1113055232;0;0;0;0;0;0;0;0;0;0;0;1573;0;0;89;0;80;0;
14694;2421161;1001902080;18718720;1113055232;0;0;0;0;0;0;0;0;0;0;0;1733;0;0;89;0;80;0;
14695;4113134;1001902080;18718720;1113055232;0;0;0;0;0;0;0;0;0;0;0;1473;0;0;89;0;80;0;
14696;3279229;1001902080;18718720;1113055232;0;0;0;0;0;0;0;0;0;0;0;2354;0;0;89;0;80;0;
14697;4763063;1001902080;18718720;1113055232;0;0;0;0;0;0;0;0;0;0;0;1603;0;0;89;0;80;0;
14698;2536768;1001902080;18718720;1113055232;0;0;0;0;0;0;0;0;0;0;0;2445;0;0;89;0;80;0;
14699;5878184;1001902080;18718720;1113055232;0;0;0;0;0;0;0;0;0;0;0;1983;0;0;89;0;80;0;
14700;2871095;1001902080;18718720;1113055232;0;0;0;0;0;0;0;0;0;0;0;2004;0;0;89;0;80;0;
14701;4882596;1001902080;18718720;1113055232;0;0;0;0;0;0;0;0;0;0;0;1633;0;0;89;0;80;0;
14702;2589938;1001902080;18718720;1113055232;0;0;0;0;0;0;0;0;0;0;0;1974;0;0;89;0;80;0;
14703;4395413;1001902080;18718720;1113055232;0;0;0;0;0;0;0;0;0;0;0;1683;0;0;89;0;80;0;
14704;2443933;1001902080;18718720;1113055232;0;0;0;0;0;0;0;0;0;0;0;2054;0;0;89;0;80;0;
14705;3884535;1001902080;18718720;1113055232;0;0;0;0;0;0;0;0;0;0;0;1613;0;0;89;0;80;0;
14706;3265494;1001902080;18718720;1113055232;0;0;0;0;0;0;0;0;0;0;0;2314;0;0;89;0;80;0;
14707;4520458;1001902080;18718720;1113055232;0;0;0;0;0;0;0;0;0;0;0;1863;0;0;89;0;80;0;
14708;1849268;1001902080;18718720;1113055232;0;0;0;0;0;0;0;0;0;0;0;1703;0;0;89;0;80;0;
14709;4001354;1001902080;18718720;1113055232;0;0;0;0;0;0;0;0;0;0;0;1603;0;0;89;0;80;0;
14710;2277591;1001951232;18714624;1113051136;0;0;0;0;0;0;0;0;0;0;0;2164;0;0;89;0;80;0;
14711;4517852;1001951232;18714624;1113051136;0;0;0;0;0;0;0;0;0;0;0;2103;0;0;89;0;80;0;
14712;3096187;1001951232;18718720;1113055232;0;0;0;0;0;0;0;0;0;0;0;2214;0;0;89;0;80;0;
14713;4690807;1001951232;18718720;1113055232;0;0;0;0;0;0;0;0;0;0;0;2385;0;0;89;0;80;0;
14714;2079460;1001951232;18718720;1113055232;0;0;0;0;0;0;0;0;0;0;0;2214;0;0;89;0;80;0;
14715;4778301;1001951232;18718720;1113055232;0;0;0;0;0;0;0;0;0;0;0;1904;0;0;89;0;80;0;
14716;3196595;1001951232;18718720;1113055232;0;0;0;0;0;0;0;0;0;0;0;2524;0;0;89;0;80;0;
14717;5361625;1001951232;18718720;1113055232;0;0;0;0;0;0;0;0;0;0;0;2214;0;0;89;0;80;0;
14718;3019422;1001951232;18718720;1113055232;0;0;0;0;0;0;0;0;0;0;0;2635;0;0;89;0;80;0;
14719;4519426;1001951232;18718720;1113055232;0;0;0;0;0;0;0;0;0;0;0;2224;0;0;89;0;80;0;
14720;3105143;1001951232;18718720;1113055232;0;0;0;0;0;0;0;0;0;0;0;2665;0;0;89;0;80;0;
14721;4938542;1001951232;18718720;1113055232;0;0;0;0;0;0;0;0;0;0;0;1853;0;0;89;0;80;0;
14722;3239225;1001951232;18718720;1113055232;0;0;0;0;0;0;0;0;0;0;0;2876;0;0;89;0;80;0;
14723;5906387;1001951232;18718720;1113055232;0;0;0;0;0;0;0;0;0;0;0;2995;0;0;89;0;80;0;
14724;3362877;1001951232;18718720;1113055232;0;0;0;0;0;0;0;0;0;0;0;2364;0;0;89;0;80;0;
14725;4853142;1001951232;18718720;1113055232;0;0;0;0;0;0;0;0;0;0;0;1693;0;0;89;0;80;0;
14726;2891623;1001951232;18718720;1113055232;0;0;0;0;0;0;0;0;0;0;0;1844;0;0;89;0;80;0;
14727;5371243;1001951232;18718720;1113055232;0;0;0;0;0;0;0;0;0;0;0;1704;0;0;89;0;80;0;
14728;1988900;1001951232;18718720;1113055232;0;0;0;0;0;0;0;0;0;0;0;2124;0;0;89;0;80;0;
14729;5073685;1001951232;18718720;1113055232;0;0;0;0;0;0;0;0;0;0;0;1553;0;0;89;0;80;0;
14730;2839695;1001951232;18718720;1113055232;0;0;0;0;0;0;0;0;0;0;0;2284;0;0;89;0;80;0;
14731;5098141;1001951232;18718720;1113055232;0;0;0;0;0;0;0;0;0;0;0;2485;0;0;89;0;80;0;
14732;3813953;1001951232;18718720;1113055232;0;0;0;0;0;0;0;0;0;0;0;3156;0;0;89;0;80;0;
14733;5110414;1001951232;18718720;1113055232;0;0;0;0;0;0;0;0;0;0;0;2285;0;0;89;0;80;0;
14734;5857555;1001951232;18718720;1113055232;0;0;0;0;0;0;0;0;0;0;0;3296;0;0;89;0;80;0;
14735;6113004;1001951232;18718720;1113055232;0;0;0;0;0;0;0;0;0;0;0;4739;0;0;89;0;80;0;
14736;7042367;1001951232;18718720;1113055232;0;0;0;0;0;0;0;0;0;0;0;3467;0;0;89;0;80;0;
14737;5583952;1001951232;18718720;1113055232;0;0;0;0;0;0;0;0;0;0;0;3116;0;0;89;0;80;0;
14738;4600288;1001951232;18718720;1113055232;0;0;0;0;0;0;0;0;0;0;0;3227;0;0;89;0;80;0;
14739;7077042;1001951232;18718720;1113055232;0;0;0;0;0;0;0;0;0;0;0;1813;0;0;89;0;80;0;
14740;5810577;1001951232;18718720;1113055232;0;0;0;0;0;0;0;0;0;0;0;3336;0;0;89;0;80;0;
14741;5201675;1001951232;18718720;1113055232;0;0;0;0;0;0;0;0;0;0;0;2194;0;0;89;0;80;0;
14742;3100334;1001951232;18718720;1113055232;0;0;0;0;0;0;0;0;0;0;0;32942;0;0;89;0;80;0;
14743;6154001;1001951232;18718720;1113055232;0;0;0;0;0;0;0;0;0;0;0;2465;0;0;89;0;80;0;
14744;3854358;1001951232;18718720;1113055232;0;0;0;0;0;0;0;0;0;0;0;3306;0;0;89;0;80;0;
14745;6275299;1001951232;18718720;1113055232;0;0;0;0;0;0;0;0;0;0;0;3596;0;0;89;0;80;0;
14746;7351177;1001951232;18718720;1113055232;0;0;0;0;0;0;0;0;0;0;0;3978;0;0;89;0;80;0;
14747;5974815;1001951232;18718720;1113055232;0;0;0;0;0;0;0;0;0;0;0;3397;0;0;89;0;80;0;
14748;5970196;1001951232;18718720;1113055232;0;0;0;0;0;0;0;0;0;0;0;3817;0;0;89;0;80;0;
14749;6121521;1001951232;18718720;1113055232;0;0;0;0;0;0;0;0;0;0;0;2855;0;0;89;0;80;0;
14750;5704708;1001951232;18718720;1113055232;0;0;0;0;0;0;0;0;0;0;0;3877;0;0;89;0;80;0;
14751;5742900;1001951232;18718720;1113055232;0;0;0;0;0;0;0;0;0;0;0;3496;0;0;89;0;80;0;
14752;5814244;1001951232;18718720;1113055232;0;0;0;0;0;0;0;0;0;0;0;6372;0;0;89;0;80;0;
14753;6165042;1001951232;18718720;1113055232;0;0;0;0;0;0;0;0;0;0;0;3967;0;0;89;0;80;0;
14754;4159972;1001951232;18718720;1113055232;0;0;0;0;0;0;0;0;0;0;0;3527;0;0;89;0;80;0;
14755;6156185;1001951232;18718720;1113055232;0;0;0;0;0;0;0;0;0;0;0;2995;0;0;89;0;80;0;
14756;3876450;1001951232;18718720;1113055232;0;0;0;0;0;0;0;0;0;0;0;3036;0;0;89;0;80;0;
14757;5288558;1001951232;18718720;1113055232;0;0;0;0;0;0;0;0;0;0;0;3096;0;0;89;0;80;0;
14758;4659057;1001951232;18718720;1113055232;0;0;0;0;0;0;0;0;0;0;0;3597;0;0;89;0;80;0;
14759;5314237;1001951232;18718720;1113055232;0;0;0;0;0;0;0;0;0;0;0;3777;0;0;89;0;80;0;
14760;4238820;1001951232;18718720;1113055232;0;0;0;0;0;0;0;0;0;0;0;3226;0;0;89;0;80;0;
14761;4572185;1001951232;18718720;1113055232;0;0;0;0;0;0;0;0;0;0;0;2154;0;0;89;0;80;0;
14762;4129635;1001951232;18718720;1113055232;0;0;0;0;0;0;0;0;0;0;0;3016;0;0;89;0;80;0;
14763;5575356;1001951232;18718720;1113055232;0;0;0;0;0;0;0;0;0;0;0;2214;0;0;89;0;80;0;
14764;4692340;1001951232;18718720;1113055232;0;0;0;0;0;0;0;0;0;0;0;3898;0;0;89;0;80;0;
14765;6879221;1001951232;18718720;1113055232;0;0;0;0;0;0;0;0;0;0;0;4088;0;0;89;0;80;0;
14766;4638950;1001951232;18718720;1113055232;0;0;0;0;0;0;0;0;0;0;0;3707;0;0;89;0;80;0;
14767;5945209;1001951232;18718720;1113055232;0;0;0;0;0;0;0;0;0;0;0;4328;0;0;89;0;80;0;
14768;5166108;1001951232;18718720;1113055232;0;0;0;0;0;0;0;0;0;0;0;4197;0;0;89;0;80;0;
14769;6338156;1001951232;18718720;1113055232;0;0;0;0;0;0;0;0;0;0;0;3076;0;0;89;0;80;0;
14770;4399090;1001951232;18718720;1113055232;0;0;0;0;0;0;0;0;0;0;0;3427;0;0;89;0;80;0;
14771;5909552;1001951232;18718720;1113055232;0;0;0;0;0;0;0;0;0;0;0;3016;0;0;89;0;80;0;
14772;4135546;1001951232;18718720;1113055232;0;0;0;0;0;0;0;0;0;0;0;5771;0;0;89;0;80;0;
14773;6732526;1001951232;18718720;1113055232;0;0;0;0;0;0;0;0;0;0;0;3447;0;0;89;0;80;0;
14774;5322843;1001951232;18718720;1113055232;0;0;0;0;0;0;0;0;0;0;0;4318;0;0;89;0;80;0;
14775;6313360;1001951232;18718720;1113055232;0;0;0;0;0;0;0;0;0;0;0;3917;0;0;89;0;80;0;
14776;5594842;1001951232;18718720;1113055232;0;0;0;0;0;0;0;0;0;0;0;3907;0;0;89;0;80;0;
14777;5002332;1001951232;18718720;1113055232;0;0;0;0;0;0;0;0;0;0;0;3357;0;0;89;0;80;0;
14778;5720448;1001951232;18718720;1113055232;0;0;0;0;0;0;0;0;0;0;0;4047;0;0;89;0;80;0;
14779;5495867;1001951232;18722816;1113059328;0;0;0;0;0;0;0;0;0;0;0;3497;0;0;89;0;80;0;
14780;3950669;1001951232;18726912;1113063424;0;0;0;0;0;0;0;0;0;0;0;3827;0;0;89;0;80;0;
14781;8740642;1001951232;18726912;1113063424;0;0;0;0;0;0;0;0;0;0;0;4048;0;0;89;0;80;0;
14782;5533868;1001951232;18726912;1113063424;0;0;0;0;0;0;0;0;0;0;0;3367;0;0;89;0;80;0;
14783;5568342;1001951232;18726912;1113063424;0;0;0;0;0;0;0;0;0;0;0;2895;0;0;89;0;80;0;
14784;6503587;1001951232;18726912;1113063424;0;0;0;0;0;0;0;0;0;0;0;3908;0;0;89;0;80;0;
14785;5067654;1001951232;18726912;1113063424;0;0;0;0;0;0;0;0;0;0;0;3176;0;0;89;0;80;0;
14786;5694540;1001988096;18718720;1113055232;0;0;0;0;0;0;0;0;0;0;0;3096;0;0;89;0;80;0;
14787;5921395;1001988096;18718720;1113055232;0;0;0;0;0;0;0;0;0;0;0;3818;0;0;89;0;80;0;
14788;4166644;1001988096;18718720;1113055232;0;0;0;0;0;0;0;0;0;0;0;3476;0;0;89;0;80;0;
14789;6229883;1001988096;18718720;1113055232;0;0;0;0;0;0;0;0;0;0;0;3376;0;0;89;0;80;0;
14790;5664213;1001988096;18718720;1113055232;0;0;0;0;0;0;0;0;0;0;0;4058;0;0;89;0;80;0;
14791;6417065;1001988096;18718720;1113055232;0;0;0;0;0;0;0;0;0;0;0;3466;0;0;89;0;80;0;
14792;5586557;1001988096;18718720;1113055232;0;0;0;0;0;0;0;0;0;0;0;3657;0;0;89;0;80;0;
14793;5539809;1001988096;18718720;1113055232;0;0;0;0;0;0;0;0;0;0;0;3016;0;0;89;0;80;0;
14794;5080618;1001988096;18718720;1113055232;0;0;0;0;0;0;0;0;0;0;0;3607;0;0;89;0;80;0;
14795;6931990;1001988096;18718720;1113055232;0;0;0;0;0;0;0;0;0;0;0;3837;0;0;89;0;80;0;
14796;5839852;1001988096;18718720;1113055232;0;0;0;0;0;0;0;0;0;0;0;4187;0;0;89;0;80;0;
14797;6476576;1001988096;18718720;1113055232;0;0;0;0;0;0;0;0;0;0;0;4048;0;0;89;0;80;0;
14798;4802036;1001988096;18718720;1113055232;0;0;0;0;0;0;0;0;0;0;0;3426;0;0;89;0;80;0;
14799;5278018;1001988096;18718720;1113055232;0;0;0;0;0;0;0;0;0;0;0;2895;0;0;89;0;80;0;
14800;4813988;1001988096;18718720;1113055232;0;0;0;0;0;0;0;0;0;0;0;3697;0;0;89;0;80;0;
14801;5406589;1001988096;18718720;1113055232;0;0;0;0;0;0;0;0;0;0;0;2815;0;0;89;0;80;0;
14802;6691950;1001988096;18718720;1113055232;0;0;0;0;0;0;0;0;0;0;0;3266;0;0;89;0;80;0;
14803;6200649;1001988096;18718720;1113055232;0;0;0;0;0;0;0;0;0;0;0;2725;0;0;89;0;80;0;
14804;6392929;1001988096;18718720;1113055232;0;0;0;0;0;0;0;0;0;0;0;3798;0;0;89;0;80;0;
14805;6153771;1001988096;18718720;1113055232;0;0;0;0;0;0;0;0;0;0;0;3296;0;0;89;0;80;0;
14806;7002051;1001988096;18718720;1113055232;0;0;0;0;0;0;0;0;0;0;0;111790;0;0;89;0;80;0;
14807;5895737;1001988096;18718720;1113055232;0;0;0;0;0;0;0;0;0;0;0;3646;0;0;89;0;80;0;
14808;6750971;1001988096;18718720;1113055232;0;0;0;0;0;0;0;0;0;0;0;3647;0;0;89;0;80;0;
14809;7204010;1001988096;18718720;1113055232;0;0;0;0;0;0;0;0;0;0;0;3767;0;0;89;0;80;0;
14810;5134389;1001988096;18718720;1113055232;0;0;0;0;0;0;0;0;0;0;0;3577;0;0;89;0;80;0;
14811;5478464;1001988096;18718720;1113055232;0;0;0;0;0;0;0;0;0;0;0;2184;0;0;89;0;80;0;
14812;4596541;1001988096;18718720;1113055232;0;0;0;0;0;0;0;0;0;0;0;2906;0;0;89;0;80;0;
14813;4777640;1001988096;18718720;1113055232;0;0;0;0;0;0;0;0;0;0;0;2635;0;0;89;0;80;0;
14814;5382865;1001988096;18718720;1113055232;0;0;0;0;0;0;0;0;0;0;0;3176;0;0;89;0;80;0;
14815;7428552;1001988096;18718720;1113055232;0;0;0;0;0;0;0;0;0;0;0;2915;0;0;89;0;80;0;
14816;4069011;1001988096;18718720;1113055232;0;0;0;0;0;0;0;0;0;0;0;3396;0;0;89;0;80;0;
14817;5334955;1001988096;18718720;1113055232;0;0;0;0;0;0;0;0;0;0;0;2796;0;0;89;0;80;0;
14818;5740175;1001988096;18718720;1113055232;0;0;0;0;0;0;0;0;0;0;0;2796;0;0;89;0;80;0;
14819;6312017;1001988096;18718720;1113055232;0;0;0;0;0;0;0;0;0;0;0;2795;0;0;89;0;80;0;
14820;5275474;1001988096;18718720;1113055232;0;0;0;0;0;0;0;0;0;0;0;4408;0;0;89;0;80;0;
14821;7478906;1001988096;18718720;1113055232;0;0;0;0;0;0;0;0;0;0;0;4208;0;0;89;0;80;0;
14822;4800392;1001988096;18718720;1113055232;0;0;0;0;0;0;0;0;0;0;0;3607;0;0;89;0;80;0;
14823;5711291;1001988096;18718720;1113055232;0;0;0;0;0;0;0;0;0;0;0;2785;0;0;89;0;80;0;
14824;5575547;1001988096;18718720;1113055232;0;0;0;0;0;0;0;0;0;0;0;3076;0;0;89;0;80;0;
14825;6103757;1001988096;18718720;1113055232;0;0;0;0;0;0;0;0;0;0;0;3386;0;0;89;0;80;0;
14826;5701612;1001988096;18718720;1113055232;0;0;0;0;0;0;0;0;0;0;0;3888;0;0;89;0;80;0;
14827;6911482;1001988096;18718720;1113055232;0;0;0;0;0;0;0;0;0;0;0;3467;0;0;89;0;80;0;
14828;5842988;1001988096;18718720;1113055232;0;0;0;0;0;0;0;0;0;0;0;3727;0;0;89;0;80;0;
14829;6144954;1001988096;18718720;1113055232;0;0;0;0;0;0;0;0;0;0;0;3136;0;0;89;0;80;0;
14830;4099558;1001988096;18718720;1113055232;0;0;0;0;0;0;0;0;0;0;0;3066;0;0;89;0;80;0;
14831;8056840;1001988096;18718720;1113055232;0;0;0;0;0;0;0;0;0;0;0;2574;0;0;89;0;80;0;
14832;14594791;1001988096;18718720;1113055232;0;0;0;0;0;0;0;0;0;0;0;3326;0;0;89;0;80;0;
14833;6455787;1001988096;18718720;1113055232;0;0;0;0;0;0;0;0;0;0;0;2976;0;0;89;0;80;0;
14834;4857209;1001988096;18718720;1113055232;0;0;0;0;0;0;0;0;0;0;0;4037;0;0;89;0;80;0;
14835;5943206;1001988096;18718720;1113055232;0;0;0;0;0;0;0;0;0;0;0;2545;0;0;89;0;80;0;
14836;5183902;1001988096;18718720;1113055232;0;0;0;0;0;0;0;0;0;0;0;2896;0;0;89;0;80;0;
14837;4782760;1001988096;18718720;1113055232;0;0;0;0;0;0;0;0;0;0;0;1754;0;0;89;0;80;0;
14838;5980206;1001988096;18718720;1113055232;0;0;0;0;0;0;0;0;0;0;0;4348;0;0;89;0;80;0;
14839;4645642;1001988096;18718720;1113055232;0;0;0;0;0;0;0;0;0;0;0;1783;0;0;89;0;80;0;
14840;4809450;1001988096;18718720;1113055232;0;0;0;0;0;0;0;0;0;0;0;4138;0;0;89;0;80;0;
14841;4965653;1001988096;18718720;1113055232;0;0;0;0;0;0;0;0;0;0;0;2715;0;0;89;0;80;0;
14842;5002833;1001988096;18718720;1113055232;0;0;0;0;0;0;0;0;0;0;0;3697;0;0;89;0;80;0;
14843;5587408;1001988096;18718720;1113055232;0;0;0;0;0;0;0;0;0;0;0;3196;0;0;89;0;80;0;
14844;4269026;1001988096;18718720;1113055232;0;0;0;0;0;0;0;0;0;0;0;3797;0;0;89;0;80;0;
14845;6501323;1001988096;18718720;1113055232;0;0;0;0;0;0;0;0;0;0;0;3417;0;0;89;0;80;0;
14846;7018692;1001988096;18718720;1113055232;0;0;0;0;0;0;0;0;0;0;0;3978;0;0;89;0;80;0;
14847;6465956;1001988096;18718720;1113055232;0;0;0;0;0;0;0;0;0;0;0;59161;0;0;89;0;80;0;
14848;5482271;1001988096;18718720;1113055232;0;0;0;0;0;0;0;0;0;0;0;4128;0;0;89;0;80;0;
14849;6771319;1001988096;18718720;1113055232;0;0;0;0;0;0;0;0;0;0;0;3487;0;0;89;0;80;0;
14850;6893779;1001988096;18718720;1113055232;0;0;0;0;0;0;0;0;0;0;0;3216;0;0;89;0;80;0;
14851;5938777;1001988096;18718720;1113055232;0;0;0;0;0;0;0;0;0;0;0;3106;0;0;89;0;80;0;
14852;5967662;1001988096;18718720;1113055232;0;0;0;0;0;0;0;0;0;0;0;3486;0;0;89;0;80;0;
14853;4914337;1001988096;18718720;1113055232;0;0;0;0;0;0;0;0;0;0;0;2054;0;0;89;0;80;0;
14854;4018015;1001988096;18718720;1113055232;0;0;0;0;0;0;0;0;0;0;0;2786;0;0;89;0;80;0;
14855;4407796;1001988096;18718720;1113055232;0;0;0;0;0;0;0;0;0;0;0;2134;0;0;89;0;80;0;
14856;4211589;1001988096;18718720;1113055232;0;0;0;0;0;0;0;0;0;0;0;2063;0;0;89;0;80;0;
14857;5472834;1001988096;18718720;1113055232;0;0;0;0;0;0;0;0;0;0;0;2254;0;0;89;0;80;0;
14858;4530216;1001988096;18718720;1113055232;0;0;0;0;0;0;0;0;0;0;0;2595;0;0;89;0;80;0;
14859;4802427;1001988096;18718720;1113055232;0;0;0;0;0;0;0;0;0;0;0;1863;0;0;89;0;80;0;
14860;4974810;1001988096;18718720;1113055232;0;0;0;0;0;0;0;0;0;0;0;3096;0;0;89;0;80;0;
14861;4681800;1001988096;18718720;1113055232;0;0;0;0;0;0;0;0;0;0;0;1613;0;0;89;0;80;0;
14862;4985540;1001988096;18718720;1113055232;0;0;0;0;0;0;0;0;0;0;0;3006;0;0;89;0;80;0;
14863;5560899;1001988096;18718720;1113055232;0;0;0;0;0;0;0;0;0;0;0;2614;0;0;89;0;80;0;
14864;3086809;1001988096;18718720;1113055232;0;0;0;0;0;0;0;0;0;0;0;1964;0;0;89;0;80;0;
14865;4618141;1001988096;18718720;1113055232;0;0;0;0;0;0;0;0;0;0;0;1523;0;0;89;0;80;0;
14866;2233619;1001988096;18718720;1113055232;0;0;0;0;0;0;0;0;0;0;0;2295;0;0;89;0;80;0;
14867;4974960;1001988096;18722816;1113059328;0;0;0;0;0;0;0;0;0;0;0;2154;0;0;89;0;80;0;
14868;3102308;1001988096;18726912;1113063424;0;0;0;0;0;0;0;0;0;0;0;2584;0;0;89;0;80;0;
14869;4800002;1001988096;18726912;1113063424;0;0;0;0;0;0;0;0;0;0;0;2244;0;0;89;0;80;0;
14870;3349902;1001988096;18726912;1113063424;0;0;0;0;0;0;0;0;0;0;0;2866;0;0;89;0;80;0;
14871;5056864;1001988096;18726912;1113063424;0;0;0;0;0;0;0;0;0;0;0;1954;0;0;89;0;80;0;
14872;2976161;1001988096;18726912;1113063424;0;0;0;0;0;0;0;0;0;0;0;2474;0;0;89;0;80;0;
14873;5025144;1001988096;18726912;1113063424;0;0;0;0;0;0;0;0;0;0;0;1914;0;0;89;0;80;0;
14874;3966088;1002012672;18718720;1113055232;0;0;0;0;0;0;0;0;0;0;0;2594;0;0;89;0;80;0;
14875;5367036;1002012672;18718720;1113055232;0;0;0;0;0;0;0;0;0;0;0;44293;0;0;89;0;80;0;
14876;3562181;1002012672;18718720;1113055232;0;0;0;0;0;0;0;0;0;0;0;2044;0;0;89;0;80;0;
14877;6562247;1002012672;18718720;1113055232;0;0;0;0;0;0;0;0;0;0;0;2004;0;0;89;0;80;0;
14878;2402696;1002012672;18718720;1113055232;0;0;0;0;0;0;0;0;0;0;0;2485;0;0;89;0;80;0;
14879;5147584;1002012672;18718720;1113055232;0;0;0;0;0;0;0;0;0;0;0;1673;0;0;89;0;80;0;
14880;3098170;1002012672;18718720;1113055232;0;0;0;0;0;0;0;0;0;0;0;2425;0;0;89;0;80;0;
14881;4981442;1002012672;18718720;1113055232;0;0;0;0;0;0;0;0;0;0;0;1753;0;0;89;0;80;0;
14882;3473224;1002012672;18718720;1113055232;0;0;0;0;0;0;0;0;0;0;0;2124;0;0;89;0;80;0;
14883;4507814;1002012672;18718720;1113055232;0;0;0;0;0;0;0;0;0;0;0;1734;0;0;89;0;80;0;
14884;3673779;1002012672;18718720;1113055232;0;0;0;0;0;0;0;0;0;0;0;1763;0;0;89;0;80;0;
14885;4358624;1002012672;18718720;1113055232;0;0;0;0;0;0;0;0;0;0;0;1483;0;0;89;0;80;0;
14886;5115634;1002012672;18718720;1113055232;0;0;0;0;0;0;0;0;0;0;0;2455;0;0;89;0;80;0;
14887;5032979;1002012672;18718720;1113055232;0;0;0;0;0;0;0;0;0;0;0;1433;0;0;89;0;80;0;
14888;7945350;1002012672;18718720;1113055232;0;0;0;0;0;0;0;0;0;0;0;7694;0;0;89;0;80;0;
14889;5800979;1002012672;18718720;1113055232;0;0;0;0;0;0;0;0;0;0;0;3176;0;0;89;0;80;0;
14890;6319983;1002012672;18718720;1113055232;0;0;0;0;0;0;0;0;0;0;0;2224;0;0;89;0;80;0;
14891;7061363;1002012672;18718720;1113055232;0;0;0;0;0;0;0;0;0;0;0;1923;0;0;89;0;80;0;
14892;6024629;1002012672;18718720;1113055232;0;0;0;0;0;0;0;0;0;0;0;2705;0;0;89;0;80;0;
14893;4697139;1002012672;18718720;1113055232;0;0;0;0;0;0;0;0;0;0;0;2154;0;0;89;0;80;0;
14894;5352098;1002012672;18718720;1113055232;0;0;0;0;0;0;0;0;0;0;0;2454;0;0;89;0;80;0;
14895;4347584;1002012672;18718720;1113055232;0;0;0;0;0;0;0;0;0;0;0;2094;0;0;89;0;80;0;
14896;4300505;1002012672;18718720;1113055232;0;0;0;0;0;0;0;0;0;0;0;3046;0;0;89;0;80;0;
14897;5029603;1002012672;18718720;1113055232;0;0;0;0;0;0;0;0;0;0;0;2736;0;0;89;0;80;0;
14898;4540996;1002012672;18718720;1113055232;0;0;0;0;0;0;0;0;0;0;0;3126;0;0;89;0;80;0;
14899;5985996;1002012672;18718720;1113055232;0;0;0;0;0;0;0;0;0;0;0;2775;0;0;89;0;80;0;
14900;5350154;1002012672;18718720;1113055232;0;0;0;0;0;0;0;0;0;0;0;3857;0;0;89;0;80;0;
14901;5763028;1002012672;18718720;1113055232;0;0;0;0;0;0;0;0;0;0;0;2966;0;0;89;0;80;0;
14902;4555193;1002012672;18718720;1113055232;0;0;0;0;0;0;0;0;0;0;0;3367;0;0;89;0;80;0;
14903;5649796;1002012672;18718720;1113055232;0;0;0;0;0;0;0;0;0;0;0;3006;0;0;89;0;80;0;
14904;3420104;1002012672;18718720;1113055232;0;0;0;0;0;0;0;0;0;0;0;2685;0;0;89;0;80;0;
14905;5200123;1002012672;18718720;1113055232;0;0;0;0;0;0;0;0;0;0;0;2294;0;0;89;0;80;0;
14906;3840172;1002012672;18718720;1113055232;0;0;0;0;0;0;0;0;0;0;0;2284;0;0;89;0;80;0;
14907;5842297;1002012672;18718720;1113055232;0;0;0;0;0;0;0;0;0;0;0;2074;0;0;89;0;80;0;
14908;5486209;1002012672;18718720;1113055232;0;0;0;0;0;0;0;0;0;0;0;4418;0;0;89;0;80;0;
14909;5796550;1002012672;18718720;1113055232;0;0;0;0;0;0;0;0;0;0;0;2835;0;0;89;0;80;0;
14910;5375521;1002012672;18718720;1113055232;0;0;0;0;0;0;0;0;0;0;0;9898;0;0;89;0;80;0;
14911;6132320;1002012672;18718720;1113055232;0;0;0;0;0;0;0;0;0;0;0;606097;0;0;89;0;80;0;
14912;3917707;1002012672;18718720;1113055232;0;0;0;0;0;0;0;0;0;0;0;2705;0;0;89;0;80;0;
14913;5710659;1002012672;18718720;1113055232;0;0;0;0;0;0;0;0;0;0;0;2124;0;0;89;0;80;0;
14914;3068364;1002012672;18718720;1113055232;0;0;0;0;0;0;0;0;0;0;0;2044;0;0;89;0;80;0;
14915;5216954;1002012672;18718720;1113055232;0;0;0;0;0;0;0;0;0;0;0;2495;0;0;89;0;80;0;
14916;5664784;1002012672;18718720;1113055232;0;0;0;0;0;0;0;0;0;0;0;2725;0;0;89;0;80;0;
14917;4512533;1002012672;18718720;1113055232;0;0;0;0;0;0;0;0;0;0;0;1863;0;0;89;0;80;0;
14918;4600999;1002012672;18718720;1113055232;0;0;0;0;0;0;0;0;0;0;0;26801;0;0;89;0;80;0;
14919;5723294;1002012672;18718720;1113055232;0;0;0;0;0;0;0;0;0;0;0;3096;0;0;89;0;80;0;
14920;6999146;1002012672;18718720;1113055232;0;0;0;0;0;0;0;0;0;0;0;144290;0;0;89;0;80;0;
14921;5491689;1002012672;18718720;1113055232;0;0;0;0;0;0;0;0;0;0;0;3075;0;0;89;0;80;0;
14922;5281034;1002012672;18718720;1113055232;0;0;0;0;0;0;0;0;0;0;0;3106;0;0;89;0;80;0;
14923;7410658;1002012672;18718720;1113055232;0;0;0;0;0;0;0;0;0;0;0;2375;0;0;89;0;80;0;
14924;5452015;1002012672;18718720;1113055232;0;0;0;0;0;0;0;0;0;0;0;3376;0;0;89;0;80;0;
14925;5170546;1002012672;18718720;1113055232;0;0;0;0;0;0;0;0;0;0;0;2995;0;0;89;0;80;0;
14926;5141582;1002012672;18718720;1113055232;0;0;0;0;0;0;0;0;0;0;0;3146;0;0;89;0;80;0;
14927;6137621;1002012672;18718720;1113055232;0;0;0;0;0;0;0;0;0;0;0;3286;0;0;89;0;80;0;
14928;6076676;1002012672;18718720;1113055232;0;0;0;0;0;0;0;0;0;0;0;3607;0;0;89;0;80;0;
14929;6226687;1002012672;18718720;1113055232;0;0;0;0;0;0;0;0;0;0;0;2885;0;0;89;0;80;0;
14930;5251478;1002012672;18718720;1113055232;0;0;0;0;0;0;0;0;0;0;0;3998;0;0;89;0;80;0;
14931;5643304;1002012672;18718720;1113055232;0;0;0;0;0;0;0;0;0;0;0;3025;0;0;89;0;80;0;
14932;4582273;1002012672;18718720;1113055232;0;0;0;0;0;0;0;0;0;0;0;3777;0;0;89;0;80;0;
14933;6416594;1002012672;18718720;1113055232;0;0;0;0;0;0;0;0;0;0;0;3607;0;0;89;0;80;0;
14934;6462469;1002012672;18718720;1113055232;0;0;0;0;0;0;0;0;0;0;0;3606;0;0;89;0;80;0;
14935;5504333;1002012672;18718720;1113055232;0;0;0;0;0;0;0;0;0;0;0;3095;0;0;89;0;80;0;
14936;5733924;1002012672;18718720;1113055232;0;0;0;0;0;0;0;0;0;0;0;4167;0;0;89;0;80;0;
14937;6878620;1002012672;18718720;1113055232;0;0;0;0;0;0;0;0;0;0;0;3156;0;0;89;0;80;0;
14938;7125443;1002012672;18718720;1113055232;0;0;0;0;0;0;0;0;0;0;0;3396;0;0;89;0;80;0;
14939;5746247;1002012672;18718720;1113055232;0;0;0;0;0;0;0;0;0;0;0;3376;0;0;89;0;80;0;
14940;6027214;1002012672;18722816;1113059328;0;0;0;0;0;0;0;0;0;0;0;3176;0;0;89;0;80;0;
14941;6325693;1002012672;18722816;1113059328;0;0;0;0;0;0;0;0;0;0;0;3587;0;0;89;0;80;0;
14942;4768282;1002012672;18722816;1113059328;0;0;0;0;0;0;0;0;0;0;0;3116;0;0;89;0;80;0;
14943;5152904;1002012672;18722816;1113059328;0;0;0;0;0;0;0;0;0;0;0;3647;0;0;89;0;80;0;
14944;5237072;1002012672;18722816;1113059328;0;0;0;0;0;0;0;0;0;0;0;3075;0;0;89;0;80;0;
14945;6578617;1002012672;18722816;1113059328;0;0;0;0;0;0;0;0;0;0;0;3286;0;0;89;0;80;0;
14946;6115810;1002012672;18722816;1113059328;0;0;0;0;0;0;0;0;0;0;0;2615;0;0;89;0;80;0;
14947;6819048;1002012672;18722816;1113059328;0;0;0;0;0;0;0;0;0;0;0;2936;0;0;89;0;80;0;
14948;6673345;1002012672;18722816;1113059328;0;0;0;0;0;0;0;0;0;0;0;135895;0;0;89;0;80;0;
14949;5847436;1002012672;18722816;1113059328;0;0;0;0;0;0;0;0;0;0;0;3006;0;0;89;0;80;0;
14950;6833786;1002012672;18722816;1113059328;0;0;0;0;0;0;0;0;0;0;0;3336;0;0;89;0;80;0;
14951;7581970;1002012672;18722816;1113059328;0;0;0;0;0;0;0;0;0;0;0;3266;0;0;89;0;80;0;
14952;5490547;1002012672;18722816;1113059328;0;0;0;0;0;0;0;0;0;0;0;2164;0;0;89;0;80;0;
14953;6021613;1002012672;18722816;1113059328;0;0;0;0;0;0;0;0;0;0;0;2514;0;0;89;0;80;0;
14954;5245167;1002012672;18722816;1113059328;0;0;0;0;0;0;0;0;0;0;0;2444;0;0;89;0;80;0;
14955;6540206;1002012672;18722816;1113059328;0;0;0;0;0;0;0;0;0;0;0;3396;0;0;89;0;80;0;
14956;7041195;1002012672;18722816;1113059328;0;0;0;0;0;0;0;0;0;0;0;3977;0;0;89;0;80;0;
14957;6733589;1002012672;18722816;1113059328;0;0;0;0;0;0;0;0;0;0;0;3116;0;0;89;0;80;0;
14958;6754116;1002012672;18722816;1113059328;0;0;0;0;0;0;0;0;0;0;0;2855;0;0;89;0;80;0;
14959;6876075;1002012672;18722816;1113059328;0;0;0;0;0;0;0;0;0;0;0;3126;0;0;89;0;80;0;
14960;6850578;1002012672;18722816;1113059328;0;0;0;0;0;0;0;0;0;0;0;2474;0;0;89;0;80;0;
14961;6788120;1002012672;18722816;1113059328;0;0;0;0;0;0;0;0;0;0;0;3427;0;0;89;0;80;0;
14962;4579408;1002012672;18722816;1113059328;0;0;0;0;0;0;0;0;0;0;0;3226;0;0;89;0;80;0;
14963;5777685;1002012672;18722816;1113059328;0;0;0;0;0;0;0;0;0;0;0;3126;0;0;89;0;80;0;
14964;6015832;1002012672;18722816;1113059328;0;0;0;0;0;0;0;0;0;0;0;3457;0;0;89;0;80;0;
14965;6593716;1002012672;18722816;1113059328;0;0;0;0;0;0;0;0;0;0;0;2344;0;0;89;0;80;0;
14966;5563895;1002012672;18722816;1113059328;0;0;0;0;0;0;0;0;0;0;0;3347;0;0;89;0;80;0;
14967;5926033;1002012672;18722816;1113059328;0;0;0;0;0;0;0;0;0;0;0;3356;0;0;89;0;80;0;
14968;4477867;1002012672;18722816;1113059328;0;0;0;0;0;0;0;0;0;0;0;2505;0;0;89;0;80;0;
14969;6490732;1002012672;18722816;1113059328;0;0;0;0;0;0;0;0;0;0;0;3646;0;0;89;0;80;0;
14970;4817485;1002012672;18722816;1113059328;0;0;0;0;0;0;0;0;0;0;0;3266;0;0;89;0;80;0;
14971;6232448;1002012672;18722816;1113059328;0;0;0;0;0;0;0;0;0;0;0;2956;0;0;89;0;80;0;
14972;6286479;1002012672;18722816;1113059328;0;0;0;0;0;0;0;0;0;0;0;3727;0;0;89;0;80;0;
14973;5548586;1002012672;18722816;1113059328;0;0;0;0;0;0;0;0;0;0;0;3657;0;0;89;0;80;0;
14974;5736869;1002012672;18722816;1113059328;0;0;0;0;0;0;0;0;0;0;0;3326;0;0;89;0;80;0;
14975;7073716;1002012672;18722816;1113059328;0;0;0;0;0;0;0;0;0;0;0;2555;0;0;89;0;80;0;
14976;4738928;1002012672;18722816;1113059328;0;0;0;0;0;0;0;0;0;0;0;2214;0;0;89;0;80;0;
14977;5893563;1002012672;18722816;1113059328;0;0;0;0;0;0;0;0;0;0;0;3125;0;0;89;0;80;0;
14978;5426256;1002012672;18722816;1113059328;0;0;0;0;0;0;0;0;0;0;0;2965;0;0;89;0;80;0;
14979;6169490;1002012672;18722816;1113059328;0;0;0;0;0;0;0;0;0;0;0;3356;0;0;89;0;80;0;
14980;5785480;1002012672;18722816;1113059328;0;0;0;0;0;0;0;0;0;0;0;3236;0;0;89;0;80;0;
14981;5979233;1002012672;18722816;1113059328;0;0;0;0;0;0;0;0;0;0;0;3397;0;0;89;0;80;0;
14982;4821251;1002012672;18722816;1113059328;0;0;0;0;0;0;0;0;0;0;0;3206;0;0;89;0;80;0;
14983;6664799;1002012672;18722816;1113059328;0;0;0;0;0;0;0;0;0;0;0;3467;0;0;89;0;80;0;
14984;6395655;1002012672;18722816;1113059328;0;0;0;0;0;0;0;0;0;0;0;3196;0;0;89;0;80;0;
14985;5861482;1002012672;18722816;1113059328;0;0;0;0;0;0;0;0;0;0;0;2685;0;0;89;0;80;0;
14986;7317483;1002012672;18722816;1113059328;0;0;0;0;0;0;0;0;0;0;0;4008;0;0;89;0;80;0;
14987;6411133;1002012672;18722816;1113059328;0;0;0;0;0;0;0;0;0;0;0;4007;0;0;89;0;80;0;
14988;6998274;1002012672;18722816;1113059328;0;0;0;0;0;0;0;0;0;0;0;3687;0;0;89;0;80;0;
14989;6329820;1002012672;18722816;1113059328;0;0;0;0;0;0;0;0;0;0;0;3767;0;0;89;0;80;0;
14990;6069022;1002012672;18722816;1113059328;0;0;0;0;0;0;0;0;0;0;0;3296;0;0;89;0;80;0;
14991;7196927;1002012672;18722816;1113059328;0;0;0;0;0;0;0;0;0;0;0;4979;0;0;89;0;80;0;
14992;6109207;1002012672;18722816;1113059328;0;0;0;0;0;0;0;0;0;0;0;3596;0;0;89;0;80;0;
14993;6595068;1002012672;18722816;1113059328;0;0;0;0;0;0;0;0;0;0;0;4890;0;0;89;0;80;0;
14994;5819845;1002012672;18722816;1113059328;0;0;0;0;0;0;0;0;0;0;0;4979;0;0;89;0;80;0;
14995;6466747;1002012672;18722816;1113059328;0;0;0;0;0;0;0;0;0;0;0;6652;0;0;89;0;80;0;
14996;4981743;1002012672;18722816;1113059328;0;0;0;0;0;0;0;0;0;0;0;2615;0;0;89;0;80;0;
14997;5141733;1002012672;18722816;1113059328;0;0;0;0;0;0;0;0;0;0;0;3256;0;0;89;0;80;0;
14998;3711922;1002012672;18722816;1113059328;0;0;0;0;0;0;0;0;0;0;0;3026;0;0;89;0;80;0;
14999;6483188;1002012672;18722816;1113059328;0;0;0;0;0;0;0;0;0;0;0;3797;0;0;89;0;80;0;
15000;4150414;1002012672;18722816;1113059328;0;0;0;0;0;0;0;0;0;0;0;2986;0;0;89;0;80;0;
15001;6389192;1002012672;18722816;1113059328;0;0;0;0;0;0;0;0;0;0;0;3997;0;0;89;0;80;0;
15002;5821677;1002012672;18722816;1113059328;0;0;0;0;0;0;0;0;0;0;0;3336;0;0;89;0;80;0;
15003;5322391;1002012672;18722816;1113059328;0;0;0;0;0;0;0;0;0;0;0;2845;0;0;89;0;80;0;
15004;3370401;1002012672;18722816;1113059328;0;0;0;0;0;0;0;0;0;0;0;2234;0;0;89;0;80;0;
15005;4916440;1002012672;18722816;1113059328;0;0;0;0;0;0;0;0;0;0;0;2234;0;0;89;0;80;0;
15006;4244991;1002012672;18722816;1113059328;0;0;0;0;0;0;0;0;0;0;0;8787;0;0;89;0;80;0;
15007;6600207;1002012672;18722816;1113059328;0;0;0;0;0;0;0;0;0;0;0;3136;0;0;89;0;80;0;
15008;3411999;1002012672;18722816;1113059328;0;0;0;0;0;0;0;0;0;0;0;2875;0;0;89;0;80;0;
15009;5553705;1002012672;18722816;1113059328;0;0;0;0;0;0;0;0;0;0;0;2585;0;0;89;0;80;0;
15010;2354215;1002012672;18722816;1113059328;0;0;0;0;0;0;0;0;0;0;0;1813;0;0;89;0;80;0;
15011;5181989;1002012672;18722816;1113059328;0;0;0;0;0;0;0;0;0;0;0;2555;0;0;89;0;80;0;
15012;4180159;1002012672;18722816;1113059328;0;0;0;0;0;0;0;0;0;0;0;2635;0;0;89;0;80;0;
15013;9387385;1002012672;18722816;1113059328;0;0;0;0;0;0;0;0;0;0;0;2084;0;0;89;0;80;0;
15014;10068492;1002012672;18722816;1113059328;0;0;0;0;0;0;0;0;0;0;0;2154;0;0;89;0;80;0;
15015;5808162;1002012672;18722816;1113059328;0;0;0;0;0;0;0;0;0;0;0;3346;0;0;89;0;80;0;
15016;5712433;1002012672;18722816;1113059328;0;0;0;0;0;0;0;0;0;0;0;2544;0;0;89;0;80;0;
15017;5608438;1002012672;18722816;1113059328;0;0;0;0;0;0;0;0;0;0;0;1703;0;0;89;0;80;0;
15018;5588540;1002012672;18722816;1113059328;0;0;0;0;0;0;0;0;0;0;0;3116;0;0;89;0;80;0;
15019;5866853;1002012672;18722816;1113059328;0;0;0;0;0;0;0;0;0;0;0;2775;0;0;89;0;80;0;
15020;4804881;1002012672;18722816;1113059328;0;0;0;0;0;0;0;0;0;0;0;2475;0;0;89;0;80;0;
15021;5606183;1002012672;18722816;1113059328;0;0;0;0;0;0;0;0;0;0;0;3186;0;0;89;0;80;0;
15022;4027523;1002012672;18722816;1113059328;0;0;0;0;0;0;0;0;0;0;0;2515;0;0;89;0;80;0;
15023;5025164;1002012672;18722816;1113059328;0;0;0;0;0;0;0;0;0;0;0;2715;0;0;89;0;80;0;
15024;4377189;1002012672;18722816;1113059328;0;0;0;0;0;0;0;0;0;0;0;2194;0;0;89;0;80;0;
15025;5503992;1002012672;18722816;1113059328;0;0;0;0;0;0;0;0;0;0;0;2645;0;0;89;0;80;0;
15026;3097589;1002012672;18722816;1113059328;0;0;0;0;0;0;0;0;0;0;0;1944;0;0;89;0;80;0;
15027;4670860;1002012672;18722816;1113059328;0;0;0;0;0;0;0;0;0;0;0;2204;0;0;89;0;80;0;
15028;5098812;1002012672;18722816;1113059328;0;0;0;0;0;0;0;0;0;0;0;1894;0;0;89;0;80;0;
15029;5722752;1002012672;18722816;1113059328;0;0;0;0;0;0;0;0;0;0;0;2535;0;0;89;0;80;0;
15030;4285728;1002012672;18722816;1113059328;0;0;0;0;0;0;0;0;0;0;0;2164;0;0;89;0;80;0;
15031;5302194;1002012672;18722816;1113059328;0;0;0;0;0;0;0;0;0;0;0;2785;0;0;89;0;80;0;
15032;3603097;1002012672;18722816;1113059328;0;0;0;0;0;0;0;0;0;0;0;2394;0;0;89;0;80;0;
15033;5601725;1002012672;18722816;1113059328;0;0;0;0;0;0;0;0;0;0;0;2444;0;0;89;0;80;0;
15034;4190328;1002012672;18722816;1113059328;0;0;0;0;0;0;0;0;0;0;0;2435;0;0;89;0;80;0;
15035;5362777;1002012672;18722816;1113059328;0;0;0;0;0;0;0;0;0;0;0;2745;0;0;89;0;80;0;
15036;4409851;1002012672;18722816;1113059328;0;0;0;0;0;0;0;0;0;0;0;2254;0;0;89;0;80;0;
15037;6124596;1002012672;18722816;1113059328;0;0;0;0;0;0;0;0;0;0;0;2424;0;0;89;0;80;0;
15038;4956716;1002012672;18722816;1113059328;0;0;0;0;0;0;0;0;0;0;0;2535;0;0;89;0;80;0;
15039;5846284;1002012672;18722816;1113059328;0;0;0;0;0;0;0;0;0;0;0;45396;0;0;89;0;80;0;
15040;4612611;1002012672;18722816;1113059328;0;0;0;0;0;0;0;0;0;0;0;2515;0;0;89;0;80;0;
15041;5878294;1002012672;18722816;1113059328;0;0;0;0;0;0;0;0;0;0;0;2776;0;0;89;0;80;0;
15042;5076751;1002012672;18722816;1113059328;0;0;0;0;0;0;0;0;0;0;0;2465;0;0;89;0;80;0;
15043;5256408;1002012672;18722816;1113059328;0;0;0;0;0;0;0;0;0;0;0;3056;0;0;89;0;80;0;
15044;5506086;1002012672;18722816;1113059328;0;0;0;0;0;0;0;0;0;0;0;2555;0;0;89;0;80;0;
15045;5362917;1002012672;18722816;1113059328;0;0;0;0;0;0;0;0;0;0;0;2645;0;0;89;0;80;0;
15046;4786156;1002012672;18722816;1113059328;0;0;0;0;0;0;0;0;0;0;0;2384;0;0;89;0;80;0;
15047;6320654;1002012672;18722816;1113059328;0;0;0;0;0;0;0;0;0;0;0;2695;0;0;89;0;80;0;
15048;4273694;1002012672;18722816;1113059328;0;0;0;0;0;0;0;0;0;0;0;2865;0;0;89;0;80;0;
15049;6766820;1002012672;18722816;1113059328;0;0;0;0;0;0;0;0;0;0;0;2816;0;0;89;0;80;0;
15050;4856367;1002012672;18722816;1113059328;0;0;0;0;0;0;0;0;0;0;0;1683;0;0;89;0;80;0;
15051;6095591;1002012672;18722816;1113059328;0;0;0;0;0;0;0;0;0;0;0;2725;0;0;89;0;80;0;
15052;4286198;1002012672;18722816;1113059328;0;0;0;0;0;0;0;0;0;0;0;2415;0;0;89;0;80;0;
15053;6326535;1002012672;18722816;1113059328;0;0;0;0;0;0;0;0;0;0;0;2715;0;0;89;0;80;0;
15054;4154471;1002012672;18722816;1113059328;0;0;0;0;0;0;0;0;0;0;0;1984;0;0;89;0;80;0;
15055;5905475;1002012672;18722816;1113059328;0;0;0;0;0;0;0;0;0;0;0;2304;0;0;89;0;80;0;
15056;2925096;1002012672;18722816;1113059328;0;0;0;0;0;0;0;0;0;0;0;2444;0;0;89;0;80;0;
15057;5746987;1002012672;18722816;1113059328;0;0;0;0;0;0;0;0;0;0;0;2044;0;0;89;0;80;0;
15058;4714973;1002012672;18722816;1113059328;0;0;0;0;0;0;0;0;0;0;0;1803;0;0;89;0;80;0;
15059;5639726;1002012672;18722816;1113059328;0;0;0;0;0;0;0;0;0;0;0;1894;0;0;89;0;80;0;
15060;3223124;1002012672;18722816;1113059328;0;0;0;0;0;0;0;0;0;0;0;1783;0;0;89;0;80;0;
15061;4340220;1002012672;18722816;1113059328;0;0;0;0;0;0;0;0;0;0;0;1923;0;0;89;0;80;0;
15062;3430353;1002012672;18722816;1113059328;0;0;0;0;0;0;0;0;0;0;0;2245;0;0;89;0;80;0;
15063;4712537;1002012672;18722816;1113059328;0;0;0;0;0;0;0;0;0;0;0;2084;0;0;89;0;80;0;
15064;4351150;1002012672;18722816;1113059328;0;0;0;0;0;0;0;0;0;0;0;2204;0;0;89;0;80;0;
15065;4836520;1002012672;18722816;1113059328;0;0;0;0;0;0;0;0;0;0;0;2615;0;0;89;0;80;0;
15066;6017545;1002012672;18722816;1113059328;0;0;0;0;0;0;0;0;0;0;0;2214;0;0;89;0;80;0;
15067;5907369;1002012672;18722816;1113059328;0;0;0;0;0;0;0;0;0;0;0;14036;0;0;89;0;80;0;
15068;5091038;1002012672;18722816;1113059328;0;0;0;0;0;0;0;0;0;0;0;3206;0;0;89;0;80;0;
15069;5332159;1002012672;18722816;1113059328;0;0;0;0;0;0;0;0;0;0;0;2945;0;0;89;0;80;0;
15070;5401360;1002012672;18722816;1113059328;0;0;0;0;0;0;0;0;0;0;0;2484;0;0;89;0;80;0;
15071;5745535;1002012672;18722816;1113059328;0;0;0;0;0;0;0;0;0;0;0;3477;0;0;89;0;80;0;
15072;3393945;1002012672;18722816;1113059328;0;0;0;0;0;0;0;0;0;0;0;1903;0;0;89;0;80;0;
15073;4712198;1002012672;18722816;1113059328;0;0;0;0;0;0;0;0;0;0;0;2335;0;0;89;0;80;0;
15074;4278724;1002012672;18722816;1113059328;0;0;0;0;0;0;0;0;0;0;0;2544;0;0;89;0;80;0;
15075;4755689;1002012672;18722816;1113059328;0;0;0;0;0;0;0;0;0;0;0;2876;0;0;89;0;80;0;
15076;3963803;1002012672;18722816;1113059328;0;0;0;0;0;0;0;0;0;0;0;3026;0;0;89;0;80;0;
15077;5194442;1002012672;18722816;1113059328;0;0;0;0;0;0;0;0;0;0;0;2224;0;0;89;0;80;0;
15078;4082987;1002012672;18722816;1113059328;0;0;0;0;0;0;0;0;0;0;0;2004;0;0;89;0;80;0;
15079;5372405;1002012672;18722816;1113059328;0;0;0;0;0;0;0;0;0;0;0;2786;0;0;89;0;80;0;
15080;4528473;1002012672;18722816;1113059328;0;0;0;0;0;0;0;0;0;0;0;2034;0;0;89;0;80;0;
15081;6237487;1002012672;18722816;1113059328;0;0;0;0;0;0;0;0;0;0;0;2084;0;0;89;0;80;0;
15082;4207932;1002012672;18722816;1113059328;0;0;0;0;0;0;0;0;0;0;0;2625;0;0;89;0;80;0;
15083;6327216;1002012672;18722816;1113059328;0;0;0;0;0;0;0;0;0;0;0;2555;0;0;89;0;80;0;
15084;4618081;1002012672;18722816;1113059328;0;0;0;0;0;0;0;0;0;0;0;2554;0;0;89;0;80;0;
15085;4747964;1002012672;18722816;1113059328;0;0;0;0;0;0;0;0;0;0;0;1723;0;0;89;0;80;0;
15086;4196881;1002012672;18722816;1113059328;0;0;0;0;0;0;0;0;0;0;0;1954;0;0;89;0;80;0;
15087;5770191;1002012672;18722816;1113059328;0;0;0;0;0;0;0;0;0;0;0;2275;0;0;89;0;80;0;
15088;4624934;1002012672;18722816;1113059328;0;0;0;0;0;0;0;0;0;0;0;37571;0;0;89;0;80;0;
15089;5578011;1002012672;18722816;1113059328;0;0;0;0;0;0;0;0;0;0;0;2394;0;0;89;0;80;0;
15090;3466551;1002012672;18722816;1113059328;0;0;0;0;0;0;0;0;0;0;0;2485;0;0;89;0;80;0;
15091;5400578;1002012672;18722816;1113059328;0;0;0;0;0;0;0;0;0;0;0;2494;0;0;89;0;80;0;
15092;2637146;1002012672;18722816;1113059328;0;0;0;0;0;0;0;0;0;0;0;1864;0;0;89;0;80;0;
15093;4892245;1002012672;18722816;1113059328;0;0;0;0;0;0;0;0;0;0;0;2685;0;0;89;0;80;0;
15094;2465133;1002012672;18722816;1113059328;0;0;0;0;0;0;0;0;0;0;0;1793;0;0;89;0;80;0;
15095;5328613;1002012672;18722816;1113059328;0;0;0;0;0;0;0;0;0;0;0;2204;0;0;89;0;80;0;
15096;3848888;1002012672;18722816;1113059328;0;0;0;0;0;0;0;0;0;0;0;2084;0;0;89;0;80;0;
15097;5178612;1002012672;18722816;1113059328;0;0;0;0;0;0;0;0;0;0;0;2285;0;0;89;0;80;0;
15098;3186687;1002012672;18722816;1113059328;0;0;0;0;0;0;0;0;0;0;0;2224;0;0;89;0;80;0;
15099;5518139;1002012672;18722816;1113059328;0;0;0;0;0;0;0;0;0;0;0;1813;0;0;89;0;80;0;
15100;4143400;1002012672;18722816;1113059328;0;0;0;0;0;0;0;0;0;0;0;2104;0;0;89;0;80;0;
15101;5314006;1002012672;18722816;1113059328;0;0;0;0;0;0;0;0;0;0;0;2675;0;0;89;0;80;0;
15102;4256362;1002012672;18722816;1113059328;0;0;0;0;0;0;0;0;0;0;0;2805;0;0;89;0;80;0;
15103;5759532;1002012672;18722816;1113059328;0;0;0;0;0;0;0;0;0;0;0;2815;0;0;89;0;80;0;
15104;3456512;1002012672;18722816;1113059328;0;0;0;0;0;0;0;0;0;0;0;1763;0;0;89;0;80;0;
15105;4986782;1002012672;18722816;1113059328;0;0;0;0;0;0;0;0;0;0;0;2715;0;0;89;0;80;0;
15106;3709837;1002012672;18722816;1113059328;0;0;0;0;0;0;0;0;0;0;0;2254;0;0;89;0;80;0;
15107;4422524;1002012672;18722816;1113059328;0;0;0;0;0;0;0;0;0;0;0;2906;0;0;89;0;80;0;
15108;3131082;1002012672;18722816;1113059328;0;0;0;0;0;0;0;0;0;0;0;2404;0;0;89;0;80;0;
15109;5796841;1002012672;18722816;1113059328;0;0;0;0;0;0;0;0;0;0;0;2615;0;0;89;0;80;0;
15110;4125778;1002012672;18722816;1113059328;0;0;0;0;0;0;0;0;0;0;0;2575;0;0;89;0;80;0;
15111;4760688;1002012672;18722816;1113059328;0;0;0;0;0;0;0;0;0;0;0;2575;0;0;89;0;80;0;
15112;3904001;1002012672;18722816;1113059328;0;0;0;0;0;0;0;0;0;0;0;2033;0;0;89;0;80;0;
15113;5615401;1002012672;18722816;1113059328;0;0;0;0;0;0;0;0;0;0;0;2434;0;0;89;0;80;0;
15114;3474466;1002012672;18722816;1113059328;0;0;0;0;0;0;0;0;0;0;0;2495;0;0;89;0;80;0;
15115;5213698;1002012672;18722816;1113059328;0;0;0;0;0;0;0;0;0;0;0;2244;0;0;89;0;80;0;
15116;3854689;1002012672;18722816;1113059328;0;0;0;0;0;0;0;0;0;0;0;2485;0;0;89;0;80;0;
15117;5055141;1002012672;18722816;1113059328;0;0;0;0;0;0;0;0;0;0;0;2044;0;0;89;0;80;0;
15118;3788595;1002012672;18722816;1113059328;0;0;0;0;0;0;0;0;0;0;0;2315;0;0;89;0;80;0;
15119;4542669;1002012672;18722816;1113059328;0;0;0;0;0;0;0;0;0;0;0;2726;0;0;89;0;80;0;
15120;3767456;1002012672;18722816;1113059328;0;0;0;0;0;0;0;0;0;0;0;2314;0;0;89;0;80;0;
15121;5005256;1002012672;18722816;1113059328;0;0;0;0;0;0;0;0;0;0;0;2775;0;0;89;0;80;0;
15122;4637527;1002012672;18722816;1113059328;0;0;0;0;0;0;0;0;0;0;0;2575;0;0;89;0;80;0;
15123;5124330;1002012672;18722816;1113059328;0;0;0;0;0;0;0;0;0;0;0;2925;0;0;89;0;80;0;
15124;4245221;1002012672;18722816;1113059328;0;0;0;0;0;0;0;0;0;0;0;1874;0;0;89;0;80;0;
15125;5527646;1002012672;18722816;1113059328;0;0;0;0;0;0;0;0;0;0;0;2525;0;0;89;0;80;0;
15126;4178647;1002012672;18722816;1113059328;0;0;0;0;0;0;0;0;0;0;0;2715;0;0;89;0;80;0;
15127;5336037;1002012672;18722816;1113059328;0;0;0;0;0;0;0;0;0;0;0;2765;0;0;89;0;80;0;
15128;5641440;1002012672;18722816;1113059328;0;0;0;0;0;0;0;0;0;0;0;2505;0;0;89;0;80;0;
15129;5581588;1002012672;18722816;1113059328;0;0;0;0;0;0;0;0;0;0;0;2976;0;0;89;0;80;0;
15130;3441734;1002012672;18722816;1113059328;0;0;0;0;0;0;0;0;0;0;0;2365;0;0;89;0;80;0;
15131;4712197;1002012672;18722816;1113059328;0;0;0;0;0;0;0;0;0;0;0;2444;0;0;89;0;80;0;
15132;4765287;1002012672;18722816;1113059328;0;0;0;0;0;0;0;0;0;0;0;2585;0;0;89;0;80;0;
15133;5161039;1002012672;18722816;1113059328;0;0;0;0;0;0;0;0;0;0;0;2475;0;0;89;0;80;0;
15134;3730726;1002012672;18722816;1113059328;0;0;0;0;0;0;0;0;0;0;0;1963;0;0;89;0;80;0;
15135;5950098;1002012672;18722816;1113059328;0;0;0;0;0;0;0;0;0;0;0;2845;0;0;89;0;80;0;
15136;3286974;1002012672;18722816;1113059328;0;0;0;0;0;0;0;0;0;0;0;2234;0;0;89;0;80;0;
15137;4612660;1002012672;18722816;1113059328;0;0;0;0;0;0;0;0;0;0;0;2455;0;0;89;0;80;0;
15138;2893967;1002012672;18722816;1113059328;0;0;0;0;0;0;0;0;0;0;0;2194;0;0;89;0;80;0;
15139;4522471;1002012672;18722816;1113059328;0;0;0;0;0;0;0;0;0;0;0;1973;0;0;89;0;80;0;
15140;3743130;1002012672;18722816;1113059328;0;0;0;0;0;0;0;0;0;0;0;2615;0;0;89;0;80;0;
15141;5288648;1002012672;18722816;1113059328;0;0;0;0;0;0;0;0;0;0;0;3256;0;0;89;0;80;0;
15142;3820244;1002012672;18722816;1113059328;0;0;0;0;0;0;0;0;0;0;0;2505;0;0;89;0;80;0;
15143;5322321;1002012672;18722816;1113059328;0;0;0;0;0;0;0;0;0;0;0;2735;0;0;89;0;80;0;
15144;4107463;1002012672;18722816;1113059328;0;0;0;0;0;0;0;0;0;0;0;2554;0;0;89;0;80;0;
15145;4635984;1002012672;18722816;1113059328;0;0;0;0;0;0;0;0;0;0;0;2264;0;0;89;0;80;0;
15146;3890786;1002012672;18722816;1113059328;0;0;0;0;0;0;0;0;0;0;0;1964;0;0;89;0;80;0;
15147;5493653;1002012672;18722816;1113059328;0;0;0;0;0;0;0;0;0;0;0;2305;0;0;89;0;80;0;
15148;3406839;1002012672;18722816;1113059328;0;0;0;0;0;0;0;0;0;0;0;2124;0;0;89;0;80;0;
15149;6772261;1002012672;18722816;1113059328;0;0;0;0;0;0;0;0;0;0;0;2836;0;0;89;0;80;0;
15150;4567806;1002012672;18722816;1113059328;0;0;0;0;0;0;0;0;0;0;0;2735;0;0;89;0;80;0;
15151;4630714;1002012672;18722816;1113059328;0;0;0;0;0;0;0;0;0;0;0;3035;0;0;89;0;80;0;
15152;5194060;1002012672;18722816;1113059328;0;0;0;0;0;0;0;0;0;0;0;2685;0;0;89;0;80;0;
15153;6440869;1002012672;18722816;1113059328;0;0;0;0;0;0;0;0;0;0;0;2986;0;0;89;0;80;0;
15154;5079957;1002012672;18722816;1113059328;0;0;0;0;0;0;0;0;0;0;0;2364;0;0;89;0;80;0;
15155;7402032;1002012672;18722816;1113059328;0;0;0;0;0;0;0;0;0;0;0;6191;0;0;89;0;80;0;
15156;7682448;1002012672;18722816;1113059328;0;0;0;0;0;0;0;0;0;0;0;4980;0;0;89;0;80;0;
15157;6023807;1002012672;18722816;1113059328;0;0;0;0;0;0;0;0;0;0;0;3747;0;0;89;0;80;0;
15158;4735391;1002012672;18722816;1113059328;0;0;0;0;0;0;0;0;0;0;0;3637;0;0;89;0;80;0;
15159;7010828;1002012672;18722816;1113059328;0;0;0;0;0;0;0;0;0;0;0;4047;0;0;89;0;80;0;
15160;5318454;1002012672;18722816;1113059328;0;0;0;0;0;0;0;0;0;0;0;3877;0;0;89;0;80;0;
15161;5987499;1002012672;18722816;1113059328;0;0;0;0;0;0;0;0;0;0;0;4518;0;0;89;0;80;0;
15162;7156631;1002012672;18722816;1113059328;0;0;0;0;0;0;0;0;0;0;0;4168;0;0;89;0;80;0;
15163;6500291;1002012672;18722816;1113059328;0;0;0;0;0;0;0;0;0;0;0;3486;0;0;89;0;80;0;
15164;4681610;1002012672;18722816;1113059328;0;0;0;0;0;0;0;0;0;0;0;3747;0;0;89;0;80;0;
15165;8841001;1002012672;18722816;1113059328;0;0;0;0;0;0;0;0;0;0;0;4518;0;0;89;0;80;0;
15166;7018271;1002012672;18722816;1113059328;0;0;0;0;0;0;0;0;0;0;0;3677;0;0;89;0;80;0;
15167;6352774;1002012672;18722816;1113059328;0;0;0;0;0;0;0;0;0;0;0;4498;0;0;89;0;80;0;
15168;7538117;1002012672;18722816;1113059328;0;0;0;0;0;0;0;0;0;0;0;54462;0;0;89;0;80;0;
15169;7733643;1002012672;18722816;1113059328;0;0;0;0;0;0;0;0;0;0;0;3947;0;0;89;0;80;0;
15170;4771398;1002012672;18722816;1113059328;0;0;0;0;0;0;0;0;0;0;0;4058;0;0;89;0;80;0;
15171;6363184;1002012672;18722816;1113059328;0;0;0;0;0;0;0;0;0;0;0;4940;0;0;89;0;80;0;
15172;6915069;1002012672;18722816;1113059328;0;0;0;0;0;0;0;0;0;0;0;3386;0;0;89;0;80;0;
15173;5529950;1002012672;18722816;1113059328;0;0;0;0;0;0;0;0;0;0;0;4127;0;0;89;0;80;0;
15174;4842472;1002012672;18722816;1113059328;0;0;0;0;0;0;0;0;0;0;0;2895;0;0;89;0;80;0;
15175;5019624;1002012672;18722816;1113059328;0;0;0;0;0;0;0;0;0;0;0;4328;0;0;89;0;80;0;
15176;4506832;1002012672;18722816;1113059328;0;0;0;0;0;0;0;0;0;0;0;2995;0;0;89;0;80;0;
15177;7387104;1002012672;18722816;1113059328;0;0;0;0;0;0;0;0;0;0;0;4498;0;0;89;0;80;0;
15178;5613948;1002012672;18722816;1113059328;0;0;0;0;0;0;0;0;0;0;0;4469;0;0;89;0;80;0;
15179;5923779;1002012672;18722816;1113059328;0;0;0;0;0;0;0;0;0;0;0;4188;0;0;89;0;80;0;
15180;6605207;1002012672;18722816;1113059328;0;0;0;0;0;0;0;0;0;0;0;3888;0;0;89;0;80;0;
15181;7280674;1002012672;18722816;1113059328;0;0;0;0;0;0;0;0;0;0;0;4579;0;0;89;0;80;0;
15182;4863261;1002012672;18722816;1113059328;0;0;0;0;0;0;0;0;0;0;0;4148;0;0;89;0;80;0;
15183;7065812;1002012672;18722816;1113059328;0;0;0;0;0;0;0;0;0;0;0;3998;0;0;89;0;80;0;
15184;4352663;1002012672;18722816;1113059328;0;0;0;0;0;0;0;0;0;0;0;3557;0;0;89;0;80;0;
15185;6336444;1002012672;18722816;1113059328;0;0;0;0;0;0;0;0;0;0;0;3317;0;0;89;0;80;0;
15186;5249665;1002012672;18722816;1113059328;0;0;0;0;0;0;0;0;0;0;0;4248;0;0;89;0;80;0;
15187;6078299;1002012672;18722816;1113059328;0;0;0;0;0;0;0;0;0;0;0;3356;0;0;89;0;80;0;
15188;5477853;1002012672;18722816;1113059328;0;0;0;0;0;0;0;0;0;0;0;3707;0;0;89;0;80;0;
15189;6462409;1002012672;18722816;1113059328;0;0;0;0;0;0;0;0;0;0;0;4849;0;0;89;0;80;0;
15190;6935957;1002012672;18722816;1113059328;0;0;0;0;0;0;0;0;0;0;0;6843;0;0;89;0;80;0;
15191;6691008;1002012672;18722816;1113059328;0;0;0;0;0;0;0;0;0;0;0;17933;0;0;89;0;80;0;
15192;6843023;1002012672;18722816;1113059328;0;0;0;0;0;0;0;0;0;0;0;4168;0;0;89;0;80;0;
15193;5855622;1002012672;18722816;1113059328;0;0;0;0;0;0;0;0;0;0;0;4328;0;0;89;0;80;0;
15194;5934970;1002012672;18722816;1113059328;0;0;0;0;0;0;0;0;0;0;0;4137;0;0;89;0;80;0;
15195;6292431;1002012672;18722816;1113059328;0;0;0;0;0;0;0;0;0;0;0;4348;0;0;89;0;80;0;
15196;4461106;1002012672;18722816;1113059328;0;0;0;0;0;0;0;0;0;0;0;3246;0;0;89;0;80;0;
15197;5522146;1002012672;18722816;1113059328;0;0;0;0;0;0;0;0;0;0;0;4769;0;0;89;0;80;0;
15198;4390805;1002012672;18722816;1113059328;0;0;0;0;0;0;0;0;0;0;0;3797;0;0;89;0;80;0;
15199;6155874;1002012672;18722816;1113059328;0;0;0;0;0;0;0;0;0;0;0;4458;0;0;89;0;80;0;
15200;4391165;1002012672;18722816;1113059328;0;0;0;0;0;0;0;0;0;0;0;3106;0;0;89;0;80;0;
15201;6398640;1002012672;18722816;1113059328;0;0;0;0;0;0;0;0;0;0;0;4198;0;0;89;0;80;0;
15202;5528608;1002012672;18722816;1113059328;0;0;0;0;0;0;0;0;0;0;0;4078;0;0;89;0;80;0;
15203;7000469;1002012672;18722816;1113059328;0;0;0;0;0;0;0;0;0;0;0;3787;0;0;89;0;80;0;
15204;5419053;1002012672;18722816;1113059328;0;0;0;0;0;0;0;0;0;0;0;4549;0;0;89;0;80;0;
15205;10123175;1002012672;18722816;1113059328;0;0;0;0;0;0;0;0;0;0;0;4649;0;0;89;0;80;0;
15206;11994925;1002012672;18722816;1113059328;0;0;0;0;0;0;0;0;0;0;0;4809;0;0;89;0;80;0;
15207;6877868;1002012672;18722816;1113059328;0;0;0;0;0;0;0;0;0;0;0;5881;0;0;89;0;80;0;
15208;7148816;1002012672;18722816;1113059328;0;0;0;0;0;0;0;0;0;0;0;34074;0;0;89;0;80;0;
15209;6324210;1002012672;18722816;1113059328;0;0;0;0;0;0;0;0;0;0;0;56936;0;0;89;0;80;0;
15210;6514006;1002012672;18722816;1113059328;0;0;0;0;0;0;0;0;0;0;0;3747;0;0;89;0;80;0;
15211;5844601;1002012672;18722816;1113059328;0;0;0;0;0;0;0;0;0;0;0;3467;0;0;89;0;80;0;
15212;4674266;1002012672;18722816;1113059328;0;0;0;0;0;0;0;0;0;0;0;3827;0;0;89;0;80;0;
15213;5440352;1002012672;18722816;1113059328;0;0;0;0;0;0;0;0;0;0;0;3687;0;0;89;0;80;0;
15214;4854835;1002012672;18722816;1113059328;0;0;0;0;0;0;0;0;0;0;0;3276;0;0;89;0;80;0;
15215;6374795;1002012672;18722816;1113059328;0;0;0;0;0;0;0;0;0;0;0;3978;0;0;89;0;80;0;
15216;4419669;1002012672;18722816;1113059328;0;0;0;0;0;0;0;0;0;0;0;3296;0;0;89;0;80;0;
15217;5243283;1002012672;18722816;1113059328;0;0;0;0;0;0;0;0;0;0;0;3968;0;0;89;0;80;0;
15218;5149467;1002012672;18722816;1113059328;0;0;0;0;0;0;0;0;0;0;0;3387;0;0;89;0;80;0;
15219;7086450;1002012672;18722816;1113059328;0;0;0;0;0;0;0;0;0;0;0;3938;0;0;89;0;80;0;
15220;4530036;1002012672;18722816;1113059328;0;0;0;0;0;0;0;0;0;0;0;3487;0;0;89;0;80;0;
15221;6100200;1002012672;18722816;1113059328;0;0;0;0;0;0;0;0;0;0;0;3847;0;0;89;0;80;0;
15222;4204415;1002012672;18722816;1113059328;0;0;0;0;0;0;0;0;0;0;0;3276;0;0;89;0;80;0;
15223;5587939;1002012672;18722816;1113059328;0;0;0;0;0;0;0;0;0;0;0;9838;0;0;89;0;80;0;
15224;4534904;1002012672;18722816;1113059328;0;0;0;0;0;0;0;0;0;0;0;2796;0;0;89;0;80;0;
15225;6119327;1002012672;18722816;1113059328;0;0;0;0;0;0;0;0;0;0;0;4368;0;0;89;0;80;0;
15226;5130081;1002012672;18722816;1113059328;0;0;0;0;0;0;0;0;0;0;0;3226;0;0;89;0;80;0;
15227;6385305;1002012672;18722816;1113059328;0;0;0;0;0;0;0;0;0;0;0;3226;0;0;89;0;80;0;
15228;4327787;1002012672;18722816;1113059328;0;0;0;0;0;0;0;0;0;0;0;3096;0;0;89;0;80;0;
15229;5753711;1002012672;18722816;1113059328;0;0;0;0;0;0;0;0;0;0;0;2785;0;0;89;0;80;0;
15230;4875723;1002012672;18722816;1113059328;0;0;0;0;0;0;0;0;0;0;0;3306;0;0;89;0;80;0;
15231;5807852;1002012672;18722816;1113059328;0;0;0;0;0;0;0;0;0;0;0;3657;0;0;89;0;80;0;
15232;4201579;1002012672;18722816;1113059328;0;0;0;0;0;0;0;0;0;0;0;2946;0;0;89;0;80;0;
15233;5256969;1002012672;18722816;1113059328;0;0;0;0;0;0;0;0;0;0;0;3707;0;0;89;0;80;0;
15234;3666877;1002012672;18722816;1113059328;0;0;0;0;0;0;0;0;0;0;0;2534;0;0;89;0;80;0;
15235;5955409;1002012672;18722816;1113059328;0;0;0;0;0;0;0;0;0;0;0;3948;0;0;89;0;80;0;
15236;4238309;1002012672;18722816;1113059328;0;0;0;0;0;0;0;0;0;0;0;2705;0;0;89;0;80;0;
15237;6066116;1002012672;18722816;1113059328;0;0;0;0;0;0;0;0;0;0;0;3476;0;0;89;0;80;0;
15238;4437833;1002012672;18722816;1113059328;0;0;0;0;0;0;0;0;0;0;0;2986;0;0;89;0;80;0;
15239;5295451;1002012672;18722816;1113059328;0;0;0;0;0;0;0;0;0;0;0;2695;0;0;89;0;80;0;
15240;3997217;1002012672;18722816;1113059328;0;0;0;0;0;0;0;0;0;0;0;2425;0;0;89;0;80;0;
15241;5263421;1002012672;18726912;1113063424;0;0;0;0;0;0;0;0;0;0;0;3256;0;0;89;0;80;0;
15242;4088688;1002012672;18731008;1113067520;0;0;0;0;0;0;0;0;0;0;0;3687;0;0;89;0;80;0;
15243;5087191;1002012672;18731008;1113067520;0;0;0;0;0;0;0;0;0;0;0;3597;0;0;89;0;80;0;
15244;4187322;1002012672;18731008;1113067520;0;0;0;0;0;0;0;0;0;0;0;3246;0;0;89;0;80;0;
15245;6445978;1002012672;18731008;1113067520;0;0;0;0;0;0;0;0;0;0;0;4889;0;0;89;0;80;0;
15246;3941122;1002012672;18731008;1113067520;0;0;0;0;0;0;0;0;0;0;0;3297;0;0;89;0;80;0;
15247;6673485;1002012672;18731008;1113067520;0;0;0;0;0;0;0;0;0;0;0;4759;0;0;89;0;80;0;
15248;5817099;1002147840;18722816;1113059328;0;0;0;0;0;0;0;0;0;0;0;4008;0;0;89;0;80;0;
15249;5628546;1002147840;18722816;1113059328;0;0;0;0;0;0;0;0;0;0;0;3336;0;0;89;0;80;0;
15250;5176578;1002147840;18722816;1113059328;0;0;0;0;0;0;0;0;0;0;0;3417;0;0;89;0;80;0;
15251;5843919;1002147840;18722816;1113059328;0;0;0;0;0;0;0;0;0;0;0;4218;0;0;89;0;80;0;
15252;4042541;1002147840;18722816;1113059328;0;0;0;0;0;0;0;0;0;0;0;3577;0;0;89;0;80;0;
15253;7055832;1002147840;18722816;1113059328;0;0;0;0;0;0;0;0;0;0;0;3577;0;0;89;0;80;0;
15254;5316941;1002147840;18722816;1113059328;0;0;0;0;0;0;0;0;0;0;0;3657;0;0;89;0;80;0;
15255;5912448;1002147840;18722816;1113059328;0;0;0;0;0;0;0;0;0;0;0;3587;0;0;89;0;80;0;
15256;6821914;1002147840;18722816;1113059328;0;0;0;0;0;0;0;0;0;0;0;3507;0;0;89;0;80;0;
15257;6119387;1002147840;18722816;1113059328;0;0;0;0;0;0;0;0;0;0;0;3256;0;0;89;0;80;0;
15258;5448648;1002147840;18722816;1113059328;0;0;0;0;0;0;0;0;0;0;0;3246;0;0;89;0;80;0;
15259;6160583;1002147840;18722816;1113059328;0;0;0;0;0;0;0;0;0;0;0;3397;0;0;89;0;80;0;
15260;5075598;1002147840;18722816;1113059328;0;0;0;0;0;0;0;0;0;0;0;3487;0;0;89;0;80;0;
15261;5004987;1002147840;18722816;1113059328;0;0;0;0;0;0;0;0;0;0;0;3466;0;0;89;0;80;0;
15262;5820626;1002147840;18722816;1113059328;0;0;0;0;0;0;0;0;0;0;0;3417;0;0;89;0;80;0;
15263;5709097;1002147840;18722816;1113059328;0;0;0;0;0;0;0;0;0;0;0;3627;0;0;89;0;80;0;
15264;5968453;1002147840;18722816;1113059328;0;0;0;0;0;0;0;0;0;0;0;3497;0;0;89;0;80;0;
15265;5170907;1002147840;18722816;1113059328;0;0;0;0;0;0;0;0;0;0;0;3156;0;0;89;0;80;0;
15266;5557302;1002147840;18722816;1113059328;0;0;0;0;0;0;0;0;0;0;0;6312;0;0;89;0;80;0;
15267;6002657;1002147840;18722816;1113059328;0;0;0;0;0;0;0;0;0;0;0;4178;0;0;89;0;80;0;
15268;6405763;1002147840;18722816;1113059328;0;0;0;0;0;0;0;0;0;0;0;2805;0;0;89;0;80;0;
15269;5676225;1002147840;18722816;1113059328;0;0;0;0;0;0;0;0;0;0;0;3276;0;0;89;0;80;0;
15270;5461863;1002147840;18722816;1113059328;0;0;0;0;0;0;0;0;0;0;0;3416;0;0;89;0;80;0;
15271;6423366;1002147840;18722816;1113059328;0;0;0;0;0;0;0;0;0;0;0;5020;0;0;89;0;80;0;
15272;4309753;1002147840;18722816;1113059328;0;0;0;0;0;0;0;0;0;0;0;3636;0;0;89;0;80;0;
15273;5967842;1002147840;18722816;1113059328;0;0;0;0;0;0;0;0;0;0;0;4548;0;0;89;0;80;0;
15274;5327952;1002147840;18722816;1113059328;0;0;0;0;0;0;0;0;0;0;0;3808;0;0;89;0;80;0;
15275;6548871;1002147840;18722816;1113059328;0;0;0;0;0;0;0;0;0;0;0;4869;0;0;89;0;80;0;
15276;5091328;1002147840;18722816;1113059328;0;0;0;0;0;0;0;0;0;0;0;2985;0;0;89;0;80;0;
15277;6170642;1002147840;18722816;1113059328;0;0;0;0;0;0;0;0;0;0;0;4168;0;0;89;0;80;0;
15278;5279330;1002147840;18722816;1113059328;0;0;0;0;0;0;0;0;0;0;0;3587;0;0;89;0;80;0;
15279;7348572;1002147840;18722816;1113059328;0;0;0;0;0;0;0;0;0;0;0;4409;0;0;89;0;80;0;
15280;5128268;1002147840;18722816;1113059328;0;0;0;0;0;0;0;0;0;0;0;4299;0;0;89;0;80;0;
15281;5768348;1002147840;18722816;1113059328;0;0;0;0;0;0;0;0;0;0;0;3216;0;0;89;0;80;0;
15282;6515209;1002147840;18722816;1113059328;0;0;0;0;0;0;0;0;0;0;0;3266;0;0;89;0;80;0;
15283;5856112;1002147840;18722816;1113059328;0;0;0;0;0;0;0;0;0;0;0;4288;0;0;89;0;80;0;
15284;4557467;1002147840;18722816;1113059328;0;0;0;0;0;0;0;0;0;0;0;3446;0;0;89;0;80;0;
15285;6225675;1002147840;18722816;1113059328;0;0;0;0;0;0;0;0;0;0;0;4508;0;0;89;0;80;0;
15286;5167501;1002147840;18722816;1113059328;0;0;0;0;0;0;0;0;0;0;0;5640;0;0;89;0;80;0;
15287;7144879;1002147840;18722816;1113059328;0;0;0;0;0;0;0;0;0;0;0;3506;0;0;89;0;80;0;
15288;5237282;1002147840;18722816;1113059328;0;0;0;0;0;0;0;0;0;0;0;4097;0;0;89;0;80;0;
15289;6111902;1002147840;18722816;1113059328;0;0;0;0;0;0;0;0;0;0;0;3477;0;0;89;0;80;0;
15290;4311446;1002147840;18722816;1113059328;0;0;0;0;0;0;0;0;0;0;0;3046;0;0;89;0;80;0;
15291;4802536;1002147840;18722816;1113059328;0;0;0;0;0;0;0;0;0;0;0;2745;0;0;89;0;80;0;
15292;3499273;1002147840;18722816;1113059328;0;0;0;0;0;0;0;0;0;0;0;2354;0;0;89;0;80;0;
15293;4642046;1002147840;18722816;1113059328;0;0;0;0;0;0;0;0;0;0;0;2325;0;0;89;0;80;0;
15294;6052110;1002147840;18722816;1113059328;0;0;0;0;0;0;0;0;0;0;0;2535;0;0;89;0;80;0;
15295;5261087;1002147840;18722816;1113059328;0;0;0;0;0;0;0;0;0;0;0;2765;0;0;89;0;80;0;
15296;3779268;1002147840;18722816;1113059328;0;0;0;0;0;0;0;0;0;0;0;2936;0;0;89;0;80;0;
15297;5284821;1002147840;18722816;1113059328;0;0;0;0;0;0;0;0;0;0;0;3035;0;0;89;0;80;0;
15298;4440438;1002147840;18722816;1113059328;0;0;0;0;0;0;0;0;0;0;0;2665;0;0;89;0;80;0;
15299;5847717;1002147840;18722816;1113059328;0;0;0;0;0;0;0;0;0;0;0;3206;0;0;89;0;80;0;
15300;3711421;1002147840;18722816;1113059328;0;0;0;0;0;0;0;0;0;0;0;2945;0;0;89;0;80;0;
15301;6022505;1002147840;18722816;1113059328;0;0;0;0;0;0;0;0;0;0;0;2535;0;0;89;0;80;0;
15302;3399866;1002147840;18722816;1113059328;0;0;0;0;0;0;0;0;0;0;0;2415;0;0;89;0;80;0;
15303;5200112;1002147840;18722816;1113059328;0;0;0;0;0;0;0;0;0;0;0;3226;0;0;89;0;80;0;
15304;4724670;1002147840;18722816;1113059328;0;0;0;0;0;0;0;0;0;0;0;3026;0;0;89;0;80;0;
15305;7194562;1002147840;18722816;1113059328;0;0;0;0;0;0;0;0;0;0;0;3407;0;0;89;0;80;0;
15306;6846820;1002147840;18722816;1113059328;0;0;0;0;0;0;0;0;0;0;0;3787;0;0;89;0;80;0;
15307;7009586;1002147840;18722816;1113059328;0;0;0;0;0;0;0;0;0;0;0;2625;0;0;89;0;80;0;
15308;4944403;1002147840;18722816;1113059328;0;0;0;0;0;0;0;0;0;0;0;2926;0;0;89;0;80;0;
15309;5581056;1002147840;18722816;1113059328;0;0;0;0;0;0;0;0;0;0;0;2495;0;0;89;0;80;0;
15310;6305846;1002147840;18722816;1113059328;0;0;0;0;0;0;0;0;0;0;0;3737;0;0;89;0;80;0;
15311;5972381;1002147840;18722816;1113059328;0;0;0;0;0;0;0;0;0;0;0;2966;0;0;89;0;80;0;
15312;4595027;1002168320;18718720;1113055232;0;0;0;0;0;0;0;0;0;0;0;2715;0;0;89;0;80;0;
15313;6641234;1002168320;18718720;1113055232;0;0;0;0;0;0;0;0;0;0;0;2645;0;0;89;0;80;0;
15314;5830143;1002168320;18718720;1113055232;0;0;0;0;0;0;0;0;0;0;0;3546;0;0;89;0;80;0;
15315;6379514;1002168320;18718720;1113055232;0;0;0;0;0;0;0;0;0;0;0;2615;0;0;89;0;80;0;
15316;6049906;1002168320;18718720;1113055232;0;0;0;0;0;0;0;0;0;0;0;3186;0;0;89;0;80;0;
15317;6923925;1002168320;18718720;1113055232;0;0;0;0;0;0;0;0;0;0;0;2375;0;0;89;0;80;0;
15318;5871391;1002168320;18718720;1113055232;0;0;0;0;0;0;0;0;0;0;0;3537;0;0;89;0;80;0;
15319;6092727;1002168320;18718720;1113055232;0;0;0;0;0;0;0;0;0;0;0;2545;0;0;89;0;80;0;
15320;5220320;1002168320;18718720;1113055232;0;0;0;0;0;0;0;0;0;0;0;3446;0;0;89;0;80;0;
15321;7558545;1002168320;18718720;1113055232;0;0;0;0;0;0;0;0;0;0;0;3948;0;0;89;0;80;0;
15322;5928378;1002168320;18718720;1113055232;0;0;0;0;0;0;0;0;0;0;0;3246;0;0;89;0;80;0;
15323;7626673;1002168320;18718720;1113055232;0;0;0;0;0;0;0;0;0;0;0;3106;0;0;89;0;80;0;
15324;5990754;1002168320;18718720;1113055232;0;0;0;0;0;0;0;0;0;0;0;4879;0;0;89;0;80;0;
15325;6709473;1002168320;18718720;1113055232;0;0;0;0;0;0;0;0;0;0;0;2745;0;0;89;0;80;0;
15326;5860751;1002168320;18718720;1113055232;0;0;0;0;0;0;0;0;0;0;0;5841;0;0;89;0;80;0;
15327;5914592;1002168320;18718720;1113055232;0;0;0;0;0;0;0;0;0;0;0;4018;0;0;89;0;80;0;
15328;5470670;1002168320;18718720;1113055232;0;0;0;0;0;0;0;0;0;0;0;3557;0;0;89;0;80;0;
15329;8015412;1002168320;18718720;1113055232;0;0;0;0;0;0;0;0;0;0;0;2995;0;0;89;0;80;0;
15330;3967931;1002168320;18718720;1113055232;0;0;0;0;0;0;0;0;0;0;0;3867;0;0;89;0;80;0;
15331;5408383;1002168320;18718720;1113055232;0;0;0;0;0;0;0;0;0;0;0;2494;0;0;89;0;80;0;
15332;6543050;1002168320;18718720;1113055232;0;0;0;0;0;0;0;0;0;0;0;3907;0;0;89;0;80;0;
15333;6468040;1002168320;18718720;1113055232;0;0;0;0;0;0;0;0;0;0;0;2565;0;0;89;0;80;0;
15334;3861282;1002168320;18718720;1113055232;0;0;0;0;0;0;0;0;0;0;0;3346;0;0;89;0;80;0;
15335;5145559;1002168320;18718720;1113055232;0;0;0;0;0;0;0;0;0;0;0;2946;0;0;89;0;80;0;
15336;5853377;1002168320;18718720;1113055232;0;0;0;0;0;0;0;0;0;0;0;4007;0;0;89;0;80;0;
15337;5202737;1002168320;18718720;1113055232;0;0;0;0;0;0;0;0;0;0;0;2375;0;0;89;0;80;0;
15338;5409134;1002168320;18718720;1113055232;0;0;0;0;0;0;0;0;0;0;0;3596;0;0;89;0;80;0;
15339;5653052;1002168320;18718720;1113055232;0;0;0;0;0;0;0;0;0;0;0;3286;0;0;89;0;80;0;
15340;4949121;1002168320;18718720;1113055232;0;0;0;0;0;0;0;0;0;0;0;3887;0;0;89;0;80;0;
15341;5826818;1002168320;18718720;1113055232;0;0;0;0;0;0;0;0;0;0;0;3426;0;0;89;0;80;0;
15342;5090026;1002168320;18718720;1113055232;0;0;0;0;0;0;0;0;0;0;0;3627;0;0;89;0;80;0;
15343;5284110;1002168320;18718720;1113055232;0;0;0;0;0;0;0;0;0;0;0;2855;0;0;89;0;80;0;
15344;6440919;1002168320;18718720;1113055232;0;0;0;0;0;0;0;0;0;0;0;3867;0;0;89;0;80;0;
15345;5879446;1002168320;18718720;1113055232;0;0;0;0;0;0;0;0;0;0;0;2735;0;0;89;0;80;0;
15346;5979254;1002168320;18718720;1113055232;0;0;0;0;0;0;0;0;0;0;0;3086;0;0;89;0;80;0;
15347;5581247;1002168320;18718720;1113055232;0;0;0;0;0;0;0;0;0;0;0;4478;0;0;89;0;80;0;
15348;4586983;1002168320;18718720;1113055232;0;0;0;0;0;0;0;0;0;0;0;2665;0;0;89;0;80;0;
15349;5028080;1002168320;18718720;1113055232;0;0;0;0;0;0;0;0;0;0;0;2284;0;0;89;0;80;0;
15350;4148259;1002168320;18718720;1113055232;0;0;0;0;0;0;0;0;0;0;0;2665;0;0;89;0;80;0;
15351;5266998;1002168320;18718720;1113055232;0;0;0;0;0;0;0;0;0;0;0;2505;0;0;89;0;80;0;
15352;3018541;1002168320;18718720;1113055232;0;0;0;0;0;0;0;0;0;0;0;2645;0;0;89;0;80;0;
15353;4850326;1002168320;18718720;1113055232;0;0;0;0;0;0;0;0;0;0;0;2294;0;0;89;0;80;0;
15354;4782839;1002168320;18718720;1113055232;0;0;0;0;0;0;0;0;0;0;0;2955;0;0;89;0;80;0;
15355;5332811;1002168320;18718720;1113055232;0;0;0;0;0;0;0;0;0;0;0;2474;0;0;89;0;80;0;
15356;4116450;1002168320;18718720;1113055232;0;0;0;0;0;0;0;0;0;0;0;2925;0;0;89;0;80;0;
15357;5802151;1002168320;18718720;1113055232;0;0;0;0;0;0;0;0;0;0;0;2013;0;0;89;0;80;0;
15358;3749282;1002168320;18718720;1113055232;0;0;0;0;0;0;0;0;0;0;0;2615;0;0;89;0;80;0;
15359;5991095;1002168320;18718720;1113055232;0;0;0;0;0;0;0;0;0;0;0;2164;0;0;89;0;80;0;
15360;4700666;1002168320;18718720;1113055232;0;0;0;0;0;0;0;0;0;0;0;2605;0;0;89;0;80;0;
15361;5325488;1002168320;18718720;1113055232;0;0;0;0;0;0;0;0;0;0;0;2375;0;0;89;0;80;0;
15362;4677031;1002168320;18718720;1113055232;0;0;0;0;0;0;0;0;0;0;0;2585;0;0;89;0;80;0;
15363;5625079;1002168320;18718720;1113055232;0;0;0;0;0;0;0;0;0;0;0;1914;0;0;89;0;80;0;
15364;4886564;1002168320;18718720;1113055232;0;0;0;0;0;0;0;0;0;0;0;2996;0;0;89;0;80;0;
15365;4797868;1002168320;18718720;1113055232;0;0;0;0;0;0;0;0;0;0;0;2124;0;0;89;0;80;0;
15366;4851338;1002168320;18718720;1113055232;0;0;0;0;0;0;0;0;0;0;0;2484;0;0;89;0;80;0;
15367;5288909;1002168320;18718720;1113055232;0;0;0;0;0;0;0;0;0;0;0;2264;0;0;89;0;80;0;
15368;5382314;1002168320;18718720;1113055232;0;0;0;0;0;0;0;0;0;0;0;2575;0;0;89;0;80;0;
15369;4566564;1002168320;18718720;1113055232;0;0;0;0;0;0;0;0;0;0;0;2044;0;0;89;0;80;0;
15370;5733372;1002168320;18718720;1113055232;0;0;0;0;0;0;0;0;0;0;0;3206;0;0;89;0;80;0;
15371;5262359;1002168320;18718720;1113055232;0;0;0;0;0;0;0;0;0;0;0;2314;0;0;89;0;80;0;
15372;3646930;1002168320;18718720;1113055232;0;0;0;0;0;0;0;0;0;0;0;2515;0;0;89;0;80;0;
15373;6621839;1002168320;18718720;1113055232;0;0;0;0;0;0;0;0;0;0;0;2114;0;0;89;0;80;0;
15374;3737028;1002168320;18718720;1113055232;0;0;0;0;0;0;0;0;0;0;0;2715;0;0;89;0;80;0;
15375;5058506;1002168320;18718720;1113055232;0;0;0;0;0;0;0;0;0;0;0;2284;0;0;89;0;80;0;
15376;4022163;1002168320;18718720;1113055232;0;0;0;0;0;0;0;0;0;0;0;76974;0;0;89;0;80;0;
15377;4666371;1002168320;18718720;1113055232;0;0;0;0;0;0;0;0;0;0;0;2234;0;0;89;0;80;0;
15378;3327470;1002168320;18718720;1113055232;0;0;0;0;0;0;0;0;0;0;0;2946;0;0;89;0;80;0;
15379;5212325;1002168320;18718720;1113055232;0;0;0;0;0;0;0;0;0;0;0;2394;0;0;89;0;80;0;
15380;3919731;1002168320;18718720;1113055232;0;0;0;0;0;0;0;0;0;0;0;2685;0;0;89;0;80;0;
15381;5086008;1002168320;18718720;1113055232;0;0;0;0;0;0;0;0;0;0;0;2174;0;0;89;0;80;0;
15382;4561385;1002168320;18718720;1113055232;0;0;0;0;0;0;0;0;0;0;0;2444;0;0;89;0;80;0;
15383;5528357;1002168320;18718720;1113055232;0;0;0;0;0;0;0;0;0;0;0;2174;0;0;89;0;80;0;
15384;3844199;1002168320;18718720;1113055232;0;0;0;0;0;0;0;0;0;0;0;2505;0;0;89;0;80;0;
15385;5894474;1002168320;18718720;1113055232;0;0;0;0;0;0;0;0;0;0;0;1684;0;0;89;0;80;0;
15386;3111735;1002168320;18718720;1113055232;0;0;0;0;0;0;0;0;0;0;0;2484;0;0;89;0;80;0;
15387;4516600;1002168320;18718720;1113055232;0;0;0;0;0;0;0;0;0;0;0;2194;0;0;89;0;80;0;
15388;3995063;1002168320;18718720;1113055232;0;0;0;0;0;0;0;0;0;0;0;3737;0;0;89;0;80;0;
15389;9182110;1002168320;18718720;1113055232;0;0;0;0;0;0;0;0;0;0;0;2074;0;0;89;0;80;0;
15390;5696994;1002168320;18718720;1113055232;0;0;0;0;0;0;0;0;0;0;0;2876;0;0;89;0;80;0;
15391;6072388;1002168320;18718720;1113055232;0;0;0;0;0;0;0;0;0;0;0;4348;0;0;89;0;80;0;
15392;5622344;1002168320;18718720;1113055232;0;0;0;0;0;0;0;0;0;0;0;3456;0;0;89;0;80;0;
15393;5116104;1002168320;18718720;1113055232;0;0;0;0;0;0;0;0;0;0;0;2364;0;0;89;0;80;0;
15394;6036781;1002168320;18718720;1113055232;0;0;0;0;0;0;0;0;0;0;0;3537;0;0;89;0;80;0;
15395;5231271;1002168320;18718720;1113055232;0;0;0;0;0;0;0;0;0;0;0;2164;0;0;89;0;80;0;
15396;4914687;1002168320;18718720;1113055232;0;0;0;0;0;0;0;0;0;0;0;3526;0;0;89;0;80;0;
15397;7119262;1002168320;18718720;1113055232;0;0;0;0;0;0;0;0;0;0;0;3176;0;0;89;0;80;0;
15398;4187293;1002168320;18718720;1113055232;0;0;0;0;0;0;0;0;0;0;0;3417;0;0;89;0;80;0;
15399;5220741;1002168320;18718720;1113055232;0;0;0;0;0;0;0;0;0;0;0;2394;0;0;89;0;80;0;
15400;5512227;1002168320;18718720;1113055232;0;0;0;0;0;0;0;0;0;0;0;3607;0;0;89;0;80;0;
15401;5231271;1002168320;18718720;1113055232;0;0;0;0;0;0;0;0;0;0;0;2264;0;0;89;0;80;0;
15402;4055957;1002168320;18718720;1113055232;0;0;0;0;0;0;0;0;0;0;0;3707;0;0;89;0;80;0;
15403;4411433;1002168320;18718720;1113055232;0;0;0;0;0;0;0;0;0;0;0;2435;0;0;89;0;80;0;
15404;4472307;1002168320;18718720;1113055232;0;0;0;0;0;0;0;0;0;0;0;3316;0;0;89;0;80;0;
15405;4960853;1002168320;18718720;1113055232;0;0;0;0;0;0;0;0;0;0;0;2315;0;0;89;0;80;0;
15406;4756480;1002168320;18718720;1113055232;0;0;0;0;0;0;0;0;0;0;0;3346;0;0;89;0;80;0;
15407;5023671;1002168320;18718720;1113055232;0;0;0;0;0;0;0;0;0;0;0;2555;0;0;89;0;80;0;
15408;4224222;1002168320;18718720;1113055232;0;0;0;0;0;0;0;0;0;0;0;3566;0;0;89;0;80;0;
15409;5151311;1002168320;18718720;1113055232;0;0;0;0;0;0;0;0;0;0;0;2485;0;0;89;0;80;0;
15410;4934354;1002168320;18718720;1113055232;0;0;0;0;0;0;0;0;0;0;0;3226;0;0;89;0;80;0;
15411;7003665;1002168320;18718720;1113055232;0;0;0;0;0;0;0;0;0;0;0;4147;0;0;89;0;80;0;
15412;5863636;1002168320;18718720;1113055232;0;0;0;0;0;0;0;0;0;0;0;6332;0;0;89;0;80;0;
15413;7038310;1002168320;18718720;1113055232;0;0;0;0;0;0;0;0;0;0;0;3767;0;0;89;0;80;0;
15414;6265139;1002168320;18718720;1113055232;0;0;0;0;0;0;0;0;0;0;0;6001;0;0;89;0;80;0;
15415;6576324;1002168320;18718720;1113055232;0;0;0;0;0;0;0;0;0;0;0;5109;0;0;89;0;80;0;
15416;6313630;1002168320;18718720;1113055232;0;0;0;0;0;0;0;0;0;0;0;4529;0;0;89;0;80;0;
15417;4534534;1002168320;18718720;1113055232;0;0;0;0;0;0;0;0;0;0;0;2515;0;0;89;0;80;0;
15418;4868541;1002168320;18718720;1113055232;0;0;0;0;0;0;0;0;0;0;0;3437;0;0;89;0;80;0;
15419;4930787;1002168320;18718720;1113055232;0;0;0;0;0;0;0;0;0;0;0;2294;0;0;89;0;80;0;
15420;4509878;1002168320;18718720;1113055232;0;0;0;0;0;0;0;0;0;0;0;3637;0;0;89;0;80;0;
15421;5845343;1002168320;18718720;1113055232;0;0;0;0;0;0;0;0;0;0;0;2565;0;0;89;0;80;0;
15422;4219834;1002168320;18718720;1113055232;0;0;0;0;0;0;0;0;0;0;0;42720;0;0;89;0;80;0;
15423;6113024;1002168320;18718720;1113055232;0;0;0;0;0;0;0;0;0;0;0;3447;0;0;89;0;80;0;
15424;5174634;1002168320;18718720;1113055232;0;0;0;0;0;0;0;0;0;0;0;3747;0;0;89;0;80;0;
15425;5926434;1002168320;18718720;1113055232;0;0;0;0;0;0;0;0;0;0;0;2715;0;0;89;0;80;0;
15426;4403278;1002168320;18718720;1113055232;0;0;0;0;0;0;0;0;0;0;0;3937;0;0;89;0;80;0;
15427;6071476;1002168320;18722816;1113059328;0;0;0;0;0;0;0;0;0;0;0;38903;0;0;89;0;80;0;
15428;4934695;1002168320;18726912;1113063424;0;0;0;0;0;0;0;0;0;0;0;3417;0;0;89;0;80;0;
15429;5887001;1002168320;18726912;1113063424;0;0;0;0;0;0;0;0;0;0;0;3176;0;0;89;0;80;0;
15430;4382108;1002168320;18726912;1113063424;0;0;0;0;0;0;0;0;0;0;0;4048;0;0;89;0;80;0;
15431;5560288;1002168320;18726912;1113063424;0;0;0;0;0;0;0;0;0;0;0;4148;0;0;89;0;80;0;
15432;5899254;1002168320;18726912;1113063424;0;0;0;0;0;0;0;0;0;0;0;3717;0;0;89;0;80;0;
15433;6112333;1002168320;18726912;1113063424;0;0;0;0;0;0;0;0;0;0;0;3136;0;0;89;0;80;0;
15434;6224984;1002209280;18718720;1113055232;0;0;0;0;0;0;0;0;0;0;0;3667;0;0;89;0;80;0;
15435;5710239;1002209280;18718720;1113055232;0;0;0;0;0;0;0;0;0;0;0;2585;0;0;89;0;80;0;
15436;6936969;1002209280;18718720;1113055232;0;0;0;0;0;0;0;0;0;0;0;5891;0;0;89;0;80;0;
15437;7140140;1002209280;18718720;1113055232;0;0;0;0;0;0;0;0;0;0;0;3617;0;0;89;0;80;0;
15438;4538140;1002209280;18718720;1113055232;0;0;0;0;0;0;0;0;0;0;0;3557;0;0;89;0;80;0;
15439;5861522;1002209280;18718720;1113055232;0;0;0;0;0;0;0;0;0;0;0;3016;0;0;89;0;80;0;
15440;4190809;1002209280;18718720;1113055232;0;0;0;0;0;0;0;0;0;0;0;2444;0;0;89;0;80;0;
15441;5968834;1002209280;18718720;1113055232;0;0;0;0;0;0;0;0;0;0;0;2144;0;0;89;0;80;0;
15442;3641560;1002209280;18718720;1113055232;0;0;0;0;0;0;0;0;0;0;0;3016;0;0;89;0;80;0;
15443;6765057;1002209280;18718720;1113055232;0;0;0;0;0;0;0;0;0;0;0;2925;0;0;89;0;80;0;
15444;3420214;1002209280;18718720;1113055232;0;0;0;0;0;0;0;0;0;0;0;2625;0;0;89;0;80;0;
15445;5008804;1002209280;18718720;1113055232;0;0;0;0;0;0;0;0;0;0;0;2265;0;0;89;0;80;0;
15446;4806474;1002209280;18718720;1113055232;0;0;0;0;0;0;0;0;0;0;0;2965;0;0;89;0;80;0;
15447;5235088;1002209280;18718720;1113055232;0;0;0;0;0;0;0;0;0;0;0;2354;0;0;89;0;80;0;
15448;4239351;1002209280;18718720;1113055232;0;0;0;0;0;0;0;0;0;0;0;2986;0;0;89;0;80;0;
15449;5186838;1002209280;18718720;1113055232;0;0;0;0;0;0;0;0;0;0;0;2355;0;0;89;0;80;0;
15450;4656713;1002209280;18718720;1113055232;0;0;0;0;0;0;0;0;0;0;0;3026;0;0;89;0;80;0;
15451;5992037;1002209280;18718720;1113055232;0;0;0;0;0;0;0;0;0;0;0;2675;0;0;89;0;80;0;
15452;5207005;1002209280;18718720;1113055232;0;0;0;0;0;0;0;0;0;0;0;2775;0;0;89;0;80;0;
15453;5520694;1002209280;18718720;1113055232;0;0;0;0;0;0;0;0;0;0;0;2444;0;0;89;0;80;0;
15454;3195823;1002209280;18718720;1113055232;0;0;0;0;0;0;0;0;0;0;0;2245;0;0;89;0;80;0;
15455;5322251;1002209280;18718720;1113055232;0;0;0;0;0;0;0;0;0;0;0;2335;0;0;89;0;80;0;
15456;3959325;1002209280;18718720;1113055232;0;0;0;0;0;0;0;0;0;0;0;3136;0;0;89;0;80;0;
15457;5068245;1002209280;18718720;1113055232;0;0;0;0;0;0;0;0;0;0;0;2595;0;0;89;0;80;0;
15458;5468326;1002209280;18718720;1113055232;0;0;0;0;0;0;0;0;0;0;0;2515;0;0;89;0;80;0;
15459;4629973;1002209280;18718720;1113055232;0;0;0;0;0;0;0;0;0;0;0;2194;0;0;89;0;80;0;
15460;4191451;1002209280;18718720;1113055232;0;0;0;0;0;0;0;0;0;0;0;2424;0;0;89;0;80;0;
15461;4598174;1002209280;18718720;1113055232;0;0;0;0;0;0;0;0;0;0;0;2094;0;0;89;0;80;0;
15462;4351330;1002209280;18718720;1113055232;0;0;0;0;0;0;0;0;0;0;0;2625;0;0;89;0;80;0;
15463;5504944;1002209280;18718720;1113055232;0;0;0;0;0;0;0;0;0;0;0;2766;0;0;89;0;80;0;
15464;4380586;1002209280;18718720;1113055232;0;0;0;0;0;0;0;0;0;0;0;2915;0;0;89;0;80;0;
15465;4807496;1002209280;18718720;1113055232;0;0;0;0;0;0;0;0;0;0;0;2254;0;0;89;0;80;0;
15466;5585645;1002209280;18718720;1113055232;0;0;0;0;0;0;0;0;0;0;0;3607;0;0;89;0;80;0;
15467;5866712;1002209280;18718720;1113055232;0;0;0;0;0;0;0;0;0;0;0;2484;0;0;89;0;80;0;
15468;3430263;1002209280;18718720;1113055232;0;0;0;0;0;0;0;0;0;0;0;2214;0;0;89;0;80;0;
15469;4767741;1002209280;18718720;1113055232;0;0;0;0;0;0;0;0;0;0;0;2073;0;0;89;0;80;0;
15470;3755663;1002209280;18718720;1113055232;0;0;0;0;0;0;0;0;0;0;0;2504;0;0;89;0;80;0;
15471;5181367;1002209280;18718720;1113055232;0;0;0;0;0;0;0;0;0;0;0;2234;0;0;89;0;80;0;
15472;3650345;1002209280;18718720;1113055232;0;0;0;0;0;0;0;0;0;0;0;2865;0;0;89;0;80;0;
15473;6074152;1002209280;18718720;1113055232;0;0;0;0;0;0;0;0;0;0;0;2515;0;0;89;0;80;0;
15474;4867128;1002209280;18718720;1113055232;0;0;0;0;0;0;0;0;0;0;0;3116;0;0;89;0;80;0;
15475;6178738;1002209280;18718720;1113055232;0;0;0;0;0;0;0;0;0;0;0;2816;0;0;89;0;80;0;
15476;5682657;1002209280;18718720;1113055232;0;0;0;0;0;0;0;0;0;0;0;4027;0;0;89;0;80;0;
15477;6013408;1002209280;18718720;1113055232;0;0;0;0;0;0;0;0;0;0;0;2855;0;0;89;0;80;0;
15478;5786882;1002209280;18718720;1113055232;0;0;0;0;0;0;0;0;0;0;0;4909;0;0;89;0;80;0;
15479;6214946;1002209280;18718720;1113055232;0;0;0;0;0;0;0;0;0;0;0;3337;0;0;89;0;80;0;
15480;6642508;1002209280;18718720;1113055232;0;0;0;0;0;0;0;0;0;0;0;3887;0;0;89;0;80;0;
15481;4614805;1002209280;18718720;1113055232;0;0;0;0;0;0;0;0;0;0;0;2364;0;0;89;0;80;0;
15482;5813462;1002209280;18718720;1113055232;0;0;0;0;0;0;0;0;0;0;0;3968;0;0;89;0;80;0;
15483;5886530;1002209280;18718720;1113055232;0;0;0;0;0;0;0;0;0;0;0;3056;0;0;89;0;80;0;
15484;3882962;1002209280;18718720;1113055232;0;0;0;0;0;0;0;0;0;0;0;3987;0;0;89;0;80;0;
15485;5884295;1002209280;18718720;1113055232;0;0;0;0;0;0;0;0;0;0;0;2354;0;0;89;0;80;0;
15486;6075383;1002209280;18718720;1113055232;0;0;0;0;0;0;0;0;0;0;0;4028;0;0;89;0;80;0;
15487;5337460;1002209280;18718720;1113055232;0;0;0;0;0;0;0;0;0;0;0;2675;0;0;89;0;80;0;
15488;5625670;1002209280;18718720;1113055232;0;0;0;0;0;0;0;0;0;0;0;4519;0;0;89;0;80;0;
15489;5687536;1002209280;18718720;1113055232;0;0;0;0;0;0;0;0;0;0;0;2585;0;0;89;0;80;0;
15490;5176739;1002209280;18718720;1113055232;0;0;0;0;0;0;0;0;0;0;0;4008;0;0;89;0;80;0;
15491;5818321;1002209280;18718720;1113055232;0;0;0;0;0;0;0;0;0;0;0;3647;0;0;89;0;80;0;
15492;4928492;1002209280;18718720;1113055232;0;0;0;0;0;0;0;0;0;0;0;4839;0;0;89;0;80;0;
15493;4862238;1002209280;18718720;1113055232;0;0;0;0;0;0;0;0;0;0;0;2906;0;0;89;0;80;0;
15494;5730096;1002209280;18718720;1113055232;0;0;0;0;0;0;0;0;0;0;0;3446;0;0;89;0;80;0;
15495;6749919;1002209280;18718720;1113055232;0;0;0;0;0;0;0;0;0;0;0;3146;0;0;89;0;80;0;
15496;5583902;1002209280;18718720;1113055232;0;0;0;0;0;0;0;0;0;0;0;4108;0;0;89;0;80;0;
15497;5459128;1002209280;18718720;1113055232;0;0;0;0;0;0;0;0;0;0;0;3045;0;0;89;0;80;0;
15498;6051950;1002209280;18718720;1113055232;0;0;0;0;0;0;0;0;0;0;0;3607;0;0;89;0;80;0;
15499;5943035;1002209280;18718720;1113055232;0;0;0;0;0;0;0;0;0;0;0;3496;0;0;89;0;80;0;
15500;5511706;1002209280;18718720;1113055232;0;0;0;0;0;0;0;0;0;0;0;3656;0;0;89;0;80;0;
15501;7734986;1002209280;18718720;1113055232;0;0;0;0;0;0;0;0;0;0;0;3506;0;0;89;0;80;0;
15502;4234361;1002209280;18718720;1113055232;0;0;0;0;0;0;0;0;0;0;0;3777;0;0;89;0;80;0;
15503;5924681;1002209280;18718720;1113055232;0;0;0;0;0;0;0;0;0;0;0;3216;0;0;89;0;80;0;
15504;4362511;1002209280;18718720;1113055232;0;0;0;0;0;0;0;0;0;0;0;4007;0;0;89;0;80;0;
15505;6966986;1002209280;18718720;1113055232;0;0;0;0;0;0;0;0;0;0;0;3126;0;0;89;0;80;0;
15506;5621192;1002209280;18718720;1113055232;0;0;0;0;0;0;0;0;0;0;0;4458;0;0;89;0;80;0;
15507;5582028;1002209280;18718720;1113055232;0;0;0;0;0;0;0;0;0;0;0;3998;0;0;89;0;80;0;
15508;5882822;1002209280;18718720;1113055232;0;0;0;0;0;0;0;0;0;0;0;4148;0;0;89;0;80;0;
15509;5941783;1002209280;18718720;1113055232;0;0;0;0;0;0;0;0;0;0;0;3346;0;0;89;0;80;0;
15510;4646103;1002209280;18718720;1113055232;0;0;0;0;0;0;0;0;0;0;0;3466;0;0;89;0;80;0;
15511;6621047;1002209280;18718720;1113055232;0;0;0;0;0;0;0;0;0;0;0;3467;0;0;89;0;80;0;
15512;5774450;1002209280;18718720;1113055232;0;0;0;0;0;0;0;0;0;0;0;4017;0;0;89;0;80;0;
15513;5187278;1002209280;18718720;1113055232;0;0;0;0;0;0;0;0;0;0;0;2955;0;0;89;0;80;0;
15514;4429197;1002209280;18718720;1113055232;0;0;0;0;0;0;0;0;0;0;0;3336;0;0;89;0;80;0;
15515;6335681;1002209280;18718720;1113055232;0;0;0;0;0;0;0;0;0;0;0;4198;0;0;89;0;80;0;
15516;6798520;1002209280;18718720;1113055232;0;0;0;0;0;0;0;0;0;0;0;3828;0;0;89;0;80;0;
15517;6769436;1002209280;18718720;1113055232;0;0;0;0;0;0;0;0;0;0;0;3307;0;0;89;0;80;0;
15518;7279953;1002209280;18718720;1113055232;0;0;0;0;0;0;0;0;0;0;0;4308;0;0;89;0;80;0;
15519;5219438;1002209280;18718720;1113055232;0;0;0;0;0;0;0;0;0;0;0;2996;0;0;89;0;80;0;
15520;6548961;1002209280;18718720;1113055232;0;0;0;0;0;0;0;0;0;0;0;3477;0;0;89;0;80;0;
15521;5583431;1002209280;18718720;1113055232;0;0;0;0;0;0;0;0;0;0;0;2635;0;0;89;0;80;0;
15522;5064618;1002209280;18718720;1113055232;0;0;0;0;0;0;0;0;0;0;0;3086;0;0;89;0;80;0;
15523;6219584;1002209280;18718720;1113055232;0;0;0;0;0;0;0;0;0;0;0;2425;0;0;89;0;80;0;
15524;5021517;1002209280;18718720;1113055232;0;0;0;0;0;0;0;0;0;0;0;3466;0;0;89;0;80;0;
15525;5418422;1002209280;18718720;1113055232;0;0;0;0;0;0;0;0;0;0;0;2274;0;0;89;0;80;0;
15526;4689284;1002209280;18718720;1113055232;0;0;0;0;0;0;0;0;0;0;0;3106;0;0;89;0;80;0;
15527;5627724;1002209280;18718720;1113055232;0;0;0;0;0;0;0;0;0;0;0;2415;0;0;89;0;80;0;
15528;4953410;1002209280;18718720;1113055232;0;0;0;0;0;0;0;0;0;0;0;4358;0;0;89;0;80;0;
15529;5894014;1002209280;18718720;1113055232;0;0;0;0;0;0;0;0;0;0;0;3226;0;0;89;0;80;0;
15530;5430054;1002209280;18718720;1113055232;0;0;0;0;0;0;0;0;0;0;0;3496;0;0;89;0;80;0;
15531;5681235;1002209280;18718720;1113055232;0;0;0;0;0;0;0;0;0;0;0;2495;0;0;89;0;80;0;
15532;5131483;1002209280;18718720;1113055232;0;0;0;0;0;0;0;0;0;0;0;3066;0;0;89;0;80;0;
15533;6124766;1002209280;18718720;1113055232;0;0;0;0;0;0;0;0;0;0;0;4088;0;0;89;0;80;0;
15534;4851759;1002209280;18718720;1113055232;0;0;0;0;0;0;0;0;0;0;0;3887;0;0;89;0;80;0;
15535;6475094;1002209280;18718720;1113055232;0;0;0;0;0;0;0;0;0;0;0;3908;0;0;89;0;80;0;
15536;6113896;1002209280;18718720;1113055232;0;0;0;0;0;0;0;0;0;0;0;3898;0;0;89;0;80;0;
15537;6194187;1002209280;18718720;1113055232;0;0;0;0;0;0;0;0;0;0;0;3066;0;0;89;0;80;0;
15538;5958795;1002209280;18718720;1113055232;0;0;0;0;0;0;0;0;0;0;0;4999;0;0;89;0;80;0;
15539;6587725;1002209280;18718720;1113055232;0;0;0;0;0;0;0;0;0;0;0;4198;0;0;89;0;80;0;
15540;6530316;1002209280;18718720;1113055232;0;0;0;0;0;0;0;0;0;0;0;4067;0;0;89;0;80;0;
15541;6005773;1002209280;18718720;1113055232;0;0;0;0;0;0;0;0;0;0;0;2816;0;0;89;0;80;0;
15542;4444835;1002209280;18718720;1113055232;0;0;0;0;0;0;0;0;0;0;0;3076;0;0;89;0;80;0;
15543;5415817;1002209280;18718720;1113055232;0;0;0;0;0;0;0;0;0;0;0;2605;0;0;89;0;80;0;
15544;5160448;1002209280;18718720;1113055232;0;0;0;0;0;0;0;0;0;0;0;4018;0;0;89;0;80;0;
15545;6374875;1002209280;18718720;1113055232;0;0;0;0;0;0;0;0;0;0;0;3056;0;0;89;0;80;0;
15546;4453281;1002209280;18718720;1113055232;0;0;0;0;0;0;0;0;0;0;0;3257;0;0;89;0;80;0;
15547;6535136;1002209280;18718720;1113055232;0;0;0;0;0;0;0;0;0;0;0;3677;0;0;89;0;80;0;
15548;4081314;1002209280;18718720;1113055232;0;0;0;0;0;0;0;0;0;0;0;3727;0;0;89;0;80;0;
15549;5353380;1002209280;18718720;1113055232;0;0;0;0;0;0;0;0;0;0;0;3597;0;0;89;0;80;0;
15550;4403448;1002209280;18718720;1113055232;0;0;0;0;0;0;0;0;0;0;0;3767;0;0;89;0;80;0;
15551;6177906;1002209280;18718720;1113055232;0;0;0;0;0;0;0;0;0;0;0;3617;0;0;89;0;80;0;
15552;4887636;1002209280;18718720;1113055232;0;0;0;0;0;0;0;0;0;0;0;6572;0;0;89;0;80;0;
15553;7392374;1002209280;18718720;1113055232;0;0;0;0;0;0;0;0;0;0;0;3256;0;0;89;0;80;0;
15554;4799892;1002209280;18718720;1113055232;0;0;0;0;0;0;0;0;0;0;0;4228;0;0;89;0;80;0;
15555;7324306;1002209280;18718720;1113055232;0;0;0;0;0;0;0;0;0;0;0;4859;0;0;89;0;80;0;
15556;4056687;1002209280;18718720;1113055232;0;0;0;0;0;0;0;0;0;0;0;3126;0;0;89;0;80;0;
15557;5114221;1002209280;18718720;1113055232;0;0;0;0;0;0;0;0;0;0;0;2916;0;0;89;0;80;0;
15558;4282742;1002209280;18718720;1113055232;0;0;0;0;0;0;0;0;0;0;0;2985;0;0;89;0;80;0;
15559;5635599;1002209280;18718720;1113055232;0;0;0;0;0;0;0;0;0;0;0;2986;0;0;89;0;80;0;
15560;4511952;1002209280;18718720;1113055232;0;0;0;0;0;0;0;0;0;0;0;3095;0;0;89;0;80;0;
15561;4872367;1002209280;18718720;1113055232;0;0;0;0;0;0;0;0;0;0;0;2074;0;0;89;0;80;0;
15562;4401785;1002209280;18718720;1113055232;0;0;0;0;0;0;0;0;0;0;0;2886;0;0;89;0;80;0;
15563;5671647;1002209280;18718720;1113055232;0;0;0;0;0;0;0;0;0;0;0;3347;0;0;89;0;80;0;
15564;4092124;1002209280;18718720;1113055232;0;0;0;0;0;0;0;0;0;0;0;3216;0;0;89;0;80;0;
15565;5492060;1002209280;18718720;1113055232;0;0;0;0;0;0;0;0;0;0;0;3055;0;0;89;0;80;0;
15566;4100930;1002209280;18718720;1113055232;0;0;0;0;0;0;0;0;0;0;0;3407;0;0;89;0;80;0;
15567;5996005;1002209280;18718720;1113055232;0;0;0;0;0;0;0;0;0;0;0;2375;0;0;89;0;80;0;
15568;4823386;1002209280;18718720;1113055232;0;0;0;0;0;0;0;0;0;0;0;3476;0;0;89;0;80;0;
15569;5912669;1002209280;18718720;1113055232;0;0;0;0;0;0;0;0;0;0;0;2805;0;0;89;0;80;0;
15570;3820956;1002209280;18718720;1113055232;0;0;0;0;0;0;0;0;0;0;0;3927;0;0;89;0;80;0;
15571;6280789;1002209280;18718720;1113055232;0;0;0;0;0;0;0;0;0;0;0;3506;0;0;89;0;80;0;
15572;5283308;1002209280;18718720;1113055232;0;0;0;0;0;0;0;0;0;0;0;4178;0;0;89;0;80;0;
15573;13257213;1002209280;18718720;1113055232;0;0;0;0;0;0;0;0;0;0;0;4779;0;0;89;0;80;0;
15574;7908281;1002209280;18718720;1113055232;0;0;0;0;0;0;0;0;0;0;0;6452;0;0;89;0;80;0;
15575;5026728;1002209280;18718720;1113055232;0;0;0;0;0;0;0;0;0;0;0;2785;0;0;89;0;80;0;
15576;5017480;1002209280;18718720;1113055232;0;0;0;0;0;0;0;0;0;0;0;3527;0;0;89;0;80;0;
15577;6293593;1002209280;18718720;1113055232;0;0;0;0;0;0;0;0;0;0;0;2615;0;0;89;0;80;0;
15578;5363679;1002209280;18718720;1113055232;0;0;0;0;0;0;0;0;0;0;0;2906;0;0;89;0;80;0;
15579;5519061;1002209280;18718720;1113055232;0;0;0;0;0;0;0;0;0;0;0;2505;0;0;89;0;80;0;
15580;5631902;1002209280;18718720;1113055232;0;0;0;0;0;0;0;0;0;0;0;3166;0;0;89;0;80;0;
15581;4529164;1002209280;18718720;1113055232;0;0;0;0;0;0;0;0;0;0;0;2134;0;0;89;0;80;0;
15582;4214764;1002209280;18718720;1113055232;0;0;0;0;0;0;0;0;0;0;0;3236;0;0;89;0;80;0;
15583;5416898;1002209280;18718720;1113055232;0;0;0;0;0;0;0;0;0;0;0;2595;0;0;89;0;80;0;
15584;5689880;1002209280;18718720;1113055232;0;0;0;0;0;0;0;0;0;0;0;3637;0;0;89;0;80;0;
15585;5974014;1002209280;18718720;1113055232;0;0;0;0;0;0;0;0;0;0;0;2735;0;0;89;0;80;0;
15586;4784493;1002209280;18718720;1113055232;0;0;0;0;0;0;0;0;0;0;0;3837;0;0;89;0;80;0;
15587;7075218;1002209280;18718720;1113055232;0;0;0;0;0;0;0;0;0;0;0;3166;0;0;89;0;80;0;
15588;4510008;1002209280;18718720;1113055232;0;0;0;0;0;0;0;0;0;0;0;3075;0;0;89;0;80;0;
15589;6348185;1002209280;18718720;1113055232;0;0;0;0;0;0;0;0;0;0;0;3466;0;0;89;0;80;0;
15590;4295415;1002209280;18718720;1113055232;0;0;0;0;0;0;0;0;0;0;0;3597;0;0;89;0;80;0;
15591;6033355;1002209280;18718720;1113055232;0;0;0;0;0;0;0;0;0;0;0;3076;0;0;89;0;80;0;
15592;4786406;1002209280;18718720;1113055232;0;0;0;0;0;0;0;0;0;0;0;3757;0;0;89;0;80;0;
15593;7776915;1002209280;18718720;1113055232;0;0;0;0;0;0;0;0;0;0;0;3757;0;0;89;0;80;0;
15594;6035058;1002209280;18718720;1113055232;0;0;0;0;0;0;0;0;0;0;0;3927;0;0;89;0;80;0;
15595;6638169;1002209280;18718720;1113055232;0;0;0;0;0;0;0;0;0;0;0;2244;0;0;89;0;80;0;
15596;4326824;1002209280;18718720;1113055232;0;0;0;0;0;0;0;0;0;0;0;3456;0;0;89;0;80;0;
15597;6245784;1002209280;18718720;1113055232;0;0;0;0;0;0;0;0;0;0;0;3456;0;0;89;0;80;0;
15598;4021131;1002209280;18718720;1113055232;0;0;0;0;0;0;0;0;0;0;0;3356;0;0;89;0;80;0;
15599;6021482;1002209280;18718720;1113055232;0;0;0;0;0;0;0;0;0;0;0;3356;0;0;89;0;80;0;
15600;3987649;1002209280;18718720;1113055232;0;0;0;0;0;0;0;0;0;0;0;3747;0;0;89;0;80;0;
15601;7124381;1002209280;18718720;1113055232;0;0;0;0;0;0;0;0;0;0;0;3106;0;0;89;0;80;0;
15602;5171198;1002209280;18718720;1113055232;0;0;0;0;0;0;0;0;0;0;0;3506;0;0;89;0;80;0;
15603;5226261;1002209280;18718720;1113055232;0;0;0;0;0;0;0;0;0;0;0;3106;0;0;89;0;80;0;
15604;5107348;1002209280;18718720;1113055232;0;0;0;0;0;0;0;0;0;0;0;3867;0;0;89;0;80;0;
15605;5525172;1002209280;18718720;1113055232;0;0;0;0;0;0;0;0;0;0;0;3497;0;0;89;0;80;0;
15606;3925752;1002209280;18718720;1113055232;0;0;0;0;0;0;0;0;0;0;0;3747;0;0;89;0;80;0;
15607;7609731;1002209280;18718720;1113055232;0;0;0;0;0;0;0;0;0;0;0;3607;0;0;89;0;80;0;
15608;4301758;1002209280;18718720;1113055232;0;0;0;0;0;0;0;0;0;0;0;3778;0;0;89;0;80;0;
15609;5072773;1002209280;18718720;1113055232;0;0;0;0;0;0;0;0;0;0;0;3276;0;0;89;0;80;0;
15610;4194727;1002209280;18718720;1113055232;0;0;0;0;0;0;0;0;0;0;0;3807;0;0;89;0;80;0;
15611;5864528;1002209280;18718720;1113055232;0;0;0;0;0;0;0;0;0;0;0;2926;0;0;89;0;80;0;
15612;3809946;1002209280;18718720;1113055232;0;0;0;0;0;0;0;0;0;0;0;5089;0;0;89;0;80;0;
15613;6923804;1002209280;18718720;1113055232;0;0;0;0;0;0;0;0;0;0;0;6292;0;0;89;0;80;0;
15614;8304524;1002209280;18718720;1113055232;0;0;0;0;0;0;0;0;0;0;0;5230;0;0;89;0;80;0;
15615;5824052;1002209280;18718720;1113055232;0;0;0;0;0;0;0;0;0;0;0;3487;0;0;89;0;80;0;
15616;7693448;1002209280;18718720;1113055232;0;0;0;0;0;0;0;0;0;0;0;3547;0;0;89;0;80;0;
15617;6929686;1002209280;18718720;1113055232;0;0;0;0;0;0;0;0;0;0;0;2755;0;0;89;0;80;0;
15618;5130702;1002209280;18718720;1113055232;0;0;0;0;0;0;0;0;0;0;0;3837;0;0;89;0;80;0;
15619;5301132;1002209280;18718720;1113055232;0;0;0;0;0;0;0;0;0;0;0;3036;0;0;89;0;80;0;
15620;5101267;1002209280;18718720;1113055232;0;0;0;0;0;0;0;0;0;0;0;3536;0;0;89;0;80;0;
15621;5143696;1002209280;18718720;1113055232;0;0;0;0;0;0;0;0;0;0;0;2655;0;0;89;0;80;0;
15622;6689836;1002209280;18718720;1113055232;0;0;0;0;0;0;0;0;0;0;0;4268;0;0;89;0;80;0;
15623;6322718;1002209280;18718720;1113055232;0;0;0;0;0;0;0;0;0;0;0;4749;0;0;89;0;80;0;
15624;4565331;1002209280;18718720;1113055232;0;0;0;0;0;0;0;0;0;0;0;3637;0;0;89;0;80;0;
15625;5856002;1002209280;18718720;1113055232;0;0;0;0;0;0;0;0;0;0;0;3527;0;0;89;0;80;0;
15626;5677087;1002209280;18718720;1113055232;0;0;0;0;0;0;0;0;0;0;0;4819;0;0;89;0;80;0;
15627;6087917;1002209280;18718720;1113055232;0;0;0;0;0;0;0;0;0;0;0;3456;0;0;89;0;80;0;
15628;5199020;1002209280;18718720;1113055232;0;0;0;0;0;0;0;0;0;0;0;3587;0;0;89;0;80;0;
15629;5362176;1002209280;18718720;1113055232;0;0;0;0;0;0;0;0;0;0;0;2104;0;0;89;0;80;0;
15630;6155954;1002209280;18718720;1113055232;0;0;0;0;0;0;0;0;0;0;0;7314;0;0;89;0;80;0;
15631;7742070;1002209280;18718720;1113055232;0;0;0;0;0;0;0;0;0;0;0;6833;0;0;89;0;80;0;
15632;7658092;1002209280;18718720;1113055232;0;0;0;0;0;0;0;0;0;0;0;6181;0;0;89;0;80;0;
15633;8159172;1002209280;18718720;1113055232;0;0;0;0;0;0;0;0;0;0;0;6121;0;0;89;0;80;0;
15634;7058818;1002209280;18718720;1113055232;0;0;0;0;0;0;0;0;0;0;0;6422;0;0;89;0;80;0;
15635;8532001;1002209280;18718720;1113055232;0;0;0;0;0;0;0;0;0;0;0;6202;0;0;89;0;80;0;
15636;7329445;1002209280;18718720;1113055232;0;0;0;0;0;0;0;0;0;0;0;7274;0;0;89;0;80;0;
15637;8260631;1002209280;18718720;1113055232;0;0;0;0;0;0;0;0;0;0;0;6272;0;0;89;0;80;0;
15638;5132015;1002209280;18718720;1113055232;0;0;0;0;0;0;0;0;0;0;0;5971;0;0;89;0;80;0;
15639;6157928;1002209280;18718720;1113055232;0;0;0;0;0;0;0;0;0;0;0;2926;0;0;89;0;80;0;
15640;4739689;1002209280;18718720;1113055232;0;0;0;0;0;0;0;0;0;0;0;3396;0;0;89;0;80;0;
15641;5046694;1002209280;18718720;1113055232;0;0;0;0;0;0;0;0;0;0;0;2315;0;0;89;0;80;0;
15642;4536708;1002209280;18718720;1113055232;0;0;0;0;0;0;0;0;0;0;0;3537;0;0;89;0;80;0;
15643;4915528;1002209280;18718720;1113055232;0;0;0;0;0;0;0;0;0;0;0;2785;0;0;89;0;80;0;
15644;5260766;1002209280;18718720;1113055232;0;0;0;0;0;0;0;0;0;0;0;4047;0;0;89;0;80;0;
15645;6401956;1002209280;18718720;1113055232;0;0;0;0;0;0;0;0;0;0;0;3196;0;0;89;0;80;0;
15646;5812771;1002209280;18718720;1113055232;0;0;0;0;0;0;0;0;0;0;0;4348;0;0;89;0;80;0;
15647;6026543;1002209280;18718720;1113055232;0;0;0;0;0;0;0;0;0;0;0;4098;0;0;89;0;80;0;
15648;4896644;1002209280;18718720;1113055232;0;0;0;0;0;0;0;0;0;0;0;4940;0;0;89;0;80;0;
15649;6279647;1002209280;18718720;1113055232;0;0;0;0;0;0;0;0;0;0;0;3276;0;0;89;0;80;0;
15650;3988339;1002209280;18718720;1113055232;0;0;0;0;0;0;0;0;0;0;0;4258;0;0;89;0;80;0;
15651;6259178;1002209280;18718720;1113055232;0;0;0;0;0;0;0;0;0;0;0;3366;0;0;89;0;80;0;
15652;3999460;1002209280;18718720;1113055232;0;0;0;0;0;0;0;0;0;0;0;4037;0;0;89;0;80;0;
15653;5312804;1002209280;18718720;1113055232;0;0;0;0;0;0;0;0;0;0;0;3546;0;0;89;0;80;0;
15654;3747418;1002209280;18718720;1113055232;0;0;0;0;0;0;0;0;0;0;0;4007;0;0;89;0;80;0;
15655;5209530;1002209280;18718720;1113055232;0;0;0;0;0;0;0;0;0;0;0;2896;0;0;89;0;80;0;
15656;4441380;1002209280;18718720;1113055232;0;0;0;0;0;0;0;0;0;0;0;3306;0;0;89;0;80;0;
15657;5258461;1002209280;18718720;1113055232;0;0;0;0;0;0;0;0;0;0;0;2194;0;0;89;0;80;0;
15658;4513785;1002209280;18718720;1113055232;0;0;0;0;0;0;0;0;0;0;0;5601;0;0;89;0;80;0;
15659;6613994;1002209280;18718720;1113055232;0;0;0;0;0;0;0;0;0;0;0;2855;0;0;89;0;80;0;
15660;6947610;1002209280;18718720;1113055232;0;0;0;0;0;0;0;0;0;0;0;6142;0;0;89;0;80;0;
15661;6190831;1002209280;18718720;1113055232;0;0;0;0;0;0;0;0;0;0;0;2424;0;0;89;0;80;0;
15662;5193189;1002209280;18718720;1113055232;0;0;0;0;0;0;0;0;0;0;0;6021;0;0;89;0;80;0;
15663;5255646;1002209280;18718720;1113055232;0;0;0;0;0;0;0;0;0;0;0;3246;0;0;89;0;80;0;
15664;6461889;1002209280;18718720;1113055232;0;0;0;0;0;0;0;0;0;0;0;3647;0;0;89;0;80;0;
15665;6854334;1002209280;18718720;1113055232;0;0;0;0;0;0;0;0;0;0;0;2534;0;0;89;0;80;0;
15666;5540130;1002209280;18718720;1113055232;0;0;0;0;0;0;0;0;0;0;0;4067;0;0;89;0;80;0;
15667;9191267;1002209280;18718720;1113055232;0;0;0;0;0;0;0;0;0;0;0;4699;0;0;89;0;80;0;
15668;7515134;1002209280;18718720;1113055232;0;0;0;0;0;0;0;0;0;0;0;4889;0;0;89;0;80;0;
15669;6411814;1002209280;18718720;1113055232;0;0;0;0;0;0;0;0;0;0;0;3426;0;0;89;0;80;0;
15670;5150169;1002209280;18718720;1113055232;0;0;0;0;0;0;0;0;0;0;0;3246;0;0;89;0;80;0;
15671;5551261;1002209280;18718720;1113055232;0;0;0;0;0;0;0;0;0;0;0;2565;0;0;89;0;80;0;
15672;4685206;1002209280;18718720;1113055232;0;0;0;0;0;0;0;0;0;0;0;3446;0;0;89;0;80;0;
15673;4855316;1002209280;18718720;1113055232;0;0;0;0;0;0;0;0;0;0;0;2946;0;0;89;0;80;0;
15674;4622359;1002209280;18718720;1113055232;0;0;0;0;0;0;0;0;0;0;0;3366;0;0;89;0;80;0;
15675;4924816;1002209280;18718720;1113055232;0;0;0;0;0;0;0;0;0;0;0;2876;0;0;89;0;80;0;
15676;5841114;1002209280;18718720;1113055232;0;0;0;0;0;0;0;0;0;0;0;2945;0;0;89;0;80;0;
15677;5436185;1002209280;18718720;1113055232;0;0;0;0;0;0;0;0;0;0;0;2394;0;0;89;0;80;0;
15678;4557187;1002209280;18718720;1113055232;0;0;0;0;0;0;0;0;0;0;0;2525;0;0;89;0;80;0;
15679;6035319;1002209280;18718720;1113055232;0;0;0;0;0;0;0;0;0;0;0;2515;0;0;89;0;80;0;
15680;4404731;1002209280;18718720;1113055232;0;0;0;0;0;0;0;0;0;0;0;2725;0;0;89;0;80;0;
15681;5241800;1002209280;18718720;1113055232;0;0;0;0;0;0;0;0;0;0;0;2154;0;0;89;0;80;0;
15682;6455406;1002209280;18718720;1113055232;0;0;0;0;0;0;0;0;0;0;0;4419;0;0;89;0;80;0;
15683;4901362;1002209280;18718720;1113055232;0;0;0;0;0;0;0;0;0;0;0;2344;0;0;89;0;80;0;
15684;5750544;1002209280;18718720;1113055232;0;0;0;0;0;0;0;0;0;0;0;3006;0;0;89;0;80;0;
15685;5215181;1002209280;18718720;1113055232;0;0;0;0;0;0;0;0;0;0;0;2715;0;0;89;0;80;0;
15686;4294674;1002209280;18718720;1113055232;0;0;0;0;0;0;0;0;0;0;0;2886;0;0;89;0;80;0;
15687;6543642;1002209280;18718720;1113055232;0;0;0;0;0;0;0;0;0;0;0;1973;0;0;89;0;80;0;
15688;4221086;1002209280;18718720;1113055232;0;0;0;0;0;0;0;0;0;0;0;2595;0;0;89;0;80;0;
15689;4376878;1002209280;18718720;1113055232;0;0;0;0;0;0;0;0;0;0;0;2264;0;0;89;0;80;0;
15690;3731438;1002209280;18718720;1113055232;0;0;0;0;0;0;0;0;0;0;0;3126;0;0;89;0;80;0;
15691;5405979;1002209280;18718720;1113055232;0;0;0;0;0;0;0;0;0;0;0;3797;0;0;89;0;80;0;
15692;6070935;1002209280;18718720;1113055232;0;0;0;0;0;0;0;0;0;0;0;4218;0;0;89;0;80;0;
15693;5653062;1002209280;18718720;1113055232;0;0;0;0;0;0;0;0;0;0;0;3747;0;0;89;0;80;0;
15694;4561575;1002209280;18718720;1113055232;0;0;0;0;0;0;0;0;0;0;0;3486;0;0;89;0;80;0;
15695;5208287;1002209280;18718720;1113055232;0;0;0;0;0;0;0;0;0;0;0;2705;0;0;89;0;80;0;
15696;5355834;1002209280;18718720;1113055232;0;0;0;0;0;0;0;0;0;0;0;4859;0;0;89;0;80;0;
15697;6001766;1002209280;18718720;1113055232;0;0;0;0;0;0;0;0;0;0;0;4428;0;0;89;0;80;0;
15698;4729650;1002209280;18718720;1113055232;0;0;0;0;0;0;0;0;0;0;0;3997;0;0;89;0;80;0;
15699;5550039;1002209280;18718720;1113055232;0;0;0;0;0;0;0;0;0;0;0;3637;0;0;89;0;80;0;
15700;4712227;1002209280;18718720;1113055232;0;0;0;0;0;0;0;0;0;0;0;3507;0;0;89;0;80;0;
15701;5774600;1002209280;18718720;1113055232;0;0;0;0;0;0;0;0;0;0;0;3095;0;0;89;0;80;0;
15702;4518784;1002209280;18718720;1113055232;0;0;0;0;0;0;0;0;0;0;0;4638;0;0;89;0;80;0;
15703;4938502;1002209280;18718720;1113055232;0;0;0;0;0;0;0;0;0;0;0;2755;0;0;89;0;80;0;
15704;6202061;1002209280;18718720;1113055232;0;0;0;0;0;0;0;0;0;0;0;4468;0;0;89;0;80;0;
15705;5171669;1002209280;18718720;1113055232;0;0;0;0;0;0;0;0;0;0;0;2816;0;0;89;0;80;0;
15706;6368753;1002209280;18718720;1113055232;0;0;0;0;0;0;0;0;0;0;0;3316;0;0;89;0;80;0;
15707;5637843;1002209280;18718720;1113055232;0;0;0;0;0;0;0;0;0;0;0;3257;0;0;89;0;80;0;
15708;6753556;1002209280;18718720;1113055232;0;0;0;0;0;0;0;0;0;0;0;4097;0;0;89;0;80;0;
15709;5573001;1002209280;18718720;1113055232;0;0;0;0;0;0;0;0;0;0;0;3056;0;0;89;0;80;0;
15710;5618727;1002209280;18718720;1113055232;0;0;0;0;0;0;0;0;0;0;0;4318;0;0;89;0;80;0;
15711;4710143;1002209280;18718720;1113055232;0;0;0;0;0;0;0;0;0;0;0;2735;0;0;89;0;80;0;
15712;5628776;1002209280;18718720;1113055232;0;0;0;0;0;0;0;0;0;0;0;3626;0;0;89;0;80;0;
15713;5815316;1002209280;18718720;1113055232;0;0;0;0;0;0;0;0;0;0;0;3657;0;0;89;0;80;0;
15714;4186181;1002209280;18718720;1113055232;0;0;0;0;0;0;0;0;0;0;0;3947;0;0;89;0;80;0;
15715;5337520;1002209280;18718720;1113055232;0;0;0;0;0;0;0;0;0;0;0;2805;0;0;89;0;80;0;
15716;5890397;1002209280;18718720;1113055232;0;0;0;0;0;0;0;0;0;0;0;4057;0;0;89;0;80;0;
15717;5096498;1002209280;18718720;1113055232;0;0;0;0;0;0;0;0;0;0;0;3637;0;0;89;0;80;0;
15718;3875579;1002209280;18718720;1113055232;0;0;0;0;0;0;0;0;0;0;0;3517;0;0;89;0;80;0;
15719;5850713;1002209280;18718720;1113055232;0;0;0;0;0;0;0;0;0;0;0;3807;0;0;89;0;80;0;
15720;6928273;1002209280;18718720;1113055232;0;0;0;0;0;0;0;0;0;0;0;3768;0;0;89;0;80;0;
15721;6435259;1002209280;18718720;1113055232;0;0;0;0;0;0;0;0;0;0;0;2936;0;0;89;0;80;0;
15722;4648147;1002209280;18718720;1113055232;0;0;0;0;0;0;0;0;0;0;0;3667;0;0;89;0;80;0;
15723;5684471;1002209280;18718720;1113055232;0;0;0;0;0;0;0;0;0;0;0;3507;0;0;89;0;80;0;
15724;4361158;1002209280;18718720;1113055232;0;0;0;0;0;0;0;0;0;0;0;3446;0;0;89;0;80;0;
15725;5179073;1002209280;18718720;1113055232;0;0;0;0;0;0;0;0;0;0;0;3997;0;0;89;0;80;0;
15726;4775596;1002209280;18718720;1113055232;0;0;0;0;0;0;0;0;0;0;0;3967;0;0;89;0;80;0;
15727;5688549;1002209280;18718720;1113055232;0;0;0;0;0;0;0;0;0;0;0;3166;0;0;89;0;80;0;
15728;5481931;1002209280;18718720;1113055232;0;0;0;0;0;0;0;0;0;0;0;5000;0;0;89;0;80;0;
15729;5995664;1002209280;18718720;1113055232;0;0;0;0;0;0;0;0;0;0;0;3337;0;0;89;0;80;0;
15730;4983396;1002209280;18718720;1113055232;0;0;0;0;0;0;0;0;0;0;0;3838;0;0;89;0;80;0;
15731;6234001;1002209280;18718720;1113055232;0;0;0;0;0;0;0;0;0;0;0;3346;0;0;89;0;80;0;
15732;4893998;1002209280;18718720;1113055232;0;0;0;0;0;0;0;0;0;0;0;3426;0;0;89;0;80;0;
15733;5106607;1002209280;18718720;1113055232;0;0;0;0;0;0;0;0;0;0;0;3537;0;0;89;0;80;0;
15734;4871546;1002209280;18718720;1113055232;0;0;0;0;0;0;0;0;0;0;0;3527;0;0;89;0;80;0;
15735;5890477;1002209280;18718720;1113055232;0;0;0;0;0;0;0;0;0;0;0;3897;0;0;89;0;80;0;
15736;3857023;1002209280;18718720;1113055232;0;0;0;0;0;0;0;0;0;0;0;3336;0;0;89;0;80;0;
15737;5134299;1002209280;18718720;1113055232;0;0;0;0;0;0;0;0;0;0;0;3446;0;0;89;0;80;0;
15738;3548735;1002209280;18718720;1113055232;0;0;0;0;0;0;0;0;0;0;0;3556;0;0;89;0;80;0;
15739;4322066;1002209280;18718720;1113055232;0;0;0;0;0;0;0;0;0;0;0;2374;0;0;89;0;80;0;
15740;4107914;1002209280;18718720;1113055232;0;0;0;0;0;0;0;0;0;0;0;3687;0;0;89;0;80;0;
15741;6288053;1002209280;18718720;1113055232;0;0;0;0;0;0;0;0;0;0;0;2224;0;0;89;0;80;0;
15742;4887546;1002209280;18718720;1113055232;0;0;0;0;0;0;0;0;0;0;0;3176;0;0;89;0;80;0;
15743;4469952;1002209280;18718720;1113055232;0;0;0;0;0;0;0;0;0;0;0;2013;0;0;89;0;80;0;
15744;3640437;1002209280;18718720;1113055232;0;0;0;0;0;0;0;0;0;0;0;3036;0;0;89;0;80;0;
15745;4501001;1002209280;18718720;1113055232;0;0;0;0;0;0;0;0;0;0;0;2264;0;0;89;0;80;0;
15746;4134173;1002209280;18718720;1113055232;0;0;0;0;0;0;0;0;0;0;0;3296;0;0;89;0;80;0;
15747;4723419;1002209280;18718720;1113055232;0;0;0;0;0;0;0;0;0;0;0;2615;0;0;89;0;80;0;
15748;5073064;1002209280;18718720;1113055232;0;0;0;0;0;0;0;0;0;0;0;3467;0;0;89;0;80;0;
15749;6367752;1002209280;18718720;1113055232;0;0;0;0;0;0;0;0;0;0;0;3216;0;0;89;0;80;0;
15750;5445192;1002209280;18718720;1113055232;0;0;0;0;0;0;0;0;0;0;0;3636;0;0;89;0;80;0;
15751;5128528;1002209280;18718720;1113055232;0;0;0;0;0;0;0;0;0;0;0;11702;0;0;89;0;80;0;
15752;5307774;1002209280;18718720;1113055232;0;0;0;0;0;0;0;0;0;0;0;2995;0;0;89;0;80;0;
15753;9521757;1002209280;18718720;1113055232;0;0;0;0;0;0;0;0;0;0;0;2335;0;0;89;0;80;0;
15754;4788861;1002209280;18718720;1113055232;0;0;0;0;0;0;0;0;0;0;0;3095;0;0;89;0;80;0;
15755;5282547;1002209280;18718720;1113055232;0;0;0;0;0;0;0;0;0;0;0;2725;0;0;89;0;80;0;
15756;4286569;1002209280;18718720;1113055232;0;0;0;0;0;0;0;0;0;0;0;3727;0;0;89;0;80;0;
15757;5574144;1002209280;18718720;1113055232;0;0;0;0;0;0;0;0;0;0;0;3046;0;0;89;0;80;0;
15758;3717622;1002209280;18718720;1113055232;0;0;0;0;0;0;0;0;0;0;0;2796;0;0;89;0;80;0;
15759;5253382;1002209280;18718720;1113055232;0;0;0;0;0;0;0;0;0;0;0;2034;0;0;89;0;80;0;
15760;3132424;1002209280;18718720;1113055232;0;0;0;0;0;0;0;0;0;0;0;4288;0;0;89;0;80;0;
15761;5008713;1002209280;18718720;1113055232;0;0;0;0;0;0;0;0;0;0;0;2154;0;0;89;0;80;0;
15762;3306781;1002209280;18718720;1113055232;0;0;0;0;0;0;0;0;0;0;0;2615;0;0;89;0;80;0;
15763;4314432;1002209280;18718720;1113055232;0;0;0;0;0;0;0;0;0;0;0;2224;0;0;89;0;80;0;
15764;3485366;1002209280;18718720;1113055232;0;0;0;0;0;0;0;0;0;0;0;2074;0;0;89;0;80;0;
15765;4333307;1002209280;18718720;1113055232;0;0;0;0;0;0;0;0;0;0;0;1984;0;0;89;0;80;0;
15766;3766303;1002209280;18718720;1113055232;0;0;0;0;0;0;0;0;0;0;0;3166;0;0;89;0;80;0;
15767;4872708;1002209280;18718720;1113055232;0;0;0;0;0;0;0;0;0;0;0;2505;0;0;89;0;80;0;
15768;2495591;1002209280;18718720;1113055232;0;0;0;0;0;0;0;0;0;0;0;2194;0;0;89;0;80;0;
15769;4958549;1002209280;18718720;1113055232;0;0;0;0;0;0;0;0;0;0;0;1653;0;0;89;0;80;0;
15770;3423731;1002209280;18718720;1113055232;0;0;0;0;0;0;0;0;0;0;0;2926;0;0;89;0;80;0;
15771;4467678;1002209280;18718720;1113055232;0;0;0;0;0;0;0;0;0;0;0;1954;0;0;89;0;80;0;
15772;2801775;1002209280;18718720;1113055232;0;0;0;0;0;0;0;0;0;0;0;2054;0;0;89;0;80;0;
15773;4727847;1002209280;18718720;1113055232;0;0;0;0;0;0;0;0;0;0;0;1653;0;0;89;0;80;0;
15774;6142359;1002209280;18718720;1113055232;0;0;0;0;0;0;0;0;0;0;0;4007;0;0;89;0;80;0;
15775;4888568;1002209280;18718720;1113055232;0;0;0;0;0;0;0;0;0;0;0;2414;0;0;89;0;80;0;
15776;4815220;1002209280;18718720;1113055232;0;0;0;0;0;0;0;0;0;0;0;3767;0;0;89;0;80;0;
15777;4694985;1002209280;18718720;1113055232;0;0;0;0;0;0;0;0;0;0;0;1803;0;0;89;0;80;0;
15778;3700139;1002209280;18718720;1113055232;0;0;0;0;0;0;0;0;0;0;0;3427;0;0;89;0;80;0;
15779;5519211;1002209280;18718720;1113055232;0;0;0;0;0;0;0;0;0;0;0;2575;0;0;89;0;80;0;
15780;2558598;1002209280;18718720;1113055232;0;0;0;0;0;0;0;0;0;0;0;2625;0;0;89;0;80;0;
15781;6273555;1002209280;18718720;1113055232;0;0;0;0;0;0;0;0;0;0;0;2915;0;0;89;0;80;0;
15782;2979378;1002209280;18718720;1113055232;0;0;0;0;0;0;0;0;0;0;0;2775;0;0;89;0;80;0;
15783;4806374;1002209280;18718720;1113055232;0;0;0;0;0;0;0;0;0;0;0;2906;0;0;89;0;80;0;
15784;3565466;1002209280;18718720;1113055232;0;0;0;0;0;0;0;0;0;0;0;3396;0;0;89;0;80;0;
15785;4590329;1002209280;18718720;1113055232;0;0;0;0;0;0;0;0;0;0;0;2013;0;0;89;0;80;0;
15786;3966549;1002209280;18718720;1113055232;0;0;0;0;0;0;0;0;0;0;0;3666;0;0;89;0;80;0;
15787;4746161;1002209280;18718720;1113055232;0;0;0;0;0;0;0;0;0;0;0;2425;0;0;89;0;80;0;
15788;3633855;1002209280;18718720;1113055232;0;0;0;0;0;0;0;0;0;0;0;3787;0;0;89;0;80;0;
15789;5567882;1002209280;18718720;1113055232;0;0;0;0;0;0;0;0;0;0;0;2685;0;0;89;0;80;0;
15790;3321669;1002209280;18718720;1113055232;0;0;0;0;0;0;0;0;0;0;0;3276;0;0;89;0;80;0;
15791;5757547;1002209280;18718720;1113055232;0;0;0;0;0;0;0;0;0;0;0;3256;0;0;89;0;80;0;
15792;3615621;1002209280;18718720;1113055232;0;0;0;0;0;0;0;0;0;0;0;3727;0;0;89;0;80;0;
15793;4842211;1002209280;18718720;1113055232;0;0;0;0;0;0;0;0;0;0;0;2514;0;0;89;0;80;0;
15794;3142673;1002209280;18718720;1113055232;0;0;0;0;0;0;0;0;0;0;0;2946;0;0;89;0;80;0;
15795;4796195;1002209280;18718720;1113055232;0;0;0;0;0;0;0;0;0;0;0;2936;0;0;89;0;80;0;
15796;3861932;1002209280;18718720;1113055232;0;0;0;0;0;0;0;0;0;0;0;3316;0;0;89;0;80;0;
15797;5318755;1002209280;18718720;1113055232;0;0;0;0;0;0;0;0;0;0;0;3045;0;0;89;0;80;0;
15798;4021792;1002209280;18718720;1113055232;0;0;0;0;0;0;0;0;0;0;0;3677;0;0;89;0;80;0;
15799;5748461;1002209280;18718720;1113055232;0;0;0;0;0;0;0;0;0;0;0;2234;0;0;89;0;80;0;
15800;3104843;1002209280;18718720;1113055232;0;0;0;0;0;0;0;0;0;0;0;2304;0;0;89;0;80;0;
15801;5095155;1002209280;18722816;1113059328;0;0;0;0;0;0;0;0;0;0;0;2795;0;0;89;0;80;0;
15802;2730772;1002209280;18726912;1113063424;0;0;0;0;0;0;0;0;0;0;0;2054;0;0;89;0;80;0;
15803;4560523;1002209280;18726912;1113063424;0;0;0;0;0;0;0;0;0;0;0;1983;0;0;89;0;80;0;
15804;3671155;1002209280;18726912;1113063424;0;0;0;0;0;0;0;0;0;0;0;3186;0;0;89;0;80;0;
15805;4743416;1002209280;18726912;1113063424;0;0;0;0;0;0;0;0;0;0;0;2705;0;0;89;0;80;0;
15806;3216372;1002209280;18726912;1113063424;0;0;0;0;0;0;0;0;0;0;0;3526;0;0;89;0;80;0;
15807;4897134;1002209280;18726912;1113063424;0;0;0;0;0;0;0;0;0;0;0;2334;0;0;89;0;80;0;
15808;4233770;1002340352;18718720;1113055232;0;0;0;0;0;0;0;0;0;0;0;2385;0;0;89;0;80;0;
15809;4443123;1002340352;18718720;1113055232;0;0;0;0;0;0;0;0;0;0;0;2785;0;0;89;0;80;0;
15810;3907658;1002340352;18718720;1113055232;0;0;0;0;0;0;0;0;0;0;0;3547;0;0;89;0;80;0;
15811;5131153;1002340352;18718720;1113055232;0;0;0;0;0;0;0;0;0;0;0;2745;0;0;89;0;80;0;
15812;3864357;1002340352;18718720;1113055232;0;0;0;0;0;0;0;0;0;0;0;3106;0;0;89;0;80;0;
15813;4582103;1002340352;18718720;1113055232;0;0;0;0;0;0;0;0;0;0;0;3406;0;0;89;0;80;0;
15814;2826361;1002340352;18718720;1113055232;0;0;0;0;0;0;0;0;0;0;0;2775;0;0;89;0;80;0;
15815;4832553;1002340352;18718720;1113055232;0;0;0;0;0;0;0;0;0;0;0;3046;0;0;89;0;80;0;
15816;2968577;1002340352;18718720;1113055232;0;0;0;0;0;0;0;0;0;0;0;3186;0;0;89;0;80;0;
15817;4749968;1002340352;18718720;1113055232;0;0;0;0;0;0;0;0;0;0;0;2104;0;0;89;0;80;0;
15818;2505609;1002340352;18718720;1113055232;0;0;0;0;0;0;0;0;0;0;0;3015;0;0;89;0;80;0;
15819;4829247;1002340352;18718720;1113055232;0;0;0;0;0;0;0;0;0;0;0;2114;0;0;89;0;80;0;
15820;4919886;1002340352;18718720;1113055232;0;0;0;0;0;0;0;0;0;0;0;4478;0;0;89;0;80;0;
15821;4814159;1002340352;18718720;1113055232;0;0;0;0;0;0;0;0;0;0;0;3287;0;0;89;0;80;0;
15822;2474741;1002340352;18718720;1113055232;0;0;0;0;0;0;0;0;0;0;0;2995;0;0;89;0;80;0;
15823;4375616;1002340352;18718720;1113055232;0;0;0;0;0;0;0;0;0;0;0;2555;0;0;89;0;80;0;
15824;3568302;1002340352;18718720;1113055232;0;0;0;0;0;0;0;0;0;0;0;3076;0;0;89;0;80;0;
15825;4307969;1002340352;18718720;1113055232;0;0;0;0;0;0;0;0;0;0;0;2775;0;0;89;0;80;0;
15826;3455280;1002340352;18718720;1113055232;0;0;0;0;0;0;0;0;0;0;0;3126;0;0;89;0;80;0;
15827;4494939;1002340352;18718720;1113055232;0;0;0;0;0;0;0;0;0;0;0;1863;0;0;89;0;80;0;
15828;3633764;1002340352;18718720;1113055232;0;0;0;0;0;0;0;0;0;0;0;3146;0;0;89;0;80;0;
15829;4953199;1002340352;18718720;1113055232;0;0;0;0;0;0;0;0;0;0;0;2184;0;0;89;0;80;0;
15830;3240467;1002340352;18718720;1113055232;0;0;0;0;0;0;0;0;0;0;0;3466;0;0;89;0;80;0;
15831;4354105;1002340352;18718720;1113055232;0;0;0;0;0;0;0;0;0;0;0;4358;0;0;89;0;80;0;
15832;3426315;1002340352;18718720;1113055232;0;0;0;0;0;0;0;0;0;0;0;3537;0;0;89;0;80;0;
15833;4660961;1002340352;18718720;1113055232;0;0;0;0;0;0;0;0;0;0;0;2705;0;0;89;0;80;0;
15834;2901502;1002340352;18718720;1113055232;0;0;0;0;0;0;0;0;0;0;0;2815;0;0;89;0;80;0;
15835;5091708;1002340352;18718720;1113055232;0;0;0;0;0;0;0;0;0;0;0;2254;0;0;89;0;80;0;
15836;2896212;1002340352;18718720;1113055232;0;0;0;0;0;0;0;0;0;0;0;3257;0;0;89;0;80;0;
15837;4401224;1002340352;18718720;1113055232;0;0;0;0;0;0;0;0;0;0;0;2134;0;0;89;0;80;0;
15838;3802071;1002340352;18718720;1113055232;0;0;0;0;0;0;0;0;0;0;0;3116;0;0;89;0;80;0;
15839;4575160;1002340352;18718720;1113055232;0;0;0;0;0;0;0;0;0;0;0;2455;0;0;89;0;80;0;
15840;3446162;1002340352;18718720;1113055232;0;0;0;0;0;0;0;0;0;0;0;3156;0;0;89;0;80;0;
15841;5013231;1002340352;18718720;1113055232;0;0;0;0;0;0;0;0;0;0;0;2755;0;0;89;0;80;0;
15842;4112743;1002340352;18718720;1113055232;0;0;0;0;0;0;0;0;0;0;0;3346;0;0;89;0;80;0;
15843;10383603;1002340352;18718720;1113055232;0;0;0;0;0;0;0;0;0;0;0;2825;0;0;89;0;80;0;
15844;4443483;1002340352;18718720;1113055232;0;0;0;0;0;0;0;0;0;0;0;3106;0;0;89;0;80;0;
15845;5119502;1002340352;18718720;1113055232;0;0;0;0;0;0;0;0;0;0;0;2815;0;0;89;0;80;0;
15846;4093627;1002340352;18718720;1113055232;0;0;0;0;0;0;0;0;0;0;0;3276;0;0;89;0;80;0;
15847;5072072;1002340352;18718720;1113055232;0;0;0;0;0;0;0;0;0;0;0;2775;0;0;89;0;80;0;
15848;3509161;1002340352;18718720;1113055232;0;0;0;0;0;0;0;0;0;0;0;3226;0;0;89;0;80;0;
15849;4866506;1002340352;18718720;1113055232;0;0;0;0;0;0;0;0;0;0;0;3887;0;0;89;0;80;0;
15850;4885963;1002340352;18718720;1113055232;0;0;0;0;0;0;0;0;0;0;0;4258;0;0;89;0;80;0;
15851;5845914;1002340352;18718720;1113055232;0;0;0;0;0;0;0;0;0;0;0;2655;0;0;89;0;80;0;
15852;4247576;1002340352;18718720;1113055232;0;0;0;0;0;0;0;0;0;0;0;3366;0;0;89;0;80;0;
15853;5109042;1002340352;18718720;1113055232;0;0;0;0;0;0;0;0;0;0;0;2324;0;0;89;0;80;0;
15854;3654964;1002340352;18718720;1113055232;0;0;0;0;0;0;0;0;0;0;0;3015;0;0;89;0;80;0;
15855;5066011;1002340352;18718720;1113055232;0;0;0;0;0;0;0;0;0;0;0;3126;0;0;89;0;80;0;
15856;3327881;1002340352;18718720;1113055232;0;0;0;0;0;0;0;0;0;0;0;3266;0;0;89;0;80;0;
15857;5354672;1002340352;18718720;1113055232;0;0;0;0;0;0;0;0;0;0;0;3727;0;0;89;0;80;0;
15858;3987839;1002340352;18718720;1113055232;0;0;0;0;0;0;0;0;0;0;0;2775;0;0;89;0;80;0;
15859;5889916;1002340352;18718720;1113055232;0;0;0;0;0;0;0;0;0;0;0;3066;0;0;89;0;80;0;
15860;2510077;1002340352;18718720;1113055232;0;0;0;0;0;0;0;0;0;0;0;2575;0;0;89;0;80;0;
15861;4654689;1002340352;18718720;1113055232;0;0;0;0;0;0;0;0;0;0;0;2104;0;0;89;0;80;0;
15862;4661111;1002340352;18718720;1113055232;0;0;0;0;0;0;0;0;0;0;0;3306;0;0;89;0;80;0;
15863;5099513;1002340352;18718720;1113055232;0;0;0;0;0;0;0;0;0;0;0;2535;0;0;89;0;80;0;
15864;2904206;1002340352;18718720;1113055232;0;0;0;0;0;0;0;0;0;0;0;3457;0;0;89;0;80;0;
15865;4964881;1002340352;18718720;1113055232;0;0;0;0;0;0;0;0;0;0;0;2014;0;0;89;0;80;0;
15866;2996300;1002340352;18718720;1113055232;0;0;0;0;0;0;0;0;0;0;0;2766;0;0;89;0;80;0;
15867;4428686;1002340352;18718720;1113055232;0;0;0;0;0;0;0;0;0;0;0;2134;0;0;89;0;80;0;
15868;3124099;1002340352;18718720;1113055232;0;0;0;0;0;0;0;0;0;0;0;2515;0;0;89;0;80;0;
15869;4338646;1002340352;18718720;1113055232;0;0;0;0;0;0;0;0;0;0;0;2004;0;0;89;0;80;0;
15870;3102288;1002340352;18718720;1113055232;0;0;0;0;0;0;0;0;0;0;0;2685;0;0;89;0;80;0;
15871;4520558;1002340352;18718720;1113055232;0;0;0;0;0;0;0;0;0;0;0;2014;0;0;89;0;80;0;
15872;2947107;1002340352;18718720;1113055232;0;0;0;0;0;0;0;0;0;0;0;2766;0;0;89;0;80;0;
15873;4675568;1002340352;18718720;1113055232;0;0;0;0;0;0;0;0;0;0;0;2034;0;0;89;0;80;0;
15874;3016788;1002340352;18718720;1113055232;0;0;0;0;0;0;0;0;0;0;0;2956;0;0;89;0;80;0;
15875;4935415;1002340352;18718720;1113055232;0;0;0;0;0;0;0;0;0;0;0;2295;0;0;89;0;80;0;
15876;3442256;1002340352;18718720;1113055232;0;0;0;0;0;0;0;0;0;0;0;2565;0;0;89;0;80;0;
15877;4427664;1002340352;18718720;1113055232;0;0;0;0;0;0;0;0;0;0;0;1953;0;0;89;0;80;0;
15878;2715743;1002340352;18718720;1113055232;0;0;0;0;0;0;0;0;0;0;0;2585;0;0;89;0;80;0;
15879;4039255;1002340352;18718720;1113055232;0;0;0;0;0;0;0;0;0;0;0;1723;0;0;89;0;80;0;
15880;2376277;1002340352;18718720;1113055232;0;0;0;0;0;0;0;0;0;0;0;3096;0;0;89;0;80;0;
15881;4367540;1002340352;18718720;1113055232;0;0;0;0;0;0;0;0;0;0;0;1753;0;0;89;0;80;0;
15882;3383585;1002340352;18718720;1113055232;0;0;0;0;0;0;0;0;0;0;0;2214;0;0;89;0;80;0;
15883;5234146;1002340352;18718720;1113055232;0;0;0;0;0;0;0;0;0;0;0;1943;0;0;89;0;80;0;
15884;3109261;1002340352;18718720;1113055232;0;0;0;0;0;0;0;0;0;0;0;2204;0;0;89;0;80;0;
15885;4750870;1002340352;18718720;1113055232;0;0;0;0;0;0;0;0;0;0;0;1853;0;0;89;0;80;0;
15886;3215090;1002340352;18718720;1113055232;0;0;0;0;0;0;0;0;0;0;0;2686;0;0;89;0;80;0;
15887;5616073;1002340352;18718720;1113055232;0;0;0;0;0;0;0;0;0;0;0;2705;0;0;89;0;80;0;
15888;3627553;1002340352;18718720;1113055232;0;0;0;0;0;0;0;0;0;0;0;2655;0;0;89;0;80;0;
15889;4950944;1002340352;18718720;1113055232;0;0;0;0;0;0;0;0;0;0;0;2074;0;0;89;0;80;0;
15890;3507448;1002340352;18718720;1113055232;0;0;0;0;0;0;0;0;0;0;0;2504;0;0;89;0;80;0;
15891;5841225;1002340352;18718720;1113055232;0;0;0;0;0;0;0;0;0;0;0;2304;0;0;89;0;80;0;
15892;2581010;1002340352;18718720;1113055232;0;0;0;0;0;0;0;0;0;0;0;2184;0;0;89;0;80;0;
15893;5584754;1002340352;18718720;1113055232;0;0;0;0;0;0;0;0;0;0;0;2034;0;0;89;0;80;0;
15894;4471205;1002340352;18718720;1113055232;0;0;0;0;0;0;0;0;0;0;0;2675;0;0;89;0;80;0;
15895;4512863;1002340352;18718720;1113055232;0;0;0;0;0;0;0;0;0;0;0;2174;0;0;89;0;80;0;
15896;4010761;1002340352;18718720;1113055232;0;0;0;0;0;0;0;0;0;0;0;2564;0;0;89;0;80;0;
15897;5295331;1002340352;18718720;1113055232;0;0;0;0;0;0;0;0;0;0;0;2024;0;0;89;0;80;0;
15898;4823656;1002340352;18718720;1113055232;0;0;0;0;0;0;0;0;0;0;0;3156;0;0;89;0;80;0;
15899;5077182;1002340352;18718720;1113055232;0;0;0;0;0;0;0;0;0;0;0;2314;0;0;89;0;80;0;
15900;3169293;1002340352;18718720;1113055232;0;0;0;0;0;0;0;0;0;0;0;50565;0;0;89;0;80;0;
15901;6194677;1002340352;18718720;1113055232;0;0;0;0;0;0;0;0;0;0;0;2355;0;0;89;0;80;0;
15902;3989882;1002340352;18718720;1113055232;0;0;0;0;0;0;0;0;0;0;0;2805;0;0;89;0;80;0;
15903;4731073;1002340352;18718720;1113055232;0;0;0;0;0;0;0;0;0;0;0;1923;0;0;89;0;80;0;
15904;3819544;1002340352;18718720;1113055232;0;0;0;0;0;0;0;0;0;0;0;2355;0;0;89;0;80;0;
15905;4926609;1002340352;18718720;1113055232;0;0;0;0;0;0;0;0;0;0;0;1744;0;0;89;0;80;0;
15906;3169594;1002340352;18718720;1113055232;0;0;0;0;0;0;0;0;0;0;0;2364;0;0;89;0;80;0;
15907;5104633;1002340352;18718720;1113055232;0;0;0;0;0;0;0;0;0;0;0;1954;0;0;89;0;80;0;
15908;2731693;1002340352;18718720;1113055232;0;0;0;0;0;0;0;0;0;0;0;49182;0;0;89;0;80;0;
15909;4531178;1002340352;18718720;1113055232;0;0;0;0;0;0;0;0;0;0;0;1774;0;0;89;0;80;0;
15910;3758719;1002340352;18718720;1113055232;0;0;0;0;0;0;0;0;0;0;0;2194;0;0;89;0;80;0;
15911;4184387;1002340352;18718720;1113055232;0;0;0;0;0;0;0;0;0;0;0;1783;0;0;89;0;80;0;
15912;2156605;1002340352;18718720;1113055232;0;0;0;0;0;0;0;0;0;0;0;2204;0;0;89;0;80;0;
15913;4629342;1002340352;18718720;1113055232;0;0;0;0;0;0;0;0;0;0;0;1993;0;0;89;0;80;0;
15914;4052199;1002340352;18718720;1113055232;0;0;0;0;0;0;0;0;0;0;0;3446;0;0;89;0;80;0;
15915;4793971;1002340352;18718720;1113055232;0;0;0;0;0;0;0;0;0;0;0;2174;0;0;89;0;80;0;
15916;2916470;1002340352;18718720;1113055232;0;0;0;0;0;0;0;0;0;0;0;2194;0;0;89;0;80;0;
15917;4620816;1002340352;18718720;1113055232;0;0;0;0;0;0;0;0;0;0;0;1583;0;0;89;0;80;0;
15918;3891428;1002340352;18718720;1113055232;0;0;0;0;0;0;0;0;0;0;0;2785;0;0;89;0;80;0;
15919;5010436;1002340352;18718720;1113055232;0;0;0;0;0;0;0;0;0;0;0;1934;0;0;89;0;80;0;
15920;2988104;1002340352;18718720;1113055232;0;0;0;0;0;0;0;0;0;0;0;1853;0;0;89;0;80;0;
15921;4748405;1002340352;18718720;1113055232;0;0;0;0;0;0;0;0;0;0;0;2164;0;0;89;0;80;0;
15922;3190163;1002340352;18718720;1113055232;0;0;0;0;0;0;0;0;0;0;0;3086;0;0;89;0;80;0;
15923;4874992;1002340352;18718720;1113055232;0;0;0;0;0;0;0;0;0;0;0;2074;0;0;89;0;80;0;
15924;3046974;1002340352;18718720;1113055232;0;0;0;0;0;0;0;0;0;0;0;2255;0;0;89;0;80;0;
15925;4912964;1002340352;18718720;1113055232;0;0;0;0;0;0;0;0;0;0;0;1914;0;0;89;0;80;0;
15926;3590874;1002340352;18718720;1113055232;0;0;0;0;0;0;0;0;0;0;0;2455;0;0;89;0;80;0;
15927;5127746;1002340352;18718720;1113055232;0;0;0;0;0;0;0;0;0;0;0;1914;0;0;89;0;80;0;
15928;2338115;1002340352;18718720;1113055232;0;0;0;0;0;0;0;0;0;0;0;2424;0;0;89;0;80;0;
15929;4949022;1002340352;18718720;1113055232;0;0;0;0;0;0;0;0;0;0;0;1914;0;0;89;0;80;0;
15930;3593639;1002340352;18718720;1113055232;0;0;0;0;0;0;0;0;0;0;0;2505;0;0;89;0;80;0;
15931;4517442;1002340352;18718720;1113055232;0;0;0;0;0;0;0;0;0;0;0;1893;0;0;89;0;80;0;
15932;3239275;1002340352;18718720;1113055232;0;0;0;0;0;0;0;0;0;0;0;2645;0;0;89;0;80;0;
15933;4477036;1002340352;18718720;1113055232;0;0;0;0;0;0;0;0;0;0;0;2084;0;0;89;0;80;0;
15934;3536172;1002340352;18718720;1113055232;0;0;0;0;0;0;0;0;0;0;0;2675;0;0;89;0;80;0;
15935;5641199;1002340352;18718720;1113055232;0;0;0;0;0;0;0;0;0;0;0;2124;0;0;89;0;80;0;
15936;2124735;1002340352;18718720;1113055232;0;0;0;0;0;0;0;0;0;0;0;2134;0;0;89;0;80;0;
15937;4213882;1002340352;18718720;1113055232;0;0;0;0;0;0;0;0;0;0;0;1654;0;0;89;0;80;0;
15938;1867221;1002340352;18718720;1113055232;0;0;0;0;0;0;0;0;0;0;0;2154;0;0;89;0;80;0;
15939;4495050;1002340352;18718720;1113055232;0;0;0;0;0;0;0;0;0;0;0;1583;0;0;89;0;80;0;
15940;3854739;1002340352;18718720;1113055232;0;0;0;0;0;0;0;0;0;0;0;2796;0;0;89;0;80;0;
15941;5462725;1002340352;18718720;1113055232;0;0;0;0;0;0;0;0;0;0;0;2104;0;0;89;0;80;0;
15942;3172970;1002340352;18718720;1113055232;0;0;0;0;0;0;0;0;0;0;0;2295;0;0;89;0;80;0;
15943;4770166;1002340352;18718720;1113055232;0;0;0;0;0;0;0;0;0;0;0;2044;0;0;89;0;80;0;
15944;4171193;1002340352;18718720;1113055232;0;0;0;0;0;0;0;0;0;0;0;2604;0;0;89;0;80;0;
15945;5291112;1002340352;18718720;1113055232;0;0;0;0;0;0;0;0;0;0;0;2284;0;0;89;0;80;0;
15946;2343124;1002340352;18718720;1113055232;0;0;0;0;0;0;0;0;0;0;0;2144;0;0;89;0;80;0;
15947;4998314;1002340352;18718720;1113055232;0;0;0;0;0;0;0;0;0;0;0;2234;0;0;89;0;80;0;
15948;3367716;1002340352;18718720;1113055232;0;0;0;0;0;0;0;0;0;0;0;2204;0;0;89;0;80;0;
15949;4659348;1002340352;18718720;1113055232;0;0;0;0;0;0;0;0;0;0;0;1753;0;0;89;0;80;0;
15950;3027999;1002340352;18718720;1113055232;0;0;0;0;0;0;0;0;0;0;0;2805;0;0;89;0;80;0;
15951;4837653;1002340352;18718720;1113055232;0;0;0;0;0;0;0;0;0;0;0;2435;0;0;89;0;80;0;
15952;5357978;1002340352;18718720;1113055232;0;0;0;0;0;0;0;0;0;0;0;2355;0;0;89;0;80;0;
15953;4371268;1002340352;18718720;1113055232;0;0;0;0;0;0;0;0;0;0;0;1423;0;0;89;0;80;0;
15954;3320037;1002340352;18718720;1113055232;0;0;0;0;0;0;0;0;0;0;0;3477;0;0;89;0;80;0;
15955;5743892;1002340352;18718720;1113055232;0;0;0;0;0;0;0;0;0;0;0;2845;0;0;89;0;80;0;
15956;4159511;1002340352;18718720;1113055232;0;0;0;0;0;0;0;0;0;0;0;3156;0;0;89;0;80;0;
15957;4361419;1002340352;18718720;1113055232;0;0;0;0;0;0;0;0;0;0;0;2224;0;0;89;0;80;0;
15958;3400658;1002340352;18718720;1113055232;0;0;0;0;0;0;0;0;0;0;0;2776;0;0;89;0;80;0;
15959;5126985;1002340352;18718720;1113055232;0;0;0;0;0;0;0;0;0;0;0;2725;0;0;89;0;80;0;
15960;3375711;1002340352;18718720;1113055232;0;0;0;0;0;0;0;0;0;0;0;2405;0;0;89;0;80;0;
15961;4598734;1002340352;18718720;1113055232;0;0;0;0;0;0;0;0;0;0;0;2124;0;0;89;0;80;0;
15962;5256688;1002340352;18718720;1113055232;0;0;0;0;0;0;0;0;0;0;0;2565;0;0;89;0;80;0;
15963;5570526;1002340352;18718720;1113055232;0;0;0;0;0;0;0;0;0;0;0;2324;0;0;89;0;80;0;
15964;4438213;1002340352;18718720;1113055232;0;0;0;0;0;0;0;0;0;0;0;2655;0;0;89;0;80;0;
15965;5339123;1002340352;18718720;1113055232;0;0;0;0;0;0;0;0;0;0;0;2385;0;0;89;0;80;0;
15966;3424262;1002340352;18718720;1113055232;0;0;0;0;0;0;0;0;0;0;0;2765;0;0;89;0;80;0;
15967;4814069;1002340352;18718720;1113055232;0;0;0;0;0;0;0;0;0;0;0;2435;0;0;89;0;80;0;
15968;4060144;1002340352;18718720;1113055232;0;0;0;0;0;0;0;0;0;0;0;2655;0;0;89;0;80;0;
15969;5578051;1002340352;18718720;1113055232;0;0;0;0;0;0;0;0;0;0;0;2114;0;0;89;0;80;0;
15970;3886349;1002340352;18718720;1113055232;0;0;0;0;0;0;0;0;0;0;0;3016;0;0;89;0;80;0;
15971;4852680;1002340352;18718720;1113055232;0;0;0;0;0;0;0;0;0;0;0;2705;0;0;89;0;80;0;
15972;3837416;1002340352;18718720;1113055232;0;0;0;0;0;0;0;0;0;0;0;2705;0;0;89;0;80;0;
15973;4804069;1002340352;18718720;1113055232;0;0;0;0;0;0;0;0;0;0;0;2424;0;0;89;0;80;0;
15974;7565168;1002340352;18718720;1113055232;0;0;0;0;0;0;0;0;0;0;0;4258;0;0;89;0;80;0;
15975;5467794;1002340352;18718720;1113055232;0;0;0;0;0;0;0;0;0;0;0;3667;0;0;89;0;80;0;
15976;7804176;1002340352;18718720;1113055232;0;0;0;0;0;0;0;0;0;0;0;4779;0;0;89;0;80;0;
15977;5838009;1002340352;18718720;1113055232;0;0;0;0;0;0;0;0;0;0;0;3687;0;0;89;0;80;0;
15978;6489029;1002340352;18718720;1113055232;0;0;0;0;0;0;0;0;0;0;0;4528;0;0;89;0;80;0;
15979;7019374;1002340352;18718720;1113055232;0;0;0;0;0;0;0;0;0;0;0;3997;0;0;89;0;80;0;
15980;7301533;1002340352;18718720;1113055232;0;0;0;0;0;0;0;0;0;0;0;4659;0;0;89;0;80;0;
15981;12993077;1002340352;18718720;1113055232;0;0;0;0;0;0;0;0;0;0;0;3737;0;0;89;0;80;0;
15982;7018032;1002340352;18718720;1113055232;0;0;0;0;0;0;0;0;0;0;0;4288;0;0;89;0;80;0;
15983;7647562;1002340352;18718720;1113055232;0;0;0;0;0;0;0;0;0;0;0;4008;0;0;89;0;80;0;
15984;7318725;1002340352;18718720;1113055232;0;0;0;0;0;0;0;0;0;0;0;7444;0;0;89;0;80;0;
15985;8770929;1002340352;18718720;1113055232;0;0;0;0;0;0;0;0;0;0;0;3838;0;0;89;0;80;0;
15986;5969354;1002340352;18718720;1113055232;0;0;0;0;0;0;0;0;0;0;0;4499;0;0;89;0;80;0;
15987;8506422;1002340352;18718720;1113055232;0;0;0;0;0;0;0;0;0;0;0;4909;0;0;89;0;80;0;
15988;7668812;1002340352;18718720;1113055232;0;0;0;0;0;0;0;0;0;0;0;4268;0;0;89;0;80;0;
15989;7060331;1002340352;18718720;1113055232;0;0;0;0;0;0;0;0;0;0;0;3637;0;0;89;0;80;0;
15990;6626708;1002340352;18718720;1113055232;0;0;0;0;0;0;0;0;0;0;0;4288;0;0;89;0;80;0;
15991;6909849;1002340352;18718720;1113055232;0;0;0;0;0;0;0;0;0;0;0;3125;0;0;89;0;80;0;
15992;5872223;1002340352;18718720;1113055232;0;0;0;0;0;0;0;0;0;0;0;4588;0;0;89;0;80;0;
15993;5787524;1002340352;18718720;1113055232;0;0;0;0;0;0;0;0;0;0;0;3276;0;0;89;0;80;0;
15994;6801846;1002340352;18718720;1113055232;0;0;0;0;0;0;0;0;0;0;0;4279;0;0;89;0;80;0;
15995;5533998;1002340352;18718720;1113055232;0;0;0;0;0;0;0;0;0;0;0;3516;0;0;89;0;80;0;
15996;6554983;1002340352;18718720;1113055232;0;0;0;0;0;0;0;0;0;0;0;3918;0;0;89;0;80;0;
15997;7084246;1002340352;18718720;1113055232;0;0;0;0;0;0;0;0;0;0;0;3546;0;0;89;0;80;0;
15998;6108756;1002340352;18718720;1113055232;0;0;0;0;0;0;0;0;0;0;0;3887;0;0;89;0;80;0;
15999;5846194;1002340352;18718720;1113055232;0;0;0;0;0;0;0;0;0;0;0;3116;0;0;89;0;80;0;
16000;8812798;1002340352;18718720;1113055232;0;0;0;0;0;0;0;0;0;0;0;6933;0;0;89;0;80;0;
16001;5790600;1002340352;18718720;1113055232;0;0;0;0;0;0;0;0;0;0;0;3907;0;0;89;0;80;0;
16002;8478270;1002340352;18718720;1113055232;0;0;0;0;0;0;0;0;0;0;0;4428;0;0;89;0;80;0;
16003;5506006;1002340352;18718720;1113055232;0;0;0;0;0;0;0;0;0;0;0;3547;0;0;89;0;80;0;
16004;6283744;1002340352;18718720;1113055232;0;0;0;0;0;0;0;0;0;0;0;4439;0;0;89;0;80;0;
16005;5265945;1002340352;18718720;1113055232;0;0;0;0;0;0;0;0;0;0;0;2966;0;0;89;0;80;0;
16006;6617310;1002340352;18718720;1113055232;0;0;0;0;0;0;0;0;0;0;0;4820;0;0;89;0;80;0;
16007;5999191;1002340352;18718720;1113055232;0;0;0;0;0;0;0;0;0;0;0;3436;0;0;89;0;80;0;
16008;5938056;1002340352;18718720;1113055232;0;0;0;0;0;0;0;0;0;0;0;3226;0;0;89;0;80;0;
16009;5844221;1002340352;18718720;1113055232;0;0;0;0;0;0;0;0;0;0;0;3327;0;0;89;0;80;0;
16010;6402597;1002340352;18718720;1113055232;0;0;0;0;0;0;0;0;0;0;0;4048;0;0;89;0;80;0;
16011;7063206;1002340352;18718720;1113055232;0;0;0;0;0;0;0;0;0;0;0;3126;0;0;89;0;80;0;
16012;5614238;1002340352;18718720;1113055232;0;0;0;0;0;0;0;0;0;0;0;3707;0;0;89;0;80;0;
16013;6699304;1002340352;18718720;1113055232;0;0;0;0;0;0;0;0;0;0;0;4027;0;0;89;0;80;0;
16014;5537775;1002340352;18718720;1113055232;0;0;0;0;0;0;0;0;0;0;0;4548;0;0;89;0;80;0;
16015;8171565;1002340352;18718720;1113055232;0;0;0;0;0;0;0;0;0;0;0;4358;0;0;89;0;80;0;
16016;3813001;1002340352;18718720;1113055232;0;0;0;0;0;0;0;0;0;0;0;2956;0;0;89;0;80;0;
16017;7012942;1002340352;18718720;1113055232;0;0;0;0;0;0;0;0;0;0;0;4579;0;0;89;0;80;0;
16018;6533603;1002340352;18718720;1113055232;0;0;0;0;0;0;0;0;0;0;0;6332;0;0;89;0;80;0;
16019;7595935;1002340352;18718720;1113055232;0;0;0;0;0;0;0;0;0;0;0;5941;0;0;89;0;80;0;
16020;5986016;1002340352;18718720;1113055232;0;0;0;0;0;0;0;0;0;0;0;5801;0;0;89;0;80;0;
16021;6759777;1002340352;18718720;1113055232;0;0;0;0;0;0;0;0;0;0;0;4138;0;0;89;0;80;0;
16022;3944137;1002340352;18718720;1113055232;0;0;0;0;0;0;0;0;0;0;0;4018;0;0;89;0;80;0;
16023;6986462;1002340352;18718720;1113055232;0;0;0;0;0;0;0;0;0;0;0;136185;0;0;89;0;80;0;
16024;5202216;1002340352;18718720;1113055232;0;0;0;0;0;0;0;0;0;0;0;4258;0;0;89;0;80;0;
16025;5061893;1002340352;18718720;1113055232;0;0;0;0;0;0;0;0;0;0;0;4288;0;0;89;0;80;0;
16026;5608708;1002340352;18718720;1113055232;0;0;0;0;0;0;0;0;0;0;0;3076;0;0;89;0;80;0;
16027;6346512;1002340352;18718720;1113055232;0;0;0;0;0;0;0;0;0;0;0;2875;0;0;89;0;80;0;
16028;5312894;1002340352;18718720;1113055232;0;0;0;0;0;0;0;0;0;0;0;3556;0;0;89;0;80;0;
16029;4874842;1002340352;18718720;1113055232;0;0;0;0;0;0;0;0;0;0;0;3487;0;0;89;0;80;0;
16030;3948264;1002340352;18718720;1113055232;0;0;0;0;0;0;0;0;0;0;0;3757;0;0;89;0;80;0;
16031;5809355;1002340352;18718720;1113055232;0;0;0;0;0;0;0;0;0;0;0;2584;0;0;89;0;80;0;
16032;5563864;1002340352;18718720;1113055232;0;0;0;0;0;0;0;0;0;0;0;4528;0;0;89;0;80;0;
16033;5279291;1002340352;18718720;1113055232;0;0;0;0;0;0;0;0;0;0;0;2705;0;0;89;0;80;0;
16034;4850566;1002340352;18718720;1113055232;0;0;0;0;0;0;0;0;0;0;0;3767;0;0;89;0;80;0;
16035;5916946;1002340352;18718720;1113055232;0;0;0;0;0;0;0;0;0;0;0;2766;0;0;89;0;80;0;
16036;5967852;1002340352;18718720;1113055232;0;0;0;0;0;0;0;0;0;0;0;3397;0;0;89;0;80;0;
16037;4890522;1002340352;18718720;1113055232;0;0;0;0;0;0;0;0;0;0;0;2424;0;0;89;0;80;0;
16038;6458683;1002340352;18718720;1113055232;0;0;0;0;0;0;0;0;0;0;0;3606;0;0;89;0;80;0;
16039;4908715;1002340352;18718720;1113055232;0;0;0;0;0;0;0;0;0;0;0;2805;0;0;89;0;80;0;
16040;6614985;1002340352;18718720;1113055232;0;0;0;0;0;0;0;0;0;0;0;5460;0;0;89;0;80;0;
16041;7389949;1002340352;18718720;1113055232;0;0;0;0;0;0;0;0;0;0;0;5130;0;0;89;0;80;0;
16042;6198144;1002340352;18718720;1113055232;0;0;0;0;0;0;0;0;0;0;0;5881;0;0;89;0;80;0;
16043;8423817;1002340352;18718720;1113055232;0;0;0;0;0;0;0;0;0;0;0;5621;0;0;89;0;80;0;
16044;6292841;1002340352;18718720;1113055232;0;0;0;0;0;0;0;0;0;0;0;4228;0;0;89;0;80;0;
16045;7273360;1002340352;18718720;1113055232;0;0;0;0;0;0;0;0;0;0;0;3817;0;0;89;0;80;0;
16046;5804646;1002340352;18718720;1113055232;0;0;0;0;0;0;0;0;0;0;0;4629;0;0;89;0;80;0;
16047;6143411;1002340352;18718720;1113055232;0;0;0;0;0;0;0;0;0;0;0;3757;0;0;89;0;80;0;
16048;6298231;1002340352;18718720;1113055232;0;0;0;0;0;0;0;0;0;0;0;4298;0;0;89;0;80;0;
16049;6987655;1002340352;18718720;1113055232;0;0;0;0;0;0;0;0;0;0;0;3326;0;0;89;0;80;0;
16050;4936839;1002340352;18718720;1113055232;0;0;0;0;0;0;0;0;0;0;0;3376;0;0;89;0;80;0;
16051;5889555;1002340352;18718720;1113055232;0;0;0;0;0;0;0;0;0;0;0;3236;0;0;89;0;80;0;
16052;4567926;1002340352;18718720;1113055232;0;0;0;0;0;0;0;0;0;0;0;3567;0;0;89;0;80;0;
16053;5106617;1002340352;18718720;1113055232;0;0;0;0;0;0;0;0;0;0;0;2334;0;0;89;0;80;0;
16054;5143857;1002340352;18718720;1113055232;0;0;0;0;0;0;0;0;0;0;0;3426;0;0;89;0;80;0;
16055;6131108;1002340352;18718720;1113055232;0;0;0;0;0;0;0;0;0;0;0;3446;0;0;89;0;80;0;
16056;4490051;1002340352;18718720;1113055232;0;0;0;0;0;0;0;0;0;0;0;5320;0;0;89;0;80;0;
16057;6053884;1002340352;18718720;1113055232;0;0;0;0;0;0;0;0;0;0;0;4839;0;0;89;0;80;0;
16058;4638769;1002340352;18718720;1113055232;0;0;0;0;0;0;0;0;0;0;0;4187;0;0;89;0;80;0;
16059;5225860;1002340352;18718720;1113055232;0;0;0;0;0;0;0;0;0;0;0;3096;0;0;89;0;80;0;
16060;4582665;1002340352;18718720;1113055232;0;0;0;0;0;0;0;0;0;0;0;4398;0;0;89;0;80;0;
16061;5532756;1002340352;18718720;1113055232;0;0;0;0;0;0;0;0;0;0;0;2856;0;0;89;0;80;0;
16062;3988680;1002340352;18718720;1113055232;0;0;0;0;0;0;0;0;0;0;0;4268;0;0;89;0;80;0;
16063;5116215;1002340352;18718720;1113055232;0;0;0;0;0;0;0;0;0;0;0;3276;0;0;89;0;80;0;
16064;5040092;1002340352;18718720;1113055232;0;0;0;0;0;0;0;0;0;0;0;2665;0;0;89;0;80;0;
16065;4844044;1002340352;18718720;1113055232;0;0;0;0;0;0;0;0;0;0;0;2425;0;0;89;0;80;0;
16066;4060104;1002340352;18718720;1113055232;0;0;0;0;0;0;0;0;0;0;0;2916;0;0;89;0;80;0;
16067;5219658;1002340352;18718720;1113055232;0;0;0;0;0;0;0;0;0;0;0;2705;0;0;89;0;80;0;
16068;4414609;1002340352;18718720;1113055232;0;0;0;0;0;0;0;0;0;0;0;3005;0;0;89;0;80;0;
16069;4674015;1002340352;18718720;1113055232;0;0;0;0;0;0;0;0;0;0;0;2845;0;0;89;0;80;0;
16070;4198674;1002340352;18718720;1113055232;0;0;0;0;0;0;0;0;0;0;0;3436;0;0;89;0;80;0;
16071;5783837;1002340352;18718720;1113055232;0;0;0;0;0;0;0;0;0;0;0;2414;0;0;89;0;80;0;
16072;4023055;1002340352;18718720;1113055232;0;0;0;0;0;0;0;0;0;0;0;3266;0;0;89;0;80;0;
16073;5004045;1002340352;18718720;1113055232;0;0;0;0;0;0;0;0;0;0;0;2414;0;0;89;0;80;0;
16074;3625188;1002340352;18718720;1113055232;0;0;0;0;0;0;0;0;0;0;0;2435;0;0;89;0;80;0;
16075;5420326;1002340352;18718720;1113055232;0;0;0;0;0;0;0;0;0;0;0;2445;0;0;89;0;80;0;
16076;3295921;1002340352;18718720;1113055232;0;0;0;0;0;0;0;0;0;0;0;137248;0;0;89;0;80;0;
16077;4635824;1002340352;18718720;1113055232;0;0;0;0;0;0;0;0;0;0;0;1974;0;0;89;0;80;0;
16078;3820003;1002340352;18718720;1113055232;0;0;0;0;0;0;0;0;0;0;0;3065;0;0;89;0;80;0;
16079;5165548;1002340352;18718720;1113055232;0;0;0;0;0;0;0;0;0;0;0;2284;0;0;89;0;80;0;
16080;3702975;1002340352;18718720;1113055232;0;0;0;0;0;0;0;0;0;0;0;2515;0;0;89;0;80;0;
16081;5249054;1002340352;18718720;1113055232;0;0;0;0;0;0;0;0;0;0;0;2464;0;0;89;0;80;0;
16082;4689335;1002340352;18718720;1113055232;0;0;0;0;0;0;0;0;0;0;0;8817;0;0;89;0;80;0;
16083;4919316;1002340352;18718720;1113055232;0;0;0;0;0;0;0;0;0;0;0;2785;0;0;89;0;80;0;
16084;3602316;1002340352;18718720;1113055232;0;0;0;0;0;0;0;0;0;0;0;2905;0;0;89;0;80;0;
16085;5727291;1002340352;18718720;1113055232;0;0;0;0;0;0;0;0;0;0;0;2705;0;0;89;0;80;0;
16086;6213443;1002340352;18718720;1113055232;0;0;0;0;0;0;0;0;0;0;0;3476;0;0;89;0;80;0;
16087;4989017;1002340352;18718720;1113055232;0;0;0;0;0;0;0;0;0;0;0;2374;0;0;89;0;80;0;
16088;4359366;1002340352;18718720;1113055232;0;0;0;0;0;0;0;0;0;0;0;2685;0;0;89;0;80;0;
16089;4913835;1002340352;18718720;1113055232;0;0;0;0;0;0;0;0;0;0;0;2374;0;0;89;0;80;0;
16090;2887906;1002340352;18718720;1113055232;0;0;0;0;0;0;0;0;0;0;0;3076;0;0;89;0;80;0;
16091;4673084;1002340352;18718720;1113055232;0;0;0;0;0;0;0;0;0;0;0;2534;0;0;89;0;80;0;
16092;3396540;1002340352;18718720;1113055232;0;0;0;0;0;0;0;0;0;0;0;2575;0;0;89;0;80;0;
16093;4679195;1002340352;18718720;1113055232;0;0;0;0;0;0;0;0;0;0;0;1984;0;0;89;0;80;0;
16094;3705770;1002340352;18718720;1113055232;0;0;0;0;0;0;0;0;0;0;0;3016;0;0;89;0;80;0;
16095;4717316;1002340352;18718720;1113055232;0;0;0;0;0;0;0;0;0;0;0;2345;0;0;89;0;80;0;
16096;4766369;1002340352;18718720;1113055232;0;0;0;0;0;0;0;0;0;0;0;3135;0;0;89;0;80;0;
16097;4473640;1002340352;18718720;1113055232;0;0;0;0;0;0;0;0;0;0;0;1864;0;0;89;0;80;0;
16098;3942594;1002340352;18718720;1113055232;0;0;0;0;0;0;0;0;0;0;0;2715;0;0;89;0;80;0;
16099;5293097;1002340352;18718720;1113055232;0;0;0;0;0;0;0;0;0;0;0;2445;0;0;89;0;80;0;
16100;5039801;1002340352;18718720;1113055232;0;0;0;0;0;0;0;0;0;0;0;3206;0;0;89;0;80;0;
16101;4576373;1002340352;18718720;1113055232;0;0;0;0;0;0;0;0;0;0;0;2274;0;0;89;0;80;0;
16102;5099203;1002340352;18718720;1113055232;0;0;0;0;0;0;0;0;0;0;0;2675;0;0;89;0;80;0;
16103;5333402;1002340352;18718720;1113055232;0;0;0;0;0;0;0;0;0;0;0;2104;0;0;89;0;80;0;
16104;4980530;1002340352;18718720;1113055232;0;0;0;0;0;0;0;0;0;0;0;2865;0;0;89;0;80;0;
16105;4867077;1002340352;18718720;1113055232;0;0;0;0;0;0;0;0;0;0;0;2335;0;0;89;0;80;0;
16106;4615126;1002340352;18718720;1113055232;0;0;0;0;0;0;0;0;0;0;0;2455;0;0;89;0;80;0;
16107;6551095;1002340352;18718720;1113055232;0;0;0;0;0;0;0;0;0;0;0;2966;0;0;89;0;80;0;
16108;5682577;1002340352;18718720;1113055232;0;0;0;0;0;0;0;0;0;0;0;3066;0;0;89;0;80;0;
16109;5490957;1002340352;18718720;1113055232;0;0;0;0;0;0;0;0;0;0;0;2354;0;0;89;0;80;0;
16110;4802026;1002340352;18718720;1113055232;0;0;0;0;0;0;0;0;0;0;0;3356;0;0;89;0;80;0;
16111;4560433;1002340352;18718720;1113055232;0;0;0;0;0;0;0;0;0;0;0;2585;0;0;89;0;80;0;
16112;3936131;1002340352;18718720;1113055232;0;0;0;0;0;0;0;0;0;0;0;2766;0;0;89;0;80;0;
16113;4986171;1002340352;18718720;1113055232;0;0;0;0;0;0;0;0;0;0;0;2474;0;0;89;0;80;0;
16114;5348560;1002340352;18718720;1113055232;0;0;0;0;0;0;0;0;0;0;0;2355;0;0;89;0;80;0;
16115;5026858;1002340352;18718720;1113055232;0;0;0;0;0;0;0;0;0;0;0;1824;0;0;89;0;80;0;
16116;4343796;1002340352;18718720;1113055232;0;0;0;0;0;0;0;0;0;0;0;2525;0;0;89;0;80;0;
16117;5760142;1002340352;18718720;1113055232;0;0;0;0;0;0;0;0;0;0;0;2114;0;0;89;0;80;0;
16118;4398409;1002340352;18718720;1113055232;0;0;0;0;0;0;0;0;0;0;0;3246;0;0;89;0;80;0;
16119;4469272;1002340352;18718720;1113055232;0;0;0;0;0;0;0;0;0;0;0;2444;0;0;89;0;80;0;
16120;4132040;1002340352;18718720;1113055232;0;0;0;0;0;0;0;0;0;0;0;2975;0;0;89;0;80;0;
16121;6224814;1002340352;18718720;1113055232;0;0;0;0;0;0;0;0;0;0;0;3085;0;0;89;0;80;0;
16122;4301517;1002340352;18718720;1113055232;0;0;0;0;0;0;0;0;0;0;0;3085;0;0;89;0;80;0;
16123;5648904;1002340352;18718720;1113055232;0;0;0;0;0;0;0;0;0;0;0;2725;0;0;89;0;80;0;
16124;4487085;1002340352;18718720;1113055232;0;0;0;0;0;0;0;0;0;0;0;3106;0;0;89;0;80;0;
16125;5866722;1002340352;18718720;1113055232;0;0;0;0;0;0;0;0;0;0;0;2334;0;0;89;0;80;0;
16126;4150694;1002340352;18718720;1113055232;0;0;0;0;0;0;0;0;0;0;0;2454;0;0;89;0;80;0;
16127;6899008;1002340352;18718720;1113055232;0;0;0;0;0;0;0;0;0;0;0;2004;0;0;89;0;80;0;
16128;3987979;1002340352;18718720;1113055232;0;0;0;0;0;0;0;0;0;0;0;2384;0;0;89;0;80;0;
16129;5642281;1002340352;18718720;1113055232;0;0;0;0;0;0;0;0;0;0;0;2054;0;0;89;0;80;0;
16130;6202703;1002340352;18718720;1113055232;0;0;0;0;0;0;0;0;0;0;0;3386;0;0;89;0;80;0;
16131;6006905;1002340352;18718720;1113055232;0;0;0;0;0;0;0;0;0;0;0;2585;0;0;89;0;80;0;
16132;4567626;1002340352;18718720;1113055232;0;0;0;0;0;0;0;0;0;0;0;2695;0;0;89;0;80;0;
16133;6066907;1002340352;18718720;1113055232;0;0;0;0;0;0;0;0;0;0;0;2455;0;0;89;0;80;0;
16134;5583871;1002340352;18718720;1113055232;0;0;0;0;0;0;0;0;0;0;0;2826;0;0;89;0;80;0;
16135;4541357;1002340352;18718720;1113055232;0;0;0;0;0;0;0;0;0;0;0;2775;0;0;89;0;80;0;
16136;5215521;1002340352;18718720;1113055232;0;0;0;0;0;0;0;0;0;0;0;2725;0;0;89;0;80;0;
16137;5587779;1002340352;18718720;1113055232;0;0;0;0;0;0;0;0;0;0;0;2174;0;0;89;0;80;0;
16138;3153915;1002340352;18718720;1113055232;0;0;0;0;0;0;0;0;0;0;0;2795;0;0;89;0;80;0;
16139;5614028;1002340352;18718720;1113055232;0;0;0;0;0;0;0;0;0;0;0;2494;0;0;89;0;80;0;
16140;4652205;1002340352;18718720;1113055232;0;0;0;0;0;0;0;0;0;0;0;2495;0;0;89;0;80;0;
16141;5706572;1002340352;18718720;1113055232;0;0;0;0;0;0;0;0;0;0;0;1894;0;0;89;0;80;0;
16142;5040333;1002340352;18718720;1113055232;0;0;0;0;0;0;0;0;0;0;0;4408;0;0;89;0;80;0;
16143;4763523;1002340352;18718720;1113055232;0;0;0;0;0;0;0;0;0;0;0;2776;0;0;89;0;80;0;
16144;4706827;1002340352;18718720;1113055232;0;0;0;0;0;0;0;0;0;0;0;3216;0;0;89;0;80;0;
16145;5835684;1002340352;18718720;1113055232;0;0;0;0;0;0;0;0;0;0;0;3056;0;0;89;0;80;0;
16146;4064202;1002340352;18718720;1113055232;0;0;0;0;0;0;0;0;0;0;0;3577;0;0;89;0;80;0;
16147;5882972;1002340352;18718720;1113055232;0;0;0;0;0;0;0;0;0;0;0;3787;0;0;89;0;80;0;
16148;5183632;1002340352;18718720;1113055232;0;0;0;0;0;0;0;0;0;0;0;3837;0;0;89;0;80;0;
16149;5588390;1002340352;18718720;1113055232;0;0;0;0;0;0;0;0;0;0;0;3867;0;0;89;0;80;0;
16150;4101693;1002340352;18718720;1113055232;0;0;0;0;0;0;0;0;0;0;0;4058;0;0;89;0;80;0;
16151;5347950;1002340352;18718720;1113055232;0;0;0;0;0;0;0;0;0;0;0;4067;0;0;89;0;80;0;
16152;6380716;1002340352;18718720;1113055232;0;0;0;0;0;0;0;0;0;0;0;4118;0;0;89;0;80;0;
16153;7095837;1002340352;18718720;1113055232;0;0;0;0;0;0;0;0;0;0;0;4168;0;0;89;0;80;0;
16154;5763309;1002340352;18718720;1113055232;0;0;0;0;0;0;0;0;0;0;0;5650;0;0;89;0;80;0;
16155;6648759;1002340352;18718720;1113055232;0;0;0;0;0;0;0;0;0;0;0;2945;0;0;89;0;80;0;
16156;4891443;1002340352;18718720;1113055232;0;0;0;0;0;0;0;0;0;0;0;4819;0;0;89;0;80;0;
16157;5028630;1002340352;18718720;1113055232;0;0;0;0;0;0;0;0;0;0;0;3045;0;0;89;0;80;0;
16158;5403474;1002340352;18718720;1113055232;0;0;0;0;0;0;0;0;0;0;0;4198;0;0;89;0;80;0;
16159;5867083;1002340352;18718720;1113055232;0;0;0;0;0;0;0;0;0;0;0;2635;0;0;89;0;80;0;
16160;4568518;1002340352;18718720;1113055232;0;0;0;0;0;0;0;0;0;0;0;3366;0;0;89;0;80;0;
16161;5006810;1002340352;18718720;1113055232;0;0;0;0;0;0;0;0;0;0;0;2825;0;0;89;0;80;0;
16162;15924164;1002340352;18718720;1113055232;0;0;0;0;0;0;0;0;0;0;0;4508;0;0;89;0;80;0;
16163;7603349;1002340352;18718720;1113055232;0;0;0;0;0;0;0;0;0;0;0;4418;0;0;89;0;80;0;
16164;6029076;1002340352;18718720;1113055232;0;0;0;0;0;0;0;0;0;0;0;3797;0;0;89;0;80;0;
16165;5798885;1002340352;18718720;1113055232;0;0;0;0;0;0;0;0;0;0;0;2795;0;0;89;0;80;0;
16166;5544377;1002340352;18718720;1113055232;0;0;0;0;0;0;0;0;0;0;0;3697;0;0;89;0;80;0;
16167;6440268;1002340352;18718720;1113055232;0;0;0;0;0;0;0;0;0;0;0;2685;0;0;89;0;80;0;
16168;6343707;1002340352;18718720;1113055232;0;0;0;0;0;0;0;0;0;0;0;3987;0;0;89;0;80;0;
16169;6526851;1002340352;18718720;1113055232;0;0;0;0;0;0;0;0;0;0;0;4989;0;0;89;0;80;0;
16170;4492365;1002340352;18718720;1113055232;0;0;0;0;0;0;0;0;0;0;0;3938;0;0;89;0;80;0;
16171;6607432;1002340352;18718720;1113055232;0;0;0;0;0;0;0;0;0;0;0;3647;0;0;89;0;80;0;
16172;5533667;1002340352;18718720;1113055232;0;0;0;0;0;0;0;0;0;0;0;3667;0;0;89;0;80;0;
16173;6049335;1002340352;18718720;1113055232;0;0;0;0;0;0;0;0;0;0;0;3546;0;0;89;0;80;0;
16174;5455521;1002340352;18718720;1113055232;0;0;0;0;0;0;0;0;0;0;0;4128;0;0;89;0;80;0;
16175;5521165;1002340352;18718720;1113055232;0;0;0;0;0;0;0;0;0;0;0;4037;0;0;89;0;80;0;
16176;4619393;1002340352;18718720;1113055232;0;0;0;0;0;0;0;0;0;0;0;3496;0;0;89;0;80;0;
16177;6032373;1002340352;18718720;1113055232;0;0;0;0;0;0;0;0;0;0;0;3406;0;0;89;0;80;0;
16178;4504628;1002340352;18718720;1113055232;0;0;0;0;0;0;0;0;0;0;0;3637;0;0;89;0;80;0;
16179;5900786;1002340352;18718720;1113055232;0;0;0;0;0;0;0;0;0;0;0;4157;0;0;89;0;80;0;
16180;4682391;1002340352;18718720;1113055232;0;0;0;0;0;0;0;0;0;0;0;4088;0;0;89;0;80;0;
16181;4919707;1002340352;18718720;1113055232;0;0;0;0;0;0;0;0;0;0;0;2745;0;0;89;0;80;0;
16182;3359891;1002340352;18718720;1113055232;0;0;0;0;0;0;0;0;0;0;0;3366;0;0;89;0;80;0;
16183;4815331;1002340352;18718720;1113055232;0;0;0;0;0;0;0;0;0;0;0;3567;0;0;89;0;80;0;
16184;4163718;1002340352;18718720;1113055232;0;0;0;0;0;0;0;0;0;0;0;2996;0;0;89;0;80;0;
16185;4964160;1002340352;18718720;1113055232;0;0;0;0;0;0;0;0;0;0;0;2826;0;0;89;0;80;0;
16186;3539418;1002340352;18718720;1113055232;0;0;0;0;0;0;0;0;0;0;0;3357;0;0;89;0;80;0;
16187;5563514;1002340352;18718720;1113055232;0;0;0;0;0;0;0;0;0;0;0;3085;0;0;89;0;80;0;
16188;4457009;1002340352;18718720;1113055232;0;0;0;0;0;0;0;0;0;0;0;3216;0;0;89;0;80;0;
16189;4898206;1002340352;18718720;1113055232;0;0;0;0;0;0;0;0;0;0;0;2345;0;0;89;0;80;0;
16190;3528036;1002340352;18718720;1113055232;0;0;0;0;0;0;0;0;0;0;0;4308;0;0;89;0;80;0;
16191;4732735;1002340352;18718720;1113055232;0;0;0;0;0;0;0;0;0;0;0;2706;0;0;89;0;80;0;
16192;4984047;1002340352;18718720;1113055232;0;0;0;0;0;0;0;0;0;0;0;3516;0;0;89;0;80;0;
16193;4971825;1002340352;18718720;1113055232;0;0;0;0;0;0;0;0;0;0;0;2424;0;0;89;0;80;0;
16194;4819809;1002340352;18718720;1113055232;0;0;0;0;0;0;0;0;0;0;0;3377;0;0;89;0;80;0;
16195;8361150;1002340352;18718720;1113055232;0;0;0;0;0;0;0;0;0;0;0;3827;0;0;89;0;80;0;
16196;4873410;1002340352;18718720;1113055232;0;0;0;0;0;0;0;0;0;0;0;3597;0;0;89;0;80;0;
16197;5316751;1002340352;18718720;1113055232;0;0;0;0;0;0;0;0;0;0;0;2384;0;0;89;0;80;0;
16198;4962627;1002340352;18718720;1113055232;0;0;0;0;0;0;0;0;0;0;0;3606;0;0;89;0;80;0;
16199;5335386;1002340352;18718720;1113055232;0;0;0;0;0;0;0;0;0;0;0;2255;0;0;89;0;80;0;
16200;6402357;1002340352;18718720;1113055232;0;0;0;0;0;0;0;0;0;0;0;4648;0;0;89;0;80;0;
16201;5101317;1002340352;18718720;1113055232;0;0;0;0;0;0;0;0;0;0;0;45696;0;0;89;0;80;0;
16202;4070203;1002340352;18718720;1113055232;0;0;0;0;0;0;0;0;0;0;0;3747;0;0;89;0;80;0;
16203;6466457;1002340352;18718720;1113055232;0;0;0;0;0;0;0;0;0;0;0;4248;0;0;89;0;80;0;
16204;5064287;1002340352;18718720;1113055232;0;0;0;0;0;0;0;0;0;0;0;45345;0;0;89;0;80;0;
16205;6405864;1002340352;18718720;1113055232;0;0;0;0;0;0;0;0;0;0;0;3537;0;0;89;0;80;0;
16206;4799060;1002340352;18718720;1113055232;0;0;0;0;0;0;0;0;0;0;0;3827;0;0;89;0;80;0;
16207;6352193;1002340352;18718720;1113055232;0;0;0;0;0;0;0;0;0;0;0;3516;0;0;89;0;80;0;
16208;4308630;1002340352;18718720;1113055232;0;0;0;0;0;0;0;0;0;0;0;4188;0;0;89;0;80;0;
16209;6566976;1002340352;18718720;1113055232;0;0;0;0;0;0;0;0;0;0;0;4128;0;0;89;0;80;0;
16210;5128478;1002340352;18718720;1113055232;0;0;0;0;0;0;0;0;0;0;0;4719;0;0;89;0;80;0;
16211;5582840;1002340352;18718720;1113055232;0;0;0;0;0;0;0;0;0;0;0;3797;0;0;89;0;80;0;
16212;5511767;1002340352;18718720;1113055232;0;0;0;0;0;0;0;0;0;0;0;4789;0;0;89;0;80;0;
16213;6267373;1002340352;18718720;1113055232;0;0;0;0;0;0;0;0;0;0;0;4127;0;0;89;0;80;0;
16214;6765238;1002340352;18718720;1113055232;0;0;0;0;0;0;0;0;0;0;0;4118;0;0;89;0;80;0;
16215;6389202;1002340352;18718720;1113055232;0;0;0;0;0;0;0;0;0;0;0;3416;0;0;89;0;80;0;
16216;6150715;1002340352;18718720;1113055232;0;0;0;0;0;0;0;0;0;0;0;3747;0;0;89;0;80;0;
16217;6726986;1002340352;18718720;1113055232;0;0;0;0;0;0;0;0;0;0;0;3687;0;0;89;0;80;0;
16218;6228661;1002340352;18718720;1113055232;0;0;0;0;0;0;0;0;0;0;0;42520;0;0;89;0;80;0;
16219;6101643;1002340352;18718720;1113055232;0;0;0;0;0;0;0;0;0;0;0;3757;0;0;89;0;80;0;
16220;4865645;1002340352;18718720;1113055232;0;0;0;0;0;0;0;0;0;0;0;3666;0;0;89;0;80;0;
16221;6400474;1002340352;18718720;1113055232;0;0;0;0;0;0;0;0;0;0;0;4930;0;0;89;0;80;0;
16222;3516324;1002340352;18718720;1113055232;0;0;0;0;0;0;0;0;0;0;0;4198;0;0;89;0;80;0;
16223;5040763;1002340352;18718720;1113055232;0;0;0;0;0;0;0;0;0;0;0;2225;0;0;89;0;80;0;
16224;4488839;1002340352;18718720;1113055232;0;0;0;0;0;0;0;0;0;0;0;2745;0;0;89;0;80;0;
16225;5504102;1002340352;18718720;1113055232;0;0;0;0;0;0;0;0;0;0;0;1964;0;0;89;0;80;0;
16226;4364295;1002340352;18718720;1113055232;0;0;0;0;0;0;0;0;0;0;0;3727;0;0;89;0;80;0;
16227;5279491;1002340352;18718720;1113055232;0;0;0;0;0;0;0;0;0;0;0;3166;0;0;89;0;80;0;
16228;4991381;1002340352;18718720;1113055232;0;0;0;0;0;0;0;0;0;0;0;3657;0;0;89;0;80;0;
16229;5420476;1002340352;18718720;1113055232;0;0;0;0;0;0;0;0;0;0;0;2695;0;0;89;0;80;0;
16230;4491583;1002340352;18718720;1113055232;0;0;0;0;0;0;0;0;0;0;0;3095;0;0;89;0;80;0;
16231;6440308;1002340352;18718720;1113055232;0;0;0;0;0;0;0;0;0;0;0;2665;0;0;89;0;80;0;
16232;5636410;1002340352;18718720;1113055232;0;0;0;0;0;0;0;0;0;0;0;5200;0;0;89;0;80;0;
16233;5952273;1002340352;18718720;1113055232;0;0;0;0;0;0;0;0;0;0;0;2134;0;0;89;0;80;0;
16234;4796095;1002340352;18718720;1113055232;0;0;0;0;0;0;0;0;0;0;0;3156;0;0;89;0;80;0;
16235;5704107;1002340352;18718720;1113055232;0;0;0;0;0;0;0;0;0;0;0;2745;0;0;89;0;80;0;
16236;5988851;1002340352;18718720;1113055232;0;0;0;0;0;0;0;0;0;0;0;3066;0;0;89;0;80;0;
16237;6690137;1002340352;18718720;1113055232;0;0;0;0;0;0;0;0;0;0;0;3817;0;0;89;0;80;0;
16238;4095971;1002340352;18718720;1113055232;0;0;0;0;0;0;0;0;0;0;0;3367;0;0;89;0;80;0;
16239;5546342;1002340352;18718720;1113055232;0;0;0;0;0;0;0;0;0;0;0;3056;0;0;89;0;80;0;
16240;4261522;1002340352;18718720;1113055232;0;0;0;0;0;0;0;0;0;0;0;3296;0;0;89;0;80;0;
16241;5339293;1002340352;18718720;1113055232;0;0;0;0;0;0;0;0;0;0;0;3807;0;0;89;0;80;0;
16242;4447120;1002340352;18718720;1113055232;0;0;0;0;0;0;0;0;0;0;0;4258;0;0;89;0;80;0;
16243;5280253;1002340352;18718720;1113055232;0;0;0;0;0;0;0;0;0;0;0;2805;0;0;89;0;80;0;
16244;5908681;1002340352;18718720;1113055232;0;0;0;0;0;0;0;0;0;0;0;4198;0;0;89;0;80;0;
16245;4441740;1002340352;18718720;1113055232;0;0;0;0;0;0;0;0;0;0;0;2144;0;0;89;0;80;0;
16246;3613236;1002340352;18718720;1113055232;0;0;0;0;0;0;0;0;0;0;0;3947;0;0;89;0;80;0;
16247;4700926;1002340352;18718720;1113055232;0;0;0;0;0;0;0;0;0;0;0;2224;0;0;89;0;80;0;
16248;4242005;1002340352;18718720;1113055232;0;0;0;0;0;0;0;0;0;0;0;3477;0;0;89;0;80;0;
16249;6036741;1002340352;18718720;1113055232;0;0;0;0;0;0;0;0;0;0;0;12083;0;0;89;0;80;0;
16250;4741672;1002340352;18718720;1113055232;0;0;0;0;0;0;0;0;0;0;0;3707;0;0;89;0;80;0;
16251;5443950;1002340352;18718720;1113055232;0;0;0;0;0;0;0;0;0;0;0;3076;0;0;89;0;80;0;
16252;6241405;1002340352;18718720;1113055232;0;0;0;0;0;0;0;0;0;0;0;3717;0;0;89;0;80;0;
16253;5389287;1002340352;18718720;1113055232;0;0;0;0;0;0;0;0;0;0;0;2986;0;0;89;0;80;0;
16254;6153009;1002340352;18718720;1113055232;0;0;0;0;0;0;0;0;0;0;0;2885;0;0;89;0;80;0;
16255;5887892;1002340352;18718720;1113055232;0;0;0;0;0;0;0;0;0;0;0;4037;0;0;89;0;80;0;
16256;5495115;1002340352;18718720;1113055232;0;0;0;0;0;0;0;0;0;0;0;3747;0;0;89;0;80;0;
16257;4435849;1002340352;18718720;1113055232;0;0;0;0;0;0;0;0;0;0;0;1983;0;0;89;0;80;0;
16258;5308315;1002340352;18718720;1113055232;0;0;0;0;0;0;0;0;0;0;0;3056;0;0;89;0;80;0;
16259;6387970;1002340352;18718720;1113055232;0;0;0;0;0;0;0;0;0;0;0;3346;0;0;89;0;80;0;
16260;7123880;1002340352;18718720;1113055232;0;0;0;0;0;0;0;0;0;0;0;3306;0;0;89;0;80;0;
16261;4849945;1002340352;18718720;1113055232;0;0;0;0;0;0;0;0;0;0;0;2896;0;0;89;0;80;0;
16262;5565848;1002340352;18718720;1113055232;0;0;0;0;0;0;0;0;0;0;0;3106;0;0;89;0;80;0;
16263;4567395;1002340352;18718720;1113055232;0;0;0;0;0;0;0;0;0;0;0;1513;0;0;89;0;80;0;
16264;4644290;1002340352;18718720;1113055232;0;0;0;0;0;0;0;0;0;0;0;2304;0;0;89;0;80;0;
16265;5704888;1002340352;18718720;1113055232;0;0;0;0;0;0;0;0;0;0;0;1563;0;0;89;0;80;0;
16266;4218060;1002340352;18718720;1113055232;0;0;0;0;0;0;0;0;0;0;0;3006;0;0;89;0;80;0;
16267;4835017;1002340352;18718720;1113055232;0;0;0;0;0;0;0;0;0;0;0;2034;0;0;89;0;80;0;
16268;4853833;1002340352;18718720;1113055232;0;0;0;0;0;0;0;0;0;0;0;2565;0;0;89;0;80;0;
16269;4210617;1002340352;18718720;1113055232;0;0;0;0;0;0;0;0;0;0;0;2274;0;0;89;0;80;0;
16270;2849634;1002340352;18718720;1113055232;0;0;0;0;0;0;0;0;0;0;0;2124;0;0;89;0;80;0;
16271;4603794;1002340352;18718720;1113055232;0;0;0;0;0;0;0;0;0;0;0;2315;0;0;89;0;80;0;
16272;2842090;1002340352;18718720;1113055232;0;0;0;0;0;0;0;0;0;0;0;2966;0;0;89;0;80;0;
16273;7024874;1002340352;18718720;1113055232;0;0;0;0;0;0;0;0;0;0;0;1923;0;0;89;0;80;0;
16274;4551165;1002340352;18718720;1113055232;0;0;0;0;0;0;0;0;0;0;0;2545;0;0;89;0;80;0;
16275;4665580;1002340352;18718720;1113055232;0;0;0;0;0;0;0;0;0;0;0;2234;0;0;89;0;80;0;
16276;4830008;1002340352;18718720;1113055232;0;0;0;0;0;0;0;0;0;0;0;2655;0;0;89;0;80;0;
16277;5523499;1002340352;18718720;1113055232;0;0;0;0;0;0;0;0;0;0;0;1963;0;0;89;0;80;0;
16278;4848633;1002340352;18718720;1113055232;0;0;0;0;0;0;0;0;0;0;0;2455;0;0;89;0;80;0;
16279;6206500;1002340352;18718720;1113055232;0;0;0;0;0;0;0;0;0;0;0;2254;0;0;89;0;80;0;
16280;3430033;1002340352;18718720;1113055232;0;0;0;0;0;0;0;0;0;0;0;2285;0;0;89;0;80;0;
16281;5424333;1002340352;18718720;1113055232;0;0;0;0;0;0;0;0;0;0;0;1823;0;0;89;0;80;0;
16282;3565747;1002340352;18718720;1113055232;0;0;0;0;0;0;0;0;0;0;0;2505;0;0;89;0;80;0;
16283;4403418;1002340352;18718720;1113055232;0;0;0;0;0;0;0;0;0;0;0;1864;0;0;89;0;80;0;
16284;2396635;1002340352;18718720;1113055232;0;0;0;0;0;0;0;0;0;0;0;1764;0;0;89;0;80;0;
16285;4900540;1002340352;18718720;1113055232;0;0;0;0;0;0;0;0;0;0;0;2124;0;0;89;0;80;0;
16286;5246389;1002340352;18718720;1113055232;0;0;0;0;0;0;0;0;0;0;0;2665;0;0;89;0;80;0;
16287;4692300;1002340352;18718720;1113055232;0;0;0;0;0;0;0;0;0;0;0;1733;0;0;89;0;80;0;
16288;3494694;1002340352;18718720;1113055232;0;0;0;0;0;0;0;0;0;0;0;2314;0;0;89;0;80;0;
16289;4171413;1002340352;18718720;1113055232;0;0;0;0;0;0;0;0;0;0;0;1873;0;0;89;0;80;0;
16290;4862629;1002340352;18718720;1113055232;0;0;0;0;0;0;0;0;0;0;0;1953;0;0;89;0;80;0;
16291;4378210;1002340352;18718720;1113055232;0;0;0;0;0;0;0;0;0;0;0;2474;0;0;89;0;80;0;
16292;5275013;1002340352;18718720;1113055232;0;0;0;0;0;0;0;0;0;0;0;2204;0;0;89;0;80;0;
16293;6814921;1002340352;18718720;1113055232;0;0;0;0;0;0;0;0;0;0;0;2535;0;0;89;0;80;0;
16294;3212414;1002340352;18718720;1113055232;0;0;0;0;0;0;0;0;0;0;0;2254;0;0;89;0;80;0;
16295;5920243;1002340352;18718720;1113055232;0;0;0;0;0;0;0;0;0;0;0;2014;0;0;89;0;80;0;
16296;3413171;1002340352;18718720;1113055232;0;0;0;0;0;0;0;0;0;0;0;2755;0;0;89;0;80;0;
16297;6071155;1002340352;18718720;1113055232;0;0;0;0;0;0;0;0;0;0;0;2134;0;0;89;0;80;0;
16298;4355298;1002340352;18718720;1113055232;0;0;0;0;0;0;0;0;0;0;0;2475;0;0;89;0;80;0;
16299;4765837;1002340352;18718720;1113055232;0;0;0;0;0;0;0;0;0;0;0;2134;0;0;89;0;80;0;
16300;3803754;1002340352;18718720;1113055232;0;0;0;0;0;0;0;0;0;0;0;1944;0;0;89;0;80;0;
16301;5432207;1002340352;18718720;1113055232;0;0;0;0;0;0;0;0;0;0;0;1583;0;0;89;0;80;0;
16302;3356665;1002340352;18718720;1113055232;0;0;0;0;0;0;0;0;0;0;0;2535;0;0;89;0;80;0;
16303;4632939;1002340352;18718720;1113055232;0;0;0;0;0;0;0;0;0;0;0;2073;0;0;89;0;80;0;
16304;5059368;1002340352;18718720;1113055232;0;0;0;0;0;0;0;0;0;0;0;2775;0;0;89;0;80;0;
16305;4953820;1002340352;18718720;1113055232;0;0;0;0;0;0;0;0;0;0;0;1954;0;0;89;0;80;0;
16306;4703120;1002340352;18718720;1113055232;0;0;0;0;0;0;0;0;0;0;0;2675;0;0;89;0;80;0;
16307;6275078;1002340352;18718720;1113055232;0;0;0;0;0;0;0;0;0;0;0;2104;0;0;89;0;80;0;
16308;7210934;1002340352;18718720;1113055232;0;0;0;0;0;0;0;0;0;0;0;5791;0;0;89;0;80;0;
16309;5244946;1002340352;18718720;1113055232;0;0;0;0;0;0;0;0;0;0;0;3296;0;0;89;0;80;0;
16310;8677744;1002340352;18718720;1113055232;0;0;0;0;0;0;0;0;0;0;0;4379;0;0;89;0;80;0;
16311;5568643;1002340352;18718720;1113055232;0;0;0;0;0;0;0;0;0;0;0;3216;0;0;89;0;80;0;
16312;8030140;1002340352;18718720;1113055232;0;0;0;0;0;0;0;0;0;0;0;3827;0;0;89;0;80;0;
16313;5946873;1002340352;18718720;1113055232;0;0;0;0;0;0;0;0;0;0;0;2976;0;0;89;0;80;0;
16314;4739509;1002340352;18718720;1113055232;0;0;0;0;0;0;0;0;0;0;0;3687;0;0;89;0;80;0;
16315;4899979;1002340352;18718720;1113055232;0;0;0;0;0;0;0;0;0;0;0;2996;0;0;89;0;80;0;
16316;8160014;1002340352;18718720;1113055232;0;0;0;0;0;0;0;0;0;0;0;4268;0;0;89;0;80;0;
16317;6864915;1002340352;18718720;1113055232;0;0;0;0;0;0;0;0;0;0;0;4418;0;0;89;0;80;0;
16318;8181583;1002340352;18718720;1113055232;0;0;0;0;0;0;0;0;0;0;0;3657;0;0;89;0;80;0;
16319;7584343;1002340352;18718720;1113055232;0;0;0;0;0;0;0;0;0;0;0;4679;0;0;89;0;80;0;
16320;5142014;1002340352;18718720;1113055232;0;0;0;0;0;0;0;0;0;0;0;3456;0;0;89;0;80;0;
16321;5735877;1002340352;18718720;1113055232;0;0;0;0;0;0;0;0;0;0;0;3246;0;0;89;0;80;0;
16322;6460206;1002340352;18718720;1113055232;0;0;0;0;0;0;0;0;0;0;0;3837;0;0;89;0;80;0;
16323;5982309;1002340352;18718720;1113055232;0;0;0;0;0;0;0;0;0;0;0;2605;0;0;89;0;80;0;
16324;6858242;1002340352;18718720;1113055232;0;0;0;0;0;0;0;0;0;0;0;4408;0;0;89;0;80;0;
16325;7380902;1002340352;18718720;1113055232;0;0;0;0;0;0;0;0;0;0;0;4799;0;0;89;0;80;0;
16326;9534030;1002340352;18718720;1113055232;0;0;0;0;0;0;0;0;0;0;0;7144;0;0;89;0;80;0;
16327;7885949;1002340352;18718720;1113055232;0;0;0;0;0;0;0;0;0;0;0;5029;0;0;89;0;80;0;
16328;7779429;1002340352;18718720;1113055232;0;0;0;0;0;0;0;0;0;0;0;5741;0;0;89;0;80;0;
16329;8084341;1002340352;18718720;1113055232;0;0;0;0;0;0;0;0;0;0;0;4087;0;0;89;0;80;0;
16330;7678440;1002340352;18718720;1113055232;0;0;0;0;0;0;0;0;0;0;0;4749;0;0;89;0;80;0;
16331;7663242;1002340352;18718720;1113055232;0;0;0;0;0;0;0;0;0;0;0;4748;0;0;89;0;80;0;
16332;9723765;1002340352;18718720;1113055232;0;0;0;0;0;0;0;0;0;0;0;5089;0;0;89;0;80;0;
16333;7402022;1002340352;18718720;1113055232;0;0;0;0;0;0;0;0;0;0;0;4358;0;0;89;0;80;0;
16334;7945621;1002340352;18718720;1113055232;0;0;0;0;0;0;0;0;0;0;0;4248;0;0;89;0;80;0;
16335;6808548;1002340352;18718720;1113055232;0;0;0;0;0;0;0;0;0;0;0;3987;0;0;89;0;80;0;
16336;6516571;1002340352;18718720;1113055232;0;0;0;0;0;0;0;0;0;0;0;4799;0;0;89;0;80;0;
16337;7835745;1002340352;18718720;1113055232;0;0;0;0;0;0;0;0;0;0;0;5170;0;0;89;0;80;0;
16338;6856739;1002340352;18718720;1113055232;0;0;0;0;0;0;0;0;0;0;0;4468;0;0;89;0;80;0;
16339;9481882;1002340352;18718720;1113055232;0;0;0;0;0;0;0;0;0;0;0;5350;0;0;89;0;80;0;
16340;9975208;1002340352;18718720;1113055232;0;0;0;0;0;0;0;0;0;0;0;3977;0;0;89;0;80;0;
16341;8714894;1002340352;18718720;1113055232;0;0;0;0;0;0;0;0;0;0;0;3456;0;0;89;0;80;0;
16342;6668566;1002340352;18718720;1113055232;0;0;0;0;0;0;0;0;0;0;0;5250;0;0;89;0;80;0;
16343;7173644;1002340352;18718720;1113055232;0;0;0;0;0;0;0;0;0;0;0;3997;0;0;89;0;80;0;
16344;8555715;1002340352;18718720;1113055232;0;0;0;0;0;0;0;0;0;0;0;3817;0;0;89;0;80;0;
16345;6306808;1002340352;18718720;1113055232;0;0;0;0;0;0;0;0;0;0;0;3307;0;0;89;0;80;0;
16346;6119066;1002340352;18718720;1113055232;0;0;0;0;0;0;0;0;0;0;0;4218;0;0;89;0;80;0;
16347;6755730;1002340352;18718720;1113055232;0;0;0;0;0;0;0;0;0;0;0;3506;0;0;89;0;80;0;
16348;5030043;1002340352;18718720;1113055232;0;0;0;0;0;0;0;0;0;0;0;4268;0;0;89;0;80;0;
16349;7368319;1002340352;18718720;1113055232;0;0;0;0;0;0;0;0;0;0;0;4529;0;0;89;0;80;0;
16350;5945961;1002340352;18718720;1113055232;0;0;0;0;0;0;0;0;0;0;0;4248;0;0;89;0;80;0;
16351;8765018;1002340352;18718720;1113055232;0;0;0;0;0;0;0;0;0;0;0;4238;0;0;89;0;80;0;
16352;7854350;1002340352;18718720;1113055232;0;0;0;0;0;0;0;0;0;0;0;4589;0;0;89;0;80;0;
16353;7501228;1002340352;18718720;1113055232;0;0;0;0;0;0;0;0;0;0;0;3727;0;0;89;0;80;0;
16354;7200624;1002340352;18718720;1113055232;0;0;0;0;0;0;0;0;0;0;0;4168;0;0;89;0;80;0;
16355;7445313;1002340352;18718720;1113055232;0;0;0;0;0;0;0;0;0;0;0;3877;0;0;89;0;80;0;
16356;6509307;1002340352;18718720;1113055232;0;0;0;0;0;0;0;0;0;0;0;3917;0;0;89;0;80;0;
16357;6116220;1002340352;18718720;1113055232;0;0;0;0;0;0;0;0;0;0;0;4057;0;0;89;0;80;0;
16358;5712283;1002340352;18718720;1113055232;0;0;0;0;0;0;0;0;0;0;0;3837;0;0;89;0;80;0;
16359;6069753;1002340352;18718720;1113055232;0;0;0;0;0;0;0;0;0;0;0;3337;0;0;89;0;80;0;
16360;4495271;1002340352;18718720;1113055232;0;0;0;0;0;0;0;0;0;0;0;3707;0;0;89;0;80;0;
16361;6661884;1002340352;18718720;1113055232;0;0;0;0;0;0;0;0;0;0;0;2565;0;0;89;0;80;0;
16362;5116506;1002340352;18718720;1113055232;0;0;0;0;0;0;0;0;0;0;0;3848;0;0;89;0;80;0;
16363;5746176;1002340352;18718720;1113055232;0;0;0;0;0;0;0;0;0;0;0;3907;0;0;89;0;80;0;
16364;6047692;1002340352;18718720;1113055232;0;0;0;0;0;0;0;0;0;0;0;3677;0;0;89;0;80;0;
16365;4953479;1002340352;18718720;1113055232;0;0;0;0;0;0;0;0;0;0;0;2164;0;0;89;0;80;0;
16366;4963849;1002340352;18718720;1113055232;0;0;0;0;0;0;0;0;0;0;0;3647;0;0;89;0;80;0;
16367;5388625;1002340352;18718720;1113055232;0;0;0;0;0;0;0;0;0;0;0;2034;0;0;89;0;80;0;
16368;5360483;1002340352;18718720;1113055232;0;0;0;0;0;0;0;0;0;0;0;3427;0;0;89;0;80;0;
16369;4996991;1002340352;18718720;1113055232;0;0;0;0;0;0;0;0;0;0;0;2144;0;0;89;0;80;0;
16370;4910369;1002340352;18718720;1113055232;0;0;0;0;0;0;0;0;0;0;0;3517;0;0;89;0;80;0;
16371;4767691;1002340352;18718720;1113055232;0;0;0;0;0;0;0;0;0;0;0;2625;0;0;89;0;80;0;
16372;4829116;1002340352;18718720;1113055232;0;0;0;0;0;0;0;0;0;0;0;3316;0;0;89;0;80;0;
16373;4608623;1002340352;18718720;1113055232;0;0;0;0;0;0;0;0;0;0;0;2495;0;0;89;0;80;0;
16374;5292806;1002340352;18718720;1113055232;0;0;0;0;0;0;0;0;0;0;0;4008;0;0;89;0;80;0;
16375;4707458;1002340352;18718720;1113055232;0;0;0;0;0;0;0;0;0;0;0;2875;0;0;89;0;80;0;
16376;5006699;1002340352;18718720;1113055232;0;0;0;0;0;0;0;0;0;0;0;3787;0;0;89;0;80;0;
16377;5825024;1002340352;18718720;1113055232;0;0;0;0;0;0;0;0;0;0;0;2315;0;0;89;0;80;0;
16378;3642311;1002340352;18718720;1113055232;0;0;0;0;0;0;0;0;0;0;0;3126;0;0;89;0;80;0;
16379;5032698;1002340352;18718720;1113055232;0;0;0;0;0;0;0;0;0;0;0;3046;0;0;89;0;80;0;
16380;2635041;1002340352;18718720;1113055232;0;0;0;0;0;0;0;0;0;0;0;2745;0;0;89;0;80;0;
16381;5157462;1002340352;18718720;1113055232;0;0;0;0;0;0;0;0;0;0;0;2585;0;0;89;0;80;0;
16382;3484445;1002340352;18718720;1113055232;0;0;0;0;0;0;0;0;0;0;0;68659;0;0;89;0;80;0;
16383;4620275;1002340352;18718720;1113055232;0;0;0;0;0;0;0;0;0;0;0;2074;0;0;89;0;80;0;
16384;4561715;1002340352;18718720;1113055232;0;0;0;0;0;0;0;0;0;0;0;3466;0;0;89;0;80;0;
16385;5743462;1005780992;28344320;1122680832;0;0;0;0;0;0;0;0;0;0;0;3236;0;0;89;0;80;0;
16386;3650316;1005780992;28344320;1122680832;0;0;0;0;0;0;0;0;0;0;0;3807;0;0;89;0;80;0;
16387;6245633;1005780992;28344320;1122680832;0;0;0;0;0;0;0;0;0;0;0;3226;0;0;89;0;80;0;
16388;3924260;1005780992;28344320;1122680832;0;0;0;0;0;0;0;0;0;0;0;3677;0;0;89;0;80;0;
16389;4980911;1005780992;28344320;1122680832;0;0;0;0;0;0;0;0;0;0;0;2595;0;0;89;0;80;0;
16390;4130386;1005780992;28344320;1122680832;0;0;0;0;0;0;0;0;0;0;0;3306;0;0;89;0;80;0;
16391;4855285;1005780992;28344320;1122680832;0;0;0;0;0;0;0;0;0;0;0;2244;0;0;89;0;80;0;
16392;5272659;1005780992;28344320;1122680832;0;0;0;0;0;0;0;0;0;0;0;3677;0;0;89;0;80;0;
16393;6008028;1005780992;28344320;1122680832;0;0;0;0;0;0;0;0;0;0;0;2174;0;0;89;0;80;0;
16394;4106912;1002504192;18718720;1113055232;0;0;0;0;0;0;0;0;0;0;0;3777;0;0;89;0;80;0;
16395;5545490;1002504192;18718720;1113055232;0;0;0;0;0;0;0;0;0;0;0;3256;0;0;89;0;80;0;
16396;3247199;1002504192;18718720;1113055232;0;0;0;0;0;0;0;0;0;0;0;2695;0;0;89;0;80;0;
16397;4409630;1002504192;18718720;1113055232;0;0;0;0;0;0;0;0;0;0;0;2445;0;0;89;0;80;0;
16398;3714726;1002504192;18718720;1113055232;0;0;0;0;0;0;0;0;0;0;0;3356;0;0;89;0;80;0;
16399;4941286;1002504192;18718720;1113055232;0;0;0;0;0;0;0;0;0;0;0;2014;0;0;89;0;80;0;
16400;4131398;1002504192;18718720;1113055232;0;0;0;0;0;0;0;0;0;0;0;2645;0;0;89;0;80;0;
16401;5208468;1002504192;18718720;1113055232;0;0;0;0;0;0;0;0;0;0;0;2906;0;0;89;0;80;0;
16402;3929780;1002504192;18718720;1113055232;0;0;0;0;0;0;0;0;0;0;0;3356;0;0;89;0;80;0;
16403;6040378;1002504192;18718720;1113055232;0;0;0;0;0;0;0;0;0;0;0;3105;0;0;89;0;80;0;
16404;4053562;1002504192;18718720;1113055232;0;0;0;0;0;0;0;0;0;0;0;4108;0;0;89;0;80;0;
16405;4903847;1002504192;18718720;1113055232;0;0;0;0;0;0;0;0;0;0;0;2865;0;0;89;0;80;0;
16406;4247355;1002504192;18718720;1113055232;0;0;0;0;0;0;0;0;0;0;0;3616;0;0;89;0;80;0;
16407;5154046;1002504192;18718720;1113055232;0;0;0;0;0;0;0;0;0;0;0;3346;0;0;89;0;80;0;
16408;5071651;1002504192;18718720;1113055232;0;0;0;0;0;0;0;0;0;0;0;3878;0;0;89;0;80;0;
16409;5037417;1002504192;18718720;1113055232;0;0;0;0;0;0;0;0;0;0;0;2946;0;0;89;0;80;0;
16410;5899434;1002504192;18718720;1113055232;0;0;0;0;0;0;0;0;0;0;0;4298;0;0;89;0;80;0;
16411;5007781;1002504192;18718720;1113055232;0;0;0;0;0;0;0;0;0;0;0;2875;0;0;89;0;80;0;
16412;5012209;1002504192;18718720;1113055232;0;0;0;0;0;0;0;0;0;0;0;3346;0;0;89;0;80;0;
16413;4933933;1002504192;18718720;1113055232;0;0;0;0;0;0;0;0;0;0;0;2925;0;0;89;0;80;0;
16414;3012861;1002504192;18718720;1113055232;0;0;0;0;0;0;0;0;0;0;0;2444;0;0;89;0;80;0;
16415;5165106;1002504192;18718720;1113055232;0;0;0;0;0;0;0;0;0;0;0;3226;0;0;89;0;80;0;
16416;4036379;1002504192;18718720;1113055232;0;0;0;0;0;0;0;0;0;0;0;3236;0;0;89;0;80;0;
16417;5463667;1002504192;18718720;1113055232;0;0;0;0;0;0;0;0;0;0;0;3256;0;0;89;0;80;0;
16418;2488286;1002504192;18718720;1113055232;0;0;0;0;0;0;0;0;0;0;0;2284;0;0;89;0;80;0;
16419;5111326;1002504192;18718720;1113055232;0;0;0;0;0;0;0;0;0;0;0;2104;0;0;89;0;80;0;
16420;2447760;1002504192;18718720;1113055232;0;0;0;0;0;0;0;0;0;0;0;2385;0;0;89;0;80;0;
16421;5034201;1002504192;18718720;1113055232;0;0;0;0;0;0;0;0;0;0;0;1963;0;0;89;0;80;0;
16422;3929479;1002504192;18718720;1113055232;0;0;0;0;0;0;0;0;0;0;0;2604;0;0;89;0;80;0;
16423;5198530;1002504192;18718720;1113055232;0;0;0;0;0;0;0;0;0;0;0;2225;0;0;89;0;80;0;
16424;3264272;1002504192;18718720;1113055232;0;0;0;0;0;0;0;0;0;0;0;2364;0;0;89;0;80;0;
16425;4525557;1002504192;18718720;1113055232;0;0;0;0;0;0;0;0;0;0;0;2064;0;0;89;0;80;0;
16426;3472483;1002504192;18718720;1113055232;0;0;0;0;0;0;0;0;0;0;0;2545;0;0;89;0;80;0;
16427;5030294;1002504192;18718720;1113055232;0;0;0;0;0;0;0;0;0;0;0;2695;0;0;89;0;80;0;
16428;3519471;1002504192;18718720;1113055232;0;0;0;0;0;0;0;0;0;0;0;2465;0;0;89;0;80;0;
16429;4555694;1002504192;18718720;1113055232;0;0;0;0;0;0;0;0;0;0;0;1653;0;0;89;0;80;0;
16430;3254574;1002504192;18718720;1113055232;0;0;0;0;0;0;0;0;0;0;0;2514;0;0;89;0;80;0;
16431;4683554;1002504192;18718720;1113055232;0;0;0;0;0;0;0;0;0;0;0;2034;0;0;89;0;80;0;
16432;5083053;1002504192;18718720;1113055232;0;0;0;0;0;0;0;0;0;0;0;3116;0;0;89;0;80;0;
16433;4554060;1002504192;18718720;1113055232;0;0;0;0;0;0;0;0;0;0;0;2615;0;0;89;0;80;0;
16434;3319415;1002504192;18718720;1113055232;0;0;0;0;0;0;0;0;0;0;0;2635;0;0;89;0;80;0;
16435;4121009;1002504192;18718720;1113055232;0;0;0;0;0;0;0;0;0;0;0;2214;0;0;89;0;80;0;
16436;3126834;1002504192;18718720;1113055232;0;0;0;0;0;0;0;0;0;0;0;1864;0;0;89;0;80;0;
16437;5059328;1002504192;18718720;1113055232;0;0;0;0;0;0;0;0;0;0;0;1914;0;0;89;0;80;0;
16438;3472072;1002504192;18718720;1113055232;0;0;0;0;0;0;0;0;0;0;0;1954;0;0;89;0;80;0;
16439;4561174;1002504192;18718720;1113055232;0;0;0;0;0;0;0;0;0;0;0;1773;0;0;89;0;80;0;
16440;5502058;1002504192;18718720;1113055232;0;0;0;0;0;0;0;0;0;0;0;3576;0;0;89;0;80;0;
16441;5108420;1002504192;18718720;1113055232;0;0;0;0;0;0;0;0;0;0;0;2535;0;0;89;0;80;0;
16442;3794687;1002504192;18718720;1113055232;0;0;0;0;0;0;0;0;0;0;0;2534;0;0;89;0;80;0;
16443;4664547;1002504192;18718720;1113055232;0;0;0;0;0;0;0;0;0;0;0;1774;0;0;89;0;80;0;
16444;3559986;1002504192;18718720;1113055232;0;0;0;0;0;0;0;0;0;0;0;2305;0;0;89;0;80;0;
16445;4743686;1002504192;18718720;1113055232;0;0;0;0;0;0;0;0;0;0;0;2104;0;0;89;0;80;0;
16446;3017879;1002504192;18718720;1113055232;0;0;0;0;0;0;0;0;0;0;0;2154;0;0;89;0;80;0;
16447;5207226;1002504192;18718720;1113055232;0;0;0;0;0;0;0;0;0;0;0;2124;0;0;89;0;80;0;
16448;4106522;1002504192;18718720;1113055232;0;0;0;0;0;0;0;0;0;0;0;3066;0;0;89;0;80;0;
16449;4586912;1002504192;18718720;1113055232;0;0;0;0;0;0;0;0;0;0;0;2675;0;0;89;0;80;0;
16450;4425609;1002504192;18718720;1113055232;0;0;0;0;0;0;0;0;0;0;0;3085;0;0;89;0;80;0;
16451;5939939;1002504192;18718720;1113055232;0;0;0;0;0;0;0;0;0;0;0;2535;0;0;89;0;80;0;
16452;4464553;1002504192;18718720;1113055232;0;0;0;0;0;0;0;0;0;0;0;3396;0;0;89;0;80;0;
16453;4980340;1002504192;18718720;1113055232;0;0;0;0;0;0;0;0;0;0;0;3005;0;0;89;0;80;0;
16454;4952147;1002504192;18722816;1113059328;0;0;0;0;0;0;0;0;0;0;0;2956;0;0;89;0;80;0;
16455;5302694;1002504192;18722816;1113059328;0;0;0;0;0;0;0;0;0;0;0;3256;0;0;89;0;80;0;
16456;4100981;1002504192;18722816;1113059328;0;0;0;0;0;0;0;0;0;0;0;2745;0;0;89;0;80;0;
16457;5296052;1002504192;18722816;1113059328;0;0;0;0;0;0;0;0;0;0;0;2555;0;0;89;0;80;0;
16458;2950123;1002504192;18722816;1113059328;0;0;0;0;0;0;0;0;0;0;0;2505;0;0;89;0;80;0;
16459;4919236;1002504192;18722816;1113059328;0;0;0;0;0;0;0;0;0;0;0;2705;0;0;89;0;80;0;
16460;2888267;1002504192;18722816;1113059328;0;0;0;0;0;0;0;0;0;0;0;2103;0;0;89;0;80;0;
16461;5028881;1002504192;18722816;1113059328;0;0;0;0;0;0;0;0;0;0;0;2906;0;0;89;0;80;0;
16462;2779222;1002504192;18722816;1113059328;0;0;0;0;0;0;0;0;0;0;0;2465;0;0;89;0;80;0;
16463;4322467;1002504192;18722816;1113059328;0;0;0;0;0;0;0;0;0;0;0;2274;0;0;89;0;80;0;
16464;3163884;1002504192;18722816;1113059328;0;0;0;0;0;0;0;0;0;0;0;2073;0;0;89;0;80;0;
16465;5336658;1002504192;18722816;1113059328;0;0;0;0;0;0;0;0;0;0;0;2975;0;0;89;0;80;0;
16466;4025129;1002504192;18722816;1113059328;0;0;0;0;0;0;0;0;0;0;0;2805;0;0;89;0;80;0;
16467;5632733;1002504192;18722816;1113059328;0;0;0;0;0;0;0;0;0;0;0;2534;0;0;89;0;80;0;
16468;3591315;1002504192;18722816;1113059328;0;0;0;0;0;0;0;0;0;0;0;1633;0;0;89;0;80;0;
16469;4894699;1002504192;18722816;1113059328;0;0;0;0;0;0;0;0;0;0;0;2214;0;0;89;0;80;0;
16470;3170416;1002504192;18722816;1113059328;0;0;0;0;0;0;0;0;0;0;0;1893;0;0;89;0;80;0;
16471;5702644;1002504192;18722816;1113059328;0;0;0;0;0;0;0;0;0;0;0;2745;0;0;89;0;80;0;
16472;3103120;1002504192;18722816;1113059328;0;0;0;0;0;0;0;0;0;0;0;2575;0;0;89;0;80;0;
16473;5211434;1002504192;18722816;1113059328;0;0;0;0;0;0;0;0;0;0;0;54462;0;0;89;0;80;0;
16474;2240101;1002504192;18722816;1113059328;0;0;0;0;0;0;0;0;0;0;0;2324;0;0;89;0;80;0;
16475;4977665;1002504192;18722816;1113059328;0;0;0;0;0;0;0;0;0;0;0;2976;0;0;89;0;80;0;
16476;3706341;1002504192;18722816;1113059328;0;0;0;0;0;0;0;0;0;0;0;2725;0;0;89;0;80;0;
16477;5496498;1002504192;18722816;1113059328;0;0;0;0;0;0;0;0;0;0;0;3106;0;0;89;0;80;0;
16478;3659833;1002504192;18722816;1113059328;0;0;0;0;0;0;0;0;0;0;0;2795;0;0;89;0;80;0;
16479;5948526;1005674496;28348416;1122684928;0;0;0;0;0;0;0;0;0;0;0;3066;0;0;89;0;80;0;
16480;3258070;1005674496;28348416;1122684928;0;0;0;0;0;0;0;0;0;0;0;2474;0;0;89;0;80;0;
16481;5332039;1005674496;28348416;1122684928;0;0;0;0;0;0;0;0;0;0;0;3116;0;0;89;0;80;0;
16482;3989673;1005674496;28348416;1122684928;0;0;0;0;0;0;0;0;0;0;0;3146;0;0;89;0;80;0;
16483;6718089;1005674496;28348416;1122684928;0;0;0;0;0;0;0;0;0;0;0;3226;0;0;89;0;80;0;
16484;5189793;1005674496;28348416;1122684928;0;0;0;0;0;0;0;0;0;0;0;2144;0;0;89;0;80;0;
16485;5208138;1005674496;28348416;1122684928;0;0;0;0;0;0;0;0;0;0;0;1844;0;0;89;0;80;0;
16486;4024558;1005674496;28348416;1122684928;0;0;0;0;0;0;0;0;0;0;0;2315;0;0;89;0;80;0;
16487;5007611;1005674496;28348416;1122684928;0;0;0;0;0;0;0;0;0;0;0;2705;0;0;89;0;80;0;
16488;4105780;1002508288;18722816;1113059328;0;0;0;0;0;0;0;0;0;0;0;2614;0;0;89;0;80;0;
16489;4799180;1002508288;18722816;1113059328;0;0;0;0;0;0;0;0;0;0;0;2645;0;0;89;0;80;0;
16490;4561305;1002508288;18722816;1113059328;0;0;0;0;0;0;0;0;0;0;0;2705;0;0;89;0;80;0;
16491;5355263;1002508288;18722816;1113059328;0;0;0;0;0;0;0;0;0;0;0;3086;0;0;89;0;80;0;
16492;5663792;1002508288;18722816;1113059328;0;0;0;0;0;0;0;0;0;0;0;3046;0;0;89;0;80;0;
16493;6674136;1002508288;18722816;1113059328;0;0;0;0;0;0;0;0;0;0;0;3095;0;0;89;0;80;0;
16494;4132810;1002508288;18722816;1113059328;0;0;0;0;0;0;0;0;0;0;0;2715;0;0;89;0;80;0;
16495;5604831;1002508288;18722816;1113059328;0;0;0;0;0;0;0;0;0;0;0;2866;0;0;89;0;80;0;
16496;3924820;1002508288;18722816;1113059328;0;0;0;0;0;0;0;0;0;0;0;2855;0;0;89;0;80;0;
16497;5858056;1002508288;18722816;1113059328;0;0;0;0;0;0;0;0;0;0;0;2845;0;0;89;0;80;0;
16498;4006504;1002508288;18722816;1113059328;0;0;0;0;0;0;0;0;0;0;0;2775;0;0;89;0;80;0;
16499;6594146;1002508288;18722816;1113059328;0;0;0;0;0;0;0;0;0;0;0;3436;0;0;89;0;80;0;
16500;4961414;1002508288;18722816;1113059328;0;0;0;0;0;0;0;0;0;0;0;2936;0;0;89;0;80;0;
16501;5427519;1002508288;18722816;1113059328;0;0;0;0;0;0;0;0;0;0;0;3045;0;0;89;0;80;0;
16502;6413618;1002508288;18722816;1113059328;0;0;0;0;0;0;0;0;0;0;0;2936;0;0;89;0;80;0;
16503;6989167;1002508288;18722816;1113059328;0;0;0;0;0;0;0;0;0;0;0;3066;0;0;89;0;80;0;
16504;4436851;1002508288;18722816;1113059328;0;0;0;0;0;0;0;0;0;0;0;2946;0;0;89;0;80;0;
16505;5974093;1002508288;18722816;1113059328;0;0;0;0;0;0;0;0;0;0;0;3156;0;0;89;0;80;0;
16506;3256547;1002508288;18722816;1113059328;0;0;0;0;0;0;0;0;0;0;0;2956;0;0;89;0;80;0;
16507;5384398;1002508288;18722816;1113059328;0;0;0;0;0;0;0;0;0;0;0;2775;0;0;89;0;80;0;
16508;4318859;1002508288;18722816;1113059328;0;0;0;0;0;0;0;0;0;0;0;2885;0;0;89;0;80;0;
16509;5587940;1002508288;18722816;1113059328;0;0;0;0;0;0;0;0;0;0;0;2825;0;0;89;0;80;0;
16510;4751331;1002508288;18722816;1113059328;0;0;0;0;0;0;0;0;0;0;0;2074;0;0;89;0;80;0;
16511;4713509;1002508288;18722816;1113059328;0;0;0;0;0;0;0;0;0;0;0;2865;0;0;89;0;80;0;
16512;4804570;1002508288;18722816;1113059328;0;0;0;0;0;0;0;0;0;0;0;2665;0;0;89;0;80;0;
16513;4987393;1002508288;18722816;1113059328;0;0;0;0;0;0;0;0;0;0;0;2515;0;0;89;0;80;0;
16514;4770727;1002508288;18722816;1113059328;0;0;0;0;0;0;0;0;0;0;0;2445;0;0;89;0;80;0;
16515;4800052;1002508288;18722816;1113059328;0;0;0;0;0;0;0;0;0;0;0;2285;0;0;89;0;80;0;
16516;4564059;1002508288;18722816;1113059328;0;0;0;0;0;0;0;0;0;0;0;2595;0;0;89;0;80;0;
16517;6065987;1002508288;18722816;1113059328;0;0;0;0;0;0;0;0;0;0;0;2254;0;0;89;0;80;0;
16518;4378551;1002508288;18722816;1113059328;0;0;0;0;0;0;0;0;0;0;0;2645;0;0;89;0;80;0;
16519;6205638;1002508288;18722816;1113059328;0;0;0;0;0;0;0;0;0;0;0;2605;0;0;89;0;80;0;
16520;4194917;1002508288;18722816;1113059328;0;0;0;0;0;0;0;0;0;0;0;3196;0;0;89;0;80;0;
16521;5543917;1002508288;18722816;1113059328;0;0;0;0;0;0;0;0;0;0;0;3065;0;0;89;0;80;0;
16522;5047045;1002508288;18722816;1113059328;0;0;0;0;0;0;0;0;0;0;0;2845;0;0;89;0;80;0;
16523;5483374;1002508288;18722816;1113059328;0;0;0;0;0;0;0;0;0;0;0;2886;0;0;89;0;80;0;
16524;5107719;1002508288;18722816;1113059328;0;0;0;0;0;0;0;0;0;0;0;3045;0;0;89;0;80;0;
16525;5736027;1002508288;18722816;1113059328;0;0;0;0;0;0;0;0;0;0;0;3406;0;0;89;0;80;0;
16526;3630809;1002508288;18722816;1113059328;0;0;0;0;0;0;0;0;0;0;0;2335;0;0;89;0;80;0;
16527;6288994;1002508288;18722816;1113059328;0;0;0;0;0;0;0;0;0;0;0;2986;0;0;89;0;80;0;
16528;5596666;1002508288;18722816;1113059328;0;0;0;0;0;0;0;0;0;0;0;3036;0;0;89;0;80;0;
16529;6475514;1002508288;18722816;1113059328;0;0;0;0;0;0;0;0;0;0;0;2795;0;0;89;0;80;0;
16530;5222244;1002508288;18722816;1113059328;0;0;0;0;0;0;0;0;0;0;0;2916;0;0;89;0;80;0;
16531;6689726;1002508288;18722816;1113059328;0;0;0;0;0;0;0;0;0;0;0;3567;0;0;89;0;80;0;
16532;5018762;1002508288;18722816;1113059328;0;0;0;0;0;0;0;0;0;0;0;2795;0;0;89;0;80;0;
16533;5761595;1002508288;18722816;1113059328;0;0;0;0;0;0;0;0;0;0;0;2795;0;0;89;0;80;0;
16534;4851047;1002508288;18722816;1113059328;0;0;0;0;0;0;0;0;0;0;0;2936;0;0;89;0;80;0;
16535;5524050;1002508288;18722816;1113059328;0;0;0;0;0;0;0;0;0;0;0;3065;0;0;89;0;80;0;
16536;4674637;1002508288;18722816;1113059328;0;0;0;0;0;0;0;0;0;0;0;1863;0;0;89;0;80;0;
16537;6048734;1002508288;18722816;1113059328;0;0;0;0;0;0;0;0;0;0;0;3106;0;0;89;0;80;0;
16538;4988796;1002508288;18722816;1113059328;0;0;0;0;0;0;0;0;0;0;0;3506;0;0;89;0;80;0;
16539;6564672;1002508288;18722816;1113059328;0;0;0;0;0;0;0;0;0;0;0;3176;0;0;89;0;80;0;
16540;13569508;1002508288;18722816;1113059328;0;0;0;0;0;0;0;0;0;0;0;3426;0;0;89;0;80;0;
16541;6828215;1002508288;18722816;1113059328;0;0;0;0;0;0;0;0;0;0;0;2605;0;0;89;0;80;0;
16542;6838245;1002508288;18722816;1113059328;0;0;0;0;0;0;0;0;0;0;0;3597;0;0;89;0;80;0;
16543;7766876;1004589056;18722816;1113059328;0;0;0;0;0;0;0;0;0;0;0;71864;0;0;89;0;80;0;
16544;3663029;1004589056;18722816;1113059328;0;0;0;0;0;0;0;0;0;0;0;105788;0;0;89;0;80;0;
16545;5360192;1004589056;18722816;1113059328;0;0;0;0;0;0;0;0;0;0;0;2455;0;0;89;0;80;0;
16546;4239971;1004589056;18722816;1113059328;0;0;0;0;0;0;0;0;0;0;0;2465;0;0;89;0;80;0;
16547;6071586;1004589056;18722816;1113059328;0;0;0;0;0;0;0;0;0;0;0;1643;0;0;89;0;80;0;
16548;4227037;1004589056;18722816;1113059328;0;0;0;0;0;0;0;0;0;0;0;3106;0;0;89;0;80;0;
16549;6072889;1004589056;18722816;1113059328;0;0;0;0;0;0;0;0;0;0;0;3176;0;0;89;0;80;0;
16550;4623441;1004589056;18722816;1113059328;0;0;0;0;0;0;0;0;0;0;0;3276;0;0;89;0;80;0;
16551;4965151;1004589056;18722816;1113059328;0;0;0;0;0;0;0;0;0;0;0;2595;0;0;89;0;80;0;
16552;3116174;1004589056;18722816;1113059328;0;0;0;0;0;0;0;0;0;0;0;2424;0;0;89;0;80;0;
16553;6418417;1004589056;18722816;1113059328;0;0;0;0;0;0;0;0;0;0;0;2976;0;0;89;0;80;0;
16554;3791120;1004589056;18722816;1113059328;0;0;0;0;0;0;0;0;0;0;0;2084;0;0;89;0;80;0;
16555;5284731;1004589056;18722816;1113059328;0;0;0;0;0;0;0;0;0;0;0;2655;0;0;89;0;80;0;
16556;3304146;1004589056;18722816;1113059328;0;0;0;0;0;0;0;0;0;0;0;1973;0;0;89;0;80;0;
16557;6632749;1004589056;18722816;1113059328;0;0;0;0;0;0;0;0;0;0;0;2334;0;0;89;0;80;0;
16558;3053466;1004589056;18722816;1113059328;0;0;0;0;0;0;0;0;0;0;0;2064;0;0;89;0;80;0;
16559;5234657;1004589056;18722816;1113059328;0;0;0;0;0;0;0;0;0;0;0;2094;0;0;89;0;80;0;
16560;3865219;1004589056;18722816;1113059328;0;0;0;0;0;0;0;0;0;0;0;3206;0;0;89;0;80;0;
16561;5724917;1004589056;18722816;1113059328;0;0;0;0;0;0;0;0;0;0;0;2505;0;0;89;0;80;0;
16562;5148926;1004589056;18722816;1113059328;0;0;0;0;0;0;0;0;0;0;0;3226;0;0;89;0;80;0;
16563;5573633;1004589056;18722816;1113059328;0;0;0;0;0;0;0;0;0;0;0;2795;0;0;89;0;80;0;
16564;3541111;1004589056;18722816;1113059328;0;0;0;0;0;0;0;0;0;0;0;1973;0;0;89;0;80;0;
16565;4627369;1004589056;18722816;1113059328;0;0;0;0;0;0;0;0;0;0;0;2625;0;0;89;0;80;0;
16566;3573642;1004589056;18722816;1113059328;0;0;0;0;0;0;0;0;0;0;0;2315;0;0;89;0;80;0;
16567;5534950;1004589056;18722816;1113059328;0;0;0;0;0;0;0;0;0;0;0;2314;0;0;89;0;80;0;
16568;4634471;1004589056;18722816;1113059328;0;0;0;0;0;0;0;0;0;0;0;2164;0;0;89;0;80;0;
16569;4982775;1004589056;18722816;1113059328;0;0;0;0;0;0;0;0;0;0;0;2625;0;0;89;0;80;0;
16570;4578126;1004589056;18722816;1113059328;0;0;0;0;0;0;0;0;0;0;0;4498;0;0;89;0;80;0;
16571;6970232;1004589056;18722816;1113059328;0;0;0;0;0;0;0;0;0;0;0;4328;0;0;89;0;80;0;
16572;4650742;1004589056;18722816;1113059328;0;0;0;0;0;0;0;0;0;0;0;3687;0;0;89;0;80;0;
16573;6085854;1007759360;28348416;1122684928;0;0;0;0;0;0;0;0;0;0;0;4338;0;0;89;0;80;0;
16574;4827012;1007759360;28348416;1122684928;0;0;0;0;0;0;0;0;0;0;0;3817;0;0;89;0;80;0;
16575;7020086;1007759360;28348416;1122684928;0;0;0;0;0;0;0;0;0;0;0;4548;0;0;89;0;80;0;
16576;5918279;1007759360;28348416;1122684928;0;0;0;0;0;0;0;0;0;0;0;4608;0;0;89;0;80;0;
16577;6659739;1007759360;28348416;1122684928;0;0;0;0;0;0;0;0;0;0;0;9157;0;0;89;0;80;0;
16578;4838073;1007759360;28348416;1122684928;0;0;0;0;0;0;0;0;0;0;0;3707;0;0;89;0;80;0;
16579;6604426;1007759360;28348416;1122684928;0;0;0;0;0;0;0;0;0;0;0;4238;0;0;89;0;80;0;
16580;4145264;1007759360;28348416;1122684928;0;0;0;0;0;0;0;0;0;0;0;3467;0;0;89;0;80;0;
16581;5173692;1007759360;28348416;1122684928;0;0;0;0;0;0;0;0;0;0;0;3897;0;0;89;0;80;0;
16582;4833284;1004589056;18722816;1113059328;0;0;0;0;0;0;0;0;0;0;0;5750;0;0;89;0;80;0;
16583;7088254;1004589056;18722816;1113059328;0;0;0;0;0;0;0;0;0;0;0;3486;0;0;89;0;80;0;
16584;4355598;1004589056;18722816;1113059328;0;0;0;0;0;0;0;0;0;0;0;9648;0;0;89;0;80;0;
16585;5637072;1004589056;18722816;1113059328;0;0;0;0;0;0;0;0;0;0;0;3707;0;0;89;0;80;0;
16586;5004025;1004589056;18722816;1113059328;0;0;0;0;0;0;0;0;0;0;0;3196;0;0;89;0;80;0;
16587;5544619;1004589056;18722816;1113059328;0;0;0;0;0;0;0;0;0;0;0;2715;0;0;89;0;80;0;
16588;3806038;1004589056;18722816;1113059328;0;0;0;0;0;0;0;0;0;0;0;2124;0;0;89;0;80;0;
16589;4830880;1004589056;18722816;1113059328;0;0;0;0;0;0;0;0;0;0;0;2434;0;0;89;0;80;0;
16590;3995773;1004589056;18722816;1113059328;0;0;0;0;0;0;0;0;0;0;0;2355;0;0;89;0;80;0;
16591;5027007;1004589056;18722816;1113059328;0;0;0;0;0;0;0;0;0;0;0;2504;0;0;89;0;80;0;
16592;2788590;1004589056;18722816;1113059328;0;0;0;0;0;0;0;0;0;0;0;2094;0;0;89;0;80;0;
16593;5364551;1004589056;18722816;1113059328;0;0;0;0;0;0;0;0;0;0;0;2745;0;0;89;0;80;0;
16594;3826105;1004589056;18722816;1113059328;0;0;0;0;0;0;0;0;0;0;0;2525;0;0;89;0;80;0;
16595;4850867;1004589056;18722816;1113059328;0;0;0;0;0;0;0;0;0;0;0;2054;0;0;89;0;80;0;
16596;3232823;1004589056;18722816;1113059328;0;0;0;0;0;0;0;0;0;0;0;2615;0;0;89;0;80;0;
16597;5263762;1004589056;18722816;1113059328;0;0;0;0;0;0;0;0;0;0;0;3045;0;0;89;0;80;0;
16598;3385389;1004589056;18722816;1113059328;0;0;0;0;0;0;0;0;0;0;0;2334;0;0;89;0;80;0;
16599;5195984;1004589056;18722816;1113059328;0;0;0;0;0;0;0;0;0;0;0;2715;0;0;89;0;80;0;
16600;3193438;1004589056;18722816;1113059328;0;0;0;0;0;0;0;0;0;0;0;2094;0;0;89;0;80;0;
16601;5188671;1004589056;18722816;1113059328;0;0;0;0;0;0;0;0;0;0;0;2785;0;0;89;0;80;0;
16602;2698280;1004589056;18722816;1113059328;0;0;0;0;0;0;0;0;0;0;0;2705;0;0;89;0;80;0;
16603;4770326;1004589056;18722816;1113059328;0;0;0;0;0;0;0;0;0;0;0;2535;0;0;89;0;80;0;
16604;3332009;1004589056;18722816;1113059328;0;0;0;0;0;0;0;0;0;0;0;2625;0;0;89;0;80;0;
16605;5016488;1004589056;18722816;1113059328;0;0;0;0;0;0;0;0;0;0;0;3637;0;0;89;0;80;0;
16606;8318219;1004589056;18722816;1113059328;0;0;0;0;0;0;0;0;0;0;0;2605;0;0;89;0;80;0;
16607;6355249;1004589056;18722816;1113059328;0;0;0;0;0;0;0;0;0;0;0;2665;0;0;89;0;80;0;
16608;3600873;1004589056;18722816;1113059328;0;0;0;0;0;0;0;0;0;0;0;2505;0;0;89;0;80;0;
16609;5263401;1004589056;18722816;1113059328;0;0;0;0;0;0;0;0;0;0;0;2464;0;0;89;0;80;0;
16610;3938857;1004589056;18722816;1113059328;0;0;0;0;0;0;0;0;0;0;0;2765;0;0;89;0;80;0;
16611;6443785;1004589056;18722816;1113059328;0;0;0;0;0;0;0;0;0;0;0;2625;0;0;89;0;80;0;
16612;3043187;1004589056;18722816;1113059328;0;0;0;0;0;0;0;0;0;0;0;2715;0;0;89;0;80;0;
16613;5440232;1004589056;18722816;1113059328;0;0;0;0;0;0;0;0;0;0;0;3256;0;0;89;0;80;0;
16614;4491894;1004589056;18722816;1113059328;0;0;0;0;0;0;0;0;0;0;0;2866;0;0;89;0;80;0;
16615;5145780;1004589056;18722816;1113059328;0;0;0;0;0;0;0;0;0;0;0;2444;0;0;89;0;80;0;
16616;3030343;1004589056;18722816;1113059328;0;0;0;0;0;0;0;0;0;0;0;2505;0;0;89;0;80;0;
16617;5183030;1004589056;18722816;1113059328;0;0;0;0;0;0;0;0;0;0;0;2676;0;0;89;0;80;0;
16618;3397281;1004589056;18722816;1113059328;0;0;0;0;0;0;0;0;0;0;0;2644;0;0;89;0;80;0;
16619;5336078;1004589056;18722816;1113059328;0;0;0;0;0;0;0;0;0;0;0;2645;0;0;89;0;80;0;
16620;2878028;1004589056;18722816;1113059328;0;0;0;0;0;0;0;0;0;0;0;2555;0;0;89;0;80;0;
16621;4929996;1004589056;18722816;1113059328;0;0;0;0;0;0;0;0;0;0;0;2785;0;0;89;0;80;0;
16622;3349582;1004589056;18722816;1113059328;0;0;0;0;0;0;0;0;0;0;0;2425;0;0;89;0;80;0;
16623;5273690;1004589056;18722816;1113059328;0;0;0;0;0;0;0;0;0;0;0;2595;0;0;89;0;80;0;
16624;3632783;1004589056;18722816;1113059328;0;0;0;0;0;0;0;0;0;0;0;2254;0;0;89;0;80;0;
16625;5211132;1004589056;18722816;1113059328;0;0;0;0;0;0;0;0;0;0;0;2475;0;0;89;0;80;0;
16626;4010391;1004589056;18722816;1113059328;0;0;0;0;0;0;0;0;0;0;0;2905;0;0;89;0;80;0;
16627;5120723;1004589056;18722816;1113059328;0;0;0;0;0;0;0;0;0;0;0;2896;0;0;89;0;80;0;
16628;3106876;1004589056;18722816;1113059328;0;0;0;0;0;0;0;0;0;0;0;2575;0;0;89;0;80;0;
16629;6546006;1004589056;18722816;1113059328;0;0;0;0;0;0;0;0;0;0;0;3767;0;0;89;0;80;0;
16630;6792308;1004589056;18722816;1113059328;0;0;0;0;0;0;0;0;0;0;0;2695;0;0;89;0;80;0;
16631;5978823;1004589056;18722816;1113059328;0;0;0;0;0;0;0;0;0;0;0;2495;0;0;89;0;80;0;
16632;3409695;1004589056;18722816;1113059328;0;0;0;0;0;0;0;0;0;0;0;2705;0;0;89;0;80;0;
16633;4997422;1004589056;18722816;1113059328;0;0;0;0;0;0;0;0;0;0;0;2605;0;0;89;0;80;0;
16634;3599400;1004589056;18722816;1113059328;0;0;0;0;0;0;0;0;0;0;0;2805;0;0;89;0;80;0;
16635;6424459;1004589056;18722816;1113059328;0;0;0;0;0;0;0;0;0;0;0;2244;0;0;89;0;80;0;
16636;5544909;1004589056;18722816;1113059328;0;0;0;0;0;0;0;0;0;0;0;2885;0;0;89;0;80;0;
16637;5237172;1004589056;18722816;1113059328;0;0;0;0;0;0;0;0;0;0;0;2865;0;0;89;0;80;0;
16638;4328377;1004589056;18722816;1113059328;0;0;0;0;0;0;0;0;0;0;0;2635;0;0;89;0;80;0;
16639;6784795;1004589056;18722816;1113059328;0;0;0;0;0;0;0;0;0;0;0;2655;0;0;89;0;80;0;
16640;3015094;1004589056;18722816;1113059328;0;0;0;0;0;0;0;0;0;0;0;2244;0;0;89;0;80;0;
16641;5210933;1004589056;18722816;1113059328;0;0;0;0;0;0;0;0;0;0;0;2344;0;0;89;0;80;0;
16642;3324836;1004589056;18722816;1113059328;0;0;0;0;0;0;0;0;0;0;0;1713;0;0;89;0;80;0;
16643;5486920;1004589056;18722816;1113059328;0;0;0;0;0;0;0;0;0;0;0;2845;0;0;89;0;80;0;
16644;3234557;1004589056;18722816;1113059328;0;0;0;0;0;0;0;0;0;0;0;3015;0;0;89;0;80;0;
16645;4812626;1004589056;18722816;1113059328;0;0;0;0;0;0;0;0;0;0;0;3176;0;0;89;0;80;0;
16646;3777875;1004589056;18722816;1113059328;0;0;0;0;0;0;0;0;0;0;0;2394;0;0;89;0;80;0;
16647;5604080;1004589056;18722816;1113059328;0;0;0;0;0;0;0;0;0;0;0;3125;0;0;89;0;80;0;
16648;3387262;1004589056;18722816;1113059328;0;0;0;0;0;0;0;0;0;0;0;2765;0;0;89;0;80;0;
16649;5446284;1004589056;18722816;1113059328;0;0;0;0;0;0;0;0;0;0;0;1913;0;0;89;0;80;0;
16650;3744172;1004589056;18722816;1113059328;0;0;0;0;0;0;0;0;0;0;0;2024;0;0;89;0;80;0;
16651;4927631;1004589056;18722816;1113059328;0;0;0;0;0;0;0;0;0;0;0;2735;0;0;89;0;80;0;
16652;3665945;1004589056;18722816;1113059328;0;0;0;0;0;0;0;0;0;0;0;2705;0;0;89;0;80;0;
16653;6139694;1004589056;18722816;1113059328;0;0;0;0;0;0;0;0;0;0;0;3437;0;0;89;0;80;0;
16654;4350609;1004589056;18722816;1113059328;0;0;0;0;0;0;0;0;0;0;0;2415;0;0;89;0;80;0;
16655;5522928;1004589056;18722816;1113059328;0;0;0;0;0;0;0;0;0;0;0;3066;0;0;89;0;80;0;
16656;3572129;1004589056;18722816;1113059328;0;0;0;0;0;0;0;0;0;0;0;2124;0;0;89;0;80;0;
16657;5709478;1004589056;18722816;1113059328;0;0;0;0;0;0;0;0;0;0;0;2535;0;0;89;0;80;0;
16658;4331192;1004589056;18722816;1113059328;0;0;0;0;0;0;0;0;0;0;0;2785;0;0;89;0;80;0;
16659;5348200;1004589056;18722816;1113059328;0;0;0;0;0;0;0;0;0;0;0;2144;0;0;89;0;80;0;
16660;2948650;1004589056;18722816;1113059328;0;0;0;0;0;0;0;0;0;0;0;2314;0;0;89;0;80;0;
16661;5367286;1004589056;18722816;1113059328;0;0;0;0;0;0;0;0;0;0;0;2785;0;0;89;0;80;0;
16662;4194015;1004589056;18722816;1113059328;0;0;0;0;0;0;0;0;0;0;0;2514;0;0;89;0;80;0;
16663;5177961;1004589056;18722816;1113059328;0;0;0;0;0;0;0;0;0;0;0;2575;0;0;89;0;80;0;
16664;3449369;1004589056;18722816;1113059328;0;0;0;0;0;0;0;0;0;0;0;2164;0;0;89;0;80;0;
16665;5113089;1004589056;18722816;1113059328;0;0;0;0;0;0;0;0;0;0;0;2715;0;0;89;0;80;0;
16666;3596564;1004589056;18722816;1113059328;0;0;0;0;0;0;0;0;0;0;0;2575;0;0;89;0;80;0;
16667;6336844;1007759360;28348416;1122684928;0;0;0;0;0;0;0;0;0;0;0;2805;0;0;89;0;80;0;
16668;4138201;1007759360;28348416;1122684928;0;0;0;0;0;0;0;0;0;0;0;2765;0;0;89;0;80;0;
16669;5541713;1007759360;28348416;1122684928;0;0;0;0;0;0;0;0;0;0;0;2625;0;0;89;0;80;0;
16670;3354642;1007759360;28348416;1122684928;0;0;0;0;0;0;0;0;0;0;0;2224;0;0;89;0;80;0;
16671;5591216;1007759360;28348416;1122684928;0;0;0;0;0;0;0;0;0;0;0;2835;0;0;89;0;80;0;
16672;4200327;1007759360;28348416;1122684928;0;0;0;0;0;0;0;0;0;0;0;3547;0;0;89;0;80;0;
16673;5726219;1007759360;28348416;1122684928;0;0;0;0;0;0;0;0;0;0;0;2865;0;0;89;0;80;0;
16674;4331824;1007759360;28348416;1122684928;0;0;0;0;0;0;0;0;0;0;0;3417;0;0;89;0;80;0;
16675;6777711;1007759360;28348416;1122684928;0;0;0;0;0;0;0;0;0;0;0;4899;0;0;89;0;80;0;
16676;5166389;1004589056;18722816;1113059328;0;0;0;0;0;0;0;0;0;0;0;3346;0;0;89;0;80;0;
16677;5145109;1004589056;18722816;1113059328;0;0;0;0;0;0;0;0;0;0;0;2846;0;0;89;0;80;0;
16678;4614724;1004589056;18722816;1113059328;0;0;0;0;0;0;0;0;0;0;0;4449;0;0;89;0;80;0;
16679;5843469;1004589056;18722816;1113059328;0;0;0;0;0;0;0;0;0;0;0;3747;0;0;89;0;80;0;
16680;4914266;1004589056;18722816;1113059328;0;0;0;0;0;0;0;0;0;0;0;3647;0;0;89;0;80;0;
16681;5367716;1004589056;18722816;1113059328;0;0;0;0;0;0;0;0;0;0;0;3898;0;0;89;0;80;0;
16682;5788276;1004589056;18722816;1113059328;0;0;0;0;0;0;0;0;0;0;0;2976;0;0;89;0;80;0;
16683;5235108;1004589056;18722816;1113059328;0;0;0;0;0;0;0;0;0;0;0;3767;0;0;89;0;80;0;
16684;4399971;1004589056;18722816;1113059328;0;0;0;0;0;0;0;0;0;0;0;4439;0;0;89;0;80;0;
16685;5488573;1004589056;18722816;1113059328;0;0;0;0;0;0;0;0;0;0;0;4128;0;0;89;0;80;0;
16686;3963103;1004589056;18722816;1113059328;0;0;0;0;0;0;0;0;0;0;0;3386;0;0;89;0;80;0;
16687;6056598;1004589056;18722816;1113059328;0;0;0;0;0;0;0;0;0;0;0;3136;0;0;89;0;80;0;
16688;4830639;1004589056;18722816;1113059328;0;0;0;0;0;0;0;0;0;0;0;3807;0;0;89;0;80;0;
16689;5465811;1004589056;18722816;1113059328;0;0;0;0;0;0;0;0;0;0;0;3467;0;0;89;0;80;0;
16690;4375856;1004589056;18722816;1113059328;0;0;0;0;0;0;0;0;0;0;0;2284;0;0;89;0;80;0;
16691;5568844;1004589056;18722816;1113059328;0;0;0;0;0;0;0;0;0;0;0;3737;0;0;89;0;80;0;
16692;4694715;1004589056;18722816;1113059328;0;0;0;0;0;0;0;0;0;0;0;3066;0;0;89;0;80;0;
16693;6384984;1004589056;18722816;1113059328;0;0;0;0;0;0;0;0;0;0;0;4128;0;0;89;0;80;0;
16694;3825714;1004589056;18722816;1113059328;0;0;0;0;0;0;0;0;0;0;0;3056;0;0;89;0;80;0;
16695;6380946;1004589056;18722816;1113059328;0;0;0;0;0;0;0;0;0;0;0;5610;0;0;89;0;80;0;
16696;4390484;1004589056;18722816;1113059328;0;0;0;0;0;0;0;0;0;0;0;3146;0;0;89;0;80;0;
16697;6356280;1004589056;18722816;1113059328;0;0;0;0;0;0;0;0;0;0;0;3957;0;0;89;0;80;0;
16698;3619498;1004589056;18722816;1113059328;0;0;0;0;0;0;0;0;0;0;0;3266;0;0;89;0;80;0;
16699;5999050;1004589056;18722816;1113059328;0;0;0;0;0;0;0;0;0;0;0;9338;0;0;89;0;80;0;
16700;4473399;1004589056;18722816;1113059328;0;0;0;0;0;0;0;0;0;0;0;3546;0;0;89;0;80;0;
16701;6090202;1004589056;18722816;1113059328;0;0;0;0;0;0;0;0;0;0;0;3627;0;0;89;0;80;0;
16702;4556495;1004589056;18722816;1113059328;0;0;0;0;0;0;0;0;0;0;0;3386;0;0;89;0;80;0;
16703;5639427;1004589056;18722816;1113059328;0;0;0;0;0;0;0;0;0;0;0;3978;0;0;89;0;80;0;
16704;4300225;1004589056;18722816;1113059328;0;0;0;0;0;0;0;0;0;0;0;3967;0;0;89;0;80;0;
16705;6031992;1004589056;18722816;1113059328;0;0;0;0;0;0;0;0;0;0;0;5189;0;0;89;0;80;0;
16706;5589292;1004589056;18722816;1113059328;0;0;0;0;0;0;0;0;0;0;0;2715;0;0;89;0;80;0;
16707;5981147;1004589056;18722816;1113059328;0;0;0;0;0;0;0;0;0;0;0;3617;0;0;89;0;80;0;
16708;3874176;1004589056;18722816;1113059328;0;0;0;0;0;0;0;0;0;0;0;3256;0;0;89;0;80;0;
16709;6531860;1004589056;18722816;1113059328;0;0;0;0;0;0;0;0;0;0;0;2996;0;0;89;0;80;0;
16710;5241409;1004589056;18722816;1113059328;0;0;0;0;0;0;0;0;0;0;0;3887;0;0;89;0;80;0;
16711;5708546;1004589056;18722816;1113059328;0;0;0;0;0;0;0;0;0;0;0;2845;0;0;89;0;80;0;
16712;4762271;1004589056;18722816;1113059328;0;0;0;0;0;0;0;0;0;0;0;2525;0;0;89;0;80;0;
16713;5726941;1004589056;18722816;1113059328;0;0;0;0;0;0;0;0;0;0;0;2514;0;0;89;0;80;0;
16714;2753514;1004589056;18722816;1113059328;0;0;0;0;0;0;0;0;0;0;0;2014;0;0;89;0;80;0;
16715;6406775;1004589056;18722816;1113059328;0;0;0;0;0;0;0;0;0;0;0;2765;0;0;89;0;80;0;
16716;5318575;1004589056;18722816;1113059328;0;0;0;0;0;0;0;0;0;0;0;2816;0;0;89;0;80;0;
16717;5404165;1004589056;18722816;1113059328;0;0;0;0;0;0;0;0;0;0;0;2114;0;0;89;0;80;0;
16718;3367545;1004589056;18722816;1113059328;0;0;0;0;0;0;0;0;0;0;0;2544;0;0;89;0;80;0;
16719;5543015;1004589056;18722816;1113059328;0;0;0;0;0;0;0;0;0;0;0;4758;0;0;89;0;80;0;
16720;4441649;1004589056;18722816;1113059328;0;0;0;0;0;0;0;0;0;0;0;3547;0;0;89;0;80;0;
16721;6024218;1004589056;18722816;1113059328;0;0;0;0;0;0;0;0;0;0;0;4970;0;0;89;0;80;0;
16722;5575617;1004589056;18722816;1113059328;0;0;0;0;0;0;0;0;0;0;0;3607;0;0;89;0;80;0;
16723;6100341;1004589056;18722816;1113059328;0;0;0;0;0;0;0;0;0;0;0;4899;0;0;89;0;80;0;
16724;5464728;1004589056;18722816;1113059328;0;0;0;0;0;0;0;0;0;0;0;3877;0;0;89;0;80;0;
16725;5503231;1004589056;18722816;1113059328;0;0;0;0;0;0;0;0;0;0;0;3727;0;0;89;0;80;0;
16726;4226066;1004589056;18722816;1113059328;0;0;0;0;0;0;0;0;0;0;0;2595;0;0;89;0;80;0;
16727;5681796;1004589056;18722816;1113059328;0;0;0;0;0;0;0;0;0;0;0;2525;0;0;89;0;80;0;
16728;3349161;1004589056;18722816;1113059328;0;0;0;0;0;0;0;0;0;0;0;2304;0;0;89;0;80;0;
16729;5771905;1004589056;18722816;1113059328;0;0;0;0;0;0;0;0;0;0;0;2595;0;0;89;0;80;0;
16730;3553815;1004589056;18722816;1113059328;0;0;0;0;0;0;0;0;0;0;0;2896;0;0;89;0;80;0;
16731;5117938;1004589056;18722816;1113059328;0;0;0;0;0;0;0;0;0;0;0;2565;0;0;89;0;80;0;
16732;3363919;1004589056;18722816;1113059328;0;0;0;0;0;0;0;0;0;0;0;2405;0;0;89;0;80;0;
16733;6228381;1004589056;18722816;1113059328;0;0;0;0;0;0;0;0;0;0;0;2985;0;0;89;0;80;0;
16734;3452154;1004589056;18722816;1113059328;0;0;0;0;0;0;0;0;0;0;0;2374;0;0;89;0;80;0;
16735;5050201;1004589056;18722816;1113059328;0;0;0;0;0;0;0;0;0;0;0;2234;0;0;89;0;80;0;
16736;4077296;1004589056;18722816;1113059328;0;0;0;0;0;0;0;0;0;0;0;2655;0;0;89;0;80;0;
16737;6108566;1004589056;18722816;1113059328;0;0;0;0;0;0;0;0;0;0;0;5150;0;0;89;0;80;0;
16738;5546802;1004589056;18722816;1113059328;0;0;0;0;0;0;0;0;0;0;0;4388;0;0;89;0;80;0;
16739;6270189;1004589056;18722816;1113059328;0;0;0;0;0;0;0;0;0;0;0;6221;0;0;89;0;80;0;
16740;15678012;1004589056;18722816;1113059328;0;0;0;0;0;0;0;0;0;0;0;6843;0;0;89;0;80;0;
16741;7286685;1004589056;18722816;1113059328;0;0;0;0;0;0;0;0;0;0;0;7294;0;0;89;0;80;0;
16742;7241390;1004589056;18722816;1113059328;0;0;0;0;0;0;0;0;0;0;0;5170;0;0;89;0;80;0;
16743;6819950;1004589056;18722816;1113059328;0;0;0;0;0;0;0;0;0;0;0;4920;0;0;89;0;80;0;
16744;7180376;1004589056;18722816;1113059328;0;0;0;0;0;0;0;0;0;0;0;4779;0;0;89;0;80;0;
16745;6648799;1004589056;18722816;1113059328;0;0;0;0;0;0;0;0;0;0;0;4879;0;0;89;0;80;0;
16746;6025360;1004589056;18722816;1113059328;0;0;0;0;0;0;0;0;0;0;0;4418;0;0;89;0;80;0;
16747;6260221;1004589056;18722816;1113059328;0;0;0;0;0;0;0;0;0;0;0;4359;0;0;89;0;80;0;
16748;4961034;1004589056;18722816;1113059328;0;0;0;0;0;0;0;0;0;0;0;4197;0;0;89;0;80;0;
16749;6050718;1004589056;18722816;1113059328;0;0;0;0;0;0;0;0;0;0;0;3958;0;0;89;0;80;0;
16750;5348280;1004589056;18722816;1113059328;0;0;0;0;0;0;0;0;0;0;0;4037;0;0;89;0;80;0;
16751;7368478;1004589056;18722816;1113059328;0;0;0;0;0;0;0;0;0;0;0;4438;0;0;89;0;80;0;
16752;5753991;1004589056;18722816;1113059328;0;0;0;0;0;0;0;0;0;0;0;4588;0;0;89;0;80;0;
16753;7076181;1004589056;18722816;1113059328;0;0;0;0;0;0;0;0;0;0;0;4919;0;0;89;0;80;0;
16754;5781423;1004589056;18722816;1113059328;0;0;0;0;0;0;0;0;0;0;0;3426;0;0;89;0;80;0;
16755;5810326;1004589056;18722816;1113059328;0;0;0;0;0;0;0;0;0;0;0;3697;0;0;89;0;80;0;
16756;4569008;1004589056;18722816;1113059328;0;0;0;0;0;0;0;0;0;0;0;3126;0;0;89;0;80;0;
16757;7790631;1004589056;18722816;1113059328;0;0;0;0;0;0;0;0;0;0;0;5190;0;0;89;0;80;0;
16758;7085779;1004589056;18722816;1113059328;0;0;0;0;0;0;0;0;0;0;0;7274;0;0;89;0;80;0;
16759;8058834;1004589056;18722816;1113059328;0;0;0;0;0;0;0;0;0;0;0;6592;0;0;89;0;80;0;
16760;7548065;1004589056;18722816;1113059328;0;0;0;0;0;0;0;0;0;0;0;7795;0;0;89;0;80;0;
16761;7587980;1004589056;18722816;1113059328;0;0;0;0;0;0;0;0;0;0;0;4809;0;0;89;0;80;0;
16762;6253347;1004589056;18722816;1113059328;0;0;0;0;0;0;0;0;0;0;0;3707;0;0;89;0;80;0;
16763;7021198;1004589056;18722816;1113059328;0;0;0;0;0;0;0;0;0;0;0;4258;0;0;89;0;80;0;
16764;6939074;1004589056;18722816;1113059328;0;0;0;0;0;0;0;0;0;0;0;4648;0;0;89;0;80;0;
16765;6595399;1004589056;18722816;1113059328;0;0;0;0;0;0;0;0;0;0;0;4098;0;0;89;0;80;0;
16766;6254960;1004589056;18722816;1113059328;0;0;0;0;0;0;0;0;0;0;0;3466;0;0;89;0;80;0;
16767;5525473;1004589056;18722816;1113059328;0;0;0;0;0;0;0;0;0;0;0;4288;0;0;89;0;80;0;
16768;4909186;1004589056;18722816;1113059328;0;0;0;0;0;0;0;0;0;0;0;3346;0;0;89;0;80;0;
16769;7021117;1004589056;18722816;1113059328;0;0;0;0;0;0;0;0;0;0;0;5200;0;0;89;0;80;0;
16770;6218051;1004589056;18722816;1113059328;0;0;0;0;0;0;0;0;0;0;0;3657;0;0;89;0;80;0;
16771;7126295;1004589056;18722816;1113059328;0;0;0;0;0;0;0;0;0;0;0;5140;0;0;89;0;80;0;
16772;6514638;1004589056;18722816;1113059328;0;0;0;0;0;0;0;0;0;0;0;4749;0;0;89;0;80;0;
16773;6447862;1004589056;18722816;1113059328;0;0;0;0;0;0;0;0;0;0;0;4398;0;0;89;0;80;0;
16774;7211915;1004589056;18722816;1113059328;0;0;0;0;0;0;0;0;0;0;0;5360;0;0;89;0;80;0;
16775;7961992;1004589056;18722816;1113059328;0;0;0;0;0;0;0;0;0;0;0;4508;0;0;89;0;80;0;
16776;8084782;1004589056;18722816;1113059328;0;0;0;0;0;0;0;0;0;0;0;6633;0;0;89;0;80;0;
16777;6653277;1004589056;18726912;1113063424;0;0;0;0;0;0;0;0;0;0;0;3576;0;0;89;0;80;0;
16778;7277007;1004589056;18731008;1113067520;0;0;0;0;0;0;0;0;0;0;0;4748;0;0;89;0;80;0;
16779;6616799;1004589056;18731008;1113067520;0;0;0;0;0;0;0;0;0;0;0;3487;0;0;89;0;80;0;
16780;5115965;1004589056;18731008;1113067520;0;0;0;0;0;0;0;0;0;0;0;3888;0;0;89;0;80;0;
16781;6471506;1004589056;18731008;1113067520;0;0;0;0;0;0;0;0;0;0;0;3176;0;0;89;0;80;0;
16782;4988575;1004589056;18731008;1113067520;0;0;0;0;0;0;0;0;0;0;0;4047;0;0;89;0;80;0;
16783;8249801;1004589056;18731008;1113067520;0;0;0;0;0;0;0;0;0;0;0;3436;0;0;89;0;80;0;
16784;7269533;1004589056;18722816;1113059328;0;0;0;0;0;0;0;0;0;0;0;4539;0;0;89;0;80;0;
16785;6692561;1007759360;28348416;1122684928;0;0;0;0;0;0;0;0;0;0;0;3937;0;0;89;0;80;0;
16786;8135678;1007759360;28348416;1122684928;0;0;0;0;0;0;0;0;0;0;0;4649;0;0;89;0;80;0;
16787;6917093;1007759360;28348416;1122684928;0;0;0;0;0;0;0;0;0;0;0;3347;0;0;89;0;80;0;
16788;6826212;1007759360;28348416;1122684928;0;0;0;0;0;0;0;0;0;0;0;4549;0;0;89;0;80;0;
16789;5909943;1007759360;28348416;1122684928;0;0;0;0;0;0;0;0;0;0;0;3977;0;0;89;0;80;0;
16790;6043073;1007759360;28348416;1122684928;0;0;0;0;0;0;0;0;0;0;0;3858;0;0;89;0;80;0;
16791;8520219;1007759360;28348416;1122684928;0;0;0;0;0;0;0;0;0;0;0;4218;0;0;89;0;80;0;
16792;8313401;1007759360;28348416;1122684928;0;0;0;0;0;0;0;0;0;0;0;4348;0;0;89;0;80;0;
16793;7659474;1007759360;28348416;1122684928;0;0;0;0;0;0;0;0;0;0;0;4248;0;0;89;0;80;0;
16794;5645928;1004589056;18722816;1113059328;0;0;0;0;0;0;0;0;0;0;0;4468;0;0;89;0;80;0;
16795;7193631;1004589056;18722816;1113059328;0;0;0;0;0;0;0;0;0;0;0;3908;0;0;89;0;80;0;
16796;6357412;1004589056;18722816;1113059328;0;0;0;0;0;0;0;0;0;0;0;4799;0;0;89;0;80;0;
16797;8076486;1004589056;18722816;1113059328;0;0;0;0;0;0;0;0;0;0;0;3607;0;0;89;0;80;0;
16798;6821072;1004589056;18722816;1113059328;0;0;0;0;0;0;0;0;0;0;0;4728;0;0;89;0;80;0;
16799;6151496;1004589056;18722816;1113059328;0;0;0;0;0;0;0;0;0;0;0;4068;0;0;89;0;80;0;
16800;9285263;1004589056;18722816;1113059328;0;0;0;0;0;0;0;0;0;0;0;5390;0;0;89;0;80;0;
16801;7748461;1004589056;18722816;1113059328;0;0;0;0;0;0;0;0;0;0;0;4618;0;0;89;0;80;0;
16802;8652396;1004589056;18722816;1113059328;0;0;0;0;0;0;0;0;0;0;0;3887;0;0;89;0;80;0;
16803;7802472;1004589056;18722816;1113059328;0;0;0;0;0;0;0;0;0;0;0;3827;0;0;89;0;80;0;
16804;7838350;1004589056;18722816;1113059328;0;0;0;0;0;0;0;0;0;0;0;4599;0;0;89;0;80;0;
16805;6595650;1004589056;18722816;1113059328;0;0;0;0;0;0;0;0;0;0;0;3697;0;0;89;0;80;0;
16806;8628752;1004589056;18722816;1113059328;0;0;0;0;0;0;0;0;0;0;0;3667;0;0;89;0;80;0;
16807;7524241;1004589056;18722816;1113059328;0;0;0;0;0;0;0;0;0;0;0;3626;0;0;89;0;80;0;
16808;8635434;1004589056;18722816;1113059328;0;0;0;0;0;0;0;0;0;0;0;4989;0;0;89;0;80;0;
16809;6613323;1004589056;18722816;1113059328;0;0;0;0;0;0;0;0;0;0;0;4218;0;0;89;0;80;0;
16810;9645118;1004589056;18722816;1113059328;0;0;0;0;0;0;0;0;0;0;0;6062;0;0;89;0;80;0;
16811;6989819;1004589056;18722816;1113059328;0;0;0;0;0;0;0;0;0;0;0;3807;0;0;89;0;80;0;
16812;8734050;1004589056;18722816;1113059328;0;0;0;0;0;0;0;0;0;0;0;4589;0;0;89;0;80;0;
16813;6011504;1004589056;18722816;1113059328;0;0;0;0;0;0;0;0;0;0;0;2795;0;0;89;0;80;0;
16814;5472884;1004589056;18722816;1113059328;0;0;0;0;0;0;0;0;0;0;0;4368;0;0;89;0;80;0;
16815;8365067;1004589056;18722816;1113059328;0;0;0;0;0;0;0;0;0;0;0;3326;0;0;89;0;80;0;
16816;5501748;1004589056;18722816;1113059328;0;0;0;0;0;0;0;0;0;0;0;3967;0;0;89;0;80;0;
16817;5746346;1004589056;18722816;1113059328;0;0;0;0;0;0;0;0;0;0;0;4138;0;0;89;0;80;0;
16818;5777735;1004589056;18722816;1113059328;0;0;0;0;0;0;0;0;0;0;0;3847;0;0;89;0;80;0;
16819;8269037;1004589056;18722816;1113059328;0;0;0;0;0;0;0;0;0;0;0;3727;0;0;89;0;80;0;
16820;6975772;1004589056;18722816;1113059328;0;0;0;0;0;0;0;0;0;0;0;5029;0;0;89;0;80;0;
16821;7368719;1004589056;18722816;1113059328;0;0;0;0;0;0;0;0;0;0;0;5350;0;0;89;0;80;0;
16822;5811900;1004589056;18722816;1113059328;0;0;0;0;0;0;0;0;0;0;0;3316;0;0;89;0;80;0;
16823;6089000;1004589056;18722816;1113059328;0;0;0;0;0;0;0;0;0;0;0;2875;0;0;89;0;80;0;
16824;5287055;1004589056;18722816;1113059328;0;0;0;0;0;0;0;0;0;0;0;3897;0;0;89;0;80;0;
16825;6456488;1004589056;18722816;1113059328;0;0;0;0;0;0;0;0;0;0;0;3997;0;0;89;0;80;0;
16826;5861954;1004584960;18718720;1113055232;0;0;0;0;0;0;0;0;0;0;0;4118;0;0;89;0;80;0;
16827;5476510;1004584960;18718720;1113055232;0;0;0;0;0;0;0;0;0;0;0;3437;0;0;89;0;80;0;
16828;8831923;1004584960;18718720;1113055232;0;0;0;0;0;0;0;0;0;0;0;4589;0;0;89;0;80;0;
16829;6334350;1004584960;18718720;1113055232;0;0;0;0;0;0;0;0;0;0;0;3336;0;0;89;0;80;0;
16830;6837783;1004584960;18718720;1113055232;0;0;0;0;0;0;0;0;0;0;0;4689;0;0;89;0;80;0;
16831;5201555;1004584960;18718720;1113055232;0;0;0;0;0;0;0;0;0;0;0;3968;0;0;89;0;80;0;
16832;4250842;1004584960;18718720;1113055232;0;0;0;0;0;0;0;0;0;0;0;3236;0;0;89;0;80;0;
16833;6036391;1004584960;18718720;1113055232;0;0;0;0;0;0;0;0;0;0;0;2134;0;0;89;0;80;0;
16834;4926239;1004584960;18718720;1113055232;0;0;0;0;0;0;0;0;0;0;0;2735;0;0;89;0;80;0;
16835;5030534;1004584960;18718720;1113055232;0;0;0;0;0;0;0;0;0;0;0;1913;0;0;89;0;80;0;
16836;4826211;1004584960;18718720;1113055232;0;0;0;0;0;0;0;0;0;0;0;2695;0;0;89;0;80;0;
16837;4926920;1004584960;18718720;1113055232;0;0;0;0;0;0;0;0;0;0;0;1924;0;0;89;0;80;0;
16838;5039451;1004584960;18718720;1113055232;0;0;0;0;0;0;0;0;0;0;0;3627;0;0;89;0;80;0;
16839;5935572;1004584960;18718720;1113055232;0;0;0;0;0;0;0;0;0;0;0;3166;0;0;89;0;80;0;
16840;8476566;1004584960;18718720;1113055232;0;0;0;0;0;0;0;0;0;0;0;9167;0;0;89;0;80;0;
16841;8325934;1004584960;18718720;1113055232;0;0;0;0;0;0;0;0;0;0;0;5350;0;0;89;0;80;0;
16842;7296314;1004584960;18718720;1113055232;0;0;0;0;0;0;0;0;0;0;0;4208;0;0;89;0;80;0;
16843;7674803;1004584960;18718720;1113055232;0;0;0;0;0;0;0;0;0;0;0;3617;0;0;89;0;80;0;
16844;9833191;1004584960;18718720;1113055232;0;0;0;0;0;0;0;0;0;0;0;4729;0;0;89;0;80;0;
16845;5940761;1004584960;18718720;1113055232;0;0;0;0;0;0;0;0;0;0;0;3587;0;0;89;0;80;0;
16846;7347259;1004584960;18718720;1113055232;0;0;0;0;0;0;0;0;0;0;0;4348;0;0;89;0;80;0;
16847;5722282;1004584960;18718720;1113055232;0;0;0;0;0;0;0;0;0;0;0;2785;0;0;89;0;80;0;
16848;6205167;1004584960;18718720;1113055232;0;0;0;0;0;0;0;0;0;0;0;4569;0;0;89;0;80;0;
16849;6300977;1004584960;18718720;1113055232;0;0;0;0;0;0;0;0;0;0;0;2795;0;0;89;0;80;0;
16850;6754998;1004584960;18718720;1113055232;0;0;0;0;0;0;0;0;0;0;0;5300;0;0;89;0;80;0;
16851;6798930;1004584960;18722816;1113059328;0;0;0;0;0;0;0;0;0;0;0;4549;0;0;89;0;80;0;
16852;7460852;1004584960;18726912;1113063424;0;0;0;0;0;0;0;0;0;0;0;4188;0;0;89;0;80;0;
16853;6751261;1004584960;18726912;1113063424;0;0;0;0;0;0;0;0;0;0;0;3216;0;0;89;0;80;0;
16854;7335146;1004584960;18726912;1113063424;0;0;0;0;0;0;0;0;0;0;0;3808;0;0;89;0;80;0;
16855;6847281;1004584960;18726912;1113063424;0;0;0;0;0;0;0;0;0;0;0;2816;0;0;89;0;80;0;
16856;8321796;1004584960;18726912;1113063424;0;0;0;0;0;0;0;0;0;0;0;5731;0;0;89;0;80;0;
16857;6907895;1004584960;18726912;1113063424;0;0;0;0;0;0;0;0;0;0;0;3566;0;0;89;0;80;0;
16858;6298422;1004584960;18718720;1113055232;0;0;0;0;0;0;0;0;0;0;0;4959;0;0;89;0;80;0;
16859;8136429;1004584960;18718720;1113055232;0;0;0;0;0;0;0;0;0;0;0;4689;0;0;89;0;80;0;
16860;5750735;1004584960;18718720;1113055232;0;0;0;0;0;0;0;0;0;0;0;5290;0;0;89;0;80;0;
16861;9515415;1004584960;18718720;1113055232;0;0;0;0;0;0;0;0;0;0;0;5310;0;0;89;0;80;0;
16862;7432328;1004584960;18718720;1113055232;0;0;0;0;0;0;0;0;0;0;0;3967;0;0;89;0;80;0;
16863;7153084;1004584960;18718720;1113055232;0;0;0;0;0;0;0;0;0;0;0;3917;0;0;89;0;80;0;
16864;7952794;1004584960;18718720;1113055232;0;0;0;0;0;0;0;0;0;0;0;4669;0;0;89;0;80;0;
16865;7014565;1004584960;18718720;1113055232;0;0;0;0;0;0;0;0;0;0;0;4167;0;0;89;0;80;0;
16866;6303131;1004584960;18718720;1113055232;0;0;0;0;0;0;0;0;0;0;0;4789;0;0;89;0;80;0;
16867;6422665;1004584960;18718720;1113055232;0;0;0;0;0;0;0;0;0;0;0;3937;0;0;89;0;80;0;
16868;8118034;1004584960;18718720;1113055232;0;0;0;0;0;0;0;0;0;0;0;4628;0;0;89;0;80;0;
16869;9494436;1004584960;18718720;1113055232;0;0;0;0;0;0;0;0;0;0;0;4429;0;0;89;0;80;0;
16870;7839411;1004584960;18718720;1113055232;0;0;0;0;0;0;0;0;0;0;0;6993;0;0;89;0;80;0;
16871;8569782;1004584960;18718720;1113055232;0;0;0;0;0;0;0;0;0;0;0;3146;0;0;89;0;80;0;
16872;5419253;1004584960;18718720;1113055232;0;0;0;0;0;0;0;0;0;0;0;4509;0;0;89;0;80;0;
16873;8282002;1004584960;18718720;1113055232;0;0;0;0;0;0;0;0;0;0;0;3377;0;0;89;0;80;0;
16874;6307529;1004584960;18718720;1113055232;0;0;0;0;0;0;0;0;0;0;0;4478;0;0;89;0;80;0;
16875;7875059;1004584960;18718720;1113055232;0;0;0;0;0;0;0;0;0;0;0;4489;0;0;89;0;80;0;
16876;7298267;1004584960;18718720;1113055232;0;0;0;0;0;0;0;0;0;0;0;4108;0;0;89;0;80;0;
16877;6960904;1004584960;18718720;1113055232;0;0;0;0;0;0;0;0;0;0;0;3717;0;0;89;0;80;0;
16878;5420415;1004584960;18718720;1113055232;0;0;0;0;0;0;0;0;0;0;0;3827;0;0;89;0;80;0;
16879;7634488;1007755264;28344320;1122680832;0;0;0;0;0;0;0;0;0;0;0;4048;0;0;89;0;80;0;
16880;4838574;1007755264;28344320;1122680832;0;0;0;0;0;0;0;0;0;0;0;4448;0;0;89;0;80;0;
16881;6902104;1007755264;28344320;1122680832;0;0;0;0;0;0;0;0;0;0;0;4739;0;0;89;0;80;0;
16882;5051513;1007755264;28344320;1122680832;0;0;0;0;0;0;0;0;0;0;0;3937;0;0;89;0;80;0;
16883;6288394;1007755264;28344320;1122680832;0;0;0;0;0;0;0;0;0;0;0;3055;0;0;89;0;80;0;
16884;4556796;1007755264;28344320;1122680832;0;0;0;0;0;0;0;0;0;0;0;3537;0;0;89;0;80;0;
16885;11341069;1007755264;28344320;1122680832;0;0;0;0;0;0;0;0;0;0;0;2795;0;0;89;0;80;0;
16886;7373098;1007755264;28344320;1122680832;0;0;0;0;0;0;0;0;0;0;0;4178;0;0;89;0;80;0;
16887;6060025;1007755264;28344320;1122680832;0;0;0;0;0;0;0;0;0;0;0;3036;0;0;89;0;80;0;
16888;6629503;1004584960;18718720;1113055232;0;0;0;0;0;0;0;0;0;0;0;3888;0;0;89;0;80;0;
16889;5406489;1004584960;18718720;1113055232;0;0;0;0;0;0;0;0;0;0;0;3185;0;0;89;0;80;0;
16890;3968723;1004584960;18718720;1113055232;0;0;0;0;0;0;0;0;0;0;0;3146;0;0;89;0;80;0;
16891;4669487;1004584960;18718720;1113055232;0;0;0;0;0;0;0;0;0;0;0;2605;0;0;89;0;80;0;
16892;5121666;1004584960;18718720;1113055232;0;0;0;0;0;0;0;0;0;0;0;3988;0;0;89;0;80;0;
16893;4923484;1004584960;18718720;1113055232;0;0;0;0;0;0;0;0;0;0;0;3126;0;0;89;0;80;0;
16894;5350364;1004584960;18718720;1113055232;0;0;0;0;0;0;0;0;0;0;0;3687;0;0;89;0;80;0;
16895;5473084;1004584960;18718720;1113055232;0;0;0;0;0;0;0;0;0;0;0;2735;0;0;89;0;80;0;
16896;4926258;1004584960;18718720;1113055232;0;0;0;0;0;0;0;0;0;0;0;3637;0;0;89;0;80;0;
16897;5885627;1004584960;18718720;1113055232;0;0;0;0;0;0;0;0;0;0;0;2554;0;0;89;0;80;0;
16898;6435259;1004584960;18718720;1113055232;0;0;0;0;0;0;0;0;0;0;0;3336;0;0;89;0;80;0;
16899;5515755;1004584960;18718720;1113055232;0;0;0;0;0;0;0;0;0;0;0;2846;0;0;89;0;80;0;
16900;4264958;1004584960;18718720;1113055232;0;0;0;0;0;0;0;0;0;0;0;3216;0;0;89;0;80;0;
16901;5825014;1004584960;18718720;1113055232;0;0;0;0;0;0;0;0;0;0;0;2685;0;0;89;0;80;0;
16902;4913555;1004584960;18718720;1113055232;0;0;0;0;0;0;0;0;0;0;0;3446;0;0;89;0;80;0;
16903;5483244;1004584960;18718720;1113055232;0;0;0;0;0;0;0;0;0;0;0;3086;0;0;89;0;80;0;
16904;4466537;1004584960;18718720;1113055232;0;0;0;0;0;0;0;0;0;0;0;3607;0;0;89;0;80;0;
16905;5379118;1004584960;18718720;1113055232;0;0;0;0;0;0;0;0;0;0;0;2364;0;0;89;0;80;0;
16906;4630434;1004584960;18718720;1113055232;0;0;0;0;0;0;0;0;0;0;0;3166;0;0;89;0;80;0;
16907;6185200;1004584960;18718720;1113055232;0;0;0;0;0;0;0;0;0;0;0;3436;0;0;89;0;80;0;
16908;8730493;1004584960;18718720;1113055232;0;0;0;0;0;0;0;0;0;0;0;6322;0;0;89;0;80;0;
16909;7018793;1004584960;18718720;1113055232;0;0;0;0;0;0;0;0;0;0;0;3947;0;0;89;0;80;0;
16910;8402297;1004584960;18718720;1113055232;0;0;0;0;0;0;0;0;0;0;0;4588;0;0;89;0;80;0;
16911;6272724;1004584960;18718720;1113055232;0;0;0;0;0;0;0;0;0;0;0;2845;0;0;89;0;80;0;
16912;6513265;1004584960;18718720;1113055232;0;0;0;0;0;0;0;0;0;0;0;4058;0;0;89;0;80;0;
16913;5426758;1004584960;18718720;1113055232;0;0;0;0;0;0;0;0;0;0;0;3266;0;0;89;0;80;0;
16914;6091314;1004584960;18718720;1113055232;0;0;0;0;0;0;0;0;0;0;0;4268;0;0;89;0;80;0;
16915;5579674;1004584960;18718720;1113055232;0;0;0;0;0;0;0;0;0;0;0;3066;0;0;89;0;80;0;
16916;5495566;1004584960;18718720;1113055232;0;0;0;0;0;0;0;0;0;0;0;3527;0;0;89;0;80;0;
16917;6743626;1004584960;18718720;1113055232;0;0;0;0;0;0;0;0;0;0;0;2394;0;0;89;0;80;0;
16918;5939669;1004584960;18718720;1113055232;0;0;0;0;0;0;0;0;0;0;0;3737;0;0;89;0;80;0;
16919;5950880;1004584960;18718720;1113055232;0;0;0;0;0;0;0;0;0;0;0;2414;0;0;89;0;80;0;
16920;6129666;1004584960;18718720;1113055232;0;0;0;0;0;0;0;0;0;0;0;3958;0;0;89;0;80;0;
16921;6034247;1004584960;18718720;1113055232;0;0;0;0;0;0;0;0;0;0;0;3526;0;0;89;0;80;0;
16922;5433169;1004584960;18718720;1113055232;0;0;0;0;0;0;0;0;0;0;0;3667;0;0;89;0;80;0;
16923;6831121;1004584960;18718720;1113055232;0;0;0;0;0;0;0;0;0;0;0;3747;0;0;89;0;80;0;
16924;4840338;1004584960;18718720;1113055232;0;0;0;0;0;0;0;0;0;0;0;4578;0;0;89;0;80;0;
16925;6114858;1004584960;18718720;1113055232;0;0;0;0;0;0;0;0;0;0;0;2905;0;0;89;0;80;0;
16926;5632854;1004584960;18718720;1113055232;0;0;0;0;0;0;0;0;0;0;0;6432;0;0;89;0;80;0;
16927;6244932;1004584960;18718720;1113055232;0;0;0;0;0;0;0;0;0;0;0;4488;0;0;89;0;80;0;
16928;5292054;1004584960;18718720;1113055232;0;0;0;0;0;0;0;0;0;0;0;4097;0;0;89;0;80;0;
16929;7266317;1004584960;18722816;1113059328;0;0;0;0;0;0;0;0;0;0;0;4078;0;0;89;0;80;0;
16930;4414629;1004584960;18726912;1113063424;0;0;0;0;0;0;0;0;0;0;0;3256;0;0;89;0;80;0;
16931;7565358;1004584960;18726912;1113063424;0;0;0;0;0;0;0;0;0;0;0;3676;0;0;89;0;80;0;
16932;5734374;1004584960;18726912;1113063424;0;0;0;0;0;0;0;0;0;0;0;3938;0;0;89;0;80;0;
16933;7549408;1004584960;18726912;1113063424;0;0;0;0;0;0;0;0;0;0;0;2915;0;0;89;0;80;0;
16934;4400072;1004584960;18726912;1113063424;0;0;0;0;0;0;0;0;0;0;0;3286;0;0;89;0;80;0;
16935;6806214;1004584960;18726912;1113063424;0;0;0;0;0;0;0;0;0;0;0;3286;0;0;89;0;80;0;
16936;3628114;1004584960;18718720;1113055232;0;0;0;0;0;0;0;0;0;0;0;3417;0;0;89;0;80;0;
16937;4472548;1004584960;18718720;1113055232;0;0;0;0;0;0;0;0;0;0;0;2295;0;0;89;0;80;0;
16938;6151467;1004584960;18718720;1113055232;0;0;0;0;0;0;0;0;0;0;0;3076;0;0;89;0;80;0;
16939;6068481;1004584960;18718720;1113055232;0;0;0;0;0;0;0;0;0;0;0;2796;0;0;89;0;80;0;
16940;5728042;1004584960;18718720;1113055232;0;0;0;0;0;0;0;0;0;0;0;3487;0;0;89;0;80;0;
16941;5149427;1004584960;18718720;1113055232;0;0;0;0;0;0;0;0;0;0;0;3888;0;0;89;0;80;0;
16942;4194987;1004584960;18718720;1113055232;0;0;0;0;0;0;0;0;0;0;0;3597;0;0;89;0;80;0;
16943;5911185;1004584960;18718720;1113055232;0;0;0;0;0;0;0;0;0;0;0;2805;0;0;89;0;80;0;
16944;4293031;1004584960;18718720;1113055232;0;0;0;0;0;0;0;0;0;0;0;2976;0;0;89;0;80;0;
16945;5727712;1004584960;18718720;1113055232;0;0;0;0;0;0;0;0;0;0;0;3066;0;0;89;0;80;0;
16946;5795409;1004584960;18718720;1113055232;0;0;0;0;0;0;0;0;0;0;0;3086;0;0;89;0;80;0;
16947;5463727;1004584960;18718720;1113055232;0;0;0;0;0;0;0;0;0;0;0;2434;0;0;89;0;80;0;
16948;3927866;1004584960;18718720;1113055232;0;0;0;0;0;0;0;0;0;0;0;3386;0;0;89;0;80;0;
16949;5733002;1004584960;18718720;1113055232;0;0;0;0;0;0;0;0;0;0;0;2745;0;0;89;0;80;0;
16950;4716055;1004584960;18718720;1113055232;0;0;0;0;0;0;0;0;0;0;0;3607;0;0;89;0;80;0;
16951;6567016;1004584960;18718720;1113055232;0;0;0;0;0;0;0;0;0;0;0;3827;0;0;89;0;80;0;
16952;3977820;1004584960;18718720;1113055232;0;0;0;0;0;0;0;0;0;0;0;4248;0;0;89;0;80;0;
16953;5437047;1004584960;18718720;1113055232;0;0;0;0;0;0;0;0;0;0;0;2715;0;0;89;0;80;0;
16954;4726303;1004584960;18718720;1113055232;0;0;0;0;0;0;0;0;0;0;0;4208;0;0;89;0;80;0;
16955;6773603;1004584960;18718720;1113055232;0;0;0;0;0;0;0;0;0;0;0;3777;0;0;89;0;80;0;
16956;4883128;1004584960;18718720;1113055232;0;0;0;0;0;0;0;0;0;0;0;3647;0;0;89;0;80;0;
16957;6452201;1004584960;18718720;1113055232;0;0;0;0;0;0;0;0;0;0;0;3927;0;0;89;0;80;0;
16958;4291237;1004584960;18718720;1113055232;0;0;0;0;0;0;0;0;0;0;0;3988;0;0;89;0;80;0;
16959;5077462;1004584960;18718720;1113055232;0;0;0;0;0;0;0;0;0;0;0;2645;0;0;89;0;80;0;
16960;4694103;1004584960;18718720;1113055232;0;0;0;0;0;0;0;0;0;0;0;3396;0;0;89;0;80;0;
16961;5874958;1004584960;18718720;1113055232;0;0;0;0;0;0;0;0;0;0;0;2685;0;0;89;0;80;0;
16962;4120528;1004584960;18718720;1113055232;0;0;0;0;0;0;0;0;0;0;0;3867;0;0;89;0;80;0;
16963;6273806;1004584960;18718720;1113055232;0;0;0;0;0;0;0;0;0;0;0;4398;0;0;89;0;80;0;
16964;3678238;1004584960;18718720;1113055232;0;0;0;0;0;0;0;0;0;0;0;3437;0;0;89;0;80;0;
16965;5034662;1004584960;18718720;1113055232;0;0;0;0;0;0;0;0;0;0;0;3286;0;0;89;0;80;0;
16966;6363174;1004584960;18718720;1113055232;0;0;0;0;0;0;0;0;0;0;0;6702;0;0;89;0;80;0;
16967;6369846;1004584960;18718720;1113055232;0;0;0;0;0;0;0;0;0;0;0;3156;0;0;89;0;80;0;
16968;6297370;1004584960;18718720;1113055232;0;0;0;0;0;0;0;0;0;0;0;4217;0;0;89;0;80;0;
16969;6636877;1004584960;18718720;1113055232;0;0;0;0;0;0;0;0;0;0;0;2695;0;0;89;0;80;0;
16970;4405272;1004584960;18718720;1113055232;0;0;0;0;0;0;0;0;0;0;0;3937;0;0;89;0;80;0;
16971;5740596;1004584960;18718720;1113055232;0;0;0;0;0;0;0;0;0;0;0;3667;0;0;89;0;80;0;
16972;5188059;1004584960;18718720;1113055232;0;0;0;0;0;0;0;0;0;0;0;3376;0;0;89;0;80;0;
16973;6707890;1007755264;28344320;1122680832;0;0;0;0;0;0;0;0;0;0;0;4528;0;0;89;0;80;0;
16974;4671140;1007755264;28344320;1122680832;0;0;0;0;0;0;0;0;0;0;0;4058;0;0;89;0;80;0;
16975;6495451;1007755264;28344320;1122680832;0;0;0;0;0;0;0;0;0;0;0;3576;0;0;89;0;80;0;
16976;4060054;1007755264;28344320;1122680832;0;0;0;0;0;0;0;0;0;0;0;3467;0;0;89;0;80;0;
16977;6259438;1007755264;28344320;1122680832;0;0;0;0;0;0;0;0;0;0;0;3677;0;0;89;0;80;0;
16978;4596770;1007755264;28344320;1122680832;0;0;0;0;0;0;0;0;0;0;0;3116;0;0;89;0;80;0;
16979;6417726;1007755264;28344320;1122680832;0;0;0;0;0;0;0;0;0;0;0;3887;0;0;89;0;80;0;
16980;4504718;1007755264;28344320;1122680832;0;0;0;0;0;0;0;0;0;0;0;3557;0;0;89;0;80;0;
16981;7665285;1007755264;28344320;1122680832;0;0;0;0;0;0;0;0;0;0;0;3116;0;0;89;0;80;0;
16982;5540631;1004584960;18718720;1113055232;0;0;0;0;0;0;0;0;0;0;0;4198;0;0;89;0;80;0;
16983;7693528;1004584960;18718720;1113055232;0;0;0;0;0;0;0;0;0;0;0;3547;0;0;89;0;80;0;
16984;6118604;1004584960;18718720;1113055232;0;0;0;0;0;0;0;0;0;0;0;5099;0;0;89;0;80;0;
16985;6276551;1004584960;18718720;1113055232;0;0;0;0;0;0;0;0;0;0;0;3156;0;0;89;0;80;0;
16986;5505124;1004584960;18718720;1113055232;0;0;0;0;0;0;0;0;0;0;0;3287;0;0;89;0;80;0;
16987;6660190;1004584960;18718720;1113055232;0;0;0;0;0;0;0;0;0;0;0;2905;0;0;89;0;80;0;
16988;4766990;1004584960;18718720;1113055232;0;0;0;0;0;0;0;0;0;0;0;2996;0;0;89;0;80;0;
16989;6076836;1004584960;18718720;1113055232;0;0;0;0;0;0;0;0;0;0;0;3347;0;0;89;0;80;0;
16990;3673289;1004584960;18718720;1113055232;0;0;0;0;0;0;0;0;0;0;0;3577;0;0;89;0;80;0;
16991;6712508;1004584960;18718720;1113055232;0;0;0;0;0;0;0;0;0;0;0;3767;0;0;89;0;80;0;
16992;4660309;1004584960;18718720;1113055232;0;0;0;0;0;0;0;0;0;0;0;4258;0;0;89;0;80;0;
16993;5019023;1004584960;18718720;1113055232;0;0;0;0;0;0;0;0;0;0;0;2835;0;0;89;0;80;0;
16994;3788195;1004584960;18718720;1113055232;0;0;0;0;0;0;0;0;0;0;0;3396;0;0;89;0;80;0;
16995;5643764;1004584960;18718720;1113055232;0;0;0;0;0;0;0;0;0;0;0;2655;0;0;89;0;80;0;
16996;5036957;1004584960;18718720;1113055232;0;0;0;0;0;0;0;0;0;0;0;3607;0;0;89;0;80;0;
16997;5011378;1004584960;18718720;1113055232;0;0;0;0;0;0;0;0;0;0;0;2605;0;0;89;0;80;0;
16998;5903742;1004584960;18718720;1113055232;0;0;0;0;0;0;0;0;0;0;0;3407;0;0;89;0;80;0;
16999;4999136;1004584960;18718720;1113055232;0;0;0;0;0;0;0;0;0;0;0;3536;0;0;89;0;80;0;
17000;4306567;1004584960;18718720;1113055232;0;0;0;0;0;0;0;0;0;0;0;3827;0;0;89;0;80;0;
17001;6731194;1004584960;18718720;1113055232;0;0;0;0;0;0;0;0;0;0;0;2986;0;0;89;0;80;0;
17002;5549056;1004584960;18718720;1113055232;0;0;0;0;0;0;0;0;0;0;0;5119;0;0;89;0;80;0;
17003;6330462;1004584960;18718720;1113055232;0;0;0;0;0;0;0;0;0;0;0;2725;0;0;89;0;80;0;
17004;4450386;1004584960;18718720;1113055232;0;0;0;0;0;0;0;0;0;0;0;4478;0;0;89;0;80;0;
17005;7398145;1004584960;18718720;1113055232;0;0;0;0;0;0;0;0;0;0;0;3397;0;0;89;0;80;0;
17006;4483889;1004584960;18718720;1113055232;0;0;0;0;0;0;0;0;0;0;0;4468;0;0;89;0;80;0;
17007;5590525;1004584960;18718720;1113055232;0;0;0;0;0;0;0;0;0;0;0;2716;0;0;89;0;80;0;
17008;5457024;1004584960;18718720;1113055232;0;0;0;0;0;0;0;0;0;0;0;3376;0;0;89;0;80;0;
17009;5291023;1004584960;18718720;1113055232;0;0;0;0;0;0;0;0;0;0;0;2585;0;0;89;0;80;0;
17010;4483037;1004584960;18718720;1113055232;0;0;0;0;0;0;0;0;0;0;0;3386;0;0;89;0;80;0;
17011;5522356;1004584960;18718720;1113055232;0;0;0;0;0;0;0;0;0;0;0;3857;0;0;89;0;80;0;
17012;4274136;1004584960;18718720;1113055232;0;0;0;0;0;0;0;0;0;0;0;3386;0;0;89;0;80;0;
17013;5730547;1004584960;18718720;1113055232;0;0;0;0;0;0;0;0;0;0;0;3927;0;0;89;0;80;0;
17014;4695556;1004584960;18718720;1113055232;0;0;0;0;0;0;0;0;0;0;0;3557;0;0;89;0;80;0;
17015;7084325;1004584960;18718720;1113055232;0;0;0;0;0;0;0;0;0;0;0;4278;0;0;89;0;80;0;
17016;4514015;1004584960;18718720;1113055232;0;0;0;0;0;0;0;0;0;0;0;4368;0;0;89;0;80;0;
17017;7411890;1004584960;18718720;1113055232;0;0;0;0;0;0;0;0;0;0;0;3347;0;0;89;0;80;0;
17018;3412129;1004584960;18718720;1113055232;0;0;0;0;0;0;0;0;0;0;0;2945;0;0;89;0;80;0;
17019;5633705;1004584960;18718720;1113055232;0;0;0;0;0;0;0;0;0;0;0;3126;0;0;89;0;80;0;
17020;4251033;1004584960;18718720;1113055232;0;0;0;0;0;0;0;0;0;0;0;3858;0;0;89;0;80;0;
17021;5131643;1004584960;18718720;1113055232;0;0;0;0;0;0;0;0;0;0;0;2625;0;0;89;0;80;0;
17022;3649314;1004584960;18718720;1113055232;0;0;0;0;0;0;0;0;0;0;0;3396;0;0;89;0;80;0;
17023;6006334;1004584960;18718720;1113055232;0;0;0;0;0;0;0;0;0;0;0;2936;0;0;89;0;80;0;
17024;5599551;1004584960;18718720;1113055232;0;0;0;0;0;0;0;0;0;0;0;3236;0;0;89;0;80;0;
17025;4799221;1004584960;18718720;1113055232;0;0;0;0;0;0;0;0;0;0;0;2385;0;0;89;0;80;0;
17026;5175907;1004584960;18718720;1113055232;0;0;0;0;0;0;0;0;0;0;0;3436;0;0;89;0;80;0;
17027;7270775;1004584960;18718720;1113055232;0;0;0;0;0;0;0;0;0;0;0;3647;0;0;89;0;80;0;
17028;3956019;1004584960;18718720;1113055232;0;0;0;0;0;0;0;0;0;0;0;3256;0;0;89;0;80;0;
17029;5646018;1004584960;18718720;1113055232;0;0;0;0;0;0;0;0;0;0;0;3156;0;0;89;0;80;0;
17030;4107413;1004584960;18718720;1113055232;0;0;0;0;0;0;0;0;0;0;0;3737;0;0;89;0;80;0;
17031;6484280;1004584960;18718720;1113055232;0;0;0;0;0;0;0;0;0;0;0;3256;0;0;89;0;80;0;
17032;3910013;1004584960;18718720;1113055232;0;0;0;0;0;0;0;0;0;0;0;3968;0;0;89;0;80;0;
17033;7165227;1004584960;18718720;1113055232;0;0;0;0;0;0;0;0;0;0;0;2595;0;0;89;0;80;0;
17034;3869477;1004584960;18718720;1113055232;0;0;0;0;0;0;0;0;0;0;0;3106;0;0;89;0;80;0;
17035;6049796;1004584960;18718720;1113055232;0;0;0;0;0;0;0;0;0;0;0;2765;0;0;89;0;80;0;
17036;4755478;1004584960;18718720;1113055232;0;0;0;0;0;0;0;0;0;0;0;4228;0;0;89;0;80;0;
17037;5808123;1004584960;18718720;1113055232;0;0;0;0;0;0;0;0;0;0;0;3095;0;0;89;0;80;0;
17038;6321836;1004584960;18718720;1113055232;0;0;0;0;0;0;0;0;0;0;0;5420;0;0;89;0;80;0;
17039;7747440;1004584960;18718720;1113055232;0;0;0;0;0;0;0;0;0;0;0;4959;0;0;89;0;80;0;
17040;5936133;1004584960;18718720;1113055232;0;0;0;0;0;0;0;0;0;0;0;4789;0;0;89;0;80;0;
17041;7678320;1004584960;18718720;1113055232;0;0;0;0;0;0;0;0;0;0;0;4188;0;0;89;0;80;0;
17042;6493128;1004584960;18718720;1113055232;0;0;0;0;0;0;0;0;0;0;0;4859;0;0;89;0;80;0;
17043;6884211;1004584960;18718720;1113055232;0;0;0;0;0;0;0;0;0;0;0;4589;0;0;89;0;80;0;
17044;6703642;1004584960;18718720;1113055232;0;0;0;0;0;0;0;0;0;0;0;4128;0;0;89;0;80;0;
17045;5434842;1004584960;18718720;1113055232;0;0;0;0;0;0;0;0;0;0;0;2816;0;0;89;0;80;0;
17046;4943210;1004584960;18718720;1113055232;0;0;0;0;0;0;0;0;0;0;0;3487;0;0;89;0;80;0;
17047;7290853;1004584960;18718720;1113055232;0;0;0;0;0;0;0;0;0;0;0;3927;0;0;89;0;80;0;
17048;7355975;1004584960;18718720;1113055232;0;0;0;0;0;0;0;0;0;0;0;4088;0;0;89;0;80;0;
17049;6252826;1004584960;18718720;1113055232;0;0;0;0;0;0;0;0;0;0;0;3406;0;0;89;0;80;0;
17050;4771989;1004584960;18718720;1113055232;0;0;0;0;0;0;0;0;0;0;0;2685;0;0;89;0;80;0;
17051;5395248;1004584960;18718720;1113055232;0;0;0;0;0;0;0;0;0;0;0;2184;0;0;89;0;80;0;
17052;3617724;1004584960;18718720;1113055232;0;0;0;0;0;0;0;0;0;0;0;2645;0;0;89;0;80;0;
17053;4226156;1004584960;18718720;1113055232;0;0;0;0;0;0;0;0;0;0;0;1834;0;0;89;0;80;0;
17054;4244140;1004584960;18718720;1113055232;0;0;0;0;0;0;0;0;0;0;0;2465;0;0;89;0;80;0;
17055;4696408;1004584960;18718720;1113055232;0;0;0;0;0;0;0;0;0;0;0;2054;0;0;89;0;80;0;
17056;4834086;1004584960;18718720;1113055232;0;0;0;0;0;0;0;0;0;0;0;2855;0;0;89;0;80;0;
17057;5453878;1004584960;18718720;1113055232;0;0;0;0;0;0;0;0;0;0;0;2044;0;0;89;0;80;0;
17058;3379007;1004584960;18718720;1113055232;0;0;0;0;0;0;0;0;0;0;0;2255;0;0;89;0;80;0;
17059;5158173;1004584960;18718720;1113055232;0;0;0;0;0;0;0;0;0;0;0;2254;0;0;89;0;80;0;
17060;4212300;1004584960;18718720;1113055232;0;0;0;0;0;0;0;0;0;0;0;2334;0;0;89;0;80;0;
17061;5448619;1004584960;18718720;1113055232;0;0;0;0;0;0;0;0;0;0;0;2515;0;0;89;0;80;0;
17062;3423200;1004584960;18718720;1113055232;0;0;0;0;0;0;0;0;0;0;0;2084;0;0;89;0;80;0;
17063;5326549;1004584960;18718720;1113055232;0;0;0;0;0;0;0;0;0;0;0;2094;0;0;89;0;80;0;
17064;12425362;1004584960;18718720;1113055232;0;0;0;0;0;0;0;0;0;0;0;2475;0;0;89;0;80;0;
17065;6373963;1004584960;18718720;1113055232;0;0;0;0;0;0;0;0;0;0;0;2425;0;0;89;0;80;0;
17066;8956006;1004584960;18718720;1113055232;0;0;0;0;0;0;0;0;0;0;0;4679;0;0;89;0;80;0;
17067;7310229;1004584960;18718720;1113055232;0;0;0;0;0;0;0;0;0;0;0;3456;0;0;89;0;80;0;
17068;5220961;1004584960;18718720;1113055232;0;0;0;0;0;0;0;0;0;0;0;49703;0;0;89;0;80;0;
17069;6028386;1004584960;18718720;1113055232;0;0;0;0;0;0;0;0;0;0;0;2755;0;0;89;0;80;0;
17070;6279837;1004584960;18718720;1113055232;0;0;0;0;0;0;0;0;0;0;0;3556;0;0;89;0;80;0;
17071;4896382;1004584960;18718720;1113055232;0;0;0;0;0;0;0;0;0;0;0;2855;0;0;89;0;80;0;
17072;5478474;1004584960;18718720;1113055232;0;0;0;0;0;0;0;0;0;0;0;3897;0;0;89;0;80;0;
17073;7665165;1004584960;18718720;1113055232;0;0;0;0;0;0;0;0;0;0;0;3566;0;0;89;0;80;0;
17074;5485598;1004584960;18718720;1113055232;0;0;0;0;0;0;0;0;0;0;0;3937;0;0;89;0;80;0;
17075;6493127;1004584960;18718720;1113055232;0;0;0;0;0;0;0;0;0;0;0;3727;0;0;89;0;80;0;
17076;5644786;1004584960;18718720;1113055232;0;0;0;0;0;0;0;0;0;0;0;3357;0;0;89;0;80;0;
17077;7726089;1004584960;18718720;1113055232;0;0;0;0;0;0;0;0;0;0;0;3246;0;0;89;0;80;0;
17078;4407696;1004584960;18718720;1113055232;0;0;0;0;0;0;0;0;0;0;0;3326;0;0;89;0;80;0;
17079;6053773;1004584960;18718720;1113055232;0;0;0;0;0;0;0;0;0;0;0;3697;0;0;89;0;80;0;
17080;4482125;1004584960;18718720;1113055232;0;0;0;0;0;0;0;0;0;0;0;3366;0;0;89;0;80;0;
17081;5435724;1004584960;18718720;1113055232;0;0;0;0;0;0;0;0;0;0;0;2775;0;0;89;0;80;0;
17082;5841044;1004584960;18718720;1113055232;0;0;0;0;0;0;0;0;0;0;0;4298;0;0;89;0;80;0;
17083;6750269;1004584960;18718720;1113055232;0;0;0;0;0;0;0;0;0;0;0;4088;0;0;89;0;80;0;
17084;7775462;1004584960;18718720;1113055232;0;0;0;0;0;0;0;0;0;0;0;4959;0;0;89;0;80;0;
17085;6447582;1004584960;18718720;1113055232;0;0;0;0;0;0;0;0;0;0;0;3677;0;0;89;0;80;0;
17086;6544994;1004584960;18718720;1113055232;0;0;0;0;0;0;0;0;0;0;0;4238;0;0;89;0;80;0;
17087;8394723;1004584960;18718720;1113055232;0;0;0;0;0;0;0;0;0;0;0;4789;0;0;89;0;80;0;
17088;8999377;1004584960;18718720;1113055232;0;0;0;0;0;0;0;0;0;0;0;4398;0;0;89;0;80;0;
17089;7017801;1004584960;18718720;1113055232;0;0;0;0;0;0;0;0;0;0;0;3406;0;0;89;0;80;0;
17090;5474727;1004584960;18718720;1113055232;0;0;0;0;0;0;0;0;0;0;0;5019;0;0;89;0;80;0;
17091;7917328;1007755264;28344320;1122680832;0;0;0;0;0;0;0;0;0;0;0;4088;0;0;89;0;80;0;
17092;6896213;1007755264;28344320;1122680832;0;0;0;0;0;0;0;0;0;0;0;5640;0;0;89;0;80;0;
17093;6949093;1007755264;28344320;1122680832;0;0;0;0;0;0;0;0;0;0;0;4128;0;0;89;0;80;0;
17094;8099400;1007755264;28344320;1122680832;0;0;0;0;0;0;0;0;0;0;0;6662;0;0;89;0;80;0;
17095;8188606;1007755264;28344320;1122680832;0;0;0;0;0;0;0;0;0;0;0;4508;0;0;89;0;80;0;
17096;5869638;1007755264;28344320;1122680832;0;0;0;0;0;0;0;0;0;0;0;4237;0;0;89;0;80;0;
17097;6264939;1007755264;28344320;1122680832;0;0;0;0;0;0;0;0;0;0;0;2585;0;0;89;0;80;0;
17098;7250978;1007755264;28344320;1122680832;0;0;0;0;0;0;0;0;0;0;0;3807;0;0;89;0;80;0;
17099;5599732;1007755264;28344320;1122680832;0;0;0;0;0;0;0;0;0;0;0;2054;0;0;89;0;80;0;
17100;6246234;1004584960;18718720;1113055232;0;0;0;0;0;0;0;0;0;0;0;4258;0;0;89;0;80;0;
17101;7639157;1004584960;18718720;1113055232;0;0;0;0;0;0;0;0;0;0;0;4528;0;0;89;0;80;0;
17102;6556676;1004584960;18718720;1113055232;0;0;0;0;0;0;0;0;0;0;0;4548;0;0;89;0;80;0;
17103;6339609;1004584960;18722816;1113059328;0;0;0;0;0;0;0;0;0;0;0;3367;0;0;89;0;80;0;
17104;5805016;1004584960;18726912;1113063424;0;0;0;0;0;0;0;0;0;0;0;10921;0;0;89;0;80;0;
17105;5515403;1004584960;18726912;1113063424;0;0;0;0;0;0;0;0;0;0;0;3576;0;0;89;0;80;0;
17106;6602332;1004584960;18726912;1113063424;0;0;0;0;0;0;0;0;0;0;0;3887;0;0;89;0;80;0;
17107;5079436;1004584960;18726912;1113063424;0;0;0;0;0;0;0;0;0;0;0;2485;0;0;89;0;80;0;
17108;5927626;1004584960;18726912;1113063424;0;0;0;0;0;0;0;0;0;0;0;3967;0;0;89;0;80;0;
17109;5581267;1004584960;18726912;1113063424;0;0;0;0;0;0;0;0;0;0;0;2985;0;0;89;0;80;0;
17110;4693502;1004584960;18718720;1113055232;0;0;0;0;0;0;0;0;0;0;0;3877;0;0;89;0;80;0;
17111;5089285;1004584960;18718720;1113055232;0;0;0;0;0;0;0;0;0;0;0;3075;0;0;89;0;80;0;
17112;7068577;1004584960;18718720;1113055232;0;0;0;0;0;0;0;0;0;0;0;5661;0;0;89;0;80;0;
17113;6605688;1004584960;18718720;1113055232;0;0;0;0;0;0;0;0;0;0;0;4067;0;0;89;0;80;0;
17114;7078275;1004584960;18718720;1113055232;0;0;0;0;0;0;0;0;0;0;0;4338;0;0;89;0;80;0;
17115;6076045;1004584960;18718720;1113055232;0;0;0;0;0;0;0;0;0;0;0;3627;0;0;89;0;80;0;
17116;5022930;1004584960;18718720;1113055232;0;0;0;0;0;0;0;0;0;0;0;3507;0;0;89;0;80;0;
17117;5100435;1004584960;18718720;1113055232;0;0;0;0;0;0;0;0;0;0;0;2675;0;0;89;0;80;0;
17118;5231501;1004584960;18718720;1113055232;0;0;0;0;0;0;0;0;0;0;0;4278;0;0;89;0;80;0;
17119;5382936;1004584960;18718720;1113055232;0;0;0;0;0;0;0;0;0;0;0;3146;0;0;89;0;80;0;
17120;7210863;1004584960;18718720;1113055232;0;0;0;0;0;0;0;0;0;0;0;4067;0;0;89;0;80;0;
17121;5770362;1004584960;18718720;1113055232;0;0;0;0;0;0;0;0;0;0;0;3306;0;0;89;0;80;0;
17122;6237858;1004584960;18718720;1113055232;0;0;0;0;0;0;0;0;0;0;0;4238;0;0;89;0;80;0;
17123;5969816;1004584960;18718720;1113055232;0;0;0;0;0;0;0;0;0;0;0;3096;0;0;89;0;80;0;
17124;5310760;1004584960;18718720;1113055232;0;0;0;0;0;0;0;0;0;0;0;3457;0;0;89;0;80;0;
17125;6709152;1004584960;18718720;1113055232;0;0;0;0;0;0;0;0;0;0;0;3476;0;0;89;0;80;0;
17126;5319716;1004584960;18718720;1113055232;0;0;0;0;0;0;0;0;0;0;0;4318;0;0;89;0;80;0;
17127;6793290;1004584960;18718720;1113055232;0;0;0;0;0;0;0;0;0;0;0;3006;0;0;89;0;80;0;
17128;5200523;1004584960;18718720;1113055232;0;0;0;0;0;0;0;0;0;0;0;3176;0;0;89;0;80;0;
17129;7032939;1004584960;18718720;1113055232;0;0;0;0;0;0;0;0;0;0;0;4027;0;0;89;0;80;0;
17130;5940852;1004584960;18718720;1113055232;0;0;0;0;0;0;0;0;0;0;0;6863;0;0;89;0;80;0;
17131;6246885;1004584960;18718720;1113055232;0;0;0;0;0;0;0;0;0;0;0;2685;0;0;89;0;80;0;
17132;4507874;1004584960;18718720;1113055232;0;0;0;0;0;0;0;0;0;0;0;3276;0;0;89;0;80;0;
17133;5316561;1004584960;18718720;1113055232;0;0;0;0;0;0;0;0;0;0;0;2425;0;0;89;0;80;0;
17134;5023742;1004584960;18718720;1113055232;0;0;0;0;0;0;0;0;0;0;0;3667;0;0;89;0;80;0;
17135;4910990;1004584960;18718720;1113055232;0;0;0;0;0;0;0;0;0;0;0;2845;0;0;89;0;80;0;
17136;4236716;1004584960;18718720;1113055232;0;0;0;0;0;0;0;0;0;0;0;3546;0;0;89;0;80;0;
17137;5760213;1004584960;18718720;1113055232;0;0;0;0;0;0;0;0;0;0;0;3557;0;0;89;0;80;0;
17138;5832759;1004584960;18718720;1113055232;0;0;0;0;0;0;0;0;0;0;0;5380;0;0;89;0;80;0;
17139;6302369;1004584960;18718720;1113055232;0;0;0;0;0;0;0;0;0;0;0;4018;0;0;89;0;80;0;
17140;5488323;1004584960;18718720;1113055232;0;0;0;0;0;0;0;0;0;0;0;4498;0;0;89;0;80;0;
17141;6516571;1004584960;18718720;1113055232;0;0;0;0;0;0;0;0;0;0;0;3607;0;0;89;0;80;0;
17142;5108600;1004584960;18718720;1113055232;0;0;0;0;0;0;0;0;0;0;0;4037;0;0;89;0;80;0;
17143;6888568;1004584960;18718720;1113055232;0;0;0;0;0;0;0;0;0;0;0;4839;0;0;89;0;80;0;
17144;4994546;1004584960;18718720;1113055232;0;0;0;0;0;0;0;0;0;0;0;3827;0;0;89;0;80;0;
17145;7040043;1004584960;18718720;1113055232;0;0;0;0;0;0;0;0;0;0;0;3777;0;0;89;0;80;0;
17146;6090773;1004584960;18718720;1113055232;0;0;0;0;0;0;0;0;0;0;0;3226;0;0;89;0;80;0;
17147;6406585;1004584960;18718720;1113055232;0;0;0;0;0;0;0;0;0;0;0;3226;0;0;89;0;80;0;
17148;5657720;1004584960;18718720;1113055232;0;0;0;0;0;0;0;0;0;0;0;6933;0;0;89;0;80;0;
17149;7213949;1004584960;18718720;1113055232;0;0;0;0;0;0;0;0;0;0;0;3386;0;0;89;0;80;0;
17150;9470982;1004584960;18718720;1113055232;0;0;0;0;0;0;0;0;0;0;0;4409;0;0;89;0;80;0;
17151;6505190;1004584960;18718720;1113055232;0;0;0;0;0;0;0;0;0;0;0;4539;0;0;89;0;80;0;
17152;4641304;1004584960;18718720;1113055232;0;0;0;0;0;0;0;0;0;0;0;4047;0;0;89;0;80;0;
17153;6585040;1004584960;18718720;1113055232;0;0;0;0;0;0;0;0;0;0;0;4118;0;0;89;0;80;0;
17154;4874321;1004584960;18718720;1113055232;0;0;0;0;0;0;0;0;0;0;0;3547;0;0;89;0;80;0;
17155;5317903;1004584960;18718720;1113055232;0;0;0;0;0;0;0;0;0;0;0;3096;0;0;89;0;80;0;
17156;5434362;1004584960;18718720;1113055232;0;0;0;0;0;0;0;0;0;0;0;3847;0;0;89;0;80;0;
17157;6106141;1004584960;18718720;1113055232;0;0;0;0;0;0;0;0;0;0;0;4399;0;0;89;0;80;0;
17158;4417745;1004584960;18718720;1113055232;0;0;0;0;0;0;0;0;0;0;0;3697;0;0;89;0;80;0;
17159;5797503;1004584960;18718720;1113055232;0;0;0;0;0;0;0;0;0;0;0;3557;0;0;89;0;80;0;
17160;5475549;1004584960;18718720;1113055232;0;0;0;0;0;0;0;0;0;0;0;4048;0;0;89;0;80;0;
17161;5628195;1004584960;18718720;1113055232;0;0;0;0;0;0;0;0;0;0;0;2926;0;0;89;0;80;0;
17162;5908340;1004584960;18718720;1113055232;0;0;0;0;0;0;0;0;0;0;0;3657;0;0;89;0;80;0;
17163;5958124;1004584960;18718720;1113055232;0;0;0;0;0;0;0;0;0;0;0;3857;0;0;89;0;80;0;
17164;4136958;1004584960;18718720;1113055232;0;0;0;0;0;0;0;0;0;0;0;3106;0;0;89;0;80;0;
17165;5663041;1004584960;18718720;1113055232;0;0;0;0;0;0;0;0;0;0;0;15258;0;0;89;0;80;0;
17166;5230088;1004584960;18718720;1113055232;0;0;0;0;0;0;0;0;0;0;0;4107;0;0;89;0;80;0;
17167;5476641;1004584960;18718720;1113055232;0;0;0;0;0;0;0;0;0;0;0;2305;0;0;89;0;80;0;
17168;5697194;1004584960;18718720;1113055232;0;0;0;0;0;0;0;0;0;0;0;2655;0;0;89;0;80;0;
17169;5504503;1004584960;18718720;1113055232;0;0;0;0;0;0;0;0;0;0;0;2605;0;0;89;0;80;0;
17170;5344393;1004584960;18718720;1113055232;0;0;0;0;0;0;0;0;0;0;0;2765;0;0;89;0;80;0;
17171;5135060;1004584960;18718720;1113055232;0;0;0;0;0;0;0;0;0;0;0;2284;0;0;89;0;80;0;
17172;4674567;1004584960;18718720;1113055232;0;0;0;0;0;0;0;0;0;0;0;3376;0;0;89;0;80;0;
17173;5240057;1004584960;18718720;1113055232;0;0;0;0;0;0;0;0;0;0;0;2805;0;0;89;0;80;0;
17174;3957742;1004584960;18718720;1113055232;0;0;0;0;0;0;0;0;0;0;0;2986;0;0;89;0;80;0;
17175;4958038;1004584960;18718720;1113055232;0;0;0;0;0;0;0;0;0;0;0;2285;0;0;89;0;80;0;
17176;3659282;1004584960;18718720;1113055232;0;0;0;0;0;0;0;0;0;0;0;2244;0;0;89;0;80;0;
17177;5836435;1004584960;18718720;1113055232;0;0;0;0;0;0;0;0;0;0;0;2465;0;0;89;0;80;0;
17178;3130962;1004584960;18718720;1113055232;0;0;0;0;0;0;0;0;0;0;0;2655;0;0;89;0;80;0;
17179;5048949;1004584960;18718720;1113055232;0;0;0;0;0;0;0;0;0;0;0;2214;0;0;89;0;80;0;
17180;4888287;1004584960;18718720;1113055232;0;0;0;0;0;0;0;0;0;0;0;3136;0;0;89;0;80;0;
17181;5623917;1004584960;18718720;1113055232;0;0;0;0;0;0;0;0;0;0;0;2575;0;0;89;0;80;0;
17182;5329275;1004584960;18718720;1113055232;0;0;0;0;0;0;0;0;0;0;0;3116;0;0;89;0;80;0;
17183;4620335;1004584960;18718720;1113055232;0;0;0;0;0;0;0;0;0;0;0;2555;0;0;89;0;80;0;
17184;4556726;1004584960;18718720;1113055232;0;0;0;0;0;0;0;0;0;0;0;3115;0;0;89;0;80;0;
17185;6768003;1007755264;28344320;1122680832;0;0;0;0;0;0;0;0;0;0;0;2936;0;0;89;0;80;0;
17186;4836220;1007755264;28344320;1122680832;0;0;0;0;0;0;0;0;0;0;0;3587;0;0;89;0;80;0;
17187;5340766;1007755264;28344320;1122680832;0;0;0;0;0;0;0;0;0;0;0;3437;0;0;89;0;80;0;
17188;5783226;1007755264;28344320;1122680832;0;0;0;0;0;0;0;0;0;0;0;2635;0;0;89;0;80;0;
17189;6469943;1007755264;28344320;1122680832;0;0;0;0;0;0;0;0;0;0;0;2214;0;0;89;0;80;0;
17190;3759180;1007755264;28344320;1122680832;0;0;0;0;0;0;0;0;0;0;0;2955;0;0;89;0;80;0;
17191;6344008;1007755264;28344320;1122680832;0;0;0;0;0;0;0;0;0;0;0;2535;0;0;89;0;80;0;
17192;4263656;1007755264;28344320;1122680832;0;0;0;0;0;0;0;0;0;0;0;2896;0;0;89;0;80;0;
17193;5316721;1007755264;28344320;1122680832;0;0;0;0;0;0;0;0;0;0;0;2635;0;0;89;0;80;0;
17194;5183682;1004584960;18718720;1113055232;0;0;0;0;0;0;0;0;0;0;0;3246;0;0;89;0;80;0;
17195;5836105;1004584960;18718720;1113055232;0;0;0;0;0;0;0;0;0;0;0;2555;0;0;89;0;80;0;
17196;3189492;1004584960;18718720;1113055232;0;0;0;0;0;0;0;0;0;0;0;2946;0;0;89;0;80;0;
17197;5075719;1004584960;18718720;1113055232;0;0;0;0;0;0;0;0;0;0;0;2194;0;0;89;0;80;0;
17198;4801335;1004584960;18718720;1113055232;0;0;0;0;0;0;0;0;0;0;0;3276;0;0;89;0;80;0;
17199;5031075;1004584960;18718720;1113055232;0;0;0;0;0;0;0;0;0;0;0;2635;0;0;89;0;80;0;
17200;3576167;1004584960;18718720;1113055232;0;0;0;0;0;0;0;0;0;0;0;2495;0;0;89;0;80;0;
17201;4993365;1004584960;18718720;1113055232;0;0;0;0;0;0;0;0;0;0;0;2755;0;0;89;0;80;0;
17202;5039801;1004584960;18718720;1113055232;0;0;0;0;0;0;0;0;0;0;0;2585;0;0;89;0;80;0;
17203;5945199;1004584960;18718720;1113055232;0;0;0;0;0;0;0;0;0;0;0;2635;0;0;89;0;80;0;
17204;4051348;1004584960;18718720;1113055232;0;0;0;0;0;0;0;0;0;0;0;3967;0;0;89;0;80;0;
17205;5733142;1004584960;18718720;1113055232;0;0;0;0;0;0;0;0;0;0;0;2996;0;0;89;0;80;0;
17206;4843003;1004584960;18718720;1113055232;0;0;0;0;0;0;0;0;0;0;0;2815;0;0;89;0;80;0;
17207;5548806;1004584960;18718720;1113055232;0;0;0;0;0;0;0;0;0;0;0;2776;0;0;89;0;80;0;
17208;5817721;1004584960;18718720;1113055232;0;0;0;0;0;0;0;0;0;0;0;3947;0;0;89;0;80;0;
17209;5095726;1004584960;18718720;1113055232;0;0;0;0;0;0;0;0;0;0;0;2905;0;0;89;0;80;0;
17210;5848919;1004584960;18718720;1113055232;0;0;0;0;0;0;0;0;0;0;0;3597;0;0;89;0;80;0;
17211;8278205;1004584960;18718720;1113055232;0;0;0;0;0;0;0;0;0;0;0;4619;0;0;89;0;80;0;
17212;5234085;1004584960;18718720;1113055232;0;0;0;0;0;0;0;0;0;0;0;3386;0;0;89;0;80;0;
17213;5666667;1004584960;18718720;1113055232;0;0;0;0;0;0;0;0;0;0;0;2665;0;0;89;0;80;0;
17214;4210046;1004584960;18718720;1113055232;0;0;0;0;0;0;0;0;0;0;0;2595;0;0;89;0;80;0;
17215;5806990;1004584960;18718720;1113055232;0;0;0;0;0;0;0;0;0;0;0;2204;0;0;89;0;80;0;
17216;4069232;1004584960;18718720;1113055232;0;0;0;0;0;0;0;0;0;0;0;2886;0;0;89;0;80;0;
17217;5649024;1004584960;18718720;1113055232;0;0;0;0;0;0;0;0;0;0;0;2665;0;0;89;0;80;0;
17218;3109602;1004584960;18718720;1113055232;0;0;0;0;0;0;0;0;0;0;0;2515;0;0;89;0;80;0;
17219;5187739;1004584960;18718720;1113055232;0;0;0;0;0;0;0;0;0;0;0;2034;0;0;89;0;80;0;
17220;4732805;1004584960;18718720;1113055232;0;0;0;0;0;0;0;0;0;0;0;2765;0;0;89;0;80;0;
17221;5008362;1004584960;18718720;1113055232;0;0;0;0;0;0;0;0;0;0;0;2175;0;0;89;0;80;0;
17222;4005863;1004584960;18718720;1113055232;0;0;0;0;0;0;0;0;0;0;0;2455;0;0;89;0;80;0;
17223;4987433;1004584960;18718720;1113055232;0;0;0;0;0;0;0;0;0;0;0;2245;0;0;89;0;80;0;
17224;5118068;1004584960;18718720;1113055232;0;0;0;0;0;0;0;0;0;0;0;3316;0;0;89;0;80;0;
17225;5322372;1004584960;18718720;1113055232;0;0;0;0;0;0;0;0;0;0;0;2585;0;0;89;0;80;0;
17226;4468460;1004584960;18718720;1113055232;0;0;0;0;0;0;0;0;0;0;0;2665;0;0;89;0;80;0;
17227;4618131;1004584960;18718720;1113055232;0;0;0;0;0;0;0;0;0;0;0;2805;0;0;89;0;80;0;
17228;6266733;1004584960;18718720;1113055232;0;0;0;0;0;0;0;0;0;0;0;4087;0;0;89;0;80;0;
17229;6086595;1004584960;18718720;1113055232;0;0;0;0;0;0;0;0;0;0;0;2885;0;0;89;0;80;0;
17230;5462444;1004584960;18718720;1113055232;0;0;0;0;0;0;0;0;0;0;0;3006;0;0;89;0;80;0;
17231;5754592;1004584960;18718720;1113055232;0;0;0;0;0;0;0;0;0;0;0;3016;0;0;89;0;80;0;
17232;4844816;1004584960;18718720;1113055232;0;0;0;0;0;0;0;0;0;0;0;2614;0;0;89;0;80;0;
17233;6015902;1004584960;18718720;1113055232;0;0;0;0;0;0;0;0;0;0;0;2585;0;0;89;0;80;0;
17234;6964591;1004584960;18718720;1113055232;0;0;0;0;0;0;0;0;0;0;0;2324;0;0;89;0;80;0;
17235;5299639;1004584960;18718720;1113055232;0;0;0;0;0;0;0;0;0;0;0;2475;0;0;89;0;80;0;
17236;4252636;1004584960;18718720;1113055232;0;0;0;0;0;0;0;0;0;0;0;3086;0;0;89;0;80;0;
17237;7835855;1004584960;18718720;1113055232;0;0;0;0;0;0;0;0;0;0;0;1984;0;0;89;0;80;0;
17238;10456449;1004584960;18718720;1113055232;0;0;0;0;0;0;0;0;0;0;0;2635;0;0;89;0;80;0;
17239;5395248;1004584960;18718720;1113055232;0;0;0;0;0;0;0;0;0;0;0;2285;0;0;89;0;80;0;
17240;4784493;1004584960;18718720;1113055232;0;0;0;0;0;0;0;0;0;0;0;3126;0;0;89;0;80;0;
17241;5499523;1004584960;18718720;1113055232;0;0;0;0;0;0;0;0;0;0;0;2995;0;0;89;0;80;0;
17242;4337744;1004584960;18718720;1113055232;0;0;0;0;0;0;0;0;0;0;0;3055;0;0;89;0;80;0;
17243;5027348;1004584960;18718720;1113055232;0;0;0;0;0;0;0;0;0;0;0;2595;0;0;89;0;80;0;
17244;4358954;1004584960;18718720;1113055232;0;0;0;0;0;0;0;0;0;0;0;3266;0;0;89;0;80;0;
17245;7135912;1004584960;18718720;1113055232;0;0;0;0;0;0;0;0;0;0;0;2936;0;0;89;0;80;0;
17246;4139122;1004584960;18718720;1113055232;0;0;0;0;0;0;0;0;0;0;0;2705;0;0;89;0;80;0;
17247;5432989;1004584960;18718720;1113055232;0;0;0;0;0;0;0;0;0;0;0;2154;0;0;89;0;80;0;
17248;4216538;1004584960;18718720;1113055232;0;0;0;0;0;0;0;0;0;0;0;2495;0;0;89;0;80;0;
17249;5382414;1004584960;18718720;1113055232;0;0;0;0;0;0;0;0;0;0;0;2274;0;0;89;0;80;0;
17250;3645436;1004584960;18718720;1113055232;0;0;0;0;0;0;0;0;0;0;0;2665;0;0;89;0;80;0;
17251;5552403;1004584960;18718720;1113055232;0;0;0;0;0;0;0;0;0;0;0;2144;0;0;89;0;80;0;
17252;4215305;1004584960;18718720;1113055232;0;0;0;0;0;0;0;0;0;0;0;3217;0;0;89;0;80;0;
17253;5539599;1004584960;18718720;1113055232;0;0;0;0;0;0;0;0;0;0;0;2174;0;0;89;0;80;0;
17254;3528167;1004584960;18718720;1113055232;0;0;0;0;0;0;0;0;0;0;0;2314;0;0;89;0;80;0;
17255;5359932;1004584960;18718720;1113055232;0;0;0;0;0;0;0;0;0;0;0;1953;0;0;89;0;80;0;
17256;3352467;1004584960;18718720;1113055232;0;0;0;0;0;0;0;0;0;0;0;2254;0;0;89;0;80;0;
17257;4993104;1004584960;18718720;1113055232;0;0;0;0;0;0;0;0;0;0;0;2254;0;0;89;0;80;0;
17258;3985334;1004584960;18718720;1113055232;0;0;0;0;0;0;0;0;0;0;0;2986;0;0;89;0;80;0;
17259;5814785;1004584960;18718720;1113055232;0;0;0;0;0;0;0;0;0;0;0;2365;0;0;89;0;80;0;
17260;4603593;1004584960;18718720;1113055232;0;0;0;0;0;0;0;0;0;0;0;2434;0;0;89;0;80;0;
17261;5164395;1004584960;18718720;1113055232;0;0;0;0;0;0;0;0;0;0;0;2465;0;0;89;0;80;0;
17262;4365657;1004584960;18718720;1113055232;0;0;0;0;0;0;0;0;0;0;0;3296;0;0;89;0;80;0;
17263;5169886;1004584960;18718720;1113055232;0;0;0;0;0;0;0;0;0;0;0;2805;0;0;89;0;80;0;
17264;3601323;1004584960;18718720;1113055232;0;0;0;0;0;0;0;0;0;0;0;2645;0;0;89;0;80;0;
17265;5151942;1004584960;18718720;1113055232;0;0;0;0;0;0;0;0;0;0;0;2595;0;0;89;0;80;0;
17266;4348596;1004584960;18718720;1113055232;0;0;0;0;0;0;0;0;0;0;0;3176;0;0;89;0;80;0;
17267;5236411;1004584960;18718720;1113055232;0;0;0;0;0;0;0;0;0;0;0;2314;0;0;89;0;80;0;
17268;3562280;1004584960;18718720;1113055232;0;0;0;0;0;0;0;0;0;0;0;2865;0;0;89;0;80;0;
17269;5925803;1004584960;18718720;1113055232;0;0;0;0;0;0;0;0;0;0;0;38011;0;0;89;0;80;0;
17270;4371128;1004584960;18718720;1113055232;0;0;0;0;0;0;0;0;0;0;0;2965;0;0;89;0;80;0;
17271;4965603;1004584960;18718720;1113055232;0;0;0;0;0;0;0;0;0;0;0;2755;0;0;89;0;80;0;
17272;3632773;1004584960;18718720;1113055232;0;0;0;0;0;0;0;0;0;0;0;2725;0;0;89;0;80;0;
17273;5333823;1004584960;18718720;1113055232;0;0;0;0;0;0;0;0;0;0;0;2906;0;0;89;0;80;0;
17274;4016753;1004584960;18718720;1113055232;0;0;0;0;0;0;0;0;0;0;0;3156;0;0;89;0;80;0;
17275;4778281;1004584960;18718720;1113055232;0;0;0;0;0;0;0;0;0;0;0;2344;0;0;89;0;80;0;
17276;3880297;1004584960;18718720;1113055232;0;0;0;0;0;0;0;0;0;0;0;3186;0;0;89;0;80;0;
17277;4828355;1004584960;18718720;1113055232;0;0;0;0;0;0;0;0;0;0;0;1944;0;0;89;0;80;0;
17278;4411674;1004584960;18718720;1113055232;0;0;0;0;0;0;0;0;0;0;0;2204;0;0;89;0;80;0;
17279;4877267;1007755264;28344320;1122680832;0;0;0;0;0;0;0;0;0;0;0;2275;0;0;89;0;80;0;
17280;4675749;1007755264;28344320;1122680832;0;0;0;0;0;0;0;0;0;0;0;2785;0;0;89;0;80;0;
17281;5031416;1007755264;28344320;1122680832;0;0;0;0;0;0;0;0;0;0;0;2796;0;0;89;0;80;0;
17282;3251277;1007755264;28344320;1122680832;0;0;0;0;0;0;0;0;0;0;0;2464;0;0;89;0;80;0;
17283;6310334;1007755264;28344320;1122680832;0;0;0;0;0;0;0;0;0;0;0;2364;0;0;89;0;80;0;
17284;4402917;1007755264;28344320;1122680832;0;0;0;0;0;0;0;0;0;0;0;2424;0;0;89;0;80;0;
17285;6176874;1007755264;28344320;1122680832;0;0;0;0;0;0;0;0;0;0;0;2294;0;0;89;0;80;0;
17286;3950679;1007755264;28344320;1122680832;0;0;0;0;0;0;0;0;0;0;0;2725;0;0;89;0;80;0;
17287;5951812;1007755264;28344320;1122680832;0;0;0;0;0;0;0;0;0;0;0;2966;0;0;89;0;80;0;
17288;5677578;1004584960;18718720;1113055232;0;0;0;0;0;0;0;0;0;0;0;3697;0;0;89;0;80;0;
17289;5703717;1004584960;18718720;1113055232;0;0;0;0;0;0;0;0;0;0;0;2645;0;0;89;0;80;0;
17290;6015321;1004584960;18718720;1113055232;0;0;0;0;0;0;0;0;0;0;0;3026;0;0;89;0;80;0;
17291;6397968;1004584960;18722816;1113059328;0;0;0;0;0;0;0;0;0;0;0;3377;0;0;89;0;80;0;
17292;3762065;1004584960;18726912;1113063424;0;0;0;0;0;0;0;0;0;0;0;3006;0;0;89;0;80;0;
17293;7059119;1004584960;18726912;1113063424;0;0;0;0;0;0;0;0;0;0;0;2595;0;0;89;0;80;0;
17294;4103386;1004584960;18726912;1113063424;0;0;0;0;0;0;0;0;0;0;0;2425;0;0;89;0;80;0;
17295;5120193;1004584960;18726912;1113063424;0;0;0;0;0;0;0;0;0;0;0;2184;0;0;89;0;80;0;
17296;3677336;1004584960;18726912;1113063424;0;0;0;0;0;0;0;0;0;0;0;2915;0;0;89;0;80;0;
17297;5833840;1004584960;18726912;1113063424;0;0;0;0;0;0;0;0;0;0;0;2785;0;0;89;0;80;0;
17298;4587333;1004584960;18718720;1113055232;0;0;0;0;0;0;0;0;0;0;0;2455;0;0;89;0;80;0;
17299;5727341;1004584960;18718720;1113055232;0;0;0;0;0;0;0;0;0;0;0;2705;0;0;89;0;80;0;
17300;4330221;1004584960;18718720;1113055232;0;0;0;0;0;0;0;0;0;0;0;2344;0;0;89;0;80;0;
17301;5024042;1004584960;18718720;1113055232;0;0;0;0;0;0;0;0;0;0;0;1984;0;0;89;0;80;0;
17302;3253422;1004584960;18718720;1113055232;0;0;0;0;0;0;0;0;0;0;0;2254;0;0;89;0;80;0;
17303;5082852;1004584960;18718720;1113055232;0;0;0;0;0;0;0;0;0;0;0;1984;0;0;89;0;80;0;
17304;3732460;1004584960;18718720;1113055232;0;0;0;0;0;0;0;0;0;0;0;2394;0;0;89;0;80;0;
17305;4779062;1004584960;18718720;1113055232;0;0;0;0;0;0;0;0;0;0;0;1993;0;0;89;0;80;0;
17306;2507923;1004584960;18718720;1113055232;0;0;0;0;0;0;0;0;0;0;0;2344;0;0;89;0;80;0;
17307;4643429;1004584960;18718720;1113055232;0;0;0;0;0;0;0;0;0;0;0;1924;0;0;89;0;80;0;
17308;4495882;1004584960;18718720;1113055232;0;0;0;0;0;0;0;0;0;0;0;3016;0;0;89;0;80;0;
17309;5296282;1004584960;18718720;1113055232;0;0;0;0;0;0;0;0;0;0;0;2655;0;0;89;0;80;0;
17310;3889935;1004584960;18718720;1113055232;0;0;0;0;0;0;0;0;0;0;0;3476;0;0;89;0;80;0;
17311;5624268;1004584960;18718720;1113055232;0;0;0;0;0;0;0;0;0;0;0;2936;0;0;89;0;80;0;
17312;3225469;1004584960;18718720;1113055232;0;0;0;0;0;0;0;0;0;0;0;2725;0;0;89;0;80;0;
17313;5810337;1004584960;18718720;1113055232;0;0;0;0;0;0;0;0;0;0;0;2265;0;0;89;0;80;0;
17314;4473820;1004584960;18718720;1113055232;0;0;0;0;0;0;0;0;0;0;0;2966;0;0;89;0;80;0;
17315;5923058;1004584960;18718720;1113055232;0;0;0;0;0;0;0;0;0;0;0;2765;0;0;89;0;80;0;
17316;4867218;1004584960;18718720;1113055232;0;0;0;0;0;0;0;0;0;0;0;2505;0;0;89;0;80;0;
17317;4850346;1004584960;18718720;1113055232;0;0;0;0;0;0;0;0;0;0;0;3026;0;0;89;0;80;0;
17318;4275989;1004584960;18718720;1113055232;0;0;0;0;0;0;0;0;0;0;0;2795;0;0;89;0;80;0;
17319;5693598;1004584960;18718720;1113055232;0;0;0;0;0;0;0;0;0;0;0;2404;0;0;89;0;80;0;
17320;4318910;1004584960;18718720;1113055232;0;0;0;0;0;0;0;0;0;0;0;3346;0;0;89;0;80;0;
17321;5939339;1004584960;18718720;1113055232;0;0;0;0;0;0;0;0;0;0;0;2706;0;0;89;0;80;0;
17322;3662208;1004584960;18718720;1113055232;0;0;0;0;0;0;0;0;0;0;0;2785;0;0;89;0;80;0;
17323;5400839;1004584960;18718720;1113055232;0;0;0;0;0;0;0;0;0;0;0;2144;0;0;89;0;80;0;
17324;3032918;1004584960;18718720;1113055232;0;0;0;0;0;0;0;0;0;0;0;2384;0;0;89;0;80;0;
17325;4873019;1004584960;18718720;1113055232;0;0;0;0;0;0;0;0;0;0;0;1653;0;0;89;0;80;0;
17326;3749912;1004584960;18718720;1113055232;0;0;0;0;0;0;0;0;0;0;0;3547;0;0;89;0;80;0;
17327;4502264;1004584960;18718720;1113055232;0;0;0;0;0;0;0;0;0;0;0;2404;0;0;89;0;80;0;
17328;3555818;1004584960;18718720;1113055232;0;0;0;0;0;0;0;0;0;0;0;2655;0;0;89;0;80;0;
17329;5524420;1004584960;18718720;1113055232;0;0;0;0;0;0;0;0;0;0;0;2905;0;0;89;0;80;0;
17330;3880628;1004584960;18718720;1113055232;0;0;0;0;0;0;0;0;0;0;0;2875;0;0;89;0;80;0;
17331;4793149;1004584960;18718720;1113055232;0;0;0;0;0;0;0;0;0;0;0;2304;0;0;89;0;80;0;
17332;3971057;1004584960;18718720;1113055232;0;0;0;0;0;0;0;0;0;0;0;2825;0;0;89;0;80;0;
17333;5621923;1004584960;18718720;1113055232;0;0;0;0;0;0;0;0;0;0;0;1983;0;0;89;0;80;0;
17334;3754532;1004584960;18718720;1113055232;0;0;0;0;0;0;0;0;0;0;0;2976;0;0;89;0;80;0;
17335;5616523;1004584960;18718720;1113055232;0;0;0;0;0;0;0;0;0;0;0;1834;0;0;89;0;80;0;
17336;4832664;1004584960;18718720;1113055232;0;0;0;0;0;0;0;0;0;0;0;2735;0;0;89;0;80;0;
17337;5959697;1004584960;18718720;1113055232;0;0;0;0;0;0;0;0;0;0;0;2545;0;0;89;0;80;0;
17338;4410170;1004584960;18718720;1113055232;0;0;0;0;0;0;0;0;0;0;0;2695;0;0;89;0;80;0;
17339;5409304;1004584960;18718720;1113055232;0;0;0;0;0;0;0;0;0;0;0;2485;0;0;89;0;80;0;
17340;4998244;1004584960;18718720;1113055232;0;0;0;0;0;0;0;0;0;0;0;3306;0;0;89;0;80;0;
17341;4612890;1004584960;18718720;1113055232;0;0;0;0;0;0;0;0;0;0;0;3176;0;0;89;0;80;0;
17342;4390323;1004584960;18718720;1113055232;0;0;0;0;0;0;0;0;0;0;0;3146;0;0;89;0;80;0;
17343;6525808;1004584960;18718720;1113055232;0;0;0;0;0;0;0;0;0;0;0;2235;0;0;89;0;80;0;
17344;3821496;1004584960;18718720;1113055232;0;0;0;0;0;0;0;0;0;0;0;2896;0;0;89;0;80;0;
17345;5416168;1004584960;18718720;1113055232;0;0;0;0;0;0;0;0;0;0;0;2545;0;0;89;0;80;0;
17346;5108079;1004584960;18718720;1113055232;0;0;0;0;0;0;0;0;0;0;0;3126;0;0;89;0;80;0;
17347;6747323;1004584960;18718720;1113055232;0;0;0;0;0;0;0;0;0;0;0;2515;0;0;89;0;80;0;
17348;3930351;1004584960;18718720;1113055232;0;0;0;0;0;0;0;0;0;0;0;2695;0;0;89;0;80;0;
17349;6004991;1004584960;18718720;1113055232;0;0;0;0;0;0;0;0;0;0;0;2204;0;0;89;0;80;0;
17350;3871019;1004584960;18718720;1113055232;0;0;0;0;0;0;0;0;0;0;0;3016;0;0;89;0;80;0;
17351;6259479;1004584960;18718720;1113055232;0;0;0;0;0;0;0;0;0;0;0;2205;0;0;89;0;80;0;
17352;4314031;1004584960;18718720;1113055232;0;0;0;0;0;0;0;0;0;0;0;2565;0;0;89;0;80;0;
17353;5332280;1004584960;18718720;1113055232;0;0;0;0;0;0;0;0;0;0;0;1853;0;0;89;0;80;0;
17354;3519961;1004584960;18718720;1113055232;0;0;0;0;0;0;0;0;0;0;0;2184;0;0;89;0;80;0;
17355;5538747;1004584960;18718720;1113055232;0;0;0;0;0;0;0;0;0;0;0;2284;0;0;89;0;80;0;
17356;4141257;1004584960;18718720;1113055232;0;0;0;0;0;0;0;0;0;0;0;2856;0;0;89;0;80;0;
17357;5290912;1004584960;18718720;1113055232;0;0;0;0;0;0;0;0;0;0;0;2214;0;0;89;0;80;0;
17358;3666766;1004584960;18718720;1113055232;0;0;0;0;0;0;0;0;0;0;0;2204;0;0;89;0;80;0;
17359;4757663;1004584960;18718720;1113055232;0;0;0;0;0;0;0;0;0;0;0;2335;0;0;89;0;80;0;
17360;4645052;1004584960;18718720;1113055232;0;0;0;0;0;0;0;0;0;0;0;3206;0;0;89;0;80;0;
17361;4508415;1004584960;18718720;1113055232;0;0;0;0;0;0;0;0;0;0;0;2755;0;0;89;0;80;0;
17362;3789847;1004584960;18718720;1113055232;0;0;0;0;0;0;0;0;0;0;0;3186;0;0;89;0;80;0;
17363;5521986;1004584960;18718720;1113055232;0;0;0;0;0;0;0;0;0;0;0;2765;0;0;89;0;80;0;
17364;5046093;1004584960;18718720;1113055232;0;0;0;0;0;0;0;0;0;0;0;3577;0;0;89;0;80;0;
17365;4936067;1004584960;18718720;1113055232;0;0;0;0;0;0;0;0;0;0;0;2895;0;0;89;0;80;0;
17366;4376828;1004584960;18718720;1113055232;0;0;0;0;0;0;0;0;0;0;0;2786;0;0;89;0;80;0;
17367;5295291;1004584960;18718720;1113055232;0;0;0;0;0;0;0;0;0;0;0;2535;0;0;89;0;80;0;
17368;3590895;1004584960;18718720;1113055232;0;0;0;0;0;0;0;0;0;0;0;2185;0;0;89;0;80;0;
17369;4536688;1004584960;18718720;1113055232;0;0;0;0;0;0;0;0;0;0;0;2465;0;0;89;0;80;0;
17370;3839581;1004584960;18718720;1113055232;0;0;0;0;0;0;0;0;0;0;0;2675;0;0;89;0;80;0;
17371;5475589;1004584960;18718720;1113055232;0;0;0;0;0;0;0;0;0;0;0;2254;0;0;89;0;80;0;
17372;4731433;1004584960;18718720;1113055232;0;0;0;0;0;0;0;0;0;0;0;2825;0;0;89;0;80;0;
17373;4920238;1004584960;18718720;1113055232;0;0;0;0;0;0;0;0;0;0;0;2334;0;0;89;0;80;0;
17374;5131063;1004584960;18718720;1113055232;0;0;0;0;0;0;0;0;0;0;0;2134;0;0;89;0;80;0;
17375;4682581;1004584960;18718720;1113055232;0;0;0;0;0;0;0;0;0;0;0;2956;0;0;89;0;80;0;
17376;4437232;1004584960;18718720;1113055232;0;0;0;0;0;0;0;0;0;0;0;2635;0;0;89;0;80;0;
17377;5797503;1004584960;18718720;1113055232;0;0;0;0;0;0;0;0;0;0;0;2054;0;0;89;0;80;0;
17378;4874993;1004584960;18718720;1113055232;0;0;0;0;0;0;0;0;0;0;0;2976;0;0;89;0;80;0;
17379;4764666;1004584960;18718720;1113055232;0;0;0;0;0;0;0;0;0;0;0;2695;0;0;89;0;80;0;
17380;2867077;1004584960;18718720;1113055232;0;0;0;0;0;0;0;0;0;0;0;2054;0;0;89;0;80;0;
17381;6124696;1004584960;18718720;1113055232;0;0;0;0;0;0;0;0;0;0;0;2074;0;0;89;0;80;0;
17382;2418786;1004584960;18718720;1113055232;0;0;0;0;0;0;0;0;0;0;0;2284;0;0;89;0;80;0;
17383;4587313;1004584960;18718720;1113055232;0;0;0;0;0;0;0;0;0;0;0;2364;0;0;89;0;80;0;
17384;3818381;1004584960;18718720;1113055232;0;0;0;0;0;0;0;0;0;0;0;2304;0;0;89;0;80;0;
17385;4951145;1004584960;18718720;1113055232;0;0;0;0;0;0;0;0;0;0;0;1633;0;0;89;0;80;0;
17386;4742705;1004584960;18718720;1113055232;0;0;0;0;0;0;0;0;0;0;0;2715;0;0;89;0;80;0;
17387;6292010;1004584960;18718720;1113055232;0;0;0;0;0;0;0;0;0;0;0;3036;0;0;89;0;80;0;
17388;4069452;1004584960;18718720;1113055232;0;0;0;0;0;0;0;0;0;0;0;3446;0;0;89;0;80;0;
17389;6477047;1004584960;18718720;1113055232;0;0;0;0;0;0;0;0;0;0;0;2856;0;0;89;0;80;0;
17390;3629517;1004584960;18718720;1113055232;0;0;0;0;0;0;0;0;0;0;0;2545;0;0;89;0;80;0;
17391;5238334;1004584960;18718720;1113055232;0;0;0;0;0;0;0;0;0;0;0;2695;0;0;89;0;80;0;
17392;5050571;1004584960;18718720;1113055232;0;0;0;0;0;0;0;0;0;0;0;2364;0;0;89;0;80;0;
17393;4417013;1004584960;18718720;1113055232;0;0;0;0;0;0;0;0;0;0;0;2124;0;0;89;0;80;0;
17394;3778646;1004584960;18718720;1113055232;0;0;0;0;0;0;0;0;0;0;0;2725;0;0;89;0;80;0;
17395;4943882;1004584960;18718720;1113055232;0;0;0;0;0;0;0;0;0;0;0;2495;0;0;89;0;80;0;
17396;5545930;1004584960;18718720;1113055232;0;0;0;0;0;0;0;0;0;0;0;4077;0;0;89;0;80;0;
17397;6886605;1007755264;28348416;1122684928;0;0;0;0;0;0;0;0;0;0;0;3216;0;0;89;0;80;0;
17398;6381387;1007755264;28352512;1122689024;0;0;0;0;0;0;0;0;0;0;0;4389;0;0;89;0;80;0;
17399;5791061;1007755264;28352512;1122689024;0;0;0;0;0;0;0;0;0;0;0;3246;0;0;89;0;80;0;
17400;4886224;1007755264;28352512;1122689024;0;0;0;0;0;0;0;0;0;0;0;3968;0;0;89;0;80;0;
17401;7522437;1007755264;28352512;1122689024;0;0;0;0;0;0;0;0;0;0;0;5521;0;0;89;0;80;0;
17402;5198960;1007755264;28352512;1122689024;0;0;0;0;0;0;0;0;0;0;0;3637;0;0;89;0;80;0;
17403;5513701;1007755264;28352512;1122689024;0;0;0;0;0;0;0;0;0;0;0;4478;0;0;89;0;80;0;
17404;5402712;1007919104;28344320;1122680832;0;0;0;0;0;0;0;0;0;0;0;3306;0;0;89;0;80;0;
17405;5948686;1007919104;28344320;1122680832;0;0;0;0;0;0;0;0;0;0;0;2896;0;0;89;0;80;0;
17406;6187965;1004584960;18718720;1113055232;0;0;0;0;0;0;0;0;0;0;0;3226;0;0;89;0;80;0;
17407;6791086;1004584960;18718720;1113055232;0;0;0;0;0;0;0;0;0;0;0;3085;0;0;89;0;80;0;
17408;4355849;1004584960;18718720;1113055232;0;0;0;0;0;0;0;0;0;0;0;5551;0;0;89;0;80;0;
17409;5573623;1004584960;18718720;1113055232;0;0;0;0;0;0;0;0;0;0;0;3327;0;0;89;0;80;0;
17410;6163760;1004584960;18718720;1113055232;0;0;0;0;0;0;0;0;0;0;0;3367;0;0;89;0;80;0;
17411;6533894;1004584960;18718720;1113055232;0;0;0;0;0;0;0;0;0;0;0;9488;0;0;89;0;80;0;
17412;3956420;1004584960;18718720;1113055232;0;0;0;0;0;0;0;0;0;0;0;2545;0;0;89;0;80;0;
17413;6516601;1004584960;18718720;1113055232;0;0;0;0;0;0;0;0;0;0;0;2284;0;0;89;0;80;0;
17414;3132634;1004584960;18718720;1113055232;0;0;0;0;0;0;0;0;0;0;0;2364;0;0;89;0;80;0;
17415;4687351;1004584960;18718720;1113055232;0;0;0;0;0;0;0;0;0;0;0;2304;0;0;89;0;80;0;
17416;6066807;1004584960;18718720;1113055232;0;0;0;0;0;0;0;0;0;0;0;4208;0;0;89;0;80;0;
17417;6820721;1004584960;18718720;1113055232;0;0;0;0;0;0;0;0;0;0;0;3467;0;0;89;0;80;0;
17418;4875293;1004584960;18718720;1113055232;0;0;0;0;0;0;0;0;0;0;0;4398;0;0;89;0;80;0;
17419;6708150;1004584960;18718720;1113055232;0;0;0;0;0;0;0;0;0;0;0;4438;0;0;89;0;80;0;
17420;6063080;1004584960;18718720;1113055232;0;0;0;0;0;0;0;0;0;0;0;5200;0;0;89;0;80;0;
17421;5798785;1004584960;18718720;1113055232;0;0;0;0;0;0;0;0;0;0;0;3437;0;0;89;0;80;0;
17422;5237222;1004584960;18718720;1113055232;0;0;0;0;0;0;0;0;0;0;0;5751;0;0;89;0;80;0;
17423;6357884;1004584960;18718720;1113055232;0;0;0;0;0;0;0;0;0;0;0;3096;0;0;89;0;80;0;
17424;4515528;1004584960;18718720;1113055232;0;0;0;0;0;0;0;0;0;0;0;4278;0;0;89;0;80;0;
17425;6983266;1004584960;18718720;1113055232;0;0;0;0;0;0;0;0;0;0;0;4609;0;0;89;0;80;0;
17426;6184047;1004584960;18718720;1113055232;0;0;0;0;0;0;0;0;0;0;0;4469;0;0;89;0;80;0;
17427;7449351;1004584960;18718720;1113055232;0;0;0;0;0;0;0;0;0;0;0;4368;0;0;89;0;80;0;
17428;5461091;1004584960;18718720;1113055232;0;0;0;0;0;0;0;0;0;0;0;3977;0;0;89;0;80;0;
17429;5013782;1004584960;18718720;1113055232;0;0;0;0;0;0;0;0;0;0;0;3266;0;0;89;0;80;0;
17430;5999462;1004584960;18718720;1113055232;0;0;0;0;0;0;0;0;0;0;0;4288;0;0;89;0;80;0;
17431;4593725;1004584960;18718720;1113055232;0;0;0;0;0;0;0;0;0;0;0;2424;0;0;89;0;80;0;
17432;6887467;1004584960;18718720;1113055232;0;0;0;0;0;0;0;0;0;0;0;4509;0;0;89;0;80;0;
17433;6066286;1004584960;18718720;1113055232;0;0;0;0;0;0;0;0;0;0;0;3527;0;0;89;0;80;0;
17434;5819744;1004584960;18718720;1113055232;0;0;0;0;0;0;0;0;0;0;0;3937;0;0;89;0;80;0;
17435;6332415;1004584960;18718720;1113055232;0;0;0;0;0;0;0;0;0;0;0;4208;0;0;89;0;80;0;
17436;15525807;1004584960;18718720;1113055232;0;0;0;0;0;0;0;0;0;0;0;4248;0;0;89;0;80;0;
17437;6417786;1004584960;18718720;1113055232;0;0;0;0;0;0;0;0;0;0;0;4789;0;0;89;0;80;0;
17438;5156390;1004584960;18718720;1113055232;0;0;0;0;0;0;0;0;0;0;0;4479;0;0;89;0;80;0;
17439;5983441;1004584960;18718720;1113055232;0;0;0;0;0;0;0;0;0;0;0;3417;0;0;89;0;80;0;
17440;5378657;1004584960;18718720;1113055232;0;0;0;0;0;0;0;0;0;0;0;4709;0;0;89;0;80;0;
17441;6439236;1004584960;18718720;1113055232;0;0;0;0;0;0;0;0;0;0;0;4378;0;0;89;0;80;0;
17442;4923383;1004584960;18718720;1113055232;0;0;0;0;0;0;0;0;0;0;0;4198;0;0;89;0;80;0;
17443;5729204;1004584960;18718720;1113055232;0;0;0;0;0;0;0;0;0;0;0;3747;0;0;89;0;80;0;
17444;4754537;1004584960;18718720;1113055232;0;0;0;0;0;0;0;0;0;0;0;4679;0;0;89;0;80;0;
17445;6557298;1004584960;18718720;1113055232;0;0;0;0;0;0;0;0;0;0;0;4608;0;0;89;0;80;0;
17446;6419129;1004584960;18718720;1113055232;0;0;0;0;0;0;0;0;0;0;0;4899;0;0;89;0;80;0;
17447;5562752;1004584960;18718720;1113055232;0;0;0;0;0;0;0;0;0;0;0;3076;0;0;89;0;80;0;
17448;6879802;1004584960;18718720;1113055232;0;0;0;0;0;0;0;0;0;0;0;3417;0;0;89;0;80;0;
17449;5670664;1004584960;18718720;1113055232;0;0;0;0;0;0;0;0;0;0;0;2765;0;0;89;0;80;0;
17450;4300495;1004584960;18718720;1113055232;0;0;0;0;0;0;0;0;0;0;0;4719;0;0;89;0;80;0;
17451;6667123;1004584960;18718720;1113055232;0;0;0;0;0;0;0;0;0;0;0;4258;0;0;89;0;80;0;
17452;4707618;1004584960;18718720;1113055232;0;0;0;0;0;0;0;0;0;0;0;3296;0;0;89;0;80;0;
17453;6448453;1004584960;18718720;1113055232;0;0;0;0;0;0;0;0;0;0;0;3567;0;0;89;0;80;0;
17454;5750184;1004584960;18718720;1113055232;0;0;0;0;0;0;0;0;0;0;0;3707;0;0;89;0;80;0;
17455;6786177;1004584960;18718720;1113055232;0;0;0;0;0;0;0;0;0;0;0;3757;0;0;89;0;80;0;
17456;5850222;1004584960;18718720;1113055232;0;0;0;0;0;0;0;0;0;0;0;4529;0;0;89;0;80;0;
17457;7575186;1004584960;18718720;1113055232;0;0;0;0;0;0;0;0;0;0;0;3476;0;0;89;0;80;0;
17458;5005196;1004584960;18718720;1113055232;0;0;0;0;0;0;0;0;0;0;0;3536;0;0;89;0;80;0;
17459;7039512;1004584960;18718720;1113055232;0;0;0;0;0;0;0;0;0;0;0;3847;0;0;89;0;80;0;
17460;5105865;1004584960;18718720;1113055232;0;0;0;0;0;0;0;0;0;0;0;6882;0;0;89;0;80;0;
17461;7713395;1004584960;18718720;1113055232;0;0;0;0;0;0;0;0;0;0;0;4879;0;0;89;0;80;0;
17462;5146101;1004584960;18718720;1113055232;0;0;0;0;0;0;0;0;0;0;0;4398;0;0;89;0;80;0;
17463;7288519;1004584960;18718720;1113055232;0;0;0;0;0;0;0;0;0;0;0;3717;0;0;89;0;80;0;
17464;5002141;1004584960;18718720;1113055232;0;0;0;0;0;0;0;0;0;0;0;4348;0;0;89;0;80;0;
17465;6959542;1004584960;18718720;1113055232;0;0;0;0;0;0;0;0;0;0;0;42049;0;0;89;0;80;0;
17466;4460886;1004584960;18718720;1113055232;0;0;0;0;0;0;0;0;0;0;0;4218;0;0;89;0;80;0;
17467;4894599;1004584960;18718720;1113055232;0;0;0;0;0;0;0;0;0;0;0;2605;0;0;89;0;80;0;
17468;4471215;1004584960;18718720;1113055232;0;0;0;0;0;0;0;0;0;0;0;3446;0;0;89;0;80;0;
17469;4844315;1004584960;18718720;1113055232;0;0;0;0;0;0;0;0;0;0;0;2475;0;0;89;0;80;0;
17470;5635459;1004584960;18718720;1113055232;0;0;0;0;0;0;0;0;0;0;0;3747;0;0;89;0;80;0;
17471;6783983;1004584960;18718720;1113055232;0;0;0;0;0;0;0;0;0;0;0;4448;0;0;89;0;80;0;
17472;4826972;1004584960;18718720;1113055232;0;0;0;0;0;0;0;0;0;0;0;3857;0;0;89;0;80;0;
17473;6066437;1004584960;18718720;1113055232;0;0;0;0;0;0;0;0;0;0;0;3456;0;0;89;0;80;0;
17474;5228135;1004584960;18718720;1113055232;0;0;0;0;0;0;0;0;0;0;0;3677;0;0;89;0;80;0;
17475;5452515;1004584960;18718720;1113055232;0;0;0;0;0;0;0;0;0;0;0;3426;0;0;89;0;80;0;
17476;6544733;1004584960;18718720;1113055232;0;0;0;0;0;0;0;0;0;0;0;3566;0;0;89;0;80;0;
17477;6059554;1004584960;18718720;1113055232;0;0;0;0;0;0;0;0;0;0;0;2956;0;0;89;0;80;0;
17478;4337735;1004584960;18718720;1113055232;0;0;0;0;0;0;0;0;0;0;0;4318;0;0;89;0;80;0;
17479;8566015;1004584960;18718720;1113055232;0;0;0;0;0;0;0;0;0;0;0;7564;0;0;89;0;80;0;
17480;6890803;1004584960;18718720;1113055232;0;0;0;0;0;0;0;0;0;0;0;4198;0;0;89;0;80;0;
17481;6578237;1004584960;18722816;1113059328;0;0;0;0;0;0;0;0;0;0;0;3707;0;0;89;0;80;0;
17482;4579478;1004584960;18726912;1113063424;0;0;0;0;0;0;0;0;0;0;0;4238;0;0;89;0;80;0;
17483;6085633;1004584960;18726912;1113063424;0;0;0;0;0;0;0;0;0;0;0;4518;0;0;89;0;80;0;
17484;6048383;1004584960;18726912;1113063424;0;0;0;0;0;0;0;0;0;0;0;3686;0;0;89;0;80;0;
17485;6371930;1004584960;18726912;1113063424;0;0;0;0;0;0;0;0;0;0;0;2665;0;0;89;0;80;0;
17486;4475554;1004584960;18726912;1113063424;0;0;0;0;0;0;0;0;0;0;0;3887;0;0;89;0;80;0;
17487;6413347;1004584960;18726912;1113063424;0;0;0;0;0;0;0;0;0;0;0;3276;0;0;89;0;80;0;
17488;5347168;1004584960;18718720;1113055232;0;0;0;0;0;0;0;0;0;0;0;4198;0;0;89;0;80;0;
17489;6430379;1004584960;18718720;1113055232;0;0;0;0;0;0;0;0;0;0;0;3336;0;0;89;0;80;0;
17490;5442076;1004584960;18718720;1113055232;0;0;0;0;0;0;0;0;0;0;0;4078;0;0;89;0;80;0;
17491;6788261;1007755264;28344320;1122680832;0;0;0;0;0;0;0;0;0;0;0;45325;0;0;89;0;80;0;
17492;4664928;1007755264;28344320;1122680832;0;0;0;0;0;0;0;0;0;0;0;4028;0;0;89;0;80;0;
17493;7517939;1007755264;28344320;1122680832;0;0;0;0;0;0;0;0;0;0;0;4048;0;0;89;0;80;0;
17494;4927662;1007755264;28344320;1122680832;0;0;0;0;0;0;0;0;0;0;0;3656;0;0;89;0;80;0;
17495;5901979;1007755264;28344320;1122680832;0;0;0;0;0;0;0;0;0;0;0;2545;0;0;89;0;80;0;
17496;6864844;1007755264;28344320;1122680832;0;0;0;0;0;0;0;0;0;0;0;3857;0;0;89;0;80;0;
17497;6477868;1007755264;28344320;1122680832;0;0;0;0;0;0;0;0;0;0;0;3437;0;0;89;0;80;0;
17498;5458266;1007755264;28344320;1122680832;0;0;0;0;0;0;0;0;0;0;0;4258;0;0;89;0;80;0;
17499;6182414;1007755264;28344320;1122680832;0;0;0;0;0;0;0;0;0;0;0;2855;0;0;89;0;80;0;
17500;3879776;1004584960;18718720;1113055232;0;0;0;0;0;0;0;0;0;0;0;3867;0;0;89;0;80;0;
17501;6307619;1004584960;18718720;1113055232;0;0;0;0;0;0;0;0;0;0;0;4088;0;0;89;0;80;0;
17502;5573052;1004584960;18718720;1113055232;0;0;0;0;0;0;0;0;0;0;0;3837;0;0;89;0;80;0;
17503;6176394;1004584960;18718720;1113055232;0;0;0;0;0;0;0;0;0;0;0;2885;0;0;89;0;80;0;
17504;4833484;1004584960;18718720;1113055232;0;0;0;0;0;0;0;0;0;0;0;4378;0;0;89;0;80;0;
17505;6245172;1004584960;18718720;1113055232;0;0;0;0;0;0;0;0;0;0;0;3686;0;0;89;0;80;0;
17506;5340656;1004584960;18718720;1113055232;0;0;0;0;0;0;0;0;0;0;0;3737;0;0;89;0;80;0;
17507;6010983;1004584960;18718720;1113055232;0;0;0;0;0;0;0;0;0;0;0;2875;0;0;89;0;80;0;
17508;5186517;1004584960;18718720;1113055232;0;0;0;0;0;0;0;0;0;0;0;3327;0;0;89;0;80;0;
17509;5352818;1004584960;18718720;1113055232;0;0;0;0;0;0;0;0;0;0;0;2224;0;0;89;0;80;0;
17510;4694043;1004584960;18718720;1113055232;0;0;0;0;0;0;0;0;0;0;0;3997;0;0;89;0;80;0;
17511;6225485;1004584960;18718720;1113055232;0;0;0;0;0;0;0;0;0;0;0;3246;0;0;89;0;80;0;
17512;3502669;1004584960;18718720;1113055232;0;0;0;0;0;0;0;0;0;0;0;3407;0;0;89;0;80;0;
17513;6656313;1004584960;18718720;1113055232;0;0;0;0;0;0;0;0;0;0;0;3927;0;0;89;0;80;0;
17514;6696569;1004584960;18718720;1113055232;0;0;0;0;0;0;0;0;0;0;0;7203;0;0;89;0;80;0;
17515;6335361;1004584960;18718720;1113055232;0;0;0;0;0;0;0;0;0;0;0;3537;0;0;89;0;80;0;
17516;2938421;1004584960;18718720;1113055232;0;0;0;0;0;0;0;0;0;0;0;3086;0;0;89;0;80;0;
17517;6223913;1004584960;18718720;1113055232;0;0;0;0;0;0;0;0;0;0;0;2344;0;0;89;0;80;0;
17518;4340430;1004584960;18718720;1113055232;0;0;0;0;0;0;0;0;0;0;0;3527;0;0;89;0;80;0;
17519;6192423;1004584960;18718720;1113055232;0;0;0;0;0;0;0;0;0;0;0;3186;0;0;89;0;80;0;
17520;3989441;1004584960;18718720;1113055232;0;0;0;0;0;0;0;0;0;0;0;2966;0;0;89;0;80;0;
17521;4973507;1004584960;18718720;1113055232;0;0;0;0;0;0;0;0;0;0;0;2675;0;0;89;0;80;0;
17522;4620305;1004584960;18718720;1113055232;0;0;0;0;0;0;0;0;0;0;0;2875;0;0;89;0;80;0;
17523;7113049;1004584960;18718720;1113055232;0;0;0;0;0;0;0;0;0;0;0;3977;0;0;89;0;80;0;
17524;5180195;1004584960;18718720;1113055232;0;0;0;0;0;0;0;0;0;0;0;3236;0;0;89;0;80;0;
17525;5442246;1004584960;18718720;1113055232;0;0;0;0;0;0;0;0;0;0;0;3417;0;0;89;0;80;0;
17526;6055737;1004584960;18718720;1113055232;0;0;0;0;0;0;0;0;0;0;0;3135;0;0;89;0;80;0;
17527;6458472;1004584960;18718720;1113055232;0;0;0;0;0;0;0;0;0;0;0;2725;0;0;89;0;80;0;
17528;5287395;1004584960;18718720;1113055232;0;0;0;0;0;0;0;0;0;0;0;3918;0;0;89;0;80;0;
17529;6270479;1004584960;18718720;1113055232;0;0;0;0;0;0;0;0;0;0;0;4388;0;0;89;0;80;0;
17530;4257595;1004584960;18718720;1113055232;0;0;0;0;0;0;0;0;0;0;0;4058;0;0;89;0;80;0;
17531;7297175;1004584960;18718720;1113055232;0;0;0;0;0;0;0;0;0;0;0;4559;0;0;89;0;80;0;
17532;3600422;1004584960;18718720;1113055232;0;0;0;0;0;0;0;0;0;0;0;3447;0;0;89;0;80;0;
17533;5935060;1004584960;18718720;1113055232;0;0;0;0;0;0;0;0;0;0;0;2164;0;0;89;0;80;0;
17534;5607617;1004584960;18718720;1113055232;0;0;0;0;0;0;0;0;0;0;0;3466;0;0;89;0;80;0;
17535;6419298;1004584960;18718720;1113055232;0;0;0;0;0;0;0;0;0;0;0;3226;0;0;89;0;80;0;
17536;4802507;1004584960;18722816;1113059328;0;0;0;0;0;0;0;0;0;0;0;3036;0;0;89;0;80;0;
17537;5866492;1004584960;18722816;1113059328;0;0;0;0;0;0;0;0;0;0;0;2825;0;0;89;0;80;0;
17538;3810737;1004584960;18722816;1113059328;0;0;0;0;0;0;0;0;0;0;0;2304;0;0;89;0;80;0;
17539;5787053;1004584960;18722816;1113059328;0;0;0;0;0;0;0;0;0;0;0;2385;0;0;89;0;80;0;
17540;2369203;1004584960;18722816;1113059328;0;0;0;0;0;0;0;0;0;0;0;2364;0;0;89;0;80;0;
17541;6439506;1004584960;18722816;1113059328;0;0;0;0;0;0;0;0;0;0;0;2685;0;0;89;0;80;0;
17542;3615100;1004584960;18722816;1113059328;0;0;0;0;0;0;0;0;0;0;0;2084;0;0;89;0;80;0;
17543;5298727;1004584960;18722816;1113059328;0;0;0;0;0;0;0;0;0;0;0;2324;0;0;89;0;80;0;
17544;3268069;1004584960;18722816;1113059328;0;0;0;0;0;0;0;0;0;0;0;2785;0;0;89;0;80;0;
17545;5611785;1004584960;18722816;1113059328;0;0;0;0;0;0;0;0;0;0;0;3677;0;0;89;0;80;0;
17546;6121390;1004584960;18722816;1113059328;0;0;0;0;0;0;0;0;0;0;0;2906;0;0;89;0;80;0;
17547;5501778;1004584960;18722816;1113059328;0;0;0;0;0;0;0;0;0;0;0;2665;0;0;89;0;80;0;
17548;4445628;1004584960;18722816;1113059328;0;0;0;0;0;0;0;0;0;0;0;3396;0;0;89;0;80;0;
17549;6392028;1004584960;18722816;1113059328;0;0;0;0;0;0;0;0;0;0;0;3236;0;0;89;0;80;0;
17550;3327671;1004584960;18722816;1113059328;0;0;0;0;0;0;0;0;0;0;0;2164;0;0;89;0;80;0;
17551;7417781;1004584960;18722816;1113059328;0;0;0;0;0;0;0;0;0;0;0;2274;0;0;89;0;80;0;
17552;5187799;1004584960;18722816;1113059328;0;0;0;0;0;0;0;0;0;0;0;3707;0;0;89;0;80;0;
17553;5626421;1004584960;18722816;1113059328;0;0;0;0;0;0;0;0;0;0;0;3587;0;0;89;0;80;0;
17554;6600728;1004584960;18722816;1113059328;0;0;0;0;0;0;0;0;0;0;0;3827;0;0;89;0;80;0;
17555;6768263;1004584960;18722816;1113059328;0;0;0;0;0;0;0;0;0;0;0;2685;0;0;89;0;80;0;
17556;3634606;1004584960;18722816;1113059328;0;0;0;0;0;0;0;0;0;0;0;2385;0;0;89;0;80;0;
17557;6014039;1004584960;18722816;1113059328;0;0;0;0;0;0;0;0;0;0;0;3026;0;0;89;0;80;0;
17558;3798613;1004584960;18722816;1113059328;0;0;0;0;0;0;0;0;0;0;0;2375;0;0;89;0;80;0;
17559;5464077;1004584960;18722816;1113059328;0;0;0;0;0;0;0;0;0;0;0;2364;0;0;89;0;80;0;
17560;4606148;1004584960;18722816;1113059328;0;0;0;0;0;0;0;0;0;0;0;2665;0;0;89;0;80;0;
17561;5946391;1004584960;18722816;1113059328;0;0;0;0;0;0;0;0;0;0;0;3566;0;0;89;0;80;0;
17562;4353374;1004584960;18722816;1113059328;0;0;0;0;0;0;0;0;0;0;0;2705;0;0;89;0;80;0;
17563;6237037;1004584960;18722816;1113059328;0;0;0;0;0;0;0;0;0;0;0;2695;0;0;89;0;80;0;
17564;3849990;1004584960;18722816;1113059328;0;0;0;0;0;0;0;0;0;0;0;2595;0;0;89;0;80;0;
17565;6381969;1004584960;18722816;1113059328;0;0;0;0;0;0;0;0;0;0;0;2965;0;0;89;0;80;0;
17566;2992853;1004584960;18722816;1113059328;0;0;0;0;0;0;0;0;0;0;0;2405;0;0;89;0;80;0;
17567;5798575;1004584960;18722816;1113059328;0;0;0;0;0;0;0;0;0;0;0;3096;0;0;89;0;80;0;
17568;3416477;1004584960;18722816;1113059328;0;0;0;0;0;0;0;0;0;0;0;2194;0;0;89;0;80;0;
17569;5035373;1004584960;18722816;1113059328;0;0;0;0;0;0;0;0;0;0;0;2815;0;0;89;0;80;0;
17570;3622533;1004584960;18722816;1113059328;0;0;0;0;0;0;0;0;0;0;0;2054;0;0;89;0;80;0;
17571;4964761;1004584960;18722816;1113059328;0;0;0;0;0;0;0;0;0;0;0;2364;0;0;89;0;80;0;
17572;7552964;1004584960;18722816;1113059328;0;0;0;0;0;0;0;0;0;0;0;3777;0;0;89;0;80;0;
17573;5541533;1004584960;18722816;1113059328;0;0;0;0;0;0;0;0;0;0;0;2365;0;0;89;0;80;0;
17574;4977625;1004584960;18722816;1113059328;0;0;0;0;0;0;0;0;0;0;0;2154;0;0;89;0;80;0;
17575;5566269;1004584960;18722816;1113059328;0;0;0;0;0;0;0;0;0;0;0;3186;0;0;89;0;80;0;
17576;5092019;1004584960;18722816;1113059328;0;0;0;0;0;0;0;0;0;0;0;3246;0;0;89;0;80;0;
17577;5885127;1004584960;18722816;1113059328;0;0;0;0;0;0;0;0;0;0;0;2515;0;0;89;0;80;0;
17578;3766463;1004584960;18722816;1113059328;0;0;0;0;0;0;0;0;0;0;0;2114;0;0;89;0;80;0;
17579;5012140;1004584960;18722816;1113059328;0;0;0;0;0;0;0;0;0;0;0;2064;0;0;89;0;80;0;
17580;3766574;1004584960;18722816;1113059328;0;0;0;0;0;0;0;0;0;0;0;2374;0;0;89;0;80;0;
17581;5665946;1004584960;18722816;1113059328;0;0;0;0;0;0;0;0;0;0;0;115877;0;0;89;0;80;0;
17582;3904793;1004584960;18722816;1113059328;0;0;0;0;0;0;0;0;0;0;0;1813;0;0;89;0;80;0;
17583;5105114;1004584960;18722816;1113059328;0;0;0;0;0;0;0;0;0;0;0;2955;0;0;89;0;80;0;
17584;4582003;1004584960;18722816;1113059328;0;0;0;0;0;0;0;0;0;0;0;2084;0;0;89;0;80;0;
17585;6258818;1007755264;28348416;1122684928;0;0;0;0;0;0;0;0;0;0;0;2234;0;0;89;0;80;0;
17586;3401960;1007755264;28348416;1122684928;0;0;0;0;0;0;0;0;0;0;0;1903;0;0;89;0;80;0;
17587;6133302;1007755264;28348416;1122684928;0;0;0;0;0;0;0;0;0;0;0;3647;0;0;89;0;80;0;
17588;4227358;1007755264;28348416;1122684928;0;0;0;0;0;0;0;0;0;0;0;2305;0;0;89;0;80;0;
17589;6018708;1007755264;28348416;1122684928;0;0;0;0;0;0;0;0;0;0;0;3076;0;0;89;0;80;0;
17590;4133462;1007755264;28348416;1122684928;0;0;0;0;0;0;0;0;0;0;0;3196;0;0;89;0;80;0;
17591;5566779;1007755264;28348416;1122684928;0;0;0;0;0;0;0;0;0;0;0;1944;0;0;89;0;80;0;
17592;2338676;1007755264;28348416;1122684928;0;0;0;0;0;0;0;0;0;0;0;2114;0;0;89;0;80;0;
17593;5223697;1007755264;28348416;1122684928;0;0;0;0;0;0;0;0;0;0;0;2394;0;0;89;0;80;0;
17594;4199375;1004589056;18722816;1113059328;0;0;0;0;0;0;0;0;0;0;0;2334;0;0;89;0;80;0;
17595;5067083;1004589056;18722816;1113059328;0;0;0;0;0;0;0;0;0;0;0;1924;0;0;89;0;80;0;
17596;3095455;1004589056;18722816;1113059328;0;0;0;0;0;0;0;0;0;0;0;1863;0;0;89;0;80;0;
17597;6310144;1004589056;18722816;1113059328;0;0;0;0;0;0;0;0;0;0;0;3296;0;0;89;0;80;0;
17598;5968373;1004589056;18722816;1113059328;0;0;0;0;0;0;0;0;0;0;0;4769;0;0;89;0;80;0;
17599;5856373;1004589056;18722816;1113059328;0;0;0;0;0;0;0;0;0;0;0;2565;0;0;89;0;80;0;
17600;3180515;1004589056;18722816;1113059328;0;0;0;0;0;0;0;0;0;0;0;2965;0;0;89;0;80;0;
17601;5664754;1004589056;18722816;1113059328;0;0;0;0;0;0;0;0;0;0;0;3015;0;0;89;0;80;0;
17602;4627158;1004589056;18722816;1113059328;0;0;0;0;0;0;0;0;0;0;0;3135;0;0;89;0;80;0;
17603;5242231;1004589056;18722816;1113059328;0;0;0;0;0;0;0;0;0;0;0;2315;0;0;89;0;80;0;
17604;3274511;1004589056;18722816;1113059328;0;0;0;0;0;0;0;0;0;0;0;1843;0;0;89;0;80;0;
17605;5340114;1004589056;18722816;1113059328;0;0;0;0;0;0;0;0;0;0;0;2264;0;0;89;0;80;0;
17606;2183465;1004589056;18722816;1113059328;0;0;0;0;0;0;0;0;0;0;0;1953;0;0;89;0;80;0;
17607;5228325;1004589056;18722816;1113059328;0;0;0;0;0;0;0;0;0;0;0;2365;0;0;89;0;80;0;
17608;4520327;1004589056;18722816;1113059328;0;0;0;0;0;0;0;0;0;0;0;3596;0;0;89;0;80;0;
17609;6068411;1004589056;18722816;1113059328;0;0;0;0;0;0;0;0;0;0;0;2775;0;0;89;0;80;0;
17610;4331534;1004589056;18722816;1113059328;0;0;0;0;0;0;0;0;0;0;0;2795;0;0;89;0;80;0;
17611;5992709;1004589056;18722816;1113059328;0;0;0;0;0;0;0;0;0;0;0;2816;0;0;89;0;80;0;
17612;3782424;1004589056;18722816;1113059328;0;0;0;0;0;0;0;0;0;0;0;2534;0;0;89;0;80;0;
17613;5621833;1004589056;18722816;1113059328;0;0;0;0;0;0;0;0;0;0;0;3586;0;0;89;0;80;0;
17614;4450987;1004589056;18722816;1113059328;0;0;0;0;0;0;0;0;0;0;0;3126;0;0;89;0;80;0;
17615;5742018;1004589056;18722816;1113059328;0;0;0;0;0;0;0;0;0;0;0;3336;0;0;89;0;80;0;
17616;5074186;1004589056;18722816;1113059328;0;0;0;0;0;0;0;0;0;0;0;3085;0;0;89;0;80;0;
17617;5364401;1004589056;18722816;1113059328;0;0;0;0;0;0;0;0;0;0;0;3176;0;0;89;0;80;0;
17618;4996360;1004589056;18722816;1113059328;0;0;0;0;0;0;0;0;0;0;0;87384;0;0;89;0;80;0;
17619;11642014;1004589056;18722816;1113059328;0;0;0;0;0;0;0;0;0;0;0;3206;0;0;89;0;80;0;
17620;3636109;1004589056;18722816;1113059328;0;0;0;0;0;0;0;0;0;0;0;2896;0;0;89;0;80;0;
17621;5926384;1004589056;18722816;1113059328;0;0;0;0;0;0;0;0;0;0;0;3046;0;0;89;0;80;0;
17622;4195639;1004589056;18722816;1113059328;0;0;0;0;0;0;0;0;0;0;0;2585;0;0;89;0;80;0;
17623;4766028;1004589056;18722816;1113059328;0;0;0;0;0;0;0;0;0;0;0;2255;0;0;89;0;80;0;
17624;3998047;1004589056;18722816;1113059328;0;0;0;0;0;0;0;0;0;0;0;2164;0;0;89;0;80;0;
17625;5408613;1004589056;18722816;1113059328;0;0;0;0;0;0;0;0;0;0;0;2174;0;0;89;0;80;0;
17626;3217093;1004589056;18722816;1113059328;0;0;0;0;0;0;0;0;0;0;0;2966;0;0;89;0;80;0;
17627;4952968;1004589056;18722816;1113059328;0;0;0;0;0;0;0;0;0;0;0;1934;0;0;89;0;80;0;
17628;3555808;1004589056;18722816;1113059328;0;0;0;0;0;0;0;0;0;0;0;83377;0;0;89;0;80;0;
17629;6520729;1004589056;18722816;1113059328;0;0;0;0;0;0;0;0;0;0;0;3136;0;0;89;0;80;0;
17630;5598720;1004589056;18722816;1113059328;0;0;0;0;0;0;0;0;0;0;0;2365;0;0;89;0;80;0;
17631;5466662;1004589056;18722816;1113059328;0;0;0;0;0;0;0;0;0;0;0;2274;0;0;89;0;80;0;
17632;3927706;1004589056;18722816;1113059328;0;0;0;0;0;0;0;0;0;0;0;1913;0;0;89;0;80;0;
17633;5634937;1004589056;18722816;1113059328;0;0;0;0;0;0;0;0;0;0;0;3156;0;0;89;0;80;0;
17634;5275113;1004589056;18722816;1113059328;0;0;0;0;0;0;0;0;0;0;0;3456;0;0;89;0;80;0;
17635;5699549;1004589056;18722816;1113059328;0;0;0;0;0;0;0;0;0;0;0;3326;0;0;89;0;80;0;
17636;3504392;1004589056;18722816;1113059328;0;0;0;0;0;0;0;0;0;0;0;1753;0;0;89;0;80;0;
17637;6104819;1004589056;18722816;1113059328;0;0;0;0;0;0;0;0;0;0;0;3086;0;0;89;0;80;0;
17638;4935326;1004589056;18722816;1113059328;0;0;0;0;0;0;0;0;0;0;0;3376;0;0;89;0;80;0;
17639;6064904;1004589056;18722816;1113059328;0;0;0;0;0;0;0;0;0;0;0;2124;0;0;89;0;80;0;
17640;4227038;1004589056;18722816;1113059328;0;0;0;0;0;0;0;0;0;0;0;2685;0;0;89;0;80;0;
17641;5692165;1004589056;18722816;1113059328;0;0;0;0;0;0;0;0;0;0;0;2735;0;0;89;0;80;0;
17642;4782459;1004589056;18722816;1113059328;0;0;0;0;0;0;0;0;0;0;0;3336;0;0;89;0;80;0;
17643;6063832;1004589056;18722816;1113059328;0;0;0;0;0;0;0;0;0;0;0;35897;0;0;89;0;80;0;
17644;4838233;1004589056;18722816;1113059328;0;0;0;0;0;0;0;0;0;0;0;2705;0;0;89;0;80;0;
17645;5996896;1004589056;18722816;1113059328;0;0;0;0;0;0;0;0;0;0;0;2244;0;0;89;0;80;0;
17646;3318894;1004589056;18722816;1113059328;0;0;0;0;0;0;0;0;0;0;0;1874;0;0;89;0;80;0;
17647;6538121;1004589056;18722816;1113059328;0;0;0;0;0;0;0;0;0;0;0;2224;0;0;89;0;80;0;
17648;2824237;1004589056;18722816;1113059328;0;0;0;0;0;0;0;0;0;0;0;2004;0;0;89;0;80;0;
17649;5437398;1004589056;18722816;1113059328;0;0;0;0;0;0;0;0;0;0;0;2124;0;0;89;0;80;0;
17650;3474486;1004589056;18722816;1113059328;0;0;0;0;0;0;0;0;0;0;0;2364;0;0;89;0;80;0;
17651;6299373;1004589056;18722816;1113059328;0;0;0;0;0;0;0;0;0;0;0;2585;0;0;89;0;80;0;
17652;3225289;1004589056;18722816;1113059328;0;0;0;0;0;0;0;0;0;0;0;2726;0;0;89;0;80;0;
17653;5654053;1004589056;18722816;1113059328;0;0;0;0;0;0;0;0;0;0;0;41157;0;0;89;0;80;0;
17654;3388676;1004589056;18722816;1113059328;0;0;0;0;0;0;0;0;0;0;0;2826;0;0;89;0;80;0;
17655;5653272;1004589056;18722816;1113059328;0;0;0;0;0;0;0;0;0;0;0;2053;0;0;89;0;80;0;
17656;3548345;1004589056;18722816;1113059328;0;0;0;0;0;0;0;0;0;0;0;2594;0;0;89;0;80;0;
17657;5459769;1004589056;18722816;1113059328;0;0;0;0;0;0;0;0;0;0;0;2765;0;0;89;0;80;0;
17658;5099383;1004589056;18722816;1113059328;0;0;0;0;0;0;0;0;0;0;0;2565;0;0;89;0;80;0;
17659;4689043;1004589056;18722816;1113059328;0;0;0;0;0;0;0;0;0;0;0;3005;0;0;89;0;80;0;
17660;3531783;1004589056;18722816;1113059328;0;0;0;0;0;0;0;0;0;0;0;2665;0;0;89;0;80;0;
17661;5713686;1004589056;18722816;1113059328;0;0;0;0;0;0;0;0;0;0;0;2685;0;0;89;0;80;0;
17662;4073289;1004589056;18722816;1113059328;0;0;0;0;0;0;0;0;0;0;0;3917;0;0;89;0;80;0;
17663;5634296;1004589056;18722816;1113059328;0;0;0;0;0;0;0;0;0;0;0;2194;0;0;89;0;80;0;
17664;3319235;1004589056;18722816;1113059328;0;0;0;0;0;0;0;0;0;0;0;3426;0;0;89;0;80;0;
17665;6684035;1004589056;18722816;1113059328;0;0;0;0;0;0;0;0;0;0;0;2675;0;0;89;0;80;0;
17666;3193158;1004589056;18722816;1113059328;0;0;0;0;0;0;0;0;0;0;0;2845;0;0;89;0;80;0;
17667;6609215;1004589056;18722816;1113059328;0;0;0;0;0;0;0;0;0;0;0;3477;0;0;89;0;80;0;
17668;4209384;1004589056;18722816;1113059328;0;0;0;0;0;0;0;0;0;0;0;2565;0;0;89;0;80;0;
17669;6279236;1004589056;18722816;1113059328;0;0;0;0;0;0;0;0;0;0;0;2114;0;0;89;0;80;0;
17670;3115082;1004589056;18722816;1113059328;0;0;0;0;0;0;0;0;0;0;0;2545;0;0;89;0;80;0;
17671;5639707;1004589056;18722816;1113059328;0;0;0;0;0;0;0;0;0;0;0;2154;0;0;89;0;80;0;
17672;3053096;1004589056;18722816;1113059328;0;0;0;0;0;0;0;0;0;0;0;1993;0;0;89;0;80;0;
17673;4556365;1004589056;18722816;1113059328;0;0;0;0;0;0;0;0;0;0;0;2625;0;0;89;0;80;0;
17674;4237898;1004589056;18722816;1113059328;0;0;0;0;0;0;0;0;0;0;0;2074;0;0;89;0;80;0;
17675;4743195;1004589056;18722816;1113059328;0;0;0;0;0;0;0;0;0;0;0;2284;0;0;89;0;80;0;
17676;3399235;1004589056;18722816;1113059328;0;0;0;0;0;0;0;0;0;0;0;2846;0;0;89;0;80;0;
17677;6198284;1004589056;18722816;1113059328;0;0;0;0;0;0;0;0;0;0;0;2445;0;0;89;0;80;0;
17678;2489449;1004589056;18722816;1113059328;0;0;0;0;0;0;0;0;0;0;0;2254;0;0;89;0;80;0;
17679;5897410;1004589056;18722816;1113059328;0;0;0;0;0;0;0;0;0;0;0;3256;0;0;89;0;80;0;
17680;4587273;1004589056;18722816;1113059328;0;0;0;0;0;0;0;0;0;0;0;3547;0;0;89;0;80;0;
17681;4860996;1004589056;18722816;1113059328;0;0;0;0;0;0;0;0;0;0;0;3888;0;0;89;0;80;0;
17682;5553055;1004589056;18722816;1113059328;0;0;0;0;0;0;0;0;0;0;0;3987;0;0;89;0;80;0;
17683;5489776;1004589056;18722816;1113059328;0;0;0;0;0;0;0;0;0;0;0;2524;0;0;89;0;80;0;
17684;3315678;1004589056;18722816;1113059328;0;0;0;0;0;0;0;0;0;0;0;3145;0;0;89;0;80;0;
17685;5949367;1004589056;18722816;1113059328;0;0;0;0;0;0;0;0;0;0;0;3426;0;0;89;0;80;0;
17686;3900244;1004589056;18722816;1113059328;0;0;0;0;0;0;0;0;0;0;0;2766;0;0;89;0;80;0;
17687;5542364;1004589056;18722816;1113059328;0;0;0;0;0;0;0;0;0;0;0;4058;0;0;89;0;80;0;
17688;5108620;1004589056;18722816;1113059328;0;0;0;0;0;0;0;0;0;0;0;3186;0;0;89;0;80;0;
17689;6634903;1004589056;18722816;1113059328;0;0;0;0;0;0;0;0;0;0;0;5200;0;0;89;0;80;0;
17690;5665375;1004589056;18722816;1113059328;0;0;0;0;0;0;0;0;0;0;0;3607;0;0;89;0;80;0;
17691;6161616;1004589056;18722816;1113059328;0;0;0;0;0;0;0;0;0;0;0;2454;0;0;89;0;80;0;
17692;4052410;1004589056;18722816;1113059328;0;0;0;0;0;0;0;0;0;0;0;3016;0;0;89;0;80;0;
17693;6770778;1004589056;18722816;1113059328;0;0;0;0;0;0;0;0;0;0;0;97102;0;0;89;0;80;0;
17694;4216087;1004589056;18722816;1113059328;0;0;0;0;0;0;0;0;0;0;0;2515;0;0;89;0;80;0;
17695;4904938;1004589056;18722816;1113059328;0;0;0;0;0;0;0;0;0;0;0;2584;0;0;89;0;80;0;
17696;4567055;1004589056;18722816;1113059328;0;0;0;0;0;0;0;0;0;0;0;2114;0;0;89;0;80;0;
17697;5117387;1004589056;18722816;1113059328;0;0;0;0;0;0;0;0;0;0;0;3206;0;0;89;0;80;0;
17698;4221687;1004589056;18722816;1113059328;0;0;0;0;0;0;0;0;0;0;0;1844;0;0;89;0;80;0;
17699;6403229;1004589056;18722816;1113059328;0;0;0;0;0;0;0;0;0;0;0;2806;0;0;89;0;80;0;
17700;3645707;1004589056;18722816;1113059328;0;0;0;0;0;0;0;0;0;0;0;2304;0;0;89;0;80;0;
17701;5615612;1004589056;18722816;1113059328;0;0;0;0;0;0;0;0;0;0;0;2465;0;0;89;0;80;0;
17702;3653452;1004589056;18722816;1113059328;0;0;0;0;0;0;0;0;0;0;0;2054;0;0;89;0;80;0;
17703;5945770;1007759360;28348416;1122684928;0;0;0;0;0;0;0;0;0;0;0;2776;0;0;89;0;80;0;
17704;4063621;1007759360;28348416;1122684928;0;0;0;0;0;0;0;0;0;0;0;3076;0;0;89;0;80;0;
17705;5919852;1011953664;28348416;1122684928;0;0;0;0;0;0;0;0;0;0;0;3777;0;0;89;0;80;0;
17706;4702820;1011953664;28348416;1122684928;0;0;0;0;0;0;0;0;0;0;0;3306;0;0;89;0;80;0;
17707;5696764;1014050816;28348416;1122684928;0;0;0;0;0;0;0;0;0;0;0;3226;0;0;89;0;80;0;
17708;4161234;1014050816;28348416;1122684928;0;0;0;0;0;0;0;0;0;0;0;2785;0;0;89;0;80;0;
17709;5868937;1014050816;28348416;1122684928;0;0;0;0;0;0;0;0;0;0;0;4479;0;0;89;0;80;0;
17710;5740736;1007611904;21733376;1116069888;0;0;0;0;0;0;0;0;0;0;0;3396;0;0;89;0;80;0;
17711;5468245;1007611904;21733376;1116069888;0;0;0;0;0;0;0;0;0;0;0;3166;0;0;89;0;80;0;
17712;5089024;1007611904;21733376;1116069888;0;0;0;0;0;0;0;0;0;0;0;3055;0;0;89;0;80;0;
17713;6291779;1007611904;21733376;1116069888;0;0;0;0;0;0;0;0;0;0;0;3637;0;0;89;0;80;0;
17714;3676455;1007611904;21733376;1116069888;0;0;0;0;0;0;0;0;0;0;0;2966;0;0;89;0;80;0;
17715;5442516;1007611904;21733376;1116069888;0;0;0;0;0;0;0;0;0;0;0;2384;0;0;89;0;80;0;
17716;3798593;1007611904;21733376;1116069888;0;0;0;0;0;0;0;0;0;0;0;2675;0;0;89;0;80;0;
17717;5837508;1007611904;21733376;1116069888;0;0;0;0;0;0;0;0;0;0;0;2945;0;0;89;0;80;0;
17718;4232097;1007611904;21733376;1116069888;0;0;0;0;0;0;0;0;0;0;0;3466;0;0;89;0;80;0;
17719;6508596;1007611904;21733376;1116069888;0;0;0;0;0;0;0;0;0;0;0;4008;0;0;89;0;80;0;
17720;5817029;1007611904;21733376;1116069888;0;0;0;0;0;0;0;0;0;0;0;3637;0;0;89;0;80;0;
17721;5117487;1007611904;21733376;1116069888;0;0;0;0;0;0;0;0;0;0;0;3647;0;0;89;0;80;0;
17722;5714066;1007611904;21733376;1116069888;0;0;0;0;0;0;0;0;0;0;0;3987;0;0;89;0;80;0;
17723;5705420;1007611904;21733376;1116069888;0;0;0;0;0;0;0;0;0;0;0;3387;0;0;89;0;80;0;
17724;4172986;1007611904;21733376;1116069888;0;0;0;0;0;0;0;0;0;0;0;3266;0;0;89;0;80;0;
17725;6562417;1007611904;21733376;1116069888;0;0;0;0;0;0;0;0;0;0;0;3447;0;0;89;0;80;0;
17726;3726890;1007611904;21733376;1116069888;0;0;0;0;0;0;0;0;0;0;0;2224;0;0;89;0;80;0;
17727;5393595;1007611904;21733376;1116069888;0;0;0;0;0;0;0;0;0;0;0;2655;0;0;89;0;80;0;
17728;4154431;1007611904;21733376;1116069888;0;0;0;0;0;0;0;0;0;0;0;3727;0;0;89;0;80;0;
17729;5370582;1007611904;21733376;1116069888;0;0;0;0;0;0;0;0;0;0;0;3346;0;0;89;0;80;0;
17730;4354316;1007611904;21733376;1116069888;0;0;0;0;0;0;0;0;0;0;0;2835;0;0;89;0;80;0;
17731;6663878;1007611904;21733376;1116069888;0;0;0;0;0;0;0;0;0;0;0;81492;0;0;89;0;80;0;
17732;4122241;1007611904;21733376;1116069888;0;0;0;0;0;0;0;0;0;0;0;2334;0;0;89;0;80;0;
17733;5893783;1007611904;21733376;1116069888;0;0;0;0;0;0;0;0;0;0;0;2425;0;0;89;0;80;0;
17734;3070388;1007611904;21733376;1116069888;0;0;0;0;0;0;0;0;0;0;0;1963;0;0;89;0;80;0;
17735;6436621;1007611904;21733376;1116069888;0;0;0;0;0;0;0;0;0;0;0;3176;0;0;89;0;80;0;
17736;3236590;1007611904;21733376;1116069888;0;0;0;0;0;0;0;0;0;0;0;2876;0;0;89;0;80;0;
17737;5195914;1007611904;21733376;1116069888;0;0;0;0;0;0;0;0;0;0;0;2565;0;0;89;0;80;0;
17738;4245532;1007611904;21733376;1116069888;0;0;0;0;0;0;0;0;0;0;0;2585;0;0;89;0;80;0;
17739;5933497;1007611904;21733376;1116069888;0;0;0;0;0;0;0;0;0;0;0;2906;0;0;89;0;80;0;
17740;3361594;1007611904;21733376;1116069888;0;0;0;0;0;0;0;0;0;0;0;1933;0;0;89;0;80;0;
17741;5374349;1007611904;21733376;1116069888;0;0;0;0;0;0;0;0;0;0;0;2504;0;0;89;0;80;0;
17742;2868419;1007611904;21733376;1116069888;0;0;0;0;0;0;0;0;0;0;0;1863;0;0;89;0;80;0;
17743;4874631;1007611904;21733376;1116069888;0;0;0;0;0;0;0;0;0;0;0;2444;0;0;89;0;80;0;
17744;3881018;1007611904;21733376;1116069888;0;0;0;0;0;0;0;0;0;0;0;2595;0;0;89;0;80;0;
17745;5042146;1007611904;21733376;1116069888;0;0;0;0;0;0;0;0;0;0;0;2876;0;0;89;0;80;0;
17746;4432052;1007611904;21733376;1116069888;0;0;0;0;0;0;0;0;0;0;0;2645;0;0;89;0;80;0;
17747;4971644;1007611904;21733376;1116069888;0;0;0;0;0;0;0;0;0;0;0;2915;0;0;89;0;80;0;
17748;3884465;1007611904;21733376;1116069888;0;0;0;0;0;0;0;0;0;0;0;2705;0;0;89;0;80;0;
17749;4878239;1007611904;21733376;1116069888;0;0;0;0;0;0;0;0;0;0;0;2495;0;0;89;0;80;0;
17750;3964475;1007611904;21733376;1116069888;0;0;0;0;0;0;0;0;0;0;0;2435;0;0;89;0;80;0;
17751;4739910;1007611904;21733376;1116069888;0;0;0;0;0;0;0;0;0;0;0;2425;0;0;89;0;80;0;
17752;4013838;1007611904;21733376;1116069888;0;0;0;0;0;0;0;0;0;0;0;2544;0;0;89;0;80;0;
17753;5123077;1007611904;21733376;1116069888;0;0;0;0;0;0;0;0;0;0;0;2244;0;0;89;0;80;0;
17754;3527445;1007611904;21733376;1116069888;0;0;0;0;0;0;0;0;0;0;0;2745;0;0;89;0;80;0;
17755;5246479;1007611904;21733376;1116069888;0;0;0;0;0;0;0;0;0;0;0;2124;0;0;89;0;80;0;
17756;3201164;1007611904;21733376;1116069888;0;0;0;0;0;0;0;0;0;0;0;2454;0;0;89;0;80;0;
17757;5360943;1007611904;21733376;1116069888;0;0;0;0;0;0;0;0;0;0;0;2464;0;0;89;0;80;0;
17758;3572119;1007611904;21733376;1116069888;0;0;0;0;0;0;0;0;0;0;0;2785;0;0;89;0;80;0;
17759;5382574;1007611904;21733376;1116069888;0;0;0;0;0;0;0;0;0;0;0;3015;0;0;89;0;80;0;
17760;3764350;1007611904;21733376;1116069888;0;0;0;0;0;0;0;0;0;0;0;2475;0;0;89;0;80;0;
17761;5480558;1007611904;21733376;1116069888;0;0;0;0;0;0;0;0;0;0;0;2505;0;0;89;0;80;0;
17762;4014369;1007611904;21733376;1116069888;0;0;0;0;0;0;0;0;0;0;0;2545;0;0;89;0;80;0;
17763;4814099;1007611904;21733376;1116069888;0;0;0;0;0;0;0;0;0;0;0;3005;0;0;89;0;80;0;
17764;4567286;1007611904;21733376;1116069888;0;0;0;0;0;0;0;0;0;0;0;2284;0;0;89;0;80;0;
17765;5842938;1007611904;21733376;1116069888;0;0;0;0;0;0;0;0;0;0;0;2935;0;0;89;0;80;0;
17766;3076429;1007611904;21733376;1116069888;0;0;0;0;0;0;0;0;0;0;0;1994;0;0;89;0;80;0;
17767;5751356;1007611904;21733376;1116069888;0;0;0;0;0;0;0;0;0;0;0;2515;0;0;89;0;80;0;
17768;4239781;1007611904;21733376;1116069888;0;0;0;0;0;0;0;0;0;0;0;2615;0;0;89;0;80;0;
17769;5521114;1007611904;21733376;1116069888;0;0;0;0;0;0;0;0;0;0;0;2494;0;0;89;0;80;0;
17770;3742529;1007611904;21733376;1116069888;0;0;0;0;0;0;0;0;0;0;0;2605;0;0;89;0;80;0;
17771;5287937;1007611904;21733376;1116069888;0;0;0;0;0;0;0;0;0;0;0;2585;0;0;89;0;80;0;
17772;3348189;1007611904;21733376;1116069888;0;0;0;0;0;0;0;0;0;0;0;2274;0;0;89;0;80;0;
17773;5209730;1007611904;21733376;1116069888;0;0;0;0;0;0;0;0;0;0;0;3096;0;0;89;0;80;0;
17774;4011233;1007611904;21733376;1116069888;0;0;0;0;0;0;0;0;0;0;0;2364;0;0;89;0;80;0;
17775;5323905;1007611904;21733376;1116069888;0;0;0;0;0;0;0;0;0;0;0;2635;0;0;89;0;80;0;
17776;3715438;1007611904;21733376;1116069888;0;0;0;0;0;0;0;0;0;0;0;2204;0;0;89;0;80;0;
17777;5808804;1007611904;21733376;1116069888;0;0;0;0;0;0;0;0;0;0;0;3456;0;0;89;0;80;0;
17778;5120763;1007611904;21733376;1116069888;0;0;0;0;0;0;0;0;0;0;0;2074;0;0;89;0;80;0;
17779;6043223;1007611904;21737472;1116073984;0;0;0;0;0;0;0;0;0;0;0;2365;0;0;89;0;80;0;
17780;3378526;1007611904;21741568;1116078080;0;0;0;0;0;0;0;0;0;0;0;2515;0;0;89;0;80;0;
17781;5632864;1007611904;21741568;1116078080;0;0;0;0;0;0;0;0;0;0;0;2424;0;0;89;0;80;0;
17782;4352082;1007611904;21741568;1116078080;0;0;0;0;0;0;0;0;0;0;0;2375;0;0;89;0;80;0;
17783;5902740;1007611904;21741568;1116078080;0;0;0;0;0;0;0;0;0;0;0;2184;0;0;89;0;80;0;
17784;3344342;1007611904;21741568;1116078080;0;0;0;0;0;0;0;0;0;0;0;2214;0;0;89;0;80;0;
17785;5215050;1007611904;21741568;1116078080;0;0;0;0;0;0;0;0;0;0;0;2685;0;0;89;0;80;0;
17786;9164907;1007611904;21733376;1116069888;0;0;0;0;0;0;0;0;0;0;0;2294;0;0;89;0;80;0;
17787;5441876;1007611904;21733376;1116069888;0;0;0;0;0;0;0;0;0;0;0;2324;0;0;89;0;80;0;
17788;5719076;1007611904;21733376;1116069888;0;0;0;0;0;0;0;0;0;0;0;3687;0;0;89;0;80;0;
17789;6255782;1007611904;21733376;1116069888;0;0;0;0;0;0;0;0;0;0;0;3787;0;0;89;0;80;0;
17790;4935125;1007611904;21733376;1116069888;0;0;0;0;0;0;0;0;0;0;0;3106;0;0;89;0;80;0;
17791;6373353;1007611904;21733376;1116069888;0;0;0;0;0;0;0;0;0;0;0;52028;0;0;89;0;80;0;
17792;4836150;1007611904;21733376;1116069888;0;0;0;0;0;0;0;0;0;0;0;2865;0;0;89;0;80;0;
17793;4734670;1007611904;21733376;1116069888;0;0;0;0;0;0;0;0;0;0;0;2224;0;0;89;0;80;0;
17794;5022339;1007611904;21733376;1116069888;0;0;0;0;0;0;0;0;0;0;0;2615;0;0;89;0;80;0;
17795;5518259;1007611904;21733376;1116069888;0;0;0;0;0;0;0;0;0;0;0;3146;0;0;89;0;80;0;
17796;5545800;1007611904;21733376;1116069888;0;0;0;0;0;0;0;0;0;0;0;3777;0;0;89;0;80;0;
17797;7524230;1007611904;21733376;1116069888;0;0;0;0;0;0;0;0;0;0;0;2976;0;0;89;0;80;0;
17798;5122236;1007611904;21733376;1116069888;0;0;0;0;0;0;0;0;0;0;0;2575;0;0;89;0;80;0;
17799;5483383;1007611904;21733376;1116069888;0;0;0;0;0;0;0;0;0;0;0;2826;0;0;89;0;80;0;
17800;4940956;1007611904;21733376;1116069888;0;0;0;0;0;0;0;0;0;0;0;2475;0;0;89;0;80;0;
17801;4965572;1007611904;21733376;1116069888;0;0;0;0;0;0;0;0;0;0;0;2154;0;0;89;0;80;0;
17802;4412445;1007611904;21733376;1116069888;0;0;0;0;0;0;0;0;0;0;0;2394;0;0;89;0;80;0;
17803;5785169;1007611904;21733376;1116069888;0;0;0;0;0;0;0;0;0;0;0;2484;0;0;89;0;80;0;
17804;4161775;1007611904;21733376;1116069888;0;0;0;0;0;0;0;0;0;0;0;2495;0;0;89;0;80;0;
17805;5629968;1007611904;21733376;1116069888;0;0;0;0;0;0;0;0;0;0;0;2365;0;0;89;0;80;0;
17806;4137259;1007611904;21733376;1116069888;0;0;0;0;0;0;0;0;0;0;0;2144;0;0;89;0;80;0;
17807;5914202;1007611904;21733376;1116069888;0;0;0;0;0;0;0;0;0;0;0;2305;0;0;89;0;80;0;
17808;4014368;1007611904;21733376;1116069888;0;0;0;0;0;0;0;0;0;0;0;2294;0;0;89;0;80;0;
17809;5305099;1007611904;21733376;1116069888;0;0;0;0;0;0;0;0;0;0;0;2725;0;0;89;0;80;0;
17810;5759201;1007611904;21733376;1116069888;0;0;0;0;0;0;0;0;0;0;0;2885;0;0;89;0;80;0;
17811;5160277;1007611904;21733376;1116069888;0;0;0;0;0;0;0;0;0;0;0;3256;0;0;89;0;80;0;
17812;5683939;1007611904;21733376;1116069888;0;0;0;0;0;0;0;0;0;0;0;3536;0;0;89;0;80;0;
17813;5277858;1007611904;21733376;1116069888;0;0;0;0;0;0;0;0;0;0;0;3536;0;0;89;0;80;0;
17814;5755874;1007611904;21733376;1116069888;0;0;0;0;0;0;0;0;0;0;0;2796;0;0;89;0;80;0;
17815;4952278;1007611904;21733376;1116069888;0;0;0;0;0;0;0;0;0;0;0;2715;0;0;89;0;80;0;
17816;4494579;1007611904;21733376;1116069888;0;0;0;0;0;0;0;0;0;0;0;3206;0;0;89;0;80;0;
17817;6259199;1007611904;21733376;1116069888;0;0;0;0;0;0;0;0;0;0;0;3907;0;0;89;0;80;0;
17818;5841776;1007611904;21733376;1116069888;0;0;0;0;0;0;0;0;0;0;0;2915;0;0;89;0;80;0;
17819;8597724;1007611904;21733376;1116069888;0;0;0;0;0;0;0;0;0;0;0;3176;0;0;89;0;80;0;
17820;11154098;1007611904;21733376;1116069888;0;0;0;0;0;0;0;0;0;0;0;3657;0;0;89;0;80;0;
17821;5298026;1007611904;21733376;1116069888;0;0;0;0;0;0;0;0;0;0;0;2925;0;0;89;0;80;0;
17822;6001635;1007611904;21733376;1116069888;0;0;0;0;0;0;0;0;0;0;0;4298;0;0;89;0;80;0;
17823;5775011;1007611904;21733376;1116069888;0;0;0;0;0;0;0;0;0;0;0;2975;0;0;89;0;80;0;
17824;6894019;1007611904;21733376;1116069888;0;0;0;0;0;0;0;0;0;0;0;3116;0;0;89;0;80;0;
17825;6653378;1007611904;21733376;1116069888;0;0;0;0;0;0;0;0;0;0;0;3176;0;0;89;0;80;0;
17826;4083007;1007611904;21733376;1116069888;0;0;0;0;0;0;0;0;0;0;0;3797;0;0;89;0;80;0;
17827;7310060;1007611904;21733376;1116069888;0;0;0;0;0;0;0;0;0;0;0;3787;0;0;89;0;80;0;
17828;4997753;1007611904;21733376;1116069888;0;0;0;0;0;0;0;0;0;0;0;3607;0;0;89;0;80;0;
17829;6331034;1007611904;21733376;1116069888;0;0;0;0;0;0;0;0;0;0;0;3737;0;0;89;0;80;0;
17830;3465429;1007611904;21733376;1116069888;0;0;0;0;0;0;0;0;0;0;0;2945;0;0;89;0;80;0;
17831;5606093;1007611904;21733376;1116069888;0;0;0;0;0;0;0;0;0;0;0;3417;0;0;89;0;80;0;
17832;5284410;1007611904;21733376;1116069888;0;0;0;0;0;0;0;0;0;0;0;3146;0;0;89;0;80;0;
17833;6391026;1007611904;21733376;1116069888;0;0;0;0;0;0;0;0;0;0;0;3106;0;0;89;0;80;0;
17834;4796295;1007611904;21733376;1116069888;0;0;0;0;0;0;0;0;0;0;0;2414;0;0;89;0;80;0;
17835;5930132;1007611904;21733376;1116069888;0;0;0;0;0;0;0;0;0;0;0;2915;0;0;89;0;80;0;
17836;3245657;1007611904;21733376;1116069888;0;0;0;0;0;0;0;0;0;0;0;2344;0;0;89;0;80;0;
17837;5796831;1007611904;21733376;1116069888;0;0;0;0;0;0;0;0;0;0;0;3096;0;0;89;0;80;0;
17838;4163058;1007611904;21733376;1116069888;0;0;0;0;0;0;0;0;0;0;0;2415;0;0;89;0;80;0;
17839;5572270;1007611904;21733376;1116069888;0;0;0;0;0;0;0;0;0;0;0;2815;0;0;89;0;80;0;
17840;4176222;1007611904;21733376;1116069888;0;0;0;0;0;0;0;0;0;0;0;2645;0;0;89;0;80;0;
17841;6356030;1007611904;21733376;1116069888;0;0;0;0;0;0;0;0;0;0;0;2435;0;0;89;0;80;0;
17842;3491778;1007611904;21733376;1116069888;0;0;0;0;0;0;0;0;0;0;0;2585;0;0;89;0;80;0;
17843;6627799;1007611904;21733376;1116069888;0;0;0;0;0;0;0;0;0;0;0;2815;0;0;89;0;80;0;
17844;4461798;1007611904;21733376;1116069888;0;0;0;0;0;0;0;0;0;0;0;2966;0;0;89;0;80;0;
17845;5732972;1007611904;21733376;1116069888;0;0;0;0;0;0;0;0;0;0;0;3297;0;0;89;0;80;0;
17846;4944904;1007611904;21733376;1116069888;0;0;0;0;0;0;0;0;0;0;0;2895;0;0;89;0;80;0;
17847;7384599;1007611904;21733376;1116069888;0;0;0;0;0;0;0;0;0;0;0;2755;0;0;89;0;80;0;
17848;4704492;1007611904;21733376;1116069888;0;0;0;0;0;0;0;0;0;0;0;3116;0;0;89;0;80;0;
17849;6525548;1007611904;21733376;1116069888;0;0;0;0;0;0;0;0;0;0;0;3267;0;0;89;0;80;0;
17850;4279346;1007611904;21733376;1116069888;0;0;0;0;0;0;0;0;0;0;0;2505;0;0;89;0;80;0;
17851;6467089;1007611904;21733376;1116069888;0;0;0;0;0;0;0;0;0;0;0;3136;0;0;89;0;80;0;
17852;3313453;1007611904;21733376;1116069888;0;0;0;0;0;0;0;0;0;0;0;2134;0;0;89;0;80;0;
17853;5890297;1007611904;21733376;1116069888;0;0;0;0;0;0;0;0;0;0;0;4238;0;0;89;0;80;0;
17854;4250261;1007611904;21733376;1116069888;0;0;0;0;0;0;0;0;0;0;0;2665;0;0;89;0;80;0;
17855;5909643;1007611904;21733376;1116069888;0;0;0;0;0;0;0;0;0;0;0;1633;0;0;89;0;80;0;
17856;3233214;1007611904;21733376;1116069888;0;0;0;0;0;0;0;0;0;0;0;1874;0;0;89;0;80;0;
17857;5491839;1007611904;21733376;1116069888;0;0;0;0;0;0;0;0;0;0;0;3015;0;0;89;0;80;0;
17858;5067323;1007611904;21733376;1116069888;0;0;0;0;0;0;0;0;0;0;0;1873;0;0;89;0;80;0;
17859;6342604;1007611904;21733376;1116069888;0;0;0;0;0;0;0;0;0;0;0;2354;0;0;89;0;80;0;
17860;3244495;1007611904;21733376;1116069888;0;0;0;0;0;0;0;0;0;0;0;2184;0;0;89;0;80;0;
17861;5926034;1007611904;21733376;1116069888;0;0;0;0;0;0;0;0;0;0;0;2214;0;0;89;0;80;0;
17862;4211538;1007611904;21733376;1116069888;0;0;0;0;0;0;0;0;0;0;0;2514;0;0;89;0;80;0;
17863;5053848;1007611904;21733376;1116069888;0;0;0;0;0;0;0;0;0;0;0;2946;0;0;89;0;80;0;
17864;3940039;1007611904;21733376;1116069888;0;0;0;0;0;0;0;0;0;0;0;2595;0;0;89;0;80;0;
17865;6405363;1007611904;21733376;1116069888;0;0;0;0;0;0;0;0;0;0;0;3006;0;0;89;0;80;0;
17866;4527721;1007611904;21733376;1116069888;0;0;0;0;0;0;0;0;0;0;0;1984;0;0;89;0;80;0;
17867;4559220;1007611904;21733376;1116069888;0;0;0;0;0;0;0;0;0;0;0;2185;0;0;89;0;80;0;
17868;4972235;1007611904;21733376;1116069888;0;0;0;0;0;0;0;0;0;0;0;2455;0;0;89;0;80;0;
17869;5696964;1007611904;21733376;1116069888;0;0;0;0;0;0;0;0;0;0;0;3156;0;0;89;0;80;0;
17870;3904913;1007611904;21733376;1116069888;0;0;0;0;0;0;0;0;0;0;0;2395;0;0;89;0;80;0;
17871;6611288;1007611904;21733376;1116069888;0;0;0;0;0;0;0;0;0;0;0;2294;0;0;89;0;80;0;
17872;3624758;1007611904;21733376;1116069888;0;0;0;0;0;0;0;0;0;0;0;2605;0;0;89;0;80;0;
17873;5890998;1007611904;21733376;1116069888;0;0;0;0;0;0;0;0;0;0;0;2334;0;0;89;0;80;0;
17874;5724716;1007611904;21733376;1116069888;0;0;0;0;0;0;0;0;0;0;0;3186;0;0;89;0;80;0;
17875;5922387;1007611904;21733376;1116069888;0;0;0;0;0;0;0;0;0;0;0;170870;0;0;89;0;80;0;
17876;4056457;1007611904;21733376;1116069888;0;0;0;0;0;0;0;0;0;0;0;2354;0;0;89;0;80;0;
17877;5783366;1007611904;21733376;1116069888;0;0;0;0;0;0;0;0;0;0;0;2465;0;0;89;0;80;0;
17878;3866401;1007611904;21733376;1116069888;0;0;0;0;0;0;0;0;0;0;0;69971;0;0;89;0;80;0;
17879;6470094;1007611904;21733376;1116069888;0;0;0;0;0;0;0;0;0;0;0;2395;0;0;89;0;80;0;
17880;3129700;1007611904;21733376;1116069888;0;0;0;0;0;0;0;0;0;0;0;2395;0;0;89;0;80;0;
17881;4568117;1007611904;21733376;1116069888;0;0;0;0;0;0;0;0;0;0;0;2795;0;0;89;0;80;0;
17882;4726203;1007611904;21733376;1116069888;0;0;0;0;0;0;0;0;0;0;0;2675;0;0;89;0;80;0;
17883;5383086;1007611904;21733376;1116069888;0;0;0;0;0;0;0;0;0;0;0;2384;0;0;89;0;80;0;
17884;4046258;1007611904;21733376;1116069888;0;0;0;0;0;0;0;0;0;0;0;2775;0;0;89;0;80;0;
17885;6645683;1007611904;21733376;1116069888;0;0;0;0;0;0;0;0;0;0;0;142207;0;0;89;0;80;0;
17886;4841780;1007611904;21733376;1116069888;0;0;0;0;0;0;0;0;0;0;0;57077;0;0;89;0;80;0;
17887;5737881;1007611904;21733376;1116069888;0;0;0;0;0;0;0;0;0;0;0;2695;0;0;89;0;80;0;
17888;3353910;1007611904;21733376;1116069888;0;0;0;0;0;0;0;0;0;0;0;2064;0;0;89;0;80;0;
17889;5279000;1007611904;21733376;1116069888;0;0;0;0;0;0;0;0;0;0;0;2174;0;0;89;0;80;0;
17890;2598894;1007611904;21733376;1116069888;0;0;0;0;0;0;0;0;0;0;0;1934;0;0;89;0;80;0;
17891;5259814;1007611904;21733376;1116069888;0;0;0;0;0;0;0;0;0;0;0;2595;0;0;89;0;80;0;
17892;3931723;1007611904;21733376;1116069888;0;0;0;0;0;0;0;0;0;0;0;2545;0;0;89;0;80;0;
17893;5313746;1007611904;21733376;1116069888;0;0;0;0;0;0;0;0;0;0;0;2405;0;0;89;0;80;0;
17894;4119907;1007611904;21733376;1116069888;0;0;0;0;0;0;0;0;0;0;0;2495;0;0;89;0;80;0;
17895;5197908;1007611904;21733376;1116069888;0;0;0;0;0;0;0;0;0;0;0;3056;0;0;89;0;80;0;
17896;4172155;1007611904;21733376;1116069888;0;0;0;0;0;0;0;0;0;0;0;3336;0;0;89;0;80;0;
17897;5477222;1007611904;21733376;1116069888;0;0;0;0;0;0;0;0;0;0;0;3056;0;0;89;0;80;0;
17898;5115544;1007611904;21733376;1116069888;0;0;0;0;0;0;0;0;0;0;0;2595;0;0;89;0;80;0;
17899;5243964;1007611904;21733376;1116069888;0;0;0;0;0;0;0;0;0;0;0;3046;0;0;89;0;80;0;
17900;5027087;1007611904;21733376;1116069888;0;0;0;0;0;0;0;0;0;0;0;4398;0;0;89;0;80;0;
17901;5892090;1007611904;21733376;1116069888;0;0;0;0;0;0;0;0;0;0;0;3065;0;0;89;0;80;0;
17902;4367351;1007611904;21733376;1116069888;0;0;0;0;0;0;0;0;0;0;0;2986;0;0;89;0;80;0;
17903;6577675;1007611904;21733376;1116069888;0;0;0;0;0;0;0;0;0;0;0;2935;0;0;89;0;80;0;
17904;3888373;1007611904;21733376;1116069888;0;0;0;0;0;0;0;0;0;0;0;2986;0;0;89;0;80;0;
17905;8145456;1007611904;21733376;1116069888;0;0;0;0;0;0;0;0;0;0;0;59111;0;0;89;0;80;0;
17906;5191325;1007611904;21733376;1116069888;0;0;0;0;0;0;0;0;0;0;0;4418;0;0;89;0;80;0;
17907;6258978;1007611904;21733376;1116069888;0;0;0;0;0;0;0;0;0;0;0;4799;0;0;89;0;80;0;
17908;6267294;1007611904;21733376;1116069888;0;0;0;0;0;0;0;0;0;0;0;4949;0;0;89;0;80;0;
17909;5840092;1007611904;21733376;1116069888;0;0;0;0;0;0;0;0;0;0;0;4509;0;0;89;0;80;0;
17910;5799426;1007611904;21733376;1116069888;0;0;0;0;0;0;0;0;0;0;0;3227;0;0;89;0;80;0;
17911;5314076;1007611904;21733376;1116069888;0;0;0;0;0;0;0;0;0;0;0;4007;0;0;89;0;80;0;
17912;5263061;1007611904;21733376;1116069888;0;0;0;0;0;0;0;0;0;0;0;3627;0;0;89;0;80;0;
17913;6258507;1007611904;21733376;1116069888;0;0;0;0;0;0;0;0;0;0;0;3276;0;0;89;0;80;0;
17914;4745811;1007611904;21733376;1116069888;0;0;0;0;0;0;0;0;0;0;0;3096;0;0;89;0;80;0;
17915;6249079;1007611904;21733376;1116069888;0;0;0;0;0;0;0;0;0;0;0;3066;0;0;89;0;80;0;
17916;5528468;1007611904;21733376;1116069888;0;0;0;0;0;0;0;0;0;0;0;3156;0;0;89;0;80;0;
17917;5538998;1007611904;21733376;1116069888;0;0;0;0;0;0;0;0;0;0;0;2645;0;0;89;0;80;0;
17918;4912663;1007611904;21733376;1116069888;0;0;0;0;0;0;0;0;0;0;0;2565;0;0;89;0;80;0;
17919;6143151;1007611904;21733376;1116069888;0;0;0;0;0;0;0;0;0;0;0;2695;0;0;89;0;80;0;
17920;4882848;1007611904;21733376;1116069888;0;0;0;0;0;0;0;0;0;0;0;2415;0;0;89;0;80;0;
17921;5705289;1007611904;21733376;1116069888;0;0;0;0;0;0;0;0;0;0;0;2755;0;0;89;0;80;0;
17922;3955909;1007611904;21733376;1116069888;0;0;0;0;0;0;0;0;0;0;0;2765;0;0;89;0;80;0;
17923;6336604;1007611904;21733376;1116069888;0;0;0;0;0;0;0;0;0;0;0;3186;0;0;89;0;80;0;
17924;6198925;1007611904;21733376;1116069888;0;0;0;0;0;0;0;0;0;0;0;2716;0;0;89;0;80;0;
17925;5001680;1007611904;21733376;1116069888;0;0;0;0;0;0;0;0;0;0;0;2455;0;0;89;0;80;0;
17926;5037597;1007611904;21733376;1116069888;0;0;0;0;0;0;0;0;0;0;0;2835;0;0;89;0;80;0;
17927;5793134;1007611904;21733376;1116069888;0;0;0;0;0;0;0;0;0;0;0;2785;0;0;89;0;80;0;
17928;5251529;1007611904;21733376;1116069888;0;0;0;0;0;0;0;0;0;0;0;2344;0;0;89;0;80;0;
17929;5334023;1007611904;21733376;1116069888;0;0;0;0;0;0;0;0;0;0;0;2595;0;0;89;0;80;0;
17930;6887397;1007611904;21737472;1116073984;0;0;0;0;0;0;0;0;0;0;0;2695;0;0;89;0;80;0;
17931;5522887;1007611904;21737472;1116073984;0;0;0;0;0;0;0;0;0;0;0;3206;0;0;89;0;80;0;
17932;5339734;1007611904;21737472;1116073984;0;0;0;0;0;0;0;0;0;0;0;2545;0;0;89;0;80;0;
17933;6075224;1007611904;21737472;1116073984;0;0;0;0;0;0;0;0;0;0;0;3126;0;0;89;0;80;0;
17934;5255325;1007611904;21737472;1116073984;0;0;0;0;0;0;0;0;0;0;0;2625;0;0;89;0;80;0;
17935;6337074;1007611904;21737472;1116073984;0;0;0;0;0;0;0;0;0;0;0;3637;0;0;89;0;80;0;
17936;4834266;1007611904;21737472;1116073984;0;0;0;0;0;0;0;0;0;0;0;2565;0;0;89;0;80;0;
17937;6240423;1007611904;21737472;1116073984;0;0;0;0;0;0;0;0;0;0;0;2615;0;0;89;0;80;0;
17938;4429447;1007611904;21737472;1116073984;0;0;0;0;0;0;0;0;0;0;0;2725;0;0;89;0;80;0;
17939;5896749;1007611904;21737472;1116073984;0;0;0;0;0;0;0;0;0;0;0;2835;0;0;89;0;80;0;
17940;5809255;1007611904;21737472;1116073984;0;0;0;0;0;0;0;0;0;0;0;7033;0;0;89;0;80;0;
17941;5671265;1007611904;21737472;1116073984;0;0;0;0;0;0;0;0;0;0;0;2715;0;0;89;0;80;0;
17942;3889775;1007611904;21737472;1116073984;0;0;0;0;0;0;0;0;0;0;0;2845;0;0;89;0;80;0;
17943;6755699;1007611904;21737472;1116073984;0;0;0;0;0;0;0;0;0;0;0;99146;0;0;89;0;80;0;
17944;5254675;1007611904;21737472;1116073984;0;0;0;0;0;0;0;0;0;0;0;2966;0;0;89;0;80;0;
17945;7284551;1007611904;21737472;1116073984;0;0;0;0;0;0;0;0;0;0;0;3307;0;0;89;0;80;0;
17946;5506687;1007611904;21737472;1116073984;0;0;0;0;0;0;0;0;0;0;0;2314;0;0;89;0;80;0;
17947;6272373;1007611904;21737472;1116073984;0;0;0;0;0;0;0;0;0;0;0;2816;0;0;89;0;80;0;
17948;3618506;1007611904;21737472;1116073984;0;0;0;0;0;0;0;0;0;0;0;2254;0;0;89;0;80;0;
17949;6239362;1007611904;21737472;1116073984;0;0;0;0;0;0;0;0;0;0;0;2775;0;0;89;0;80;0;
17950;4471336;1007611904;21737472;1116073984;0;0;0;0;0;0;0;0;0;0;0;2966;0;0;89;0;80;0;
17951;4874632;1007611904;21737472;1116073984;0;0;0;0;0;0;0;0;0;0;0;2846;0;0;89;0;80;0;
17952;4298512;1007611904;21737472;1116073984;0;0;0;0;0;0;0;0;0;0;0;2786;0;0;89;0;80;0;
17953;5624227;1007611904;21737472;1116073984;0;0;0;0;0;0;0;0;0;0;0;3286;0;0;89;0;80;0;
17954;4402416;1007611904;21737472;1116073984;0;0;0;0;0;0;0;0;0;0;0;3186;0;0;89;0;80;0;
17955;6420200;1007611904;21737472;1116073984;0;0;0;0;0;0;0;0;0;0;0;3958;0;0;89;0;80;0;
17956;5406900;1007611904;21737472;1116073984;0;0;0;0;0;0;0;0;0;0;0;3136;0;0;89;0;80;0;
17957;5821448;1007611904;21737472;1116073984;0;0;0;0;0;0;0;0;0;0;0;3246;0;0;89;0;80;0;
17958;5323925;1007611904;21737472;1116073984;0;0;0;0;0;0;0;0;0;0;0;2715;0;0;89;0;80;0;
17959;5383887;1007611904;21737472;1116073984;0;0;0;0;0;0;0;0;0;0;0;2575;0;0;89;0;80;0;
17960;5210442;1007611904;21737472;1116073984;0;0;0;0;0;0;0;0;0;0;0;2234;0;0;89;0;80;0;
17961;6216218;1007611904;21737472;1116073984;0;0;0;0;0;0;0;0;0;0;0;2535;0;0;89;0;80;0;
17962;4787639;1007611904;21737472;1116073984;0;0;0;0;0;0;0;0;0;0;0;2464;0;0;89;0;80;0;
17963;5935301;1007611904;21737472;1116073984;0;0;0;0;0;0;0;0;0;0;0;2535;0;0;89;0;80;0;
17964;3503410;1007611904;21737472;1116073984;0;0;0;0;0;0;0;0;0;0;0;2265;0;0;89;0;80;0;
17965;6614755;1007611904;21737472;1116073984;0;0;0;0;0;0;0;0;0;0;0;3026;0;0;89;0;80;0;
17966;5296543;1007611904;21737472;1116073984;0;0;0;0;0;0;0;0;0;0;0;3376;0;0;89;0;80;0;
17967;5998971;1007611904;21737472;1116073984;0;0;0;0;0;0;0;0;0;0;0;3316;0;0;89;0;80;0;
17968;4660780;1007611904;21737472;1116073984;0;0;0;0;0;0;0;0;0;0;0;3116;0;0;89;0;80;0;
17969;6137530;1007611904;21737472;1116073984;0;0;0;0;0;0;0;0;0;0;0;3366;0;0;89;0;80;0;
17970;6588306;1007611904;21737472;1116073984;0;0;0;0;0;0;0;0;0;0;0;3467;0;0;89;0;80;0;
17971;5455491;1007611904;21737472;1116073984;0;0;0;0;0;0;0;0;0;0;0;3376;0;0;89;0;80;0;
17972;4840027;1007611904;21737472;1116073984;0;0;0;0;0;0;0;0;0;0;0;2485;0;0;89;0;80;0;
17973;5728594;1007611904;21737472;1116073984;0;0;0;0;0;0;0;0;0;0;0;3356;0;0;89;0;80;0;
17974;6139103;1007611904;21737472;1116073984;0;0;0;0;0;0;0;0;0;0;0;3466;0;0;89;0;80;0;
17975;6228771;1007611904;21737472;1116073984;0;0;0;0;0;0;0;0;0;0;0;2504;0;0;89;0;80;0;
17976;6930798;1007611904;21737472;1116073984;0;0;0;0;0;0;0;0;0;0;0;2455;0;0;89;0;80;0;
17977;6790534;1007611904;21737472;1116073984;0;0;0;0;0;0;0;0;0;0;0;3206;0;0;89;0;80;0;
17978;4194957;1007611904;21737472;1116073984;0;0;0;0;0;0;0;0;0;0;0;2935;0;0;89;0;80;0;
17979;6551206;1007611904;21737472;1116073984;0;0;0;0;0;0;0;0;0;0;0;2926;0;0;89;0;80;0;
17980;4424278;1007611904;21737472;1116073984;0;0;0;0;0;0;0;0;0;0;0;2735;0;0;89;0;80;0;
17981;6787098;1007611904;21737472;1116073984;0;0;0;0;0;0;0;0;0;0;0;3436;0;0;89;0;80;0;
17982;5323203;1007611904;21737472;1116073984;0;0;0;0;0;0;0;0;0;0;0;3005;0;0;89;0;80;0;
17983;7011159;1007611904;21737472;1116073984;0;0;0;0;0;0;0;0;0;0;0;2625;0;0;89;0;80;0;
17984;3856823;1007611904;21737472;1116073984;0;0;0;0;0;0;0;0;0;0;0;2635;0;0;89;0;80;0;
17985;5667629;1007611904;21737472;1116073984;0;0;0;0;0;0;0;0;0;0;0;2805;0;0;89;0;80;0;
17986;3766023;1007611904;21737472;1116073984;0;0;0;0;0;0;0;0;0;0;0;2515;0;0;89;0;80;0;
17987;5923869;1007611904;21737472;1116073984;0;0;0;0;0;0;0;0;0;0;0;3046;0;0;89;0;80;0;
17988;4468160;1007611904;21737472;1116073984;0;0;0;0;0;0;0;0;0;0;0;2755;0;0;89;0;80;0;
17989;6161495;1007611904;21737472;1116073984;0;0;0;0;0;0;0;0;0;0;0;3276;0;0;89;0;80;0;
17990;4884721;1007611904;21737472;1116073984;0;0;0;0;0;0;0;0;0;0;0;2445;0;0;89;0;80;0;
17991;5749272;1007611904;21737472;1116073984;0;0;0;0;0;0;0;0;0;0;0;2715;0;0;89;0;80;0;
17992;3984262;1007611904;21737472;1116073984;0;0;0;0;0;0;0;0;0;0;0;2615;0;0;89;0;80;0;
17993;5573473;1007611904;21737472;1116073984;0;0;0;0;0;0;0;0;0;0;0;3226;0;0;89;0;80;0;
17994;6893588;1007611904;21737472;1116073984;0;0;0;0;0;0;0;0;0;0;0;3957;0;0;89;0;80;0;
17995;6591261;1007611904;21737472;1116073984;0;0;0;0;0;0;0;0;0;0;0;4909;0;0;89;0;80;0;
17996;4569720;1007611904;21737472;1116073984;0;0;0;0;0;0;0;0;0;0;0;3086;0;0;89;0;80;0;
17997;5753650;1007611904;21737472;1116073984;0;0;0;0;0;0;0;0;0;0;0;2725;0;0;89;0;80;0;
17998;3742899;1007611904;21737472;1116073984;0;0;0;0;0;0;0;0;0;0;0;2615;0;0;89;0;80;0;
17999;5423301;1007611904;21737472;1116073984;0;0;0;0;0;0;0;0;0;0;0;2885;0;0;89;0;80;0;
18000;5315318;1007611904;21737472;1116073984;0;0;0;0;0;0;0;0;0;0;0;2004;0;0;89;0;80;0;
18001;6423617;1007611904;21737472;1116073984;0;0;0;0;0;0;0;0;0;0;0;3246;0;0;89;0;80;0;
18002;4611398;1007611904;21737472;1116073984;0;0;0;0;0;0;0;0;0;0;0;2564;0;0;89;0;80;0;
18003;5342880;1007611904;21737472;1116073984;0;0;0;0;0;0;0;0;0;0;0;2625;0;0;89;0;80;0;
18004;5193630;1007611904;21737472;1116073984;0;0;0;0;0;0;0;0;0;0;0;2585;0;0;89;0;80;0;
18005;10549955;1007611904;21737472;1116073984;0;0;0;0;0;0;0;0;0;0;0;2886;0;0;89;0;80;0;
18006;5506928;1007611904;21737472;1116073984;0;0;0;0;0;0;0;0;0;0;0;2926;0;0;89;0;80;0;
18007;5096829;1007611904;21737472;1116073984;0;0;0;0;0;0;0;0;0;0;0;3116;0;0;89;0;80;0;
18008;4946286;1007611904;21737472;1116073984;0;0;0;0;0;0;0;0;0;0;0;2765;0;0;89;0;80;0;
18009;5775291;1007611904;21737472;1116073984;0;0;0;0;0;0;0;0;0;0;0;3016;0;0;89;0;80;0;
18010;4622960;1007611904;21737472;1116073984;0;0;0;0;0;0;0;0;0;0;0;70832;0;0;89;0;80;0;
18011;5648764;1007611904;21737472;1116073984;0;0;0;0;0;0;0;0;0;0;0;2686;0;0;89;0;80;0;
18012;4724330;1007611904;21737472;1116073984;0;0;0;0;0;0;0;0;0;0;0;3266;0;0;89;0;80;0;
18013;5638444;1007611904;21737472;1116073984;0;0;0;0;0;0;0;0;0;0;0;2966;0;0;89;0;80;0;
18014;4117642;1007611904;21737472;1116073984;0;0;0;0;0;0;0;0;0;0;0;2334;0;0;89;0;80;0;
18015;5251749;1007611904;21737472;1116073984;0;0;0;0;0;0;0;0;0;0;0;3296;0;0;89;0;80;0;
18016;4861417;1007611904;21737472;1116073984;0;0;0;0;0;0;0;0;0;0;0;2785;0;0;89;0;80;0;
18017;5581938;1007611904;21737472;1116073984;0;0;0;0;0;0;0;0;0;0;0;2855;0;0;89;0;80;0;
18018;4026671;1007611904;21737472;1116073984;0;0;0;0;0;0;0;0;0;0;0;3075;0;0;89;0;80;0;
18019;6932411;1007611904;21737472;1116073984;0;0;0;0;0;0;0;0;0;0;0;3847;0;0;89;0;80;0;
18020;4248167;1007611904;21737472;1116073984;0;0;0;0;0;0;0;0;0;0;0;3146;0;0;89;0;80;0;
18021;6427834;1007611904;21737472;1116073984;0;0;0;0;0;0;0;0;0;0;0;3386;0;0;89;0;80;0;
18022;4634812;1007611904;21737472;1116073984;0;0;0;0;0;0;0;0;0;0;0;2755;0;0;89;0;80;0;
18023;6641154;1007611904;21737472;1116073984;0;0;0;0;0;0;0;0;0;0;0;2795;0;0;89;0;80;0;
18024;4823686;1007611904;21737472;1116073984;0;0;0;0;0;0;0;0;0;0;0;2665;0;0;89;0;80;0;
18025;7717833;1007611904;21737472;1116073984;0;0;0;0;0;0;0;0;0;0;0;3316;0;0;89;0;80;0;
18026;6198725;1007611904;21737472;1116073984;0;0;0;0;0;0;0;0;0;0;0;2595;0;0;89;0;80;0;
18027;6326064;1007611904;21737472;1116073984;0;0;0;0;0;0;0;0;0;0;0;3256;0;0;89;0;80;0;
18028;5294078;1007611904;21737472;1116073984;0;0;0;0;0;0;0;0;0;0;0;2554;0;0;89;0;80;0;
18029;6130217;1007611904;21737472;1116073984;0;0;0;0;0;0;0;0;0;0;0;38973;0;0;89;0;80;0;
18030;5442738;1007611904;21737472;1116073984;0;0;0;0;0;0;0;0;0;0;0;2285;0;0;89;0;80;0;
18031;7613639;1007611904;21737472;1116073984;0;0;0;0;0;0;0;0;0;0;0;3166;0;0;89;0;80;0;
18032;8006095;1007611904;21737472;1116073984;0;0;0;0;0;0;0;0;0;0;0;2755;0;0;89;0;80;0;
18033;6252356;1007611904;21737472;1116073984;0;0;0;0;0;0;0;0;0;0;0;3226;0;0;89;0;80;0;
18034;4769304;1007611904;21737472;1116073984;0;0;0;0;0;0;0;0;0;0;0;2875;0;0;89;0;80;0;
18035;6887286;1007611904;21737472;1116073984;0;0;0;0;0;0;0;0;0;0;0;2825;0;0;89;0;80;0;
18036;4025389;1007611904;21737472;1116073984;0;0;0;0;0;0;0;0;0;0;0;2855;0;0;89;0;80;0;
18037;5676996;1007611904;21737472;1116073984;0;0;0;0;0;0;0;0;0;0;0;2905;0;0;89;0;80;0;
18038;4443002;1007611904;21737472;1116073984;0;0;0;0;0;0;0;0;0;0;0;3076;0;0;89;0;80;0;
18039;6110650;1007611904;21737472;1116073984;0;0;0;0;0;0;0;0;0;0;0;3035;0;0;89;0;80;0;
18040;3726840;1007611904;21737472;1116073984;0;0;0;0;0;0;0;0;0;0;0;2675;0;0;89;0;80;0;
18041;6319702;1007611904;21737472;1116073984;0;0;0;0;0;0;0;0;0;0;0;2635;0;0;89;0;80;0;
18042;4349798;1007611904;21737472;1116073984;0;0;0;0;0;0;0;0;0;0;0;2926;0;0;89;0;80;0;
18043;6055917;1007611904;21737472;1116073984;0;0;0;0;0;0;0;0;0;0;0;3587;0;0;89;0;80;0;
18044;4454153;1007611904;21737472;1116073984;0;0;0;0;0;0;0;0;0;0;0;3026;0;0;89;0;80;0;
18045;6269388;1007611904;21737472;1116073984;0;0;0;0;0;0;0;0;0;0;0;2655;0;0;89;0;80;0;
18046;4114987;1007611904;21737472;1116073984;0;0;0;0;0;0;0;0;0;0;0;3036;0;0;89;0;80;0;
18047;6071887;1007611904;21737472;1116073984;0;0;0;0;0;0;0;0;0;0;0;2915;0;0;89;0;80;0;
18048;4125788;1007611904;21737472;1116073984;0;0;0;0;0;0;0;0;0;0;0;3126;0;0;89;0;80;0;
18049;6480814;1007611904;21737472;1116073984;0;0;0;0;0;0;0;0;0;0;0;3005;0;0;89;0;80;0;
18050;4432703;1007611904;21737472;1116073984;0;0;0;0;0;0;0;0;0;0;0;2966;0;0;89;0;80;0;
18051;7375291;1007611904;21737472;1116073984;0;0;0;0;0;0;0;0;0;0;0;3306;0;0;89;0;80;0;
18052;5828741;1007611904;21737472;1116073984;0;0;0;0;0;0;0;0;0;0;0;2776;0;0;89;0;80;0;
18053;5840022;1007611904;21737472;1116073984;0;0;0;0;0;0;0;0;0;0;0;2755;0;0;89;0;80;0;
18054;5520754;1007611904;21737472;1116073984;0;0;0;0;0;0;0;0;0;0;0;3016;0;0;89;0;80;0;
18055;6212751;1007611904;21737472;1116073984;0;0;0;0;0;0;0;0;0;0;0;3066;0;0;89;0;80;0;
18056;6340851;1007611904;21737472;1116073984;0;0;0;0;0;0;0;0;0;0;0;3276;0;0;89;0;80;0;
18057;6885653;1007611904;21737472;1116073984;0;0;0;0;0;0;0;0;0;0;0;3186;0;0;89;0;80;0;
18058;4202831;1007611904;21737472;1116073984;0;0;0;0;0;0;0;0;0;0;0;2685;0;0;89;0;80;0;
18059;6898557;1007611904;21737472;1116073984;0;0;0;0;0;0;0;0;0;0;0;3036;0;0;89;0;80;0;
18060;6257084;1007611904;21737472;1116073984;0;0;0;0;0;0;0;0;0;0;0;2425;0;0;89;0;80;0;
18061;6612360;1007611904;21737472;1116073984;0;0;0;0;0;0;0;0;0;0;0;2645;0;0;89;0;80;0;
18062;4437753;1007611904;21737472;1116073984;0;0;0;0;0;0;0;0;0;0;0;2304;0;0;89;0;80;0;
18063;7301263;1007611904;21737472;1116073984;0;0;0;0;0;0;0;0;0;0;0;3296;0;0;89;0;80;0;
18064;4433054;1007611904;21737472;1116073984;0;0;0;0;0;0;0;0;0;0;0;3106;0;0;89;0;80;0;
18065;6716496;1007611904;21737472;1116073984;0;0;0;0;0;0;0;0;0;0;0;2985;0;0;89;0;80;0;
18066;5355283;1007611904;21737472;1116073984;0;0;0;0;0;0;0;0;0;0;0;2875;0;0;89;0;80;0;
18067;6592033;1007611904;21737472;1116073984;0;0;0;0;0;0;0;0;0;0;0;3376;0;0;89;0;80;0;
18068;5935131;1007611904;21737472;1116073984;0;0;0;0;0;0;0;0;0;0;0;3035;0;0;89;0;80;0;
18069;6470284;1007611904;21737472;1116073984;0;0;0;0;0;0;0;0;0;0;0;3737;0;0;89;0;80;0;
18070;5589262;1007611904;21737472;1116073984;0;0;0;0;0;0;0;0;0;0;0;2966;0;0;89;0;80;0;
18071;6295437;1007611904;21737472;1116073984;0;0;0;0;0;0;0;0;0;0;0;2685;0;0;89;0;80;0;
18072;3977129;1007611904;21737472;1116073984;0;0;0;0;0;0;0;0;0;0;0;2926;0;0;89;0;80;0;
18073;5588521;1007611904;21737472;1116073984;0;0;0;0;0;0;0;0;0;0;0;2865;0;0;89;0;80;0;
18074;4101332;1007611904;21737472;1116073984;0;0;0;0;0;0;0;0;0;0;0;2535;0;0;89;0;80;0;
18075;6100711;1007611904;21737472;1116073984;0;0;0;0;0;0;0;0;0;0;0;2805;0;0;89;0;80;0;
18076;4411072;1007611904;21737472;1116073984;0;0;0;0;0;0;0;0;0;0;0;2465;0;0;89;0;80;0;
18077;6085723;1007611904;21737472;1116073984;0;0;0;0;0;0;0;0;0;0;0;41639;0;0;89;0;80;0;
18078;3686734;1007611904;21737472;1116073984;0;0;0;0;0;0;0;0;0;0;0;2565;0;0;89;0;80;0;
18079;6605208;1007611904;21737472;1116073984;0;0;0;0;0;0;0;0;0;0;0;3166;0;0;89;0;80;0;
18080;4940816;1007611904;21737472;1116073984;0;0;0;0;0;0;0;0;0;0;0;2544;0;0;89;0;80;0;
18081;5576668;1007611904;21737472;1116073984;0;0;0;0;0;0;0;0;0;0;0;2505;0;0;89;0;80;0;
18082;3744342;1007611904;21737472;1116073984;0;0;0;0;0;0;0;0;0;0;0;2886;0;0;89;0;80;0;
18083;6742084;1007611904;21737472;1116073984;0;0;0;0;0;0;0;0;0;0;0;2735;0;0;89;0;80;0;
18084;5700551;1007611904;21737472;1116073984;0;0;0;0;0;0;0;0;0;0;0;2846;0;0;89;0;80;0;
18085;6223471;1007611904;21737472;1116073984;0;0;0;0;0;0;0;0;0;0;0;3276;0;0;89;0;80;0;
18086;5104563;1007611904;21737472;1116073984;0;0;0;0;0;0;0;0;0;0;0;2896;0;0;89;0;80;0;
18087;6096563;1007611904;21737472;1116073984;0;0;0;0;0;0;0;0;0;0;0;3106;0;0;89;0;80;0;
18088;4505209;1007611904;21737472;1116073984;0;0;0;0;0;0;0;0;0;0;0;2875;0;0;89;0;80;0;
18089;7277829;1007611904;21737472;1116073984;0;0;0;0;0;0;0;0;0;0;0;2615;0;0;89;0;80;0;
18090;5086820;1007611904;21737472;1116073984;0;0;0;0;0;0;0;0;0;0;0;2164;0;0;89;0;80;0;
18091;5100866;1007611904;21737472;1116073984;0;0;0;0;0;0;0;0;0;0;0;2935;0;0;89;0;80;0;
18092;5044460;1007611904;21737472;1116073984;0;0;0;0;0;0;0;0;0;0;0;2906;0;0;89;0;80;0;
18093;5955740;1007611904;21737472;1116073984;0;0;0;0;0;0;0;0;0;0;0;2796;0;0;89;0;80;0;
18094;4703601;1007611904;21737472;1116073984;0;0;0;0;0;0;0;0;0;0;0;3206;0;0;89;0;80;0;
18095;6135577;1007611904;21737472;1116073984;0;0;0;0;0;0;0;0;0;0;0;3016;0;0;89;0;80;0;
18096;3491197;1007611904;21737472;1116073984;0;0;0;0;0;0;0;0;0;0;0;2755;0;0;89;0;80;0;
18097;6678345;1007611904;21737472;1116073984;0;0;0;0;0;0;0;0;0;0;0;3085;0;0;89;0;80;0;
18098;5432258;1007611904;21737472;1116073984;0;0;0;0;0;0;0;0;0;0;0;2615;0;0;89;0;80;0;
18099;7091249;1007611904;21737472;1116073984;0;0;0;0;0;0;0;0;0;0;0;3055;0;0;89;0;80;0;
18100;4450967;1007611904;21737472;1116073984;0;0;0;0;0;0;0;0;0;0;0;3126;0;0;89;0;80;0;
18101;7225390;1007611904;21737472;1116073984;0;0;0;0;0;0;0;0;0;0;0;2755;0;0;89;0;80;0;
18102;5385380;1007611904;21737472;1116073984;0;0;0;0;0;0;0;0;0;0;0;2244;0;0;89;0;80;0;
18103;6000614;1007611904;21737472;1116073984;0;0;0;0;0;0;0;0;0;0;0;2815;0;0;89;0;80;0;
18104;4533903;1007611904;21737472;1116073984;0;0;0;0;0;0;0;0;0;0;0;2665;0;0;89;0;80;0;
18105;6310524;1007611904;21737472;1116073984;0;0;0;0;0;0;0;0;0;0;0;2816;0;0;89;0;80;0;
18106;3770351;1007611904;21737472;1116073984;0;0;0;0;0;0;0;0;0;0;0;2574;0;0;89;0;80;0;
18107;5123488;1007611904;21737472;1116073984;0;0;0;0;0;0;0;0;0;0;0;2424;0;0;89;0;80;0;
18108;5511586;1007611904;21737472;1116073984;0;0;0;0;0;0;0;0;0;0;0;3687;0;0;89;0;80;0;
18109;6339469;1007611904;21737472;1116073984;0;0;0;0;0;0;0;0;0;0;0;3697;0;0;89;0;80;0;
18110;4281009;1007611904;21737472;1116073984;0;0;0;0;0;0;0;0;0;0;0;3125;0;0;89;0;80;0;
18111;6308741;1007611904;21737472;1116073984;0;0;0;0;0;0;0;0;0;0;0;3356;0;0;89;0;80;0;
18112;3913730;1007611904;21737472;1116073984;0;0;0;0;0;0;0;0;0;0;0;2334;0;0;89;0;80;0;
18113;6122733;1007611904;21737472;1116073984;0;0;0;0;0;0;0;0;0;0;0;3196;0;0;89;0;80;0;
18114;4172615;1007611904;21737472;1116073984;0;0;0;0;0;0;0;0;0;0;0;2875;0;0;89;0;80;0;
18115;6579810;1007611904;21737472;1116073984;0;0;0;0;0;0;0;0;0;0;0;3227;0;0;89;0;80;0;
18116;4984679;1007611904;21737472;1116073984;0;0;0;0;0;0;0;0;0;0;0;2795;0;0;89;0;80;0;
18117;6192874;1007611904;21737472;1116073984;0;0;0;0;0;0;0;0;0;0;0;3035;0;0;89;0;80;0;
18118;4716716;1007611904;21737472;1116073984;0;0;0;0;0;0;0;0;0;0;0;2936;0;0;89;0;80;0;
18119;5050893;1007611904;21737472;1116073984;0;0;0;0;0;0;0;0;0;0;0;2755;0;0;89;0;80;0;
18120;7211694;1007611904;21737472;1116073984;0;0;0;0;0;0;0;0;0;0;0;2444;0;0;89;0;80;0;
18121;5963734;1007611904;21737472;1116073984;0;0;0;0;0;0;0;0;0;0;0;2956;0;0;89;0;80;0;
18122;4443744;1007611904;21737472;1116073984;0;0;0;0;0;0;0;0;0;0;0;2915;0;0;89;0;80;0;
18123;5079856;1007611904;21737472;1116073984;0;0;0;0;0;0;0;0;0;0;0;3226;0;0;89;0;80;0;
18124;5101757;1007611904;21737472;1116073984;0;0;0;0;0;0;0;0;0;0;0;2595;0;0;89;0;80;0;
18125;4903716;1007611904;21737472;1116073984;0;0;0;0;0;0;0;0;0;0;0;3286;0;0;89;0;80;0;
18126;6082557;1007611904;21737472;1116073984;0;0;0;0;0;0;0;0;0;0;0;2955;0;0;89;0;80;0;
18127;5962663;1007611904;21737472;1116073984;0;0;0;0;0;0;0;0;0;0;0;2976;0;0;89;0;80;0;
18128;4629612;1007611904;21737472;1116073984;0;0;0;0;0;0;0;0;0;0;0;2935;0;0;89;0;80;0;
18129;6276330;1007611904;21737472;1116073984;0;0;0;0;0;0;0;0;0;0;0;3437;0;0;89;0;80;0;
18130;4973828;1007611904;21737472;1116073984;0;0;0;0;0;0;0;0;0;0;0;2585;0;0;89;0;80;0;
18131;5697635;1007611904;21737472;1116073984;0;0;0;0;0;0;0;0;0;0;0;45766;0;0;89;0;80;0;
18132;3964585;1007611904;21737472;1116073984;0;0;0;0;0;0;0;0;0;0;0;2875;0;0;89;0;80;0;
18133;5236110;1007611904;21737472;1116073984;0;0;0;0;0;0;0;0;0;0;0;2695;0;0;89;0;80;0;
18134;3931934;1007611904;21737472;1116073984;0;0;0;0;0;0;0;0;0;0;0;2325;0;0;89;0;80;0;
18135;5206754;1007611904;21737472;1116073984;0;0;0;0;0;0;0;0;0;0;0;2555;0;0;89;0;80;0;
18136;3857023;1007611904;21737472;1116073984;0;0;0;0;0;0;0;0;0;0;0;2836;0;0;89;0;80;0;
18137;5108331;1007611904;21737472;1116073984;0;0;0;0;0;0;0;0;0;0;0;2855;0;0;89;0;80;0;
18138;3682085;1007611904;21737472;1116073984;0;0;0;0;0;0;0;0;0;0;0;2705;0;0;89;0;80;0;
18139;5815116;1007611904;21737472;1116073984;0;0;0;0;0;0;0;0;0;0;0;2324;0;0;89;0;80;0;
18140;3340194;1007611904;21737472;1116073984;0;0;0;0;0;0;0;0;0;0;0;2134;0;0;89;0;80;0;
18141;5621011;1007611904;21737472;1116073984;0;0;0;0;0;0;0;0;0;0;0;2886;0;0;89;0;80;0;
18142;3365442;1007611904;21737472;1116073984;0;0;0;0;0;0;0;0;0;0;0;2545;0;0;89;0;80;0;
18143;4665720;1007611904;21737472;1116073984;0;0;0;0;0;0;0;0;0;0;0;2424;0;0;89;0;80;0;
18144;3622223;1007611904;21737472;1116073984;0;0;0;0;0;0;0;0;0;0;0;2314;0;0;89;0;80;0;
18145;5779980;1007611904;21737472;1116073984;0;0;0;0;0;0;0;0;0;0;0;3005;0;0;89;0;80;0;
18146;3260655;1007611904;21737472;1116073984;0;0;0;0;0;0;0;0;0;0;0;2164;0;0;89;0;80;0;
18147;5270845;1007611904;21737472;1116073984;0;0;0;0;0;0;0;0;0;0;0;2615;0;0;89;0;80;0;
18148;5022820;1007611904;21737472;1116073984;0;0;0;0;0;0;0;0;0;0;0;2224;0;0;89;0;80;0;
18149;5594482;1007611904;21737472;1116073984;0;0;0;0;0;0;0;0;0;0;0;2595;0;0;89;0;80;0;
18150;3793875;1007611904;21737472;1116073984;0;0;0;0;0;0;0;0;0;0;0;2374;0;0;89;0;80;0;
18151;7140701;1007611904;21737472;1116073984;0;0;0;0;0;0;0;0;0;0;0;3496;0;0;89;0;80;0;
18152;4175320;1007611904;21737472;1116073984;0;0;0;0;0;0;0;0;0;0;0;3196;0;0;89;0;80;0;
18153;5952103;1007611904;21737472;1116073984;0;0;0;0;0;0;0;0;0;0;0;3156;0;0;89;0;80;0;
18154;4401645;1007611904;21737472;1116073984;0;0;0;0;0;0;0;0;0;0;0;3096;0;0;89;0;80;0;
18155;4799190;1007611904;21737472;1116073984;0;0;0;0;0;0;0;0;0;0;0;3086;0;0;89;0;80;0;
18156;4380615;1007611904;21737472;1116073984;0;0;0;0;0;0;0;0;0;0;0;3436;0;0;89;0;80;0;
18157;5876441;1007611904;21737472;1116073984;0;0;0;0;0;0;0;0;0;0;0;3055;0;0;89;0;80;0;
18158;4459463;1007611904;21737472;1116073984;0;0;0;0;0;0;0;0;0;0;0;2555;0;0;89;0;80;0;
18159;4990068;1007611904;21737472;1116073984;0;0;0;0;0;0;0;0;0;0;0;2825;0;0;89;0;80;0;
18160;5036435;1007611904;21737472;1116073984;0;0;0;0;0;0;0;0;0;0;0;2976;0;0;89;0;80;0;
18161;5623085;1007611904;21737472;1116073984;0;0;0;0;0;0;0;0;0;0;0;2946;0;0;89;0;80;0;
18162;3981186;1007611904;21737472;1116073984;0;0;0;0;0;0;0;0;0;0;0;2655;0;0;89;0;80;0;
18163;5312333;1007611904;21737472;1116073984;0;0;0;0;0;0;0;0;0;0;0;3086;0;0;89;0;80;0;
18164;5644506;1007611904;21737472;1116073984;0;0;0;0;0;0;0;0;0;0;0;2795;0;0;89;0;80;0;
18165;5469046;1007611904;21737472;1116073984;0;0;0;0;0;0;0;0;0;0;0;2895;0;0;89;0;80;0;
18166;3915583;1007611904;21737472;1116073984;0;0;0;0;0;0;0;0;0;0;0;2594;0;0;89;0;80;0;
18167;5014323;1007611904;21737472;1116073984;0;0;0;0;0;0;0;0;0;0;0;2515;0;0;89;0;80;0;
18168;3823621;1007611904;21737472;1116073984;0;0;0;0;0;0;0;0;0;0;0;2234;0;0;89;0;80;0;
18169;5651078;1007611904;21737472;1116073984;0;0;0;0;0;0;0;0;0;0;0;2485;0;0;89;0;80;0;
18170;4109016;1007611904;21737472;1116073984;0;0;0;0;0;0;0;0;0;0;0;2295;0;0;89;0;80;0;
18171;6543742;1007611904;21737472;1116073984;0;0;0;0;0;0;0;0;0;0;0;3186;0;0;89;0;80;0;
18172;4966925;1007611904;21737472;1116073984;0;0;0;0;0;0;0;0;0;0;0;2424;0;0;89;0;80;0;
18173;5764912;1007611904;21737472;1116073984;0;0;0;0;0;0;0;0;0;0;0;2955;0;0;89;0;80;0;
18174;4592562;1007611904;21737472;1116073984;0;0;0;0;0;0;0;0;0;0;0;2164;0;0;89;0;80;0;
18175;5579073;1007611904;21737472;1116073984;0;0;0;0;0;0;0;0;0;0;0;2435;0;0;89;0;80;0;
18176;7016950;1007611904;21737472;1116073984;0;0;0;0;0;0;0;0;0;0;0;3075;0;0;89;0;80;0;
18177;6069632;1007611904;21737472;1116073984;0;0;0;0;0;0;0;0;0;0;0;2825;0;0;89;0;80;0;
18178;4493898;1007611904;21737472;1116073984;0;0;0;0;0;0;0;0;0;0;0;2745;0;0;89;0;80;0;
18179;6372961;1007611904;21737472;1116073984;0;0;0;0;0;0;0;0;0;0;0;2205;0;0;89;0;80;0;
18180;4735491;1007611904;21737472;1116073984;0;0;0;0;0;0;0;0;0;0;0;2544;0;0;89;0;80;0;
18181;5513139;1007611904;21737472;1116073984;0;0;0;0;0;0;0;0;0;0;0;2806;0;0;89;0;80;0;
18182;5338882;1007611904;21737472;1116073984;0;0;0;0;0;0;0;0;0;0;0;3036;0;0;89;0;80;0;
18183;5649144;1007611904;21737472;1116073984;0;0;0;0;0;0;0;0;0;0;0;3046;0;0;89;0;80;0;
18184;3670604;1007611904;21737472;1116073984;0;0;0;0;0;0;0;0;0;0;0;2394;0;0;89;0;80;0;
18185;5708806;1007611904;21737472;1116073984;0;0;0;0;0;0;0;0;0;0;0;2655;0;0;89;0;80;0;
18186;3560187;1007611904;21737472;1116073984;0;0;0;0;0;0;0;0;0;0;0;2375;0;0;89;0;80;0;
18187;6019248;1007611904;21737472;1116073984;0;0;0;0;0;0;0;0;0;0;0;2405;0;0;89;0;80;0;
18188;3958183;1007611904;21737472;1116073984;0;0;0;0;0;0;0;0;0;0;0;5000;0;0;89;0;80;0;
18189;9382235;1007611904;21737472;1116073984;0;0;0;0;0;0;0;0;0;0;0;3647;0;0;89;0;80;0;
18190;10355771;1007611904;21737472;1116073984;0;0;0;0;0;0;0;0;0;0;0;2746;0;0;89;0;80;0;
18191;7330137;1007611904;21737472;1116073984;0;0;0;0;0;0;0;0;0;0;0;3016;0;0;89;0;80;0;
18192;4752654;1007611904;21737472;1116073984;0;0;0;0;0;0;0;0;0;0;0;3266;0;0;89;0;80;0;
18193;6194567;1007611904;21737472;1116073984;0;0;0;0;0;0;0;0;0;0;0;3156;0;0;89;0;80;0;
18194;3373526;1007611904;21737472;1116073984;0;0;0;0;0;0;0;0;0;0;0;2094;0;0;89;0;80;0;
18195;5994523;1007611904;21737472;1116073984;0;0;0;0;0;0;0;0;0;0;0;2505;0;0;89;0;80;0;
18196;4521229;1007611904;21737472;1116073984;0;0;0;0;0;0;0;0;0;0;0;3006;0;0;89;0;80;0;
18197;6454925;1007611904;21737472;1116073984;0;0;0;0;0;0;0;0;0;0;0;2635;0;0;89;0;80;0;
18198;3489324;1007611904;21737472;1116073984;0;0;0;0;0;0;0;0;0;0;0;2033;0;0;89;0;80;0;
18199;5519642;1007611904;21737472;1116073984;0;0;0;0;0;0;0;0;0;0;0;2324;0;0;89;0;80;0;
18200;4108074;1007611904;21737472;1116073984;0;0;0;0;0;0;0;0;0;0;0;2434;0;0;89;0;80;0;
18201;5031706;1007611904;21737472;1116073984;0;0;0;0;0;0;0;0;0;0;0;2695;0;0;89;0;80;0;
18202;4160713;1007611904;21737472;1116073984;0;0;0;0;0;0;0;0;0;0;0;2404;0;0;89;0;80;0;
18203;6135827;1007611904;21737472;1116073984;0;0;0;0;0;0;0;0;0;0;0;2314;0;0;89;0;80;0;
18204;3582007;1007611904;21737472;1116073984;0;0;0;0;0;0;0;0;0;0;0;2294;0;0;89;0;80;0;
18205;5727301;1007611904;21737472;1116073984;0;0;0;0;0;0;0;0;0;0;0;2265;0;0;89;0;80;0;
18206;4227137;1007611904;21737472;1116073984;0;0;0;0;0;0;0;0;0;0;0;2204;0;0;89;0;80;0;
18207;5407050;1007611904;21737472;1116073984;0;0;0;0;0;0;0;0;0;0;0;2745;0;0;89;0;80;0;
18208;4587614;1007611904;21737472;1116073984;0;0;0;0;0;0;0;0;0;0;0;2895;0;0;89;0;80;0;
18209;4592904;1007611904;21737472;1116073984;0;0;0;0;0;0;0;0;0;0;0;2204;0;0;89;0;80;0;
18210;5464097;1007611904;21737472;1116073984;0;0;0;0;0;0;0;0;0;0;0;2615;0;0;89;0;80;0;
18211;5934239;1007611904;21737472;1116073984;0;0;0;0;0;0;0;0;0;0;0;2786;0;0;89;0;80;0;
18212;5043358;1007611904;21737472;1116073984;0;0;0;0;0;0;0;0;0;0;0;2575;0;0;89;0;80;0;
18213;5197938;1007611904;21737472;1116073984;0;0;0;0;0;0;0;0;0;0;0;3636;0;0;89;0;80;0;
18214;5530832;1007611904;21737472;1116073984;0;0;0;0;0;0;0;0;0;0;0;3406;0;0;89;0;80;0;
18215;6179990;1007611904;21737472;1116073984;0;0;0;0;0;0;0;0;0;0;0;3367;0;0;89;0;80;0;
18216;5179905;1007611904;21737472;1116073984;0;0;0;0;0;0;0;0;0;0;0;2565;0;0;89;0;80;0;
18217;6122883;1007611904;21737472;1116073984;0;0;0;0;0;0;0;0;0;0;0;2745;0;0;89;0;80;0;
18218;4515569;1007611904;21737472;1116073984;0;0;0;0;0;0;0;0;0;0;0;2645;0;0;89;0;80;0;
18219;5607757;1007611904;21737472;1116073984;0;0;0;0;0;0;0;0;0;0;0;2615;0;0;89;0;80;0;
18220;4798760;1007611904;21737472;1116073984;0;0;0;0;0;0;0;0;0;0;0;3106;0;0;89;0;80;0;
18221;5576448;1007611904;21737472;1116073984;0;0;0;0;0;0;0;0;0;0;0;2565;0;0;89;0;80;0;
18222;3524740;1007611904;21737472;1116073984;0;0;0;0;0;0;0;0;0;0;0;2084;0;0;89;0;80;0;
18223;5507358;1007611904;21737472;1116073984;0;0;0;0;0;0;0;0;0;0;0;2525;0;0;89;0;80;0;
18224;4888678;1007611904;21737472;1116073984;0;0;0;0;0;0;0;0;0;0;0;36869;0;0;89;0;80;0;
18225;5904543;1007611904;21737472;1116073984;0;0;0;0;0;0;0;0;0;0;0;2245;0;0;89;0;80;0;
18226;4851739;1007611904;21737472;1116073984;0;0;0;0;0;0;0;0;0;0;0;2786;0;0;89;0;80;0;
18227;5238524;1007611904;21737472;1116073984;0;0;0;0;0;0;0;0;0;0;0;2645;0;0;89;0;80;0;
18228;4329078;1007611904;21737472;1116073984;0;0;0;0;0;0;0;0;0;0;0;2765;0;0;89;0;80;0;
18229;5639255;1007611904;21737472;1116073984;0;0;0;0;0;0;0;0;0;0;0;2585;0;0;89;0;80;0;
18230;4473359;1007611904;21737472;1116073984;0;0;0;0;0;0;0;0;0;0;0;2154;0;0;89;0;80;0;
18231;6278003;1007611904;21737472;1116073984;0;0;0;0;0;0;0;0;0;0;0;2355;0;0;89;0;80;0;
18232;4149462;1007611904;21737472;1116073984;0;0;0;0;0;0;0;0;0;0;0;2094;0;0;89;0;80;0;
18233;6854626;1007611904;21737472;1116073984;0;0;0;0;0;0;0;0;0;0;0;2866;0;0;89;0;80;0;
18234;4204024;1007611904;21737472;1116073984;0;0;0;0;0;0;0;0;0;0;0;2996;0;0;89;0;80;0;
18235;5686344;1007611904;21737472;1116073984;0;0;0;0;0;0;0;0;0;0;0;2955;0;0;89;0;80;0;
18236;4460825;1007611904;21737472;1116073984;0;0;0;0;0;0;0;0;0;0;0;2555;0;0;89;0;80;0;
18237;5145831;1007611904;21737472;1116073984;0;0;0;0;0;0;0;0;0;0;0;2955;0;0;89;0;80;0;
18238;4339829;1007611904;21737472;1116073984;0;0;0;0;0;0;0;0;0;0;0;2715;0;0;89;0;80;0;
18239;5668791;1007611904;21737472;1116073984;0;0;0;0;0;0;0;0;0;0;0;2214;0;0;89;0;80;0;
18240;3205572;1007611904;21737472;1116073984;0;0;0;0;0;0;0;0;0;0;0;2695;0;0;89;0;80;0;
18241;4770507;1007611904;21737472;1116073984;0;0;0;0;0;0;0;0;0;0;0;2696;0;0;89;0;80;0;
18242;4176944;1007611904;21737472;1116073984;0;0;0;0;0;0;0;0;0;0;0;2404;0;0;89;0;80;0;
18243;5214719;1007611904;21737472;1116073984;0;0;0;0;0;0;0;0;0;0;0;2044;0;0;89;0;80;0;
18244;3575255;1007611904;21737472;1116073984;0;0;0;0;0;0;0;0;0;0;0;1974;0;0;89;0;80;0;
18245;5606965;1007611904;21737472;1116073984;0;0;0;0;0;0;0;0;0;0;0;2604;0;0;89;0;80;0;
18246;4107533;1007611904;21737472;1116073984;0;0;0;0;0;0;0;0;0;0;0;2174;0;0;89;0;80;0;
18247;5987099;1007611904;21741568;1116078080;0;0;0;0;0;0;0;0;0;0;0;2615;0;0;89;0;80;0;
18248;3972731;1007611904;21745664;1116082176;0;0;0;0;0;0;0;0;0;0;0;2294;0;0;89;0;80;0;
18249;5518319;1007611904;21745664;1116082176;0;0;0;0;0;0;0;0;0;0;0;2475;0;0;89;0;80;0;
18250;3296462;1007611904;21745664;1116082176;0;0;0;0;0;0;0;0;0;0;0;2374;0;0;89;0;80;0;
18251;5228094;1007611904;21745664;1116082176;0;0;0;0;0;0;0;0;0;0;0;3136;0;0;89;0;80;0;
18252;2967746;1007611904;21745664;1116082176;0;0;0;0;0;0;0;0;0;0;0;2084;0;0;89;0;80;0;
18253;4825330;1007611904;21745664;1116082176;0;0;0;0;0;0;0;0;0;0;0;2855;0;0;89;0;80;0;
18254;4816553;1007616000;21737472;1116073984;0;0;0;0;0;0;0;0;0;0;0;2465;0;0;89;0;80;0;
18255;5175246;1007616000;21737472;1116073984;0;0;0;0;0;0;0;0;0;0;0;2815;0;0;89;0;80;0;
18256;3449119;1007616000;21737472;1116073984;0;0;0;0;0;0;0;0;0;0;0;2555;0;0;89;0;80;0;
18257;5316380;1007616000;21737472;1116073984;0;0;0;0;0;0;0;0;0;0;0;2404;0;0;89;0;80;0;
18258;4055786;1007616000;21737472;1116073984;0;0;0;0;0;0;0;0;0;0;0;2745;0;0;89;0;80;0;
18259;6795313;1007616000;21737472;1116073984;0;0;0;0;0;0;0;0;0;0;0;2926;0;0;89;0;80;0;
18260;4334900;1007616000;21737472;1116073984;0;0;0;0;0;0;0;0;0;0;0;2254;0;0;89;0;80;0;
18261;5075759;1007616000;21737472;1116073984;0;0;0;0;0;0;0;0;0;0;0;2545;0;0;89;0;80;0;
18262;4131889;1007616000;21737472;1116073984;0;0;0;0;0;0;0;0;0;0;0;2084;0;0;89;0;80;0;
18263;5393264;1007616000;21737472;1116073984;0;0;0;0;0;0;0;0;0;0;0;2996;0;0;89;0;80;0;
18264;3269701;1007616000;21737472;1116073984;0;0;0;0;0;0;0;0;0;0;0;2534;0;0;89;0;80;0;
18265;4875654;1007616000;21737472;1116073984;0;0;0;0;0;0;0;0;0;0;0;2214;0;0;89;0;80;0;
18266;3355573;1007616000;21737472;1116073984;0;0;0;0;0;0;0;0;0;0;0;2014;0;0;89;0;80;0;
18267;5215802;1007616000;21737472;1116073984;0;0;0;0;0;0;0;0;0;0;0;2595;0;0;89;0;80;0;
18268;4170451;1007616000;21737472;1116073984;0;0;0;0;0;0;0;0;0;0;0;2955;0;0;89;0;80;0;
18269;5647030;1007616000;21737472;1116073984;0;0;0;0;0;0;0;0;0;0;0;3016;0;0;89;0;80;0;
18270;4117221;1007616000;21737472;1116073984;0;0;0;0;0;0;0;0;0;0;0;2194;0;0;89;0;80;0;
18271;6628811;1007616000;21737472;1116073984;0;0;0;0;0;0;0;0;0;0;0;3116;0;0;89;0;80;0;
18272;3270854;1007616000;21737472;1116073984;0;0;0;0;0;0;0;0;0;0;0;2335;0;0;89;0;80;0;
18273;5404225;1007616000;21737472;1116073984;0;0;0;0;0;0;0;0;0;0;0;2144;0;0;89;0;80;0;
18274;3145379;1007616000;21737472;1116073984;0;0;0;0;0;0;0;0;0;0;0;2214;0;0;89;0;80;0;
18275;5314206;1007616000;21737472;1116073984;0;0;0;0;0;0;0;0;0;0;0;2736;0;0;89;0;80;0;
18276;3332800;1007616000;21737472;1116073984;0;0;0;0;0;0;0;0;0;0;0;2335;0;0;89;0;80;0;
18277;5997878;1007616000;21737472;1116073984;0;0;0;0;0;0;0;0;0;0;0;2455;0;0;89;0;80;0;
18278;3320277;1007616000;21737472;1116073984;0;0;0;0;0;0;0;0;0;0;0;2485;0;0;89;0;80;0;
18279;5608028;1007616000;21737472;1116073984;0;0;0;0;0;0;0;0;0;0;0;2585;0;0;89;0;80;0;
18280;3795297;1007616000;21737472;1116073984;0;0;0;0;0;0;0;0;0;0;0;2214;0;0;89;0;80;0;
18281;5143777;1007616000;21737472;1116073984;0;0;0;0;0;0;0;0;0;0;0;2715;0;0;89;0;80;0;
18282;2793008;1007616000;21737472;1116073984;0;0;0;0;0;0;0;0;0;0;0;2044;0;0;89;0;80;0;
18283;5321028;1007616000;21737472;1116073984;0;0;0;0;0;0;0;0;0;0;0;3206;0;0;89;0;80;0;
18284;3265724;1007616000;21737472;1116073984;0;0;0;0;0;0;0;0;0;0;0;2114;0;0;89;0;80;0;
18285;5414936;1007616000;21737472;1116073984;0;0;0;0;0;0;0;0;0;0;0;2415;0;0;89;0;80;0;
18286;2825880;1007616000;21737472;1116073984;0;0;0;0;0;0;0;0;0;0;0;2234;0;0;89;0;80;0;
18287;5382475;1007616000;21737472;1116073984;0;0;0;0;0;0;0;0;0;0;0;2385;0;0;89;0;80;0;
18288;3197116;1007616000;21737472;1116073984;0;0;0;0;0;0;0;0;0;0;0;2454;0;0;89;0;80;0;
18289;5627784;1007616000;21737472;1116073984;0;0;0;0;0;0;0;0;0;0;0;2475;0;0;89;0;80;0;
18290;3376522;1007616000;21737472;1116073984;0;0;0;0;0;0;0;0;0;0;0;2304;0;0;89;0;80;0;
18291;4624322;1007616000;21737472;1116073984;0;0;0;0;0;0;0;0;0;0;0;1934;0;0;89;0;80;0;
18292;3155418;1007616000;21737472;1116073984;0;0;0;0;0;0;0;0;0;0;0;2585;0;0;89;0;80;0;
18293;4936117;1007616000;21737472;1116073984;0;0;0;0;0;0;0;0;0;0;0;2775;0;0;89;0;80;0;
18294;4095230;1007616000;21737472;1116073984;0;0;0;0;0;0;0;0;0;0;0;2605;0;0;89;0;80;0;
18295;5542594;1007616000;21737472;1116073984;0;0;0;0;0;0;0;0;0;0;0;2444;0;0;89;0;80;0;
18296;4110799;1007616000;21737472;1116073984;0;0;0;0;0;0;0;0;0;0;0;2264;0;0;89;0;80;0;
18297;4908134;1007616000;21737472;1116073984;0;0;0;0;0;0;0;0;0;0;0;2765;0;0;89;0;80;0;
18298;3982259;1007616000;21737472;1116073984;0;0;0;0;0;0;0;0;0;0;0;2174;0;0;89;0;80;0;
18299;5752639;1007616000;21737472;1116073984;0;0;0;0;0;0;0;0;0;0;0;2615;0;0;89;0;80;0;
18300;3043648;1007616000;21737472;1116073984;0;0;0;0;0;0;0;0;0;0;0;2755;0;0;89;0;80;0;
18301;5083042;1007616000;21737472;1116073984;0;0;0;0;0;0;0;0;0;0;0;2214;0;0;89;0;80;0;
18302;4492435;1007616000;21737472;1116073984;0;0;0;0;0;0;0;0;0;0;0;2475;0;0;89;0;80;0;
18303;5148495;1007616000;21737472;1116073984;0;0;0;0;0;0;0;0;0;0;0;2615;0;0;89;0;80;0;
18304;3674641;1007616000;21737472;1116073984;0;0;0;0;0;0;0;0;0;0;0;2755;0;0;89;0;80;0;
18305;6311637;1007616000;21737472;1116073984;0;0;0;0;0;0;0;0;0;0;0;6412;0;0;89;0;80;0;
18306;7361576;1007616000;21737472;1116073984;0;0;0;0;0;0;0;0;0;0;0;6662;0;0;89;0;80;0;
18307;6477328;1007616000;21737472;1116073984;0;0;0;0;0;0;0;0;0;0;0;5300;0;0;89;0;80;0;
18308;6400834;1007616000;21737472;1116073984;0;0;0;0;0;0;0;0;0;0;0;4048;0;0;89;0;80;0;
18309;6320945;1007616000;21737472;1116073984;0;0;0;0;0;0;0;0;0;0;0;5080;0;0;89;0;80;0;
18310;5802462;1007616000;21741568;1116078080;0;0;0;0;0;0;0;0;0;0;0;4018;0;0;89;0;80;0;
18311;7550029;1007616000;21741568;1116078080;0;0;0;0;0;0;0;0;0;0;0;4539;0;0;89;0;80;0;
18312;5388245;1007616000;21741568;1116078080;0;0;0;0;0;0;0;0;0;0;0;4218;0;0;89;0;80;0;
18313;6126118;1007616000;21741568;1116078080;0;0;0;0;0;0;0;0;0;0;0;4909;0;0;89;0;80;0;
18314;5743321;1007616000;21741568;1116078080;0;0;0;0;0;0;0;0;0;0;0;4639;0;0;89;0;80;0;
18315;6068391;1007616000;21741568;1116078080;0;0;0;0;0;0;0;0;0;0;0;4658;0;0;89;0;80;0;
18316;5014985;1007616000;21737472;1116073984;0;0;0;0;0;0;0;0;0;0;0;4428;0;0;89;0;80;0;
18317;5645908;1007616000;21737472;1116073984;0;0;0;0;0;0;0;0;0;0;0;4508;0;0;89;0;80;0;
18318;5819433;1007616000;21737472;1116073984;0;0;0;0;0;0;0;0;0;0;0;4789;0;0;89;0;80;0;
18319;6466888;1007616000;21737472;1116073984;0;0;0;0;0;0;0;0;0;0;0;4468;0;0;89;0;80;0;
18320;5402332;1007616000;21737472;1116073984;0;0;0;0;0;0;0;0;0;0;0;4168;0;0;89;0;80;0;
18321;6777120;1007616000;21737472;1116073984;0;0;0;0;0;0;0;0;0;0;0;4108;0;0;89;0;80;0;
18322;8242548;1007616000;21737472;1116073984;0;0;0;0;0;0;0;0;0;0;0;4017;0;0;89;0;80;0;
18323;7343422;1007616000;21737472;1116073984;0;0;0;0;0;0;0;0;0;0;0;7644;0;0;89;0;80;0;
18324;7284822;1007616000;21737472;1116073984;0;0;0;0;0;0;0;0;0;0;0;5080;0;0;89;0;80;0;
18325;5923779;1007616000;21737472;1116073984;0;0;0;0;0;0;0;0;0;0;0;4759;0;0;89;0;80;0;
18326;6531078;1007616000;21737472;1116073984;0;0;0;0;0;0;0;0;0;0;0;4569;0;0;89;0;80;0;
18327;6269908;1007616000;21737472;1116073984;0;0;0;0;0;0;0;0;0;0;0;3216;0;0;89;0;80;0;
18328;7843039;1007616000;21737472;1116073984;0;0;0;0;0;0;0;0;0;0;0;3687;0;0;89;0;80;0;
18329;6759987;1007616000;21737472;1116073984;0;0;0;0;0;0;0;0;0;0;0;4759;0;0;89;0;80;0;
18330;4988475;1007616000;21737472;1116073984;0;0;0;0;0;0;0;0;0;0;0;4609;0;0;89;0;80;0;
18331;7247211;1007616000;21737472;1116073984;0;0;0;0;0;0;0;0;0;0;0;3888;0;0;89;0;80;0;
18332;7395810;1007616000;21737472;1116073984;0;0;0;0;0;0;0;0;0;0;0;4979;0;0;89;0;80;0;
18333;7268722;1007616000;21737472;1116073984;0;0;0;0;0;0;0;0;0;0;0;4198;0;0;89;0;80;0;
18334;5740145;1007616000;21737472;1116073984;0;0;0;0;0;0;0;0;0;0;0;3787;0;0;89;0;80;0;
18335;6854916;1007616000;21737472;1116073984;0;0;0;0;0;0;0;0;0;0;0;5049;0;0;89;0;80;0;
18336;7185655;1007616000;21737472;1116073984;0;0;0;0;0;0;0;0;0;0;0;4449;0;0;89;0;80;0;
18337;6765969;1007616000;21737472;1116073984;0;0;0;0;0;0;0;0;0;0;0;4167;0;0;89;0;80;0;
18338;4344247;1007616000;21737472;1116073984;0;0;0;0;0;0;0;0;0;0;0;3206;0;0;89;0;80;0;
18339;8041441;1007616000;21737472;1116073984;0;0;0;0;0;0;0;0;0;0;0;5841;0;0;89;0;80;0;
18340;4636545;1007616000;21737472;1116073984;0;0;0;0;0;0;0;0;0;0;0;3567;0;0;89;0;80;0;
18341;6742264;1007616000;21737472;1116073984;0;0;0;0;0;0;0;0;0;0;0;4148;0;0;89;0;80;0;
18342;6478901;1007616000;21737472;1116073984;0;0;0;0;0;0;0;0;0;0;0;3717;0;0;89;0;80;0;
18343;5133157;1007616000;21737472;1116073984;0;0;0;0;0;0;0;0;0;0;0;4218;0;0;89;0;80;0;
18344;6158670;1007616000;21737472;1116073984;0;0;0;0;0;0;0;0;0;0;0;3396;0;0;89;0;80;0;
18345;5765322;1007616000;21737472;1116073984;0;0;0;0;0;0;0;0;0;0;0;4418;0;0;89;0;80;0;
18346;5034882;1007616000;21737472;1116073984;0;0;0;0;0;0;0;0;0;0;0;3937;0;0;89;0;80;0;
18347;7393947;1007616000;21737472;1116073984;0;0;0;0;0;0;0;0;0;0;0;3747;0;0;89;0;80;0;
18348;5604571;1007616000;21737472;1116073984;0;0;0;0;0;0;0;0;0;0;0;3436;0;0;89;0;80;0;
18349;5459228;1007616000;21737472;1116073984;0;0;0;0;0;0;0;0;0;0;0;4338;0;0;89;0;80;0;
18350;5713195;1007616000;21737472;1116073984;0;0;0;0;0;0;0;0;0;0;0;3797;0;0;89;0;80;0;
18351;6100631;1007616000;21737472;1116073984;0;0;0;0;0;0;0;0;0;0;0;4729;0;0;89;0;80;0;
18352;3936863;1007616000;21737472;1116073984;0;0;0;0;0;0;0;0;0;0;0;3737;0;0;89;0;80;0;
18353;6425460;1007616000;21737472;1116073984;0;0;0;0;0;0;0;0;0;0;0;3837;0;0;89;0;80;0;
18354;4520768;1007616000;21737472;1116073984;0;0;0;0;0;0;0;0;0;0;0;4479;0;0;89;0;80;0;
18355;7230540;1007616000;21737472;1116073984;0;0;0;0;0;0;0;0;0;0;0;3536;0;0;89;0;80;0;
18356;6884240;1007616000;21737472;1116073984;0;0;0;0;0;0;0;0;0;0;0;4218;0;0;89;0;80;0;
18357;6779715;1007616000;21737472;1116073984;0;0;0;0;0;0;0;0;0;0;0;5610;0;0;89;0;80;0;
18358;5932265;1007616000;21737472;1116073984;0;0;0;0;0;0;0;0;0;0;0;2886;0;0;89;0;80;0;
18359;6170512;1007616000;21737472;1116073984;0;0;0;0;0;0;0;0;0;0;0;4148;0;0;89;0;80;0;
18360;2972645;1007616000;21737472;1116073984;0;0;0;0;0;0;0;0;0;0;0;2435;0;0;89;0;80;0;
18361;5251178;1007616000;21737472;1116073984;0;0;0;0;0;0;0;0;0;0;0;3958;0;0;89;0;80;0;
18362;4854935;1007616000;21737472;1116073984;0;0;0;0;0;0;0;0;0;0;0;3827;0;0;89;0;80;0;
18363;5698537;1007616000;21737472;1116073984;0;0;0;0;0;0;0;0;0;0;0;3898;0;0;89;0;80;0;
18364;4048392;1007616000;21737472;1116073984;0;0;0;0;0;0;0;0;0;0;0;3526;0;0;89;0;80;0;
18365;5377525;1007616000;21737472;1116073984;0;0;0;0;0;0;0;0;0;0;0;4448;0;0;89;0;80;0;
18366;3179172;1007616000;21737472;1116073984;0;0;0;0;0;0;0;0;0;0;0;3086;0;0;89;0;80;0;
18367;5957353;1007616000;21737472;1116073984;0;0;0;0;0;0;0;0;0;0;0;4829;0;0;89;0;80;0;
18368;4500410;1007616000;21737472;1116073984;0;0;0;0;0;0;0;0;0;0;0;3376;0;0;89;0;80;0;
18369;6766750;1007616000;21737472;1116073984;0;0;0;0;0;0;0;0;0;0;0;4258;0;0;89;0;80;0;
18370;5629347;1007616000;21737472;1116073984;0;0;0;0;0;0;0;0;0;0;0;4078;0;0;89;0;80;0;
18371;5767456;1007616000;21737472;1116073984;0;0;0;0;0;0;0;0;0;0;0;3807;0;0;89;0;80;0;
18372;4358373;1007616000;21737472;1116073984;0;0;0;0;0;0;0;0;0;0;0;4208;0;0;89;0;80;0;
18373;5095696;1007616000;21737472;1116073984;0;0;0;0;0;0;0;0;0;0;0;3206;0;0;89;0;80;0;
18374;4696808;1007616000;21737472;1116073984;0;0;0;0;0;0;0;0;0;0;0;4017;0;0;89;0;80;0;
18375;5621312;1007616000;21737472;1116073984;0;0;0;0;0;0;0;0;0;0;0;3447;0;0;89;0;80;0;
18376;3294999;1007616000;21737472;1116073984;0;0;0;0;0;0;0;0;0;0;0;2976;0;0;89;0;80;0;
18377;4840538;1007616000;21737472;1116073984;0;0;0;0;0;0;0;0;0;0;0;3426;0;0;89;0;80;0;
18378;4508315;1007616000;21737472;1116073984;0;0;0;0;0;0;0;0;0;0;0;4027;0;0;89;0;80;0;
18379;11195396;1007616000;21737472;1116073984;0;0;0;0;0;0;0;0;0;0;0;5581;0;0;89;0;80;0;
18380;4767100;1007616000;21737472;1116073984;0;0;0;0;0;0;0;0;0;0;0;3296;0;0;89;0;80;0;
18381;4977295;1007616000;21737472;1116073984;0;0;0;0;0;0;0;0;0;0;0;2976;0;0;89;0;80;0;
18382;5246168;1007616000;21737472;1116073984;0;0;0;0;0;0;0;0;0;0;0;4669;0;0;89;0;80;0;
18383;5898782;1007616000;21737472;1116073984;0;0;0;0;0;0;0;0;0;0;0;3917;0;0;89;0;80;0;
18384;4106912;1007616000;21737472;1116073984;0;0;0;0;0;0;0;0;0;0;0;4359;0;0;89;0;80;0;
18385;5761204;1007616000;21737472;1116073984;0;0;0;0;0;0;0;0;0;0;0;4148;0;0;89;0;80;0;
18386;3742268;1007616000;21737472;1116073984;0;0;0;0;0;0;0;0;0;0;0;3497;0;0;89;0;80;0;
18387;5211814;1007616000;21737472;1116073984;0;0;0;0;0;0;0;0;0;0;0;4108;0;0;89;0;80;0;
18388;4141436;1007616000;21737472;1116073984;0;0;0;0;0;0;0;0;0;0;0;3105;0;0;89;0;80;0;
18389;5989021;1007616000;21737472;1116073984;0;0;0;0;0;0;0;0;0;0;0;3817;0;0;89;0;80;0;
18390;3880267;1007616000;21737472;1116073984;0;0;0;0;0;0;0;0;0;0;0;2695;0;0;89;0;80;0;
18391;5150910;1007616000;21737472;1116073984;0;0;0;0;0;0;0;0;0;0;0;3257;0;0;89;0;80;0;
18392;3285372;1007616000;21737472;1116073984;0;0;0;0;0;0;0;0;0;0;0;3477;0;0;89;0;80;0;
18393;5470930;1007616000;21737472;1116073984;0;0;0;0;0;0;0;0;0;0;0;4909;0;0;89;0;80;0;
18394;4551646;1007616000;21737472;1116073984;0;0;0;0;0;0;0;0;0;0;0;3526;0;0;89;0;80;0;
18395;5487060;1007616000;21737472;1116073984;0;0;0;0;0;0;0;0;0;0;0;3727;0;0;89;0;80;0;
18396;3760071;1007616000;21737472;1116073984;0;0;0;0;0;0;0;0;0;0;0;3146;0;0;89;0;80;0;
18397;5752919;1007616000;21737472;1116073984;0;0;0;0;0;0;0;0;0;0;0;3827;0;0;89;0;80;0;
18398;4373031;1007616000;21737472;1116073984;0;0;0;0;0;0;0;0;0;0;0;3166;0;0;89;0;80;0;
18399;6113485;1007616000;21737472;1116073984;0;0;0;0;0;0;0;0;0;0;0;4248;0;0;89;0;80;0;
18400;5426556;1007616000;21737472;1116073984;0;0;0;0;0;0;0;0;0;0;0;3757;0;0;89;0;80;0;
18401;6958349;1007616000;21737472;1116073984;0;0;0;0;0;0;0;0;0;0;0;4168;0;0;89;0;80;0;
18402;5159777;1007616000;21737472;1116073984;0;0;0;0;0;0;0;0;0;0;0;4158;0;0;89;0;80;0;
18403;6398139;1007616000;21737472;1116073984;0;0;0;0;0;0;0;0;0;0;0;3968;0;0;89;0;80;0;
18404;5760703;1007616000;21737472;1116073984;0;0;0;0;0;0;0;0;0;0;0;3337;0;0;89;0;80;0;
18405;6240113;1007616000;21737472;1116073984;0;0;0;0;0;0;0;0;0;0;0;5069;0;0;89;0;80;0;
18406;4098998;1007616000;21737472;1116073984;0;0;0;0;0;0;0;0;0;0;0;2675;0;0;89;0;80;0;
18407;5238915;1007616000;21737472;1116073984;0;0;0;0;0;0;0;0;0;0;0;4939;0;0;89;0;80;0;
18408;3742629;1007616000;21737472;1116073984;0;0;0;0;0;0;0;0;0;0;0;3226;0;0;89;0;80;0;
18409;5813102;1007616000;21737472;1116073984;0;0;0;0;0;0;0;0;0;0;0;9457;0;0;89;0;80;0;
18410;4187734;1007616000;21737472;1116073984;0;0;0;0;0;0;0;0;0;0;0;3307;0;0;89;0;80;0;
18411;6142249;1007616000;21737472;1116073984;0;0;0;0;0;0;0;0;0;0;0;3657;0;0;89;0;80;0;
18412;3267528;1007616000;21737472;1116073984;0;0;0;0;0;0;0;0;0;0;0;2654;0;0;89;0;80;0;
18413;6880022;1007616000;21737472;1116073984;0;0;0;0;0;0;0;0;0;0;0;3066;0;0;89;0;80;0;
18414;5167712;1007616000;21737472;1116073984;0;0;0;0;0;0;0;0;0;0;0;3456;0;0;89;0;80;0;
18415;5604991;1007616000;21737472;1116073984;0;0;0;0;0;0;0;0;0;0;0;3867;0;0;89;0;80;0;
18416;3936632;1007616000;21737472;1116073984;0;0;0;0;0;0;0;0;0;0;0;3046;0;0;89;0;80;0;
18417;5209119;1007616000;21737472;1116073984;0;0;0;0;0;0;0;0;0;0;0;3867;0;0;89;0;80;0;
18418;3890386;1007616000;21737472;1116073984;0;0;0;0;0;0;0;0;0;0;0;3136;0;0;89;0;80;0;
18419;5978482;1007616000;21737472;1116073984;0;0;0;0;0;0;0;0;0;0;0;4137;0;0;89;0;80;0;
18420;4438694;1007616000;21737472;1116073984;0;0;0;0;0;0;0;0;0;0;0;3026;0;0;89;0;80;0;
18421;5528158;1007616000;21737472;1116073984;0;0;0;0;0;0;0;0;0;0;0;3757;0;0;89;0;80;0;
18422;3584993;1007616000;21737472;1116073984;0;0;0;0;0;0;0;0;0;0;0;2455;0;0;89;0;80;0;
18423;6317227;1007616000;21737472;1116073984;0;0;0;0;0;0;0;0;0;0;0;3176;0;0;89;0;80;0;
18424;4409690;1007616000;21737472;1116073984;0;0;0;0;0;0;0;0;0;0;0;3216;0;0;89;0;80;0;
18425;6910490;1007616000;21737472;1116073984;0;0;0;0;0;0;0;0;0;0;0;3116;0;0;89;0;80;0;
18426;4607641;1007616000;21737472;1116073984;0;0;0;0;0;0;0;0;0;0;0;3326;0;0;89;0;80;0;
18427;5923068;1007616000;21737472;1116073984;0;0;0;0;0;0;0;0;0;0;0;2955;0;0;89;0;80;0;
18428;4459423;1007616000;21737472;1116073984;0;0;0;0;0;0;0;0;0;0;0;4558;0;0;89;0;80;0;
18429;6326053;1011449856;21737472;1116073984;0;0;0;0;0;0;0;0;0;0;0;4478;0;0;89;0;80;0;
18430;4989467;1011712000;21737472;1116073984;0;0;0;0;0;0;0;0;0;0;0;2995;0;0;89;0;80;0;
18431;6326955;1011712000;21737472;1116073984;0;0;0;0;0;0;0;0;0;0;0;5490;0;0;89;0;80;0;
18432;3819333;1011712000;21737472;1116073984;0;0;0;0;0;0;0;0;0;0;0;2805;0;0;89;0;80;0;
18433;5374318;1011712000;21737472;1116073984;0;0;0;0;0;0;0;0;0;0;0;3196;0;0;89;0;80;0;
18434;3891238;1011712000;21737472;1116073984;0;0;0;0;0;0;0;0;0;0;0;2615;0;0;89;0;80;0;
18435;5543295;1011712000;21737472;1116073984;0;0;0;0;0;0;0;0;0;0;0;4548;0;0;89;0;80;0;
18436;4936598;1011712000;21737472;1116073984;0;0;0;0;0;0;0;0;0;0;0;3306;0;0;89;0;80;0;
18437;7186858;1011712000;21741568;1116078080;0;0;0;0;0;0;0;0;0;0;0;3697;0;0;89;0;80;0;
18438;6756862;1011712000;21745664;1116082176;0;0;0;0;0;0;0;0;0;0;0;3667;0;0;89;0;80;0;
18439;6040468;1011712000;21745664;1116082176;0;0;0;0;0;0;0;0;0;0;0;3707;0;0;89;0;80;0;
18440;4123042;1011712000;21745664;1116082176;0;0;0;0;0;0;0;0;0;0;0;2494;0;0;89;0;80;0;
18441;6146627;1011712000;21745664;1116082176;0;0;0;0;0;0;0;0;0;0;0;4378;0;0;89;0;80;0;
18442;3624007;1011712000;21745664;1116082176;0;0;0;0;0;0;0;0;0;0;0;3276;0;0;89;0;80;0;
18443;5522407;1011712000;21745664;1116082176;0;0;0;0;0;0;0;0;0;0;0;3627;0;0;89;0;80;0;
18444;4892605;1011712000;21737472;1116073984;0;0;0;0;0;0;0;0;0;0;0;4077;0;0;89;0;80;0;
18445;5892621;1011712000;21737472;1116073984;0;0;0;0;0;0;0;0;0;0;0;3055;0;0;89;0;80;0;
18446;5149827;1011712000;21737472;1116073984;0;0;0;0;0;0;0;0;0;0;0;3456;0;0;89;0;80;0;
18447;5885768;1011712000;21737472;1116073984;0;0;0;0;0;0;0;0;0;0;0;5811;0;0;89;0;80;0;
18448;6200348;1011712000;21737472;1116073984;0;0;0;0;0;0;0;0;0;0;0;4288;0;0;89;0;80;0;
18449;6099579;1011712000;21737472;1116073984;0;0;0;0;0;0;0;0;0;0;0;3898;0;0;89;0;80;0;
18450;4406564;1011712000;21737472;1116073984;0;0;0;0;0;0;0;0;0;0;0;2885;0;0;89;0;80;0;
18451;4871435;1011712000;21737472;1116073984;0;0;0;0;0;0;0;0;0;0;0;3236;0;0;89;0;80;0;
18452;3754330;1011712000;21737472;1116073984;0;0;0;0;0;0;0;0;0;0;0;3516;0;0;89;0;80;0;
18453;4960824;1011712000;21737472;1116073984;0;0;0;0;0;0;0;0;0;0;0;3537;0;0;89;0;80;0;
18454;4708019;1011712000;21737472;1116073984;0;0;0;0;0;0;0;0;0;0;0;3767;0;0;89;0;80;0;
18455;6099569;1011712000;21737472;1116073984;0;0;0;0;0;0;0;0;0;0;0;3477;0;0;89;0;80;0;
18456;4076465;1011712000;21737472;1116073984;0;0;0;0;0;0;0;0;0;0;0;5440;0;0;89;0;80;0;
18457;6420320;1011712000;21737472;1116073984;0;0;0;0;0;0;0;0;0;0;0;3887;0;0;89;0;80;0;
18458;6218021;1011712000;21737472;1116073984;0;0;0;0;0;0;0;0;0;0;0;4438;0;0;89;0;80;0;
18459;4911410;1011712000;21737472;1116073984;0;0;0;0;0;0;0;0;0;0;0;4258;0;0;89;0;80;0;
18460;7159237;1011712000;21737472;1116073984;0;0;0;0;0;0;0;0;0;0;0;4879;0;0;89;0;80;0;
18461;5826928;1011712000;21737472;1116073984;0;0;0;0;0;0;0;0;0;0;0;3497;0;0;89;0;80;0;
18462;6074131;1011712000;21737472;1116073984;0;0;0;0;0;0;0;0;0;0;0;4038;0;0;89;0;80;0;
18463;5567121;1011712000;21737472;1116073984;0;0;0;0;0;0;0;0;0;0;0;3387;0;0;89;0;80;0;
18464;7159056;1011712000;21737472;1116073984;0;0;0;0;0;0;0;0;0;0;0;3777;0;0;89;0;80;0;
18465;5313464;1011712000;21737472;1116073984;0;0;0;0;0;0;0;0;0;0;0;3546;0;0;89;0;80;0;
18466;5297234;1011712000;21737472;1116073984;0;0;0;0;0;0;0;0;0;0;0;3757;0;0;89;0;80;0;
18467;7026667;1011712000;21737472;1116073984;0;0;0;0;0;0;0;0;0;0;0;3447;0;0;89;0;80;0;
18468;6318159;1011712000;21737472;1116073984;0;0;0;0;0;0;0;0;0;0;0;3777;0;0;89;0;80;0;
18469;5845784;1011712000;21737472;1116073984;0;0;0;0;0;0;0;0;0;0;0;4148;0;0;89;0;80;0;
18470;7965999;1011712000;21737472;1116073984;0;0;0;0;0;0;0;0;0;0;0;4459;0;0;89;0;80;0;
18471;7335858;1011712000;21737472;1116073984;0;0;0;0;0;0;0;0;0;0;0;4038;0;0;89;0;80;0;
18472;6692501;1011712000;21737472;1116073984;0;0;0;0;0;0;0;0;0;0;0;3787;0;0;89;0;80;0;
18473;6943552;1011712000;21737472;1116073984;0;0;0;0;0;0;0;0;0;0;0;4098;0;0;89;0;80;0;
18474;6204696;1011712000;21737472;1116073984;0;0;0;0;0;0;0;0;0;0;0;3166;0;0;89;0;80;0;
18475;6829087;1011712000;21737472;1116073984;0;0;0;0;0;0;0;0;0;0;0;7264;0;0;89;0;80;0;
18476;8157579;1011712000;21737472;1116073984;0;0;0;0;0;0;0;0;0;0;0;4208;0;0;89;0;80;0;
18477;6750420;1011712000;21737472;1116073984;0;0;0;0;0;0;0;0;0;0;0;4208;0;0;89;0;80;0;
18478;6982886;1011712000;21737472;1116073984;0;0;0;0;0;0;0;0;0;0;0;5420;0;0;89;0;80;0;
18479;7697936;1011712000;21737472;1116073984;0;0;0;0;0;0;0;0;0;0;0;4158;0;0;89;0;80;0;
18480;7652021;1011712000;21737472;1116073984;0;0;0;0;0;0;0;0;0;0;0;3717;0;0;89;0;80;0;
18481;7399677;1011712000;21737472;1116073984;0;0;0;0;0;0;0;0;0;0;0;4499;0;0;89;0;80;0;
18482;9270125;1011712000;21737472;1116073984;0;0;0;0;0;0;0;0;0;0;0;4408;0;0;89;0;80;0;
18483;8567878;1011712000;21737472;1116073984;0;0;0;0;0;0;0;0;0;0;0;3727;0;0;89;0;80;0;
18484;7914132;1011712000;21737472;1116073984;0;0;0;0;0;0;0;0;0;0;0;3787;0;0;89;0;80;0;
18485;7551011;1011712000;21737472;1116073984;0;0;0;0;0;0;0;0;0;0;0;4238;0;0;89;0;80;0;
18486;10869395;1011712000;21737472;1116073984;0;0;0;0;0;0;0;0;0;0;0;5210;0;0;89;0;80;0;
18487;6749819;1011712000;21737472;1116073984;0;0;0;0;0;0;0;0;0;0;0;4779;0;0;89;0;80;0;
18488;8163409;1011712000;21737472;1116073984;0;0;0;0;0;0;0;0;0;0;0;3888;0;0;89;0;80;0;
18489;7783217;1011712000;21737472;1116073984;0;0;0;0;0;0;0;0;0;0;0;4648;0;0;89;0;80;0;
18490;6974069;1011712000;21737472;1116073984;0;0;0;0;0;0;0;0;0;0;0;4448;0;0;89;0;80;0;
18491;8046220;1011712000;21737472;1116073984;0;0;0;0;0;0;0;0;0;0;0;4579;0;0;89;0;80;0;
18492;5418221;1011712000;21737472;1116073984;0;0;0;0;0;0;0;0;0;0;0;3907;0;0;89;0;80;0;
18493;7057035;1011712000;21737472;1116073984;0;0;0;0;0;0;0;0;0;0;0;3477;0;0;89;0;80;0;
18494;4360577;1011712000;21737472;1116073984;0;0;0;0;0;0;0;0;0;0;0;2465;0;0;89;0;80;0;
18495;7217045;1011712000;21737472;1116073984;0;0;0;0;0;0;0;0;0;0;0;4007;0;0;89;0;80;0;
18496;5492801;1011712000;21737472;1116073984;0;0;0;0;0;0;0;0;0;0;0;3296;0;0;89;0;80;0;
18497;5969655;1011712000;21737472;1116073984;0;0;0;0;0;0;0;0;0;0;0;4619;0;0;89;0;80;0;
18498;4781968;1011712000;21737472;1116073984;0;0;0;0;0;0;0;0;0;0;0;3636;0;0;89;0;80;0;
18499;5771994;1011712000;21737472;1116073984;0;0;0;0;0;0;0;0;0;0;0;4027;0;0;89;0;80;0;
18500;5948215;1011712000;21737472;1116073984;0;0;0;0;0;0;0;0;0;0;0;3607;0;0;89;0;80;0;
18501;6652056;1011712000;21737472;1116073984;0;0;0;0;0;0;0;0;0;0;0;4329;0;0;89;0;80;0;
18502;6091384;1011712000;21737472;1116073984;0;0;0;0;0;0;0;0;0;0;0;4248;0;0;89;0;80;0;
18503;6618973;1011712000;21737472;1116073984;0;0;0;0;0;0;0;0;0;0;0;4428;0;0;89;0;80;0;
18504;5525964;1011712000;21737472;1116073984;0;0;0;0;0;0;0;0;0;0;0;3176;0;0;89;0;80;0;
18505;8986884;1011712000;21737472;1116073984;0;0;0;0;0;0;0;0;0;0;0;5570;0;0;89;0;80;0;
18506;6850688;1011712000;21737472;1116073984;0;0;0;0;0;0;0;0;0;0;0;4379;0;0;89;0;80;0;
18507;7563394;1011712000;21737472;1116073984;0;0;0;0;0;0;0;0;0;0;0;3376;0;0;89;0;80;0;
18508;5873415;1011712000;21737472;1116073984;0;0;0;0;0;0;0;0;0;0;0;3947;0;0;89;0;80;0;
18509;7023622;1011712000;21737472;1116073984;0;0;0;0;0;0;0;0;0;0;0;3616;0;0;89;0;80;0;
18510;6300656;1011712000;21737472;1116073984;0;0;0;0;0;0;0;0;0;0;0;3507;0;0;89;0;80;0;
18511;6868812;1011712000;21737472;1116073984;0;0;0;0;0;0;0;0;0;0;0;3497;0;0;89;0;80;0;
18512;8485253;1011712000;21737472;1116073984;0;0;0;0;0;0;0;0;0;0;0;4909;0;0;89;0;80;0;
18513;5780090;1011712000;21737472;1116073984;0;0;0;0;0;0;0;0;0;0;0;3817;0;0;89;0;80;0;
18514;5494445;1011712000;21737472;1116073984;0;0;0;0;0;0;0;0;0;0;0;4599;0;0;89;0;80;0;
18515;5376383;1011712000;21741568;1116078080;0;0;0;0;0;0;0;0;0;0;0;3076;0;0;89;0;80;0;
18516;5410787;1011712000;21745664;1116082176;0;0;0;0;0;0;0;0;0;0;0;3937;0;0;89;0;80;0;
18517;5387954;1011712000;21745664;1116082176;0;0;0;0;0;0;0;0;0;0;0;3076;0;0;89;0;80;0;
18518;3710348;1011712000;21745664;1116082176;0;0;0;0;0;0;0;0;0;0;0;2605;0;0;89;0;80;0;
18519;5114411;1011712000;21745664;1116082176;0;0;0;0;0;0;0;0;0;0;0;2404;0;0;89;0;80;0;
18520;4670589;1011712000;21745664;1116082176;0;0;0;0;0;0;0;0;0;0;0;2244;0;0;89;0;80;0;
18521;5590584;1011712000;21745664;1116082176;0;0;0;0;0;0;0;0;0;0;0;2826;0;0;89;0;80;0;
18522;4396325;1011712000;21737472;1116073984;0;0;0;0;0;0;0;0;0;0;0;2375;0;0;89;0;80;0;
18523;5541042;1011712000;21737472;1116073984;0;0;0;0;0;0;0;0;0;0;0;3817;0;0;89;0;80;0;
18524;4487014;1011712000;21737472;1116073984;0;0;0;0;0;0;0;0;0;0;0;2635;0;0;89;0;80;0;
18525;6502955;1011712000;21737472;1116073984;0;0;0;0;0;0;0;0;0;0;0;3096;0;0;89;0;80;0;
18526;4554491;1011712000;21737472;1116073984;0;0;0;0;0;0;0;0;0;0;0;3156;0;0;89;0;80;0;
18527;5951160;1011712000;21737472;1116073984;0;0;0;0;0;0;0;0;0;0;0;3016;0;0;89;0;80;0;
18528;4153339;1011712000;21737472;1116073984;0;0;0;0;0;0;0;0;0;0;0;2715;0;0;89;0;80;0;
18529;7581799;1011712000;21737472;1116073984;0;0;0;0;0;0;0;0;0;0;0;3196;0;0;89;0;80;0;
18530;5710409;1011712000;21737472;1116073984;0;0;0;0;0;0;0;0;0;0;0;3316;0;0;89;0;80;0;
18531;6483399;1011712000;21737472;1116073984;0;0;0;0;0;0;0;0;0;0;0;3086;0;0;89;0;80;0;
18532;4736753;1011712000;21737472;1116073984;0;0;0;0;0;0;0;0;0;0;0;2594;0;0;89;0;80;0;
18533;6498327;1011712000;21737472;1116073984;0;0;0;0;0;0;0;0;0;0;0;3276;0;0;89;0;80;0;
18534;3295861;1011712000;21737472;1116073984;0;0;0;0;0;0;0;0;0;0;0;2414;0;0;89;0;80;0;
18535;5998169;1011712000;21737472;1116073984;0;0;0;0;0;0;0;0;0;0;0;2385;0;0;89;0;80;0;
18536;4367911;1011712000;21737472;1116073984;0;0;0;0;0;0;0;0;0;0;0;2585;0;0;89;0;80;0;
18537;6559040;1011712000;21737472;1116073984;0;0;0;0;0;0;0;0;0;0;0;2835;0;0;89;0;80;0;
18538;3772806;1011712000;21737472;1116073984;0;0;0;0;0;0;0;0;0;0;0;2655;0;0;89;0;80;0;
18539;6481035;1011712000;21737472;1116073984;0;0;0;0;0;0;0;0;0;0;0;2494;0;0;89;0;80;0;
18540;4656393;1011712000;21737472;1116073984;0;0;0;0;0;0;0;0;0;0;0;8526;0;0;89;0;80;0;
18541;7027189;1011712000;21737472;1116073984;0;0;0;0;0;0;0;0;0;0;0;2975;0;0;89;0;80;0;
18542;5527867;1011712000;21737472;1116073984;0;0;0;0;0;0;0;0;0;0;0;2945;0;0;89;0;80;0;
18543;6512523;1011712000;21737472;1116073984;0;0;0;0;0;0;0;0;0;0;0;3236;0;0;89;0;80;0;
18544;5839742;1011712000;21737472;1116073984;0;0;0;0;0;0;0;0;0;0;0;3406;0;0;89;0;80;0;
18545;6641495;1011712000;21737472;1116073984;0;0;0;0;0;0;0;0;0;0;0;3046;0;0;89;0;80;0;
18546;3885287;1011712000;21737472;1116073984;0;0;0;0;0;0;0;0;0;0;0;2956;0;0;89;0;80;0;
18547;6654329;1011712000;21737472;1116073984;0;0;0;0;0;0;0;0;0;0;0;2785;0;0;89;0;80;0;
18548;4010982;1011712000;21737472;1116073984;0;0;0;0;0;0;0;0;0;0;0;2034;0;0;89;0;80;0;
18549;4807496;1011712000;21737472;1116073984;0;0;0;0;0;0;0;0;0;0;0;2374;0;0;89;0;80;0;
18550;3482321;1011712000;21737472;1116073984;0;0;0;0;0;0;0;0;0;0;0;2134;0;0;89;0;80;0;
18551;9121647;1011712000;21737472;1116073984;0;0;0;0;0;0;0;0;0;0;0;2645;0;0;89;0;80;0;
18552;10067209;1011712000;21737472;1116073984;0;0;0;0;0;0;0;0;0;0;0;2905;0;0;89;0;80;0;
18553;5929119;1011712000;21737472;1116073984;0;0;0;0;0;0;0;0;0;0;0;3015;0;0;89;0;80;0;
18554;3225679;1011712000;21737472;1116073984;0;0;0;0;0;0;0;0;0;0;0;2465;0;0;89;0;80;0;
18555;5302193;1011712000;21737472;1116073984;0;0;0;0;0;0;0;0;0;0;0;2795;0;0;89;0;80;0;
18556;3045040;1011712000;21737472;1116073984;0;0;0;0;0;0;0;0;0;0;0;2164;0;0;89;0;80;0;
18557;5288337;1011712000;21737472;1116073984;0;0;0;0;0;0;0;0;0;0;0;2124;0;0;89;0;80;0;
18558;3594891;1011712000;21737472;1116073984;0;0;0;0;0;0;0;0;0;0;0;2405;0;0;89;0;80;0;
18559;5100004;1011712000;21737472;1116073984;0;0;0;0;0;0;0;0;0;0;0;2765;0;0;89;0;80;0;
18560;3872112;1011712000;21737472;1116073984;0;0;0;0;0;0;0;0;0;0;0;2124;0;0;89;0;80;0;
18561;5040102;1011712000;21737472;1116073984;0;0;0;0;0;0;0;0;0;0;0;2946;0;0;89;0;80;0;
18562;3854739;1011712000;21737472;1116073984;0;0;0;0;0;0;0;0;0;0;0;2544;0;0;89;0;80;0;
18563;6230735;1011712000;21737472;1116073984;0;0;0;0;0;0;0;0;0;0;0;3456;0;0;89;0;80;0;
18564;3599741;1011712000;21737472;1116073984;0;0;0;0;0;0;0;0;0;0;0;2234;0;0;89;0;80;0;
18565;4778331;1011712000;21737472;1116073984;0;0;0;0;0;0;0;0;0;0;0;2395;0;0;89;0;80;0;
18566;4036991;1011712000;21737472;1116073984;0;0;0;0;0;0;0;0;0;0;0;2625;0;0;89;0;80;0;
18567;4883268;1011712000;21737472;1116073984;0;0;0;0;0;0;0;0;0;0;0;3116;0;0;89;0;80;0;
18568;3998940;1011712000;21737472;1116073984;0;0;0;0;0;0;0;0;0;0;0;2375;0;0;89;0;80;0;
18569;5311851;1011712000;21737472;1116073984;0;0;0;0;0;0;0;0;0;0;0;2665;0;0;89;0;80;0;
18570;3862003;1011712000;21737472;1116073984;0;0;0;0;0;0;0;0;0;0;0;2445;0;0;89;0;80;0;
18571;5768599;1011712000;21737472;1116073984;0;0;0;0;0;0;0;0;0;0;0;3206;0;0;89;0;80;0;
18572;2543911;1011712000;21737472;1116073984;0;0;0;0;0;0;0;0;0;0;0;2134;0;0;89;0;80;0;
18573;5031516;1011712000;21737472;1116073984;0;0;0;0;0;0;0;0;0;0;0;2665;0;0;89;0;80;0;
18574;3237441;1011712000;21737472;1116073984;0;0;0;0;0;0;0;0;0;0;0;2795;0;0;89;0;80;0;
18575;6027003;1011712000;21737472;1116073984;0;0;0;0;0;0;0;0;0;0;0;2365;0;0;89;0;80;0;
18576;3117757;1011712000;21737472;1116073984;0;0;0;0;0;0;0;0;0;0;0;2665;0;0;89;0;80;0;
18577;6782159;1011712000;21737472;1116073984;0;0;0;0;0;0;0;0;0;0;0;3236;0;0;89;0;80;0;
18578;3908039;1011712000;21737472;1116073984;0;0;0;0;0;0;0;0;0;0;0;2685;0;0;89;0;80;0;
18579;4923995;1011712000;21737472;1116073984;0;0;0;0;0;0;0;0;0;0;0;2705;0;0;89;0;80;0;
18580;3974975;1011712000;21737472;1116073984;0;0;0;0;0;0;0;0;0;0;0;2074;0;0;89;0;80;0;
18581;5216633;1011712000;21737472;1116073984;0;0;0;0;0;0;0;0;0;0;0;2284;0;0;89;0;80;0;
18582;3775250;1011712000;21737472;1116073984;0;0;0;0;0;0;0;0;0;0;0;2275;0;0;89;0;80;0;
18583;6235354;1011712000;21737472;1116073984;0;0;0;0;0;0;0;0;0;0;0;2445;0;0;89;0;80;0;
18584;3006609;1011712000;21737472;1116073984;0;0;0;0;0;0;0;0;0;0;0;2946;0;0;89;0;80;0;
18585;5338752;1011712000;21737472;1116073984;0;0;0;0;0;0;0;0;0;0;0;2775;0;0;89;0;80;0;
18586;3001529;1011712000;21737472;1116073984;0;0;0;0;0;0;0;0;0;0;0;2244;0;0;89;0;80;0;
18587;5156130;1011712000;21737472;1116073984;0;0;0;0;0;0;0;0;0;0;0;2685;0;0;89;0;80;0;
18588;4865364;1011712000;21737472;1116073984;0;0;0;0;0;0;0;0;0;0;0;2665;0;0;89;0;80;0;
18589;4999245;1011712000;21737472;1116073984;0;0;0;0;0;0;0;0;0;0;0;2665;0;0;89;0;80;0;
18590;7050252;1011712000;21737472;1116073984;0;0;0;0;0;0;0;0;0;0;0;2435;0;0;89;0;80;0;
18591;5012260;1011712000;21737472;1116073984;0;0;0;0;0;0;0;0;0;0;0;2635;0;0;89;0;80;0;
18592;3685251;1011712000;21737472;1116073984;0;0;0;0;0;0;0;0;0;0;0;2495;0;0;89;0;80;0;
18593;4810802;1011712000;21737472;1116073984;0;0;0;0;0;0;0;0;0;0;0;2705;0;0;89;0;80;0;
18594;3730226;1011712000;21737472;1116073984;0;0;0;0;0;0;0;0;0;0;0;2615;0;0;89;0;80;0;
18595;5829803;1011712000;21737472;1116073984;0;0;0;0;0;0;0;0;0;0;0;2855;0;0;89;0;80;0;
18596;3762226;1011712000;21737472;1116073984;0;0;0;0;0;0;0;0;0;0;0;2414;0;0;89;0;80;0;
18597;5621142;1011712000;21737472;1116073984;0;0;0;0;0;0;0;0;0;0;0;2905;0;0;89;0;80;0;
18598;3642782;1011712000;21737472;1116073984;0;0;0;0;0;0;0;0;0;0;0;2946;0;0;89;0;80;0;
18599;6161766;1011712000;21737472;1116073984;0;0;0;0;0;0;0;0;0;0;0;2494;0;0;89;0;80;0;
18600;4470354;1011712000;21737472;1116073984;0;0;0;0;0;0;0;0;0;0;0;2615;0;0;89;0;80;0;
18601;5973032;1011712000;21737472;1116073984;0;0;0;0;0;0;0;0;0;0;0;3025;0;0;89;0;80;0;
18602;5312933;1011712000;21737472;1116073984;0;0;0;0;0;0;0;0;0;0;0;2685;0;0;89;0;80;0;
18603;5255316;1011712000;21737472;1116073984;0;0;0;0;0;0;0;0;0;0;0;3186;0;0;89;0;80;0;
18604;4246264;1011712000;21737472;1116073984;0;0;0;0;0;0;0;0;0;0;0;2885;0;0;89;0;80;0;
18605;5713675;1011712000;21737472;1116073984;0;0;0;0;0;0;0;0;0;0;0;2405;0;0;89;0;80;0;
18606;4304823;1011712000;21737472;1116073984;0;0;0;0;0;0;0;0;0;0;0;2705;0;0;89;0;80;0;
18607;5737650;1011712000;21737472;1116073984;0;0;0;0;0;0;0;0;0;0;0;1994;0;0;89;0;80;0;
18608;3230178;1011712000;21737472;1116073984;0;0;0;0;0;0;0;0;0;0;0;2053;0;0;89;0;80;0;
18609;5925463;1011712000;21737472;1116073984;0;0;0;0;0;0;0;0;0;0;0;2545;0;0;89;0;80;0;
18610;3679731;1011712000;21737472;1116073984;0;0;0;0;0;0;0;0;0;0;0;2414;0;0;89;0;80;0;
18611;5806349;1011712000;21737472;1116073984;0;0;0;0;0;0;0;0;0;0;0;2515;0;0;89;0;80;0;
18612;3738391;1011712000;21737472;1116073984;0;0;0;0;0;0;0;0;0;0;0;2495;0;0;89;0;80;0;
18613;6107033;1011712000;21737472;1116073984;0;0;0;0;0;0;0;0;0;0;0;2435;0;0;89;0;80;0;
18614;3347819;1011712000;21737472;1116073984;0;0;0;0;0;0;0;0;0;0;0;2314;0;0;89;0;80;0;
18615;5326299;1011712000;21741568;1116078080;0;0;0;0;0;0;0;0;0;0;0;3677;0;0;89;0;80;0;
18616;6448293;1011712000;21745664;1116082176;0;0;0;0;0;0;0;0;0;0;0;3817;0;0;89;0;80;0;
18617;5653914;1011712000;21745664;1116082176;0;0;0;0;0;0;0;0;0;0;0;3817;0;0;89;0;80;0;
18618;4481975;1011712000;21745664;1116082176;0;0;0;0;0;0;0;0;0;0;0;3396;0;0;89;0;80;0;
18619;6850277;1011712000;21745664;1116082176;0;0;0;0;0;0;0;0;0;0;0;4028;0;0;89;0;80;0;
18620;4359676;1011712000;21745664;1116082176;0;0;0;0;0;0;0;0;0;0;0;3396;0;0;89;0;80;0;
18621;5554757;1011712000;21745664;1116082176;0;0;0;0;0;0;0;0;0;0;0;4278;0;0;89;0;80;0;
18622;4256563;1011712000;21737472;1116073984;0;0;0;0;0;0;0;0;0;0;0;3216;0;0;89;0;80;0;
18623;5518650;1011712000;21737472;1116073984;0;0;0;0;0;0;0;0;0;0;0;5431;0;0;89;0;80;0;
18624;4164590;1011712000;21737472;1116073984;0;0;0;0;0;0;0;0;0;0;0;3487;0;0;89;0;80;0;
18625;5822529;1011712000;21737472;1116073984;0;0;0;0;0;0;0;0;0;0;0;3657;0;0;89;0;80;0;
18626;3872362;1011712000;21737472;1116073984;0;0;0;0;0;0;0;0;0;0;0;3196;0;0;89;0;80;0;
18627;5918520;1011712000;21737472;1116073984;0;0;0;0;0;0;0;0;0;0;0;4228;0;0;89;0;80;0;
18628;3481729;1011712000;21737472;1116073984;0;0;0;0;0;0;0;0;0;0;0;3366;0;0;89;0;80;0;
18629;6244070;1011712000;21737472;1116073984;0;0;0;0;0;0;0;0;0;0;0;3497;0;0;89;0;80;0;
18630;3282185;1011712000;21737472;1116073984;0;0;0;0;0;0;0;0;0;0;0;2765;0;0;89;0;80;0;
18631;6012265;1011712000;21737472;1116073984;0;0;0;0;0;0;0;0;0;0;0;4328;0;0;89;0;80;0;
18632;3940359;1011712000;21737472;1116073984;0;0;0;0;0;0;0;0;0;0;0;3327;0;0;89;0;80;0;
18633;5090647;1011712000;21737472;1116073984;0;0;0;0;0;0;0;0;0;0;0;3888;0;0;89;0;80;0;
18634;4737385;1011712000;21737472;1116073984;0;0;0;0;0;0;0;0;0;0;0;3597;0;0;89;0;80;0;
18635;6051028;1011712000;21737472;1116073984;0;0;0;0;0;0;0;0;0;0;0;3536;0;0;89;0;80;0;
18636;4515177;1011712000;21737472;1116073984;0;0;0;0;0;0;0;0;0;0;0;3266;0;0;89;0;80;0;
18637;7274913;1011712000;21737472;1116073984;0;0;0;0;0;0;0;0;0;0;0;4268;0;0;89;0;80;0;
18638;4506701;1011712000;21737472;1116073984;0;0;0;0;0;0;0;0;0;0;0;4308;0;0;89;0;80;0;
18639;5439932;1011712000;21737472;1116073984;0;0;0;0;0;0;0;0;0;0;0;3888;0;0;89;0;80;0;
18640;5360082;1011712000;21737472;1116073984;0;0;0;0;0;0;0;0;0;0;0;63840;0;0;89;0;80;0;
18641;5413612;1011712000;21737472;1116073984;0;0;0;0;0;0;0;0;0;0;0;3507;0;0;89;0;80;0;
18642;3775310;1011712000;21737472;1116073984;0;0;0;0;0;0;0;0;0;0;0;2695;0;0;89;0;80;0;
18643;5752007;1011712000;21737472;1116073984;0;0;0;0;0;0;0;0;0;0;0;4789;0;0;89;0;80;0;
18644;5138857;1011712000;21737472;1116073984;0;0;0;0;0;0;0;0;0;0;0;4048;0;0;89;0;80;0;
18645;8482097;1011712000;21737472;1116073984;0;0;0;0;0;0;0;0;0;0;0;4007;0;0;89;0;80;0;
18646;5696834;1011712000;21737472;1116073984;0;0;0;0;0;0;0;0;0;0;0;5069;0;0;89;0;80;0;
18647;6221237;1011712000;21737472;1116073984;0;0;0;0;0;0;0;0;0;0;0;3507;0;0;89;0;80;0;
18648;7047397;1011712000;21737472;1116073984;0;0;0;0;0;0;0;0;0;0;0;6382;0;0;89;0;80;0;
18649;5399756;1011712000;21737472;1116073984;0;0;0;0;0;0;0;0;0;0;0;3146;0;0;89;0;80;0;
18650;4816743;1011712000;21737472;1116073984;0;0;0;0;0;0;0;0;0;0;0;2925;0;0;89;0;80;0;
18651;5107218;1011712000;21737472;1116073984;0;0;0;0;0;0;0;0;0;0;0;3015;0;0;89;0;80;0;
18652;3835894;1011712000;21737472;1116073984;0;0;0;0;0;0;0;0;0;0;0;3867;0;0;89;0;80;0;
18653;5784508;1011712000;21737472;1116073984;0;0;0;0;0;0;0;0;0;0;0;3206;0;0;89;0;80;0;
18654;4926249;1011712000;21737472;1116073984;0;0;0;0;0;0;0;0;0;0;0;3757;0;0;89;0;80;0;
18655;5595243;1011712000;21737472;1116073984;0;0;0;0;0;0;0;0;0;0;0;3036;0;0;89;0;80;0;
18656;3653932;1011712000;21737472;1116073984;0;0;0;0;0;0;0;0;0;0;0;2895;0;0;89;0;80;0;
18657;6309583;1011712000;21737472;1116073984;0;0;0;0;0;0;0;0;0;0;0;4107;0;0;89;0;80;0;
18658;5770842;1011712000;21737472;1116073984;0;0;0;0;0;0;0;0;0;0;0;3617;0;0;89;0;80;0;
18659;6788581;1011712000;21737472;1116073984;0;0;0;0;0;0;0;0;0;0;0;4718;0;0;89;0;80;0;
18660;3860710;1011712000;21737472;1116073984;0;0;0;0;0;0;0;0;0;0;0;3166;0;0;89;0;80;0;
18661;6733548;1011712000;21737472;1116073984;0;0;0;0;0;0;0;0;0;0;0;3076;0;0;89;0;80;0;
18662;3673179;1011712000;21737472;1116073984;0;0;0;0;0;0;0;0;0;0;0;2976;0;0;89;0;80;0;
18663;6883089;1011712000;21737472;1116073984;0;0;0;0;0;0;0;0;0;0;0;3477;0;0;89;0;80;0;
18664;4935896;1011712000;21737472;1116073984;0;0;0;0;0;0;0;0;0;0;0;6562;0;0;89;0;80;0;
18665;6747694;1011712000;21737472;1116073984;0;0;0;0;0;0;0;0;0;0;0;4148;0;0;89;0;80;0;
18666;7975597;1011712000;21737472;1116073984;0;0;0;0;0;0;0;0;0;0;0;5069;0;0;89;0;80;0;
18667;6392709;1011712000;21737472;1116073984;0;0;0;0;0;0;0;0;0;0;0;4058;0;0;89;0;80;0;
18668;6893287;1011712000;21737472;1116073984;0;0;0;0;0;0;0;0;0;0;0;3055;0;0;89;0;80;0;
18669;6082527;1011712000;21737472;1116073984;0;0;0;0;0;0;0;0;0;0;0;3286;0;0;89;0;80;0;
18670;6863502;1011712000;21737472;1116073984;0;0;0;0;0;0;0;0;0;0;0;5079;0;0;89;0;80;0;
18671;7308997;1011712000;21737472;1116073984;0;0;0;0;0;0;0;0;0;0;0;3055;0;0;89;0;80;0;
18672;4899227;1011707904;21733376;1116069888;0;0;0;0;0;0;0;0;0;0;0;3477;0;0;89;0;80;0;
18673;8082097;1011707904;21733376;1116069888;0;0;0;0;0;0;0;0;0;0;0;4568;0;0;89;0;80;0;
18674;5641059;1011703808;21729280;1116065792;0;0;0;0;0;0;0;0;0;0;0;4338;0;0;89;0;80;0;
18675;6704643;1011703808;21729280;1116065792;0;0;0;0;0;0;0;0;0;0;0;5410;0;0;89;0;80;0;
18676;7628266;1011703808;21729280;1116065792;0;0;0;0;0;0;0;0;0;0;0;3978;0;0;89;0;80;0;
18677;5627294;1011703808;21729280;1116065792;0;0;0;0;0;0;0;0;0;0;0;2424;0;0;89;0;80;0;
18678;4815781;1011703808;21729280;1116065792;0;0;0;0;0;0;0;0;0;0;0;3456;0;0;89;0;80;0;
18679;6530748;1011703808;21729280;1116065792;0;0;0;0;0;0;0;0;0;0;0;2534;0;0;89;0;80;0;
18680;4622038;1011703808;21729280;1116065792;0;0;0;0;0;0;0;0;0;0;0;3828;0;0;89;0;80;0;
18681;5842437;1011703808;21729280;1116065792;0;0;0;0;0;0;0;0;0;0;0;4728;0;0;89;0;80;0;
18682;5591175;1011703808;21729280;1116065792;0;0;0;0;0;0;0;0;0;0;0;3907;0;0;89;0;80;0;
18683;5935101;1011703808;21729280;1116065792;0;0;0;0;0;0;0;0;0;0;0;3978;0;0;89;0;80;0;
18684;5054970;1011703808;21729280;1116065792;0;0;0;0;0;0;0;0;0;0;0;3627;0;0;89;0;80;0;
18685;5512928;1011703808;21729280;1116065792;0;0;0;0;0;0;0;0;0;0;0;2084;0;0;89;0;80;0;
18686;3971048;1011703808;21729280;1116065792;0;0;0;0;0;0;0;0;0;0;0;3897;0;0;89;0;80;0;
18687;6284716;1011703808;21729280;1116065792;0;0;0;0;0;0;0;0;0;0;0;3928;0;0;89;0;80;0;
18688;6431762;1011703808;21729280;1116065792;0;0;0;0;0;0;0;0;0;0;0;4399;0;0;89;0;80;0;
18689;7847107;1011703808;21729280;1116065792;0;0;0;0;0;0;0;0;0;0;0;4117;0;0;89;0;80;0;
18690;5580415;1011703808;21729280;1116065792;0;0;0;0;0;0;0;0;0;0;0;3226;0;0;89;0;80;0;
18691;5925512;1011703808;21729280;1116065792;0;0;0;0;0;0;0;0;0;0;0;2185;0;0;89;0;80;0;
18692;4507974;1011703808;21729280;1116065792;0;0;0;0;0;0;0;0;0;0;0;3086;0;0;89;0;80;0;
18693;8656795;1011703808;21729280;1116065792;0;0;0;0;0;0;0;0;0;0;0;6452;0;0;89;0;80;0;
18694;4879471;1011703808;21729280;1116065792;0;0;0;0;0;0;0;0;0;0;0;96521;0;0;89;0;80;0;
18695;5989873;1011703808;21729280;1116065792;0;0;0;0;0;0;0;0;0;0;0;3326;0;0;89;0;80;0;
18696;4293162;1011703808;21729280;1116065792;0;0;0;0;0;0;0;0;0;0;0;4779;0;0;89;0;80;0;
18697;7824685;1011703808;21729280;1116065792;0;0;0;0;0;0;0;0;0;0;0;3296;0;0;89;0;80;0;
18698;5124741;1011703808;21729280;1116065792;0;0;0;0;0;0;0;0;0;0;0;4899;0;0;89;0;80;0;
18699;6719652;1011703808;21729280;1116065792;0;0;0;0;0;0;0;0;0;0;0;3166;0;0;89;0;80;0;
18700;4270469;1011703808;21729280;1116065792;0;0;0;0;0;0;0;0;0;0;0;4268;0;0;89;0;80;0;
18701;6659128;1011703808;21729280;1116065792;0;0;0;0;0;0;0;0;0;0;0;34044;0;0;89;0;80;0;
18702;5406119;1011703808;21729280;1116065792;0;0;0;0;0;0;0;0;0;0;0;3597;0;0;89;0;80;0;
18703;5843138;1011703808;21729280;1116065792;0;0;0;0;0;0;0;0;0;0;0;3577;0;0;89;0;80;0;
18704;5731428;1011703808;21729280;1116065792;0;0;0;0;0;0;0;0;0;0;0;3777;0;0;89;0;80;0;
18705;6652355;1011703808;21729280;1116065792;0;0;0;0;0;0;0;0;0;0;0;4157;0;0;89;0;80;0;
18706;6095381;1011703808;21729280;1116065792;0;0;0;0;0;0;0;0;0;0;0;4428;0;0;89;0;80;0;
18707;7155840;1011703808;21729280;1116065792;0;0;0;0;0;0;0;0;0;0;0;4068;0;0;89;0;80;0;
18708;5792222;1011703808;21729280;1116065792;0;0;0;0;0;0;0;0;0;0;0;4449;0;0;89;0;80;0;
18709;6909217;1011703808;21729280;1116065792;0;0;0;0;0;0;0;0;0;0;0;4388;0;0;89;0;80;0;
18710;6305836;1011703808;21729280;1116065792;0;0;0;0;0;0;0;0;0;0;0;4359;0;0;89;0;80;0;
18711;7155069;1011703808;21729280;1116065792;0;0;0;0;0;0;0;0;0;0;0;4037;0;0;89;0;80;0;
18712;4889530;1011703808;21729280;1116065792;0;0;0;0;0;0;0;0;0;0;0;3055;0;0;89;0;80;0;
18713;5965297;1011703808;21729280;1116065792;0;0;0;0;0;0;0;0;0;0;0;2124;0;0;89;0;80;0;
18714;5476200;1011703808;21729280;1116065792;0;0;0;0;0;0;0;0;0;0;0;3477;0;0;89;0;80;0;
18715;5845582;1011703808;21729280;1116065792;0;0;0;0;0;0;0;0;0;0;0;3196;0;0;89;0;80;0;
18716;4129023;1011703808;21729280;1116065792;0;0;0;0;0;0;0;0;0;0;0;2956;0;0;89;0;80;0;
18717;5974875;1011703808;21729280;1116065792;0;0;0;0;0;0;0;0;0;0;0;2805;0;0;89;0;80;0;
18718;5230138;1011703808;21729280;1116065792;0;0;0;0;0;0;0;0;0;0;0;3266;0;0;89;0;80;0;
18719;5797202;1011703808;21729280;1116065792;0;0;0;0;0;0;0;0;0;0;0;2264;0;0;89;0;80;0;
18720;4495270;1011703808;21729280;1116065792;0;0;0;0;0;0;0;0;0;0;0;2806;0;0;89;0;80;0;
18721;6499639;1011703808;21729280;1116065792;0;0;0;0;0;0;0;0;0;0;0;2144;0;0;89;0;80;0;
18722;3459688;1011703808;21729280;1116065792;0;0;0;0;0;0;0;0;0;0;0;2755;0;0;89;0;80;0;
18723;7166099;1011703808;21729280;1116065792;0;0;0;0;0;0;0;0;0;0;0;2695;0;0;89;0;80;0;
18724;4415541;1011703808;21729280;1116065792;0;0;0;0;0;0;0;0;0;0;0;2745;0;0;89;0;80;0;
18725;5808954;1011703808;21729280;1116065792;0;0;0;0;0;0;0;0;0;0;0;2465;0;0;89;0;80;0;
18726;3799555;1011703808;21729280;1116065792;0;0;0;0;0;0;0;0;0;0;0;3146;0;0;89;0;80;0;
18727;5759070;1011703808;21729280;1116065792;0;0;0;0;0;0;0;0;0;0;0;2925;0;0;89;0;80;0;
18728;4486964;1011703808;21729280;1116065792;0;0;0;0;0;0;0;0;0;0;0;3156;0;0;89;0;80;0;
18729;6428796;1011703808;21729280;1116065792;0;0;0;0;0;0;0;0;0;0;0;3016;0;0;89;0;80;0;
18730;4300916;1011703808;21729280;1116065792;0;0;0;0;0;0;0;0;0;0;0;2635;0;0;89;0;80;0;
18731;5126755;1011703808;21729280;1116065792;0;0;0;0;0;0;0;0;0;0;0;2605;0;0;89;0;80;0;
18732;5047135;1011703808;21729280;1116065792;0;0;0;0;0;0;0;0;0;0;0;2926;0;0;89;0;80;0;
18733;5187989;1011703808;21729280;1116065792;0;0;0;0;0;0;0;0;0;0;0;2475;0;0;89;0;80;0;
18734;5329956;1011703808;21729280;1116065792;0;0;0;0;0;0;0;0;0;0;0;2254;0;0;89;0;80;0;
18735;4599506;1011703808;21729280;1116065792;0;0;0;0;0;0;0;0;0;0;0;2665;0;0;89;0;80;0;
18736;4501462;1011703808;21729280;1116065792;0;0;0;0;0;0;0;0;0;0;0;2555;0;0;89;0;80;0;
18737;5536373;1011703808;21729280;1116065792;0;0;0;0;0;0;0;0;0;0;0;2425;0;0;89;0;80;0;
18738;10520530;1011703808;21729280;1116065792;0;0;0;0;0;0;0;0;0;0;0;3126;0;0;89;0;80;0;
18739;5267709;1011703808;21729280;1116065792;0;0;0;0;0;0;0;0;0;0;0;2354;0;0;89;0;80;0;
18740;3376342;1011703808;21729280;1116065792;0;0;0;0;0;0;0;0;0;0;0;2675;0;0;89;0;80;0;
18741;5509272;1011703808;21729280;1116065792;0;0;0;0;0;0;0;0;0;0;0;2464;0;0;89;0;80;0;
18742;4561595;1011703808;21729280;1116065792;0;0;0;0;0;0;0;0;0;0;0;2756;0;0;89;0;80;0;
18743;5919671;1011703808;21729280;1116065792;0;0;0;0;0;0;0;0;0;0;0;2675;0;0;89;0;80;0;
18744;3781432;1011703808;21729280;1116065792;0;0;0;0;0;0;0;0;0;0;0;3016;0;0;89;0;80;0;
18745;5997067;1011703808;21729280;1116065792;0;0;0;0;0;0;0;0;0;0;0;2545;0;0;89;0;80;0;
18746;5422299;1011703808;21729280;1116065792;0;0;0;0;0;0;0;0;0;0;0;4188;0;0;89;0;80;0;
18747;6818788;1011703808;21729280;1116065792;0;0;0;0;0;0;0;0;0;0;0;3116;0;0;89;0;80;0;
18748;4538672;1011703808;21729280;1116065792;0;0;0;0;0;0;0;0;0;0;0;3857;0;0;89;0;80;0;
18749;5507859;1011703808;21729280;1116065792;0;0;0;0;0;0;0;0;0;0;0;3437;0;0;89;0;80;0;
18750;5414504;1011703808;21729280;1116065792;0;0;0;0;0;0;0;0;0;0;0;2936;0;0;89;0;80;0;
18751;4976493;1011703808;21729280;1116065792;0;0;0;0;0;0;0;0;0;0;0;2945;0;0;89;0;80;0;
18752;6682071;1011703808;21729280;1116065792;0;0;0;0;0;0;0;0;0;0;0;3947;0;0;89;0;80;0;
18753;4720623;1011703808;21729280;1116065792;0;0;0;0;0;0;0;0;0;0;0;3757;0;0;89;0;80;0;
18754;5201074;1011703808;21729280;1116065792;0;0;0;0;0;0;0;0;0;0;0;3155;0;0;89;0;80;0;
18755;6049174;1011703808;21729280;1116065792;0;0;0;0;0;0;0;0;0;0;0;2324;0;0;89;0;80;0;
18756;6238189;1011703808;21729280;1116065792;0;0;0;0;0;0;0;0;0;0;0;3477;0;0;89;0;80;0;
18757;6126780;1011703808;21729280;1116065792;0;0;0;0;0;0;0;0;0;0;0;3396;0;0;89;0;80;0;
18758;5011849;1011703808;21729280;1116065792;0;0;0;0;0;0;0;0;0;0;0;2635;0;0;89;0;80;0;
18759;5381192;1011703808;21729280;1116065792;0;0;0;0;0;0;0;0;0;0;0;2505;0;0;89;0;80;0;
18760;4394731;1011703808;21729280;1116065792;0;0;0;0;0;0;0;0;0;0;0;3526;0;0;89;0;80;0;
18761;4941267;1011703808;21729280;1116065792;0;0;0;0;0;0;0;0;0;0;0;2555;0;0;89;0;80;0;
18762;4747443;1011703808;21729280;1116065792;0;0;0;0;0;0;0;0;0;0;0;2434;0;0;89;0;80;0;
18763;6540376;1014874112;28344320;1122680832;0;0;0;0;0;0;0;0;0;0;0;2835;0;0;89;0;80;0;
18764;4342193;1014874112;28344320;1122680832;0;0;0;0;0;0;0;0;0;0;0;2906;0;0;89;0;80;0;
18765;6348877;1018052608;28344320;1122680832;0;0;0;0;0;0;0;0;0;0;0;2535;0;0;89;0;80;0;
18766;4351851;1018052608;28344320;1122680832;0;0;0;0;0;0;0;0;0;0;0;3176;0;0;89;0;80;0;
18767;5504593;1018052608;28344320;1122680832;0;0;0;0;0;0;0;0;0;0;0;2294;0;0;89;0;80;0;
18768;5973112;1018052608;28344320;1122680832;0;0;0;0;0;0;0;0;0;0;0;2865;0;0;89;0;80;0;
18769;4746662;1018052608;28344320;1122680832;0;0;0;0;0;0;0;0;0;0;0;3456;0;0;89;0;80;0;
18770;4713420;1008500736;18718720;1113055232;0;0;0;0;0;0;0;0;0;0;0;3837;0;0;89;0;80;0;
18771;6497596;1008500736;18718720;1113055232;0;0;0;0;0;0;0;0;0;0;0;3587;0;0;89;0;80;0;
18772;6399943;1008500736;18718720;1113055232;0;0;0;0;0;0;0;0;0;0;0;4919;0;0;89;0;80;0;
18773;6343857;1008500736;18718720;1113055232;0;0;0;0;0;0;0;0;0;0;0;3427;0;0;89;0;80;0;
18774;5237121;1008500736;18718720;1113055232;0;0;0;0;0;0;0;0;0;0;0;4118;0;0;89;0;80;0;
18775;6498718;1008500736;18718720;1113055232;0;0;0;0;0;0;0;0;0;0;0;3246;0;0;89;0;80;0;
18776;7360644;1008500736;18718720;1113055232;0;0;0;0;0;0;0;0;0;0;0;3937;0;0;89;0;80;0;
18777;6313029;1008500736;18718720;1113055232;0;0;0;0;0;0;0;0;0;0;0;3677;0;0;89;0;80;0;
18778;4603283;1008500736;18718720;1113055232;0;0;0;0;0;0;0;0;0;0;0;3115;0;0;89;0;80;0;
18779;7370112;1008500736;18718720;1113055232;0;0;0;0;0;0;0;0;0;0;0;2735;0;0;89;0;80;0;
18780;4717657;1008500736;18718720;1113055232;0;0;0;0;0;0;0;0;0;0;0;2786;0;0;89;0;80;0;
18781;6047111;1008500736;18718720;1113055232;0;0;0;0;0;0;0;0;0;0;0;2525;0;0;89;0;80;0;
18782;4856117;1008500736;18718720;1113055232;0;0;0;0;0;0;0;0;0;0;0;2865;0;0;89;0;80;0;
18783;5188471;1008500736;18718720;1113055232;0;0;0;0;0;0;0;0;0;0;0;2114;0;0;89;0;80;0;
18784;6020040;1008500736;18718720;1113055232;0;0;0;0;0;0;0;0;0;0;0;4869;0;0;89;0;80;0;
18785;6105089;1008500736;18718720;1113055232;0;0;0;0;0;0;0;0;0;0;0;3206;0;0;89;0;80;0;
18786;6623262;1008500736;18718720;1113055232;0;0;0;0;0;0;0;0;0;0;0;3757;0;0;89;0;80;0;
18787;7446845;1011671040;28344320;1122680832;0;0;0;0;0;0;0;0;0;0;0;3356;0;0;89;0;80;0;
18788;5246069;1011671040;28344320;1122680832;0;0;0;0;0;0;0;0;0;0;0;3697;0;0;89;0;80;0;
18789;7911737;1015865344;28344320;1122680832;0;0;0;0;0;0;0;0;0;0;0;2955;0;0;89;0;80;0;
18790;5048969;1015865344;28344320;1122680832;0;0;0;0;0;0;0;0;0;0;0;2604;0;0;89;0;80;0;
18791;4849484;1015865344;28344320;1122680832;0;0;0;0;0;0;0;0;0;0;0;2344;0;0;89;0;80;0;
18792;3353609;1015865344;28344320;1122680832;0;0;0;0;0;0;0;0;0;0;0;3115;0;0;89;0;80;0;
18793;6046981;1015865344;28344320;1122680832;0;0;0;0;0;0;0;0;0;0;0;2355;0;0;89;0;80;0;
18794;3911115;1009606656;21729280;1116065792;0;0;0;0;0;0;0;0;0;0;0;2745;0;0;89;0;80;0;
18795;4688603;1009606656;21729280;1116065792;0;0;0;0;0;0;0;0;0;0;0;2816;0;0;89;0;80;0;
18796;3951470;1009606656;21729280;1116065792;0;0;0;0;0;0;0;0;0;0;0;2695;0;0;89;0;80;0;
18797;5045913;1009606656;21729280;1116065792;0;0;0;0;0;0;0;0;0;0;0;2324;0;0;89;0;80;0;
18798;4997271;1009606656;21729280;1116065792;0;0;0;0;0;0;0;0;0;0;0;3317;0;0;89;0;80;0;
18799;5130642;1009606656;21729280;1116065792;0;0;0;0;0;0;0;0;0;0;0;2715;0;0;89;0;80;0;
18800;4607842;1009606656;21729280;1116065792;0;0;0;0;0;0;0;0;0;0;0;3416;0;0;89;0;80;0;
18801;5082752;1009606656;21729280;1116065792;0;0;0;0;0;0;0;0;0;0;0;2985;0;0;89;0;80;0;
18802;5193039;1009606656;21729280;1116065792;0;0;0;0;0;0;0;0;0;0;0;3246;0;0;89;0;80;0;
18803;5224037;1009606656;21729280;1116065792;0;0;0;0;0;0;0;0;0;0;0;2245;0;0;89;0;80;0;
18804;5856634;1009606656;21729280;1116065792;0;0;0;0;0;0;0;0;0;0;0;3577;0;0;89;0;80;0;
18805;6174750;1009606656;21729280;1116065792;0;0;0;0;0;0;0;0;0;0;0;2955;0;0;89;0;80;0;
18806;4512612;1009606656;21729280;1116065792;0;0;0;0;0;0;0;0;0;0;0;2686;0;0;89;0;80;0;
18807;5218447;1009606656;21729280;1116065792;0;0;0;0;0;0;0;0;0;0;0;2544;0;0;89;0;80;0;
18808;5340385;1009606656;21729280;1116065792;0;0;0;0;0;0;0;0;0;0;0;3828;0;0;89;0;80;0;
18809;5968744;1009606656;21729280;1116065792;0;0;0;0;0;0;0;0;0;0;0;3908;0;0;89;0;80;0;
18810;5483654;1009606656;21729280;1116065792;0;0;0;0;0;0;0;0;0;0;0;3517;0;0;89;0;80;0;
18811;5266296;1009606656;21729280;1116065792;0;0;0;0;0;0;0;0;0;0;0;2444;0;0;89;0;80;0;
18812;3862483;1009606656;21729280;1116065792;0;0;0;0;0;0;0;0;0;0;0;3407;0;0;89;0;80;0;
18813;5964626;1009606656;21729280;1116065792;0;0;0;0;0;0;0;0;0;0;0;3056;0;0;89;0;80;0;
18814;4681710;1009606656;21729280;1116065792;0;0;0;0;0;0;0;0;0;0;0;3206;0;0;89;0;80;0;
18815;5466973;1009606656;21729280;1116065792;0;0;0;0;0;0;0;0;0;0;0;2695;0;0;89;0;80;0;
18816;4860466;1009606656;21729280;1116065792;0;0;0;0;0;0;0;0;0;0;0;2555;0;0;89;0;80;0;
18817;6078379;1009606656;21729280;1116065792;0;0;0;0;0;0;0;0;0;0;0;2595;0;0;89;0;80;0;
18818;4344788;1009606656;21729280;1116065792;0;0;0;0;0;0;0;0;0;0;0;3156;0;0;89;0;80;0;
18819;6591692;1009606656;21729280;1116065792;0;0;0;0;0;0;0;0;0;0;0;3226;0;0;89;0;80;0;
18820;4697369;1009606656;21729280;1116065792;0;0;0;0;0;0;0;0;0;0;0;3476;0;0;89;0;80;0;
18821;5697555;1009606656;21729280;1116065792;0;0;0;0;0;0;0;0;0;0;0;3326;0;0;89;0;80;0;
18822;4861938;1009606656;21729280;1116065792;0;0;0;0;0;0;0;0;0;0;0;3396;0;0;89;0;80;0;
18823;5397612;1009606656;21729280;1116065792;0;0;0;0;0;0;0;0;0;0;0;3267;0;0;89;0;80;0;
18824;4293412;1009606656;21729280;1116065792;0;0;0;0;0;0;0;0;0;0;0;2895;0;0;89;0;80;0;
18825;5247321;1009606656;21729280;1116065792;0;0;0;0;0;0;0;0;0;0;0;2094;0;0;89;0;80;0;
18826;3688929;1009606656;21729280;1116065792;0;0;0;0;0;0;0;0;0;0;0;2645;0;0;89;0;80;0;
18827;5074637;1009606656;21729280;1116065792;0;0;0;0;0;0;0;0;0;0;0;2735;0;0;89;0;80;0;
18828;3524600;1009606656;21729280;1116065792;0;0;0;0;0;0;0;0;0;0;0;2926;0;0;89;0;80;0;
18829;5300661;1009606656;21729280;1116065792;0;0;0;0;0;0;0;0;0;0;0;2966;0;0;89;0;80;0;
18830;4950354;1009606656;21729280;1116065792;0;0;0;0;0;0;0;0;0;0;0;3357;0;0;89;0;80;0;
18831;5861703;1009606656;21729280;1116065792;0;0;0;0;0;0;0;0;0;0;0;86202;0;0;89;0;80;0;
18832;4317367;1009606656;21729280;1116065792;0;0;0;0;0;0;0;0;0;0;0;2836;0;0;89;0;80;0;
18833;5915494;1009606656;21729280;1116065792;0;0;0;0;0;0;0;0;0;0;0;2615;0;0;89;0;80;0;
18834;4466076;1009606656;21729280;1116065792;0;0;0;0;0;0;0;0;0;0;0;4298;0;0;89;0;80;0;
18835;5955589;1009606656;21729280;1116065792;0;0;0;0;0;0;0;0;0;0;0;3186;0;0;89;0;80;0;
18836;6063411;1009606656;21729280;1116065792;0;0;0;0;0;0;0;0;0;0;0;4168;0;0;89;0;80;0;
18837;6152568;1009606656;21729280;1116065792;0;0;0;0;0;0;0;0;0;0;0;2555;0;0;89;0;80;0;
18838;3534258;1009606656;21729280;1116065792;0;0;0;0;0;0;0;0;0;0;0;3316;0;0;89;0;80;0;
18839;6158800;1009606656;21729280;1116065792;0;0;0;0;0;0;0;0;0;0;0;2665;0;0;89;0;80;0;
18840;3705028;1009606656;21729280;1116065792;0;0;0;0;0;0;0;0;0;0;0;2815;0;0;89;0;80;0;
18841;6002698;1009606656;21729280;1116065792;0;0;0;0;0;0;0;0;0;0;0;2975;0;0;89;0;80;0;
18842;3975867;1009606656;21729280;1116065792;0;0;0;0;0;0;0;0;0;0;0;2655;0;0;89;0;80;0;
18843;6108696;1009606656;21729280;1116065792;0;0;0;0;0;0;0;0;0;0;0;2615;0;0;89;0;80;0;
18844;4347704;1009606656;21729280;1116065792;0;0;0;0;0;0;0;0;0;0;0;44743;0;0;89;0;80;0;
18845;5143456;1009606656;21729280;1116065792;0;0;0;0;0;0;0;0;0;0;0;2355;0;0;89;0;80;0;
18846;5514381;1009606656;21729280;1116065792;0;0;0;0;0;0;0;0;0;0;0;2966;0;0;89;0;80;0;
18847;5221212;1009606656;21729280;1116065792;0;0;0;0;0;0;0;0;0;0;0;2013;0;0;89;0;80;0;
18848;3247701;1009606656;21729280;1116065792;0;0;0;0;0;0;0;0;0;0;0;2355;0;0;89;0;80;0;
18849;5344693;1009606656;21729280;1116065792;0;0;0;0;0;0;0;0;0;0;0;2144;0;0;89;0;80;0;
18850;4405522;1009606656;21729280;1116065792;0;0;0;0;0;0;0;0;0;0;0;4247;0;0;89;0;80;0;
18851;4562125;1009606656;21729280;1116065792;0;0;0;0;0;0;0;0;0;0;0;3426;0;0;89;0;80;0;
18852;5554367;1009606656;21729280;1116065792;0;0;0;0;0;0;0;0;0;0;0;2615;0;0;89;0;80;0;
18853;5892050;1009606656;21729280;1116065792;0;0;0;0;0;0;0;0;0;0;0;2605;0;0;89;0;80;0;
18854;5097911;1009606656;21729280;1116065792;0;0;0;0;0;0;0;0;0;0;0;3416;0;0;89;0;80;0;
18855;5288177;1009606656;21729280;1116065792;0;0;0;0;0;0;0;0;0;0;0;2655;0;0;89;0;80;0;
18856;4939804;1009606656;21729280;1116065792;0;0;0;0;0;0;0;0;0;0;0;3226;0;0;89;0;80;0;
18857;5327231;1009606656;21729280;1116065792;0;0;0;0;0;0;0;0;0;0;0;2555;0;0;89;0;80;0;
18858;3778015;1009606656;21729280;1116065792;0;0;0;0;0;0;0;0;0;0;0;40075;0;0;89;0;80;0;
18859;5539258;1009606656;21729280;1116065792;0;0;0;0;0;0;0;0;0;0;0;2594;0;0;89;0;80;0;
18860;5979935;1009606656;21729280;1116065792;0;0;0;0;0;0;0;0;0;0;0;4218;0;0;89;0;80;0;
18861;5035524;1009606656;21729280;1116065792;0;0;0;0;0;0;0;0;0;0;0;3367;0;0;89;0;80;0;
18862;4450386;1009606656;21729280;1116065792;0;0;0;0;0;0;0;0;0;0;0;3176;0;0;89;0;80;0;
18863;5604962;1009606656;21729280;1116065792;0;0;0;0;0;0;0;0;0;0;0;2415;0;0;89;0;80;0;
18864;3808372;1009606656;21729280;1116065792;0;0;0;0;0;0;0;0;0;0;0;2885;0;0;89;0;80;0;
18865;6639682;1009606656;21729280;1116065792;0;0;0;0;0;0;0;0;0;0;0;3036;0;0;89;0;80;0;
18866;3876179;1009606656;21729280;1116065792;0;0;0;0;0;0;0;0;0;0;0;3216;0;0;89;0;80;0;
18867;5190825;1009606656;21729280;1116065792;0;0;0;0;0;0;0;0;0;0;0;2735;0;0;89;0;80;0;
18868;3958524;1009606656;21729280;1116065792;0;0;0;0;0;0;0;0;0;0;0;2815;0;0;89;0;80;0;
18869;5740857;1009606656;21729280;1116065792;0;0;0;0;0;0;0;0;0;0;0;2795;0;0;89;0;80;0;
18870;5189342;1009606656;21729280;1116065792;0;0;0;0;0;0;0;0;0;0;0;4137;0;0;89;0;80;0;
18871;6664138;1009606656;21729280;1116065792;0;0;0;0;0;0;0;0;0;0;0;3466;0;0;89;0;80;0;
18872;6516721;1009606656;21729280;1116065792;0;0;0;0;0;0;0;0;0;0;0;4067;0;0;89;0;80;0;
18873;5859158;1009606656;21729280;1116065792;0;0;0;0;0;0;0;0;0;0;0;2795;0;0;89;0;80;0;
18874;4807235;1009606656;21729280;1116065792;0;0;0;0;0;0;0;0;0;0;0;3768;0;0;89;0;80;0;
18875;5914802;1009606656;21729280;1116065792;0;0;0;0;0;0;0;0;0;0;0;2725;0;0;89;0;80;0;
18876;4608823;1009606656;21729280;1116065792;0;0;0;0;0;0;0;0;0;0;0;2875;0;0;89;0;80;0;
18877;5331679;1009606656;21729280;1116065792;0;0;0;0;0;0;0;0;0;0;0;2404;0;0;89;0;80;0;
18878;5620791;1009606656;21729280;1116065792;0;0;0;0;0;0;0;0;0;0;0;3357;0;0;89;0;80;0;
18879;5668331;1009606656;21729280;1116065792;0;0;0;0;0;0;0;0;0;0;0;2815;0;0;89;0;80;0;
18880;3904903;1009606656;21729280;1116065792;0;0;0;0;0;0;0;0;0;0;0;3016;0;0;89;0;80;0;
18881;5369379;1009606656;21729280;1116065792;0;0;0;0;0;0;0;0;0;0;0;2886;0;0;89;0;80;0;
18882;4069902;1009606656;21729280;1116065792;0;0;0;0;0;0;0;0;0;0;0;3286;0;0;89;0;80;0;
18883;4891143;1009606656;21729280;1116065792;0;0;0;0;0;0;0;0;0;0;0;3186;0;0;89;0;80;0;
18884;3520522;1009606656;21729280;1116065792;0;0;0;0;0;0;0;0;0;0;0;2956;0;0;89;0;80;0;
18885;5020515;1009606656;21729280;1116065792;0;0;0;0;0;0;0;0;0;0;0;2545;0;0;89;0;80;0;
18886;5753200;1009606656;21729280;1116065792;0;0;0;0;0;0;0;0;0;0;0;2985;0;0;89;0;80;0;
18887;4535536;1009606656;21729280;1116065792;0;0;0;0;0;0;0;0;0;0;0;2515;0;0;89;0;80;0;
18888;6539254;1009606656;21729280;1116065792;0;0;0;0;0;0;0;0;0;0;0;3106;0;0;89;0;80;0;
18889;5678790;1009606656;21729280;1116065792;0;0;0;0;0;0;0;0;0;0;0;3286;0;0;89;0;80;0;
18890;4103596;1009606656;21729280;1116065792;0;0;0;0;0;0;0;0;0;0;0;2735;0;0;89;0;80;0;
18891;6454315;1009606656;21729280;1116065792;0;0;0;0;0;0;0;0;0;0;0;3426;0;0;89;0;80;0;
18892;5007421;1009606656;21729280;1116065792;0;0;0;0;0;0;0;0;0;0;0;2955;0;0;89;0;80;0;
18893;5368708;1009606656;21729280;1116065792;0;0;0;0;0;0;0;0;0;0;0;2595;0;0;89;0;80;0;
18894;5070359;1009606656;21729280;1116065792;0;0;0;0;0;0;0;0;0;0;0;2955;0;0;89;0;80;0;
18895;6581482;1009606656;21729280;1116065792;0;0;0;0;0;0;0;0;0;0;0;2675;0;0;89;0;80;0;
18896;4090311;1009606656;21729280;1116065792;0;0;0;0;0;0;0;0;0;0;0;2756;0;0;89;0;80;0;
18897;5136052;1009606656;21729280;1116065792;0;0;0;0;0;0;0;0;0;0;0;2765;0;0;89;0;80;0;
18898;4731202;1009606656;21729280;1116065792;0;0;0;0;0;0;0;0;0;0;0;3437;0;0;89;0;80;0;
18899;4600969;1009606656;21729280;1116065792;0;0;0;0;0;0;0;0;0;0;0;2725;0;0;89;0;80;0;
18900;5469237;1009606656;21729280;1116065792;0;0;0;0;0;0;0;0;0;0;0;4288;0;0;89;0;80;0;
18901;8952309;1009606656;21729280;1116065792;0;0;0;0;0;0;0;0;0;0;0;4088;0;0;89;0;80;0;
18902;5340425;1009606656;21729280;1116065792;0;0;0;0;0;0;0;0;0;0;0;3998;0;0;89;0;80;0;
18903;6707519;1012776960;28344320;1122680832;0;0;0;0;0;0;0;0;0;0;0;3476;0;0;89;0;80;0;
18904;4705535;1012776960;28344320;1122680832;0;0;0;0;0;0;0;0;0;0;0;4458;0;0;89;0;80;0;
18905;5731138;1015955456;28344320;1122680832;0;0;0;0;0;0;0;0;0;0;0;2685;0;0;89;0;80;0;
18906;3771503;1015955456;28344320;1122680832;0;0;0;0;0;0;0;0;0;0;0;3627;0;0;89;0;80;0;
18907;6562477;1015955456;28344320;1122680832;0;0;0;0;0;0;0;0;0;0;0;3066;0;0;89;0;80;0;
18908;3706000;1015955456;28344320;1122680832;0;0;0;0;0;0;0;0;0;0;0;3076;0;0;89;0;80;0;
18909;5903952;1015955456;28344320;1122680832;0;0;0;0;0;0;0;0;0;0;0;2575;0;0;89;0;80;0;
18910;5664514;1008549888;18718720;1113055232;0;0;0;0;0;0;0;0;0;0;0;3407;0;0;89;0;80;0;
18911;5425154;1008549888;18718720;1113055232;0;0;0;0;0;0;0;0;0;0;0;1703;0;0;89;0;80;0;
18912;4302799;1008549888;18718720;1113055232;0;0;0;0;0;0;0;0;0;0;0;3256;0;0;89;0;80;0;
18913;5633935;1008549888;18718720;1113055232;0;0;0;0;0;0;0;0;0;0;0;2374;0;0;89;0;80;0;
18914;4495851;1008549888;18718720;1113055232;0;0;0;0;0;0;0;0;0;0;0;3306;0;0;89;0;80;0;
18915;5218717;1008549888;18718720;1113055232;0;0;0;0;0;0;0;0;0;0;0;2134;0;0;89;0;80;0;
18916;4383911;1008549888;18718720;1113055232;0;0;0;0;0;0;0;0;0;0;0;3397;0;0;89;0;80;0;
18917;5792694;1008549888;18718720;1113055232;0;0;0;0;0;0;0;0;0;0;0;2354;0;0;89;0;80;0;
18918;4809931;1008549888;18718720;1113055232;0;0;0;0;0;0;0;0;0;0;0;2775;0;0;89;0;80;0;
18919;4902965;1008549888;18718720;1113055232;0;0;0;0;0;0;0;0;0;0;0;2054;0;0;89;0;80;0;
18920;4708440;1008549888;18718720;1113055232;0;0;0;0;0;0;0;0;0;0;0;3076;0;0;89;0;80;0;
18921;5815116;1008549888;18718720;1113055232;0;0;0;0;0;0;0;0;0;0;0;2194;0;0;89;0;80;0;
18922;4356830;1008549888;18718720;1113055232;0;0;0;0;0;0;0;0;0;0;0;4358;0;0;89;0;80;0;
18923;5612154;1008549888;18718720;1113055232;0;0;0;0;0;0;0;0;0;0;0;2625;0;0;89;0;80;0;
18924;4454594;1008549888;18718720;1113055232;0;0;0;0;0;0;0;0;0;0;0;2966;0;0;89;0;80;0;
18925;6853734;1008549888;18718720;1113055232;0;0;0;0;0;0;0;0;0;0;0;2585;0;0;89;0;80;0;
18926;4961916;1008549888;18718720;1113055232;0;0;0;0;0;0;0;0;0;0;0;3517;0;0;89;0;80;0;
18927;10838917;1011720192;28344320;1122680832;0;0;0;0;0;0;0;0;0;0;0;3327;0;0;89;0;80;0;
18928;5424824;1011720192;28344320;1122680832;0;0;0;0;0;0;0;0;0;0;0;2956;0;0;89;0;80;0;
18929;7420265;1015914496;28344320;1122680832;0;0;0;0;0;0;0;0;0;0;0;3987;0;0;89;0;80;0;
18930;4203113;1015914496;28344320;1122680832;0;0;0;0;0;0;0;0;0;0;0;3186;0;0;89;0;80;0;
18931;4712978;1015914496;28344320;1122680832;0;0;0;0;0;0;0;0;0;0;0;3276;0;0;89;0;80;0;
18932;3737720;1015914496;28344320;1122680832;0;0;0;0;0;0;0;0;0;0;0;2956;0;0;89;0;80;0;
18933;5725177;1015914496;28344320;1122680832;0;0;0;0;0;0;0;0;0;0;0;2265;0;0;89;0;80;0;
18934;4839616;1009606656;21729280;1116065792;0;0;0;0;0;0;0;0;0;0;0;3115;0;0;89;0;80;0;
18935;5699448;1009606656;21729280;1116065792;0;0;0;0;0;0;0;0;0;0;0;1824;0;0;89;0;80;0;
18936;4430779;1009606656;21729280;1116065792;0;0;0;0;0;0;0;0;0;0;0;3095;0;0;89;0;80;0;
18937;6087566;1009606656;21729280;1116065792;0;0;0;0;0;0;0;0;0;0;0;2935;0;0;89;0;80;0;
18938;3934608;1009606656;21729280;1116065792;0;0;0;0;0;0;0;0;0;0;0;3126;0;0;89;0;80;0;
18939;5733823;1009606656;21729280;1116065792;0;0;0;0;0;0;0;0;0;0;0;2495;0;0;89;0;80;0;
18940;4518454;1009606656;21729280;1116065792;0;0;0;0;0;0;0;0;0;0;0;3647;0;0;89;0;80;0;
18941;6047512;1009606656;21729280;1116065792;0;0;0;0;0;0;0;0;0;0;0;3306;0;0;89;0;80;0;
18942;5226722;1009606656;21729280;1116065792;0;0;0;0;0;0;0;0;0;0;0;3136;0;0;89;0;80;0;
18943;5662339;1009606656;21729280;1116065792;0;0;0;0;0;0;0;0;0;0;0;2455;0;0;89;0;80;0;
18944;5284661;1009606656;21729280;1116065792;0;0;0;0;0;0;0;0;0;0;0;3878;0;0;89;0;80;0;
18945;6262254;1009606656;21729280;1116065792;0;0;0;0;0;0;0;0;0;0;0;3457;0;0;89;0;80;0;
18946;4419588;1009606656;21729280;1116065792;0;0;0;0;0;0;0;0;0;0;0;3176;0;0;89;0;80;0;
18947;6099309;1009606656;21729280;1116065792;0;0;0;0;0;0;0;0;0;0;0;2394;0;0;89;0;80;0;
18948;5608578;1009606656;21729280;1116065792;0;0;0;0;0;0;0;0;0;0;0;3707;0;0;89;0;80;0;
18949;6883870;1009606656;21729280;1116065792;0;0;0;0;0;0;0;0;0;0;0;3326;0;0;89;0;80;0;
18950;6619414;1009606656;21729280;1116065792;0;0;0;0;0;0;0;0;0;0;0;4428;0;0;89;0;80;0;
18951;6706246;1012776960;28344320;1122680832;0;0;0;0;0;0;0;0;0;0;0;5430;0;0;89;0;80;0;
18952;5087391;1012776960;28344320;1122680832;0;0;0;0;0;0;0;0;0;0;0;4729;0;0;89;0;80;0;
18953;7159447;1015955456;28344320;1122680832;0;0;0;0;0;0;0;0;0;0;0;3787;0;0;89;0;80;0;
18954;7039010;1015955456;28344320;1122680832;0;0;0;0;0;0;0;0;0;0;0;5100;0;0;89;0;80;0;
18955;8034738;1015955456;28344320;1122680832;0;0;0;0;0;0;0;0;0;0;0;3226;0;0;89;0;80;0;
18956;5182108;1015955456;28344320;1122680832;0;0;0;0;0;0;0;0;0;0;0;4569;0;0;89;0;80;0;
18957;6097375;1015955456;28344320;1122680832;0;0;0;0;0;0;0;0;0;0;0;4579;0;0;89;0;80;0;
18958;5289850;1008566272;18718720;1113055232;0;0;0;0;0;0;0;0;0;0;0;4448;0;0;89;0;80;0;
18959;8199507;1008566272;18718720;1113055232;0;0;0;0;0;0;0;0;0;0;0;4177;0;0;89;0;80;0;
18960;6356131;1008566272;18718720;1113055232;0;0;0;0;0;0;0;0;0;0;0;5019;0;0;89;0;80;0;
18961;6738618;1008566272;18718720;1113055232;0;0;0;0;0;0;0;0;0;0;0;3877;0;0;89;0;80;0;
18962;6235935;1008566272;18718720;1113055232;0;0;0;0;0;0;0;0;0;0;0;4298;0;0;89;0;80;0;
18963;5764481;1008566272;18718720;1113055232;0;0;0;0;0;0;0;0;0;0;0;3626;0;0;89;0;80;0;
18964;5244706;1008566272;18718720;1113055232;0;0;0;0;0;0;0;0;0;0;0;4208;0;0;89;0;80;0;
18965;6230675;1008566272;18718720;1113055232;0;0;0;0;0;0;0;0;0;0;0;3086;0;0;89;0;80;0;
18966;6607110;1008566272;18718720;1113055232;0;0;0;0;0;0;0;0;0;0;0;3907;0;0;89;0;80;0;
18967;5765132;1008566272;18718720;1113055232;0;0;0;0;0;0;0;0;0;0;0;2494;0;0;89;0;80;0;
18968;6271451;1008566272;18718720;1113055232;0;0;0;0;0;0;0;0;0;0;0;4999;0;0;89;0;80;0;
18969;7607276;1008566272;18718720;1113055232;0;0;0;0;0;0;0;0;0;0;0;4588;0;0;89;0;80;0;
18970;5138888;1008566272;18718720;1113055232;0;0;0;0;0;0;0;0;0;0;0;4258;0;0;89;0;80;0;
18971;6076055;1008566272;18718720;1113055232;0;0;0;0;0;0;0;0;0;0;0;2945;0;0;89;0;80;0;
18972;6142359;1008566272;18718720;1113055232;0;0;0;0;0;0;0;0;0;0;0;4017;0;0;89;0;80;0;
18973;5950739;1008566272;18718720;1113055232;0;0;0;0;0;0;0;0;0;0;0;2805;0;0;89;0;80;0;
18974;5960358;1008566272;18718720;1113055232;0;0;0;0;0;0;0;0;0;0;0;4047;0;0;89;0;80;0;
18975;7723855;1011736576;28344320;1122680832;0;0;0;0;0;0;0;0;0;0;0;4328;0;0;89;0;80;0;
18976;6653738;1011736576;28344320;1122680832;0;0;0;0;0;0;0;0;0;0;0;4258;0;0;89;0;80;0;
18977;6099880;1015930880;28344320;1122680832;0;0;0;0;0;0;0;0;0;0;0;2204;0;0;89;0;80;0;
18978;6071086;1015930880;28344320;1122680832;0;0;0;0;0;0;0;0;0;0;0;4037;0;0;89;0;80;0;
18979;5493051;1015930880;28344320;1122680832;0;0;0;0;0;0;0;0;0;0;0;2455;0;0;89;0;80;0;
18980;5698356;1015930880;28344320;1122680832;0;0;0;0;0;0;0;0;0;0;0;3577;0;0;89;0;80;0;
18981;8332517;1015930880;28344320;1122680832;0;0;0;0;0;0;0;0;0;0;0;3977;0;0;89;0;80;0;
18982;5502369;1009606656;21729280;1116065792;0;0;0;0;0;0;0;0;0;0;0;3556;0;0;89;0;80;0;
18983;6684766;1009606656;21729280;1116065792;0;0;0;0;0;0;0;0;0;0;0;2996;0;0;89;0;80;0;
18984;4459653;1009606656;21729280;1116065792;0;0;0;0;0;0;0;0;0;0;0;3737;0;0;89;0;80;0;
18985;6709393;1009606656;21729280;1116065792;0;0;0;0;0;0;0;0;0;0;0;3957;0;0;89;0;80;0;
18986;6280138;1009606656;21729280;1116065792;0;0;0;0;0;0;0;0;0;0;0;4749;0;0;89;0;80;0;
18987;6600979;1009606656;21729280;1116065792;0;0;0;0;0;0;0;0;0;0;0;3266;0;0;89;0;80;0;
18988;5877973;1009606656;21729280;1116065792;0;0;0;0;0;0;0;0;0;0;0;4368;0;0;89;0;80;0;
18989;7687587;1009606656;21729280;1116065792;0;0;0;0;0;0;0;0;0;0;0;4458;0;0;89;0;80;0;
18990;3621051;1009606656;21729280;1116065792;0;0;0;0;0;0;0;0;0;0;0;3907;0;0;89;0;80;0;
18991;6608594;1009606656;21729280;1116065792;0;0;0;0;0;0;0;0;0;0;0;3747;0;0;89;0;80;0;
18992;3973021;1009606656;21729280;1116065792;0;0;0;0;0;0;0;0;0;0;0;3166;0;0;89;0;80;0;
18993;6569931;1009606656;21729280;1116065792;0;0;0;0;0;0;0;0;0;0;0;2355;0;0;89;0;80;0;
18994;3301362;1009606656;21729280;1116065792;0;0;0;0;0;0;0;0;0;0;0;4017;0;0;89;0;80;0;
18995;4934504;1009606656;21729280;1116065792;0;0;0;0;0;0;0;0;0;0;0;4198;0;0;89;0;80;0;
18996;6525428;1009606656;21729280;1116065792;0;0;0;0;0;0;0;0;0;0;0;3737;0;0;89;0;80;0;
18997;7368669;1009606656;21729280;1116065792;0;0;0;0;0;0;0;0;0;0;0;4088;0;0;89;0;80;0;
18998;5282437;1009606656;21729280;1116065792;0;0;0;0;0;0;0;0;0;0;0;2825;0;0;89;0;80;0;
18999;5449650;1009606656;21729280;1116065792;0;0;0;0;0;0;0;0;0;0;0;3587;0;0;89;0;80;0;
19000;4319972;1009606656;21729280;1116065792;0;0;0;0;0;0;0;0;0;0;0;3677;0;0;89;0;80;0;
19001;6783852;1009606656;21729280;1116065792;0;0;0;0;0;0;0;0;0;0;0;4389;0;0;89;0;80;0;
19002;4419398;1009606656;21729280;1116065792;0;0;0;0;0;0;0;0;0;0;0;3947;0;0;89;0;80;0;
19003;6586783;1009606656;21729280;1116065792;0;0;0;0;0;0;0;0;0;0;0;3807;0;0;89;0;80;0;
19004;5022509;1009606656;21729280;1116065792;0;0;0;0;0;0;0;0;0;0;0;3577;0;0;89;0;80;0;
19005;5542424;1009606656;21729280;1116065792;0;0;0;0;0;0;0;0;0;0;0;2385;0;0;89;0;80;0;
19006;3929699;1009606656;21729280;1116065792;0;0;0;0;0;0;0;0;0;0;0;2885;0;0;89;0;80;0;
19007;4787388;1009606656;21729280;1116065792;0;0;0;0;0;0;0;0;0;0;0;2314;0;0;89;0;80;0;
19008;5729405;1009606656;21729280;1116065792;0;0;0;0;0;0;0;0;0;0;0;3326;0;0;89;0;80;0;
19009;5394968;1009606656;21729280;1116065792;0;0;0;0;0;0;0;0;0;0;0;2454;0;0;89;0;80;0;
19010;5910354;1009606656;21729280;1116065792;0;0;0;0;0;0;0;0;0;0;0;3356;0;0;89;0;80;0;
19011;5857125;1009606656;21729280;1116065792;0;0;0;0;0;0;0;0;0;0;0;4308;0;0;89;0;80;0;
19012;4320372;1009606656;21729280;1116065792;0;0;0;0;0;0;0;0;0;0;0;4178;0;0;89;0;80;0;
19013;6285899;1009606656;21729280;1116065792;0;0;0;0;0;0;0;0;0;0;0;3476;0;0;89;0;80;0;
19014;5352027;1009606656;21729280;1116065792;0;0;0;0;0;0;0;0;0;0;0;3517;0;0;89;0;80;0;
19015;6280969;1009606656;21729280;1116065792;0;0;0;0;0;0;0;0;0;0;0;3287;0;0;89;0;80;0;
19016;6573779;1009606656;21729280;1116065792;0;0;0;0;0;0;0;0;0;0;0;3677;0;0;89;0;80;0;
19017;6171354;1009606656;21729280;1116065792;0;0;0;0;0;0;0;0;0;0;0;2905;0;0;89;0;80;0;
19018;5066792;1009606656;21729280;1116065792;0;0;0;0;0;0;0;0;0;0;0;3656;0;0;89;0;80;0;
19019;6877458;1009606656;21729280;1116065792;0;0;0;0;0;0;0;0;0;0;0;2355;0;0;89;0;80;0;
19020;3988149;1009606656;21729280;1116065792;0;0;0;0;0;0;0;0;0;0;0;3527;0;0;89;0;80;0;
19021;6799212;1009606656;21729280;1116065792;0;0;0;0;0;0;0;0;0;0;0;2524;0;0;89;0;80;0;
19022;4701958;1009606656;21729280;1116065792;0;0;0;0;0;0;0;0;0;0;0;2785;0;0;89;0;80;0;
19023;6051790;1009606656;21729280;1116065792;0;0;0;0;0;0;0;0;0;0;0;3186;0;0;89;0;80;0;
19024;4298341;1009606656;21729280;1116065792;0;0;0;0;0;0;0;0;0;0;0;3477;0;0;89;0;80;0;
19025;5492320;1009606656;21729280;1116065792;0;0;0;0;0;0;0;0;0;0;0;72085;0;0;89;0;80;0;
19026;4610867;1009606656;21729280;1116065792;0;0;0;0;0;0;0;0;0;0;0;3036;0;0;89;0;80;0;
19027;5875980;1009606656;21729280;1116065792;0;0;0;0;0;0;0;0;0;0;0;3316;0;0;89;0;80;0;
19028;3892580;1009606656;21729280;1116065792;0;0;0;0;0;0;0;0;0;0;0;3296;0;0;89;0;80;0;
19029;6449666;1009606656;21729280;1116065792;0;0;0;0;0;0;0;0;0;0;0;3977;0;0;89;0;80;0;
19030;4056047;1009606656;21729280;1116065792;0;0;0;0;0;0;0;0;0;0;0;3647;0;0;89;0;80;0;
19031;5634186;1009606656;21729280;1116065792;0;0;0;0;0;0;0;0;0;0;0;3367;0;0;89;0;80;0;
19032;4632818;1009606656;21729280;1116065792;0;0;0;0;0;0;0;0;0;0;0;3246;0;0;89;0;80;0;
19033;6167787;1009606656;21729280;1116065792;0;0;0;0;0;0;0;0;0;0;0;4929;0;0;89;0;80;0;
19034;5396400;1009606656;21729280;1116065792;0;0;0;0;0;0;0;0;0;0;0;3818;0;0;89;0;80;0;
19035;6431752;1009606656;21729280;1116065792;0;0;0;0;0;0;0;0;0;0;0;3236;0;0;89;0;80;0;
19036;5154567;1009606656;21729280;1116065792;0;0;0;0;0;0;0;0;0;0;0;3868;0;0;89;0;80;0;
19037;5831897;1009606656;21729280;1116065792;0;0;0;0;0;0;0;0;0;0;0;3537;0;0;89;0;80;0;
19038;5287857;1009606656;21729280;1116065792;0;0;0;0;0;0;0;0;0;0;0;4048;0;0;89;0;80;0;
19039;6321986;1009606656;21729280;1116065792;0;0;0;0;0;0;0;0;0;0;0;3667;0;0;89;0;80;0;
19040;5882472;1009606656;21729280;1116065792;0;0;0;0;0;0;0;0;0;0;0;4078;0;0;89;0;80;0;
19041;6257515;1009606656;21729280;1116065792;0;0;0;0;0;0;0;0;0;0;0;3768;0;0;89;0;80;0;
19042;3858015;1009606656;21729280;1116065792;0;0;0;0;0;0;0;0;0;0;0;3977;0;0;89;0;80;0;
19043;6426242;1009606656;21729280;1116065792;0;0;0;0;0;0;0;0;0;0;0;3076;0;0;89;0;80;0;
19044;6062760;1009606656;21729280;1116065792;0;0;0;0;0;0;0;0;0;0;0;3657;0;0;89;0;80;0;
19045;5797944;1009606656;21729280;1116065792;0;0;0;0;0;0;0;0;0;0;0;2925;0;0;89;0;80;0;
19046;4528062;1009606656;21729280;1116065792;0;0;0;0;0;0;0;0;0;0;0;3467;0;0;89;0;80;0;
19047;6975692;1009606656;21729280;1116065792;0;0;0;0;0;0;0;0;0;0;0;3847;0;0;89;0;80;0;
19048;3853046;1009606656;21729280;1116065792;0;0;0;0;0;0;0;0;0;0;0;3226;0;0;89;0;80;0;
19049;6051088;1009606656;21729280;1116065792;0;0;0;0;0;0;0;0;0;0;0;3066;0;0;89;0;80;0;
19050;4620114;1009606656;21729280;1116065792;0;0;0;0;0;0;0;0;0;0;0;3046;0;0;89;0;80;0;
19051;5177580;1009606656;21729280;1116065792;0;0;0;0;0;0;0;0;0;0;0;3066;0;0;89;0;80;0;
19052;5050381;1009606656;21729280;1116065792;0;0;0;0;0;0;0;0;0;0;0;2945;0;0;89;0;80;0;
19053;6272333;1009606656;21729280;1116065792;0;0;0;0;0;0;0;0;0;0;0;3016;0;0;89;0;80;0;
19054;3736958;1009606656;21729280;1116065792;0;0;0;0;0;0;0;0;0;0;0;3596;0;0;89;0;80;0;
19055;5150830;1009606656;21729280;1116065792;0;0;0;0;0;0;0;0;0;0;0;3416;0;0;89;0;80;0;
19056;3338591;1009606656;21729280;1116065792;0;0;0;0;0;0;0;0;0;0;0;3276;0;0;89;0;80;0;
19057;5095316;1009606656;21729280;1116065792;0;0;0;0;0;0;0;0;0;0;0;2144;0;0;89;0;80;0;
19058;3368647;1009606656;21729280;1116065792;0;0;0;0;0;0;0;0;0;0;0;2865;0;0;89;0;80;0;
19059;5801020;1009606656;21729280;1116065792;0;0;0;0;0;0;0;0;0;0;0;3837;0;0;89;0;80;0;
19060;3840222;1009606656;21729280;1116065792;0;0;0;0;0;0;0;0;0;0;0;3627;0;0;89;0;80;0;
19061;5926935;1009606656;21729280;1116065792;0;0;0;0;0;0;0;0;0;0;0;4018;0;0;89;0;80;0;
19062;3126604;1009606656;21729280;1116065792;0;0;0;0;0;0;0;0;0;0;0;3176;0;0;89;0;80;0;
19063;5002892;1009606656;21729280;1116065792;0;0;0;0;0;0;0;0;0;0;0;3176;0;0;89;0;80;0;
19064;4254749;1009606656;21729280;1116065792;0;0;0;0;0;0;0;0;0;0;0;2906;0;0;89;0;80;0;
19065;5973713;1009606656;21729280;1116065792;0;0;0;0;0;0;0;0;0;0;0;2054;0;0;89;0;80;0;
19066;2712297;1009606656;21729280;1116065792;0;0;0;0;0;0;0;0;0;0;0;2565;0;0;89;0;80;0;
19067;5427558;1009606656;21729280;1116065792;0;0;0;0;0;0;0;0;0;0;0;2255;0;0;89;0;80;0;
19068;11450003;1009606656;21729280;1116065792;0;0;0;0;0;0;0;0;0;0;0;2736;0;0;89;0;80;0;
19069;5888323;1009606656;21729280;1116065792;0;0;0;0;0;0;0;0;0;0;0;1984;0;0;89;0;80;0;
19070;4014919;1009606656;21729280;1116065792;0;0;0;0;0;0;0;0;0;0;0;3036;0;0;89;0;80;0;
19071;4924495;1009606656;21729280;1116065792;0;0;0;0;0;0;0;0;0;0;0;2004;0;0;89;0;80;0;
19072;4302469;1009606656;21729280;1116065792;0;0;0;0;0;0;0;0;0;0;0;2795;0;0;89;0;80;0;
19073;6956987;1009606656;21729280;1116065792;0;0;0;0;0;0;0;0;0;0;0;1874;0;0;89;0;80;0;
19074;4732956;1009606656;21729280;1116065792;0;0;0;0;0;0;0;0;0;0;0;3446;0;0;89;0;80;0;
19075;4926369;1009606656;21729280;1116065792;0;0;0;0;0;0;0;0;0;0;0;2304;0;0;89;0;80;0;
19076;3657660;1009606656;21729280;1116065792;0;0;0;0;0;0;0;0;0;0;0;4839;0;0;89;0;80;0;
19077;5983973;1009606656;21729280;1116065792;0;0;0;0;0;0;0;0;0;0;0;5060;0;0;89;0;80;0;
19078;5620009;1009606656;21729280;1116065792;0;0;0;0;0;0;0;0;0;0;0;5260;0;0;89;0;80;0;
19079;6002367;1009606656;21729280;1116065792;0;0;0;0;0;0;0;0;0;0;0;4939;0;0;89;0;80;0;
19080;5810728;1009606656;21729280;1116065792;0;0;0;0;0;0;0;0;0;0;0;3747;0;0;89;0;80;0;
19081;6362793;1009606656;21729280;1116065792;0;0;0;0;0;0;0;0;0;0;0;4428;0;0;89;0;80;0;
19082;5954066;1009606656;21729280;1116065792;0;0;0;0;0;0;0;0;0;0;0;4328;0;0;89;0;80;0;
19083;6180451;1009606656;21729280;1116065792;0;0;0;0;0;0;0;0;0;0;0;3246;0;0;89;0;80;0;
19084;5578171;1009606656;21729280;1116065792;0;0;0;0;0;0;0;0;0;0;0;5290;0;0;89;0;80;0;
19085;6841030;1009606656;21729280;1116065792;0;0;0;0;0;0;0;0;0;0;0;4960;0;0;89;0;80;0;
19086;5079205;1009606656;21729280;1116065792;0;0;0;0;0;0;0;0;0;0;0;4268;0;0;89;0;80;0;
19087;5385991;1009606656;21729280;1116065792;0;0;0;0;0;0;0;0;0;0;0;2565;0;0;89;0;80;0;
19088;6064944;1009606656;21729280;1116065792;0;0;0;0;0;0;0;0;0;0;0;5230;0;0;89;0;80;0;
19089;6635093;1009606656;21729280;1116065792;0;0;0;0;0;0;0;0;0;0;0;4469;0;0;89;0;80;0;
19090;4315494;1009606656;21729280;1116065792;0;0;0;0;0;0;0;0;0;0;0;3387;0;0;89;0;80;0;
19091;5296413;1009606656;21729280;1116065792;0;0;0;0;0;0;0;0;0;0;0;2775;0;0;89;0;80;0;
19092;4655170;1009606656;21729280;1116065792;0;0;0;0;0;0;0;0;0;0;0;3216;0;0;89;0;80;0;
19093;5659544;1009606656;21729280;1116065792;0;0;0;0;0;0;0;0;0;0;0;2345;0;0;89;0;80;0;
19094;5238444;1009606656;21729280;1116065792;0;0;0;0;0;0;0;0;0;0;0;2876;0;0;89;0;80;0;
19095;5892991;1009606656;21729280;1116065792;0;0;0;0;0;0;0;0;0;0;0;2214;0;0;89;0;80;0;
19096;6130016;1009606656;21729280;1116065792;0;0;0;0;0;0;0;0;0;0;0;4959;0;0;89;0;80;0;
19097;7546834;1009606656;21729280;1116065792;0;0;0;0;0;0;0;0;0;0;0;4178;0;0;89;0;80;0;
19098;4872328;1009606656;21729280;1116065792;0;0;0;0;0;0;0;0;0;0;0;4418;0;0;89;0;80;0;
19099;6988616;1009606656;21729280;1116065792;0;0;0;0;0;0;0;0;0;0;0;4779;0;0;89;0;80;0;
19100;4360096;1009606656;21729280;1116065792;0;0;0;0;0;0;0;0;0;0;0;3226;0;0;89;0;80;0;
19101;5331328;1009606656;21729280;1116065792;0;0;0;0;0;0;0;0;0;0;0;3436;0;0;89;0;80;0;
19102;4264628;1009606656;21729280;1116065792;0;0;0;0;0;0;0;0;0;0;0;4248;0;0;89;0;80;0;
19103;7449611;1009606656;21729280;1116065792;0;0;0;0;0;0;0;0;0;0;0;2324;0;0;89;0;80;0;
19104;9113141;1009606656;21729280;1116065792;0;0;0;0;0;0;0;0;0;0;0;3317;0;0;89;0;80;0;
19105;5044000;1009606656;21729280;1116065792;0;0;0;0;0;0;0;0;0;0;0;2245;0;0;89;0;80;0;
19106;4420049;1009606656;21729280;1116065792;0;0;0;0;0;0;0;0;0;0;0;3617;0;0;89;0;80;0;
19107;5412631;1009606656;21729280;1116065792;0;0;0;0;0;0;0;0;0;0;0;2425;0;0;89;0;80;0;
19108;3143375;1009606656;21729280;1116065792;0;0;0;0;0;0;0;0;0;0;0;2735;0;0;89;0;80;0;
19109;4815040;1009606656;21729280;1116065792;0;0;0;0;0;0;0;0;0;0;0;2024;0;0;89;0;80;0;
19110;5374499;1009606656;21729280;1116065792;0;0;0;0;0;0;0;0;0;0;0;4338;0;0;89;0;80;0;
19111;5679571;1009606656;21729280;1116065792;0;0;0;0;0;0;0;0;0;0;0;4088;0;0;89;0;80;0;
19112;5485508;1009606656;21729280;1116065792;0;0;0;0;0;0;0;0;0;0;0;4578;0;0;89;0;80;0;
19113;6055998;1009606656;21729280;1116065792;0;0;0;0;0;0;0;0;0;0;0;3627;0;0;89;0;80;0;
19114;7620681;1009606656;21729280;1116065792;0;0;0;0;0;0;0;0;0;0;0;4809;0;0;89;0;80;0;
19115;6657135;1012776960;28344320;1122680832;0;0;0;0;0;0;0;0;0;0;0;4007;0;0;89;0;80;0;
19116;5668631;1012776960;28344320;1122680832;0;0;0;0;0;0;0;0;0;0;0;3667;0;0;89;0;80;0;
19117;6139915;1015955456;28344320;1122680832;0;0;0;0;0;0;0;0;0;0;0;3046;0;0;89;0;80;0;
19118;5988641;1015955456;28344320;1122680832;0;0;0;0;0;0;0;0;0;0;0;3557;0;0;89;0;80;0;
19119;5549026;1015955456;28344320;1122680832;0;0;0;0;0;0;0;0;0;0;0;3887;0;0;89;0;80;0;
19120;5245648;1015955456;28344320;1122680832;0;0;0;0;0;0;0;0;0;0;0;3797;0;0;89;0;80;0;
19121;6703211;1015955456;28344320;1122680832;0;0;0;0;0;0;0;0;0;0;0;4138;0;0;89;0;80;0;
19122;5147473;1008623616;18718720;1113055232;0;0;0;0;0;0;0;0;0;0;0;3727;0;0;89;0;80;0;
19123;5984123;1008623616;18718720;1113055232;0;0;0;0;0;0;0;0;0;0;0;3637;0;0;89;0;80;0;
19124;4646654;1008623616;18718720;1113055232;0;0;0;0;0;0;0;0;0;0;0;4058;0;0;89;0;80;0;
19125;6497034;1008623616;18718720;1113055232;0;0;0;0;0;0;0;0;0;0;0;3787;0;0;89;0;80;0;
19126;6285057;1008623616;18718720;1113055232;0;0;0;0;0;0;0;0;0;0;0;4138;0;0;89;0;80;0;
19127;6566445;1008623616;18718720;1113055232;0;0;0;0;0;0;0;0;0;0;0;4599;0;0;89;0;80;0;
19128;4799270;1008623616;18718720;1113055232;0;0;0;0;0;0;0;0;0;0;0;4559;0;0;89;0;80;0;
19129;6066548;1008623616;18718720;1113055232;0;0;0;0;0;0;0;0;0;0;0;3256;0;0;89;0;80;0;
19130;4476405;1008623616;18718720;1113055232;0;0;0;0;0;0;0;0;0;0;0;3957;0;0;89;0;80;0;
19131;6890573;1008623616;18718720;1113055232;0;0;0;0;0;0;0;0;0;0;0;3446;0;0;89;0;80;0;
19132;7497972;1008623616;18718720;1113055232;0;0;0;0;0;0;0;0;0;0;0;3837;0;0;89;0;80;0;
19133;7250538;1008623616;18718720;1113055232;0;0;0;0;0;0;0;0;0;0;0;3667;0;0;89;0;80;0;
19134;6929425;1008623616;18718720;1113055232;0;0;0;0;0;0;0;0;0;0;0;4969;0;0;89;0;80;0;
19135;6539003;1008623616;18718720;1113055232;0;0;0;0;0;0;0;0;0;0;0;4198;0;0;89;0;80;0;
19136;6764887;1008623616;18718720;1113055232;0;0;0;0;0;0;0;0;0;0;0;4007;0;0;89;0;80;0;
19137;7602678;1008623616;18718720;1113055232;0;0;0;0;0;0;0;0;0;0;0;3306;0;0;89;0;80;0;
19138;4671581;1008623616;18718720;1113055232;0;0;0;0;0;0;0;0;0;0;0;3857;0;0;89;0;80;0;
19139;7082472;1011793920;28344320;1122680832;0;0;0;0;0;0;0;0;0;0;0;3637;0;0;89;0;80;0;
19140;4546376;1011793920;28344320;1122680832;0;0;0;0;0;0;0;0;0;0;0;3627;0;0;89;0;80;0;
19141;5603408;1015988224;28344320;1122680832;0;0;0;0;0;0;0;0;0;0;0;3927;0;0;89;0;80;0;
19142;5242191;1015988224;28344320;1122680832;0;0;0;0;0;0;0;0;0;0;0;3456;0;0;89;0;80;0;
19143;6167316;1015988224;28344320;1122680832;0;0;0;0;0;0;0;0;0;0;0;2195;0;0;89;0;80;0;
19144;4708039;1015988224;28344320;1122680832;0;0;0;0;0;0;0;0;0;0;0;3997;0;0;89;0;80;0;
19145;5660887;1015988224;28344320;1122680832;0;0;0;0;0;0;0;0;0;0;0;3296;0;0;89;0;80;0;
19146;7584694;1009606656;21729280;1116065792;0;0;0;0;0;0;0;0;0;0;0;5581;0;0;89;0;80;0;
19147;7856824;1009606656;21729280;1116065792;0;0;0;0;0;0;0;0;0;0;0;4518;0;0;89;0;80;0;
19148;7213949;1009606656;21729280;1116065792;0;0;0;0;0;0;0;0;0;0;0;3957;0;0;89;0;80;0;
19149;6226987;1009606656;21729280;1116065792;0;0;0;0;0;0;0;0;0;0;0;3527;0;0;89;0;80;0;
19150;6625525;1009606656;21729280;1116065792;0;0;0;0;0;0;0;0;0;0;0;4889;0;0;89;0;80;0;
19151;6616278;1009606656;21729280;1116065792;0;0;0;0;0;0;0;0;0;0;0;4408;0;0;89;0;80;0;
19152;7088383;1009606656;21729280;1116065792;0;0;0;0;0;0;0;0;0;0;0;3687;0;0;89;0;80;0;
19153;6089770;1009606656;21729280;1116065792;0;0;0;0;0;0;0;0;0;0;0;2735;0;0;89;0;80;0;
19154;3496226;1009606656;21729280;1116065792;0;0;0;0;0;0;0;0;0;0;0;3437;0;0;89;0;80;0;
19155;5624989;1009606656;21729280;1116065792;0;0;0;0;0;0;0;0;0;0;0;2445;0;0;89;0;80;0;
19156;3266246;1009606656;21729280;1116065792;0;0;0;0;0;0;0;0;0;0;0;3707;0;0;89;0;80;0;
19157;6806054;1009606656;21729280;1116065792;0;0;0;0;0;0;0;0;0;0;0;4329;0;0;89;0;80;0;
19158;5917127;1009606656;21729280;1116065792;0;0;0;0;0;0;0;0;0;0;0;5050;0;0;89;0;80;0;
19159;5901397;1009606656;21729280;1116065792;0;0;0;0;0;0;0;0;0;0;0;4428;0;0;89;0;80;0;
19160;5831637;1009606656;21729280;1116065792;0;0;0;0;0;0;0;0;0;0;0;4338;0;0;89;0;80;0;
19161;6954522;1009606656;21729280;1116065792;0;0;0;0;0;0;0;0;0;0;0;3727;0;0;89;0;80;0;
19162;7273812;1009606656;21729280;1116065792;0;0;0;0;0;0;0;0;0;0;0;3988;0;0;89;0;80;0;
19163;6312048;1012776960;28344320;1122680832;0;0;0;0;0;0;0;0;0;0;0;4508;0;0;89;0;80;0;
19164;6410502;1012776960;28344320;1122680832;0;0;0;0;0;0;0;0;0;0;0;4198;0;0;89;0;80;0;
19165;6968258;1015955456;28344320;1122680832;0;0;0;0;0;0;0;0;0;0;0;3717;0;0;89;0;80;0;
19166;4747353;1015955456;28344320;1122680832;0;0;0;0;0;0;0;0;0;0;0;3416;0;0;89;0;80;0;
19167;6389603;1015955456;28344320;1122680832;0;0;0;0;0;0;0;0;0;0;0;2484;0;0;89;0;80;0;
19168;4979439;1015955456;28344320;1122680832;0;0;0;0;0;0;0;0;0;0;0;3998;0;0;89;0;80;0;
19169;7650137;1015955456;28344320;1122680832;0;0;0;0;0;0;0;0;0;0;0;3267;0;0;89;0;80;0;
19170;4362762;1008640000;18718720;1113055232;0;0;0;0;0;0;0;0;0;0;0;2525;0;0;89;0;80;0;
19171;5670544;1008640000;18718720;1113055232;0;0;0;0;0;0;0;0;0;0;0;2575;0;0;89;0;80;0;
19172;8601982;1008640000;18718720;1113055232;0;0;0;0;0;0;0;0;0;0;0;4849;0;0;89;0;80;0;
19173;8253699;1008640000;18718720;1113055232;0;0;0;0;0;0;0;0;0;0;0;4629;0;0;89;0;80;0;
19174;4646243;1008640000;18718720;1113055232;0;0;0;0;0;0;0;0;0;0;0;3888;0;0;89;0;80;0;
19175;5426036;1008640000;18718720;1113055232;0;0;0;0;0;0;0;0;0;0;0;4047;0;0;89;0;80;0;
19176;4064533;1008640000;18718720;1113055232;0;0;0;0;0;0;0;0;0;0;0;2906;0;0;89;0;80;0;
19177;5467253;1008640000;18718720;1113055232;0;0;0;0;0;0;0;0;0;0;0;2584;0;0;89;0;80;0;
19178;5057735;1008640000;18718720;1113055232;0;0;0;0;0;0;0;0;0;0;0;3998;0;0;89;0;80;0;
19179;5590464;1008640000;18718720;1113055232;0;0;0;0;0;0;0;0;0;0;0;2355;0;0;89;0;80;0;
19180;6820691;1008640000;18718720;1113055232;0;0;0;0;0;0;0;0;0;0;0;3537;0;0;89;0;80;0;
19181;6511882;1008640000;18718720;1113055232;0;0;0;0;0;0;0;0;0;0;0;3226;0;0;89;0;80;0;
19182;5872573;1008640000;18718720;1113055232;0;0;0;0;0;0;0;0;0;0;0;3737;0;0;89;0;80;0;
19183;6757303;1008640000;18718720;1113055232;0;0;0;0;0;0;0;0;0;0;0;4499;0;0;89;0;80;0;
19184;6373112;1008640000;18718720;1113055232;0;0;0;0;0;0;0;0;0;0;0;3978;0;0;89;0;80;0;
19185;7644416;1008640000;18718720;1113055232;0;0;0;0;0;0;0;0;0;0;0;3858;0;0;89;0;80;0;
19186;5511567;1008640000;18718720;1113055232;0;0;0;0;0;0;0;0;0;0;0;4538;0;0;89;0;80;0;
19187;6849445;1011810304;28344320;1122680832;0;0;0;0;0;0;0;0;0;0;0;4097;0;0;89;0;80;0;
19188;4052059;1011810304;28344320;1122680832;0;0;0;0;0;0;0;0;0;0;0;3085;0;0;89;0;80;0;
19189;5954166;1016004608;28344320;1122680832;0;0;0;0;0;0;0;0;0;0;0;2144;0;0;89;0;80;0;
19190;3738190;1016004608;28344320;1122680832;0;0;0;0;0;0;0;0;0;0;0;3466;0;0;89;0;80;0;
19191;5977240;1016004608;28344320;1122680832;0;0;0;0;0;0;0;0;0;0;0;3266;0;0;89;0;80;0;
19192;5020175;1016004608;28344320;1122680832;0;0;0;0;0;0;0;0;0;0;0;3286;0;0;89;0;80;0;
19193;5707885;1016004608;28344320;1122680832;0;0;0;0;0;0;0;0;0;0;0;2385;0;0;89;0;80;0;
19194;4591731;1009606656;21729280;1116065792;0;0;0;0;0;0;0;0;0;0;0;3557;0;0;89;0;80;0;
19195;7305811;1009606656;21729280;1116065792;0;0;0;0;0;0;0;0;0;0;0;3977;0;0;89;0;80;0;
19196;3933627;1009606656;21729280;1116065792;0;0;0;0;0;0;0;0;0;0;0;3687;0;0;89;0;80;0;
19197;4990699;1009606656;21729280;1116065792;0;0;0;0;0;0;0;0;0;0;0;3637;0;0;89;0;80;0;
19198;5201084;1009606656;21729280;1116065792;0;0;0;0;0;0;0;0;0;0;0;3988;0;0;89;0;80;0;
19199;5597257;1009606656;21729280;1116065792;0;0;0;0;0;0;0;0;0;0;0;3105;0;0;89;0;80;0;
19200;5749994;1009606656;21729280;1116065792;0;0;0;0;0;0;0;0;0;0;0;3597;0;0;89;0;80;0;
19201;6128664;1009606656;21729280;1116065792;0;0;0;0;0;0;0;0;0;0;0;9809;0;0;89;0;80;0;
19202;3570145;1009606656;21729280;1116065792;0;0;0;0;0;0;0;0;0;0;0;3657;0;0;89;0;80;0;
19203;4880362;1009606656;21729280;1116065792;0;0;0;0;0;0;0;0;0;0;0;3777;0;0;89;0;80;0;
19204;4925918;1009606656;21729280;1116065792;0;0;0;0;0;0;0;0;0;0;0;4308;0;0;89;0;80;0;
19205;5889866;1009606656;21729280;1116065792;0;0;0;0;0;0;0;0;0;0;0;3236;0;0;89;0;80;0;
19206;4462489;1009606656;21729280;1116065792;0;0;0;0;0;0;0;0;0;0;0;3907;0;0;89;0;80;0;
19207;7031847;1009606656;21729280;1116065792;0;0;0;0;0;0;0;0;0;0;0;4017;0;0;89;0;80;0;
19208;5062805;1009606656;21729280;1116065792;0;0;0;0;0;0;0;0;0;0;0;4388;0;0;89;0;80;0;
19209;6670109;1009606656;21729280;1116065792;0;0;0;0;0;0;0;0;0;0;0;4448;0;0;89;0;80;0;
19210;6042292;1009606656;21729280;1116065792;0;0;0;0;0;0;0;0;0;0;0;4088;0;0;89;0;80;0;
19211;7203450;1009606656;21729280;1116065792;0;0;0;0;0;0;0;0;0;0;0;4168;0;0;89;0;80;0;
19212;4533091;1009606656;21729280;1116065792;0;0;0;0;0;0;0;0;0;0;0;3347;0;0;89;0;80;0;
19213;6263477;1009606656;21729280;1116065792;0;0;0;0;0;0;0;0;0;0;0;2294;0;0;89;0;80;0;
19214;3502328;1009606656;21729280;1116065792;0;0;0;0;0;0;0;0;0;0;0;4368;0;0;89;0;80;0;
19215;6849045;1009606656;21729280;1116065792;0;0;0;0;0;0;0;0;0;0;0;4969;0;0;89;0;80;0;
19216;4402486;1009606656;21729280;1116065792;0;0;0;0;0;0;0;0;0;0;0;2535;0;0;89;0;80;0;
19217;5631932;1009606656;21729280;1116065792;0;0;0;0;0;0;0;0;0;0;0;3086;0;0;89;0;80;0;
19218;6109948;1009606656;21729280;1116065792;0;0;0;0;0;0;0;0;0;0;0;3737;0;0;89;0;80;0;
19219;5868486;1009606656;21729280;1116065792;0;0;0;0;0;0;0;0;0;0;0;4889;0;0;89;0;80;0;
19220;5312894;1009606656;21729280;1116065792;0;0;0;0;0;0;0;0;0;0;0;3336;0;0;89;0;80;0;
19221;5146922;1009606656;21729280;1116065792;0;0;0;0;0;0;0;0;0;0;0;3146;0;0;89;0;80;0;
19222;5435905;1009606656;21729280;1116065792;0;0;0;0;0;0;0;0;0;0;0;3176;0;0;89;0;80;0;
19223;5255156;1009606656;21729280;1116065792;0;0;0;0;0;0;0;0;0;0;0;2655;0;0;89;0;80;0;
19224;4923664;1009606656;21729280;1116065792;0;0;0;0;0;0;0;0;0;0;0;4207;0;0;89;0;80;0;
19225;6021663;1009606656;21729280;1116065792;0;0;0;0;0;0;0;0;0;0;0;5119;0;0;89;0;80;0;
19226;5455761;1009606656;21729280;1116065792;0;0;0;0;0;0;0;0;0;0;0;4438;0;0;89;0;80;0;
19227;4778481;1009606656;21729280;1116065792;0;0;0;0;0;0;0;0;0;0;0;2665;0;0;89;0;80;0;
19228;4962326;1009606656;21729280;1116065792;0;0;0;0;0;0;0;0;0;0;0;3256;0;0;89;0;80;0;
19229;5043178;1009606656;21729280;1116065792;0;0;0;0;0;0;0;0;0;0;0;2254;0;0;89;0;80;0;
19230;4077977;1009606656;21729280;1116065792;0;0;0;0;0;0;0;0;0;0;0;2866;0;0;89;0;80;0;
19231;5598480;1009606656;21729280;1116065792;0;0;0;0;0;0;0;0;0;0;0;2405;0;0;89;0;80;0;
19232;4151836;1009606656;21729280;1116065792;0;0;0;0;0;0;0;0;0;0;0;3467;0;0;89;0;80;0;
19233;5095396;1009606656;21729280;1116065792;0;0;0;0;0;0;0;0;0;0;0;2525;0;0;89;0;80;0;
19234;4110298;1009606656;21729280;1116065792;0;0;0;0;0;0;0;0;0;0;0;3186;0;0;89;0;80;0;
19235;5074287;1009606656;21729280;1116065792;0;0;0;0;0;0;0;0;0;0;0;2244;0;0;89;0;80;0;
19236;3743139;1009606656;21729280;1116065792;0;0;0;0;0;0;0;0;0;0;0;2394;0;0;89;0;80;0;
19237;6069192;1009606656;21729280;1116065792;0;0;0;0;0;0;0;0;0;0;0;2054;0;0;89;0;80;0;
19238;3989733;1009606656;21729280;1116065792;0;0;0;0;0;0;0;0;0;0;0;2715;0;0;89;0;80;0;
19239;4830740;1009606656;21729280;1116065792;0;0;0;0;0;0;0;0;0;0;0;1914;0;0;89;0;80;0;
19240;3835253;1009606656;21729280;1116065792;0;0;0;0;0;0;0;0;0;0;0;2214;0;0;89;0;80;0;
19241;4585690;1009606656;21729280;1116065792;0;0;0;0;0;0;0;0;0;0;0;2224;0;0;89;0;80;0;
19242;4470143;1009606656;21729280;1116065792;0;0;0;0;0;0;0;0;0;0;0;2875;0;0;89;0;80;0;
19243;4895210;1009606656;21729280;1116065792;0;0;0;0;0;0;0;0;0;0;0;2134;0;0;89;0;80;0;
19244;2821922;1009606656;21729280;1116065792;0;0;0;0;0;0;0;0;0;0;0;2334;0;0;89;0;80;0;
19245;4826571;1009606656;21729280;1116065792;0;0;0;0;0;0;0;0;0;0;0;2515;0;0;89;0;80;0;
19246;4405803;1009606656;21729280;1116065792;0;0;0;0;0;0;0;0;0;0;0;2915;0;0;89;0;80;0;
19247;6820661;1009606656;21729280;1116065792;0;0;0;0;0;0;0;0;0;0;0;2795;0;0;89;0;80;0;
19248;3275763;1009606656;21729280;1116065792;0;0;0;0;0;0;0;0;0;0;0;2655;0;0;89;0;80;0;
19249;5161400;1009606656;21729280;1116065792;0;0;0;0;0;0;0;0;0;0;0;2274;0;0;89;0;80;0;
19250;4518524;1009606656;21729280;1116065792;0;0;0;0;0;0;0;0;0;0;0;2815;0;0;89;0;80;0;
19251;5667709;1009606656;21729280;1116065792;0;0;0;0;0;0;0;0;0;0;0;2404;0;0;89;0;80;0;
19252;3333351;1009606656;21729280;1116065792;0;0;0;0;0;0;0;0;0;0;0;2454;0;0;89;0;80;0;
19253;6509087;1009606656;21729280;1116065792;0;0;0;0;0;0;0;0;0;0;0;2344;0;0;89;0;80;0;
19254;3570997;1009606656;21729280;1116065792;0;0;0;0;0;0;0;0;0;0;0;2956;0;0;89;0;80;0;
19255;5358599;1009606656;21729280;1116065792;0;0;0;0;0;0;0;0;0;0;0;2535;0;0;89;0;80;0;
19256;3814163;1009606656;21729280;1116065792;0;0;0;0;0;0;0;0;0;0;0;2945;0;0;89;0;80;0;
19257;4894829;1009606656;21729280;1116065792;0;0;0;0;0;0;0;0;0;0;0;2575;0;0;89;0;80;0;
19258;3327500;1009606656;21729280;1116065792;0;0;0;0;0;0;0;0;0;0;0;2675;0;0;89;0;80;0;
19259;5708936;1009606656;21729280;1116065792;0;0;0;0;0;0;0;0;0;0;0;2404;0;0;89;0;80;0;
19260;4291970;1009606656;21729280;1116065792;0;0;0;0;0;0;0;0;0;0;0;2755;0;0;89;0;80;0;
19261;4927491;1009606656;21729280;1116065792;0;0;0;0;0;0;0;0;0;0;0;2344;0;0;89;0;80;0;
19262;3623695;1009606656;21729280;1116065792;0;0;0;0;0;0;0;0;0;0;0;3036;0;0;89;0;80;0;
19263;5159937;1009606656;21729280;1116065792;0;0;0;0;0;0;0;0;0;0;0;2595;0;0;89;0;80;0;
19264;4335922;1009606656;21729280;1116065792;0;0;0;0;0;0;0;0;0;0;0;3176;0;0;89;0;80;0;
19265;5093893;1009606656;21729280;1116065792;0;0;0;0;0;0;0;0;0;0;0;2435;0;0;89;0;80;0;
19266;3816928;1009606656;21729280;1116065792;0;0;0;0;0;0;0;0;0;0;0;2665;0;0;89;0;80;0;
19267;5813272;1009606656;21729280;1116065792;0;0;0;0;0;0;0;0;0;0;0;2374;0;0;89;0;80;0;
19268;3703336;1009606656;21729280;1116065792;0;0;0;0;0;0;0;0;0;0;0;2725;0;0;89;0;80;0;
19269;6231656;1009606656;21729280;1116065792;0;0;0;0;0;0;0;0;0;0;0;2845;0;0;89;0;80;0;
19270;4040477;1009606656;21729280;1116065792;0;0;0;0;0;0;0;0;0;0;0;3366;0;0;89;0;80;0;
19271;6783932;1009606656;21729280;1116065792;0;0;0;0;0;0;0;0;0;0;0;2715;0;0;89;0;80;0;
19272;3616282;1009606656;21729280;1116065792;0;0;0;0;0;0;0;0;0;0;0;3257;0;0;89;0;80;0;
19273;5282937;1009606656;21729280;1116065792;0;0;0;0;0;0;0;0;0;0;0;2625;0;0;89;0;80;0;
19274;4157367;1009606656;21729280;1116065792;0;0;0;0;0;0;0;0;0;0;0;2535;0;0;89;0;80;0;
19275;6793120;1009606656;21729280;1116065792;0;0;0;0;0;0;0;0;0;0;0;2415;0;0;89;0;80;0;
19276;4006524;1009606656;21729280;1116065792;0;0;0;0;0;0;0;0;0;0;0;3005;0;0;89;0;80;0;
19277;6089691;1009606656;21729280;1116065792;0;0;0;0;0;0;0;0;0;0;0;5500;0;0;89;0;80;0;
19278;8174490;1009606656;21729280;1116065792;0;0;0;0;0;0;0;0;0;0;0;3997;0;0;89;0;80;0;
19279;5968012;1009606656;21729280;1116065792;0;0;0;0;0;0;0;0;0;0;0;3406;0;0;89;0;80;0;
19280;5298417;1009606656;21729280;1116065792;0;0;0;0;0;0;0;0;0;0;0;3787;0;0;89;0;80;0;
19281;5512789;1009606656;21729280;1116065792;0;0;0;0;0;0;0;0;0;0;0;3036;0;0;89;0;80;0;
19282;5302875;1009606656;21729280;1116065792;0;0;0;0;0;0;0;0;0;0;0;3577;0;0;89;0;80;0;
19283;11951854;1009606656;21729280;1116065792;0;0;0;0;0;0;0;0;0;0;0;3256;0;0;89;0;80;0;
19284;6292491;1009606656;21729280;1116065792;0;0;0;0;0;0;0;0;0;0;0;7064;0;0;89;0;80;0;
19285;5401931;1009606656;21729280;1116065792;0;0;0;0;0;0;0;0;0;0;0;2756;0;0;89;0;80;0;
19286;5852115;1009606656;21729280;1116065792;0;0;0;0;0;0;0;0;0;0;0;4388;0;0;89;0;80;0;
19287;7243384;1009606656;21729280;1116065792;0;0;0;0;0;0;0;0;0;0;0;2835;0;0;89;0;80;0;
19288;5413672;1009606656;21729280;1116065792;0;0;0;0;0;0;0;0;0;0;0;3466;0;0;89;0;80;0;
19289;6456188;1009606656;21729280;1116065792;0;0;0;0;0;0;0;0;0;0;0;3858;0;0;89;0;80;0;
19290;5251498;1009606656;21729280;1116065792;0;0;0;0;0;0;0;0;0;0;0;3547;0;0;89;0;80;0;
19291;5269242;1009606656;21729280;1116065792;0;0;0;0;0;0;0;0;0;0;0;4268;0;0;89;0;80;0;
19292;5693828;1009606656;21729280;1116065792;0;0;0;0;0;0;0;0;0;0;0;4138;0;0;89;0;80;0;
19293;8539575;1009606656;21729280;1116065792;0;0;0;0;0;0;0;0;0;0;0;5250;0;0;89;0;80;0;
19294;6019569;1009606656;21729280;1116065792;0;0;0;0;0;0;0;0;0;0;0;4007;0;0;89;0;80;0;
19295;6022324;1009606656;21729280;1116065792;0;0;0;0;0;0;0;0;0;0;0;4639;0;0;89;0;80;0;
19296;7129290;1009606656;21729280;1116065792;0;0;0;0;0;0;0;0;0;0;0;4498;0;0;89;0;80;0;
19297;5977219;1009606656;21729280;1116065792;0;0;0;0;0;0;0;0;0;0;0;4067;0;0;89;0;80;0;
19298;6036661;1009606656;21729280;1116065792;0;0;0;0;0;0;0;0;0;0;0;4449;0;0;89;0;80;0;
19299;6149362;1009606656;21729280;1116065792;0;0;0;0;0;0;0;0;0;0;0;2805;0;0;89;0;80;0;
19300;4726624;1009606656;21729280;1116065792;0;0;0;0;0;0;0;0;0;0;0;4378;0;0;89;0;80;0;
19301;5520854;1009606656;21729280;1116065792;0;0;0;0;0;0;0;0;0;0;0;2695;0;0;89;0;80;0;
19302;6329670;1009606656;21729280;1116065792;0;0;0;0;0;0;0;0;0;0;0;4749;0;0;89;0;80;0;
19303;5950910;1012776960;28344320;1122680832;0;0;0;0;0;0;0;0;0;0;0;3226;0;0;89;0;80;0;
19304;8736935;1012776960;28344320;1122680832;0;0;0;0;0;0;0;0;0;0;0;4128;0;0;89;0;80;0;
19305;6588396;1015955456;28344320;1122680832;0;0;0;0;0;0;0;0;0;0;0;3386;0;0;89;0;80;0;
19306;7064188;1015955456;28344320;1122680832;0;0;0;0;0;0;0;0;0;0;0;3636;0;0;89;0;80;0;
19307;6021042;1015955456;28344320;1122680832;0;0;0;0;0;0;0;0;0;0;0;3286;0;0;89;0;80;0;
19308;5508170;1015955456;28344320;1122680832;0;0;0;0;0;0;0;0;0;0;0;4498;0;0;89;0;80;0;
19309;7337811;1015955456;28344320;1122680832;0;0;0;0;0;0;0;0;0;0;0;3357;0;0;89;0;80;0;
19310;5116726;1008689152;18714624;1113051136;0;0;0;0;0;0;0;0;0;0;0;4197;0;0;89;0;80;0;
19311;5481279;1008689152;18714624;1113051136;0;0;0;0;0;0;0;0;0;0;0;3316;0;0;89;0;80;0;
19312;6500911;1008689152;18714624;1113051136;0;0;0;0;0;0;0;0;0;0;0;3807;0;0;89;0;80;0;
19313;5868545;1008689152;18714624;1113051136;0;0;0;0;0;0;0;0;0;0;0;4869;0;0;89;0;80;0;
19314;5825755;1008689152;18714624;1113051136;0;0;0;0;0;0;0;0;0;0;0;3367;0;0;89;0;80;0;
19315;5988961;1008689152;18714624;1113051136;0;0;0;0;0;0;0;0;0;0;0;3287;0;0;89;0;80;0;
19316;4680638;1008689152;18714624;1113051136;0;0;0;0;0;0;0;0;0;0;0;3997;0;0;89;0;80;0;
19317;7113821;1008689152;18714624;1113051136;0;0;0;0;0;0;0;0;0;0;0;3537;0;0;89;0;80;0;
19318;7676616;1008689152;18714624;1113051136;0;0;0;0;0;0;0;0;0;0;0;7164;0;0;89;0;80;0;
19319;5843118;1008689152;18714624;1113051136;0;0;0;0;0;0;0;0;0;0;0;4579;0;0;89;0;80;0;
19320;4757712;1008689152;18714624;1113051136;0;0;0;0;0;0;0;0;0;0;0;4659;0;0;89;0;80;0;
19321;5955268;1008689152;18714624;1113051136;0;0;0;0;0;0;0;0;0;0;0;3417;0;0;89;0;80;0;
19322;5337110;1008689152;18714624;1113051136;0;0;0;0;0;0;0;0;0;0;0;3667;0;0;89;0;80;0;
19323;6952048;1008689152;18714624;1113051136;0;0;0;0;0;0;0;0;0;0;0;3216;0;0;89;0;80;0;
19324;5531263;1008689152;18714624;1113051136;0;0;0;0;0;0;0;0;0;0;0;4117;0;0;89;0;80;0;
19325;5047716;1008689152;18714624;1113051136;0;0;0;0;0;0;0;0;0;0;0;3236;0;0;89;0;80;0;
19326;6012285;1008689152;18714624;1113051136;0;0;0;0;0;0;0;0;0;0;0;3957;0;0;89;0;80;0;
19327;6327046;1011859456;28340224;1122676736;0;0;0;0;0;0;0;0;0;0;0;3016;0;0;89;0;80;0;
19328;4232497;1011859456;28340224;1122676736;0;0;0;0;0;0;0;0;0;0;0;4349;0;0;89;0;80;0;
19329;6507444;1016053760;28340224;1122676736;0;0;0;0;0;0;0;0;0;0;0;4057;0;0;89;0;80;0;
19330;4314220;1016053760;28344320;1122680832;0;0;0;0;0;0;0;0;0;0;0;3327;0;0;89;0;80;0;
19331;4949532;1016053760;28344320;1122680832;0;0;0;0;0;0;0;0;0;0;0;2594;0;0;89;0;80;0;
19332;5033780;1016053760;28344320;1122680832;0;0;0;0;0;0;0;0;0;0;0;3036;0;0;89;0;80;0;
19333;4816182;1016053760;28344320;1122680832;0;0;0;0;0;0;0;0;0;0;0;2575;0;0;89;0;80;0;
19334;4711336;1009606656;21729280;1116065792;0;0;0;0;0;0;0;0;0;0;0;3727;0;0;89;0;80;0;
19335;5667839;1009606656;21729280;1116065792;0;0;0;0;0;0;0;0;0;0;0;3166;0;0;89;0;80;0;
19336;4813848;1009606656;21729280;1116065792;0;0;0;0;0;0;0;0;0;0;0;3386;0;0;89;0;80;0;
19337;4686819;1009606656;21729280;1116065792;0;0;0;0;0;0;0;0;0;0;0;2535;0;0;89;0;80;0;
19338;7139650;1009606656;21729280;1116065792;0;0;0;0;0;0;0;0;0;0;0;4188;0;0;89;0;80;0;
19339;6772822;1009606656;21733376;1116069888;0;0;0;0;0;0;0;0;0;0;0;3557;0;0;89;0;80;0;
19340;3608728;1009606656;21737472;1116073984;0;0;0;0;0;0;0;0;0;0;0;3196;0;0;89;0;80;0;
19341;4925307;1009606656;21737472;1116073984;0;0;0;0;0;0;0;0;0;0;0;2144;0;0;89;0;80;0;
19342;4700455;1009606656;21737472;1116073984;0;0;0;0;0;0;0;0;0;0;0;3125;0;0;89;0;80;0;
19343;5938677;1009606656;21737472;1116073984;0;0;0;0;0;0;0;0;0;0;0;3737;0;0;89;0;80;0;
19344;3130732;1009606656;21737472;1116073984;0;0;0;0;0;0;0;0;0;0;0;2775;0;0;89;0;80;0;
19345;4967877;1009606656;21737472;1116073984;0;0;0;0;0;0;0;0;0;0;0;1954;0;0;89;0;80;0;
19346;5338792;1009606656;21729280;1116065792;0;0;0;0;0;0;0;0;0;0;0;4258;0;0;89;0;80;0;
19347;6582805;1009606656;21729280;1116065792;0;0;0;0;0;0;0;0;0;0;0;4288;0;0;89;0;80;0;
19348;4140165;1009606656;21729280;1116065792;0;0;0;0;0;0;0;0;0;0;0;3166;0;0;89;0;80;0;
19349;4922632;1009606656;21729280;1116065792;0;0;0;0;0;0;0;0;0;0;0;4058;0;0;89;0;80;0;
19350;3606353;1009606656;21729280;1116065792;0;0;0;0;0;0;0;0;0;0;0;3577;0;0;89;0;80;0;
19351;6276000;1012776960;28344320;1122680832;0;0;0;0;0;0;0;0;0;0;0;4338;0;0;89;0;80;0;
19352;4213352;1012776960;28344320;1122680832;0;0;0;0;0;0;0;0;0;0;0;3697;0;0;89;0;80;0;
19353;6028736;1012776960;28344320;1122680832;0;0;0;0;0;0;0;0;0;0;0;3757;0;0;89;0;80;0;
19354;4047341;1012776960;28344320;1122680832;0;0;0;0;0;0;0;0;0;0;0;4037;0;0;89;0;80;0;
19355;6909428;1012776960;28344320;1122680832;0;0;0;0;0;0;0;0;0;0;0;3687;0;0;89;0;80;0;
19356;4001965;1012776960;28344320;1122680832;0;0;0;0;0;0;0;0;0;0;0;4138;0;0;89;0;80;0;
19357;5392963;1012776960;28344320;1122680832;0;0;0;0;0;0;0;0;0;0;0;3316;0;0;89;0;80;0;
19358;5984333;1012776960;28344320;1122680832;0;0;0;0;0;0;0;0;0;0;0;5660;0;0;89;0;80;0;
19359;7270165;1012776960;28344320;1122680832;0;0;0;0;0;0;0;0;0;0;0;4509;0;0;89;0;80;0;
19360;6348456;1009606656;21729280;1116065792;0;0;0;0;0;0;0;0;0;0;0;4298;0;0;89;0;80;0;
19361;5108360;1009606656;21729280;1116065792;0;0;0;0;0;0;0;0;0;0;0;3156;0;0;89;0;80;0;
19362;5192468;1009606656;21729280;1116065792;0;0;0;0;0;0;0;0;0;0;0;5520;0;0;89;0;80;0;
19363;5603579;1009606656;21729280;1116065792;0;0;0;0;0;0;0;0;0;0;0;2735;0;0;89;0;80;0;
19364;5320538;1009606656;21729280;1116065792;0;0;0;0;0;0;0;0;0;0;0;4308;0;0;89;0;80;0;
19365;5133748;1009606656;21729280;1116065792;0;0;0;0;0;0;0;0;0;0;0;2855;0;0;89;0;80;0;
19366;5221171;1009606656;21729280;1116065792;0;0;0;0;0;0;0;0;0;0;0;3808;0;0;89;0;80;0;
19367;5838089;1009606656;21729280;1116065792;0;0;0;0;0;0;0;0;0;0;0;3577;0;0;89;0;80;0;
19368;3944628;1009606656;21729280;1116065792;0;0;0;0;0;0;0;0;0;0;0;3867;0;0;89;0;80;0;
19369;4527190;1009606656;21729280;1116065792;0;0;0;0;0;0;0;0;0;0;0;2695;0;0;89;0;80;0;
19370;4405532;1009606656;21729280;1116065792;0;0;0;0;0;0;0;0;0;0;0;3106;0;0;89;0;80;0;
19371;4793500;1009606656;21729280;1116065792;0;0;0;0;0;0;0;0;0;0;0;2485;0;0;89;0;80;0;
19372;5473394;1009606656;21729280;1116065792;0;0;0;0;0;0;0;0;0;0;0;4168;0;0;89;0;80;0;
19373;5136793;1009606656;21729280;1116065792;0;0;0;0;0;0;0;0;0;0;0;3707;0;0;89;0;80;0;
19374;3986015;1009606656;21729280;1116065792;0;0;0;0;0;0;0;0;0;0;0;3486;0;0;89;0;80;0;
19375;4456237;1009606656;21729280;1116065792;0;0;0;0;0;0;0;0;0;0;0;2956;0;0;89;0;80;0;
19376;5230188;1009606656;21729280;1116065792;0;0;0;0;0;0;0;0;0;0;0;2925;0;0;89;0;80;0;
19377;4576844;1009606656;21729280;1116065792;0;0;0;0;0;0;0;0;0;0;0;2375;0;0;89;0;80;0;
19378;4382458;1009606656;21729280;1116065792;0;0;0;0;0;0;0;0;0;0;0;3096;0;0;89;0;80;0;
19379;5305901;1009606656;21729280;1116065792;0;0;0;0;0;0;0;0;0;0;0;2315;0;0;89;0;80;0;
19380;5062544;1009606656;21729280;1116065792;0;0;0;0;0;0;0;0;0;0;0;4458;0;0;89;0;80;0;
19381;4952327;1009606656;21729280;1116065792;0;0;0;0;0;0;0;0;0;0;0;2695;0;0;89;0;80;0;
19382;4303040;1009606656;21729280;1116065792;0;0;0;0;0;0;0;0;0;0;0;4709;0;0;89;0;80;0;
19383;5131043;1009606656;21729280;1116065792;0;0;0;0;0;0;0;0;0;0;0;2535;0;0;89;0;80;0;
19384;5900516;1009606656;21729280;1116065792;0;0;0;0;0;0;0;0;0;0;0;4168;0;0;89;0;80;0;
19385;4903366;1009606656;21729280;1116065792;0;0;0;0;0;0;0;0;0;0;0;2785;0;0;89;0;80;0;
19386;4819268;1009606656;21729280;1116065792;0;0;0;0;0;0;0;0;0;0;0;3657;0;0;89;0;80;0;
19387;5206003;1009606656;21729280;1116065792;0;0;0;0;0;0;0;0;0;0;0;3326;0;0;89;0;80;0;
19388;5196205;1009606656;21729280;1116065792;0;0;0;0;0;0;0;0;0;0;0;4389;0;0;89;0;80;0;
19389;4745349;1009606656;21729280;1116065792;0;0;0;0;0;0;0;0;0;0;0;2845;0;0;89;0;80;0;
19390;4471325;1009606656;21729280;1116065792;0;0;0;0;0;0;0;0;0;0;0;4017;0;0;89;0;80;0;
19391;5513060;1009606656;21729280;1116065792;0;0;0;0;0;0;0;0;0;0;0;2304;0;0;89;0;80;0;
19392;4168898;1009606656;21729280;1116065792;0;0;0;0;0;0;0;0;0;0;0;3346;0;0;89;0;80;0;
19393;5963704;1009606656;21729280;1116065792;0;0;0;0;0;0;0;0;0;0;0;3326;0;0;89;0;80;0;
19394;4164410;1009606656;21729280;1116065792;0;0;0;0;0;0;0;0;0;0;0;3306;0;0;89;0;80;0;
19395;5249695;1009606656;21729280;1116065792;0;0;0;0;0;0;0;0;0;0;0;3858;0;0;89;0;80;0;
19396;4375576;1009606656;21729280;1116065792;0;0;0;0;0;0;0;0;0;0;0;3747;0;0;89;0;80;0;
19397;4998495;1009606656;21729280;1116065792;0;0;0;0;0;0;0;0;0;0;0;2885;0;0;89;0;80;0;
19398;4132751;1009606656;21729280;1116065792;0;0;0;0;0;0;0;0;0;0;0;4639;0;0;89;0;80;0;
19399;5349022;1009606656;21729280;1116065792;0;0;0;0;0;0;0;0;0;0;0;4629;0;0;89;0;80;0;
19400;4923503;1009606656;21729280;1116065792;0;0;0;0;0;0;0;0;0;0;0;3577;0;0;89;0;80;0;
19401;6359877;1009606656;21729280;1116065792;0;0;0;0;0;0;0;0;0;0;0;5370;0;0;89;0;80;0;
19402;5179653;1009606656;21729280;1116065792;0;0;0;0;0;0;0;0;0;0;0;4077;0;0;89;0;80;0;
19403;5504363;1009606656;21729280;1116065792;0;0;0;0;0;0;0;0;0;0;0;4708;0;0;89;0;80;0;
19404;4681740;1009606656;21729280;1116065792;0;0;0;0;0;0;0;0;0;0;0;3737;0;0;89;0;80;0;
19405;5568533;1009606656;21729280;1116065792;0;0;0;0;0;0;0;0;0;0;0;4358;0;0;89;0;80;0;
19406;5163233;1009606656;21729280;1116065792;0;0;0;0;0;0;0;0;0;0;0;3467;0;0;89;0;80;0;
19407;5106567;1009606656;21729280;1116065792;0;0;0;0;0;0;0;0;0;0;0;1994;0;0;89;0;80;0;
19408;3729515;1009606656;21729280;1116065792;0;0;0;0;0;0;0;0;0;0;0;3767;0;0;89;0;80;0;
19409;5309828;1009606656;21729280;1116065792;0;0;0;0;0;0;0;0;0;0;0;3075;0;0;89;0;80;0;
19410;4754166;1009606656;21729280;1116065792;0;0;0;0;0;0;0;0;0;0;0;4538;0;0;89;0;80;0;
19411;4945194;1009606656;21729280;1116065792;0;0;0;0;0;0;0;0;0;0;0;2134;0;0;89;0;80;0;
19412;3769118;1009606656;21729280;1116065792;0;0;0;0;0;0;0;0;0;0;0;3206;0;0;89;0;80;0;
19413;4857540;1009606656;21729280;1116065792;0;0;0;0;0;0;0;0;0;0;0;2635;0;0;89;0;80;0;
19414;4478138;1009606656;21729280;1116065792;0;0;0;0;0;0;0;0;0;0;0;2795;0;0;89;0;80;0;
19415;5587358;1009606656;21729280;1116065792;0;0;0;0;0;0;0;0;0;0;0;2204;0;0;89;0;80;0;
19416;3289479;1009606656;21729280;1116065792;0;0;0;0;0;0;0;0;0;0;0;2855;0;0;89;0;80;0;
19417;4398709;1009606656;21729280;1116065792;0;0;0;0;0;0;0;0;0;0;0;2465;0;0;89;0;80;0;
19418;3577940;1009606656;21729280;1116065792;0;0;0;0;0;0;0;0;0;0;0;3627;0;0;89;0;80;0;
19419;5776433;1009606656;21729280;1116065792;0;0;0;0;0;0;0;0;0;0;0;3316;0;0;89;0;80;0;
19420;3542343;1009606656;21729280;1116065792;0;0;0;0;0;0;0;0;0;0;0;4598;0;0;89;0;80;0;
19421;5467153;1012776960;28344320;1122680832;0;0;0;0;0;0;0;0;0;0;0;3717;0;0;89;0;80;0;
19422;5954497;1012776960;28344320;1122680832;0;0;0;0;0;0;0;0;0;0;0;4068;0;0;89;0;80;0;
19423;6264037;1012776960;28344320;1122680832;0;0;0;0;0;0;0;0;0;0;0;4479;0;0;89;0;80;0;
19424;5798705;1012776960;28344320;1122680832;0;0;0;0;0;0;0;0;0;0;0;3907;0;0;89;0;80;0;
19425;4930406;1012776960;28344320;1122680832;0;0;0;0;0;0;0;0;0;0;0;2354;0;0;89;0;80;0;
19426;4211558;1012776960;28344320;1122680832;0;0;0;0;0;0;0;0;0;0;0;3847;0;0;89;0;80;0;
19427;5267418;1012776960;28344320;1122680832;0;0;0;0;0;0;0;0;0;0;0;2755;0;0;89;0;80;0;
19428;3892079;1012776960;28344320;1122680832;0;0;0;0;0;0;0;0;0;0;0;3607;0;0;89;0;80;0;
19429;5029653;1012776960;28344320;1122680832;0;0;0;0;0;0;0;0;0;0;0;2505;0;0;89;0;80;0;
19430;4658316;1009606656;21729280;1116065792;0;0;0;0;0;0;0;0;0;0;0;3868;0;0;89;0;80;0;
19431;5337099;1009606656;21729280;1116065792;0;0;0;0;0;0;0;0;0;0;0;3036;0;0;89;0;80;0;
19432;4604145;1009606656;21729280;1116065792;0;0;0;0;0;0;0;0;0;0;0;4459;0;0;89;0;80;0;
19433;5508331;1009606656;21729280;1116065792;0;0;0;0;0;0;0;0;0;0;0;3376;0;0;89;0;80;0;
19434;4156505;1009606656;21729280;1116065792;0;0;0;0;0;0;0;0;0;0;0;4328;0;0;89;0;80;0;
19435;5682326;1009606656;21729280;1116065792;0;0;0;0;0;0;0;0;0;0;0;3697;0;0;89;0;80;0;
19436;3825043;1009606656;21729280;1116065792;0;0;0;0;0;0;0;0;0;0;0;3787;0;0;89;0;80;0;
19437;5957102;1009606656;21729280;1116065792;0;0;0;0;0;0;0;0;0;0;0;3727;0;0;89;0;80;0;
19438;4204515;1009606656;21729280;1116065792;0;0;0;0;0;0;0;0;0;0;0;4147;0;0;89;0;80;0;
19439;5492731;1009606656;21733376;1116069888;0;0;0;0;0;0;0;0;0;0;0;3958;0;0;89;0;80;0;
19440;4034226;1009606656;21737472;1116073984;0;0;0;0;0;0;0;0;0;0;0;3948;0;0;89;0;80;0;
19441;6013037;1009606656;21737472;1116073984;0;0;0;0;0;0;0;0;0;0;0;2475;0;0;89;0;80;0;
19442;5189923;1009606656;21737472;1116073984;0;0;0;0;0;0;0;0;0;0;0;2865;0;0;89;0;80;0;
19443;5381572;1009606656;21737472;1116073984;0;0;0;0;0;0;0;0;0;0;0;2324;0;0;89;0;80;0;
19444;5930673;1009606656;21737472;1116073984;0;0;0;0;0;0;0;0;0;0;0;3356;0;0;89;0;80;0;
19445;4981402;1009606656;21737472;1116073984;0;0;0;0;0;0;0;0;0;0;0;2124;0;0;89;0;80;0;
19446;4804831;1009606656;21729280;1116065792;0;0;0;0;0;0;0;0;0;0;0;2965;0;0;89;0;80;0;
19447;5544798;1009606656;21729280;1116065792;0;0;0;0;0;0;0;0;0;0;0;2264;0;0;89;0;80;0;
19448;3619398;1009606656;21729280;1116065792;0;0;0;0;0;0;0;0;0;0;0;2776;0;0;89;0;80;0;
19449;5035533;1009606656;21729280;1116065792;0;0;0;0;0;0;0;0;0;0;0;2415;0;0;89;0;80;0;
19450;3064236;1009606656;21729280;1116065792;0;0;0;0;0;0;0;0;0;0;0;2795;0;0;89;0;80;0;
19451;4985509;1009606656;21729280;1116065792;0;0;0;0;0;0;0;0;0;0;0;2715;0;0;89;0;80;0;
19452;4475373;1009606656;21729280;1116065792;0;0;0;0;0;0;0;0;0;0;0;3546;0;0;89;0;80;0;
19453;5272769;1009606656;21729280;1116065792;0;0;0;0;0;0;0;0;0;0;0;2174;0;0;89;0;80;0;
19454;5604190;1009606656;21729280;1116065792;0;0;0;0;0;0;0;0;0;0;0;4147;0;0;89;0;80;0;
19455;6120899;1009606656;21729280;1116065792;0;0;0;0;0;0;0;0;0;0;0;2876;0;0;89;0;80;0;
19456;3799856;1009606656;21729280;1116065792;0;0;0;0;0;0;0;0;0;0;0;3918;0;0;89;0;80;0;
19457;5384148;1009606656;21729280;1116065792;0;0;0;0;0;0;0;0;0;0;0;3196;0;0;89;0;80;0;
19458;4277802;1009606656;21729280;1116065792;0;0;0;0;0;0;0;0;0;0;0;4699;0;0;89;0;80;0;
19459;4808789;1009606656;21729280;1116065792;0;0;0;0;0;0;0;0;0;0;0;2826;0;0;89;0;80;0;
19460;5484746;1009606656;21729280;1116065792;0;0;0;0;0;0;0;0;0;0;0;4940;0;0;89;0;80;0;
19461;5745024;1009606656;21729280;1116065792;0;0;0;0;0;0;0;0;0;0;0;3537;0;0;89;0;80;0;
19462;4854374;1009606656;21729280;1116065792;0;0;0;0;0;0;0;0;0;0;0;4659;0;0;89;0;80;0;
19463;4893057;1009606656;21729280;1116065792;0;0;0;0;0;0;0;0;0;0;0;3487;0;0;89;0;80;0;
19464;5624518;1009606656;21729280;1116065792;0;0;0;0;0;0;0;0;0;0;0;4889;0;0;89;0;80;0;
19465;5599832;1009606656;21729280;1116065792;0;0;0;0;0;0;0;0;0;0;0;3987;0;0;89;0;80;0;
19466;7566460;1009606656;21729280;1116065792;0;0;0;0;0;0;0;0;0;0;0;7634;0;0;89;0;80;0;
19467;5793926;1009606656;21729280;1116065792;0;0;0;0;0;0;0;0;0;0;0;3647;0;0;89;0;80;0;
19468;6845819;1009606656;21729280;1116065792;0;0;0;0;0;0;0;0;0;0;0;4379;0;0;89;0;80;0;
19469;5162041;1009606656;21729280;1116065792;0;0;0;0;0;0;0;0;0;0;0;3697;0;0;89;0;80;0;
19470;16579923;1009606656;21729280;1116065792;0;0;0;0;0;0;0;0;0;0;0;4669;0;0;89;0;80;0;
19471;5490176;1009606656;21729280;1116065792;0;0;0;0;0;0;0;0;0;0;0;4559;0;0;89;0;80;0;
19472;6869272;1009606656;21729280;1116065792;0;0;0;0;0;0;0;0;0;0;0;5220;0;0;89;0;80;0;
19473;5896989;1009606656;21729280;1116065792;0;0;0;0;0;0;0;0;0;0;0;11331;0;0;89;0;80;0;
19474;6459684;1009606656;21729280;1116065792;0;0;0;0;0;0;0;0;0;0;0;4068;0;0;89;0;80;0;
19475;6202813;1009606656;21729280;1116065792;0;0;0;0;0;0;0;0;0;0;0;3046;0;0;89;0;80;0;
19476;6862810;1009606656;21729280;1116065792;0;0;0;0;0;0;0;0;0;0;0;3376;0;0;89;0;80;0;
19477;7225070;1009606656;21729280;1116065792;0;0;0;0;0;0;0;0;0;0;0;3386;0;0;89;0;80;0;
19478;6380756;1009606656;21729280;1116065792;0;0;0;0;0;0;0;0;0;0;0;3948;0;0;89;0;80;0;
19479;5919671;1009606656;21729280;1116065792;0;0;0;0;0;0;0;0;0;0;0;3086;0;0;89;0;80;0;
19480;4756741;1009606656;21729280;1116065792;0;0;0;0;0;0;0;0;0;0;0;3045;0;0;89;0;80;0;
19481;7138638;1009606656;21729280;1116065792;0;0;0;0;0;0;0;0;0;0;0;3597;0;0;89;0;80;0;
19482;7358500;1009606656;21729280;1116065792;0;0;0;0;0;0;0;0;0;0;0;5450;0;0;89;0;80;0;
19483;7112098;1009606656;21729280;1116065792;0;0;0;0;0;0;0;0;0;0;0;3517;0;0;89;0;80;0;
19484;6764987;1009606656;21729280;1116065792;0;0;0;0;0;0;0;0;0;0;0;4208;0;0;89;0;80;0;
19485;6332255;1009606656;21729280;1116065792;0;0;0;0;0;0;0;0;0;0;0;3226;0;0;89;0;80;0;
19486;6518124;1009606656;21729280;1116065792;0;0;0;0;0;0;0;0;0;0;0;4178;0;0;89;0;80;0;
19487;6206680;1009606656;21729280;1116065792;0;0;0;0;0;0;0;0;0;0;0;3276;0;0;89;0;80;0;
19488;5320929;1009606656;21729280;1116065792;0;0;0;0;0;0;0;0;0;0;0;3507;0;0;89;0;80;0;
19489;8023578;1009606656;21729280;1116065792;0;0;0;0;0;0;0;0;0;0;0;3636;0;0;89;0;80;0;
19490;5066461;1009606656;21729280;1116065792;0;0;0;0;0;0;0;0;0;0;0;3556;0;0;89;0;80;0;
19491;6947058;1009606656;21729280;1116065792;0;0;0;0;0;0;0;0;0;0;0;3256;0;0;89;0;80;0;
19492;6887787;1009606656;21729280;1116065792;0;0;0;0;0;0;0;0;0;0;0;4088;0;0;89;0;80;0;
19493;7093784;1009606656;21729280;1116065792;0;0;0;0;0;0;0;0;0;0;0;3467;0;0;89;0;80;0;
19494;6857581;1009606656;21729280;1116065792;0;0;0;0;0;0;0;0;0;0;0;3857;0;0;89;0;80;0;
19495;6557919;1009606656;21729280;1116065792;0;0;0;0;0;0;0;0;0;0;0;2695;0;0;89;0;80;0;
19496;8154744;1009606656;21729280;1116065792;0;0;0;0;0;0;0;0;0;0;0;3707;0;0;89;0;80;0;
19497;6677343;1009606656;21729280;1116065792;0;0;0;0;0;0;0;0;0;0;0;3487;0;0;89;0;80;0;
19498;7256048;1009606656;21729280;1116065792;0;0;0;0;0;0;0;0;0;0;0;4949;0;0;89;0;80;0;
19499;7311482;1009606656;21729280;1116065792;0;0;0;0;0;0;0;0;0;0;0;3367;0;0;89;0;80;0;
19500;6042472;1009606656;21729280;1116065792;0;0;0;0;0;0;0;0;0;0;0;3566;0;0;89;0;80;0;
19501;8940738;1009606656;21729280;1116065792;0;0;0;0;0;0;0;0;0;0;0;3206;0;0;89;0;80;0;
19502;5425304;1009606656;21729280;1116065792;0;0;0;0;0;0;0;0;0;0;0;3386;0;0;89;0;80;0;
19503;8018718;1009606656;21729280;1116065792;0;0;0;0;0;0;0;0;0;0;0;3646;0;0;89;0;80;0;
19504;7093643;1009606656;21729280;1116065792;0;0;0;0;0;0;0;0;0;0;0;3457;0;0;89;0;80;0;
19505;7123860;1009606656;21729280;1116065792;0;0;0;0;0;0;0;0;0;0;0;3867;0;0;89;0;80;0;
19506;6964812;1009606656;21729280;1116065792;0;0;0;0;0;0;0;0;0;0;0;3777;0;0;89;0;80;0;
19507;5650407;1009606656;21729280;1116065792;0;0;0;0;0;0;0;0;0;0;0;3256;0;0;89;0;80;0;
19508;7029683;1009606656;21729280;1116065792;0;0;0;0;0;0;0;0;0;0;0;3656;0;0;89;0;80;0;
19509;8551628;1009606656;21729280;1116065792;0;0;0;0;0;0;0;0;0;0;0;3316;0;0;89;0;80;0;
19510;6740911;1009606656;21729280;1116065792;0;0;0;0;0;0;0;0;0;0;0;3707;0;0;89;0;80;0;
19511;7331890;1009606656;21729280;1116065792;0;0;0;0;0;0;0;0;0;0;0;2976;0;0;89;0;80;0;
19512;5221212;1009606656;21729280;1116065792;0;0;0;0;0;0;0;0;0;0;0;3406;0;0;89;0;80;0;
19513;6995529;1009606656;21729280;1116065792;0;0;0;0;0;0;0;0;0;0;0;3486;0;0;89;0;80;0;
19514;7220972;1009606656;21729280;1116065792;0;0;0;0;0;0;0;0;0;0;0;3928;0;0;89;0;80;0;
19515;9944269;1012776960;28344320;1122680832;0;0;0;0;0;0;0;0;0;0;0;6141;0;0;89;0;80;0;
19516;6276831;1012776960;28344320;1122680832;0;0;0;0;0;0;0;0;0;0;0;3597;0;0;89;0;80;0;
19517;6478400;1012776960;28344320;1122680832;0;0;0;0;0;0;0;0;0;0;0;3306;0;0;89;0;80;0;
19518;6862590;1012776960;28344320;1122680832;0;0;0;0;0;0;0;0;0;0;0;3787;0;0;89;0;80;0;
19519;7465941;1012776960;28348416;1122684928;0;0;0;0;0;0;0;0;0;0;0;2876;0;0;89;0;80;0;
19520;5981087;1012776960;28352512;1122689024;0;0;0;0;0;0;0;0;0;0;0;3918;0;0;89;0;80;0;
19521;6394352;1012776960;28352512;1122689024;0;0;0;0;0;0;0;0;0;0;0;3106;0;0;89;0;80;0;
19522;4902004;1012776960;28352512;1122689024;0;0;0;0;0;0;0;0;0;0;0;3277;0;0;89;0;80;0;
19523;5604401;1012776960;28352512;1122689024;0;0;0;0;0;0;0;0;0;0;0;3226;0;0;89;0;80;0;
19524;4816062;1009614848;21737472;1116073984;0;0;0;0;0;0;0;0;0;0;0;3477;0;0;89;0;80;0;
19525;5023251;1009614848;21737472;1116073984;0;0;0;0;0;0;0;0;0;0;0;3035;0;0;89;0;80;0;
19526;6285849;1009606656;21729280;1116065792;0;0;0;0;0;0;0;0;0;0;0;3376;0;0;89;0;80;0;
19527;5483293;1009606656;21729280;1116065792;0;0;0;0;0;0;0;0;0;0;0;2986;0;0;89;0;80;0;
19528;4939213;1009606656;21729280;1116065792;0;0;0;0;0;0;0;0;0;0;0;3546;0;0;89;0;80;0;
19529;6807818;1009606656;21729280;1116065792;0;0;0;0;0;0;0;0;0;0;0;2985;0;0;89;0;80;0;
19530;7164005;1009606656;21729280;1116065792;0;0;0;0;0;0;0;0;0;0;0;4789;0;0;89;0;80;0;
19531;6774795;1009606656;21729280;1116065792;0;0;0;0;0;0;0;0;0;0;0;3988;0;0;89;0;80;0;
19532;6470905;1009606656;21729280;1116065792;0;0;0;0;0;0;0;0;0;0;0;4789;0;0;89;0;80;0;
19533;6640353;1009606656;21729280;1116065792;0;0;0;0;0;0;0;0;0;0;0;3426;0;0;89;0;80;0;
19534;5744754;1009606656;21729280;1116065792;0;0;0;0;0;0;0;0;0;0;0;3878;0;0;89;0;80;0;
19535;6642247;1009606656;21729280;1116065792;0;0;0;0;0;0;0;0;0;0;0;3076;0;0;89;0;80;0;
19536;6865045;1009606656;21729280;1116065792;0;0;0;0;0;0;0;0;0;0;0;4177;0;0;89;0;80;0;
19537;6211229;1009606656;21729280;1116065792;0;0;0;0;0;0;0;0;0;0;0;3176;0;0;89;0;80;0;
19538;6351171;1009606656;21729280;1116065792;0;0;0;0;0;0;0;0;0;0;0;3607;0;0;89;0;80;0;
19539;8719192;1009606656;21729280;1116065792;0;0;0;0;0;0;0;0;0;0;0;3176;0;0;89;0;80;0;
19540;5883624;1009606656;21729280;1116065792;0;0;0;0;0;0;0;0;0;0;0;3627;0;0;89;0;80;0;
19541;5885477;1009606656;21729280;1116065792;0;0;0;0;0;0;0;0;0;0;0;3316;0;0;89;0;80;0;
19542;6506763;1009606656;21729280;1116065792;0;0;0;0;0;0;0;0;0;0;0;3697;0;0;89;0;80;0;
19543;6605278;1009606656;21729280;1116065792;0;0;0;0;0;0;0;0;0;0;0;2945;0;0;89;0;80;0;
19544;6105510;1009606656;21729280;1116065792;0;0;0;0;0;0;0;0;0;0;0;3376;0;0;89;0;80;0;
19545;6914317;1009606656;21729280;1116065792;0;0;0;0;0;0;0;0;0;0;0;3106;0;0;89;0;80;0;
19546;6279647;1009606656;21729280;1116065792;0;0;0;0;0;0;0;0;0;0;0;4258;0;0;89;0;80;0;
19547;8747215;1009606656;21729280;1116065792;0;0;0;0;0;0;0;0;0;0;0;3196;0;0;89;0;80;0;
19548;5653943;1009606656;21729280;1116065792;0;0;0;0;0;0;0;0;0;0;0;3437;0;0;89;0;80;0;
19549;7616664;1009606656;21729280;1116065792;0;0;0;0;0;0;0;0;0;0;0;3597;0;0;89;0;80;0;
19550;4539483;1009606656;21729280;1116065792;0;0;0;0;0;0;0;0;0;0;0;3316;0;0;89;0;80;0;
19551;7185245;1009606656;21729280;1116065792;0;0;0;0;0;0;0;0;0;0;0;3477;0;0;89;0;80;0;
19552;6234593;1009606656;21729280;1116065792;0;0;0;0;0;0;0;0;0;0;0;3828;0;0;89;0;80;0;
19553;6622910;1009606656;21729280;1116065792;0;0;0;0;0;0;0;0;0;0;0;3506;0;0;89;0;80;0;
19554;7957132;1009606656;21729280;1116065792;0;0;0;0;0;0;0;0;0;0;0;4599;0;0;89;0;80;0;
19555;5089605;1009606656;21729280;1116065792;0;0;0;0;0;0;0;0;0;0;0;3677;0;0;89;0;80;0;
19556;7339825;1009606656;21729280;1116065792;0;0;0;0;0;0;0;0;0;0;0;4208;0;0;89;0;80;0;
19557;7527698;1009606656;21729280;1116065792;0;0;0;0;0;0;0;0;0;0;0;3647;0;0;89;0;80;0;
19558;4570501;1009606656;21729280;1116065792;0;0;0;0;0;0;0;0;0;0;0;3787;0;0;89;0;80;0;
19559;7616644;1009606656;21729280;1116065792;0;0;0;0;0;0;0;0;0;0;0;3186;0;0;89;0;80;0;
19560;7669273;1009606656;21729280;1116065792;0;0;0;0;0;0;0;0;0;0;0;5551;0;0;89;0;80;0;
19561;6701157;1009606656;21729280;1116065792;0;0;0;0;0;0;0;0;0;0;0;4017;0;0;89;0;80;0;
19562;7247351;1009606656;21729280;1116065792;0;0;0;0;0;0;0;0;0;0;0;4118;0;0;89;0;80;0;
19563;7552414;1009606656;21729280;1116065792;0;0;0;0;0;0;0;0;0;0;0;3437;0;0;89;0;80;0;
19564;5510645;1009606656;21729280;1116065792;0;0;0;0;0;0;0;0;0;0;0;3667;0;0;89;0;80;0;
19565;5975206;1009606656;21729280;1116065792;0;0;0;0;0;0;0;0;0;0;0;2846;0;0;89;0;80;0;
19566;5394977;1009606656;21729280;1116065792;0;0;0;0;0;0;0;0;0;0;0;4067;0;0;89;0;80;0;
19567;6335251;1009606656;21729280;1116065792;0;0;0;0;0;0;0;0;0;0;0;3035;0;0;89;0;80;0;
19568;5831016;1009606656;21729280;1116065792;0;0;0;0;0;0;0;0;0;0;0;3306;0;0;89;0;80;0;
19569;7492522;1009606656;21729280;1116065792;0;0;0;0;0;0;0;0;0;0;0;3246;0;0;89;0;80;0;
19570;5513770;1009606656;21729280;1116065792;0;0;0;0;0;0;0;0;0;0;0;3717;0;0;89;0;80;0;
19571;5903772;1009606656;21729280;1116065792;0;0;0;0;0;0;0;0;0;0;0;3486;0;0;89;0;80;0;
19572;6562958;1009606656;21729280;1116065792;0;0;0;0;0;0;0;0;0;0;0;4158;0;0;89;0;80;0;
19573;6676611;1009606656;21729280;1116065792;0;0;0;0;0;0;0;0;0;0;0;3617;0;0;89;0;80;0;
19574;5478915;1009606656;21729280;1116065792;0;0;0;0;0;0;0;0;0;0;0;3657;0;0;89;0;80;0;
19575;6969972;1009606656;21729280;1116065792;0;0;0;0;0;0;0;0;0;0;0;3266;0;0;89;0;80;0;
19576;5507429;1009606656;21729280;1116065792;0;0;0;0;0;0;0;0;0;0;0;4068;0;0;89;0;80;0;
19577;8304815;1009606656;21729280;1116065792;0;0;0;0;0;0;0;0;0;0;0;3567;0;0;89;0;80;0;
19578;6605598;1009606656;21729280;1116065792;0;0;0;0;0;0;0;0;0;0;0;3957;0;0;89;0;80;0;
19579;8133273;1009606656;21729280;1116065792;0;0;0;0;0;0;0;0;0;0;0;3347;0;0;89;0;80;0;
19580;6673626;1009606656;21729280;1116065792;0;0;0;0;0;0;0;0;0;0;0;3938;0;0;89;0;80;0;
19581;6648098;1009606656;21729280;1116065792;0;0;0;0;0;0;0;0;0;0;0;3336;0;0;89;0;80;0;
19582;6903176;1009606656;21729280;1116065792;0;0;0;0;0;0;0;0;0;0;0;3346;0;0;89;0;80;0;
19583;6366780;1009606656;21729280;1116065792;0;0;0;0;0;0;0;0;0;0;0;3066;0;0;89;0;80;0;
19584;7446305;1009606656;21729280;1116065792;0;0;0;0;0;0;0;0;0;0;0;4318;0;0;89;0;80;0;
19585;6832774;1009606656;21729280;1116065792;0;0;0;0;0;0;0;0;0;0;0;3567;0;0;89;0;80;0;
19586;6386397;1009606656;21729280;1116065792;0;0;0;0;0;0;0;0;0;0;0;4268;0;0;89;0;80;0;
19587;6222529;1009606656;21729280;1116065792;0;0;0;0;0;0;0;0;0;0;0;3977;0;0;89;0;80;0;
19588;5446575;1009606656;21729280;1116065792;0;0;0;0;0;0;0;0;0;0;0;3657;0;0;89;0;80;0;
19589;6184829;1009606656;21729280;1116065792;0;0;0;0;0;0;0;0;0;0;0;3466;0;0;89;0;80;0;
19590;5876992;1009606656;21729280;1116065792;0;0;0;0;0;0;0;0;0;0;0;4127;0;0;89;0;80;0;
19591;6273635;1009606656;21729280;1116065792;0;0;0;0;0;0;0;0;0;0;0;3206;0;0;89;0;80;0;
19592;6673144;1009606656;21729280;1116065792;0;0;0;0;0;0;0;0;0;0;0;4989;0;0;89;0;80;0;
19593;6335371;1009606656;21729280;1116065792;0;0;0;0;0;0;0;0;0;0;0;3476;0;0;89;0;80;0;
19594;7395419;1009606656;21729280;1116065792;0;0;0;0;0;0;0;0;0;0;0;4038;0;0;89;0;80;0;
19595;7174655;1009606656;21729280;1116065792;0;0;0;0;0;0;0;0;0;0;0;3176;0;0;89;0;80;0;
19596;6708150;1009606656;21729280;1116065792;0;0;0;0;0;0;0;0;0;0;0;3547;0;0;89;0;80;0;
19597;6705035;1009606656;21733376;1116069888;0;0;0;0;0;0;0;0;0;0;0;3868;0;0;89;0;80;0;
19598;5933588;1009606656;21737472;1116073984;0;0;0;0;0;0;0;0;0;0;0;3627;0;0;89;0;80;0;
19599;6692301;1009606656;21737472;1116073984;0;0;0;0;0;0;0;0;0;0;0;3967;0;0;89;0;80;0;
19600;6521260;1009606656;21737472;1116073984;0;0;0;0;0;0;0;0;0;0;0;4138;0;0;89;0;80;0;
19601;7309087;1009606656;21737472;1116073984;0;0;0;0;0;0;0;0;0;0;0;3877;0;0;89;0;80;0;
19602;7856373;1009606656;21737472;1116073984;0;0;0;0;0;0;0;0;0;0;0;4899;0;0;89;0;80;0;
19603;6731844;1009606656;21737472;1116073984;0;0;0;0;0;0;0;0;0;0;0;3958;0;0;89;0;80;0;
19604;7259003;1009606656;21729280;1116065792;0;0;0;0;0;0;0;0;0;0;0;4688;0;0;89;0;80;0;
19605;7493543;1009606656;21729280;1116065792;0;0;0;0;0;0;0;0;0;0;0;3798;0;0;89;0;80;0;
19606;6273816;1009606656;21729280;1116065792;0;0;0;0;0;0;0;0;0;0;0;3877;0;0;89;0;80;0;
19607;7571870;1009606656;21729280;1116065792;0;0;0;0;0;0;0;0;0;0;0;3467;0;0;89;0;80;0;
19608;6013207;1009606656;21729280;1116065792;0;0;0;0;0;0;0;0;0;0;0;3988;0;0;89;0;80;0;
19609;7988641;1014870016;28344320;1122680832;0;0;0;0;0;0;0;0;0;0;0;4017;0;0;89;0;80;0;
19610;7999502;1014870016;28344320;1122680832;0;0;0;0;0;0;0;0;0;0;0;3656;0;0;89;0;80;0;
19611;6863151;1014870016;28344320;1122680832;0;0;0;0;0;0;0;0;0;0;0;3076;0;0;89;0;80;0;
19612;5416698;1014870016;28344320;1122680832;0;0;0;0;0;0;0;0;0;0;0;3697;0;0;89;0;80;0;
19613;5625530;1014870016;28344320;1122680832;0;0;0;0;0;0;0;0;0;0;0;2705;0;0;89;0;80;0;
19614;7247753;1014870016;28344320;1122680832;0;0;0;0;0;0;0;0;0;0;0;4248;0;0;89;0;80;0;
19615;5975386;1014870016;28344320;1122680832;0;0;0;0;0;0;0;0;0;0;0;3517;0;0;89;0;80;0;
19616;7517708;1014870016;28344320;1122680832;0;0;0;0;0;0;0;0;0;0;0;4157;0;0;89;0;80;0;
19617;6663657;1014870016;28344320;1122680832;0;0;0;0;0;0;0;0;0;0;0;3557;0;0;89;0;80;0;
19618;6847692;1009606656;21729280;1116065792;0;0;0;0;0;0;0;0;0;0;0;3847;0;0;89;0;80;0;
19619;13173175;1009606656;21729280;1116065792;0;0;0;0;0;0;0;0;0;0;0;3567;0;0;89;0;80;0;
19620;7464379;1009606656;21729280;1116065792;0;0;0;0;0;0;0;0;0;0;0;3797;0;0;89;0;80;0;
19621;7117558;1009606656;21729280;1116065792;0;0;0;0;0;0;0;0;0;0;0;4278;0;0;89;0;80;0;
19622;7657019;1009606656;21729280;1116065792;0;0;0;0;0;0;0;0;0;0;0;5060;0;0;89;0;80;0;
19623;7890708;1009606656;21729280;1116065792;0;0;0;0;0;0;0;0;0;0;0;3948;0;0;89;0;80;0;
19624;7701343;1009606656;21729280;1116065792;0;0;0;0;0;0;0;0;0;0;0;4128;0;0;89;0;80;0;
19625;6930938;1009606656;21729280;1116065792;0;0;0;0;0;0;0;0;0;0;0;3457;0;0;89;0;80;0;
19626;5825525;1009606656;21729280;1116065792;0;0;0;0;0;0;0;0;0;0;0;3437;0;0;89;0;80;0;
19627;6410642;1009606656;21729280;1116065792;0;0;0;0;0;0;0;0;0;0;0;3146;0;0;89;0;80;0;
19628;4917582;1009606656;21729280;1116065792;0;0;0;0;0;0;0;0;0;0;0;3326;0;0;89;0;80;0;
19629;6658477;1009606656;21729280;1116065792;0;0;0;0;0;0;0;0;0;0;0;3286;0;0;89;0;80;0;
19630;6481716;1009606656;21729280;1116065792;0;0;0;0;0;0;0;0;0;0;0;4087;0;0;89;0;80;0;
19631;6272373;1009606656;21729280;1116065792;0;0;0;0;0;0;0;0;0;0;0;3357;0;0;89;0;80;0;
19632;7016078;1009606656;21729280;1116065792;0;0;0;0;0;0;0;0;0;0;0;3527;0;0;89;0;80;0;
19633;6163599;1009606656;21729280;1116065792;0;0;0;0;0;0;0;0;0;0;0;3477;0;0;89;0;80;0;
19634;7120213;1009606656;21729280;1116065792;0;0;0;0;0;0;0;0;0;0;0;4478;0;0;89;0;80;0;
19635;7057285;1009606656;21729280;1116065792;0;0;0;0;0;0;0;0;0;0;0;4118;0;0;89;0;80;0;
19636;5418802;1009606656;21729280;1116065792;0;0;0;0;0;0;0;0;0;0;0;3347;0;0;89;0;80;0;
19637;5702684;1009606656;21729280;1116065792;0;0;0;0;0;0;0;0;0;0;0;3527;0;0;89;0;80;0;
19638;6554292;1009606656;21729280;1116065792;0;0;0;0;0;0;0;0;0;0;0;3687;0;0;89;0;80;0;
19639;5181678;1009606656;21729280;1116065792;0;0;0;0;0;0;0;0;0;0;0;2895;0;0;89;0;80;0;
19640;7147614;1009606656;21729280;1116065792;0;0;0;0;0;0;0;0;0;0;0;4558;0;0;89;0;80;0;
19641;6958670;1009606656;21729280;1116065792;0;0;0;0;0;0;0;0;0;0;0;3737;0;0;89;0;80;0;
19642;5557012;1009606656;21729280;1116065792;0;0;0;0;0;0;0;0;0;0;0;4037;0;0;89;0;80;0;
19643;6531429;1009606656;21729280;1116065792;0;0;0;0;0;0;0;0;0;0;0;3437;0;0;89;0;80;0;
19644;8811354;1009606656;21729280;1116065792;0;0;0;0;0;0;0;0;0;0;0;4107;0;0;89;0;80;0;
19645;8791257;1009606656;21729280;1116065792;0;0;0;0;0;0;0;0;0;0;0;3666;0;0;89;0;80;0;
19646;6123975;1009606656;21729280;1116065792;0;0;0;0;0;0;0;0;0;0;0;3797;0;0;89;0;80;0;
19647;7197008;1009606656;21729280;1116065792;0;0;0;0;0;0;0;0;0;0;0;2766;0;0;89;0;80;0;
19648;6179849;1009606656;21729280;1116065792;0;0;0;0;0;0;0;0;0;0;0;3377;0;0;89;0;80;0;
19649;6699924;1009606656;21729280;1116065792;0;0;0;0;0;0;0;0;0;0;0;3417;0;0;89;0;80;0;
19650;6861167;1009606656;21729280;1116065792;0;0;0;0;0;0;0;0;0;0;0;3937;0;0;89;0;80;0;
19651;7636631;1009606656;21729280;1116065792;0;0;0;0;0;0;0;0;0;0;0;3196;0;0;89;0;80;0;
19652;6713310;1009606656;21729280;1116065792;0;0;0;0;0;0;0;0;0;0;0;3917;0;0;89;0;80;0;
19653;7339293;1009606656;21729280;1116065792;0;0;0;0;0;0;0;0;0;0;0;3606;0;0;89;0;80;0;
19654;6148391;1009606656;21729280;1116065792;0;0;0;0;0;0;0;0;0;0;0;5099;0;0;89;0;80;0;
19655;7786843;1009606656;21729280;1116065792;0;0;0;0;0;0;0;0;0;0;0;2996;0;0;89;0;80;0;
19656;5763418;1009606656;21729280;1116065792;0;0;0;0;0;0;0;0;0;0;0;3617;0;0;89;0;80;0;
19657;6396276;1009606656;21729280;1116065792;0;0;0;0;0;0;0;0;0;0;0;3627;0;0;89;0;80;0;
19658;5625811;1009606656;21729280;1116065792;0;0;0;0;0;0;0;0;0;0;0;2885;0;0;89;0;80;0;
19659;6038715;1009606656;21729280;1116065792;0;0;0;0;0;0;0;0;0;0;0;3176;0;0;89;0;80;0;
19660;7352308;1009606656;21729280;1116065792;0;0;0;0;0;0;0;0;0;0;0;3116;0;0;89;0;80;0;
19661;7670445;1009606656;21729280;1116065792;0;0;0;0;0;0;0;0;0;0;0;3397;0;0;89;0;80;0;
19662;6825580;1009606656;21729280;1116065792;0;0;0;0;0;0;0;0;0;0;0;4729;0;0;89;0;80;0;
19663;6737125;1009606656;21729280;1116065792;0;0;0;0;0;0;0;0;0;0;0;3407;0;0;89;0;80;0;
19664;7418673;1009606656;21729280;1116065792;0;0;0;0;0;0;0;0;0;0;0;4088;0;0;89;0;80;0;
19665;7820696;1009606656;21729280;1116065792;0;0;0;0;0;0;0;0;0;0;0;3677;0;0;89;0;80;0;
19666;7501819;1009606656;21729280;1116065792;0;0;0;0;0;0;0;0;0;0;0;3507;0;0;89;0;80;0;
19667;7016148;1009606656;21729280;1116065792;0;0;0;0;0;0;0;0;0;0;0;3717;0;0;89;0;80;0;
19668;6497465;1009606656;21729280;1116065792;0;0;0;0;0;0;0;0;0;0;0;4048;0;0;89;0;80;0;
19669;7907800;1009606656;21729280;1116065792;0;0;0;0;0;0;0;0;0;0;0;4158;0;0;89;0;80;0;
19670;8362412;1009606656;21729280;1116065792;0;0;0;0;0;0;0;0;0;0;0;7885;0;0;89;0;80;0;
19671;6784073;1009606656;21729280;1116065792;0;0;0;0;0;0;0;0;0;0;0;3917;0;0;89;0;80;0;
19672;5870810;1009606656;21729280;1116065792;0;0;0;0;0;0;0;0;0;0;0;3046;0;0;89;0;80;0;
19673;6971725;1009606656;21729280;1116065792;0;0;0;0;0;0;0;0;0;0;0;2524;0;0;89;0;80;0;
19674;6430620;1009606656;21729280;1116065792;0;0;0;0;0;0;0;0;0;0;0;3105;0;0;89;0;80;0;
19675;5402732;1009606656;21729280;1116065792;0;0;0;0;0;0;0;0;0;0;0;2284;0;0;89;0;80;0;
19676;5457415;1009606656;21729280;1116065792;0;0;0;0;0;0;0;0;0;0;0;3967;0;0;89;0;80;0;
19677;5815436;1009606656;21729280;1116065792;0;0;0;0;0;0;0;0;0;0;0;2294;0;0;89;0;80;0;
19678;5537465;1009606656;21729280;1116065792;0;0;0;0;0;0;0;0;0;0;0;3246;0;0;89;0;80;0;
19679;5780560;1009606656;21729280;1116065792;0;0;0;0;0;0;0;0;0;0;0;2575;0;0;89;0;80;0;
19680;4693622;1009606656;21729280;1116065792;0;0;0;0;0;0;0;0;0;0;0;2956;0;0;89;0;80;0;
19681;5485147;1009606656;21729280;1116065792;0;0;0;0;0;0;0;0;0;0;0;2896;0;0;89;0;80;0;
19682;4507042;1009606656;21729280;1116065792;0;0;0;0;0;0;0;0;0;0;0;3156;0;0;89;0;80;0;
19683;5789468;1009606656;21729280;1116065792;0;0;0;0;0;0;0;0;0;0;0;2474;0;0;89;0;80;0;
19684;4586562;1009606656;21729280;1116065792;0;0;0;0;0;0;0;0;0;0;0;2595;0;0;89;0;80;0;
19685;5666507;1009606656;21729280;1116065792;0;0;0;0;0;0;0;0;0;0;0;2164;0;0;89;0;80;0;
19686;4707368;1009606656;21729280;1116065792;0;0;0;0;0;0;0;0;0;0;0;2995;0;0;89;0;80;0;
19687;5417329;1009606656;21729280;1116065792;0;0;0;0;0;0;0;0;0;0;0;2214;0;0;89;0;80;0;
19688;4693953;1009606656;21729280;1116065792;0;0;0;0;0;0;0;0;0;0;0;3036;0;0;89;0;80;0;
19689;6141257;1009606656;21729280;1116065792;0;0;0;0;0;0;0;0;0;0;0;1933;0;0;89;0;80;0;
19690;3670934;1009606656;21729280;1116065792;0;0;0;0;0;0;0;0;0;0;0;2605;0;0;89;0;80;0;
19691;5413583;1009606656;21729280;1116065792;0;0;0;0;0;0;0;0;0;0;0;2324;0;0;89;0;80;0;
19692;2543179;1009606656;21729280;1116065792;0;0;0;0;0;0;0;0;0;0;0;2645;0;0;89;0;80;0;
19693;5503291;1009606656;21729280;1116065792;0;0;0;0;0;0;0;0;0;0;0;2755;0;0;89;0;80;0;
19694;4310394;1009606656;21729280;1116065792;0;0;0;0;0;0;0;0;0;0;0;2825;0;0;89;0;80;0;
19695;5518309;1009606656;21729280;1116065792;0;0;0;0;0;0;0;0;0;0;0;2344;0;0;89;0;80;0;
19696;3271725;1009606656;21729280;1116065792;0;0;0;0;0;0;0;0;0;0;0;2535;0;0;89;0;80;0;
19697;5354401;1009606656;21729280;1116065792;0;0;0;0;0;0;0;0;0;0;0;2504;0;0;89;0;80;0;
19698;3026196;1009606656;21729280;1116065792;0;0;0;0;0;0;0;0;0;0;0;2625;0;0;89;0;80;0;
19699;5956220;1009606656;21729280;1116065792;0;0;0;0;0;0;0;0;0;0;0;2454;0;0;89;0;80;0;
19700;6466778;1009606656;21729280;1116065792;0;0;0;0;0;0;0;0;0;0;0;4218;0;0;89;0;80;0;
19701;6292160;1009606656;21729280;1116065792;0;0;0;0;0;0;0;0;0;0;0;2775;0;0;89;0;80;0;
19702;6608303;1009606656;21729280;1116065792;0;0;0;0;0;0;0;0;0;0;0;3317;0;0;89;0;80;0;
19703;7120324;1009606656;21729280;1116065792;0;0;0;0;0;0;0;0;0;0;0;2384;0;0;89;0;80;0;
19704;4330822;1009606656;21729280;1116065792;0;0;0;0;0;0;0;0;0;0;0;3497;0;0;89;0;80;0;
19705;6385505;1009606656;21729280;1116065792;0;0;0;0;0;0;0;0;0;0;0;4278;0;0;89;0;80;0;
19706;4888317;1009606656;21729280;1116065792;0;0;0;0;0;0;0;0;0;0;0;3286;0;0;89;0;80;0;
19707;6781768;1009606656;21729280;1116065792;0;0;0;0;0;0;0;0;0;0;0;4088;0;0;89;0;80;0;
19708;6426312;1009606656;21729280;1116065792;0;0;0;0;0;0;0;0;0;0;0;4448;0;0;89;0;80;0;
19709;5408373;1009606656;21729280;1116065792;0;0;0;0;0;0;0;0;0;0;0;3506;0;0;89;0;80;0;
19710;5238133;1009606656;21729280;1116065792;0;0;0;0;0;0;0;0;0;0;0;4268;0;0;89;0;80;0;
19711;6098828;1009606656;21729280;1116065792;0;0;0;0;0;0;0;0;0;0;0;3657;0;0;89;0;80;0;
19712;6157447;1009606656;21729280;1116065792;0;0;0;0;0;0;0;0;0;0;0;4308;0;0;89;0;80;0;
19713;4762020;1009606656;21729280;1116065792;0;0;0;0;0;0;0;0;0;0;0;2475;0;0;89;0;80;0;
19714;6701518;1009606656;21729280;1116065792;0;0;0;0;0;0;0;0;0;0;0;3186;0;0;89;0;80;0;
19715;7788596;1009606656;21729280;1116065792;0;0;0;0;0;0;0;0;0;0;0;4368;0;0;89;0;80;0;
19716;6182865;1009606656;21733376;1116069888;0;0;0;0;0;0;0;0;0;0;0;4920;0;0;89;0;80;0;
19717;7610182;1009606656;21733376;1116069888;0;0;0;0;0;0;0;0;0;0;0;5029;0;0;89;0;80;0;
19718;6419750;1009606656;21733376;1116069888;0;0;0;0;0;0;0;0;0;0;0;3957;0;0;89;0;80;0;
19719;7500126;1009606656;21733376;1116069888;0;0;0;0;0;0;0;0;0;0;0;4197;0;0;89;0;80;0;
19720;8129496;1009606656;21733376;1116069888;0;0;0;0;0;0;0;0;0;0;0;3296;0;0;89;0;80;0;
19721;6257656;1009606656;21733376;1116069888;0;0;0;0;0;0;0;0;0;0;0;177533;0;0;89;0;80;0;
19722;5015546;1009606656;21733376;1116069888;0;0;0;0;0;0;0;0;0;0;0;3647;0;0;89;0;80;0;
19723;5682677;1009606656;21733376;1116069888;0;0;0;0;0;0;0;0;0;0;0;4188;0;0;89;0;80;0;
19724;8896755;1009606656;21733376;1116069888;0;0;0;0;0;0;0;0;0;0;0;4408;0;0;89;0;80;0;
19725;7362066;1009606656;21733376;1116069888;0;0;0;0;0;0;0;0;0;0;0;4258;0;0;89;0;80;0;
19726;6365137;1009606656;21733376;1116069888;0;0;0;0;0;0;0;0;0;0;0;3547;0;0;89;0;80;0;
19727;7444622;1014870016;28348416;1122684928;0;0;0;0;0;0;0;0;0;0;0;4117;0;0;89;0;80;0;
19728;5813893;1014870016;28348416;1122684928;0;0;0;0;0;0;0;0;0;0;0;4539;0;0;89;0;80;0;
19729;6219354;1014870016;28348416;1122684928;0;0;0;0;0;0;0;0;0;0;0;4268;0;0;89;0;80;0;
19730;6254039;1014870016;28348416;1122684928;0;0;0;0;0;0;0;0;0;0;0;4178;0;0;89;0;80;0;
19731;5268069;1014870016;28348416;1122684928;0;0;0;0;0;0;0;0;0;0;0;3527;0;0;89;0;80;0;
19732;4442110;1014870016;28348416;1122684928;0;0;0;0;0;0;0;0;0;0;0;3757;0;0;89;0;80;0;
19733;6231146;1014870016;28348416;1122684928;0;0;0;0;0;0;0;0;0;0;0;4178;0;0;89;0;80;0;
19734;5084205;1014870016;28348416;1122684928;0;0;0;0;0;0;0;0;0;0;0;3717;0;0;89;0;80;0;
19735;6342995;1014870016;28348416;1122684928;0;0;0;0;0;0;0;0;0;0;0;4288;0;0;89;0;80;0;
19736;4504328;1009610752;21733376;1116069888;0;0;0;0;0;0;0;0;0;0;0;3547;0;0;89;0;80;0;
19737;6473570;1009610752;21733376;1116069888;0;0;0;0;0;0;0;0;0;0;0;3967;0;0;89;0;80;0;
19738;5851283;1009610752;21733376;1116069888;0;0;0;0;0;0;0;0;0;0;0;3516;0;0;89;0;80;0;
19739;6231797;1009610752;21733376;1116069888;0;0;0;0;0;0;0;0;0;0;0;5611;0;0;89;0;80;0;
19740;4829397;1009610752;21733376;1116069888;0;0;0;0;0;0;0;0;0;0;0;3046;0;0;89;0;80;0;
19741;6435319;1009610752;21733376;1116069888;0;0;0;0;0;0;0;0;0;0;0;4078;0;0;89;0;80;0;
19742;3800146;1009610752;21733376;1116069888;0;0;0;0;0;0;0;0;0;0;0;2975;0;0;89;0;80;0;
19743;5967511;1009610752;21733376;1116069888;0;0;0;0;0;0;0;0;0;0;0;4299;0;0;89;0;80;0;
19744;5684160;1009610752;21733376;1116069888;0;0;0;0;0;0;0;0;0;0;0;3757;0;0;89;0;80;0;
19745;6754938;1009610752;21733376;1116069888;0;0;0;0;0;0;0;0;0;0;0;4118;0;0;89;0;80;0;
19746;4512813;1009610752;21733376;1116069888;0;0;0;0;0;0;0;0;0;0;0;3486;0;0;89;0;80;0;
19747;5525683;1009610752;21733376;1116069888;0;0;0;0;0;0;0;0;0;0;0;4178;0;0;89;0;80;0;
19748;4112372;1009610752;21733376;1116069888;0;0;0;0;0;0;0;0;0;0;0;3587;0;0;89;0;80;0;
19749;5431116;1009610752;21733376;1116069888;0;0;0;0;0;0;0;0;0;0;0;3456;0;0;89;0;80;0;
19750;4683162;1009610752;21733376;1116069888;0;0;0;0;0;0;0;0;0;0;0;3436;0;0;89;0;80;0;
19751;5983772;1009610752;21733376;1116069888;0;0;0;0;0;0;0;0;0;0;0;3206;0;0;89;0;80;0;
19752;5003854;1009610752;21733376;1116069888;0;0;0;0;0;0;0;0;0;0;0;3397;0;0;89;0;80;0;
19753;5723804;1009610752;21733376;1116069888;0;0;0;0;0;0;0;0;0;0;0;3256;0;0;89;0;80;0;
19754;6601530;1009610752;21733376;1116069888;0;0;0;0;0;0;0;0;0;0;0;5690;0;0;89;0;80;0;
19755;7156311;1009610752;21733376;1116069888;0;0;0;0;0;0;0;0;0;0;0;6052;0;0;89;0;80;0;
19756;10117795;1009610752;21733376;1116069888;0;0;0;0;0;0;0;0;0;0;0;5430;0;0;89;0;80;0;
19757;7938749;1009610752;21737472;1116073984;0;0;0;0;0;0;0;0;0;0;0;5370;0;0;89;0;80;0;
19758;7822511;1009610752;21741568;1116078080;0;0;0;0;0;0;0;0;0;0;0;4498;0;0;89;0;80;0;
19759;6061357;1009610752;21741568;1116078080;0;0;0;0;0;0;0;0;0;0;0;5330;0;0;89;0;80;0;
19760;6810372;1009610752;21741568;1116078080;0;0;0;0;0;0;0;0;0;0;0;4048;0;0;89;0;80;0;
19761;5703917;1009610752;21741568;1116078080;0;0;0;0;0;0;0;0;0;0;0;4929;0;0;89;0;80;0;
19762;5396511;1009610752;21741568;1116078080;0;0;0;0;0;0;0;0;0;0;0;4719;0;0;89;0;80;0;
19763;7162894;1009610752;21741568;1116078080;0;0;0;0;0;0;0;0;0;0;0;5139;0;0;89;0;80;0;
19764;6472919;1009610752;21733376;1116069888;0;0;0;0;0;0;0;0;0;0;0;4218;0;0;89;0;80;0;
19765;6977345;1009610752;21733376;1116069888;0;0;0;0;0;0;0;0;0;0;0;5069;0;0;89;0;80;0;
19766;7218317;1009610752;21733376;1116069888;0;0;0;0;0;0;0;0;0;0;0;3937;0;0;89;0;80;0;
19767;6698422;1009610752;21733376;1116069888;0;0;0;0;0;0;0;0;0;0;0;4528;0;0;89;0;80;0;
19768;5564816;1009610752;21733376;1116069888;0;0;0;0;0;0;0;0;0;0;0;4448;0;0;89;0;80;0;
19769;7750485;1009610752;21733376;1116069888;0;0;0;0;0;0;0;0;0;0;0;5140;0;0;89;0;80;0;
19770;7263442;1009610752;21733376;1116069888;0;0;0;0;0;0;0;0;0;0;0;4859;0;0;89;0;80;0;
19771;6885323;1009610752;21733376;1116069888;0;0;0;0;0;0;0;0;0;0;0;5811;0;0;89;0;80;0;
19772;5861633;1009610752;21733376;1116069888;0;0;0;0;0;0;0;0;0;0;0;6863;0;0;89;0;80;0;
19773;7056704;1009610752;21733376;1116069888;0;0;0;0;0;0;0;0;0;0;0;4167;0;0;89;0;80;0;
19774;4575851;1009610752;21733376;1116069888;0;0;0;0;0;0;0;0;0;0;0;5280;0;0;89;0;80;0;
19775;6388901;1009610752;21733376;1116069888;0;0;0;0;0;0;0;0;0;0;0;4979;0;0;89;0;80;0;
19776;3743350;1009610752;21733376;1116069888;0;0;0;0;0;0;0;0;0;0;0;3566;0;0;89;0;80;0;
19777;7244496;1009610752;21733376;1116069888;0;0;0;0;0;0;0;0;0;0;0;5560;0;0;89;0;80;0;
19778;14035522;1009610752;21733376;1116069888;0;0;0;0;0;0;0;0;0;0;0;4568;0;0;89;0;80;0;
19779;7215913;1009610752;21733376;1116069888;0;0;0;0;0;0;0;0;0;0;0;6683;0;0;89;0;80;0;
19780;6579179;1009610752;21733376;1116069888;0;0;0;0;0;0;0;0;0;0;0;4699;0;0;89;0;80;0;
19781;5269012;1009610752;21733376;1116069888;0;0;0;0;0;0;0;0;0;0;0;3977;0;0;89;0;80;0;
19782;5148626;1009610752;21733376;1116069888;0;0;0;0;0;0;0;0;0;0;0;3777;0;0;89;0;80;0;
19783;5354252;1009610752;21733376;1116069888;0;0;0;0;0;0;0;0;0;0;0;3647;0;0;89;0;80;0;
19784;4681619;1009610752;21733376;1116069888;0;0;0;0;0;0;0;0;0;0;0;2675;0;0;89;0;80;0;
19785;5466422;1009610752;21733376;1116069888;0;0;0;0;0;0;0;0;0;0;0;3086;0;0;89;0;80;0;
19786;3593139;1009610752;21733376;1116069888;0;0;0;0;0;0;0;0;0;0;0;2766;0;0;89;0;80;0;
19787;4832443;1009610752;21733376;1116069888;0;0;0;0;0;0;0;0;0;0;0;2855;0;0;89;0;80;0;
19788;4556535;1009610752;21733376;1116069888;0;0;0;0;0;0;0;0;0;0;0;2345;0;0;89;0;80;0;
19789;5290391;1009610752;21733376;1116069888;0;0;0;0;0;0;0;0;0;0;0;3206;0;0;89;0;80;0;
19790;4744659;1009610752;21733376;1116069888;0;0;0;0;0;0;0;0;0;0;0;3626;0;0;89;0;80;0;
19791;6189117;1009610752;21733376;1116069888;0;0;0;0;0;0;0;0;0;0;0;2896;0;0;89;0;80;0;
19792;3777955;1009610752;21733376;1116069888;0;0;0;0;0;0;0;0;0;0;0;2404;0;0;89;0;80;0;
19793;5256668;1009610752;21733376;1116069888;0;0;0;0;0;0;0;0;0;0;0;2425;0;0;89;0;80;0;
19794;2604715;1009610752;21733376;1116069888;0;0;0;0;0;0;0;0;0;0;0;2204;0;0;89;0;80;0;
19795;4926980;1009610752;21733376;1116069888;0;0;0;0;0;0;0;0;0;0;0;2214;0;0;89;0;80;0;
19796;3899322;1009610752;21733376;1116069888;0;0;0;0;0;0;0;0;0;0;0;2405;0;0;89;0;80;0;
19797;5040763;1009610752;21733376;1116069888;0;0;0;0;0;0;0;0;0;0;0;2435;0;0;89;0;80;0;
19798;4951866;1009610752;21733376;1116069888;0;0;0;0;0;0;0;0;0;0;0;3296;0;0;89;0;80;0;
19799;5273990;1009610752;21733376;1116069888;0;0;0;0;0;0;0;0;0;0;0;2545;0;0;89;0;80;0;
19800;3961820;1009610752;21733376;1116069888;0;0;0;0;0;0;0;0;0;0;0;3467;0;0;89;0;80;0;
19801;5192197;1009610752;21733376;1116069888;0;0;0;0;0;0;0;0;0;0;0;2765;0;0;89;0;80;0;
19802;5208247;1009610752;21733376;1116069888;0;0;0;0;0;0;0;0;0;0;0;3166;0;0;89;0;80;0;
19803;5521434;1009610752;21733376;1116069888;0;0;0;0;0;0;0;0;0;0;0;2715;0;0;89;0;80;0;
19804;3221511;1009610752;21733376;1116069888;0;0;0;0;0;0;0;0;0;0;0;2886;0;0;89;0;80;0;
19805;5487842;1009610752;21733376;1116069888;0;0;0;0;0;0;0;0;0;0;0;2355;0;0;89;0;80;0;
19806;3799125;1009610752;21733376;1116069888;0;0;0;0;0;0;0;0;0;0;0;2735;0;0;89;0;80;0;
19807;4921700;1009610752;21733376;1116069888;0;0;0;0;0;0;0;0;0;0;0;2605;0;0;89;0;80;0;
19808;4326294;1009610752;21733376;1116069888;0;0;0;0;0;0;0;0;0;0;0;2856;0;0;89;0;80;0;
19809;5203929;1009610752;21733376;1116069888;0;0;0;0;0;0;0;0;0;0;0;3496;0;0;89;0;80;0;
19810;4239600;1009610752;21733376;1116069888;0;0;0;0;0;0;0;0;0;0;0;2935;0;0;89;0;80;0;
19811;5217515;1009610752;21733376;1116069888;0;0;0;0;0;0;0;0;0;0;0;2795;0;0;89;0;80;0;
19812;3373647;1009610752;21733376;1116069888;0;0;0;0;0;0;0;0;0;0;0;2665;0;0;89;0;80;0;
19813;5388225;1009610752;21733376;1116069888;0;0;0;0;0;0;0;0;0;0;0;2885;0;0;89;0;80;0;
19814;5280794;1009610752;21733376;1116069888;0;0;0;0;0;0;0;0;0;0;0;2625;0;0;89;0;80;0;
19815;5329926;1009610752;21733376;1116069888;0;0;0;0;0;0;0;0;0;0;0;2595;0;0;89;0;80;0;
19816;4060585;1009610752;21733376;1116069888;0;0;0;0;0;0;0;0;0;0;0;2806;0;0;89;0;80;0;
19817;5734184;1009610752;21733376;1116069888;0;0;0;0;0;0;0;0;0;0;0;2835;0;0;89;0;80;0;
19818;3683988;1009610752;21733376;1116069888;0;0;0;0;0;0;0;0;0;0;0;2955;0;0;89;0;80;0;
19819;5863566;1009610752;21733376;1116069888;0;0;0;0;0;0;0;0;0;0;0;3306;0;0;89;0;80;0;
19820;3835433;1009610752;21733376;1116069888;0;0;0;0;0;0;0;0;0;0;0;2695;0;0;89;0;80;0;
19821;6592012;1014874112;28348416;1122684928;0;0;0;0;0;0;0;0;0;0;0;3596;0;0;89;0;80;0;
19822;4078419;1014874112;28348416;1122684928;0;0;0;0;0;0;0;0;0;0;0;3126;0;0;89;0;80;0;
19823;5166319;1014874112;28348416;1122684928;0;0;0;0;0;0;0;0;0;0;0;3947;0;0;89;0;80;0;
19824;4806865;1014874112;28348416;1122684928;0;0;0;0;0;0;0;0;0;0;0;3627;0;0;89;0;80;0;
19825;5122006;1014874112;28348416;1122684928;0;0;0;0;0;0;0;0;0;0;0;2835;0;0;89;0;80;0;
19826;3582349;1014874112;28348416;1122684928;0;0;0;0;0;0;0;0;0;0;0;2294;0;0;89;0;80;0;
19827;5793004;1014874112;28348416;1122684928;0;0;0;0;0;0;0;0;0;0;0;2485;0;0;89;0;80;0;
19828;3375701;1014874112;28348416;1122684928;0;0;0;0;0;0;0;0;0;0;0;2996;0;0;89;0;80;0;
19829;5379629;1014874112;28348416;1122684928;0;0;0;0;0;0;0;0;0;0;0;2815;0;0;89;0;80;0;
19830;4055105;1009610752;21733376;1116069888;0;0;0;0;0;0;0;0;0;0;0;2915;0;0;89;0;80;0;
19831;5163363;1009610752;21733376;1116069888;0;0;0;0;0;0;0;0;0;0;0;2766;0;0;89;0;80;0;
19832;3836294;1009610752;21733376;1116069888;0;0;0;0;0;0;0;0;0;0;0;2314;0;0;89;0;80;0;
19833;4644149;1009610752;21733376;1116069888;0;0;0;0;0;0;0;0;0;0;0;2795;0;0;89;0;80;0;
19834;4457530;1009610752;21733376;1116069888;0;0;0;0;0;0;0;0;0;0;0;3076;0;0;89;0;80;0;
19835;5729685;1009610752;21733376;1116069888;0;0;0;0;0;0;0;0;0;0;0;3687;0;0;89;0;80;0;
19836;4207380;1009610752;21733376;1116069888;0;0;0;0;0;0;0;0;0;0;0;2925;0;0;89;0;80;0;
19837;6415652;1009610752;21733376;1116069888;0;0;0;0;0;0;0;0;0;0;0;2605;0;0;89;0;80;0;
19838;3447816;1009610752;21733376;1116069888;0;0;0;0;0;0;0;0;0;0;0;3146;0;0;89;0;80;0;
19839;4990208;1009610752;21733376;1116069888;0;0;0;0;0;0;0;0;0;0;0;2083;0;0;89;0;80;0;
19840;2859863;1009610752;21733376;1116069888;0;0;0;0;0;0;0;0;0;0;0;1864;0;0;89;0;80;0;
19841;5711441;1009610752;21733376;1116069888;0;0;0;0;0;0;0;0;0;0;0;3577;0;0;89;0;80;0;
19842;4145795;1009610752;21733376;1116069888;0;0;0;0;0;0;0;0;0;0;0;3066;0;0;89;0;80;0;
19843;5671486;1009610752;21733376;1116069888;0;0;0;0;0;0;0;0;0;0;0;3366;0;0;89;0;80;0;
19844;3738201;1009610752;21733376;1116069888;0;0;0;0;0;0;0;0;0;0;0;2745;0;0;89;0;80;0;
19845;5405448;1009610752;21733376;1116069888;0;0;0;0;0;0;0;0;0;0;0;2725;0;0;89;0;80;0;
19846;3200843;1009610752;21733376;1116069888;0;0;0;0;0;0;0;0;0;0;0;2675;0;0;89;0;80;0;
19847;5013062;1009610752;21733376;1116069888;0;0;0;0;0;0;0;0;0;0;0;3276;0;0;89;0;80;0;
19848;5124811;1009610752;21733376;1116069888;0;0;0;0;0;0;0;0;0;0;0;3306;0;0;89;0;80;0;
19849;5383085;1009610752;21733376;1116069888;0;0;0;0;0;0;0;0;0;0;0;3877;0;0;89;0;80;0;
19850;3963573;1009610752;21733376;1116069888;0;0;0;0;0;0;0;0;0;0;0;3246;0;0;89;0;80;0;
19851;5472874;1009610752;21733376;1116069888;0;0;0;0;0;0;0;0;0;0;0;3307;0;0;89;0;80;0;
19852;5423321;1009610752;21733376;1116069888;0;0;0;0;0;0;0;0;0;0;0;3136;0;0;89;0;80;0;
19853;5768448;1009610752;21733376;1116069888;0;0;0;0;0;0;0;0;0;0;0;3347;0;0;89;0;80;0;
19854;3608507;1009610752;21733376;1116069888;0;0;0;0;0;0;0;0;0;0;0;2244;0;0;89;0;80;0;
19855;5014544;1009610752;21733376;1116069888;0;0;0;0;0;0;0;0;0;0;0;2976;0;0;89;0;80;0;
19856;4829778;1009610752;21733376;1116069888;0;0;0;0;0;0;0;0;0;0;0;3837;0;0;89;0;80;0;
19857;6507524;1009610752;21733376;1116069888;0;0;0;0;0;0;0;0;0;0;0;4058;0;0;89;0;80;0;
19858;5856714;1009610752;21733376;1116069888;0;0;0;0;0;0;0;0;0;0;0;4409;0;0;89;0;80;0;
19859;5754893;1009610752;21733376;1116069888;0;0;0;0;0;0;0;0;0;0;0;4138;0;0;89;0;80;0;
19860;7936343;1009610752;21733376;1116069888;0;0;0;0;0;0;0;0;0;0;0;4378;0;0;89;0;80;0;
19861;6442432;1009610752;21733376;1116069888;0;0;0;0;0;0;0;0;0;0;0;4849;0;0;89;0;80;0;
19862;5733262;1009610752;21733376;1116069888;0;0;0;0;0;0;0;0;0;0;0;4248;0;0;89;0;80;0;
19863;6453473;1009610752;21733376;1116069888;0;0;0;0;0;0;0;0;0;0;0;4679;0;0;89;0;80;0;
19864;5865420;1009610752;21733376;1116069888;0;0;0;0;0;0;0;0;0;0;0;5240;0;0;89;0;80;0;
19865;5985375;1009610752;21733376;1116069888;0;0;0;0;0;0;0;0;0;0;0;3998;0;0;89;0;80;0;
19866;6091474;1009610752;21733376;1116069888;0;0;0;0;0;0;0;0;0;0;0;3597;0;0;89;0;80;0;
19867;6028636;1009610752;21733376;1116069888;0;0;0;0;0;0;0;0;0;0;0;5460;0;0;89;0;80;0;
19868;3727781;1009610752;21733376;1116069888;0;0;0;0;0;0;0;0;0;0;0;3256;0;0;89;0;80;0;
19869;7331429;1009610752;21733376;1116069888;0;0;0;0;0;0;0;0;0;0;0;3757;0;0;89;0;80;0;
19870;3870749;1009610752;21733376;1116069888;0;0;0;0;0;0;0;0;0;0;0;5500;0;0;89;0;80;0;
19871;7070289;1009610752;21733376;1116069888;0;0;0;0;0;0;0;0;0;0;0;3616;0;0;89;0;80;0;
19872;6729049;1009610752;21733376;1116069888;0;0;0;0;0;0;0;0;0;0;0;3918;0;0;89;0;80;0;
19873;5305179;1009610752;21733376;1116069888;0;0;0;0;0;0;0;0;0;0;0;3757;0;0;89;0;80;0;
19874;7338873;1009610752;21733376;1116069888;0;0;0;0;0;0;0;0;0;0;0;4389;0;0;89;0;80;0;
19875;6341102;1009610752;21733376;1116069888;0;0;0;0;0;0;0;0;0;0;0;4598;0;0;89;0;80;0;
19876;5415166;1009610752;21733376;1116069888;0;0;0;0;0;0;0;0;0;0;0;4749;0;0;89;0;80;0;
19877;6948982;1009610752;21733376;1116069888;0;0;0;0;0;0;0;0;0;0;0;5700;0;0;89;0;80;0;
19878;6119426;1009610752;21733376;1116069888;0;0;0;0;0;0;0;0;0;0;0;4218;0;0;89;0;80;0;
19879;6402878;1009610752;21733376;1116069888;0;0;0;0;0;0;0;0;0;0;0;3998;0;0;89;0;80;0;
19880;4846088;1009610752;21733376;1116069888;0;0;0;0;0;0;0;0;0;0;0;4078;0;0;89;0;80;0;
19881;6040478;1009610752;21733376;1116069888;0;0;0;0;0;0;0;0;0;0;0;3818;0;0;89;0;80;0;
19882;6784744;1009610752;21733376;1116069888;0;0;0;0;0;0;0;0;0;0;0;3537;0;0;89;0;80;0;
19883;7178572;1009610752;21733376;1116069888;0;0;0;0;0;0;0;0;0;0;0;4409;0;0;89;0;80;0;
19884;4472958;1009610752;21733376;1116069888;0;0;0;0;0;0;0;0;0;0;0;3456;0;0;89;0;80;0;
19885;6276140;1009610752;21733376;1116069888;0;0;0;0;0;0;0;0;0;0;0;4609;0;0;89;0;80;0;
19886;7817451;1009610752;21733376;1116069888;0;0;0;0;0;0;0;0;0;0;0;3767;0;0;89;0;80;0;
19887;7483244;1009610752;21733376;1116069888;0;0;0;0;0;0;0;0;0;0;0;3717;0;0;89;0;80;0;
19888;6803008;1009610752;21733376;1116069888;0;0;0;0;0;0;0;0;0;0;0;4739;0;0;89;0;80;0;
19889;7148476;1009610752;21733376;1116069888;0;0;0;0;0;0;0;0;0;0;0;3837;0;0;89;0;80;0;
19890;6845808;1009610752;21733376;1116069888;0;0;0;0;0;0;0;0;0;0;0;3556;0;0;89;0;80;0;
19891;6698231;1009610752;21733376;1116069888;0;0;0;0;0;0;0;0;0;0;0;2965;0;0;89;0;80;0;
19892;5489585;1009610752;21733376;1116069888;0;0;0;0;0;0;0;0;0;0;0;4118;0;0;89;0;80;0;
19893;6660511;1009610752;21733376;1116069888;0;0;0;0;0;0;0;0;0;0;0;3767;0;0;89;0;80;0;
19894;4867649;1009610752;21733376;1116069888;0;0;0;0;0;0;0;0;0;0;0;4168;0;0;89;0;80;0;
19895;6040458;1009610752;21733376;1116069888;0;0;0;0;0;0;0;0;0;0;0;3687;0;0;89;0;80;0;
19896;5802171;1009610752;21733376;1116069888;0;0;0;0;0;0;0;0;0;0;0;3987;0;0;89;0;80;0;
19897;7040824;1009610752;21733376;1116069888;0;0;0;0;0;0;0;0;0;0;0;3306;0;0;89;0;80;0;
19898;6035779;1009610752;21733376;1116069888;0;0;0;0;0;0;0;0;0;0;0;4388;0;0;89;0;80;0;
19899;6904558;1009610752;21733376;1116069888;0;0;0;0;0;0;0;0;0;0;0;3817;0;0;89;0;80;0;
19900;6687983;1009610752;21733376;1116069888;0;0;0;0;0;0;0;0;0;0;0;3767;0;0;89;0;80;0;
19901;6776508;1009610752;21733376;1116069888;0;0;0;0;0;0;0;0;0;0;0;4308;0;0;89;0;80;0;
19902;5684901;1009610752;21733376;1116069888;0;0;0;0;0;0;0;0;0;0;0;3797;0;0;89;0;80;0;
19903;7761055;1009610752;21733376;1116069888;0;0;0;0;0;0;0;0;0;0;0;4889;0;0;89;0;80;0;
19904;6820972;1009610752;21733376;1116069888;0;0;0;0;0;0;0;0;0;0;0;4108;0;0;89;0;80;0;
19905;6302519;1009610752;21733376;1116069888;0;0;0;0;0;0;0;0;0;0;0;4759;0;0;89;0;80;0;
19906;5651017;1009610752;21733376;1116069888;0;0;0;0;0;0;0;0;0;0;0;3346;0;0;89;0;80;0;
19907;5687797;1009610752;21733376;1116069888;0;0;0;0;0;0;0;0;0;0;0;3917;0;0;89;0;80;0;
19908;5394086;1009610752;21733376;1116069888;0;0;0;0;0;0;0;0;0;0;0;3346;0;0;89;0;80;0;
19909;5604641;1009610752;21733376;1116069888;0;0;0;0;0;0;0;0;0;0;0;3757;0;0;89;0;80;0;
19910;3989602;1009610752;21733376;1116069888;0;0;0;0;0;0;0;0;0;0;0;3056;0;0;89;0;80;0;
19911;6562157;1009610752;21733376;1116069888;0;0;0;0;0;0;0;0;0;0;0;4338;0;0;89;0;80;0;
19912;5204620;1009610752;21733376;1116069888;0;0;0;0;0;0;0;0;0;0;0;3427;0;0;89;0;80;0;
19913;6068310;1009610752;21733376;1116069888;0;0;0;0;0;0;0;0;0;0;0;4138;0;0;89;0;80;0;
19914;5144027;1009610752;21733376;1116069888;0;0;0;0;0;0;0;0;0;0;0;3737;0;0;89;0;80;0;
19915;7433521;1014874112;28348416;1122684928;0;0;0;0;0;0;0;0;0;0;0;4549;0;0;89;0;80;0;
19916;3921304;1014874112;28348416;1122684928;0;0;0;0;0;0;0;0;0;0;0;4158;0;0;89;0;80;0;
19917;6498718;1014874112;28348416;1122684928;0;0;0;0;0;0;0;0;0;0;0;3797;0;0;89;0;80;0;
19918;8171875;1014874112;28348416;1122684928;0;0;0;0;0;0;0;0;0;0;0;4088;0;0;89;0;80;0;
19919;5463957;1014874112;28348416;1122684928;0;0;0;0;0;0;0;0;0;0;0;4288;0;0;89;0;80;0;
19920;6245403;1014874112;28348416;1122684928;0;0;0;0;0;0;0;0;0;0;0;4028;0;0;89;0;80;0;
19921;6286881;1014874112;28348416;1122684928;0;0;0;0;0;0;0;0;0;0;0;4539;0;0;89;0;80;0;
19922;4385094;1014874112;28348416;1122684928;0;0;0;0;0;0;0;0;0;0;0;3617;0;0;89;0;80;0;
19923;5634898;1014874112;28348416;1122684928;0;0;0;0;0;0;0;0;0;0;0;4599;0;0;89;0;80;0;
19924;5015335;1009610752;21733376;1116069888;0;0;0;0;0;0;0;0;0;0;0;2705;0;0;89;0;80;0;
19925;6209996;1009610752;21733376;1116069888;0;0;0;0;0;0;0;0;0;0;0;4679;0;0;89;0;80;0;
19926;4634231;1009610752;21733376;1116069888;0;0;0;0;0;0;0;0;0;0;0;10960;0;0;89;0;80;0;
19927;6654920;1009610752;21733376;1116069888;0;0;0;0;0;0;0;0;0;0;0;3837;0;0;89;0;80;0;
19928;3851803;1009610752;21733376;1116069888;0;0;0;0;0;0;0;0;0;0;0;4078;0;0;89;0;80;0;
19929;6499880;1009610752;21733376;1116069888;0;0;0;0;0;0;0;0;0;0;0;4018;0;0;89;0;80;0;
19930;5178983;1009610752;21733376;1116069888;0;0;0;0;0;0;0;0;0;0;0;3216;0;0;89;0;80;0;
19931;6713871;1009610752;21733376;1116069888;0;0;0;0;0;0;0;0;0;0;0;2956;0;0;89;0;80;0;
19932;5564155;1009610752;21733376;1116069888;0;0;0;0;0;0;0;0;0;0;0;3446;0;0;89;0;80;0;
19933;5592779;1009610752;21733376;1116069888;0;0;0;0;0;0;0;0;0;0;0;4418;0;0;89;0;80;0;
19934;4622619;1009610752;21733376;1116069888;0;0;0;0;0;0;0;0;0;0;0;3377;0;0;89;0;80;0;
19935;6794773;1009610752;21733376;1116069888;0;0;0;0;0;0;0;0;0;0;0;3857;0;0;89;0;80;0;
19936;5317472;1009610752;21733376;1116069888;0;0;0;0;0;0;0;0;0;0;0;4097;0;0;89;0;80;0;
19937;8129485;1009610752;21733376;1116069888;0;0;0;0;0;0;0;0;0;0;0;4318;0;0;89;0;80;0;
19938;5707103;1009610752;21733376;1116069888;0;0;0;0;0;0;0;0;0;0;0;3787;0;0;89;0;80;0;
19939;7029102;1009610752;21733376;1116069888;0;0;0;0;0;0;0;0;0;0;0;3136;0;0;89;0;80;0;
19940;4500711;1009610752;21733376;1116069888;0;0;0;0;0;0;0;0;0;0;0;3667;0;0;89;0;80;0;
19941;6478901;1009610752;21733376;1116069888;0;0;0;0;0;0;0;0;0;0;0;4358;0;0;89;0;80;0;
19942;5397072;1009610752;21733376;1116069888;0;0;0;0;0;0;0;0;0;0;0;4368;0;0;89;0;80;0;
19943;7528008;1009610752;21733376;1116069888;0;0;0;0;0;0;0;0;0;0;0;3517;0;0;89;0;80;0;
19944;6003168;1009610752;21733376;1116069888;0;0;0;0;0;0;0;0;0;0;0;3306;0;0;89;0;80;0;
19945;5951221;1009610752;21733376;1116069888;0;0;0;0;0;0;0;0;0;0;0;3827;0;0;89;0;80;0;
19946;4946286;1009610752;21733376;1116069888;0;0;0;0;0;0;0;0;0;0;0;3597;0;0;89;0;80;0;
19947;5783276;1009610752;21733376;1116069888;0;0;0;0;0;0;0;0;0;0;0;3757;0;0;89;0;80;0;
19948;4205366;1009610752;21733376;1116069888;0;0;0;0;0;0;0;0;0;0;0;3336;0;0;89;0;80;0;
19949;5779779;1009610752;21733376;1116069888;0;0;0;0;0;0;0;0;0;0;0;3978;0;0;89;0;80;0;
19950;4129665;1009610752;21733376;1116069888;0;0;0;0;0;0;0;0;0;0;0;2775;0;0;89;0;80;0;
19951;5249444;1009610752;21733376;1116069888;0;0;0;0;0;0;0;0;0;0;0;3096;0;0;89;0;80;0;
19952;6273255;1009610752;21733376;1116069888;0;0;0;0;0;0;0;0;0;0;0;4559;0;0;89;0;80;0;
19953;5461051;1009610752;21733376;1116069888;0;0;0;0;0;0;0;0;0;0;0;4439;0;0;89;0;80;0;
19954;4642517;1009610752;21733376;1116069888;0;0;0;0;0;0;0;0;0;0;0;2855;0;0;89;0;80;0;
19955;6681270;1009610752;21733376;1116069888;0;0;0;0;0;0;0;0;0;0;0;4178;0;0;89;0;80;0;
19956;4744177;1009610752;21733376;1116069888;0;0;0;0;0;0;0;0;0;0;0;3527;0;0;89;0;80;0;
19957;5468997;1009610752;21733376;1116069888;0;0;0;0;0;0;0;0;0;0;0;4688;0;0;89;0;80;0;
19958;4616037;1009610752;21733376;1116069888;0;0;0;0;0;0;0;0;0;0;0;4288;0;0;89;0;80;0;
19959;11813906;1009610752;21733376;1116069888;0;0;0;0;0;0;0;0;0;0;0;6322;0;0;89;0;80;0;
19960;7951883;1009610752;21733376;1116069888;0;0;0;0;0;0;0;0;0;0;0;4849;0;0;89;0;80;0;
19961;6031361;1009610752;21733376;1116069888;0;0;0;0;0;0;0;0;0;0;0;4418;0;0;89;0;80;0;
19962;5448529;1009610752;21733376;1116069888;0;0;0;0;0;0;0;0;0;0;0;3997;0;0;89;0;80;0;
19963;6095602;1009610752;21733376;1116069888;0;0;0;0;0;0;0;0;0;0;0;3807;0;0;89;0;80;0;
19964;4910630;1009610752;21733376;1116069888;0;0;0;0;0;0;0;0;0;0;0;3827;0;0;89;0;80;0;
19965;5833420;1009610752;21733376;1116069888;0;0;0;0;0;0;0;0;0;0;0;3737;0;0;89;0;80;0;
19966;5518360;1009610752;21733376;1116069888;0;0;0;0;0;0;0;0;0;0;0;4619;0;0;89;0;80;0;
19967;6252205;1009610752;21733376;1116069888;0;0;0;0;0;0;0;0;0;0;0;3657;0;0;89;0;80;0;
19968;5256127;1009610752;21733376;1116069888;0;0;0;0;0;0;0;0;0;0;0;3817;0;0;89;0;80;0;
19969;6269538;1009610752;21733376;1116069888;0;0;0;0;0;0;0;0;0;0;0;3787;0;0;89;0;80;0;
19970;5456724;1009610752;21733376;1116069888;0;0;0;0;0;0;0;0;0;0;0;4188;0;0;89;0;80;0;
19971;5954808;1009610752;21733376;1116069888;0;0;0;0;0;0;0;0;0;0;0;5791;0;0;89;0;80;0;
19972;6464554;1009610752;21733376;1116069888;0;0;0;0;0;0;0;0;0;0;0;3396;0;0;89;0;80;0;
19973;6603854;1009610752;21733376;1116069888;0;0;0;0;0;0;0;0;0;0;0;4508;0;0;89;0;80;0;
19974;3986927;1009610752;21733376;1116069888;0;0;0;0;0;0;0;0;0;0;0;3817;0;0;89;0;80;0;
19975;6619043;1009610752;21733376;1116069888;0;0;0;0;0;0;0;0;0;0;0;5090;0;0;89;0;80;0;
19976;3513669;1009610752;21733376;1116069888;0;0;0;0;0;0;0;0;0;0;0;3196;0;0;89;0;80;0;
19977;6999457;1009610752;21733376;1116069888;0;0;0;0;0;0;0;0;0;0;0;3667;0;0;89;0;80;0;
19978;4672513;1009610752;21733376;1116069888;0;0;0;0;0;0;0;0;0;0;0;3567;0;0;89;0;80;0;
19979;6194848;1009610752;21733376;1116069888;0;0;0;0;0;0;0;0;0;0;0;4238;0;0;89;0;80;0;
19980;4538602;1009610752;21733376;1116069888;0;0;0;0;0;0;0;0;0;0;0;4509;0;0;89;0;80;0;
19981;5838861;1009610752;21733376;1116069888;0;0;0;0;0;0;0;0;0;0;0;3457;0;0;89;0;80;0;
19982;4131689;1009610752;21733376;1116069888;0;0;0;0;0;0;0;0;0;0;0;3477;0;0;89;0;80;0;
19983;6614936;1009610752;21733376;1116069888;0;0;0;0;0;0;0;0;0;0;0;4809;0;0;89;0;80;0;
19984;4200116;1009610752;21733376;1116069888;0;0;0;0;0;0;0;0;0;0;0;4068;0;0;89;0;80;0;
19985;6779063;1009610752;21733376;1116069888;0;0;0;0;0;0;0;0;0;0;0;4148;0;0;89;0;80;0;
19986;5540781;1009610752;21733376;1116069888;0;0;0;0;0;0;0;0;0;0;0;3777;0;0;89;0;80;0;
19987;6169179;1009610752;21733376;1116069888;0;0;0;0;0;0;0;0;0;0;0;3717;0;0;89;0;80;0;
19988;6027984;1009610752;21733376;1116069888;0;0;0;0;0;0;0;0;0;0;0;3877;0;0;89;0;80;0;
19989;6577556;1009610752;21733376;1116069888;0;0;0;0;0;0;0;0;0;0;0;3898;0;0;89;0;80;0;
19990;5726349;1009610752;21733376;1116069888;0;0;0;0;0;0;0;0;0;0;0;3516;0;0;89;0;80;0;
19991;6427685;1009610752;21733376;1116069888;0;0;0;0;0;0;0;0;0;0;0;4378;0;0;89;0;80;0;
19992;5753380;1009610752;21733376;1116069888;0;0;0;0;0;0;0;0;0;0;0;4258;0;0;89;0;80;0;
19993;7000849;1009610752;21733376;1116069888;0;0;0;0;0;0;0;0;0;0;0;4429;0;0;89;0;80;0;
19994;5263371;1009610752;21733376;1116069888;0;0;0;0;0;0;0;0;0;0;0;3958;0;0;89;0;80;0;
19995;8443786;1009610752;21733376;1116069888;0;0;0;0;0;0;0;0;0;0;0;4748;0;0;89;0;80;0;
19996;7418252;1009610752;21733376;1116069888;0;0;0;0;0;0;0;0;0;0;0;3146;0;0;89;0;80;0;
19997;6806194;1009610752;21733376;1116069888;0;0;0;0;0;0;0;0;0;0;0;3908;0;0;89;0;80;0;
19998;5020365;1009610752;21733376;1116069888;0;0;0;0;0;0;0;0;0;0;0;3827;0;0;89;0;80;0;
19999;6657996;1009610752;21733376;1116069888;0;0;0;0;0;0;0;0;0;0;0;4719;0;0;89;0;80;0;
20000;6628762;1009610752;21733376;1116069888;0;0;0;0;0;0;0;0;0;0;0;3156;0;0;89;0;80;0;
20001;5734655;1009610752;21733376;1116069888;0;0;0;0;0;0;0;0;0;0;0;4478;0;0;89;0;80;0;
20002;4598094;1009610752;21733376;1116069888;0;0;0;0;0;0;0;0;0;0;0;3256;0;0;89;0;80;0;
20003;6032784;1009610752;21733376;1116069888;0;0;0;0;0;0;0;0;0;0;0;4339;0;0;89;0;80;0;
20004;4599436;1009610752;21733376;1116069888;0;0;0;0;0;0;0;0;0;0;0;4138;0;0;89;0;80;0;
20005;6751361;1009610752;21733376;1116069888;0;0;0;0;0;0;0;0;0;0;0;4309;0;0;89;0;80;0;
20006;4577494;1009610752;21733376;1116069888;0;0;0;0;0;0;0;0;0;0;0;3997;0;0;89;0;80;0;
20007;5585966;1009610752;21733376;1116069888;0;0;0;0;0;0;0;0;0;0;0;3386;0;0;89;0;80;0;
20008;4327406;1009610752;21733376;1116069888;0;0;0;0;0;0;0;0;0;0;0;3046;0;0;89;0;80;0;
20009;5150860;1009610752;21733376;1116069888;0;0;0;0;0;0;0;0;0;0;0;3096;0;0;89;0;80;0;
20010;3895375;1009610752;21733376;1116069888;0;0;0;0;0;0;0;0;0;0;0;2505;0;0;89;0;80;0;
20011;5664273;1009610752;21733376;1116069888;0;0;0;0;0;0;0;0;0;0;0;3326;0;0;89;0;80;0;
20012;4526749;1009610752;21733376;1116069888;0;0;0;0;0;0;0;0;0;0;0;2655;0;0;89;0;80;0;
20013;5089806;1009610752;21733376;1116069888;0;0;0;0;0;0;0;0;0;0;0;2745;0;0;89;0;80;0;
20014;4104408;1009610752;21733376;1116069888;0;0;0;0;0;0;0;0;0;0;0;2565;0;0;89;0;80;0;
20015;5663781;1009610752;21733376;1116069888;0;0;0;0;0;0;0;0;0;0;0;2655;0;0;89;0;80;0;
20016;3717111;1009610752;21733376;1116069888;0;0;0;0;0;0;0;0;0;0;0;2575;0;0;89;0;80;0;
20017;5321660;1009610752;21733376;1116069888;0;0;0;0;0;0;0;0;0;0;0;2655;0;0;89;0;80;0;
20018;4095260;1009610752;21733376;1116069888;0;0;0;0;0;0;0;0;0;0;0;2905;0;0;89;0;80;0;
20019;6029477;1009610752;21733376;1116069888;0;0;0;0;0;0;0;0;0;0;0;2945;0;0;89;0;80;0;
20020;4358584;1009610752;21733376;1116069888;0;0;0;0;0;0;0;0;0;0;0;2685;0;0;89;0;80;0;
20021;5202086;1009610752;21733376;1116069888;0;0;0;0;0;0;0;0;0;0;0;3797;0;0;89;0;80;0;
20022;4697710;1009610752;21733376;1116069888;0;0;0;0;0;0;0;0;0;0;0;2524;0;0;89;0;80;0;
20023;7245679;1009610752;21733376;1116069888;0;0;0;0;0;0;0;0;0;0;0;2785;0;0;89;0;80;0;
20024;4143360;1009610752;21733376;1116069888;0;0;0;0;0;0;0;0;0;0;0;2615;0;0;89;0;80;0;
20025;6693884;1009610752;21733376;1116069888;0;0;0;0;0;0;0;0;0;0;0;2876;0;0;89;0;80;0;
20026;4081755;1009610752;21733376;1116069888;0;0;0;0;0;0;0;0;0;0;0;3006;0;0;89;0;80;0;
20027;6091744;1009610752;21733376;1116069888;0;0;0;0;0;0;0;0;0;0;0;3246;0;0;89;0;80;0;
20028;4677933;1009610752;21733376;1116069888;0;0;0;0;0;0;0;0;0;0;0;3987;0;0;89;0;80;0;
20029;6153199;1009610752;21733376;1116069888;0;0;0;0;0;0;0;0;0;0;0;3346;0;0;89;0;80;0;
20030;5073544;1009610752;21733376;1116069888;0;0;0;0;0;0;0;0;0;0;0;2906;0;0;89;0;80;0;
20031;6151056;1009610752;21733376;1116069888;0;0;0;0;0;0;0;0;0;0;0;2475;0;0;89;0;80;0;
20032;3992648;1009610752;21733376;1116069888;0;0;0;0;0;0;0;0;0;0;0;2134;0;0;89;0;80;0;
20033;5672648;1014874112;28348416;1122684928;0;0;0;0;0;0;0;0;0;0;0;2485;0;0;89;0;80;0;
20034;4978717;1014874112;28348416;1122684928;0;0;0;0;0;0;0;0;0;0;0;2695;0;0;89;0;80;0;
20035;5603289;1014874112;28348416;1122684928;0;0;0;0;0;0;0;0;0;0;0;2775;0;0;89;0;80;0;
20036;3247631;1014874112;28348416;1122684928;0;0;0;0;0;0;0;0;0;0;0;2635;0;0;89;0;80;0;
20037;4990850;1014874112;28348416;1122684928;0;0;0;0;0;0;0;0;0;0;0;3256;0;0;89;0;80;0;
20038;5305790;1014874112;28348416;1122684928;0;0;0;0;0;0;0;0;0;0;0;2765;0;0;89;0;80;0;
20039;5710559;1014874112;28348416;1122684928;0;0;0;0;0;0;0;0;0;0;0;3096;0;0;89;0;80;0;
20040;4530657;1014874112;28348416;1122684928;0;0;0;0;0;0;0;0;0;0;0;48812;0;0;89;0;80;0;
20041;6583687;1014874112;28348416;1122684928;0;0;0;0;0;0;0;0;0;0;0;3166;0;0;89;0;80;0;
20042;4514987;1009610752;21733376;1116069888;0;0;0;0;0;0;0;0;0;0;0;2725;0;0;89;0;80;0;
20043;6016503;1009610752;21733376;1116069888;0;0;0;0;0;0;0;0;0;0;0;2735;0;0;89;0;80;0;
20044;3233985;1009610752;21733376;1116069888;0;0;0;0;0;0;0;0;0;0;0;2254;0;0;89;0;80;0;
20045;4538862;1009610752;21733376;1116069888;0;0;0;0;0;0;0;0;0;0;0;2865;0;0;89;0;80;0;
20046;3684901;1009610752;21733376;1116069888;0;0;0;0;0;0;0;0;0;0;0;2635;0;0;89;0;80;0;
20047;5532626;1009610752;21733376;1116069888;0;0;0;0;0;0;0;0;0;0;0;2835;0;0;89;0;80;0;
20048;4004781;1009610752;21733376;1116069888;0;0;0;0;0;0;0;0;0;0;0;2865;0;0;89;0;80;0;
20049;6126229;1009610752;21733376;1116069888;0;0;0;0;0;0;0;0;0;0;0;3266;0;0;89;0;80;0;
20050;3517687;1009610752;21733376;1116069888;0;0;0;0;0;0;0;0;0;0;0;2765;0;0;89;0;80;0;
20051;7218488;1009610752;21733376;1116069888;0;0;0;0;0;0;0;0;0;0;0;4708;0;0;89;0;80;0;
20052;4392528;1009610752;21733376;1116069888;0;0;0;0;0;0;0;0;0;0;0;2846;0;0;89;0;80;0;
20053;5513099;1009610752;21733376;1116069888;0;0;0;0;0;0;0;0;0;0;0;2876;0;0;89;0;80;0;
20054;4653868;1009610752;21733376;1116069888;0;0;0;0;0;0;0;0;0;0;0;3166;0;0;89;0;80;0;
20055;6272133;1009610752;21733376;1116069888;0;0;0;0;0;0;0;0;0;0;0;3206;0;0;89;0;80;0;
20056;4872388;1009610752;21733376;1116069888;0;0;0;0;0;0;0;0;0;0;0;46808;0;0;89;0;80;0;
20057;5483142;1009610752;21733376;1116069888;0;0;0;0;0;0;0;0;0;0;0;2795;0;0;89;0;80;0;
20058;4218231;1009610752;21733376;1116069888;0;0;0;0;0;0;0;0;0;0;0;3025;0;0;89;0;80;0;
20059;5781693;1009610752;21733376;1116069888;0;0;0;0;0;0;0;0;0;0;0;2735;0;0;89;0;80;0;
20060;4209214;1009610752;21733376;1116069888;0;0;0;0;0;0;0;0;0;0;0;3116;0;0;89;0;80;0;
20061;6577235;1009610752;21733376;1116069888;0;0;0;0;0;0;0;0;0;0;0;3066;0;0;89;0;80;0;
20062;3975927;1009610752;21733376;1116069888;0;0;0;0;0;0;0;0;0;0;0;2254;0;0;89;0;80;0;
20063;6049505;1009610752;21733376;1116069888;0;0;0;0;0;0;0;0;0;0;0;2675;0;0;89;0;80;0;
20064;5367346;1009610752;21733376;1116069888;0;0;0;0;0;0;0;0;0;0;0;3036;0;0;89;0;80;0;
20065;5395128;1009610752;21733376;1116069888;0;0;0;0;0;0;0;0;0;0;0;2815;0;0;89;0;80;0;
20066;4436640;1009610752;21733376;1116069888;0;0;0;0;0;0;0;0;0;0;0;3256;0;0;89;0;80;0;
20067;6456008;1009610752;21733376;1116069888;0;0;0;0;0;0;0;0;0;0;0;5010;0;0;89;0;80;0;
20068;3580114;1009610752;21733376;1116069888;0;0;0;0;0;0;0;0;0;0;0;3076;0;0;89;0;80;0;
20069;5201715;1009610752;21733376;1116069888;0;0;0;0;0;0;0;0;0;0;0;3106;0;0;89;0;80;0;
20070;4074912;1009610752;21737472;1116073984;0;0;0;0;0;0;0;0;0;0;0;2976;0;0;89;0;80;0;
20071;5841405;1009610752;21737472;1116073984;0;0;0;0;0;0;0;0;0;0;0;2916;0;0;89;0;80;0;
20072;3386290;1009610752;21737472;1116073984;0;0;0;0;0;0;0;0;0;0;0;2916;0;0;89;0;80;0;
20073;5132365;1009610752;21737472;1116073984;0;0;0;0;0;0;0;0;0;0;0;2665;0;0;89;0;80;0;
20074;4283153;1009610752;21737472;1116073984;0;0;0;0;0;0;0;0;0;0;0;3347;0;0;89;0;80;0;
20075;5365653;1009610752;21737472;1116073984;0;0;0;0;0;0;0;0;0;0;0;3005;0;0;89;0;80;0;
20076;3628084;1009610752;21737472;1116073984;0;0;0;0;0;0;0;0;0;0;0;3075;0;0;89;0;80;0;
20077;5921194;1009610752;21737472;1116073984;0;0;0;0;0;0;0;0;0;0;0;2866;0;0;89;0;80;0;
20078;5569695;1009610752;21737472;1116073984;0;0;0;0;0;0;0;0;0;0;0;2835;0;0;89;0;80;0;
20079;5348942;1009610752;21737472;1116073984;0;0;0;0;0;0;0;0;0;0;0;2985;0;0;89;0;80;0;
20080;3731668;1009610752;21737472;1116073984;0;0;0;0;0;0;0;0;0;0;0;2976;0;0;89;0;80;0;
20081;5698637;1009610752;21737472;1116073984;0;0;0;0;0;0;0;0;0;0;0;3226;0;0;89;0;80;0;
20082;4477557;1009610752;21737472;1116073984;0;0;0;0;0;0;0;0;0;0;0;3397;0;0;89;0;80;0;
20083;4910629;1009610752;21737472;1116073984;0;0;0;0;0;0;0;0;0;0;0;3366;0;0;89;0;80;0;
20084;3529139;1009610752;21737472;1116073984;0;0;0;0;0;0;0;0;0;0;0;2935;0;0;89;0;80;0;
20085;5289670;1009610752;21737472;1116073984;0;0;0;0;0;0;0;0;0;0;0;3336;0;0;89;0;80;0;
20086;3998258;1009610752;21737472;1116073984;0;0;0;0;0;0;0;0;0;0;0;2806;0;0;89;0;80;0;
20087;5358690;1009610752;21737472;1116073984;0;0;0;0;0;0;0;0;0;0;0;3446;0;0;89;0;80;0;
20088;5129449;1009610752;21737472;1116073984;0;0;0;0;0;0;0;0;0;0;0;3176;0;0;89;0;80;0;
20089;5790499;1009610752;21737472;1116073984;0;0;0;0;0;0;0;0;0;0;0;3416;0;0;89;0;80;0;
20090;4007996;1009610752;21737472;1116073984;0;0;0;0;0;0;0;0;0;0;0;3096;0;0;89;0;80;0;
20091;6272703;1009610752;21737472;1116073984;0;0;0;0;0;0;0;0;0;0;0;3316;0;0;89;0;80;0;
20092;3743661;1009610752;21737472;1116073984;0;0;0;0;0;0;0;0;0;0;0;2846;0;0;89;0;80;0;
20093;6164761;1009610752;21737472;1116073984;0;0;0;0;0;0;0;0;0;0;0;3146;0;0;89;0;80;0;
20094;5392773;1009610752;21737472;1116073984;0;0;0;0;0;0;0;0;0;0;0;2995;0;0;89;0;80;0;
20095;5779549;1009610752;21737472;1116073984;0;0;0;0;0;0;0;0;0;0;0;2435;0;0;89;0;80;0;
20096;3847916;1009610752;21737472;1116073984;0;0;0;0;0;0;0;0;0;0;0;2435;0;0;89;0;80;0;
20097;5966379;1009610752;21737472;1116073984;0;0;0;0;0;0;0;0;0;0;0;3076;0;0;89;0;80;0;
20098;4730531;1009610752;21737472;1116073984;0;0;0;0;0;0;0;0;0;0;0;2855;0;0;89;0;80;0;
20099;5488874;1009610752;21737472;1116073984;0;0;0;0;0;0;0;0;0;0;0;2645;0;0;89;0;80;0;
20100;3306661;1009610752;21737472;1116073984;0;0;0;0;0;0;0;0;0;0;0;2625;0;0;89;0;80;0;
20101;5339594;1009610752;21737472;1116073984;0;0;0;0;0;0;0;0;0;0;0;2434;0;0;89;0;80;0;
20102;5027688;1009610752;21737472;1116073984;0;0;0;0;0;0;0;0;0;0;0;2465;0;0;89;0;80;0;
20103;5613538;1009610752;21737472;1116073984;0;0;0;0;0;0;0;0;0;0;0;2996;0;0;89;0;80;0;
20104;4960953;1009610752;21737472;1116073984;0;0;0;0;0;0;0;0;0;0;0;3246;0;0;89;0;80;0;
20105;6727877;1009610752;21737472;1116073984;0;0;0;0;0;0;0;0;0;0;0;2885;0;0;89;0;80;0;
20106;3662369;1009610752;21737472;1116073984;0;0;0;0;0;0;0;0;0;0;0;2395;0;0;89;0;80;0;
20107;5489545;1009610752;21737472;1116073984;0;0;0;0;0;0;0;0;0;0;0;2876;0;0;89;0;80;0;
20108;3244876;1009610752;21737472;1116073984;0;0;0;0;0;0;0;0;0;0;0;2274;0;0;89;0;80;0;
20109;5588440;1009610752;21737472;1116073984;0;0;0;0;0;0;0;0;0;0;0;2605;0;0;89;0;80;0;
20110;5665755;1009610752;21737472;1116073984;0;0;0;0;0;0;0;0;0;0;0;4027;0;0;89;0;80;0;
20111;5565387;1009610752;21737472;1116073984;0;0;0;0;0;0;0;0;0;0;0;3637;0;0;89;0;80;0;
20112;4381177;1009610752;21737472;1116073984;0;0;0;0;0;0;0;0;0;0;0;3837;0;0;89;0;80;0;
20113;6459524;1009610752;21737472;1116073984;0;0;0;0;0;0;0;0;0;0;0;4047;0;0;89;0;80;0;
20114;6194227;1009610752;21737472;1116073984;0;0;0;0;0;0;0;0;0;0;0;3427;0;0;89;0;80;0;
20115;6220175;1009610752;21737472;1116073984;0;0;0;0;0;0;0;0;0;0;0;2665;0;0;89;0;80;0;
20116;4230765;1009610752;21737472;1116073984;0;0;0;0;0;0;0;0;0;0;0;2976;0;0;89;0;80;0;
20117;5889595;1009610752;21737472;1116073984;0;0;0;0;0;0;0;0;0;0;0;3397;0;0;89;0;80;0;
20118;4031350;1009610752;21737472;1116073984;0;0;0;0;0;0;0;0;0;0;0;3286;0;0;89;0;80;0;
20119;5521565;1009610752;21737472;1116073984;0;0;0;0;0;0;0;0;0;0;0;2966;0;0;89;0;80;0;
20120;4165762;1009610752;21737472;1116073984;0;0;0;0;0;0;0;0;0;0;0;3016;0;0;89;0;80;0;
20121;5865380;1009610752;21737472;1116073984;0;0;0;0;0;0;0;0;0;0;0;3907;0;0;89;0;80;0;
20122;6039766;1009610752;21737472;1116073984;0;0;0;0;0;0;0;0;0;0;0;3858;0;0;89;0;80;0;
20123;6689205;1009610752;21741568;1116078080;0;0;0;0;0;0;0;0;0;0;0;3908;0;0;89;0;80;0;
20124;5528378;1009610752;21745664;1116082176;0;0;0;0;0;0;0;0;0;0;0;3828;0;0;89;0;80;0;
20125;6277182;1009610752;21745664;1116082176;0;0;0;0;0;0;0;0;0;0;0;3556;0;0;89;0;80;0;
20126;5812170;1009610752;21745664;1116082176;0;0;0;0;0;0;0;0;0;0;0;3647;0;0;89;0;80;0;
20127;6443945;1014874112;28360704;1122697216;0;0;0;0;0;0;0;0;0;0;0;4137;0;0;89;0;80;0;
20128;4253116;1014874112;28360704;1122697216;0;0;0;0;0;0;0;0;0;0;0;3447;0;0;89;0;80;0;
20129;6002457;1014874112;28360704;1122697216;0;0;0;0;0;0;0;0;0;0;0;4608;0;0;89;0;80;0;
20130;4988636;1015054336;28352512;1122689024;0;0;0;0;0;0;0;0;0;0;0;5220;0;0;89;0;80;0;
20131;5961781;1015054336;28352512;1122689024;0;0;0;0;0;0;0;0;0;0;0;86021;0;0;89;0;80;0;
20132;6311987;1015054336;28352512;1122689024;0;0;0;0;0;0;0;0;0;0;0;4518;0;0;89;0;80;0;
20133;5400508;1015054336;28352512;1122689024;0;0;0;0;0;0;0;0;0;0;0;4408;0;0;89;0;80;0;
20134;4548591;1015054336;28352512;1122689024;0;0;0;0;0;0;0;0;0;0;0;3968;0;0;89;0;80;0;
20135;5661337;1015054336;28352512;1122689024;0;0;0;0;0;0;0;0;0;0;0;4558;0;0;89;0;80;0;
20136;5060390;1009614848;21737472;1116073984;0;0;0;0;0;0;0;0;0;0;0;4178;0;0;89;0;80;0;
20137;5692235;1009614848;21737472;1116073984;0;0;0;0;0;0;0;0;0;0;0;4368;0;0;89;0;80;0;
20138;4439626;1009614848;21737472;1116073984;0;0;0;0;0;0;0;0;0;0;0;4027;0;0;89;0;80;0;
20139;5485557;1009614848;21737472;1116073984;0;0;0;0;0;0;0;0;0;0;0;4028;0;0;89;0;80;0;
20140;5353850;1009614848;21737472;1116073984;0;0;0;0;0;0;0;0;0;0;0;4008;0;0;89;0;80;0;
20141;6937801;1009614848;21737472;1116073984;0;0;0;0;0;0;0;0;0;0;0;4539;0;0;89;0;80;0;
20142;6111481;1009614848;21737472;1116073984;0;0;0;0;0;0;0;0;0;0;0;4098;0;0;89;0;80;0;
20143;5765893;1009614848;21737472;1116073984;0;0;0;0;0;0;0;0;0;0;0;5079;0;0;89;0;80;0;
20144;11404147;1009614848;21737472;1116073984;0;0;0;0;0;0;0;0;0;0;0;5581;0;0;89;0;80;0;
20145;5620401;1009614848;21737472;1116073984;0;0;0;0;0;0;0;0;0;0;0;3496;0;0;89;0;80;0;
20146;6088288;1009614848;21737472;1116073984;0;0;0;0;0;0;0;0;0;0;0;3507;0;0;89;0;80;0;
20147;6963910;1009614848;21737472;1116073984;0;0;0;0;0;0;0;0;0;0;0;3246;0;0;89;0;80;0;
20148;6386256;1009614848;21737472;1116073984;0;0;0;0;0;0;0;0;0;0;0;3347;0;0;89;0;80;0;
20149;6796165;1009614848;21737472;1116073984;0;0;0;0;0;0;0;0;0;0;0;3176;0;0;89;0;80;0;
20150;4729700;1009614848;21737472;1116073984;0;0;0;0;0;0;0;0;0;0;0;2845;0;0;89;0;80;0;
20151;6161595;1009614848;21737472;1116073984;0;0;0;0;0;0;0;0;0;0;0;3156;0;0;89;0;80;0;
20152;4243097;1009614848;21737472;1116073984;0;0;0;0;0;0;0;0;0;0;0;3036;0;0;89;0;80;0;
20153;6976183;1009614848;21737472;1116073984;0;0;0;0;0;0;0;0;0;0;0;3196;0;0;89;0;80;0;
20154;4569590;1009614848;21737472;1116073984;0;0;0;0;0;0;0;0;0;0;0;2805;0;0;89;0;80;0;
20155;5545590;1009614848;21737472;1116073984;0;0;0;0;0;0;0;0;0;0;0;2875;0;0;89;0;80;0;
20156;3822419;1009614848;21737472;1116073984;0;0;0;0;0;0;0;0;0;0;0;2715;0;0;89;0;80;0;
20157;5950289;1009614848;21737472;1116073984;0;0;0;0;0;0;0;0;0;0;0;3106;0;0;89;0;80;0;
20158;4802657;1009614848;21737472;1116073984;0;0;0;0;0;0;0;0;0;0;0;2935;0;0;89;0;80;0;
20159;36550757;1009614848;21737472;1116073984;0;0;0;0;0;0;0;0;0;0;0;3286;0;0;89;0;80;0;
20160;4958739;1009614848;21737472;1116073984;0;0;0;0;0;0;0;0;0;0;0;3056;0;0;89;0;80;0;
20161;5946803;1009614848;21737472;1116073984;0;0;0;0;0;0;0;0;0;0;0;3256;0;0;89;0;80;0;
20162;3770962;1009614848;21737472;1116073984;0;0;0;0;0;0;0;0;0;0;0;2866;0;0;89;0;80;0;
20163;5736247;1009614848;21737472;1116073984;0;0;0;0;0;0;0;0;0;0;0;3196;0;0;89;0;80;0;
20164;4313489;1009614848;21737472;1116073984;0;0;0;0;0;0;0;0;0;0;0;3146;0;0;89;0;80;0;
20165;6491704;1009614848;21737472;1116073984;0;0;0;0;0;0;0;0;0;0;0;3286;0;0;89;0;80;0;
20166;3983651;1009614848;21737472;1116073984;0;0;0;0;0;0;0;0;0;0;0;2765;0;0;89;0;80;0;
20167;5057975;1009614848;21737472;1116073984;0;0;0;0;0;0;0;0;0;0;0;3457;0;0;89;0;80;0;
20168;5059208;1009614848;21737472;1116073984;0;0;0;0;0;0;0;0;0;0;0;2705;0;0;89;0;80;0;
20169;6130547;1009614848;21737472;1116073984;0;0;0;0;0;0;0;0;0;0;0;3005;0;0;89;0;80;0;
20170;2852540;1009614848;21737472;1116073984;0;0;0;0;0;0;0;0;0;0;0;2344;0;0;89;0;80;0;
20171;5435042;1009614848;21737472;1116073984;0;0;0;0;0;0;0;0;0;0;0;3026;0;0;89;0;80;0;
20172;5353029;1009614848;21737472;1116073984;0;0;0;0;0;0;0;0;0;0;0;3526;0;0;89;0;80;0;
20173;6142920;1009614848;21737472;1116073984;0;0;0;0;0;0;0;0;0;0;0;3917;0;0;89;0;80;0;
20174;6082978;1009614848;21737472;1116073984;0;0;0;0;0;0;0;0;0;0;0;2985;0;0;89;0;80;0;
20175;5770432;1009614848;21737472;1116073984;0;0;0;0;0;0;0;0;0;0;0;2745;0;0;89;0;80;0;
20176;3766303;1009614848;21737472;1116073984;0;0;0;0;0;0;0;0;0;0;0;2715;0;0;89;0;80;0;
20177;5638375;1009614848;21737472;1116073984;0;0;0;0;0;0;0;0;0;0;0;3777;0;0;89;0;80;0;
20178;4233039;1009614848;21737472;1116073984;0;0;0;0;0;0;0;0;0;0;0;2285;0;0;89;0;80;0;
20179;6254450;1009614848;21737472;1116073984;0;0;0;0;0;0;0;0;0;0;0;2865;0;0;89;0;80;0;
20180;3948104;1009614848;21737472;1116073984;0;0;0;0;0;0;0;0;0;0;0;2635;0;0;89;0;80;0;
20181;6995379;1009614848;21737472;1116073984;0;0;0;0;0;0;0;0;0;0;0;5380;0;0;89;0;80;0;
20182;5443940;1009614848;21737472;1116073984;0;0;0;0;0;0;0;0;0;0;0;4378;0;0;89;0;80;0;
20183;6417135;1009614848;21737472;1116073984;0;0;0;0;0;0;0;0;0;0;0;3637;0;0;89;0;80;0;
20184;4897405;1009614848;21737472;1116073984;0;0;0;0;0;0;0;0;0;0;0;2926;0;0;89;0;80;0;
20185;5845012;1009614848;21737472;1116073984;0;0;0;0;0;0;0;0;0;0;0;4509;0;0;89;0;80;0;
20186;5297195;1009614848;21737472;1116073984;0;0;0;0;0;0;0;0;0;0;0;3547;0;0;89;0;80;0;
20187;5720508;1009614848;21737472;1116073984;0;0;0;0;0;0;0;0;0;0;0;4248;0;0;89;0;80;0;
20188;4063080;1009614848;21737472;1116073984;0;0;0;0;0;0;0;0;0;0;0;3456;0;0;89;0;80;0;
20189;6322578;1009614848;21737472;1116073984;0;0;0;0;0;0;0;0;0;0;0;4919;0;0;89;0;80;0;
20190;6209405;1009614848;21737472;1116073984;0;0;0;0;0;0;0;0;0;0;0;3727;0;0;89;0;80;0;
20191;5484045;1009614848;21737472;1116073984;0;0;0;0;0;0;0;0;0;0;0;4379;0;0;89;0;80;0;
20192;5715048;1009614848;21737472;1116073984;0;0;0;0;0;0;0;0;0;0;0;3155;0;0;89;0;80;0;
20193;6517873;1009614848;21737472;1116073984;0;0;0;0;0;0;0;0;0;0;0;4459;0;0;89;0;80;0;
20194;4770396;1009614848;21737472;1116073984;0;0;0;0;0;0;0;0;0;0;0;2976;0;0;89;0;80;0;
20195;6086234;1009614848;21737472;1116073984;0;0;0;0;0;0;0;0;0;0;0;3837;0;0;89;0;80;0;
20196;4038544;1009614848;21737472;1116073984;0;0;0;0;0;0;0;0;0;0;0;2585;0;0;89;0;80;0;
20197;5607536;1009614848;21737472;1116073984;0;0;0;0;0;0;0;0;0;0;0;4258;0;0;89;0;80;0;
20198;5806920;1009614848;21737472;1116073984;0;0;0;0;0;0;0;0;0;0;0;4469;0;0;89;0;80;0;
20199;6812286;1009614848;21737472;1116073984;0;0;0;0;0;0;0;0;0;0;0;4648;0;0;89;0;80;0;
20200;5321620;1009614848;21737472;1116073984;0;0;0;0;0;0;0;0;0;0;0;3997;0;0;89;0;80;0;
20201;6220857;1009614848;21737472;1116073984;0;0;0;0;0;0;0;0;0;0;0;4268;0;0;89;0;80;0;
20202;6242397;1009614848;21737472;1116073984;0;0;0;0;0;0;0;0;0;0;0;4107;0;0;89;0;80;0;
20203;6581513;1009614848;21737472;1116073984;0;0;0;0;0;0;0;0;0;0;0;3687;0;0;89;0;80;0;
20204;4935906;1009614848;21737472;1116073984;0;0;0;0;0;0;0;0;0;0;0;2454;0;0;89;0;80;0;
20205;6438866;1009614848;21737472;1116073984;0;0;0;0;0;0;0;0;0;0;0;3747;0;0;89;0;80;0;
20206;4072828;1009614848;21737472;1116073984;0;0;0;0;0;0;0;0;0;0;0;4218;0;0;89;0;80;0;
20207;6598675;1009614848;21741568;1116078080;0;0;0;0;0;0;0;0;0;0;0;3557;0;0;89;0;80;0;
20208;3841434;1009614848;21745664;1116082176;0;0;0;0;0;0;0;0;0;0;0;3817;0;0;89;0;80;0;
20209;6497616;1009614848;21745664;1116082176;0;0;0;0;0;0;0;0;0;0;0;3066;0;0;89;0;80;0;
20210;4697279;1009614848;21745664;1116082176;0;0;0;0;0;0;0;0;0;0;0;60563;0;0;89;0;80;0;
20211;6049606;1009614848;21745664;1116082176;0;0;0;0;0;0;0;0;0;0;0;3406;0;0;89;0;80;0;
20212;5032407;1009614848;21745664;1116082176;0;0;0;0;0;0;0;0;0;0;0;3606;0;0;89;0;80;0;
20213;7454220;1009614848;21745664;1116082176;0;0;0;0;0;0;0;0;0;0;0;3566;0;0;89;0;80;0;
20214;6208022;1009614848;21737472;1116073984;0;0;0;0;0;0;0;0;0;0;0;3817;0;0;89;0;80;0;
20215;6174831;1009614848;21737472;1116073984;0;0;0;0;0;0;0;0;0;0;0;3677;0;0;89;0;80;0;
20216;5202677;1009614848;21737472;1116073984;0;0;0;0;0;0;0;0;0;0;0;3807;0;0;89;0;80;0;
20217;5400858;1009614848;21737472;1116073984;0;0;0;0;0;0;0;0;0;0;0;4268;0;0;89;0;80;0;
20218;4438995;1009614848;21737472;1116073984;0;0;0;0;0;0;0;0;0;0;0;3306;0;0;89;0;80;0;
20219;6030129;1009614848;21737472;1116073984;0;0;0;0;0;0;0;0;0;0;0;4468;0;0;89;0;80;0;
20220;4226236;1009614848;21737472;1116073984;0;0;0;0;0;0;0;0;0;0;0;2865;0;0;89;0;80;0;
20221;7176268;1014878208;28352512;1122689024;0;0;0;0;0;0;0;0;0;0;0;4709;0;0;89;0;80;0;
20222;5431907;1014878208;28352512;1122689024;0;0;0;0;0;0;0;0;0;0;0;5300;0;0;89;0;80;0;
20223;7060231;1014878208;28352512;1122689024;0;0;0;0;0;0;0;0;0;0;0;4108;0;0;89;0;80;0;
20224;6212922;1014878208;28352512;1122689024;0;0;0;0;0;0;0;0;0;0;0;4258;0;0;89;0;80;0;
20225;6579900;1014878208;28352512;1122689024;0;0;0;0;0;0;0;0;0;0;0;4679;0;0;89;0;80;0;
20226;4803068;1014878208;28352512;1122689024;0;0;0;0;0;0;0;0;0;0;0;3357;0;0;89;0;80;0;
20227;6538522;1014878208;28352512;1122689024;0;0;0;0;0;0;0;0;0;0;0;3938;0;0;89;0;80;0;
20228;4499157;1016832000;28352512;1122689024;0;0;0;0;0;0;0;0;0;0;0;4698;0;0;89;0;80;0;
20229;6292831;1016958976;28352512;1122689024;0;0;0;0;0;0;0;0;0;0;0;3827;0;0;89;0;80;0;
20230;4135355;1011695616;21737472;1116073984;0;0;0;0;0;0;0;0;0;0;0;3907;0;0;89;0;80;0;
20231;7070560;1011695616;21737472;1116073984;0;0;0;0;0;0;0;0;0;0;0;3597;0;0;89;0;80;0;
20232;4949843;1011695616;21737472;1116073984;0;0;0;0;0;0;0;0;0;0;0;3918;0;0;89;0;80;0;
20233;6306027;1011695616;21737472;1116073984;0;0;0;0;0;0;0;0;0;0;0;3366;0;0;89;0;80;0;
20234;5741688;1011695616;21737472;1116073984;0;0;0;0;0;0;0;0;0;0;0;4479;0;0;89;0;80;0;
20235;5555319;1011695616;21737472;1116073984;0;0;0;0;0;0;0;0;0;0;0;3247;0;0;89;0;80;0;
20236;4574980;1011695616;21737472;1116073984;0;0;0;0;0;0;0;0;0;0;0;4659;0;0;89;0;80;0;
20237;6226968;1011695616;21737472;1116073984;0;0;0;0;0;0;0;0;0;0;0;3967;0;0;89;0;80;0;
20238;6139824;1011695616;21737472;1116073984;0;0;0;0;0;0;0;0;0;0;0;3927;0;0;89;0;80;0;
20239;7357468;1011695616;21737472;1116073984;0;0;0;0;0;0;0;0;0;0;0;3336;0;0;89;0;80;0;
20240;4766128;1011695616;21737472;1116073984;0;0;0;0;0;0;0;0;0;0;0;3256;0;0;89;0;80;0;
20241;5723294;1011695616;21737472;1116073984;0;0;0;0;0;0;0;0;0;0;0;3627;0;0;89;0;80;0;
20242;4661121;1011695616;21737472;1116073984;0;0;0;0;0;0;0;0;0;0;0;3256;0;0;89;0;80;0;
20243;6194827;1011695616;21737472;1116073984;0;0;0;0;0;0;0;0;0;0;0;3436;0;0;89;0;80;0;
20244;3985704;1011695616;21737472;1116073984;0;0;0;0;0;0;0;0;0;0;0;3977;0;0;89;0;80;0;
20245;6696278;1011695616;21737472;1116073984;0;0;0;0;0;0;0;0;0;0;0;3206;0;0;89;0;80;0;
20246;3443428;1011695616;21737472;1116073984;0;0;0;0;0;0;0;0;0;0;0;3166;0;0;89;0;80;0;
20247;6431601;1011695616;21737472;1116073984;0;0;0;0;0;0;0;0;0;0;0;4037;0;0;89;0;80;0;
20248;5011408;1011695616;21737472;1116073984;0;0;0;0;0;0;0;0;0;0;0;4829;0;0;89;0;80;0;
20249;7456043;1011695616;21737472;1116073984;0;0;0;0;0;0;0;0;0;0;0;3546;0;0;89;0;80;0;
20250;7716461;1011695616;21737472;1116073984;0;0;0;0;0;0;0;0;0;0;0;2826;0;0;89;0;80;0;
20251;5248083;1011695616;21737472;1116073984;0;0;0;0;0;0;0;0;0;0;0;3877;0;0;89;0;80;0;
20252;4708480;1011695616;21737472;1116073984;0;0;0;0;0;0;0;0;0;0;0;3927;0;0;89;0;80;0;
20253;6697300;1011695616;21737472;1116073984;0;0;0;0;0;0;0;0;0;0;0;4348;0;0;89;0;80;0;
20254;4522502;1011695616;21737472;1116073984;0;0;0;0;0;0;0;0;0;0;0;3326;0;0;89;0;80;0;
20255;6237238;1011695616;21737472;1116073984;0;0;0;0;0;0;0;0;0;0;0;4348;0;0;89;0;80;0;
20256;4730201;1011695616;21737472;1116073984;0;0;0;0;0;0;0;0;0;0;0;4048;0;0;89;0;80;0;
20257;5847036;1011695616;21737472;1116073984;0;0;0;0;0;0;0;0;0;0;0;3857;0;0;89;0;80;0;
20258;4514546;1011695616;21737472;1116073984;0;0;0;0;0;0;0;0;0;0;0;4028;0;0;89;0;80;0;
20259;6190821;1011695616;21737472;1116073984;0;0;0;0;0;0;0;0;0;0;0;3807;0;0;89;0;80;0;
20260;6639201;1011695616;21737472;1116073984;0;0;0;0;0;0;0;0;0;0;0;3877;0;0;89;0;80;0;
20261;6860877;1011695616;21737472;1116073984;0;0;0;0;0;0;0;0;0;0;0;4909;0;0;89;0;80;0;
20262;6257946;1011695616;21737472;1116073984;0;0;0;0;0;0;0;0;0;0;0;3006;0;0;89;0;80;0;
20263;7170377;1011695616;21737472;1116073984;0;0;0;0;0;0;0;0;0;0;0;3757;0;0;89;0;80;0;
20264;4275388;1011695616;21737472;1116073984;0;0;0;0;0;0;0;0;0;0;0;2585;0;0;89;0;80;0;
20265;6416333;1011695616;21737472;1116073984;0;0;0;0;0;0;0;0;0;0;0;3897;0;0;89;0;80;0;
20266;4237506;1011695616;21737472;1116073984;0;0;0;0;0;0;0;0;0;0;0;3046;0;0;89;0;80;0;
20267;5999041;1011695616;21737472;1116073984;0;0;0;0;0;0;0;0;0;0;0;4668;0;0;89;0;80;0;
20268;5523248;1011695616;21737472;1116073984;0;0;0;0;0;0;0;0;0;0;0;3276;0;0;89;0;80;0;
20269;7152604;1011695616;21737472;1116073984;0;0;0;0;0;0;0;0;0;0;0;4308;0;0;89;0;80;0;
20270;6513886;1011695616;21737472;1116073984;0;0;0;0;0;0;0;0;0;0;0;3687;0;0;89;0;80;0;
20271;6453322;1011695616;21737472;1116073984;0;0;0;0;0;0;0;0;0;0;0;3817;0;0;89;0;80;0;
20272;6809070;1011695616;21737472;1116073984;0;0;0;0;0;0;0;0;0;0;0;5100;0;0;89;0;80;0;
20273;7556651;1011695616;21737472;1116073984;0;0;0;0;0;0;0;0;0;0;0;4048;0;0;89;0;80;0;
20274;5623195;1011695616;21737472;1116073984;0;0;0;0;0;0;0;0;0;0;0;3807;0;0;89;0;80;0;
20275;6532400;1011695616;21737472;1116073984;0;0;0;0;0;0;0;0;0;0;0;3436;0;0;89;0;80;0;
20276;6408118;1011695616;21737472;1116073984;0;0;0;0;0;0;0;0;0;0;0;3016;0;0;89;0;80;0;
20277;5988872;1011695616;21737472;1116073984;0;0;0;0;0;0;0;0;0;0;0;3126;0;0;89;0;80;0;
20278;6012556;1011695616;21737472;1116073984;0;0;0;0;0;0;0;0;0;0;0;4769;0;0;89;0;80;0;
20279;8052561;1011695616;21737472;1116073984;0;0;0;0;0;0;0;0;0;0;0;7544;0;0;89;0;80;0;
20280;5787173;1011695616;21737472;1116073984;0;0;0;0;0;0;0;0;0;0;0;4228;0;0;89;0;80;0;
20281;6520348;1011695616;21737472;1116073984;0;0;0;0;0;0;0;0;0;0;0;4278;0;0;89;0;80;0;
20282;3322811;1011695616;21737472;1116073984;0;0;0;0;0;0;0;0;0;0;0;7775;0;0;89;0;80;0;
20283;5606655;1011695616;21737472;1116073984;0;0;0;0;0;0;0;0;0;0;0;3607;0;0;89;0;80;0;
20284;4837833;1011695616;21737472;1116073984;0;0;0;0;0;0;0;0;0;0;0;3888;0;0;89;0;80;0;
20285;5557763;1011695616;21737472;1116073984;0;0;0;0;0;0;0;0;0;0;0;3576;0;0;89;0;80;0;
20286;6089590;1011695616;21737472;1116073984;0;0;0;0;0;0;0;0;0;0;0;4068;0;0;89;0;80;0;
20287;6706687;1011695616;21737472;1116073984;0;0;0;0;0;0;0;0;0;0;0;2875;0;0;89;0;80;0;
20288;4177044;1011695616;21737472;1116073984;0;0;0;0;0;0;0;0;0;0;0;3707;0;0;89;0;80;0;
20289;7013453;1011695616;21737472;1116073984;0;0;0;0;0;0;0;0;0;0;0;3797;0;0;89;0;80;0;
20290;7663532;1011695616;21737472;1116073984;0;0;0;0;0;0;0;0;0;0;0;4028;0;0;89;0;80;0;
20291;5756846;1011695616;21737472;1116073984;0;0;0;0;0;0;0;0;0;0;0;3877;0;0;89;0;80;0;
20292;8641275;1011695616;21737472;1116073984;0;0;0;0;0;0;0;0;0;0;0;4549;0;0;89;0;80;0;
20293;6945094;1011695616;21741568;1116078080;0;0;0;0;0;0;0;0;0;0;0;4769;0;0;89;0;80;0;
20294;7151822;1011695616;21745664;1116082176;0;0;0;0;0;0;0;0;0;0;0;397445;0;0;89;0;80;0;
20295;7312394;1011695616;21745664;1116082176;0;0;0;0;0;0;0;0;0;0;0;5159;0;0;89;0;80;0;
20296;8709263;1011695616;21745664;1116082176;0;0;0;0;0;0;0;0;0;0;0;3717;0;0;89;0;80;0;
20297;7157623;1011695616;21745664;1116082176;0;0;0;0;0;0;0;0;0;0;0;5770;0;0;89;0;80;0;
20298;5960668;1011695616;21745664;1116082176;0;0;0;0;0;0;0;0;0;0;0;3297;0;0;89;0;80;0;
20299;7323715;1011695616;21745664;1116082176;0;0;0;0;0;0;0;0;0;0;0;4448;0;0;89;0;80;0;
20300;4766078;1011695616;21737472;1116073984;0;0;0;0;0;0;0;0;0;0;0;4429;0;0;89;0;80;0;
20301;8275941;1011695616;21737472;1116073984;0;0;0;0;0;0;0;0;0;0;0;4067;0;0;89;0;80;0;
20302;6514498;1011695616;21737472;1116073984;0;0;0;0;0;0;0;0;0;0;0;4187;0;0;89;0;80;0;
20303;7481871;1011695616;21737472;1116073984;0;0;0;0;0;0;0;0;0;0;0;66585;0;0;89;0;80;0;
20304;5406650;1011695616;21737472;1116073984;0;0;0;0;0;0;0;0;0;0;0;3035;0;0;89;0;80;0;
20305;6058091;1011695616;21737472;1116073984;0;0;0;0;0;0;0;0;0;0;0;4559;0;0;89;0;80;0;
20306;5494675;1011695616;21737472;1116073984;0;0;0;0;0;0;0;0;0;0;0;3657;0;0;89;0;80;0;
20307;6238991;1011695616;21737472;1116073984;0;0;0;0;0;0;0;0;0;0;0;5120;0;0;89;0;80;0;
20308;5429743;1011695616;21737472;1116073984;0;0;0;0;0;0;0;0;0;0;0;4038;0;0;89;0;80;0;
20309;10814100;1011695616;21737472;1116073984;0;0;0;0;0;0;0;0;0;0;0;3747;0;0;89;0;80;0;
20310;12689858;1011695616;21737472;1116073984;0;0;0;0;0;0;0;0;0;0;0;6372;0;0;89;0;80;0;
20311;6877117;1011695616;21737472;1116073984;0;0;0;0;0;0;0;0;0;0;0;3437;0;0;89;0;80;0;
20312;6224102;1011695616;21737472;1116073984;0;0;0;0;0;0;0;0;0;0;0;3727;0;0;89;0;80;0;
20313;9856715;1011695616;21737472;1116073984;0;0;0;0;0;0;0;0;0;0;0;4889;0;0;89;0;80;0;
20314;6875184;1011695616;21737472;1116073984;0;0;0;0;0;0;0;0;0;0;0;3767;0;0;89;0;80;0;
20315;7824944;1016958976;28352512;1122689024;0;0;0;0;0;0;0;0;0;0;0;3927;0;0;89;0;80;0;
20316;4842923;1016958976;28352512;1122689024;0;0;0;0;0;0;0;0;0;0;0;3957;0;0;89;0;80;0;
20317;7009164;1016958976;28352512;1122689024;0;0;0;0;0;0;0;0;0;0;0;4148;0;0;89;0;80;0;
20318;6637588;1016958976;28352512;1122689024;0;0;0;0;0;0;0;0;0;0;0;4007;0;0;89;0;80;0;
20319;6354056;1016958976;28352512;1122689024;0;0;0;0;0;0;0;0;0;0;0;4929;0;0;89;0;80;0;
20320;5217756;1016958976;28352512;1122689024;0;0;0;0;0;0;0;0;0;0;0;3116;0;0;89;0;80;0;
20321;5461302;1016958976;28352512;1122689024;0;0;0;0;0;0;0;0;0;0;0;4578;0;0;89;0;80;0;
20322;4628921;1016958976;28352512;1122689024;0;0;0;0;0;0;0;0;0;0;0;3176;0;0;89;0;80;0;
20323;6070795;1016958976;28352512;1122689024;0;0;0;0;0;0;0;0;0;0;0;4699;0;0;89;0;80;0;
20324;5357708;1011695616;21737472;1116073984;0;0;0;0;0;0;0;0;0;0;0;4088;0;0;89;0;80;0;
20325;6459113;1011695616;21737472;1116073984;0;0;0;0;0;0;0;0;0;0;0;4248;0;0;89;0;80;0;
20326;5274933;1011695616;21737472;1116073984;0;0;0;0;0;0;0;0;0;0;0;3466;0;0;89;0;80;0;
20327;7403213;1011695616;21737472;1116073984;0;0;0;0;0;0;0;0;0;0;0;3987;0;0;89;0;80;0;
20328;5270224;1011695616;21737472;1116073984;0;0;0;0;0;0;0;0;0;0;0;3917;0;0;89;0;80;0;
20329;5812631;1011695616;21737472;1116073984;0;0;0;0;0;0;0;0;0;0;0;4188;0;0;89;0;80;0;
20330;3847165;1011695616;21737472;1116073984;0;0;0;0;0;0;0;0;0;0;0;3306;0;0;89;0;80;0;
20331;6467168;1011695616;21737472;1116073984;0;0;0;0;0;0;0;0;0;0;0;3998;0;0;89;0;80;0;
20332;4906452;1011695616;21737472;1116073984;0;0;0;0;0;0;0;0;0;0;0;100999;0;0;89;0;80;0;
20333;5905425;1011695616;21737472;1116073984;0;0;0;0;0;0;0;0;0;0;0;3657;0;0;89;0;80;0;
20334;5129860;1011695616;21737472;1116073984;0;0;0;0;0;0;0;0;0;0;0;3797;0;0;89;0;80;0;
20335;6397809;1011695616;21737472;1116073984;0;0;0;0;0;0;0;0;0;0;0;4358;0;0;89;0;80;0;
20336;5579083;1011695616;21737472;1116073984;0;0;0;0;0;0;0;0;0;0;0;3597;0;0;89;0;80;0;
20337;7030475;1011695616;21737472;1116073984;0;0;0;0;0;0;0;0;0;0;0;4449;0;0;89;0;80;0;
20338;5047677;1011695616;21737472;1116073984;0;0;0;0;0;0;0;0;0;0;0;3156;0;0;89;0;80;0;
20339;6470314;1011695616;21737472;1116073984;0;0;0;0;0;0;0;0;0;0;0;3938;0;0;89;0;80;0;
20340;5142374;1011695616;21737472;1116073984;0;0;0;0;0;0;0;0;0;0;0;3617;0;0;89;0;80;0;
20341;6351231;1011695616;21737472;1116073984;0;0;0;0;0;0;0;0;0;0;0;4699;0;0;89;0;80;0;
20342;5226411;1011695616;21737472;1116073984;0;0;0;0;0;0;0;0;0;0;0;4228;0;0;89;0;80;0;
20343;6918625;1011695616;21737472;1116073984;0;0;0;0;0;0;0;0;0;0;0;3286;0;0;89;0;80;0;
20344;5510043;1011695616;21737472;1116073984;0;0;0;0;0;0;0;0;0;0;0;2775;0;0;89;0;80;0;
20345;5672208;1011695616;21737472;1116073984;0;0;0;0;0;0;0;0;0;0;0;3166;0;0;89;0;80;0;
20346;3919591;1011695616;21737472;1116073984;0;0;0;0;0;0;0;0;0;0;0;2975;0;0;89;0;80;0;
20347;5782384;1011695616;21737472;1116073984;0;0;0;0;0;0;0;0;0;0;0;2274;0;0;89;0;80;0;
20348;2721885;1011695616;21737472;1116073984;0;0;0;0;0;0;0;0;0;0;0;2255;0;0;89;0;80;0;
20349;5489836;1011695616;21737472;1116073984;0;0;0;0;0;0;0;0;0;0;0;3015;0;0;89;0;80;0;
20350;5014263;1011695616;21737472;1116073984;0;0;0;0;0;0;0;0;0;0;0;2504;0;0;89;0;80;0;
20351;5388345;1011695616;21737472;1116073984;0;0;0;0;0;0;0;0;0;0;0;2975;0;0;89;0;80;0;
20352;4907574;1011695616;21737472;1116073984;0;0;0;0;0;0;0;0;0;0;0;2995;0;0;89;0;80;0;
20353;5426477;1011695616;21737472;1116073984;0;0;0;0;0;0;0;0;0;0;0;2685;0;0;89;0;80;0;
20354;3082450;1011695616;21737472;1116073984;0;0;0;0;0;0;0;0;0;0;0;2204;0;0;89;0;80;0;
20355;5914312;1011695616;21737472;1116073984;0;0;0;0;0;0;0;0;0;0;0;2715;0;0;89;0;80;0;
20356;4443033;1011695616;21737472;1116073984;0;0;0;0;0;0;0;0;0;0;0;2816;0;0;89;0;80;0;
20357;4828536;1011695616;21737472;1116073984;0;0;0;0;0;0;0;0;0;0;0;2776;0;0;89;0;80;0;
20358;3148795;1011695616;21737472;1116073984;0;0;0;0;0;0;0;0;0;0;0;2806;0;0;89;0;80;0;
20359;6903878;1011695616;21737472;1116073984;0;0;0;0;0;0;0;0;0;0;0;126187;0;0;89;0;80;0;
20360;4107203;1011695616;21737472;1116073984;0;0;0;0;0;0;0;0;0;0;0;2635;0;0;89;0;80;0;
20361;6974239;1011695616;21737472;1116073984;0;0;0;0;0;0;0;0;0;0;0;2956;0;0;89;0;80;0;
20362;3855921;1011695616;21737472;1116073984;0;0;0;0;0;0;0;0;0;0;0;2815;0;0;89;0;80;0;
20363;6486314;1011695616;21737472;1116073984;0;0;0;0;0;0;0;0;0;0;0;2685;0;0;89;0;80;0;
20364;4680047;1011695616;21737472;1116073984;0;0;0;0;0;0;0;0;0;0;0;2755;0;0;89;0;80;0;
20365;7133178;1011695616;21737472;1116073984;0;0;0;0;0;0;0;0;0;0;0;3116;0;0;89;0;80;0;
20366;4302900;1011695616;21737472;1116073984;0;0;0;0;0;0;0;0;0;0;0;2554;0;0;89;0;80;0;
20367;6216628;1011695616;21737472;1116073984;0;0;0;0;0;0;0;0;0;0;0;2395;0;0;89;0;80;0;
20368;3365662;1011695616;21737472;1116073984;0;0;0;0;0;0;0;0;0;0;0;2465;0;0;89;0;80;0;
20369;5023922;1011695616;21737472;1116073984;0;0;0;0;0;0;0;0;0;0;0;2345;0;0;89;0;80;0;
20370;4346421;1011695616;21737472;1116073984;0;0;0;0;0;0;0;0;0;0;0;3306;0;0;89;0;80;0;
20371;5562732;1011695616;21737472;1116073984;0;0;0;0;0;0;0;0;0;0;0;2454;0;0;89;0;80;0;
20372;4601790;1011695616;21737472;1116073984;0;0;0;0;0;0;0;0;0;0;0;2655;0;0;89;0;80;0;
20373;6498106;1011695616;21737472;1116073984;0;0;0;0;0;0;0;0;0;0;0;3096;0;0;89;0;80;0;
20374;4170441;1011695616;21737472;1116073984;0;0;0;0;0;0;0;0;0;0;0;3106;0;0;89;0;80;0;
20375;5768658;1011695616;21737472;1116073984;0;0;0;0;0;0;0;0;0;0;0;2365;0;0;89;0;80;0;
20376;2913323;1011695616;21737472;1116073984;0;0;0;0;0;0;0;0;0;0;0;2295;0;0;89;0;80;0;
20377;6476937;1011695616;21737472;1116073984;0;0;0;0;0;0;0;0;0;0;0;3026;0;0;89;0;80;0;
20378;3567781;1011695616;21737472;1116073984;0;0;0;0;0;0;0;0;0;0;0;2655;0;0;89;0;80;0;
20379;6389192;1011695616;21737472;1116073984;0;0;0;0;0;0;0;0;0;0;0;2775;0;0;89;0;80;0;
20380;4105310;1011695616;21737472;1116073984;0;0;0;0;0;0;0;0;0;0;0;2946;0;0;89;0;80;0;
20381;6013918;1011695616;21737472;1116073984;0;0;0;0;0;0;0;0;0;0;0;2895;0;0;89;0;80;0;
20382;4316906;1011695616;21737472;1116073984;0;0;0;0;0;0;0;0;0;0;0;2815;0;0;89;0;80;0;
20383;5947845;1011695616;21737472;1116073984;0;0;0;0;0;0;0;0;0;0;0;2926;0;0;89;0;80;0;
20384;4300225;1011695616;21737472;1116073984;0;0;0;0;0;0;0;0;0;0;0;3407;0;0;89;0;80;0;
20385;5208307;1011695616;21737472;1116073984;0;0;0;0;0;0;0;0;0;0;0;3026;0;0;89;0;80;0;
20386;4579458;1011695616;21737472;1116073984;0;0;0;0;0;0;0;0;0;0;0;3145;0;0;89;0;80;0;
20387;5296854;1011695616;21737472;1116073984;0;0;0;0;0;0;0;0;0;0;0;3015;0;0;89;0;80;0;
20388;4279565;1011695616;21737472;1116073984;0;0;0;0;0;0;0;0;0;0;0;3146;0;0;89;0;80;0;
20389;6259539;1011695616;21737472;1116073984;0;0;0;0;0;0;0;0;0;0;0;3025;0;0;89;0;80;0;
20390;2982353;1011695616;21737472;1116073984;0;0;0;0;0;0;0;0;0;0;0;2896;0;0;89;0;80;0;
20391;5425314;1011695616;21737472;1116073984;0;0;0;0;0;0;0;0;0;0;0;3546;0;0;89;0;80;0;
20392;4106481;1011695616;21737472;1116073984;0;0;0;0;0;0;0;0;0;0;0;2986;0;0;89;0;80;0;
20393;5119952;1011695616;21737472;1116073984;0;0;0;0;0;0;0;0;0;0;0;2675;0;0;89;0;80;0;
20394;3914651;1011695616;21737472;1116073984;0;0;0;0;0;0;0;0;0;0;0;3536;0;0;89;0;80;0;
20395;5914151;1011695616;21737472;1116073984;0;0;0;0;0;0;0;0;0;0;0;2675;0;0;89;0;80;0;
20396;3734133;1011695616;21737472;1116073984;0;0;0;0;0;0;0;0;0;0;0;2986;0;0;89;0;80;0;
20397;6037212;1011695616;21737472;1116073984;0;0;0;0;0;0;0;0;0;0;0;3346;0;0;89;0;80;0;
20398;3700249;1011695616;21737472;1116073984;0;0;0;0;0;0;0;0;0;0;0;3106;0;0;89;0;80;0;
20399;5202016;1011695616;21737472;1116073984;0;0;0;0;0;0;0;0;0;0;0;3095;0;0;89;0;80;0;
20400;4840778;1011695616;21737472;1116073984;0;0;0;0;0;0;0;0;0;0;0;4048;0;0;89;0;80;0;
20401;5772426;1011695616;21737472;1116073984;0;0;0;0;0;0;0;0;0;0;0;2875;0;0;89;0;80;0;
20402;4947399;1011695616;21737472;1116073984;0;0;0;0;0;0;0;0;0;0;0;3456;0;0;89;0;80;0;
20403;5990184;1011695616;21737472;1116073984;0;0;0;0;0;0;0;0;0;0;0;3096;0;0;89;0;80;0;
20404;3992948;1011695616;21737472;1116073984;0;0;0;0;0;0;0;0;0;0;0;2234;0;0;89;0;80;0;
20405;5568112;1011695616;21737472;1116073984;0;0;0;0;0;0;0;0;0;0;0;2444;0;0;89;0;80;0;
20406;3892891;1011695616;21737472;1116073984;0;0;0;0;0;0;0;0;0;0;0;3126;0;0;89;0;80;0;
20407;6140175;1011695616;21737472;1116073984;0;0;0;0;0;0;0;0;0;0;0;3417;0;0;89;0;80;0;
20408;3965056;1011695616;21737472;1116073984;0;0;0;0;0;0;0;0;0;0;0;2886;0;0;89;0;80;0;
20409;6030479;1011695616;21737472;1116073984;0;0;0;0;0;0;0;0;0;0;0;3547;0;0;89;0;80;0;
20410;5215181;1011695616;21737472;1116073984;0;0;0;0;0;0;0;0;0;0;0;2755;0;0;89;0;80;0;
20411;4818126;1011695616;21737472;1116073984;0;0;0;0;0;0;0;0;0;0;0;2875;0;0;89;0;80;0;
20412;3324304;1011695616;21737472;1116073984;0;0;0;0;0;0;0;0;0;0;0;2745;0;0;89;0;80;0;
20413;6205989;1011695616;21737472;1116073984;0;0;0;0;0;0;0;0;0;0;0;2925;0;0;89;0;80;0;
20414;4908716;1011695616;21737472;1116073984;0;0;0;0;0;0;0;0;0;0;0;3006;0;0;89;0;80;0;
20415;6675219;1011695616;21737472;1116073984;0;0;0;0;0;0;0;0;0;0;0;3557;0;0;89;0;80;0;
20416;6396266;1011695616;21737472;1116073984;0;0;0;0;0;0;0;0;0;0;0;3286;0;0;89;0;80;0;
20417;6253838;1011695616;21737472;1116073984;0;0;0;0;0;0;0;0;0;0;0;3257;0;0;89;0;80;0;
20418;4128001;1011695616;21737472;1116073984;0;0;0;0;0;0;0;0;0;0;0;2365;0;0;89;0;80;0;
20419;7392043;1011695616;21737472;1116073984;0;0;0;0;0;0;0;0;0;0;0;90710;0;0;89;0;80;0;
20420;5396760;1011695616;21737472;1116073984;0;0;0;0;0;0;0;0;0;0;0;3326;0;0;89;0;80;0;
20421;6280929;1011695616;21737472;1116073984;0;0;0;0;0;0;0;0;0;0;0;3086;0;0;89;0;80;0;
20422;5463737;1011695616;21741568;1116078080;0;0;0;0;0;0;0;0;0;0;0;3106;0;0;89;0;80;0;
20423;5751567;1011695616;21741568;1116078080;0;0;0;0;0;0;0;0;0;0;0;2995;0;0;89;0;80;0;
20424;4653227;1011695616;21741568;1116078080;0;0;0;0;0;0;0;0;0;0;0;2665;0;0;89;0;80;0;
20425;6665010;1011695616;21741568;1116078080;0;0;0;0;0;0;0;0;0;0;0;3687;0;0;89;0;80;0;
20426;4014539;1011695616;21741568;1116078080;0;0;0;0;0;0;0;0;0;0;0;3126;0;0;89;0;80;0;
20427;5951401;1011695616;21741568;1116078080;0;0;0;0;0;0;0;0;0;0;0;2845;0;0;89;0;80;0;
20428;5242121;1011695616;21737472;1116073984;0;0;0;0;0;0;0;0;0;0;0;3556;0;0;89;0;80;0;
20429;5988911;1011695616;21737472;1116073984;0;0;0;0;0;0;0;0;0;0;0;3046;0;0;89;0;80;0;
20430;3640688;1011695616;21737472;1116073984;0;0;0;0;0;0;0;0;0;0;0;3046;0;0;89;0;80;0;
20431;6485413;1011695616;21737472;1116073984;0;0;0;0;0;0;0;0;0;0;0;3036;0;0;89;0;80;0;
20432;3609008;1011695616;21737472;1116073984;0;0;0;0;0;0;0;0;0;0;0;2996;0;0;89;0;80;0;
20433;6997102;1016958976;28352512;1122689024;0;0;0;0;0;0;0;0;0;0;0;4258;0;0;89;0;80;0;
20434;4239310;1016958976;28352512;1122689024;0;0;0;0;0;0;0;0;0;0;0;3507;0;0;89;0;80;0;
20435;5808413;1016958976;28352512;1122689024;0;0;0;0;0;0;0;0;0;0;0;2796;0;0;89;0;80;0;
20436;3612845;1016958976;28352512;1122689024;0;0;0;0;0;0;0;0;0;0;0;2275;0;0;89;0;80;0;
20437;4648428;1016958976;28352512;1122689024;0;0;0;0;0;0;0;0;0;0;0;2434;0;0;89;0;80;0;
20438;4461788;1016958976;28352512;1122689024;0;0;0;0;0;0;0;0;0;0;0;2995;0;0;89;0;80;0;
20439;5194782;1016958976;28352512;1122689024;0;0;0;0;0;0;0;0;0;0;0;2104;0;0;89;0;80;0;
20440;3238474;1016958976;28352512;1122689024;0;0;0;0;0;0;0;0;0;0;0;2685;0;0;89;0;80;0;
20441;6354928;1016958976;28352512;1122689024;0;0;0;0;0;0;0;0;0;0;0;3286;0;0;89;0;80;0;
20442;5081630;1011695616;21737472;1116073984;0;0;0;0;0;0;0;0;0;0;0;2584;0;0;89;0;80;0;
20443;6363214;1011695616;21737472;1116073984;0;0;0;0;0;0;0;0;0;0;0;3396;0;0;89;0;80;0;
20444;3918949;1011695616;21737472;1116073984;0;0;0;0;0;0;0;0;0;0;0;2675;0;0;89;0;80;0;
20445;5422850;1011695616;21737472;1116073984;0;0;0;0;0;0;0;0;0;0;0;3096;0;0;89;0;80;0;
20446;4573337;1011695616;21737472;1116073984;0;0;0;0;0;0;0;0;0;0;0;3115;0;0;89;0;80;0;
20447;5915374;1011695616;21737472;1116073984;0;0;0;0;0;0;0;0;0;0;0;2935;0;0;89;0;80;0;
20448;3840493;1011695616;21737472;1116073984;0;0;0;0;0;0;0;0;0;0;0;2826;0;0;89;0;80;0;
20449;5908190;1011695616;21737472;1116073984;0;0;0;0;0;0;0;0;0;0;0;3226;0;0;89;0;80;0;
20450;4504227;1011695616;21737472;1116073984;0;0;0;0;0;0;0;0;0;0;0;3146;0;0;89;0;80;0;
20451;6472358;1011695616;21737472;1116073984;0;0;0;0;0;0;0;0;0;0;0;2795;0;0;89;0;80;0;
20452;4215386;1011695616;21737472;1116073984;0;0;0;0;0;0;0;0;0;0;0;2325;0;0;89;0;80;0;
20453;6221868;1011695616;21737472;1116073984;0;0;0;0;0;0;0;0;0;0;0;138379;0;0;89;0;80;0;
20454;3527556;1011695616;21737472;1116073984;0;0;0;0;0;0;0;0;0;0;0;2786;0;0;89;0;80;0;
20455;5064998;1011695616;21737472;1116073984;0;0;0;0;0;0;0;0;0;0;0;2745;0;0;89;0;80;0;
20456;3566479;1011695616;21737472;1116073984;0;0;0;0;0;0;0;0;0;0;0;2414;0;0;89;0;80;0;
20457;5502630;1011695616;21737472;1116073984;0;0;0;0;0;0;0;0;0;0;0;3507;0;0;89;0;80;0;
20458;4520938;1011695616;21737472;1116073984;0;0;0;0;0;0;0;0;0;0;0;3446;0;0;89;0;80;0;
20459;5792804;1011695616;21737472;1116073984;0;0;0;0;0;0;0;0;0;0;0;3206;0;0;89;0;80;0;
20460;3149266;1011695616;21737472;1116073984;0;0;0;0;0;0;0;0;0;0;0;2775;0;0;89;0;80;0;
20461;6620466;1011695616;21737472;1116073984;0;0;0;0;0;0;0;0;0;0;0;3266;0;0;89;0;80;0;
20462;5038690;1011695616;21737472;1116073984;0;0;0;0;0;0;0;0;0;0;0;2915;0;0;89;0;80;0;
20463;5955198;1011695616;21737472;1116073984;0;0;0;0;0;0;0;0;0;0;0;3035;0;0;89;0;80;0;
20464;4447120;1011695616;21737472;1116073984;0;0;0;0;0;0;0;0;0;0;0;2565;0;0;89;0;80;0;
20465;5899614;1011695616;21737472;1116073984;0;0;0;0;0;0;0;0;0;0;0;3206;0;0;89;0;80;0;
20466;3385279;1011695616;21737472;1116073984;0;0;0;0;0;0;0;0;0;0;0;2515;0;0;89;0;80;0;
20467;5800999;1011695616;21737472;1116073984;0;0;0;0;0;0;0;0;0;0;0;3146;0;0;89;0;80;0;
20468;4446058;1011695616;21737472;1116073984;0;0;0;0;0;0;0;0;0;0;0;2565;0;0;89;0;80;0;
20469;5459198;1011695616;21737472;1116073984;0;0;0;0;0;0;0;0;0;0;0;2625;0;0;89;0;80;0;
20470;3917607;1011695616;21737472;1116073984;0;0;0;0;0;0;0;0;0;0;0;3076;0;0;89;0;80;0;
20471;6663647;1011695616;21737472;1116073984;0;0;0;0;0;0;0;0;0;0;0;3306;0;0;89;0;80;0;
20472;4758323;1011695616;21737472;1116073984;0;0;0;0;0;0;0;0;0;0;0;3015;0;0;89;0;80;0;
20473;6386718;1011695616;21737472;1116073984;0;0;0;0;0;0;0;0;0;0;0;3667;0;0;89;0;80;0;
20474;5655316;1011695616;21737472;1116073984;0;0;0;0;0;0;0;0;0;0;0;3517;0;0;89;0;80;0;
20475;7031577;1011695616;21737472;1116073984;0;0;0;0;0;0;0;0;0;0;0;3417;0;0;89;0;80;0;
20476;5569124;1011695616;21737472;1116073984;0;0;0;0;0;0;0;0;0;0;0;3477;0;0;89;0;80;0;
20477;5457024;1011695616;21737472;1116073984;0;0;0;0;0;0;0;0;0;0;0;3166;0;0;89;0;80;0;
20478;5570798;1011695616;21737472;1116073984;0;0;0;0;0;0;0;0;0;0;0;3105;0;0;89;0;80;0;
20479;6846710;1011695616;21737472;1116073984;0;0;0;0;0;0;0;0;0;0;0;3506;0;0;89;0;80;0;
20480;5212214;1011695616;21737472;1116073984;0;0;0;0;0;0;0;0;0;0;0;3547;0;0;89;0;80;0;
20481;6041921;1011695616;21737472;1116073984;0;0;0;0;0;0;0;0;0;0;0;3687;0;0;89;0;80;0;
20482;6040999;1011695616;21737472;1116073984;0;0;0;0;0;0;0;0;0;0;0;3567;0;0;89;0;80;0;
20483;5740896;1011695616;21737472;1116073984;0;0;0;0;0;0;0;0;0;0;0;3016;0;0;89;0;80;0;
20484;5185895;1011695616;21737472;1116073984;0;0;0;0;0;0;0;0;0;0;0;3226;0;0;89;0;80;0;
20485;6988115;1011695616;21737472;1116073984;0;0;0;0;0;0;0;0;0;0;0;3757;0;0;89;0;80;0;
20486;5175176;1011695616;21737472;1116073984;0;0;0;0;0;0;0;0;0;0;0;3437;0;0;89;0;80;0;
20487;5581878;1011695616;21737472;1116073984;0;0;0;0;0;0;0;0;0;0;0;3366;0;0;89;0;80;0;
20488;5904804;1011695616;21737472;1116073984;0;0;0;0;0;0;0;0;0;0;0;2655;0;0;89;0;80;0;
20489;6368223;1011695616;21737472;1116073984;0;0;0;0;0;0;0;0;0;0;0;2955;0;0;89;0;80;0;
20490;4180770;1011695616;21737472;1116073984;0;0;0;0;0;0;0;0;0;0;0;2604;0;0;89;0;80;0;
20491;6313580;1011695616;21737472;1116073984;0;0;0;0;0;0;0;0;0;0;0;2935;0;0;89;0;80;0;
20492;4466006;1011695616;21737472;1116073984;0;0;0;0;0;0;0;0;0;0;0;2976;0;0;89;0;80;0;
20493;6104328;1011695616;21737472;1116073984;0;0;0;0;0;0;0;0;0;0;0;3036;0;0;89;0;80;0;
20494;4946366;1011695616;21737472;1116073984;0;0;0;0;0;0;0;0;0;0;0;2885;0;0;89;0;80;0;
20495;11716192;1011695616;21737472;1116073984;0;0;0;0;0;0;0;0;0;0;0;159659;0;0;89;0;80;0;
20496;4092785;1011695616;21737472;1116073984;0;0;0;0;0;0;0;0;0;0;0;3216;0;0;89;0;80;0;
20497;7839623;1011695616;21737472;1116073984;0;0;0;0;0;0;0;0;0;0;0;3466;0;0;89;0;80;0;
20498;7577621;1011695616;21737472;1116073984;0;0;0;0;0;0;0;0;0;0;0;4348;0;0;89;0;80;0;
20499;6585270;1011695616;21737472;1116073984;0;0;0;0;0;0;0;0;0;0;0;3727;0;0;89;0;80;0;
20500;5354171;1011695616;21737472;1116073984;0;0;0;0;0;0;0;0;0;0;0;4859;0;0;89;0;80;0;
20501;8076106;1011695616;21737472;1116073984;0;0;0;0;0;0;0;0;0;0;0;5019;0;0;89;0;80;0;
20502;7438791;1011695616;21737472;1116073984;0;0;0;0;0;0;0;0;0;0;0;4799;0;0;89;0;80;0;
20503;5418953;1011695616;21737472;1116073984;0;0;0;0;0;0;0;0;0;0;0;4609;0;0;89;0;80;0;
20504;5742058;1011695616;21737472;1116073984;0;0;0;0;0;0;0;0;0;0;0;3727;0;0;89;0;80;0;
20505;6346432;1011695616;21737472;1116073984;0;0;0;0;0;0;0;0;0;0;0;4489;0;0;89;0;80;0;
20506;6448944;1011695616;21737472;1116073984;0;0;0;0;0;0;0;0;0;0;0;3606;0;0;89;0;80;0;
20507;7922868;1011695616;21737472;1116073984;0;0;0;0;0;0;0;0;0;0;0;4058;0;0;89;0;80;0;
20508;6288394;1011695616;21737472;1116073984;0;0;0;0;0;0;0;0;0;0;0;3687;0;0;89;0;80;0;
20509;8451559;1011695616;21737472;1116073984;0;0;0;0;0;0;0;0;0;0;0;4358;0;0;89;0;80;0;
20510;5327872;1011695616;21737472;1116073984;0;0;0;0;0;0;0;0;0;0;0;3997;0;0;89;0;80;0;
20511;6443985;1011695616;21737472;1116073984;0;0;0;0;0;0;0;0;0;0;0;3547;0;0;89;0;80;0;
20512;5860921;1011695616;21737472;1116073984;0;0;0;0;0;0;0;0;0;0;0;3045;0;0;89;0;80;0;
20513;6395474;1011695616;21737472;1116073984;0;0;0;0;0;0;0;0;0;0;0;3577;0;0;89;0;80;0;
20514;7671917;1011695616;21737472;1116073984;0;0;0;0;0;0;0;0;0;0;0;2825;0;0;89;0;80;0;
20515;5510574;1011695616;21737472;1116073984;0;0;0;0;0;0;0;0;0;0;0;3426;0;0;89;0;80;0;
20516;6653848;1011695616;21737472;1116073984;0;0;0;0;0;0;0;0;0;0;0;3938;0;0;89;0;80;0;
20517;7373598;1011695616;21737472;1116073984;0;0;0;0;0;0;0;0;0;0;0;3627;0;0;89;0;80;0;
20518;4214774;1011695616;21737472;1116073984;0;0;0;0;0;0;0;0;0;0;0;2885;0;0;89;0;80;0;
20519;5515464;1011695616;21737472;1116073984;0;0;0;0;0;0;0;0;0;0;0;3266;0;0;89;0;80;0;
20520;5570617;1011695616;21737472;1116073984;0;0;0;0;0;0;0;0;0;0;0;3005;0;0;89;0;80;0;
20521;7242282;1011695616;21737472;1116073984;0;0;0;0;0;0;0;0;0;0;0;2966;0;0;89;0;80;0;
20522;5629327;1011695616;21737472;1116073984;0;0;0;0;0;0;0;0;0;0;0;3086;0;0;89;0;80;0;
20523;5789497;1011695616;21737472;1116073984;0;0;0;0;0;0;0;0;0;0;0;3046;0;0;89;0;80;0;
20524;3686433;1011695616;21737472;1116073984;0;0;0;0;0;0;0;0;0;0;0;2494;0;0;89;0;80;0;
20525;6072128;1011695616;21737472;1116073984;0;0;0;0;0;0;0;0;0;0;0;4298;0;0;89;0;80;0;
20526;8578909;1011695616;21737472;1116073984;0;0;0;0;0;0;0;0;0;0;0;2886;0;0;89;0;80;0;
20527;8864845;1016958976;28352512;1122689024;0;0;0;0;0;0;0;0;0;0;0;4057;0;0;89;0;80;0;
20528;7092010;1016958976;28352512;1122689024;0;0;0;0;0;0;0;0;0;0;0;3536;0;0;89;0;80;0;
20529;7751577;1016958976;28352512;1122689024;0;0;0;0;0;0;0;0;0;0;0;56666;0;0;89;0;80;0;
20530;8172105;1016958976;28352512;1122689024;0;0;0;0;0;0;0;0;0;0;0;3547;0;0;89;0;80;0;
20531;7457225;1016958976;28352512;1122689024;0;0;0;0;0;0;0;0;0;0;0;3076;0;0;89;0;80;0;
20532;5952493;1016958976;28352512;1122689024;0;0;0;0;0;0;0;0;0;0;0;3707;0;0;89;0;80;0;
20533;7812752;1016958976;28352512;1122689024;0;0;0;0;0;0;0;0;0;0;0;3637;0;0;89;0;80;0;
20534;6847672;1016958976;28352512;1122689024;0;0;0;0;0;0;0;0;0;0;0;3316;0;0;89;0;80;0;
20535;6437413;1016958976;28352512;1122689024;0;0;0;0;0;0;0;0;0;0;0;3857;0;0;89;0;80;0;
20536;6548080;1011695616;21737472;1116073984;0;0;0;0;0;0;0;0;0;0;0;3927;0;0;89;0;80;0;
20537;7954678;1011695616;21737472;1116073984;0;0;0;0;0;0;0;0;0;0;0;4168;0;0;89;0;80;0;
20538;7590134;1011695616;21737472;1116073984;0;0;0;0;0;0;0;0;0;0;0;3096;0;0;89;0;80;0;
20539;7989884;1011695616;21737472;1116073984;0;0;0;0;0;0;0;0;0;0;0;3817;0;0;89;0;80;0;
20540;5883253;1011695616;21737472;1116073984;0;0;0;0;0;0;0;0;0;0;0;3437;0;0;89;0;80;0;
20541;6916411;1011695616;21737472;1116073984;0;0;0;0;0;0;0;0;0;0;0;3506;0;0;89;0;80;0;
20542;5734544;1011695616;21737472;1116073984;0;0;0;0;0;0;0;0;0;0;0;3667;0;0;89;0;80;0;
20543;6192684;1011695616;21737472;1116073984;0;0;0;0;0;0;0;0;0;0;0;3196;0;0;89;0;80;0;
20544;9118851;1011695616;21737472;1116073984;0;0;0;0;0;0;0;0;0;0;0;4067;0;0;89;0;80;0;
20545;5791451;1011695616;21737472;1116073984;0;0;0;0;0;0;0;0;0;0;0;3667;0;0;89;0;80;0;
20546;5338111;1011695616;21737472;1116073984;0;0;0;0;0;0;0;0;0;0;0;3707;0;0;89;0;80;0;
20547;6994247;1011695616;21737472;1116073984;0;0;0;0;0;0;0;0;0;0;0;3236;0;0;89;0;80;0;
20548;3211413;1011695616;21737472;1116073984;0;0;0;0;0;0;0;0;0;0;0;2896;0;0;89;0;80;0;
20549;6750630;1011695616;21737472;1116073984;0;0;0;0;0;0;0;0;0;0;0;3406;0;0;89;0;80;0;
20550;3696833;1011695616;21737472;1116073984;0;0;0;0;0;0;0;0;0;0;0;2404;0;0;89;0;80;0;
20551;5548836;1011695616;21737472;1116073984;0;0;0;0;0;0;0;0;0;0;0;3507;0;0;89;0;80;0;
20552;4449364;1011695616;21737472;1116073984;0;0;0;0;0;0;0;0;0;0;0;3076;0;0;89;0;80;0;
20553;7997428;1011695616;21737472;1116073984;0;0;0;0;0;0;0;0;0;0;0;3867;0;0;89;0;80;0;
20554;4769695;1011695616;21737472;1116073984;0;0;0;0;0;0;0;0;0;0;0;3858;0;0;89;0;80;0;
20555;6062680;1011695616;21741568;1116078080;0;0;0;0;0;0;0;0;0;0;0;3196;0;0;89;0;80;0;
20556;3943054;1011695616;21745664;1116082176;0;0;0;0;0;0;0;0;0;0;0;3747;0;0;89;0;80;0;
20557;6273144;1011695616;21745664;1116082176;0;0;0;0;0;0;0;0;0;0;0;3076;0;0;89;0;80;0;
20558;4922993;1011695616;21745664;1116082176;0;0;0;0;0;0;0;0;0;0;0;3837;0;0;89;0;80;0;
20559;5495556;1011695616;21745664;1116082176;0;0;0;0;0;0;0;0;0;0;0;3356;0;0;89;0;80;0;
20560;4072638;1011695616;21745664;1116082176;0;0;0;0;0;0;0;0;0;0;0;3947;0;0;89;0;80;0;
20561;5883404;1011695616;21745664;1116082176;0;0;0;0;0;0;0;0;0;0;0;4188;0;0;89;0;80;0;
20562;4379303;1011695616;21737472;1116073984;0;0;0;0;0;0;0;0;0;0;0;3366;0;0;89;0;80;0;
20563;6022234;1011695616;21737472;1116073984;0;0;0;0;0;0;0;0;0;0;0;4879;0;0;89;0;80;0;
20564;4493697;1011695616;21737472;1116073984;0;0;0;0;0;0;0;0;0;0;0;3647;0;0;89;0;80;0;
20565;6107925;1011695616;21737472;1116073984;0;0;0;0;0;0;0;0;0;0;0;2815;0;0;89;0;80;0;
20566;3917216;1011695616;21737472;1116073984;0;0;0;0;0;0;0;0;0;0;0;2805;0;0;89;0;80;0;
20567;5986237;1011695616;21737472;1116073984;0;0;0;0;0;0;0;0;0;0;0;2896;0;0;89;0;80;0;
20568;4708320;1011695616;21737472;1116073984;0;0;0;0;0;0;0;0;0;0;0;2425;0;0;89;0;80;0;
20569;5329515;1011695616;21737472;1116073984;0;0;0;0;0;0;0;0;0;0;0;3186;0;0;89;0;80;0;
20570;4307338;1011695616;21737472;1116073984;0;0;0;0;0;0;0;0;0;0;0;3076;0;0;89;0;80;0;
20571;5719887;1011695616;21737472;1116073984;0;0;0;0;0;0;0;0;0;0;0;2975;0;0;89;0;80;0;
20572;4907523;1011695616;21737472;1116073984;0;0;0;0;0;0;0;0;0;0;0;2535;0;0;89;0;80;0;
20573;6076335;1011695616;21737472;1116073984;0;0;0;0;0;0;0;0;0;0;0;2715;0;0;89;0;80;0;
20574;3177680;1011695616;21737472;1116073984;0;0;0;0;0;0;0;0;0;0;0;2675;0;0;89;0;80;0;
20575;6083058;1011695616;21737472;1116073984;0;0;0;0;0;0;0;0;0;0;0;3036;0;0;89;0;80;0;
20576;3851653;1011695616;21737472;1116073984;0;0;0;0;0;0;0;0;0;0;0;2956;0;0;89;0;80;0;
20577;5902359;1011695616;21737472;1116073984;0;0;0;0;0;0;0;0;0;0;0;2775;0;0;89;0;80;0;
20578;3888162;1011695616;21737472;1116073984;0;0;0;0;0;0;0;0;0;0;0;2555;0;0;89;0;80;0;
20579;5471030;1011695616;21737472;1116073984;0;0;0;0;0;0;0;0;0;0;0;2415;0;0;89;0;80;0;
20580;2856868;1011695616;21737472;1116073984;0;0;0;0;0;0;0;0;0;0;0;2474;0;0;89;0;80;0;
20581;4594536;1011695616;21737472;1116073984;0;0;0;0;0;0;0;0;0;0;0;2685;0;0;89;0;80;0;
20582;4071806;1011695616;21737472;1116073984;0;0;0;0;0;0;0;0;0;0;0;2384;0;0;89;0;80;0;
20583;4949142;1011695616;21737472;1116073984;0;0;0;0;0;0;0;0;0;0;0;2975;0;0;89;0;80;0;
20584;3268650;1011695616;21737472;1116073984;0;0;0;0;0;0;0;0;0;0;0;2295;0;0;89;0;80;0;
20585;5986137;1011695616;21737472;1116073984;0;0;0;0;0;0;0;0;0;0;0;2505;0;0;89;0;80;0;
20586;3618095;1011695616;21737472;1116073984;0;0;0;0;0;0;0;0;0;0;0;2174;0;0;89;0;80;0;
20587;5019924;1011695616;21737472;1116073984;0;0;0;0;0;0;0;0;0;0;0;2555;0;0;89;0;80;0;
20588;3552452;1011695616;21737472;1116073984;0;0;0;0;0;0;0;0;0;0;0;77305;0;0;89;0;80;0;
20589;5630549;1011695616;21737472;1116073984;0;0;0;0;0;0;0;0;0;0;0;3276;0;0;89;0;80;0;
20590;3636780;1011695616;21737472;1116073984;0;0;0;0;0;0;0;0;0;0;0;3185;0;0;89;0;80;0;
20591;5822159;1011695616;21737472;1116073984;0;0;0;0;0;0;0;0;0;0;0;2786;0;0;89;0;80;0;
20592;4321194;1011695616;21737472;1116073984;0;0;0;0;0;0;0;0;0;0;0;3056;0;0;89;0;80;0;
20593;6667674;1011695616;21737472;1116073984;0;0;0;0;0;0;0;0;0;0;0;2935;0;0;89;0;80;0;
20594;3511406;1011695616;21737472;1116073984;0;0;0;0;0;0;0;0;0;0;0;2194;0;0;89;0;80;0;
20595;5519611;1011695616;21737472;1116073984;0;0;0;0;0;0;0;0;0;0;0;2224;0;0;89;0;80;0;
20596;3756735;1011695616;21737472;1116073984;0;0;0;0;0;0;0;0;0;0;0;2344;0;0;89;0;80;0;
20597;4905399;1011695616;21737472;1116073984;0;0;0;0;0;0;0;0;0;0;0;2134;0;0;89;0;80;0;
20598;3865099;1011695616;21737472;1116073984;0;0;0;0;0;0;0;0;0;0;0;2765;0;0;89;0;80;0;
20599;4384613;1011695616;21737472;1116073984;0;0;0;0;0;0;0;0;0;0;0;1973;0;0;89;0;80;0;
20600;3034661;1011695616;21737472;1116073984;0;0;0;0;0;0;0;0;0;0;0;2294;0;0;89;0;80;0;
20601;4845286;1011695616;21737472;1116073984;0;0;0;0;0;0;0;0;0;0;0;2696;0;0;89;0;80;0;
20602;2741752;1011695616;21737472;1116073984;0;0;0;0;0;0;0;0;0;0;0;2285;0;0;89;0;80;0;
20603;5162422;1011695616;21737472;1116073984;0;0;0;0;0;0;0;0;0;0;0;2184;0;0;89;0;80;0;
20604;4313209;1011695616;21737472;1116073984;0;0;0;0;0;0;0;0;0;0;0;2555;0;0;89;0;80;0;
20605;4641454;1011695616;21737472;1116073984;0;0;0;0;0;0;0;0;0;0;0;3106;0;0;89;0;80;0;
20606;4032612;1011695616;21737472;1116073984;0;0;0;0;0;0;0;0;0;0;0;2715;0;0;89;0;80;0;
20607;5042867;1011695616;21737472;1116073984;0;0;0;0;0;0;0;0;0;0;0;2885;0;0;89;0;80;0;
20608;3897078;1011695616;21737472;1116073984;0;0;0;0;0;0;0;0;0;0;0;2214;0;0;89;0;80;0;
20609;4949562;1011695616;21737472;1116073984;0;0;0;0;0;0;0;0;0;0;0;2295;0;0;89;0;80;0;
20610;3529690;1011695616;21737472;1116073984;0;0;0;0;0;0;0;0;0;0;0;2134;0;0;89;0;80;0;
20611;5501999;1011695616;21737472;1116073984;0;0;0;0;0;0;0;0;0;0;0;2895;0;0;89;0;80;0;
20612;3303395;1011695616;21737472;1116073984;0;0;0;0;0;0;0;0;0;0;0;2624;0;0;89;0;80;0;
20613;5163674;1011695616;21737472;1116073984;0;0;0;0;0;0;0;0;0;0;0;2365;0;0;89;0;80;0;
20614;2811723;1011695616;21737472;1116073984;0;0;0;0;0;0;0;0;0;0;0;2204;0;0;89;0;80;0;
20615;5442587;1011695616;21737472;1116073984;0;0;0;0;0;0;0;0;0;0;0;2695;0;0;89;0;80;0;
20616;5019334;1011695616;21737472;1116073984;0;0;0;0;0;0;0;0;0;0;0;2535;0;0;89;0;80;0;
20617;5150670;1011695616;21737472;1116073984;0;0;0;0;0;0;0;0;0;0;0;3196;0;0;89;0;80;0;
20618;4048643;1011695616;21737472;1116073984;0;0;0;0;0;0;0;0;0;0;0;2856;0;0;89;0;80;0;
20619;5207135;1011695616;21737472;1116073984;0;0;0;0;0;0;0;0;0;0;0;30788;0;0;89;0;80;0;
20620;3275533;1011695616;21737472;1116073984;0;0;0;0;0;0;0;0;0;0;0;2194;0;0;89;0;80;0;
20621;6073731;1016958976;28352512;1122689024;0;0;0;0;0;0;0;0;0;0;0;2955;0;0;89;0;80;0;
20622;3601144;1016958976;28352512;1122689024;0;0;0;0;0;0;0;0;0;0;0;2765;0;0;89;0;80;0;
20623;6021824;1016958976;28352512;1122689024;0;0;0;0;0;0;0;0;0;0;0;2926;0;0;89;0;80;0;
20624;4508205;1016958976;28352512;1122689024;0;0;0;0;0;0;0;0;0;0;0;3226;0;0;89;0;80;0;
20625;5141202;1016958976;28352512;1122689024;0;0;0;0;0;0;0;0;0;0;0;3317;0;0;89;0;80;0;
20626;4359225;1016958976;28352512;1122689024;0;0;0;0;0;0;0;0;0;0;0;2535;0;0;89;0;80;0;
20627;5056914;1016958976;28352512;1122689024;0;0;0;0;0;0;0;0;0;0;0;2725;0;0;89;0;80;0;
20628;4716996;1016958976;28352512;1122689024;0;0;0;0;0;0;0;0;0;0;0;2725;0;0;89;0;80;0;
20629;5217164;1016958976;28352512;1122689024;0;0;0;0;0;0;0;0;0;0;0;2695;0;0;89;0;80;0;
20630;4553269;1011695616;21737472;1116073984;0;0;0;0;0;0;0;0;0;0;0;2384;0;0;89;0;80;0;
20631;5387924;1011695616;21737472;1116073984;0;0;0;0;0;0;0;0;0;0;0;2364;0;0;89;0;80;0;
20632;4254108;1011695616;21737472;1116073984;0;0;0;0;0;0;0;0;0;0;0;2504;0;0;89;0;80;0;
20633;5605793;1011695616;21737472;1116073984;0;0;0;0;0;0;0;0;0;0;0;2935;0;0;89;0;80;0;
20634;4803388;1011695616;21737472;1116073984;0;0;0;0;0;0;0;0;0;0;0;3256;0;0;89;0;80;0;
20635;5823772;1011695616;21737472;1116073984;0;0;0;0;0;0;0;0;0;0;0;2345;0;0;89;0;80;0;
20636;3205381;1011695616;21737472;1116073984;0;0;0;0;0;0;0;0;0;0;0;2394;0;0;89;0;80;0;
20637;6045237;1011695616;21737472;1116073984;0;0;0;0;0;0;0;0;0;0;0;2324;0;0;89;0;80;0;
20638;3737930;1011695616;21737472;1116073984;0;0;0;0;0;0;0;0;0;0;0;2044;0;0;89;0;80;0;
20639;6621147;1011695616;21737472;1116073984;0;0;0;0;0;0;0;0;0;0;0;2545;0;0;89;0;80;0;
20640;5708836;1011695616;21737472;1116073984;0;0;0;0;0;0;0;0;0;0;0;2174;0;0;89;0;80;0;
20641;4861918;1011695616;21737472;1116073984;0;0;0;0;0;0;0;0;0;0;0;2886;0;0;89;0;80;0;
20642;4777069;1011695616;21737472;1116073984;0;0;0;0;0;0;0;0;0;0;0;2725;0;0;89;0;80;0;
20643;5803574;1011695616;21737472;1116073984;0;0;0;0;0;0;0;0;0;0;0;2755;0;0;89;0;80;0;
20644;5034772;1011695616;21737472;1116073984;0;0;0;0;0;0;0;0;0;0;0;2715;0;0;89;0;80;0;
20645;4901782;1011695616;21737472;1116073984;0;0;0;0;0;0;0;0;0;0;0;3106;0;0;89;0;80;0;
20646;4249049;1011695616;21737472;1116073984;0;0;0;0;0;0;0;0;0;0;0;2775;0;0;89;0;80;0;
20647;5652380;1011695616;21737472;1116073984;0;0;0;0;0;0;0;0;0;0;0;3396;0;0;89;0;80;0;
20648;5537625;1011695616;21737472;1116073984;0;0;0;0;0;0;0;0;0;0;0;6813;0;0;89;0;80;0;
20649;6875605;1011695616;21737472;1116073984;0;0;0;0;0;0;0;0;0;0;0;5350;0;0;89;0;80;0;
20650;8048705;1011695616;21737472;1116073984;0;0;0;0;0;0;0;0;0;0;0;6312;0;0;89;0;80;0;
20651;7459450;1011695616;21737472;1116073984;0;0;0;0;0;0;0;0;0;0;0;4508;0;0;89;0;80;0;
20652;6015572;1011695616;21737472;1116073984;0;0;0;0;0;0;0;0;0;0;0;4098;0;0;89;0;80;0;
20653;6008428;1011695616;21737472;1116073984;0;0;0;0;0;0;0;0;0;0;0;4558;0;0;89;0;80;0;
20654;6181373;1011695616;21737472;1116073984;0;0;0;0;0;0;0;0;0;0;0;3537;0;0;89;0;80;0;
20655;7442318;1011695616;21737472;1116073984;0;0;0;0;0;0;0;0;0;0;0;4478;0;0;89;0;80;0;
20656;6099739;1011695616;21737472;1116073984;0;0;0;0;0;0;0;0;0;0;0;3948;0;0;89;0;80;0;
20657;5904654;1011695616;21741568;1116078080;0;0;0;0;0;0;0;0;0;0;0;3507;0;0;89;0;80;0;
20658;6276882;1011695616;21745664;1116082176;0;0;0;0;0;0;0;0;0;0;0;3607;0;0;89;0;80;0;
20659;7009396;1011695616;21745664;1116082176;0;0;0;0;0;0;0;0;0;0;0;211556;0;0;89;0;80;0;
20660;6642007;1011695616;21745664;1116082176;0;0;0;0;0;0;0;0;0;0;0;3967;0;0;89;0;80;0;
20661;8655883;1011695616;21745664;1116082176;0;0;0;0;0;0;0;0;0;0;0;4839;0;0;89;0;80;0;
20662;5528338;1011695616;21745664;1116082176;0;0;0;0;0;0;0;0;0;0;0;3116;0;0;89;0;80;0;
20663;6699204;1011695616;21745664;1116082176;0;0;0;0;0;0;0;0;0;0;0;3497;0;0;89;0;80;0;
20664;5231330;1011695616;21737472;1116073984;0;0;0;0;0;0;0;0;0;0;0;3306;0;0;89;0;80;0;
20665;6765408;1011695616;21737472;1116073984;0;0;0;0;0;0;0;0;0;0;0;3937;0;0;89;0;80;0;
20666;6363033;1011695616;21737472;1116073984;0;0;0;0;0;0;0;0;0;0;0;4278;0;0;89;0;80;0;
20667;7335938;1011695616;21737472;1116073984;0;0;0;0;0;0;0;0;0;0;0;3777;0;0;89;0;80;0;
20668;7024493;1011695616;21737472;1116073984;0;0;0;0;0;0;0;0;0;0;0;3647;0;0;89;0;80;0;
20669;8589870;1011695616;21737472;1116073984;0;0;0;0;0;0;0;0;0;0;0;4799;0;0;89;0;80;0;
20670;6696258;1011695616;21737472;1116073984;0;0;0;0;0;0;0;0;0;0;0;4078;0;0;89;0;80;0;
20671;14510483;1011695616;21737472;1116073984;0;0;0;0;0;0;0;0;0;0;0;4388;0;0;89;0;80;0;
20672;7317864;1011695616;21737472;1116073984;0;0;0;0;0;0;0;0;0;0;0;4178;0;0;89;0;80;0;
20673;6192543;1011695616;21737472;1116073984;0;0;0;0;0;0;0;0;0;0;0;4308;0;0;89;0;80;0;
20674;6470324;1011695616;21737472;1116073984;0;0;0;0;0;0;0;0;0;0;0;3998;0;0;89;0;80;0;
20675;7298918;1011695616;21737472;1116073984;0;0;0;0;0;0;0;0;0;0;0;4338;0;0;89;0;80;0;
20676;5686835;1011695616;21737472;1116073984;0;0;0;0;0;0;0;0;0;0;0;3557;0;0;89;0;80;0;
20677;5499564;1011695616;21737472;1116073984;0;0;0;0;0;0;0;0;0;0;0;3576;0;0;89;0;80;0;
20678;6297000;1011695616;21737472;1116073984;0;0;0;0;0;0;0;0;0;0;0;3376;0;0;89;0;80;0;
20679;5846434;1011695616;21737472;1116073984;0;0;0;0;0;0;0;0;0;0;0;2976;0;0;89;0;80;0;
20680;5953335;1011695616;21737472;1116073984;0;0;0;0;0;0;0;0;0;0;0;3677;0;0;89;0;80;0;
20681;7368869;1011695616;21737472;1116073984;0;0;0;0;0;0;0;0;0;0;0;3637;0;0;89;0;80;0;
20682;5467814;1011695616;21737472;1116073984;0;0;0;0;0;0;0;0;0;0;0;3156;0;0;89;0;80;0;
20683;7272028;1011695616;21737472;1116073984;0;0;0;0;0;0;0;0;0;0;0;3847;0;0;89;0;80;0;
20684;5863416;1011695616;21737472;1116073984;0;0;0;0;0;0;0;0;0;0;0;3396;0;0;89;0;80;0;
20685;6139123;1011695616;21737472;1116073984;0;0;0;0;0;0;0;0;0;0;0;3606;0;0;89;0;80;0;
20686;7370433;1011695616;21737472;1116073984;0;0;0;0;0;0;0;0;0;0;0;3798;0;0;89;0;80;0;
20687;7362838;1011695616;21737472;1116073984;0;0;0;0;0;0;0;0;0;0;0;4598;0;0;89;0;80;0;
20688;5754291;1011695616;21737472;1116073984;0;0;0;0;0;0;0;0;0;0;0;3597;0;0;89;0;80;0;
20689;5954016;1011695616;21737472;1116073984;0;0;0;0;0;0;0;0;0;0;0;3837;0;0;89;0;80;0;
20690;6317317;1011695616;21737472;1116073984;0;0;0;0;0;0;0;0;0;0;0;3657;0;0;89;0;80;0;
20691;7855252;1011695616;21737472;1116073984;0;0;0;0;0;0;0;0;0;0;0;3767;0;0;89;0;80;0;
20692;5730617;1011695616;21737472;1116073984;0;0;0;0;0;0;0;0;0;0;0;3517;0;0;89;0;80;0;
20693;6731684;1011695616;21737472;1116073984;0;0;0;0;0;0;0;0;0;0;0;3457;0;0;89;0;80;0;
20694;6187023;1011695616;21737472;1116073984;0;0;0;0;0;0;0;0;0;0;0;3286;0;0;89;0;80;0;
20695;6276080;1011695616;21737472;1116073984;0;0;0;0;0;0;0;0;0;0;0;4028;0;0;89;0;80;0;
20696;6282733;1011695616;21737472;1116073984;0;0;0;0;0;0;0;0;0;0;0;3446;0;0;89;0;80;0;
20697;7387114;1011695616;21737472;1116073984;0;0;0;0;0;0;0;0;0;0;0;3377;0;0;89;0;80;0;
20698;6755469;1011695616;21737472;1116073984;0;0;0;0;0;0;0;0;0;0;0;3487;0;0;89;0;80;0;
20699;5309016;1011695616;21737472;1116073984;0;0;0;0;0;0;0;0;0;0;0;3376;0;0;89;0;80;0;
20700;5084255;1011695616;21737472;1116073984;0;0;0;0;0;0;0;0;0;0;0;2935;0;0;89;0;80;0;
20701;8356922;1011695616;21737472;1116073984;0;0;0;0;0;0;0;0;0;0;0;3977;0;0;89;0;80;0;
20702;6848052;1011695616;21737472;1116073984;0;0;0;0;0;0;0;0;0;0;0;3386;0;0;89;0;80;0;
20703;6824128;1011695616;21737472;1116073984;0;0;0;0;0;0;0;0;0;0;0;3095;0;0;89;0;80;0;
20704;6790776;1011695616;21737472;1116073984;0;0;0;0;0;0;0;0;0;0;0;3777;0;0;89;0;80;0;
20705;8029789;1011695616;21737472;1116073984;0;0;0;0;0;0;0;0;0;0;0;3517;0;0;89;0;80;0;
20706;5394677;1011695616;21737472;1116073984;0;0;0;0;0;0;0;0;0;0;0;3346;0;0;89;0;80;0;
20707;6839467;1011695616;21737472;1116073984;0;0;0;0;0;0;0;0;0;0;0;3406;0;0;89;0;80;0;
20708;5873195;1011695616;21737472;1116073984;0;0;0;0;0;0;0;0;0;0;0;3727;0;0;89;0;80;0;
20709;6228341;1011695616;21737472;1116073984;0;0;0;0;0;0;0;0;0;0;0;3516;0;0;89;0;80;0;
20710;5802252;1011695616;21737472;1116073984;0;0;0;0;0;0;0;0;0;0;0;3617;0;0;89;0;80;0;
20711;6789453;1011695616;21737472;1116073984;0;0;0;0;0;0;0;0;0;0;0;3467;0;0;89;0;80;0;
20712;5245778;1011695616;21737472;1116073984;0;0;0;0;0;0;0;0;0;0;0;2645;0;0;89;0;80;0;
20713;6368283;1011695616;21737472;1116073984;0;0;0;0;0;0;0;0;0;0;0;4308;0;0;89;0;80;0;
20714;7478635;1011695616;21737472;1116073984;0;0;0;0;0;0;0;0;0;0;0;3296;0;0;89;0;80;0;
20715;7797644;1016958976;28352512;1122689024;0;0;0;0;0;0;0;0;0;0;0;86772;0;0;89;0;80;0;
20716;6511602;1016958976;28352512;1122689024;0;0;0;0;0;0;0;0;0;0;0;3897;0;0;89;0;80;0;
20717;6436210;1016958976;28352512;1122689024;0;0;0;0;0;0;0;0;0;0;0;3386;0;0;89;0;80;0;
20718;4652485;1016958976;28352512;1122689024;0;0;0;0;0;0;0;0;0;0;0;3456;0;0;89;0;80;0;
20719;6431131;1016958976;28352512;1122689024;0;0;0;0;0;0;0;0;0;0;0;3768;0;0;89;0;80;0;
20720;4734949;1016958976;28352512;1122689024;0;0;0;0;0;0;0;0;0;0;0;3888;0;0;89;0;80;0;
20721;6444045;1016958976;28352512;1122689024;0;0;0;0;0;0;0;0;0;0;0;3948;0;0;89;0;80;0;
20722;6857360;1016958976;28352512;1122689024;0;0;0;0;0;0;0;0;0;0;0;3747;0;0;89;0;80;0;
20723;6068010;1016958976;28352512;1122689024;0;0;0;0;0;0;0;0;0;0;0;4188;0;0;89;0;80;0;
20724;6388340;1011695616;21737472;1116073984;0;0;0;0;0;0;0;0;0;0;0;3507;0;0;89;0;80;0;
20725;6651484;1011695616;21737472;1116073984;0;0;0;0;0;0;0;0;0;0;0;3717;0;0;89;0;80;0;
20726;6159852;1011695616;21737472;1116073984;0;0;0;0;0;0;0;0;0;0;0;3467;0;0;89;0;80;0;
20727;6797819;1011695616;21737472;1116073984;0;0;0;0;0;0;0;0;0;0;0;4138;0;0;89;0;80;0;
20728;5487310;1011695616;21737472;1116073984;0;0;0;0;0;0;0;0;0;0;0;3927;0;0;89;0;80;0;
20729;5815196;1011695616;21737472;1116073984;0;0;0;0;0;0;0;0;0;0;0;4078;0;0;89;0;80;0;
20730;4890010;1011695616;21737472;1116073984;0;0;0;0;0;0;0;0;0;0;0;3386;0;0;89;0;80;0;
20731;7625361;1011695616;21737472;1116073984;0;0;0;0;0;0;0;0;0;0;0;3757;0;0;89;0;80;0;
20732;5842547;1011695616;21737472;1116073984;0;0;0;0;0;0;0;0;0;0;0;3186;0;0;89;0;80;0;
20733;7100276;1011695616;21741568;1116078080;0;0;0;0;0;0;0;0;0;0;0;4268;0;0;89;0;80;0;
20734;6251694;1011695616;21745664;1116082176;0;0;0;0;0;0;0;0;0;0;0;3927;0;0;89;0;80;0;
20735;5769349;1011695616;21745664;1116082176;0;0;0;0;0;0;0;0;0;0;0;4508;0;0;89;0;80;0;
20736;6246585;1011695616;21745664;1116082176;0;0;0;0;0;0;0;0;0;0;0;3787;0;0;89;0;80;0;
20737;5473225;1011695616;21745664;1116082176;0;0;0;0;0;0;0;0;0;0;0;3477;0;0;89;0;80;0;
20738;4399822;1011695616;21745664;1116082176;0;0;0;0;0;0;0;0;0;0;0;2395;0;0;89;0;80;0;
20739;6067619;1011695616;21745664;1116082176;0;0;0;0;0;0;0;0;0;0;0;2735;0;0;89;0;80;0;
20740;4111661;1011695616;21737472;1116073984;0;0;0;0;0;0;0;0;0;0;0;2455;0;0;89;0;80;0;
20741;6315364;1011695616;21737472;1116073984;0;0;0;0;0;0;0;0;0;0;0;3006;0;0;89;0;80;0;
20742;3753710;1011695616;21737472;1116073984;0;0;0;0;0;0;0;0;0;0;0;2896;0;0;89;0;80;0;
20743;5978592;1011695616;21737472;1116073984;0;0;0;0;0;0;0;0;0;0;0;3035;0;0;89;0;80;0;
20744;4297700;1011695616;21737472;1116073984;0;0;0;0;0;0;0;0;0;0;0;2675;0;0;89;0;80;0;
20745;5649675;1011695616;21737472;1116073984;0;0;0;0;0;0;0;0;0;0;0;2705;0;0;89;0;80;0;
20746;3689179;1011695616;21737472;1116073984;0;0;0;0;0;0;0;0;0;0;0;2294;0;0;89;0;80;0;
20747;5005938;1011695616;21737472;1116073984;0;0;0;0;0;0;0;0;0;0;0;2514;0;0;89;0;80;0;
20748;4993124;1011695616;21737472;1116073984;0;0;0;0;0;0;0;0;0;0;0;2815;0;0;89;0;80;0;
20749;6031020;1011695616;21737472;1116073984;0;0;0;0;0;0;0;0;0;0;0;2805;0;0;89;0;80;0;
20750;3268209;1011695616;21737472;1116073984;0;0;0;0;0;0;0;0;0;0;0;2795;0;0;89;0;80;0;
20751;7695973;1011695616;21737472;1116073984;0;0;0;0;0;0;0;0;0;0;0;3136;0;0;89;0;80;0;
20752;5666917;1011695616;21737472;1116073984;0;0;0;0;0;0;0;0;0;0;0;2915;0;0;89;0;80;0;
20753;6612150;1011695616;21737472;1116073984;0;0;0;0;0;0;0;0;0;0;0;3357;0;0;89;0;80;0;
20754;4950254;1011695616;21737472;1116073984;0;0;0;0;0;0;0;0;0;0;0;2474;0;0;89;0;80;0;
20755;5115423;1011695616;21737472;1116073984;0;0;0;0;0;0;0;0;0;0;0;2404;0;0;89;0;80;0;
20756;2794661;1011695616;21737472;1116073984;0;0;0;0;0;0;0;0;0;0;0;2745;0;0;89;0;80;0;
20757;5741247;1011695616;21737472;1116073984;0;0;0;0;0;0;0;0;0;0;0;3065;0;0;89;0;80;0;
20758;4343726;1011695616;21737472;1116073984;0;0;0;0;0;0;0;0;0;0;0;2985;0;0;89;0;80;0;
20759;5827689;1011695616;21737472;1116073984;0;0;0;0;0;0;0;0;0;0;0;2996;0;0;89;0;80;0;
20760;5280372;1011695616;21737472;1116073984;0;0;0;0;0;0;0;0;0;0;0;3035;0;0;89;0;80;0;
20761;6112814;1011695616;21737472;1116073984;0;0;0;0;0;0;0;0;0;0;0;2935;0;0;89;0;80;0;
20762;4438383;1011695616;21737472;1116073984;0;0;0;0;0;0;0;0;0;0;0;2264;0;0;89;0;80;0;
20763;5433230;1011695616;21737472;1116073984;0;0;0;0;0;0;0;0;0;0;0;3166;0;0;89;0;80;0;
20764;4319561;1011695616;21737472;1116073984;0;0;0;0;0;0;0;0;0;0;0;3065;0;0;89;0;80;0;
20765;5025996;1011695616;21737472;1116073984;0;0;0;0;0;0;0;0;0;0;0;2384;0;0;89;0;80;0;
20766;3108500;1011695616;21737472;1116073984;0;0;0;0;0;0;0;0;0;0;0;2915;0;0;89;0;80;0;
20767;5512048;1011695616;21737472;1116073984;0;0;0;0;0;0;0;0;0;0;0;2835;0;0;89;0;80;0;
20768;5409164;1011695616;21737472;1116073984;0;0;0;0;0;0;0;0;0;0;0;2845;0;0;89;0;80;0;
20769;5196145;1011695616;21737472;1116073984;0;0;0;0;0;0;0;0;0;0;0;2795;0;0;89;0;80;0;
20770;4043984;1011695616;21737472;1116073984;0;0;0;0;0;0;0;0;0;0;0;2715;0;0;89;0;80;0;
20771;5535902;1011695616;21737472;1116073984;0;0;0;0;0;0;0;0;0;0;0;2925;0;0;89;0;80;0;
20772;4253667;1011695616;21737472;1116073984;0;0;0;0;0;0;0;0;0;0;0;2986;0;0;89;0;80;0;
20773;5938147;1011695616;21737472;1116073984;0;0;0;0;0;0;0;0;0;0;0;2916;0;0;89;0;80;0;
20774;5032608;1011695616;21741568;1116078080;0;0;0;0;0;0;0;0;0;0;0;3116;0;0;89;0;80;0;
20775;5946111;1011695616;21741568;1116078080;0;0;0;0;0;0;0;0;0;0;0;2705;0;0;89;0;80;0;
20776;3669502;1011695616;21741568;1116078080;0;0;0;0;0;0;0;0;0;0;0;2485;0;0;89;0;80;0;
20777;6205428;1011695616;21741568;1116078080;0;0;0;0;0;0;0;0;0;0;0;2515;0;0;89;0;80;0;
20778;4972675;1011695616;21741568;1116078080;0;0;0;0;0;0;0;0;0;0;0;2865;0;0;89;0;80;0;
20779;5595354;1011695616;21741568;1116078080;0;0;0;0;0;0;0;0;0;0;0;2776;0;0;89;0;80;0;
20780;4106160;1011695616;21737472;1116073984;0;0;0;0;0;0;0;0;0;0;0;2926;0;0;89;0;80;0;
20781;5987348;1011695616;21737472;1116073984;0;0;0;0;0;0;0;0;0;0;0;3326;0;0;89;0;80;0;
20782;4109206;1011695616;21737472;1116073984;0;0;0;0;0;0;0;0;0;0;0;2916;0;0;89;0;80;0;
20783;5085217;1011695616;21737472;1116073984;0;0;0;0;0;0;0;0;0;0;0;2916;0;0;89;0;80;0;
20784;4075513;1011695616;21737472;1116073984;0;0;0;0;0;0;0;0;0;0;0;2585;0;0;89;0;80;0;
20785;5908160;1011695616;21737472;1116073984;0;0;0;0;0;0;0;0;0;0;0;2856;0;0;89;0;80;0;
20786;4282882;1011695616;21737472;1116073984;0;0;0;0;0;0;0;0;0;0;0;2615;0;0;89;0;80;0;
20787;5747669;1011695616;21737472;1116073984;0;0;0;0;0;0;0;0;0;0;0;2935;0;0;89;0;80;0;
20788;4027302;1011695616;21737472;1116073984;0;0;0;0;0;0;0;0;0;0;0;2605;0;0;89;0;80;0;
20789;5030594;1011695616;21737472;1116073984;0;0;0;0;0;0;0;0;0;0;0;2866;0;0;89;0;80;0;
20790;4807506;1011695616;21737472;1116073984;0;0;0;0;0;0;0;0;0;0;0;2795;0;0;89;0;80;0;
20791;6138673;1011695616;21737472;1116073984;0;0;0;0;0;0;0;0;0;0;0;3066;0;0;89;0;80;0;
20792;4033355;1011695616;21737472;1116073984;0;0;0;0;0;0;0;0;0;0;0;2985;0;0;89;0;80;0;
20793;6043985;1011695616;21737472;1116073984;0;0;0;0;0;0;0;0;0;0;0;3506;0;0;89;0;80;0;
20794;6685328;1011695616;21737472;1116073984;0;0;0;0;0;0;0;0;0;0;0;2975;0;0;89;0;80;0;
20795;5945160;1011695616;21737472;1116073984;0;0;0;0;0;0;0;0;0;0;0;3095;0;0;89;0;80;0;
20796;4607881;1011695616;21737472;1116073984;0;0;0;0;0;0;0;0;0;0;0;2995;0;0;89;0;80;0;
20797;6700025;1011695616;21737472;1116073984;0;0;0;0;0;0;0;0;0;0;0;2976;0;0;89;0;80;0;
20798;4124355;1011695616;21737472;1116073984;0;0;0;0;0;0;0;0;0;0;0;2685;0;0;89;0;80;0;
20799;6681030;1011695616;21737472;1116073984;0;0;0;0;0;0;0;0;0;0;0;3466;0;0;89;0;80;0;
20800;4618050;1011695616;21737472;1116073984;0;0;0;0;0;0;0;0;0;0;0;2785;0;0;89;0;80;0;
20801;5821988;1011695616;21737472;1116073984;0;0;0;0;0;0;0;0;0;0;0;3185;0;0;89;0;80;0;
20802;4687481;1011695616;21737472;1116073984;0;0;0;0;0;0;0;0;0;0;0;3126;0;0;89;0;80;0;
20803;5644846;1011695616;21737472;1116073984;0;0;0;0;0;0;0;0;0;0;0;2545;0;0;89;0;80;0;
20804;4237497;1011695616;21737472;1116073984;0;0;0;0;0;0;0;0;0;0;0;3036;0;0;89;0;80;0;
20805;5676646;1011695616;21737472;1116073984;0;0;0;0;0;0;0;0;0;0;0;2795;0;0;89;0;80;0;
20806;4890110;1011695616;21737472;1116073984;0;0;0;0;0;0;0;0;0;0;0;2545;0;0;89;0;80;0;
20807;5982089;1011695616;21737472;1116073984;0;0;0;0;0;0;0;0;0;0;0;5029;0;0;89;0;80;0;
20808;5455180;1011695616;21737472;1116073984;0;0;0;0;0;0;0;0;0;0;0;4108;0;0;89;0;80;0;
20809;7407612;1011695616;21737472;1116073984;0;0;0;0;0;0;0;0;0;0;0;4058;0;0;89;0;80;0;
20810;5192268;1011695616;21737472;1116073984;0;0;0;0;0;0;0;0;0;0;0;3486;0;0;89;0;80;0;
20811;6568088;1011695616;21737472;1116073984;0;0;0;0;0;0;0;0;0;0;0;3636;0;0;89;0;80;0;
20812;5876461;1011695616;21737472;1116073984;0;0;0;0;0;0;0;0;0;0;0;3737;0;0;89;0;80;0;
20813;6933543;1011695616;21737472;1116073984;0;0;0;0;0;0;0;0;0;0;0;3376;0;0;89;0;80;0;
20814;8210969;1011695616;21737472;1116073984;0;0;0;0;0;0;0;0;0;0;0;3577;0;0;89;0;80;0;
20815;7954627;1011695616;21737472;1116073984;0;0;0;0;0;0;0;0;0;0;0;4298;0;0;89;0;80;0;
20816;6444146;1011695616;21737472;1116073984;0;0;0;0;0;0;0;0;0;0;0;3948;0;0;89;0;80;0;
20817;6678495;1011695616;21737472;1116073984;0;0;0;0;0;0;0;0;0;0;0;3386;0;0;89;0;80;0;
20818;6225966;1011695616;21737472;1116073984;0;0;0;0;0;0;0;0;0;0;0;3146;0;0;89;0;80;0;
20819;8651505;1011695616;21737472;1116073984;0;0;0;0;0;0;0;0;0;0;0;3697;0;0;89;0;80;0;
20820;6280348;1011695616;21737472;1116073984;0;0;0;0;0;0;0;0;0;0;0;3477;0;0;89;0;80;0;
20821;8115069;1011695616;21737472;1116073984;0;0;0;0;0;0;0;0;0;0;0;3567;0;0;89;0;80;0;
20822;8031452;1011695616;21737472;1116073984;0;0;0;0;0;0;0;0;0;0;0;3337;0;0;89;0;80;0;
20823;6775226;1011695616;21737472;1116073984;0;0;0;0;0;0;0;0;0;0;0;3667;0;0;89;0;80;0;
20824;5893012;1011695616;21737472;1116073984;0;0;0;0;0;0;0;0;0;0;0;3267;0;0;89;0;80;0;
20825;6844075;1011695616;21737472;1116073984;0;0;0;0;0;0;0;0;0;0;0;148388;0;0;89;0;80;0;
20826;7281566;1011695616;21737472;1116073984;0;0;0;0;0;0;0;0;0;0;0;2906;0;0;89;0;80;0;
20827;7032168;1011695616;21737472;1116073984;0;0;0;0;0;0;0;0;0;0;0;3417;0;0;89;0;80;0;
20828;5421076;1011695616;21737472;1116073984;0;0;0;0;0;0;0;0;0;0;0;3116;0;0;89;0;80;0;
20829;7586307;1011695616;21737472;1116073984;0;0;0;0;0;0;0;0;0;0;0;3396;0;0;89;0;80;0;
20830;6869162;1011695616;21737472;1116073984;0;0;0;0;0;0;0;0;0;0;0;3917;0;0;89;0;80;0;
20831;6813078;1011695616;21737472;1116073984;0;0;0;0;0;0;0;0;0;0;0;3376;0;0;89;0;80;0;
20832;7328924;1011695616;21737472;1116073984;0;0;0;0;0;0;0;0;0;0;0;2966;0;0;89;0;80;0;
20833;8938513;1016958976;28352512;1122689024;0;0;0;0;0;0;0;0;0;0;0;4078;0;0;89;0;80;0;
20834;6843865;1016958976;28352512;1122689024;0;0;0;0;0;0;0;0;0;0;0;3757;0;0;89;0;80;0;
20835;7411670;1016958976;28352512;1122689024;0;0;0;0;0;0;0;0;0;0;0;3807;0;0;89;0;80;0;
20836;6404020;1016958976;28352512;1122689024;0;0;0;0;0;0;0;0;0;0;0;3086;0;0;89;0;80;0;
20837;6853092;1016958976;28352512;1122689024;0;0;0;0;0;0;0;0;0;0;0;3676;0;0;89;0;80;0;
20838;15015280;1016958976;28352512;1122689024;0;0;0;0;0;0;0;0;0;0;0;4118;0;0;89;0;80;0;
20839;7223918;1016958976;28352512;1122689024;0;0;0;0;0;0;0;0;0;0;0;5360;0;0;89;0;80;0;
20840;10266013;1016958976;28352512;1122689024;0;0;0;0;0;0;0;0;0;0;0;5260;0;0;89;0;80;0;
20841;6257846;1016958976;28352512;1122689024;0;0;0;0;0;0;0;0;0;0;0;12093;0;0;89;0;80;0;
20842;7310840;1011695616;21737472;1116073984;0;0;0;0;0;0;0;0;0;0;0;5149;0;0;89;0;80;0;
20843;6876627;1011695616;21737472;1116073984;0;0;0;0;0;0;0;0;0;0;0;3917;0;0;89;0;80;0;
20844;6442362;1011695616;21737472;1116073984;0;0;0;0;0;0;0;0;0;0;0;4799;0;0;89;0;80;0;
20845;7857847;1011695616;21737472;1116073984;0;0;0;0;0;0;0;0;0;0;0;4419;0;0;89;0;80;0;
20846;8416755;1011695616;21737472;1116073984;0;0;0;0;0;0;0;0;0;0;0;4689;0;0;89;0;80;0;
20847;7935091;1011695616;21737472;1116073984;0;0;0;0;0;0;0;0;0;0;0;64531;0;0;89;0;80;0;
20848;7823512;1011695616;21737472;1116073984;0;0;0;0;0;0;0;0;0;0;0;4769;0;0;89;0;80;0;
20849;7737130;1011695616;21737472;1116073984;0;0;0;0;0;0;0;0;0;0;0;4368;0;0;89;0;80;0;
20850;6442512;1011695616;21737472;1116073984;0;0;0;0;0;0;0;0;0;0;0;4789;0;0;89;0;80;0;
20851;7591046;1011695616;21737472;1116073984;0;0;0;0;0;0;0;0;0;0;0;5500;0;0;89;0;80;0;
20852;6869052;1011695616;21737472;1116073984;0;0;0;0;0;0;0;0;0;0;0;5400;0;0;89;0;80;0;
20853;7422230;1011695616;21737472;1116073984;0;0;0;0;0;0;0;0;0;0;0;4187;0;0;89;0;80;0;
20854;7206044;1011695616;21737472;1116073984;0;0;0;0;0;0;0;0;0;0;0;4238;0;0;89;0;80;0;
20855;9406421;1011695616;21737472;1116073984;0;0;0;0;0;0;0;0;0;0;0;5090;0;0;89;0;80;0;
20856;7069529;1011695616;21737472;1116073984;0;0;0;0;0;0;0;0;0;0;0;5100;0;0;89;0;80;0;
20857;8219044;1011695616;21737472;1116073984;0;0;0;0;0;0;0;0;0;0;0;4939;0;0;89;0;80;0;
20858;8257616;1011695616;21737472;1116073984;0;0;0;0;0;0;0;0;0;0;0;5390;0;0;89;0;80;0;
20859;8602633;1011695616;21737472;1116073984;0;0;0;0;0;0;0;0;0;0;0;4839;0;0;89;0;80;0;
20860;7339014;1011695616;21737472;1116073984;0;0;0;0;0;0;0;0;0;0;0;4899;0;0;89;0;80;0;
20861;8071948;1011695616;21737472;1116073984;0;0;0;0;0;0;0;0;0;0;0;4729;0;0;89;0;80;0;
20862;7205293;1011695616;21737472;1116073984;0;0;0;0;0;0;0;0;0;0;0;4368;0;0;89;0;80;0;
20863;8025041;1011695616;21737472;1116073984;0;0;0;0;0;0;0;0;0;0;0;4328;0;0;89;0;80;0;
20864;6542210;1011695616;21737472;1116073984;0;0;0;0;0;0;0;0;0;0;0;4619;0;0;89;0;80;0;
20865;7661077;1011695616;21737472;1116073984;0;0;0;0;0;0;0;0;0;0;0;5190;0;0;89;0;80;0;
20866;7660957;1011695616;21737472;1116073984;0;0;0;0;0;0;0;0;0;0;0;6442;0;0;89;0;80;0;
20867;8234773;1011695616;21737472;1116073984;0;0;0;0;0;0;0;0;0;0;0;8226;0;0;89;0;80;0;
20868;8770318;1011695616;21737472;1116073984;0;0;0;0;0;0;0;0;0;0;0;4589;0;0;89;0;80;0;
20869;7299118;1011695616;21737472;1116073984;0;0;0;0;0;0;0;0;0;0;0;5761;0;0;89;0;80;0;
20870;6610567;1011695616;21737472;1116073984;0;0;0;0;0;0;0;0;0;0;0;4027;0;0;89;0;80;0;
20871;9048880;1011695616;21737472;1116073984;0;0;0;0;0;0;0;0;0;0;0;4809;0;0;89;0;80;0;
20872;6716456;1011695616;21737472;1116073984;0;0;0;0;0;0;0;0;0;0;0;4048;0;0;89;0;80;0;
20873;5895787;1011695616;21737472;1116073984;0;0;0;0;0;0;0;0;0;0;0;4488;0;0;89;0;80;0;
20874;8122513;1011695616;21737472;1116073984;0;0;0;0;0;0;0;0;0;0;0;4158;0;0;89;0;80;0;
20875;6226317;1011695616;21737472;1116073984;0;0;0;0;0;0;0;0;0;0;0;4899;0;0;89;0;80;0;
20876;5843780;1011695616;21737472;1116073984;0;0;0;0;0;0;0;0;0;0;0;4088;0;0;89;0;80;0;
20877;6344508;1011695616;21737472;1116073984;0;0;0;0;0;0;0;0;0;0;0;4379;0;0;89;0;80;0;
20878;7162753;1011695616;21737472;1116073984;0;0;0;0;0;0;0;0;0;0;0;3847;0;0;89;0;80;0;
20879;7142235;1011695616;21737472;1116073984;0;0;0;0;0;0;0;0;0;0;0;4418;0;0;89;0;80;0;
20880;7133799;1011695616;21737472;1116073984;0;0;0;0;0;0;0;0;0;0;0;4178;0;0;89;0;80;0;
20881;7325158;1011695616;21737472;1116073984;0;0;0;0;0;0;0;0;0;0;0;4959;0;0;89;0;80;0;
20882;6968799;1011695616;21737472;1116073984;0;0;0;0;0;0;0;0;0;0;0;6783;0;0;89;0;80;0;
20883;9731751;1011695616;21737472;1116073984;0;0;0;0;0;0;0;0;0;0;0;4930;0;0;89;0;80;0;
20884;6991963;1011695616;21737472;1116073984;0;0;0;0;0;0;0;0;0;0;0;4709;0;0;89;0;80;0;
20885;7036927;1011695616;21737472;1116073984;0;0;0;0;0;0;0;0;0;0;0;4378;0;0;89;0;80;0;
20886;5440603;1011695616;21737472;1116073984;0;0;0;0;0;0;0;0;0;0;0;3596;0;0;89;0;80;0;
20887;6593496;1011695616;21737472;1116073984;0;0;0;0;0;0;0;0;0;0;0;4268;0;0;89;0;80;0;
20888;7314157;1011695616;21737472;1116073984;0;0;0;0;0;0;0;0;0;0;0;4509;0;0;89;0;80;0;
20889;7423452;1011695616;21737472;1116073984;0;0;0;0;0;0;0;0;0;0;0;4980;0;0;89;0;80;0;
20890;6377721;1011695616;21737472;1116073984;0;0;0;0;0;0;0;0;0;0;0;6011;0;0;89;0;80;0;
20891;8304695;1011695616;21737472;1116073984;0;0;0;0;0;0;0;0;0;0;0;4318;0;0;89;0;80;0;
20892;6429067;1011695616;21737472;1116073984;0;0;0;0;0;0;0;0;0;0;0;4799;0;0;89;0;80;0;
20893;8319763;1011695616;21737472;1116073984;0;0;0;0;0;0;0;0;0;0;0;5160;0;0;89;0;80;0;
20894;7343462;1011695616;21737472;1116073984;0;0;0;0;0;0;0;0;0;0;0;4889;0;0;89;0;80;0;
20895;8832765;1011695616;21737472;1116073984;0;0;0;0;0;0;0;0;0;0;0;4589;0;0;89;0;80;0;
20896;8019901;1011695616;21737472;1116073984;0;0;0;0;0;0;0;0;0;0;0;4699;0;0;89;0;80;0;
20897;8058122;1011695616;21737472;1116073984;0;0;0;0;0;0;0;0;0;0;0;6712;0;0;89;0;80;0;
20898;9535764;1011695616;21737472;1116073984;0;0;0;0;0;0;0;0;0;0;0;5150;0;0;89;0;80;0;
20899;6954943;1011695616;21737472;1116073984;0;0;0;0;0;0;0;0;0;0;0;3977;0;0;89;0;80;0;
20900;6885032;1011695616;21737472;1116073984;0;0;0;0;0;0;0;0;0;0;0;5681;0;0;89;0;80;0;
20901;8056048;1011695616;21737472;1116073984;0;0;0;0;0;0;0;0;0;0;0;4018;0;0;89;0;80;0;
20902;8963310;1011695616;21737472;1116073984;0;0;0;0;0;0;0;0;0;0;0;4528;0;0;89;0;80;0;
20903;7233956;1011695616;21737472;1116073984;0;0;0;0;0;0;0;0;0;0;0;4458;0;0;89;0;80;0;
20904;7752018;1011695616;21737472;1116073984;0;0;0;0;0;0;0;0;0;0;0;3726;0;0;89;0;80;0;
20905;7816278;1011695616;21737472;1116073984;0;0;0;0;0;0;0;0;0;0;0;4929;0;0;89;0;80;0;
20906;6471677;1011695616;21737472;1116073984;0;0;0;0;0;0;0;0;0;0;0;4278;0;0;89;0;80;0;
20907;8380327;1011695616;21737472;1116073984;0;0;0;0;0;0;0;0;0;0;0;4959;0;0;89;0;80;0;
20908;6893108;1011695616;21737472;1116073984;0;0;0;0;0;0;0;0;0;0;0;4509;0;0;89;0;80;0;
20909;7350255;1011695616;21737472;1116073984;0;0;0;0;0;0;0;0;0;0;0;3737;0;0;89;0;80;0;
20910;6610236;1011695616;21737472;1116073984;0;0;0;0;0;0;0;0;0;0;0;3687;0;0;89;0;80;0;
20911;7098252;1011695616;21737472;1116073984;0;0;0;0;0;0;0;0;0;0;0;5651;0;0;89;0;80;0;
20912;8286220;1011695616;21737472;1116073984;0;0;0;0;0;0;0;0;0;0;0;6221;0;0;89;0;80;0;
20913;6558129;1011695616;21737472;1116073984;0;0;0;0;0;0;0;0;0;0;0;3777;0;0;89;0;80;0;
20914;7928078;1011695616;21737472;1116073984;0;0;0;0;0;0;0;0;0;0;0;4088;0;0;89;0;80;0;
20915;7320810;1011695616;21737472;1116073984;0;0;0;0;0;0;0;0;0;0;0;5290;0;0;89;0;80;0;
20916;8550125;1011695616;21737472;1116073984;0;0;0;0;0;0;0;0;0;0;0;148258;0;0;89;0;80;0;
20917;7372577;1011695616;21737472;1116073984;0;0;0;0;0;0;0;0;0;0;0;4188;0;0;89;0;80;0;
20918;6167456;1011695616;21737472;1116073984;0;0;0;0;0;0;0;0;0;0;0;3867;0;0;89;0;80;0;
20919;6012075;1011695616;21737472;1116073984;0;0;0;0;0;0;0;0;0;0;0;4869;0;0;89;0;80;0;
20920;5242642;1011695616;21737472;1116073984;0;0;0;0;0;0;0;0;0;0;0;4178;0;0;89;0;80;0;
20921;7087451;1011695616;21737472;1116073984;0;0;0;0;0;0;0;0;0;0;0;4588;0;0;89;0;80;0;
20922;5527726;1011695616;21737472;1116073984;0;0;0;0;0;0;0;0;0;0;0;4298;0;0;89;0;80;0;
20923;6082838;1011695616;21737472;1116073984;0;0;0;0;0;0;0;0;0;0;0;4959;0;0;89;0;80;0;
20924;5322201;1011695616;21737472;1116073984;0;0;0;0;0;0;0;0;0;0;0;3998;0;0;89;0;80;0;
20925;7085999;1011695616;21737472;1116073984;0;0;0;0;0;0;0;0;0;0;0;4178;0;0;89;0;80;0;
20926;6052792;1011695616;21737472;1116073984;0;0;0;0;0;0;0;0;0;0;0;3466;0;0;89;0;80;0;
20927;7324676;1016958976;28352512;1122689024;0;0;0;0;0;0;0;0;0;0;0;4148;0;0;89;0;80;0;
20928;5879706;1016958976;28352512;1122689024;0;0;0;0;0;0;0;0;0;0;0;4699;0;0;89;0;80;0;
20929;6488278;1016958976;28352512;1122689024;0;0;0;0;0;0;0;0;0;0;0;5471;0;0;89;0;80;0;
20930;7910174;1016958976;28352512;1122689024;0;0;0;0;0;0;0;0;0;0;0;4529;0;0;89;0;80;0;
20931;6009540;1016958976;28352512;1122689024;0;0;0;0;0;0;0;0;0;0;0;5109;0;0;89;0;80;0;
20932;8706959;1016958976;28352512;1122689024;0;0;0;0;0;0;0;0;0;0;0;4438;0;0;89;0;80;0;
20933;5929931;1016958976;28352512;1122689024;0;0;0;0;0;0;0;0;0;0;0;4128;0;0;89;0;80;0;
20934;6604326;1016958976;28352512;1122689024;0;0;0;0;0;0;0;0;0;0;0;3647;0;0;89;0;80;0;
20935;6650663;1016958976;28352512;1122689024;0;0;0;0;0;0;0;0;0;0;0;4168;0;0;89;0;80;0;
20936;5343571;1011695616;21737472;1116073984;0;0;0;0;0;0;0;0;0;0;0;3496;0;0;89;0;80;0;
20937;6534134;1011695616;21737472;1116073984;0;0;0;0;0;0;0;0;0;0;0;4709;0;0;89;0;80;0;
20938;6394342;1011695616;21737472;1116073984;0;0;0;0;0;0;0;0;0;0;0;3807;0;0;89;0;80;0;
20939;9318225;1011695616;21737472;1116073984;0;0;0;0;0;0;0;0;0;0;0;4909;0;0;89;0;80;0;
20940;5152112;1011695616;21737472;1116073984;0;0;0;0;0;0;0;0;0;0;0;3817;0;0;89;0;80;0;
20941;7832890;1011695616;21737472;1116073984;0;0;0;0;0;0;0;0;0;0;0;4739;0;0;89;0;80;0;
20942;5821968;1011695616;21737472;1116073984;0;0;0;0;0;0;0;0;0;0;0;3426;0;0;89;0;80;0;
20943;8821574;1011695616;21737472;1116073984;0;0;0;0;0;0;0;0;0;0;0;6573;0;0;89;0;80;0;
20944;7764862;1011695616;21737472;1116073984;0;0;0;0;0;0;0;0;0;0;0;6733;0;0;89;0;80;0;
20945;8854796;1011695616;21737472;1116073984;0;0;0;0;0;0;0;0;0;0;0;4368;0;0;89;0;80;0;
20946;5386973;1011695616;21737472;1116073984;0;0;0;0;0;0;0;0;0;0;0;4629;0;0;89;0;80;0;
20947;7371455;1011695616;21737472;1116073984;0;0;0;0;0;0;0;0;0;0;0;4018;0;0;89;0;80;0;
20948;7916076;1011695616;21737472;1116073984;0;0;0;0;0;0;0;0;0;0;0;4108;0;0;89;0;80;0;
20949;6045768;1011695616;21737472;1116073984;0;0;0;0;0;0;0;0;0;0;0;3707;0;0;89;0;80;0;
20950;4865505;1011695616;21737472;1116073984;0;0;0;0;0;0;0;0;0;0;0;2935;0;0;89;0;80;0;
20951;6957588;1011695616;21737472;1116073984;0;0;0;0;0;0;0;0;0;0;0;3216;0;0;89;0;80;0;
20952;4302519;1011695616;21737472;1116073984;0;0;0;0;0;0;0;0;0;0;0;2465;0;0;89;0;80;0;
20953;6358675;1011695616;21737472;1116073984;0;0;0;0;0;0;0;0;0;0;0;2274;0;0;89;0;80;0;
20954;4508645;1011695616;21737472;1116073984;0;0;0;0;0;0;0;0;0;0;0;3025;0;0;89;0;80;0;
20955;5411969;1011695616;21737472;1116073984;0;0;0;0;0;0;0;0;0;0;0;3135;0;0;89;0;80;0;
20956;3456152;1011695616;21737472;1116073984;0;0;0;0;0;0;0;0;0;0;0;2695;0;0;89;0;80;0;
20957;5805628;1011695616;21737472;1116073984;0;0;0;0;0;0;0;0;0;0;0;2675;0;0;89;0;80;0;
20958;3640888;1011695616;21737472;1116073984;0;0;0;0;0;0;0;0;0;0;0;2806;0;0;89;0;80;0;
20959;5620581;1011695616;21737472;1116073984;0;0;0;0;0;0;0;0;0;0;0;2855;0;0;89;0;80;0;
20960;5960498;1011695616;21737472;1116073984;0;0;0;0;0;0;0;0;0;0;0;2906;0;0;89;0;80;0;
20961;5934960;1011695616;21737472;1116073984;0;0;0;0;0;0;0;0;0;0;0;4559;0;0;89;0;80;0;
20962;5072774;1011695616;21737472;1116073984;0;0;0;0;0;0;0;0;0;0;0;4028;0;0;89;0;80;0;
20963;6948982;1011695616;21737472;1116073984;0;0;0;0;0;0;0;0;0;0;0;3456;0;0;89;0;80;0;
20964;5831255;1011695616;21737472;1116073984;0;0;0;0;0;0;0;0;0;0;0;2755;0;0;89;0;80;0;
20965;5889845;1011695616;21737472;1116073984;0;0;0;0;0;0;0;0;0;0;0;3036;0;0;89;0;80;0;
20966;5312874;1011695616;21737472;1116073984;0;0;0;0;0;0;0;0;0;0;0;3747;0;0;89;0;80;0;
20967;5943526;1011695616;21737472;1116073984;0;0;0;0;0;0;0;0;0;0;0;2735;0;0;89;0;80;0;
20968;4298030;1011695616;21737472;1116073984;0;0;0;0;0;0;0;0;0;0;0;3617;0;0;89;0;80;0;
20969;6440899;1011695616;21737472;1116073984;0;0;0;0;0;0;0;0;0;0;0;2665;0;0;89;0;80;0;
20970;4403588;1011695616;21737472;1116073984;0;0;0;0;0;0;0;0;0;0;0;2384;0;0;89;0;80;0;
20971;6945786;1011695616;21737472;1116073984;0;0;0;0;0;0;0;0;0;0;0;3045;0;0;89;0;80;0;
20972;4276430;1011695616;21737472;1116073984;0;0;0;0;0;0;0;0;0;0;0;3076;0;0;89;0;80;0;
20973;5532796;1011695616;21737472;1116073984;0;0;0;0;0;0;0;0;0;0;0;3687;0;0;89;0;80;0;
20974;4686609;1011695616;21737472;1116073984;0;0;0;0;0;0;0;0;0;0;0;3316;0;0;89;0;80;0;
20975;5541763;1011695616;21737472;1116073984;0;0;0;0;0;0;0;0;0;0;0;3347;0;0;89;0;80;0;
20976;5080869;1011695616;21737472;1116073984;0;0;0;0;0;0;0;0;0;0;0;3526;0;0;89;0;80;0;
20977;6597092;1011695616;21737472;1116073984;0;0;0;0;0;0;0;0;0;0;0;111319;0;0;89;0;80;0;
20978;3783104;1011695616;21737472;1116073984;0;0;0;0;0;0;0;0;0;0;0;2594;0;0;89;0;80;0;
20979;6625495;1011695616;21737472;1116073984;0;0;0;0;0;0;0;0;0;0;0;2665;0;0;89;0;80;0;
20980;3176608;1011695616;21737472;1116073984;0;0;0;0;0;0;0;0;0;0;0;2795;0;0;89;0;80;0;
20981;6251975;1011695616;21737472;1116073984;0;0;0;0;0;0;0;0;0;0;0;2765;0;0;89;0;80;0;
20982;7523199;1011695616;21737472;1116073984;0;0;0;0;0;0;0;0;0;0;0;3397;0;0;89;0;80;0;
20983;8818017;1011695616;21737472;1116073984;0;0;0;0;0;0;0;0;0;0;0;3126;0;0;89;0;80;0;
20984;6007406;1011695616;21737472;1116073984;0;0;0;0;0;0;0;0;0;0;0;2755;0;0;89;0;80;0;
20985;9117980;1011695616;21737472;1116073984;0;0;0;0;0;0;0;0;0;0;0;3767;0;0;89;0;80;0;
20986;5533838;1011695616;21737472;1116073984;0;0;0;0;0;0;0;0;0;0;0;3066;0;0;89;0;80;0;
20987;5698106;1011695616;21737472;1116073984;0;0;0;0;0;0;0;0;0;0;0;3616;0;0;89;0;80;0;
20988;5653353;1011695616;21737472;1116073984;0;0;0;0;0;0;0;0;0;0;0;4098;0;0;89;0;80;0;
20989;6627720;1011695616;21737472;1116073984;0;0;0;0;0;0;0;0;0;0;0;3767;0;0;89;0;80;0;
20990;5132685;1011695616;21737472;1116073984;0;0;0;0;0;0;0;0;0;0;0;3947;0;0;89;0;80;0;
20991;5921325;1011695616;21737472;1116073984;0;0;0;0;0;0;0;0;0;0;0;3827;0;0;89;0;80;0;
20992;7095727;1011695616;21737472;1116073984;0;0;0;0;0;0;0;0;0;0;0;3286;0;0;89;0;80;0;
20993;6692271;1011695616;21737472;1116073984;0;0;0;0;0;0;0;0;0;0;0;2975;0;0;89;0;80;0;
20994;6835529;1011695616;21737472;1116073984;0;0;0;0;0;0;0;0;0;0;0;3437;0;0;89;0;80;0;
20995;6742465;1011695616;21737472;1116073984;0;0;0;0;0;0;0;0;0;0;0;3496;0;0;89;0;80;0;
20996;6024077;1011695616;21737472;1116073984;0;0;0;0;0;0;0;0;0;0;0;3717;0;0;89;0;80;0;
20997;7217656;1011695616;21737472;1116073984;0;0;0;0;0;0;0;0;0;0;0;3286;0;0;89;0;80;0;
20998;5531684;1011695616;21737472;1116073984;0;0;0;0;0;0;0;0;0;0;0;3145;0;0;89;0;80;0;
20999;8760790;1011695616;21737472;1116073984;0;0;0;0;0;0;0;0;0;0;0;3657;0;0;89;0;80;0;
21000;6888038;1011695616;21737472;1116073984;0;0;0;0;0;0;0;0;0;0;0;4639;0;0;89;0;80;0;
21001;6744508;1011695616;21737472;1116073984;0;0;0;0;0;0;0;0;0;0;0;4970;0;0;89;0;80;0;
21002;6110079;1011695616;21737472;1116073984;0;0;0;0;0;0;0;0;0;0;0;3456;0;0;89;0;80;0;
21003;6550855;1011695616;21737472;1116073984;0;0;0;0;0;0;0;0;0;0;0;3647;0;0;89;0;80;0;
21004;4769434;1011695616;21737472;1116073984;0;0;0;0;0;0;0;0;0;0;0;3296;0;0;89;0;80;0;
21005;5962201;1011695616;21737472;1116073984;0;0;0;0;0;0;0;0;0;0;0;3296;0;0;89;0;80;0;
21006;6607541;1011695616;21737472;1116073984;0;0;0;0;0;0;0;0;0;0;0;5219;0;0;89;0;80;0;
21007;7620982;1011695616;21737472;1116073984;0;0;0;0;0;0;0;0;0;0;0;3827;0;0;89;0;80;0;
21008;3643834;1011695616;21737472;1116073984;0;0;0;0;0;0;0;0;0;0;0;3357;0;0;89;0;80;0;
21009;6700486;1011695616;21737472;1116073984;0;0;0;0;0;0;0;0;0;0;0;4018;0;0;89;0;80;0;
21010;6995149;1011695616;21737472;1116073984;0;0;0;0;0;0;0;0;0;0;0;3918;0;0;89;0;80;0;
21011;7768158;1011695616;21737472;1116073984;0;0;0;0;0;0;0;0;0;0;0;3396;0;0;89;0;80;0;
21012;6088608;1011695616;21737472;1116073984;0;0;0;0;0;0;0;0;0;0;0;3998;0;0;89;0;80;0;
21013;6677333;1011695616;21737472;1116073984;0;0;0;0;0;0;0;0;0;0;0;3987;0;0;89;0;80;0;
21014;4455255;1011695616;21737472;1116073984;0;0;0;0;0;0;0;0;0;0;0;3366;0;0;89;0;80;0;
21015;7856875;1011695616;21737472;1116073984;0;0;0;0;0;0;0;0;0;0;0;2956;0;0;89;0;80;0;
21016;4020250;1011695616;21737472;1116073984;0;0;0;0;0;0;0;0;0;0;0;2855;0;0;89;0;80;0;
21017;6307258;1011695616;21737472;1116073984;0;0;0;0;0;0;0;0;0;0;0;3256;0;0;89;0;80;0;
21018;6228641;1011695616;21737472;1116073984;0;0;0;0;0;0;0;0;0;0;0;5380;0;0;89;0;80;0;
21019;6607131;1011695616;21737472;1116073984;0;0;0;0;0;0;0;0;0;0;0;5350;0;0;89;0;80;0;
21020;5286073;1011695616;21737472;1116073984;0;0;0;0;0;0;0;0;0;0;0;5200;0;0;89;0;80;0;
21021;8763715;1016958976;28352512;1122689024;0;0;0;0;0;0;0;0;0;0;0;5350;0;0;89;0;80;0;
21022;5667158;1016958976;28352512;1122689024;0;0;0;0;0;0;0;0;0;0;0;3877;0;0;89;0;80;0;
21023;6133052;1016958976;28352512;1122689024;0;0;0;0;0;0;0;0;0;0;0;3176;0;0;89;0;80;0;
21024;6478659;1016958976;28352512;1122689024;0;0;0;0;0;0;0;0;0;0;0;3176;0;0;89;0;80;0;
21025;6066837;1016958976;28352512;1122689024;0;0;0;0;0;0;0;0;0;0;0;3987;0;0;89;0;80;0;
21026;4843724;1016958976;28352512;1122689024;0;0;0;0;0;0;0;0;0;0;0;2925;0;0;89;0;80;0;
21027;6726404;1016958976;28352512;1122689024;0;0;0;0;0;0;0;0;0;0;0;2464;0;0;89;0;80;0;
21028;4814789;1016958976;28352512;1122689024;0;0;0;0;0;0;0;0;0;0;0;3016;0;0;89;0;80;0;
21029;7574435;1016958976;28352512;1122689024;0;0;0;0;0;0;0;0;0;0;0;3126;0;0;89;0;80;0;
21030;3354521;1011695616;21737472;1116073984;0;0;0;0;0;0;0;0;0;0;0;2775;0;0;89;0;80;0;
21031;5401700;1011695616;21737472;1116073984;0;0;0;0;0;0;0;0;0;0;0;50244;0;0;89;0;80;0;
21032;6148240;1011695616;21737472;1116073984;0;0;0;0;0;0;0;0;0;0;0;2865;0;0;89;0;80;0;
21033;4991461;1011695616;21737472;1116073984;0;0;0;0;0;0;0;0;0;0;0;2986;0;0;89;0;80;0;
21034;4915218;1011695616;21737472;1116073984;0;0;0;0;0;0;0;0;0;0;0;3737;0;0;89;0;80;0;
21035;6797788;1011695616;21737472;1116073984;0;0;0;0;0;0;0;0;0;0;0;3988;0;0;89;0;80;0;
21036;5406690;1011695616;21737472;1116073984;0;0;0;0;0;0;0;0;0;0;0;3496;0;0;89;0;80;0;
21037;6846249;1011695616;21737472;1116073984;0;0;0;0;0;0;0;0;0;0;0;2675;0;0;89;0;80;0;
21038;5966369;1011695616;21737472;1116073984;0;0;0;0;0;0;0;0;0;0;0;3216;0;0;89;0;80;0;
21039;7092511;1011695616;21737472;1116073984;0;0;0;0;0;0;0;0;0;0;0;3406;0;0;89;0;80;0;
21040;5132675;1011695616;21737472;1116073984;0;0;0;0;0;0;0;0;0;0;0;3406;0;0;89;0;80;0;
21041;5863687;1011695616;21737472;1116073984;0;0;0;0;0;0;0;0;0;0;0;2865;0;0;89;0;80;0;
21042;5024904;1011695616;21737472;1116073984;0;0;0;0;0;0;0;0;0;0;0;3817;0;0;89;0;80;0;
21043;7127106;1011695616;21737472;1116073984;0;0;0;0;0;0;0;0;0;0;0;3807;0;0;89;0;80;0;
21044;6410211;1011695616;21737472;1116073984;0;0;0;0;0;0;0;0;0;0;0;3878;0;0;89;0;80;0;
21045;5817179;1011695616;21737472;1116073984;0;0;0;0;0;0;0;0;0;0;0;3095;0;0;89;0;80;0;
21046;6743797;1011695616;21737472;1116073984;0;0;0;0;0;0;0;0;0;0;0;3577;0;0;89;0;80;0;
21047;6605308;1011695616;21737472;1116073984;0;0;0;0;0;0;0;0;0;0;0;3306;0;0;89;0;80;0;
21048;6788711;1011695616;21737472;1116073984;0;0;0;0;0;0;0;0;0;0;0;3927;0;0;89;0;80;0;
21049;6556306;1011695616;21737472;1116073984;0;0;0;0;0;0;0;0;0;0;0;3848;0;0;89;0;80;0;
21050;4645602;1011695616;21737472;1116073984;0;0;0;0;0;0;0;0;0;0;0;3647;0;0;89;0;80;0;
21051;6624353;1011695616;21737472;1116073984;0;0;0;0;0;0;0;0;0;0;0;244218;0;0;89;0;80;0;
21052;4897255;1011695616;21737472;1116073984;0;0;0;0;0;0;0;0;0;0;0;3486;0;0;89;0;80;0;
21053;7460371;1011695616;21737472;1116073984;0;0;0;0;0;0;0;0;0;0;0;3837;0;0;89;0;80;0;
21054;3597306;1011695616;21737472;1116073984;0;0;0;0;0;0;0;0;0;0;0;2655;0;0;89;0;80;0;
21055;5586537;1011695616;21737472;1116073984;0;0;0;0;0;0;0;0;0;0;0;2985;0;0;89;0;80;0;
21056;5131724;1011695616;21737472;1116073984;0;0;0;0;0;0;0;0;0;0;0;3106;0;0;89;0;80;0;
21057;7488223;1011695616;21737472;1116073984;0;0;0;0;0;0;0;0;0;0;0;3456;0;0;89;0;80;0;
21058;4854504;1011695616;21737472;1116073984;0;0;0;0;0;0;0;0;0;0;0;3687;0;0;89;0;80;0;
21059;7235850;1011695616;21737472;1116073984;0;0;0;0;0;0;0;0;0;0;0;3186;0;0;89;0;80;0;
21060;5735146;1011695616;21737472;1116073984;0;0;0;0;0;0;0;0;0;0;0;3968;0;0;89;0;80;0;
21061;6465685;1011695616;21737472;1116073984;0;0;0;0;0;0;0;0;0;0;0;3547;0;0;89;0;80;0;
21062;4439405;1011695616;21737472;1116073984;0;0;0;0;0;0;0;0;0;0;0;3396;0;0;89;0;80;0;
21063;6029568;1011695616;21737472;1116073984;0;0;0;0;0;0;0;0;0;0;0;3737;0;0;89;0;80;0;
21064;4198534;1011695616;21737472;1116073984;0;0;0;0;0;0;0;0;0;0;0;2855;0;0;89;0;80;0;
21065;6255953;1011695616;21737472;1116073984;0;0;0;0;0;0;0;0;0;0;0;3446;0;0;89;0;80;0;
21066;4749727;1011695616;21737472;1116073984;0;0;0;0;0;0;0;0;0;0;0;3336;0;0;89;0;80;0;
21067;6404791;1011695616;21737472;1116073984;0;0;0;0;0;0;0;0;0;0;0;4027;0;0;89;0;80;0;
21068;3988921;1011695616;21737472;1116073984;0;0;0;0;0;0;0;0;0;0;0;3126;0;0;89;0;80;0;
21069;5429593;1011695616;21737472;1116073984;0;0;0;0;0;0;0;0;0;0;0;2975;0;0;89;0;80;0;
21070;4965493;1011695616;21737472;1116073984;0;0;0;0;0;0;0;0;0;0;0;3176;0;0;89;0;80;0;
21071;6116280;1011695616;21737472;1116073984;0;0;0;0;0;0;0;0;0;0;0;2955;0;0;89;0;80;0;
21072;5116555;1011695616;21737472;1116073984;0;0;0;0;0;0;0;0;0;0;0;4959;0;0;89;0;80;0;
21073;5553074;1011695616;21737472;1116073984;0;0;0;0;0;0;0;0;0;0;0;138960;0;0;89;0;80;0;
21074;6597463;1011695616;21737472;1116073984;0;0;0;0;0;0;0;0;0;0;0;3196;0;0;89;0;80;0;
21075;6929154;1011695616;21737472;1116073984;0;0;0;0;0;0;0;0;0;0;0;2986;0;0;89;0;80;0;
21076;4802477;1011695616;21737472;1116073984;0;0;0;0;0;0;0;0;0;0;0;3036;0;0;89;0;80;0;
21077;6557638;1011695616;21737472;1116073984;0;0;0;0;0;0;0;0;0;0;0;3466;0;0;89;0;80;0;
21078;3567761;1011695616;21737472;1116073984;0;0;0;0;0;0;0;0;0;0;0;3046;0;0;89;0;80;0;
21079;6338767;1011695616;21737472;1116073984;0;0;0;0;0;0;0;0;0;0;0;3406;0;0;89;0;80;0;
21080;5269102;1011695616;21737472;1116073984;0;0;0;0;0;0;0;0;0;0;0;3647;0;0;89;0;80;0;
21081;6195519;1011695616;21737472;1116073984;0;0;0;0;0;0;0;0;0;0;0;3878;0;0;89;0;80;0;
21082;5096328;1011695616;21737472;1116073984;0;0;0;0;0;0;0;0;0;0;0;2976;0;0;89;0;80;0;
21083;6204155;1011695616;21737472;1116073984;0;0;0;0;0;0;0;0;0;0;0;3146;0;0;89;0;80;0;
21084;6027935;1011695616;21741568;1116078080;0;0;0;0;0;0;0;0;0;0;0;2475;0;0;89;0;80;0;
21085;5123218;1011695616;21741568;1116078080;0;0;0;0;0;0;0;0;0;0;0;3095;0;0;89;0;80;0;
21086;4330701;1011695616;21741568;1116078080;0;0;0;0;0;0;0;0;0;0;0;3046;0;0;89;0;80;0;
21087;6158529;1011695616;21741568;1116078080;0;0;0;0;0;0;0;0;0;0;0;3387;0;0;89;0;80;0;
21088;5244526;1011695616;21741568;1116078080;0;0;0;0;0;0;0;0;0;0;0;3376;0;0;89;0;80;0;
21089;5698187;1011695616;21741568;1116078080;0;0;0;0;0;0;0;0;0;0;0;3266;0;0;89;0;80;0;
21090;5077452;1011695616;21737472;1116073984;0;0;0;0;0;0;0;0;0;0;0;3246;0;0;89;0;80;0;
21091;5523178;1011695616;21737472;1116073984;0;0;0;0;0;0;0;0;0;0;0;3767;0;0;89;0;80;0;
21092;5493903;1011695616;21737472;1116073984;0;0;0;0;0;0;0;0;0;0;0;2985;0;0;89;0;80;0;
21093;5675143;1011695616;21737472;1116073984;0;0;0;0;0;0;0;0;0;0;0;3296;0;0;89;0;80;0;
21094;3330676;1011695616;21737472;1116073984;0;0;0;0;0;0;0;0;0;0;0;2525;0;0;89;0;80;0;
21095;5756335;1011695616;21737472;1116073984;0;0;0;0;0;0;0;0;0;0;0;2875;0;0;89;0;80;0;
21096;4975210;1011695616;21737472;1116073984;0;0;0;0;0;0;0;0;0;0;0;3256;0;0;89;0;80;0;
21097;6397739;1011695616;21737472;1116073984;0;0;0;0;0;0;0;0;0;0;0;3336;0;0;89;0;80;0;
21098;4255771;1011695616;21737472;1116073984;0;0;0;0;0;0;0;0;0;0;0;2906;0;0;89;0;80;0;
21099;6222990;1011695616;21737472;1116073984;0;0;0;0;0;0;0;0;0;0;0;3727;0;0;89;0;80;0;
21100;4086784;1011695616;21737472;1116073984;0;0;0;0;0;0;0;0;0;0;0;2665;0;0;89;0;80;0;
21101;5546331;1011695616;21737472;1116073984;0;0;0;0;0;0;0;0;0;0;0;3076;0;0;89;0;80;0;
21102;5197377;1011695616;21737472;1116073984;0;0;0;0;0;0;0;0;0;0;0;2825;0;0;89;0;80;0;
21103;5769781;1011695616;21737472;1116073984;0;0;0;0;0;0;0;0;0;0;0;3196;0;0;89;0;80;0;
21104;4001515;1011695616;21737472;1116073984;0;0;0;0;0;0;0;0;0;0;0;3076;0;0;89;0;80;0;
21105;5407982;1011695616;21737472;1116073984;0;0;0;0;0;0;0;0;0;0;0;3186;0;0;89;0;80;0;
21106;4007736;1011695616;21737472;1116073984;0;0;0;0;0;0;0;0;0;0;0;3356;0;0;89;0;80;0;
21107;5348019;1011695616;21737472;1116073984;0;0;0;0;0;0;0;0;0;0;0;2835;0;0;89;0;80;0;
21108;3874746;1011695616;21737472;1116073984;0;0;0;0;0;0;0;0;0;0;0;2725;0;0;89;0;80;0;
21109;5987048;1011695616;21737472;1116073984;0;0;0;0;0;0;0;0;0;0;0;2575;0;0;89;0;80;0;
21110;3991315;1011695616;21737472;1116073984;0;0;0;0;0;0;0;0;0;0;0;2885;0;0;89;0;80;0;
21111;5426096;1011695616;21737472;1116073984;0;0;0;0;0;0;0;0;0;0;0;3547;0;0;89;0;80;0;
21112;5829893;1011695616;21737472;1116073984;0;0;0;0;0;0;0;0;0;0;0;4489;0;0;89;0;80;0;
21113;6333237;1011695616;21737472;1116073984;0;0;0;0;0;0;0;0;0;0;0;3857;0;0;89;0;80;0;
21114;6097996;1011695616;21737472;1116073984;0;0;0;0;0;0;0;0;0;0;0;3346;0;0;89;0;80;0;
21115;7510726;1016958976;28352512;1122689024;0;0;0;0;0;0;0;0;0;0;0;4509;0;0;89;0;80;0;
21116;4539954;1016958976;28352512;1122689024;0;0;0;0;0;0;0;0;0;0;0;3036;0;0;89;0;80;0;
21117;6161294;1016958976;28352512;1122689024;0;0;0;0;0;0;0;0;0;0;0;3256;0;0;89;0;80;0;
21118;6383241;1016958976;28352512;1122689024;0;0;0;0;0;0;0;0;0;0;0;2976;0;0;89;0;80;0;
21119;5476160;1016958976;28352512;1122689024;0;0;0;0;0;0;0;0;0;0;0;3096;0;0;89;0;80;0;
21120;4478640;1016958976;28352512;1122689024;0;0;0;0;0;0;0;0;0;0;0;2855;0;0;89;0;80;0;
21121;5603859;1016958976;28352512;1122689024;0;0;0;0;0;0;0;0;0;0;0;2816;0;0;89;0;80;0;
21122;3416026;1016958976;28352512;1122689024;0;0;0;0;0;0;0;0;0;0;0;2875;0;0;89;0;80;0;
21123;5602657;1016958976;28352512;1122689024;0;0;0;0;0;0;0;0;0;0;0;2735;0;0;89;0;80;0;
21124;4887866;1011695616;21737472;1116073984;0;0;0;0;0;0;0;0;0;0;0;3426;0;0;89;0;80;0;
21125;5646299;1011695616;21737472;1116073984;0;0;0;0;0;0;0;0;0;0;0;3316;0;0;89;0;80;0;
21126;4030960;1011695616;21737472;1116073984;0;0;0;0;0;0;0;0;0;0;0;3016;0;0;89;0;80;0;
21127;6058302;1011695616;21737472;1116073984;0;0;0;0;0;0;0;0;0;0;0;3757;0;0;89;0;80;0;
21128;4969600;1011695616;21737472;1116073984;0;0;0;0;0;0;0;0;0;0;0;3266;0;0;89;0;80;0;
21129;5285983;1011695616;21737472;1116073984;0;0;0;0;0;0;0;0;0;0;0;3016;0;0;89;0;80;0;
21130;4498346;1011695616;21737472;1116073984;0;0;0;0;0;0;0;0;0;0;0;3346;0;0;89;0;80;0;
21131;5665415;1011695616;21737472;1116073984;0;0;0;0;0;0;0;0;0;0;0;3797;0;0;89;0;80;0;
21132;4220666;1011695616;21737472;1116073984;0;0;0;0;0;0;0;0;0;0;0;2885;0;0;89;0;80;0;
21133;5652200;1011695616;21737472;1116073984;0;0;0;0;0;0;0;0;0;0;0;3256;0;0;89;0;80;0;
21134;6075123;1011695616;21737472;1116073984;0;0;0;0;0;0;0;0;0;0;0;2896;0;0;89;0;80;0;
21135;5271336;1011695616;21737472;1116073984;0;0;0;0;0;0;0;0;0;0;0;2705;0;0;89;0;80;0;
21136;3793935;1011695616;21737472;1116073984;0;0;0;0;0;0;0;0;0;0;0;3297;0;0;89;0;80;0;
21137;6119827;1011695616;21737472;1116073984;0;0;0;0;0;0;0;0;0;0;0;3858;0;0;89;0;80;0;
21138;4189637;1011695616;21737472;1116073984;0;0;0;0;0;0;0;0;0;0;0;3095;0;0;89;0;80;0;
21139;5944689;1011695616;21737472;1116073984;0;0;0;0;0;0;0;0;0;0;0;3377;0;0;89;0;80;0;
21140;5368107;1011695616;21737472;1116073984;0;0;0;0;0;0;0;0;0;0;0;3757;0;0;89;0;80;0;
21141;6668506;1011695616;21741568;1116078080;0;0;0;0;0;0;0;0;0;0;0;3537;0;0;89;0;80;0;
21142;5690843;1011695616;21745664;1116082176;0;0;0;0;0;0;0;0;0;0;0;3506;0;0;89;0;80;0;
21143;7130964;1011695616;21745664;1116082176;0;0;0;0;0;0;0;0;0;0;0;3086;0;0;89;0;80;0;
21144;4283403;1011695616;21745664;1116082176;0;0;0;0;0;0;0;0;0;0;0;2555;0;0;89;0;80;0;
21145;6255832;1011695616;21745664;1116082176;0;0;0;0;0;0;0;0;0;0;0;3497;0;0;89;0;80;0;
21146;4793760;1011695616;21745664;1116082176;0;0;0;0;0;0;0;0;0;0;0;2525;0;0;89;0;80;0;
21147;6401335;1011695616;21745664;1116082176;0;0;0;0;0;0;0;0;0;0;0;3126;0;0;89;0;80;0;
21148;3564876;1011695616;21737472;1116073984;0;0;0;0;0;0;0;0;0;0;0;2335;0;0;89;0;80;0;
21149;7267099;1011695616;21737472;1116073984;0;0;0;0;0;0;0;0;0;0;0;2996;0;0;89;0;80;0;
21150;3653431;1011695616;21737472;1116073984;0;0;0;0;0;0;0;0;0;0;0;2925;0;0;89;0;80;0;
21151;5519311;1011695616;21737472;1116073984;0;0;0;0;0;0;0;0;0;0;0;2895;0;0;89;0;80;0;
21152;6438375;1011695616;21737472;1116073984;0;0;0;0;0;0;0;0;0;0;0;4198;0;0;89;0;80;0;
21153;6894720;1011695616;21737472;1116073984;0;0;0;0;0;0;0;0;0;0;0;3847;0;0;89;0;80;0;
21154;5816288;1011695616;21737472;1116073984;0;0;0;0;0;0;0;0;0;0;0;2966;0;0;89;0;80;0;
21155;12458244;1011695616;21737472;1116073984;0;0;0;0;0;0;0;0;0;0;0;2455;0;0;89;0;80;0;
21156;5524971;1011695616;21737472;1116073984;0;0;0;0;0;0;0;0;0;0;0;3276;0;0;89;0;80;0;
21157;5539319;1011695616;21737472;1116073984;0;0;0;0;0;0;0;0;0;0;0;3377;0;0;89;0;80;0;
21158;5224418;1011695616;21737472;1116073984;0;0;0;0;0;0;0;0;0;0;0;3025;0;0;89;0;80;0;
21159;5555268;1011695616;21737472;1116073984;0;0;0;0;0;0;0;0;0;0;0;2976;0;0;89;0;80;0;
21160;4620776;1011695616;21737472;1116073984;0;0;0;0;0;0;0;0;0;0;0;2865;0;0;89;0;80;0;
21161;4899488;1011695616;21737472;1116073984;0;0;0;0;0;0;0;0;0;0;0;2505;0;0;89;0;80;0;
21162;3476560;1011695616;21737472;1116073984;0;0;0;0;0;0;0;0;0;0;0;2795;0;0;89;0;80;0;
21163;5757498;1011695616;21737472;1116073984;0;0;0;0;0;0;0;0;0;0;0;2885;0;0;89;0;80;0;
21164;4260070;1011695616;21737472;1116073984;0;0;0;0;0;0;0;0;0;0;0;2905;0;0;89;0;80;0;
21165;5987990;1011695616;21737472;1116073984;0;0;0;0;0;0;0;0;0;0;0;3457;0;0;89;0;80;0;
21166;5317783;1011695616;21737472;1116073984;0;0;0;0;0;0;0;0;0;0;0;3266;0;0;89;0;80;0;
21167;8823056;1011695616;21737472;1116073984;0;0;0;0;0;0;0;0;0;0;0;38482;0;0;89;0;80;0;
21168;4921179;1011695616;21737472;1116073984;0;0;0;0;0;0;0;0;0;0;0;3627;0;0;89;0;80;0;
21169;6508365;1011695616;21737472;1116073984;0;0;0;0;0;0;0;0;0;0;0;3366;0;0;89;0;80;0;
21170;5903662;1011695616;21737472;1116073984;0;0;0;0;0;0;0;0;0;0;0;3116;0;0;89;0;80;0;
21171;7591707;1011695616;21737472;1116073984;0;0;0;0;0;0;0;0;0;0;0;3256;0;0;89;0;80;0;
21172;5778507;1011695616;21737472;1116073984;0;0;0;0;0;0;0;0;0;0;0;3066;0;0;89;0;80;0;
21173;6079070;1011695616;21737472;1116073984;0;0;0;0;0;0;0;0;0;0;0;2906;0;0;89;0;80;0;
21174;5567141;1011695616;21737472;1116073984;0;0;0;0;0;0;0;0;0;0;0;3287;0;0;89;0;80;0;
21175;5473876;1011695616;21737472;1116073984;0;0;0;0;0;0;0;0;0;0;0;3056;0;0;89;0;80;0;
21176;4277202;1011695616;21737472;1116073984;0;0;0;0;0;0;0;0;0;0;0;3126;0;0;89;0;80;0;
21177;6055948;1011695616;21737472;1116073984;0;0;0;0;0;0;0;0;0;0;0;3407;0;0;89;0;80;0;
21178;4696347;1011695616;21737472;1116073984;0;0;0;0;0;0;0;0;0;0;0;2615;0;0;89;0;80;0;
21179;6022134;1011695616;21737472;1116073984;0;0;0;0;0;0;0;0;0;0;0;3125;0;0;89;0;80;0;
21180;4347724;1011695616;21737472;1116073984;0;0;0;0;0;0;0;0;0;0;0;2415;0;0;89;0;80;0;
21181;6432463;1011695616;21737472;1116073984;0;0;0;0;0;0;0;0;0;0;0;3286;0;0;89;0;80;0;
21182;3894914;1011695616;21737472;1116073984;0;0;0;0;0;0;0;0;0;0;0;2765;0;0;89;0;80;0;
21183;6382760;1011695616;21737472;1116073984;0;0;0;0;0;0;0;0;0;0;0;2725;0;0;89;0;80;0;
21184;3835773;1011695616;21737472;1116073984;0;0;0;0;0;0;0;0;0;0;0;2876;0;0;89;0;80;0;
21185;5820536;1011695616;21737472;1116073984;0;0;0;0;0;0;0;0;0;0;0;3005;0;0;89;0;80;0;
21186;3623766;1011695616;21737472;1116073984;0;0;0;0;0;0;0;0;0;0;0;2895;0;0;89;0;80;0;
21187;6077257;1011695616;21737472;1116073984;0;0;0;0;0;0;0;0;0;0;0;2845;0;0;89;0;80;0;
21188;3646067;1011695616;21737472;1116073984;0;0;0;0;0;0;0;0;0;0;0;2835;0;0;89;0;80;0;
21189;6057760;1011695616;21737472;1116073984;0;0;0;0;0;0;0;0;0;0;0;3386;0;0;89;0;80;0;
21190;4486434;1011695616;21737472;1116073984;0;0;0;0;0;0;0;0;0;0;0;225333;0;0;89;0;80;0;
21191;6714493;1011695616;21737472;1116073984;0;0;0;0;0;0;0;0;0;0;0;2434;0;0;89;0;80;0;
21192;4027573;1011695616;21737472;1116073984;0;0;0;0;0;0;0;0;0;0;0;3437;0;0;89;0;80;0;
21193;5710119;1011695616;21737472;1116073984;0;0;0;0;0;0;0;0;0;0;0;3006;0;0;89;0;80;0;
21194;4802416;1011695616;21737472;1116073984;0;0;0;0;0;0;0;0;0;0;0;2655;0;0;89;0;80;0;
21195;6606359;1011695616;21737472;1116073984;0;0;0;0;0;0;0;0;0;0;0;2605;0;0;89;0;80;0;
21196;6130436;1011695616;21737472;1116073984;0;0;0;0;0;0;0;0;0;0;0;3276;0;0;89;0;80;0;
21197;5628095;1011695616;21737472;1116073984;0;0;0;0;0;0;0;0;0;0;0;3497;0;0;89;0;80;0;
21198;4464092;1011695616;21737472;1116073984;0;0;0;0;0;0;0;0;0;0;0;3848;0;0;89;0;80;0;
21199;6007787;1011695616;21737472;1116073984;0;0;0;0;0;0;0;0;0;0;0;3176;0;0;89;0;80;0;
21200;4870624;1011695616;21737472;1116073984;0;0;0;0;0;0;0;0;0;0;0;3286;0;0;89;0;80;0;
21201;5553596;1011695616;21737472;1116073984;0;0;0;0;0;0;0;0;0;0;0;3246;0;0;89;0;80;0;
21202;4272232;1011695616;21737472;1116073984;0;0;0;0;0;0;0;0;0;0;0;3096;0;0;89;0;80;0;
21203;5789207;1011695616;21737472;1116073984;0;0;0;0;0;0;0;0;0;0;0;2655;0;0;89;0;80;0;
21204;4601940;1011695616;21737472;1116073984;0;0;0;0;0;0;0;0;0;0;0;3476;0;0;89;0;80;0;
21205;5288188;1011695616;21737472;1116073984;0;0;0;0;0;0;0;0;0;0;0;3426;0;0;89;0;80;0;
21206;5165928;1011695616;21737472;1116073984;0;0;0;0;0;0;0;0;0;0;0;2865;0;0;89;0;80;0;
21207;5649926;1011695616;21737472;1116073984;0;0;0;0;0;0;0;0;0;0;0;3467;0;0;89;0;80;0;
21208;3965056;1011695616;21737472;1116073984;0;0;0;0;0;0;0;0;0;0;0;3427;0;0;89;0;80;0;
21209;5680453;1011695616;21737472;1116073984;0;0;0;0;0;0;0;0;0;0;0;3346;0;0;89;0;80;0;
21210;4461738;1011695616;21737472;1116073984;0;0;0;0;0;0;0;0;0;0;0;3055;0;0;89;0;80;0;
21211;5730387;1011695616;21737472;1116073984;0;0;0;0;0;0;0;0;0;0;0;3226;0;0;89;0;80;0;
21212;4023806;1011695616;21737472;1116073984;0;0;0;0;0;0;0;0;0;0;0;3376;0;0;89;0;80;0;
21213;6393080;1011695616;21737472;1116073984;0;0;0;0;0;0;0;0;0;0;0;3266;0;0;89;0;80;0;
21214;3736297;1011695616;21737472;1116073984;0;0;0;0;0;0;0;0;0;0;0;3978;0;0;89;0;80;0;
21215;5686013;1011695616;21737472;1116073984;0;0;0;0;0;0;0;0;0;0;0;2886;0;0;89;0;80;0;
21216;3268610;1011695616;21737472;1116073984;0;0;0;0;0;0;0;0;0;0;0;2615;0;0;89;0;80;0;
21217;5119250;1011695616;21737472;1116073984;0;0;0;0;0;0;0;0;0;0;0;3156;0;0;89;0;80;0;
21218;3672167;1011695616;21737472;1116073984;0;0;0;0;0;0;0;0;0;0;0;2595;0;0;89;0;80;0;
21219;4702509;1011695616;21737472;1116073984;0;0;0;0;0;0;0;0;0;0;0;2574;0;0;89;0;80;0;
21220;4408628;1011695616;21737472;1116073984;0;0;0;0;0;0;0;0;0;0;0;2935;0;0;89;0;80;0;
21221;5550840;1011695616;21737472;1116073984;0;0;0;0;0;0;0;0;0;0;0;3056;0;0;89;0;80;0;
21222;3789787;1011695616;21737472;1116073984;0;0;0;0;0;0;0;0;0;0;0;2654;0;0;89;0;80;0;
21223;6051028;1011695616;21737472;1116073984;0;0;0;0;0;0;0;0;0;0;0;3306;0;0;89;0;80;0;
21224;3877652;1011695616;21737472;1116073984;0;0;0;0;0;0;0;0;0;0;0;2765;0;0;89;0;80;0;
21225;5279231;1011695616;21737472;1116073984;0;0;0;0;0;0;0;0;0;0;0;2705;0;0;89;0;80;0;
21226;3445231;1011695616;21737472;1116073984;0;0;0;0;0;0;0;0;0;0;0;2926;0;0;89;0;80;0;
21227;5623085;1011695616;21737472;1116073984;0;0;0;0;0;0;0;0;0;0;0;2445;0;0;89;0;80;0;
21228;4897805;1011695616;21737472;1116073984;0;0;0;0;0;0;0;0;0;0;0;2555;0;0;89;0;80;0;
21229;5930252;1011695616;21737472;1116073984;0;0;0;0;0;0;0;0;0;0;0;2645;0;0;89;0;80;0;
21230;4448693;1011695616;21737472;1116073984;0;0;0;0;0;0;0;0;0;0;0;3166;0;0;89;0;80;0;
21231;6109257;1011695616;21737472;1116073984;0;0;0;0;0;0;0;0;0;0;0;4048;0;0;89;0;80;0;
21232;3891658;1011695616;21737472;1116073984;0;0;0;0;0;0;0;0;0;0;0;2375;0;0;89;0;80;0;
21233;7333633;1016958976;28352512;1122689024;0;0;0;0;0;0;0;0;0;0;0;3386;0;0;89;0;80;0;
21234;4266010;1016958976;28352512;1122689024;0;0;0;0;0;0;0;0;0;0;0;2875;0;0;89;0;80;0;
21235;5884175;1016958976;28352512;1122689024;0;0;0;0;0;0;0;0;0;0;0;2945;0;0;89;0;80;0;
21236;4176171;1016958976;28352512;1122689024;0;0;0;0;0;0;0;0;0;0;0;3196;0;0;89;0;80;0;
21237;5065630;1016958976;28352512;1122689024;0;0;0;0;0;0;0;0;0;0;0;3015;0;0;89;0;80;0;
21238;3857664;1016958976;28352512;1122689024;0;0;0;0;0;0;0;0;0;0;0;3377;0;0;89;0;80;0;
21239;6043604;1016958976;28352512;1122689024;0;0;0;0;0;0;0;0;0;0;0;2615;0;0;89;0;80;0;
21240;3458306;1016958976;28352512;1122689024;0;0;0;0;0;0;0;0;0;0;0;2815;0;0;89;0;80;0;
21241;5818592;1016958976;28352512;1122689024;0;0;0;0;0;0;0;0;0;0;0;2655;0;0;89;0;80;0;
21242;3649274;1011695616;21737472;1116073984;0;0;0;0;0;0;0;0;0;0;0;2455;0;0;89;0;80;0;
21243;6503646;1011695616;21737472;1116073984;0;0;0;0;0;0;0;0;0;0;0;3297;0;0;89;0;80;0;
21244;4329429;1011695616;21737472;1116073984;0;0;0;0;0;0;0;0;0;0;0;3577;0;0;89;0;80;0;
21245;6981543;1011695616;21737472;1116073984;0;0;0;0;0;0;0;0;0;0;0;3357;0;0;89;0;80;0;
21246;5707223;1011695616;21737472;1116073984;0;0;0;0;0;0;0;0;0;0;0;3636;0;0;89;0;80;0;
21247;6080162;1011695616;21737472;1116073984;0;0;0;0;0;0;0;0;0;0;0;3256;0;0;89;0;80;0;
21248;3532555;1011695616;21737472;1116073984;0;0;0;0;0;0;0;0;0;0;0;3396;0;0;89;0;80;0;
21249;5068355;1011695616;21737472;1116073984;0;0;0;0;0;0;0;0;0;0;0;3888;0;0;89;0;80;0;
21250;4823546;1011695616;21737472;1116073984;0;0;0;0;0;0;0;0;0;0;0;3236;0;0;89;0;80;0;
21251;6399381;1011695616;21737472;1116073984;0;0;0;0;0;0;0;0;0;0;0;3126;0;0;89;0;80;0;
21252;5459549;1011695616;21737472;1116073984;0;0;0;0;0;0;0;0;0;0;0;2935;0;0;89;0;80;0;
21253;5767617;1011695616;21737472;1116073984;0;0;0;0;0;0;0;0;0;0;0;3085;0;0;89;0;80;0;
21254;4723890;1011695616;21737472;1116073984;0;0;0;0;0;0;0;0;0;0;0;2785;0;0;89;0;80;0;
21255;5680933;1011695616;21737472;1116073984;0;0;0;0;0;0;0;0;0;0;0;3977;0;0;89;0;80;0;
21256;5301422;1011695616;21737472;1116073984;0;0;0;0;0;0;0;0;0;0;0;3026;0;0;89;0;80;0;
21257;5286153;1011695616;21737472;1116073984;0;0;0;0;0;0;0;0;0;0;0;2925;0;0;89;0;80;0;
21258;3360943;1011695616;21737472;1116073984;0;0;0;0;0;0;0;0;0;0;0;2625;0;0;89;0;80;0;
21259;5109192;1011695616;21737472;1116073984;0;0;0;0;0;0;0;0;0;0;0;2575;0;0;89;0;80;0;
21260;3089003;1011695616;21737472;1116073984;0;0;0;0;0;0;0;0;0;0;0;2655;0;0;89;0;80;0;
21261;6102545;1011695616;21737472;1116073984;0;0;0;0;0;0;0;0;0;0;0;2755;0;0;89;0;80;0;
21262;3675493;1011695616;21737472;1116073984;0;0;0;0;0;0;0;0;0;0;0;2755;0;0;89;0;80;0;
21263;6806374;1011695616;21737472;1116073984;0;0;0;0;0;0;0;0;0;0;0;2615;0;0;89;0;80;0;
21264;3435643;1011695616;21737472;1116073984;0;0;0;0;0;0;0;0;0;0;0;2224;0;0;89;0;80;0;
21265;6064663;1011695616;21737472;1116073984;0;0;0;0;0;0;0;0;0;0;0;3466;0;0;89;0;80;0;
21266;6622289;1011695616;21737472;1116073984;0;0;0;0;0;0;0;0;0;0;0;3246;0;0;89;0;80;0;
21267;6025730;1011695616;21737472;1116073984;0;0;0;0;0;0;0;0;0;0;0;2715;0;0;89;0;80;0;
21268;3645276;1011695616;21737472;1116073984;0;0;0;0;0;0;0;0;0;0;0;2975;0;0;89;0;80;0;
21269;7341729;1011695616;21737472;1116073984;0;0;0;0;0;0;0;0;0;0;0;3477;0;0;89;0;80;0;
21270;5032087;1011695616;21737472;1116073984;0;0;0;0;0;0;0;0;0;0;0;4809;0;0;89;0;80;0;
21271;7329495;1011695616;21737472;1116073984;0;0;0;0;0;0;0;0;0;0;0;4399;0;0;89;0;80;0;
21272;6441470;1011695616;21737472;1116073984;0;0;0;0;0;0;0;0;0;0;0;3236;0;0;89;0;80;0;
21273;6388140;1011695616;21737472;1116073984;0;0;0;0;0;0;0;0;0;0;0;3046;0;0;89;0;80;0;
21274;5117116;1011695616;21737472;1116073984;0;0;0;0;0;0;0;0;0;0;0;2836;0;0;89;0;80;0;
21275;6074271;1011695616;21737472;1116073984;0;0;0;0;0;0;0;0;0;0;0;3016;0;0;89;0;80;0;
21276;5540411;1011695616;21737472;1116073984;0;0;0;0;0;0;0;0;0;0;0;2805;0;0;89;0;80;0;
21277;6907384;1011695616;21737472;1116073984;0;0;0;0;0;0;0;0;0;0;0;2435;0;0;89;0;80;0;
21278;4044886;1011695616;21737472;1116073984;0;0;0;0;0;0;0;0;0;0;0;2365;0;0;89;0;80;0;
21279;5639526;1011695616;21737472;1116073984;0;0;0;0;0;0;0;0;0;0;0;2955;0;0;89;0;80;0;
21280;3552062;1011695616;21737472;1116073984;0;0;0;0;0;0;0;0;0;0;0;2564;0;0;89;0;80;0;
21281;6479482;1011695616;21737472;1116073984;0;0;0;0;0;0;0;0;0;0;0;2725;0;0;89;0;80;0;
21282;2996289;1011695616;21737472;1116073984;0;0;0;0;0;0;0;0;0;0;0;2024;0;0;89;0;80;0;
21283;5885558;1011695616;21737472;1116073984;0;0;0;0;0;0;0;0;0;0;0;2766;0;0;89;0;80;0;
21284;4406674;1011695616;21737472;1116073984;0;0;0;0;0;0;0;0;0;0;0;2865;0;0;89;0;80;0;
21285;6132641;1011695616;21737472;1116073984;0;0;0;0;0;0;0;0;0;0;0;2835;0;0;89;0;80;0;
21286;3001539;1011695616;21737472;1116073984;0;0;0;0;0;0;0;0;0;0;0;1994;0;0;89;0;80;0;
21287;5008102;1011695616;21737472;1116073984;0;0;0;0;0;0;0;0;0;0;0;2355;0;0;89;0;80;0;
21288;4256272;1011695616;21737472;1116073984;0;0;0;0;0;0;0;0;0;0;0;2505;0;0;89;0;80;0;
21289;5157222;1011695616;21737472;1116073984;0;0;0;0;0;0;0;0;0;0;0;2776;0;0;89;0;80;0;
21290;3126213;1011695616;21737472;1116073984;0;0;0;0;0;0;0;0;0;0;0;2365;0;0;89;0;80;0;
21291;6130026;1011695616;21737472;1116073984;0;0;0;0;0;0;0;0;0;0;0;2525;0;0;89;0;80;0;
21292;3768918;1011695616;21737472;1116073984;0;0;0;0;0;0;0;0;0;0;0;2705;0;0;89;0;80;0;
21293;6567085;1011695616;21737472;1116073984;0;0;0;0;0;0;0;0;0;0;0;3366;0;0;89;0;80;0;
21294;3713455;1011695616;21737472;1116073984;0;0;0;0;0;0;0;0;0;0;0;2114;0;0;89;0;80;0;
21295;5292095;1011695616;21737472;1116073984;0;0;0;0;0;0;0;0;0;0;0;2394;0;0;89;0;80;0;
21296;3365571;1011695616;21737472;1116073984;0;0;0;0;0;0;0;0;0;0;0;2304;0;0;89;0;80;0;
21297;5907819;1011695616;21737472;1116073984;0;0;0;0;0;0;0;0;0;0;0;2465;0;0;89;0;80;0;
21298;3704828;1011695616;21737472;1116073984;0;0;0;0;0;0;0;0;0;0;0;2494;0;0;89;0;80;0;
21299;5152593;1011695616;21737472;1116073984;0;0;0;0;0;0;0;0;0;0;0;1983;0;0;89;0;80;0;
21300;2884329;1011695616;21737472;1116073984;0;0;0;0;0;0;0;0;0;0;0;2315;0;0;89;0;80;0;
21301;4827464;1011695616;21737472;1116073984;0;0;0;0;0;0;0;0;0;0;0;2374;0;0;89;0;80;0;
21302;3760692;1011695616;21737472;1116073984;0;0;0;0;0;0;0;0;0;0;0;2084;0;0;89;0;80;0;
21303;5174253;1011695616;21737472;1116073984;0;0;0;0;0;0;0;0;0;0;0;2315;0;0;89;0;80;0;
21304;3209559;1011695616;21737472;1116073984;0;0;0;0;0;0;0;0;0;0;0;2885;0;0;89;0;80;0;
21305;7095226;1011695616;21737472;1116073984;0;0;0;0;0;0;0;0;0;0;0;3307;0;0;89;0;80;0;
21306;5469498;1011695616;21737472;1116073984;0;0;0;0;0;0;0;0;0;0;0;2795;0;0;89;0;80;0;
21307;5023511;1011695616;21737472;1116073984;0;0;0;0;0;0;0;0;0;0;0;2484;0;0;89;0;80;0;
21308;4358483;1011695616;21737472;1116073984;0;0;0;0;0;0;0;0;0;0;0;3095;0;0;89;0;80;0;
21309;6027814;1011695616;21737472;1116073984;0;0;0;0;0;0;0;0;0;0;0;3316;0;0;89;0;80;0;
21310;4521960;1011695616;21737472;1116073984;0;0;0;0;0;0;0;0;0;0;0;2565;0;0;89;0;80;0;
21311;5664042;1011695616;21737472;1116073984;0;0;0;0;0;0;0;0;0;0;0;2134;0;0;89;0;80;0;
21312;5721340;1011695616;21737472;1116073984;0;0;0;0;0;0;0;0;0;0;0;3196;0;0;89;0;80;0;
21313;5922267;1011695616;21737472;1116073984;0;0;0;0;0;0;0;0;0;0;0;3206;0;0;89;0;80;0;
21314;3962211;1011695616;21737472;1116073984;0;0;0;0;0;0;0;0;0;0;0;3316;0;0;89;0;80;0;
21315;6485854;1011695616;21737472;1116073984;0;0;0;0;0;0;0;0;0;0;0;2996;0;0;89;0;80;0;
21316;3503902;1011695616;21737472;1116073984;0;0;0;0;0;0;0;0;0;0;0;2745;0;0;89;0;80;0;
21317;5276666;1011695616;21737472;1116073984;0;0;0;0;0;0;0;0;0;0;0;2995;0;0;89;0;80;0;
21318;4355268;1011695616;21737472;1116073984;0;0;0;0;0;0;0;0;0;0;0;2294;0;0;89;0;80;0;
21319;5194591;1011695616;21737472;1116073984;0;0;0;0;0;0;0;0;0;0;0;2554;0;0;89;0;80;0;
21320;3618276;1011695616;21737472;1116073984;0;0;0;0;0;0;0;0;0;0;0;2344;0;0;89;0;80;0;
21321;5827538;1011695616;21737472;1116073984;0;0;0;0;0;0;0;0;0;0;0;3256;0;0;89;0;80;0;
21322;5905816;1011695616;21737472;1116073984;0;0;0;0;0;0;0;0;0;0;0;4358;0;0;89;0;80;0;
21323;6687121;1011695616;21737472;1116073984;0;0;0;0;0;0;0;0;0;0;0;3607;0;0;89;0;80;0;
21324;3742368;1011695616;21737472;1116073984;0;0;0;0;0;0;0;0;0;0;0;3006;0;0;89;0;80;0;
21325;7607978;1011695616;21737472;1116073984;0;0;0;0;0;0;0;0;0;0;0;38863;0;0;89;0;80;0;
21326;3813371;1011695616;21737472;1116073984;0;0;0;0;0;0;0;0;0;0;0;2745;0;0;89;0;80;0;
21327;5808453;1016958976;28352512;1122689024;0;0;0;0;0;0;0;0;0;0;0;3848;0;0;89;0;80;0;
21328;6261002;1016958976;28352512;1122689024;0;0;0;0;0;0;0;0;0;0;0;3898;0;0;89;0;80;0;
21329;6164220;1016958976;28352512;1122689024;0;0;0;0;0;0;0;0;0;0;0;2855;0;0;89;0;80;0;
21330;5282517;1016958976;28352512;1122689024;0;0;0;0;0;0;0;0;0;0;0;3035;0;0;89;0;80;0;
21331;6249631;1016958976;28352512;1122689024;0;0;0;0;0;0;0;0;0;0;0;3106;0;0;89;0;80;0;
21332;4452089;1016958976;28352512;1122689024;0;0;0;0;0;0;0;0;0;0;0;3046;0;0;89;0;80;0;
21333;6734951;1016958976;28352512;1122689024;0;0;0;0;0;0;0;0;0;0;0;4328;0;0;89;0;80;0;
21334;4592122;1016958976;28352512;1122689024;0;0;0;0;0;0;0;0;0;0;0;2835;0;0;89;0;80;0;
21335;6042021;1016958976;28352512;1122689024;0;0;0;0;0;0;0;0;0;0;0;2865;0;0;89;0;80;0;
21336;4424167;1011695616;21737472;1116073984;0;0;0;0;0;0;0;0;0;0;0;3397;0;0;89;0;80;0;
21337;6098668;1011695616;21737472;1116073984;0;0;0;0;0;0;0;0;0;0;0;3547;0;0;89;0;80;0;
21338;4401134;1011695616;21737472;1116073984;0;0;0;0;0;0;0;0;0;0;0;3156;0;0;89;0;80;0;
21339;6470765;1011695616;21737472;1116073984;0;0;0;0;0;0;0;0;0;0;0;2815;0;0;89;0;80;0;
21340;4957988;1011695616;21737472;1116073984;0;0;0;0;0;0;0;0;0;0;0;2835;0;0;89;0;80;0;
21341;5403503;1011695616;21737472;1116073984;0;0;0;0;0;0;0;0;0;0;0;2986;0;0;89;0;80;0;
21342;3544647;1011695616;21737472;1116073984;0;0;0;0;0;0;0;0;0;0;0;2695;0;0;89;0;80;0;
21343;6138843;1011695616;21737472;1116073984;0;0;0;0;0;0;0;0;0;0;0;2936;0;0;89;0;80;0;
21344;3828270;1011695616;21737472;1116073984;0;0;0;0;0;0;0;0;0;0;0;2675;0;0;89;0;80;0;
21345;6478700;1011695616;21737472;1116073984;0;0;0;0;0;0;0;0;0;0;0;3216;0;0;89;0;80;0;
21346;5822189;1011695616;21737472;1116073984;0;0;0;0;0;0;0;0;0;0;0;3416;0;0;89;0;80;0;
21347;8732747;1011695616;21737472;1116073984;0;0;0;0;0;0;0;0;0;0;0;3586;0;0;89;0;80;0;
21348;6223150;1011695616;21737472;1116073984;0;0;0;0;0;0;0;0;0;0;0;3967;0;0;89;0;80;0;
21349;6414210;1011695616;21737472;1116073984;0;0;0;0;0;0;0;0;0;0;0;3958;0;0;89;0;80;0;
21350;6256113;1011695616;21737472;1116073984;0;0;0;0;0;0;0;0;0;0;0;3747;0;0;89;0;80;0;
21351;7819524;1011695616;21737472;1116073984;0;0;0;0;0;0;0;0;0;0;0;3767;0;0;89;0;80;0;
21352;6041470;1011695616;21737472;1116073984;0;0;0;0;0;0;0;0;0;0;0;3456;0;0;89;0;80;0;
21353;5648884;1011695616;21737472;1116073984;0;0;0;0;0;0;0;0;0;0;0;3557;0;0;89;0;80;0;
21354;6354848;1011695616;21737472;1116073984;0;0;0;0;0;0;0;0;0;0;0;3587;0;0;89;0;80;0;
21355;6502675;1011695616;21737472;1116073984;0;0;0;0;0;0;0;0;0;0;0;3086;0;0;89;0;80;0;
21356;6099579;1011695616;21737472;1116073984;0;0;0;0;0;0;0;0;0;0;0;3467;0;0;89;0;80;0;
21357;6654180;1011695616;21737472;1116073984;0;0;0;0;0;0;0;0;0;0;0;3356;0;0;89;0;80;0;
21358;4536327;1011695616;21737472;1116073984;0;0;0;0;0;0;0;0;0;0;0;2645;0;0;89;0;80;0;
21359;6918414;1011695616;21737472;1116073984;0;0;0;0;0;0;0;0;0;0;0;2735;0;0;89;0;80;0;
21360;3346987;1011695616;21737472;1116073984;0;0;0;0;0;0;0;0;0;0;0;2886;0;0;89;0;80;0;
21361;6243619;1011695616;21737472;1116073984;0;0;0;0;0;0;0;0;0;0;0;2745;0;0;89;0;80;0;
21362;3931022;1011695616;21737472;1116073984;0;0;0;0;0;0;0;0;0;0;0;2765;0;0;89;0;80;0;
21363;5305550;1011695616;21737472;1116073984;0;0;0;0;0;0;0;0;0;0;0;2706;0;0;89;0;80;0;
21364;5064458;1011695616;21737472;1116073984;0;0;0;0;0;0;0;0;0;0;0;3005;0;0;89;0;80;0;
21365;5479035;1011695616;21737472;1116073984;0;0;0;0;0;0;0;0;0;0;0;2716;0;0;89;0;80;0;
21366;4154571;1011695616;21737472;1116073984;0;0;0;0;0;0;0;0;0;0;0;2595;0;0;89;0;80;0;
21367;7538708;1011695616;21737472;1116073984;0;0;0;0;0;0;0;0;0;0;0;3196;0;0;89;0;80;0;
21368;5273791;1011695616;21737472;1116073984;0;0;0;0;0;0;0;0;0;0;0;3276;0;0;89;0;80;0;
21369;6064464;1011695616;21737472;1116073984;0;0;0;0;0;0;0;0;0;0;0;3336;0;0;89;0;80;0;
21370;5358940;1011695616;21737472;1116073984;0;0;0;0;0;0;0;0;0;0;0;3317;0;0;89;0;80;0;
21371;6419428;1011695616;21737472;1116073984;0;0;0;0;0;0;0;0;0;0;0;2816;0;0;89;0;80;0;
21372;4842802;1011695616;21737472;1116073984;0;0;0;0;0;0;0;0;0;0;0;2705;0;0;89;0;80;0;
21373;5122817;1011695616;21737472;1116073984;0;0;0;0;0;0;0;0;0;0;0;33432;0;0;89;0;80;0;
21374;5111386;1011695616;21737472;1116073984;0;0;0;0;0;0;0;0;0;0;0;3406;0;0;89;0;80;0;
21375;6101332;1011695616;21737472;1116073984;0;0;0;0;0;0;0;0;0;0;0;66154;0;0;89;0;80;0;
21376;4267684;1011695616;21737472;1116073984;0;0;0;0;0;0;0;0;0;0;0;2595;0;0;89;0;80;0;
21377;4959531;1011695616;21737472;1116073984;0;0;0;0;0;0;0;0;0;0;0;3036;0;0;89;0;80;0;
21378;4014539;1011695616;21737472;1116073984;0;0;0;0;0;0;0;0;0;0;0;3586;0;0;89;0;80;0;
21379;5543606;1011695616;21737472;1116073984;0;0;0;0;0;0;0;0;0;0;0;3527;0;0;89;0;80;0;
21380;4732996;1011695616;21737472;1116073984;0;0;0;0;0;0;0;0;0;0;0;2605;0;0;89;0;80;0;
21381;5556280;1011695616;21737472;1116073984;0;0;0;0;0;0;0;0;0;0;0;3066;0;0;89;0;80;0;
21382;4525066;1011695616;21737472;1116073984;0;0;0;0;0;0;0;0;0;0;0;3376;0;0;89;0;80;0;
21383;6332637;1011695616;21737472;1116073984;0;0;0;0;0;0;0;0;0;0;0;2675;0;0;89;0;80;0;
21384;3693056;1011695616;21737472;1116073984;0;0;0;0;0;0;0;0;0;0;0;2595;0;0;89;0;80;0;
21385;6173127;1011695616;21737472;1116073984;0;0;0;0;0;0;0;0;0;0;0;2946;0;0;89;0;80;0;
21386;4557948;1011695616;21737472;1116073984;0;0;0;0;0;0;0;0;0;0;0;3787;0;0;89;0;80;0;
21387;6443083;1011695616;21737472;1116073984;0;0;0;0;0;0;0;0;0;0;0;3988;0;0;89;0;80;0;
21388;5918269;1011695616;21737472;1116073984;0;0;0;0;0;0;0;0;0;0;0;3657;0;0;89;0;80;0;
21389;5915574;1011695616;21737472;1116073984;0;0;0;0;0;0;0;0;0;0;0;2615;0;0;89;0;80;0;
21390;4984578;1011695616;21737472;1116073984;0;0;0;0;0;0;0;0;0;0;0;2755;0;0;89;0;80;0;
21391;5690542;1011695616;21737472;1116073984;0;0;0;0;0;0;0;0;0;0;0;2314;0;0;89;0;80;0;
21392;3622774;1011695616;21737472;1116073984;0;0;0;0;0;0;0;0;0;0;0;2564;0;0;89;0;80;0;
21393;6540146;1011695616;21737472;1116073984;0;0;0;0;0;0;0;0;0;0;0;2825;0;0;89;0;80;0;
21394;4977204;1011695616;21737472;1116073984;0;0;0;0;0;0;0;0;0;0;0;3086;0;0;89;0;80;0;
21395;5324646;1011695616;21737472;1116073984;0;0;0;0;0;0;0;0;0;0;0;2675;0;0;89;0;80;0;
21396;3812230;1011695616;21737472;1116073984;0;0;0;0;0;0;0;0;0;0;0;2365;0;0;89;0;80;0;
21397;5325056;1011695616;21737472;1116073984;0;0;0;0;0;0;0;0;0;0;0;2725;0;0;89;0;80;0;
21398;3735716;1011695616;21737472;1116073984;0;0;0;0;0;0;0;0;0;0;0;3326;0;0;89;0;80;0;
21399;5926985;1011695616;21737472;1116073984;0;0;0;0;0;0;0;0;0;0;0;3346;0;0;89;0;80;0;
21400;5742460;1011695616;21737472;1116073984;0;0;0;0;0;0;0;0;0;0;0;2976;0;0;89;0;80;0;
21401;5915584;1011695616;21737472;1116073984;0;0;0;0;0;0;0;0;0;0;0;3206;0;0;89;0;80;0;
21402;4314982;1011695616;21737472;1116073984;0;0;0;0;0;0;0;0;0;0;0;3226;0;0;89;0;80;0;
21403;5474507;1011695616;21737472;1116073984;0;0;0;0;0;0;0;0;0;0;0;3186;0;0;89;0;80;0;
21404;5661026;1011695616;21737472;1116073984;0;0;0;0;0;0;0;0;0;0;0;3857;0;0;89;0;80;0;
21405;6895582;1011695616;21737472;1116073984;0;0;0;0;0;0;0;0;0;0;0;4238;0;0;89;0;80;0;
21406;4450696;1011695616;21737472;1116073984;0;0;0;0;0;0;0;0;0;0;0;3336;0;0;89;0;80;0;
21407;5813102;1011695616;21737472;1116073984;0;0;0;0;0;0;0;0;0;0;0;2835;0;0;89;0;80;0;
21408;4684646;1011695616;21737472;1116073984;0;0;0;0;0;0;0;0;0;0;0;3527;0;0;89;0;80;0;
21409;6148019;1011695616;21737472;1116073984;0;0;0;0;0;0;0;0;0;0;0;3988;0;0;89;0;80;0;
21410;5507910;1011695616;21737472;1116073984;0;0;0;0;0;0;0;0;0;0;0;3747;0;0;89;0;80;0;
21411;6933884;1011695616;21737472;1116073984;0;0;0;0;0;0;0;0;0;0;0;192091;0;0;89;0;80;0;
21412;4814178;1011695616;21737472;1116073984;0;0;0;0;0;0;0;0;0;0;0;3807;0;0;89;0;80;0;
21413;6726305;1011695616;21737472;1116073984;0;0;0;0;0;0;0;0;0;0;0;3637;0;0;89;0;80;0;
21414;5547925;1011695616;21737472;1116073984;0;0;0;0;0;0;0;0;0;0;0;3987;0;0;89;0;80;0;
21415;6658878;1011695616;21737472;1116073984;0;0;0;0;0;0;0;0;0;0;0;3446;0;0;89;0;80;0;
21416;5203468;1011695616;21737472;1116073984;0;0;0;0;0;0;0;0;0;0;0;3838;0;0;89;0;80;0;
21417;6274877;1011695616;21737472;1116073984;0;0;0;0;0;0;0;0;0;0;0;3957;0;0;89;0;80;0;
21418;5912087;1011695616;21737472;1116073984;0;0;0;0;0;0;0;0;0;0;0;3908;0;0;89;0;80;0;
21419;6193705;1011695616;21737472;1116073984;0;0;0;0;0;0;0;0;0;0;0;3717;0;0;89;0;80;0;
21420;5715198;1011695616;21737472;1116073984;0;0;0;0;0;0;0;0;0;0;0;3637;0;0;89;0;80;0;
21421;7579885;1016958976;28352512;1122689024;0;0;0;0;0;0;0;0;0;0;0;3988;0;0;89;0;80;0;
21422;6796035;1016958976;28352512;1122689024;0;0;0;0;0;0;0;0;0;0;0;4038;0;0;89;0;80;0;
21423;5970057;1016958976;28352512;1122689024;0;0;0;0;0;0;0;0;0;0;0;4088;0;0;89;0;80;0;
21424;5696483;1016958976;28352512;1122689024;0;0;0;0;0;0;0;0;0;0;0;2785;0;0;89;0;80;0;
21425;4975712;1016958976;28352512;1122689024;0;0;0;0;0;0;0;0;0;0;0;2915;0;0;89;0;80;0;
21426;6406765;1016958976;28352512;1122689024;0;0;0;0;0;0;0;0;0;0;0;3257;0;0;89;0;80;0;
21427;5002181;1016958976;28352512;1122689024;0;0;0;0;0;0;0;0;0;0;0;2745;0;0;89;0;80;0;
21428;4983416;1016958976;28352512;1122689024;0;0;0;0;0;0;0;0;0;0;0;134442;0;0;89;0;80;0;
21429;5565307;1016958976;28352512;1122689024;0;0;0;0;0;0;0;0;0;0;0;2865;0;0;89;0;80;0;
21430;6707750;1011695616;21737472;1116073984;0;0;0;0;0;0;0;0;0;0;0;3647;0;0;89;0;80;0;
21431;5705179;1011695616;21737472;1116073984;0;0;0;0;0;0;0;0;0;0;0;3717;0;0;89;0;80;0;
21432;5959747;1011695616;21737472;1116073984;0;0;0;0;0;0;0;0;0;0;0;3696;0;0;89;0;80;0;
21433;7368188;1011695616;21737472;1116073984;0;0;0;0;0;0;0;0;0;0;0;4649;0;0;89;0;80;0;
21434;5449279;1011695616;21737472;1116073984;0;0;0;0;0;0;0;0;0;0;0;3236;0;0;89;0;80;0;
21435;6577365;1011695616;21737472;1116073984;0;0;0;0;0;0;0;0;0;0;0;4508;0;0;89;0;80;0;
21436;4735029;1011695616;21737472;1116073984;0;0;0;0;0;0;0;0;0;0;0;3717;0;0;89;0;80;0;
21437;6802868;1011695616;21737472;1116073984;0;0;0;0;0;0;0;0;0;0;0;4098;0;0;89;0;80;0;
21438;5436225;1011695616;21737472;1116073984;0;0;0;0;0;0;0;0;0;0;0;3407;0;0;89;0;80;0;
21439;7639818;1011695616;21737472;1116073984;0;0;0;0;0;0;0;0;0;0;0;4648;0;0;89;0;80;0;
21440;4369214;1011695616;21737472;1116073984;0;0;0;0;0;0;0;0;0;0;0;3567;0;0;89;0;80;0;
21441;6087155;1011695616;21737472;1116073984;0;0;0;0;0;0;0;0;0;0;0;4428;0;0;89;0;80;0;
21442;5376633;1011695616;21737472;1116073984;0;0;0;0;0;0;0;0;0;0;0;3316;0;0;89;0;80;0;
21443;6239862;1011695616;21737472;1116073984;0;0;0;0;0;0;0;0;0;0;0;4378;0;0;89;0;80;0;
21444;7801230;1011695616;21737472;1116073984;0;0;0;0;0;0;0;0;0;0;0;3647;0;0;89;0;80;0;
21445;6767131;1011695616;21737472;1116073984;0;0;0;0;0;0;0;0;0;0;0;4518;0;0;89;0;80;0;
21446;4918735;1011695616;21737472;1116073984;0;0;0;0;0;0;0;0;0;0;0;4398;0;0;89;0;80;0;
21447;6039386;1011695616;21737472;1116073984;0;0;0;0;0;0;0;0;0;0;0;4298;0;0;89;0;80;0;
21448;6519326;1011695616;21737472;1116073984;0;0;0;0;0;0;0;0;0;0;0;3246;0;0;89;0;80;0;
21449;6323419;1011695616;21737472;1116073984;0;0;0;0;0;0;0;0;0;0;0;4328;0;0;89;0;80;0;
21450;6396165;1011695616;21737472;1116073984;0;0;0;0;0;0;0;0;0;0;0;4118;0;0;89;0;80;0;
21451;6032904;1011695616;21737472;1116073984;0;0;0;0;0;0;0;0;0;0;0;4619;0;0;89;0;80;0;
21452;6005262;1011695616;21737472;1116073984;0;0;0;0;0;0;0;0;0;0;0;3918;0;0;89;0;80;0;
21453;6963709;1011695616;21737472;1116073984;0;0;0;0;0;0;0;0;0;0;0;4258;0;0;89;0;80;0;
21454;6142439;1011695616;21741568;1116078080;0;0;0;0;0;0;0;0;0;0;0;4178;0;0;89;0;80;0;
21455;7527527;1011695616;21741568;1116078080;0;0;0;0;0;0;0;0;0;0;0;5541;0;0;89;0;80;0;
21456;6757934;1011695616;21741568;1116078080;0;0;0;0;0;0;0;0;0;0;0;5260;0;0;89;0;80;0;
21457;7157173;1011695616;21741568;1116078080;0;0;0;0;0;0;0;0;0;0;0;5951;0;0;89;0;80;0;
21458;5283068;1011695616;21741568;1116078080;0;0;0;0;0;0;0;0;0;0;0;4749;0;0;89;0;80;0;
21459;8947750;1011695616;21741568;1116078080;0;0;0;0;0;0;0;0;0;0;0;3918;0;0;89;0;80;0;
21460;8620436;1011695616;21737472;1116073984;0;0;0;0;0;0;0;0;0;0;0;4628;0;0;89;0;80;0;
21461;7142164;1011695616;21737472;1116073984;0;0;0;0;0;0;0;0;0;0;0;4469;0;0;89;0;80;0;
21462;5295912;1011695616;21737472;1116073984;0;0;0;0;0;0;0;0;0;0;0;4338;0;0;89;0;80;0;
21463;6657896;1011695616;21737472;1116073984;0;0;0;0;0;0;0;0;0;0;0;3507;0;0;89;0;80;0;
21464;5078675;1011695616;21737472;1116073984;0;0;0;0;0;0;0;0;0;0;0;2925;0;0;89;0;80;0;
21465;5757949;1011695616;21737472;1116073984;0;0;0;0;0;0;0;0;0;0;0;3066;0;0;89;0;80;0;
21466;5513119;1011695616;21737472;1116073984;0;0;0;0;0;0;0;0;0;0;0;2805;0;0;89;0;80;0;
21467;5484336;1011695616;21737472;1116073984;0;0;0;0;0;0;0;0;0;0;0;2956;0;0;89;0;80;0;
21468;6070585;1011695616;21737472;1116073984;0;0;0;0;0;0;0;0;0;0;0;2976;0;0;89;0;80;0;
21469;5518309;1011695616;21737472;1116073984;0;0;0;0;0;0;0;0;0;0;0;3096;0;0;89;0;80;0;
21470;5239106;1011695616;21737472;1116073984;0;0;0;0;0;0;0;0;0;0;0;3246;0;0;89;0;80;0;
21471;5107609;1011695616;21737472;1116073984;0;0;0;0;0;0;0;0;0;0;0;3136;0;0;89;0;80;0;
21472;7320319;1011695616;21737472;1116073984;0;0;0;0;0;0;0;0;0;0;0;5089;0;0;89;0;80;0;
21473;8591853;1011695616;21737472;1116073984;0;0;0;0;0;0;0;0;0;0;0;4258;0;0;89;0;80;0;
21474;5117627;1011695616;21737472;1116073984;0;0;0;0;0;0;0;0;0;0;0;2665;0;0;89;0;80;0;
21475;6459935;1011695616;21737472;1116073984;0;0;0;0;0;0;0;0;0;0;0;4829;0;0;89;0;80;0;
21476;5355874;1011695616;21737472;1116073984;0;0;0;0;0;0;0;0;0;0;0;2885;0;0;89;0;80;0;
21477;7065571;1011695616;21737472;1116073984;0;0;0;0;0;0;0;0;0;0;0;3306;0;0;89;0;80;0;
21478;4379053;1011695616;21737472;1116073984;0;0;0;0;0;0;0;0;0;0;0;2435;0;0;89;0;80;0;
21479;6085543;1011695616;21737472;1116073984;0;0;0;0;0;0;0;0;0;0;0;3066;0;0;89;0;80;0;
21480;4266862;1011695616;21737472;1116073984;0;0;0;0;0;0;0;0;0;0;0;2785;0;0;89;0;80;0;
21481;5859979;1011695616;21737472;1116073984;0;0;0;0;0;0;0;0;0;0;0;3677;0;0;89;0;80;0;
21482;4794822;1011695616;21737472;1116073984;0;0;0;0;0;0;0;0;0;0;0;2585;0;0;89;0;80;0;
21483;6202262;1011695616;21737472;1116073984;0;0;0;0;0;0;0;0;0;0;0;3447;0;0;89;0;80;0;
21484;3942253;1011695616;21737472;1116073984;0;0;0;0;0;0;0;0;0;0;0;2855;0;0;89;0;80;0;
21485;6406495;1011695616;21737472;1116073984;0;0;0;0;0;0;0;0;0;0;0;4138;0;0;89;0;80;0;
21486;6187514;1011695616;21737472;1116073984;0;0;0;0;0;0;0;0;0;0;0;4258;0;0;89;0;80;0;
21487;6568108;1011695616;21737472;1116073984;0;0;0;0;0;0;0;0;0;0;0;3696;0;0;89;0;80;0;
21488;5751005;1011695616;21737472;1116073984;0;0;0;0;0;0;0;0;0;0;0;3186;0;0;89;0;80;0;
21489;6176774;1011695616;21737472;1116073984;0;0;0;0;0;0;0;0;0;0;0;2575;0;0;89;0;80;0;
21490;3393895;1011695616;21737472;1116073984;0;0;0;0;0;0;0;0;0;0;0;2535;0;0;89;0;80;0;
21491;6399200;1011695616;21737472;1116073984;0;0;0;0;0;0;0;0;0;0;0;2655;0;0;89;0;80;0;
21492;3476390;1011695616;21737472;1116073984;0;0;0;0;0;0;0;0;0;0;0;2795;0;0;89;0;80;0;
21493;5697154;1011695616;21737472;1116073984;0;0;0;0;0;0;0;0;0;0;0;3076;0;0;89;0;80;0;
21494;3534389;1011695616;21737472;1116073984;0;0;0;0;0;0;0;0;0;0;0;2625;0;0;89;0;80;0;
21495;6451730;1011695616;21737472;1116073984;0;0;0;0;0;0;0;0;0;0;0;2996;0;0;89;0;80;0;
21496;4620335;1011695616;21737472;1116073984;0;0;0;0;0;0;0;0;0;0;0;3787;0;0;89;0;80;0;
21497;5752619;1011695616;21737472;1116073984;0;0;0;0;0;0;0;0;0;0;0;2946;0;0;89;0;80;0;
21498;3988920;1011695616;21737472;1116073984;0;0;0;0;0;0;0;0;0;0;0;3075;0;0;89;0;80;0;
21499;6920087;1011695616;21737472;1116073984;0;0;0;0;0;0;0;0;0;0;0;2946;0;0;89;0;80;0;
21500;4443974;1011695616;21737472;1116073984;0;0;0;0;0;0;0;0;0;0;0;2985;0;0;89;0;80;0;
21501;7891148;1011695616;21737472;1116073984;0;0;0;0;0;0;0;0;0;0;0;3597;0;0;89;0;80;0;
21502;7671156;1011695616;21737472;1116073984;0;0;0;0;0;0;0;0;0;0;0;4348;0;0;89;0;80;0;
21503;6115549;1011695616;21737472;1116073984;0;0;0;0;0;0;0;0;0;0;0;3026;0;0;89;0;80;0;
21504;5167521;1011695616;21737472;1116073984;0;0;0;0;0;0;0;0;0;0;0;2756;0;0;89;0;80;0;
21505;6686680;1011695616;21737472;1116073984;0;0;0;0;0;0;0;0;0;0;0;2544;0;0;89;0;80;0;
21506;4337635;1011695616;21737472;1116073984;0;0;0;0;0;0;0;0;0;0;0;3015;0;0;89;0;80;0;
21507;5611012;1011695616;21737472;1116073984;0;0;0;0;0;0;0;0;0;0;0;3176;0;0;89;0;80;0;
21508;4420540;1011695616;21737472;1116073984;0;0;0;0;0;0;0;0;0;0;0;3547;0;0;89;0;80;0;
21509;6760588;1011695616;21737472;1116073984;0;0;0;0;0;0;0;0;0;0;0;4028;0;0;89;0;80;0;
21510;7085618;1011695616;21737472;1116073984;0;0;0;0;0;0;0;0;0;0;0;4178;0;0;89;0;80;0;
21511;7949007;1011695616;21737472;1116073984;0;0;0;0;0;0;0;0;0;0;0;3927;0;0;89;0;80;0;
21512;6177334;1011695616;21737472;1116073984;0;0;0;0;0;0;0;0;0;0;0;2935;0;0;89;0;80;0;
21513;6587053;1011695616;21737472;1116073984;0;0;0;0;0;0;0;0;0;0;0;2946;0;0;89;0;80;0;
21514;5428190;1011695616;21737472;1116073984;0;0;0;0;0;0;0;0;0;0;0;3116;0;0;89;0;80;0;
21515;7716200;1016958976;28352512;1122689024;0;0;0;0;0;0;0;0;0;0;0;3537;0;0;89;0;80;0;
21516;4423125;1016958976;28352512;1122689024;0;0;0;0;0;0;0;0;0;0;0;3246;0;0;89;0;80;0;
21517;6148170;1016958976;28352512;1122689024;0;0;0;0;0;0;0;0;0;0;0;4448;0;0;89;0;80;0;
21518;16371112;1016958976;28352512;1122689024;0;0;0;0;0;0;0;0;0;0;0;3767;0;0;89;0;80;0;
21519;6740842;1016958976;28352512;1122689024;0;0;0;0;0;0;0;0;0;0;0;3426;0;0;89;0;80;0;
21520;5446314;1016958976;28352512;1122689024;0;0;0;0;0;0;0;0;0;0;0;3005;0;0;89;0;80;0;
21521;6382099;1016958976;28352512;1122689024;0;0;0;0;0;0;0;0;0;0;0;3336;0;0;89;0;80;0;
21522;5855952;1016958976;28352512;1122689024;0;0;0;0;0;0;0;0;0;0;0;3065;0;0;89;0;80;0;
21523;5867684;1016958976;28352512;1122689024;0;0;0;0;0;0;0;0;0;0;0;2605;0;0;89;0;80;0;
21524;5347448;1011695616;21737472;1116073984;0;0;0;0;0;0;0;0;0;0;0;4148;0;0;89;0;80;0;
21525;6547700;1011695616;21737472;1116073984;0;0;0;0;0;0;0;0;0;0;0;4208;0;0;89;0;80;0;
21526;5109582;1011695616;21737472;1116073984;0;0;0;0;0;0;0;0;0;0;0;3957;0;0;89;0;80;0;
21527;7157753;1011695616;21737472;1116073984;0;0;0;0;0;0;0;0;0;0;0;3988;0;0;89;0;80;0;
21528;4709101;1011695616;21737472;1116073984;0;0;0;0;0;0;0;0;0;0;0;3717;0;0;89;0;80;0;
21529;5936764;1011695616;21737472;1116073984;0;0;0;0;0;0;0;0;0;0;0;3466;0;0;89;0;80;0;
21530;7397323;1011695616;21737472;1116073984;0;0;0;0;0;0;0;0;0;0;0;3427;0;0;89;0;80;0;
21531;6944784;1011695616;21737472;1116073984;0;0;0;0;0;0;0;0;0;0;0;3617;0;0;89;0;80;0;
21532;6118013;1011695616;21737472;1116073984;0;0;0;0;0;0;0;0;0;0;0;3877;0;0;89;0;80;0;
21533;6371749;1011695616;21737472;1116073984;0;0;0;0;0;0;0;0;0;0;0;3055;0;0;89;0;80;0;
21534;5728162;1011695616;21737472;1116073984;0;0;0;0;0;0;0;0;0;0;0;2885;0;0;89;0;80;0;
21535;6773022;1011695616;21737472;1116073984;0;0;0;0;0;0;0;0;0;0;0;4969;0;0;89;0;80;0;
21536;4563879;1011695616;21737472;1116073984;0;0;0;0;0;0;0;0;0;0;0;2946;0;0;89;0;80;0;
21537;7821989;1011695616;21737472;1116073984;0;0;0;0;0;0;0;0;0;0;0;9718;0;0;89;0;80;0;
21538;7811599;1011695616;21737472;1116073984;0;0;0;0;0;0;0;0;0;0;0;3957;0;0;89;0;80;0;
21539;6938903;1011695616;21737472;1116073984;0;0;0;0;0;0;0;0;0;0;0;3076;0;0;89;0;80;0;
21540;5467514;1011695616;21737472;1116073984;0;0;0;0;0;0;0;0;0;0;0;3406;0;0;89;0;80;0;
21541;5259894;1011695616;21737472;1116073984;0;0;0;0;0;0;0;0;0;0;0;2835;0;0;89;0;80;0;
21542;3777133;1011695616;21737472;1116073984;0;0;0;0;0;0;0;0;0;0;0;2905;0;0;89;0;80;0;
21543;6251674;1011695616;21737472;1116073984;0;0;0;0;0;0;0;0;0;0;0;2615;0;0;89;0;80;0;
21544;3917958;1011695616;21737472;1116073984;0;0;0;0;0;0;0;0;0;0;0;2826;0;0;89;0;80;0;
21545;5794787;1011695616;21737472;1116073984;0;0;0;0;0;0;0;0;0;0;0;2574;0;0;89;0;80;0;
21546;4533832;1011695616;21737472;1116073984;0;0;0;0;0;0;0;0;0;0;0;2825;0;0;89;0;80;0;
21547;5670905;1011695616;21737472;1116073984;0;0;0;0;0;0;0;0;0;0;0;3056;0;0;89;0;80;0;
21548;4859404;1011695616;21737472;1116073984;0;0;0;0;0;0;0;0;0;0;0;2915;0;0;89;0;80;0;
21549;6346873;1011695616;21737472;1116073984;0;0;0;0;0;0;0;0;0;0;0;2835;0;0;89;0;80;0;
21550;5129119;1011695616;21737472;1116073984;0;0;0;0;0;0;0;0;0;0;0;2565;0;0;89;0;80;0;
21551;5178352;1011695616;21737472;1116073984;0;0;0;0;0;0;0;0;0;0;0;3316;0;0;89;0;80;0;
21552;3522796;1011695616;21737472;1116073984;0;0;0;0;0;0;0;0;0;0;0;2875;0;0;89;0;80;0;
21553;5687005;1011695616;21737472;1116073984;0;0;0;0;0;0;0;0;0;0;0;3206;0;0;89;0;80;0;
21554;5534620;1011695616;21737472;1116073984;0;0;0;0;0;0;0;0;0;0;0;3046;0;0;89;0;80;0;
21555;6075904;1011695616;21737472;1116073984;0;0;0;0;0;0;0;0;0;0;0;3066;0;0;89;0;80;0;
21556;4984238;1011695616;21737472;1116073984;0;0;0;0;0;0;0;0;0;0;0;2605;0;0;89;0;80;0;
21557;6804271;1011695616;21737472;1116073984;0;0;0;0;0;0;0;0;0;0;0;2926;0;0;89;0;80;0;
21558;3556460;1011695616;21737472;1116073984;0;0;0;0;0;0;0;0;0;0;0;3327;0;0;89;0;80;0;
21559;6991401;1011695616;21737472;1116073984;0;0;0;0;0;0;0;0;0;0;0;2755;0;0;89;0;80;0;
21560;3297394;1011695616;21737472;1116073984;0;0;0;0;0;0;0;0;0;0;0;2785;0;0;89;0;80;0;
21561;5924831;1011695616;21737472;1116073984;0;0;0;0;0;0;0;0;0;0;0;3316;0;0;89;0;80;0;
21562;5223035;1011695616;21737472;1116073984;0;0;0;0;0;0;0;0;0;0;0;3196;0;0;89;0;80;0;
21563;5934089;1011695616;21737472;1116073984;0;0;0;0;0;0;0;0;0;0;0;3206;0;0;89;0;80;0;
21564;4111130;1011695616;21737472;1116073984;0;0;0;0;0;0;0;0;0;0;0;2776;0;0;89;0;80;0;
21565;5509062;1011695616;21737472;1116073984;0;0;0;0;0;0;0;0;0;0;0;2695;0;0;89;0;80;0;
21566;4882927;1011695616;21737472;1116073984;0;0;0;0;0;0;0;0;0;0;0;2595;0;0;89;0;80;0;
21567;5894554;1011695616;21737472;1116073984;0;0;0;0;0;0;0;0;0;0;0;2835;0;0;89;0;80;0;
21568;4809469;1011695616;21737472;1116073984;0;0;0;0;0;0;0;0;0;0;0;4478;0;0;89;0;80;0;
21569;6043334;1011695616;21737472;1116073984;0;0;0;0;0;0;0;0;0;0;0;3607;0;0;89;0;80;0;
21570;3907758;1011695616;21737472;1116073984;0;0;0;0;0;0;0;0;0;0;0;3126;0;0;89;0;80;0;
21571;6838164;1011695616;21737472;1116073984;0;0;0;0;0;0;0;0;0;0;0;3466;0;0;89;0;80;0;
21572;5394286;1011695616;21737472;1116073984;0;0;0;0;0;0;0;0;0;0;0;2776;0;0;89;0;80;0;
21573;6201049;1011695616;21737472;1116073984;0;0;0;0;0;0;0;0;0;0;0;2715;0;0;89;0;80;0;
21574;5598239;1011695616;21737472;1116073984;0;0;0;0;0;0;0;0;0;0;0;2284;0;0;89;0;80;0;
21575;6248899;1011695616;21737472;1116073984;0;0;0;0;0;0;0;0;0;0;0;3376;0;0;89;0;80;0;
21576;4297550;1011695616;21737472;1116073984;0;0;0;0;0;0;0;0;0;0;0;2856;0;0;89;0;80;0;
21577;6186451;1011695616;21737472;1116073984;0;0;0;0;0;0;0;0;0;0;0;3387;0;0;89;0;80;0;
21578;4868119;1011695616;21737472;1116073984;0;0;0;0;0;0;0;0;0;0;0;2605;0;0;89;0;80;0;
21579;5364000;1011695616;21737472;1116073984;0;0;0;0;0;0;0;0;0;0;0;2344;0;0;89;0;80;0;
21580;4848402;1011695616;21737472;1116073984;0;0;0;0;0;0;0;0;0;0;0;4088;0;0;89;0;80;0;
21581;6207381;1011695616;21737472;1116073984;0;0;0;0;0;0;0;0;0;0;0;2595;0;0;89;0;80;0;
21582;3528046;1011695616;21737472;1116073984;0;0;0;0;0;0;0;0;0;0;0;2896;0;0;89;0;80;0;
21583;6278164;1011695616;21737472;1116073984;0;0;0;0;0;0;0;0;0;0;0;4188;0;0;89;0;80;0;
21584;5215080;1011695616;21737472;1116073984;0;0;0;0;0;0;0;0;0;0;0;2925;0;0;89;0;80;0;
21585;6877769;1011695616;21737472;1116073984;0;0;0;0;0;0;0;0;0;0;0;3526;0;0;89;0;80;0;
21586;4446940;1011695616;21737472;1116073984;0;0;0;0;0;0;0;0;0;0;0;2665;0;0;89;0;80;0;
21587;6844225;1011695616;21737472;1116073984;0;0;0;0;0;0;0;0;0;0;0;4108;0;0;89;0;80;0;
21588;5048649;1011695616;21737472;1116073984;0;0;0;0;0;0;0;0;0;0;0;3517;0;0;89;0;80;0;
21589;6298422;1011695616;21737472;1116073984;0;0;0;0;0;0;0;0;0;0;0;3667;0;0;89;0;80;0;
21590;7929681;1011695616;21737472;1116073984;0;0;0;0;0;0;0;0;0;0;0;3907;0;0;89;0;80;0;
21591;5913109;1011695616;21737472;1116073984;0;0;0;0;0;0;0;0;0;0;0;4008;0;0;89;0;80;0;
21592;6261613;1011695616;21737472;1116073984;0;0;0;0;0;0;0;0;0;0;0;3126;0;0;89;0;80;0;
21593;7143537;1011695616;21737472;1116073984;0;0;0;0;0;0;0;0;0;0;0;3086;0;0;89;0;80;0;
21594;3931312;1011695616;21737472;1116073984;0;0;0;0;0;0;0;0;0;0;0;3116;0;0;89;0;80;0;
21595;6049364;1011695616;21737472;1116073984;0;0;0;0;0;0;0;0;0;0;0;3186;0;0;89;0;80;0;
21596;2958468;1011695616;21737472;1116073984;0;0;0;0;0;0;0;0;0;0;0;2905;0;0;89;0;80;0;
21597;5581778;1011695616;21737472;1116073984;0;0;0;0;0;0;0;0;0;0;0;3055;0;0;89;0;80;0;
21598;5222534;1011695616;21737472;1116073984;0;0;0;0;0;0;0;0;0;0;0;2825;0;0;89;0;80;0;
21599;4898927;1011695616;21737472;1116073984;0;0;0;0;0;0;0;0;0;0;0;3016;0;0;89;0;80;0;
21600;6272944;1011695616;21737472;1116073984;0;0;0;0;0;0;0;0;0;0;0;2955;0;0;89;0;80;0;
21601;6814029;1011695616;21737472;1116073984;0;0;0;0;0;0;0;0;0;0;0;2855;0;0;89;0;80;0;
21602;5061042;1011695616;21737472;1116073984;0;0;0;0;0;0;0;0;0;0;0;2645;0;0;89;0;80;0;
21603;6143822;1011695616;21737472;1116073984;0;0;0;0;0;0;0;0;0;0;0;3366;0;0;89;0;80;0;
21604;4557357;1011695616;21737472;1116073984;0;0;0;0;0;0;0;0;0;0;0;3015;0;0;89;0;80;0;
21605;5883434;1011695616;21737472;1116073984;0;0;0;0;0;0;0;0;0;0;0;3747;0;0;89;0;80;0;
21606;5659704;1011695616;21737472;1116073984;0;0;0;0;0;0;0;0;0;0;0;3377;0;0;89;0;80;0;
21607;6859374;1011695616;21737472;1116073984;0;0;0;0;0;0;0;0;0;0;0;3596;0;0;89;0;80;0;
21608;4151466;1011695616;21737472;1116073984;0;0;0;0;0;0;0;0;0;0;0;3096;0;0;89;0;80;0;
21609;6892146;1011695616;21737472;1116073984;0;0;0;0;0;0;0;0;0;0;0;3287;0;0;89;0;80;0;
21610;4930507;1011695616;21737472;1116073984;0;0;0;0;0;0;0;0;0;0;0;2756;0;0;89;0;80;0;
21611;6566845;1011695616;21737472;1116073984;0;0;0;0;0;0;0;0;0;0;0;3206;0;0;89;0;80;0;
21612;5733082;1011695616;21737472;1116073984;0;0;0;0;0;0;0;0;0;0;0;3006;0;0;89;0;80;0;
21613;6216318;1011695616;21737472;1116073984;0;0;0;0;0;0;0;0;0;0;0;3016;0;0;89;0;80;0;
21614;3497199;1011695616;21737472;1116073984;0;0;0;0;0;0;0;0;0;0;0;3026;0;0;89;0;80;0;
21615;6509378;1011695616;21737472;1116073984;0;0;0;0;0;0;0;0;0;0;0;3486;0;0;89;0;80;0;
21616;4114406;1011695616;21737472;1116073984;0;0;0;0;0;0;0;0;0;0;0;3106;0;0;89;0;80;0;
21617;5616192;1011695616;21737472;1116073984;0;0;0;0;0;0;0;0;0;0;0;3957;0;0;89;0;80;0;
21618;4671300;1011695616;21737472;1116073984;0;0;0;0;0;0;0;0;0;0;0;3827;0;0;89;0;80;0;
21619;7053228;1011695616;21737472;1116073984;0;0;0;0;0;0;0;0;0;0;0;3757;0;0;89;0;80;0;
21620;6423837;1011695616;21737472;1116073984;0;0;0;0;0;0;0;0;0;0;0;3687;0;0;89;0;80;0;
21621;7634037;1011695616;21737472;1116073984;0;0;0;0;0;0;0;0;0;0;0;4749;0;0;89;0;80;0;
21622;6562307;1011695616;21737472;1116073984;0;0;0;0;0;0;0;0;0;0;0;3707;0;0;89;0;80;0;
21623;6215035;1011695616;21737472;1116073984;0;0;0;0;0;0;0;0;0;0;0;4057;0;0;89;0;80;0;
21624;6052571;1011695616;21737472;1116073984;0;0;0;0;0;0;0;0;0;0;0;4258;0;0;89;0;80;0;
21625;6307499;1011695616;21737472;1116073984;0;0;0;0;0;0;0;0;0;0;0;3637;0;0;89;0;80;0;
21626;4454755;1011695616;21737472;1116073984;0;0;0;0;0;0;0;0;0;0;0;3606;0;0;89;0;80;0;
21627;6880393;1011695616;21737472;1116073984;0;0;0;0;0;0;0;0;0;0;0;3156;0;0;89;0;80;0;
21628;3803263;1011695616;21737472;1116073984;0;0;0;0;0;0;0;0;0;0;0;3557;0;0;89;0;80;0;
21629;5506246;1011695616;21737472;1116073984;0;0;0;0;0;0;0;0;0;0;0;3306;0;0;89;0;80;0;
21630;5555739;1011695616;21737472;1116073984;0;0;0;0;0;0;0;0;0;0;0;3387;0;0;89;0;80;0;
21631;7363389;1011695616;21737472;1116073984;0;0;0;0;0;0;0;0;0;0;0;5020;0;0;89;0;80;0;
21632;5263582;1011695616;21737472;1116073984;0;0;0;0;0;0;0;0;0;0;0;3958;0;0;89;0;80;0;
21633;8374716;1016958976;28352512;1122689024;0;0;0;0;0;0;0;0;0;0;0;3977;0;0;89;0;80;0;
21634;4505480;1016958976;28352512;1122689024;0;0;0;0;0;0;0;0;0;0;0;3737;0;0;89;0;80;0;
21635;7102219;1016958976;28352512;1122689024;0;0;0;0;0;0;0;0;0;0;0;3226;0;0;89;0;80;0;
21636;5888302;1016958976;28352512;1122689024;0;0;0;0;0;0;0;0;0;0;0;4058;0;0;89;0;80;0;
21637;5516174;1016958976;28352512;1122689024;0;0;0;0;0;0;0;0;0;0;0;2896;0;0;89;0;80;0;
21638;5191496;1016958976;28352512;1122689024;0;0;0;0;0;0;0;0;0;0;0;3827;0;0;89;0;80;0;
21639;5464728;1016958976;28352512;1122689024;0;0;0;0;0;0;0;0;0;0;0;4047;0;0;89;0;80;0;
21640;6020400;1016958976;28352512;1122689024;0;0;0;0;0;0;0;0;0;0;0;4038;0;0;89;0;80;0;
21641;6148000;1016958976;28352512;1122689024;0;0;0;0;0;0;0;0;0;0;0;4208;0;0;89;0;80;0;
21642;5381623;1011695616;21737472;1116073984;0;0;0;0;0;0;0;0;0;0;0;3868;0;0;89;0;80;0;
21643;6603574;1011695616;21737472;1116073984;0;0;0;0;0;0;0;0;0;0;0;4108;0;0;89;0;80;0;
21644;6886685;1011695616;21737472;1116073984;0;0;0;0;0;0;0;0;0;0;0;4138;0;0;89;0;80;0;
21645;9582972;1011695616;21737472;1116073984;0;0;0;0;0;0;0;0;0;0;0;3526;0;0;89;0;80;0;
21646;5774199;1011695616;21737472;1116073984;0;0;0;0;0;0;0;0;0;0;0;4117;0;0;89;0;80;0;
21647;6686961;1011695616;21737472;1116073984;0;0;0;0;0;0;0;0;0;0;0;3146;0;0;89;0;80;0;
21648;5287997;1011695616;21737472;1116073984;0;0;0;0;0;0;0;0;0;0;0;4439;0;0;89;0;80;0;
21649;6388591;1011695616;21737472;1116073984;0;0;0;0;0;0;0;0;0;0;0;4308;0;0;89;0;80;0;
21650;6270740;1011695616;21737472;1116073984;0;0;0;0;0;0;0;0;0;0;0;4679;0;0;89;0;80;0;
21651;7457486;1011695616;21737472;1116073984;0;0;0;0;0;0;0;0;0;0;0;3497;0;0;89;0;80;0;
21652;3654995;1011695616;21737472;1116073984;0;0;0;0;0;0;0;0;0;0;0;2945;0;0;89;0;80;0;
21653;6199667;1011695616;21737472;1116073984;0;0;0;0;0;0;0;0;0;0;0;3346;0;0;89;0;80;0;
21654;4925837;1011695616;21737472;1116073984;0;0;0;0;0;0;0;0;0;0;0;2835;0;0;89;0;80;0;
21655;7116006;1011695616;21737472;1116073984;0;0;0;0;0;0;0;0;0;0;0;3306;0;0;89;0;80;0;
21656;5049790;1011695616;21737472;1116073984;0;0;0;0;0;0;0;0;0;0;0;3306;0;0;89;0;80;0;
21657;6268816;1011695616;21737472;1116073984;0;0;0;0;0;0;0;0;0;0;0;3276;0;0;89;0;80;0;
21658;5499093;1011695616;21737472;1116073984;0;0;0;0;0;0;0;0;0;0;0;3246;0;0;89;0;80;0;
21659;5586396;1011695616;21737472;1116073984;0;0;0;0;0;0;0;0;0;0;0;2905;0;0;89;0;80;0;
21660;4685277;1011695616;21737472;1116073984;0;0;0;0;0;0;0;0;0;0;0;3136;0;0;89;0;80;0;
21661;5502249;1011695616;21737472;1116073984;0;0;0;0;0;0;0;0;0;0;0;3507;0;0;89;0;80;0;
21662;4220525;1011695616;21737472;1116073984;0;0;0;0;0;0;0;0;0;0;0;3877;0;0;89;0;80;0;
21663;6154873;1011695616;21737472;1116073984;0;0;0;0;0;0;0;0;0;0;0;2896;0;0;89;0;80;0;
21664;5362126;1011695616;21737472;1116073984;0;0;0;0;0;0;0;0;0;0;0;3516;0;0;89;0;80;0;
21665;6521691;1011695616;21737472;1116073984;0;0;0;0;0;0;0;0;0;0;0;2865;0;0;89;0;80;0;
21666;4534374;1011695616;21737472;1116073984;0;0;0;0;0;0;0;0;0;0;0;3286;0;0;89;0;80;0;
21667;6804170;1011695616;21737472;1116073984;0;0;0;0;0;0;0;0;0;0;0;3236;0;0;89;0;80;0;
21668;3830383;1011695616;21737472;1116073984;0;0;0;0;0;0;0;0;0;0;0;3206;0;0;89;0;80;0;
21669;5485888;1011695616;21737472;1116073984;0;0;0;0;0;0;0;0;0;0;0;2435;0;0;89;0;80;0;
21670;3997707;1011695616;21737472;1116073984;0;0;0;0;0;0;0;0;0;0;0;3166;0;0;89;0;80;0;
21671;5840794;1011695616;21737472;1116073984;0;0;0;0;0;0;0;0;0;0;0;2675;0;0;89;0;80;0;
21672;5863056;1011695616;21737472;1116073984;0;0;0;0;0;0;0;0;0;0;0;2875;0;0;89;0;80;0;
21673;6474332;1011695616;21737472;1116073984;0;0;0;0;0;0;0;0;0;0;0;4248;0;0;89;0;80;0;
21674;5135271;1011695616;21737472;1116073984;0;0;0;0;0;0;0;0;0;0;0;4088;0;0;89;0;80;0;
21675;6629954;1011695616;21737472;1116073984;0;0;0;0;0;0;0;0;0;0;0;2956;0;0;89;0;80;0;
21676;4749788;1011695616;21737472;1116073984;0;0;0;0;0;0;0;0;0;0;0;3156;0;0;89;0;80;0;
21677;5546391;1011695616;21737472;1116073984;0;0;0;0;0;0;0;0;0;0;0;3086;0;0;89;0;80;0;
21678;5694009;1011695616;21737472;1116073984;0;0;0;0;0;0;0;0;0;0;0;4068;0;0;89;0;80;0;
21679;6920198;1011695616;21741568;1116078080;0;0;0;0;0;0;0;0;0;0;0;3236;0;0;89;0;80;0;
21680;4593605;1011695616;21745664;1116082176;0;0;0;0;0;0;0;0;0;0;0;2845;0;0;89;0;80;0;
21681;6382149;1011695616;21745664;1116082176;0;0;0;0;0;0;0;0;0;0;0;2805;0;0;89;0;80;0;
21682;4131599;1011695616;21745664;1116082176;0;0;0;0;0;0;0;0;0;0;0;3075;0;0;89;0;80;0;
21683;6067619;1011695616;21745664;1116082176;0;0;0;0;0;0;0;0;0;0;0;2755;0;0;89;0;80;0;
21684;4590078;1011695616;21745664;1116082176;0;0;0;0;0;0;0;0;0;0;0;2615;0;0;89;0;80;0;
21685;6244260;1011695616;21745664;1116082176;0;0;0;0;0;0;0;0;0;0;0;3237;0;0;89;0;80;0;
21686;3900555;1011695616;21737472;1116073984;0;0;0;0;0;0;0;0;0;0;0;2375;0;0;89;0;80;0;
21687;6990540;1011695616;21737472;1116073984;0;0;0;0;0;0;0;0;0;0;0;2835;0;0;89;0;80;0;
21688;5102970;1011695616;21737472;1116073984;0;0;0;0;0;0;0;0;0;0;0;2595;0;0;89;0;80;0;
21689;6178617;1011695616;21737472;1116073984;0;0;0;0;0;0;0;0;0;0;0;2665;0;0;89;0;80;0;
21690;4892195;1011695616;21737472;1116073984;0;0;0;0;0;0;0;0;0;0;0;2385;0;0;89;0;80;0;
21691;11802033;1011695616;21737472;1116073984;0;0;0;0;0;0;0;0;0;0;0;2725;0;0;89;0;80;0;
21692;6900942;1011695616;21737472;1116073984;0;0;0;0;0;0;0;0;0;0;0;4338;0;0;89;0;80;0;
21693;6331394;1011695616;21737472;1116073984;0;0;0;0;0;0;0;0;0;0;0;3516;0;0;89;0;80;0;
21694;4224482;1011695616;21737472;1116073984;0;0;0;0;0;0;0;0;0;0;0;3076;0;0;89;0;80;0;
21695;6386938;1011695616;21737472;1116073984;0;0;0;0;0;0;0;0;0;0;0;3617;0;0;89;0;80;0;
21696;5671456;1011695616;21737472;1116073984;0;0;0;0;0;0;0;0;0;0;0;4919;0;0;89;0;80;0;
21697;7175246;1011695616;21737472;1116073984;0;0;0;0;0;0;0;0;0;0;0;4118;0;0;89;0;80;0;
21698;5314477;1011695616;21737472;1116073984;0;0;0;0;0;0;0;0;0;0;0;3386;0;0;89;0;80;0;
21699;6366109;1011695616;21737472;1116073984;0;0;0;0;0;0;0;0;0;0;0;3737;0;0;89;0;80;0;
21700;5876671;1011695616;21737472;1116073984;0;0;0;0;0;0;0;0;0;0;0;4198;0;0;89;0;80;0;
21701;8306087;1011695616;21737472;1116073984;0;0;0;0;0;0;0;0;0;0;0;4869;0;0;89;0;80;0;
21702;6922663;1011695616;21737472;1116073984;0;0;0;0;0;0;0;0;0;0;0;5350;0;0;89;0;80;0;
21703;7003394;1011695616;21737472;1116073984;0;0;0;0;0;0;0;0;0;0;0;4568;0;0;89;0;80;0;
21704;7965318;1011695616;21737472;1116073984;0;0;0;0;0;0;0;0;0;0;0;4428;0;0;89;0;80;0;
21705;6569701;1011695616;21737472;1116073984;0;0;0;0;0;0;0;0;0;0;0;5220;0;0;89;0;80;0;
21706;6980070;1011695616;21737472;1116073984;0;0;0;0;0;0;0;0;0;0;0;4508;0;0;89;0;80;0;
21707;7040364;1011695616;21737472;1116073984;0;0;0;0;0;0;0;0;0;0;0;4118;0;0;89;0;80;0;
21708;5661678;1011695616;21737472;1116073984;0;0;0;0;0;0;0;0;0;0;0;5060;0;0;89;0;80;0;
21709;7028451;1011695616;21737472;1116073984;0;0;0;0;0;0;0;0;0;0;0;4248;0;0;89;0;80;0;
21710;6791366;1011695616;21737472;1116073984;0;0;0;0;0;0;0;0;0;0;0;3817;0;0;89;0;80;0;
21711;6987113;1011695616;21737472;1116073984;0;0;0;0;0;0;0;0;0;0;0;4118;0;0;89;0;80;0;
21712;7072013;1011695616;21737472;1116073984;0;0;0;0;0;0;0;0;0;0;0;3326;0;0;89;0;80;0;
21713;6737064;1011695616;21737472;1116073984;0;0;0;0;0;0;0;0;0;0;0;3697;0;0;89;0;80;0;
21714;6410151;1011695616;21737472;1116073984;0;0;0;0;0;0;0;0;0;0;0;4288;0;0;89;0;80;0;
21715;7391372;1011695616;21737472;1116073984;0;0;0;0;0;0;0;0;0;0;0;3967;0;0;89;0;80;0;
21716;7921075;1011695616;21737472;1116073984;0;0;0;0;0;0;0;0;0;0;0;5840;0;0;89;0;80;0;
21717;7734475;1011695616;21737472;1116073984;0;0;0;0;0;0;0;0;0;0;0;4689;0;0;89;0;80;0;
21718;6206881;1011695616;21737472;1116073984;0;0;0;0;0;0;0;0;0;0;0;3346;0;0;89;0;80;0;
21719;6486716;1011695616;21737472;1116073984;0;0;0;0;0;0;0;0;0;0;0;4879;0;0;89;0;80;0;
21720;6484150;1011695616;21737472;1116073984;0;0;0;0;0;0;0;0;0;0;0;4258;0;0;89;0;80;0;
21721;6978297;1011695616;21737472;1116073984;0;0;0;0;0;0;0;0;0;0;0;3867;0;0;89;0;80;0;
21722;4909608;1011695616;21737472;1116073984;0;0;0;0;0;0;0;0;0;0;0;3226;0;0;89;0;80;0;
21723;6611530;1011695616;21737472;1116073984;0;0;0;0;0;0;0;0;0;0;0;4168;0;0;89;0;80;0;
21724;4982304;1011695616;21737472;1116073984;0;0;0;0;0;0;0;0;0;0;0;3917;0;0;89;0;80;0;
21725;6101784;1011695616;21737472;1116073984;0;0;0;0;0;0;0;0;0;0;0;5350;0;0;89;0;80;0;
21726;5898893;1011695616;21737472;1116073984;0;0;0;0;0;0;0;0;0;0;0;4809;0;0;89;0;80;0;
21727;7852547;1016958976;28352512;1122689024;0;0;0;0;0;0;0;0;0;0;0;4729;0;0;89;0;80;0;
21728;7700041;1016958976;28352512;1122689024;0;0;0;0;0;0;0;0;0;0;0;4047;0;0;89;0;80;0;
21729;7374911;1016958976;28352512;1122689024;0;0;0;0;0;0;0;0;0;0;0;4679;0;0;89;0;80;0;
21730;6777991;1016958976;28352512;1122689024;0;0;0;0;0;0;0;0;0;0;0;3807;0;0;89;0;80;0;
21731;7343602;1016958976;28352512;1122689024;0;0;0;0;0;0;0;0;0;0;0;4298;0;0;89;0;80;0;
21732;6922473;1016958976;28352512;1122689024;0;0;0;0;0;0;0;0;0;0;0;4738;0;0;89;0;80;0;
21733;5682036;1016958976;28352512;1122689024;0;0;0;0;0;0;0;0;0;0;0;3987;0;0;89;0;80;0;
21734;6318029;1016958976;28352512;1122689024;0;0;0;0;0;0;0;0;0;0;0;3817;0;0;89;0;80;0;
21735;6007757;1016958976;28352512;1122689024;0;0;0;0;0;0;0;0;0;0;0;2995;0;0;89;0;80;0;
21736;5887932;1011695616;21737472;1116073984;0;0;0;0;0;0;0;0;0;0;0;3546;0;0;89;0;80;0;
21737;6970292;1011695616;21737472;1116073984;0;0;0;0;0;0;0;0;0;0;0;3727;0;0;89;0;80;0;
21738;5124210;1011695616;21737472;1116073984;0;0;0;0;0;0;0;0;0;0;0;9368;0;0;89;0;80;0;
21739;5699268;1011695616;21737472;1116073984;0;0;0;0;0;0;0;0;0;0;0;3537;0;0;89;0;80;0;
21740;4695867;1011695616;21737472;1116073984;0;0;0;0;0;0;0;0;0;0;0;3126;0;0;89;0;80;0;
21741;6480414;1011695616;21737472;1116073984;0;0;0;0;0;0;0;0;0;0;0;3567;0;0;89;0;80;0;
21742;5383376;1011695616;21737472;1116073984;0;0;0;0;0;0;0;0;0;0;0;4548;0;0;89;0;80;0;
21743;5873044;1011695616;21737472;1116073984;0;0;0;0;0;0;0;0;0;0;0;5310;0;0;89;0;80;0;
21744;5865159;1011695616;21737472;1116073984;0;0;0;0;0;0;0;0;0;0;0;5080;0;0;89;0;80;0;
21745;5751486;1011695616;21737472;1116073984;0;0;0;0;0;0;0;0;0;0;0;4238;0;0;89;0;80;0;
21746;7951182;1011695616;21737472;1116073984;0;0;0;0;0;0;0;0;0;0;0;4549;0;0;89;0;80;0;
21747;6259008;1011695616;21737472;1116073984;0;0;0;0;0;0;0;0;0;0;0;3697;0;0;89;0;80;0;
21748;6349498;1011695616;21737472;1116073984;0;0;0;0;0;0;0;0;0;0;0;3697;0;0;89;0;80;0;
21749;5404366;1011695616;21737472;1116073984;0;0;0;0;0;0;0;0;0;0;0;3507;0;0;89;0;80;0;
21750;5454209;1011695616;21737472;1116073984;0;0;0;0;0;0;0;0;0;0;0;3968;0;0;89;0;80;0;
21751;7058087;1011695616;21737472;1116073984;0;0;0;0;0;0;0;0;0;0;0;4408;0;0;89;0;80;0;
21752;8699465;1011695616;21737472;1116073984;0;0;0;0;0;0;0;0;0;0;0;4268;0;0;89;0;80;0;
21753;6597603;1011695616;21737472;1116073984;0;0;0;0;0;0;0;0;0;0;0;4458;0;0;89;0;80;0;
21754;6471737;1011695616;21737472;1116073984;0;0;0;0;0;0;0;0;0;0;0;3987;0;0;89;0;80;0;
21755;5702865;1011695616;21737472;1116073984;0;0;0;0;0;0;0;0;0;0;0;3797;0;0;89;0;80;0;
21756;7078244;1011695616;21737472;1116073984;0;0;0;0;0;0;0;0;0;0;0;5109;0;0;89;0;80;0;
21757;6065685;1011695616;21741568;1116078080;0;0;0;0;0;0;0;0;0;0;0;4929;0;0;89;0;80;0;
21758;6409831;1011695616;21745664;1116082176;0;0;0;0;0;0;0;0;0;0;0;4298;0;0;89;0;80;0;
21759;6180291;1011695616;21745664;1116082176;0;0;0;0;0;0;0;0;0;0;0;4638;0;0;89;0;80;0;
21760;6612030;1011695616;21745664;1116082176;0;0;0;0;0;0;0;0;0;0;0;3086;0;0;89;0;80;0;
21761;6141547;1011695616;21745664;1116082176;0;0;0;0;0;0;0;0;0;0;0;2945;0;0;89;0;80;0;
21762;4987263;1011695616;21745664;1116082176;0;0;0;0;0;0;0;0;0;0;0;3527;0;0;89;0;80;0;
21763;6860837;1011695616;21745664;1116082176;0;0;0;0;0;0;0;0;0;0;0;3416;0;0;89;0;80;0;
21764;4108635;1011695616;21737472;1116073984;0;0;0;0;0;0;0;0;0;0;0;3256;0;0;89;0;80;0;
21765;5678059;1011695616;21737472;1116073984;0;0;0;0;0;0;0;0;0;0;0;4037;0;0;89;0;80;0;
21766;5580676;1011695616;21737472;1116073984;0;0;0;0;0;0;0;0;0;0;0;3326;0;0;89;0;80;0;
21767;5965097;1011695616;21737472;1116073984;0;0;0;0;0;0;0;0;0;0;0;3066;0;0;89;0;80;0;
21768;6529335;1011695616;21737472;1116073984;0;0;0;0;0;0;0;0;0;0;0;3998;0;0;89;0;80;0;
21769;7370983;1011695616;21737472;1116073984;0;0;0;0;0;0;0;0;0;0;0;3597;0;0;89;0;80;0;
21770;6484941;1011695616;21737472;1116073984;0;0;0;0;0;0;0;0;0;0;0;4990;0;0;89;0;80;0;
21771;6460707;1011695616;21737472;1116073984;0;0;0;0;0;0;0;0;0;0;0;4949;0;0;89;0;80;0;
21772;7018262;1011695616;21737472;1116073984;0;0;0;0;0;0;0;0;0;0;0;5861;0;0;89;0;80;0;
21773;6395715;1011695616;21737472;1116073984;0;0;0;0;0;0;0;0;0;0;0;4969;0;0;89;0;80;0;
21774;5624468;1011695616;21737472;1116073984;0;0;0;0;0;0;0;0;0;0;0;5230;0;0;89;0;80;0;
21775;7615943;1011695616;21737472;1116073984;0;0;0;0;0;0;0;0;0;0;0;4198;0;0;89;0;80;0;
21776;7482573;1011695616;21737472;1116073984;0;0;0;0;0;0;0;0;0;0;0;3857;0;0;89;0;80;0;
21777;6051649;1011695616;21737472;1116073984;0;0;0;0;0;0;0;0;0;0;0;4478;0;0;89;0;80;0;
21778;7360013;1011695616;21737472;1116073984;0;0;0;0;0;0;0;0;0;0;0;3897;0;0;89;0;80;0;
21779;7502290;1011695616;21737472;1116073984;0;0;0;0;0;0;0;0;0;0;0;4559;0;0;89;0;80;0;
21780;5700040;1011695616;21737472;1116073984;0;0;0;0;0;0;0;0;0;0;0;3777;0;0;89;0;80;0;
21781;7452847;1011695616;21737472;1116073984;0;0;0;0;0;0;0;0;0;0;0;4108;0;0;89;0;80;0;
21782;5041835;1011695616;21737472;1116073984;0;0;0;0;0;0;0;0;0;0;0;4839;0;0;89;0;80;0;
21783;6536499;1011695616;21737472;1116073984;0;0;0;0;0;0;0;0;0;0;0;3957;0;0;89;0;80;0;
21784;4669357;1011695616;21737472;1116073984;0;0;0;0;0;0;0;0;0;0;0;4458;0;0;89;0;80;0;
21785;6708792;1011695616;21737472;1116073984;0;0;0;0;0;0;0;0;0;0;0;4959;0;0;89;0;80;0;
21786;5327120;1011695616;21741568;1116078080;0;0;0;0;0;0;0;0;0;0;0;4178;0;0;89;0;80;0;
21787;6377100;1011695616;21741568;1116078080;0;0;0;0;0;0;0;0;0;0;0;4519;0;0;89;0;80;0;
21788;7196165;1011695616;21741568;1116078080;0;0;0;0;0;0;0;0;0;0;0;4589;0;0;89;0;80;0;
21789;6635103;1011695616;21741568;1116078080;0;0;0;0;0;0;0;0;0;0;0;3657;0;0;89;0;80;0;
21790;5225861;1011695616;21741568;1116078080;0;0;0;0;0;0;0;0;0;0;0;3556;0;0;89;0;80;0;
21791;5869337;1011695616;21741568;1116078080;0;0;0;0;0;0;0;0;0;0;0;3587;0;0;89;0;80;0;
21792;4705174;1011695616;21737472;1116073984;0;0;0;0;0;0;0;0;0;0;0;5540;0;0;89;0;80;0;
21793;7554798;1011695616;21737472;1116073984;0;0;0;0;0;0;0;0;0;0;0;4268;0;0;89;0;80;0;
21794;6867249;1011695616;21737472;1116073984;0;0;0;0;0;0;0;0;0;0;0;4027;0;0;89;0;80;0;
21795;5886169;1011695616;21737472;1116073984;0;0;0;0;0;0;0;0;0;0;0;4178;0;0;89;0;80;0;
21796;7805538;1011695616;21737472;1116073984;0;0;0;0;0;0;0;0;0;0;0;4198;0;0;89;0;80;0;
21797;5631982;1011695616;21737472;1116073984;0;0;0;0;0;0;0;0;0;0;0;5530;0;0;89;0;80;0;
21798;6102314;1011695616;21737472;1116073984;0;0;0;0;0;0;0;0;0;0;0;4308;0;0;89;0;80;0;
21799;7135753;1011695616;21737472;1116073984;0;0;0;0;0;0;0;0;0;0;0;3256;0;0;89;0;80;0;
21800;7079006;1011695616;21737472;1116073984;0;0;0;0;0;0;0;0;0;0;0;4559;0;0;89;0;80;0;
21801;6453122;1011695616;21737472;1116073984;0;0;0;0;0;0;0;0;0;0;0;4749;0;0;89;0;80;0;
21802;4985731;1011695616;21737472;1116073984;0;0;0;0;0;0;0;0;0;0;0;3817;0;0;89;0;80;0;
21803;5888223;1011695616;21737472;1116073984;0;0;0;0;0;0;0;0;0;0;0;4057;0;0;89;0;80;0;
21804;5272558;1011695616;21737472;1116073984;0;0;0;0;0;0;0;0;0;0;0;3586;0;0;89;0;80;0;
21805;5953755;1011695616;21737472;1116073984;0;0;0;0;0;0;0;0;0;0;0;4128;0;0;89;0;80;0;
21806;4784883;1011695616;21737472;1116073984;0;0;0;0;0;0;0;0;0;0;0;3356;0;0;89;0;80;0;
21807;7481501;1011695616;21737472;1116073984;0;0;0;0;0;0;0;0;0;0;0;4589;0;0;89;0;80;0;
21808;4184898;1011695616;21737472;1116073984;0;0;0;0;0;0;0;0;0;0;0;3757;0;0;89;0;80;0;
21809;7747139;1011695616;21737472;1116073984;0;0;0;0;0;0;0;0;0;0;0;4278;0;0;89;0;80;0;
21810;6575782;1011695616;21737472;1116073984;0;0;0;0;0;0;0;0;0;0;0;3927;0;0;89;0;80;0;
21811;6138132;1011695616;21737472;1116073984;0;0;0;0;0;0;0;0;0;0;0;3998;0;0;89;0;80;0;
21812;6527402;1011695616;21737472;1116073984;0;0;0;0;0;0;0;0;0;0;0;4559;0;0;89;0;80;0;
21813;6551577;1011695616;21737472;1116073984;0;0;0;0;0;0;0;0;0;0;0;3777;0;0;89;0;80;0;
21814;6101592;1011695616;21737472;1116073984;0;0;0;0;0;0;0;0;0;0;0;6792;0;0;89;0;80;0;
21815;7654695;1011695616;21737472;1116073984;0;0;0;0;0;0;0;0;0;0;0;3336;0;0;89;0;80;0;
21816;4870124;1011695616;21737472;1116073984;0;0;0;0;0;0;0;0;0;0;0;4258;0;0;89;0;80;0;
21817;6252206;1011695616;21737472;1116073984;0;0;0;0;0;0;0;0;0;0;0;3437;0;0;89;0;80;0;
21818;5496578;1011695616;21737472;1116073984;0;0;0;0;0;0;0;0;0;0;0;3887;0;0;89;0;80;0;
21819;5748140;1011695616;21737472;1116073984;0;0;0;0;0;0;0;0;0;0;0;3176;0;0;89;0;80;0;
21820;6097625;1011695616;21737472;1116073984;0;0;0;0;0;0;0;0;0;0;0;5310;0;0;89;0;80;0;
21821;7424133;1016958976;28352512;1122689024;0;0;0;0;0;0;0;0;0;0;0;4698;0;0;89;0;80;0;
21822;6741302;1016958976;28352512;1122689024;0;0;0;0;0;0;0;0;0;0;0;4038;0;0;89;0;80;0;
21823;6017175;1016958976;28352512;1122689024;0;0;0;0;0;0;0;0;0;0;0;3777;0;0;89;0;80;0;
21824;6515659;1016958976;28352512;1122689024;0;0;0;0;0;0;0;0;0;0;0;4629;0;0;89;0;80;0;
21825;6277973;1016958976;28352512;1122689024;0;0;0;0;0;0;0;0;0;0;0;4108;0;0;89;0;80;0;
21826;6118134;1016958976;28352512;1122689024;0;0;0;0;0;0;0;0;0;0;0;4098;0;0;89;0;80;0;
21827;5893523;1016958976;28352512;1122689024;0;0;0;0;0;0;0;0;0;0;0;3316;0;0;89;0;80;0;
21828;6455366;1016958976;28352512;1122689024;0;0;0;0;0;0;0;0;0;0;0;3647;0;0;89;0;80;0;
21829;6065736;1016958976;28352512;1122689024;0;0;0;0;0;0;0;0;0;0;0;4047;0;0;89;0;80;0;
21830;5258552;1011695616;21737472;1116073984;0;0;0;0;0;0;0;0;0;0;0;4167;0;0;89;0;80;0;
21831;7403505;1011695616;21737472;1116073984;0;0;0;0;0;0;0;0;0;0;0;5731;0;0;89;0;80;0;
21832;6116831;1011695616;21737472;1116073984;0;0;0;0;0;0;0;0;0;0;0;3717;0;0;89;0;80;0;
21833;6311506;1011695616;21737472;1116073984;0;0;0;0;0;0;0;0;0;0;0;4258;0;0;89;0;80;0;
21834;5032778;1011695616;21737472;1116073984;0;0;0;0;0;0;0;0;0;0;0;3497;0;0;89;0;80;0;
21835;7020467;1011695616;21737472;1116073984;0;0;0;0;0;0;0;0;0;0;0;4448;0;0;89;0;80;0;
21836;7259534;1011695616;21737472;1116073984;0;0;0;0;0;0;0;0;0;0;0;3757;0;0;89;0;80;0;
21837;6146528;1011695616;21741568;1116078080;0;0;0;0;0;0;0;0;0;0;0;3887;0;0;89;0;80;0;
21838;6241294;1011695616;21745664;1116082176;0;0;0;0;0;0;0;0;0;0;0;3978;0;0;89;0;80;0;
21839;6612200;1011695616;21745664;1116082176;0;0;0;0;0;0;0;0;0;0;0;4148;0;0;89;0;80;0;
21840;4389923;1011695616;21745664;1116082176;0;0;0;0;0;0;0;0;0;0;0;3637;0;0;89;0;80;0;
21841;6243038;1011695616;21745664;1116082176;0;0;0;0;0;0;0;0;0;0;0;3727;0;0;89;0;80;0;
21842;4680517;1011695616;21745664;1116082176;0;0;0;0;0;0;0;0;0;0;0;3927;0;0;89;0;80;0;
21843;5893783;1011695616;21745664;1116082176;0;0;0;0;0;0;0;0;0;0;0;3436;0;0;89;0;80;0;
21844;4737214;1011695616;21737472;1116073984;0;0;0;0;0;0;0;0;0;0;0;3336;0;0;89;0;80;0;
21845;5008563;1011695616;21737472;1116073984;0;0;0;0;0;0;0;0;0;0;0;2936;0;0;89;0;80;0;
21846;3406759;1011695616;21737472;1116073984;0;0;0;0;0;0;0;0;0;0;0;2605;0;0;89;0;80;0;
21847;5053668;1011695616;21737472;1116073984;0;0;0;0;0;0;0;0;0;0;0;2925;0;0;89;0;80;0;
21848;4792228;1011695616;21737472;1116073984;0;0;0;0;0;0;0;0;0;0;0;3085;0;0;89;0;80;0;
21849;11299321;1011695616;21737472;1116073984;0;0;0;0;0;0;0;0;0;0;0;4769;0;0;89;0;80;0;
21850;5932546;1011695616;21737472;1116073984;0;0;0;0;0;0;0;0;0;0;0;3717;0;0;89;0;80;0;
21851;5908351;1011695616;21737472;1116073984;0;0;0;0;0;0;0;0;0;0;0;3367;0;0;89;0;80;0;
21852;5613187;1011695616;21737472;1116073984;0;0;0;0;0;0;0;0;0;0;0;3798;0;0;89;0;80;0;
21853;6411314;1011695616;21737472;1116073984;0;0;0;0;0;0;0;0;0;0;0;3536;0;0;89;0;80;0;
21854;4734118;1011695616;21737472;1116073984;0;0;0;0;0;0;0;0;0;0;0;2865;0;0;89;0;80;0;
21855;5536623;1011695616;21737472;1116073984;0;0;0;0;0;0;0;0;0;0;0;3176;0;0;89;0;80;0;
21856;4811664;1011695616;21737472;1116073984;0;0;0;0;0;0;0;0;0;0;0;2955;0;0;89;0;80;0;
21857;5195944;1011695616;21737472;1116073984;0;0;0;0;0;0;0;0;0;0;0;2976;0;0;89;0;80;0;
21858;5058707;1011695616;21737472;1116073984;0;0;0;0;0;0;0;0;0;0;0;3917;0;0;89;0;80;0;
21859;6247988;1011695616;21737472;1116073984;0;0;0;0;0;0;0;0;0;0;0;2945;0;0;89;0;80;0;
21860;4233880;1011695616;21737472;1116073984;0;0;0;0;0;0;0;0;0;0;0;3476;0;0;89;0;80;0;
21861;5538467;1011695616;21737472;1116073984;0;0;0;0;0;0;0;0;0;0;0;3206;0;0;89;0;80;0;
21862;4984427;1011695616;21737472;1116073984;0;0;0;0;0;0;0;0;0;0;0;3697;0;0;89;0;80;0;
21863;6913876;1011695616;21737472;1116073984;0;0;0;0;0;0;0;0;0;0;0;3257;0;0;89;0;80;0;
21864;4501933;1011695616;21737472;1116073984;0;0;0;0;0;0;0;0;0;0;0;3026;0;0;89;0;80;0;
21865;6216619;1011695616;21737472;1116073984;0;0;0;0;0;0;0;0;0;0;0;3015;0;0;89;0;80;0;
21866;5529750;1011695616;21737472;1116073984;0;0;0;0;0;0;0;0;0;0;0;3045;0;0;89;0;80;0;
21867;5078584;1011695616;21737472;1116073984;0;0;0;0;0;0;0;0;0;0;0;2726;0;0;89;0;80;0;
21868;3371823;1011695616;21737472;1116073984;0;0;0;0;0;0;0;0;0;0;0;2695;0;0;89;0;80;0;
21869;6400404;1011695616;21737472;1116073984;0;0;0;0;0;0;0;0;0;0;0;3827;0;0;89;0;80;0;
21870;4291588;1011695616;21737472;1116073984;0;0;0;0;0;0;0;0;0;0;0;2405;0;0;89;0;80;0;
21871;5143807;1011695616;21737472;1116073984;0;0;0;0;0;0;0;0;0;0;0;2465;0;0;89;0;80;0;
21872;4710945;1011695616;21737472;1116073984;0;0;0;0;0;0;0;0;0;0;0;3296;0;0;89;0;80;0;
21873;6435459;1011695616;21737472;1116073984;0;0;0;0;0;0;0;0;0;0;0;2936;0;0;89;0;80;0;
21874;4476045;1011695616;21737472;1116073984;0;0;0;0;0;0;0;0;0;0;0;2735;0;0;89;0;80;0;
21875;6145054;1011695616;21737472;1116073984;0;0;0;0;0;0;0;0;0;0;0;3416;0;0;89;0;80;0;
21876;4836571;1011695616;21737472;1116073984;0;0;0;0;0;0;0;0;0;0;0;2816;0;0;89;0;80;0;
21877;5395969;1011695616;21737472;1116073984;0;0;0;0;0;0;0;0;0;0;0;2655;0;0;89;0;80;0;
21878;3853888;1011695616;21737472;1116073984;0;0;0;0;0;0;0;0;0;0;0;3196;0;0;89;0;80;0;
21879;5219619;1011695616;21737472;1116073984;0;0;0;0;0;0;0;0;0;0;0;2675;0;0;89;0;80;0;
21880;3550399;1011695616;21737472;1116073984;0;0;0;0;0;0;0;0;0;0;0;3406;0;0;89;0;80;0;
21881;5992589;1011695616;21737472;1116073984;0;0;0;0;0;0;0;0;0;0;0;2955;0;0;89;0;80;0;
21882;5182218;1011695616;21737472;1116073984;0;0;0;0;0;0;0;0;0;0;0;3336;0;0;89;0;80;0;
21883;5846295;1011695616;21737472;1116073984;0;0;0;0;0;0;0;0;0;0;0;2805;0;0;89;0;80;0;
21884;4173147;1011695616;21737472;1116073984;0;0;0;0;0;0;0;0;0;0;0;2715;0;0;89;0;80;0;
21885;5716220;1011695616;21737472;1116073984;0;0;0;0;0;0;0;0;0;0;0;2595;0;0;89;0;80;0;
21886;3463105;1011695616;21737472;1116073984;0;0;0;0;0;0;0;0;0;0;0;2936;0;0;89;0;80;0;
21887;5955358;1011695616;21737472;1116073984;0;0;0;0;0;0;0;0;0;0;0;3096;0;0;89;0;80;0;
21888;5146481;1011695616;21737472;1116073984;0;0;0;0;0;0;0;0;0;0;0;2825;0;0;89;0;80;0;
21889;6599015;1011695616;21737472;1116073984;0;0;0;0;0;0;0;0;0;0;0;2565;0;0;89;0;80;0;
21890;4824277;1011695616;21737472;1116073984;0;0;0;0;0;0;0;0;0;0;0;3617;0;0;89;0;80;0;
21891;6785675;1011695616;21737472;1116073984;0;0;0;0;0;0;0;0;0;0;0;2976;0;0;89;0;80;0;
21892;4631455;1011695616;21737472;1116073984;0;0;0;0;0;0;0;0;0;0;0;3026;0;0;89;0;80;0;
21893;6277863;1011695616;21737472;1116073984;0;0;0;0;0;0;0;0;0;0;0;2845;0;0;89;0;80;0;
21894;4144613;1011695616;21737472;1116073984;0;0;0;0;0;0;0;0;0;0;0;3316;0;0;89;0;80;0;
21895;5758519;1011695616;21737472;1116073984;0;0;0;0;0;0;0;0;0;0;0;2544;0;0;89;0;80;0;
21896;4423506;1011695616;21737472;1116073984;0;0;0;0;0;0;0;0;0;0;0;3296;0;0;89;0;80;0;
21897;5793254;1011695616;21737472;1116073984;0;0;0;0;0;0;0;0;0;0;0;3727;0;0;89;0;80;0;
21898;4330402;1011695616;21737472;1116073984;0;0;0;0;0;0;0;0;0;0;0;2735;0;0;89;0;80;0;
21899;5470980;1011695616;21737472;1116073984;0;0;0;0;0;0;0;0;0;0;0;4779;0;0;89;0;80;0;
21900;7382936;1011695616;21737472;1116073984;0;0;0;0;0;0;0;0;0;0;0;143409;0;0;89;0;80;0;
21901;5992849;1011695616;21737472;1116073984;0;0;0;0;0;0;0;0;0;0;0;3056;0;0;89;0;80;0;
21902;4186431;1011695616;21737472;1116073984;0;0;0;0;0;0;0;0;0;0;0;2885;0;0;89;0;80;0;
21903;6427363;1011695616;21737472;1116073984;0;0;0;0;0;0;0;0;0;0;0;2464;0;0;89;0;80;0;
21904;3947423;1011695616;21737472;1116073984;0;0;0;0;0;0;0;0;0;0;0;2946;0;0;89;0;80;0;
21905;5778136;1011695616;21737472;1116073984;0;0;0;0;0;0;0;0;0;0;0;3046;0;0;89;0;80;0;
21906;4973046;1011695616;21737472;1116073984;0;0;0;0;0;0;0;0;0;0;0;9418;0;0;89;0;80;0;
21907;6367031;1011695616;21737472;1116073984;0;0;0;0;0;0;0;0;0;0;0;2755;0;0;89;0;80;0;
21908;3707573;1011695616;21737472;1116073984;0;0;0;0;0;0;0;0;0;0;0;2785;0;0;89;0;80;0;
21909;5795158;1011695616;21737472;1116073984;0;0;0;0;0;0;0;0;0;0;0;3457;0;0;89;0;80;0;
21910;4627168;1011695616;21737472;1116073984;0;0;0;0;0;0;0;0;0;0;0;3847;0;0;89;0;80;0;
21911;5445482;1011695616;21737472;1116073984;0;0;0;0;0;0;0;0;0;0;0;3788;0;0;89;0;80;0;
21912;4426050;1011695616;21737472;1116073984;0;0;0;0;0;0;0;0;0;0;0;2624;0;0;89;0;80;0;
21913;6476616;1011695616;21737472;1116073984;0;0;0;0;0;0;0;0;0;0;0;3627;0;0;89;0;80;0;
21914;4427743;1011695616;21737472;1116073984;0;0;0;0;0;0;0;0;0;0;0;2755;0;0;89;0;80;0;
21915;6693082;1011695616;21737472;1116073984;0;0;0;0;0;0;0;0;0;0;0;3637;0;0;89;0;80;0;
21916;6470344;1011695616;21737472;1116073984;0;0;0;0;0;0;0;0;0;0;0;3457;0;0;89;0;80;0;
21917;7117728;1011695616;21737472;1116073984;0;0;0;0;0;0;0;0;0;0;0;3727;0;0;89;0;80;0;
21918;5318825;1011695616;21737472;1116073984;0;0;0;0;0;0;0;0;0;0;0;3657;0;0;89;0;80;0;
21919;6763725;1011695616;21737472;1116073984;0;0;0;0;0;0;0;0;0;0;0;2254;0;0;89;0;80;0;
21920;5841545;1011695616;21737472;1116073984;0;0;0;0;0;0;0;0;0;0;0;2425;0;0;89;0;80;0;
21921;5002332;1011695616;21737472;1116073984;0;0;0;0;0;0;0;0;0;0;0;2915;0;0;89;0;80;0;
21922;5620550;1011695616;21737472;1116073984;0;0;0;0;0;0;0;0;0;0;0;4128;0;0;89;0;80;0;
21923;6114507;1011695616;21737472;1116073984;0;0;0;0;0;0;0;0;0;0;0;4168;0;0;89;0;80;0;
21924;6248799;1011695616;21737472;1116073984;0;0;0;0;0;0;0;0;0;0;0;3607;0;0;89;0;80;0;
21925;6743717;1011695616;21737472;1116073984;0;0;0;0;0;0;0;0;0;0;0;3646;0;0;89;0;80;0;
21926;4855686;1011695616;21737472;1116073984;0;0;0;0;0;0;0;0;0;0;0;122520;0;0;89;0;80;0;
21927;6528674;1011695616;21737472;1116073984;0;0;0;0;0;0;0;0;0;0;0;3627;0;0;89;0;80;0;
21928;4738636;1011695616;21737472;1116073984;0;0;0;0;0;0;0;0;0;0;0;3757;0;0;89;0;80;0;
21929;7101798;1011695616;21741568;1116078080;0;0;0;0;0;0;0;0;0;0;0;2806;0;0;89;0;80;0;
21930;4866196;1011695616;21745664;1116082176;0;0;0;0;0;0;0;0;0;0;0;3417;0;0;89;0;80;0;
21931;7771876;1011695616;21745664;1116082176;0;0;0;0;0;0;0;0;0;0;0;2605;0;0;89;0;80;0;
21932;5925202;1011695616;21745664;1116082176;0;0;0;0;0;0;0;0;0;0;0;2986;0;0;89;0;80;0;
21933;6298512;1011695616;21745664;1116082176;0;0;0;0;0;0;0;0;0;0;0;3066;0;0;89;0;80;0;
21934;4797187;1011695616;21745664;1116082176;0;0;0;0;0;0;0;0;0;0;0;2605;0;0;89;0;80;0;
21935;5936914;1011695616;21745664;1116082176;0;0;0;0;0;0;0;0;0;0;0;2975;0;0;89;0;80;0;
21936;3800738;1011695616;21737472;1116073984;0;0;0;0;0;0;0;0;0;0;0;2264;0;0;89;0;80;0;
21937;5826788;1011695616;21737472;1116073984;0;0;0;0;0;0;0;0;0;0;0;2765;0;0;89;0;80;0;
21938;3631049;1011695616;21737472;1116073984;0;0;0;0;0;0;0;0;0;0;0;2825;0;0;89;0;80;0;
21939;6773763;1016958976;28352512;1122689024;0;0;0;0;0;0;0;0;0;0;0;2795;0;0;89;0;80;0;
21940;3454719;1016958976;28352512;1122689024;0;0;0;0;0;0;0;0;0;0;0;2565;0;0;89;0;80;0;
21941;5478615;1016958976;28352512;1122689024;0;0;0;0;0;0;0;0;0;0;0;2845;0;0;89;0;80;0;
21942;4613882;1016958976;28352512;1122689024;0;0;0;0;0;0;0;0;0;0;0;3016;0;0;89;0;80;0;
21943;5994252;1016958976;28352512;1122689024;0;0;0;0;0;0;0;0;0;0;0;119555;0;0;89;0;80;0;
21944;4024808;1016958976;28352512;1122689024;0;0;0;0;0;0;0;0;0;0;0;3486;0;0;89;0;80;0;
21945;6119737;1016958976;28352512;1122689024;0;0;0;0;0;0;0;0;0;0;0;3085;0;0;89;0;80;0;
21946;3565286;1016958976;28352512;1122689024;0;0;0;0;0;0;0;0;0;0;0;2776;0;0;89;0;80;0;
21947;5699669;1016958976;28352512;1122689024;0;0;0;0;0;0;0;0;0;0;0;2485;0;0;89;0;80;0;
21948;3297945;1011695616;21737472;1116073984;0;0;0;0;0;0;0;0;0;0;0;3045;0;0;89;0;80;0;
21949;6039416;1011695616;21737472;1116073984;0;0;0;0;0;0;0;0;0;0;0;2535;0;0;89;0;80;0;
21950;3755863;1011695616;21737472;1116073984;0;0;0;0;0;0;0;0;0;0;0;2455;0;0;89;0;80;0;
21951;5313896;1011695616;21737472;1116073984;0;0;0;0;0;0;0;0;0;0;0;2815;0;0;89;0;80;0;
21952;3931403;1011695616;21737472;1116073984;0;0;0;0;0;0;0;0;0;0;0;2665;0;0;89;0;80;0;
21953;5736658;1011695616;21737472;1116073984;0;0;0;0;0;0;0;0;0;0;0;2785;0;0;89;0;80;0;
21954;3418200;1011695616;21737472;1116073984;0;0;0;0;0;0;0;0;0;0;0;2505;0;0;89;0;80;0;
21955;6552118;1011695616;21737472;1116073984;0;0;0;0;0;0;0;0;0;0;0;3196;0;0;89;0;80;0;
21956;3573512;1011695616;21737472;1116073984;0;0;0;0;0;0;0;0;0;0;0;2544;0;0;89;0;80;0;
21957;5809485;1011695616;21737472;1116073984;0;0;0;0;0;0;0;0;0;0;0;2605;0;0;89;0;80;0;
21958;3023750;1011695616;21737472;1116073984;0;0;0;0;0;0;0;0;0;0;0;2996;0;0;89;0;80;0;
21959;5440924;1011695616;21737472;1116073984;0;0;0;0;0;0;0;0;0;0;0;2615;0;0;89;0;80;0;
21960;3928407;1011695616;21737472;1116073984;0;0;0;0;0;0;0;0;0;0;0;2855;0;0;89;0;80;0;
21961;4627589;1011695616;21737472;1116073984;0;0;0;0;0;0;0;0;0;0;0;2955;0;0;89;0;80;0;
21962;3448056;1011695616;21737472;1116073984;0;0;0;0;0;0;0;0;0;0;0;2344;0;0;89;0;80;0;
21963;5385240;1013792768;21737472;1116073984;0;0;0;0;0;0;0;0;0;0;0;3848;0;0;89;0;80;0;
21964;5187188;1013792768;21737472;1116073984;0;0;0;0;0;0;0;0;0;0;0;3938;0;0;89;0;80;0;
21965;5549087;1013792768;21737472;1116073984;0;0;0;0;0;0;0;0;0;0;0;3967;0;0;89;0;80;0;
21966;4408848;1013792768;21737472;1116073984;0;0;0;0;0;0;0;0;0;0;0;3376;0;0;89;0;80;0;
21967;6193926;1013792768;21737472;1116073984;0;0;0;0;0;0;0;0;0;0;0;2806;0;0;89;0;80;0;
21968;4207721;1013792768;21737472;1116073984;0;0;0;0;0;0;0;0;0;0;0;2735;0;0;89;0;80;0;
21969;5629197;1013792768;21737472;1116073984;0;0;0;0;0;0;0;0;0;0;0;3376;0;0;89;0;80;0;
21970;5184022;1013792768;21737472;1116073984;0;0;0;0;0;0;0;0;0;0;0;2936;0;0;89;0;80;0;
21971;7321491;1013792768;21737472;1116073984;0;0;0;0;0;0;0;0;0;0;0;2816;0;0;89;0;80;0;
21972;4951836;1013792768;21737472;1116073984;0;0;0;0;0;0;0;0;0;0;0;2585;0;0;89;0;80;0;
21973;5296292;1013792768;21737472;1116073984;0;0;0;0;0;0;0;0;0;0;0;2635;0;0;89;0;80;0;
21974;4054764;1013792768;21737472;1116073984;0;0;0;0;0;0;0;0;0;0;0;3226;0;0;89;0;80;0;
21975;4975181;1013792768;21737472;1116073984;0;0;0;0;0;0;0;0;0;0;0;3376;0;0;89;0;80;0;
21976;5493041;1013792768;21737472;1116073984;0;0;0;0;0;0;0;0;0;0;0;3356;0;0;89;0;80;0;
21977;5922968;1013792768;21737472;1116073984;0;0;0;0;0;0;0;0;0;0;0;2374;0;0;89;0;80;0;
21978;3396339;1013792768;21737472;1116073984;0;0;0;0;0;0;0;0;0;0;0;2254;0;0;89;0;80;0;
21979;6352894;1013792768;21737472;1116073984;0;0;0;0;0;0;0;0;0;0;0;3647;0;0;89;0;80;0;
21980;4448783;1013792768;21737472;1116073984;0;0;0;0;0;0;0;0;0;0;0;3467;0;0;89;0;80;0;
21981;5819835;1013792768;21737472;1116073984;0;0;0;0;0;0;0;0;0;0;0;3697;0;0;89;0;80;0;
21982;6474672;1013792768;21737472;1116073984;0;0;0;0;0;0;0;0;0;0;0;3727;0;0;89;0;80;0;
21983;6190519;1013792768;21737472;1116073984;0;0;0;0;0;0;0;0;0;0;0;83987;0;0;89;0;80;0;
21984;5048768;1013792768;21737472;1116073984;0;0;0;0;0;0;0;0;0;0;0;3557;0;0;89;0;80;0;
21985;6463802;1013792768;21737472;1116073984;0;0;0;0;0;0;0;0;0;0;0;4007;0;0;89;0;80;0;
21986;5096939;1013792768;21737472;1116073984;0;0;0;0;0;0;0;0;0;0;0;3286;0;0;89;0;80;0;
21987;5766374;1017888768;21737472;1116073984;0;0;0;0;0;0;0;0;0;0;0;3657;0;0;89;0;80;0;
21988;4284305;1017888768;21737472;1116073984;0;0;0;0;0;0;0;0;0;0;0;3847;0;0;89;0;80;0;
21989;6496323;1017888768;21737472;1116073984;0;0;0;0;0;0;0;0;0;0;0;3506;0;0;89;0;80;0;
21990;4100029;1017888768;21737472;1116073984;0;0;0;0;0;0;0;0;0;0;0;3407;0;0;89;0;80;0;
21991;6058151;1017888768;21737472;1116073984;0;0;0;0;0;0;0;0;0;0;0;3316;0;0;89;0;80;0;
21992;6117893;1017888768;21737472;1116073984;0;0;0;0;0;0;0;0;0;0;0;2895;0;0;89;0;80;0;
21993;6527141;1017888768;21737472;1116073984;0;0;0;0;0;0;0;0;0;0;0;3837;0;0;89;0;80;0;
21994;4787588;1017888768;21737472;1116073984;0;0;0;0;0;0;0;0;0;0;0;3046;0;0;89;0;80;0;
21995;6064673;1017888768;21737472;1116073984;0;0;0;0;0;0;0;0;0;0;0;3547;0;0;89;0;80;0;
21996;3571167;1017888768;21737472;1116073984;0;0;0;0;0;0;0;0;0;0;0;3005;0;0;89;0;80;0;
21997;6172987;1017888768;21737472;1116073984;0;0;0;0;0;0;0;0;0;0;0;3897;0;0;89;0;80;0;
21998;6442262;1017888768;21737472;1116073984;0;0;0;0;0;0;0;0;0;0;0;3798;0;0;89;0;80;0;
21999;6161465;1017888768;21737472;1116073984;0;0;0;0;0;0;0;0;0;0;0;3587;0;0;89;0;80;0;
22000;4758774;1017888768;21737472;1116073984;0;0;0;0;0;0;0;0;0;0;0;2725;0;0;89;0;80;0;
22001;5752859;1017888768;21737472;1116073984;0;0;0;0;0;0;0;0;0;0;0;3938;0;0;89;0;80;0;
22002;5283709;1017888768;21737472;1116073984;0;0;0;0;0;0;0;0;0;0;0;3346;0;0;89;0;80;0;
22003;6006083;1017888768;21737472;1116073984;0;0;0;0;0;0;0;0;0;0;0;3456;0;0;89;0;80;0;
22004;4797377;1017888768;21737472;1116073984;0;0;0;0;0;0;0;0;0;0;0;3165;0;0;89;0;80;0;
22005;5503291;1017888768;21737472;1116073984;0;0;0;0;0;0;0;0;0;0;0;3516;0;0;89;0;80;0;
22006;4741722;1017888768;21737472;1116073984;0;0;0;0;0;0;0;0;0;0;0;2355;0;0;89;0;80;0;
22007;6219244;1017888768;21737472;1116073984;0;0;0;0;0;0;0;0;0;0;0;2815;0;0;89;0;80;0;
22008;3873875;1017888768;21737472;1116073984;0;0;0;0;0;0;0;0;0;0;0;3016;0;0;89;0;80;0;
22009;6449174;1017888768;21737472;1116073984;0;0;0;0;0;0;0;0;0;0;0;3447;0;0;89;0;80;0;
22010;4498076;1017888768;21737472;1116073984;0;0;0;0;0;0;0;0;0;0;0;2104;0;0;89;0;80;0;
22011;5263431;1017888768;21737472;1116073984;0;0;0;0;0;0;0;0;0;0;0;2444;0;0;89;0;80;0;
22012;3876099;1017888768;21737472;1116073984;0;0;0;0;0;0;0;0;0;0;0;2425;0;0;89;0;80;0;
22013;6352433;1017888768;21737472;1116073984;0;0;0;0;0;0;0;0;0;0;0;2535;0;0;89;0;80;0;
22014;3869136;1017888768;21737472;1116073984;0;0;0;0;0;0;0;0;0;0;0;3106;0;0;89;0;80;0;
22015;4710214;1017888768;21737472;1116073984;0;0;0;0;0;0;0;0;0;0;0;2916;0;0;89;0;80;0;
22016;5638244;1017888768;21737472;1116073984;0;0;0;0;0;0;0;0;0;0;0;3016;0;0;89;0;80;0;
22017;6426632;1017888768;21737472;1116073984;0;0;0;0;0;0;0;0;0;0;0;3336;0;0;89;0;80;0;
22018;4414038;1017888768;21737472;1116073984;0;0;0;0;0;0;0;0;0;0;0;2335;0;0;89;0;80;0;
22019;6154983;1017888768;21737472;1116073984;0;0;0;0;0;0;0;0;0;0;0;2865;0;0;89;0;80;0;
22020;4190208;1017888768;21737472;1116073984;0;0;0;0;0;0;0;0;0;0;0;2675;0;0;89;0;80;0;
22021;5816428;1017888768;21737472;1116073984;0;0;0;0;0;0;0;0;0;0;0;2655;0;0;89;0;80;0;
22022;4555604;1017888768;21737472;1116073984;0;0;0;0;0;0;0;0;0;0;0;2665;0;0;89;0;80;0;
22023;5203599;1017888768;21737472;1116073984;0;0;0;0;0;0;0;0;0;0;0;3136;0;0;89;0;80;0;
22024;3965697;1017888768;21737472;1116073984;0;0;0;0;0;0;0;0;0;0;0;2635;0;0;89;0;80;0;
22025;7151451;1017888768;21741568;1116078080;0;0;0;0;0;0;0;0;0;0;0;3286;0;0;89;0;80;0;
22026;4147358;1017888768;21745664;1116082176;0;0;0;0;0;0;0;0;0;0;0;2404;0;0;89;0;80;0;
22027;5790980;1017888768;21745664;1116082176;0;0;0;0;0;0;0;0;0;0;0;2986;0;0;89;0;80;0;
22028;4958399;1017888768;21745664;1116082176;0;0;0;0;0;0;0;0;0;0;0;2905;0;0;89;0;80;0;
22029;5928147;1017888768;21745664;1116082176;0;0;0;0;0;0;0;0;0;0;0;2705;0;0;89;0;80;0;
22030;3613216;1017888768;21745664;1116082176;0;0;0;0;0;0;0;0;0;0;0;2294;0;0;89;0;80;0;
22031;5121514;1017888768;21745664;1116082176;0;0;0;0;0;0;0;0;0;0;0;2895;0;0;89;0;80;0;
22032;5066782;1017888768;21737472;1116073984;0;0;0;0;0;0;0;0;0;0;0;3106;0;0;89;0;80;0;
22033;6851439;1023152128;28352512;1122689024;0;0;0;0;0;0;0;0;0;0;0;3637;0;0;89;0;80;0;
22034;4340660;1023152128;28352512;1122689024;0;0;0;0;0;0;0;0;0;0;0;2925;0;0;89;0;80;0;
22035;8621659;1023152128;28352512;1122689024;0;0;0;0;0;0;0;0;0;0;0;3106;0;0;89;0;80;0;
22036;12528576;1023152128;28352512;1122689024;0;0;0;0;0;0;0;0;0;0;0;3356;0;0;89;0;80;0;
22037;7282658;1023152128;28352512;1122689024;0;0;0;0;0;0;0;0;0;0;0;3547;0;0;89;0;80;0;
22038;6584789;1023152128;28352512;1122689024;0;0;0;0;0;0;0;0;0;0;0;3908;0;0;89;0;80;0;
22039;7667069;1023152128;28352512;1122689024;0;0;0;0;0;0;0;0;0;0;0;2695;0;0;89;0;80;0;
22040;4282141;1023152128;28352512;1122689024;0;0;0;0;0;0;0;0;0;0;0;3347;0;0;89;0;80;0;
22041;6059704;1023152128;28352512;1122689024;0;0;0;0;0;0;0;0;0;0;0;2094;0;0;89;0;80;0;
22042;5584343;1017888768;21737472;1116073984;0;0;0;0;0;0;0;0;0;0;0;3687;0;0;89;0;80;0;
22043;7239978;1017888768;21737472;1116073984;0;0;0;0;0;0;0;0;0;0;0;2936;0;0;89;0;80;0;
22044;8187234;1017888768;21737472;1116073984;0;0;0;0;0;0;0;0;0;0;0;3466;0;0;89;0;80;0;
22045;6112985;1017888768;21737472;1116073984;0;0;0;0;0;0;0;0;0;0;0;3316;0;0;89;0;80;0;
22046;5284380;1017888768;21737472;1116073984;0;0;0;0;0;0;0;0;0;0;0;3427;0;0;89;0;80;0;
22047;6278465;1017888768;21737472;1116073984;0;0;0;0;0;0;0;0;0;0;0;2826;0;0;89;0;80;0;
22048;4401424;1017888768;21737472;1116073984;0;0;0;0;0;0;0;0;0;0;0;3397;0;0;89;0;80;0;
22049;7363900;1017888768;21737472;1116073984;0;0;0;0;0;0;0;0;0;0;0;3938;0;0;89;0;80;0;
22050;4167285;1017888768;21737472;1116073984;0;0;0;0;0;0;0;0;0;0;0;2675;0;0;89;0;80;0;
22051;5521515;1017888768;21737472;1116073984;0;0;0;0;0;0;0;0;0;0;0;2996;0;0;89;0;80;0;
22052;3836805;1017888768;21737472;1116073984;0;0;0;0;0;0;0;0;0;0;0;2305;0;0;89;0;80;0;
22053;6753976;1017888768;21737472;1116073984;0;0;0;0;0;0;0;0;0;0;0;3357;0;0;89;0;80;0;
22054;5076220;1017888768;21737472;1116073984;0;0;0;0;0;0;0;0;0;0;0;2976;0;0;89;0;80;0;
22055;5622023;1017888768;21737472;1116073984;0;0;0;0;0;0;0;0;0;0;0;2325;0;0;89;0;80;0;
22056;5139739;1017888768;21737472;1116073984;0;0;0;0;0;0;0;0;0;0;0;2795;0;0;89;0;80;0;
22057;5986707;1017888768;21737472;1116073984;0;0;0;0;0;0;0;0;0;0;0;3397;0;0;89;0;80;0;
22058;5222053;1017888768;21737472;1116073984;0;0;0;0;0;0;0;0;0;0;0;3105;0;0;89;0;80;0;
22059;6098577;1017888768;21737472;1116073984;0;0;0;0;0;0;0;0;0;0;0;3146;0;0;89;0;80;0;
22060;5947664;1017888768;21737472;1116073984;0;0;0;0;0;0;0;0;0;0;0;4148;0;0;89;0;80;0;
22061;5656619;1017888768;21737472;1116073984;0;0;0;0;0;0;0;0;0;0;0;2695;0;0;89;0;80;0;
22062;4774033;1017888768;21737472;1116073984;0;0;0;0;0;0;0;0;0;0;0;3066;0;0;89;0;80;0;
22063;5878625;1017888768;21737472;1116073984;0;0;0;0;0;0;0;0;0;0;0;2775;0;0;89;0;80;0;
22064;3948104;1017888768;21737472;1116073984;0;0;0;0;0;0;0;0;0;0;0;2475;0;0;89;0;80;0;
22065;7490207;1017888768;21737472;1116073984;0;0;0;0;0;0;0;0;0;0;0;3707;0;0;89;0;80;0;
22066;4573417;1017888768;21737472;1116073984;0;0;0;0;0;0;0;0;0;0;0;3005;0;0;89;0;80;0;
22067;6647307;1017888768;21737472;1116073984;0;0;0;0;0;0;0;0;0;0;0;2936;0;0;89;0;80;0;
22068;5693768;1017888768;21737472;1116073984;0;0;0;0;0;0;0;0;0;0;0;2896;0;0;89;0;80;0;
22069;6731083;1017888768;21737472;1116073984;0;0;0;0;0;0;0;0;0;0;0;3356;0;0;89;0;80;0;
22070;5673099;1017888768;21737472;1116073984;0;0;0;0;0;0;0;0;0;0;0;2915;0;0;89;0;80;0;
22071;7028181;1017888768;21737472;1116073984;0;0;0;0;0;0;0;0;0;0;0;3497;0;0;89;0;80;0;
22072;3522856;1017888768;21737472;1116073984;0;0;0;0;0;0;0;0;0;0;0;3516;0;0;89;0;80;0;
22073;6380947;1017888768;21737472;1116073984;0;0;0;0;0;0;0;0;0;0;0;4709;0;0;89;0;80;0;
22074;5753199;1017888768;21737472;1116073984;0;0;0;0;0;0;0;0;0;0;0;2926;0;0;89;0;80;0;
22075;6604396;1017888768;21737472;1116073984;0;0;0;0;0;0;0;0;0;0;0;2625;0;0;89;0;80;0;
22076;3806860;1017888768;21737472;1116073984;0;0;0;0;0;0;0;0;0;0;0;2385;0;0;89;0;80;0;
22077;6614124;1017888768;21737472;1116073984;0;0;0;0;0;0;0;0;0;0;0;3136;0;0;89;0;80;0;
22078;7161591;1017888768;21737472;1116073984;0;0;0;0;0;0;0;0;0;0;0;44474;0;0;89;0;80;0;
22079;6836712;1017888768;21737472;1116073984;0;0;0;0;0;0;0;0;0;0;0;83407;0;0;89;0;80;0;
22080;5769580;1017888768;21737472;1116073984;0;0;0;0;0;0;0;0;0;0;0;2925;0;0;89;0;80;0;
22081;6083750;1017888768;21737472;1116073984;0;0;0;0;0;0;0;0;0;0;0;3397;0;0;89;0;80;0;
22082;4501872;1017888768;21737472;1116073984;0;0;0;0;0;0;0;0;0;0;0;2866;0;0;89;0;80;0;
22083;5515083;1017888768;21737472;1116073984;0;0;0;0;0;0;0;0;0;0;0;3366;0;0;89;0;80;0;
22084;5472523;1017888768;21737472;1116073984;0;0;0;0;0;0;0;0;0;0;0;2855;0;0;89;0;80;0;
22085;5768408;1017888768;21737472;1116073984;0;0;0;0;0;0;0;0;0;0;0;3216;0;0;89;0;80;0;
22086;6322206;1017888768;21737472;1116073984;0;0;0;0;0;0;0;0;0;0;0;46076;0;0;89;0;80;0;
22087;5034441;1017888768;21737472;1116073984;0;0;0;0;0;0;0;0;0;0;0;3066;0;0;89;0;80;0;
22088;7235158;1017888768;21737472;1116073984;0;0;0;0;0;0;0;0;0;0;0;3297;0;0;89;0;80;0;
22089;5369590;1017888768;21737472;1116073984;0;0;0;0;0;0;0;0;0;0;0;3146;0;0;89;0;80;0;
22090;4422203;1017888768;21737472;1116073984;0;0;0;0;0;0;0;0;0;0;0;3015;0;0;89;0;80;0;
22091;5723383;1017888768;21737472;1116073984;0;0;0;0;0;0;0;0;0;0;0;3066;0;0;89;0;80;0;
22092;5529319;1017888768;21737472;1116073984;0;0;0;0;0;0;0;0;0;0;0;3376;0;0;89;0;80;0;
22093;6371719;1017888768;21737472;1116073984;0;0;0;0;0;0;0;0;0;0;0;3386;0;0;89;0;80;0;
22094;5418973;1017888768;21737472;1116073984;0;0;0;0;0;0;0;0;0;0;0;2665;0;0;89;0;80;0;
22095;5693638;1017888768;21737472;1116073984;0;0;0;0;0;0;0;0;0;0;0;3547;0;0;89;0;80;0;
22096;5146672;1017888768;21737472;1116073984;0;0;0;0;0;0;0;0;0;0;0;3346;0;0;89;0;80;0;
22097;5530622;1017888768;21737472;1116073984;0;0;0;0;0;0;0;0;0;0;0;3566;0;0;89;0;80;0;
22098;4733027;1017888768;21737472;1116073984;0;0;0;0;0;0;0;0;0;0;0;3297;0;0;89;0;80;0;
22099;5902469;1017888768;21737472;1116073984;0;0;0;0;0;0;0;0;0;0;0;5039;0;0;89;0;80;0;
22100;6571424;1017888768;21737472;1116073984;0;0;0;0;0;0;0;0;0;0;0;5771;0;0;89;0;80;0;
22101;6580411;1017888768;21737472;1116073984;0;0;0;0;0;0;0;0;0;0;0;3917;0;0;89;0;80;0;
22102;5945139;1017888768;21737472;1116073984;0;0;0;0;0;0;0;0;0;0;0;4949;0;0;89;0;80;0;
22103;6874462;1017888768;21737472;1116073984;0;0;0;0;0;0;0;0;0;0;0;4508;0;0;89;0;80;0;
22104;7051734;1017888768;21737472;1116073984;0;0;0;0;0;0;0;0;0;0;0;4559;0;0;89;0;80;0;
22105;5909001;1017888768;21737472;1116073984;0;0;0;0;0;0;0;0;0;0;0;3988;0;0;89;0;80;0;
22106;5016448;1017888768;21737472;1116073984;0;0;0;0;0;0;0;0;0;0;0;4358;0;0;89;0;80;0;
22107;6134845;1017888768;21737472;1116073984;0;0;0;0;0;0;0;0;0;0;0;3777;0;0;89;0;80;0;
22108;5886309;1017888768;21737472;1116073984;0;0;0;0;0;0;0;0;0;0;0;3356;0;0;89;0;80;0;
22109;7833981;1017888768;21737472;1116073984;0;0;0;0;0;0;0;0;0;0;0;5069;0;0;89;0;80;0;
22110;5582750;1017888768;21737472;1116073984;0;0;0;0;0;0;0;0;0;0;0;2866;0;0;89;0;80;0;
22111;7397443;1017888768;21737472;1116073984;0;0;0;0;0;0;0;0;0;0;0;4829;0;0;89;0;80;0;
22112;4515378;1017888768;21737472;1116073984;0;0;0;0;0;0;0;0;0;0;0;4679;0;0;89;0;80;0;
22113;6582866;1017888768;21737472;1116073984;0;0;0;0;0;0;0;0;0;0;0;3997;0;0;89;0;80;0;
22114;4337574;1017888768;21737472;1116073984;0;0;0;0;0;0;0;0;0;0;0;3327;0;0;89;0;80;0;
22115;5612515;1017888768;21737472;1116073984;0;0;0;0;0;0;0;0;0;0;0;3837;0;0;89;0;80;0;
22116;4607531;1017888768;21737472;1116073984;0;0;0;0;0;0;0;0;0;0;0;4379;0;0;89;0;80;0;
22117;6490773;1017888768;21737472;1116073984;0;0;0;0;0;0;0;0;0;0;0;4118;0;0;89;0;80;0;
22118;4901683;1017888768;21737472;1116073984;0;0;0;0;0;0;0;0;0;0;0;4398;0;0;89;0;80;0;
22119;6247807;1017888768;21737472;1116073984;0;0;0;0;0;0;0;0;0;0;0;4238;0;0;89;0;80;0;
22120;4886484;1017888768;21737472;1116073984;0;0;0;0;0;0;0;0;0;0;0;3998;0;0;89;0;80;0;
22121;6037973;1017888768;21737472;1116073984;0;0;0;0;0;0;0;0;0;0;0;4399;0;0;89;0;80;0;
22122;6364095;1017888768;21737472;1116073984;0;0;0;0;0;0;0;0;0;0;0;4659;0;0;89;0;80;0;
22123;6333638;1017888768;21737472;1116073984;0;0;0;0;0;0;0;0;0;0;0;4839;0;0;89;0;80;0;
22124;4647716;1017888768;21737472;1116073984;0;0;0;0;0;0;0;0;0;0;0;4037;0;0;89;0;80;0;
22125;7023211;1017888768;21737472;1116073984;0;0;0;0;0;0;0;0;0;0;0;4128;0;0;89;0;80;0;
22126;4751771;1017888768;21737472;1116073984;0;0;0;0;0;0;0;0;0;0;0;3828;0;0;89;0;80;0;
22127;8534075;1023152128;28352512;1122689024;0;0;0;0;0;0;0;0;0;0;0;6682;0;0;89;0;80;0;
22128;5361405;1023152128;28352512;1122689024;0;0;0;0;0;0;0;0;0;0;0;2815;0;0;89;0;80;0;
22129;6496173;1023152128;28352512;1122689024;0;0;0;0;0;0;0;0;0;0;0;3907;0;0;89;0;80;0;
22130;3950529;1023152128;28352512;1122689024;0;0;0;0;0;0;0;0;0;0;0;2685;0;0;89;0;80;0;
22131;7106969;1023152128;28352512;1122689024;0;0;0;0;0;0;0;0;0;0;0;4108;0;0;89;0;80;0;
22132;4006744;1023152128;28352512;1122689024;0;0;0;0;0;0;0;0;0;0;0;2946;0;0;89;0;80;0;
22133;6433115;1023152128;28352512;1122689024;0;0;0;0;0;0;0;0;0;0;0;5481;0;0;89;0;80;0;
22134;4070795;1023152128;28352512;1122689024;0;0;0;0;0;0;0;0;0;0;0;3276;0;0;89;0;80;0;
22135;5927667;1023152128;28352512;1122689024;0;0;0;0;0;0;0;0;0;0;0;3466;0;0;89;0;80;0;
22136;4437001;1017888768;21737472;1116073984;0;0;0;0;0;0;0;0;0;0;0;4057;0;0;89;0;80;0;
22137;6060265;1017888768;21737472;1116073984;0;0;0;0;0;0;0;0;0;0;0;3116;0;0;89;0;80;0;
22138;3421217;1017888768;21737472;1116073984;0;0;0;0;0;0;0;0;0;0;0;2685;0;0;89;0;80;0;
22139;5176417;1017888768;21737472;1116073984;0;0;0;0;0;0;0;0;0;0;0;2384;0;0;89;0;80;0;
22140;3291774;1017888768;21737472;1116073984;0;0;0;0;0;0;0;0;0;0;0;3066;0;0;89;0;80;0;
22141;4711777;1017888768;21737472;1116073984;0;0;0;0;0;0;0;0;0;0;0;2895;0;0;89;0;80;0;
22142;3621302;1017888768;21737472;1116073984;0;0;0;0;0;0;0;0;0;0;0;3296;0;0;89;0;80;0;
22143;5024513;1017888768;21737472;1116073984;0;0;0;0;0;0;0;0;0;0;0;2394;0;0;89;0;80;0;
22144;3901046;1017884672;21733376;1116069888;0;0;0;0;0;0;0;0;0;0;0;3166;0;0;89;0;80;0;
22145;5480919;1017884672;21733376;1116069888;0;0;0;0;0;0;0;0;0;0;0;2485;0;0;89;0;80;0;
22146;3698125;1017880576;21729280;1116065792;0;0;0;0;0;0;0;0;0;0;0;2955;0;0;89;0;80;0;
22147;5845292;1017880576;21729280;1116065792;0;0;0;0;0;0;0;0;0;0;0;2836;0;0;89;0;80;0;
22148;3866000;1017880576;21729280;1116065792;0;0;0;0;0;0;0;0;0;0;0;2935;0;0;89;0;80;0;
22149;4450146;1017880576;21729280;1116065792;0;0;0;0;0;0;0;0;0;0;0;2285;0;0;89;0;80;0;
22150;4326754;1017880576;21729280;1116065792;0;0;0;0;0;0;0;0;0;0;0;2725;0;0;89;0;80;0;
22151;5292966;1017880576;21729280;1116065792;0;0;0;0;0;0;0;0;0;0;0;2344;0;0;89;0;80;0;
22152;4255531;1017880576;21729280;1116065792;0;0;0;0;0;0;0;0;0;0;0;2375;0;0;89;0;80;0;
22153;4949973;1017880576;21729280;1116065792;0;0;0;0;0;0;0;0;0;0;0;2024;0;0;89;0;80;0;
22154;2958348;1017880576;21729280;1116065792;0;0;0;0;0;0;0;0;0;0;0;2445;0;0;89;0;80;0;
22155;6208393;1017880576;21729280;1116065792;0;0;0;0;0;0;0;0;0;0;0;2435;0;0;89;0;80;0;
22156;3406299;1017880576;21729280;1116065792;0;0;0;0;0;0;0;0;0;0;0;2795;0;0;89;0;80;0;
22157;4849495;1017880576;21729280;1116065792;0;0;0;0;0;0;0;0;0;0;0;2225;0;0;89;0;80;0;
22158;3580134;1017880576;21729280;1116065792;0;0;0;0;0;0;0;0;0;0;0;3176;0;0;89;0;80;0;
22159;5145880;1017880576;21729280;1116065792;0;0;0;0;0;0;0;0;0;0;0;2475;0;0;89;0;80;0;
22160;3612735;1017880576;21729280;1116065792;0;0;0;0;0;0;0;0;0;0;0;2755;0;0;89;0;80;0;
22161;4890341;1017880576;21729280;1116065792;0;0;0;0;0;0;0;0;0;0;0;2394;0;0;89;0;80;0;
22162;4291879;1017880576;21729280;1116065792;0;0;0;0;0;0;0;0;0;0;0;3106;0;0;89;0;80;0;
22163;5467614;1017880576;21729280;1116065792;0;0;0;0;0;0;0;0;0;0;0;2856;0;0;89;0;80;0;
22164;4231766;1017880576;21729280;1116065792;0;0;0;0;0;0;0;0;0;0;0;3035;0;0;89;0;80;0;
22165;6132401;1017880576;21729280;1116065792;0;0;0;0;0;0;0;0;0;0;0;2885;0;0;89;0;80;0;
22166;3733041;1017880576;21729280;1116065792;0;0;0;0;0;0;0;0;0;0;0;2886;0;0;89;0;80;0;
22167;4856638;1017880576;21729280;1116065792;0;0;0;0;0;0;0;0;0;0;0;2645;0;0;89;0;80;0;
22168;2701436;1017880576;21729280;1116065792;0;0;0;0;0;0;0;0;0;0;0;2565;0;0;89;0;80;0;
22169;5344764;1017880576;21729280;1116065792;0;0;0;0;0;0;0;0;0;0;0;2625;0;0;89;0;80;0;
22170;4206539;1017880576;21729280;1116065792;0;0;0;0;0;0;0;0;0;0;0;3146;0;0;89;0;80;0;
22171;5127255;1017880576;21729280;1116065792;0;0;0;0;0;0;0;0;0;0;0;2465;0;0;89;0;80;0;
22172;3108871;1017880576;21729280;1116065792;0;0;0;0;0;0;0;0;0;0;0;3036;0;0;89;0;80;0;
22173;5404927;1017880576;21729280;1116065792;0;0;0;0;0;0;0;0;0;0;0;2264;0;0;89;0;80;0;
22174;3855320;1017880576;21729280;1116065792;0;0;0;0;0;0;0;0;0;0;0;2715;0;0;89;0;80;0;
22175;5864668;1017880576;21729280;1116065792;0;0;0;0;0;0;0;0;0;0;0;2835;0;0;89;0;80;0;
22176;3842155;1017880576;21729280;1116065792;0;0;0;0;0;0;0;0;0;0;0;2575;0;0;89;0;80;0;
22177;6078700;1017880576;21729280;1116065792;0;0;0;0;0;0;0;0;0;0;0;2244;0;0;89;0;80;0;
22178;4937760;1017880576;21729280;1116065792;0;0;0;0;0;0;0;0;0;0;0;2865;0;0;89;0;80;0;
22179;5410707;1017880576;21729280;1116065792;0;0;0;0;0;0;0;0;0;0;0;3206;0;0;89;0;80;0;
22180;5379649;1017880576;21729280;1116065792;0;0;0;0;0;0;0;0;0;0;0;3216;0;0;89;0;80;0;
22181;5783376;1017880576;21729280;1116065792;0;0;0;0;0;0;0;0;0;0;0;2585;0;0;89;0;80;0;
22182;3472111;1017880576;21729280;1116065792;0;0;0;0;0;0;0;0;0;0;0;2856;0;0;89;0;80;0;
22183;5274602;1017880576;21729280;1116065792;0;0;0;0;0;0;0;0;0;0;0;2985;0;0;89;0;80;0;
22184;4234522;1017880576;21729280;1116065792;0;0;0;0;0;0;0;0;0;0;0;3326;0;0;89;0;80;0;
22185;5380430;1017880576;21729280;1116065792;0;0;0;0;0;0;0;0;0;0;0;2795;0;0;89;0;80;0;
22186;3199170;1017880576;21729280;1116065792;0;0;0;0;0;0;0;0;0;0;0;2284;0;0;89;0;80;0;
22187;5376463;1017880576;21729280;1116065792;0;0;0;0;0;0;0;0;0;0;0;1984;0;0;89;0;80;0;
22188;4177233;1017880576;21729280;1116065792;0;0;0;0;0;0;0;0;0;0;0;2605;0;0;89;0;80;0;
22189;5303987;1017880576;21729280;1116065792;0;0;0;0;0;0;0;0;0;0;0;2275;0;0;89;0;80;0;
22190;4074852;1017880576;21729280;1116065792;0;0;0;0;0;0;0;0;0;0;0;2344;0;0;89;0;80;0;
22191;5278268;1017880576;21729280;1116065792;0;0;0;0;0;0;0;0;0;0;0;2204;0;0;89;0;80;0;
22192;4988486;1017880576;21729280;1116065792;0;0;0;0;0;0;0;0;0;0;0;2775;0;0;89;0;80;0;
22193;4851729;1017880576;21729280;1116065792;0;0;0;0;0;0;0;0;0;0;0;2304;0;0;89;0;80;0;
22194;4264968;1017880576;21729280;1116065792;0;0;0;0;0;0;0;0;0;0;0;3156;0;0;89;0;80;0;
22195;5349612;1017880576;21729280;1116065792;0;0;0;0;0;0;0;0;0;0;0;2745;0;0;89;0;80;0;
22196;4053421;1017880576;21729280;1116065792;0;0;0;0;0;0;0;0;0;0;0;2705;0;0;89;0;80;0;
22197;5122056;1017880576;21729280;1116065792;0;0;0;0;0;0;0;0;0;0;0;2505;0;0;89;0;80;0;
22198;4470734;1017880576;21729280;1116065792;0;0;0;0;0;0;0;0;0;0;0;39734;0;0;89;0;80;0;
22199;5464237;1017880576;21729280;1116065792;0;0;0;0;0;0;0;0;0;0;0;2995;0;0;89;0;80;0;
22200;4000362;1017880576;21729280;1116065792;0;0;0;0;0;0;0;0;0;0;0;3346;0;0;89;0;80;0;
22201;6144283;1017880576;21729280;1116065792;0;0;0;0;0;0;0;0;0;0;0;2845;0;0;89;0;80;0;
22202;3856502;1017880576;21729280;1116065792;0;0;0;0;0;0;0;0;0;0;0;2855;0;0;89;0;80;0;
22203;5387203;1017880576;21729280;1116065792;0;0;0;0;0;0;0;0;0;0;0;2745;0;0;89;0;80;0;
22204;3976978;1017880576;21729280;1116065792;0;0;0;0;0;0;0;0;0;0;0;3266;0;0;89;0;80;0;
22205;5914522;1017880576;21729280;1116065792;0;0;0;0;0;0;0;0;0;0;0;2605;0;0;89;0;80;0;
22206;2996960;1017880576;21729280;1116065792;0;0;0;0;0;0;0;0;0;0;0;3016;0;0;89;0;80;0;
22207;5151171;1017880576;21729280;1116065792;0;0;0;0;0;0;0;0;0;0;0;2285;0;0;89;0;80;0;
22208;4504337;1017880576;21729280;1116065792;0;0;0;0;0;0;0;0;0;0;0;2695;0;0;89;0;80;0;
22209;10372893;1017880576;21729280;1116065792;0;0;0;0;0;0;0;0;0;0;0;2595;0;0;89;0;80;0;
22210;3391581;1017880576;21729280;1116065792;0;0;0;0;0;0;0;0;0;0;0;3056;0;0;89;0;80;0;
22211;6521520;1017880576;21733376;1116069888;0;0;0;0;0;0;0;0;0;0;0;3266;0;0;89;0;80;0;
22212;3716109;1017880576;21737472;1116073984;0;0;0;0;0;0;0;0;0;0;0;2395;0;0;89;0;80;0;
22213;5568032;1017880576;21737472;1116073984;0;0;0;0;0;0;0;0;0;0;0;2144;0;0;89;0;80;0;
22214;3468625;1017880576;21737472;1116073984;0;0;0;0;0;0;0;0;0;0;0;2545;0;0;89;0;80;0;
22215;4988175;1017880576;21737472;1116073984;0;0;0;0;0;0;0;0;0;0;0;2033;0;0;89;0;80;0;
22216;3932916;1017880576;21737472;1116073984;0;0;0;0;0;0;0;0;0;0;0;2525;0;0;89;0;80;0;
22217;5596806;1017880576;21737472;1116073984;0;0;0;0;0;0;0;0;0;0;0;2595;0;0;89;0;80;0;
22218;4003959;1017880576;21729280;1116065792;0;0;0;0;0;0;0;0;0;0;0;2855;0;0;89;0;80;0;
22219;5205792;1017880576;21729280;1116065792;0;0;0;0;0;0;0;0;0;0;0;2775;0;0;89;0;80;0;
22220;2832753;1017880576;21729280;1116065792;0;0;0;0;0;0;0;0;0;0;0;2414;0;0;89;0;80;0;
22221;5577671;1023143936;28344320;1122680832;0;0;0;0;0;0;0;0;0;0;0;2325;0;0;89;0;80;0;
22222;12921232;1023143936;28344320;1122680832;0;0;0;0;0;0;0;0;0;0;0;3266;0;0;89;0;80;0;
22223;4848012;1023143936;28344320;1122680832;0;0;0;0;0;0;0;0;0;0;0;2605;0;0;89;0;80;0;
22224;5261567;1023143936;28344320;1122680832;0;0;0;0;0;0;0;0;0;0;0;4078;0;0;89;0;80;0;
22225;5455772;1023143936;28344320;1122680832;0;0;0;0;0;0;0;0;0;0;0;2775;0;0;89;0;80;0;
22226;6343807;1023143936;28344320;1122680832;0;0;0;0;0;0;0;0;0;0;0;3887;0;0;89;0;80;0;
22227;7090177;1023143936;28344320;1122680832;0;0;0;0;0;0;0;0;0;0;0;4258;0;0;89;0;80;0;
22228;3938275;1023143936;28344320;1122680832;0;0;0;0;0;0;0;0;0;0;0;3416;0;0;89;0;80;0;
22229;5967131;1023143936;28344320;1122680832;0;0;0;0;0;0;0;0;0;0;0;3777;0;0;89;0;80;0;
22230;4848513;1017880576;21729280;1116065792;0;0;0;0;0;0;0;0;0;0;0;3807;0;0;89;0;80;0;
22231;6030520;1017880576;21729280;1116065792;0;0;0;0;0;0;0;0;0;0;0;3086;0;0;89;0;80;0;
22232;5721190;1017880576;21729280;1116065792;0;0;0;0;0;0;0;0;0;0;0;3727;0;0;89;0;80;0;
22233;6300877;1017880576;21729280;1116065792;0;0;0;0;0;0;0;0;0;0;0;3426;0;0;89;0;80;0;
22234;4731643;1017880576;21729280;1116065792;0;0;0;0;0;0;0;0;0;0;0;3827;0;0;89;0;80;0;
22235;6064273;1017880576;21729280;1116065792;0;0;0;0;0;0;0;0;0;0;0;4388;0;0;89;0;80;0;
22236;4296147;1017880576;21729280;1116065792;0;0;0;0;0;0;0;0;0;0;0;3426;0;0;89;0;80;0;
22237;5662339;1017880576;21729280;1116065792;0;0;0;0;0;0;0;0;0;0;0;3536;0;0;89;0;80;0;
22238;4253477;1017880576;21729280;1116065792;0;0;0;0;0;0;0;0;0;0;0;2965;0;0;89;0;80;0;
22239;5489635;1017880576;21729280;1116065792;0;0;0;0;0;0;0;0;0;0;0;3156;0;0;89;0;80;0;
22240;5055200;1017880576;21729280;1116065792;0;0;0;0;0;0;0;0;0;0;0;4298;0;0;89;0;80;0;
22241;7081991;1017880576;21729280;1116065792;0;0;0;0;0;0;0;0;0;0;0;4358;0;0;89;0;80;0;
22242;4397697;1017880576;21729280;1116065792;0;0;0;0;0;0;0;0;0;0;0;3677;0;0;89;0;80;0;
22243;5974644;1017880576;21729280;1116065792;0;0;0;0;0;0;0;0;0;0;0;3837;0;0;89;0;80;0;
22244;4119505;1017880576;21729280;1116065792;0;0;0;0;0;0;0;0;0;0;0;4399;0;0;89;0;80;0;
22245;6488689;1017880576;21729280;1116065792;0;0;0;0;0;0;0;0;0;0;0;3507;0;0;89;0;80;0;
22246;4905800;1017880576;21729280;1116065792;0;0;0;0;0;0;0;0;0;0;0;4368;0;0;89;0;80;0;
22247;5452806;1017880576;21729280;1116065792;0;0;0;0;0;0;0;0;0;0;0;4108;0;0;89;0;80;0;
22248;5994071;1017880576;21729280;1116065792;0;0;0;0;0;0;0;0;0;0;0;4217;0;0;89;0;80;0;
22249;5630690;1017880576;21729280;1116065792;0;0;0;0;0;0;0;0;0;0;0;3076;0;0;89;0;80;0;
22250;5979023;1017880576;21729280;1116065792;0;0;0;0;0;0;0;0;0;0;0;3707;0;0;89;0;80;0;
22251;6371910;1017880576;21729280;1116065792;0;0;0;0;0;0;0;0;0;0;0;2895;0;0;89;0;80;0;
22252;5882893;1017880576;21729280;1116065792;0;0;0;0;0;0;0;0;0;0;0;3446;0;0;89;0;80;0;
22253;5225340;1017880576;21729280;1116065792;0;0;0;0;0;0;0;0;0;0;0;4328;0;0;89;0;80;0;
22254;4721625;1017880576;21729280;1116065792;0;0;0;0;0;0;0;0;0;0;0;3987;0;0;89;0;80;0;
22255;4624482;1017880576;21729280;1116065792;0;0;0;0;0;0;0;0;0;0;0;2665;0;0;89;0;80;0;
22256;5500546;1017880576;21729280;1116065792;0;0;0;0;0;0;0;0;0;0;0;3347;0;0;89;0;80;0;
22257;5480919;1017880576;21729280;1116065792;0;0;0;0;0;0;0;0;0;0;0;2625;0;0;89;0;80;0;
22258;4947839;1017880576;21729280;1116065792;0;0;0;0;0;0;0;0;0;0;0;3586;0;0;89;0;80;0;
22259;6703712;1017880576;21729280;1116065792;0;0;0;0;0;0;0;0;0;0;0;4709;0;0;89;0;80;0;
22260;4558790;1017880576;21729280;1116065792;0;0;0;0;0;0;0;0;0;0;0;3737;0;0;89;0;80;0;
22261;6233660;1017880576;21729280;1116065792;0;0;0;0;0;0;0;0;0;0;0;3737;0;0;89;0;80;0;
22262;4691999;1017880576;21729280;1116065792;0;0;0;0;0;0;0;0;0;0;0;2735;0;0;89;0;80;0;
22263;6599617;1017880576;21729280;1116065792;0;0;0;0;0;0;0;0;0;0;0;2785;0;0;89;0;80;0;
22264;4541857;1017880576;21729280;1116065792;0;0;0;0;0;0;0;0;0;0;0;3416;0;0;89;0;80;0;
22265;5383576;1017880576;21729280;1116065792;0;0;0;0;0;0;0;0;0;0;0;1934;0;0;89;0;80;0;
22266;5802893;1017880576;21729280;1116065792;0;0;0;0;0;0;0;0;0;0;0;3416;0;0;89;0;80;0;
22267;5315098;1017880576;21729280;1116065792;0;0;0;0;0;0;0;0;0;0;0;9788;0;0;89;0;80;0;
22268;5101798;1017880576;21729280;1116065792;0;0;0;0;0;0;0;0;0;0;0;3486;0;0;89;0;80;0;
22269;5364570;1017880576;21729280;1116065792;0;0;0;0;0;0;0;0;0;0;0;3607;0;0;89;0;80;0;
22270;5076881;1017880576;21729280;1116065792;0;0;0;0;0;0;0;0;0;0;0;3026;0;0;89;0;80;0;
22271;6235674;1017880576;21729280;1116065792;0;0;0;0;0;0;0;0;0;0;0;3486;0;0;89;0;80;0;
22272;4860285;1017880576;21729280;1116065792;0;0;0;0;0;0;0;0;0;0;0;3526;0;0;89;0;80;0;
22273;5904403;1017880576;21729280;1116065792;0;0;0;0;0;0;0;0;0;0;0;3447;0;0;89;0;80;0;
22274;4719050;1017880576;21729280;1116065792;0;0;0;0;0;0;0;0;0;0;0;3217;0;0;89;0;80;0;
22275;6246905;1017880576;21729280;1116065792;0;0;0;0;0;0;0;0;0;0;0;3587;0;0;89;0;80;0;
22276;4343976;1017880576;21729280;1116065792;0;0;0;0;0;0;0;0;0;0;0;3587;0;0;89;0;80;0;
22277;5498412;1017880576;21729280;1116065792;0;0;0;0;0;0;0;0;0;0;0;2945;0;0;89;0;80;0;
22278;6089019;1017880576;21729280;1116065792;0;0;0;0;0;0;0;0;0;0;0;3487;0;0;89;0;80;0;
22279;5079225;1017880576;21729280;1116065792;0;0;0;0;0;0;0;0;0;0;0;2475;0;0;89;0;80;0;
22280;3782934;1017880576;21729280;1116065792;0;0;0;0;0;0;0;0;0;0;0;3126;0;0;89;0;80;0;
22281;5336358;1017880576;21729280;1116065792;0;0;0;0;0;0;0;0;0;0;0;2304;0;0;89;0;80;0;
22282;3815887;1017880576;21729280;1116065792;0;0;0;0;0;0;0;0;0;0;0;2785;0;0;89;0;80;0;
22283;5324996;1017880576;21729280;1116065792;0;0;0;0;0;0;0;0;0;0;0;2425;0;0;89;0;80;0;
22284;3763959;1017880576;21729280;1116065792;0;0;0;0;0;0;0;0;0;0;0;3516;0;0;89;0;80;0;
22285;5207977;1017880576;21729280;1116065792;0;0;0;0;0;0;0;0;0;0;0;2154;0;0;89;0;80;0;
22286;4846329;1017880576;21729280;1116065792;0;0;0;0;0;0;0;0;0;0;0;3126;0;0;89;0;80;0;
22287;5171238;1017880576;21729280;1116065792;0;0;0;0;0;0;0;0;0;0;0;3086;0;0;89;0;80;0;
22288;4667964;1017880576;21729280;1116065792;0;0;0;0;0;0;0;0;0;0;0;2815;0;0;89;0;80;0;
22289;6559692;1017880576;21729280;1116065792;0;0;0;0;0;0;0;0;0;0;0;2645;0;0;89;0;80;0;
22290;6364295;1017880576;21729280;1116065792;0;0;0;0;0;0;0;0;0;0;0;3807;0;0;89;0;80;0;
22291;5753329;1017880576;21729280;1116065792;0;0;0;0;0;0;0;0;0;0;0;3146;0;0;89;0;80;0;
22292;4490471;1017880576;21729280;1116065792;0;0;0;0;0;0;0;0;0;0;0;3136;0;0;89;0;80;0;
22293;5185094;1017880576;21729280;1116065792;0;0;0;0;0;0;0;0;0;0;0;2565;0;0;89;0;80;0;
22294;5192307;1017880576;21729280;1116065792;0;0;0;0;0;0;0;0;0;0;0;4237;0;0;89;0;80;0;
22295;5467284;1017880576;21729280;1116065792;0;0;0;0;0;0;0;0;0;0;0;3106;0;0;89;0;80;0;
22296;4193304;1017880576;21729280;1116065792;0;0;0;0;0;0;0;0;0;0;0;3426;0;0;89;0;80;0;
22297;4709903;1017880576;21729280;1116065792;0;0;0;0;0;0;0;0;0;0;0;2545;0;0;89;0;80;0;
22298;6393601;1017880576;21729280;1116065792;0;0;0;0;0;0;0;0;0;0;0;4309;0;0;89;0;80;0;
22299;5302875;1017880576;21729280;1116065792;0;0;0;0;0;0;0;0;0;0;0;3868;0;0;89;0;80;0;
22300;4345460;1017880576;21729280;1116065792;0;0;0;0;0;0;0;0;0;0;0;3416;0;0;89;0;80;0;
22301;5385570;1017880576;21729280;1116065792;0;0;0;0;0;0;0;0;0;0;0;2485;0;0;89;0;80;0;
22302;5290512;1017880576;21729280;1116065792;0;0;0;0;0;0;0;0;0;0;0;3397;0;0;89;0;80;0;
22303;6106823;1017880576;21729280;1116065792;0;0;0;0;0;0;0;0;0;0;0;3797;0;0;89;0;80;0;
22304;5631972;1017880576;21729280;1116065792;0;0;0;0;0;0;0;0;0;0;0;3337;0;0;89;0;80;0;
22305;5310068;1017880576;21733376;1116069888;0;0;0;0;0;0;0;0;0;0;0;3407;0;0;89;0;80;0;
22306;5426126;1017880576;21737472;1116073984;0;0;0;0;0;0;0;0;0;0;0;2816;0;0;89;0;80;0;
22307;6657245;1017880576;21737472;1116073984;0;0;0;0;0;0;0;0;0;0;0;2505;0;0;89;0;80;0;
22308;3977700;1017880576;21737472;1116073984;0;0;0;0;0;0;0;0;0;0;0;3507;0;0;89;0;80;0;
22309;6265971;1017880576;21737472;1116073984;0;0;0;0;0;0;0;0;0;0;0;2915;0;0;89;0;80;0;
22310;5766965;1017880576;21737472;1116073984;0;0;0;0;0;0;0;0;0;0;0;3356;0;0;89;0;80;0;
22311;6071827;1017880576;21737472;1116073984;0;0;0;0;0;0;0;0;0;0;0;3266;0;0;89;0;80;0;
22312;5539128;1017880576;21729280;1116065792;0;0;0;0;0;0;0;0;0;0;0;4107;0;0;89;0;80;0;
22313;5802221;1017880576;21729280;1116065792;0;0;0;0;0;0;0;0;0;0;0;3216;0;0;89;0;80;0;
22314;4730451;1017880576;21729280;1116065792;0;0;0;0;0;0;0;0;0;0;0;76053;0;0;89;0;80;0;
22315;4766078;1017880576;21729280;1116065792;0;0;0;0;0;0;0;0;0;0;0;2334;0;0;89;0;80;0;
22316;5241400;1017880576;21729280;1116065792;0;0;0;0;0;0;0;0;0;0;0;3807;0;0;89;0;80;0;
22317;5683369;1017880576;21729280;1116065792;0;0;0;0;0;0;0;0;0;0;0;2866;0;0;89;0;80;0;
22318;4677152;1017880576;21729280;1116065792;0;0;0;0;0;0;0;0;0;0;0;3506;0;0;89;0;80;0;
22319;6226527;1017880576;21729280;1116065792;0;0;0;0;0;0;0;0;0;0;0;4789;0;0;89;0;80;0;
22320;5887651;1017880576;21729280;1116065792;0;0;0;0;0;0;0;0;0;0;0;5641;0;0;89;0;80;0;
22321;6901924;1017880576;21729280;1116065792;0;0;0;0;0;0;0;0;0;0;0;4419;0;0;89;0;80;0;
22322;5752999;1017880576;21729280;1116065792;0;0;0;0;0;0;0;0;0;0;0;4127;0;0;89;0;80;0;
22323;6837994;1017880576;21729280;1116065792;0;0;0;0;0;0;0;0;0;0;0;3958;0;0;89;0;80;0;
22324;5373929;1017880576;21729280;1116065792;0;0;0;0;0;0;0;0;0;0;0;4638;0;0;89;0;80;0;
22325;8501603;1017880576;21729280;1116065792;0;0;0;0;0;0;0;0;0;0;0;4719;0;0;89;0;80;0;
22326;5673831;1017880576;21729280;1116065792;0;0;0;0;0;0;0;0;0;0;0;4458;0;0;89;0;80;0;
22327;7162422;1017880576;21729280;1116065792;0;0;0;0;0;0;0;0;0;0;0;3597;0;0;89;0;80;0;
22328;6106653;1017880576;21729280;1116065792;0;0;0;0;0;0;0;0;0;0;0;4018;0;0;89;0;80;0;
22329;5900877;1017880576;21729280;1116065792;0;0;0;0;0;0;0;0;0;0;0;3096;0;0;89;0;80;0;
22330;8041481;1017880576;21729280;1116065792;0;0;0;0;0;0;0;0;0;0;0;4308;0;0;89;0;80;0;
22331;7226091;1017880576;21729280;1116065792;0;0;0;0;0;0;0;0;0;0;0;4047;0;0;89;0;80;0;
22332;5478785;1017880576;21729280;1116065792;0;0;0;0;0;0;0;0;0;0;0;4589;0;0;89;0;80;0;
22333;5507449;1017880576;21729280;1116065792;0;0;0;0;0;0;0;0;0;0;0;3707;0;0;89;0;80;0;
22334;8129135;1017880576;21729280;1116065792;0;0;0;0;0;0;0;0;0;0;0;4468;0;0;89;0;80;0;
22335;6567066;1017880576;21729280;1116065792;0;0;0;0;0;0;0;0;0;0;0;2905;0;0;89;0;80;0;
22336;3426025;1017880576;21729280;1116065792;0;0;0;0;0;0;0;0;0;0;0;3006;0;0;89;0;80;0;
22337;4761650;1017880576;21729280;1116065792;0;0;0;0;0;0;0;0;0;0;0;2665;0;0;89;0;80;0;
22338;3335655;1017880576;21729280;1116065792;0;0;0;0;0;0;0;0;0;0;0;3146;0;0;89;0;80;0;
22339;5631731;1023143936;28344320;1122680832;0;0;0;0;0;0;0;0;0;0;0;2484;0;0;89;0;80;0;
22340;4605537;1023143936;28344320;1122680832;0;0;0;0;0;0;0;0;0;0;0;3656;0;0;89;0;80;0;
22341;5607917;1023143936;28344320;1122680832;0;0;0;0;0;0;0;0;0;0;0;2896;0;0;89;0;80;0;
22342;6640514;1023143936;28344320;1122680832;0;0;0;0;0;0;0;0;0;0;0;3737;0;0;89;0;80;0;
22343;4932310;1023143936;28344320;1122680832;0;0;0;0;0;0;0;0;0;0;0;2554;0;0;89;0;80;0;
22344;5520603;1023143936;28344320;1122680832;0;0;0;0;0;0;0;0;0;0;0;2785;0;0;89;0;80;0;
22345;5743982;1023143936;28344320;1122680832;0;0;0;0;0;0;0;0;0;0;0;2865;0;0;89;0;80;0;
22346;3050100;1023143936;28344320;1122680832;0;0;0;0;0;0;0;0;0;0;0;2996;0;0;89;0;80;0;
22347;5367406;1023143936;28344320;1122680832;0;0;0;0;0;0;0;0;0;0;0;2124;0;0;89;0;80;0;
22348;4641244;1017880576;21729280;1116065792;0;0;0;0;0;0;0;0;0;0;0;3997;0;0;89;0;80;0;
22349;5275985;1017880576;21729280;1116065792;0;0;0;0;0;0;0;0;0;0;0;2365;0;0;89;0;80;0;
22350;4281178;1017880576;21729280;1116065792;0;0;0;0;0;0;0;0;0;0;0;3035;0;0;89;0;80;0;
22351;5467684;1017880576;21729280;1116065792;0;0;0;0;0;0;0;0;0;0;0;2906;0;0;89;0;80;0;
22352;3738391;1017880576;21729280;1116065792;0;0;0;0;0;0;0;0;0;0;0;3617;0;0;89;0;80;0;
22353;6945376;1017880576;21729280;1116065792;0;0;0;0;0;0;0;0;0;0;0;2004;0;0;89;0;80;0;
22354;2881864;1017880576;21729280;1116065792;0;0;0;0;0;0;0;0;0;0;0;3276;0;0;89;0;80;0;
22355;5791622;1017880576;21729280;1116065792;0;0;0;0;0;0;0;0;0;0;0;2465;0;0;89;0;80;0;
22356;4889840;1017880576;21729280;1116065792;0;0;0;0;0;0;0;0;0;0;0;3777;0;0;89;0;80;0;
22357;5733954;1017880576;21729280;1116065792;0;0;0;0;0;0;0;0;0;0;0;2865;0;0;89;0;80;0;
22358;5146582;1017880576;21729280;1116065792;0;0;0;0;0;0;0;0;0;0;0;4208;0;0;89;0;80;0;
22359;6009861;1017880576;21729280;1116065792;0;0;0;0;0;0;0;0;0;0;0;3456;0;0;89;0;80;0;
22360;3789647;1017880576;21729280;1116065792;0;0;0;0;0;0;0;0;0;0;0;3517;0;0;89;0;80;0;
22361;5383987;1017880576;21729280;1116065792;0;0;0;0;0;0;0;0;0;0;0;2836;0;0;89;0;80;0;
22362;3441014;1017880576;21729280;1116065792;0;0;0;0;0;0;0;0;0;0;0;3376;0;0;89;0;80;0;
22363;5746927;1017880576;21729280;1116065792;0;0;0;0;0;0;0;0;0;0;0;34384;0;0;89;0;80;0;
22364;3794256;1017880576;21729280;1116065792;0;0;0;0;0;0;0;0;0;0;0;2775;0;0;89;0;80;0;
22365;4564870;1017880576;21729280;1116065792;0;0;0;0;0;0;0;0;0;0;0;2215;0;0;89;0;80;0;
22366;3247630;1017880576;21729280;1116065792;0;0;0;0;0;0;0;0;0;0;0;3277;0;0;89;0;80;0;
22367;6020771;1017880576;21729280;1116065792;0;0;0;0;0;0;0;0;0;0;0;2465;0;0;89;0;80;0;
22368;3917988;1017880576;21729280;1116065792;0;0;0;0;0;0;0;0;0;0;0;2966;0;0;89;0;80;0;
22369;5468075;1017880576;21729280;1116065792;0;0;0;0;0;0;0;0;0;0;0;1953;0;0;89;0;80;0;
22370;2714701;1017880576;21729280;1116065792;0;0;0;0;0;0;0;0;0;0;0;2635;0;0;89;0;80;0;
22371;4550144;1017880576;21729280;1116065792;0;0;0;0;0;0;0;0;0;0;0;2265;0;0;89;0;80;0;
22372;3422759;1017880576;21729280;1116065792;0;0;0;0;0;0;0;0;0;0;0;2354;0;0;89;0;80;0;
22373;4758263;1017880576;21729280;1116065792;0;0;0;0;0;0;0;0;0;0;0;1843;0;0;89;0;80;0;
22374;5130773;1017880576;21729280;1116065792;0;0;0;0;0;0;0;0;0;0;0;5010;0;0;89;0;80;0;
22375;7022751;1017880576;21729280;1116065792;0;0;0;0;0;0;0;0;0;0;0;5139;0;0;89;0;80;0;
22376;5091168;1017880576;21729280;1116065792;0;0;0;0;0;0;0;0;0;0;0;4028;0;0;89;0;80;0;
22377;6084962;1017880576;21729280;1116065792;0;0;0;0;0;0;0;0;0;0;0;2625;0;0;89;0;80;0;
22378;4240823;1017880576;21729280;1116065792;0;0;0;0;0;0;0;0;0;0;0;2775;0;0;89;0;80;0;
22379;5856313;1017880576;21729280;1116065792;0;0;0;0;0;0;0;0;0;0;0;2816;0;0;89;0;80;0;
22380;5433760;1017880576;21729280;1116065792;0;0;0;0;0;0;0;0;0;0;0;3437;0;0;89;0;80;0;
22381;5909383;1017880576;21729280;1116065792;0;0;0;0;0;0;0;0;0;0;0;3397;0;0;89;0;80;0;
22382;6585119;1017880576;21729280;1116065792;0;0;0;0;0;0;0;0;0;0;0;3256;0;0;89;0;80;0;
22383;5156030;1017880576;21729280;1116065792;0;0;0;0;0;0;0;0;0;0;0;2826;0;0;89;0;80;0;
22384;3347278;1017880576;21729280;1116065792;0;0;0;0;0;0;0;0;0;0;0;3046;0;0;89;0;80;0;
22385;5488553;1017880576;21729280;1116065792;0;0;0;0;0;0;0;0;0;0;0;2705;0;0;89;0;80;0;
22386;3636920;1017880576;21729280;1116065792;0;0;0;0;0;0;0;0;0;0;0;2845;0;0;89;0;80;0;
22387;5027218;1017880576;21729280;1116065792;0;0;0;0;0;0;0;0;0;0;0;2164;0;0;89;0;80;0;
22388;4640824;1017880576;21729280;1116065792;0;0;0;0;0;0;0;0;0;0;0;3336;0;0;89;0;80;0;
22389;5254935;1017880576;21729280;1116065792;0;0;0;0;0;0;0;0;0;0;0;2685;0;0;89;0;80;0;
22390;3996505;1017880576;21729280;1116065792;0;0;0;0;0;0;0;0;0;0;0;3266;0;0;89;0;80;0;
22391;5718484;1017880576;21729280;1116065792;0;0;0;0;0;0;0;0;0;0;0;3346;0;0;89;0;80;0;
22392;4716656;1017880576;21729280;1116065792;0;0;0;0;0;0;0;0;0;0;0;3436;0;0;89;0;80;0;
22393;6411574;1017880576;21729280;1116065792;0;0;0;0;0;0;0;0;0;0;0;3437;0;0;89;0;80;0;
22394;4215466;1017880576;21729280;1116065792;0;0;0;0;0;0;0;0;0;0;0;3597;0;0;89;0;80;0;
22395;4878729;1017880576;21729280;1116065792;0;0;0;0;0;0;0;0;0;0;0;2124;0;0;89;0;80;0;
22396;3694378;1017880576;21729280;1116065792;0;0;0;0;0;0;0;0;0;0;0;3286;0;0;89;0;80;0;
22397;6137400;1017880576;21729280;1116065792;0;0;0;0;0;0;0;0;0;0;0;3246;0;0;89;0;80;0;
22398;4717808;1017880576;21729280;1116065792;0;0;0;0;0;0;0;0;0;0;0;3918;0;0;89;0;80;0;
22399;6178687;1017880576;21729280;1116065792;0;0;0;0;0;0;0;0;0;0;0;3056;0;0;89;0;80;0;
22400;3563974;1017880576;21729280;1116065792;0;0;0;0;0;0;0;0;0;0;0;3397;0;0;89;0;80;0;
22401;6362583;1017880576;21729280;1116065792;0;0;0;0;0;0;0;0;0;0;0;2244;0;0;89;0;80;0;
22402;4218542;1017880576;21729280;1116065792;0;0;0;0;0;0;0;0;0;0;0;4198;0;0;89;0;80;0;
22403;6518224;1017880576;21729280;1116065792;0;0;0;0;0;0;0;0;0;0;0;2084;0;0;89;0;80;0;
22404;4606038;1017880576;21729280;1116065792;0;0;0;0;0;0;0;0;0;0;0;2765;0;0;89;0;80;0;
22405;5504112;1017880576;21729280;1116065792;0;0;0;0;0;0;0;0;0;0;0;2815;0;0;89;0;80;0;
22406;4220756;1017880576;21729280;1116065792;0;0;0;0;0;0;0;0;0;0;0;2765;0;0;89;0;80;0;
22407;5173462;1017880576;21729280;1116065792;0;0;0;0;0;0;0;0;0;0;0;2895;0;0;89;0;80;0;
22408;4459383;1017880576;21729280;1116065792;0;0;0;0;0;0;0;0;0;0;0;3957;0;0;89;0;80;0;
22409;11590977;1017880576;21729280;1116065792;0;0;0;0;0;0;0;0;0;0;0;35005;0;0;89;0;80;0;
22410;6106923;1017880576;21729280;1116065792;0;0;0;0;0;0;0;0;0;0;0;4078;0;0;89;0;80;0;
22411;6113545;1017880576;21729280;1116065792;0;0;0;0;0;0;0;0;0;0;0;2665;0;0;89;0;80;0;
22412;3457124;1017880576;21729280;1116065792;0;0;0;0;0;0;0;0;0;0;0;2845;0;0;89;0;80;0;
22413;5351286;1017880576;21729280;1116065792;0;0;0;0;0;0;0;0;0;0;0;81302;0;0;89;0;80;0;
22414;4015911;1017880576;21729280;1116065792;0;0;0;0;0;0;0;0;0;0;0;3105;0;0;89;0;80;0;
22415;5101788;1017880576;21729280;1116065792;0;0;0;0;0;0;0;0;0;0;0;3086;0;0;89;0;80;0;
22416;4963949;1017880576;21729280;1116065792;0;0;0;0;0;0;0;0;0;0;0;4499;0;0;89;0;80;0;
22417;4927050;1017880576;21729280;1116065792;0;0;0;0;0;0;0;0;0;0;0;2505;0;0;89;0;80;0;
22418;3899393;1017880576;21729280;1116065792;0;0;0;0;0;0;0;0;0;0;0;4038;0;0;89;0;80;0;
22419;6605537;1017880576;21729280;1116065792;0;0;0;0;0;0;0;0;0;0;0;2645;0;0;89;0;80;0;
22420;4926890;1017880576;21729280;1116065792;0;0;0;0;0;0;0;0;0;0;0;3466;0;0;89;0;80;0;
22421;6210888;1017880576;21729280;1116065792;0;0;0;0;0;0;0;0;0;0;0;2665;0;0;89;0;80;0;
22422;4787157;1017880576;21729280;1116065792;0;0;0;0;0;0;0;0;0;0;0;2555;0;0;89;0;80;0;
22423;5506336;1017880576;21729280;1116065792;0;0;0;0;0;0;0;0;0;0;0;2725;0;0;89;0;80;0;
22424;4353034;1017880576;21729280;1116065792;0;0;0;0;0;0;0;0;0;0;0;2635;0;0;89;0;80;0;
22425;5807852;1017880576;21729280;1116065792;0;0;0;0;0;0;0;0;0;0;0;2435;0;0;89;0;80;0;
22426;4354888;1017880576;21729280;1116065792;0;0;0;0;0;0;0;0;0;0;0;4168;0;0;89;0;80;0;
22427;6180881;1017880576;21729280;1116065792;0;0;0;0;0;0;0;0;0;0;0;3236;0;0;89;0;80;0;
22428;3289019;1017880576;21729280;1116065792;0;0;0;0;0;0;0;0;0;0;0;2124;0;0;89;0;80;0;
22429;6523384;1017880576;21729280;1116065792;0;0;0;0;0;0;0;0;0;0;0;2555;0;0;89;0;80;0;
22430;3519631;1017880576;21729280;1116065792;0;0;0;0;0;0;0;0;0;0;0;2826;0;0;89;0;80;0;
22431;5199791;1017880576;21729280;1116065792;0;0;0;0;0;0;0;0;0;0;0;2796;0;0;89;0;80;0;
22432;3797482;1017880576;21729280;1116065792;0;0;0;0;0;0;0;0;0;0;0;3446;0;0;89;0;80;0;
22433;7533218;1023143936;28344320;1122680832;0;0;0;0;0;0;0;0;0;0;0;3116;0;0;89;0;80;0;
22434;4782780;1023143936;28344320;1122680832;0;0;0;0;0;0;0;0;0;0;0;2304;0;0;89;0;80;0;
22435;6136569;1023143936;28344320;1122680832;0;0;0;0;0;0;0;0;0;0;0;2244;0;0;89;0;80;0;
22436;4966534;1023143936;28344320;1122680832;0;0;0;0;0;0;0;0;0;0;0;3226;0;0;89;0;80;0;
22437;6228340;1023143936;28344320;1122680832;0;0;0;0;0;0;0;0;0;0;0;2555;0;0;89;0;80;0;
22438;3926063;1023143936;28344320;1122680832;0;0;0;0;0;0;0;0;0;0;0;3176;0;0;89;0;80;0;
22439;5054500;1023143936;28344320;1122680832;0;0;0;0;0;0;0;0;0;0;0;2555;0;0;89;0;80;0;
22440;4884851;1023143936;28344320;1122680832;0;0;0;0;0;0;0;0;0;0;0;3146;0;0;89;0;80;0;
22441;6173097;1023143936;28344320;1122680832;0;0;0;0;0;0;0;0;0;0;0;2775;0;0;89;0;80;0;
22442;6069272;1017880576;21729280;1116065792;0;0;0;0;0;0;0;0;0;0;0;3046;0;0;89;0;80;0;
22443;7069588;1017880576;21729280;1116065792;0;0;0;0;0;0;0;0;0;0;0;2545;0;0;89;0;80;0;
22444;5849470;1017880576;21729280;1116065792;0;0;0;0;0;0;0;0;0;0;0;3046;0;0;89;0;80;0;
22445;6307098;1017880576;21729280;1116065792;0;0;0;0;0;0;0;0;0;0;0;3406;0;0;89;0;80;0;
22446;4058521;1017880576;21729280;1116065792;0;0;0;0;0;0;0;0;0;0;0;2846;0;0;89;0;80;0;
22447;6094019;1017880576;21729280;1116065792;0;0;0;0;0;0;0;0;0;0;0;2144;0;0;89;0;80;0;
22448;4529795;1017880576;21729280;1116065792;0;0;0;0;0;0;0;0;0;0;0;2995;0;0;89;0;80;0;
22449;6322037;1017880576;21729280;1116065792;0;0;0;0;0;0;0;0;0;0;0;2294;0;0;89;0;80;0;
22450;3898331;1017880576;21729280;1116065792;0;0;0;0;0;0;0;0;0;0;0;3346;0;0;89;0;80;0;
22451;5169726;1017880576;21729280;1116065792;0;0;0;0;0;0;0;0;0;0;0;2634;0;0;89;0;80;0;
22452;4386006;1017880576;21729280;1116065792;0;0;0;0;0;0;0;0;0;0;0;2825;0;0;89;0;80;0;
22453;6015451;1017880576;21729280;1116065792;0;0;0;0;0;0;0;0;0;0;0;2565;0;0;89;0;80;0;
22454;5449920;1017880576;21729280;1116065792;0;0;0;0;0;0;0;0;0;0;0;137117;0;0;89;0;80;0;
22455;6005572;1017880576;21729280;1116065792;0;0;0;0;0;0;0;0;0;0;0;2886;0;0;89;0;80;0;
22456;4750990;1017880576;21729280;1116065792;0;0;0;0;0;0;0;0;0;0;0;3256;0;0;89;0;80;0;
22457;6043795;1017880576;21729280;1116065792;0;0;0;0;0;0;0;0;0;0;0;2735;0;0;89;0;80;0;
22458;4368683;1017880576;21729280;1116065792;0;0;0;0;0;0;0;0;0;0;0;2555;0;0;89;0;80;0;
22459;6385415;1017880576;21729280;1116065792;0;0;0;0;0;0;0;0;0;0;0;2575;0;0;89;0;80;0;
22460;4742273;1017880576;21729280;1116065792;0;0;0;0;0;0;0;0;0;0;0;2695;0;0;89;0;80;0;
22461;7348180;1017880576;21729280;1116065792;0;0;0;0;0;0;0;0;0;0;0;3717;0;0;89;0;80;0;
22462;4346842;1017880576;21729280;1116065792;0;0;0;0;0;0;0;0;0;0;0;2544;0;0;89;0;80;0;
22463;6499379;1017880576;21729280;1116065792;0;0;0;0;0;0;0;0;0;0;0;2765;0;0;89;0;80;0;
22464;5471891;1017880576;21729280;1116065792;0;0;0;0;0;0;0;0;0;0;0;3868;0;0;89;0;80;0;
22465;5884966;1017880576;21729280;1116065792;0;0;0;0;0;0;0;0;0;0;0;3827;0;0;89;0;80;0;
22466;5826197;1017880576;21729280;1116065792;0;0;0;0;0;0;0;0;0;0;0;4258;0;0;89;0;80;0;
22467;7072574;1017880576;21729280;1116065792;0;0;0;0;0;0;0;0;0;0;0;3647;0;0;89;0;80;0;
22468;5887651;1017880576;21729280;1116065792;0;0;0;0;0;0;0;0;0;0;0;2865;0;0;89;0;80;0;
22469;6739088;1017880576;21729280;1116065792;0;0;0;0;0;0;0;0;0;0;0;2585;0;0;89;0;80;0;
22470;7474207;1017880576;21729280;1116065792;0;0;0;0;0;0;0;0;0;0;0;2465;0;0;89;0;80;0;
22471;7329015;1017880576;21729280;1116065792;0;0;0;0;0;0;0;0;0;0;0;2755;0;0;89;0;80;0;
22472;4383711;1017880576;21729280;1116065792;0;0;0;0;0;0;0;0;0;0;0;2544;0;0;89;0;80;0;
22473;5314697;1017880576;21729280;1116065792;0;0;0;0;0;0;0;0;0;0;0;2545;0;0;89;0;80;0;
22474;4416402;1017880576;21729280;1116065792;0;0;0;0;0;0;0;0;0;0;0;2344;0;0;89;0;80;0;
22475;5728503;1017880576;21729280;1116065792;0;0;0;0;0;0;0;0;0;0;0;3356;0;0;89;0;80;0;
22476;3802321;1017880576;21729280;1116065792;0;0;0;0;0;0;0;0;0;0;0;3056;0;0;89;0;80;0;
22477;5080768;1017880576;21729280;1116065792;0;0;0;0;0;0;0;0;0;0;0;3186;0;0;89;0;80;0;
22478;6314322;1017880576;21729280;1116065792;0;0;0;0;0;0;0;0;0;0;0;3126;0;0;89;0;80;0;
22479;5972140;1017880576;21729280;1116065792;0;0;0;0;0;0;0;0;0;0;0;2455;0;0;89;0;80;0;
22480;4470825;1017880576;21729280;1116065792;0;0;0;0;0;0;0;0;0;0;0;2615;0;0;89;0;80;0;
22481;5703997;1017880576;21729280;1116065792;0;0;0;0;0;0;0;0;0;0;0;2365;0;0;89;0;80;0;
22482;5264473;1017880576;21729280;1116065792;0;0;0;0;0;0;0;0;0;0;0;3196;0;0;89;0;80;0;
22483;5741558;1017880576;21729280;1116065792;0;0;0;0;0;0;0;0;0;0;0;2775;0;0;89;0;80;0;
22484;6035419;1017880576;21729280;1116065792;0;0;0;0;0;0;0;0;0;0;0;3807;0;0;89;0;80;0;
22485;5986788;1017880576;21729280;1116065792;0;0;0;0;0;0;0;0;0;0;0;3747;0;0;89;0;80;0;
22486;5006930;1017880576;21729280;1116065792;0;0;0;0;0;0;0;0;0;0;0;3657;0;0;89;0;80;0;
22487;6053041;1017880576;21729280;1116065792;0;0;0;0;0;0;0;0;0;0;0;3427;0;0;89;0;80;0;
22488;4822625;1017880576;21729280;1116065792;0;0;0;0;0;0;0;0;0;0;0;3707;0;0;89;0;80;0;
22489;6439817;1017880576;21729280;1116065792;0;0;0;0;0;0;0;0;0;0;0;3476;0;0;89;0;80;0;
22490;6162286;1017880576;21729280;1116065792;0;0;0;0;0;0;0;0;0;0;0;4288;0;0;89;0;80;0;
22491;6332206;1017880576;21729280;1116065792;0;0;0;0;0;0;0;0;0;0;0;3877;0;0;89;0;80;0;
22492;4947569;1017880576;21729280;1116065792;0;0;0;0;0;0;0;0;0;0;0;3046;0;0;89;0;80;0;
22493;6957608;1017880576;21729280;1116065792;0;0;0;0;0;0;0;0;0;0;0;3266;0;0;89;0;80;0;
22494;4966244;1017880576;21729280;1116065792;0;0;0;0;0;0;0;0;0;0;0;2986;0;0;89;0;80;0;
22495;5735777;1017880576;21729280;1116065792;0;0;0;0;0;0;0;0;0;0;0;3246;0;0;89;0;80;0;
22496;4704432;1017880576;21729280;1116065792;0;0;0;0;0;0;0;0;0;0;0;2966;0;0;89;0;80;0;
22497;6321125;1017880576;21729280;1116065792;0;0;0;0;0;0;0;0;0;0;0;2976;0;0;89;0;80;0;
22498;5304838;1017880576;21729280;1116065792;0;0;0;0;0;0;0;0;0;0;0;3326;0;0;89;0;80;0;
22499;6394432;1017880576;21729280;1116065792;0;0;0;0;0;0;0;0;0;0;0;3046;0;0;89;0;80;0;
22500;5073555;1017880576;21729280;1116065792;0;0;0;0;0;0;0;0;0;0;0;3276;0;0;89;0;80;0;
22501;5604540;1017880576;21729280;1116065792;0;0;0;0;0;0;0;0;0;0;0;2856;0;0;89;0;80;0;
22502;4202732;1017880576;21729280;1116065792;0;0;0;0;0;0;0;0;0;0;0;3406;0;0;89;0;80;0;
22503;5261438;1017880576;21729280;1116065792;0;0;0;0;0;0;0;0;0;0;0;3116;0;0;89;0;80;0;
22504;4196079;1017880576;21729280;1116065792;0;0;0;0;0;0;0;0;0;0;0;3036;0;0;89;0;80;0;
22505;6068762;1017880576;21729280;1116065792;0;0;0;0;0;0;0;0;0;0;0;2264;0;0;89;0;80;0;
22506;4089329;1017880576;21729280;1116065792;0;0;0;0;0;0;0;0;0;0;0;3857;0;0;89;0;80;0;
22507;6388070;1017880576;21729280;1116065792;0;0;0;0;0;0;0;0;0;0;0;3085;0;0;89;0;80;0;
22508;5159065;1017880576;21729280;1116065792;0;0;0;0;0;0;0;0;0;0;0;2975;0;0;89;0;80;0;
22509;5681725;1017880576;21729280;1116065792;0;0;0;0;0;0;0;0;0;0;0;2925;0;0;89;0;80;0;
22510;4089930;1017880576;21729280;1116065792;0;0;0;0;0;0;0;0;0;0;0;3136;0;0;89;0;80;0;
22511;6086535;1017880576;21729280;1116065792;0;0;0;0;0;0;0;0;0;0;0;2875;0;0;89;0;80;0;
22512;4201379;1017880576;21729280;1116065792;0;0;0;0;0;0;0;0;0;0;0;3035;0;0;89;0;80;0;
22513;4924065;1017880576;21729280;1116065792;0;0;0;0;0;0;0;0;0;0;0;2565;0;0;89;0;80;0;
22514;3747087;1017880576;21729280;1116065792;0;0;0;0;0;0;0;0;0;0;0;3016;0;0;89;0;80;0;
22515;6326745;1017880576;21729280;1116065792;0;0;0;0;0;0;0;0;0;0;0;2775;0;0;89;0;80;0;
22516;3768357;1017880576;21729280;1116065792;0;0;0;0;0;0;0;0;0;0;0;35577;0;0;89;0;80;0;
22517;5232423;1017880576;21729280;1116065792;0;0;0;0;0;0;0;0;0;0;0;2695;0;0;89;0;80;0;
22518;4946356;1017880576;21729280;1116065792;0;0;0;0;0;0;0;0;0;0;0;4228;0;0;89;0;80;0;
22519;4897645;1017880576;21729280;1116065792;0;0;0;0;0;0;0;0;0;0;0;3176;0;0;89;0;80;0;
22520;4275018;1017880576;21729280;1116065792;0;0;0;0;0;0;0;0;0;0;0;3426;0;0;89;0;80;0;
22521;5277878;1017880576;21729280;1116065792;0;0;0;0;0;0;0;0;0;0;0;2515;0;0;89;0;80;0;
22522;5078925;1017880576;21729280;1116065792;0;0;0;0;0;0;0;0;0;0;0;4067;0;0;89;0;80;0;
22523;5701803;1017880576;21729280;1116065792;0;0;0;0;0;0;0;0;0;0;0;3226;0;0;89;0;80;0;
22524;5149477;1017880576;21729280;1116065792;0;0;0;0;0;0;0;0;0;0;0;3196;0;0;89;0;80;0;
22525;6471847;1017880576;21729280;1116065792;0;0;0;0;0;0;0;0;0;0;0;2975;0;0;89;0;80;0;
22526;4486384;1017880576;21729280;1116065792;0;0;0;0;0;0;0;0;0;0;0;3116;0;0;89;0;80;0;
22527;5910023;1023143936;28344320;1122680832;0;0;0;0;0;0;0;0;0;0;0;3276;0;0;89;0;80;0;
22528;5434321;1023143936;28344320;1122680832;0;0;0;0;0;0;0;0;0;0;0;3346;0;0;89;0;80;0;
22529;5404255;1023143936;28344320;1122680832;0;0;0;0;0;0;0;0;0;0;0;2635;0;0;89;0;80;0;
22530;4800683;1023143936;28344320;1122680832;0;0;0;0;0;0;0;0;0;0;0;2715;0;0;89;0;80;0;
22531;5850241;1023143936;28344320;1122680832;0;0;0;0;0;0;0;0;0;0;0;2284;0;0;89;0;80;0;
22532;5044931;1023143936;28344320;1122680832;0;0;0;0;0;0;0;0;0;0;0;4008;0;0;89;0;80;0;
22533;5343531;1023143936;28344320;1122680832;0;0;0;0;0;0;0;0;0;0;0;3336;0;0;89;0;80;0;
22534;4827423;1023143936;28344320;1122680832;0;0;0;0;0;0;0;0;0;0;0;2936;0;0;89;0;80;0;
22535;5071962;1023143936;28344320;1122680832;0;0;0;0;0;0;0;0;0;0;0;2746;0;0;89;0;80;0;
22536;6066668;1017880576;21729280;1116065792;0;0;0;0;0;0;0;0;0;0;0;4017;0;0;89;0;80;0;
22537;6948741;1017880576;21729280;1116065792;0;0;0;0;0;0;0;0;0;0;0;51757;0;0;89;0;80;0;
22538;5423731;1017880576;21729280;1116065792;0;0;0;0;0;0;0;0;0;0;0;4068;0;0;89;0;80;0;
22539;6142149;1017880576;21729280;1116065792;0;0;0;0;0;0;0;0;0;0;0;3737;0;0;89;0;80;0;
22540;5733904;1017880576;21729280;1116065792;0;0;0;0;0;0;0;0;0;0;0;2915;0;0;89;0;80;0;
22541;5176338;1017880576;21729280;1116065792;0;0;0;0;0;0;0;0;0;0;0;2946;0;0;89;0;80;0;
22542;3696472;1017880576;21729280;1116065792;0;0;0;0;0;0;0;0;0;0;0;2695;0;0;89;0;80;0;
22543;5443759;1017880576;21729280;1116065792;0;0;0;0;0;0;0;0;0;0;0;2315;0;0;89;0;80;0;
22544;4530957;1017880576;21729280;1116065792;0;0;0;0;0;0;0;0;0;0;0;3006;0;0;89;0;80;0;
22545;5422810;1017880576;21729280;1116065792;0;0;0;0;0;0;0;0;0;0;0;3116;0;0;89;0;80;0;
22546;4859223;1017880576;21729280;1116065792;0;0;0;0;0;0;0;0;0;0;0;2735;0;0;89;0;80;0;
22547;5734915;1017880576;21729280;1116065792;0;0;0;0;0;0;0;0;0;0;0;2554;0;0;89;0;80;0;
22548;4169389;1017880576;21729280;1116065792;0;0;0;0;0;0;0;0;0;0;0;3677;0;0;89;0;80;0;
22549;6811263;1017880576;21729280;1116065792;0;0;0;0;0;0;0;0;0;0;0;2966;0;0;89;0;80;0;
22550;5712042;1017880576;21729280;1116065792;0;0;0;0;0;0;0;0;0;0;0;3748;0;0;89;0;80;0;
22551;5716390;1017880576;21729280;1116065792;0;0;0;0;0;0;0;0;0;0;0;3336;0;0;89;0;80;0;
22552;5894645;1017880576;21729280;1116065792;0;0;0;0;0;0;0;0;0;0;0;2665;0;0;89;0;80;0;
22553;5407030;1017880576;21729280;1116065792;0;0;0;0;0;0;0;0;0;0;0;2565;0;0;89;0;80;0;
22554;6800403;1017880576;21729280;1116065792;0;0;0;0;0;0;0;0;0;0;0;3146;0;0;89;0;80;0;
22555;5235239;1017880576;21729280;1116065792;0;0;0;0;0;0;0;0;0;0;0;2605;0;0;89;0;80;0;
22556;5720228;1017880576;21729280;1116065792;0;0;0;0;0;0;0;0;0;0;0;3036;0;0;89;0;80;0;
22557;5957532;1017880576;21729280;1116065792;0;0;0;0;0;0;0;0;0;0;0;3337;0;0;89;0;80;0;
22558;5408272;1017880576;21729280;1116065792;0;0;0;0;0;0;0;0;0;0;0;3737;0;0;89;0;80;0;
22559;5835684;1017880576;21729280;1116065792;0;0;0;0;0;0;0;0;0;0;0;3837;0;0;89;0;80;0;
22560;5342740;1017880576;21729280;1116065792;0;0;0;0;0;0;0;0;0;0;0;3827;0;0;89;0;80;0;
22561;6668206;1017880576;21729280;1116065792;0;0;0;0;0;0;0;0;0;0;0;3467;0;0;89;0;80;0;
22562;5186847;1017880576;21729280;1116065792;0;0;0;0;0;0;0;0;0;0;0;3447;0;0;89;0;80;0;
22563;6817595;1017880576;21729280;1116065792;0;0;0;0;0;0;0;0;0;0;0;3657;0;0;89;0;80;0;
22564;5448268;1017880576;21729280;1116065792;0;0;0;0;0;0;0;0;0;0;0;2876;0;0;89;0;80;0;
22565;5092460;1017880576;21729280;1116065792;0;0;0;0;0;0;0;0;0;0;0;2935;0;0;89;0;80;0;
22566;7064018;1017880576;21729280;1116065792;0;0;0;0;0;0;0;0;0;0;0;4709;0;0;89;0;80;0;
22567;6112032;1017880576;21729280;1116065792;0;0;0;0;0;0;0;0;0;0;0;3015;0;0;89;0;80;0;
22568;5024753;1017880576;21729280;1116065792;0;0;0;0;0;0;0;0;0;0;0;2705;0;0;89;0;80;0;
22569;5585786;1017880576;21729280;1116065792;0;0;0;0;0;0;0;0;0;0;0;2635;0;0;89;0;80;0;
22570;4920728;1017880576;21729280;1116065792;0;0;0;0;0;0;0;0;0;0;0;2835;0;0;89;0;80;0;
22571;5009384;1017880576;21729280;1116065792;0;0;0;0;0;0;0;0;0;0;0;2916;0;0;89;0;80;0;
22572;5833981;1017880576;21729280;1116065792;0;0;0;0;0;0;0;0;0;0;0;49914;0;0;89;0;80;0;
22573;6892886;1017880576;21729280;1116065792;0;0;0;0;0;0;0;0;0;0;0;2615;0;0;89;0;80;0;
22574;5923298;1017880576;21729280;1116065792;0;0;0;0;0;0;0;0;0;0;0;3066;0;0;89;0;80;0;
22575;6912603;1017880576;21729280;1116065792;0;0;0;0;0;0;0;0;0;0;0;3176;0;0;89;0;80;0;
22576;5224588;1017880576;21729280;1116065792;0;0;0;0;0;0;0;0;0;0;0;2675;0;0;89;0;80;0;
22577;5926575;1017880576;21729280;1116065792;0;0;0;0;0;0;0;0;0;0;0;2835;0;0;89;0;80;0;
22578;5671907;1017880576;21729280;1116065792;0;0;0;0;0;0;0;0;0;0;0;2986;0;0;89;0;80;0;
22579;7311421;1017880576;21729280;1116065792;0;0;0;0;0;0;0;0;0;0;0;2765;0;0;89;0;80;0;
22580;4338336;1017880576;21729280;1116065792;0;0;0;0;0;0;0;0;0;0;0;3477;0;0;89;0;80;0;
22581;6318019;1017880576;21729280;1116065792;0;0;0;0;0;0;0;0;0;0;0;2986;0;0;89;0;80;0;
22582;5921124;1017880576;21729280;1116065792;0;0;0;0;0;0;0;0;0;0;0;3717;0;0;89;0;80;0;
22583;5710699;1017880576;21729280;1116065792;0;0;0;0;0;0;0;0;0;0;0;2875;0;0;89;0;80;0;
22584;6222780;1017880576;21729280;1116065792;0;0;0;0;0;0;0;0;0;0;0;3566;0;0;89;0;80;0;
22585;6646134;1017880576;21729280;1116065792;0;0;0;0;0;0;0;0;0;0;0;3176;0;0;89;0;80;0;
22586;6320583;1017880576;21729280;1116065792;0;0;0;0;0;0;0;0;0;0;0;3226;0;0;89;0;80;0;
22587;5686886;1017880576;21729280;1116065792;0;0;0;0;0;0;0;0;0;0;0;3426;0;0;89;0;80;0;
22588;4961455;1017880576;21729280;1116065792;0;0;0;0;0;0;0;0;0;0;0;2715;0;0;89;0;80;0;
22589;8616749;1017880576;21729280;1116065792;0;0;0;0;0;0;0;0;0;0;0;2575;0;0;89;0;80;0;
22590;10677074;1017880576;21729280;1116065792;0;0;0;0;0;0;0;0;0;0;0;4840;0;0;89;0;80;0;
22591;9100948;1017880576;21729280;1116065792;0;0;0;0;0;0;0;0;0;0;0;4759;0;0;89;0;80;0;
22592;5246739;1017880576;21729280;1116065792;0;0;0;0;0;0;0;0;0;0;0;3587;0;0;89;0;80;0;
22593;6469994;1017880576;21729280;1116065792;0;0;0;0;0;0;0;0;0;0;0;3666;0;0;89;0;80;0;
22594;5293537;1017880576;21729280;1116065792;0;0;0;0;0;0;0;0;0;0;0;4729;0;0;89;0;80;0;
22595;5975957;1017880576;21729280;1116065792;0;0;0;0;0;0;0;0;0;0;0;3386;0;0;89;0;80;0;
22596;5364781;1017880576;21729280;1116065792;0;0;0;0;0;0;0;0;0;0;0;3506;0;0;89;0;80;0;
22597;5410967;1017880576;21729280;1116065792;0;0;0;0;0;0;0;0;0;0;0;3828;0;0;89;0;80;0;
22598;6835950;1017880576;21729280;1116065792;0;0;0;0;0;0;0;0;0;0;0;4418;0;0;89;0;80;0;
22599;10014932;1017880576;21729280;1116065792;0;0;0;0;0;0;0;0;0;0;0;4519;0;0;89;0;80;0;
22600;7651279;1017880576;21729280;1116065792;0;0;0;0;0;0;0;0;0;0;0;5169;0;0;89;0;80;0;
22601;7019895;1017880576;21729280;1116065792;0;0;0;0;0;0;0;0;0;0;0;4408;0;0;89;0;80;0;
22602;6666692;1017880576;21729280;1116065792;0;0;0;0;0;0;0;0;0;0;0;4127;0;0;89;0;80;0;
22603;6492446;1017880576;21729280;1116065792;0;0;0;0;0;0;0;0;0;0;0;3576;0;0;89;0;80;0;
22604;5931684;1017880576;21729280;1116065792;0;0;0;0;0;0;0;0;0;0;0;3927;0;0;89;0;80;0;
22605;6332656;1017880576;21729280;1116065792;0;0;0;0;0;0;0;0;0;0;0;3768;0;0;89;0;80;0;
22606;5736078;1017880576;21729280;1116065792;0;0;0;0;0;0;0;0;0;0;0;5430;0;0;89;0;80;0;
22607;7172491;1017880576;21729280;1116065792;0;0;0;0;0;0;0;0;0;0;0;3556;0;0;89;0;80;0;
22608;4810411;1017880576;21729280;1116065792;0;0;0;0;0;0;0;0;0;0;0;3647;0;0;89;0;80;0;
22609;5605863;1017880576;21729280;1116065792;0;0;0;0;0;0;0;0;0;0;0;2805;0;0;89;0;80;0;
22610;5830725;1017880576;21729280;1116065792;0;0;0;0;0;0;0;0;0;0;0;3857;0;0;89;0;80;0;
22611;5211333;1017880576;21729280;1116065792;0;0;0;0;0;0;0;0;0;0;0;2976;0;0;89;0;80;0;
22612;5741037;1017880576;21729280;1116065792;0;0;0;0;0;0;0;0;0;0;0;3697;0;0;89;0;80;0;
22613;4991060;1017880576;21729280;1116065792;0;0;0;0;0;0;0;0;0;0;0;2955;0;0;89;0;80;0;
22614;4570020;1017880576;21729280;1116065792;0;0;0;0;0;0;0;0;0;0;0;3467;0;0;89;0;80;0;
22615;6331684;1017880576;21729280;1116065792;0;0;0;0;0;0;0;0;0;0;0;2876;0;0;89;0;80;0;
22616;4489690;1017880576;21729280;1116065792;0;0;0;0;0;0;0;0;0;0;0;3456;0;0;89;0;80;0;
22617;6513084;1017880576;21729280;1116065792;0;0;0;0;0;0;0;0;0;0;0;3406;0;0;89;0;80;0;
22618;6124175;1017880576;21729280;1116065792;0;0;0;0;0;0;0;0;0;0;0;240782;0;0;89;0;80;0;
22619;6164300;1017880576;21729280;1116065792;0;0;0;0;0;0;0;0;0;0;0;3697;0;0;89;0;80;0;
22620;6256834;1017880576;21729280;1116065792;0;0;0;0;0;0;0;0;0;0;0;3356;0;0;89;0;80;0;
22621;5968864;1017880576;21729280;1116065792;0;0;0;0;0;0;0;0;0;0;0;3135;0;0;89;0;80;0;
22622;4373191;1017880576;21729280;1116065792;0;0;0;0;0;0;0;0;0;0;0;3406;0;0;89;0;80;0;
22623;6423086;1017880576;21729280;1116065792;0;0;0;0;0;0;0;0;0;0;0;3547;0;0;89;0;80;0;
22624;4704523;1017880576;21729280;1116065792;0;0;0;0;0;0;0;0;0;0;0;3186;0;0;89;0;80;0;
22625;5868305;1017880576;21729280;1116065792;0;0;0;0;0;0;0;0;0;0;0;3817;0;0;89;0;80;0;
22626;5595533;1017880576;21729280;1116065792;0;0;0;0;0;0;0;0;0;0;0;3346;0;0;89;0;80;0;
22627;6563570;1017880576;21729280;1116065792;0;0;0;0;0;0;0;0;0;0;0;2715;0;0;89;0;80;0;
22628;6243690;1017880576;21729280;1116065792;0;0;0;0;0;0;0;0;0;0;0;3958;0;0;89;0;80;0;
22629;7363009;1017880576;21729280;1116065792;0;0;0;0;0;0;0;0;0;0;0;3587;0;0;89;0;80;0;
22630;4875383;1017880576;21729280;1116065792;0;0;0;0;0;0;0;0;0;0;0;4198;0;0;89;0;80;0;
22631;9452306;1017880576;21729280;1116065792;0;0;0;0;0;0;0;0;0;0;0;4369;0;0;89;0;80;0;
22632;8226137;1017880576;21729280;1116065792;0;0;0;0;0;0;0;0;0;0;0;5650;0;0;89;0;80;0;
22633;8363325;1017880576;21729280;1116065792;0;0;0;0;0;0;0;0;0;0;0;4759;0;0;89;0;80;0;
22634;6753335;1017880576;21729280;1116065792;0;0;0;0;0;0;0;0;0;0;0;4689;0;0;89;0;80;0;
22635;5795158;1017880576;21729280;1116065792;0;0;0;0;0;0;0;0;0;0;0;4198;0;0;89;0;80;0;
22636;7342540;1017880576;21729280;1116065792;0;0;0;0;0;0;0;0;0;0;0;4318;0;0;89;0;80;0;
22637;7153796;1017880576;21729280;1116065792;0;0;0;0;0;0;0;0;0;0;0;4970;0;0;89;0;80;0;
22638;6330332;1017880576;21729280;1116065792;0;0;0;0;0;0;0;0;0;0;0;4218;0;0;89;0;80;0;
22639;8676352;1017880576;21729280;1116065792;0;0;0;0;0;0;0;0;0;0;0;5310;0;0;89;0;80;0;
22640;6680889;1017880576;21729280;1116065792;0;0;0;0;0;0;0;0;0;0;0;94787;0;0;89;0;80;0;
22641;6717938;1017880576;21729280;1116065792;0;0;0;0;0;0;0;0;0;0;0;3547;0;0;89;0;80;0;
22642;5512328;1017880576;21729280;1116065792;0;0;0;0;0;0;0;0;0;0;0;3637;0;0;89;0;80;0;
22643;6390284;1017880576;21729280;1116065792;0;0;0;0;0;0;0;0;0;0;0;3146;0;0;89;0;80;0;
22644;6010792;1017880576;21729280;1116065792;0;0;0;0;0;0;0;0;0;0;0;3236;0;0;89;0;80;0;
22645;6586102;1023143936;28344320;1122680832;0;0;0;0;0;0;0;0;0;0;0;3787;0;0;89;0;80;0;
22646;6765598;1023143936;28344320;1122680832;0;0;0;0;0;0;0;0;0;0;0;3847;0;0;89;0;80;0;
22647;5319075;1023143936;28344320;1122680832;0;0;0;0;0;0;0;0;0;0;0;2715;0;0;89;0;80;0;
22648;7146372;1023143936;28344320;1122680832;0;0;0;0;0;0;0;0;0;0;0;4198;0;0;89;0;80;0;
22649;6956415;1023143936;28344320;1122680832;0;0;0;0;0;0;0;0;0;0;0;3276;0;0;89;0;80;0;
22650;5816228;1023143936;28344320;1122680832;0;0;0;0;0;0;0;0;0;0;0;4749;0;0;89;0;80;0;
22651;7086039;1023143936;28344320;1122680832;0;0;0;0;0;0;0;0;0;0;0;4037;0;0;89;0;80;0;
22652;6264408;1023143936;28344320;1122680832;0;0;0;0;0;0;0;0;0;0;0;4198;0;0;89;0;80;0;
22653;5997788;1023143936;28344320;1122680832;0;0;0;0;0;0;0;0;0;0;0;2845;0;0;89;0;80;0;
22654;6228691;1017880576;21729280;1116065792;0;0;0;0;0;0;0;0;0;0;0;3046;0;0;89;0;80;0;
22655;5470169;1017880576;21729280;1116065792;0;0;0;0;0;0;0;0;0;0;0;2184;0;0;89;0;80;0;
22656;5233044;1017880576;21729280;1116065792;0;0;0;0;0;0;0;0;0;0;0;4699;0;0;89;0;80;0;
22657;7284882;1017880576;21729280;1116065792;0;0;0;0;0;0;0;0;0;0;0;3337;0;0;89;0;80;0;
22658;3886238;1017880576;21729280;1116065792;0;0;0;0;0;0;0;0;0;0;0;3657;0;0;89;0;80;0;
22659;6189398;1017880576;21729280;1116065792;0;0;0;0;0;0;0;0;0;0;0;2966;0;0;89;0;80;0;
22660;4696137;1017880576;21729280;1116065792;0;0;0;0;0;0;0;0;0;0;0;3556;0;0;89;0;80;0;
22661;5237112;1017880576;21729280;1116065792;0;0;0;0;0;0;0;0;0;0;0;2695;0;0;89;0;80;0;
22662;5905725;1017880576;21729280;1116065792;0;0;0;0;0;0;0;0;0;0;0;4328;0;0;89;0;80;0;
22663;5743100;1017880576;21733376;1116069888;0;0;0;0;0;0;0;0;0;0;0;3407;0;0;89;0;80;0;
22664;4310614;1017880576;21737472;1116073984;0;0;0;0;0;0;0;0;0;0;0;3837;0;0;89;0;80;0;
22665;6193916;1017880576;21737472;1116073984;0;0;0;0;0;0;0;0;0;0;0;3196;0;0;89;0;80;0;
22666;4426161;1017880576;21737472;1116073984;0;0;0;0;0;0;0;0;0;0;0;3336;0;0;89;0;80;0;
22667;5768519;1017880576;21737472;1116073984;0;0;0;0;0;0;0;0;0;0;0;3657;0;0;89;0;80;0;
22668;4070745;1017880576;21737472;1116073984;0;0;0;0;0;0;0;0;0;0;0;3537;0;0;89;0;80;0;
22669;6139835;1017880576;21737472;1116073984;0;0;0;0;0;0;0;0;0;0;0;5981;0;0;89;0;80;0;
22670;5877984;1017880576;21729280;1116065792;0;0;0;0;0;0;0;0;0;0;0;4819;0;0;89;0;80;0;
22671;5597508;1017880576;21729280;1116065792;0;0;0;0;0;0;0;0;0;0;0;3095;0;0;89;0;80;0;
22672;5007130;1017880576;21729280;1116065792;0;0;0;0;0;0;0;0;0;0;0;3417;0;0;89;0;80;0;
22673;4928513;1017880576;21729280;1116065792;0;0;0;0;0;0;0;0;0;0;0;2675;0;0;89;0;80;0;
22674;3782183;1017880576;21729280;1116065792;0;0;0;0;0;0;0;0;0;0;0;3287;0;0;89;0;80;0;
22675;5547794;1017880576;21729280;1116065792;0;0;0;0;0;0;0;0;0;0;0;2776;0;0;89;0;80;0;
22676;4901943;1017880576;21729280;1116065792;0;0;0;0;0;0;0;0;0;0;0;3496;0;0;89;0;80;0;
22677;5951521;1017880576;21729280;1116065792;0;0;0;0;0;0;0;0;0;0;0;2595;0;0;89;0;80;0;
22678;4854043;1017880576;21729280;1116065792;0;0;0;0;0;0;0;0;0;0;0;3647;0;0;89;0;80;0;
22679;5038519;1017880576;21729280;1116065792;0;0;0;0;0;0;0;0;0;0;0;2595;0;0;89;0;80;0;
22680;4972255;1017880576;21729280;1116065792;0;0;0;0;0;0;0;0;0;0;0;3627;0;0;89;0;80;0;
22681;5770382;1017880576;21729280;1116065792;0;0;0;0;0;0;0;0;0;0;0;2424;0;0;89;0;80;0;
22682;5605092;1017880576;21729280;1116065792;0;0;0;0;0;0;0;0;0;0;0;4017;0;0;89;0;80;0;
22683;5355353;1017880576;21729280;1116065792;0;0;0;0;0;0;0;0;0;0;0;2545;0;0;89;0;80;0;
22684;4181582;1017880576;21729280;1116065792;0;0;0;0;0;0;0;0;0;0;0;4028;0;0;89;0;80;0;
22685;5651168;1017880576;21729280;1116065792;0;0;0;0;0;0;0;0;0;0;0;2755;0;0;89;0;80;0;
22686;3774288;1017880576;21729280;1116065792;0;0;0;0;0;0;0;0;0;0;0;3085;0;0;89;0;80;0;
22687;4856087;1017880576;21729280;1116065792;0;0;0;0;0;0;0;0;0;0;0;2655;0;0;89;0;80;0;
22688;3779949;1017880576;21729280;1116065792;0;0;0;0;0;0;0;0;0;0;0;3246;0;0;89;0;80;0;
22689;5426497;1017880576;21729280;1116065792;0;0;0;0;0;0;0;0;0;0;0;2645;0;0;89;0;80;0;
22690;4478399;1017880576;21729280;1116065792;0;0;0;0;0;0;0;0;0;0;0;3517;0;0;89;0;80;0;
22691;6336182;1017880576;21729280;1116065792;0;0;0;0;0;0;0;0;0;0;0;3036;0;0;89;0;80;0;
22692;4153600;1017880576;21729280;1116065792;0;0;0;0;0;0;0;0;0;0;0;3286;0;0;89;0;80;0;
22693;5523228;1017880576;21729280;1116065792;0;0;0;0;0;0;0;0;0;0;0;2905;0;0;89;0;80;0;
22694;5105485;1017880576;21729280;1116065792;0;0;0;0;0;0;0;0;0;0;0;3216;0;0;89;0;80;0;
22695;4898797;1017880576;21729280;1116065792;0;0;0;0;0;0;0;0;0;0;0;2595;0;0;89;0;80;0;
22696;3738812;1017880576;21729280;1116065792;0;0;0;0;0;0;0;0;0;0;0;3697;0;0;89;0;80;0;
22697;5681014;1017880576;21729280;1116065792;0;0;0;0;0;0;0;0;0;0;0;2965;0;0;89;0;80;0;
22698;4052660;1017880576;21729280;1116065792;0;0;0;0;0;0;0;0;0;0;0;3156;0;0;89;0;80;0;
22699;5244306;1017880576;21729280;1116065792;0;0;0;0;0;0;0;0;0;0;0;2705;0;0;89;0;80;0;
22700;4539743;1017880576;21729280;1116065792;0;0;0;0;0;0;0;0;0;0;0;3376;0;0;89;0;80;0;
22701;6205898;1017880576;21729280;1116065792;0;0;0;0;0;0;0;0;0;0;0;3237;0;0;89;0;80;0;
22702;4165803;1017880576;21729280;1116065792;0;0;0;0;0;0;0;0;0;0;0;3196;0;0;89;0;80;0;
22703;5478474;1017880576;21729280;1116065792;0;0;0;0;0;0;0;0;0;0;0;2675;0;0;89;0;80;0;
22704;4382239;1017880576;21729280;1116065792;0;0;0;0;0;0;0;0;0;0;0;3316;0;0;89;0;80;0;
22705;5069117;1017880576;21729280;1116065792;0;0;0;0;0;0;0;0;0;0;0;3066;0;0;89;0;80;0;
22706;3375851;1017880576;21729280;1116065792;0;0;0;0;0;0;0;0;0;0;0;3025;0;0;89;0;80;0;
22707;5426477;1017880576;21729280;1116065792;0;0;0;0;0;0;0;0;0;0;0;2846;0;0;89;0;80;0;
22708;4684335;1017880576;21729280;1116065792;0;0;0;0;0;0;0;0;0;0;0;3246;0;0;89;0;80;0;
22709;6613142;1017880576;21729280;1116065792;0;0;0;0;0;0;0;0;0;0;0;2995;0;0;89;0;80;0;
22710;3895165;1017880576;21729280;1116065792;0;0;0;0;0;0;0;0;0;0;0;4178;0;0;89;0;80;0;
22711;4484390;1017880576;21729280;1116065792;0;0;0;0;0;0;0;0;0;0;0;2735;0;0;89;0;80;0;
22712;4829197;1017880576;21729280;1116065792;0;0;0;0;0;0;0;0;0;0;0;4008;0;0;89;0;80;0;
22713;6829338;1017880576;21729280;1116065792;0;0;0;0;0;0;0;0;0;0;0;4058;0;0;89;0;80;0;
22714;4973347;1017880576;21729280;1116065792;0;0;0;0;0;0;0;0;0;0;0;4489;0;0;89;0;80;0;
22715;5946763;1017880576;21729280;1116065792;0;0;0;0;0;0;0;0;0;0;0;3587;0;0;89;0;80;0;
22716;3884095;1017880576;21729280;1116065792;0;0;0;0;0;0;0;0;0;0;0;3707;0;0;89;0;80;0;
22717;5244556;1017880576;21729280;1116065792;0;0;0;0;0;0;0;0;0;0;0;2925;0;0;89;0;80;0;
22718;4788720;1017880576;21729280;1116065792;0;0;0;0;0;0;0;0;0;0;0;4278;0;0;89;0;80;0;
22719;4947348;1017880576;21729280;1116065792;0;0;0;0;0;0;0;0;0;0;0;2355;0;0;89;0;80;0;
22720;3419453;1017880576;21729280;1116065792;0;0;0;0;0;0;0;0;0;0;0;3226;0;0;89;0;80;0;
22721;5572220;1017880576;21729280;1116065792;0;0;0;0;0;0;0;0;0;0;0;3446;0;0;89;0;80;0;
22722;4227088;1017880576;21729280;1116065792;0;0;0;0;0;0;0;0;0;0;0;3497;0;0;89;0;80;0;
22723;6334320;1017880576;21729280;1116065792;0;0;0;0;0;0;0;0;0;0;0;3136;0;0;89;0;80;0;
22724;3146761;1017880576;21729280;1116065792;0;0;0;0;0;0;0;0;0;0;0;2965;0;0;89;0;80;0;
22725;5038229;1017880576;21729280;1116065792;0;0;0;0;0;0;0;0;0;0;0;2364;0;0;89;0;80;0;
22726;3683348;1017880576;21729280;1116065792;0;0;0;0;0;0;0;0;0;0;0;3146;0;0;89;0;80;0;
22727;4855035;1017880576;21729280;1116065792;0;0;0;0;0;0;0;0;0;0;0;3166;0;0;89;0;80;0;
22728;4610136;1017880576;21729280;1116065792;0;0;0;0;0;0;0;0;0;0;0;3367;0;0;89;0;80;0;
22729;4563698;1017880576;21729280;1116065792;0;0;0;0;0;0;0;0;0;0;0;2955;0;0;89;0;80;0;
22730;4386296;1017880576;21729280;1116065792;0;0;0;0;0;0;0;0;0;0;0;3377;0;0;89;0;80;0;
22731;4562476;1017880576;21729280;1116065792;0;0;0;0;0;0;0;0;0;0;0;2524;0;0;89;0;80;0;
22732;4262323;1017880576;21729280;1116065792;0;0;0;0;0;0;0;0;0;0;0;2965;0;0;89;0;80;0;
22733;5860972;1017880576;21729280;1116065792;0;0;0;0;0;0;0;0;0;0;0;3016;0;0;89;0;80;0;
22734;3951660;1017880576;21729280;1116065792;0;0;0;0;0;0;0;0;0;0;0;5019;0;0;89;0;80;0;
22735;5481249;1017880576;21729280;1116065792;0;0;0;0;0;0;0;0;0;0;0;2985;0;0;89;0;80;0;
22736;4522893;1017880576;21729280;1116065792;0;0;0;0;0;0;0;0;0;0;0;3297;0;0;89;0;80;0;
22737;5715689;1017880576;21729280;1116065792;0;0;0;0;0;0;0;0;0;0;0;2895;0;0;89;0;80;0;
22738;3960818;1017880576;21729280;1116065792;0;0;0;0;0;0;0;0;0;0;0;2916;0;0;89;0;80;0;
22739;6204716;1023143936;28344320;1122680832;0;0;0;0;0;0;0;0;0;0;0;3025;0;0;89;0;80;0;
22740;4403307;1023143936;28344320;1122680832;0;0;0;0;0;0;0;0;0;0;0;2826;0;0;89;0;80;0;
22741;5106777;1023143936;28344320;1122680832;0;0;0;0;0;0;0;0;0;0;0;2554;0;0;89;0;80;0;
22742;4228180;1023143936;28344320;1122680832;0;0;0;0;0;0;0;0;0;0;0;3115;0;0;89;0;80;0;
22743;5207657;1023143936;28344320;1122680832;0;0;0;0;0;0;0;0;0;0;0;2625;0;0;89;0;80;0;
22744;4413787;1023143936;28344320;1122680832;0;0;0;0;0;0;0;0;0;0;0;3136;0;0;89;0;80;0;
22745;5414334;1023143936;28344320;1122680832;0;0;0;0;0;0;0;0;0;0;0;3016;0;0;89;0;80;0;
22746;3791270;1023143936;28344320;1122680832;0;0;0;0;0;0;0;0;0;0;0;3907;0;0;89;0;80;0;
22747;4821172;1023143936;28344320;1122680832;0;0;0;0;0;0;0;0;0;0;0;2956;0;0;89;0;80;0;
22748;5658152;1017880576;21729280;1116065792;0;0;0;0;0;0;0;0;0;0;0;4669;0;0;89;0;80;0;
22749;5333883;1017880576;21729280;1116065792;0;0;0;0;0;0;0;0;0;0;0;3998;0;0;89;0;80;0;
22750;6705856;1017880576;21729280;1116065792;0;0;0;0;0;0;0;0;0;0;0;4579;0;0;89;0;80;0;
22751;6512233;1017880576;21729280;1116065792;0;0;0;0;0;0;0;0;0;0;0;3997;0;0;89;0;80;0;
22752;5609510;1017880576;21729280;1116065792;0;0;0;0;0;0;0;0;0;0;0;4509;0;0;89;0;80;0;
22753;6035839;1017880576;21729280;1116065792;0;0;0;0;0;0;0;0;0;0;0;3958;0;0;89;0;80;0;
22754;4608342;1017880576;21729280;1116065792;0;0;0;0;0;0;0;0;0;0;0;6993;0;0;89;0;80;0;
22755;5564576;1017880576;21729280;1116065792;0;0;0;0;0;0;0;0;0;0;0;3056;0;0;89;0;80;0;
22756;5380290;1017880576;21729280;1116065792;0;0;0;0;0;0;0;0;0;0;0;5200;0;0;89;0;80;0;
22757;5408753;1017880576;21729280;1116065792;0;0;0;0;0;0;0;0;0;0;0;3326;0;0;89;0;80;0;
22758;6233440;1017880576;21729280;1116065792;0;0;0;0;0;0;0;0;0;0;0;4388;0;0;89;0;80;0;
22759;5833480;1017880576;21729280;1116065792;0;0;0;0;0;0;0;0;0;0;0;3216;0;0;89;0;80;0;
22760;4896502;1017880576;21729280;1116065792;0;0;0;0;0;0;0;0;0;0;0;2835;0;0;89;0;80;0;
22761;4783782;1017880576;21729280;1116065792;0;0;0;0;0;0;0;0;0;0;0;2315;0;0;89;0;80;0;
22762;5262589;1017880576;21729280;1116065792;0;0;0;0;0;0;0;0;0;0;0;3887;0;0;89;0;80;0;
22763;5119792;1017880576;21733376;1116069888;0;0;0;0;0;0;0;0;0;0;0;3967;0;0;89;0;80;0;
22764;5792623;1017880576;21737472;1116073984;0;0;0;0;0;0;0;0;0;0;0;5941;0;0;89;0;80;0;
22765;5391942;1017880576;21737472;1116073984;0;0;0;0;0;0;0;0;0;0;0;3146;0;0;89;0;80;0;
22766;3649674;1017880576;21737472;1116073984;0;0;0;0;0;0;0;0;0;0;0;2625;0;0;89;0;80;0;
22767;4316165;1017880576;21737472;1116073984;0;0;0;0;0;0;0;0;0;0;0;2434;0;0;89;0;80;0;
22768;4114216;1017880576;21737472;1116073984;0;0;0;0;0;0;0;0;0;0;0;2915;0;0;89;0;80;0;
22769;10163521;1017880576;21737472;1116073984;0;0;0;0;0;0;0;0;0;0;0;2464;0;0;89;0;80;0;
22770;2971944;1017880576;21729280;1116065792;0;0;0;0;0;0;0;0;0;0;0;3286;0;0;89;0;80;0;
22771;4745639;1017880576;21729280;1116065792;0;0;0;0;0;0;0;0;0;0;0;2284;0;0;89;0;80;0;
22772;3330466;1017880576;21729280;1116065792;0;0;0;0;0;0;0;0;0;0;0;3046;0;0;89;0;80;0;
22773;5472273;1017880576;21729280;1116065792;0;0;0;0;0;0;0;0;0;0;0;2234;0;0;89;0;80;0;
22774;2869742;1017880576;21729280;1116065792;0;0;0;0;0;0;0;0;0;0;0;2795;0;0;89;0;80;0;
22775;5385079;1017880576;21729280;1116065792;0;0;0;0;0;0;0;0;0;0;0;2264;0;0;89;0;80;0;
22776;3932155;1017880576;21729280;1116065792;0;0;0;0;0;0;0;0;0;0;0;2906;0;0;89;0;80;0;
22777;4444585;1017880576;21729280;1116065792;0;0;0;0;0;0;0;0;0;0;0;1964;0;0;89;0;80;0;
22778;3401470;1017880576;21729280;1116065792;0;0;0;0;0;0;0;0;0;0;0;3076;0;0;89;0;80;0;
22779;4878389;1017880576;21729280;1116065792;0;0;0;0;0;0;0;0;0;0;0;2274;0;0;89;0;80;0;
22780;2970862;1017880576;21729280;1116065792;0;0;0;0;0;0;0;0;0;0;0;3106;0;0;89;0;80;0;
22781;4852871;1017880576;21729280;1116065792;0;0;0;0;0;0;0;0;0;0;0;2845;0;0;89;0;80;0;
22782;4271160;1017880576;21729280;1116065792;0;0;0;0;0;0;0;0;0;0;0;3176;0;0;89;0;80;0;
22783;5219558;1017880576;21729280;1116065792;0;0;0;0;0;0;0;0;0;0;0;2916;0;0;89;0;80;0;
22784;3418080;1017880576;21729280;1116065792;0;0;0;0;0;0;0;0;0;0;0;3016;0;0;89;0;80;0;
22785;5289841;1017880576;21729280;1116065792;0;0;0;0;0;0;0;0;0;0;0;2795;0;0;89;0;80;0;
22786;5299749;1017880576;21729280;1116065792;0;0;0;0;0;0;0;0;0;0;0;4369;0;0;89;0;80;0;
22787;5761525;1017880576;21729280;1116065792;0;0;0;0;0;0;0;0;0;0;0;3055;0;0;89;0;80;0;
22788;4082596;1017880576;21729280;1116065792;0;0;0;0;0;0;0;0;0;0;0;3507;0;0;89;0;80;0;
22789;5691534;1017880576;21729280;1116065792;0;0;0;0;0;0;0;0;0;0;0;2855;0;0;89;0;80;0;
22790;4683784;1017880576;21729280;1116065792;0;0;0;0;0;0;0;0;0;0;0;3106;0;0;89;0;80;0;
22791;4907443;1017880576;21729280;1116065792;0;0;0;0;0;0;0;0;0;0;0;2955;0;0;89;0;80;0;
22792;3842316;1017880576;21729280;1116065792;0;0;0;0;0;0;0;0;0;0;0;2975;0;0;89;0;80;0;
22793;5341978;1017880576;21729280;1116065792;0;0;0;0;0;0;0;0;0;0;0;2415;0;0;89;0;80;0;
22794;5436946;1017880576;21729280;1116065792;0;0;0;0;0;0;0;0;0;0;0;3686;0;0;89;0;80;0;
22795;5576017;1017880576;21729280;1116065792;0;0;0;0;0;0;0;0;0;0;0;3366;0;0;89;0;80;0;
22796;4771278;1017880576;21729280;1116065792;0;0;0;0;0;0;0;0;0;0;0;2755;0;0;89;0;80;0;
22797;5690242;1017880576;21729280;1116065792;0;0;0;0;0;0;0;0;0;0;0;2946;0;0;89;0;80;0;
22798;3862895;1017880576;21729280;1116065792;0;0;0;0;0;0;0;0;0;0;0;2945;0;0;89;0;80;0;
22799;5179554;1017880576;21729280;1116065792;0;0;0;0;0;0;0;0;0;0;0;2875;0;0;89;0;80;0;
22800;5303787;1017880576;21729280;1116065792;0;0;0;0;0;0;0;0;0;0;0;3998;0;0;89;0;80;0;
22801;6379233;1017880576;21729280;1116065792;0;0;0;0;0;0;0;0;0;0;0;3487;0;0;89;0;80;0;
22802;5182199;1017880576;21729280;1116065792;0;0;0;0;0;0;0;0;0;0;0;3176;0;0;89;0;80;0;
22803;5129450;1017880576;21729280;1116065792;0;0;0;0;0;0;0;0;0;0;0;3466;0;0;89;0;80;0;
22804;3638945;1017880576;21729280;1116065792;0;0;0;0;0;0;0;0;0;0;0;2595;0;0;89;0;80;0;
22805;4913274;1017880576;21729280;1116065792;0;0;0;0;0;0;0;0;0;0;0;2385;0;0;89;0;80;0;
22806;6726274;1017880576;21729280;1116065792;0;0;0;0;0;0;0;0;0;0;0;4298;0;0;89;0;80;0;
22807;5898251;1017880576;21729280;1116065792;0;0;0;0;0;0;0;0;0;0;0;4749;0;0;89;0;80;0;
22808;3997076;1017880576;21729280;1116065792;0;0;0;0;0;0;0;0;0;0;0;5100;0;0;89;0;80;0;
22809;5443398;1017880576;21729280;1116065792;0;0;0;0;0;0;0;0;0;0;0;3326;0;0;89;0;80;0;
22810;5623436;1017880576;21729280;1116065792;0;0;0;0;0;0;0;0;0;0;0;4769;0;0;89;0;80;0;
22811;5442346;1017880576;21729280;1116065792;0;0;0;0;0;0;0;0;0;0;0;3316;0;0;89;0;80;0;
22812;6014239;1017880576;21729280;1116065792;0;0;0;0;0;0;0;0;0;0;0;5120;0;0;89;0;80;0;
22813;6303141;1017880576;21729280;1116065792;0;0;0;0;0;0;0;0;0;0;0;3236;0;0;89;0;80;0;
22814;7485959;1017880576;21729280;1116065792;0;0;0;0;0;0;0;0;0;0;0;4538;0;0;89;0;80;0;
22815;6490632;1017880576;21729280;1116065792;0;0;0;0;0;0;0;0;0;0;0;3958;0;0;89;0;80;0;
22816;6016293;1017880576;21729280;1116065792;0;0;0;0;0;0;0;0;0;0;0;4548;0;0;89;0;80;0;
22817;5761786;1017880576;21729280;1116065792;0;0;0;0;0;0;0;0;0;0;0;3407;0;0;89;0;80;0;
22818;5967621;1017880576;21729280;1116065792;0;0;0;0;0;0;0;0;0;0;0;4718;0;0;89;0;80;0;
22819;4900570;1017880576;21729280;1116065792;0;0;0;0;0;0;0;0;0;0;0;2905;0;0;89;0;80;0;
22820;5376503;1017880576;21729280;1116065792;0;0;0;0;0;0;0;0;0;0;0;4819;0;0;89;0;80;0;
22821;6804651;1017880576;21729280;1116065792;0;0;0;0;0;0;0;0;0;0;0;2645;0;0;89;0;80;0;
22822;6847923;1017880576;21729280;1116065792;0;0;0;0;0;0;0;0;0;0;0;4488;0;0;89;0;80;0;
22823;6382941;1017880576;21729280;1116065792;0;0;0;0;0;0;0;0;0;0;0;3287;0;0;89;0;80;0;
22824;6071175;1017880576;21729280;1116065792;0;0;0;0;0;0;0;0;0;0;0;4438;0;0;89;0;80;0;
22825;6522302;1017880576;21729280;1116065792;0;0;0;0;0;0;0;0;0;0;0;4108;0;0;89;0;80;0;
22826;9092993;1017880576;21729280;1116065792;0;0;0;0;0;0;0;0;0;0;0;4538;0;0;89;0;80;0;
22827;6900872;1017880576;21729280;1116065792;0;0;0;0;0;0;0;0;0;0;0;3477;0;0;89;0;80;0;
22828;6977877;1017880576;21729280;1116065792;0;0;0;0;0;0;0;0;0;0;0;12243;0;0;89;0;80;0;
22829;7849281;1017880576;21729280;1116065792;0;0;0;0;0;0;0;0;0;0;0;3627;0;0;89;0;80;0;
22830;7600303;1017880576;21729280;1116065792;0;0;0;0;0;0;0;0;0;0;0;4789;0;0;89;0;80;0;
22831;6975572;1017880576;21729280;1116065792;0;0;0;0;0;0;0;0;0;0;0;5330;0;0;89;0;80;0;
22832;5814023;1017880576;21729280;1116065792;0;0;0;0;0;0;0;0;0;0;0;4107;0;0;89;0;80;0;
22833;8234893;1023143936;28344320;1122680832;0;0;0;0;0;0;0;0;0;0;0;3967;0;0;89;0;80;0;
22834;4787869;1023143936;28344320;1122680832;0;0;0;0;0;0;0;0;0;0;0;4508;0;0;89;0;80;0;
22835;7064859;1023143936;28344320;1122680832;0;0;0;0;0;0;0;0;0;0;0;2635;0;0;89;0;80;0;
22836;4077056;1023143936;28344320;1122680832;0;0;0;0;0;0;0;0;0;0;0;3526;0;0;89;0;80;0;
22837;5708285;1023143936;28344320;1122680832;0;0;0;0;0;0;0;0;0;0;0;3096;0;0;89;0;80;0;
22838;6836891;1023143936;28344320;1122680832;0;0;0;0;0;0;0;0;0;0;0;4539;0;0;89;0;80;0;
22839;5975907;1023143936;28344320;1122680832;0;0;0;0;0;0;0;0;0;0;0;3897;0;0;89;0;80;0;
22840;5588100;1023143936;28344320;1122680832;0;0;0;0;0;0;0;0;0;0;0;4739;0;0;89;0;80;0;
22841;6103576;1023143936;28344320;1122680832;0;0;0;0;0;0;0;0;0;0;0;3407;0;0;89;0;80;0;
22842;6069052;1017880576;21729280;1116065792;0;0;0;0;0;0;0;0;0;0;0;4979;0;0;89;0;80;0;
22843;6295106;1017880576;21729280;1116065792;0;0;0;0;0;0;0;0;0;0;0;3256;0;0;89;0;80;0;
22844;6189678;1017880576;21729280;1116065792;0;0;0;0;0;0;0;0;0;0;0;5190;0;0;89;0;80;0;
22845;6746162;1017880576;21729280;1116065792;0;0;0;0;0;0;0;0;0;0;0;5189;0;0;89;0;80;0;
22846;5324305;1017880576;21729280;1116065792;0;0;0;0;0;0;0;0;0;0;0;3877;0;0;89;0;80;0;
22847;7335106;1017880576;21729280;1116065792;0;0;0;0;0;0;0;0;0;0;0;4107;0;0;89;0;80;0;
22848;6164270;1017880576;21729280;1116065792;0;0;0;0;0;0;0;0;0;0;0;4880;0;0;89;0;80;0;
22849;6232819;1017880576;21729280;1116065792;0;0;0;0;0;0;0;0;0;0;0;3536;0;0;89;0;80;0;
22850;6611550;1017880576;21729280;1116065792;0;0;0;0;0;0;0;0;0;0;0;5060;0;0;89;0;80;0;
22851;8464344;1017880576;21729280;1116065792;0;0;0;0;0;0;0;0;0;0;0;4669;0;0;89;0;80;0;
22852;4601640;1017880576;21729280;1116065792;0;0;0;0;0;0;0;0;0;0;0;4348;0;0;89;0;80;0;
22853;8942360;1017880576;21733376;1116069888;0;0;0;0;0;0;0;0;0;0;0;3878;0;0;89;0;80;0;
22854;6421903;1017880576;21737472;1116073984;0;0;0;0;0;0;0;0;0;0;0;4488;0;0;89;0;80;0;
22855;6043013;1017880576;21737472;1116073984;0;0;0;0;0;0;0;0;0;0;0;3757;0;0;89;0;80;0;
22856;5934400;1017880576;21737472;1116073984;0;0;0;0;0;0;0;0;0;0;0;3858;0;0;89;0;80;0;
22857;7996596;1017880576;21737472;1116073984;0;0;0;0;0;0;0;0;0;0;0;4498;0;0;89;0;80;0;
22858;5595203;1017880576;21737472;1116073984;0;0;0;0;0;0;0;0;0;0;0;4869;0;0;89;0;80;0;
22859;7329726;1017880576;21737472;1116073984;0;0;0;0;0;0;0;0;0;0;0;3537;0;0;89;0;80;0;
22860;6396315;1017880576;21729280;1116065792;0;0;0;0;0;0;0;0;0;0;0;3867;0;0;89;0;80;0;
22861;6556586;1017880576;21729280;1116065792;0;0;0;0;0;0;0;0;0;0;0;3377;0;0;89;0;80;0;
22862;6413718;1017880576;21729280;1116065792;0;0;0;0;0;0;0;0;0;0;0;5080;0;0;89;0;80;0;
22863;7974024;1017880576;21729280;1116065792;0;0;0;0;0;0;0;0;0;0;0;4408;0;0;89;0;80;0;
22864;3821256;1017880576;21729280;1116065792;0;0;0;0;0;0;0;0;0;0;0;3707;0;0;89;0;80;0;
22865;6805874;1017880576;21729280;1116065792;0;0;0;0;0;0;0;0;0;0;0;3136;0;0;89;0;80;0;
22866;6111401;1017880576;21729280;1116065792;0;0;0;0;0;0;0;0;0;0;0;3376;0;0;89;0;80;0;
22867;6277372;1017880576;21729280;1116065792;0;0;0;0;0;0;0;0;0;0;0;3557;0;0;89;0;80;0;
22868;5916867;1017880576;21729280;1116065792;0;0;0;0;0;0;0;0;0;0;0;4979;0;0;89;0;80;0;
22869;5877333;1017880576;21729280;1116065792;0;0;0;0;0;0;0;0;0;0;0;2905;0;0;89;0;80;0;
22870;5622274;1017880576;21729280;1116065792;0;0;0;0;0;0;0;0;0;0;0;3857;0;0;89;0;80;0;
22871;6517793;1017880576;21729280;1116065792;0;0;0;0;0;0;0;0;0;0;0;3787;0;0;89;0;80;0;
22872;7521525;1017880576;21729280;1116065792;0;0;0;0;0;0;0;0;0;0;0;3637;0;0;89;0;80;0;
22873;9872825;1017880576;21729280;1116065792;0;0;0;0;0;0;0;0;0;0;0;5039;0;0;89;0;80;0;
22874;6032744;1017880576;21729280;1116065792;0;0;0;0;0;0;0;0;0;0;0;5080;0;0;89;0;80;0;
22875;6495402;1017880576;21729280;1116065792;0;0;0;0;0;0;0;0;0;0;0;4379;0;0;89;0;80;0;
22876;6983878;1017880576;21729280;1116065792;0;0;0;0;0;0;0;0;0;0;0;4319;0;0;89;0;80;0;
22877;6671261;1017880576;21729280;1116065792;0;0;0;0;0;0;0;0;0;0;0;3927;0;0;89;0;80;0;
22878;5888533;1017880576;21729280;1116065792;0;0;0;0;0;0;0;0;0;0;0;3958;0;0;89;0;80;0;
22879;6598935;1017880576;21729280;1116065792;0;0;0;0;0;0;0;0;0;0;0;3907;0;0;89;0;80;0;
22880;5271527;1017880576;21729280;1116065792;0;0;0;0;0;0;0;0;0;0;0;3837;0;0;89;0;80;0;
22881;5483875;1017880576;21729280;1116065792;0;0;0;0;0;0;0;0;0;0;0;3617;0;0;89;0;80;0;
22882;6926951;1017880576;21729280;1116065792;0;0;0;0;0;0;0;0;0;0;0;4068;0;0;89;0;80;0;
22883;5434932;1017880576;21729280;1116065792;0;0;0;0;0;0;0;0;0;0;0;3287;0;0;89;0;80;0;
22884;6268656;1017880576;21729280;1116065792;0;0;0;0;0;0;0;0;0;0;0;3236;0;0;89;0;80;0;
22885;6353585;1017880576;21729280;1116065792;0;0;0;0;0;0;0;0;0;0;0;3456;0;0;89;0;80;0;
22886;6484841;1017880576;21729280;1116065792;0;0;0;0;0;0;0;0;0;0;0;3487;0;0;89;0;80;0;
22887;6781558;1017880576;21729280;1116065792;0;0;0;0;0;0;0;0;0;0;0;6212;0;0;89;0;80;0;
22888;6337665;1017880576;21729280;1116065792;0;0;0;0;0;0;0;0;0;0;0;3276;0;0;89;0;80;0;
22889;7348972;1017880576;21729280;1116065792;0;0;0;0;0;0;0;0;0;0;0;3527;0;0;89;0;80;0;
22890;7259785;1017880576;21729280;1116065792;0;0;0;0;0;0;0;0;0;0;0;3897;0;0;89;0;80;0;
22891;6757163;1017880576;21729280;1116065792;0;0;0;0;0;0;0;0;0;0;0;4719;0;0;89;0;80;0;
22892;5672297;1017880576;21729280;1116065792;0;0;0;0;0;0;0;0;0;0;0;4278;0;0;89;0;80;0;
22893;5719757;1017880576;21729280;1116065792;0;0;0;0;0;0;0;0;0;0;0;3646;0;0;89;0;80;0;
22894;6162747;1017880576;21729280;1116065792;0;0;0;0;0;0;0;0;0;0;0;3918;0;0;89;0;80;0;
22895;5862765;1017880576;21729280;1116065792;0;0;0;0;0;0;0;0;0;0;0;3927;0;0;89;0;80;0;
22896;4166133;1017880576;21729280;1116065792;0;0;0;0;0;0;0;0;0;0;0;3697;0;0;89;0;80;0;
22897;7056474;1017880576;21729280;1116065792;0;0;0;0;0;0;0;0;0;0;0;3997;0;0;89;0;80;0;
22898;6587434;1017880576;21729280;1116065792;0;0;0;0;0;0;0;0;0;0;0;4018;0;0;89;0;80;0;
22899;6390765;1017880576;21729280;1116065792;0;0;0;0;0;0;0;0;0;0;0;3436;0;0;89;0;80;0;
22900;5399617;1017880576;21729280;1116065792;0;0;0;0;0;0;0;0;0;0;0;3427;0;0;89;0;80;0;
22901;6757122;1017880576;21729280;1116065792;0;0;0;0;0;0;0;0;0;0;0;3347;0;0;89;0;80;0;
22902;6526630;1017880576;21729280;1116065792;0;0;0;0;0;0;0;0;0;0;0;3998;0;0;89;0;80;0;
22903;4925998;1017880576;21729280;1116065792;0;0;0;0;0;0;0;0;0;0;0;2925;0;0;89;0;80;0;
22904;5295411;1017880576;21729280;1116065792;0;0;0;0;0;0;0;0;0;0;0;3547;0;0;89;0;80;0;
22905;5785330;1017880576;21729280;1116065792;0;0;0;0;0;0;0;0;0;0;0;2836;0;0;89;0;80;0;
22906;4941497;1017880576;21729280;1116065792;0;0;0;0;0;0;0;0;0;0;0;4318;0;0;89;0;80;0;
22907;5602457;1017880576;21729280;1116065792;0;0;0;0;0;0;0;0;0;0;0;2765;0;0;89;0;80;0;
22908;5982619;1017880576;21729280;1116065792;0;0;0;0;0;0;0;0;0;0;0;3667;0;0;89;0;80;0;
22909;6430530;1017880576;21729280;1116065792;0;0;0;0;0;0;0;0;0;0;0;3116;0;0;89;0;80;0;
22910;5944478;1017880576;21729280;1116065792;0;0;0;0;0;0;0;0;0;0;0;3607;0;0;89;0;80;0;
22911;7329445;1017880576;21729280;1116065792;0;0;0;0;0;0;0;0;0;0;0;3537;0;0;89;0;80;0;
22912;5909523;1017880576;21729280;1116065792;0;0;0;0;0;0;0;0;0;0;0;3507;0;0;89;0;80;0;
22913;6595879;1017880576;21729280;1116065792;0;0;0;0;0;0;0;0;0;0;0;4178;0;0;89;0;80;0;
22914;6342555;1017880576;21729280;1116065792;0;0;0;0;0;0;0;0;0;0;0;3747;0;0;89;0;80;0;
22915;5422549;1017880576;21729280;1116065792;0;0;0;0;0;0;0;0;0;0;0;3246;0;0;89;0;80;0;
22916;4231956;1017880576;21729280;1116065792;0;0;0;0;0;0;0;0;0;0;0;2975;0;0;89;0;80;0;
22917;5717012;1017880576;21729280;1116065792;0;0;0;0;0;0;0;0;0;0;0;2555;0;0;89;0;80;0;
22918;4528593;1017880576;21729280;1116065792;0;0;0;0;0;0;0;0;0;0;0;3586;0;0;89;0;80;0;
22919;6060025;1017880576;21729280;1116065792;0;0;0;0;0;0;0;0;0;0;0;2475;0;0;89;0;80;0;
22920;3994431;1017880576;21729280;1116065792;0;0;0;0;0;0;0;0;0;0;0;3126;0;0;89;0;80;0;
22921;6031902;1017880576;21729280;1116065792;0;0;0;0;0;0;0;0;0;0;0;2675;0;0;89;0;80;0;
22922;4641214;1017880576;21729280;1116065792;0;0;0;0;0;0;0;0;0;0;0;2845;0;0;89;0;80;0;
22923;5476180;1017880576;21729280;1116065792;0;0;0;0;0;0;0;0;0;0;0;2023;0;0;89;0;80;0;
22924;3125181;1017880576;21729280;1116065792;0;0;0;0;0;0;0;0;0;0;0;2885;0;0;89;0;80;0;
22925;5030805;1017880576;21729280;1116065792;0;0;0;0;0;0;0;0;0;0;0;2004;0;0;89;0;80;0;
22926;4822294;1017880576;21729280;1116065792;0;0;0;0;0;0;0;0;0;0;0;3446;0;0;89;0;80;0;
22927;6368583;1023143936;28344320;1122680832;0;0;0;0;0;0;0;0;0;0;0;3326;0;0;89;0;80;0;
22928;3063596;1023143936;28344320;1122680832;0;0;0;0;0;0;0;0;0;0;0;3757;0;0;89;0;80;0;
22929;5253612;1023143936;28344320;1122680832;0;0;0;0;0;0;0;0;0;0;0;2685;0;0;89;0;80;0;
22930;5555709;1023143936;28344320;1122680832;0;0;0;0;0;0;0;0;0;0;0;3035;0;0;89;0;80;0;
22931;4938862;1023143936;28344320;1122680832;0;0;0;0;0;0;0;0;0;0;0;2215;0;0;89;0;80;0;
22932;3256196;1023143936;28344320;1122680832;0;0;0;0;0;0;0;0;0;0;0;2485;0;0;89;0;80;0;
22933;5423722;1023143936;28344320;1122680832;0;0;0;0;0;0;0;0;0;0;0;2164;0;0;89;0;80;0;
22934;2917221;1023143936;28344320;1122680832;0;0;0;0;0;0;0;0;0;0;0;2024;0;0;89;0;80;0;
22935;4763733;1023143936;28344320;1122680832;0;0;0;0;0;0;0;0;0;0;0;2124;0;0;89;0;80;0;
22936;2982093;1017880576;21729280;1116065792;0;0;0;0;0;0;0;0;0;0;0;2374;0;0;89;0;80;0;
22937;5592909;1017880576;21729280;1116065792;0;0;0;0;0;0;0;0;0;0;0;2405;0;0;89;0;80;0;
22938;4193113;1017880576;21729280;1116065792;0;0;0;0;0;0;0;0;0;0;0;2344;0;0;89;0;80;0;
22939;4324740;1017880576;21729280;1116065792;0;0;0;0;0;0;0;0;0;0;0;1984;0;0;89;0;80;0;
22940;4027012;1017880576;21729280;1116065792;0;0;0;0;0;0;0;0;0;0;0;2124;0;0;89;0;80;0;
22941;5230429;1017880576;21729280;1116065792;0;0;0;0;0;0;0;0;0;0;0;2044;0;0;89;0;80;0;
22942;3651828;1017880576;21729280;1116065792;0;0;0;0;0;0;0;0;0;0;0;3486;0;0;89;0;80;0;
22943;10579941;1017880576;21729280;1116065792;0;0;0;0;0;0;0;0;0;0;0;2284;0;0;89;0;80;0;
22944;5304879;1017880576;21729280;1116065792;0;0;0;0;0;0;0;0;0;0;0;7093;0;0;89;0;80;0;
22945;6565232;1017880576;21729280;1116065792;0;0;0;0;0;0;0;0;0;0;0;2875;0;0;89;0;80;0;
22946;3298787;1017880576;21729280;1116065792;0;0;0;0;0;0;0;0;0;0;0;3607;0;0;89;0;80;0;
22947;6010733;1017880576;21729280;1116065792;0;0;0;0;0;0;0;0;0;0;0;4859;0;0;89;0;80;0;
22948;5064839;1017880576;21729280;1116065792;0;0;0;0;0;0;0;0;0;0;0;3937;0;0;89;0;80;0;
22949;5600123;1017880576;21729280;1116065792;0;0;0;0;0;0;0;0;0;0;0;2845;0;0;89;0;80;0;
22950;4754427;1017880576;21729280;1116065792;0;0;0;0;0;0;0;0;0;0;0;3386;0;0;89;0;80;0;
22951;4858211;1017880576;21729280;1116065792;0;0;0;0;0;0;0;0;0;0;0;2204;0;0;89;0;80;0;
22952;4224252;1017880576;21729280;1116065792;0;0;0;0;0;0;0;0;0;0;0;3406;0;0;89;0;80;0;
22953;5377935;1017880576;21729280;1116065792;0;0;0;0;0;0;0;0;0;0;0;2876;0;0;89;0;80;0;
22954;5749843;1017880576;21729280;1116065792;0;0;0;0;0;0;0;0;0;0;0;4539;0;0;89;0;80;0;
22955;6572095;1017880576;21729280;1116065792;0;0;0;0;0;0;0;0;0;0;0;3777;0;0;89;0;80;0;
22956;5181507;1017880576;21729280;1116065792;0;0;0;0;0;0;0;0;0;0;0;3717;0;0;89;0;80;0;
22957;7454781;1017880576;21729280;1116065792;0;0;0;0;0;0;0;0;0;0;0;4679;0;0;89;0;80;0;
22958;4196019;1017880576;21729280;1116065792;0;0;0;0;0;0;0;0;0;0;0;3797;0;0;89;0;80;0;
22959;7083004;1017880576;21729280;1116065792;0;0;0;0;0;0;0;0;0;0;0;4449;0;0;89;0;80;0;
22960;4320432;1017880576;21729280;1116065792;0;0;0;0;0;0;0;0;0;0;0;4519;0;0;89;0;80;0;
22961;5324516;1017880576;21729280;1116065792;0;0;0;0;0;0;0;0;0;0;0;3426;0;0;89;0;80;0;
22962;4429948;1017880576;21729280;1116065792;0;0;0;0;0;0;0;0;0;0;0;4278;0;0;89;0;80;0;
22963;6094619;1017880576;21729280;1116065792;0;0;0;0;0;0;0;0;0;0;0;2555;0;0;89;0;80;0;
22964;4700265;1017880576;21729280;1116065792;0;0;0;0;0;0;0;0;0;0;0;5751;0;0;89;0;80;0;
22965;6855727;1017880576;21729280;1116065792;0;0;0;0;0;0;0;0;0;0;0;3817;0;0;89;0;80;0;
22966;5707594;1017880576;21729280;1116065792;0;0;0;0;0;0;0;0;0;0;0;4368;0;0;89;0;80;0;
22967;6475914;1017880576;21729280;1116065792;0;0;0;0;0;0;0;0;0;0;0;3897;0;0;89;0;80;0;
22968;6024719;1017880576;21729280;1116065792;0;0;0;0;0;0;0;0;0;0;0;3787;0;0;89;0;80;0;
22969;6158569;1017880576;21729280;1116065792;0;0;0;0;0;0;0;0;0;0;0;3366;0;0;89;0;80;0;
22970;5404926;1017880576;21729280;1116065792;0;0;0;0;0;0;0;0;0;0;0;4028;0;0;89;0;80;0;
22971;7942285;1017880576;21729280;1116065792;0;0;0;0;0;0;0;0;0;0;0;3667;0;0;89;0;80;0;
22972;5858648;1017880576;21729280;1116065792;0;0;0;0;0;0;0;0;0;0;0;3867;0;0;89;0;80;0;
22973;7238695;1017880576;21729280;1116065792;0;0;0;0;0;0;0;0;0;0;0;3877;0;0;89;0;80;0;
22974;4819178;1017880576;21729280;1116065792;0;0;0;0;0;0;0;0;0;0;0;2976;0;0;89;0;80;0;
22975;6440138;1017880576;21729280;1116065792;0;0;0;0;0;0;0;0;0;0;0;2695;0;0;89;0;80;0;
22976;4341542;1017880576;21729280;1116065792;0;0;0;0;0;0;0;0;0;0;0;2946;0;0;89;0;80;0;
22977;5913410;1017880576;21729280;1116065792;0;0;0;0;0;0;0;0;0;0;0;2235;0;0;89;0;80;0;
22978;4775866;1017880576;21729280;1116065792;0;0;0;0;0;0;0;0;0;0;0;2745;0;0;89;0;80;0;
22979;7429393;1017880576;21729280;1116065792;0;0;0;0;0;0;0;0;0;0;0;4458;0;0;89;0;80;0;
22980;5985114;1017880576;21729280;1116065792;0;0;0;0;0;0;0;0;0;0;0;5851;0;0;89;0;80;0;
22981;6205437;1017880576;21729280;1116065792;0;0;0;0;0;0;0;0;0;0;0;5480;0;0;89;0;80;0;
22982;5184303;1017880576;21729280;1116065792;0;0;0;0;0;0;0;0;0;0;0;3356;0;0;89;0;80;0;
22983;6221598;1017880576;21729280;1116065792;0;0;0;0;0;0;0;0;0;0;0;2465;0;0;89;0;80;0;
22984;5156260;1017880576;21729280;1116065792;0;0;0;0;0;0;0;0;0;0;0;4047;0;0;89;0;80;0;
22985;5635479;1017880576;21729280;1116065792;0;0;0;0;0;0;0;0;0;0;0;2696;0;0;89;0;80;0;
22986;4259368;1017880576;21729280;1116065792;0;0;0;0;0;0;0;0;0;0;0;3838;0;0;89;0;80;0;
22987;5825215;1017880576;21729280;1116065792;0;0;0;0;0;0;0;0;0;0;0;3176;0;0;89;0;80;0;
22988;5055881;1017880576;21729280;1116065792;0;0;0;0;0;0;0;0;0;0;0;3998;0;0;89;0;80;0;
22989;7149318;1017880576;21729280;1116065792;0;0;0;0;0;0;0;0;0;0;0;3737;0;0;89;0;80;0;
22990;4510479;1017880576;21729280;1116065792;0;0;0;0;0;0;0;0;0;0;0;4088;0;0;89;0;80;0;
22991;6918705;1017880576;21729280;1116065792;0;0;0;0;0;0;0;0;0;0;0;2996;0;0;89;0;80;0;
22992;3927797;1017880576;21729280;1116065792;0;0;0;0;0;0;0;0;0;0;0;3868;0;0;89;0;80;0;
22993;5186166;1017880576;21729280;1116065792;0;0;0;0;0;0;0;0;0;0;0;2755;0;0;89;0;80;0;
22994;3986766;1017880576;21729280;1116065792;0;0;0;0;0;0;0;0;0;0;0;3136;0;0;89;0;80;0;
22995;5333903;1017880576;21729280;1116065792;0;0;0;0;0;0;0;0;0;0;0;3216;0;0;89;0;80;0;
22996;3840503;1017880576;21729280;1116065792;0;0;0;0;0;0;0;0;0;0;0;3576;0;0;89;0;80;0;
22997;5639977;1017880576;21729280;1116065792;0;0;0;0;0;0;0;0;0;0;0;2755;0;0;89;0;80;0;
22998;5108670;1017880576;21729280;1116065792;0;0;0;0;0;0;0;0;0;0;0;3557;0;0;89;0;80;0;
22999;6285147;1017880576;21729280;1116065792;0;0;0;0;0;0;0;0;0;0;0;3006;0;0;89;0;80;0;
23000;4879351;1017880576;21729280;1116065792;0;0;0;0;0;0;0;0;0;0;0;4208;0;0;89;0;80;0;
23001;6131749;1017880576;21729280;1116065792;0;0;0;0;0;0;0;0;0;0;0;2465;0;0;89;0;80;0;
23002;3667057;1017880576;21729280;1116065792;0;0;0;0;0;0;0;0;0;0;0;3236;0;0;89;0;80;0;
23003;5031436;1017880576;21729280;1116065792;0;0;0;0;0;0;0;0;0;0;0;2144;0;0;89;0;80;0;
23004;6483499;1017880576;21729280;1116065792;0;0;0;0;0;0;0;0;0;0;0;4108;0;0;89;0;80;0;
23005;5217956;1017880576;21729280;1116065792;0;0;0;0;0;0;0;0;0;0;0;3456;0;0;89;0;80;0;
23006;4260831;1017880576;21729280;1116065792;0;0;0;0;0;0;0;0;0;0;0;3286;0;0;89;0;80;0;
23007;6309172;1017880576;21729280;1116065792;0;0;0;0;0;0;0;0;0;0;0;3317;0;0;89;0;80;0;
23008;5399917;1017880576;21729280;1116065792;0;0;0;0;0;0;0;0;0;0;0;4499;0;0;89;0;80;0;
23009;5168133;1017880576;21729280;1116065792;0;0;0;0;0;0;0;0;0;0;0;3596;0;0;89;0;80;0;
23010;5330196;1017880576;21729280;1116065792;0;0;0;0;0;0;0;0;0;0;0;4489;0;0;89;0;80;0;
23011;5897951;1017880576;21729280;1116065792;0;0;0;0;0;0;0;0;0;0;0;3306;0;0;89;0;80;0;
23012;6607251;1017880576;21729280;1116065792;0;0;0;0;0;0;0;0;0;0;0;3717;0;0;89;0;80;0;
23013;7425145;1017880576;21729280;1116065792;0;0;0;0;0;0;0;0;0;0;0;3166;0;0;89;0;80;0;
23014;4262795;1017880576;21729280;1116065792;0;0;0;0;0;0;0;0;0;0;0;3417;0;0;89;0;80;0;
23015;6494269;1017880576;21729280;1116065792;0;0;0;0;0;0;0;0;0;0;0;3136;0;0;89;0;80;0;
23016;4623100;1017880576;21729280;1116065792;0;0;0;0;0;0;0;0;0;0;0;3206;0;0;89;0;80;0;
23017;5681485;1017880576;21729280;1116065792;0;0;0;0;0;0;0;0;0;0;0;2444;0;0;89;0;80;0;
23018;5650798;1017880576;21729280;1116065792;0;0;0;0;0;0;0;0;0;0;0;4709;0;0;89;0;80;0;
23019;7344444;1017880576;21729280;1116065792;0;0;0;0;0;0;0;0;0;0;0;3557;0;0;89;0;80;0;
23020;5677517;1017880576;21729280;1116065792;0;0;0;0;0;0;0;0;0;0;0;3096;0;0;89;0;80;0;
23021;5756486;1017880576;21729280;1116065792;0;0;0;0;0;0;0;0;0;0;0;3016;0;0;89;0;80;0;
23022;7725749;1017880576;21729280;1116065792;0;0;0;0;0;0;0;0;0;0;0;3747;0;0;89;0;80;0;
23023;5923529;1017880576;21729280;1116065792;0;0;0;0;0;0;0;0;0;0;0;3176;0;0;89;0;80;0;
23024;6503657;1017880576;21729280;1116065792;0;0;0;0;0;0;0;0;0;0;0;3286;0;0;89;0;80;0;
23025;5163744;1017880576;21729280;1116065792;0;0;0;0;0;0;0;0;0;0;0;3146;0;0;89;0;80;0;
23026;5329615;1017880576;21729280;1116065792;0;0;0;0;0;0;0;0;0;0;0;3607;0;0;89;0;80;0;
23027;5656819;1017880576;21729280;1116065792;0;0;0;0;0;0;0;0;0;0;0;2775;0;0;89;0;80;0;
23028;6901313;1017880576;21729280;1116065792;0;0;0;0;0;0;0;0;0;0;0;4188;0;0;89;0;80;0;
23029;6050577;1017880576;21729280;1116065792;0;0;0;0;0;0;0;0;0;0;0;3307;0;0;89;0;80;0;
23030;5494965;1017880576;21729280;1116065792;0;0;0;0;0;0;0;0;0;0;0;4048;0;0;89;0;80;0;
23031;5348210;1017880576;21729280;1116065792;0;0;0;0;0;0;0;0;0;0;0;2896;0;0;89;0;80;0;
23032;5610872;1017880576;21729280;1116065792;0;0;0;0;0;0;0;0;0;0;0;4178;0;0;89;0;80;0;
23033;5396270;1017880576;21729280;1116065792;0;0;0;0;0;0;0;0;0;0;0;3547;0;0;89;0;80;0;
23034;6799893;1017880576;21729280;1116065792;0;0;0;0;0;0;0;0;0;0;0;4328;0;0;89;0;80;0;
23035;5583522;1017880576;21729280;1116065792;0;0;0;0;0;0;0;0;0;0;0;3517;0;0;89;0;80;0;
23036;5475188;1017880576;21729280;1116065792;0;0;0;0;0;0;0;0;0;0;0;4118;0;0;89;0;80;0;
23037;6101393;1017880576;21729280;1116065792;0;0;0;0;0;0;0;0;0;0;0;2805;0;0;89;0;80;0;
23038;5935110;1017880576;21729280;1116065792;0;0;0;0;0;0;0;0;0;0;0;3436;0;0;89;0;80;0;
23039;7585977;1017880576;21729280;1116065792;0;0;0;0;0;0;0;0;0;0;0;3456;0;0;89;0;80;0;
23040;6717828;1017880576;21729280;1116065792;0;0;0;0;0;0;0;0;0;0;0;4659;0;0;89;0;80;0;
23041;6180771;1017880576;21729280;1116065792;0;0;0;0;0;0;0;0;0;0;0;3927;0;0;89;0;80;0;
23042;6568389;1017880576;21729280;1116065792;0;0;0;0;0;0;0;0;0;0;0;4058;0;0;89;0;80;0;
23043;6410783;1017880576;21729280;1116065792;0;0;0;0;0;0;0;0;0;0;0;4128;0;0;89;0;80;0;
23044;6578106;1017880576;21729280;1116065792;0;0;0;0;0;0;0;0;0;0;0;4659;0;0;89;0;80;0;
23045;6480073;1023143936;28344320;1122680832;0;0;0;0;0;0;0;0;0;0;0;3938;0;0;89;0;80;0;
23046;6074381;1023143936;28344320;1122680832;0;0;0;0;0;0;0;0;0;0;0;4628;0;0;89;0;80;0;
23047;6912724;1023143936;28344320;1122680832;0;0;0;0;0;0;0;0;0;0;0;2945;0;0;89;0;80;0;
23048;5874427;1023143936;28344320;1122680832;0;0;0;0;0;0;0;0;0;0;0;4488;0;0;89;0;80;0;
23049;8145686;1023143936;28344320;1122680832;0;0;0;0;0;0;0;0;0;0;0;4899;0;0;89;0;80;0;
23050;6462500;1023143936;28344320;1122680832;0;0;0;0;0;0;0;0;0;0;0;5651;0;0;89;0;80;0;
23051;8533514;1023143936;28344320;1122680832;0;0;0;0;0;0;0;0;0;0;0;4539;0;0;89;0;80;0;
23052;5459920;1023143936;28344320;1122680832;0;0;0;0;0;0;0;0;0;0;0;4719;0;0;89;0;80;0;
23053;7115033;1023143936;28344320;1122680832;0;0;0;0;0;0;0;0;0;0;0;4759;0;0;89;0;80;0;
23054;7544760;1017880576;21729280;1116065792;0;0;0;0;0;0;0;0;0;0;0;4990;0;0;89;0;80;0;
23055;7215913;1017880576;21729280;1116065792;0;0;0;0;0;0;0;0;0;0;0;5490;0;0;89;0;80;0;
23056;6201891;1017880576;21729280;1116065792;0;0;0;0;0;0;0;0;0;0;0;3346;0;0;89;0;80;0;
23057;6911582;1017880576;21729280;1116065792;0;0;0;0;0;0;0;0;0;0;0;4077;0;0;89;0;80;0;
23058;9094886;1017880576;21729280;1116065792;0;0;0;0;0;0;0;0;0;0;0;3586;0;0;89;0;80;0;
23059;5863586;1017880576;21729280;1116065792;0;0;0;0;0;0;0;0;0;0;0;2545;0;0;89;0;80;0;
23060;6576613;1017880576;21729280;1116065792;0;0;0;0;0;0;0;0;0;0;0;4719;0;0;89;0;80;0;
23061;6713882;1017880576;21729280;1116065792;0;0;0;0;0;0;0;0;0;0;0;3206;0;0;89;0;80;0;
23062;7093834;1017880576;21729280;1116065792;0;0;0;0;0;0;0;0;0;0;0;5971;0;0;89;0;80;0;
23063;6377079;1017880576;21729280;1116065792;0;0;0;0;0;0;0;0;0;0;0;3737;0;0;89;0;80;0;
23064;6379393;1017880576;21729280;1116065792;0;0;0;0;0;0;0;0;0;0;0;4188;0;0;89;0;80;0;
23065;7310990;1017880576;21729280;1116065792;0;0;0;0;0;0;0;0;0;0;0;3597;0;0;89;0;80;0;
23066;6817846;1017880576;21729280;1116065792;0;0;0;0;0;0;0;0;0;0;0;3898;0;0;89;0;80;0;
23067;8048384;1017880576;21729280;1116065792;0;0;0;0;0;0;0;0;0;0;0;4027;0;0;89;0;80;0;
23068;5703376;1017880576;21729280;1116065792;0;0;0;0;0;0;0;0;0;0;0;4198;0;0;89;0;80;0;
23069;7808664;1017880576;21729280;1116065792;0;0;0;0;0;0;0;0;0;0;0;4829;0;0;89;0;80;0;
23070;6903687;1017880576;21729280;1116065792;0;0;0;0;0;0;0;0;0;0;0;4799;0;0;89;0;80;0;
23071;6391406;1017880576;21729280;1116065792;0;0;0;0;0;0;0;0;0;0;0;3937;0;0;89;0;80;0;
23072;7221803;1017880576;21729280;1116065792;0;0;0;0;0;0;0;0;0;0;0;4458;0;0;89;0;80;0;
23073;7149889;1017880576;21729280;1116065792;0;0;0;0;0;0;0;0;0;0;0;3687;0;0;89;0;80;0;
23074;6340230;1017880576;21729280;1116065792;0;0;0;0;0;0;0;0;0;0;0;4689;0;0;89;0;80;0;
23075;8342155;1017880576;21729280;1116065792;0;0;0;0;0;0;0;0;0;0;0;4869;0;0;89;0;80;0;
23076;5490857;1017880576;21729280;1116065792;0;0;0;0;0;0;0;0;0;0;0;5300;0;0;89;0;80;0;
23077;7655827;1017880576;21729280;1116065792;0;0;0;0;0;0;0;0;0;0;0;5250;0;0;89;0;80;0;
23078;6653268;1017880576;21729280;1116065792;0;0;0;0;0;0;0;0;0;0;0;9658;0;0;89;0;80;0;
23079;6340741;1017880576;21729280;1116065792;0;0;0;0;0;0;0;0;0;0;0;3727;0;0;89;0;80;0;
23080;4971543;1017880576;21729280;1116065792;0;0;0;0;0;0;0;0;0;0;0;3897;0;0;89;0;80;0;
23081;6811404;1017880576;21729280;1116065792;0;0;0;0;0;0;0;0;0;0;0;3176;0;0;89;0;80;0;
23082;6599828;1017880576;21729280;1116065792;0;0;0;0;0;0;0;0;0;0;0;4809;0;0;89;0;80;0;
23083;7102039;1017880576;21729280;1116065792;0;0;0;0;0;0;0;0;0;0;0;4098;0;0;89;0;80;0;
23084;8299936;1017880576;21729280;1116065792;0;0;0;0;0;0;0;0;0;0;0;5791;0;0;89;0;80;0;
23085;6668586;1017880576;21729280;1116065792;0;0;0;0;0;0;0;0;0;0;0;3767;0;0;89;0;80;0;
23086;6092105;1017880576;21729280;1116065792;0;0;0;0;0;0;0;0;0;0;0;4028;0;0;89;0;80;0;
23087;6394402;1017880576;21729280;1116065792;0;0;0;0;0;0;0;0;0;0;0;3777;0;0;89;0;80;0;
23088;5132766;1017880576;21729280;1116065792;0;0;0;0;0;0;0;0;0;0;0;2705;0;0;89;0;80;0;
23089;5690011;1017880576;21729280;1116065792;0;0;0;0;0;0;0;0;0;0;0;2936;0;0;89;0;80;0;
23090;5626633;1017880576;21729280;1116065792;0;0;0;0;0;0;0;0;0;0;0;3897;0;0;89;0;80;0;
23091;6205308;1017880576;21729280;1116065792;0;0;0;0;0;0;0;0;0;0;0;3617;0;0;89;0;80;0;
23092;4238829;1017880576;21729280;1116065792;0;0;0;0;0;0;0;0;0;0;0;3226;0;0;89;0;80;0;
23093;5472794;1017880576;21729280;1116065792;0;0;0;0;0;0;0;0;0;0;0;2545;0;0;89;0;80;0;
23094;4822664;1017880576;21729280;1116065792;0;0;0;0;0;0;0;0;0;0;0;80521;0;0;89;0;80;0;
23095;6754638;1017880576;21729280;1116065792;0;0;0;0;0;0;0;0;0;0;0;3045;0;0;89;0;80;0;
23096;4984618;1017880576;21729280;1116065792;0;0;0;0;0;0;0;0;0;0;0;3346;0;0;89;0;80;0;
23097;6117092;1017880576;21729280;1116065792;0;0;0;0;0;0;0;0;0;0;0;2976;0;0;89;0;80;0;
23098;4438283;1017880576;21729280;1116065792;0;0;0;0;0;0;0;0;0;0;0;3607;0;0;89;0;80;0;
23099;6546266;1017880576;21729280;1116065792;0;0;0;0;0;0;0;0;0;0;0;3647;0;0;89;0;80;0;
23100;5598058;1017880576;21729280;1116065792;0;0;0;0;0;0;0;0;0;0;0;4158;0;0;89;0;80;0;
23101;7489396;1017880576;21729280;1116065792;0;0;0;0;0;0;0;0;0;0;0;5099;0;0;89;0;80;0;
23102;6984729;1017880576;21729280;1116065792;0;0;0;0;0;0;0;0;0;0;0;4328;0;0;89;0;80;0;
23103;7811349;1017880576;21729280;1116065792;0;0;0;0;0;0;0;0;0;0;0;4088;0;0;89;0;80;0;
23104;7230981;1017880576;21729280;1116065792;0;0;0;0;0;0;0;0;0;0;0;5009;0;0;89;0;80;0;
23105;6428706;1017880576;21733376;1116069888;0;0;0;0;0;0;0;0;0;0;0;4549;0;0;89;0;80;0;
23106;7541724;1017880576;21737472;1116073984;0;0;0;0;0;0;0;0;0;0;0;4478;0;0;89;0;80;0;
23107;13511239;1017880576;21737472;1116073984;0;0;0;0;0;0;0;0;0;0;0;4999;0;0;89;0;80;0;
23108;10121682;1017880576;21737472;1116073984;0;0;0;0;0;0;0;0;0;0;0;4849;0;0;89;0;80;0;
23109;7156492;1017880576;21737472;1116073984;0;0;0;0;0;0;0;0;0;0;0;5310;0;0;89;0;80;0;
23110;4747524;1017880576;21737472;1116073984;0;0;0;0;0;0;0;0;0;0;0;3617;0;0;89;0;80;0;
23111;5546391;1017880576;21737472;1116073984;0;0;0;0;0;0;0;0;0;0;0;2906;0;0;89;0;80;0;
23112;5330457;1017880576;21729280;1116065792;0;0;0;0;0;0;0;0;0;0;0;3607;0;0;89;0;80;0;
23113;6760429;1017880576;21729280;1116065792;0;0;0;0;0;0;0;0;0;0;0;3877;0;0;89;0;80;0;
23114;4399380;1017880576;21729280;1116065792;0;0;0;0;0;0;0;0;0;0;0;4548;0;0;89;0;80;0;
23115;5325557;1017880576;21729280;1116065792;0;0;0;0;0;0;0;0;0;0;0;4008;0;0;89;0;80;0;
23116;6788631;1017880576;21729280;1116065792;0;0;0;0;0;0;0;0;0;0;0;4539;0;0;89;0;80;0;
23117;5591275;1017880576;21729280;1116065792;0;0;0;0;0;0;0;0;0;0;0;4619;0;0;89;0;80;0;
23118;7403675;1017880576;21729280;1116065792;0;0;0;0;0;0;0;0;0;0;0;5780;0;0;89;0;80;0;
23119;6519336;1017880576;21729280;1116065792;0;0;0;0;0;0;0;0;0;0;0;4419;0;0;89;0;80;0;
23120;6930197;1017880576;21729280;1116065792;0;0;0;0;0;0;0;0;0;0;0;4539;0;0;89;0;80;0;
23121;7937195;1017880576;21729280;1116065792;0;0;0;0;0;0;0;0;0;0;0;5471;0;0;89;0;80;0;
23122;4877698;1017880576;21729280;1116065792;0;0;0;0;0;0;0;0;0;0;0;4668;0;0;89;0;80;0;
23123;6532050;1017880576;21729280;1116065792;0;0;0;0;0;0;0;0;0;0;0;3847;0;0;89;0;80;0;
23124;5757277;1017880576;21729280;1116065792;0;0;0;0;0;0;0;0;0;0;0;4098;0;0;89;0;80;0;
23125;6057339;1017880576;21729280;1116065792;0;0;0;0;0;0;0;0;0;0;0;4208;0;0;89;0;80;0;
23126;5208097;1017880576;21729280;1116065792;0;0;0;0;0;0;0;0;0;0;0;3737;0;0;89;0;80;0;
23127;5936323;1017880576;21729280;1116065792;0;0;0;0;0;0;0;0;0;0;0;4879;0;0;89;0;80;0;
23128;5339463;1017880576;21729280;1116065792;0;0;0;0;0;0;0;0;0;0;0;3647;0;0;89;0;80;0;
23129;5515704;1017880576;21729280;1116065792;0;0;0;0;0;0;0;0;0;0;0;3106;0;0;89;0;80;0;
23130;4759987;1017880576;21729280;1116065792;0;0;0;0;0;0;0;0;0;0;0;3767;0;0;89;0;80;0;
23131;5245337;1017880576;21729280;1116065792;0;0;0;0;0;0;0;0;0;0;0;3326;0;0;89;0;80;0;
23132;5339143;1017880576;21729280;1116065792;0;0;0;0;0;0;0;0;0;0;0;3887;0;0;89;0;80;0;
23133;6781127;1017880576;21729280;1116065792;0;0;0;0;0;0;0;0;0;0;0;3456;0;0;89;0;80;0;
23134;5156230;1017880576;21729280;1116065792;0;0;0;0;0;0;0;0;0;0;0;3506;0;0;89;0;80;0;
23135;6483970;1017880576;21729280;1116065792;0;0;0;0;0;0;0;0;0;0;0;3517;0;0;89;0;80;0;
23136;5440513;1017880576;21729280;1116065792;0;0;0;0;0;0;0;0;0;0;0;4017;0;0;89;0;80;0;
23137;5897811;1017880576;21729280;1116065792;0;0;0;0;0;0;0;0;0;0;0;4659;0;0;89;0;80;0;
23138;5554878;1017880576;21729280;1116065792;0;0;0;0;0;0;0;0;0;0;0;3486;0;0;89;0;80;0;
23139;6212831;1023143936;28344320;1122680832;0;0;0;0;0;0;0;0;0;0;0;4067;0;0;89;0;80;0;
23140;4295105;1023143936;28344320;1122680832;0;0;0;0;0;0;0;0;0;0;0;4128;0;0;89;0;80;0;
23141;5687636;1023143936;28344320;1122680832;0;0;0;0;0;0;0;0;0;0;0;4959;0;0;89;0;80;0;
23142;6125868;1023143936;28344320;1122680832;0;0;0;0;0;0;0;0;0;0;0;4509;0;0;89;0;80;0;
23143;7659806;1023143936;28344320;1122680832;0;0;0;0;0;0;0;0;0;0;0;3716;0;0;89;0;80;0;
23144;4998614;1023143936;28344320;1122680832;0;0;0;0;0;0;0;0;0;0;0;3927;0;0;89;0;80;0;
23145;7098753;1023143936;28344320;1122680832;0;0;0;0;0;0;0;0;0;0;0;4498;0;0;89;0;80;0;
23146;4953831;1023143936;28344320;1122680832;0;0;0;0;0;0;0;0;0;0;0;4579;0;0;89;0;80;0;
23147;7242853;1023143936;28344320;1122680832;0;0;0;0;0;0;0;0;0;0;0;4749;0;0;89;0;80;0;
23148;4591210;1017880576;21729280;1116065792;0;0;0;0;0;0;0;0;0;0;0;3476;0;0;89;0;80;0;
23149;6713571;1017880576;21729280;1116065792;0;0;0;0;0;0;0;0;0;0;0;3667;0;0;89;0;80;0;
23150;5411559;1017880576;21729280;1116065792;0;0;0;0;0;0;0;0;0;0;0;4248;0;0;89;0;80;0;
23151;6006024;1017880576;21729280;1116065792;0;0;0;0;0;0;0;0;0;0;0;3957;0;0;89;0;80;0;
23152;4162526;1017880576;21729280;1116065792;0;0;0;0;0;0;0;0;0;0;0;3737;0;0;89;0;80;0;
23153;6336052;1017880576;21729280;1116065792;0;0;0;0;0;0;0;0;0;0;0;3837;0;0;89;0;80;0;
23154;3454759;1017880576;21729280;1116065792;0;0;0;0;0;0;0;0;0;0;0;3216;0;0;89;0;80;0;
23155;5335646;1017880576;21729280;1116065792;0;0;0;0;0;0;0;0;0;0;0;2535;0;0;89;0;80;0;
23156;4428155;1017880576;21729280;1116065792;0;0;0;0;0;0;0;0;0;0;0;3136;0;0;89;0;80;0;
23157;5088653;1017880576;21729280;1116065792;0;0;0;0;0;0;0;0;0;0;0;8917;0;0;89;0;80;0;
23158;3758899;1017880576;21729280;1116065792;0;0;0;0;0;0;0;0;0;0;0;3446;0;0;89;0;80;0;
23159;5123759;1017880576;21729280;1116065792;0;0;0;0;0;0;0;0;0;0;0;2394;0;0;89;0;80;0;
23160;4876846;1017880576;21729280;1116065792;0;0;0;0;0;0;0;0;0;0;0;3887;0;0;89;0;80;0;
23161;5956481;1017880576;21729280;1116065792;0;0;0;0;0;0;0;0;0;0;0;4559;0;0;89;0;80;0;
23162;4735852;1017880576;21729280;1116065792;0;0;0;0;0;0;0;0;0;0;0;4489;0;0;89;0;80;0;
23163;5675403;1017880576;21729280;1116065792;0;0;0;0;0;0;0;0;0;0;0;3286;0;0;89;0;80;0;
23164;6179068;1017880576;21729280;1116065792;0;0;0;0;0;0;0;0;0;0;0;3317;0;0;89;0;80;0;
23165;5583902;1017880576;21729280;1116065792;0;0;0;0;0;0;0;0;0;0;0;2985;0;0;89;0;80;0;
23166;5139158;1017880576;21729280;1116065792;0;0;0;0;0;0;0;0;0;0;0;4368;0;0;89;0;80;0;
23167;6072499;1017880576;21729280;1116065792;0;0;0;0;0;0;0;0;0;0;0;2915;0;0;89;0;80;0;
23168;4570001;1017880576;21729280;1116065792;0;0;0;0;0;0;0;0;0;0;0;4048;0;0;89;0;80;0;
23169;6768694;1017880576;21729280;1116065792;0;0;0;0;0;0;0;0;0;0;0;5080;0;0;89;0;80;0;
23170;3844099;1017880576;21729280;1116065792;0;0;0;0;0;0;0;0;0;0;0;3767;0;0;89;0;80;0;
23171;6014649;1017880576;21729280;1116065792;0;0;0;0;0;0;0;0;0;0;0;3076;0;0;89;0;80;0;
23172;4678144;1017880576;21729280;1116065792;0;0;0;0;0;0;0;0;0;0;0;4358;0;0;89;0;80;0;
23173;5914632;1017880576;21729280;1116065792;0;0;0;0;0;0;0;0;0;0;0;3917;0;0;89;0;80;0;
23174;4130286;1017880576;21729280;1116065792;0;0;0;0;0;0;0;0;0;0;0;3096;0;0;89;0;80;0;
23175;5278800;1017880576;21729280;1116065792;0;0;0;0;0;0;0;0;0;0;0;4178;0;0;89;0;80;0;
23176;4636465;1017880576;21729280;1116065792;0;0;0;0;0;0;0;0;0;0;0;3787;0;0;89;0;80;0;
23177;5117407;1017880576;21729280;1116065792;0;0;0;0;0;0;0;0;0;0;0;3176;0;0;89;0;80;0;
23178;4602522;1017880576;21729280;1116065792;0;0;0;0;0;0;0;0;0;0;0;4228;0;0;89;0;80;0;
23179;6374485;1017880576;21729280;1116065792;0;0;0;0;0;0;0;0;0;0;0;3457;0;0;89;0;80;0;
23180;5305791;1017880576;21729280;1116065792;0;0;0;0;0;0;0;0;0;0;0;4849;0;0;89;0;80;0;
23181;6708602;1017880576;21729280;1116065792;0;0;0;0;0;0;0;0;0;0;0;4328;0;0;89;0;80;0;
23182;3952683;1017880576;21729280;1116065792;0;0;0;0;0;0;0;0;0;0;0;4048;0;0;89;0;80;0;
23183;6089010;1017880576;21729280;1116065792;0;0;0;0;0;0;0;0;0;0;0;4668;0;0;89;0;80;0;
23184;4593194;1017880576;21729280;1116065792;0;0;0;0;0;0;0;0;0;0;0;4067;0;0;89;0;80;0;
23185;6636786;1017880576;21729280;1116065792;0;0;0;0;0;0;0;0;0;0;0;3537;0;0;89;0;80;0;
23186;4091804;1017880576;21729280;1116065792;0;0;0;0;0;0;0;0;0;0;0;3937;0;0;89;0;80;0;
23187;5414684;1017880576;21729280;1116065792;0;0;0;0;0;0;0;0;0;0;0;3396;0;0;89;0;80;0;
23188;4826912;1017880576;21729280;1116065792;0;0;0;0;0;0;0;0;0;0;0;3687;0;0;89;0;80;0;
23189;6305715;1017880576;21729280;1116065792;0;0;0;0;0;0;0;0;0;0;0;3497;0;0;89;0;80;0;
23190;5983912;1017880576;21729280;1116065792;0;0;0;0;0;0;0;0;0;0;0;3737;0;0;89;0;80;0;
23191;6301698;1017880576;21729280;1116065792;0;0;0;0;0;0;0;0;0;0;0;3496;0;0;89;0;80;0;
23192;4920799;1017880576;21729280;1116065792;0;0;0;0;0;0;0;0;0;0;0;3937;0;0;89;0;80;0;
23193;5891508;1017880576;21729280;1116065792;0;0;0;0;0;0;0;0;0;0;0;3196;0;0;89;0;80;0;
23194;5287365;1017880576;21729280;1116065792;0;0;0;0;0;0;0;0;0;0;0;3557;0;0;89;0;80;0;
23195;5549538;1017880576;21729280;1116065792;0;0;0;0;0;0;0;0;0;0;0;4028;0;0;89;0;80;0;
23196;4883728;1017880576;21729280;1116065792;0;0;0;0;0;0;0;0;0;0;0;3496;0;0;89;0;80;0;
23197;5481570;1017880576;21729280;1116065792;0;0;0;0;0;0;0;0;0;0;0;3908;0;0;89;0;80;0;
23198;4151585;1017880576;21729280;1116065792;0;0;0;0;0;0;0;0;0;0;0;3506;0;0;89;0;80;0;
23199;5555989;1017880576;21729280;1116065792;0;0;0;0;0;0;0;0;0;0;0;2735;0;0;89;0;80;0;
23200;4963479;1017880576;21729280;1116065792;0;0;0;0;0;0;0;0;0;0;0;3106;0;0;89;0;80;0;
23201;5869537;1017880576;21729280;1116065792;0;0;0;0;0;0;0;0;0;0;0;2855;0;0;89;0;80;0;
23202;3699498;1017880576;21729280;1116065792;0;0;0;0;0;0;0;0;0;0;0;2856;0;0;89;0;80;0;
23203;4833775;1017880576;21729280;1116065792;0;0;0;0;0;0;0;0;0;0;0;2675;0;0;89;0;80;0;
23204;4649379;1017880576;21729280;1116065792;0;0;0;0;0;0;0;0;0;0;0;3457;0;0;89;0;80;0;
23205;6212882;1017880576;21729280;1116065792;0;0;0;0;0;0;0;0;0;0;0;3697;0;0;89;0;80;0;
23206;4266752;1017880576;21729280;1116065792;0;0;0;0;0;0;0;0;0;0;0;3486;0;0;89;0;80;0;
23207;5479225;1017880576;21729280;1116065792;0;0;0;0;0;0;0;0;0;0;0;3296;0;0;89;0;80;0;
23208;4209454;1017880576;21729280;1116065792;0;0;0;0;0;0;0;0;0;0;0;3677;0;0;89;0;80;0;
23209;5766505;1017880576;21729280;1116065792;0;0;0;0;0;0;0;0;0;0;0;3697;0;0;89;0;80;0;
23210;4614804;1017880576;21729280;1116065792;0;0;0;0;0;0;0;0;0;0;0;3526;0;0;89;0;80;0;
23211;6598785;1017880576;21729280;1116065792;0;0;0;0;0;0;0;0;0;0;0;4198;0;0;89;0;80;0;
23212;4791937;1017880576;21729280;1116065792;0;0;0;0;0;0;0;0;0;0;0;3537;0;0;89;0;80;0;
23213;5738582;1017880576;21729280;1116065792;0;0;0;0;0;0;0;0;0;0;0;3707;0;0;89;0;80;0;
23214;4088888;1017880576;21729280;1116065792;0;0;0;0;0;0;0;0;0;0;0;4018;0;0;89;0;80;0;
23215;5790139;1017880576;21729280;1116065792;0;0;0;0;0;0;0;0;0;0;0;3807;0;0;89;0;80;0;
23216;4715103;1017880576;21729280;1116065792;0;0;0;0;0;0;0;0;0;0;0;3357;0;0;89;0;80;0;
23217;5474998;1017880576;21729280;1116065792;0;0;0;0;0;0;0;0;0;0;0;3627;0;0;89;0;80;0;
23218;3798203;1017880576;21729280;1116065792;0;0;0;0;0;0;0;0;0;0;0;3978;0;0;89;0;80;0;
23219;6362102;1017880576;21729280;1116065792;0;0;0;0;0;0;0;0;0;0;0;3607;0;0;89;0;80;0;
23220;4806905;1017880576;21733376;1116069888;0;0;0;0;0;0;0;0;0;0;0;3637;0;0;89;0;80;0;
23221;6010201;1017880576;21733376;1116069888;0;0;0;0;0;0;0;0;0;0;0;4409;0;0;89;0;80;0;
23222;3706090;1017880576;21733376;1116069888;0;0;0;0;0;0;0;0;0;0;0;3166;0;0;89;0;80;0;
23223;6103566;1017880576;21733376;1116069888;0;0;0;0;0;0;0;0;0;0;0;4419;0;0;89;0;80;0;
23224;3318333;1017880576;21733376;1116069888;0;0;0;0;0;0;0;0;0;0;0;3596;0;0;89;0;80;0;
23225;5686985;1017880576;21733376;1116069888;0;0;0;0;0;0;0;0;0;0;0;4939;0;0;89;0;80;0;
23226;4790765;1017880576;21733376;1116069888;0;0;0;0;0;0;0;0;0;0;0;3486;0;0;89;0;80;0;
23227;6455386;1017880576;21733376;1116069888;0;0;0;0;0;0;0;0;0;0;0;4529;0;0;89;0;80;0;
23228;4339839;1017880576;21733376;1116069888;0;0;0;0;0;0;0;0;0;0;0;3377;0;0;89;0;80;0;
23229;5475238;1017880576;21733376;1116069888;0;0;0;0;0;0;0;0;0;0;0;4458;0;0;89;0;80;0;
23230;5185736;1017880576;21733376;1116069888;0;0;0;0;0;0;0;0;0;0;0;3486;0;0;89;0;80;0;
23231;6293924;1017880576;21733376;1116069888;0;0;0;0;0;0;0;0;0;0;0;4178;0;0;89;0;80;0;
23232;4282211;1017880576;21733376;1116069888;0;0;0;0;0;0;0;0;0;0;0;3657;0;0;89;0;80;0;
23233;7109083;1023143936;28348416;1122684928;0;0;0;0;0;0;0;0;0;0;0;4479;0;0;89;0;80;0;
23234;4814890;1023143936;28348416;1122684928;0;0;0;0;0;0;0;0;0;0;0;4008;0;0;89;0;80;0;
23235;5574144;1023143936;28348416;1122684928;0;0;0;0;0;0;0;0;0;0;0;4298;0;0;89;0;80;0;
23236;5541653;1023143936;28348416;1122684928;0;0;0;0;0;0;0;0;0;0;0;3727;0;0;89;0;80;0;
23237;6289044;1023143936;28348416;1122684928;0;0;0;0;0;0;0;0;0;0;0;4348;0;0;89;0;80;0;
23238;5795369;1023143936;28348416;1122684928;0;0;0;0;0;0;0;0;0;0;0;3196;0;0;89;0;80;0;
23239;6134183;1023143936;28348416;1122684928;0;0;0;0;0;0;0;0;0;0;0;5110;0;0;89;0;80;0;
23240;3945750;1023143936;28348416;1122684928;0;0;0;0;0;0;0;0;0;0;0;4068;0;0;89;0;80;0;
23241;6730392;1023143936;28348416;1122684928;0;0;0;0;0;0;0;0;0;0;0;3367;0;0;89;0;80;0;
23242;4860625;1017884672;21733376;1116069888;0;0;0;0;0;0;0;0;0;0;0;3787;0;0;89;0;80;0;
23243;6542210;1017884672;21733376;1116069888;0;0;0;0;0;0;0;0;0;0;0;4819;0;0;89;0;80;0;
23244;4525978;1017884672;21733376;1116069888;0;0;0;0;0;0;0;0;0;0;0;3276;0;0;89;0;80;0;
23245;6332175;1017884672;21733376;1116069888;0;0;0;0;0;0;0;0;0;0;0;5009;0;0;89;0;80;0;
23246;5210292;1017884672;21733376;1116069888;0;0;0;0;0;0;0;0;0;0;0;3637;0;0;89;0;80;0;
23247;6079441;1017884672;21733376;1116069888;0;0;0;0;0;0;0;0;0;0;0;4668;0;0;89;0;80;0;
23248;5403464;1017884672;21733376;1116069888;0;0;0;0;0;0;0;0;0;0;0;3817;0;0;89;0;80;0;
23249;5253732;1017884672;21733376;1116069888;0;0;0;0;0;0;0;0;0;0;0;4458;0;0;89;0;80;0;
23250;4676380;1017884672;21733376;1116069888;0;0;0;0;0;0;0;0;0;0;0;4429;0;0;89;0;80;0;
23251;7002782;1017884672;21733376;1116069888;0;0;0;0;0;0;0;0;0;0;0;4699;0;0;89;0;80;0;
23252;4259859;1017884672;21733376;1116069888;0;0;0;0;0;0;0;0;0;0;0;3818;0;0;89;0;80;0;
23253;6996902;1017884672;21733376;1116069888;0;0;0;0;0;0;0;0;0;0;0;4007;0;0;89;0;80;0;
23254;4946016;1017884672;21733376;1116069888;0;0;0;0;0;0;0;0;0;0;0;4929;0;0;89;0;80;0;
23255;7123810;1017884672;21733376;1116069888;0;0;0;0;0;0;0;0;0;0;0;4078;0;0;89;0;80;0;
23256;6324802;1017884672;21733376;1116069888;0;0;0;0;0;0;0;0;0;0;0;53240;0;0;89;0;80;0;
23257;6083098;1017884672;21733376;1116069888;0;0;0;0;0;0;0;0;0;0;0;4077;0;0;89;0;80;0;
23258;7005818;1017884672;21733376;1116069888;0;0;0;0;0;0;0;0;0;0;0;4639;0;0;89;0;80;0;
23259;7054590;1017884672;21733376;1116069888;0;0;0;0;0;0;0;0;0;0;0;4578;0;0;89;0;80;0;
23260;6680679;1017884672;21733376;1116069888;0;0;0;0;0;0;0;0;0;0;0;3065;0;0;89;0;80;0;
23261;6805663;1017884672;21733376;1116069888;0;0;0;0;0;0;0;0;0;0;0;5200;0;0;89;0;80;0;
23262;4492685;1017884672;21733376;1116069888;0;0;0;0;0;0;0;0;0;0;0;3757;0;0;89;0;80;0;
23263;5471381;1017884672;21733376;1116069888;0;0;0;0;0;0;0;0;0;0;0;4328;0;0;89;0;80;0;
23264;4619684;1017884672;21733376;1116069888;0;0;0;0;0;0;0;0;0;0;0;3266;0;0;89;0;80;0;
23265;6134615;1017884672;21733376;1116069888;0;0;0;0;0;0;0;0;0;0;0;4749;0;0;89;0;80;0;
23266;3804875;1017884672;21733376;1116069888;0;0;0;0;0;0;0;0;0;0;0;2936;0;0;89;0;80;0;
23267;5752618;1017884672;21733376;1116069888;0;0;0;0;0;0;0;0;0;0;0;3907;0;0;89;0;80;0;
23268;4515108;1017884672;21733376;1116069888;0;0;0;0;0;0;0;0;0;0;0;3046;0;0;89;0;80;0;
23269;6537030;1017884672;21733376;1116069888;0;0;0;0;0;0;0;0;0;0;0;4167;0;0;89;0;80;0;
23270;5878805;1017884672;21733376;1116069888;0;0;0;0;0;0;0;0;0;0;0;4699;0;0;89;0;80;0;
23271;7456574;1017884672;21733376;1116069888;0;0;0;0;0;0;0;0;0;0;0;66565;0;0;89;0;80;0;
23272;6673075;1017884672;21733376;1116069888;0;0;0;0;0;0;0;0;0;0;0;3577;0;0;89;0;80;0;
23273;7273620;1017884672;21733376;1116069888;0;0;0;0;0;0;0;0;0;0;0;5520;0;0;89;0;80;0;
23274;5834872;1017884672;21733376;1116069888;0;0;0;0;0;0;0;0;0;0;0;3697;0;0;89;0;80;0;
23275;9058639;1017884672;21733376;1116069888;0;0;0;0;0;0;0;0;0;0;0;3868;0;0;89;0;80;0;
23276;5770572;1017884672;21733376;1116069888;0;0;0;0;0;0;0;0;0;0;0;3106;0;0;89;0;80;0;
23277;6290077;1017884672;21733376;1116069888;0;0;0;0;0;0;0;0;0;0;0;3186;0;0;89;0;80;0;
23278;6591101;1017884672;21733376;1116069888;0;0;0;0;0;0;0;0;0;0;0;3346;0;0;89;0;80;0;
23279;6036000;1017884672;21733376;1116069888;0;0;0;0;0;0;0;0;0;0;0;4308;0;0;89;0;80;0;
23280;4751621;1017884672;21733376;1116069888;0;0;0;0;0;0;0;0;0;0;0;3977;0;0;89;0;80;0;
23281;6518685;1017884672;21733376;1116069888;0;0;0;0;0;0;0;0;0;0;0;3837;0;0;89;0;80;0;
23282;4541677;1017884672;21733376;1116069888;0;0;0;0;0;0;0;0;0;0;0;3396;0;0;89;0;80;0;
23283;9538037;1017884672;21733376;1116069888;0;0;0;0;0;0;0;0;0;0;0;4990;0;0;89;0;80;0;
23284;12171186;1017884672;21733376;1116069888;0;0;0;0;0;0;0;0;0;0;0;3477;0;0;89;0;80;0;
23285;6968037;1017884672;21733376;1116069888;0;0;0;0;0;0;0;0;0;0;0;4548;0;0;89;0;80;0;
23286;4386205;1017884672;21733376;1116069888;0;0;0;0;0;0;0;0;0;0;0;3226;0;0;89;0;80;0;
23287;5984133;1017884672;21733376;1116069888;0;0;0;0;0;0;0;0;0;0;0;4479;0;0;89;0;80;0;
23288;5747318;1017884672;21733376;1116069888;0;0;0;0;0;0;0;0;0;0;0;4278;0;0;89;0;80;0;
23289;6398420;1017884672;21733376;1116069888;0;0;0;0;0;0;0;0;0;0;0;3537;0;0;89;0;80;0;
23290;6243348;1017884672;21733376;1116069888;0;0;0;0;0;0;0;0;0;0;0;4869;0;0;89;0;80;0;
23291;6895472;1017884672;21733376;1116069888;0;0;0;0;0;0;0;0;0;0;0;4088;0;0;89;0;80;0;
23292;5250967;1017884672;21733376;1116069888;0;0;0;0;0;0;0;0;0;0;0;3817;0;0;89;0;80;0;
23293;5878104;1017884672;21733376;1116069888;0;0;0;0;0;0;0;0;0;0;0;4709;0;0;89;0;80;0;
23294;4015641;1017884672;21733376;1116069888;0;0;0;0;0;0;0;0;0;0;0;3296;0;0;89;0;80;0;
23295;6265510;1017884672;21733376;1116069888;0;0;0;0;0;0;0;0;0;0;0;4329;0;0;89;0;80;0;
23296;4124084;1017884672;21733376;1116069888;0;0;0;0;0;0;0;0;0;0;0;3346;0;0;89;0;80;0;
23297;5288138;1017884672;21733376;1116069888;0;0;0;0;0;0;0;0;0;0;0;4138;0;0;89;0;80;0;
23298;5152322;1017884672;21733376;1116069888;0;0;0;0;0;0;0;0;0;0;0;4348;0;0;89;0;80;0;
23299;6156776;1017884672;21733376;1116069888;0;0;0;0;0;0;0;0;0;0;0;4278;0;0;89;0;80;0;
23300;6066056;1017884672;21733376;1116069888;0;0;0;0;0;0;0;0;0;0;0;4318;0;0;89;0;80;0;
23301;6955043;1017884672;21733376;1116069888;0;0;0;0;0;0;0;0;0;0;0;64702;0;0;89;0;80;0;
23302;5411228;1017884672;21733376;1116069888;0;0;0;0;0;0;0;0;0;0;0;2705;0;0;89;0;80;0;
23303;5690521;1017884672;21733376;1116069888;0;0;0;0;0;0;0;0;0;0;0;4078;0;0;89;0;80;0;
23304;4939202;1017884672;21733376;1116069888;0;0;0;0;0;0;0;0;0;0;0;4038;0;0;89;0;80;0;
23305;5594682;1017884672;21733376;1116069888;0;0;0;0;0;0;0;0;0;0;0;3767;0;0;89;0;80;0;
23306;4963318;1017884672;21733376;1116069888;0;0;0;0;0;0;0;0;0;0;0;3907;0;0;89;0;80;0;
23307;6383311;1017884672;21733376;1116069888;0;0;0;0;0;0;0;0;0;0;0;4118;0;0;89;0;80;0;
23308;4745790;1017884672;21733376;1116069888;0;0;0;0;0;0;0;0;0;0;0;3597;0;0;89;0;80;0;
23309;5953254;1017884672;21733376;1116069888;0;0;0;0;0;0;0;0;0;0;0;4088;0;0;89;0;80;0;
23310;4413607;1017884672;21733376;1116069888;0;0;0;0;0;0;0;0;0;0;0;4959;0;0;89;0;80;0;
23311;6495882;1017884672;21733376;1116069888;0;0;0;0;0;0;0;0;0;0;0;3827;0;0;89;0;80;0;
23312;4775406;1017884672;21733376;1116069888;0;0;0;0;0;0;0;0;0;0;0;4057;0;0;89;0;80;0;
23313;5534800;1017884672;21733376;1116069888;0;0;0;0;0;0;0;0;0;0;0;4088;0;0;89;0;80;0;
23314;4772380;1017884672;21733376;1116069888;0;0;0;0;0;0;0;0;0;0;0;3867;0;0;89;0;80;0;
23315;5656859;1017884672;21733376;1116069888;0;0;0;0;0;0;0;0;0;0;0;3967;0;0;89;0;80;0;
23316;5062434;1017884672;21733376;1116069888;0;0;0;0;0;0;0;0;0;0;0;3828;0;0;89;0;80;0;
23317;6137831;1017884672;21733376;1116069888;0;0;0;0;0;0;0;0;0;0;0;3336;0;0;89;0;80;0;
23318;3833599;1017884672;21733376;1116069888;0;0;0;0;0;0;0;0;0;0;0;3006;0;0;89;0;80;0;
23319;6855867;1017884672;21733376;1116069888;0;0;0;0;0;0;0;0;0;0;0;4689;0;0;89;0;80;0;
23320;4900691;1017884672;21733376;1116069888;0;0;0;0;0;0;0;0;0;0;0;3697;0;0;89;0;80;0;
23321;6399371;1017884672;21733376;1116069888;0;0;0;0;0;0;0;0;0;0;0;4929;0;0;89;0;80;0;
23322;5136733;1017884672;21733376;1116069888;0;0;0;0;0;0;0;0;0;0;0;4047;0;0;89;0;80;0;
23323;6384303;1017884672;21733376;1116069888;0;0;0;0;0;0;0;0;0;0;0;3236;0;0;89;0;80;0;
23324;4702780;1017884672;21733376;1116069888;0;0;0;0;0;0;0;0;0;0;0;3646;0;0;89;0;80;0;
23325;6190209;1017884672;21733376;1116069888;0;0;0;0;0;0;0;0;0;0;0;3717;0;0;89;0;80;0;
23326;4356630;1017884672;21733376;1116069888;0;0;0;0;0;0;0;0;0;0;0;4468;0;0;89;0;80;0;
23327;6366520;1017884672;21733376;1116069888;0;0;0;0;0;0;0;0;0;0;0;3747;0;0;89;0;80;0;
23328;5187558;1017884672;21733376;1116069888;0;0;0;0;0;0;0;0;0;0;0;4057;0;0;89;0;80;0;
23329;6301458;1017884672;21733376;1116069888;0;0;0;0;0;0;0;0;0;0;0;3276;0;0;89;0;80;0;
23330;4598554;1017884672;21733376;1116069888;0;0;0;0;0;0;0;0;0;0;0;3556;0;0;89;0;80;0;
23331;6841731;1017884672;21733376;1116069888;0;0;0;0;0;0;0;0;0;0;0;4278;0;0;89;0;80;0;
23332;4218140;1017884672;21733376;1116069888;0;0;0;0;0;0;0;0;0;0;0;3146;0;0;89;0;80;0;
23333;6717528;1017884672;21733376;1116069888;0;0;0;0;0;0;0;0;0;0;0;3868;0;0;89;0;80;0;
23334;6860236;1017884672;21733376;1116069888;0;0;0;0;0;0;0;0;0;0;0;5360;0;0;89;0;80;0;
23335;6959101;1017884672;21733376;1116069888;0;0;0;0;0;0;0;0;0;0;0;4248;0;0;89;0;80;0;
23336;6287902;1017884672;21733376;1116069888;0;0;0;0;0;0;0;0;0;0;0;3317;0;0;89;0;80;0;
23337;7485768;1017884672;21733376;1116069888;0;0;0;0;0;0;0;0;0;0;0;4508;0;0;89;0;80;0;
23338;4473910;1017884672;21733376;1116069888;0;0;0;0;0;0;0;0;0;0;0;3987;0;0;89;0;80;0;
23339;7006249;1017884672;21733376;1116069888;0;0;0;0;0;0;0;0;0;0;0;4939;0;0;89;0;80;0;
23340;6247947;1017884672;21733376;1116069888;0;0;0;0;0;0;0;0;0;0;0;4468;0;0;89;0;80;0;
23341;6383582;1017884672;21733376;1116069888;0;0;0;0;0;0;0;0;0;0;0;3025;0;0;89;0;80;0;
23342;5679151;1017884672;21733376;1116069888;0;0;0;0;0;0;0;0;0;0;0;3516;0;0;89;0;80;0;
23343;6766319;1017884672;21733376;1116069888;0;0;0;0;0;0;0;0;0;0;0;3747;0;0;89;0;80;0;
23344;5123279;1017884672;21733376;1116069888;0;0;0;0;0;0;0;0;0;0;0;3056;0;0;89;0;80;0;
23345;5399646;1017884672;21733376;1116069888;0;0;0;0;0;0;0;0;0;0;0;3687;0;0;89;0;80;0;
23346;6756040;1017884672;21733376;1116069888;0;0;0;0;0;0;0;0;0;0;0;3296;0;0;89;0;80;0;
23347;6660361;1017884672;21733376;1116069888;0;0;0;0;0;0;0;0;0;0;0;3476;0;0;89;0;80;0;
23348;4923103;1017884672;21733376;1116069888;0;0;0;0;0;0;0;0;0;0;0;3226;0;0;89;0;80;0;
23349;6330332;1017884672;21733376;1116069888;0;0;0;0;0;0;0;0;0;0;0;2935;0;0;89;0;80;0;
23350;3738662;1017884672;21733376;1116069888;0;0;0;0;0;0;0;0;0;0;0;2564;0;0;89;0;80;0;
23351;6737035;1023148032;28348416;1122684928;0;0;0;0;0;0;0;0;0;0;0;4278;0;0;89;0;80;0;
23352;4929004;1023148032;28348416;1122684928;0;0;0;0;0;0;0;0;0;0;0;3937;0;0;89;0;80;0;
23353;5533427;1023148032;28348416;1122684928;0;0;0;0;0;0;0;0;0;0;0;3557;0;0;89;0;80;0;
23354;4359316;1023148032;28348416;1122684928;0;0;0;0;0;0;0;0;0;0;0;3346;0;0;89;0;80;0;
23355;6181262;1023148032;28348416;1122684928;0;0;0;0;0;0;0;0;0;0;0;3788;0;0;89;0;80;0;
23356;5495646;1023148032;28348416;1122684928;0;0;0;0;0;0;0;0;0;0;0;3396;0;0;89;0;80;0;
23357;5640999;1023148032;28348416;1122684928;0;0;0;0;0;0;0;0;0;0;0;3697;0;0;89;0;80;0;
23358;5290842;1023148032;28348416;1122684928;0;0;0;0;0;0;0;0;0;0;0;3236;0;0;89;0;80;0;
23359;6182284;1023148032;28348416;1122684928;0;0;0;0;0;0;0;0;0;0;0;3627;0;0;89;0;80;0;
23360;4623491;1017884672;21733376;1116069888;0;0;0;0;0;0;0;0;0;0;0;4048;0;0;89;0;80;0;
23361;6400905;1017884672;21733376;1116069888;0;0;0;0;0;0;0;0;0;0;0;4298;0;0;89;0;80;0;
23362;4262694;1017884672;21733376;1116069888;0;0;0;0;0;0;0;0;0;0;0;3356;0;0;89;0;80;0;
23363;5670634;1017884672;21733376;1116069888;0;0;0;0;0;0;0;0;0;0;0;3316;0;0;89;0;80;0;
23364;5478193;1017884672;21733376;1116069888;0;0;0;0;0;0;0;0;0;0;0;3737;0;0;89;0;80;0;
23365;5948866;1017884672;21733376;1116069888;0;0;0;0;0;0;0;0;0;0;0;3967;0;0;89;0;80;0;
23366;6069853;1017884672;21733376;1116069888;0;0;0;0;0;0;0;0;0;0;0;3526;0;0;89;0;80;0;
23367;6605548;1017884672;21733376;1116069888;0;0;0;0;0;0;0;0;0;0;0;3797;0;0;89;0;80;0;
23368;4574549;1017884672;21733376;1116069888;0;0;0;0;0;0;0;0;0;0;0;3376;0;0;89;0;80;0;
23369;6861007;1017884672;21737472;1116073984;0;0;0;0;0;0;0;0;0;0;0;3828;0;0;89;0;80;0;
23370;5033851;1017884672;21741568;1116078080;0;0;0;0;0;0;0;0;0;0;0;3296;0;0;89;0;80;0;
23371;6135857;1017884672;21741568;1116078080;0;0;0;0;0;0;0;0;0;0;0;67787;0;0;89;0;80;0;
23372;5730898;1017884672;21741568;1116078080;0;0;0;0;0;0;0;0;0;0;0;4168;0;0;89;0;80;0;
23373;6221037;1017884672;21741568;1116078080;0;0;0;0;0;0;0;0;0;0;0;3457;0;0;89;0;80;0;
23374;5055942;1017884672;21741568;1116078080;0;0;0;0;0;0;0;0;0;0;0;3446;0;0;89;0;80;0;
23375;5855912;1017884672;21741568;1116078080;0;0;0;0;0;0;0;0;0;0;0;3236;0;0;89;0;80;0;
23376;5043819;1017884672;21733376;1116069888;0;0;0;0;0;0;0;0;0;0;0;3957;0;0;89;0;80;0;
23377;5745975;1017884672;21733376;1116069888;0;0;0;0;0;0;0;0;0;0;0;3697;0;0;89;0;80;0;
23378;6595389;1017884672;21733376;1116069888;0;0;0;0;0;0;0;0;0;0;0;3657;0;0;89;0;80;0;
23379;6455877;1017884672;21733376;1116069888;0;0;0;0;0;0;0;0;0;0;0;3617;0;0;89;0;80;0;
23380;5765633;1017884672;21733376;1116069888;0;0;0;0;0;0;0;0;0;0;0;3687;0;0;89;0;80;0;
23381;6905450;1017884672;21733376;1116069888;0;0;0;0;0;0;0;0;0;0;0;3637;0;0;89;0;80;0;
23382;4920017;1017884672;21733376;1116069888;0;0;0;0;0;0;0;0;0;0;0;3676;0;0;89;0;80;0;
23383;7020466;1017884672;21733376;1116069888;0;0;0;0;0;0;0;0;0;0;0;3477;0;0;89;0;80;0;
23384;5752108;1017884672;21733376;1116069888;0;0;0;0;0;0;0;0;0;0;0;4448;0;0;89;0;80;0;
23385;5340005;1017884672;21733376;1116069888;0;0;0;0;0;0;0;0;0;0;0;3557;0;0;89;0;80;0;
23386;6630455;1017884672;21733376;1116069888;0;0;0;0;0;0;0;0;0;0;0;3096;0;0;89;0;80;0;
23387;6768914;1017884672;21733376;1116069888;0;0;0;0;0;0;0;0;0;0;0;3937;0;0;89;0;80;0;
23388;4242486;1017884672;21733376;1116069888;0;0;0;0;0;0;0;0;0;0;0;3427;0;0;89;0;80;0;
23389;7361987;1017884672;21733376;1116069888;0;0;0;0;0;0;0;0;0;0;0;3126;0;0;89;0;80;0;
23390;5291464;1017884672;21733376;1116069888;0;0;0;0;0;0;0;0;0;0;0;3466;0;0;89;0;80;0;
23391;6498137;1017884672;21733376;1116069888;0;0;0;0;0;0;0;0;0;0;0;2945;0;0;89;0;80;0;
23392;5278850;1017884672;21733376;1116069888;0;0;0;0;0;0;0;0;0;0;0;2946;0;0;89;0;80;0;
23393;6085733;1017884672;21733376;1116069888;0;0;0;0;0;0;0;0;0;0;0;2645;0;0;89;0;80;0;
23394;5242241;1017884672;21733376;1116069888;0;0;0;0;0;0;0;0;0;0;0;4228;0;0;89;0;80;0;
23395;6695487;1017884672;21733376;1116069888;0;0;0;0;0;0;0;0;0;0;0;3877;0;0;89;0;80;0;
23396;5110244;1017884672;21733376;1116069888;0;0;0;0;0;0;0;0;0;0;0;2965;0;0;89;0;80;0;
23397;6676110;1017884672;21733376;1116069888;0;0;0;0;0;0;0;0;0;0;0;3316;0;0;89;0;80;0;
23398;4371839;1017884672;21733376;1116069888;0;0;0;0;0;0;0;0;0;0;0;2946;0;0;89;0;80;0;
23399;6414299;1017884672;21733376;1116069888;0;0;0;0;0;0;0;0;0;0;0;4137;0;0;89;0;80;0;
23400;6517513;1017884672;21733376;1116069888;0;0;0;0;0;0;0;0;0;0;0;3847;0;0;89;0;80;0;
23401;5698367;1017884672;21733376;1116069888;0;0;0;0;0;0;0;0;0;0;0;3657;0;0;89;0;80;0;
23402;4664558;1017884672;21733376;1116069888;0;0;0;0;0;0;0;0;0;0;0;3196;0;0;89;0;80;0;
23403;7000148;1017884672;21733376;1116069888;0;0;0;0;0;0;0;0;0;0;0;3767;0;0;89;0;80;0;
23404;5950239;1017884672;21733376;1116069888;0;0;0;0;0;0;0;0;0;0;0;3517;0;0;89;0;80;0;
23405;6190359;1017884672;21733376;1116069888;0;0;0;0;0;0;0;0;0;0;0;3567;0;0;89;0;80;0;
23406;5674522;1017884672;21733376;1116069888;0;0;0;0;0;0;0;0;0;0;0;3176;0;0;89;0;80;0;
23407;5700140;1017884672;21733376;1116069888;0;0;0;0;0;0;0;0;0;0;0;3687;0;0;89;0;80;0;
23408;4818196;1017884672;21733376;1116069888;0;0;0;0;0;0;0;0;0;0;0;3326;0;0;89;0;80;0;
23409;6535386;1017884672;21733376;1116069888;0;0;0;0;0;0;0;0;0;0;0;2795;0;0;89;0;80;0;
23410;4439466;1017884672;21733376;1116069888;0;0;0;0;0;0;0;0;0;0;0;3536;0;0;89;0;80;0;
23411;6664559;1017884672;21733376;1116069888;0;0;0;0;0;0;0;0;0;0;0;3767;0;0;89;0;80;0;
23412;6842422;1017884672;21733376;1116069888;0;0;0;0;0;0;0;0;0;0;0;4258;0;0;89;0;80;0;
23413;5994322;1017884672;21733376;1116069888;0;0;0;0;0;0;0;0;0;0;0;3717;0;0;89;0;80;0;
23414;6710815;1017884672;21733376;1116069888;0;0;0;0;0;0;0;0;0;0;0;3266;0;0;89;0;80;0;
23415;11243726;1017884672;21733376;1116069888;0;0;0;0;0;0;0;0;0;0;0;4629;0;0;89;0;80;0;
23416;7255136;1017884672;21733376;1116069888;0;0;0;0;0;0;0;0;0;0;0;6111;0;0;89;0;80;0;
23417;5741678;1017884672;21733376;1116069888;0;0;0;0;0;0;0;0;0;0;0;4308;0;0;89;0;80;0;
23418;7147604;1017884672;21733376;1116069888;0;0;0;0;0;0;0;0;0;0;0;4458;0;0;89;0;80;0;
23419;6887497;1017884672;21733376;1116069888;0;0;0;0;0;0;0;0;0;0;0;4248;0;0;89;0;80;0;
23420;6165593;1017884672;21733376;1116069888;0;0;0;0;0;0;0;0;0;0;0;4057;0;0;89;0;80;0;
23421;7180416;1017884672;21733376;1116069888;0;0;0;0;0;0;0;0;0;0;0;4088;0;0;89;0;80;0;
23422;5018271;1017884672;21733376;1116069888;0;0;0;0;0;0;0;0;0;0;0;4569;0;0;89;0;80;0;
23423;5572000;1017884672;21733376;1116069888;0;0;0;0;0;0;0;0;0;0;0;4178;0;0;89;0;80;0;
23424;6271221;1017884672;21733376;1116069888;0;0;0;0;0;0;0;0;0;0;0;10900;0;0;89;0;80;0;
23425;6852962;1017884672;21733376;1116069888;0;0;0;0;0;0;0;0;0;0;0;5590;0;0;89;0;80;0;
23426;6961887;1017884672;21733376;1116069888;0;0;0;0;0;0;0;0;0;0;0;4859;0;0;89;0;80;0;
23427;6968609;1017884672;21733376;1116069888;0;0;0;0;0;0;0;0;0;0;0;4498;0;0;89;0;80;0;
23428;5885298;1017884672;21733376;1116069888;0;0;0;0;0;0;0;0;0;0;0;5210;0;0;89;0;80;0;
23429;7964908;1017884672;21733376;1116069888;0;0;0;0;0;0;0;0;0;0;0;4718;0;0;89;0;80;0;
23430;6298872;1017884672;21733376;1116069888;0;0;0;0;0;0;0;0;0;0;0;4879;0;0;89;0;80;0;
23431;8164181;1017884672;21733376;1116069888;0;0;0;0;0;0;0;0;0;0;0;5421;0;0;89;0;80;0;
23432;5894785;1017884672;21733376;1116069888;0;0;0;0;0;0;0;0;0;0;0;4177;0;0;89;0;80;0;
23433;6392358;1017884672;21733376;1116069888;0;0;0;0;0;0;0;0;0;0;0;5420;0;0;89;0;80;0;
23434;7875760;1017884672;21733376;1116069888;0;0;0;0;0;0;0;0;0;0;0;4348;0;0;89;0;80;0;
23435;6333978;1017884672;21733376;1116069888;0;0;0;0;0;0;0;0;0;0;0;4418;0;0;89;0;80;0;
23436;7290613;1017884672;21733376;1116069888;0;0;0;0;0;0;0;0;0;0;0;4829;0;0;89;0;80;0;
23437;6214395;1017884672;21733376;1116069888;0;0;0;0;0;0;0;0;0;0;0;4518;0;0;89;0;80;0;
23438;6948421;1017884672;21733376;1116069888;0;0;0;0;0;0;0;0;0;0;0;4989;0;0;89;0;80;0;
23439;6332797;1017884672;21733376;1116069888;0;0;0;0;0;0;0;0;0;0;0;4128;0;0;89;0;80;0;
23440;6796717;1017884672;21733376;1116069888;0;0;0;0;0;0;0;0;0;0;0;5601;0;0;89;0;80;0;
23441;7790531;1017884672;21733376;1116069888;0;0;0;0;0;0;0;0;0;0;0;4408;0;0;89;0;80;0;
23442;6792578;1017884672;21733376;1116069888;0;0;0;0;0;0;0;0;0;0;0;4659;0;0;89;0;80;0;
23443;6837613;1017884672;21733376;1116069888;0;0;0;0;0;0;0;0;0;0;0;4698;0;0;89;0;80;0;
23444;6545816;1017884672;21733376;1116069888;0;0;0;0;0;0;0;0;0;0;0;4509;0;0;89;0;80;0;
23445;7036275;1023148032;28348416;1122684928;0;0;0;0;0;0;0;0;0;0;0;5200;0;0;89;0;80;0;
23446;6999787;1023148032;28348416;1122684928;0;0;0;0;0;0;0;0;0;0;0;4719;0;0;89;0;80;0;
23447;6895271;1023148032;28348416;1122684928;0;0;0;0;0;0;0;0;0;0;0;5400;0;0;89;0;80;0;
23448;6718690;1023148032;28348416;1122684928;0;0;0;0;0;0;0;0;0;0;0;4328;0;0;89;0;80;0;
23449;12179051;1023148032;28348416;1122684928;0;0;0;0;0;0;0;0;0;0;0;6202;0;0;89;0;80;0;
23450;7305281;1023148032;28348416;1122684928;0;0;0;0;0;0;0;0;0;0;0;4077;0;0;89;0;80;0;
23451;6534064;1023148032;28348416;1122684928;0;0;0;0;0;0;0;0;0;0;0;3827;0;0;89;0;80;0;
23452;5327842;1023148032;28348416;1122684928;0;0;0;0;0;0;0;0;0;0;0;4779;0;0;89;0;80;0;
23453;7230550;1023148032;28348416;1122684928;0;0;0;0;0;0;0;0;0;0;0;5551;0;0;89;0;80;0;
23454;6302279;1017884672;21733376;1116069888;0;0;0;0;0;0;0;0;0;0;0;4028;0;0;89;0;80;0;
23455;6701138;1017884672;21733376;1116069888;0;0;0;0;0;0;0;0;0;0;0;5400;0;0;89;0;80;0;
23456;4277341;1017884672;21733376;1116069888;0;0;0;0;0;0;0;0;0;0;0;3346;0;0;89;0;80;0;
23457;6557598;1017884672;21733376;1116069888;0;0;0;0;0;0;0;0;0;0;0;4318;0;0;89;0;80;0;
23458;5863185;1017884672;21733376;1116069888;0;0;0;0;0;0;0;0;0;0;0;4288;0;0;89;0;80;0;
23459;5593961;1017884672;21733376;1116069888;0;0;0;0;0;0;0;0;0;0;0;4779;0;0;89;0;80;0;
23460;6631116;1017884672;21733376;1116069888;0;0;0;0;0;0;0;0;0;0;0;5501;0;0;89;0;80;0;
23461;6362082;1017884672;21733376;1116069888;0;0;0;0;0;0;0;0;0;0;0;3537;0;0;89;0;80;0;
23462;5764511;1017884672;21733376;1116069888;0;0;0;0;0;0;0;0;0;0;0;4128;0;0;89;0;80;0;
23463;7064559;1017884672;21733376;1116069888;0;0;0;0;0;0;0;0;0;0;0;3927;0;0;89;0;80;0;
23464;6285207;1017884672;21733376;1116069888;0;0;0;0;0;0;0;0;0;0;0;4138;0;0;89;0;80;0;
23465;5564736;1017884672;21733376;1116069888;0;0;0;0;0;0;0;0;0;0;0;3106;0;0;89;0;80;0;
23466;5429682;1017884672;21733376;1116069888;0;0;0;0;0;0;0;0;0;0;0;3536;0;0;89;0;80;0;
23467;7251819;1017884672;21733376;1116069888;0;0;0;0;0;0;0;0;0;0;0;4288;0;0;89;0;80;0;
23468;6590931;1017884672;21733376;1116069888;0;0;0;0;0;0;0;0;0;0;0;3236;0;0;89;0;80;0;
23469;6292400;1017884672;21733376;1116069888;0;0;0;0;0;0;0;0;0;0;0;4047;0;0;89;0;80;0;
23470;5123128;1017884672;21733376;1116069888;0;0;0;0;0;0;0;0;0;0;0;3487;0;0;89;0;80;0;
23471;6451369;1017884672;21733376;1116069888;0;0;0;0;0;0;0;0;0;0;0;3647;0;0;89;0;80;0;
23472;7018002;1017884672;21733376;1116069888;0;0;0;0;0;0;0;0;0;0;0;3616;0;0;89;0;80;0;
23473;6245743;1017884672;21733376;1116069888;0;0;0;0;0;0;0;0;0;0;0;3276;0;0;89;0;80;0;
23474;6506212;1017884672;21733376;1116069888;0;0;0;0;0;0;0;0;0;0;0;3768;0;0;89;0;80;0;
23475;6770156;1017884672;21733376;1116069888;0;0;0;0;0;0;0;0;0;0;0;4107;0;0;89;0;80;0;
23476;7821338;1017884672;21733376;1116069888;0;0;0;0;0;0;0;0;0;0;0;3997;0;0;89;0;80;0;
23477;7855342;1017884672;21733376;1116069888;0;0;0;0;0;0;0;0;0;0;0;3968;0;0;89;0;80;0;
23478;6991492;1017884672;21733376;1116069888;0;0;0;0;0;0;0;0;0;0;0;3877;0;0;89;0;80;0;
23479;7539689;1017884672;21733376;1116069888;0;0;0;0;0;0;0;0;0;0;0;3616;0;0;89;0;80;0;
23480;5751747;1017884672;21733376;1116069888;0;0;0;0;0;0;0;0;0;0;0;3406;0;0;89;0;80;0;
23481;8336694;1017884672;21733376;1116069888;0;0;0;0;0;0;0;0;0;0;0;4479;0;0;89;0;80;0;
23482;5879216;1017884672;21733376;1116069888;0;0;0;0;0;0;0;0;0;0;0;4939;0;0;89;0;80;0;
23483;8738307;1017884672;21733376;1116069888;0;0;0;0;0;0;0;0;0;0;0;4328;0;0;89;0;80;0;
23484;4983305;1017884672;21733376;1116069888;0;0;0;0;0;0;0;0;0;0;0;3647;0;0;89;0;80;0;
23485;8355199;1017884672;21733376;1116069888;0;0;0;0;0;0;0;0;0;0;0;3567;0;0;89;0;80;0;
23486;7487993;1017884672;21733376;1116069888;0;0;0;0;0;0;0;0;0;0;0;3857;0;0;89;0;80;0;
23487;6619885;1017884672;21733376;1116069888;0;0;0;0;0;0;0;0;0;0;0;3216;0;0;89;0;80;0;
23488;5456152;1017884672;21733376;1116069888;0;0;0;0;0;0;0;0;0;0;0;3527;0;0;89;0;80;0;
23489;7014785;1017884672;21733376;1116069888;0;0;0;0;0;0;0;0;0;0;0;4218;0;0;89;0;80;0;
23490;6050607;1017884672;21733376;1116069888;0;0;0;0;0;0;0;0;0;0;0;3968;0;0;89;0;80;0;
23491;7198399;1017884672;21733376;1116069888;0;0;0;0;0;0;0;0;0;0;0;3136;0;0;89;0;80;0;
23492;6020380;1017884672;21733376;1116069888;0;0;0;0;0;0;0;0;0;0;0;3276;0;0;89;0;80;0;
23493;7799748;1017884672;21733376;1116069888;0;0;0;0;0;0;0;0;0;0;0;3868;0;0;89;0;80;0;
23494;5427769;1017884672;21733376;1116069888;0;0;0;0;0;0;0;0;0;0;0;3757;0;0;89;0;80;0;
23495;7851013;1017884672;21733376;1116069888;0;0;0;0;0;0;0;0;0;0;0;4168;0;0;89;0;80;0;
23496;8272575;1017884672;21733376;1116069888;0;0;0;0;0;0;0;0;0;0;0;3517;0;0;89;0;80;0;
23497;5909603;1017884672;21733376;1116069888;0;0;0;0;0;0;0;0;0;0;0;3707;0;0;89;0;80;0;
23498;6586412;1017884672;21733376;1116069888;0;0;0;0;0;0;0;0;0;0;0;3767;0;0;89;0;80;0;
23499;5956271;1017884672;21733376;1116069888;0;0;0;0;0;0;0;0;0;0;0;3576;0;0;89;0;80;0;
23500;6048683;1017884672;21733376;1116069888;0;0;0;0;0;0;0;0;0;0;0;3677;0;0;89;0;80;0;
23501;8332767;1017884672;21733376;1116069888;0;0;0;0;0;0;0;0;0;0;0;3727;0;0;89;0;80;0;
23502;5695341;1017884672;21733376;1116069888;0;0;0;0;0;0;0;0;0;0;0;3106;0;0;89;0;80;0;
23503;7597859;1017884672;21733376;1116069888;0;0;0;0;0;0;0;0;0;0;0;3437;0;0;89;0;80;0;
23504;4500760;1017884672;21733376;1116069888;0;0;0;0;0;0;0;0;0;0;0;3116;0;0;89;0;80;0;
23505;5878595;1017884672;21733376;1116069888;0;0;0;0;0;0;0;0;0;0;0;4378;0;0;89;0;80;0;
23506;5013261;1017884672;21733376;1116069888;0;0;0;0;0;0;0;0;0;0;0;3587;0;0;89;0;80;0;
23507;7411740;1017884672;21733376;1116069888;0;0;0;0;0;0;0;0;0;0;0;3507;0;0;89;0;80;0;
23508;6606740;1017884672;21733376;1116069888;0;0;0;0;0;0;0;0;0;0;0;3827;0;0;89;0;80;0;
23509;6897726;1017884672;21733376;1116069888;0;0;0;0;0;0;0;0;0;0;0;3907;0;0;89;0;80;0;
23510;5437959;1017884672;21733376;1116069888;0;0;0;0;0;0;0;0;0;0;0;3877;0;0;89;0;80;0;
23511;7165328;1017884672;21733376;1116069888;0;0;0;0;0;0;0;0;0;0;0;3296;0;0;89;0;80;0;
23512;4608372;1017884672;21733376;1116069888;0;0;0;0;0;0;0;0;0;0;0;3687;0;0;89;0;80;0;
23513;7981468;1017884672;21733376;1116069888;0;0;0;0;0;0;0;0;0;0;0;11061;0;0;89;0;80;0;
23514;5671706;1017884672;21733376;1116069888;0;0;0;0;0;0;0;0;0;0;0;3928;0;0;89;0;80;0;
23515;6445277;1017884672;21733376;1116069888;0;0;0;0;0;0;0;0;0;0;0;3627;0;0;89;0;80;0;
23516;5796601;1017884672;21733376;1116069888;0;0;0;0;0;0;0;0;0;0;0;4438;0;0;89;0;80;0;
23517;6127882;1017884672;21733376;1116069888;0;0;0;0;0;0;0;0;0;0;0;3957;0;0;89;0;80;0;
23518;7605774;1017884672;21733376;1116069888;0;0;0;0;0;0;0;0;0;0;0;3918;0;0;89;0;80;0;
23519;7142305;1017884672;21733376;1116069888;0;0;0;0;0;0;0;0;0;0;0;3677;0;0;89;0;80;0;
23520;5815476;1017884672;21733376;1116069888;0;0;0;0;0;0;0;0;0;0;0;3647;0;0;89;0;80;0;
23521;8892867;1017884672;21733376;1116069888;0;0;0;0;0;0;0;0;0;0;0;3657;0;0;89;0;80;0;
23522;5845613;1017884672;21733376;1116069888;0;0;0;0;0;0;0;0;0;0;0;3236;0;0;89;0;80;0;
23523;7746878;1017884672;21733376;1116069888;0;0;0;0;0;0;0;0;0;0;0;3566;0;0;89;0;80;0;
23524;5737129;1017884672;21733376;1116069888;0;0;0;0;0;0;0;0;0;0;0;3477;0;0;89;0;80;0;
23525;7606866;1017884672;21733376;1116069888;0;0;0;0;0;0;0;0;0;0;0;3557;0;0;89;0;80;0;
23526;6337095;1017884672;21733376;1116069888;0;0;0;0;0;0;0;0;0;0;0;3126;0;0;89;0;80;0;
23527;6881806;1017884672;21733376;1116069888;0;0;0;0;0;0;0;0;0;0;0;3487;0;0;89;0;80;0;
23528;5322542;1017884672;21733376;1116069888;0;0;0;0;0;0;0;0;0;0;0;3206;0;0;89;0;80;0;
23529;6959562;1017884672;21733376;1116069888;0;0;0;0;0;0;0;0;0;0;0;4057;0;0;89;0;80;0;
23530;6057180;1017884672;21733376;1116069888;0;0;0;0;0;0;0;0;0;0;0;3446;0;0;89;0;80;0;
23531;8241596;1017884672;21733376;1116069888;0;0;0;0;0;0;0;0;0;0;0;2956;0;0;89;0;80;0;
23532;4110559;1017884672;21733376;1116069888;0;0;0;0;0;0;0;0;0;0;0;2996;0;0;89;0;80;0;
23533;5151821;1017884672;21733376;1116069888;0;0;0;0;0;0;0;0;0;0;0;63860;0;0;89;0;80;0;
23534;6734760;1017884672;21733376;1116069888;0;0;0;0;0;0;0;0;0;0;0;3347;0;0;89;0;80;0;
23535;5171218;1017884672;21733376;1116069888;0;0;0;0;0;0;0;0;0;0;0;3176;0;0;89;0;80;0;
23536;6194958;1017884672;21733376;1116069888;0;0;0;0;0;0;0;0;0;0;0;2966;0;0;89;0;80;0;
23537;6644651;1017884672;21733376;1116069888;0;0;0;0;0;0;0;0;0;0;0;3276;0;0;89;0;80;0;
23538;5949478;1017884672;21733376;1116069888;0;0;0;0;0;0;0;0;0;0;0;3748;0;0;89;0;80;0;
23539;8755009;1023148032;28348416;1122684928;0;0;0;0;0;0;0;0;0;0;0;3657;0;0;89;0;80;0;
23540;4998354;1023148032;28348416;1122684928;0;0;0;0;0;0;0;0;0;0;0;3817;0;0;89;0;80;0;
23541;7740386;1023148032;28348416;1122684928;0;0;0;0;0;0;0;0;0;0;0;3616;0;0;89;0;80;0;
23542;4057940;1023148032;28348416;1122684928;0;0;0;0;0;0;0;0;0;0;0;3697;0;0;89;0;80;0;
23543;7718645;1023148032;28348416;1122684928;0;0;0;0;0;0;0;0;0;0;0;3777;0;0;89;0;80;0;
23544;6408458;1023148032;28348416;1122684928;0;0;0;0;0;0;0;0;0;0;0;3186;0;0;89;0;80;0;
23545;6760178;1023148032;28348416;1122684928;0;0;0;0;0;0;0;0;0;0;0;5981;0;0;89;0;80;0;
23546;6199126;1023148032;28352512;1122689024;0;0;0;0;0;0;0;0;0;0;0;3898;0;0;89;0;80;0;
23547;6001235;1023148032;28352512;1122689024;0;0;0;0;0;0;0;0;0;0;0;2945;0;0;89;0;80;0;
23548;5463667;1017888768;21737472;1116073984;0;0;0;0;0;0;0;0;0;0;0;3046;0;0;89;0;80;0;
23549;5997908;1017888768;21737472;1116073984;0;0;0;0;0;0;0;0;0;0;0;3667;0;0;89;0;80;0;
23550;4681310;1017888768;21737472;1116073984;0;0;0;0;0;0;0;0;0;0;0;3457;0;0;89;0;80;0;
23551;5161340;1017888768;21737472;1116073984;0;0;0;0;0;0;0;0;0;0;0;3617;0;0;89;0;80;0;
23552;3802942;1017888768;21737472;1116073984;0;0;0;0;0;0;0;0;0;0;0;3196;0;0;89;0;80;0;
23553;6447441;1017888768;21737472;1116073984;0;0;0;0;0;0;0;0;0;0;0;3166;0;0;89;0;80;0;
23554;4620445;1017888768;21737472;1116073984;0;0;0;0;0;0;0;0;0;0;0;3156;0;0;89;0;80;0;
23555;4986692;1017888768;21737472;1116073984;0;0;0;0;0;0;0;0;0;0;0;2785;0;0;89;0;80;0;
23556;3608307;1017888768;21737472;1116073984;0;0;0;0;0;0;0;0;0;0;0;2555;0;0;89;0;80;0;
23557;7118009;1017888768;21737472;1116073984;0;0;0;0;0;0;0;0;0;0;0;3787;0;0;89;0;80;0;
23558;4317076;1017888768;21737472;1116073984;0;0;0;0;0;0;0;0;0;0;0;3126;0;0;89;0;80;0;
23559;5841996;1017888768;21737472;1116073984;0;0;0;0;0;0;0;0;0;0;0;3086;0;0;89;0;80;0;
23560;4767451;1017888768;21737472;1116073984;0;0;0;0;0;0;0;0;0;0;0;2495;0;0;89;0;80;0;
23561;5342209;1017888768;21737472;1116073984;0;0;0;0;0;0;0;0;0;0;0;2915;0;0;89;0;80;0;
23562;5094124;1017888768;21737472;1116073984;0;0;0;0;0;0;0;0;0;0;0;3496;0;0;89;0;80;0;
23563;6107464;1017888768;21737472;1116073984;0;0;0;0;0;0;0;0;0;0;0;2936;0;0;89;0;80;0;
23564;4070624;1017888768;21737472;1116073984;0;0;0;0;0;0;0;0;0;0;0;2756;0;0;89;0;80;0;
23565;6428876;1017888768;21737472;1116073984;0;0;0;0;0;0;0;0;0;0;0;2756;0;0;89;0;80;0;
23566;3749902;1017888768;21737472;1116073984;0;0;0;0;0;0;0;0;0;0;0;2665;0;0;89;0;80;0;
23567;4854604;1017888768;21737472;1116073984;0;0;0;0;0;0;0;0;0;0;0;2565;0;0;89;0;80;0;
23568;3975595;1017888768;21737472;1116073984;0;0;0;0;0;0;0;0;0;0;0;2916;0;0;89;0;80;0;
23569;5120453;1017888768;21737472;1116073984;0;0;0;0;0;0;0;0;0;0;0;2996;0;0;89;0;80;0;
23570;4033314;1017888768;21737472;1116073984;0;0;0;0;0;0;0;0;0;0;0;3116;0;0;89;0;80;0;
23571;5930873;1017888768;21737472;1116073984;0;0;0;0;0;0;0;0;0;0;0;2836;0;0;89;0;80;0;
23572;3810176;1017888768;21737472;1116073984;0;0;0;0;0;0;0;0;0;0;0;2525;0;0;89;0;80;0;
23573;6289695;1017888768;21737472;1116073984;0;0;0;0;0;0;0;0;0;0;0;3216;0;0;89;0;80;0;
23574;4506402;1017888768;21737472;1116073984;0;0;0;0;0;0;0;0;0;0;0;3677;0;0;89;0;80;0;
23575;7576359;1017888768;21737472;1116073984;0;0;0;0;0;0;0;0;0;0;0;3697;0;0;89;0;80;0;
23576;6440619;1017888768;21737472;1116073984;0;0;0;0;0;0;0;0;0;0;0;3517;0;0;89;0;80;0;
23577;7415838;1017888768;21737472;1116073984;0;0;0;0;0;0;0;0;0;0;0;4358;0;0;89;0;80;0;
23578;7126545;1017888768;21737472;1116073984;0;0;0;0;0;0;0;0;0;0;0;4348;0;0;89;0;80;0;
23579;6134274;1017888768;21737472;1116073984;0;0;0;0;0;0;0;0;0;0;0;3075;0;0;89;0;80;0;
23580;8427534;1017888768;21737472;1116073984;0;0;0;0;0;0;0;0;0;0;0;4398;0;0;89;0;80;0;
23581;7248714;1017888768;21737472;1116073984;0;0;0;0;0;0;0;0;0;0;0;3617;0;0;89;0;80;0;
23582;5519581;1017888768;21737472;1116073984;0;0;0;0;0;0;0;0;0;0;0;3206;0;0;89;0;80;0;
23583;7115244;1017888768;21737472;1116073984;0;0;0;0;0;0;0;0;0;0;0;3977;0;0;89;0;80;0;
23584;5523790;1017888768;21737472;1116073984;0;0;0;0;0;0;0;0;0;0;0;3627;0;0;89;0;80;0;
23585;7867204;1017888768;21737472;1116073984;0;0;0;0;0;0;0;0;0;0;0;4378;0;0;89;0;80;0;
23586;6171895;1017888768;21737472;1116073984;0;0;0;0;0;0;0;0;0;0;0;3727;0;0;89;0;80;0;
23587;6626397;1017888768;21737472;1116073984;0;0;0;0;0;0;0;0;0;0;0;3757;0;0;89;0;80;0;
23588;4139613;1017888768;21737472;1116073984;0;0;0;0;0;0;0;0;0;0;0;2905;0;0;89;0;80;0;
23589;6214043;1017888768;21737472;1116073984;0;0;0;0;0;0;0;0;0;0;0;3336;0;0;89;0;80;0;
23590;4284255;1017888768;21737472;1116073984;0;0;0;0;0;0;0;0;0;0;0;3246;0;0;89;0;80;0;
23591;6065275;1017888768;21737472;1116073984;0;0;0;0;0;0;0;0;0;0;0;3406;0;0;89;0;80;0;
23592;7199041;1017888768;21737472;1116073984;0;0;0;0;0;0;0;0;0;0;0;3507;0;0;89;0;80;0;
23593;6692281;1017888768;21737472;1116073984;0;0;0;0;0;0;0;0;0;0;0;3366;0;0;89;0;80;0;
23594;4061096;1017888768;21737472;1116073984;0;0;0;0;0;0;0;0;0;0;0;2755;0;0;89;0;80;0;
23595;6207351;1017888768;21737472;1116073984;0;0;0;0;0;0;0;0;0;0;0;2705;0;0;89;0;80;0;
23596;4476134;1017888768;21737472;1116073984;0;0;0;0;0;0;0;0;0;0;0;2635;0;0;89;0;80;0;
23597;5864298;1017888768;21737472;1116073984;0;0;0;0;0;0;0;0;0;0;0;2605;0;0;89;0;80;0;
23598;3226691;1017888768;21737472;1116073984;0;0;0;0;0;0;0;0;0;0;0;2364;0;0;89;0;80;0;
23599;5347218;1017888768;21737472;1116073984;0;0;0;0;0;0;0;0;0;0;0;2605;0;0;89;0;80;0;
23600;4307438;1017888768;21737472;1116073984;0;0;0;0;0;0;0;0;0;0;0;2655;0;0;89;0;80;0;
23601;5337740;1017888768;21737472;1116073984;0;0;0;0;0;0;0;0;0;0;0;2926;0;0;89;0;80;0;
23602;3500875;1017888768;21737472;1116073984;0;0;0;0;0;0;0;0;0;0;0;2454;0;0;89;0;80;0;
23603;4917372;1017888768;21737472;1116073984;0;0;0;0;0;0;0;0;0;0;0;2645;0;0;89;0;80;0;
23604;3723744;1017888768;21737472;1116073984;0;0;0;0;0;0;0;0;0;0;0;2505;0;0;89;0;80;0;
23605;5512007;1017888768;21737472;1116073984;0;0;0;0;0;0;0;0;0;0;0;2926;0;0;89;0;80;0;
23606;4251583;1017888768;21737472;1116073984;0;0;0;0;0;0;0;0;0;0;0;2795;0;0;89;0;80;0;
23607;5661307;1017888768;21737472;1116073984;0;0;0;0;0;0;0;0;0;0;0;2355;0;0;89;0;80;0;
23608;5636511;1017888768;21737472;1116073984;0;0;0;0;0;0;0;0;0;0;0;2755;0;0;89;0;80;0;
23609;6162336;1017888768;21737472;1116073984;0;0;0;0;0;0;0;0;0;0;0;3056;0;0;89;0;80;0;
23610;4865154;1017888768;21737472;1116073984;0;0;0;0;0;0;0;0;0;0;0;2735;0;0;89;0;80;0;
23611;8401746;1017888768;21737472;1116073984;0;0;0;0;0;0;0;0;0;0;0;2836;0;0;89;0;80;0;
23612;10266644;1017888768;21737472;1116073984;0;0;0;0;0;0;0;0;0;0;0;2545;0;0;89;0;80;0;
23613;6551317;1017888768;21737472;1116073984;0;0;0;0;0;0;0;0;0;0;0;2936;0;0;89;0;80;0;
23614;6024478;1017888768;21737472;1116073984;0;0;0;0;0;0;0;0;0;0;0;2905;0;0;89;0;80;0;
23615;6027364;1017888768;21737472;1116073984;0;0;0;0;0;0;0;0;0;0;0;2976;0;0;89;0;80;0;
23616;3594421;1017888768;21737472;1116073984;0;0;0;0;0;0;0;0;0;0;0;2735;0;0;89;0;80;0;
23617;5646639;1017888768;21737472;1116073984;0;0;0;0;0;0;0;0;0;0;0;2755;0;0;89;0;80;0;
23618;4277632;1017888768;21737472;1116073984;0;0;0;0;0;0;0;0;0;0;0;2986;0;0;89;0;80;0;
23619;5569976;1017888768;21737472;1116073984;0;0;0;0;0;0;0;0;0;0;0;2815;0;0;89;0;80;0;
23620;4248778;1017888768;21737472;1116073984;0;0;0;0;0;0;0;0;0;0;0;2665;0;0;89;0;80;0;
23621;6229072;1017888768;21737472;1116073984;0;0;0;0;0;0;0;0;0;0;0;2805;0;0;89;0;80;0;
23622;4554281;1017888768;21737472;1116073984;0;0;0;0;0;0;0;0;0;0;0;2735;0;0;89;0;80;0;
23623;6212220;1017888768;21737472;1116073984;0;0;0;0;0;0;0;0;0;0;0;2615;0;0;89;0;80;0;
23624;3543886;1017888768;21737472;1116073984;0;0;0;0;0;0;0;0;0;0;0;2745;0;0;89;0;80;0;
23625;5823130;1017888768;21737472;1116073984;0;0;0;0;0;0;0;0;0;0;0;2835;0;0;89;0;80;0;
23626;3343600;1017888768;21737472;1116073984;0;0;0;0;0;0;0;0;0;0;0;2785;0;0;89;0;80;0;
23627;5969225;1017888768;21737472;1116073984;0;0;0;0;0;0;0;0;0;0;0;3146;0;0;89;0;80;0;
23628;4893637;1017888768;21737472;1116073984;0;0;0;0;0;0;0;0;0;0;0;2905;0;0;89;0;80;0;
23629;5495796;1017888768;21737472;1116073984;0;0;0;0;0;0;0;0;0;0;0;2736;0;0;89;0;80;0;
23630;3550218;1017888768;21737472;1116073984;0;0;0;0;0;0;0;0;0;0;0;2625;0;0;89;0;80;0;
23631;5146512;1017888768;21737472;1116073984;0;0;0;0;0;0;0;0;0;0;0;2685;0;0;89;0;80;0;
23632;4201620;1017888768;21737472;1116073984;0;0;0;0;0;0;0;0;0;0;0;2775;0;0;89;0;80;0;
23633;5803374;1017888768;21737472;1116073984;0;0;0;0;0;0;0;0;0;0;0;2915;0;0;89;0;80;0;
23634;4038394;1017888768;21737472;1116073984;0;0;0;0;0;0;0;0;0;0;0;2715;0;0;89;0;80;0;
23635;5312934;1017888768;21737472;1116073984;0;0;0;0;0;0;0;0;0;0;0;2976;0;0;89;0;80;0;
23636;5549287;1017888768;21737472;1116073984;0;0;0;0;0;0;0;0;0;0;0;3086;0;0;89;0;80;0;
23637;4986031;1017888768;21737472;1116073984;0;0;0;0;0;0;0;0;0;0;0;3045;0;0;89;0;80;0;
23638;4568708;1017888768;21737472;1116073984;0;0;0;0;0;0;0;0;0;0;0;2665;0;0;89;0;80;0;
23639;5458948;1017888768;21737472;1116073984;0;0;0;0;0;0;0;0;0;0;0;3156;0;0;89;0;80;0;
23640;3238654;1017888768;21737472;1116073984;0;0;0;0;0;0;0;0;0;0;0;2565;0;0;89;0;80;0;
23641;5369910;1017888768;21737472;1116073984;0;0;0;0;0;0;0;0;0;0;0;2274;0;0;89;0;80;0;
23642;4621858;1017888768;21737472;1116073984;0;0;0;0;0;0;0;0;0;0;0;2755;0;0;89;0;80;0;
23643;5511757;1017888768;21737472;1116073984;0;0;0;0;0;0;0;0;0;0;0;3166;0;0;89;0;80;0;
23644;3335184;1017888768;21737472;1116073984;0;0;0;0;0;0;0;0;0;0;0;2595;0;0;89;0;80;0;
23645;5582068;1017888768;21737472;1116073984;0;0;0;0;0;0;0;0;0;0;0;2886;0;0;89;0;80;0;
23646;4651263;1017888768;21737472;1116073984;0;0;0;0;0;0;0;0;0;0;0;3026;0;0;89;0;80;0;
23647;5677818;1017888768;21737472;1116073984;0;0;0;0;0;0;0;0;0;0;0;3126;0;0;89;0;80;0;
23648;3438518;1017888768;21737472;1116073984;0;0;0;0;0;0;0;0;0;0;0;2745;0;0;89;0;80;0;
23649;5602587;1017888768;21737472;1116073984;0;0;0;0;0;0;0;0;0;0;0;3196;0;0;89;0;80;0;
23650;3970275;1017888768;21737472;1116073984;0;0;0;0;0;0;0;0;0;0;0;3076;0;0;89;0;80;0;
23651;6074442;1017888768;21737472;1116073984;0;0;0;0;0;0;0;0;0;0;0;3476;0;0;89;0;80;0;
23652;3386892;1017888768;21737472;1116073984;0;0;0;0;0;0;0;0;0;0;0;3016;0;0;89;0;80;0;
23653;5413402;1017888768;21737472;1116073984;0;0;0;0;0;0;0;0;0;0;0;2836;0;0;89;0;80;0;
23654;4276741;1017888768;21737472;1116073984;0;0;0;0;0;0;0;0;0;0;0;2965;0;0;89;0;80;0;
23655;5826306;1017888768;21737472;1116073984;0;0;0;0;0;0;0;0;0;0;0;2815;0;0;89;0;80;0;
23656;5949879;1017888768;21737472;1116073984;0;0;0;0;0;0;0;0;0;0;0;4298;0;0;89;0;80;0;
23657;6960494;1023152128;28352512;1122689024;0;0;0;0;0;0;0;0;0;0;0;3357;0;0;89;0;80;0;
23658;4526169;1023152128;28352512;1122689024;0;0;0;0;0;0;0;0;0;0;0;3116;0;0;89;0;80;0;
23659;6558730;1023152128;28352512;1122689024;0;0;0;0;0;0;0;0;0;0;0;3056;0;0;89;0;80;0;
23660;4272663;1023152128;28352512;1122689024;0;0;0;0;0;0;0;0;0;0;0;2695;0;0;89;0;80;0;
23661;5837849;1023152128;28352512;1122689024;0;0;0;0;0;0;0;0;0;0;0;3176;0;0;89;0;80;0;
23662;4597472;1023152128;28352512;1122689024;0;0;0;0;0;0;0;0;0;0;0;3036;0;0;89;0;80;0;
23663;5397803;1023152128;28352512;1122689024;0;0;0;0;0;0;0;0;0;0;0;2905;0;0;89;0;80;0;
23664;4157807;1023152128;28352512;1122689024;0;0;0;0;0;0;0;0;0;0;0;2665;0;0;89;0;80;0;
23665;5810356;1023152128;28352512;1122689024;0;0;0;0;0;0;0;0;0;0;0;2815;0;0;89;0;80;0;
23666;5092710;1017888768;21737472;1116073984;0;0;0;0;0;0;0;0;0;0;0;2735;0;0;89;0;80;0;
23667;4753996;1017888768;21737472;1116073984;0;0;0;0;0;0;0;0;0;0;0;2755;0;0;89;0;80;0;
23668;6406615;1017888768;21737472;1116073984;0;0;0;0;0;0;0;0;0;0;0;2945;0;0;89;0;80;0;
23669;6215566;1017888768;21737472;1116073984;0;0;0;0;0;0;0;0;0;0;0;3166;0;0;89;0;80;0;
23670;5251268;1017888768;21737472;1116073984;0;0;0;0;0;0;0;0;0;0;0;3156;0;0;89;0;80;0;
23671;6441821;1017888768;21737472;1116073984;0;0;0;0;0;0;0;0;0;0;0;3757;0;0;89;0;80;0;
23672;4102594;1017888768;21737472;1116073984;0;0;0;0;0;0;0;0;0;0;0;3627;0;0;89;0;80;0;
23673;5689751;1017888768;21737472;1116073984;0;0;0;0;0;0;0;0;0;0;0;3367;0;0;89;0;80;0;
23674;6450006;1017888768;21737472;1116073984;0;0;0;0;0;0;0;0;0;0;0;2795;0;0;89;0;80;0;
23675;6079511;1017888768;21737472;1116073984;0;0;0;0;0;0;0;0;0;0;0;4298;0;0;89;0;80;0;
23676;5774029;1017888768;21737472;1116073984;0;0;0;0;0;0;0;0;0;0;0;3877;0;0;89;0;80;0;
23677;6517793;1017888768;21737472;1116073984;0;0;0;0;0;0;0;0;0;0;0;3737;0;0;89;0;80;0;
23678;4178917;1017888768;21737472;1116073984;0;0;0;0;0;0;0;0;0;0;0;2876;0;0;89;0;80;0;
23679;6399912;1017888768;21737472;1116073984;0;0;0;0;0;0;0;0;0;0;0;3296;0;0;89;0;80;0;
23680;3638954;1017888768;21737472;1116073984;0;0;0;0;0;0;0;0;0;0;0;2995;0;0;89;0;80;0;
23681;6375196;1017888768;21737472;1116073984;0;0;0;0;0;0;0;0;0;0;0;3156;0;0;89;0;80;0;
23682;3712262;1017888768;21737472;1116073984;0;0;0;0;0;0;0;0;0;0;0;3166;0;0;89;0;80;0;
23683;5920563;1017888768;21737472;1116073984;0;0;0;0;0;0;0;0;0;0;0;3386;0;0;89;0;80;0;
23684;5987449;1017888768;21737472;1116073984;0;0;0;0;0;0;0;0;0;0;0;3938;0;0;89;0;80;0;
23685;5150178;1017888768;21737472;1116073984;0;0;0;0;0;0;0;0;0;0;0;3517;0;0;89;0;80;0;
23686;3656237;1017888768;21737472;1116073984;0;0;0;0;0;0;0;0;0;0;0;3587;0;0;89;0;80;0;
23687;7440865;1017888768;21737472;1116073984;0;0;0;0;0;0;0;0;0;0;0;3637;0;0;89;0;80;0;
23688;4106351;1017888768;21737472;1116073984;0;0;0;0;0;0;0;0;0;0;0;3757;0;0;89;0;80;0;
23689;5387674;1017888768;21737472;1116073984;0;0;0;0;0;0;0;0;0;0;0;3196;0;0;89;0;80;0;
23690;5238705;1017888768;21737472;1116073984;0;0;0;0;0;0;0;0;0;0;0;3627;0;0;89;0;80;0;
23691;5982780;1017888768;21737472;1116073984;0;0;0;0;0;0;0;0;0;0;0;2805;0;0;89;0;80;0;
23692;3450511;1017888768;21737472;1116073984;0;0;0;0;0;0;0;0;0;0;0;3367;0;0;89;0;80;0;
23693;6282452;1017888768;21737472;1116073984;0;0;0;0;0;0;0;0;0;0;0;3276;0;0;89;0;80;0;
23694;4331994;1017888768;21737472;1116073984;0;0;0;0;0;0;0;0;0;0;0;2975;0;0;89;0;80;0;
23695;5671827;1017888768;21737472;1116073984;0;0;0;0;0;0;0;0;0;0;0;4117;0;0;89;0;80;0;
23696;3877752;1017888768;21737472;1116073984;0;0;0;0;0;0;0;0;0;0;0;2785;0;0;89;0;80;0;
23697;5478935;1017888768;21737472;1116073984;0;0;0;0;0;0;0;0;0;0;0;3056;0;0;89;0;80;0;
23698;3536172;1017888768;21737472;1116073984;0;0;0;0;0;0;0;0;0;0;0;2756;0;0;89;0;80;0;
23699;6463381;1017888768;21737472;1116073984;0;0;0;0;0;0;0;0;0;0;0;2645;0;0;89;0;80;0;
23700;5175766;1017888768;21737472;1116073984;0;0;0;0;0;0;0;0;0;0;0;3576;0;0;89;0;80;0;
23701;5176849;1017888768;21737472;1116073984;0;0;0;0;0;0;0;0;0;0;0;3015;0;0;89;0;80;0;
23702;4111291;1017888768;21737472;1116073984;0;0;0;0;0;0;0;0;0;0;0;3226;0;0;89;0;80;0;
23703;5319326;1017888768;21737472;1116073984;0;0;0;0;0;0;0;0;0;0;0;3317;0;0;89;0;80;0;
23704;4250782;1017888768;21737472;1116073984;0;0;0;0;0;0;0;0;0;0;0;3096;0;0;89;0;80;0;
23705;5351496;1017888768;21737472;1116073984;0;0;0;0;0;0;0;0;0;0;0;3457;0;0;89;0;80;0;
23706;4488969;1017888768;21737472;1116073984;0;0;0;0;0;0;0;0;0;0;0;2655;0;0;89;0;80;0;
23707;5510113;1017888768;21737472;1116073984;0;0;0;0;0;0;0;0;0;0;0;3156;0;0;89;0;80;0;
23708;4133723;1017888768;21737472;1116073984;0;0;0;0;0;0;0;0;0;0;0;3286;0;0;89;0;80;0;
23709;5586106;1017888768;21741568;1116078080;0;0;0;0;0;0;0;0;0;0;0;3637;0;0;89;0;80;0;
23710;4602502;1017888768;21745664;1116082176;0;0;0;0;0;0;0;0;0;0;0;3046;0;0;89;0;80;0;
23711;4757412;1017888768;21745664;1116082176;0;0;0;0;0;0;0;0;0;0;0;3076;0;0;89;0;80;0;
23712;3263500;1017888768;21745664;1116082176;0;0;0;0;0;0;0;0;0;0;0;2865;0;0;89;0;80;0;
23713;6054604;1017888768;21745664;1116082176;0;0;0;0;0;0;0;0;0;0;0;2835;0;0;89;0;80;0;
23714;4545825;1017888768;21745664;1116082176;0;0;0;0;0;0;0;0;0;0;0;3146;0;0;89;0;80;0;
23715;5115484;1017888768;21745664;1116082176;0;0;0;0;0;0;0;0;0;0;0;3135;0;0;89;0;80;0;
23716;6731254;1017888768;21737472;1116073984;0;0;0;0;0;0;0;0;0;0;0;4258;0;0;89;0;80;0;
23717;6080483;1017888768;21737472;1116073984;0;0;0;0;0;0;0;0;0;0;0;3246;0;0;89;0;80;0;
23718;4800263;1017888768;21737472;1116073984;0;0;0;0;0;0;0;0;0;0;0;3437;0;0;89;0;80;0;
23719;6049525;1017888768;21737472;1116073984;0;0;0;0;0;0;0;0;0;0;0;3106;0;0;89;0;80;0;
23720;5875148;1017888768;21737472;1116073984;0;0;0;0;0;0;0;0;0;0;0;3116;0;0;89;0;80;0;
23721;6442261;1017888768;21737472;1116073984;0;0;0;0;0;0;0;0;0;0;0;3186;0;0;89;0;80;0;
23722;4725342;1017888768;21737472;1116073984;0;0;0;0;0;0;0;0;0;0;0;3927;0;0;89;0;80;0;
23723;5480969;1017888768;21737472;1116073984;0;0;0;0;0;0;0;0;0;0;0;3447;0;0;89;0;80;0;
23724;3205631;1017888768;21737472;1116073984;0;0;0;0;0;0;0;0;0;0;0;3347;0;0;89;0;80;0;
23725;6404090;1017888768;21737472;1116073984;0;0;0;0;0;0;0;0;0;0;0;2755;0;0;89;0;80;0;
23726;5053216;1017888768;21737472;1116073984;0;0;0;0;0;0;0;0;0;0;0;3837;0;0;89;0;80;0;
23727;5939358;1017888768;21737472;1116073984;0;0;0;0;0;0;0;0;0;0;0;3587;0;0;89;0;80;0;
23728;4437322;1017888768;21737472;1116073984;0;0;0;0;0;0;0;0;0;0;0;3476;0;0;89;0;80;0;
23729;5587709;1017888768;21737472;1116073984;0;0;0;0;0;0;0;0;0;0;0;2985;0;0;89;0;80;0;
23730;3757627;1017888768;21737472;1116073984;0;0;0;0;0;0;0;0;0;0;0;3106;0;0;89;0;80;0;
23731;6439887;1017888768;21737472;1116073984;0;0;0;0;0;0;0;0;0;0;0;3827;0;0;89;0;80;0;
23732;4542600;1017888768;21737472;1116073984;0;0;0;0;0;0;0;0;0;0;0;3467;0;0;89;0;80;0;
23733;5723844;1017888768;21737472;1116073984;0;0;0;0;0;0;0;0;0;0;0;2965;0;0;89;0;80;0;
23734;3860370;1017888768;21737472;1116073984;0;0;0;0;0;0;0;0;0;0;0;3226;0;0;89;0;80;0;
23735;5351125;1017888768;21737472;1116073984;0;0;0;0;0;0;0;0;0;0;0;2905;0;0;89;0;80;0;
23736;5969275;1017888768;21737472;1116073984;0;0;0;0;0;0;0;0;0;0;0;4048;0;0;89;0;80;0;
23737;6836571;1017888768;21737472;1116073984;0;0;0;0;0;0;0;0;0;0;0;3286;0;0;89;0;80;0;
23738;4686158;1017888768;21737472;1116073984;0;0;0;0;0;0;0;0;0;0;0;2945;0;0;89;0;80;0;
23739;5534329;1017888768;21737472;1116073984;0;0;0;0;0;0;0;0;0;0;0;3146;0;0;89;0;80;0;
23740;3416528;1017888768;21737472;1116073984;0;0;0;0;0;0;0;0;0;0;0;3176;0;0;89;0;80;0;
23741;5760253;1017888768;21737472;1116073984;0;0;0;0;0;0;0;0;0;0;0;41899;0;0;89;0;80;0;
23742;3949777;1017888768;21737472;1116073984;0;0;0;0;0;0;0;0;0;0;0;2866;0;0;89;0;80;0;
23743;7064609;1017888768;21737472;1116073984;0;0;0;0;0;0;0;0;0;0;0;2765;0;0;89;0;80;0;
23744;3741287;1017888768;21737472;1116073984;0;0;0;0;0;0;0;0;0;0;0;2675;0;0;89;0;80;0;
23745;5911927;1017888768;21737472;1116073984;0;0;0;0;0;0;0;0;0;0;0;3236;0;0;89;0;80;0;
23746;4881484;1017888768;21737472;1116073984;0;0;0;0;0;0;0;0;0;0;0;3777;0;0;89;0;80;0;
23747;5760003;1017888768;21737472;1116073984;0;0;0;0;0;0;0;0;0;0;0;3356;0;0;89;0;80;0;
23748;4957537;1017888768;21737472;1116073984;0;0;0;0;0;0;0;0;0;0;0;3537;0;0;89;0;80;0;
23749;5729095;1017888768;21737472;1116073984;0;0;0;0;0;0;0;0;0;0;0;3096;0;0;89;0;80;0;
23750;4372289;1017888768;21737472;1116073984;0;0;0;0;0;0;0;0;0;0;0;3487;0;0;89;0;80;0;
23751;6624744;1023152128;28352512;1122689024;0;0;0;0;0;0;0;0;0;0;0;3797;0;0;89;0;80;0;
23752;4223841;1023152128;28352512;1122689024;0;0;0;0;0;0;0;0;0;0;0;3266;0;0;89;0;80;0;
23753;5322151;1023152128;28352512;1122689024;0;0;0;0;0;0;0;0;0;0;0;3216;0;0;89;0;80;0;
23754;4583546;1023152128;28352512;1122689024;0;0;0;0;0;0;0;0;0;0;0;3156;0;0;89;0;80;0;
23755;5904964;1023152128;28352512;1122689024;0;0;0;0;0;0;0;0;0;0;0;3427;0;0;89;0;80;0;
23756;4165532;1023152128;28352512;1122689024;0;0;0;0;0;0;0;0;0;0;0;3206;0;0;89;0;80;0;
23757;6082447;1023152128;28352512;1122689024;0;0;0;0;0;0;0;0;0;0;0;3577;0;0;89;0;80;0;
23758;3732489;1023152128;28352512;1122689024;0;0;0;0;0;0;0;0;0;0;0;2846;0;0;89;0;80;0;
23759;6049716;1023152128;28352512;1122689024;0;0;0;0;0;0;0;0;0;0;0;2936;0;0;89;0;80;0;
23760;4473830;1017888768;21737472;1116073984;0;0;0;0;0;0;0;0;0;0;0;2655;0;0;89;0;80;0;
23761;5820927;1017888768;21737472;1116073984;0;0;0;0;0;0;0;0;0;0;0;3066;0;0;89;0;80;0;
23762;3521755;1017888768;21737472;1116073984;0;0;0;0;0;0;0;0;0;0;0;2695;0;0;89;0;80;0;
23763;5485728;1017888768;21737472;1116073984;0;0;0;0;0;0;0;0;0;0;0;3085;0;0;89;0;80;0;
23764;4226686;1017888768;21737472;1116073984;0;0;0;0;0;0;0;0;0;0;0;2765;0;0;89;0;80;0;
23765;5592277;1017888768;21737472;1116073984;0;0;0;0;0;0;0;0;0;0;0;2815;0;0;89;0;80;0;
23766;3962351;1017888768;21737472;1116073984;0;0;0;0;0;0;0;0;0;0;0;2816;0;0;89;0;80;0;
23767;4877988;1017888768;21737472;1116073984;0;0;0;0;0;0;0;0;0;0;0;3277;0;0;89;0;80;0;
23768;3349462;1017888768;21737472;1116073984;0;0;0;0;0;0;0;0;0;0;0;2645;0;0;89;0;80;0;
23769;5597678;1017888768;21737472;1116073984;0;0;0;0;0;0;0;0;0;0;0;2645;0;0;89;0;80;0;
23770;4112041;1017888768;21737472;1116073984;0;0;0;0;0;0;0;0;0;0;0;2395;0;0;89;0;80;0;
23771;5031476;1017888768;21737472;1116073984;0;0;0;0;0;0;0;0;0;0;0;2995;0;0;89;0;80;0;
23772;4224592;1017888768;21737472;1116073984;0;0;0;0;0;0;0;0;0;0;0;2695;0;0;89;0;80;0;
23773;5298496;1017888768;21737472;1116073984;0;0;0;0;0;0;0;0;0;0;0;3206;0;0;89;0;80;0;
23774;3488202;1017888768;21737472;1116073984;0;0;0;0;0;0;0;0;0;0;0;2826;0;0;89;0;80;0;
23775;6035820;1017888768;21737472;1116073984;0;0;0;0;0;0;0;0;0;0;0;2996;0;0;89;0;80;0;
23776;3235608;1017888768;21737472;1116073984;0;0;0;0;0;0;0;0;0;0;0;2585;0;0;89;0;80;0;
23777;6028266;1017888768;21737472;1116073984;0;0;0;0;0;0;0;0;0;0;0;3657;0;0;89;0;80;0;
23778;4428064;1017888768;21737472;1116073984;0;0;0;0;0;0;0;0;0;0;0;3166;0;0;89;0;80;0;
23779;5313365;1017888768;21737472;1116073984;0;0;0;0;0;0;0;0;0;0;0;3016;0;0;89;0;80;0;
23780;4252255;1017888768;21737472;1116073984;0;0;0;0;0;0;0;0;0;0;0;3045;0;0;89;0;80;0;
23781;5942244;1017888768;21737472;1116073984;0;0;0;0;0;0;0;0;0;0;0;2675;0;0;89;0;80;0;
23782;3439350;1017888768;21737472;1116073984;0;0;0;0;0;0;0;0;0;0;0;2445;0;0;89;0;80;0;
23783;5909703;1017888768;21737472;1116073984;0;0;0;0;0;0;0;0;0;0;0;2856;0;0;89;0;80;0;
23784;3834652;1017888768;21737472;1116073984;0;0;0;0;0;0;0;0;0;0;0;2735;0;0;89;0;80;0;
23785;5985655;1017888768;21737472;1116073984;0;0;0;0;0;0;0;0;0;0;0;3567;0;0;89;0;80;0;
23786;4381216;1017888768;21737472;1116073984;0;0;0;0;0;0;0;0;0;0;0;3046;0;0;89;0;80;0;
23787;6063151;1017888768;21737472;1116073984;0;0;0;0;0;0;0;0;0;0;0;5480;0;0;89;0;80;0;
23788;5300410;1017888768;21737472;1116073984;0;0;0;0;0;0;0;0;0;0;0;4388;0;0;89;0;80;0;
23789;5509312;1017888768;21737472;1116073984;0;0;0;0;0;0;0;0;0;0;0;4318;0;0;89;0;80;0;
23790;3936582;1017888768;21737472;1116073984;0;0;0;0;0;0;0;0;0;0;0;2545;0;0;89;0;80;0;
23791;5262289;1017888768;21737472;1116073984;0;0;0;0;0;0;0;0;0;0;0;2925;0;0;89;0;80;0;
23792;4339528;1017888768;21737472;1116073984;0;0;0;0;0;0;0;0;0;0;0;2605;0;0;89;0;80;0;
23793;4957197;1017888768;21737472;1116073984;0;0;0;0;0;0;0;0;0;0;0;3256;0;0;89;0;80;0;
23794;3648482;1017888768;21737472;1116073984;0;0;0;0;0;0;0;0;0;0;0;3567;0;0;89;0;80;0;
23795;5709828;1017888768;21737472;1116073984;0;0;0;0;0;0;0;0;0;0;0;3757;0;0;89;0;80;0;
23796;5419473;1017888768;21737472;1116073984;0;0;0;0;0;0;0;0;0;0;0;4148;0;0;89;0;80;0;
23797;5386612;1017888768;21737472;1116073984;0;0;0;0;0;0;0;0;0;0;0;3977;0;0;89;0;80;0;
23798;5567832;1017888768;21737472;1116073984;0;0;0;0;0;0;0;0;0;0;0;3165;0;0;89;0;80;0;
23799;5265465;1017888768;21737472;1116073984;0;0;0;0;0;0;0;0;0;0;0;3156;0;0;89;0;80;0;
23800;2997271;1017888768;21737472;1116073984;0;0;0;0;0;0;0;0;0;0;0;2755;0;0;89;0;80;0;
23801;6198504;1017888768;21737472;1116073984;0;0;0;0;0;0;0;0;0;0;0;3777;0;0;89;0;80;0;
23802;5012441;1017888768;21737472;1116073984;0;0;0;0;0;0;0;0;0;0;0;3506;0;0;89;0;80;0;
23803;6558058;1021984768;21737472;1116073984;0;0;0;0;0;0;0;0;0;0;0;4218;0;0;89;0;80;0;
23804;6413268;1021984768;21737472;1116073984;0;0;0;0;0;0;0;0;0;0;0;4629;0;0;89;0;80;0;
23805;12946119;1021984768;21737472;1116073984;0;0;0;0;0;0;0;0;0;0;0;4378;0;0;89;0;80;0;
23806;8353576;1021984768;21737472;1116073984;0;0;0;0;0;0;0;0;0;0;0;5620;0;0;89;0;80;0;
23807;6123354;1021984768;21737472;1116073984;0;0;0;0;0;0;0;0;0;0;0;4739;0;0;89;0;80;0;
23808;10150576;1021984768;21737472;1116073984;0;0;0;0;0;0;0;0;0;0;0;5801;0;0;89;0;80;0;
23809;7411570;1021984768;21737472;1116073984;0;0;0;0;0;0;0;0;0;0;0;4979;0;0;89;0;80;0;
23810;8839717;1021984768;21737472;1116073984;0;0;0;0;0;0;0;0;0;0;0;4198;0;0;89;0;80;0;
23811;8481316;1021984768;21737472;1116073984;0;0;0;0;0;0;0;0;0;0;0;5671;0;0;89;0;80;0;
23812;7803615;1021984768;21737472;1116073984;0;0;0;0;0;0;0;0;0;0;0;5179;0;0;89;0;80;0;
23813;8366240;1021984768;21737472;1116073984;0;0;0;0;0;0;0;0;0;0;0;5360;0;0;89;0;80;0;
23814;8352384;1021984768;21737472;1116073984;0;0;0;0;0;0;0;0;0;0;0;5310;0;0;89;0;80;0;
23815;6090772;1021984768;21737472;1116073984;0;0;0;0;0;0;0;0;0;0;0;5841;0;0;89;0;80;0;
23816;8083479;1021984768;21737472;1116073984;0;0;0;0;0;0;0;0;0;0;0;4258;0;0;89;0;80;0;
23817;7412141;1021984768;21737472;1116073984;0;0;0;0;0;0;0;0;0;0;0;4799;0;0;89;0;80;0;
23818;6932391;1021984768;21737472;1116073984;0;0;0;0;0;0;0;0;0;0;0;4428;0;0;89;0;80;0;
23819;6421282;1021984768;21737472;1116073984;0;0;0;0;0;0;0;0;0;0;0;4910;0;0;89;0;80;0;
23820;5393194;1021984768;21737472;1116073984;0;0;0;0;0;0;0;0;0;0;0;4669;0;0;89;0;80;0;
23821;5282838;1021984768;21737472;1116073984;0;0;0;0;0;0;0;0;0;0;0;5009;0;0;89;0;80;0;
23822;7263292;1021984768;21737472;1116073984;0;0;0;0;0;0;0;0;0;0;0;4799;0;0;89;0;80;0;
23823;6673705;1021984768;21737472;1116073984;0;0;0;0;0;0;0;0;0;0;0;6452;0;0;89;0;80;0;
23824;9193191;1021984768;21737472;1116073984;0;0;0;0;0;0;0;0;0;0;0;3817;0;0;89;0;80;0;
23825;7231301;1021984768;21737472;1116073984;0;0;0;0;0;0;0;0;0;0;0;5150;0;0;89;0;80;0;
23826;7226202;1021984768;21737472;1116073984;0;0;0;0;0;0;0;0;0;0;0;4709;0;0;89;0;80;0;
23827;9049261;1021984768;21737472;1116073984;0;0;0;0;0;0;0;0;0;0;0;5029;0;0;89;0;80;0;
23828;6167406;1021984768;21737472;1116073984;0;0;0;0;0;0;0;0;0;0;0;3878;0;0;89;0;80;0;
23829;8660542;1021984768;21737472;1116073984;0;0;0;0;0;0;0;0;0;0;0;5400;0;0;89;0;80;0;
23830;7948757;1021984768;21737472;1116073984;0;0;0;0;0;0;0;0;0;0;0;5240;0;0;89;0;80;0;
23831;9155100;1021984768;21737472;1116073984;0;0;0;0;0;0;0;0;0;0;0;5270;0;0;89;0;80;0;
23832;7152243;1021984768;21737472;1116073984;0;0;0;0;0;0;0;0;0;0;0;3496;0;0;89;0;80;0;
23833;7198911;1021984768;21737472;1116073984;0;0;0;0;0;0;0;0;0;0;0;3677;0;0;89;0;80;0;
23834;5940972;1021984768;21737472;1116073984;0;0;0;0;0;0;0;0;0;0;0;4609;0;0;89;0;80;0;
23835;7083745;1021984768;21737472;1116073984;0;0;0;0;0;0;0;0;0;0;0;4508;0;0;89;0;80;0;
23836;6116090;1021984768;21737472;1116073984;0;0;0;0;0;0;0;0;0;0;0;4579;0;0;89;0;80;0;
23837;6833055;1021984768;21737472;1116073984;0;0;0;0;0;0;0;0;0;0;0;4769;0;0;89;0;80;0;
23838;7102009;1021984768;21737472;1116073984;0;0;0;0;0;0;0;0;0;0;0;5370;0;0;89;0;80;0;
23839;6964381;1021984768;21737472;1116073984;0;0;0;0;0;0;0;0;0;0;0;4989;0;0;89;0;80;0;
23840;7412141;1021984768;21737472;1116073984;0;0;0;0;0;0;0;0;0;0;0;5821;0;0;89;0;80;0;
23841;7558755;1021984768;21737472;1116073984;0;0;0;0;0;0;0;0;0;0;0;4699;0;0;89;0;80;0;
23842;7147063;1021984768;21737472;1116073984;0;0;0;0;0;0;0;0;0;0;0;5240;0;0;89;0;80;0;
23843;7118810;1021984768;21737472;1116073984;0;0;0;0;0;0;0;0;0;0;0;4949;0;0;89;0;80;0;
23844;6951277;1021984768;21737472;1116073984;0;0;0;0;0;0;0;0;0;0;0;4629;0;0;89;0;80;0;
23845;7288619;1027248128;28352512;1122689024;0;0;0;0;0;0;0;0;0;0;0;4829;0;0;89;0;80;0;
23846;6373573;1027248128;28352512;1122689024;0;0;0;0;0;0;0;0;0;0;0;3727;0;0;89;0;80;0;
23847;6747784;1027248128;28352512;1122689024;0;0;0;0;0;0;0;0;0;0;0;5140;0;0;89;0;80;0;
23848;5590174;1027248128;28352512;1122689024;0;0;0;0;0;0;0;0;0;0;0;3867;0;0;89;0;80;0;
23849;6235013;1027248128;28352512;1122689024;0;0;0;0;0;0;0;0;0;0;0;4338;0;0;89;0;80;0;
23850;5821718;1027248128;28352512;1122689024;0;0;0;0;0;0;0;0;0;0;0;3497;0;0;89;0;80;0;
23851;6041460;1027248128;28352512;1122689024;0;0;0;0;0;0;0;0;0;0;0;4529;0;0;89;0;80;0;
23852;6421312;1027248128;28352512;1122689024;0;0;0;0;0;0;0;0;0;0;0;4459;0;0;89;0;80;0;
23853;6407467;1027248128;28352512;1122689024;0;0;0;0;0;0;0;0;0;0;0;5130;0;0;89;0;80;0;
23854;5101407;1021984768;21737472;1116073984;0;0;0;0;0;0;0;0;0;0;0;3186;0;0;89;0;80;0;
23855;6717277;1021984768;21737472;1116073984;0;0;0;0;0;0;0;0;0;0;0;3817;0;0;89;0;80;0;
23856;7364512;1021984768;21737472;1116073984;0;0;0;0;0;0;0;0;0;0;0;3937;0;0;89;0;80;0;
23857;6492476;1021984768;21737472;1116073984;0;0;0;0;0;0;0;0;0;0;0;3556;0;0;89;0;80;0;
23858;5301823;1021984768;21737472;1116073984;0;0;0;0;0;0;0;0;0;0;0;3808;0;0;89;0;80;0;
23859;6064363;1021984768;21737472;1116073984;0;0;0;0;0;0;0;0;0;0;0;4288;0;0;89;0;80;0;
23860;6829037;1021984768;21737472;1116073984;0;0;0;0;0;0;0;0;0;0;0;3948;0;0;89;0;80;0;
23861;7197599;1021984768;21737472;1116073984;0;0;0;0;0;0;0;0;0;0;0;5590;0;0;89;0;80;0;
23862;6321515;1021984768;21737472;1116073984;0;0;0;0;0;0;0;0;0;0;0;3767;0;0;89;0;80;0;
23863;8554824;1021984768;21737472;1116073984;0;0;0;0;0;0;0;0;0;0;0;4038;0;0;89;0;80;0;
23864;7403504;1021984768;21737472;1116073984;0;0;0;0;0;0;0;0;0;0;0;4789;0;0;89;0;80;0;
23865;7278830;1021984768;21737472;1116073984;0;0;0;0;0;0;0;0;0;0;0;3236;0;0;89;0;80;0;
23866;3939197;1021984768;21737472;1116073984;0;0;0;0;0;0;0;0;0;0;0;3787;0;0;89;0;80;0;
23867;6851198;1021984768;21737472;1116073984;0;0;0;0;0;0;0;0;0;0;0;3707;0;0;89;0;80;0;
23868;5391812;1021984768;21737472;1116073984;0;0;0;0;0;0;0;0;0;0;0;4509;0;0;89;0;80;0;
23869;7428882;1027248128;28352512;1122689024;0;0;0;0;0;0;0;0;0;0;0;4308;0;0;89;0;80;0;
23870;7150019;1027248128;28352512;1122689024;0;0;0;0;0;0;0;0;0;0;0;4338;0;0;89;0;80;0;
23871;6965674;1027248128;28352512;1122689024;0;0;0;0;0;0;0;0;0;0;0;4318;0;0;89;0;80;0;
23872;8196582;1027248128;28352512;1122689024;0;0;0;0;0;0;0;0;0;0;0;5030;0;0;89;0;80;0;
23873;5816037;1027248128;28352512;1122689024;0;0;0;0;0;0;0;0;0;0;0;4038;0;0;89;0;80;0;
23874;5831016;1027248128;28352512;1122689024;0;0;0;0;0;0;0;0;0;0;0;4258;0;0;89;0;80;0;
23875;7621032;1027248128;28352512;1122689024;0;0;0;0;0;0;0;0;0;0;0;4699;0;0;89;0;80;0;
23876;6647357;1027248128;28352512;1122689024;0;0;0;0;0;0;0;0;0;0;0;4207;0;0;89;0;80;0;
23877;6214986;1027248128;28352512;1122689024;0;0;0;0;0;0;0;0;0;0;0;4479;0;0;89;0;80;0;
23878;7439552;1021984768;21737472;1116073984;0;0;0;0;0;0;0;0;0;0;0;4288;0;0;89;0;80;0;
23879;7046585;1021984768;21737472;1116073984;0;0;0;0;0;0;0;0;0;0;0;3827;0;0;89;0;80;0;
23880;5550690;1021984768;21737472;1116073984;0;0;0;0;0;0;0;0;0;0;0;2945;0;0;89;0;80;0;
23881;5906187;1021984768;21737472;1116073984;0;0;0;0;0;0;0;0;0;0;0;4629;0;0;89;0;80;0;
23882;4357692;1021984768;21737472;1116073984;0;0;0;0;0;0;0;0;0;0;0;9067;0;0;89;0;80;0;
23883;5699378;1021984768;21737472;1116073984;0;0;0;0;0;0;0;0;0;0;0;4258;0;0;89;0;80;0;
23884;4884951;1021984768;21737472;1116073984;0;0;0;0;0;0;0;0;0;0;0;3206;0;0;89;0;80;0;
23885;5906467;1021984768;21737472;1116073984;0;0;0;0;0;0;0;0;0;0;0;5029;0;0;89;0;80;0;
23886;5775241;1021984768;21737472;1116073984;0;0;0;0;0;0;0;0;0;0;0;4348;0;0;89;0;80;0;
23887;6115078;1021984768;21737472;1116073984;0;0;0;0;0;0;0;0;0;0;0;4258;0;0;89;0;80;0;
23888;7087121;1021984768;21737472;1116073984;0;0;0;0;0;0;0;0;0;0;0;4218;0;0;89;0;80;0;
23889;6289055;1021984768;21737472;1116073984;0;0;0;0;0;0;0;0;0;0;0;4028;0;0;89;0;80;0;
23890;6479671;1021984768;21737472;1116073984;0;0;0;0;0;0;0;0;0;0;0;5290;0;0;89;0;80;0;
23891;6930908;1021984768;21737472;1116073984;0;0;0;0;0;0;0;0;0;0;0;5130;0;0;89;0;80;0;
23892;6201961;1021984768;21737472;1116073984;0;0;0;0;0;0;0;0;0;0;0;4288;0;0;89;0;80;0;
23893;9029383;1027248128;28352512;1122689024;0;0;0;0;0;0;0;0;0;0;0;4248;0;0;89;0;80;0;
23894;7094255;1027248128;28352512;1122689024;0;0;0;0;0;0;0;0;0;0;0;5079;0;0;89;0;80;0;
23895;6941709;1027248128;28352512;1122689024;0;0;0;0;0;0;0;0;0;0;0;4178;0;0;89;0;80;0;
23896;7724707;1027248128;28352512;1122689024;0;0;0;0;0;0;0;0;0;0;0;3817;0;0;89;0;80;0;
23897;6796316;1027248128;28352512;1122689024;0;0;0;0;0;0;0;0;0;0;0;4678;0;0;89;0;80;0;
23898;6776408;1027248128;28356608;1122693120;0;0;0;0;0;0;0;0;0;0;0;4879;0;0;89;0;80;0;
23899;5895666;1027248128;28356608;1122693120;0;0;0;0;0;0;0;0;0;0;0;3947;0;0;89;0;80;0;
23900;5831937;1027248128;28356608;1122693120;0;0;0;0;0;0;0;0;0;0;0;3486;0;0;89;0;80;0;
23901;7055462;1027248128;28356608;1122693120;0;0;0;0;0;0;0;0;0;0;0;3586;0;0;89;0;80;0;
23902;9399908;1021988864;21741568;1116078080;0;0;0;0;0;0;0;0;0;0;0;5590;0;0;89;0;80;0;
23903;7894055;1021988864;21741568;1116078080;0;0;0;0;0;0;0;0;0;0;0;4107;0;0;89;0;80;0;
23904;6642266;1021984768;21737472;1116073984;0;0;0;0;0;0;0;0;0;0;0;3637;0;0;89;0;80;0;
23905;7951151;1021984768;21737472;1116073984;0;0;0;0;0;0;0;0;0;0;0;3917;0;0;89;0;80;0;
23906;5595774;1021984768;21737472;1116073984;0;0;0;0;0;0;0;0;0;0;0;4258;0;0;89;0;80;0;
23907;6357042;1021984768;21737472;1116073984;0;0;0;0;0;0;0;0;0;0;0;5550;0;0;89;0;80;0;
23908;6589077;1021984768;21737472;1116073984;0;0;0;0;0;0;0;0;0;0;0;49442;0;0;89;0;80;0;
23909;7129621;1021984768;21737472;1116073984;0;0;0;0;0;0;0;0;0;0;0;4338;0;0;89;0;80;0;
23910;7768449;1021984768;21737472;1116073984;0;0;0;0;0;0;0;0;0;0;0;4378;0;0;89;0;80;0;
23911;6187133;1021984768;21737472;1116073984;0;0;0;0;0;0;0;0;0;0;0;3557;0;0;89;0;80;0;
23912;8613944;1021984768;21737472;1116073984;0;0;0;0;0;0;0;0;0;0;0;3717;0;0;89;0;80;0;
23913;6584098;1021984768;21737472;1116073984;0;0;0;0;0;0;0;0;0;0;0;4048;0;0;89;0;80;0;
23914;6653177;1021984768;21737472;1116073984;0;0;0;0;0;0;0;0;0;0;0;4658;0;0;89;0;80;0;
23915;6510409;1021984768;21737472;1116073984;0;0;0;0;0;0;0;0;0;0;0;4008;0;0;89;0;80;0;
23916;5178832;1021984768;21737472;1116073984;0;0;0;0;0;0;0;0;0;0;0;4438;0;0;89;0;80;0;
23917;8865356;1027248128;28352512;1122689024;0;0;0;0;0;0;0;0;0;0;0;3467;0;0;89;0;80;0;
23918;4504598;1027248128;28352512;1122689024;0;0;0;0;0;0;0;0;0;0;0;3496;0;0;89;0;80;0;
23919;7067975;1027248128;28352512;1122689024;0;0;0;0;0;0;0;0;0;0;0;3406;0;0;89;0;80;0;
23920;7290673;1027248128;28352512;1122689024;0;0;0;0;0;0;0;0;0;0;0;3416;0;0;89;0;80;0;
23921;5397121;1027248128;28352512;1122689024;0;0;0;0;0;0;0;0;0;0;0;3918;0;0;89;0;80;0;
23922;6155554;1027248128;28352512;1122689024;0;0;0;0;0;0;0;0;0;0;0;4278;0;0;89;0;80;0;
23923;6109297;1027248128;28352512;1122689024;0;0;0;0;0;0;0;0;0;0;0;4659;0;0;89;0;80;0;
23924;5450823;1027248128;28352512;1122689024;0;0;0;0;0;0;0;0;0;0;0;3787;0;0;89;0;80;0;
23925;7423572;1027248128;28352512;1122689024;0;0;0;0;0;0;0;0;0;0;0;5260;0;0;89;0;80;0;
23926;6737306;1021984768;21737472;1116073984;0;0;0;0;0;0;0;0;0;0;0;4228;0;0;89;0;80;0;
23927;9463869;1021984768;21737472;1116073984;0;0;0;0;0;0;0;0;0;0;0;4930;0;0;89;0;80;0;
23928;8337336;1021984768;21737472;1116073984;0;0;0;0;0;0;0;0;0;0;0;4709;0;0;89;0;80;0;
23929;7858408;1021984768;21737472;1116073984;0;0;0;0;0;0;0;0;0;0;0;5620;0;0;89;0;80;0;
23930;7101057;1021984768;21737472;1116073984;0;0;0;0;0;0;0;0;0;0;0;4949;0;0;89;0;80;0;
23931;6233550;1021984768;21737472;1116073984;0;0;0;0;0;0;0;0;0;0;0;3627;0;0;89;0;80;0;
23932;5868486;1021984768;21737472;1116073984;0;0;0;0;0;0;0;0;0;0;0;4188;0;0;89;0;80;0;
23933;6656774;1021984768;21737472;1116073984;0;0;0;0;0;0;0;0;0;0;0;4548;0;0;89;0;80;0;
23934;6358414;1021984768;21737472;1116073984;0;0;0;0;0;0;0;0;0;0;0;3938;0;0;89;0;80;0;
23935;5752578;1021984768;21737472;1116073984;0;0;0;0;0;0;0;0;0;0;0;3647;0;0;89;0;80;0;
23936;5691093;1021984768;21737472;1116073984;0;0;0;0;0;0;0;0;0;0;0;3586;0;0;89;0;80;0;
23937;7737991;1021984768;21737472;1116073984;0;0;0;0;0;0;0;0;0;0;0;3496;0;0;89;0;80;0;
23938;6152478;1021984768;21737472;1116073984;0;0;0;0;0;0;0;0;0;0;0;4007;0;0;89;0;80;0;
23939;7313555;1021984768;21737472;1116073984;0;0;0;0;0;0;0;0;0;0;0;3006;0;0;89;0;80;0;
23940;5411860;1021984768;21737472;1116073984;0;0;0;0;0;0;0;0;0;0;0;2805;0;0;89;0;80;0;
23941;7312904;1027248128;28352512;1122689024;0;0;0;0;0;0;0;0;0;0;0;3146;0;0;89;0;80;0;
23942;4845147;1027248128;28352512;1122689024;0;0;0;0;0;0;0;0;0;0;0;3366;0;0;89;0;80;0;
23943;5927697;1027248128;28352512;1122689024;0;0;0;0;0;0;0;0;0;0;0;3326;0;0;89;0;80;0;
23944;4613512;1027248128;28352512;1122689024;0;0;0;0;0;0;0;0;0;0;0;3216;0;0;89;0;80;0;
23945;6446951;1027248128;28352512;1122689024;0;0;0;0;0;0;0;0;0;0;0;2896;0;0;89;0;80;0;
23946;4974238;1027248128;28352512;1122689024;0;0;0;0;0;0;0;0;0;0;0;3066;0;0;89;0;80;0;
23947;6986312;1027248128;28352512;1122689024;0;0;0;0;0;0;0;0;0;0;0;2615;0;0;89;0;80;0;
23948;5529560;1027248128;28352512;1122689024;0;0;0;0;0;0;0;0;0;0;0;2836;0;0;89;0;80;0;
23949;5757968;1027248128;28352512;1122689024;0;0;0;0;0;0;0;0;0;0;0;4478;0;0;89;0;80;0;
23950;5037186;1021984768;21737472;1116073984;0;0;0;0;0;0;0;0;0;0;0;4017;0;0;89;0;80;0;
23951;9111507;1021984768;21737472;1116073984;0;0;0;0;0;0;0;0;0;0;0;5139;0;0;89;0;80;0;
23952;9874027;1021984768;21737472;1116073984;0;0;0;0;0;0;0;0;0;0;0;55093;0;0;89;0;80;0;
23953;6787829;1021984768;21737472;1116073984;0;0;0;0;0;0;0;0;0;0;0;4559;0;0;89;0;80;0;
23954;4366058;1021984768;21737472;1116073984;0;0;0;0;0;0;0;0;0;0;0;3757;0;0;89;0;80;0;
23955;6306778;1021984768;21737472;1116073984;0;0;0;0;0;0;0;0;0;0;0;4709;0;0;89;0;80;0;
23956;7454781;1021984768;21737472;1116073984;0;0;0;0;0;0;0;0;0;0;0;4569;0;0;89;0;80;0;
23957;6282842;1021984768;21737472;1116073984;0;0;0;0;0;0;0;0;0;0;0;4288;0;0;89;0;80;0;
23958;6810352;1021984768;21737472;1116073984;0;0;0;0;0;0;0;0;0;0;0;4909;0;0;89;0;80;0;
23959;6534264;1021984768;21737472;1116073984;0;0;0;0;0;0;0;0;0;0;0;9708;0;0;89;0;80;0;
23960;7758580;1021984768;21737472;1116073984;0;0;0;0;0;0;0;0;0;0;0;2735;0;0;89;0;80;0;
23961;6560974;1021984768;21737472;1116073984;0;0;0;0;0;0;0;0;0;0;0;3947;0;0;89;0;80;0;
23962;6714813;1021984768;21737472;1116073984;0;0;0;0;0;0;0;0;0;0;0;3667;0;0;89;0;80;0;
23963;5766024;1021984768;21737472;1116073984;0;0;0;0;0;0;0;0;0;0;0;4900;0;0;89;0;80;0;
23964;6543882;1021984768;21737472;1116073984;0;0;0;0;0;0;0;0;0;0;0;4238;0;0;89;0;80;0;
23965;7869237;1021984768;21737472;1116073984;0;0;0;0;0;0;0;0;0;0;0;4118;0;0;89;0;80;0;
23966;4652285;1021984768;21737472;1116073984;0;0;0;0;0;0;0;0;0;0;0;4458;0;0;89;0;80;0;
23967;5829813;1021984768;21737472;1116073984;0;0;0;0;0;0;0;0;0;0;0;38642;0;0;89;0;80;0;
23968;6501453;1021984768;21737472;1116073984;0;0;0;0;0;0;0;0;0;0;0;3717;0;0;89;0;80;0;
23969;6119266;1021984768;21737472;1116073984;0;0;0;0;0;0;0;0;0;0;0;3697;0;0;89;0;80;0;
23970;7566701;1021984768;21737472;1116073984;0;0;0;0;0;0;0;0;0;0;0;3006;0;0;89;0;80;0;
23971;7064007;1021984768;21737472;1116073984;0;0;0;0;0;0;0;0;0;0;0;4037;0;0;89;0;80;0;
23972;5982499;1021984768;21737472;1116073984;0;0;0;0;0;0;0;0;0;0;0;3888;0;0;89;0;80;0;
23973;6293893;1021984768;21737472;1116073984;0;0;0;0;0;0;0;0;0;0;0;3777;0;0;89;0;80;0;
23974;4886233;1021984768;21737472;1116073984;0;0;0;0;0;0;0;0;0;0;0;3606;0;0;89;0;80;0;
23975;5408172;1021984768;21737472;1116073984;0;0;0;0;0;0;0;0;0;0;0;3136;0;0;89;0;80;0;
23976;5369119;1021984768;21737472;1116073984;0;0;0;0;0;0;0;0;0;0;0;3356;0;0;89;0;80;0;
23977;6853212;1021984768;21737472;1116073984;0;0;0;0;0;0;0;0;0;0;0;2845;0;0;89;0;80;0;
23978;5670966;1021984768;21737472;1116073984;0;0;0;0;0;0;0;0;0;0;0;3587;0;0;89;0;80;0;
23979;6905070;1021984768;21737472;1116073984;0;0;0;0;0;0;0;0;0;0;0;3596;0;0;89;0;80;0;
23980;5336438;1021984768;21737472;1116073984;0;0;0;0;0;0;0;0;0;0;0;3928;0;0;89;0;80;0;
23981;6629393;1021984768;21737472;1116073984;0;0;0;0;0;0;0;0;0;0;0;4298;0;0;89;0;80;0;
23982;3904693;1021984768;21737472;1116073984;0;0;0;0;0;0;0;0;0;0;0;3867;0;0;89;0;80;0;
23983;6684827;1021984768;21737472;1116073984;0;0;0;0;0;0;0;0;0;0;0;3587;0;0;89;0;80;0;
23984;6076034;1021984768;21737472;1116073984;0;0;0;0;0;0;0;0;0;0;0;3717;0;0;89;0;80;0;
23985;6153651;1021984768;21737472;1116073984;0;0;0;0;0;0;0;0;0;0;0;4468;0;0;89;0;80;0;
23986;6077037;1021984768;21737472;1116073984;0;0;0;0;0;0;0;0;0;0;0;2755;0;0;89;0;80;0;
23987;7565699;1021984768;21737472;1116073984;0;0;0;0;0;0;0;0;0;0;0;4708;0;0;89;0;80;0;
23988;3941602;1021984768;21737472;1116073984;0;0;0;0;0;0;0;0;0;0;0;2625;0;0;89;0;80;0;
23989;6146017;1021984768;21737472;1116073984;0;0;0;0;0;0;0;0;0;0;0;3426;0;0;89;0;80;0;
23990;4493177;1021984768;21737472;1116073984;0;0;0;0;0;0;0;0;0;0;0;3747;0;0;89;0;80;0;
23991;6834337;1021984768;21737472;1116073984;0;0;0;0;0;0;0;0;0;0;0;2936;0;0;89;0;80;0;
23992;4257103;1021984768;21737472;1116073984;0;0;0;0;0;0;0;0;0;0;0;3156;0;0;89;0;80;0;
23993;7568614;1021984768;21737472;1116073984;0;0;0;0;0;0;0;0;0;0;0;3436;0;0;89;0;80;0;
23994;3445040;1021984768;21737472;1116073984;0;0;0;0;0;0;0;0;0;0;0;3627;0;0;89;0;80;0;
23995;6164661;1021984768;21737472;1116073984;0;0;0;0;0;0;0;0;0;0;0;3927;0;0;89;0;80;0;
23996;5826326;1021984768;21737472;1116073984;0;0;0;0;0;0;0;0;0;0;0;3346;0;0;89;0;80;0;
23997;5984463;1021984768;21737472;1116073984;0;0;0;0;0;0;0;0;0;0;0;4007;0;0;89;0;80;0;
23998;4119475;1021984768;21737472;1116073984;0;0;0;0;0;0;0;0;0;0;0;3427;0;0;89;0;80;0;
23999;6844276;1021984768;21737472;1116073984;0;0;0;0;0;0;0;0;0;0;0;4148;0;0;89;0;80;0;
24000;4977214;1021984768;21737472;1116073984;0;0;0;0;0;0;0;0;0;0;0;3927;0;0;89;0;80;0;
24001;5768919;1021984768;21737472;1116073984;0;0;0;0;0;0;0;0;0;0;0;3838;0;0;89;0;80;0;
24002;4188134;1021984768;21737472;1116073984;0;0;0;0;0;0;0;0;0;0;0;4930;0;0;89;0;80;0;
24003;5521996;1021984768;21737472;1116073984;0;0;0;0;0;0;0;0;0;0;0;3516;0;0;89;0;80;0;
24004;4409840;1021984768;21737472;1116073984;0;0;0;0;0;0;0;0;0;0;0;4168;0;0;89;0;80;0;
24005;5950660;1021984768;21737472;1116073984;0;0;0;0;0;0;0;0;0;0;0;3146;0;0;89;0;80;0;
24006;5668020;1021984768;21737472;1116073984;0;0;0;0;0;0;0;0;0;0;0;3076;0;0;89;0;80;0;
24007;6645883;1021984768;21737472;1116073984;0;0;0;0;0;0;0;0;0;0;0;4419;0;0;89;0;80;0;
24008;4758885;1021984768;21737472;1116073984;0;0;0;0;0;0;0;0;0;0;0;2916;0;0;89;0;80;0;
24009;14229616;1021984768;21737472;1116073984;0;0;0;0;0;0;0;0;0;0;0;3807;0;0;89;0;80;0;
24010;4737815;1021984768;21737472;1116073984;0;0;0;0;0;0;0;0;0;0;0;3657;0;0;89;0;80;0;
24011;5744944;1021984768;21737472;1116073984;0;0;0;0;0;0;0;0;0;0;0;2835;0;0;89;0;80;0;
24012;4607280;1021984768;21737472;1116073984;0;0;0;0;0;0;0;0;0;0;0;3156;0;0;89;0;80;0;
24013;5797893;1021984768;21737472;1116073984;0;0;0;0;0;0;0;0;0;0;0;3266;0;0;89;0;80;0;
24014;5320718;1021984768;21737472;1116073984;0;0;0;0;0;0;0;0;0;0;0;3376;0;0;89;0;80;0;
24015;6060366;1021984768;21737472;1116073984;0;0;0;0;0;0;0;0;0;0;0;4268;0;0;89;0;80;0;
24016;4002406;1021984768;21737472;1116073984;0;0;0;0;0;0;0;0;0;0;0;3146;0;0;89;0;80;0;
24017;5506016;1021984768;21737472;1116073984;0;0;0;0;0;0;0;0;0;0;0;62247;0;0;89;0;80;0;
24018;3347007;1021984768;21737472;1116073984;0;0;0;0;0;0;0;0;0;0;0;3036;0;0;89;0;80;0;
24019;5219609;1021984768;21737472;1116073984;0;0;0;0;0;0;0;0;0;0;0;3998;0;0;89;0;80;0;
24020;4752884;1021984768;21737472;1116073984;0;0;0;0;0;0;0;0;0;0;0;4168;0;0;89;0;80;0;
24021;5612465;1021984768;21737472;1116073984;0;0;0;0;0;0;0;0;0;0;0;3397;0;0;89;0;80;0;
24022;4014178;1021984768;21737472;1116073984;0;0;0;0;0;0;0;0;0;0;0;3367;0;0;89;0;80;0;
24023;6581142;1021984768;21737472;1116073984;0;0;0;0;0;0;0;0;0;0;0;2645;0;0;89;0;80;0;
24024;4823866;1021984768;21737472;1116073984;0;0;0;0;0;0;0;0;0;0;0;3155;0;0;89;0;80;0;
24025;5560138;1021984768;21737472;1116073984;0;0;0;0;0;0;0;0;0;0;0;3397;0;0;89;0;80;0;
24026;5373508;1021984768;21737472;1116073984;0;0;0;0;0;0;0;0;0;0;0;3046;0;0;89;0;80;0;
24027;5568423;1021984768;21737472;1116073984;0;0;0;0;0;0;0;0;0;0;0;3357;0;0;89;0;80;0;
24028;3444910;1021984768;21737472;1116073984;0;0;0;0;0;0;0;0;0;0;0;3676;0;0;89;0;80;0;
24029;6795073;1021984768;21737472;1116073984;0;0;0;0;0;0;0;0;0;0;0;3747;0;0;89;0;80;0;
24030;3809645;1021984768;21737472;1116073984;0;0;0;0;0;0;0;0;0;0;0;3266;0;0;89;0;80;0;
24031;5963083;1021984768;21737472;1116073984;0;0;0;0;0;0;0;0;0;0;0;3236;0;0;89;0;80;0;
24032;5352158;1021984768;21737472;1116073984;0;0;0;0;0;0;0;0;0;0;0;2916;0;0;89;0;80;0;
24033;6190389;1021984768;21737472;1116073984;0;0;0;0;0;0;0;0;0;0;0;2826;0;0;89;0;80;0;
24034;3422068;1021984768;21737472;1116073984;0;0;0;0;0;0;0;0;0;0;0;2424;0;0;89;0;80;0;
24035;5758820;1021984768;21737472;1116073984;0;0;0;0;0;0;0;0;0;0;0;2474;0;0;89;0;80;0;
24036;4523173;1021984768;21737472;1116073984;0;0;0;0;0;0;0;0;0;0;0;2906;0;0;89;0;80;0;
24037;5999862;1021984768;21737472;1116073984;0;0;0;0;0;0;0;0;0;0;0;3166;0;0;89;0;80;0;
24038;5259974;1021984768;21737472;1116073984;0;0;0;0;0;0;0;0;0;0;0;2865;0;0;89;0;80;0;
24039;4936228;1021984768;21737472;1116073984;0;0;0;0;0;0;0;0;0;0;0;3055;0;0;89;0;80;0;
24040;4463741;1021984768;21737472;1116073984;0;0;0;0;0;0;0;0;0;0;0;3256;0;0;89;0;80;0;
24041;6187544;1021984768;21741568;1116078080;0;0;0;0;0;0;0;0;0;0;0;3266;0;0;89;0;80;0;
24042;3687035;1021984768;21745664;1116082176;0;0;0;0;0;0;0;0;0;0;0;3066;0;0;89;0;80;0;
24043;5877623;1021984768;21745664;1116082176;0;0;0;0;0;0;0;0;0;0;0;3958;0;0;89;0;80;0;
24044;4089429;1021984768;21745664;1116082176;0;0;0;0;0;0;0;0;0;0;0;3496;0;0;89;0;80;0;
24045;6290387;1021984768;21745664;1116082176;0;0;0;0;0;0;0;0;0;0;0;2615;0;0;89;0;80;0;
24046;5341588;1021984768;21745664;1116082176;0;0;0;0;0;0;0;0;0;0;0;3526;0;0;89;0;80;0;
24047;5578281;1021984768;21745664;1116082176;0;0;0;0;0;0;0;0;0;0;0;3176;0;0;89;0;80;0;
24048;4274657;1021984768;21737472;1116073984;0;0;0;0;0;0;0;0;0;0;0;3046;0;0;89;0;80;0;
24049;6442162;1021984768;21737472;1116073984;0;0;0;0;0;0;0;0;0;0;0;3115;0;0;89;0;80;0;
24050;3845352;1021984768;21737472;1116073984;0;0;0;0;0;0;0;0;0;0;0;3155;0;0;89;0;80;0;
24051;5438068;1021984768;21737472;1116073984;0;0;0;0;0;0;0;0;0;0;0;2755;0;0;89;0;80;0;
24052;4644280;1021984768;21737472;1116073984;0;0;0;0;0;0;0;0;0;0;0;3476;0;0;89;0;80;0;
24053;5355523;1021984768;21737472;1116073984;0;0;0;0;0;0;0;0;0;0;0;3146;0;0;89;0;80;0;
24054;2891302;1021984768;21737472;1116073984;0;0;0;0;0;0;0;0;0;0;0;2876;0;0;89;0;80;0;
24055;5526213;1021984768;21737472;1116073984;0;0;0;0;0;0;0;0;0;0;0;3116;0;0;89;0;80;0;
24056;4886123;1021984768;21737472;1116073984;0;0;0;0;0;0;0;0;0;0;0;2916;0;0;89;0;80;0;
24057;6822815;1027248128;28352512;1122689024;0;0;0;0;0;0;0;0;0;0;0;3005;0;0;89;0;80;0;
24058;4421232;1027248128;28352512;1122689024;0;0;0;0;0;0;0;0;0;0;0;2875;0;0;89;0;80;0;
24059;4913505;1027248128;28352512;1122689024;0;0;0;0;0;0;0;0;0;0;0;2955;0;0;89;0;80;0;
24060;3853948;1027248128;28352512;1122689024;0;0;0;0;0;0;0;0;0;0;0;2946;0;0;89;0;80;0;
24061;5450201;1027248128;28352512;1122689024;0;0;0;0;0;0;0;0;0;0;0;2916;0;0;89;0;80;0;
24062;4240913;1027248128;28352512;1122689024;0;0;0;0;0;0;0;0;0;0;0;3085;0;0;89;0;80;0;
24063;6328508;1027248128;28352512;1122689024;0;0;0;0;0;0;0;0;0;0;0;2985;0;0;89;0;80;0;
24064;5260766;1027248128;28352512;1122689024;0;0;0;0;0;0;0;0;0;0;0;3086;0;0;89;0;80;0;
24065;5808262;1027248128;28352512;1122689024;0;0;0;0;0;0;0;0;0;0;0;3046;0;0;89;0;80;0;
24066;4494699;1021984768;21737472;1116073984;0;0;0;0;0;0;0;0;0;0;0;3016;0;0;89;0;80;0;
24067;5730367;1021984768;21737472;1116073984;0;0;0;0;0;0;0;0;0;0;0;3206;0;0;89;0;80;0;
24068;4028866;1021984768;21737472;1116073984;0;0;0;0;0;0;0;0;0;0;0;2635;0;0;89;0;80;0;
24069;5087060;1021984768;21737472;1116073984;0;0;0;0;0;0;0;0;0;0;0;2785;0;0;89;0;80;0;
24070;3580294;1021984768;21737472;1116073984;0;0;0;0;0;0;0;0;0;0;0;3096;0;0;89;0;80;0;
24071;5199852;1021984768;21737472;1116073984;0;0;0;0;0;0;0;0;0;0;0;3216;0;0;89;0;80;0;
24072;3747909;1021984768;21737472;1116073984;0;0;0;0;0;0;0;0;0;0;0;2845;0;0;89;0;80;0;
24073;5497019;1021984768;21737472;1116073984;0;0;0;0;0;0;0;0;0;0;0;2715;0;0;89;0;80;0;
24074;4409850;1021984768;21737472;1116073984;0;0;0;0;0;0;0;0;0;0;0;2555;0;0;89;0;80;0;
24075;5259062;1021984768;21737472;1116073984;0;0;0;0;0;0;0;0;0;0;0;3607;0;0;89;0;80;0;
24076;4194786;1021984768;21737472;1116073984;0;0;0;0;0;0;0;0;0;0;0;2936;0;0;89;0;80;0;
24077;5014474;1021984768;21737472;1116073984;0;0;0;0;0;0;0;0;0;0;0;2985;0;0;89;0;80;0;
24078;3219217;1021984768;21737472;1116073984;0;0;0;0;0;0;0;0;0;0;0;2685;0;0;89;0;80;0;
24079;5623657;1021984768;21737472;1116073984;0;0;0;0;0;0;0;0;0;0;0;2685;0;0;89;0;80;0;
24080;3587237;1021984768;21737472;1116073984;0;0;0;0;0;0;0;0;0;0;0;2965;0;0;89;0;80;0;
24081;6037833;1027248128;28352512;1122689024;0;0;0;0;0;0;0;0;0;0;0;2535;0;0;89;0;80;0;
24082;4268324;1027248128;28352512;1122689024;0;0;0;0;0;0;0;0;0;0;0;2475;0;0;89;0;80;0;
24083;5000497;1027248128;28352512;1122689024;0;0;0;0;0;0;0;0;0;0;0;2695;0;0;89;0;80;0;
24084;3922456;1027248128;28352512;1122689024;0;0;0;0;0;0;0;0;0;0;0;2525;0;0;89;0;80;0;
24085;5172750;1027248128;28352512;1122689024;0;0;0;0;0;0;0;0;0;0;0;3427;0;0;89;0;80;0;
24086;3426375;1027248128;28352512;1122689024;0;0;0;0;0;0;0;0;0;0;0;2956;0;0;89;0;80;0;
24087;4923693;1027248128;28352512;1122689024;0;0;0;0;0;0;0;0;0;0;0;2836;0;0;89;0;80;0;
24088;3378927;1027248128;28352512;1122689024;0;0;0;0;0;0;0;0;0;0;0;2434;0;0;89;0;80;0;
24089;5467985;1027248128;28352512;1122689024;0;0;0;0;0;0;0;0;0;0;0;2735;0;0;89;0;80;0;
24090;4176232;1021984768;21737472;1116073984;0;0;0;0;0;0;0;0;0;0;0;2796;0;0;89;0;80;0;
24091;4984839;1021984768;21737472;1116073984;0;0;0;0;0;0;0;0;0;0;0;2806;0;0;89;0;80;0;
24092;3054408;1021984768;21737472;1116073984;0;0;0;0;0;0;0;0;0;0;0;2595;0;0;89;0;80;0;
24093;5055331;1021984768;21737472;1116073984;0;0;0;0;0;0;0;0;0;0;0;3055;0;0;89;0;80;0;
24094;3891889;1021984768;21737472;1116073984;0;0;0;0;0;0;0;0;0;0;0;2916;0;0;89;0;80;0;
24095;5510584;1021984768;21737472;1116073984;0;0;0;0;0;0;0;0;0;0;0;2955;0;0;89;0;80;0;
24096;3913880;1021984768;21737472;1116073984;0;0;0;0;0;0;0;0;0;0;0;2785;0;0;89;0;80;0;
24097;4980561;1021984768;21737472;1116073984;0;0;0;0;0;0;0;0;0;0;0;2375;0;0;89;0;80;0;
24098;3965397;1021984768;21737472;1116073984;0;0;0;0;0;0;0;0;0;0;0;2605;0;0;89;0;80;0;
24099;4950474;1021984768;21737472;1116073984;0;0;0;0;0;0;0;0;0;0;0;2805;0;0;89;0;80;0;
24100;3447746;1021984768;21737472;1116073984;0;0;0;0;0;0;0;0;0;0;0;2594;0;0;89;0;80;0;
24101;5078715;1021984768;21737472;1116073984;0;0;0;0;0;0;0;0;0;0;0;2775;0;0;89;0;80;0;
24102;3511205;1021984768;21737472;1116073984;0;0;0;0;0;0;0;0;0;0;0;2615;0;0;89;0;80;0;
24103;5033359;1021984768;21737472;1116073984;0;0;0;0;0;0;0;0;0;0;0;3026;0;0;89;0;80;0;
24104;3582097;1021984768;21737472;1116073984;0;0;0;0;0;0;0;0;0;0;0;2766;0;0;89;0;80;0;
24105;6346111;1027248128;28352512;1122689024;0;0;0;0;0;0;0;0;0;0;0;3377;0;0;89;0;80;0;
24106;4025700;1027248128;28352512;1122689024;0;0;0;0;0;0;0;0;0;0;0;3096;0;0;89;0;80;0;
24107;5328233;1027248128;28352512;1122689024;0;0;0;0;0;0;0;0;0;0;0;2895;0;0;89;0;80;0;
24108;4204215;1027248128;28352512;1122689024;0;0;0;0;0;0;0;0;0;0;0;2926;0;0;89;0;80;0;
24109;4822103;1027248128;28352512;1122689024;0;0;0;0;0;0;0;0;0;0;0;2745;0;0;89;0;80;0;
24110;3379007;1027248128;28352512;1122689024;0;0;0;0;0;0;0;0;0;0;0;2956;0;0;89;0;80;0;
24111;5345195;1027248128;28352512;1122689024;0;0;0;0;0;0;0;0;0;0;0;2866;0;0;89;0;80;0;
24112;3494984;1027248128;28352512;1122689024;0;0;0;0;0;0;0;0;0;0;0;2555;0;0;89;0;80;0;
24113;5446735;1027248128;28352512;1122689024;0;0;0;0;0;0;0;0;0;0;0;2805;0;0;89;0;80;0;
24114;3468936;1021984768;21737472;1116073984;0;0;0;0;0;0;0;0;0;0;0;2705;0;0;89;0;80;0;
24115;4989597;1021984768;21737472;1116073984;0;0;0;0;0;0;0;0;0;0;0;3046;0;0;89;0;80;0;
24116;3946280;1021984768;21737472;1116073984;0;0;0;0;0;0;0;0;0;0;0;2925;0;0;89;0;80;0;
24117;4817304;1021984768;21737472;1116073984;0;0;0;0;0;0;0;0;0;0;0;2866;0;0;89;0;80;0;
24118;3679781;1021984768;21737472;1116073984;0;0;0;0;0;0;0;0;0;0;0;3106;0;0;89;0;80;0;
24119;5029432;1021984768;21737472;1116073984;0;0;0;0;0;0;0;0;0;0;0;41818;0;0;89;0;80;0;
24120;3788855;1021984768;21737472;1116073984;0;0;0;0;0;0;0;0;0;0;0;2785;0;0;89;0;80;0;
24121;5117507;1021984768;21737472;1116073984;0;0;0;0;0;0;0;0;0;0;0;2815;0;0;89;0;80;0;
24122;3689750;1021984768;21737472;1116073984;0;0;0;0;0;0;0;0;0;0;0;2645;0;0;89;0;80;0;
24123;5777024;1021984768;21737472;1116073984;0;0;0;0;0;0;0;0;0;0;0;2895;0;0;89;0;80;0;
24124;3511646;1021984768;21737472;1116073984;0;0;0;0;0;0;0;0;0;0;0;2324;0;0;89;0;80;0;
24125;5810878;1021984768;21737472;1116073984;0;0;0;0;0;0;0;0;0;0;0;2454;0;0;89;0;80;0;
24126;4008638;1021984768;21737472;1116073984;0;0;0;0;0;0;0;0;0;0;0;2464;0;0;89;0;80;0;
24127;6029708;1021984768;21737472;1116073984;0;0;0;0;0;0;0;0;0;0;0;2825;0;0;89;0;80;0;
24128;3780640;1021984768;21737472;1116073984;0;0;0;0;0;0;0;0;0;0;0;2916;0;0;89;0;80;0;
24129;6303381;1027248128;28352512;1122689024;0;0;0;0;0;0;0;0;0;0;0;3005;0;0;89;0;80;0;
24130;4224462;1027248128;28352512;1122689024;0;0;0;0;0;0;0;0;0;0;0;2856;0;0;89;0;80;0;
24131;4848823;1027248128;28352512;1122689024;0;0;0;0;0;0;0;0;0;0;0;3056;0;0;89;0;80;0;
24132;4008969;1027248128;28352512;1122689024;0;0;0;0;0;0;0;0;0;0;0;2976;0;0;89;0;80;0;
24133;4756580;1027248128;28352512;1122689024;0;0;0;0;0;0;0;0;0;0;0;3146;0;0;89;0;80;0;
24134;3541392;1027248128;28352512;1122689024;0;0;0;0;0;0;0;0;0;0;0;2825;0;0;89;0;80;0;
24135;4996150;1027248128;28352512;1122689024;0;0;0;0;0;0;0;0;0;0;0;2956;0;0;89;0;80;0;
24136;3108780;1027248128;28352512;1122689024;0;0;0;0;0;0;0;0;0;0;0;2545;0;0;89;0;80;0;
24137;5239165;1027248128;28352512;1122689024;0;0;0;0;0;0;0;0;0;0;0;3186;0;0;89;0;80;0;
24138;4069772;1021984768;21737472;1116073984;0;0;0;0;0;0;0;0;0;0;0;2946;0;0;89;0;80;0;
24139;4824358;1021984768;21737472;1116073984;0;0;0;0;0;0;0;0;0;0;0;2856;0;0;89;0;80;0;
24140;3013121;1021984768;21737472;1116073984;0;0;0;0;0;0;0;0;0;0;0;2435;0;0;89;0;80;0;
24141;5218938;1021984768;21737472;1116073984;0;0;0;0;0;0;0;0;0;0;0;2816;0;0;89;0;80;0;
24142;3653011;1021984768;21737472;1116073984;0;0;0;0;0;0;0;0;0;0;0;2585;0;0;89;0;80;0;
24143;11156734;1021984768;21737472;1116073984;0;0;0;0;0;0;0;0;0;0;0;3346;0;0;89;0;80;0;
24144;5880007;1021984768;21737472;1116073984;0;0;0;0;0;0;0;0;0;0;0;3367;0;0;89;0;80;0;
24145;5798414;1021984768;21737472;1116073984;0;0;0;0;0;0;0;0;0;0;0;2835;0;0;89;0;80;0;
24146;4433725;1021984768;21737472;1116073984;0;0;0;0;0;0;0;0;0;0;0;2615;0;0;89;0;80;0;
24147;5849219;1021984768;21741568;1116078080;0;0;0;0;0;0;0;0;0;0;0;2795;0;0;89;0;80;0;
24148;5133086;1021984768;21745664;1116082176;0;0;0;0;0;0;0;0;0;0;0;3286;0;0;89;0;80;0;
24149;5424293;1021984768;21745664;1116082176;0;0;0;0;0;0;0;0;0;0;0;3015;0;0;89;0;80;0;
24150;5500135;1021984768;21745664;1116082176;0;0;0;0;0;0;0;0;0;0;0;2625;0;0;89;0;80;0;
24151;5051093;1021984768;21745664;1116082176;0;0;0;0;0;0;0;0;0;0;0;3266;0;0;89;0;80;0;
24152;4196890;1021984768;21745664;1116082176;0;0;0;0;0;0;0;0;0;0;0;2775;0;0;89;0;80;0;
24153;5879997;1021984768;21745664;1116082176;0;0;0;0;0;0;0;0;0;0;0;3156;0;0;89;0;80;0;
24154;4500380;1021984768;21737472;1116073984;0;0;0;0;0;0;0;0;0;0;0;3106;0;0;89;0;80;0;
24155;5391501;1021984768;21737472;1116073984;0;0;0;0;0;0;0;0;0;0;0;2955;0;0;89;0;80;0;
24156;3936142;1021984768;21737472;1116073984;0;0;0;0;0;0;0;0;0;0;0;2755;0;0;89;0;80;0;
24157;6153660;1021984768;21737472;1116073984;0;0;0;0;0;0;0;0;0;0;0;2735;0;0;89;0;80;0;
24158;5390028;1021984768;21737472;1116073984;0;0;0;0;0;0;0;0;0;0;0;3266;0;0;89;0;80;0;
24159;5465490;1021984768;21737472;1116073984;0;0;0;0;0;0;0;0;0;0;0;2665;0;0;89;0;80;0;
24160;3583370;1021984768;21737472;1116073984;0;0;0;0;0;0;0;0;0;0;0;2635;0;0;89;0;80;0;
24161;5039501;1021984768;21737472;1116073984;0;0;0;0;0;0;0;0;0;0;0;3036;0;0;89;0;80;0;
24162;3465630;1021984768;21737472;1116073984;0;0;0;0;0;0;0;0;0;0;0;2835;0;0;89;0;80;0;
24163;5218567;1021984768;21737472;1116073984;0;0;0;0;0;0;0;0;0;0;0;2825;0;0;89;0;80;0;
24164;4846048;1021984768;21737472;1116073984;0;0;0;0;0;0;0;0;0;0;0;2755;0;0;89;0;80;0;
24165;5559386;1021984768;21737472;1116073984;0;0;0;0;0;0;0;0;0;0;0;3186;0;0;89;0;80;0;
24166;4684916;1021984768;21737472;1116073984;0;0;0;0;0;0;0;0;0;0;0;2885;0;0;89;0;80;0;
24167;5831957;1021984768;21737472;1116073984;0;0;0;0;0;0;0;0;0;0;0;2745;0;0;89;0;80;0;
24168;4374143;1021984768;21737472;1116073984;0;0;0;0;0;0;0;0;0;0;0;2815;0;0;89;0;80;0;
24169;5703046;1021984768;21737472;1116073984;0;0;0;0;0;0;0;0;0;0;0;3176;0;0;89;0;80;0;
24170;4982104;1021984768;21737472;1116073984;0;0;0;0;0;0;0;0;0;0;0;3337;0;0;89;0;80;0;
24171;7719006;1021984768;21737472;1116073984;0;0;0;0;0;0;0;0;0;0;0;2444;0;0;89;0;80;0;
24172;3635057;1021984768;21737472;1116073984;0;0;0;0;0;0;0;0;0;0;0;3046;0;0;89;0;80;0;
24173;5720127;1021984768;21737472;1116073984;0;0;0;0;0;0;0;0;0;0;0;3036;0;0;89;0;80;0;
24174;4001394;1021984768;21737472;1116073984;0;0;0;0;0;0;0;0;0;0;0;3226;0;0;89;0;80;0;
24175;5362136;1021984768;21737472;1116073984;0;0;0;0;0;0;0;0;0;0;0;2775;0;0;89;0;80;0;
24176;5916426;1021984768;21737472;1116073984;0;0;0;0;0;0;0;0;0;0;0;3005;0;0;89;0;80;0;
24177;6750068;1021984768;21737472;1116073984;0;0;0;0;0;0;0;0;0;0;0;3246;0;0;89;0;80;0;
24178;4712899;1021984768;21737472;1116073984;0;0;0;0;0;0;0;0;0;0;0;2956;0;0;89;0;80;0;
24179;6041820;1021984768;21737472;1116073984;0;0;0;0;0;0;0;0;0;0;0;3286;0;0;89;0;80;0;
24180;3706071;1021984768;21737472;1116073984;0;0;0;0;0;0;0;0;0;0;0;2935;0;0;89;0;80;0;
24181;5802351;1021984768;21737472;1116073984;0;0;0;0;0;0;0;0;0;0;0;2685;0;0;89;0;80;0;
24182;3988400;1021984768;21737472;1116073984;0;0;0;0;0;0;0;0;0;0;0;3095;0;0;89;0;80;0;
24183;6127722;1021984768;21737472;1116073984;0;0;0;0;0;0;0;0;0;0;0;2915;0;0;89;0;80;0;
24184;3528818;1021984768;21737472;1116073984;0;0;0;0;0;0;0;0;0;0;0;3106;0;0;89;0;80;0;
24185;5139528;1021984768;21737472;1116073984;0;0;0;0;0;0;0;0;0;0;0;2835;0;0;89;0;80;0;
24186;4821993;1021984768;21737472;1116073984;0;0;0;0;0;0;0;0;0;0;0;2875;0;0;89;0;80;0;
24187;4988896;1021984768;21737472;1116073984;0;0;0;0;0;0;0;0;0;0;0;3026;0;0;89;0;80;0;
24188;4217830;1021984768;21737472;1116073984;0;0;0;0;0;0;0;0;0;0;0;3036;0;0;89;0;80;0;
24189;5328743;1021984768;21737472;1116073984;0;0;0;0;0;0;0;0;0;0;0;3006;0;0;89;0;80;0;
24190;4100831;1021984768;21737472;1116073984;0;0;0;0;0;0;0;0;0;0;0;2895;0;0;89;0;80;0;
24191;6464774;1021984768;21737472;1116073984;0;0;0;0;0;0;0;0;0;0;0;2855;0;0;89;0;80;0;
24192;4994196;1021984768;21737472;1116073984;0;0;0;0;0;0;0;0;0;0;0;2735;0;0;89;0;80;0;
24193;6186272;1021984768;21737472;1116073984;0;0;0;0;0;0;0;0;0;0;0;2976;0;0;89;0;80;0;
24194;3910514;1021984768;21737472;1116073984;0;0;0;0;0;0;0;0;0;0;0;3537;0;0;89;0;80;0;
24195;5474587;1021984768;21737472;1116073984;0;0;0;0;0;0;0;0;0;0;0;3016;0;0;89;0;80;0;
24196;4836941;1021984768;21737472;1116073984;0;0;0;0;0;0;0;0;0;0;0;2946;0;0;89;0;80;0;
24197;5488973;1021984768;21737472;1116073984;0;0;0;0;0;0;0;0;0;0;0;3587;0;0;89;0;80;0;
24198;3580786;1021984768;21737472;1116073984;0;0;0;0;0;0;0;0;0;0;0;2866;0;0;89;0;80;0;
24199;4801605;1021984768;21737472;1116073984;0;0;0;0;0;0;0;0;0;0;0;2845;0;0;89;0;80;0;
24200;4225023;1021984768;21737472;1116073984;0;0;0;0;0;0;0;0;0;0;0;2555;0;0;89;0;80;0;
24201;5827329;1021984768;21737472;1116073984;0;0;0;0;0;0;0;0;0;0;0;3115;0;0;89;0;80;0;
24202;4926358;1021984768;21737472;1116073984;0;0;0;0;0;0;0;0;0;0;0;3016;0;0;89;0;80;0;
24203;6096353;1021984768;21737472;1116073984;0;0;0;0;0;0;0;0;0;0;0;3416;0;0;89;0;80;0;
24204;5004816;1021984768;21737472;1116073984;0;0;0;0;0;0;0;0;0;0;0;3236;0;0;89;0;80;0;
24205;5489104;1021984768;21737472;1116073984;0;0;0;0;0;0;0;0;0;0;0;2896;0;0;89;0;80;0;
24206;5053688;1021984768;21737472;1116073984;0;0;0;0;0;0;0;0;0;0;0;2635;0;0;89;0;80;0;
24207;6043785;1021984768;21737472;1116073984;0;0;0;0;0;0;0;0;0;0;0;2936;0;0;89;0;80;0;
24208;3640146;1021984768;21737472;1116073984;0;0;0;0;0;0;0;0;0;0;0;2564;0;0;89;0;80;0;
24209;5163063;1021984768;21737472;1116073984;0;0;0;0;0;0;0;0;0;0;0;2705;0;0;89;0;80;0;
24210;3802912;1021984768;21737472;1116073984;0;0;0;0;0;0;0;0;0;0;0;2685;0;0;89;0;80;0;
24211;5797392;1021984768;21737472;1116073984;0;0;0;0;0;0;0;0;0;0;0;3296;0;0;89;0;80;0;
24212;4915328;1021984768;21737472;1116073984;0;0;0;0;0;0;0;0;0;0;0;3126;0;0;89;0;80;0;
24213;6465916;1021984768;21737472;1116073984;0;0;0;0;0;0;0;0;0;0;0;2946;0;0;89;0;80;0;
24214;4006794;1021984768;21737472;1116073984;0;0;0;0;0;0;0;0;0;0;0;2685;0;0;89;0;80;0;
24215;5487120;1021984768;21737472;1116073984;0;0;0;0;0;0;0;0;0;0;0;2996;0;0;89;0;80;0;
24216;4783882;1021984768;21737472;1116073984;0;0;0;0;0;0;0;0;0;0;0;3076;0;0;89;0;80;0;
24217;5547704;1021984768;21737472;1116073984;0;0;0;0;0;0;0;0;0;0;0;2785;0;0;89;0;80;0;
24218;4061286;1021984768;21737472;1116073984;0;0;0;0;0;0;0;0;0;0;0;2956;0;0;89;0;80;0;
24219;5085798;1021984768;21737472;1116073984;0;0;0;0;0;0;0;0;0;0;0;2575;0;0;89;0;80;0;
24220;3240498;1021984768;21737472;1116073984;0;0;0;0;0;0;0;0;0;0;0;3146;0;0;89;0;80;0;
24221;4645141;1021984768;21737472;1116073984;0;0;0;0;0;0;0;0;0;0;0;2925;0;0;89;0;80;0;
24222;3178340;1021984768;21737472;1116073984;0;0;0;0;0;0;0;0;0;0;0;2755;0;0;89;0;80;0;
24223;5653503;1021984768;21737472;1116073984;0;0;0;0;0;0;0;0;0;0;0;2655;0;0;89;0;80;0;
24224;5017419;1021984768;21737472;1116073984;0;0;0;0;0;0;0;0;0;0;0;2655;0;0;89;0;80;0;
24225;4838524;1021984768;21737472;1116073984;0;0;0;0;0;0;0;0;0;0;0;2665;0;0;89;0;80;0;
24226;3999440;1021984768;21737472;1116073984;0;0;0;0;0;0;0;0;0;0;0;2685;0;0;89;0;80;0;
24227;5450181;1021984768;21737472;1116073984;0;0;0;0;0;0;0;0;0;0;0;2925;0;0;89;0;80;0;
24228;4392357;1021984768;21737472;1116073984;0;0;0;0;0;0;0;0;0;0;0;2485;0;0;89;0;80;0;
24229;5161099;1021984768;21737472;1116073984;0;0;0;0;0;0;0;0;0;0;0;2775;0;0;89;0;80;0;
24230;3788815;1021984768;21737472;1116073984;0;0;0;0;0;0;0;0;0;0;0;2805;0;0;89;0;80;0;
24231;5178010;1021984768;21737472;1116073984;0;0;0;0;0;0;0;0;0;0;0;2735;0;0;89;0;80;0;
24232;2999866;1021984768;21737472;1116073984;0;0;0;0;0;0;0;0;0;0;0;2595;0;0;89;0;80;0;
24233;5480689;1021984768;21737472;1116073984;0;0;0;0;0;0;0;0;0;0;0;3036;0;0;89;0;80;0;
24234;3645778;1021984768;21737472;1116073984;0;0;0;0;0;0;0;0;0;0;0;3276;0;0;89;0;80;0;
24235;5194872;1021984768;21737472;1116073984;0;0;0;0;0;0;0;0;0;0;0;2715;0;0;89;0;80;0;
24236;5625750;1021984768;21737472;1116073984;0;0;0;0;0;0;0;0;0;0;0;3286;0;0;89;0;80;0;
24237;6286270;1021984768;21737472;1116073984;0;0;0;0;0;0;0;0;0;0;0;4157;0;0;89;0;80;0;
24238;6005833;1021984768;21737472;1116073984;0;0;0;0;0;0;0;0;0;0;0;3807;0;0;89;0;80;0;
24239;6806324;1021984768;21737472;1116073984;0;0;0;0;0;0;0;0;0;0;0;3998;0;0;89;0;80;0;
24240;5475639;1021984768;21737472;1116073984;0;0;0;0;0;0;0;0;0;0;0;4648;0;0;89;0;80;0;
24241;6093337;1021984768;21737472;1116073984;0;0;0;0;0;0;0;0;0;0;0;4979;0;0;89;0;80;0;
24242;5250907;1021984768;21737472;1116073984;0;0;0;0;0;0;0;0;0;0;0;3497;0;0;89;0;80;0;
24243;7296143;1021984768;21737472;1116073984;0;0;0;0;0;0;0;0;0;0;0;3446;0;0;89;0;80;0;
24244;4905019;1021984768;21737472;1116073984;0;0;0;0;0;0;0;0;0;0;0;3767;0;0;89;0;80;0;
24245;6731945;1027248128;28352512;1122689024;0;0;0;0;0;0;0;0;0;0;0;3286;0;0;89;0;80;0;
24246;4529675;1027248128;28352512;1122689024;0;0;0;0;0;0;0;0;0;0;0;4128;0;0;89;0;80;0;
24247;6052040;1027248128;28352512;1122689024;0;0;0;0;0;0;0;0;0;0;0;3466;0;0;89;0;80;0;
24248;4386837;1027248128;28352512;1122689024;0;0;0;0;0;0;0;0;0;0;0;4749;0;0;89;0;80;0;
24249;6460806;1027248128;28352512;1122689024;0;0;0;0;0;0;0;0;0;0;0;3487;0;0;89;0;80;0;
24250;4400813;1027248128;28352512;1122689024;0;0;0;0;0;0;0;0;0;0;0;4508;0;0;89;0;80;0;
24251;6390855;1027248128;28352512;1122689024;0;0;0;0;0;0;0;0;0;0;0;10970;0;0;89;0;80;0;
24252;5314537;1027248128;28352512;1122689024;0;0;0;0;0;0;0;0;0;0;0;3216;0;0;89;0;80;0;
24253;6341092;1027248128;28352512;1122689024;0;0;0;0;0;0;0;0;0;0;0;3897;0;0;89;0;80;0;
24254;6924706;1021984768;21737472;1116073984;0;0;0;0;0;0;0;0;0;0;0;3827;0;0;89;0;80;0;
24255;6584489;1021984768;21737472;1116073984;0;0;0;0;0;0;0;0;0;0;0;5170;0;0;89;0;80;0;
24256;5656268;1021984768;21737472;1116073984;0;0;0;0;0;0;0;0;0;0;0;5150;0;0;89;0;80;0;
24257;5643254;1021984768;21737472;1116073984;0;0;0;0;0;0;0;0;0;0;0;3126;0;0;89;0;80;0;
24258;7606996;1021984768;21737472;1116073984;0;0;0;0;0;0;0;0;0;0;0;3817;0;0;89;0;80;0;
24259;6450387;1021984768;21737472;1116073984;0;0;0;0;0;0;0;0;0;0;0;2805;0;0;89;0;80;0;
24260;5579373;1021984768;21737472;1116073984;0;0;0;0;0;0;0;0;0;0;0;2725;0;0;89;0;80;0;
24261;5968263;1021984768;21737472;1116073984;0;0;0;0;0;0;0;0;0;0;0;3166;0;0;89;0;80;0;
24262;4383641;1021984768;21737472;1116073984;0;0;0;0;0;0;0;0;0;0;0;2926;0;0;89;0;80;0;
24263;6610297;1021984768;21737472;1116073984;0;0;0;0;0;0;0;0;0;0;0;2465;0;0;89;0;80;0;
24264;4672683;1021984768;21737472;1116073984;0;0;0;0;0;0;0;0;0;0;0;2425;0;0;89;0;80;0;
24265;5421397;1021984768;21737472;1116073984;0;0;0;0;0;0;0;0;0;0;0;2796;0;0;89;0;80;0;
24266;6434627;1021984768;21737472;1116073984;0;0;0;0;0;0;0;0;0;0;0;2885;0;0;89;0;80;0;
24267;5482652;1021984768;21737472;1116073984;0;0;0;0;0;0;0;0;0;0;0;2665;0;0;89;0;80;0;
24268;6305485;1021980672;21733376;1116069888;0;0;0;0;0;0;0;0;0;0;0;2956;0;0;89;0;80;0;
24269;6229362;1027244032;28348416;1122684928;0;0;0;0;0;0;0;0;0;0;0;2795;0;0;89;0;80;0;
24270;3710909;1027416064;28344320;1122680832;0;0;0;0;0;0;0;0;0;0;0;3266;0;0;89;0;80;0;
24271;4625675;1027416064;28344320;1122680832;0;0;0;0;0;0;0;0;0;0;0;3085;0;0;89;0;80;0;
24272;4214163;1027416064;28344320;1122680832;0;0;0;0;0;0;0;0;0;0;0;3156;0;0;89;0;80;0;
24273;5646670;1027416064;28344320;1122680832;0;0;0;0;0;0;0;0;0;0;0;2795;0;0;89;0;80;0;
24274;3945720;1027416064;28344320;1122680832;0;0;0;0;0;0;0;0;0;0;0;3016;0;0;89;0;80;0;
24275;6811614;1027416064;28344320;1122680832;0;0;0;0;0;0;0;0;0;0;0;2745;0;0;89;0;80;0;
24276;3772405;1027416064;28344320;1122680832;0;0;0;0;0;0;0;0;0;0;0;2815;0;0;89;0;80;0;
24277;4813989;1027416064;28344320;1122680832;0;0;0;0;0;0;0;0;0;0;0;2544;0;0;89;0;80;0;
24278;5374299;1021976576;21729280;1116065792;0;0;0;0;0;0;0;0;0;0;0;3647;0;0;89;0;80;0;
24279;5430765;1021976576;21729280;1116065792;0;0;0;0;0;0;0;0;0;0;0;2996;0;0;89;0;80;0;
24280;4807165;1021976576;21729280;1116065792;0;0;0;0;0;0;0;0;0;0;0;3006;0;0;89;0;80;0;
24281;5755293;1021976576;21729280;1116065792;0;0;0;0;0;0;0;0;0;0;0;2575;0;0;89;0;80;0;
24282;4753455;1021976576;21729280;1116065792;0;0;0;0;0;0;0;0;0;0;0;2926;0;0;89;0;80;0;
24283;5263130;1021976576;21729280;1116065792;0;0;0;0;0;0;0;0;0;0;0;2936;0;0;89;0;80;0;
24284;3562090;1021976576;21729280;1116065792;0;0;0;0;0;0;0;0;0;0;0;2836;0;0;89;0;80;0;
24285;6249360;1021976576;21729280;1116065792;0;0;0;0;0;0;0;0;0;0;0;2826;0;0;89;0;80;0;
24286;5317051;1021976576;21729280;1116065792;0;0;0;0;0;0;0;0;0;0;0;2886;0;0;89;0;80;0;
24287;4843143;1021976576;21729280;1116065792;0;0;0;0;0;0;0;0;0;0;0;2726;0;0;89;0;80;0;
24288;4973687;1021976576;21729280;1116065792;0;0;0;0;0;0;0;0;0;0;0;3186;0;0;89;0;80;0;
24289;5365242;1021976576;21729280;1116065792;0;0;0;0;0;0;0;0;0;0;0;3126;0;0;89;0;80;0;
24290;4293712;1021976576;21729280;1116065792;0;0;0;0;0;0;0;0;0;0;0;2936;0;0;89;0;80;0;
24291;6619614;1021976576;21729280;1116065792;0;0;0;0;0;0;0;0;0;0;0;2905;0;0;89;0;80;0;
24292;4273765;1021976576;21729280;1116065792;0;0;0;0;0;0;0;0;0;0;0;2926;0;0;89;0;80;0;
24293;6745801;1027239936;28344320;1122680832;0;0;0;0;0;0;0;0;0;0;0;3126;0;0;89;0;80;0;
24294;4131879;1027239936;28344320;1122680832;0;0;0;0;0;0;0;0;0;0;0;2916;0;0;89;0;80;0;
24295;5933888;1027239936;28344320;1122680832;0;0;0;0;0;0;0;0;0;0;0;2795;0;0;89;0;80;0;
24296;3887791;1027239936;28344320;1122680832;0;0;0;0;0;0;0;0;0;0;0;3306;0;0;89;0;80;0;
24297;5144678;1027239936;28344320;1122680832;0;0;0;0;0;0;0;0;0;0;0;2705;0;0;89;0;80;0;
24298;3818061;1027239936;28344320;1122680832;0;0;0;0;0;0;0;0;0;0;0;2986;0;0;89;0;80;0;
24299;5891699;1027239936;28344320;1122680832;0;0;0;0;0;0;0;0;0;0;0;2675;0;0;89;0;80;0;
24300;4190048;1027239936;28344320;1122680832;0;0;0;0;0;0;0;0;0;0;0;3526;0;0;89;0;80;0;
24301;4980150;1027239936;28344320;1122680832;0;0;0;0;0;0;0;0;0;0;0;2345;0;0;89;0;80;0;
24302;5039501;1021976576;21729280;1116065792;0;0;0;0;0;0;0;0;0;0;0;3386;0;0;89;0;80;0;
24303;5736738;1021976576;21729280;1116065792;0;0;0;0;0;0;0;0;0;0;0;135254;0;0;89;0;80;0;
24304;4332615;1021976576;21729280;1116065792;0;0;0;0;0;0;0;0;0;0;0;2885;0;0;89;0;80;0;
24305;5705650;1021976576;21729280;1116065792;0;0;0;0;0;0;0;0;0;0;0;2685;0;0;89;0;80;0;
24306;3311019;1021976576;21729280;1116065792;0;0;0;0;0;0;0;0;0;0;0;3135;0;0;89;0;80;0;
24307;5449540;1021976576;21729280;1116065792;0;0;0;0;0;0;0;0;0;0;0;2555;0;0;89;0;80;0;
24308;4288563;1021976576;21729280;1116065792;0;0;0;0;0;0;0;0;0;0;0;3005;0;0;89;0;80;0;
24309;5466471;1021976576;21729280;1116065792;0;0;0;0;0;0;0;0;0;0;0;2434;0;0;89;0;80;0;
24310;4175531;1021976576;21729280;1116065792;0;0;0;0;0;0;0;0;0;0;0;3346;0;0;89;0;80;0;
24311;5160678;1021976576;21729280;1116065792;0;0;0;0;0;0;0;0;0;0;0;3016;0;0;89;0;80;0;
24312;5120403;1021976576;21729280;1116065792;0;0;0;0;0;0;0;0;0;0;0;3827;0;0;89;0;80;0;
24313;4559361;1021976576;21729280;1116065792;0;0;0;0;0;0;0;0;0;0;0;2835;0;0;89;0;80;0;
24314;3461252;1021976576;21729280;1116065792;0;0;0;0;0;0;0;0;0;0;0;2796;0;0;89;0;80;0;
24315;5926154;1021976576;21729280;1116065792;0;0;0;0;0;0;0;0;0;0;0;2214;0;0;89;0;80;0;
24316;4311466;1021976576;21729280;1116065792;0;0;0;0;0;0;0;0;0;0;0;3656;0;0;89;0;80;0;
24317;6006304;1027239936;28344320;1122680832;0;0;0;0;0;0;0;0;0;0;0;2876;0;0;89;0;80;0;
24318;3314216;1027239936;28344320;1122680832;0;0;0;0;0;0;0;0;0;0;0;3005;0;0;89;0;80;0;
24319;4984308;1027239936;28344320;1122680832;0;0;0;0;0;0;0;0;0;0;0;2365;0;0;89;0;80;0;
24320;4021923;1027239936;28344320;1122680832;0;0;0;0;0;0;0;0;0;0;0;3597;0;0;89;0;80;0;
24321;5379388;1027239936;28344320;1122680832;0;0;0;0;0;0;0;0;0;0;0;2104;0;0;89;0;80;0;
24322;5159586;1027239936;28344320;1122680832;0;0;0;0;0;0;0;0;0;0;0;2655;0;0;89;0;80;0;
24323;5619028;1027239936;28344320;1122680832;0;0;0;0;0;0;0;0;0;0;0;2875;0;0;89;0;80;0;
24324;3349061;1027239936;28344320;1122680832;0;0;0;0;0;0;0;0;0;0;0;2655;0;0;89;0;80;0;
24325;5693177;1027239936;28344320;1122680832;0;0;0;0;0;0;0;0;0;0;0;2946;0;0;89;0;80;0;
24326;5332180;1021976576;21729280;1116065792;0;0;0;0;0;0;0;0;0;0;0;3256;0;0;89;0;80;0;
24327;5099664;1021976576;21729280;1116065792;0;0;0;0;0;0;0;0;0;0;0;2865;0;0;89;0;80;0;
24328;3534969;1021976576;21729280;1116065792;0;0;0;0;0;0;0;0;0;0;0;3116;0;0;89;0;80;0;
24329;5466863;1021976576;21729280;1116065792;0;0;0;0;0;0;0;0;0;0;0;2896;0;0;89;0;80;0;
24330;3331858;1021976576;21729280;1116065792;0;0;0;0;0;0;0;0;0;0;0;2675;0;0;89;0;80;0;
24331;5891078;1021976576;21729280;1116065792;0;0;0;0;0;0;0;0;0;0;0;2896;0;0;89;0;80;0;
24332;4430850;1021976576;21729280;1116065792;0;0;0;0;0;0;0;0;0;0;0;9769;0;0;89;0;80;0;
24333;6270580;1021976576;21729280;1116065792;0;0;0;0;0;0;0;0;0;0;0;2575;0;0;89;0;80;0;
24334;3616773;1021976576;21729280;1116065792;0;0;0;0;0;0;0;0;0;0;0;2775;0;0;89;0;80;0;
24335;6328558;1021976576;21729280;1116065792;0;0;0;0;0;0;0;0;0;0;0;2866;0;0;89;0;80;0;
24336;4549342;1021976576;21729280;1116065792;0;0;0;0;0;0;0;0;0;0;0;2975;0;0;89;0;80;0;
24337;11448370;1021976576;21729280;1116065792;0;0;0;0;0;0;0;0;0;0;0;2575;0;0;89;0;80;0;
24338;4954571;1021976576;21729280;1116065792;0;0;0;0;0;0;0;0;0;0;0;108183;0;0;89;0;80;0;
24339;6509859;1021976576;21729280;1116065792;0;0;0;0;0;0;0;0;0;0;0;2816;0;0;89;0;80;0;
24340;5262870;1021976576;21729280;1116065792;0;0;0;0;0;0;0;0;0;0;0;3076;0;0;89;0;80;0;
24341;7376985;1027239936;28344320;1122680832;0;0;0;0;0;0;0;0;0;0;0;3527;0;0;89;0;80;0;
24342;3533727;1027239936;28344320;1122680832;0;0;0;0;0;0;0;0;0;0;0;3026;0;0;89;0;80;0;
24343;5097860;1027239936;28344320;1122680832;0;0;0;0;0;0;0;0;0;0;0;5620;0;0;89;0;80;0;
24344;4608703;1027239936;28344320;1122680832;0;0;0;0;0;0;0;0;0;0;0;3346;0;0;89;0;80;0;
24345;5978031;1027239936;28344320;1122680832;0;0;0;0;0;0;0;0;0;0;0;2604;0;0;89;0;80;0;
24346;4978156;1027239936;28344320;1122680832;0;0;0;0;0;0;0;0;0;0;0;3006;0;0;89;0;80;0;
24347;5528087;1027239936;28344320;1122680832;0;0;0;0;0;0;0;0;0;0;0;2535;0;0;89;0;80;0;
24348;4014458;1027239936;28344320;1122680832;0;0;0;0;0;0;0;0;0;0;0;3236;0;0;89;0;80;0;
24349;4902314;1027239936;28344320;1122680832;0;0;0;0;0;0;0;0;0;0;0;2655;0;0;89;0;80;0;
24350;5461142;1021976576;21729280;1116065792;0;0;0;0;0;0;0;0;0;0;0;3206;0;0;89;0;80;0;
24351;5583120;1021976576;21729280;1116065792;0;0;0;0;0;0;0;0;0;0;0;2786;0;0;89;0;80;0;
24352;3556970;1021976576;21729280;1116065792;0;0;0;0;0;0;0;0;0;0;0;3036;0;0;89;0;80;0;
24353;4947839;1021976576;21729280;1116065792;0;0;0;0;0;0;0;0;0;0;0;2575;0;0;89;0;80;0;
24354;4906161;1021976576;21729280;1116065792;0;0;0;0;0;0;0;0;0;0;0;4910;0;0;89;0;80;0;
24355;6426452;1021976576;21729280;1116065792;0;0;0;0;0;0;0;0;0;0;0;3036;0;0;89;0;80;0;
24356;4613291;1021976576;21729280;1116065792;0;0;0;0;0;0;0;0;0;0;0;3307;0;0;89;0;80;0;
24357;5639977;1021976576;21729280;1116065792;0;0;0;0;0;0;0;0;0;0;0;2946;0;0;89;0;80;0;
24358;3825575;1021976576;21729280;1116065792;0;0;0;0;0;0;0;0;0;0;0;3246;0;0;89;0;80;0;
24359;4928823;1021976576;21729280;1116065792;0;0;0;0;0;0;0;0;0;0;0;3016;0;0;89;0;80;0;
24360;4358804;1021976576;21729280;1116065792;0;0;0;0;0;0;0;0;0;0;0;2885;0;0;89;0;80;0;
24361;6811695;1021976576;21729280;1116065792;0;0;0;0;0;0;0;0;0;0;0;2855;0;0;89;0;80;0;
24362;4057259;1021976576;21729280;1116065792;0;0;0;0;0;0;0;0;0;0;0;3757;0;0;89;0;80;0;
24363;6353064;1021976576;21729280;1116065792;0;0;0;0;0;0;0;0;0;0;0;2966;0;0;89;0;80;0;
24364;4927951;1021976576;21729280;1116065792;0;0;0;0;0;0;0;0;0;0;0;3116;0;0;89;0;80;0;
24365;5396781;1021976576;21729280;1116065792;0;0;0;0;0;0;0;0;0;0;0;3045;0;0;89;0;80;0;
24366;4051718;1021976576;21729280;1116065792;0;0;0;0;0;0;0;0;0;0;0;2895;0;0;89;0;80;0;
24367;5142595;1021976576;21729280;1116065792;0;0;0;0;0;0;0;0;0;0;0;2856;0;0;89;0;80;0;
24368;4016542;1021976576;21729280;1116065792;0;0;0;0;0;0;0;0;0;0;0;2414;0;0;89;0;80;0;
24369;4688593;1021976576;21729280;1116065792;0;0;0;0;0;0;0;0;0;0;0;2535;0;0;89;0;80;0;
24370;4415841;1021976576;21729280;1116065792;0;0;0;0;0;0;0;0;0;0;0;2916;0;0;89;0;80;0;
24371;5083183;1021976576;21729280;1116065792;0;0;0;0;0;0;0;0;0;0;0;2655;0;0;89;0;80;0;
24372;4264438;1021976576;21729280;1116065792;0;0;0;0;0;0;0;0;0;0;0;3076;0;0;89;0;80;0;
24373;5184352;1021976576;21729280;1116065792;0;0;0;0;0;0;0;0;0;0;0;2875;0;0;89;0;80;0;
24374;4252956;1021976576;21729280;1116065792;0;0;0;0;0;0;0;0;0;0;0;3156;0;0;89;0;80;0;
24375;4880993;1021976576;21729280;1116065792;0;0;0;0;0;0;0;0;0;0;0;3236;0;0;89;0;80;0;
24376;3146361;1021976576;21729280;1116065792;0;0;0;0;0;0;0;0;0;0;0;2896;0;0;89;0;80;0;
24377;5227754;1021976576;21729280;1116065792;0;0;0;0;0;0;0;0;0;0;0;2434;0;0;89;0;80;0;
24378;3446894;1021976576;21729280;1116065792;0;0;0;0;0;0;0;0;0;0;0;2825;0;0;89;0;80;0;
24379;5493472;1021976576;21729280;1116065792;0;0;0;0;0;0;0;0;0;0;0;2615;0;0;89;0;80;0;
24380;4430318;1021976576;21729280;1116065792;0;0;0;0;0;0;0;0;0;0;0;3106;0;0;89;0;80;0;
24381;4999356;1021976576;21729280;1116065792;0;0;0;0;0;0;0;0;0;0;0;2885;0;0;89;0;80;0;
24382;4662614;1021976576;21729280;1116065792;0;0;0;0;0;0;0;0;0;0;0;3136;0;0;89;0;80;0;
24383;4809880;1021976576;21729280;1116065792;0;0;0;0;0;0;0;0;0;0;0;2324;0;0;89;0;80;0;
24384;3126113;1021976576;21729280;1116065792;0;0;0;0;0;0;0;0;0;0;0;2695;0;0;89;0;80;0;
24385;6091634;1021976576;21729280;1116065792;0;0;0;0;0;0;0;0;0;0;0;2856;0;0;89;0;80;0;
24386;3849850;1021976576;21729280;1116065792;0;0;0;0;0;0;0;0;0;0;0;2775;0;0;89;0;80;0;
24387;6259569;1021976576;21729280;1116065792;0;0;0;0;0;0;0;0;0;0;0;2705;0;0;89;0;80;0;
24388;4416652;1021976576;21729280;1116065792;0;0;0;0;0;0;0;0;0;0;0;2976;0;0;89;0;80;0;
24389;6349788;1021976576;21729280;1116065792;0;0;0;0;0;0;0;0;0;0;0;36639;0;0;89;0;80;0;
24390;3276686;1021976576;21729280;1116065792;0;0;0;0;0;0;0;0;0;0;0;2795;0;0;89;0;80;0;
24391;5451254;1021976576;21729280;1116065792;0;0;0;0;0;0;0;0;0;0;0;2525;0;0;89;0;80;0;
24392;4223732;1021976576;21729280;1116065792;0;0;0;0;0;0;0;0;0;0;0;2695;0;0;89;0;80;0;
24393;5336939;1021976576;21729280;1116065792;0;0;0;0;0;0;0;0;0;0;0;2595;0;0;89;0;80;0;
24394;3723483;1021976576;21729280;1116065792;0;0;0;0;0;0;0;0;0;0;0;3186;0;0;89;0;80;0;
24395;5062253;1021976576;21729280;1116065792;0;0;0;0;0;0;0;0;0;0;0;2836;0;0;89;0;80;0;
24396;3830343;1021976576;21729280;1116065792;0;0;0;0;0;0;0;0;0;0;0;2815;0;0;89;0;80;0;
24397;5270705;1021976576;21729280;1116065792;0;0;0;0;0;0;0;0;0;0;0;2605;0;0;89;0;80;0;
24398;3855050;1021976576;21729280;1116065792;0;0;0;0;0;0;0;0;0;0;0;2946;0;0;89;0;80;0;
24399;4969810;1021976576;21729280;1116065792;0;0;0;0;0;0;0;0;0;0;0;2294;0;0;89;0;80;0;
24400;4244329;1021976576;21729280;1116065792;0;0;0;0;0;0;0;0;0;0;0;2996;0;0;89;0;80;0;
24401;6042031;1021976576;21729280;1116065792;0;0;0;0;0;0;0;0;0;0;0;3005;0;0;89;0;80;0;
24402;4568498;1021976576;21729280;1116065792;0;0;0;0;0;0;0;0;0;0;0;136165;0;0;89;0;80;0;
24403;5572491;1021976576;21729280;1116065792;0;0;0;0;0;0;0;0;0;0;0;3056;0;0;89;0;80;0;
24404;3545860;1021976576;21729280;1116065792;0;0;0;0;0;0;0;0;0;0;0;3247;0;0;89;0;80;0;
24405;5103431;1021976576;21729280;1116065792;0;0;0;0;0;0;0;0;0;0;0;2776;0;0;89;0;80;0;
24406;4517682;1021976576;21729280;1116065792;0;0;0;0;0;0;0;0;0;0;0;3527;0;0;89;0;80;0;
24407;5099173;1021976576;21729280;1116065792;0;0;0;0;0;0;0;0;0;0;0;2765;0;0;89;0;80;0;
24408;4231085;1021976576;21729280;1116065792;0;0;0;0;0;0;0;0;0;0;0;2705;0;0;89;0;80;0;
24409;4817846;1021976576;21729280;1116065792;0;0;0;0;0;0;0;0;0;0;0;2996;0;0;89;0;80;0;
24410;5120062;1021976576;21729280;1116065792;0;0;0;0;0;0;0;0;0;0;0;3236;0;0;89;0;80;0;
24411;4907303;1021976576;21729280;1116065792;0;0;0;0;0;0;0;0;0;0;0;2705;0;0;89;0;80;0;
24412;4190910;1021976576;21729280;1116065792;0;0;0;0;0;0;0;0;0;0;0;3066;0;0;89;0;80;0;
24413;5004616;1021976576;21729280;1116065792;0;0;0;0;0;0;0;0;0;0;0;2414;0;0;89;0;80;0;
24414;6048102;1021976576;21729280;1116065792;0;0;0;0;0;0;0;0;0;0;0;3547;0;0;89;0;80;0;
24415;5093482;1021976576;21729280;1116065792;0;0;0;0;0;0;0;0;0;0;0;3016;0;0;89;0;80;0;
24416;4949632;1021976576;21729280;1116065792;0;0;0;0;0;0;0;0;0;0;0;3466;0;0;89;0;80;0;
24417;5068185;1021976576;21729280;1116065792;0;0;0;0;0;0;0;0;0;0;0;2395;0;0;89;0;80;0;
24418;4456527;1021976576;21729280;1116065792;0;0;0;0;0;0;0;0;0;0;0;2735;0;0;89;0;80;0;
24419;5408994;1021976576;21729280;1116065792;0;0;0;0;0;0;0;0;0;0;0;2565;0;0;89;0;80;0;
24420;5743551;1021976576;21729280;1116065792;0;0;0;0;0;0;0;0;0;0;0;2735;0;0;89;0;80;0;
24421;5194221;1021976576;21729280;1116065792;0;0;0;0;0;0;0;0;0;0;0;2575;0;0;89;0;80;0;
24422;3674261;1021976576;21729280;1116065792;0;0;0;0;0;0;0;0;0;0;0;3046;0;0;89;0;80;0;
24423;5370702;1021976576;21729280;1116065792;0;0;0;0;0;0;0;0;0;0;0;2434;0;0;89;0;80;0;
24424;5468576;1021976576;21729280;1116065792;0;0;0;0;0;0;0;0;0;0;0;3937;0;0;89;0;80;0;
24425;5486660;1021976576;21729280;1116065792;0;0;0;0;0;0;0;0;0;0;0;2945;0;0;89;0;80;0;
24426;3181386;1021976576;21729280;1116065792;0;0;0;0;0;0;0;0;0;0;0;2715;0;0;89;0;80;0;
24427;4569189;1021976576;21729280;1116065792;0;0;0;0;0;0;0;0;0;0;0;3417;0;0;89;0;80;0;
24428;4181071;1021976576;21729280;1116065792;0;0;0;0;0;0;0;0;0;0;0;3557;0;0;89;0;80;0;
24429;5366184;1021976576;21729280;1116065792;0;0;0;0;0;0;0;0;0;0;0;2735;0;0;89;0;80;0;
24430;6538422;1021976576;21729280;1116065792;0;0;0;0;0;0;0;0;0;0;0;3977;0;0;89;0;80;0;
24431;5602537;1021976576;21729280;1116065792;0;0;0;0;0;0;0;0;0;0;0;3817;0;0;89;0;80;0;
24432;7171138;1021976576;21729280;1116065792;0;0;0;0;0;0;0;0;0;0;0;4669;0;0;89;0;80;0;
24433;6609836;1021976576;21729280;1116065792;0;0;0;0;0;0;0;0;0;0;0;3337;0;0;89;0;80;0;
24434;5018652;1021976576;21729280;1116065792;0;0;0;0;0;0;0;0;0;0;0;3406;0;0;89;0;80;0;
24435;6526710;1021976576;21729280;1116065792;0;0;0;0;0;0;0;0;0;0;0;3707;0;0;89;0;80;0;
24436;6466387;1021976576;21729280;1116065792;0;0;0;0;0;0;0;0;0;0;0;3957;0;0;89;0;80;0;
24437;5312052;1021976576;21729280;1116065792;0;0;0;0;0;0;0;0;0;0;0;3076;0;0;89;0;80;0;
24438;6704313;1021976576;21729280;1116065792;0;0;0;0;0;0;0;0;0;0;0;4508;0;0;89;0;80;0;
24439;6124686;1021976576;21729280;1116065792;0;0;0;0;0;0;0;0;0;0;0;4318;0;0;89;0;80;0;
24440;5830565;1021976576;21729280;1116065792;0;0;0;0;0;0;0;0;0;0;0;4989;0;0;89;0;80;0;
24441;6378352;1021976576;21729280;1116065792;0;0;0;0;0;0;0;0;0;0;0;5390;0;0;89;0;80;0;
24442;7736619;1021976576;21729280;1116065792;0;0;0;0;0;0;0;0;0;0;0;4628;0;0;89;0;80;0;
24443;6048693;1021976576;21729280;1116065792;0;0;0;0;0;0;0;0;0;0;0;4238;0;0;89;0;80;0;
24444;4555013;1021976576;21729280;1116065792;0;0;0;0;0;0;0;0;0;0;0;3436;0;0;89;0;80;0;
24445;5063877;1021976576;21729280;1116065792;0;0;0;0;0;0;0;0;0;0;0;2675;0;0;89;0;80;0;
24446;5770222;1021976576;21729280;1116065792;0;0;0;0;0;0;0;0;0;0;0;4478;0;0;89;0;80;0;
24447;5612615;1021976576;21729280;1116065792;0;0;0;0;0;0;0;0;0;0;0;3086;0;0;89;0;80;0;
24448;5152212;1021976576;21729280;1116065792;0;0;0;0;0;0;0;0;0;0;0;3667;0;0;89;0;80;0;
24449;4928593;1021976576;21729280;1116065792;0;0;0;0;0;0;0;0;0;0;0;2946;0;0;89;0;80;0;
24450;4832552;1021976576;21729280;1116065792;0;0;0;0;0;0;0;0;0;0;0;3417;0;0;89;0;80;0;
24451;5195063;1021976576;21729280;1116065792;0;0;0;0;0;0;0;0;0;0;0;3727;0;0;89;0;80;0;
24452;5474136;1021976576;21729280;1116065792;0;0;0;0;0;0;0;0;0;0;0;4538;0;0;89;0;80;0;
24453;6330922;1021976576;21729280;1116065792;0;0;0;0;0;0;0;0;0;0;0;4539;0;0;89;0;80;0;
24454;5496508;1021976576;21729280;1116065792;0;0;0;0;0;0;0;0;0;0;0;3847;0;0;89;0;80;0;
24455;6258827;1021976576;21729280;1116065792;0;0;0;0;0;0;0;0;0;0;0;3878;0;0;89;0;80;0;
24456;5568082;1021976576;21729280;1116065792;0;0;0;0;0;0;0;0;0;0;0;4388;0;0;89;0;80;0;
24457;6444826;1027239936;28344320;1122680832;0;0;0;0;0;0;0;0;0;0;0;4819;0;0;89;0;80;0;
24458;4577154;1027239936;28344320;1122680832;0;0;0;0;0;0;0;0;0;0;0;4618;0;0;89;0;80;0;
24459;5844571;1027239936;28344320;1122680832;0;0;0;0;0;0;0;0;0;0;0;3637;0;0;89;0;80;0;
24460;5229788;1027239936;28344320;1122680832;0;0;0;0;0;0;0;0;0;0;0;12183;0;0;89;0;80;0;
24461;6829368;1027239936;28344320;1122680832;0;0;0;0;0;0;0;0;0;0;0;3977;0;0;89;0;80;0;
24462;5379338;1027239936;28344320;1122680832;0;0;0;0;0;0;0;0;0;0;0;3747;0;0;89;0;80;0;
24463;6259949;1027239936;28344320;1122680832;0;0;0;0;0;0;0;0;0;0;0;3818;0;0;89;0;80;0;
24464;6232077;1027239936;28344320;1122680832;0;0;0;0;0;0;0;0;0;0;0;4849;0;0;89;0;80;0;
24465;6777030;1027239936;28344320;1122680832;0;0;0;0;0;0;0;0;0;0;0;4118;0;0;89;0;80;0;
24466;4912954;1021976576;21729280;1116065792;0;0;0;0;0;0;0;0;0;0;0;4869;0;0;89;0;80;0;
24467;7431067;1021976576;21729280;1116065792;0;0;0;0;0;0;0;0;0;0;0;3838;0;0;89;0;80;0;
24468;4195137;1021976576;21729280;1116065792;0;0;0;0;0;0;0;0;0;0;0;3687;0;0;89;0;80;0;
24469;6450838;1021976576;21729280;1116065792;0;0;0;0;0;0;0;0;0;0;0;4127;0;0;89;0;80;0;
24470;4274737;1021976576;21729280;1116065792;0;0;0;0;0;0;0;0;0;0;0;3356;0;0;89;0;80;0;
24471;6624333;1021976576;21729280;1116065792;0;0;0;0;0;0;0;0;0;0;0;4028;0;0;89;0;80;0;
24472;3717932;1021976576;21729280;1116065792;0;0;0;0;0;0;0;0;0;0;0;3196;0;0;89;0;80;0;
24473;5500285;1021976576;21729280;1116065792;0;0;0;0;0;0;0;0;0;0;0;3457;0;0;89;0;80;0;
24474;4743896;1021976576;21729280;1116065792;0;0;0;0;0;0;0;0;0;0;0;3747;0;0;89;0;80;0;
24475;5670183;1021976576;21729280;1116065792;0;0;0;0;0;0;0;0;0;0;0;3066;0;0;89;0;80;0;
24476;5712974;1021976576;21729280;1116065792;0;0;0;0;0;0;0;0;0;0;0;3306;0;0;89;0;80;0;
24477;5780561;1021976576;21729280;1116065792;0;0;0;0;0;0;0;0;0;0;0;2905;0;0;89;0;80;0;
24478;5260966;1021976576;21729280;1116065792;0;0;0;0;0;0;0;0;0;0;0;3937;0;0;89;0;80;0;
24479;6525738;1021976576;21729280;1116065792;0;0;0;0;0;0;0;0;0;0;0;3416;0;0;89;0;80;0;
24480;4441099;1021976576;21729280;1116065792;0;0;0;0;0;0;0;0;0;0;0;3838;0;0;89;0;80;0;
24481;5325457;1027239936;28344320;1122680832;0;0;0;0;0;0;0;0;0;0;0;3687;0;0;89;0;80;0;
24482;7369090;1027239936;28344320;1122680832;0;0;0;0;0;0;0;0;0;0;0;4208;0;0;89;0;80;0;
24483;5746366;1027239936;28344320;1122680832;0;0;0;0;0;0;0;0;0;0;0;3636;0;0;89;0;80;0;
24484;4799641;1027239936;28344320;1122680832;0;0;0;0;0;0;0;0;0;0;0;3787;0;0;89;0;80;0;
24485;5973984;1027239936;28344320;1122680832;0;0;0;0;0;0;0;0;0;0;0;2946;0;0;89;0;80;0;
24486;4298561;1027239936;28344320;1122680832;0;0;0;0;0;0;0;0;0;0;0;4609;0;0;89;0;80;0;
24487;5812681;1027239936;28344320;1122680832;0;0;0;0;0;0;0;0;0;0;0;3656;0;0;89;0;80;0;
24488;6234803;1027239936;28344320;1122680832;0;0;0;0;0;0;0;0;0;0;0;4669;0;0;89;0;80;0;
24489;5432438;1027239936;28344320;1122680832;0;0;0;0;0;0;0;0;0;0;0;3647;0;0;89;0;80;0;
24490;5584704;1021976576;21729280;1116065792;0;0;0;0;0;0;0;0;0;0;0;4509;0;0;89;0;80;0;
24491;6435629;1021976576;21729280;1116065792;0;0;0;0;0;0;0;0;0;0;0;3006;0;0;89;0;80;0;
24492;6406865;1021976576;21729280;1116065792;0;0;0;0;0;0;0;0;0;0;0;4849;0;0;89;0;80;0;
24493;5783346;1021976576;21729280;1116065792;0;0;0;0;0;0;0;0;0;0;0;3316;0;0;89;0;80;0;
24494;5473575;1021976576;21729280;1116065792;0;0;0;0;0;0;0;0;0;0;0;3506;0;0;89;0;80;0;
24495;5529069;1021976576;21729280;1116065792;0;0;0;0;0;0;0;0;0;0;0;2856;0;0;89;0;80;0;
24496;5406389;1021976576;21729280;1116065792;0;0;0;0;0;0;0;0;0;0;0;4589;0;0;89;0;80;0;
24497;5976909;1021976576;21729280;1116065792;0;0;0;0;0;0;0;0;0;0;0;3677;0;0;89;0;80;0;
24498;5189733;1021976576;21729280;1116065792;0;0;0;0;0;0;0;0;0;0;0;4519;0;0;89;0;80;0;
24499;6004761;1021976576;21729280;1116065792;0;0;0;0;0;0;0;0;0;0;0;3587;0;0;89;0;80;0;
24500;5876230;1021976576;21729280;1116065792;0;0;0;0;0;0;0;0;0;0;0;4539;0;0;89;0;80;0;
24501;5882522;1021976576;21729280;1116065792;0;0;0;0;0;0;0;0;0;0;0;3286;0;0;89;0;80;0;
24502;6338026;1021976576;21729280;1116065792;0;0;0;0;0;0;0;0;0;0;0;4439;0;0;89;0;80;0;
24503;5881460;1021976576;21729280;1116065792;0;0;0;0;0;0;0;0;0;0;0;3767;0;0;89;0;80;0;
24504;5125853;1021976576;21729280;1116065792;0;0;0;0;0;0;0;0;0;0;0;4178;0;0;89;0;80;0;
24505;7662811;1027239936;28344320;1122680832;0;0;0;0;0;0;0;0;0;0;0;5701;0;0;89;0;80;0;
24506;4833765;1027239936;28344320;1122680832;0;0;0;0;0;0;0;0;0;0;0;4107;0;0;89;0;80;0;
24507;6252015;1027239936;28344320;1122680832;0;0;0;0;0;0;0;0;0;0;0;5510;0;0;89;0;80;0;
24508;6412737;1027239936;28344320;1122680832;0;0;0;0;0;0;0;0;0;0;0;4939;0;0;89;0;80;0;
24509;6317087;1027239936;28344320;1122680832;0;0;0;0;0;0;0;0;0;0;0;5009;0;0;89;0;80;0;
24510;4881705;1027239936;28344320;1122680832;0;0;0;0;0;0;0;0;0;0;0;4238;0;0;89;0;80;0;
24511;7316731;1027239936;28344320;1122680832;0;0;0;0;0;0;0;0;0;0;0;4288;0;0;89;0;80;0;
24512;4774093;1027239936;28344320;1122680832;0;0;0;0;0;0;0;0;0;0;0;3687;0;0;89;0;80;0;
24513;6227709;1027239936;28344320;1122680832;0;0;0;0;0;0;0;0;0;0;0;3356;0;0;89;0;80;0;
24514;5770152;1021976576;21729280;1116065792;0;0;0;0;0;0;0;0;0;0;0;4278;0;0;89;0;80;0;
24515;5722342;1021976576;21729280;1116065792;0;0;0;0;0;0;0;0;0;0;0;2756;0;0;89;0;80;0;
24516;5655386;1021976576;21729280;1116065792;0;0;0;0;0;0;0;0;0;0;0;3266;0;0;89;0;80;0;
24517;6244300;1021976576;21729280;1116065792;0;0;0;0;0;0;0;0;0;0;0;3527;0;0;89;0;80;0;
24518;3930561;1021976576;21729280;1116065792;0;0;0;0;0;0;0;0;0;0;0;4208;0;0;89;0;80;0;
24519;5754211;1021976576;21729280;1116065792;0;0;0;0;0;0;0;0;0;0;0;2856;0;0;89;0;80;0;
24520;5619308;1021976576;21729280;1116065792;0;0;0;0;0;0;0;0;0;0;0;3276;0;0;89;0;80;0;
24521;5774860;1021976576;21729280;1116065792;0;0;0;0;0;0;0;0;0;0;0;2395;0;0;89;0;80;0;
24522;5577470;1021976576;21729280;1116065792;0;0;0;0;0;0;0;0;0;0;0;3877;0;0;89;0;80;0;
24523;11296084;1021976576;21729280;1116065792;0;0;0;0;0;0;0;0;0;0;0;3216;0;0;89;0;80;0;
24524;5916676;1021976576;21729280;1116065792;0;0;0;0;0;0;0;0;0;0;0;3526;0;0;89;0;80;0;
24525;5823441;1021976576;21729280;1116065792;0;0;0;0;0;0;0;0;0;0;0;2745;0;0;89;0;80;0;
24526;5264253;1021976576;21729280;1116065792;0;0;0;0;0;0;0;0;0;0;0;4218;0;0;89;0;80;0;
24527;5878765;1021976576;21729280;1116065792;0;0;0;0;0;0;0;0;0;0;0;3777;0;0;89;0;80;0;
24528;5298457;1021976576;21729280;1116065792;0;0;0;0;0;0;0;0;0;0;0;3547;0;0;89;0;80;0;
24529;6709784;1027239936;28348416;1122684928;0;0;0;0;0;0;0;0;0;0;0;4108;0;0;89;0;80;0;
24530;4416713;1027239936;28352512;1122689024;0;0;0;0;0;0;0;0;0;0;0;3487;0;0;89;0;80;0;
24531;5222745;1027239936;28352512;1122689024;0;0;0;0;0;0;0;0;0;0;0;2575;0;0;89;0;80;0;
24532;4365667;1027239936;28352512;1122689024;0;0;0;0;0;0;0;0;0;0;0;3537;0;0;89;0;80;0;
24533;5397482;1027239936;28352512;1122689024;0;0;0;0;0;0;0;0;0;0;0;3797;0;0;89;0;80;0;
24534;5478093;1027239936;28352512;1122689024;0;0;0;0;0;0;0;0;0;0;0;3657;0;0;89;0;80;0;
24535;4982133;1027239936;28352512;1122689024;0;0;0;0;0;0;0;0;0;0;0;3436;0;0;89;0;80;0;
24536;4216808;1027416064;28344320;1122680832;0;0;0;0;0;0;0;0;0;0;0;3797;0;0;89;0;80;0;
24537;5487661;1027416064;28344320;1122680832;0;0;0;0;0;0;0;0;0;0;0;3466;0;0;89;0;80;0;
24538;5414915;1021976576;21729280;1116065792;0;0;0;0;0;0;0;0;0;0;0;4348;0;0;89;0;80;0;
24539;5277327;1021976576;21729280;1116065792;0;0;0;0;0;0;0;0;0;0;0;3657;0;0;89;0;80;0;
24540;4611308;1021976576;21729280;1116065792;0;0;0;0;0;0;0;0;0;0;0;3547;0;0;89;0;80;0;
24541;5049470;1021976576;21729280;1116065792;0;0;0;0;0;0;0;0;0;0;0;4188;0;0;89;0;80;0;
24542;4352523;1021976576;21729280;1116065792;0;0;0;0;0;0;0;0;0;0;0;3887;0;0;89;0;80;0;
24543;5446004;1021976576;21729280;1116065792;0;0;0;0;0;0;0;0;0;0;0;2966;0;0;89;0;80;0;
24544;5632944;1021976576;21729280;1116065792;0;0;0;0;0;0;0;0;0;0;0;3747;0;0;89;0;80;0;
24545;4876265;1021976576;21729280;1116065792;0;0;0;0;0;0;0;0;0;0;0;2765;0;0;89;0;80;0;
24546;4665279;1021976576;21729280;1116065792;0;0;0;0;0;0;0;0;0;0;0;3317;0;0;89;0;80;0;
24547;5125372;1021976576;21729280;1116065792;0;0;0;0;0;0;0;0;0;0;0;3597;0;0;89;0;80;0;
24548;5062975;1021976576;21729280;1116065792;0;0;0;0;0;0;0;0;0;0;0;4439;0;0;89;0;80;0;
24549;5371023;1021976576;21729280;1116065792;0;0;0;0;0;0;0;0;0;0;0;4929;0;0;89;0;80;0;
24550;6896895;1021976576;21729280;1116065792;0;0;0;0;0;0;0;0;0;0;0;3457;0;0;89;0;80;0;
24551;5493171;1021976576;21729280;1116065792;0;0;0;0;0;0;0;0;0;0;0;3928;0;0;89;0;80;0;
24552;4480993;1021976576;21729280;1116065792;0;0;0;0;0;0;0;0;0;0;0;4258;0;0;89;0;80;0;
24553;6555814;1021976576;21729280;1116065792;0;0;0;0;0;0;0;0;0;0;0;4278;0;0;89;0;80;0;
24554;4365748;1021976576;21729280;1116065792;0;0;0;0;0;0;0;0;0;0;0;5140;0;0;89;0;80;0;
24555;6524907;1021976576;21729280;1116065792;0;0;0;0;0;0;0;0;0;0;0;4749;0;0;89;0;80;0;
24556;4626998;1021976576;21729280;1116065792;0;0;0;0;0;0;0;0;0;0;0;3677;0;0;89;0;80;0;
24557;6042672;1021976576;21729280;1116065792;0;0;0;0;0;0;0;0;0;0;0;4388;0;0;89;0;80;0;
24558;5388806;1021976576;21729280;1116065792;0;0;0;0;0;0;0;0;0;0;0;4188;0;0;89;0;80;0;
24559;5821658;1021976576;21729280;1116065792;0;0;0;0;0;0;0;0;0;0;0;4088;0;0;89;0;80;0;
24560;5117066;1021976576;21729280;1116065792;0;0;0;0;0;0;0;0;0;0;0;4047;0;0;89;0;80;0;
24561;5729535;1021976576;21729280;1116065792;0;0;0;0;0;0;0;0;0;0;0;4087;0;0;89;0;80;0;
24562;4214323;1021976576;21729280;1116065792;0;0;0;0;0;0;0;0;0;0;0;3858;0;0;89;0;80;0;
24563;5863516;1021976576;21729280;1116065792;0;0;0;0;0;0;0;0;0;0;0;3717;0;0;89;0;80;0;
24564;5278049;1021976576;21729280;1116065792;0;0;0;0;0;0;0;0;0;0;0;4569;0;0;89;0;80;0;
24565;5805938;1021976576;21729280;1116065792;0;0;0;0;0;0;0;0;0;0;0;4578;0;0;89;0;80;0;
24566;6371068;1021976576;21729280;1116065792;0;0;0;0;0;0;0;0;0;0;0;4198;0;0;89;0;80;0;
24567;6117693;1021976576;21729280;1116065792;0;0;0;0;0;0;0;0;0;0;0;3437;0;0;89;0;80;0;
24568;5449791;1021976576;21729280;1116065792;0;0;0;0;0;0;0;0;0;0;0;3927;0;0;89;0;80;0;
24569;7129440;1021976576;21729280;1116065792;0;0;0;0;0;0;0;0;0;0;0;3837;0;0;89;0;80;0;
24570;4911741;1021976576;21729280;1116065792;0;0;0;0;0;0;0;0;0;0;0;3837;0;0;89;0;80;0;
24571;7236632;1021976576;21729280;1116065792;0;0;0;0;0;0;0;0;0;0;0;3346;0;0;89;0;80;0;
24572;4897225;1021976576;21729280;1116065792;0;0;0;0;0;0;0;0;0;0;0;4017;0;0;89;0;80;0;
24573;5467244;1021976576;21729280;1116065792;0;0;0;0;0;0;0;0;0;0;0;4689;0;0;89;0;80;0;
24574;5919301;1021976576;21729280;1116065792;0;0;0;0;0;0;0;0;0;0;0;4288;0;0;89;0;80;0;
24575;5306481;1021976576;21729280;1116065792;0;0;0;0;0;0;0;0;0;0;0;3426;0;0;89;0;80;0;
24576;4503235;1021976576;21729280;1116065792;0;0;0;0;0;0;0;0;0;0;0;3015;0;0;89;0;80;0;
24577;5210943;1021976576;21729280;1116065792;0;0;0;0;0;0;0;0;0;0;0;3617;0;0;89;0;80;0;
24578;5103190;1021976576;21729280;1116065792;0;0;0;0;0;0;0;0;0;0;0;4940;0;0;89;0;80;0;
24579;5529019;1021976576;21729280;1116065792;0;0;0;0;0;0;0;0;0;0;0;3206;0;0;89;0;80;0;
24580;4711425;1021976576;21729280;1116065792;0;0;0;0;0;0;0;0;0;0;0;3897;0;0;89;0;80;0;
24581;6251073;1021976576;21729280;1116065792;0;0;0;0;0;0;0;0;0;0;0;2885;0;0;89;0;80;0;
24582;4742464;1021976576;21729280;1116065792;0;0;0;0;0;0;0;0;0;0;0;3416;0;0;89;0;80;0;
24583;6086444;1021976576;21729280;1116065792;0;0;0;0;0;0;0;0;0;0;0;3176;0;0;89;0;80;0;
24584;4804741;1021976576;21729280;1116065792;0;0;0;0;0;0;0;0;0;0;0;3567;0;0;89;0;80;0;
24585;5556882;1021976576;21729280;1116065792;0;0;0;0;0;0;0;0;0;0;0;2345;0;0;89;0;80;0;
24586;5051854;1021976576;21729280;1116065792;0;0;0;0;0;0;0;0;0;0;0;3957;0;0;89;0;80;0;
24587;5373758;1021976576;21729280;1116065792;0;0;0;0;0;0;0;0;0;0;0;2414;0;0;89;0;80;0;
24588;4209715;1021976576;21729280;1116065792;0;0;0;0;0;0;0;0;0;0;0;3998;0;0;89;0;80;0;
24589;6390174;1021976576;21729280;1116065792;0;0;0;0;0;0;0;0;0;0;0;3817;0;0;89;0;80;0;
24590;3517126;1021976576;21729280;1116065792;0;0;0;0;0;0;0;0;0;0;0;3216;0;0;89;0;80;0;
24591;5526394;1021976576;21729280;1116065792;0;0;0;0;0;0;0;0;0;0;0;3827;0;0;89;0;80;0;
24592;4795714;1021976576;21729280;1116065792;0;0;0;0;0;0;0;0;0;0;0;3506;0;0;89;0;80;0;
24593;4977534;1021976576;21729280;1116065792;0;0;0;0;0;0;0;0;0;0;0;3277;0;0;89;0;80;0;
24594;3244475;1021976576;21729280;1116065792;0;0;0;0;0;0;0;0;0;0;0;3036;0;0;89;0;80;0;
24595;6016072;1021976576;21729280;1116065792;0;0;0;0;0;0;0;0;0;0;0;4578;0;0;89;0;80;0;
24596;4203934;1021976576;21729280;1116065792;0;0;0;0;0;0;0;0;0;0;0;3797;0;0;89;0;80;0;
24597;6196210;1021976576;21729280;1116065792;0;0;0;0;0;0;0;0;0;0;0;3767;0;0;89;0;80;0;
24598;4354757;1021976576;21729280;1116065792;0;0;0;0;0;0;0;0;0;0;0;4368;0;0;89;0;80;0;
24599;6218633;1021976576;21729280;1116065792;0;0;0;0;0;0;0;0;0;0;0;4068;0;0;89;0;80;0;
24600;4990769;1021976576;21729280;1116065792;0;0;0;0;0;0;0;0;0;0;0;4930;0;0;89;0;80;0;
24601;7145070;1021976576;21729280;1116065792;0;0;0;0;0;0;0;0;0;0;0;3937;0;0;89;0;80;0;
24602;5351917;1021976576;21729280;1116065792;0;0;0;0;0;0;0;0;0;0;0;3737;0;0;89;0;80;0;
24603;6191832;1021976576;21729280;1116065792;0;0;0;0;0;0;0;0;0;0;0;3436;0;0;89;0;80;0;
24604;5768058;1021976576;21729280;1116065792;0;0;0;0;0;0;0;0;0;0;0;4167;0;0;89;0;80;0;
24605;6091394;1021976576;21729280;1116065792;0;0;0;0;0;0;0;0;0;0;0;3006;0;0;89;0;80;0;
24606;4898236;1021976576;21729280;1116065792;0;0;0;0;0;0;0;0;0;0;0;3297;0;0;89;0;80;0;
24607;6498176;1021976576;21729280;1116065792;0;0;0;0;0;0;0;0;0;0;0;3196;0;0;89;0;80;0;
24608;6102835;1021976576;21729280;1116065792;0;0;0;0;0;0;0;0;0;0;0;4268;0;0;89;0;80;0;
24609;5592147;1021976576;21729280;1116065792;0;0;0;0;0;0;0;0;0;0;0;2735;0;0;89;0;80;0;
24610;4114497;1021976576;21729280;1116065792;0;0;0;0;0;0;0;0;0;0;0;4558;0;0;89;0;80;0;
24611;6210237;1021976576;21729280;1116065792;0;0;0;0;0;0;0;0;0;0;0;4329;0;0;89;0;80;0;
24612;4781367;1021976576;21729280;1116065792;0;0;0;0;0;0;0;0;0;0;0;3466;0;0;89;0;80;0;
24613;6599346;1021976576;21729280;1116065792;0;0;0;0;0;0;0;0;0;0;0;3136;0;0;89;0;80;0;
24614;4452521;1021976576;21729280;1116065792;0;0;0;0;0;0;0;0;0;0;0;3977;0;0;89;0;80;0;
24615;5848539;1021976576;21729280;1116065792;0;0;0;0;0;0;0;0;0;0;0;4850;0;0;89;0;80;0;
24616;3882301;1021976576;21729280;1116065792;0;0;0;0;0;0;0;0;0;0;0;3246;0;0;89;0;80;0;
24617;5418542;1021976576;21729280;1116065792;0;0;0;0;0;0;0;0;0;0;0;3066;0;0;89;0;80;0;
24618;4340840;1021976576;21729280;1116065792;0;0;0;0;0;0;0;0;0;0;0;4218;0;0;89;0;80;0;
24619;5060030;1021976576;21729280;1116065792;0;0;0;0;0;0;0;0;0;0;0;2495;0;0;89;0;80;0;
24620;5388966;1021976576;21729280;1116065792;0;0;0;0;0;0;0;0;0;0;0;4188;0;0;89;0;80;0;
24621;5157853;1021976576;21729280;1116065792;0;0;0;0;0;0;0;0;0;0;0;2805;0;0;89;0;80;0;
24622;3512648;1021976576;21729280;1116065792;0;0;0;0;0;0;0;0;0;0;0;4018;0;0;89;0;80;0;
24623;5431155;1021976576;21733376;1116069888;0;0;0;0;0;0;0;0;0;0;0;4198;0;0;89;0;80;0;
24624;4944513;1021976576;21737472;1116073984;0;0;0;0;0;0;0;0;0;0;0;3106;0;0;89;0;80;0;
24625;5593440;1021976576;21737472;1116073984;0;0;0;0;0;0;0;0;0;0;0;4408;0;0;89;0;80;0;
24626;3196605;1021976576;21737472;1116073984;0;0;0;0;0;0;0;0;0;0;0;5019;0;0;89;0;80;0;
24627;6132361;1021976576;21737472;1116073984;0;0;0;0;0;0;0;0;0;0;0;3106;0;0;89;0;80;0;
24628;4013426;1021976576;21737472;1116073984;0;0;0;0;0;0;0;0;0;0;0;3606;0;0;89;0;80;0;
24629;5070750;1021976576;21737472;1116073984;0;0;0;0;0;0;0;0;0;0;0;3056;0;0;89;0;80;0;
24630;3766774;1021976576;21729280;1116065792;0;0;0;0;0;0;0;0;0;0;0;2745;0;0;89;0;80;0;
24631;5199281;1021976576;21729280;1116065792;0;0;0;0;0;0;0;0;0;0;0;2655;0;0;89;0;80;0;
24632;3801839;1021976576;21729280;1116065792;0;0;0;0;0;0;0;0;0;0;0;3446;0;0;89;0;80;0;
24633;5307654;1021976576;21729280;1116065792;0;0;0;0;0;0;0;0;0;0;0;2575;0;0;89;0;80;0;
24634;4252736;1021976576;21729280;1116065792;0;0;0;0;0;0;0;0;0;0;0;4068;0;0;89;0;80;0;
24635;5121264;1021976576;21729280;1116065792;0;0;0;0;0;0;0;0;0;0;0;2916;0;0;89;0;80;0;
24636;4023205;1021976576;21729280;1116065792;0;0;0;0;0;0;0;0;0;0;0;3837;0;0;89;0;80;0;
24637;5750705;1021976576;21729280;1116065792;0;0;0;0;0;0;0;0;0;0;0;2875;0;0;89;0;80;0;
24638;4200738;1021976576;21729280;1116065792;0;0;0;0;0;0;0;0;0;0;0;3046;0;0;89;0;80;0;
24639;6166635;1021976576;21729280;1116065792;0;0;0;0;0;0;0;0;0;0;0;3426;0;0;89;0;80;0;
24640;3204740;1021976576;21729280;1116065792;0;0;0;0;0;0;0;0;0;0;0;3346;0;0;89;0;80;0;
24641;5067744;1021976576;21729280;1116065792;0;0;0;0;0;0;0;0;0;0;0;2815;0;0;89;0;80;0;
24642;3914531;1021976576;21729280;1116065792;0;0;0;0;0;0;0;0;0;0;0;4629;0;0;89;0;80;0;
24643;5527035;1021976576;21729280;1116065792;0;0;0;0;0;0;0;0;0;0;0;3667;0;0;89;0;80;0;
24644;3826727;1021976576;21733376;1116069888;0;0;0;0;0;0;0;0;0;0;0;3467;0;0;89;0;80;0;
24645;5110564;1021976576;21733376;1116069888;0;0;0;0;0;0;0;0;0;0;0;3667;0;0;89;0;80;0;
24646;3649143;1021976576;21733376;1116069888;0;0;0;0;0;0;0;0;0;0;0;3366;0;0;89;0;80;0;
24647;5084746;1021976576;21733376;1116069888;0;0;0;0;0;0;0;0;0;0;0;8796;0;0;89;0;80;0;
24648;3827388;1021976576;21733376;1116069888;0;0;0;0;0;0;0;0;0;0;0;4278;0;0;89;0;80;0;
24649;4955704;1021976576;21733376;1116069888;0;0;0;0;0;0;0;0;0;0;0;3767;0;0;89;0;80;0;
24650;4086784;1021976576;21733376;1116069888;0;0;0;0;0;0;0;0;0;0;0;4168;0;0;89;0;80;0;
24651;4810301;1021976576;21733376;1116069888;0;0;0;0;0;0;0;0;0;0;0;3366;0;0;89;0;80;0;
24652;4197532;1021976576;21733376;1116069888;0;0;0;0;0;0;0;0;0;0;0;3687;0;0;89;0;80;0;
24653;5256959;1021976576;21733376;1116069888;0;0;0;0;0;0;0;0;0;0;0;4028;0;0;89;0;80;0;
24654;3590723;1021976576;21733376;1116069888;0;0;0;0;0;0;0;0;0;0;0;4388;0;0;89;0;80;0;
24655;5564306;1021976576;21733376;1116069888;0;0;0;0;0;0;0;0;0;0;0;3376;0;0;89;0;80;0;
24656;3683037;1021976576;21733376;1116069888;0;0;0;0;0;0;0;0;0;0;0;3837;0;0;89;0;80;0;
24657;5902950;1021976576;21733376;1116069888;0;0;0;0;0;0;0;0;0;0;0;3516;0;0;89;0;80;0;
24658;4125447;1021976576;21733376;1116069888;0;0;0;0;0;0;0;0;0;0;0;3246;0;0;89;0;80;0;
24659;5311912;1021976576;21733376;1116069888;0;0;0;0;0;0;0;0;0;0;0;3937;0;0;89;0;80;0;
24660;4305254;1021976576;21733376;1116069888;0;0;0;0;0;0;0;0;0;0;0;3857;0;0;89;0;80;0;
24661;5104463;1021976576;21733376;1116069888;0;0;0;0;0;0;0;0;0;0;0;3797;0;0;89;0;80;0;
24662;3232101;1021976576;21733376;1116069888;0;0;0;0;0;0;0;0;0;0;0;2796;0;0;89;0;80;0;
24663;5866001;1021976576;21733376;1116069888;0;0;0;0;0;0;0;0;0;0;0;3737;0;0;89;0;80;0;
24664;4350800;1021976576;21733376;1116069888;0;0;0;0;0;0;0;0;0;0;0;2975;0;0;89;0;80;0;
24665;5468936;1021976576;21733376;1116069888;0;0;0;0;0;0;0;0;0;0;0;3977;0;0;89;0;80;0;
24666;3933557;1021976576;21733376;1116069888;0;0;0;0;0;0;0;0;0;0;0;2555;0;0;89;0;80;0;
24667;5121976;1021976576;21733376;1116069888;0;0;0;0;0;0;0;0;0;0;0;4408;0;0;89;0;80;0;
24668;3732740;1021976576;21733376;1116069888;0;0;0;0;0;0;0;0;0;0;0;3256;0;0;89;0;80;0;
24669;5538487;1027239936;28348416;1122684928;0;0;0;0;0;0;0;0;0;0;0;4759;0;0;89;0;80;0;
24670;3976738;1027239936;28348416;1122684928;0;0;0;0;0;0;0;0;0;0;0;2876;0;0;89;0;80;0;
24671;5020045;1027239936;28348416;1122684928;0;0;0;0;0;0;0;0;0;0;0;3466;0;0;89;0;80;0;
24672;3073544;1027239936;28348416;1122684928;0;0;0;0;0;0;0;0;0;0;0;3226;0;0;89;0;80;0;
24673;4794271;1027239936;28348416;1122684928;0;0;0;0;0;0;0;0;0;0;0;4409;0;0;89;0;80;0;
24674;3431285;1027239936;28348416;1122684928;0;0;0;0;0;0;0;0;0;0;0;3767;0;0;89;0;80;0;
24675;5723624;1027239936;28348416;1122684928;0;0;0;0;0;0;0;0;0;0;0;2945;0;0;89;0;80;0;
24676;3443208;1027239936;28348416;1122684928;0;0;0;0;0;0;0;0;0;0;0;3236;0;0;89;0;80;0;
24677;5748351;1027239936;28348416;1122684928;0;0;0;0;0;0;0;0;0;0;0;2866;0;0;89;0;80;0;
24678;3835503;1021980672;21733376;1116069888;0;0;0;0;0;0;0;0;0;0;0;3757;0;0;89;0;80;0;
24679;5763920;1021980672;21733376;1116069888;0;0;0;0;0;0;0;0;0;0;0;4128;0;0;89;0;80;0;
24680;3387202;1021980672;21733376;1116069888;0;0;0;0;0;0;0;0;0;0;0;3116;0;0;89;0;80;0;
24681;5633205;1021980672;21733376;1116069888;0;0;0;0;0;0;0;0;0;0;0;3928;0;0;89;0;80;0;
24682;3489314;1021980672;21733376;1116069888;0;0;0;0;0;0;0;0;0;0;0;2705;0;0;89;0;80;0;
24683;4775256;1021980672;21733376;1116069888;0;0;0;0;0;0;0;0;0;0;0;3437;0;0;89;0;80;0;
24684;3161328;1021980672;21733376;1116069888;0;0;0;0;0;0;0;0;0;0;0;3246;0;0;89;0;80;0;
24685;5407571;1021980672;21733376;1116069888;0;0;0;0;0;0;0;0;0;0;0;3727;0;0;89;0;80;0;
24686;3746906;1021980672;21733376;1116069888;0;0;0;0;0;0;0;0;0;0;0;3998;0;0;89;0;80;0;
24687;4986281;1021980672;21733376;1116069888;0;0;0;0;0;0;0;0;0;0;0;3397;0;0;89;0;80;0;
24688;4839005;1021980672;21733376;1116069888;0;0;0;0;0;0;0;0;0;0;0;3647;0;0;89;0;80;0;
24689;5941864;1021980672;21733376;1116069888;0;0;0;0;0;0;0;0;0;0;0;3487;0;0;89;0;80;0;
24690;4008377;1021980672;21733376;1116069888;0;0;0;0;0;0;0;0;0;0;0;3046;0;0;89;0;80;0;
24691;5039461;1021980672;21733376;1116069888;0;0;0;0;0;0;0;0;0;0;0;4158;0;0;89;0;80;0;
24692;3845732;1021980672;21733376;1116069888;0;0;0;0;0;0;0;0;0;0;0;3526;0;0;89;0;80;0;
24693;5849851;1027244032;28348416;1122684928;0;0;0;0;0;0;0;0;0;0;0;4128;0;0;89;0;80;0;
24694;3450351;1027244032;28348416;1122684928;0;0;0;0;0;0;0;0;0;0;0;2986;0;0;89;0;80;0;
24695;5669963;1027244032;28348416;1122684928;0;0;0;0;0;0;0;0;0;0;0;4348;0;0;89;0;80;0;
24696;3968382;1027244032;28348416;1122684928;0;0;0;0;0;0;0;0;0;0;0;3306;0;0;89;0;80;0;
24697;5148636;1027244032;28348416;1122684928;0;0;0;0;0;0;0;0;0;0;0;3246;0;0;89;0;80;0;
24698;3530891;1027244032;28348416;1122684928;0;0;0;0;0;0;0;0;0;0;0;4068;0;0;89;0;80;0;
24699;5086028;1027244032;28348416;1122684928;0;0;0;0;0;0;0;0;0;0;0;3146;0;0;89;0;80;0;
24700;3513059;1027244032;28348416;1122684928;0;0;0;0;0;0;0;0;0;0;0;3907;0;0;89;0;80;0;
24701;5371083;1027244032;28348416;1122684928;0;0;0;0;0;0;0;0;0;0;0;3828;0;0;89;0;80;0;
24702;3823872;1021980672;21733376;1116069888;0;0;0;0;0;0;0;0;0;0;0;4248;0;0;89;0;80;0;
24703;5095055;1021980672;21733376;1116069888;0;0;0;0;0;0;0;0;0;0;0;3717;0;0;89;0;80;0;
24704;3153083;1021980672;21733376;1116069888;0;0;0;0;0;0;0;0;0;0;0;3396;0;0;89;0;80;0;
24705;6070945;1021980672;21733376;1116069888;0;0;0;0;0;0;0;0;0;0;0;4549;0;0;89;0;80;0;
24706;3393034;1021980672;21733376;1116069888;0;0;0;0;0;0;0;0;0;0;0;3607;0;0;89;0;80;0;
24707;6060856;1021980672;21733376;1116069888;0;0;0;0;0;0;0;0;0;0;0;3236;0;0;89;0;80;0;
24708;4284726;1021980672;21733376;1116069888;0;0;0;0;0;0;0;0;0;0;0;3767;0;0;89;0;80;0;
24709;5312844;1021980672;21733376;1116069888;0;0;0;0;0;0;0;0;0;0;0;3667;0;0;89;0;80;0;
24710;3570757;1021980672;21733376;1116069888;0;0;0;0;0;0;0;0;0;0;0;4198;0;0;89;0;80;0;
24711;5534789;1021980672;21733376;1116069888;0;0;0;0;0;0;0;0;0;0;0;4088;0;0;89;0;80;0;
24712;2791104;1021980672;21733376;1116069888;0;0;0;0;0;0;0;0;0;0;0;3326;0;0;89;0;80;0;
24713;4930186;1021980672;21733376;1116069888;0;0;0;0;0;0;0;0;0;0;0;3546;0;0;89;0;80;0;
24714;3801029;1021980672;21733376;1116069888;0;0;0;0;0;0;0;0;0;0;0;3597;0;0;89;0;80;0;
24715;5662509;1021980672;21733376;1116069888;0;0;0;0;0;0;0;0;0;0;0;3566;0;0;89;0;80;0;
24716;4035047;1021980672;21733376;1116069888;0;0;0;0;0;0;0;0;0;0;0;3647;0;0;89;0;80;0;
24717;6576082;1027244032;28348416;1122684928;0;0;0;0;0;0;0;0;0;0;0;3616;0;0;89;0;80;0;
24718;3319726;1027244032;28348416;1122684928;0;0;0;0;0;0;0;0;0;0;0;3406;0;0;89;0;80;0;
24719;6166635;1027244032;28348416;1122684928;0;0;0;0;0;0;0;0;0;0;0;4178;0;0;89;0;80;0;
24720;3945479;1027244032;28348416;1122684928;0;0;0;0;0;0;0;0;0;0;0;2945;0;0;89;0;80;0;
24721;9776034;1027244032;28348416;1122684928;0;0;0;0;0;0;0;0;0;0;0;3296;0;0;89;0;80;0;
24722;11068578;1027244032;28348416;1122684928;0;0;0;0;0;0;0;0;0;0;0;4679;0;0;89;0;80;0;
24723;5980315;1027244032;28348416;1122684928;0;0;0;0;0;0;0;0;0;0;0;3216;0;0;89;0;80;0;
24724;4085041;1027244032;28348416;1122684928;0;0;0;0;0;0;0;0;0;0;0;3006;0;0;89;0;80;0;
24725;5519992;1027244032;28348416;1122684928;0;0;0;0;0;0;0;0;0;0;0;3316;0;0;89;0;80;0;
24726;3522566;1021980672;21733376;1116069888;0;0;0;0;0;0;0;0;0;0;0;3707;0;0;89;0;80;0;
24727;5608298;1021980672;21733376;1116069888;0;0;0;0;0;0;0;0;0;0;0;3336;0;0;89;0;80;0;
24728;6382891;1021980672;21733376;1116069888;0;0;0;0;0;0;0;0;0;0;0;5209;0;0;89;0;80;0;
24729;7791983;1021980672;21737472;1116073984;0;0;0;0;0;0;0;0;0;0;0;5681;0;0;89;0;80;0;
24730;6902335;1021980672;21741568;1116078080;0;0;0;0;0;0;0;0;0;0;0;5420;0;0;89;0;80;0;
24731;7608569;1021980672;21741568;1116078080;0;0;0;0;0;0;0;0;0;0;0;5781;0;0;89;0;80;0;
24732;7476371;1021980672;21741568;1116078080;0;0;0;0;0;0;0;0;0;0;0;4789;0;0;89;0;80;0;
24733;5885667;1021980672;21741568;1116078080;0;0;0;0;0;0;0;0;0;0;0;4910;0;0;89;0;80;0;
24734;7527427;1021980672;21741568;1116078080;0;0;0;0;0;0;0;0;0;0;0;4910;0;0;89;0;80;0;
24735;7371164;1021980672;21741568;1116078080;0;0;0;0;0;0;0;0;0;0;0;5300;0;0;89;0;80;0;
24736;7317092;1021980672;21733376;1116069888;0;0;0;0;0;0;0;0;0;0;0;6642;0;0;89;0;80;0;
24737;6486675;1021980672;21733376;1116069888;0;0;0;0;0;0;0;0;0;0;0;5730;0;0;89;0;80;0;
24738;7323394;1021980672;21733376;1116069888;0;0;0;0;0;0;0;0;0;0;0;5240;0;0;89;0;80;0;
24739;8137952;1021980672;21733376;1116069888;0;0;0;0;0;0;0;0;0;0;0;6272;0;0;89;0;80;0;
24740;7016398;1021980672;21733376;1116069888;0;0;0;0;0;0;0;0;0;0;0;4979;0;0;89;0;80;0;
24741;10076838;1027244032;28348416;1122684928;0;0;0;0;0;0;0;0;0;0;0;5721;0;0;89;0;80;0;
24742;9967363;1027244032;28348416;1122684928;0;0;0;0;0;0;0;0;0;0;0;63389;0;0;89;0;80;0;
24743;7487171;1027244032;28348416;1122684928;0;0;0;0;0;0;0;0;0;0;0;6172;0;0;89;0;80;0;
24744;6875965;1027244032;28348416;1122684928;0;0;0;0;0;0;0;0;0;0;0;5170;0;0;89;0;80;0;
24745;8023447;1027244032;28348416;1122684928;0;0;0;0;0;0;0;0;0;0;0;4319;0;0;89;0;80;0;
24746;5637392;1027244032;28348416;1122684928;0;0;0;0;0;0;0;0;0;0;0;8767;0;0;89;0;80;0;
24747;7652551;1027244032;28348416;1122684928;0;0;0;0;0;0;0;0;0;0;0;4138;0;0;89;0;80;0;
24748;5991696;1027244032;28348416;1122684928;0;0;0;0;0;0;0;0;0;0;0;4348;0;0;89;0;80;0;
24749;7871833;1027244032;28348416;1122684928;0;0;0;0;0;0;0;0;0;0;0;5581;0;0;89;0;80;0;
24750;7009866;1021980672;21733376;1116069888;0;0;0;0;0;0;0;0;0;0;0;4869;0;0;89;0;80;0;
24751;6838855;1021980672;21733376;1116069888;0;0;0;0;0;0;0;0;0;0;0;5040;0;0;89;0;80;0;
24752;7617706;1021980672;21733376;1116069888;0;0;0;0;0;0;0;0;0;0;0;5129;0;0;89;0;80;0;
24753;6579519;1021980672;21733376;1116069888;0;0;0;0;0;0;0;0;0;0;0;4639;0;0;89;0;80;0;
24754;7833702;1021980672;21733376;1116069888;0;0;0;0;0;0;0;0;0;0;0;3867;0;0;89;0;80;0;
24755;6733227;1021980672;21733376;1116069888;0;0;0;0;0;0;0;0;0;0;0;5671;0;0;89;0;80;0;
24756;7636952;1021980672;21733376;1116069888;0;0;0;0;0;0;0;0;0;0;0;4588;0;0;89;0;80;0;
24757;6435068;1021980672;21733376;1116069888;0;0;0;0;0;0;0;0;0;0;0;6011;0;0;89;0;80;0;
24758;6611378;1021980672;21733376;1116069888;0;0;0;0;0;0;0;0;0;0;0;4198;0;0;89;0;80;0;
24759;9742942;1021980672;21733376;1116069888;0;0;0;0;0;0;0;0;0;0;0;5490;0;0;89;0;80;0;
24760;7934661;1021980672;21733376;1116069888;0;0;0;0;0;0;0;0;0;0;0;5440;0;0;89;0;80;0;
24761;8255281;1021980672;21733376;1116069888;0;0;0;0;0;0;0;0;0;0;0;5330;0;0;89;0;80;0;
24762;7688609;1021980672;21733376;1116069888;0;0;0;0;0;0;0;0;0;0;0;5400;0;0;89;0;80;0;
24763;8019510;1021980672;21733376;1116069888;0;0;0;0;0;0;0;0;0;0;0;5521;0;0;89;0;80;0;
24764;6666061;1021980672;21733376;1116069888;0;0;0;0;0;0;0;0;0;0;0;5760;0;0;89;0;80;0;
24765;8906604;1021980672;21733376;1116069888;0;0;0;0;0;0;0;0;0;0;0;4850;0;0;89;0;80;0;
24766;10107456;1021980672;21733376;1116069888;0;0;0;0;0;0;0;0;0;0;0;5030;0;0;89;0;80;0;
24767;8574951;1021980672;21733376;1116069888;0;0;0;0;0;0;0;0;0;0;0;5390;0;0;89;0;80;0;
24768;13040105;1021980672;21733376;1116069888;0;0;0;0;0;0;0;0;0;0;0;5470;0;0;89;0;80;0;
24769;8445258;1021980672;21733376;1116069888;0;0;0;0;0;0;0;0;0;0;0;4658;0;0;89;0;80;0;
24770;7548937;1021980672;21733376;1116069888;0;0;0;0;0;0;0;0;0;0;0;4478;0;0;89;0;80;0;
24771;7493904;1021980672;21733376;1116069888;0;0;0;0;0;0;0;0;0;0;0;4118;0;0;89;0;80;0;
24772;7074227;1021980672;21733376;1116069888;0;0;0;0;0;0;0;0;0;0;0;5360;0;0;89;0;80;0;
24773;8012316;1021980672;21733376;1116069888;0;0;0;0;0;0;0;0;0;0;0;4288;0;0;89;0;80;0;
24774;7311882;1021980672;21733376;1116069888;0;0;0;0;0;0;0;0;0;0;0;5380;0;0;89;0;80;0;
24775;8521271;1021980672;21733376;1116069888;0;0;0;0;0;0;0;0;0;0;0;5270;0;0;89;0;80;0;
24776;6799111;1021980672;21733376;1116069888;0;0;0;0;0;0;0;0;0;0;0;4950;0;0;89;0;80;0;
24777;7788957;1021980672;21733376;1116069888;0;0;0;0;0;0;0;0;0;0;0;4288;0;0;89;0;80;0;
24778;6421022;1021980672;21733376;1116069888;0;0;0;0;0;0;0;0;0;0;0;4398;0;0;89;0;80;0;
24779;6374645;1021980672;21733376;1116069888;0;0;0;0;0;0;0;0;0;0;0;5090;0;0;89;0;80;0;
24780;7326610;1021980672;21733376;1116069888;0;0;0;0;0;0;0;0;0;0;0;4429;0;0;89;0;80;0;
24781;7271196;1021980672;21733376;1116069888;0;0;0;0;0;0;0;0;0;0;0;5059;0;0;89;0;80;0;
24782;6437122;1021980672;21733376;1116069888;0;0;0;0;0;0;0;0;0;0;0;4178;0;0;89;0;80;0;
24783;7651389;1021980672;21733376;1116069888;0;0;0;0;0;0;0;0;0;0;0;5120;0;0;89;0;80;0;
24784;6995680;1021980672;21733376;1116069888;0;0;0;0;0;0;0;0;0;0;0;4668;0;0;89;0;80;0;
24785;8751712;1021980672;21733376;1116069888;0;0;0;0;0;0;0;0;0;0;0;5340;0;0;89;0;80;0;
24786;6515850;1021980672;21733376;1116069888;0;0;0;0;0;0;0;0;0;0;0;4048;0;0;89;0;80;0;
24787;6853924;1021980672;21733376;1116069888;0;0;0;0;0;0;0;0;0;0;0;5049;0;0;89;0;80;0;
24788;6383932;1021980672;21733376;1116069888;0;0;0;0;0;0;0;0;0;0;0;4218;0;0;89;0;80;0;
24789;8125359;1021980672;21733376;1116069888;0;0;0;0;0;0;0;0;0;0;0;5350;0;0;89;0;80;0;
24790;8510922;1021980672;21733376;1116069888;0;0;0;0;0;0;0;0;0;0;0;4618;0;0;89;0;80;0;
24791;7741829;1021980672;21733376;1116069888;0;0;0;0;0;0;0;0;0;0;0;5049;0;0;89;0;80;0;
24792;7268481;1021980672;21733376;1116069888;0;0;0;0;0;0;0;0;0;0;0;5069;0;0;89;0;80;0;
24793;8248288;1021980672;21733376;1116069888;0;0;0;0;0;0;0;0;0;0;0;6712;0;0;89;0;80;0;
24794;6409690;1021980672;21733376;1116069888;0;0;0;0;0;0;0;0;0;0;0;4869;0;0;89;0;80;0;
24795;6357443;1021980672;21737472;1116073984;0;0;0;0;0;0;0;0;0;0;0;4158;0;0;89;0;80;0;
24796;6146778;1021980672;21741568;1116078080;0;0;0;0;0;0;0;0;0;0;0;4488;0;0;89;0;80;0;
24797;8283004;1021980672;21741568;1116078080;0;0;0;0;0;0;0;0;0;0;0;4358;0;0;89;0;80;0;
24798;6116371;1021980672;21741568;1116078080;0;0;0;0;0;0;0;0;0;0;0;4809;0;0;89;0;80;0;
24799;7597769;1021980672;21741568;1116078080;0;0;0;0;0;0;0;0;0;0;0;5370;0;0;89;0;80;0;
24800;7222164;1021980672;21741568;1116078080;0;0;0;0;0;0;0;0;0;0;0;4468;0;0;89;0;80;0;
24801;6449846;1021980672;21741568;1116078080;0;0;0;0;0;0;0;0;0;0;0;5019;0;0;89;0;80;0;
24802;11310362;1021980672;21733376;1116069888;0;0;0;0;0;0;0;0;0;0;0;4067;0;0;89;0;80;0;
24803;7478986;1021980672;21733376;1116069888;0;0;0;0;0;0;0;0;0;0;0;4268;0;0;89;0;80;0;
24804;6385615;1021980672;21733376;1116069888;0;0;0;0;0;0;0;0;0;0;0;3607;0;0;89;0;80;0;
24805;5783345;1021980672;21733376;1116069888;0;0;0;0;0;0;0;0;0;0;0;4829;0;0;89;0;80;0;
24806;11110336;1021980672;21733376;1116069888;0;0;0;0;0;0;0;0;0;0;0;4298;0;0;89;0;80;0;
24807;6394532;1021980672;21733376;1116069888;0;0;0;0;0;0;0;0;0;0;0;5491;0;0;89;0;80;0;
24808;9983372;1021980672;21733376;1116069888;0;0;0;0;0;0;0;0;0;0;0;4849;0;0;89;0;80;0;
24809;7556281;1021980672;21733376;1116069888;0;0;0;0;0;0;0;0;0;0;0;5971;0;0;89;0;80;0;
24810;10181324;1021980672;21733376;1116069888;0;0;0;0;0;0;0;0;0;0;0;3967;0;0;89;0;80;0;
24811;7633857;1021980672;21733376;1116069888;0;0;0;0;0;0;0;0;0;0;0;5681;0;0;89;0;80;0;
24812;6686319;1021980672;21733376;1116069888;0;0;0;0;0;0;0;0;0;0;0;3507;0;0;89;0;80;0;
24813;7309107;1021980672;21733376;1116069888;0;0;0;0;0;0;0;0;0;0;0;4749;0;0;89;0;80;0;
24814;7029653;1021980672;21733376;1116069888;0;0;0;0;0;0;0;0;0;0;0;3797;0;0;89;0;80;0;
24815;7219199;1021980672;21733376;1116069888;0;0;0;0;0;0;0;0;0;0;0;4719;0;0;89;0;80;0;
24816;9395230;1021980672;21733376;1116069888;0;0;0;0;0;0;0;0;0;0;0;4158;0;0;89;0;80;0;
24817;6583977;1021980672;21733376;1116069888;0;0;0;0;0;0;0;0;0;0;0;5239;0;0;89;0;80;0;
24818;8692862;1021980672;21733376;1116069888;0;0;0;0;0;0;0;0;0;0;0;4529;0;0;89;0;80;0;
24819;7124611;1021980672;21733376;1116069888;0;0;0;0;0;0;0;0;0;0;0;3727;0;0;89;0;80;0;
24820;5547203;1021980672;21733376;1116069888;0;0;0;0;0;0;0;0;0;0;0;3697;0;0;89;0;80;0;
24821;7709018;1021980672;21733376;1116069888;0;0;0;0;0;0;0;0;0;0;0;4309;0;0;89;0;80;0;
24822;7111868;1021980672;21733376;1116069888;0;0;0;0;0;0;0;0;0;0;0;4508;0;0;89;0;80;0;
24823;8030601;1021980672;21733376;1116069888;0;0;0;0;0;0;0;0;0;0;0;4328;0;0;89;0;80;0;
24824;7521466;1021980672;21733376;1116069888;0;0;0;0;0;0;0;0;0;0;0;4729;0;0;89;0;80;0;
24825;9283079;1021980672;21733376;1116069888;0;0;0;0;0;0;0;0;0;0;0;4238;0;0;89;0;80;0;
24826;5775972;1021980672;21733376;1116069888;0;0;0;0;0;0;0;0;0;0;0;4739;0;0;89;0;80;0;
24827;7723454;1021980672;21733376;1116069888;0;0;0;0;0;0;0;0;0;0;0;5270;0;0;89;0;80;0;
24828;9623237;1021980672;21733376;1116069888;0;0;0;0;0;0;0;0;0;0;0;4639;0;0;89;0;80;0;
24829;6410542;1021980672;21733376;1116069888;0;0;0;0;0;0;0;0;0;0;0;3978;0;0;89;0;80;0;
24830;4640603;1021980672;21733376;1116069888;0;0;0;0;0;0;0;0;0;0;0;3166;0;0;89;0;80;0;
24831;5725899;1021980672;21733376;1116069888;0;0;0;0;0;0;0;0;0;0;0;3887;0;0;89;0;80;0;
24832;5418502;1021980672;21733376;1116069888;0;0;0;0;0;0;0;0;0;0;0;3396;0;0;89;0;80;0;
24833;6452651;1021980672;21733376;1116069888;0;0;0;0;0;0;0;0;0;0;0;3105;0;0;89;0;80;0;
24834;3432256;1021980672;21733376;1116069888;0;0;0;0;0;0;0;0;0;0;0;2645;0;0;89;0;80;0;
24835;5984934;1021980672;21733376;1116069888;0;0;0;0;0;0;0;0;0;0;0;3687;0;0;89;0;80;0;
24836;4037382;1021980672;21733376;1116069888;0;0;0;0;0;0;0;0;0;0;0;2956;0;0;89;0;80;0;
24837;5556381;1021980672;21733376;1116069888;0;0;0;0;0;0;0;0;0;0;0;3887;0;0;89;0;80;0;
24838;3919050;1021980672;21733376;1116069888;0;0;0;0;0;0;0;0;0;0;0;2925;0;0;89;0;80;0;
24839;6798420;1021980672;21733376;1116069888;0;0;0;0;0;0;0;0;0;0;0;4228;0;0;89;0;80;0;
24840;7386122;1021980672;21733376;1116069888;0;0;0;0;0;0;0;0;0;0;0;3838;0;0;89;0;80;0;
24841;5765813;1021980672;21733376;1116069888;0;0;0;0;0;0;0;0;0;0;0;3336;0;0;89;0;80;0;
24842;4018707;1021980672;21733376;1116069888;0;0;0;0;0;0;0;0;0;0;0;3857;0;0;89;0;80;0;
24843;5839331;1021980672;21733376;1116069888;0;0;0;0;0;0;0;0;0;0;0;3637;0;0;89;0;80;0;
24844;4585229;1021980672;21733376;1116069888;0;0;0;0;0;0;0;0;0;0;0;3216;0;0;89;0;80;0;
24845;6105861;1021980672;21733376;1116069888;0;0;0;0;0;0;0;0;0;0;0;3546;0;0;89;0;80;0;
24846;4072838;1021980672;21733376;1116069888;0;0;0;0;0;0;0;0;0;0;0;2475;0;0;89;0;80;0;
24847;6280208;1021980672;21733376;1116069888;0;0;0;0;0;0;0;0;0;0;0;4659;0;0;89;0;80;0;
24848;3946290;1021980672;21733376;1116069888;0;0;0;0;0;0;0;0;0;0;0;3006;0;0;89;0;80;0;
24849;5551131;1021980672;21733376;1116069888;0;0;0;0;0;0;0;0;0;0;0;3396;0;0;89;0;80;0;
24850;3312692;1021980672;21733376;1116069888;0;0;0;0;0;0;0;0;0;0;0;2354;0;0;89;0;80;0;
24851;5392924;1021980672;21733376;1116069888;0;0;0;0;0;0;0;0;0;0;0;2625;0;0;89;0;80;0;
24852;4346801;1021980672;21733376;1116069888;0;0;0;0;0;0;0;0;0;0;0;3106;0;0;89;0;80;0;
24853;5168133;1021980672;21733376;1116069888;0;0;0;0;0;0;0;0;0;0;0;3536;0;0;89;0;80;0;
24854;4694914;1021980672;21733376;1116069888;0;0;0;0;0;0;0;0;0;0;0;2926;0;0;89;0;80;0;
24855;5241670;1021980672;21733376;1116069888;0;0;0;0;0;0;0;0;0;0;0;2545;0;0;89;0;80;0;
24856;3444279;1021980672;21733376;1116069888;0;0;0;0;0;0;0;0;0;0;0;2384;0;0;89;0;80;0;
24857;6178818;1027244032;28348416;1122684928;0;0;0;0;0;0;0;0;0;0;0;3557;0;0;89;0;80;0;
24858;4192362;1027244032;28348416;1122684928;0;0;0;0;0;0;0;0;0;0;0;2896;0;0;89;0;80;0;
24859;6356812;1027244032;28348416;1122684928;0;0;0;0;0;0;0;0;0;0;0;3026;0;0;89;0;80;0;
24860;3536924;1027244032;28348416;1122684928;0;0;0;0;0;0;0;0;0;0;0;2615;0;0;89;0;80;0;
24861;5805848;1027244032;28348416;1122684928;0;0;0;0;0;0;0;0;0;0;0;3957;0;0;89;0;80;0;
24862;4652605;1027244032;28348416;1122684928;0;0;0;0;0;0;0;0;0;0;0;3056;0;0;89;0;80;0;
24863;5760533;1027244032;28348416;1122684928;0;0;0;0;0;0;0;0;0;0;0;3086;0;0;89;0;80;0;
24864;4661061;1027244032;28348416;1122684928;0;0;0;0;0;0;0;0;0;0;0;2715;0;0;89;0;80;0;
24865;8658347;1027244032;28348416;1122684928;0;0;0;0;0;0;0;0;0;0;0;3376;0;0;89;0;80;0;
24866;8864785;1021980672;21733376;1116069888;0;0;0;0;0;0;0;0;0;0;0;3126;0;0;89;0;80;0;
24867;5450001;1021980672;21733376;1116069888;0;0;0;0;0;0;0;0;0;0;0;3126;0;0;89;0;80;0;
24868;4338025;1021980672;21733376;1116069888;0;0;0;0;0;0;0;0;0;0;0;2755;0;0;89;0;80;0;
24869;6224513;1021980672;21733376;1116069888;0;0;0;0;0;0;0;0;0;0;0;4388;0;0;89;0;80;0;
24870;4988024;1021980672;21733376;1116069888;0;0;0;0;0;0;0;0;0;0;0;4328;0;0;89;0;80;0;
24871;5325988;1021980672;21733376;1116069888;0;0;0;0;0;0;0;0;0;0;0;3977;0;0;89;0;80;0;
24872;4261993;1021980672;21733376;1116069888;0;0;0;0;0;0;0;0;0;0;0;3587;0;0;89;0;80;0;
24873;6248097;1021980672;21733376;1116069888;0;0;0;0;0;0;0;0;0;0;0;3557;0;0;89;0;80;0;
24874;4868911;1021980672;21733376;1116069888;0;0;0;0;0;0;0;0;0;0;0;5260;0;0;89;0;80;0;
24875;6750159;1021980672;21733376;1116069888;0;0;0;0;0;0;0;0;0;0;0;4088;0;0;89;0;80;0;
24876;5432047;1021980672;21733376;1116069888;0;0;0;0;0;0;0;0;0;0;0;4599;0;0;89;0;80;0;
24877;5336919;1021980672;21733376;1116069888;0;0;0;0;0;0;0;0;0;0;0;4237;0;0;89;0;80;0;
24878;4094699;1021980672;21733376;1116069888;0;0;0;0;0;0;0;0;0;0;0;3667;0;0;89;0;80;0;
24879;7977941;1021980672;21733376;1116069888;0;0;0;0;0;0;0;0;0;0;0;3737;0;0;89;0;80;0;
24880;5053748;1021980672;21733376;1116069888;0;0;0;0;0;0;0;0;0;0;0;4548;0;0;89;0;80;0;
24881;6551727;1027244032;28348416;1122684928;0;0;0;0;0;0;0;0;0;0;0;4068;0;0;89;0;80;0;
24882;5865149;1027244032;28348416;1122684928;0;0;0;0;0;0;0;0;0;0;0;4488;0;0;89;0;80;0;
24883;6470325;1027244032;28348416;1122684928;0;0;0;0;0;0;0;0;0;0;0;4037;0;0;89;0;80;0;
24884;4786226;1027244032;28348416;1122684928;0;0;0;0;0;0;0;0;0;0;0;4138;0;0;89;0;80;0;
24885;6971615;1027244032;28348416;1122684928;0;0;0;0;0;0;0;0;0;0;0;3847;0;0;89;0;80;0;
24886;3742879;1027244032;28348416;1122684928;0;0;0;0;0;0;0;0;0;0;0;3316;0;0;89;0;80;0;
24887;6860906;1027244032;28348416;1122684928;0;0;0;0;0;0;0;0;0;0;0;3036;0;0;89;0;80;0;
24888;4720042;1027244032;28348416;1122684928;0;0;0;0;0;0;0;0;0;0;0;3927;0;0;89;0;80;0;
24889;6151466;1027244032;28348416;1122684928;0;0;0;0;0;0;0;0;0;0;0;3466;0;0;89;0;80;0;
24890;4291247;1021980672;21733376;1116069888;0;0;0;0;0;0;0;0;0;0;0;3947;0;0;89;0;80;0;
24891;6363705;1021980672;21733376;1116069888;0;0;0;0;0;0;0;0;0;0;0;4048;0;0;89;0;80;0;
24892;4325903;1021980672;21733376;1116069888;0;0;0;0;0;0;0;0;0;0;0;4429;0;0;89;0;80;0;
24893;6019790;1021980672;21733376;1116069888;0;0;0;0;0;0;0;0;0;0;0;3396;0;0;89;0;80;0;
24894;4077316;1021980672;21733376;1116069888;0;0;0;0;0;0;0;0;0;0;0;3016;0;0;89;0;80;0;
24895;5439371;1021980672;21733376;1116069888;0;0;0;0;0;0;0;0;0;0;0;2705;0;0;89;0;80;0;
24896;3317181;1021980672;21733376;1116069888;0;0;0;0;0;0;0;0;0;0;0;2906;0;0;89;0;80;0;
24897;5214148;1021980672;21733376;1116069888;0;0;0;0;0;0;0;0;0;0;0;2375;0;0;89;0;80;0;
24898;4361269;1021980672;21733376;1116069888;0;0;0;0;0;0;0;0;0;0;0;2615;0;0;89;0;80;0;
24899;6922532;1021980672;21733376;1116069888;0;0;0;0;0;0;0;0;0;0;0;3156;0;0;89;0;80;0;
24900;2608252;1021980672;21733376;1116069888;0;0;0;0;0;0;0;0;0;0;0;2354;0;0;89;0;80;0;
24901;5687917;1021980672;21733376;1116069888;0;0;0;0;0;0;0;0;0;0;0;2855;0;0;89;0;80;0;
24902;2818556;1021980672;21733376;1116069888;0;0;0;0;0;0;0;0;0;0;0;2235;0;0;89;0;80;0;
24903;5123017;1021980672;21733376;1116069888;0;0;0;0;0;0;0;0;0;0;0;2695;0;0;89;0;80;0;
24904;3632392;1021980672;21733376;1116069888;0;0;0;0;0;0;0;0;0;0;0;2034;0;0;89;0;80;0;
24905;6534966;1027244032;28348416;1122684928;0;0;0;0;0;0;0;0;0;0;0;3317;0;0;89;0;80;0;
24906;3114671;1027244032;28348416;1122684928;0;0;0;0;0;0;0;0;0;0;0;2545;0;0;89;0;80;0;
24907;5896378;1027244032;28348416;1122684928;0;0;0;0;0;0;0;0;0;0;0;3496;0;0;89;0;80;0;
24908;5797092;1027244032;28348416;1122684928;0;0;0;0;0;0;0;0;0;0;0;3547;0;0;89;0;80;0;
24909;5893152;1027244032;28348416;1122684928;0;0;0;0;0;0;0;0;0;0;0;2906;0;0;89;0;80;0;
24910;5239015;1027244032;28348416;1122684928;0;0;0;0;0;0;0;0;0;0;0;4598;0;0;89;0;80;0;
24911;5885518;1027244032;28348416;1122684928;0;0;0;0;0;0;0;0;0;0;0;3326;0;0;89;0;80;0;
24912;5345124;1027244032;28348416;1122684928;0;0;0;0;0;0;0;0;0;0;0;10159;0;0;89;0;80;0;
24913;5826477;1027244032;28348416;1122684928;0;0;0;0;0;0;0;0;0;0;0;4599;0;0;89;0;80;0;
24914;5965258;1021980672;21733376;1116069888;0;0;0;0;0;0;0;0;0;0;0;3466;0;0;89;0;80;0;
24915;6136799;1021980672;21733376;1116069888;0;0;0;0;0;0;0;0;0;0;0;4709;0;0;89;0;80;0;
24916;4575471;1021980672;21733376;1116069888;0;0;0;0;0;0;0;0;0;0;0;3136;0;0;89;0;80;0;
24917;6413858;1021980672;21733376;1116069888;0;0;0;0;0;0;0;0;0;0;0;3386;0;0;89;0;80;0;
24918;3373867;1021980672;21733376;1116069888;0;0;0;0;0;0;0;0;0;0;0;3306;0;0;89;0;80;0;
24919;7314788;1021980672;21733376;1116069888;0;0;0;0;0;0;0;0;0;0;0;4739;0;0;89;0;80;0;
24920;5149828;1021980672;21733376;1116069888;0;0;0;0;0;0;0;0;0;0;0;5080;0;0;89;0;80;0;
24921;6279787;1021980672;21733376;1116069888;0;0;0;0;0;0;0;0;0;0;0;3386;0;0;89;0;80;0;
24922;3838840;1021980672;21733376;1116069888;0;0;0;0;0;0;0;0;0;0;0;4107;0;0;89;0;80;0;
24923;6705565;1021980672;21733376;1116069888;0;0;0;0;0;0;0;0;0;0;0;3497;0;0;89;0;80;0;
24924;4593415;1021980672;21733376;1116069888;0;0;0;0;0;0;0;0;0;0;0;3827;0;0;89;0;80;0;
24925;6431381;1021980672;21733376;1116069888;0;0;0;0;0;0;0;0;0;0;0;4018;0;0;89;0;80;0;
24926;4635313;1021980672;21733376;1116069888;0;0;0;0;0;0;0;0;0;0;0;3687;0;0;89;0;80;0;
24927;6163750;1021980672;21733376;1116069888;0;0;0;0;0;0;0;0;0;0;0;4107;0;0;89;0;80;0;
24928;6324280;1021980672;21733376;1116069888;0;0;0;0;0;0;0;0;0;0;0;3907;0;0;89;0;80;0;
24929;6141879;1027244032;28348416;1122684928;0;0;0;0;0;0;0;0;0;0;0;3256;0;0;89;0;80;0;
24930;4207931;1027244032;28348416;1122684928;0;0;0;0;0;0;0;0;0;0;0;3606;0;0;89;0;80;0;
24931;5658202;1027244032;28348416;1122684928;0;0;0;0;0;0;0;0;0;0;0;2766;0;0;89;0;80;0;
24932;3994482;1027244032;28348416;1122684928;0;0;0;0;0;0;0;0;0;0;0;3797;0;0;89;0;80;0;
24933;6893267;1027244032;28348416;1122684928;0;0;0;0;0;0;0;0;0;0;0;3276;0;0;89;0;80;0;
24934;3916165;1027244032;28348416;1122684928;0;0;0;0;0;0;0;0;0;0;0;4458;0;0;89;0;80;0;
24935;6624684;1027244032;28348416;1122684928;0;0;0;0;0;0;0;0;0;0;0;3577;0;0;89;0;80;0;
24936;5079616;1027244032;28348416;1122684928;0;0;0;0;0;0;0;0;0;0;0;4919;0;0;89;0;80;0;
24937;6704023;1027244032;28348416;1122684928;0;0;0;0;0;0;0;0;0;0;0;3837;0;0;89;0;80;0;
24938;4347954;1021980672;21733376;1116069888;0;0;0;0;0;0;0;0;0;0;0;3447;0;0;89;0;80;0;
24939;5943386;1021980672;21733376;1116069888;0;0;0;0;0;0;0;0;0;0;0;3677;0;0;89;0;80;0;
24940;4853762;1021980672;21733376;1116069888;0;0;0;0;0;0;0;0;0;0;0;4769;0;0;89;0;80;0;
24941;5701422;1021980672;21733376;1116069888;0;0;0;0;0;0;0;0;0;0;0;4769;0;0;89;0;80;0;
24942;5503782;1021980672;21733376;1116069888;0;0;0;0;0;0;0;0;0;0;0;3336;0;0;89;0;80;0;
24943;6303442;1021980672;21733376;1116069888;0;0;0;0;0;0;0;0;0;0;0;4258;0;0;89;0;80;0;
24944;6164401;1021980672;21733376;1116069888;0;0;0;0;0;0;0;0;0;0;0;3867;0;0;89;0;80;0;
24945;6362853;1021980672;21733376;1116069888;0;0;0;0;0;0;0;0;0;0;0;65853;0;0;89;0;80;0;
24946;4708340;1021980672;21733376;1116069888;0;0;0;0;0;0;0;0;0;0;0;2765;0;0;89;0;80;0;
24947;5793596;1021980672;21733376;1116069888;0;0;0;0;0;0;0;0;0;0;0;3306;0;0;89;0;80;0;
24948;4035949;1021980672;21733376;1116069888;0;0;0;0;0;0;0;0;0;0;0;3176;0;0;89;0;80;0;
24949;6070725;1021980672;21733376;1116069888;0;0;0;0;0;0;0;0;0;0;0;4177;0;0;89;0;80;0;
24950;3351846;1021980672;21733376;1116069888;0;0;0;0;0;0;0;0;0;0;0;3045;0;0;89;0;80;0;
24951;5317472;1021980672;21733376;1116069888;0;0;0;0;0;0;0;0;0;0;0;4629;0;0;89;0;80;0;
24952;4856357;1021980672;21733376;1116069888;0;0;0;0;0;0;0;0;0;0;0;4038;0;0;89;0;80;0;
24953;5959817;1021980672;21733376;1116069888;0;0;0;0;0;0;0;0;0;0;0;4178;0;0;89;0;80;0;
24954;5239196;1021980672;21733376;1116069888;0;0;0;0;0;0;0;0;0;0;0;4939;0;0;89;0;80;0;
24955;6330742;1021980672;21733376;1116069888;0;0;0;0;0;0;0;0;0;0;0;3987;0;0;89;0;80;0;
24956;4947809;1021980672;21733376;1116069888;0;0;0;0;0;0;0;0;0;0;0;4559;0;0;89;0;80;0;
24957;5568964;1021980672;21733376;1116069888;0;0;0;0;0;0;0;0;0;0;0;3316;0;0;89;0;80;0;
24958;5334034;1021980672;21733376;1116069888;0;0;0;0;0;0;0;0;0;0;0;3346;0;0;89;0;80;0;
24959;6032112;1021980672;21733376;1116069888;0;0;0;0;0;0;0;0;0;0;0;3427;0;0;89;0;80;0;
24960;6075263;1021980672;21733376;1116069888;0;0;0;0;0;0;0;0;0;0;0;3306;0;0;89;0;80;0;
24961;6100431;1021980672;21733376;1116069888;0;0;0;0;0;0;0;0;0;0;0;4328;0;0;89;0;80;0;
24962;4383070;1021980672;21733376;1116069888;0;0;0;0;0;0;0;0;0;0;0;3566;0;0;89;0;80;0;
24963;6851679;1021980672;21733376;1116069888;0;0;0;0;0;0;0;0;0;0;0;3646;0;0;89;0;80;0;
24964;3641128;1021980672;21733376;1116069888;0;0;0;0;0;0;0;0;0;0;0;3596;0;0;89;0;80;0;
24965;5469688;1021980672;21733376;1116069888;0;0;0;0;0;0;0;0;0;0;0;3937;0;0;89;0;80;0;
24966;4421632;1021980672;21733376;1116069888;0;0;0;0;0;0;0;0;0;0;0;3647;0;0;89;0;80;0;
24967;6102885;1021980672;21737472;1116073984;0;0;0;0;0;0;0;0;0;0;0;3788;0;0;89;0;80;0;
24968;3343350;1021980672;21741568;1116078080;0;0;0;0;0;0;0;0;0;0;0;3036;0;0;89;0;80;0;
24969;5917939;1021980672;21741568;1116078080;0;0;0;0;0;0;0;0;0;0;0;4919;0;0;89;0;80;0;
24970;3946781;1021980672;21741568;1116078080;0;0;0;0;0;0;0;0;0;0;0;3507;0;0;89;0;80;0;
24971;5776664;1021980672;21741568;1116078080;0;0;0;0;0;0;0;0;0;0;0;4097;0;0;89;0;80;0;
24972;4275357;1021980672;21741568;1116078080;0;0;0;0;0;0;0;0;0;0;0;3937;0;0;89;0;80;0;
24973;5750655;1021980672;21741568;1116078080;0;0;0;0;0;0;0;0;0;0;0;3557;0;0;89;0;80;0;
24974;3827839;1021980672;21733376;1116069888;0;0;0;0;0;0;0;0;0;0;0;3367;0;0;89;0;80;0;
24975;7274152;1021980672;21733376;1116069888;0;0;0;0;0;0;0;0;0;0;0;5370;0;0;89;0;80;0;
24976;5182780;1021980672;21733376;1116069888;0;0;0;0;0;0;0;0;0;0;0;3466;0;0;89;0;80;0;
24977;5062875;1021980672;21733376;1116069888;0;0;0;0;0;0;0;0;0;0;0;4458;0;0;89;0;80;0;
24978;4515439;1021980672;21733376;1116069888;0;0;0;0;0;0;0;0;0;0;0;3436;0;0;89;0;80;0;
24979;5544237;1021980672;21733376;1116069888;0;0;0;0;0;0;0;0;0;0;0;3877;0;0;89;0;80;0;
24980;4102955;1021980672;21733376;1116069888;0;0;0;0;0;0;0;0;0;0;0;3828;0;0;89;0;80;0;
24981;5500014;1021980672;21733376;1116069888;0;0;0;0;0;0;0;0;0;0;0;3817;0;0;89;0;80;0;
24982;5393865;1021980672;21733376;1116069888;0;0;0;0;0;0;0;0;0;0;0;2956;0;0;89;0;80;0;
24983;5484455;1021980672;21733376;1116069888;0;0;0;0;0;0;0;0;0;0;0;3677;0;0;89;0;80;0;
24984;3366995;1021980672;21733376;1116069888;0;0;0;0;0;0;0;0;0;0;0;2755;0;0;89;0;80;0;
24985;4810912;1021980672;21733376;1116069888;0;0;0;0;0;0;0;0;0;0;0;2715;0;0;89;0;80;0;
24986;4569750;1021980672;21733376;1116069888;0;0;0;0;0;0;0;0;0;0;0;3697;0;0;89;0;80;0;
24987;5611664;1021980672;21733376;1116069888;0;0;0;0;0;0;0;0;0;0;0;2024;0;0;89;0;80;0;
24988;3383755;1021976576;21729280;1116065792;0;0;0;0;0;0;0;0;0;0;0;3537;0;0;89;0;80;0;
24989;5915273;1021976576;21729280;1116065792;0;0;0;0;0;0;0;0;0;0;0;2635;0;0;89;0;80;0;
24990;5014134;1021976576;21729280;1116065792;0;0;0;0;0;0;0;0;0;0;0;4017;0;0;89;0;80;0;
24991;5373758;1021976576;21729280;1116065792;0;0;0;0;0;0;0;0;0;0;0;2394;0;0;89;0;80;0;
24992;5130813;1021976576;21729280;1116065792;0;0;0;0;0;0;0;0;0;0;0;3016;0;0;89;0;80;0;
24993;5409445;1021976576;21729280;1116065792;0;0;0;0;0;0;0;0;0;0;0;2094;0;0;89;0;80;0;
24994;4221166;1021976576;21729280;1116065792;0;0;0;0;0;0;0;0;0;0;0;3146;0;0;89;0;80;0;
24995;4767551;1021976576;21729280;1116065792;0;0;0;0;0;0;0;0;0;0;0;2344;0;0;89;0;80;0;
24996;4595168;1021976576;21729280;1116065792;0;0;0;0;0;0;0;0;0;0;0;3407;0;0;89;0;80;0;
24997;5628125;1021976576;21729280;1116065792;0;0;0;0;0;0;0;0;0;0;0;2525;0;0;89;0;80;0;
24998;2684745;1021976576;21729280;1116065792;0;0;0;0;0;0;0;0;0;0;0;3837;0;0;89;0;80;0;
24999;7030886;1021976576;21729280;1116065792;0;0;0;0;0;0;0;0;0;0;0;3246;0;0;89;0;80;0;
25000;4530216;1021976576;21729280;1116065792;0;0;0;0;0;0;0;0;0;0;0;2835;0;0;89;0;80;0;
25001;5873145;1021976576;21729280;1116065792;0;0;0;0;0;0;0;0;0;0;0;3526;0;0;89;0;80;0;
25002;3443398;1021976576;21729280;1116065792;0;0;0;0;0;0;0;0;0;0;0;2916;0;0;89;0;80;0;
25003;5207176;1021976576;21729280;1116065792;0;0;0;0;0;0;0;0;0;0;0;3467;0;0;89;0;80;0;
25004;3579553;1021976576;21729280;1116065792;0;0;0;0;0;0;0;0;0;0;0;3146;0;0;89;0;80;0;
25005;4974660;1021976576;21729280;1116065792;0;0;0;0;0;0;0;0;0;0;0;2835;0;0;89;0;80;0;
25006;3135791;1021976576;21729280;1116065792;0;0;0;0;0;0;0;0;0;0;0;2765;0;0;89;0;80;0;
25007;5782284;1021976576;21729280;1116065792;0;0;0;0;0;0;0;0;0;0;0;2725;0;0;89;0;80;0;
25008;2863139;1021976576;21729280;1116065792;0;0;0;0;0;0;0;0;0;0;0;2484;0;0;89;0;80;0;
25009;5013743;1021976576;21729280;1116065792;0;0;0;0;0;0;0;0;0;0;0;2524;0;0;89;0;80;0;
25010;3417208;1021976576;21729280;1116065792;0;0;0;0;0;0;0;0;0;0;0;2846;0;0;89;0;80;0;
25011;5317442;1021976576;21729280;1116065792;0;0;0;0;0;0;0;0;0;0;0;2735;0;0;89;0;80;0;
25012;3212665;1021976576;21729280;1116065792;0;0;0;0;0;0;0;0;0;0;0;2715;0;0;89;0;80;0;
25013;4677532;1021976576;21729280;1116065792;0;0;0;0;0;0;0;0;0;0;0;2235;0;0;89;0;80;0;
25014;3584152;1021976576;21729280;1116065792;0;0;0;0;0;0;0;0;0;0;0;2635;0;0;89;0;80;0;
25015;5986176;1021976576;21729280;1116065792;0;0;0;0;0;0;0;0;0;0;0;3005;0;0;89;0;80;0;
25016;3004745;1021976576;21729280;1116065792;0;0;0;0;0;0;0;0;0;0;0;11882;0;0;89;0;80;0;
25017;4734610;1021976576;21729280;1116065792;0;0;0;0;0;0;0;0;0;0;0;2856;0;0;89;0;80;0;
25018;2584777;1021976576;21729280;1116065792;0;0;0;0;0;0;0;0;0;0;0;2855;0;0;89;0;80;0;
25019;5240188;1021976576;21729280;1116065792;0;0;0;0;0;0;0;0;0;0;0;2234;0;0;89;0;80;0;
25020;3059528;1021976576;21729280;1116065792;0;0;0;0;0;0;0;0;0;0;0;2485;0;0;89;0;80;0;
25021;4697609;1021976576;21729280;1116065792;0;0;0;0;0;0;0;0;0;0;0;2275;0;0;89;0;80;0;
25022;3123337;1021976576;21729280;1116065792;0;0;0;0;0;0;0;0;0;0;0;2715;0;0;89;0;80;0;
25023;5780090;1021976576;21729280;1116065792;0;0;0;0;0;0;0;0;0;0;0;2395;0;0;89;0;80;0;
25024;2940144;1021976576;21729280;1116065792;0;0;0;0;0;0;0;0;0;0;0;2725;0;0;89;0;80;0;
25025;5205622;1021976576;21729280;1116065792;0;0;0;0;0;0;0;0;0;0;0;2585;0;0;89;0;80;0;
25026;2972946;1021976576;21729280;1116065792;0;0;0;0;0;0;0;0;0;0;0;2795;0;0;89;0;80;0;
25027;4565452;1021976576;21729280;1116065792;0;0;0;0;0;0;0;0;0;0;0;2044;0;0;89;0;80;0;
25028;2828194;1021976576;21729280;1116065792;0;0;0;0;0;0;0;0;0;0;0;2805;0;0;89;0;80;0;
25029;4429547;1021976576;21729280;1116065792;0;0;0;0;0;0;0;0;0;0;0;2435;0;0;89;0;80;0;
25030;2523162;1021976576;21729280;1116065792;0;0;0;0;0;0;0;0;0;0;0;3316;0;0;89;0;80;0;
25031;5254585;1021976576;21729280;1116065792;0;0;0;0;0;0;0;0;0;0;0;2745;0;0;89;0;80;0;
25032;8591662;1021976576;21729280;1116065792;0;0;0;0;0;0;0;0;0;0;0;2455;0;0;89;0;80;0;
25033;5062093;1021976576;21729280;1116065792;0;0;0;0;0;0;0;0;0;0;0;2595;0;0;89;0;80;0;
25034;3818101;1021976576;21729280;1116065792;0;0;0;0;0;0;0;0;0;0;0;3176;0;0;89;0;80;0;
25035;4592352;1021976576;21729280;1116065792;0;0;0;0;0;0;0;0;0;0;0;2144;0;0;89;0;80;0;
25036;3743320;1021976576;21729280;1116065792;0;0;0;0;0;0;0;0;0;0;0;3626;0;0;89;0;80;0;
25037;5165057;1021976576;21729280;1116065792;0;0;0;0;0;0;0;0;0;0;0;2846;0;0;89;0;80;0;
25038;4730001;1021976576;21729280;1116065792;0;0;0;0;0;0;0;0;0;0;0;3286;0;0;89;0;80;0;
25039;5249965;1021976576;21729280;1116065792;0;0;0;0;0;0;0;0;0;0;0;2565;0;0;89;0;80;0;
25040;3819323;1021976576;21729280;1116065792;0;0;0;0;0;0;0;0;0;0;0;3126;0;0;89;0;80;0;
25041;4689354;1021976576;21729280;1116065792;0;0;0;0;0;0;0;0;0;0;0;2234;0;0;89;0;80;0;
25042;2867077;1021976576;21729280;1116065792;0;0;0;0;0;0;0;0;0;0;0;3486;0;0;89;0;80;0;
25043;5152513;1021976576;21729280;1116065792;0;0;0;0;0;0;0;0;0;0;0;2244;0;0;89;0;80;0;
25044;3825635;1021976576;21729280;1116065792;0;0;0;0;0;0;0;0;0;0;0;3376;0;0;89;0;80;0;
25045;5049730;1021976576;21729280;1116065792;0;0;0;0;0;0;0;0;0;0;0;2234;0;0;89;0;80;0;
25046;3178320;1021976576;21729280;1116065792;0;0;0;0;0;0;0;0;0;0;0;2895;0;0;89;0;80;0;
25047;5632443;1021976576;21729280;1116065792;0;0;0;0;0;0;0;0;0;0;0;2315;0;0;89;0;80;0;
25048;4504558;1021976576;21729280;1116065792;0;0;0;0;0;0;0;0;0;0;0;3176;0;0;89;0;80;0;
25049;5565447;1021976576;21729280;1116065792;0;0;0;0;0;0;0;0;0;0;0;2885;0;0;89;0;80;0;
25050;3102358;1021976576;21729280;1116065792;0;0;0;0;0;0;0;0;0;0;0;2775;0;0;89;0;80;0;
25051;5345104;1021976576;21729280;1116065792;0;0;0;0;0;0;0;0;0;0;0;2264;0;0;89;0;80;0;
25052;3375310;1021976576;21729280;1116065792;0;0;0;0;0;0;0;0;0;0;0;2495;0;0;89;0;80;0;
25053;5383556;1021976576;21729280;1116065792;0;0;0;0;0;0;0;0;0;0;0;2154;0;0;89;0;80;0;
25054;3423821;1021976576;21729280;1116065792;0;0;0;0;0;0;0;0;0;0;0;3196;0;0;89;0;80;0;
25055;4762120;1021976576;21729280;1116065792;0;0;0;0;0;0;0;0;0;0;0;2475;0;0;89;0;80;0;
25056;3207425;1021976576;21729280;1116065792;0;0;0;0;0;0;0;0;0;0;0;3737;0;0;89;0;80;0;
25057;4754165;1021976576;21729280;1116065792;0;0;0;0;0;0;0;0;0;0;0;2434;0;0;89;0;80;0;
25058;3787624;1021976576;21729280;1116065792;0;0;0;0;0;0;0;0;0;0;0;3707;0;0;89;0;80;0;
25059;4987633;1021976576;21729280;1116065792;0;0;0;0;0;0;0;0;0;0;0;2756;0;0;89;0;80;0;
25060;4448483;1021976576;21729280;1116065792;0;0;0;0;0;0;0;0;0;0;0;3186;0;0;89;0;80;0;
25061;6038123;1021976576;21729280;1116065792;0;0;0;0;0;0;0;0;0;0;0;2886;0;0;89;0;80;0;
25062;3855671;1021976576;21729280;1116065792;0;0;0;0;0;0;0;0;0;0;0;3627;0;0;89;0;80;0;
25063;4529304;1021976576;21729280;1116065792;0;0;0;0;0;0;0;0;0;0;0;2224;0;0;89;0;80;0;
25064;3518158;1021976576;21729280;1116065792;0;0;0;0;0;0;0;0;0;0;0;2856;0;0;89;0;80;0;
25065;10134757;1021976576;21729280;1116065792;0;0;0;0;0;0;0;0;0;0;0;2094;0;0;89;0;80;0;
25066;3219407;1021976576;21729280;1116065792;0;0;0;0;0;0;0;0;0;0;0;3156;0;0;89;0;80;0;
25067;4597412;1021976576;21729280;1116065792;0;0;0;0;0;0;0;0;0;0;0;2064;0;0;89;0;80;0;
25068;3918930;1021976576;21729280;1116065792;0;0;0;0;0;0;0;0;0;0;0;4959;0;0;89;0;80;0;
25069;6169741;1027239936;28344320;1122680832;0;0;0;0;0;0;0;0;0;0;0;2826;0;0;89;0;80;0;
25070;2993213;1027239936;28344320;1122680832;0;0;0;0;0;0;0;0;0;0;0;3267;0;0;89;0;80;0;
25071;4935806;1027239936;28344320;1122680832;0;0;0;0;0;0;0;0;0;0;0;2094;0;0;89;0;80;0;
25072;3001429;1027239936;28344320;1122680832;0;0;0;0;0;0;0;0;0;0;0;2815;0;0;89;0;80;0;
25073;4690236;1027239936;28344320;1122680832;0;0;0;0;0;0;0;0;0;0;0;2325;0;0;89;0;80;0;
25074;3797602;1027239936;28344320;1122680832;0;0;0;0;0;0;0;0;0;0;0;3005;0;0;89;0;80;0;
25075;4812496;1027239936;28344320;1122680832;0;0;0;0;0;0;0;0;0;0;0;1994;0;0;89;0;80;0;
25076;3026706;1027239936;28344320;1122680832;0;0;0;0;0;0;0;0;0;0;0;2494;0;0;89;0;80;0;
25077;4410912;1027239936;28344320;1122680832;0;0;0;0;0;0;0;0;0;0;0;2244;0;0;89;0;80;0;
25078;3264682;1021976576;21729280;1116065792;0;0;0;0;0;0;0;0;0;0;0;2966;0;0;89;0;80;0;
25079;5014775;1021976576;21729280;1116065792;0;0;0;0;0;0;0;0;0;0;0;2465;0;0;89;0;80;0;
25080;3330146;1021976576;21729280;1116065792;0;0;0;0;0;0;0;0;0;0;0;2945;0;0;89;0;80;0;
25081;5111526;1021976576;21729280;1116065792;0;0;0;0;0;0;0;0;0;0;0;2084;0;0;89;0;80;0;
25082;3172489;1021976576;21729280;1116065792;0;0;0;0;0;0;0;0;0;0;0;2605;0;0;89;0;80;0;
25083;4732725;1021976576;21729280;1116065792;0;0;0;0;0;0;0;0;0;0;0;2565;0;0;89;0;80;0;
25084;3975276;1021976576;21729280;1116065792;0;0;0;0;0;0;0;0;0;0;0;3246;0;0;89;0;80;0;
25085;4769154;1021976576;21729280;1116065792;0;0;0;0;0;0;0;0;0;0;0;2715;0;0;89;0;80;0;
25086;3719616;1021976576;21729280;1116065792;0;0;0;0;0;0;0;0;0;0;0;2925;0;0;89;0;80;0;
25087;5623215;1021976576;21729280;1116065792;0;0;0;0;0;0;0;0;0;0;0;2344;0;0;89;0;80;0;
25088;3401469;1021976576;21729280;1116065792;0;0;0;0;0;0;0;0;0;0;0;2865;0;0;89;0;80;0;
25089;5411368;1021976576;21729280;1116065792;0;0;0;0;0;0;0;0;0;0;0;2574;0;0;89;0;80;0;
25090;3931403;1021976576;21729280;1116065792;0;0;0;0;0;0;0;0;0;0;0;3406;0;0;89;0;80;0;
25091;5466712;1021976576;21729280;1116065792;0;0;0;0;0;0;0;0;0;0;0;2605;0;0;89;0;80;0;
25092;3572199;1021976576;21729280;1116065792;0;0;0;0;0;0;0;0;0;0;0;2414;0;0;89;0;80;0;
25093;5502720;1027239936;28344320;1122680832;0;0;0;0;0;0;0;0;0;0;0;2364;0;0;89;0;80;0;
25094;4755809;1027239936;28344320;1122680832;0;0;0;0;0;0;0;0;0;0;0;2865;0;0;89;0;80;0;
25095;5821547;1027239936;28344320;1122680832;0;0;0;0;0;0;0;0;0;0;0;2726;0;0;89;0;80;0;
25096;4541157;1027239936;28344320;1122680832;0;0;0;0;0;0;0;0;0;0;0;2615;0;0;89;0;80;0;
25097;5282897;1027239936;28344320;1122680832;0;0;0;0;0;0;0;0;0;0;0;2234;0;0;89;0;80;0;
25098;3321559;1027239936;28344320;1122680832;0;0;0;0;0;0;0;0;0;0;0;2124;0;0;89;0;80;0;
25099;4740160;1027239936;28344320;1122680832;0;0;0;0;0;0;0;0;0;0;0;1733;0;0;89;0;80;0;
25100;2849394;1027239936;28344320;1122680832;0;0;0;0;0;0;0;0;0;0;0;2285;0;0;89;0;80;0;
25101;5404355;1027239936;28344320;1122680832;0;0;0;0;0;0;0;0;0;0;0;2285;0;0;89;0;80;0;
25102;2964249;1021976576;21729280;1116065792;0;0;0;0;0;0;0;0;0;0;0;2645;0;0;89;0;80;0;
25103;5188341;1021976576;21729280;1116065792;0;0;0;0;0;0;0;0;0;0;0;2795;0;0;89;0;80;0;
25104;3444801;1021976576;21729280;1116065792;0;0;0;0;0;0;0;0;0;0;0;2685;0;0;89;0;80;0;
25105;5122937;1021976576;21729280;1116065792;0;0;0;0;0;0;0;0;0;0;0;2504;0;0;89;0;80;0;
25106;3344733;1021976576;21729280;1116065792;0;0;0;0;0;0;0;0;0;0;0;2925;0;0;89;0;80;0;
25107;5412120;1021976576;21729280;1116065792;0;0;0;0;0;0;0;0;0;0;0;2715;0;0;89;0;80;0;
25108;3065519;1021976576;21729280;1116065792;0;0;0;0;0;0;0;0;0;0;0;2615;0;0;89;0;80;0;
25109;5043087;1021976576;21729280;1116065792;0;0;0;0;0;0;0;0;0;0;0;2645;0;0;89;0;80;0;
25110;2536677;1021976576;21729280;1116065792;0;0;0;0;0;0;0;0;0;0;0;2785;0;0;89;0;80;0;
25111;5412831;1021976576;21729280;1116065792;0;0;0;0;0;0;0;0;0;0;0;2515;0;0;89;0;80;0;
25112;2937158;1021976576;21729280;1116065792;0;0;0;0;0;0;0;0;0;0;0;2655;0;0;89;0;80;0;
25113;5205151;1021976576;21729280;1116065792;0;0;0;0;0;0;0;0;0;0;0;2545;0;0;89;0;80;0;
25114;2504567;1021976576;21729280;1116065792;0;0;0;0;0;0;0;0;0;0;0;2255;0;0;89;0;80;0;
25115;4527661;1021976576;21729280;1116065792;0;0;0;0;0;0;0;0;0;0;0;1994;0;0;89;0;80;0;
25116;3224868;1021976576;21729280;1116065792;0;0;0;0;0;0;0;0;0;0;0;2575;0;0;89;0;80;0;
25117;6320964;1027239936;28344320;1122680832;0;0;0;0;0;0;0;0;0;0;0;2725;0;0;89;0;80;0;
25118;2838243;1027239936;28344320;1122680832;0;0;0;0;0;0;0;0;0;0;0;2715;0;0;89;0;80;0;
25119;5270304;1027239936;28344320;1122680832;0;0;0;0;0;0;0;0;0;0;0;2214;0;0;89;0;80;0;
25120;3080016;1027239936;28344320;1122680832;0;0;0;0;0;0;0;0;0;0;0;1933;0;0;89;0;80;0;
25121;4849575;1027239936;28344320;1122680832;0;0;0;0;0;0;0;0;0;0;0;1924;0;0;89;0;80;0;
25122;4111521;1027239936;28344320;1122680832;0;0;0;0;0;0;0;0;0;0;0;3277;0;0;89;0;80;0;
25123;4900651;1027239936;28344320;1122680832;0;0;0;0;0;0;0;0;0;0;0;2755;0;0;89;0;80;0;
25124;3212023;1027239936;28344320;1122680832;0;0;0;0;0;0;0;0;0;0;0;2695;0;0;89;0;80;0;
25125;5279381;1027239936;28344320;1122680832;0;0;0;0;0;0;0;0;0;0;0;1984;0;0;89;0;80;0;
25126;4094800;1021976576;21729280;1116065792;0;0;0;0;0;0;0;0;0;0;0;3226;0;0;89;0;80;0;
25127;4732235;1021976576;21729280;1116065792;0;0;0;0;0;0;0;0;0;0;0;2484;0;0;89;0;80;0;
25128;3651378;1021976576;21729280;1116065792;0;0;0;0;0;0;0;0;0;0;0;3115;0;0;89;0;80;0;
25129;5279751;1021976576;21729280;1116065792;0;0;0;0;0;0;0;0;0;0;0;2224;0;0;89;0;80;0;
25130;3185063;1021976576;21729280;1116065792;0;0;0;0;0;0;0;0;0;0;0;3026;0;0;89;0;80;0;
25131;5068275;1021976576;21729280;1116065792;0;0;0;0;0;0;0;0;0;0;0;2615;0;0;89;0;80;0;
25132;2998844;1021976576;21729280;1116065792;0;0;0;0;0;0;0;0;0;0;0;2584;0;0;89;0;80;0;
25133;5317933;1021976576;21729280;1116065792;0;0;0;0;0;0;0;0;0;0;0;2385;0;0;89;0;80;0;
25134;2594395;1021976576;21729280;1116065792;0;0;0;0;0;0;0;0;0;0;0;2755;0;0;89;0;80;0;
25135;4726053;1021976576;21729280;1116065792;0;0;0;0;0;0;0;0;0;0;0;2235;0;0;89;0;80;0;
25136;3104001;1021976576;21729280;1116065792;0;0;0;0;0;0;0;0;0;0;0;2404;0;0;89;0;80;0;
25137;4831100;1021976576;21729280;1116065792;0;0;0;0;0;0;0;0;0;0;0;2034;0;0;89;0;80;0;
25138;3181055;1021976576;21729280;1116065792;0;0;0;0;0;0;0;0;0;0;0;2345;0;0;89;0;80;0;
25139;4852250;1021976576;21729280;1116065792;0;0;0;0;0;0;0;0;0;0;0;2144;0;0;89;0;80;0;
25140;2881995;1021976576;21729280;1116065792;0;0;0;0;0;0;0;0;0;0;0;2614;0;0;89;0;80;0;
25141;6038053;1027239936;28344320;1122680832;0;0;0;0;0;0;0;0;0;0;0;2614;0;0;89;0;80;0;
25142;3891468;1027239936;28344320;1122680832;0;0;0;0;0;0;0;0;0;0;0;3417;0;0;89;0;80;0;
25143;4845718;1027239936;28344320;1122680832;0;0;0;0;0;0;0;0;0;0;0;3066;0;0;89;0;80;0;
25144;3723283;1027239936;28344320;1122680832;0;0;0;0;0;0;0;0;0;0;0;3116;0;0;89;0;80;0;
25145;5388906;1027239936;28344320;1122680832;0;0;0;0;0;0;0;0;0;0;0;2504;0;0;89;0;80;0;
25146;3437978;1027239936;28344320;1122680832;0;0;0;0;0;0;0;0;0;0;0;2956;0;0;89;0;80;0;
25147;4983035;1027239936;28344320;1122680832;0;0;0;0;0;0;0;0;0;0;0;2986;0;0;89;0;80;0;
25148;3835743;1027239936;28344320;1122680832;0;0;0;0;0;0;0;0;0;0;0;3096;0;0;89;0;80;0;
25149;4709873;1027239936;28344320;1122680832;0;0;0;0;0;0;0;0;0;0;0;2074;0;0;89;0;80;0;
25150;3115663;1021976576;21729280;1116065792;0;0;0;0;0;0;0;0;0;0;0;2895;0;0;89;0;80;0;
25151;5007151;1021976576;21729280;1116065792;0;0;0;0;0;0;0;0;0;0;0;2325;0;0;89;0;80;0;
25152;3365481;1021976576;21729280;1116065792;0;0;0;0;0;0;0;0;0;0;0;2424;0;0;89;0;80;0;
25153;4899449;1021976576;21729280;1116065792;0;0;0;0;0;0;0;0;0;0;0;3126;0;0;89;0;80;0;
25154;3132705;1021976576;21729280;1116065792;0;0;0;0;0;0;0;0;0;0;0;3186;0;0;89;0;80;0;
25155;4768202;1021976576;21729280;1116065792;0;0;0;0;0;0;0;0;0;0;0;2455;0;0;89;0;80;0;
25156;3629036;1021976576;21729280;1116065792;0;0;0;0;0;0;0;0;0;0;0;2825;0;0;89;0;80;0;
25157;5168853;1021976576;21729280;1116065792;0;0;0;0;0;0;0;0;0;0;0;2385;0;0;89;0;80;0;
25158;3304497;1021976576;21729280;1116065792;0;0;0;0;0;0;0;0;0;0;0;3637;0;0;89;0;80;0;
25159;5351897;1021976576;21729280;1116065792;0;0;0;0;0;0;0;0;0;0;0;2515;0;0;89;0;80;0;
25160;3917467;1021976576;21729280;1116065792;0;0;0;0;0;0;0;0;0;0;0;10510;0;0;89;0;80;0;
25161;4981262;1021976576;21729280;1116065792;0;0;0;0;0;0;0;0;0;0;0;2645;0;0;89;0;80;0;
25162;3014353;1021976576;21729280;1116065792;0;0;0;0;0;0;0;0;0;0;0;3155;0;0;89;0;80;0;
25163;5363078;1021976576;21729280;1116065792;0;0;0;0;0;0;0;0;0;0;0;2675;0;0;89;0;80;0;
25164;2831580;1021976576;21729280;1116065792;0;0;0;0;0;0;0;0;0;0;0;3637;0;0;89;0;80;0;
25165;4962416;1021976576;21729280;1116065792;0;0;0;0;0;0;0;0;0;0;0;2685;0;0;89;0;80;0;
25166;3790348;1021976576;21729280;1116065792;0;0;0;0;0;0;0;0;0;0;0;3877;0;0;89;0;80;0;
25167;5559056;1021976576;21729280;1116065792;0;0;0;0;0;0;0;0;0;0;0;2825;0;0;89;0;80;0;
25168;4004340;1021976576;21729280;1116065792;0;0;0;0;0;0;0;0;0;0;0;3316;0;0;89;0;80;0;
25169;4902514;1021976576;21729280;1116065792;0;0;0;0;0;0;0;0;0;0;0;2375;0;0;89;0;80;0;
25170;3728442;1021976576;21729280;1116065792;0;0;0;0;0;0;0;0;0;0;0;3216;0;0;89;0;80;0;
25171;4938511;1021976576;21729280;1116065792;0;0;0;0;0;0;0;0;0;0;0;2234;0;0;89;0;80;0;
25172;4201479;1021976576;21729280;1116065792;0;0;0;0;0;0;0;0;0;0;0;2535;0;0;89;0;80;0;
25173;5030644;1021976576;21729280;1116065792;0;0;0;0;0;0;0;0;0;0;0;2194;0;0;89;0;80;0;
25174;3588560;1021976576;21729280;1116065792;0;0;0;0;0;0;0;0;0;0;0;2465;0;0;89;0;80;0;
25175;4792858;1021976576;21729280;1116065792;0;0;0;0;0;0;0;0;0;0;0;2194;0;0;89;0;80;0;
25176;4154432;1021976576;21729280;1116065792;0;0;0;0;0;0;0;0;0;0;0;2705;0;0;89;0;80;0;
25177;5040393;1021976576;21729280;1116065792;0;0;0;0;0;0;0;0;0;0;0;2135;0;0;89;0;80;0;
25178;4737795;1021976576;21729280;1116065792;0;0;0;0;0;0;0;0;0;0;0;2805;0;0;89;0;80;0;
25179;7069538;1021976576;21729280;1116065792;0;0;0;0;0;0;0;0;0;0;0;2465;0;0;89;0;80;0;
25180;3700831;1021976576;21729280;1116065792;0;0;0;0;0;0;0;0;0;0;0;2756;0;0;89;0;80;0;
25181;4794181;1021976576;21729280;1116065792;0;0;0;0;0;0;0;0;0;0;0;2084;0;0;89;0;80;0;
25182;4268265;1021976576;21729280;1116065792;0;0;0;0;0;0;0;0;0;0;0;3226;0;0;89;0;80;0;
25183;5005146;1021976576;21729280;1116065792;0;0;0;0;0;0;0;0;0;0;0;2464;0;0;89;0;80;0;
25184;3719485;1021976576;21729280;1116065792;0;0;0;0;0;0;0;0;0;0;0;3436;0;0;89;0;80;0;
25185;4947839;1021976576;21729280;1116065792;0;0;0;0;0;0;0;0;0;0;0;2274;0;0;89;0;80;0;
25186;4588836;1021976576;21729280;1116065792;0;0;0;0;0;0;0;0;0;0;0;3296;0;0;89;0;80;0;
25187;5295251;1021976576;21729280;1116065792;0;0;0;0;0;0;0;0;0;0;0;2555;0;0;89;0;80;0;
25188;3551259;1021976576;21729280;1116065792;0;0;0;0;0;0;0;0;0;0;0;3186;0;0;89;0;80;0;
25189;5602427;1021976576;21729280;1116065792;0;0;0;0;0;0;0;0;0;0;0;1983;0;0;89;0;80;0;
25190;5281295;1021976576;21729280;1116065792;0;0;0;0;0;0;0;0;0;0;0;2725;0;0;89;0;80;0;
25191;5493552;1021976576;21733376;1116069888;0;0;0;0;0;0;0;0;0;0;0;2886;0;0;89;0;80;0;
25192;3427778;1021976576;21737472;1116073984;0;0;0;0;0;0;0;0;0;0;0;2414;0;0;89;0;80;0;
25193;5224148;1021976576;21737472;1116073984;0;0;0;0;0;0;0;0;0;0;0;2234;0;0;89;0;80;0;
25194;3925692;1021976576;21737472;1116073984;0;0;0;0;0;0;0;0;0;0;0;3266;0;0;89;0;80;0;
25195;5387153;1021976576;21737472;1116073984;0;0;0;0;0;0;0;0;0;0;0;3046;0;0;89;0;80;0;
25196;4618452;1021976576;21737472;1116073984;0;0;0;0;0;0;0;0;0;0;0;2955;0;0;89;0;80;0;
25197;5210131;1021976576;21737472;1116073984;0;0;0;0;0;0;0;0;0;0;0;2655;0;0;89;0;80;0;
25198;4415731;1021976576;21729280;1116065792;0;0;0;0;0;0;0;0;0;0;0;3347;0;0;89;0;80;0;
25199;6322197;1021976576;21729280;1116065792;0;0;0;0;0;0;0;0;0;0;0;2906;0;0;89;0;80;0;
25200;5132184;1021976576;21729280;1116065792;0;0;0;0;0;0;0;0;0;0;0;33182;0;0;89;0;80;0;
25201;5341297;1021976576;21729280;1116065792;0;0;0;0;0;0;0;0;0;0;0;2364;0;0;89;0;80;0;
25202;5212285;1021976576;21729280;1116065792;0;0;0;0;0;0;0;0;0;0;0;3557;0;0;89;0;80;0;
25203;5178241;1021976576;21729280;1116065792;0;0;0;0;0;0;0;0;0;0;0;2164;0;0;89;0;80;0;
25204;3374218;1021976576;21729280;1116065792;0;0;0;0;0;0;0;0;0;0;0;3176;0;0;89;0;80;0;
25205;4908606;1021976576;21729280;1116065792;0;0;0;0;0;0;0;0;0;0;0;2345;0;0;89;0;80;0;
25206;4074271;1021976576;21729280;1116065792;0;0;0;0;0;0;0;0;0;0;0;2655;0;0;89;0;80;0;
25207;5565858;1021976576;21729280;1116065792;0;0;0;0;0;0;0;0;0;0;0;2795;0;0;89;0;80;0;
25208;3805157;1021976576;21729280;1116065792;0;0;0;0;0;0;0;0;0;0;0;2956;0;0;89;0;80;0;
25209;5401400;1021976576;21729280;1116065792;0;0;0;0;0;0;0;0;0;0;0;2434;0;0;89;0;80;0;
25210;4893347;1021976576;21729280;1116065792;0;0;0;0;0;0;0;0;0;0;0;2956;0;0;89;0;80;0;
25211;5791812;1021976576;21729280;1116065792;0;0;0;0;0;0;0;0;0;0;0;2415;0;0;89;0;80;0;
25212;2797226;1021976576;21729280;1116065792;0;0;0;0;0;0;0;0;0;0;0;2815;0;0;89;0;80;0;
25213;5369089;1021976576;21729280;1116065792;0;0;0;0;0;0;0;0;0;0;0;3106;0;0;89;0;80;0;
25214;4035749;1021976576;21729280;1116065792;0;0;0;0;0;0;0;0;0;0;0;3727;0;0;89;0;80;0;
25215;5831576;1021976576;21729280;1116065792;0;0;0;0;0;0;0;0;0;0;0;3276;0;0;89;0;80;0;
25216;3909822;1021976576;21729280;1116065792;0;0;0;0;0;0;0;0;0;0;0;3116;0;0;89;0;80;0;
25217;6621929;1021976576;21729280;1116065792;0;0;0;0;0;0;0;0;0;0;0;2876;0;0;89;0;80;0;
25218;3421076;1021976576;21729280;1116065792;0;0;0;0;0;0;0;0;0;0;0;2836;0;0;89;0;80;0;
25219;5196927;1021976576;21729280;1116065792;0;0;0;0;0;0;0;0;0;0;0;2755;0;0;89;0;80;0;
25220;3827217;1021976576;21729280;1116065792;0;0;0;0;0;0;0;0;0;0;0;2976;0;0;89;0;80;0;
25221;5361896;1021976576;21729280;1116065792;0;0;0;0;0;0;0;0;0;0;0;3126;0;0;89;0;80;0;
25222;3988800;1021976576;21729280;1116065792;0;0;0;0;0;0;0;0;0;0;0;3186;0;0;89;0;80;0;
25223;5572550;1021976576;21729280;1116065792;0;0;0;0;0;0;0;0;0;0;0;2885;0;0;89;0;80;0;
25224;4470874;1021976576;21729280;1116065792;0;0;0;0;0;0;0;0;0;0;0;3486;0;0;89;0;80;0;
25225;5017860;1021976576;21729280;1116065792;0;0;0;0;0;0;0;0;0;0;0;3076;0;0;89;0;80;0;
25226;3876139;1021976576;21729280;1116065792;0;0;0;0;0;0;0;0;0;0;0;3075;0;0;89;0;80;0;
25227;6091624;1021976576;21729280;1116065792;0;0;0;0;0;0;0;0;0;0;0;2755;0;0;89;0;80;0;
25228;3593449;1021976576;21729280;1116065792;0;0;0;0;0;0;0;0;0;0;0;2946;0;0;89;0;80;0;
25229;5020174;1021976576;21729280;1116065792;0;0;0;0;0;0;0;0;0;0;0;2073;0;0;89;0;80;0;
25230;4321114;1021976576;21729280;1116065792;0;0;0;0;0;0;0;0;0;0;0;2585;0;0;89;0;80;0;
25231;6174489;1021976576;21729280;1116065792;0;0;0;0;0;0;0;0;0;0;0;2705;0;0;89;0;80;0;
25232;4499158;1021976576;21729280;1116065792;0;0;0;0;0;0;0;0;0;0;0;3637;0;0;89;0;80;0;
25233;5813913;1021976576;21729280;1116065792;0;0;0;0;0;0;0;0;0;0;0;2274;0;0;89;0;80;0;
25234;4448773;1021976576;21729280;1116065792;0;0;0;0;0;0;0;0;0;0;0;2615;0;0;89;0;80;0;
25235;5881991;1021976576;21729280;1116065792;0;0;0;0;0;0;0;0;0;0;0;2394;0;0;89;0;80;0;
25236;4190930;1021976576;21729280;1116065792;0;0;0;0;0;0;0;0;0;0;0;2965;0;0;89;0;80;0;
25237;5342749;1021976576;21729280;1116065792;0;0;0;0;0;0;0;0;0;0;0;2645;0;0;89;0;80;0;
25238;5045442;1021976576;21729280;1116065792;0;0;0;0;0;0;0;0;0;0;0;2725;0;0;89;0;80;0;
25239;4458061;1021976576;21729280;1116065792;0;0;0;0;0;0;0;0;0;0;0;1984;0;0;89;0;80;0;
25240;4302208;1021976576;21729280;1116065792;0;0;0;0;0;0;0;0;0;0;0;3357;0;0;89;0;80;0;
25241;6552869;1021976576;21729280;1116065792;0;0;0;0;0;0;0;0;0;0;0;2715;0;0;89;0;80;0;
25242;4365808;1021976576;21729280;1116065792;0;0;0;0;0;0;0;0;0;0;0;3968;0;0;89;0;80;0;
25243;6198224;1021976576;21729280;1116065792;0;0;0;0;0;0;0;0;0;0;0;3196;0;0;89;0;80;0;
25244;5346066;1021976576;21729280;1116065792;0;0;0;0;0;0;0;0;0;0;0;3747;0;0;89;0;80;0;
25245;6042643;1021976576;21729280;1116065792;0;0;0;0;0;0;0;0;0;0;0;2925;0;0;89;0;80;0;
25246;4469993;1021976576;21729280;1116065792;0;0;0;0;0;0;0;0;0;0;0;4909;0;0;89;0;80;0;
25247;5784559;1021976576;21729280;1116065792;0;0;0;0;0;0;0;0;0;0;0;3166;0;0;89;0;80;0;
25248;4903817;1021976576;21729280;1116065792;0;0;0;0;0;0;0;0;0;0;0;3196;0;0;89;0;80;0;
25249;5395839;1021976576;21729280;1116065792;0;0;0;0;0;0;0;0;0;0;0;2735;0;0;89;0;80;0;
25250;6398320;1021976576;21729280;1116065792;0;0;0;0;0;0;0;0;0;0;0;3878;0;0;89;0;80;0;
25251;6686289;1021976576;21729280;1116065792;0;0;0;0;0;0;0;0;0;0;0;3607;0;0;89;0;80;0;
25252;4693282;1021976576;21729280;1116065792;0;0;0;0;0;0;0;0;0;0;0;3747;0;0;89;0;80;0;
25253;5141462;1021976576;21729280;1116065792;0;0;0;0;0;0;0;0;0;0;0;2524;0;0;89;0;80;0;
25254;5101868;1021976576;21729280;1116065792;0;0;0;0;0;0;0;0;0;0;0;4398;0;0;89;0;80;0;
25255;6329962;1021976576;21729280;1116065792;0;0;0;0;0;0;0;0;0;0;0;4028;0;0;89;0;80;0;
25256;3693467;1021976576;21729280;1116065792;0;0;0;0;0;0;0;0;0;0;0;3156;0;0;89;0;80;0;
25257;7170758;1027239936;28344320;1122680832;0;0;0;0;0;0;0;0;0;0;0;115066;0;0;89;0;80;0;
25258;4149181;1027239936;28344320;1122680832;0;0;0;0;0;0;0;0;0;0;0;3707;0;0;89;0;80;0;
25259;5722421;1027239936;28344320;1122680832;0;0;0;0;0;0;0;0;0;0;0;3397;0;0;89;0;80;0;
25260;3986135;1027239936;28344320;1122680832;0;0;0;0;0;0;0;0;0;0;0;3687;0;0;89;0;80;0;
25261;5151912;1027239936;28344320;1122680832;0;0;0;0;0;0;0;0;0;0;0;3166;0;0;89;0;80;0;
25262;4739598;1027239936;28344320;1122680832;0;0;0;0;0;0;0;0;0;0;0;4799;0;0;89;0;80;0;
25263;6070635;1027239936;28344320;1122680832;0;0;0;0;0;0;0;0;0;0;0;3496;0;0;89;0;80;0;
25264;4793290;1027239936;28344320;1122680832;0;0;0;0;0;0;0;0;0;0;0;4518;0;0;89;0;80;0;
25265;6595929;1027239936;28344320;1122680832;0;0;0;0;0;0;0;0;0;0;0;4078;0;0;89;0;80;0;
25266;4566955;1021976576;21729280;1116065792;0;0;0;0;0;0;0;0;0;0;0;4027;0;0;89;0;80;0;
25267;5427939;1021976576;21729280;1116065792;0;0;0;0;0;0;0;0;0;0;0;2745;0;0;89;0;80;0;
25268;3895716;1021976576;21729280;1116065792;0;0;0;0;0;0;0;0;0;0;0;3597;0;0;89;0;80;0;
25269;7530363;1021976576;21729280;1116065792;0;0;0;0;0;0;0;0;0;0;0;3697;0;0;89;0;80;0;
25270;4098867;1021976576;21729280;1116065792;0;0;0;0;0;0;0;0;0;0;0;4879;0;0;89;0;80;0;
25271;5430434;1021976576;21729280;1116065792;0;0;0;0;0;0;0;0;0;0;0;3947;0;0;89;0;80;0;
25272;5091529;1021976576;21729280;1116065792;0;0;0;0;0;0;0;0;0;0;0;3657;0;0;89;0;80;0;
25273;5390119;1021976576;21729280;1116065792;0;0;0;0;0;0;0;0;0;0;0;3968;0;0;89;0;80;0;
25274;5619158;1021976576;21729280;1116065792;0;0;0;0;0;0;0;0;0;0;0;3526;0;0;89;0;80;0;
25275;5929641;1021976576;21729280;1116065792;0;0;0;0;0;0;0;0;0;0;0;3296;0;0;89;0;80;0;
25276;5694490;1021976576;21729280;1116065792;0;0;0;0;0;0;0;0;0;0;0;4779;0;0;89;0;80;0;
25277;5265395;1021976576;21729280;1116065792;0;0;0;0;0;0;0;0;0;0;0;3387;0;0;89;0;80;0;
25278;8702360;1021976576;21729280;1116065792;0;0;0;0;0;0;0;0;0;0;0;3496;0;0;89;0;80;0;
25279;8139124;1021976576;21729280;1116065792;0;0;0;0;0;0;0;0;0;0;0;2515;0;0;89;0;80;0;
25280;5932586;1021976576;21729280;1116065792;0;0;0;0;0;0;0;0;0;0;0;3646;0;0;89;0;80;0;
25281;6205748;1027239936;28344320;1122680832;0;0;0;0;0;0;0;0;0;0;0;3787;0;0;89;0;80;0;
25282;4452710;1027239936;28344320;1122680832;0;0;0;0;0;0;0;0;0;0;0;3627;0;0;89;0;80;0;
25283;6114326;1027239936;28344320;1122680832;0;0;0;0;0;0;0;0;0;0;0;2845;0;0;89;0;80;0;
25284;5891248;1027239936;28344320;1122680832;0;0;0;0;0;0;0;0;0;0;0;3347;0;0;89;0;80;0;
25285;5404606;1027239936;28344320;1122680832;0;0;0;0;0;0;0;0;0;0;0;2806;0;0;89;0;80;0;
25286;5268711;1027239936;28344320;1122680832;0;0;0;0;0;0;0;0;0;0;0;4789;0;0;89;0;80;0;
25287;6462410;1027239936;28344320;1122680832;0;0;0;0;0;0;0;0;0;0;0;4349;0;0;89;0;80;0;
25288;6260541;1027239936;28344320;1122680832;0;0;0;0;0;0;0;0;0;0;0;4177;0;0;89;0;80;0;
25289;6861538;1027239936;28344320;1122680832;0;0;0;0;0;0;0;0;0;0;0;4078;0;0;89;0;80;0;
25290;6942359;1021976576;21729280;1116065792;0;0;0;0;0;0;0;0;0;0;0;4959;0;0;89;0;80;0;
25291;5524951;1021976576;21729280;1116065792;0;0;0;0;0;0;0;0;0;0;0;3567;0;0;89;0;80;0;
25292;6090572;1021976576;21729280;1116065792;0;0;0;0;0;0;0;0;0;0;0;4078;0;0;89;0;80;0;
25293;5626011;1021976576;21729280;1116065792;0;0;0;0;0;0;0;0;0;0;0;3396;0;0;89;0;80;0;
25294;5887321;1021976576;21729280;1116065792;0;0;0;0;0;0;0;0;0;0;0;4729;0;0;89;0;80;0;
25295;6110279;1021976576;21729280;1116065792;0;0;0;0;0;0;0;0;0;0;0;3827;0;0;89;0;80;0;
25296;6446570;1021976576;21729280;1116065792;0;0;0;0;0;0;0;0;0;0;0;4599;0;0;89;0;80;0;
25297;6220956;1021976576;21729280;1116065792;0;0;0;0;0;0;0;0;0;0;0;3677;0;0;89;0;80;0;
25298;5769169;1021976576;21729280;1116065792;0;0;0;0;0;0;0;0;0;0;0;4709;0;0;89;0;80;0;
25299;6145335;1021976576;21729280;1116065792;0;0;0;0;0;0;0;0;0;0;0;3968;0;0;89;0;80;0;
25300;5495396;1021976576;21729280;1116065792;0;0;0;0;0;0;0;0;0;0;0;4739;0;0;89;0;80;0;
25301;7006870;1021976576;21729280;1116065792;0;0;0;0;0;0;0;0;0;0;0;4648;0;0;89;0;80;0;
25302;4541917;1021976576;21729280;1116065792;0;0;0;0;0;0;0;0;0;0;0;3997;0;0;89;0;80;0;
25303;5764851;1021976576;21729280;1116065792;0;0;0;0;0;0;0;0;0;0;0;3306;0;0;89;0;80;0;
25304;5362868;1021976576;21729280;1116065792;0;0;0;0;0;0;0;0;0;0;0;48631;0;0;89;0;80;0;
25305;7515584;1027239936;28344320;1122680832;0;0;0;0;0;0;0;0;0;0;0;4248;0;0;89;0;80;0;
25306;6249039;1027239936;28344320;1122680832;0;0;0;0;0;0;0;0;0;0;0;4088;0;0;89;0;80;0;
25307;7247001;1027239936;28344320;1122680832;0;0;0;0;0;0;0;0;0;0;0;3908;0;0;89;0;80;0;
25308;7532456;1027239936;28344320;1122680832;0;0;0;0;0;0;0;0;0;0;0;4839;0;0;89;0;80;0;
25309;8367352;1027239936;28344320;1122680832;0;0;0;0;0;0;0;0;0;0;0;5561;0;0;89;0;80;0;
25310;7384489;1027239936;28344320;1122680832;0;0;0;0;0;0;0;0;0;0;0;4268;0;0;89;0;80;0;
25311;7228196;1027239936;28344320;1122680832;0;0;0;0;0;0;0;0;0;0;0;4509;0;0;89;0;80;0;
25312;6800864;1027239936;28344320;1122680832;0;0;0;0;0;0;0;0;0;0;0;4609;0;0;89;0;80;0;
25313;6725934;1027239936;28344320;1122680832;0;0;0;0;0;0;0;0;0;0;0;4528;0;0;89;0;80;0;
25314;7660216;1021976576;21729280;1116065792;0;0;0;0;0;0;0;0;0;0;0;3907;0;0;89;0;80;0;
25315;6706027;1021976576;21729280;1116065792;0;0;0;0;0;0;0;0;0;0;0;3777;0;0;89;0;80;0;
25316;7107790;1021976576;21729280;1116065792;0;0;0;0;0;0;0;0;0;0;0;3587;0;0;89;0;80;0;
25317;5904353;1021976576;21729280;1116065792;0;0;0;0;0;0;0;0;0;0;0;3286;0;0;89;0;80;0;
25318;7114823;1021976576;21729280;1116065792;0;0;0;0;0;0;0;0;0;0;0;3506;0;0;89;0;80;0;
25319;6778342;1021976576;21729280;1116065792;0;0;0;0;0;0;0;0;0;0;0;3396;0;0;89;0;80;0;
25320;6983877;1021976576;21729280;1116065792;0;0;0;0;0;0;0;0;0;0;0;4308;0;0;89;0;80;0;
25321;6921260;1021976576;21729280;1116065792;0;0;0;0;0;0;0;0;0;0;0;3537;0;0;89;0;80;0;
25322;7469007;1021976576;21729280;1116065792;0;0;0;0;0;0;0;0;0;0;0;4909;0;0;89;0;80;0;
25323;7406841;1021976576;21729280;1116065792;0;0;0;0;0;0;0;0;0;0;0;4068;0;0;89;0;80;0;
25324;7379900;1021976576;21729280;1116065792;0;0;0;0;0;0;0;0;0;0;0;3987;0;0;89;0;80;0;
25325;6644000;1021976576;21729280;1116065792;0;0;0;0;0;0;0;0;0;0;0;3577;0;0;89;0;80;0;
25326;5143496;1021976576;21729280;1116065792;0;0;0;0;0;0;0;0;0;0;0;3847;0;0;89;0;80;0;
25327;7475048;1021976576;21729280;1116065792;0;0;0;0;0;0;0;0;0;0;0;3597;0;0;89;0;80;0;
25328;4531408;1021976576;21729280;1116065792;0;0;0;0;0;0;0;0;0;0;0;3597;0;0;89;0;80;0;
25329;7734225;1027239936;28344320;1122680832;0;0;0;0;0;0;0;0;0;0;0;3947;0;0;89;0;80;0;
25330;5387584;1027239936;28344320;1122680832;0;0;0;0;0;0;0;0;0;0;0;3998;0;0;89;0;80;0;
25331;5655857;1027239936;28344320;1122680832;0;0;0;0;0;0;0;0;0;0;0;2936;0;0;89;0;80;0;
25332;6055476;1027239936;28344320;1122680832;0;0;0;0;0;0;0;0;0;0;0;3497;0;0;89;0;80;0;
25333;5216282;1027239936;28344320;1122680832;0;0;0;0;0;0;0;0;0;0;0;2685;0;0;89;0;80;0;
25334;4330932;1027239936;28344320;1122680832;0;0;0;0;0;0;0;0;0;0;0;3336;0;0;89;0;80;0;
25335;6895802;1027239936;28344320;1122680832;0;0;0;0;0;0;0;0;0;0;0;3075;0;0;89;0;80;0;
25336;4659108;1027239936;28344320;1122680832;0;0;0;0;0;0;0;0;0;0;0;3016;0;0;89;0;80;0;
25337;6271902;1027239936;28344320;1122680832;0;0;0;0;0;0;0;0;0;0;0;3356;0;0;89;0;80;0;
25338;6279135;1021976576;21729280;1116065792;0;0;0;0;0;0;0;0;0;0;0;3436;0;0;89;0;80;0;
25339;6608674;1021976576;21729280;1116065792;0;0;0;0;0;0;0;0;0;0;0;2805;0;0;89;0;80;0;
25340;4962427;1021976576;21729280;1116065792;0;0;0;0;0;0;0;0;0;0;0;3626;0;0;89;0;80;0;
25341;6717858;1021976576;21729280;1116065792;0;0;0;0;0;0;0;0;0;0;0;2625;0;0;89;0;80;0;
25342;4151565;1021976576;21729280;1116065792;0;0;0;0;0;0;0;0;0;0;0;2886;0;0;89;0;80;0;
25343;5939810;1021976576;21729280;1116065792;0;0;0;0;0;0;0;0;0;0;0;2795;0;0;89;0;80;0;
25344;6787018;1021976576;21729280;1116065792;0;0;0;0;0;0;0;0;0;0;0;3667;0;0;89;0;80;0;
25345;6084360;1021976576;21729280;1116065792;0;0;0;0;0;0;0;0;0;0;0;4138;0;0;89;0;80;0;
25346;7127597;1021976576;21729280;1116065792;0;0;0;0;0;0;0;0;0;0;0;5921;0;0;89;0;80;0;
25347;6385836;1021976576;21729280;1116065792;0;0;0;0;0;0;0;0;0;0;0;3937;0;0;89;0;80;0;
25348;4247075;1021976576;21729280;1116065792;0;0;0;0;0;0;0;0;0;0;0;68870;0;0;89;0;80;0;
25349;7118661;1021976576;21729280;1116065792;0;0;0;0;0;0;0;0;0;0;0;2755;0;0;89;0;80;0;
25350;5031205;1021976576;21729280;1116065792;0;0;0;0;0;0;0;0;0;0;0;3596;0;0;89;0;80;0;
25351;6264769;1021976576;21729280;1116065792;0;0;0;0;0;0;0;0;0;0;0;2514;0;0;89;0;80;0;
25352;5577640;1021976576;21729280;1116065792;0;0;0;0;0;0;0;0;0;0;0;3496;0;0;89;0;80;0;
25353;6764717;1027239936;28344320;1122680832;0;0;0;0;0;0;0;0;0;0;0;3306;0;0;89;0;80;0;
25354;4953380;1027239936;28344320;1122680832;0;0;0;0;0;0;0;0;0;0;0;4528;0;0;89;0;80;0;
25355;7167382;1027239936;28344320;1122680832;0;0;0;0;0;0;0;0;0;0;0;3597;0;0;89;0;80;0;
25356;6546427;1027239936;28344320;1122680832;0;0;0;0;0;0;0;0;0;0;0;3727;0;0;89;0;80;0;
25357;7281987;1027239936;28344320;1122680832;0;0;0;0;0;0;0;0;0;0;0;4228;0;0;89;0;80;0;
25358;6333768;1027239936;28344320;1122680832;0;0;0;0;0;0;0;0;0;0;0;3666;0;0;89;0;80;0;
25359;6312798;1027239936;28344320;1122680832;0;0;0;0;0;0;0;0;0;0;0;3767;0;0;89;0;80;0;
25360;6386397;1027239936;28344320;1122680832;0;0;0;0;0;0;0;0;0;0;0;3056;0;0;89;0;80;0;
25361;6724160;1027239936;28344320;1122680832;0;0;0;0;0;0;0;0;0;0;0;3015;0;0;89;0;80;0;
25362;6794452;1021976576;21729280;1116065792;0;0;0;0;0;0;0;0;0;0;0;4448;0;0;89;0;80;0;
25363;7832339;1021976576;21729280;1116065792;0;0;0;0;0;0;0;0;0;0;0;4057;0;0;89;0;80;0;
25364;6118885;1021976576;21729280;1116065792;0;0;0;0;0;0;0;0;0;0;0;4238;0;0;89;0;80;0;
25365;7742600;1021976576;21729280;1116065792;0;0;0;0;0;0;0;0;0;0;0;4098;0;0;89;0;80;0;
25366;4655621;1021976576;21729280;1116065792;0;0;0;0;0;0;0;0;0;0;0;3096;0;0;89;0;80;0;
25367;6743617;1021976576;21733376;1116069888;0;0;0;0;0;0;0;0;0;0;0;3267;0;0;89;0;80;0;
25368;5406649;1021976576;21737472;1116073984;0;0;0;0;0;0;0;0;0;0;0;2966;0;0;89;0;80;0;
25369;6379795;1021976576;21737472;1116073984;0;0;0;0;0;0;0;0;0;0;0;2865;0;0;89;0;80;0;
25370;6710385;1021976576;21737472;1116073984;0;0;0;0;0;0;0;0;0;0;0;4348;0;0;89;0;80;0;
25371;7463407;1021976576;21737472;1116073984;0;0;0;0;0;0;0;0;0;0;0;3196;0;0;89;0;80;0;
25372;5463456;1021976576;21737472;1116073984;0;0;0;0;0;0;0;0;0;0;0;2765;0;0;89;0;80;0;
25373;7883976;1021976576;21737472;1116073984;0;0;0;0;0;0;0;0;0;0;0;3437;0;0;89;0;80;0;
25374;5698096;1021976576;21729280;1116065792;0;0;0;0;0;0;0;0;0;0;0;4328;0;0;89;0;80;0;
25375;7746358;1021976576;21729280;1116065792;0;0;0;0;0;0;0;0;0;0;0;3908;0;0;89;0;80;0;
25376;6314262;1021976576;21729280;1116065792;0;0;0;0;0;0;0;0;0;0;0;4048;0;0;89;0;80;0;
25377;6785977;1021976576;21729280;1116065792;0;0;0;0;0;0;0;0;0;0;0;3737;0;0;89;0;80;0;
25378;7072123;1021976576;21729280;1116065792;0;0;0;0;0;0;0;0;0;0;0;3907;0;0;89;0;80;0;
25379;8343678;1021976576;21729280;1116065792;0;0;0;0;0;0;0;0;0;0;0;4138;0;0;89;0;80;0;
25380;6412787;1021976576;21729280;1116065792;0;0;0;0;0;0;0;0;0;0;0;4027;0;0;89;0;80;0;
25381;7417531;1021976576;21729280;1116065792;0;0;0;0;0;0;0;0;0;0;0;3727;0;0;89;0;80;0;
25382;5828100;1021976576;21729280;1116065792;0;0;0;0;0;0;0;0;0;0;0;3106;0;0;89;0;80;0;
25383;5445602;1021976576;21729280;1116065792;0;0;0;0;0;0;0;0;0;0;0;2765;0;0;89;0;80;0;
25384;5607777;1021976576;21729280;1116065792;0;0;0;0;0;0;0;0;0;0;0;3577;0;0;89;0;80;0;
25385;6971514;1021976576;21729280;1116065792;0;0;0;0;0;0;0;0;0;0;0;3647;0;0;89;0;80;0;
25386;5814475;1021976576;21729280;1116065792;0;0;0;0;0;0;0;0;0;0;0;3697;0;0;89;0;80;0;
25387;7146843;1021976576;21729280;1116065792;0;0;0;0;0;0;0;0;0;0;0;3727;0;0;89;0;80;0;
25388;5687776;1021976576;21729280;1116065792;0;0;0;0;0;0;0;0;0;0;0;3857;0;0;89;0;80;0;
25389;6816143;1021976576;21729280;1116065792;0;0;0;0;0;0;0;0;0;0;0;3817;0;0;89;0;80;0;
25390;7404146;1021976576;21729280;1116065792;0;0;0;0;0;0;0;0;0;0;0;2986;0;0;89;0;80;0;
25391;6763945;1021976576;21729280;1116065792;0;0;0;0;0;0;0;0;0;0;0;3857;0;0;89;0;80;0;
25392;6166986;1021976576;21729280;1116065792;0;0;0;0;0;0;0;0;0;0;0;68809;0;0;89;0;80;0;
25393;9931465;1021976576;21729280;1116065792;0;0;0;0;0;0;0;0;0;0;0;4658;0;0;89;0;80;0;
25394;7980326;1021976576;21729280;1116065792;0;0;0;0;0;0;0;0;0;0;0;5120;0;0;89;0;80;0;
25395;7783708;1021976576;21729280;1116065792;0;0;0;0;0;0;0;0;0;0;0;5000;0;0;89;0;80;0;
25396;7469829;1021976576;21729280;1116065792;0;0;0;0;0;0;0;0;0;0;0;4098;0;0;89;0;80;0;
25397;7791813;1021976576;21729280;1116065792;0;0;0;0;0;0;0;0;0;0;0;5771;0;0;89;0;80;0;
25398;6667524;1021976576;21729280;1116065792;0;0;0;0;0;0;0;0;0;0;0;4979;0;0;89;0;80;0;
25399;8602032;1021976576;21729280;1116065792;0;0;0;0;0;0;0;0;0;0;0;5300;0;0;89;0;80;0;
25400;5971649;1021976576;21729280;1116065792;0;0;0;0;0;0;0;0;0;0;0;4448;0;0;89;0;80;0;
25401;7337030;1021976576;21729280;1116065792;0;0;0;0;0;0;0;0;0;0;0;4599;0;0;89;0;80;0;
25402;6853382;1021976576;21729280;1116065792;0;0;0;0;0;0;0;0;0;0;0;4679;0;0;89;0;80;0;
25403;6490733;1021976576;21729280;1116065792;0;0;0;0;0;0;0;0;0;0;0;3817;0;0;89;0;80;0;
25404;7977260;1021976576;21729280;1116065792;0;0;0;0;0;0;0;0;0;0;0;3867;0;0;89;0;80;0;
25405;6975050;1021976576;21729280;1116065792;0;0;0;0;0;0;0;0;0;0;0;4358;0;0;89;0;80;0;
25406;7870130;1021976576;21729280;1116065792;0;0;0;0;0;0;0;0;0;0;0;5841;0;0;89;0;80;0;
25407;7833381;1021976576;21729280;1116065792;0;0;0;0;0;0;0;0;0;0;0;4499;0;0;89;0;80;0;
25408;9274543;1021976576;21729280;1116065792;0;0;0;0;0;0;0;0;0;0;0;4729;0;0;89;0;80;0;
25409;6458923;1021976576;21729280;1116065792;0;0;0;0;0;0;0;0;0;0;0;4008;0;0;89;0;80;0;
25410;7868185;1021976576;21729280;1116065792;0;0;0;0;0;0;0;0;0;0;0;4728;0;0;89;0;80;0;
25411;7157443;1021976576;21729280;1116065792;0;0;0;0;0;0;0;0;0;0;0;3236;0;0;89;0;80;0;
25412;7510625;1021976576;21729280;1116065792;0;0;0;0;0;0;0;0;0;0;0;5430;0;0;89;0;80;0;
25413;6163088;1021976576;21729280;1116065792;0;0;0;0;0;0;0;0;0;0;0;4489;0;0;89;0;80;0;
25414;7115213;1021976576;21729280;1116065792;0;0;0;0;0;0;0;0;0;0;0;3927;0;0;89;0;80;0;
25415;9896701;1021976576;21729280;1116065792;0;0;0;0;0;0;0;0;0;0;0;5150;0;0;89;0;80;0;
25416;9067475;1021976576;21729280;1116065792;0;0;0;0;0;0;0;0;0;0;0;5270;0;0;89;0;80;0;
25417;7378888;1021976576;21729280;1116065792;0;0;0;0;0;0;0;0;0;0;0;3957;0;0;89;0;80;0;
25418;6176133;1021976576;21729280;1116065792;0;0;0;0;0;0;0;0;0;0;0;5511;0;0;89;0;80;0;
25419;6751572;1021976576;21729280;1116065792;0;0;0;0;0;0;0;0;0;0;0;2976;0;0;89;0;80;0;
25420;6329320;1021976576;21729280;1116065792;0;0;0;0;0;0;0;0;0;0;0;3667;0;0;89;0;80;0;
25421;6256323;1021976576;21729280;1116065792;0;0;0;0;0;0;0;0;0;0;0;4398;0;0;89;0;80;0;
25422;6500862;1021976576;21729280;1116065792;0;0;0;0;0;0;0;0;0;0;0;4528;0;0;89;0;80;0;
25423;6319742;1021976576;21729280;1116065792;0;0;0;0;0;0;0;0;0;0;0;3046;0;0;89;0;80;0;
25424;6481656;1021976576;21729280;1116065792;0;0;0;0;0;0;0;0;0;0;0;4178;0;0;89;0;80;0;
25425;5374009;1021976576;21729280;1116065792;0;0;0;0;0;0;0;0;0;0;0;3506;0;0;89;0;80;0;
25426;5467834;1021976576;21729280;1116065792;0;0;0;0;0;0;0;0;0;0;0;4228;0;0;89;0;80;0;
25427;5981227;1021976576;21729280;1116065792;0;0;0;0;0;0;0;0;0;0;0;3797;0;0;89;0;80;0;
25428;5442056;1021976576;21729280;1116065792;0;0;0;0;0;0;0;0;0;0;0;3848;0;0;89;0;80;0;
25429;5324706;1021976576;21729280;1116065792;0;0;0;0;0;0;0;0;0;0;0;3156;0;0;89;0;80;0;
25430;15433283;1021976576;21729280;1116065792;0;0;0;0;0;0;0;0;0;0;0;5209;0;0;89;0;80;0;
25431;6305134;1021976576;21729280;1116065792;0;0;0;0;0;0;0;0;0;0;0;4057;0;0;89;0;80;0;
25432;4631887;1021976576;21729280;1116065792;0;0;0;0;0;0;0;0;0;0;0;3106;0;0;89;0;80;0;
25433;6027303;1021976576;21729280;1116065792;0;0;0;0;0;0;0;0;0;0;0;2815;0;0;89;0;80;0;
25434;4425790;1021976576;21729280;1116065792;0;0;0;0;0;0;0;0;0;0;0;2995;0;0;89;0;80;0;
25435;4562096;1021976576;21729280;1116065792;0;0;0;0;0;0;0;0;0;0;0;2584;0;0;89;0;80;0;
25436;4237076;1021976576;21729280;1116065792;0;0;0;0;0;0;0;0;0;0;0;3346;0;0;89;0;80;0;
25437;5450562;1021976576;21729280;1116065792;0;0;0;0;0;0;0;0;0;0;0;3085;0;0;89;0;80;0;
25438;4732776;1021976576;21729280;1116065792;0;0;0;0;0;0;0;0;0;0;0;4098;0;0;89;0;80;0;
25439;6451059;1021976576;21729280;1116065792;0;0;0;0;0;0;0;0;0;0;0;3386;0;0;89;0;80;0;
25440;4541026;1021976576;21729280;1116065792;0;0;0;0;0;0;0;0;0;0;0;4107;0;0;89;0;80;0;
25441;6154342;1021976576;21733376;1116069888;0;0;0;0;0;0;0;0;0;0;0;5500;0;0;89;0;80;0;
25442;5191165;1021976576;21737472;1116073984;0;0;0;0;0;0;0;0;0;0;0;3897;0;0;89;0;80;0;
25443;6082777;1021976576;21737472;1116073984;0;0;0;0;0;0;0;0;0;0;0;3236;0;0;89;0;80;0;
25444;5818522;1021976576;21737472;1116073984;0;0;0;0;0;0;0;0;0;0;0;4278;0;0;89;0;80;0;
25445;6119777;1021976576;21737472;1116073984;0;0;0;0;0;0;0;0;0;0;0;3838;0;0;89;0;80;0;
25446;5260836;1021976576;21737472;1116073984;0;0;0;0;0;0;0;0;0;0;0;4308;0;0;89;0;80;0;
25447;5267338;1021976576;21737472;1116073984;0;0;0;0;0;0;0;0;0;0;0;3566;0;0;89;0;80;0;
25448;5928769;1021976576;21729280;1116065792;0;0;0;0;0;0;0;0;0;0;0;4398;0;0;89;0;80;0;
25449;5220360;1021976576;21729280;1116065792;0;0;0;0;0;0;0;0;0;0;0;2845;0;0;89;0;80;0;
25450;6377521;1021976576;21729280;1116065792;0;0;0;0;0;0;0;0;0;0;0;4518;0;0;89;0;80;0;
25451;5938377;1021976576;21729280;1116065792;0;0;0;0;0;0;0;0;0;0;0;4058;0;0;89;0;80;0;
25452;5500215;1021976576;21729280;1116065792;0;0;0;0;0;0;0;0;0;0;0;3867;0;0;89;0;80;0;
25453;6192744;1021976576;21729280;1116065792;0;0;0;0;0;0;0;0;0;0;0;3827;0;0;89;0;80;0;
25454;4611278;1021976576;21729280;1116065792;0;0;0;0;0;0;0;0;0;0;0;2766;0;0;89;0;80;0;
25455;5937776;1021976576;21729280;1116065792;0;0;0;0;0;0;0;0;0;0;0;3126;0;0;89;0;80;0;
25456;3237151;1021976576;21729280;1116065792;0;0;0;0;0;0;0;0;0;0;0;2925;0;0;89;0;80;0;
25457;5406028;1021976576;21729280;1116065792;0;0;0;0;0;0;0;0;0;0;0;3096;0;0;89;0;80;0;
25458;4965402;1021976576;21729280;1116065792;0;0;0;0;0;0;0;0;0;0;0;3176;0;0;89;0;80;0;
25459;6228511;1021976576;21729280;1116065792;0;0;0;0;0;0;0;0;0;0;0;3757;0;0;89;0;80;0;
25460;4751581;1021976576;21729280;1116065792;0;0;0;0;0;0;0;0;0;0;0;2695;0;0;89;0;80;0;
25461;5441986;1021976576;21729280;1116065792;0;0;0;0;0;0;0;0;0;0;0;2826;0;0;89;0;80;0;
25462;4789793;1021976576;21729280;1116065792;0;0;0;0;0;0;0;0;0;0;0;3105;0;0;89;0;80;0;
25463;6226176;1021976576;21729280;1116065792;0;0;0;0;0;0;0;0;0;0;0;2494;0;0;89;0;80;0;
25464;4331243;1021976576;21729280;1116065792;0;0;0;0;0;0;0;0;0;0;0;3176;0;0;89;0;80;0;
25465;6126339;1021976576;21729280;1116065792;0;0;0;0;0;0;0;0;0;0;0;2745;0;0;89;0;80;0;
25466;4336914;1021976576;21729280;1116065792;0;0;0;0;0;0;0;0;0;0;0;3346;0;0;89;0;80;0;
25467;5777324;1021976576;21729280;1116065792;0;0;0;0;0;0;0;0;0;0;0;3076;0;0;89;0;80;0;
25468;5428060;1021976576;21729280;1116065792;0;0;0;0;0;0;0;0;0;0;0;3948;0;0;89;0;80;0;
25469;7212125;1027239936;28344320;1122680832;0;0;0;0;0;0;0;0;0;0;0;3337;0;0;89;0;80;0;
25470;4917171;1027239936;28344320;1122680832;0;0;0;0;0;0;0;0;0;0;0;4088;0;0;89;0;80;0;
25471;6180751;1027239936;28344320;1122680832;0;0;0;0;0;0;0;0;0;0;0;3396;0;0;89;0;80;0;
25472;5179173;1027239936;28344320;1122680832;0;0;0;0;0;0;0;0;0;0;0;3266;0;0;89;0;80;0;
25473;6208774;1027239936;28344320;1122680832;0;0;0;0;0;0;0;0;0;0;0;3125;0;0;89;0;80;0;
25474;6488268;1027239936;28344320;1122680832;0;0;0;0;0;0;0;0;0;0;0;3316;0;0;89;0;80;0;
25475;5563513;1027239936;28344320;1122680832;0;0;0;0;0;0;0;0;0;0;0;3316;0;0;89;0;80;0;
25476;4511049;1027239936;28344320;1122680832;0;0;0;0;0;0;0;0;0;0;0;2945;0;0;89;0;80;0;
25477;6547399;1027239936;28344320;1122680832;0;0;0;0;0;0;0;0;0;0;0;2675;0;0;89;0;80;0;
25478;5961981;1021976576;21729280;1116065792;0;0;0;0;0;0;0;0;0;0;0;3236;0;0;89;0;80;0;
25479;4790023;1021976576;21729280;1116065792;0;0;0;0;0;0;0;0;0;0;0;2815;0;0;89;0;80;0;
25480;5220160;1021976576;21729280;1116065792;0;0;0;0;0;0;0;0;0;0;0;3306;0;0;89;0;80;0;
25481;5893292;1021976576;21729280;1116065792;0;0;0;0;0;0;0;0;0;0;0;2645;0;0;89;0;80;0;
25482;4876505;1021976576;21729280;1116065792;0;0;0;0;0;0;0;0;0;0;0;3938;0;0;89;0;80;0;
25483;6805614;1021976576;21729280;1116065792;0;0;0;0;0;0;0;0;0;0;0;3036;0;0;89;0;80;0;
25484;4673695;1021976576;21729280;1116065792;0;0;0;0;0;0;0;0;0;0;0;2766;0;0;89;0;80;0;
25485;6663877;1021976576;21729280;1116065792;0;0;0;0;0;0;0;0;0;0;0;2815;0;0;89;0;80;0;
25486;3442476;1021976576;21729280;1116065792;0;0;0;0;0;0;0;0;0;0;0;2955;0;0;89;0;80;0;
25487;6256474;1021976576;21729280;1116065792;0;0;0;0;0;0;0;0;0;0;0;2905;0;0;89;0;80;0;
25488;4107674;1021976576;21729280;1116065792;0;0;0;0;0;0;0;0;0;0;0;3116;0;0;89;0;80;0;
25489;5726649;1021976576;21729280;1116065792;0;0;0;0;0;0;0;0;0;0;0;2705;0;0;89;0;80;0;
25490;4278313;1021976576;21729280;1116065792;0;0;0;0;0;0;0;0;0;0;0;2935;0;0;89;0;80;0;
25491;6130267;1021976576;21729280;1116065792;0;0;0;0;0;0;0;0;0;0;0;2996;0;0;89;0;80;0;
25492;5923308;1021976576;21729280;1116065792;0;0;0;0;0;0;0;0;0;0;0;4067;0;0;89;0;80;0;
25493;6176994;1027239936;28344320;1122680832;0;0;0;0;0;0;0;0;0;0;0;2995;0;0;89;0;80;0;
25494;4979138;1027239936;28344320;1122680832;0;0;0;0;0;0;0;0;0;0;0;4258;0;0;89;0;80;0;
25495;6317828;1027239936;28344320;1122680832;0;0;0;0;0;0;0;0;0;0;0;3045;0;0;89;0;80;0;
25496;4321395;1027239936;28344320;1122680832;0;0;0;0;0;0;0;0;0;0;0;3778;0;0;89;0;80;0;
25497;6822996;1027239936;28344320;1122680832;0;0;0;0;0;0;0;0;0;0;0;2665;0;0;89;0;80;0;
25498;6017666;1027239936;28344320;1122680832;0;0;0;0;0;0;0;0;0;0;0;3467;0;0;89;0;80;0;
25499;6714623;1027239936;28344320;1122680832;0;0;0;0;0;0;0;0;0;0;0;3547;0;0;89;0;80;0;
25500;5419434;1027239936;28344320;1122680832;0;0;0;0;0;0;0;0;0;0;0;2866;0;0;89;0;80;0;
25501;5078935;1027239936;28344320;1122680832;0;0;0;0;0;0;0;0;0;0;0;2635;0;0;89;0;80;0;
25502;3727520;1021976576;21729280;1116065792;0;0;0;0;0;0;0;0;0;0;0;3296;0;0;89;0;80;0;
25503;5364209;1021976576;21729280;1116065792;0;0;0;0;0;0;0;0;0;0;0;3707;0;0;89;0;80;0;
25504;5508240;1021976576;21729280;1116065792;0;0;0;0;0;0;0;0;0;0;0;3948;0;0;89;0;80;0;
25505;5165868;1021976576;21729280;1116065792;0;0;0;0;0;0;0;0;0;0;0;3456;0;0;89;0;80;0;
25506;4382840;1021976576;21729280;1116065792;0;0;0;0;0;0;0;0;0;0;0;3817;0;0;89;0;80;0;
25507;5254424;1021976576;21729280;1116065792;0;0;0;0;0;0;0;0;0;0;0;3397;0;0;89;0;80;0;
25508;5271937;1021976576;21729280;1116065792;0;0;0;0;0;0;0;0;0;0;0;3717;0;0;89;0;80;0;
25509;5277207;1021976576;21729280;1116065792;0;0;0;0;0;0;0;0;0;0;0;2725;0;0;89;0;80;0;
25510;3844600;1021976576;21729280;1116065792;0;0;0;0;0;0;0;0;0;0;0;3116;0;0;89;0;80;0;
25511;5951080;1021976576;21729280;1116065792;0;0;0;0;0;0;0;0;0;0;0;2745;0;0;89;0;80;0;
25512;4498677;1021976576;21729280;1116065792;0;0;0;0;0;0;0;0;0;0;0;3547;0;0;89;0;80;0;
25513;5811569;1021976576;21729280;1116065792;0;0;0;0;0;0;0;0;0;0;0;3307;0;0;89;0;80;0;
25514;5362025;1021976576;21729280;1116065792;0;0;0;0;0;0;0;0;0;0;0;3586;0;0;89;0;80;0;
25515;5332591;1021976576;21729280;1116065792;0;0;0;0;0;0;0;0;0;0;0;3146;0;0;89;0;80;0;
25516;4521049;1021976576;21729280;1116065792;0;0;0;0;0;0;0;0;0;0;0;3416;0;0;89;0;80;0;
25517;7373778;1027239936;28344320;1122680832;0;0;0;0;0;0;0;0;0;0;0;3216;0;0;89;0;80;0;
25518;3711079;1027239936;28344320;1122680832;0;0;0;0;0;0;0;0;0;0;0;2976;0;0;89;0;80;0;
25519;4786757;1027239936;28344320;1122680832;0;0;0;0;0;0;0;0;0;0;0;2906;0;0;89;0;80;0;
25520;4310253;1027239936;28344320;1122680832;0;0;0;0;0;0;0;0;0;0;0;3016;0;0;89;0;80;0;
25521;4899999;1027239936;28344320;1122680832;0;0;0;0;0;0;0;0;0;0;0;2885;0;0;89;0;80;0;
25522;4679256;1027239936;28344320;1122680832;0;0;0;0;0;0;0;0;0;0;0;3397;0;0;89;0;80;0;
25523;5830634;1027239936;28344320;1122680832;0;0;0;0;0;0;0;0;0;0;0;3207;0;0;89;0;80;0;
25524;5490587;1027239936;28344320;1122680832;0;0;0;0;0;0;0;0;0;0;0;81193;0;0;89;0;80;0;
25525;5091990;1027239936;28344320;1122680832;0;0;0;0;0;0;0;0;0;0;0;2915;0;0;89;0;80;0;
25526;5478454;1021976576;21729280;1116065792;0;0;0;0;0;0;0;0;0;0;0;2584;0;0;89;0;80;0;
25527;5802853;1021976576;21729280;1116065792;0;0;0;0;0;0;0;0;0;0;0;2816;0;0;89;0;80;0;
25528;3869808;1021976576;21729280;1116065792;0;0;0;0;0;0;0;0;0;0;0;3005;0;0;89;0;80;0;
25529;4813878;1021976576;21729280;1116065792;0;0;0;0;0;0;0;0;0;0;0;2975;0;0;89;0;80;0;
25530;5291093;1021976576;21729280;1116065792;0;0;0;0;0;0;0;0;0;0;0;4228;0;0;89;0;80;0;
25531;6246074;1021976576;21729280;1116065792;0;0;0;0;0;0;0;0;0;0;0;2995;0;0;89;0;80;0;
25532;2777258;1021976576;21729280;1116065792;0;0;0;0;0;0;0;0;0;0;0;2916;0;0;89;0;80;0;
25533;5207095;1021976576;21729280;1116065792;0;0;0;0;0;0;0;0;0;0;0;2484;0;0;89;0;80;0;
25534;6504468;1021976576;21729280;1116065792;0;0;0;0;0;0;0;0;0;0;0;3196;0;0;89;0;80;0;
25535;6793280;1021976576;21729280;1116065792;0;0;0;0;0;0;0;0;0;0;0;3737;0;0;89;0;80;0;
25536;7905055;1021976576;21729280;1116065792;0;0;0;0;0;0;0;0;0;0;0;3948;0;0;89;0;80;0;
25537;7436847;1021976576;21729280;1116065792;0;0;0;0;0;0;0;0;0;0;0;4047;0;0;89;0;80;0;
25538;5076060;1021976576;21729280;1116065792;0;0;0;0;0;0;0;0;0;0;0;3727;0;0;89;0;80;0;
25539;5928227;1021976576;21729280;1116065792;0;0;0;0;0;0;0;0;0;0;0;3276;0;0;89;0;80;0;
25540;6328919;1021976576;21729280;1116065792;0;0;0;0;0;0;0;0;0;0;0;3907;0;0;89;0;80;0;
25541;8869143;1027239936;28344320;1122680832;0;0;0;0;0;0;0;0;0;0;0;6452;0;0;89;0;80;0;
25542;6928103;1027239936;28344320;1122680832;0;0;0;0;0;0;0;0;0;0;0;5230;0;0;89;0;80;0;
25543;7180687;1027239936;28344320;1122680832;0;0;0;0;0;0;0;0;0;0;0;5370;0;0;89;0;80;0;
25544;7163054;1027239936;28344320;1122680832;0;0;0;0;0;0;0;0;0;0;0;4739;0;0;89;0;80;0;
25545;5766504;1027239936;28344320;1122680832;0;0;0;0;0;0;0;0;0;0;0;2555;0;0;89;0;80;0;
25546;6337586;1027239936;28344320;1122680832;0;0;0;0;0;0;0;0;0;0;0;5069;0;0;89;0;80;0;
25547;7096649;1027239936;28344320;1122680832;0;0;0;0;0;0;0;0;0;0;0;4758;0;0;89;0;80;0;
25548;5974144;1027239936;28344320;1122680832;0;0;0;0;0;0;0;0;0;0;0;5200;0;0;89;0;80;0;
25549;6899520;1027239936;28344320;1122680832;0;0;0;0;0;0;0;0;0;0;0;4689;0;0;89;0;80;0;
25550;4917943;1021976576;21729280;1116065792;0;0;0;0;0;0;0;0;0;0;0;4910;0;0;89;0;80;0;
25551;6573007;1021976576;21729280;1116065792;0;0;0;0;0;0;0;0;0;0;0;4548;0;0;89;0;80;0;
25552;7731449;1021976576;21729280;1116065792;0;0;0;0;0;0;0;0;0;0;0;4418;0;0;89;0;80;0;
25553;6121139;1021976576;21729280;1116065792;0;0;0;0;0;0;0;0;0;0;0;3396;0;0;89;0;80;0;
25554;5507779;1021976576;21729280;1116065792;0;0;0;0;0;0;0;0;0;0;0;5109;0;0;89;0;80;0;
25555;5467623;1021976576;21729280;1116065792;0;0;0;0;0;0;0;0;0;0;0;2956;0;0;89;0;80;0;
25556;5732520;1021976576;21729280;1116065792;0;0;0;0;0;0;0;0;0;0;0;4428;0;0;89;0;80;0;
25557;5171960;1021976576;21729280;1116065792;0;0;0;0;0;0;0;0;0;0;0;2986;0;0;89;0;80;0;
25558;5759110;1021976576;21729280;1116065792;0;0;0;0;0;0;0;0;0;0;0;5040;0;0;89;0;80;0;
25559;6268436;1021976576;21729280;1116065792;0;0;0;0;0;0;0;0;0;0;0;4108;0;0;89;0;80;0;
25560;5548155;1021976576;21729280;1116065792;0;0;0;0;0;0;0;0;0;0;0;4028;0;0;89;0;80;0;
25561;7598430;1021976576;21729280;1116065792;0;0;0;0;0;0;0;0;0;0;0;4830;0;0;89;0;80;0;
25562;7699890;1021976576;21729280;1116065792;0;0;0;0;0;0;0;0;0;0;0;5841;0;0;89;0;80;0;
25563;6134103;1021976576;21729280;1116065792;0;0;0;0;0;0;0;0;0;0;0;3707;0;0;89;0;80;0;
25564;6418928;1021976576;21729280;1116065792;0;0;0;0;0;0;0;0;0;0;0;5189;0;0;89;0;80;0;
25565;5957663;1021976576;21729280;1116065792;0;0;0;0;0;0;0;0;0;0;0;3196;0;0;89;0;80;0;
25566;5409986;1021976576;21729280;1116065792;0;0;0;0;0;0;0;0;0;0;0;4478;0;0;89;0;80;0;
25567;6573838;1021976576;21729280;1116065792;0;0;0;0;0;0;0;0;0;0;0;3867;0;0;89;0;80;0;
25568;4914616;1021976576;21729280;1116065792;0;0;0;0;0;0;0;0;0;0;0;5039;0;0;89;0;80;0;
25569;6260701;1021976576;21729280;1116065792;0;0;0;0;0;0;0;0;0;0;0;4528;0;0;89;0;80;0;
25570;6057520;1021976576;21729280;1116065792;0;0;0;0;0;0;0;0;0;0;0;7304;0;0;89;0;80;0;
25571;7501668;1021976576;21729280;1116065792;0;0;0;0;0;0;0;0;0;0;0;3897;0;0;89;0;80;0;
25572;6008118;1021976576;21729280;1116065792;0;0;0;0;0;0;0;0;0;0;0;4098;0;0;89;0;80;0;
25573;6865445;1021976576;21729280;1116065792;0;0;0;0;0;0;0;0;0;0;0;4629;0;0;89;0;80;0;
25574;5494084;1021976576;21729280;1116065792;0;0;0;0;0;0;0;0;0;0;0;3687;0;0;89;0;80;0;
25575;8452933;1021976576;21729280;1116065792;0;0;0;0;0;0;0;0;0;0;0;4378;0;0;89;0;80;0;
25576;6385204;1021976576;21729280;1116065792;0;0;0;0;0;0;0;0;0;0;0;4789;0;0;89;0;80;0;
25577;6872930;1021976576;21729280;1116065792;0;0;0;0;0;0;0;0;0;0;0;3968;0;0;89;0;80;0;
25578;6410643;1021976576;21729280;1116065792;0;0;0;0;0;0;0;0;0;0;0;4258;0;0;89;0;80;0;
25579;6869022;1021976576;21729280;1116065792;0;0;0;0;0;0;0;0;0;0;0;5751;0;0;89;0;80;0;
25580;9204281;1021976576;21729280;1116065792;0;0;0;0;0;0;0;0;0;0;0;4859;0;0;89;0;80;0;
25581;6786677;1021976576;21729280;1116065792;0;0;0;0;0;0;0;0;0;0;0;4158;0;0;89;0;80;0;
25582;6621438;1021976576;21729280;1116065792;0;0;0;0;0;0;0;0;0;0;0;4678;0;0;89;0;80;0;
25583;6587564;1021976576;21729280;1116065792;0;0;0;0;0;0;0;0;0;0;0;5430;0;0;89;0;80;0;
25584;4852831;1021976576;21729280;1116065792;0;0;0;0;0;0;0;0;0;0;0;4899;0;0;89;0;80;0;
25585;7590024;1021976576;21729280;1116065792;0;0;0;0;0;0;0;0;0;0;0;5330;0;0;89;0;80;0;
25586;6045448;1021976576;21729280;1116065792;0;0;0;0;0;0;0;0;0;0;0;4869;0;0;89;0;80;0;
25587;7954467;1021976576;21729280;1116065792;0;0;0;0;0;0;0;0;0;0;0;4118;0;0;89;0;80;0;
25588;6698743;1021976576;21729280;1116065792;0;0;0;0;0;0;0;0;0;0;0;3686;0;0;89;0;80;0;
25589;7548877;1021976576;21729280;1116065792;0;0;0;0;0;0;0;0;0;0;0;4388;0;0;89;0;80;0;
25590;4778892;1021976576;21729280;1116065792;0;0;0;0;0;0;0;0;0;0;0;4398;0;0;89;0;80;0;
25591;7286305;1021976576;21729280;1116065792;0;0;0;0;0;0;0;0;0;0;0;5600;0;0;89;0;80;0;
25592;7632454;1021976576;21729280;1116065792;0;0;0;0;0;0;0;0;0;0;0;4849;0;0;89;0;80;0;
25593;6640945;1021976576;21729280;1116065792;0;0;0;0;0;0;0;0;0;0;0;4409;0;0;89;0;80;0;
25594;6922262;1021976576;21729280;1116065792;0;0;0;0;0;0;0;0;0;0;0;4859;0;0;89;0;80;0;
25595;6375827;1021976576;21729280;1116065792;0;0;0;0;0;0;0;0;0;0;0;3737;0;0;89;0;80;0;
25596;5097539;1021976576;21729280;1116065792;0;0;0;0;0;0;0;0;0;0;0;3636;0;0;89;0;80;0;
25597;6923003;1021976576;21729280;1116065792;0;0;0;0;0;0;0;0;0;0;0;3136;0;0;89;0;80;0;
25598;5562331;1021976576;21729280;1116065792;0;0;0;0;0;0;0;0;0;0;0;4659;0;0;89;0;80;0;
25599;5766755;1021976576;21729280;1116065792;0;0;0;0;0;0;0;0;0;0;0;3186;0;0;89;0;80;0;
25600;5517998;1021976576;21729280;1116065792;0;0;0;0;0;0;0;0;0;0;0;3687;0;0;89;0;80;0;
25601;8094571;1021976576;21729280;1116065792;0;0;0;0;0;0;0;0;0;0;0;3055;0;0;89;0;80;0;
25602;8380357;1021976576;21729280;1116065792;0;0;0;0;0;0;0;0;0;0;0;4018;0;0;89;0;80;0;
25603;6211579;1021976576;21729280;1116065792;0;0;0;0;0;0;0;0;0;0;0;4227;0;0;89;0;80;0;
25604;6758515;1021976576;21729280;1116065792;0;0;0;0;0;0;0;0;0;0;0;4939;0;0;89;0;80;0;
25605;6289876;1021976576;21729280;1116065792;0;0;0;0;0;0;0;0;0;0;0;3346;0;0;89;0;80;0;
25606;7473345;1021976576;21729280;1116065792;0;0;0;0;0;0;0;0;0;0;0;4248;0;0;89;0;80;0;
25607;7368749;1021976576;21729280;1116065792;0;0;0;0;0;0;0;0;0;0;0;5170;0;0;89;0;80;0;
25608;7675434;1021976576;21729280;1116065792;0;0;0;0;0;0;0;0;0;0;0;4458;0;0;89;0;80;0;
25609;7250076;1021976576;21729280;1116065792;0;0;0;0;0;0;0;0;0;0;0;3647;0;0;89;0;80;0;
25610;6042643;1021976576;21729280;1116065792;0;0;0;0;0;0;0;0;0;0;0;4658;0;0;89;0;80;0;
25611;6933493;1021976576;21729280;1116065792;0;0;0;0;0;0;0;0;0;0;0;4548;0;0;89;0;80;0;
25612;6523924;1021976576;21729280;1116065792;0;0;0;0;0;0;0;0;0;0;0;4599;0;0;89;0;80;0;
25613;6550775;1021976576;21729280;1116065792;0;0;0;0;0;0;0;0;0;0;0;3967;0;0;89;0;80;0;
25614;4699934;1021976576;21729280;1116065792;0;0;0;0;0;0;0;0;0;0;0;4449;0;0;89;0;80;0;
25615;6984669;1021976576;21729280;1116065792;0;0;0;0;0;0;0;0;0;0;0;4167;0;0;89;0;80;0;
25616;6190830;1021976576;21729280;1116065792;0;0;0;0;0;0;0;0;0;0;0;4899;0;0;89;0;80;0;
25617;6986923;1021976576;21729280;1116065792;0;0;0;0;0;0;0;0;0;0;0;4278;0;0;89;0;80;0;
25618;6222900;1021976576;21729280;1116065792;0;0;0;0;0;0;0;0;0;0;0;3867;0;0;89;0;80;0;
25619;5788366;1021976576;21729280;1116065792;0;0;0;0;0;0;0;0;0;0;0;3987;0;0;89;0;80;0;
25620;6932772;1021976576;21729280;1116065792;0;0;0;0;0;0;0;0;0;0;0;4669;0;0;89;0;80;0;
25621;6202663;1021976576;21729280;1116065792;0;0;0;0;0;0;0;0;0;0;0;3496;0;0;89;0;80;0;
25622;6222820;1021976576;21729280;1116065792;0;0;0;0;0;0;0;0;0;0;0;4007;0;0;89;0;80;0;
25623;5654554;1021976576;21729280;1116065792;0;0;0;0;0;0;0;0;0;0;0;3477;0;0;89;0;80;0;
25624;6117403;1021976576;21729280;1116065792;0;0;0;0;0;0;0;0;0;0;0;4038;0;0;89;0;80;0;
25625;6186873;1021976576;21729280;1116065792;0;0;0;0;0;0;0;0;0;0;0;3196;0;0;89;0;80;0;
25626;4612991;1021976576;21729280;1116065792;0;0;0;0;0;0;0;0;0;0;0;4167;0;0;89;0;80;0;
25627;5365572;1021976576;21729280;1116065792;0;0;0;0;0;0;0;0;0;0;0;3196;0;0;89;0;80;0;
25628;5756446;1021976576;21729280;1116065792;0;0;0;0;0;0;0;0;0;0;0;3948;0;0;89;0;80;0;
25629;6042201;1021976576;21729280;1116065792;0;0;0;0;0;0;0;0;0;0;0;3456;0;0;89;0;80;0;
25630;5417139;1021976576;21729280;1116065792;0;0;0;0;0;0;0;0;0;0;0;3967;0;0;89;0;80;0;
25631;5868787;1021976576;21729280;1116065792;0;0;0;0;0;0;0;0;0;0;0;3206;0;0;89;0;80;0;
25632;5826807;1021976576;21729280;1116065792;0;0;0;0;0;0;0;0;0;0;0;3917;0;0;89;0;80;0;
25633;6094770;1021976576;21729280;1116065792;0;0;0;0;0;0;0;0;0;0;0;4859;0;0;89;0;80;0;
25634;5548435;1021976576;21729280;1116065792;0;0;0;0;0;0;0;0;0;0;0;5941;0;0;89;0;80;0;
25635;6642187;1021976576;21729280;1116065792;0;0;0;0;0;0;0;0;0;0;0;5370;0;0;89;0;80;0;
25636;5070049;1024061440;21729280;1116065792;0;0;0;0;0;0;0;0;0;0;0;3948;0;0;89;0;80;0;
25637;5474597;1024061440;21729280;1116065792;0;0;0;0;0;0;0;0;0;0;0;6843;0;0;89;0;80;0;
25638;4952147;1024061440;21729280;1116065792;0;0;0;0;0;0;0;0;0;0;0;3747;0;0;89;0;80;0;
25639;5911617;1024061440;21729280;1116065792;0;0;0;0;0;0;0;0;0;0;0;4128;0;0;89;0;80;0;
25640;6004791;1024061440;21729280;1116065792;0;0;0;0;0;0;0;0;0;0;0;4659;0;0;89;0;80;0;
25641;6508726;1024061440;21729280;1116065792;0;0;0;0;0;0;0;0;0;0;0;3877;0;0;89;0;80;0;
25642;5371324;1024061440;21729280;1116065792;0;0;0;0;0;0;0;0;0;0;0;4007;0;0;89;0;80;0;
25643;6658898;1024061440;21729280;1116065792;0;0;0;0;0;0;0;0;0;0;0;3647;0;0;89;0;80;0;
25644;6776047;1024061440;21729280;1116065792;0;0;0;0;0;0;0;0;0;0;0;4178;0;0;89;0;80;0;
25645;6244080;1024061440;21729280;1116065792;0;0;0;0;0;0;0;0;0;0;0;3657;0;0;89;0;80;0;
25646;4776878;1024061440;21729280;1116065792;0;0;0;0;0;0;0;0;0;0;0;3938;0;0;89;0;80;0;
25647;6589918;1024061440;21729280;1116065792;0;0;0;0;0;0;0;0;0;0;0;44374;0;0;89;0;80;0;
25648;5745475;1024061440;21729280;1116065792;0;0;0;0;0;0;0;0;0;0;0;3907;0;0;89;0;80;0;
25649;6128703;1024061440;21729280;1116065792;0;0;0;0;0;0;0;0;0;0;0;4078;0;0;89;0;80;0;
25650;5154346;1024061440;21729280;1116065792;0;0;0;0;0;0;0;0;0;0;0;3878;0;0;89;0;80;0;
25651;6887396;1024061440;21729280;1116065792;0;0;0;0;0;0;0;0;0;0;0;4197;0;0;89;0;80;0;
25652;5503190;1024061440;21729280;1116065792;0;0;0;0;0;0;0;0;0;0;0;3747;0;0;89;0;80;0;
25653;6321435;1024061440;21729280;1116065792;0;0;0;0;0;0;0;0;0;0;0;3086;0;0;89;0;80;0;
25654;4733838;1024061440;21729280;1116065792;0;0;0;0;0;0;0;0;0;0;0;4238;0;0;89;0;80;0;
25655;6844626;1024061440;21729280;1116065792;0;0;0;0;0;0;0;0;0;0;0;4539;0;0;89;0;80;0;
25656;4834928;1024061440;21729280;1116065792;0;0;0;0;0;0;0;0;0;0;0;4759;0;0;89;0;80;0;
25657;6957848;1029324800;28344320;1122680832;0;0;0;0;0;0;0;0;0;0;0;3707;0;0;89;0;80;0;
25658;5206034;1029324800;28344320;1122680832;0;0;0;0;0;0;0;0;0;0;0;5239;0;0;89;0;80;0;
25659;6117964;1029324800;28344320;1122680832;0;0;0;0;0;0;0;0;0;0;0;3186;0;0;89;0;80;0;
25660;5471521;1029324800;28344320;1122680832;0;0;0;0;0;0;0;0;0;0;0;3686;0;0;89;0;80;0;
25661;5386051;1029324800;28344320;1122680832;0;0;0;0;0;0;0;0;0;0;0;2995;0;0;89;0;80;0;
25662;5136804;1029324800;28344320;1122680832;0;0;0;0;0;0;0;0;0;0;0;3927;0;0;89;0;80;0;
25663;5820065;1029324800;28344320;1122680832;0;0;0;0;0;0;0;0;0;0;0;3076;0;0;89;0;80;0;
25664;4012896;1029324800;28344320;1122680832;0;0;0;0;0;0;0;0;0;0;0;4038;0;0;89;0;80;0;
25665;5739634;1029324800;28344320;1122680832;0;0;0;0;0;0;0;0;0;0;0;3938;0;0;89;0;80;0;
25666;6392288;1024061440;21729280;1116065792;0;0;0;0;0;0;0;0;0;0;0;5230;0;0;89;0;80;0;
25667;6460175;1024061440;21729280;1116065792;0;0;0;0;0;0;0;0;0;0;0;3557;0;0;89;0;80;0;
25668;6444065;1024061440;21729280;1116065792;0;0;0;0;0;0;0;0;0;0;0;3948;0;0;89;0;80;0;
25669;6085733;1024061440;21729280;1116065792;0;0;0;0;0;0;0;0;0;0;0;4529;0;0;89;0;80;0;
25670;7302936;1024061440;21729280;1116065792;0;0;0;0;0;0;0;0;0;0;0;5320;0;0;89;0;80;0;
25671;5814705;1024061440;21729280;1116065792;0;0;0;0;0;0;0;0;0;0;0;4008;0;0;89;0;80;0;
25672;6046349;1024061440;21729280;1116065792;0;0;0;0;0;0;0;0;0;0;0;4128;0;0;89;0;80;0;
25673;5829141;1024061440;21729280;1116065792;0;0;0;0;0;0;0;0;0;0;0;3557;0;0;89;0;80;0;
25674;5967952;1024061440;21729280;1116065792;0;0;0;0;0;0;0;0;0;0;0;3777;0;0;89;0;80;0;
25675;5695812;1024061440;21729280;1116065792;0;0;0;0;0;0;0;0;0;0;0;2915;0;0;89;0;80;0;
25676;6381027;1024061440;21729280;1116065792;0;0;0;0;0;0;0;0;0;0;0;3687;0;0;89;0;80;0;
25677;5285682;1024061440;21729280;1116065792;0;0;0;0;0;0;0;0;0;0;0;3577;0;0;89;0;80;0;
25678;5351045;1024061440;21729280;1116065792;0;0;0;0;0;0;0;0;0;0;0;3426;0;0;89;0;80;0;
25679;5678159;1024061440;21729280;1116065792;0;0;0;0;0;0;0;0;0;0;0;2595;0;0;89;0;80;0;
25680;3786872;1024061440;21729280;1116065792;0;0;0;0;0;0;0;0;0;0;0;3166;0;0;89;0;80;0;
25681;6055226;1029324800;28344320;1122680832;0;0;0;0;0;0;0;0;0;0;0;3587;0;0;89;0;80;0;
25682;4511270;1029324800;28344320;1122680832;0;0;0;0;0;0;0;0;0;0;0;2655;0;0;89;0;80;0;
25683;4917563;1029324800;28344320;1122680832;0;0;0;0;0;0;0;0;0;0;0;2876;0;0;89;0;80;0;
25684;5239496;1029324800;28344320;1122680832;0;0;0;0;0;0;0;0;0;0;0;3527;0;0;89;0;80;0;
25685;5961410;1029324800;28344320;1122680832;0;0;0;0;0;0;0;0;0;0;0;3056;0;0;89;0;80;0;
25686;5297044;1029324800;28344320;1122680832;0;0;0;0;0;0;0;0;0;0;0;3757;0;0;89;0;80;0;
25687;5690612;1029324800;28344320;1122680832;0;0;0;0;0;0;0;0;0;0;0;3046;0;0;89;0;80;0;
25688;5133157;1029324800;28344320;1122680832;0;0;0;0;0;0;0;0;0;0;0;3316;0;0;89;0;80;0;
25689;5389398;1029324800;28344320;1122680832;0;0;0;0;0;0;0;0;0;0;0;2996;0;0;89;0;80;0;
25690;3774379;1024061440;21729280;1116065792;0;0;0;0;0;0;0;0;0;0;0;3336;0;0;89;0;80;0;
25691;5299569;1024061440;21729280;1116065792;0;0;0;0;0;0;0;0;0;0;0;2465;0;0;89;0;80;0;
25692;4432383;1024061440;21729280;1116065792;0;0;0;0;0;0;0;0;0;0;0;3476;0;0;89;0;80;0;
25693;5218276;1024061440;21729280;1116065792;0;0;0;0;0;0;0;0;0;0;0;2485;0;0;89;0;80;0;
25694;4808037;1024061440;21729280;1116065792;0;0;0;0;0;0;0;0;0;0;0;3616;0;0;89;0;80;0;
25695;5232372;1024061440;21729280;1116065792;0;0;0;0;0;0;0;0;0;0;0;3186;0;0;89;0;80;0;
25696;4536308;1024061440;21729280;1116065792;0;0;0;0;0;0;0;0;0;0;0;3446;0;0;89;0;80;0;
25697;5712804;1024061440;21733376;1116069888;0;0;0;0;0;0;0;0;0;0;0;3476;0;0;89;0;80;0;
25698;3877332;1024061440;21737472;1116073984;0;0;0;0;0;0;0;0;0;0;0;7174;0;0;89;0;80;0;
25699;5538086;1024061440;21737472;1116073984;0;0;0;0;0;0;0;0;0;0;0;3005;0;0;89;0;80;0;
25700;4877768;1024061440;21737472;1116073984;0;0;0;0;0;0;0;0;0;0;0;3958;0;0;89;0;80;0;
25701;5532827;1024061440;21737472;1116073984;0;0;0;0;0;0;0;0;0;0;0;2715;0;0;89;0;80;0;
25702;5340095;1024061440;21737472;1116073984;0;0;0;0;0;0;0;0;0;0;0;3216;0;0;89;0;80;0;
25703;5554998;1024061440;21737472;1116073984;0;0;0;0;0;0;0;0;0;0;0;4298;0;0;89;0;80;0;
25704;4616307;1024061440;21729280;1116065792;0;0;0;0;0;0;0;0;0;0;0;3797;0;0;89;0;80;0;
25705;7635340;1029324800;28344320;1122680832;0;0;0;0;0;0;0;0;0;0;0;4629;0;0;89;0;80;0;
25706;4600718;1029324800;28344320;1122680832;0;0;0;0;0;0;0;0;0;0;0;3857;0;0;89;0;80;0;
25707;6072358;1029324800;28344320;1122680832;0;0;0;0;0;0;0;0;0;0;0;4068;0;0;89;0;80;0;
25708;5889535;1029324800;28344320;1122680832;0;0;0;0;0;0;0;0;0;0;0;4409;0;0;89;0;80;0;
25709;5139278;1029324800;28344320;1122680832;0;0;0;0;0;0;0;0;0;0;0;3387;0;0;89;0;80;0;
25710;4482827;1029324800;28344320;1122680832;0;0;0;0;0;0;0;0;0;0;0;3236;0;0;89;0;80;0;
25711;6513726;1029324800;28344320;1122680832;0;0;0;0;0;0;0;0;0;0;0;4218;0;0;89;0;80;0;
25712;4873319;1029324800;28348416;1122684928;0;0;0;0;0;0;0;0;0;0;0;3626;0;0;89;0;80;0;
25713;6482647;1029324800;28348416;1122684928;0;0;0;0;0;0;0;0;0;0;0;3978;0;0;89;0;80;0;
25714;4275077;1024065536;21733376;1116069888;0;0;0;0;0;0;0;0;0;0;0;2965;0;0;89;0;80;0;
25715;5659193;1024065536;21733376;1116069888;0;0;0;0;0;0;0;0;0;0;0;3847;0;0;89;0;80;0;
25716;4326704;1024065536;21733376;1116069888;0;0;0;0;0;0;0;0;0;0;0;3447;0;0;89;0;80;0;
25717;6329841;1024065536;21733376;1116069888;0;0;0;0;0;0;0;0;0;0;0;4418;0;0;89;0;80;0;
25718;4251252;1024065536;21733376;1116069888;0;0;0;0;0;0;0;0;0;0;0;3397;0;0;89;0;80;0;
25719;5317332;1024065536;21733376;1116069888;0;0;0;0;0;0;0;0;0;0;0;3266;0;0;89;0;80;0;
25720;3339042;1024065536;21733376;1116069888;0;0;0;0;0;0;0;0;0;0;0;3286;0;0;89;0;80;0;
25721;5480378;1024065536;21733376;1116069888;0;0;0;0;0;0;0;0;0;0;0;3296;0;0;89;0;80;0;
25722;3481870;1024065536;21733376;1116069888;0;0;0;0;0;0;0;0;0;0;0;2655;0;0;89;0;80;0;
25723;5210451;1024065536;21733376;1116069888;0;0;0;0;0;0;0;0;0;0;0;2916;0;0;89;0;80;0;
25724;3078043;1024065536;21733376;1116069888;0;0;0;0;0;0;0;0;0;0;0;2876;0;0;89;0;80;0;
25725;6501122;1024065536;21733376;1116069888;0;0;0;0;0;0;0;0;0;0;0;3246;0;0;89;0;80;0;
25726;3287566;1024065536;21733376;1116069888;0;0;0;0;0;0;0;0;0;0;0;2846;0;0;89;0;80;0;
25727;5318073;1024065536;21733376;1116069888;0;0;0;0;0;0;0;0;0;0;0;3336;0;0;89;0;80;0;
25728;4015651;1024065536;21733376;1116069888;0;0;0;0;0;0;0;0;0;0;0;3636;0;0;89;0;80;0;
25729;6518285;1029328896;28348416;1122684928;0;0;0;0;0;0;0;0;0;0;0;2706;0;0;89;0;80;0;
25730;3110904;1029328896;28348416;1122684928;0;0;0;0;0;0;0;0;0;0;0;2384;0;0;89;0;80;0;
25731;5250086;1029328896;28348416;1122684928;0;0;0;0;0;0;0;0;0;0;0;3266;0;0;89;0;80;0;
25732;5031987;1029328896;28348416;1122684928;0;0;0;0;0;0;0;0;0;0;0;4048;0;0;89;0;80;0;
25733;6123854;1029328896;28348416;1122684928;0;0;0;0;0;0;0;0;0;0;0;4478;0;0;89;0;80;0;
25734;5116916;1029328896;28348416;1122684928;0;0;0;0;0;0;0;0;0;0;0;3326;0;0;89;0;80;0;
25735;5742630;1029328896;28348416;1122684928;0;0;0;0;0;0;0;0;0;0;0;3657;0;0;89;0;80;0;
25736;4356070;1029328896;28348416;1122684928;0;0;0;0;0;0;0;0;0;0;0;3126;0;0;89;0;80;0;
25737;4957236;1029328896;28348416;1122684928;0;0;0;0;0;0;0;0;0;0;0;3506;0;0;89;0;80;0;
25738;4361760;1024065536;21733376;1116069888;0;0;0;0;0;0;0;0;0;0;0;3226;0;0;89;0;80;0;
25739;4848032;1024065536;21733376;1116069888;0;0;0;0;0;0;0;0;0;0;0;3386;0;0;89;0;80;0;
25740;3400757;1024065536;21733376;1116069888;0;0;0;0;0;0;0;0;0;0;0;3175;0;0;89;0;80;0;
25741;5402532;1024065536;21733376;1116069888;0;0;0;0;0;0;0;0;0;0;0;3266;0;0;89;0;80;0;
25742;3948054;1024065536;21733376;1116069888;0;0;0;0;0;0;0;0;0;0;0;3567;0;0;89;0;80;0;
25743;5005688;1024065536;21733376;1116069888;0;0;0;0;0;0;0;0;0;0;0;3216;0;0;89;0;80;0;
25744;5330196;1024065536;21733376;1116069888;0;0;0;0;0;0;0;0;0;0;0;3307;0;0;89;0;80;0;
25745;5651970;1024065536;21733376;1116069888;0;0;0;0;0;0;0;0;0;0;0;3236;0;0;89;0;80;0;
25746;4372930;1024065536;21733376;1116069888;0;0;0;0;0;0;0;0;0;0;0;2916;0;0;89;0;80;0;
25747;5087070;1024065536;21733376;1116069888;0;0;0;0;0;0;0;0;0;0;0;3456;0;0;89;0;80;0;
25748;4028565;1024065536;21733376;1116069888;0;0;0;0;0;0;0;0;0;0;0;2565;0;0;89;0;80;0;
25749;5807401;1024065536;21733376;1116069888;0;0;0;0;0;0;0;0;0;0;0;3647;0;0;89;0;80;0;
25750;3917477;1024065536;21733376;1116069888;0;0;0;0;0;0;0;0;0;0;0;3457;0;0;89;0;80;0;
25751;5378306;1024065536;21733376;1116069888;0;0;0;0;0;0;0;0;0;0;0;3206;0;0;89;0;80;0;
25752;4340911;1024065536;21733376;1116069888;0;0;0;0;0;0;0;0;0;0;0;3266;0;0;89;0;80;0;
25753;5852095;1029328896;28348416;1122684928;0;0;0;0;0;0;0;0;0;0;0;4208;0;0;89;0;80;0;
25754;3525241;1029328896;28348416;1122684928;0;0;0;0;0;0;0;0;0;0;0;3126;0;0;89;0;80;0;
25755;5512348;1029328896;28348416;1122684928;0;0;0;0;0;0;0;0;0;0;0;3447;0;0;89;0;80;0;
25756;5149667;1029328896;28348416;1122684928;0;0;0;0;0;0;0;0;0;0;0;3687;0;0;89;0;80;0;
25757;5298086;1029328896;28348416;1122684928;0;0;0;0;0;0;0;0;0;0;0;3457;0;0;89;0;80;0;
25758;4582084;1029328896;28348416;1122684928;0;0;0;0;0;0;0;0;0;0;0;2495;0;0;89;0;80;0;
25759;4732004;1029328896;28348416;1122684928;0;0;0;0;0;0;0;0;0;0;0;3376;0;0;89;0;80;0;
25760;3912658;1029328896;28348416;1122684928;0;0;0;0;0;0;0;0;0;0;0;2615;0;0;89;0;80;0;
25761;5343892;1029328896;28348416;1122684928;0;0;0;0;0;0;0;0;0;0;0;2825;0;0;89;0;80;0;
25762;2879801;1024065536;21733376;1116069888;0;0;0;0;0;0;0;0;0;0;0;2435;0;0;89;0;80;0;
25763;4904689;1024065536;21733376;1116069888;0;0;0;0;0;0;0;0;0;0;0;3196;0;0;89;0;80;0;
25764;3034221;1024065536;21733376;1116069888;0;0;0;0;0;0;0;0;0;0;0;3206;0;0;89;0;80;0;
25765;5190755;1024065536;21733376;1116069888;0;0;0;0;0;0;0;0;0;0;0;205225;0;0;89;0;80;0;
25766;5508991;1024065536;21733376;1116069888;0;0;0;0;0;0;0;0;0;0;0;4469;0;0;89;0;80;0;
25767;5667198;1024065536;21733376;1116069888;0;0;0;0;0;0;0;0;0;0;0;3858;0;0;89;0;80;0;
25768;3701752;1024065536;21733376;1116069888;0;0;0;0;0;0;0;0;0;0;0;3456;0;0;89;0;80;0;
25769;5872424;1024065536;21733376;1116069888;0;0;0;0;0;0;0;0;0;0;0;3487;0;0;89;0;80;0;
25770;3948455;1024065536;21733376;1116069888;0;0;0;0;0;0;0;0;0;0;0;3185;0;0;89;0;80;0;
25771;5808794;1024065536;21733376;1116069888;0;0;0;0;0;0;0;0;0;0;0;4549;0;0;89;0;80;0;
25772;4972585;1024065536;21733376;1116069888;0;0;0;0;0;0;0;0;0;0;0;2946;0;0;89;0;80;0;
25773;5494965;1024065536;21733376;1116069888;0;0;0;0;0;0;0;0;0;0;0;3025;0;0;89;0;80;0;
25774;3964224;1024065536;21733376;1116069888;0;0;0;0;0;0;0;0;0;0;0;3066;0;0;89;0;80;0;
25775;5328183;1024065536;21733376;1116069888;0;0;0;0;0;0;0;0;0;0;0;2826;0;0;89;0;80;0;
25776;4433194;1024065536;21733376;1116069888;0;0;0;0;0;0;0;0;0;0;0;3136;0;0;89;0;80;0;
25777;5347899;1024065536;21733376;1116069888;0;0;0;0;0;0;0;0;0;0;0;3126;0;0;89;0;80;0;
25778;3262689;1024065536;21733376;1116069888;0;0;0;0;0;0;0;0;0;0;0;2415;0;0;89;0;80;0;
25779;5362086;1024065536;21733376;1116069888;0;0;0;0;0;0;0;0;0;0;0;3436;0;0;89;0;80;0;
25780;3672367;1024065536;21733376;1116069888;0;0;0;0;0;0;0;0;0;0;0;2665;0;0;89;0;80;0;
25781;5852766;1024065536;21733376;1116069888;0;0;0;0;0;0;0;0;0;0;0;3987;0;0;89;0;80;0;
25782;3355653;1024065536;21733376;1116069888;0;0;0;0;0;0;0;0;0;0;0;3236;0;0;89;0;80;0;
25783;5137866;1024065536;21733376;1116069888;0;0;0;0;0;0;0;0;0;0;0;3256;0;0;89;0;80;0;
25784;4551946;1024065536;21733376;1116069888;0;0;0;0;0;0;0;0;0;0;0;2865;0;0;89;0;80;0;
25785;11279343;1024065536;21733376;1116069888;0;0;0;0;0;0;0;0;0;0;0;3326;0;0;89;0;80;0;
25786;5915864;1024065536;21733376;1116069888;0;0;0;0;0;0;0;0;0;0;0;4308;0;0;89;0;80;0;
25787;5643324;1024065536;21733376;1116069888;0;0;0;0;0;0;0;0;0;0;0;3526;0;0;89;0;80;0;
25788;4725553;1024065536;21733376;1116069888;0;0;0;0;0;0;0;0;0;0;0;3417;0;0;89;0;80;0;
25789;5772787;1024065536;21733376;1116069888;0;0;0;0;0;0;0;0;0;0;0;3156;0;0;89;0;80;0;
25790;4912874;1024065536;21733376;1116069888;0;0;0;0;0;0;0;0;0;0;0;2935;0;0;89;0;80;0;
25791;5621732;1024065536;21733376;1116069888;0;0;0;0;0;0;0;0;0;0;0;3286;0;0;89;0;80;0;
25792;3892109;1024065536;21733376;1116069888;0;0;0;0;0;0;0;0;0;0;0;3065;0;0;89;0;80;0;
25793;5265946;1024065536;21733376;1116069888;0;0;0;0;0;0;0;0;0;0;0;3316;0;0;89;0;80;0;
25794;3995783;1024065536;21733376;1116069888;0;0;0;0;0;0;0;0;0;0;0;3576;0;0;89;0;80;0;
25795;5774730;1024065536;21733376;1116069888;0;0;0;0;0;0;0;0;0;0;0;3476;0;0;89;0;80;0;
25796;4613702;1024065536;21733376;1116069888;0;0;0;0;0;0;0;0;0;0;0;3828;0;0;89;0;80;0;
25797;7732883;1024065536;21733376;1116069888;0;0;0;0;0;0;0;0;0;0;0;3407;0;0;89;0;80;0;
25798;4326534;1024065536;21733376;1116069888;0;0;0;0;0;0;0;0;0;0;0;3246;0;0;89;0;80;0;
25799;6649350;1024065536;21733376;1116069888;0;0;0;0;0;0;0;0;0;0;0;3035;0;0;89;0;80;0;
25800;3763057;1024065536;21733376;1116069888;0;0;0;0;0;0;0;0;0;0;0;2805;0;0;89;0;80;0;
25801;4847120;1024065536;21733376;1116069888;0;0;0;0;0;0;0;0;0;0;0;3626;0;0;89;0;80;0;
25802;4460235;1024065536;21733376;1116069888;0;0;0;0;0;0;0;0;0;0;0;3236;0;0;89;0;80;0;
25803;5154125;1024065536;21733376;1116069888;0;0;0;0;0;0;0;0;0;0;0;3226;0;0;89;0;80;0;
25804;3332760;1024065536;21733376;1116069888;0;0;0;0;0;0;0;0;0;0;0;2625;0;0;89;0;80;0;
25805;5788105;1024065536;21733376;1116069888;0;0;0;0;0;0;0;0;0;0;0;3176;0;0;89;0;80;0;
25806;3528367;1024065536;21733376;1116069888;0;0;0;0;0;0;0;0;0;0;0;2575;0;0;89;0;80;0;
25807;5541352;1024065536;21733376;1116069888;0;0;0;0;0;0;0;0;0;0;0;2995;0;0;89;0;80;0;
25808;4440377;1024065536;21733376;1116069888;0;0;0;0;0;0;0;0;0;0;0;3216;0;0;89;0;80;0;
25809;5434041;1024065536;21733376;1116069888;0;0;0;0;0;0;0;0;0;0;0;3496;0;0;89;0;80;0;
25810;3709306;1024065536;21733376;1116069888;0;0;0;0;0;0;0;0;0;0;0;2705;0;0;89;0;80;0;
25811;5320137;1024065536;21733376;1116069888;0;0;0;0;0;0;0;0;0;0;0;3707;0;0;89;0;80;0;
25812;4822825;1024065536;21733376;1116069888;0;0;0;0;0;0;0;0;0;0;0;2985;0;0;89;0;80;0;
25813;5455732;1024065536;21733376;1116069888;0;0;0;0;0;0;0;0;0;0;0;3476;0;0;89;0;80;0;
25814;3660765;1024065536;21733376;1116069888;0;0;0;0;0;0;0;0;0;0;0;3086;0;0;89;0;80;0;
25815;5673661;1024065536;21733376;1116069888;0;0;0;0;0;0;0;0;0;0;0;3136;0;0;89;0;80;0;
25816;4807997;1024065536;21733376;1116069888;0;0;0;0;0;0;0;0;0;0;0;2895;0;0;89;0;80;0;
25817;5292896;1024065536;21733376;1116069888;0;0;0;0;0;0;0;0;0;0;0;3507;0;0;89;0;80;0;
25818;3990754;1024065536;21733376;1116069888;0;0;0;0;0;0;0;0;0;0;0;2846;0;0;89;0;80;0;
25819;5991406;1024065536;21733376;1116069888;0;0;0;0;0;0;0;0;0;0;0;3346;0;0;89;0;80;0;
25820;4238479;1024065536;21733376;1116069888;0;0;0;0;0;0;0;0;0;0;0;2865;0;0;89;0;80;0;
25821;5363209;1024065536;21733376;1116069888;0;0;0;0;0;0;0;0;0;0;0;3156;0;0;89;0;80;0;
25822;4679245;1024065536;21733376;1116069888;0;0;0;0;0;0;0;0;0;0;0;3607;0;0;89;0;80;0;
25823;5437117;1024065536;21733376;1116069888;0;0;0;0;0;0;0;0;0;0;0;3576;0;0;89;0;80;0;
25824;4393159;1024065536;21733376;1116069888;0;0;0;0;0;0;0;0;0;0;0;3427;0;0;89;0;80;0;
25825;5002361;1024065536;21733376;1116069888;0;0;0;0;0;0;0;0;0;0;0;2685;0;0;89;0;80;0;
25826;3758388;1024065536;21733376;1116069888;0;0;0;0;0;0;0;0;0;0;0;2274;0;0;89;0;80;0;
25827;6110219;1024065536;21733376;1116069888;0;0;0;0;0;0;0;0;0;0;0;2625;0;0;89;0;80;0;
25828;3669031;1024065536;21733376;1116069888;0;0;0;0;0;0;0;0;0;0;0;3206;0;0;89;0;80;0;
25829;5570858;1024065536;21733376;1116069888;0;0;0;0;0;0;0;0;0;0;0;2946;0;0;89;0;80;0;
25830;3488893;1024065536;21733376;1116069888;0;0;0;0;0;0;0;0;0;0;0;2395;0;0;89;0;80;0;
25831;6068160;1024065536;21733376;1116069888;0;0;0;0;0;0;0;0;0;0;0;3277;0;0;89;0;80;0;
25832;3960728;1024065536;21733376;1116069888;0;0;0;0;0;0;0;0;0;0;0;2866;0;0;89;0;80;0;
25833;6406014;1024065536;21733376;1116069888;0;0;0;0;0;0;0;0;0;0;0;2776;0;0;89;0;80;0;
25834;3899653;1024065536;21733376;1116069888;0;0;0;0;0;0;0;0;0;0;0;2916;0;0;89;0;80;0;
25835;5746978;1024065536;21733376;1116069888;0;0;0;0;0;0;0;0;0;0;0;3116;0;0;89;0;80;0;
25836;4333196;1024065536;21733376;1116069888;0;0;0;0;0;0;0;0;0;0;0;2835;0;0;89;0;80;0;
25837;6294244;1024065536;21733376;1116069888;0;0;0;0;0;0;0;0;0;0;0;2965;0;0;89;0;80;0;
25838;3601124;1024065536;21733376;1116069888;0;0;0;0;0;0;0;0;0;0;0;2705;0;0;89;0;80;0;
25839;5112618;1024065536;21733376;1116069888;0;0;0;0;0;0;0;0;0;0;0;3446;0;0;89;0;80;0;
25840;4719761;1024065536;21733376;1116069888;0;0;0;0;0;0;0;0;0;0;0;3356;0;0;89;0;80;0;
25841;5395349;1024065536;21733376;1116069888;0;0;0;0;0;0;0;0;0;0;0;2986;0;0;89;0;80;0;
25842;3793614;1024065536;21733376;1116069888;0;0;0;0;0;0;0;0;0;0;0;2786;0;0;89;0;80;0;
25843;5817591;1024065536;21733376;1116069888;0;0;0;0;0;0;0;0;0;0;0;3317;0;0;89;0;80;0;
25844;2700013;1024065536;21733376;1116069888;0;0;0;0;0;0;0;0;0;0;0;2785;0;0;89;0;80;0;
25845;5127786;1024065536;21733376;1116069888;0;0;0;0;0;0;0;0;0;0;0;2574;0;0;89;0;80;0;
25846;3816778;1024065536;21733376;1116069888;0;0;0;0;0;0;0;0;0;0;0;2745;0;0;89;0;80;0;
25847;5323474;1024065536;21733376;1116069888;0;0;0;0;0;0;0;0;0;0;0;2314;0;0;89;0;80;0;
25848;4467027;1024065536;21733376;1116069888;0;0;0;0;0;0;0;0;0;0;0;2565;0;0;89;0;80;0;
25849;6387589;1024065536;21733376;1116069888;0;0;0;0;0;0;0;0;0;0;0;2554;0;0;89;0;80;0;
25850;3864036;1024065536;21733376;1116069888;0;0;0;0;0;0;0;0;0;0;0;2986;0;0;89;0;80;0;
25851;6238470;1024065536;21733376;1116069888;0;0;0;0;0;0;0;0;0;0;0;2615;0;0;89;0;80;0;
25852;3840372;1024065536;21733376;1116069888;0;0;0;0;0;0;0;0;0;0;0;3166;0;0;89;0;80;0;
25853;5739694;1024065536;21733376;1116069888;0;0;0;0;0;0;0;0;0;0;0;3035;0;0;89;0;80;0;
25854;3870869;1024065536;21733376;1116069888;0;0;0;0;0;0;0;0;0;0;0;2825;0;0;89;0;80;0;
25855;5094203;1024065536;21733376;1116069888;0;0;0;0;0;0;0;0;0;0;0;3626;0;0;89;0;80;0;
25856;3448267;1024065536;21733376;1116069888;0;0;0;0;0;0;0;0;0;0;0;3166;0;0;89;0;80;0;
25857;6032794;1024065536;21733376;1116069888;0;0;0;0;0;0;0;0;0;0;0;3486;0;0;89;0;80;0;
25858;4865885;1024065536;21733376;1116069888;0;0;0;0;0;0;0;0;0;0;0;3236;0;0;89;0;80;0;
25859;5463476;1024065536;21733376;1116069888;0;0;0;0;0;0;0;0;0;0;0;2665;0;0;89;0;80;0;
25860;5364119;1024065536;21733376;1116069888;0;0;0;0;0;0;0;0;0;0;0;40416;0;0;89;0;80;0;
25861;5540270;1024065536;21733376;1116069888;0;0;0;0;0;0;0;0;0;0;0;3116;0;0;89;0;80;0;
25862;4554030;1024065536;21733376;1116069888;0;0;0;0;0;0;0;0;0;0;0;2725;0;0;89;0;80;0;
25863;5451123;1024065536;21733376;1116069888;0;0;0;0;0;0;0;0;0;0;0;2885;0;0;89;0;80;0;
25864;4260249;1024065536;21733376;1116069888;0;0;0;0;0;0;0;0;0;0;0;3326;0;0;89;0;80;0;
25865;5972681;1024065536;21733376;1116069888;0;0;0;0;0;0;0;0;0;0;0;2975;0;0;89;0;80;0;
25866;3321910;1024065536;21733376;1116069888;0;0;0;0;0;0;0;0;0;0;0;3607;0;0;89;0;80;0;
25867;7318334;1024065536;21733376;1116069888;0;0;0;0;0;0;0;0;0;0;0;3396;0;0;89;0;80;0;
25868;5199971;1024065536;21733376;1116069888;0;0;0;0;0;0;0;0;0;0;0;3446;0;0;89;0;80;0;
25869;6427745;1029328896;28348416;1122684928;0;0;0;0;0;0;0;0;0;0;0;3607;0;0;89;0;80;0;
25870;4464222;1029328896;28348416;1122684928;0;0;0;0;0;0;0;0;0;0;0;3136;0;0;89;0;80;0;
25871;6045968;1029328896;28348416;1122684928;0;0;0;0;0;0;0;0;0;0;0;2775;0;0;89;0;80;0;
25872;4631165;1029328896;28348416;1122684928;0;0;0;0;0;0;0;0;0;0;0;2505;0;0;89;0;80;0;
25873;5339373;1029328896;28348416;1122684928;0;0;0;0;0;0;0;0;0;0;0;2785;0;0;89;0;80;0;
25874;4296708;1029328896;28348416;1122684928;0;0;0;0;0;0;0;0;0;0;0;3166;0;0;89;0;80;0;
25875;5603209;1029328896;28348416;1122684928;0;0;0;0;0;0;0;0;0;0;0;142017;0;0;89;0;80;0;
25876;4520076;1029328896;28348416;1122684928;0;0;0;0;0;0;0;0;0;0;0;2985;0;0;89;0;80;0;
25877;4892495;1029328896;28348416;1122684928;0;0;0;0;0;0;0;0;0;0;0;3256;0;0;89;0;80;0;
25878;3826486;1024065536;21733376;1116069888;0;0;0;0;0;0;0;0;0;0;0;4278;0;0;89;0;80;0;
25879;6170382;1024065536;21733376;1116069888;0;0;0;0;0;0;0;0;0;0;0;3747;0;0;89;0;80;0;
25880;4500000;1024065536;21733376;1116069888;0;0;0;0;0;0;0;0;0;0;0;4418;0;0;89;0;80;0;
25881;6340260;1024065536;21733376;1116069888;0;0;0;0;0;0;0;0;0;0;0;3526;0;0;89;0;80;0;
25882;4084841;1024065536;21733376;1116069888;0;0;0;0;0;0;0;0;0;0;0;3115;0;0;89;0;80;0;
25883;6692862;1024065536;21733376;1116069888;0;0;0;0;0;0;0;0;0;0;0;3847;0;0;89;0;80;0;
25884;3676104;1024065536;21733376;1116069888;0;0;0;0;0;0;0;0;0;0;0;3066;0;0;89;0;80;0;
25885;5854299;1024065536;21733376;1116069888;0;0;0;0;0;0;0;0;0;0;0;59071;0;0;89;0;80;0;
25886;4672473;1024065536;21733376;1116069888;0;0;0;0;0;0;0;0;0;0;0;3817;0;0;89;0;80;0;
25887;5772365;1024065536;21733376;1116069888;0;0;0;0;0;0;0;0;0;0;0;2875;0;0;89;0;80;0;
25888;4715914;1024065536;21733376;1116069888;0;0;0;0;0;0;0;0;0;0;0;3015;0;0;89;0;80;0;
25889;5555489;1024065536;21733376;1116069888;0;0;0;0;0;0;0;0;0;0;0;2905;0;0;89;0;80;0;
25890;3246458;1024065536;21733376;1116069888;0;0;0;0;0;0;0;0;0;0;0;3286;0;0;89;0;80;0;
25891;7021838;1024065536;21733376;1116069888;0;0;0;0;0;0;0;0;0;0;0;3296;0;0;89;0;80;0;
25892;4121218;1024065536;21733376;1116069888;0;0;0;0;0;0;0;0;0;0;0;2855;0;0;89;0;80;0;
25893;6305235;1029328896;28348416;1122684928;0;0;0;0;0;0;0;0;0;0;0;3507;0;0;89;0;80;0;
25894;3310839;1029328896;28348416;1122684928;0;0;0;0;0;0;0;0;0;0;0;3146;0;0;89;0;80;0;
25895;5709007;1029328896;28348416;1122684928;0;0;0;0;0;0;0;0;0;0;0;3306;0;0;89;0;80;0;
25896;3751316;1029328896;28348416;1122684928;0;0;0;0;0;0;0;0;0;0;0;3387;0;0;89;0;80;0;
25897;5321750;1029328896;28348416;1122684928;0;0;0;0;0;0;0;0;0;0;0;2925;0;0;89;0;80;0;
25898;4293592;1029328896;28348416;1122684928;0;0;0;0;0;0;0;0;0;0;0;3356;0;0;89;0;80;0;
25899;5530041;1029328896;28348416;1122684928;0;0;0;0;0;0;0;0;0;0;0;3286;0;0;89;0;80;0;
25900;5014163;1029328896;28348416;1122684928;0;0;0;0;0;0;0;0;0;0;0;4839;0;0;89;0;80;0;
25901;6014620;1029328896;28348416;1122684928;0;0;0;0;0;0;0;0;0;0;0;2915;0;0;89;0;80;0;
25902;5117517;1024065536;21733376;1116069888;0;0;0;0;0;0;0;0;0;0;0;3546;0;0;89;0;80;0;
25903;5580025;1024065536;21733376;1116069888;0;0;0;0;0;0;0;0;0;0;0;3266;0;0;89;0;80;0;
25904;4273274;1024065536;21733376;1116069888;0;0;0;0;0;0;0;0;0;0;0;3196;0;0;89;0;80;0;
25905;6113815;1024065536;21733376;1116069888;0;0;0;0;0;0;0;0;0;0;0;3226;0;0;89;0;80;0;
25906;4162536;1024065536;21733376;1116069888;0;0;0;0;0;0;0;0;0;0;0;3647;0;0;89;0;80;0;
25907;6031531;1024065536;21733376;1116069888;0;0;0;0;0;0;0;0;0;0;0;2915;0;0;89;0;80;0;
25908;3420575;1024065536;21733376;1116069888;0;0;0;0;0;0;0;0;0;0;0;3416;0;0;89;0;80;0;
25909;6550054;1024065536;21733376;1116069888;0;0;0;0;0;0;0;0;0;0;0;3807;0;0;89;0;80;0;
25910;4157838;1024065536;21733376;1116069888;0;0;0;0;0;0;0;0;0;0;0;3747;0;0;89;0;80;0;
25911;5475438;1024065536;21733376;1116069888;0;0;0;0;0;0;0;0;0;0;0;3516;0;0;89;0;80;0;
25912;4102704;1024065536;21733376;1116069888;0;0;0;0;0;0;0;0;0;0;0;3066;0;0;89;0;80;0;
25913;5007671;1024065536;21733376;1116069888;0;0;0;0;0;0;0;0;0;0;0;3587;0;0;89;0;80;0;
25914;4192622;1024065536;21733376;1116069888;0;0;0;0;0;0;0;0;0;0;0;2615;0;0;89;0;80;0;
25915;6041630;1024065536;21733376;1116069888;0;0;0;0;0;0;0;0;0;0;0;3186;0;0;89;0;80;0;
25916;4433865;1024065536;21733376;1116069888;0;0;0;0;0;0;0;0;0;0;0;3747;0;0;89;0;80;0;
25917;8489992;1029328896;28348416;1122684928;0;0;0;0;0;0;0;0;0;0;0;4649;0;0;89;0;80;0;
25918;5311441;1029328896;28348416;1122684928;0;0;0;0;0;0;0;0;0;0;0;3306;0;0;89;0;80;0;
25919;6632659;1029328896;28348416;1122684928;0;0;0;0;0;0;0;0;0;0;0;4379;0;0;89;0;80;0;
25920;5663842;1029328896;28348416;1122684928;0;0;0;0;0;0;0;0;0;0;0;3387;0;0;89;0;80;0;
25921;8257516;1029328896;28348416;1122684928;0;0;0;0;0;0;0;0;0;0;0;3627;0;0;89;0;80;0;
25922;4836410;1029328896;28348416;1122684928;0;0;0;0;0;0;0;0;0;0;0;3597;0;0;89;0;80;0;
25923;5755443;1029328896;28348416;1122684928;0;0;0;0;0;0;0;0;0;0;0;3707;0;0;89;0;80;0;
25924;6877568;1029328896;28348416;1122684928;0;0;0;0;0;0;0;0;0;0;0;119844;0;0;89;0;80;0;
25925;8211850;1029328896;28348416;1122684928;0;0;0;0;0;0;0;0;0;0;0;3286;0;0;89;0;80;0;
25926;5416358;1024065536;21733376;1116069888;0;0;0;0;0;0;0;0;0;0;0;5090;0;0;89;0;80;0;
25927;7305591;1024065536;21733376;1116069888;0;0;0;0;0;0;0;0;0;0;0;4037;0;0;89;0;80;0;
25928;6117543;1024065536;21733376;1116069888;0;0;0;0;0;0;0;0;0;0;0;3577;0;0;89;0;80;0;
25929;6907865;1024065536;21733376;1116069888;0;0;0;0;0;0;0;0;0;0;0;3757;0;0;89;0;80;0;
25930;5498381;1024065536;21733376;1116069888;0;0;0;0;0;0;0;0;0;0;0;3266;0;0;89;0;80;0;
25931;6651364;1024065536;21733376;1116069888;0;0;0;0;0;0;0;0;0;0;0;3496;0;0;89;0;80;0;
25932;5781332;1024065536;21733376;1116069888;0;0;0;0;0;0;0;0;0;0;0;3978;0;0;89;0;80;0;
25933;5973673;1024065536;21733376;1116069888;0;0;0;0;0;0;0;0;0;0;0;3867;0;0;89;0;80;0;
25934;7045834;1024065536;21733376;1116069888;0;0;0;0;0;0;0;0;0;0;0;4198;0;0;89;0;80;0;
25935;5989723;1024065536;21733376;1116069888;0;0;0;0;0;0;0;0;0;0;0;45806;0;0;89;0;80;0;
25936;6174099;1024065536;21733376;1116069888;0;0;0;0;0;0;0;0;0;0;0;4278;0;0;89;0;80;0;
25937;7401861;1024065536;21733376;1116069888;0;0;0;0;0;0;0;0;0;0;0;4749;0;0;89;0;80;0;
25938;4444505;1024065536;21733376;1116069888;0;0;0;0;0;0;0;0;0;0;0;3807;0;0;89;0;80;0;
25939;6761501;1024065536;21733376;1116069888;0;0;0;0;0;0;0;0;0;0;0;3407;0;0;89;0;80;0;
25940;5184573;1024065536;21733376;1116069888;0;0;0;0;0;0;0;0;0;0;0;2675;0;0;89;0;80;0;
25941;7413423;1029328896;28348416;1122684928;0;0;0;0;0;0;0;0;0;0;0;4168;0;0;89;0;80;0;
25942;4352071;1029328896;28348416;1122684928;0;0;0;0;0;0;0;0;0;0;0;3717;0;0;89;0;80;0;
25943;6067158;1029328896;28348416;1122684928;0;0;0;0;0;0;0;0;0;0;0;44694;0;0;89;0;80;0;
25944;4735701;1029328896;28348416;1122684928;0;0;0;0;0;0;0;0;0;0;0;3807;0;0;89;0;80;0;
25945;7910425;1029328896;28348416;1122684928;0;0;0;0;0;0;0;0;0;0;0;5450;0;0;89;0;80;0;
25946;5088362;1029328896;28348416;1122684928;0;0;0;0;0;0;0;0;0;0;0;4027;0;0;89;0;80;0;
25947;7551602;1029328896;28348416;1122684928;0;0;0;0;0;0;0;0;0;0;0;3937;0;0;89;0;80;0;
25948;5920153;1029328896;28348416;1122684928;0;0;0;0;0;0;0;0;0;0;0;3897;0;0;89;0;80;0;
25949;6695095;1029328896;28348416;1122684928;0;0;0;0;0;0;0;0;0;0;0;4288;0;0;89;0;80;0;
25950;6423326;1024065536;21733376;1116069888;0;0;0;0;0;0;0;0;0;0;0;6002;0;0;89;0;80;0;
25951;8035890;1024065536;21733376;1116069888;0;0;0;0;0;0;0;0;0;0;0;4127;0;0;89;0;80;0;
25952;7375963;1024065536;21733376;1116069888;0;0;0;0;0;0;0;0;0;0;0;3346;0;0;89;0;80;0;
25953;6946999;1024065536;21733376;1116069888;0;0;0;0;0;0;0;0;0;0;0;3757;0;0;89;0;80;0;
25954;4637367;1024065536;21733376;1116069888;0;0;0;0;0;0;0;0;0;0;0;3366;0;0;89;0;80;0;
25955;6013748;1024065536;21733376;1116069888;0;0;0;0;0;0;0;0;0;0;0;3677;0;0;89;0;80;0;
25956;6054214;1024065536;21733376;1116069888;0;0;0;0;0;0;0;0;0;0;0;3327;0;0;89;0;80;0;
25957;6705385;1024065536;21733376;1116069888;0;0;0;0;0;0;0;0;0;0;0;3767;0;0;89;0;80;0;
25958;4429597;1024065536;21733376;1116069888;0;0;0;0;0;0;0;0;0;0;0;2965;0;0;89;0;80;0;
25959;6943241;1024065536;21733376;1116069888;0;0;0;0;0;0;0;0;0;0;0;4619;0;0;89;0;80;0;
25960;4632628;1024065536;21733376;1116069888;0;0;0;0;0;0;0;0;0;0;0;3546;0;0;89;0;80;0;
25961;6681420;1024065536;21733376;1116069888;0;0;0;0;0;0;0;0;0;0;0;4338;0;0;89;0;80;0;
25962;4380645;1024065536;21733376;1116069888;0;0;0;0;0;0;0;0;0;0;0;3837;0;0;89;0;80;0;
25963;6549573;1024065536;21733376;1116069888;0;0;0;0;0;0;0;0;0;0;0;3656;0;0;89;0;80;0;
25964;5366814;1024065536;21733376;1116069888;0;0;0;0;0;0;0;0;0;0;0;3547;0;0;89;0;80;0;
25965;6744438;1024065536;21733376;1116069888;0;0;0;0;0;0;0;0;0;0;0;4008;0;0;89;0;80;0;
25966;4912022;1024065536;21733376;1116069888;0;0;0;0;0;0;0;0;0;0;0;3887;0;0;89;0;80;0;
25967;7339675;1024065536;21733376;1116069888;0;0;0;0;0;0;0;0;0;0;0;4168;0;0;89;0;80;0;
25968;5640168;1024065536;21733376;1116069888;0;0;0;0;0;0;0;0;0;0;0;3316;0;0;89;0;80;0;
25969;6364877;1024065536;21733376;1116069888;0;0;0;0;0;0;0;0;0;0;0;4549;0;0;89;0;80;0;
25970;14967499;1024065536;21733376;1116069888;0;0;0;0;0;0;0;0;0;0;0;4087;0;0;89;0;80;0;
25971;5543987;1024065536;21733376;1116069888;0;0;0;0;0;0;0;0;0;0;0;3556;0;0;89;0;80;0;
25972;5152793;1024065536;21733376;1116069888;0;0;0;0;0;0;0;0;0;0;0;3386;0;0;89;0;80;0;
25973;7318855;1024065536;21733376;1116069888;0;0;0;0;0;0;0;0;0;0;0;3827;0;0;89;0;80;0;
25974;5675563;1024065536;21733376;1116069888;0;0;0;0;0;0;0;0;0;0;0;66696;0;0;89;0;80;0;
25975;5021026;1024065536;21733376;1116069888;0;0;0;0;0;0;0;0;0;0;0;3377;0;0;89;0;80;0;
25976;4800763;1024065536;21733376;1116069888;0;0;0;0;0;0;0;0;0;0;0;3396;0;0;89;0;80;0;
25977;5090336;1024065536;21733376;1116069888;0;0;0;0;0;0;0;0;0;0;0;3537;0;0;89;0;80;0;
25978;5490527;1024065536;21733376;1116069888;0;0;0;0;0;0;0;0;0;0;0;4579;0;0;89;0;80;0;
25979;6231737;1024065536;21733376;1116069888;0;0;0;0;0;0;0;0;0;0;0;4097;0;0;89;0;80;0;
25980;5550720;1024065536;21733376;1116069888;0;0;0;0;0;0;0;0;0;0;0;4288;0;0;89;0;80;0;
25981;7164877;1024065536;21733376;1116069888;0;0;0;0;0;0;0;0;0;0;0;3697;0;0;89;0;80;0;
25982;5703045;1024065536;21733376;1116069888;0;0;0;0;0;0;0;0;0;0;0;9578;0;0;89;0;80;0;
25983;5598740;1024065536;21737472;1116073984;0;0;0;0;0;0;0;0;0;0;0;4398;0;0;89;0;80;0;
25984;5303677;1024065536;21741568;1116078080;0;0;0;0;0;0;0;0;0;0;0;3978;0;0;89;0;80;0;
25985;6239050;1024065536;21741568;1116078080;0;0;0;0;0;0;0;0;0;0;0;3787;0;0;89;0;80;0;
25986;5697646;1024065536;21741568;1116078080;0;0;0;0;0;0;0;0;0;0;0;3377;0;0;89;0;80;0;
25987;5943466;1024065536;21741568;1116078080;0;0;0;0;0;0;0;0;0;0;0;3416;0;0;89;0;80;0;
25988;4385374;1024065536;21741568;1116078080;0;0;0;0;0;0;0;0;0;0;0;2735;0;0;89;0;80;0;
25989;5903872;1024065536;21741568;1116078080;0;0;0;0;0;0;0;0;0;0;0;3196;0;0;89;0;80;0;
25990;3167380;1024065536;21733376;1116069888;0;0;0;0;0;0;0;0;0;0;0;2966;0;0;89;0;80;0;
25991;6301798;1024065536;21733376;1116069888;0;0;0;0;0;0;0;0;0;0;0;2935;0;0;89;0;80;0;
25992;4530727;1024065536;21733376;1116069888;0;0;0;0;0;0;0;0;0;0;0;3346;0;0;89;0;80;0;
25993;4818226;1024065536;21733376;1116069888;0;0;0;0;0;0;0;0;0;0;0;3166;0;0;89;0;80;0;
25994;4465154;1024065536;21733376;1116069888;0;0;0;0;0;0;0;0;0;0;0;5140;0;0;89;0;80;0;
25995;5899223;1024065536;21733376;1116069888;0;0;0;0;0;0;0;0;0;0;0;3056;0;0;89;0;80;0;
25996;3904352;1024065536;21733376;1116069888;0;0;0;0;0;0;0;0;0;0;0;2775;0;0;89;0;80;0;
25997;5677037;1024065536;21733376;1116069888;0;0;0;0;0;0;0;0;0;0;0;2375;0;0;89;0;80;0;
25998;4139513;1024065536;21733376;1116069888;0;0;0;0;0;0;0;0;0;0;0;2485;0;0;89;0;80;0;
25999;5402191;1024065536;21733376;1116069888;0;0;0;0;0;0;0;0;0;0;0;2965;0;0;89;0;80;0;
26000;3496286;1024065536;21733376;1116069888;0;0;0;0;0;0;0;0;0;0;0;3086;0;0;89;0;80;0;
26001;5906587;1024065536;21733376;1116069888;0;0;0;0;0;0;0;0;0;0;0;3427;0;0;89;0;80;0;
26002;4486815;1024065536;21733376;1116069888;0;0;0;0;0;0;0;0;0;0;0;3667;0;0;89;0;80;0;
26003;6042101;1024065536;21733376;1116069888;0;0;0;0;0;0;0;0;0;0;0;3226;0;0;89;0;80;0;
26004;3320146;1024065536;21733376;1116069888;0;0;0;0;0;0;0;0;0;0;0;2545;0;0;89;0;80;0;
26005;5211744;1024065536;21733376;1116069888;0;0;0;0;0;0;0;0;0;0;0;2525;0;0;89;0;80;0;
26006;5634948;1024065536;21733376;1116069888;0;0;0;0;0;0;0;0;0;0;0;2515;0;0;89;0;80;0;
26007;5146662;1024065536;21733376;1116069888;0;0;0;0;0;0;0;0;0;0;0;2695;0;0;89;0;80;0;
26008;4243038;1024065536;21733376;1116069888;0;0;0;0;0;0;0;0;0;0;0;2435;0;0;89;0;80;0;
26009;5654745;1024065536;21733376;1116069888;0;0;0;0;0;0;0;0;0;0;0;2876;0;0;89;0;80;0;
26010;4078088;1024065536;21733376;1116069888;0;0;0;0;0;0;0;0;0;0;0;2766;0;0;89;0;80;0;
26011;4904428;1024065536;21733376;1116069888;0;0;0;0;0;0;0;0;0;0;0;2515;0;0;89;0;80;0;
26012;2494128;1024065536;21733376;1116069888;0;0;0;0;0;0;0;0;0;0;0;2495;0;0;89;0;80;0;
26013;5043669;1024065536;21733376;1116069888;0;0;0;0;0;0;0;0;0;0;0;2605;0;0;89;0;80;0;
26014;2826540;1024065536;21733376;1116069888;0;0;0;0;0;0;0;0;0;0;0;2605;0;0;89;0;80;0;
26015;5286655;1024065536;21733376;1116069888;0;0;0;0;0;0;0;0;0;0;0;2615;0;0;89;0;80;0;
26016;3608518;1024065536;21733376;1116069888;0;0;0;0;0;0;0;0;0;0;0;3246;0;0;89;0;80;0;
26017;5236410;1024065536;21733376;1116069888;0;0;0;0;0;0;0;0;0;0;0;3156;0;0;89;0;80;0;
26018;5112037;1024065536;21733376;1116069888;0;0;0;0;0;0;0;0;0;0;0;3176;0;0;89;0;80;0;
26019;6193045;1024065536;21733376;1116069888;0;0;0;0;0;0;0;0;0;0;0;2685;0;0;89;0;80;0;
26020;4813307;1024065536;21733376;1116069888;0;0;0;0;0;0;0;0;0;0;0;3387;0;0;89;0;80;0;
26021;10356222;1024065536;21733376;1116069888;0;0;0;0;0;0;0;0;0;0;0;3096;0;0;89;0;80;0;
26022;3395498;1024065536;21733376;1116069888;0;0;0;0;0;0;0;0;0;0;0;3026;0;0;89;0;80;0;
26023;6581633;1024065536;21733376;1116069888;0;0;0;0;0;0;0;0;0;0;0;3877;0;0;89;0;80;0;
26024;3586596;1024065536;21733376;1116069888;0;0;0;0;0;0;0;0;0;0;0;3376;0;0;89;0;80;0;
26025;5491498;1024065536;21733376;1116069888;0;0;0;0;0;0;0;0;0;0;0;2835;0;0;89;0;80;0;
26026;3957241;1024065536;21733376;1116069888;0;0;0;0;0;0;0;0;0;0;0;2484;0;0;89;0;80;0;
26027;5737159;1024065536;21733376;1116069888;0;0;0;0;0;0;0;0;0;0;0;3307;0;0;89;0;80;0;
26028;3961880;1024065536;21733376;1116069888;0;0;0;0;0;0;0;0;0;0;0;2675;0;0;89;0;80;0;
26029;5351406;1024065536;21733376;1116069888;0;0;0;0;0;0;0;0;0;0;0;2695;0;0;89;0;80;0;
26030;3994371;1024065536;21733376;1116069888;0;0;0;0;0;0;0;0;0;0;0;2745;0;0;89;0;80;0;
26031;5859318;1024065536;21733376;1116069888;0;0;0;0;0;0;0;0;0;0;0;3787;0;0;89;0;80;0;
26032;5507719;1024065536;21733376;1116069888;0;0;0;0;0;0;0;0;0;0;0;3426;0;0;89;0;80;0;
26033;5954968;1024065536;21733376;1116069888;0;0;0;0;0;0;0;0;0;0;0;3527;0;0;89;0;80;0;
26034;3981657;1024065536;21733376;1116069888;0;0;0;0;0;0;0;0;0;0;0;3517;0;0;89;0;80;0;
26035;6267373;1024065536;21733376;1116069888;0;0;0;0;0;0;0;0;0;0;0;4408;0;0;89;0;80;0;
26036;4186341;1024065536;21733376;1116069888;0;0;0;0;0;0;0;0;0;0;0;3918;0;0;89;0;80;0;
26037;6203014;1024065536;21733376;1116069888;0;0;0;0;0;0;0;0;0;0;0;3777;0;0;89;0;80;0;
26038;4659268;1024065536;21733376;1116069888;0;0;0;0;0;0;0;0;0;0;0;38172;0;0;89;0;80;0;
26039;6153921;1024065536;21733376;1116069888;0;0;0;0;0;0;0;0;0;0;0;2625;0;0;89;0;80;0;
26040;4841580;1024065536;21733376;1116069888;0;0;0;0;0;0;0;0;0;0;0;2945;0;0;89;0;80;0;
26041;6037292;1024065536;21733376;1116069888;0;0;0;0;0;0;0;0;0;0;0;89127;0;0;89;0;80;0;
26042;4295767;1024065536;21733376;1116069888;0;0;0;0;0;0;0;0;0;0;0;3006;0;0;89;0;80;0;
26043;5371794;1024065536;21733376;1116069888;0;0;0;0;0;0;0;0;0;0;0;3366;0;0;89;0;80;0;
26044;3905444;1024065536;21733376;1116069888;0;0;0;0;0;0;0;0;0;0;0;2955;0;0;89;0;80;0;
26045;6297911;1024065536;21733376;1116069888;0;0;0;0;0;0;0;0;0;0;0;3106;0;0;89;0;80;0;
26046;3024903;1024065536;21733376;1116069888;0;0;0;0;0;0;0;0;0;0;0;2926;0;0;89;0;80;0;
26047;6153901;1024065536;21733376;1116069888;0;0;0;0;0;0;0;0;0;0;0;2845;0;0;89;0;80;0;
26048;3934559;1024065536;21733376;1116069888;0;0;0;0;0;0;0;0;0;0;0;2896;0;0;89;0;80;0;
26049;6474923;1024065536;21733376;1116069888;0;0;0;0;0;0;0;0;0;0;0;3306;0;0;89;0;80;0;
26050;3517106;1024065536;21733376;1116069888;0;0;0;0;0;0;0;0;0;0;0;2565;0;0;89;0;80;0;
26051;6047311;1024065536;21733376;1116069888;0;0;0;0;0;0;0;0;0;0;0;2715;0;0;89;0;80;0;
26052;4746131;1024065536;21733376;1116069888;0;0;0;0;0;0;0;0;0;0;0;3056;0;0;89;0;80;0;
26053;5501528;1024065536;21733376;1116069888;0;0;0;0;0;0;0;0;0;0;0;2685;0;0;89;0;80;0;
26054;3775240;1024065536;21733376;1116069888;0;0;0;0;0;0;0;0;0;0;0;2605;0;0;89;0;80;0;
26055;4765848;1024065536;21733376;1116069888;0;0;0;0;0;0;0;0;0;0;0;3136;0;0;89;0;80;0;
26056;4159301;1024065536;21733376;1116069888;0;0;0;0;0;0;0;0;0;0;0;2584;0;0;89;0;80;0;
26057;6221408;1029328896;28348416;1122684928;0;0;0;0;0;0;0;0;0;0;0;3216;0;0;89;0;80;0;
26058;4467608;1029328896;28348416;1122684928;0;0;0;0;0;0;0;0;0;0;0;3156;0;0;89;0;80;0;
26059;5475088;1029328896;28348416;1122684928;0;0;0;0;0;0;0;0;0;0;0;3095;0;0;89;0;80;0;
26060;4950995;1029328896;28348416;1122684928;0;0;0;0;0;0;0;0;0;0;0;2905;0;0;89;0;80;0;
26061;5173272;1029328896;28348416;1122684928;0;0;0;0;0;0;0;0;0;0;0;3297;0;0;89;0;80;0;
26062;4552157;1029328896;28348416;1122684928;0;0;0;0;0;0;0;0;0;0;0;2985;0;0;89;0;80;0;
26063;6565753;1029328896;28348416;1122684928;0;0;0;0;0;0;0;0;0;0;0;2945;0;0;89;0;80;0;
26064;3086809;1029328896;28348416;1122684928;0;0;0;0;0;0;0;0;0;0;0;2745;0;0;89;0;80;0;
26065;7480329;1029328896;28348416;1122684928;0;0;0;0;0;0;0;0;0;0;0;2785;0;0;89;0;80;0;
26066;3277126;1024065536;21733376;1116069888;0;0;0;0;0;0;0;0;0;0;0;3096;0;0;89;0;80;0;
26067;5312713;1024065536;21733376;1116069888;0;0;0;0;0;0;0;0;0;0;0;2746;0;0;89;0;80;0;
26068;3151651;1024065536;21733376;1116069888;0;0;0;0;0;0;0;0;0;0;0;2275;0;0;89;0;80;0;
26069;5275543;1024065536;21733376;1116069888;0;0;0;0;0;0;0;0;0;0;0;2405;0;0;89;0;80;0;
26070;4810722;1024065536;21733376;1116069888;0;0;0;0;0;0;0;0;0;0;0;2845;0;0;89;0;80;0;
26071;5274441;1024065536;21733376;1116069888;0;0;0;0;0;0;0;0;0;0;0;2926;0;0;89;0;80;0;
26072;4723037;1024065536;21733376;1116069888;0;0;0;0;0;0;0;0;0;0;0;2935;0;0;89;0;80;0;
26073;6431061;1024065536;21733376;1116069888;0;0;0;0;0;0;0;0;0;0;0;3617;0;0;89;0;80;0;
26074;3706822;1024065536;21733376;1116069888;0;0;0;0;0;0;0;0;0;0;0;2915;0;0;89;0;80;0;
26075;6580401;1024065536;21733376;1116069888;0;0;0;0;0;0;0;0;0;0;0;3306;0;0;89;0;80;0;
26076;5005107;1024065536;21733376;1116069888;0;0;0;0;0;0;0;0;0;0;0;3246;0;0;89;0;80;0;
26077;5128738;1024065536;21733376;1116069888;0;0;0;0;0;0;0;0;0;0;0;3035;0;0;89;0;80;0;
26078;5264623;1024065536;21733376;1116069888;0;0;0;0;0;0;0;0;0;0;0;3126;0;0;89;0;80;0;
26079;5778216;1024065536;21733376;1116069888;0;0;0;0;0;0;0;0;0;0;0;3397;0;0;89;0;80;0;
26080;4027343;1024065536;21733376;1116069888;0;0;0;0;0;0;0;0;0;0;0;2906;0;0;89;0;80;0;
26081;7537686;1029328896;28348416;1122684928;0;0;0;0;0;0;0;0;0;0;0;3427;0;0;89;0;80;0;
26082;3542052;1029328896;28348416;1122684928;0;0;0;0;0;0;0;0;0;0;0;3046;0;0;89;0;80;0;
26083;6694455;1029328896;28348416;1122684928;0;0;0;0;0;0;0;0;0;0;0;3907;0;0;89;0;80;0;
26084;4180059;1029328896;28348416;1122684928;0;0;0;0;0;0;0;0;0;0;0;3186;0;0;89;0;80;0;
26085;5740626;1029328896;28348416;1122684928;0;0;0;0;0;0;0;0;0;0;0;3647;0;0;89;0;80;0;
26086;3779017;1029328896;28348416;1122684928;0;0;0;0;0;0;0;0;0;0;0;3516;0;0;89;0;80;0;
26087;5462004;1029328896;28348416;1122684928;0;0;0;0;0;0;0;0;0;0;0;2946;0;0;89;0;80;0;
26088;4553920;1029328896;28348416;1122684928;0;0;0;0;0;0;0;0;0;0;0;3376;0;0;89;0;80;0;
26089;6124215;1029328896;28348416;1122684928;0;0;0;0;0;0;0;0;0;0;0;3336;0;0;89;0;80;0;
26090;4890121;1024065536;21733376;1116069888;0;0;0;0;0;0;0;0;0;0;0;2625;0;0;89;0;80;0;
26091;5752668;1024065536;21733376;1116069888;0;0;0;0;0;0;0;0;0;0;0;3015;0;0;89;0;80;0;
26092;3628264;1024065536;21733376;1116069888;0;0;0;0;0;0;0;0;0;0;0;2715;0;0;89;0;80;0;
26093;4848914;1024065536;21733376;1116069888;0;0;0;0;0;0;0;0;0;0;0;2144;0;0;89;0;80;0;
26094;4488809;1024065536;21733376;1116069888;0;0;0;0;0;0;0;0;0;0;0;3586;0;0;89;0;80;0;
26095;6515389;1024065536;21733376;1116069888;0;0;0;0;0;0;0;0;0;0;0;3426;0;0;89;0;80;0;
26096;4139322;1024065536;21733376;1116069888;0;0;0;0;0;0;0;0;0;0;0;3898;0;0;89;0;80;0;
26097;5245277;1024065536;21733376;1116069888;0;0;0;0;0;0;0;0;0;0;0;3387;0;0;89;0;80;0;
26098;3489875;1024061440;21729280;1116065792;0;0;0;0;0;0;0;0;0;0;0;4158;0;0;89;0;80;0;
26099;6417105;1024061440;21729280;1116065792;0;0;0;0;0;0;0;0;0;0;0;3236;0;0;89;0;80;0;
26100;3729003;1024061440;21729280;1116065792;0;0;0;0;0;0;0;0;0;0;0;3376;0;0;89;0;80;0;
26101;5911657;1024061440;21729280;1116065792;0;0;0;0;0;0;0;0;0;0;0;2685;0;0;89;0;80;0;
26102;4363082;1024061440;21729280;1116065792;0;0;0;0;0;0;0;0;0;0;0;3566;0;0;89;0;80;0;
26103;4745469;1024061440;21729280;1116065792;0;0;0;0;0;0;0;0;0;0;0;2515;0;0;89;0;80;0;
26104;4200989;1024061440;21729280;1116065792;0;0;0;0;0;0;0;0;0;0;0;3096;0;0;89;0;80;0;
26105;6504078;1029324800;28344320;1122680832;0;0;0;0;0;0;0;0;0;0;0;2575;0;0;89;0;80;0;
26106;3591386;1029324800;28344320;1122680832;0;0;0;0;0;0;0;0;0;0;0;3046;0;0;89;0;80;0;
26107;4953499;1029324800;28344320;1122680832;0;0;0;0;0;0;0;0;0;0;0;2414;0;0;89;0;80;0;
26108;4333477;1029324800;28344320;1122680832;0;0;0;0;0;0;0;0;0;0;0;3006;0;0;89;0;80;0;
26109;5256307;1029324800;28344320;1122680832;0;0;0;0;0;0;0;0;0;0;0;2625;0;0;89;0;80;0;
26110;5219408;1029324800;28344320;1122680832;0;0;0;0;0;0;0;0;0;0;0;4188;0;0;89;0;80;0;
26111;7755315;1029324800;28344320;1122680832;0;0;0;0;0;0;0;0;0;0;0;4318;0;0;89;0;80;0;
26112;5230590;1029324800;28344320;1122680832;0;0;0;0;0;0;0;0;0;0;0;4338;0;0;89;0;80;0;
26113;6790856;1029324800;28344320;1122680832;0;0;0;0;0;0;0;0;0;0;0;4057;0;0;89;0;80;0;
26114;6416423;1024061440;21729280;1116065792;0;0;0;0;0;0;0;0;0;0;0;3867;0;0;89;0;80;0;
26115;4888679;1024061440;21729280;1116065792;0;0;0;0;0;0;0;0;0;0;0;2595;0;0;89;0;80;0;
26116;4582213;1024061440;21729280;1116065792;0;0;0;0;0;0;0;0;0;0;0;4118;0;0;89;0;80;0;
26117;5285563;1024061440;21729280;1116065792;0;0;0;0;0;0;0;0;0;0;0;3206;0;0;89;0;80;0;
26118;4678995;1024061440;21729280;1116065792;0;0;0;0;0;0;0;0;0;0;0;3777;0;0;89;0;80;0;
26119;5507429;1024061440;21729280;1116065792;0;0;0;0;0;0;0;0;0;0;0;3546;0;0;89;0;80;0;
26120;3991165;1024061440;21729280;1116065792;0;0;0;0;0;0;0;0;0;0;0;2755;0;0;89;0;80;0;
26121;5858707;1024061440;21729280;1116065792;0;0;0;0;0;0;0;0;0;0;0;2735;0;0;89;0;80;0;
26122;4591171;1024061440;21729280;1116065792;0;0;0;0;0;0;0;0;0;0;0;3627;0;0;89;0;80;0;
26123;6135997;1024061440;21729280;1116065792;0;0;0;0;0;0;0;0;0;0;0;3366;0;0;89;0;80;0;
26124;4660991;1024061440;21729280;1116065792;0;0;0;0;0;0;0;0;0;0;0;2835;0;0;89;0;80;0;
26125;5518649;1024061440;21729280;1116065792;0;0;0;0;0;0;0;0;0;0;0;3066;0;0;89;0;80;0;
26126;4112282;1024061440;21729280;1116065792;0;0;0;0;0;0;0;0;0;0;0;3296;0;0;89;0;80;0;
26127;5749964;1024061440;21729280;1116065792;0;0;0;0;0;0;0;0;0;0;0;2315;0;0;89;0;80;0;
26128;3303956;1024061440;21729280;1116065792;0;0;0;0;0;0;0;0;0;0;0;2755;0;0;89;0;80;0;
26129;6217891;1029324800;28344320;1122680832;0;0;0;0;0;0;0;0;0;0;0;2695;0;0;89;0;80;0;
26130;3570486;1029324800;28344320;1122680832;0;0;0;0;0;0;0;0;0;0;0;3066;0;0;89;0;80;0;
26131;5973262;1029324800;28344320;1122680832;0;0;0;0;0;0;0;0;0;0;0;3136;0;0;89;0;80;0;
26132;4018987;1029324800;28344320;1122680832;0;0;0;0;0;0;0;0;0;0;0;3807;0;0;89;0;80;0;
26133;4971333;1029324800;28344320;1122680832;0;0;0;0;0;0;0;0;0;0;0;2715;0;0;89;0;80;0;
26134;5127245;1029324800;28344320;1122680832;0;0;0;0;0;0;0;0;0;0;0;4128;0;0;89;0;80;0;
26135;5229497;1029324800;28344320;1122680832;0;0;0;0;0;0;0;0;0;0;0;3436;0;0;89;0;80;0;
26136;5263571;1029324800;28344320;1122680832;0;0;0;0;0;0;0;0;0;0;0;3537;0;0;89;0;80;0;
26137;5850642;1029324800;28344320;1122680832;0;0;0;0;0;0;0;0;0;0;0;3186;0;0;89;0;80;0;
26138;3822458;1029324800;28344320;1122680832;0;0;0;0;0;0;0;0;0;0;0;3527;0;0;89;0;80;0;
26139;4827523;1029324800;28344320;1122680832;0;0;0;0;0;0;0;0;0;0;0;2374;0;0;89;0;80;0;
26140;4257585;1029324800;28344320;1122680832;0;0;0;0;0;0;0;0;0;0;0;2755;0;0;89;0;80;0;
26141;5204030;1029324800;28344320;1122680832;0;0;0;0;0;0;0;0;0;0;0;2715;0;0;89;0;80;0;
26142;3459297;1029324800;28344320;1122680832;0;0;0;0;0;0;0;0;0;0;0;2795;0;0;89;0;80;0;
26143;5249024;1029324800;28344320;1122680832;0;0;0;0;0;0;0;0;0;0;0;2235;0;0;89;0;80;0;
26144;4327365;1029324800;28344320;1122680832;0;0;0;0;0;0;0;0;0;0;0;2615;0;0;89;0;80;0;
26145;5413181;1029324800;28344320;1122680832;0;0;0;0;0;0;0;0;0;0;0;2766;0;0;89;0;80;0;
26146;3522065;1029324800;28344320;1122680832;0;0;0;0;0;0;0;0;0;0;0;2775;0;0;89;0;80;0;
26147;5791441;1029324800;28344320;1122680832;0;0;0;0;0;0;0;0;0;0;0;2204;0;0;89;0;80;0;
26148;5150149;1029324800;28344320;1122680832;0;0;0;0;0;0;0;0;0;0;0;4769;0;0;89;0;80;0;
26149;6895121;1029324800;28344320;1122680832;0;0;0;0;0;0;0;0;0;0;0;3817;0;0;89;0;80;0;
26150;8094821;1029324800;28344320;1122680832;0;0;0;0;0;0;0;0;0;0;0;14016;0;0;89;0;80;0;
26151;5697495;1029324800;28344320;1122680832;0;0;0;0;0;0;0;0;0;0;0;3076;0;0;89;0;80;0;
26152;3746296;1029324800;28344320;1122680832;0;0;0;0;0;0;0;0;0;0;0;2936;0;0;89;0;80;0;
26153;5419143;1029324800;28344320;1122680832;0;0;0;0;0;0;0;0;0;0;0;2926;0;0;89;0;80;0;
26154;3982519;1029324800;28344320;1122680832;0;0;0;0;0;0;0;0;0;0;0;3567;0;0;89;0;80;0;
26155;5189422;1029324800;28344320;1122680832;0;0;0;0;0;0;0;0;0;0;0;2875;0;0;89;0;80;0;
26156;4826100;1029324800;28344320;1122680832;0;0;0;0;0;0;0;0;0;0;0;3176;0;0;89;0;80;0;
26157;5631552;1029324800;28344320;1122680832;0;0;0;0;0;0;0;0;0;0;0;2525;0;0;89;0;80;0;
26158;5277467;1029324800;28344320;1122680832;0;0;0;0;0;0;0;0;0;0;0;3186;0;0;89;0;80;0;
26159;5251208;1029324800;28344320;1122680832;0;0;0;0;0;0;0;0;0;0;0;3427;0;0;89;0;80;0;
26160;5482462;1029324800;28344320;1122680832;0;0;0;0;0;0;0;0;0;0;0;4138;0;0;89;0;80;0;
26161;5497129;1029324800;28344320;1122680832;0;0;0;0;0;0;0;0;0;0;0;3105;0;0;89;0;80;0;
26162;4901502;1029324800;28344320;1122680832;0;0;0;0;0;0;0;0;0;0;0;3336;0;0;89;0;80;0;
26163;5040764;1029324800;28344320;1122680832;0;0;0;0;0;0;0;0;0;0;0;3035;0;0;89;0;80;0;
26164;13355086;1029324800;28344320;1122680832;0;0;0;0;0;0;0;0;0;0;0;3677;0;0;89;0;80;0;
26165;6012074;1029324800;28344320;1122680832;0;0;0;0;0;0;0;0;0;0;0;2575;0;0;89;0;80;0;
26166;4440057;1029324800;28344320;1122680832;0;0;0;0;0;0;0;0;0;0;0;3516;0;0;89;0;80;0;
26167;5464197;1029324800;28344320;1122680832;0;0;0;0;0;0;0;0;0;0;0;2936;0;0;89;0;80;0;
26168;5576498;1029324800;28344320;1122680832;0;0;0;0;0;0;0;0;0;0;0;3676;0;0;89;0;80;0;
26169;5340947;1029324800;28344320;1122680832;0;0;0;0;0;0;0;0;0;0;0;3196;0;0;89;0;80;0;
26170;5257349;1029324800;28344320;1122680832;0;0;0;0;0;0;0;0;0;0;0;3507;0;0;89;0;80;0;
26171;5306662;1029324800;28344320;1122680832;0;0;0;0;0;0;0;0;0;0;0;2875;0;0;89;0;80;0;
26172;6015321;1029324800;28344320;1122680832;0;0;0;0;0;0;0;0;0;0;0;3487;0;0;89;0;80;0;
26173;5625359;1029324800;28344320;1122680832;0;0;0;0;0;0;0;0;0;0;0;2805;0;0;89;0;80;0;
26174;5178101;1029324800;28344320;1122680832;0;0;0;0;0;0;0;0;0;0;0;3887;0;0;89;0;80;0;
26175;5474707;1029324800;28344320;1122680832;0;0;0;0;0;0;0;0;0;0;0;2524;0;0;89;0;80;0;
26176;4837071;1029324800;28344320;1122680832;0;0;0;0;0;0;0;0;0;0;0;3286;0;0;89;0;80;0;
26177;6703772;1029324800;28344320;1122680832;0;0;0;0;0;0;0;0;0;0;0;2615;0;0;89;0;80;0;
26178;4266582;1029324800;28344320;1122680832;0;0;0;0;0;0;0;0;0;0;0;2705;0;0;89;0;80;0;
26179;6528313;1029324800;28344320;1122680832;0;0;0;0;0;0;0;0;0;0;0;3136;0;0;89;0;80;0;
26180;4633600;1029324800;28344320;1122680832;0;0;0;0;0;0;0;0;0;0;0;2906;0;0;89;0;80;0;
26181;5342950;1029324800;28344320;1122680832;0;0;0;0;0;0;0;0;0;0;0;2364;0;0;89;0;80;0;
26182;3765912;1029324800;28344320;1122680832;0;0;0;0;0;0;0;0;0;0;0;2856;0;0;89;0;80;0;
26183;4702048;1029324800;28344320;1122680832;0;0;0;0;0;0;0;0;0;0;0;2365;0;0;89;0;80;0;
26184;4332144;1029324800;28344320;1122680832;0;0;0;0;0;0;0;0;0;0;0;2876;0;0;89;0;80;0;
26185;5047717;1029324800;28344320;1122680832;0;0;0;0;0;0;0;0;0;0;0;2705;0;0;89;0;80;0;
26186;4159721;1029324800;28344320;1122680832;0;0;0;0;0;0;0;0;0;0;0;3116;0;0;89;0;80;0;
26187;5284040;1029324800;28344320;1122680832;0;0;0;0;0;0;0;0;0;0;0;2645;0;0;89;0;80;0;
26188;4115659;1029324800;28344320;1122680832;0;0;0;0;0;0;0;0;0;0;0;3496;0;0;89;0;80;0;
26189;5661107;1029324800;28344320;1122680832;0;0;0;0;0;0;0;0;0;0;0;2554;0;0;89;0;80;0;
26190;5181457;1029324800;28344320;1122680832;0;0;0;0;0;0;0;0;0;0;0;3426;0;0;89;0;80;0;
26191;5498952;1029324800;28344320;1122680832;0;0;0;0;0;0;0;0;0;0;0;2846;0;0;89;0;80;0;
26192;4368012;1029324800;28344320;1122680832;0;0;0;0;0;0;0;0;0;0;0;2765;0;0;89;0;80;0;
26193;5603869;1029324800;28344320;1122680832;0;0;0;0;0;0;0;0;0;0;0;2405;0;0;89;0;80;0;
26194;5282206;1029324800;28344320;1122680832;0;0;0;0;0;0;0;0;0;0;0;2835;0;0;89;0;80;0;
26195;6170361;1029324800;28344320;1122680832;0;0;0;0;0;0;0;0;0;0;0;33072;0;0;89;0;80;0;
26196;5421197;1029324800;28344320;1122680832;0;0;0;0;0;0;0;0;0;0;0;2985;0;0;89;0;80;0;
26197;5301883;1029324800;28344320;1122680832;0;0;0;0;0;0;0;0;0;0;0;2565;0;0;89;0;80;0;
26198;3279010;1029324800;28344320;1122680832;0;0;0;0;0;0;0;0;0;0;0;2926;0;0;89;0;80;0;
26199;4805622;1029324800;28344320;1122680832;0;0;0;0;0;0;0;0;0;0;0;2806;0;0;89;0;80;0;
26200;3322631;1029324800;28344320;1122680832;0;0;0;0;0;0;0;0;0;0;0;2735;0;0;89;0;80;0;
26201;6410612;1029324800;28344320;1122680832;0;0;0;0;0;0;0;0;0;0;0;2494;0;0;89;0;80;0;
26202;4553370;1029324800;28344320;1122680832;0;0;0;0;0;0;0;0;0;0;0;2745;0;0;89;0;80;0;
26203;5587138;1029324800;28344320;1122680832;0;0;0;0;0;0;0;0;0;0;0;2575;0;0;89;0;80;0;
26204;5207767;1029324800;28344320;1122680832;0;0;0;0;0;0;0;0;0;0;0;2845;0;0;89;0;80;0;
26205;6060807;1029324800;28344320;1122680832;0;0;0;0;0;0;0;0;0;0;0;2515;0;0;89;0;80;0;
26206;4498767;1029324800;28344320;1122680832;0;0;0;0;0;0;0;0;0;0;0;3256;0;0;89;0;80;0;
26207;5959537;1029324800;28344320;1122680832;0;0;0;0;0;0;0;0;0;0;0;2715;0;0;89;0;80;0;
26208;4300735;1029324800;28344320;1122680832;0;0;0;0;0;0;0;0;0;0;0;3105;0;0;89;0;80;0;
26209;5074316;1029324800;28344320;1122680832;0;0;0;0;0;0;0;0;0;0;0;2755;0;0;89;0;80;0;
26210;4828515;1029324800;28344320;1122680832;0;0;0;0;0;0;0;0;0;0;0;3907;0;0;89;0;80;0;
26211;5812120;1029324800;28344320;1122680832;0;0;0;0;0;0;0;0;0;0;0;3396;0;0;89;0;80;0;
26212;5687005;1029324800;28344320;1122680832;0;0;0;0;0;0;0;0;0;0;0;3907;0;0;89;0;80;0;
26213;6297851;1029324800;28344320;1122680832;0;0;0;0;0;0;0;0;0;0;0;3837;0;0;89;0;80;0;
26214;5083764;1029324800;28344320;1122680832;0;0;0;0;0;0;0;0;0;0;0;3797;0;0;89;0;80;0;
26215;5390509;1029324800;28344320;1122680832;0;0;0;0;0;0;0;0;0;0;0;2845;0;0;89;0;80;0;
26216;5368638;1029324800;28344320;1122680832;0;0;0;0;0;0;0;0;0;0;0;3407;0;0;89;0;80;0;
26217;5236080;1029324800;28344320;1122680832;0;0;0;0;0;0;0;0;0;0;0;2675;0;0;89;0;80;0;
26218;6013568;1029324800;28344320;1122680832;0;0;0;0;0;0;0;0;0;0;0;3607;0;0;89;0;80;0;
26219;5602237;1029324800;28344320;1122680832;0;0;0;0;0;0;0;0;0;0;0;2755;0;0;89;0;80;0;
26220;5189973;1029324800;28344320;1122680832;0;0;0;0;0;0;0;0;0;0;0;3026;0;0;89;0;80;0;
26221;5524831;1029324800;28344320;1122680832;0;0;0;0;0;0;0;0;0;0;0;2715;0;0;89;0;80;0;
26222;6061448;1029324800;28344320;1122680832;0;0;0;0;0;0;0;0;0;0;0;4198;0;0;89;0;80;0;
26223;6622389;1029324800;28344320;1122680832;0;0;0;0;0;0;0;0;0;0;0;3276;0;0;89;0;80;0;
26224;5462404;1029324800;28344320;1122680832;0;0;0;0;0;0;0;0;0;0;0;4678;0;0;89;0;80;0;
26225;7821829;1029324800;28344320;1122680832;0;0;0;0;0;0;0;0;0;0;0;4047;0;0;89;0;80;0;
26226;6354878;1029324800;28344320;1122680832;0;0;0;0;0;0;0;0;0;0;0;3667;0;0;89;0;80;0;
26227;7469608;1029324800;28344320;1122680832;0;0;0;0;0;0;0;0;0;0;0;3296;0;0;89;0;80;0;
26228;5460170;1029324800;28344320;1122680832;0;0;0;0;0;0;0;0;0;0;0;2855;0;0;89;0;80;0;
26229;6483850;1029324800;28344320;1122680832;0;0;0;0;0;0;0;0;0;0;0;2505;0;0;89;0;80;0;
26230;5650196;1029324800;28344320;1122680832;0;0;0;0;0;0;0;0;0;0;0;2986;0;0;89;0;80;0;
26231;6244080;1029324800;28344320;1122680832;0;0;0;0;0;0;0;0;0;0;0;3186;0;0;89;0;80;0;
26232;3924099;1029324800;28344320;1122680832;0;0;0;0;0;0;0;0;0;0;0;2936;0;0;89;0;80;0;
26233;6366459;1029324800;28344320;1122680832;0;0;0;0;0;0;0;0;0;0;0;2425;0;0;89;0;80;0;
26234;3672778;1029324800;28344320;1122680832;0;0;0;0;0;0;0;0;0;0;0;2865;0;0;89;0;80;0;
26235;5177540;1029324800;28344320;1122680832;0;0;0;0;0;0;0;0;0;0;0;2374;0;0;89;0;80;0;
26236;6145215;1029324800;28344320;1122680832;0;0;0;0;0;0;0;0;0;0;0;3346;0;0;89;0;80;0;
26237;6367051;1029324800;28344320;1122680832;0;0;0;0;0;0;0;0;0;0;0;3296;0;0;89;0;80;0;
26238;7002522;1029324800;28344320;1122680832;0;0;0;0;0;0;0;0;0;0;0;3837;0;0;89;0;80;0;
26239;7268441;1029324800;28344320;1122680832;0;0;0;0;0;0;0;0;0;0;0;3105;0;0;89;0;80;0;
26240;5013782;1029324800;28344320;1122680832;0;0;0;0;0;0;0;0;0;0;0;3827;0;0;89;0;80;0;
26241;5605542;1029324800;28344320;1122680832;0;0;0;0;0;0;0;0;0;0;0;2605;0;0;89;0;80;0;
26242;5121154;1029324800;28344320;1122680832;0;0;0;0;0;0;0;0;0;0;0;4298;0;0;89;0;80;0;
26243;5816979;1029324800;28344320;1122680832;0;0;0;0;0;0;0;0;0;0;0;4078;0;0;89;0;80;0;
26244;5123699;1029324800;28344320;1122680832;0;0;0;0;0;0;0;0;0;0;0;3877;0;0;89;0;80;0;
26245;5590745;1029324800;28344320;1122680832;0;0;0;0;0;0;0;0;0;0;0;2895;0;0;89;0;80;0;
26246;5764381;1029324800;28344320;1122680832;0;0;0;0;0;0;0;0;0;0;0;3316;0;0;89;0;80;0;
26247;5170236;1029324800;28344320;1122680832;0;0;0;0;0;0;0;0;0;0;0;2675;0;0;89;0;80;0;
26248;7350375;1029324800;28344320;1122680832;0;0;0;0;0;0;0;0;0;0;0;2986;0;0;89;0;80;0;
26249;5730377;1029324800;28344320;1122680832;0;0;0;0;0;0;0;0;0;0;0;3066;0;0;89;0;80;0;
26250;5755824;1029324800;28344320;1122680832;0;0;0;0;0;0;0;0;0;0;0;3417;0;0;89;0;80;0;
26251;7466423;1029324800;28344320;1122680832;0;0;0;0;0;0;0;0;0;0;0;2916;0;0;89;0;80;0;
26252;6992714;1029324800;28344320;1122680832;0;0;0;0;0;0;0;0;0;0;0;3096;0;0;89;0;80;0;
26253;6989799;1029324800;28344320;1122680832;0;0;0;0;0;0;0;0;0;0;0;3667;0;0;89;0;80;0;
26254;4502013;1029324800;28344320;1122680832;0;0;0;0;0;0;0;0;0;0;0;3286;0;0;89;0;80;0;
26255;5619128;1029324800;28344320;1122680832;0;0;0;0;0;0;0;0;0;0;0;3336;0;0;89;0;80;0;
26256;5271496;1029324800;28344320;1122680832;0;0;0;0;0;0;0;0;0;0;0;3216;0;0;89;0;80;0;
26257;5842447;1029324800;28344320;1122680832;0;0;0;0;0;0;0;0;0;0;0;3377;0;0;89;0;80;0;
26258;5332210;1029324800;28344320;1122680832;0;0;0;0;0;0;0;0;0;0;0;4198;0;0;89;0;80;0;
26259;7188521;1029324800;28344320;1122680832;0;0;0;0;0;0;0;0;0;0;0;4929;0;0;89;0;80;0;
26260;4138201;1029324800;28344320;1122680832;0;0;0;0;0;0;0;0;0;0;0;3747;0;0;89;0;80;0;
26261;7151923;1029324800;28344320;1122680832;0;0;0;0;0;0;0;0;0;0;0;5110;0;0;89;0;80;0;
26262;4973898;1029324800;28344320;1122680832;0;0;0;0;0;0;0;0;0;0;0;4107;0;0;89;0;80;0;
26263;6383592;1029324800;28344320;1122680832;0;0;0;0;0;0;0;0;0;0;0;4639;0;0;89;0;80;0;
26264;5096067;1029324800;28344320;1122680832;0;0;0;0;0;0;0;0;0;0;0;4899;0;0;89;0;80;0;
26265;7040884;1029324800;28344320;1122680832;0;0;0;0;0;0;0;0;0;0;0;5009;0;0;89;0;80;0;
26266;7912259;1029324800;28344320;1122680832;0;0;0;0;0;0;0;0;0;0;0;3506;0;0;89;0;80;0;
26267;6190510;1029324800;28344320;1122680832;0;0;0;0;0;0;0;0;0;0;0;3486;0;0;89;0;80;0;
26268;5843298;1029324800;28344320;1122680832;0;0;0;0;0;0;0;0;0;0;0;4348;0;0;89;0;80;0;
26269;6379684;1029324800;28344320;1122680832;0;0;0;0;0;0;0;0;0;0;0;4057;0;0;89;0;80;0;
26270;5417229;1029324800;28344320;1122680832;0;0;0;0;0;0;0;0;0;0;0;3116;0;0;89;0;80;0;
26271;6312959;1029324800;28344320;1122680832;0;0;0;0;0;0;0;0;0;0;0;4118;0;0;89;0;80;0;
26272;4648818;1029324800;28344320;1122680832;0;0;0;0;0;0;0;0;0;0;0;3707;0;0;89;0;80;0;
26273;6923314;1029324800;28344320;1122680832;0;0;0;0;0;0;0;0;0;0;0;4518;0;0;89;0;80;0;
26274;4752763;1029324800;28344320;1122680832;0;0;0;0;0;0;0;0;0;0;0;4999;0;0;89;0;80;0;
26275;6928674;1029324800;28344320;1122680832;0;0;0;0;0;0;0;0;0;0;0;3787;0;0;89;0;80;0;
26276;4011203;1029324800;28344320;1122680832;0;0;0;0;0;0;0;0;0;0;0;3527;0;0;89;0;80;0;
26277;5999361;1029324800;28344320;1122680832;0;0;0;0;0;0;0;0;0;0;0;3316;0;0;89;0;80;0;
26278;4437883;1029324800;28344320;1122680832;0;0;0;0;0;0;0;0;0;0;0;3257;0;0;89;0;80;0;
26279;4823707;1029324800;28344320;1122680832;0;0;0;0;0;0;0;0;0;0;0;2214;0;0;89;0;80;0;
26280;4214504;1029324800;28344320;1122680832;0;0;0;0;0;0;0;0;0;0;0;2715;0;0;89;0;80;0;
26281;5026707;1029324800;28344320;1122680832;0;0;0;0;0;0;0;0;0;0;0;1894;0;0;89;0;80;0;
26282;3924130;1029324800;28344320;1122680832;0;0;0;0;0;0;0;0;0;0;0;2946;0;0;89;0;80;0;
26283;5290501;1029324800;28344320;1122680832;0;0;0;0;0;0;0;0;0;0;0;2354;0;0;89;0;80;0;
26284;3722421;1029324800;28344320;1122680832;0;0;0;0;0;0;0;0;0;0;0;3507;0;0;89;0;80;0;
26285;6332866;1029324800;28344320;1122680832;0;0;0;0;0;0;0;0;0;0;0;2675;0;0;89;0;80;0;
26286;6469112;1029324800;28344320;1122680832;0;0;0;0;0;0;0;0;0;0;0;2485;0;0;89;0;80;0;
26287;5561720;1029324800;28344320;1122680832;0;0;0;0;0;0;0;0;0;0;0;2023;0;0;89;0;80;0;
26288;5282607;1029324800;28344320;1122680832;0;0;0;0;0;0;0;0;0;0;0;2966;0;0;89;0;80;0;
26289;5474908;1029324800;28344320;1122680832;0;0;0;0;0;0;0;0;0;0;0;2094;0;0;89;0;80;0;
26290;3226421;1029324800;28344320;1122680832;0;0;0;0;0;0;0;0;0;0;0;2575;0;0;89;0;80;0;
26291;6730442;1029324800;28344320;1122680832;0;0;0;0;0;0;0;0;0;0;0;2034;0;0;89;0;80;0;
26292;4075843;1029324800;28344320;1122680832;0;0;0;0;0;0;0;0;0;0;0;3316;0;0;89;0;80;0;
26293;6238950;1029324800;28344320;1122680832;0;0;0;0;0;0;0;0;0;0;0;2705;0;0;89;0;80;0;
26294;5726399;1029324800;28344320;1122680832;0;0;0;0;0;0;0;0;0;0;0;3526;0;0;89;0;80;0;
26295;5449380;1029324800;28344320;1122680832;0;0;0;0;0;0;0;0;0;0;0;2815;0;0;89;0;80;0;
26296;4102464;1029324800;28344320;1122680832;0;0;0;0;0;0;0;0;0;0;0;3267;0;0;89;0;80;0;
26297;4779955;1029324800;28344320;1122680832;0;0;0;0;0;0;0;0;0;0;0;2354;0;0;89;0;80;0;
26298;4579218;1029324800;28344320;1122680832;0;0;0;0;0;0;0;0;0;0;0;3396;0;0;89;0;80;0;
26299;5500786;1029324800;28344320;1122680832;0;0;0;0;0;0;0;0;0;0;0;2385;0;0;89;0;80;0;
26300;4625124;1029324800;28344320;1122680832;0;0;0;0;0;0;0;0;0;0;0;3056;0;0;89;0;80;0;
26301;6137600;1029324800;28344320;1122680832;0;0;0;0;0;0;0;0;0;0;0;2866;0;0;89;0;80;0;
26302;4062229;1029324800;28344320;1122680832;0;0;0;0;0;0;0;0;0;0;0;3276;0;0;89;0;80;0;
26303;5307684;1029324800;28344320;1122680832;0;0;0;0;0;0;0;0;0;0;0;2575;0;0;89;0;80;0;
26304;4767972;1029324800;28344320;1122680832;0;0;0;0;0;0;0;0;0;0;0;2906;0;0;89;0;80;0;
26305;5618968;1029324800;28344320;1122680832;0;0;0;0;0;0;0;0;0;0;0;2235;0;0;89;0;80;0;
26306;3413090;1029324800;28344320;1122680832;0;0;0;0;0;0;0;0;0;0;0;2435;0;0;89;0;80;0;
26307;4597692;1029324800;28344320;1122680832;0;0;0;0;0;0;0;0;0;0;0;2444;0;0;89;0;80;0;
26308;3556018;1029324800;28344320;1122680832;0;0;0;0;0;0;0;0;0;0;0;3016;0;0;89;0;80;0;
26309;5358770;1029324800;28344320;1122680832;0;0;0;0;0;0;0;0;0;0;0;2464;0;0;89;0;80;0;
26310;3009394;1029324800;28344320;1122680832;0;0;0;0;0;0;0;0;0;0;0;2815;0;0;89;0;80;0;
26311;5076631;1029324800;28344320;1122680832;0;0;0;0;0;0;0;0;0;0;0;2695;0;0;89;0;80;0;
26312;4742905;1029324800;28344320;1122680832;0;0;0;0;0;0;0;0;0;0;0;3356;0;0;89;0;80;0;
26313;4965944;1029324800;28344320;1122680832;0;0;0;0;0;0;0;0;0;0;0;2705;0;0;89;0;80;0;
26314;2810711;1029324800;28344320;1122680832;0;0;0;0;0;0;0;0;0;0;0;2505;0;0;89;0;80;0;
26315;6189448;1029324800;28344320;1122680832;0;0;0;0;0;0;0;0;0;0;0;2756;0;0;89;0;80;0;
26316;4109387;1029324800;28344320;1122680832;0;0;0;0;0;0;0;0;0;0;0;3426;0;0;89;0;80;0;
26317;5854569;1029324800;28344320;1122680832;0;0;0;0;0;0;0;0;0;0;0;2865;0;0;89;0;80;0;
26318;3986676;1029324800;28344320;1122680832;0;0;0;0;0;0;0;0;0;0;0;3095;0;0;89;0;80;0;
26319;5052686;1029324800;28344320;1122680832;0;0;0;0;0;0;0;0;0;0;0;2284;0;0;89;0;80;0;
26320;2957777;1029324800;28344320;1122680832;0;0;0;0;0;0;0;0;0;0;0;2895;0;0;89;0;80;0;
26321;4659739;1029324800;28344320;1122680832;0;0;0;0;0;0;0;0;0;0;0;2395;0;0;89;0;80;0;
26322;3404124;1029324800;28344320;1122680832;0;0;0;0;0;0;0;0;0;0;0;2495;0;0;89;0;80;0;
26323;5445703;1029324800;28344320;1122680832;0;0;0;0;0;0;0;0;0;0;0;2034;0;0;89;0;80;0;
26324;3536442;1029324800;28344320;1122680832;0;0;0;0;0;0;0;0;0;0;0;2816;0;0;89;0;80;0;
26325;5165136;1029324800;28344320;1122680832;0;0;0;0;0;0;0;0;0;0;0;2315;0;0;89;0;80;0;
26326;3249374;1029324800;28344320;1122680832;0;0;0;0;0;0;0;0;0;0;0;2765;0;0;89;0;80;0;
26327;5412330;1029324800;28344320;1122680832;0;0;0;0;0;0;0;0;0;0;0;2365;0;0;89;0;80;0;
26328;3159235;1029324800;28344320;1122680832;0;0;0;0;0;0;0;0;0;0;0;2464;0;0;89;0;80;0;
26329;5274912;1029324800;28344320;1122680832;0;0;0;0;0;0;0;0;0;0;0;2325;0;0;89;0;80;0;
26330;4767171;1029324800;28344320;1122680832;0;0;0;0;0;0;0;0;0;0;0;3827;0;0;89;0;80;0;
26331;7187750;1029324800;28344320;1122680832;0;0;0;0;0;0;0;0;0;0;0;5390;0;0;89;0;80;0;
26332;5008433;1029324800;28344320;1122680832;0;0;0;0;0;0;0;0;0;0;0;4799;0;0;89;0;80;0;
26333;7195364;1029324800;28344320;1122680832;0;0;0;0;0;0;0;0;0;0;0;57057;0;0;89;0;80;0;
26334;7416950;1029324800;28344320;1122680832;0;0;0;0;0;0;0;0;0;0;0;5069;0;0;89;0;80;0;
26335;5392112;1029324800;28344320;1122680832;0;0;0;0;0;0;0;0;0;0;0;3446;0;0;89;0;80;0;
26336;6876727;1029324800;28344320;1122680832;0;0;0;0;0;0;0;0;0;0;0;3757;0;0;89;0;80;0;
26337;6007847;1029324800;28344320;1122680832;0;0;0;0;0;0;0;0;0;0;0;3687;0;0;89;0;80;0;
26338;4873961;1029324800;28344320;1122680832;0;0;0;0;0;0;0;0;0;0;0;3667;0;0;89;0;80;0;
26339;5579784;1029324800;28344320;1122680832;0;0;0;0;0;0;0;0;0;0;0;3056;0;0;89;0;80;0;
26340;5473916;1029324800;28344320;1122680832;0;0;0;0;0;0;0;0;0;0;0;5360;0;0;89;0;80;0;
26341;5566971;1029324800;28344320;1122680832;0;0;0;0;0;0;0;0;0;0;0;3357;0;0;89;0;80;0;
26342;5884907;1029324800;28344320;1122680832;0;0;0;0;0;0;0;0;0;0;0;3787;0;0;89;0;80;0;
26343;5694880;1029324800;28344320;1122680832;0;0;0;0;0;0;0;0;0;0;0;3045;0;0;89;0;80;0;
26344;5337790;1029324800;28344320;1122680832;0;0;0;0;0;0;0;0;0;0;0;4027;0;0;89;0;80;0;
26345;6246805;1029324800;28344320;1122680832;0;0;0;0;0;0;0;0;0;0;0;4217;0;0;89;0;80;0;
26346;5529660;1029324800;28344320;1122680832;0;0;0;0;0;0;0;0;0;0;0;5420;0;0;89;0;80;0;
26347;10847534;1029324800;28344320;1122680832;0;0;0;0;0;0;0;0;0;0;0;6111;0;0;89;0;80;0;
26348;12386088;1029324800;28344320;1122680832;0;0;0;0;0;0;0;0;0;0;0;5430;0;0;89;0;80;0;
26349;6485893;1029324800;28344320;1122680832;0;0;0;0;0;0;0;0;0;0;0;4308;0;0;89;0;80;0;
26350;6859504;1029324800;28344320;1122680832;0;0;0;0;0;0;0;0;0;0;0;5821;0;0;89;0;80;0;
26351;5665085;1029324800;28344320;1122680832;0;0;0;0;0;0;0;0;0;0;0;3687;0;0;89;0;80;0;
26352;6935907;1029324800;28344320;1122680832;0;0;0;0;0;0;0;0;0;0;0;5180;0;0;89;0;80;0;
26353;6259750;1029324800;28344320;1122680832;0;0;0;0;0;0;0;0;0;0;0;3586;0;0;89;0;80;0;
26354;4703962;1029324800;28344320;1122680832;0;0;0;0;0;0;0;0;0;0;0;4108;0;0;89;0;80;0;
26355;5712794;1029324800;28344320;1122680832;0;0;0;0;0;0;0;0;0;0;0;3657;0;0;89;0;80;0;
26356;5110144;1029324800;28344320;1122680832;0;0;0;0;0;0;0;0;0;0;0;4117;0;0;89;0;80;0;
26357;5915353;1029324800;28344320;1122680832;0;0;0;0;0;0;0;0;0;0;0;3086;0;0;89;0;80;0;
26358;4674626;1029324800;28344320;1122680832;0;0;0;0;0;0;0;0;0;0;0;4559;0;0;89;0;80;0;
26359;6196551;1029324800;28344320;1122680832;0;0;0;0;0;0;0;0;0;0;0;2594;0;0;89;0;80;0;
26360;5201745;1029324800;28344320;1122680832;0;0;0;0;0;0;0;0;0;0;0;3787;0;0;89;0;80;0;
26361;5667028;1029324800;28344320;1122680832;0;0;0;0;0;0;0;0;0;0;0;3397;0;0;89;0;80;0;
26362;5221722;1029324800;28344320;1122680832;0;0;0;0;0;0;0;0;0;0;0;4088;0;0;89;0;80;0;
26363;5135130;1029324800;28344320;1122680832;0;0;0;0;0;0;0;0;0;0;0;3457;0;0;89;0;80;0;
26364;5201304;1029324800;28344320;1122680832;0;0;0;0;0;0;0;0;0;0;0;5310;0;0;89;0;80;0;
26365;5417329;1029324800;28344320;1122680832;0;0;0;0;0;0;0;0;0;0;0;3196;0;0;89;0;80;0;
26366;5153716;1029324800;28344320;1122680832;0;0;0;0;0;0;0;0;0;0;0;4578;0;0;89;0;80;0;
26367;5415075;1029324800;28344320;1122680832;0;0;0;0;0;0;0;0;0;0;0;2665;0;0;89;0;80;0;
26368;5174214;1029324800;28344320;1122680832;0;0;0;0;0;0;0;0;0;0;0;4959;0;0;89;0;80;0;
26369;7183331;1029324800;28344320;1122680832;0;0;0;0;0;0;0;0;0;0;0;4338;0;0;89;0;80;0;
26370;4371548;1029324800;28344320;1122680832;0;0;0;0;0;0;0;0;0;0;0;4618;0;0;89;0;80;0;
26371;5981929;1029324800;28344320;1122680832;0;0;0;0;0;0;0;0;0;0;0;3627;0;0;89;0;80;0;
26372;4528403;1029324800;28344320;1122680832;0;0;0;0;0;0;0;0;0;0;0;3547;0;0;89;0;80;0;
26373;6283765;1029324800;28344320;1122680832;0;0;0;0;0;0;0;0;0;0;0;4398;0;0;89;0;80;0;
26374;4073359;1029324800;28344320;1122680832;0;0;0;0;0;0;0;0;0;0;0;4098;0;0;89;0;80;0;
26375;6583126;1029324800;28344320;1122680832;0;0;0;0;0;0;0;0;0;0;0;4659;0;0;89;0;80;0;
26376;4353515;1029324800;28344320;1122680832;0;0;0;0;0;0;0;0;0;0;0;3877;0;0;89;0;80;0;
26377;5830214;1029324800;28344320;1122680832;0;0;0;0;0;0;0;0;0;0;0;3125;0;0;89;0;80;0;
26378;5097300;1029324800;28344320;1122680832;0;0;0;0;0;0;0;0;0;0;0;4629;0;0;89;0;80;0;
26379;7238836;1029324800;28344320;1122680832;0;0;0;0;0;0;0;0;0;0;0;4529;0;0;89;0;80;0;
26380;4967867;1029324800;28344320;1122680832;0;0;0;0;0;0;0;0;0;0;0;4749;0;0;89;0;80;0;
26381;6945385;1029324800;28344320;1122680832;0;0;0;0;0;0;0;0;0;0;0;4688;0;0;89;0;80;0;
26382;5229868;1029324800;28344320;1122680832;0;0;0;0;0;0;0;0;0;0;0;10660;0;0;89;0;80;0;
26383;8258097;1029324800;28344320;1122680832;0;0;0;0;0;0;0;0;0;0;0;5530;0;0;89;0;80;0;
26384;5227403;1029324800;28344320;1122680832;0;0;0;0;0;0;0;0;0;0;0;4318;0;0;89;0;80;0;
26385;6155844;1029324800;28344320;1122680832;0;0;0;0;0;0;0;0;0;0;0;4609;0;0;89;0;80;0;
26386;4906101;1029324800;28344320;1122680832;0;0;0;0;0;0;0;0;0;0;0;5400;0;0;89;0;80;0;
26387;6708842;1029324800;28344320;1122680832;0;0;0;0;0;0;0;0;0;0;0;4378;0;0;89;0;80;0;
26388;4963549;1029324800;28344320;1122680832;0;0;0;0;0;0;0;0;0;0;0;4669;0;0;89;0;80;0;
26389;6436862;1029324800;28344320;1122680832;0;0;0;0;0;0;0;0;0;0;0;4118;0;0;89;0;80;0;
26390;4647236;1029324800;28344320;1122680832;0;0;0;0;0;0;0;0;0;0;0;5350;0;0;89;0;80;0;
26391;7776233;1029324800;28344320;1122680832;0;0;0;0;0;0;0;0;0;0;0;4348;0;0;89;0;80;0;
26392;5839281;1029324800;28344320;1122680832;0;0;0;0;0;0;0;0;0;0;0;4137;0;0;89;0;80;0;
26393;6338166;1029324800;28344320;1122680832;0;0;0;0;0;0;0;0;0;0;0;4809;0;0;89;0;80;0;
26394;5780921;1029324800;28344320;1122680832;0;0;0;0;0;0;0;0;0;0;0;3977;0;0;89;0;80;0;
26395;6366109;1029324800;28344320;1122680832;0;0;0;0;0;0;0;0;0;0;0;4248;0;0;89;0;80;0;
26396;5961711;1029324800;28344320;1122680832;0;0;0;0;0;0;0;0;0;0;0;4669;0;0;89;0;80;0;
26397;6473510;1029324800;28344320;1122680832;0;0;0;0;0;0;0;0;0;0;0;3456;0;0;89;0;80;0;
26398;6499208;1029324800;28344320;1122680832;0;0;0;0;0;0;0;0;0;0;0;4168;0;0;89;0;80;0;
26399;5604621;1029324800;28344320;1122680832;0;0;0;0;0;0;0;0;0;0;0;3126;0;0;89;0;80;0;
26400;8678586;1029324800;28344320;1122680832;0;0;0;0;0;0;0;0;0;0;0;8425;0;0;89;0;80;0;
26401;6496994;1029324800;28344320;1122680832;0;0;0;0;0;0;0;0;0;0;0;4057;0;0;89;0;80;0;
26402;7321630;1029324800;28344320;1122680832;0;0;0;0;0;0;0;0;0;0;0;5030;0;0;89;0;80;0;
26403;6803088;1029324800;28344320;1122680832;0;0;0;0;0;0;0;0;0;0;0;5541;0;0;89;0;80;0;
26404;5746847;1029324800;28344320;1122680832;0;0;0;0;0;0;0;0;0;0;0;4449;0;0;89;0;80;0;
26405;6609164;1029324800;28344320;1122680832;0;0;0;0;0;0;0;0;0;0;0;4388;0;0;89;0;80;0;
26406;3973572;1029324800;28344320;1122680832;0;0;0;0;0;0;0;0;0;0;0;4358;0;0;89;0;80;0;
26407;5100045;1029324800;28344320;1122680832;0;0;0;0;0;0;0;0;0;0;0;3136;0;0;89;0;80;0;
26408;4498757;1029324800;28344320;1122680832;0;0;0;0;0;0;0;0;0;0;0;3356;0;0;89;0;80;0;
26409;4917712;1029324800;28344320;1122680832;0;0;0;0;0;0;0;0;0;0;0;2665;0;0;89;0;80;0;
26410;4544031;1029324800;28344320;1122680832;0;0;0;0;0;0;0;0;0;0;0;3647;0;0;89;0;80;0;
26411;5332891;1029324800;28344320;1122680832;0;0;0;0;0;0;0;0;0;0;0;3136;0;0;89;0;80;0;
26412;4362963;1029324800;28344320;1122680832;0;0;0;0;0;0;0;0;0;0;0;3587;0;0;89;0;80;0;
26413;5324516;1029324800;28344320;1122680832;0;0;0;0;0;0;0;0;0;0;0;2144;0;0;89;0;80;0;
26414;4670880;1029324800;28344320;1122680832;0;0;0;0;0;0;0;0;0;0;0;2985;0;0;89;0;80;0;
26415;5841124;1029324800;28344320;1122680832;0;0;0;0;0;0;0;0;0;0;0;3176;0;0;89;0;80;0;
26416;5290742;1029324800;28344320;1122680832;0;0;0;0;0;0;0;0;0;0;0;3988;0;0;89;0;80;0;
26417;5434722;1029324800;28344320;1122680832;0;0;0;0;0;0;0;0;0;0;0;3226;0;0;89;0;80;0;
26418;5102318;1029324800;28344320;1122680832;0;0;0;0;0;0;0;0;0;0;0;3456;0;0;89;0;80;0;
26419;5883875;1029324800;28344320;1122680832;0;0;0;0;0;0;0;0;0;0;0;3727;0;0;89;0;80;0;
26420;4835929;1029324800;28344320;1122680832;0;0;0;0;0;0;0;0;0;0;0;3487;0;0;89;0;80;0;
26421;5416047;1029324800;28344320;1122680832;0;0;0;0;0;0;0;0;0;0;0;3877;0;0;89;0;80;0;
26422;4350279;1029324800;28344320;1122680832;0;0;0;0;0;0;0;0;0;0;0;3166;0;0;89;0;80;0;
26423;5767295;1029324800;28344320;1122680832;0;0;0;0;0;0;0;0;0;0;0;2294;0;0;89;0;80;0;
26424;4626787;1029324800;28344320;1122680832;0;0;0;0;0;0;0;0;0;0;0;3116;0;0;89;0;80;0;
26425;5424363;1029324800;28344320;1122680832;0;0;0;0;0;0;0;0;0;0;0;2966;0;0;89;0;80;0;
26426;5000518;1029324800;28344320;1122680832;0;0;0;0;0;0;0;0;0;0;0;4529;0;0;89;0;80;0;
26427;6588436;1029324800;28344320;1122680832;0;0;0;0;0;0;0;0;0;0;0;3657;0;0;89;0;80;0;
26428;4547308;1029324800;28344320;1122680832;0;0;0;0;0;0;0;0;0;0;0;4318;0;0;89;0;80;0;
26429;5554416;1029324800;28344320;1122680832;0;0;0;0;0;0;0;0;0;0;0;2725;0;0;89;0;80;0;
26430;5071421;1029324800;28344320;1122680832;0;0;0;0;0;0;0;0;0;0;0;3357;0;0;89;0;80;0;
26431;5263111;1029324800;28344320;1122680832;0;0;0;0;0;0;0;0;0;0;0;3386;0;0;89;0;80;0;
26432;4586622;1029324800;28344320;1122680832;0;0;0;0;0;0;0;0;0;0;0;3086;0;0;89;0;80;0;
26433;5870158;1029324800;28344320;1122680832;0;0;0;0;0;0;0;0;0;0;0;3105;0;0;89;0;80;0;
26434;5374439;1029324800;28344320;1122680832;0;0;0;0;0;0;0;0;0;0;0;4469;0;0;89;0;80;0;
26435;4818406;1029324800;28344320;1122680832;0;0;0;0;0;0;0;0;0;0;0;2936;0;0;89;0;80;0;
26436;5039511;1029324800;28344320;1122680832;0;0;0;0;0;0;0;0;0;0;0;3947;0;0;89;0;80;0;
26437;6312238;1029324800;28344320;1122680832;0;0;0;0;0;0;0;0;0;0;0;3466;0;0;89;0;80;0;
26438;5427388;1029324800;28344320;1122680832;0;0;0;0;0;0;0;0;0;0;0;3807;0;0;89;0;80;0;
26439;6069543;1029324800;28344320;1122680832;0;0;0;0;0;0;0;0;0;0;0;3347;0;0;89;0;80;0;
26440;5248282;1029324800;28344320;1122680832;0;0;0;0;0;0;0;0;0;0;0;3406;0;0;89;0;80;0;
26441;5463977;1029324800;28344320;1122680832;0;0;0;0;0;0;0;0;0;0;0;3407;0;0;89;0;80;0;
26442;5191065;1029324800;28344320;1122680832;0;0;0;0;0;0;0;0;0;0;0;44804;0;0;89;0;80;0;
26443;6842542;1029324800;28344320;1122680832;0;0;0;0;0;0;0;0;0;0;0;3095;0;0;89;0;80;0;
26444;3820765;1029324800;28344320;1122680832;0;0;0;0;0;0;0;0;0;0;0;3757;0;0;89;0;80;0;
26445;5571269;1029324800;28344320;1122680832;0;0;0;0;0;0;0;0;0;0;0;3507;0;0;89;0;80;0;
26446;5110955;1029324800;28344320;1122680832;0;0;0;0;0;0;0;0;0;0;0;3366;0;0;89;0;80;0;
26447;5779940;1029324800;28344320;1122680832;0;0;0;0;0;0;0;0;0;0;0;3446;0;0;89;0;80;0;
26448;4210206;1029324800;28344320;1122680832;0;0;0;0;0;0;0;0;0;0;0;3527;0;0;89;0;80;0;
26449;4785865;1029324800;28344320;1122680832;0;0;0;0;0;0;0;0;0;0;0;2745;0;0;89;0;80;0;
26450;4672082;1029324800;28344320;1122680832;0;0;0;0;0;0;0;0;0;0;0;4498;0;0;89;0;80;0;
26451;5063075;1029324800;28344320;1122680832;0;0;0;0;0;0;0;0;0;0;0;2855;0;0;89;0;80;0;
26452;5480157;1029324800;28344320;1122680832;0;0;0;0;0;0;0;0;0;0;0;3286;0;0;89;0;80;0;
26453;5605723;1029324800;28344320;1122680832;0;0;0;0;0;0;0;0;0;0;0;3216;0;0;89;0;80;0;
26454;5090506;1029324800;28344320;1122680832;0;0;0;0;0;0;0;0;0;0;0;4048;0;0;89;0;80;0;
26455;5412190;1029324800;28344320;1122680832;0;0;0;0;0;0;0;0;0;0;0;3536;0;0;89;0;80;0;
26456;4518945;1029324800;28344320;1122680832;0;0;0;0;0;0;0;0;0;0;0;3727;0;0;89;0;80;0;
26457;6103396;1029324800;28344320;1122680832;0;0;0;0;0;0;0;0;0;0;0;3597;0;0;89;0;80;0;
26458;5234647;1029324800;28344320;1122680832;0;0;0;0;0;0;0;0;0;0;0;3437;0;0;89;0;80;0;
26459;5088153;1029324800;28344320;1122680832;0;0;0;0;0;0;0;0;0;0;0;3076;0;0;89;0;80;0;
26460;5537896;1029324800;28344320;1122680832;0;0;0;0;0;0;0;0;0;0;0;4258;0;0;89;0;80;0;
26461;6350249;1029324800;28344320;1122680832;0;0;0;0;0;0;0;0;0;0;0;3005;0;0;89;0;80;0;
26462;4272522;1029324800;28344320;1122680832;0;0;0;0;0;0;0;0;0;0;0;3777;0;0;89;0;80;0;
26463;5473145;1029324800;28344320;1122680832;0;0;0;0;0;0;0;0;0;0;0;3126;0;0;89;0;80;0;
26464;4886233;1029324800;28344320;1122680832;0;0;0;0;0;0;0;0;0;0;0;43251;0;0;89;0;80;0;
26465;5536794;1029324800;28344320;1122680832;0;0;0;0;0;0;0;0;0;0;0;3506;0;0;89;0;80;0;
26466;4225886;1029324800;28344320;1122680832;0;0;0;0;0;0;0;0;0;0;0;3887;0;0;89;0;80;0;
26467;5069728;1029324800;28344320;1122680832;0;0;0;0;0;0;0;0;0;0;0;2875;0;0;89;0;80;0;
26468;5429543;1029324800;28344320;1122680832;0;0;0;0;0;0;0;0;0;0;0;3096;0;0;89;0;80;0;
26469;5418051;1029324800;28344320;1122680832;0;0;0;0;0;0;0;0;0;0;0;3336;0;0;89;0;80;0;
26470;4157106;1029324800;28344320;1122680832;0;0;0;0;0;0;0;0;0;0;0;4068;0;0;89;0;80;0;
26471;6705535;1029324800;28344320;1122680832;0;0;0;0;0;0;0;0;0;0;0;3707;0;0;89;0;80;0;
26472;5534930;1029324800;28344320;1122680832;0;0;0;0;0;0;0;0;0;0;0;3436;0;0;89;0;80;0;
26473;6276972;1029324800;28344320;1122680832;0;0;0;0;0;0;0;0;0;0;0;2955;0;0;89;0;80;0;
26474;5644906;1029324800;28344320;1122680832;0;0;0;0;0;0;0;0;0;0;0;2936;0;0;89;0;80;0;
26475;5845022;1029324800;28344320;1122680832;0;0;0;0;0;0;0;0;0;0;0;2535;0;0;89;0;80;0;
26476;4801184;1029324800;28344320;1122680832;0;0;0;0;0;0;0;0;0;0;0;9808;0;0;89;0;80;0;
26477;6716125;1029324800;28344320;1122680832;0;0;0;0;0;0;0;0;0;0;0;3226;0;0;89;0;80;0;
26478;4314492;1029324800;28344320;1122680832;0;0;0;0;0;0;0;0;0;0;0;3206;0;0;89;0;80;0;
26479;5911957;1029324800;28344320;1122680832;0;0;0;0;0;0;0;0;0;0;0;3276;0;0;89;0;80;0;
26480;5586877;1029324800;28344320;1122680832;0;0;0;0;0;0;0;0;0;0;0;3327;0;0;89;0;80;0;
26481;5380461;1029324800;28344320;1122680832;0;0;0;0;0;0;0;0;0;0;0;2645;0;0;89;0;80;0;
26482;5280303;1029324800;28344320;1122680832;0;0;0;0;0;0;0;0;0;0;0;3707;0;0;89;0;80;0;
26483;5797052;1029324800;28344320;1122680832;0;0;0;0;0;0;0;0;0;0;0;2756;0;0;89;0;80;0;
26484;4954933;1029324800;28344320;1122680832;0;0;0;0;0;0;0;0;0;0;0;3567;0;0;89;0;80;0;
26485;5909483;1029324800;28344320;1122680832;0;0;0;0;0;0;0;0;0;0;0;3257;0;0;89;0;80;0;
26486;4974188;1029324800;28344320;1122680832;0;0;0;0;0;0;0;0;0;0;0;3186;0;0;89;0;80;0;
26487;5372175;1029324800;28344320;1122680832;0;0;0;0;0;0;0;0;0;0;0;2765;0;0;89;0;80;0;
26488;4445477;1029324800;28344320;1122680832;0;0;0;0;0;0;0;0;0;0;0;3216;0;0;89;0;80;0;
26489;6676080;1029324800;28344320;1122680832;0;0;0;0;0;0;0;0;0;0;0;44153;0;0;89;0;80;0;
26490;4795764;1029324800;28344320;1122680832;0;0;0;0;0;0;0;0;0;0;0;2895;0;0;89;0;80;0;
26491;5043528;1029324800;28344320;1122680832;0;0;0;0;0;0;0;0;0;0;0;2665;0;0;89;0;80;0;
26492;4670489;1029324800;28344320;1122680832;0;0;0;0;0;0;0;0;0;0;0;2765;0;0;89;0;80;0;
26493;5413762;1029324800;28344320;1122680832;0;0;0;0;0;0;0;0;0;0;0;2324;0;0;89;0;80;0;
26494;3350554;1029324800;28344320;1122680832;0;0;0;0;0;0;0;0;0;0;0;2775;0;0;89;0;80;0;
26495;4551546;1029324800;28344320;1122680832;0;0;0;0;0;0;0;0;0;0;0;2796;0;0;89;0;80;0;
26496;4365547;1029324800;28344320;1122680832;0;0;0;0;0;0;0;0;0;0;0;3196;0;0;89;0;80;0;
26497;5437317;1029324800;28344320;1122680832;0;0;0;0;0;0;0;0;0;0;0;2785;0;0;89;0;80;0;
26498;4596329;1029324800;28344320;1122680832;0;0;0;0;0;0;0;0;0;0;0;3887;0;0;89;0;80;0;
26499;6390474;1029324800;28344320;1122680832;0;0;0;0;0;0;0;0;0;0;0;3276;0;0;89;0;80;0;
26500;4755298;1029324800;28344320;1122680832;0;0;0;0;0;0;0;0;0;0;0;2645;0;0;89;0;80;0;
26501;6235654;1029324800;28344320;1122680832;0;0;0;0;0;0;0;0;0;0;0;2455;0;0;89;0;80;0;
26502;5123458;1029324800;28344320;1122680832;0;0;0;0;0;0;0;0;0;0;0;3066;0;0;89;0;80;0;
26503;6001134;1029324800;28344320;1122680832;0;0;0;0;0;0;0;0;0;0;0;3086;0;0;89;0;80;0;
26504;6014920;1029324800;28344320;1122680832;0;0;0;0;0;0;0;0;0;0;0;4218;0;0;89;0;80;0;
26505;6244771;1029324800;28344320;1122680832;0;0;0;0;0;0;0;0;0;0;0;3296;0;0;89;0;80;0;
26506;5094444;1029324800;28344320;1122680832;0;0;0;0;0;0;0;0;0;0;0;3437;0;0;89;0;80;0;
26507;5161650;1029324800;28344320;1122680832;0;0;0;0;0;0;0;0;0;0;0;3005;0;0;89;0;80;0;
26508;5412260;1029324800;28344320;1122680832;0;0;0;0;0;0;0;0;0;0;0;4278;0;0;89;0;80;0;
26509;6570352;1029324800;28344320;1122680832;0;0;0;0;0;0;0;0;0;0;0;4428;0;0;89;0;80;0;
26510;5657379;1029324800;28344320;1122680832;0;0;0;0;0;0;0;0;0;0;0;4889;0;0;89;0;80;0;
26511;8120218;1029324800;28344320;1122680832;0;0;0;0;0;0;0;0;0;0;0;5230;0;0;89;0;80;0;
26512;7200874;1029324800;28344320;1122680832;0;0;0;0;0;0;0;0;0;0;0;4508;0;0;89;0;80;0;
26513;5891719;1029324800;28344320;1122680832;0;0;0;0;0;0;0;0;0;0;0;3957;0;0;89;0;80;0;
26514;6022926;1029324800;28344320;1122680832;0;0;0;0;0;0;0;0;0;0;0;4339;0;0;89;0;80;0;
26515;6880424;1029324800;28344320;1122680832;0;0;0;0;0;0;0;0;0;0;0;2725;0;0;89;0;80;0;
26516;5341658;1029324800;28344320;1122680832;0;0;0;0;0;0;0;0;0;0;0;4579;0;0;89;0;80;0;
26517;6139794;1029324800;28344320;1122680832;0;0;0;0;0;0;0;0;0;0;0;2434;0;0;89;0;80;0;
26518;4338387;1029324800;28344320;1122680832;0;0;0;0;0;0;0;0;0;0;0;3787;0;0;89;0;80;0;
26519;6247657;1029324800;28344320;1122680832;0;0;0;0;0;0;0;0;0;0;0;2735;0;0;89;0;80;0;
26520;4801986;1029324800;28344320;1122680832;0;0;0;0;0;0;0;0;0;0;0;3747;0;0;89;0;80;0;
26521;5751176;1029324800;28344320;1122680832;0;0;0;0;0;0;0;0;0;0;0;3086;0;0;89;0;80;0;
26522;6323108;1029324800;28344320;1122680832;0;0;0;0;0;0;0;0;0;0;0;3667;0;0;89;0;80;0;
26523;5901147;1029324800;28344320;1122680832;0;0;0;0;0;0;0;0;0;0;0;3347;0;0;89;0;80;0;
26524;4998403;1029324800;28344320;1122680832;0;0;0;0;0;0;0;0;0;0;0;3326;0;0;89;0;80;0;
26525;8893799;1029324800;28344320;1122680832;0;0;0;0;0;0;0;0;0;0;0;3446;0;0;89;0;80;0;
26526;12728711;1029324800;28344320;1122680832;0;0;0;0;0;0;0;0;0;0;0;5440;0;0;89;0;80;0;
26527;6823867;1029324800;28344320;1122680832;0;0;0;0;0;0;0;0;0;0;0;3947;0;0;89;0;80;0;
26528;6603955;1029324800;28344320;1122680832;0;0;0;0;0;0;0;0;0;0;0;4168;0;0;89;0;80;0;
26529;6525438;1029324800;28344320;1122680832;0;0;0;0;0;0;0;0;0;0;0;3386;0;0;89;0;80;0;
26530;5263811;1029324800;28344320;1122680832;0;0;0;0;0;0;0;0;0;0;0;4058;0;0;89;0;80;0;
26531;5304017;1029324800;28344320;1122680832;0;0;0;0;0;0;0;0;0;0;0;2826;0;0;89;0;80;0;
26532;4738597;1029324800;28344320;1122680832;0;0;0;0;0;0;0;0;0;0;0;3016;0;0;89;0;80;0;
26533;4735751;1029324800;28344320;1122680832;0;0;0;0;0;0;0;0;0;0;0;2544;0;0;89;0;80;0;
26534;4190158;1029324800;28344320;1122680832;0;0;0;0;0;0;0;0;0;0;0;3136;0;0;89;0;80;0;
26535;4998504;1029324800;28344320;1122680832;0;0;0;0;0;0;0;0;0;0;0;2985;0;0;89;0;80;0;
26536;3461943;1029324800;28344320;1122680832;0;0;0;0;0;0;0;0;0;0;0;2835;0;0;89;0;80;0;
26537;5540881;1029324800;28344320;1122680832;0;0;0;0;0;0;0;0;0;0;0;3196;0;0;89;0;80;0;
26538;4873439;1029324800;28344320;1122680832;0;0;0;0;0;0;0;0;0;0;0;3617;0;0;89;0;80;0;
26539;6220486;1029324800;28344320;1122680832;0;0;0;0;0;0;0;0;0;0;0;2595;0;0;89;0;80;0;
26540;3938806;1029324800;28344320;1122680832;0;0;0;0;0;0;0;0;0;0;0;3076;0;0;89;0;80;0;
26541;6371249;1029324800;28344320;1122680832;0;0;0;0;0;0;0;0;0;0;0;2745;0;0;89;0;80;0;
26542;5318093;1029324800;28344320;1122680832;0;0;0;0;0;0;0;0;0;0;0;3797;0;0;89;0;80;0;
26543;5748851;1029324800;28344320;1122680832;0;0;0;0;0;0;0;0;0;0;0;2986;0;0;89;0;80;0;
26544;4800332;1029324800;28344320;1122680832;0;0;0;0;0;0;0;0;0;0;0;3857;0;0;89;0;80;0;
26545;5252881;1029324800;28344320;1122680832;0;0;0;0;0;0;0;0;0;0;0;3086;0;0;89;0;80;0;
26546;4768262;1029324800;28344320;1122680832;0;0;0;0;0;0;0;0;0;0;0;3316;0;0;89;0;80;0;
26547;5161810;1029324800;28344320;1122680832;0;0;0;0;0;0;0;0;0;0;0;3116;0;0;89;0;80;0;
26548;5895095;1029324800;28344320;1122680832;0;0;0;0;0;0;0;0;0;0;0;3807;0;0;89;0;80;0;
26549;5833701;1029324800;28344320;1122680832;0;0;0;0;0;0;0;0;0;0;0;2945;0;0;89;0;80;0;
26550;4502944;1029324800;28344320;1122680832;0;0;0;0;0;0;0;0;0;0;0;4077;0;0;89;0;80;0;
26551;5859258;1029324800;28344320;1122680832;0;0;0;0;0;0;0;0;0;0;0;2705;0;0;89;0;80;0;
26552;4992633;1029324800;28344320;1122680832;0;0;0;0;0;0;0;0;0;0;0;3807;0;0;89;0;80;0;
26553;6004290;1029324800;28344320;1122680832;0;0;0;0;0;0;0;0;0;0;0;3476;0;0;89;0;80;0;
26554;5179183;1029324800;28344320;1122680832;0;0;0;0;0;0;0;0;0;0;0;4088;0;0;89;0;80;0;
26555;6400363;1029324800;28344320;1122680832;0;0;0;0;0;0;0;0;0;0;0;4098;0;0;89;0;80;0;
26556;4493897;1029324800;28344320;1122680832;0;0;0;0;0;0;0;0;0;0;0;4088;0;0;89;0;80;0;
26557;5500124;1029324800;28344320;1122680832;0;0;0;0;0;0;0;0;0;0;0;3557;0;0;89;0;80;0;
26558;5311882;1029324800;28344320;1122680832;0;0;0;0;0;0;0;0;0;0;0;3877;0;0;89;0;80;0;
26559;5244456;1029324800;28344320;1122680832;0;0;0;0;0;0;0;0;0;0;0;2615;0;0;89;0;80;0;
26560;5644336;1029324800;28344320;1122680832;0;0;0;0;0;0;0;0;0;0;0;3346;0;0;89;0;80;0;
26561;4970191;1029324800;28344320;1122680832;0;0;0;0;0;0;0;0;0;0;0;2675;0;0;89;0;80;0;
26562;5049931;1029324800;28344320;1122680832;0;0;0;0;0;0;0;0;0;0;0;3567;0;0;89;0;80;0;
26563;6286891;1029324800;28344320;1122680832;0;0;0;0;0;0;0;0;0;0;0;3446;0;0;89;0;80;0;
26564;5933257;1029324800;28344320;1122680832;0;0;0;0;0;0;0;0;0;0;0;3546;0;0;89;0;80;0;
26565;5558243;1029324800;28344320;1122680832;0;0;0;0;0;0;0;0;0;0;0;2685;0;0;89;0;80;0;
26566;5933317;1029324800;28344320;1122680832;0;0;0;0;0;0;0;0;0;0;0;4509;0;0;89;0;80;0;
26567;5419464;1029324800;28344320;1122680832;0;0;0;0;0;0;0;0;0;0;0;3146;0;0;89;0;80;0;
26568;7626432;1029324800;28344320;1122680832;0;0;0;0;0;0;0;0;0;0;0;3837;0;0;89;0;80;0;
26569;6434107;1029324800;28344320;1122680832;0;0;0;0;0;0;0;0;0;0;0;3326;0;0;89;0;80;0;
26570;4813497;1029324800;28344320;1122680832;0;0;0;0;0;0;0;0;0;0;0;3807;0;0;89;0;80;0;
26571;6352945;1029324800;28344320;1122680832;0;0;0;0;0;0;0;0;0;0;0;3026;0;0;89;0;80;0;
26572;5716752;1029324800;28344320;1122680832;0;0;0;0;0;0;0;0;0;0;0;5029;0;0;89;0;80;0;
26573;5816168;1029324800;28344320;1122680832;0;0;0;0;0;0;0;0;0;0;0;3907;0;0;89;0;80;0;
26574;5094034;1029324800;28344320;1122680832;0;0;0;0;0;0;0;0;0;0;0;3637;0;0;89;0;80;0;
26575;5228776;1029324800;28344320;1122680832;0;0;0;0;0;0;0;0;0;0;0;2695;0;0;89;0;80;0;
26576;5534760;1029324800;28344320;1122680832;0;0;0;0;0;0;0;0;0;0;0;3877;0;0;89;0;80;0;
26577;5951922;1029324800;28344320;1122680832;0;0;0;0;0;0;0;0;0;0;0;3286;0;0;89;0;80;0;
26578;6119547;1029324800;28344320;1122680832;0;0;0;0;0;0;0;0;0;0;0;4028;0;0;89;0;80;0;
26579;5832738;1029324800;28344320;1122680832;0;0;0;0;0;0;0;0;0;0;0;3276;0;0;89;0;80;0;
26580;6115468;1029324800;28344320;1122680832;0;0;0;0;0;0;0;0;0;0;0;3988;0;0;89;0;80;0;
26581;5778807;1029324800;28344320;1122680832;0;0;0;0;0;0;0;0;0;0;0;2375;0;0;89;0;80;0;
26582;5325648;1029324800;28344320;1122680832;0;0;0;0;0;0;0;0;0;0;0;2886;0;0;89;0;80;0;
26583;7727892;1029324800;28344320;1122680832;0;0;0;0;0;0;0;0;0;0;0;3116;0;0;89;0;80;0;
26584;4898467;1029324800;28344320;1122680832;0;0;0;0;0;0;0;0;0;0;0;3577;0;0;89;0;80;0;
26585;6498427;1029324800;28344320;1122680832;0;0;0;0;0;0;0;0;0;0;0;3837;0;0;89;0;80;0;
26586;6053703;1029324800;28344320;1122680832;0;0;0;0;0;0;0;0;0;0;0;4469;0;0;89;0;80;0;
26587;6877277;1029324800;28344320;1122680832;0;0;0;0;0;0;0;0;0;0;0;4068;0;0;89;0;80;0;
26588;6464143;1029324800;28344320;1122680832;0;0;0;0;0;0;0;0;0;0;0;4208;0;0;89;0;80;0;
26589;6294134;1029324800;28344320;1122680832;0;0;0;0;0;0;0;0;0;0;0;3307;0;0;89;0;80;0;
26590;6015592;1029324800;28344320;1122680832;0;0;0;0;0;0;0;0;0;0;0;4037;0;0;89;0;80;0;
26591;7641791;1029324800;28344320;1122680832;0;0;0;0;0;0;0;0;0;0;0;3767;0;0;89;0;80;0;
26592;4845207;1029324800;28344320;1122680832;0;0;0;0;0;0;0;0;0;0;0;3476;0;0;89;0;80;0;
26593;5810487;1029324800;28344320;1122680832;0;0;0;0;0;0;0;0;0;0;0;2705;0;0;89;0;80;0;
26594;4431631;1029324800;28344320;1122680832;0;0;0;0;0;0;0;0;0;0;0;3256;0;0;89;0;80;0;
26595;5554677;1029324800;28344320;1122680832;0;0;0;0;0;0;0;0;0;0;0;2755;0;0;89;0;80;0;
26596;4680538;1029324800;28344320;1122680832;0;0;0;0;0;0;0;0;0;0;0;3998;0;0;89;0;80;0;
26597;6173087;1029324800;28344320;1122680832;0;0;0;0;0;0;0;0;0;0;0;2605;0;0;89;0;80;0;
26598;4584086;1029324800;28344320;1122680832;0;0;0;0;0;0;0;0;0;0;0;2896;0;0;89;0;80;0;
26599;5563234;1029324800;28344320;1122680832;0;0;0;0;0;0;0;0;0;0;0;2705;0;0;89;0;80;0;
26600;4758925;1029324800;28344320;1122680832;0;0;0;0;0;0;0;0;0;0;0;3156;0;0;89;0;80;0;
26601;5947474;1029324800;28344320;1122680832;0;0;0;0;0;0;0;0;0;0;0;2525;0;0;89;0;80;0;
26602;4546126;1029324800;28344320;1122680832;0;0;0;0;0;0;0;0;0;0;0;3497;0;0;89;0;80;0;
26603;6795655;1029324800;28344320;1122680832;0;0;0;0;0;0;0;0;0;0;0;3065;0;0;89;0;80;0;
26604;4410702;1029324800;28344320;1122680832;0;0;0;0;0;0;0;0;0;0;0;3256;0;0;89;0;80;0;
26605;5691323;1029324800;28344320;1122680832;0;0;0;0;0;0;0;0;0;0;0;3056;0;0;89;0;80;0;
26606;5053808;1029324800;28344320;1122680832;0;0;0;0;0;0;0;0;0;0;0;3858;0;0;89;0;80;0;
26607;5488293;1029324800;28344320;1122680832;0;0;0;0;0;0;0;0;0;0;0;2875;0;0;89;0;80;0;
26608;3352467;1029324800;28344320;1122680832;0;0;0;0;0;0;0;0;0;0;0;3066;0;0;89;0;80;0;
26609;5859489;1029324800;28344320;1122680832;0;0;0;0;0;0;0;0;0;0;0;2786;0;0;89;0;80;0;
26610;5103251;1029324800;28344320;1122680832;0;0;0;0;0;0;0;0;0;0;0;4178;0;0;89;0;80;0;
26611;5405457;1029324800;28344320;1122680832;0;0;0;0;0;0;0;0;0;0;0;2715;0;0;89;0;80;0;
26612;4022935;1029324800;28344320;1122680832;0;0;0;0;0;0;0;0;0;0;0;3186;0;0;89;0;80;0;
26613;5474036;1029324800;28344320;1122680832;0;0;0;0;0;0;0;0;0;0;0;2795;0;0;89;0;80;0;
26614;3642611;1029324800;28344320;1122680832;0;0;0;0;0;0;0;0;0;0;0;3146;0;0;89;0;80;0;
26615;4569910;1029324800;28344320;1122680832;0;0;0;0;0;0;0;0;0;0;0;2564;0;0;89;0;80;0;
26616;4510078;1029324800;28344320;1122680832;0;0;0;0;0;0;0;0;0;0;0;3337;0;0;89;0;80;0;
26617;5814244;1029324800;28344320;1122680832;0;0;0;0;0;0;0;0;0;0;0;2114;0;0;89;0;80;0;
26618;3343169;1029324800;28344320;1122680832;0;0;0;0;0;0;0;0;0;0;0;3226;0;0;89;0;80;0;
26619;5796010;1029324800;28344320;1122680832;0;0;0;0;0;0;0;0;0;0;0;3246;0;0;89;0;80;0;
26620;4299554;1029324800;28344320;1122680832;0;0;0;0;0;0;0;0;0;0;0;39874;0;0;89;0;80;0;
26621;5526645;1029324800;28344320;1122680832;0;0;0;0;0;0;0;0;0;0;0;3306;0;0;89;0;80;0;
26622;4059723;1029324800;28344320;1122680832;0;0;0;0;0;0;0;0;0;0;0;3146;0;0;89;0;80;0;
26623;5582099;1029324800;28344320;1122680832;0;0;0;0;0;0;0;0;0;0;0;2756;0;0;89;0;80;0;
26624;5109081;1029324800;28344320;1122680832;0;0;0;0;0;0;0;0;0;0;0;3186;0;0;89;0;80;0;
26625;4614143;1029324800;28344320;1122680832;0;0;0;0;0;0;0;0;0;0;0;2545;0;0;89;0;80;0;
26626;4338807;1029324800;28344320;1122680832;0;0;0;0;0;0;0;0;0;0;0;3246;0;0;89;0;80;0;
26627;5559215;1029324800;28344320;1122680832;0;0;0;0;0;0;0;0;0;0;0;3145;0;0;89;0;80;0;
26628;5536063;1029324800;28344320;1122680832;0;0;0;0;0;0;0;0;0;0;0;3536;0;0;89;0;80;0;
26629;6238449;1029324800;28344320;1122680832;0;0;0;0;0;0;0;0;0;0;0;2365;0;0;89;0;80;0;
26630;4591009;1029324800;28344320;1122680832;0;0;0;0;0;0;0;0;0;0;0;3316;0;0;89;0;80;0;
26631;5852285;1029324800;28344320;1122680832;0;0;0;0;0;0;0;0;0;0;0;2685;0;0;89;0;80;0;
26632;4739248;1029324800;28344320;1122680832;0;0;0;0;0;0;0;0;0;0;0;3006;0;0;89;0;80;0;
26633;5838510;1029324800;28344320;1122680832;0;0;0;0;0;0;0;0;0;0;0;3256;0;0;89;0;80;0;
26634;5213457;1029324800;28344320;1122680832;0;0;0;0;0;0;0;0;0;0;0;2685;0;0;89;0;80;0;
26635;5149537;1029324800;28344320;1122680832;0;0;0;0;0;0;0;0;0;0;0;2685;0;0;89;0;80;0;
26636;7042137;1029324800;28344320;1122680832;0;0;0;0;0;0;0;0;0;0;0;14737;0;0;89;0;80;0;
26637;6157167;1029324800;28344320;1122680832;0;0;0;0;0;0;0;0;0;0;0;91802;0;0;89;0;80;0;
26638;4397046;1029324800;28344320;1122680832;0;0;0;0;0;0;0;0;0;0;0;2886;0;0;89;0;80;0;
26639;6286630;1029324800;28344320;1122680832;0;0;0;0;0;0;0;0;0;0;0;3116;0;0;89;0;80;0;
26640;5026837;1029324800;28344320;1122680832;0;0;0;0;0;0;0;0;0;0;0;2755;0;0;89;0;80;0;
26641;6002437;1029324800;28344320;1122680832;0;0;0;0;0;0;0;0;0;0;0;3186;0;0;89;0;80;0;
26642;5186367;1029324800;28344320;1122680832;0;0;0;0;0;0;0;0;0;0;0;2855;0;0;89;0;80;0;
26643;6168268;1029324800;28344320;1122680832;0;0;0;0;0;0;0;0;0;0;0;3337;0;0;89;0;80;0;
26644;4784052;1029324800;28344320;1122680832;0;0;0;0;0;0;0;0;0;0;0;3256;0;0;89;0;80;0;
26645;5797753;1029324800;28344320;1122680832;0;0;0;0;0;0;0;0;0;0;0;3116;0;0;89;0;80;0;
26646;4275529;1029324800;28344320;1122680832;0;0;0;0;0;0;0;0;0;0;0;3306;0;0;89;0;80;0;
26647;5177530;1029324800;28344320;1122680832;0;0;0;0;0;0;0;0;0;0;0;3336;0;0;89;0;80;0;
26648;5701863;1029324800;28344320;1122680832;0;0;0;0;0;0;0;0;0;0;0;3497;0;0;89;0;80;0;
26649;5678739;1029324800;28344320;1122680832;0;0;0;0;0;0;0;0;0;0;0;3126;0;0;89;0;80;0;
26650;5745375;1029324800;28344320;1122680832;0;0;0;0;0;0;0;0;0;0;0;3576;0;0;89;0;80;0;
26651;5859238;1029324800;28344320;1122680832;0;0;0;0;0;0;0;0;0;0;0;2936;0;0;89;0;80;0;
26652;5855361;1029324800;28344320;1122680832;0;0;0;0;0;0;0;0;0;0;0;3236;0;0;89;0;80;0;
26653;5441364;1029324800;28344320;1122680832;0;0;0;0;0;0;0;0;0;0;0;2766;0;0;89;0;80;0;
26654;5546683;1029324800;28344320;1122680832;0;0;0;0;0;0;0;0;0;0;0;3547;0;0;89;0;80;0;
26655;5278058;1029324800;28344320;1122680832;0;0;0;0;0;0;0;0;0;0;0;2715;0;0;89;0;80;0;
26656;6749408;1029324800;28344320;1122680832;0;0;0;0;0;0;0;0;0;0;0;3196;0;0;89;0;80;0;
26657;5284991;1029324800;28344320;1122680832;0;0;0;0;0;0;0;0;0;0;0;3026;0;0;89;0;80;0;
26658;4863912;1029324800;28344320;1122680832;0;0;0;0;0;0;0;0;0;0;0;3296;0;0;89;0;80;0;
26659;5766815;1029324800;28344320;1122680832;0;0;0;0;0;0;0;0;0;0;0;3447;0;0;89;0;80;0;
26660;5546321;1029324800;28344320;1122680832;0;0;0;0;0;0;0;0;0;0;0;3437;0;0;89;0;80;0;
26661;5058206;1029324800;28344320;1122680832;0;0;0;0;0;0;0;0;0;0;0;2575;0;0;89;0;80;0;
26662;3693927;1029324800;28344320;1122680832;0;0;0;0;0;0;0;0;0;0;0;3647;0;0;89;0;80;0;
26663;5888774;1029324800;28344320;1122680832;0;0;0;0;0;0;0;0;0;0;0;2785;0;0;89;0;80;0;
26664;4823045;1029324800;28344320;1122680832;0;0;0;0;0;0;0;0;0;0;0;3266;0;0;89;0;80;0;
26665;4921860;1029324800;28344320;1122680832;0;0;0;0;0;0;0;0;0;0;0;2986;0;0;89;0;80;0;
26666;3580605;1029324800;28344320;1122680832;0;0;0;0;0;0;0;0;0;0;0;3136;0;0;89;0;80;0;
26667;6114417;1029324800;28344320;1122680832;0;0;0;0;0;0;0;0;0;0;0;3065;0;0;89;0;80;0;
26668;4368363;1029324800;28344320;1122680832;0;0;0;0;0;0;0;0;0;0;0;3186;0;0;89;0;80;0;
26669;5801289;1029324800;28344320;1122680832;0;0;0;0;0;0;0;0;0;0;0;2885;0;0;89;0;80;0;
26670;4179358;1029324800;28344320;1122680832;0;0;0;0;0;0;0;0;0;0;0;3407;0;0;89;0;80;0;
26671;5261628;1029324800;28344320;1122680832;0;0;0;0;0;0;0;0;0;0;0;3156;0;0;89;0;80;0;
26672;4718890;1029324800;28344320;1122680832;0;0;0;0;0;0;0;0;0;0;0;3627;0;0;89;0;80;0;
26673;5046454;1029324800;28344320;1122680832;0;0;0;0;0;0;0;0;0;0;0;3016;0;0;89;0;80;0;
26674;5171779;1029324800;28344320;1122680832;0;0;0;0;0;0;0;0;0;0;0;3076;0;0;89;0;80;0;
26675;4630404;1029324800;28344320;1122680832;0;0;0;0;0;0;0;0;0;0;0;2956;0;0;89;0;80;0;
26676;5269612;1029324800;28344320;1122680832;0;0;0;0;0;0;0;0;0;0;0;3387;0;0;89;0;80;0;
26677;5714036;1029324800;28344320;1122680832;0;0;0;0;0;0;0;0;0;0;0;2975;0;0;89;0;80;0;
26678;5405748;1029324800;28344320;1122680832;0;0;0;0;0;0;0;0;0;0;0;2695;0;0;89;0;80;0;
26679;5638304;1029324800;28344320;1122680832;0;0;0;0;0;0;0;0;0;0;0;2685;0;0;89;0;80;0;
26680;4904307;1029324800;28344320;1122680832;0;0;0;0;0;0;0;0;0;0;0;3467;0;0;89;0;80;0;
26681;5344082;1029324800;28344320;1122680832;0;0;0;0;0;0;0;0;0;0;0;2544;0;0;89;0;80;0;
26682;4266031;1029324800;28344320;1122680832;0;0;0;0;0;0;0;0;0;0;0;3196;0;0;89;0;80;0;
26683;4910709;1029324800;28344320;1122680832;0;0;0;0;0;0;0;0;0;0;0;2204;0;0;89;0;80;0;
26684;6514117;1029324800;28344320;1122680832;0;0;0;0;0;0;0;0;0;0;0;3787;0;0;89;0;80;0;
26685;5483954;1029324800;28344320;1122680832;0;0;0;0;0;0;0;0;0;0;0;2996;0;0;89;0;80;0;
26686;5424714;1029324800;28344320;1122680832;0;0;0;0;0;0;0;0;0;0;0;4138;0;0;89;0;80;0;
26687;5550309;1029324800;28344320;1122680832;0;0;0;0;0;0;0;0;0;0;0;3066;0;0;89;0;80;0;
26688;6240663;1029324800;28344320;1122680832;0;0;0;0;0;0;0;0;0;0;0;3607;0;0;89;0;80;0;
26689;6182715;1029324800;28344320;1122680832;0;0;0;0;0;0;0;0;0;0;0;100178;0;0;89;0;80;0;
26690;6597974;1029324800;28344320;1122680832;0;0;0;0;0;0;0;0;0;0;0;4578;0;0;89;0;80;0;
26691;6418728;1029324800;28344320;1122680832;0;0;0;0;0;0;0;0;0;0;0;3727;0;0;89;0;80;0;
26692;7850362;1029324800;28344320;1122680832;0;0;0;0;0;0;0;0;0;0;0;4108;0;0;89;0;80;0;
26693;6251153;1029324800;28344320;1122680832;0;0;0;0;0;0;0;0;0;0;0;3036;0;0;89;0;80;0;
26694;6596160;1029324800;28344320;1122680832;0;0;0;0;0;0;0;0;0;0;0;3927;0;0;89;0;80;0;
26695;5247431;1029324800;28344320;1122680832;0;0;0;0;0;0;0;0;0;0;0;3196;0;0;89;0;80;0;
26696;5468064;1029324800;28344320;1122680832;0;0;0;0;0;0;0;0;0;0;0;4118;0;0;89;0;80;0;
26697;6369866;1029324800;28344320;1122680832;0;0;0;0;0;0;0;0;0;0;0;3106;0;0;89;0;80;0;
26698;6094319;1029324800;28344320;1122680832;0;0;0;0;0;0;0;0;0;0;0;4769;0;0;89;0;80;0;
26699;5320207;1029324800;28344320;1122680832;0;0;0;0;0;0;0;0;0;0;0;3797;0;0;89;0;80;0;
26700;6345851;1029324800;28344320;1122680832;0;0;0;0;0;0;0;0;0;0;0;4529;0;0;89;0;80;0;
26701;6390605;1029324800;28344320;1122680832;0;0;0;0;0;0;0;0;0;0;0;4218;0;0;89;0;80;0;
26702;5556510;1029324800;28344320;1122680832;0;0;0;0;0;0;0;0;0;0;0;5430;0;0;89;0;80;0;
26703;6420732;1029324800;28344320;1122680832;0;0;0;0;0;0;0;0;0;0;0;3596;0;0;89;0;80;0;
26704;5596957;1029324800;28344320;1122680832;0;0;0;0;0;0;0;0;0;0;0;4869;0;0;89;0;80;0;
26705;6279757;1029324800;28344320;1122680832;0;0;0;0;0;0;0;0;0;0;0;5110;0;0;89;0;80;0;
26706;18384749;1029324800;28344320;1122680832;0;0;0;0;0;0;0;0;0;0;0;4098;0;0;89;0;80;0;
26707;5596916;1029324800;28344320;1122680832;0;0;0;0;0;0;0;0;0;0;0;3446;0;0;89;0;80;0;
26708;5764621;1029324800;28344320;1122680832;0;0;0;0;0;0;0;0;0;0;0;3957;0;0;89;0;80;0;
26709;7917037;1029324800;28344320;1122680832;0;0;0;0;0;0;0;0;0;0;0;4909;0;0;89;0;80;0;
26710;5283428;1029324800;28344320;1122680832;0;0;0;0;0;0;0;0;0;0;0;3807;0;0;89;0;80;0;
26711;5201905;1029324800;28344320;1122680832;0;0;0;0;0;0;0;0;0;0;0;3136;0;0;89;0;80;0;
26712;7133027;1029324800;28344320;1122680832;0;0;0;0;0;0;0;0;0;0;0;4769;0;0;89;0;80;0;
26713;7366465;1029324800;28344320;1122680832;0;0;0;0;0;0;0;0;0;0;0;5541;0;0;89;0;80;0;
26714;5873595;1029324800;28344320;1122680832;0;0;0;0;0;0;0;0;0;0;0;5461;0;0;89;0;80;0;
26715;6864233;1029324800;28344320;1122680832;0;0;0;0;0;0;0;0;0;0;0;4789;0;0;89;0;80;0;
26716;7004947;1029324800;28344320;1122680832;0;0;0;0;0;0;0;0;0;0;0;4238;0;0;89;0;80;0;
26717;6632659;1029324800;28344320;1122680832;0;0;0;0;0;0;0;0;0;0;0;4338;0;0;89;0;80;0;
26718;5679561;1029324800;28344320;1122680832;0;0;0;0;0;0;0;0;0;0;0;4248;0;0;89;0;80;0;
26719;5860771;1029324800;28344320;1122680832;0;0;0;0;0;0;0;0;0;0;0;4098;0;0;89;0;80;0;
26720;5664113;1029324800;28344320;1122680832;0;0;0;0;0;0;0;0;0;0;0;4268;0;0;89;0;80;0;
26721;6424719;1029324800;28344320;1122680832;0;0;0;0;0;0;0;0;0;0;0;3887;0;0;89;0;80;0;
26722;6043654;1029324800;28344320;1122680832;0;0;0;0;0;0;0;0;0;0;0;4107;0;0;89;0;80;0;
26723;5960188;1029324800;28344320;1122680832;0;0;0;0;0;0;0;0;0;0;0;4138;0;0;89;0;80;0;
26724;6130226;1029324800;28344320;1122680832;0;0;0;0;0;0;0;0;0;0;0;4218;0;0;89;0;80;0;
26725;5951491;1029324800;28344320;1122680832;0;0;0;0;0;0;0;0;0;0;0;4769;0;0;89;0;80;0;
26726;5389818;1029324800;28344320;1122680832;0;0;0;0;0;0;0;0;0;0;0;4408;0;0;89;0;80;0;
26727;6814290;1029324800;28344320;1122680832;0;0;0;0;0;0;0;0;0;0;0;3757;0;0;89;0;80;0;
26728;5709046;1029324800;28344320;1122680832;0;0;0;0;0;0;0;0;0;0;0;4839;0;0;89;0;80;0;
26729;5579934;1029324800;28344320;1122680832;0;0;0;0;0;0;0;0;0;0;0;3997;0;0;89;0;80;0;
26730;6458372;1029324800;28344320;1122680832;0;0;0;0;0;0;0;0;0;0;0;3897;0;0;89;0;80;0;
26731;5398414;1029324800;28344320;1122680832;0;0;0;0;0;0;0;0;0;0;0;6903;0;0;89;0;80;0;
26732;5772405;1029324800;28344320;1122680832;0;0;0;0;0;0;0;0;0;0;0;4999;0;0;89;0;80;0;
26733;5888493;1029324800;28344320;1122680832;0;0;0;0;0;0;0;0;0;0;0;3757;0;0;89;0;80;0;
26734;7413433;1029324800;28344320;1122680832;0;0;0;0;0;0;0;0;0;0;0;4528;0;0;89;0;80;0;
26735;6681911;1029324800;28344320;1122680832;0;0;0;0;0;0;0;0;0;0;0;3747;0;0;89;0;80;0;
26736;6619654;1029324800;28344320;1122680832;0;0;0;0;0;0;0;0;0;0;0;4619;0;0;89;0;80;0;
26737;6596271;1029324800;28344320;1122680832;0;0;0;0;0;0;0;0;0;0;0;4950;0;0;89;0;80;0;
26738;6415231;1029324800;28344320;1122680832;0;0;0;0;0;0;0;0;0;0;0;3647;0;0;89;0;80;0;
26739;6049114;1029324800;28344320;1122680832;0;0;0;0;0;0;0;0;0;0;0;2705;0;0;89;0;80;0;
26740;4712057;1029324800;28344320;1122680832;0;0;0;0;0;0;0;0;0;0;0;4098;0;0;89;0;80;0;
26741;5458888;1029324800;28344320;1122680832;0;0;0;0;0;0;0;0;0;0;0;3016;0;0;89;0;80;0;
26742;5508020;1029324800;28344320;1122680832;0;0;0;0;0;0;0;0;0;0;0;3927;0;0;89;0;80;0;
26743;6091884;1029324800;28344320;1122680832;0;0;0;0;0;0;0;0;0;0;0;3748;0;0;89;0;80;0;
26744;5833690;1029324800;28344320;1122680832;0;0;0;0;0;0;0;0;0;0;0;4128;0;0;89;0;80;0;
26745;5516685;1029324800;28344320;1122680832;0;0;0;0;0;0;0;0;0;0;0;3586;0;0;89;0;80;0;
26746;5675083;1029324800;28344320;1122680832;0;0;0;0;0;0;0;0;0;0;0;3727;0;0;89;0;80;0;
26747;5982179;1029324800;28344320;1122680832;0;0;0;0;0;0;0;0;0;0;0;4459;0;0;89;0;80;0;
26748;5836005;1029324800;28344320;1122680832;0;0;0;0;0;0;0;0;0;0;0;18976;0;0;89;0;80;0;
26749;5546382;1029324800;28344320;1122680832;0;0;0;0;0;0;0;0;0;0;0;4318;0;0;89;0;80;0;
26750;7604331;1029324800;28344320;1122680832;0;0;0;0;0;0;0;0;0;0;0;4578;0;0;89;0;80;0;
26751;5418923;1029324800;28344320;1122680832;0;0;0;0;0;0;0;0;0;0;0;3637;0;0;89;0;80;0;
26752;5050371;1029324800;28344320;1122680832;0;0;0;0;0;0;0;0;0;0;0;4288;0;0;89;0;80;0;
26753;5286484;1029324800;28344320;1122680832;0;0;0;0;0;0;0;0;0;0;0;3687;0;0;89;0;80;0;
26754;4658577;1029324800;28344320;1122680832;0;0;0;0;0;0;0;0;0;0;0;4558;0;0;89;0;80;0;
26755;6201440;1029324800;28344320;1122680832;0;0;0;0;0;0;0;0;0;0;0;4628;0;0;89;0;80;0;
26756;4346401;1029324800;28344320;1122680832;0;0;0;0;0;0;0;0;0;0;0;3918;0;0;89;0;80;0;
26757;6507875;1029324800;28344320;1122680832;0;0;0;0;0;0;0;0;0;0;0;3546;0;0;89;0;80;0;
26758;4748345;1029324800;28344320;1122680832;0;0;0;0;0;0;0;0;0;0;0;3727;0;0;89;0;80;0;
26759;7018042;1029324800;28344320;1122680832;0;0;0;0;0;0;0;0;0;0;0;4920;0;0;89;0;80;0;
26760;4317678;1029324800;28344320;1122680832;0;0;0;0;0;0;0;0;0;0;0;4228;0;0;89;0;80;0;
26761;5228926;1029324800;28344320;1122680832;0;0;0;0;0;0;0;0;0;0;0;2686;0;0;89;0;80;0;
26762;5306251;1029324800;28344320;1122680832;0;0;0;0;0;0;0;0;0;0;0;3857;0;0;89;0;80;0;
26763;5599080;1029324800;28344320;1122680832;0;0;0;0;0;0;0;0;0;0;0;3496;0;0;89;0;80;0;
26764;5895477;1029324800;28344320;1122680832;0;0;0;0;0;0;0;0;0;0;0;4268;0;0;89;0;80;0;
26765;6626998;1029324800;28344320;1122680832;0;0;0;0;0;0;0;0;0;0;0;4077;0;0;89;0;80;0;
26766;5221382;1029324800;28344320;1122680832;0;0;0;0;0;0;0;0;0;0;0;4258;0;0;89;0;80;0;
26767;6200088;1029324800;28344320;1122680832;0;0;0;0;0;0;0;0;0;0;0;4499;0;0;89;0;80;0;
26768;5746467;1029324800;28344320;1122680832;0;0;0;0;0;0;0;0;0;0;0;4128;0;0;89;0;80;0;
26769;6029147;1029324800;28344320;1122680832;0;0;0;0;0;0;0;0;0;0;0;3396;0;0;89;0;80;0;
26770;5557152;1029324800;28344320;1122680832;0;0;0;0;0;0;0;0;0;0;0;3547;0;0;89;0;80;0;
26771;5508040;1029324800;28344320;1122680832;0;0;0;0;0;0;0;0;0;0;0;3015;0;0;89;0;80;0;
26772;4701287;1029324800;28344320;1122680832;0;0;0;0;0;0;0;0;0;0;0;4147;0;0;89;0;80;0;
26773;5815968;1029324800;28344320;1122680832;0;0;0;0;0;0;0;0;0;0;0;4097;0;0;89;0;80;0;
26774;5153014;1029324800;28344320;1122680832;0;0;0;0;0;0;0;0;0;0;0;3878;0;0;89;0;80;0;
26775;5482502;1029324800;28344320;1122680832;0;0;0;0;0;0;0;0;0;0;0;4138;0;0;89;0;80;0;
26776;4308140;1029324800;28344320;1122680832;0;0;0;0;0;0;0;0;0;0;0;4589;0;0;89;0;80;0;
26777;5370652;1029324800;28344320;1122680832;0;0;0;0;0;0;0;0;0;0;0;3196;0;0;89;0;80;0;
26778;3114761;1029324800;28344320;1122680832;0;0;0;0;0;0;0;0;0;0;0;3456;0;0;89;0;80;0;
26779;5336728;1029324800;28344320;1122680832;0;0;0;0;0;0;0;0;0;0;0;2886;0;0;89;0;80;0;
26780;5017199;1029324800;28344320;1122680832;0;0;0;0;0;0;0;0;0;0;0;3306;0;0;89;0;80;0;
26781;6342384;1029324800;28344320;1122680832;0;0;0;0;0;0;0;0;0;0;0;3136;0;0;89;0;80;0;
26782;6809580;1029324800;28344320;1122680832;0;0;0;0;0;0;0;0;0;0;0;4018;0;0;89;0;80;0;
26783;6396526;1029324800;28344320;1122680832;0;0;0;0;0;0;0;0;0;0;0;3577;0;0;89;0;80;0;
26784;5574965;1029324800;28344320;1122680832;0;0;0;0;0;0;0;0;0;0;0;4177;0;0;89;0;80;0;
26785;5339514;1029324800;28344320;1122680832;0;0;0;0;0;0;0;0;0;0;0;3637;0;0;89;0;80;0;
26786;5681656;1029324800;28344320;1122680832;0;0;0;0;0;0;0;0;0;0;0;3526;0;0;89;0;80;0;
26787;5468165;1029324800;28344320;1122680832;0;0;0;0;0;0;0;0;0;0;0;3467;0;0;89;0;80;0;
26788;4733737;1029324800;28344320;1122680832;0;0;0;0;0;0;0;0;0;0;0;4498;0;0;89;0;80;0;
26789;5765763;1029324800;28344320;1122680832;0;0;0;0;0;0;0;0;0;0;0;3747;0;0;89;0;80;0;
26790;5837207;1029324800;28344320;1122680832;0;0;0;0;0;0;0;0;0;0;0;3627;0;0;89;0;80;0;
26791;5535632;1029324800;28344320;1122680832;0;0;0;0;0;0;0;0;0;0;0;3397;0;0;89;0;80;0;
26792;5877422;1029324800;28344320;1122680832;0;0;0;0;0;0;0;0;0;0;0;3716;0;0;89;0;80;0;
26793;6655000;1029324800;28344320;1122680832;0;0;0;0;0;0;0;0;0;0;0;2645;0;0;89;0;80;0;
26794;5638644;1029324800;28344320;1122680832;0;0;0;0;0;0;0;0;0;0;0;3817;0;0;89;0;80;0;
26795;6068030;1029324800;28344320;1122680832;0;0;0;0;0;0;0;0;0;0;0;4609;0;0;89;0;80;0;
26796;21511292;1029324800;28344320;1122680832;0;0;0;0;0;0;0;0;0;0;0;3898;0;0;89;0;80;0;
26797;7107098;1029324800;28344320;1122680832;0;0;0;0;0;0;0;0;0;0;0;4218;0;0;89;0;80;0;
26798;5910865;1029324800;28344320;1122680832;0;0;0;0;0;0;0;0;0;0;0;4208;0;0;89;0;80;0;
26799;6485402;1029324800;28344320;1122680832;0;0;0;0;0;0;0;0;0;0;0;3417;0;0;89;0;80;0;
26800;6255681;1029324800;28344320;1122680832;0;0;0;0;0;0;0;0;0;0;0;4127;0;0;89;0;80;0;
26801;6416473;1029324800;28344320;1122680832;0;0;0;0;0;0;0;0;0;0;0;3417;0;0;89;0;80;0;
26802;4856508;1029324800;28344320;1122680832;0;0;0;0;0;0;0;0;0;0;0;4318;0;0;89;0;80;0;
26803;5762617;1029324800;28344320;1122680832;0;0;0;0;0;0;0;0;0;0;0;4578;0;0;89;0;80;0;
26804;5409174;1029324800;28344320;1122680832;0;0;0;0;0;0;0;0;0;0;0;4027;0;0;89;0;80;0;
26805;6982124;1029324800;28344320;1122680832;0;0;0;0;0;0;0;0;0;0;0;3656;0;0;89;0;80;0;
26806;5196916;1029324800;28344320;1122680832;0;0;0;0;0;0;0;0;0;0;0;4629;0;0;89;0;80;0;
26807;6150705;1029324800;28344320;1122680832;0;0;0;0;0;0;0;0;0;0;0;4869;0;0;89;0;80;0;
26808;5018271;1029324800;28344320;1122680832;0;0;0;0;0;0;0;0;0;0;0;4188;0;0;89;0;80;0;
26809;6865726;1029324800;28344320;1122680832;0;0;0;0;0;0;0;0;0;0;0;4098;0;0;89;0;80;0;
26810;4787939;1029324800;28344320;1122680832;0;0;0;0;0;0;0;0;0;0;0;3897;0;0;89;0;80;0;
26811;6676952;1029324800;28344320;1122680832;0;0;0;0;0;0;0;0;0;0;0;3897;0;0;89;0;80;0;
26812;4019428;1029324800;28344320;1122680832;0;0;0;0;0;0;0;0;0;0;0;3637;0;0;89;0;80;0;
26813;5678068;1029324800;28344320;1122680832;0;0;0;0;0;0;0;0;0;0;0;3607;0;0;89;0;80;0;
26814;4888397;1029324800;28348416;1122684928;0;0;0;0;0;0;0;0;0;0;0;3727;0;0;89;0;80;0;
26815;6164911;1029324800;28348416;1122684928;0;0;0;0;0;0;0;0;0;0;0;3587;0;0;89;0;80;0;
26816;5222464;1029324800;28348416;1122684928;0;0;0;0;0;0;0;0;0;0;0;3536;0;0;89;0;80;0;
26817;5566299;1029324800;28348416;1122684928;0;0;0;0;0;0;0;0;0;0;0;4379;0;0;89;0;80;0;
26818;5758379;1029324800;28348416;1122684928;0;0;0;0;0;0;0;0;0;0;0;3867;0;0;89;0;80;0;
26819;5431486;1029324800;28348416;1122684928;0;0;0;0;0;0;0;0;0;0;0;3958;0;0;89;0;80;0;
26820;5742379;1029324800;28348416;1122684928;0;0;0;0;0;0;0;0;0;0;0;3867;0;0;89;0;80;0;
26821;5739032;1029324800;28348416;1122684928;0;0;0;0;0;0;0;0;0;0;0;3316;0;0;89;0;80;0;
26822;6246595;1029324800;28348416;1122684928;0;0;0;0;0;0;0;0;0;0;0;3166;0;0;89;0;80;0;
26823;5582209;1029324800;28348416;1122684928;0;0;0;0;0;0;0;0;0;0;0;4218;0;0;89;0;80;0;
26824;5085056;1029324800;28348416;1122684928;0;0;0;0;0;0;0;0;0;0;0;3697;0;0;89;0;80;0;
26825;6001825;1029324800;28348416;1122684928;0;0;0;0;0;0;0;0;0;0;0;3697;0;0;89;0;80;0;
26826;4924165;1029324800;28348416;1122684928;0;0;0;0;0;0;0;0;0;0;0;4859;0;0;89;0;80;0;
26827;5330957;1029324800;28348416;1122684928;0;0;0;0;0;0;0;0;0;0;0;3847;0;0;89;0;80;0;
26828;4575580;1029324800;28348416;1122684928;0;0;0;0;0;0;0;0;0;0;0;3947;0;0;89;0;80;0;
26829;7426248;1029324800;28348416;1122684928;0;0;0;0;0;0;0;0;0;0;0;4809;0;0;89;0;80;0;
26830;5312042;1029324800;28348416;1122684928;0;0;0;0;0;0;0;0;0;0;0;3547;0;0;89;0;80;0;
26831;6794462;1029324800;28348416;1122684928;0;0;0;0;0;0;0;0;0;0;0;4378;0;0;89;0;80;0;
26832;5513159;1029324800;28348416;1122684928;0;0;0;0;0;0;0;0;0;0;0;3757;0;0;89;0;80;0;
26833;5339364;1029324800;28348416;1122684928;0;0;0;0;0;0;0;0;0;0;0;4248;0;0;89;0;80;0;
26834;5261187;1029324800;28348416;1122684928;0;0;0;0;0;0;0;0;0;0;0;3256;0;0;89;0;80;0;
26835;6500110;1029324800;28348416;1122684928;0;0;0;0;0;0;0;0;0;0;0;3958;0;0;89;0;80;0;
26836;4433615;1029324800;28348416;1122684928;0;0;0;0;0;0;0;0;0;0;0;3246;0;0;89;0;80;0;
26837;5215902;1029324800;28348416;1122684928;0;0;0;0;0;0;0;0;0;0;0;4107;0;0;89;0;80;0;
26838;4865425;1029324800;28348416;1122684928;0;0;0;0;0;0;0;0;0;0;0;3096;0;0;89;0;80;0;
26839;5635760;1029324800;28348416;1122684928;0;0;0;0;0;0;0;0;0;0;0;3627;0;0;89;0;80;0;
26840;6043484;1029324800;28348416;1122684928;0;0;0;0;0;0;0;0;0;0;0;3777;0;0;89;0;80;0;
26841;6639742;1029324800;28348416;1122684928;0;0;0;0;0;0;0;0;0;0;0;4468;0;0;89;0;80;0;
26842;4986592;1029324800;28348416;1122684928;0;0;0;0;0;0;0;0;0;0;0;4779;0;0;89;0;80;0;
26843;5317392;1029324800;28348416;1122684928;0;0;0;0;0;0;0;0;0;0;0;3988;0;0;89;0;80;0;
26844;5584543;1029324800;28348416;1122684928;0;0;0;0;0;0;0;0;0;0;0;4178;0;0;89;0;80;0;
26845;5380461;1029324800;28348416;1122684928;0;0;0;0;0;0;0;0;0;0;0;3626;0;0;89;0;80;0;
26846;5289540;1029324800;28348416;1122684928;0;0;0;0;0;0;0;0;0;0;0;3788;0;0;89;0;80;0;
26847;6681380;1029324800;28348416;1122684928;0;0;0;0;0;0;0;0;0;0;0;4248;0;0;89;0;80;0;
26848;4880603;1029324800;28348416;1122684928;0;0;0;0;0;0;0;0;0;0;0;3587;0;0;89;0;80;0;
26849;6118805;1029324800;28348416;1122684928;0;0;0;0;0;0;0;0;0;0;0;3857;0;0;89;0;80;0;
26850;5176788;1029324800;28348416;1122684928;0;0;0;0;0;0;0;0;0;0;0;4218;0;0;89;0;80;0;
26851;6026211;1029324800;28348416;1122684928;0;0;0;0;0;0;0;0;0;0;0;4018;0;0;89;0;80;0;
26852;5441114;1029324800;28348416;1122684928;0;0;0;0;0;0;0;0;0;0;0;3196;0;0;89;0;80;0;
26853;5956901;1029324800;28348416;1122684928;0;0;0;0;0;0;0;0;0;0;0;3898;0;0;89;0;80;0;
26854;4965492;1029324800;28348416;1122684928;0;0;0;0;0;0;0;0;0;0;0;3507;0;0;89;0;80;0;
26855;5441776;1029324800;28348416;1122684928;0;0;0;0;0;0;0;0;0;0;0;3026;0;0;89;0;80;0;
26856;4418807;1029324800;28348416;1122684928;0;0;0;0;0;0;0;0;0;0;0;3998;0;0;89;0;80;0;
26857;5105304;1029324800;28348416;1122684928;0;0;0;0;0;0;0;0;0;0;0;2986;0;0;89;0;80;0;
26858;4529384;1029324800;28348416;1122684928;0;0;0;0;0;0;0;0;0;0;0;3927;0;0;89;0;80;0;
26859;6560754;1029324800;28348416;1122684928;0;0;0;0;0;0;0;0;0;0;0;5180;0;0;89;0;80;0;
26860;3940680;1029324800;28348416;1122684928;0;0;0;0;0;0;0;0;0;0;0;3396;0;0;89;0;80;0;
26861;5898573;1029324800;28348416;1122684928;0;0;0;0;0;0;0;0;0;0;0;3527;0;0;89;0;80;0;
26862;4245091;1029324800;28348416;1122684928;0;0;0;0;0;0;0;0;0;0;0;3587;0;0;89;0;80;0;
26863;5543416;1029324800;28348416;1122684928;0;0;0;0;0;0;0;0;0;0;0;3387;0;0;89;0;80;0;
26864;3451423;1029324800;28348416;1122684928;0;0;0;0;0;0;0;0;0;0;0;3316;0;0;89;0;80;0;
26865;6641596;1029324800;28348416;1122684928;0;0;0;0;0;0;0;0;0;0;0;4528;0;0;89;0;80;0;
26866;5807170;1029324800;28348416;1122684928;0;0;0;0;0;0;0;0;0;0;0;4529;0;0;89;0;80;0;
26867;6357262;1029324800;28348416;1122684928;0;0;0;0;0;0;0;0;0;0;0;4398;0;0;89;0;80;0;
26868;5278519;1029324800;28348416;1122684928;0;0;0;0;0;0;0;0;0;0;0;3707;0;0;89;0;80;0;
26869;6554222;1029324800;28348416;1122684928;0;0;0;0;0;0;0;0;0;0;0;4568;0;0;89;0;80;0;
26870;3914471;1029324800;28348416;1122684928;0;0;0;0;0;0;0;0;0;0;0;3737;0;0;89;0;80;0;
26871;6319061;1029324800;28348416;1122684928;0;0;0;0;0;0;0;0;0;0;0;4809;0;0;89;0;80;0;
26872;4600207;1029324800;28348416;1122684928;0;0;0;0;0;0;0;0;0;0;0;3586;0;0;89;0;80;0;
26873;6688634;1029324800;28348416;1122684928;0;0;0;0;0;0;0;0;0;0;0;5200;0;0;89;0;80;0;
26874;3757266;1029324800;28348416;1122684928;0;0;0;0;0;0;0;0;0;0;0;2986;0;0;89;0;80;0;
26875;5414594;1029324800;28348416;1122684928;0;0;0;0;0;0;0;0;0;0;0;4308;0;0;89;0;80;0;
26876;13024015;1029324800;28348416;1122684928;0;0;0;0;0;0;0;0;0;0;0;4108;0;0;89;0;80;0;
26877;5499353;1029324800;28348416;1122684928;0;0;0;0;0;0;0;0;0;0;0;3647;0;0;89;0;80;0;
26878;5132015;1029324800;28348416;1122684928;0;0;0;0;0;0;0;0;0;0;0;3246;0;0;89;0;80;0;
26879;6042813;1029324800;28348416;1122684928;0;0;0;0;0;0;0;0;0;0;0;3396;0;0;89;0;80;0;
26880;4821713;1029324800;28348416;1122684928;0;0;0;0;0;0;0;0;0;0;0;3076;0;0;89;0;80;0;
26881;6114598;1029324800;28348416;1122684928;0;0;0;0;0;0;0;0;0;0;0;3407;0;0;89;0;80;0;
26882;4122802;1029324800;28348416;1122684928;0;0;0;0;0;0;0;0;0;0;0;4158;0;0;89;0;80;0;
26883;6370197;1029324800;28348416;1122684928;0;0;0;0;0;0;0;0;0;0;0;3827;0;0;89;0;80;0;
26884;3764029;1029324800;28348416;1122684928;0;0;0;0;0;0;0;0;0;0;0;3397;0;0;89;0;80;0;
26885;6204165;1029324800;28348416;1122684928;0;0;0;0;0;0;0;0;0;0;0;4288;0;0;89;0;80;0;
26886;4629522;1029324800;28348416;1122684928;0;0;0;0;0;0;0;0;0;0;0;3847;0;0;89;0;80;0;
26887;5784989;1029324800;28348416;1122684928;0;0;0;0;0;0;0;0;0;0;0;4027;0;0;89;0;80;0;
26888;3954857;1029324800;28348416;1122684928;0;0;0;0;0;0;0;0;0;0;0;3517;0;0;89;0;80;0;
26889;6016113;1029324800;28348416;1122684928;0;0;0;0;0;0;0;0;0;0;0;4369;0;0;89;0;80;0;
26890;4836380;1029324800;28348416;1122684928;0;0;0;0;0;0;0;0;0;0;0;4008;0;0;89;0;80;0;
26891;5659043;1029324800;28348416;1122684928;0;0;0;0;0;0;0;0;0;0;0;3536;0;0;89;0;80;0;
26892;3891769;1029324800;28348416;1122684928;0;0;0;0;0;0;0;0;0;0;0;2926;0;0;89;0;80;0;
26893;5605293;1029324800;28348416;1122684928;0;0;0;0;0;0;0;0;0;0;0;3577;0;0;89;0;80;0;
26894;3631360;1029324800;28348416;1122684928;0;0;0;0;0;0;0;0;0;0;0;3176;0;0;89;0;80;0;
26895;6278194;1029324800;28352512;1122689024;0;0;0;0;0;0;0;0;0;0;0;3918;0;0;89;0;80;0;
26896;3792783;1029324800;28356608;1122693120;0;0;0;0;0;0;0;0;0;0;0;2786;0;0;89;0;80;0;
26897;5560519;1029324800;28356608;1122693120;0;0;0;0;0;0;0;0;0;0;0;4158;0;0;89;0;80;0;
26898;3781652;1029324800;28356608;1122693120;0;0;0;0;0;0;0;0;0;0;0;3316;0;0;89;0;80;0;
26899;5663321;1029324800;28356608;1122693120;0;0;0;0;0;0;0;0;0;0;0;4298;0;0;89;0;80;0;
26900;4396876;1029324800;28356608;1122693120;0;0;0;0;0;0;0;0;0;0;0;3687;0;0;89;0;80;0;
26901;5714126;1029324800;28356608;1122693120;0;0;0;0;0;0;0;0;0;0;0;4518;0;0;89;0;80;0;
26902;5249064;1029505024;28348416;1122684928;0;0;0;0;0;0;0;0;0;0;0;3717;0;0;89;0;80;0;
26903;6036922;1029505024;28348416;1122684928;0;0;0;0;0;0;0;0;0;0;0;4117;0;0;89;0;80;0;
26904;3906686;1029505024;28348416;1122684928;0;0;0;0;0;0;0;0;0;0;0;3056;0;0;89;0;80;0;
26905;5053236;1029505024;28348416;1122684928;0;0;0;0;0;0;0;0;0;0;0;4158;0;0;89;0;80;0;
26906;4483148;1029505024;28348416;1122684928;0;0;0;0;0;0;0;0;0;0;0;3697;0;0;89;0;80;0;
26907;6144453;1029505024;28348416;1122684928;0;0;0;0;0;0;0;0;0;0;0;4438;0;0;89;0;80;0;
26908;3682446;1029505024;28348416;1122684928;0;0;0;0;0;0;0;0;0;0;0;3677;0;0;89;0;80;0;
26909;6111422;1029505024;28348416;1122684928;0;0;0;0;0;0;0;0;0;0;0;4208;0;0;89;0;80;0;
26910;4239059;1029505024;28348416;1122684928;0;0;0;0;0;0;0;0;0;0;0;3276;0;0;89;0;80;0;
26911;5322692;1029505024;28348416;1122684928;0;0;0;0;0;0;0;0;0;0;0;3958;0;0;89;0;80;0;
26912;3813011;1029505024;28348416;1122684928;0;0;0;0;0;0;0;0;0;0;0;3146;0;0;89;0;80;0;
26913;5632292;1029505024;28348416;1122684928;0;0;0;0;0;0;0;0;0;0;0;4158;0;0;89;0;80;0;
26914;4357311;1029505024;28348416;1122684928;0;0;0;0;0;0;0;0;0;0;0;3997;0;0;89;0;80;0;
26915;5121074;1029505024;28348416;1122684928;0;0;0;0;0;0;0;0;0;0;0;3537;0;0;89;0;80;0;
26916;4289374;1029505024;28348416;1122684928;0;0;0;0;0;0;0;0;0;0;0;3096;0;0;89;0;80;0;
26917;5851594;1029505024;28348416;1122684928;0;0;0;0;0;0;0;0;0;0;0;3717;0;0;89;0;80;0;
26918;4061898;1029505024;28348416;1122684928;0;0;0;0;0;0;0;0;0;0;0;3507;0;0;89;0;80;0;
26919;5693828;1029505024;28348416;1122684928;0;0;0;0;0;0;0;0;0;0;0;4158;0;0;89;0;80;0;
26920;4213321;1029505024;28348416;1122684928;0;0;0;0;0;0;0;0;0;0;0;3417;0;0;89;0;80;0;
26921;5945720;1029505024;28348416;1122684928;0;0;0;0;0;0;0;0;0;0;0;4268;0;0;89;0;80;0;
26922;4287380;1029505024;28348416;1122684928;0;0;0;0;0;0;0;0;0;0;0;4057;0;0;89;0;80;0;
26923;5822369;1029505024;28348416;1122684928;0;0;0;0;0;0;0;0;0;0;0;5029;0;0;89;0;80;0;
26924;4283434;1029505024;28348416;1122684928;0;0;0;0;0;0;0;0;0;0;0;2995;0;0;89;0;80;0;
26925;5436766;1029505024;28348416;1122684928;0;0;0;0;0;0;0;0;0;0;0;4288;0;0;89;0;80;0;
26926;4251754;1029505024;28348416;1122684928;0;0;0;0;0;0;0;0;0;0;0;3427;0;0;89;0;80;0;
26927;5748080;1029505024;28348416;1122684928;0;0;0;0;0;0;0;0;0;0;0;4088;0;0;89;0;80;0;
26928;3896618;1029505024;28348416;1122684928;0;0;0;0;0;0;0;0;0;0;0;2926;0;0;89;0;80;0;
26929;5855571;1029505024;28348416;1122684928;0;0;0;0;0;0;0;0;0;0;0;4819;0;0;89;0;80;0;
26930;5355634;1029505024;28348416;1122684928;0;0;0;0;0;0;0;0;0;0;0;4067;0;0;89;0;80;0;
26931;6212771;1029505024;28348416;1122684928;0;0;0;0;0;0;0;0;0;0;0;4309;0;0;89;0;80;0;
26932;4949432;1029505024;28348416;1122684928;0;0;0;0;0;0;0;0;0;0;0;3707;0;0;89;0;80;0;
26933;5741708;1029505024;28348416;1122684928;0;0;0;0;0;0;0;0;0;0;0;4799;0;0;89;0;80;0;
26934;5865450;1029505024;28348416;1122684928;0;0;0;0;0;0;0;0;0;0;0;4429;0;0;89;0;80;0;
26935;6689055;1029505024;28348416;1122684928;0;0;0;0;0;0;0;0;0;0;0;4439;0;0;89;0;80;0;
26936;5578332;1029505024;28348416;1122684928;0;0;0;0;0;0;0;0;0;0;0;3005;0;0;89;0;80;0;
26937;6584939;1029505024;28348416;1122684928;0;0;0;0;0;0;0;0;0;0;0;4939;0;0;89;0;80;0;
26938;5079807;1029505024;28348416;1122684928;0;0;0;0;0;0;0;0;0;0;0;4117;0;0;89;0;80;0;
26939;6302840;1029505024;28348416;1122684928;0;0;0;0;0;0;0;0;0;0;0;3968;0;0;89;0;80;0;
26940;3468244;1029505024;28348416;1122684928;0;0;0;0;0;0;0;0;0;0;0;4429;0;0;89;0;80;0;
26941;5513019;1029505024;28348416;1122684928;0;0;0;0;0;0;0;0;0;0;0;4639;0;0;89;0;80;0;
26942;4865395;1029505024;28348416;1122684928;0;0;0;0;0;0;0;0;0;0;0;3687;0;0;89;0;80;0;
26943;6041399;1029505024;28348416;1122684928;0;0;0;0;0;0;0;0;0;0;0;3927;0;0;89;0;80;0;
26944;4381066;1029505024;28348416;1122684928;0;0;0;0;0;0;0;0;0;0;0;56636;0;0;89;0;80;0;
26945;6122191;1029505024;28348416;1122684928;0;0;0;0;0;0;0;0;0;0;0;3787;0;0;89;0;80;0;
26946;4120718;1029505024;28348416;1122684928;0;0;0;0;0;0;0;0;0;0;0;3366;0;0;89;0;80;0;
26947;5482241;1029505024;28348416;1122684928;0;0;0;0;0;0;0;0;0;0;0;3988;0;0;89;0;80;0;
26948;3596585;1029505024;28348416;1122684928;0;0;0;0;0;0;0;0;0;0;0;2986;0;0;89;0;80;0;
26949;5657621;1029505024;28348416;1122684928;0;0;0;0;0;0;0;0;0;0;0;3897;0;0;89;0;80;0;
26950;3353289;1029505024;28348416;1122684928;0;0;0;0;0;0;0;0;0;0;0;3677;0;0;89;0;80;0;
26951;5383646;1029505024;28348416;1122684928;0;0;0;0;0;0;0;0;0;0;0;4448;0;0;89;0;80;0;
26952;3295911;1029505024;28348416;1122684928;0;0;0;0;0;0;0;0;0;0;0;5911;0;0;89;0;80;0;
26953;5241340;1029505024;28348416;1122684928;0;0;0;0;0;0;0;0;0;0;0;3676;0;0;89;0;80;0;
26954;3408572;1029505024;28348416;1122684928;0;0;0;0;0;0;0;0;0;0;0;3577;0;0;89;0;80;0;
26955;5847566;1029505024;28348416;1122684928;0;0;0;0;0;0;0;0;0;0;0;3747;0;0;89;0;80;0;
26956;3082470;1029505024;28348416;1122684928;0;0;0;0;0;0;0;0;0;0;0;3356;0;0;89;0;80;0;
26957;5414133;1029505024;28348416;1122684928;0;0;0;0;0;0;0;0;0;0;0;4248;0;0;89;0;80;0;
26958;3726849;1029505024;28348416;1122684928;0;0;0;0;0;0;0;0;0;0;0;4248;0;0;89;0;80;0;
26959;5411458;1029505024;28348416;1122684928;0;0;0;0;0;0;0;0;0;0;0;4088;0;0;89;0;80;0;
26960;3433609;1029505024;28348416;1122684928;0;0;0;0;0;0;0;0;0;0;0;3557;0;0;89;0;80;0;
26961;5419113;1029505024;28348416;1122684928;0;0;0;0;0;0;0;0;0;0;0;3897;0;0;89;0;80;0;
26962;3616973;1029505024;28348416;1122684928;0;0;0;0;0;0;0;0;0;0;0;4068;0;0;89;0;80;0;
26963;6206019;1029505024;28348416;1122684928;0;0;0;0;0;0;0;0;0;0;0;3867;0;0;89;0;80;0;
26964;3759090;1029505024;28348416;1122684928;0;0;0;0;0;0;0;0;0;0;0;3477;0;0;89;0;80;0;
26965;5462434;1029505024;28348416;1122684928;0;0;0;0;0;0;0;0;0;0;0;3897;0;0;89;0;80;0;
26966;4345099;1029505024;28348416;1122684928;0;0;0;0;0;0;0;0;0;0;0;3427;0;0;89;0;80;0;
26967;5085908;1029505024;28348416;1122684928;0;0;0;0;0;0;0;0;0;0;0;4849;0;0;89;0;80;0;
26968;3697504;1029505024;28348416;1122684928;0;0;0;0;0;0;0;0;0;0;0;3046;0;0;89;0;80;0;
26969;5357367;1029505024;28348416;1122684928;0;0;0;0;0;0;0;0;0;0;0;4408;0;0;89;0;80;0;
26970;4474652;1029505024;28348416;1122684928;0;0;0;0;0;0;0;0;0;0;0;3266;0;0;89;0;80;0;
26971;5516135;1029505024;28348416;1122684928;0;0;0;0;0;0;0;0;0;0;0;4078;0;0;89;0;80;0;
26972;3708074;1029505024;28348416;1122684928;0;0;0;0;0;0;0;0;0;0;0;3126;0;0;89;0;80;0;
26973;5682928;1029505024;28348416;1122684928;0;0;0;0;0;0;0;0;0;0;0;3847;0;0;89;0;80;0;
26974;4439095;1029505024;28348416;1122684928;0;0;0;0;0;0;0;0;0;0;0;3055;0;0;89;0;80;0;
26975;5887120;1029505024;28348416;1122684928;0;0;0;0;0;0;0;0;0;0;0;4138;0;0;89;0;80;0;
26976;3575786;1029505024;28348416;1122684928;0;0;0;0;0;0;0;0;0;0;0;3497;0;0;89;0;80;0;
26977;6486024;1029505024;28348416;1122684928;0;0;0;0;0;0;0;0;0;0;0;3767;0;0;89;0;80;0;
26978;2852099;1029505024;28348416;1122684928;0;0;0;0;0;0;0;0;0;0;0;2665;0;0;89;0;80;0;
26979;5146632;1029505024;28348416;1122684928;0;0;0;0;0;0;0;0;0;0;0;3497;0;0;89;0;80;0;
26980;3456733;1029505024;28348416;1122684928;0;0;0;0;0;0;0;0;0;0;0;2795;0;0;89;0;80;0;
26981;6371950;1029505024;28348416;1122684928;0;0;0;0;0;0;0;0;0;0;0;4879;0;0;89;0;80;0;
26982;3667558;1029505024;28348416;1122684928;0;0;0;0;0;0;0;0;0;0;0;3076;0;0;89;0;80;0;
26983;5206114;1029505024;28348416;1122684928;0;0;0;0;0;0;0;0;0;0;0;4117;0;0;89;0;80;0;
26984;3547282;1029505024;28348416;1122684928;0;0;0;0;0;0;0;0;0;0;0;2765;0;0;89;0;80;0;
26985;6160995;1029505024;28348416;1122684928;0;0;0;0;0;0;0;0;0;0;0;3707;0;0;89;0;80;0;
26986;3773667;1029505024;28348416;1122684928;0;0;0;0;0;0;0;0;0;0;0;3406;0;0;89;0;80;0;
26987;5161069;1029505024;28348416;1122684928;0;0;0;0;0;0;0;0;0;0;0;3868;0;0;89;0;80;0;
26988;5083754;1029505024;28348416;1122684928;0;0;0;0;0;0;0;0;0;0;0;6672;0;0;89;0;80;0;
26989;5650757;1029505024;28348416;1122684928;0;0;0;0;0;0;0;0;0;0;0;4228;0;0;89;0;80;0;
26990;4449915;1029505024;28348416;1122684928;0;0;0;0;0;0;0;0;0;0;0;3797;0;0;89;0;80;0;
26991;6001475;1029505024;28348416;1122684928;0;0;0;0;0;0;0;0;0;0;0;4489;0;0;89;0;80;0;
26992;4388771;1029505024;28348416;1122684928;0;0;0;0;0;0;0;0;0;0;0;3145;0;0;89;0;80;0;
26993;5589052;1029505024;28348416;1122684928;0;0;0;0;0;0;0;0;0;0;0;4980;0;0;89;0;80;0;
26994;4427103;1029505024;28348416;1122684928;0;0;0;0;0;0;0;0;0;0;0;2925;0;0;89;0;80;0;
26995;5510675;1029505024;28348416;1122684928;0;0;0;0;0;0;0;0;0;0;0;4789;0;0;89;0;80;0;
26996;3971819;1029505024;28348416;1122684928;0;0;0;0;0;0;0;0;0;0;0;3276;0;0;89;0;80;0;
26997;5645017;1029505024;28348416;1122684928;0;0;0;0;0;0;0;0;0;0;0;4459;0;0;89;0;80;0;
26998;4559040;1029505024;28348416;1122684928;0;0;0;0;0;0;0;0;0;0;0;2975;0;0;89;0;80;0;
26999;5716971;1029505024;28348416;1122684928;0;0;0;0;0;0;0;0;0;0;0;3737;0;0;89;0;80;0;
27000;3854760;1029505024;28348416;1122684928;0;0;0;0;0;0;0;0;0;0;0;2755;0;0;89;0;80;0;
27001;5765052;1029505024;28348416;1122684928;0;0;0;0;0;0;0;0;0;0;0;4068;0;0;89;0;80;0;
27002;4354326;1029505024;28348416;1122684928;0;0;0;0;0;0;0;0;0;0;0;2545;0;0;89;0;80;0;
27003;5941272;1029505024;28348416;1122684928;0;0;0;0;0;0;0;0;0;0;0;3837;0;0;89;0;80;0;
27004;3493322;1029505024;28348416;1122684928;0;0;0;0;0;0;0;0;0;0;0;3346;0;0;89;0;80;0;
27005;5724676;1029505024;28348416;1122684928;0;0;0;0;0;0;0;0;0;0;0;3517;0;0;89;0;80;0;
27006;3520683;1029505024;28348416;1122684928;0;0;0;0;0;0;0;0;0;0;0;3016;0;0;89;0;80;0;
27007;4802096;1029505024;28348416;1122684928;0;0;0;0;0;0;0;0;0;0;0;4268;0;0;89;0;80;0;
27008;4678985;1029505024;28348416;1122684928;0;0;0;0;0;0;0;0;0;0;0;2956;0;0;89;0;80;0;
27009;5689310;1029505024;28348416;1122684928;0;0;0;0;0;0;0;0;0;0;0;3377;0;0;89;0;80;0;
27010;4343726;1029505024;28348416;1122684928;0;0;0;0;0;0;0;0;0;0;0;3306;0;0;89;0;80;0;
27011;5363118;1029505024;28348416;1122684928;0;0;0;0;0;0;0;0;0;0;0;3737;0;0;89;0;80;0;
27012;6286379;1029505024;28348416;1122684928;0;0;0;0;0;0;0;0;0;0;0;2956;0;0;89;0;80;0;
27013;5435584;1029505024;28348416;1122684928;0;0;0;0;0;0;0;0;0;0;0;3307;0;0;89;0;80;0;
27014;4529054;1029505024;28348416;1122684928;0;0;0;0;0;0;0;0;0;0;0;3356;0;0;89;0;80;0;
27015;5212906;1029505024;28348416;1122684928;0;0;0;0;0;0;0;0;0;0;0;3326;0;0;89;0;80;0;
27016;4289124;1029505024;28348416;1122684928;0;0;0;0;0;0;0;0;0;0;0;3366;0;0;89;0;80;0;
27017;5572280;1029505024;28348416;1122684928;0;0;0;0;0;0;0;0;0;0;0;4669;0;0;89;0;80;0;
27018;4638689;1029505024;28348416;1122684928;0;0;0;0;0;0;0;0;0;0;0;3727;0;0;89;0;80;0;
27019;6665320;1029505024;28348416;1122684928;0;0;0;0;0;0;0;0;0;0;0;3927;0;0;89;0;80;0;
27020;4817525;1029505024;28348416;1122684928;0;0;0;0;0;0;0;0;0;0;0;3437;0;0;89;0;80;0;
27021;6601110;1029505024;28348416;1122684928;0;0;0;0;0;0;0;0;0;0;0;3066;0;0;89;0;80;0;
27022;3898832;1029505024;28348416;1122684928;0;0;0;0;0;0;0;0;0;0;0;3015;0;0;89;0;80;0;
27023;6157577;1029505024;28348416;1122684928;0;0;0;0;0;0;0;0;0;0;0;3556;0;0;89;0;80;0;
27024;3981537;1029505024;28348416;1122684928;0;0;0;0;0;0;0;0;0;0;0;3476;0;0;89;0;80;0;
27025;6407988;1029505024;28348416;1122684928;0;0;0;0;0;0;0;0;0;0;0;3677;0;0;89;0;80;0;
27026;3581497;1029505024;28348416;1122684928;0;0;0;0;0;0;0;0;0;0;0;2975;0;0;89;0;80;0;
27027;5637192;1029505024;28348416;1122684928;0;0;0;0;0;0;0;0;0;0;0;3917;0;0;89;0;80;0;
27028;3894624;1029505024;28348416;1122684928;0;0;0;0;0;0;0;0;0;0;0;3156;0;0;89;0;80;0;
27029;5526745;1029505024;28348416;1122684928;0;0;0;0;0;0;0;0;0;0;0;5670;0;0;89;0;80;0;
27030;4587112;1029505024;28348416;1122684928;0;0;0;0;0;0;0;0;0;0;0;3045;0;0;89;0;80;0;
27031;5862865;1029505024;28348416;1122684928;0;0;0;0;0;0;0;0;0;0;0;4208;0;0;89;0;80;0;
27032;4260450;1029505024;28348416;1122684928;0;0;0;0;0;0;0;0;0;0;0;3286;0;0;89;0;80;0;
27033;5420726;1029505024;28348416;1122684928;0;0;0;0;0;0;0;0;0;0;0;4338;0;0;89;0;80;0;
27034;4733738;1029505024;28348416;1122684928;0;0;0;0;0;0;0;0;0;0;0;2755;0;0;89;0;80;0;
27035;5393164;1029505024;28348416;1122684928;0;0;0;0;0;0;0;0;0;0;0;4298;0;0;89;0;80;0;
27036;4012996;1029505024;28348416;1122684928;0;0;0;0;0;0;0;0;0;0;0;3166;0;0;89;0;80;0;
27037;5937515;1029505024;28348416;1122684928;0;0;0;0;0;0;0;0;0;0;0;4499;0;0;89;0;80;0;
27038;4670910;1029505024;28348416;1122684928;0;0;0;0;0;0;0;0;0;0;0;3587;0;0;89;0;80;0;
27039;5402151;1029505024;28348416;1122684928;0;0;0;0;0;0;0;0;0;0;0;3968;0;0;89;0;80;0;
27040;4506241;1029505024;28348416;1122684928;0;0;0;0;0;0;0;0;0;0;0;3146;0;0;89;0;80;0;
27041;6339989;1029505024;28348416;1122684928;0;0;0;0;0;0;0;0;0;0;0;3737;0;0;89;0;80;0;
27042;3841244;1029505024;28348416;1122684928;0;0;0;0;0;0;0;0;0;0;0;2966;0;0;89;0;80;0;
27043;5197627;1029505024;28348416;1122684928;0;0;0;0;0;0;0;0;0;0;0;3146;0;0;89;0;80;0;
27044;5367266;1029505024;28348416;1122684928;0;0;0;0;0;0;0;0;0;0;0;3306;0;0;89;0;80;0;
27045;5057986;1029505024;28348416;1122684928;0;0;0;0;0;0;0;0;0;0;0;4578;0;0;89;0;80;0;
27046;4981793;1029505024;28348416;1122684928;0;0;0;0;0;0;0;0;0;0;0;2755;0;0;89;0;80;0;
27047;7905015;1029505024;28348416;1122684928;0;0;0;0;0;0;0;0;0;0;0;4439;0;0;89;0;80;0;
27048;3748359;1029505024;28348416;1122684928;0;0;0;0;0;0;0;0;0;0;0;3487;0;0;89;0;80;0;
27049;5979173;1029505024;28348416;1122684928;0;0;0;0;0;0;0;0;0;0;0;3437;0;0;89;0;80;0;
27050;4008037;1029505024;28348416;1122684928;0;0;0;0;0;0;0;0;0;0;0;2665;0;0;89;0;80;0;
27051;5609871;1029505024;28348416;1122684928;0;0;0;0;0;0;0;0;0;0;0;3947;0;0;89;0;80;0;
27052;4259709;1029505024;28348416;1122684928;0;0;0;0;0;0;0;0;0;0;0;2756;0;0;89;0;80;0;
27053;5734374;1029505024;28348416;1122684928;0;0;0;0;0;0;0;0;0;0;0;4639;0;0;89;0;80;0;
27054;4002196;1029505024;28348416;1122684928;0;0;0;0;0;0;0;0;0;0;0;3175;0;0;89;0;80;0;
27055;6286580;1029505024;28348416;1122684928;0;0;0;0;0;0;0;0;0;0;0;4349;0;0;89;0;80;0;
27056;3912678;1029505024;28348416;1122684928;0;0;0;0;0;0;0;0;0;0;0;3416;0;0;89;0;80;0;
27057;5687947;1029505024;28348416;1122684928;0;0;0;0;0;0;0;0;0;0;0;2905;0;0;89;0;80;0;
27058;3724034;1029505024;28348416;1122684928;0;0;0;0;0;0;0;0;0;0;0;2305;0;0;89;0;80;0;
27059;4882055;1029505024;28348416;1122684928;0;0;0;0;0;0;0;0;0;0;0;2865;0;0;89;0;80;0;
27060;4311466;1029505024;28348416;1122684928;0;0;0;0;0;0;0;0;0;0;0;2445;0;0;89;0;80;0;
27061;5185104;1029505024;28348416;1122684928;0;0;0;0;0;0;0;0;0;0;0;2475;0;0;89;0;80;0;
27062;3345474;1029505024;28348416;1122684928;0;0;0;0;0;0;0;0;0;0;0;3677;0;0;89;0;80;0;
27063;5533327;1029505024;28348416;1122684928;0;0;0;0;0;0;0;0;0;0;0;2966;0;0;89;0;80;0;
27064;3399846;1029505024;28348416;1122684928;0;0;0;0;0;0;0;0;0;0;0;2174;0;0;89;0;80;0;
27065;5964275;1029505024;28348416;1122684928;0;0;0;0;0;0;0;0;0;0;0;2705;0;0;89;0;80;0;
27066;3368087;1029505024;28348416;1122684928;0;0;0;0;0;0;0;0;0;0;0;2855;0;0;89;0;80;0;
27067;5152463;1029505024;28348416;1122684928;0;0;0;0;0;0;0;0;0;0;0;2514;0;0;89;0;80;0;
27068;3080117;1029505024;28348416;1122684928;0;0;0;0;0;0;0;0;0;0;0;2635;0;0;89;0;80;0;
27069;5931333;1029505024;28348416;1122684928;0;0;0;0;0;0;0;0;0;0;0;3386;0;0;89;0;80;0;
27070;2661251;1029505024;28348416;1122684928;0;0;0;0;0;0;0;0;0;0;0;2284;0;0;89;0;80;0;
27071;5109242;1029505024;28348416;1122684928;0;0;0;0;0;0;0;0;0;0;0;2314;0;0;89;0;80;0;
27072;4150204;1029505024;28348416;1122684928;0;0;0;0;0;0;0;0;0;0;0;2194;0;0;89;0;80;0;
27073;5208988;1029505024;28348416;1122684928;0;0;0;0;0;0;0;0;0;0;0;2435;0;0;89;0;80;0;
27074;2653016;1029505024;28348416;1122684928;0;0;0;0;0;0;0;0;0;0;0;2585;0;0;89;0;80;0;
27075;5815036;1029505024;28348416;1122684928;0;0;0;0;0;0;0;0;0;0;0;3166;0;0;89;0;80;0;
27076;3046443;1029505024;28348416;1122684928;0;0;0;0;0;0;0;0;0;0;0;2575;0;0;89;0;80;0;
27077;11520675;1029505024;28348416;1122684928;0;0;0;0;0;0;0;0;0;0;0;2655;0;0;89;0;80;0;
27078;4143701;1029505024;28348416;1122684928;0;0;0;0;0;0;0;0;0;0;0;2995;0;0;89;0;80;0;
27079;6783913;1029505024;28348416;1122684928;0;0;0;0;0;0;0;0;0;0;0;3577;0;0;89;0;80;0;
27080;3791681;1029505024;28348416;1122684928;0;0;0;0;0;0;0;0;0;0;0;2845;0;0;89;0;80;0;
27081;5305790;1029505024;28348416;1122684928;0;0;0;0;0;0;0;0;0;0;0;3526;0;0;89;0;80;0;
27082;3878363;1029505024;28348416;1122684928;0;0;0;0;0;0;0;0;0;0;0;2775;0;0;89;0;80;0;
27083;7570157;1029505024;28348416;1122684928;0;0;0;0;0;0;0;0;0;0;0;3236;0;0;89;0;80;0;
27084;3350334;1029505024;28348416;1122684928;0;0;0;0;0;0;0;0;0;0;0;2424;0;0;89;0;80;0;
27085;4882837;1029505024;28348416;1122684928;0;0;0;0;0;0;0;0;0;0;0;2936;0;0;89;0;80;0;
27086;4893067;1029505024;28348416;1122684928;0;0;0;0;0;0;0;0;0;0;0;2495;0;0;89;0;80;0;
27087;5539198;1029505024;28348416;1122684928;0;0;0;0;0;0;0;0;0;0;0;3456;0;0;89;0;80;0;
27088;5029382;1029505024;28348416;1122684928;0;0;0;0;0;0;0;0;0;0;0;2675;0;0;89;0;80;0;
27089;5583020;1029505024;28348416;1122684928;0;0;0;0;0;0;0;0;0;0;0;3226;0;0;89;0;80;0;
27090;3603728;1029505024;28348416;1122684928;0;0;0;0;0;0;0;0;0;0;0;2685;0;0;89;0;80;0;
27091;5755453;1029505024;28348416;1122684928;0;0;0;0;0;0;0;0;0;0;0;2995;0;0;89;0;80;0;
27092;3244856;1029505024;28348416;1122684928;0;0;0;0;0;0;0;0;0;0;0;2495;0;0;89;0;80;0;
27093;5936152;1029505024;28348416;1122684928;0;0;0;0;0;0;0;0;0;0;0;2725;0;0;89;0;80;0;
27094;4114877;1029505024;28348416;1122684928;0;0;0;0;0;0;0;0;0;0;0;3436;0;0;89;0;80;0;
27095;5000047;1029505024;28348416;1122684928;0;0;0;0;0;0;0;0;0;0;0;3266;0;0;89;0;80;0;
27096;4356230;1029505024;28348416;1122684928;0;0;0;0;0;0;0;0;0;0;0;2665;0;0;89;0;80;0;
27097;5649775;1029505024;28352512;1122689024;0;0;0;0;0;0;0;0;0;0;0;2946;0;0;89;0;80;0;
27098;3199720;1029505024;28356608;1122693120;0;0;0;0;0;0;0;0;0;0;0;2605;0;0;89;0;80;0;
27099;5825234;1029505024;28356608;1122693120;0;0;0;0;0;0;0;0;0;0;0;2996;0;0;89;0;80;0;
27100;3982929;1029505024;28356608;1122693120;0;0;0;0;0;0;0;0;0;0;0;2515;0;0;89;0;80;0;
27101;5701012;1029505024;28356608;1122693120;0;0;0;0;0;0;0;0;0;0;0;3086;0;0;89;0;80;0;
27102;3940430;1029505024;28356608;1122693120;0;0;0;0;0;0;0;0;0;0;0;2154;0;0;89;0;80;0;
27103;5291223;1029505024;28356608;1122693120;0;0;0;0;0;0;0;0;0;0;0;2745;0;0;89;0;80;0;
27104;3270112;1029505024;28348416;1122684928;0;0;0;0;0;0;0;0;0;0;0;2575;0;0;89;0;80;0;
27105;5008303;1029505024;28348416;1122684928;0;0;0;0;0;0;0;0;0;0;0;2996;0;0;89;0;80;0;
27106;4495491;1029505024;28348416;1122684928;0;0;0;0;0;0;0;0;0;0;0;2975;0;0;89;0;80;0;
27107;5803754;1029505024;28348416;1122684928;0;0;0;0;0;0;0;0;0;0;0;3937;0;0;89;0;80;0;
27108;3672438;1029505024;28348416;1122684928;0;0;0;0;0;0;0;0;0;0;0;2515;0;0;89;0;80;0;
27109;5942835;1029505024;28348416;1122684928;0;0;0;0;0;0;0;0;0;0;0;3236;0;0;89;0;80;0;
27110;4289194;1029505024;28348416;1122684928;0;0;0;0;0;0;0;0;0;0;0;3005;0;0;89;0;80;0;
27111;5612285;1029505024;28348416;1122684928;0;0;0;0;0;0;0;0;0;0;0;3737;0;0;89;0;80;0;
27112;6189438;1029505024;28348416;1122684928;0;0;0;0;0;0;0;0;0;0;0;4328;0;0;89;0;80;0;
27113;5878995;1029505024;28348416;1122684928;0;0;0;0;0;0;0;0;0;0;0;3957;0;0;89;0;80;0;
27114;4367721;1029505024;28348416;1122684928;0;0;0;0;0;0;0;0;0;0;0;2895;0;0;89;0;80;0;
27115;6528193;1029505024;28348416;1122684928;0;0;0;0;0;0;0;0;0;0;0;3306;0;0;89;0;80;0;
27116;3302383;1029505024;28348416;1122684928;0;0;0;0;0;0;0;0;0;0;0;2584;0;0;89;0;80;0;
27117;6110349;1029505024;28348416;1122684928;0;0;0;0;0;0;0;0;0;0;0;2915;0;0;89;0;80;0;
27118;3886118;1029505024;28348416;1122684928;0;0;0;0;0;0;0;0;0;0;0;3166;0;0;89;0;80;0;
27119;6541137;1029505024;28348416;1122684928;0;0;0;0;0;0;0;0;0;0;0;2995;0;0;89;0;80;0;
27120;4219924;1029505024;28348416;1122684928;0;0;0;0;0;0;0;0;0;0;0;2805;0;0;89;0;80;0;
27121;5702183;1029505024;28348416;1122684928;0;0;0;0;0;0;0;0;0;0;0;3056;0;0;89;0;80;0;
27122;3105534;1029505024;28348416;1122684928;0;0;0;0;0;0;0;0;0;0;0;2504;0;0;89;0;80;0;
27123;6172296;1029505024;28348416;1122684928;0;0;0;0;0;0;0;0;0;0;0;2605;0;0;89;0;80;0;
27124;3146802;1029505024;28348416;1122684928;0;0;0;0;0;0;0;0;0;0;0;2905;0;0;89;0;80;0;
27125;5246539;1029505024;28348416;1122684928;0;0;0;0;0;0;0;0;0;0;0;2825;0;0;89;0;80;0;
27126;3154436;1029505024;28348416;1122684928;0;0;0;0;0;0;0;0;0;0;0;2795;0;0;89;0;80;0;
27127;5473245;1029505024;28348416;1122684928;0;0;0;0;0;0;0;0;0;0;0;2545;0;0;89;0;80;0;
27128;3434491;1029505024;28348416;1122684928;0;0;0;0;0;0;0;0;0;0;0;3847;0;0;89;0;80;0;
27129;5516906;1029505024;28348416;1122684928;0;0;0;0;0;0;0;0;0;0;0;2865;0;0;89;0;80;0;
27130;3634576;1029505024;28348416;1122684928;0;0;0;0;0;0;0;0;0;0;0;3156;0;0;89;0;80;0;
27131;5466461;1029505024;28348416;1122684928;0;0;0;0;0;0;0;0;0;0;0;2705;0;0;89;0;80;0;
27132;3733472;1029505024;28348416;1122684928;0;0;0;0;0;0;0;0;0;0;0;2234;0;0;89;0;80;0;
27133;5404656;1029505024;28348416;1122684928;0;0;0;0;0;0;0;0;0;0;0;3076;0;0;89;0;80;0;
27134;4149422;1029505024;28348416;1122684928;0;0;0;0;0;0;0;0;0;0;0;2846;0;0;89;0;80;0;
27135;5454449;1029505024;28348416;1122684928;0;0;0;0;0;0;0;0;0;0;0;2585;0;0;89;0;80;0;
27136;4647135;1029505024;28348416;1122684928;0;0;0;0;0;0;0;0;0;0;0;2605;0;0;89;0;80;0;
27137;5285462;1029505024;28348416;1122684928;0;0;0;0;0;0;0;0;0;0;0;2906;0;0;89;0;80;0;
27138;4710233;1029505024;28348416;1122684928;0;0;0;0;0;0;0;0;0;0;0;2775;0;0;89;0;80;0;
27139;5937195;1029505024;28348416;1122684928;0;0;0;0;0;0;0;0;0;0;0;2635;0;0;89;0;80;0;
27140;3663330;1029505024;28348416;1122684928;0;0;0;0;0;0;0;0;0;0;0;2705;0;0;89;0;80;0;
27141;5100655;1029505024;28348416;1122684928;0;0;0;0;0;0;0;0;0;0;0;3066;0;0;89;0;80;0;
27142;3041454;1029505024;28348416;1122684928;0;0;0;0;0;0;0;0;0;0;0;2255;0;0;89;0;80;0;
27143;5610882;1029505024;28348416;1122684928;0;0;0;0;0;0;0;0;0;0;0;2685;0;0;89;0;80;0;
27144;3791220;1029505024;28348416;1122684928;0;0;0;0;0;0;0;0;0;0;0;2836;0;0;89;0;80;0;
27145;5557913;1029505024;28348416;1122684928;0;0;0;0;0;0;0;0;0;0;0;2244;0;0;89;0;80;0;
27146;3466782;1029505024;28348416;1122684928;0;0;0;0;0;0;0;0;0;0;0;2395;0;0;89;0;80;0;
27147;6544223;1029505024;28348416;1122684928;0;0;0;0;0;0;0;0;0;0;0;2655;0;0;89;0;80;0;
27148;3895265;1029505024;28348416;1122684928;0;0;0;0;0;0;0;0;0;0;0;2805;0;0;89;0;80;0;
27149;6004701;1029505024;28348416;1122684928;0;0;0;0;0;0;0;0;0;0;0;2735;0;0;89;0;80;0;
27150;4605768;1029505024;28348416;1122684928;0;0;0;0;0;0;0;0;0;0;0;3166;0;0;89;0;80;0;
27151;5537675;1029505024;28348416;1122684928;0;0;0;0;0;0;0;0;0;0;0;2835;0;0;89;0;80;0;
27152;3331829;1029505024;28348416;1122684928;0;0;0;0;0;0;0;0;0;0;0;3266;0;0;89;0;80;0;
27153;5464148;1029505024;28348416;1122684928;0;0;0;0;0;0;0;0;0;0;0;2364;0;0;89;0;80;0;
27154;3926183;1029505024;28348416;1122684928;0;0;0;0;0;0;0;0;0;0;0;3156;0;0;89;0;80;0;
27155;5883043;1029505024;28348416;1122684928;0;0;0;0;0;0;0;0;0;0;0;2786;0;0;89;0;80;0;
27156;3364279;1029505024;28348416;1122684928;0;0;0;0;0;0;0;0;0;0;0;2144;0;0;89;0;80;0;
27157;5544948;1029505024;28348416;1122684928;0;0;0;0;0;0;0;0;0;0;0;2465;0;0;89;0;80;0;
27158;3897159;1029505024;28348416;1122684928;0;0;0;0;0;0;0;0;0;0;0;2315;0;0;89;0;80;0;
27159;5429232;1029505024;28348416;1122684928;0;0;0;0;0;0;0;0;0;0;0;2374;0;0;89;0;80;0;
27160;4019689;1029505024;28348416;1122684928;0;0;0;0;0;0;0;0;0;0;0;2895;0;0;89;0;80;0;
27161;5060721;1029505024;28348416;1122684928;0;0;0;0;0;0;0;0;0;0;0;2404;0;0;89;0;80;0;
27162;3669222;1029505024;28348416;1122684928;0;0;0;0;0;0;0;0;0;0;0;2034;0;0;89;0;80;0;
27163;4838855;1029505024;28348416;1122684928;0;0;0;0;0;0;0;0;0;0;0;3006;0;0;89;0;80;0;
27164;3328803;1029505024;28348416;1122684928;0;0;0;0;0;0;0;0;0;0;0;2605;0;0;89;0;80;0;
27165;6473350;1029505024;28348416;1122684928;0;0;0;0;0;0;0;0;0;0;0;3076;0;0;89;0;80;0;
27166;2901732;1029505024;28348416;1122684928;0;0;0;0;0;0;0;0;0;0;0;3186;0;0;89;0;80;0;
27167;5616283;1029505024;28348416;1122684928;0;0;0;0;0;0;0;0;0;0;0;2686;0;0;89;0;80;0;
27168;3723233;1029505024;28348416;1122684928;0;0;0;0;0;0;0;0;0;0;0;2064;0;0;89;0;80;0;
27169;6062509;1029505024;28348416;1122684928;0;0;0;0;0;0;0;0;0;0;0;2604;0;0;89;0;80;0;
27170;3743190;1029505024;28348416;1122684928;0;0;0;0;0;0;0;0;0;0;0;2344;0;0;89;0;80;0;
27171;5858938;1029505024;28348416;1122684928;0;0;0;0;0;0;0;0;0;0;0;2906;0;0;89;0;80;0;
27172;3511685;1029505024;28348416;1122684928;0;0;0;0;0;0;0;0;0;0;0;2104;0;0;89;0;80;0;
27173;5880739;1029505024;28348416;1122684928;0;0;0;0;0;0;0;0;0;0;0;3326;0;0;89;0;80;0;
27174;2472387;1029505024;28348416;1122684928;0;0;0;0;0;0;0;0;0;0;0;2805;0;0;89;0;80;0;
27175;4972906;1029505024;28348416;1122684928;0;0;0;0;0;0;0;0;0;0;0;2915;0;0;89;0;80;0;
27176;3923468;1029505024;28348416;1122684928;0;0;0;0;0;0;0;0;0;0;0;2334;0;0;89;0;80;0;
27177;5465631;1029505024;28348416;1122684928;0;0;0;0;0;0;0;0;0;0;0;84198;0;0;89;0;80;0;
27178;3593630;1029505024;28348416;1122684928;0;0;0;0;0;0;0;0;0;0;0;2114;0;0;89;0;80;0;
27179;5113310;1029505024;28348416;1122684928;0;0;0;0;0;0;0;0;0;0;0;2715;0;0;89;0;80;0;
27180;4448663;1029505024;28348416;1122684928;0;0;0;0;0;0;0;0;0;0;0;2255;0;0;89;0;80;0;
27181;5017831;1029505024;28348416;1122684928;0;0;0;0;0;0;0;0;0;0;0;2845;0;0;89;0;80;0;
27182;4525778;1029505024;28348416;1122684928;0;0;0;0;0;0;0;0;0;0;0;2485;0;0;89;0;80;0;
27183;5073234;1029505024;28348416;1122684928;0;0;0;0;0;0;0;0;0;0;0;2645;0;0;89;0;80;0;
27184;3329935;1029505024;28348416;1122684928;0;0;0;0;0;0;0;0;0;0;0;2355;0;0;89;0;80;0;
27185;5508571;1029505024;28348416;1122684928;0;0;0;0;0;0;0;0;0;0;0;2805;0;0;89;0;80;0;
27186;3622364;1029505024;28348416;1122684928;0;0;0;0;0;0;0;0;0;0;0;2535;0;0;89;0;80;0;
27187;5040934;1029505024;28348416;1122684928;0;0;0;0;0;0;0;0;0;0;0;2464;0;0;89;0;80;0;
27188;3464096;1029505024;28348416;1122684928;0;0;0;0;0;0;0;0;0;0;0;2585;0;0;89;0;80;0;
27189;5593099;1029505024;28348416;1122684928;0;0;0;0;0;0;0;0;0;0;0;2846;0;0;89;0;80;0;
27190;3795298;1029505024;28348416;1122684928;0;0;0;0;0;0;0;0;0;0;0;3036;0;0;89;0;80;0;
27191;4925838;1029505024;28348416;1122684928;0;0;0;0;0;0;0;0;0;0;0;2154;0;0;89;0;80;0;
27192;3744492;1029505024;28348416;1122684928;0;0;0;0;0;0;0;0;0;0;0;2445;0;0;89;0;80;0;
27193;6116110;1029505024;28348416;1122684928;0;0;0;0;0;0;0;0;0;0;0;2725;0;0;89;0;80;0;
27194;3242772;1029505024;28348416;1122684928;0;0;0;0;0;0;0;0;0;0;0;2665;0;0;89;0;80;0;
27195;5774420;1029505024;28348416;1122684928;0;0;0;0;0;0;0;0;0;0;0;2755;0;0;89;0;80;0;
27196;3477081;1029505024;28348416;1122684928;0;0;0;0;0;0;0;0;0;0;0;2575;0;0;89;0;80;0;
27197;6030579;1029505024;28348416;1122684928;0;0;0;0;0;0;0;0;0;0;0;2625;0;0;89;0;80;0;
27198;3264492;1029505024;28348416;1122684928;0;0;0;0;0;0;0;0;0;0;0;1924;0;0;89;0;80;0;
27199;4824488;1029505024;28348416;1122684928;0;0;0;0;0;0;0;0;0;0;0;2375;0;0;89;0;80;0;
27200;2882115;1029505024;28348416;1122684928;0;0;0;0;0;0;0;0;0;0;0;2695;0;0;89;0;80;0;
27201;5950189;1029505024;28348416;1122684928;0;0;0;0;0;0;0;0;0;0;0;2614;0;0;89;0;80;0;
27202;4016372;1029505024;28348416;1122684928;0;0;0;0;0;0;0;0;0;0;0;2585;0;0;89;0;80;0;
27203;4883138;1029505024;28348416;1122684928;0;0;0;0;0;0;0;0;0;0;0;2775;0;0;89;0;80;0;
27204;2533140;1029505024;28348416;1122684928;0;0;0;0;0;0;0;0;0;0;0;2004;0;0;89;0;80;0;
27205;4992543;1029505024;28348416;1122684928;0;0;0;0;0;0;0;0;0;0;0;2955;0;0;89;0;80;0;
27206;2913734;1029505024;28348416;1122684928;0;0;0;0;0;0;0;0;0;0;0;2464;0;0;89;0;80;0;
27207;4534424;1029505024;28348416;1122684928;0;0;0;0;0;0;0;0;0;0;0;2244;0;0;89;0;80;0;
27208;2652725;1029505024;28348416;1122684928;0;0;0;0;0;0;0;0;0;0;0;2554;0;0;89;0;80;0;
27209;5596976;1029505024;28348416;1122684928;0;0;0;0;0;0;0;0;0;0;0;2555;0;0;89;0;80;0;
27210;3391630;1029505024;28348416;1122684928;0;0;0;0;0;0;0;0;0;0;0;2224;0;0;89;0;80;0;
27211;4920728;1029505024;28348416;1122684928;0;0;0;0;0;0;0;0;0;0;0;2895;0;0;89;0;80;0;
27212;3155788;1029505024;28348416;1122684928;0;0;0;0;0;0;0;0;0;0;0;2935;0;0;89;0;80;0;
27213;5548556;1029505024;28348416;1122684928;0;0;0;0;0;0;0;0;0;0;0;3086;0;0;89;0;80;0;
27214;3238293;1029505024;28348416;1122684928;0;0;0;0;0;0;0;0;0;0;0;2846;0;0;89;0;80;0;
27215;5147403;1029505024;28348416;1122684928;0;0;0;0;0;0;0;0;0;0;0;2545;0;0;89;0;80;0;
27216;3354761;1029505024;28352512;1122689024;0;0;0;0;0;0;0;0;0;0;0;2284;0;0;89;0;80;0;
27217;6256534;1029505024;28352512;1122689024;0;0;0;0;0;0;0;0;0;0;0;2745;0;0;89;0;80;0;
27218;3197667;1029505024;28352512;1122689024;0;0;0;0;0;0;0;0;0;0;0;2215;0;0;89;0;80;0;
27219;5239936;1029505024;28352512;1122689024;0;0;0;0;0;0;0;0;0;0;0;2895;0;0;89;0;80;0;
27220;2627137;1029505024;28352512;1122689024;0;0;0;0;0;0;0;0;0;0;0;2535;0;0;89;0;80;0;
27221;4769114;1029505024;28352512;1122689024;0;0;0;0;0;0;0;0;0;0;0;2625;0;0;89;0;80;0;
27222;2622829;1029505024;28352512;1122689024;0;0;0;0;0;0;0;0;0;0;0;2725;0;0;89;0;80;0;
27223;5103881;1029505024;28352512;1122689024;0;0;0;0;0;0;0;0;0;0;0;2605;0;0;89;0;80;0;
27224;3239936;1029505024;28352512;1122689024;0;0;0;0;0;0;0;0;0;0;0;3056;0;0;89;0;80;0;
27225;5258722;1029505024;28352512;1122689024;0;0;0;0;0;0;0;0;0;0;0;3307;0;0;89;0;80;0;
27226;3573872;1029505024;28352512;1122689024;0;0;0;0;0;0;0;0;0;0;0;2856;0;0;89;0;80;0;
27227;5487431;1029505024;28352512;1122689024;0;0;0;0;0;0;0;0;0;0;0;2996;0;0;89;0;80;0;
27228;3850702;1029505024;28352512;1122689024;0;0;0;0;0;0;0;0;0;0;0;2435;0;0;89;0;80;0;
27229;4932571;1029505024;28352512;1122689024;0;0;0;0;0;0;0;0;0;0;0;2575;0;0;89;0;80;0;
27230;3248041;1029505024;28352512;1122689024;0;0;0;0;0;0;0;0;0;0;0;2264;0;0;89;0;80;0;
27231;5566138;1029505024;28352512;1122689024;0;0;0;0;0;0;0;0;0;0;0;2655;0;0;89;0;80;0;
27232;2907192;1029505024;28352512;1122689024;0;0;0;0;0;0;0;0;0;0;0;2554;0;0;89;0;80;0;
27233;5977260;1029505024;28352512;1122689024;0;0;0;0;0;0;0;0;0;0;0;2976;0;0;89;0;80;0;
27234;4176543;1029505024;28352512;1122689024;0;0;0;0;0;0;0;0;0;0;0;2505;0;0;89;0;80;0;
27235;4728799;1029505024;28352512;1122689024;0;0;0;0;0;0;0;0;0;0;0;2595;0;0;89;0;80;0;
27236;3443979;1029505024;28352512;1122689024;0;0;0;0;0;0;0;0;0;0;0;3437;0;0;89;0;80;0;
27237;5045903;1029505024;28352512;1122689024;0;0;0;0;0;0;0;0;0;0;0;2795;0;0;89;0;80;0;
27238;3215680;1029505024;28352512;1122689024;0;0;0;0;0;0;0;0;0;0;0;2554;0;0;89;0;80;0;
27239;5260265;1029505024;28352512;1122689024;0;0;0;0;0;0;0;0;0;0;0;2424;0;0;89;0;80;0;
27240;4066035;1029505024;28352512;1122689024;0;0;0;0;0;0;0;0;0;0;0;3076;0;0;89;0;80;0;
27241;4684345;1029505024;28352512;1122689024;0;0;0;0;0;0;0;0;0;0;0;2855;0;0;89;0;80;0;
27242;2787498;1029505024;28352512;1122689024;0;0;0;0;0;0;0;0;0;0;0;2124;0;0;89;0;80;0;
27243;4825961;1029505024;28352512;1122689024;0;0;0;0;0;0;0;0;0;0;0;2796;0;0;89;0;80;0;
27244;3923197;1029505024;28352512;1122689024;0;0;0;0;0;0;0;0;0;0;0;3256;0;0;89;0;80;0;
27245;5193260;1029505024;28352512;1122689024;0;0;0;0;0;0;0;0;0;0;0;2866;0;0;89;0;80;0;
27246;3891227;1029505024;28352512;1122689024;0;0;0;0;0;0;0;0;0;0;0;2023;0;0;89;0;80;0;
27247;5514301;1029505024;28352512;1122689024;0;0;0;0;0;0;0;0;0;0;0;2194;0;0;89;0;80;0;
27248;3301612;1029505024;28352512;1122689024;0;0;0;0;0;0;0;0;0;0;0;3065;0;0;89;0;80;0;
27249;5063557;1029505024;28352512;1122689024;0;0;0;0;0;0;0;0;0;0;0;2695;0;0;89;0;80;0;
27250;3178571;1029505024;28352512;1122689024;0;0;0;0;0;0;0;0;0;0;0;2655;0;0;89;0;80;0;
27251;5135391;1029505024;28352512;1122689024;0;0;0;0;0;0;0;0;0;0;0;2855;0;0;89;0;80;0;
27252;4000733;1029505024;28352512;1122689024;0;0;0;0;0;0;0;0;0;0;0;2505;0;0;89;0;80;0;
27253;5091028;1029505024;28352512;1122689024;0;0;0;0;0;0;0;0;0;0;0;2415;0;0;89;0;80;0;
27254;3360622;1029505024;28352512;1122689024;0;0;0;0;0;0;0;0;0;0;0;2475;0;0;89;0;80;0;
27255;5267859;1029505024;28352512;1122689024;0;0;0;0;0;0;0;0;0;0;0;2514;0;0;89;0;80;0;
27256;2765587;1029505024;28352512;1122689024;0;0;0;0;0;0;0;0;0;0;0;2254;0;0;89;0;80;0;
27257;5025665;1029505024;28352512;1122689024;0;0;0;0;0;0;0;0;0;0;0;2935;0;0;89;0;80;0;
27258;3725677;1029505024;28352512;1122689024;0;0;0;0;0;0;0;0;0;0;0;2875;0;0;89;0;80;0;
27259;6042241;1029505024;28352512;1122689024;0;0;0;0;0;0;0;0;0;0;0;2564;0;0;89;0;80;0;
27260;3555077;1029505024;28352512;1122689024;0;0;0;0;0;0;0;0;0;0;0;2244;0;0;89;0;80;0;
27261;5609961;1029505024;28352512;1122689024;0;0;0;0;0;0;0;0;0;0;0;2064;0;0;89;0;80;0;
27262;3123738;1029505024;28352512;1122689024;0;0;0;0;0;0;0;0;0;0;0;2955;0;0;89;0;80;0;
27263;5324876;1029505024;28352512;1122689024;0;0;0;0;0;0;0;0;0;0;0;3006;0;0;89;0;80;0;
27264;3464708;1029505024;28352512;1122689024;0;0;0;0;0;0;0;0;0;0;0;2665;0;0;89;0;80;0;
27265;5980246;1029505024;28352512;1122689024;0;0;0;0;0;0;0;0;0;0;0;2705;0;0;89;0;80;0;
27266;3813612;1029505024;28352512;1122689024;0;0;0;0;0;0;0;0;0;0;0;2544;0;0;89;0;80;0;
27267;5338181;1029505024;28352512;1122689024;0;0;0;0;0;0;0;0;0;0;0;3506;0;0;89;0;80;0;
27268;4337655;1029505024;28352512;1122689024;0;0;0;0;0;0;0;0;0;0;0;3446;0;0;89;0;80;0;
27269;5616092;1029505024;28352512;1122689024;0;0;0;0;0;0;0;0;0;0;0;3607;0;0;89;0;80;0;
27270;3836515;1029505024;28352512;1122689024;0;0;0;0;0;0;0;0;0;0;0;2906;0;0;89;0;80;0;
27271;5159556;1029505024;28352512;1122689024;0;0;0;0;0;0;0;0;0;0;0;2775;0;0;89;0;80;0;
27272;4546917;1029505024;28352512;1122689024;0;0;0;0;0;0;0;0;0;0;0;3206;0;0;89;0;80;0;
27273;6132110;1029505024;28352512;1122689024;0;0;0;0;0;0;0;0;0;0;0;3156;0;0;89;0;80;0;
27274;3882571;1029505024;28352512;1122689024;0;0;0;0;0;0;0;0;0;0;0;6863;0;0;89;0;80;0;
27275;5547293;1029505024;28352512;1122689024;0;0;0;0;0;0;0;0;0;0;0;3196;0;0;89;0;80;0;
27276;3124019;1029505024;28352512;1122689024;0;0;0;0;0;0;0;0;0;0;0;2325;0;0;89;0;80;0;
27277;5252741;1029505024;28352512;1122689024;0;0;0;0;0;0;0;0;0;0;0;2465;0;0;89;0;80;0;
27278;3629547;1029505024;28352512;1122689024;0;0;0;0;0;0;0;0;0;0;0;2715;0;0;89;0;80;0;
27279;5741126;1029505024;28352512;1122689024;0;0;0;0;0;0;0;0;0;0;0;2885;0;0;89;0;80;0;
27280;6016474;1029505024;28352512;1122689024;0;0;0;0;0;0;0;0;0;0;0;5620;0;0;89;0;80;0;
27281;6364806;1029505024;28352512;1122689024;0;0;0;0;0;0;0;0;0;0;0;6082;0;0;89;0;80;0;
27282;5640548;1029505024;28352512;1122689024;0;0;0;0;0;0;0;0;0;0;0;4448;0;0;89;0;80;0;
27283;6338797;1029505024;28352512;1122689024;0;0;0;0;0;0;0;0;0;0;0;4789;0;0;89;0;80;0;
27284;5091268;1029505024;28352512;1122689024;0;0;0;0;0;0;0;0;0;0;0;5040;0;0;89;0;80;0;
27285;6104749;1029505024;28352512;1122689024;0;0;0;0;0;0;0;0;0;0;0;4178;0;0;89;0;80;0;
27286;5263812;1029505024;28352512;1122689024;0;0;0;0;0;0;0;0;0;0;0;5941;0;0;89;0;80;0;
27287;9973204;1029505024;28352512;1122689024;0;0;0;0;0;0;0;0;0;0;0;5931;0;0;89;0;80;0;
27288;6938692;1029505024;28352512;1122689024;0;0;0;0;0;0;0;0;0;0;0;4618;0;0;89;0;80;0;
27289;12482930;1029505024;28352512;1122689024;0;0;0;0;0;0;0;0;0;0;0;5250;0;0;89;0;80;0;
27290;5898462;1029505024;28352512;1122689024;0;0;0;0;0;0;0;0;0;0;0;4909;0;0;89;0;80;0;
27291;6920538;1029505024;28352512;1122689024;0;0;0;0;0;0;0;0;0;0;0;4479;0;0;89;0;80;0;
27292;6521530;1029505024;28352512;1122689024;0;0;0;0;0;0;0;0;0;0;0;4608;0;0;89;0;80;0;
27293;6305895;1029505024;28352512;1122689024;0;0;0;0;0;0;0;0;0;0;0;4779;0;0;89;0;80;0;
27294;5192248;1029505024;28352512;1122689024;0;0;0;0;0;0;0;0;0;0;0;3837;0;0;89;0;80;0;
27295;6940215;1029505024;28352512;1122689024;0;0;0;0;0;0;0;0;0;0;0;41849;0;0;89;0;80;0;
27296;5048849;1029505024;28352512;1122689024;0;0;0;0;0;0;0;0;0;0;0;4539;0;0;89;0;80;0;
27297;6712358;1029505024;28352512;1122689024;0;0;0;0;0;0;0;0;0;0;0;5089;0;0;89;0;80;0;
27298;5891659;1029505024;28352512;1122689024;0;0;0;0;0;0;0;0;0;0;0;3967;0;0;89;0;80;0;
27299;5375962;1029505024;28352512;1122689024;0;0;0;0;0;0;0;0;0;0;0;4849;0;0;89;0;80;0;
27300;6402447;1029505024;28352512;1122689024;0;0;0;0;0;0;0;0;0;0;0;4969;0;0;89;0;80;0;
27301;7189013;1029505024;28352512;1122689024;0;0;0;0;0;0;0;0;0;0;0;3908;0;0;89;0;80;0;
27302;5361895;1029505024;28352512;1122689024;0;0;0;0;0;0;0;0;0;0;0;3927;0;0;89;0;80;0;
27303;5366003;1029505024;28352512;1122689024;0;0;0;0;0;0;0;0;0;0;0;3526;0;0;89;0;80;0;
27304;5693598;1029505024;28352512;1122689024;0;0;0;0;0;0;0;0;0;0;0;4969;0;0;89;0;80;0;
27305;7331349;1029505024;28352512;1122689024;0;0;0;0;0;0;0;0;0;0;0;4108;0;0;89;0;80;0;
27306;5686194;1029505024;28352512;1122689024;0;0;0;0;0;0;0;0;0;0;0;4077;0;0;89;0;80;0;
27307;5876821;1029505024;28352512;1122689024;0;0;0;0;0;0;0;0;0;0;0;4098;0;0;89;0;80;0;
27308;5009805;1029505024;28352512;1122689024;0;0;0;0;0;0;0;0;0;0;0;4098;0;0;89;0;80;0;
27309;6692030;1029505024;28352512;1122689024;0;0;0;0;0;0;0;0;0;0;0;3877;0;0;89;0;80;0;
27310;4422053;1029505024;28352512;1122689024;0;0;0;0;0;0;0;0;0;0;0;4398;0;0;89;0;80;0;
27311;6752042;1029505024;28352512;1122689024;0;0;0;0;0;0;0;0;0;0;0;4669;0;0;89;0;80;0;
27312;4815531;1029505024;28352512;1122689024;0;0;0;0;0;0;0;0;0;0;0;3086;0;0;89;0;80;0;
27313;5956250;1029505024;28352512;1122689024;0;0;0;0;0;0;0;0;0;0;0;3837;0;0;89;0;80;0;
27314;4987934;1029505024;28352512;1122689024;0;0;0;0;0;0;0;0;0;0;0;4148;0;0;89;0;80;0;
27315;6499950;1029505024;28352512;1122689024;0;0;0;0;0;0;0;0;0;0;0;5080;0;0;89;0;80;0;
27316;7681856;1029505024;28352512;1122689024;0;0;0;0;0;0;0;0;0;0;0;4018;0;0;89;0;80;0;
27317;6198845;1029505024;28352512;1122689024;0;0;0;0;0;0;0;0;0;0;0;4438;0;0;89;0;80;0;
27318;6861949;1029505024;28352512;1122689024;0;0;0;0;0;0;0;0;0;0;0;4198;0;0;89;0;80;0;
27319;5951692;1029505024;28352512;1122689024;0;0;0;0;0;0;0;0;0;0;0;4999;0;0;89;0;80;0;
27320;4824498;1029505024;28352512;1122689024;0;0;0;0;0;0;0;0;0;0;0;4178;0;0;89;0;80;0;
27321;5547504;1029505024;28352512;1122689024;0;0;0;0;0;0;0;0;0;0;0;4628;0;0;89;0;80;0;
27322;5773608;1029505024;28352512;1122689024;0;0;0;0;0;0;0;0;0;0;0;4499;0;0;89;0;80;0;
27323;6632699;1029505024;28352512;1122689024;0;0;0;0;0;0;0;0;0;0;0;3076;0;0;89;0;80;0;
27324;5603078;1029505024;28352512;1122689024;0;0;0;0;0;0;0;0;0;0;0;3887;0;0;89;0;80;0;
27325;6273755;1029505024;28352512;1122689024;0;0;0;0;0;0;0;0;0;0;0;4248;0;0;89;0;80;0;
27326;4219233;1029505024;28352512;1122689024;0;0;0;0;0;0;0;0;0;0;0;4188;0;0;89;0;80;0;
27327;6811294;1029505024;28352512;1122689024;0;0;0;0;0;0;0;0;0;0;0;4077;0;0;89;0;80;0;
27328;4591030;1029505024;28352512;1122689024;0;0;0;0;0;0;0;0;0;0;0;3536;0;0;89;0;80;0;
27329;6012636;1029505024;28352512;1122689024;0;0;0;0;0;0;0;0;0;0;0;3757;0;0;89;0;80;0;
27330;4426832;1029505024;28352512;1122689024;0;0;0;0;0;0;0;0;0;0;0;3636;0;0;89;0;80;0;
27331;5960157;1029505024;28352512;1122689024;0;0;0;0;0;0;0;0;0;0;0;4969;0;0;89;0;80;0;
27332;6377079;1029505024;28352512;1122689024;0;0;0;0;0;0;0;0;0;0;0;4479;0;0;89;0;80;0;
27333;6304854;1029505024;28352512;1122689024;0;0;0;0;0;0;0;0;0;0;0;5100;0;0;89;0;80;0;
27334;5878254;1029505024;28352512;1122689024;0;0;0;0;0;0;0;0;0;0;0;4068;0;0;89;0;80;0;
27335;7406630;1029505024;28352512;1122689024;0;0;0;0;0;0;0;0;0;0;0;4479;0;0;89;0;80;0;
27336;5712984;1029505024;28352512;1122689024;0;0;0;0;0;0;0;0;0;0;0;4399;0;0;89;0;80;0;
27337;9514984;1029505024;28352512;1122689024;0;0;0;0;0;0;0;0;0;0;0;4188;0;0;89;0;80;0;
27338;5849069;1029505024;28352512;1122689024;0;0;0;0;0;0;0;0;0;0;0;3487;0;0;89;0;80;0;
27339;7258593;1029505024;28352512;1122689024;0;0;0;0;0;0;0;0;0;0;0;3517;0;0;89;0;80;0;
27340;6357172;1029505024;28352512;1122689024;0;0;0;0;0;0;0;0;0;0;0;4478;0;0;89;0;80;0;
27341;5981898;1029505024;28352512;1122689024;0;0;0;0;0;0;0;0;0;0;0;3066;0;0;89;0;80;0;
27342;4960814;1029505024;28352512;1122689024;0;0;0;0;0;0;0;0;0;0;0;4248;0;0;89;0;80;0;
27343;5749703;1029505024;28352512;1122689024;0;0;0;0;0;0;0;0;0;0;0;4018;0;0;89;0;80;0;
27344;4176823;1029505024;28352512;1122689024;0;0;0;0;0;0;0;0;0;0;0;5110;0;0;89;0;80;0;
27345;7749763;1029505024;28352512;1122689024;0;0;0;0;0;0;0;0;0;0;0;4208;0;0;89;0;80;0;
27346;4651363;1029505024;28352512;1122689024;0;0;0;0;0;0;0;0;0;0;0;3216;0;0;89;0;80;0;
27347;6243449;1029505024;28352512;1122689024;0;0;0;0;0;0;0;0;0;0;0;4538;0;0;89;0;80;0;
27348;3842817;1029505024;28352512;1122689024;0;0;0;0;0;0;0;0;0;0;0;2986;0;0;89;0;80;0;
27349;5894114;1029505024;28352512;1122689024;0;0;0;0;0;0;0;0;0;0;0;3446;0;0;89;0;80;0;
27350;4423486;1029505024;28352512;1122689024;0;0;0;0;0;0;0;0;0;0;0;3637;0;0;89;0;80;0;
27351;6307700;1029505024;28352512;1122689024;0;0;0;0;0;0;0;0;0;0;0;5401;0;0;89;0;80;0;
27352;5756706;1029505024;28352512;1122689024;0;0;0;0;0;0;0;0;0;0;0;4348;0;0;89;0;80;0;
27353;6818797;1029505024;28352512;1122689024;0;0;0;0;0;0;0;0;0;0;0;4148;0;0;89;0;80;0;
27354;4942509;1029505024;28352512;1122689024;0;0;0;0;0;0;0;0;0;0;0;3837;0;0;89;0;80;0;
27355;6162317;1029505024;28352512;1122689024;0;0;0;0;0;0;0;0;0;0;0;4418;0;0;89;0;80;0;
27356;5692135;1029505024;28352512;1122689024;0;0;0;0;0;0;0;0;0;0;0;3907;0;0;89;0;80;0;
27357;6333298;1029505024;28352512;1122689024;0;0;0;0;0;0;0;0;0;0;0;3306;0;0;89;0;80;0;
27358;6224563;1029505024;28352512;1122689024;0;0;0;0;0;0;0;0;0;0;0;3747;0;0;89;0;80;0;
27359;6002067;1029505024;28352512;1122689024;0;0;0;0;0;0;0;0;0;0;0;3597;0;0;89;0;80;0;
27360;7109012;1029505024;28352512;1122689024;0;0;0;0;0;0;0;0;0;0;0;3717;0;0;89;0;80;0;
27361;6569210;1029505024;28352512;1122689024;0;0;0;0;0;0;0;0;0;0;0;4869;0;0;89;0;80;0;
27362;6704583;1029505024;28352512;1122689024;0;0;0;0;0;0;0;0;0;0;0;3737;0;0;89;0;80;0;
27363;5823862;1029505024;28352512;1122689024;0;0;0;0;0;0;0;0;0;0;0;4579;0;0;89;0;80;0;
27364;5633736;1029505024;28352512;1122689024;0;0;0;0;0;0;0;0;0;0;0;3316;0;0;89;0;80;0;
27365;6492496;1029505024;28352512;1122689024;0;0;0;0;0;0;0;0;0;0;0;4929;0;0;89;0;80;0;
27366;6853273;1029505024;28352512;1122689024;0;0;0;0;0;0;0;0;0;0;0;3095;0;0;89;0;80;0;
27367;7858086;1029505024;28352512;1122689024;0;0;0;0;0;0;0;0;0;0;0;5440;0;0;89;0;80;0;
27368;5601826;1029505024;28352512;1122689024;0;0;0;0;0;0;0;0;0;0;0;4067;0;0;89;0;80;0;
27369;7304208;1029505024;28352512;1122689024;0;0;0;0;0;0;0;0;0;0;0;4208;0;0;89;0;80;0;
27370;4832733;1029505024;28352512;1122689024;0;0;0;0;0;0;0;0;0;0;0;4559;0;0;89;0;80;0;
27371;7677528;1029505024;28352512;1122689024;0;0;0;0;0;0;0;0;0;0;0;4389;0;0;89;0;80;0;
27372;5532595;1029505024;28352512;1122689024;0;0;0;0;0;0;0;0;0;0;0;5019;0;0;89;0;80;0;
27373;7931034;1029505024;28352512;1122689024;0;0;0;0;0;0;0;0;0;0;0;4128;0;0;89;0;80;0;
27374;6118244;1029505024;28352512;1122689024;0;0;0;0;0;0;0;0;0;0;0;3997;0;0;89;0;80;0;
27375;6339079;1029505024;28352512;1122689024;0;0;0;0;0;0;0;0;0;0;0;12213;0;0;89;0;80;0;
27376;5956581;1029505024;28352512;1122689024;0;0;0;0;0;0;0;0;0;0;0;4909;0;0;89;0;80;0;
27377;7082282;1029505024;28352512;1122689024;0;0;0;0;0;0;0;0;0;0;0;4779;0;0;89;0;80;0;
27378;6542660;1029505024;28352512;1122689024;0;0;0;0;0;0;0;0;0;0;0;3958;0;0;89;0;80;0;
27379;5924721;1029505024;28352512;1122689024;0;0;0;0;0;0;0;0;0;0;0;4599;0;0;89;0;80;0;
27380;5440473;1029505024;28352512;1122689024;0;0;0;0;0;0;0;0;0;0;0;4769;0;0;89;0;80;0;
27381;6486004;1029505024;28352512;1122689024;0;0;0;0;0;0;0;0;0;0;0;4248;0;0;89;0;80;0;
27382;4937149;1029505024;28352512;1122689024;0;0;0;0;0;0;0;0;0;0;0;4478;0;0;89;0;80;0;
27383;5763289;1029505024;28352512;1122689024;0;0;0;0;0;0;0;0;0;0;0;3587;0;0;89;0;80;0;
27384;5703055;1029505024;28352512;1122689024;0;0;0;0;0;0;0;0;0;0;0;4248;0;0;89;0;80;0;
27385;5351476;1029505024;28352512;1122689024;0;0;0;0;0;0;0;0;0;0;0;3306;0;0;89;0;80;0;
27386;5662149;1029505024;28352512;1122689024;0;0;0;0;0;0;0;0;0;0;0;4980;0;0;89;0;80;0;
27387;7105646;1029505024;28352512;1122689024;0;0;0;0;0;0;0;0;0;0;0;4108;0;0;89;0;80;0;
27388;7311772;1029505024;28352512;1122689024;0;0;0;0;0;0;0;0;0;0;0;4228;0;0;89;0;80;0;
27389;6232949;1029505024;28356608;1122693120;0;0;0;0;0;0;0;0;0;0;0;3206;0;0;89;0;80;0;
27390;5505295;1029505024;28360704;1122697216;0;0;0;0;0;0;0;0;0;0;0;4529;0;0;89;0;80;0;
27391;6751071;1029505024;28360704;1122697216;0;0;0;0;0;0;0;0;0;0;0;3266;0;0;89;0;80;0;
27392;5269482;1029505024;28360704;1122697216;0;0;0;0;0;0;0;0;0;0;0;4819;0;0;89;0;80;0;
27393;6009921;1029505024;28360704;1122697216;0;0;0;0;0;0;0;0;0;0;0;3677;0;0;89;0;80;0;
27394;5208147;1029505024;28360704;1122697216;0;0;0;0;0;0;0;0;0;0;0;3897;0;0;89;0;80;0;
27395;6083178;1029505024;28360704;1122697216;0;0;0;0;0;0;0;0;0;0;0;4498;0;0;89;0;80;0;
27396;4331894;1029509120;28352512;1122689024;0;0;0;0;0;0;0;0;0;0;0;4488;0;0;89;0;80;0;
27397;5865861;1029509120;28352512;1122689024;0;0;0;0;0;0;0;0;0;0;0;3717;0;0;89;0;80;0;
27398;6787499;1029509120;28352512;1122689024;0;0;0;0;0;0;0;0;0;0;0;4158;0;0;89;0;80;0;
27399;6814470;1029509120;28352512;1122689024;0;0;0;0;0;0;0;0;0;0;0;4418;0;0;89;0;80;0;
27400;6380466;1029509120;28352512;1122689024;0;0;0;0;0;0;0;0;0;0;0;3817;0;0;89;0;80;0;
27401;5758359;1029509120;28352512;1122689024;0;0;0;0;0;0;0;0;0;0;0;3446;0;0;89;0;80;0;
27402;6964200;1029509120;28352512;1122689024;0;0;0;0;0;0;0;0;0;0;0;3687;0;0;89;0;80;0;
27403;5669433;1029509120;28352512;1122689024;0;0;0;0;0;0;0;0;0;0;0;4879;0;0;89;0;80;0;
27404;5787013;1029509120;28352512;1122689024;0;0;0;0;0;0;0;0;0;0;0;3356;0;0;89;0;80;0;
27405;6936148;1029509120;28352512;1122689024;0;0;0;0;0;0;0;0;0;0;0;56856;0;0;89;0;80;0;
27406;6295697;1029509120;28352512;1122689024;0;0;0;0;0;0;0;0;0;0;0;3527;0;0;89;0;80;0;
27407;6886274;1029509120;28352512;1122689024;0;0;0;0;0;0;0;0;0;0;0;5741;0;0;89;0;80;0;
27408;7347921;1029509120;28352512;1122689024;0;0;0;0;0;0;0;0;0;0;0;4909;0;0;89;0;80;0;
27409;6042231;1029509120;28352512;1122689024;0;0;0;0;0;0;0;0;0;0;0;3687;0;0;89;0;80;0;
27410;5398053;1029509120;28352512;1122689024;0;0;0;0;0;0;0;0;0;0;0;3687;0;0;89;0;80;0;
27411;6511612;1029509120;28352512;1122689024;0;0;0;0;0;0;0;0;0;0;0;4669;0;0;89;0;80;0;
27412;5701242;1029509120;28352512;1122689024;0;0;0;0;0;0;0;0;0;0;0;4038;0;0;89;0;80;0;
27413;6523755;1029509120;28352512;1122689024;0;0;0;0;0;0;0;0;0;0;0;4328;0;0;89;0;80;0;
27414;4804130;1029509120;28352512;1122689024;0;0;0;0;0;0;0;0;0;0;0;3186;0;0;89;0;80;0;
27415;7046756;1029509120;28352512;1122689024;0;0;0;0;0;0;0;0;0;0;0;4068;0;0;89;0;80;0;
27416;4598754;1029509120;28352512;1122689024;0;0;0;0;0;0;0;0;0;0;0;3867;0;0;89;0;80;0;
27417;6020971;1029509120;28352512;1122689024;0;0;0;0;0;0;0;0;0;0;0;4108;0;0;89;0;80;0;
27418;5849540;1029509120;28352512;1122689024;0;0;0;0;0;0;0;0;0;0;0;3496;0;0;89;0;80;0;
27419;6524336;1029509120;28352512;1122689024;0;0;0;0;0;0;0;0;0;0;0;4138;0;0;89;0;80;0;
27420;6581794;1029509120;28352512;1122689024;0;0;0;0;0;0;0;0;0;0;0;3837;0;0;89;0;80;0;
27421;6125778;1029509120;28352512;1122689024;0;0;0;0;0;0;0;0;0;0;0;4428;0;0;89;0;80;0;
27422;6211760;1029509120;28352512;1122689024;0;0;0;0;0;0;0;0;0;0;0;3557;0;0;89;0;80;0;
27423;6692141;1029509120;28352512;1122689024;0;0;0;0;0;0;0;0;0;0;0;4418;0;0;89;0;80;0;
27424;7118240;1029509120;28352512;1122689024;0;0;0;0;0;0;0;0;0;0;0;3827;0;0;89;0;80;0;
27425;5985485;1029509120;28352512;1122689024;0;0;0;0;0;0;0;0;0;0;0;3857;0;0;89;0;80;0;
27426;4742765;1029509120;28352512;1122689024;0;0;0;0;0;0;0;0;0;0;0;4900;0;0;89;0;80;0;
27427;6615757;1029509120;28352512;1122689024;0;0;0;0;0;0;0;0;0;0;0;4719;0;0;89;0;80;0;
27428;5207316;1029509120;28352512;1122689024;0;0;0;0;0;0;0;0;0;0;0;3336;0;0;89;0;80;0;
27429;6599046;1029509120;28352512;1122689024;0;0;0;0;0;0;0;0;0;0;0;5059;0;0;89;0;80;0;
27430;5398495;1029509120;28352512;1122689024;0;0;0;0;0;0;0;0;0;0;0;4618;0;0;89;0;80;0;
27431;7518961;1029509120;28352512;1122689024;0;0;0;0;0;0;0;0;0;0;0;3927;0;0;89;0;80;0;
27432;6421082;1029509120;28352512;1122689024;0;0;0;0;0;0;0;0;0;0;0;3436;0;0;89;0;80;0;
27433;6638530;1029509120;28352512;1122689024;0;0;0;0;0;0;0;0;0;0;0;4077;0;0;89;0;80;0;
27434;3825033;1029509120;28352512;1122689024;0;0;0;0;0;0;0;0;0;0;0;3145;0;0;89;0;80;0;
27435;7030605;1029509120;28352512;1122689024;0;0;0;0;0;0;0;0;0;0;0;5721;0;0;89;0;80;0;
27436;7646570;1029509120;28352512;1122689024;0;0;0;0;0;0;0;0;0;0;0;5560;0;0;89;0;80;0;
27437;6429689;1029509120;28352512;1122689024;0;0;0;0;0;0;0;0;0;0;0;4178;0;0;89;0;80;0;
27438;6258808;1029509120;28352512;1122689024;0;0;0;0;0;0;0;0;0;0;0;62808;0;0;89;0;80;0;
27439;6728158;1029509120;28352512;1122689024;0;0;0;0;0;0;0;0;0;0;0;3507;0;0;89;0;80;0;
27440;5576438;1029509120;28352512;1122689024;0;0;0;0;0;0;0;0;0;0;0;3467;0;0;89;0;80;0;
27441;6409881;1029509120;28352512;1122689024;0;0;0;0;0;0;0;0;0;0;0;3927;0;0;89;0;80;0;
27442;4660460;1029509120;28352512;1122689024;0;0;0;0;0;0;0;0;0;0;0;3647;0;0;89;0;80;0;
27443;7781603;1029509120;28352512;1122689024;0;0;0;0;0;0;0;0;0;0;0;3797;0;0;89;0;80;0;
27444;4727857;1029509120;28352512;1122689024;0;0;0;0;0;0;0;0;0;0;0;3617;0;0;89;0;80;0;
27445;7549719;1029509120;28352512;1122689024;0;0;0;0;0;0;0;0;0;0;0;3336;0;0;89;0;80;0;
27446;6482407;1029509120;28352512;1122689024;0;0;0;0;0;0;0;0;0;0;0;3777;0;0;89;0;80;0;
27447;6070234;1029509120;28352512;1122689024;0;0;0;0;0;0;0;0;0;0;0;3326;0;0;89;0;80;0;
27448;5818472;1029509120;28352512;1122689024;0;0;0;0;0;0;0;0;0;0;0;4468;0;0;89;0;80;0;
27449;7106577;1029509120;28352512;1122689024;0;0;0;0;0;0;0;0;0;0;0;4278;0;0;89;0;80;0;
27450;8127372;1029509120;28352512;1122689024;0;0;0;0;0;0;0;0;0;0;0;4368;0;0;89;0;80;0;
27451;12542311;1029509120;28352512;1122689024;0;0;0;0;0;0;0;0;0;0;0;6472;0;0;89;0;80;0;
27452;6871276;1029509120;28352512;1122689024;0;0;0;0;0;0;0;0;0;0;0;4168;0;0;89;0;80;0;
27453;5928909;1029509120;28352512;1122689024;0;0;0;0;0;0;0;0;0;0;0;3066;0;0;89;0;80;0;
27454;5875419;1029509120;28352512;1122689024;0;0;0;0;0;0;0;0;0;0;0;3517;0;0;89;0;80;0;
27455;7332581;1029509120;28352512;1122689024;0;0;0;0;0;0;0;0;0;0;0;4178;0;0;89;0;80;0;
27456;4727325;1029509120;28352512;1122689024;0;0;0;0;0;0;0;0;0;0;0;3537;0;0;89;0;80;0;
27457;6143542;1029509120;28352512;1122689024;0;0;0;0;0;0;0;0;0;0;0;4027;0;0;89;0;80;0;
27458;5727812;1029509120;28352512;1122689024;0;0;0;0;0;0;0;0;0;0;0;3637;0;0;89;0;80;0;
27459;6973999;1029509120;28352512;1122689024;0;0;0;0;0;0;0;0;0;0;0;4879;0;0;89;0;80;0;
27460;6011784;1029509120;28352512;1122689024;0;0;0;0;0;0;0;0;0;0;0;5430;0;0;89;0;80;0;
27461;6572546;1029509120;28352512;1122689024;0;0;0;0;0;0;0;0;0;0;0;3256;0;0;89;0;80;0;
27462;4290547;1029509120;28352512;1122689024;0;0;0;0;0;0;0;0;0;0;0;3226;0;0;89;0;80;0;
27463;5894445;1029509120;28352512;1122689024;0;0;0;0;0;0;0;0;0;0;0;2815;0;0;89;0;80;0;
27464;4296197;1029509120;28352512;1122689024;0;0;0;0;0;0;0;0;0;0;0;4288;0;0;89;0;80;0;
27465;5598970;1029509120;28352512;1122689024;0;0;0;0;0;0;0;0;0;0;0;3596;0;0;89;0;80;0;
27466;5689740;1029509120;28352512;1122689024;0;0;0;0;0;0;0;0;0;0;0;3396;0;0;89;0;80;0;
27467;5755784;1029509120;28352512;1122689024;0;0;0;0;0;0;0;0;0;0;0;4468;0;0;89;0;80;0;
27468;3710208;1029509120;28352512;1122689024;0;0;0;0;0;0;0;0;0;0;0;3176;0;0;89;0;80;0;
27469;6622850;1029509120;28352512;1122689024;0;0;0;0;0;0;0;0;0;0;0;3346;0;0;89;0;80;0;
27470;6180451;1029509120;28352512;1122689024;0;0;0;0;0;0;0;0;0;0;0;3507;0;0;89;0;80;0;
27471;7973273;1029509120;28352512;1122689024;0;0;0;0;0;0;0;0;0;0;0;4017;0;0;89;0;80;0;
27472;5324846;1029509120;28352512;1122689024;0;0;0;0;0;0;0;0;0;0;0;3918;0;0;89;0;80;0;
27473;5090427;1029509120;28352512;1122689024;0;0;0;0;0;0;0;0;0;0;0;3036;0;0;89;0;80;0;
27474;4469902;1029509120;28352512;1122689024;0;0;0;0;0;0;0;0;0;0;0;3797;0;0;89;0;80;0;
27475;6357122;1029509120;28352512;1122689024;0;0;0;0;0;0;0;0;0;0;0;43883;0;0;89;0;80;0;
27476;5374059;1029509120;28352512;1122689024;0;0;0;0;0;0;0;0;0;0;0;4007;0;0;89;0;80;0;
27477;6562677;1029509120;28352512;1122689024;0;0;0;0;0;0;0;0;0;0;0;4398;0;0;89;0;80;0;
27478;5650286;1029509120;28352512;1122689024;0;0;0;0;0;0;0;0;0;0;0;3596;0;0;89;0;80;0;
27479;6075464;1029509120;28352512;1122689024;0;0;0;0;0;0;0;0;0;0;0;3757;0;0;89;0;80;0;
27480;4539793;1029509120;28352512;1122689024;0;0;0;0;0;0;0;0;0;0;0;3507;0;0;89;0;80;0;
27481;6695587;1029509120;28352512;1122689024;0;0;0;0;0;0;0;0;0;0;0;3456;0;0;89;0;80;0;
27482;4909818;1029509120;28352512;1122689024;0;0;0;0;0;0;0;0;0;0;0;3336;0;0;89;0;80;0;
27483;5062183;1029509120;28352512;1122689024;0;0;0;0;0;0;0;0;0;0;0;3647;0;0;89;0;80;0;
27484;5992829;1029509120;28352512;1122689024;0;0;0;0;0;0;0;0;0;0;0;2915;0;0;89;0;80;0;
27485;5690221;1029509120;28352512;1122689024;0;0;0;0;0;0;0;0;0;0;0;4268;0;0;89;0;80;0;
27486;4595719;1029509120;28352512;1122689024;0;0;0;0;0;0;0;0;0;0;0;3426;0;0;89;0;80;0;
27487;6606549;1029509120;28352512;1122689024;0;0;0;0;0;0;0;0;0;0;0;3858;0;0;89;0;80;0;
27488;4515007;1029509120;28352512;1122689024;0;0;0;0;0;0;0;0;0;0;0;3116;0;0;89;0;80;0;
27489;6371829;1029509120;28352512;1122689024;0;0;0;0;0;0;0;0;0;0;0;3697;0;0;89;0;80;0;
27490;4846890;1029509120;28352512;1122689024;0;0;0;0;0;0;0;0;0;0;0;4399;0;0;89;0;80;0;
27491;6192693;1029509120;28352512;1122689024;0;0;0;0;0;0;0;0;0;0;0;4218;0;0;89;0;80;0;
27492;5475879;1029509120;28352512;1122689024;0;0;0;0;0;0;0;0;0;0;0;3647;0;0;89;0;80;0;
27493;6361009;1029509120;28352512;1122689024;0;0;0;0;0;0;0;0;0;0;0;3797;0;0;89;0;80;0;
27494;4637928;1029509120;28352512;1122689024;0;0;0;0;0;0;0;0;0;0;0;4308;0;0;89;0;80;0;
27495;6678514;1029509120;28352512;1122689024;0;0;0;0;0;0;0;0;0;0;0;4478;0;0;89;0;80;0;
27496;4838534;1029509120;28352512;1122689024;0;0;0;0;0;0;0;0;0;0;0;4148;0;0;89;0;80;0;
27497;7546823;1029509120;28352512;1122689024;0;0;0;0;0;0;0;0;0;0;0;2785;0;0;89;0;80;0;
27498;5044821;1029509120;28352512;1122689024;0;0;0;0;0;0;0;0;0;0;0;3827;0;0;89;0;80;0;
27499;5646099;1029509120;28352512;1122689024;0;0;0;0;0;0;0;0;0;0;0;3317;0;0;89;0;80;0;
27500;5050191;1029509120;28352512;1122689024;0;0;0;0;0;0;0;0;0;0;0;2975;0;0;89;0;80;0;
27501;6152729;1029509120;28352512;1122689024;0;0;0;0;0;0;0;0;0;0;0;3597;0;0;89;0;80;0;
27502;4709793;1029509120;28352512;1122689024;0;0;0;0;0;0;0;0;0;0;0;2624;0;0;89;0;80;0;
27503;6346212;1029509120;28352512;1122689024;0;0;0;0;0;0;0;0;0;0;0;4168;0;0;89;0;80;0;
27504;4358314;1029509120;28352512;1122689024;0;0;0;0;0;0;0;0;0;0;0;3406;0;0;89;0;80;0;
27505;6345450;1029509120;28352512;1122689024;0;0;0;0;0;0;0;0;0;0;0;4108;0;0;89;0;80;0;
27506;3697935;1029509120;28352512;1122689024;0;0;0;0;0;0;0;0;0;0;0;2986;0;0;89;0;80;0;
27507;5513560;1029509120;28352512;1122689024;0;0;0;0;0;0;0;0;0;0;0;3817;0;0;89;0;80;0;
27508;4771508;1029509120;28352512;1122689024;0;0;0;0;0;0;0;0;0;0;0;3677;0;0;89;0;80;0;
27509;6177846;1029509120;28352512;1122689024;0;0;0;0;0;0;0;0;0;0;0;4468;0;0;89;0;80;0;
27510;4060966;1029509120;28352512;1122689024;0;0;0;0;0;0;0;0;0;0;0;3106;0;0;89;0;80;0;
27511;6499570;1029509120;28352512;1122689024;0;0;0;0;0;0;0;0;0;0;0;3878;0;0;89;0;80;0;
27512;3953114;1029509120;28352512;1122689024;0;0;0;0;0;0;0;0;0;0;0;3807;0;0;89;0;80;0;
27513;5694108;1029509120;28352512;1122689024;0;0;0;0;0;0;0;0;0;0;0;3767;0;0;89;0;80;0;
27514;4341462;1029509120;28352512;1122689024;0;0;0;0;0;0;0;0;0;0;0;4418;0;0;89;0;80;0;
27515;7391021;1029509120;28352512;1122689024;0;0;0;0;0;0;0;0;0;0;0;3467;0;0;89;0;80;0;
27516;4689795;1029509120;28352512;1122689024;0;0;0;0;0;0;0;0;0;0;0;2965;0;0;89;0;80;0;
27517;5851353;1029509120;28352512;1122689024;0;0;0;0;0;0;0;0;0;0;0;3497;0;0;89;0;80;0;
27518;4650983;1029509120;28352512;1122689024;0;0;0;0;0;0;0;0;0;0;0;4659;0;0;89;0;80;0;
27519;6070374;1029509120;28352512;1122689024;0;0;0;0;0;0;0;0;0;0;0;4789;0;0;89;0;80;0;
27520;5136783;1029509120;28352512;1122689024;0;0;0;0;0;0;0;0;0;0;0;4288;0;0;89;0;80;0;
27521;6021894;1029509120;28352512;1122689024;0;0;0;0;0;0;0;0;0;0;0;4288;0;0;89;0;80;0;
27522;3944828;1029509120;28352512;1122689024;0;0;0;0;0;0;0;0;0;0;0;3557;0;0;89;0;80;0;
27523;5694099;1029509120;28352512;1122689024;0;0;0;0;0;0;0;0;0;0;0;4117;0;0;89;0;80;0;
27524;4535225;1029509120;28352512;1122689024;0;0;0;0;0;0;0;0;0;0;0;3466;0;0;89;0;80;0;
27525;6132551;1029509120;28352512;1122689024;0;0;0;0;0;0;0;0;0;0;0;3797;0;0;89;0;80;0;
27526;4813477;1029509120;28352512;1122689024;0;0;0;0;0;0;0;0;0;0;0;3707;0;0;89;0;80;0;
27527;5905545;1029509120;28352512;1122689024;0;0;0;0;0;0;0;0;0;0;0;4108;0;0;89;0;80;0;
27528;3785068;1029509120;28352512;1122689024;0;0;0;0;0;0;0;0;0;0;0;3286;0;0;89;0;80;0;
27529;5569355;1029509120;28352512;1122689024;0;0;0;0;0;0;0;0;0;0;0;4288;0;0;89;0;80;0;
27530;5294419;1029509120;28352512;1122689024;0;0;0;0;0;0;0;0;0;0;0;3657;0;0;89;0;80;0;
27531;6528564;1029509120;28352512;1122689024;0;0;0;0;0;0;0;0;0;0;0;3596;0;0;89;0;80;0;
27532;5945921;1029509120;28352512;1122689024;0;0;0;0;0;0;0;0;0;0;0;3947;0;0;89;0;80;0;
27533;6169510;1033605120;28352512;1122689024;0;0;0;0;0;0;0;0;0;0;0;4689;0;0;89;0;80;0;
27534;4486905;1033605120;28352512;1122689024;0;0;0;0;0;0;0;0;0;0;0;3757;0;0;89;0;80;0;
27535;6181373;1033605120;28352512;1122689024;0;0;0;0;0;0;0;0;0;0;0;4518;0;0;89;0;80;0;
27536;4980911;1033605120;28352512;1122689024;0;0;0;0;0;0;0;0;0;0;0;3717;0;0;89;0;80;0;
27537;6822485;1033605120;28352512;1122689024;0;0;0;0;0;0;0;0;0;0;0;3877;0;0;89;0;80;0;
27538;4045447;1033605120;28352512;1122689024;0;0;0;0;0;0;0;0;0;0;0;4208;0;0;89;0;80;0;
27539;6895402;1033605120;28352512;1122689024;0;0;0;0;0;0;0;0;0;0;0;3467;0;0;89;0;80;0;
27540;4631916;1033605120;28352512;1122689024;0;0;0;0;0;0;0;0;0;0;0;3717;0;0;89;0;80;0;
27541;6244070;1033605120;28352512;1122689024;0;0;0;0;0;0;0;0;0;0;0;3056;0;0;89;0;80;0;
27542;4536699;1033605120;28352512;1122689024;0;0;0;0;0;0;0;0;0;0;0;4529;0;0;89;0;80;0;
27543;6828796;1033605120;28352512;1122689024;0;0;0;0;0;0;0;0;0;0;0;4057;0;0;89;0;80;0;
27544;6495452;1033605120;28352512;1122689024;0;0;0;0;0;0;0;0;0;0;0;3767;0;0;89;0;80;0;
27545;5802211;1033605120;28352512;1122689024;0;0;0;0;0;0;0;0;0;0;0;3867;0;0;89;0;80;0;
27546;4048161;1033605120;28352512;1122689024;0;0;0;0;0;0;0;0;0;0;0;4077;0;0;89;0;80;0;
27547;6476106;1033605120;28352512;1122689024;0;0;0;0;0;0;0;0;0;0;0;4859;0;0;89;0;80;0;
27548;3983380;1033605120;28352512;1122689024;0;0;0;0;0;0;0;0;0;0;0;3506;0;0;89;0;80;0;
27549;5604922;1033605120;28352512;1122689024;0;0;0;0;0;0;0;0;0;0;0;3256;0;0;89;0;80;0;
27550;5156570;1033605120;28352512;1122689024;0;0;0;0;0;0;0;0;0;0;0;4368;0;0;89;0;80;0;
27551;6063652;1033605120;28352512;1122689024;0;0;0;0;0;0;0;0;0;0;0;2665;0;0;89;0;80;0;
27552;4519276;1033605120;28352512;1122689024;0;0;0;0;0;0;0;0;0;0;0;3367;0;0;89;0;80;0;
27553;6653998;1033605120;28352512;1122689024;0;0;0;0;0;0;0;0;0;0;0;4148;0;0;89;0;80;0;
27554;4328277;1033605120;28352512;1122689024;0;0;0;0;0;0;0;0;0;0;0;3567;0;0;89;0;80;0;
27555;5663181;1033605120;28352512;1122689024;0;0;0;0;0;0;0;0;0;0;0;3877;0;0;89;0;80;0;
27556;4223441;1033605120;28352512;1122689024;0;0;0;0;0;0;0;0;0;0;0;3226;0;0;89;0;80;0;
27557;5865750;1033605120;28352512;1122689024;0;0;0;0;0;0;0;0;0;0;0;4619;0;0;89;0;80;0;
27558;4308771;1033605120;28352512;1122689024;0;0;0;0;0;0;0;0;0;0;0;4348;0;0;89;0;80;0;
27559;6315524;1033605120;28352512;1122689024;0;0;0;0;0;0;0;0;0;0;0;3386;0;0;89;0;80;0;
27560;4426451;1033605120;28352512;1122689024;0;0;0;0;0;0;0;0;0;0;0;5600;0;0;89;0;80;0;
27561;6956275;1033605120;28356608;1122693120;0;0;0;0;0;0;0;0;0;0;0;4659;0;0;89;0;80;0;
27562;6201510;1033605120;28360704;1122697216;0;0;0;0;0;0;0;0;0;0;0;4939;0;0;89;0;80;0;
27563;8103177;1033605120;28360704;1122697216;0;0;0;0;0;0;0;0;0;0;0;4859;0;0;89;0;80;0;
27564;5383065;1033605120;28360704;1122697216;0;0;0;0;0;0;0;0;0;0;0;4308;0;0;89;0;80;0;
27565;7062485;1033605120;28360704;1122697216;0;0;0;0;0;0;0;0;0;0;0;3607;0;0;89;0;80;0;
27566;5619649;1033605120;28360704;1122697216;0;0;0;0;0;0;0;0;0;0;0;5501;0;0;89;0;80;0;
27567;6242808;1033605120;28360704;1122697216;0;0;0;0;0;0;0;0;0;0;0;4068;0;0;89;0;80;0;
27568;4099818;1033609216;28356608;1122693120;0;0;0;0;0;0;0;0;0;0;0;3737;0;0;89;0;80;0;
27569;4911301;1033609216;28356608;1122693120;0;0;0;0;0;0;0;0;0;0;0;4569;0;0;89;0;80;0;
27570;3556580;1033609216;28356608;1122693120;0;0;0;0;0;0;0;0;0;0;0;3357;0;0;89;0;80;0;
27571;5392132;1033609216;28356608;1122693120;0;0;0;0;0;0;0;0;0;0;0;4008;0;0;89;0;80;0;
27572;4266211;1033609216;28356608;1122693120;0;0;0;0;0;0;0;0;0;0;0;3717;0;0;89;0;80;0;
27573;5676005;1033609216;28356608;1122693120;0;0;0;0;0;0;0;0;0;0;0;4619;0;0;89;0;80;0;
27574;3689139;1033605120;28352512;1122689024;0;0;0;0;0;0;0;0;0;0;0;2946;0;0;89;0;80;0;
27575;6537871;1033605120;28352512;1122689024;0;0;0;0;0;0;0;0;0;0;0;3597;0;0;89;0;80;0;
27576;4101121;1033605120;28352512;1122689024;0;0;0;0;0;0;0;0;0;0;0;4399;0;0;89;0;80;0;
27577;5292305;1033605120;28352512;1122689024;0;0;0;0;0;0;0;0;0;0;0;4488;0;0;89;0;80;0;
27578;4321474;1033605120;28352512;1122689024;0;0;0;0;0;0;0;0;0;0;0;4478;0;0;89;0;80;0;
27579;5768699;1033605120;28352512;1122689024;0;0;0;0;0;0;0;0;0;0;0;3977;0;0;89;0;80;0;
27580;4770877;1033605120;28352512;1122689024;0;0;0;0;0;0;0;0;0;0;0;4047;0;0;89;0;80;0;
27581;6297571;1033605120;28352512;1122689024;0;0;0;0;0;0;0;0;0;0;0;3577;0;0;89;0;80;0;
27582;5407802;1033605120;28352512;1122689024;0;0;0;0;0;0;0;0;0;0;0;3557;0;0;89;0;80;0;
27583;6349167;1033605120;28352512;1122689024;0;0;0;0;0;0;0;0;0;0;0;3376;0;0;89;0;80;0;
27584;5397462;1033605120;28352512;1122689024;0;0;0;0;0;0;0;0;0;0;0;4328;0;0;89;0;80;0;
27585;5104523;1033605120;28352512;1122689024;0;0;0;0;0;0;0;0;0;0;0;3997;0;0;89;0;80;0;
27586;4050786;1033605120;28352512;1122689024;0;0;0;0;0;0;0;0;0;0;0;4077;0;0;89;0;80;0;
27587;4848813;1033605120;28352512;1122689024;0;0;0;0;0;0;0;0;0;0;0;3025;0;0;89;0;80;0;
27588;3255234;1033605120;28352512;1122689024;0;0;0;0;0;0;0;0;0;0;0;3877;0;0;89;0;80;0;
27589;5182680;1033605120;28352512;1122689024;0;0;0;0;0;0;0;0;0;0;0;3176;0;0;89;0;80;0;
27590;3222604;1033605120;28352512;1122689024;0;0;0;0;0;0;0;0;0;0;0;3306;0;0;89;0;80;0;
27591;5627824;1033605120;28352512;1122689024;0;0;0;0;0;0;0;0;0;0;0;3987;0;0;89;0;80;0;
27592;4322166;1033605120;28352512;1122689024;0;0;0;0;0;0;0;0;0;0;0;4008;0;0;89;0;80;0;
27593;6294214;1033605120;28352512;1122689024;0;0;0;0;0;0;0;0;0;0;0;3316;0;0;89;0;80;0;
27594;5726239;1033605120;28352512;1122689024;0;0;0;0;0;0;0;0;0;0;0;3196;0;0;89;0;80;0;
27595;6259038;1033605120;28352512;1122689024;0;0;0;0;0;0;0;0;0;0;0;3687;0;0;89;0;80;0;
27596;3726228;1033605120;28352512;1122689024;0;0;0;0;0;0;0;0;0;0;0;2875;0;0;89;0;80;0;
27597;5989593;1033605120;28352512;1122689024;0;0;0;0;0;0;0;0;0;0;0;4088;0;0;89;0;80;0;
27598;4493437;1033605120;28352512;1122689024;0;0;0;0;0;0;0;0;0;0;0;3186;0;0;89;0;80;0;
27599;5484285;1033605120;28352512;1122689024;0;0;0;0;0;0;0;0;0;0;0;3988;0;0;89;0;80;0;
27600;3987899;1033605120;28352512;1122689024;0;0;0;0;0;0;0;0;0;0;0;2785;0;0;89;0;80;0;
27601;4823767;1033605120;28352512;1122689024;0;0;0;0;0;0;0;0;0;0;0;3306;0;0;89;0;80;0;
27602;4634411;1033605120;28352512;1122689024;0;0;0;0;0;0;0;0;0;0;0;2485;0;0;89;0;80;0;
27603;4712457;1033605120;28352512;1122689024;0;0;0;0;0;0;0;0;0;0;0;2595;0;0;89;0;80;0;
27604;2795523;1033605120;28352512;1122689024;0;0;0;0;0;0;0;0;0;0;0;2515;0;0;89;0;80;0;
27605;5362947;1033605120;28352512;1122689024;0;0;0;0;0;0;0;0;0;0;0;2825;0;0;89;0;80;0;
27606;3031515;1033605120;28352512;1122689024;0;0;0;0;0;0;0;0;0;0;0;2675;0;0;89;0;80;0;
27607;5645127;1033605120;28352512;1122689024;0;0;0;0;0;0;0;0;0;0;0;2935;0;0;89;0;80;0;
27608;3671936;1033605120;28352512;1122689024;0;0;0;0;0;0;0;0;0;0;0;2614;0;0;89;0;80;0;
27609;5784688;1033605120;28352512;1122689024;0;0;0;0;0;0;0;0;0;0;0;2916;0;0;89;0;80;0;
27610;2807556;1033605120;28352512;1122689024;0;0;0;0;0;0;0;0;0;0;0;2394;0;0;89;0;80;0;
27611;4989197;1033605120;28352512;1122689024;0;0;0;0;0;0;0;0;0;0;0;2395;0;0;89;0;80;0;
27612;3100454;1033605120;28352512;1122689024;0;0;0;0;0;0;0;0;0;0;0;2936;0;0;89;0;80;0;
27613;5259954;1033605120;28352512;1122689024;0;0;0;0;0;0;0;0;0;0;0;3126;0;0;89;0;80;0;
27614;3214028;1033605120;28352512;1122689024;0;0;0;0;0;0;0;0;0;0;0;3025;0;0;89;0;80;0;
27615;5354962;1033605120;28352512;1122689024;0;0;0;0;0;0;0;0;0;0;0;2945;0;0;89;0;80;0;
27616;2992241;1033605120;28352512;1122689024;0;0;0;0;0;0;0;0;0;0;0;2474;0;0;89;0;80;0;
27617;5371634;1033605120;28352512;1122689024;0;0;0;0;0;0;0;0;0;0;0;2405;0;0;89;0;80;0;
27618;3304667;1033605120;28352512;1122689024;0;0;0;0;0;0;0;0;0;0;0;2044;0;0;89;0;80;0;
27619;5262218;1033605120;28352512;1122689024;0;0;0;0;0;0;0;0;0;0;0;2524;0;0;89;0;80;0;
27620;3378947;1033605120;28352512;1122689024;0;0;0;0;0;0;0;0;0;0;0;3055;0;0;89;0;80;0;
27621;5439200;1033605120;28352512;1122689024;0;0;0;0;0;0;0;0;0;0;0;3146;0;0;89;0;80;0;
27622;4293041;1033605120;28352512;1122689024;0;0;0;0;0;0;0;0;0;0;0;3066;0;0;89;0;80;0;
27623;5181297;1033605120;28352512;1122689024;0;0;0;0;0;0;0;0;0;0;0;3055;0;0;89;0;80;0;
27624;5195463;1033605120;28352512;1122689024;0;0;0;0;0;0;0;0;0;0;0;2795;0;0;89;0;80;0;
27625;5172721;1033605120;28352512;1122689024;0;0;0;0;0;0;0;0;0;0;0;2685;0;0;89;0;80;0;
27626;3635458;1033605120;28352512;1122689024;0;0;0;0;0;0;0;0;0;0;0;2024;0;0;89;0;80;0;
27627;5191526;1033605120;28352512;1122689024;0;0;0;0;0;0;0;0;0;0;0;2244;0;0;89;0;80;0;
27628;3534819;1033605120;28352512;1122689024;0;0;0;0;0;0;0;0;0;0;0;2245;0;0;89;0;80;0;
27629;6032102;1033605120;28352512;1122689024;0;0;0;0;0;0;0;0;0;0;0;2765;0;0;89;0;80;0;
27630;2738405;1033605120;28352512;1122689024;0;0;0;0;0;0;0;0;0;0;0;2815;0;0;89;0;80;0;
27631;5213357;1033605120;28352512;1122689024;0;0;0;0;0;0;0;0;0;0;0;3176;0;0;89;0;80;0;
27632;3917477;1033605120;28352512;1122689024;0;0;0;0;0;0;0;0;0;0;0;2505;0;0;89;0;80;0;
27633;4876164;1033605120;28352512;1122689024;0;0;0;0;0;0;0;0;0;0;0;2735;0;0;89;0;80;0;
27634;4061737;1033605120;28352512;1122689024;0;0;0;0;0;0;0;0;0;0;0;2304;0;0;89;0;80;0;
27635;4829618;1033605120;28352512;1122689024;0;0;0;0;0;0;0;0;0;0;0;2434;0;0;89;0;80;0;
27636;2293361;1033605120;28352512;1122689024;0;0;0;0;0;0;0;0;0;0;0;2244;0;0;89;0;80;0;
27637;5090737;1033605120;28352512;1122689024;0;0;0;0;0;0;0;0;0;0;0;2726;0;0;89;0;80;0;
27638;3221512;1033605120;28352512;1122689024;0;0;0;0;0;0;0;0;0;0;0;2254;0;0;89;0;80;0;
27639;5006209;1033605120;28352512;1122689024;0;0;0;0;0;0;0;0;0;0;0;2815;0;0;89;0;80;0;
27640;6672564;1033605120;28352512;1122689024;0;0;0;0;0;0;0;0;0;0;0;3366;0;0;89;0;80;0;
27641;8425461;1033605120;28352512;1122689024;0;0;0;0;0;0;0;0;0;0;0;3867;0;0;89;0;80;0;
27642;5246409;1033605120;28352512;1122689024;0;0;0;0;0;0;0;0;0;0;0;3666;0;0;89;0;80;0;
27643;6486665;1033605120;28352512;1122689024;0;0;0;0;0;0;0;0;0;0;0;7394;0;0;89;0;80;0;
27644;4909447;1033605120;28352512;1122689024;0;0;0;0;0;0;0;0;0;0;0;4588;0;0;89;0;80;0;
27645;6133132;1033605120;28352512;1122689024;0;0;0;0;0;0;0;0;0;0;0;4208;0;0;89;0;80;0;
27646;3889133;1033605120;28352512;1122689024;0;0;0;0;0;0;0;0;0;0;0;2965;0;0;89;0;80;0;
27647;5905785;1033605120;28352512;1122689024;0;0;0;0;0;0;0;0;0;0;0;3526;0;0;89;0;80;0;
27648;5093412;1033605120;28352512;1122689024;0;0;0;0;0;0;0;0;0;0;0;3096;0;0;89;0;80;0;
27649;7312514;1033605120;28352512;1122689024;0;0;0;0;0;0;0;0;0;0;0;3997;0;0;89;0;80;0;
27650;4548961;1033605120;28352512;1122689024;0;0;0;0;0;0;0;0;0;0;0;2975;0;0;89;0;80;0;
27651;6075955;1033605120;28352512;1122689024;0;0;0;0;0;0;0;0;0;0;0;3336;0;0;89;0;80;0;
27652;4478709;1033605120;28352512;1122689024;0;0;0;0;0;0;0;0;0;0;0;3136;0;0;89;0;80;0;
27653;5713725;1033605120;28352512;1122689024;0;0;0;0;0;0;0;0;0;0;0;3216;0;0;89;0;80;0;
27654;4877888;1033605120;28352512;1122689024;0;0;0;0;0;0;0;0;0;0;0;2986;0;0;89;0;80;0;
27655;5167831;1033605120;28352512;1122689024;0;0;0;0;0;0;0;0;0;0;0;2715;0;0;89;0;80;0;
27656;3767165;1033605120;28352512;1122689024;0;0;0;0;0;0;0;0;0;0;0;3486;0;0;89;0;80;0;
27657;5902128;1033605120;28352512;1122689024;0;0;0;0;0;0;0;0;0;0;0;3036;0;0;89;0;80;0;
27658;5145910;1033605120;28352512;1122689024;0;0;0;0;0;0;0;0;0;0;0;3146;0;0;89;0;80;0;
27659;5524811;1033605120;28352512;1122689024;0;0;0;0;0;0;0;0;0;0;0;2735;0;0;89;0;80;0;
27660;4475413;1033605120;28352512;1122689024;0;0;0;0;0;0;0;0;0;0;0;3136;0;0;89;0;80;0;
27661;5549097;1033605120;28352512;1122689024;0;0;0;0;0;0;0;0;0;0;0;2985;0;0;89;0;80;0;
27662;4900961;1033605120;28352512;1122689024;0;0;0;0;0;0;0;0;0;0;0;3557;0;0;89;0;80;0;
27663;6156856;1033605120;28352512;1122689024;0;0;0;0;0;0;0;0;0;0;0;3136;0;0;89;0;80;0;
27664;5807772;1033605120;28352512;1122689024;0;0;0;0;0;0;0;0;0;0;0;3627;0;0;89;0;80;0;
27665;5457395;1033605120;28352512;1122689024;0;0;0;0;0;0;0;0;0;0;0;3145;0;0;89;0;80;0;
27666;6818487;1033605120;28352512;1122689024;0;0;0;0;0;0;0;0;0;0;0;2955;0;0;89;0;80;0;
27667;6357222;1033605120;28352512;1122689024;0;0;0;0;0;0;0;0;0;0;0;3126;0;0;89;0;80;0;
27668;4865895;1033605120;28352512;1122689024;0;0;0;0;0;0;0;0;0;0;0;2755;0;0;89;0;80;0;
27669;5652651;1033605120;28352512;1122689024;0;0;0;0;0;0;0;0;0;0;0;2745;0;0;89;0;80;0;
27670;5186667;1033605120;28352512;1122689024;0;0;0;0;0;0;0;0;0;0;0;2494;0;0;89;0;80;0;
27671;5696112;1033605120;28352512;1122689024;0;0;0;0;0;0;0;0;0;0;0;3006;0;0;89;0;80;0;
27672;5661137;1033605120;28352512;1122689024;0;0;0;0;0;0;0;0;0;0;0;3847;0;0;89;0;80;0;
27673;6420471;1033605120;28352512;1122689024;0;0;0;0;0;0;0;0;0;0;0;3376;0;0;89;0;80;0;
27674;5170607;1033605120;28352512;1122689024;0;0;0;0;0;0;0;0;0;0;0;3036;0;0;89;0;80;0;
27675;5604130;1033605120;28352512;1122689024;0;0;0;0;0;0;0;0;0;0;0;3106;0;0;89;0;80;0;
27676;4717427;1033605120;28352512;1122689024;0;0;0;0;0;0;0;0;0;0;0;3186;0;0;89;0;80;0;
27677;5205823;1033605120;28352512;1122689024;0;0;0;0;0;0;0;0;0;0;0;3166;0;0;89;0;80;0;
27678;5623947;1033605120;28352512;1122689024;0;0;0;0;0;0;0;0;0;0;0;4037;0;0;89;0;80;0;
27679;5906387;1033605120;28352512;1122689024;0;0;0;0;0;0;0;0;0;0;0;4058;0;0;89;0;80;0;
27680;6133713;1033605120;28352512;1122689024;0;0;0;0;0;0;0;0;0;0;0;3868;0;0;89;0;80;0;
27681;7445913;1033605120;28352512;1122689024;0;0;0;0;0;0;0;0;0;0;0;4128;0;0;89;0;80;0;
27682;5442497;1033605120;28352512;1122689024;0;0;0;0;0;0;0;0;0;0;0;3877;0;0;89;0;80;0;
27683;7051223;1033605120;28352512;1122689024;0;0;0;0;0;0;0;0;0;0;0;3968;0;0;89;0;80;0;
27684;5786321;1033605120;28352512;1122689024;0;0;0;0;0;0;0;0;0;0;0;4298;0;0;89;0;80;0;
27685;5704177;1033605120;28352512;1122689024;0;0;0;0;0;0;0;0;0;0;0;4408;0;0;89;0;80;0;
27686;6632258;1033605120;28352512;1122689024;0;0;0;0;0;0;0;0;0;0;0;3316;0;0;89;0;80;0;
27687;6625576;1033605120;28352512;1122689024;0;0;0;0;0;0;0;0;0;0;0;3457;0;0;89;0;80;0;
27688;5238233;1033605120;28352512;1122689024;0;0;0;0;0;0;0;0;0;0;0;2775;0;0;89;0;80;0;
27689;7013854;1033605120;28352512;1122689024;0;0;0;0;0;0;0;0;0;0;0;3997;0;0;89;0;80;0;
27690;4750378;1033605120;28352512;1122689024;0;0;0;0;0;0;0;0;0;0;0;3757;0;0;89;0;80;0;
27691;6744449;1033605120;28352512;1122689024;0;0;0;0;0;0;0;0;0;0;0;3527;0;0;89;0;80;0;
27692;6553371;1033605120;28352512;1122689024;0;0;0;0;0;0;0;0;0;0;0;4138;0;0;89;0;80;0;
27693;7097029;1033605120;28352512;1122689024;0;0;0;0;0;0;0;0;0;0;0;148038;0;0;89;0;80;0;
27694;6169330;1033605120;28352512;1122689024;0;0;0;0;0;0;0;0;0;0;0;4038;0;0;89;0;80;0;
27695;6997513;1033605120;28352512;1122689024;0;0;0;0;0;0;0;0;0;0;0;3757;0;0;89;0;80;0;
27696;6100170;1033605120;28352512;1122689024;0;0;0;0;0;0;0;0;0;0;0;4268;0;0;89;0;80;0;
27697;6826752;1033605120;28352512;1122689024;0;0;0;0;0;0;0;0;0;0;0;4118;0;0;89;0;80;0;
27698;4713900;1033605120;28352512;1122689024;0;0;0;0;0;0;0;0;0;0;0;3567;0;0;89;0;80;0;
27699;5490908;1033605120;28352512;1122689024;0;0;0;0;0;0;0;0;0;0;0;3477;0;0;89;0;80;0;
27700;4779333;1033605120;28352512;1122689024;0;0;0;0;0;0;0;0;0;0;0;3226;0;0;89;0;80;0;
27701;5953856;1033605120;28352512;1122689024;0;0;0;0;0;0;0;0;0;0;0;2826;0;0;89;0;80;0;
27702;5356615;1033605120;28352512;1122689024;0;0;0;0;0;0;0;0;0;0;0;2855;0;0;89;0;80;0;
27703;6545405;1033605120;28352512;1122689024;0;0;0;0;0;0;0;0;0;0;0;3617;0;0;89;0;80;0;
27704;4612019;1033605120;28352512;1122689024;0;0;0;0;0;0;0;0;0;0;0;3577;0;0;89;0;80;0;
27705;5857445;1033605120;28352512;1122689024;0;0;0;0;0;0;0;0;0;0;0;3446;0;0;89;0;80;0;
27706;4584808;1033605120;28352512;1122689024;0;0;0;0;0;0;0;0;0;0;0;3075;0;0;89;0;80;0;
27707;6178547;1033605120;28352512;1122689024;0;0;0;0;0;0;0;0;0;0;0;4118;0;0;89;0;80;0;
27708;5892861;1033605120;28352512;1122689024;0;0;0;0;0;0;0;0;0;0;0;3967;0;0;89;0;80;0;
27709;8210287;1033605120;28352512;1122689024;0;0;0;0;0;0;0;0;0;0;0;3506;0;0;89;0;80;0;
27710;6271962;1033605120;28352512;1122689024;0;0;0;0;0;0;0;0;0;0;0;3176;0;0;89;0;80;0;
27711;6376158;1033605120;28352512;1122689024;0;0;0;0;0;0;0;0;0;0;0;3006;0;0;89;0;80;0;
27712;5186697;1033605120;28352512;1122689024;0;0;0;0;0;0;0;0;0;0;0;3116;0;0;89;0;80;0;
27713;5561299;1033605120;28352512;1122689024;0;0;0;0;0;0;0;0;0;0;0;2925;0;0;89;0;80;0;
27714;5904573;1033605120;28352512;1122689024;0;0;0;0;0;0;0;0;0;0;0;3015;0;0;89;0;80;0;
27715;5928979;1033605120;28352512;1122689024;0;0;0;0;0;0;0;0;0;0;0;3857;0;0;89;0;80;0;
27716;5044841;1033605120;28352512;1122689024;0;0;0;0;0;0;0;0;0;0;0;3337;0;0;89;0;80;0;
27717;7299339;1033605120;28352512;1122689024;0;0;0;0;0;0;0;0;0;0;0;3095;0;0;89;0;80;0;
27718;5795348;1033605120;28352512;1122689024;0;0;0;0;0;0;0;0;0;0;0;3336;0;0;89;0;80;0;
27719;6286609;1033605120;28352512;1122689024;0;0;0;0;0;0;0;0;0;0;0;2905;0;0;89;0;80;0;
27720;6092305;1033605120;28352512;1122689024;0;0;0;0;0;0;0;0;0;0;0;3938;0;0;89;0;80;0;
27721;5532335;1033605120;28352512;1122689024;0;0;0;0;0;0;0;0;0;0;0;2956;0;0;89;0;80;0;
27722;4982955;1033605120;28352512;1122689024;0;0;0;0;0;0;0;0;0;0;0;4459;0;0;89;0;80;0;
27723;5796471;1033605120;28352512;1122689024;0;0;0;0;0;0;0;0;0;0;0;3376;0;0;89;0;80;0;
27724;6399291;1033605120;28352512;1122689024;0;0;0;0;0;0;0;0;0;0;0;3046;0;0;89;0;80;0;
27725;5699619;1033605120;28352512;1122689024;0;0;0;0;0;0;0;0;0;0;0;3116;0;0;89;0;80;0;
27726;6100761;1033605120;28352512;1122689024;0;0;0;0;0;0;0;0;0;0;0;4077;0;0;89;0;80;0;
27727;6131579;1033605120;28352512;1122689024;0;0;0;0;0;0;0;0;0;0;0;4127;0;0;89;0;80;0;
27728;6724361;1033605120;28352512;1122689024;0;0;0;0;0;0;0;0;0;0;0;3426;0;0;89;0;80;0;
27729;6494169;1033605120;28352512;1122689024;0;0;0;0;0;0;0;0;0;0;0;4018;0;0;89;0;80;0;
27730;6867088;1033605120;28352512;1122689024;0;0;0;0;0;0;0;0;0;0;0;3957;0;0;89;0;80;0;
27731;7484246;1033605120;28352512;1122689024;0;0;0;0;0;0;0;0;0;0;0;4338;0;0;89;0;80;0;
27732;6188727;1033605120;28352512;1122689024;0;0;0;0;0;0;0;0;0;0;0;4078;0;0;89;0;80;0;
27733;6718370;1033605120;28352512;1122689024;0;0;0;0;0;0;0;0;0;0;0;4028;0;0;89;0;80;0;
27734;6567717;1033605120;28352512;1122689024;0;0;0;0;0;0;0;0;0;0;0;3266;0;0;89;0;80;0;
27735;7875359;1033605120;28352512;1122689024;0;0;0;0;0;0;0;0;0;0;0;3577;0;0;89;0;80;0;
27736;4692500;1033605120;28352512;1122689024;0;0;0;0;0;0;0;0;0;0;0;3125;0;0;89;0;80;0;
27737;5897350;1033605120;28352512;1122689024;0;0;0;0;0;0;0;0;0;0;0;3386;0;0;89;0;80;0;
27738;4974600;1033605120;28352512;1122689024;0;0;0;0;0;0;0;0;0;0;0;3216;0;0;89;0;80;0;
27739;5465029;1033605120;28352512;1122689024;0;0;0;0;0;0;0;0;0;0;0;2856;0;0;89;0;80;0;
27740;5734845;1033605120;28352512;1122689024;0;0;0;0;0;0;0;0;0;0;0;3287;0;0;89;0;80;0;
27741;6582214;1033605120;28352512;1122689024;0;0;0;0;0;0;0;0;0;0;0;3547;0;0;89;0;80;0;
27742;6507153;1033605120;28352512;1122689024;0;0;0;0;0;0;0;0;0;0;0;3106;0;0;89;0;80;0;
27743;6402086;1033605120;28352512;1122689024;0;0;0;0;0;0;0;0;0;0;0;3186;0;0;89;0;80;0;
27744;6452000;1033605120;28352512;1122689024;0;0;0;0;0;0;0;0;0;0;0;3607;0;0;89;0;80;0;
27745;6233821;1033605120;28352512;1122689024;0;0;0;0;0;0;0;0;0;0;0;3406;0;0;89;0;80;0;
27746;5650146;1033605120;28352512;1122689024;0;0;0;0;0;0;0;0;0;0;0;3927;0;0;89;0;80;0;
27747;6983416;1033605120;28352512;1122689024;0;0;0;0;0;0;0;0;0;0;0;3597;0;0;89;0;80;0;
27748;4736733;1033605120;28352512;1122689024;0;0;0;0;0;0;0;0;0;0;0;3337;0;0;89;0;80;0;
27749;6169981;1033605120;28352512;1122689024;0;0;0;0;0;0;0;0;0;0;0;3005;0;0;89;0;80;0;
27750;5345585;1033605120;28352512;1122689024;0;0;0;0;0;0;0;0;0;0;0;3106;0;0;89;0;80;0;
27751;5959496;1033605120;28352512;1122689024;0;0;0;0;0;0;0;0;0;0;0;3297;0;0;89;0;80;0;
27752;4512243;1033605120;28352512;1122689024;0;0;0;0;0;0;0;0;0;0;0;3306;0;0;89;0;80;0;
27753;6160914;1033605120;28352512;1122689024;0;0;0;0;0;0;0;0;0;0;0;3016;0;0;89;0;80;0;
27754;3764530;1033605120;28352512;1122689024;0;0;0;0;0;0;0;0;0;0;0;2795;0;0;89;0;80;0;
27755;5868004;1033605120;28352512;1122689024;0;0;0;0;0;0;0;0;0;0;0;3377;0;0;89;0;80;0;
27756;6358905;1033605120;28352512;1122689024;0;0;0;0;0;0;0;0;0;0;0;2695;0;0;89;0;80;0;
27757;5912979;1033605120;28352512;1122689024;0;0;0;0;0;0;0;0;0;0;0;3136;0;0;89;0;80;0;
27758;6411574;1033605120;28352512;1122689024;0;0;0;0;0;0;0;0;0;0;0;2765;0;0;89;0;80;0;
27759;7998611;1033605120;28352512;1122689024;0;0;0;0;0;0;0;0;0;0;0;3296;0;0;89;0;80;0;
27760;5173242;1033605120;28352512;1122689024;0;0;0;0;0;0;0;0;0;0;0;3156;0;0;89;0;80;0;
27761;7118550;1033605120;28352512;1122689024;0;0;0;0;0;0;0;0;0;0;0;3487;0;0;89;0;80;0;
27762;5056222;1033605120;28352512;1122689024;0;0;0;0;0;0;0;0;0;0;0;4278;0;0;89;0;80;0;
27763;7728063;1033605120;28352512;1122689024;0;0;0;0;0;0;0;0;0;0;0;4799;0;0;89;0;80;0;
27764;6392008;1033605120;28352512;1122689024;0;0;0;0;0;0;0;0;0;0;0;3577;0;0;89;0;80;0;
27765;6198364;1033605120;28352512;1122689024;0;0;0;0;0;0;0;0;0;0;0;3116;0;0;89;0;80;0;
27766;6614314;1033605120;28352512;1122689024;0;0;0;0;0;0;0;0;0;0;0;3286;0;0;89;0;80;0;
27767;6703923;1033605120;28352512;1122689024;0;0;0;0;0;0;0;0;0;0;0;3286;0;0;89;0;80;0;
27768;5466311;1033605120;28352512;1122689024;0;0;0;0;0;0;0;0;0;0;0;4108;0;0;89;0;80;0;
27769;6797398;1033605120;28352512;1122689024;0;0;0;0;0;0;0;0;0;0;0;3166;0;0;89;0;80;0;
27770;4586120;1033605120;28352512;1122689024;0;0;0;0;0;0;0;0;0;0;0;3968;0;0;89;0;80;0;
27771;6353716;1033605120;28352512;1122689024;0;0;0;0;0;0;0;0;0;0;0;2825;0;0;89;0;80;0;
27772;5398364;1033605120;28352512;1122689024;0;0;0;0;0;0;0;0;0;0;0;3337;0;0;89;0;80;0;
27773;6610767;1033605120;28352512;1122689024;0;0;0;0;0;0;0;0;0;0;0;4288;0;0;89;0;80;0;
27774;7003685;1033605120;28352512;1122689024;0;0;0;0;0;0;0;0;0;0;0;4348;0;0;89;0;80;0;
27775;7310801;1033605120;28352512;1122689024;0;0;0;0;0;0;0;0;0;0;0;4830;0;0;89;0;80;0;
27776;6976333;1033605120;28352512;1122689024;0;0;0;0;0;0;0;0;0;0;0;4028;0;0;89;0;80;0;
27777;7309178;1033605120;28352512;1122689024;0;0;0;0;0;0;0;0;0;0;0;4158;0;0;89;0;80;0;
27778;6836431;1033605120;28352512;1122689024;0;0;0;0;0;0;0;0;0;0;0;4097;0;0;89;0;80;0;
27779;7947715;1033605120;28352512;1122689024;0;0;0;0;0;0;0;0;0;0;0;4619;0;0;89;0;80;0;
27780;6006184;1033605120;28352512;1122689024;0;0;0;0;0;0;0;0;0;0;0;4018;0;0;89;0;80;0;
27781;6936378;1033605120;28352512;1122689024;0;0;0;0;0;0;0;0;0;0;0;4478;0;0;89;0;80;0;
27782;5807411;1033605120;28352512;1122689024;0;0;0;0;0;0;0;0;0;0;0;4549;0;0;89;0;80;0;
27783;6475895;1033605120;28352512;1122689024;0;0;0;0;0;0;0;0;0;0;0;3026;0;0;89;0;80;0;
27784;5332611;1033605120;28352512;1122689024;0;0;0;0;0;0;0;0;0;0;0;3196;0;0;89;0;80;0;
27785;5181477;1033605120;28352512;1122689024;0;0;0;0;0;0;0;0;0;0;0;3737;0;0;89;0;80;0;
27786;5012300;1033605120;28352512;1122689024;0;0;0;0;0;0;0;0;0;0;0;3576;0;0;89;0;80;0;
27787;5623065;1033605120;28352512;1122689024;0;0;0;0;0;0;0;0;0;0;0;3326;0;0;89;0;80;0;
27788;4097223;1033605120;28352512;1122689024;0;0;0;0;0;0;0;0;0;0;0;3096;0;0;89;0;80;0;
27789;5856893;1033605120;28352512;1122689024;0;0;0;0;0;0;0;0;0;0;0;3587;0;0;89;0;80;0;
27790;4581802;1033605120;28352512;1122689024;0;0;0;0;0;0;0;0;0;0;0;3055;0;0;89;0;80;0;
27791;6278645;1033605120;28352512;1122689024;0;0;0;0;0;0;0;0;0;0;0;3898;0;0;89;0;80;0;
27792;5845823;1033605120;28352512;1122689024;0;0;0;0;0;0;0;0;0;0;0;3727;0;0;89;0;80;0;
27793;7340056;1033605120;28352512;1122689024;0;0;0;0;0;0;0;0;0;0;0;4037;0;0;89;0;80;0;
27794;7540571;1033605120;28352512;1122689024;0;0;0;0;0;0;0;0;0;0;0;5229;0;0;89;0;80;0;
27795;7191237;1033605120;28352512;1122689024;0;0;0;0;0;0;0;0;0;0;0;3997;0;0;89;0;80;0;
27796;5383286;1033605120;28352512;1122689024;0;0;0;0;0;0;0;0;0;0;0;2896;0;0;89;0;80;0;
27797;6096613;1033605120;28352512;1122689024;0;0;0;0;0;0;0;0;0;0;0;4628;0;0;89;0;80;0;
27798;5325748;1033605120;28352512;1122689024;0;0;0;0;0;0;0;0;0;0;0;3667;0;0;89;0;80;0;
27799;5957512;1033605120;28352512;1122689024;0;0;0;0;0;0;0;0;0;0;0;2875;0;0;89;0;80;0;
27800;5922998;1033605120;28352512;1122689024;0;0;0;0;0;0;0;0;0;0;0;3476;0;0;89;0;80;0;
27801;7340396;1033605120;28352512;1122689024;0;0;0;0;0;0;0;0;0;0;0;4418;0;0;89;0;80;0;
27802;5446975;1033605120;28352512;1122689024;0;0;0;0;0;0;0;0;0;0;0;3306;0;0;89;0;80;0;
27803;6900151;1033605120;28352512;1122689024;0;0;0;0;0;0;0;0;0;0;0;4248;0;0;89;0;80;0;
27804;5815296;1033605120;28352512;1122689024;0;0;0;0;0;0;0;0;0;0;0;3997;0;0;89;0;80;0;
27805;5690542;1033605120;28352512;1122689024;0;0;0;0;0;0;0;0;0;0;0;3276;0;0;89;0;80;0;
27806;4444074;1033605120;28352512;1122689024;0;0;0;0;0;0;0;0;0;0;0;3176;0;0;89;0;80;0;
27807;12636438;1033605120;28352512;1122689024;0;0;0;0;0;0;0;0;0;0;0;3987;0;0;89;0;80;0;
27808;6126460;1033605120;28352512;1122689024;0;0;0;0;0;0;0;0;0;0;0;4298;0;0;89;0;80;0;
27809;6724521;1033605120;28352512;1122689024;0;0;0;0;0;0;0;0;0;0;0;4328;0;0;89;0;80;0;
27810;6026593;1033605120;28352512;1122689024;0;0;0;0;0;0;0;0;0;0;0;3967;0;0;89;0;80;0;
27811;7332231;1033605120;28352512;1122689024;0;0;0;0;0;0;0;0;0;0;0;3977;0;0;89;0;80;0;
27812;4221166;1033605120;28352512;1122689024;0;0;0;0;0;0;0;0;0;0;0;2925;0;0;89;0;80;0;
27813;6026822;1033605120;28352512;1122689024;0;0;0;0;0;0;0;0;0;0;0;3116;0;0;89;0;80;0;
27814;4925127;1033605120;28352512;1122689024;0;0;0;0;0;0;0;0;0;0;0;4158;0;0;89;0;80;0;
27815;10968801;1033605120;28352512;1122689024;0;0;0;0;0;0;0;0;0;0;0;4449;0;0;89;0;80;0;
27816;6902174;1033605120;28352512;1122689024;0;0;0;0;0;0;0;0;0;0;0;3086;0;0;89;0;80;0;
27817;6023156;1033605120;28352512;1122689024;0;0;0;0;0;0;0;0;0;0;0;3426;0;0;89;0;80;0;
27818;5820997;1033605120;28352512;1122689024;0;0;0;0;0;0;0;0;0;0;0;3146;0;0;89;0;80;0;
27819;5703156;1033605120;28352512;1122689024;0;0;0;0;0;0;0;0;0;0;0;3286;0;0;89;0;80;0;
27820;5385540;1033605120;28352512;1122689024;0;0;0;0;0;0;0;0;0;0;0;2965;0;0;89;0;80;0;
27821;6329480;1033605120;28352512;1122689024;0;0;0;0;0;0;0;0;0;0;0;3587;0;0;89;0;80;0;
27822;4247976;1033605120;28352512;1122689024;0;0;0;0;0;0;0;0;0;0;0;3237;0;0;89;0;80;0;
27823;5218306;1033605120;28352512;1122689024;0;0;0;0;0;0;0;0;0;0;0;3837;0;0;89;0;80;0;
27824;5298247;1033605120;28352512;1122689024;0;0;0;0;0;0;0;0;0;0;0;4007;0;0;89;0;80;0;
27825;6919487;1033605120;28352512;1122689024;0;0;0;0;0;0;0;0;0;0;0;3006;0;0;89;0;80;0;
27826;5181828;1033605120;28352512;1122689024;0;0;0;0;0;0;0;0;0;0;0;3106;0;0;89;0;80;0;
27827;6923264;1033605120;28356608;1122693120;0;0;0;0;0;0;0;0;0;0;0;57829;0;0;89;0;80;0;
27828;6656424;1033605120;28360704;1122697216;0;0;0;0;0;0;0;0;0;0;0;3316;0;0;89;0;80;0;
27829;6248037;1033605120;28360704;1122697216;0;0;0;0;0;0;0;0;0;0;0;3897;0;0;89;0;80;0;
27830;4272172;1033605120;28360704;1122697216;0;0;0;0;0;0;0;0;0;0;0;2705;0;0;89;0;80;0;
27831;5112548;1033605120;28360704;1122697216;0;0;0;0;0;0;0;0;0;0;0;3115;0;0;89;0;80;0;
27832;4362011;1033605120;28360704;1122697216;0;0;0;0;0;0;0;0;0;0;0;3046;0;0;89;0;80;0;
27833;5451534;1033605120;28360704;1122697216;0;0;0;0;0;0;0;0;0;0;0;2975;0;0;89;0;80;0;
27834;5778237;1033605120;28352512;1122689024;0;0;0;0;0;0;0;0;0;0;0;3867;0;0;89;0;80;0;
27835;5847466;1033605120;28352512;1122689024;0;0;0;0;0;0;0;0;0;0;0;3366;0;0;89;0;80;0;
27836;4190599;1033605120;28352512;1122689024;0;0;0;0;0;0;0;0;0;0;0;3406;0;0;89;0;80;0;
27837;5498221;1033605120;28352512;1122689024;0;0;0;0;0;0;0;0;0;0;0;3497;0;0;89;0;80;0;
27838;3815635;1033605120;28352512;1122689024;0;0;0;0;0;0;0;0;0;0;0;3266;0;0;89;0;80;0;
27839;6294525;1033605120;28352512;1122689024;0;0;0;0;0;0;0;0;0;0;0;3927;0;0;89;0;80;0;
27840;5251108;1033605120;28352512;1122689024;0;0;0;0;0;0;0;0;0;0;0;4087;0;0;89;0;80;0;
27841;8181022;1033605120;28352512;1122689024;0;0;0;0;0;0;0;0;0;0;0;6041;0;0;89;0;80;0;
27842;7891470;1033605120;28352512;1122689024;0;0;0;0;0;0;0;0;0;0;0;5801;0;0;89;0;80;0;
27843;6682873;1033605120;28352512;1122689024;0;0;0;0;0;0;0;0;0;0;0;3817;0;0;89;0;80;0;
27844;7012020;1033605120;28352512;1122689024;0;0;0;0;0;0;0;0;0;0;0;3687;0;0;89;0;80;0;
27845;5954376;1033605120;28352512;1122689024;0;0;0;0;0;0;0;0;0;0;0;7634;0;0;89;0;80;0;
27846;5062935;1033605120;28352512;1122689024;0;0;0;0;0;0;0;0;0;0;0;5090;0;0;89;0;80;0;
27847;8899740;1033605120;28352512;1122689024;0;0;0;0;0;0;0;0;0;0;0;4178;0;0;89;0;80;0;
27848;5514332;1033605120;28352512;1122689024;0;0;0;0;0;0;0;0;0;0;0;8356;0;0;89;0;80;0;
27849;6870805;1033605120;28352512;1122689024;0;0;0;0;0;0;0;0;0;0;0;338835;0;0;89;0;80;0;
27850;6130247;1033605120;28352512;1122689024;0;0;0;0;0;0;0;0;0;0;0;4248;0;0;89;0;80;0;
27851;7227514;1033605120;28352512;1122689024;0;0;0;0;0;0;0;0;0;0;0;3537;0;0;89;0;80;0;
27852;5357207;1033605120;28352512;1122689024;0;0;0;0;0;0;0;0;0;0;0;3526;0;0;89;0;80;0;
27853;6423507;1033605120;28352512;1122689024;0;0;0;0;0;0;0;0;0;0;0;3767;0;0;89;0;80;0;
27854;5560328;1033605120;28352512;1122689024;0;0;0;0;0;0;0;0;0;0;0;3787;0;0;89;0;80;0;
27855;6697380;1033605120;28352512;1122689024;0;0;0;0;0;0;0;0;0;0;0;3907;0;0;89;0;80;0;
27856;4155343;1033605120;28352512;1122689024;0;0;0;0;0;0;0;0;0;0;0;3006;0;0;89;0;80;0;
27857;5395509;1033605120;28352512;1122689024;0;0;0;0;0;0;0;0;0;0;0;3427;0;0;89;0;80;0;
27858;5728012;1033605120;28352512;1122689024;0;0;0;0;0;0;0;0;0;0;0;3787;0;0;89;0;80;0;
27859;7088925;1033605120;28352512;1122689024;0;0;0;0;0;0;0;0;0;0;0;3787;0;0;89;0;80;0;
27860;4247285;1033605120;28352512;1122689024;0;0;0;0;0;0;0;0;0;0;0;3677;0;0;89;0;80;0;
27861;5969485;1033605120;28352512;1122689024;0;0;0;0;0;0;0;0;0;0;0;3346;0;0;89;0;80;0;
27862;5016448;1033605120;28352512;1122689024;0;0;0;0;0;0;0;0;0;0;0;3878;0;0;89;0;80;0;
27863;8057921;1033605120;28352512;1122689024;0;0;0;0;0;0;0;0;0;0;0;3907;0;0;89;0;80;0;
27864;7425175;1033605120;28352512;1122689024;0;0;0;0;0;0;0;0;0;0;0;4699;0;0;89;0;80;0;
27865;5576418;1033605120;28352512;1122689024;0;0;0;0;0;0;0;0;0;0;0;3286;0;0;89;0;80;0;
27866;4321675;1033605120;28352512;1122689024;0;0;0;0;0;0;0;0;0;0;0;3025;0;0;89;0;80;0;
27867;5225880;1033605120;28352512;1122689024;0;0;0;0;0;0;0;0;0;0;0;3216;0;0;89;0;80;0;
27868;4820671;1033605120;28352512;1122689024;0;0;0;0;0;0;0;0;0;0;0;3617;0;0;89;0;80;0;
27869;7222945;1033605120;28352512;1122689024;0;0;0;0;0;0;0;0;0;0;0;4458;0;0;89;0;80;0;
27870;5180425;1033605120;28352512;1122689024;0;0;0;0;0;0;0;0;0;0;0;4278;0;0;89;0;80;0;
27871;7310210;1033605120;28352512;1122689024;0;0;0;0;0;0;0;0;0;0;0;3837;0;0;89;0;80;0;
27872;7656819;1033605120;28352512;1122689024;0;0;0;0;0;0;0;0;0;0;0;4628;0;0;89;0;80;0;
27873;6141518;1033605120;28352512;1122689024;0;0;0;0;0;0;0;0;0;0;0;4739;0;0;89;0;80;0;
27874;6253167;1033605120;28352512;1122689024;0;0;0;0;0;0;0;0;0;0;0;3486;0;0;89;0;80;0;
27875;6974741;1033605120;28352512;1122689024;0;0;0;0;0;0;0;0;0;0;0;4188;0;0;89;0;80;0;
27876;5862103;1033605120;28352512;1122689024;0;0;0;0;0;0;0;0;0;0;0;2635;0;0;89;0;80;0;
27877;5273199;1033605120;28352512;1122689024;0;0;0;0;0;0;0;0;0;0;0;3426;0;0;89;0;80;0;
27878;5438750;1033605120;28352512;1122689024;0;0;0;0;0;0;0;0;0;0;0;3677;0;0;89;0;80;0;
27879;6910760;1033605120;28352512;1122689024;0;0;0;0;0;0;0;0;0;0;0;4419;0;0;89;0;80;0;
27880;5626732;1033605120;28352512;1122689024;0;0;0;0;0;0;0;0;0;0;0;3116;0;0;89;0;80;0;
27881;6548721;1033605120;28352512;1122689024;0;0;0;0;0;0;0;0;0;0;0;3526;0;0;89;0;80;0;
27882;4802196;1033605120;28352512;1122689024;0;0;0;0;0;0;0;0;0;0;0;3307;0;0;89;0;80;0;
27883;6983066;1033605120;28352512;1122689024;0;0;0;0;0;0;0;0;0;0;0;3356;0;0;89;0;80;0;
27884;4811774;1033605120;28352512;1122689024;0;0;0;0;0;0;0;0;0;0;0;3647;0;0;89;0;80;0;
27885;6604136;1033605120;28352512;1122689024;0;0;0;0;0;0;0;0;0;0;0;3406;0;0;89;0;80;0;
27886;4240292;1033605120;28352512;1122689024;0;0;0;0;0;0;0;0;0;0;0;3266;0;0;89;0;80;0;
27887;6740912;1033605120;28352512;1122689024;0;0;0;0;0;0;0;0;0;0;0;3486;0;0;89;0;80;0;
27888;4440588;1033605120;28352512;1122689024;0;0;0;0;0;0;0;0;0;0;0;3546;0;0;89;0;80;0;
27889;7142596;1033605120;28352512;1122689024;0;0;0;0;0;0;0;0;0;0;0;3346;0;0;89;0;80;0;
27890;4259147;1033605120;28352512;1122689024;0;0;0;0;0;0;0;0;0;0;0;2875;0;0;89;0;80;0;
27891;6155524;1033605120;28352512;1122689024;0;0;0;0;0;0;0;0;0;0;0;4127;0;0;89;0;80;0;
27892;6588757;1033605120;28352512;1122689024;0;0;0;0;0;0;0;0;0;0;0;4047;0;0;89;0;80;0;
27893;6570261;1033605120;28352512;1122689024;0;0;0;0;0;0;0;0;0;0;0;3226;0;0;89;0;80;0;
27894;6526730;1033605120;28352512;1122689024;0;0;0;0;0;0;0;0;0;0;0;3096;0;0;89;0;80;0;
27895;5937575;1033605120;28352512;1122689024;0;0;0;0;0;0;0;0;0;0;0;3456;0;0;89;0;80;0;
27896;4252405;1033605120;28352512;1122689024;0;0;0;0;0;0;0;0;0;0;0;3326;0;0;89;0;80;0;
27897;6327276;1033605120;28352512;1122689024;0;0;0;0;0;0;0;0;0;0;0;3507;0;0;89;0;80;0;
27898;5500396;1033605120;28352512;1122689024;0;0;0;0;0;0;0;0;0;0;0;3306;0;0;89;0;80;0;
27899;6108035;1033605120;28352512;1122689024;0;0;0;0;0;0;0;0;0;0;0;3767;0;0;89;0;80;0;
27900;5622905;1033605120;28352512;1122689024;0;0;0;0;0;0;0;0;0;0;0;3917;0;0;89;0;80;0;
27901;6639632;1033605120;28352512;1122689024;0;0;0;0;0;0;0;0;0;0;0;4609;0;0;89;0;80;0;
27902;6206690;1033605120;28352512;1122689024;0;0;0;0;0;0;0;0;0;0;0;4298;0;0;89;0;80;0;
27903;6642046;1033605120;28352512;1122689024;0;0;0;0;0;0;0;0;0;0;0;4428;0;0;89;0;80;0;
27904;7699490;1033605120;28352512;1122689024;0;0;0;0;0;0;0;0;0;0;0;4529;0;0;89;0;80;0;
27905;8044106;1033605120;28352512;1122689024;0;0;0;0;0;0;0;0;0;0;0;4609;0;0;89;0;80;0;
27906;6178136;1033605120;28352512;1122689024;0;0;0;0;0;0;0;0;0;0;0;4688;0;0;89;0;80;0;
27907;7398946;1033605120;28352512;1122689024;0;0;0;0;0;0;0;0;0;0;0;3877;0;0;89;0;80;0;
27908;6623181;1033605120;28352512;1122689024;0;0;0;0;0;0;0;0;0;0;0;4408;0;0;89;0;80;0;
27909;7752639;1033605120;28352512;1122689024;0;0;0;0;0;0;0;0;0;0;0;5370;0;0;89;0;80;0;
27910;6835529;1033605120;28352512;1122689024;0;0;0;0;0;0;0;0;0;0;0;3347;0;0;89;0;80;0;
27911;5715989;1033605120;28352512;1122689024;0;0;0;0;0;0;0;0;0;0;0;2906;0;0;89;0;80;0;
27912;5391712;1033605120;28352512;1122689024;0;0;0;0;0;0;0;0;0;0;0;3326;0;0;89;0;80;0;
27913;8383562;1033605120;28352512;1122689024;0;0;0;0;0;0;0;0;0;0;0;4609;0;0;89;0;80;0;
27914;7698457;1033605120;28352512;1122689024;0;0;0;0;0;0;0;0;0;0;0;76403;0;0;89;0;80;0;
27915;7070910;1033605120;28352512;1122689024;0;0;0;0;0;0;0;0;0;0;0;3376;0;0;89;0;80;0;
27916;4983586;1033605120;28352512;1122689024;0;0;0;0;0;0;0;0;0;0;0;4248;0;0;89;0;80;0;
27917;7698368;1033605120;28352512;1122689024;0;0;0;0;0;0;0;0;0;0;0;2766;0;0;89;0;80;0;
27918;5295541;1033601024;28348416;1122684928;0;0;0;0;0;0;0;0;0;0;0;3888;0;0;89;0;80;0;
27919;5683459;1033601024;28348416;1122684928;0;0;0;0;0;0;0;0;0;0;0;3997;0;0;89;0;80;0;
27920;5717382;1033596928;28344320;1122680832;0;0;0;0;0;0;0;0;0;0;0;4369;0;0;89;0;80;0;
27921;6023316;1033596928;28344320;1122680832;0;0;0;0;0;0;0;0;0;0;0;4067;0;0;89;0;80;0;
27922;5479035;1033596928;28344320;1122680832;0;0;0;0;0;0;0;0;0;0;0;4598;0;0;89;0;80;0;
27923;6503226;1033596928;28344320;1122680832;0;0;0;0;0;0;0;0;0;0;0;3957;0;0;89;0;80;0;
27924;7900156;1033596928;28344320;1122680832;0;0;0;0;0;0;0;0;0;0;0;44393;0;0;89;0;80;0;
27925;6687031;1033596928;28344320;1122680832;0;0;0;0;0;0;0;0;0;0;0;4168;0;0;89;0;80;0;
27926;6281621;1033596928;28344320;1122680832;0;0;0;0;0;0;0;0;0;0;0;4018;0;0;89;0;80;0;
27927;6431822;1033596928;28344320;1122680832;0;0;0;0;0;0;0;0;0;0;0;3948;0;0;89;0;80;0;
27928;6493518;1033596928;28344320;1122680832;0;0;0;0;0;0;0;0;0;0;0;3807;0;0;89;0;80;0;
27929;5269443;1033596928;28344320;1122680832;0;0;0;0;0;0;0;0;0;0;0;3116;0;0;89;0;80;0;
27930;5826006;1033596928;28344320;1122680832;0;0;0;0;0;0;0;0;0;0;0;4438;0;0;89;0;80;0;
27931;6840298;1033596928;28344320;1122680832;0;0;0;0;0;0;0;0;0;0;0;3056;0;0;89;0;80;0;
27932;6369596;1033596928;28344320;1122680832;0;0;0;0;0;0;0;0;0;0;0;3697;0;0;89;0;80;0;
27933;5735897;1033596928;28344320;1122680832;0;0;0;0;0;0;0;0;0;0;0;3366;0;0;89;0;80;0;
27934;5889845;1033596928;28344320;1122680832;0;0;0;0;0;0;0;0;0;0;0;3958;0;0;89;0;80;0;
27935;5847617;1033596928;28344320;1122680832;0;0;0;0;0;0;0;0;0;0;0;2776;0;0;89;0;80;0;
27936;5609029;1033596928;28344320;1122680832;0;0;0;0;0;0;0;0;0;0;0;4739;0;0;89;0;80;0;
27937;5987098;1033596928;28344320;1122680832;0;0;0;0;0;0;0;0;0;0;0;3286;0;0;89;0;80;0;
27938;5057264;1033596928;28344320;1122680832;0;0;0;0;0;0;0;0;0;0;0;4138;0;0;89;0;80;0;
27939;6860826;1033596928;28344320;1122680832;0;0;0;0;0;0;0;0;0;0;0;4298;0;0;89;0;80;0;
27940;5492911;1033596928;28344320;1122680832;0;0;0;0;0;0;0;0;0;0;0;3687;0;0;89;0;80;0;
27941;5718003;1033596928;28344320;1122680832;0;0;0;0;0;0;0;0;0;0;0;3096;0;0;89;0;80;0;
27942;5748881;1033596928;28344320;1122680832;0;0;0;0;0;0;0;0;0;0;0;3477;0;0;89;0;80;0;
27943;5808844;1033596928;28344320;1122680832;0;0;0;0;0;0;0;0;0;0;0;3807;0;0;89;0;80;0;
27944;6298492;1033596928;28344320;1122680832;0;0;0;0;0;0;0;0;0;0;0;3597;0;0;89;0;80;0;
27945;5412480;1033596928;28344320;1122680832;0;0;0;0;0;0;0;0;0;0;0;3507;0;0;89;0;80;0;
27946;4948961;1033596928;28344320;1122680832;0;0;0;0;0;0;0;0;0;0;0;3898;0;0;89;0;80;0;
27947;6310093;1033596928;28344320;1122680832;0;0;0;0;0;0;0;0;0;0;0;3336;0;0;89;0;80;0;
27948;5418151;1033596928;28344320;1122680832;0;0;0;0;0;0;0;0;0;0;0;3968;0;0;89;0;80;0;
27949;6443745;1033596928;28344320;1122680832;0;0;0;0;0;0;0;0;0;0;0;4028;0;0;89;0;80;0;
27950;6645372;1033596928;28344320;1122680832;0;0;0;0;0;0;0;0;0;0;0;3687;0;0;89;0;80;0;
27951;6711316;1033596928;28344320;1122680832;0;0;0;0;0;0;0;0;0;0;0;3507;0;0;89;0;80;0;
27952;5134228;1033596928;28344320;1122680832;0;0;0;0;0;0;0;0;0;0;0;4058;0;0;89;0;80;0;
27953;7354472;1033596928;28344320;1122680832;0;0;0;0;0;0;0;0;0;0;0;3456;0;0;89;0;80;0;
27954;5741538;1033596928;28344320;1122680832;0;0;0;0;0;0;0;0;0;0;0;3636;0;0;89;0;80;0;
27955;8154753;1033596928;28344320;1122680832;0;0;0;0;0;0;0;0;0;0;0;5440;0;0;89;0;80;0;
27956;7530563;1033596928;28344320;1122680832;0;0;0;0;0;0;0;0;0;0;0;4047;0;0;89;0;80;0;
27957;7524671;1033596928;28344320;1122680832;0;0;0;0;0;0;0;0;0;0;0;5461;0;0;89;0;80;0;
27958;7753832;1033596928;28344320;1122680832;0;0;0;0;0;0;0;0;0;0;0;3747;0;0;89;0;80;0;
27959;8128894;1033596928;28344320;1122680832;0;0;0;0;0;0;0;0;0;0;0;7023;0;0;89;0;80;0;
27960;8327126;1033596928;28344320;1122680832;0;0;0;0;0;0;0;0;0;0;0;3597;0;0;89;0;80;0;
27961;7600894;1033596928;28344320;1122680832;0;0;0;0;0;0;0;0;0;0;0;4098;0;0;89;0;80;0;
27962;4750760;1033596928;28344320;1122680832;0;0;0;0;0;0;0;0;0;0;0;3506;0;0;89;0;80;0;
27963;7069809;1033596928;28344320;1122680832;0;0;0;0;0;0;0;0;0;0;0;3797;0;0;89;0;80;0;
27964;5815285;1033596928;28344320;1122680832;0;0;0;0;0;0;0;0;0;0;0;3737;0;0;89;0;80;0;
27965;6963279;1033596928;28344320;1122680832;0;0;0;0;0;0;0;0;0;0;0;4088;0;0;89;0;80;0;
27966;4930347;1033596928;28344320;1122680832;0;0;0;0;0;0;0;0;0;0;0;3566;0;0;89;0;80;0;
27967;9860913;1033596928;28344320;1122680832;0;0;0;0;0;0;0;0;0;0;0;3546;0;0;89;0;80;0;
27968;11373629;1033596928;28344320;1122680832;0;0;0;0;0;0;0;0;0;0;0;3858;0;0;89;0;80;0;
27969;6693473;1033596928;28344320;1122680832;0;0;0;0;0;0;0;0;0;0;0;3346;0;0;89;0;80;0;
27970;4833134;1033596928;28344320;1122680832;0;0;0;0;0;0;0;0;0;0;0;3597;0;0;89;0;80;0;
27971;6003278;1033596928;28344320;1122680832;0;0;0;0;0;0;0;0;0;0;0;3016;0;0;89;0;80;0;
27972;4509377;1033596928;28344320;1122680832;0;0;0;0;0;0;0;0;0;0;0;3768;0;0;89;0;80;0;
27973;6925077;1033596928;28344320;1122680832;0;0;0;0;0;0;0;0;0;0;0;3827;0;0;89;0;80;0;
27974;5278178;1033596928;28344320;1122680832;0;0;0;0;0;0;0;0;0;0;0;4188;0;0;89;0;80;0;
27975;7102630;1033596928;28344320;1122680832;0;0;0;0;0;0;0;0;0;0;0;5390;0;0;89;0;80;0;
27976;5036195;1033596928;28344320;1122680832;0;0;0;0;0;0;0;0;0;0;0;3787;0;0;89;0;80;0;
27977;6783863;1033596928;28344320;1122680832;0;0;0;0;0;0;0;0;0;0;0;4008;0;0;89;0;80;0;
27978;4440488;1033596928;28344320;1122680832;0;0;0;0;0;0;0;0;0;0;0;3807;0;0;89;0;80;0;
27979;6188957;1033596928;28344320;1122680832;0;0;0;0;0;0;0;0;0;0;0;4328;0;0;89;0;80;0;
27980;4788009;1033596928;28344320;1122680832;0;0;0;0;0;0;0;0;0;0;0;3878;0;0;89;0;80;0;
27981;5134990;1033596928;28344320;1122680832;0;0;0;0;0;0;0;0;0;0;0;3687;0;0;89;0;80;0;
27982;5193931;1033596928;28344320;1122680832;0;0;0;0;0;0;0;0;0;0;0;3566;0;0;89;0;80;0;
27983;6120809;1033596928;28344320;1122680832;0;0;0;0;0;0;0;0;0;0;0;3988;0;0;89;0;80;0;
27984;5134419;1033596928;28344320;1122680832;0;0;0;0;0;0;0;0;0;0;0;3727;0;0;89;0;80;0;
27985;5585304;1033596928;28344320;1122680832;0;0;0;0;0;0;0;0;0;0;0;4118;0;0;89;0;80;0;
27986;4925518;1033596928;28344320;1122680832;0;0;0;0;0;0;0;0;0;0;0;3577;0;0;89;0;80;0;
27987;4851228;1033596928;28344320;1122680832;0;0;0;0;0;0;0;0;0;0;0;3066;0;0;89;0;80;0;
27988;5236270;1033596928;28344320;1122680832;0;0;0;0;0;0;0;0;0;0;0;3857;0;0;89;0;80;0;
27989;5402231;1033596928;28344320;1122680832;0;0;0;0;0;0;0;0;0;0;0;3236;0;0;89;0;80;0;
27990;4523634;1033596928;28344320;1122680832;0;0;0;0;0;0;0;0;0;0;0;3577;0;0;89;0;80;0;
27991;5730156;1033596928;28344320;1122680832;0;0;0;0;0;0;0;0;0;0;0;3317;0;0;89;0;80;0;
27992;4914397;1033596928;28344320;1122680832;0;0;0;0;0;0;0;0;0;0;0;3306;0;0;89;0;80;0;
27993;5101978;1033596928;28344320;1122680832;0;0;0;0;0;0;0;0;0;0;0;3166;0;0;89;0;80;0;
27994;4619343;1033596928;28344320;1122680832;0;0;0;0;0;0;0;0;0;0;0;3867;0;0;89;0;80;0;
27995;5389718;1033596928;28344320;1122680832;0;0;0;0;0;0;0;0;0;0;0;3487;0;0;89;0;80;0;
27996;5299368;1033596928;28344320;1122680832;0;0;0;0;0;0;0;0;0;0;0;3136;0;0;89;0;80;0;
27997;5896618;1033596928;28344320;1122680832;0;0;0;0;0;0;0;0;0;0;0;3576;0;0;89;0;80;0;
27998;5414534;1033596928;28344320;1122680832;0;0;0;0;0;0;0;0;0;0;0;3707;0;0;89;0;80;0;
27999;5774530;1033596928;28344320;1122680832;0;0;0;0;0;0;0;0;0;0;0;3126;0;0;89;0;80;0;
28000;4177645;1033596928;28344320;1122680832;0;0;0;0;0;0;0;0;0;0;0;3677;0;0;89;0;80;0;
28001;6916320;1033596928;28344320;1122680832;0;0;0;0;0;0;0;0;0;0;0;3417;0;0;89;0;80;0;
28002;6110139;1033596928;28344320;1122680832;0;0;0;0;0;0;0;0;0;0;0;4138;0;0;89;0;80;0;
28003;5741989;1033596928;28344320;1122680832;0;0;0;0;0;0;0;0;0;0;0;3196;0;0;89;0;80;0;
28004;3655405;1033596928;28344320;1122680832;0;0;0;0;0;0;0;0;0;0;0;3677;0;0;89;0;80;0;
28005;6167226;1033596928;28344320;1122680832;0;0;0;0;0;0;0;0;0;0;0;2715;0;0;89;0;80;0;
28006;4305604;1033596928;28344320;1122680832;0;0;0;0;0;0;0;0;0;0;0;3868;0;0;89;0;80;0;
28007;5806339;1033596928;28344320;1122680832;0;0;0;0;0;0;0;0;0;0;0;3767;0;0;89;0;80;0;
28008;4285437;1033596928;28344320;1122680832;0;0;0;0;0;0;0;0;0;0;0;3837;0;0;89;0;80;0;
28009;5653753;1033596928;28344320;1122680832;0;0;0;0;0;0;0;0;0;0;0;3536;0;0;89;0;80;0;
28010;4252375;1033596928;28344320;1122680832;0;0;0;0;0;0;0;0;0;0;0;4318;0;0;89;0;80;0;
28011;5098592;1033596928;28344320;1122680832;0;0;0;0;0;0;0;0;0;0;0;2895;0;0;89;0;80;0;
28012;5421828;1033596928;28344320;1122680832;0;0;0;0;0;0;0;0;0;0;0;3507;0;0;89;0;80;0;
28013;5061853;1033596928;28344320;1122680832;0;0;0;0;0;0;0;0;0;0;0;2955;0;0;89;0;80;0;
28014;4384182;1033596928;28344320;1122680832;0;0;0;0;0;0;0;0;0;0;0;3777;0;0;89;0;80;0;
28015;5794206;1033596928;28344320;1122680832;0;0;0;0;0;0;0;0;0;0;0;4448;0;0;89;0;80;0;
28016;4955733;1033596928;28344320;1122680832;0;0;0;0;0;0;0;0;0;0;0;3516;0;0;89;0;80;0;
28017;5297315;1033596928;28344320;1122680832;0;0;0;0;0;0;0;0;0;0;0;2816;0;0;89;0;80;0;
28018;5084876;1033596928;28344320;1122680832;0;0;0;0;0;0;0;0;0;0;0;3798;0;0;89;0;80;0;
28019;5798304;1033596928;28344320;1122680832;0;0;0;0;0;0;0;0;0;0;0;3276;0;0;89;0;80;0;
28020;4540585;1033596928;28344320;1122680832;0;0;0;0;0;0;0;0;0;0;0;3617;0;0;89;0;80;0;
28021;6317899;1033596928;28344320;1122680832;0;0;0;0;0;0;0;0;0;0;0;3817;0;0;89;0;80;0;
28022;5044861;1033596928;28344320;1122680832;0;0;0;0;0;0;0;0;0;0;0;3566;0;0;89;0;80;0;
28023;5589592;1033596928;28344320;1122680832;0;0;0;0;0;0;0;0;0;0;0;3957;0;0;89;0;80;0;
28024;4770286;1033596928;28344320;1122680832;0;0;0;0;0;0;0;0;0;0;0;3827;0;0;89;0;80;0;
28025;5540240;1033596928;28344320;1122680832;0;0;0;0;0;0;0;0;0;0;0;4318;0;0;89;0;80;0;
28026;4530376;1033596928;28344320;1122680832;0;0;0;0;0;0;0;0;0;0;0;3697;0;0;89;0;80;0;
28027;5863757;1033596928;28344320;1122680832;0;0;0;0;0;0;0;0;0;0;0;3697;0;0;89;0;80;0;
28028;5060030;1033596928;28344320;1122680832;0;0;0;0;0;0;0;0;0;0;0;3076;0;0;89;0;80;0;
28029;5626893;1033596928;28344320;1122680832;0;0;0;0;0;0;0;0;0;0;0;3827;0;0;89;0;80;0;
28030;4968698;1033596928;28344320;1122680832;0;0;0;0;0;0;0;0;0;0;0;3486;0;0;89;0;80;0;
28031;6295055;1033596928;28344320;1122680832;0;0;0;0;0;0;0;0;0;0;0;4448;0;0;89;0;80;0;
28032;4748525;1033596928;28344320;1122680832;0;0;0;0;0;0;0;0;0;0;0;3526;0;0;89;0;80;0;
28033;5554366;1033596928;28344320;1122680832;0;0;0;0;0;0;0;0;0;0;0;3096;0;0;89;0;80;0;
28034;5119200;1033596928;28344320;1122680832;0;0;0;0;0;0;0;0;0;0;0;3576;0;0;89;0;80;0;
28035;5100305;1033596928;28344320;1122680832;0;0;0;0;0;0;0;0;0;0;0;3947;0;0;89;0;80;0;
28036;4131307;1033596928;28344320;1122680832;0;0;0;0;0;0;0;0;0;0;0;3547;0;0;89;0;80;0;
28037;5796851;1033596928;28344320;1122680832;0;0;0;0;0;0;0;0;0;0;0;2955;0;0;89;0;80;0;
28038;5880248;1033596928;28344320;1122680832;0;0;0;0;0;0;0;0;0;0;0;3847;0;0;89;0;80;0;
28039;5725287;1033596928;28344320;1122680832;0;0;0;0;0;0;0;0;0;0;0;3707;0;0;89;0;80;0;
28040;5254945;1033596928;28344320;1122680832;0;0;0;0;0;0;0;0;0;0;0;3276;0;0;89;0;80;0;
28041;5461182;1033596928;28344320;1122680832;0;0;0;0;0;0;0;0;0;0;0;3216;0;0;89;0;80;0;
28042;4419077;1033596928;28344320;1122680832;0;0;0;0;0;0;0;0;0;0;0;3887;0;0;89;0;80;0;
28043;5368078;1033596928;28344320;1122680832;0;0;0;0;0;0;0;0;0;0;0;2805;0;0;89;0;80;0;
28044;6165513;1033596928;28344320;1122680832;0;0;0;0;0;0;0;0;0;0;0;3336;0;0;89;0;80;0;
28045;6056709;1033596928;28344320;1122680832;0;0;0;0;0;0;0;0;0;0;0;3186;0;0;89;0;80;0;
28046;5007461;1033596928;28344320;1122680832;0;0;0;0;0;0;0;0;0;0;0;3547;0;0;89;0;80;0;
28047;6318189;1033596928;28344320;1122680832;0;0;0;0;0;0;0;0;0;0;0;3737;0;0;89;0;80;0;
28048;5028941;1033596928;28344320;1122680832;0;0;0;0;0;0;0;0;0;0;0;3997;0;0;89;0;80;0;
28049;5534138;1033596928;28344320;1122680832;0;0;0;0;0;0;0;0;0;0;0;2875;0;0;89;0;80;0;
28050;5937155;1033596928;28344320;1122680832;0;0;0;0;0;0;0;0;0;0;0;3266;0;0;89;0;80;0;
28051;5298556;1033596928;28344320;1122680832;0;0;0;0;0;0;0;0;0;0;0;3096;0;0;89;0;80;0;
28052;6065505;1033596928;28344320;1122680832;0;0;0;0;0;0;0;0;0;0;0;3396;0;0;89;0;80;0;
28053;5477682;1033596928;28344320;1122680832;0;0;0;0;0;0;0;0;0;0;0;3487;0;0;89;0;80;0;
28054;5213878;1033596928;28344320;1122680832;0;0;0;0;0;0;0;0;0;0;0;4659;0;0;89;0;80;0;
28055;5439672;1033596928;28344320;1122680832;0;0;0;0;0;0;0;0;0;0;0;3627;0;0;89;0;80;0;
28056;4361039;1033596928;28344320;1122680832;0;0;0;0;0;0;0;0;0;0;0;3847;0;0;89;0;80;0;
28057;6172706;1033596928;28344320;1122680832;0;0;0;0;0;0;0;0;0;0;0;4158;0;0;89;0;80;0;
28058;5714758;1033596928;28344320;1122680832;0;0;0;0;0;0;0;0;0;0;0;4419;0;0;89;0;80;0;
28059;6074191;1033596928;28344320;1122680832;0;0;0;0;0;0;0;0;0;0;0;4228;0;0;89;0;80;0;
28060;4535035;1033596928;28344320;1122680832;0;0;0;0;0;0;0;0;0;0;0;3898;0;0;89;0;80;0;
28061;6167507;1033596928;28344320;1122680832;0;0;0;0;0;0;0;0;0;0;0;4318;0;0;89;0;80;0;
28062;3871771;1033596928;28344320;1122680832;0;0;0;0;0;0;0;0;0;0;0;4098;0;0;89;0;80;0;
28063;5268089;1033596928;28344320;1122680832;0;0;0;0;0;0;0;0;0;0;0;4378;0;0;89;0;80;0;
28064;4813888;1033596928;28344320;1122680832;0;0;0;0;0;0;0;0;0;0;0;4048;0;0;89;0;80;0;
28065;5339694;1033596928;28344320;1122680832;0;0;0;0;0;0;0;0;0;0;0;3116;0;0;89;0;80;0;
28066;5183271;1033596928;28344320;1122680832;0;0;0;0;0;0;0;0;0;0;0;4278;0;0;89;0;80;0;
28067;5787534;1033596928;28344320;1122680832;0;0;0;0;0;0;0;0;0;0;0;3267;0;0;89;0;80;0;
28068;4962797;1033596928;28344320;1122680832;0;0;0;0;0;0;0;0;0;0;0;3607;0;0;89;0;80;0;
28069;4931849;1033596928;28344320;1122680832;0;0;0;0;0;0;0;0;0;0;0;2895;0;0;89;0;80;0;
28070;4671932;1033596928;28344320;1122680832;0;0;0;0;0;0;0;0;0;0;0;3848;0;0;89;0;80;0;
28071;5142745;1033596928;28344320;1122680832;0;0;0;0;0;0;0;0;0;0;0;2605;0;0;89;0;80;0;
28072;3866782;1033596928;28344320;1122680832;0;0;0;0;0;0;0;0;0;0;0;3697;0;0;89;0;80;0;
28073;5678860;1033596928;28344320;1122680832;0;0;0;0;0;0;0;0;0;0;0;4048;0;0;89;0;80;0;
28074;4541517;1033596928;28344320;1122680832;0;0;0;0;0;0;0;0;0;0;0;3456;0;0;89;0;80;0;
28075;5521605;1033596928;28344320;1122680832;0;0;0;0;0;0;0;0;0;0;0;2735;0;0;89;0;80;0;
28076;5064327;1033596928;28344320;1122680832;0;0;0;0;0;0;0;0;0;0;0;4157;0;0;89;0;80;0;
28077;6952458;1033596928;28344320;1122680832;0;0;0;0;0;0;0;0;0;0;0;4759;0;0;89;0;80;0;
28078;4487425;1033596928;28344320;1122680832;0;0;0;0;0;0;0;0;0;0;0;3888;0;0;89;0;80;0;
28079;5307784;1033596928;28344320;1122680832;0;0;0;0;0;0;0;0;0;0;0;4468;0;0;89;0;80;0;
28080;4309131;1033596928;28344320;1122680832;0;0;0;0;0;0;0;0;0;0;0;3246;0;0;89;0;80;0;
28081;5504012;1033596928;28344320;1122680832;0;0;0;0;0;0;0;0;0;0;0;2985;0;0;89;0;80;0;
28082;5783787;1033596928;28344320;1122680832;0;0;0;0;0;0;0;0;0;0;0;3196;0;0;89;0;80;0;
28083;5741698;1033596928;28344320;1122680832;0;0;0;0;0;0;0;0;0;0;0;2846;0;0;89;0;80;0;
28084;5091418;1033596928;28344320;1122680832;0;0;0;0;0;0;0;0;0;0;0;3296;0;0;89;0;80;0;
28085;5405707;1033596928;28348416;1122684928;0;0;0;0;0;0;0;0;0;0;0;3727;0;0;89;0;80;0;
28086;5046374;1033596928;28352512;1122689024;0;0;0;0;0;0;0;0;0;0;0;3717;0;0;89;0;80;0;
28087;4971493;1033596928;28352512;1122689024;0;0;0;0;0;0;0;0;0;0;0;2886;0;0;89;0;80;0;
28088;5268120;1033596928;28352512;1122689024;0;0;0;0;0;0;0;0;0;0;0;4188;0;0;89;0;80;0;
28089;5039250;1033596928;28352512;1122689024;0;0;0;0;0;0;0;0;0;0;0;3446;0;0;89;0;80;0;
28090;4725883;1033596928;28352512;1122689024;0;0;0;0;0;0;0;0;0;0;0;4308;0;0;89;0;80;0;
28091;5063536;1033596928;28352512;1122689024;0;0;0;0;0;0;0;0;0;0;0;2765;0;0;89;0;80;0;
28092;3778797;1033596928;28344320;1122680832;0;0;0;0;0;0;0;0;0;0;0;5130;0;0;89;0;80;0;
28093;5887952;1033596928;28344320;1122680832;0;0;0;0;0;0;0;0;0;0;0;3096;0;0;89;0;80;0;
28094;3902809;1033596928;28344320;1122680832;0;0;0;0;0;0;0;0;0;0;0;3507;0;0;89;0;80;0;
28095;5575155;1033596928;28344320;1122680832;0;0;0;0;0;0;0;0;0;0;0;4268;0;0;89;0;80;0;
28096;4037813;1033596928;28344320;1122680832;0;0;0;0;0;0;0;0;0;0;0;3667;0;0;89;0;80;0;
28097;6229433;1033596928;28344320;1122680832;0;0;0;0;0;0;0;0;0;0;0;4258;0;0;89;0;80;0;
28098;4825971;1033596928;28344320;1122680832;0;0;0;0;0;0;0;0;0;0;0;3407;0;0;89;0;80;0;
28099;5693718;1033596928;28344320;1122680832;0;0;0;0;0;0;0;0;0;0;0;2665;0;0;89;0;80;0;
28100;5193600;1033596928;28344320;1122680832;0;0;0;0;0;0;0;0;0;0;0;3417;0;0;89;0;80;0;
28101;5669072;1033596928;28344320;1122680832;0;0;0;0;0;0;0;0;0;0;0;3146;0;0;89;0;80;0;
28102;4356860;1033596928;28344320;1122680832;0;0;0;0;0;0;0;0;0;0;0;3597;0;0;89;0;80;0;
28103;5743290;1033596928;28344320;1122680832;0;0;0;0;0;0;0;0;0;0;0;2856;0;0;89;0;80;0;
28104;4538391;1033596928;28344320;1122680832;0;0;0;0;0;0;0;0;0;0;0;3336;0;0;89;0;80;0;
28105;5109872;1033596928;28344320;1122680832;0;0;0;0;0;0;0;0;0;0;0;3286;0;0;89;0;80;0;
28106;4626105;1033596928;28344320;1122680832;0;0;0;0;0;0;0;0;0;0;0;3968;0;0;89;0;80;0;
28107;4847651;1033596928;28344320;1122680832;0;0;0;0;0;0;0;0;0;0;0;2986;0;0;89;0;80;0;
28108;4269768;1033596928;28344320;1122680832;0;0;0;0;0;0;0;0;0;0;0;3837;0;0;89;0;80;0;
28109;5577450;1033596928;28344320;1122680832;0;0;0;0;0;0;0;0;0;0;0;2946;0;0;89;0;80;0;
28110;4469111;1033596928;28344320;1122680832;0;0;0;0;0;0;0;0;0;0;0;3927;0;0;89;0;80;0;
28111;5708104;1033596928;28344320;1122680832;0;0;0;0;0;0;0;0;0;0;0;4248;0;0;89;0;80;0;
28112;4157117;1033596928;28344320;1122680832;0;0;0;0;0;0;0;0;0;0;0;3667;0;0;89;0;80;0;
28113;6418116;1033596928;28344320;1122680832;0;0;0;0;0;0;0;0;0;0;0;4508;0;0;89;0;80;0;
28114;4225645;1033596928;28344320;1122680832;0;0;0;0;0;0;0;0;0;0;0;3516;0;0;89;0;80;0;
28115;4839346;1033596928;28344320;1122680832;0;0;0;0;0;0;0;0;0;0;0;2856;0;0;89;0;80;0;
28116;4272914;1033596928;28344320;1122680832;0;0;0;0;0;0;0;0;0;0;0;3717;0;0;89;0;80;0;
28117;4848543;1033596928;28344320;1122680832;0;0;0;0;0;0;0;0;0;0;0;2916;0;0;89;0;80;0;
28118;4294625;1033596928;28344320;1122680832;0;0;0;0;0;0;0;0;0;0;0;5100;0;0;89;0;80;0;
28119;5661327;1033596928;28344320;1122680832;0;0;0;0;0;0;0;0;0;0;0;3356;0;0;89;0;80;0;
28120;4678424;1033596928;28344320;1122680832;0;0;0;0;0;0;0;0;0;0;0;4038;0;0;89;0;80;0;
28121;4906191;1033596928;28344320;1122680832;0;0;0;0;0;0;0;0;0;0;0;2865;0;0;89;0;80;0;
28122;4039656;1033596928;28344320;1122680832;0;0;0;0;0;0;0;0;0;0;0;4118;0;0;89;0;80;0;
28123;5237532;1033596928;28344320;1122680832;0;0;0;0;0;0;0;0;0;0;0;3567;0;0;89;0;80;0;
28124;4409008;1033596928;28344320;1122680832;0;0;0;0;0;0;0;0;0;0;0;3536;0;0;89;0;80;0;
28125;5284670;1033596928;28344320;1122680832;0;0;0;0;0;0;0;0;0;0;0;3226;0;0;89;0;80;0;
28126;4004080;1033596928;28344320;1122680832;0;0;0;0;0;0;0;0;0;0;0;4258;0;0;89;0;80;0;
28127;5608428;1033596928;28344320;1122680832;0;0;0;0;0;0;0;0;0;0;0;2835;0;0;89;0;80;0;
28128;5386953;1033596928;28344320;1122680832;0;0;0;0;0;0;0;0;0;0;0;3627;0;0;89;0;80;0;
28129;5379638;1033596928;28344320;1122680832;0;0;0;0;0;0;0;0;0;0;0;2634;0;0;89;0;80;0;
28130;5198900;1033596928;28344320;1122680832;0;0;0;0;0;0;0;0;0;0;0;3596;0;0;89;0;80;0;
28131;4851328;1033596928;28344320;1122680832;0;0;0;0;0;0;0;0;0;0;0;3216;0;0;89;0;80;0;
28132;4190028;1033596928;28344320;1122680832;0;0;0;0;0;0;0;0;0;0;0;3406;0;0;89;0;80;0;
28133;4984328;1033596928;28344320;1122680832;0;0;0;0;0;0;0;0;0;0;0;2835;0;0;89;0;80;0;
28134;4277472;1033596928;28344320;1122680832;0;0;0;0;0;0;0;0;0;0;0;3526;0;0;89;0;80;0;
28135;5795218;1033596928;28344320;1122680832;0;0;0;0;0;0;0;0;0;0;0;3747;0;0;89;0;80;0;
28136;4017695;1033596928;28344320;1122680832;0;0;0;0;0;0;0;0;0;0;0;4098;0;0;89;0;80;0;
28137;6028535;1033596928;28344320;1122680832;0;0;0;0;0;0;0;0;0;0;0;3246;0;0;89;0;80;0;
28138;4186221;1033596928;28344320;1122680832;0;0;0;0;0;0;0;0;0;0;0;3516;0;0;89;0;80;0;
28139;4966044;1033596928;28344320;1122680832;0;0;0;0;0;0;0;0;0;0;0;2845;0;0;89;0;80;0;
28140;5061171;1033596928;28344320;1122680832;0;0;0;0;0;0;0;0;0;0;0;3296;0;0;89;0;80;0;
28141;5756766;1033596928;28344320;1122680832;0;0;0;0;0;0;0;0;0;0;0;3687;0;0;89;0;80;0;
28142;4936889;1033596928;28344320;1122680832;0;0;0;0;0;0;0;0;0;0;0;4088;0;0;89;0;80;0;
28143;5198710;1033596928;28344320;1122680832;0;0;0;0;0;0;0;0;0;0;0;3006;0;0;89;0;80;0;
28144;4622669;1033596928;28344320;1122680832;0;0;0;0;0;0;0;0;0;0;0;3417;0;0;89;0;80;0;
28145;5085207;1033596928;28344320;1122680832;0;0;0;0;0;0;0;0;0;0;0;10339;0;0;89;0;80;0;
28146;4122041;1033596928;28344320;1122680832;0;0;0;0;0;0;0;0;0;0;0;3346;0;0;89;0;80;0;
28147;5730817;1033596928;28344320;1122680832;0;0;0;0;0;0;0;0;0;0;0;2955;0;0;89;0;80;0;
28148;5430054;1033596928;28344320;1122680832;0;0;0;0;0;0;0;0;0;0;0;4468;0;0;89;0;80;0;
28149;5189122;1033596928;28344320;1122680832;0;0;0;0;0;0;0;0;0;0;0;3387;0;0;89;0;80;0;
28150;5251318;1033596928;28344320;1122680832;0;0;0;0;0;0;0;0;0;0;0;4368;0;0;89;0;80;0;
28151;6118674;1033596928;28344320;1122680832;0;0;0;0;0;0;0;0;0;0;0;4699;0;0;89;0;80;0;
28152;3910073;1033596928;28344320;1122680832;0;0;0;0;0;0;0;0;0;0;0;4338;0;0;89;0;80;0;
28153;6585981;1033596928;28344320;1122680832;0;0;0;0;0;0;0;0;0;0;0;4128;0;0;89;0;80;0;
28154;3664783;1033596928;28344320;1122680832;0;0;0;0;0;0;0;0;0;0;0;3497;0;0;89;0;80;0;
28155;6091103;1033596928;28344320;1122680832;0;0;0;0;0;0;0;0;0;0;0;2685;0;0;89;0;80;0;
28156;3754010;1033596928;28344320;1122680832;0;0;0;0;0;0;0;0;0;0;0;3316;0;0;89;0;80;0;
28157;8462761;1033596928;28344320;1122680832;0;0;0;0;0;0;0;0;0;0;0;4198;0;0;89;0;80;0;
28158;9941865;1033596928;28344320;1122680832;0;0;0;0;0;0;0;0;0;0;0;3998;0;0;89;0;80;0;
28159;7025535;1033596928;28344320;1122680832;0;0;0;0;0;0;0;0;0;0;0;6412;0;0;89;0;80;0;
28160;4286769;1033596928;28344320;1122680832;0;0;0;0;0;0;0;0;0;0;0;3487;0;0;89;0;80;0;
28161;5661888;1033596928;28344320;1122680832;0;0;0;0;0;0;0;0;0;0;0;2665;0;0;89;0;80;0;
28162;5470118;1033596928;28344320;1122680832;0;0;0;0;0;0;0;0;0;0;0;3446;0;0;89;0;80;0;
28163;5455160;1033596928;28344320;1122680832;0;0;0;0;0;0;0;0;0;0;0;3026;0;0;89;0;80;0;
28164;5939399;1033596928;28344320;1122680832;0;0;0;0;0;0;0;0;0;0;0;3747;0;0;89;0;80;0;
28165;5885919;1033596928;28344320;1122680832;0;0;0;0;0;0;0;0;0;0;0;3436;0;0;89;0;80;0;
28166;5213327;1033596928;28344320;1122680832;0;0;0;0;0;0;0;0;0;0;0;4108;0;0;89;0;80;0;
28167;5550479;1033596928;28344320;1122680832;0;0;0;0;0;0;0;0;0;0;0;3166;0;0;89;0;80;0;
28168;5322612;1033596928;28344320;1122680832;0;0;0;0;0;0;0;0;0;0;0;3396;0;0;89;0;80;0;
28169;6040949;1033596928;28344320;1122680832;0;0;0;0;0;0;0;0;0;0;0;3106;0;0;89;0;80;0;
28170;4654339;1033596928;28344320;1122680832;0;0;0;0;0;0;0;0;0;0;0;3416;0;0;89;0;80;0;
28171;5298296;1033596928;28344320;1122680832;0;0;0;0;0;0;0;0;0;0;0;2835;0;0;89;0;80;0;
28172;5759601;1033596928;28344320;1122680832;0;0;0;0;0;0;0;0;0;0;0;3687;0;0;89;0;80;0;
28173;6002717;1033596928;28344320;1122680832;0;0;0;0;0;0;0;0;0;0;0;3426;0;0;89;0;80;0;
28174;5729565;1033596928;28344320;1122680832;0;0;0;0;0;0;0;0;0;0;0;3497;0;0;89;0;80;0;
28175;5600172;1033596928;28344320;1122680832;0;0;0;0;0;0;0;0;0;0;0;2916;0;0;89;0;80;0;
28176;5109462;1033596928;28344320;1122680832;0;0;0;0;0;0;0;0;0;0;0;3406;0;0;89;0;80;0;
28177;5161059;1033596928;28344320;1122680832;0;0;0;0;0;0;0;0;0;0;0;3236;0;0;89;0;80;0;
28178;4450125;1033596928;28344320;1122680832;0;0;0;0;0;0;0;0;0;0;0;3045;0;0;89;0;80;0;
28179;5992248;1033596928;28344320;1122680832;0;0;0;0;0;0;0;0;0;0;0;2946;0;0;89;0;80;0;
28180;5141713;1033596928;28344320;1122680832;0;0;0;0;0;0;0;0;0;0;0;3988;0;0;89;0;80;0;
28181;6738317;1033596928;28344320;1122680832;0;0;0;0;0;0;0;0;0;0;0;4338;0;0;89;0;80;0;
28182;5140561;1033596928;28344320;1122680832;0;0;0;0;0;0;0;0;0;0;0;4278;0;0;89;0;80;0;
28183;6103677;1033596928;28344320;1122680832;0;0;0;0;0;0;0;0;0;0;0;3908;0;0;89;0;80;0;
28184;4180561;1033596928;28344320;1122680832;0;0;0;0;0;0;0;0;0;0;0;3467;0;0;89;0;80;0;
28185;5954657;1033596928;28344320;1122680832;0;0;0;0;0;0;0;0;0;0;0;3416;0;0;89;0;80;0;
28186;5760593;1033596928;28344320;1122680832;0;0;0;0;0;0;0;0;0;0;0;3517;0;0;89;0;80;0;
28187;7640759;1033596928;28344320;1122680832;0;0;0;0;0;0;0;0;0;0;0;4408;0;0;89;0;80;0;
28188;4944012;1033596928;28344320;1122680832;0;0;0;0;0;0;0;0;0;0;0;3968;0;0;89;0;80;0;
28189;5631191;1033596928;28344320;1122680832;0;0;0;0;0;0;0;0;0;0;0;3857;0;0;89;0;80;0;
28190;4163959;1033596928;28344320;1122680832;0;0;0;0;0;0;0;0;0;0;0;3277;0;0;89;0;80;0;
28191;5828671;1033596928;28344320;1122680832;0;0;0;0;0;0;0;0;0;0;0;3437;0;0;89;0;80;0;
28192;4626918;1033596928;28344320;1122680832;0;0;0;0;0;0;0;0;0;0;0;3617;0;0;89;0;80;0;
28193;5297284;1033596928;28344320;1122680832;0;0;0;0;0;0;0;0;0;0;0;3026;0;0;89;0;80;0;
28194;5209760;1033596928;28344320;1122680832;0;0;0;0;0;0;0;0;0;0;0;3887;0;0;89;0;80;0;
28195;5615551;1033596928;28344320;1122680832;0;0;0;0;0;0;0;0;0;0;0;3186;0;0;89;0;80;0;
28196;5720138;1033596928;28344320;1122680832;0;0;0;0;0;0;0;0;0;0;0;4158;0;0;89;0;80;0;
28197;7338151;1033596928;28344320;1122680832;0;0;0;0;0;0;0;0;0;0;0;3797;0;0;89;0;80;0;
28198;7711222;1033596928;28344320;1122680832;0;0;0;0;0;0;0;0;0;0;0;4779;0;0;89;0;80;0;
28199;6524155;1033596928;28344320;1122680832;0;0;0;0;0;0;0;0;0;0;0;3938;0;0;89;0;80;0;
28200;6945335;1033596928;28344320;1122680832;0;0;0;0;0;0;0;0;0;0;0;4067;0;0;89;0;80;0;
28201;6044676;1033596928;28344320;1122680832;0;0;0;0;0;0;0;0;0;0;0;4208;0;0;89;0;80;0;
28202;5459268;1033596928;28344320;1122680832;0;0;0;0;0;0;0;0;0;0;0;3717;0;0;89;0;80;0;
28203;6779694;1033596928;28344320;1122680832;0;0;0;0;0;0;0;0;0;0;0;4469;0;0;89;0;80;0;
28204;4739698;1033596928;28344320;1122680832;0;0;0;0;0;0;0;0;0;0;0;4248;0;0;89;0;80;0;
28205;5791581;1033596928;28344320;1122680832;0;0;0;0;0;0;0;0;0;0;0;4488;0;0;89;0;80;0;
28206;4454884;1033596928;28344320;1122680832;0;0;0;0;0;0;0;0;0;0;0;3837;0;0;89;0;80;0;
28207;6219835;1033596928;28344320;1122680832;0;0;0;0;0;0;0;0;0;0;0;3737;0;0;89;0;80;0;
28208;4593946;1033596928;28344320;1122680832;0;0;0;0;0;0;0;0;0;0;0;3406;0;0;89;0;80;0;
28209;7503402;1033596928;28344320;1122680832;0;0;0;0;0;0;0;0;0;0;0;4278;0;0;89;0;80;0;
28210;6137710;1033596928;28344320;1122680832;0;0;0;0;0;0;0;0;0;0;0;4197;0;0;89;0;80;0;
28211;6912824;1033596928;28344320;1122680832;0;0;0;0;0;0;0;0;0;0;0;4018;0;0;89;0;80;0;
28212;5984073;1033596928;28344320;1122680832;0;0;0;0;0;0;0;0;0;0;0;4218;0;0;89;0;80;0;
28213;6365688;1033596928;28344320;1122680832;0;0;0;0;0;0;0;0;0;0;0;3297;0;0;89;0;80;0;
28214;6246875;1033596928;28344320;1122680832;0;0;0;0;0;0;0;0;0;0;0;5551;0;0;89;0;80;0;
28215;8748807;1033596928;28344320;1122680832;0;0;0;0;0;0;0;0;0;0;0;10360;0;0;89;0;80;0;
28216;5834983;1033596928;28344320;1122680832;0;0;0;0;0;0;0;0;0;0;0;4799;0;0;89;0;80;0;
28217;5977370;1033596928;28344320;1122680832;0;0;0;0;0;0;0;0;0;0;0;3126;0;0;89;0;80;0;
28218;8173288;1033596928;28344320;1122680832;0;0;0;0;0;0;0;0;0;0;0;3857;0;0;89;0;80;0;
28219;6421803;1033596928;28344320;1122680832;0;0;0;0;0;0;0;0;0;0;0;4448;0;0;89;0;80;0;
28220;5816317;1033596928;28344320;1122680832;0;0;0;0;0;0;0;0;0;0;0;3958;0;0;89;0;80;0;
28221;6335541;1033596928;28344320;1122680832;0;0;0;0;0;0;0;0;0;0;0;4849;0;0;89;0;80;0;
28222;5965538;1033596928;28344320;1122680832;0;0;0;0;0;0;0;0;0;0;0;4378;0;0;89;0;80;0;
28223;5674071;1033596928;28344320;1122680832;0;0;0;0;0;0;0;0;0;0;0;5290;0;0;89;0;80;0;
28224;6604155;1033596928;28344320;1122680832;0;0;0;0;0;0;0;0;0;0;0;4298;0;0;89;0;80;0;
28225;6349898;1033596928;28344320;1122680832;0;0;0;0;0;0;0;0;0;0;0;4779;0;0;89;0;80;0;
28226;6524226;1033596928;28344320;1122680832;0;0;0;0;0;0;0;0;0;0;0;4539;0;0;89;0;80;0;
28227;6223322;1033596928;28344320;1122680832;0;0;0;0;0;0;0;0;0;0;0;4378;0;0;89;0;80;0;
28228;6320383;1033596928;28344320;1122680832;0;0;0;0;0;0;0;0;0;0;0;4188;0;0;89;0;80;0;
28229;9648955;1033596928;28344320;1122680832;0;0;0;0;0;0;0;0;0;0;0;5751;0;0;89;0;80;0;
28230;6836250;1033596928;28344320;1122680832;0;0;0;0;0;0;0;0;0;0;0;4268;0;0;89;0;80;0;
28231;6169511;1033596928;28344320;1122680832;0;0;0;0;0;0;0;0;0;0;0;5431;0;0;89;0;80;0;
28232;5333172;1033596928;28344320;1122680832;0;0;0;0;0;0;0;0;0;0;0;4428;0;0;89;0;80;0;
28233;6455527;1033596928;28344320;1122680832;0;0;0;0;0;0;0;0;0;0;0;3908;0;0;89;0;80;0;
28234;6512253;1033596928;28344320;1122680832;0;0;0;0;0;0;0;0;0;0;0;4459;0;0;89;0;80;0;
28235;5719446;1033596928;28344320;1122680832;0;0;0;0;0;0;0;0;0;0;0;3577;0;0;89;0;80;0;
28236;4900500;1033596928;28344320;1122680832;0;0;0;0;0;0;0;0;0;0;0;3286;0;0;89;0;80;0;
28237;6352433;1033596928;28344320;1122680832;0;0;0;0;0;0;0;0;0;0;0;3406;0;0;89;0;80;0;
28238;6094249;1033596928;28344320;1122680832;0;0;0;0;0;0;0;0;0;0;0;4328;0;0;89;0;80;0;
28239;5869638;1033596928;28344320;1122680832;0;0;0;0;0;0;0;0;0;0;0;3537;0;0;89;0;80;0;
28240;6769155;1033596928;28344320;1122680832;0;0;0;0;0;0;0;0;0;0;0;3948;0;0;89;0;80;0;
28241;6109037;1033596928;28344320;1122680832;0;0;0;0;0;0;0;0;0;0;0;3316;0;0;89;0;80;0;
28242;5543716;1033596928;28344320;1122680832;0;0;0;0;0;0;0;0;0;0;0;3717;0;0;89;0;80;0;
28243;5380521;1033596928;28344320;1122680832;0;0;0;0;0;0;0;0;0;0;0;3617;0;0;89;0;80;0;
28244;6593025;1033596928;28344320;1122680832;0;0;0;0;0;0;0;0;0;0;0;3727;0;0;89;0;80;0;
28245;6330823;1033596928;28344320;1122680832;0;0;0;0;0;0;0;0;0;0;0;3406;0;0;89;0;80;0;
28246;5730246;1033596928;28344320;1122680832;0;0;0;0;0;0;0;0;0;0;0;4138;0;0;89;0;80;0;
28247;6249060;1033596928;28344320;1122680832;0;0;0;0;0;0;0;0;0;0;0;3998;0;0;89;0;80;0;
28248;6148681;1033596928;28344320;1122680832;0;0;0;0;0;0;0;0;0;0;0;4187;0;0;89;0;80;0;
28249;5877723;1033596928;28344320;1122680832;0;0;0;0;0;0;0;0;0;0;0;3486;0;0;89;0;80;0;
28250;6114487;1033596928;28344320;1122680832;0;0;0;0;0;0;0;0;0;0;0;3387;0;0;89;0;80;0;
28251;5678129;1033596928;28344320;1122680832;0;0;0;0;0;0;0;0;0;0;0;3757;0;0;89;0;80;0;
28252;5101678;1033596928;28344320;1122680832;0;0;0;0;0;0;0;0;0;0;0;4028;0;0;89;0;80;0;
28253;6279487;1033596928;28344320;1122680832;0;0;0;0;0;0;0;0;0;0;0;3716;0;0;89;0;80;0;
28254;5043108;1033596928;28344320;1122680832;0;0;0;0;0;0;0;0;0;0;0;3757;0;0;89;0;80;0;
28255;5331970;1033596928;28344320;1122680832;0;0;0;0;0;0;0;0;0;0;0;3817;0;0;89;0;80;0;
28256;6682131;1033596928;28344320;1122680832;0;0;0;0;0;0;0;0;0;0;0;4108;0;0;89;0;80;0;
28257;5313004;1033596928;28344320;1122680832;0;0;0;0;0;0;0;0;0;0;0;3236;0;0;89;0;80;0;
28258;4487796;1033596928;28344320;1122680832;0;0;0;0;0;0;0;0;0;0;0;3477;0;0;89;0;80;0;
28259;5502268;1033596928;28344320;1122680832;0;0;0;0;0;0;0;0;0;0;0;2956;0;0;89;0;80;0;
28260;5569806;1033596928;28344320;1122680832;0;0;0;0;0;0;0;0;0;0;0;3206;0;0;89;0;80;0;
28261;5600443;1033596928;28344320;1122680832;0;0;0;0;0;0;0;0;0;0;0;2685;0;0;89;0;80;0;
28262;6414770;1033596928;28344320;1122680832;0;0;0;0;0;0;0;0;0;0;0;4178;0;0;89;0;80;0;
28263;6464324;1033596928;28344320;1122680832;0;0;0;0;0;0;0;0;0;0;0;3707;0;0;89;0;80;0;
28264;4114897;1033596928;28344320;1122680832;0;0;0;0;0;0;0;0;0;0;0;3466;0;0;89;0;80;0;
28265;6464243;1033596928;28348416;1122684928;0;0;0;0;0;0;0;0;0;0;0;3737;0;0;89;0;80;0;
28266;5139779;1033596928;28352512;1122689024;0;0;0;0;0;0;0;0;0;0;0;3697;0;0;89;0;80;0;
28267;5052586;1033596928;28352512;1122689024;0;0;0;0;0;0;0;0;0;0;0;3446;0;0;89;0;80;0;
28268;5266837;1033596928;28352512;1122689024;0;0;0;0;0;0;0;0;0;0;0;3757;0;0;89;0;80;0;
28269;5237713;1033596928;28352512;1122689024;0;0;0;0;0;0;0;0;0;0;0;3236;0;0;89;0;80;0;
28270;4753965;1033596928;28352512;1122689024;0;0;0;0;0;0;0;0;0;0;0;3427;0;0;89;0;80;0;
28271;7220902;1033596928;28352512;1122689024;0;0;0;0;0;0;0;0;0;0;0;2995;0;0;89;0;80;0;
28272;4296338;1033596928;28344320;1122680832;0;0;0;0;0;0;0;0;0;0;0;3085;0;0;89;0;80;0;
28273;5106356;1033596928;28344320;1122680832;0;0;0;0;0;0;0;0;0;0;0;2996;0;0;89;0;80;0;
28274;4963609;1033596928;28344320;1122680832;0;0;0;0;0;0;0;0;0;0;0;4328;0;0;89;0;80;0;
28275;5174565;1033596928;28344320;1122680832;0;0;0;0;0;0;0;0;0;0;0;3146;0;0;89;0;80;0;
28276;5049109;1033596928;28344320;1122680832;0;0;0;0;0;0;0;0;0;0;0;4478;0;0;89;0;80;0;
28277;5575687;1033596928;28344320;1122680832;0;0;0;0;0;0;0;0;0;0;0;3376;0;0;89;0;80;0;
28278;5793405;1033596928;28344320;1122680832;0;0;0;0;0;0;0;0;0;0;0;3517;0;0;89;0;80;0;
28279;5262730;1033596928;28344320;1122680832;0;0;0;0;0;0;0;0;0;0;0;3166;0;0;89;0;80;0;
28280;4304212;1033596928;28344320;1122680832;0;0;0;0;0;0;0;0;0;0;0;3516;0;0;89;0;80;0;
28281;5279281;1033596928;28344320;1122680832;0;0;0;0;0;0;0;0;0;0;0;3226;0;0;89;0;80;0;
28282;3255164;1033596928;28344320;1122680832;0;0;0;0;0;0;0;0;0;0;0;2975;0;0;89;0;80;0;
28283;5873335;1033596928;28344320;1122680832;0;0;0;0;0;0;0;0;0;0;0;2885;0;0;89;0;80;0;
28284;3717561;1033596928;28344320;1122680832;0;0;0;0;0;0;0;0;0;0;0;3156;0;0;89;0;80;0;
28285;5498692;1033596928;28344320;1122680832;0;0;0;0;0;0;0;0;0;0;0;2825;0;0;89;0;80;0;
28286;4118093;1033596928;28344320;1122680832;0;0;0;0;0;0;0;0;0;0;0;3827;0;0;89;0;80;0;
28287;5657530;1033596928;28344320;1122680832;0;0;0;0;0;0;0;0;0;0;0;3095;0;0;89;0;80;0;
28288;4784873;1033596928;28344320;1122680832;0;0;0;0;0;0;0;0;0;0;0;3727;0;0;89;0;80;0;
28289;6080653;1033596928;28344320;1122680832;0;0;0;0;0;0;0;0;0;0;0;3056;0;0;89;0;80;0;
28290;5164164;1033596928;28344320;1122680832;0;0;0;0;0;0;0;0;0;0;0;3607;0;0;89;0;80;0;
28291;5359281;1033596928;28344320;1122680832;0;0;0;0;0;0;0;0;0;0;0;3246;0;0;89;0;80;0;
28292;4847561;1033596928;28344320;1122680832;0;0;0;0;0;0;0;0;0;0;0;3417;0;0;89;0;80;0;
28293;6111130;1033596928;28344320;1122680832;0;0;0;0;0;0;0;0;0;0;0;3056;0;0;89;0;80;0;
28294;5253573;1033596928;28344320;1122680832;0;0;0;0;0;0;0;0;0;0;0;3737;0;0;89;0;80;0;
28295;6110840;1033596928;28344320;1122680832;0;0;0;0;0;0;0;0;0;0;0;2996;0;0;89;0;80;0;
28296;5224187;1033596928;28344320;1122680832;0;0;0;0;0;0;0;0;0;0;0;3907;0;0;89;0;80;0;
28297;6766850;1033596928;28344320;1122680832;0;0;0;0;0;0;0;0;0;0;0;2716;0;0;89;0;80;0;
28298;4669126;1033596928;28344320;1122680832;0;0;0;0;0;0;0;0;0;0;0;3576;0;0;89;0;80;0;
28299;5407832;1033596928;28344320;1122680832;0;0;0;0;0;0;0;0;0;0;0;3386;0;0;89;0;80;0;
28300;4327125;1033596928;28344320;1122680832;0;0;0;0;0;0;0;0;0;0;0;3757;0;0;89;0;80;0;
28301;5609781;1033596928;28344320;1122680832;0;0;0;0;0;0;0;0;0;0;0;3076;0;0;89;0;80;0;
28302;4580982;1033596928;28344320;1122680832;0;0;0;0;0;0;0;0;0;0;0;3237;0;0;89;0;80;0;
28303;5782023;1033596928;28344320;1122680832;0;0;0;0;0;0;0;0;0;0;0;2905;0;0;89;0;80;0;
28304;4443783;1033596928;28344320;1122680832;0;0;0;0;0;0;0;0;0;0;0;3567;0;0;89;0;80;0;
28305;4954201;1033596928;28344320;1122680832;0;0;0;0;0;0;0;0;0;0;0;2735;0;0;89;0;80;0;
28306;6098928;1033596928;28344320;1122680832;0;0;0;0;0;0;0;0;0;0;0;3377;0;0;89;0;80;0;
28307;5445252;1033596928;28344320;1122680832;0;0;0;0;0;0;0;0;0;0;0;3317;0;0;89;0;80;0;
28308;4336653;1033596928;28344320;1122680832;0;0;0;0;0;0;0;0;0;0;0;3857;0;0;89;0;80;0;
28309;5234868;1033596928;28344320;1122680832;0;0;0;0;0;0;0;0;0;0;0;2755;0;0;89;0;80;0;
28310;4932971;1033596928;28344320;1122680832;0;0;0;0;0;0;0;0;0;0;0;4128;0;0;89;0;80;0;
28311;5964445;1033596928;28344320;1122680832;0;0;0;0;0;0;0;0;0;0;0;4990;0;0;89;0;80;0;
28312;4438684;1033596928;28344320;1122680832;0;0;0;0;0;0;0;0;0;0;0;4118;0;0;89;0;80;0;
28313;6705465;1033596928;28344320;1122680832;0;0;0;0;0;0;0;0;0;0;0;3807;0;0;89;0;80;0;
28314;4914547;1033596928;28344320;1122680832;0;0;0;0;0;0;0;0;0;0;0;4609;0;0;89;0;80;0;
28315;5455501;1033596928;28344320;1122680832;0;0;0;0;0;0;0;0;0;0;0;3186;0;0;89;0;80;0;
28316;6095973;1033596928;28344320;1122680832;0;0;0;0;0;0;0;0;0;0;0;4979;0;0;89;0;80;0;
28317;6706026;1033596928;28344320;1122680832;0;0;0;0;0;0;0;0;0;0;0;4298;0;0;89;0;80;0;
28318;4902985;1033596928;28344320;1122680832;0;0;0;0;0;0;0;0;0;0;0;4148;0;0;89;0;80;0;
28319;6869533;1033596928;28344320;1122680832;0;0;0;0;0;0;0;0;0;0;0;3496;0;0;89;0;80;0;
28320;4528623;1033596928;28344320;1122680832;0;0;0;0;0;0;0;0;0;0;0;3767;0;0;89;0;80;0;
28321;6201520;1033596928;28344320;1122680832;0;0;0;0;0;0;0;0;0;0;0;2925;0;0;89;0;80;0;
28322;4727045;1033596928;28344320;1122680832;0;0;0;0;0;0;0;0;0;0;0;3436;0;0;89;0;80;0;
28323;6616188;1033596928;28344320;1122680832;0;0;0;0;0;0;0;0;0;0;0;3216;0;0;89;0;80;0;
28324;4997362;1033596928;28344320;1122680832;0;0;0;0;0;0;0;0;0;0;0;3757;0;0;89;0;80;0;
28325;6684126;1033596928;28344320;1122680832;0;0;0;0;0;0;0;0;0;0;0;56987;0;0;89;0;80;0;
28326;3929319;1033596928;28344320;1122680832;0;0;0;0;0;0;0;0;0;0;0;2946;0;0;89;0;80;0;
28327;5854529;1033596928;28344320;1122680832;0;0;0;0;0;0;0;0;0;0;0;2915;0;0;89;0;80;0;
28328;5465540;1033596928;28344320;1122680832;0;0;0;0;0;0;0;0;0;0;0;3607;0;0;89;0;80;0;
28329;25931331;1033596928;28344320;1122680832;0;0;0;0;0;0;0;0;0;0;0;3997;0;0;89;0;80;0;
28330;6884962;1033596928;28344320;1122680832;0;0;0;0;0;0;0;0;0;0;0;4749;0;0;89;0;80;0;
28331;6865065;1033596928;28344320;1122680832;0;0;0;0;0;0;0;0;0;0;0;3797;0;0;89;0;80;0;
28332;4783150;1033596928;28344320;1122680832;0;0;0;0;0;0;0;0;0;0;0;3677;0;0;89;0;80;0;
28333;5142194;1033596928;28344320;1122680832;0;0;0;0;0;0;0;0;0;0;0;3487;0;0;89;0;80;0;
28334;6652807;1033596928;28344320;1122680832;0;0;0;0;0;0;0;0;0;0;0;4890;0;0;89;0;80;0;
28335;5713535;1033596928;28344320;1122680832;0;0;0;0;0;0;0;0;0;0;0;3507;0;0;89;0;80;0;
28336;6365317;1033596928;28344320;1122680832;0;0;0;0;0;0;0;0;0;0;0;44583;0;0;89;0;80;0;
28337;5664664;1033596928;28344320;1122680832;0;0;0;0;0;0;0;0;0;0;0;2836;0;0;89;0;80;0;
28338;4796796;1033596928;28344320;1122680832;0;0;0;0;0;0;0;0;0;0;0;3727;0;0;89;0;80;0;
28339;6469072;1033596928;28344320;1122680832;0;0;0;0;0;0;0;0;0;0;0;3406;0;0;89;0;80;0;
28340;4707748;1033596928;28344320;1122680832;0;0;0;0;0;0;0;0;0;0;0;3907;0;0;89;0;80;0;
28341;6098927;1033596928;28344320;1122680832;0;0;0;0;0;0;0;0;0;0;0;2435;0;0;89;0;80;0;
28342;4334880;1033596928;28344320;1122680832;0;0;0;0;0;0;0;0;0;0;0;3917;0;0;89;0;80;0;
28343;5287686;1033596928;28344320;1122680832;0;0;0;0;0;0;0;0;0;0;0;2765;0;0;89;0;80;0;
28344;4445036;1033596928;28344320;1122680832;0;0;0;0;0;0;0;0;0;0;0;3266;0;0;89;0;80;0;
28345;5584673;1033596928;28344320;1122680832;0;0;0;0;0;0;0;0;0;0;0;2745;0;0;89;0;80;0;
28346;5021387;1033596928;28344320;1122680832;0;0;0;0;0;0;0;0;0;0;0;3026;0;0;89;0;80;0;
28347;5594993;1033596928;28344320;1122680832;0;0;0;0;0;0;0;0;0;0;0;2785;0;0;89;0;80;0;
28348;5302193;1033596928;28344320;1122680832;0;0;0;0;0;0;0;0;0;0;0;10279;0;0;89;0;80;0;
28349;5537756;1033596928;28344320;1122680832;0;0;0;0;0;0;0;0;0;0;0;3717;0;0;89;0;80;0;
28350;4794491;1033596928;28344320;1122680832;0;0;0;0;0;0;0;0;0;0;0;3657;0;0;89;0;80;0;
28351;5047866;1033596928;28344320;1122680832;0;0;0;0;0;0;0;0;0;0;0;3075;0;0;89;0;80;0;
28352;6201490;1033596928;28344320;1122680832;0;0;0;0;0;0;0;0;0;0;0;3546;0;0;89;0;80;0;
28353;5566329;1033596928;28344320;1122680832;0;0;0;0;0;0;0;0;0;0;0;2885;0;0;89;0;80;0;
28354;3811709;1033596928;28344320;1122680832;0;0;0;0;0;0;0;0;0;0;0;4168;0;0;89;0;80;0;
28355;5919170;1033596928;28344320;1122680832;0;0;0;0;0;0;0;0;0;0;0;3737;0;0;89;0;80;0;
28356;3846413;1033596928;28344320;1122680832;0;0;0;0;0;0;0;0;0;0;0;4098;0;0;89;0;80;0;
28357;5153115;1033596928;28344320;1122680832;0;0;0;0;0;0;0;0;0;0;0;2826;0;0;89;0;80;0;
28358;4431350;1033596928;28344320;1122680832;0;0;0;0;0;0;0;0;0;0;0;3466;0;0;89;0;80;0;
28359;5205062;1033596928;28344320;1122680832;0;0;0;0;0;0;0;0;0;0;0;3536;0;0;89;0;80;0;
28360;4845787;1033596928;28344320;1122680832;0;0;0;0;0;0;0;0;0;0;0;3687;0;0;89;0;80;0;
28361;6194958;1033596928;28344320;1122680832;0;0;0;0;0;0;0;0;0;0;0;3316;0;0;89;0;80;0;
28362;5165166;1033596928;28344320;1122680832;0;0;0;0;0;0;0;0;0;0;0;4168;0;0;89;0;80;0;
28363;6182635;1033596928;28344320;1122680832;0;0;0;0;0;0;0;0;0;0;0;3466;0;0;89;0;80;0;
28364;6723048;1033596928;28344320;1122680832;0;0;0;0;0;0;0;0;0;0;0;3997;0;0;89;0;80;0;
28365;5492180;1033596928;28344320;1122680832;0;0;0;0;0;0;0;0;0;0;0;3517;0;0;89;0;80;0;
28366;4667483;1033596928;28344320;1122680832;0;0;0;0;0;0;0;0;0;0;0;3737;0;0;89;0;80;0;
28367;5845653;1033596928;28344320;1122680832;0;0;0;0;0;0;0;0;0;0;0;2775;0;0;89;0;80;0;
28368;4724320;1033596928;28344320;1122680832;0;0;0;0;0;0;0;0;0;0;0;3366;0;0;89;0;80;0;
28369;5480127;1033596928;28344320;1122680832;0;0;0;0;0;0;0;0;0;0;0;2735;0;0;89;0;80;0;
28370;5531704;1033596928;28344320;1122680832;0;0;0;0;0;0;0;0;0;0;0;3116;0;0;89;0;80;0;
28371;4795473;1033596928;28344320;1122680832;0;0;0;0;0;0;0;0;0;0;0;2936;0;0;89;0;80;0;
28372;3804736;1033596928;28344320;1122680832;0;0;0;0;0;0;0;0;0;0;0;3436;0;0;89;0;80;0;
28373;5672739;1033596928;28344320;1122680832;0;0;0;0;0;0;0;0;0;0;0;2905;0;0;89;0;80;0;
28374;5081650;1033596928;28344320;1122680832;0;0;0;0;0;0;0;0;0;0;0;3436;0;0;89;0;80;0;
28375;5850161;1033596928;28344320;1122680832;0;0;0;0;0;0;0;0;0;0;0;3217;0;0;89;0;80;0;
28376;5773428;1033596928;28344320;1122680832;0;0;0;0;0;0;0;0;0;0;0;3286;0;0;89;0;80;0;
28377;5695401;1033596928;28344320;1122680832;0;0;0;0;0;0;0;0;0;0;0;3937;0;0;89;0;80;0;
28378;5981577;1033596928;28344320;1122680832;0;0;0;0;0;0;0;0;0;0;0;4037;0;0;89;0;80;0;
28379;6392488;1033596928;28344320;1122680832;0;0;0;0;0;0;0;0;0;0;0;3837;0;0;89;0;80;0;
28380;6457710;1033596928;28344320;1122680832;0;0;0;0;0;0;0;0;0;0;0;3857;0;0;89;0;80;0;
28381;5610391;1033596928;28344320;1122680832;0;0;0;0;0;0;0;0;0;0;0;4388;0;0;89;0;80;0;
28382;5572461;1033596928;28344320;1122680832;0;0;0;0;0;0;0;0;0;0;0;3938;0;0;89;0;80;0;
28383;5617355;1033596928;28344320;1122680832;0;0;0;0;0;0;0;0;0;0;0;2936;0;0;89;0;80;0;
28384;4442471;1033596928;28344320;1122680832;0;0;0;0;0;0;0;0;0;0;0;3667;0;0;89;0;80;0;
28385;5880718;1033596928;28344320;1122680832;0;0;0;0;0;0;0;0;0;0;0;3566;0;0;89;0;80;0;
28386;5149367;1033596928;28344320;1122680832;0;0;0;0;0;0;0;0;0;0;0;4278;0;0;89;0;80;0;
28387;6133433;1033596928;28344320;1122680832;0;0;0;0;0;0;0;0;0;0;0;3737;0;0;89;0;80;0;
28388;6764496;1033596928;28344320;1122680832;0;0;0;0;0;0;0;0;0;0;0;3747;0;0;89;0;80;0;
28389;5670795;1033596928;28344320;1122680832;0;0;0;0;0;0;0;0;0;0;0;3546;0;0;89;0;80;0;
28390;7905676;1033596928;28344320;1122680832;0;0;0;0;0;0;0;0;0;0;0;4197;0;0;89;0;80;0;
28391;6631707;1033596928;28344320;1122680832;0;0;0;0;0;0;0;0;0;0;0;2966;0;0;89;0;80;0;
28392;5138426;1033596928;28344320;1122680832;0;0;0;0;0;0;0;0;0;0;0;4398;0;0;89;0;80;0;
28393;6320022;1033596928;28344320;1122680832;0;0;0;0;0;0;0;0;0;0;0;2976;0;0;89;0;80;0;
28394;5973553;1033596928;28344320;1122680832;0;0;0;0;0;0;0;0;0;0;0;4358;0;0;89;0;80;0;
28395;5887832;1033596928;28344320;1122680832;0;0;0;0;0;0;0;0;0;0;0;3156;0;0;89;0;80;0;
28396;5072362;1033596928;28344320;1122680832;0;0;0;0;0;0;0;0;0;0;0;4088;0;0;89;0;80;0;
28397;6285147;1033596928;28344320;1122680832;0;0;0;0;0;0;0;0;0;0;0;3035;0;0;89;0;80;0;
28398;4134604;1033596928;28344320;1122680832;0;0;0;0;0;0;0;0;0;0;0;3226;0;0;89;0;80;0;
28399;7460511;1033596928;28344320;1122680832;0;0;0;0;0;0;0;0;0;0;0;3687;0;0;89;0;80;0;
28400;4535365;1033596928;28344320;1122680832;0;0;0;0;0;0;0;0;0;0;0;3327;0;0;89;0;80;0;
28401;6068070;1033596928;28344320;1122680832;0;0;0;0;0;0;0;0;0;0;0;3296;0;0;89;0;80;0;
28402;5162732;1033596928;28344320;1122680832;0;0;0;0;0;0;0;0;0;0;0;4859;0;0;89;0;80;0;
28403;6186382;1033596928;28344320;1122680832;0;0;0;0;0;0;0;0;0;0;0;3436;0;0;89;0;80;0;
28404;6409079;1033596928;28344320;1122680832;0;0;0;0;0;0;0;0;0;0;0;4318;0;0;89;0;80;0;
28405;6219043;1033596928;28344320;1122680832;0;0;0;0;0;0;0;0;0;0;0;3035;0;0;89;0;80;0;
28406;6269017;1033596928;28344320;1122680832;0;0;0;0;0;0;0;0;0;0;0;4278;0;0;89;0;80;0;
28407;5514301;1033596928;28344320;1122680832;0;0;0;0;0;0;0;0;0;0;0;3486;0;0;89;0;80;0;
28408;6623141;1033596928;28344320;1122680832;0;0;0;0;0;0;0;0;0;0;0;4218;0;0;89;0;80;0;
28409;5493823;1033596928;28344320;1122680832;0;0;0;0;0;0;0;0;0;0;0;3506;0;0;89;0;80;0;
28410;5411389;1033596928;28344320;1122680832;0;0;0;0;0;0;0;0;0;0;0;3246;0;0;89;0;80;0;
28411;6584088;1033596928;28344320;1122680832;0;0;0;0;0;0;0;0;0;0;0;3096;0;0;89;0;80;0;
28412;5240247;1033596928;28344320;1122680832;0;0;0;0;0;0;0;0;0;0;0;3146;0;0;89;0;80;0;
28413;5274301;1033596928;28344320;1122680832;0;0;0;0;0;0;0;0;0;0;0;2846;0;0;89;0;80;0;
28414;5348129;1033596928;28344320;1122680832;0;0;0;0;0;0;0;0;0;0;0;3226;0;0;89;0;80;0;
28415;5147503;1033596928;28344320;1122680832;0;0;0;0;0;0;0;0;0;0;0;2795;0;0;89;0;80;0;
28416;4404540;1033596928;28344320;1122680832;0;0;0;0;0;0;0;0;0;0;0;4058;0;0;89;0;80;0;
28417;5001960;1033596928;28344320;1122680832;0;0;0;0;0;0;0;0;0;0;0;2375;0;0;89;0;80;0;
28418;4612860;1033596928;28344320;1122680832;0;0;0;0;0;0;0;0;0;0;0;3607;0;0;89;0;80;0;
28419;5490657;1033596928;28344320;1122680832;0;0;0;0;0;0;0;0;0;0;0;2725;0;0;89;0;80;0;
28420;5406149;1033596928;28344320;1122680832;0;0;0;0;0;0;0;0;0;0;0;3587;0;0;89;0;80;0;
28421;5753289;1033596928;28344320;1122680832;0;0;0;0;0;0;0;0;0;0;0;3065;0;0;89;0;80;0;
28422;5228876;1033596928;28344320;1122680832;0;0;0;0;0;0;0;0;0;0;0;3336;0;0;89;0;80;0;
28423;5604952;1033596928;28344320;1122680832;0;0;0;0;0;0;0;0;0;0;0;3035;0;0;89;0;80;0;
28424;5172620;1033596928;28344320;1122680832;0;0;0;0;0;0;0;0;0;0;0;3657;0;0;89;0;80;0;
28425;5836766;1033596928;28344320;1122680832;0;0;0;0;0;0;0;0;0;0;0;2905;0;0;89;0;80;0;
28426;5439621;1033596928;28344320;1122680832;0;0;0;0;0;0;0;0;0;0;0;4248;0;0;89;0;80;0;
28427;5857125;1033596928;28344320;1122680832;0;0;0;0;0;0;0;0;0;0;0;3126;0;0;89;0;80;0;
28428;3753700;1033596928;28344320;1122680832;0;0;0;0;0;0;0;0;0;0;0;3907;0;0;89;0;80;0;
28429;6468130;1033596928;28344320;1122680832;0;0;0;0;0;0;0;0;0;0;0;3426;0;0;89;0;80;0;
28430;4509678;1033596928;28344320;1122680832;0;0;0;0;0;0;0;0;0;0;0;4047;0;0;89;0;80;0;
28431;6095211;1033596928;28344320;1122680832;0;0;0;0;0;0;0;0;0;0;0;3747;0;0;89;0;80;0;
28432;5787945;1033596928;28344320;1122680832;0;0;0;0;0;0;0;0;0;0;0;3988;0;0;89;0;80;0;
28433;6666342;1033596928;28344320;1122680832;0;0;0;0;0;0;0;0;0;0;0;10199;0;0;89;0;80;0;
28434;4310184;1033596928;28344320;1122680832;0;0;0;0;0;0;0;0;0;0;0;4218;0;0;89;0;80;0;
28435;6380486;1033596928;28344320;1122680832;0;0;0;0;0;0;0;0;0;0;0;2906;0;0;89;0;80;0;
28436;5536944;1033596928;28344320;1122680832;0;0;0;0;0;0;0;0;0;0;0;3848;0;0;89;0;80;0;
28437;6975332;1033596928;28344320;1122680832;0;0;0;0;0;0;0;0;0;0;0;3967;0;0;89;0;80;0;
28438;7223908;1033596928;28344320;1122680832;0;0;0;0;0;0;0;0;0;0;0;4959;0;0;89;0;80;0;
28439;6186091;1033596928;28344320;1122680832;0;0;0;0;0;0;0;0;0;0;0;3747;0;0;89;0;80;0;
28440;6532952;1033596928;28344320;1122680832;0;0;0;0;0;0;0;0;0;0;0;4138;0;0;89;0;80;0;
28441;6012276;1033596928;28344320;1122680832;0;0;0;0;0;0;0;0;0;0;0;3526;0;0;89;0;80;0;
28442;4128202;1033596928;28344320;1122680832;0;0;0;0;0;0;0;0;0;0;0;3376;0;0;89;0;80;0;
28443;6344458;1033596928;28344320;1122680832;0;0;0;0;0;0;0;0;0;0;0;3065;0;0;89;0;80;0;
28444;4405421;1033596928;28344320;1122680832;0;0;0;0;0;0;0;0;0;0;0;3887;0;0;89;0;80;0;
28445;6965322;1033596928;28344320;1122680832;0;0;0;0;0;0;0;0;0;0;0;3196;0;0;89;0;80;0;
28446;4384903;1033596928;28344320;1122680832;0;0;0;0;0;0;0;0;0;0;0;3387;0;0;89;0;80;0;
28447;5782545;1033596928;28344320;1122680832;0;0;0;0;0;0;0;0;0;0;0;3937;0;0;89;0;80;0;
28448;5853938;1033596928;28344320;1122680832;0;0;0;0;0;0;0;0;0;0;0;3777;0;0;89;0;80;0;
28449;5316481;1033596928;28344320;1122680832;0;0;0;0;0;0;0;0;0;0;0;2615;0;0;89;0;80;0;
28450;7149508;1033596928;28344320;1122680832;0;0;0;0;0;0;0;0;0;0;0;3987;0;0;89;0;80;0;
28451;5784368;1033596928;28344320;1122680832;0;0;0;0;0;0;0;0;0;0;0;3406;0;0;89;0;80;0;
28452;5943296;1033596928;28344320;1122680832;0;0;0;0;0;0;0;0;0;0;0;3556;0;0;89;0;80;0;
28453;6038956;1033596928;28344320;1122680832;0;0;0;0;0;0;0;0;0;0;0;3377;0;0;89;0;80;0;
28454;4460815;1033596928;28344320;1122680832;0;0;0;0;0;0;0;0;0;0;0;3186;0;0;89;0;80;0;
28455;5447967;1033596928;28344320;1122680832;0;0;0;0;0;0;0;0;0;0;0;8666;0;0;89;0;80;0;
28456;5626262;1033596928;28344320;1122680832;0;0;0;0;0;0;0;0;0;0;0;4368;0;0;89;0;80;0;
28457;6473290;1033596928;28344320;1122680832;0;0;0;0;0;0;0;0;0;0;0;3506;0;0;89;0;80;0;
28458;8440018;1033596928;28344320;1122680832;0;0;0;0;0;0;0;0;0;0;0;4929;0;0;89;0;80;0;
28459;6880874;1033596928;28344320;1122680832;0;0;0;0;0;0;0;0;0;0;0;4528;0;0;89;0;80;0;
28460;7492000;1033596928;28344320;1122680832;0;0;0;0;0;0;0;0;0;0;0;5090;0;0;89;0;80;0;
28461;7318054;1033596928;28344320;1122680832;0;0;0;0;0;0;0;0;0;0;0;4368;0;0;89;0;80;0;
28462;7344524;1033596928;28344320;1122680832;0;0;0;0;0;0;0;0;0;0;0;4809;0;0;89;0;80;0;
28463;5475228;1033596928;28344320;1122680832;0;0;0;0;0;0;0;0;0;0;0;3577;0;0;89;0;80;0;
28464;7408404;1033596928;28344320;1122680832;0;0;0;0;0;0;0;0;0;0;0;3596;0;0;89;0;80;0;
28465;7723505;1033596928;28344320;1122680832;0;0;0;0;0;0;0;0;0;0;0;3176;0;0;89;0;80;0;
28466;6325994;1033596928;28344320;1122680832;0;0;0;0;0;0;0;0;0;0;0;4168;0;0;89;0;80;0;
28467;6003178;1033596928;28344320;1122680832;0;0;0;0;0;0;0;0;0;0;0;2886;0;0;89;0;80;0;
28468;5871141;1033596928;28344320;1122680832;0;0;0;0;0;0;0;0;0;0;0;3547;0;0;89;0;80;0;
28469;6049846;1033596928;28344320;1122680832;0;0;0;0;0;0;0;0;0;0;0;3397;0;0;89;0;80;0;
28470;6325903;1033596928;28344320;1122680832;0;0;0;0;0;0;0;0;0;0;0;3847;0;0;89;0;80;0;
28471;6758806;1033596928;28344320;1122680832;0;0;0;0;0;0;0;0;0;0;0;2996;0;0;89;0;80;0;
28472;5747208;1033596928;28344320;1122680832;0;0;0;0;0;0;0;0;0;0;0;3477;0;0;89;0;80;0;
28473;8111963;1033596928;28344320;1122680832;0;0;0;0;0;0;0;0;0;0;0;2755;0;0;89;0;80;0;
28474;4416623;1033596928;28344320;1122680832;0;0;0;0;0;0;0;0;0;0;0;3727;0;0;89;0;80;0;
28475;7163825;1033596928;28344320;1122680832;0;0;0;0;0;0;0;0;0;0;0;3567;0;0;89;0;80;0;
28476;5150409;1033596928;28344320;1122680832;0;0;0;0;0;0;0;0;0;0;0;3997;0;0;89;0;80;0;
28477;5529059;1033596928;28344320;1122680832;0;0;0;0;0;0;0;0;0;0;0;3356;0;0;89;0;80;0;
28478;6639451;1033596928;28344320;1122680832;0;0;0;0;0;0;0;0;0;0;0;4458;0;0;89;0;80;0;
28479;6296308;1033596928;28344320;1122680832;0;0;0;0;0;0;0;0;0;0;0;3858;0;0;89;0;80;0;
28480;4855596;1033596928;28344320;1122680832;0;0;0;0;0;0;0;0;0;0;0;2985;0;0;89;0;80;0;
28481;6289465;1033596928;28344320;1122680832;0;0;0;0;0;0;0;0;0;0;0;3356;0;0;89;0;80;0;
28482;4983997;1033596928;28344320;1122680832;0;0;0;0;0;0;0;0;0;0;0;2925;0;0;89;0;80;0;
28483;7354202;1033596928;28344320;1122680832;0;0;0;0;0;0;0;0;0;0;0;3246;0;0;89;0;80;0;
28484;4688563;1033596928;28344320;1122680832;0;0;0;0;0;0;0;0;0;0;0;3707;0;0;89;0;80;0;
28485;5723684;1033596928;28344320;1122680832;0;0;0;0;0;0;0;0;0;0;0;3266;0;0;89;0;80;0;
28486;4413657;1033596928;28344320;1122680832;0;0;0;0;0;0;0;0;0;0;0;3988;0;0;89;0;80;0;
28487;5764270;1033596928;28344320;1122680832;0;0;0;0;0;0;0;0;0;0;0;3226;0;0;89;0;80;0;
28488;4568448;1033596928;28344320;1122680832;0;0;0;0;0;0;0;0;0;0;0;3667;0;0;89;0;80;0;
28489;5363959;1033596928;28344320;1122680832;0;0;0;0;0;0;0;0;0;0;0;3266;0;0;89;0;80;0;
28490;5398314;1033596928;28344320;1122680832;0;0;0;0;0;0;0;0;0;0;0;4418;0;0;89;0;80;0;
28491;6327527;1033596928;28344320;1122680832;0;0;0;0;0;0;0;0;0;0;0;3656;0;0;89;0;80;0;
28492;8092357;1033596928;28344320;1122680832;0;0;0;0;0;0;0;0;0;0;0;4549;0;0;89;0;80;0;
28493;7483936;1033596928;28344320;1122680832;0;0;0;0;0;0;0;0;0;0;0;5010;0;0;89;0;80;0;
28494;5513340;1033596928;28344320;1122680832;0;0;0;0;0;0;0;0;0;0;0;4358;0;0;89;0;80;0;
28495;6361761;1033596928;28344320;1122680832;0;0;0;0;0;0;0;0;0;0;0;4809;0;0;89;0;80;0;
28496;6692241;1033596928;28344320;1122680832;0;0;0;0;0;0;0;0;0;0;0;4609;0;0;89;0;80;0;
28497;6990410;1033596928;28344320;1122680832;0;0;0;0;0;0;0;0;0;0;0;4208;0;0;89;0;80;0;
28498;6202001;1033596928;28344320;1122680832;0;0;0;0;0;0;0;0;0;0;0;3717;0;0;89;0;80;0;
28499;5841696;1033596928;28344320;1122680832;0;0;0;0;0;0;0;0;0;0;0;3025;0;0;89;0;80;0;
28500;7670385;1033596928;28344320;1122680832;0;0;0;0;0;0;0;0;0;0;0;4768;0;0;89;0;80;0;
28501;11568064;1033596928;28344320;1122680832;0;0;0;0;0;0;0;0;0;0;0;3938;0;0;89;0;80;0;
28502;9501689;1033596928;28344320;1122680832;0;0;0;0;0;0;0;0;0;0;0;5130;0;0;89;0;80;0;
28503;6770918;1033596928;28344320;1122680832;0;0;0;0;0;0;0;0;0;0;0;5330;0;0;89;0;80;0;
28504;7297466;1033596928;28344320;1122680832;0;0;0;0;0;0;0;0;0;0;0;3707;0;0;89;0;80;0;
28505;7850212;1033596928;28344320;1122680832;0;0;0;0;0;0;0;0;0;0;0;3426;0;0;89;0;80;0;
28506;8718941;1033596928;28344320;1122680832;0;0;0;0;0;0;0;0;0;0;0;5310;0;0;89;0;80;0;
28507;6381598;1033596928;28344320;1122680832;0;0;0;0;0;0;0;0;0;0;0;4488;0;0;89;0;80;0;
28508;8420762;1033596928;28344320;1122680832;0;0;0;0;0;0;0;0;0;0;0;4087;0;0;89;0;80;0;
28509;6565603;1033596928;28344320;1122680832;0;0;0;0;0;0;0;0;0;0;0;4779;0;0;89;0;80;0;
28510;6408919;1033596928;28344320;1122680832;0;0;0;0;0;0;0;0;0;0;0;3857;0;0;89;0;80;0;
28511;6546998;1033596928;28344320;1122680832;0;0;0;0;0;0;0;0;0;0;0;3507;0;0;89;0;80;0;
28512;8048654;1033596928;28344320;1122680832;0;0;0;0;0;0;0;0;0;0;0;4749;0;0;89;0;80;0;
28513;6812266;1033596928;28344320;1122680832;0;0;0;0;0;0;0;0;0;0;0;4068;0;0;89;0;80;0;
28514;9123650;1033596928;28344320;1122680832;0;0;0;0;0;0;0;0;0;0;0;4528;0;0;89;0;80;0;
28515;6991953;1033596928;28344320;1122680832;0;0;0;0;0;0;0;0;0;0;0;4258;0;0;89;0;80;0;
28516;7408043;1033596928;28344320;1122680832;0;0;0;0;0;0;0;0;0;0;0;4960;0;0;89;0;80;0;
28517;7562863;1033596928;28344320;1122680832;0;0;0;0;0;0;0;0;0;0;0;4198;0;0;89;0;80;0;
28518;7382515;1033596928;28344320;1122680832;0;0;0;0;0;0;0;0;0;0;0;4939;0;0;89;0;80;0;
28519;7012711;1033596928;28344320;1122680832;0;0;0;0;0;0;0;0;0;0;0;3897;0;0;89;0;80;0;
28520;8992524;1033596928;28344320;1122680832;0;0;0;0;0;0;0;0;0;0;0;4027;0;0;89;0;80;0;
28521;7192298;1033596928;28348416;1122684928;0;0;0;0;0;0;0;0;0;0;0;4699;0;0;89;0;80;0;
28522;8447181;1033596928;28352512;1122689024;0;0;0;0;0;0;0;0;0;0;0;4528;0;0;89;0;80;0;
28523;8673746;1033596928;28352512;1122689024;0;0;0;0;0;0;0;0;0;0;0;4869;0;0;89;0;80;0;
28524;7695181;1033596928;28352512;1122689024;0;0;0;0;0;0;0;0;0;0;0;4348;0;0;89;0;80;0;
28525;7276566;1033596928;28352512;1122689024;0;0;0;0;0;0;0;0;0;0;0;3627;0;0;89;0;80;0;
28526;5576078;1033596928;28352512;1122689024;0;0;0;0;0;0;0;0;0;0;0;3526;0;0;89;0;80;0;
28527;7064819;1033596928;28352512;1122689024;0;0;0;0;0;0;0;0;0;0;0;4459;0;0;89;0;80;0;
28528;6505170;1033596928;28344320;1122680832;0;0;0;0;0;0;0;0;0;0;0;3847;0;0;89;0;80;0;
28529;6121650;1033596928;28344320;1122680832;0;0;0;0;0;0;0;0;0;0;0;4208;0;0;89;0;80;0;
28530;7035734;1033596928;28344320;1122680832;0;0;0;0;0;0;0;0;0;0;0;3977;0;0;89;0;80;0;
28531;8022936;1033596928;28344320;1122680832;0;0;0;0;0;0;0;0;0;0;0;4519;0;0;89;0;80;0;
28532;5750344;1033596928;28344320;1122680832;0;0;0;0;0;0;0;0;0;0;0;4940;0;0;89;0;80;0;
28533;7263332;1033596928;28344320;1122680832;0;0;0;0;0;0;0;0;0;0;0;4799;0;0;89;0;80;0;
28534;5291083;1033596928;28344320;1122680832;0;0;0;0;0;0;0;0;0;0;0;3476;0;0;89;0;80;0;
28535;7235309;1033596928;28344320;1122680832;0;0;0;0;0;0;0;0;0;0;0;5551;0;0;89;0;80;0;
28536;6359727;1033596928;28344320;1122680832;0;0;0;0;0;0;0;0;0;0;0;4058;0;0;89;0;80;0;
28537;8107795;1033596928;28344320;1122680832;0;0;0;0;0;0;0;0;0;0;0;4729;0;0;89;0;80;0;
28538;9304299;1033596928;28344320;1122680832;0;0;0;0;0;0;0;0;0;0;0;3557;0;0;89;0;80;0;
28539;5927827;1033596928;28344320;1122680832;0;0;0;0;0;0;0;0;0;0;0;3246;0;0;89;0;80;0;
28540;6952659;1033596928;28344320;1122680832;0;0;0;0;0;0;0;0;0;0;0;4499;0;0;89;0;80;0;
28541;7013333;1033596928;28344320;1122680832;0;0;0;0;0;0;0;0;0;0;0;3476;0;0;89;0;80;0;
28542;4901672;1033596928;28344320;1122680832;0;0;0;0;0;0;0;0;0;0;0;3867;0;0;89;0;80;0;
28543;6637979;1033596928;28344320;1122680832;0;0;0;0;0;0;0;0;0;0;0;3496;0;0;89;0;80;0;
28544;4776528;1033596928;28344320;1122680832;0;0;0;0;0;0;0;0;0;0;0;3396;0;0;89;0;80;0;
28545;6973748;1033596928;28344320;1122680832;0;0;0;0;0;0;0;0;0;0;0;3867;0;0;89;0;80;0;
28546;6045648;1033596928;28344320;1122680832;0;0;0;0;0;0;0;0;0;0;0;4208;0;0;89;0;80;0;
28547;6882537;1033596928;28344320;1122680832;0;0;0;0;0;0;0;0;0;0;0;4749;0;0;89;0;80;0;
28548;6024869;1033596928;28344320;1122680832;0;0;0;0;0;0;0;0;0;0;0;3957;0;0;89;0;80;0;
28549;6392007;1033596928;28344320;1122680832;0;0;0;0;0;0;0;0;0;0;0;4088;0;0;89;0;80;0;
28550;4878149;1033596928;28344320;1122680832;0;0;0;0;0;0;0;0;0;0;0;4228;0;0;89;0;80;0;
28551;7000529;1033596928;28344320;1122680832;0;0;0;0;0;0;0;0;0;0;0;3597;0;0;89;0;80;0;
28552;5885317;1033596928;28344320;1122680832;0;0;0;0;0;0;0;0;0;0;0;4028;0;0;89;0;80;0;
28553;7086881;1033596928;28344320;1122680832;0;0;0;0;0;0;0;0;0;0;0;4008;0;0;89;0;80;0;
28554;5078024;1033596928;28344320;1122680832;0;0;0;0;0;0;0;0;0;0;0;3396;0;0;89;0;80;0;
28555;8511021;1033596928;28344320;1122680832;0;0;0;0;0;0;0;0;0;0;0;3897;0;0;89;0;80;0;
28556;5648093;1033596928;28344320;1122680832;0;0;0;0;0;0;0;0;0;0;0;3897;0;0;89;0;80;0;
28557;9071923;1033596928;28344320;1122680832;0;0;0;0;0;0;0;0;0;0;0;4528;0;0;89;0;80;0;
28558;6077408;1033596928;28344320;1122680832;0;0;0;0;0;0;0;0;0;0;0;3707;0;0;89;0;80;0;
28559;8781900;1033596928;28344320;1122680832;0;0;0;0;0;0;0;0;0;0;0;4608;0;0;89;0;80;0;
28560;5491629;1033596928;28344320;1122680832;0;0;0;0;0;0;0;0;0;0;0;3266;0;0;89;0;80;0;
28561;6740381;1033596928;28344320;1122680832;0;0;0;0;0;0;0;0;0;0;0;2815;0;0;89;0;80;0;
28562;5865069;1033596928;28344320;1122680832;0;0;0;0;0;0;0;0;0;0;0;3957;0;0;89;0;80;0;
28563;7166851;1033596928;28344320;1122680832;0;0;0;0;0;0;0;0;0;0;0;3506;0;0;89;0;80;0;
28564;4943601;1033596928;28344320;1122680832;0;0;0;0;0;0;0;0;0;0;0;3767;0;0;89;0;80;0;
28565;6509879;1033596928;28344320;1122680832;0;0;0;0;0;0;0;0;0;0;0;4388;0;0;89;0;80;0;
28566;6332476;1033596928;28344320;1122680832;0;0;0;0;0;0;0;0;0;0;0;4087;0;0;89;0;80;0;
28567;5702274;1033596928;28344320;1122680832;0;0;0;0;0;0;0;0;0;0;0;3577;0;0;89;0;80;0;
28568;5919371;1033596928;28344320;1122680832;0;0;0;0;0;0;0;0;0;0;0;4728;0;0;89;0;80;0;
28569;6583367;1033596928;28344320;1122680832;0;0;0;0;0;0;0;0;0;0;0;3777;0;0;89;0;80;0;
28570;6248017;1033596928;28344320;1122680832;0;0;0;0;0;0;0;0;0;0;0;4388;0;0;89;0;80;0;
28571;6828285;1033596928;28344320;1122680832;0;0;0;0;0;0;0;0;0;0;0;3958;0;0;89;0;80;0;
28572;6589387;1033596928;28344320;1122680832;0;0;0;0;0;0;0;0;0;0;0;4058;0;0;89;0;80;0;
28573;6262765;1033596928;28344320;1122680832;0;0;0;0;0;0;0;0;0;0;0;3717;0;0;89;0;80;0;
28574;6274578;1033596928;28344320;1122680832;0;0;0;0;0;0;0;0;0;0;0;3577;0;0;89;0;80;0;
28575;5265255;1033596928;28344320;1122680832;0;0;0;0;0;0;0;0;0;0;0;3416;0;0;89;0;80;0;
28576;5059298;1033596928;28344320;1122680832;0;0;0;0;0;0;0;0;0;0;0;3987;0;0;89;0;80;0;
28577;6208674;1033596928;28344320;1122680832;0;0;0;0;0;0;0;0;0;0;0;3687;0;0;89;0;80;0;
28578;4704412;1033596928;28344320;1122680832;0;0;0;0;0;0;0;0;0;0;0;4217;0;0;89;0;80;0;
28579;6547519;1033596928;28344320;1122680832;0;0;0;0;0;0;0;0;0;0;0;3457;0;0;89;0;80;0;
28580;6288904;1033596928;28344320;1122680832;0;0;0;0;0;0;0;0;0;0;0;4128;0;0;89;0;80;0;
28581;7096038;1033596928;28344320;1122680832;0;0;0;0;0;0;0;0;0;0;0;3737;0;0;89;0;80;0;
28582;6037713;1033596928;28344320;1122680832;0;0;0;0;0;0;0;0;0;0;0;3366;0;0;89;0;80;0;
28583;7224188;1033596928;28344320;1122680832;0;0;0;0;0;0;0;0;0;0;0;3607;0;0;89;0;80;0;
28584;4755798;1033596928;28344320;1122680832;0;0;0;0;0;0;0;0;0;0;0;4028;0;0;89;0;80;0;
28585;6437152;1033596928;28344320;1122680832;0;0;0;0;0;0;0;0;0;0;0;4699;0;0;89;0;80;0;
28586;7401039;1033596928;28344320;1122680832;0;0;0;0;0;0;0;0;0;0;0;3326;0;0;89;0;80;0;
28587;6631727;1033596928;28344320;1122680832;0;0;0;0;0;0;0;0;0;0;0;4518;0;0;89;0;80;0;
28588;5977560;1033596928;28344320;1122680832;0;0;0;0;0;0;0;0;0;0;0;4078;0;0;89;0;80;0;
28589;6280368;1033596928;28344320;1122680832;0;0;0;0;0;0;0;0;0;0;0;3777;0;0;89;0;80;0;
28590;5800698;1033596928;28344320;1122680832;0;0;0;0;0;0;0;0;0;0;0;3396;0;0;89;0;80;0;
28591;5521645;1033596928;28344320;1122680832;0;0;0;0;0;0;0;0;0;0;0;2996;0;0;89;0;80;0;
28592;5229908;1033596928;28344320;1122680832;0;0;0;0;0;0;0;0;0;0;0;3837;0;0;89;0;80;0;
28593;5509653;1033596928;28344320;1122680832;0;0;0;0;0;0;0;0;0;0;0;3206;0;0;89;0;80;0;
28594;5216172;1033596928;28344320;1122680832;0;0;0;0;0;0;0;0;0;0;0;3357;0;0;89;0;80;0;
28595;6826843;1033596928;28344320;1122680832;0;0;0;0;0;0;0;0;0;0;0;3917;0;0;89;0;80;0;
28596;6136198;1033596928;28344320;1122680832;0;0;0;0;0;0;0;0;0;0;0;3667;0;0;89;0;80;0;
28597;6267855;1033596928;28344320;1122680832;0;0;0;0;0;0;0;0;0;0;0;4458;0;0;89;0;80;0;
28598;5259003;1033596928;28344320;1122680832;0;0;0;0;0;0;0;0;0;0;0;4458;0;0;89;0;80;0;
28599;6273405;1033596928;28352512;1122689024;0;0;0;0;0;0;0;0;0;0;0;3246;0;0;89;0;80;0;
28600;4455105;1033596928;28356608;1122693120;0;0;0;0;0;0;0;0;0;0;0;3286;0;0;89;0;80;0;
28601;5798113;1033596928;28356608;1122693120;0;0;0;0;0;0;0;0;0;0;0;3877;0;0;89;0;80;0;
28602;7036606;1033596928;28356608;1122693120;0;0;0;0;0;0;0;0;0;0;0;3887;0;0;89;0;80;0;
28603;6689285;1033596928;28356608;1122693120;0;0;0;0;0;0;0;0;0;0;0;4579;0;0;89;0;80;0;
28604;6621006;1033596928;28356608;1122693120;0;0;0;0;0;0;0;0;0;0;0;3707;0;0;89;0;80;0;
28605;6959101;1033596928;28356608;1122693120;0;0;0;0;0;0;0;0;0;0;0;4619;0;0;89;0;80;0;
28606;6634031;1033601024;28348416;1122684928;0;0;0;0;0;0;0;0;0;0;0;4228;0;0;89;0;80;0;
28607;6085202;1033601024;28348416;1122684928;0;0;0;0;0;0;0;0;0;0;0;4509;0;0;89;0;80;0;
28608;7056274;1033601024;28348416;1122684928;0;0;0;0;0;0;0;0;0;0;0;3256;0;0;89;0;80;0;
28609;5339694;1033601024;28348416;1122684928;0;0;0;0;0;0;0;0;0;0;0;3917;0;0;89;0;80;0;
28610;6739449;1033601024;28348416;1122684928;0;0;0;0;0;0;0;0;0;0;0;3907;0;0;89;0;80;0;
28611;5797333;1033601024;28348416;1122684928;0;0;0;0;0;0;0;0;0;0;0;3937;0;0;89;0;80;0;
28612;5472803;1033601024;28348416;1122684928;0;0;0;0;0;0;0;0;0;0;0;3938;0;0;89;0;80;0;
28613;5776974;1033601024;28348416;1122684928;0;0;0;0;0;0;0;0;0;0;0;4388;0;0;89;0;80;0;
28614;5636240;1033601024;28348416;1122684928;0;0;0;0;0;0;0;0;0;0;0;3497;0;0;89;0;80;0;
28615;5535932;1033601024;28348416;1122684928;0;0;0;0;0;0;0;0;0;0;0;4849;0;0;89;0;80;0;
28616;6655422;1033601024;28348416;1122684928;0;0;0;0;0;0;0;0;0;0;0;3657;0;0;89;0;80;0;
28617;6618001;1033601024;28348416;1122684928;0;0;0;0;0;0;0;0;0;0;0;3907;0;0;89;0;80;0;
28618;5915393;1033601024;28348416;1122684928;0;0;0;0;0;0;0;0;0;0;0;4107;0;0;89;0;80;0;
28619;5866432;1033601024;28348416;1122684928;0;0;0;0;0;0;0;0;0;0;0;3657;0;0;89;0;80;0;
28620;4905310;1033601024;28348416;1122684928;0;0;0;0;0;0;0;0;0;0;0;4097;0;0;89;0;80;0;
28621;7188240;1033601024;28348416;1122684928;0;0;0;0;0;0;0;0;0;0;0;3797;0;0;89;0;80;0;
28622;5161610;1033601024;28348416;1122684928;0;0;0;0;0;0;0;0;0;0;0;4358;0;0;89;0;80;0;
28623;6624924;1033601024;28348416;1122684928;0;0;0;0;0;0;0;0;0;0;0;4408;0;0;89;0;80;0;
28624;6236045;1033601024;28348416;1122684928;0;0;0;0;0;0;0;0;0;0;0;3347;0;0;89;0;80;0;
28625;6720764;1033601024;28348416;1122684928;0;0;0;0;0;0;0;0;0;0;0;4288;0;0;89;0;80;0;
28626;4735521;1033601024;28348416;1122684928;0;0;0;0;0;0;0;0;0;0;0;3737;0;0;89;0;80;0;
28627;5801610;1033601024;28348416;1122684928;0;0;0;0;0;0;0;0;0;0;0;4207;0;0;89;0;80;0;
28628;4311376;1033601024;28348416;1122684928;0;0;0;0;0;0;0;0;0;0;0;3446;0;0;89;0;80;0;
28629;6041420;1033601024;28348416;1122684928;0;0;0;0;0;0;0;0;0;0;0;3998;0;0;89;0;80;0;
28630;5799226;1033601024;28348416;1122684928;0;0;0;0;0;0;0;0;0;0;0;3386;0;0;89;0;80;0;
28631;5829723;1033601024;28348416;1122684928;0;0;0;0;0;0;0;0;0;0;0;4809;0;0;89;0;80;0;
28632;5219599;1033601024;28348416;1122684928;0;0;0;0;0;0;0;0;0;0;0;3687;0;0;89;0;80;0;
28633;6874823;1033601024;28348416;1122684928;0;0;0;0;0;0;0;0;0;0;0;4609;0;0;89;0;80;0;
28634;5908351;1033601024;28348416;1122684928;0;0;0;0;0;0;0;0;0;0;0;3737;0;0;89;0;80;0;
28635;6363214;1033601024;28348416;1122684928;0;0;0;0;0;0;0;0;0;0;0;4699;0;0;89;0;80;0;
28636;4631235;1033601024;28348416;1122684928;0;0;0;0;0;0;0;0;0;0;0;3827;0;0;89;0;80;0;
28637;6317378;1033601024;28348416;1122684928;0;0;0;0;0;0;0;0;0;0;0;4839;0;0;89;0;80;0;
28638;6095291;1033601024;28348416;1122684928;0;0;0;0;0;0;0;0;0;0;0;3317;0;0;89;0;80;0;
28639;7279361;1033601024;28348416;1122684928;0;0;0;0;0;0;0;0;0;0;0;4548;0;0;89;0;80;0;
28640;5494284;1033601024;28348416;1122684928;0;0;0;0;0;0;0;0;0;0;0;4148;0;0;89;0;80;0;
28641;7068467;1033601024;28348416;1122684928;0;0;0;0;0;0;0;0;0;0;0;3566;0;0;89;0;80;0;
28642;4708029;1033601024;28348416;1122684928;0;0;0;0;0;0;0;0;0;0;0;3366;0;0;89;0;80;0;
28643;6974850;1033601024;28348416;1122684928;0;0;0;0;0;0;0;0;0;0;0;3626;0;0;89;0;80;0;
28644;4972585;1033601024;28348416;1122684928;0;0;0;0;0;0;0;0;0;0;0;3807;0;0;89;0;80;0;
28645;6035859;1033601024;28348416;1122684928;0;0;0;0;0;0;0;0;0;0;0;2494;0;0;89;0;80;0;
28646;4355849;1033601024;28348416;1122684928;0;0;0;0;0;0;0;0;0;0;0;3227;0;0;89;0;80;0;
28647;5943426;1033601024;28348416;1122684928;0;0;0;0;0;0;0;0;0;0;0;3577;0;0;89;0;80;0;
28648;3984242;1033601024;28348416;1122684928;0;0;0;0;0;0;0;0;0;0;0;3667;0;0;89;0;80;0;
28649;7002031;1033601024;28348416;1122684928;0;0;0;0;0;0;0;0;0;0;0;4618;0;0;89;0;80;0;
28650;4749067;1033601024;28348416;1122684928;0;0;0;0;0;0;0;0;0;0;0;3737;0;0;89;0;80;0;
28651;6396736;1033601024;28348416;1122684928;0;0;0;0;0;0;0;0;0;0;0;5069;0;0;89;0;80;0;
28652;5393485;1033601024;28348416;1122684928;0;0;0;0;0;0;0;0;0;0;0;3697;0;0;89;0;80;0;
28653;6790415;1033601024;28348416;1122684928;0;0;0;0;0;0;0;0;0;0;0;4439;0;0;89;0;80;0;
28654;6244711;1033601024;28348416;1122684928;0;0;0;0;0;0;0;0;0;0;0;3798;0;0;89;0;80;0;
28655;9507821;1033601024;28348416;1122684928;0;0;0;0;0;0;0;0;0;0;0;3997;0;0;89;0;80;0;
28656;8339550;1033601024;28348416;1122684928;0;0;0;0;0;0;0;0;0;0;0;5631;0;0;89;0;80;0;
28657;6981603;1033601024;28348416;1122684928;0;0;0;0;0;0;0;0;0;0;0;3877;0;0;89;0;80;0;
28658;4320403;1033601024;28348416;1122684928;0;0;0;0;0;0;0;0;0;0;0;3667;0;0;89;0;80;0;
28659;5600042;1033601024;28348416;1122684928;0;0;0;0;0;0;0;0;0;0;0;3567;0;0;89;0;80;0;
28660;5387003;1033601024;28348416;1122684928;0;0;0;0;0;0;0;0;0;0;0;3677;0;0;89;0;80;0;
28661;5560448;1033601024;28348416;1122684928;0;0;0;0;0;0;0;0;0;0;0;4809;0;0;89;0;80;0;
28662;5158374;1033601024;28348416;1122684928;0;0;0;0;0;0;0;0;0;0;0;3977;0;0;89;0;80;0;
28663;5438189;1033601024;28348416;1122684928;0;0;0;0;0;0;0;0;0;0;0;3176;0;0;89;0;80;0;
28664;4495921;1033601024;28348416;1122684928;0;0;0;0;0;0;0;0;0;0;0;4488;0;0;89;0;80;0;
28665;5303706;1033601024;28348416;1122684928;0;0;0;0;0;0;0;0;0;0;0;3356;0;0;89;0;80;0;
28666;4500761;1033601024;28348416;1122684928;0;0;0;0;0;0;0;0;0;0;0;4027;0;0;89;0;80;0;
28667;5235048;1033601024;28348416;1122684928;0;0;0;0;0;0;0;0;0;0;0;4468;0;0;89;0;80;0;
28668;3514270;1033601024;28348416;1122684928;0;0;0;0;0;0;0;0;0;0;0;2805;0;0;89;0;80;0;
28669;5472252;1033601024;28348416;1122684928;0;0;0;0;0;0;0;0;0;0;0;3997;0;0;89;0;80;0;
28670;4274757;1033601024;28348416;1122684928;0;0;0;0;0;0;0;0;0;0;0;3377;0;0;89;0;80;0;
28671;6035819;1033601024;28348416;1122684928;0;0;0;0;0;0;0;0;0;0;0;3646;0;0;89;0;80;0;
28672;4219073;1033601024;28348416;1122684928;0;0;0;0;0;0;0;0;0;0;0;3657;0;0;89;0;80;0;
28673;5829162;1033601024;28348416;1122684928;0;0;0;0;0;0;0;0;0;0;0;3176;0;0;89;0;80;0;
28674;4042842;1033601024;28348416;1122684928;0;0;0;0;0;0;0;0;0;0;0;2796;0;0;89;0;80;0;
28675;5237793;1033601024;28348416;1122684928;0;0;0;0;0;0;0;0;0;0;0;3156;0;0;89;0;80;0;
28676;3267317;1033601024;28348416;1122684928;0;0;0;0;0;0;0;0;0;0;0;2896;0;0;89;0;80;0;
28677;5970026;1033601024;28348416;1122684928;0;0;0;0;0;0;0;0;0;0;0;3396;0;0;89;0;80;0;
28678;4395143;1033601024;28348416;1122684928;0;0;0;0;0;0;0;0;0;0;0;3557;0;0;89;0;80;0;
28679;5805978;1033601024;28348416;1122684928;0;0;0;0;0;0;0;0;0;0;0;3226;0;0;89;0;80;0;
28680;5330647;1033601024;28348416;1122684928;0;0;0;0;0;0;0;0;0;0;0;3627;0;0;89;0;80;0;
28681;5813663;1033601024;28348416;1122684928;0;0;0;0;0;0;0;0;0;0;0;3597;0;0;89;0;80;0;
28682;4813036;1033601024;28348416;1122684928;0;0;0;0;0;0;0;0;0;0;0;3156;0;0;89;0;80;0;
28683;5896688;1033601024;28348416;1122684928;0;0;0;0;0;0;0;0;0;0;0;3076;0;0;89;0;80;0;
28684;4963428;1033601024;28348416;1122684928;0;0;0;0;0;0;0;0;0;0;0;3407;0;0;89;0;80;0;
28685;5939749;1033601024;28348416;1122684928;0;0;0;0;0;0;0;0;0;0;0;3176;0;0;89;0;80;0;
28686;4723538;1033601024;28348416;1122684928;0;0;0;0;0;0;0;0;0;0;0;3286;0;0;89;0;80;0;
28687;6197483;1033601024;28348416;1122684928;0;0;0;0;0;0;0;0;0;0;0;3025;0;0;89;0;80;0;
28688;4186040;1033601024;28348416;1122684928;0;0;0;0;0;0;0;0;0;0;0;3256;0;0;89;0;80;0;
28689;6050557;1033601024;28348416;1122684928;0;0;0;0;0;0;0;0;0;0;0;3667;0;0;89;0;80;0;
28690;4532280;1033601024;28348416;1122684928;0;0;0;0;0;0;0;0;0;0;0;3125;0;0;89;0;80;0;
28691;5283328;1033601024;28348416;1122684928;0;0;0;0;0;0;0;0;0;0;0;2905;0;0;89;0;80;0;
28692;4562557;1033601024;28348416;1122684928;0;0;0;0;0;0;0;0;0;0;0;3557;0;0;89;0;80;0;
28693;5654494;1033601024;28348416;1122684928;0;0;0;0;0;0;0;0;0;0;0;3056;0;0;89;0;80;0;
28694;4837102;1033601024;28348416;1122684928;0;0;0;0;0;0;0;0;0;0;0;3366;0;0;89;0;80;0;
28695;6784313;1033601024;28348416;1122684928;0;0;0;0;0;0;0;0;0;0;0;2865;0;0;89;0;80;0;
28696;3890737;1033601024;28348416;1122684928;0;0;0;0;0;0;0;0;0;0;0;3356;0;0;89;0;80;0;
28697;5291855;1033601024;28348416;1122684928;0;0;0;0;0;0;0;0;0;0;0;3246;0;0;89;0;80;0;
28698;4381858;1033601024;28348416;1122684928;0;0;0;0;0;0;0;0;0;0;0;3276;0;0;89;0;80;0;
28699;5754642;1033601024;28348416;1122684928;0;0;0;0;0;0;0;0;0;0;0;3166;0;0;89;0;80;0;
28700;5034281;1033601024;28348416;1122684928;0;0;0;0;0;0;0;0;0;0;0;3006;0;0;89;0;80;0;
28701;5692205;1033601024;28348416;1122684928;0;0;0;0;0;0;0;0;0;0;0;3076;0;0;89;0;80;0;
28702;4604515;1033601024;28348416;1122684928;0;0;0;0;0;0;0;0;0;0;0;3156;0;0;89;0;80;0;
28703;6211158;1033601024;28348416;1122684928;0;0;0;0;0;0;0;0;0;0;0;3006;0;0;89;0;80;0;
28704;4843473;1033601024;28348416;1122684928;0;0;0;0;0;0;0;0;0;0;0;2946;0;0;89;0;80;0;
28705;6477518;1033601024;28348416;1122684928;0;0;0;0;0;0;0;0;0;0;0;3136;0;0;89;0;80;0;
28706;3683598;1033601024;28348416;1122684928;0;0;0;0;0;0;0;0;0;0;0;2385;0;0;89;0;80;0;
28707;6111972;1033601024;28348416;1122684928;0;0;0;0;0;0;0;0;0;0;0;2886;0;0;89;0;80;0;
28708;4343856;1033601024;28348416;1122684928;0;0;0;0;0;0;0;0;0;0;0;2685;0;0;89;0;80;0;
28709;6435730;1033601024;28348416;1122684928;0;0;0;0;0;0;0;0;0;0;0;2635;0;0;89;0;80;0;
28710;3770852;1033601024;28348416;1122684928;0;0;0;0;0;0;0;0;0;0;0;2716;0;0;89;0;80;0;
28711;6988406;1033601024;28348416;1122684928;0;0;0;0;0;0;0;0;0;0;0;3327;0;0;89;0;80;0;
28712;4102554;1033601024;28348416;1122684928;0;0;0;0;0;0;0;0;0;0;0;2625;0;0;89;0;80;0;
28713;6344929;1033601024;28348416;1122684928;0;0;0;0;0;0;0;0;0;0;0;2454;0;0;89;0;80;0;
28714;3146511;1033601024;28348416;1122684928;0;0;0;0;0;0;0;0;0;0;0;2665;0;0;89;0;80;0;
28715;6151867;1033601024;28348416;1122684928;0;0;0;0;0;0;0;0;0;0;0;2796;0;0;89;0;80;0;
28716;3902970;1033601024;28348416;1122684928;0;0;0;0;0;0;0;0;0;0;0;3627;0;0;89;0;80;0;
28717;6192112;1033601024;28348416;1122684928;0;0;0;0;0;0;0;0;0;0;0;3436;0;0;89;0;80;0;
28718;3608156;1033601024;28348416;1122684928;0;0;0;0;0;0;0;0;0;0;0;2785;0;0;89;0;80;0;
28719;5628024;1033601024;28348416;1122684928;0;0;0;0;0;0;0;0;0;0;0;3307;0;0;89;0;80;0;
28720;3696803;1033601024;28348416;1122684928;0;0;0;0;0;0;0;0;0;0;0;3036;0;0;89;0;80;0;
28721;6181873;1033601024;28348416;1122684928;0;0;0;0;0;0;0;0;0;0;0;3206;0;0;89;0;80;0;
28722;5151381;1033601024;28348416;1122684928;0;0;0;0;0;0;0;0;0;0;0;3497;0;0;89;0;80;0;
28723;6292230;1033601024;28348416;1122684928;0;0;0;0;0;0;0;0;0;0;0;4308;0;0;89;0;80;0;
28724;4239371;1033601024;28348416;1122684928;0;0;0;0;0;0;0;0;0;0;0;2865;0;0;89;0;80;0;
28725;5455932;1033601024;28348416;1122684928;0;0;0;0;0;0;0;0;0;0;0;3025;0;0;89;0;80;0;
28726;3584372;1033601024;28348416;1122684928;0;0;0;0;0;0;0;0;0;0;0;2575;0;0;89;0;80;0;
28727;5963674;1033601024;28348416;1122684928;0;0;0;0;0;0;0;0;0;0;0;2806;0;0;89;0;80;0;
28728;4436721;1033601024;28348416;1122684928;0;0;0;0;0;0;0;0;0;0;0;3496;0;0;89;0;80;0;
28729;5543756;1033601024;28348416;1122684928;0;0;0;0;0;0;0;0;0;0;0;2876;0;0;89;0;80;0;
28730;3273048;1033601024;28348416;1122684928;0;0;0;0;0;0;0;0;0;0;0;2555;0;0;89;0;80;0;
28731;6980762;1033601024;28348416;1122684928;0;0;0;0;0;0;0;0;0;0;0;3256;0;0;89;0;80;0;
28732;3948335;1033601024;28348416;1122684928;0;0;0;0;0;0;0;0;0;0;0;2494;0;0;89;0;80;0;
28733;5923289;1033601024;28348416;1122684928;0;0;0;0;0;0;0;0;0;0;0;2605;0;0;89;0;80;0;
28734;5314016;1033601024;28348416;1122684928;0;0;0;0;0;0;0;0;0;0;0;4358;0;0;89;0;80;0;
28735;6262225;1033601024;28348416;1122684928;0;0;0;0;0;0;0;0;0;0;0;3386;0;0;89;0;80;0;
28736;4236114;1033601024;28348416;1122684928;0;0;0;0;0;0;0;0;0;0;0;2325;0;0;89;0;80;0;
28737;6235404;1033601024;28348416;1122684928;0;0;0;0;0;0;0;0;0;0;0;8847;0;0;89;0;80;0;
28738;3871561;1033601024;28348416;1122684928;0;0;0;0;0;0;0;0;0;0;0;2825;0;0;89;0;80;0;
28739;5674572;1033601024;28348416;1122684928;0;0;0;0;0;0;0;0;0;0;0;2886;0;0;89;0;80;0;
28740;4497985;1033601024;28348416;1122684928;0;0;0;0;0;0;0;0;0;0;0;2685;0;0;89;0;80;0;
28741;6216598;1033601024;28348416;1122684928;0;0;0;0;0;0;0;0;0;0;0;38021;0;0;89;0;80;0;
28742;3787693;1033601024;28348416;1122684928;0;0;0;0;0;0;0;0;0;0;0;2725;0;0;89;0;80;0;
28743;4939323;1033601024;28348416;1122684928;0;0;0;0;0;0;0;0;0;0;0;3406;0;0;89;0;80;0;
28744;3880497;1033601024;28348416;1122684928;0;0;0;0;0;0;0;0;0;0;0;3056;0;0;89;0;80;0;
28745;6132852;1033601024;28348416;1122684928;0;0;0;0;0;0;0;0;0;0;0;3016;0;0;89;0;80;0;
28746;4364785;1033601024;28348416;1122684928;0;0;0;0;0;0;0;0;0;0;0;2705;0;0;89;0;80;0;
28747;5556801;1033601024;28348416;1122684928;0;0;0;0;0;0;0;0;0;0;0;28403;0;0;89;0;80;0;
28748;4318810;1033601024;28348416;1122684928;0;0;0;0;0;0;0;0;0;0;0;3135;0;0;89;0;80;0;
28749;5954677;1033601024;28348416;1122684928;0;0;0;0;0;0;0;0;0;0;0;3156;0;0;89;0;80;0;
28750;4493277;1033601024;28348416;1122684928;0;0;0;0;0;0;0;0;0;0;0;2886;0;0;89;0;80;0;
28751;5608709;1033601024;28348416;1122684928;0;0;0;0;0;0;0;0;0;0;0;3116;0;0;89;0;80;0;
28752;4808448;1033601024;28348416;1122684928;0;0;0;0;0;0;0;0;0;0;0;3136;0;0;89;0;80;0;
28753;5508600;1033601024;28348416;1122684928;0;0;0;0;0;0;0;0;0;0;0;2275;0;0;89;0;80;0;
28754;6145224;1033601024;28348416;1122684928;0;0;0;0;0;0;0;0;0;0;0;3035;0;0;89;0;80;0;
28755;5936003;1033601024;28348416;1122684928;0;0;0;0;0;0;0;0;0;0;0;2966;0;0;89;0;80;0;
28756;4099769;1033601024;28348416;1122684928;0;0;0;0;0;0;0;0;0;0;0;3547;0;0;89;0;80;0;
28757;5174304;1033601024;28348416;1122684928;0;0;0;0;0;0;0;0;0;0;0;3446;0;0;89;0;80;0;
28758;4559310;1033601024;28348416;1122684928;0;0;0;0;0;0;0;0;0;0;0;3196;0;0;89;0;80;0;
28759;5877462;1033601024;28348416;1122684928;0;0;0;0;0;0;0;0;0;0;0;2715;0;0;89;0;80;0;
28760;4720262;1033601024;28348416;1122684928;0;0;0;0;0;0;0;0;0;0;0;3517;0;0;89;0;80;0;
28761;5568292;1033601024;28348416;1122684928;0;0;0;0;0;0;0;0;0;0;0;2615;0;0;89;0;80;0;
28762;3416567;1033601024;28348416;1122684928;0;0;0;0;0;0;0;0;0;0;0;2876;0;0;89;0;80;0;
28763;5268200;1033601024;28348416;1122684928;0;0;0;0;0;0;0;0;0;0;0;2816;0;0;89;0;80;0;
28764;4703130;1033601024;28348416;1122684928;0;0;0;0;0;0;0;0;0;0;0;3216;0;0;89;0;80;0;
28765;5963373;1033601024;28348416;1122684928;0;0;0;0;0;0;0;0;0;0;0;3406;0;0;89;0;80;0;
28766;4160442;1033601024;28348416;1122684928;0;0;0;0;0;0;0;0;0;0;0;3156;0;0;89;0;80;0;
28767;5524160;1033601024;28348416;1122684928;0;0;0;0;0;0;0;0;0;0;0;3827;0;0;89;0;80;0;
28768;4378882;1033601024;28348416;1122684928;0;0;0;0;0;0;0;0;0;0;0;3857;0;0;89;0;80;0;
28769;5961480;1033601024;28348416;1122684928;0;0;0;0;0;0;0;0;0;0;0;3206;0;0;89;0;80;0;
28770;5097790;1033601024;28348416;1122684928;0;0;0;0;0;0;0;0;0;0;0;2905;0;0;89;0;80;0;
28771;6384062;1033601024;28348416;1122684928;0;0;0;0;0;0;0;0;0;0;0;3006;0;0;89;0;80;0;
28772;3553093;1033601024;28348416;1122684928;0;0;0;0;0;0;0;0;0;0;0;3376;0;0;89;0;80;0;
28773;6040048;1033601024;28348416;1122684928;0;0;0;0;0;0;0;0;0;0;0;3256;0;0;89;0;80;0;
28774;4477858;1033601024;28348416;1122684928;0;0;0;0;0;0;0;0;0;0;0;2735;0;0;89;0;80;0;
28775;5404956;1033601024;28348416;1122684928;0;0;0;0;0;0;0;0;0;0;0;3025;0;0;89;0;80;0;
28776;3985484;1033601024;28348416;1122684928;0;0;0;0;0;0;0;0;0;0;0;3217;0;0;89;0;80;0;
28777;5569124;1033601024;28348416;1122684928;0;0;0;0;0;0;0;0;0;0;0;3486;0;0;89;0;80;0;
28778;4958338;1033601024;28348416;1122684928;0;0;0;0;0;0;0;0;0;0;0;3847;0;0;89;0;80;0;
28779;5195363;1033601024;28348416;1122684928;0;0;0;0;0;0;0;0;0;0;0;3306;0;0;89;0;80;0;
28780;4478499;1033601024;28348416;1122684928;0;0;0;0;0;0;0;0;0;0;0;4429;0;0;89;0;80;0;
28781;5972661;1033601024;28348416;1122684928;0;0;0;0;0;0;0;0;0;0;0;3336;0;0;89;0;80;0;
28782;4165342;1033601024;28348416;1122684928;0;0;0;0;0;0;0;0;0;0;0;2675;0;0;89;0;80;0;
28783;5705139;1033601024;28348416;1122684928;0;0;0;0;0;0;0;0;0;0;0;3336;0;0;89;0;80;0;
28784;4497244;1033601024;28348416;1122684928;0;0;0;0;0;0;0;0;0;0;0;4829;0;0;89;0;80;0;
28785;6936869;1033601024;28348416;1122684928;0;0;0;0;0;0;0;0;0;0;0;2966;0;0;89;0;80;0;
28786;4835138;1033601024;28348416;1122684928;0;0;0;0;0;0;0;0;0;0;0;4147;0;0;89;0;80;0;
28787;6249670;1033601024;28348416;1122684928;0;0;0;0;0;0;0;0;0;0;0;3016;0;0;89;0;80;0;
28788;4917392;1033601024;28348416;1122684928;0;0;0;0;0;0;0;0;0;0;0;4248;0;0;89;0;80;0;
28789;5869878;1033601024;28348416;1122684928;0;0;0;0;0;0;0;0;0;0;0;3416;0;0;89;0;80;0;
28790;6489500;1033601024;28348416;1122684928;0;0;0;0;0;0;0;0;0;0;0;3206;0;0;89;0;80;0;
28791;6949122;1033601024;28348416;1122684928;0;0;0;0;0;0;0;0;0;0;0;3396;0;0;89;0;80;0;
28792;4574469;1033601024;28348416;1122684928;0;0;0;0;0;0;0;0;0;0;0;3486;0;0;89;0;80;0;
28793;6540526;1033601024;28348416;1122684928;0;0;0;0;0;0;0;0;0;0;0;3467;0;0;89;0;80;0;
28794;4045376;1033601024;28348416;1122684928;0;0;0;0;0;0;0;0;0;0;0;3397;0;0;89;0;80;0;
28795;6796266;1033601024;28348416;1122684928;0;0;0;0;0;0;0;0;0;0;0;3306;0;0;89;0;80;0;
28796;4955573;1033601024;28348416;1122684928;0;0;0;0;0;0;0;0;0;0;0;74039;0;0;89;0;80;0;
28797;5642471;1033601024;28348416;1122684928;0;0;0;0;0;0;0;0;0;0;0;3607;0;0;89;0;80;0;
28798;4695626;1033601024;28348416;1122684928;0;0;0;0;0;0;0;0;0;0;0;3417;0;0;89;0;80;0;
28799;6575161;1033601024;28348416;1122684928;0;0;0;0;0;0;0;0;0;0;0;3436;0;0;89;0;80;0;
28800;3539628;1033601024;28348416;1122684928;0;0;0;0;0;0;0;0;0;0;0;2945;0;0;89;0;80;0;
28801;5239897;1033601024;28348416;1122684928;0;0;0;0;0;0;0;0;0;0;0;3176;0;0;89;0;80;0;
28802;4116871;1033601024;28348416;1122684928;0;0;0;0;0;0;0;0;0;0;0;3546;0;0;89;0;80;0;
28803;5535681;1033601024;28348416;1122684928;0;0;0;0;0;0;0;0;0;0;0;2935;0;0;89;0;80;0;
28804;3995303;1033601024;28348416;1122684928;0;0;0;0;0;0;0;0;0;0;0;3386;0;0;89;0;80;0;
28805;7127367;1033601024;28348416;1122684928;0;0;0;0;0;0;0;0;0;0;0;3266;0;0;89;0;80;0;
28806;4255862;1033601024;28348416;1122684928;0;0;0;0;0;0;0;0;0;0;0;2665;0;0;89;0;80;0;
28807;4861998;1033601024;28348416;1122684928;0;0;0;0;0;0;0;0;0;0;0;2625;0;0;89;0;80;0;
28808;4294043;1033601024;28348416;1122684928;0;0;0;0;0;0;0;0;0;0;0;3497;0;0;89;0;80;0;
28809;6399442;1033601024;28348416;1122684928;0;0;0;0;0;0;0;0;0;0;0;4027;0;0;89;0;80;0;
28810;4013797;1033601024;28348416;1122684928;0;0;0;0;0;0;0;0;0;0;0;3236;0;0;89;0;80;0;
28811;6640073;1033601024;28348416;1122684928;0;0;0;0;0;0;0;0;0;0;0;4188;0;0;89;0;80;0;
28812;4483048;1033601024;28348416;1122684928;0;0;0;0;0;0;0;0;0;0;0;3636;0;0;89;0;80;0;
28813;5300390;1033601024;28348416;1122684928;0;0;0;0;0;0;0;0;0;0;0;3407;0;0;89;0;80;0;
28814;3611373;1033601024;28348416;1122684928;0;0;0;0;0;0;0;0;0;0;0;3447;0;0;89;0;80;0;
28815;5070148;1033601024;28348416;1122684928;0;0;0;0;0;0;0;0;0;0;0;3076;0;0;89;0;80;0;
28816;3833579;1033601024;28348416;1122684928;0;0;0;0;0;0;0;0;0;0;0;3747;0;0;89;0;80;0;
28817;7090147;1033601024;28348416;1122684928;0;0;0;0;0;0;0;0;0;0;0;3557;0;0;89;0;80;0;
28818;5404024;1033601024;28348416;1122684928;0;0;0;0;0;0;0;0;0;0;0;3506;0;0;89;0;80;0;
28819;5180124;1033601024;28348416;1122684928;0;0;0;0;0;0;0;0;0;0;0;3446;0;0;89;0;80;0;
28820;3832998;1033601024;28348416;1122684928;0;0;0;0;0;0;0;0;0;0;0;3868;0;0;89;0;80;0;
28821;5686324;1033601024;28348416;1122684928;0;0;0;0;0;0;0;0;0;0;0;3998;0;0;89;0;80;0;
28822;4047110;1033601024;28348416;1122684928;0;0;0;0;0;0;0;0;0;0;0;3657;0;0;89;0;80;0;
28823;6066147;1033601024;28348416;1122684928;0;0;0;0;0;0;0;0;0;0;0;3697;0;0;89;0;80;0;
28824;6541708;1033601024;28348416;1122684928;0;0;0;0;0;0;0;0;0;0;0;3607;0;0;89;0;80;0;
28825;5790670;1033601024;28348416;1122684928;0;0;0;0;0;0;0;0;0;0;0;3497;0;0;89;0;80;0;
28826;5249765;1033601024;28348416;1122684928;0;0;0;0;0;0;0;0;0;0;0;4138;0;0;89;0;80;0;
28827;5855351;1033601024;28348416;1122684928;0;0;0;0;0;0;0;0;0;0;0;3397;0;0;89;0;80;0;
28828;4467057;1033601024;28348416;1122684928;0;0;0;0;0;0;0;0;0;0;0;3476;0;0;89;0;80;0;
28829;5755333;1033601024;28348416;1122684928;0;0;0;0;0;0;0;0;0;0;0;3346;0;0;89;0;80;0;
28830;3879886;1033601024;28348416;1122684928;0;0;0;0;0;0;0;0;0;0;0;3416;0;0;89;0;80;0;
28831;5864278;1033601024;28348416;1122684928;0;0;0;0;0;0;0;0;0;0;0;3166;0;0;89;0;80;0;
28832;4701788;1033601024;28348416;1122684928;0;0;0;0;0;0;0;0;0;0;0;3447;0;0;89;0;80;0;
28833;5672969;1033601024;28348416;1122684928;0;0;0;0;0;0;0;0;0;0;0;3857;0;0;89;0;80;0;
28834;5868366;1033601024;28348416;1122684928;0;0;0;0;0;0;0;0;0;0;0;3567;0;0;89;0;80;0;
28835;6884581;1033601024;28348416;1122684928;0;0;0;0;0;0;0;0;0;0;0;3076;0;0;89;0;80;0;
28836;5693308;1033601024;28348416;1122684928;0;0;0;0;0;0;0;0;0;0;0;3456;0;0;89;0;80;0;
28837;6651454;1033601024;28348416;1122684928;0;0;0;0;0;0;0;0;0;0;0;3356;0;0;89;0;80;0;
28838;4091743;1033601024;28348416;1122684928;0;0;0;0;0;0;0;0;0;0;0;3065;0;0;89;0;80;0;
28839;6285548;1033601024;28348416;1122684928;0;0;0;0;0;0;0;0;0;0;0;2966;0;0;89;0;80;0;
28840;5447115;1033601024;28348416;1122684928;0;0;0;0;0;0;0;0;0;0;0;3466;0;0;89;0;80;0;
28841;6358093;1033601024;28348416;1122684928;0;0;0;0;0;0;0;0;0;0;0;3045;0;0;89;0;80;0;
28842;4720433;1033601024;28348416;1122684928;0;0;0;0;0;0;0;0;0;0;0;3116;0;0;89;0;80;0;
28843;6357663;1033601024;28348416;1122684928;0;0;0;0;0;0;0;0;0;0;0;3527;0;0;89;0;80;0;
28844;4926579;1033601024;28348416;1122684928;0;0;0;0;0;0;0;0;0;0;0;3236;0;0;89;0;80;0;
28845;6992123;1033601024;28348416;1122684928;0;0;0;0;0;0;0;0;0;0;0;2865;0;0;89;0;80;0;
28846;12489953;1033601024;28348416;1122684928;0;0;0;0;0;0;0;0;0;0;0;2995;0;0;89;0;80;0;
28847;6841200;1033601024;28348416;1122684928;0;0;0;0;0;0;0;0;0;0;0;2805;0;0;89;0;80;0;
28848;5296062;1033601024;28348416;1122684928;0;0;0;0;0;0;0;0;0;0;0;3677;0;0;89;0;80;0;
28849;5658682;1033601024;28348416;1122684928;0;0;0;0;0;0;0;0;0;0;0;2785;0;0;89;0;80;0;
28850;6108576;1033601024;28348416;1122684928;0;0;0;0;0;0;0;0;0;0;0;4208;0;0;89;0;80;0;
28851;6309333;1033601024;28348416;1122684928;0;0;0;0;0;0;0;0;0;0;0;3446;0;0;89;0;80;0;
28852;4615225;1033601024;28348416;1122684928;0;0;0;0;0;0;0;0;0;0;0;3377;0;0;89;0;80;0;
28853;6279697;1033601024;28348416;1122684928;0;0;0;0;0;0;0;0;0;0;0;3296;0;0;89;0;80;0;
28854;4287701;1033601024;28348416;1122684928;0;0;0;0;0;0;0;0;0;0;0;2746;0;0;89;0;80;0;
28855;5704568;1033601024;28348416;1122684928;0;0;0;0;0;0;0;0;0;0;0;2875;0;0;89;0;80;0;
28856;5743150;1033601024;28348416;1122684928;0;0;0;0;0;0;0;0;0;0;0;3767;0;0;89;0;80;0;
28857;7310430;1033601024;28348416;1122684928;0;0;0;0;0;0;0;0;0;0;0;5340;0;0;89;0;80;0;
28858;5001770;1033601024;28348416;1122684928;0;0;0;0;0;0;0;0;0;0;0;4097;0;0;89;0;80;0;
28859;6498177;1033601024;28348416;1122684928;0;0;0;0;0;0;0;0;0;0;0;4980;0;0;89;0;80;0;
28860;5281525;1033601024;28348416;1122684928;0;0;0;0;0;0;0;0;0;0;0;4879;0;0;89;0;80;0;
28861;6115840;1033601024;28348416;1122684928;0;0;0;0;0;0;0;0;0;0;0;4027;0;0;89;0;80;0;
28862;5985264;1033601024;28348416;1122684928;0;0;0;0;0;0;0;0;0;0;0;5611;0;0;89;0;80;0;
28863;7138918;1033601024;28348416;1122684928;0;0;0;0;0;0;0;0;0;0;0;6182;0;0;89;0;80;0;
28864;7234107;1033601024;28348416;1122684928;0;0;0;0;0;0;0;0;0;0;0;4218;0;0;89;0;80;0;
28865;6690758;1033601024;28348416;1122684928;0;0;0;0;0;0;0;0;0;0;0;4037;0;0;89;0;80;0;
28866;5616242;1033601024;28348416;1122684928;0;0;0;0;0;0;0;0;0;0;0;3607;0;0;89;0;80;0;
28867;6592664;1033601024;28348416;1122684928;0;0;0;0;0;0;0;0;0;0;0;7113;0;0;89;0;80;0;
28868;6262364;1033601024;28348416;1122684928;0;0;0;0;0;0;0;0;0;0;0;4668;0;0;89;0;80;0;
28869;7757828;1033601024;28348416;1122684928;0;0;0;0;0;0;0;0;0;0;0;5931;0;0;89;0;80;0;
28870;5368778;1033601024;28348416;1122684928;0;0;0;0;0;0;0;0;0;0;0;4779;0;0;89;0;80;0;
28871;8059936;1033601024;28348416;1122684928;0;0;0;0;0;0;0;0;0;0;0;6593;0;0;89;0;80;0;
28872;6532271;1033601024;28348416;1122684928;0;0;0;0;0;0;0;0;0;0;0;3937;0;0;89;0;80;0;
28873;8630145;1033601024;28348416;1122684928;0;0;0;0;0;0;0;0;0;0;0;5621;0;0;89;0;80;0;
28874;6138993;1033601024;28348416;1122684928;0;0;0;0;0;0;0;0;0;0;0;4879;0;0;89;0;80;0;
28875;6633009;1033601024;28348416;1122684928;0;0;0;0;0;0;0;0;0;0;0;4469;0;0;89;0;80;0;
28876;6817616;1033601024;28348416;1122684928;0;0;0;0;0;0;0;0;0;0;0;5600;0;0;89;0;80;0;
28877;8094981;1033601024;28348416;1122684928;0;0;0;0;0;0;0;0;0;0;0;4609;0;0;89;0;80;0;
28878;6676341;1033601024;28348416;1122684928;0;0;0;0;0;0;0;0;0;0;0;4959;0;0;89;0;80;0;
28879;7074468;1033601024;28348416;1122684928;0;0;0;0;0;0;0;0;0;0;0;5109;0;0;89;0;80;0;
28880;5813352;1033601024;28348416;1122684928;0;0;0;0;0;0;0;0;0;0;0;4148;0;0;89;0;80;0;
28881;7289951;1033601024;28348416;1122684928;0;0;0;0;0;0;0;0;0;0;0;4919;0;0;89;0;80;0;
28882;7542244;1033601024;28348416;1122684928;0;0;0;0;0;0;0;0;0;0;0;5791;0;0;89;0;80;0;
28883;8165123;1033601024;28348416;1122684928;0;0;0;0;0;0;0;0;0;0;0;4028;0;0;89;0;80;0;
28884;7291104;1033601024;28348416;1122684928;0;0;0;0;0;0;0;0;0;0;0;4468;0;0;89;0;80;0;
28885;7303307;1033601024;28348416;1122684928;0;0;0;0;0;0;0;0;0;0;0;5410;0;0;89;0;80;0;
28886;6996151;1033601024;28348416;1122684928;0;0;0;0;0;0;0;0;0;0;0;4799;0;0;89;0;80;0;
28887;6261684;1033601024;28348416;1122684928;0;0;0;0;0;0;0;0;0;0;0;4068;0;0;89;0;80;0;
28888;7153646;1033601024;28348416;1122684928;0;0;0;0;0;0;0;0;0;0;0;4037;0;0;89;0;80;0;
28889;8098127;1033601024;28348416;1122684928;0;0;0;0;0;0;0;0;0;0;0;5360;0;0;89;0;80;0;
28890;6927431;1033601024;28348416;1122684928;0;0;0;0;0;0;0;0;0;0;0;5721;0;0;89;0;80;0;
28891;7317533;1033601024;28348416;1122684928;0;0;0;0;0;0;0;0;0;0;0;4097;0;0;89;0;80;0;
28892;8290277;1033601024;28348416;1122684928;0;0;0;0;0;0;0;0;0;0;0;4879;0;0;89;0;80;0;
28893;7263642;1033601024;28348416;1122684928;0;0;0;0;0;0;0;0;0;0;0;5269;0;0;89;0;80;0;
28894;7400869;1033601024;28348416;1122684928;0;0;0;0;0;0;0;0;0;0;0;4489;0;0;89;0;80;0;
28895;7339043;1033601024;28348416;1122684928;0;0;0;0;0;0;0;0;0;0;0;4599;0;0;89;0;80;0;
28896;6423116;1033601024;28348416;1122684928;0;0;0;0;0;0;0;0;0;0;0;6041;0;0;89;0;80;0;
28897;9880149;1033601024;28348416;1122684928;0;0;0;0;0;0;0;0;0;0;0;4148;0;0;89;0;80;0;
28898;7410527;1033601024;28348416;1122684928;0;0;0;0;0;0;0;0;0;0;0;4117;0;0;89;0;80;0;
28899;8151978;1033601024;28348416;1122684928;0;0;0;0;0;0;0;0;0;0;0;4880;0;0;89;0;80;0;
28900;7757138;1033601024;28348416;1122684928;0;0;0;0;0;0;0;0;0;0;0;4067;0;0;89;0;80;0;
28901;9239859;1033601024;28348416;1122684928;0;0;0;0;0;0;0;0;0;0;0;5861;0;0;89;0;80;0;
28902;5379048;1033601024;28348416;1122684928;0;0;0;0;0;0;0;0;0;0;0;5541;0;0;89;0;80;0;
28903;6661413;1033601024;28348416;1122684928;0;0;0;0;0;0;0;0;0;0;0;4849;0;0;89;0;80;0;
28904;6269557;1033601024;28348416;1122684928;0;0;0;0;0;0;0;0;0;0;0;5911;0;0;89;0;80;0;
28905;7535061;1033601024;28348416;1122684928;0;0;0;0;0;0;0;0;0;0;0;4047;0;0;89;0;80;0;
28906;8667395;1033601024;28348416;1122684928;0;0;0;0;0;0;0;0;0;0;0;5610;0;0;89;0;80;0;
28907;7283839;1033601024;28348416;1122684928;0;0;0;0;0;0;0;0;0;0;0;5130;0;0;89;0;80;0;
28908;7682077;1033601024;28348416;1122684928;0;0;0;0;0;0;0;0;0;0;0;4850;0;0;89;0;80;0;
28909;6785285;1033601024;28348416;1122684928;0;0;0;0;0;0;0;0;0;0;0;5560;0;0;89;0;80;0;
28910;8063613;1033601024;28348416;1122684928;0;0;0;0;0;0;0;0;0;0;0;4348;0;0;89;0;80;0;
28911;7397974;1033601024;28348416;1122684928;0;0;0;0;0;0;0;0;0;0;0;5230;0;0;89;0;80;0;
28912;5942765;1033601024;28348416;1122684928;0;0;0;0;0;0;0;0;0;0;0;4358;0;0;89;0;80;0;
28913;7234327;1033601024;28348416;1122684928;0;0;0;0;0;0;0;0;0;0;0;4939;0;0;89;0;80;0;
28914;7353300;1033601024;28348416;1122684928;0;0;0;0;0;0;0;0;0;0;0;5160;0;0;89;0;80;0;
28915;7317443;1033601024;28348416;1122684928;0;0;0;0;0;0;0;0;0;0;0;5640;0;0;89;0;80;0;
28916;8558039;1033601024;28348416;1122684928;0;0;0;0;0;0;0;0;0;0;0;4408;0;0;89;0;80;0;
28917;8831553;1033601024;28348416;1122684928;0;0;0;0;0;0;0;0;0;0;0;5421;0;0;89;0;80;0;
28918;7642793;1033601024;28348416;1122684928;0;0;0;0;0;0;0;0;0;0;0;3898;0;0;89;0;80;0;
28919;8287582;1033601024;28348416;1122684928;0;0;0;0;0;0;0;0;0;0;0;4178;0;0;89;0;80;0;
28920;5842677;1033601024;28348416;1122684928;0;0;0;0;0;0;0;0;0;0;0;3877;0;0;89;0;80;0;
28921;7405037;1033601024;28348416;1122684928;0;0;0;0;0;0;0;0;0;0;0;5400;0;0;89;0;80;0;
28922;5838329;1033601024;28348416;1122684928;0;0;0;0;0;0;0;0;0;0;0;3626;0;0;89;0;80;0;
28923;7490217;1033601024;28348416;1122684928;0;0;0;0;0;0;0;0;0;0;0;4819;0;0;89;0;80;0;
28924;5750695;1033601024;28348416;1122684928;0;0;0;0;0;0;0;0;0;0;0;3506;0;0;89;0;80;0;
28925;7472264;1033601024;28348416;1122684928;0;0;0;0;0;0;0;0;0;0;0;5320;0;0;89;0;80;0;
28926;6112273;1033601024;28348416;1122684928;0;0;0;0;0;0;0;0;0;0;0;4148;0;0;89;0;80;0;
28927;8214535;1033601024;28348416;1122684928;0;0;0;0;0;0;0;0;0;0;0;58430;0;0;89;0;80;0;
28928;7916667;1033601024;28348416;1122684928;0;0;0;0;0;0;0;0;0;0;0;4018;0;0;89;0;80;0;
28929;6708240;1033601024;28348416;1122684928;0;0;0;0;0;0;0;0;0;0;0;7985;0;0;89;0;80;0;
28930;7410057;1033601024;28348416;1122684928;0;0;0;0;0;0;0;0;0;0;0;3256;0;0;89;0;80;0;
28931;6819389;1033601024;28348416;1122684928;0;0;0;0;0;0;0;0;0;0;0;5179;0;0;89;0;80;0;
28932;7092481;1033601024;28348416;1122684928;0;0;0;0;0;0;0;0;0;0;0;4609;0;0;89;0;80;0;
28933;7328204;1033601024;28348416;1122684928;0;0;0;0;0;0;0;0;0;0;0;5761;0;0;89;0;80;0;
28934;6650703;1033601024;28348416;1122684928;0;0;0;0;0;0;0;0;0;0;0;4409;0;0;89;0;80;0;
28935;8210678;1033601024;28348416;1122684928;0;0;0;0;0;0;0;0;0;0;0;4899;0;0;89;0;80;0;
28936;6642607;1033601024;28348416;1122684928;0;0;0;0;0;0;0;0;0;0;0;4178;0;0;89;0;80;0;
28937;7153866;1033601024;28348416;1122684928;0;0;0;0;0;0;0;0;0;0;0;4579;0;0;89;0;80;0;
28938;6816223;1033601024;28348416;1122684928;0;0;0;0;0;0;0;0;0;0;0;3617;0;0;89;0;80;0;
28939;6537030;1033601024;28348416;1122684928;0;0;0;0;0;0;0;0;0;0;0;4559;0;0;89;0;80;0;
28940;7187549;1033601024;28348416;1122684928;0;0;0;0;0;0;0;0;0;0;0;4648;0;0;89;0;80;0;
28941;7414776;1033601024;28356608;1122693120;0;0;0;0;0;0;0;0;0;0;0;4338;0;0;89;0;80;0;
28942;6396306;1033601024;28360704;1122697216;0;0;0;0;0;0;0;0;0;0;0;4198;0;0;89;0;80;0;
28943;7297315;1033601024;28360704;1122697216;0;0;0;0;0;0;0;0;0;0;0;4538;0;0;89;0;80;0;
28944;8899119;1033601024;28360704;1122697216;0;0;0;0;0;0;0;0;0;0;0;3787;0;0;89;0;80;0;
28945;7500356;1033601024;28360704;1122697216;0;0;0;0;0;0;0;0;0;0;0;4759;0;0;89;0;80;0;
28946;6623551;1033601024;28360704;1122697216;0;0;0;0;0;0;0;0;0;0;0;5150;0;0;89;0;80;0;
28947;9421369;1033601024;28360704;1122697216;0;0;0;0;0;0;0;0;0;0;0;4789;0;0;89;0;80;0;
28948;6208443;1033605120;28352512;1122689024;0;0;0;0;0;0;0;0;0;0;0;3597;0;0;89;0;80;0;
28949;8010192;1033605120;28352512;1122689024;0;0;0;0;0;0;0;0;0;0;0;3737;0;0;89;0;80;0;
28950;9763159;1033605120;28352512;1122689024;0;0;0;0;0;0;0;0;0;0;0;3937;0;0;89;0;80;0;
28951;7423652;1033605120;28352512;1122689024;0;0;0;0;0;0;0;0;0;0;0;5531;0;0;89;0;80;0;
28952;5710770;1033605120;28352512;1122689024;0;0;0;0;0;0;0;0;0;0;0;3807;0;0;89;0;80;0;
28953;6667394;1033605120;28352512;1122689024;0;0;0;0;0;0;0;0;0;0;0;5951;0;0;89;0;80;0;
28954;6402778;1033605120;28352512;1122689024;0;0;0;0;0;0;0;0;0;0;0;4348;0;0;89;0;80;0;
28955;6844406;1033605120;28352512;1122689024;0;0;0;0;0;0;0;0;0;0;0;4168;0;0;89;0;80;0;
28956;6366079;1033605120;28352512;1122689024;0;0;0;0;0;0;0;0;0;0;0;4348;0;0;89;0;80;0;
28957;7317964;1033605120;28352512;1122689024;0;0;0;0;0;0;0;0;0;0;0;4118;0;0;89;0;80;0;
28958;8814280;1033605120;28352512;1122689024;0;0;0;0;0;0;0;0;0;0;0;4308;0;0;89;0;80;0;
28959;5097590;1033605120;28352512;1122689024;0;0;0;0;0;0;0;0;0;0;0;3276;0;0;89;0;80;0;
28960;4305014;1033605120;28352512;1122689024;0;0;0;0;0;0;0;0;0;0;0;3015;0;0;89;0;80;0;
28961;5510995;1033605120;28352512;1122689024;0;0;0;0;0;0;0;0;0;0;0;2675;0;0;89;0;80;0;
28962;4370467;1033605120;28352512;1122689024;0;0;0;0;0;0;0;0;0;0;0;4078;0;0;89;0;80;0;
28963;6320754;1033605120;28352512;1122689024;0;0;0;0;0;0;0;0;0;0;0;2846;0;0;89;0;80;0;
28964;4226306;1033605120;28352512;1122689024;0;0;0;0;0;0;0;0;0;0;0;3176;0;0;89;0;80;0;
28965;5324505;1033605120;28352512;1122689024;0;0;0;0;0;0;0;0;0;0;0;2815;0;0;89;0;80;0;
28966;3414333;1033605120;28352512;1122689024;0;0;0;0;0;0;0;0;0;0;0;2866;0;0;89;0;80;0;
28967;5567451;1033605120;28352512;1122689024;0;0;0;0;0;0;0;0;0;0;0;3797;0;0;89;0;80;0;
28968;4383871;1033605120;28352512;1122689024;0;0;0;0;0;0;0;0;0;0;0;3046;0;0;89;0;80;0;
28969;5951522;1033605120;28352512;1122689024;0;0;0;0;0;0;0;0;0;0;0;3346;0;0;89;0;80;0;
28970;4782368;1033605120;28352512;1122689024;0;0;0;0;0;0;0;0;0;0;0;2845;0;0;89;0;80;0;
28971;5989282;1033605120;28352512;1122689024;0;0;0;0;0;0;0;0;0;0;0;3156;0;0;89;0;80;0;
28972;6435609;1033605120;28352512;1122689024;0;0;0;0;0;0;0;0;0;0;0;3647;0;0;89;0;80;0;
28973;5808213;1033605120;28352512;1122689024;0;0;0;0;0;0;0;0;0;0;0;3246;0;0;89;0;80;0;
28974;5665295;1033605120;28352512;1122689024;0;0;0;0;0;0;0;0;0;0;0;3186;0;0;89;0;80;0;
28975;5945159;1033605120;28352512;1122689024;0;0;0;0;0;0;0;0;0;0;0;3286;0;0;89;0;80;0;
28976;5083864;1033605120;28352512;1122689024;0;0;0;0;0;0;0;0;0;0;0;3727;0;0;89;0;80;0;
28977;5368618;1033605120;28352512;1122689024;0;0;0;0;0;0;0;0;0;0;0;3246;0;0;89;0;80;0;
28978;4001314;1033605120;28352512;1122689024;0;0;0;0;0;0;0;0;0;0;0;3196;0;0;89;0;80;0;
28979;5269442;1033605120;28352512;1122689024;0;0;0;0;0;0;0;0;0;0;0;3066;0;0;89;0;80;0;
28980;4749818;1033605120;28352512;1122689024;0;0;0;0;0;0;0;0;0;0;0;3406;0;0;89;0;80;0;
28981;6772491;1033605120;28352512;1122689024;0;0;0;0;0;0;0;0;0;0;0;3667;0;0;89;0;80;0;
28982;5520724;1033605120;28352512;1122689024;0;0;0;0;0;0;0;0;0;0;0;4098;0;0;89;0;80;0;
28983;5937996;1033605120;28352512;1122689024;0;0;0;0;0;0;0;0;0;0;0;2936;0;0;89;0;80;0;
28984;4251172;1033605120;28352512;1122689024;0;0;0;0;0;0;0;0;0;0;0;3586;0;0;89;0;80;0;
28985;5569836;1033605120;28352512;1122689024;0;0;0;0;0;0;0;0;0;0;0;3777;0;0;89;0;80;0;
28986;4333257;1033605120;28352512;1122689024;0;0;0;0;0;0;0;0;0;0;0;3237;0;0;89;0;80;0;
28987;6166604;1033605120;28352512;1122689024;0;0;0;0;0;0;0;0;0;0;0;3126;0;0;89;0;80;0;
28988;3390990;1033605120;28352512;1122689024;0;0;0;0;0;0;0;0;0;0;0;32010;0;0;89;0;80;0;
28989;5882352;1033605120;28352512;1122689024;0;0;0;0;0;0;0;0;0;0;0;3316;0;0;89;0;80;0;
28990;4634512;1033605120;28352512;1122689024;0;0;0;0;0;0;0;0;0;0;0;3286;0;0;89;0;80;0;
28991;5064888;1033605120;28352512;1122689024;0;0;0;0;0;0;0;0;0;0;0;3546;0;0;89;0;80;0;
28992;3589071;1033605120;28352512;1122689024;0;0;0;0;0;0;0;0;0;0;0;2816;0;0;89;0;80;0;
28993;5664423;1033605120;28352512;1122689024;0;0;0;0;0;0;0;0;0;0;0;2665;0;0;89;0;80;0;
28994;3712502;1033605120;28352512;1122689024;0;0;0;0;0;0;0;0;0;0;0;3396;0;0;89;0;80;0;
28995;5422248;1033605120;28352512;1122689024;0;0;0;0;0;0;0;0;0;0;0;3105;0;0;89;0;80;0;
28996;4201920;1033605120;28352512;1122689024;0;0;0;0;0;0;0;0;0;0;0;3306;0;0;89;0;80;0;
28997;11580418;1033605120;28352512;1122689024;0;0;0;0;0;0;0;0;0;0;0;2535;0;0;89;0;80;0;
28998;4052650;1033605120;28352512;1122689024;0;0;0;0;0;0;0;0;0;0;0;3747;0;0;89;0;80;0;
28999;6581963;1033605120;28352512;1122689024;0;0;0;0;0;0;0;0;0;0;0;3637;0;0;89;0;80;0;
29000;4189638;1033605120;28352512;1122689024;0;0;0;0;0;0;0;0;0;0;0;3236;0;0;89;0;80;0;
29001;5458868;1033605120;28352512;1122689024;0;0;0;0;0;0;0;0;0;0;0;3015;0;0;89;0;80;0;
29002;3845752;1033605120;28352512;1122689024;0;0;0;0;0;0;0;0;0;0;0;3376;0;0;89;0;80;0;
29003;5810667;1033605120;28352512;1122689024;0;0;0;0;0;0;0;0;0;0;0;4168;0;0;89;0;80;0;
29004;4353785;1033605120;28352512;1122689024;0;0;0;0;0;0;0;0;0;0;0;2776;0;0;89;0;80;0;
29005;5954146;1033605120;28352512;1122689024;0;0;0;0;0;0;0;0;0;0;0;3426;0;0;89;0;80;0;
29006;4164941;1033605120;28352512;1122689024;0;0;0;0;0;0;0;0;0;0;0;2986;0;0;89;0;80;0;
29007;5431315;1033605120;28352512;1122689024;0;0;0;0;0;0;0;0;0;0;0;3296;0;0;89;0;80;0;
29008;3395527;1033605120;28352512;1122689024;0;0;0;0;0;0;0;0;0;0;0;3677;0;0;89;0;80;0;
29009;5589132;1033605120;28352512;1122689024;0;0;0;0;0;0;0;0;0;0;0;3267;0;0;89;0;80;0;
29010;3666866;1033605120;28352512;1122689024;0;0;0;0;0;0;0;0;0;0;0;2525;0;0;89;0;80;0;
29011;5262188;1033605120;28352512;1122689024;0;0;0;0;0;0;0;0;0;0;0;3076;0;0;89;0;80;0;
29012;4809039;1033605120;28352512;1122689024;0;0;0;0;0;0;0;0;0;0;0;2986;0;0;89;0;80;0;
29013;5459759;1033605120;28352512;1122689024;0;0;0;0;0;0;0;0;0;0;0;3577;0;0;89;0;80;0;
29014;4737585;1033605120;28352512;1122689024;0;0;0;0;0;0;0;0;0;0;0;3587;0;0;89;0;80;0;
29015;5849981;1033605120;28352512;1122689024;0;0;0;0;0;0;0;0;0;0;0;3757;0;0;89;0;80;0;
29016;4846048;1033605120;28352512;1122689024;0;0;0;0;0;0;0;0;0;0;0;3877;0;0;89;0;80;0;
29017;5682126;1033605120;28352512;1122689024;0;0;0;0;0;0;0;0;0;0;0;4138;0;0;89;0;80;0;
29018;6069263;1033605120;28352512;1122689024;0;0;0;0;0;0;0;0;0;0;0;4669;0;0;89;0;80;0;
29019;6164581;1033605120;28352512;1122689024;0;0;0;0;0;0;0;0;0;0;0;4439;0;0;89;0;80;0;
29020;4527231;1033605120;28352512;1122689024;0;0;0;0;0;0;0;0;0;0;0;4439;0;0;89;0;80;0;
29021;6038174;1033605120;28352512;1122689024;0;0;0;0;0;0;0;0;0;0;0;4178;0;0;89;0;80;0;
29022;4971533;1033605120;28352512;1122689024;0;0;0;0;0;0;0;0;0;0;0;3346;0;0;89;0;80;0;
29023;6082066;1033605120;28352512;1122689024;0;0;0;0;0;0;0;0;0;0;0;3216;0;0;89;0;80;0;
29024;4236605;1033605120;28352512;1122689024;0;0;0;0;0;0;0;0;0;0;0;3927;0;0;89;0;80;0;
29025;5654375;1033605120;28352512;1122689024;0;0;0;0;0;0;0;0;0;0;0;4017;0;0;89;0;80;0;
29026;4633530;1033605120;28352512;1122689024;0;0;0;0;0;0;0;0;0;0;0;3416;0;0;89;0;80;0;
29027;6386658;1033605120;28352512;1122689024;0;0;0;0;0;0;0;0;0;0;0;4007;0;0;89;0;80;0;
29028;5067103;1033605120;28352512;1122689024;0;0;0;0;0;0;0;0;0;0;0;3997;0;0;89;0;80;0;
29029;6339128;1033605120;28352512;1122689024;0;0;0;0;0;0;0;0;0;0;0;3887;0;0;89;0;80;0;
29030;3752357;1033605120;28352512;1122689024;0;0;0;0;0;0;0;0;0;0;0;2966;0;0;89;0;80;0;
29031;6440268;1033605120;28352512;1122689024;0;0;0;0;0;0;0;0;0;0;0;4048;0;0;89;0;80;0;
29032;4372360;1033605120;28352512;1122689024;0;0;0;0;0;0;0;0;0;0;0;3417;0;0;89;0;80;0;
29033;5433920;1033605120;28352512;1122689024;0;0;0;0;0;0;0;0;0;0;0;3848;0;0;89;0;80;0;
29034;4843884;1033605120;28352512;1122689024;0;0;0;0;0;0;0;0;0;0;0;3556;0;0;89;0;80;0;
29035;6047501;1033605120;28352512;1122689024;0;0;0;0;0;0;0;0;0;0;0;3436;0;0;89;0;80;0;
29036;5128558;1033605120;28352512;1122689024;0;0;0;0;0;0;0;0;0;0;0;3186;0;0;89;0;80;0;
29037;5469998;1033605120;28352512;1122689024;0;0;0;0;0;0;0;0;0;0;0;4028;0;0;89;0;80;0;
29038;4583075;1033605120;28352512;1122689024;0;0;0;0;0;0;0;0;0;0;0;3817;0;0;89;0;80;0;
29039;6166635;1033605120;28352512;1122689024;0;0;0;0;0;0;0;0;0;0;0;3857;0;0;89;0;80;0;
29040;5372496;1033605120;28352512;1122689024;0;0;0;0;0;0;0;0;0;0;0;4077;0;0;89;0;80;0;
29041;6112063;1033605120;28352512;1122689024;0;0;0;0;0;0;0;0;0;0;0;3627;0;0;89;0;80;0;
29042;4720824;1033605120;28352512;1122689024;0;0;0;0;0;0;0;0;0;0;0;3887;0;0;89;0;80;0;
29043;5523458;1033605120;28352512;1122689024;0;0;0;0;0;0;0;0;0;0;0;3366;0;0;89;0;80;0;
29044;4952378;1033605120;28352512;1122689024;0;0;0;0;0;0;0;0;0;0;0;3397;0;0;89;0;80;0;
29045;5209209;1033605120;28352512;1122689024;0;0;0;0;0;0;0;0;0;0;0;4148;0;0;89;0;80;0;
29046;5617906;1033605120;28352512;1122689024;0;0;0;0;0;0;0;0;0;0;0;3025;0;0;89;0;80;0;
29047;5674171;1033605120;28352512;1122689024;0;0;0;0;0;0;0;0;0;0;0;3065;0;0;89;0;80;0;
29048;5009936;1033605120;28352512;1122689024;0;0;0;0;0;0;0;0;0;0;0;3006;0;0;89;0;80;0;
29049;6132010;1033605120;28352512;1122689024;0;0;0;0;0;0;0;0;0;0;0;3556;0;0;89;0;80;0;
29050;4874542;1033605120;28352512;1122689024;0;0;0;0;0;0;0;0;0;0;0;4117;0;0;89;0;80;0;
29051;6269978;1033605120;28352512;1122689024;0;0;0;0;0;0;0;0;0;0;0;3236;0;0;89;0;80;0;
29052;4186612;1033605120;28352512;1122689024;0;0;0;0;0;0;0;0;0;0;0;3437;0;0;89;0;80;0;
29053;6431521;1033605120;28352512;1122689024;0;0;0;0;0;0;0;0;0;0;0;3637;0;0;89;0;80;0;
29054;3620961;1033605120;28352512;1122689024;0;0;0;0;0;0;0;0;0;0;0;4108;0;0;89;0;80;0;
29055;6170703;1033605120;28352512;1122689024;0;0;0;0;0;0;0;0;0;0;0;3427;0;0;89;0;80;0;
29056;4179899;1033605120;28352512;1122689024;0;0;0;0;0;0;0;0;0;0;0;3396;0;0;89;0;80;0;
29057;5985665;1033605120;28352512;1122689024;0;0;0;0;0;0;0;0;0;0;0;3857;0;0;89;0;80;0;
29058;5810106;1033605120;28352512;1122689024;0;0;0;0;0;0;0;0;0;0;0;3767;0;0;89;0;80;0;
29059;6580632;1033605120;28352512;1122689024;0;0;0;0;0;0;0;0;0;0;0;3246;0;0;89;0;80;0;
29060;5221082;1033605120;28352512;1122689024;0;0;0;0;0;0;0;0;0;0;0;3106;0;0;89;0;80;0;
29061;5314166;1033605120;28352512;1122689024;0;0;0;0;0;0;0;0;0;0;0;3467;0;0;89;0;80;0;
29062;5735226;1033605120;28352512;1122689024;0;0;0;0;0;0;0;0;0;0;0;3257;0;0;89;0;80;0;
29063;6076375;1033605120;28352512;1122689024;0;0;0;0;0;0;0;0;0;0;0;3436;0;0;89;0;80;0;
29064;4065494;1033605120;28352512;1122689024;0;0;0;0;0;0;0;0;0;0;0;3747;0;0;89;0;80;0;
29065;6612671;1033605120;28352512;1122689024;0;0;0;0;0;0;0;0;0;0;0;3536;0;0;89;0;80;0;
29066;3799315;1033605120;28352512;1122689024;0;0;0;0;0;0;0;0;0;0;0;3447;0;0;89;0;80;0;
29067;5888242;1033605120;28352512;1122689024;0;0;0;0;0;0;0;0;0;0;0;3417;0;0;89;0;80;0;
29068;4343165;1033605120;28352512;1122689024;0;0;0;0;0;0;0;0;0;0;0;3677;0;0;89;0;80;0;
29069;5847977;1033605120;28352512;1122689024;0;0;0;0;0;0;0;0;0;0;0;3337;0;0;89;0;80;0;
29070;4332986;1033605120;28352512;1122689024;0;0;0;0;0;0;0;0;0;0;0;3397;0;0;89;0;80;0;
29071;5539308;1033605120;28352512;1122689024;0;0;0;0;0;0;0;0;0;0;0;3386;0;0;89;0;80;0;
29072;4895451;1033605120;28352512;1122689024;0;0;0;0;0;0;0;0;0;0;0;3256;0;0;89;0;80;0;
29073;6582054;1033605120;28352512;1122689024;0;0;0;0;0;0;0;0;0;0;0;186940;0;0;89;0;80;0;
29074;4911280;1033605120;28352512;1122689024;0;0;0;0;0;0;0;0;0;0;0;3386;0;0;89;0;80;0;
29075;7044912;1033605120;28352512;1122689024;0;0;0;0;0;0;0;0;0;0;0;4278;0;0;89;0;80;0;
29076;4347713;1033605120;28352512;1122689024;0;0;0;0;0;0;0;0;0;0;0;3747;0;0;89;0;80;0;
29077;6859264;1033605120;28352512;1122689024;0;0;0;0;0;0;0;0;0;0;0;3807;0;0;89;0;80;0;
29078;5914532;1033605120;28352512;1122689024;0;0;0;0;0;0;0;0;0;0;0;3476;0;0;89;0;80;0;
29079;5209700;1033605120;28352512;1122689024;0;0;0;0;0;0;0;0;0;0;0;3907;0;0;89;0;80;0;
29080;5134058;1033605120;28352512;1122689024;0;0;0;0;0;0;0;0;0;0;0;3316;0;0;89;0;80;0;
29081;5466141;1033605120;28352512;1122689024;0;0;0;0;0;0;0;0;0;0;0;3296;0;0;89;0;80;0;
29082;4337535;1033605120;28352512;1122689024;0;0;0;0;0;0;0;0;0;0;0;3887;0;0;89;0;80;0;
29083;5890436;1033605120;28352512;1122689024;0;0;0;0;0;0;0;0;0;0;0;3467;0;0;89;0;80;0;
29084;4866006;1033605120;28352512;1122689024;0;0;0;0;0;0;0;0;0;0;0;4028;0;0;89;0;80;0;
29085;6358895;1033605120;28352512;1122689024;0;0;0;0;0;0;0;0;0;0;0;3727;0;0;89;0;80;0;
29086;4922381;1033605120;28352512;1122689024;0;0;0;0;0;0;0;0;0;0;0;3717;0;0;89;0;80;0;
29087;5887362;1033605120;28352512;1122689024;0;0;0;0;0;0;0;0;0;0;0;3968;0;0;89;0;80;0;
29088;3782904;1033605120;28352512;1122689024;0;0;0;0;0;0;0;0;0;0;0;3887;0;0;89;0;80;0;
29089;6742745;1033605120;28352512;1122689024;0;0;0;0;0;0;0;0;0;0;0;3967;0;0;89;0;80;0;
29090;3936923;1033605120;28352512;1122689024;0;0;0;0;0;0;0;0;0;0;0;3256;0;0;89;0;80;0;
29091;6542270;1033605120;28352512;1122689024;0;0;0;0;0;0;0;0;0;0;0;3727;0;0;89;0;80;0;
29092;4017014;1033605120;28352512;1122689024;0;0;0;0;0;0;0;0;0;0;0;3436;0;0;89;0;80;0;
29093;6218091;1033605120;28352512;1122689024;0;0;0;0;0;0;0;0;0;0;0;3497;0;0;89;0;80;0;
29094;5304007;1033605120;28352512;1122689024;0;0;0;0;0;0;0;0;0;0;0;3938;0;0;89;0;80;0;
29095;5641350;1033605120;28352512;1122689024;0;0;0;0;0;0;0;0;0;0;0;3798;0;0;89;0;80;0;
29096;4158889;1033605120;28352512;1122689024;0;0;0;0;0;0;0;0;0;0;0;3667;0;0;89;0;80;0;
29097;6371980;1033605120;28352512;1122689024;0;0;0;0;0;0;0;0;0;0;0;3066;0;0;89;0;80;0;
29098;4398288;1033605120;28352512;1122689024;0;0;0;0;0;0;0;0;0;0;0;4158;0;0;89;0;80;0;
29099;6414550;1033605120;28352512;1122689024;0;0;0;0;0;0;0;0;0;0;0;3547;0;0;89;0;80;0;
29100;3763508;1033605120;28352512;1122689024;0;0;0;0;0;0;0;0;0;0;0;3447;0;0;89;0;80;0;
29101;6870925;1033605120;28352512;1122689024;0;0;0;0;0;0;0;0;0;0;0;3196;0;0;89;0;80;0;
29102;4947358;1033605120;28352512;1122689024;0;0;0;0;0;0;0;0;0;0;0;3646;0;0;89;0;80;0;
29103;6184408;1033605120;28352512;1122689024;0;0;0;0;0;0;0;0;0;0;0;3487;0;0;89;0;80;0;
29104;4441920;1033605120;28352512;1122689024;0;0;0;0;0;0;0;0;0;0;0;3707;0;0;89;0;80;0;
29105;6012105;1033605120;28352512;1122689024;0;0;0;0;0;0;0;0;0;0;0;3456;0;0;89;0;80;0;
29106;3450531;1033605120;28352512;1122689024;0;0;0;0;0;0;0;0;0;0;0;3667;0;0;89;0;80;0;
29107;5521595;1033605120;28352512;1122689024;0;0;0;0;0;0;0;0;0;0;0;3657;0;0;89;0;80;0;
29108;4794171;1033605120;28352512;1122689024;0;0;0;0;0;0;0;0;0;0;0;3437;0;0;89;0;80;0;
29109;5644987;1033605120;28352512;1122689024;0;0;0;0;0;0;0;0;0;0;0;3216;0;0;89;0;80;0;
29110;4100500;1033605120;28352512;1122689024;0;0;0;0;0;0;0;0;0;0;0;3606;0;0;89;0;80;0;
29111;5920683;1033605120;28352512;1122689024;0;0;0;0;0;0;0;0;0;0;0;4148;0;0;89;0;80;0;
29112;5478424;1033605120;28352512;1122689024;0;0;0;0;0;0;0;0;0;0;0;3958;0;0;89;0;80;0;
29113;5135531;1033605120;28352512;1122689024;0;0;0;0;0;0;0;0;0;0;0;3015;0;0;89;0;80;0;
29114;3791691;1033605120;28352512;1122689024;0;0;0;0;0;0;0;0;0;0;0;3156;0;0;89;0;80;0;
29115;5732230;1033605120;28352512;1122689024;0;0;0;0;0;0;0;0;0;0;0;3246;0;0;89;0;80;0;
29116;5837808;1033605120;28352512;1122689024;0;0;0;0;0;0;0;0;0;0;0;3977;0;0;89;0;80;0;
29117;5229267;1033605120;28352512;1122689024;0;0;0;0;0;0;0;0;0;0;0;3647;0;0;89;0;80;0;
29118;6485012;1033605120;28352512;1122689024;0;0;0;0;0;0;0;0;0;0;0;3306;0;0;89;0;80;0;
29119;5778296;1033605120;28352512;1122689024;0;0;0;0;0;0;0;0;0;0;0;3296;0;0;89;0;80;0;
29120;4264508;1033605120;28352512;1122689024;0;0;0;0;0;0;0;0;0;0;0;3106;0;0;89;0;80;0;
29121;5706302;1033605120;28352512;1122689024;0;0;0;0;0;0;0;0;0;0;0;3336;0;0;89;0;80;0;
29122;4957557;1033605120;28352512;1122689024;0;0;0;0;0;0;0;0;0;0;0;3887;0;0;89;0;80;0;
29123;6038545;1033605120;28352512;1122689024;0;0;0;0;0;0;0;0;0;0;0;55304;0;0;89;0;80;0;
29124;4346581;1033605120;28352512;1122689024;0;0;0;0;0;0;0;0;0;0;0;3226;0;0;89;0;80;0;
29125;5734925;1033605120;28352512;1122689024;0;0;0;0;0;0;0;0;0;0;0;3516;0;0;89;0;80;0;
29126;5519992;1033605120;28352512;1122689024;0;0;0;0;0;0;0;0;0;0;0;4258;0;0;89;0;80;0;
29127;6679797;1033605120;28352512;1122689024;0;0;0;0;0;0;0;0;0;0;0;4409;0;0;89;0;80;0;
29128;4493237;1033605120;28352512;1122689024;0;0;0;0;0;0;0;0;0;0;0;4058;0;0;89;0;80;0;
29129;6127532;1033605120;28352512;1122689024;0;0;0;0;0;0;0;0;0;0;0;3256;0;0;89;0;80;0;
29130;4452951;1033605120;28352512;1122689024;0;0;0;0;0;0;0;0;0;0;0;4098;0;0;89;0;80;0;
29131;6132590;1033605120;28352512;1122689024;0;0;0;0;0;0;0;0;0;0;0;4128;0;0;89;0;80;0;
29132;3924790;1033605120;28352512;1122689024;0;0;0;0;0;0;0;0;0;0;0;2955;0;0;89;0;80;0;
29133;6647136;1033605120;28352512;1122689024;0;0;0;0;0;0;0;0;0;0;0;3596;0;0;89;0;80;0;
29134;5789067;1033605120;28352512;1122689024;0;0;0;0;0;0;0;0;0;0;0;4188;0;0;89;0;80;0;
29135;6106843;1033605120;28352512;1122689024;0;0;0;0;0;0;0;0;0;0;0;3547;0;0;89;0;80;0;
29136;5857495;1033605120;28352512;1122689024;0;0;0;0;0;0;0;0;0;0;0;3827;0;0;89;0;80;0;
29137;5582008;1033605120;28352512;1122689024;0;0;0;0;0;0;0;0;0;0;0;3456;0;0;89;0;80;0;
29138;5367707;1033605120;28352512;1122689024;0;0;0;0;0;0;0;0;0;0;0;4098;0;0;89;0;80;0;
29139;7710991;1033605120;28352512;1122689024;0;0;0;0;0;0;0;0;0;0;0;4078;0;0;89;0;80;0;
29140;6427354;1033605120;28352512;1122689024;0;0;0;0;0;0;0;0;0;0;0;4509;0;0;89;0;80;0;
29141;7689270;1033605120;28352512;1122689024;0;0;0;0;0;0;0;0;0;0;0;4458;0;0;89;0;80;0;
29142;7051474;1033605120;28352512;1122689024;0;0;0;0;0;0;0;0;0;0;0;4468;0;0;89;0;80;0;
29143;6774355;1033605120;28352512;1122689024;0;0;0;0;0;0;0;0;0;0;0;3647;0;0;89;0;80;0;
29144;4862499;1033605120;28352512;1122689024;0;0;0;0;0;0;0;0;0;0;0;3397;0;0;89;0;80;0;
29145;5741888;1033605120;28352512;1122689024;0;0;0;0;0;0;0;0;0;0;0;3066;0;0;89;0;80;0;
29146;4024909;1033605120;28352512;1122689024;0;0;0;0;0;0;0;0;0;0;0;2976;0;0;89;0;80;0;
29147;7145631;1033605120;28352512;1122689024;0;0;0;0;0;0;0;0;0;0;0;4048;0;0;89;0;80;0;
29148;5331880;1033605120;28352512;1122689024;0;0;0;0;0;0;0;0;0;0;0;3968;0;0;89;0;80;0;
29149;6471346;1033605120;28352512;1122689024;0;0;0;0;0;0;0;0;0;0;0;4378;0;0;89;0;80;0;
29150;5375582;1033605120;28352512;1122689024;0;0;0;0;0;0;0;0;0;0;0;3927;0;0;89;0;80;0;
29151;6527942;1033605120;28352512;1122689024;0;0;0;0;0;0;0;0;0;0;0;3596;0;0;89;0;80;0;
29152;4345158;1033605120;28352512;1122689024;0;0;0;0;0;0;0;0;0;0;0;3968;0;0;89;0;80;0;
29153;7431287;1033605120;28352512;1122689024;0;0;0;0;0;0;0;0;0;0;0;3256;0;0;89;0;80;0;
29154;4578937;1033605120;28352512;1122689024;0;0;0;0;0;0;0;0;0;0;0;3567;0;0;89;0;80;0;
29155;5212655;1033605120;28352512;1122689024;0;0;0;0;0;0;0;0;0;0;0;3557;0;0;89;0;80;0;
29156;5063496;1033605120;28352512;1122689024;0;0;0;0;0;0;0;0;0;0;0;3967;0;0;89;0;80;0;
29157;6685829;1033605120;28352512;1122689024;0;0;0;0;0;0;0;0;0;0;0;3536;0;0;89;0;80;0;
29158;5290402;1033605120;28352512;1122689024;0;0;0;0;0;0;0;0;0;0;0;3356;0;0;89;0;80;0;
29159;6254099;1033605120;28352512;1122689024;0;0;0;0;0;0;0;0;0;0;0;2775;0;0;89;0;80;0;
29160;4615005;1033605120;28352512;1122689024;0;0;0;0;0;0;0;0;0;0;0;3196;0;0;89;0;80;0;
29161;6728218;1033605120;28352512;1122689024;0;0;0;0;0;0;0;0;0;0;0;4097;0;0;89;0;80;0;
29162;7256789;1033605120;28352512;1122689024;0;0;0;0;0;0;0;0;0;0;0;4578;0;0;89;0;80;0;
29163;8041701;1033605120;28352512;1122689024;0;0;0;0;0;0;0;0;0;0;0;5340;0;0;89;0;80;0;
29164;6578748;1033605120;28352512;1122689024;0;0;0;0;0;0;0;0;0;0;0;5892;0;0;89;0;80;0;
29165;6976133;1033605120;28352512;1122689024;0;0;0;0;0;0;0;0;0;0;0;4709;0;0;89;0;80;0;
29166;5854349;1033605120;28352512;1122689024;0;0;0;0;0;0;0;0;0;0;0;5300;0;0;89;0;80;0;
29167;6329009;1033605120;28352512;1122689024;0;0;0;0;0;0;0;0;0;0;0;56455;0;0;89;0;80;0;
29168;4946667;1033605120;28352512;1122689024;0;0;0;0;0;0;0;0;0;0;0;3446;0;0;89;0;80;0;
29169;7547374;1033605120;28352512;1122689024;0;0;0;0;0;0;0;0;0;0;0;3436;0;0;89;0;80;0;
29170;4862860;1033605120;28352512;1122689024;0;0;0;0;0;0;0;0;0;0;0;4007;0;0;89;0;80;0;
29171;7019845;1033605120;28352512;1122689024;0;0;0;0;0;0;0;0;0;0;0;4699;0;0;89;0;80;0;
29172;6482096;1033605120;28352512;1122689024;0;0;0;0;0;0;0;0;0;0;0;5340;0;0;89;0;80;0;
29173;6535617;1033605120;28352512;1122689024;0;0;0;0;0;0;0;0;0;0;0;4890;0;0;89;0;80;0;
29174;6716036;1033605120;28352512;1122689024;0;0;0;0;0;0;0;0;0;0;0;3577;0;0;89;0;80;0;
29175;5824904;1033605120;28352512;1122689024;0;0;0;0;0;0;0;0;0;0;0;4207;0;0;89;0;80;0;
29176;6637488;1033605120;28352512;1122689024;0;0;0;0;0;0;0;0;0;0;0;4698;0;0;89;0;80;0;
29177;12284067;1033605120;28352512;1122689024;0;0;0;0;0;0;0;0;0;0;0;3637;0;0;89;0;80;0;
29178;4904388;1033605120;28352512;1122689024;0;0;0;0;0;0;0;0;0;0;0;4789;0;0;89;0;80;0;
29179;6410281;1033605120;28352512;1122689024;0;0;0;0;0;0;0;0;0;0;0;4318;0;0;89;0;80;0;
29180;5026677;1033605120;28352512;1122689024;0;0;0;0;0;0;0;0;0;0;0;4158;0;0;89;0;80;0;
29181;7436556;1033605120;28352512;1122689024;0;0;0;0;0;0;0;0;0;0;0;4128;0;0;89;0;80;0;
29182;6213763;1033605120;28352512;1122689024;0;0;0;0;0;0;0;0;0;0;0;4318;0;0;89;0;80;0;
29183;6314372;1033605120;28352512;1122689024;0;0;0;0;0;0;0;0;0;0;0;4008;0;0;89;0;80;0;
29184;5571759;1033605120;28352512;1122689024;0;0;0;0;0;0;0;0;0;0;0;3596;0;0;89;0;80;0;
29185;5801069;1033605120;28352512;1122689024;0;0;0;0;0;0;0;0;0;0;0;3386;0;0;89;0;80;0;
29186;4044686;1033605120;28352512;1122689024;0;0;0;0;0;0;0;0;0;0;0;2875;0;0;89;0;80;0;
29187;6450858;1033605120;28352512;1122689024;0;0;0;0;0;0;0;0;0;0;0;3847;0;0;89;0;80;0;
29188;5938597;1033605120;28352512;1122689024;0;0;0;0;0;0;0;0;0;0;0;3407;0;0;89;0;80;0;
29189;5758189;1033605120;28352512;1122689024;0;0;0;0;0;0;0;0;0;0;0;3397;0;0;89;0;80;0;
29190;4375837;1033605120;28352512;1122689024;0;0;0;0;0;0;0;0;0;0;0;3086;0;0;89;0;80;0;
29191;5613788;1033605120;28352512;1122689024;0;0;0;0;0;0;0;0;0;0;0;3557;0;0;89;0;80;0;
29192;4849454;1033605120;28352512;1122689024;0;0;0;0;0;0;0;0;0;0;0;3126;0;0;89;0;80;0;
29193;6020981;1033605120;28352512;1122689024;0;0;0;0;0;0;0;0;0;0;0;2875;0;0;89;0;80;0;
29194;5170316;1033605120;28352512;1122689024;0;0;0;0;0;0;0;0;0;0;0;3566;0;0;89;0;80;0;
29195;5712333;1033605120;28352512;1122689024;0;0;0;0;0;0;0;0;0;0;0;4609;0;0;89;0;80;0;
29196;6321615;1033605120;28352512;1122689024;0;0;0;0;0;0;0;0;0;0;0;3677;0;0;89;0;80;0;
29197;6437132;1033605120;28352512;1122689024;0;0;0;0;0;0;0;0;0;0;0;4098;0;0;89;0;80;0;
29198;4855576;1033605120;28352512;1122689024;0;0;0;0;0;0;0;0;0;0;0;4389;0;0;89;0;80;0;
29199;6816874;1033605120;28352512;1122689024;0;0;0;0;0;0;0;0;0;0;0;3817;0;0;89;0;80;0;
29200;5385750;1033605120;28352512;1122689024;0;0;0;0;0;0;0;0;0;0;0;3366;0;0;89;0;80;0;
29201;6221318;1033605120;28352512;1122689024;0;0;0;0;0;0;0;0;0;0;0;3366;0;0;89;0;80;0;
29202;4241644;1033605120;28352512;1122689024;0;0;0;0;0;0;0;0;0;0;0;3447;0;0;89;0;80;0;
29203;6538522;1033605120;28352512;1122689024;0;0;0;0;0;0;0;0;0;0;0;3617;0;0;89;0;80;0;
29204;6002888;1033605120;28352512;1122689024;0;0;0;0;0;0;0;0;0;0;0;4358;0;0;89;0;80;0;
29205;7226272;1033605120;28352512;1122689024;0;0;0;0;0;0;0;0;0;0;0;4218;0;0;89;0;80;0;
29206;5146231;1033605120;28352512;1122689024;0;0;0;0;0;0;0;0;0;0;0;3236;0;0;89;0;80;0;
29207;6305987;1033605120;28352512;1122689024;0;0;0;0;0;0;0;0;0;0;0;3707;0;0;89;0;80;0;
29208;5496128;1033605120;28352512;1122689024;0;0;0;0;0;0;0;0;0;0;0;3357;0;0;89;0;80;0;
29209;6419128;1033605120;28352512;1122689024;0;0;0;0;0;0;0;0;0;0;0;2955;0;0;89;0;80;0;
29210;5883844;1033605120;28352512;1122689024;0;0;0;0;0;0;0;0;0;0;0;4488;0;0;89;0;80;0;
29211;6797618;1033605120;28352512;1122689024;0;0;0;0;0;0;0;0;0;0;0;3076;0;0;89;0;80;0;
29212;4379213;1033605120;28352512;1122689024;0;0;0;0;0;0;0;0;0;0;0;3537;0;0;89;0;80;0;
29213;6969922;1033605120;28352512;1122689024;0;0;0;0;0;0;0;0;0;0;0;3166;0;0;89;0;80;0;
29214;4119906;1033605120;28352512;1122689024;0;0;0;0;0;0;0;0;0;0;0;2765;0;0;89;0;80;0;
29215;5883083;1033605120;28352512;1122689024;0;0;0;0;0;0;0;0;0;0;0;3006;0;0;89;0;80;0;
29216;4793540;1033605120;28352512;1122689024;0;0;0;0;0;0;0;0;0;0;0;3296;0;0;89;0;80;0;
29217;5190655;1033605120;28352512;1122689024;0;0;0;0;0;0;0;0;0;0;0;2906;0;0;89;0;80;0;
29218;3506666;1033605120;28352512;1122689024;0;0;0;0;0;0;0;0;0;0;0;3136;0;0;89;0;80;0;
29219;7004476;1033605120;28352512;1122689024;0;0;0;0;0;0;0;0;0;0;0;3697;0;0;89;0;80;0;
29220;5712012;1033605120;28352512;1122689024;0;0;0;0;0;0;0;0;0;0;0;4609;0;0;89;0;80;0;
29221;7260517;1033605120;28352512;1122689024;0;0;0;0;0;0;0;0;0;0;0;3667;0;0;89;0;80;0;
29222;7659495;1033605120;28352512;1122689024;0;0;0;0;0;0;0;0;0;0;0;4458;0;0;89;0;80;0;
29223;6124396;1033605120;28352512;1122689024;0;0;0;0;0;0;0;0;0;0;0;3898;0;0;89;0;80;0;
29224;5306612;1033605120;28352512;1122689024;0;0;0;0;0;0;0;0;0;0;0;4739;0;0;89;0;80;0;
29225;7009215;1033605120;28352512;1122689024;0;0;0;0;0;0;0;0;0;0;0;3838;0;0;89;0;80;0;
29226;5319837;1033605120;28352512;1122689024;0;0;0;0;0;0;0;0;0;0;0;80962;0;0;89;0;80;0;
29227;7105426;1033605120;28352512;1122689024;0;0;0;0;0;0;0;0;0;0;0;3216;0;0;89;0;80;0;
29228;3772505;1033605120;28352512;1122689024;0;0;0;0;0;0;0;0;0;0;0;3497;0;0;89;0;80;0;
29229;6133383;1033605120;28352512;1122689024;0;0;0;0;0;0;0;0;0;0;0;4408;0;0;89;0;80;0;
29230;5441285;1033605120;28352512;1122689024;0;0;0;0;0;0;0;0;0;0;0;4077;0;0;89;0;80;0;
29231;6740722;1033605120;28352512;1122689024;0;0;0;0;0;0;0;0;0;0;0;33683;0;0;89;0;80;0;
29232;6375036;1033605120;28352512;1122689024;0;0;0;0;0;0;0;0;0;0;0;4900;0;0;89;0;80;0;
29233;7257050;1033605120;28352512;1122689024;0;0;0;0;0;0;0;0;0;0;0;4718;0;0;89;0;80;0;
29234;4930566;1033605120;28352512;1122689024;0;0;0;0;0;0;0;0;0;0;0;4618;0;0;89;0;80;0;
29235;6059434;1033605120;28352512;1122689024;0;0;0;0;0;0;0;0;0;0;0;3917;0;0;89;0;80;0;
29236;5361294;1033605120;28352512;1122689024;0;0;0;0;0;0;0;0;0;0;0;4308;0;0;89;0;80;0;
29237;5748631;1033605120;28352512;1122689024;0;0;0;0;0;0;0;0;0;0;0;4037;0;0;89;0;80;0;
29238;6205427;1033605120;28352512;1122689024;0;0;0;0;0;0;0;0;0;0;0;4759;0;0;89;0;80;0;
29239;6556846;1033605120;28352512;1122689024;0;0;0;0;0;0;0;0;0;0;0;4438;0;0;89;0;80;0;
29240;6030419;1033605120;28352512;1122689024;0;0;0;0;0;0;0;0;0;0;0;2985;0;0;89;0;80;0;
29241;8007818;1033605120;28352512;1122689024;0;0;0;0;0;0;0;0;0;0;0;3377;0;0;89;0;80;0;
29242;5875289;1033605120;28352512;1122689024;0;0;0;0;0;0;0;0;0;0;0;3306;0;0;89;0;80;0;
29243;6101813;1033605120;28352512;1122689024;0;0;0;0;0;0;0;0;0;0;0;3446;0;0;89;0;80;0;
29244;5373498;1033605120;28352512;1122689024;0;0;0;0;0;0;0;0;0;0;0;3848;0;0;89;0;80;0;
29245;6412336;1033605120;28352512;1122689024;0;0;0;0;0;0;0;0;0;0;0;3476;0;0;89;0;80;0;
29246;4969570;1033605120;28352512;1122689024;0;0;0;0;0;0;0;0;0;0;0;3306;0;0;89;0;80;0;
29247;6601421;1033605120;28352512;1122689024;0;0;0;0;0;0;0;0;0;0;0;3096;0;0;89;0;80;0;
29248;5990764;1033605120;28352512;1122689024;0;0;0;0;0;0;0;0;0;0;0;3817;0;0;89;0;80;0;
29249;6078750;1033605120;28352512;1122689024;0;0;0;0;0;0;0;0;0;0;0;3787;0;0;89;0;80;0;
29250;5048087;1033605120;28352512;1122689024;0;0;0;0;0;0;0;0;0;0;0;3977;0;0;89;0;80;0;
29251;5472653;1033605120;28352512;1122689024;0;0;0;0;0;0;0;0;0;0;0;3356;0;0;89;0;80;0;
29252;4970101;1033605120;28352512;1122689024;0;0;0;0;0;0;0;0;0;0;0;3056;0;0;89;0;80;0;
29253;5742920;1033605120;28352512;1122689024;0;0;0;0;0;0;0;0;0;0;0;2985;0;0;89;0;80;0;
29254;4754817;1033605120;28352512;1122689024;0;0;0;0;0;0;0;0;0;0;0;3206;0;0;89;0;80;0;
29255;6283213;1033605120;28352512;1122689024;0;0;0;0;0;0;0;0;0;0;0;3557;0;0;89;0;80;0;
29256;4720994;1033605120;28352512;1122689024;0;0;0;0;0;0;0;0;0;0;0;298440;0;0;89;0;80;0;
29257;6415581;1033605120;28352512;1122689024;0;0;0;0;0;0;0;0;0;0;0;3557;0;0;89;0;80;0;
29258;5057384;1033605120;28352512;1122689024;0;0;0;0;0;0;0;0;0;0;0;4228;0;0;89;0;80;0;
29259;5857064;1033605120;28352512;1122689024;0;0;0;0;0;0;0;0;0;0;0;3687;0;0;89;0;80;0;
29260;6204747;1033605120;28352512;1122689024;0;0;0;0;0;0;0;0;0;0;0;4438;0;0;89;0;80;0;
29261;7080598;1033605120;28352512;1122689024;0;0;0;0;0;0;0;0;0;0;0;4729;0;0;89;0;80;0;
29262;5280714;1033605120;28352512;1122689024;0;0;0;0;0;0;0;0;0;0;0;3105;0;0;89;0;80;0;
29263;5729174;1033605120;28352512;1122689024;0;0;0;0;0;0;0;0;0;0;0;3607;0;0;89;0;80;0;
29264;4817795;1033605120;28352512;1122689024;0;0;0;0;0;0;0;0;0;0;0;3747;0;0;89;0;80;0;
29265;6273826;1033605120;28352512;1122689024;0;0;0;0;0;0;0;0;0;0;0;3968;0;0;89;0;80;0;
29266;3698125;1033605120;28352512;1122689024;0;0;0;0;0;0;0;0;0;0;0;3266;0;0;89;0;80;0;
29267;6578056;1033605120;28352512;1122689024;0;0;0;0;0;0;0;0;0;0;0;3376;0;0;89;0;80;0;
29268;4493748;1033605120;28352512;1122689024;0;0;0;0;0;0;0;0;0;0;0;3326;0;0;89;0;80;0;
29269;5931163;1033605120;28352512;1122689024;0;0;0;0;0;0;0;0;0;0;0;2905;0;0;89;0;80;0;
29270;5585505;1033605120;28352512;1122689024;0;0;0;0;0;0;0;0;0;0;0;4048;0;0;89;0;80;0;
29271;6557418;1033605120;28352512;1122689024;0;0;0;0;0;0;0;0;0;0;0;4218;0;0;89;0;80;0;
29272;4813548;1033605120;28352512;1122689024;0;0;0;0;0;0;0;0;0;0;0;4148;0;0;89;0;80;0;
29273;7103101;1033605120;28352512;1122689024;0;0;0;0;0;0;0;0;0;0;0;4459;0;0;89;0;80;0;
29274;4655921;1033605120;28352512;1122689024;0;0;0;0;0;0;0;0;0;0;0;4088;0;0;89;0;80;0;
29275;5769169;1033605120;28352512;1122689024;0;0;0;0;0;0;0;0;0;0;0;4268;0;0;89;0;80;0;
29276;6169691;1033605120;28352512;1122689024;0;0;0;0;0;0;0;0;0;0;0;3256;0;0;89;0;80;0;
29277;6592975;1033605120;28352512;1122689024;0;0;0;0;0;0;0;0;0;0;0;3477;0;0;89;0;80;0;
29278;4137589;1033605120;28352512;1122689024;0;0;0;0;0;0;0;0;0;0;0;3406;0;0;89;0;80;0;
29279;5824383;1033605120;28352512;1122689024;0;0;0;0;0;0;0;0;0;0;0;3888;0;0;89;0;80;0;
29280;4962577;1033605120;28352512;1122689024;0;0;0;0;0;0;0;0;0;0;0;4508;0;0;89;0;80;0;
29281;5972360;1033605120;28352512;1122689024;0;0;0;0;0;0;0;0;0;0;0;3176;0;0;89;0;80;0;
29282;4583265;1033605120;28352512;1122689024;0;0;0;0;0;0;0;0;0;0;0;3747;0;0;89;0;80;0;
29283;7108040;1033605120;28352512;1122689024;0;0;0;0;0;0;0;0;0;0;0;2835;0;0;89;0;80;0;
29284;4482927;1033605120;28352512;1122689024;0;0;0;0;0;0;0;0;0;0;0;3537;0;0;89;0;80;0;
29285;6426442;1033605120;28352512;1122689024;0;0;0;0;0;0;0;0;0;0;0;2865;0;0;89;0;80;0;
29286;11312536;1033605120;28352512;1122689024;0;0;0;0;0;0;0;0;0;0;0;3958;0;0;89;0;80;0;
29287;6882417;1033605120;28352512;1122689024;0;0;0;0;0;0;0;0;0;0;0;3026;0;0;89;0;80;0;
29288;3796730;1033605120;28352512;1122689024;0;0;0;0;0;0;0;0;0;0;0;3607;0;0;89;0;80;0;
29289;6049806;1033605120;28352512;1122689024;0;0;0;0;0;0;0;0;0;0;0;4048;0;0;89;0;80;0;
29290;4395243;1033605120;28352512;1122689024;0;0;0;0;0;0;0;0;0;0;0;4007;0;0;89;0;80;0;
29291;6357683;1033605120;28352512;1122689024;0;0;0;0;0;0;0;0;0;0;0;3226;0;0;89;0;80;0;
29292;5768979;1033605120;28356608;1122693120;0;0;0;0;0;0;0;0;0;0;0;3456;0;0;89;0;80;0;
29293;7093633;1033605120;28356608;1122693120;0;0;0;0;0;0;0;0;0;0;0;3476;0;0;89;0;80;0;
29294;4880903;1033605120;28356608;1122693120;0;0;0;0;0;0;0;0;0;0;0;4268;0;0;89;0;80;0;
29295;6810512;1033605120;28356608;1122693120;0;0;0;0;0;0;0;0;0;0;0;4469;0;0;89;0;80;0;
29296;7087242;1037438976;28356608;1122693120;0;0;0;0;0;0;0;0;0;0;0;4299;0;0;89;0;80;0;
29297;5564596;1037701120;28356608;1122693120;0;0;0;0;0;0;0;0;0;0;0;3597;0;0;89;0;80;0;
29298;4700876;1037701120;28352512;1122689024;0;0;0;0;0;0;0;0;0;0;0;3576;0;0;89;0;80;0;
29299;5627193;1037701120;28352512;1122689024;0;0;0;0;0;0;0;0;0;0;0;3005;0;0;89;0;80;0;
29300;4529815;1037701120;28352512;1122689024;0;0;0;0;0;0;0;0;0;0;0;3096;0;0;89;0;80;0;
29301;6425209;1037701120;28352512;1122689024;0;0;0;0;0;0;0;0;0;0;0;2925;0;0;89;0;80;0;
29302;5242541;1037701120;28352512;1122689024;0;0;0;0;0;0;0;0;0;0;0;2895;0;0;89;0;80;0;
29303;5051122;1037701120;28352512;1122689024;0;0;0;0;0;0;0;0;0;0;0;2896;0;0;89;0;80;0;
29304;4511901;1037701120;28352512;1122689024;0;0;0;0;0;0;0;0;0;0;0;3216;0;0;89;0;80;0;
29305;6701708;1037701120;28352512;1122689024;0;0;0;0;0;0;0;0;0;0;0;3697;0;0;89;0;80;0;
29306;5720658;1037701120;28352512;1122689024;0;0;0;0;0;0;0;0;0;0;0;4328;0;0;89;0;80;0;
29307;6631697;1037701120;28352512;1122689024;0;0;0;0;0;0;0;0;0;0;0;4128;0;0;89;0;80;0;
29308;4342424;1037701120;28352512;1122689024;0;0;0;0;0;0;0;0;0;0;0;3316;0;0;89;0;80;0;
29309;5910755;1037701120;28352512;1122689024;0;0;0;0;0;0;0;0;0;0;0;4409;0;0;89;0;80;0;
29310;6483619;1037701120;28352512;1122689024;0;0;0;0;0;0;0;0;0;0;0;3887;0;0;89;0;80;0;
29311;7327773;1037701120;28352512;1122689024;0;0;0;0;0;0;0;0;0;0;0;4067;0;0;89;0;80;0;
29312;5968424;1037701120;28352512;1122689024;0;0;0;0;0;0;0;0;0;0;0;3637;0;0;89;0;80;0;
29313;5987549;1037701120;28352512;1122689024;0;0;0;0;0;0;0;0;0;0;0;3857;0;0;89;0;80;0;
29314;4517662;1037701120;28352512;1122689024;0;0;0;0;0;0;0;0;0;0;0;3075;0;0;89;0;80;0;
29315;5967331;1037701120;28352512;1122689024;0;0;0;0;0;0;0;0;0;0;0;3818;0;0;89;0;80;0;
29316;4795103;1037701120;28352512;1122689024;0;0;0;0;0;0;0;0;0;0;0;3556;0;0;89;0;80;0;
29317;7093302;1037701120;28352512;1122689024;0;0;0;0;0;0;0;0;0;0;0;3236;0;0;89;0;80;0;
29318;5177600;1037701120;28352512;1122689024;0;0;0;0;0;0;0;0;0;0;0;3126;0;0;89;0;80;0;
29319;6767091;1037701120;28352512;1122689024;0;0;0;0;0;0;0;0;0;0;0;3757;0;0;89;0;80;0;
29320;5028690;1037701120;28352512;1122689024;0;0;0;0;0;0;0;0;0;0;0;3867;0;0;89;0;80;0;
29321;7414996;1037701120;28352512;1122689024;0;0;0;0;0;0;0;0;0;0;0;4719;0;0;89;0;80;0;
29322;5893022;1037701120;28352512;1122689024;0;0;0;0;0;0;0;0;0;0;0;3897;0;0;89;0;80;0;
29323;6999437;1037701120;28352512;1122689024;0;0;0;0;0;0;0;0;0;0;0;4368;0;0;89;0;80;0;
29324;7403424;1037701120;28352512;1122689024;0;0;0;0;0;0;0;0;0;0;0;5861;0;0;89;0;80;0;
29325;7572221;1037701120;28352512;1122689024;0;0;0;0;0;0;0;0;0;0;0;4599;0;0;89;0;80;0;
29326;6436190;1037701120;28352512;1122689024;0;0;0;0;0;0;0;0;0;0;0;3176;0;0;89;0;80;0;
29327;5605542;1037701120;28352512;1122689024;0;0;0;0;0;0;0;0;0;0;0;3467;0;0;89;0;80;0;
29328;4331864;1037701120;28352512;1122689024;0;0;0;0;0;0;0;0;0;0;0;3777;0;0;89;0;80;0;
29329;6023967;1037701120;28352512;1122689024;0;0;0;0;0;0;0;0;0;0;0;3155;0;0;89;0;80;0;
29330;3639726;1037701120;28352512;1122689024;0;0;0;0;0;0;0;0;0;0;0;2565;0;0;89;0;80;0;
29331;5966359;1037701120;28352512;1122689024;0;0;0;0;0;0;0;0;0;0;0;3727;0;0;89;0;80;0;
29332;5094975;1037701120;28352512;1122689024;0;0;0;0;0;0;0;0;0;0;0;3516;0;0;89;0;80;0;
29333;6950786;1037701120;28352512;1122689024;0;0;0;0;0;0;0;0;0;0;0;3867;0;0;89;0;80;0;
29334;5695411;1037701120;28352512;1122689024;0;0;0;0;0;0;0;0;0;0;0;3125;0;0;89;0;80;0;
29335;6474753;1037701120;28352512;1122689024;0;0;0;0;0;0;0;0;0;0;0;4278;0;0;89;0;80;0;
29336;5162181;1037701120;28352512;1122689024;0;0;0;0;0;0;0;0;0;0;0;3797;0;0;89;0;80;0;
29337;7389768;1037701120;28352512;1122689024;0;0;0;0;0;0;0;0;0;0;0;4058;0;0;89;0;80;0;
29338;5178582;1037701120;28352512;1122689024;0;0;0;0;0;0;0;0;0;0;0;3326;0;0;89;0;80;0;
29339;6052801;1037701120;28352512;1122689024;0;0;0;0;0;0;0;0;0;0;0;3977;0;0;89;0;80;0;
29340;4107273;1037701120;28352512;1122689024;0;0;0;0;0;0;0;0;0;0;0;3496;0;0;89;0;80;0;
29341;6376970;1037701120;28352512;1122689024;0;0;0;0;0;0;0;0;0;0;0;38432;0;0;89;0;80;0;
29342;4898407;1037701120;28352512;1122689024;0;0;0;0;0;0;0;0;0;0;0;3517;0;0;89;0;80;0;
29343;5330337;1037701120;28352512;1122689024;0;0;0;0;0;0;0;0;0;0;0;3236;0;0;89;0;80;0;
29344;4649019;1037701120;28352512;1122689024;0;0;0;0;0;0;0;0;0;0;0;3968;0;0;89;0;80;0;
29345;5678319;1037701120;28352512;1122689024;0;0;0;0;0;0;0;0;0;0;0;3176;0;0;89;0;80;0;
29346;3013651;1037701120;28352512;1122689024;0;0;0;0;0;0;0;0;0;0;0;3095;0;0;89;0;80;0;
29347;6364796;1037701120;28352512;1122689024;0;0;0;0;0;0;0;0;0;0;0;3637;0;0;89;0;80;0;
29348;16072943;1037701120;28352512;1122689024;0;0;0;0;0;0;0;0;0;0;0;4548;0;0;89;0;80;0;
29349;7285193;1037701120;28352512;1122689024;0;0;0;0;0;0;0;0;0;0;0;4098;0;0;89;0;80;0;
29350;6334570;1037701120;28352512;1122689024;0;0;0;0;0;0;0;0;0;0;0;4568;0;0;89;0;80;0;
29351;7101338;1037701120;28352512;1122689024;0;0;0;0;0;0;0;0;0;0;0;4067;0;0;89;0;80;0;
29352;5618046;1037701120;28352512;1122689024;0;0;0;0;0;0;0;0;0;0;0;4539;0;0;89;0;80;0;
29353;6275629;1037701120;28352512;1122689024;0;0;0;0;0;0;0;0;0;0;0;4197;0;0;89;0;80;0;
29354;5724976;1037701120;28352512;1122689024;0;0;0;0;0;0;0;0;0;0;0;4438;0;0;89;0;80;0;
29355;6287662;1037701120;28352512;1122689024;0;0;0;0;0;0;0;0;0;0;0;4739;0;0;89;0;80;0;
29356;5880829;1037701120;28352512;1122689024;0;0;0;0;0;0;0;0;0;0;0;4218;0;0;89;0;80;0;
29357;6258638;1037701120;28352512;1122689024;0;0;0;0;0;0;0;0;0;0;0;4618;0;0;89;0;80;0;
29358;5164165;1037701120;28352512;1122689024;0;0;0;0;0;0;0;0;0;0;0;4098;0;0;89;0;80;0;
29359;5523619;1037701120;28352512;1122689024;0;0;0;0;0;0;0;0;0;0;0;4418;0;0;89;0;80;0;
29360;5685001;1037701120;28352512;1122689024;0;0;0;0;0;0;0;0;0;0;0;3346;0;0;89;0;80;0;
29361;7066232;1037701120;28352512;1122689024;0;0;0;0;0;0;0;0;0;0;0;3266;0;0;89;0;80;0;
29362;4719180;1037701120;28352512;1122689024;0;0;0;0;0;0;0;0;0;0;0;3306;0;0;89;0;80;0;
29363;7157944;1037701120;28352512;1122689024;0;0;0;0;0;0;0;0;0;0;0;3246;0;0;89;0;80;0;
29364;5560899;1037701120;28352512;1122689024;0;0;0;0;0;0;0;0;0;0;0;4528;0;0;89;0;80;0;
29365;7474768;1037701120;28352512;1122689024;0;0;0;0;0;0;0;0;0;0;0;4389;0;0;89;0;80;0;
29366;5683368;1037701120;28352512;1122689024;0;0;0;0;0;0;0;0;0;0;0;4228;0;0;89;0;80;0;
29367;6858993;1037701120;28352512;1122689024;0;0;0;0;0;0;0;0;0;0;0;4218;0;0;89;0;80;0;
29368;5133097;1037701120;28352512;1122689024;0;0;0;0;0;0;0;0;0;0;0;4278;0;0;89;0;80;0;
29369;6856729;1037701120;28352512;1122689024;0;0;0;0;0;0;0;0;0;0;0;3386;0;0;89;0;80;0;
29370;4347353;1037701120;28352512;1122689024;0;0;0;0;0;0;0;0;0;0;0;3356;0;0;89;0;80;0;
29371;6320173;1037701120;28352512;1122689024;0;0;0;0;0;0;0;0;0;0;0;3226;0;0;89;0;80;0;
29372;5033099;1037701120;28352512;1122689024;0;0;0;0;0;0;0;0;0;0;0;3727;0;0;89;0;80;0;
29373;5556560;1037701120;28352512;1122689024;0;0;0;0;0;0;0;0;0;0;0;3687;0;0;89;0;80;0;
29374;5484336;1037701120;28352512;1122689024;0;0;0;0;0;0;0;0;0;0;0;3827;0;0;89;0;80;0;
29375;6142529;1037701120;28352512;1122689024;0;0;0;0;0;0;0;0;0;0;0;5039;0;0;89;0;80;0;
29376;7624469;1037701120;28352512;1122689024;0;0;0;0;0;0;0;0;0;0;0;4378;0;0;89;0;80;0;
29377;5855952;1037701120;28352512;1122689024;0;0;0;0;0;0;0;0;0;0;0;4889;0;0;89;0;80;0;
29378;5849420;1037701120;28352512;1122689024;0;0;0;0;0;0;0;0;0;0;0;4729;0;0;89;0;80;0;
29379;5876180;1037701120;28352512;1122689024;0;0;0;0;0;0;0;0;0;0;0;2464;0;0;89;0;80;0;
29380;4113905;1037701120;28352512;1122689024;0;0;0;0;0;0;0;0;0;0;0;11442;0;0;89;0;80;0;
29381;6943733;1037701120;28352512;1122689024;0;0;0;0;0;0;0;0;0;0;0;3446;0;0;89;0;80;0;
29382;4919115;1037701120;28352512;1122689024;0;0;0;0;0;0;0;0;0;0;0;3416;0;0;89;0;80;0;
29383;5947093;1037701120;28352512;1122689024;0;0;0;0;0;0;0;0;0;0;0;3607;0;0;89;0;80;0;
29384;4238238;1037701120;28352512;1122689024;0;0;0;0;0;0;0;0;0;0;0;3056;0;0;89;0;80;0;
29385;5389477;1037701120;28352512;1122689024;0;0;0;0;0;0;0;0;0;0;0;3727;0;0;89;0;80;0;
29386;3925301;1037701120;28352512;1122689024;0;0;0;0;0;0;0;0;0;0;0;3457;0;0;89;0;80;0;
29387;5457194;1037701120;28352512;1122689024;0;0;0;0;0;0;0;0;0;0;0;4158;0;0;89;0;80;0;
29388;4672372;1037701120;28352512;1122689024;0;0;0;0;0;0;0;0;0;0;0;3026;0;0;89;0;80;0;
29389;5834972;1037701120;28352512;1122689024;0;0;0;0;0;0;0;0;0;0;0;3867;0;0;89;0;80;0;
29390;5086389;1037701120;28352512;1122689024;0;0;0;0;0;0;0;0;0;0;0;3336;0;0;89;0;80;0;
29391;5683699;1037701120;28352512;1122689024;0;0;0;0;0;0;0;0;0;0;0;3867;0;0;89;0;80;0;
29392;4458030;1037701120;28352512;1122689024;0;0;0;0;0;0;0;0;0;0;0;3727;0;0;89;0;80;0;
29393;5632293;1037701120;28352512;1122689024;0;0;0;0;0;0;0;0;0;0;0;2815;0;0;89;0;80;0;
29394;4514787;1037701120;28352512;1122689024;0;0;0;0;0;0;0;0;0;0;0;3777;0;0;89;0;80;0;
29395;5774740;1037701120;28352512;1122689024;0;0;0;0;0;0;0;0;0;0;0;3727;0;0;89;0;80;0;
29396;4303762;1037701120;28352512;1122689024;0;0;0;0;0;0;0;0;0;0;0;3286;0;0;89;0;80;0;
29397;6440448;1037701120;28352512;1122689024;0;0;0;0;0;0;0;0;0;0;0;4168;0;0;89;0;80;0;
29398;5275493;1037701120;28352512;1122689024;0;0;0;0;0;0;0;0;0;0;0;3456;0;0;89;0;80;0;
29399;5648203;1037701120;28352512;1122689024;0;0;0;0;0;0;0;0;0;0;0;4328;0;0;89;0;80;0;
29400;4704904;1037701120;28352512;1122689024;0;0;0;0;0;0;0;0;0;0;0;4218;0;0;89;0;80;0;
29401;6539644;1037701120;28352512;1122689024;0;0;0;0;0;0;0;0;0;0;0;3937;0;0;89;0;80;0;
29402;5052575;1037701120;28352512;1122689024;0;0;0;0;0;0;0;0;0;0;0;2966;0;0;89;0;80;0;
29403;6522753;1037701120;28352512;1122689024;0;0;0;0;0;0;0;0;0;0;0;3857;0;0;89;0;80;0;
29404;4963789;1037701120;28352512;1122689024;0;0;0;0;0;0;0;0;0;0;0;3907;0;0;89;0;80;0;
29405;6312178;1037701120;28352512;1122689024;0;0;0;0;0;0;0;0;0;0;0;3947;0;0;89;0;80;0;
29406;3612225;1037701120;28352512;1122689024;0;0;0;0;0;0;0;0;0;0;0;3807;0;0;89;0;80;0;
29407;5273810;1037701120;28352512;1122689024;0;0;0;0;0;0;0;0;0;0;0;3817;0;0;89;0;80;0;
29408;4659188;1037701120;28352512;1122689024;0;0;0;0;0;0;0;0;0;0;0;3457;0;0;89;0;80;0;
29409;5841546;1037701120;28352512;1122689024;0;0;0;0;0;0;0;0;0;0;0;3677;0;0;89;0;80;0;
29410;5241960;1037701120;28352512;1122689024;0;0;0;0;0;0;0;0;0;0;0;3457;0;0;89;0;80;0;
29411;5816077;1037701120;28352512;1122689024;0;0;0;0;0;0;0;0;0;0;0;3616;0;0;89;0;80;0;
29412;5012401;1037701120;28352512;1122689024;0;0;0;0;0;0;0;0;0;0;0;21901;0;0;89;0;80;0;
29413;6331724;1037701120;28352512;1122689024;0;0;0;0;0;0;0;0;0;0;0;5109;0;0;89;0;80;0;
29414;4357843;1037701120;28352512;1122689024;0;0;0;0;0;0;0;0;0;0;0;3506;0;0;89;0;80;0;
29415;6084351;1037701120;28352512;1122689024;0;0;0;0;0;0;0;0;0;0;0;3777;0;0;89;0;80;0;
29416;4530186;1037701120;28352512;1122689024;0;0;0;0;0;0;0;0;0;0;0;3366;0;0;89;0;80;0;
29417;6417725;1037701120;28352512;1122689024;0;0;0;0;0;0;0;0;0;0;0;3657;0;0;89;0;80;0;
29418;4106120;1037701120;28352512;1122689024;0;0;0;0;0;0;0;0;0;0;0;3346;0;0;89;0;80;0;
29419;7233185;1037701120;28352512;1122689024;0;0;0;0;0;0;0;0;0;0;0;2756;0;0;89;0;80;0;
29420;4015831;1037701120;28352512;1122689024;0;0;0;0;0;0;0;0;0;0;0;3797;0;0;89;0;80;0;
29421;5787644;1037701120;28352512;1122689024;0;0;0;0;0;0;0;0;0;0;0;3256;0;0;89;0;80;0;
29422;5135972;1037701120;28352512;1122689024;0;0;0;0;0;0;0;0;0;0;0;4108;0;0;89;0;80;0;
29423;6092185;1037701120;28352512;1122689024;0;0;0;0;0;0;0;0;0;0;0;3196;0;0;89;0;80;0;
29424;5945870;1037701120;28352512;1122689024;0;0;0;0;0;0;0;0;0;0;0;4368;0;0;89;0;80;0;
29425;7381794;1037701120;28352512;1122689024;0;0;0;0;0;0;0;0;0;0;0;4648;0;0;89;0;80;0;
29426;5086990;1037701120;28352512;1122689024;0;0;0;0;0;0;0;0;0;0;0;4408;0;0;89;0;80;0;
29427;6968609;1037701120;28352512;1122689024;0;0;0;0;0;0;0;0;0;0;0;4519;0;0;89;0;80;0;
29428;5843629;1037701120;28352512;1122689024;0;0;0;0;0;0;0;0;0;0;0;3928;0;0;89;0;80;0;
29429;6685948;1037701120;28352512;1122689024;0;0;0;0;0;0;0;0;0;0;0;3396;0;0;89;0;80;0;
29430;7387594;1037701120;28352512;1122689024;0;0;0;0;0;0;0;0;0;0;0;5240;0;0;89;0;80;0;
29431;5465029;1037701120;28352512;1122689024;0;0;0;0;0;0;0;0;0;0;0;4418;0;0;89;0;80;0;
29432;6136017;1037701120;28352512;1122689024;0;0;0;0;0;0;0;0;0;0;0;3627;0;0;89;0;80;0;
29433;6389603;1037701120;28352512;1122689024;0;0;0;0;0;0;0;0;0;0;0;4779;0;0;89;0;80;0;
29434;6812225;1037701120;28352512;1122689024;0;0;0;0;0;0;0;0;0;0;0;4398;0;0;89;0;80;0;
29435;8437483;1037701120;28352512;1122689024;0;0;0;0;0;0;0;0;0;0;0;4889;0;0;89;0;80;0;
29436;5956541;1037701120;28352512;1122689024;0;0;0;0;0;0;0;0;0;0;0;4087;0;0;89;0;80;0;
29437;6870325;1037701120;28352512;1122689024;0;0;0;0;0;0;0;0;0;0;0;3537;0;0;89;0;80;0;
29438;4840708;1037701120;28352512;1122689024;0;0;0;0;0;0;0;0;0;0;0;3807;0;0;89;0;80;0;
29439;5854359;1037701120;28352512;1122689024;0;0;0;0;0;0;0;0;0;0;0;4689;0;0;89;0;80;0;
29440;5152202;1037701120;28352512;1122689024;0;0;0;0;0;0;0;0;0;0;0;4218;0;0;89;0;80;0;
29441;7720579;1037701120;28352512;1122689024;0;0;0;0;0;0;0;0;0;0;0;4589;0;0;89;0;80;0;
29442;4760729;1037701120;28352512;1122689024;0;0;0;0;0;0;0;0;0;0;0;4118;0;0;89;0;80;0;
29443;6194237;1037701120;28352512;1122689024;0;0;0;0;0;0;0;0;0;0;0;6192;0;0;89;0;80;0;
29444;6539704;1037701120;28352512;1122689024;0;0;0;0;0;0;0;0;0;0;0;4589;0;0;89;0;80;0;
29445;6753946;1037701120;28352512;1122689024;0;0;0;0;0;0;0;0;0;0;0;3106;0;0;89;0;80;0;
29446;4064171;1037701120;28352512;1122689024;0;0;0;0;0;0;0;0;0;0;0;3797;0;0;89;0;80;0;
29447;6106602;1037701120;28352512;1122689024;0;0;0;0;0;0;0;0;0;0;0;3687;0;0;89;0;80;0;
29448;4335280;1037701120;28352512;1122689024;0;0;0;0;0;0;0;0;0;0;0;4348;0;0;89;0;80;0;
29449;5956931;1037701120;28352512;1122689024;0;0;0;0;0;0;0;0;0;0;0;4439;0;0;89;0;80;0;
29450;4567626;1037701120;28352512;1122689024;0;0;0;0;0;0;0;0;0;0;0;3767;0;0;89;0;80;0;
29451;6293352;1037701120;28352512;1122689024;0;0;0;0;0;0;0;0;0;0;0;3036;0;0;89;0;80;0;
29452;4760688;1037701120;28352512;1122689024;0;0;0;0;0;0;0;0;0;0;0;3626;0;0;89;0;80;0;
29453;6065615;1037701120;28352512;1122689024;0;0;0;0;0;0;0;0;0;0;0;3697;0;0;89;0;80;0;
29454;3606003;1037701120;28352512;1122689024;0;0;0;0;0;0;0;0;0;0;0;2555;0;0;89;0;80;0;
29455;6043854;1037701120;28352512;1122689024;0;0;0;0;0;0;0;0;0;0;0;4278;0;0;89;0;80;0;
29456;5057895;1037701120;28352512;1122689024;0;0;0;0;0;0;0;0;0;0;0;3807;0;0;89;0;80;0;
29457;5921746;1037701120;28352512;1122689024;0;0;0;0;0;0;0;0;0;0;0;3707;0;0;89;0;80;0;
29458;5516435;1037701120;28352512;1122689024;0;0;0;0;0;0;0;0;0;0;0;3817;0;0;89;0;80;0;
29459;6661182;1037701120;28352512;1122689024;0;0;0;0;0;0;0;0;0;0;0;5200;0;0;89;0;80;0;
29460;5008332;1037701120;28352512;1122689024;0;0;0;0;0;0;0;0;0;0;0;3617;0;0;89;0;80;0;
29461;6485933;1037701120;28352512;1122689024;0;0;0;0;0;0;0;0;0;0;0;4428;0;0;89;0;80;0;
29462;5370411;1037701120;28352512;1122689024;0;0;0;0;0;0;0;0;0;0;0;3477;0;0;89;0;80;0;
29463;6441330;1037701120;28352512;1122689024;0;0;0;0;0;0;0;0;0;0;0;3576;0;0;89;0;80;0;
29464;5976458;1037701120;28352512;1122689024;0;0;0;0;0;0;0;0;0;0;0;3306;0;0;89;0;80;0;
29465;6687442;1037701120;28352512;1122689024;0;0;0;0;0;0;0;0;0;0;0;4008;0;0;89;0;80;0;
29466;4688813;1037701120;28352512;1122689024;0;0;0;0;0;0;0;0;0;0;0;3808;0;0;89;0;80;0;
29467;7020055;1037701120;28356608;1122693120;0;0;0;0;0;0;0;0;0;0;0;3647;0;0;89;0;80;0;
29468;4614184;1037701120;28360704;1122697216;0;0;0;0;0;0;0;0;0;0;0;3526;0;0;89;0;80;0;
29469;6109037;1037701120;28360704;1122697216;0;0;0;0;0;0;0;0;0;0;0;3677;0;0;89;0;80;0;
29470;5297475;1037701120;28360704;1122697216;0;0;0;0;0;0;0;0;0;0;0;3747;0;0;89;0;80;0;
29471;6126850;1037701120;28360704;1122697216;0;0;0;0;0;0;0;0;0;0;0;3436;0;0;89;0;80;0;
29472;3838810;1037701120;28360704;1122697216;0;0;0;0;0;0;0;0;0;0;0;3086;0;0;89;0;80;0;
29473;6314152;1037701120;28360704;1122697216;0;0;0;0;0;0;0;0;0;0;0;3336;0;0;89;0;80;0;
29474;4792648;1037701120;28352512;1122689024;0;0;0;0;0;0;0;0;0;0;0;3587;0;0;89;0;80;0;
29475;6436461;1037701120;28352512;1122689024;0;0;0;0;0;0;0;0;0;0;0;4318;0;0;89;0;80;0;
29476;6625866;1037701120;28352512;1122689024;0;0;0;0;0;0;0;0;0;0;0;4097;0;0;89;0;80;0;
29477;5432508;1037701120;28352512;1122689024;0;0;0;0;0;0;0;0;0;0;0;3827;0;0;89;0;80;0;
29478;4252586;1037701120;28352512;1122689024;0;0;0;0;0;0;0;0;0;0;0;3397;0;0;89;0;80;0;
29479;6503056;1037701120;28352512;1122689024;0;0;0;0;0;0;0;0;0;0;0;4298;0;0;89;0;80;0;
29480;6150995;1037701120;28352512;1122689024;0;0;0;0;0;0;0;0;0;0;0;4298;0;0;89;0;80;0;
29481;7458578;1037701120;28352512;1122689024;0;0;0;0;0;0;0;0;0;0;0;3888;0;0;89;0;80;0;
29482;5827008;1037701120;28352512;1122689024;0;0;0;0;0;0;0;0;0;0;0;3056;0;0;89;0;80;0;
29483;5563243;1037701120;28352512;1122689024;0;0;0;0;0;0;0;0;0;0;0;3817;0;0;89;0;80;0;
29484;5460391;1037701120;28352512;1122689024;0;0;0;0;0;0;0;0;0;0;0;3637;0;0;89;0;80;0;
29485;5318504;1037701120;28352512;1122689024;0;0;0;0;0;0;0;0;0;0;0;4037;0;0;89;0;80;0;
29486;4063400;1037701120;28352512;1122689024;0;0;0;0;0;0;0;0;0;0;0;4128;0;0;89;0;80;0;
29487;5980035;1037701120;28352512;1122689024;0;0;0;0;0;0;0;0;0;0;0;3957;0;0;89;0;80;0;
29488;5348140;1037701120;28352512;1122689024;0;0;0;0;0;0;0;0;0;0;0;4278;0;0;89;0;80;0;
29489;6149102;1037701120;28352512;1122689024;0;0;0;0;0;0;0;0;0;0;0;3957;0;0;89;0;80;0;
29490;5567221;1037701120;28352512;1122689024;0;0;0;0;0;0;0;0;0;0;0;4168;0;0;89;0;80;0;
29491;6501052;1037701120;28352512;1122689024;0;0;0;0;0;0;0;0;0;0;0;4478;0;0;89;0;80;0;
29492;6256574;1037701120;28352512;1122689024;0;0;0;0;0;0;0;0;0;0;0;4678;0;0;89;0;80;0;
29493;6228761;1037701120;28352512;1122689024;0;0;0;0;0;0;0;0;0;0;0;4378;0;0;89;0;80;0;
29494;6644701;1037701120;28352512;1122689024;0;0;0;0;0;0;0;0;0;0;0;4759;0;0;89;0;80;0;
29495;5974595;1037701120;28352512;1122689024;0;0;0;0;0;0;0;0;0;0;0;4579;0;0;89;0;80;0;
29496;4998264;1037701120;28352512;1122689024;0;0;0;0;0;0;0;0;0;0;0;4298;0;0;89;0;80;0;
29497;6575421;1037701120;28352512;1122689024;0;0;0;0;0;0;0;0;0;0;0;5981;0;0;89;0;80;0;
29498;5653562;1037701120;28352512;1122689024;0;0;0;0;0;0;0;0;0;0;0;3788;0;0;89;0;80;0;
29499;6064954;1037701120;28352512;1122689024;0;0;0;0;0;0;0;0;0;0;0;116068;0;0;89;0;80;0;
29500;5733232;1037701120;28352512;1122689024;0;0;0;0;0;0;0;0;0;0;0;3867;0;0;89;0;80;0;
29501;7354102;1037701120;28352512;1122689024;0;0;0;0;0;0;0;0;0;0;0;3647;0;0;89;0;80;0;
29502;6283775;1037701120;28352512;1122689024;0;0;0;0;0;0;0;0;0;0;0;4228;0;0;89;0;80;0;
29503;5747879;1037701120;28352512;1122689024;0;0;0;0;0;0;0;0;0;0;0;4358;0;0;89;0;80;0;
29504;7450953;1037701120;28352512;1122689024;0;0;0;0;0;0;0;0;0;0;0;4308;0;0;89;0;80;0;
29505;6450648;1037701120;28352512;1122689024;0;0;0;0;0;0;0;0;0;0;0;3496;0;0;89;0;80;0;
29506;4934223;1037701120;28352512;1122689024;0;0;0;0;0;0;0;0;0;0;0;3456;0;0;89;0;80;0;
29507;7256318;1037701120;28352512;1122689024;0;0;0;0;0;0;0;0;0;0;0;4599;0;0;89;0;80;0;
29508;5605433;1037701120;28352512;1122689024;0;0;0;0;0;0;0;0;0;0;0;4298;0;0;89;0;80;0;
29509;6612561;1037701120;28352512;1122689024;0;0;0;0;0;0;0;0;0;0;0;3707;0;0;89;0;80;0;
29510;5501427;1037701120;28352512;1122689024;0;0;0;0;0;0;0;0;0;0;0;3997;0;0;89;0;80;0;
29511;7822159;1037701120;28352512;1122689024;0;0;0;0;0;0;0;0;0;0;0;3547;0;0;89;0;80;0;
29512;5540680;1037701120;28352512;1122689024;0;0;0;0;0;0;0;0;0;0;0;3617;0;0;89;0;80;0;
29513;5872373;1037701120;28352512;1122689024;0;0;0;0;0;0;0;0;0;0;0;3316;0;0;89;0;80;0;
29514;4356841;1037701120;28352512;1122689024;0;0;0;0;0;0;0;0;0;0;0;4268;0;0;89;0;80;0;
29515;7905827;1037701120;28352512;1122689024;0;0;0;0;0;0;0;0;0;0;0;4528;0;0;89;0;80;0;
29516;6309704;1037701120;28352512;1122689024;0;0;0;0;0;0;0;0;0;0;0;4749;0;0;89;0;80;0;
29517;7261357;1037701120;28352512;1122689024;0;0;0;0;0;0;0;0;0;0;0;4188;0;0;89;0;80;0;
29518;16904973;1037701120;28352512;1122689024;0;0;0;0;0;0;0;0;0;0;0;4719;0;0;89;0;80;0;
29519;7498703;1037701120;28352512;1122689024;0;0;0;0;0;0;0;0;0;0;0;4789;0;0;89;0;80;0;
29520;6300306;1037701120;28352512;1122689024;0;0;0;0;0;0;0;0;0;0;0;4970;0;0;89;0;80;0;
29521;8040439;1037701120;28352512;1122689024;0;0;0;0;0;0;0;0;0;0;0;4028;0;0;89;0;80;0;
29522;5229147;1037701120;28352512;1122689024;0;0;0;0;0;0;0;0;0;0;0;4148;0;0;89;0;80;0;
29523;7118711;1037701120;28352512;1122689024;0;0;0;0;0;0;0;0;0;0;0;4929;0;0;89;0;80;0;
29524;5524791;1037701120;28352512;1122689024;0;0;0;0;0;0;0;0;0;0;0;4388;0;0;89;0;80;0;
29525;7646470;1037701120;28352512;1122689024;0;0;0;0;0;0;0;0;0;0;0;4218;0;0;89;0;80;0;
29526;6326625;1037701120;28352512;1122689024;0;0;0;0;0;0;0;0;0;0;0;4478;0;0;89;0;80;0;
29527;6420150;1037701120;28352512;1122689024;0;0;0;0;0;0;0;0;0;0;0;3397;0;0;89;0;80;0;
29528;5493422;1037701120;28352512;1122689024;0;0;0;0;0;0;0;0;0;0;0;36218;0;0;89;0;80;0;
29529;7662660;1037701120;28352512;1122689024;0;0;0;0;0;0;0;0;0;0;0;5030;0;0;89;0;80;0;
29530;5752167;1037701120;28352512;1122689024;0;0;0;0;0;0;0;0;0;0;0;4509;0;0;89;0;80;0;
29531;7488814;1037701120;28352512;1122689024;0;0;0;0;0;0;0;0;0;0;0;3727;0;0;89;0;80;0;
29532;7755635;1037701120;28352512;1122689024;0;0;0;0;0;0;0;0;0;0;0;4618;0;0;89;0;80;0;
29533;7427780;1037701120;28352512;1122689024;0;0;0;0;0;0;0;0;0;0;0;4869;0;0;89;0;80;0;
29534;6955284;1037701120;28352512;1122689024;0;0;0;0;0;0;0;0;0;0;0;4128;0;0;89;0;80;0;
29535;7248804;1037701120;28352512;1122689024;0;0;0;0;0;0;0;0;0;0;0;5310;0;0;89;0;80;0;
29536;5820615;1037701120;28352512;1122689024;0;0;0;0;0;0;0;0;0;0;0;5050;0;0;89;0;80;0;
29537;7464108;1037701120;28352512;1122689024;0;0;0;0;0;0;0;0;0;0;0;4889;0;0;89;0;80;0;
29538;7461353;1037701120;28352512;1122689024;0;0;0;0;0;0;0;0;0;0;0;5210;0;0;89;0;80;0;
29539;8218313;1037701120;28352512;1122689024;0;0;0;0;0;0;0;0;0;0;0;3837;0;0;89;0;80;0;
29540;5696504;1037701120;28352512;1122689024;0;0;0;0;0;0;0;0;0;0;0;4127;0;0;89;0;80;0;
29541;7655106;1037701120;28352512;1122689024;0;0;0;0;0;0;0;0;0;0;0;4138;0;0;89;0;80;0;
29542;6610287;1037701120;28352512;1122689024;0;0;0;0;0;0;0;0;0;0;0;4408;0;0;89;0;80;0;
29543;7445814;1037701120;28352512;1122689024;0;0;0;0;0;0;0;0;0;0;0;50074;0;0;89;0;80;0;
29544;7098562;1037701120;28352512;1122689024;0;0;0;0;0;0;0;0;0;0;0;3757;0;0;89;0;80;0;
29545;7553686;1037701120;28356608;1122693120;0;0;0;0;0;0;0;0;0;0;0;3767;0;0;89;0;80;0;
29546;7616734;1037701120;28360704;1122697216;0;0;0;0;0;0;0;0;0;0;0;4689;0;0;89;0;80;0;
29547;8184128;1037701120;28360704;1122697216;0;0;0;0;0;0;0;0;0;0;0;4889;0;0;89;0;80;0;
29548;9417581;1037701120;28360704;1122697216;0;0;0;0;0;0;0;0;0;0;0;4368;0;0;89;0;80;0;
29549;8462220;1037701120;28360704;1122697216;0;0;0;0;0;0;0;0;0;0;0;4528;0;0;89;0;80;0;
29550;9321611;1037701120;28360704;1122697216;0;0;0;0;0;0;0;0;0;0;0;4859;0;0;89;0;80;0;
29551;8787800;1037701120;28360704;1122697216;0;0;0;0;0;0;0;0;0;0;0;5280;0;0;89;0;80;0;
29552;10006927;1037701120;28352512;1122689024;0;0;0;0;0;0;0;0;0;0;0;4448;0;0;89;0;80;0;
29553;8144184;1037701120;28352512;1122689024;0;0;0;0;0;0;0;0;0;0;0;5731;0;0;89;0;80;0;
29554;6506833;1037701120;28352512;1122689024;0;0;0;0;0;0;0;0;0;0;0;4618;0;0;89;0;80;0;
29555;8156596;1037701120;28352512;1122689024;0;0;0;0;0;0;0;0;0;0;0;3937;0;0;89;0;80;0;
29556;7974415;1037701120;28352512;1122689024;0;0;0;0;0;0;0;0;0;0;0;3486;0;0;89;0;80;0;
29557;7205483;1037701120;28352512;1122689024;0;0;0;0;0;0;0;0;0;0;0;4248;0;0;89;0;80;0;
29558;6446650;1037701120;28352512;1122689024;0;0;0;0;0;0;0;0;0;0;0;3126;0;0;89;0;80;0;
29559;6283103;1037701120;28352512;1122689024;0;0;0;0;0;0;0;0;0;0;0;3727;0;0;89;0;80;0;
29560;4567345;1037701120;28352512;1122689024;0;0;0;0;0;0;0;0;0;0;0;3526;0;0;89;0;80;0;
29561;6579540;1037701120;28352512;1122689024;0;0;0;0;0;0;0;0;0;0;0;3486;0;0;89;0;80;0;
29562;6839788;1037701120;28352512;1122689024;0;0;0;0;0;0;0;0;0;0;0;3547;0;0;89;0;80;0;
29563;6442933;1037701120;28352512;1122689024;0;0;0;0;0;0;0;0;0;0;0;3717;0;0;89;0;80;0;
29564;5575857;1037701120;28352512;1122689024;0;0;0;0;0;0;0;0;0;0;0;3327;0;0;89;0;80;0;
29565;6470254;1037701120;28352512;1122689024;0;0;0;0;0;0;0;0;0;0;0;3818;0;0;89;0;80;0;
29566;4300034;1037701120;28352512;1122689024;0;0;0;0;0;0;0;0;0;0;0;4048;0;0;89;0;80;0;
29567;6339840;1037701120;28352512;1122689024;0;0;0;0;0;0;0;0;0;0;0;4027;0;0;89;0;80;0;
29568;6976083;1037701120;28352512;1122689024;0;0;0;0;0;0;0;0;0;0;0;4598;0;0;89;0;80;0;
29569;5850823;1037701120;28352512;1122689024;0;0;0;0;0;0;0;0;0;0;0;4117;0;0;89;0;80;0;
29570;6165874;1037701120;28352512;1122689024;0;0;0;0;0;0;0;0;0;0;0;3998;0;0;89;0;80;0;
29571;6393210;1037701120;28352512;1122689024;0;0;0;0;0;0;0;0;0;0;0;10239;0;0;89;0;80;0;
29572;5957012;1037701120;28352512;1122689024;0;0;0;0;0;0;0;0;0;0;0;4669;0;0;89;0;80;0;
29573;6485182;1037701120;28352512;1122689024;0;0;0;0;0;0;0;0;0;0;0;8346;0;0;89;0;80;0;
29574;7842007;1037701120;28352512;1122689024;0;0;0;0;0;0;0;0;0;0;0;3637;0;0;89;0;80;0;
29575;5893252;1037701120;28352512;1122689024;0;0;0;0;0;0;0;0;0;0;0;4278;0;0;89;0;80;0;
29576;6329400;1037701120;28352512;1122689024;0;0;0;0;0;0;0;0;0;0;0;4559;0;0;89;0;80;0;
29577;7311983;1037701120;28352512;1122689024;0;0;0;0;0;0;0;0;0;0;0;4208;0;0;89;0;80;0;
29578;5343722;1037701120;28352512;1122689024;0;0;0;0;0;0;0;0;0;0;0;3106;0;0;89;0;80;0;
29579;7416910;1037701120;28352512;1122689024;0;0;0;0;0;0;0;0;0;0;0;3937;0;0;89;0;80;0;
29580;6218913;1037701120;28352512;1122689024;0;0;0;0;0;0;0;0;0;0;0;3447;0;0;89;0;80;0;
29581;6309232;1037701120;28352512;1122689024;0;0;0;0;0;0;0;0;0;0;0;5330;0;0;89;0;80;0;
29582;5391522;1037701120;28352512;1122689024;0;0;0;0;0;0;0;0;0;0;0;4228;0;0;89;0;80;0;
29583;8033947;1037701120;28352512;1122689024;0;0;0;0;0;0;0;0;0;0;0;4177;0;0;89;0;80;0;
29584;6960122;1037701120;28352512;1122689024;0;0;0;0;0;0;0;0;0;0;0;3457;0;0;89;0;80;0;
29585;7674262;1037701120;28352512;1122689024;0;0;0;0;0;0;0;0;0;0;0;3537;0;0;89;0;80;0;
29586;5614739;1037701120;28352512;1122689024;0;0;0;0;0;0;0;0;0;0;0;3467;0;0;89;0;80;0;
29587;6511702;1037701120;28352512;1122689024;0;0;0;0;0;0;0;0;0;0;0;3968;0;0;89;0;80;0;
29588;5626713;1037701120;28352512;1122689024;0;0;0;0;0;0;0;0;0;0;0;3907;0;0;89;0;80;0;
29589;6263938;1037701120;28352512;1122689024;0;0;0;0;0;0;0;0;0;0;0;4759;0;0;89;0;80;0;
29590;6163119;1037701120;28352512;1122689024;0;0;0;0;0;0;0;0;0;0;0;4137;0;0;89;0;80;0;
29591;6932762;1037701120;28352512;1122689024;0;0;0;0;0;0;0;0;0;0;0;4839;0;0;89;0;80;0;
29592;6381357;1037701120;28352512;1122689024;0;0;0;0;0;0;0;0;0;0;0;21942;0;0;89;0;80;0;
29593;6258928;1037701120;28352512;1122689024;0;0;0;0;0;0;0;0;0;0;0;5270;0;0;89;0;80;0;
29594;6344739;1037701120;28352512;1122689024;0;0;0;0;0;0;0;0;0;0;0;4509;0;0;89;0;80;0;
29595;7329966;1037701120;28352512;1122689024;0;0;0;0;0;0;0;0;0;0;0;5400;0;0;89;0;80;0;
29596;6406144;1037701120;28352512;1122689024;0;0;0;0;0;0;0;0;0;0;0;4208;0;0;89;0;80;0;
29597;8137882;1037701120;28352512;1122689024;0;0;0;0;0;0;0;0;0;0;0;3496;0;0;89;0;80;0;
29598;4778722;1037701120;28352512;1122689024;0;0;0;0;0;0;0;0;0;0;0;3456;0;0;89;0;80;0;
29599;7323163;1037701120;28352512;1122689024;0;0;0;0;0;0;0;0;0;0;0;4489;0;0;89;0;80;0;
29600;5117046;1037701120;28352512;1122689024;0;0;0;0;0;0;0;0;0;0;0;3697;0;0;89;0;80;0;
29601;5911206;1037701120;28352512;1122689024;0;0;0;0;0;0;0;0;0;0;0;3947;0;0;89;0;80;0;
29602;6334810;1037701120;28352512;1122689024;0;0;0;0;0;0;0;0;0;0;0;4198;0;0;89;0;80;0;
29603;5989252;1037701120;28352512;1122689024;0;0;0;0;0;0;0;0;0;0;0;4999;0;0;89;0;80;0;
29604;6737415;1037701120;28352512;1122689024;0;0;0;0;0;0;0;0;0;0;0;4309;0;0;89;0;80;0;
29605;6578757;1037701120;28352512;1122689024;0;0;0;0;0;0;0;0;0;0;0;4749;0;0;89;0;80;0;
29606;6115709;1037701120;28352512;1122689024;0;0;0;0;0;0;0;0;0;0;0;3877;0;0;89;0;80;0;
29607;6132561;1037701120;28352512;1122689024;0;0;0;0;0;0;0;0;0;0;0;4388;0;0;89;0;80;0;
29608;5389357;1037701120;28352512;1122689024;0;0;0;0;0;0;0;0;0;0;0;4368;0;0;89;0;80;0;
29609;7703587;1037701120;28352512;1122689024;0;0;0;0;0;0;0;0;0;0;0;5320;0;0;89;0;80;0;
29610;5907769;1037701120;28352512;1122689024;0;0;0;0;0;0;0;0;0;0;0;4348;0;0;89;0;80;0;
29611;6391417;1037701120;28352512;1122689024;0;0;0;0;0;0;0;0;0;0;0;5290;0;0;89;0;80;0;
29612;7113831;1037701120;28352512;1122689024;0;0;0;0;0;0;0;0;0;0;0;3977;0;0;89;0;80;0;
29613;8406735;1037701120;28352512;1122689024;0;0;0;0;0;0;0;0;0;0;0;3857;0;0;89;0;80;0;
29614;5594472;1037701120;28352512;1122689024;0;0;0;0;0;0;0;0;0;0;0;5000;0;0;89;0;80;0;
29615;7151722;1037701120;28352512;1122689024;0;0;0;0;0;0;0;0;0;0;0;5230;0;0;89;0;80;0;
29616;7320098;1037701120;28352512;1122689024;0;0;0;0;0;0;0;0;0;0;0;5360;0;0;89;0;80;0;
29617;6967557;1037701120;28352512;1122689024;0;0;0;0;0;0;0;0;0;0;0;4929;0;0;89;0;80;0;
29618;4752814;1037701120;28352512;1122689024;0;0;0;0;0;0;0;0;0;0;0;3727;0;0;89;0;80;0;
29619;7179895;1037701120;28352512;1122689024;0;0;0;0;0;0;0;0;0;0;0;4679;0;0;89;0;80;0;
29620;5184553;1037697024;28348416;1122684928;0;0;0;0;0;0;0;0;0;0;0;3697;0;0;89;0;80;0;
29621;8234644;1037697024;28348416;1122684928;0;0;0;0;0;0;0;0;0;0;0;5260;0;0;89;0;80;0;
29622;6139934;1037692928;28344320;1122680832;0;0;0;0;0;0;0;0;0;0;0;4929;0;0;89;0;80;0;
29623;7208118;1037692928;28344320;1122680832;0;0;0;0;0;0;0;0;0;0;0;4930;0;0;89;0;80;0;
29624;6908276;1037692928;28344320;1122680832;0;0;0;0;0;0;0;0;0;0;0;5501;0;0;89;0;80;0;
29625;6273395;1037692928;28344320;1122680832;0;0;0;0;0;0;0;0;0;0;0;5391;0;0;89;0;80;0;
29626;7995665;1037692928;28344320;1122680832;0;0;0;0;0;0;0;0;0;0;0;4659;0;0;89;0;80;0;
29627;6602963;1037692928;28344320;1122680832;0;0;0;0;0;0;0;0;0;0;0;3998;0;0;89;0;80;0;
29628;7100997;1037692928;28344320;1122680832;0;0;0;0;0;0;0;0;0;0;0;4138;0;0;89;0;80;0;
29629;7828210;1037692928;28344320;1122680832;0;0;0;0;0;0;0;0;0;0;0;5259;0;0;89;0;80;0;
29630;5943356;1037692928;28344320;1122680832;0;0;0;0;0;0;0;0;0;0;0;4378;0;0;89;0;80;0;
29631;6374174;1037692928;28344320;1122680832;0;0;0;0;0;0;0;0;0;0;0;4629;0;0;89;0;80;0;
29632;6680269;1037692928;28344320;1122680832;0;0;0;0;0;0;0;0;0;0;0;4458;0;0;89;0;80;0;
29633;7111327;1037692928;28344320;1122680832;0;0;0;0;0;0;0;0;0;0;0;4409;0;0;89;0;80;0;
29634;5812701;1037692928;28344320;1122680832;0;0;0;0;0;0;0;0;0;0;0;5110;0;0;89;0;80;0;
29635;6168869;1037692928;28344320;1122680832;0;0;0;0;0;0;0;0;0;0;0;4258;0;0;89;0;80;0;
29636;6655752;1037692928;28344320;1122680832;0;0;0;0;0;0;0;0;0;0;0;4639;0;0;89;0;80;0;
29637;5719496;1037692928;28344320;1122680832;0;0;0;0;0;0;0;0;0;0;0;4448;0;0;89;0;80;0;
29638;5438459;1037692928;28344320;1122680832;0;0;0;0;0;0;0;0;0;0;0;3567;0;0;89;0;80;0;
29639;7245719;1037692928;28344320;1122680832;0;0;0;0;0;0;0;0;0;0;0;3937;0;0;89;0;80;0;
29640;4698121;1037692928;28344320;1122680832;0;0;0;0;0;0;0;0;0;0;0;4057;0;0;89;0;80;0;
29641;6731244;1037692928;28344320;1122680832;0;0;0;0;0;0;0;0;0;0;0;4398;0;0;89;0;80;0;
29642;5303205;1037692928;28344320;1122680832;0;0;0;0;0;0;0;0;0;0;0;5380;0;0;89;0;80;0;
29643;6654900;1037692928;28344320;1122680832;0;0;0;0;0;0;0;0;0;0;0;4899;0;0;89;0;80;0;
29644;6313330;1037692928;28344320;1122680832;0;0;0;0;0;0;0;0;0;0;0;4859;0;0;89;0;80;0;
29645;5694689;1037692928;28344320;1122680832;0;0;0;0;0;0;0;0;0;0;0;4298;0;0;89;0;80;0;
29646;5130732;1037692928;28344320;1122680832;0;0;0;0;0;0;0;0;0;0;0;5561;0;0;89;0;80;0;
29647;7538598;1037692928;28344320;1122680832;0;0;0;0;0;0;0;0;0;0;0;4959;0;0;89;0;80;0;
29648;5660957;1037692928;28344320;1122680832;0;0;0;0;0;0;0;0;0;0;0;4709;0;0;89;0;80;0;
29649;6821433;1037692928;28344320;1122680832;0;0;0;0;0;0;0;0;0;0;0;4228;0;0;89;0;80;0;
29650;6668887;1037692928;28344320;1122680832;0;0;0;0;0;0;0;0;0;0;0;4278;0;0;89;0;80;0;
29651;5225190;1037692928;28344320;1122680832;0;0;0;0;0;0;0;0;0;0;0;3216;0;0;89;0;80;0;
29652;7039241;1037692928;28344320;1122680832;0;0;0;0;0;0;0;0;0;0;0;4058;0;0;89;0;80;0;
29653;5241750;1037692928;28344320;1122680832;0;0;0;0;0;0;0;0;0;0;0;3848;0;0;89;0;80;0;
29654;5484365;1037692928;28344320;1122680832;0;0;0;0;0;0;0;0;0;0;0;3647;0;0;89;0;80;0;
29655;7404336;1037692928;28344320;1122680832;0;0;0;0;0;0;0;0;0;0;0;3637;0;0;89;0;80;0;
29656;5958164;1037692928;28344320;1122680832;0;0;0;0;0;0;0;0;0;0;0;3898;0;0;89;0;80;0;
29657;6872148;1037692928;28344320;1122680832;0;0;0;0;0;0;0;0;0;0;0;5911;0;0;89;0;80;0;
29658;5592799;1037692928;28344320;1122680832;0;0;0;0;0;0;0;0;0;0;0;3838;0;0;89;0;80;0;
29659;7467074;1037692928;28344320;1122680832;0;0;0;0;0;0;0;0;0;0;0;4298;0;0;89;0;80;0;
29660;5316550;1037692928;28344320;1122680832;0;0;0;0;0;0;0;0;0;0;0;4648;0;0;89;0;80;0;
29661;6901674;1037692928;28344320;1122680832;0;0;0;0;0;0;0;0;0;0;0;4749;0;0;89;0;80;0;
29662;6482447;1037692928;28344320;1122680832;0;0;0;0;0;0;0;0;0;0;0;4037;0;0;89;0;80;0;
29663;7811419;1037692928;28344320;1122680832;0;0;0;0;0;0;0;0;0;0;0;4098;0;0;89;0;80;0;
29664;6563148;1037692928;28344320;1122680832;0;0;0;0;0;0;0;0;0;0;0;4208;0;0;89;0;80;0;
29665;6403650;1037692928;28344320;1122680832;0;0;0;0;0;0;0;0;0;0;0;3827;0;0;89;0;80;0;
29666;16565767;1037692928;28344320;1122680832;0;0;0;0;0;0;0;0;0;0;0;3657;0;0;89;0;80;0;
29667;7509062;1037692928;28344320;1122680832;0;0;0;0;0;0;0;0;0;0;0;4669;0;0;89;0;80;0;
29668;4892285;1037692928;28344320;1122680832;0;0;0;0;0;0;0;0;0;0;0;4368;0;0;89;0;80;0;
29669;7631271;1037692928;28344320;1122680832;0;0;0;0;0;0;0;0;0;0;0;4929;0;0;89;0;80;0;
29670;5129781;1037692928;28344320;1122680832;0;0;0;0;0;0;0;0;0;0;0;4829;0;0;89;0;80;0;
29671;6186802;1037692928;28344320;1122680832;0;0;0;0;0;0;0;0;0;0;0;3847;0;0;89;0;80;0;
29672;5841886;1037692928;28344320;1122680832;0;0;0;0;0;0;0;0;0;0;0;4389;0;0;89;0;80;0;
29673;6942290;1037692928;28344320;1122680832;0;0;0;0;0;0;0;0;0;0;0;3587;0;0;89;0;80;0;
29674;6279356;1037692928;28344320;1122680832;0;0;0;0;0;0;0;0;0;0;0;5020;0;0;89;0;80;0;
29675;7063597;1037692928;28344320;1122680832;0;0;0;0;0;0;0;0;0;0;0;4107;0;0;89;0;80;0;
29676;5915063;1037692928;28344320;1122680832;0;0;0;0;0;0;0;0;0;0;0;4819;0;0;89;0;80;0;
29677;6606370;1037692928;28344320;1122680832;0;0;0;0;0;0;0;0;0;0;0;3777;0;0;89;0;80;0;
29678;4479501;1037692928;28344320;1122680832;0;0;0;0;0;0;0;0;0;0;0;3878;0;0;89;0;80;0;
29679;6741062;1037692928;28344320;1122680832;0;0;0;0;0;0;0;0;0;0;0;3747;0;0;89;0;80;0;
29680;4443743;1037692928;28344320;1122680832;0;0;0;0;0;0;0;0;0;0;0;3607;0;0;89;0;80;0;
29681;5784128;1037692928;28344320;1122680832;0;0;0;0;0;0;0;0;0;0;0;3026;0;0;89;0;80;0;
29682;4847120;1037692928;28344320;1122680832;0;0;0;0;0;0;0;0;0;0;0;3176;0;0;89;0;80;0;
29683;5436976;1037692928;28344320;1122680832;0;0;0;0;0;0;0;0;0;0;0;2585;0;0;89;0;80;0;
29684;5608468;1037692928;28344320;1122680832;0;0;0;0;0;0;0;0;0;0;0;4509;0;0;89;0;80;0;
29685;6685027;1037692928;28344320;1122680832;0;0;0;0;0;0;0;0;0;0;0;3186;0;0;89;0;80;0;
29686;5429272;1037692928;28344320;1122680832;0;0;0;0;0;0;0;0;0;0;0;3527;0;0;89;0;80;0;
29687;6447682;1037692928;28344320;1122680832;0;0;0;0;0;0;0;0;0;0;0;3506;0;0;89;0;80;0;
29688;5345464;1037692928;28344320;1122680832;0;0;0;0;0;0;0;0;0;0;0;3857;0;0;89;0;80;0;
29689;4896813;1037692928;28344320;1122680832;0;0;0;0;0;0;0;0;0;0;0;3076;0;0;89;0;80;0;
29690;5564967;1037692928;28344320;1122680832;0;0;0;0;0;0;0;0;0;0;0;3035;0;0;89;0;80;0;
29691;5430794;1037692928;28344320;1122680832;0;0;0;0;0;0;0;0;0;0;0;2686;0;0;89;0;80;0;
29692;5714447;1037692928;28344320;1122680832;0;0;0;0;0;0;0;0;0;0;0;3166;0;0;89;0;80;0;
29693;5287737;1037692928;28344320;1122680832;0;0;0;0;0;0;0;0;0;0;0;2796;0;0;89;0;80;0;
29694;5030704;1037692928;28344320;1122680832;0;0;0;0;0;0;0;0;0;0;0;3587;0;0;89;0;80;0;
29695;5214960;1037692928;28344320;1122680832;0;0;0;0;0;0;0;0;0;0;0;3206;0;0;89;0;80;0;
29696;5123499;1037692928;28344320;1122680832;0;0;0;0;0;0;0;0;0;0;0;3637;0;0;89;0;80;0;
29697;5639436;1037692928;28344320;1122680832;0;0;0;0;0;0;0;0;0;0;0;3467;0;0;89;0;80;0;
29698;4402716;1037692928;28344320;1122680832;0;0;0;0;0;0;0;0;0;0;0;3336;0;0;89;0;80;0;
29699;5505535;1037692928;28344320;1122680832;0;0;0;0;0;0;0;0;0;0;0;2935;0;0;89;0;80;0;
29700;5008273;1037692928;28344320;1122680832;0;0;0;0;0;0;0;0;0;0;0;3586;0;0;89;0;80;0;
29701;6185471;1037692928;28344320;1122680832;0;0;0;0;0;0;0;0;0;0;0;3176;0;0;89;0;80;0;
29702;5673480;1037692928;28344320;1122680832;0;0;0;0;0;0;0;0;0;0;0;3376;0;0;89;0;80;0;
29703;6029718;1037692928;28344320;1122680832;0;0;0;0;0;0;0;0;0;0;0;3387;0;0;89;0;80;0;
29704;4947158;1037692928;28344320;1122680832;0;0;0;0;0;0;0;0;0;0;0;3446;0;0;89;0;80;0;
29705;6305976;1037692928;28344320;1122680832;0;0;0;0;0;0;0;0;0;0;0;2776;0;0;89;0;80;0;
29706;5847236;1037692928;28344320;1122680832;0;0;0;0;0;0;0;0;0;0;0;3416;0;0;89;0;80;0;
29707;6074262;1037692928;28344320;1122680832;0;0;0;0;0;0;0;0;0;0;0;3526;0;0;89;0;80;0;
29708;5012911;1037692928;28344320;1122680832;0;0;0;0;0;0;0;0;0;0;0;4058;0;0;89;0;80;0;
29709;4869582;1037692928;28344320;1122680832;0;0;0;0;0;0;0;0;0;0;0;3496;0;0;89;0;80;0;
29710;5454099;1037692928;28344320;1122680832;0;0;0;0;0;0;0;0;0;0;0;3747;0;0;89;0;80;0;
29711;6780155;1037692928;28344320;1122680832;0;0;0;0;0;0;0;0;0;0;0;3647;0;0;89;0;80;0;
29712;5494744;1037692928;28344320;1122680832;0;0;0;0;0;0;0;0;0;0;0;3787;0;0;89;0;80;0;
29713;7540261;1037692928;28344320;1122680832;0;0;0;0;0;0;0;0;0;0;0;4178;0;0;89;0;80;0;
29714;4845427;1037692928;28344320;1122680832;0;0;0;0;0;0;0;0;0;0;0;4107;0;0;89;0;80;0;
29715;6772020;1037692928;28344320;1122680832;0;0;0;0;0;0;0;0;0;0;0;3657;0;0;89;0;80;0;
29716;5053297;1037692928;28344320;1122680832;0;0;0;0;0;0;0;0;0;0;0;3646;0;0;89;0;80;0;
29717;6017104;1037692928;28344320;1122680832;0;0;0;0;0;0;0;0;0;0;0;3466;0;0;89;0;80;0;
29718;4050016;1037692928;28344320;1122680832;0;0;0;0;0;0;0;0;0;0;0;3156;0;0;89;0;80;0;
29719;7395369;1037692928;28344320;1122680832;0;0;0;0;0;0;0;0;0;0;0;3126;0;0;89;0;80;0;
29720;5647101;1037692928;28344320;1122680832;0;0;0;0;0;0;0;0;0;0;0;3777;0;0;89;0;80;0;
29721;8019119;1037692928;28344320;1122680832;0;0;0;0;0;0;0;0;0;0;0;204684;0;0;89;0;80;0;
29722;5390249;1037692928;28344320;1122680832;0;0;0;0;0;0;0;0;0;0;0;3437;0;0;89;0;80;0;
29723;5664042;1037692928;28344320;1122680832;0;0;0;0;0;0;0;0;0;0;0;3607;0;0;89;0;80;0;
29724;5432147;1037692928;28344320;1122680832;0;0;0;0;0;0;0;0;0;0;0;4027;0;0;89;0;80;0;
29725;5734885;1037692928;28344320;1122680832;0;0;0;0;0;0;0;0;0;0;0;3967;0;0;89;0;80;0;
29726;4586922;1037692928;28344320;1122680832;0;0;0;0;0;0;0;0;0;0;0;3878;0;0;89;0;80;0;
29727;5495286;1037692928;28344320;1122680832;0;0;0;0;0;0;0;0;0;0;0;3517;0;0;89;0;80;0;
29728;4363674;1037692928;28344320;1122680832;0;0;0;0;0;0;0;0;0;0;0;2976;0;0;89;0;80;0;
29729;6038805;1037692928;28344320;1122680832;0;0;0;0;0;0;0;0;0;0;0;39905;0;0;89;0;80;0;
29730;4267894;1037692928;28344320;1122680832;0;0;0;0;0;0;0;0;0;0;0;3136;0;0;89;0;80;0;
29731;6443263;1037692928;28344320;1122680832;0;0;0;0;0;0;0;0;0;0;0;3777;0;0;89;0;80;0;
29732;5338121;1037692928;28344320;1122680832;0;0;0;0;0;0;0;0;0;0;0;3677;0;0;89;0;80;0;
29733;6018948;1037692928;28344320;1122680832;0;0;0;0;0;0;0;0;0;0;0;3246;0;0;89;0;80;0;
29734;4157998;1037692928;28344320;1122680832;0;0;0;0;0;0;0;0;0;0;0;3446;0;0;89;0;80;0;
29735;5656518;1037692928;28344320;1122680832;0;0;0;0;0;0;0;0;0;0;0;2765;0;0;89;0;80;0;
29736;5051724;1037692928;28344320;1122680832;0;0;0;0;0;0;0;0;0;0;0;3677;0;0;89;0;80;0;
29737;6266563;1037692928;28344320;1122680832;0;0;0;0;0;0;0;0;0;0;0;3266;0;0;89;0;80;0;
29738;4818306;1037692928;28344320;1122680832;0;0;0;0;0;0;0;0;0;0;0;3216;0;0;89;0;80;0;
29739;5758429;1037692928;28344320;1122680832;0;0;0;0;0;0;0;0;0;0;0;2825;0;0;89;0;80;0;
29740;5039240;1037692928;28344320;1122680832;0;0;0;0;0;0;0;0;0;0;0;3186;0;0;89;0;80;0;
29741;5821578;1037692928;28344320;1122680832;0;0;0;0;0;0;0;0;0;0;0;2745;0;0;89;0;80;0;
29742;4737665;1037692928;28344320;1122680832;0;0;0;0;0;0;0;0;0;0;0;3396;0;0;89;0;80;0;
29743;6352493;1037692928;28344320;1122680832;0;0;0;0;0;0;0;0;0;0;0;3567;0;0;89;0;80;0;
29744;4483588;1037692928;28344320;1122680832;0;0;0;0;0;0;0;0;0;0;0;4088;0;0;89;0;80;0;
29745;5380761;1037692928;28344320;1122680832;0;0;0;0;0;0;0;0;0;0;0;3536;0;0;89;0;80;0;
29746;5564947;1037692928;28344320;1122680832;0;0;0;0;0;0;0;0;0;0;0;3667;0;0;89;0;80;0;
29747;5838379;1037692928;28344320;1122680832;0;0;0;0;0;0;0;0;0;0;0;3096;0;0;89;0;80;0;
29748;4502634;1037692928;28344320;1122680832;0;0;0;0;0;0;0;0;0;0;0;3276;0;0;89;0;80;0;
29749;5462394;1037692928;28344320;1122680832;0;0;0;0;0;0;0;0;0;0;0;3096;0;0;89;0;80;0;
29750;4713670;1037692928;28344320;1122680832;0;0;0;0;0;0;0;0;0;0;0;3547;0;0;89;0;80;0;
29751;5113870;1037692928;28344320;1122680832;0;0;0;0;0;0;0;0;0;0;0;3436;0;0;89;0;80;0;
29752;5396891;1037692928;28344320;1122680832;0;0;0;0;0;0;0;0;0;0;0;3707;0;0;89;0;80;0;
29753;5817670;1037692928;28344320;1122680832;0;0;0;0;0;0;0;0;0;0;0;3537;0;0;89;0;80;0;
29754;4919827;1037692928;28344320;1122680832;0;0;0;0;0;0;0;0;0;0;0;3136;0;0;89;0;80;0;
29755;5935471;1037692928;28344320;1122680832;0;0;0;0;0;0;0;0;0;0;0;3567;0;0;89;0;80;0;
29756;4092786;1037692928;28344320;1122680832;0;0;0;0;0;0;0;0;0;0;0;2915;0;0;89;0;80;0;
29757;5294780;1037692928;28344320;1122680832;0;0;0;0;0;0;0;0;0;0;0;3316;0;0;89;0;80;0;
29758;3779528;1037692928;28344320;1122680832;0;0;0;0;0;0;0;0;0;0;0;3988;0;0;89;0;80;0;
29759;6049986;1037692928;28344320;1122680832;0;0;0;0;0;0;0;0;0;0;0;3056;0;0;89;0;80;0;
29760;3579022;1037692928;28344320;1122680832;0;0;0;0;0;0;0;0;0;0;0;3516;0;0;89;0;80;0;
29761;5544298;1037692928;28344320;1122680832;0;0;0;0;0;0;0;0;0;0;0;2605;0;0;89;0;80;0;
29762;5629998;1037692928;28344320;1122680832;0;0;0;0;0;0;0;0;0;0;0;3356;0;0;89;0;80;0;
29763;6773243;1037692928;28344320;1122680832;0;0;0;0;0;0;0;0;0;0;0;3436;0;0;89;0;80;0;
29764;4223260;1037692928;28344320;1122680832;0;0;0;0;0;0;0;0;0;0;0;3657;0;0;89;0;80;0;
29765;6180371;1037692928;28344320;1122680832;0;0;0;0;0;0;0;0;0;0;0;2856;0;0;89;0;80;0;
29766;3932445;1037692928;28344320;1122680832;0;0;0;0;0;0;0;0;0;0;0;3476;0;0;89;0;80;0;
29767;6449175;1037692928;28344320;1122680832;0;0;0;0;0;0;0;0;0;0;0;3487;0;0;89;0;80;0;
29768;4889179;1037692928;28344320;1122680832;0;0;0;0;0;0;0;0;0;0;0;4108;0;0;89;0;80;0;
29769;6662425;1037692928;28344320;1122680832;0;0;0;0;0;0;0;0;0;0;0;4549;0;0;89;0;80;0;
29770;4995749;1037692928;28344320;1122680832;0;0;0;0;0;0;0;0;0;0;0;3366;0;0;89;0;80;0;
29771;5491038;1037692928;28344320;1122680832;0;0;0;0;0;0;0;0;0;0;0;3948;0;0;89;0;80;0;
29772;7115524;1037692928;28344320;1122680832;0;0;0;0;0;0;0;0;0;0;0;4098;0;0;89;0;80;0;
29773;6564551;1037692928;28344320;1122680832;0;0;0;0;0;0;0;0;0;0;0;5099;0;0;89;0;80;0;
29774;5648974;1037692928;28344320;1122680832;0;0;0;0;0;0;0;0;0;0;0;4248;0;0;89;0;80;0;
29775;6782379;1037692928;28344320;1122680832;0;0;0;0;0;0;0;0;0;0;0;4218;0;0;89;0;80;0;
29776;4015952;1037692928;28344320;1122680832;0;0;0;0;0;0;0;0;0;0;0;3818;0;0;89;0;80;0;
29777;6316175;1037692928;28344320;1122680832;0;0;0;0;0;0;0;0;0;0;0;3556;0;0;89;0;80;0;
29778;4215616;1037692928;28344320;1122680832;0;0;0;0;0;0;0;0;0;0;0;3938;0;0;89;0;80;0;
29779;5493282;1037692928;28344320;1122680832;0;0;0;0;0;0;0;0;0;0;0;2565;0;0;89;0;80;0;
29780;6162087;1037692928;28344320;1122680832;0;0;0;0;0;0;0;0;0;0;0;3697;0;0;89;0;80;0;
29781;5589723;1037692928;28344320;1122680832;0;0;0;0;0;0;0;0;0;0;0;3116;0;0;89;0;80;0;
29782;5107859;1037692928;28344320;1122680832;0;0;0;0;0;0;0;0;0;0;0;4038;0;0;89;0;80;0;
29783;6221468;1037692928;28344320;1122680832;0;0;0;0;0;0;0;0;0;0;0;4779;0;0;89;0;80;0;
29784;5093792;1037692928;28344320;1122680832;0;0;0;0;0;0;0;0;0;0;0;4849;0;0;89;0;80;0;
29785;5784077;1037692928;28344320;1122680832;0;0;0;0;0;0;0;0;0;0;0;3747;0;0;89;0;80;0;
29786;6072679;1037692928;28344320;1122680832;0;0;0;0;0;0;0;0;0;0;0;4448;0;0;89;0;80;0;
29787;5744854;1037692928;28344320;1122680832;0;0;0;0;0;0;0;0;0;0;0;3477;0;0;89;0;80;0;
29788;5414845;1037692928;28344320;1122680832;0;0;0;0;0;0;0;0;0;0;0;4368;0;0;89;0;80;0;
29789;6105420;1037692928;28344320;1122680832;0;0;0;0;0;0;0;0;0;0;0;3707;0;0;89;0;80;0;
29790;5072122;1037692928;28344320;1122680832;0;0;0;0;0;0;0;0;0;0;0;3327;0;0;89;0;80;0;
29791;6502585;1037692928;28348416;1122684928;0;0;0;0;0;0;0;0;0;0;0;2836;0;0;89;0;80;0;
29792;4990619;1037692928;28352512;1122689024;0;0;0;0;0;0;0;0;0;0;0;3386;0;0;89;0;80;0;
29793;5385400;1037692928;28352512;1122689024;0;0;0;0;0;0;0;0;0;0;0;2965;0;0;89;0;80;0;
29794;4523143;1037692928;28352512;1122689024;0;0;0;0;0;0;0;0;0;0;0;3326;0;0;89;0;80;0;
29795;5113710;1037692928;28352512;1122689024;0;0;0;0;0;0;0;0;0;0;0;2595;0;0;89;0;80;0;
29796;4157727;1037692928;28352512;1122689024;0;0;0;0;0;0;0;0;0;0;0;3166;0;0;89;0;80;0;
29797;4932600;1037692928;28352512;1122689024;0;0;0;0;0;0;0;0;0;0;0;3056;0;0;89;0;80;0;
29798;5033109;1037692928;28344320;1122680832;0;0;0;0;0;0;0;0;0;0;0;3707;0;0;89;0;80;0;
29799;5726850;1037692928;28344320;1122680832;0;0;0;0;0;0;0;0;0;0;0;3156;0;0;89;0;80;0;
29800;4562075;1037692928;28344320;1122680832;0;0;0;0;0;0;0;0;0;0;0;4449;0;0;89;0;80;0;
29801;6002427;1037692928;28344320;1122680832;0;0;0;0;0;0;0;0;0;0;0;3106;0;0;89;0;80;0;
29802;5323243;1037692928;28344320;1122680832;0;0;0;0;0;0;0;0;0;0;0;3517;0;0;89;0;80;0;
29803;5830965;1037692928;28344320;1122680832;0;0;0;0;0;0;0;0;0;0;0;3466;0;0;89;0;80;0;
29804;5587949;1037692928;28344320;1122680832;0;0;0;0;0;0;0;0;0;0;0;5140;0;0;89;0;80;0;
29805;5316941;1037692928;28344320;1122680832;0;0;0;0;0;0;0;0;0;0;0;3396;0;0;89;0;80;0;
29806;5001470;1037692928;28344320;1122680832;0;0;0;0;0;0;0;0;0;0;0;4308;0;0;89;0;80;0;
29807;5640027;1037692928;28344320;1122680832;0;0;0;0;0;0;0;0;0;0;0;4368;0;0;89;0;80;0;
29808;6585040;1037692928;28344320;1122680832;0;0;0;0;0;0;0;0;0;0;0;4188;0;0;89;0;80;0;
29809;5636250;1037692928;28344320;1122680832;0;0;0;0;0;0;0;0;0;0;0;3818;0;0;89;0;80;0;
29810;5102279;1037692928;28344320;1122680832;0;0;0;0;0;0;0;0;0;0;0;3707;0;0;89;0;80;0;
29811;5892040;1037692928;28344320;1122680832;0;0;0;0;0;0;0;0;0;0;0;3015;0;0;89;0;80;0;
29812;4602882;1037692928;28344320;1122680832;0;0;0;0;0;0;0;0;0;0;0;4128;0;0;89;0;80;0;
29813;6378271;1037692928;28344320;1122680832;0;0;0;0;0;0;0;0;0;0;0;3427;0;0;89;0;80;0;
29814;4957046;1037692928;28344320;1122680832;0;0;0;0;0;0;0;0;0;0;0;4558;0;0;89;0;80;0;
29815;5676876;1037692928;28344320;1122680832;0;0;0;0;0;0;0;0;0;0;0;3697;0;0;89;0;80;0;
29816;5598319;1037692928;28344320;1122680832;0;0;0;0;0;0;0;0;0;0;0;4148;0;0;89;0;80;0;
29817;5317964;1037692928;28344320;1122680832;0;0;0;0;0;0;0;0;0;0;0;3297;0;0;89;0;80;0;
29818;4749377;1037692928;28344320;1122680832;0;0;0;0;0;0;0;0;0;0;0;4579;0;0;89;0;80;0;
29819;5668641;1037692928;28344320;1122680832;0;0;0;0;0;0;0;0;0;0;0;4057;0;0;89;0;80;0;
29820;3648442;1037692928;28344320;1122680832;0;0;0;0;0;0;0;0;0;0;0;4128;0;0;89;0;80;0;
29821;5443018;1037692928;28344320;1122680832;0;0;0;0;0;0;0;0;0;0;0;2986;0;0;89;0;80;0;
29822;4254589;1037692928;28344320;1122680832;0;0;0;0;0;0;0;0;0;0;0;3296;0;0;89;0;80;0;
29823;5219489;1037692928;28344320;1122680832;0;0;0;0;0;0;0;0;0;0;0;3016;0;0;89;0;80;0;
29824;5727451;1037692928;28344320;1122680832;0;0;0;0;0;0;0;0;0;0;0;4678;0;0;89;0;80;0;
29825;5994141;1037692928;28344320;1122680832;0;0;0;0;0;0;0;0;0;0;0;3556;0;0;89;0;80;0;
29826;5623947;1037692928;28344320;1122680832;0;0;0;0;0;0;0;0;0;0;0;3847;0;0;89;0;80;0;
29827;6412586;1037692928;28344320;1122680832;0;0;0;0;0;0;0;0;0;0;0;4058;0;0;89;0;80;0;
29828;5387754;1037692928;28344320;1122680832;0;0;0;0;0;0;0;0;0;0;0;4298;0;0;89;0;80;0;
29829;5823291;1037692928;28344320;1122680832;0;0;0;0;0;0;0;0;0;0;0;3357;0;0;89;0;80;0;
29830;4872619;1037692928;28344320;1122680832;0;0;0;0;0;0;0;0;0;0;0;3467;0;0;89;0;80;0;
29831;5527737;1037692928;28344320;1122680832;0;0;0;0;0;0;0;0;0;0;0;3877;0;0;89;0;80;0;
29832;6119065;1037692928;28344320;1122680832;0;0;0;0;0;0;0;0;0;0;0;4148;0;0;89;0;80;0;
29833;6574810;1037692928;28344320;1122680832;0;0;0;0;0;0;0;0;0;0;0;3867;0;0;89;0;80;0;
29834;5367867;1037692928;28344320;1122680832;0;0;0;0;0;0;0;0;0;0;0;4809;0;0;89;0;80;0;
29835;8003991;1037692928;28344320;1122680832;0;0;0;0;0;0;0;0;0;0;0;5530;0;0;89;0;80;0;
29836;5974123;1037692928;28344320;1122680832;0;0;0;0;0;0;0;0;0;0;0;4198;0;0;89;0;80;0;
29837;6553571;1037692928;28344320;1122680832;0;0;0;0;0;0;0;0;0;0;0;4498;0;0;89;0;80;0;
29838;4119505;1037692928;28344320;1122680832;0;0;0;0;0;0;0;0;0;0;0;3847;0;0;89;0;80;0;
29839;5898222;1037692928;28344320;1122680832;0;0;0;0;0;0;0;0;0;0;0;3967;0;0;89;0;80;0;
29840;7027419;1037692928;28344320;1122680832;0;0;0;0;0;0;0;0;0;0;0;4398;0;0;89;0;80;0;
29841;5793304;1037692928;28344320;1122680832;0;0;0;0;0;0;0;0;0;0;0;4759;0;0;89;0;80;0;
29842;5621783;1037692928;28344320;1122680832;0;0;0;0;0;0;0;0;0;0;0;3546;0;0;89;0;80;0;
29843;11687057;1037692928;28344320;1122680832;0;0;0;0;0;0;0;0;0;0;0;3467;0;0;89;0;80;0;
29844;4332746;1037692928;28344320;1122680832;0;0;0;0;0;0;0;0;0;0;0;7454;0;0;89;0;80;0;
29845;6562537;1037692928;28344320;1122680832;0;0;0;0;0;0;0;0;0;0;0;5080;0;0;89;0;80;0;
29846;5609920;1037692928;28344320;1122680832;0;0;0;0;0;0;0;0;0;0;0;4538;0;0;89;0;80;0;
29847;5854730;1037692928;28344320;1122680832;0;0;0;0;0;0;0;0;0;0;0;3537;0;0;89;0;80;0;
29848;4325812;1037692928;28344320;1122680832;0;0;0;0;0;0;0;0;0;0;0;3747;0;0;89;0;80;0;
29849;5233375;1037692928;28344320;1122680832;0;0;0;0;0;0;0;0;0;0;0;3376;0;0;89;0;80;0;
29850;3640407;1037692928;28344320;1122680832;0;0;0;0;0;0;0;0;0;0;0;4128;0;0;89;0;80;0;
29851;6076916;1037692928;28344320;1122680832;0;0;0;0;0;0;0;0;0;0;0;3767;0;0;89;0;80;0;
29852;4097644;1037692928;28344320;1122680832;0;0;0;0;0;0;0;0;0;0;0;3978;0;0;89;0;80;0;
29853;5076821;1037692928;28344320;1122680832;0;0;0;0;0;0;0;0;0;0;0;3496;0;0;89;0;80;0;
29854;4057429;1037692928;28344320;1122680832;0;0;0;0;0;0;0;0;0;0;0;4088;0;0;89;0;80;0;
29855;5074206;1037692928;28344320;1122680832;0;0;0;0;0;0;0;0;0;0;0;3247;0;0;89;0;80;0;
29856;3186696;1037692928;28344320;1122680832;0;0;0;0;0;0;0;0;0;0;0;3477;0;0;89;0;80;0;
29857;5815516;1037692928;28344320;1122680832;0;0;0;0;0;0;0;0;0;0;0;3106;0;0;89;0;80;0;
29858;4352733;1037692928;28344320;1122680832;0;0;0;0;0;0;0;0;0;0;0;3457;0;0;89;0;80;0;
29859;5212285;1037692928;28344320;1122680832;0;0;0;0;0;0;0;0;0;0;0;3456;0;0;89;0;80;0;
29860;5073915;1037692928;28344320;1122680832;0;0;0;0;0;0;0;0;0;0;0;4949;0;0;89;0;80;0;
29861;6134925;1037692928;28344320;1122680832;0;0;0;0;0;0;0;0;0;0;0;3446;0;0;89;0;80;0;
29862;5463736;1037692928;28344320;1122680832;0;0;0;0;0;0;0;0;0;0;0;4238;0;0;89;0;80;0;
29863;5622484;1037692928;28344320;1122680832;0;0;0;0;0;0;0;0;0;0;0;3066;0;0;89;0;80;0;
29864;3904542;1037692928;28344320;1122680832;0;0;0;0;0;0;0;0;0;0;0;3597;0;0;89;0;80;0;
29865;6554512;1037692928;28344320;1122680832;0;0;0;0;0;0;0;0;0;0;0;3306;0;0;89;0;80;0;
29866;3661847;1037692928;28344320;1122680832;0;0;0;0;0;0;0;0;0;0;0;3657;0;0;89;0;80;0;
29867;4978737;1037692928;28344320;1122680832;0;0;0;0;0;0;0;0;0;0;0;2705;0;0;89;0;80;0;
29868;5082111;1037692928;28344320;1122680832;0;0;0;0;0;0;0;0;0;0;0;3877;0;0;89;0;80;0;
29869;5829733;1037692928;28344320;1122680832;0;0;0;0;0;0;0;0;0;0;0;3357;0;0;89;0;80;0;
29870;3993149;1037692928;28344320;1122680832;0;0;0;0;0;0;0;0;0;0;0;3366;0;0;89;0;80;0;
29871;5653091;1037692928;28344320;1122680832;0;0;0;0;0;0;0;0;0;0;0;3156;0;0;89;0;80;0;
29872;4772451;1037692928;28344320;1122680832;0;0;0;0;0;0;0;0;0;0;0;3737;0;0;89;0;80;0;
29873;6185430;1037692928;28344320;1122680832;0;0;0;0;0;0;0;0;0;0;0;3226;0;0;89;0;80;0;
29874;3701863;1037692928;28344320;1122680832;0;0;0;0;0;0;0;0;0;0;0;3406;0;0;89;0;80;0;
29875;5382124;1037692928;28344320;1122680832;0;0;0;0;0;0;0;0;0;0;0;3055;0;0;89;0;80;0;
29876;4220034;1037692928;28344320;1122680832;0;0;0;0;0;0;0;0;0;0;0;3687;0;0;89;0;80;0;
29877;5762738;1037692928;28344320;1122680832;0;0;0;0;0;0;0;0;0;0;0;2876;0;0;89;0;80;0;
29878;4575681;1037692928;28344320;1122680832;0;0;0;0;0;0;0;0;0;0;0;3516;0;0;89;0;80;0;
29879;5633275;1037692928;28344320;1122680832;0;0;0;0;0;0;0;0;0;0;0;3026;0;0;89;0;80;0;
29880;4653277;1037692928;28344320;1122680832;0;0;0;0;0;0;0;0;0;0;0;3477;0;0;89;0;80;0;
29881;6071056;1037692928;28344320;1122680832;0;0;0;0;0;0;0;0;0;0;0;3256;0;0;89;0;80;0;
29882;5242722;1037692928;28344320;1122680832;0;0;0;0;0;0;0;0;0;0;0;3416;0;0;89;0;80;0;
29883;6139885;1037692928;28344320;1122680832;0;0;0;0;0;0;0;0;0;0;0;2886;0;0;89;0;80;0;
29884;6085263;1037692928;28344320;1122680832;0;0;0;0;0;0;0;0;0;0;0;3687;0;0;89;0;80;0;
29885;5278920;1037692928;28344320;1122680832;0;0;0;0;0;0;0;0;0;0;0;2805;0;0;89;0;80;0;
29886;4362451;1037692928;28344320;1122680832;0;0;0;0;0;0;0;0;0;0;0;3367;0;0;89;0;80;0;
29887;5622384;1037692928;28344320;1122680832;0;0;0;0;0;0;0;0;0;0;0;2856;0;0;89;0;80;0;
29888;5118379;1037692928;28344320;1122680832;0;0;0;0;0;0;0;0;0;0;0;4168;0;0;89;0;80;0;
29889;5689520;1037692928;28344320;1122680832;0;0;0;0;0;0;0;0;0;0;0;3166;0;0;89;0;80;0;
29890;4728568;1037692928;28344320;1122680832;0;0;0;0;0;0;0;0;0;0;0;4228;0;0;89;0;80;0;
29891;5335987;1037692928;28344320;1122680832;0;0;0;0;0;0;0;0;0;0;0;3677;0;0;89;0;80;0;
29892;4232919;1037692928;28344320;1122680832;0;0;0;0;0;0;0;0;0;0;0;4077;0;0;89;0;80;0;
29893;6181393;1037692928;28344320;1122680832;0;0;0;0;0;0;0;0;0;0;0;3386;0;0;89;0;80;0;
29894;5043989;1037692928;28344320;1122680832;0;0;0;0;0;0;0;0;0;0;0;4288;0;0;89;0;80;0;
29895;5166850;1037692928;28344320;1122680832;0;0;0;0;0;0;0;0;0;0;0;2905;0;0;89;0;80;0;
29896;4727476;1037692928;28344320;1122680832;0;0;0;0;0;0;0;0;0;0;0;3476;0;0;89;0;80;0;
29897;6480935;1037692928;28344320;1122680832;0;0;0;0;0;0;0;0;0;0;0;3076;0;0;89;0;80;0;
29898;4403779;1037692928;28344320;1122680832;0;0;0;0;0;0;0;0;0;0;0;3416;0;0;89;0;80;0;
29899;5880378;1037692928;28344320;1122680832;0;0;0;0;0;0;0;0;0;0;0;2846;0;0;89;0;80;0;
29900;4830980;1037692928;28344320;1122680832;0;0;0;0;0;0;0;0;0;0;0;3346;0;0;89;0;80;0;
29901;5637202;1037692928;28344320;1122680832;0;0;0;0;0;0;0;0;0;0;0;2755;0;0;89;0;80;0;
29902;3987518;1037692928;28344320;1122680832;0;0;0;0;0;0;0;0;0;0;0;4168;0;0;89;0;80;0;
29903;5801580;1037692928;28344320;1122680832;0;0;0;0;0;0;0;0;0;0;0;2996;0;0;89;0;80;0;
29904;4633359;1037692928;28344320;1122680832;0;0;0;0;0;0;0;0;0;0;0;3206;0;0;89;0;80;0;
29905;6568047;1037692928;28344320;1122680832;0;0;0;0;0;0;0;0;0;0;0;2926;0;0;89;0;80;0;
29906;6297880;1037692928;28344320;1122680832;0;0;0;0;0;0;0;0;0;0;0;3527;0;0;89;0;80;0;
29907;6815672;1037692928;28344320;1122680832;0;0;0;0;0;0;0;0;0;0;0;3156;0;0;89;0;80;0;
29908;4189317;1037692928;28344320;1122680832;0;0;0;0;0;0;0;0;0;0;0;3657;0;0;89;0;80;0;
29909;6273114;1037692928;28344320;1122680832;0;0;0;0;0;0;0;0;0;0;0;2554;0;0;89;0;80;0;
29910;3941422;1037692928;28344320;1122680832;0;0;0;0;0;0;0;0;0;0;0;3467;0;0;89;0;80;0;
29911;5214389;1037692928;28344320;1122680832;0;0;0;0;0;0;0;0;0;0;0;3386;0;0;89;0;80;0;
29912;5781472;1037692928;28344320;1122680832;0;0;0;0;0;0;0;0;0;0;0;4138;0;0;89;0;80;0;
29913;6023997;1037692928;28344320;1122680832;0;0;0;0;0;0;0;0;0;0;0;2675;0;0;89;0;80;0;
29914;4456027;1037692928;28344320;1122680832;0;0;0;0;0;0;0;0;0;0;0;3467;0;0;89;0;80;0;
29915;5923990;1037692928;28344320;1122680832;0;0;0;0;0;0;0;0;0;0;0;3767;0;0;89;0;80;0;
29916;3550368;1037692928;28344320;1122680832;0;0;0;0;0;0;0;0;0;0;0;3286;0;0;89;0;80;0;
29917;5667228;1037692928;28344320;1122680832;0;0;0;0;0;0;0;0;0;0;0;2825;0;0;89;0;80;0;
29918;4627900;1037692928;28344320;1122680832;0;0;0;0;0;0;0;0;0;0;0;3857;0;0;89;0;80;0;
29919;4970141;1037692928;28344320;1122680832;0;0;0;0;0;0;0;0;0;0;0;3005;0;0;89;0;80;0;
29920;5511607;1037692928;28344320;1122680832;0;0;0;0;0;0;0;0;0;0;0;3606;0;0;89;0;80;0;
29921;5322422;1037692928;28344320;1122680832;0;0;0;0;0;0;0;0;0;0;0;3556;0;0;89;0;80;0;
29922;6040578;1037692928;28344320;1122680832;0;0;0;0;0;0;0;0;0;0;0;4378;0;0;89;0;80;0;
29923;6163699;1037692928;28344320;1122680832;0;0;0;0;0;0;0;0;0;0;0;4298;0;0;89;0;80;0;
29924;8104058;1037692928;28344320;1122680832;0;0;0;0;0;0;0;0;0;0;0;5049;0;0;89;0;80;0;
29925;6213512;1037692928;28344320;1122680832;0;0;0;0;0;0;0;0;0;0;0;4087;0;0;89;0;80;0;
29926;7751708;1037692928;28344320;1122680832;0;0;0;0;0;0;0;0;0;0;0;4709;0;0;89;0;80;0;
29927;7908772;1037692928;28344320;1122680832;0;0;0;0;0;0;0;0;0;0;0;4708;0;0;89;0;80;0;
29928;7474648;1037692928;28344320;1122680832;0;0;0;0;0;0;0;0;0;0;0;4939;0;0;89;0;80;0;
29929;8793180;1037692928;28344320;1122680832;0;0;0;0;0;0;0;0;0;0;0;5480;0;0;89;0;80;0;
29930;7583943;1037692928;28344320;1122680832;0;0;0;0;0;0;0;0;0;0;0;4980;0;0;89;0;80;0;
29931;7195755;1037692928;28344320;1122680832;0;0;0;0;0;0;0;0;0;0;0;4048;0;0;89;0;80;0;
29932;6911121;1037692928;28344320;1122680832;0;0;0;0;0;0;0;0;0;0;0;4759;0;0;89;0;80;0;
29933;8208223;1037692928;28344320;1122680832;0;0;0;0;0;0;0;0;0;0;0;4529;0;0;89;0;80;0;
29934;6348556;1037692928;28344320;1122680832;0;0;0;0;0;0;0;0;0;0;0;4629;0;0;89;0;80;0;
29935;8018067;1037692928;28344320;1122680832;0;0;0;0;0;0;0;0;0;0;0;4929;0;0;89;0;80;0;
29936;8965714;1037692928;28344320;1122680832;0;0;0;0;0;0;0;0;0;0;0;5620;0;0;89;0;80;0;
29937;8067851;1037692928;28344320;1122680832;0;0;0;0;0;0;0;0;0;0;0;5330;0;0;89;0;80;0;
29938;6618803;1037692928;28344320;1122680832;0;0;0;0;0;0;0;0;0;0;0;4138;0;0;89;0;80;0;
29939;8330633;1037692928;28344320;1122680832;0;0;0;0;0;0;0;0;0;0;0;6101;0;0;89;0;80;0;
29940;7460180;1037692928;28344320;1122680832;0;0;0;0;0;0;0;0;0;0;0;4728;0;0;89;0;80;0;
29941;6757843;1037692928;28344320;1122680832;0;0;0;0;0;0;0;0;0;0;0;5210;0;0;89;0;80;0;
29942;8112344;1037692928;28344320;1122680832;0;0;0;0;0;0;0;0;0;0;0;5391;0;0;89;0;80;0;
29943;7498333;1037692928;28344320;1122680832;0;0;0;0;0;0;0;0;0;0;0;5690;0;0;89;0;80;0;
29944;9401001;1037692928;28344320;1122680832;0;0;0;0;0;0;0;0;0;0;0;5741;0;0;89;0;80;0;
29945;8193536;1037692928;28344320;1122680832;0;0;0;0;0;0;0;0;0;0;0;5080;0;0;89;0;80;0;
29946;8965353;1037692928;28344320;1122680832;0;0;0;0;0;0;0;0;0;0;0;5921;0;0;89;0;80;0;
29947;6750960;1037692928;28344320;1122680832;0;0;0;0;0;0;0;0;0;0;0;5340;0;0;89;0;80;0;
29948;7874377;1037692928;28344320;1122680832;0;0;0;0;0;0;0;0;0;0;0;5580;0;0;89;0;80;0;
29949;8181383;1037692928;28344320;1122680832;0;0;0;0;0;0;0;0;0;0;0;4198;0;0;89;0;80;0;
29950;7372406;1037692928;28344320;1122680832;0;0;0;0;0;0;0;0;0;0;0;5420;0;0;89;0;80;0;
29951;7988732;1037692928;28344320;1122680832;0;0;0;0;0;0;0;0;0;0;0;5831;0;0;89;0;80;0;
29952;8151768;1037692928;28344320;1122680832;0;0;0;0;0;0;0;0;0;0;0;4579;0;0;89;0;80;0;
29953;7283760;1037692928;28344320;1122680832;0;0;0;0;0;0;0;0;0;0;0;5130;0;0;89;0;80;0;
29954;8422104;1037692928;28344320;1122680832;0;0;0;0;0;0;0;0;0;0;0;5972;0;0;89;0;80;0;
29955;7645448;1037692928;28344320;1122680832;0;0;0;0;0;0;0;0;0;0;0;4298;0;0;89;0;80;0;
29956;7248714;1037692928;28344320;1122680832;0;0;0;0;0;0;0;0;0;0;0;4819;0;0;89;0;80;0;
29957;9099164;1037692928;28344320;1122680832;0;0;0;0;0;0;0;0;0;0;0;5350;0;0;89;0;80;0;
29958;11085029;1037692928;28348416;1122684928;0;0;0;0;0;0;0;0;0;0;0;5300;0;0;89;0;80;0;
29959;6591972;1037692928;28348416;1122684928;0;0;0;0;0;0;0;0;0;0;0;4188;0;0;89;0;80;0;
29960;9090158;1037692928;28348416;1122684928;0;0;0;0;0;0;0;0;0;0;0;4689;0;0;89;0;80;0;
29961;6777219;1037692928;28352512;1122689024;0;0;0;0;0;0;0;0;0;0;0;5279;0;0;89;0;80;0;
29962;8720454;1037692928;28356608;1122693120;0;0;0;0;0;0;0;0;0;0;0;4979;0;0;89;0;80;0;
29963;6472869;1037692928;28356608;1122693120;0;0;0;0;0;0;0;0;0;0;0;5450;0;0;89;0;80;0;
29964;8281241;1037692928;28356608;1122693120;0;0;0;0;0;0;0;0;0;0;0;4378;0;0;89;0;80;0;
29965;7029694;1037692928;28356608;1122693120;0;0;0;0;0;0;0;0;0;0;0;4729;0;0;89;0;80;0;
29966;6363634;1037692928;28356608;1122693120;0;0;0;0;0;0;0;0;0;0;0;5140;0;0;89;0;80;0;
29967;7818172;1037692928;28356608;1122693120;0;0;0;0;0;0;0;0;0;0;0;5981;0;0;89;0;80;0;
29968;8132542;1037697024;28348416;1122684928;0;0;0;0;0;0;0;0;0;0;0;4939;0;0;89;0;80;0;
29969;8388682;1037697024;28348416;1122684928;0;0;0;0;0;0;0;0;0;0;0;5140;0;0;89;0;80;0;
29970;8043825;1037697024;28348416;1122684928;0;0;0;0;0;0;0;0;0;0;0;4749;0;0;89;0;80;0;
29971;9657381;1037697024;28348416;1122684928;0;0;0;0;0;0;0;0;0;0;0;4508;0;0;89;0;80;0;
29972;8647287;1037697024;28348416;1122684928;0;0;0;0;0;0;0;0;0;0;0;4729;0;0;89;0;80;0;
29973;8531911;1037697024;28348416;1122684928;0;0;0;0;0;0;0;0;0;0;0;4658;0;0;89;0;80;0;
29974;6817816;1037697024;28348416;1122684928;0;0;0;0;0;0;0;0;0;0;0;5019;0;0;89;0;80;0;
29975;7294941;1037697024;28348416;1122684928;0;0;0;0;0;0;0;0;0;0;0;4178;0;0;89;0;80;0;
29976;7399317;1037697024;28348416;1122684928;0;0;0;0;0;0;0;0;0;0;0;4489;0;0;89;0;80;0;
29977;7079808;1037697024;28348416;1122684928;0;0;0;0;0;0;0;0;0;0;0;5500;0;0;89;0;80;0;
29978;9613820;1037697024;28348416;1122684928;0;0;0;0;0;0;0;0;0;0;0;4859;0;0;89;0;80;0;
29979;7095987;1037697024;28348416;1122684928;0;0;0;0;0;0;0;0;0;0;0;4489;0;0;89;0;80;0;
29980;8926050;1037697024;28348416;1122684928;0;0;0;0;0;0;0;0;0;0;0;6312;0;0;89;0;80;0;
29981;8379084;1037697024;28348416;1122684928;0;0;0;0;0;0;0;0;0;0;0;6151;0;0;89;0;80;0;
29982;6660301;1037697024;28348416;1122684928;0;0;0;0;0;0;0;0;0;0;0;6001;0;0;89;0;80;0;
29983;8689045;1037697024;28348416;1122684928;0;0;0;0;0;0;0;0;0;0;0;6392;0;0;89;0;80;0;
29984;8064494;1037697024;28348416;1122684928;0;0;0;0;0;0;0;0;0;0;0;4488;0;0;89;0;80;0;
29985;8769566;1037697024;28348416;1122684928;0;0;0;0;0;0;0;0;0;0;0;5711;0;0;89;0;80;0;
29986;6948501;1037697024;28348416;1122684928;0;0;0;0;0;0;0;0;0;0;0;4368;0;0;89;0;80;0;
29987;8472719;1037697024;28348416;1122684928;0;0;0;0;0;0;0;0;0;0;0;6051;0;0;89;0;80;0;
29988;7994022;1037697024;28348416;1122684928;0;0;0;0;0;0;0;0;0;0;0;5800;0;0;89;0;80;0;
29989;8890713;1037697024;28348416;1122684928;0;0;0;0;0;0;0;0;0;0;0;4779;0;0;89;0;80;0;
29990;8907245;1037697024;28348416;1122684928;0;0;0;0;0;0;0;0;0;0;0;4419;0;0;89;0;80;0;
29991;8271221;1037697024;28348416;1122684928;0;0;0;0;0;0;0;0;0;0;0;4639;0;0;89;0;80;0;
29992;8122874;1037697024;28348416;1122684928;0;0;0;0;0;0;0;0;0;0;0;4368;0;0;89;0;80;0;
29993;8777421;1037697024;28348416;1122684928;0;0;0;0;0;0;0;0;0;0;0;6041;0;0;89;0;80;0;
29994;7644136;1037697024;28348416;1122684928;0;0;0;0;0;0;0;0;0;0;0;4949;0;0;89;0;80;0;
29995;9577231;1037697024;28348416;1122684928;0;0;0;0;0;0;0;0;0;0;0;4949;0;0;89;0;80;0;
29996;11743724;1037697024;28348416;1122684928;0;0;0;0;0;0;0;0;0;0;0;4048;0;0;89;0;80;0;
29997;6827694;1037697024;28348416;1122684928;0;0;0;0;0;0;0;0;0;0;0;4097;0;0;89;0;80;0;
29998;5654184;1037697024;28348416;1122684928;0;0;0;0;0;0;0;0;0;0;0;4148;0;0;89;0;80;0;
29999;8675570;1037697024;28348416;1122684928;0;0;0;0;0;0;0;0;0;0;0;4839;0;0;89;0;80;0;
30000;6803920;1037697024;28348416;1122684928;0;0;0;0;0;0;0;0;0;0;0;4458;0;0;89;0;80;0;
30001;8748506;1037697024;28348416;1122684928;0;0;0;0;0;0;0;0;0;0;0;4759;0;0;89;0;80;0;
30002;8244401;1037697024;28348416;1122684928;0;0;0;0;0;0;0;0;0;0;0;4308;0;0;89;0;80;0;
30003;7645287;1037697024;28348416;1122684928;0;0;0;0;0;0;0;0;0;0;0;4298;0;0;89;0;80;0;
30004;6991131;1037697024;28348416;1122684928;0;0;0;0;0;0;0;0;0;0;0;4769;0;0;89;0;80;0;
30005;7445613;1037697024;28348416;1122684928;0;0;0;0;0;0;0;0;0;0;0;3066;0;0;89;0;80;0;
30006;7366696;1037697024;28348416;1122684928;0;0;0;0;0;0;0;0;0;0;0;4508;0;0;89;0;80;0;
30007;6930397;1037697024;28348416;1122684928;0;0;0;0;0;0;0;0;0;0;0;3888;0;0;89;0;80;0;
30008;7891279;1037697024;28348416;1122684928;0;0;0;0;0;0;0;0;0;0;0;5120;0;0;89;0;80;0;
30009;7497581;1037697024;28348416;1122684928;0;0;0;0;0;0;0;0;0;0;0;4087;0;0;89;0;80;0;
30010;6809240;1037697024;28348416;1122684928;0;0;0;0;0;0;0;0;0;0;0;4959;0;0;89;0;80;0;
30011;6991502;1037697024;28348416;1122684928;0;0;0;0;0;0;0;0;0;0;0;3887;0;0;89;0;80;0;
30012;6983116;1037697024;28348416;1122684928;0;0;0;0;0;0;0;0;0;0;0;5110;0;0;89;0;80;0;
30013;7865721;1037697024;28348416;1122684928;0;0;0;0;0;0;0;0;0;0;0;4909;0;0;89;0;80;0;
30014;6252886;1037697024;28348416;1122684928;0;0;0;0;0;0;0;0;0;0;0;4588;0;0;89;0;80;0;
30015;7210382;1037697024;28348416;1122684928;0;0;0;0;0;0;0;0;0;0;0;4959;0;0;89;0;80;0;
30016;5713475;1037697024;28348416;1122684928;0;0;0;0;0;0;0;0;0;0;0;5651;0;0;89;0;80;0;
30017;7880549;1037697024;28348416;1122684928;0;0;0;0;0;0;0;0;0;0;0;3877;0;0;89;0;80;0;
30018;6302119;1037697024;28348416;1122684928;0;0;0;0;0;0;0;0;0;0;0;4458;0;0;89;0;80;0;
30019;6763755;1037697024;28348416;1122684928;0;0;0;0;0;0;0;0;0;0;0;4158;0;0;89;0;80;0;
30020;6388051;1037697024;28348416;1122684928;0;0;0;0;0;0;0;0;0;0;0;4198;0;0;89;0;80;0;
30021;7268752;1037697024;28348416;1122684928;0;0;0;0;0;0;0;0;0;0;0;4057;0;0;89;0;80;0;
30022;8442132;1037697024;28348416;1122684928;0;0;0;0;0;0;0;0;0;0;0;4789;0;0;89;0;80;0;
30023;8446050;1037697024;28348416;1122684928;0;0;0;0;0;0;0;0;0;0;0;4138;0;0;89;0;80;0;
30024;5725157;1037697024;28348416;1122684928;0;0;0;0;0;0;0;0;0;0;0;4027;0;0;89;0;80;0;
30025;8826103;1037697024;28348416;1122684928;0;0;0;0;0;0;0;0;0;0;0;4177;0;0;89;0;80;0;
30026;7018282;1037697024;28348416;1122684928;0;0;0;0;0;0;0;0;0;0;0;4508;0;0;89;0;80;0;
30027;8561406;1037697024;28348416;1122684928;0;0;0;0;0;0;0;0;0;0;0;4619;0;0;89;0;80;0;
30028;7255086;1037697024;28348416;1122684928;0;0;0;0;0;0;0;0;0;0;0;4649;0;0;89;0;80;0;
30029;7455262;1037697024;28348416;1122684928;0;0;0;0;0;0;0;0;0;0;0;10921;0;0;89;0;80;0;
30030;7551011;1037697024;28348416;1122684928;0;0;0;0;0;0;0;0;0;0;0;4058;0;0;89;0;80;0;
30031;7513741;1037697024;28348416;1122684928;0;0;0;0;0;0;0;0;0;0;0;4399;0;0;89;0;80;0;
30032;6487847;1037697024;28348416;1122684928;0;0;0;0;0;0;0;0;0;0;0;4298;0;0;89;0;80;0;
30033;6838495;1037697024;28348416;1122684928;0;0;0;0;0;0;0;0;0;0;0;4809;0;0;89;0;80;0;
30034;6652726;1037697024;28348416;1122684928;0;0;0;0;0;0;0;0;0;0;0;4909;0;0;89;0;80;0;
30035;7466642;1037697024;28348416;1122684928;0;0;0;0;0;0;0;0;0;0;0;3968;0;0;89;0;80;0;
30036;6968138;1037697024;28348416;1122684928;0;0;0;0;0;0;0;0;0;0;0;5080;0;0;89;0;80;0;
30037;7977671;1037697024;28348416;1122684928;0;0;0;0;0;0;0;0;0;0;0;3727;0;0;89;0;80;0;
30038;8304675;1037697024;28348416;1122684928;0;0;0;0;0;0;0;0;0;0;0;5120;0;0;89;0;80;0;
30039;5827889;1037697024;28348416;1122684928;0;0;0;0;0;0;0;0;0;0;0;4198;0;0;89;0;80;0;
30040;5717783;1037697024;28348416;1122684928;0;0;0;0;0;0;0;0;0;0;0;4589;0;0;89;0;80;0;
30041;7023933;1037697024;28348416;1122684928;0;0;0;0;0;0;0;0;0;0;0;4468;0;0;89;0;80;0;
30042;5981508;1037697024;28348416;1122684928;0;0;0;0;0;0;0;0;0;0;0;4098;0;0;89;0;80;0;
30043;7255547;1037697024;28348416;1122684928;0;0;0;0;0;0;0;0;0;0;0;4329;0;0;89;0;80;0;
30044;5590674;1037697024;28348416;1122684928;0;0;0;0;0;0;0;0;0;0;0;3186;0;0;89;0;80;0;
30045;6665320;1037697024;28348416;1122684928;0;0;0;0;0;0;0;0;0;0;0;4118;0;0;89;0;80;0;
30046;5728362;1037697024;28348416;1122684928;0;0;0;0;0;0;0;0;0;0;0;4639;0;0;89;0;80;0;
30047;6716266;1037697024;28348416;1122684928;0;0;0;0;0;0;0;0;0;0;0;4569;0;0;89;0;80;0;
30048;6617360;1037697024;28348416;1122684928;0;0;0;0;0;0;0;0;0;0;0;4108;0;0;89;0;80;0;
30049;6078028;1037697024;28348416;1122684928;0;0;0;0;0;0;0;0;0;0;0;3637;0;0;89;0;80;0;
30050;5519782;1037697024;28348416;1122684928;0;0;0;0;0;0;0;0;0;0;0;3627;0;0;89;0;80;0;
30051;7733954;1037697024;28348416;1122684928;0;0;0;0;0;0;0;0;0;0;0;3126;0;0;89;0;80;0;
30052;6789853;1037697024;28348416;1122684928;0;0;0;0;0;0;0;0;0;0;0;3356;0;0;89;0;80;0;
30053;6250352;1037697024;28348416;1122684928;0;0;0;0;0;0;0;0;0;0;0;3988;0;0;89;0;80;0;
30054;7228576;1037697024;28348416;1122684928;0;0;0;0;0;0;0;0;0;0;0;3647;0;0;89;0;80;0;
30055;7843941;1037697024;28348416;1122684928;0;0;0;0;0;0;0;0;0;0;0;3616;0;0;89;0;80;0;
30056;6626147;1037697024;28348416;1122684928;0;0;0;0;0;0;0;0;0;0;0;4027;0;0;89;0;80;0;
30057;7864068;1037697024;28348416;1122684928;0;0;0;0;0;0;0;0;0;0;0;4298;0;0;89;0;80;0;
30058;6400263;1037697024;28348416;1122684928;0;0;0;0;0;0;0;0;0;0;0;4218;0;0;89;0;80;0;
30059;7571790;1037697024;28348416;1122684928;0;0;0;0;0;0;0;0;0;0;0;3797;0;0;89;0;80;0;
30060;6326425;1037697024;28348416;1122684928;0;0;0;0;0;0;0;0;0;0;0;4128;0;0;89;0;80;0;
30061;7361907;1037697024;28348416;1122684928;0;0;0;0;0;0;0;0;0;0;0;4348;0;0;89;0;80;0;
30062;6539454;1037697024;28348416;1122684928;0;0;0;0;0;0;0;0;0;0;0;3436;0;0;89;0;80;0;
30063;8701639;1037697024;28348416;1122684928;0;0;0;0;0;0;0;0;0;0;0;4679;0;0;89;0;80;0;
30064;5000077;1037697024;28348416;1122684928;0;0;0;0;0;0;0;0;0;0;0;3907;0;0;89;0;80;0;
30065;7985816;1037697024;28348416;1122684928;0;0;0;0;0;0;0;0;0;0;0;3937;0;0;89;0;80;0;
30066;6572546;1037697024;28348416;1122684928;0;0;0;0;0;0;0;0;0;0;0;4127;0;0;89;0;80;0;
30067;6265110;1037697024;28348416;1122684928;0;0;0;0;0;0;0;0;0;0;0;4288;0;0;89;0;80;0;
30068;9713757;1037697024;28348416;1122684928;0;0;0;0;0;0;0;0;0;0;0;3376;0;0;89;0;80;0;
30069;8734690;1037697024;28348416;1122684928;0;0;0;0;0;0;0;0;0;0;0;4429;0;0;89;0;80;0;
30070;6696719;1037697024;28348416;1122684928;0;0;0;0;0;0;0;0;0;0;0;4087;0;0;89;0;80;0;
30071;6796826;1037697024;28348416;1122684928;0;0;0;0;0;0;0;0;0;0;0;4198;0;0;89;0;80;0;
30072;7076051;1037697024;28348416;1122684928;0;0;0;0;0;0;0;0;0;0;0;4068;0;0;89;0;80;0;
30073;6621999;1037697024;28348416;1122684928;0;0;0;0;0;0;0;0;0;0;0;3917;0;0;89;0;80;0;
30074;6441471;1037697024;28348416;1122684928;0;0;0;0;0;0;0;0;0;0;0;3567;0;0;89;0;80;0;
30075;6584880;1037697024;28348416;1122684928;0;0;0;0;0;0;0;0;0;0;0;3637;0;0;89;0;80;0;
30076;6303942;1037697024;28348416;1122684928;0;0;0;0;0;0;0;0;0;0;0;4058;0;0;89;0;80;0;
30077;7479176;1037697024;28348416;1122684928;0;0;0;0;0;0;0;0;0;0;0;4469;0;0;89;0;80;0;
30078;6674777;1037697024;28348416;1122684928;0;0;0;0;0;0;0;0;0;0;0;4238;0;0;89;0;80;0;
30079;8687322;1037697024;28348416;1122684928;0;0;0;0;0;0;0;0;0;0;0;3577;0;0;89;0;80;0;
30080;5706322;1037697024;28348416;1122684928;0;0;0;0;0;0;0;0;0;0;0;3737;0;0;89;0;80;0;
30081;8654841;1037697024;28348416;1122684928;0;0;0;0;0;0;0;0;0;0;0;4108;0;0;89;0;80;0;
30082;6422925;1037697024;28348416;1122684928;0;0;0;0;0;0;0;0;0;0;0;4789;0;0;89;0;80;0;
30083;5445733;1037697024;28348416;1122684928;0;0;0;0;0;0;0;0;0;0;0;4188;0;0;89;0;80;0;
30084;6113045;1037697024;28348416;1122684928;0;0;0;0;0;0;0;0;0;0;0;4248;0;0;89;0;80;0;
30085;7981709;1037697024;28348416;1122684928;0;0;0;0;0;0;0;0;0;0;0;4609;0;0;89;0;80;0;
30086;6135677;1037697024;28348416;1122684928;0;0;0;0;0;0;0;0;0;0;0;4148;0;0;89;0;80;0;
30087;7395810;1037697024;28348416;1122684928;0;0;0;0;0;0;0;0;0;0;0;4097;0;0;89;0;80;0;
30088;5621002;1037697024;28348416;1122684928;0;0;0;0;0;0;0;0;0;0;0;3807;0;0;89;0;80;0;
30089;7647201;1037697024;28348416;1122684928;0;0;0;0;0;0;0;0;0;0;0;4649;0;0;89;0;80;0;
30090;7624969;1037697024;28348416;1122684928;0;0;0;0;0;0;0;0;0;0;0;4398;0;0;89;0;80;0;
30091;6290938;1037697024;28348416;1122684928;0;0;0;0;0;0;0;0;0;0;0;4329;0;0;89;0;80;0;
30092;6883730;1037697024;28348416;1122684928;0;0;0;0;0;0;0;0;0;0;0;3987;0;0;89;0;80;0;
30093;5712463;1037697024;28348416;1122684928;0;0;0;0;0;0;0;0;0;0;0;4048;0;0;89;0;80;0;
30094;6396777;1037697024;28348416;1122684928;0;0;0;0;0;0;0;0;0;0;0;3536;0;0;89;0;80;0;
30095;6567547;1037697024;28348416;1122684928;0;0;0;0;0;0;0;0;0;0;0;3447;0;0;89;0;80;0;
30096;4344348;1037697024;28348416;1122684928;0;0;0;0;0;0;0;0;0;0;0;3577;0;0;89;0;80;0;
30097;8158981;1037697024;28348416;1122684928;0;0;0;0;0;0;0;0;0;0;0;4469;0;0;89;0;80;0;
30098;4410983;1037697024;28348416;1122684928;0;0;0;0;0;0;0;0;0;0;0;3807;0;0;89;0;80;0;
30099;6602923;1037697024;28352512;1122689024;0;0;0;0;0;0;0;0;0;0;0;4408;0;0;89;0;80;0;
30100;5573703;1037697024;28356608;1122693120;0;0;0;0;0;0;0;0;0;0;0;4729;0;0;89;0;80;0;
30101;7831306;1037697024;28356608;1122693120;0;0;0;0;0;0;0;0;0;0;0;4148;0;0;89;0;80;0;
30102;5311671;1037697024;28356608;1122693120;0;0;0;0;0;0;0;0;0;0;0;3457;0;0;89;0;80;0;
30103;5400779;1037697024;28356608;1122693120;0;0;0;0;0;0;0;0;0;0;0;4108;0;0;89;0;80;0;
30104;5000478;1037697024;28356608;1122693120;0;0;0;0;0;0;0;0;0;0;0;4138;0;0;89;0;80;0;
30105;6551807;1037697024;28356608;1122693120;0;0;0;0;0;0;0;0;0;0;0;53009;0;0;89;0;80;0;
30106;5818502;1037697024;28348416;1122684928;0;0;0;0;0;0;0;0;0;0;0;4158;0;0;89;0;80;0;
30107;7242402;1037697024;28348416;1122684928;0;0;0;0;0;0;0;0;0;0;0;5029;0;0;89;0;80;0;
30108;4904809;1037697024;28348416;1122684928;0;0;0;0;0;0;0;0;0;0;0;4398;0;0;89;0;80;0;
30109;6010411;1037697024;28348416;1122684928;0;0;0;0;0;0;0;0;0;0;0;3987;0;0;89;0;80;0;
30110;6224142;1037697024;28348416;1122684928;0;0;0;0;0;0;0;0;0;0;0;3787;0;0;89;0;80;0;
30111;6623542;1037697024;28348416;1122684928;0;0;0;0;0;0;0;0;0;0;0;3817;0;0;89;0;80;0;
30112;6079671;1037697024;28348416;1122684928;0;0;0;0;0;0;0;0;0;0;0;5631;0;0;89;0;80;0;
30113;6604877;1037697024;28348416;1122684928;0;0;0;0;0;0;0;0;0;0;0;4669;0;0;89;0;80;0;
30114;6040308;1037697024;28348416;1122684928;0;0;0;0;0;0;0;0;0;0;0;4728;0;0;89;0;80;0;
30115;6674086;1037697024;28348416;1122684928;0;0;0;0;0;0;0;0;0;0;0;4338;0;0;89;0;80;0;
30116;5458216;1037697024;28348416;1122684928;0;0;0;0;0;0;0;0;0;0;0;5079;0;0;89;0;80;0;
30117;6797448;1037697024;28348416;1122684928;0;0;0;0;0;0;0;0;0;0;0;4118;0;0;89;0;80;0;
30118;7215893;1037697024;28348416;1122684928;0;0;0;0;0;0;0;0;0;0;0;5149;0;0;89;0;80;0;
30119;6329811;1037697024;28348416;1122684928;0;0;0;0;0;0;0;0;0;0;0;4268;0;0;89;0;80;0;
30120;5001680;1037697024;28348416;1122684928;0;0;0;0;0;0;0;0;0;0;0;5179;0;0;89;0;80;0;
30121;7986798;1037697024;28348416;1122684928;0;0;0;0;0;0;0;0;0;0;0;4419;0;0;89;0;80;0;
30122;5154526;1037697024;28348416;1122684928;0;0;0;0;0;0;0;0;0;0;0;4648;0;0;89;0;80;0;
30123;6719111;1037697024;28348416;1122684928;0;0;0;0;0;0;0;0;0;0;0;3557;0;0;89;0;80;0;
30124;5875239;1037697024;28348416;1122684928;0;0;0;0;0;0;0;0;0;0;0;4228;0;0;89;0;80;0;
30125;7279973;1037697024;28348416;1122684928;0;0;0;0;0;0;0;0;0;0;0;4007;0;0;89;0;80;0;
30126;7319998;1037697024;28348416;1122684928;0;0;0;0;0;0;0;0;0;0;0;4689;0;0;89;0;80;0;
30127;5861823;1037697024;28348416;1122684928;0;0;0;0;0;0;0;0;0;0;0;5019;0;0;89;0;80;0;
30128;7142144;1037697024;28348416;1122684928;0;0;0;0;0;0;0;0;0;0;0;5451;0;0;89;0;80;0;
30129;6433325;1037697024;28348416;1122684928;0;0;0;0;0;0;0;0;0;0;0;3897;0;0;89;0;80;0;
30130;5471551;1037697024;28348416;1122684928;0;0;0;0;0;0;0;0;0;0;0;4268;0;0;89;0;80;0;
30131;7978643;1037697024;28348416;1122684928;0;0;0;0;0;0;0;0;0;0;0;5109;0;0;89;0;80;0;
30132;6239982;1037697024;28348416;1122684928;0;0;0;0;0;0;0;0;0;0;0;60583;0;0;89;0;80;0;
30133;6307980;1037697024;28348416;1122684928;0;0;0;0;0;0;0;0;0;0;0;3787;0;0;89;0;80;0;
30134;5687807;1037697024;28348416;1122684928;0;0;0;0;0;0;0;0;0;0;0;3707;0;0;89;0;80;0;
30135;5840763;1037697024;28348416;1122684928;0;0;0;0;0;0;0;0;0;0;0;3687;0;0;89;0;80;0;
30136;5847546;1037697024;28348416;1122684928;0;0;0;0;0;0;0;0;0;0;0;4048;0;0;89;0;80;0;
30137;6252045;1037697024;28348416;1122684928;0;0;0;0;0;0;0;0;0;0;0;4738;0;0;89;0;80;0;
30138;5519261;1037697024;28348416;1122684928;0;0;0;0;0;0;0;0;0;0;0;3997;0;0;89;0;80;0;
30139;7330858;1037697024;28348416;1122684928;0;0;0;0;0;0;0;0;0;0;0;3997;0;0;89;0;80;0;
30140;7393205;1037697024;28348416;1122684928;0;0;0;0;0;0;0;0;0;0;0;5240;0;0;89;0;80;0;
30141;7288709;1037697024;28348416;1122684928;0;0;0;0;0;0;0;0;0;0;0;10509;0;0;89;0;80;0;
30142;14708704;1037697024;28348416;1122684928;0;0;0;0;0;0;0;0;0;0;0;5891;0;0;89;0;80;0;
30143;8397158;1037697024;28348416;1122684928;0;0;0;0;0;0;0;0;0;0;0;4899;0;0;89;0;80;0;
30144;7509864;1037697024;28348416;1122684928;0;0;0;0;0;0;0;0;0;0;0;5190;0;0;89;0;80;0;
30145;8149884;1037697024;28348416;1122684928;0;0;0;0;0;0;0;0;0;0;0;4639;0;0;89;0;80;0;
30146;7758089;1037697024;28348416;1122684928;0;0;0;0;0;0;0;0;0;0;0;4358;0;0;89;0;80;0;
30147;7105316;1037697024;28348416;1122684928;0;0;0;0;0;0;0;0;0;0;0;4749;0;0;89;0;80;0;
30148;6048864;1037697024;28348416;1122684928;0;0;0;0;0;0;0;0;0;0;0;4719;0;0;89;0;80;0;
30149;6224764;1037697024;28348416;1122684928;0;0;0;0;0;0;0;0;0;0;0;4118;0;0;89;0;80;0;
30150;6872469;1037697024;28348416;1122684928;0;0;0;0;0;0;0;0;0;0;0;4719;0;0;89;0;80;0;
30151;8134665;1037697024;28348416;1122684928;0;0;0;0;0;0;0;0;0;0;0;5410;0;0;89;0;80;0;
30152;5662279;1037697024;28348416;1122684928;0;0;0;0;0;0;0;0;0;0;0;5831;0;0;89;0;80;0;
30153;7112308;1037697024;28348416;1122684928;0;0;0;0;0;0;0;0;0;0;0;4308;0;0;89;0;80;0;
30154;7778287;1037697024;28348416;1122684928;0;0;0;0;0;0;0;0;0;0;0;5630;0;0;89;0;80;0;
30155;6457851;1037697024;28348416;1122684928;0;0;0;0;0;0;0;0;0;0;0;4278;0;0;89;0;80;0;
30156;7195635;1037697024;28348416;1122684928;0;0;0;0;0;0;0;0;0;0;0;4799;0;0;89;0;80;0;
30157;8645764;1037697024;28348416;1122684928;0;0;0;0;0;0;0;0;0;0;0;4208;0;0;89;0;80;0;
30158;5993811;1037697024;28348416;1122684928;0;0;0;0;0;0;0;0;0;0;0;4769;0;0;89;0;80;0;
30159;7363389;1037697024;28348416;1122684928;0;0;0;0;0;0;0;0;0;0;0;4678;0;0;89;0;80;0;
30160;6279056;1037697024;28348416;1122684928;0;0;0;0;0;0;0;0;0;0;0;3948;0;0;89;0;80;0;
30161;6338397;1037697024;28348416;1122684928;0;0;0;0;0;0;0;0;0;0;0;3808;0;0;89;0;80;0;
30162;6170352;1037697024;28348416;1122684928;0;0;0;0;0;0;0;0;0;0;0;3667;0;0;89;0;80;0;
30163;8421413;1037697024;28348416;1122684928;0;0;0;0;0;0;0;0;0;0;0;4148;0;0;89;0;80;0;
30164;7748150;1037697024;28348416;1122684928;0;0;0;0;0;0;0;0;0;0;0;4088;0;0;89;0;80;0;
30165;7309529;1037697024;28348416;1122684928;0;0;0;0;0;0;0;0;0;0;0;50915;0;0;89;0;80;0;
30166;7252401;1037697024;28348416;1122684928;0;0;0;0;0;0;0;0;0;0;0;3918;0;0;89;0;80;0;
30167;6460145;1037697024;28348416;1122684928;0;0;0;0;0;0;0;0;0;0;0;3747;0;0;89;0;80;0;
30168;6894950;1037697024;28348416;1122684928;0;0;0;0;0;0;0;0;0;0;0;4378;0;0;89;0;80;0;
30169;7164506;1037697024;28348416;1122684928;0;0;0;0;0;0;0;0;0;0;0;3597;0;0;89;0;80;0;
30170;7257130;1037697024;28348416;1122684928;0;0;0;0;0;0;0;0;0;0;0;4048;0;0;89;0;80;0;
30171;7298517;1037697024;28348416;1122684928;0;0;0;0;0;0;0;0;0;0;0;3386;0;0;89;0;80;0;
30172;4308900;1037697024;28348416;1122684928;0;0;0;0;0;0;0;0;0;0;0;3286;0;0;89;0;80;0;
30173;6213112;1037697024;28348416;1122684928;0;0;0;0;0;0;0;0;0;0;0;3917;0;0;89;0;80;0;
30174;4800914;1037697024;28348416;1122684928;0;0;0;0;0;0;0;0;0;0;0;4438;0;0;89;0;80;0;
30175;7442167;1037697024;28348416;1122684928;0;0;0;0;0;0;0;0;0;0;0;3917;0;0;89;0;80;0;
30176;7178683;1037697024;28348416;1122684928;0;0;0;0;0;0;0;0;0;0;0;4138;0;0;89;0;80;0;
30177;7160449;1037697024;28348416;1122684928;0;0;0;0;0;0;0;0;0;0;0;3797;0;0;89;0;80;0;
30178;6196481;1037697024;28348416;1122684928;0;0;0;0;0;0;0;0;0;0;0;3296;0;0;89;0;80;0;
30179;7254305;1037697024;28348416;1122684928;0;0;0;0;0;0;0;0;0;0;0;4028;0;0;89;0;80;0;
30180;6143842;1037697024;28348416;1122684928;0;0;0;0;0;0;0;0;0;0;0;3707;0;0;89;0;80;0;
30181;6759176;1037697024;28348416;1122684928;0;0;0;0;0;0;0;0;0;0;0;3747;0;0;89;0;80;0;
30182;4813347;1037697024;28348416;1122684928;0;0;0;0;0;0;0;0;0;0;0;3637;0;0;89;0;80;0;
30183;6437393;1037697024;28348416;1122684928;0;0;0;0;0;0;0;0;0;0;0;3958;0;0;89;0;80;0;
30184;5846625;1037697024;28348416;1122684928;0;0;0;0;0;0;0;0;0;0;0;3897;0;0;89;0;80;0;
30185;6351632;1037697024;28348416;1122684928;0;0;0;0;0;0;0;0;0;0;0;3577;0;0;89;0;80;0;
30186;6530678;1037697024;28348416;1122684928;0;0;0;0;0;0;0;0;0;0;0;4118;0;0;89;0;80;0;
30187;6781367;1037697024;28348416;1122684928;0;0;0;0;0;0;0;0;0;0;0;3026;0;0;89;0;80;0;
30188;5912258;1037697024;28348416;1122684928;0;0;0;0;0;0;0;0;0;0;0;3446;0;0;89;0;80;0;
30189;7670786;1037697024;28348416;1122684928;0;0;0;0;0;0;0;0;0;0;0;3466;0;0;89;0;80;0;
30190;3624908;1037697024;28348416;1122684928;0;0;0;0;0;0;0;0;0;0;0;3126;0;0;89;0;80;0;
30191;6705145;1037697024;28348416;1122684928;0;0;0;0;0;0;0;0;0;0;0;49393;0;0;89;0;80;0;
30192;4953790;1037697024;28348416;1122684928;0;0;0;0;0;0;0;0;0;0;0;2956;0;0;89;0;80;0;
30193;6576223;1037697024;28348416;1122684928;0;0;0;0;0;0;0;0;0;0;0;3426;0;0;89;0;80;0;
30194;4912673;1037697024;28348416;1122684928;0;0;0;0;0;0;0;0;0;0;0;4549;0;0;89;0;80;0;
30195;8059635;1037697024;28348416;1122684928;0;0;0;0;0;0;0;0;0;0;0;3937;0;0;89;0;80;0;
30196;5695351;1037697024;28348416;1122684928;0;0;0;0;0;0;0;0;0;0;0;4258;0;0;89;0;80;0;
30197;6275469;1037697024;28348416;1122684928;0;0;0;0;0;0;0;0;0;0;0;3667;0;0;89;0;80;0;
30198;4946316;1037697024;28348416;1122684928;0;0;0;0;0;0;0;0;0;0;0;3496;0;0;89;0;80;0;
30199;5531093;1037697024;28348416;1122684928;0;0;0;0;0;0;0;0;0;0;0;3556;0;0;89;0;80;0;
30200;7550870;1037697024;28348416;1122684928;0;0;0;0;0;0;0;0;0;0;0;4108;0;0;89;0;80;0;
30201;7560278;1037697024;28348416;1122684928;0;0;0;0;0;0;0;0;0;0;0;3507;0;0;89;0;80;0;
30202;6288844;1037697024;28348416;1122684928;0;0;0;0;0;0;0;0;0;0;0;4138;0;0;89;0;80;0;
30203;7145681;1037697024;28348416;1122684928;0;0;0;0;0;0;0;0;0;0;0;3507;0;0;89;0;80;0;
30204;4362351;1037697024;28348416;1122684928;0;0;0;0;0;0;0;0;0;0;0;4358;0;0;89;0;80;0;
30205;8492987;1037697024;28348416;1122684928;0;0;0;0;0;0;0;0;0;0;0;4508;0;0;89;0;80;0;
30206;6381448;1037697024;28348416;1122684928;0;0;0;0;0;0;0;0;0;0;0;4699;0;0;89;0;80;0;
30207;7777816;1037697024;28348416;1122684928;0;0;0;0;0;0;0;0;0;0;0;56025;0;0;89;0;80;0;
30208;7302084;1037697024;28348416;1122684928;0;0;0;0;0;0;0;0;0;0;0;4018;0;0;89;0;80;0;
30209;7571990;1037697024;28348416;1122684928;0;0;0;0;0;0;0;0;0;0;0;4859;0;0;89;0;80;0;
30210;6842492;1037697024;28348416;1122684928;0;0;0;0;0;0;0;0;0;0;0;3566;0;0;89;0;80;0;
30211;6706808;1037697024;28348416;1122684928;0;0;0;0;0;0;0;0;0;0;0;4579;0;0;89;0;80;0;
30212;4666351;1037697024;28348416;1122684928;0;0;0;0;0;0;0;0;0;0;0;3356;0;0;89;0;80;0;
30213;6902775;1037697024;28348416;1122684928;0;0;0;0;0;0;0;0;0;0;0;3818;0;0;89;0;80;0;
30214;4817244;1037697024;28348416;1122684928;0;0;0;0;0;0;0;0;0;0;0;3667;0;0;89;0;80;0;
30215;7246220;1037697024;28348416;1122684928;0;0;0;0;0;0;0;0;0;0;0;4348;0;0;89;0;80;0;
30216;4648017;1037697024;28348416;1122684928;0;0;0;0;0;0;0;0;0;0;0;3988;0;0;89;0;80;0;
30217;6413648;1037697024;28348416;1122684928;0;0;0;0;0;0;0;0;0;0;0;3637;0;0;89;0;80;0;
30218;5332530;1037697024;28348416;1122684928;0;0;0;0;0;0;0;0;0;0;0;3607;0;0;89;0;80;0;
30219;6105069;1037697024;28348416;1122684928;0;0;0;0;0;0;0;0;0;0;0;3757;0;0;89;0;80;0;
30220;4676941;1037697024;28348416;1122684928;0;0;0;0;0;0;0;0;0;0;0;3376;0;0;89;0;80;0;
30221;6264258;1037697024;28348416;1122684928;0;0;0;0;0;0;0;0;0;0;0;3627;0;0;89;0;80;0;
30222;4485843;1037697024;28348416;1122684928;0;0;0;0;0;0;0;0;0;0;0;3957;0;0;89;0;80;0;
30223;5773498;1037697024;28348416;1122684928;0;0;0;0;0;0;0;0;0;0;0;3206;0;0;89;0;80;0;
30224;6404291;1037697024;28348416;1122684928;0;0;0;0;0;0;0;0;0;0;0;4569;0;0;89;0;80;0;
30225;6301748;1037697024;28348416;1122684928;0;0;0;0;0;0;0;0;0;0;0;4428;0;0;89;0;80;0;
30226;5383025;1037697024;28348416;1122684928;0;0;0;0;0;0;0;0;0;0;0;4538;0;0;89;0;80;0;
30227;7030274;1037697024;28348416;1122684928;0;0;0;0;0;0;0;0;0;0;0;3737;0;0;89;0;80;0;
30228;5235859;1037697024;28348416;1122684928;0;0;0;0;0;0;0;0;0;0;0;3998;0;0;89;0;80;0;
30229;7664684;1037697024;28348416;1122684928;0;0;0;0;0;0;0;0;0;0;0;4048;0;0;89;0;80;0;
30230;5450352;1037697024;28348416;1122684928;0;0;0;0;0;0;0;0;0;0;0;3817;0;0;89;0;80;0;
30231;5945140;1037697024;28348416;1122684928;0;0;0;0;0;0;0;0;0;0;0;4087;0;0;89;0;80;0;
30232;6417045;1037697024;28348416;1122684928;0;0;0;0;0;0;0;0;0;0;0;4539;0;0;89;0;80;0;
30233;7246991;1037697024;28348416;1122684928;0;0;0;0;0;0;0;0;0;0;0;4799;0;0;89;0;80;0;
30234;6836611;1037697024;28348416;1122684928;0;0;0;0;0;0;0;0;0;0;0;4919;0;0;89;0;80;0;
30235;5763890;1037697024;28348416;1122684928;0;0;0;0;0;0;0;0;0;0;0;4167;0;0;89;0;80;0;
30236;5603108;1037697024;28348416;1122684928;0;0;0;0;0;0;0;0;0;0;0;3937;0;0;89;0;80;0;
30237;6003979;1037697024;28348416;1122684928;0;0;0;0;0;0;0;0;0;0;0;4438;0;0;89;0;80;0;
30238;5206064;1037697024;28348416;1122684928;0;0;0;0;0;0;0;0;0;0;0;4368;0;0;89;0;80;0;
30239;6303682;1037697024;28348416;1122684928;0;0;0;0;0;0;0;0;0;0;0;5020;0;0;89;0;80;0;
30240;6032123;1037697024;28348416;1122684928;0;0;0;0;0;0;0;0;0;0;0;3486;0;0;89;0;80;0;
30241;6053182;1037697024;28348416;1122684928;0;0;0;0;0;0;0;0;0;0;0;3416;0;0;89;0;80;0;
30242;4899829;1037697024;28348416;1122684928;0;0;0;0;0;0;0;0;0;0;0;3386;0;0;89;0;80;0;
30243;6897666;1037697024;28348416;1122684928;0;0;0;0;0;0;0;0;0;0;0;4168;0;0;89;0;80;0;
30244;5114251;1037697024;28348416;1122684928;0;0;0;0;0;0;0;0;0;0;0;4558;0;0;89;0;80;0;
30245;6290607;1037697024;28348416;1122684928;0;0;0;0;0;0;0;0;0;0;0;4138;0;0;89;0;80;0;
30246;5147955;1037697024;28348416;1122684928;0;0;0;0;0;0;0;0;0;0;0;3897;0;0;89;0;80;0;
30247;5374158;1037697024;28348416;1122684928;0;0;0;0;0;0;0;0;0;0;0;3577;0;0;89;0;80;0;
30248;5369510;1037697024;28348416;1122684928;0;0;0;0;0;0;0;0;0;0;0;4308;0;0;89;0;80;0;
30249;7086840;1037697024;28348416;1122684928;0;0;0;0;0;0;0;0;0;0;0;4369;0;0;89;0;80;0;
30250;5508400;1037692928;28344320;1122680832;0;0;0;0;0;0;0;0;0;0;0;4468;0;0;89;0;80;0;
30251;6762823;1037692928;28344320;1122680832;0;0;0;0;0;0;0;0;0;0;0;78818;0;0;89;0;80;0;
30252;5419985;1037692928;28344320;1122680832;0;0;0;0;0;0;0;0;0;0;0;3497;0;0;89;0;80;0;
30253;6260300;1037692928;28344320;1122680832;0;0;0;0;0;0;0;0;0;0;0;3085;0;0;89;0;80;0;
30254;5464097;1037692928;28344320;1122680832;0;0;0;0;0;0;0;0;0;0;0;4729;0;0;89;0;80;0;
30255;5663260;1037692928;28344320;1122680832;0;0;0;0;0;0;0;0;0;0;0;4107;0;0;89;0;80;0;
30256;5053507;1037692928;28344320;1122680832;0;0;0;0;0;0;0;0;0;0;0;3706;0;0;89;0;80;0;
30257;6818487;1037692928;28344320;1122680832;0;0;0;0;0;0;0;0;0;0;0;3276;0;0;89;0;80;0;
30258;4887025;1037692928;28344320;1122680832;0;0;0;0;0;0;0;0;0;0;0;3997;0;0;89;0;80;0;
30259;5831196;1037692928;28344320;1122680832;0;0;0;0;0;0;0;0;0;0;0;3727;0;0;89;0;80;0;
30260;5572230;1037692928;28344320;1122680832;0;0;0;0;0;0;0;0;0;0;0;4078;0;0;89;0;80;0;
30261;7309938;1037692928;28344320;1122680832;0;0;0;0;0;0;0;0;0;0;0;4218;0;0;89;0;80;0;
30262;5971860;1037692928;28344320;1122680832;0;0;0;0;0;0;0;0;0;0;0;4278;0;0;89;0;80;0;
30263;6293743;1037692928;28344320;1122680832;0;0;0;0;0;0;0;0;0;0;0;3587;0;0;89;0;80;0;
30264;5668891;1037692928;28344320;1122680832;0;0;0;0;0;0;0;0;0;0;0;4468;0;0;89;0;80;0;
30265;5996285;1037692928;28344320;1122680832;0;0;0;0;0;0;0;0;0;0;0;4017;0;0;89;0;80;0;
30266;6528865;1037692928;28344320;1122680832;0;0;0;0;0;0;0;0;0;0;0;5350;0;0;89;0;80;0;
30267;7044732;1037692928;28344320;1122680832;0;0;0;0;0;0;0;0;0;0;0;4318;0;0;89;0;80;0;
30268;7377636;1037692928;28344320;1122680832;0;0;0;0;0;0;0;0;0;0;0;4519;0;0;89;0;80;0;
30269;6851318;1037692928;28344320;1122680832;0;0;0;0;0;0;0;0;0;0;0;4038;0;0;89;0;80;0;
30270;5863496;1037692928;28344320;1122680832;0;0;0;0;0;0;0;0;0;0;0;4087;0;0;89;0;80;0;
30271;6894830;1037692928;28344320;1122680832;0;0;0;0;0;0;0;0;0;0;0;3617;0;0;89;0;80;0;
30272;4833926;1037692928;28344320;1122680832;0;0;0;0;0;0;0;0;0;0;0;4148;0;0;89;0;80;0;
30273;6680619;1037692928;28344320;1122680832;0;0;0;0;0;0;0;0;0;0;0;4057;0;0;89;0;80;0;
30274;6213984;1037692928;28344320;1122680832;0;0;0;0;0;0;0;0;0;0;0;3657;0;0;89;0;80;0;
30275;5460060;1037692928;28344320;1122680832;0;0;0;0;0;0;0;0;0;0;0;3576;0;0;89;0;80;0;
30276;6815902;1037692928;28344320;1122680832;0;0;0;0;0;0;0;0;0;0;0;4989;0;0;89;0;80;0;
30277;5684130;1037692928;28344320;1122680832;0;0;0;0;0;0;0;0;0;0;0;3887;0;0;89;0;80;0;
30278;4379162;1037692928;28344320;1122680832;0;0;0;0;0;0;0;0;0;0;0;4519;0;0;89;0;80;0;
30279;7361716;1037692928;28344320;1122680832;0;0;0;0;0;0;0;0;0;0;0;3426;0;0;89;0;80;0;
30280;6230775;1037692928;28344320;1122680832;0;0;0;0;0;0;0;0;0;0;0;4378;0;0;89;0;80;0;
30281;7489977;1037692928;28344320;1122680832;0;0;0;0;0;0;0;0;0;0;0;3868;0;0;89;0;80;0;
30282;5347539;1037692928;28344320;1122680832;0;0;0;0;0;0;0;0;0;0;0;4108;0;0;89;0;80;0;
30283;5848879;1037692928;28344320;1122680832;0;0;0;0;0;0;0;0;0;0;0;3386;0;0;89;0;80;0;
30284;6764556;1037692928;28344320;1122680832;0;0;0;0;0;0;0;0;0;0;0;4018;0;0;89;0;80;0;
30285;6509047;1037692928;28344320;1122680832;0;0;0;0;0;0;0;0;0;0;0;4037;0;0;89;0;80;0;
30286;4818537;1037692928;28344320;1122680832;0;0;0;0;0;0;0;0;0;0;0;3938;0;0;89;0;80;0;
30287;6674037;1037692928;28344320;1122680832;0;0;0;0;0;0;0;0;0;0;0;3897;0;0;89;0;80;0;
30288;6166455;1037692928;28344320;1122680832;0;0;0;0;0;0;0;0;0;0;0;4017;0;0;89;0;80;0;
30289;7935482;1037692928;28344320;1122680832;0;0;0;0;0;0;0;0;0;0;0;4037;0;0;89;0;80;0;
30290;6216248;1037692928;28344320;1122680832;0;0;0;0;0;0;0;0;0;0;0;4779;0;0;89;0;80;0;
30291;6860296;1037692928;28344320;1122680832;0;0;0;0;0;0;0;0;0;0;0;4157;0;0;89;0;80;0;
30292;6235233;1037692928;28344320;1122680832;0;0;0;0;0;0;0;0;0;0;0;4238;0;0;89;0;80;0;
30293;6452111;1037692928;28344320;1122680832;0;0;0;0;0;0;0;0;0;0;0;3867;0;0;89;0;80;0;
30294;6701267;1037692928;28344320;1122680832;0;0;0;0;0;0;0;0;0;0;0;5260;0;0;89;0;80;0;
30295;7125854;1037692928;28344320;1122680832;0;0;0;0;0;0;0;0;0;0;0;4268;0;0;89;0;80;0;
30296;6287421;1037692928;28344320;1122680832;0;0;0;0;0;0;0;0;0;0;0;5050;0;0;89;0;80;0;
30297;12379988;1037692928;28344320;1122680832;0;0;0;0;0;0;0;0;0;0;0;5029;0;0;89;0;80;0;
30298;5794667;1037692928;28344320;1122680832;0;0;0;0;0;0;0;0;0;0;0;4929;0;0;89;0;80;0;
30299;7284421;1037692928;28344320;1122680832;0;0;0;0;0;0;0;0;0;0;0;4318;0;0;89;0;80;0;
30300;5627574;1037692928;28344320;1122680832;0;0;0;0;0;0;0;0;0;0;0;4889;0;0;89;0;80;0;
30301;7679131;1037692928;28344320;1122680832;0;0;0;0;0;0;0;0;0;0;0;3937;0;0;89;0;80;0;
30302;6382008;1037692928;28344320;1122680832;0;0;0;0;0;0;0;0;0;0;0;4458;0;0;89;0;80;0;
30303;5652350;1037692928;28344320;1122680832;0;0;0;0;0;0;0;0;0;0;0;3056;0;0;89;0;80;0;
30304;7241961;1037692928;28344320;1122680832;0;0;0;0;0;0;0;0;0;0;0;11722;0;0;89;0;80;0;
30305;6575983;1037692928;28344320;1122680832;0;0;0;0;0;0;0;0;0;0;0;3968;0;0;89;0;80;0;
30306;6989278;1037692928;28344320;1122680832;0;0;0;0;0;0;0;0;0;0;0;4548;0;0;89;0;80;0;
30307;6900031;1037692928;28344320;1122680832;0;0;0;0;0;0;0;0;0;0;0;3436;0;0;89;0;80;0;
30308;7137135;1037692928;28344320;1122680832;0;0;0;0;0;0;0;0;0;0;0;4890;0;0;89;0;80;0;
30309;6594156;1037692928;28344320;1122680832;0;0;0;0;0;0;0;0;0;0;0;4198;0;0;89;0;80;0;
30310;6506923;1037692928;28344320;1122680832;0;0;0;0;0;0;0;0;0;0;0;3927;0;0;89;0;80;0;
30311;7372326;1037692928;28344320;1122680832;0;0;0;0;0;0;0;0;0;0;0;3767;0;0;89;0;80;0;
30312;4669167;1037692928;28344320;1122680832;0;0;0;0;0;0;0;0;0;0;0;3436;0;0;89;0;80;0;
30313;6179740;1037692928;28344320;1122680832;0;0;0;0;0;0;0;0;0;0;0;2816;0;0;89;0;80;0;
30314;5805137;1037692928;28344320;1122680832;0;0;0;0;0;0;0;0;0;0;0;3536;0;0;89;0;80;0;
30315;7281916;1037692928;28344320;1122680832;0;0;0;0;0;0;0;0;0;0;0;3466;0;0;89;0;80;0;
30316;5613617;1037692928;28344320;1122680832;0;0;0;0;0;0;0;0;0;0;0;4528;0;0;89;0;80;0;
30317;14539076;1037692928;28344320;1122680832;0;0;0;0;0;0;0;0;0;0;0;3457;0;0;89;0;80;0;
30318;6034647;1037692928;28344320;1122680832;0;0;0;0;0;0;0;0;0;0;0;4889;0;0;89;0;80;0;
30319;6420561;1037692928;28344320;1122680832;0;0;0;0;0;0;0;0;0;0;0;3908;0;0;89;0;80;0;
30320;5195524;1037692928;28344320;1122680832;0;0;0;0;0;0;0;0;0;0;0;3817;0;0;89;0;80;0;
30321;6451529;1037692928;28344320;1122680832;0;0;0;0;0;0;0;0;0;0;0;3487;0;0;89;0;80;0;
30322;4943601;1037692928;28344320;1122680832;0;0;0;0;0;0;0;0;0;0;0;3717;0;0;89;0;80;0;
30323;6846821;1037692928;28344320;1122680832;0;0;0;0;0;0;0;0;0;0;0;3357;0;0;89;0;80;0;
30324;4638238;1037692928;28344320;1122680832;0;0;0;0;0;0;0;0;0;0;0;3787;0;0;89;0;80;0;
30325;6570322;1037692928;28344320;1122680832;0;0;0;0;0;0;0;0;0;0;0;3527;0;0;89;0;80;0;
30326;5979954;1037692928;28344320;1122680832;0;0;0;0;0;0;0;0;0;0;0;4429;0;0;89;0;80;0;
30327;5858436;1037692928;28344320;1122680832;0;0;0;0;0;0;0;0;0;0;0;3737;0;0;89;0;80;0;
30328;4988615;1037692928;28344320;1122680832;0;0;0;0;0;0;0;0;0;0;0;3988;0;0;89;0;80;0;
30329;6881305;1037692928;28344320;1122680832;0;0;0;0;0;0;0;0;0;0;0;3707;0;0;89;0;80;0;
30330;4648127;1037692928;28344320;1122680832;0;0;0;0;0;0;0;0;0;0;0;3166;0;0;89;0;80;0;
30331;5624368;1037692928;28344320;1122680832;0;0;0;0;0;0;0;0;0;0;0;3547;0;0;89;0;80;0;
30332;4704072;1037692928;28344320;1122680832;0;0;0;0;0;0;0;0;0;0;0;3386;0;0;89;0;80;0;
30333;6276070;1037692928;28344320;1122680832;0;0;0;0;0;0;0;0;0;0;0;2976;0;0;89;0;80;0;
30334;4515809;1037692928;28344320;1122680832;0;0;0;0;0;0;0;0;0;0;0;3417;0;0;89;0;80;0;
30335;6089500;1037692928;28344320;1122680832;0;0;0;0;0;0;0;0;0;0;0;3426;0;0;89;0;80;0;
30336;4327145;1037692928;28344320;1122680832;0;0;0;0;0;0;0;0;0;0;0;3597;0;0;89;0;80;0;
30337;5960618;1037692928;28344320;1122680832;0;0;0;0;0;0;0;0;0;0;0;2915;0;0;89;0;80;0;
30338;5641370;1037692928;28344320;1122680832;0;0;0;0;0;0;0;0;0;0;0;3897;0;0;89;0;80;0;
30339;6086675;1037692928;28344320;1122680832;0;0;0;0;0;0;0;0;0;0;0;3657;0;0;89;0;80;0;
30340;3490466;1037692928;28344320;1122680832;0;0;0;0;0;0;0;0;0;0;0;3447;0;0;89;0;80;0;
30341;6230164;1037692928;28344320;1122680832;0;0;0;0;0;0;0;0;0;0;0;3276;0;0;89;0;80;0;
30342;3808031;1037692928;28344320;1122680832;0;0;0;0;0;0;0;0;0;0;0;3927;0;0;89;0;80;0;
30343;5333572;1037692928;28344320;1122680832;0;0;0;0;0;0;0;0;0;0;0;2986;0;0;89;0;80;0;
30344;5322993;1037692928;28344320;1122680832;0;0;0;0;0;0;0;0;0;0;0;4619;0;0;89;0;80;0;
30345;7048709;1037692928;28344320;1122680832;0;0;0;0;0;0;0;0;0;0;0;4368;0;0;89;0;80;0;
30346;5115814;1037692928;28344320;1122680832;0;0;0;0;0;0;0;0;0;0;0;3877;0;0;89;0;80;0;
30347;6702179;1037692928;28344320;1122680832;0;0;0;0;0;0;0;0;0;0;0;3496;0;0;89;0;80;0;
30348;6160955;1037692928;28344320;1122680832;0;0;0;0;0;0;0;0;0;0;0;4489;0;0;89;0;80;0;
30349;7351808;1037692928;28344320;1122680832;0;0;0;0;0;0;0;0;0;0;0;3546;0;0;89;0;80;0;
30350;6393961;1037692928;28344320;1122680832;0;0;0;0;0;0;0;0;0;0;0;3767;0;0;89;0;80;0;
30351;6747143;1037692928;28344320;1122680832;0;0;0;0;0;0;0;0;0;0;0;2775;0;0;89;0;80;0;
30352;5867113;1037692928;28344320;1122680832;0;0;0;0;0;0;0;0;0;0;0;45655;0;0;89;0;80;0;
30353;6638430;1037692928;28344320;1122680832;0;0;0;0;0;0;0;0;0;0;0;3246;0;0;89;0;80;0;
30354;4969740;1037692928;28344320;1122680832;0;0;0;0;0;0;0;0;0;0;0;3727;0;0;89;0;80;0;
30355;6796175;1037692928;28344320;1122680832;0;0;0;0;0;0;0;0;0;0;0;4528;0;0;89;0;80;0;
30356;6169290;1037692928;28344320;1122680832;0;0;0;0;0;0;0;0;0;0;0;3898;0;0;89;0;80;0;
30357;7110084;1037692928;28344320;1122680832;0;0;0;0;0;0;0;0;0;0;0;3236;0;0;89;0;80;0;
30358;6062660;1037692928;28344320;1122680832;0;0;0;0;0;0;0;0;0;0;0;3587;0;0;89;0;80;0;
30359;7109303;1037692928;28344320;1122680832;0;0;0;0;0;0;0;0;0;0;0;3326;0;0;89;0;80;0;
30360;7704219;1037692928;28344320;1122680832;0;0;0;0;0;0;0;0;0;0;0;4128;0;0;89;0;80;0;
30361;6818998;1037692928;28344320;1122680832;0;0;0;0;0;0;0;0;0;0;0;3707;0;0;89;0;80;0;
30362;6203394;1037692928;28344320;1122680832;0;0;0;0;0;0;0;0;0;0;0;4749;0;0;89;0;80;0;
30363;7140111;1037692928;28344320;1122680832;0;0;0;0;0;0;0;0;0;0;0;4579;0;0;89;0;80;0;
30364;5071501;1037692928;28344320;1122680832;0;0;0;0;0;0;0;0;0;0;0;4398;0;0;89;0;80;0;
30365;6876375;1037692928;28344320;1122680832;0;0;0;0;0;0;0;0;0;0;0;4649;0;0;89;0;80;0;
30366;7348772;1037692928;28344320;1122680832;0;0;0;0;0;0;0;0;0;0;0;4899;0;0;89;0;80;0;
30367;6777501;1037692928;28344320;1122680832;0;0;0;0;0;0;0;0;0;0;0;4178;0;0;89;0;80;0;
30368;7225110;1037692928;28344320;1122680832;0;0;0;0;0;0;0;0;0;0;0;4308;0;0;89;0;80;0;
30369;6949283;1037692928;28344320;1122680832;0;0;0;0;0;0;0;0;0;0;0;2655;0;0;89;0;80;0;
30370;7028170;1037692928;28344320;1122680832;0;0;0;0;0;0;0;0;0;0;0;4539;0;0;89;0;80;0;
30371;6251363;1037692928;28344320;1122680832;0;0;0;0;0;0;0;0;0;0;0;4087;0;0;89;0;80;0;
30372;6733658;1037692928;28344320;1122680832;0;0;0;0;0;0;0;0;0;0;0;4829;0;0;89;0;80;0;
30373;6423597;1037692928;28344320;1122680832;0;0;0;0;0;0;0;0;0;0;0;3918;0;0;89;0;80;0;
30374;6675880;1037692928;28344320;1122680832;0;0;0;0;0;0;0;0;0;0;0;3597;0;0;89;0;80;0;
30375;5952393;1037692928;28344320;1122680832;0;0;0;0;0;0;0;0;0;0;0;2915;0;0;89;0;80;0;
30376;5360172;1037692928;28344320;1122680832;0;0;0;0;0;0;0;0;0;0;0;3898;0;0;89;0;80;0;
30377;6134394;1037692928;28344320;1122680832;0;0;0;0;0;0;0;0;0;0;0;3166;0;0;89;0;80;0;
30378;7214459;1037692928;28344320;1122680832;0;0;0;0;0;0;0;0;0;0;0;3827;0;0;89;0;80;0;
30379;6405533;1037692928;28344320;1122680832;0;0;0;0;0;0;0;0;0;0;0;3636;0;0;89;0;80;0;
30380;5577650;1037692928;28344320;1122680832;0;0;0;0;0;0;0;0;0;0;0;4198;0;0;89;0;80;0;
30381;5623577;1037692928;28344320;1122680832;0;0;0;0;0;0;0;0;0;0;0;3005;0;0;89;0;80;0;
30382;5533608;1037692928;28344320;1122680832;0;0;0;0;0;0;0;0;0;0;0;3937;0;0;89;0;80;0;
30383;7248323;1037692928;28344320;1122680832;0;0;0;0;0;0;0;0;0;0;0;3436;0;0;89;0;80;0;
30384;6876546;1037692928;28344320;1122680832;0;0;0;0;0;0;0;0;0;0;0;4408;0;0;89;0;80;0;
30385;6785205;1037692928;28344320;1122680832;0;0;0;0;0;0;0;0;0;0;0;4047;0;0;89;0;80;0;
30386;5911487;1037692928;28344320;1122680832;0;0;0;0;0;0;0;0;0;0;0;4238;0;0;89;0;80;0;
30387;6479241;1037692928;28344320;1122680832;0;0;0;0;0;0;0;0;0;0;0;4018;0;0;89;0;80;0;
30388;5200022;1037692928;28344320;1122680832;0;0;0;0;0;0;0;0;0;0;0;4559;0;0;89;0;80;0;
30389;8189278;1037692928;28344320;1122680832;0;0;0;0;0;0;0;0;0;0;0;4308;0;0;89;0;80;0;
30390;5873175;1037692928;28344320;1122680832;0;0;0;0;0;0;0;0;0;0;0;4178;0;0;89;0;80;0;
30391;8105892;1037692928;28344320;1122680832;0;0;0;0;0;0;0;0;0;0;0;4309;0;0;89;0;80;0;
30392;4941497;1037692928;28344320;1122680832;0;0;0;0;0;0;0;0;0;0;0;3346;0;0;89;0;80;0;
30393;7536644;1037692928;28344320;1122680832;0;0;0;0;0;0;0;0;0;0;0;4568;0;0;89;0;80;0;
30394;4273604;1037692928;28344320;1122680832;0;0;0;0;0;0;0;0;0;0;0;4448;0;0;89;0;80;0;
30395;7467644;1037692928;28344320;1122680832;0;0;0;0;0;0;0;0;0;0;0;3908;0;0;89;0;80;0;
30396;5692295;1037692928;28344320;1122680832;0;0;0;0;0;0;0;0;0;0;0;4298;0;0;89;0;80;0;
30397;7395359;1037692928;28344320;1122680832;0;0;0;0;0;0;0;0;0;0;0;4047;0;0;89;0;80;0;
30398;6375537;1037692928;28344320;1122680832;0;0;0;0;0;0;0;0;0;0;0;4969;0;0;89;0;80;0;
30399;6962417;1037692928;28344320;1122680832;0;0;0;0;0;0;0;0;0;0;0;4608;0;0;89;0;80;0;
30400;5945050;1037692928;28344320;1122680832;0;0;0;0;0;0;0;0;0;0;0;5481;0;0;89;0;80;0;
30401;8187345;1037692928;28344320;1122680832;0;0;0;0;0;0;0;0;0;0;0;4348;0;0;89;0;80;0;
30402;8749349;1037692928;28344320;1122680832;0;0;0;0;0;0;0;0;0;0;0;4088;0;0;89;0;80;0;
30403;7343923;1037692928;28344320;1122680832;0;0;0;0;0;0;0;0;0;0;0;4388;0;0;89;0;80;0;
30404;7308686;1037692928;28344320;1122680832;0;0;0;0;0;0;0;0;0;0;0;4248;0;0;89;0;80;0;
30405;7898313;1037692928;28344320;1122680832;0;0;0;0;0;0;0;0;0;0;0;4939;0;0;89;0;80;0;
30406;5753390;1037692928;28344320;1122680832;0;0;0;0;0;0;0;0;0;0;0;4339;0;0;89;0;80;0;
30407;6483499;1037692928;28344320;1122680832;0;0;0;0;0;0;0;0;0;0;0;4028;0;0;89;0;80;0;
30408;6455156;1037692928;28344320;1122680832;0;0;0;0;0;0;0;0;0;0;0;4148;0;0;89;0;80;0;
30409;7081380;1037692928;28344320;1122680832;0;0;0;0;0;0;0;0;0;0;0;3827;0;0;89;0;80;0;
30410;6218612;1037692928;28344320;1122680832;0;0;0;0;0;0;0;0;0;0;0;3927;0;0;89;0;80;0;
30411;7462435;1037692928;28344320;1122680832;0;0;0;0;0;0;0;0;0;0;0;3928;0;0;89;0;80;0;
30412;5822940;1037692928;28344320;1122680832;0;0;0;0;0;0;0;0;0;0;0;4137;0;0;89;0;80;0;
30413;7993802;1037692928;28344320;1122680832;0;0;0;0;0;0;0;0;0;0;0;3727;0;0;89;0;80;0;
30414;5649314;1037692928;28344320;1122680832;0;0;0;0;0;0;0;0;0;0;0;3597;0;0;89;0;80;0;
30415;6772461;1037692928;28344320;1122680832;0;0;0;0;0;0;0;0;0;0;0;3858;0;0;89;0;80;0;
30416;5689881;1037692928;28344320;1122680832;0;0;0;0;0;0;0;0;0;0;0;3878;0;0;89;0;80;0;
30417;5760824;1037692928;28344320;1122680832;0;0;0;0;0;0;0;0;0;0;0;3467;0;0;89;0;80;0;
30418;5175596;1037692928;28344320;1122680832;0;0;0;0;0;0;0;0;0;0;0;4649;0;0;89;0;80;0;
30419;5759611;1037692928;28344320;1122680832;0;0;0;0;0;0;0;0;0;0;0;4268;0;0;89;0;80;0;
30420;5309738;1037692928;28344320;1122680832;0;0;0;0;0;0;0;0;0;0;0;4098;0;0;89;0;80;0;
30421;6939734;1037692928;28344320;1122680832;0;0;0;0;0;0;0;0;0;0;0;3987;0;0;89;0;80;0;
30422;5890647;1037692928;28344320;1122680832;0;0;0;0;0;0;0;0;0;0;0;4508;0;0;89;0;80;0;
30423;6623712;1037692928;28344320;1122680832;0;0;0;0;0;0;0;0;0;0;0;3887;0;0;89;0;80;0;
30424;5469998;1037692928;28344320;1122680832;0;0;0;0;0;0;0;0;0;0;0;4017;0;0;89;0;80;0;
30425;6296729;1037692928;28344320;1122680832;0;0;0;0;0;0;0;0;0;0;0;4048;0;0;89;0;80;0;
30426;4490993;1037692928;28344320;1122680832;0;0;0;0;0;0;0;0;0;0;0;3676;0;0;89;0;80;0;
30427;6465505;1037692928;28344320;1122680832;0;0;0;0;0;0;0;0;0;0;0;3797;0;0;89;0;80;0;
30428;5224117;1037692928;28344320;1122680832;0;0;0;0;0;0;0;0;0;0;0;4268;0;0;89;0;80;0;
30429;6804551;1037692928;28344320;1122680832;0;0;0;0;0;0;0;0;0;0;0;5460;0;0;89;0;80;0;
30430;6973478;1037692928;28344320;1122680832;0;0;0;0;0;0;0;0;0;0;0;4488;0;0;89;0;80;0;
30431;5927085;1037692928;28344320;1122680832;0;0;0;0;0;0;0;0;0;0;0;3677;0;0;89;0;80;0;
30432;6027985;1037692928;28344320;1122680832;0;0;0;0;0;0;0;0;0;0;0;3627;0;0;89;0;80;0;
30433;6054815;1037692928;28344320;1122680832;0;0;0;0;0;0;0;0;0;0;0;4719;0;0;89;0;80;0;
30434;6930457;1037692928;28344320;1122680832;0;0;0;0;0;0;0;0;0;0;0;5049;0;0;89;0;80;0;
30435;6449285;1037692928;28344320;1122680832;0;0;0;0;0;0;0;0;0;0;0;4438;0;0;89;0;80;0;
30436;5792403;1037692928;28344320;1122680832;0;0;0;0;0;0;0;0;0;0;0;4679;0;0;89;0;80;0;
30437;6601941;1037692928;28344320;1122680832;0;0;0;0;0;0;0;0;0;0;0;4599;0;0;89;0;80;0;
30438;6244101;1037692928;28344320;1122680832;0;0;0;0;0;0;0;0;0;0;0;4458;0;0;89;0;80;0;
30439;7099143;1037692928;28344320;1122680832;0;0;0;0;0;0;0;0;0;0;0;9949;0;0;89;0;80;0;
30440;5576679;1037692928;28344320;1122680832;0;0;0;0;0;0;0;0;0;0;0;4348;0;0;89;0;80;0;
30441;6678625;1037692928;28344320;1122680832;0;0;0;0;0;0;0;0;0;0;0;4158;0;0;89;0;80;0;
30442;5177990;1037692928;28344320;1122680832;0;0;0;0;0;0;0;0;0;0;0;4087;0;0;89;0;80;0;
30443;6518114;1037692928;28344320;1122680832;0;0;0;0;0;0;0;0;0;0;0;4849;0;0;89;0;80;0;
30444;6122773;1037692928;28344320;1122680832;0;0;0;0;0;0;0;0;0;0;0;3837;0;0;89;0;80;0;
30445;5619168;1037692928;28344320;1122680832;0;0;0;0;0;0;0;0;0;0;0;3446;0;0;89;0;80;0;
30446;6029798;1037692928;28344320;1122680832;0;0;0;0;0;0;0;0;0;0;0;4448;0;0;89;0;80;0;
30447;5452005;1037692928;28344320;1122680832;0;0;0;0;0;0;0;0;0;0;0;3106;0;0;89;0;80;0;
30448;5451865;1037692928;28344320;1122680832;0;0;0;0;0;0;0;0;0;0;0;3657;0;0;89;0;80;0;
30449;5778296;1037692928;28344320;1122680832;0;0;0;0;0;0;0;0;0;0;0;3066;0;0;89;0;80;0;
30450;5673970;1037692928;28344320;1122680832;0;0;0;0;0;0;0;0;0;0;0;4509;0;0;89;0;80;0;
30451;5667308;1037692928;28344320;1122680832;0;0;0;0;0;0;0;0;0;0;0;3407;0;0;89;0;80;0;
30452;6941638;1037692928;28344320;1122680832;0;0;0;0;0;0;0;0;0;0;0;4138;0;0;89;0;80;0;
30453;5719867;1037692928;28344320;1122680832;0;0;0;0;0;0;0;0;0;0;0;4087;0;0;89;0;80;0;
30454;6380556;1037692928;28344320;1122680832;0;0;0;0;0;0;0;0;0;0;0;3787;0;0;89;0;80;0;
30455;11548377;1037692928;28344320;1122680832;0;0;0;0;0;0;0;0;0;0;0;2665;0;0;89;0;80;0;
30456;6841179;1037692928;28344320;1122680832;0;0;0;0;0;0;0;0;0;0;0;3847;0;0;89;0;80;0;
30457;7159126;1037692928;28344320;1122680832;0;0;0;0;0;0;0;0;0;0;0;3556;0;0;89;0;80;0;
30458;7433511;1037692928;28344320;1122680832;0;0;0;0;0;0;0;0;0;0;0;4438;0;0;89;0;80;0;
30459;6904439;1037692928;28344320;1122680832;0;0;0;0;0;0;0;0;0;0;0;5630;0;0;89;0;80;0;
30460;7552955;1037692928;28344320;1122680832;0;0;0;0;0;0;0;0;0;0;0;4388;0;0;89;0;80;0;
30461;7101819;1037692928;28344320;1122680832;0;0;0;0;0;0;0;0;0;0;0;4789;0;0;89;0;80;0;
30462;8590721;1037692928;28344320;1122680832;0;0;0;0;0;0;0;0;0;0;0;4719;0;0;89;0;80;0;
30463;6881756;1037692928;28344320;1122680832;0;0;0;0;0;0;0;0;0;0;0;4639;0;0;89;0;80;0;
30464;7035113;1037692928;28344320;1122680832;0;0;0;0;0;0;0;0;0;0;0;4939;0;0;89;0;80;0;
30465;7072664;1037692928;28344320;1122680832;0;0;0;0;0;0;0;0;0;0;0;3987;0;0;89;0;80;0;
30466;6973809;1037692928;28344320;1122680832;0;0;0;0;0;0;0;0;0;0;0;3667;0;0;89;0;80;0;
30467;7160578;1037692928;28344320;1122680832;0;0;0;0;0;0;0;0;0;0;0;4539;0;0;89;0;80;0;
30468;6804842;1037692928;28344320;1122680832;0;0;0;0;0;0;0;0;0;0;0;4128;0;0;89;0;80;0;
30469;7480379;1037692928;28344320;1122680832;0;0;0;0;0;0;0;0;0;0;0;4649;0;0;89;0;80;0;
30470;5990936;1037692928;28344320;1122680832;0;0;0;0;0;0;0;0;0;0;0;3907;0;0;89;0;80;0;
30471;9059560;1037692928;28344320;1122680832;0;0;0;0;0;0;0;0;0;0;0;4779;0;0;89;0;80;0;
30472;5362888;1037692928;28344320;1122680832;0;0;0;0;0;0;0;0;0;0;0;4509;0;0;89;0;80;0;
30473;6196501;1037692928;28344320;1122680832;0;0;0;0;0;0;0;0;0;0;0;3316;0;0;89;0;80;0;
30474;5019153;1037692928;28344320;1122680832;0;0;0;0;0;0;0;0;0;0;0;3727;0;0;89;0;80;0;
30475;6942540;1037692928;28344320;1122680832;0;0;0;0;0;0;0;0;0;0;0;4519;0;0;89;0;80;0;
30476;6333467;1037692928;28344320;1122680832;0;0;0;0;0;0;0;0;0;0;0;3797;0;0;89;0;80;0;
30477;6125137;1037692928;28344320;1122680832;0;0;0;0;0;0;0;0;0;0;0;4098;0;0;89;0;80;0;
30478;6576824;1037692928;28344320;1122680832;0;0;0;0;0;0;0;0;0;0;0;4278;0;0;89;0;80;0;
30479;6588967;1037692928;28344320;1122680832;0;0;0;0;0;0;0;0;0;0;0;4018;0;0;89;0;80;0;
30480;5807171;1037692928;28344320;1122680832;0;0;0;0;0;0;0;0;0;0;0;3105;0;0;89;0;80;0;
30481;5478294;1037692928;28344320;1122680832;0;0;0;0;0;0;0;0;0;0;0;3176;0;0;89;0;80;0;
30482;6137310;1037692928;28344320;1122680832;0;0;0;0;0;0;0;0;0;0;0;5130;0;0;89;0;80;0;
30483;5964085;1037692928;28344320;1122680832;0;0;0;0;0;0;0;0;0;0;0;4047;0;0;89;0;80;0;
30484;6227509;1037692928;28344320;1122680832;0;0;0;0;0;0;0;0;0;0;0;4328;0;0;89;0;80;0;
30485;7161771;1037692928;28344320;1122680832;0;0;0;0;0;0;0;0;0;0;0;4138;0;0;89;0;80;0;
30486;6748436;1037692928;28344320;1122680832;0;0;0;0;0;0;0;0;0;0;0;4258;0;0;89;0;80;0;
30487;6662685;1037692928;28344320;1122680832;0;0;0;0;0;0;0;0;0;0;0;4328;0;0;89;0;80;0;
30488;5896538;1037692928;28344320;1122680832;0;0;0;0;0;0;0;0;0;0;0;4198;0;0;89;0;80;0;
30489;5465550;1037692928;28344320;1122680832;0;0;0;0;0;0;0;0;0;0;0;3637;0;0;89;0;80;0;
30490;6576914;1037692928;28344320;1122680832;0;0;0;0;0;0;0;0;0;0;0;3607;0;0;89;0;80;0;
30491;6150123;1037692928;28344320;1122680832;0;0;0;0;0;0;0;0;0;0;0;3817;0;0;89;0;80;0;
30492;6425009;1037692928;28344320;1122680832;0;0;0;0;0;0;0;0;0;0;0;4107;0;0;89;0;80;0;
30493;6106352;1037692928;28344320;1122680832;0;0;0;0;0;0;0;0;0;0;0;3486;0;0;89;0;80;0;
30494;4677072;1037692928;28344320;1122680832;0;0;0;0;0;0;0;0;0;0;0;3486;0;0;89;0;80;0;
30495;6358594;1037692928;28344320;1122680832;0;0;0;0;0;0;0;0;0;0;0;4679;0;0;89;0;80;0;
30496;4217158;1037692928;28344320;1122680832;0;0;0;0;0;0;0;0;0;0;0;4949;0;0;89;0;80;0;
30497;5432509;1037692928;28344320;1122680832;0;0;0;0;0;0;0;0;0;0;0;3808;0;0;89;0;80;0;
30498;4858191;1037692928;28344320;1122680832;0;0;0;0;0;0;0;0;0;0;0;3687;0;0;89;0;80;0;
30499;4892595;1037692928;28344320;1122680832;0;0;0;0;0;0;0;0;0;0;0;3076;0;0;89;0;80;0;
30500;6002196;1037692928;28344320;1122680832;0;0;0;0;0;0;0;0;0;0;0;3737;0;0;89;0;80;0;
30501;5452426;1037692928;28344320;1122680832;0;0;0;0;0;0;0;0;0;0;0;3136;0;0;89;0;80;0;
30502;6658357;1037692928;28344320;1122680832;0;0;0;0;0;0;0;0;0;0;0;4529;0;0;89;0;80;0;
30503;5649725;1037692928;28344320;1122680832;0;0;0;0;0;0;0;0;0;0;0;3096;0;0;89;0;80;0;
30504;3891768;1037692928;28344320;1122680832;0;0;0;0;0;0;0;0;0;0;0;4399;0;0;89;0;80;0;
30505;6699434;1037692928;28344320;1122680832;0;0;0;0;0;0;0;0;0;0;0;3477;0;0;89;0;80;0;
30506;4242686;1037692928;28344320;1122680832;0;0;0;0;0;0;0;0;0;0;0;3066;0;0;89;0;80;0;
30507;5238665;1037692928;28344320;1122680832;0;0;0;0;0;0;0;0;0;0;0;4218;0;0;89;0;80;0;
30508;4806093;1037692928;28344320;1122680832;0;0;0;0;0;0;0;0;0;0;0;3317;0;0;89;0;80;0;
30509;6729280;1037692928;28344320;1122680832;0;0;0;0;0;0;0;0;0;0;0;3476;0;0;89;0;80;0;
30510;4800102;1037692928;28344320;1122680832;0;0;0;0;0;0;0;0;0;0;0;3326;0;0;89;0;80;0;
30511;5686665;1037692928;28344320;1122680832;0;0;0;0;0;0;0;0;0;0;0;3226;0;0;89;0;80;0;
30512;5298226;1037692928;28344320;1122680832;0;0;0;0;0;0;0;0;0;0;0;3888;0;0;89;0;80;0;
30513;6983266;1037692928;28344320;1122680832;0;0;0;0;0;0;0;0;0;0;0;3927;0;0;89;0;80;0;
30514;4872668;1037692928;28344320;1122680832;0;0;0;0;0;0;0;0;0;0;0;4258;0;0;89;0;80;0;
30515;7798496;1037692928;28344320;1122680832;0;0;0;0;0;0;0;0;0;0;0;4638;0;0;89;0;80;0;
30516;4618582;1037692928;28344320;1122680832;0;0;0;0;0;0;0;0;0;0;0;4068;0;0;89;0;80;0;
30517;7085217;1037692928;28344320;1122680832;0;0;0;0;0;0;0;0;0;0;0;3596;0;0;89;0;80;0;
30518;5266857;1037692928;28344320;1122680832;0;0;0;0;0;0;0;0;0;0;0;3476;0;0;89;0;80;0;
30519;6626407;1037692928;28344320;1122680832;0;0;0;0;0;0;0;0;0;0;0;3877;0;0;89;0;80;0;
30520;4837782;1037692928;28344320;1122680832;0;0;0;0;0;0;0;0;0;0;0;4018;0;0;89;0;80;0;
30521;5601695;1037692928;28344320;1122680832;0;0;0;0;0;0;0;0;0;0;0;3807;0;0;89;0;80;0;
30522;5053186;1037692928;28344320;1122680832;0;0;0;0;0;0;0;0;0;0;0;3697;0;0;89;0;80;0;
30523;5742991;1037692928;28344320;1122680832;0;0;0;0;0;0;0;0;0;0;0;3106;0;0;89;0;80;0;
30524;4499709;1037692928;28344320;1122680832;0;0;0;0;0;0;0;0;0;0;0;3537;0;0;89;0;80;0;
30525;5955329;1037692928;28344320;1122680832;0;0;0;0;0;0;0;0;0;0;0;3065;0;0;89;0;80;0;
30526;4864683;1037692928;28344320;1122680832;0;0;0;0;0;0;0;0;0;0;0;4058;0;0;89;0;80;0;
30527;5884706;1037692928;28344320;1122680832;0;0;0;0;0;0;0;0;0;0;0;2945;0;0;89;0;80;0;
30528;5051694;1037692928;28344320;1122680832;0;0;0;0;0;0;0;0;0;0;0;3877;0;0;89;0;80;0;
30529;5862895;1037692928;28344320;1122680832;0;0;0;0;0;0;0;0;0;0;0;3426;0;0;89;0;80;0;
30530;6332626;1037692928;28344320;1122680832;0;0;0;0;0;0;0;0;0;0;0;3726;0;0;89;0;80;0;
30531;5848809;1037692928;28344320;1122680832;0;0;0;0;0;0;0;0;0;0;0;3696;0;0;89;0;80;0;
30532;5817180;1037692928;28344320;1122680832;0;0;0;0;0;0;0;0;0;0;0;3937;0;0;89;0;80;0;
30533;5560428;1037692928;28344320;1122680832;0;0;0;0;0;0;0;0;0;0;0;3587;0;0;89;0;80;0;
30534;6537140;1037692928;28344320;1122680832;0;0;0;0;0;0;0;0;0;0;0;4198;0;0;89;0;80;0;
30535;6212311;1037692928;28344320;1122680832;0;0;0;0;0;0;0;0;0;0;0;3667;0;0;89;0;80;0;
30536;6946869;1037692928;28344320;1122680832;0;0;0;0;0;0;0;0;0;0;0;3086;0;0;89;0;80;0;
30537;5257099;1037692928;28344320;1122680832;0;0;0;0;0;0;0;0;0;0;0;3136;0;0;89;0;80;0;
30538;5119451;1037692928;28344320;1122680832;0;0;0;0;0;0;0;0;0;0;0;4168;0;0;89;0;80;0;
30539;5264483;1037692928;28344320;1122680832;0;0;0;0;0;0;0;0;0;0;0;3286;0;0;89;0;80;0;
30540;5984874;1037692928;28344320;1122680832;0;0;0;0;0;0;0;0;0;0;0;3456;0;0;89;0;80;0;
30541;5692565;1037692928;28344320;1122680832;0;0;0;0;0;0;0;0;0;0;0;3667;0;0;89;0;80;0;
30542;6870885;1037692928;28344320;1122680832;0;0;0;0;0;0;0;0;0;0;0;4368;0;0;89;0;80;0;
30543;6339699;1037692928;28344320;1122680832;0;0;0;0;0;0;0;0;0;0;0;4158;0;0;89;0;80;0;
30544;5769320;1037692928;28344320;1122680832;0;0;0;0;0;0;0;0;0;0;0;4338;0;0;89;0;80;0;
30545;5904022;1037692928;28344320;1122680832;0;0;0;0;0;0;0;0;0;0;0;3597;0;0;89;0;80;0;
30546;5665896;1037692928;28344320;1122680832;0;0;0;0;0;0;0;0;0;0;0;4669;0;0;89;0;80;0;
30547;6504929;1037692928;28344320;1122680832;0;0;0;0;0;0;0;0;0;0;0;5370;0;0;89;0;80;0;
30548;6800835;1037692928;28344320;1122680832;0;0;0;0;0;0;0;0;0;0;0;4018;0;0;89;0;80;0;
30549;7699229;1037692928;28344320;1122680832;0;0;0;0;0;0;0;0;0;0;0;4398;0;0;89;0;80;0;
30550;5048968;1037692928;28344320;1122680832;0;0;0;0;0;0;0;0;0;0;0;3797;0;0;89;0;80;0;
30551;6132170;1037692928;28344320;1122680832;0;0;0;0;0;0;0;0;0;0;0;3596;0;0;89;0;80;0;
30552;5064258;1037692928;28344320;1122680832;0;0;0;0;0;0;0;0;0;0;0;3957;0;0;89;0;80;0;
30553;5888713;1037692928;28344320;1122680832;0;0;0;0;0;0;0;0;0;0;0;3366;0;0;89;0;80;0;
30554;5065420;1037692928;28344320;1122680832;0;0;0;0;0;0;0;0;0;0;0;3697;0;0;89;0;80;0;
30555;5671236;1037692928;28344320;1122680832;0;0;0;0;0;0;0;0;0;0;0;4348;0;0;89;0;80;0;
30556;5493813;1037692928;28344320;1122680832;0;0;0;0;0;0;0;0;0;0;0;3977;0;0;89;0;80;0;
30557;5770742;1037692928;28344320;1122680832;0;0;0;0;0;0;0;0;0;0;0;3998;0;0;89;0;80;0;
30558;5451964;1037692928;28344320;1122680832;0;0;0;0;0;0;0;0;0;0;0;4268;0;0;89;0;80;0;
30559;6474392;1037692928;28344320;1122680832;0;0;0;0;0;0;0;0;0;0;0;3626;0;0;89;0;80;0;
30560;6869083;1037692928;28344320;1122680832;0;0;0;0;0;0;0;0;0;0;0;4117;0;0;89;0;80;0;
30561;7649506;1037692928;28344320;1122680832;0;0;0;0;0;0;0;0;0;0;0;61345;0;0;89;0;80;0;
30562;6589868;1037692928;28344320;1122680832;0;0;0;0;0;0;0;0;0;0;0;4509;0;0;89;0;80;0;
30563;6559632;1037692928;28344320;1122680832;0;0;0;0;0;0;0;0;0;0;0;4408;0;0;89;0;80;0;
30564;7403905;1037692928;28344320;1122680832;0;0;0;0;0;0;0;0;0;0;0;4158;0;0;89;0;80;0;
30565;6573207;1037692928;28344320;1122680832;0;0;0;0;0;0;0;0;0;0;0;3877;0;0;89;0;80;0;
30566;5179504;1037692928;28344320;1122680832;0;0;0;0;0;0;0;0;0;0;0;4608;0;0;89;0;80;0;
30567;6191271;1037692928;28344320;1122680832;0;0;0;0;0;0;0;0;0;0;0;3677;0;0;89;0;80;0;
30568;6421483;1037692928;28344320;1122680832;0;0;0;0;0;0;0;0;0;0;0;3247;0;0;89;0;80;0;
30569;5569415;1037692928;28344320;1122680832;0;0;0;0;0;0;0;0;0;0;0;3426;0;0;89;0;80;0;
30570;5217855;1037692928;28344320;1122680832;0;0;0;0;0;0;0;0;0;0;0;3857;0;0;89;0;80;0;
30571;6162817;1037692928;28344320;1122680832;0;0;0;0;0;0;0;0;0;0;0;4288;0;0;89;0;80;0;
30572;4012314;1037692928;28344320;1122680832;0;0;0;0;0;0;0;0;0;0;0;3337;0;0;89;0;80;0;
30573;6504979;1037692928;28344320;1122680832;0;0;0;0;0;0;0;0;0;0;0;3577;0;0;89;0;80;0;
30574;5772355;1037692928;28344320;1122680832;0;0;0;0;0;0;0;0;0;0;0;5250;0;0;89;0;80;0;
30575;7250698;1037692928;28344320;1122680832;0;0;0;0;0;0;0;0;0;0;0;3327;0;0;89;0;80;0;
30576;4249149;1037692928;28344320;1122680832;0;0;0;0;0;0;0;0;0;0;0;4348;0;0;89;0;80;0;
30577;5822730;1037692928;28344320;1122680832;0;0;0;0;0;0;0;0;0;0;0;2745;0;0;89;0;80;0;
30578;3982699;1037692928;28344320;1122680832;0;0;0;0;0;0;0;0;0;0;0;4318;0;0;89;0;80;0;
30579;5255245;1037692928;28344320;1122680832;0;0;0;0;0;0;0;0;0;0;0;4748;0;0;89;0;80;0;
30580;5574926;1037692928;28344320;1122680832;0;0;0;0;0;0;0;0;0;0;0;3266;0;0;89;0;80;0;
30581;5874737;1037692928;28344320;1122680832;0;0;0;0;0;0;0;0;0;0;0;3386;0;0;89;0;80;0;
30582;5440774;1037692928;28344320;1122680832;0;0;0;0;0;0;0;0;0;0;0;4008;0;0;89;0;80;0;
30583;6971033;1037692928;28344320;1122680832;0;0;0;0;0;0;0;0;0;0;0;5050;0;0;89;0;80;0;
30584;4800283;1037692928;28344320;1122680832;0;0;0;0;0;0;0;0;0;0;0;3767;0;0;89;0;80;0;
30585;5674412;1037692928;28344320;1122680832;0;0;0;0;0;0;0;0;0;0;0;4499;0;0;89;0;80;0;
30586;7406940;1037692928;28344320;1122680832;0;0;0;0;0;0;0;0;0;0;0;3867;0;0;89;0;80;0;
30587;5722451;1037692928;28344320;1122680832;0;0;0;0;0;0;0;0;0;0;0;3386;0;0;89;0;80;0;
30588;5465590;1037692928;28344320;1122680832;0;0;0;0;0;0;0;0;0;0;0;3857;0;0;89;0;80;0;
30589;6657625;1037692928;28344320;1122680832;0;0;0;0;0;0;0;0;0;0;0;3437;0;0;89;0;80;0;
30590;6401395;1037692928;28344320;1122680832;0;0;0;0;0;0;0;0;0;0;0;3947;0;0;89;0;80;0;
30591;6313400;1037692928;28344320;1122680832;0;0;0;0;0;0;0;0;0;0;0;3546;0;0;89;0;80;0;
30592;4986732;1037692928;28344320;1122680832;0;0;0;0;0;0;0;0;0;0;0;3616;0;0;89;0;80;0;
30593;5219468;1037692928;28344320;1122680832;0;0;0;0;0;0;0;0;0;0;0;2915;0;0;89;0;80;0;
30594;4589888;1037692928;28344320;1122680832;0;0;0;0;0;0;0;0;0;0;0;4008;0;0;89;0;80;0;
30595;6228000;1037692928;28344320;1122680832;0;0;0;0;0;0;0;0;0;0;0;3727;0;0;89;0;80;0;
30596;3981126;1037692928;28344320;1122680832;0;0;0;0;0;0;0;0;0;0;0;4649;0;0;89;0;80;0;
30597;5851835;1037692928;28344320;1122680832;0;0;0;0;0;0;0;0;0;0;0;4419;0;0;89;0;80;0;
30598;6051478;1037692928;28344320;1122680832;0;0;0;0;0;0;0;0;0;0;0;4098;0;0;89;0;80;0;
30599;6402437;1037692928;28344320;1122680832;0;0;0;0;0;0;0;0;0;0;0;4218;0;0;89;0;80;0;
30600;6942941;1037692928;28344320;1122680832;0;0;0;0;0;0;0;0;0;0;0;4107;0;0;89;0;80;0;
30601;6780646;1037692928;28344320;1122680832;0;0;0;0;0;0;0;0;0;0;0;4508;0;0;89;0;80;0;
30602;7852777;1037692928;28344320;1122680832;0;0;0;0;0;0;0;0;0;0;0;4068;0;0;89;0;80;0;
30603;6649721;1037692928;28344320;1122680832;0;0;0;0;0;0;0;0;0;0;0;4920;0;0;89;0;80;0;
30604;7577451;1037692928;28344320;1122680832;0;0;0;0;0;0;0;0;0;0;0;4198;0;0;89;0;80;0;
30605;5847747;1037692928;28344320;1122680832;0;0;0;0;0;0;0;0;0;0;0;4318;0;0;89;0;80;0;
30606;6163068;1037692928;28344320;1122680832;0;0;0;0;0;0;0;0;0;0;0;3977;0;0;89;0;80;0;
30607;7664524;1037692928;28344320;1122680832;0;0;0;0;0;0;0;0;0;0;0;4399;0;0;89;0;80;0;
30608;6523353;1037692928;28344320;1122680832;0;0;0;0;0;0;0;0;0;0;0;3877;0;0;89;0;80;0;
30609;5245687;1037692928;28344320;1122680832;0;0;0;0;0;0;0;0;0;0;0;4207;0;0;89;0;80;0;
30610;5482021;1037692928;28344320;1122680832;0;0;0;0;0;0;0;0;0;0;0;4548;0;0;89;0;80;0;
30611;8683946;1037692928;28344320;1122680832;0;0;0;0;0;0;0;0;0;0;0;4789;0;0;89;0;80;0;
30612;7720028;1037692928;28344320;1122680832;0;0;0;0;0;0;0;0;0;0;0;4499;0;0;89;0;80;0;
30613;6566014;1037692928;28344320;1122680832;0;0;0;0;0;0;0;0;0;0;0;3487;0;0;89;0;80;0;
30614;6536929;1037692928;28344320;1122680832;0;0;0;0;0;0;0;0;0;0;0;4669;0;0;89;0;80;0;
30615;7256729;1037692928;28344320;1122680832;0;0;0;0;0;0;0;0;0;0;0;4208;0;0;89;0;80;0;
30616;6446269;1037692928;28344320;1122680832;0;0;0;0;0;0;0;0;0;0;0;4539;0;0;89;0;80;0;
30617;6718630;1037692928;28344320;1122680832;0;0;0;0;0;0;0;0;0;0;0;3166;0;0;89;0;80;0;
30618;10717900;1037692928;28344320;1122680832;0;0;0;0;0;0;0;0;0;0;0;5130;0;0;89;0;80;0;
30619;6974670;1037692928;28344320;1122680832;0;0;0;0;0;0;0;0;0;0;0;4117;0;0;89;0;80;0;
30620;5288218;1037692928;28344320;1122680832;0;0;0;0;0;0;0;0;0;0;0;3687;0;0;89;0;80;0;
30621;5965789;1037692928;28344320;1122680832;0;0;0;0;0;0;0;0;0;0;0;3807;0;0;89;0;80;0;
30622;7736929;1037692928;28344320;1122680832;0;0;0;0;0;0;0;0;0;0;0;4499;0;0;89;0;80;0;
30623;6381849;1037692928;28344320;1122680832;0;0;0;0;0;0;0;0;0;0;0;3858;0;0;89;0;80;0;
30624;6945676;1037692928;28344320;1122680832;0;0;0;0;0;0;0;0;0;0;0;4178;0;0;89;0;80;0;
30625;5378717;1037692928;28344320;1122680832;0;0;0;0;0;0;0;0;0;0;0;2525;0;0;89;0;80;0;
30626;6103677;1037692928;28344320;1122680832;0;0;0;0;0;0;0;0;0;0;0;4288;0;0;89;0;80;0;
30627;7075869;1037692928;28344320;1122680832;0;0;0;0;0;0;0;0;0;0;0;4268;0;0;89;0;80;0;
30628;6223692;1037692928;28344320;1122680832;0;0;0;0;0;0;0;0;0;0;0;3837;0;0;89;0;80;0;
30629;6436331;1037692928;28344320;1122680832;0;0;0;0;0;0;0;0;0;0;0;4539;0;0;89;0;80;0;
30630;7470720;1037692928;28344320;1122680832;0;0;0;0;0;0;0;0;0;0;0;4519;0;0;89;0;80;0;
30631;5687286;1037692928;28344320;1122680832;0;0;0;0;0;0;0;0;0;0;0;4809;0;0;89;0;80;0;
30632;5072573;1037692928;28344320;1122680832;0;0;0;0;0;0;0;0;0;0;0;3096;0;0;89;0;80;0;
30633;5520753;1037692928;28344320;1122680832;0;0;0;0;0;0;0;0;0;0;0;2955;0;0;89;0;80;0;
30634;5244545;1037692928;28344320;1122680832;0;0;0;0;0;0;0;0;0;0;0;3877;0;0;89;0;80;0;
30635;6584328;1037692928;28344320;1122680832;0;0;0;0;0;0;0;0;0;0;0;3397;0;0;89;0;80;0;
30636;5989262;1037692928;28344320;1122680832;0;0;0;0;0;0;0;0;0;0;0;4489;0;0;89;0;80;0;
30637;6748967;1037692928;28344320;1122680832;0;0;0;0;0;0;0;0;0;0;0;4599;0;0;89;0;80;0;
30638;5849270;1037692928;28344320;1122680832;0;0;0;0;0;0;0;0;0;0;0;4889;0;0;89;0;80;0;
30639;5421237;1037692928;28344320;1122680832;0;0;0;0;0;0;0;0;0;0;0;4498;0;0;89;0;80;0;
30640;6257815;1037692928;28344320;1122680832;0;0;0;0;0;0;0;0;0;0;0;4548;0;0;89;0;80;0;
30641;7159717;1037692928;28344320;1122680832;0;0;0;0;0;0;0;0;0;0;0;3978;0;0;89;0;80;0;
30642;6274988;1037692928;28344320;1122680832;0;0;0;0;0;0;0;0;0;0;0;4608;0;0;89;0;80;0;
30643;6401596;1037692928;28344320;1122680832;0;0;0;0;0;0;0;0;0;0;0;4198;0;0;89;0;80;0;
30644;6242437;1037692928;28344320;1122680832;0;0;0;0;0;0;0;0;0;0;0;10640;0;0;89;0;80;0;
30645;5928959;1037692928;28344320;1122680832;0;0;0;0;0;0;0;0;0;0;0;4358;0;0;89;0;80;0;
30646;7543517;1037692928;28344320;1122680832;0;0;0;0;0;0;0;0;0;0;0;4528;0;0;89;0;80;0;
30647;6965694;1037692928;28344320;1122680832;0;0;0;0;0;0;0;0;0;0;0;3697;0;0;89;0;80;0;
30648;6887637;1037692928;28344320;1122680832;0;0;0;0;0;0;0;0;0;0;0;3356;0;0;89;0;80;0;
30649;7241961;1037692928;28344320;1122680832;0;0;0;0;0;0;0;0;0;0;0;3517;0;0;89;0;80;0;
30650;5657981;1037692928;28344320;1122680832;0;0;0;0;0;0;0;0;0;0;0;3737;0;0;89;0;80;0;
30651;6374595;1037692928;28344320;1122680832;0;0;0;0;0;0;0;0;0;0;0;2886;0;0;89;0;80;0;
30652;5708185;1037692928;28344320;1122680832;0;0;0;0;0;0;0;0;0;0;0;4468;0;0;89;0;80;0;
30653;6498647;1037692928;28344320;1122680832;0;0;0;0;0;0;0;0;0;0;0;3276;0;0;89;0;80;0;
30654;6439357;1037692928;28344320;1122680832;0;0;0;0;0;0;0;0;0;0;0;4518;0;0;89;0;80;0;
30655;7868316;1037692928;28344320;1122680832;0;0;0;0;0;0;0;0;0;0;0;3797;0;0;89;0;80;0;
30656;7200875;1037692928;28344320;1122680832;0;0;0;0;0;0;0;0;0;0;0;4999;0;0;89;0;80;0;
30657;7378447;1037692928;28344320;1122680832;0;0;0;0;0;0;0;0;0;0;0;3797;0;0;89;0;80;0;
30658;6117463;1037692928;28344320;1122680832;0;0;0;0;0;0;0;0;0;0;0;3546;0;0;89;0;80;0;
30659;5838920;1037692928;28344320;1122680832;0;0;0;0;0;0;0;0;0;0;0;3547;0;0;89;0;80;0;
30660;4994747;1037692928;28344320;1122680832;0;0;0;0;0;0;0;0;0;0;0;4168;0;0;89;0;80;0;
30661;8087507;1037692928;28344320;1122680832;0;0;0;0;0;0;0;0;0;0;0;4088;0;0;89;0;80;0;
30662;5452516;1037692928;28344320;1122680832;0;0;0;0;0;0;0;0;0;0;0;4118;0;0;89;0;80;0;
30663;8109388;1037692928;28344320;1122680832;0;0;0;0;0;0;0;0;0;0;0;4528;0;0;89;0;80;0;
30664;7663041;1037692928;28344320;1122680832;0;0;0;0;0;0;0;0;0;0;0;4549;0;0;89;0;80;0;
30665;7857717;1037692928;28344320;1122680832;0;0;0;0;0;0;0;0;0;0;0;3987;0;0;89;0;80;0;
30666;6683865;1037692928;28344320;1122680832;0;0;0;0;0;0;0;0;0;0;0;3898;0;0;89;0;80;0;
30667;6984950;1037692928;28344320;1122680832;0;0;0;0;0;0;0;0;0;0;0;5030;0;0;89;0;80;0;
30668;8437975;1037692928;28344320;1122680832;0;0;0;0;0;0;0;0;0;0;0;5540;0;0;89;0;80;0;
30669;8578147;1037692928;28344320;1122680832;0;0;0;0;0;0;0;0;0;0;0;4799;0;0;89;0;80;0;
30670;8013870;1037692928;28344320;1122680832;0;0;0;0;0;0;0;0;0;0;0;4749;0;0;89;0;80;0;
30671;7651540;1037692928;28344320;1122680832;0;0;0;0;0;0;0;0;0;0;0;4929;0;0;89;0;80;0;
30672;7625661;1037692928;28344320;1122680832;0;0;0;0;0;0;0;0;0;0;0;4879;0;0;89;0;80;0;
30673;7487552;1037692928;28344320;1122680832;0;0;0;0;0;0;0;0;0;0;0;4799;0;0;89;0;80;0;
30674;9284011;1037692928;28344320;1122680832;0;0;0;0;0;0;0;0;0;0;0;4648;0;0;89;0;80;0;
30675;5749012;1037692928;28344320;1122680832;0;0;0;0;0;0;0;0;0;0;0;4469;0;0;89;0;80;0;
30676;7089205;1037692928;28344320;1122680832;0;0;0;0;0;0;0;0;0;0;0;3868;0;0;89;0;80;0;
30677;7551732;1037692928;28344320;1122680832;0;0;0;0;0;0;0;0;0;0;0;5320;0;0;89;0;80;0;
30678;4992683;1037692928;28344320;1122680832;0;0;0;0;0;0;0;0;0;0;0;4288;0;0;89;0;80;0;
30679;6145896;1037692928;28344320;1122680832;0;0;0;0;0;0;0;0;0;0;0;2815;0;0;89;0;80;0;
30680;8629954;1037692928;28344320;1122680832;0;0;0;0;0;0;0;0;0;0;0;5420;0;0;89;0;80;0;
30681;7920885;1037692928;28344320;1122680832;0;0;0;0;0;0;0;0;0;0;0;3807;0;0;89;0;80;0;
30682;6416664;1037692928;28344320;1122680832;0;0;0;0;0;0;0;0;0;0;0;3757;0;0;89;0;80;0;
30683;6112453;1037692928;28344320;1122680832;0;0;0;0;0;0;0;0;0;0;0;3206;0;0;89;0;80;0;
30684;9208930;1037692928;28344320;1122680832;0;0;0;0;0;0;0;0;0;0;0;4268;0;0;89;0;80;0;
30685;8435049;1037692928;28344320;1122680832;0;0;0;0;0;0;0;0;0;0;0;3927;0;0;89;0;80;0;
30686;6104078;1037692928;28344320;1122680832;0;0;0;0;0;0;0;0;0;0;0;3536;0;0;89;0;80;0;
30687;8598005;1037692928;28344320;1122680832;0;0;0;0;0;0;0;0;0;0;0;4619;0;0;89;0;80;0;
30688;6187224;1037692928;28344320;1122680832;0;0;0;0;0;0;0;0;0;0;0;5079;0;0;89;0;80;0;
30689;7856614;1037692928;28344320;1122680832;0;0;0;0;0;0;0;0;0;0;0;4158;0;0;89;0;80;0;
30690;6591742;1037692928;28344320;1122680832;0;0;0;0;0;0;0;0;0;0;0;4769;0;0;89;0;80;0;
30691;8473230;1037692928;28344320;1122680832;0;0;0;0;0;0;0;0;0;0;0;3747;0;0;89;0;80;0;
30692;7333363;1037692928;28344320;1122680832;0;0;0;0;0;0;0;0;0;0;0;4519;0;0;89;0;80;0;
30693;9414045;1037692928;28344320;1122680832;0;0;0;0;0;0;0;0;0;0;0;4678;0;0;89;0;80;0;
30694;5818913;1037692928;28344320;1122680832;0;0;0;0;0;0;0;0;0;0;0;3848;0;0;89;0;80;0;
30695;6352022;1037692928;28344320;1122680832;0;0;0;0;0;0;0;0;0;0;0;3196;0;0;89;0;80;0;
30696;5656318;1037692928;28344320;1122680832;0;0;0;0;0;0;0;0;0;0;0;3807;0;0;89;0;80;0;
30697;8064794;1037692928;28344320;1122680832;0;0;0;0;0;0;0;0;0;0;0;4419;0;0;89;0;80;0;
30698;4079370;1037692928;28344320;1122680832;0;0;0;0;0;0;0;0;0;0;0;4108;0;0;89;0;80;0;
30699;6791537;1037692928;28344320;1122680832;0;0;0;0;0;0;0;0;0;0;0;5180;0;0;89;0;80;0;
30700;5113920;1037692928;28344320;1122680832;0;0;0;0;0;0;0;0;0;0;0;4228;0;0;89;0;80;0;
30701;7757919;1037692928;28344320;1122680832;0;0;0;0;0;0;0;0;0;0;0;4869;0;0;89;0;80;0;
30702;6407346;1037692928;28344320;1122680832;0;0;0;0;0;0;0;0;0;0;0;4028;0;0;89;0;80;0;
30703;8751883;1037692928;28344320;1122680832;0;0;0;0;0;0;0;0;0;0;0;4449;0;0;89;0;80;0;
30704;6353605;1037692928;28344320;1122680832;0;0;0;0;0;0;0;0;0;0;0;3847;0;0;89;0;80;0;
30705;6357072;1037692928;28344320;1122680832;0;0;0;0;0;0;0;0;0;0;0;3637;0;0;89;0;80;0;
30706;4550023;1037692928;28344320;1122680832;0;0;0;0;0;0;0;0;0;0;0;4007;0;0;89;0;80;0;
30707;7316150;1037692928;28344320;1122680832;0;0;0;0;0;0;0;0;0;0;0;3487;0;0;89;0;80;0;
30708;5049530;1037692928;28344320;1122680832;0;0;0;0;0;0;0;0;0;0;0;3897;0;0;89;0;80;0;
30709;6913816;1037692928;28344320;1122680832;0;0;0;0;0;0;0;0;0;0;0;3637;0;0;89;0;80;0;
30710;5734214;1037692928;28344320;1122680832;0;0;0;0;0;0;0;0;0;0;0;4819;0;0;89;0;80;0;
30711;6679276;1037692928;28344320;1122680832;0;0;0;0;0;0;0;0;0;0;0;2906;0;0;89;0;80;0;
30712;4836821;1037692928;28344320;1122680832;0;0;0;0;0;0;0;0;0;0;0;3727;0;0;89;0;80;0;
30713;5957713;1037692928;28344320;1122680832;0;0;0;0;0;0;0;0;0;0;0;3326;0;0;89;0;80;0;
30714;5229638;1037692928;28344320;1122680832;0;0;0;0;0;0;0;0;0;0;0;4318;0;0;89;0;80;0;
30715;6064994;1037692928;28344320;1122680832;0;0;0;0;0;0;0;0;0;0;0;2946;0;0;89;0;80;0;
30716;6865876;1037692928;28344320;1122680832;0;0;0;0;0;0;0;0;0;0;0;3717;0;0;89;0;80;0;
30717;5184713;1037692928;28344320;1122680832;0;0;0;0;0;0;0;0;0;0;0;3507;0;0;89;0;80;0;
30718;7281195;1037692928;28344320;1122680832;0;0;0;0;0;0;0;0;0;0;0;4248;0;0;89;0;80;0;
30719;5961550;1037692928;28344320;1122680832;0;0;0;0;0;0;0;0;0;0;0;4469;0;0;89;0;80;0;
30720;6732647;1037692928;28344320;1122680832;0;0;0;0;0;0;0;0;0;0;0;4689;0;0;89;0;80;0;
30721;9535974;1037692928;28344320;1122680832;0;0;0;0;0;0;0;0;0;0;0;4539;0;0;89;0;80;0;
30722;5140701;1037692928;28344320;1122680832;0;0;0;0;0;0;0;0;0;0;0;4769;0;0;89;0;80;0;
30723;8048504;1037692928;28344320;1122680832;0;0;0;0;0;0;0;0;0;0;0;4549;0;0;89;0;80;0;
30724;6144814;1037692928;28344320;1122680832;0;0;0;0;0;0;0;0;0;0;0;4248;0;0;89;0;80;0;
30725;7115675;1037692928;28344320;1122680832;0;0;0;0;0;0;0;0;0;0;0;3877;0;0;89;0;80;0;
30726;7391562;1037692928;28344320;1122680832;0;0;0;0;0;0;0;0;0;0;0;4398;0;0;89;0;80;0;
30727;6366499;1037692928;28344320;1122680832;0;0;0;0;0;0;0;0;0;0;0;4449;0;0;89;0;80;0;
30728;7871592;1037692928;28344320;1122680832;0;0;0;0;0;0;0;0;0;0;0;4218;0;0;89;0;80;0;
30729;7366806;1037692928;28348416;1122684928;0;0;0;0;0;0;0;0;0;0;0;4138;0;0;89;0;80;0;
30730;7831687;1037692928;28352512;1122689024;0;0;0;0;0;0;0;0;0;0;0;4508;0;0;89;0;80;0;
30731;7541303;1037692928;28352512;1122689024;0;0;0;0;0;0;0;0;0;0;0;4328;0;0;89;0;80;0;
30732;7665295;1037692928;28352512;1122689024;0;0;0;0;0;0;0;0;0;0;0;4598;0;0;89;0;80;0;
30733;7276837;1037692928;28352512;1122689024;0;0;0;0;0;0;0;0;0;0;0;4799;0;0;89;0;80;0;
30734;7100366;1037692928;28352512;1122689024;0;0;0;0;0;0;0;0;0;0;0;5080;0;0;89;0;80;0;
30735;7550631;1037692928;28352512;1122689024;0;0;0;0;0;0;0;0;0;0;0;4428;0;0;89;0;80;0;
30736;6869173;1037692928;28344320;1122680832;0;0;0;0;0;0;0;0;0;0;0;5560;0;0;89;0;80;0;
30737;9195635;1037692928;28344320;1122680832;0;0;0;0;0;0;0;0;0;0;0;4328;0;0;89;0;80;0;
30738;6449956;1037692928;28344320;1122680832;0;0;0;0;0;0;0;0;0;0;0;4238;0;0;89;0;80;0;
30739;7236791;1037692928;28344320;1122680832;0;0;0;0;0;0;0;0;0;0;0;4168;0;0;89;0;80;0;
30740;8027044;1037692928;28344320;1122680832;0;0;0;0;0;0;0;0;0;0;0;4278;0;0;89;0;80;0;
30741;6751101;1037692928;28344320;1122680832;0;0;0;0;0;0;0;0;0;0;0;3977;0;0;89;0;80;0;
30742;6844616;1037692928;28344320;1122680832;0;0;0;0;0;0;0;0;0;0;0;3837;0;0;89;0;80;0;
30743;6658547;1037692928;28344320;1122680832;0;0;0;0;0;0;0;0;0;0;0;4148;0;0;89;0;80;0;
30744;6129295;1037692928;28344320;1122680832;0;0;0;0;0;0;0;0;0;0;0;3396;0;0;89;0;80;0;
30745;5160177;1037692928;28344320;1122680832;0;0;0;0;0;0;0;0;0;0;0;2906;0;0;89;0;80;0;
30746;5319877;1037692928;28344320;1122680832;0;0;0;0;0;0;0;0;0;0;0;3817;0;0;89;0;80;0;
30747;5779659;1037692928;28344320;1122680832;0;0;0;0;0;0;0;0;0;0;0;3115;0;0;89;0;80;0;
30748;5204320;1037692928;28344320;1122680832;0;0;0;0;0;0;0;0;0;0;0;3617;0;0;89;0;80;0;
30749;5430835;1037692928;28344320;1122680832;0;0;0;0;0;0;0;0;0;0;0;3597;0;0;89;0;80;0;
30750;5991466;1037692928;28344320;1122680832;0;0;0;0;0;0;0;0;0;0;0;4528;0;0;89;0;80;0;
30751;5425164;1037692928;28344320;1122680832;0;0;0;0;0;0;0;0;0;0;0;3907;0;0;89;0;80;0;
30752;4486033;1037692928;28344320;1122680832;0;0;0;0;0;0;0;0;0;0;0;4368;0;0;89;0;80;0;
30753;6276631;1037692928;28344320;1122680832;0;0;0;0;0;0;0;0;0;0;0;3477;0;0;89;0;80;0;
30754;5057364;1037692928;28344320;1122680832;0;0;0;0;0;0;0;0;0;0;0;4498;0;0;89;0;80;0;
30755;6931399;1037692928;28344320;1122680832;0;0;0;0;0;0;0;0;0;0;0;4128;0;0;89;0;80;0;
30756;5520634;1037692928;28344320;1122680832;0;0;0;0;0;0;0;0;0;0;0;3516;0;0;89;0;80;0;
30757;7309698;1037692928;28344320;1122680832;0;0;0;0;0;0;0;0;0;0;0;3467;0;0;89;0;80;0;
30758;5869096;1037692928;28344320;1122680832;0;0;0;0;0;0;0;0;0;0;0;3507;0;0;89;0;80;0;
30759;7169365;1037692928;28344320;1122680832;0;0;0;0;0;0;0;0;0;0;0;3316;0;0;89;0;80;0;
30760;4400142;1037692928;28344320;1122680832;0;0;0;0;0;0;0;0;0;0;0;4479;0;0;89;0;80;0;
30761;6459334;1037692928;28344320;1122680832;0;0;0;0;0;0;0;0;0;0;0;3476;0;0;89;0;80;0;
30762;5931965;1037692928;28344320;1122680832;0;0;0;0;0;0;0;0;0;0;0;3687;0;0;89;0;80;0;
30763;6584178;1037692928;28344320;1122680832;0;0;0;0;0;0;0;0;0;0;0;3808;0;0;89;0;80;0;
30764;5895837;1037692928;28344320;1122680832;0;0;0;0;0;0;0;0;0;0;0;4830;0;0;89;0;80;0;
30765;6653668;1037692928;28344320;1122680832;0;0;0;0;0;0;0;0;0;0;0;4909;0;0;89;0;80;0;
30766;6701718;1037692928;28344320;1122680832;0;0;0;0;0;0;0;0;0;0;0;4980;0;0;89;0;80;0;
30767;11614852;1037692928;28344320;1122680832;0;0;0;0;0;0;0;0;0;0;0;4328;0;0;89;0;80;0;
30768;6479322;1037692928;28344320;1122680832;0;0;0;0;0;0;0;0;0;0;0;4579;0;0;89;0;80;0;
30769;6848313;1037692928;28344320;1122680832;0;0;0;0;0;0;0;0;0;0;0;4728;0;0;89;0;80;0;
30770;5487231;1037692928;28344320;1122680832;0;0;0;0;0;0;0;0;0;0;0;4188;0;0;89;0;80;0;
30771;6753005;1037692928;28344320;1122680832;0;0;0;0;0;0;0;0;0;0;0;3596;0;0;89;0;80;0;
30772;5188991;1037692928;28344320;1122680832;0;0;0;0;0;0;0;0;0;0;0;4208;0;0;89;0;80;0;
30773;5603710;1037692928;28344320;1122680832;0;0;0;0;0;0;0;0;0;0;0;4038;0;0;89;0;80;0;
30774;6349387;1037692928;28344320;1122680832;0;0;0;0;0;0;0;0;0;0;0;4118;0;0;89;0;80;0;
30775;5852095;1037692928;28344320;1122680832;0;0;0;0;0;0;0;0;0;0;0;4438;0;0;89;0;80;0;
30776;5109602;1037692928;28344320;1122680832;0;0;0;0;0;0;0;0;0;0;0;4408;0;0;89;0;80;0;
30777;5448949;1037692928;28344320;1122680832;0;0;0;0;0;0;0;0;0;0;0;3616;0;0;89;0;80;0;
30778;5288237;1037692928;28344320;1122680832;0;0;0;0;0;0;0;0;0;0;0;3627;0;0;89;0;80;0;
30779;7085799;1037692928;28344320;1122680832;0;0;0;0;0;0;0;0;0;0;0;4719;0;0;89;0;80;0;
30780;6067268;1037692928;28344320;1122680832;0;0;0;0;0;0;0;0;0;0;0;3737;0;0;89;0;80;0;
30781;6458082;1037692928;28344320;1122680832;0;0;0;0;0;0;0;0;0;0;0;4268;0;0;89;0;80;0;
30782;5069116;1037692928;28344320;1122680832;0;0;0;0;0;0;0;0;0;0;0;4128;0;0;89;0;80;0;
30783;5773157;1037692928;28344320;1122680832;0;0;0;0;0;0;0;0;0;0;0;3777;0;0;89;0;80;0;
30784;4662444;1037692928;28344320;1122680832;0;0;0;0;0;0;0;0;0;0;0;3486;0;0;89;0;80;0;
30785;6042783;1037692928;28344320;1122680832;0;0;0;0;0;0;0;0;0;0;0;3086;0;0;89;0;80;0;
30786;5343371;1037692928;28344320;1122680832;0;0;0;0;0;0;0;0;0;0;0;4088;0;0;89;0;80;0;
30787;6495371;1037692928;28344320;1122680832;0;0;0;0;0;0;0;0;0;0;0;3977;0;0;89;0;80;0;
30788;4747142;1037692928;28344320;1122680832;0;0;0;0;0;0;0;0;0;0;0;3256;0;0;89;0;80;0;
30789;5598009;1037692928;28344320;1122680832;0;0;0;0;0;0;0;0;0;0;0;3908;0;0;89;0;80;0;
30790;4062058;1037692928;28344320;1122680832;0;0;0;0;0;0;0;0;0;0;0;3336;0;0;89;0;80;0;
30791;4944292;1037692928;28344320;1122680832;0;0;0;0;0;0;0;0;0;0;0;2635;0;0;89;0;80;0;
30792;5221913;1037692928;28344320;1122680832;0;0;0;0;0;0;0;0;0;0;0;3316;0;0;89;0;80;0;
30793;4981122;1037692928;28344320;1122680832;0;0;0;0;0;0;0;0;0;0;0;2765;0;0;89;0;80;0;
30794;4887325;1037692928;28344320;1122680832;0;0;0;0;0;0;0;0;0;0;0;4238;0;0;89;0;80;0;
30795;6650251;1037692928;28344320;1122680832;0;0;0;0;0;0;0;0;0;0;0;5139;0;0;89;0;80;0;
30796;4885983;1037692928;28344320;1122680832;0;0;0;0;0;0;0;0;0;0;0;3817;0;0;89;0;80;0;
30797;6322617;1037692928;28344320;1122680832;0;0;0;0;0;0;0;0;0;0;0;5510;0;0;89;0;80;0;
30798;4886123;1037692928;28344320;1122680832;0;0;0;0;0;0;0;0;0;0;0;3787;0;0;89;0;80;0;
30799;6119356;1037692928;28344320;1122680832;0;0;0;0;0;0;0;0;0;0;0;4048;0;0;89;0;80;0;
30800;5195273;1037692928;28344320;1122680832;0;0;0;0;0;0;0;0;0;0;0;3396;0;0;89;0;80;0;
30801;6744829;1037692928;28344320;1122680832;0;0;0;0;0;0;0;0;0;0;0;4348;0;0;89;0;80;0;
30802;4014849;1037692928;28344320;1122680832;0;0;0;0;0;0;0;0;0;0;0;4408;0;0;89;0;80;0;
30803;5847436;1037692928;28344320;1122680832;0;0;0;0;0;0;0;0;0;0;0;3737;0;0;89;0;80;0;
30804;5497641;1037692928;28344320;1122680832;0;0;0;0;0;0;0;0;0;0;0;4338;0;0;89;0;80;0;
30805;6627779;1037692928;28344320;1122680832;0;0;0;0;0;0;0;0;0;0;0;4479;0;0;89;0;80;0;
30806;4724410;1037692928;28344320;1122680832;0;0;0;0;0;0;0;0;0;0;0;3697;0;0;89;0;80;0;
30807;6414741;1037692928;28344320;1122680832;0;0;0;0;0;0;0;0;0;0;0;3466;0;0;89;0;80;0;
30808;4166955;1037692928;28344320;1122680832;0;0;0;0;0;0;0;0;0;0;0;3838;0;0;89;0;80;0;
30809;5801019;1037692928;28344320;1122680832;0;0;0;0;0;0;0;0;0;0;0;4158;0;0;89;0;80;0;
30810;5461332;1037692928;28344320;1122680832;0;0;0;0;0;0;0;0;0;0;0;4117;0;0;89;0;80;0;
30811;5882853;1037692928;28348416;1122684928;0;0;0;0;0;0;0;0;0;0;0;4338;0;0;89;0;80;0;
30812;5290632;1037692928;28352512;1122689024;0;0;0;0;0;0;0;0;0;0;0;4648;0;0;89;0;80;0;
30813;6864233;1037692928;28352512;1122689024;0;0;0;0;0;0;0;0;0;0;0;3828;0;0;89;0;80;0;
30814;5592869;1037692928;28352512;1122689024;0;0;0;0;0;0;0;0;0;0;0;4128;0;0;89;0;80;0;
30815;6402607;1037692928;28352512;1122689024;0;0;0;0;0;0;0;0;0;0;0;4308;0;0;89;0;80;0;
30816;5136182;1037692928;28352512;1122689024;0;0;0;0;0;0;0;0;0;0;0;3707;0;0;89;0;80;0;
30817;5968062;1037692928;28352512;1122689024;0;0;0;0;0;0;0;0;0;0;0;4869;0;0;89;0;80;0;
30818;4150373;1037692928;28344320;1122680832;0;0;0;0;0;0;0;0;0;0;0;4849;0;0;89;0;80;0;
30819;6567987;1037692928;28344320;1122680832;0;0;0;0;0;0;0;0;0;0;0;3767;0;0;89;0;80;0;
30820;5022639;1037692928;28344320;1122680832;0;0;0;0;0;0;0;0;0;0;0;3257;0;0;89;0;80;0;
30821;5396040;1037692928;28344320;1122680832;0;0;0;0;0;0;0;0;0;0;0;4058;0;0;89;0;80;0;
30822;4682662;1037692928;28344320;1122680832;0;0;0;0;0;0;0;0;0;0;0;3357;0;0;89;0;80;0;
30823;5517989;1037692928;28344320;1122680832;0;0;0;0;0;0;0;0;0;0;0;3487;0;0;89;0;80;0;
30824;5902399;1037692928;28344320;1122680832;0;0;0;0;0;0;0;0;0;0;0;3707;0;0;89;0;80;0;
30825;5436876;1037692928;28344320;1122680832;0;0;0;0;0;0;0;0;0;0;0;3907;0;0;89;0;80;0;
30826;4694023;1037692928;28344320;1122680832;0;0;0;0;0;0;0;0;0;0;0;45716;0;0;89;0;80;0;
30827;5508721;1037692928;28344320;1122680832;0;0;0;0;0;0;0;0;0;0;0;3897;0;0;89;0;80;0;
30828;4168017;1037692928;28344320;1122680832;0;0;0;0;0;0;0;0;0;0;0;3577;0;0;89;0;80;0;
30829;5497490;1037692928;28344320;1122680832;0;0;0;0;0;0;0;0;0;0;0;3045;0;0;89;0;80;0;
30830;4582194;1037692928;28344320;1122680832;0;0;0;0;0;0;0;0;0;0;0;4549;0;0;89;0;80;0;
30831;6660271;1037692928;28344320;1122680832;0;0;0;0;0;0;0;0;0;0;0;4037;0;0;89;0;80;0;
30832;4497905;1037692928;28344320;1122680832;0;0;0;0;0;0;0;0;0;0;0;3486;0;0;89;0;80;0;
30833;5085959;1037692928;28344320;1122680832;0;0;0;0;0;0;0;0;0;0;0;3166;0;0;89;0;80;0;
30834;4973728;1037692928;28344320;1122680832;0;0;0;0;0;0;0;0;0;0;0;2715;0;0;89;0;80;0;
30835;5497891;1037692928;28344320;1122680832;0;0;0;0;0;0;0;0;0;0;0;3276;0;0;89;0;80;0;
30836;4793760;1037692928;28344320;1122680832;0;0;0;0;0;0;0;0;0;0;0;3757;0;0;89;0;80;0;
30837;4888979;1037692928;28344320;1122680832;0;0;0;0;0;0;0;0;0;0;0;3297;0;0;89;0;80;0;
30838;4530387;1037692928;28344320;1122680832;0;0;0;0;0;0;0;0;0;0;0;3868;0;0;89;0;80;0;
30839;4823556;1037692928;28344320;1122680832;0;0;0;0;0;0;0;0;0;0;0;3276;0;0;89;0;80;0;
30840;4327897;1037692928;28344320;1122680832;0;0;0;0;0;0;0;0;0;0;0;3777;0;0;89;0;80;0;
30841;7133918;1037692928;28344320;1122680832;0;0;0;0;0;0;0;0;0;0;0;3496;0;0;89;0;80;0;
30842;4353765;1037692928;28344320;1122680832;0;0;0;0;0;0;0;0;0;0;0;3467;0;0;89;0;80;0;
30843;5025965;1037692928;28344320;1122680832;0;0;0;0;0;0;0;0;0;0;0;3106;0;0;89;0;80;0;
30844;5013853;1037692928;28344320;1122680832;0;0;0;0;0;0;0;0;0;0;0;3096;0;0;89;0;80;0;
30845;6636556;1037692928;28344320;1122680832;0;0;0;0;0;0;0;0;0;0;0;3246;0;0;89;0;80;0;
30846;4499718;1037692928;28344320;1122680832;0;0;0;0;0;0;0;0;0;0;0;3676;0;0;89;0;80;0;
30847;8019369;1037692928;28344320;1122680832;0;0;0;0;0;0;0;0;0;0;0;3496;0;0;89;0;80;0;
30848;3821266;1037692928;28344320;1122680832;0;0;0;0;0;0;0;0;0;0;0;3517;0;0;89;0;80;0;
30849;7107390;1037692928;28344320;1122680832;0;0;0;0;0;0;0;0;0;0;0;4348;0;0;89;0;80;0;
30850;5669673;1037692928;28344320;1122680832;0;0;0;0;0;0;0;0;0;0;0;4018;0;0;89;0;80;0;
30851;5713605;1037692928;28344320;1122680832;0;0;0;0;0;0;0;0;0;0;0;4047;0;0;89;0;80;0;
30852;5366594;1037692928;28344320;1122680832;0;0;0;0;0;0;0;0;0;0;0;4359;0;0;89;0;80;0;
30853;6519697;1037692928;28344320;1122680832;0;0;0;0;0;0;0;0;0;0;0;3878;0;0;89;0;80;0;
30854;5538877;1037692928;28344320;1122680832;0;0;0;0;0;0;0;0;0;0;0;4368;0;0;89;0;80;0;
30855;5566870;1037692928;28344320;1122680832;0;0;0;0;0;0;0;0;0;0;0;3888;0;0;89;0;80;0;
30856;5616623;1037692928;28344320;1122680832;0;0;0;0;0;0;0;0;0;0;0;3236;0;0;89;0;80;0;
30857;5721440;1037692928;28344320;1122680832;0;0;0;0;0;0;0;0;0;0;0;3346;0;0;89;0;80;0;
30858;7016438;1037692928;28344320;1122680832;0;0;0;0;0;0;0;0;0;0;0;3687;0;0;89;0;80;0;
30859;5674161;1037692928;28344320;1122680832;0;0;0;0;0;0;0;0;0;0;0;3186;0;0;89;0;80;0;
30860;5321480;1037692928;28344320;1122680832;0;0;0;0;0;0;0;0;0;0;0;4208;0;0;89;0;80;0;
30861;5731278;1037692928;28344320;1122680832;0;0;0;0;0;0;0;0;0;0;0;3496;0;0;89;0;80;0;
30862;6749759;1037692928;28344320;1122680832;0;0;0;0;0;0;0;0;0;0;0;3617;0;0;89;0;80;0;
30863;5824763;1037692928;28344320;1122680832;0;0;0;0;0;0;0;0;0;0;0;3376;0;0;89;0;80;0;
30864;5662379;1037692928;28344320;1122680832;0;0;0;0;0;0;0;0;0;0;0;3827;0;0;89;0;80;0;
30865;6197833;1037692928;28344320;1122680832;0;0;0;0;0;0;0;0;0;0;0;3496;0;0;89;0;80;0;
30866;4594516;1037692928;28344320;1122680832;0;0;0;0;0;0;0;0;0;0;0;4018;0;0;89;0;80;0;
30867;7275154;1037692928;28344320;1122680832;0;0;0;0;0;0;0;0;0;0;0;3928;0;0;89;0;80;0;
30868;5855431;1037692928;28344320;1122680832;0;0;0;0;0;0;0;0;0;0;0;3476;0;0;89;0;80;0;
30869;6322016;1037692928;28344320;1122680832;0;0;0;0;0;0;0;0;0;0;0;3256;0;0;89;0;80;0;
30870;5779439;1037692928;28344320;1122680832;0;0;0;0;0;0;0;0;0;0;0;2795;0;0;89;0;80;0;
30871;4937350;1037692928;28344320;1122680832;0;0;0;0;0;0;0;0;0;0;0;3476;0;0;89;0;80;0;
30872;5114733;1037692928;28344320;1122680832;0;0;0;0;0;0;0;0;0;0;0;4850;0;0;89;0;80;0;
30873;6446960;1037692928;28344320;1122680832;0;0;0;0;0;0;0;0;0;0;0;3487;0;0;89;0;80;0;
30874;5086649;1037692928;28344320;1122680832;0;0;0;0;0;0;0;0;0;0;0;5400;0;0;89;0;80;0;
30875;6048974;1037692928;28344320;1122680832;0;0;0;0;0;0;0;0;0;0;0;3617;0;0;89;0;80;0;
30876;6408629;1037692928;28344320;1122680832;0;0;0;0;0;0;0;0;0;0;0;4789;0;0;89;0;80;0;
30877;7285342;1037692928;28344320;1122680832;0;0;0;0;0;0;0;0;0;0;0;3226;0;0;89;0;80;0;
30878;5114832;1037692928;28344320;1122680832;0;0;0;0;0;0;0;0;0;0;0;3837;0;0;89;0;80;0;
30879;6678885;1037692928;28344320;1122680832;0;0;0;0;0;0;0;0;0;0;0;3847;0;0;89;0;80;0;
30880;3763638;1037692928;28344320;1122680832;0;0;0;0;0;0;0;0;0;0;0;3737;0;0;89;0;80;0;
30881;7706142;1037692928;28344320;1122680832;0;0;0;0;0;0;0;0;0;0;0;4087;0;0;89;0;80;0;
30882;5122617;1037692928;28344320;1122680832;0;0;0;0;0;0;0;0;0;0;0;3817;0;0;89;0;80;0;
30883;5634818;1037692928;28344320;1122680832;0;0;0;0;0;0;0;0;0;0;0;3597;0;0;89;0;80;0;
30884;5856062;1037692928;28344320;1122680832;0;0;0;0;0;0;0;0;0;0;0;50264;0;0;89;0;80;0;
30885;6089370;1037692928;28344320;1122680832;0;0;0;0;0;0;0;0;0;0;0;4438;0;0;89;0;80;0;
30886;5476661;1037692928;28344320;1122680832;0;0;0;0;0;0;0;0;0;0;0;4298;0;0;89;0;80;0;
30887;7308095;1037692928;28344320;1122680832;0;0;0;0;0;0;0;0;0;0;0;4378;0;0;89;0;80;0;
30888;5255636;1037692928;28348416;1122684928;0;0;0;0;0;0;0;0;0;0;0;4278;0;0;89;0;80;0;
30889;8886816;1037692928;28348416;1122684928;0;0;0;0;0;0;0;0;0;0;0;4258;0;0;89;0;80;0;
30890;4932450;1037692928;28348416;1122684928;0;0;0;0;0;0;0;0;0;0;0;3917;0;0;89;0;80;0;
30891;6906152;1037692928;28348416;1122684928;0;0;0;0;0;0;0;0;0;0;0;4148;0;0;89;0;80;0;
30892;5521866;1037692928;28348416;1122684928;0;0;0;0;0;0;0;0;0;0;0;3988;0;0;89;0;80;0;
30893;6746492;1037692928;28348416;1122684928;0;0;0;0;0;0;0;0;0;0;0;3988;0;0;89;0;80;0;
30894;6267103;1037692928;28348416;1122684928;0;0;0;0;0;0;0;0;0;0;0;3737;0;0;89;0;80;0;
30895;6328809;1037692928;28348416;1122684928;0;0;0;0;0;0;0;0;0;0;0;3978;0;0;89;0;80;0;
30896;6596330;1037692928;28348416;1122684928;0;0;0;0;0;0;0;0;0;0;0;3997;0;0;89;0;80;0;
30897;5902430;1037692928;28348416;1122684928;0;0;0;0;0;0;0;0;0;0;0;3888;0;0;89;0;80;0;
30898;7213879;1037692928;28348416;1122684928;0;0;0;0;0;0;0;0;0;0;0;4609;0;0;89;0;80;0;
30899;7401861;1037692928;28352512;1122689024;0;0;0;0;0;0;0;0;0;0;0;3927;0;0;89;0;80;0;
30900;8145877;1037692928;28356608;1122693120;0;0;0;0;0;0;0;0;0;0;0;4879;0;0;89;0;80;0;
30901;7462796;1037692928;28356608;1122693120;0;0;0;0;0;0;0;0;0;0;0;4809;0;0;89;0;80;0;
30902;7225571;1037692928;28356608;1122693120;0;0;0;0;0;0;0;0;0;0;0;4378;0;0;89;0;80;0;
30903;7049320;1037692928;28356608;1122693120;0;0;0;0;0;0;0;0;0;0;0;4930;0;0;89;0;80;0;
30904;6553671;1037692928;28356608;1122693120;0;0;0;0;0;0;0;0;0;0;0;4809;0;0;89;0;80;0;
30905;6072879;1037692928;28356608;1122693120;0;0;0;0;0;0;0;0;0;0;0;3847;0;0;89;0;80;0;
30906;6214755;1037697024;28348416;1122684928;0;0;0;0;0;0;0;0;0;0;0;3537;0;0;89;0;80;0;
30907;6345921;1037697024;28348416;1122684928;0;0;0;0;0;0;0;0;0;0;0;4328;0;0;89;0;80;0;
30908;5582760;1037697024;28348416;1122684928;0;0;0;0;0;0;0;0;0;0;0;3938;0;0;89;0;80;0;
30909;6338648;1037697024;28348416;1122684928;0;0;0;0;0;0;0;0;0;0;0;4328;0;0;89;0;80;0;
30910;4947669;1037697024;28348416;1122684928;0;0;0;0;0;0;0;0;0;0;0;3337;0;0;89;0;80;0;
30911;7310570;1037697024;28348416;1122684928;0;0;0;0;0;0;0;0;0;0;0;4458;0;0;89;0;80;0;
30912;4630013;1037697024;28348416;1122684928;0;0;0;0;0;0;0;0;0;0;0;3767;0;0;89;0;80;0;
30913;6822925;1037697024;28348416;1122684928;0;0;0;0;0;0;0;0;0;0;0;4298;0;0;89;0;80;0;
30914;4474712;1037697024;28348416;1122684928;0;0;0;0;0;0;0;0;0;0;0;4218;0;0;89;0;80;0;
30915;5521404;1037697024;28348416;1122684928;0;0;0;0;0;0;0;0;0;0;0;4468;0;0;89;0;80;0;
30916;6102845;1037697024;28348416;1122684928;0;0;0;0;0;0;0;0;0;0;0;4719;0;0;89;0;80;0;
30917;6439267;1037697024;28348416;1122684928;0;0;0;0;0;0;0;0;0;0;0;5781;0;0;89;0;80;0;
30918;6670159;1037697024;28348416;1122684928;0;0;0;0;0;0;0;0;0;0;0;3627;0;0;89;0;80;0;
30919;6261582;1037697024;28348416;1122684928;0;0;0;0;0;0;0;0;0;0;0;4248;0;0;89;0;80;0;
30920;4458982;1037697024;28348416;1122684928;0;0;0;0;0;0;0;0;0;0;0;3987;0;0;89;0;80;0;
30921;6491695;1037697024;28348416;1122684928;0;0;0;0;0;0;0;0;0;0;0;4769;0;0;89;0;80;0;
30922;5358419;1037697024;28348416;1122684928;0;0;0;0;0;0;0;0;0;0;0;3276;0;0;89;0;80;0;
30923;6423105;1037697024;28348416;1122684928;0;0;0;0;0;0;0;0;0;0;0;3237;0;0;89;0;80;0;
30924;3871190;1037697024;28348416;1122684928;0;0;0;0;0;0;0;0;0;0;0;3967;0;0;89;0;80;0;
30925;5889726;1037697024;28348416;1122684928;0;0;0;0;0;0;0;0;0;0;0;3146;0;0;89;0;80;0;
30926;4415370;1037697024;28348416;1122684928;0;0;0;0;0;0;0;0;0;0;0;3246;0;0;89;0;80;0;
30927;5475479;1037697024;28348416;1122684928;0;0;0;0;0;0;0;0;0;0;0;5240;0;0;89;0;80;0;
30928;5219759;1037697024;28348416;1122684928;0;0;0;0;0;0;0;0;0;0;0;3697;0;0;89;0;80;0;
30929;6647286;1041793024;28348416;1122684928;0;0;0;0;0;0;0;0;0;0;0;5119;0;0;89;0;80;0;
30930;6439958;1041793024;28348416;1122684928;0;0;0;0;0;0;0;0;0;0;0;4378;0;0;89;0;80;0;
30931;5840483;1041793024;28348416;1122684928;0;0;0;0;0;0;0;0;0;0;0;4529;0;0;89;0;80;0;
30932;6548661;1041793024;28348416;1122684928;0;0;0;0;0;0;0;0;0;0;0;4939;0;0;89;0;80;0;
30933;6854966;1041793024;28348416;1122684928;0;0;0;0;0;0;0;0;0;0;0;5210;0;0;89;0;80;0;
30934;5914171;1041793024;28348416;1122684928;0;0;0;0;0;0;0;0;0;0;0;4489;0;0;89;0;80;0;
30935;6684957;1041793024;28348416;1122684928;0;0;0;0;0;0;0;0;0;0;0;4348;0;0;89;0;80;0;
30936;4318328;1041793024;28348416;1122684928;0;0;0;0;0;0;0;0;0;0;0;4558;0;0;89;0;80;0;
30937;6016774;1041793024;28348416;1122684928;0;0;0;0;0;0;0;0;0;0;0;5060;0;0;89;0;80;0;
30938;11273011;1041793024;28348416;1122684928;0;0;0;0;0;0;0;0;0;0;0;6632;0;0;89;0;80;0;
30939;6391477;1041793024;28348416;1122684928;0;0;0;0;0;0;0;0;0;0;0;3556;0;0;89;0;80;0;
30940;5335557;1041793024;28348416;1122684928;0;0;0;0;0;0;0;0;0;0;0;4067;0;0;89;0;80;0;
30941;5397954;1041793024;28348416;1122684928;0;0;0;0;0;0;0;0;0;0;0;3036;0;0;89;0;80;0;
30942;4802868;1041793024;28348416;1122684928;0;0;0;0;0;0;0;0;0;0;0;3737;0;0;89;0;80;0;
30943;6266241;1041793024;28348416;1122684928;0;0;0;0;0;0;0;0;0;0;0;5030;0;0;89;0;80;0;
30944;4655932;1041793024;28348416;1122684928;0;0;0;0;0;0;0;0;0;0;0;3938;0;0;89;0;80;0;
30945;5760373;1041793024;28348416;1122684928;0;0;0;0;0;0;0;0;0;0;0;3727;0;0;89;0;80;0;
30946;4037421;1041793024;28348416;1122684928;0;0;0;0;0;0;0;0;0;0;0;4339;0;0;89;0;80;0;
30947;6667234;1041793024;28348416;1122684928;0;0;0;0;0;0;0;0;0;0;0;4568;0;0;89;0;80;0;
30948;5316029;1041793024;28348416;1122684928;0;0;0;0;0;0;0;0;0;0;0;4709;0;0;89;0;80;0;
30949;6121570;1041793024;28348416;1122684928;0;0;0;0;0;0;0;0;0;0;0;4558;0;0;89;0;80;0;
30950;5664604;1041793024;28348416;1122684928;0;0;0;0;0;0;0;0;0;0;0;4689;0;0;89;0;80;0;
30951;6585029;1041793024;28348416;1122684928;0;0;0;0;0;0;0;0;0;0;0;4338;0;0;89;0;80;0;
30952;5505074;1041793024;28348416;1122684928;0;0;0;0;0;0;0;0;0;0;0;3727;0;0;89;0;80;0;
30953;5897640;1041793024;28348416;1122684928;0;0;0;0;0;0;0;0;0;0;0;4599;0;0;89;0;80;0;
30954;4781968;1041793024;28348416;1122684928;0;0;0;0;0;0;0;0;0;0;0;2966;0;0;89;0;80;0;
30955;5869829;1041793024;28348416;1122684928;0;0;0;0;0;0;0;0;0;0;0;3226;0;0;89;0;80;0;
30956;4508956;1041793024;28348416;1122684928;0;0;0;0;0;0;0;0;0;0;0;3777;0;0;89;0;80;0;
30957;6754948;1041793024;28348416;1122684928;0;0;0;0;0;0;0;0;0;0;0;3246;0;0;89;0;80;0;
30958;6037162;1041793024;28348416;1122684928;0;0;0;0;0;0;0;0;0;0;0;3396;0;0;89;0;80;0;
30959;6816273;1041793024;28348416;1122684928;0;0;0;0;0;0;0;0;0;0;0;5100;0;0;89;0;80;0;
30960;4782429;1041793024;28348416;1122684928;0;0;0;0;0;0;0;0;0;0;0;3687;0;0;89;0;80;0;
30961;5550640;1041793024;28348416;1122684928;0;0;0;0;0;0;0;0;0;0;0;3336;0;0;89;0;80;0;
30962;4820650;1041793024;28348416;1122684928;0;0;0;0;0;0;0;0;0;0;0;3126;0;0;89;0;80;0;
30963;4849284;1041793024;28348416;1122684928;0;0;0;0;0;0;0;0;0;0;0;3025;0;0;89;0;80;0;
30964;5204380;1041793024;28348416;1122684928;0;0;0;0;0;0;0;0;0;0;0;4198;0;0;89;0;80;0;
30965;5743351;1041793024;28348416;1122684928;0;0;0;0;0;0;0;0;0;0;0;3597;0;0;89;0;80;0;
30966;5071531;1041793024;28348416;1122684928;0;0;0;0;0;0;0;0;0;0;0;3366;0;0;89;0;80;0;
30967;5602296;1041793024;28348416;1122684928;0;0;0;0;0;0;0;0;0;0;0;3216;0;0;89;0;80;0;
30968;3664623;1041793024;28348416;1122684928;0;0;0;0;0;0;0;0;0;0;0;3978;0;0;89;0;80;0;
30969;6795284;1041793024;28348416;1122684928;0;0;0;0;0;0;0;0;0;0;0;3576;0;0;89;0;80;0;
30970;5087891;1041793024;28348416;1122684928;0;0;0;0;0;0;0;0;0;0;0;3346;0;0;89;0;80;0;
30971;5544728;1041793024;28348416;1122684928;0;0;0;0;0;0;0;0;0;0;0;3486;0;0;89;0;80;0;
30972;4332275;1041793024;28348416;1122684928;0;0;0;0;0;0;0;0;0;0;0;3777;0;0;89;0;80;0;
30973;5987018;1041793024;28348416;1122684928;0;0;0;0;0;0;0;0;0;0;0;3586;0;0;89;0;80;0;
30974;4128493;1041793024;28348416;1122684928;0;0;0;0;0;0;0;0;0;0;0;3887;0;0;89;0;80;0;
30975;6013718;1041793024;28348416;1122684928;0;0;0;0;0;0;0;0;0;0;0;4188;0;0;89;0;80;0;
30976;4714842;1041793024;28348416;1122684928;0;0;0;0;0;0;0;0;0;0;0;3607;0;0;89;0;80;0;
30977;6528553;1041793024;28348416;1122684928;0;0;0;0;0;0;0;0;0;0;0;3136;0;0;89;0;80;0;
30978;4629312;1041793024;28348416;1122684928;0;0;0;0;0;0;0;0;0;0;0;3266;0;0;89;0;80;0;
30979;7838370;1041793024;28348416;1122684928;0;0;0;0;0;0;0;0;0;0;0;3547;0;0;89;0;80;0;
30980;3734694;1041793024;28348416;1122684928;0;0;0;0;0;0;0;0;0;0;0;3327;0;0;89;0;80;0;
30981;5960758;1041793024;28348416;1122684928;0;0;0;0;0;0;0;0;0;0;0;2805;0;0;89;0;80;0;
30982;3257900;1041793024;28348416;1122684928;0;0;0;0;0;0;0;0;0;0;0;2675;0;0;89;0;80;0;
30983;5636550;1041793024;28348416;1122684928;0;0;0;0;0;0;0;0;0;0;0;4017;0;0;89;0;80;0;
30984;4180551;1041793024;28348416;1122684928;0;0;0;0;0;0;0;0;0;0;0;3146;0;0;89;0;80;0;
30985;5458847;1041793024;28348416;1122684928;0;0;0;0;0;0;0;0;0;0;0;2966;0;0;89;0;80;0;
30986;5064037;1041793024;28348416;1122684928;0;0;0;0;0;0;0;0;0;0;0;3296;0;0;89;0;80;0;
30987;6721656;1041793024;28348416;1122684928;0;0;0;0;0;0;0;0;0;0;0;3697;0;0;89;0;80;0;
30988;4551987;1041793024;28348416;1122684928;0;0;0;0;0;0;0;0;0;0;0;3105;0;0;89;0;80;0;
30989;6398720;1041793024;28348416;1122684928;0;0;0;0;0;0;0;0;0;0;0;2875;0;0;89;0;80;0;
30990;4998373;1041793024;28348416;1122684928;0;0;0;0;0;0;0;0;0;0;0;2895;0;0;89;0;80;0;
30991;5454921;1041793024;28348416;1122684928;0;0;0;0;0;0;0;0;0;0;0;3407;0;0;89;0;80;0;
30992;5386271;1041793024;28348416;1122684928;0;0;0;0;0;0;0;0;0;0;0;35376;0;0;89;0;80;0;
30993;6286359;1041793024;28348416;1122684928;0;0;0;0;0;0;0;0;0;0;0;3166;0;0;89;0;80;0;
30994;3374218;1041793024;28348416;1122684928;0;0;0;0;0;0;0;0;0;0;0;3136;0;0;89;0;80;0;
30995;5931333;1041793024;28348416;1122684928;0;0;0;0;0;0;0;0;0;0;0;2846;0;0;89;0;80;0;
30996;4932731;1041793024;28348416;1122684928;0;0;0;0;0;0;0;0;0;0;0;3737;0;0;89;0;80;0;
30997;6932982;1041793024;28348416;1122684928;0;0;0;0;0;0;0;0;0;0;0;3176;0;0;89;0;80;0;
30998;4821542;1041793024;28348416;1122684928;0;0;0;0;0;0;0;0;0;0;0;3317;0;0;89;0;80;0;
30999;5804706;1041793024;28348416;1122684928;0;0;0;0;0;0;0;0;0;0;0;2434;0;0;89;0;80;0;
31000;3176698;1041793024;28348416;1122684928;0;0;0;0;0;0;0;0;0;0;0;2885;0;0;89;0;80;0;
31001;6293202;1041793024;28348416;1122684928;0;0;0;0;0;0;0;0;0;0;0;3407;0;0;89;0;80;0;
31002;4806374;1041793024;28348416;1122684928;0;0;0;0;0;0;0;0;0;0;0;2756;0;0;89;0;80;0;
31003;5436175;1041793024;28348416;1122684928;0;0;0;0;0;0;0;0;0;0;0;2515;0;0;89;0;80;0;
31004;5221632;1041793024;28348416;1122684928;0;0;0;0;0;0;0;0;0;0;0;9367;0;0;89;0;80;0;
31005;6225806;1041793024;28348416;1122684928;0;0;0;0;0;0;0;0;0;0;0;3256;0;0;89;0;80;0;
31006;4117903;1041793024;28348416;1122684928;0;0;0;0;0;0;0;0;0;0;0;3226;0;0;89;0;80;0;
31007;5700912;1041793024;28348416;1122684928;0;0;0;0;0;0;0;0;0;0;0;3467;0;0;89;0;80;0;
31008;5748721;1041793024;28348416;1122684928;0;0;0;0;0;0;0;0;0;0;0;3707;0;0;89;0;80;0;
31009;6413688;1041793024;28348416;1122684928;0;0;0;0;0;0;0;0;0;0;0;3747;0;0;89;0;80;0;
31010;4115868;1041793024;28348416;1122684928;0;0;0;0;0;0;0;0;0;0;0;3437;0;0;89;0;80;0;
31011;17142849;1041793024;28348416;1122684928;0;0;0;0;0;0;0;0;0;0;0;3416;0;0;89;0;80;0;
31012;4644891;1041793024;28348416;1122684928;0;0;0;0;0;0;0;0;0;0;0;3396;0;0;89;0;80;0;
31013;5691664;1041793024;28348416;1122684928;0;0;0;0;0;0;0;0;0;0;0;4418;0;0;89;0;80;0;
31014;4175230;1041793024;28348416;1122684928;0;0;0;0;0;0;0;0;0;0;0;3277;0;0;89;0;80;0;
31015;6160142;1041793024;28348416;1122684928;0;0;0;0;0;0;0;0;0;0;0;3827;0;0;89;0;80;0;
31016;4114316;1041793024;28348416;1122684928;0;0;0;0;0;0;0;0;0;0;0;3857;0;0;89;0;80;0;
31017;6195088;1041793024;28348416;1122684928;0;0;0;0;0;0;0;0;0;0;0;3276;0;0;89;0;80;0;
31018;4028655;1041793024;28348416;1122684928;0;0;0;0;0;0;0;0;0;0;0;3226;0;0;89;0;80;0;
31019;5836526;1041793024;28348416;1122684928;0;0;0;0;0;0;0;0;0;0;0;3166;0;0;89;0;80;0;
31020;5594652;1041793024;28348416;1122684928;0;0;0;0;0;0;0;0;0;0;0;3046;0;0;89;0;80;0;
31021;5851905;1041793024;28348416;1122684928;0;0;0;0;0;0;0;0;0;0;0;2785;0;0;89;0;80;0;
31022;5573953;1041793024;28348416;1122684928;0;0;0;0;0;0;0;0;0;0;0;3957;0;0;89;0;80;0;
31023;6007386;1041793024;28348416;1122684928;0;0;0;0;0;0;0;0;0;0;0;3467;0;0;89;0;80;0;
31024;5281435;1041793024;28348416;1122684928;0;0;0;0;0;0;0;0;0;0;0;44333;0;0;89;0;80;0;
31025;5587208;1041793024;28348416;1122684928;0;0;0;0;0;0;0;0;0;0;0;3436;0;0;89;0;80;0;
31026;4599565;1041793024;28348416;1122684928;0;0;0;0;0;0;0;0;0;0;0;3387;0;0;89;0;80;0;
31027;5517587;1041793024;28348416;1122684928;0;0;0;0;0;0;0;0;0;0;0;3697;0;0;89;0;80;0;
31028;3760342;1041793024;28348416;1122684928;0;0;0;0;0;0;0;0;0;0;0;3336;0;0;89;0;80;0;
31029;5232443;1041793024;28348416;1122684928;0;0;0;0;0;0;0;0;0;0;0;2936;0;0;89;0;80;0;
31030;3679931;1041793024;28348416;1122684928;0;0;0;0;0;0;0;0;0;0;0;3006;0;0;89;0;80;0;
31031;5124069;1041793024;28348416;1122684928;0;0;0;0;0;0;0;0;0;0;0;2906;0;0;89;0;80;0;
31032;4794472;1041793024;28348416;1122684928;0;0;0;0;0;0;0;0;0;0;0;103784;0;0;89;0;80;0;
31033;5958464;1041793024;28348416;1122684928;0;0;0;0;0;0;0;0;0;0;0;3377;0;0;89;0;80;0;
31034;4408708;1041793024;28348416;1122684928;0;0;0;0;0;0;0;0;0;0;0;3086;0;0;89;0;80;0;
31035;5579714;1041793024;28348416;1122684928;0;0;0;0;0;0;0;0;0;0;0;3126;0;0;89;0;80;0;
31036;3754621;1041793024;28348416;1122684928;0;0;0;0;0;0;0;0;0;0;0;3537;0;0;89;0;80;0;
31037;5995574;1041793024;28348416;1122684928;0;0;0;0;0;0;0;0;0;0;0;3085;0;0;89;0;80;0;
31038;5180716;1041793024;28348416;1122684928;0;0;0;0;0;0;0;0;0;0;0;4088;0;0;89;0;80;0;
31039;5543386;1041793024;28348416;1122684928;0;0;0;0;0;0;0;0;0;0;0;3677;0;0;89;0;80;0;
31040;4429377;1041793024;28348416;1122684928;0;0;0;0;0;0;0;0;0;0;0;3927;0;0;89;0;80;0;
31041;5791040;1041793024;28348416;1122684928;0;0;0;0;0;0;0;0;0;0;0;3336;0;0;89;0;80;0;
31042;3574664;1041793024;28348416;1122684928;0;0;0;0;0;0;0;0;0;0;0;3857;0;0;89;0;80;0;
31043;6793561;1041793024;28348416;1122684928;0;0;0;0;0;0;0;0;0;0;0;3126;0;0;89;0;80;0;
31044;3904943;1041793024;28348416;1122684928;0;0;0;0;0;0;0;0;0;0;0;2795;0;0;89;0;80;0;
31045;5841475;1041793024;28348416;1122684928;0;0;0;0;0;0;0;0;0;0;0;3487;0;0;89;0;80;0;
31046;4079270;1041793024;28348416;1122684928;0;0;0;0;0;0;0;0;0;0;0;2434;0;0;89;0;80;0;
31047;5244505;1041793024;28348416;1122684928;0;0;0;0;0;0;0;0;0;0;0;2975;0;0;89;0;80;0;
31048;4162696;1041793024;28348416;1122684928;0;0;0;0;0;0;0;0;0;0;0;2955;0;0;89;0;80;0;
31049;5857666;1041793024;28348416;1122684928;0;0;0;0;0;0;0;0;0;0;0;2945;0;0;89;0;80;0;
31050;3497198;1041793024;28348416;1122684928;0;0;0;0;0;0;0;0;0;0;0;3006;0;0;89;0;80;0;
31051;6222029;1041793024;28348416;1122684928;0;0;0;0;0;0;0;0;0;0;0;41438;0;0;89;0;80;0;
31052;4302198;1041793024;28348416;1122684928;0;0;0;0;0;0;0;0;0;0;0;2835;0;0;89;0;80;0;
31053;5414544;1041793024;28348416;1122684928;0;0;0;0;0;0;0;0;0;0;0;2985;0;0;89;0;80;0;
31054;3668159;1041793024;28348416;1122684928;0;0;0;0;0;0;0;0;0;0;0;38322;0;0;89;0;80;0;
31055;6949283;1041793024;28348416;1122684928;0;0;0;0;0;0;0;0;0;0;0;3296;0;0;89;0;80;0;
31056;4234070;1041793024;28348416;1122684928;0;0;0;0;0;0;0;0;0;0;0;2905;0;0;89;0;80;0;
31057;5210812;1041793024;28348416;1122684928;0;0;0;0;0;0;0;0;0;0;0;2946;0;0;89;0;80;0;
31058;3433449;1041793024;28348416;1122684928;0;0;0;0;0;0;0;0;0;0;0;3076;0;0;89;0;80;0;
31059;6335021;1041793024;28348416;1122684928;0;0;0;0;0;0;0;0;0;0;0;2875;0;0;89;0;80;0;
31060;3959776;1041793024;28348416;1122684928;0;0;0;0;0;0;0;0;0;0;0;2826;0;0;89;0;80;0;
31061;5733783;1041793024;28348416;1122684928;0;0;0;0;0;0;0;0;0;0;0;2525;0;0;89;0;80;0;
31062;5181377;1041793024;28348416;1122684928;0;0;0;0;0;0;0;0;0;0;0;4118;0;0;89;0;80;0;
31063;6213002;1041793024;28348416;1122684928;0;0;0;0;0;0;0;0;0;0;0;3266;0;0;89;0;80;0;
31064;4239281;1041793024;28348416;1122684928;0;0;0;0;0;0;0;0;0;0;0;3206;0;0;89;0;80;0;
31065;6271842;1041793024;28348416;1122684928;0;0;0;0;0;0;0;0;0;0;0;3547;0;0;89;0;80;0;
31066;3946451;1041793024;28348416;1122684928;0;0;0;0;0;0;0;0;0;0;0;3446;0;0;89;0;80;0;
31067;6274928;1041793024;28348416;1122684928;0;0;0;0;0;0;0;0;0;0;0;3697;0;0;89;0;80;0;
31068;4158790;1041793024;28348416;1122684928;0;0;0;0;0;0;0;0;0;0;0;4588;0;0;89;0;80;0;
31069;6303902;1041793024;28348416;1122684928;0;0;0;0;0;0;0;0;0;0;0;2455;0;0;89;0;80;0;
31070;4458482;1041793024;28348416;1122684928;0;0;0;0;0;0;0;0;0;0;0;2916;0;0;89;0;80;0;
31071;5138757;1041793024;28348416;1122684928;0;0;0;0;0;0;0;0;0;0;0;2675;0;0;89;0;80;0;
31072;3669652;1041793024;28348416;1122684928;0;0;0;0;0;0;0;0;0;0;0;2985;0;0;89;0;80;0;
31073;5703897;1041793024;28348416;1122684928;0;0;0;0;0;0;0;0;0;0;0;2635;0;0;89;0;80;0;
31074;2625364;1041793024;28348416;1122684928;0;0;0;0;0;0;0;0;0;0;0;2715;0;0;89;0;80;0;
31075;5658582;1041793024;28348416;1122684928;0;0;0;0;0;0;0;0;0;0;0;3206;0;0;89;0;80;0;
31076;4281649;1041793024;28348416;1122684928;0;0;0;0;0;0;0;0;0;0;0;3347;0;0;89;0;80;0;
31077;5343301;1041793024;28348416;1122684928;0;0;0;0;0;0;0;0;0;0;0;3206;0;0;89;0;80;0;
31078;4178436;1041793024;28348416;1122684928;0;0;0;0;0;0;0;0;0;0;0;2635;0;0;89;0;80;0;
31079;5208798;1041793024;28348416;1122684928;0;0;0;0;0;0;0;0;0;0;0;2905;0;0;89;0;80;0;
31080;3254654;1041793024;28348416;1122684928;0;0;0;0;0;0;0;0;0;0;0;2564;0;0;89;0;80;0;
31081;4953450;1041793024;28348416;1122684928;0;0;0;0;0;0;0;0;0;0;0;3096;0;0;89;0;80;0;
31082;3438228;1041793024;28348416;1122684928;0;0;0;0;0;0;0;0;0;0;0;2755;0;0;89;0;80;0;
31083;5048397;1041793024;28348416;1122684928;0;0;0;0;0;0;0;0;0;0;0;3376;0;0;89;0;80;0;
31084;4078028;1041793024;28348416;1122684928;0;0;0;0;0;0;0;0;0;0;0;2925;0;0;89;0;80;0;
31085;5790560;1041793024;28348416;1122684928;0;0;0;0;0;0;0;0;0;0;0;2855;0;0;89;0;80;0;
31086;3737179;1041793024;28348416;1122684928;0;0;0;0;0;0;0;0;0;0;0;3536;0;0;89;0;80;0;
31087;6376738;1041793024;28348416;1122684928;0;0;0;0;0;0;0;0;0;0;0;3126;0;0;89;0;80;0;
31088;3929069;1041793024;28348416;1122684928;0;0;0;0;0;0;0;0;0;0;0;3847;0;0;89;0;80;0;
31089;5679602;1041793024;28348416;1122684928;0;0;0;0;0;0;0;0;0;0;0;4128;0;0;89;0;80;0;
31090;36214065;540852224;28352512;485154816;0;0;0;0;0;0;0;0;0;0;0;4428;0;0;0;0;0;0;
31091;4839596;540852224;28352512;485154816;0;0;0;0;0;0;0;0;0;0;0;2705;0;0;0;0;0;0;
31092;2732394;540852224;28352512;485154816;0;0;0;0;0;0;0;0;0;0;0;2825;0;0;0;0;0;0;
31093;4471887;540852224;28352512;485154816;0;0;0;0;0;0;0;0;0;0;0;1863;0;0;0;0;0;0;
31094;2630584;540852224;28352512;485154816;0;0;0;0;0;0;0;0;0;0;0;2374;0;0;0;0;0;0;
31095;4364575;540852224;28352512;485154816;0;0;0;0;0;0;0;0;0;0;0;2054;0;0;0;0;0;0;
31096;2743475;540844032;28344320;485146624;0;0;0;0;0;0;0;0;0;0;0;2254;0;0;0;0;0;0;
31097;4465535;540844032;28344320;485146624;0;0;0;0;0;0;0;0;0;0;0;1983;0;0;0;0;0;0;
31098;2572214;540844032;28344320;485146624;0;0;0;0;0;0;0;0;0;0;0;2275;0;0;0;0;0;0;
31099;4171633;540844032;28344320;485146624;0;0;0;0;0;0;0;0;0;0;0;2034;0;0;0;0;0;0;
31100;1816026;540844032;28344320;485146624;0;0;0;0;0;0;0;0;0;0;0;2384;0;0;0;0;0;0;
31101;4195398;540844032;28344320;485146624;0;0;0;0;0;0;0;0;0;0;0;2184;0;0;0;0;0;0;
31102;1861411;540844032;28344320;485146624;0;0;0;0;0;0;0;0;0;0;0;2374;0;0;0;0;0;0;
31103;4389492;540844032;28344320;485146624;0;0;0;0;0;0;0;0;0;0;0;2064;0;0;0;0;0;0;
31104;1881649;540844032;28344320;485146624;0;0;0;0;0;0;0;0;0;0;0;2264;0;0;0;0;0;0;
31105;4290195;540844032;28344320;485146624;0;0;0;0;0;0;0;0;0;0;0;2615;0;0;0;0;0;0;
31106;1963182;540844032;28344320;485146624;0;0;0;0;0;0;0;0;0;0;0;2254;0;0;0;0;0;0;
31107;4263495;540844032;28344320;485146624;0;0;0;0;0;0;0;0;0;0;0;2285;0;0;0;0;0;0;
31108;2004460;540844032;28344320;485146624;0;0;0;0;0;0;0;0;0;0;0;2635;0;0;0;0;0;0;
31109;4221087;540844032;28344320;485146624;0;0;0;0;0;0;0;0;0;0;0;1884;0;0;0;0;0;0;
31110;2239409;540844032;28344320;485146624;0;0;0;0;0;0;0;0;0;0;0;2123;0;0;0;0;0;0;
31111;4215065;540844032;28344320;485146624;0;0;0;0;0;0;0;0;0;0;0;1994;0;0;0;0;0;0;
31112;1957111;540844032;28344320;485146624;0;0;0;0;0;0;0;0;0;0;0;2254;0;0;0;0;0;0;
31113;4192993;540844032;28344320;485146624;0;0;0;0;0;0;0;0;0;0;0;1613;0;0;0;0;0;0;
31114;1854919;540844032;28344320;485146624;0;0;0;0;0;0;0;0;0;0;0;2214;0;0;0;0;0;0;
31115;4342824;540844032;28344320;485146624;0;0;0;0;0;0;0;0;0;0;0;1764;0;0;0;0;0;0;
31116;1849509;540844032;28344320;485146624;0;0;0;0;0;0;0;0;0;0;0;1934;0;0;0;0;0;0;
31117;4262624;540844032;28344320;485146624;0;0;0;0;0;0;0;0;0;0;0;1913;0;0;0;0;0;0;
31118;1900253;540844032;28344320;485146624;0;0;0;0;0;0;0;0;0;0;0;2134;0;0;0;0;0;0;
31119;4207661;540844032;28344320;485146624;0;0;0;0;0;0;0;0;0;0;0;2024;0;0;0;0;0;0;
31120;1966969;540844032;28344320;485146624;0;0;0;0;0;0;0;0;0;0;0;2665;0;0;0;0;0;0;
31121;4118063;540844032;28344320;485146624;0;0;0;0;0;0;0;0;0;0;0;2365;0;0;0;0;0;0;
31122;2171833;540844032;28344320;485146624;0;0;0;0;0;0;0;0;0;0;0;2154;0;0;0;0;0;0;
31123;4291138;540844032;28344320;485146624;0;0;0;0;0;0;0;0;0;0;0;1974;0;0;0;0;0;0;
31124;1985884;540844032;28344320;485146624;0;0;0;0;0;0;0;0;0;0;0;2415;0;0;0;0;0;0;
31125;4215465;540844032;28344320;485146624;0;0;0;0;0;0;0;0;0;0;0;1783;0;0;0;0;0;0;
31126;1978160;540844032;28344320;485146624;0;0;0;0;0;0;0;0;0;0;0;2054;0;0;0;0;0;0;
31127;4174690;540844032;28344320;485146624;0;0;0;0;0;0;0;0;0;0;0;1823;0;0;0;0;0;0;
31128;1931472;540844032;28344320;485146624;0;0;0;0;0;0;0;0;0;0;0;2264;0;0;0;0;0;0;
31129;4176823;540844032;28344320;485146624;0;0;0;0;0;0;0;0;0;0;0;2575;0;0;0;0;0;0;
31130;2189957;540844032;28344320;485146624;0;0;0;0;0;0;0;0;0;0;0;2815;0;0;0;0;0;0;
31131;4079200;540844032;28344320;485146624;0;0;0;0;0;0;0;0;0;0;0;1844;0;0;0;0;0;0;
31132;1867974;540844032;28344320;485146624;0;0;0;0;0;0;0;0;0;0;0;2655;0;0;0;0;0;0;
31133;4292330;540844032;28344320;485146624;0;0;0;0;0;0;0;0;0;0;0;2144;0;0;0;0;0;0;
31134;1915011;540844032;28344320;485146624;0;0;0;0;0;0;0;0;0;0;0;2144;0;0;0;0;0;0;
31135;4211107;540844032;28344320;485146624;0;0;0;0;0;0;0;0;0;0;0;1914;0;0;0;0;0;0;
31136;1953383;540844032;28344320;485146624;0;0;0;0;0;0;0;0;0;0;0;2134;0;0;0;0;0;0;
31137;4168107;540844032;28344320;485146624;0;0;0;0;0;0;0;0;0;0;0;2174;0;0;0;0;0;0;
31138;1919189;540844032;28344320;485146624;0;0;0;0;0;0;0;0;0;0;0;2244;0;0;0;0;0;0;
31139;4474842;540844032;28344320;485146624;0;0;0;0;0;0;0;0;0;0;0;2414;0;0;0;0;0;0;
31140;1854097;540844032;28344320;485146624;0;0;0;0;0;0;0;0;0;0;0;2354;0;0;0;0;0;0;
31141;10247959;540844032;28344320;485146624;0;0;0;0;0;0;0;0;0;0;0;1673;0;0;0;0;0;0;
31142;2404870;540844032;28344320;485146624;0;0;0;0;0;0;0;0;0;0;0;3015;0;0;0;0;0;0;
31143;4454354;540844032;28344320;485146624;0;0;0;0;0;0;0;0;0;0;0;2855;0;0;0;0;0;0;
31144;2139162;540844032;28344320;485146624;0;0;0;0;0;0;0;0;0;0;0;2434;0;0;0;0;0;0;
31145;4377259;540844032;28344320;485146624;0;0;0;0;0;0;0;0;0;0;0;1974;0;0;0;0;0;0;
31146;2219693;540844032;28344320;485146624;0;0;0;0;0;0;0;0;0;0;0;2254;0;0;0;0;0;0;
31147;4320513;540844032;28344320;485146624;0;0;0;0;0;0;0;0;0;0;0;1884;0;0;0;0;0;0;
31148;2240832;540844032;28344320;485146624;0;0;0;0;0;0;0;0;0;0;0;2385;0;0;0;0;0;0;
31149;4265038;540844032;28344320;485146624;0;0;0;0;0;0;0;0;0;0;0;2455;0;0;0;0;0;0;
31150;2443562;540844032;28344320;485146624;0;0;0;0;0;0;0;0;0;0;0;3186;0;0;0;0;0;0;
31151;4295446;540844032;28344320;485146624;0;0;0;0;0;0;0;0;0;0;0;2445;0;0;0;0;0;0;
31152;2277090;540844032;28344320;485146624;0;0;0;0;0;0;0;0;0;0;0;2936;0;0;0;0;0;0;
31153;4262924;540844032;28344320;485146624;0;0;0;0;0;0;0;0;0;0;0;2845;0;0;0;0;0;0;
31154;2353594;540844032;28344320;485146624;0;0;0;0;0;0;0;0;0;0;0;2825;0;0;0;0;0;0;
31155;4415621;540844032;28344320;485146624;0;0;0;0;0;0;0;0;0;0;0;2514;0;0;0;0;0;0;
31156;2243126;540844032;28344320;485146624;0;0;0;0;0;0;0;0;0;0;0;2424;0;0;0;0;0;0;
31157;4369214;540844032;28344320;485146624;0;0;0;0;0;0;0;0;0;0;0;2424;0;0;0;0;0;0;
31158;2483577;540844032;28344320;485146624;0;0;0;0;0;0;0;0;0;0;0;2394;0;0;0;0;0;0;
31159;4148901;540844032;28344320;485146624;0;0;0;0;0;0;0;0;0;0;0;2144;0;0;0;0;0;0;
31160;2019417;540844032;28344320;485146624;0;0;0;0;0;0;0;0;0;0;0;2164;0;0;0;0;0;0;
31161;4372120;540844032;28344320;485146624;0;0;0;0;0;0;0;0;0;0;0;2013;0;0;0;0;0;0;
31162;2150443;540844032;28344320;485146624;0;0;0;0;0;0;0;0;0;0;0;2675;0;0;0;0;0;0;
31163;4144993;540844032;28344320;485146624;0;0;0;0;0;0;0;0;0;0;0;2254;0;0;0;0;0;0;
31164;1798372;540844032;28344320;485146624;0;0;0;0;0;0;0;0;0;0;0;2144;0;0;0;0;0;0;
31165;4164039;540844032;28344320;485146624;0;0;0;0;0;0;0;0;0;0;0;1844;0;0;0;0;0;0;
31166;2125366;540844032;28344320;485146624;0;0;0;0;0;0;0;0;0;0;0;3697;0;0;0;0;0;0;
31167;4555173;540844032;28344320;485146624;0;0;0;0;0;0;0;0;0;0;0;3226;0;0;0;0;0;0;
31168;3478554;540844032;28344320;485146624;0;0;0;0;0;0;0;0;0;0;0;3757;0;0;0;0;0;0;
31169;4550003;540844032;28344320;485146624;0;0;0;0;0;0;0;0;0;0;0;2815;0;0;0;0;0;0;
31170;3034120;540844032;28344320;485146624;0;0;0;0;0;0;0;0;0;0;0;3216;0;0;0;0;0;0;
31171;4489970;540844032;28344320;485146624;0;0;0;0;0;0;0;0;0;0;0;3046;0;0;0;0;0;0;
31172;3393594;540844032;28344320;485146624;0;0;0;0;0;0;0;0;0;0;0;3717;0;0;0;0;0;0;
31173;4545895;540844032;28344320;485146624;0;0;0;0;0;0;0;0;0;0;0;3326;0;0;0;0;0;0;
31174;3109742;540844032;28344320;485146624;0;0;0;0;0;0;0;0;0;0;0;3416;0;0;0;0;0;0;
31175;4411012;540844032;28344320;485146624;0;0;0;0;0;0;0;0;0;0;0;3106;0;0;0;0;0;0;
31176;3033619;540844032;28344320;485146624;0;0;0;0;0;0;0;0;0;0;0;3096;0;0;0;0;0;0;
31177;4516881;540844032;28344320;485146624;0;0;0;0;0;0;0;0;0;0;0;3286;0;0;0;0;0;0;
31178;3210581;540844032;28344320;485146624;0;0;0;0;0;0;0;0;0;0;0;4017;0;0;0;0;0;0;
31179;4549171;540844032;28344320;485146624;0;0;0;0;0;0;0;0;0;0;0;3025;0;0;0;0;0;0;
31180;3402721;540844032;28344320;485146624;0;0;0;0;0;0;0;0;0;0;0;3706;0;0;0;0;0;0;
31181;4536828;540844032;28344320;485146624;0;0;0;0;0;0;0;0;0;0;0;3416;0;0;0;0;0;0;
31182;3299016;540844032;28344320;485146624;0;0;0;0;0;0;0;0;0;0;0;3517;0;0;0;0;0;0;
31183;4501231;540844032;28344320;485146624;0;0;0;0;0;0;0;0;0;0;0;3416;0;0;0;0;0;0;
31184;3366313;540844032;28344320;485146624;0;0;0;0;0;0;0;0;0;0;0;3216;0;0;0;0;0;0;
31185;4572405;540844032;28344320;485146624;0;0;0;0;0;0;0;0;0;0;0;2816;0;0;0;0;0;0;
31186;3292445;540844032;28344320;485146624;0;0;0;0;0;0;0;0;0;0;0;3967;0;0;0;0;0;0;
31187;4572605;540844032;28344320;485146624;0;0;0;0;0;0;0;0;0;0;0;3066;0;0;0;0;0;0;
31188;3216533;540844032;28344320;485146624;0;0;0;0;0;0;0;0;0;0;0;3446;0;0;0;0;0;0;
31189;4536448;540844032;28344320;485146624;0;0;0;0;0;0;0;0;0;0;0;2856;0;0;0;0;0;0;
31190;3329233;540844032;28344320;485146624;0;0;0;0;0;0;0;0;0;0;0;3457;0;0;0;0;0;0;
31191;4584237;540844032;28344320;485146624;0;0;0;0;0;0;0;0;0;0;0;3336;0;0;0;0;0;0;
31192;2963077;540844032;28344320;485146624;0;0;0;0;0;0;0;0;0;0;0;2525;0;0;0;0;0;0;
31193;4226496;540844032;28344320;485146624;0;0;0;0;0;0;0;0;0;0;0;2064;0;0;0;0;0;0;
31194;2190689;540844032;28344320;485146624;0;0;0;0;0;0;0;0;0;0;0;2275;0;0;0;0;0;0;
31195;4273104;540844032;28344320;485146624;0;0;0;0;0;0;0;0;0;0;0;2104;0;0;0;0;0;0;
31196;1918788;540844032;28344320;485146624;0;0;0;0;0;0;0;0;0;0;0;2354;0;0;0;0;0;0;
31197;4265760;540844032;28344320;485146624;0;0;0;0;0;0;0;0;0;0;0;1924;0;0;0;0;0;0;
31198;2010180;540844032;28344320;485146624;0;0;0;0;0;0;0;0;0;0;0;2284;0;0;0;0;0;0;
31199;4158669;540844032;28344320;485146624;0;0;0;0;0;0;0;0;0;0;0;2324;0;0;0;0;0;0;
31200;2091883;540844032;28344320;485146624;0;0;0;0;0;0;0;0;0;0;0;2535;0;0;0;0;0;0;
31201;4196110;540844032;28344320;485146624;0;0;0;0;0;0;0;0;0;0;0;2284;0;0;0;0;0;0;
31202;2047059;540844032;28344320;485146624;0;0;0;0;0;0;0;0;0;0;0;2505;0;0;0;0;0;0;
31203;4269266;540844032;28344320;485146624;0;0;0;0;0;0;0;0;0;0;0;1774;0;0;0;0;0;0;
31204;1969052;540844032;28344320;485146624;0;0;0;0;0;0;0;0;0;0;0;2134;0;0;0;0;0;0;
31205;4402086;540844032;28344320;485146624;0;0;0;0;0;0;0;0;0;0;0;1964;0;0;0;0;0;0;
31206;2427773;540844032;28344320;485146624;0;0;0;0;0;0;0;0;0;0;0;2655;0;0;0;0;0;0;
31207;4494989;540844032;28344320;485146624;0;0;0;0;0;0;0;0;0;0;0;2856;0;0;0;0;0;0;
31208;2866996;540844032;28344320;485146624;0;0;0;0;0;0;0;0;0;0;0;3065;0;0;0;0;0;0;
31209;4484190;540844032;28344320;485146624;0;0;0;0;0;0;0;0;0;0;0;2765;0;0;0;0;0;0;
31210;2956895;540844032;28344320;485146624;0;0;0;0;0;0;0;0;0;0;0;3136;0;0;0;0;0;0;
31211;4384953;540844032;28344320;485146624;0;0;0;0;0;0;0;0;0;0;0;3146;0;0;0;0;0;0;
31212;2718849;540844032;28344320;485146624;0;0;0;0;0;0;0;0;0;0;0;2564;0;0;0;0;0;0;
31213;4220415;540844032;28344320;485146624;0;0;0;0;0;0;0;0;0;0;0;1964;0;0;0;0;0;0;
31214;2170641;540844032;28344320;485146624;0;0;0;0;0;0;0;0;0;0;0;2215;0;0;0;0;0;0;
31215;4275197;540844032;28344320;485146624;0;0;0;0;0;0;0;0;0;0;0;2114;0;0;0;0;0;0;
31216;2112241;540844032;28344320;485146624;0;0;0;0;0;0;0;0;0;0;0;2825;0;0;0;0;0;0;
31217;4401214;540844032;28344320;485146624;0;0;0;0;0;0;0;0;0;0;0;2195;0;0;0;0;0;0;
31218;2143931;540844032;28344320;485146624;0;0;0;0;0;0;0;0;0;0;0;2675;0;0;0;0;0;0;
31219;4175581;540844032;28344320;485146624;0;0;0;0;0;0;0;0;0;0;0;2284;0;0;0;0;0;0;
31220;2013126;540844032;28344320;485146624;0;0;0;0;0;0;0;0;0;0;0;2445;0;0;0;0;0;0;
31221;4158890;540844032;28344320;485146624;0;0;0;0;0;0;0;0;0;0;0;2004;0;0;0;0;0;0;
31222;1967720;540844032;28344320;485146624;0;0;0;0;0;0;0;0;0;0;0;2595;0;0;0;0;0;0;
31223;4313189;540844032;28344320;485146624;0;0;0;0;0;0;0;0;0;0;0;2906;0;0;0;0;0;0;
31224;2045156;540844032;28344320;485146624;0;0;0;0;0;0;0;0;0;0;0;2445;0;0;0;0;0;0;
31225;4234451;540844032;28344320;485146624;0;0;0;0;0;0;0;0;0;0;0;2354;0;0;0;0;0;0;
31226;2057639;540844032;28344320;485146624;0;0;0;0;0;0;0;0;0;0;0;2484;0;0;0;0;0;0;
31227;4153008;540844032;28344320;485146624;0;0;0;0;0;0;0;0;0;0;0;2564;0;0;0;0;0;0;
31228;2208071;540844032;28344320;485146624;0;0;0;0;0;0;0;0;0;0;0;2645;0;0;0;0;0;0;
31229;4300786;540844032;28344320;485146624;0;0;0;0;0;0;0;0;0;0;0;2184;0;0;0;0;0;0;
31230;1990163;540844032;28344320;485146624;0;0;0;0;0;0;0;0;0;0;0;2454;0;0;0;0;0;0;
31231;4197272;540844032;28344320;485146624;0;0;0;0;0;0;0;0;0;0;0;2494;0;0;0;0;0;0;
31232;2051738;540844032;28344320;485146624;0;0;0;0;0;0;0;0;0;0;0;2365;0;0;0;0;0;0;
31233;4381157;540844032;28344320;485146624;0;0;0;0;0;0;0;0;0;0;0;1934;0;0;0;0;0;0;
31234;2411623;540844032;28344320;485146624;0;0;0;0;0;0;0;0;0;0;0;2635;0;0;0;0;0;0;
31235;4154421;540844032;28344320;485146624;0;0;0;0;0;0;0;0;0;0;0;2624;0;0;0;0;0;0;
31236;2366869;540844032;28344320;485146624;0;0;0;0;0;0;0;0;0;0;0;2955;0;0;0;0;0;0;
31237;4350790;540844032;28344320;485146624;0;0;0;0;0;0;0;0;0;0;0;2876;0;0;0;0;0;0;
31238;2917031;540844032;28344320;485146624;0;0;0;0;0;0;0;0;0;0;0;3256;0;0;0;0;0;0;
31239;4409750;540844032;28344320;485146624;0;0;0;0;0;0;0;0;0;0;0;3036;0;0;0;0;0;0;
31240;2803458;540844032;28344320;485146624;0;0;0;0;0;0;0;0;0;0;0;3516;0;0;0;0;0;0;
31241;4415601;540844032;28344320;485146624;0;0;0;0;0;0;0;0;0;0;0;2504;0;0;0;0;0;0;
31242;2885922;540844032;28344320;485146624;0;0;0;0;0;0;0;0;0;0;0;3066;0;0;0;0;0;0;
31243;4354255;540844032;28344320;485146624;0;0;0;0;0;0;0;0;0;0;0;2976;0;0;0;0;0;0;
31244;3098281;540844032;28344320;485146624;0;0;0;0;0;0;0;0;0;0;0;2955;0;0;0;0;0;0;
31245;4311255;540844032;28344320;485146624;0;0;0;0;0;0;0;0;0;0;0;2514;0;0;0;0;0;0;
31246;2881263;540844032;28344320;485146624;0;0;0;0;0;0;0;0;0;0;0;3136;0;0;0;0;0;0;
31247;4332395;540844032;28344320;485146624;0;0;0;0;0;0;0;0;0;0;0;2635;0;0;0;0;0;0;
31248;2893186;540844032;28344320;485146624;0;0;0;0;0;0;0;0;0;0;0;3166;0;0;0;0;0;0;
31249;4523363;540844032;28344320;485146624;0;0;0;0;0;0;0;0;0;0;0;3346;0;0;0;0;0;0;
31250;2859212;540844032;28344320;485146624;0;0;0;0;0;0;0;0;0;0;0;3506;0;0;0;0;0;0;
31251;4317988;540844032;28344320;485146624;0;0;0;0;0;0;0;0;0;0;0;2995;0;0;0;0;0;0;
31252;2430959;540844032;28344320;485146624;0;0;0;0;0;0;0;0;0;0;0;2445;0;0;0;0;0;0;
31253;4266912;540844032;28344320;485146624;0;0;0;0;0;0;0;0;0;0;0;2034;0;0;0;0;0;0;
31254;2154420;540844032;28344320;485146624;0;0;0;0;0;0;0;0;0;0;0;2796;0;0;0;0;0;0;
31255;4272192;540844032;28344320;485146624;0;0;0;0;0;0;0;0;0;0;0;2044;0;0;0;0;0;0;
31256;2198373;540844032;28344320;485146624;0;0;0;0;0;0;0;0;0;0;0;2415;0;0;0;0;0;0;
31257;4240132;540844032;28344320;485146624;0;0;0;0;0;0;0;0;0;0;0;2004;0;0;0;0;0;0;
31258;2089829;540844032;28344320;485146624;0;0;0;0;0;0;0;0;0;0;0;2625;0;0;0;0;0;0;
31259;4398699;540844032;28344320;485146624;0;0;0;0;0;0;0;0;0;0;0;1984;0;0;0;0;0;0;
31260;2272051;540844032;28344320;485146624;0;0;0;0;0;0;0;0;0;0;0;2324;0;0;0;0;0;0;
31261;4252085;540844032;28344320;485146624;0;0;0;0;0;0;0;0;0;0;0;2044;0;0;0;0;0;0;
31262;2153539;540844032;28344320;485146624;0;0;0;0;0;0;0;0;0;0;0;2985;0;0;0;0;0;0;
31263;4139243;540844032;28344320;485146624;0;0;0;0;0;0;0;0;0;0;0;2264;0;0;0;0;0;0;
31264;2074621;540844032;28344320;485146624;0;0;0;0;0;0;0;0;0;0;0;2245;0;0;0;0;0;0;
31265;4440077;540844032;28344320;485146624;0;0;0;0;0;0;0;0;0;0;0;1954;0;0;0;0;0;0;
31266;2351640;540844032;28344320;485146624;0;0;0;0;0;0;0;0;0;0;0;2936;0;0;0;0;0;0;
31267;4409309;540844032;28344320;485146624;0;0;0;0;0;0;0;0;0;0;0;3447;0;0;0;0;0;0;
31268;2934202;540844032;28344320;485146624;0;0;0;0;0;0;0;0;0;0;0;3607;0;0;0;0;0;0;
31269;4453322;540844032;28344320;485146624;0;0;0;0;0;0;0;0;0;0;0;2765;0;0;0;0;0;0;
31270;2456316;540844032;28344320;485146624;0;0;0;0;0;0;0;0;0;0;0;2484;0;0;0;0;0;0;
31271;4151576;540844032;28344320;485146624;0;0;0;0;0;0;0;0;0;0;0;2435;0;0;0;0;0;0;
31272;2143660;540844032;28344320;485146624;0;0;0;0;0;0;0;0;0;0;0;2284;0;0;0;0;0;0;
31273;4488908;540844032;28344320;485146624;0;0;0;0;0;0;0;0;0;0;0;1974;0;0;0;0;0;0;
31274;2110578;540844032;28344320;485146624;0;0;0;0;0;0;0;0;0;0;0;2284;0;0;0;0;0;0;
31275;4195368;540844032;28344320;485146624;0;0;0;0;0;0;0;0;0;0;0;2054;0;0;0;0;0;0;
31276;2266280;540844032;28344320;485146624;0;0;0;0;0;0;0;0;0;0;0;2254;0;0;0;0;0;0;
31277;4292280;540844032;28344320;485146624;0;0;0;0;0;0;0;0;0;0;0;1523;0;0;0;0;0;0;
31278;2225043;540844032;28344320;485146624;0;0;0;0;0;0;0;0;0;0;0;2675;0;0;0;0;0;0;
31279;4370666;540844032;28344320;485146624;0;0;0;0;0;0;0;0;0;0;0;2324;0;0;0;0;0;0;
31280;2100530;540844032;28344320;485146624;0;0;0;0;0;0;0;0;0;0;0;2124;0;0;0;0;0;0;
31281;4224582;540844032;28344320;485146624;0;0;0;0;0;0;0;0;0;0;0;2024;0;0;0;0;0;0;
31282;2235913;540844032;28344320;485146624;0;0;0;0;0;0;0;0;0;0;0;2686;0;0;0;0;0;0;
31283;4161885;540844032;28344320;485146624;0;0;0;0;0;0;0;0;0;0;0;2515;0;0;0;0;0;0;
31284;2090671;540844032;28344320;485146624;0;0;0;0;0;0;0;0;0;0;0;2275;0;0;0;0;0;0;
31285;4274466;540844032;28344320;485146624;0;0;0;0;0;0;0;0;0;0;0;2084;0;0;0;0;0;0;
31286;2228700;540844032;28344320;485146624;0;0;0;0;0;0;0;0;0;0;0;2345;0;0;0;0;0;0;
31287;4135997;540844032;28344320;485146624;0;0;0;0;0;0;0;0;0;0;0;2134;0;0;0;0;0;0;
31288;2531357;540844032;28344320;485146624;0;0;0;0;0;0;0;0;0;0;0;2234;0;0;0;0;0;0;
31289;4292310;540844032;28344320;485146624;0;0;0;0;0;0;0;0;0;0;0;2043;0;0;0;0;0;0;
31290;2179007;540844032;28344320;485146624;0;0;0;0;0;0;0;0;0;0;0;2264;0;0;0;0;0;0;
31291;4255651;540844032;28344320;485146624;0;0;0;0;0;0;0;0;0;0;0;2615;0;0;0;0;0;0;
31292;2105649;540844032;28344320;485146624;0;0;0;0;0;0;0;0;0;0;0;2524;0;0;0;0;0;0;
31293;4208913;540844032;28344320;485146624;0;0;0;0;0;0;0;0;0;0;0;2224;0;0;0;0;0;0;
31294;2144312;540844032;28344320;485146624;0;0;0;0;0;0;0;0;0;0;0;2134;0;0;0;0;0;0;
31295;4322887;540844032;28344320;485146624;0;0;0;0;0;0;0;0;0;0;0;2475;0;0;0;0;0;0;
31296;2211237;540844032;28344320;485146624;0;0;0;0;0;0;0;0;0;0;0;2756;0;0;0;0;0;0;
31297;4417614;540844032;28344320;485146624;0;0;0;0;0;0;0;0;0;0;0;1793;0;0;0;0;0;0;
31298;2259938;540844032;28344320;485146624;0;0;0;0;0;0;0;0;0;0;0;2765;0;0;0;0;0;0;
31299;4268846;540844032;28344320;485146624;0;0;0;0;0;0;0;0;0;0;0;1974;0;0;0;0;0;0;
31300;2226856;540844032;28344320;485146624;0;0;0;0;0;0;0;0;0;0;0;2053;0;0;0;0;0;0;
31301;4233980;540844032;28344320;485146624;0;0;0;0;0;0;0;0;0;0;0;1994;0;0;0;0;0;0;
31302;2551405;540844032;28344320;485146624;0;0;0;0;0;0;0;0;0;0;0;3527;0;0;0;0;0;0;
31303;4515298;540844032;28344320;485146624;0;0;0;0;0;0;0;0;0;0;0;3056;0;0;0;0;0;0;
31304;3491699;540844032;28344320;485146624;0;0;0;0;0;0;0;0;0;0;0;3597;0;0;0;0;0;0;
31305;4905710;540844032;28344320;485146624;0;0;0;0;0;0;0;0;0;0;0;3257;0;0;0;0;0;0;
31306;3275092;540844032;28344320;485146624;0;0;0;0;0;0;0;0;0;0;0;3667;0;0;0;0;0;0;
31307;4693833;540844032;28344320;485146624;0;0;0;0;0;0;0;0;0;0;0;3347;0;0;0;0;0;0;
31308;3298375;540844032;28344320;485146624;0;0;0;0;0;0;0;0;0;0;0;3226;0;0;0;0;0;0;
31309;4516059;540844032;28344320;485146624;0;0;0;0;0;0;0;0;0;0;0;2064;0;0;0;0;0;0;
31310;2070643;540844032;28344320;485146624;0;0;0;0;0;0;0;0;0;0;0;2715;0;0;0;0;0;0;
31311;4226196;540844032;28344320;485146624;0;0;0;0;0;0;0;0;0;0;0;2304;0;0;0;0;0;0;
31312;2275418;540844032;28344320;485146624;0;0;0;0;0;0;0;0;0;0;0;2515;0;0;0;0;0;0;
31313;4202431;540844032;28344320;485146624;0;0;0;0;0;0;0;0;0;0;0;2014;0;0;0;0;0;0;
31314;2141366;540844032;28344320;485146624;0;0;0;0;0;0;0;0;0;0;0;2585;0;0;0;0;0;0;
31315;4236726;540844032;28344320;485146624;0;0;0;0;0;0;0;0;0;0;0;2334;0;0;0;0;0;0;
31316;2213030;540844032;28344320;485146624;0;0;0;0;0;0;0;0;0;0;0;2565;0;0;0;0;0;0;
31317;4446900;540844032;28344320;485146624;0;0;0;0;0;0;0;0;0;0;0;1904;0;0;0;0;0;0;
31318;2216517;540844032;28344320;485146624;0;0;0;0;0;0;0;0;0;0;0;2384;0;0;0;0;0;0;
31319;4466116;540844032;28344320;485146624;0;0;0;0;0;0;0;0;0;0;0;2344;0;0;0;0;0;0;
31320;2286928;540844032;28344320;485146624;0;0;0;0;0;0;0;0;0;0;0;2234;0;0;0;0;0;0;
31321;4440708;540844032;28344320;485146624;0;0;0;0;0;0;0;0;0;0;0;1753;0;0;0;0;0;0;
31322;2094218;540844032;28344320;485146624;0;0;0;0;0;0;0;0;0;0;0;2475;0;0;0;0;0;0;
31323;4163569;540844032;28344320;485146624;0;0;0;0;0;0;0;0;0;0;0;2334;0;0;0;0;0;0;
31324;2578786;540844032;28344320;485146624;0;0;0;0;0;0;0;0;0;0;0;3426;0;0;0;0;0;0;
31325;4598655;540844032;28344320;485146624;0;0;0;0;0;0;0;0;0;0;0;3096;0;0;0;0;0;0;
31326;3428570;540844032;28344320;485146624;0;0;0;0;0;0;0;0;0;0;0;3637;0;0;0;0;0;0;
31327;4631225;540844032;28344320;485146624;0;0;0;0;0;0;0;0;0;0;0;3016;0;0;0;0;0;0;
31328;3545469;540844032;28344320;485146624;0;0;0;0;0;0;0;0;0;0;0;3266;0;0;0;0;0;0;
31329;4632047;540844032;28344320;485146624;0;0;0;0;0;0;0;0;0;0;0;2885;0;0;0;0;0;0;
31330;3680162;540844032;28344320;485146624;0;0;0;0;0;0;0;0;0;0;0;3196;0;0;0;0;0;0;
31331;4745159;540844032;28344320;485146624;0;0;0;0;0;0;0;0;0;0;0;3476;0;0;0;0;0;0;
31332;3577660;540844032;28344320;485146624;0;0;0;0;0;0;0;0;0;0;0;3306;0;0;0;0;0;0;
31333;4562056;540844032;28344320;485146624;0;0;0;0;0;0;0;0;0;0;0;3496;0;0;0;0;0;0;
31334;3536061;540844032;28344320;485146624;0;0;0;0;0;0;0;0;0;0;0;3085;0;0;0;0;0;0;
31335;4286098;540844032;28344320;485146624;0;0;0;0;0;0;0;0;0;0;0;2715;0;0;0;0;0;0;
31336;2997962;540844032;28344320;485146624;0;0;0;0;0;0;0;0;0;0;0;3186;0;0;0;0;0;0;
31337;4584488;540844032;28344320;485146624;0;0;0;0;0;0;0;0;0;0;0;2325;0;0;0;0;0;0;
31338;2575801;540844032;28344320;485146624;0;0;0;0;0;0;0;0;0;0;0;3637;0;0;0;0;0;0;
31339;4275097;540844032;28344320;485146624;0;0;0;0;0;0;0;0;0;0;0;2044;0;0;0;0;0;0;
31340;2106050;540844032;28344320;485146624;0;0;0;0;0;0;0;0;0;0;0;2354;0;0;0;0;0;0;
31341;4283583;540844032;28344320;485146624;0;0;0;0;0;0;0;0;0;0;0;2364;0;0;0;0;0;0;
31342;2412474;540844032;28344320;485146624;0;0;0;0;0;0;0;0;0;0;0;2895;0;0;0;0;0;0;
31343;4266141;540844032;28344320;485146624;0;0;0;0;0;0;0;0;0;0;0;2655;0;0;0;0;0;0;
31344;2583445;540844032;28344320;485146624;0;0;0;0;0;0;0;0;0;0;0;3346;0;0;0;0;0;0;
31345;4607561;540844032;28344320;485146624;0;0;0;0;0;0;0;0;0;0;0;3036;0;0;0;0;0;0;
31346;3972209;540844032;28344320;485146624;0;0;0;0;0;0;0;0;0;0;0;3477;0;0;0;0;0;0;
31347;4597251;540844032;28344320;485146624;0;0;0;0;0;0;0;0;0;0;0;3456;0;0;0;0;0;0;
31348;3776683;540844032;28344320;485146624;0;0;0;0;0;0;0;0;0;0;0;3687;0;0;0;0;0;0;
31349;4613381;540844032;28344320;485146624;0;0;0;0;0;0;0;0;0;0;0;3206;0;0;0;0;0;0;
31350;4040277;540844032;28344320;485146624;0;0;0;0;0;0;0;0;0;0;0;3116;0;0;0;0;0;0;
31351;4505610;540844032;28344320;485146624;0;0;0;0;0;0;0;0;0;0;0;3206;0;0;0;0;0;0;
31352;3799947;540844032;28344320;485146624;0;0;0;0;0;0;0;0;0;0;0;3467;0;0;0;0;0;0;
31353;4584958;540844032;28344320;485146624;0;0;0;0;0;0;0;0;0;0;0;3026;0;0;0;0;0;0;
31354;3599450;540844032;28344320;485146624;0;0;0;0;0;0;0;0;0;0;0;2194;0;0;0;0;0;0;
31355;4358915;540844032;28344320;485146624;0;0;0;0;0;0;0;0;0;0;0;2244;0;0;0;0;0;0;
31356;2408507;540844032;28344320;485146624;0;0;0;0;0;0;0;0;0;0;0;2726;0;0;0;0;0;0;
31357;4314862;540844032;28344320;485146624;0;0;0;0;0;0;0;0;0;0;0;2585;0;0;0;0;0;0;
31358;2337714;540844032;28344320;485146624;0;0;0;0;0;0;0;0;0;0;0;2785;0;0;0;0;0;0;
31359;4302800;540844032;28344320;485146624;0;0;0;0;0;0;0;0;0;0;0;2365;0;0;0;0;0;0;
31360;2249659;540844032;28344320;485146624;0;0;0;0;0;0;0;0;0;0;0;3277;0;0;0;0;0;0;
31361;4326574;540844032;28344320;485146624;0;0;0;0;0;0;0;0;0;0;0;2234;0;0;0;0;0;0;
31362;2245712;540844032;28344320;485146624;0;0;0;0;0;0;0;0;0;0;0;2846;0;0;0;0;0;0;
31363;4207060;540844032;28344320;485146624;0;0;0;0;0;0;0;0;0;0;0;2415;0;0;0;0;0;0;
31364;2316444;540844032;28344320;485146624;0;0;0;0;0;0;0;0;0;0;0;2795;0;0;0;0;0;0;
31365;4279015;540844032;28344320;485146624;0;0;0;0;0;0;0;0;0;0;0;2124;0;0;0;0;0;0;
31366;2304793;540844032;28344320;485146624;0;0;0;0;0;0;0;0;0;0;0;2745;0;0;0;0;0;0;
31367;4323739;540844032;28344320;485146624;0;0;0;0;0;0;0;0;0;0;0;2204;0;0;0;0;0;0;
31368;2802365;540844032;28344320;485146624;0;0;0;0;0;0;0;0;0;0;0;2595;0;0;0;0;0;0;
31369;4299423;540844032;28344320;485146624;0;0;0;0;0;0;0;0;0;0;0;1903;0;0;0;0;0;0;
31370;2941336;540844032;28344320;485146624;0;0;0;0;0;0;0;0;0;0;0;3616;0;0;0;0;0;0;
31371;4802807;540844032;28344320;485146624;0;0;0;0;0;0;0;0;0;0;0;3477;0;0;0;0;0;0;
31372;2712367;540844032;28344320;485146624;0;0;0;0;0;0;0;0;0;0;0;3105;0;0;0;0;0;0;
31373;4425370;540844032;28344320;485146624;0;0;0;0;0;0;0;0;0;0;0;2995;0;0;0;0;0;0;
31374;2639881;540844032;28344320;485146624;0;0;0;0;0;0;0;0;0;0;0;2976;0;0;0;0;0;0;
31375;4333257;540844032;28344320;485146624;0;0;0;0;0;0;0;0;0;0;0;3086;0;0;0;0;0;0;
31376;2760637;540844032;28344320;485146624;0;0;0;0;0;0;0;0;0;0;0;3156;0;0;0;0;0;0;
31377;4631966;540844032;28344320;485146624;0;0;0;0;0;0;0;0;0;0;0;2905;0;0;0;0;0;0;
31378;2840437;540844032;28344320;485146624;0;0;0;0;0;0;0;0;0;0;0;3216;0;0;0;0;0;0;
31379;4348125;540844032;28344320;485146624;0;0;0;0;0;0;0;0;0;0;0;2555;0;0;0;0;0;0;
31380;2812314;540844032;28344320;485146624;0;0;0;0;0;0;0;0;0;0;0;2745;0;0;0;0;0;0;
31381;4431380;540844032;28344320;485146624;0;0;0;0;0;0;0;0;0;0;0;2544;0;0;0;0;0;0;
31382;2803227;540844032;28344320;485146624;0;0;0;0;0;0;0;0;0;0;0;2384;0;0;0;0;0;0;
31383;4303280;540844032;28344320;485146624;0;0;0;0;0;0;0;0;0;0;0;2494;0;0;0;0;0;0;
31384;2815791;540844032;28344320;485146624;0;0;0;0;0;0;0;0;0;0;0;2565;0;0;0;0;0;0;
31385;4532240;540844032;28344320;485146624;0;0;0;0;0;0;0;0;0;0;0;2705;0;0;0;0;0;0;
31386;3003783;540844032;28344320;485146624;0;0;0;0;0;0;0;0;0;0;0;2805;0;0;0;0;0;0;
31387;4525557;540844032;28344320;485146624;0;0;0;0;0;0;0;0;0;0;0;2765;0;0;0;0;0;0;
31388;2878258;540844032;28344320;485146624;0;0;0;0;0;0;0;0;0;0;0;2665;0;0;0;0;0;0;
31389;4454624;540844032;28344320;485146624;0;0;0;0;0;0;0;0;0;0;0;2465;0;0;0;0;0;0;
31390;2814318;540844032;28344320;485146624;0;0;0;0;0;0;0;0;0;0;0;2625;0;0;0;0;0;0;
31391;4421101;540844032;28344320;485146624;0;0;0;0;0;0;0;0;0;0;0;2605;0;0;0;0;0;0;
31392;2797317;540844032;28344320;485146624;0;0;0;0;0;0;0;0;0;0;0;3286;0;0;0;0;0;0;
31393;4439406;540844032;28344320;485146624;0;0;0;0;0;0;0;0;0;0;0;2364;0;0;0;0;0;0;
31394;2836549;540844032;28344320;485146624;0;0;0;0;0;0;0;0;0;0;0;2785;0;0;0;0;0;0;
31395;4701307;540844032;28344320;485146624;0;0;0;0;0;0;0;0;0;0;0;2745;0;0;0;0;0;0;
31396;2934333;540844032;28344320;485146624;0;0;0;0;0;0;0;0;0;0;0;2745;0;0;0;0;0;0;
31397;4674045;540844032;28344320;485146624;0;0;0;0;0;0;0;0;0;0;0;2695;0;0;0;0;0;0;
31398;2912051;540844032;28344320;485146624;0;0;0;0;0;0;0;0;0;0;0;3467;0;0;0;0;0;0;
31399;4459523;540844032;28344320;485146624;0;0;0;0;0;0;0;0;0;0;0;2875;0;0;0;0;0;0;
31400;3001519;540844032;28344320;485146624;0;0;0;0;0;0;0;0;0;0;0;3086;0;0;0;0;0;0;
31401;4429457;540844032;28344320;485146624;0;0;0;0;0;0;0;0;0;0;0;2835;0;0;0;0;0;0;
31402;2994395;540844032;28344320;485146624;0;0;0;0;0;0;0;0;0;0;0;3045;0;0;0;0;0;0;
31403;4504538;540844032;28344320;485146624;0;0;0;0;0;0;0;0;0;0;0;3076;0;0;0;0;0;0;
31404;3028069;540844032;28344320;485146624;0;0;0;0;0;0;0;0;0;0;0;3056;0;0;0;0;0;0;
31405;4433154;540844032;28344320;485146624;0;0;0;0;0;0;0;0;0;0;0;2785;0;0;0;0;0;0;
31406;2950073;540844032;28344320;485146624;0;0;0;0;0;0;0;0;0;0;0;2925;0;0;0;0;0;0;
31407;4510429;540844032;28344320;485146624;0;0;0;0;0;0;0;0;0;0;0;2966;0;0;0;0;0;0;
31408;3249494;540844032;28344320;485146624;0;0;0;0;0;0;0;0;0;0;0;3607;0;0;0;0;0;0;
31409;4545935;540844032;28344320;485146624;0;0;0;0;0;0;0;0;0;0;0;2885;0;0;0;0;0;0;
31410;3049399;540844032;28344320;485146624;0;0;0;0;0;0;0;0;0;0;0;3166;0;0;0;0;0;0;
31411;4430739;540844032;28344320;485146624;0;0;0;0;0;0;0;0;0;0;0;2955;0;0;0;0;0;0;
31412;3059718;540844032;28344320;485146624;0;0;0;0;0;0;0;0;0;0;0;2826;0;0;0;0;0;0;
31413;4557668;540844032;28344320;485146624;0;0;0;0;0;0;0;0;0;0;0;2745;0;0;0;0;0;0;
31414;3067893;540844032;28344320;485146624;0;0;0;0;0;0;0;0;0;0;0;3166;0;0;0;0;0;0;
31415;4616628;540844032;28344320;485146624;0;0;0;0;0;0;0;0;0;0;0;3216;0;0;0;0;0;0;
31416;3431386;540844032;28344320;485146624;0;0;0;0;0;0;0;0;0;0;0;3086;0;0;0;0;0;0;
31417;4614133;540844032;28344320;485146624;0;0;0;0;0;0;0;0;0;0;0;2685;0;0;0;0;0;0;
31418;3216762;540844032;28344320;485146624;0;0;0;0;0;0;0;0;0;0;0;3958;0;0;0;0;0;0;
31419;4576803;540844032;28344320;485146624;0;0;0;0;0;0;0;0;0;0;0;3066;0;0;0;0;0;0;
31420;3262789;540844032;28344320;485146624;0;0;0;0;0;0;0;0;0;0;0;3416;0;0;0;0;0;0;
31421;4520247;540844032;28344320;485146624;0;0;0;0;0;0;0;0;0;0;0;2504;0;0;0;0;0;0;
31422;12082990;540844032;28344320;485146624;0;0;0;0;0;0;0;0;0;0;0;3727;0;0;0;0;0;0;
31423;4622629;540844032;28344320;485146624;0;0;0;0;0;0;0;0;0;0;0;3166;0;0;0;0;0;0;
31424;2867989;540844032;28344320;485146624;0;0;0;0;0;0;0;0;0;0;0;2635;0;0;0;0;0;0;
31425;4536828;540844032;28344320;485146624;0;0;0;0;0;0;0;0;0;0;0;2484;0;0;0;0;0;0;
31426;2746340;540844032;28344320;485146624;0;0;0;0;0;0;0;0;0;0;0;2755;0;0;0;0;0;0;
31427;4504017;540844032;28344320;485146624;0;0;0;0;0;0;0;0;0;0;0;2524;0;0;0;0;0;0;
31428;2705905;540844032;28344320;485146624;0;0;0;0;0;0;0;0;0;0;0;2975;0;0;0;0;0;0;
31429;4384152;540844032;28344320;485146624;0;0;0;0;0;0;0;0;0;0;0;2425;0;0;0;0;0;0;
31430;2722847;540844032;28344320;485146624;0;0;0;0;0;0;0;0;0;0;0;2916;0;0;0;0;0;0;
31431;4326514;540844032;28344320;485146624;0;0;0;0;0;0;0;0;0;0;0;2695;0;0;0;0;0;0;
31432;2706135;540844032;28344320;485146624;0;0;0;0;0;0;0;0;0;0;0;2765;0;0;0;0;0;0;
31433;4681970;540844032;28344320;485146624;0;0;0;0;0;0;0;0;0;0;0;2324;0;0;0;0;0;0;
31434;2718448;540844032;28344320;485146624;0;0;0;0;0;0;0;0;0;0;0;2935;0;0;0;0;0;0;
31435;4339188;540844032;28344320;485146624;0;0;0;0;0;0;0;0;0;0;0;2665;0;0;0;0;0;0;
31436;3249063;540844032;28344320;485146624;0;0;0;0;0;0;0;0;0;0;0;3497;0;0;0;0;0;0;
31437;4610587;540844032;28344320;485146624;0;0;0;0;0;0;0;0;0;0;0;2935;0;0;0;0;0;0;
31438;2992883;540844032;28344320;485146624;0;0;0;0;0;0;0;0;0;0;0;2765;0;0;0;0;0;0;
31439;4394180;540844032;28344320;485146624;0;0;0;0;0;0;0;0;0;0;0;2856;0;0;0;0;0;0;
31440;2789130;540844032;28344320;485146624;0;0;0;0;0;0;0;0;0;0;0;3116;0;0;0;0;0;0;
31441;4390554;540844032;28344320;485146624;0;0;0;0;0;0;0;0;0;0;0;2755;0;0;0;0;0;0;
31442;2806984;540844032;28344320;485146624;0;0;0;0;0;0;0;0;0;0;0;3006;0;0;0;0;0;0;
31443;4476576;540844032;28344320;485146624;0;0;0;0;0;0;0;0;0;0;0;2575;0;0;0;0;0;0;
31444;2703240;540844032;28344320;485146624;0;0;0;0;0;0;0;0;0;0;0;2756;0;0;0;0;0;0;
31445;4362993;540844032;28344320;485146624;0;0;0;0;0;0;0;0;0;0;0;2514;0;0;0;0;0;0;
31446;2633398;540844032;28344320;485146624;0;0;0;0;0;0;0;0;0;0;0;3076;0;0;0;0;0;0;
31447;4405442;540844032;28344320;485146624;0;0;0;0;0;0;0;0;0;0;0;2665;0;0;0;0;0;0;
31448;2651984;540844032;28344320;485146624;0;0;0;0;0;0;0;0;0;0;0;2805;0;0;0;0;0;0;
31449;4436510;540844032;28344320;485146624;0;0;0;0;0;0;0;0;0;0;0;2725;0;0;0;0;0;0;
31450;2655590;540844032;28344320;485146624;0;0;0;0;0;0;0;0;0;0;0;3056;0;0;0;0;0;0;
31451;4408768;540844032;28344320;485146624;0;0;0;0;0;0;0;0;0;0;0;2695;0;0;0;0;0;0;
31452;3082851;540844032;28344320;485146624;0;0;0;0;0;0;0;0;0;0;0;2655;0;0;0;0;0;0;
31453;4598774;540844032;28344320;485146624;0;0;0;0;0;0;0;0;0;0;0;2545;0;0;0;0;0;0;
31454;3080858;540844032;28344320;485146624;0;0;0;0;0;0;0;0;0;0;0;3156;0;0;0;0;0;0;
31455;4546867;540844032;28344320;485146624;0;0;0;0;0;0;0;0;0;0;0;2956;0;0;0;0;0;0;
31456;3194220;540844032;28344320;485146624;0;0;0;0;0;0;0;0;0;0;0;3246;0;0;0;0;0;0;
31457;4681429;540844032;28344320;485146624;0;0;0;0;0;0;0;0;0;0;0;2996;0;0;0;0;0;0;
31458;3275482;540844032;28344320;485146624;0;0;0;0;0;0;0;0;0;0;0;3626;0;0;0;0;0;0;
31459;4471696;540844032;28344320;485146624;0;0;0;0;0;0;0;0;0;0;0;3386;0;0;0;0;0;0;
31460;3182698;540844032;28344320;485146624;0;0;0;0;0;0;0;0;0;0;0;3056;0;0;0;0;0;0;
31461;4457229;540844032;28344320;485146624;0;0;0;0;0;0;0;0;0;0;0;2745;0;0;0;0;0;0;
31462;3098952;540844032;28344320;485146624;0;0;0;0;0;0;0;0;0;0;0;2886;0;0;0;0;0;0;
31463;4580801;540844032;28344320;485146624;0;0;0;0;0;0;0;0;0;0;0;3156;0;0;0;0;0;0;
31464;3304578;540844032;28344320;485146624;0;0;0;0;0;0;0;0;0;0;0;3136;0;0;0;0;0;0;
31465;4560813;540844032;28344320;485146624;0;0;0;0;0;0;0;0;0;0;0;3316;0;0;0;0;0;0;
31466;3172500;540844032;28344320;485146624;0;0;0;0;0;0;0;0;0;0;0;3337;0;0;0;0;0;0;
31467;4509437;540844032;28344320;485146624;0;0;0;0;0;0;0;0;0;0;0;3737;0;0;0;0;0;0;
31468;3231710;540844032;28344320;485146624;0;0;0;0;0;0;0;0;0;0;0;3767;0;0;0;0;0;0;
31469;4517321;540844032;28344320;485146624;0;0;0;0;0;0;0;0;0;0;0;3276;0;0;0;0;0;0;
31470;3099402;540844032;28344320;485146624;0;0;0;0;0;0;0;0;0;0;0;3346;0;0;0;0;0;0;
31471;4507774;540844032;28344320;485146624;0;0;0;0;0;0;0;0;0;0;0;3206;0;0;0;0;0;0;
31472;3200292;540844032;28344320;485146624;0;0;0;0;0;0;0;0;0;0;0;3377;0;0;0;0;0;0;
31473;4598033;540844032;28344320;485146624;0;0;0;0;0;0;0;0;0;0;0;2715;0;0;0;0;0;0;
31474;3259653;540844032;28344320;485146624;0;0;0;0;0;0;0;0;0;0;0;3457;0;0;0;0;0;0;
31475;4509076;540844032;28344320;485146624;0;0;0;0;0;0;0;0;0;0;0;3256;0;0;0;0;0;0;
31476;3172299;540844032;28344320;485146624;0;0;0;0;0;0;0;0;0;0;0;3216;0;0;0;0;0;0;
31477;4447721;540844032;28344320;485146624;0;0;0;0;0;0;0;0;0;0;0;3266;0;0;0;0;0;0;
31478;2703620;540844032;28344320;485146624;0;0;0;0;0;0;0;0;0;0;0;2715;0;0;0;0;0;0;
31479;4656062;540844032;28344320;485146624;0;0;0;0;0;0;0;0;0;0;0;3116;0;0;0;0;0;0;
31480;2933892;540844032;28344320;485146624;0;0;0;0;0;0;0;0;0;0;0;2865;0;0;0;0;0;0;
31481;4355088;540844032;28344320;485146624;0;0;0;0;0;0;0;0;0;0;0;2495;0;0;0;0;0;0;
31482;2830278;540844032;28344320;485146624;0;0;0;0;0;0;0;0;0;0;0;2705;0;0;0;0;0;0;
31483;4352933;540844032;28344320;485146624;0;0;0;0;0;0;0;0;0;0;0;2465;0;0;0;0;0;0;
31484;2864883;540844032;28344320;485146624;0;0;0;0;0;0;0;0;0;0;0;3266;0;0;0;0;0;0;
31485;4454133;540844032;28344320;485146624;0;0;0;0;0;0;0;0;0;0;0;2505;0;0;0;0;0;0;
31486;2664847;540844032;28344320;485146624;0;0;0;0;0;0;0;0;0;0;0;2495;0;0;0;0;0;0;
31487;4496492;540844032;28344320;485146624;0;0;0;0;0;0;0;0;0;0;0;2785;0;0;0;0;0;0;
31488;3468194;540844032;28344320;485146624;0;0;0;0;0;0;0;0;0;0;0;3667;0;0;0;0;0;0;
31489;4689044;540844032;28344320;485146624;0;0;0;0;0;0;0;0;0;0;0;3176;0;0;0;0;0;0;
31490;3970236;540844032;28344320;485146624;0;0;0;0;0;0;0;0;0;0;0;4047;0;0;0;0;0;0;
31491;4702609;540844032;28344320;485146624;0;0;0;0;0;0;0;0;0;0;0;4118;0;0;0;0;0;0;
31492;3015425;540844032;28344320;485146624;0;0;0;0;0;0;0;0;0;0;0;2715;0;0;0;0;0;0;
31493;4473069;540844032;28344320;485146624;0;0;0;0;0;0;0;0;0;0;0;2625;0;0;0;0;0;0;
31494;2845547;540844032;28344320;485146624;0;0;0;0;0;0;0;0;0;0;0;3056;0;0;0;0;0;0;
31495;4287050;540844032;28344320;485146624;0;0;0;0;0;0;0;0;0;0;0;2955;0;0;0;0;0;0;
31496;2699353;540844032;28344320;485146624;0;0;0;0;0;0;0;0;0;0;0;3186;0;0;0;0;0;0;
31497;4340029;540844032;28344320;485146624;0;0;0;0;0;0;0;0;0;0;0;2665;0;0;0;0;0;0;
31498;2964169;540844032;28344320;485146624;0;0;0;0;0;0;0;0;0;0;0;3356;0;0;0;0;0;0;
31499;4532009;540844032;28344320;485146624;0;0;0;0;0;0;0;0;0;0;0;3036;0;0;0;0;0;0;
31500;2699583;540844032;28344320;485146624;0;0;0;0;0;0;0;0;0;0;0;2615;0;0;0;0;0;0;
31501;4461888;540844032;28344320;485146624;0;0;0;0;0;0;0;0;0;0;0;2475;0;0;0;0;0;0;
31502;2782639;540844032;28344320;485146624;0;0;0;0;0;0;0;0;0;0;0;2876;0;0;0;0;0;0;
31503;4384923;540844032;28344320;485146624;0;0;0;0;0;0;0;0;0;0;0;2235;0;0;0;0;0;0;
31504;2633890;540844032;28344320;485146624;0;0;0;0;0;0;0;0;0;0;0;2465;0;0;0;0;0;0;
31505;4415631;540844032;28344320;485146624;0;0;0;0;0;0;0;0;0;0;0;2475;0;0;0;0;0;0;
31506;3217995;540844032;28344320;485146624;0;0;0;0;0;0;0;0;0;0;0;3406;0;0;0;0;0;0;
31507;4474511;540844032;28344320;485146624;0;0;0;0;0;0;0;0;0;0;0;2876;0;0;0;0;0;0;
31508;2724479;540844032;28344320;485146624;0;0;0;0;0;0;0;0;0;0;0;2805;0;0;0;0;0;0;
31509;4350209;540844032;28344320;485146624;0;0;0;0;0;0;0;0;0;0;0;2535;0;0;0;0;0;0;
31510;2687620;540844032;28344320;485146624;0;0;0;0;0;0;0;0;0;0;0;3046;0;0;0;0;0;0;
31511;4418656;540844032;28344320;485146624;0;0;0;0;0;0;0;0;0;0;0;2916;0;0;0;0;0;0;
31512;2759054;540844032;28344320;485146624;0;0;0;0;0;0;0;0;0;0;0;11151;0;0;0;0;0;0;
31513;4705305;540844032;28344320;485146624;0;0;0;0;0;0;0;0;0;0;0;2945;0;0;0;0;0;0;
31514;2615014;540844032;28344320;485146624;0;0;0;0;0;0;0;0;0;0;0;2765;0;0;0;0;0;0;
31515;4326493;540844032;28344320;485146624;0;0;0;0;0;0;0;0;0;0;0;3005;0;0;0;0;0;0;
31516;2772259;540844032;28344320;485146624;0;0;0;0;0;0;0;0;0;0;0;3256;0;0;0;0;0;0;
31517;4384062;540844032;28344320;485146624;0;0;0;0;0;0;0;0;0;0;0;2935;0;0;0;0;0;0;
31518;2755277;540844032;28344320;485146624;0;0;0;0;0;0;0;0;0;0;0;2725;0;0;0;0;0;0;
31519;4429968;540844032;28344320;485146624;0;0;0;0;0;0;0;0;0;0;0;2766;0;0;0;0;0;0;
31520;2624903;540844032;28344320;485146624;0;0;0;0;0;0;0;0;0;0;0;2815;0;0;0;0;0;0;
31521;4464744;540844032;28344320;485146624;0;0;0;0;0;0;0;0;0;0;0;2545;0;0;0;0;0;0;
31522;2727385;540844032;28344320;485146624;0;0;0;0;0;0;0;0;0;0;0;2585;0;0;0;0;0;0;
31523;4544142;540844032;28344320;485146624;0;0;0;0;0;0;0;0;0;0;0;2544;0;0;0;0;0;0;
31524;2593624;540844032;28344320;485146624;0;0;0;0;0;0;0;0;0;0;0;3075;0;0;0;0;0;0;
31525;4384222;540844032;28344320;485146624;0;0;0;0;0;0;0;0;0;0;0;2595;0;0;0;0;0;0;
31526;2661111;540844032;28344320;485146624;0;0;0;0;0;0;0;0;0;0;0;2815;0;0;0;0;0;0;
31527;4487626;540844032;28344320;485146624;0;0;0;0;0;0;0;0;0;0;0;2575;0;0;0;0;0;0;
31528;2827984;540844032;28344320;485146624;0;0;0;0;0;0;0;0;0;0;0;2634;0;0;0;0;0;0;
31529;4492004;540844032;28344320;485146624;0;0;0;0;0;0;0;0;0;0;0;2545;0;0;0;0;0;0;
31530;2745789;540844032;28344320;485146624;0;0;0;0;0;0;0;0;0;0;0;2885;0;0;0;0;0;0;
31531;4378722;540844032;28344320;485146624;0;0;0;0;0;0;0;0;0;0;0;2525;0;0;0;0;0;0;
31532;2665669;540844032;28344320;485146624;0;0;0;0;0;0;0;0;0;0;0;2194;0;0;0;0;0;0;
31533;4391506;540844032;28344320;485146624;0;0;0;0;0;0;0;0;0;0;0;3035;0;0;0;0;0;0;
31534;2865765;540844032;28344320;485146624;0;0;0;0;0;0;0;0;0;0;0;2805;0;0;0;0;0;0;
31535;4673384;540844032;28344320;485146624;0;0;0;0;0;0;0;0;0;0;0;3336;0;0;0;0;0;0;
31536;2950093;540844032;28344320;485146624;0;0;0;0;0;0;0;0;0;0;0;2515;0;0;0;0;0;0;
31537;4387338;540844032;28344320;485146624;0;0;0;0;0;0;0;0;0;0;0;2695;0;0;0;0;0;0;
31538;2916940;540844032;28344320;485146624;0;0;0;0;0;0;0;0;0;0;0;2906;0;0;0;0;0;0;
31539;4387658;540844032;28344320;485146624;0;0;0;0;0;0;0;0;0;0;0;2685;0;0;0;0;0;0;
31540;2753394;540844032;28344320;485146624;0;0;0;0;0;0;0;0;0;0;0;2725;0;0;0;0;0;0;
31541;4374684;540844032;28344320;485146624;0;0;0;0;0;0;0;0;0;0;0;2675;0;0;0;0;0;0;
31542;3238784;540844032;28344320;485146624;0;0;0;0;0;0;0;0;0;0;0;3827;0;0;0;0;0;0;
31543;4614063;540844032;28344320;485146624;0;0;0;0;0;0;0;0;0;0;0;3727;0;0;0;0;0;0;
31544;3992277;540844032;28344320;485146624;0;0;0;0;0;0;0;0;0;0;0;4197;0;0;0;0;0;0;
31545;4701938;540844032;28344320;485146624;0;0;0;0;0;0;0;0;0;0;0;3837;0;0;0;0;0;0;
31546;3758439;540844032;28344320;485146624;0;0;0;0;0;0;0;0;0;0;0;3296;0;0;0;0;0;0;
31547;4555073;540844032;28344320;485146624;0;0;0;0;0;0;0;0;0;0;0;3387;0;0;0;0;0;0;
31548;3823320;540844032;28344320;485146624;0;0;0;0;0;0;0;0;0;0;0;3396;0;0;0;0;0;0;
31549;4676891;540844032;28344320;485146624;0;0;0;0;0;0;0;0;0;0;0;3336;0;0;0;0;0;0;
31550;3636670;540844032;28344320;485146624;0;0;0;0;0;0;0;0;0;0;0;3697;0;0;0;0;0;0;
31551;4561825;540844032;28344320;485146624;0;0;0;0;0;0;0;0;0;0;0;3186;0;0;0;0;0;0;
31552;3801599;540844032;28344320;485146624;0;0;0;0;0;0;0;0;0;0;0;3537;0;0;0;0;0;0;
31553;4771248;540844032;28344320;485146624;0;0;0;0;0;0;0;0;0;0;0;3306;0;0;0;0;0;0;
31554;4215696;540844032;28344320;485146624;0;0;0;0;0;0;0;0;0;0;0;3517;0;0;0;0;0;0;
31555;4592332;540844032;28344320;485146624;0;0;0;0;0;0;0;0;0;0;0;3517;0;0;0;0;0;0;
31556;3820304;540844032;28344320;485146624;0;0;0;0;0;0;0;0;0;0;0;3516;0;0;0;0;0;0;
31557;4618612;540844032;28344320;485146624;0;0;0;0;0;0;0;0;0;0;0;3837;0;0;0;0;0;0;
31558;3853496;540844032;28344320;485146624;0;0;0;0;0;0;0;0;0;0;0;4198;0;0;0;0;0;0;
31559;4618942;540844032;28344320;485146624;0;0;0;0;0;0;0;0;0;0;0;3407;0;0;0;0;0;0;
31560;3541321;540844032;28344320;485146624;0;0;0;0;0;0;0;0;0;0;0;2554;0;0;0;0;0;0;
31561;4536768;540844032;28344320;485146624;0;0;0;0;0;0;0;0;0;0;0;2484;0;0;0;0;0;0;
31562;2741852;540844032;28344320;485146624;0;0;0;0;0;0;0;0;0;0;0;2826;0;0;0;0;0;0;
31563;4449815;540844032;28344320;485146624;0;0;0;0;0;0;0;0;0;0;0;2926;0;0;0;0;0;0;
31564;2554691;540844032;28344320;485146624;0;0;0;0;0;0;0;0;0;0;0;2655;0;0;0;0;0;0;
31565;4531027;540844032;28344320;485146624;0;0;0;0;0;0;0;0;0;0;0;2745;0;0;0;0;0;0;
31566;2641012;540844032;28344320;485146624;0;0;0;0;0;0;0;0;0;0;0;2504;0;0;0;0;0;0;
31567;4451769;540844032;28344320;485146624;0;0;0;0;0;0;0;0;0;0;0;3266;0;0;0;0;0;0;
31568;2750068;540844032;28344320;485146624;0;0;0;0;0;0;0;0;0;0;0;3397;0;0;0;0;0;0;
31569;4403508;540844032;28344320;485146624;0;0;0;0;0;0;0;0;0;0;0;2445;0;0;0;0;0;0;
31570;2739678;540844032;28344320;485146624;0;0;0;0;0;0;0;0;0;0;0;2455;0;0;0;0;0;0;
31571;4530075;540844032;28344320;485146624;0;0;0;0;0;0;0;0;0;0;0;2895;0;0;0;0;0;0;
31572;2639631;540844032;28344320;485146624;0;0;0;0;0;0;0;0;0;0;0;2726;0;0;0;0;0;0;
31573;4436120;540844032;28344320;485146624;0;0;0;0;0;0;0;0;0;0;0;2525;0;0;0;0;0;0;
31574;2827432;540844032;28344320;485146624;0;0;0;0;0;0;0;0;0;0;0;2785;0;0;0;0;0;0;
31575;4440067;540844032;28344320;485146624;0;0;0;0;0;0;0;0;0;0;0;2695;0;0;0;0;0;0;
31576;2665429;540844032;28344320;485146624;0;0;0;0;0;0;0;0;0;0;0;2695;0;0;0;0;0;0;
31577;4400021;540844032;28344320;485146624;0;0;0;0;0;0;0;0;0;0;0;2796;0;0;0;0;0;0;
31578;2700123;540844032;28344320;485146624;0;0;0;0;0;0;0;0;0;0;0;3436;0;0;0;0;0;0;
31579;4432844;540844032;28344320;485146624;0;0;0;0;0;0;0;0;0;0;0;2875;0;0;0;0;0;0;
31580;3033519;540844032;28344320;485146624;0;0;0;0;0;0;0;0;0;0;0;3486;0;0;0;0;0;0;
31581;4867609;540844032;28344320;485146624;0;0;0;0;0;0;0;0;0;0;0;3807;0;0;0;0;0;0;
31582;3753410;540844032;28344320;485146624;0;0;0;0;0;0;0;0;0;0;0;3787;0;0;0;0;0;0;
31583;4693582;540844032;28344320;485146624;0;0;0;0;0;0;0;0;0;0;0;3226;0;0;0;0;0;0;
31584;3735496;540844032;28344320;485146624;0;0;0;0;0;0;0;0;0;0;0;3587;0;0;0;0;0;0;
31585;4733147;540844032;28344320;485146624;0;0;0;0;0;0;0;0;0;0;0;3286;0;0;0;0;0;0;
31586;3588339;540844032;28344320;485146624;0;0;0;0;0;0;0;0;0;0;0;3206;0;0;0;0;0;0;
31587;4593705;540844032;28344320;485146624;0;0;0;0;0;0;0;0;0;0;0;2696;0;0;0;0;0;0;
31588;3045070;540844032;28344320;485146624;0;0;0;0;0;0;0;0;0;0;0;2905;0;0;0;0;0;0;
31589;4464282;540844032;28344320;485146624;0;0;0;0;0;0;0;0;0;0;0;2625;0;0;0;0;0;0;
31590;2836991;540844032;28344320;485146624;0;0;0;0;0;0;0;0;0;0;0;9277;0;0;0;0;0;0;
31591;4372080;540844032;28344320;485146624;0;0;0;0;0;0;0;0;0;0;0;2545;0;0;0;0;0;0;
31592;3000457;540844032;28344320;485146624;0;0;0;0;0;0;0;0;0;0;0;2835;0;0;0;0;0;0;
31593;4407586;540844032;28344320;485146624;0;0;0;0;0;0;0;0;0;0;0;2665;0;0;0;0;0;0;
31594;2724570;540844032;28344320;485146624;0;0;0;0;0;0;0;0;0;0;0;2685;0;0;0;0;0;0;
31595;4395353;540844032;28344320;485146624;0;0;0;0;0;0;0;0;0;0;0;2886;0;0;0;0;0;0;
31596;3445081;540844032;28344320;485146624;0;0;0;0;0;0;0;0;0;0;0;3717;0;0;0;0;0;0;
31597;5309798;540844032;28344320;485146624;0;0;0;0;0;0;0;0;0;0;0;3397;0;0;0;0;0;0;
31598;3733301;540844032;28344320;485146624;0;0;0;0;0;0;0;0;0;0;0;3787;0;0;0;0;0;0;
31599;4706046;540844032;28344320;485146624;0;0;0;0;0;0;0;0;0;0;0;3236;0;0;0;0;0;0;
31600;3720066;540844032;28344320;485146624;0;0;0;0;0;0;0;0;0;0;0;3496;0;0;0;0;0;0;
31601;4597011;540844032;28344320;485146624;0;0;0;0;0;0;0;0;0;0;0;3366;0;0;0;0;0;0;
31602;3857755;540844032;28344320;485146624;0;0;0;0;0;0;0;0;0;0;0;3676;0;0;0;0;0;0;
31603;4625474;540844032;28344320;485146624;0;0;0;0;0;0;0;0;0;0;0;3267;0;0;0;0;0;0;
31604;3116235;540844032;28344320;485146624;0;0;0;0;0;0;0;0;0;0;0;3166;0;0;0;0;0;0;
31605;4529053;540844032;28344320;485146624;0;0;0;0;0;0;0;0;0;0;0;2795;0;0;0;0;0;0;
31606;2726393;540844032;28344320;485146624;0;0;0;0;0;0;0;0;0;0;0;2935;0;0;0;0;0;0;
31607;4458902;540844032;28344320;485146624;0;0;0;0;0;0;0;0;0;0;0;3175;0;0;0;0;0;0;
31608;2778090;540844032;28344320;485146624;0;0;0;0;0;0;0;0;0;0;0;2766;0;0;0;0;0;0;
31609;4348645;540844032;28344320;485146624;0;0;0;0;0;0;0;0;0;0;0;2615;0;0;0;0;0;0;
31610;2834667;540844032;28344320;485146624;0;0;0;0;0;0;0;0;0;0;0;2745;0;0;0;0;0;0;
31611;4467137;540844032;28344320;485146624;0;0;0;0;0;0;0;0;0;0;0;2605;0;0;0;0;0;0;
31612;2689193;540844032;28344320;485146624;0;0;0;0;0;0;0;0;0;0;0;2796;0;0;0;0;0;0;
31613;4489229;540844032;28344320;485146624;0;0;0;0;0;0;0;0;0;0;0;2985;0;0;0;0;0;0;
31614;3013181;540844032;28344320;485146624;0;0;0;0;0;0;0;0;0;0;0;2746;0;0;0;0;0;0;
31615;4281800;540844032;28344320;485146624;0;0;0;0;0;0;0;0;0;0;0;2645;0;0;0;0;0;0;
31616;2705804;540844032;28344320;485146624;0;0;0;0;0;0;0;0;0;0;0;2685;0;0;0;0;0;0;
31617;4534705;540844032;28344320;485146624;0;0;0;0;0;0;0;0;0;0;0;2374;0;0;0;0;0;0;
31618;2723297;540844032;28344320;485146624;0;0;0;0;0;0;0;0;0;0;0;2875;0;0;0;0;0;0;
31619;4334870;540844032;28344320;485146624;0;0;0;0;0;0;0;0;0;0;0;2856;0;0;0;0;0;0;
31620;2678784;540844032;28344320;485146624;0;0;0;0;0;0;0;0;0;0;0;2635;0;0;0;0;0;0;
31621;4411092;540844032;28344320;485146624;0;0;0;0;0;0;0;0;0;0;0;2545;0;0;0;0;0;0;
31622;2756760;540844032;28344320;485146624;0;0;0;0;0;0;0;0;0;0;0;2885;0;0;0;0;0;0;
31623;4392367;540844032;28344320;485146624;0;0;0;0;0;0;0;0;0;0;0;2495;0;0;0;0;0;0;
31624;2901612;540844032;28344320;485146624;0;0;0;0;0;0;0;0;0;0;0;2855;0;0;0;0;0;0;
31625;4585730;540844032;28352512;485154816;0;0;0;0;0;0;0;0;0;0;0;2865;0;0;0;0;0;0;
31626;2909376;540844032;28352512;485154816;0;0;0;0;0;0;0;0;0;0;0;2906;0;0;0;0;0;0;
31627;4302219;540844032;28352512;485154816;0;0;0;0;0;0;0;0;0;0;0;2885;0;0;0;0;0;0;
31628;2697158;540844032;28352512;485154816;0;0;0;0;0;0;0;0;0;0;0;2665;0;0;0;0;0;0;
31629;4335150;540844032;28352512;485154816;0;0;0;0;0;0;0;0;0;0;0;2424;0;0;0;0;0;0;
31630;2763142;540844032;28352512;485154816;0;0;0;0;0;0;0;0;0;0;0;2985;0;0;0;0;0;0;
31631;4638529;540844032;28352512;485154816;0;0;0;0;0;0;0;0;0;0;0;2525;0;0;0;0;0;0;
31632;2684605;540848128;28344320;485146624;0;0;0;0;0;0;0;0;0;0;0;2785;0;0;0;0;0;0;
31633;4391095;540848128;28344320;485146624;0;0;0;0;0;0;0;0;0;0;0;2655;0;0;0;0;0;0;
31634;3055631;540848128;28344320;485146624;0;0;0;0;0;0;0;0;0;0;0;3236;0;0;0;0;0;0;
31635;4387378;540848128;28344320;485146624;0;0;0;0;0;0;0;0;0;0;0;2775;0;0;0;0;0;0;
31636;3004825;540848128;28344320;485146624;0;0;0;0;0;0;0;0;0;0;0;3216;0;0;0;0;0;0;
31637;4376728;540848128;28344320;485146624;0;0;0;0;0;0;0;0;0;0;0;2805;0;0;0;0;0;0;
31638;2665800;540848128;28344320;485146624;0;0;0;0;0;0;0;0;0;0;0;3537;0;0;0;0;0;0;
31639;4318209;540848128;28344320;485146624;0;0;0;0;0;0;0;0;0;0;0;2845;0;0;0;0;0;0;
31640;2740189;540848128;28344320;485146624;0;0;0;0;0;0;0;0;0;0;0;2815;0;0;0;0;0;0;
31641;4411694;540848128;28344320;485146624;0;0;0;0;0;0;0;0;0;0;0;2675;0;0;0;0;0;0;
31642;3405768;540848128;28344320;485146624;0;0;0;0;0;0;0;0;0;0;0;3667;0;0;0;0;0;0;
31643;4974419;540848128;28344320;485146624;0;0;0;0;0;0;0;0;0;0;0;3146;0;0;0;0;0;0;
31644;2742964;540848128;28344320;485146624;0;0;0;0;0;0;0;0;0;0;0;2595;0;0;0;0;0;0;
31645;4372279;540848128;28344320;485146624;0;0;0;0;0;0;0;0;0;0;0;2444;0;0;0;0;0;0;
31646;3034621;540848128;28344320;485146624;0;0;0;0;0;0;0;0;0;0;0;3176;0;0;0;0;0;0;
31647;4338496;540848128;28344320;485146624;0;0;0;0;0;0;0;0;0;0;0;2665;0;0;0;0;0;0;
31648;2957407;540848128;28344320;485146624;0;0;0;0;0;0;0;0;0;0;0;4499;0;0;0;0;0;0;
31649;4737855;540848128;28344320;485146624;0;0;0;0;0;0;0;0;0;0;0;3446;0;0;0;0;0;0;
31650;3568973;540848128;28344320;485146624;0;0;0;0;0;0;0;0;0;0;0;2815;0;0;0;0;0;0;
31651;4550043;540848128;28344320;485146624;0;0;0;0;0;0;0;0;0;0;0;2705;0;0;0;0;0;0;
31652;3014203;540848128;28344320;485146624;0;0;0;0;0;0;0;0;0;0;0;3627;0;0;0;0;0;0;
31653;4796936;540848128;28344320;485146624;0;0;0;0;0;0;0;0;0;0;0;3496;0;0;0;0;0;0;
31654;3844300;540848128;28344320;485146624;0;0;0;0;0;0;0;0;0;0;0;3366;0;0;0;0;0;0;
31655;4344066;540848128;28344320;485146624;0;0;0;0;0;0;0;0;0;0;0;2765;0;0;0;0;0;0;
31656;3049660;540848128;28344320;485146624;0;0;0;0;0;0;0;0;0;0;0;3657;0;0;0;0;0;0;
31657;4820691;540848128;28344320;485146624;0;0;0;0;0;0;0;0;0;0;0;3787;0;0;0;0;0;0;
31658;4053081;540848128;28344320;485146624;0;0;0;0;0;0;0;0;0;0;0;4258;0;0;0;0;0;0;
31659;4592071;540848128;28344320;485146624;0;0;0;0;0;0;0;0;0;0;0;3927;0;0;0;0;0;0;
31660;3795057;540848128;28344320;485146624;0;0;0;0;0;0;0;0;0;0;0;4128;0;0;0;0;0;0;
31661;4707729;540848128;28344320;485146624;0;0;0;0;0;0;0;0;0;0;0;3958;0;0;0;0;0;0;
31662;3757797;540848128;28344320;485146624;0;0;0;0;0;0;0;0;0;0;0;4088;0;0;0;0;0;0;
31663;4640673;540848128;28344320;485146624;0;0;0;0;0;0;0;0;0;0;0;3627;0;0;0;0;0;0;
31664;3771332;540848128;28344320;485146624;0;0;0;0;0;0;0;0;0;0;0;4128;0;0;0;0;0;0;
31665;4638809;540848128;28344320;485146624;0;0;0;0;0;0;0;0;0;0;0;3536;0;0;0;0;0;0;
31666;3728723;540848128;28344320;485146624;0;0;0;0;0;0;0;0;0;0;0;4048;0;0;0;0;0;0;
31667;4683233;540848128;28344320;485146624;0;0;0;0;0;0;0;0;0;0;0;3667;0;0;0;0;0;0;
31668;4457920;540848128;28344320;485146624;0;0;0;0;0;0;0;0;0;0;0;3787;0;0;0;0;0;0;
31669;4574449;540848128;28344320;485146624;0;0;0;0;0;0;0;0;0;0;0;3327;0;0;0;0;0;0;
31670;3720247;540848128;28344320;485146624;0;0;0;0;0;0;0;0;0;0;0;3717;0;0;0;0;0;0;
31671;4693582;540848128;28344320;485146624;0;0;0;0;0;0;0;0;0;0;0;3327;0;0;0;0;0;0;
31672;3791200;540848128;28344320;485146624;0;0;0;0;0;0;0;0;0;0;0;3768;0;0;0;0;0;0;
31673;4726934;540848128;28344320;485146624;0;0;0;0;0;0;0;0;0;0;0;3647;0;0;0;0;0;0;
31674;3802791;540848128;28344320;485146624;0;0;0;0;0;0;0;0;0;0;0;4017;0;0;0;0;0;0;
31675;4664308;540848128;28344320;485146624;0;0;0;0;0;0;0;0;0;0;0;4339;0;0;0;0;0;0;
31676;3864617;540848128;28344320;485146624;0;0;0;0;0;0;0;0;0;0;0;4197;0;0;0;0;0;0;
31677;4740841;540848128;28344320;485146624;0;0;0;0;0;0;0;0;0;0;0;3937;0;0;0;0;0;0;
31678;4044956;540848128;28344320;485146624;0;0;0;0;0;0;0;0;0;0;0;4138;0;0;0;0;0;0;
31679;4649931;540848128;28344320;485146624;0;0;0;0;0;0;0;0;0;0;0;3897;0;0;0;0;0;0;
31680;3217734;540848128;28344320;485146624;0;0;0;0;0;0;0;0;0;0;0;3747;0;0;0;0;0;0;
31681;7526956;540848128;28344320;485146624;0;0;0;0;0;0;0;0;0;0;0;2996;0;0;0;0;0;0;
31682;8833186;540848128;28344320;485146624;0;0;0;0;0;0;0;0;0;0;0;2835;0;0;0;0;0;0;
31683;4548330;540848128;28344320;485146624;0;0;0;0;0;0;0;0;0;0;0;3446;0;0;0;0;0;0;
31684;3166969;540848128;28344320;485146624;0;0;0;0;0;0;0;0;0;0;0;3697;0;0;0;0;0;0;
31685;4828465;540848128;28344320;485146624;0;0;0;0;0;0;0;0;0;0;0;2685;0;0;0;0;0;0;
31686;3750383;540848128;28344320;485146624;0;0;0;0;0;0;0;0;0;0;0;3767;0;0;0;0;0;0;
31687;4722346;540848128;28344320;485146624;0;0;0;0;0;0;0;0;0;0;0;3336;0;0;0;0;0;0;
31688;3769629;540848128;28344320;485146624;0;0;0;0;0;0;0;0;0;0;0;3587;0;0;0;0;0;0;
31689;4637768;540848128;28344320;485146624;0;0;0;0;0;0;0;0;0;0;0;2946;0;0;0;0;0;0;
31690;4424056;540848128;28344320;485146624;0;0;0;0;0;0;0;0;0;0;0;4117;0;0;0;0;0;0;
31691;4719701;540848128;28344320;485146624;0;0;0;0;0;0;0;0;0;0;0;3336;0;0;0;0;0;0;
31692;3939278;540848128;28344320;485146624;0;0;0;0;0;0;0;0;0;0;0;3807;0;0;0;0;0;0;
31693;4684114;540848128;28344320;485146624;0;0;0;0;0;0;0;0;0;0;0;3436;0;0;0;0;0;0;
31694;3979273;540848128;28344320;485146624;0;0;0;0;0;0;0;0;0;0;0;3997;0;0;0;0;0;0;
31695;4545695;540848128;28344320;485146624;0;0;0;0;0;0;0;0;0;0;0;3636;0;0;0;0;0;0;
31696;3832929;540848128;28344320;485146624;0;0;0;0;0;0;0;0;0;0;0;3987;0;0;0;0;0;0;
31697;4758845;540848128;28344320;485146624;0;0;0;0;0;0;0;0;0;0;0;3717;0;0;0;0;0;0;
31698;3857805;540848128;28344320;485146624;0;0;0;0;0;0;0;0;0;0;0;3636;0;0;0;0;0;0;
31699;4692611;540848128;28344320;485146624;0;0;0;0;0;0;0;0;0;0;0;2986;0;0;0;0;0;0;
31700;4157727;540848128;28344320;485146624;0;0;0;0;0;0;0;0;0;0;0;3306;0;0;0;0;0;0;
31701;4686279;540848128;28344320;485146624;0;0;0;0;0;0;0;0;0;0;0;3506;0;0;0;0;0;0;
31702;3816126;540848128;28344320;485146624;0;0;0;0;0;0;0;0;0;0;0;3737;0;0;0;0;0;0;
31703;4828977;540848128;28344320;485146624;0;0;0;0;0;0;0;0;0;0;0;3367;0;0;0;0;0;0;
31704;3738311;540848128;28344320;485146624;0;0;0;0;0;0;0;0;0;0;0;3436;0;0;0;0;0;0;
31705;5050351;540848128;28344320;485146624;0;0;0;0;0;0;0;0;0;0;0;2685;0;0;0;0;0;0;
31706;3771193;540848128;28344320;485146624;0;0;0;0;0;0;0;0;0;0;0;3647;0;0;0;0;0;0;
31707;4767311;540848128;28344320;485146624;0;0;0;0;0;0;0;0;0;0;0;3977;0;0;0;0;0;0;
31708;3699067;540848128;28344320;485146624;0;0;0;0;0;0;0;0;0;0;0;4048;0;0;0;0;0;0;
31709;4660831;540848128;28344320;485146624;0;0;0;0;0;0;0;0;0;0;0;3867;0;0;0;0;0;0;
31710;3842496;540848128;28344320;485146624;0;0;0;0;0;0;0;0;0;0;0;4148;0;0;0;0;0;0;
31711;4977374;540848128;28344320;485146624;0;0;0;0;0;0;0;0;0;0;0;3487;0;0;0;0;0;0;
31712;3931503;540848128;28344320;485146624;0;0;0;0;0;0;0;0;0;0;0;4518;0;0;0;0;0;0;
31713;5078414;540848128;28344320;485146624;0;0;0;0;0;0;0;0;0;0;0;3486;0;0;0;0;0;0;
31714;4378612;540848128;28344320;485146624;0;0;0;0;0;0;0;0;0;0;0;3968;0;0;0;0;0;0;
31715;4718960;540848128;28344320;485146624;0;0;0;0;0;0;0;0;0;0;0;3918;0;0;0;0;0;0;
31716;3825173;540848128;28344320;485146624;0;0;0;0;0;0;0;0;0;0;0;4368;0;0;0;0;0;0;
31717;4645332;540848128;28344320;485146624;0;0;0;0;0;0;0;0;0;0;0;3677;0;0;0;0;0;0;
31718;3726178;540848128;28344320;485146624;0;0;0;0;0;0;0;0;0;0;0;3847;0;0;0;0;0;0;
31719;4668976;540848128;28344320;485146624;0;0;0;0;0;0;0;0;0;0;0;3687;0;0;0;0;0;0;
31720;3836886;540848128;28344320;485146624;0;0;0;0;0;0;0;0;0;0;0;3747;0;0;0;0;0;0;
31721;4927881;540848128;28344320;485146624;0;0;0;0;0;0;0;0;0;0;0;3556;0;0;0;0;0;0;
31722;4017675;540848128;28344320;485146624;0;0;0;0;0;0;0;0;0;0;0;4118;0;0;0;0;0;0;
31723;4728578;540848128;28344320;485146624;0;0;0;0;0;0;0;0;0;0;0;3677;0;0;0;0;0;0;
31724;3776463;540848128;28344320;485146624;0;0;0;0;0;0;0;0;0;0;0;4108;0;0;0;0;0;0;
31725;4662825;540848128;28344320;485146624;0;0;0;0;0;0;0;0;0;0;0;3507;0;0;0;0;0;0;
31726;3844479;540848128;28344320;485146624;0;0;0;0;0;0;0;0;0;0;0;3646;0;0;0;0;0;0;
31727;4709953;540848128;28344320;485146624;0;0;0;0;0;0;0;0;0;0;0;3487;0;0;0;0;0;0;
31728;5418332;540848128;28344320;485146624;0;0;0;0;0;0;0;0;0;0;0;4348;0;0;0;0;0;0;
31729;5506216;540848128;28344320;485146624;0;0;0;0;0;0;0;0;0;0;0;5801;0;0;0;0;0;0;
31730;4664648;540848128;28344320;485146624;0;0;0;0;0;0;0;0;0;0;0;4177;0;0;0;0;0;0;
31731;5350594;540848128;28344320;485146624;0;0;0;0;0;0;0;0;0;0;0;4959;0;0;0;0;0;0;
31732;4829267;540848128;28344320;485146624;0;0;0;0;0;0;0;0;0;0;0;4228;0;0;0;0;0;0;
31733;5424944;540848128;28344320;485146624;0;0;0;0;0;0;0;0;0;0;0;4940;0;0;0;0;0;0;
31734;5492420;540848128;28344320;485146624;0;0;0;0;0;0;0;0;0;0;0;6381;0;0;0;0;0;0;
31735;5331980;540848128;28344320;485146624;0;0;0;0;0;0;0;0;0;0;0;5340;0;0;0;0;0;0;
31736;6222119;540848128;28344320;485146624;0;0;0;0;0;0;0;0;0;0;0;6312;0;0;0;0;0;0;
31737;5419784;540848128;28344320;485146624;0;0;0;0;0;0;0;0;0;0;0;4237;0;0;0;0;0;0;
31738;4340050;540848128;28344320;485146624;0;0;0;0;0;0;0;0;0;0;0;5049;0;0;0;0;0;0;
31739;4940275;540848128;28344320;485146624;0;0;0;0;0;0;0;0;0;0;0;3747;0;0;0;0;0;0;
31740;4945635;540848128;28344320;485146624;0;0;0;0;0;0;0;0;0;0;0;4929;0;0;0;0;0;0;
31741;5153856;540848128;28352512;485154816;0;0;0;0;0;0;0;0;0;0;0;4038;0;0;0;0;0;0;
31742;3825054;540848128;28352512;485154816;0;0;0;0;0;0;0;0;0;0;0;4619;0;0;0;0;0;0;
31743;4827013;540848128;28352512;485154816;0;0;0;0;0;0;0;0;0;0;0;2806;0;0;0;0;0;0;
31744;3807580;540848128;28352512;485154816;0;0;0;0;0;0;0;0;0;0;0;3837;0;0;0;0;0;0;
31745;4951676;540848128;28352512;485154816;0;0;0;0;0;0;0;0;0;0;0;3727;0;0;0;0;0;0;
31746;3966199;540848128;28352512;485154816;0;0;0;0;0;0;0;0;0;0;0;4398;0;0;0;0;0;0;
31747;5161881;540848128;28352512;485154816;0;0;0;0;0;0;0;0;0;0;0;4779;0;0;0;0;0;0;
31748;4759476;540868608;28344320;485146624;0;0;0;0;0;0;0;0;0;0;0;4328;0;0;0;0;0;0;
31749;5447076;540868608;28344320;485146624;0;0;0;0;0;0;0;0;0;0;0;4188;0;0;0;0;0;0;
31750;5338162;540868608;28344320;485146624;0;0;0;0;0;0;0;0;0;0;0;5190;0;0;0;0;0;0;
31751;5779579;540868608;28344320;485146624;0;0;0;0;0;0;0;0;0;0;0;5370;0;0;0;0;0;0;
31752;4111250;540868608;28344320;485146624;0;0;0;0;0;0;0;0;0;0;0;4839;0;0;0;0;0;0;
31753;5074918;540868608;28344320;485146624;0;0;0;0;0;0;0;0;0;0;0;4669;0;0;0;0;0;0;
31754;3742118;540868608;28344320;485146624;0;0;0;0;0;0;0;0;0;0;0;4959;0;0;0;0;0;0;
31755;5020375;540868608;28344320;485146624;0;0;0;0;0;0;0;0;0;0;0;4619;0;0;0;0;0;0;
31756;3463205;540868608;28344320;485146624;0;0;0;0;0;0;0;0;0;0;0;4479;0;0;0;0;0;0;
31757;5269111;540868608;28344320;485146624;0;0;0;0;0;0;0;0;0;0;0;4869;0;0;0;0;0;0;
31758;3496337;540868608;28344320;485146624;0;0;0;0;0;0;0;0;0;0;0;3657;0;0;0;0;0;0;
31759;4987734;540868608;28344320;485146624;0;0;0;0;0;0;0;0;0;0;0;3146;0;0;0;0;0;0;
31760;3596244;540868608;28344320;485146624;0;0;0;0;0;0;0;0;0;0;0;4107;0;0;0;0;0;0;
31761;4686268;540868608;28344320;485146624;0;0;0;0;0;0;0;0;0;0;0;3136;0;0;0;0;0;0;
31762;4245191;540868608;28344320;485146624;0;0;0;0;0;0;0;0;0;0;0;3567;0;0;0;0;0;0;
31763;4661121;540868608;28344320;485146624;0;0;0;0;0;0;0;0;0;0;0;2965;0;0;0;0;0;0;
31764;5670424;540868608;28344320;485146624;0;0;0;0;0;0;0;0;0;0;0;5570;0;0;0;0;0;0;
31765;5083754;540868608;28344320;485146624;0;0;0;0;0;0;0;0;0;0;0;4278;0;0;0;0;0;0;
31766;6429097;540868608;28344320;485146624;0;0;0;0;0;0;0;0;0;0;0;5009;0;0;0;0;0;0;
31767;5026326;540868608;28344320;485146624;0;0;0;0;0;0;0;0;0;0;0;4127;0;0;0;0;0;0;
31768;5843299;540868608;28344320;485146624;0;0;0;0;0;0;0;0;0;0;0;5951;0;0;0;0;0;0;
31769;5029703;540868608;28344320;485146624;0;0;0;0;0;0;0;0;0;0;0;3937;0;0;0;0;0;0;
31770;4326754;540868608;28344320;485146624;0;0;0;0;0;0;0;0;0;0;0;3898;0;0;0;0;0;0;
31771;4589577;540868608;28344320;485146624;0;0;0;0;0;0;0;0;0;0;0;2995;0;0;0;0;0;0;
31772;3779448;540868608;28344320;485146624;0;0;0;0;0;0;0;0;0;0;0;4228;0;0;0;0;0;0;
31773;4797999;540868608;28344320;485146624;0;0;0;0;0;0;0;0;0;0;0;3086;0;0;0;0;0;0;
31774;3869587;540868608;28344320;485146624;0;0;0;0;0;0;0;0;0;0;0;3897;0;0;0;0;0;0;
31775;4790945;540868608;28344320;485146624;0;0;0;0;0;0;0;0;0;0;0;3176;0;0;0;0;0;0;
31776;3815555;540868608;28344320;485146624;0;0;0;0;0;0;0;0;0;0;0;5540;0;0;0;0;0;0;
31777;5006669;540868608;28344320;485146624;0;0;0;0;0;0;0;0;0;0;0;3136;0;0;0;0;0;0;
31778;3844610;540868608;28344320;485146624;0;0;0;0;0;0;0;0;0;0;0;4649;0;0;0;0;0;0;
31779;5147163;540868608;28344320;485146624;0;0;0;0;0;0;0;0;0;0;0;4348;0;0;0;0;0;0;
31780;3702234;540868608;28344320;485146624;0;0;0;0;0;0;0;0;0;0;0;4299;0;0;0;0;0;0;
31781;5432588;540868608;28344320;485146624;0;0;0;0;0;0;0;0;0;0;0;5009;0;0;0;0;0;0;
31782;4664387;540868608;28344320;485146624;0;0;0;0;0;0;0;0;0;0;0;5210;0;0;0;0;0;0;
31783;5330607;540868608;28344320;485146624;0;0;0;0;0;0;0;0;0;0;0;4899;0;0;0;0;0;0;
31784;5066151;540868608;28344320;485146624;0;0;0;0;0;0;0;0;0;0;0;5410;0;0;0;0;0;0;
31785;5134169;540868608;28344320;485146624;0;0;0;0;0;0;0;0;0;0;0;4228;0;0;0;0;0;0;
31786;5100806;540868608;28344320;485146624;0;0;0;0;0;0;0;0;0;0;0;5069;0;0;0;0;0;0;
31787;4950945;540868608;28344320;485146624;0;0;0;0;0;0;0;0;0;0;0;3957;0;0;0;0;0;0;
31788;4190619;540868608;28344320;485146624;0;0;0;0;0;0;0;0;0;0;0;4529;0;0;0;0;0;0;
31789;4728147;540868608;28344320;485146624;0;0;0;0;0;0;0;0;0;0;0;3447;0;0;0;0;0;0;
31790;3618045;540868608;28344320;485146624;0;0;0;0;0;0;0;0;0;0;0;4819;0;0;0;0;0;0;
31791;4730802;540868608;28344320;485146624;0;0;0;0;0;0;0;0;0;0;0;3967;0;0;0;0;0;0;
31792;3710719;540868608;28344320;485146624;0;0;0;0;0;0;0;0;0;0;0;4539;0;0;0;0;0;0;
31793;5196375;540868608;28344320;485146624;0;0;0;0;0;0;0;0;0;0;0;4419;0;0;0;0;0;0;
31794;3505163;540868608;28344320;485146624;0;0;0;0;0;0;0;0;0;0;0;4158;0;0;0;0;0;0;
31795;5006419;540868608;28344320;485146624;0;0;0;0;0;0;0;0;0;0;0;3506;0;0;0;0;0;0;
31796;4188134;540868608;28344320;485146624;0;0;0;0;0;0;0;0;0;0;0;5480;0;0;0;0;0;0;
31797;5572841;540868608;28344320;485146624;0;0;0;0;0;0;0;0;0;0;0;5059;0;0;0;0;0;0;
31798;5772515;540868608;28344320;485146624;0;0;0;0;0;0;0;0;0;0;0;5400;0;0;0;0;0;0;
31799;5457875;540868608;28344320;485146624;0;0;0;0;0;0;0;0;0;0;0;5400;0;0;0;0;0;0;
31800;4712689;540868608;28344320;485146624;0;0;0;0;0;0;0;0;0;0;0;4468;0;0;0;0;0;0;
31801;5392523;540868608;28344320;485146624;0;0;0;0;0;0;0;0;0;0;0;4679;0;0;0;0;0;0;
31802;4526168;540868608;28344320;485146624;0;0;0;0;0;0;0;0;0;0;0;4889;0;0;0;0;0;0;
31803;5128828;540868608;28344320;485146624;0;0;0;0;0;0;0;0;0;0;0;5380;0;0;0;0;0;0;
31804;4589096;540868608;28344320;485146624;0;0;0;0;0;0;0;0;0;0;0;5070;0;0;0;0;0;0;
31805;5323403;540868608;28344320;485146624;0;0;0;0;0;0;0;0;0;0;0;5620;0;0;0;0;0;0;
31806;4637377;540868608;28344320;485146624;0;0;0;0;0;0;0;0;0;0;0;5029;0;0;0;0;0;0;
31807;5619759;540868608;28344320;485146624;0;0;0;0;0;0;0;0;0;0;0;4699;0;0;0;0;0;0;
31808;5012731;540868608;28344320;485146624;0;0;0;0;0;0;0;0;0;0;0;4529;0;0;0;0;0;0;
31809;5298657;540868608;28344320;485146624;0;0;0;0;0;0;0;0;0;0;0;4208;0;0;0;0;0;0;
31810;4553168;540868608;28344320;485146624;0;0;0;0;0;0;0;0;0;0;0;4979;0;0;0;0;0;0;
31811;5026607;540868608;28344320;485146624;0;0;0;0;0;0;0;0;0;0;0;4989;0;0;0;0;0;0;
31812;4817354;540868608;28344320;485146624;0;0;0;0;0;0;0;0;0;0;0;5841;0;0;0;0;0;0;
31813;5232393;540868608;28344320;485146624;0;0;0;0;0;0;0;0;0;0;0;4048;0;0;0;0;0;0;
31814;4722106;540868608;28344320;485146624;0;0;0;0;0;0;0;0;0;0;0;5160;0;0;0;0;0;0;
31815;5179564;540868608;28344320;485146624;0;0;0;0;0;0;0;0;0;0;0;5010;0;0;0;0;0;0;
31816;4649941;540868608;28344320;485146624;0;0;0;0;0;0;0;0;0;0;0;6231;0;0;0;0;0;0;
31817;5355093;540868608;28344320;485146624;0;0;0;0;0;0;0;0;0;0;0;5971;0;0;0;0;0;0;
31818;5035474;540868608;28344320;485146624;0;0;0;0;0;0;0;0;0;0;0;6191;0;0;0;0;0;0;
31819;5059088;540868608;28344320;485146624;0;0;0;0;0;0;0;0;0;0;0;4408;0;0;0;0;0;0;
31820;5090236;540868608;28344320;485146624;0;0;0;0;0;0;0;0;0;0;0;4669;0;0;0;0;0;0;
31821;5295531;540868608;28344320;485146624;0;0;0;0;0;0;0;0;0;0;0;3607;0;0;0;0;0;0;
31822;4730201;540868608;28344320;485146624;0;0;0;0;0;0;0;0;0;0;0;4358;0;0;0;0;0;0;
31823;5006900;540868608;28344320;485146624;0;0;0;0;0;0;0;0;0;0;0;4328;0;0;0;0;0;0;
31824;4804611;540868608;28344320;485146624;0;0;0;0;0;0;0;0;0;0;0;5050;0;0;0;0;0;0;
31825;5487852;540868608;28344320;485146624;0;0;0;0;0;0;0;0;0;0;0;6422;0;0;0;0;0;0;
31826;4826682;540868608;28344320;485146624;0;0;0;0;0;0;0;0;0;0;0;5610;0;0;0;0;0;0;
31827;5550109;540868608;28344320;485146624;0;0;0;0;0;0;0;0;0;0;0;5461;0;0;0;0;0;0;
31828;4738396;540868608;28344320;485146624;0;0;0;0;0;0;0;0;0;0;0;4969;0;0;0;0;0;0;
31829;5569515;540868608;28344320;485146624;0;0;0;0;0;0;0;0;0;0;0;5120;0;0;0;0;0;0;
31830;4679265;540868608;28344320;485146624;0;0;0;0;0;0;0;0;0;0;0;4599;0;0;0;0;0;0;
31831;5392703;540868608;28344320;485146624;0;0;0;0;0;0;0;0;0;0;0;4859;0;0;0;0;0;0;
31832;4541908;540868608;28344320;485146624;0;0;0;0;0;0;0;0;0;0;0;3937;0;0;0;0;0;0;
31833;5277798;540868608;28344320;485146624;0;0;0;0;0;0;0;0;0;0;0;4739;0;0;0;0;0;0;
31834;4710564;540868608;28344320;485146624;0;0;0;0;0;0;0;0;0;0;0;5220;0;0;0;0;0;0;
31835;5080418;540868608;28344320;485146624;0;0;0;0;0;0;0;0;0;0;0;6022;0;0;0;0;0;0;
31836;4580600;540868608;28344320;485146624;0;0;0;0;0;0;0;0;0;0;0;5039;0;0;0;0;0;0;
31837;5449099;540868608;28344320;485146624;0;0;0;0;0;0;0;0;0;0;0;4779;0;0;0;0;0;0;
31838;5005226;540868608;28344320;485146624;0;0;0;0;0;0;0;0;0;0;0;4718;0;0;0;0;0;0;
31839;5244846;540868608;28344320;485146624;0;0;0;0;0;0;0;0;0;0;0;5170;0;0;0;0;0;0;
31840;4557547;540868608;28344320;485146624;0;0;0;0;0;0;0;0;0;0;0;5260;0;0;0;0;0;0;
31841;5128508;540868608;28344320;485146624;0;0;0;0;0;0;0;0;0;0;0;4939;0;0;0;0;0;0;
31842;4500810;540868608;28344320;485146624;0;0;0;0;0;0;0;0;0;0;0;4559;0;0;0;0;0;0;
31843;5017289;540868608;28344320;485146624;0;0;0;0;0;0;0;0;0;0;0;4939;0;0;0;0;0;0;
31844;4648137;540868608;28344320;485146624;0;0;0;0;0;0;0;0;0;0;0;5881;0;0;0;0;0;0;
31845;5265305;540868608;28352512;485154816;0;0;0;0;0;0;0;0;0;0;0;3757;0;0;0;0;0;0;
31846;3923738;540868608;28352512;485154816;0;0;0;0;0;0;0;0;0;0;0;3967;0;0;0;0;0;0;
31847;4739529;540868608;28352512;485154816;0;0;0;0;0;0;0;0;0;0;0;3247;0;0;0;0;0;0;
31848;3729224;540868608;28352512;485154816;0;0;0;0;0;0;0;0;0;0;0;4519;0;0;0;0;0;0;
31849;5239145;540868608;28352512;485154816;0;0;0;0;0;0;0;0;0;0;0;3847;0;0;0;0;0;0;
31850;3480497;540868608;28352512;485154816;0;0;0;0;0;0;0;0;0;0;0;4298;0;0;0;0;0;0;
31851;5130942;540868608;28352512;485154816;0;0;0;0;0;0;0;0;0;0;0;4077;0;0;0;0;0;0;
31852;3533046;540884992;28344320;485146624;0;0;0;0;0;0;0;0;0;0;0;4288;0;0;0;0;0;0;
31853;5037497;540884992;28344320;485146624;0;0;0;0;0;0;0;0;0;0;0;3928;0;0;0;0;0;0;
31854;3523648;540884992;28344320;485146624;0;0;0;0;0;0;0;0;0;0;0;4258;0;0;0;0;0;0;
31855;5174204;540884992;28344320;485146624;0;0;0;0;0;0;0;0;0;0;0;5270;0;0;0;0;0;0;
31856;3558263;540884992;28344320;485146624;0;0;0;0;0;0;0;0;0;0;0;4358;0;0;0;0;0;0;
31857;4644670;540884992;28344320;485146624;0;0;0;0;0;0;0;0;0;0;0;2805;0;0;0;0;0;0;
31858;4079029;540884992;28344320;485146624;0;0;0;0;0;0;0;0;0;0;0;3747;0;0;0;0;0;0;
31859;4714993;540884992;28344320;485146624;0;0;0;0;0;0;0;0;0;0;0;3727;0;0;0;0;0;0;
31860;3723413;540884992;28344320;485146624;0;0;0;0;0;0;0;0;0;0;0;3947;0;0;0;0;0;0;
31861;4961865;540884992;28344320;485146624;0;0;0;0;0;0;0;0;0;0;0;2845;0;0;0;0;0;0;
31862;4432011;540884992;28344320;485146624;0;0;0;0;0;0;0;0;0;0;0;4097;0;0;0;0;0;0;
31863;4692320;540884992;28344320;485146624;0;0;0;0;0;0;0;0;0;0;0;3026;0;0;0;0;0;0;
31864;4441669;540884992;28344320;485146624;0;0;0;0;0;0;0;0;0;0;0;4689;0;0;0;0;0;0;
31865;4723439;540884992;28344320;485146624;0;0;0;0;0;0;0;0;0;0;0;3366;0;0;0;0;0;0;
31866;4822384;540884992;28344320;485146624;0;0;0;0;0;0;0;0;0;0;0;4319;0;0;0;0;0;0;
31867;4820571;540884992;28344320;485146624;0;0;0;0;0;0;0;0;0;0;0;3506;0;0;0;0;0;0;
31868;3971238;540884992;28344320;485146624;0;0;0;0;0;0;0;0;0;0;0;3828;0;0;0;0;0;0;
31869;4921199;540884992;28344320;485146624;0;0;0;0;0;0;0;0;0;0;0;3156;0;0;0;0;0;0;
31870;3690812;540884992;28344320;485146624;0;0;0;0;0;0;0;0;0;0;0;3808;0;0;0;0;0;0;
31871;4673705;540884992;28344320;485146624;0;0;0;0;0;0;0;0;0;0;0;3266;0;0;0;0;0;0;
31872;4401424;540884992;28344320;485146624;0;0;0;0;0;0;0;0;0;0;0;5671;0;0;0;0;0;0;
31873;4885672;540884992;28344320;485146624;0;0;0;0;0;0;0;0;0;0;0;3937;0;0;0;0;0;0;
31874;4781497;540884992;28344320;485146624;0;0;0;0;0;0;0;0;0;0;0;4829;0;0;0;0;0;0;
31875;4905189;540884992;28344320;485146624;0;0;0;0;0;0;0;0;0;0;0;4037;0;0;0;0;0;0;
31876;4817384;540884992;28344320;485146624;0;0;0;0;0;0;0;0;0;0;0;4318;0;0;0;0;0;0;
31877;4899388;540884992;28344320;485146624;0;0;0;0;0;0;0;0;0;0;0;3797;0;0;0;0;0;0;
31878;4618291;540884992;28344320;485146624;0;0;0;0;0;0;0;0;0;0;0;4859;0;0;0;0;0;0;
31879;4849464;540884992;28344320;485146624;0;0;0;0;0;0;0;0;0;0;0;3937;0;0;0;0;0;0;
31880;3856262;540884992;28344320;485146624;0;0;0;0;0;0;0;0;0;0;0;3507;0;0;0;0;0;0;
31881;4723268;540884992;28344320;485146624;0;0;0;0;0;0;0;0;0;0;0;2885;0;0;0;0;0;0;
31882;3732931;540884992;28344320;485146624;0;0;0;0;0;0;0;0;0;0;0;3887;0;0;0;0;0;0;
31883;4613021;540884992;28344320;485146624;0;0;0;0;0;0;0;0;0;0;0;2755;0;0;0;0;0;0;
31884;3993720;540884992;28344320;485146624;0;0;0;0;0;0;0;0;0;0;0;3707;0;0;0;0;0;0;
31885;4984348;540884992;28344320;485146624;0;0;0;0;0;0;0;0;0;0;0;2735;0;0;0;0;0;0;
31886;3772385;540884992;28344320;485146624;0;0;0;0;0;0;0;0;0;0;0;4318;0;0;0;0;0;0;
31887;4669246;540884992;28344320;485146624;0;0;0;0;0;0;0;0;0;0;0;2555;0;0;0;0;0;0;
31888;3554376;540884992;28344320;485146624;0;0;0;0;0;0;0;0;0;0;0;3807;0;0;0;0;0;0;
31889;5051514;540884992;28344320;485146624;0;0;0;0;0;0;0;0;0;0;0;3616;0;0;0;0;0;0;
31890;3584322;540884992;28344320;485146624;0;0;0;0;0;0;0;0;0;0;0;4539;0;0;0;0;0;0;
31891;4729369;540884992;28344320;485146624;0;0;0;0;0;0;0;0;0;0;0;3867;0;0;0;0;0;0;
31892;3529239;540884992;28344320;485146624;0;0;0;0;0;0;0;0;0;0;0;4408;0;0;0;0;0;0;
31893;4972185;540884992;28344320;485146624;0;0;0;0;0;0;0;0;0;0;0;4388;0;0;0;0;0;0;
31894;13304501;540884992;28344320;485146624;0;0;0;0;0;0;0;0;0;0;0;6372;0;0;0;0;0;0;
31895;6122252;540884992;28344320;485146624;0;0;0;0;0;0;0;0;0;0;0;5169;0;0;0;0;0;0;
31896;3494603;540884992;28344320;485146624;0;0;0;0;0;0;0;0;0;0;0;4098;0;0;0;0;0;0;
31897;4979779;540884992;28344320;485146624;0;0;0;0;0;0;0;0;0;0;0;4218;0;0;0;0;0;0;
31898;3863455;540884992;28344320;485146624;0;0;0;0;0;0;0;0;0;0;0;3958;0;0;0;0;0;0;
31899;5250216;540884992;28344320;485146624;0;0;0;0;0;0;0;0;0;0;0;4649;0;0;0;0;0;0;
31900;4636164;540884992;28344320;485146624;0;0;0;0;0;0;0;0;0;0;0;4539;0;0;0;0;0;0;
31901;5609209;540884992;28344320;485146624;0;0;0;0;0;0;0;0;0;0;0;5530;0;0;0;0;0;0;
31902;4805963;540884992;28344320;485146624;0;0;0;0;0;0;0;0;0;0;0;4528;0;0;0;0;0;0;
31903;5242491;540884992;28344320;485146624;0;0;0;0;0;0;0;0;0;0;0;4298;0;0;0;0;0;0;
31904;4712849;540884992;28344320;485146624;0;0;0;0;0;0;0;0;0;0;0;5450;0;0;0;0;0;0;
31905;5264293;540884992;28344320;485146624;0;0;0;0;0;0;0;0;0;0;0;5700;0;0;0;0;0;0;
31906;4690616;540884992;28344320;485146624;0;0;0;0;0;0;0;0;0;0;0;5280;0;0;0;0;0;0;
31907;5580064;540884992;28344320;485146624;0;0;0;0;0;0;0;0;0;0;0;4428;0;0;0;0;0;0;
31908;4841300;540884992;28344320;485146624;0;0;0;0;0;0;0;0;0;0;0;4118;0;0;0;0;0;0;
31909;5335416;540884992;28344320;485146624;0;0;0;0;0;0;0;0;0;0;0;3858;0;0;0;0;0;0;
31910;4477988;540884992;28344320;485146624;0;0;0;0;0;0;0;0;0;0;0;4268;0;0;0;0;0;0;
31911;5142143;540884992;28344320;485146624;0;0;0;0;0;0;0;0;0;0;0;4339;0;0;0;0;0;0;
31912;4616788;540884992;28344320;485146624;0;0;0;0;0;0;0;0;0;0;0;4449;0;0;0;0;0;0;
31913;5374489;540884992;28344320;485146624;0;0;0;0;0;0;0;0;0;0;0;3997;0;0;0;0;0;0;
31914;4774174;540884992;28344320;485146624;0;0;0;0;0;0;0;0;0;0;0;4769;0;0;0;0;0;0;
31915;4987643;540884992;28344320;485146624;0;0;0;0;0;0;0;0;0;0;0;4458;0;0;0;0;0;0;
31916;4821111;540884992;28344320;485146624;0;0;0;0;0;0;0;0;0;0;0;4198;0;0;0;0;0;0;
31917;4977996;540884992;28344320;485146624;0;0;0;0;0;0;0;0;0;0;0;3997;0;0;0;0;0;0;
31918;4676751;540884992;28344320;485146624;0;0;0;0;0;0;0;0;0;0;0;3907;0;0;0;0;0;0;
31919;5067584;540884992;28344320;485146624;0;0;0;0;0;0;0;0;0;0;0;3697;0;0;0;0;0;0;
31920;4623100;540884992;28344320;485146624;0;0;0;0;0;0;0;0;0;0;0;4699;0;0;0;0;0;0;
31921;5260425;540884992;28344320;485146624;0;0;0;0;0;0;0;0;0;0;0;4428;0;0;0;0;0;0;
31922;5184403;540884992;28344320;485146624;0;0;0;0;0;0;0;0;0;0;0;4278;0;0;0;0;0;0;
31923;5048118;540884992;28344320;485146624;0;0;0;0;0;0;0;0;0;0;0;4840;0;0;0;0;0;0;
31924;4999766;540884992;28344320;485146624;0;0;0;0;0;0;0;0;0;0;0;4207;0;0;0;0;0;0;
31925;4955593;540884992;28344320;485146624;0;0;0;0;0;0;0;0;0;0;0;3316;0;0;0;0;0;0;
31926;4474161;540884992;28344320;485146624;0;0;0;0;0;0;0;0;0;0;0;3577;0;0;0;0;0;0;
31927;4774885;540884992;28344320;485146624;0;0;0;0;0;0;0;0;0;0;0;3086;0;0;0;0;0;0;
31928;3460470;540884992;28344320;485146624;0;0;0;0;0;0;0;0;0;0;0;3777;0;0;0;0;0;0;
31929;4889891;540884992;28344320;485146624;0;0;0;0;0;0;0;0;0;0;0;4228;0;0;0;0;0;0;
31930;3271125;540884992;28344320;485146624;0;0;0;0;0;0;0;0;0;0;0;3848;0;0;0;0;0;0;
31931;5234467;540884992;28344320;485146624;0;0;0;0;0;0;0;0;0;0;0;3677;0;0;0;0;0;0;
31932;3634326;540884992;28344320;485146624;0;0;0;0;0;0;0;0;0;0;0;3346;0;0;0;0;0;0;
31933;5060971;540884992;28344320;485146624;0;0;0;0;0;0;0;0;0;0;0;4077;0;0;0;0;0;0;
31934;3729885;540884992;28344320;485146624;0;0;0;0;0;0;0;0;0;0;0;4348;0;0;0;0;0;0;
31935;4985139;540884992;28344320;485146624;0;0;0;0;0;0;0;0;0;0;0;4518;0;0;0;0;0;0;
31936;4117291;540884992;28344320;485146624;0;0;0;0;0;0;0;0;0;0;0;4508;0;0;0;0;0;0;
31937;4962356;540884992;28344320;485146624;0;0;0;0;0;0;0;0;0;0;0;3717;0;0;0;0;0;0;
31938;3744673;540884992;28344320;485146624;0;0;0;0;0;0;0;0;0;0;0;4398;0;0;0;0;0;0;
31939;4896142;540884992;28344320;485146624;0;0;0;0;0;0;0;0;0;0;0;3517;0;0;0;0;0;0;
31940;4413577;540884992;28344320;485146624;0;0;0;0;0;0;0;0;0;0;0;4409;0;0;0;0;0;0;
31941;4817515;540884992;28344320;485146624;0;0;0;0;0;0;0;0;0;0;0;3487;0;0;0;0;0;0;
31942;4916450;540884992;28344320;485146624;0;0;0;0;0;0;0;0;0;0;0;4167;0;0;0;0;0;0;
31943;4935576;540884992;28344320;485146624;0;0;0;0;0;0;0;0;0;0;0;2865;0;0;0;0;0;0;
31944;3589832;540884992;28344320;485146624;0;0;0;0;0;0;0;0;0;0;0;4738;0;0;0;0;0;0;
31945;4819889;540884992;28344320;485146624;0;0;0;0;0;0;0;0;0;0;0;3917;0;0;0;0;0;0;
31946;3776373;540884992;28344320;485146624;0;0;0;0;0;0;0;0;0;0;0;4799;0;0;0;0;0;0;
31947;5271716;540884992;28344320;485146624;0;0;0;0;0;0;0;0;0;0;0;4369;0;0;0;0;0;0;
31948;3678880;540884992;28344320;485146624;0;0;0;0;0;0;0;0;0;0;0;3978;0;0;0;0;0;0;
31949;4983677;540884992;28344320;485146624;0;0;0;0;0;0;0;0;0;0;0;3126;0;0;0;0;0;0;
31950;3330917;540884992;28344320;485146624;0;0;0;0;0;0;0;0;0;0;0;4768;0;0;0;0;0;0;
31951;5089024;540884992;28344320;485146624;0;0;0;0;0;0;0;0;0;0;0;3607;0;0;0;0;0;0;
31952;3592046;540884992;28344320;485146624;0;0;0;0;0;0;0;0;0;0;0;3647;0;0;0;0;0;0;
31953;5210081;540884992;28344320;485146624;0;0;0;0;0;0;0;0;0;0;0;5069;0;0;0;0;0;0;
31954;3677987;540884992;28344320;485146624;0;0;0;0;0;0;0;0;0;0;0;5330;0;0;0;0;0;0;
31955;5012019;540884992;28344320;485146624;0;0;0;0;0;0;0;0;0;0;0;3767;0;0;0;0;0;0;
31956;3768448;540884992;28344320;485146624;0;0;0;0;0;0;0;0;0;0;0;4088;0;0;0;0;0;0;
31957;5071420;540884992;28344320;485146624;0;0;0;0;0;0;0;0;0;0;0;4098;0;0;0;0;0;0;
31958;3707202;540884992;28344320;485146624;0;0;0;0;0;0;0;0;0;0;0;5129;0;0;0;0;0;0;
31959;5098572;540884992;28344320;485146624;0;0;0;0;0;0;0;0;0;0;0;4288;0;0;0;0;0;0;
31960;3761374;540884992;28344320;485146624;0;0;0;0;0;0;0;0;0;0;0;4288;0;0;0;0;0;0;
31961;5085878;540884992;28344320;485146624;0;0;0;0;0;0;0;0;0;0;0;4218;0;0;0;0;0;0;
31962;3537644;540884992;28344320;485146624;0;0;0;0;0;0;0;0;0;0;0;3998;0;0;0;0;0;0;
31963;5001259;540884992;28344320;485146624;0;0;0;0;0;0;0;0;0;0;0;4498;0;0;0;0;0;0;
31964;4101933;540884992;28344320;485146624;0;0;0;0;0;0;0;0;0;0;0;4418;0;0;0;0;0;0;
31965;5066862;540884992;28344320;485146624;0;0;0;0;0;0;0;0;0;0;0;3987;0;0;0;0;0;0;
31966;3474275;540884992;28344320;485146624;0;0;0;0;0;0;0;0;0;0;0;4438;0;0;0;0;0;0;
31967;5078645;540884992;28344320;485146624;0;0;0;0;0;0;0;0;0;0;0;4238;0;0;0;0;0;0;
31968;3561489;540884992;28344320;485146624;0;0;0;0;0;0;0;0;0;0;0;4398;0;0;0;0;0;0;
31969;5012811;540884992;28344320;485146624;0;0;0;0;0;0;0;0;0;0;0;4459;0;0;0;0;0;0;
31970;3521865;540884992;28344320;485146624;0;0;0;0;0;0;0;0;0;0;0;4388;0;0;0;0;0;0;
31971;5090627;540884992;28344320;485146624;0;0;0;0;0;0;0;0;0;0;0;4648;0;0;0;0;0;0;
31972;3695670;540884992;28344320;485146624;0;0;0;0;0;0;0;0;0;0;0;4358;0;0;0;0;0;0;
31973;5104263;540884992;28344320;485146624;0;0;0;0;0;0;0;0;0;0;0;4699;0;0;0;0;0;0;
31974;3695310;540884992;28344320;485146624;0;0;0;0;0;0;0;0;0;0;0;4248;0;0;0;0;0;0;
31975;5019814;540884992;28344320;485146624;0;0;0;0;0;0;0;0;0;0;0;3827;0;0;0;0;0;0;
31976;3697534;540884992;28344320;485146624;0;0;0;0;0;0;0;0;0;0;0;4558;0;0;0;0;0;0;
31977;5167401;540884992;28344320;485146624;0;0;0;0;0;0;0;0;0;0;0;4518;0;0;0;0;0;0;
31978;3641749;540884992;28344320;485146624;0;0;0;0;0;0;0;0;0;0;0;5200;0;0;0;0;0;0;
31979;5183862;540884992;28344320;485146624;0;0;0;0;0;0;0;0;0;0;0;4678;0;0;0;0;0;0;
31980;3862964;540884992;28344320;485146624;0;0;0;0;0;0;0;0;0;0;0;4458;0;0;0;0;0;0;
31981;5240708;540884992;28344320;485146624;0;0;0;0;0;0;0;0;0;0;0;4288;0;0;0;0;0;0;
31982;3619869;540884992;28344320;485146624;0;0;0;0;0;0;0;0;0;0;0;4789;0;0;0;0;0;0;
31983;4918574;540884992;28344320;485146624;0;0;0;0;0;0;0;0;0;0;0;4157;0;0;0;0;0;0;
31984;3490436;540884992;28344320;485146624;0;0;0;0;0;0;0;0;0;0;0;4077;0;0;0;0;0;0;
31985;5150219;540884992;28344320;485146624;0;0;0;0;0;0;0;0;0;0;0;3948;0;0;0;0;0;0;
31986;4016833;540884992;28344320;485146624;0;0;0;0;0;0;0;0;0;0;0;4589;0;0;0;0;0;0;
31987;5952653;540884992;28344320;485146624;0;0;0;0;0;0;0;0;0;0;0;9749;0;0;0;0;0;0;
31988;6186703;540884992;28344320;485146624;0;0;0;0;0;0;0;0;0;0;0;5711;0;0;0;0;0;0;
31989;5759060;540884992;28344320;485146624;0;0;0;0;0;0;0;0;0;0;0;5611;0;0;0;0;0;0;
31990;5738411;540884992;28344320;485146624;0;0;0;0;0;0;0;0;0;0;0;5781;0;0;0;0;0;0;
31991;5588931;540884992;28344320;485146624;0;0;0;0;0;0;0;0;0;0;0;5651;0;0;0;0;0;0;
31992;3614188;540884992;28344320;485146624;0;0;0;0;0;0;0;0;0;0;0;4128;0;0;0;0;0;0;
31993;5152002;540884992;28344320;485146624;0;0;0;0;0;0;0;0;0;0;0;4999;0;0;0;0;0;0;
31994;3547813;540884992;28344320;485146624;0;0;0;0;0;0;0;0;0;0;0;4388;0;0;0;0;0;0;
31995;4463521;540884992;28344320;485146624;0;0;0;0;0;0;0;0;0;0;0;2795;0;0;0;0;0;0;
31996;3699488;540884992;28344320;485146624;0;0;0;0;0;0;0;0;0;0;0;3768;0;0;0;0;0;0;
31997;4688763;540884992;28344320;485146624;0;0;0;0;0;0;0;0;0;0;0;3296;0;0;0;0;0;0;
31998;3645457;540884992;28344320;485146624;0;0;0;0;0;0;0;0;0;0;0;3987;0;0;0;0;0;0;
31999;4878820;540884992;28344320;485146624;0;0;0;0;0;0;0;0;0;0;0;3216;0;0;0;0;0;0;
32000;3915904;540884992;28344320;485146624;0;0;0;0;0;0;0;0;0;0;0;4097;0;0;0;0;0;0;
32001;4773512;540884992;28344320;485146624;0;0;0;0;0;0;0;0;0;0;0;3587;0;0;0;0;0;0;
32002;3542744;540884992;28344320;485146624;0;0;0;0;0;0;0;0;0;0;0;4408;0;0;0;0;0;0;
32003;5072733;540884992;28344320;485146624;0;0;0;0;0;0;0;0;0;0;0;4358;0;0;0;0;0;0;
32004;3731327;540884992;28344320;485146624;0;0;0;0;0;0;0;0;0;0;0;4719;0;0;0;0;0;0;
32005;5279101;540884992;28344320;485146624;0;0;0;0;0;0;0;0;0;0;0;4909;0;0;0;0;0;0;
32006;3438298;540884992;28344320;485146624;0;0;0;0;0;0;0;0;0;0;0;3847;0;0;0;0;0;0;
32007;4859734;540884992;28344320;485146624;0;0;0;0;0;0;0;0;0;0;0;3707;0;0;0;0;0;0;
32008;3351396;540884992;28344320;485146624;0;0;0;0;0;0;0;0;0;0;0;3486;0;0;0;0;0;0;
32009;5691123;540884992;28344320;485146624;0;0;0;0;0;0;0;0;0;0;0;3657;0;0;0;0;0;0;
32010;4185409;540884992;28344320;485146624;0;0;0;0;0;0;0;0;0;0;0;3897;0;0;0;0;0;0;
32011;4938772;540884992;28344320;485146624;0;0;0;0;0;0;0;0;0;0;0;5180;0;0;0;0;0;0;
32012;3568593;540884992;28344320;485146624;0;0;0;0;0;0;0;0;0;0;0;4128;0;0;0;0;0;0;
32013;4715083;540884992;28344320;485146624;0;0;0;0;0;0;0;0;0;0;0;3387;0;0;0;0;0;0;
32014;3517296;540884992;28344320;485146624;0;0;0;0;0;0;0;0;0;0;0;4528;0;0;0;0;0;0;
32015;4789142;540884992;28344320;485146624;0;0;0;0;0;0;0;0;0;0;0;3036;0;0;0;0;0;0;
32016;3760673;540884992;28344320;485146624;0;0;0;0;0;0;0;0;0;0;0;4318;0;0;0;0;0;0;
32017;4776067;540884992;28344320;485146624;0;0;0;0;0;0;0;0;0;0;0;3006;0;0;0;0;0;0;
32018;4060034;540884992;28344320;485146624;0;0;0;0;0;0;0;0;0;0;0;4759;0;0;0;0;0;0;
32019;4644090;540884992;28344320;485146624;0;0;0;0;0;0;0;0;0;0;0;3236;0;0;0;0;0;0;
32020;4229412;540884992;28344320;485146624;0;0;0;0;0;0;0;0;0;0;0;4408;0;0;0;0;0;0;
32021;4658306;540884992;28344320;485146624;0;0;0;0;0;0;0;0;0;0;0;3236;0;0;0;0;0;0;
32022;3629967;540884992;28344320;485146624;0;0;0;0;0;0;0;0;0;0;0;4158;0;0;0;0;0;0;
32023;5025695;540884992;28344320;485146624;0;0;0;0;0;0;0;0;0;0;0;4128;0;0;0;0;0;0;
32024;3559967;540884992;28344320;485146624;0;0;0;0;0;0;0;0;0;0;0;4037;0;0;0;0;0;0;
32025;4975020;540884992;28344320;485146624;0;0;0;0;0;0;0;0;0;0;0;3797;0;0;0;0;0;0;
32026;3605682;540884992;28344320;485146624;0;0;0;0;0;0;0;0;0;0;0;3928;0;0;0;0;0;0;
32027;4814669;540884992;28344320;485146624;0;0;0;0;0;0;0;0;0;0;0;4117;0;0;0;0;0;0;
32028;3433029;540884992;28344320;485146624;0;0;0;0;0;0;0;0;0;0;0;4629;0;0;0;0;0;0;
32029;5355163;540884992;28344320;485146624;0;0;0;0;0;0;0;0;0;0;0;5541;0;0;0;0;0;0;
32030;3375891;540884992;28344320;485146624;0;0;0;0;0;0;0;0;0;0;0;3567;0;0;0;0;0;0;
32031;4794872;540884992;28344320;485146624;0;0;0;0;0;0;0;0;0;0;0;4228;0;0;0;0;0;0;
32032;3598910;540884992;28344320;485146624;0;0;0;0;0;0;0;0;0;0;0;4348;0;0;0;0;0;0;
32033;4668926;540884992;28344320;485146624;0;0;0;0;0;0;0;0;0;0;0;3026;0;0;0;0;0;0;
32034;3892359;540884992;28344320;485146624;0;0;0;0;0;0;0;0;0;0;0;4238;0;0;0;0;0;0;
32035;4592502;540884992;28344320;485146624;0;0;0;0;0;0;0;0;0;0;0;2966;0;0;0;0;0;0;
32036;3848498;540884992;28344320;485146624;0;0;0;0;0;0;0;0;0;0;0;4328;0;0;0;0;0;0;
32037;4624673;540884992;28344320;485146624;0;0;0;0;0;0;0;0;0;0;0;3296;0;0;0;0;0;0;
32038;3601424;540884992;28344320;485146624;0;0;0;0;0;0;0;0;0;0;0;3917;0;0;0;0;0;0;
32039;4770397;540884992;28344320;485146624;0;0;0;0;0;0;0;0;0;0;0;4258;0;0;0;0;0;0;
32040;3555157;540884992;28344320;485146624;0;0;0;0;0;0;0;0;0;0;0;4869;0;0;0;0;0;0;
32041;5309227;540884992;28344320;485146624;0;0;0;0;0;0;0;0;0;0;0;5059;0;0;0;0;0;0;
32042;3684290;540884992;28344320;485146624;0;0;0;0;0;0;0;0;0;0;0;5490;0;0;0;0;0;0;
32043;5496408;540884992;28344320;485146624;0;0;0;0;0;0;0;0;0;0;0;5611;0;0;0;0;0;0;
32044;4773502;540884992;28344320;485146624;0;0;0;0;0;0;0;0;0;0;0;5420;0;0;0;0;0;0;
32045;5221923;540884992;28344320;485146624;0;0;0;0;0;0;0;0;0;0;0;5390;0;0;0;0;0;0;
32046;4741923;540884992;28344320;485146624;0;0;0;0;0;0;0;0;0;0;0;4738;0;0;0;0;0;0;
32047;5142394;540884992;28344320;485146624;0;0;0;0;0;0;0;0;0;0;0;3566;0;0;0;0;0;0;
32048;4733076;540884992;28344320;485146624;0;0;0;0;0;0;0;0;0;0;0;5420;0;0;0;0;0;0;
32049;5096668;540884992;28344320;485146624;0;0;0;0;0;0;0;0;0;0;0;4479;0;0;0;0;0;0;
32050;5420084;540884992;28344320;485146624;0;0;0;0;0;0;0;0;0;0;0;5360;0;0;0;0;0;0;
32051;4843594;540884992;28344320;485146624;0;0;0;0;0;0;0;0;0;0;0;4178;0;0;0;0;0;0;
32052;3851063;540884992;28344320;485146624;0;0;0;0;0;0;0;0;0;0;0;5200;0;0;0;0;0;0;
32053;4968157;540884992;28344320;485146624;0;0;0;0;0;0;0;0;0;0;0;4689;0;0;0;0;0;0;
32054;3503761;540884992;28344320;485146624;0;0;0;0;0;0;0;0;0;0;0;4529;0;0;0;0;0;0;
32055;4957878;540884992;28344320;485146624;0;0;0;0;0;0;0;0;0;0;0;4448;0;0;0;0;0;0;
32056;4005462;540884992;28344320;485146624;0;0;0;0;0;0;0;0;0;0;0;4107;0;0;0;0;0;0;
32057;4964711;540884992;28344320;485146624;0;0;0;0;0;0;0;0;0;0;0;4408;0;0;0;0;0;0;
32058;4004290;540884992;28344320;485146624;0;0;0;0;0;0;0;0;0;0;0;4068;0;0;0;0;0;0;
32059;5106286;540884992;28344320;485146624;0;0;0;0;0;0;0;0;0;0;0;4068;0;0;0;0;0;0;
32060;4037331;540884992;28344320;485146624;0;0;0;0;0;0;0;0;0;0;0;5260;0;0;0;0;0;0;
32061;4980590;540884992;28344320;485146624;0;0;0;0;0;0;0;0;0;0;0;4118;0;0;0;0;0;0;
32062;4747243;540884992;28344320;485146624;0;0;0;0;0;0;0;0;0;0;0;5551;0;0;0;0;0;0;
32063;4923714;540884992;28344320;485146624;0;0;0;0;0;0;0;0;0;0;0;4549;0;0;0;0;0;0;
32064;4761410;540884992;28344320;485146624;0;0;0;0;0;0;0;0;0;0;0;5841;0;0;0;0;0;0;
32065;5085026;540884992;28344320;485146624;0;0;0;0;0;0;0;0;0;0;0;4077;0;0;0;0;0;0;
32066;3739032;540884992;28344320;485146624;0;0;0;0;0;0;0;0;0;0;0;4078;0;0;0;0;0;0;
32067;4955764;540884992;28344320;485146624;0;0;0;0;0;0;0;0;0;0;0;4148;0;0;0;0;0;0;
32068;3627112;540884992;28344320;485146624;0;0;0;0;0;0;0;0;0;0;0;3567;0;0;0;0;0;0;
32069;4865474;540884992;28344320;485146624;0;0;0;0;0;0;0;0;0;0;0;3036;0;0;0;0;0;0;
32070;3590424;540884992;28344320;485146624;0;0;0;0;0;0;0;0;0;0;0;3837;0;0;0;0;0;0;
32071;4914236;540884992;28344320;485146624;0;0;0;0;0;0;0;0;0;0;0;3917;0;0;0;0;0;0;
32072;3777975;540884992;28344320;485146624;0;0;0;0;0;0;0;0;0;0;0;3858;0;0;0;0;0;0;
32073;5073104;540884992;28344320;485146624;0;0;0;0;0;0;0;0;0;0;0;5310;0;0;0;0;0;0;
32074;3454719;540884992;28344320;485146624;0;0;0;0;0;0;0;0;0;0;0;3947;0;0;0;0;0;0;
32075;5361685;540884992;28344320;485146624;0;0;0;0;0;0;0;0;0;0;0;4669;0;0;0;0;0;0;
32076;3589872;540884992;28344320;485146624;0;0;0;0;0;0;0;0;0;0;0;3617;0;0;0;0;0;0;
32077;4689705;540884992;28344320;485146624;0;0;0;0;0;0;0;0;0;0;0;3326;0;0;0;0;0;0;
32078;3529529;540884992;28344320;485146624;0;0;0;0;0;0;0;0;0;0;0;4228;0;0;0;0;0;0;
32079;4632948;540884992;28344320;485146624;0;0;0;0;0;0;0;0;0;0;0;3126;0;0;0;0;0;0;
32080;4154121;540884992;28344320;485146624;0;0;0;0;0;0;0;0;0;0;0;5130;0;0;0;0;0;0;
32081;4883849;540884992;28344320;485146624;0;0;0;0;0;0;0;0;0;0;0;3036;0;0;0;0;0;0;
32082;4555463;540884992;28344320;485146624;0;0;0;0;0;0;0;0;0;0;0;4348;0;0;0;0;0;0;
32083;4859634;540884992;28344320;485146624;0;0;0;0;0;0;0;0;0;0;0;3487;0;0;0;0;0;0;
32084;4434517;540884992;28344320;485146624;0;0;0;0;0;0;0;0;0;0;0;4358;0;0;0;0;0;0;
32085;4981081;540884992;28344320;485146624;0;0;0;0;0;0;0;0;0;0;0;4428;0;0;0;0;0;0;
32086;4483989;540884992;28344320;485146624;0;0;0;0;0;0;0;0;0;0;0;5230;0;0;0;0;0;0;
32087;5296914;540884992;28344320;485146624;0;0;0;0;0;0;0;0;0;0;0;5631;0;0;0;0;0;0;
32088;4805933;540884992;28344320;485146624;0;0;0;0;0;0;0;0;0;0;0;5350;0;0;0;0;0;0;
32089;5493653;540884992;28344320;485146624;0;0;0;0;0;0;0;0;0;0;0;5260;0;0;0;0;0;0;
32090;4399281;540884992;28344320;485146624;0;0;0;0;0;0;0;0;0;0;0;5130;0;0;0;0;0;0;
32091;5003884;540884992;28344320;485146624;0;0;0;0;0;0;0;0;0;0;0;5099;0;0;0;0;0;0;
32092;4811834;540884992;28344320;485146624;0;0;0;0;0;0;0;0;0;0;0;4920;0;0;0;0;0;0;
32093;5260184;540884992;28344320;485146624;0;0;0;0;0;0;0;0;0;0;0;3958;0;0;0;0;0;0;
32094;4571413;540884992;28344320;485146624;0;0;0;0;0;0;0;0;0;0;0;5050;0;0;0;0;0;0;
32095;5065841;540884992;28344320;485146624;0;0;0;0;0;0;0;0;0;0;0;4519;0;0;0;0;0;0;
32096;5074978;540884992;28344320;485146624;0;0;0;0;0;0;0;0;0;0;0;6673;0;0;0;0;0;0;
32097;5286795;540884992;28344320;485146624;0;0;0;0;0;0;0;0;0;0;0;5119;0;0;0;0;0;0;
32098;4724691;540884992;28344320;485146624;0;0;0;0;0;0;0;0;0;0;0;4769;0;0;0;0;0;0;
32099;5220260;540884992;28344320;485146624;0;0;0;0;0;0;0;0;0;0;0;5320;0;0;0;0;0;0;
32100;4459964;540884992;28344320;485146624;0;0;0;0;0;0;0;0;0;0;0;5160;0;0;0;0;0;0;
32101;5018101;540884992;28344320;485146624;0;0;0;0;0;0;0;0;0;0;0;4809;0;0;0;0;0;0;
32102;4485222;540884992;28344320;485146624;0;0;0;0;0;0;0;0;0;0;0;4589;0;0;0;0;0;0;
32103;5010777;540884992;28344320;485146624;0;0;0;0;0;0;0;0;0;0;0;10149;0;0;0;0;0;0;
32104;4638389;540884992;28344320;485146624;0;0;0;0;0;0;0;0;0;0;0;5029;0;0;0;0;0;0;
32105;5086529;540884992;28344320;485146624;0;0;0;0;0;0;0;0;0;0;0;6212;0;0;0;0;0;0;
32106;4584477;540884992;28344320;485146624;0;0;0;0;0;0;0;0;0;0;0;5550;0;0;0;0;0;0;
32107;5341548;540884992;28344320;485146624;0;0;0;0;0;0;0;0;0;0;0;5010;0;0;0;0;0;0;
32108;4636204;540884992;28344320;485146624;0;0;0;0;0;0;0;0;0;0;0;5521;0;0;0;0;0;0;
32109;5342479;540884992;28344320;485146624;0;0;0;0;0;0;0;0;0;0;0;5240;0;0;0;0;0;0;
32110;13607129;540884992;28344320;485146624;0;0;0;0;0;0;0;0;0;0;0;5400;0;0;0;0;0;0;
32111;4962717;540884992;28344320;485146624;0;0;0;0;0;0;0;0;0;0;0;3717;0;0;0;0;0;0;
32112;4941186;540884992;28344320;485146624;0;0;0;0;0;0;0;0;0;0;0;4689;0;0;0;0;0;0;
32113;4958159;540884992;28344320;485146624;0;0;0;0;0;0;0;0;0;0;0;3707;0;0;0;0;0;0;
32114;4525517;540884992;28344320;485146624;0;0;0;0;0;0;0;0;0;0;0;5020;0;0;0;0;0;0;
32115;5137866;540884992;28344320;485146624;0;0;0;0;0;0;0;0;0;0;0;5270;0;0;0;0;0;0;
32116;4883679;540884992;28344320;485146624;0;0;0;0;0;0;0;0;0;0;0;6713;0;0;0;0;0;0;
32117;5378457;540884992;28344320;485146624;0;0;0;0;0;0;0;0;0;0;0;5781;0;0;0;0;0;0;
32118;4492435;540884992;28344320;485146624;0;0;0;0;0;0;0;0;0;0;0;5431;0;0;0;0;0;0;
32119;5009164;540884992;28344320;485146624;0;0;0;0;0;0;0;0;0;0;0;4729;0;0;0;0;0;0;
32120;4762962;540884992;28344320;485146624;0;0;0;0;0;0;0;0;0;0;0;5160;0;0;0;0;0;0;
32121;5268079;540884992;28344320;485146624;0;0;0;0;0;0;0;0;0;0;0;4579;0;0;0;0;0;0;
32122;4843884;540884992;28344320;485146624;0;0;0;0;0;0;0;0;0;0;0;13656;0;0;0;0;0;0;
32123;5052305;540884992;28344320;485146624;0;0;0;0;0;0;0;0;0;0;0;5791;0;0;0;0;0;0;
32124;4802977;540884992;28344320;485146624;0;0;0;0;0;0;0;0;0;0;0;4659;0;0;0;0;0;0;
32125;5597087;540884992;28344320;485146624;0;0;0;0;0;0;0;0;0;0;0;4909;0;0;0;0;0;0;
32126;4361930;540884992;28344320;485146624;0;0;0;0;0;0;0;0;0;0;0;4298;0;0;0;0;0;0;
32127;4908756;540884992;28344320;485146624;0;0;0;0;0;0;0;0;0;0;0;3306;0;0;0;0;0;0;
32128;3705970;540884992;28344320;485146624;0;0;0;0;0;0;0;0;0;0;0;4619;0;0;0;0;0;0;
32129;4796615;540884992;28344320;485146624;0;0;0;0;0;0;0;0;0;0;0;3607;0;0;0;0;0;0;
32130;3686303;540884992;28344320;485146624;0;0;0;0;0;0;0;0;0;0;0;3987;0;0;0;0;0;0;
32131;4684795;540884992;28344320;485146624;0;0;0;0;0;0;0;0;0;0;0;3607;0;0;0;0;0;0;
32132;3777034;540884992;28344320;485146624;0;0;0;0;0;0;0;0;0;0;0;4048;0;0;0;0;0;0;
32133;4723318;540884992;28344320;485146624;0;0;0;0;0;0;0;0;0;0;0;3366;0;0;0;0;0;0;
32134;4040557;540884992;28344320;485146624;0;0;0;0;0;0;0;0;0;0;0;4077;0;0;0;0;0;0;
32135;4626286;540884992;28344320;485146624;0;0;0;0;0;0;0;0;0;0;0;3236;0;0;0;0;0;0;
32136;3979774;540884992;28344320;485146624;0;0;0;0;0;0;0;0;0;0;0;4598;0;0;0;0;0;0;
32137;4692200;540884992;28344320;485146624;0;0;0;0;0;0;0;0;0;0;0;3236;0;0;0;0;0;0;
32138;3731508;540884992;28344320;485146624;0;0;0;0;0;0;0;0;0;0;0;4588;0;0;0;0;0;0;
32139;4618351;540884992;28344320;485146624;0;0;0;0;0;0;0;0;0;0;0;3647;0;0;0;0;0;0;
32140;3683427;540884992;28344320;485146624;0;0;0;0;0;0;0;0;0;0;0;3818;0;0;0;0;0;0;
32141;4656683;540884992;28344320;485146624;0;0;0;0;0;0;0;0;0;0;0;3426;0;0;0;0;0;0;
32142;3804976;540884992;28344320;485146624;0;0;0;0;0;0;0;0;0;0;0;4518;0;0;0;0;0;0;
32143;5031436;540884992;28344320;485146624;0;0;0;0;0;0;0;0;0;0;0;4268;0;0;0;0;0;0;
32144;3992387;540884992;28344320;485146624;0;0;0;0;0;0;0;0;0;0;0;4468;0;0;0;0;0;0;
32145;4904377;540884992;28344320;485146624;0;0;0;0;0;0;0;0;0;0;0;3356;0;0;0;0;0;0;
32146;3558253;540884992;28344320;485146624;0;0;0;0;0;0;0;0;0;0;0;5079;0;0;0;0;0;0;
32147;4680248;540884992;28344320;485146624;0;0;0;0;0;0;0;0;0;0;0;3416;0;0;0;0;0;0;
32148;4320122;540884992;28344320;485146624;0;0;0;0;0;0;0;0;0;0;0;4619;0;0;0;0;0;0;
32149;4656432;540884992;28344320;485146624;0;0;0;0;0;0;0;0;0;0;0;3056;0;0;0;0;0;0;
32150;3863776;540884992;28344320;485146624;0;0;0;0;0;0;0;0;0;0;0;4067;0;0;0;0;0;0;
32151;4646805;540884992;28344320;485146624;0;0;0;0;0;0;0;0;0;0;0;3406;0;0;0;0;0;0;
32152;3671014;540884992;28344320;485146624;0;0;0;0;0;0;0;0;0;0;0;3788;0;0;0;0;0;0;
32153;4919516;540884992;28344320;485146624;0;0;0;0;0;0;0;0;0;0;0;4449;0;0;0;0;0;0;
32154;3207235;540884992;28344320;485146624;0;0;0;0;0;0;0;0;0;0;0;4449;0;0;0;0;0;0;
32155;4792928;540884992;28344320;485146624;0;0;0;0;0;0;0;0;0;0;0;3627;0;0;0;0;0;0;
32156;3515403;540884992;28344320;485146624;0;0;0;0;0;0;0;0;0;0;0;3948;0;0;0;0;0;0;
32157;5144518;540884992;28344320;485146624;0;0;0;0;0;0;0;0;0;0;0;4559;0;0;0;0;0;0;
32158;3436165;540884992;28344320;485146624;0;0;0;0;0;0;0;0;0;0;0;3667;0;0;0;0;0;0;
32159;4997262;540884992;28344320;485146624;0;0;0;0;0;0;0;0;0;0;0;4108;0;0;0;0;0;0;
32160;3949637;540884992;28344320;485146624;0;0;0;0;0;0;0;0;0;0;0;5260;0;0;0;0;0;0;
32161;5012060;540884992;28344320;485146624;0;0;0;0;0;0;0;0;0;0;0;4408;0;0;0;0;0;0;
32162;5849811;540884992;28344320;485146624;0;0;0;0;0;0;0;0;0;0;0;4889;0;0;0;0;0;0;
32163;4952739;540884992;28344320;485146624;0;0;0;0;0;0;0;0;0;0;0;4789;0;0;0;0;0;0;
32164;5347599;540884992;28344320;485146624;0;0;0;0;0;0;0;0;0;0;0;4759;0;0;0;0;0;0;
32165;5421347;540884992;28344320;485146624;0;0;0;0;0;0;0;0;0;0;0;5670;0;0;0;0;0;0;
32166;4482667;540884992;28344320;485146624;0;0;0;0;0;0;0;0;0;0;0;3296;0;0;0;0;0;0;
32167;5075519;540884992;28344320;485146624;0;0;0;0;0;0;0;0;0;0;0;3818;0;0;0;0;0;0;
32168;4206328;540884992;28344320;485146624;0;0;0;0;0;0;0;0;0;0;0;4919;0;0;0;0;0;0;
32169;5054099;540884992;28344320;485146624;0;0;0;0;0;0;0;0;0;0;0;5159;0;0;0;0;0;0;
32170;3314065;540884992;28344320;485146624;0;0;0;0;0;0;0;0;0;0;0;3326;0;0;0;0;0;0;
32171;5062263;540884992;28344320;485146624;0;0;0;0;0;0;0;0;0;0;0;5040;0;0;0;0;0;0;
32172;3779117;540884992;28344320;485146624;0;0;0;0;0;0;0;0;0;0;0;4458;0;0;0;0;0;0;
32173;4867168;540884992;28344320;485146624;0;0;0;0;0;0;0;0;0;0;0;4258;0;0;0;0;0;0;
32174;4257083;540884992;28344320;485146624;0;0;0;0;0;0;0;0;0;0;0;6783;0;0;0;0;0;0;
32175;5040192;540884992;28344320;485146624;0;0;0;0;0;0;0;0;0;0;0;3186;0;0;0;0;0;0;
32176;3744352;540884992;28344320;485146624;0;0;0;0;0;0;0;0;0;0;0;3697;0;0;0;0;0;0;
32177;4709753;540884992;28344320;485146624;0;0;0;0;0;0;0;0;0;0;0;3587;0;0;0;0;0;0;
32178;3910414;540884992;28344320;485146624;0;0;0;0;0;0;0;0;0;0;0;4398;0;0;0;0;0;0;
32179;4774995;540884992;28344320;485146624;0;0;0;0;0;0;0;0;0;0;0;3176;0;0;0;0;0;0;
32180;4756821;540884992;28344320;485146624;0;0;0;0;0;0;0;0;0;0;0;4579;0;0;0;0;0;0;
32181;4890311;540884992;28344320;485146624;0;0;0;0;0;0;0;0;0;0;0;3437;0;0;0;0;0;0;
32182;4895421;540884992;28344320;485146624;0;0;0;0;0;0;0;0;0;0;0;4168;0;0;0;0;0;0;
32183;4816813;540884992;28344320;485146624;0;0;0;0;0;0;0;0;0;0;0;3507;0;0;0;0;0;0;
32184;4901161;540884992;28344320;485146624;0;0;0;0;0;0;0;0;0;0;0;4388;0;0;0;0;0;0;
32185;4811874;540884992;28344320;485146624;0;0;0;0;0;0;0;0;0;0;0;3697;0;0;0;0;0;0;
32186;4058181;540884992;28344320;485146624;0;0;0;0;0;0;0;0;0;0;0;3998;0;0;0;0;0;0;
32187;4575832;540884992;28344320;485146624;0;0;0;0;0;0;0;0;0;0;0;3306;0;0;0;0;0;0;
32188;3393925;540884992;28344320;485146624;0;0;0;0;0;0;0;0;0;0;0;4188;0;0;0;0;0;0;
32189;4864784;540884992;28344320;485146624;0;0;0;0;0;0;0;0;0;0;0;3887;0;0;0;0;0;0;
32190;4178897;540884992;28344320;485146624;0;0;0;0;0;0;0;0;0;0;0;5911;0;0;0;0;0;0;
32191;5078304;540884992;28344320;485146624;0;0;0;0;0;0;0;0;0;0;0;4438;0;0;0;0;0;0;
32192;4313158;540884992;28344320;485146624;0;0;0;0;0;0;0;0;0;0;0;4108;0;0;0;0;0;0;
32193;4812776;540884992;28344320;485146624;0;0;0;0;0;0;0;0;0;0;0;3427;0;0;0;0;0;0;
32194;3830273;540884992;28344320;485146624;0;0;0;0;0;0;0;0;0;0;0;4328;0;0;0;0;0;0;
32195;4683955;540884992;28344320;485146624;0;0;0;0;0;0;0;0;0;0;0;3116;0;0;0;0;0;0;
32196;4012315;540884992;28344320;485146624;0;0;0;0;0;0;0;0;0;0;0;3978;0;0;0;0;0;0;
32197;4660059;540884992;28344320;485146624;0;0;0;0;0;0;0;0;0;0;0;3066;0;0;0;0;0;0;
32198;3712532;540884992;28344320;485146624;0;0;0;0;0;0;0;0;0;0;0;3907;0;0;0;0;0;0;
32199;4639201;540884992;28344320;485146624;0;0;0;0;0;0;0;0;0;0;0;3006;0;0;0;0;0;0;
32200;5033079;540884992;28344320;485146624;0;0;0;0;0;0;0;0;0;0;0;5461;0;0;0;0;0;0;
32201;5104523;540884992;28344320;485146624;0;0;0;0;0;0;0;0;0;0;0;4178;0;0;0;0;0;0;
32202;4624042;540884992;28344320;485146624;0;0;0;0;0;0;0;0;0;0;0;5180;0;0;0;0;0;0;
32203;5437026;540884992;28344320;485146624;0;0;0;0;0;0;0;0;0;0;0;6152;0;0;0;0;0;0;
32204;4864132;540884992;28344320;485146624;0;0;0;0;0;0;0;0;0;0;0;4628;0;0;0;0;0;0;
32205;5926695;547176448;43925504;500727808;0;0;0;0;0;0;0;0;0;0;0;5000;0;0;0;0;0;0;
32206;5552893;547176448;43925504;500727808;0;0;0;0;0;0;0;0;0;0;0;4789;0;0;0;0;0;0;
32207;5373737;553467904;43925504;500727808;0;0;0;0;0;0;0;0;0;0;0;3888;0;0;0;0;0;0;
32208;4860325;553467904;43925504;500727808;0;0;0;0;0;0;0;0;0;0;0;4499;0;0;0;0;0;0;
32209;4936437;553467904;43925504;500727808;0;0;0;0;0;0;0;0;0;0;0;4439;0;0;0;0;0;0;
32210;4984157;548069376;38387712;495190016;0;0;0;0;0;0;0;0;0;0;0;4769;0;0;0;0;0;0;
32211;5406489;548069376;38387712;495190016;0;0;0;0;0;0;0;0;0;0;0;5540;0;0;0;0;0;0;
32212;4687491;548069376;38387712;495190016;0;0;0;0;0;0;0;0;0;0;0;5620;0;0;0;0;0;0;
32213;5503030;548069376;38387712;495190016;0;0;0;0;0;0;0;0;0;0;0;4999;0;0;0;0;0;0;
32214;4795103;548069376;38387712;495190016;0;0;0;0;0;0;0;0;0;0;0;5299;0;0;0;0;0;0;
32215;5162742;548069376;38387712;495190016;0;0;0;0;0;0;0;0;0;0;0;4258;0;0;0;0;0;0;
32216;4919877;548069376;38387712;495190016;0;0;0;0;0;0;0;0;0;0;0;4899;0;0;0;0;0;0;
32217;4805592;548069376;38387712;495190016;0;0;0;0;0;0;0;0;0;0;0;3747;0;0;0;0;0;0;
32218;4771609;548069376;38387712;495190016;0;0;0;0;0;0;0;0;0;0;0;4699;0;0;0;0;0;0;
32219;5372225;548069376;38387712;495190016;0;0;0;0;0;0;0;0;0;0;0;6362;0;0;0;0;0;0;
32220;4997412;548069376;38387712;495190016;0;0;0;0;0;0;0;0;0;0;0;4969;0;0;0;0;0;0;
32221;5444891;548069376;38387712;495190016;0;0;0;0;0;0;0;0;0;0;0;4568;0;0;0;0;0;0;
32222;4596961;548069376;38387712;495190016;0;0;0;0;0;0;0;0;0;0;0;4709;0;0;0;0;0;0;
32223;5069367;548069376;38387712;495190016;0;0;0;0;0;0;0;0;0;0;0;4478;0;0;0;0;0;0;
32224;4728337;548069376;38387712;495190016;0;0;0;0;0;0;0;0;0;0;0;4709;0;0;0;0;0;0;
32225;4888418;548069376;38387712;495190016;0;0;0;0;0;0;0;0;0;0;0;3988;0;0;0;0;0;0;
32226;5088042;548069376;38387712;495190016;0;0;0;0;0;0;0;0;0;0;0;4939;0;0;0;0;0;0;
32227;5193319;548069376;38387712;495190016;0;0;0;0;0;0;0;0;0;0;0;5460;0;0;0;0;0;0;
32228;4790584;548069376;38387712;495190016;0;0;0;0;0;0;0;0;0;0;0;13836;0;0;0;0;0;0;
32229;5856533;550969344;38387712;495190016;0;0;0;0;0;0;0;0;0;0;0;5100;0;0;0;0;0;0;
32230;5023151;550969344;38387712;495190016;0;0;0;0;0;0;0;0;0;0;0;5270;0;0;0;0;0;0;
32231;5248573;550969344;38387712;495190016;0;0;0;0;0;0;0;0;0;0;0;4629;0;0;0;0;0;0;
32232;4946085;550969344;38387712;495190016;0;0;0;0;0;0;0;0;0;0;0;4849;0;0;0;0;0;0;
32233;5245888;550969344;38387712;495190016;0;0;0;0;0;0;0;0;0;0;0;3907;0;0;0;0;0;0;
32234;4841640;550969344;38387712;495190016;0;0;0;0;0;0;0;0;0;0;0;5020;0;0;0;0;0;0;
32235;5062674;550969344;38387712;495190016;0;0;0;0;0;0;0;0;0;0;0;4569;0;0;0;0;0;0;
32236;4780255;550969344;38387712;495190016;0;0;0;0;0;0;0;0;0;0;0;4157;0;0;0;0;0;0;
32237;5578151;550969344;38387712;495190016;0;0;0;0;0;0;0;0;0;0;0;4128;0;0;0;0;0;0;
32238;4562336;550969344;38387712;495190016;0;0;0;0;0;0;0;0;0;0;0;3647;0;0;0;0;0;0;
32239;5174815;550969344;38387712;495190016;0;0;0;0;0;0;0;0;0;0;0;4318;0;0;0;0;0;0;
32240;3883783;550969344;38387712;495190016;0;0;0;0;0;0;0;0;0;0;0;4318;0;0;0;0;0;0;
32241;5177961;550969344;38387712;495190016;0;0;0;0;0;0;0;0;0;0;0;5079;0;0;0;0;0;0;
32242;5091789;550969344;38387712;495190016;0;0;0;0;0;0;0;0;0;0;0;5370;0;0;0;0;0;0;
32243;5080347;550969344;38387712;495190016;0;0;0;0;0;0;0;0;0;0;0;4208;0;0;0;0;0;0;
32244;4858882;550969344;38387712;495190016;0;0;0;0;0;0;0;0;0;0;0;5200;0;0;0;0;0;0;
32245;5033590;550969344;38387712;495190016;0;0;0;0;0;0;0;0;0;0;0;3647;0;0;0;0;0;0;
32246;5222554;550969344;38387712;495190016;0;0;0;0;0;0;0;0;0;0;0;5110;0;0;0;0;0;0;
32247;5142454;550969344;38387712;495190016;0;0;0;0;0;0;0;0;0;0;0;4078;0;0;0;0;0;0;
32248;4785494;550969344;38387712;495190016;0;0;0;0;0;0;0;0;0;0;0;5050;0;0;0;0;0;0;
32249;5388015;550969344;38387712;495190016;0;0;0;0;0;0;0;0;0;0;0;5641;0;0;0;0;0;0;
32250;4446098;550969344;38387712;495190016;0;0;0;0;0;0;0;0;0;0;0;5179;0;0;0;0;0;0;
32251;5109091;550969344;38387712;495190016;0;0;0;0;0;0;0;0;0;0;0;4639;0;0;0;0;0;0;
32252;4779744;550969344;38387712;495190016;0;0;0;0;0;0;0;0;0;0;0;4879;0;0;0;0;0;0;
32253;5092531;550969344;38387712;495190016;0;0;0;0;0;0;0;0;0;0;0;3958;0;0;0;0;0;0;
32254;4662023;550969344;38387712;495190016;0;0;0;0;0;0;0;0;0;0;0;4989;0;0;0;0;0;0;
32255;5090526;550969344;38387712;495190016;0;0;0;0;0;0;0;0;0;0;0;4408;0;0;0;0;0;0;
32256;4552618;550969344;38387712;495190016;0;0;0;0;0;0;0;0;0;0;0;5019;0;0;0;0;0;0;
32257;5255756;550969344;38387712;495190016;0;0;0;0;0;0;0;0;0;0;0;4849;0;0;0;0;0;0;
32258;4793109;550969344;38387712;495190016;0;0;0;0;0;0;0;0;0;0;0;5450;0;0;0;0;0;0;
32259;5295300;550969344;38387712;495190016;0;0;0;0;0;0;0;0;0;0;0;4529;0;0;0;0;0;0;
32260;4588645;550969344;38387712;495190016;0;0;0;0;0;0;0;0;0;0;0;4939;0;0;0;0;0;0;
32261;5020355;550969344;38387712;495190016;0;0;0;0;0;0;0;0;0;0;0;4569;0;0;0;0;0;0;
32262;4507253;550969344;38387712;495190016;0;0;0;0;0;0;0;0;0;0;0;4779;0;0;0;0;0;0;
32263;5088142;550969344;38387712;495190016;0;0;0;0;0;0;0;0;0;0;0;3606;0;0;0;0;0;0;
32264;4638189;550969344;38387712;495190016;0;0;0;0;0;0;0;0;0;0;0;4378;0;0;0;0;0;0;
32265;4993946;550969344;38387712;495190016;0;0;0;0;0;0;0;0;0;0;0;4328;0;0;0;0;0;0;
32266;3787523;550969344;38387712;495190016;0;0;0;0;0;0;0;0;0;0;0;4198;0;0;0;0;0;0;
32267;4757813;550969344;38387712;495190016;0;0;0;0;0;0;0;0;0;0;0;4379;0;0;0;0;0;0;
32268;3474747;550969344;38387712;495190016;0;0;0;0;0;0;0;0;0;0;0;3717;0;0;0;0;0;0;
32269;5937696;550969344;38387712;495190016;0;0;0;0;0;0;0;0;0;0;0;5500;0;0;0;0;0;0;
32270;3431766;550969344;38387712;495190016;0;0;0;0;0;0;0;0;0;0;0;4037;0;0;0;0;0;0;
32271;5152252;550969344;38387712;495190016;0;0;0;0;0;0;0;0;0;0;0;4318;0;0;0;0;0;0;
32272;3406659;550969344;38387712;495190016;0;0;0;0;0;0;0;0;0;0;0;4388;0;0;0;0;0;0;
32273;5305029;550969344;38387712;495190016;0;0;0;0;0;0;0;0;0;0;0;5380;0;0;0;0;0;0;
32274;3909712;550969344;38387712;495190016;0;0;0;0;0;0;0;0;0;0;0;4348;0;0;0;0;0;0;
32275;4956155;550969344;38387712;495190016;0;0;0;0;0;0;0;0;0;0;0;4087;0;0;0;0;0;0;
32276;3697534;550969344;38387712;495190016;0;0;0;0;0;0;0;0;0;0;0;4729;0;0;0;0;0;0;
32277;4966404;550969344;38387712;495190016;0;0;0;0;0;0;0;0;0;0;0;3537;0;0;0;0;0;0;
32278;4524876;550969344;38387712;495190016;0;0;0;0;0;0;0;0;0;0;0;5601;0;0;0;0;0;0;
32279;5443779;550969344;38387712;495190016;0;0;0;0;0;0;0;0;0;0;0;4989;0;0;0;0;0;0;
32280;4449985;550969344;38387712;495190016;0;0;0;0;0;0;0;0;0;0;0;5220;0;0;0;0;0;0;
32281;5123078;550969344;38387712;495190016;0;0;0;0;0;0;0;0;0;0;0;4238;0;0;0;0;0;0;
32282;4587162;550969344;38387712;495190016;0;0;0;0;0;0;0;0;0;0;0;12022;0;0;0;0;0;0;
32283;5048428;550969344;38387712;495190016;0;0;0;0;0;0;0;0;0;0;0;4318;0;0;0;0;0;0;
32284;4486494;550969344;38387712;495190016;0;0;0;0;0;0;0;0;0;0;0;3547;0;0;0;0;0;0;
32285;4821031;550969344;38387712;495190016;0;0;0;0;0;0;0;0;0;0;0;3626;0;0;0;0;0;0;
32286;3518318;550969344;38387712;495190016;0;0;0;0;0;0;0;0;0;0;0;4308;0;0;0;0;0;0;
32287;4834547;550969344;38387712;495190016;0;0;0;0;0;0;0;0;0;0;0;4999;0;0;0;0;0;0;
32288;3582969;550969344;38387712;495190016;0;0;0;0;0;0;0;0;0;0;0;3787;0;0;0;0;0;0;
32289;4644450;550969344;38387712;495190016;0;0;0;0;0;0;0;0;0;0;0;3517;0;0;0;0;0;0;
32290;3712031;550969344;38387712;495190016;0;0;0;0;0;0;0;0;0;0;0;4068;0;0;0;0;0;0;
32291;4753255;550969344;38387712;495190016;0;0;0;0;0;0;0;0;0;0;0;3156;0;0;0;0;0;0;
32292;3878003;550969344;38387712;495190016;0;0;0;0;0;0;0;0;0;0;0;4288;0;0;0;0;0;0;
32293;4589877;550969344;38387712;495190016;0;0;0;0;0;0;0;0;0;0;0;2755;0;0;0;0;0;0;
32294;3465449;550969344;38387712;495190016;0;0;0;0;0;0;0;0;0;0;0;4408;0;0;0;0;0;0;
32295;4789171;550969344;38387712;495190016;0;0;0;0;0;0;0;0;0;0;0;3647;0;0;0;0;0;0;
32296;3774689;550969344;38387712;495190016;0;0;0;0;0;0;0;0;0;0;0;3717;0;0;0;0;0;0;
32297;5134970;550969344;38387712;495190016;0;0;0;0;0;0;0;0;0;0;0;4529;0;0;0;0;0;0;
32298;3568282;550969344;38387712;495190016;0;0;0;0;0;0;0;0;0;0;0;4668;0;0;0;0;0;0;
32299;4854915;550969344;38387712;495190016;0;0;0;0;0;0;0;0;0;0;0;3627;0;0;0;0;0;0;
32300;3356545;550969344;38387712;495190016;0;0;0;0;0;0;0;0;0;0;0;3987;0;0;0;0;0;0;
32301;5276656;550969344;38387712;495190016;0;0;0;0;0;0;0;0;0;0;0;5430;0;0;0;0;0;0;
32302;3505684;550969344;38387712;495190016;0;0;0;0;0;0;0;0;0;0;0;4378;0;0;0;0;0;0;
32303;4749718;550969344;38387712;495190016;0;0;0;0;0;0;0;0;0;0;0;4548;0;0;0;0;0;0;
32304;3481259;550969344;38387712;495190016;0;0;0;0;0;0;0;0;0;0;0;4358;0;0;0;0;0;0;
32305;4544934;550969344;38387712;495190016;0;0;0;0;0;0;0;0;0;0;0;3567;0;0;0;0;0;0;
32306;3730356;550969344;38387712;495190016;0;0;0;0;0;0;0;0;0;0;0;3937;0;0;0;0;0;0;
32307;4639231;550969344;38387712;495190016;0;0;0;0;0;0;0;0;0;0;0;3727;0;0;0;0;0;0;
32308;3539128;550969344;38387712;495190016;0;0;0;0;0;0;0;0;0;0;0;4589;0;0;0;0;0;0;
32309;4645021;550969344;38387712;495190016;0;0;0;0;0;0;0;0;0;0;0;3196;0;0;0;0;0;0;
32310;4493146;550969344;38387712;495190016;0;0;0;0;0;0;0;0;0;0;0;3566;0;0;0;0;0;0;
32311;4643939;550969344;38387712;495190016;0;0;0;0;0;0;0;0;0;0;0;3367;0;0;0;0;0;0;
32312;3456272;550969344;38387712;495190016;0;0;0;0;0;0;0;0;0;0;0;3647;0;0;0;0;0;0;
32313;4851418;550969344;38387712;495190016;0;0;0;0;0;0;0;0;0;0;0;4418;0;0;0;0;0;0;
32314;3369960;550969344;38387712;495190016;0;0;0;0;0;0;0;0;0;0;0;4799;0;0;0;0;0;0;
32315;4964149;550969344;38387712;495190016;0;0;0;0;0;0;0;0;0;0;0;5751;0;0;0;0;0;0;
32316;3756425;550969344;38387712;495190016;0;0;0;0;0;0;0;0;0;0;0;4869;0;0;0;0;0;0;
32317;5270725;550969344;38387712;495190016;0;0;0;0;0;0;0;0;0;0;0;3947;0;0;0;0;0;0;
32318;3691343;550969344;38387712;495190016;0;0;0;0;0;0;0;0;0;0;0;3556;0;0;0;0;0;0;
32319;5232503;550969344;38387712;495190016;0;0;0;0;0;0;0;0;0;0;0;4899;0;0;0;0;0;0;
32320;3616221;550969344;38387712;495190016;0;0;0;0;0;0;0;0;0;0;0;4438;0;0;0;0;0;0;
32321;5053758;550969344;38387712;495190016;0;0;0;0;0;0;0;0;0;0;0;4428;0;0;0;0;0;0;
32322;4010401;550969344;38387712;495190016;0;0;0;0;0;0;0;0;0;0;0;4979;0;0;0;0;0;0;
32323;11646371;550969344;38387712;495190016;0;0;0;0;0;0;0;0;0;0;0;4979;0;0;0;0;0;0;
32324;6110860;550969344;38387712;495190016;0;0;0;0;0;0;0;0;0;0;0;4228;0;0;0;0;0;0;
32325;4914346;550969344;38387712;495190016;0;0;0;0;0;0;0;0;0;0;0;4489;0;0;0;0;0;0;
32326;4339629;550969344;38387712;495190016;0;0;0;0;0;0;0;0;0;0;0;3677;0;0;0;0;0;0;
32327;4998864;550969344;38387712;495190016;0;0;0;0;0;0;0;0;0;0;0;4238;0;0;0;0;0;0;
32328;3743421;550969344;38387712;495190016;0;0;0;0;0;0;0;0;0;0;0;4138;0;0;0;0;0;0;
32329;4657825;550969344;38387712;495190016;0;0;0;0;0;0;0;0;0;0;0;4008;0;0;0;0;0;0;
32330;3694990;550969344;38387712;495190016;0;0;0;0;0;0;0;0;0;0;0;4098;0;0;0;0;0;0;
32331;4670689;550969344;38387712;495190016;0;0;0;0;0;0;0;0;0;0;0;3857;0;0;0;0;0;0;
32332;3790979;550969344;38387712;495190016;0;0;0;0;0;0;0;0;0;0;0;3807;0;0;0;0;0;0;
32333;4595047;550969344;38387712;495190016;0;0;0;0;0;0;0;0;0;0;0;3557;0;0;0;0;0;0;
32334;3597757;550969344;38387712;495190016;0;0;0;0;0;0;0;0;0;0;0;3346;0;0;0;0;0;0;
32335;4760648;550969344;38387712;495190016;0;0;0;0;0;0;0;0;0;0;0;3617;0;0;0;0;0;0;
32336;3625900;550969344;38387712;495190016;0;0;0;0;0;0;0;0;0;0;0;4529;0;0;0;0;0;0;
32337;4720834;550969344;38387712;495190016;0;0;0;0;0;0;0;0;0;0;0;4248;0;0;0;0;0;0;
32338;3626661;550969344;38387712;495190016;0;0;0;0;0;0;0;0;0;0;0;4589;0;0;0;0;0;0;
32339;4749357;550969344;38387712;495190016;0;0;0;0;0;0;0;0;0;0;0;3797;0;0;0;0;0;0;
32340;3855611;550969344;38387712;495190016;0;0;0;0;0;0;0;0;0;0;0;4598;0;0;0;0;0;0;
32341;4929826;550969344;38387712;495190016;0;0;0;0;0;0;0;0;0;0;0;4289;0;0;0;0;0;0;
32342;4538411;550969344;38387712;495190016;0;0;0;0;0;0;0;0;0;0;0;4548;0;0;0;0;0;0;
32343;4922110;550969344;38387712;495190016;0;0;0;0;0;0;0;0;0;0;0;3837;0;0;0;0;0;0;
32344;4745740;550969344;38387712;495190016;0;0;0;0;0;0;0;0;0;0;0;5320;0;0;0;0;0;0;
32345;4909567;550969344;38387712;495190016;0;0;0;0;0;0;0;0;0;0;0;3918;0;0;0;0;0;0;
32346;4910028;550969344;38387712;495190016;0;0;0;0;0;0;0;0;0;0;0;4659;0;0;0;0;0;0;
32347;4955183;550969344;38387712;495190016;0;0;0;0;0;0;0;0;0;0;0;3867;0;0;0;0;0;0;
32348;4804160;550969344;38387712;495190016;0;0;0;0;0;0;0;0;0;0;0;4939;0;0;0;0;0;0;
32349;5176207;550969344;38387712;495190016;0;0;0;0;0;0;0;0;0;0;0;4228;0;0;0;0;0;0;
32350;4592372;550969344;38387712;495190016;0;0;0;0;0;0;0;0;0;0;0;4819;0;0;0;0;0;0;
32351;5233254;550969344;38387712;495190016;0;0;0;0;0;0;0;0;0;0;0;4598;0;0;0;0;0;0;
32352;5363138;550969344;38387712;495190016;0;0;0;0;0;0;0;0;0;0;0;5540;0;0;0;0;0;0;
32353;5406229;550969344;38387712;495190016;0;0;0;0;0;0;0;0;0;0;0;5420;0;0;0;0;0;0;
32354;4860765;550969344;38387712;495190016;0;0;0;0;0;0;0;0;0;0;0;5671;0;0;0;0;0;0;
32355;4912954;550969344;38387712;495190016;0;0;0;0;0;0;0;0;0;0;0;5130;0;0;0;0;0;0;
32356;4693612;550969344;38387712;495190016;0;0;0;0;0;0;0;0;0;0;0;4659;0;0;0;0;0;0;
32357;4843453;550969344;38387712;495190016;0;0;0;0;0;0;0;0;0;0;0;3236;0;0;0;0;0;0;
32358;4670319;550969344;38387712;495190016;0;0;0;0;0;0;0;0;0;0;0;4458;0;0;0;0;0;0;
32359;5046855;550969344;38387712;495190016;0;0;0;0;0;0;0;0;0;0;0;4288;0;0;0;0;0;0;
32360;4568868;550969344;38387712;495190016;0;0;0;0;0;0;0;0;0;0;0;5160;0;0;0;0;0;0;
32361;5491979;550969344;38387712;495190016;0;0;0;0;0;0;0;0;0;0;0;5270;0;0;0;0;0;0;
32362;4728718;550969344;38387712;495190016;0;0;0;0;0;0;0;0;0;0;0;4328;0;0;0;0;0;0;
32363;5069797;550969344;38387712;495190016;0;0;0;0;0;0;0;0;0;0;0;4429;0;0;0;0;0;0;
32364;5092360;550969344;38387712;495190016;0;0;0;0;0;0;0;0;0;0;0;5361;0;0;0;0;0;0;
32365;5052716;550969344;38387712;495190016;0;0;0;0;0;0;0;0;0;0;0;4098;0;0;0;0;0;0;
32366;4672693;550969344;38387712;495190016;0;0;0;0;0;0;0;0;0;0;0;4899;0;0;0;0;0;0;
32367;5291443;550969344;38387712;495190016;0;0;0;0;0;0;0;0;0;0;0;4348;0;0;0;0;0;0;
32368;4524836;550969344;38387712;495190016;0;0;0;0;0;0;0;0;0;0;0;4498;0;0;0;0;0;0;
32369;5251589;550969344;38387712;495190016;0;0;0;0;0;0;0;0;0;0;0;5260;0;0;0;0;0;0;
32370;4678855;550969344;38387712;495190016;0;0;0;0;0;0;0;0;0;0;0;4509;0;0;0;0;0;0;
32371;5430734;550969344;38387712;495190016;0;0;0;0;0;0;0;0;0;0;0;4869;0;0;0;0;0;0;
32372;4872437;550969344;38387712;495190016;0;0;0;0;0;0;0;0;0;0;0;4979;0;0;0;0;0;0;
32373;5156230;550969344;38387712;495190016;0;0;0;0;0;0;0;0;0;0;0;4037;0;0;0;0;0;0;
32374;4905920;550969344;38387712;495190016;0;0;0;0;0;0;0;0;0;0;0;4619;0;0;0;0;0;0;
32375;5001620;550969344;38387712;495190016;0;0;0;0;0;0;0;0;0;0;0;3877;0;0;0;0;0;0;
32376;5080527;550969344;38387712;495190016;0;0;0;0;0;0;0;0;0;0;0;4468;0;0;0;0;0;0;
32377;4685397;550969344;38387712;495190016;0;0;0;0;0;0;0;0;0;0;0;3416;0;0;0;0;0;0;
32378;4311074;550969344;38387712;495190016;0;0;0;0;0;0;0;0;0;0;0;4048;0;0;0;0;0;0;
32379;4770937;550969344;38387712;495190016;0;0;0;0;0;0;0;0;0;0;0;3597;0;0;0;0;0;0;
32380;4016562;550969344;38387712;495190016;0;0;0;0;0;0;0;0;0;0;0;4799;0;0;0;0;0;0;
32381;4839355;550969344;38387712;495190016;0;0;0;0;0;0;0;0;0;0;0;3066;0;0;0;0;0;0;
32382;4011443;550969344;38387712;495190016;0;0;0;0;0;0;0;0;0;0;0;3817;0;0;0;0;0;0;
32383;4941547;550969344;38387712;495190016;0;0;0;0;0;0;0;0;0;0;0;2915;0;0;0;0;0;0;
32384;4586912;550969344;38387712;495190016;0;0;0;0;0;0;0;0;0;0;0;5110;0;0;0;0;0;0;
32385;5017420;550969344;38387712;495190016;0;0;0;0;0;0;0;0;0;0;0;4118;0;0;0;0;0;0;
32386;4320182;550969344;38387712;495190016;0;0;0;0;0;0;0;0;0;0;0;3637;0;0;0;0;0;0;
32387;4783661;550969344;38387712;495190016;0;0;0;0;0;0;0;0;0;0;0;3036;0;0;0;0;0;0;
32388;3848468;550969344;38387712;495190016;0;0;0;0;0;0;0;0;0;0;0;3426;0;0;0;0;0;0;
32389;4656192;550969344;38387712;495190016;0;0;0;0;0;0;0;0;0;0;0;3838;0;0;0;0;0;0;
32390;3745855;550969344;38387712;495190016;0;0;0;0;0;0;0;0;0;0;0;4128;0;0;0;0;0;0;
32391;4783531;550969344;38387712;495190016;0;0;0;0;0;0;0;0;0;0;0;3847;0;0;0;0;0;0;
32392;4655060;550969344;38387712;495190016;0;0;0;0;0;0;0;0;0;0;0;5370;0;0;0;0;0;0;
32393;4693221;550969344;38387712;495190016;0;0;0;0;0;0;0;0;0;0;0;4067;0;0;0;0;0;0;
32394;4127190;550969344;38387712;495190016;0;0;0;0;0;0;0;0;0;0;0;4679;0;0;0;0;0;0;
32395;4489039;550969344;38387712;495190016;0;0;0;0;0;0;0;0;0;0;0;2484;0;0;0;0;0;0;
32396;2855585;550969344;38387712;495190016;0;0;0;0;0;0;0;0;0;0;0;3346;0;0;0;0;0;0;
32397;4514607;550969344;38387712;495190016;0;0;0;0;0;0;0;0;0;0;0;2876;0;0;0;0;0;0;
32398;2878779;550969344;38387712;495190016;0;0;0;0;0;0;0;0;0;0;0;3477;0;0;0;0;0;0;
32399;4453332;550969344;38387712;495190016;0;0;0;0;0;0;0;0;0;0;0;2745;0;0;0;0;0;0;
32400;2880191;550969344;38387712;495190016;0;0;0;0;0;0;0;0;0;0;0;2956;0;0;0;0;0;0;
32401;4392718;550969344;38387712;495190016;0;0;0;0;0;0;0;0;0;0;0;2715;0;0;0;0;0;0;
32402;3011738;550969344;38387712;495190016;0;0;0;0;0;0;0;0;0;0;0;3406;0;0;0;0;0;0;
32403;4502905;550969344;38387712;495190016;0;0;0;0;0;0;0;0;0;0;0;2785;0;0;0;0;0;0;
32404;2711666;550969344;38387712;495190016;0;0;0;0;0;0;0;0;0;0;0;3336;0;0;0;0;0;0;
32405;4502053;550969344;38387712;495190016;0;0;0;0;0;0;0;0;0;0;0;3056;0;0;0;0;0;0;
32406;2817373;550969344;38387712;495190016;0;0;0;0;0;0;0;0;0;0;0;2885;0;0;0;0;0;0;
32407;4511430;550969344;38387712;495190016;0;0;0;0;0;0;0;0;0;0;0;2866;0;0;0;0;0;0;
32408;3757026;550969344;38387712;495190016;0;0;0;0;0;0;0;0;0;0;0;3557;0;0;0;0;0;0;
32409;4890762;550969344;38387712;495190016;0;0;0;0;0;0;0;0;0;0;0;3677;0;0;0;0;0;0;
32410;4159000;550969344;38387712;495190016;0;0;0;0;0;0;0;0;0;0;0;3807;0;0;0;0;0;0;
32411;4760878;550969344;38387712;495190016;0;0;0;0;0;0;0;0;0;0;0;3647;0;0;0;0;0;0;
32412;2774904;550969344;38387712;495190016;0;0;0;0;0;0;0;0;0;0;0;2946;0;0;0;0;0;0;
32413;4672803;550969344;38387712;495190016;0;0;0;0;0;0;0;0;0;0;0;2525;0;0;0;0;0;0;
32414;3996716;550969344;38387712;495190016;0;0;0;0;0;0;0;0;0;0;0;3888;0;0;0;0;0;0;
32415;4862429;550969344;38387712;495190016;0;0;0;0;0;0;0;0;0;0;0;3356;0;0;0;0;0;0;
32416;3770972;550969344;38387712;495190016;0;0;0;0;0;0;0;0;0;0;0;4198;0;0;0;0;0;0;
32417;4914657;550969344;38387712;495190016;0;0;0;0;0;0;0;0;0;0;0;3627;0;0;0;0;0;0;
32418;4124815;550969344;38387712;495190016;0;0;0;0;0;0;0;0;0;0;0;4238;0;0;0;0;0;0;
32419;4700696;550969344;38387712;495190016;0;0;0;0;0;0;0;0;0;0;0;3947;0;0;0;0;0;0;
32420;4280046;550969344;38387712;495190016;0;0;0;0;0;0;0;0;0;0;0;3797;0;0;0;0;0;0;
32421;4810452;550969344;38387712;495190016;0;0;0;0;0;0;0;0;0;0;0;3617;0;0;0;0;0;0;
32422;3901707;550969344;38387712;495190016;0;0;0;0;0;0;0;0;0;0;0;3416;0;0;0;0;0;0;
32423;4922030;550969344;38387712;495190016;0;0;0;0;0;0;0;0;0;0;0;3667;0;0;0;0;0;0;
32424;3853838;550969344;38387712;495190016;0;0;0;0;0;0;0;0;0;0;0;4178;0;0;0;0;0;0;
32425;4816282;550969344;38387712;495190016;0;0;0;0;0;0;0;0;0;0;0;3857;0;0;0;0;0;0;
32426;4105159;550969344;38387712;495190016;0;0;0;0;0;0;0;0;0;0;0;3507;0;0;0;0;0;0;
32427;4820791;550969344;38387712;495190016;0;0;0;0;0;0;0;0;0;0;0;3657;0;0;0;0;0;0;
32428;4009018;550969344;38387712;495190016;0;0;0;0;0;0;0;0;0;0;0;3997;0;0;0;0;0;0;
32429;4838013;550969344;38387712;495190016;0;0;0;0;0;0;0;0;0;0;0;3146;0;0;0;0;0;0;
32430;3819122;550969344;38387712;495190016;0;0;0;0;0;0;0;0;0;0;0;4458;0;0;0;0;0;0;
32431;4705154;550969344;38387712;495190016;0;0;0;0;0;0;0;0;0;0;0;3516;0;0;0;0;0;0;
32432;4101382;550969344;38387712;495190016;0;0;0;0;0;0;0;0;0;0;0;4819;0;0;0;0;0;0;
32433;4689344;550969344;38387712;495190016;0;0;0;0;0;0;0;0;0;0;0;3076;0;0;0;0;0;0;
32434;3849239;550969344;38387712;495190016;0;0;0;0;0;0;0;0;0;0;0;3757;0;0;0;0;0;0;
32435;4665970;550969344;38387712;495190016;0;0;0;0;0;0;0;0;0;0;0;3356;0;0;0;0;0;0;
32436;4450387;550969344;38387712;495190016;0;0;0;0;0;0;0;0;0;0;0;3667;0;0;0;0;0;0;
32437;4659368;550969344;38387712;495190016;0;0;0;0;0;0;0;0;0;0;0;3416;0;0;0;0;0;0;
32438;3902068;550969344;38387712;495190016;0;0;0;0;0;0;0;0;0;0;0;3507;0;0;0;0;0;0;
32439;4672713;550969344;38387712;495190016;0;0;0;0;0;0;0;0;0;0;0;3236;0;0;0;0;0;0;
32440;3981858;550969344;38387712;495190016;0;0;0;0;0;0;0;0;0;0;0;3467;0;0;0;0;0;0;
32441;4902805;550969344;38387712;495190016;0;0;0;0;0;0;0;0;0;0;0;3085;0;0;0;0;0;0;
32442;3865920;550969344;38387712;495190016;0;0;0;0;0;0;0;0;0;0;0;3567;0;0;0;0;0;0;
32443;4659398;550969344;38387712;495190016;0;0;0;0;0;0;0;0;0;0;0;3426;0;0;0;0;0;0;
32444;3900064;550969344;38387712;495190016;0;0;0;0;0;0;0;0;0;0;0;3606;0;0;0;0;0;0;
32445;4747994;550969344;38387712;495190016;0;0;0;0;0;0;0;0;0;0;0;3908;0;0;0;0;0;0;
32446;3919380;550969344;38387712;495190016;0;0;0;0;0;0;0;0;0;0;0;4008;0;0;0;0;0;0;
32447;4964670;550969344;38387712;495190016;0;0;0;0;0;0;0;0;0;0;0;3416;0;0;0;0;0;0;
32448;3882090;550969344;38387712;495190016;0;0;0;0;0;0;0;0;0;0;0;3777;0;0;0;0;0;0;
32449;4839256;550969344;38387712;495190016;0;0;0;0;0;0;0;0;0;0;0;3436;0;0;0;0;0;0;
32450;3746356;550969344;38387712;495190016;0;0;0;0;0;0;0;0;0;0;0;3427;0;0;0;0;0;0;
32451;4397688;550969344;38387712;495190016;0;0;0;0;0;0;0;0;0;0;0;3036;0;0;0;0;0;0;
32452;2845867;550969344;38387712;495190016;0;0;0;0;0;0;0;0;0;0;0;3467;0;0;0;0;0;0;
32453;4380565;550969344;38387712;495190016;0;0;0;0;0;0;0;0;0;0;0;2645;0;0;0;0;0;0;
32454;3060409;550969344;38387712;495190016;0;0;0;0;0;0;0;0;0;0;0;3376;0;0;0;0;0;0;
32455;4376528;550969344;38387712;495190016;0;0;0;0;0;0;0;0;0;0;0;2695;0;0;0;0;0;0;
32456;3141712;550969344;38387712;495190016;0;0;0;0;0;0;0;0;0;0;0;3657;0;0;0;0;0;0;
32457;4526008;550969344;38387712;495190016;0;0;0;0;0;0;0;0;0;0;0;2675;0;0;0;0;0;0;
32458;3048888;550969344;38387712;495190016;0;0;0;0;0;0;0;0;0;0;0;3126;0;0;0;0;0;0;
32459;4427513;550969344;38387712;495190016;0;0;0;0;0;0;0;0;0;0;0;2965;0;0;0;0;0;0;
32460;2774563;550969344;38387712;495190016;0;0;0;0;0;0;0;0;0;0;0;2645;0;0;0;0;0;0;
32461;4391085;550969344;38387712;495190016;0;0;0;0;0;0;0;0;0;0;0;2705;0;0;0;0;0;0;
32462;2873209;550969344;38387712;495190016;0;0;0;0;0;0;0;0;0;0;0;3477;0;0;0;0;0;0;
32463;4404881;550969344;38387712;495190016;0;0;0;0;0;0;0;0;0;0;0;3056;0;0;0;0;0;0;
32464;2656191;550969344;38387712;495190016;0;0;0;0;0;0;0;0;0;0;0;2785;0;0;0;0;0;0;
32465;4825630;550969344;38387712;495190016;0;0;0;0;0;0;0;0;0;0;0;2295;0;0;0;0;0;0;
32466;2790333;550969344;38387712;495190016;0;0;0;0;0;0;0;0;0;0;0;2996;0;0;0;0;0;0;
32467;4397487;550969344;38387712;495190016;0;0;0;0;0;0;0;0;0;0;0;2525;0;0;0;0;0;0;
32468;2873539;550969344;38387712;495190016;0;0;0;0;0;0;0;0;0;0;0;2695;0;0;0;0;0;0;
32469;4528883;550969344;38387712;495190016;0;0;0;0;0;0;0;0;0;0;0;2585;0;0;0;0;0;0;
32470;2952217;550969344;38387712;495190016;0;0;0;0;0;0;0;0;0;0;0;3026;0;0;0;0;0;0;
32471;4428184;550969344;38387712;495190016;0;0;0;0;0;0;0;0;0;0;0;2444;0;0;0;0;0;0;
32472;3094905;550969344;38387712;495190016;0;0;0;0;0;0;0;0;0;0;0;2635;0;0;0;0;0;0;
32473;4306006;550969344;38387712;495190016;0;0;0;0;0;0;0;0;0;0;0;2184;0;0;0;0;0;0;
32474;2952086;550969344;38387712;495190016;0;0;0;0;0;0;0;0;0;0;0;3297;0;0;0;0;0;0;
32475;4371268;550969344;38387712;495190016;0;0;0;0;0;0;0;0;0;0;0;2504;0;0;0;0;0;0;
32476;3311380;550969344;38387712;495190016;0;0;0;0;0;0;0;0;0;0;0;2835;0;0;0;0;0;0;
32477;4571403;550969344;38387712;495190016;0;0;0;0;0;0;0;0;0;0;0;2565;0;0;0;0;0;0;
32478;3363157;550969344;38387712;495190016;0;0;0;0;0;0;0;0;0;0;0;4047;0;0;0;0;0;0;
32479;4734098;550969344;38387712;495190016;0;0;0;0;0;0;0;0;0;0;0;2715;0;0;0;0;0;0;
32480;3976657;550969344;38387712;495190016;0;0;0;0;0;0;0;0;0;0;0;3136;0;0;0;0;0;0;
32481;4912323;550969344;38387712;495190016;0;0;0;0;0;0;0;0;0;0;0;3627;0;0;0;0;0;0;
32482;4183335;550969344;38387712;495190016;0;0;0;0;0;0;0;0;0;0;0;3917;0;0;0;0;0;0;
32483;4635033;550969344;38387712;495190016;0;0;0;0;0;0;0;0;0;0;0;2965;0;0;0;0;0;0;
32484;4334068;550969344;38387712;495190016;0;0;0;0;0;0;0;0;0;0;0;3567;0;0;0;0;0;0;
32485;4576733;550969344;38387712;495190016;0;0;0;0;0;0;0;0;0;0;0;3526;0;0;0;0;0;0;
32486;3945479;550969344;38387712;495190016;0;0;0;0;0;0;0;0;0;0;0;3317;0;0;0;0;0;0;
32487;4629632;550969344;38387712;495190016;0;0;0;0;0;0;0;0;0;0;0;3366;0;0;0;0;0;0;
32488;3949658;550969344;38387712;495190016;0;0;0;0;0;0;0;0;0;0;0;3095;0;0;0;0;0;0;
32489;4839316;550969344;38387712;495190016;0;0;0;0;0;0;0;0;0;0;0;2815;0;0;0;0;0;0;
32490;4110689;550969344;38387712;495190016;0;0;0;0;0;0;0;0;0;0;0;3516;0;0;0;0;0;0;
32491;4749427;550969344;38387712;495190016;0;0;0;0;0;0;0;0;0;0;0;3326;0;0;0;0;0;0;
32492;3789106;550969344;38387712;495190016;0;0;0;0;0;0;0;0;0;0;0;2455;0;0;0;0;0;0;
32493;4669507;550969344;38387712;495190016;0;0;0;0;0;0;0;0;0;0;0;2544;0;0;0;0;0;0;
32494;2900630;550969344;38387712;495190016;0;0;0;0;0;0;0;0;0;0;0;2514;0;0;0;0;0;0;
32495;4615356;550969344;38387712;495190016;0;0;0;0;0;0;0;0;0;0;0;2315;0;0;0;0;0;0;
32496;3109972;550969344;38387712;495190016;0;0;0;0;0;0;0;0;0;0;0;2755;0;0;0;0;0;0;
32497;4343836;550969344;38387712;495190016;0;0;0;0;0;0;0;0;0;0;0;2294;0;0;0;0;0;0;
32498;3543406;550969344;38387712;495190016;0;0;0;0;0;0;0;0;0;0;0;4158;0;0;0;0;0;0;
32499;4864202;550969344;38387712;495190016;0;0;0;0;0;0;0;0;0;0;0;3677;0;0;0;0;0;0;
32500;4106732;550969344;38387712;495190016;0;0;0;0;0;0;0;0;0;0;0;3206;0;0;0;0;0;0;
32501;4649600;550969344;38387712;495190016;0;0;0;0;0;0;0;0;0;0;0;2645;0;0;0;0;0;0;
32502;3920572;550969344;38387712;495190016;0;0;0;0;0;0;0;0;0;0;0;3286;0;0;0;0;0;0;
32503;4728678;550969344;38395904;495198208;0;0;0;0;0;0;0;0;0;0;0;2926;0;0;0;0;0;0;
32504;3052314;550969344;38395904;495198208;0;0;0;0;0;0;0;0;0;0;0;2836;0;0;0;0;0;0;
32505;4511310;550969344;38395904;495198208;0;0;0;0;0;0;0;0;0;0;0;2635;0;0;0;0;0;0;
32506;3324645;550969344;38395904;495198208;0;0;0;0;0;0;0;0;0;0;0;3567;0;0;0;0;0;0;
32507;4871005;550969344;38395904;495198208;0;0;0;0;0;0;0;0;0;0;0;3416;0;0;0;0;0;0;
32508;4807867;550969344;38395904;495198208;0;0;0;0;0;0;0;0;0;0;0;4228;0;0;0;0;0;0;
32509;4694574;550969344;38395904;495198208;0;0;0;0;0;0;0;0;0;0;0;3447;0;0;0;0;0;0;
32510;3675893;551075840;38387712;495190016;0;0;0;0;0;0;0;0;0;0;0;3217;0;0;0;0;0;0;
32511;4593925;551075840;38387712;495190016;0;0;0;0;0;0;0;0;0;0;0;2855;0;0;0;0;0;0;
32512;3776182;551075840;38387712;495190016;0;0;0;0;0;0;0;0;0;0;0;3697;0;0;0;0;0;0;
32513;4797657;551075840;38387712;495190016;0;0;0;0;0;0;0;0;0;0;0;2986;0;0;0;0;0;0;
32514;4086103;551075840;38387712;495190016;0;0;0;0;0;0;0;0;0;0;0;4358;0;0;0;0;0;0;
32515;4831110;551075840;38387712;495190016;0;0;0;0;0;0;0;0;0;0;0;4369;0;0;0;0;0;0;
32516;3706581;551075840;38387712;495190016;0;0;0;0;0;0;0;0;0;0;0;3948;0;0;0;0;0;0;
32517;4708310;551075840;38387712;495190016;0;0;0;0;0;0;0;0;0;0;0;3286;0;0;0;0;0;0;
32518;3955618;551075840;38387712;495190016;0;0;0;0;0;0;0;0;0;0;0;3887;0;0;0;0;0;0;
32519;4749006;551075840;38387712;495190016;0;0;0;0;0;0;0;0;0;0;0;3647;0;0;0;0;0;0;
32520;4099698;551075840;38387712;495190016;0;0;0;0;0;0;0;0;0;0;0;3927;0;0;0;0;0;0;
32521;4669367;551075840;38387712;495190016;0;0;0;0;0;0;0;0;0;0;0;3316;0;0;0;0;0;0;
32522;3740646;551075840;38387712;495190016;0;0;0;0;0;0;0;0;0;0;0;3076;0;0;0;0;0;0;
32523;4511471;551075840;38387712;495190016;0;0;0;0;0;0;0;0;0;0;0;3166;0;0;0;0;0;0;
32524;3317953;551075840;38387712;495190016;0;0;0;0;0;0;0;0;0;0;0;3166;0;0;0;0;0;0;
32525;4520047;551075840;38387712;495190016;0;0;0;0;0;0;0;0;0;0;0;3035;0;0;0;0;0;0;
32526;3160277;551075840;38387712;495190016;0;0;0;0;0;0;0;0;0;0;0;3807;0;0;0;0;0;0;
32527;4781227;551075840;38387712;495190016;0;0;0;0;0;0;0;0;0;0;0;3687;0;0;0;0;0;0;
32528;4045907;551075840;38387712;495190016;0;0;0;0;0;0;0;0;0;0;0;3877;0;0;0;0;0;0;
32529;4768713;551075840;38387712;495190016;0;0;0;0;0;0;0;0;0;0;0;3276;0;0;0;0;0;0;
32530;4093357;551075840;38387712;495190016;0;0;0;0;0;0;0;0;0;0;0;3917;0;0;0;0;0;0;
32531;4721625;551075840;38387712;495190016;0;0;0;0;0;0;0;0;0;0;0;3757;0;0;0;0;0;0;
32532;4383421;551075840;38387712;495190016;0;0;0;0;0;0;0;0;0;0;0;3938;0;0;0;0;0;0;
32533;4763182;551075840;38387712;495190016;0;0;0;0;0;0;0;0;0;0;0;3477;0;0;0;0;0;0;
32534;4023746;551075840;38387712;495190016;0;0;0;0;0;0;0;0;0;0;0;4078;0;0;0;0;0;0;
32535;4742824;551075840;38387712;495190016;0;0;0;0;0;0;0;0;0;0;0;3497;0;0;0;0;0;0;
32536;4053913;551075840;38387712;495190016;0;0;0;0;0;0;0;0;0;0;0;4018;0;0;0;0;0;0;
32537;4649199;551075840;38387712;495190016;0;0;0;0;0;0;0;0;0;0;0;3657;0;0;0;0;0;0;
32538;3975495;551075840;38387712;495190016;0;0;0;0;0;0;0;0;0;0;0;4118;0;0;0;0;0;0;
32539;4750799;551075840;38387712;495190016;0;0;0;0;0;0;0;0;0;0;0;3877;0;0;0;0;0;0;
32540;3880687;551075840;38387712;495190016;0;0;0;0;0;0;0;0;0;0;0;3717;0;0;0;0;0;0;
32541;4904638;551075840;38387712;495190016;0;0;0;0;0;0;0;0;0;0;0;3857;0;0;0;0;0;0;
32542;3861982;551075840;38387712;495190016;0;0;0;0;0;0;0;0;0;0;0;4439;0;0;0;0;0;0;
32543;4874281;551075840;38387712;495190016;0;0;0;0;0;0;0;0;0;0;0;3446;0;0;0;0;0;0;
32544;3712082;551075840;38387712;495190016;0;0;0;0;0;0;0;0;0;0;0;4037;0;0;0;0;0;0;
32545;4698802;551075840;38387712;495190016;0;0;0;0;0;0;0;0;0;0;0;3246;0;0;0;0;0;0;
32546;3799275;551075840;38387712;495190016;0;0;0;0;0;0;0;0;0;0;0;3988;0;0;0;0;0;0;
32547;4704773;551075840;38387712;495190016;0;0;0;0;0;0;0;0;0;0;0;3707;0;0;0;0;0;0;
32548;3707032;551075840;38387712;495190016;0;0;0;0;0;0;0;0;0;0;0;3757;0;0;0;0;0;0;
32549;4874161;551075840;38387712;495190016;0;0;0;0;0;0;0;0;0;0;0;3377;0;0;0;0;0;0;
32550;3855351;551075840;38387712;495190016;0;0;0;0;0;0;0;0;0;0;0;4018;0;0;0;0;0;0;
32551;7729586;551075840;38387712;495190016;0;0;0;0;0;0;0;0;0;0;0;3256;0;0;0;0;0;0;
32552;9919713;551075840;38387712;495190016;0;0;0;0;0;0;0;0;0;0;0;4499;0;0;0;0;0;0;
32553;4840648;551075840;38387712;495190016;0;0;0;0;0;0;0;0;0;0;0;3437;0;0;0;0;0;0;
32554;4973858;551075840;38387712;495190016;0;0;0;0;0;0;0;0;0;0;0;4198;0;0;0;0;0;0;
32555;4791055;551075840;38387712;495190016;0;0;0;0;0;0;0;0;0;0;0;3667;0;0;0;0;0;0;
32556;3635929;551075840;38387712;495190016;0;0;0;0;0;0;0;0;0;0;0;3507;0;0;0;0;0;0;
32557;4468440;551075840;38387712;495190016;0;0;0;0;0;0;0;0;0;0;0;3025;0;0;0;0;0;0;
32558;3760072;551075840;38387712;495190016;0;0;0;0;0;0;0;0;0;0;0;3987;0;0;0;0;0;0;
32559;4762762;551075840;38387712;495190016;0;0;0;0;0;0;0;0;0;0;0;3817;0;0;0;0;0;0;
32560;4081454;551075840;38387712;495190016;0;0;0;0;0;0;0;0;0;0;0;3666;0;0;0;0;0;0;
32561;4688022;551075840;38387712;495190016;0;0;0;0;0;0;0;0;0;0;0;4058;0;0;0;0;0;0;
32562;4175911;551075840;38387712;495190016;0;0;0;0;0;0;0;0;0;0;0;4709;0;0;0;0;0;0;
32563;4979980;551075840;38387712;495190016;0;0;0;0;0;0;0;0;0;0;0;4108;0;0;0;0;0;0;
32564;4076515;551075840;38387712;495190016;0;0;0;0;0;0;0;0;0;0;0;3998;0;0;0;0;0;0;
32565;4969009;551075840;38387712;495190016;0;0;0;0;0;0;0;0;0;0;0;3517;0;0;0;0;0;0;
32566;3792372;551075840;38387712;495190016;0;0;0;0;0;0;0;0;0;0;0;4108;0;0;0;0;0;0;
32567;4733196;551075840;38387712;495190016;0;0;0;0;0;0;0;0;0;0;0;3537;0;0;0;0;0;0;
32568;3860329;551075840;38387712;495190016;0;0;0;0;0;0;0;0;0;0;0;3727;0;0;0;0;0;0;
32569;4879390;551075840;38387712;495190016;0;0;0;0;0;0;0;0;0;0;0;3587;0;0;0;0;0;0;
32570;3842997;551075840;38387712;495190016;0;0;0;0;0;0;0;0;0;0;0;3928;0;0;0;0;0;0;
32571;4731713;551075840;38387712;495190016;0;0;0;0;0;0;0;0;0;0;0;3687;0;0;0;0;0;0;
32572;3746777;551075840;38387712;495190016;0;0;0;0;0;0;0;0;0;0;0;3857;0;0;0;0;0;0;
32573;4759436;551075840;38387712;495190016;0;0;0;0;0;0;0;0;0;0;0;3486;0;0;0;0;0;0;
32574;3884695;551075840;38387712;495190016;0;0;0;0;0;0;0;0;0;0;0;3707;0;0;0;0;0;0;
32575;4706216;551075840;38387712;495190016;0;0;0;0;0;0;0;0;0;0;0;3417;0;0;0;0;0;0;
32576;3740455;551075840;38387712;495190016;0;0;0;0;0;0;0;0;0;0;0;3757;0;0;0;0;0;0;
32577;4904608;551075840;38387712;495190016;0;0;0;0;0;0;0;0;0;0;0;3547;0;0;0;0;0;0;
32578;4095831;551075840;38387712;495190016;0;0;0;0;0;0;0;0;0;0;0;3767;0;0;0;0;0;0;
32579;4603964;551075840;38387712;495190016;0;0;0;0;0;0;0;0;0;0;0;3567;0;0;0;0;0;0;
32580;3732841;551075840;38387712;495190016;0;0;0;0;0;0;0;0;0;0;0;4098;0;0;0;0;0;0;
32581;4646955;551075840;38387712;495190016;0;0;0;0;0;0;0;0;0;0;0;3567;0;0;0;0;0;0;
32582;4001244;551075840;38387712;495190016;0;0;0;0;0;0;0;0;0;0;0;3446;0;0;0;0;0;0;
32583;4692250;551075840;38387712;495190016;0;0;0;0;0;0;0;0;0;0;0;3237;0;0;0;0;0;0;
32584;3829262;551075840;38387712;495190016;0;0;0;0;0;0;0;0;0;0;0;3707;0;0;0;0;0;0;
32585;4995859;551075840;38387712;495190016;0;0;0;0;0;0;0;0;0;0;0;3627;0;0;0;0;0;0;
32586;3923778;551075840;38387712;495190016;0;0;0;0;0;0;0;0;0;0;0;3616;0;0;0;0;0;0;
32587;4932941;551075840;38387712;495190016;0;0;0;0;0;0;0;0;0;0;0;3416;0;0;0;0;0;0;
32588;4136607;551075840;38387712;495190016;0;0;0;0;0;0;0;0;0;0;0;2956;0;0;0;0;0;0;
32589;4493718;551075840;38387712;495190016;0;0;0;0;0;0;0;0;0;0;0;2374;0;0;0;0;0;0;
32590;3315187;551075840;38387712;495190016;0;0;0;0;0;0;0;0;0;0;0;3045;0;0;0;0;0;0;
32591;4522301;551075840;38387712;495190016;0;0;0;0;0;0;0;0;0;0;0;2736;0;0;0;0;0;0;
32592;3245206;551075840;38387712;495190016;0;0;0;0;0;0;0;0;0;0;0;4168;0;0;0;0;0;0;
32593;4973116;551075840;38387712;495190016;0;0;0;0;0;0;0;0;0;0;0;3858;0;0;0;0;0;0;
32594;4187563;551075840;38387712;495190016;0;0;0;0;0;0;0;0;0;0;0;4068;0;0;0;0;0;0;
32595;4825009;551075840;38387712;495190016;0;0;0;0;0;0;0;0;0;0;0;3797;0;0;0;0;0;0;
32596;3831526;551075840;38387712;495190016;0;0;0;0;0;0;0;0;0;0;0;4047;0;0;0;0;0;0;
32597;4698291;551075840;38387712;495190016;0;0;0;0;0;0;0;0;0;0;0;3657;0;0;0;0;0;0;
32598;3863165;551075840;38387712;495190016;0;0;0;0;0;0;0;0;0;0;0;4008;0;0;0;0;0;0;
32599;4718398;551075840;38387712;495190016;0;0;0;0;0;0;0;0;0;0;0;3637;0;0;0;0;0;0;
32600;3923599;551075840;38387712;495190016;0;0;0;0;0;0;0;0;0;0;0;3797;0;0;0;0;0;0;
32601;4848643;551075840;38387712;495190016;0;0;0;0;0;0;0;0;0;0;0;3166;0;0;0;0;0;0;
32602;4299082;551075840;38387712;495190016;0;0;0;0;0;0;0;0;0;0;0;4098;0;0;0;0;0;0;
32603;4684435;551075840;38387712;495190016;0;0;0;0;0;0;0;0;0;0;0;3547;0;0;0;0;0;0;
32604;3994090;551075840;38387712;495190016;0;0;0;0;0;0;0;0;0;0;0;3777;0;0;0;0;0;0;
32605;4654198;551075840;38387712;495190016;0;0;0;0;0;0;0;0;0;0;0;3707;0;0;0;0;0;0;
32606;3796340;551075840;38387712;495190016;0;0;0;0;0;0;0;0;0;0;0;4369;0;0;0;0;0;0;
32607;4763674;551075840;38387712;495190016;0;0;0;0;0;0;0;0;0;0;0;3416;0;0;0;0;0;0;
32608;3834942;551075840;38387712;495190016;0;0;0;0;0;0;0;0;0;0;0;3837;0;0;0;0;0;0;
32609;4667283;551075840;38387712;495190016;0;0;0;0;0;0;0;0;0;0;0;3437;0;0;0;0;0;0;
32610;3817489;551075840;38387712;495190016;0;0;0;0;0;0;0;0;0;0;0;3667;0;0;0;0;0;0;
32611;4696408;551075840;38387712;495190016;0;0;0;0;0;0;0;0;0;0;0;3597;0;0;0;0;0;0;
32612;3916214;551075840;38387712;495190016;0;0;0;0;0;0;0;0;0;0;0;4339;0;0;0;0;0;0;
32613;4813998;551075840;38387712;495190016;0;0;0;0;0;0;0;0;0;0;0;3206;0;0;0;0;0;0;
32614;3221211;551075840;38387712;495190016;0;0;0;0;0;0;0;0;0;0;0;3366;0;0;0;0;0;0;
32615;4538371;551075840;38387712;495190016;0;0;0;0;0;0;0;0;0;0;0;2926;0;0;0;0;0;0;
32616;2887555;551075840;38387712;495190016;0;0;0;0;0;0;0;0;0;0;0;3317;0;0;0;0;0;0;
32617;4758194;551075840;38395904;495198208;0;0;0;0;0;0;0;0;0;0;0;3036;0;0;0;0;0;0;
32618;2838794;551075840;38395904;495198208;0;0;0;0;0;0;0;0;0;0;0;2835;0;0;0;0;0;0;
32619;4528042;551075840;38395904;495198208;0;0;0;0;0;0;0;0;0;0;0;2786;0;0;0;0;0;0;
32620;3171839;551075840;38395904;495198208;0;0;0;0;0;0;0;0;0;0;0;3807;0;0;0;0;0;0;
32621;4647185;551075840;38395904;495198208;0;0;0;0;0;0;0;0;0;0;0;3426;0;0;0;0;0;0;
32622;3986636;551075840;38395904;495198208;0;0;0;0;0;0;0;0;0;0;0;3396;0;0;0;0;0;0;
32623;4695225;551075840;38395904;495198208;0;0;0;0;0;0;0;0;0;0;0;3296;0;0;0;0;0;0;
32624;4108194;551096320;38387712;495190016;0;0;0;0;0;0;0;0;0;0;0;3486;0;0;0;0;0;0;
32625;4760427;551096320;38387712;495190016;0;0;0;0;0;0;0;0;0;0;0;3907;0;0;0;0;0;0;
32626;4104918;551096320;38387712;495190016;0;0;0;0;0;0;0;0;0;0;0;3877;0;0;0;0;0;0;
32627;4706557;551096320;38387712;495190016;0;0;0;0;0;0;0;0;0;0;0;3917;0;0;0;0;0;0;
32628;3735315;551096320;38387712;495190016;0;0;0;0;0;0;0;0;0;0;0;3617;0;0;0;0;0;0;
32629;4726855;551096320;38387712;495190016;0;0;0;0;0;0;0;0;0;0;0;3657;0;0;0;0;0;0;
32630;3874016;551096320;38387712;495190016;0;0;0;0;0;0;0;0;0;0;0;3967;0;0;0;0;0;0;
32631;4945435;551096320;38387712;495190016;0;0;0;0;0;0;0;0;0;0;0;3697;0;0;0;0;0;0;
32632;4046479;551096320;38387712;495190016;0;0;0;0;0;0;0;0;0;0;0;3897;0;0;0;0;0;0;
32633;4742895;551096320;38387712;495190016;0;0;0;0;0;0;0;0;0;0;0;3838;0;0;0;0;0;0;
32634;3871771;551096320;38387712;495190016;0;0;0;0;0;0;0;0;0;0;0;4007;0;0;0;0;0;0;
32635;4623481;551096320;38387712;495190016;0;0;0;0;0;0;0;0;0;0;0;3807;0;0;0;0;0;0;
32636;3892940;551096320;38387712;495190016;0;0;0;0;0;0;0;0;0;0;0;4038;0;0;0;0;0;0;
32637;4671380;551096320;38387712;495190016;0;0;0;0;0;0;0;0;0;0;0;3116;0;0;0;0;0;0;
32638;3892170;551096320;38387712;495190016;0;0;0;0;0;0;0;0;0;0;0;3256;0;0;0;0;0;0;
32639;4671932;551096320;38387712;495190016;0;0;0;0;0;0;0;0;0;0;0;3367;0;0;0;0;0;0;
32640;3746076;551096320;38387712;495190016;0;0;0;0;0;0;0;0;0;0;0;3987;0;0;0;0;0;0;
32641;4672263;551096320;38387712;495190016;0;0;0;0;0;0;0;0;0;0;0;3206;0;0;0;0;0;0;
32642;3493993;551096320;38387712;495190016;0;0;0;0;0;0;0;0;0;0;0;3256;0;0;0;0;0;0;
32643;4583406;551096320;38387712;495190016;0;0;0;0;0;0;0;0;0;0;0;2655;0;0;0;0;0;0;
32644;2931037;551096320;38387712;495190016;0;0;0;0;0;0;0;0;0;0;0;2976;0;0;0;0;0;0;
32645;4543301;551096320;38387712;495190016;0;0;0;0;0;0;0;0;0;0;0;2604;0;0;0;0;0;0;
32646;2936436;551096320;38387712;495190016;0;0;0;0;0;0;0;0;0;0;0;3266;0;0;0;0;0;0;
32647;4581001;551096320;38387712;495190016;0;0;0;0;0;0;0;0;0;0;0;2775;0;0;0;0;0;0;
32648;3221862;551096320;38387712;495190016;0;0;0;0;0;0;0;0;0;0;0;2896;0;0;0;0;0;0;
32649;4511611;551096320;38387712;495190016;0;0;0;0;0;0;0;0;0;0;0;3276;0;0;0;0;0;0;
32650;3069898;551096320;38387712;495190016;0;0;0;0;0;0;0;0;0;0;0;4448;0;0;0;0;0;0;
32651;5180886;551096320;38387712;495190016;0;0;0;0;0;0;0;0;0;0;0;3216;0;0;0;0;0;0;
32652;3206213;551096320;38387712;495190016;0;0;0;0;0;0;0;0;0;0;0;3937;0;0;0;0;0;0;
32653;4753985;551096320;38387712;495190016;0;0;0;0;0;0;0;0;0;0;0;3757;0;0;0;0;0;0;
32654;3883373;551096320;38387712;495190016;0;0;0;0;0;0;0;0;0;0;0;3717;0;0;0;0;0;0;
32655;4885702;551096320;38387712;495190016;0;0;0;0;0;0;0;0;0;0;0;3978;0;0;0;0;0;0;
32656;3975456;551096320;38387712;495190016;0;0;0;0;0;0;0;0;0;0;0;3837;0;0;0;0;0;0;
32657;4747122;551096320;38387712;495190016;0;0;0;0;0;0;0;0;0;0;0;3326;0;0;0;0;0;0;
32658;3778937;551096320;38387712;495190016;0;0;0;0;0;0;0;0;0;0;0;2805;0;0;0;0;0;0;
32659;4600618;551096320;38387712;495190016;0;0;0;0;0;0;0;0;0;0;0;2785;0;0;0;0;0;0;
32660;2720702;551096320;38387712;495190016;0;0;0;0;0;0;0;0;0;0;0;3607;0;0;0;0;0;0;
32661;4394772;551096320;38387712;495190016;0;0;0;0;0;0;0;0;0;0;0;2705;0;0;0;0;0;0;
32662;2767000;551096320;38387712;495190016;0;0;0;0;0;0;0;0;0;0;0;3527;0;0;0;0;0;0;
32663;4521529;551096320;38387712;495190016;0;0;0;0;0;0;0;0;0;0;0;3075;0;0;0;0;0;0;
32664;2831871;551096320;38387712;495190016;0;0;0;0;0;0;0;0;0;0;0;3115;0;0;0;0;0;0;
32665;4408848;551096320;38387712;495190016;0;0;0;0;0;0;0;0;0;0;0;2655;0;0;0;0;0;0;
32666;3407670;551096320;38387712;495190016;0;0;0;0;0;0;0;0;0;0;0;4469;0;0;0;0;0;0;
32667;4859924;551096320;38387712;495190016;0;0;0;0;0;0;0;0;0;0;0;3677;0;0;0;0;0;0;
32668;3858486;551096320;38387712;495190016;0;0;0;0;0;0;0;0;0;0;0;3447;0;0;0;0;0;0;
32669;4558118;551096320;38387712;495190016;0;0;0;0;0;0;0;0;0;0;0;2865;0;0;0;0;0;0;
32670;2868179;551096320;38387712;495190016;0;0;0;0;0;0;0;0;0;0;0;2574;0;0;0;0;0;0;
32671;4409770;551096320;38387712;495190016;0;0;0;0;0;0;0;0;0;0;0;2455;0;0;0;0;0;0;
32672;3069497;551096320;38387712;495190016;0;0;0;0;0;0;0;0;0;0;0;2725;0;0;0;0;0;0;
32673;4692290;551096320;38387712;495190016;0;0;0;0;0;0;0;0;0;0;0;2404;0;0;0;0;0;0;
32674;3029071;551096320;38387712;495190016;0;0;0;0;0;0;0;0;0;0;0;2725;0;0;0;0;0;0;
32675;4528643;551096320;38387712;495190016;0;0;0;0;0;0;0;0;0;0;0;3026;0;0;0;0;0;0;
32676;3827758;551096320;38387712;495190016;0;0;0;0;0;0;0;0;0;0;0;3828;0;0;0;0;0;0;
32677;4647657;551096320;38387712;495190016;0;0;0;0;0;0;0;0;0;0;0;3457;0;0;0;0;0;0;
32678;3903390;551096320;38387712;495190016;0;0;0;0;0;0;0;0;0;0;0;3546;0;0;0;0;0;0;
32679;4798620;551096320;38387712;495190016;0;0;0;0;0;0;0;0;0;0;0;3517;0;0;0;0;0;0;
32680;4041219;551096320;38387712;495190016;0;0;0;0;0;0;0;0;0;0;0;3957;0;0;0;0;0;0;
32681;4675408;551096320;38387712;495190016;0;0;0;0;0;0;0;0;0;0;0;3106;0;0;0;0;0;0;
32682;4283904;551096320;38387712;495190016;0;0;0;0;0;0;0;0;0;0;0;4068;0;0;0;0;0;0;
32683;4738988;551096320;38387712;495190016;0;0;0;0;0;0;0;0;0;0;0;3676;0;0;0;0;0;0;
32684;3985774;551096320;38387712;495190016;0;0;0;0;0;0;0;0;0;0;0;3797;0;0;0;0;0;0;
32685;4625775;551096320;38387712;495190016;0;0;0;0;0;0;0;0;0;0;0;3336;0;0;0;0;0;0;
32686;3781713;551096320;38387712;495190016;0;0;0;0;0;0;0;0;0;0;0;4128;0;0;0;0;0;0;
32687;4671771;551096320;38387712;495190016;0;0;0;0;0;0;0;0;0;0;0;3917;0;0;0;0;0;0;
32688;3609158;551096320;38387712;495190016;0;0;0;0;0;0;0;0;0;0;0;2735;0;0;0;0;0;0;
32689;4428265;551096320;38387712;495190016;0;0;0;0;0;0;0;0;0;0;0;2735;0;0;0;0;0;0;
32690;2889329;551096320;38387712;495190016;0;0;0;0;0;0;0;0;0;0;0;3096;0;0;0;0;0;0;
32691;4394652;551096320;38387712;495190016;0;0;0;0;0;0;0;0;0;0;0;3105;0;0;0;0;0;0;
32692;2721373;551096320;38387712;495190016;0;0;0;0;0;0;0;0;0;0;0;3085;0;0;0;0;0;0;
32693;4477657;551096320;38387712;495190016;0;0;0;0;0;0;0;0;0;0;0;2896;0;0;0;0;0;0;
32694;2746902;551096320;38387712;495190016;0;0;0;0;0;0;0;0;0;0;0;2815;0;0;0;0;0;0;
32695;4538972;551096320;38387712;495190016;0;0;0;0;0;0;0;0;0;0;0;2895;0;0;0;0;0;0;
32696;2787497;551096320;38387712;495190016;0;0;0;0;0;0;0;0;0;0;0;3406;0;0;0;0;0;0;
32697;4423246;551096320;38387712;495190016;0;0;0;0;0;0;0;0;0;0;0;2826;0;0;0;0;0;0;
32698;2849174;551096320;38387712;495190016;0;0;0;0;0;0;0;0;0;0;0;3005;0;0;0;0;0;0;
32699;4458240;551096320;38387712;495190016;0;0;0;0;0;0;0;0;0;0;0;2925;0;0;0;0;0;0;
32700;2947999;551096320;38387712;495190016;0;0;0;0;0;0;0;0;0;0;0;4077;0;0;0;0;0;0;
32701;4805161;551096320;38387712;495190016;0;0;0;0;0;0;0;0;0;0;0;3286;0;0;0;0;0;0;
32702;3980485;551096320;38387712;495190016;0;0;0;0;0;0;0;0;0;0;0;3547;0;0;0;0;0;0;
32703;4882607;551096320;38387712;495190016;0;0;0;0;0;0;0;0;0;0;0;3627;0;0;0;0;0;0;
32704;3724826;551096320;38387712;495190016;0;0;0;0;0;0;0;0;0;0;0;3998;0;0;0;0;0;0;
32705;4633620;551096320;38387712;495190016;0;0;0;0;0;0;0;0;0;0;0;3687;0;0;0;0;0;0;
32706;3710248;551096320;38387712;495190016;0;0;0;0;0;0;0;0;0;0;0;3206;0;0;0;0;0;0;
32707;4785645;551096320;38387712;495190016;0;0;0;0;0;0;0;0;0;0;0;3797;0;0;0;0;0;0;
32708;3722731;551096320;38387712;495190016;0;0;0;0;0;0;0;0;0;0;0;3527;0;0;0;0;0;0;
32709;4680558;551096320;38387712;495190016;0;0;0;0;0;0;0;0;0;0;0;3247;0;0;0;0;0;0;
32710;3826667;551096320;38387712;495190016;0;0;0;0;0;0;0;0;0;0;0;3547;0;0;0;0;0;0;
32711;4918504;551096320;38387712;495190016;0;0;0;0;0;0;0;0;0;0;0;3257;0;0;0;0;0;0;
32712;3911195;551096320;38387712;495190016;0;0;0;0;0;0;0;0;0;0;0;3546;0;0;0;0;0;0;
32713;4588756;551096320;38387712;495190016;0;0;0;0;0;0;0;0;0;0;0;3697;0;0;0;0;0;0;
32714;3805296;551096320;38387712;495190016;0;0;0;0;0;0;0;0;0;0;0;3607;0;0;0;0;0;0;
32715;4817364;551096320;38387712;495190016;0;0;0;0;0;0;0;0;0;0;0;3326;0;0;0;0;0;0;
32716;3901186;551096320;38387712;495190016;0;0;0;0;0;0;0;0;0;0;0;3516;0;0;0;0;0;0;
32717;4783812;551096320;38387712;495190016;0;0;0;0;0;0;0;0;0;0;0;3717;0;0;0;0;0;0;
32718;3773387;551096320;38387712;495190016;0;0;0;0;0;0;0;0;0;0;0;3998;0;0;0;0;0;0;
32719;4864313;551096320;38387712;495190016;0;0;0;0;0;0;0;0;0;0;0;3877;0;0;0;0;0;0;
32720;3751535;551096320;38387712;495190016;0;0;0;0;0;0;0;0;0;0;0;3717;0;0;0;0;0;0;
32721;4705855;551096320;38387712;495190016;0;0;0;0;0;0;0;0;0;0;0;3777;0;0;0;0;0;0;
32722;3765913;551096320;38387712;495190016;0;0;0;0;0;0;0;0;0;0;0;3917;0;0;0;0;0;0;
32723;4821862;551096320;38387712;495190016;0;0;0;0;0;0;0;0;0;0;0;3637;0;0;0;0;0;0;
32724;3796950;551096320;38387712;495190016;0;0;0;0;0;0;0;0;0;0;0;3707;0;0;0;0;0;0;
32725;5460240;551096320;38387712;495190016;0;0;0;0;0;0;0;0;0;0;0;4418;0;0;0;0;0;0;
32726;3917948;551096320;38387712;495190016;0;0;0;0;0;0;0;0;0;0;0;3838;0;0;0;0;0;0;
32727;4779414;551096320;38387712;495190016;0;0;0;0;0;0;0;0;0;0;0;4038;0;0;0;0;0;0;
32728;3868144;551096320;38387712;495190016;0;0;0;0;0;0;0;0;0;0;0;3757;0;0;0;0;0;0;
32729;4888628;551096320;38387712;495190016;0;0;0;0;0;0;0;0;0;0;0;3677;0;0;0;0;0;0;
32730;3867443;551096320;38387712;495190016;0;0;0;0;0;0;0;0;0;0;0;3687;0;0;0;0;0;0;
32731;4800974;551096320;38387712;495190016;0;0;0;0;0;0;0;0;0;0;0;3577;0;0;0;0;0;0;
32732;3843338;551096320;38387712;495190016;0;0;0;0;0;0;0;0;0;0;0;3827;0;0;0;0;0;0;
32733;4701367;551096320;38387712;495190016;0;0;0;0;0;0;0;0;0;0;0;3367;0;0;0;0;0;0;
32734;3129289;551096320;38387712;495190016;0;0;0;0;0;0;0;0;0;0;0;2975;0;0;0;0;0;0;
32735;4469352;551096320;38387712;495190016;0;0;0;0;0;0;0;0;0;0;0;3176;0;0;0;0;0;0;
32736;2837321;551096320;38387712;495190016;0;0;0;0;0;0;0;0;0;0;0;2936;0;0;0;0;0;0;
32737;4482587;551096320;38387712;495190016;0;0;0;0;0;0;0;0;0;0;0;2786;0;0;0;0;0;0;
32738;2723207;551096320;38387712;495190016;0;0;0;0;0;0;0;0;0;0;0;2916;0;0;0;0;0;0;
32739;5101738;551096320;38395904;495198208;0;0;0;0;0;0;0;0;0;0;0;3707;0;0;0;0;0;0;
32740;3427228;551096320;38395904;495198208;0;0;0;0;0;0;0;0;0;0;0;3416;0;0;0;0;0;0;
32741;4686819;551096320;38395904;495198208;0;0;0;0;0;0;0;0;0;0;0;3577;0;0;0;0;0;0;
32742;3753930;551096320;38395904;495198208;0;0;0;0;0;0;0;0;0;0;0;4368;0;0;0;0;0;0;
32743;4772189;551096320;38395904;495198208;0;0;0;0;0;0;0;0;0;0;0;3506;0;0;0;0;0;0;
32744;3713134;551096320;38395904;495198208;0;0;0;0;0;0;0;0;0;0;0;3677;0;0;0;0;0;0;
32745;4709593;551096320;38395904;495198208;0;0;0;0;0;0;0;0;0;0;0;3266;0;0;0;0;0;0;
32746;3956951;551112704;38387712;495190016;0;0;0;0;0;0;0;0;0;0;0;3797;0;0;0;0;0;0;
32747;4753745;551112704;38387712;495190016;0;0;0;0;0;0;0;0;0;0;0;3636;0;0;0;0;0;0;
32748;3854068;551112704;38387712;495190016;0;0;0;0;0;0;0;0;0;0;0;3857;0;0;0;0;0;0;
32749;4815671;551112704;38387712;495190016;0;0;0;0;0;0;0;0;0;0;0;3636;0;0;0;0;0;0;
32750;3916074;551112704;38387712;495190016;0;0;0;0;0;0;0;0;0;0;0;3527;0;0;0;0;0;0;
32751;4759005;551112704;38387712;495190016;0;0;0;0;0;0;0;0;0;0;0;3687;0;0;0;0;0;0;
32752;3755863;551112704;38387712;495190016;0;0;0;0;0;0;0;0;0;0;0;3747;0;0;0;0;0;0;
32753;4867288;551112704;38387712;495190016;0;0;0;0;0;0;0;0;0;0;0;3256;0;0;0;0;0;0;
32754;3897319;551112704;38387712;495190016;0;0;0;0;0;0;0;0;0;0;0;3887;0;0;0;0;0;0;
32755;4755308;551112704;38387712;495190016;0;0;0;0;0;0;0;0;0;0;0;4118;0;0;0;0;0;0;
32756;3916174;551112704;38387712;495190016;0;0;0;0;0;0;0;0;0;0;0;4138;0;0;0;0;0;0;
32757;4746461;551112704;38387712;495190016;0;0;0;0;0;0;0;0;0;0;0;3847;0;0;0;0;0;0;
32758;3875177;551112704;38387712;495190016;0;0;0;0;0;0;0;0;0;0;0;3857;0;0;0;0;0;0;
32759;4805712;551112704;38387712;495190016;0;0;0;0;0;0;0;0;0;0;0;3577;0;0;0;0;0;0;
32760;3440562;551112704;38387712;495190016;0;0;0;0;0;0;0;0;0;0;0;3426;0;0;0;0;0;0;
32761;4381837;551112704;38387712;495190016;0;0;0;0;0;0;0;0;0;0;0;2806;0;0;0;0;0;0;
32762;2712948;551112704;38387712;495190016;0;0;0;0;0;0;0;0;0;0;0;3036;0;0;0;0;0;0;
32763;4450356;551112704;38387712;495190016;0;0;0;0;0;0;0;0;0;0;0;2955;0;0;0;0;0;0;
32764;2998854;551112704;38387712;495190016;0;0;0;0;0;0;0;0;0;0;0;3396;0;0;0;0;0;0;
32765;4418016;551112704;38387712;495190016;0;0;0;0;0;0;0;0;0;0;0;2845;0;0;0;0;0;0;
32766;2803908;551112704;38387712;495190016;0;0;0;0;0;0;0;0;0;0;0;2896;0;0;0;0;0;0;
32767;4496293;551112704;38387712;495190016;0;0;0;0;0;0;0;0;0;0;0;3026;0;0;0;0;0;0;
32768;3306611;551112704;38387712;495190016;0;0;0;0;0;0;0;0;0;0;0;3707;0;0;0;0;0;0;
32769;4866787;551112704;38387712;495190016;0;0;0;0;0;0;0;0;0;0;0;2855;0;0;0;0;0;0;
32770;4031551;551112704;38387712;495190016;0;0;0;0;0;0;0;0;0;0;0;3266;0;0;0;0;0;0;
32771;4812375;551112704;38387712;495190016;0;0;0;0;0;0;0;0;0;0;0;3456;0;0;0;0;0;0;
32772;4126519;551112704;38387712;495190016;0;0;0;0;0;0;0;0;0;0;0;4118;0;0;0;0;0;0;
32773;4704683;551112704;38387712;495190016;0;0;0;0;0;0;0;0;0;0;0;3536;0;0;0;0;0;0;
32774;4089579;551112704;38387712;495190016;0;0;0;0;0;0;0;0;0;0;0;3817;0;0;0;0;0;0;
32775;4709361;551112704;38387712;495190016;0;0;0;0;0;0;0;0;0;0;0;3797;0;0;0;0;0;0;
32776;3557993;551112704;38387712;495190016;0;0;0;0;0;0;0;0;0;0;0;3025;0;0;0;0;0;0;
32777;4508886;551112704;38387712;495190016;0;0;0;0;0;0;0;0;0;0;0;3357;0;0;0;0;0;0;
32778;2824017;551112704;38387712;495190016;0;0;0;0;0;0;0;0;0;0;0;3276;0;0;0;0;0;0;
32779;4616738;551112704;38387712;495190016;0;0;0;0;0;0;0;0;0;0;0;3677;0;0;0;0;0;0;
32780;2941827;551112704;38387712;495190016;0;0;0;0;0;0;0;0;0;0;0;3547;0;0;0;0;0;0;
32781;4487536;551112704;38387712;495190016;0;0;0;0;0;0;0;0;0;0;0;2986;0;0;0;0;0;0;
32782;2911310;551112704;38387712;495190016;0;0;0;0;0;0;0;0;0;0;0;3367;0;0;0;0;0;0;
32783;4549031;551112704;38387712;495190016;0;0;0;0;0;0;0;0;0;0;0;3166;0;0;0;0;0;0;
32784;2828484;551112704;38387712;495190016;0;0;0;0;0;0;0;0;0;0;0;3006;0;0;0;0;0;0;
32785;4481505;551112704;38387712;495190016;0;0;0;0;0;0;0;0;0;0;0;2275;0;0;0;0;0;0;
32786;2918894;551112704;38387712;495190016;0;0;0;0;0;0;0;0;0;0;0;2895;0;0;0;0;0;0;
32787;4470704;551112704;38387712;495190016;0;0;0;0;0;0;0;0;0;0;0;2655;0;0;0;0;0;0;
32788;3524740;551112704;38387712;495190016;0;0;0;0;0;0;0;0;0;0;0;4228;0;0;0;0;0;0;
32789;7860741;551112704;38387712;495190016;0;0;0;0;0;0;0;0;0;0;0;4328;0;0;0;0;0;0;
32790;9974316;551112704;38387712;495190016;0;0;0;0;0;0;0;0;0;0;0;3657;0;0;0;0;0;0;
32791;4682341;551112704;38387712;495190016;0;0;0;0;0;0;0;0;0;0;0;4038;0;0;0;0;0;0;
32792;4158018;551112704;38387712;495190016;0;0;0;0;0;0;0;0;0;0;0;4067;0;0;0;0;0;0;
32793;4722848;551112704;38387712;495190016;0;0;0;0;0;0;0;0;0;0;0;2545;0;0;0;0;0;0;
32794;3936152;551112704;38387712;495190016;0;0;0;0;0;0;0;0;0;0;0;3667;0;0;0;0;0;0;
32795;4944693;551112704;38387712;495190016;0;0;0;0;0;0;0;0;0;0;0;3487;0;0;0;0;0;0;
32796;4894419;551112704;38387712;495190016;0;0;0;0;0;0;0;0;0;0;0;3557;0;0;0;0;0;0;
32797;4926740;551112704;38387712;495190016;0;0;0;0;0;0;0;0;0;0;0;3146;0;0;0;0;0;0;
32798;3912397;551112704;38387712;495190016;0;0;0;0;0;0;0;0;0;0;0;4088;0;0;0;0;0;0;
32799;4712047;551112704;38387712;495190016;0;0;0;0;0;0;0;0;0;0;0;3116;0;0;0;0;0;0;
32800;3797322;551112704;38387712;495190016;0;0;0;0;0;0;0;0;0;0;0;3637;0;0;0;0;0;0;
32801;4729480;551112704;38387712;495190016;0;0;0;0;0;0;0;0;0;0;0;3287;0;0;0;0;0;0;
32802;3906436;551112704;38387712;495190016;0;0;0;0;0;0;0;0;0;0;0;3797;0;0;0;0;0;0;
32803;4811603;551112704;38387712;495190016;0;0;0;0;0;0;0;0;0;0;0;3567;0;0;0;0;0;0;
32804;3871451;551112704;38387712;495190016;0;0;0;0;0;0;0;0;0;0;0;3566;0;0;0;0;0;0;
32805;4722646;551112704;38387712;495190016;0;0;0;0;0;0;0;0;0;0;0;3907;0;0;0;0;0;0;
32806;3904252;551112704;38387712;495190016;0;0;0;0;0;0;0;0;0;0;0;3818;0;0;0;0;0;0;
32807;4759697;551112704;38387712;495190016;0;0;0;0;0;0;0;0;0;0;0;3777;0;0;0;0;0;0;
32808;3808903;551112704;38387712;495190016;0;0;0;0;0;0;0;0;0;0;0;2925;0;0;0;0;0;0;
32809;4582073;551112704;38387712;495190016;0;0;0;0;0;0;0;0;0;0;0;2696;0;0;0;0;0;0;
32810;2921830;551112704;38387712;495190016;0;0;0;0;0;0;0;0;0;0;0;2925;0;0;0;0;0;0;
32811;4635934;551112704;38387712;495190016;0;0;0;0;0;0;0;0;0;0;0;2395;0;0;0;0;0;0;
32812;3078243;551112704;38387712;495190016;0;0;0;0;0;0;0;0;0;0;0;2966;0;0;0;0;0;0;
32813;4503696;551112704;38387712;495190016;0;0;0;0;0;0;0;0;0;0;0;2364;0;0;0;0;0;0;
32814;2947858;551112704;38387712;495190016;0;0;0;0;0;0;0;0;0;0;0;2775;0;0;0;0;0;0;
32815;4536908;551112704;38387712;495190016;0;0;0;0;0;0;0;0;0;0;0;2705;0;0;0;0;0;0;
32816;3092700;551112704;38387712;495190016;0;0;0;0;0;0;0;0;0;0;0;3076;0;0;0;0;0;0;
32817;4374283;551112704;38387712;495190016;0;0;0;0;0;0;0;0;0;0;0;2986;0;0;0;0;0;0;
32818;3368267;551112704;38387712;495190016;0;0;0;0;0;0;0;0;0;0;0;2806;0;0;0;0;0;0;
32819;4378361;551112704;38387712;495190016;0;0;0;0;0;0;0;0;0;0;0;2635;0;0;0;0;0;0;
32820;3265635;551112704;38387712;495190016;0;0;0;0;0;0;0;0;0;0;0;3116;0;0;0;0;0;0;
32821;4582244;551112704;38387712;495190016;0;0;0;0;0;0;0;0;0;0;0;3146;0;0;0;0;0;0;
32822;3727210;551112704;38387712;495190016;0;0;0;0;0;0;0;0;0;0;0;3967;0;0;0;0;0;0;
32823;4725372;551112704;38387712;495190016;0;0;0;0;0;0;0;0;0;0;0;4028;0;0;0;0;0;0;
32824;3509692;551112704;38387712;495190016;0;0;0;0;0;0;0;0;0;0;0;3176;0;0;0;0;0;0;
32825;4739418;551112704;38387712;495190016;0;0;0;0;0;0;0;0;0;0;0;3176;0;0;0;0;0;0;
32826;2895139;551112704;38387712;495190016;0;0;0;0;0;0;0;0;0;0;0;3316;0;0;0;0;0;0;
32827;4514526;551112704;38387712;495190016;0;0;0;0;0;0;0;0;0;0;0;2806;0;0;0;0;0;0;
32828;3097438;551112704;38387712;495190016;0;0;0;0;0;0;0;0;0;0;0;2945;0;0;0;0;0;0;
32829;4520498;551112704;38387712;495190016;0;0;0;0;0;0;0;0;0;0;0;2495;0;0;0;0;0;0;
32830;2868670;551112704;38387712;495190016;0;0;0;0;0;0;0;0;0;0;0;3357;0;0;0;0;0;0;
32831;4578186;551112704;38387712;495190016;0;0;0;0;0;0;0;0;0;0;0;3045;0;0;0;0;0;0;
32832;2751230;551112704;38387712;495190016;0;0;0;0;0;0;0;0;0;0;0;3156;0;0;0;0;0;0;
32833;4379393;551112704;38387712;495190016;0;0;0;0;0;0;0;0;0;0;0;2525;0;0;0;0;0;0;
32834;3238824;551112704;38387712;495190016;0;0;0;0;0;0;0;0;0;0;0;4047;0;0;0;0;0;0;
32835;4687400;551112704;38387712;495190016;0;0;0;0;0;0;0;0;0;0;0;3547;0;0;0;0;0;0;
32836;3694790;551112704;38387712;495190016;0;0;0;0;0;0;0;0;0;0;0;3737;0;0;0;0;0;0;
32837;4851589;551112704;38387712;495190016;0;0;0;0;0;0;0;0;0;0;0;3767;0;0;0;0;0;0;
32838;3879475;551112704;38387712;495190016;0;0;0;0;0;0;0;0;0;0;0;3717;0;0;0;0;0;0;
32839;4859563;551112704;38387712;495190016;0;0;0;0;0;0;0;0;0;0;0;4158;0;0;0;0;0;0;
32840;3942755;551112704;38387712;495190016;0;0;0;0;0;0;0;0;0;0;0;4498;0;0;0;0;0;0;
32841;4716195;551112704;38387712;495190016;0;0;0;0;0;0;0;0;0;0;0;3677;0;0;0;0;0;0;
32842;3858446;551112704;38387712;495190016;0;0;0;0;0;0;0;0;0;0;0;3747;0;0;0;0;0;0;
32843;4691128;551112704;38387712;495190016;0;0;0;0;0;0;0;0;0;0;0;3687;0;0;0;0;0;0;
32844;3915062;551112704;38387712;495190016;0;0;0;0;0;0;0;0;0;0;0;4118;0;0;0;0;0;0;
32845;4675468;551112704;38387712;495190016;0;0;0;0;0;0;0;0;0;0;0;3566;0;0;0;0;0;0;
32846;3793234;551112704;38387712;495190016;0;0;0;0;0;0;0;0;0;0;0;3557;0;0;0;0;0;0;
32847;4665109;551112704;38387712;495190016;0;0;0;0;0;0;0;0;0;0;0;3757;0;0;0;0;0;0;
32848;3618526;551112704;38387712;495190016;0;0;0;0;0;0;0;0;0;0;0;2624;0;0;0;0;0;0;
32849;4671661;551112704;38387712;495190016;0;0;0;0;0;0;0;0;0;0;0;3175;0;0;0;0;0;0;
32850;3708194;551112704;38387712;495190016;0;0;0;0;0;0;0;0;0;0;0;4348;0;0;0;0;0;0;
32851;4706507;551112704;38387712;495190016;0;0;0;0;0;0;0;0;0;0;0;4028;0;0;0;0;0;0;
32852;3939878;551112704;38387712;495190016;0;0;0;0;0;0;0;0;0;0;0;4118;0;0;0;0;0;0;
32853;4739959;551112704;38387712;495190016;0;0;0;0;0;0;0;0;0;0;0;3116;0;0;0;0;0;0;
32854;3962381;551112704;38387712;495190016;0;0;0;0;0;0;0;0;0;0;0;3677;0;0;0;0;0;0;
32855;4905039;551112704;38387712;495190016;0;0;0;0;0;0;0;0;0;0;0;3767;0;0;0;0;0;0;
32856;3796079;551112704;38387712;495190016;0;0;0;0;0;0;0;0;0;0;0;3477;0;0;0;0;0;0;
32857;4741372;551112704;38387712;495190016;0;0;0;0;0;0;0;0;0;0;0;3676;0;0;0;0;0;0;
32858;3816106;551112704;38387712;495190016;0;0;0;0;0;0;0;0;0;0;0;3927;0;0;0;0;0;0;
32859;4709862;551112704;38387712;495190016;0;0;0;0;0;0;0;0;0;0;0;3918;0;0;0;0;0;0;
32860;3728793;551112704;38387712;495190016;0;0;0;0;0;0;0;0;0;0;0;3847;0;0;0;0;0;0;
32861;4657134;551112704;38387712;495190016;0;0;0;0;0;0;0;0;0;0;0;3065;0;0;0;0;0;0;
32862;3747207;551112704;38387712;495190016;0;0;0;0;0;0;0;0;0;0;0;3657;0;0;0;0;0;0;
32863;4768462;551112704;38387712;495190016;0;0;0;0;0;0;0;0;0;0;0;3667;0;0;0;0;0;0;
32864;3732891;551112704;38387712;495190016;0;0;0;0;0;0;0;0;0;0;0;3887;0;0;0;0;0;0;
32865;4739909;551112704;38387712;495190016;0;0;0;0;0;0;0;0;0;0;0;3497;0;0;0;0;0;0;
32866;3867954;551112704;38387712;495190016;0;0;0;0;0;0;0;0;0;0;0;4268;0;0;0;0;0;0;
32867;4754696;551112704;38387712;495190016;0;0;0;0;0;0;0;0;0;0;0;3577;0;0;0;0;0;0;
32868;3777794;551112704;38387712;495190016;0;0;0;0;0;0;0;0;0;0;0;3797;0;0;0;0;0;0;
32869;4818136;551112704;38387712;495190016;0;0;0;0;0;0;0;0;0;0;0;3276;0;0;0;0;0;0;
32870;3721419;551112704;38387712;495190016;0;0;0;0;0;0;0;0;0;0;0;4198;0;0;0;0;0;0;
32871;4678073;551112704;38387712;495190016;0;0;0;0;0;0;0;0;0;0;0;3417;0;0;0;0;0;0;
32872;3993830;551112704;38387712;495190016;0;0;0;0;0;0;0;0;0;0;0;4559;0;0;0;0;0;0;
32873;4729690;551112704;38387712;495190016;0;0;0;0;0;0;0;0;0;0;0;3646;0;0;0;0;0;0;
32874;3724013;551112704;38387712;495190016;0;0;0;0;0;0;0;0;0;0;0;3827;0;0;0;0;0;0;
32875;4639040;551112704;38387712;495190016;0;0;0;0;0;0;0;0;0;0;0;3387;0;0;0;0;0;0;
32876;3926994;551112704;38387712;495190016;0;0;0;0;0;0;0;0;0;0;0;3877;0;0;0;0;0;0;
32877;4741412;551112704;38387712;495190016;0;0;0;0;0;0;0;0;0;0;0;3767;0;0;0;0;0;0;
32878;3822189;551112704;38387712;495190016;0;0;0;0;0;0;0;0;0;0;0;4719;0;0;0;0;0;0;
32879;4697389;551112704;38387712;495190016;0;0;0;0;0;0;0;0;0;0;0;3497;0;0;0;0;0;0;
32880;4236675;551112704;38387712;495190016;0;0;0;0;0;0;0;0;0;0;0;4238;0;0;0;0;0;0;
32881;4784332;551112704;38387712;495190016;0;0;0;0;0;0;0;0;0;0;0;3797;0;0;0;0;0;0;
32882;3985063;551112704;38387712;495190016;0;0;0;0;0;0;0;0;0;0;0;4448;0;0;0;0;0;0;
32883;4712347;551112704;38387712;495190016;0;0;0;0;0;0;0;0;0;0;0;3226;0;0;0;0;0;0;
32884;3929189;551112704;38387712;495190016;0;0;0;0;0;0;0;0;0;0;0;4008;0;0;0;0;0;0;
32885;4805683;551112704;38387712;495190016;0;0;0;0;0;0;0;0;0;0;0;3697;0;0;0;0;0;0;
32886;3856161;551112704;38387712;495190016;0;0;0;0;0;0;0;0;0;0;0;3988;0;0;0;0;0;0;
32887;4735030;551112704;38387712;495190016;0;0;0;0;0;0;0;0;0;0;0;3597;0;0;0;0;0;0;
32888;3865349;551112704;38387712;495190016;0;0;0;0;0;0;0;0;0;0;0;4038;0;0;0;0;0;0;
32889;4817615;551112704;38387712;495190016;0;0;0;0;0;0;0;0;0;0;0;3767;0;0;0;0;0;0;
32890;3936202;551112704;38387712;495190016;0;0;0;0;0;0;0;0;0;0;0;3607;0;0;0;0;0;0;
32891;4730962;551112704;38387712;495190016;0;0;0;0;0;0;0;0;0;0;0;3497;0;0;0;0;0;0;
32892;3923639;551112704;38387712;495190016;0;0;0;0;0;0;0;0;0;0;0;3747;0;0;0;0;0;0;
32893;4784583;551112704;38387712;495190016;0;0;0;0;0;0;0;0;0;0;0;3596;0;0;0;0;0;0;
32894;3737128;551112704;38387712;495190016;0;0;0;0;0;0;0;0;0;0;0;4158;0;0;0;0;0;0;
32895;4743787;551112704;38387712;495190016;0;0;0;0;0;0;0;0;0;0;0;3867;0;0;0;0;0;0;
32896;4696027;551112704;38387712;495190016;0;0;0;0;0;0;0;0;0;0;0;3878;0;0;0;0;0;0;
32897;4810211;551112704;38387712;495190016;0;0;0;0;0;0;0;0;0;0;0;3837;0;0;0;0;0;0;
32898;4143440;551112704;38387712;495190016;0;0;0;0;0;0;0;0;0;0;0;4168;0;0;0;0;0;0;
32899;4697891;551112704;38387712;495190016;0;0;0;0;0;0;0;0;0;0;0;3887;0;0;0;0;0;0;
32900;3868785;551112704;38387712;495190016;0;0;0;0;0;0;0;0;0;0;0;3727;0;0;0;0;0;0;
32901;4757642;551112704;38387712;495190016;0;0;0;0;0;0;0;0;0;0;0;4148;0;0;0;0;0;0;
32902;4060876;551112704;38387712;495190016;0;0;0;0;0;0;0;0;0;0;0;3666;0;0;0;0;0;0;
32903;4813918;551112704;38387712;495190016;0;0;0;0;0;0;0;0;0;0;0;3717;0;0;0;0;0;0;
32904;3921624;551112704;38387712;495190016;0;0;0;0;0;0;0;0;0;0;0;3787;0;0;0;0;0;0;
32905;4947519;551112704;38387712;495190016;0;0;0;0;0;0;0;0;0;0;0;3606;0;0;0;0;0;0;
32906;4088067;551112704;38387712;495190016;0;0;0;0;0;0;0;0;0;0;0;4178;0;0;0;0;0;0;
32907;5019543;551112704;38387712;495190016;0;0;0;0;0;0;0;0;0;0;0;3997;0;0;0;0;0;0;
32908;3926493;551112704;38387712;495190016;0;0;0;0;0;0;0;0;0;0;0;3626;0;0;0;0;0;0;
32909;4788991;551112704;38387712;495190016;0;0;0;0;0;0;0;0;0;0;0;3717;0;0;0;0;0;0;
32910;3895937;551112704;38387712;495190016;0;0;0;0;0;0;0;0;0;0;0;3967;0;0;0;0;0;0;
32911;4814619;551112704;38387712;495190016;0;0;0;0;0;0;0;0;0;0;0;3888;0;0;0;0;0;0;
32912;4029597;551112704;38387712;495190016;0;0;0;0;0;0;0;0;0;0;0;3947;0;0;0;0;0;0;
32913;4774043;551112704;38387712;495190016;0;0;0;0;0;0;0;0;0;0;0;3556;0;0;0;0;0;0;
32914;3992267;551112704;38387712;495190016;0;0;0;0;0;0;0;0;0;0;0;3818;0;0;0;0;0;0;
32915;4767791;551112704;38387712;495190016;0;0;0;0;0;0;0;0;0;0;0;3256;0;0;0;0;0;0;
32916;3782403;551112704;38387712;495190016;0;0;0;0;0;0;0;0;0;0;0;3867;0;0;0;0;0;0;
32917;4852861;551112704;38387712;495190016;0;0;0;0;0;0;0;0;0;0;0;3266;0;0;0;0;0;0;
32918;3210922;551112704;38387712;495190016;0;0;0;0;0;0;0;0;0;0;0;3006;0;0;0;0;0;0;
32919;4488417;551112704;38387712;495190016;0;0;0;0;0;0;0;0;0;0;0;2515;0;0;0;0;0;0;
32920;3133817;551112704;38387712;495190016;0;0;0;0;0;0;0;0;0;0;0;2585;0;0;0;0;0;0;
32921;4483759;551112704;38387712;495190016;0;0;0;0;0;0;0;0;0;0;0;2695;0;0;0;0;0;0;
32922;2916770;551112704;38387712;495190016;0;0;0;0;0;0;0;0;0;0;0;3016;0;0;0;0;0;0;
32923;4444986;551112704;38387712;495190016;0;0;0;0;0;0;0;0;0;0;0;2776;0;0;0;0;0;0;
32924;2926749;551112704;38387712;495190016;0;0;0;0;0;0;0;0;0;0;0;2946;0;0;0;0;0;0;
32925;4417365;551112704;38387712;495190016;0;0;0;0;0;0;0;0;0;0;0;2675;0;0;0;0;0;0;
32926;2863591;551112704;38387712;495190016;0;0;0;0;0;0;0;0;0;0;0;2926;0;0;0;0;0;0;
32927;4422624;551112704;38387712;495190016;0;0;0;0;0;0;0;0;0;0;0;3085;0;0;0;0;0;0;
32928;3288667;551112704;38387712;495190016;0;0;0;0;0;0;0;0;0;0;0;3025;0;0;0;0;0;0;
32929;4332555;551112704;38387712;495190016;0;0;0;0;0;0;0;0;0;0;0;2375;0;0;0;0;0;0;
32930;2974949;551112704;38387712;495190016;0;0;0;0;0;0;0;0;0;0;0;3016;0;0;0;0;0;0;
32931;4488618;551112704;38387712;495190016;0;0;0;0;0;0;0;0;0;0;0;2805;0;0;0;0;0;0;
32932;3113489;551112704;38387712;495190016;0;0;0;0;0;0;0;0;0;0;0;2965;0;0;0;0;0;0;
32933;4361820;551112704;38387712;495190016;0;0;0;0;0;0;0;0;0;0;0;2354;0;0;0;0;0;0;
32934;3040852;551112704;38387712;495190016;0;0;0;0;0;0;0;0;0;0;0;3828;0;0;0;0;0;0;
32935;4822905;551112704;38387712;495190016;0;0;0;0;0;0;0;0;0;0;0;3396;0;0;0;0;0;0;
32936;3946641;551112704;38387712;495190016;0;0;0;0;0;0;0;0;0;0;0;3717;0;0;0;0;0;0;
32937;4856097;551112704;38387712;495190016;0;0;0;0;0;0;0;0;0;0;0;3617;0;0;0;0;0;0;
32938;3635438;551112704;38387712;495190016;0;0;0;0;0;0;0;0;0;0;0;3777;0;0;0;0;0;0;
32939;4635133;551112704;38387712;495190016;0;0;0;0;0;0;0;0;0;0;0;2936;0;0;0;0;0;0;
32940;3091187;551112704;38387712;495190016;0;0;0;0;0;0;0;0;0;0;0;3797;0;0;0;0;0;0;
32941;4636325;551112704;38387712;495190016;0;0;0;0;0;0;0;0;0;0;0;3006;0;0;0;0;0;0;
32942;2874200;551112704;38387712;495190016;0;0;0;0;0;0;0;0;0;0;0;2905;0;0;0;0;0;0;
32943;4424768;551112704;38387712;495190016;0;0;0;0;0;0;0;0;0;0;0;2364;0;0;0;0;0;0;
32944;3168091;551112704;38387712;495190016;0;0;0;0;0;0;0;0;0;0;0;2776;0;0;0;0;0;0;
32945;4547067;551112704;38387712;495190016;0;0;0;0;0;0;0;0;0;0;0;2776;0;0;0;0;0;0;
32946;3611933;551112704;38387712;495190016;0;0;0;0;0;0;0;0;0;0;0;3807;0;0;0;0;0;0;
32947;4668215;551112704;38387712;495190016;0;0;0;0;0;0;0;0;0;0;0;3676;0;0;0;0;0;0;
32948;2977814;551112704;38387712;495190016;0;0;0;0;0;0;0;0;0;0;0;3146;0;0;0;0;0;0;
32949;4542720;551112704;38387712;495190016;0;0;0;0;0;0;0;0;0;0;0;2455;0;0;0;0;0;0;
32950;2854995;551112704;38387712;495190016;0;0;0;0;0;0;0;0;0;0;0;2876;0;0;0;0;0;0;
32951;4470084;551112704;38387712;495190016;0;0;0;0;0;0;0;0;0;0;0;2785;0;0;0;0;0;0;
32952;2919575;551112704;38387712;495190016;0;0;0;0;0;0;0;0;0;0;0;3046;0;0;0;0;0;0;
32953;4456407;551112704;38387712;495190016;0;0;0;0;0;0;0;0;0;0;0;2926;0;0;0;0;0;0;
32954;2969970;551112704;38387712;495190016;0;0;0;0;0;0;0;0;0;0;0;3146;0;0;0;0;0;0;
32955;4461116;551112704;38387712;495190016;0;0;0;0;0;0;0;0;0;0;0;2965;0;0;0;0;0;0;
32956;2900810;551112704;38387712;495190016;0;0;0;0;0;0;0;0;0;0;0;3587;0;0;0;0;0;0;
32957;4418817;551112704;38387712;495190016;0;0;0;0;0;0;0;0;0;0;0;2404;0;0;0;0;0;0;
32958;2803718;551112704;38387712;495190016;0;0;0;0;0;0;0;0;0;0;0;3056;0;0;0;0;0;0;
32959;4443623;551112704;38387712;495190016;0;0;0;0;0;0;0;0;0;0;0;2174;0;0;0;0;0;0;
32960;2807505;551112704;38387712;495190016;0;0;0;0;0;0;0;0;0;0;0;2915;0;0;0;0;0;0;
32961;4475113;551112704;38387712;495190016;0;0;0;0;0;0;0;0;0;0;0;2615;0;0;0;0;0;0;
32962;2823725;551112704;38387712;495190016;0;0;0;0;0;0;0;0;0;0;0;3076;0;0;0;0;0;0;
32963;4419358;551112704;38387712;495190016;0;0;0;0;0;0;0;0;0;0;0;2725;0;0;0;0;0;0;
32964;2689604;551112704;38387712;495190016;0;0;0;0;0;0;0;0;0;0;0;3136;0;0;0;0;0;0;
32965;4439626;551112704;38387712;495190016;0;0;0;0;0;0;0;0;0;0;0;2856;0;0;0;0;0;0;
32966;2824497;551112704;38387712;495190016;0;0;0;0;0;0;0;0;0;0;0;3176;0;0;0;0;0;0;
32967;4522922;551112704;38387712;495190016;0;0;0;0;0;0;0;0;0;0;0;2785;0;0;0;0;0;0;
32968;3059828;551112704;38387712;495190016;0;0;0;0;0;0;0;0;0;0;0;3006;0;0;0;0;0;0;
32969;4419348;551112704;38387712;495190016;0;0;0;0;0;0;0;0;0;0;0;2715;0;0;0;0;0;0;
32970;3417198;551112704;38387712;495190016;0;0;0;0;0;0;0;0;0;0;0;3256;0;0;0;0;0;0;
32971;4514566;551112704;38387712;495190016;0;0;0;0;0;0;0;0;0;0;0;3096;0;0;0;0;0;0;
32972;2807335;551112704;38387712;495190016;0;0;0;0;0;0;0;0;0;0;0;2996;0;0;0;0;0;0;
32973;4409099;551112704;38387712;495190016;0;0;0;0;0;0;0;0;0;0;0;3096;0;0;0;0;0;0;
32974;2781727;551112704;38387712;495190016;0;0;0;0;0;0;0;0;0;0;0;3036;0;0;0;0;0;0;
32975;4413978;551112704;38387712;495190016;0;0;0;0;0;0;0;0;0;0;0;2725;0;0;0;0;0;0;
32976;3101166;551112704;38387712;495190016;0;0;0;0;0;0;0;0;0;0;0;3467;0;0;0;0;0;0;
32977;4347814;551112704;38387712;495190016;0;0;0;0;0;0;0;0;0;0;0;2464;0;0;0;0;0;0;
32978;2939152;551112704;38387712;495190016;0;0;0;0;0;0;0;0;0;0;0;2956;0;0;0;0;0;0;
32979;4617549;551112704;38387712;495190016;0;0;0;0;0;0;0;0;0;0;0;2745;0;0;0;0;0;0;
32980;2783801;551112704;38387712;495190016;0;0;0;0;0;0;0;0;0;0;0;2715;0;0;0;0;0;0;
32981;4554922;551112704;38387712;495190016;0;0;0;0;0;0;0;0;0;0;0;2575;0;0;0;0;0;0;
32982;2767370;551112704;38387712;495190016;0;0;0;0;0;0;0;0;0;0;0;2986;0;0;0;0;0;0;
32983;4410351;551112704;38387712;495190016;0;0;0;0;0;0;0;0;0;0;0;2746;0;0;0;0;0;0;
32984;2911831;551112704;38387712;495190016;0;0;0;0;0;0;0;0;0;0;0;2545;0;0;0;0;0;0;
32985;4481534;551112704;38387712;495190016;0;0;0;0;0;0;0;0;0;0;0;2465;0;0;0;0;0;0;
32986;2984577;551112704;38387712;495190016;0;0;0;0;0;0;0;0;0;0;0;3005;0;0;0;0;0;0;
32987;4464843;551112704;38387712;495190016;0;0;0;0;0;0;0;0;0;0;0;2605;0;0;0;0;0;0;
32988;2836419;551112704;38387712;495190016;0;0;0;0;0;0;0;0;0;0;0;2926;0;0;0;0;0;0;
32989;4388701;551112704;38387712;495190016;0;0;0;0;0;0;0;0;0;0;0;2595;0;0;0;0;0;0;
32990;3064437;551112704;38387712;495190016;0;0;0;0;0;0;0;0;0;0;0;3286;0;0;0;0;0;0;
32991;4493156;551112704;38387712;495190016;0;0;0;0;0;0;0;0;0;0;0;2976;0;0;0;0;0;0;
32992;2832562;551112704;38387712;495190016;0;0;0;0;0;0;0;0;0;0;0;3236;0;0;0;0;0;0;
32993;4506021;551112704;38387712;495190016;0;0;0;0;0;0;0;0;0;0;0;3036;0;0;0;0;0;0;
32994;2747462;551112704;38387712;495190016;0;0;0;0;0;0;0;0;0;0;0;3687;0;0;0;0;0;0;
32995;4512713;551112704;38387712;495190016;0;0;0;0;0;0;0;0;0;0;0;2845;0;0;0;0;0;0;
32996;2709361;551112704;38387712;495190016;0;0;0;0;0;0;0;0;0;0;0;3377;0;0;0;0;0;0;
32997;4427653;551112704;38387712;495190016;0;0;0;0;0;0;0;0;0;0;0;2886;0;0;0;0;0;0;
32998;2652755;551112704;38387712;495190016;0;0;0;0;0;0;0;0;0;0;0;2955;0;0;0;0;0;0;
32999;4881905;551112704;38387712;495190016;0;0;0;0;0;0;0;0;0;0;0;3286;0;0;0;0;0;0;
33000;2801354;551112704;38387712;495190016;0;0;0;0;0;0;0;0;0;0;0;2835;0;0;0;0;0;0;
33001;4358744;551112704;38387712;495190016;0;0;0;0;0;0;0;0;0;0;0;2705;0;0;0;0;0;0;
33002;2959791;551112704;38387712;495190016;0;0;0;0;0;0;0;0;0;0;0;3076;0;0;0;0;0;0;
33003;4577795;551112704;38387712;495190016;0;0;0;0;0;0;0;0;0;0;0;3146;0;0;0;0;0;0;
33004;3602095;551112704;38387712;495190016;0;0;0;0;0;0;0;0;0;0;0;3958;0;0;0;0;0;0;
33005;4610417;551112704;38387712;495190016;0;0;0;0;0;0;0;0;0;0;0;3567;0;0;0;0;0;0;
33006;3837296;551112704;38387712;495190016;0;0;0;0;0;0;0;0;0;0;0;3717;0;0;0;0;0;0;
33007;4652134;551112704;38387712;495190016;0;0;0;0;0;0;0;0;0;0;0;3546;0;0;0;0;0;0;
33008;3978722;551112704;38387712;495190016;0;0;0;0;0;0;0;0;0;0;0;3717;0;0;0;0;0;0;
33009;4642676;551112704;38387712;495190016;0;0;0;0;0;0;0;0;0;0;0;3917;0;0;0;0;0;0;
33010;3928047;551112704;38387712;495190016;0;0;0;0;0;0;0;0;0;0;0;3888;0;0;0;0;0;0;
33011;4685888;551112704;38387712;495190016;0;0;0;0;0;0;0;0;0;0;0;3367;0;0;0;0;0;0;
33012;3859268;551112704;38387712;495190016;0;0;0;0;0;0;0;0;0;0;0;3527;0;0;0;0;0;0;
33013;4580009;551112704;38387712;495190016;0;0;0;0;0;0;0;0;0;0;0;2896;0;0;0;0;0;0;
33014;3868334;551112704;38387712;495190016;0;0;0;0;0;0;0;0;0;0;0;3456;0;0;0;0;0;0;
33015;4654369;551112704;38387712;495190016;0;0;0;0;0;0;0;0;0;0;0;3597;0;0;0;0;0;0;
33016;3759731;551112704;38387712;495190016;0;0;0;0;0;0;0;0;0;0;0;3086;0;0;0;0;0;0;
33017;4706396;551112704;38387712;495190016;0;0;0;0;0;0;0;0;0;0;0;4158;0;0;0;0;0;0;
33018;3737539;551112704;38387712;495190016;0;0;0;0;0;0;0;0;0;0;0;3426;0;0;0;0;0;0;
33019;4853332;551112704;38387712;495190016;0;0;0;0;0;0;0;0;0;0;0;3346;0;0;0;0;0;0;
33020;3682246;551112704;38387712;495190016;0;0;0;0;0;0;0;0;0;0;0;3246;0;0;0;0;0;0;
33021;4595809;551112704;38387712;495190016;0;0;0;0;0;0;0;0;0;0;0;3527;0;0;0;0;0;0;
33022;3672928;551112704;38387712;495190016;0;0;0;0;0;0;0;0;0;0;0;2936;0;0;0;0;0;0;
33023;4741853;551112704;38387712;495190016;0;0;0;0;0;0;0;0;0;0;0;3176;0;0;0;0;0;0;
33024;3997937;551112704;38387712;495190016;0;0;0;0;0;0;0;0;0;0;0;3146;0;0;0;0;0;0;
33025;4704803;551112704;38387712;495190016;0;0;0;0;0;0;0;0;0;0;0;2986;0;0;0;0;0;0;
33026;4104718;551112704;38387712;495190016;0;0;0;0;0;0;0;0;0;0;0;3998;0;0;0;0;0;0;
33027;4792958;551112704;38387712;495190016;0;0;0;0;0;0;0;0;0;0;0;3136;0;0;0;0;0;0;
33028;3749522;551112704;38387712;495190016;0;0;0;0;0;0;0;0;0;0;0;3687;0;0;0;0;0;0;
33029;4683674;551112704;38387712;495190016;0;0;0;0;0;0;0;0;0;0;0;3577;0;0;0;0;0;0;
33030;3795969;551112704;38387712;495190016;0;0;0;0;0;0;0;0;0;0;0;4088;0;0;0;0;0;0;
33031;4778371;551112704;38387712;495190016;0;0;0;0;0;0;0;0;0;0;0;3697;0;0;0;0;0;0;
33032;12752345;551112704;38387712;495190016;0;0;0;0;0;0;0;0;0;0;0;3356;0;0;0;0;0;0;
33033;4839506;551112704;38387712;495190016;0;0;0;0;0;0;0;0;0;0;0;3707;0;0;0;0;0;0;
33034;3826076;551112704;38387712;495190016;0;0;0;0;0;0;0;0;0;0;0;3888;0;0;0;0;0;0;
33035;5006349;551112704;38387712;495190016;0;0;0;0;0;0;0;0;0;0;0;3887;0;0;0;0;0;0;
33036;3901246;551112704;38387712;495190016;0;0;0;0;0;0;0;0;0;0;0;3516;0;0;0;0;0;0;
33037;4911241;551112704;38387712;495190016;0;0;0;0;0;0;0;0;0;0;0;3357;0;0;0;0;0;0;
33038;3937364;551112704;38387712;495190016;0;0;0;0;0;0;0;0;0;0;0;2655;0;0;0;0;0;0;
33039;4494278;551112704;38387712;495190016;0;0;0;0;0;0;0;0;0;0;0;2605;0;0;0;0;0;0;
33040;2689464;551112704;38387712;495190016;0;0;0;0;0;0;0;0;0;0;0;2725;0;0;0;0;0;0;
33041;4510008;551112704;38387712;495190016;0;0;0;0;0;0;0;0;0;0;0;2585;0;0;0;0;0;0;
33042;2797076;551112704;38387712;495190016;0;0;0;0;0;0;0;0;0;0;0;3096;0;0;0;0;0;0;
33043;4688302;551112704;38387712;495190016;0;0;0;0;0;0;0;0;0;0;0;3026;0;0;0;0;0;0;
33044;3831436;551112704;38387712;495190016;0;0;0;0;0;0;0;0;0;0;0;3417;0;0;0;0;0;0;
33045;4780124;551112704;38387712;495190016;0;0;0;0;0;0;0;0;0;0;0;3878;0;0;0;0;0;0;
33046;3964696;551112704;38387712;495190016;0;0;0;0;0;0;0;0;0;0;0;3436;0;0;0;0;0;0;
33047;5030684;551112704;38387712;495190016;0;0;0;0;0;0;0;0;0;0;0;3306;0;0;0;0;0;0;
33048;2968678;551112704;38387712;495190016;0;0;0;0;0;0;0;0;0;0;0;3286;0;0;0;0;0;0;
33049;4831982;551112704;38387712;495190016;0;0;0;0;0;0;0;0;0;0;0;3226;0;0;0;0;0;0;
33050;3857354;551112704;38387712;495190016;0;0;0;0;0;0;0;0;0;0;0;3326;0;0;0;0;0;0;
33051;4712257;551112704;38387712;495190016;0;0;0;0;0;0;0;0;0;0;0;3176;0;0;0;0;0;0;
33052;3727070;551112704;38387712;495190016;0;0;0;0;0;0;0;0;0;0;0;3617;0;0;0;0;0;0;
33053;4685216;551112704;38387712;495190016;0;0;0;0;0;0;0;0;0;0;0;2886;0;0;0;0;0;0;
33054;3916945;551112704;38387712;495190016;0;0;0;0;0;0;0;0;0;0;0;3536;0;0;0;0;0;0;
33055;4667834;551112704;38387712;495190016;0;0;0;0;0;0;0;0;0;0;0;4248;0;0;0;0;0;0;
33056;3771102;551112704;38387712;495190016;0;0;0;0;0;0;0;0;0;0;0;4218;0;0;0;0;0;0;
33057;4806123;551112704;38387712;495190016;0;0;0;0;0;0;0;0;0;0;0;3316;0;0;0;0;0;0;
33058;4141356;551112704;38387712;495190016;0;0;0;0;0;0;0;0;0;0;0;3146;0;0;0;0;0;0;
33059;4991521;551112704;38387712;495190016;0;0;0;0;0;0;0;0;0;0;0;3536;0;0;0;0;0;0;
33060;4038413;551112704;38387712;495190016;0;0;0;0;0;0;0;0;0;0;0;3317;0;0;0;0;0;0;
33061;4790504;551112704;38387712;495190016;0;0;0;0;0;0;0;0;0;0;0;2455;0;0;0;0;0;0;
33062;3104021;551112704;38387712;495190016;0;0;0;0;0;0;0;0;0;0;0;3536;0;0;0;0;0;0;
33063;4670999;551112704;38387712;495190016;0;0;0;0;0;0;0;0;0;0;0;2224;0;0;0;0;0;0;
33064;3025775;551112704;38387712;495190016;0;0;0;0;0;0;0;0;0;0;0;3046;0;0;0;0;0;0;
33065;4541618;551112704;38387712;495190016;0;0;0;0;0;0;0;0;0;0;0;3236;0;0;0;0;0;0;
33066;2830338;551112704;38387712;495190016;0;0;0;0;0;0;0;0;0;0;0;3116;0;0;0;0;0;0;
33067;4625895;551112704;38387712;495190016;0;0;0;0;0;0;0;0;0;0;0;3277;0;0;0;0;0;0;
33068;3000207;551112704;38387712;495190016;0;0;0;0;0;0;0;0;0;0;0;2595;0;0;0;0;0;0;
33069;4478940;551112704;38387712;495190016;0;0;0;0;0;0;0;0;0;0;0;2705;0;0;0;0;0;0;
33070;2786496;551112704;38387712;495190016;0;0;0;0;0;0;0;0;0;0;0;3066;0;0;0;0;0;0;
33071;4617249;551112704;38387712;495190016;0;0;0;0;0;0;0;0;0;0;0;3076;0;0;0;0;0;0;
33072;2997632;551112704;38387712;495190016;0;0;0;0;0;0;0;0;0;0;0;3006;0;0;0;0;0;0;
33073;4951677;551112704;38387712;495190016;0;0;0;0;0;0;0;0;0;0;0;3447;0;0;0;0;0;0;
33074;3019512;551112704;38387712;495190016;0;0;0;0;0;0;0;0;0;0;0;3627;0;0;0;0;0;0;
33075;4526990;551112704;38387712;495190016;0;0;0;0;0;0;0;0;0;0;0;3076;0;0;0;0;0;0;
33076;3171849;551112704;38387712;495190016;0;0;0;0;0;0;0;0;0;0;0;3096;0;0;0;0;0;0;
33077;4480884;551112704;38387712;495190016;0;0;0;0;0;0;0;0;0;0;0;2534;0;0;0;0;0;0;
33078;3361855;551112704;38387712;495190016;0;0;0;0;0;0;0;0;0;0;0;3266;0;0;0;0;0;0;
33079;4463771;551112704;38387712;495190016;0;0;0;0;0;0;0;0;0;0;0;2665;0;0;0;0;0;0;
33080;3066591;551112704;38387712;495190016;0;0;0;0;0;0;0;0;0;0;0;3126;0;0;0;0;0;0;
33081;4585169;551112704;38387712;495190016;0;0;0;0;0;0;0;0;0;0;0;2775;0;0;0;0;0;0;
33082;3251568;551112704;38387712;495190016;0;0;0;0;0;0;0;0;0;0;0;3807;0;0;0;0;0;0;
33083;4748896;551112704;38387712;495190016;0;0;0;0;0;0;0;0;0;0;0;4308;0;0;0;0;0;0;
33084;3956300;551112704;38387712;495190016;0;0;0;0;0;0;0;0;0;0;0;4097;0;0;0;0;0;0;
33085;4851087;551112704;38387712;495190016;0;0;0;0;0;0;0;0;0;0;0;3637;0;0;0;0;0;0;
33086;3748439;551112704;38387712;495190016;0;0;0;0;0;0;0;0;0;0;0;3867;0;0;0;0;0;0;
33087;4822003;551112704;38387712;495190016;0;0;0;0;0;0;0;0;0;0;0;3667;0;0;0;0;0;0;
33088;3802481;551112704;38387712;495190016;0;0;0;0;0;0;0;0;0;0;0;4188;0;0;0;0;0;0;
33089;4861958;551112704;38387712;495190016;0;0;0;0;0;0;0;0;0;0;0;3526;0;0;0;0;0;0;
33090;2744396;551112704;38387712;495190016;0;0;0;0;0;0;0;0;0;0;0;3156;0;0;0;0;0;0;
33091;4505689;551112704;38387712;495190016;0;0;0;0;0;0;0;0;0;0;0;2956;0;0;0;0;0;0;
33092;3604129;551112704;38387712;495190016;0;0;0;0;0;0;0;0;0;0;0;3818;0;0;0;0;0;0;
33093;4818296;551112704;38387712;495190016;0;0;0;0;0;0;0;0;0;0;0;3818;0;0;0;0;0;0;
33094;3833510;551112704;38387712;495190016;0;0;0;0;0;0;0;0;0;0;0;3857;0;0;0;0;0;0;
33095;4669557;551112704;38387712;495190016;0;0;0;0;0;0;0;0;0;0;0;3817;0;0;0;0;0;0;
33096;4158568;551112704;38387712;495190016;0;0;0;0;0;0;0;0;0;0;0;3907;0;0;0;0;0;0;
33097;5023060;551112704;38387712;495190016;0;0;0;0;0;0;0;0;0;0;0;3396;0;0;0;0;0;0;
33098;3919440;551112704;38387712;495190016;0;0;0;0;0;0;0;0;0;0;0;3777;0;0;0;0;0;0;
33099;4822504;551112704;38387712;495190016;0;0;0;0;0;0;0;0;0;0;0;3527;0;0;0;0;0;0;
33100;4377549;551112704;38387712;495190016;0;0;0;0;0;0;0;0;0;0;0;3386;0;0;0;0;0;0;
33101;4737745;551112704;38387712;495190016;0;0;0;0;0;0;0;0;0;0;0;3617;0;0;0;0;0;0;
33102;3838558;551112704;38387712;495190016;0;0;0;0;0;0;0;0;0;0;0;3787;0;0;0;0;0;0;
33103;4958059;551112704;38395904;495198208;0;0;0;0;0;0;0;0;0;0;0;4539;0;0;0;0;0;0;
33104;3924180;551112704;38395904;495198208;0;0;0;0;0;0;0;0;0;0;0;4168;0;0;0;0;0;0;
33105;4831501;551112704;38395904;495198208;0;0;0;0;0;0;0;0;0;0;0;3567;0;0;0;0;0;0;
33106;4075713;551112704;38395904;495198208;0;0;0;0;0;0;0;0;0;0;0;5250;0;0;0;0;0;0;
33107;4827754;551112704;38395904;495198208;0;0;0;0;0;0;0;0;0;0;0;4298;0;0;0;0;0;0;
33108;3964424;551112704;38395904;495198208;0;0;0;0;0;0;0;0;0;0;0;4148;0;0;0;0;0;0;
33109;4757292;551112704;38395904;495198208;0;0;0;0;0;0;0;0;0;0;0;4068;0;0;0;0;0;0;
33110;4013457;551174144;38387712;495190016;0;0;0;0;0;0;0;0;0;0;0;4068;0;0;0;0;0;0;
33111;4772841;551174144;38387712;495190016;0;0;0;0;0;0;0;0;0;0;0;3908;0;0;0;0;0;0;
33112;4002116;551174144;38387712;495190016;0;0;0;0;0;0;0;0;0;0;0;4028;0;0;0;0;0;0;
33113;4654709;551174144;38387712;495190016;0;0;0;0;0;0;0;0;0;0;0;3336;0;0;0;0;0;0;
33114;3801299;551174144;38387712;495190016;0;0;0;0;0;0;0;0;0;0;0;3777;0;0;0;0;0;0;
33115;4823135;551174144;38387712;495190016;0;0;0;0;0;0;0;0;0;0;0;3777;0;0;0;0;0;0;
33116;4319641;551174144;38387712;495190016;0;0;0;0;0;0;0;0;0;0;0;3677;0;0;0;0;0;0;
33117;4790444;551174144;38387712;495190016;0;0;0;0;0;0;0;0;0;0;0;3437;0;0;0;0;0;0;
33118;3991736;551174144;38387712;495190016;0;0;0;0;0;0;0;0;0;0;0;4458;0;0;0;0;0;0;
33119;4830499;551174144;38387712;495190016;0;0;0;0;0;0;0;0;0;0;0;3868;0;0;0;0;0;0;
33120;3833089;551174144;38387712;495190016;0;0;0;0;0;0;0;0;0;0;0;4248;0;0;0;0;0;0;
33121;4822404;551174144;38387712;495190016;0;0;0;0;0;0;0;0;0;0;0;3467;0;0;0;0;0;0;
33122;3890857;551174144;38387712;495190016;0;0;0;0;0;0;0;0;0;0;0;4278;0;0;0;0;0;0;
33123;4762812;551174144;38387712;495190016;0;0;0;0;0;0;0;0;0;0;0;3567;0;0;0;0;0;0;
33124;3863936;551174144;38387712;495190016;0;0;0;0;0;0;0;0;0;0;0;3417;0;0;0;0;0;0;
33125;4357633;551174144;38387712;495190016;0;0;0;0;0;0;0;0;0;0;0;2485;0;0;0;0;0;0;
33126;2933601;551174144;38387712;495190016;0;0;0;0;0;0;0;0;0;0;0;3227;0;0;0;0;0;0;
33127;4462650;551174144;38387712;495190016;0;0;0;0;0;0;0;0;0;0;0;2825;0;0;0;0;0;0;
33128;3273019;551174144;38387712;495190016;0;0;0;0;0;0;0;0;0;0;0;4238;0;0;0;0;0;0;
33129;4943581;551174144;38387712;495190016;0;0;0;0;0;0;0;0;0;0;0;3647;0;0;0;0;0;0;
33130;4016112;551174144;38387712;495190016;0;0;0;0;0;0;0;0;0;0;0;3968;0;0;0;0;0;0;
33131;4750780;551174144;38387712;495190016;0;0;0;0;0;0;0;0;0;0;0;3526;0;0;0;0;0;0;
33132;3726007;551174144;38387712;495190016;0;0;0;0;0;0;0;0;0;0;0;4328;0;0;0;0;0;0;
33133;4755738;551174144;38387712;495190016;0;0;0;0;0;0;0;0;0;0;0;3366;0;0;0;0;0;0;
33134;4022484;551174144;38387712;495190016;0;0;0;0;0;0;0;0;0;0;0;3947;0;0;0;0;0;0;
33135;4744217;551174144;38387712;495190016;0;0;0;0;0;0;0;0;0;0;0;3646;0;0;0;0;0;0;
33136;4027553;551174144;38387712;495190016;0;0;0;0;0;0;0;0;0;0;0;3948;0;0;0;0;0;0;
33137;4792398;551174144;38387712;495190016;0;0;0;0;0;0;0;0;0;0;0;3336;0;0;0;0;0;0;
33138;3964284;551174144;38387712;495190016;0;0;0;0;0;0;0;0;0;0;0;4268;0;0;0;0;0;0;
33139;4808728;551174144;38387712;495190016;0;0;0;0;0;0;0;0;0;0;0;3466;0;0;0;0;0;0;
33140;4054133;551174144;38387712;495190016;0;0;0;0;0;0;0;0;0;0;0;3767;0;0;0;0;0;0;
33141;4768884;551174144;38387712;495190016;0;0;0;0;0;0;0;0;0;0;0;3507;0;0;0;0;0;0;
33142;3840953;551174144;38387712;495190016;0;0;0;0;0;0;0;0;0;0;0;3737;0;0;0;0;0;0;
33143;4695717;551174144;38387712;495190016;0;0;0;0;0;0;0;0;0;0;0;3757;0;0;0;0;0;0;
33144;4087396;551174144;38387712;495190016;0;0;0;0;0;0;0;0;0;0;0;4378;0;0;0;0;0;0;
33145;4749206;551174144;38387712;495190016;0;0;0;0;0;0;0;0;0;0;0;3256;0;0;0;0;0;0;
33146;3875589;551174144;38387712;495190016;0;0;0;0;0;0;0;0;0;0;0;4268;0;0;0;0;0;0;
33147;4863841;551174144;38387712;495190016;0;0;0;0;0;0;0;0;0;0;0;3636;0;0;0;0;0;0;
33148;4007826;551174144;38387712;495190016;0;0;0;0;0;0;0;0;0;0;0;4248;0;0;0;0;0;0;
33149;4907804;551174144;38387712;495190016;0;0;0;0;0;0;0;0;0;0;0;3577;0;0;0;0;0;0;
33150;3915423;551174144;38387712;495190016;0;0;0;0;0;0;0;0;0;0;0;3146;0;0;0;0;0;0;
33151;4494669;551174144;38387712;495190016;0;0;0;0;0;0;0;0;0;0;0;3096;0;0;0;0;0;0;
33152;3515633;551174144;38387712;495190016;0;0;0;0;0;0;0;0;0;0;0;4188;0;0;0;0;0;0;
33153;4807506;551174144;38387712;495190016;0;0;0;0;0;0;0;0;0;0;0;3957;0;0;0;0;0;0;
33154;3520573;551174144;38387712;495190016;0;0;0;0;0;0;0;0;0;0;0;3277;0;0;0;0;0;0;
33155;4753404;551174144;38387712;495190016;0;0;0;0;0;0;0;0;0;0;0;2635;0;0;0;0;0;0;
33156;2944863;551174144;38387712;495190016;0;0;0;0;0;0;0;0;0;0;0;3016;0;0;0;0;0;0;
33157;4487987;551174144;38387712;495190016;0;0;0;0;0;0;0;0;0;0;0;2515;0;0;0;0;0;0;
33158;3049889;551174144;38387712;495190016;0;0;0;0;0;0;0;0;0;0;0;3667;0;0;0;0;0;0;
33159;4598233;551174144;38387712;495190016;0;0;0;0;0;0;0;0;0;0;0;2866;0;0;0;0;0;0;
33160;3184061;551174144;38387712;495190016;0;0;0;0;0;0;0;0;0;0;0;3146;0;0;0;0;0;0;
33161;4396756;551174144;38387712;495190016;0;0;0;0;0;0;0;0;0;0;0;2564;0;0;0;0;0;0;
33162;2970942;551174144;38387712;495190016;0;0;0;0;0;0;0;0;0;0;0;2995;0;0;0;0;0;0;
33163;4414119;551174144;38387712;495190016;0;0;0;0;0;0;0;0;0;0;0;2765;0;0;0;0;0;0;
33164;2941367;551174144;38387712;495190016;0;0;0;0;0;0;0;0;0;0;0;2755;0;0;0;0;0;0;
33165;4505459;551174144;38387712;495190016;0;0;0;0;0;0;0;0;0;0;0;2605;0;0;0;0;0;0;
33166;2937980;551174144;38387712;495190016;0;0;0;0;0;0;0;0;0;0;0;2695;0;0;0;0;0;0;
33167;4555323;551174144;38387712;495190016;0;0;0;0;0;0;0;0;0;0;0;2836;0;0;0;0;0;0;
33168;2870814;551174144;38387712;495190016;0;0;0;0;0;0;0;0;0;0;0;2685;0;0;0;0;0;0;
33169;4503426;551174144;38387712;495190016;0;0;0;0;0;0;0;0;0;0;0;2334;0;0;0;0;0;0;
33170;2822403;551174144;38387712;495190016;0;0;0;0;0;0;0;0;0;0;0;3066;0;0;0;0;0;0;
33171;4557608;551174144;38387712;495190016;0;0;0;0;0;0;0;0;0;0;0;2915;0;0;0;0;0;0;
33172;2793730;551174144;38387712;495190016;0;0;0;0;0;0;0;0;0;0;0;2665;0;0;0;0;0;0;
33173;4432212;551174144;38387712;495190016;0;0;0;0;0;0;0;0;0;0;0;2554;0;0;0;0;0;0;
33174;2766047;551174144;38387712;495190016;0;0;0;0;0;0;0;0;0;0;0;3607;0;0;0;0;0;0;
33175;4437051;551174144;38387712;495190016;0;0;0;0;0;0;0;0;0;0;0;2876;0;0;0;0;0;0;
33176;2870914;551174144;38387712;495190016;0;0;0;0;0;0;0;0;0;0;0;3487;0;0;0;0;0;0;
33177;4657133;551174144;38387712;495190016;0;0;0;0;0;0;0;0;0;0;0;2986;0;0;0;0;0;0;
33178;3633785;551174144;38387712;495190016;0;0;0;0;0;0;0;0;0;0;0;2945;0;0;0;0;0;0;
33179;4639251;551174144;38387712;495190016;0;0;0;0;0;0;0;0;0;0;0;3297;0;0;0;0;0;0;
33180;4055075;551174144;38387712;495190016;0;0;0;0;0;0;0;0;0;0;0;3637;0;0;0;0;0;0;
33181;4918795;551174144;38387712;495190016;0;0;0;0;0;0;0;0;0;0;0;3226;0;0;0;0;0;0;
33182;3800858;551174144;38387712;495190016;0;0;0;0;0;0;0;0;0;0;0;3407;0;0;0;0;0;0;
33183;4820200;551174144;38387712;495190016;0;0;0;0;0;0;0;0;0;0;0;3216;0;0;0;0;0;0;
33184;4281470;551174144;38387712;495190016;0;0;0;0;0;0;0;0;0;0;0;4188;0;0;0;0;0;0;
33185;4860375;551174144;38387712;495190016;0;0;0;0;0;0;0;0;0;0;0;3467;0;0;0;0;0;0;
33186;3902799;551174144;38387712;495190016;0;0;0;0;0;0;0;0;0;0;0;4318;0;0;0;0;0;0;
33187;4691829;551174144;38387712;495190016;0;0;0;0;0;0;0;0;0;0;0;3367;0;0;0;0;0;0;
33188;3987838;551174144;38387712;495190016;0;0;0;0;0;0;0;0;0;0;0;3676;0;0;0;0;0;0;
33189;4661031;551174144;38387712;495190016;0;0;0;0;0;0;0;0;0;0;0;3506;0;0;0;0;0;0;
33190;3663320;551174144;38387712;495190016;0;0;0;0;0;0;0;0;0;0;0;3707;0;0;0;0;0;0;
33191;4852090;551174144;38387712;495190016;0;0;0;0;0;0;0;0;0;0;0;3457;0;0;0;0;0;0;
33192;3830643;551174144;38387712;495190016;0;0;0;0;0;0;0;0;0;0;0;3516;0;0;0;0;0;0;
33193;5045332;551174144;38387712;495190016;0;0;0;0;0;0;0;0;0;0;0;3647;0;0;0;0;0;0;
33194;3833700;551174144;38387712;495190016;0;0;0;0;0;0;0;0;0;0;0;3867;0;0;0;0;0;0;
33195;4812475;551174144;38387712;495190016;0;0;0;0;0;0;0;0;0;0;0;4198;0;0;0;0;0;0;
33196;4038123;551174144;38387712;495190016;0;0;0;0;0;0;0;0;0;0;0;4088;0;0;0;0;0;0;
33197;4759576;551174144;38387712;495190016;0;0;0;0;0;0;0;0;0;0;0;3236;0;0;0;0;0;0;
33198;4162526;551174144;38387712;495190016;0;0;0;0;0;0;0;0;0;0;0;3496;0;0;0;0;0;0;
33199;4618221;551174144;38387712;495190016;0;0;0;0;0;0;0;0;0;0;0;2775;0;0;0;0;0;0;
33200;4008628;551174144;38387712;495190016;0;0;0;0;0;0;0;0;0;0;0;3988;0;0;0;0;0;0;
33201;4881224;551174144;38387712;495190016;0;0;0;0;0;0;0;0;0;0;0;4078;0;0;0;0;0;0;
33202;4035198;551174144;38387712;495190016;0;0;0;0;0;0;0;0;0;0;0;4087;0;0;0;0;0;0;
33203;4749627;551174144;38387712;495190016;0;0;0;0;0;0;0;0;0;0;0;3727;0;0;0;0;0;0;
33204;4203544;551174144;38387712;495190016;0;0;0;0;0;0;0;0;0;0;0;3677;0;0;0;0;0;0;
33205;4941146;551174144;38387712;495190016;0;0;0;0;0;0;0;0;0;0;0;3446;0;0;0;0;0;0;
33206;4009960;551174144;38387712;495190016;0;0;0;0;0;0;0;0;0;0;0;4088;0;0;0;0;0;0;
33207;4878589;551174144;38387712;495190016;0;0;0;0;0;0;0;0;0;0;0;3818;0;0;0;0;0;0;
33208;3871410;551174144;38387712;495190016;0;0;0;0;0;0;0;0;0;0;0;3707;0;0;0;0;0;0;
33209;4698762;551174144;38387712;495190016;0;0;0;0;0;0;0;0;0;0;0;3116;0;0;0;0;0;0;
33210;4138962;551174144;38387712;495190016;0;0;0;0;0;0;0;0;0;0;0;3957;0;0;0;0;0;0;
33211;4723449;551174144;38387712;495190016;0;0;0;0;0;0;0;0;0;0;0;3657;0;0;0;0;0;0;
33212;3873434;551174144;38387712;495190016;0;0;0;0;0;0;0;0;0;0;0;4389;0;0;0;0;0;0;
33213;4733497;551174144;38387712;495190016;0;0;0;0;0;0;0;0;0;0;0;3537;0;0;0;0;0;0;
33214;3775190;551174144;38387712;495190016;0;0;0;0;0;0;0;0;0;0;0;3877;0;0;0;0;0;0;
33215;4705795;551174144;38387712;495190016;0;0;0;0;0;0;0;0;0;0;0;4078;0;0;0;0;0;0;
33216;4517532;551174144;38387712;495190016;0;0;0;0;0;0;0;0;0;0;0;3888;0;0;0;0;0;0;
33217;4742835;551174144;38387712;495190016;0;0;0;0;0;0;0;0;0;0;0;3727;0;0;0;0;0;0;
33218;3902589;551174144;38387712;495190016;0;0;0;0;0;0;0;0;0;0;0;3968;0;0;0;0;0;0;
33219;4728227;551174144;38387712;495190016;0;0;0;0;0;0;0;0;0;0;0;3748;0;0;0;0;0;0;
33220;4076646;551174144;38387712;495190016;0;0;0;0;0;0;0;0;0;0;0;3807;0;0;0;0;0;0;
33221;4908435;551174144;38395904;495198208;0;0;0;0;0;0;0;0;0;0;0;4248;0;0;0;0;0;0;
33222;3739473;551174144;38395904;495198208;0;0;0;0;0;0;0;0;0;0;0;3807;0;0;0;0;0;0;
33223;4820721;551174144;38395904;495198208;0;0;0;0;0;0;0;0;0;0;0;4288;0;0;0;0;0;0;
33224;3962081;551174144;38395904;495198208;0;0;0;0;0;0;0;0;0;0;0;4188;0;0;0;0;0;0;
33225;4696278;551174144;38395904;495198208;0;0;0;0;0;0;0;0;0;0;0;4038;0;0;0;0;0;0;
33226;3964715;551174144;38395904;495198208;0;0;0;0;0;0;0;0;0;0;0;4168;0;0;0;0;0;0;
33227;4878559;551174144;38395904;495198208;0;0;0;0;0;0;0;0;0;0;0;3677;0;0;0;0;0;0;
33228;3697284;551194624;38387712;495190016;0;0;0;0;0;0;0;0;0;0;0;3176;0;0;0;0;0;0;
33229;4591881;551194624;38387712;495190016;0;0;0;0;0;0;0;0;0;0;0;2735;0;0;0;0;0;0;
33230;3047074;551194624;38387712;495190016;0;0;0;0;0;0;0;0;0;0;0;3176;0;0;0;0;0;0;
33231;4684064;551194624;38387712;495190016;0;0;0;0;0;0;0;0;0;0;0;2826;0;0;0;0;0;0;
33232;3547393;551194624;38387712;495190016;0;0;0;0;0;0;0;0;0;0;0;3397;0;0;0;0;0;0;
33233;4404871;551194624;38387712;495190016;0;0;0;0;0;0;0;0;0;0;0;2435;0;0;0;0;0;0;
33234;2970761;551194624;38387712;495190016;0;0;0;0;0;0;0;0;0;0;0;3597;0;0;0;0;0;0;
33235;4555253;551194624;38387712;495190016;0;0;0;0;0;0;0;0;0;0;0;2826;0;0;0;0;0;0;
33236;2952357;551194624;38387712;495190016;0;0;0;0;0;0;0;0;0;0;0;3176;0;0;0;0;0;0;
33237;4359275;551194624;38387712;495190016;0;0;0;0;0;0;0;0;0;0;0;2806;0;0;0;0;0;0;
33238;2950103;551194624;38387712;495190016;0;0;0;0;0;0;0;0;0;0;0;3547;0;0;0;0;0;0;
33239;4535375;551194624;38387712;495190016;0;0;0;0;0;0;0;0;0;0;0;3286;0;0;0;0;0;0;
33240;3181256;551194624;38387712;495190016;0;0;0;0;0;0;0;0;0;0;0;3096;0;0;0;0;0;0;
33241;4500671;551194624;38387712;495190016;0;0;0;0;0;0;0;0;0;0;0;3096;0;0;0;0;0;0;
33242;2919575;551194624;38387712;495190016;0;0;0;0;0;0;0;0;0;0;0;3617;0;0;0;0;0;0;
33243;4434106;551194624;38387712;495190016;0;0;0;0;0;0;0;0;0;0;0;2635;0;0;0;0;0;0;
33244;3010085;551194624;38387712;495190016;0;0;0;0;0;0;0;0;0;0;0;2926;0;0;0;0;0;0;
33245;4419558;551194624;38387712;495190016;0;0;0;0;0;0;0;0;0;0;0;2485;0;0;0;0;0;0;
33246;3396159;551194624;38387712;495190016;0;0;0;0;0;0;0;0;0;0;0;3636;0;0;0;0;0;0;
33247;4798429;551194624;38387712;495190016;0;0;0;0;0;0;0;0;0;0;0;3707;0;0;0;0;0;0;
33248;4131979;551194624;38387712;495190016;0;0;0;0;0;0;0;0;0;0;0;3687;0;0;0;0;0;0;
33249;4691448;551194624;38387712;495190016;0;0;0;0;0;0;0;0;0;0;0;3697;0;0;0;0;0;0;
33250;3802722;551194624;38387712;495190016;0;0;0;0;0;0;0;0;0;0;0;4088;0;0;0;0;0;0;
33251;4781156;551194624;38387712;495190016;0;0;0;0;0;0;0;0;0;0;0;3437;0;0;0;0;0;0;
33252;3971448;551194624;38387712;495190016;0;0;0;0;0;0;0;0;0;0;0;4097;0;0;0;0;0;0;
33253;4901172;551194624;38387712;495190016;0;0;0;0;0;0;0;0;0;0;0;3948;0;0;0;0;0;0;
33254;3927365;551194624;38387712;495190016;0;0;0;0;0;0;0;0;0;0;0;3547;0;0;0;0;0;0;
33255;4865174;551194624;38387712;495190016;0;0;0;0;0;0;0;0;0;0;0;3467;0;0;0;0;0;0;
33256;4134834;551194624;38387712;495190016;0;0;0;0;0;0;0;0;0;0;0;4449;0;0;0;0;0;0;
33257;4812605;551194624;38387712;495190016;0;0;0;0;0;0;0;0;0;0;0;3527;0;0;0;0;0;0;
33258;4181412;551194624;38387712;495190016;0;0;0;0;0;0;0;0;0;0;0;4148;0;0;0;0;0;0;
33259;4754998;551194624;38387712;495190016;0;0;0;0;0;0;0;0;0;0;0;3607;0;0;0;0;0;0;
33260;4250421;551194624;38387712;495190016;0;0;0;0;0;0;0;0;0;0;0;4739;0;0;0;0;0;0;
33261;5288548;551194624;38387712;495190016;0;0;0;0;0;0;0;0;0;0;0;4068;0;0;0;0;0;0;
33262;3985244;551194624;38387712;495190016;0;0;0;0;0;0;0;0;0;0;0;3888;0;0;0;0;0;0;
33263;4835799;551194624;38387712;495190016;0;0;0;0;0;0;0;0;0;0;0;4148;0;0;0;0;0;0;
33264;4326584;551194624;38387712;495190016;0;0;0;0;0;0;0;0;0;0;0;3867;0;0;0;0;0;0;
33265;4711966;551194624;38387712;495190016;0;0;0;0;0;0;0;0;0;0;0;3617;0;0;0;0;0;0;
33266;3293216;551194624;38387712;495190016;0;0;0;0;0;0;0;0;0;0;0;3326;0;0;0;0;0;0;
33267;4520959;551194624;38387712;495190016;0;0;0;0;0;0;0;0;0;0;0;3216;0;0;0;0;0;0;
33268;9053219;551194624;38387712;495190016;0;0;0;0;0;0;0;0;0;0;0;3166;0;0;0;0;0;0;
33269;7628406;551194624;38387712;495190016;0;0;0;0;0;0;0;0;0;0;0;2234;0;0;0;0;0;0;
33270;2736793;551194624;38387712;495190016;0;0;0;0;0;0;0;0;0;0;0;2935;0;0;0;0;0;0;
33271;4478519;551194624;38387712;495190016;0;0;0;0;0;0;0;0;0;0;0;2795;0;0;0;0;0;0;
33272;3127485;551194624;38387712;495190016;0;0;0;0;0;0;0;0;0;0;0;3297;0;0;0;0;0;0;
33273;4675027;551194624;38387712;495190016;0;0;0;0;0;0;0;0;0;0;0;2355;0;0;0;0;0;0;
33274;2819077;551194624;38387712;495190016;0;0;0;0;0;0;0;0;0;0;0;2716;0;0;0;0;0;0;
33275;4413688;551194624;38387712;495190016;0;0;0;0;0;0;0;0;0;0;0;2875;0;0;0;0;0;0;
33276;2887896;551194624;38387712;495190016;0;0;0;0;0;0;0;0;0;0;0;3366;0;0;0;0;0;0;
33277;4593645;551194624;38387712;495190016;0;0;0;0;0;0;0;0;0;0;0;3176;0;0;0;0;0;0;
33278;3027177;551194624;38387712;495190016;0;0;0;0;0;0;0;0;0;0;0;4248;0;0;0;0;0;0;
33279;4784172;551194624;38387712;495190016;0;0;0;0;0;0;0;0;0;0;0;4018;0;0;0;0;0;0;
33280;3845732;551194624;38387712;495190016;0;0;0;0;0;0;0;0;0;0;0;4047;0;0;0;0;0;0;
33281;4774284;551194624;38387712;495190016;0;0;0;0;0;0;0;0;0;0;0;3006;0;0;0;0;0;0;
33282;3971969;551194624;38387712;495190016;0;0;0;0;0;0;0;0;0;0;0;3947;0;0;0;0;0;0;
33283;4707328;551194624;38387712;495190016;0;0;0;0;0;0;0;0;0;0;0;3918;0;0;0;0;0;0;
33284;3562221;551194624;38387712;495190016;0;0;0;0;0;0;0;0;0;0;0;3246;0;0;0;0;0;0;
33285;4378742;551194624;38387712;495190016;0;0;0;0;0;0;0;0;0;0;0;2585;0;0;0;0;0;0;
33286;3015776;551194624;38387712;495190016;0;0;0;0;0;0;0;0;0;0;0;2995;0;0;0;0;0;0;
33287;4549873;551194624;38387712;495190016;0;0;0;0;0;0;0;0;0;0;0;2996;0;0;0;0;0;0;
33288;2778751;551194624;38387712;495190016;0;0;0;0;0;0;0;0;0;0;0;2605;0;0;0;0;0;0;
33289;4528042;551194624;38387712;495190016;0;0;0;0;0;0;0;0;0;0;0;2484;0;0;0;0;0;0;
33290;3006629;551194624;38387712;495190016;0;0;0;0;0;0;0;0;0;0;0;2996;0;0;0;0;0;0;
33291;4355758;551194624;38387712;495190016;0;0;0;0;0;0;0;0;0;0;0;2925;0;0;0;0;0;0;
33292;2992933;551194624;38387712;495190016;0;0;0;0;0;0;0;0;0;0;0;3346;0;0;0;0;0;0;
33293;4389262;551194624;38387712;495190016;0;0;0;0;0;0;0;0;0;0;0;2855;0;0;0;0;0;0;
33294;3050361;551194624;38387712;495190016;0;0;0;0;0;0;0;0;0;0;0;2916;0;0;0;0;0;0;
33295;4498446;551194624;38387712;495190016;0;0;0;0;0;0;0;0;0;0;0;2505;0;0;0;0;0;0;
33296;2932189;551194624;38387712;495190016;0;0;0;0;0;0;0;0;0;0;0;2865;0;0;0;0;0;0;
33297;4404430;551194624;38387712;495190016;0;0;0;0;0;0;0;0;0;0;0;2825;0;0;0;0;0;0;
33298;2986291;551194624;38387712;495190016;0;0;0;0;0;0;0;0;0;0;0;2986;0;0;0;0;0;0;
33299;4412896;551194624;38387712;495190016;0;0;0;0;0;0;0;0;0;0;0;2635;0;0;0;0;0;0;
33300;2936828;551194624;38387712;495190016;0;0;0;0;0;0;0;0;0;0;0;3256;0;0;0;0;0;0;
33301;4410592;551194624;38387712;495190016;0;0;0;0;0;0;0;0;0;0;0;2926;0;0;0;0;0;0;
33302;3092349;551194624;38387712;495190016;0;0;0;0;0;0;0;0;0;0;0;2945;0;0;0;0;0;0;
33303;4402406;551194624;38387712;495190016;0;0;0;0;0;0;0;0;0;0;0;2685;0;0;0;0;0;0;
33304;3253682;551194624;38387712;495190016;0;0;0;0;0;0;0;0;0;0;0;3777;0;0;0;0;0;0;
33305;4779374;551194624;38387712;495190016;0;0;0;0;0;0;0;0;0;0;0;3828;0;0;0;0;0;0;
33306;3880066;551194624;38387712;495190016;0;0;0;0;0;0;0;0;0;0;0;3977;0;0;0;0;0;0;
33307;4723258;551194624;38387712;495190016;0;0;0;0;0;0;0;0;0;0;0;4058;0;0;0;0;0;0;
33308;3785149;551194624;38387712;495190016;0;0;0;0;0;0;0;0;0;0;0;3737;0;0;0;0;0;0;
33309;4651494;551194624;38387712;495190016;0;0;0;0;0;0;0;0;0;0;0;3827;0;0;0;0;0;0;
33310;3775811;551194624;38387712;495190016;0;0;0;0;0;0;0;0;0;0;0;3155;0;0;0;0;0;0;
33311;4521840;551194624;38387712;495190016;0;0;0;0;0;0;0;0;0;0;0;2945;0;0;0;0;0;0;
33312;3194972;551194624;38387712;495190016;0;0;0;0;0;0;0;0;0;0;0;3587;0;0;0;0;0;0;
33313;4532059;551194624;38387712;495190016;0;0;0;0;0;0;0;0;0;0;0;2755;0;0;0;0;0;0;
33314;2932310;551194624;38387712;495190016;0;0;0;0;0;0;0;0;0;0;0;3006;0;0;0;0;0;0;
33315;4707919;551194624;38387712;495190016;0;0;0;0;0;0;0;0;0;0;0;2756;0;0;0;0;0;0;
33316;3765031;551194624;38387712;495190016;0;0;0;0;0;0;0;0;0;0;0;3857;0;0;0;0;0;0;
33317;4761079;551194624;38387712;495190016;0;0;0;0;0;0;0;0;0;0;0;3687;0;0;0;0;0;0;
33318;3913620;551194624;38387712;495190016;0;0;0;0;0;0;0;0;0;0;0;3827;0;0;0;0;0;0;
33319;4866456;551194624;38387712;495190016;0;0;0;0;0;0;0;0;0;0;0;3546;0;0;0;0;0;0;
33320;3799205;551194624;38387712;495190016;0;0;0;0;0;0;0;0;0;0;0;3477;0;0;0;0;0;0;
33321;5143816;551194624;38387712;495190016;0;0;0;0;0;0;0;0;0;0;0;3417;0;0;0;0;0;0;
33322;3891658;551194624;38387712;495190016;0;0;0;0;0;0;0;0;0;0;0;3908;0;0;0;0;0;0;
33323;4822564;551194624;38387712;495190016;0;0;0;0;0;0;0;0;0;0;0;3767;0;0;0;0;0;0;
33324;3997266;551194624;38387712;495190016;0;0;0;0;0;0;0;0;0;0;0;3677;0;0;0;0;0;0;
33325;5003754;551194624;38387712;495190016;0;0;0;0;0;0;0;0;0;0;0;3216;0;0;0;0;0;0;
33326;3997166;551194624;38387712;495190016;0;0;0;0;0;0;0;0;0;0;0;3888;0;0;0;0;0;0;
33327;4762341;551194624;38387712;495190016;0;0;0;0;0;0;0;0;0;0;0;4098;0;0;0;0;0;0;
33328;3729424;551194624;38387712;495190016;0;0;0;0;0;0;0;0;0;0;0;3707;0;0;0;0;0;0;
33329;4838264;551194624;38387712;495190016;0;0;0;0;0;0;0;0;0;0;0;3336;0;0;0;0;0;0;
33330;3886037;551194624;38387712;495190016;0;0;0;0;0;0;0;0;0;0;0;4278;0;0;0;0;0;0;
33331;4878960;551194624;38387712;495190016;0;0;0;0;0;0;0;0;0;0;0;4198;0;0;0;0;0;0;
33332;3955979;551194624;38387712;495190016;0;0;0;0;0;0;0;0;0;0;0;3747;0;0;0;0;0;0;
33333;4716124;551194624;38387712;495190016;0;0;0;0;0;0;0;0;0;0;0;3527;0;0;0;0;0;0;
33334;3880447;551194624;38387712;495190016;0;0;0;0;0;0;0;0;0;0;0;3687;0;0;0;0;0;0;
33335;4947058;551194624;38387712;495190016;0;0;0;0;0;0;0;0;0;0;0;3767;0;0;0;0;0;0;
33336;4189938;551194624;38387712;495190016;0;0;0;0;0;0;0;0;0;0;0;3937;0;0;0;0;0;0;
33337;5058276;551194624;38387712;495190016;0;0;0;0;0;0;0;0;0;0;0;3287;0;0;0;0;0;0;
33338;3927616;551194624;38387712;495190016;0;0;0;0;0;0;0;0;0;0;0;3536;0;0;0;0;0;0;
33339;4857991;551194624;38387712;495190016;0;0;0;0;0;0;0;0;0;0;0;3537;0;0;0;0;0;0;
33340;3895435;551194624;38387712;495190016;0;0;0;0;0;0;0;0;0;0;0;3526;0;0;0;0;0;0;
33341;4938151;551194624;38395904;495198208;0;0;0;0;0;0;0;0;0;0;0;3958;0;0;0;0;0;0;
33342;3968713;551194624;38395904;495198208;0;0;0;0;0;0;0;0;0;0;0;3787;0;0;0;0;0;0;
33343;4972596;551194624;38395904;495198208;0;0;0;0;0;0;0;0;0;0;0;3757;0;0;0;0;0;0;
33344;3916796;551194624;38395904;495198208;0;0;0;0;0;0;0;0;0;0;0;3967;0;0;0;0;0;0;
33345;4693682;551194624;38395904;495198208;0;0;0;0;0;0;0;0;0;0;0;3397;0;0;0;0;0;0;
33346;3962942;551194624;38395904;495198208;0;0;0;0;0;0;0;0;0;0;0;3788;0;0;0;0;0;0;
33347;4675398;551194624;38395904;495198208;0;0;0;0;0;0;0;0;0;0;0;3196;0;0;0;0;0;0;
33348;3942915;551215104;38387712;495190016;0;0;0;0;0;0;0;0;0;0;0;4559;0;0;0;0;0;0;
33349;4770406;551215104;38387712;495190016;0;0;0;0;0;0;0;0;0;0;0;3527;0;0;0;0;0;0;
33350;4147828;551215104;38387712;495190016;0;0;0;0;0;0;0;0;0;0;0;3977;0;0;0;0;0;0;
33351;4714341;551215104;38387712;495190016;0;0;0;0;0;0;0;0;0;0;0;3737;0;0;0;0;0;0;
33352;4035839;551215104;38387712;495190016;0;0;0;0;0;0;0;0;0;0;0;3707;0;0;0;0;0;0;
33353;4709763;551215104;38387712;495190016;0;0;0;0;0;0;0;0;0;0;0;3828;0;0;0;0;0;0;
33354;3795948;551215104;38387712;495190016;0;0;0;0;0;0;0;0;0;0;0;2665;0;0;0;0;0;0;
33355;4391826;551215104;38387712;495190016;0;0;0;0;0;0;0;0;0;0;0;2365;0;0;0;0;0;0;
33356;2897574;551215104;38387712;495190016;0;0;0;0;0;0;0;0;0;0;0;2485;0;0;0;0;0;0;
33357;4434687;551215104;38387712;495190016;0;0;0;0;0;0;0;0;0;0;0;2274;0;0;0;0;0;0;
33358;3109892;551215104;38387712;495190016;0;0;0;0;0;0;0;0;0;0;0;2795;0;0;0;0;0;0;
33359;4469882;551215104;38387712;495190016;0;0;0;0;0;0;0;0;0;0;0;2705;0;0;0;0;0;0;
33360;3323263;551215104;38387712;495190016;0;0;0;0;0;0;0;0;0;0;0;3136;0;0;0;0;0;0;
33361;4473720;551215104;38387712;495190016;0;0;0;0;0;0;0;0;0;0;0;2355;0;0;0;0;0;0;
33362;2952366;551215104;38387712;495190016;0;0;0;0;0;0;0;0;0;0;0;3326;0;0;0;0;0;0;
33363;4447100;551215104;38387712;495190016;0;0;0;0;0;0;0;0;0;0;0;2976;0;0;0;0;0;0;
33364;3150709;551215104;38387712;495190016;0;0;0;0;0;0;0;0;0;0;0;3376;0;0;0;0;0;0;
33365;4511851;551215104;38387712;495190016;0;0;0;0;0;0;0;0;0;0;0;2786;0;0;0;0;0;0;
33366;2853100;551215104;38387712;495190016;0;0;0;0;0;0;0;0;0;0;0;3657;0;0;0;0;0;0;
33367;4506161;551215104;38387712;495190016;0;0;0;0;0;0;0;0;0;0;0;3106;0;0;0;0;0;0;
33368;2791334;551215104;38387712;495190016;0;0;0;0;0;0;0;0;0;0;0;3276;0;0;0;0;0;0;
33369;4459924;551215104;38387712;495190016;0;0;0;0;0;0;0;0;0;0;0;2554;0;0;0;0;0;0;
33370;2905378;551215104;38387712;495190016;0;0;0;0;0;0;0;0;0;0;0;3116;0;0;0;0;0;0;
33371;4533512;551215104;38387712;495190016;0;0;0;0;0;0;0;0;0;0;0;3095;0;0;0;0;0;0;
33372;3161670;551215104;38387712;495190016;0;0;0;0;0;0;0;0;0;0;0;3196;0;0;0;0;0;0;
33373;4426802;551215104;38387712;495190016;0;0;0;0;0;0;0;0;0;0;0;3015;0;0;0;0;0;0;
33374;2919646;551215104;38387712;495190016;0;0;0;0;0;0;0;0;0;0;0;2695;0;0;0;0;0;0;
33375;4614073;551215104;38387712;495190016;0;0;0;0;0;0;0;0;0;0;0;2986;0;0;0;0;0;0;
33376;3033118;551215104;38387712;495190016;0;0;0;0;0;0;0;0;0;0;0;3477;0;0;0;0;0;0;
33377;4437181;551215104;38387712;495190016;0;0;0;0;0;0;0;0;0;0;0;2565;0;0;0;0;0;0;
33378;2749316;551215104;38387712;495190016;0;0;0;0;0;0;0;0;0;0;0;2996;0;0;0;0;0;0;
33379;4571914;551215104;38387712;495190016;0;0;0;0;0;0;0;0;0;0;0;2625;0;0;0;0;0;0;
33380;3082611;551215104;38387712;495190016;0;0;0;0;0;0;0;0;0;0;0;3417;0;0;0;0;0;0;
33381;4549442;551215104;38387712;495190016;0;0;0;0;0;0;0;0;0;0;0;2906;0;0;0;0;0;0;
33382;2874691;551215104;38387712;495190016;0;0;0;0;0;0;0;0;0;0;0;3457;0;0;0;0;0;0;
33383;4498326;551215104;38387712;495190016;0;0;0;0;0;0;0;0;0;0;0;2855;0;0;0;0;0;0;
33384;2906190;551215104;38387712;495190016;0;0;0;0;0;0;0;0;0;0;0;3116;0;0;0;0;0;0;
33385;4519255;551215104;38387712;495190016;0;0;0;0;0;0;0;0;0;0;0;2985;0;0;0;0;0;0;
33386;2787057;551215104;38387712;495190016;0;0;0;0;0;0;0;0;0;0;0;2905;0;0;0;0;0;0;
33387;4595779;551215104;38387712;495190016;0;0;0;0;0;0;0;0;0;0;0;2805;0;0;0;0;0;0;
33388;3617534;551215104;38387712;495190016;0;0;0;0;0;0;0;0;0;0;0;3476;0;0;0;0;0;0;
33389;4886765;551215104;38387712;495190016;0;0;0;0;0;0;0;0;0;0;0;3065;0;0;0;0;0;0;
33390;3970737;551215104;38387712;495190016;0;0;0;0;0;0;0;0;0;0;0;3667;0;0;0;0;0;0;
33391;4880803;551215104;38387712;495190016;0;0;0;0;0;0;0;0;0;0;0;3276;0;0;0;0;0;0;
33392;4243829;551215104;38387712;495190016;0;0;0;0;0;0;0;0;0;0;0;3867;0;0;0;0;0;0;
33393;4680989;551215104;38387712;495190016;0;0;0;0;0;0;0;0;0;0;0;3266;0;0;0;0;0;0;
33394;3978261;551215104;38387712;495190016;0;0;0;0;0;0;0;0;0;0;0;3717;0;0;0;0;0;0;
33395;4797477;551215104;38387712;495190016;0;0;0;0;0;0;0;0;0;0;0;3296;0;0;0;0;0;0;
33396;4134294;551215104;38387712;495190016;0;0;0;0;0;0;0;0;0;0;0;3978;0;0;0;0;0;0;
33397;4731133;551215104;38387712;495190016;0;0;0;0;0;0;0;0;0;0;0;3957;0;0;0;0;0;0;
33398;3909061;551215104;38387712;495190016;0;0;0;0;0;0;0;0;0;0;0;3757;0;0;0;0;0;0;
33399;4788199;551215104;38387712;495190016;0;0;0;0;0;0;0;0;0;0;0;3376;0;0;0;0;0;0;
33400;3844120;551215104;38387712;495190016;0;0;0;0;0;0;0;0;0;0;0;3848;0;0;0;0;0;0;
33401;4746712;551215104;38387712;495190016;0;0;0;0;0;0;0;0;0;0;0;3216;0;0;0;0;0;0;
33402;3850902;551215104;38387712;495190016;0;0;0;0;0;0;0;0;0;0;0;3907;0;0;0;0;0;0;
33403;4737174;551215104;38387712;495190016;0;0;0;0;0;0;0;0;0;0;0;3887;0;0;0;0;0;0;
33404;3986466;551215104;38387712;495190016;0;0;0;0;0;0;0;0;0;0;0;3717;0;0;0;0;0;0;
33405;4747423;551215104;38387712;495190016;0;0;0;0;0;0;0;0;0;0;0;3477;0;0;0;0;0;0;
33406;3889304;551215104;38387712;495190016;0;0;0;0;0;0;0;0;0;0;0;3717;0;0;0;0;0;0;
33407;4786977;551215104;38387712;495190016;0;0;0;0;0;0;0;0;0;0;0;3637;0;0;0;0;0;0;
33408;3857985;551215104;38387712;495190016;0;0;0;0;0;0;0;0;0;0;0;3847;0;0;0;0;0;0;
33409;4778943;551215104;38387712;495190016;0;0;0;0;0;0;0;0;0;0;0;3096;0;0;0;0;0;0;
33410;3915834;551215104;38387712;495190016;0;0;0;0;0;0;0;0;0;0;0;3807;0;0;0;0;0;0;
33411;4798469;551215104;38387712;495190016;0;0;0;0;0;0;0;0;0;0;0;3376;0;0;0;0;0;0;
33412;4167145;551215104;38387712;495190016;0;0;0;0;0;0;0;0;0;0;0;3917;0;0;0;0;0;0;
33413;4803839;551215104;38387712;495190016;0;0;0;0;0;0;0;0;0;0;0;3798;0;0;0;0;0;0;
33414;3888022;551215104;38387712;495190016;0;0;0;0;0;0;0;0;0;0;0;3707;0;0;0;0;0;0;
33415;4761069;551215104;38387712;495190016;0;0;0;0;0;0;0;0;0;0;0;3316;0;0;0;0;0;0;
33416;4144332;551215104;38387712;495190016;0;0;0;0;0;0;0;0;0;0;0;4157;0;0;0;0;0;0;
33417;5108961;551215104;38387712;495190016;0;0;0;0;0;0;0;0;0;0;0;3416;0;0;0;0;0;0;
33418;3928938;551215104;38387712;495190016;0;0;0;0;0;0;0;0;0;0;0;2985;0;0;0;0;0;0;
33419;4657735;551215104;38387712;495190016;0;0;0;0;0;0;0;0;0;0;0;2454;0;0;0;0;0;0;
33420;3112557;551215104;38387712;495190016;0;0;0;0;0;0;0;0;0;0;0;3326;0;0;0;0;0;0;
33421;4584497;551215104;38387712;495190016;0;0;0;0;0;0;0;0;0;0;0;2595;0;0;0;0;0;0;
33422;2917221;551215104;38387712;495190016;0;0;0;0;0;0;0;0;0;0;0;3246;0;0;0;0;0;0;
33423;4535807;551215104;38387712;495190016;0;0;0;0;0;0;0;0;0;0;0;3156;0;0;0;0;0;0;
33424;3071390;551215104;38387712;495190016;0;0;0;0;0;0;0;0;0;0;0;2756;0;0;0;0;0;0;
33425;4531308;551215104;38387712;495190016;0;0;0;0;0;0;0;0;0;0;0;2615;0;0;0;0;0;0;
33426;3340675;551215104;38387712;495190016;0;0;0;0;0;0;0;0;0;0;0;3486;0;0;0;0;0;0;
33427;4692951;551215104;38387712;495190016;0;0;0;0;0;0;0;0;0;0;0;3907;0;0;0;0;0;0;
33428;4334048;551215104;38387712;495190016;0;0;0;0;0;0;0;0;0;0;0;3286;0;0;0;0;0;0;
33429;4981913;551215104;38387712;495190016;0;0;0;0;0;0;0;0;0;0;0;3377;0;0;0;0;0;0;
33430;4030399;551215104;38387712;495190016;0;0;0;0;0;0;0;0;0;0;0;3617;0;0;0;0;0;0;
33431;4888257;551215104;38387712;495190016;0;0;0;0;0;0;0;0;0;0;0;3486;0;0;0;0;0;0;
33432;4143932;551215104;38387712;495190016;0;0;0;0;0;0;0;0;0;0;0;4047;0;0;0;0;0;0;
33433;4697098;551215104;38387712;495190016;0;0;0;0;0;0;0;0;0;0;0;3517;0;0;0;0;0;0;
33434;3864147;551215104;38387712;495190016;0;0;0;0;0;0;0;0;0;0;0;3567;0;0;0;0;0;0;
33435;4835719;551215104;38387712;495190016;0;0;0;0;0;0;0;0;0;0;0;3586;0;0;0;0;0;0;
33436;3855200;551215104;38387712;495190016;0;0;0;0;0;0;0;0;0;0;0;3738;0;0;0;0;0;0;
33437;5011188;551215104;38387712;495190016;0;0;0;0;0;0;0;0;0;0;0;3647;0;0;0;0;0;0;
33438;3912727;551215104;38387712;495190016;0;0;0;0;0;0;0;0;0;0;0;4208;0;0;0;0;0;0;
33439;5121906;551215104;38387712;495190016;0;0;0;0;0;0;0;0;0;0;0;3356;0;0;0;0;0;0;
33440;4373392;551215104;38387712;495190016;0;0;0;0;0;0;0;0;0;0;0;3827;0;0;0;0;0;0;
33441;4875033;551215104;38387712;495190016;0;0;0;0;0;0;0;0;0;0;0;3256;0;0;0;0;0;0;
33442;4118954;551215104;38387712;495190016;0;0;0;0;0;0;0;0;0;0;0;3486;0;0;0;0;0;0;
33443;4710755;551215104;38387712;495190016;0;0;0;0;0;0;0;0;0;0;0;4028;0;0;0;0;0;0;
33444;3117046;551215104;38387712;495190016;0;0;0;0;0;0;0;0;0;0;0;2865;0;0;0;0;0;0;
33445;4434397;551215104;38387712;495190016;0;0;0;0;0;0;0;0;0;0;0;2284;0;0;0;0;0;0;
33446;2852039;551215104;38387712;495190016;0;0;0;0;0;0;0;0;0;0;0;2615;0;0;0;0;0;0;
33447;4520006;551215104;38387712;495190016;0;0;0;0;0;0;0;0;0;0;0;2665;0;0;0;0;0;0;
33448;2770235;551215104;38387712;495190016;0;0;0;0;0;0;0;0;0;0;0;2846;0;0;0;0;0;0;
33449;4593384;551215104;38387712;495190016;0;0;0;0;0;0;0;0;0;0;0;2495;0;0;0;0;0;0;
33450;3218125;551215104;38387712;495190016;0;0;0;0;0;0;0;0;0;0;0;3516;0;0;0;0;0;0;
33451;4891133;551215104;38387712;495190016;0;0;0;0;0;0;0;0;0;0;0;3136;0;0;0;0;0;0;
33452;3937815;551215104;38387712;495190016;0;0;0;0;0;0;0;0;0;0;0;3696;0;0;0;0;0;0;
33453;4698461;551215104;38387712;495190016;0;0;0;0;0;0;0;0;0;0;0;3256;0;0;0;0;0;0;
33454;3010846;551215104;38387712;495190016;0;0;0;0;0;0;0;0;0;0;0;3276;0;0;0;0;0;0;
33455;4546797;551215104;38387712;495190016;0;0;0;0;0;0;0;0;0;0;0;2885;0;0;0;0;0;0;
33456;2938521;551215104;38387712;495190016;0;0;0;0;0;0;0;0;0;0;0;3596;0;0;0;0;0;0;
33457;4459724;551215104;38387712;495190016;0;0;0;0;0;0;0;0;0;0;0;2695;0;0;0;0;0;0;
33458;2719029;551215104;38387712;495190016;0;0;0;0;0;0;0;0;0;0;0;3526;0;0;0;0;0;0;
33459;4713911;551215104;38387712;495190016;0;0;0;0;0;0;0;0;0;0;0;2595;0;0;0;0;0;0;
33460;2644138;551215104;38387712;495190016;0;0;0;0;0;0;0;0;0;0;0;3065;0;0;0;0;0;0;
33461;4510649;551215104;38387712;495190016;0;0;0;0;0;0;0;0;0;0;0;2805;0;0;0;0;0;0;
33462;2746931;551215104;38387712;495190016;0;0;0;0;0;0;0;0;0;0;0;2745;0;0;0;0;0;0;
33463;4608313;551215104;38395904;495198208;0;0;0;0;0;0;0;0;0;0;0;3166;0;0;0;0;0;0;
33464;2643478;551215104;38395904;495198208;0;0;0;0;0;0;0;0;0;0;0;2755;0;0;0;0;0;0;
33465;4602271;551215104;38395904;495198208;0;0;0;0;0;0;0;0;0;0;0;2575;0;0;0;0;0;0;
33466;2794571;551215104;38395904;495198208;0;0;0;0;0;0;0;0;0;0;0;2955;0;0;0;0;0;0;
33467;4613983;551215104;38395904;495198208;0;0;0;0;0;0;0;0;0;0;0;2525;0;0;0;0;0;0;
33468;3526363;551215104;38395904;495198208;0;0;0;0;0;0;0;0;0;0;0;3777;0;0;0;0;0;0;
33469;4688393;551215104;38395904;495198208;0;0;0;0;0;0;0;0;0;0;0;3316;0;0;0;0;0;0;
33470;4175821;551235584;38387712;495190016;0;0;0;0;0;0;0;0;0;0;0;3847;0;0;0;0;0;0;
33471;5115723;551235584;38387712;495190016;0;0;0;0;0;0;0;0;0;0;0;3797;0;0;0;0;0;0;
33472;3874676;551235584;38387712;495190016;0;0;0;0;0;0;0;0;0;0;0;3426;0;0;0;0;0;0;
33473;5012089;551235584;38387712;495190016;0;0;0;0;0;0;0;0;0;0;0;3317;0;0;0;0;0;0;
33474;4098506;551235584;38387712;495190016;0;0;0;0;0;0;0;0;0;0;0;3647;0;0;0;0;0;0;
33475;4808728;551235584;38387712;495190016;0;0;0;0;0;0;0;0;0;0;0;3827;0;0;0;0;0;0;
33476;3871470;551235584;38387712;495190016;0;0;0;0;0;0;0;0;0;0;0;4148;0;0;0;0;0;0;
33477;4733968;551235584;38387712;495190016;0;0;0;0;0;0;0;0;0;0;0;3547;0;0;0;0;0;0;
33478;3948775;551235584;38387712;495190016;0;0;0;0;0;0;0;0;0;0;0;4108;0;0;0;0;0;0;
33479;4678764;551235584;38387712;495190016;0;0;0;0;0;0;0;0;0;0;0;3747;0;0;0;0;0;0;
33480;3955257;551235584;38387712;495190016;0;0;0;0;0;0;0;0;0;0;0;4278;0;0;0;0;0;0;
33481;4769044;551235584;38387712;495190016;0;0;0;0;0;0;0;0;0;0;0;3377;0;0;0;0;0;0;
33482;4090441;551235584;38387712;495190016;0;0;0;0;0;0;0;0;0;0;0;3927;0;0;0;0;0;0;
33483;4746521;551235584;38387712;495190016;0;0;0;0;0;0;0;0;0;0;0;3416;0;0;0;0;0;0;
33484;3883663;551235584;38387712;495190016;0;0;0;0;0;0;0;0;0;0;0;4298;0;0;0;0;0;0;
33485;4732846;551235584;38387712;495190016;0;0;0;0;0;0;0;0;0;0;0;3196;0;0;0;0;0;0;
33486;3854729;551235584;38387712;495190016;0;0;0;0;0;0;0;0;0;0;0;3917;0;0;0;0;0;0;
33487;4765667;551235584;38387712;495190016;0;0;0;0;0;0;0;0;0;0;0;4107;0;0;0;0;0;0;
33488;3899023;551235584;38387712;495190016;0;0;0;0;0;0;0;0;0;0;0;3727;0;0;0;0;0;0;
33489;4944593;551235584;38387712;495190016;0;0;0;0;0;0;0;0;0;0;0;3417;0;0;0;0;0;0;
33490;3178882;551235584;38387712;495190016;0;0;0;0;0;0;0;0;0;0;0;3677;0;0;0;0;0;0;
33491;4528834;551235584;38387712;495190016;0;0;0;0;0;0;0;0;0;0;0;3336;0;0;0;0;0;0;
33492;2979337;551235584;38387712;495190016;0;0;0;0;0;0;0;0;0;0;0;3777;0;0;0;0;0;0;
33493;4418516;551235584;38387712;495190016;0;0;0;0;0;0;0;0;0;0;0;2916;0;0;0;0;0;0;
33494;3249193;551235584;38387712;495190016;0;0;0;0;0;0;0;0;0;0;0;3407;0;0;0;0;0;0;
33495;4433525;551235584;38387712;495190016;0;0;0;0;0;0;0;0;0;0;0;2755;0;0;0;0;0;0;
33496;3321910;551235584;38387712;495190016;0;0;0;0;0;0;0;0;0;0;0;3146;0;0;0;0;0;0;
33497;4549092;551235584;38387712;495190016;0;0;0;0;0;0;0;0;0;0;0;2635;0;0;0;0;0;0;
33498;2963457;551235584;38387712;495190016;0;0;0;0;0;0;0;0;0;0;0;2765;0;0;0;0;0;0;
33499;4480904;551235584;38387712;495190016;0;0;0;0;0;0;0;0;0;0;0;2605;0;0;0;0;0;0;
33500;2943571;551235584;38387712;495190016;0;0;0;0;0;0;0;0;0;0;0;2835;0;0;0;0;0;0;
33501;4540164;551235584;38387712;495190016;0;0;0;0;0;0;0;0;0;0;0;2735;0;0;0;0;0;0;
33502;3147162;551235584;38387712;495190016;0;0;0;0;0;0;0;0;0;0;0;2675;0;0;0;0;0;0;
33503;4594657;551235584;38387712;495190016;0;0;0;0;0;0;0;0;0;0;0;2625;0;0;0;0;0;0;
33504;2821732;551235584;38387712;495190016;0;0;0;0;0;0;0;0;0;0;0;2895;0;0;0;0;0;0;
33505;4517803;551235584;38387712;495190016;0;0;0;0;0;0;0;0;0;0;0;2615;0;0;0;0;0;0;
33506;3548084;551235584;38387712;495190016;0;0;0;0;0;0;0;0;0;0;0;4158;0;0;0;0;0;0;
33507;4742103;551235584;38387712;495190016;0;0;0;0;0;0;0;0;0;0;0;3497;0;0;0;0;0;0;
33508;3930471;551235584;38387712;495190016;0;0;0;0;0;0;0;0;0;0;0;4078;0;0;0;0;0;0;
33509;4711175;551235584;38387712;495190016;0;0;0;0;0;0;0;0;0;0;0;3597;0;0;0;0;0;0;
33510;12969873;551235584;38387712;495190016;0;0;0;0;0;0;0;0;0;0;0;3848;0;0;0;0;0;0;
33511;4860696;551235584;38387712;495190016;0;0;0;0;0;0;0;0;0;0;0;3727;0;0;0;0;0;0;
33512;4447160;551235584;38387712;495190016;0;0;0;0;0;0;0;0;0;0;0;3377;0;0;0;0;0;0;
33513;4819708;551235584;38387712;495190016;0;0;0;0;0;0;0;0;0;0;0;4177;0;0;0;0;0;0;
33514;4063881;551235584;38387712;495190016;0;0;0;0;0;0;0;0;0;0;0;3727;0;0;0;0;0;0;
33515;4738086;551235584;38387712;495190016;0;0;0;0;0;0;0;0;0;0;0;3867;0;0;0;0;0;0;
33516;4140314;551235584;38387712;495190016;0;0;0;0;0;0;0;0;0;0;0;3817;0;0;0;0;0;0;
33517;4976914;551235584;38387712;495190016;0;0;0;0;0;0;0;0;0;0;0;3206;0;0;0;0;0;0;
33518;4078799;551235584;38387712;495190016;0;0;0;0;0;0;0;0;0;0;0;3837;0;0;0;0;0;0;
33519;4898437;551235584;38387712;495190016;0;0;0;0;0;0;0;0;0;0;0;3446;0;0;0;0;0;0;
33520;3510654;551235584;38387712;495190016;0;0;0;0;0;0;0;0;0;0;0;2735;0;0;0;0;0;0;
33521;4604064;551235584;38387712;495190016;0;0;0;0;0;0;0;0;0;0;0;3036;0;0;0;0;0;0;
33522;3094674;551235584;38387712;495190016;0;0;0;0;0;0;0;0;0;0;0;2715;0;0;0;0;0;0;
33523;4646854;551235584;38387712;495190016;0;0;0;0;0;0;0;0;0;0;0;2685;0;0;0;0;0;0;
33524;3864247;551235584;38387712;495190016;0;0;0;0;0;0;0;0;0;0;0;3577;0;0;0;0;0;0;
33525;4861508;551235584;38387712;495190016;0;0;0;0;0;0;0;0;0;0;0;3807;0;0;0;0;0;0;
33526;4024618;551235584;38387712;495190016;0;0;0;0;0;0;0;0;0;0;0;3767;0;0;0;0;0;0;
33527;4767020;551235584;38387712;495190016;0;0;0;0;0;0;0;0;0;0;0;4288;0;0;0;0;0;0;
33528;3856503;551235584;38387712;495190016;0;0;0;0;0;0;0;0;0;0;0;4539;0;0;0;0;0;0;
33529;4762261;551235584;38387712;495190016;0;0;0;0;0;0;0;0;0;0;0;3556;0;0;0;0;0;0;
33530;4266892;551235584;38387712;495190016;0;0;0;0;0;0;0;0;0;0;0;3697;0;0;0;0;0;0;
33531;4852601;551235584;38387712;495190016;0;0;0;0;0;0;0;0;0;0;0;3537;0;0;0;0;0;0;
33532;3878744;551235584;38387712;495190016;0;0;0;0;0;0;0;0;0;0;0;3787;0;0;0;0;0;0;
33533;4973558;551235584;38387712;495190016;0;0;0;0;0;0;0;0;0;0;0;3186;0;0;0;0;0;0;
33534;4262353;551235584;38387712;495190016;0;0;0;0;0;0;0;0;0;0;0;3677;0;0;0;0;0;0;
33535;4709422;551235584;38387712;495190016;0;0;0;0;0;0;0;0;0;0;0;3517;0;0;0;0;0;0;
33536;4242196;551235584;38387712;495190016;0;0;0;0;0;0;0;0;0;0;0;3156;0;0;0;0;0;0;
33537;4791647;551235584;38387712;495190016;0;0;0;0;0;0;0;0;0;0;0;3486;0;0;0;0;0;0;
33538;3857795;551235584;38387712;495190016;0;0;0;0;0;0;0;0;0;0;0;3938;0;0;0;0;0;0;
33539;4777249;551235584;38387712;495190016;0;0;0;0;0;0;0;0;0;0;0;3536;0;0;0;0;0;0;
33540;4258306;551235584;38387712;495190016;0;0;0;0;0;0;0;0;0;0;0;3847;0;0;0;0;0;0;
33541;4730141;551235584;38387712;495190016;0;0;0;0;0;0;0;0;0;0;0;3206;0;0;0;0;0;0;
33542;3840793;551235584;38387712;495190016;0;0;0;0;0;0;0;0;0;0;0;3998;0;0;0;0;0;0;
33543;4799581;551235584;38387712;495190016;0;0;0;0;0;0;0;0;0;0;0;3757;0;0;0;0;0;0;
33544;4075453;551235584;38387712;495190016;0;0;0;0;0;0;0;0;0;0;0;3937;0;0;0;0;0;0;
33545;4686398;551235584;38387712;495190016;0;0;0;0;0;0;0;0;0;0;0;3506;0;0;0;0;0;0;
33546;3797221;551235584;38387712;495190016;0;0;0;0;0;0;0;0;0;0;0;3837;0;0;0;0;0;0;
33547;4677052;551235584;38387712;495190016;0;0;0;0;0;0;0;0;0;0;0;3336;0;0;0;0;0;0;
33548;3830073;551235584;38387712;495190016;0;0;0;0;0;0;0;0;0;0;0;3727;0;0;0;0;0;0;
33549;4984187;551235584;38387712;495190016;0;0;0;0;0;0;0;0;0;0;0;3477;0;0;0;0;0;0;
33550;3908079;551235584;38387712;495190016;0;0;0;0;0;0;0;0;0;0;0;3717;0;0;0;0;0;0;
33551;4865675;551235584;38387712;495190016;0;0;0;0;0;0;0;0;0;0;0;3877;0;0;0;0;0;0;
33552;2849063;551235584;38387712;495190016;0;0;0;0;0;0;0;0;0;0;0;3126;0;0;0;0;0;0;
33553;4451448;551235584;38387712;495190016;0;0;0;0;0;0;0;0;0;0;0;2996;0;0;0;0;0;0;
33554;3325126;551235584;38387712;495190016;0;0;0;0;0;0;0;0;0;0;0;3647;0;0;0;0;0;0;
33555;4811614;551235584;38387712;495190016;0;0;0;0;0;0;0;0;0;0;0;3747;0;0;0;0;0;0;
33556;3894203;551235584;38387712;495190016;0;0;0;0;0;0;0;0;0;0;0;3817;0;0;0;0;0;0;
33557;4759737;551235584;38387712;495190016;0;0;0;0;0;0;0;0;0;0;0;3657;0;0;0;0;0;0;
33558;3794736;551235584;38387712;495190016;0;0;0;0;0;0;0;0;0;0;0;3827;0;0;0;0;0;0;
33559;4914426;551235584;38387712;495190016;0;0;0;0;0;0;0;0;0;0;0;3687;0;0;0;0;0;0;
33560;4229362;551235584;38387712;495190016;0;0;0;0;0;0;0;0;0;0;0;3877;0;0;0;0;0;0;
33561;4940635;551235584;38387712;495190016;0;0;0;0;0;0;0;0;0;0;0;3567;0;0;0;0;0;0;
33562;3996024;551235584;38387712;495190016;0;0;0;0;0;0;0;0;0;0;0;3577;0;0;0;0;0;0;
33563;4834847;551235584;38387712;495190016;0;0;0;0;0;0;0;0;0;0;0;3376;0;0;0;0;0;0;
33564;4488999;551235584;38387712;495190016;0;0;0;0;0;0;0;0;0;0;0;3787;0;0;0;0;0;0;
33565;4614423;551235584;38387712;495190016;0;0;0;0;0;0;0;0;0;0;0;3236;0;0;0;0;0;0;
33566;4095180;551235584;38387712;495190016;0;0;0;0;0;0;0;0;0;0;0;3928;0;0;0;0;0;0;
33567;4736764;551235584;38387712;495190016;0;0;0;0;0;0;0;0;0;0;0;4148;0;0;0;0;0;0;
33568;4189877;551235584;38387712;495190016;0;0;0;0;0;0;0;0;0;0;0;4028;0;0;0;0;0;0;
33569;4611098;551235584;38387712;495190016;0;0;0;0;0;0;0;0;0;0;0;3386;0;0;0;0;0;0;
33570;4008548;551235584;38387712;495190016;0;0;0;0;0;0;0;0;0;0;0;4518;0;0;0;0;0;0;
33571;4666973;551235584;38387712;495190016;0;0;0;0;0;0;0;0;0;0;0;3847;0;0;0;0;0;0;
33572;3916104;551235584;38387712;495190016;0;0;0;0;0;0;0;0;0;0;0;3878;0;0;0;0;0;0;
33573;4716736;551235584;38387712;495190016;0;0;0;0;0;0;0;0;0;0;0;3436;0;0;0;0;0;0;
33574;4159440;551235584;38387712;495190016;0;0;0;0;0;0;0;0;0;0;0;4809;0;0;0;0;0;0;
33575;4659078;551235584;38387712;495190016;0;0;0;0;0;0;0;0;0;0;0;3617;0;0;0;0;0;0;
33576;3980686;551235584;38387712;495190016;0;0;0;0;0;0;0;0;0;0;0;3827;0;0;0;0;0;0;
33577;4696668;551235584;38387712;495190016;0;0;0;0;0;0;0;0;0;0;0;3537;0;0;0;0;0;0;
33578;3898401;551235584;38387712;495190016;0;0;0;0;0;0;0;0;0;0;0;3837;0;0;0;0;0;0;
33579;4737344;551235584;38387712;495190016;0;0;0;0;0;0;0;0;0;0;0;3547;0;0;0;0;0;0;
33580;3756865;551235584;38387712;495190016;0;0;0;0;0;0;0;0;0;0;0;3617;0;0;0;0;0;0;
33581;4900931;551235584;38387712;495190016;0;0;0;0;0;0;0;0;0;0;0;3556;0;0;0;0;0;0;
33582;3824973;551235584;38387712;495190016;0;0;0;0;0;0;0;0;0;0;0;3787;0;0;0;0;0;0;
33583;4917232;551235584;38387712;495190016;0;0;0;0;0;0;0;0;0;0;0;3727;0;0;0;0;0;0;
33584;3561218;551235584;38387712;495190016;0;0;0;0;0;0;0;0;0;0;0;2806;0;0;0;0;0;0;
33585;4475073;551235584;38387712;495190016;0;0;0;0;0;0;0;0;0;0;0;2575;0;0;0;0;0;0;
33586;3185514;551235584;38387712;495190016;0;0;0;0;0;0;0;0;0;0;0;3446;0;0;0;0;0;0;
33587;4830789;551235584;38387712;495190016;0;0;0;0;0;0;0;0;0;0;0;3697;0;0;0;0;0;0;
33588;4229071;551235584;38387712;495190016;0;0;0;0;0;0;0;0;0;0;0;3948;0;0;0;0;0;0;
33589;4771959;551235584;38387712;495190016;0;0;0;0;0;0;0;0;0;0;0;3326;0;0;0;0;0;0;
33590;3880447;551235584;38387712;495190016;0;0;0;0;0;0;0;0;0;0;0;3907;0;0;0;0;0;0;
33591;4846669;551235584;38387712;495190016;0;0;0;0;0;0;0;0;0;0;0;3727;0;0;0;0;0;0;
33592;3745254;551235584;38387712;495190016;0;0;0;0;0;0;0;0;0;0;0;3917;0;0;0;0;0;0;
33593;4742985;551235584;38387712;495190016;0;0;0;0;0;0;0;0;0;0;0;3326;0;0;0;0;0;0;
33594;4030098;551235584;38387712;495190016;0;0;0;0;0;0;0;0;0;0;0;3857;0;0;0;0;0;0;
33595;4828966;551235584;38387712;495190016;0;0;0;0;0;0;0;0;0;0;0;3757;0;0;0;0;0;0;
33596;3220520;551235584;38387712;495190016;0;0;0;0;0;0;0;0;0;0;0;3206;0;0;0;0;0;0;
33597;4546827;551235584;38387712;495190016;0;0;0;0;0;0;0;0;0;0;0;2705;0;0;0;0;0;0;
33598;3091598;551235584;38387712;495190016;0;0;0;0;0;0;0;0;0;0;0;3016;0;0;0;0;0;0;
33599;4436941;551235584;38387712;495190016;0;0;0;0;0;0;0;0;0;0;0;2985;0;0;0;0;0;0;
33600;2839856;551235584;38387712;495190016;0;0;0;0;0;0;0;0;0;0;0;2896;0;0;0;0;0;0;
33601;4505750;551235584;38387712;495190016;0;0;0;0;0;0;0;0;0;0;0;2675;0;0;0;0;0;0;
33602;2750979;551235584;38387712;495190016;0;0;0;0;0;0;0;0;0;0;0;3406;0;0;0;0;0;0;
33603;4386316;551235584;38387712;495190016;0;0;0;0;0;0;0;0;0;0;0;2635;0;0;0;0;0;0;
33604;3287746;551235584;38387712;495190016;0;0;0;0;0;0;0;0;0;0;0;3867;0;0;0;0;0;0;
33605;4654840;551235584;38387712;495190016;0;0;0;0;0;0;0;0;0;0;0;3586;0;0;0;0;0;0;
33606;3922396;551235584;38387712;495190016;0;0;0;0;0;0;0;0;0;0;0;4198;0;0;0;0;0;0;
33607;4776708;551235584;38387712;495190016;0;0;0;0;0;0;0;0;0;0;0;3666;0;0;0;0;0;0;
33608;3933086;551235584;38387712;495190016;0;0;0;0;0;0;0;0;0;0;0;3877;0;0;0;0;0;0;
33609;4750078;551235584;38387712;495190016;0;0;0;0;0;0;0;0;0;0;0;3616;0;0;0;0;0;0;
33610;3976458;551235584;38387712;495190016;0;0;0;0;0;0;0;0;0;0;0;4168;0;0;0;0;0;0;
33611;4623781;551235584;38387712;495190016;0;0;0;0;0;0;0;0;0;0;0;3827;0;0;0;0;0;0;
33612;3943095;551235584;38387712;495190016;0;0;0;0;0;0;0;0;0;0;0;3306;0;0;0;0;0;0;
33613;4769705;551235584;38387712;495190016;0;0;0;0;0;0;0;0;0;0;0;3597;0;0;0;0;0;0;
33614;3918980;551235584;38387712;495190016;0;0;0;0;0;0;0;0;0;0;0;3747;0;0;0;0;0;0;
33615;5286624;551235584;38387712;495190016;0;0;0;0;0;0;0;0;0;0;0;3947;0;0;0;0;0;0;
33616;3752948;551235584;38387712;495190016;0;0;0;0;0;0;0;0;0;0;0;3626;0;0;0;0;0;0;
33617;4751431;551235584;38387712;495190016;0;0;0;0;0;0;0;0;0;0;0;3296;0;0;0;0;0;0;
33618;3987357;551235584;38387712;495190016;0;0;0;0;0;0;0;0;0;0;0;3647;0;0;0;0;0;0;
33619;4883067;551235584;38387712;495190016;0;0;0;0;0;0;0;0;0;0;0;3627;0;0;0;0;0;0;
33620;3905895;551235584;38387712;495190016;0;0;0;0;0;0;0;0;0;0;0;3867;0;0;0;0;0;0;
33621;4794711;551235584;38387712;495190016;0;0;0;0;0;0;0;0;0;0;0;3426;0;0;0;0;0;0;
33622;3934699;551235584;38387712;495190016;0;0;0;0;0;0;0;0;0;0;0;3958;0;0;0;0;0;0;
33623;4684345;551235584;38387712;495190016;0;0;0;0;0;0;0;0;0;0;0;3657;0;0;0;0;0;0;
33624;3868044;551235584;38387712;495190016;0;0;0;0;0;0;0;0;0;0;0;3657;0;0;0;0;0;0;
33625;4660019;551235584;38387712;495190016;0;0;0;0;0;0;0;0;0;0;0;3627;0;0;0;0;0;0;
33626;3867503;551235584;38387712;495190016;0;0;0;0;0;0;0;0;0;0;0;3646;0;0;0;0;0;0;
33627;4710835;551235584;38387712;495190016;0;0;0;0;0;0;0;0;0;0;0;3877;0;0;0;0;0;0;
33628;3823781;551235584;38387712;495190016;0;0;0;0;0;0;0;0;0;0;0;3627;0;0;0;0;0;0;
33629;4818336;551235584;38387712;495190016;0;0;0;0;0;0;0;0;0;0;0;3657;0;0;0;0;0;0;
33630;4161685;551235584;38387712;495190016;0;0;0;0;0;0;0;0;0;0;0;3737;0;0;0;0;0;0;
33631;4794621;551235584;38387712;495190016;0;0;0;0;0;0;0;0;0;0;0;3787;0;0;0;0;0;0;
33632;3802271;551235584;38387712;495190016;0;0;0;0;0;0;0;0;0;0;0;4308;0;0;0;0;0;0;
33633;4643288;551235584;38387712;495190016;0;0;0;0;0;0;0;0;0;0;0;3446;0;0;0;0;0;0;
33634;3912467;551235584;38387712;495190016;0;0;0;0;0;0;0;0;0;0;0;4268;0;0;0;0;0;0;
33635;4716626;551235584;38387712;495190016;0;0;0;0;0;0;0;0;0;0;0;4629;0;0;0;0;0;0;
33636;3752457;551235584;38387712;495190016;0;0;0;0;0;0;0;0;0;0;0;3838;0;0;0;0;0;0;
33637;4819739;551235584;38387712;495190016;0;0;0;0;0;0;0;0;0;0;0;3526;0;0;0;0;0;0;
33638;3004114;551235584;38387712;495190016;0;0;0;0;0;0;0;0;0;0;0;2865;0;0;0;0;0;0;
33639;4545835;551235584;38387712;495190016;0;0;0;0;0;0;0;0;0;0;0;2705;0;0;0;0;0;0;
33640;2955563;551235584;38387712;495190016;0;0;0;0;0;0;0;0;0;0;0;2765;0;0;0;0;0;0;
33641;4553680;551235584;38387712;495190016;0;0;0;0;0;0;0;0;0;0;0;2836;0;0;0;0;0;0;
33642;3327711;551235584;38387712;495190016;0;0;0;0;0;0;0;0;0;0;0;3937;0;0;0;0;0;0;
33643;4888387;551235584;38387712;495190016;0;0;0;0;0;0;0;0;0;0;0;3737;0;0;0;0;0;0;
33644;4257404;551235584;38387712;495190016;0;0;0;0;0;0;0;0;0;0;0;3727;0;0;0;0;0;0;
33645;4735571;551235584;38387712;495190016;0;0;0;0;0;0;0;0;0;0;0;3387;0;0;0;0;0;0;
33646;3898301;551235584;38387712;495190016;0;0;0;0;0;0;0;0;0;0;0;3948;0;0;0;0;0;0;
33647;4721985;551235584;38387712;495190016;0;0;0;0;0;0;0;0;0;0;0;3797;0;0;0;0;0;0;
33648;3837016;551235584;38387712;495190016;0;0;0;0;0;0;0;0;0;0;0;4188;0;0;0;0;0;0;
33649;4779053;551235584;38387712;495190016;0;0;0;0;0;0;0;0;0;0;0;3487;0;0;0;0;0;0;
33650;4027363;551235584;38387712;495190016;0;0;0;0;0;0;0;0;0;0;0;3817;0;0;0;0;0;0;
33651;4757572;551235584;38387712;495190016;0;0;0;0;0;0;0;0;0;0;0;3336;0;0;0;0;0;0;
33652;3975656;551235584;38387712;495190016;0;0;0;0;0;0;0;0;0;0;0;3597;0;0;0;0;0;0;
33653;4754035;551235584;38387712;495190016;0;0;0;0;0;0;0;0;0;0;0;3386;0;0;0;0;0;0;
33654;3751335;551235584;38387712;495190016;0;0;0;0;0;0;0;0;0;0;0;3296;0;0;0;0;0;0;
33655;4906782;551235584;38387712;495190016;0;0;0;0;0;0;0;0;0;0;0;3266;0;0;0;0;0;0;
33656;3932915;551235584;38387712;495190016;0;0;0;0;0;0;0;0;0;0;0;3887;0;0;0;0;0;0;
33657;4800022;551235584;38387712;495190016;0;0;0;0;0;0;0;0;0;0;0;3887;0;0;0;0;0;0;
33658;3741997;551235584;38387712;495190016;0;0;0;0;0;0;0;0;0;0;0;3096;0;0;0;0;0;0;
33659;4532501;551235584;38387712;495190016;0;0;0;0;0;0;0;0;0;0;0;3126;0;0;0;0;0;0;
33660;3068224;551235584;38387712;495190016;0;0;0;0;0;0;0;0;0;0;0;3497;0;0;0;0;0;0;
33661;4405211;551235584;38387712;495190016;0;0;0;0;0;0;0;0;0;0;0;2765;0;0;0;0;0;0;
33662;2879671;551235584;38387712;495190016;0;0;0;0;0;0;0;0;0;0;0;3056;0;0;0;0;0;0;
33663;4480733;551235584;38387712;495190016;0;0;0;0;0;0;0;0;0;0;0;2605;0;0;0;0;0;0;
33664;3057224;551235584;38387712;495190016;0;0;0;0;0;0;0;0;0;0;0;3006;0;0;0;0;0;0;
33665;4394331;551235584;38387712;495190016;0;0;0;0;0;0;0;0;0;0;0;2515;0;0;0;0;0;0;
33666;2939142;551235584;38387712;495190016;0;0;0;0;0;0;0;0;0;0;0;2905;0;0;0;0;0;0;
33667;4477226;551235584;38387712;495190016;0;0;0;0;0;0;0;0;0;0;0;2836;0;0;0;0;0;0;
33668;3071060;551235584;38387712;495190016;0;0;0;0;0;0;0;0;0;0;0;2725;0;0;0;0;0;0;
33669;4381517;551235584;38387712;495190016;0;0;0;0;0;0;0;0;0;0;0;2634;0;0;0;0;0;0;
33670;2824026;551235584;38387712;495190016;0;0;0;0;0;0;0;0;0;0;0;2785;0;0;0;0;0;0;
33671;4691469;551235584;38387712;495190016;0;0;0;0;0;0;0;0;0;0;0;3226;0;0;0;0;0;0;
33672;2716164;551235584;38387712;495190016;0;0;0;0;0;0;0;0;0;0;0;2735;0;0;0;0;0;0;
33673;4476686;551235584;38387712;495190016;0;0;0;0;0;0;0;0;0;0;0;2585;0;0;0;0;0;0;
33674;2915818;551235584;38387712;495190016;0;0;0;0;0;0;0;0;0;0;0;2815;0;0;0;0;0;0;
33675;4603754;551235584;38387712;495190016;0;0;0;0;0;0;0;0;0;0;0;2215;0;0;0;0;0;0;
33676;2952748;551235584;38387712;495190016;0;0;0;0;0;0;0;0;0;0;0;2865;0;0;0;0;0;0;
33677;4442501;551235584;38387712;495190016;0;0;0;0;0;0;0;0;0;0;0;2695;0;0;0;0;0;0;
33678;2722546;551235584;38387712;495190016;0;0;0;0;0;0;0;0;0;0;0;2575;0;0;0;0;0;0;
33679;4590539;551235584;38387712;495190016;0;0;0;0;0;0;0;0;0;0;0;2765;0;0;0;0;0;0;
33680;2789872;551235584;38387712;495190016;0;0;0;0;0;0;0;0;0;0;0;2905;0;0;0;0;0;0;
33681;4466867;551235584;38387712;495190016;0;0;0;0;0;0;0;0;0;0;0;2635;0;0;0;0;0;0;
33682;2774924;551235584;38387712;495190016;0;0;0;0;0;0;0;0;0;0;0;2815;0;0;0;0;0;0;
33683;4410431;551235584;38387712;495190016;0;0;0;0;0;0;0;0;0;0;0;2755;0;0;0;0;0;0;
33684;3435423;551235584;38387712;495190016;0;0;0;0;0;0;0;0;0;0;0;2494;0;0;0;0;0;0;
33685;4441780;551235584;38387712;495190016;0;0;0;0;0;0;0;0;0;0;0;2544;0;0;0;0;0;0;
33686;3000126;551235584;38387712;495190016;0;0;0;0;0;0;0;0;0;0;0;2735;0;0;0;0;0;0;
33687;4643368;551235584;38387712;495190016;0;0;0;0;0;0;0;0;0;0;0;2905;0;0;0;0;0;0;
33688;3040832;551235584;38387712;495190016;0;0;0;0;0;0;0;0;0;0;0;3677;0;0;0;0;0;0;
33689;4773853;551235584;38387712;495190016;0;0;0;0;0;0;0;0;0;0;0;3817;0;0;0;0;0;0;
33690;4111972;551235584;38387712;495190016;0;0;0;0;0;0;0;0;0;0;0;3717;0;0;0;0;0;0;
33691;4843984;551235584;38387712;495190016;0;0;0;0;0;0;0;0;0;0;0;3667;0;0;0;0;0;0;
33692;4416773;551235584;38387712;495190016;0;0;0;0;0;0;0;0;0;0;0;3737;0;0;0;0;0;0;
33693;4695205;551235584;38387712;495190016;0;0;0;0;0;0;0;0;0;0;0;3487;0;0;0;0;0;0;
33694;3856001;551235584;38387712;495190016;0;0;0;0;0;0;0;0;0;0;0;3977;0;0;0;0;0;0;
33695;4749026;551235584;38387712;495190016;0;0;0;0;0;0;0;0;0;0;0;3436;0;0;0;0;0;0;
33696;4289725;551235584;38387712;495190016;0;0;0;0;0;0;0;0;0;0;0;4108;0;0;0;0;0;0;
33697;4900170;551235584;38387712;495190016;0;0;0;0;0;0;0;0;0;0;0;3547;0;0;0;0;0;0;
33698;3852084;551235584;38387712;495190016;0;0;0;0;0;0;0;0;0;0;0;3788;0;0;0;0;0;0;
33699;4734819;551235584;38387712;495190016;0;0;0;0;0;0;0;0;0;0;0;3447;0;0;0;0;0;0;
33700;3856191;551235584;38387712;495190016;0;0;0;0;0;0;0;0;0;0;0;4078;0;0;0;0;0;0;
33701;4672072;551235584;38387712;495190016;0;0;0;0;0;0;0;0;0;0;0;3236;0;0;0;0;0;0;
33702;4145284;551235584;38387712;495190016;0;0;0;0;0;0;0;0;0;0;0;4048;0;0;0;0;0;0;
33703;5064919;551235584;38387712;495190016;0;0;0;0;0;0;0;0;0;0;0;3927;0;0;0;0;0;0;
33704;4076726;551235584;38387712;495190016;0;0;0;0;0;0;0;0;0;0;0;4068;0;0;0;0;0;0;
33705;4856358;551235584;38387712;495190016;0;0;0;0;0;0;0;0;0;0;0;3707;0;0;0;0;0;0;
33706;3184092;551235584;38387712;495190016;0;0;0;0;0;0;0;0;0;0;0;3156;0;0;0;0;0;0;
33707;4529735;551235584;38387712;495190016;0;0;0;0;0;0;0;0;0;0;0;3036;0;0;0;0;0;0;
33708;3180665;551235584;38387712;495190016;0;0;0;0;0;0;0;0;0;0;0;2585;0;0;0;0;0;0;
33709;4579097;551235584;38387712;495190016;0;0;0;0;0;0;0;0;0;0;0;2695;0;0;0;0;0;0;
33710;2880272;551235584;38387712;495190016;0;0;0;0;0;0;0;0;0;0;0;2975;0;0;0;0;0;0;
33711;4877658;551235584;38387712;495190016;0;0;0;0;0;0;0;0;0;0;0;2665;0;0;0;0;0;0;
33712;2955152;551235584;38387712;495190016;0;0;0;0;0;0;0;0;0;0;0;2996;0;0;0;0;0;0;
33713;4486293;551235584;38387712;495190016;0;0;0;0;0;0;0;0;0;0;0;2805;0;0;0;0;0;0;
33714;2830508;551235584;38387712;495190016;0;0;0;0;0;0;0;0;0;0;0;2875;0;0;0;0;0;0;
33715;4665780;551235584;38387712;495190016;0;0;0;0;0;0;0;0;0;0;0;2265;0;0;0;0;0;0;
33716;3044911;551235584;38387712;495190016;0;0;0;0;0;0;0;0;0;0;0;2745;0;0;0;0;0;0;
33717;4474201;551235584;38387712;495190016;0;0;0;0;0;0;0;0;0;0;0;2594;0;0;0;0;0;0;
33718;2844585;551235584;38387712;495190016;0;0;0;0;0;0;0;0;0;0;0;2905;0;0;0;0;0;0;
33719;4485202;551235584;38387712;495190016;0;0;0;0;0;0;0;0;0;0;0;2645;0;0;0;0;0;0;
33720;2891483;551235584;38387712;495190016;0;0;0;0;0;0;0;0;0;0;0;2856;0;0;0;0;0;0;
33721;4593444;551235584;38387712;495190016;0;0;0;0;0;0;0;0;0;0;0;2465;0;0;0;0;0;0;
33722;3122636;551235584;38387712;495190016;0;0;0;0;0;0;0;0;0;0;0;2956;0;0;0;0;0;0;
33723;4603754;551235584;38387712;495190016;0;0;0;0;0;0;0;0;0;0;0;2665;0;0;0;0;0;0;
33724;2825449;551235584;38387712;495190016;0;0;0;0;0;0;0;0;0;0;0;3116;0;0;0;0;0;0;
33725;4497675;551235584;38387712;495190016;0;0;0;0;0;0;0;0;0;0;0;2935;0;0;0;0;0;0;
33726;2753794;551235584;38387712;495190016;0;0;0;0;0;0;0;0;0;0;0;3075;0;0;0;0;0;0;
33727;4524646;551235584;38387712;495190016;0;0;0;0;0;0;0;0;0;0;0;2846;0;0;0;0;0;0;
33728;2858571;551235584;38387712;495190016;0;0;0;0;0;0;0;0;0;0;0;2725;0;0;0;0;0;0;
33729;4497795;551235584;38387712;495190016;0;0;0;0;0;0;0;0;0;0;0;2645;0;0;0;0;0;0;
33730;2844514;551235584;38387712;495190016;0;0;0;0;0;0;0;0;0;0;0;2926;0;0;0;0;0;0;
33731;4468139;551235584;38387712;495190016;0;0;0;0;0;0;0;0;0;0;0;2886;0;0;0;0;0;0;
33732;2805992;551235584;38387712;495190016;0;0;0;0;0;0;0;0;0;0;0;3136;0;0;0;0;0;0;
33733;4619754;551235584;38387712;495190016;0;0;0;0;0;0;0;0;0;0;0;2765;0;0;0;0;0;0;
33734;2848782;551235584;38387712;495190016;0;0;0;0;0;0;0;0;0;0;0;2976;0;0;0;0;0;0;
33735;4506782;551235584;38387712;495190016;0;0;0;0;0;0;0;0;0;0;0;3025;0;0;0;0;0;0;
33736;2823205;551235584;38387712;495190016;0;0;0;0;0;0;0;0;0;0;0;2865;0;0;0;0;0;0;
33737;4451658;551235584;38387712;495190016;0;0;0;0;0;0;0;0;0;0;0;3076;0;0;0;0;0;0;
33738;2748996;551235584;38387712;495190016;0;0;0;0;0;0;0;0;0;0;0;2895;0;0;0;0;0;0;
33739;4695415;551235584;38387712;495190016;0;0;0;0;0;0;0;0;0;0;0;3106;0;0;0;0;0;0;
33740;2824337;551235584;38387712;495190016;0;0;0;0;0;0;0;0;0;0;0;2936;0;0;0;0;0;0;
33741;4538231;551235584;38387712;495190016;0;0;0;0;0;0;0;0;0;0;0;2545;0;0;0;0;0;0;
33742;2768853;551235584;38387712;495190016;0;0;0;0;0;0;0;0;0;0;0;2905;0;0;0;0;0;0;
33743;4528132;551235584;38387712;495190016;0;0;0;0;0;0;0;0;0;0;0;3006;0;0;0;0;0;0;
33744;2807785;551235584;38387712;495190016;0;0;0;0;0;0;0;0;0;0;0;2795;0;0;0;0;0;0;
33745;4577575;551235584;38387712;495190016;0;0;0;0;0;0;0;0;0;0;0;2735;0;0;0;0;0;0;
33746;2961975;551235584;38387712;495190016;0;0;0;0;0;0;0;0;0;0;0;3006;0;0;0;0;0;0;
33747;4470113;551235584;38387712;495190016;0;0;0;0;0;0;0;0;0;0;0;3016;0;0;0;0;0;0;
33748;2954911;551235584;38387712;495190016;0;0;0;0;0;0;0;0;0;0;0;3186;0;0;0;0;0;0;
33749;7441396;551235584;38387712;495190016;0;0;0;0;0;0;0;0;0;0;0;2485;0;0;0;0;0;0;
33750;9932477;551235584;38387712;495190016;0;0;0;0;0;0;0;0;0;0;0;5250;0;0;0;0;0;0;
33751;5227043;551235584;38387712;495190016;0;0;0;0;0;0;0;0;0;0;0;4558;0;0;0;0;0;0;
33752;3242501;551235584;38387712;495190016;0;0;0;0;0;0;0;0;0;0;0;2735;0;0;0;0;0;0;
33753;4582073;551235584;38387712;495190016;0;0;0;0;0;0;0;0;0;0;0;2515;0;0;0;0;0;0;
33754;2844054;551235584;38387712;495190016;0;0;0;0;0;0;0;0;0;0;0;3286;0;0;0;0;0;0;
33755;4444915;551235584;38387712;495190016;0;0;0;0;0;0;0;0;0;0;0;2836;0;0;0;0;0;0;
33756;3355973;551235584;38387712;495190016;0;0;0;0;0;0;0;0;0;0;0;3266;0;0;0;0;0;0;
33757;4605116;551235584;38387712;495190016;0;0;0;0;0;0;0;0;0;0;0;2545;0;0;0;0;0;0;
33758;2787097;551235584;38387712;495190016;0;0;0;0;0;0;0;0;0;0;0;3076;0;0;0;0;0;0;
33759;4464973;551235584;38387712;495190016;0;0;0;0;0;0;0;0;0;0;0;2735;0;0;0;0;0;0;
33760;2788910;551235584;38387712;495190016;0;0;0;0;0;0;0;0;0;0;0;2966;0;0;0;0;0;0;
33761;4466807;551235584;38387712;495190016;0;0;0;0;0;0;0;0;0;0;0;2655;0;0;0;0;0;0;
33762;2933131;551235584;38387712;495190016;0;0;0;0;0;0;0;0;0;0;0;2845;0;0;0;0;0;0;
33763;4558880;551235584;38387712;495190016;0;0;0;0;0;0;0;0;0;0;0;2875;0;0;0;0;0;0;
33764;2851247;551235584;38387712;495190016;0;0;0;0;0;0;0;0;0;0;0;3126;0;0;0;0;0;0;
33765;4470344;551235584;38387712;495190016;0;0;0;0;0;0;0;0;0;0;0;3146;0;0;0;0;0;0;
33766;2868339;551235584;38387712;495190016;0;0;0;0;0;0;0;0;0;0;0;3056;0;0;0;0;0;0;
33767;4380645;551235584;38387712;495190016;0;0;0;0;0;0;0;0;0;0;0;2535;0;0;0;0;0;0;
33768;2955783;551235584;38387712;495190016;0;0;0;0;0;0;0;0;0;0;0;3176;0;0;0;0;0;0;
33769;4425379;551235584;38387712;495190016;0;0;0;0;0;0;0;0;0;0;0;2384;0;0;0;0;0;0;
33770;2853621;551235584;38387712;495190016;0;0;0;0;0;0;0;0;0;0;0;3156;0;0;0;0;0;0;
33771;4526258;551235584;38387712;495190016;0;0;0;0;0;0;0;0;0;0;0;2726;0;0;0;0;0;0;
33772;3531753;551235584;38387712;495190016;0;0;0;0;0;0;0;0;0;0;0;3446;0;0;0;0;0;0;
33773;4684185;551235584;38387712;495190016;0;0;0;0;0;0;0;0;0;0;0;3176;0;0;0;0;0;0;
33774;3981146;551235584;38387712;495190016;0;0;0;0;0;0;0;0;0;0;0;3075;0;0;0;0;0;0;
33775;4822094;551235584;38387712;495190016;0;0;0;0;0;0;0;0;0;0;0;2945;0;0;0;0;0;0;
33776;3845983;551235584;38387712;495190016;0;0;0;0;0;0;0;0;0;0;0;4118;0;0;0;0;0;0;
33777;4827303;551235584;38387712;495190016;0;0;0;0;0;0;0;0;0;0;0;3035;0;0;0;0;0;0;
33778;4475954;551235584;38387712;495190016;0;0;0;0;0;0;0;0;0;0;0;3156;0;0;0;0;0;0;
33779;4861988;551235584;38387712;495190016;0;0;0;0;0;0;0;0;0;0;0;3527;0;0;0;0;0;0;
33780;3883954;551235584;38387712;495190016;0;0;0;0;0;0;0;0;0;0;0;3858;0;0;0;0;0;0;
33781;4738867;551235584;38387712;495190016;0;0;0;0;0;0;0;0;0;0;0;3116;0;0;0;0;0;0;
33782;3915873;551235584;38387712;495190016;0;0;0;0;0;0;0;0;0;0;0;3737;0;0;0;0;0;0;
33783;4752143;551235584;38387712;495190016;0;0;0;0;0;0;0;0;0;0;0;3627;0;0;0;0;0;0;
33784;4085873;551235584;38387712;495190016;0;0;0;0;0;0;0;0;0;0;0;3717;0;0;0;0;0;0;
33785;4696568;551235584;38387712;495190016;0;0;0;0;0;0;0;0;0;0;0;3186;0;0;0;0;0;0;
33786;3942523;551235584;38387712;495190016;0;0;0;0;0;0;0;0;0;0;0;3868;0;0;0;0;0;0;
33787;4819788;551235584;38387712;495190016;0;0;0;0;0;0;0;0;0;0;0;3667;0;0;0;0;0;0;
33788;3780129;551235584;38387712;495190016;0;0;0;0;0;0;0;0;0;0;0;3737;0;0;0;0;0;0;
33789;4813988;551235584;38387712;495190016;0;0;0;0;0;0;0;0;0;0;0;3526;0;0;0;0;0;0;
33790;3843558;551235584;38387712;495190016;0;0;0;0;0;0;0;0;0;0;0;3346;0;0;0;0;0;0;
33791;4889280;551235584;38387712;495190016;0;0;0;0;0;0;0;0;0;0;0;3978;0;0;0;0;0;0;
33792;4075733;551235584;38387712;495190016;0;0;0;0;0;0;0;0;0;0;0;3887;0;0;0;0;0;0;
33793;4811543;551235584;38387712;495190016;0;0;0;0;0;0;0;0;0;0;0;3637;0;0;0;0;0;0;
33794;3960718;551235584;38387712;495190016;0;0;0;0;0;0;0;0;0;0;0;3827;0;0;0;0;0;0;
33795;4692731;551235584;38387712;495190016;0;0;0;0;0;0;0;0;0;0;0;3677;0;0;0;0;0;0;
33796;3982369;551235584;38387712;495190016;0;0;0;0;0;0;0;0;0;0;0;3817;0;0;0;0;0;0;
33797;4695766;551235584;38387712;495190016;0;0;0;0;0;0;0;0;0;0;0;3226;0;0;0;0;0;0;
33798;3882411;551235584;38387712;495190016;0;0;0;0;0;0;0;0;0;0;0;4127;0;0;0;0;0;0;
33799;4759726;551235584;38387712;495190016;0;0;0;0;0;0;0;0;0;0;0;3607;0;0;0;0;0;0;
33800;3818872;551235584;38387712;495190016;0;0;0;0;0;0;0;0;0;0;0;4017;0;0;0;0;0;0;
33801;4906522;551235584;38387712;495190016;0;0;0;0;0;0;0;0;0;0;0;3777;0;0;0;0;0;0;
33802;3937925;551235584;38387712;495190016;0;0;0;0;0;0;0;0;0;0;0;3296;0;0;0;0;0;0;
33803;4848473;551235584;38387712;495190016;0;0;0;0;0;0;0;0;0;0;0;3337;0;0;0;0;0;0;
33804;3879576;551235584;38387712;495190016;0;0;0;0;0;0;0;0;0;0;0;3907;0;0;0;0;0;0;
33805;4875253;551235584;38387712;495190016;0;0;0;0;0;0;0;0;0;0;0;3086;0;0;0;0;0;0;
33806;3940210;551235584;38387712;495190016;0;0;0;0;0;0;0;0;0;0;0;3927;0;0;0;0;0;0;
33807;4771138;551235584;38387712;495190016;0;0;0;0;0;0;0;0;0;0;0;3667;0;0;0;0;0;0;
33808;4117462;551235584;38387712;495190016;0;0;0;0;0;0;0;0;0;0;0;3376;0;0;0;0;0;0;
33809;4969780;551235584;38387712;495190016;0;0;0;0;0;0;0;0;0;0;0;3407;0;0;0;0;0;0;
33810;4095270;551235584;38387712;495190016;0;0;0;0;0;0;0;0;0;0;0;3867;0;0;0;0;0;0;
33811;4807666;551235584;38387712;495190016;0;0;0;0;0;0;0;0;0;0;0;3257;0;0;0;0;0;0;
33812;3987308;551235584;38387712;495190016;0;0;0;0;0;0;0;0;0;0;0;3487;0;0;0;0;0;0;
33813;5113901;551235584;38387712;495190016;0;0;0;0;0;0;0;0;0;0;0;3927;0;0;0;0;0;0;
33814;3941041;551235584;38387712;495190016;0;0;0;0;0;0;0;0;0;0;0;3777;0;0;0;0;0;0;
33815;4840588;551235584;38387712;495190016;0;0;0;0;0;0;0;0;0;0;0;3476;0;0;0;0;0;0;
33816;4186721;551235584;38387712;495190016;0;0;0;0;0;0;0;0;0;0;0;3827;0;0;0;0;0;0;
33817;4972365;551235584;38387712;495190016;0;0;0;0;0;0;0;0;0;0;0;3277;0;0;0;0;0;0;
33818;3963623;551235584;38387712;495190016;0;0;0;0;0;0;0;0;0;0;0;3827;0;0;0;0;0;0;
33819;4800072;551235584;38387712;495190016;0;0;0;0;0;0;0;0;0;0;0;4028;0;0;0;0;0;0;
33820;3835143;551235584;38387712;495190016;0;0;0;0;0;0;0;0;0;0;0;4258;0;0;0;0;0;0;
33821;4904027;551235584;38387712;495190016;0;0;0;0;0;0;0;0;0;0;0;3667;0;0;0;0;0;0;
33822;4078259;551235584;38387712;495190016;0;0;0;0;0;0;0;0;0;0;0;3727;0;0;0;0;0;0;
33823;4900149;551235584;38387712;495190016;0;0;0;0;0;0;0;0;0;0;0;4157;0;0;0;0;0;0;
33824;4448673;551235584;38387712;495190016;0;0;0;0;0;0;0;0;0;0;0;4309;0;0;0;0;0;0;
33825;4790544;551235584;38387712;495190016;0;0;0;0;0;0;0;0;0;0;0;3957;0;0;0;0;0;0;
33826;4124485;551235584;38387712;495190016;0;0;0;0;0;0;0;0;0;0;0;4338;0;0;0;0;0;0;
33827;4838584;551235584;38387712;495190016;0;0;0;0;0;0;0;0;0;0;0;4037;0;0;0;0;0;0;
33828;4128072;551235584;38387712;495190016;0;0;0;0;0;0;0;0;0;0;0;3948;0;0;0;0;0;0;
33829;4857590;551235584;38387712;495190016;0;0;0;0;0;0;0;0;0;0;0;3426;0;0;0;0;0;0;
33830;4031561;551235584;38387712;495190016;0;0;0;0;0;0;0;0;0;0;0;4108;0;0;0;0;0;0;
33831;4796545;551235584;38387712;495190016;0;0;0;0;0;0;0;0;0;0;0;3437;0;0;0;0;0;0;
33832;4159100;551235584;38387712;495190016;0;0;0;0;0;0;0;0;0;0;0;4107;0;0;0;0;0;0;
33833;4691829;551235584;38387712;495190016;0;0;0;0;0;0;0;0;0;0;0;3737;0;0;0;0;0;0;
33834;3907749;551235584;38387712;495190016;0;0;0;0;0;0;0;0;0;0;0;3537;0;0;0;0;0;0;
33835;4613432;551235584;38387712;495190016;0;0;0;0;0;0;0;0;0;0;0;3477;0;0;0;0;0;0;
33836;3228966;551235584;38387712;495190016;0;0;0;0;0;0;0;0;0;0;0;4298;0;0;0;0;0;0;
33837;4883598;551235584;38387712;495190016;0;0;0;0;0;0;0;0;0;0;0;3817;0;0;0;0;0;0;
33838;3844380;551235584;38387712;495190016;0;0;0;0;0;0;0;0;0;0;0;3126;0;0;0;0;0;0;
33839;4588305;551235584;38387712;495190016;0;0;0;0;0;0;0;0;0;0;0;3016;0;0;0;0;0;0;
33840;3374388;551235584;38387712;495190016;0;0;0;0;0;0;0;0;0;0;0;4208;0;0;0;0;0;0;
33841;4846980;551235584;38387712;495190016;0;0;0;0;0;0;0;0;0;0;0;3737;0;0;0;0;0;0;
33842;3988420;551235584;38387712;495190016;0;0;0;0;0;0;0;0;0;0;0;3657;0;0;0;0;0;0;
33843;4827633;551235584;38387712;495190016;0;0;0;0;0;0;0;0;0;0;0;3506;0;0;0;0;0;0;
33844;3903280;551235584;38387712;495190016;0;0;0;0;0;0;0;0;0;0;0;3997;0;0;0;0;0;0;
33845;4781307;551235584;38387712;495190016;0;0;0;0;0;0;0;0;0;0;0;3767;0;0;0;0;0;0;
33846;3920413;551235584;38387712;495190016;0;0;0;0;0;0;0;0;0;0;0;4058;0;0;0;0;0;0;
33847;4821692;551235584;38387712;495190016;0;0;0;0;0;0;0;0;0;0;0;3276;0;0;0;0;0;0;
33848;4243628;551235584;38387712;495190016;0;0;0;0;0;0;0;0;0;0;0;3957;0;0;0;0;0;0;
33849;4691207;551235584;38387712;495190016;0;0;0;0;0;0;0;0;0;0;0;3256;0;0;0;0;0;0;
33850;4017053;551235584;38387712;495190016;0;0;0;0;0;0;0;0;0;0;0;3987;0;0;0;0;0;0;
33851;4831371;551235584;38387712;495190016;0;0;0;0;0;0;0;0;0;0;0;3517;0;0;0;0;0;0;
33852;3853848;551235584;38387712;495190016;0;0;0;0;0;0;0;0;0;0;0;3837;0;0;0;0;0;0;
33853;4679356;551235584;38387712;495190016;0;0;0;0;0;0;0;0;0;0;0;3156;0;0;0;0;0;0;
33854;3752728;551235584;38387712;495190016;0;0;0;0;0;0;0;0;0;0;0;2995;0;0;0;0;0;0;
33855;4744047;551235584;38387712;495190016;0;0;0;0;0;0;0;0;0;0;0;3366;0;0;0;0;0;0;
33856;4059152;551235584;38387712;495190016;0;0;0;0;0;0;0;0;0;0;0;3898;0;0;0;0;0;0;
33857;4757893;551235584;38387712;495190016;0;0;0;0;0;0;0;0;0;0;0;3707;0;0;0;0;0;0;
33858;3965317;551235584;38387712;495190016;0;0;0;0;0;0;0;0;0;0;0;3957;0;0;0;0;0;0;
33859;4779924;551235584;38387712;495190016;0;0;0;0;0;0;0;0;0;0;0;3566;0;0;0;0;0;0;
33860;3919281;551235584;38387712;495190016;0;0;0;0;0;0;0;0;0;0;0;3948;0;0;0;0;0;0;
33861;4623631;551235584;38387712;495190016;0;0;0;0;0;0;0;0;0;0;0;3326;0;0;0;0;0;0;
33862;4004841;551235584;38387712;495190016;0;0;0;0;0;0;0;0;0;0;0;3576;0;0;0;0;0;0;
33863;4873359;551235584;38387712;495190016;0;0;0;0;0;0;0;0;0;0;0;3727;0;0;0;0;0;0;
33864;4064182;551235584;38387712;495190016;0;0;0;0;0;0;0;0;0;0;0;3406;0;0;0;0;0;0;
33865;4750840;551235584;38387712;495190016;0;0;0;0;0;0;0;0;0;0;0;3407;0;0;0;0;0;0;
33866;2807264;551235584;38387712;495190016;0;0;0;0;0;0;0;0;0;0;0;2865;0;0;0;0;0;0;
33867;4675889;551235584;38387712;495190016;0;0;0;0;0;0;0;0;0;0;0;2445;0;0;0;0;0;0;
33868;2739608;551235584;38387712;495190016;0;0;0;0;0;0;0;0;0;0;0;3366;0;0;0;0;0;0;
33869;4556836;551235584;38387712;495190016;0;0;0;0;0;0;0;0;0;0;0;2725;0;0;0;0;0;0;
33870;2758684;551235584;38387712;495190016;0;0;0;0;0;0;0;0;0;0;0;2745;0;0;0;0;0;0;
33871;4660390;551235584;38387712;495190016;0;0;0;0;0;0;0;0;0;0;0;2765;0;0;0;0;0;0;
33872;2797557;551235584;38387712;495190016;0;0;0;0;0;0;0;0;0;0;0;3156;0;0;0;0;0;0;
33873;4628290;551235584;38387712;495190016;0;0;0;0;0;0;0;0;0;0;0;2535;0;0;0;0;0;0;
33874;2888146;551235584;38387712;495190016;0;0;0;0;0;0;0;0;0;0;0;2925;0;0;0;0;0;0;
33875;4762231;551235584;38387712;495190016;0;0;0;0;0;0;0;0;0;0;0;2776;0;0;0;0;0;0;
33876;2777439;551235584;38387712;495190016;0;0;0;0;0;0;0;0;0;0;0;3337;0;0;0;0;0;0;
33877;4530958;551235584;38387712;495190016;0;0;0;0;0;0;0;0;0;0;0;2825;0;0;0;0;0;0;
33878;3016196;551235584;38387712;495190016;0;0;0;0;0;0;0;0;0;0;0;2936;0;0;0;0;0;0;
33879;4540966;551235584;38387712;495190016;0;0;0;0;0;0;0;0;0;0;0;2745;0;0;0;0;0;0;
33880;2889919;551235584;38387712;495190016;0;0;0;0;0;0;0;0;0;0;0;3657;0;0;0;0;0;0;
33881;4440458;551235584;38387712;495190016;0;0;0;0;0;0;0;0;0;0;0;2545;0;0;0;0;0;0;
33882;2961163;551235584;38387712;495190016;0;0;0;0;0;0;0;0;0;0;0;3256;0;0;0;0;0;0;
33883;4447721;551235584;38387712;495190016;0;0;0;0;0;0;0;0;0;0;0;2624;0;0;0;0;0;0;
33884;2918143;551235584;38387712;495190016;0;0;0;0;0;0;0;0;0;0;0;3186;0;0;0;0;0;0;
33885;4480472;551235584;38387712;495190016;0;0;0;0;0;0;0;0;0;0;0;2594;0;0;0;0;0;0;
33886;2875302;551235584;38387712;495190016;0;0;0;0;0;0;0;0;0;0;0;3296;0;0;0;0;0;0;
33887;4515839;551235584;38387712;495190016;0;0;0;0;0;0;0;0;0;0;0;2765;0;0;0;0;0;0;
33888;2802265;551235584;38387712;495190016;0;0;0;0;0;0;0;0;0;0;0;2464;0;0;0;0;0;0;
33889;4609885;551235584;38387712;495190016;0;0;0;0;0;0;0;0;0;0;0;2385;0;0;0;0;0;0;
33890;2934724;551235584;38387712;495190016;0;0;0;0;0;0;0;0;0;0;0;3567;0;0;0;0;0;0;
33891;4552026;551235584;38387712;495190016;0;0;0;0;0;0;0;0;0;0;0;2715;0;0;0;0;0;0;
33892;2866736;551235584;38387712;495190016;0;0;0;0;0;0;0;0;0;0;0;2825;0;0;0;0;0;0;
33893;4438334;551235584;38387712;495190016;0;0;0;0;0;0;0;0;0;0;0;2404;0;0;0;0;0;0;
33894;2839725;551235584;38387712;495190016;0;0;0;0;0;0;0;0;0;0;0;3086;0;0;0;0;0;0;
33895;4494208;551235584;38387712;495190016;0;0;0;0;0;0;0;0;0;0;0;2394;0;0;0;0;0;0;
33896;3144908;551235584;38387712;495190016;0;0;0;0;0;0;0;0;0;0;0;2735;0;0;0;0;0;0;
33897;4485823;551235584;38387712;495190016;0;0;0;0;0;0;0;0;0;0;0;2445;0;0;0;0;0;0;
33898;2766047;551235584;38387712;495190016;0;0;0;0;0;0;0;0;0;0;0;2665;0;0;0;0;0;0;
33899;4516430;551235584;38387712;495190016;0;0;0;0;0;0;0;0;0;0;0;2615;0;0;0;0;0;0;
33900;3179022;551235584;38387712;495190016;0;0;0;0;0;0;0;0;0;0;0;2985;0;0;0;0;0;0;
33901;4589527;551235584;38387712;495190016;0;0;0;0;0;0;0;0;0;0;0;2965;0;0;0;0;0;0;
33902;2835017;551235584;38387712;495190016;0;0;0;0;0;0;0;0;0;0;0;3306;0;0;0;0;0;0;
33903;4437873;551235584;38387712;495190016;0;0;0;0;0;0;0;0;0;0;0;2104;0;0;0;0;0;0;
33904;3224597;551235584;38387712;495190016;0;0;0;0;0;0;0;0;0;0;0;2725;0;0;0;0;0;0;
33905;4458090;551235584;38387712;495190016;0;0;0;0;0;0;0;0;0;0;0;2816;0;0;0;0;0;0;
33906;3027939;551235584;38387712;495190016;0;0;0;0;0;0;0;0;0;0;0;3417;0;0;0;0;0;0;
33907;4553419;551235584;38387712;495190016;0;0;0;0;0;0;0;0;0;0;0;2826;0;0;0;0;0;0;
33908;2729158;551235584;38387712;495190016;0;0;0;0;0;0;0;0;0;0;0;2796;0;0;0;0;0;0;
33909;4483669;551235584;38387712;495190016;0;0;0;0;0;0;0;0;0;0;0;2555;0;0;0;0;0;0;
33910;2883397;551235584;38387712;495190016;0;0;0;0;0;0;0;0;0;0;0;2816;0;0;0;0;0;0;
33911;4463531;551235584;38387712;495190016;0;0;0;0;0;0;0;0;0;0;0;2755;0;0;0;0;0;0;
33912;3125982;551235584;38387712;495190016;0;0;0;0;0;0;0;0;0;0;0;4058;0;0;0;0;0;0;
33913;4915949;551235584;38387712;495190016;0;0;0;0;0;0;0;0;0;0;0;3627;0;0;0;0;0;0;
33914;3732830;551235584;38387712;495190016;0;0;0;0;0;0;0;0;0;0;0;3647;0;0;0;0;0;0;
33915;4683053;551235584;38387712;495190016;0;0;0;0;0;0;0;0;0;0;0;4067;0;0;0;0;0;0;
33916;3969734;551235584;38387712;495190016;0;0;0;0;0;0;0;0;0;0;0;3988;0;0;0;0;0;0;
33917;4955403;551235584;38387712;495190016;0;0;0;0;0;0;0;0;0;0;0;3486;0;0;0;0;0;0;
33918;3784678;551235584;38387712;495190016;0;0;0;0;0;0;0;0;0;0;0;3066;0;0;0;0;0;0;
33919;5041966;551235584;38387712;495190016;0;0;0;0;0;0;0;0;0;0;0;3938;0;0;0;0;0;0;
33920;4032993;551235584;38387712;495190016;0;0;0;0;0;0;0;0;0;0;0;3186;0;0;0;0;0;0;
33921;4980972;551235584;38387712;495190016;0;0;0;0;0;0;0;0;0;0;0;2785;0;0;0;0;0;0;
33922;3983621;551235584;38387712;495190016;0;0;0;0;0;0;0;0;0;0;0;3467;0;0;0;0;0;0;
33923;4833525;551235584;38387712;495190016;0;0;0;0;0;0;0;0;0;0;0;3005;0;0;0;0;0;0;
33924;3897679;551235584;38387712;495190016;0;0;0;0;0;0;0;0;0;0;0;3877;0;0;0;0;0;0;
33925;4709502;551235584;38387712;495190016;0;0;0;0;0;0;0;0;0;0;0;3016;0;0;0;0;0;0;
33926;4011112;551235584;38387712;495190016;0;0;0;0;0;0;0;0;0;0;0;3917;0;0;0;0;0;0;
33927;4795574;551235584;38387712;495190016;0;0;0;0;0;0;0;0;0;0;0;3657;0;0;0;0;0;0;
33928;4070133;551235584;38387712;495190016;0;0;0;0;0;0;0;0;0;0;0;4528;0;0;0;0;0;0;
33929;5024563;551235584;38387712;495190016;0;0;0;0;0;0;0;0;0;0;0;2945;0;0;0;0;0;0;
33930;4067288;551235584;38387712;495190016;0;0;0;0;0;0;0;0;0;0;0;4217;0;0;0;0;0;0;
33931;4841520;551235584;38387712;495190016;0;0;0;0;0;0;0;0;0;0;0;3536;0;0;0;0;0;0;
33932;3828219;551235584;38387712;495190016;0;0;0;0;0;0;0;0;0;0;0;3687;0;0;0;0;0;0;
33933;4815030;551235584;38387712;495190016;0;0;0;0;0;0;0;0;0;0;0;2965;0;0;0;0;0;0;
33934;3047065;551235584;38387712;495190016;0;0;0;0;0;0;0;0;0;0;0;2655;0;0;0;0;0;0;
33935;4515358;551235584;38387712;495190016;0;0;0;0;0;0;0;0;0;0;0;2294;0;0;0;0;0;0;
33936;2893997;551235584;38387712;495190016;0;0;0;0;0;0;0;0;0;0;0;2995;0;0;0;0;0;0;
33937;4448262;551235584;38387712;495190016;0;0;0;0;0;0;0;0;0;0;0;2956;0;0;0;0;0;0;
33938;2880682;551235584;38387712;495190016;0;0;0;0;0;0;0;0;0;0;0;2856;0;0;0;0;0;0;
33939;4466968;551235584;38387712;495190016;0;0;0;0;0;0;0;0;0;0;0;2134;0;0;0;0;0;0;
33940;3054348;551235584;38387712;495190016;0;0;0;0;0;0;0;0;0;0;0;2946;0;0;0;0;0;0;
33941;4426601;551235584;38387712;495190016;0;0;0;0;0;0;0;0;0;0;0;2295;0;0;0;0;0;0;
33942;2912753;551235584;38387712;495190016;0;0;0;0;0;0;0;0;0;0;0;2745;0;0;0;0;0;0;
33943;4506281;551235584;38387712;495190016;0;0;0;0;0;0;0;0;0;0;0;3587;0;0;0;0;0;0;
33944;3016858;551235584;38387712;495190016;0;0;0;0;0;0;0;0;0;0;0;2765;0;0;0;0;0;0;
33945;4733426;551235584;38395904;495198208;0;0;0;0;0;0;0;0;0;0;0;3056;0;0;0;0;0;0;
33946;2836900;551235584;38395904;495198208;0;0;0;0;0;0;0;0;0;0;0;2925;0;0;0;0;0;0;
33947;4650201;551235584;38395904;495198208;0;0;0;0;0;0;0;0;0;0;0;2755;0;0;0;0;0;0;
33948;2684144;551235584;38395904;495198208;0;0;0;0;0;0;0;0;0;0;0;2906;0;0;0;0;0;0;
33949;4564420;551235584;38395904;495198208;0;0;0;0;0;0;0;0;0;0;0;2995;0;0;0;0;0;0;
33950;2705554;551235584;38395904;495198208;0;0;0;0;0;0;0;0;0;0;0;2775;0;0;0;0;0;0;
33951;4608763;551235584;38395904;495198208;0;0;0;0;0;0;0;0;0;0;0;2985;0;0;0;0;0;0;
33952;2921660;551313408;38387712;495190016;0;0;0;0;0;0;0;0;0;0;0;3487;0;0;0;0;0;0;
33953;4507894;551313408;38387712;495190016;0;0;0;0;0;0;0;0;0;0;0;3006;0;0;0;0;0;0;
33954;2786826;551313408;38387712;495190016;0;0;0;0;0;0;0;0;0;0;0;3206;0;0;0;0;0;0;
33955;4601670;551313408;38387712;495190016;0;0;0;0;0;0;0;0;0;0;0;2715;0;0;0;0;0;0;
33956;4228570;551313408;38387712;495190016;0;0;0;0;0;0;0;0;0;0;0;4078;0;0;0;0;0;0;
33957;4821513;551313408;38387712;495190016;0;0;0;0;0;0;0;0;0;0;0;3757;0;0;0;0;0;0;
33958;4186171;551313408;38387712;495190016;0;0;0;0;0;0;0;0;0;0;0;4839;0;0;0;0;0;0;
33959;4855135;551313408;38387712;495190016;0;0;0;0;0;0;0;0;0;0;0;3557;0;0;0;0;0;0;
33960;2798539;551313408;38387712;495190016;0;0;0;0;0;0;0;0;0;0;0;2955;0;0;0;0;0;0;
33961;4490592;551313408;38387712;495190016;0;0;0;0;0;0;0;0;0;0;0;2505;0;0;0;0;0;0;
33962;2758313;551313408;38387712;495190016;0;0;0;0;0;0;0;0;0;0;0;2635;0;0;0;0;0;0;
33963;4408147;551313408;38387712;495190016;0;0;0;0;0;0;0;0;0;0;0;2535;0;0;0;0;0;0;
33964;3035613;551313408;38387712;495190016;0;0;0;0;0;0;0;0;0;0;0;2805;0;0;0;0;0;0;
33965;4408528;551313408;38387712;495190016;0;0;0;0;0;0;0;0;0;0;0;2745;0;0;0;0;0;0;
33966;2980720;551313408;38387712;495190016;0;0;0;0;0;0;0;0;0;0;0;2705;0;0;0;0;0;0;
33967;4523954;551313408;38387712;495190016;0;0;0;0;0;0;0;0;0;0;0;2685;0;0;0;0;0;0;
33968;2920126;551313408;38387712;495190016;0;0;0;0;0;0;0;0;0;0;0;2575;0;0;0;0;0;0;
33969;4512262;551313408;38387712;495190016;0;0;0;0;0;0;0;0;0;0;0;2985;0;0;0;0;0;0;
33970;2968337;551313408;38387712;495190016;0;0;0;0;0;0;0;0;0;0;0;3337;0;0;0;0;0;0;
33971;4464572;551313408;38387712;495190016;0;0;0;0;0;0;0;0;0;0;0;3276;0;0;0;0;0;0;
33972;3023840;551313408;38387712;495190016;0;0;0;0;0;0;0;0;0;0;0;3406;0;0;0;0;0;0;
33973;4625294;551313408;38387712;495190016;0;0;0;0;0;0;0;0;0;0;0;3046;0;0;0;0;0;0;
33974;3330456;551313408;38387712;495190016;0;0;0;0;0;0;0;0;0;0;0;4318;0;0;0;0;0;0;
33975;5010217;551313408;38387712;495190016;0;0;0;0;0;0;0;0;0;0;0;3186;0;0;0;0;0;0;
33976;4087235;551313408;38387712;495190016;0;0;0;0;0;0;0;0;0;0;0;3907;0;0;0;0;0;0;
33977;4750589;551313408;38387712;495190016;0;0;0;0;0;0;0;0;0;0;0;3576;0;0;0;0;0;0;
33978;4044304;551313408;38387712;495190016;0;0;0;0;0;0;0;0;0;0;0;3988;0;0;0;0;0;0;
33979;4848774;551313408;38387712;495190016;0;0;0;0;0;0;0;0;0;0;0;3497;0;0;0;0;0;0;
33980;4343856;551313408;38387712;495190016;0;0;0;0;0;0;0;0;0;0;0;2535;0;0;0;0;0;0;
33981;4504328;551313408;38387712;495190016;0;0;0;0;0;0;0;0;0;0;0;2885;0;0;0;0;0;0;
33982;3020184;551313408;38387712;495190016;0;0;0;0;0;0;0;0;0;0;0;3256;0;0;0;0;0;0;
33983;4448603;551313408;38387712;495190016;0;0;0;0;0;0;0;0;0;0;0;2795;0;0;0;0;0;0;
33984;3522977;551313408;38387712;495190016;0;0;0;0;0;0;0;0;0;0;0;2945;0;0;0;0;0;0;
33985;4572615;551313408;38387712;495190016;0;0;0;0;0;0;0;0;0;0;0;2715;0;0;0;0;0;0;
33986;3059999;551313408;38387712;495190016;0;0;0;0;0;0;0;0;0;0;0;2976;0;0;0;0;0;0;
33987;4891604;551313408;38387712;495190016;0;0;0;0;0;0;0;0;0;0;0;2986;0;0;0;0;0;0;
33988;3209479;551313408;38387712;495190016;0;0;0;0;0;0;0;0;0;0;0;3166;0;0;0;0;0;0;
33989;4439716;551313408;38387712;495190016;0;0;0;0;0;0;0;0;0;0;0;2815;0;0;0;0;0;0;
33990;3123127;551313408;38387712;495190016;0;0;0;0;0;0;0;0;0;0;0;3006;0;0;0;0;0;0;
33991;7465040;551313408;38387712;495190016;0;0;0;0;0;0;0;0;0;0;0;2955;0;0;0;0;0;0;
33992;8954162;551313408;38387712;495190016;0;0;0;0;0;0;0;0;0;0;0;3246;0;0;0;0;0;0;
33993;4549993;551313408;38387712;495190016;0;0;0;0;0;0;0;0;0;0;0;2886;0;0;0;0;0;0;
33994;2966404;551313408;38387712;495190016;0;0;0;0;0;0;0;0;0;0;0;2715;0;0;0;0;0;0;
33995;4483237;551313408;38387712;495190016;0;0;0;0;0;0;0;0;0;0;0;2454;0;0;0;0;0;0;
33996;3018231;551313408;38387712;495190016;0;0;0;0;0;0;0;0;0;0;0;3176;0;0;0;0;0;0;
33997;4511180;551313408;38387712;495190016;0;0;0;0;0;0;0;0;0;0;0;2495;0;0;0;0;0;0;
33998;2865113;551313408;38387712;495190016;0;0;0;0;0;0;0;0;0;0;0;3236;0;0;0;0;0;0;
33999;4477687;551313408;38387712;495190016;0;0;0;0;0;0;0;0;0;0;0;3136;0;0;0;0;0;0;
34000;2851037;551313408;38387712;495190016;0;0;0;0;0;0;0;0;0;0;0;2604;0;0;0;0;0;0;
34001;4456768;551313408;38387712;495190016;0;0;0;0;0;0;0;0;0;0;0;2605;0;0;0;0;0;0;
34002;2857448;551313408;38387712;495190016;0;0;0;0;0;0;0;0;0;0;0;3346;0;0;0;0;0;0;
34003;4512733;551313408;38387712;495190016;0;0;0;0;0;0;0;0;0;0;0;2976;0;0;0;0;0;0;
34004;3395839;551313408;38387712;495190016;0;0;0;0;0;0;0;0;0;0;0;2775;0;0;0;0;0;0;
34005;4489129;551313408;38387712;495190016;0;0;0;0;0;0;0;0;0;0;0;2485;0;0;0;0;0;0;
34006;3098020;551313408;38387712;495190016;0;0;0;0;0;0;0;0;0;0;0;2906;0;0;0;0;0;0;
34007;4674306;551313408;38387712;495190016;0;0;0;0;0;0;0;0;0;0;0;2635;0;0;0;0;0;0;
34008;2890260;551313408;38387712;495190016;0;0;0;0;0;0;0;0;0;0;0;3025;0;0;0;0;0;0;
34009;4524585;551313408;38387712;495190016;0;0;0;0;0;0;0;0;0;0;0;3076;0;0;0;0;0;0;
34010;2882726;551313408;38387712;495190016;0;0;0;0;0;0;0;0;0;0;0;2765;0;0;0;0;0;0;
34011;4563648;551313408;38387712;495190016;0;0;0;0;0;0;0;0;0;0;0;2314;0;0;0;0;0;0;
34012;4132750;551313408;38387712;495190016;0;0;0;0;0;0;0;0;0;0;0;4078;0;0;0;0;0;0;
34013;4703551;551313408;38387712;495190016;0;0;0;0;0;0;0;0;0;0;0;3547;0;0;0;0;0;0;
34014;3959836;551313408;38387712;495190016;0;0;0;0;0;0;0;0;0;0;0;2815;0;0;0;0;0;0;
34015;4478159;551313408;38387712;495190016;0;0;0;0;0;0;0;0;0;0;0;2394;0;0;0;0;0;0;
34016;3367235;551313408;38387712;495190016;0;0;0;0;0;0;0;0;0;0;0;3446;0;0;0;0;0;0;
34017;4416192;551313408;38387712;495190016;0;0;0;0;0;0;0;0;0;0;0;2344;0;0;0;0;0;0;
34018;3390058;551313408;38387712;495190016;0;0;0;0;0;0;0;0;0;0;0;3016;0;0;0;0;0;0;
34019;4427704;551313408;38387712;495190016;0;0;0;0;0;0;0;0;0;0;0;2554;0;0;0;0;0;0;
34020;3041464;551313408;38387712;495190016;0;0;0;0;0;0;0;0;0;0;0;3146;0;0;0;0;0;0;
34021;4410932;551313408;38387712;495190016;0;0;0;0;0;0;0;0;0;0;0;2635;0;0;0;0;0;0;
34022;3152312;551313408;38387712;495190016;0;0;0;0;0;0;0;0;0;0;0;2915;0;0;0;0;0;0;
34023;4551295;551313408;38387712;495190016;0;0;0;0;0;0;0;0;0;0;0;2495;0;0;0;0;0;0;
34024;3487130;551313408;38387712;495190016;0;0;0;0;0;0;0;0;0;0;0;4017;0;0;0;0;0;0;
34025;4958418;551313408;38387712;495190016;0;0;0;0;0;0;0;0;0;0;0;3547;0;0;0;0;0;0;
34026;4167626;551313408;38387712;495190016;0;0;0;0;0;0;0;0;0;0;0;4187;0;0;0;0;0;0;
34027;4803468;551313408;38387712;495190016;0;0;0;0;0;0;0;0;0;0;0;3226;0;0;0;0;0;0;
34028;3902899;551313408;38387712;495190016;0;0;0;0;0;0;0;0;0;0;0;3377;0;0;0;0;0;0;
34029;4803658;551313408;38387712;495190016;0;0;0;0;0;0;0;0;0;0;0;3006;0;0;0;0;0;0;
34030;4314912;551313408;38387712;495190016;0;0;0;0;0;0;0;0;0;0;0;3627;0;0;0;0;0;0;
34031;4772090;551313408;38387712;495190016;0;0;0;0;0;0;0;0;0;0;0;3497;0;0;0;0;0;0;
34032;3861441;551313408;38387712;495190016;0;0;0;0;0;0;0;0;0;0;0;2194;0;0;0;0;0;0;
34033;4484440;551313408;38387712;495190016;0;0;0;0;0;0;0;0;0;0;0;2274;0;0;0;0;0;0;
34034;3122286;551313408;38387712;495190016;0;0;0;0;0;0;0;0;0;0;0;3556;0;0;0;0;0;0;
34035;4503857;551313408;38387712;495190016;0;0;0;0;0;0;0;0;0;0;0;2946;0;0;0;0;0;0;
34036;3912658;551313408;38387712;495190016;0;0;0;0;0;0;0;0;0;0;0;2705;0;0;0;0;0;0;
34037;4437853;551313408;38387712;495190016;0;0;0;0;0;0;0;0;0;0;0;2355;0;0;0;0;0;0;
34038;3913028;551313408;38387712;495190016;0;0;0;0;0;0;0;0;0;0;0;3957;0;0;0;0;0;0;
34039;4754336;551313408;38387712;495190016;0;0;0;0;0;0;0;0;0;0;0;3887;0;0;0;0;0;0;
34040;4015491;551313408;38387712;495190016;0;0;0;0;0;0;0;0;0;0;0;3817;0;0;0;0;0;0;
34041;4981302;551313408;38387712;495190016;0;0;0;0;0;0;0;0;0;0;0;3767;0;0;0;0;0;0;
34042;4034917;551313408;38387712;495190016;0;0;0;0;0;0;0;0;0;0;0;4208;0;0;0;0;0;0;
34043;4760307;551313408;38387712;495190016;0;0;0;0;0;0;0;0;0;0;0;3737;0;0;0;0;0;0;
34044;4454605;551313408;38387712;495190016;0;0;0;0;0;0;0;0;0;0;0;4028;0;0;0;0;0;0;
34045;4959631;551313408;38387712;495190016;0;0;0;0;0;0;0;0;0;0;0;3627;0;0;0;0;0;0;
34046;4079491;551313408;38387712;495190016;0;0;0;0;0;0;0;0;0;0;0;3236;0;0;0;0;0;0;
34047;4911451;551313408;38387712;495190016;0;0;0;0;0;0;0;0;0;0;0;2916;0;0;0;0;0;0;
34048;4121510;551313408;38387712;495190016;0;0;0;0;0;0;0;0;0;0;0;3306;0;0;0;0;0;0;
34049;4886153;551313408;38387712;495190016;0;0;0;0;0;0;0;0;0;0;0;2995;0;0;0;0;0;0;
34050;4047090;551313408;38387712;495190016;0;0;0;0;0;0;0;0;0;0;0;3547;0;0;0;0;0;0;
34051;4807767;551313408;38387712;495190016;0;0;0;0;0;0;0;0;0;0;0;3456;0;0;0;0;0;0;
34052;3910343;551313408;38387712;495190016;0;0;0;0;0;0;0;0;0;0;0;3928;0;0;0;0;0;0;
34053;4891784;551313408;38387712;495190016;0;0;0;0;0;0;0;0;0;0;0;3767;0;0;0;0;0;0;
34054;3490676;551313408;38387712;495190016;0;0;0;0;0;0;0;0;0;0;0;2715;0;0;0;0;0;0;
34055;4477226;551313408;38387712;495190016;0;0;0;0;0;0;0;0;0;0;0;2966;0;0;0;0;0;0;
34056;2976381;551313408;38387712;495190016;0;0;0;0;0;0;0;0;0;0;0;2806;0;0;0;0;0;0;
34057;4583395;551313408;38387712;495190016;0;0;0;0;0;0;0;0;0;0;0;3577;0;0;0;0;0;0;
34058;2982464;551313408;38387712;495190016;0;0;0;0;0;0;0;0;0;0;0;3136;0;0;0;0;0;0;
34059;4625905;551313408;38387712;495190016;0;0;0;0;0;0;0;0;0;0;0;2765;0;0;0;0;0;0;
34060;2885923;551313408;38387712;495190016;0;0;0;0;0;0;0;0;0;0;0;2785;0;0;0;0;0;0;
34061;4640814;551313408;38387712;495190016;0;0;0;0;0;0;0;0;0;0;0;2585;0;0;0;0;0;0;
34062;3883994;551313408;38387712;495190016;0;0;0;0;0;0;0;0;0;0;0;4107;0;0;0;0;0;0;
34063;4947348;551313408;38387712;495190016;0;0;0;0;0;0;0;0;0;0;0;3897;0;0;0;0;0;0;
34064;3905183;551313408;38387712;495190016;0;0;0;0;0;0;0;0;0;0;0;3767;0;0;0;0;0;0;
34065;4772991;551313408;38387712;495190016;0;0;0;0;0;0;0;0;0;0;0;3887;0;0;0;0;0;0;
34066;4107152;551313408;38387712;495190016;0;0;0;0;0;0;0;0;0;0;0;3356;0;0;0;0;0;0;
34067;5042657;551313408;38395904;495198208;0;0;0;0;0;0;0;0;0;0;0;4439;0;0;0;0;0;0;
34068;4261121;551313408;38395904;495198208;0;0;0;0;0;0;0;0;0;0;0;3978;0;0;0;0;0;0;
34069;4662344;551313408;38395904;495198208;0;0;0;0;0;0;0;0;0;0;0;3566;0;0;0;0;0;0;
34070;3863455;551313408;38395904;495198208;0;0;0;0;0;0;0;0;0;0;0;3757;0;0;0;0;0;0;
34071;4951246;551313408;38395904;495198208;0;0;0;0;0;0;0;0;0;0;0;3306;0;0;0;0;0;0;
34072;3934539;551313408;38395904;495198208;0;0;0;0;0;0;0;0;0;0;0;3997;0;0;0;0;0;0;
34073;4846399;551313408;38395904;495198208;0;0;0;0;0;0;0;0;0;0;0;3787;0;0;0;0;0;0;
34074;4133923;551333888;38387712;495190016;0;0;0;0;0;0;0;0;0;0;0;3907;0;0;0;0;0;0;
34075;4823176;551333888;38387712;495190016;0;0;0;0;0;0;0;0;0;0;0;3416;0;0;0;0;0;0;
34076;4177244;551333888;38387712;495190016;0;0;0;0;0;0;0;0;0;0;0;3817;0;0;0;0;0;0;
34077;4838634;551333888;38387712;495190016;0;0;0;0;0;0;0;0;0;0;0;3497;0;0;0;0;0;0;
34078;4058100;551333888;38387712;495190016;0;0;0;0;0;0;0;0;0;0;0;3557;0;0;0;0;0;0;
34079;4800192;551333888;38387712;495190016;0;0;0;0;0;0;0;0;0;0;0;3647;0;0;0;0;0;0;
34080;3809494;551333888;38387712;495190016;0;0;0;0;0;0;0;0;0;0;0;3898;0;0;0;0;0;0;
34081;4871606;551333888;38387712;495190016;0;0;0;0;0;0;0;0;0;0;0;3407;0;0;0;0;0;0;
34082;3994872;551333888;38387712;495190016;0;0;0;0;0;0;0;0;0;0;0;3878;0;0;0;0;0;0;
34083;4957978;551333888;38387712;495190016;0;0;0;0;0;0;0;0;0;0;0;3807;0;0;0;0;0;0;
34084;4099959;551333888;38387712;495190016;0;0;0;0;0;0;0;0;0;0;0;4288;0;0;0;0;0;0;
34085;4828816;551333888;38387712;495190016;0;0;0;0;0;0;0;0;0;0;0;3857;0;0;0;0;0;0;
34086;4095451;551333888;38387712;495190016;0;0;0;0;0;0;0;0;0;0;0;4128;0;0;0;0;0;0;
34087;4773382;551333888;38387712;495190016;0;0;0;0;0;0;0;0;0;0;0;3968;0;0;0;0;0;0;
34088;3613156;551333888;38387712;495190016;0;0;0;0;0;0;0;0;0;0;0;2655;0;0;0;0;0;0;
34089;4466757;551333888;38387712;495190016;0;0;0;0;0;0;0;0;0;0;0;3005;0;0;0;0;0;0;
34090;2954390;551333888;38387712;495190016;0;0;0;0;0;0;0;0;0;0;0;3947;0;0;0;0;0;0;
34091;4538681;551333888;38387712;495190016;0;0;0;0;0;0;0;0;0;0;0;2835;0;0;0;0;0;0;
34092;2829907;551333888;38387712;495190016;0;0;0;0;0;0;0;0;0;0;0;3096;0;0;0;0;0;0;
34093;4560002;551333888;38387712;495190016;0;0;0;0;0;0;0;0;0;0;0;2965;0;0;0;0;0;0;
34094;2902173;551333888;38387712;495190016;0;0;0;0;0;0;0;0;0;0;0;3006;0;0;0;0;0;0;
34095;4550284;551333888;38387712;495190016;0;0;0;0;0;0;0;0;0;0;0;2955;0;0;0;0;0;0;
34096;2778682;551333888;38387712;495190016;0;0;0;0;0;0;0;0;0;0;0;3166;0;0;0;0;0;0;
34097;4497454;551333888;38387712;495190016;0;0;0;0;0;0;0;0;0;0;0;2735;0;0;0;0;0;0;
34098;2981221;551333888;38387712;495190016;0;0;0;0;0;0;0;0;0;0;0;2815;0;0;0;0;0;0;
34099;4577154;551333888;38387712;495190016;0;0;0;0;0;0;0;0;0;0;0;2624;0;0;0;0;0;0;
34100;3139588;551333888;38387712;495190016;0;0;0;0;0;0;0;0;0;0;0;3867;0;0;0;0;0;0;
34101;4466987;551333888;38387712;495190016;0;0;0;0;0;0;0;0;0;0;0;2625;0;0;0;0;0;0;
34102;3073023;551333888;38387712;495190016;0;0;0;0;0;0;0;0;0;0;0;3006;0;0;0;0;0;0;
34103;4507343;551333888;38387712;495190016;0;0;0;0;0;0;0;0;0;0;0;2725;0;0;0;0;0;0;
34104;3266506;551333888;38387712;495190016;0;0;0;0;0;0;0;0;0;0;0;2795;0;0;0;0;0;0;
34105;4422284;551333888;38387712;495190016;0;0;0;0;0;0;0;0;0;0;0;2464;0;0;0;0;0;0;
34106;2896522;551333888;38387712;495190016;0;0;0;0;0;0;0;0;0;0;0;3196;0;0;0;0;0;0;
34107;4474471;551333888;38387712;495190016;0;0;0;0;0;0;0;0;0;0;0;2495;0;0;0;0;0;0;
34108;3150829;551333888;38387712;495190016;0;0;0;0;0;0;0;0;0;0;0;2946;0;0;0;0;0;0;
34109;4465013;551333888;38387712;495190016;0;0;0;0;0;0;0;0;0;0;0;2945;0;0;0;0;0;0;
34110;2998764;551333888;38387712;495190016;0;0;0;0;0;0;0;0;0;0;0;3386;0;0;0;0;0;0;
34111;4433885;551333888;38387712;495190016;0;0;0;0;0;0;0;0;0;0;0;3317;0;0;0;0;0;0;
34112;3346246;551333888;38387712;495190016;0;0;0;0;0;0;0;0;0;0;0;3116;0;0;0;0;0;0;
34113;4517933;551333888;38387712;495190016;0;0;0;0;0;0;0;0;0;0;0;2956;0;0;0;0;0;0;
34114;2801203;551333888;38387712;495190016;0;0;0;0;0;0;0;0;0;0;0;3196;0;0;0;0;0;0;
34115;4656212;551333888;38387712;495190016;0;0;0;0;0;0;0;0;0;0;0;2986;0;0;0;0;0;0;
34116;2892525;551333888;38387712;495190016;0;0;0;0;0;0;0;0;0;0;0;3095;0;0;0;0;0;0;
34117;4520988;551333888;38387712;495190016;0;0;0;0;0;0;0;0;0;0;0;2675;0;0;0;0;0;0;
34118;2845547;551333888;38387712;495190016;0;0;0;0;0;0;0;0;0;0;0;2975;0;0;0;0;0;0;
34119;4449815;551333888;38387712;495190016;0;0;0;0;0;0;0;0;0;0;0;2825;0;0;0;0;0;0;
34120;3310258;551333888;38387712;495190016;0;0;0;0;0;0;0;0;0;0;0;3517;0;0;0;0;0;0;
34121;4406293;551333888;38387712;495190016;0;0;0;0;0;0;0;0;0;0;0;2645;0;0;0;0;0;0;
34122;2893676;551333888;38387712;495190016;0;0;0;0;0;0;0;0;0;0;0;2925;0;0;0;0;0;0;
34123;4410832;551333888;38387712;495190016;0;0;0;0;0;0;0;0;0;0;0;2865;0;0;0;0;0;0;
34124;3024793;551333888;38387712;495190016;0;0;0;0;0;0;0;0;0;0;0;3266;0;0;0;0;0;0;
34125;4548260;551333888;38387712;495190016;0;0;0;0;0;0;0;0;0;0;0;3196;0;0;0;0;0;0;
34126;2860765;551333888;38387712;495190016;0;0;0;0;0;0;0;0;0;0;0;3437;0;0;0;0;0;0;
34127;4682732;551333888;38387712;495190016;0;0;0;0;0;0;0;0;0;0;0;2836;0;0;0;0;0;0;
34128;3580024;551333888;38387712;495190016;0;0;0;0;0;0;0;0;0;0;0;3858;0;0;0;0;0;0;
34129;4737123;551333888;38387712;495190016;0;0;0;0;0;0;0;0;0;0;0;3887;0;0;0;0;0;0;
34130;4029307;551333888;38387712;495190016;0;0;0;0;0;0;0;0;0;0;0;4528;0;0;0;0;0;0;
34131;4847210;551333888;38387712;495190016;0;0;0;0;0;0;0;0;0;0;0;3467;0;0;0;0;0;0;
34132;4026180;551333888;38387712;495190016;0;0;0;0;0;0;0;0;0;0;0;3897;0;0;0;0;0;0;
34133;4697270;551333888;38387712;495190016;0;0;0;0;0;0;0;0;0;0;0;3597;0;0;0;0;0;0;
34134;3894614;551333888;38387712;495190016;0;0;0;0;0;0;0;0;0;0;0;3898;0;0;0;0;0;0;
34135;4904017;551333888;38387712;495190016;0;0;0;0;0;0;0;0;0;0;0;3627;0;0;0;0;0;0;
34136;4344437;551333888;38387712;495190016;0;0;0;0;0;0;0;0;0;0;0;4038;0;0;0;0;0;0;
34137;4905470;551333888;38387712;495190016;0;0;0;0;0;0;0;0;0;0;0;3687;0;0;0;0;0;0;
34138;4149682;551333888;38387712;495190016;0;0;0;0;0;0;0;0;0;0;0;4419;0;0;0;0;0;0;
34139;4725131;551333888;38387712;495190016;0;0;0;0;0;0;0;0;0;0;0;3948;0;0;0;0;0;0;
34140;4086794;551333888;38387712;495190016;0;0;0;0;0;0;0;0;0;0;0;4168;0;0;0;0;0;0;
34141;4822434;551333888;38387712;495190016;0;0;0;0;0;0;0;0;0;0;0;3306;0;0;0;0;0;0;
34142;3986587;551333888;38387712;495190016;0;0;0;0;0;0;0;0;0;0;0;4228;0;0;0;0;0;0;
34143;4713038;551333888;38387712;495190016;0;0;0;0;0;0;0;0;0;0;0;3987;0;0;0;0;0;0;
34144;4341682;551333888;38387712;495190016;0;0;0;0;0;0;0;0;0;0;0;3056;0;0;0;0;0;0;
34145;4590438;551333888;38387712;495190016;0;0;0;0;0;0;0;0;0;0;0;3096;0;0;0;0;0;0;
34146;3065138;551333888;38387712;495190016;0;0;0;0;0;0;0;0;0;0;0;3536;0;0;0;0;0;0;
34147;4563859;551333888;38387712;495190016;0;0;0;0;0;0;0;0;0;0;0;2735;0;0;0;0;0;0;
34148;2914396;551333888;38387712;495190016;0;0;0;0;0;0;0;0;0;0;0;3426;0;0;0;0;0;0;
34149;4413297;551333888;38387712;495190016;0;0;0;0;0;0;0;0;0;0;0;2665;0;0;0;0;0;0;
34150;2947127;551333888;38387712;495190016;0;0;0;0;0;0;0;0;0;0;0;2935;0;0;0;0;0;0;
34151;4914146;551333888;38387712;495190016;0;0;0;0;0;0;0;0;0;0;0;3206;0;0;0;0;0;0;
34152;3361043;551333888;38387712;495190016;0;0;0;0;0;0;0;0;0;0;0;2755;0;0;0;0;0;0;
34153;4524065;551333888;38387712;495190016;0;0;0;0;0;0;0;0;0;0;0;3136;0;0;0;0;0;0;
34154;2890540;551333888;38387712;495190016;0;0;0;0;0;0;0;0;0;0;0;3236;0;0;0;0;0;0;
34155;4538061;551333888;38387712;495190016;0;0;0;0;0;0;0;0;0;0;0;2935;0;0;0;0;0;0;
34156;2833113;551333888;38387712;495190016;0;0;0;0;0;0;0;0;0;0;0;3416;0;0;0;0;0;0;
34157;4416002;551333888;38387712;495190016;0;0;0;0;0;0;0;0;0;0;0;2705;0;0;0;0;0;0;
34158;2830919;551333888;38387712;495190016;0;0;0;0;0;0;0;0;0;0;0;3577;0;0;0;0;0;0;
34159;4537219;551333888;38387712;495190016;0;0;0;0;0;0;0;0;0;0;0;2905;0;0;0;0;0;0;
34160;3665495;551333888;38387712;495190016;0;0;0;0;0;0;0;0;0;0;0;3747;0;0;0;0;0;0;
34161;5050311;551333888;38387712;495190016;0;0;0;0;0;0;0;0;0;0;0;3477;0;0;0;0;0;0;
34162;3811137;551333888;38387712;495190016;0;0;0;0;0;0;0;0;0;0;0;3626;0;0;0;0;0;0;
34163;4734088;551333888;38387712;495190016;0;0;0;0;0;0;0;0;0;0;0;3747;0;0;0;0;0;0;
34164;4234000;551333888;38387712;495190016;0;0;0;0;0;0;0;0;0;0;0;3957;0;0;0;0;0;0;
34165;4747153;551333888;38387712;495190016;0;0;0;0;0;0;0;0;0;0;0;3366;0;0;0;0;0;0;
34166;4117512;551333888;38387712;495190016;0;0;0;0;0;0;0;0;0;0;0;3937;0;0;0;0;0;0;
34167;5128709;551333888;38387712;495190016;0;0;0;0;0;0;0;0;0;0;0;3627;0;0;0;0;0;0;
34168;4271411;551333888;38387712;495190016;0;0;0;0;0;0;0;0;0;0;0;4108;0;0;0;0;0;0;
34169;4977044;551333888;38387712;495190016;0;0;0;0;0;0;0;0;0;0;0;4157;0;0;0;0;0;0;
34170;4202391;551333888;38387712;495190016;0;0;0;0;0;0;0;0;0;0;0;3517;0;0;0;0;0;0;
34171;4925006;551333888;38387712;495190016;0;0;0;0;0;0;0;0;0;0;0;3657;0;0;0;0;0;0;
34172;4088157;551333888;38387712;495190016;0;0;0;0;0;0;0;0;0;0;0;3947;0;0;0;0;0;0;
34173;4974950;551333888;38387712;495190016;0;0;0;0;0;0;0;0;0;0;0;3457;0;0;0;0;0;0;
34174;4001684;551333888;38387712;495190016;0;0;0;0;0;0;0;0;0;0;0;3657;0;0;0;0;0;0;
34175;4747333;551333888;38387712;495190016;0;0;0;0;0;0;0;0;0;0;0;3276;0;0;0;0;0;0;
34176;3957502;551333888;38387712;495190016;0;0;0;0;0;0;0;0;0;0;0;4038;0;0;0;0;0;0;
34177;4826963;551333888;38387712;495190016;0;0;0;0;0;0;0;0;0;0;0;3316;0;0;0;0;0;0;
34178;4096582;551333888;38387712;495190016;0;0;0;0;0;0;0;0;0;0;0;4318;0;0;0;0;0;0;
34179;4859984;551333888;38387712;495190016;0;0;0;0;0;0;0;0;0;0;0;3837;0;0;0;0;0;0;
34180;3890326;551333888;38387712;495190016;0;0;0;0;0;0;0;0;0;0;0;4107;0;0;0;0;0;0;
34181;4738697;551333888;38387712;495190016;0;0;0;0;0;0;0;0;0;0;0;3777;0;0;0;0;0;0;
34182;4050897;551333888;38387712;495190016;0;0;0;0;0;0;0;0;0;0;0;3807;0;0;0;0;0;0;
34183;4910128;551333888;38387712;495190016;0;0;0;0;0;0;0;0;0;0;0;3597;0;0;0;0;0;0;
34184;3950799;551333888;38387712;495190016;0;0;0;0;0;0;0;0;0;0;0;3987;0;0;0;0;0;0;
34185;4698592;551333888;38387712;495190016;0;0;0;0;0;0;0;0;0;0;0;3717;0;0;0;0;0;0;
34186;4018617;551333888;38387712;495190016;0;0;0;0;0;0;0;0;0;0;0;3988;0;0;0;0;0;0;
34187;5067624;551333888;38387712;495190016;0;0;0;0;0;0;0;0;0;0;0;3717;0;0;0;0;0;0;
34188;4352463;551333888;38387712;495190016;0;0;0;0;0;0;0;0;0;0;0;4348;0;0;0;0;0;0;
34189;4696779;551333888;38387712;495190016;0;0;0;0;0;0;0;0;0;0;0;3587;0;0;0;0;0;0;
34190;3871651;551333888;38387712;495190016;0;0;0;0;0;0;0;0;0;0;0;3927;0;0;0;0;0;0;
34191;4909387;551333888;38387712;495190016;0;0;0;0;0;0;0;0;0;0;0;3406;0;0;0;0;0;0;
34192;4199676;551333888;38387712;495190016;0;0;0;0;0;0;0;0;0;0;0;4309;0;0;0;0;0;0;
34193;4898547;551333888;38387712;495190016;0;0;0;0;0;0;0;0;0;0;0;3256;0;0;0;0;0;0;
34194;4084390;551333888;38387712;495190016;0;0;0;0;0;0;0;0;0;0;0;4168;0;0;0;0;0;0;
34195;4834607;551333888;38387712;495190016;0;0;0;0;0;0;0;0;0;0;0;3868;0;0;0;0;0;0;
34196;4023806;551333888;38387712;495190016;0;0;0;0;0;0;0;0;0;0;0;3917;0;0;0;0;0;0;
34197;4881364;551333888;38387712;495190016;0;0;0;0;0;0;0;0;0;0;0;4148;0;0;0;0;0;0;
34198;4093347;551333888;38387712;495190016;0;0;0;0;0;0;0;0;0;0;0;3797;0;0;0;0;0;0;
34199;4840638;551333888;38387712;495190016;0;0;0;0;0;0;0;0;0;0;0;4178;0;0;0;0;0;0;
34200;3980004;551333888;38387712;495190016;0;0;0;0;0;0;0;0;0;0;0;4228;0;0;0;0;0;0;
34201;4785244;551333888;38387712;495190016;0;0;0;0;0;0;0;0;0;0;0;3757;0;0;0;0;0;0;
34202;3896498;551333888;38387712;495190016;0;0;0;0;0;0;0;0;0;0;0;3627;0;0;0;0;0;0;
34203;4881535;551333888;38387712;495190016;0;0;0;0;0;0;0;0;0;0;0;3626;0;0;0;0;0;0;
34204;3814463;551333888;38387712;495190016;0;0;0;0;0;0;0;0;0;0;0;3817;0;0;0;0;0;0;
34205;4824227;551333888;38387712;495190016;0;0;0;0;0;0;0;0;0;0;0;3867;0;0;0;0;0;0;
34206;3856352;551333888;38387712;495190016;0;0;0;0;0;0;0;0;0;0;0;3657;0;0;0;0;0;0;
34207;4901282;551333888;38387712;495190016;0;0;0;0;0;0;0;0;0;0;0;3597;0;0;0;0;0;0;
34208;2952497;551333888;38387712;495190016;0;0;0;0;0;0;0;0;0;0;0;3426;0;0;0;0;0;0;
34209;4726244;551333888;38387712;495190016;0;0;0;0;0;0;0;0;0;0;0;2615;0;0;0;0;0;0;
34210;3360022;551333888;38387712;495190016;0;0;0;0;0;0;0;0;0;0;0;3717;0;0;0;0;0;0;
34211;4892225;551333888;38387712;495190016;0;0;0;0;0;0;0;0;0;0;0;3918;0;0;0;0;0;0;
34212;4047140;551333888;38387712;495190016;0;0;0;0;0;0;0;0;0;0;0;3957;0;0;0;0;0;0;
34213;4787148;551333888;38387712;495190016;0;0;0;0;0;0;0;0;0;0;0;3346;0;0;0;0;0;0;
34214;3901457;551333888;38387712;495190016;0;0;0;0;0;0;0;0;0;0;0;3857;0;0;0;0;0;0;
34215;4768142;551333888;38387712;495190016;0;0;0;0;0;0;0;0;0;0;0;3337;0;0;0;0;0;0;
34216;4084059;551333888;38387712;495190016;0;0;0;0;0;0;0;0;0;0;0;3887;0;0;0;0;0;0;
34217;4823186;551333888;38387712;495190016;0;0;0;0;0;0;0;0;0;0;0;3446;0;0;0;0;0;0;
34218;3792823;551333888;38387712;495190016;0;0;0;0;0;0;0;0;0;0;0;4368;0;0;0;0;0;0;
34219;4707067;551333888;38387712;495190016;0;0;0;0;0;0;0;0;0;0;0;3838;0;0;0;0;0;0;
34220;2937188;551333888;38387712;495190016;0;0;0;0;0;0;0;0;0;0;0;3166;0;0;0;0;0;0;
34221;4624783;551333888;38387712;495190016;0;0;0;0;0;0;0;0;0;0;0;3125;0;0;0;0;0;0;
34222;2799761;551333888;38387712;495190016;0;0;0;0;0;0;0;0;0;0;0;2665;0;0;0;0;0;0;
34223;4594106;551333888;38387712;495190016;0;0;0;0;0;0;0;0;0;0;0;2856;0;0;0;0;0;0;
34224;2882115;551333888;38387712;495190016;0;0;0;0;0;0;0;0;0;0;0;3035;0;0;0;0;0;0;
34225;4544904;551333888;38387712;495190016;0;0;0;0;0;0;0;0;0;0;0;2595;0;0;0;0;0;0;
34226;2842190;551333888;38387712;495190016;0;0;0;0;0;0;0;0;0;0;0;3467;0;0;0;0;0;0;
34227;4446119;551333888;38387712;495190016;0;0;0;0;0;0;0;0;0;0;0;2846;0;0;0;0;0;0;
34228;2793849;551333888;38387712;495190016;0;0;0;0;0;0;0;0;0;0;0;2805;0;0;0;0;0;0;
34229;4476595;551333888;38387712;495190016;0;0;0;0;0;0;0;0;0;0;0;2544;0;0;0;0;0;0;
34230;11885199;551333888;38387712;495190016;0;0;0;0;0;0;0;0;0;0;0;3647;0;0;0;0;0;0;
34231;4638448;551333888;38387712;495190016;0;0;0;0;0;0;0;0;0;0;0;2795;0;0;0;0;0;0;
34232;3744843;551333888;38387712;495190016;0;0;0;0;0;0;0;0;0;0;0;4489;0;0;0;0;0;0;
34233;4782328;551333888;38387712;495190016;0;0;0;0;0;0;0;0;0;0;0;3667;0;0;0;0;0;0;
34234;4226927;551333888;38387712;495190016;0;0;0;0;0;0;0;0;0;0;0;3867;0;0;0;0;0;0;
34235;4613953;551333888;38387712;495190016;0;0;0;0;0;0;0;0;0;0;0;3416;0;0;0;0;0;0;
34236;4107102;551333888;38387712;495190016;0;0;0;0;0;0;0;0;0;0;0;4328;0;0;0;0;0;0;
34237;4761490;551333888;38387712;495190016;0;0;0;0;0;0;0;0;0;0;0;3406;0;0;0;0;0;0;
34238;3902479;551333888;38387712;495190016;0;0;0;0;0;0;0;0;0;0;0;4128;0;0;0;0;0;0;
34239;5327040;551333888;38387712;495190016;0;0;0;0;0;0;0;0;0;0;0;4177;0;0;0;0;0;0;
34240;3918609;551333888;38387712;495190016;0;0;0;0;0;0;0;0;0;0;0;3807;0;0;0;0;0;0;
34241;4843132;551333888;38387712;495190016;0;0;0;0;0;0;0;0;0;0;0;3967;0;0;0;0;0;0;
34242;4221768;551333888;38387712;495190016;0;0;0;0;0;0;0;0;0;0;0;4438;0;0;0;0;0;0;
34243;4742875;551333888;38387712;495190016;0;0;0;0;0;0;0;0;0;0;0;3537;0;0;0;0;0;0;
34244;3947523;551333888;38387712;495190016;0;0;0;0;0;0;0;0;0;0;0;3887;0;0;0;0;0;0;
34245;4690026;551333888;38387712;495190016;0;0;0;0;0;0;0;0;0;0;0;3547;0;0;0;0;0;0;
34246;3868134;551333888;38387712;495190016;0;0;0;0;0;0;0;0;0;0;0;3958;0;0;0;0;0;0;
34247;4731864;551333888;38387712;495190016;0;0;0;0;0;0;0;0;0;0;0;4178;0;0;0;0;0;0;
34248;3866270;551333888;38387712;495190016;0;0;0;0;0;0;0;0;0;0;0;4148;0;0;0;0;0;0;
34249;4625605;551333888;38387712;495190016;0;0;0;0;0;0;0;0;0;0;0;3727;0;0;0;0;0;0;
34250;3774970;551333888;38387712;495190016;0;0;0;0;0;0;0;0;0;0;0;4468;0;0;0;0;0;0;
34251;4857740;551333888;38387712;495190016;0;0;0;0;0;0;0;0;0;0;0;3747;0;0;0;0;0;0;
34252;4311466;551333888;38387712;495190016;0;0;0;0;0;0;0;0;0;0;0;4027;0;0;0;0;0;0;
34253;4882737;551333888;38387712;495190016;0;0;0;0;0;0;0;0;0;0;0;3877;0;0;0;0;0;0;
34254;3929820;551333888;38387712;495190016;0;0;0;0;0;0;0;0;0;0;0;3958;0;0;0;0;0;0;
34255;4844866;551333888;38387712;495190016;0;0;0;0;0;0;0;0;0;0;0;3828;0;0;0;0;0;0;
34256;3867914;551333888;38387712;495190016;0;0;0;0;0;0;0;0;0;0;0;3968;0;0;0;0;0;0;
34257;4736983;551333888;38387712;495190016;0;0;0;0;0;0;0;0;0;0;0;3827;0;0;0;0;0;0;
34258;4059864;551333888;38387712;495190016;0;0;0;0;0;0;0;0;0;0;0;4047;0;0;0;0;0;0;
34259;4823115;551333888;38387712;495190016;0;0;0;0;0;0;0;0;0;0;0;4148;0;0;0;0;0;0;
34260;4103946;551333888;38387712;495190016;0;0;0;0;0;0;0;0;0;0;0;3787;0;0;0;0;0;0;
34261;5062774;551333888;38387712;495190016;0;0;0;0;0;0;0;0;0;0;0;3847;0;0;0;0;0;0;
34262;4117191;551333888;38387712;495190016;0;0;0;0;0;0;0;0;0;0;0;4609;0;0;0;0;0;0;
34263;4811663;551333888;38387712;495190016;0;0;0;0;0;0;0;0;0;0;0;3677;0;0;0;0;0;0;
34264;3886539;551333888;38387712;495190016;0;0;0;0;0;0;0;0;0;0;0;3908;0;0;0;0;0;0;
34265;4814459;551333888;38387712;495190016;0;0;0;0;0;0;0;0;0;0;0;4238;0;0;0;0;0;0;
34266;3764450;551333888;38387712;495190016;0;0;0;0;0;0;0;0;0;0;0;4228;0;0;0;0;0;0;
34267;4852992;551333888;38387712;495190016;0;0;0;0;0;0;0;0;0;0;0;3887;0;0;0;0;0;0;
34268;3862624;551333888;38387712;495190016;0;0;0;0;0;0;0;0;0;0;0;3737;0;0;0;0;0;0;
34269;4786817;551333888;38387712;495190016;0;0;0;0;0;0;0;0;0;0;0;4258;0;0;0;0;0;0;
34270;3942684;551333888;38387712;495190016;0;0;0;0;0;0;0;0;0;0;0;4018;0;0;0;0;0;0;
34271;4745079;551333888;38387712;495190016;0;0;0;0;0;0;0;0;0;0;0;3516;0;0;0;0;0;0;
34272;4058121;551333888;38387712;495190016;0;0;0;0;0;0;0;0;0;0;0;4428;0;0;0;0;0;0;
34273;4782479;551333888;38387712;495190016;0;0;0;0;0;0;0;0;0;0;0;3586;0;0;0;0;0;0;
34274;3206724;551333888;38387712;495190016;0;0;0;0;0;0;0;0;0;0;0;2886;0;0;0;0;0;0;
34275;4762622;551333888;38387712;495190016;0;0;0;0;0;0;0;0;0;0;0;2836;0;0;0;0;0;0;
34276;4087525;551333888;38387712;495190016;0;0;0;0;0;0;0;0;0;0;0;4138;0;0;0;0;0;0;
34277;4817384;551333888;38387712;495190016;0;0;0;0;0;0;0;0;0;0;0;4168;0;0;0;0;0;0;
34278;4072016;551333888;38387712;495190016;0;0;0;0;0;0;0;0;0;0;0;4228;0;0;0;0;0;0;
34279;4845837;551333888;38387712;495190016;0;0;0;0;0;0;0;0;0;0;0;3647;0;0;0;0;0;0;
34280;3875448;551333888;38387712;495190016;0;0;0;0;0;0;0;0;0;0;0;4108;0;0;0;0;0;0;
34281;4807586;551333888;38387712;495190016;0;0;0;0;0;0;0;0;0;0;0;4028;0;0;0;0;0;0;
34282;4082416;551333888;38387712;495190016;0;0;0;0;0;0;0;0;0;0;0;3386;0;0;0;0;0;0;
34283;4698512;551333888;38387712;495190016;0;0;0;0;0;0;0;0;0;0;0;3006;0;0;0;0;0;0;
34284;3223546;551333888;38387712;495190016;0;0;0;0;0;0;0;0;0;0;0;3407;0;0;0;0;0;0;
34285;4453302;551333888;38387712;495190016;0;0;0;0;0;0;0;0;0;0;0;2985;0;0;0;0;0;0;
34286;2921859;551333888;38387712;495190016;0;0;0;0;0;0;0;0;0;0;0;3386;0;0;0;0;0;0;
34287;4462830;551333888;38387712;495190016;0;0;0;0;0;0;0;0;0;0;0;3136;0;0;0;0;0;0;
34288;3564424;551333888;38387712;495190016;0;0;0;0;0;0;0;0;0;0;0;3827;0;0;0;0;0;0;
34289;4418897;551333888;38387712;495190016;0;0;0;0;0;0;0;0;0;0;0;3317;0;0;0;0;0;0;
34290;2901712;551333888;38387712;495190016;0;0;0;0;0;0;0;0;0;0;0;3397;0;0;0;0;0;0;
34291;4464292;551333888;38387712;495190016;0;0;0;0;0;0;0;0;0;0;0;2705;0;0;0;0;0;0;
34292;2811183;551333888;38387712;495190016;0;0;0;0;0;0;0;0;0;0;0;3175;0;0;0;0;0;0;
34293;4629602;551333888;38387712;495190016;0;0;0;0;0;0;0;0;0;0;0;2505;0;0;0;0;0;0;
34294;2819247;551333888;38387712;495190016;0;0;0;0;0;0;0;0;0;0;0;3196;0;0;0;0;0;0;
34295;4544162;551333888;38387712;495190016;0;0;0;0;0;0;0;0;0;0;0;2695;0;0;0;0;0;0;
34296;2822834;551333888;38387712;495190016;0;0;0;0;0;0;0;0;0;0;0;2936;0;0;0;0;0;0;
34297;4559191;551333888;38387712;495190016;0;0;0;0;0;0;0;0;0;0;0;2605;0;0;0;0;0;0;
34298;2802596;551333888;38387712;495190016;0;0;0;0;0;0;0;0;0;0;0;2915;0;0;0;0;0;0;
34299;4779182;551333888;38387712;495190016;0;0;0;0;0;0;0;0;0;0;0;2535;0;0;0;0;0;0;
34300;3204450;551333888;38387712;495190016;0;0;0;0;0;0;0;0;0;0;0;3126;0;0;0;0;0;0;
34301;4445868;551333888;38387712;495190016;0;0;0;0;0;0;0;0;0;0;0;2645;0;0;0;0;0;0;
34302;2900319;551333888;38387712;495190016;0;0;0;0;0;0;0;0;0;0;0;2695;0;0;0;0;0;0;
34303;4642917;551333888;38387712;495190016;0;0;0;0;0;0;0;0;0;0;0;2364;0;0;0;0;0;0;
34304;2721534;551333888;38387712;495190016;0;0;0;0;0;0;0;0;0;0;0;2766;0;0;0;0;0;0;
34305;4619043;551333888;38395904;495198208;0;0;0;0;0;0;0;0;0;0;0;3116;0;0;0;0;0;0;
34306;2654278;551333888;38395904;495198208;0;0;0;0;0;0;0;0;0;0;0;2624;0;0;0;0;0;0;
34307;4610426;551333888;38395904;495198208;0;0;0;0;0;0;0;0;0;0;0;2535;0;0;0;0;0;0;
34308;2963839;551333888;38395904;495198208;0;0;0;0;0;0;0;0;0;0;0;2816;0;0;0;0;0;0;
34309;4462839;551333888;38395904;495198208;0;0;0;0;0;0;0;0;0;0;0;2545;0;0;0;0;0;0;
34310;2884119;551333888;38395904;495198208;0;0;0;0;0;0;0;0;0;0;0;2715;0;0;0;0;0;0;
34311;4554993;551333888;38395904;495198208;0;0;0;0;0;0;0;0;0;0;0;2444;0;0;0;0;0;0;
34312;3571087;551374848;38387712;495190016;0;0;0;0;0;0;0;0;0;0;0;3566;0;0;0;0;0;0;
34313;4720653;551374848;38387712;495190016;0;0;0;0;0;0;0;0;0;0;0;3737;0;0;0;0;0;0;
34314;3776582;551374848;38387712;495190016;0;0;0;0;0;0;0;0;0;0;0;4068;0;0;0;0;0;0;
34315;5072072;551374848;38387712;495190016;0;0;0;0;0;0;0;0;0;0;0;3918;0;0;0;0;0;0;
34316;3689088;551374848;38387712;495190016;0;0;0;0;0;0;0;0;0;0;0;4369;0;0;0;0;0;0;
34317;4722437;551374848;38387712;495190016;0;0;0;0;0;0;0;0;0;0;0;3877;0;0;0;0;0;0;
34318;3774058;551374848;38387712;495190016;0;0;0;0;0;0;0;0;0;0;0;3627;0;0;0;0;0;0;
34319;4814649;551374848;38387712;495190016;0;0;0;0;0;0;0;0;0;0;0;3677;0;0;0;0;0;0;
34320;3804515;551374848;38387712;495190016;0;0;0;0;0;0;0;0;0;0;0;3867;0;0;0;0;0;0;
34321;4826782;551374848;38387712;495190016;0;0;0;0;0;0;0;0;0;0;0;3376;0;0;0;0;0;0;
34322;3858567;551374848;38387712;495190016;0;0;0;0;0;0;0;0;0;0;0;3657;0;0;0;0;0;0;
34323;4993705;551374848;38387712;495190016;0;0;0;0;0;0;0;0;0;0;0;3637;0;0;0;0;0;0;
34324;3072102;551374848;38387712;495190016;0;0;0;0;0;0;0;0;0;0;0;3436;0;0;0;0;0;0;
34325;4554721;551374848;38387712;495190016;0;0;0;0;0;0;0;0;0;0;0;2815;0;0;0;0;0;0;
34326;2909126;551374848;38387712;495190016;0;0;0;0;0;0;0;0;0;0;0;2956;0;0;0;0;0;0;
34327;4785114;551374848;38387712;495190016;0;0;0;0;0;0;0;0;0;0;0;2514;0;0;0;0;0;0;
34328;2926529;551374848;38387712;495190016;0;0;0;0;0;0;0;0;0;0;0;3587;0;0;0;0;0;0;
34329;4440968;551374848;38387712;495190016;0;0;0;0;0;0;0;0;0;0;0;2515;0;0;0;0;0;0;
34330;2915918;551374848;38387712;495190016;0;0;0;0;0;0;0;0;0;0;0;2905;0;0;0;0;0;0;
34331;4476645;551374848;38387712;495190016;0;0;0;0;0;0;0;0;0;0;0;2645;0;0;0;0;0;0;
34332;2963949;551374848;38387712;495190016;0;0;0;0;0;0;0;0;0;0;0;3096;0;0;0;0;0;0;
34333;4727496;551374848;38387712;495190016;0;0;0;0;0;0;0;0;0;0;0;2425;0;0;0;0;0;0;
34334;2971703;551374848;38387712;495190016;0;0;0;0;0;0;0;0;0;0;0;2875;0;0;0;0;0;0;
34335;4628270;551374848;38387712;495190016;0;0;0;0;0;0;0;0;0;0;0;2866;0;0;0;0;0;0;
34336;2935225;551374848;38387712;495190016;0;0;0;0;0;0;0;0;0;0;0;3186;0;0;0;0;0;0;
34337;4487746;551374848;38387712;495190016;0;0;0;0;0;0;0;0;0;0;0;3216;0;0;0;0;0;0;
34338;2906261;551374848;38387712;495190016;0;0;0;0;0;0;0;0;0;0;0;3126;0;0;0;0;0;0;
34339;4576963;551374848;38387712;495190016;0;0;0;0;0;0;0;0;0;0;0;3026;0;0;0;0;0;0;
34340;2889689;551374848;38387712;495190016;0;0;0;0;0;0;0;0;0;0;0;3306;0;0;0;0;0;0;
34341;4578897;551374848;38387712;495190016;0;0;0;0;0;0;0;0;0;0;0;3286;0;0;0;0;0;0;
34342;3013211;551374848;38387712;495190016;0;0;0;0;0;0;0;0;0;0;0;2995;0;0;0;0;0;0;
34343;4619653;551374848;38387712;495190016;0;0;0;0;0;0;0;0;0;0;0;2846;0;0;0;0;0;0;
34344;2910558;551374848;38387712;495190016;0;0;0;0;0;0;0;0;0;0;0;3095;0;0;0;0;0;0;
34345;5140620;551374848;38387712;495190016;0;0;0;0;0;0;0;0;0;0;0;2996;0;0;0;0;0;0;
34346;2866215;551374848;38387712;495190016;0;0;0;0;0;0;0;0;0;0;0;3397;0;0;0;0;0;0;
34347;4544523;551374848;38387712;495190016;0;0;0;0;0;0;0;0;0;0;0;2996;0;0;0;0;0;0;
34348;2962817;551374848;38387712;495190016;0;0;0;0;0;0;0;0;0;0;0;3306;0;0;0;0;0;0;
34349;4483949;551374848;38387712;495190016;0;0;0;0;0;0;0;0;0;0;0;2966;0;0;0;0;0;0;
34350;3635879;551374848;38387712;495190016;0;0;0;0;0;0;0;0;0;0;0;4479;0;0;0;0;0;0;
34351;5055150;551374848;38387712;495190016;0;0;0;0;0;0;0;0;0;0;0;3627;0;0;0;0;0;0;
34352;4024357;551374848;38387712;495190016;0;0;0;0;0;0;0;0;0;0;0;3847;0;0;0;0;0;0;
34353;4845347;551374848;38387712;495190016;0;0;0;0;0;0;0;0;0;0;0;3436;0;0;0;0;0;0;
34354;3899553;551374848;38387712;495190016;0;0;0;0;0;0;0;0;0;0;0;3908;0;0;0;0;0;0;
34355;4872478;551374848;38387712;495190016;0;0;0;0;0;0;0;0;0;0;0;3787;0;0;0;0;0;0;
34356;3894393;551374848;38387712;495190016;0;0;0;0;0;0;0;0;0;0;0;4328;0;0;0;0;0;0;
34357;4830138;551374848;38387712;495190016;0;0;0;0;0;0;0;0;0;0;0;3867;0;0;0;0;0;0;
34358;3868886;551374848;38387712;495190016;0;0;0;0;0;0;0;0;0;0;0;3928;0;0;0;0;0;0;
34359;4946567;551374848;38387712;495190016;0;0;0;0;0;0;0;0;0;0;0;3808;0;0;0;0;0;0;
34360;3949416;551374848;38387712;495190016;0;0;0;0;0;0;0;0;0;0;0;4107;0;0;0;0;0;0;
34361;4927081;551374848;38387712;495190016;0;0;0;0;0;0;0;0;0;0;0;3998;0;0;0;0;0;0;
34362;3959406;551374848;38387712;495190016;0;0;0;0;0;0;0;0;0;0;0;3747;0;0;0;0;0;0;
34363;4817114;551374848;38387712;495190016;0;0;0;0;0;0;0;0;0;0;0;3727;0;0;0;0;0;0;
34364;3739523;551374848;38387712;495190016;0;0;0;0;0;0;0;0;0;0;0;4258;0;0;0;0;0;0;
34365;4591882;551374848;38387712;495190016;0;0;0;0;0;0;0;0;0;0;0;2986;0;0;0;0;0;0;
34366;2957426;551374848;38387712;495190016;0;0;0;0;0;0;0;0;0;0;0;2846;0;0;0;0;0;0;
34367;4580561;551374848;38387712;495190016;0;0;0;0;0;0;0;0;0;0;0;2855;0;0;0;0;0;0;
34368;2773972;551374848;38387712;495190016;0;0;0;0;0;0;0;0;0;0;0;3296;0;0;0;0;0;0;
34369;4666722;551374848;38387712;495190016;0;0;0;0;0;0;0;0;0;0;0;2665;0;0;0;0;0;0;
34370;3039540;551374848;38387712;495190016;0;0;0;0;0;0;0;0;0;0;0;2856;0;0;0;0;0;0;
34371;4528392;551374848;38387712;495190016;0;0;0;0;0;0;0;0;0;0;0;3397;0;0;0;0;0;0;
34372;2833123;551374848;38387712;495190016;0;0;0;0;0;0;0;0;0;0;0;3537;0;0;0;0;0;0;
34373;4580680;551374848;38387712;495190016;0;0;0;0;0;0;0;0;0;0;0;2795;0;0;0;0;0;0;
34374;2856307;551374848;38387712;495190016;0;0;0;0;0;0;0;0;0;0;0;3587;0;0;0;0;0;0;
34375;4488918;551374848;38387712;495190016;0;0;0;0;0;0;0;0;0;0;0;3015;0;0;0;0;0;0;
34376;3224888;551374848;38387712;495190016;0;0;0;0;0;0;0;0;0;0;0;3597;0;0;0;0;0;0;
34377;4550634;551374848;38387712;495190016;0;0;0;0;0;0;0;0;0;0;0;2825;0;0;0;0;0;0;
34378;3609228;551374848;38387712;495190016;0;0;0;0;0;0;0;0;0;0;0;4268;0;0;0;0;0;0;
34379;4830959;551374848;38387712;495190016;0;0;0;0;0;0;0;0;0;0;0;3817;0;0;0;0;0;0;
34380;3347117;551374848;38387712;495190016;0;0;0;0;0;0;0;0;0;0;0;3717;0;0;0;0;0;0;
34381;4401976;551374848;38387712;495190016;0;0;0;0;0;0;0;0;0;0;0;2685;0;0;0;0;0;0;
34382;3455039;551374848;38387712;495190016;0;0;0;0;0;0;0;0;0;0;0;3006;0;0;0;0;0;0;
34383;4703671;551374848;38387712;495190016;0;0;0;0;0;0;0;0;0;0;0;2605;0;0;0;0;0;0;
34384;3612465;551374848;38387712;495190016;0;0;0;0;0;0;0;0;0;0;0;3817;0;0;0;0;0;0;
34385;4780755;551374848;38387712;495190016;0;0;0;0;0;0;0;0;0;0;0;3987;0;0;0;0;0;0;
34386;4154892;551374848;38387712;495190016;0;0;0;0;0;0;0;0;0;0;0;4128;0;0;0;0;0;0;
34387;4951567;551374848;38387712;495190016;0;0;0;0;0;0;0;0;0;0;0;3907;0;0;0;0;0;0;
34388;4182965;551374848;38387712;495190016;0;0;0;0;0;0;0;0;0;0;0;4689;0;0;0;0;0;0;
34389;4943982;551374848;38387712;495190016;0;0;0;0;0;0;0;0;0;0;0;3577;0;0;0;0;0;0;
34390;3949938;551374848;38387712;495190016;0;0;0;0;0;0;0;0;0;0;0;4268;0;0;0;0;0;0;
34391;4841169;551374848;38387712;495190016;0;0;0;0;0;0;0;0;0;0;0;4058;0;0;0;0;0;0;
34392;3962160;551374848;38387712;495190016;0;0;0;0;0;0;0;0;0;0;0;3987;0;0;0;0;0;0;
34393;4904297;551374848;38387712;495190016;0;0;0;0;0;0;0;0;0;0;0;3957;0;0;0;0;0;0;
34394;3855822;551374848;38387712;495190016;0;0;0;0;0;0;0;0;0;0;0;4217;0;0;0;0;0;0;
34395;5022810;551374848;38387712;495190016;0;0;0;0;0;0;0;0;0;0;0;3727;0;0;0;0;0;0;
34396;3889324;551374848;38387712;495190016;0;0;0;0;0;0;0;0;0;0;0;3867;0;0;0;0;0;0;
34397;4811464;551374848;38387712;495190016;0;0;0;0;0;0;0;0;0;0;0;3577;0;0;0;0;0;0;
34398;3863315;551374848;38387712;495190016;0;0;0;0;0;0;0;0;0;0;0;3887;0;0;0;0;0;0;
34399;4901091;551374848;38387712;495190016;0;0;0;0;0;0;0;0;0;0;0;3547;0;0;0;0;0;0;
34400;4095811;551374848;38387712;495190016;0;0;0;0;0;0;0;0;0;0;0;3206;0;0;0;0;0;0;
34401;4521590;551374848;38387712;495190016;0;0;0;0;0;0;0;0;0;0;0;2926;0;0;0;0;0;0;
34402;2995768;551374848;38387712;495190016;0;0;0;0;0;0;0;0;0;0;0;2845;0;0;0;0;0;0;
34403;4484701;551374848;38387712;495190016;0;0;0;0;0;0;0;0;0;0;0;2324;0;0;0;0;0;0;
34404;2927149;551374848;38387712;495190016;0;0;0;0;0;0;0;0;0;0;0;2534;0;0;0;0;0;0;
34405;4516570;551374848;38387712;495190016;0;0;0;0;0;0;0;0;0;0;0;2725;0;0;0;0;0;0;
34406;3248422;551374848;38387712;495190016;0;0;0;0;0;0;0;0;0;0;0;3637;0;0;0;0;0;0;
34407;4702019;551374848;38387712;495190016;0;0;0;0;0;0;0;0;0;0;0;3527;0;0;0;0;0;0;
34408;4056808;551374848;38387712;495190016;0;0;0;0;0;0;0;0;0;0;0;3887;0;0;0;0;0;0;
34409;4684866;551374848;38387712;495190016;0;0;0;0;0;0;0;0;0;0;0;3857;0;0;0;0;0;0;
34410;4155623;551374848;38387712;495190016;0;0;0;0;0;0;0;0;0;0;0;3988;0;0;0;0;0;0;
34411;5113189;551374848;38387712;495190016;0;0;0;0;0;0;0;0;0;0;0;3597;0;0;0;0;0;0;
34412;4037772;551374848;38387712;495190016;0;0;0;0;0;0;0;0;0;0;0;3677;0;0;0;0;0;0;
34413;4775526;551374848;38387712;495190016;0;0;0;0;0;0;0;0;0;0;0;4008;0;0;0;0;0;0;
34414;3873805;551374848;38387712;495190016;0;0;0;0;0;0;0;0;0;0;0;4138;0;0;0;0;0;0;
34415;4940425;551374848;38387712;495190016;0;0;0;0;0;0;0;0;0;0;0;3377;0;0;0;0;0;0;
34416;3910503;551374848;38387712;495190016;0;0;0;0;0;0;0;0;0;0;0;4268;0;0;0;0;0;0;
34417;4795133;551374848;38387712;495190016;0;0;0;0;0;0;0;0;0;0;0;3696;0;0;0;0;0;0;
34418;4159941;551374848;38387712;495190016;0;0;0;0;0;0;0;0;0;0;0;4879;0;0;0;0;0;0;
34419;4756239;551374848;38387712;495190016;0;0;0;0;0;0;0;0;0;0;0;4408;0;0;0;0;0;0;
34420;4072247;551374848;38387712;495190016;0;0;0;0;0;0;0;0;0;0;0;4288;0;0;0;0;0;0;
34421;4860124;551374848;38387712;495190016;0;0;0;0;0;0;0;0;0;0;0;3707;0;0;0;0;0;0;
34422;3969464;551374848;38387712;495190016;0;0;0;0;0;0;0;0;0;0;0;3727;0;0;0;0;0;0;
34423;4747313;551374848;38387712;495190016;0;0;0;0;0;0;0;0;0;0;0;3687;0;0;0;0;0;0;
34424;4348555;551374848;38387712;495190016;0;0;0;0;0;0;0;0;0;0;0;4318;0;0;0;0;0;0;
34425;4845387;551374848;38387712;495190016;0;0;0;0;0;0;0;0;0;0;0;3837;0;0;0;0;0;0;
34426;3837917;551374848;38387712;495190016;0;0;0;0;0;0;0;0;0;0;0;3838;0;0;0;0;0;0;
34427;4977335;551374848;38395904;495198208;0;0;0;0;0;0;0;0;0;0;0;4008;0;0;0;0;0;0;
34428;3903271;551374848;38395904;495198208;0;0;0;0;0;0;0;0;0;0;0;4498;0;0;0;0;0;0;
34429;4842893;551374848;38395904;495198208;0;0;0;0;0;0;0;0;0;0;0;3938;0;0;0;0;0;0;
34430;3990924;551374848;38395904;495198208;0;0;0;0;0;0;0;0;0;0;0;4088;0;0;0;0;0;0;
34431;4830238;551374848;38395904;495198208;0;0;0;0;0;0;0;0;0;0;0;4729;0;0;0;0;0;0;
34432;4125948;551374848;38395904;495198208;0;0;0;0;0;0;0;0;0;0;0;3887;0;0;0;0;0;0;
34433;4708280;551374848;38395904;495198208;0;0;0;0;0;0;0;0;0;0;0;3626;0;0;0;0;0;0;
34434;4385495;551395328;38387712;495190016;0;0;0;0;0;0;0;0;0;0;0;4268;0;0;0;0;0;0;
34435;4781598;551395328;38387712;495190016;0;0;0;0;0;0;0;0;0;0;0;3988;0;0;0;0;0;0;
34436;3918959;551395328;38387712;495190016;0;0;0;0;0;0;0;0;0;0;0;3917;0;0;0;0;0;0;
34437;4939102;551395328;38387712;495190016;0;0;0;0;0;0;0;0;0;0;0;3717;0;0;0;0;0;0;
34438;4060555;551395328;38387712;495190016;0;0;0;0;0;0;0;0;0;0;0;3867;0;0;0;0;0;0;
34439;4776948;551395328;38387712;495190016;0;0;0;0;0;0;0;0;0;0;0;3667;0;0;0;0;0;0;
34440;4096322;551395328;38387712;495190016;0;0;0;0;0;0;0;0;0;0;0;4268;0;0;0;0;0;0;
34441;4864884;551395328;38387712;495190016;0;0;0;0;0;0;0;0;0;0;0;3957;0;0;0;0;0;0;
34442;4027413;551395328;38387712;495190016;0;0;0;0;0;0;0;0;0;0;0;4098;0;0;0;0;0;0;
34443;4825500;551395328;38387712;495190016;0;0;0;0;0;0;0;0;0;0;0;3847;0;0;0;0;0;0;
34444;3384397;551395328;38387712;495190016;0;0;0;0;0;0;0;0;0;0;0;3096;0;0;0;0;0;0;
34445;4585580;551395328;38387712;495190016;0;0;0;0;0;0;0;0;0;0;0;2995;0;0;0;0;0;0;
34446;2966242;551395328;38387712;495190016;0;0;0;0;0;0;0;0;0;0;0;3586;0;0;0;0;0;0;
34447;4504397;551395328;38387712;495190016;0;0;0;0;0;0;0;0;0;0;0;2705;0;0;0;0;0;0;
34448;2825018;551395328;38387712;495190016;0;0;0;0;0;0;0;0;0;0;0;3386;0;0;0;0;0;0;
34449;4566033;551395328;38387712;495190016;0;0;0;0;0;0;0;0;0;0;0;2795;0;0;0;0;0;0;
34450;2866956;551395328;38387712;495190016;0;0;0;0;0;0;0;0;0;0;0;3206;0;0;0;0;0;0;
34451;4679807;551395328;38387712;495190016;0;0;0;0;0;0;0;0;0;0;0;2765;0;0;0;0;0;0;
34452;2910479;551395328;38387712;495190016;0;0;0;0;0;0;0;0;0;0;0;2996;0;0;0;0;0;0;
34453;4785595;551395328;38387712;495190016;0;0;0;0;0;0;0;0;0;0;0;2966;0;0;0;0;0;0;
34454;3268409;551395328;38387712;495190016;0;0;0;0;0;0;0;0;0;0;0;3867;0;0;0;0;0;0;
34455;4862770;551395328;38387712;495190016;0;0;0;0;0;0;0;0;0;0;0;12092;0;0;0;0;0;0;
34456;3950629;551395328;38387712;495190016;0;0;0;0;0;0;0;0;0;0;0;4148;0;0;0;0;0;0;
34457;4949502;551395328;38387712;495190016;0;0;0;0;0;0;0;0;0;0;0;3737;0;0;0;0;0;0;
34458;3995463;551395328;38387712;495190016;0;0;0;0;0;0;0;0;0;0;0;3867;0;0;0;0;0;0;
34459;4907394;551395328;38387712;495190016;0;0;0;0;0;0;0;0;0;0;0;3377;0;0;0;0;0;0;
34460;4359656;551395328;38387712;495190016;0;0;0;0;0;0;0;0;0;0;0;3727;0;0;0;0;0;0;
34461;4799320;551395328;38387712;495190016;0;0;0;0;0;0;0;0;0;0;0;3527;0;0;0;0;0;0;
34462;3956079;551395328;38387712;495190016;0;0;0;0;0;0;0;0;0;0;0;4138;0;0;0;0;0;0;
34463;4876555;551395328;38387712;495190016;0;0;0;0;0;0;0;0;0;0;0;3606;0;0;0;0;0;0;
34464;4084319;551395328;38387712;495190016;0;0;0;0;0;0;0;0;0;0;0;3887;0;0;0;0;0;0;
34465;4828074;551395328;38387712;495190016;0;0;0;0;0;0;0;0;0;0;0;3917;0;0;0;0;0;0;
34466;3886709;551395328;38387712;495190016;0;0;0;0;0;0;0;0;0;0;0;4118;0;0;0;0;0;0;
34467;4633319;551395328;38387712;495190016;0;0;0;0;0;0;0;0;0;0;0;3737;0;0;0;0;0;0;
34468;8762964;551395328;38387712;495190016;0;0;0;0;0;0;0;0;0;0;0;3366;0;0;0;0;0;0;
34469;4640833;551395328;38387712;495190016;0;0;0;0;0;0;0;0;0;0;0;2895;0;0;0;0;0;0;
34470;2884870;551395328;38387712;495190016;0;0;0;0;0;0;0;0;0;0;0;3055;0;0;0;0;0;0;
34471;4465515;551395328;38387712;495190016;0;0;0;0;0;0;0;0;0;0;0;3166;0;0;0;0;0;0;
34472;2854022;551395328;38387712;495190016;0;0;0;0;0;0;0;0;0;0;0;3076;0;0;0;0;0;0;
34473;4519957;551395328;38387712;495190016;0;0;0;0;0;0;0;0;0;0;0;2866;0;0;0;0;0;0;
34474;2842020;551395328;38387712;495190016;0;0;0;0;0;0;0;0;0;0;0;3397;0;0;0;0;0;0;
34475;4516550;551395328;38387712;495190016;0;0;0;0;0;0;0;0;0;0;0;3036;0;0;0;0;0;0;
34476;2906311;551395328;38387712;495190016;0;0;0;0;0;0;0;0;0;0;0;3927;0;0;0;0;0;0;
34477;4733978;551395328;38387712;495190016;0;0;0;0;0;0;0;0;0;0;0;2866;0;0;0;0;0;0;
34478;2885371;551395328;38387712;495190016;0;0;0;0;0;0;0;0;0;0;0;3025;0;0;0;0;0;0;
34479;4574419;551395328;38387712;495190016;0;0;0;0;0;0;0;0;0;0;0;2505;0;0;0;0;0;0;
34480;2858501;551395328;38387712;495190016;0;0;0;0;0;0;0;0;0;0;0;3116;0;0;0;0;0;0;
34481;4536288;551395328;38387712;495190016;0;0;0;0;0;0;0;0;0;0;0;3257;0;0;0;0;0;0;
34482;3679029;551395328;38387712;495190016;0;0;0;0;0;0;0;0;0;0;0;4108;0;0;0;0;0;0;
34483;4782669;551395328;38387712;495190016;0;0;0;0;0;0;0;0;0;0;0;3867;0;0;0;0;0;0;
34484;4267173;551395328;38387712;495190016;0;0;0;0;0;0;0;0;0;0;0;3987;0;0;0;0;0;0;
34485;4861116;551395328;38387712;495190016;0;0;0;0;0;0;0;0;0;0;0;3637;0;0;0;0;0;0;
34486;4097946;551395328;38387712;495190016;0;0;0;0;0;0;0;0;0;0;0;3957;0;0;0;0;0;0;
34487;4827092;551395328;38387712;495190016;0;0;0;0;0;0;0;0;0;0;0;3808;0;0;0;0;0;0;
34488;3884666;551395328;38387712;495190016;0;0;0;0;0;0;0;0;0;0;0;4177;0;0;0;0;0;0;
34489;4854765;551395328;38387712;495190016;0;0;0;0;0;0;0;0;0;0;0;3436;0;0;0;0;0;0;
34490;3532024;551395328;38387712;495190016;0;0;0;0;0;0;0;0;0;0;0;3306;0;0;0;0;0;0;
34491;4551956;551395328;38387712;495190016;0;0;0;0;0;0;0;0;0;0;0;3116;0;0;0;0;0;0;
34492;2951766;551395328;38387712;495190016;0;0;0;0;0;0;0;0;0;0;0;3366;0;0;0;0;0;0;
34493;4424217;551395328;38387712;495190016;0;0;0;0;0;0;0;0;0;0;0;3096;0;0;0;0;0;0;
34494;2932059;551395328;38387712;495190016;0;0;0;0;0;0;0;0;0;0;0;2985;0;0;0;0;0;0;
34495;4521770;551395328;38387712;495190016;0;0;0;0;0;0;0;0;0;0;0;2725;0;0;0;0;0;0;
34496;3086639;551395328;38387712;495190016;0;0;0;0;0;0;0;0;0;0;0;102151;0;0;0;0;0;0;
34497;4518795;551395328;38387712;495190016;0;0;0;0;0;0;0;0;0;0;0;2705;0;0;0;0;0;0;
34498;3085186;551395328;38387712;495190016;0;0;0;0;0;0;0;0;0;0;0;2975;0;0;0;0;0;0;
34499;4527782;551395328;38387712;495190016;0;0;0;0;0;0;0;0;0;0;0;2975;0;0;0;0;0;0;
34500;2953258;551395328;38387712;495190016;0;0;0;0;0;0;0;0;0;0;0;3056;0;0;0;0;0;0;
34501;4412115;551395328;38387712;495190016;0;0;0;0;0;0;0;0;0;0;0;2625;0;0;0;0;0;0;
34502;2865254;551395328;38387712;495190016;0;0;0;0;0;0;0;0;0;0;0;2996;0;0;0;0;0;0;
34503;4444846;551395328;38387712;495190016;0;0;0;0;0;0;0;0;0;0;0;3006;0;0;0;0;0;0;
34504;2914777;551395328;38387712;495190016;0;0;0;0;0;0;0;0;0;0;0;3135;0;0;0;0;0;0;
34505;4475052;551395328;38387712;495190016;0;0;0;0;0;0;0;0;0;0;0;2855;0;0;0;0;0;0;
34506;3056533;551395328;38387712;495190016;0;0;0;0;0;0;0;0;0;0;0;3216;0;0;0;0;0;0;
34507;4536698;551395328;38387712;495190016;0;0;0;0;0;0;0;0;0;0;0;2806;0;0;0;0;0;0;
34508;3301832;551395328;38387712;495190016;0;0;0;0;0;0;0;0;0;0;0;3387;0;0;0;0;0;0;
34509;4543932;551395328;38387712;495190016;0;0;0;0;0;0;0;0;0;0;0;2385;0;0;0;0;0;0;
34510;3260054;551395328;38387712;495190016;0;0;0;0;0;0;0;0;0;0;0;2655;0;0;0;0;0;0;
34511;4460936;551395328;38387712;495190016;0;0;0;0;0;0;0;0;0;0;0;2855;0;0;0;0;0;0;
34512;2838975;551395328;38387712;495190016;0;0;0;0;0;0;0;0;0;0;0;3376;0;0;0;0;0;0;
34513;4536979;551395328;38387712;495190016;0;0;0;0;0;0;0;0;0;0;0;3176;0;0;0;0;0;0;
34514;2922250;551395328;38387712;495190016;0;0;0;0;0;0;0;0;0;0;0;2876;0;0;0;0;0;0;
34515;4425029;551395328;38387712;495190016;0;0;0;0;0;0;0;0;0;0;0;2344;0;0;0;0;0;0;
34516;2872768;551395328;38387712;495190016;0;0;0;0;0;0;0;0;0;0;0;2765;0;0;0;0;0;0;
34517;4473960;551395328;38387712;495190016;0;0;0;0;0;0;0;0;0;0;0;2465;0;0;0;0;0;0;
34518;3357827;551395328;38387712;495190016;0;0;0;0;0;0;0;0;0;0;0;3877;0;0;0;0;0;0;
34519;4774715;551395328;38387712;495190016;0;0;0;0;0;0;0;0;0;0;0;3607;0;0;0;0;0;0;
34520;3960167;551395328;38387712;495190016;0;0;0;0;0;0;0;0;0;0;0;3848;0;0;0;0;0;0;
34521;4787268;551395328;38387712;495190016;0;0;0;0;0;0;0;0;0;0;0;4017;0;0;0;0;0;0;
34522;3932676;551395328;38387712;495190016;0;0;0;0;0;0;0;0;0;0;0;4057;0;0;0;0;0;0;
34523;5171990;551395328;38387712;495190016;0;0;0;0;0;0;0;0;0;0;0;3346;0;0;0;0;0;0;
34524;4211779;551395328;38387712;495190016;0;0;0;0;0;0;0;0;0;0;0;3957;0;0;0;0;0;0;
34525;4691508;551395328;38387712;495190016;0;0;0;0;0;0;0;0;0;0;0;9658;0;0;0;0;0;0;
34526;4172004;551395328;38387712;495190016;0;0;0;0;0;0;0;0;0;0;0;4207;0;0;0;0;0;0;
34527;4917733;551395328;38387712;495190016;0;0;0;0;0;0;0;0;0;0;0;3897;0;0;0;0;0;0;
34528;4085422;551395328;38387712;495190016;0;0;0;0;0;0;0;0;0;0;0;4027;0;0;0;0;0;0;
34529;4777790;551395328;38387712;495190016;0;0;0;0;0;0;0;0;0;0;0;3146;0;0;0;0;0;0;
34530;3990784;551395328;38387712;495190016;0;0;0;0;0;0;0;0;0;0;0;3887;0;0;0;0;0;0;
34531;4796516;551395328;38387712;495190016;0;0;0;0;0;0;0;0;0;0;0;3998;0;0;0;0;0;0;
34532;4072117;551395328;38387712;495190016;0;0;0;0;0;0;0;0;0;0;0;3837;0;0;0;0;0;0;
34533;4942078;551395328;38387712;495190016;0;0;0;0;0;0;0;0;0;0;0;3346;0;0;0;0;0;0;
34534;4268485;551395328;38387712;495190016;0;0;0;0;0;0;0;0;0;0;0;4989;0;0;0;0;0;0;
34535;5002902;551395328;38387712;495190016;0;0;0;0;0;0;0;0;0;0;0;10360;0;0;0;0;0;0;
34536;4053582;551395328;38387712;495190016;0;0;0;0;0;0;0;0;0;0;0;4047;0;0;0;0;0;0;
34537;5059849;551395328;38387712;495190016;0;0;0;0;0;0;0;0;0;0;0;3877;0;0;0;0;0;0;
34538;3991145;551395328;38387712;495190016;0;0;0;0;0;0;0;0;0;0;0;3927;0;0;0;0;0;0;
34539;4805702;551395328;38387712;495190016;0;0;0;0;0;0;0;0;0;0;0;3998;0;0;0;0;0;0;
34540;4074000;551395328;38387712;495190016;0;0;0;0;0;0;0;0;0;0;0;3938;0;0;0;0;0;0;
34541;4998174;551395328;38387712;495190016;0;0;0;0;0;0;0;0;0;0;0;4208;0;0;0;0;0;0;
34542;4151225;551395328;38387712;495190016;0;0;0;0;0;0;0;0;0;0;0;3978;0;0;0;0;0;0;
34543;5138447;551395328;38387712;495190016;0;0;0;0;0;0;0;0;0;0;0;3857;0;0;0;0;0;0;
34544;4044795;551395328;38387712;495190016;0;0;0;0;0;0;0;0;0;0;0;3657;0;0;0;0;0;0;
34545;4768052;551395328;38387712;495190016;0;0;0;0;0;0;0;0;0;0;0;3997;0;0;0;0;0;0;
34546;3642521;551395328;38387712;495190016;0;0;0;0;0;0;0;0;0;0;0;2836;0;0;0;0;0;0;
34547;4578106;551395328;38387712;495190016;0;0;0;0;0;0;0;0;0;0;0;2875;0;0;0;0;0;0;
34548;3077301;551395328;38387712;495190016;0;0;0;0;0;0;0;0;0;0;0;2946;0;0;0;0;0;0;
34549;4686810;551395328;38387712;495190016;0;0;0;0;0;0;0;0;0;0;0;3016;0;0;0;0;0;0;
34550;3761725;551395328;38387712;495190016;0;0;0;0;0;0;0;0;0;0;0;3337;0;0;0;0;0;0;
34551;4708611;551395328;38387712;495190016;0;0;0;0;0;0;0;0;0;0;0;3778;0;0;0;0;0;0;
34552;4079901;551395328;38387712;495190016;0;0;0;0;0;0;0;0;0;0;0;3888;0;0;0;0;0;0;
34553;5020015;551395328;38387712;495190016;0;0;0;0;0;0;0;0;0;0;0;4048;0;0;0;0;0;0;
34554;3311120;551395328;38387712;495190016;0;0;0;0;0;0;0;0;0;0;0;3987;0;0;0;0;0;0;
34555;4866416;551395328;38387712;495190016;0;0;0;0;0;0;0;0;0;0;0;3797;0;0;0;0;0;0;
34556;4092475;551395328;38387712;495190016;0;0;0;0;0;0;0;0;0;0;0;3807;0;0;0;0;0;0;
34557;4783110;551395328;38387712;495190016;0;0;0;0;0;0;0;0;0;0;0;3336;0;0;0;0;0;0;
34558;4035819;551395328;38387712;495190016;0;0;0;0;0;0;0;0;0;0;0;3727;0;0;0;0;0;0;
34559;4783421;551395328;38387712;495190016;0;0;0;0;0;0;0;0;0;0;0;3597;0;0;0;0;0;0;
34560;3861862;551395328;38387712;495190016;0;0;0;0;0;0;0;0;0;0;0;4087;0;0;0;0;0;0;
34561;4849364;551395328;38387712;495190016;0;0;0;0;0;0;0;0;0;0;0;3727;0;0;0;0;0;0;
34562;3885116;551395328;38387712;495190016;0;0;0;0;0;0;0;0;0;0;0;4037;0;0;0;0;0;0;
34563;5055231;551395328;38387712;495190016;0;0;0;0;0;0;0;0;0;0;0;4368;0;0;0;0;0;0;
34564;4287530;551395328;38387712;495190016;0;0;0;0;0;0;0;0;0;0;0;4058;0;0;0;0;0;0;
34565;4865165;551395328;38387712;495190016;0;0;0;0;0;0;0;0;0;0;0;3476;0;0;0;0;0;0;
34566;3052244;551395328;38387712;495190016;0;0;0;0;0;0;0;0;0;0;0;3317;0;0;0;0;0;0;
34567;4532330;551395328;38387712;495190016;0;0;0;0;0;0;0;0;0;0;0;3066;0;0;0;0;0;0;
34568;2833394;551395328;38387712;495190016;0;0;0;0;0;0;0;0;0;0;0;3046;0;0;0;0;0;0;
34569;4534524;551395328;38387712;495190016;0;0;0;0;0;0;0;0;0;0;0;2415;0;0;0;0;0;0;
34570;2902393;551395328;38387712;495190016;0;0;0;0;0;0;0;0;0;0;0;3326;0;0;0;0;0;0;
34571;4451238;551395328;38387712;495190016;0;0;0;0;0;0;0;0;0;0;0;2705;0;0;0;0;0;0;
34572;3213085;551395328;38387712;495190016;0;0;0;0;0;0;0;0;0;0;0;2885;0;0;0;0;0;0;
34573;4437381;551395328;38387712;495190016;0;0;0;0;0;0;0;0;0;0;0;3036;0;0;0;0;0;0;
34574;2837702;551395328;38387712;495190016;0;0;0;0;0;0;0;0;0;0;0;3266;0;0;0;0;0;0;
34575;4614584;551395328;38387712;495190016;0;0;0;0;0;0;0;0;0;0;0;3617;0;0;0;0;0;0;
34576;2907382;551395328;38387712;495190016;0;0;0;0;0;0;0;0;0;0;0;3176;0;0;0;0;0;0;
34577;4375005;551395328;38387712;495190016;0;0;0;0;0;0;0;0;0;0;0;2955;0;0;0;0;0;0;
34578;3007179;551395328;38387712;495190016;0;0;0;0;0;0;0;0;0;0;0;3036;0;0;0;0;0;0;
34579;4561164;551395328;38387712;495190016;0;0;0;0;0;0;0;0;0;0;0;2946;0;0;0;0;0;0;
34580;3057564;551395328;38387712;495190016;0;0;0;0;0;0;0;0;0;0;0;2966;0;0;0;0;0;0;
34581;4637076;551395328;38387712;495190016;0;0;0;0;0;0;0;0;0;0;0;2985;0;0;0;0;0;0;
34582;3012309;551395328;38387712;495190016;0;0;0;0;0;0;0;0;0;0;0;2915;0;0;0;0;0;0;
34583;4689465;551395328;38387712;495190016;0;0;0;0;0;0;0;0;0;0;0;2785;0;0;0;0;0;0;
34584;3719064;551395328;38387712;495190016;0;0;0;0;0;0;0;0;0;0;0;4188;0;0;0;0;0;0;
34585;4902344;551395328;38387712;495190016;0;0;0;0;0;0;0;0;0;0;0;3928;0;0;0;0;0;0;
34586;4114416;551395328;38387712;495190016;0;0;0;0;0;0;0;0;0;0;0;4188;0;0;0;0;0;0;
34587;4849715;551395328;38387712;495190016;0;0;0;0;0;0;0;0;0;0;0;3647;0;0;0;0;0;0;
34588;4231616;551395328;38387712;495190016;0;0;0;0;0;0;0;0;0;0;0;3356;0;0;0;0;0;0;
34589;4740320;551395328;38387712;495190016;0;0;0;0;0;0;0;0;0;0;0;3316;0;0;0;0;0;0;
34590;3797030;551395328;38387712;495190016;0;0;0;0;0;0;0;0;0;0;0;4148;0;0;0;0;0;0;
34591;4841299;551395328;38387712;495190016;0;0;0;0;0;0;0;0;0;0;0;3927;0;0;0;0;0;0;
34592;3738972;551395328;38387712;495190016;0;0;0;0;0;0;0;0;0;0;0;3817;0;0;0;0;0;0;
34593;5013602;551395328;38387712;495190016;0;0;0;0;0;0;0;0;0;0;0;3667;0;0;0;0;0;0;
34594;3960909;551395328;38387712;495190016;0;0;0;0;0;0;0;0;0;0;0;3016;0;0;0;0;0;0;
34595;4912132;551395328;38387712;495190016;0;0;0;0;0;0;0;0;0;0;0;3837;0;0;0;0;0;0;
34596;3855741;551395328;38387712;495190016;0;0;0;0;0;0;0;0;0;0;0;4108;0;0;0;0;0;0;
34597;4874341;551395328;38387712;495190016;0;0;0;0;0;0;0;0;0;0;0;3527;0;0;0;0;0;0;
34598;3869436;551395328;38387712;495190016;0;0;0;0;0;0;0;0;0;0;0;2665;0;0;0;0;0;0;
34599;4622208;551395328;38387712;495190016;0;0;0;0;0;0;0;0;0;0;0;2805;0;0;0;0;0;0;
34600;3110102;551395328;38387712;495190016;0;0;0;0;0;0;0;0;0;0;0;3316;0;0;0;0;0;0;
34601;4529605;551395328;38387712;495190016;0;0;0;0;0;0;0;0;0;0;0;3106;0;0;0;0;0;0;
34602;3057574;551395328;38387712;495190016;0;0;0;0;0;0;0;0;0;0;0;3276;0;0;0;0;0;0;
34603;4456788;551395328;38387712;495190016;0;0;0;0;0;0;0;0;0;0;0;2985;0;0;0;0;0;0;
34604;2912512;551395328;38387712;495190016;0;0;0;0;0;0;0;0;0;0;0;3576;0;0;0;0;0;0;
34605;4502103;551395328;38387712;495190016;0;0;0;0;0;0;0;0;0;0;0;3006;0;0;0;0;0;0;
34606;3132594;551395328;38387712;495190016;0;0;0;0;0;0;0;0;0;0;0;3257;0;0;0;0;0;0;
34607;4581642;551395328;38387712;495190016;0;0;0;0;0;0;0;0;0;0;0;2945;0;0;0;0;0;0;
34608;3035823;551395328;38387712;495190016;0;0;0;0;0;0;0;0;0;0;0;3236;0;0;0;0;0;0;
34609;4576463;551395328;38387712;495190016;0;0;0;0;0;0;0;0;0;0;0;2555;0;0;0;0;0;0;
34610;2954661;551395328;38387712;495190016;0;0;0;0;0;0;0;0;0;0;0;3486;0;0;0;0;0;0;
34611;4590479;551395328;38387712;495190016;0;0;0;0;0;0;0;0;0;0;0;3346;0;0;0;0;0;0;
34612;2876264;551395328;38387712;495190016;0;0;0;0;0;0;0;0;0;0;0;3016;0;0;0;0;0;0;
34613;4795614;551395328;38387712;495190016;0;0;0;0;0;0;0;0;0;0;0;2084;0;0;0;0;0;0;
34614;3570426;551395328;38387712;495190016;0;0;0;0;0;0;0;0;0;0;0;3666;0;0;0;0;0;0;
34615;4950544;551395328;38387712;495190016;0;0;0;0;0;0;0;0;0;0;0;3436;0;0;0;0;0;0;
34616;4231015;551395328;38387712;495190016;0;0;0;0;0;0;0;0;0;0;0;3777;0;0;0;0;0;0;
34617;4799671;551395328;38387712;495190016;0;0;0;0;0;0;0;0;0;0;0;4087;0;0;0;0;0;0;
34618;3044209;551395328;38387712;495190016;0;0;0;0;0;0;0;0;0;0;0;4138;0;0;0;0;0;0;
34619;4907153;551395328;38387712;495190016;0;0;0;0;0;0;0;0;0;0;0;3807;0;0;0;0;0;0;
34620;3864277;551395328;38387712;495190016;0;0;0;0;0;0;0;0;0;0;0;3968;0;0;0;0;0;0;
34621;4792508;551395328;38387712;495190016;0;0;0;0;0;0;0;0;0;0;0;3577;0;0;0;0;0;0;
34622;3993520;551395328;38387712;495190016;0;0;0;0;0;0;0;0;0;0;0;3106;0;0;0;0;0;0;
34623;4670259;551395328;38387712;495190016;0;0;0;0;0;0;0;0;0;0;0;3246;0;0;0;0;0;0;
34624;3070819;551395328;38387712;495190016;0;0;0;0;0;0;0;0;0;0;0;3356;0;0;0;0;0;0;
34625;4493297;551395328;38387712;495190016;0;0;0;0;0;0;0;0;0;0;0;3096;0;0;0;0;0;0;
34626;3251147;551395328;38387712;495190016;0;0;0;0;0;0;0;0;0;0;0;3466;0;0;0;0;0;0;
34627;4698131;551395328;38387712;495190016;0;0;0;0;0;0;0;0;0;0;0;3396;0;0;0;0;0;0;
34628;2783150;551395328;38387712;495190016;0;0;0;0;0;0;0;0;0;0;0;3476;0;0;0;0;0;0;
34629;4592653;551395328;38387712;495190016;0;0;0;0;0;0;0;0;0;0;0;3346;0;0;0;0;0;0;
34630;3092139;551395328;38387712;495190016;0;0;0;0;0;0;0;0;0;0;0;3135;0;0;0;0;0;0;
34631;4906712;551395328;38387712;495190016;0;0;0;0;0;0;0;0;0;0;0;3367;0;0;0;0;0;0;
34632;2924084;551395328;38387712;495190016;0;0;0;0;0;0;0;0;0;0;0;3316;0;0;0;0;0;0;
34633;4715303;551395328;38387712;495190016;0;0;0;0;0;0;0;0;0;0;0;3005;0;0;0;0;0;0;
34634;2971753;551395328;38387712;495190016;0;0;0;0;0;0;0;0;0;0;0;4048;0;0;0;0;0;0;
34635;4836610;551395328;38387712;495190016;0;0;0;0;0;0;0;0;0;0;0;3487;0;0;0;0;0;0;
34636;3972490;551395328;38387712;495190016;0;0;0;0;0;0;0;0;0;0;0;3857;0;0;0;0;0;0;
34637;5023761;551395328;38387712;495190016;0;0;0;0;0;0;0;0;0;0;0;3337;0;0;0;0;0;0;
34638;3954897;551395328;38387712;495190016;0;0;0;0;0;0;0;0;0;0;0;3987;0;0;0;0;0;0;
34639;4771128;551395328;38387712;495190016;0;0;0;0;0;0;0;0;0;0;0;3557;0;0;0;0;0;0;
34640;3888553;551395328;38387712;495190016;0;0;0;0;0;0;0;0;0;0;0;3777;0;0;0;0;0;0;
34641;4746511;551395328;38387712;495190016;0;0;0;0;0;0;0;0;0;0;0;3506;0;0;0;0;0;0;
34642;3898080;551395328;38387712;495190016;0;0;0;0;0;0;0;0;0;0;0;4077;0;0;0;0;0;0;
34643;5259674;551395328;38387712;495190016;0;0;0;0;0;0;0;0;0;0;0;3777;0;0;0;0;0;0;
34644;3866231;551395328;38387712;495190016;0;0;0;0;0;0;0;0;0;0;0;3908;0;0;0;0;0;0;
34645;4767130;551395328;38387712;495190016;0;0;0;0;0;0;0;0;0;0;0;3537;0;0;0;0;0;0;
34646;3938717;551395328;38387712;495190016;0;0;0;0;0;0;0;0;0;0;0;4278;0;0;0;0;0;0;
34647;4798729;551395328;38387712;495190016;0;0;0;0;0;0;0;0;0;0;0;4077;0;0;0;0;0;0;
34648;3869978;551395328;38387712;495190016;0;0;0;0;0;0;0;0;0;0;0;3917;0;0;0;0;0;0;
34649;4845847;551395328;38387712;495190016;0;0;0;0;0;0;0;0;0;0;0;3426;0;0;0;0;0;0;
34650;3955888;551395328;38387712;495190016;0;0;0;0;0;0;0;0;0;0;0;3878;0;0;0;0;0;0;
34651;4780074;551395328;38387712;495190016;0;0;0;0;0;0;0;0;0;0;0;3637;0;0;0;0;0;0;
34652;3979483;551395328;38387712;495190016;0;0;0;0;0;0;0;0;0;0;0;3576;0;0;0;0;0;0;
34653;4876375;551395328;38387712;495190016;0;0;0;0;0;0;0;0;0;0;0;3667;0;0;0;0;0;0;
34654;4047411;551395328;38387712;495190016;0;0;0;0;0;0;0;0;0;0;0;3957;0;0;0;0;0;0;
34655;4903376;551395328;38387712;495190016;0;0;0;0;0;0;0;0;0;0;0;3787;0;0;0;0;0;0;
34656;3946722;551395328;38387712;495190016;0;0;0;0;0;0;0;0;0;0;0;4439;0;0;0;0;0;0;
34657;4806464;551395328;38387712;495190016;0;0;0;0;0;0;0;0;0;0;0;3516;0;0;0;0;0;0;
34658;3966178;551395328;38387712;495190016;0;0;0;0;0;0;0;0;0;0;0;3747;0;0;0;0;0;0;
34659;4839996;551395328;38387712;495190016;0;0;0;0;0;0;0;0;0;0;0;4078;0;0;0;0;0;0;
34660;3287365;551395328;38387712;495190016;0;0;0;0;0;0;0;0;0;0;0;3357;0;0;0;0;0;0;
34661;4598083;551395328;38387712;495190016;0;0;0;0;0;0;0;0;0;0;0;3076;0;0;0;0;0;0;
34662;3193309;551395328;38387712;495190016;0;0;0;0;0;0;0;0;0;0;0;4268;0;0;0;0;0;0;
34663;4943291;551395328;38387712;495190016;0;0;0;0;0;0;0;0;0;0;0;3636;0;0;0;0;0;0;
34664;3814013;551395328;38387712;495190016;0;0;0;0;0;0;0;0;0;0;0;3807;0;0;0;0;0;0;
34665;4749707;551395328;38387712;495190016;0;0;0;0;0;0;0;0;0;0;0;3527;0;0;0;0;0;0;
34666;4254920;551395328;38387712;495190016;0;0;0;0;0;0;0;0;0;0;0;4218;0;0;0;0;0;0;
34667;4939794;551395328;38395904;495198208;0;0;0;0;0;0;0;0;0;0;0;4458;0;0;0;0;0;0;
34668;3855120;551395328;38395904;495198208;0;0;0;0;0;0;0;0;0;0;0;3747;0;0;0;0;0;0;
34669;4873770;551395328;38395904;495198208;0;0;0;0;0;0;0;0;0;0;0;3426;0;0;0;0;0;0;
34670;3878644;551395328;38395904;495198208;0;0;0;0;0;0;0;0;0;0;0;3757;0;0;0;0;0;0;
34671;4836370;551395328;38395904;495198208;0;0;0;0;0;0;0;0;0;0;0;3727;0;0;0;0;0;0;
34672;4432683;551395328;38395904;495198208;0;0;0;0;0;0;0;0;0;0;0;3797;0;0;0;0;0;0;
34673;4739168;551395328;38395904;495198208;0;0;0;0;0;0;0;0;0;0;0;3858;0;0;0;0;0;0;
34674;4165833;551436288;38387712;495190016;0;0;0;0;0;0;0;0;0;0;0;12263;0;0;0;0;0;0;
34675;5002572;551436288;38387712;495190016;0;0;0;0;0;0;0;0;0;0;0;3897;0;0;0;0;0;0;
34676;3967500;551436288;38387712;495190016;0;0;0;0;0;0;0;0;0;0;0;3747;0;0;0;0;0;0;
34677;4804209;551436288;38387712;495190016;0;0;0;0;0;0;0;0;0;0;0;3617;0;0;0;0;0;0;
34678;3855650;551436288;38387712;495190016;0;0;0;0;0;0;0;0;0;0;0;4148;0;0;0;0;0;0;
34679;4781988;551436288;38387712;495190016;0;0;0;0;0;0;0;0;0;0;0;3857;0;0;0;0;0;0;
34680;4000583;551436288;38387712;495190016;0;0;0;0;0;0;0;0;0;0;0;3166;0;0;0;0;0;0;
34681;4471576;551436288;38387712;495190016;0;0;0;0;0;0;0;0;0;0;0;2725;0;0;0;0;0;0;
34682;2894829;551436288;38387712;495190016;0;0;0;0;0;0;0;0;0;0;0;2936;0;0;0;0;0;0;
34683;4556285;551436288;38387712;495190016;0;0;0;0;0;0;0;0;0;0;0;3025;0;0;0;0;0;0;
34684;3070278;551436288;38387712;495190016;0;0;0;0;0;0;0;0;0;0;0;2976;0;0;0;0;0;0;
34685;4617560;551436288;38387712;495190016;0;0;0;0;0;0;0;0;0;0;0;2735;0;0;0;0;0;0;
34686;4093476;551436288;38387712;495190016;0;0;0;0;0;0;0;0;0;0;0;4018;0;0;0;0;0;0;
34687;4917642;551436288;38387712;495190016;0;0;0;0;0;0;0;0;0;0;0;3477;0;0;0;0;0;0;
34688;3976537;551436288;38387712;495190016;0;0;0;0;0;0;0;0;0;0;0;4379;0;0;0;0;0;0;
34689;4733097;551436288;38387712;495190016;0;0;0;0;0;0;0;0;0;0;0;3296;0;0;0;0;0;0;
34690;3970296;551436288;38387712;495190016;0;0;0;0;0;0;0;0;0;0;0;3677;0;0;0;0;0;0;
34691;5191325;551436288;38387712;495190016;0;0;0;0;0;0;0;0;0;0;0;3286;0;0;0;0;0;0;
34692;4014398;551436288;38387712;495190016;0;0;0;0;0;0;0;0;0;0;0;4328;0;0;0;0;0;0;
34693;4870815;551436288;38387712;495190016;0;0;0;0;0;0;0;0;0;0;0;3497;0;0;0;0;0;0;
34694;3891588;551436288;38387712;495190016;0;0;0;0;0;0;0;0;0;0;0;3747;0;0;0;0;0;0;
34695;4764555;551436288;38387712;495190016;0;0;0;0;0;0;0;0;0;0;0;3657;0;0;0;0;0;0;
34696;4280257;551436288;38387712;495190016;0;0;0;0;0;0;0;0;0;0;0;3888;0;0;0;0;0;0;
34697;4680988;551436288;38387712;495190016;0;0;0;0;0;0;0;0;0;0;0;4007;0;0;0;0;0;0;
34698;3777344;551436288;38387712;495190016;0;0;0;0;0;0;0;0;0;0;0;3857;0;0;0;0;0;0;
34699;4795012;551436288;38387712;495190016;0;0;0;0;0;0;0;0;0;0;0;3296;0;0;0;0;0;0;
34700;3828920;551436288;38387712;495190016;0;0;0;0;0;0;0;0;0;0;0;4037;0;0;0;0;0;0;
34701;4764655;551436288;38387712;495190016;0;0;0;0;0;0;0;0;0;0;0;3556;0;0;0;0;0;0;
34702;3993459;551436288;38387712;495190016;0;0;0;0;0;0;0;0;0;0;0;3967;0;0;0;0;0;0;
34703;4856718;551436288;38387712;495190016;0;0;0;0;0;0;0;0;0;0;0;3928;0;0;0;0;0;0;
34704;4035949;551436288;38387712;495190016;0;0;0;0;0;0;0;0;0;0;0;3637;0;0;0;0;0;0;
34705;7842308;551436288;38387712;495190016;0;0;0;0;0;0;0;0;0;0;0;3427;0;0;0;0;0;0;
34706;10241537;551436288;38387712;495190016;0;0;0;0;0;0;0;0;0;0;0;4348;0;0;0;0;0;0;
34707;5001780;551436288;38387712;495190016;0;0;0;0;0;0;0;0;0;0;0;3787;0;0;0;0;0;0;
34708;4397086;551436288;38387712;495190016;0;0;0;0;0;0;0;0;0;0;0;4028;0;0;0;0;0;0;
34709;4966875;551436288;38387712;495190016;0;0;0;0;0;0;0;0;0;0;0;3747;0;0;0;0;0;0;
34710;4122241;551436288;38387712;495190016;0;0;0;0;0;0;0;0;0;0;0;4979;0;0;0;0;0;0;
34711;4981512;551436288;38387712;495190016;0;0;0;0;0;0;0;0;0;0;0;3267;0;0;0;0;0;0;
34712;3925972;551436288;38387712;495190016;0;0;0;0;0;0;0;0;0;0;0;3937;0;0;0;0;0;0;
34713;5012971;551436288;38387712;495190016;0;0;0;0;0;0;0;0;0;0;0;3035;0;0;0;0;0;0;
34714;3904513;551436288;38387712;495190016;0;0;0;0;0;0;0;0;0;0;0;4087;0;0;0;0;0;0;
34715;4825519;551436288;38387712;495190016;0;0;0;0;0;0;0;0;0;0;0;3176;0;0;0;0;0;0;
34716;3879336;551436288;38387712;495190016;0;0;0;0;0;0;0;0;0;0;0;3566;0;0;0;0;0;0;
34717;4805652;551436288;38387712;495190016;0;0;0;0;0;0;0;0;0;0;0;3036;0;0;0;0;0;0;
34718;4259708;551436288;38387712;495190016;0;0;0;0;0;0;0;0;0;0;0;3817;0;0;0;0;0;0;
34719;4742955;551436288;38387712;495190016;0;0;0;0;0;0;0;0;0;0;0;4047;0;0;0;0;0;0;
34720;3442496;551436288;38387712;495190016;0;0;0;0;0;0;0;0;0;0;0;3406;0;0;0;0;0;0;
34721;4605788;551436288;38387712;495190016;0;0;0;0;0;0;0;0;0;0;0;153147;0;0;0;0;0;0;
34722;2969338;551436288;38387712;495190016;0;0;0;0;0;0;0;0;0;0;0;3347;0;0;0;0;0;0;
34723;4580080;551436288;38387712;495190016;0;0;0;0;0;0;0;0;0;0;0;2555;0;0;0;0;0;0;
34724;4547107;551436288;38387712;495190016;0;0;0;0;0;0;0;0;0;0;0;4368;0;0;0;0;0;0;
34725;5182580;551436288;38387712;495190016;0;0;0;0;0;0;0;0;0;0;0;4819;0;0;0;0;0;0;
34726;4589137;551436288;38387712;495190016;0;0;0;0;0;0;0;0;0;0;0;4238;0;0;0;0;0;0;
34727;5496528;551436288;38387712;495190016;0;0;0;0;0;0;0;0;0;0;0;5500;0;0;0;0;0;0;
34728;4115778;551436288;38387712;495190016;0;0;0;0;0;0;0;0;0;0;0;3166;0;0;0;0;0;0;
34729;5335266;551436288;38387712;495190016;0;0;0;0;0;0;0;0;0;0;0;4458;0;0;0;0;0;0;
34730;3468144;551436288;38387712;495190016;0;0;0;0;0;0;0;0;0;0;0;3356;0;0;0;0;0;0;
34731;5068615;551436288;38387712;495190016;0;0;0;0;0;0;0;0;0;0;0;4168;0;0;0;0;0;0;
34732;3586225;551436288;38387712;495190016;0;0;0;0;0;0;0;0;0;0;0;3587;0;0;0;0;0;0;
34733;4532951;551436288;38387712;495190016;0;0;0;0;0;0;0;0;0;0;0;3436;0;0;0;0;0;0;
34734;3653882;551436288;38387712;495190016;0;0;0;0;0;0;0;0;0;0;0;3467;0;0;0;0;0;0;
34735;4953660;551436288;38387712;495190016;0;0;0;0;0;0;0;0;0;0;0;3196;0;0;0;0;0;0;
34736;4798680;551436288;38387712;495190016;0;0;0;0;0;0;0;0;0;0;0;4148;0;0;0;0;0;0;
34737;5255335;551436288;38387712;495190016;0;0;0;0;0;0;0;0;0;0;0;3697;0;0;0;0;0;0;
34738;4799641;551436288;38387712;495190016;0;0;0;0;0;0;0;0;0;0;0;4508;0;0;0;0;0;0;
34739;4941227;551436288;38387712;495190016;0;0;0;0;0;0;0;0;0;0;0;3887;0;0;0;0;0;0;
34740;4788230;551436288;38387712;495190016;0;0;0;0;0;0;0;0;0;0;0;4489;0;0;0;0;0;0;
34741;4956034;551436288;38387712;495190016;0;0;0;0;0;0;0;0;0;0;0;3547;0;0;0;0;0;0;
34742;4443333;551436288;38387712;495190016;0;0;0;0;0;0;0;0;0;0;0;4399;0;0;0;0;0;0;
34743;5048308;551436288;38387712;495190016;0;0;0;0;0;0;0;0;0;0;0;4027;0;0;0;0;0;0;
34744;4501993;551436288;38387712;495190016;0;0;0;0;0;0;0;0;0;0;0;4829;0;0;0;0;0;0;
34745;4986562;551436288;38387712;495190016;0;0;0;0;0;0;0;0;0;0;0;3547;0;0;0;0;0;0;
34746;4742464;551436288;38387712;495190016;0;0;0;0;0;0;0;0;0;0;0;4298;0;0;0;0;0;0;
34747;4993645;551436288;38387712;495190016;0;0;0;0;0;0;0;0;0;0;0;3917;0;0;0;0;0;0;
34748;4754036;551436288;38387712;495190016;0;0;0;0;0;0;0;0;0;0;0;4228;0;0;0;0;0;0;
34749;5004445;551436288;38387712;495190016;0;0;0;0;0;0;0;0;0;0;0;3767;0;0;0;0;0;0;
34750;5683870;551436288;38387712;495190016;0;0;0;0;0;0;0;0;0;0;0;5149;0;0;0;0;0;0;
34751;5077041;551436288;38387712;495190016;0;0;0;0;0;0;0;0;0;0;0;4027;0;0;0;0;0;0;
34752;5749553;551436288;38387712;495190016;0;0;0;0;0;0;0;0;0;0;0;4368;0;0;0;0;0;0;
34753;4979429;551436288;38387712;495190016;0;0;0;0;0;0;0;0;0;0;0;4078;0;0;0;0;0;0;
34754;4924385;551436288;38387712;495190016;0;0;0;0;0;0;0;0;0;0;0;4548;0;0;0;0;0;0;
34755;5449320;551436288;38387712;495190016;0;0;0;0;0;0;0;0;0;0;0;6743;0;0;0;0;0;0;
34756;4191080;551436288;38387712;495190016;0;0;0;0;0;0;0;0;0;0;0;3716;0;0;0;0;0;0;
34757;5257059;551436288;38387712;495190016;0;0;0;0;0;0;0;0;0;0;0;5560;0;0;0;0;0;0;
34758;4442923;551436288;38387712;495190016;0;0;0;0;0;0;0;0;0;0;0;4228;0;0;0;0;0;0;
34759;5281985;551436288;38387712;495190016;0;0;0;0;0;0;0;0;0;0;0;5089;0;0;0;0;0;0;
34760;4371758;551436288;38387712;495190016;0;0;0;0;0;0;0;0;0;0;0;3396;0;0;0;0;0;0;
34761;5262048;551436288;38387712;495190016;0;0;0;0;0;0;0;0;0;0;0;4148;0;0;0;0;0;0;
34762;3252129;551436288;38387712;495190016;0;0;0;0;0;0;0;0;0;0;0;3156;0;0;0;0;0;0;
34763;4902875;551436288;38387712;495190016;0;0;0;0;0;0;0;0;0;0;0;3347;0;0;0;0;0;0;
34764;3536322;551436288;38387712;495190016;0;0;0;0;0;0;0;0;0;0;0;3507;0;0;0;0;0;0;
34765;4869803;551436288;38387712;495190016;0;0;0;0;0;0;0;0;0;0;0;3276;0;0;0;0;0;0;
34766;3648532;551436288;38387712;495190016;0;0;0;0;0;0;0;0;0;0;0;3596;0;0;0;0;0;0;
34767;5368798;551436288;38387712;495190016;0;0;0;0;0;0;0;0;0;0;0;4018;0;0;0;0;0;0;
34768;4385084;551436288;38387712;495190016;0;0;0;0;0;0;0;0;0;0;0;4208;0;0;0;0;0;0;
34769;4921179;551436288;38387712;495190016;0;0;0;0;0;0;0;0;0;0;0;3967;0;0;0;0;0;0;
34770;4151075;551436288;38387712;495190016;0;0;0;0;0;0;0;0;0;0;0;3095;0;0;0;0;0;0;
34771;4842251;551436288;38387712;495190016;0;0;0;0;0;0;0;0;0;0;0;2775;0;0;0;0;0;0;
34772;4157307;551436288;38387712;495190016;0;0;0;0;0;0;0;0;0;0;0;4147;0;0;0;0;0;0;
34773;4740630;551436288;38387712;495190016;0;0;0;0;0;0;0;0;0;0;0;3627;0;0;0;0;0;0;
34774;4295025;551436288;38387712;495190016;0;0;0;0;0;0;0;0;0;0;0;3386;0;0;0;0;0;0;
34775;4692450;551436288;38387712;495190016;0;0;0;0;0;0;0;0;0;0;0;3687;0;0;0;0;0;0;
34776;4050246;551436288;38387712;495190016;0;0;0;0;0;0;0;0;0;0;0;4458;0;0;0;0;0;0;
34777;4725633;551436288;38387712;495190016;0;0;0;0;0;0;0;0;0;0;0;2955;0;0;0;0;0;0;
34778;3984653;551436288;38387712;495190016;0;0;0;0;0;0;0;0;0;0;0;3176;0;0;0;0;0;0;
34779;4852771;551436288;38387712;495190016;0;0;0;0;0;0;0;0;0;0;0;3536;0;0;0;0;0;0;
34780;3906005;551436288;38387712;495190016;0;0;0;0;0;0;0;0;0;0;0;3917;0;0;0;0;0;0;
34781;4909277;551436288;38387712;495190016;0;0;0;0;0;0;0;0;0;0;0;4178;0;0;0;0;0;0;
34782;3907759;551436288;38387712;495190016;0;0;0;0;0;0;0;0;0;0;0;3897;0;0;0;0;0;0;
34783;4940415;551436288;38387712;495190016;0;0;0;0;0;0;0;0;0;0;0;3717;0;0;0;0;0;0;
34784;4098576;551436288;38387712;495190016;0;0;0;0;0;0;0;0;0;0;0;4058;0;0;0;0;0;0;
34785;4995649;551436288;38387712;495190016;0;0;0;0;0;0;0;0;0;0;0;3176;0;0;0;0;0;0;
34786;4008478;551436288;38387712;495190016;0;0;0;0;0;0;0;0;0;0;0;3596;0;0;0;0;0;0;
34787;4947168;551436288;38387712;495190016;0;0;0;0;0;0;0;0;0;0;0;3707;0;0;0;0;0;0;
34788;4052259;551436288;38387712;495190016;0;0;0;0;0;0;0;0;0;0;0;4278;0;0;0;0;0;0;
34789;5359250;551436288;38387712;495190016;0;0;0;0;0;0;0;0;0;0;0;4439;0;0;0;0;0;0;
34790;4166343;551436288;38387712;495190016;0;0;0;0;0;0;0;0;0;0;0;3276;0;0;0;0;0;0;
34791;5010046;551436288;38387712;495190016;0;0;0;0;0;0;0;0;0;0;0;4158;0;0;0;0;0;0;
34792;4100681;551436288;38387712;495190016;0;0;0;0;0;0;0;0;0;0;0;3858;0;0;0;0;0;0;
34793;4814279;551436288;38387712;495190016;0;0;0;0;0;0;0;0;0;0;0;3226;0;0;0;0;0;0;
34794;4042331;551436288;38387712;495190016;0;0;0;0;0;0;0;0;0;0;0;4208;0;0;0;0;0;0;
34795;4931428;551436288;38387712;495190016;0;0;0;0;0;0;0;0;0;0;0;3447;0;0;0;0;0;0;
34796;4375887;551436288;38387712;495190016;0;0;0;0;0;0;0;0;0;0;0;3216;0;0;0;0;0;0;
34797;4864753;551436288;38387712;495190016;0;0;0;0;0;0;0;0;0;0;0;2755;0;0;0;0;0;0;
34798;3927907;551436288;38387712;495190016;0;0;0;0;0;0;0;0;0;0;0;3587;0;0;0;0;0;0;
34799;4862920;551436288;38387712;495190016;0;0;0;0;0;0;0;0;0;0;0;3506;0;0;0;0;0;0;
34800;4032493;551436288;38387712;495190016;0;0;0;0;0;0;0;0;0;0;0;3617;0;0;0;0;0;0;
34801;4808388;551436288;38387712;495190016;0;0;0;0;0;0;0;0;0;0;0;3006;0;0;0;0;0;0;
34802;4155683;551436288;38387712;495190016;0;0;0;0;0;0;0;0;0;0;0;3997;0;0;0;0;0;0;
34803;4779754;551436288;38387712;495190016;0;0;0;0;0;0;0;0;0;0;0;2955;0;0;0;0;0;0;
34804;4466306;551436288;38387712;495190016;0;0;0;0;0;0;0;0;0;0;0;4429;0;0;0;0;0;0;
34805;4729790;551436288;38387712;495190016;0;0;0;0;0;0;0;0;0;0;0;3286;0;0;0;0;0;0;
34806;3929039;551436288;38387712;495190016;0;0;0;0;0;0;0;0;0;0;0;3406;0;0;0;0;0;0;
34807;4854444;551436288;38387712;495190016;0;0;0;0;0;0;0;0;0;0;0;3757;0;0;0;0;0;0;
34808;4007716;551436288;38387712;495190016;0;0;0;0;0;0;0;0;0;0;0;3297;0;0;0;0;0;0;
34809;4776999;551436288;38387712;495190016;0;0;0;0;0;0;0;0;0;0;0;3346;0;0;0;0;0;0;
34810;3849078;551436288;38387712;495190016;0;0;0;0;0;0;0;0;0;0;0;3687;0;0;0;0;0;0;
34811;4836871;551436288;38387712;495190016;0;0;0;0;0;0;0;0;0;0;0;3447;0;0;0;0;0;0;
34812;3907768;551436288;38387712;495190016;0;0;0;0;0;0;0;0;0;0;0;4007;0;0;0;0;0;0;
34813;4902594;551436288;38387712;495190016;0;0;0;0;0;0;0;0;0;0;0;3918;0;0;0;0;0;0;
34814;4439185;551436288;38387712;495190016;0;0;0;0;0;0;0;0;0;0;0;3757;0;0;0;0;0;0;
34815;4803689;551436288;38387712;495190016;0;0;0;0;0;0;0;0;0;0;0;3787;0;0;0;0;0;0;
34816;4143661;551436288;38387712;495190016;0;0;0;0;0;0;0;0;0;0;0;3557;0;0;0;0;0;0;
34817;4858792;551436288;38387712;495190016;0;0;0;0;0;0;0;0;0;0;0;3076;0;0;0;0;0;0;
34818;4123533;551436288;38387712;495190016;0;0;0;0;0;0;0;0;0;0;0;3757;0;0;0;0;0;0;
34819;4846920;551436288;38387712;495190016;0;0;0;0;0;0;0;0;0;0;0;3356;0;0;0;0;0;0;
34820;3561860;551436288;38387712;495190016;0;0;0;0;0;0;0;0;0;0;0;2765;0;0;0;0;0;0;
34821;4602802;551436288;38387712;495190016;0;0;0;0;0;0;0;0;0;0;0;2735;0;0;0;0;0;0;
34822;3849069;551436288;38387712;495190016;0;0;0;0;0;0;0;0;0;0;0;3446;0;0;0;0;0;0;
34823;4804831;551436288;38387712;495190016;0;0;0;0;0;0;0;0;0;0;0;3056;0;0;0;0;0;0;
34824;4007025;551436288;38387712;495190016;0;0;0;0;0;0;0;0;0;0;0;3847;0;0;0;0;0;0;
34825;4979308;551436288;38387712;495190016;0;0;0;0;0;0;0;0;0;0;0;3717;0;0;0;0;0;0;
34826;4168086;551436288;38387712;495190016;0;0;0;0;0;0;0;0;0;0;0;3497;0;0;0;0;0;0;
34827;4762431;551436288;38387712;495190016;0;0;0;0;0;0;0;0;0;0;0;2946;0;0;0;0;0;0;
34828;4394090;551436288;38387712;495190016;0;0;0;0;0;0;0;0;0;0;0;4058;0;0;0;0;0;0;
34829;4691519;551436288;38387712;495190016;0;0;0;0;0;0;0;0;0;0;0;2785;0;0;0;0;0;0;
34830;4429427;551436288;38387712;495190016;0;0;0;0;0;0;0;0;0;0;0;4088;0;0;0;0;0;0;
34831;4679215;551436288;38387712;495190016;0;0;0;0;0;0;0;0;0;0;0;2956;0;0;0;0;0;0;
34832;4228510;551436288;38387712;495190016;0;0;0;0;0;0;0;0;0;0;0;3537;0;0;0;0;0;0;
34833;4730362;551436288;38387712;495190016;0;0;0;0;0;0;0;0;0;0;0;2855;0;0;0;0;0;0;
34834;4208493;551436288;38387712;495190016;0;0;0;0;0;0;0;0;0;0;0;4599;0;0;0;0;0;0;
34835;4873329;551436288;38387712;495190016;0;0;0;0;0;0;0;0;0;0;0;3075;0;0;0;0;0;0;
34836;4036570;551436288;38387712;495190016;0;0;0;0;0;0;0;0;0;0;0;4468;0;0;0;0;0;0;
34837;4876676;551436288;38387712;495190016;0;0;0;0;0;0;0;0;0;0;0;3567;0;0;0;0;0;0;
34838;3959536;551436288;38387712;495190016;0;0;0;0;0;0;0;0;0;0;0;3426;0;0;0;0;0;0;
34839;4971073;551436288;38387712;495190016;0;0;0;0;0;0;0;0;0;0;0;4469;0;0;0;0;0;0;
34840;4102293;551436288;38387712;495190016;0;0;0;0;0;0;0;0;0;0;0;3747;0;0;0;0;0;0;
34841;5011709;551436288;38387712;495190016;0;0;0;0;0;0;0;0;0;0;0;3306;0;0;0;0;0;0;
34842;4089079;551436288;38387712;495190016;0;0;0;0;0;0;0;0;0;0;0;3967;0;0;0;0;0;0;
34843;4777209;551436288;38387712;495190016;0;0;0;0;0;0;0;0;0;0;0;3146;0;0;0;0;0;0;
34844;4480864;551436288;38387712;495190016;0;0;0;0;0;0;0;0;0;0;0;3417;0;0;0;0;0;0;
34845;4860405;551436288;38387712;495190016;0;0;0;0;0;0;0;0;0;0;0;3958;0;0;0;0;0;0;
34846;4063200;551436288;38387712;495190016;0;0;0;0;0;0;0;0;0;0;0;3747;0;0;0;0;0;0;
34847;4855696;551436288;38387712;495190016;0;0;0;0;0;0;0;0;0;0;0;3246;0;0;0;0;0;0;
34848;4161204;551436288;38387712;495190016;0;0;0;0;0;0;0;0;0;0;0;3947;0;0;0;0;0;0;
34849;4768232;551436288;38387712;495190016;0;0;0;0;0;0;0;0;0;0;0;3626;0;0;0;0;0;0;
34850;3973803;551436288;38387712;495190016;0;0;0;0;0;0;0;0;0;0;0;4067;0;0;0;0;0;0;
34851;4974258;551436288;38387712;495190016;0;0;0;0;0;0;0;0;0;0;0;3948;0;0;0;0;0;0;
34852;5064117;551436288;38387712;495190016;0;0;0;0;0;0;0;0;0;0;0;3918;0;0;0;0;0;0;
34853;4832562;551436288;38387712;495190016;0;0;0;0;0;0;0;0;0;0;0;3186;0;0;0;0;0;0;
34854;4444144;551436288;38387712;495190016;0;0;0;0;0;0;0;0;0;0;0;3787;0;0;0;0;0;0;
34855;4783411;551436288;38387712;495190016;0;0;0;0;0;0;0;0;0;0;0;3366;0;0;0;0;0;0;
34856;4038353;551436288;38387712;495190016;0;0;0;0;0;0;0;0;0;0;0;3967;0;0;0;0;0;0;
34857;4834366;551436288;38387712;495190016;0;0;0;0;0;0;0;0;0;0;0;3517;0;0;0;0;0;0;
34858;3986516;551436288;38387712;495190016;0;0;0;0;0;0;0;0;0;0;0;3917;0;0;0;0;0;0;
34859;4875213;551436288;38387712;495190016;0;0;0;0;0;0;0;0;0;0;0;4158;0;0;0;0;0;0;
34860;4090160;551436288;38387712;495190016;0;0;0;0;0;0;0;0;0;0;0;4047;0;0;0;0;0;0;
34861;4923193;551436288;38387712;495190016;0;0;0;0;0;0;0;0;0;0;0;3707;0;0;0;0;0;0;
34862;4493677;551436288;38387712;495190016;0;0;0;0;0;0;0;0;0;0;0;3667;0;0;0;0;0;0;
34863;4783691;551436288;38387712;495190016;0;0;0;0;0;0;0;0;0;0;0;4419;0;0;0;0;0;0;
34864;3965006;551436288;38387712;495190016;0;0;0;0;0;0;0;0;0;0;0;4158;0;0;0;0;0;0;
34865;4788290;551436288;38387712;495190016;0;0;0;0;0;0;0;0;0;0;0;3266;0;0;0;0;0;0;
34866;4180971;551436288;38387712;495190016;0;0;0;0;0;0;0;0;0;0;0;4308;0;0;0;0;0;0;
34867;4852621;551436288;38387712;495190016;0;0;0;0;0;0;0;0;0;0;0;3928;0;0;0;0;0;0;
34868;4366349;551436288;38387712;495190016;0;0;0;0;0;0;0;0;0;0;0;3977;0;0;0;0;0;0;
34869;5037327;551436288;38387712;495190016;0;0;0;0;0;0;0;0;0;0;0;4027;0;0;0;0;0;0;
34870;4296557;551436288;38387712;495190016;0;0;0;0;0;0;0;0;0;0;0;4338;0;0;0;0;0;0;
34871;4805051;551436288;38387712;495190016;0;0;0;0;0;0;0;0;0;0;0;4178;0;0;0;0;0;0;
34872;4028785;551436288;38387712;495190016;0;0;0;0;0;0;0;0;0;0;0;4228;0;0;0;0;0;0;
34873;4829497;551436288;38387712;495190016;0;0;0;0;0;0;0;0;0;0;0;3827;0;0;0;0;0;0;
34874;4037121;551436288;38387712;495190016;0;0;0;0;0;0;0;0;0;0;0;4398;0;0;0;0;0;0;
34875;4979849;551436288;38387712;495190016;0;0;0;0;0;0;0;0;0;0;0;4088;0;0;0;0;0;0;
34876;4092355;551436288;38387712;495190016;0;0;0;0;0;0;0;0;0;0;0;3878;0;0;0;0;0;0;
34877;4754387;551436288;38387712;495190016;0;0;0;0;0;0;0;0;0;0;0;3887;0;0;0;0;0;0;
34878;3867132;551436288;38387712;495190016;0;0;0;0;0;0;0;0;0;0;0;4238;0;0;0;0;0;0;
34879;4805913;551436288;38387712;495190016;0;0;0;0;0;0;0;0;0;0;0;3937;0;0;0;0;0;0;
34880;3944468;551436288;38387712;495190016;0;0;0;0;0;0;0;0;0;0;0;4107;0;0;0;0;0;0;
34881;4928613;551436288;38387712;495190016;0;0;0;0;0;0;0;0;0;0;0;3537;0;0;0;0;0;0;
34882;3981056;551436288;38387712;495190016;0;0;0;0;0;0;0;0;0;0;0;3867;0;0;0;0;0;0;
34883;4827153;551436288;38387712;495190016;0;0;0;0;0;0;0;0;0;0;0;4619;0;0;0;0;0;0;
34884;4295917;551436288;38387712;495190016;0;0;0;0;0;0;0;0;0;0;0;3527;0;0;0;0;0;0;
34885;5251208;551436288;38387712;495190016;0;0;0;0;0;0;0;0;0;0;0;4228;0;0;0;0;0;0;
34886;3999711;551436288;38387712;495190016;0;0;0;0;0;0;0;0;0;0;0;3837;0;0;0;0;0;0;
34887;5083493;551436288;38395904;495198208;0;0;0;0;0;0;0;0;0;0;0;3687;0;0;0;0;0;0;
34888;4315704;551436288;38395904;495198208;0;0;0;0;0;0;0;0;0;0;0;3697;0;0;0;0;0;0;
34889;4745450;551436288;38395904;495198208;0;0;0;0;0;0;0;0;0;0;0;3456;0;0;0;0;0;0;
34890;3850161;551436288;38395904;495198208;0;0;0;0;0;0;0;0;0;0;0;3747;0;0;0;0;0;0;
34891;4914256;551436288;38395904;495198208;0;0;0;0;0;0;0;0;0;0;0;3747;0;0;0;0;0;0;
34892;3980124;551436288;38395904;495198208;0;0;0;0;0;0;0;0;0;0;0;4047;0;0;0;0;0;0;
34893;5228576;551436288;38395904;495198208;0;0;0;0;0;0;0;0;0;0;0;3667;0;0;0;0;0;0;
34894;4023636;551473152;38387712;495190016;0;0;0;0;0;0;0;0;0;0;0;4137;0;0;0;0;0;0;
34895;4841940;551473152;38387712;495190016;0;0;0;0;0;0;0;0;0;0;0;4208;0;0;0;0;0;0;
34896;4075533;551473152;38387712;495190016;0;0;0;0;0;0;0;0;0;0;0;4008;0;0;0;0;0;0;
34897;4898667;551473152;38387712;495190016;0;0;0;0;0;0;0;0;0;0;0;3697;0;0;0;0;0;0;
34898;3962942;551473152;38387712;495190016;0;0;0;0;0;0;0;0;0;0;0;4118;0;0;0;0;0;0;
34899;5183310;551473152;38387712;495190016;0;0;0;0;0;0;0;0;0;0;0;3857;0;0;0;0;0;0;
34900;4199386;551473152;38387712;495190016;0;0;0;0;0;0;0;0;0;0;0;3988;0;0;0;0;0;0;
34901;4765217;551473152;38387712;495190016;0;0;0;0;0;0;0;0;0;0;0;2865;0;0;0;0;0;0;
34902;4228800;551473152;38387712;495190016;0;0;0;0;0;0;0;0;0;0;0;4188;0;0;0;0;0;0;
34903;5024353;551473152;38387712;495190016;0;0;0;0;0;0;0;0;0;0;0;3747;0;0;0;0;0;0;
34904;4365858;551473152;38387712;495190016;0;0;0;0;0;0;0;0;0;0;0;3937;0;0;0;0;0;0;
34905;4801705;551473152;38387712;495190016;0;0;0;0;0;0;0;0;0;0;0;3747;0;0;0;0;0;0;
34906;4478509;551473152;38387712;495190016;0;0;0;0;0;0;0;0;0;0;0;4187;0;0;0;0;0;0;
34907;4879350;551473152;38387712;495190016;0;0;0;0;0;0;0;0;0;0;0;3857;0;0;0;0;0;0;
34908;4107844;551473152;38387712;495190016;0;0;0;0;0;0;0;0;0;0;0;4769;0;0;0;0;0;0;
34909;4833254;551473152;38387712;495190016;0;0;0;0;0;0;0;0;0;0;0;3506;0;0;0;0;0;0;
34910;4548871;551473152;38387712;495190016;0;0;0;0;0;0;0;0;0;0;0;4909;0;0;0;0;0;0;
34911;5011920;551473152;38387712;495190016;0;0;0;0;0;0;0;0;0;0;0;4378;0;0;0;0;0;0;
34912;4368703;551473152;38387712;495190016;0;0;0;0;0;0;0;0;0;0;0;5260;0;0;0;0;0;0;
34913;4741953;551473152;38387712;495190016;0;0;0;0;0;0;0;0;0;0;0;3767;0;0;0;0;0;0;
34914;3573071;551473152;38387712;495190016;0;0;0;0;0;0;0;0;0;0;0;3166;0;0;0;0;0;0;
34915;4657775;551473152;38387712;495190016;0;0;0;0;0;0;0;0;0;0;0;3357;0;0;0;0;0;0;
34916;2994235;551473152;38387712;495190016;0;0;0;0;0;0;0;0;0;0;0;3968;0;0;0;0;0;0;
34917;4498206;551473152;38387712;495190016;0;0;0;0;0;0;0;0;0;0;0;3066;0;0;0;0;0;0;
34918;3150198;551473152;38387712;495190016;0;0;0;0;0;0;0;0;0;0;0;4157;0;0;0;0;0;0;
34919;4515058;551473152;38387712;495190016;0;0;0;0;0;0;0;0;0;0;0;2625;0;0;0;0;0;0;
34920;3561218;551473152;38387712;495190016;0;0;0;0;0;0;0;0;0;0;0;4378;0;0;0;0;0;0;
34921;4879180;551473152;38387712;495190016;0;0;0;0;0;0;0;0;0;0;0;3717;0;0;0;0;0;0;
34922;4127510;551473152;38387712;495190016;0;0;0;0;0;0;0;0;0;0;0;4157;0;0;0;0;0;0;
34923;4738507;551473152;38387712;495190016;0;0;0;0;0;0;0;0;0;0;0;3967;0;0;0;0;0;0;
34924;13243106;551473152;38387712;495190016;0;0;0;0;0;0;0;0;0;0;0;4489;0;0;0;0;0;0;
34925;5196786;551473152;38387712;495190016;0;0;0;0;0;0;0;0;0;0;0;4167;0;0;0;0;0;0;
34926;4351891;551473152;38387712;495190016;0;0;0;0;0;0;0;0;0;0;0;4419;0;0;0;0;0;0;
34927;5091659;551473152;38387712;495190016;0;0;0;0;0;0;0;0;0;0;0;3687;0;0;0;0;0;0;
34928;4338807;551473152;38387712;495190016;0;0;0;0;0;0;0;0;0;0;0;3416;0;0;0;0;0;0;
34929;4545514;551473152;38387712;495190016;0;0;0;0;0;0;0;0;0;0;0;2725;0;0;0;0;0;0;
34930;3320708;551473152;38387712;495190016;0;0;0;0;0;0;0;0;0;0;0;3306;0;0;0;0;0;0;
34931;4676680;551473152;38387712;495190016;0;0;0;0;0;0;0;0;0;0;0;3076;0;0;0;0;0;0;
34932;3110804;551473152;38387712;495190016;0;0;0;0;0;0;0;0;0;0;0;2865;0;0;0;0;0;0;
34933;4497154;551473152;38387712;495190016;0;0;0;0;0;0;0;0;0;0;0;2745;0;0;0;0;0;0;
34934;3667197;551473152;38387712;495190016;0;0;0;0;0;0;0;0;0;0;0;4418;0;0;0;0;0;0;
34935;4788791;551473152;38387712;495190016;0;0;0;0;0;0;0;0;0;0;0;3686;0;0;0;0;0;0;
34936;3987859;551473152;38387712;495190016;0;0;0;0;0;0;0;0;0;0;0;3156;0;0;0;0;0;0;
34937;4557016;551473152;38387712;495190016;0;0;0;0;0;0;0;0;0;0;0;2735;0;0;0;0;0;0;
34938;3027508;551473152;38387712;495190016;0;0;0;0;0;0;0;0;0;0;0;3337;0;0;0;0;0;0;
34939;4748565;551473152;38387712;495190016;0;0;0;0;0;0;0;0;0;0;0;2966;0;0;0;0;0;0;
34940;3224106;551473152;38387712;495190016;0;0;0;0;0;0;0;0;0;0;0;4329;0;0;0;0;0;0;
34941;4983606;551473152;38387712;495190016;0;0;0;0;0;0;0;0;0;0;0;3577;0;0;0;0;0;0;
34942;4241545;551473152;38387712;495190016;0;0;0;0;0;0;0;0;0;0;0;3847;0;0;0;0;0;0;
34943;5044651;551473152;38387712;495190016;0;0;0;0;0;0;0;0;0;0;0;3697;0;0;0;0;0;0;
34944;4122983;551473152;38387712;495190016;0;0;0;0;0;0;0;0;0;0;0;3917;0;0;0;0;0;0;
34945;4871947;551473152;38387712;495190016;0;0;0;0;0;0;0;0;0;0;0;3457;0;0;0;0;0;0;
34946;4024627;551473152;38387712;495190016;0;0;0;0;0;0;0;0;0;0;0;2956;0;0;0;0;0;0;
34947;4616558;551473152;38387712;495190016;0;0;0;0;0;0;0;0;0;0;0;3236;0;0;0;0;0;0;
34948;2992182;551473152;38387712;495190016;0;0;0;0;0;0;0;0;0;0;0;3176;0;0;0;0;0;0;
34949;4633390;551473152;38387712;495190016;0;0;0;0;0;0;0;0;0;0;0;3106;0;0;0;0;0;0;
34950;2982333;551473152;38387712;495190016;0;0;0;0;0;0;0;0;0;0;0;3637;0;0;0;0;0;0;
34951;4669627;551473152;38387712;495190016;0;0;0;0;0;0;0;0;0;0;0;3016;0;0;0;0;0;0;
34952;2926057;551473152;38387712;495190016;0;0;0;0;0;0;0;0;0;0;0;3657;0;0;0;0;0;0;
34953;4696147;551473152;38387712;495190016;0;0;0;0;0;0;0;0;0;0;0;2765;0;0;0;0;0;0;
34954;3014483;551473152;38387712;495190016;0;0;0;0;0;0;0;0;0;0;0;3727;0;0;0;0;0;0;
34955;4670349;551473152;38387712;495190016;0;0;0;0;0;0;0;0;0;0;0;3156;0;0;0;0;0;0;
34956;3021637;551473152;38387712;495190016;0;0;0;0;0;0;0;0;0;0;0;3556;0;0;0;0;0;0;
34957;4836330;551473152;38387712;495190016;0;0;0;0;0;0;0;0;0;0;0;2555;0;0;0;0;0;0;
34958;2863410;551473152;38387712;495190016;0;0;0;0;0;0;0;0;0;0;0;3086;0;0;0;0;0;0;
34959;4562687;551473152;38387712;495190016;0;0;0;0;0;0;0;0;0;0;0;2825;0;0;0;0;0;0;
34960;2951205;551473152;38387712;495190016;0;0;0;0;0;0;0;0;0;0;0;3366;0;0;0;0;0;0;
34961;4435538;551473152;38387712;495190016;0;0;0;0;0;0;0;0;0;0;0;2896;0;0;0;0;0;0;
34962;3178010;551473152;38387712;495190016;0;0;0;0;0;0;0;0;0;0;0;2975;0;0;0;0;0;0;
34963;4617459;551473152;38387712;495190016;0;0;0;0;0;0;0;0;0;0;0;2975;0;0;0;0;0;0;
34964;2838804;551473152;38387712;495190016;0;0;0;0;0;0;0;0;0;0;0;3126;0;0;0;0;0;0;
34965;4621597;551473152;38387712;495190016;0;0;0;0;0;0;0;0;0;0;0;3376;0;0;0;0;0;0;
34966;2894879;551473152;38387712;495190016;0;0;0;0;0;0;0;0;0;0;0;3316;0;0;0;0;0;0;
34967;4733998;551473152;38387712;495190016;0;0;0;0;0;0;0;0;0;0;0;3377;0;0;0;0;0;0;
34968;3173512;551473152;38387712;495190016;0;0;0;0;0;0;0;0;0;0;0;2826;0;0;0;0;0;0;
34969;4507854;551473152;38387712;495190016;0;0;0;0;0;0;0;0;0;0;0;2805;0;0;0;0;0;0;
34970;2925767;551473152;38387712;495190016;0;0;0;0;0;0;0;0;0;0;0;3026;0;0;0;0;0;0;
34971;4484721;551473152;38387712;495190016;0;0;0;0;0;0;0;0;0;0;0;2565;0;0;0;0;0;0;
34972;2850656;551473152;38387712;495190016;0;0;0;0;0;0;0;0;0;0;0;3005;0;0;0;0;0;0;
34973;4509437;551473152;38387712;495190016;0;0;0;0;0;0;0;0;0;0;0;2575;0;0;0;0;0;0;
34974;2949151;551473152;38387712;495190016;0;0;0;0;0;0;0;0;0;0;0;3036;0;0;0;0;0;0;
34975;4664207;551473152;38387712;495190016;0;0;0;0;0;0;0;0;0;0;0;3106;0;0;0;0;0;0;
34976;3368998;551473152;38387712;495190016;0;0;0;0;0;0;0;0;0;0;0;3046;0;0;0;0;0;0;
34977;4613803;551473152;38387712;495190016;0;0;0;0;0;0;0;0;0;0;0;2635;0;0;0;0;0;0;
34978;2967976;551473152;38387712;495190016;0;0;0;0;0;0;0;0;0;0;0;3486;0;0;0;0;0;0;
34979;4552557;551473152;38387712;495190016;0;0;0;0;0;0;0;0;0;0;0;2976;0;0;0;0;0;0;
34980;3551851;551473152;38387712;495190016;0;0;0;0;0;0;0;0;0;0;0;3918;0;0;0;0;0;0;
34981;4880613;551473152;38387712;495190016;0;0;0;0;0;0;0;0;0;0;0;3607;0;0;0;0;0;0;
34982;4007465;551473152;38387712;495190016;0;0;0;0;0;0;0;0;0;0;0;3918;0;0;0;0;0;0;
34983;4837282;551473152;38387712;495190016;0;0;0;0;0;0;0;0;0;0;0;3487;0;0;0;0;0;0;
34984;4507934;551473152;38387712;495190016;0;0;0;0;0;0;0;0;0;0;0;3798;0;0;0;0;0;0;
34985;4829797;551473152;38387712;495190016;0;0;0;0;0;0;0;0;0;0;0;3596;0;0;0;0;0;0;
34986;4112823;551473152;38387712;495190016;0;0;0;0;0;0;0;0;0;0;0;4027;0;0;0;0;0;0;
34987;5213317;551473152;38387712;495190016;0;0;0;0;0;0;0;0;0;0;0;4008;0;0;0;0;0;0;
34988;4200517;551473152;38387712;495190016;0;0;0;0;0;0;0;0;0;0;0;4148;0;0;0;0;0;0;
34989;4809420;551473152;38387712;495190016;0;0;0;0;0;0;0;0;0;0;0;3256;0;0;0;0;0;0;
34990;3762596;551473152;38387712;495190016;0;0;0;0;0;0;0;0;0;0;0;3176;0;0;0;0;0;0;
34991;4580270;551473152;38387712;495190016;0;0;0;0;0;0;0;0;0;0;0;3146;0;0;0;0;0;0;
34992;3334814;551473152;38387712;495190016;0;0;0;0;0;0;0;0;0;0;0;3376;0;0;0;0;0;0;
34993;4502394;551473152;38387712;495190016;0;0;0;0;0;0;0;0;0;0;0;2805;0;0;0;0;0;0;
34994;3158323;551473152;38387712;495190016;0;0;0;0;0;0;0;0;0;0;0;3637;0;0;0;0;0;0;
34995;4742915;551473152;38387712;495190016;0;0;0;0;0;0;0;0;0;0;0;2846;0;0;0;0;0;0;
34996;3134038;551473152;38387712;495190016;0;0;0;0;0;0;0;0;0;0;0;9027;0;0;0;0;0;0;
34997;4517963;551473152;38387712;495190016;0;0;0;0;0;0;0;0;0;0;0;2455;0;0;0;0;0;0;
34998;3095054;551473152;38387712;495190016;0;0;0;0;0;0;0;0;0;0;0;3216;0;0;0;0;0;0;
34999;4807075;551473152;38387712;495190016;0;0;0;0;0;0;0;0;0;0;0;2705;0;0;0;0;0;0;
35000;3268259;551473152;38387712;495190016;0;0;0;0;0;0;0;0;0;0;0;3206;0;0;0;0;0;0;
35001;4590880;551473152;38387712;495190016;0;0;0;0;0;0;0;0;0;0;0;3116;0;0;0;0;0;0;
35002;2873850;551473152;38387712;495190016;0;0;0;0;0;0;0;0;0;0;0;3337;0;0;0;0;0;0;
35003;4449254;551473152;38387712;495190016;0;0;0;0;0;0;0;0;0;0;0;3036;0;0;0;0;0;0;
35004;3223225;551473152;38387712;495190016;0;0;0;0;0;0;0;0;0;0;0;3166;0;0;0;0;0;0;
35005;4709592;551473152;38395904;495198208;0;0;0;0;0;0;0;0;0;0;0;3366;0;0;0;0;0;0;
35006;3087470;551473152;38395904;495198208;0;0;0;0;0;0;0;0;0;0;0;2845;0;0;0;0;0;0;
35007;4544212;551473152;38395904;495198208;0;0;0;0;0;0;0;0;0;0;0;2615;0;0;0;0;0;0;
35008;2927059;551473152;38395904;495198208;0;0;0;0;0;0;0;0;0;0;0;3085;0;0;0;0;0;0;
35009;4544743;551473152;38395904;495198208;0;0;0;0;0;0;0;0;0;0;0;2194;0;0;0;0;0;0;
35010;3266355;551473152;38395904;495198208;0;0;0;0;0;0;0;0;0;0;0;3296;0;0;0;0;0;0;
35011;4473589;551473152;38395904;495198208;0;0;0;0;0;0;0;0;0;0;0;3125;0;0;0;0;0;0;
35012;3036395;551489536;38387712;495190016;0;0;0;0;0;0;0;0;0;0;0;3266;0;0;0;0;0;0;
35013;4474481;551489536;38387712;495190016;0;0;0;0;0;0;0;0;0;0;0;3386;0;0;0;0;0;0;
35014;3564445;551489536;38387712;495190016;0;0;0;0;0;0;0;0;0;0;0;3987;0;0;0;0;0;0;
35015;4753745;551489536;38387712;495190016;0;0;0;0;0;0;0;0;0;0;0;3968;0;0;0;0;0;0;
35016;4330711;551489536;38387712;495190016;0;0;0;0;0;0;0;0;0;0;0;3968;0;0;0;0;0;0;
35017;4933603;551489536;38387712;495190016;0;0;0;0;0;0;0;0;0;0;0;4258;0;0;0;0;0;0;
35018;4848143;551489536;38387712;495190016;0;0;0;0;0;0;0;0;0;0;0;3857;0;0;0;0;0;0;
35019;4857259;551489536;38387712;495190016;0;0;0;0;0;0;0;0;0;0;0;3487;0;0;0;0;0;0;
35020;4353033;551489536;38387712;495190016;0;0;0;0;0;0;0;0;0;0;0;3978;0;0;0;0;0;0;
35021;4792628;551489536;38387712;495190016;0;0;0;0;0;0;0;0;0;0;0;3887;0;0;0;0;0;0;
35022;4116741;551489536;38387712;495190016;0;0;0;0;0;0;0;0;0;0;0;4198;0;0;0;0;0;0;
35023;4863401;551489536;38387712;495190016;0;0;0;0;0;0;0;0;0;0;0;3897;0;0;0;0;0;0;
35024;4169339;551489536;38387712;495190016;0;0;0;0;0;0;0;0;0;0;0;3988;0;0;0;0;0;0;
35025;4964120;551489536;38387712;495190016;0;0;0;0;0;0;0;0;0;0;0;3667;0;0;0;0;0;0;
35026;4108255;551489536;38387712;495190016;0;0;0;0;0;0;0;0;0;0;0;3947;0;0;0;0;0;0;
35027;4695496;551489536;38387712;495190016;0;0;0;0;0;0;0;0;0;0;0;3817;0;0;0;0;0;0;
35028;3881880;551489536;38387712;495190016;0;0;0;0;0;0;0;0;0;0;0;4328;0;0;0;0;0;0;
35029;4827062;551489536;38387712;495190016;0;0;0;0;0;0;0;0;0;0;0;3817;0;0;0;0;0;0;
35030;3927696;551489536;38387712;495190016;0;0;0;0;0;0;0;0;0;0;0;3987;0;0;0;0;0;0;
35031;5018582;551489536;38387712;495190016;0;0;0;0;0;0;0;0;0;0;0;3677;0;0;0;0;0;0;
35032;4080803;551489536;38387712;495190016;0;0;0;0;0;0;0;0;0;0;0;4027;0;0;0;0;0;0;
35033;4924616;551489536;38387712;495190016;0;0;0;0;0;0;0;0;0;0;0;3547;0;0;0;0;0;0;
35034;3841865;551489536;38387712;495190016;0;0;0;0;0;0;0;0;0;0;0;3887;0;0;0;0;0;0;
35035;5107588;551489536;38387712;495190016;0;0;0;0;0;0;0;0;0;0;0;3907;0;0;0;0;0;0;
35036;4041759;551489536;38387712;495190016;0;0;0;0;0;0;0;0;0;0;0;4138;0;0;0;0;0;0;
35037;4854324;551489536;38387712;495190016;0;0;0;0;0;0;0;0;0;0;0;3617;0;0;0;0;0;0;
35038;4126659;551489536;38387712;495190016;0;0;0;0;0;0;0;0;0;0;0;4508;0;0;0;0;0;0;
35039;4911150;551489536;38387712;495190016;0;0;0;0;0;0;0;0;0;0;0;3626;0;0;0;0;0;0;
35040;3970837;551489536;38387712;495190016;0;0;0;0;0;0;0;0;0;0;0;4058;0;0;0;0;0;0;
35041;4902024;551489536;38387712;495190016;0;0;0;0;0;0;0;0;0;0;0;3396;0;0;0;0;0;0;
35042;4281319;551489536;38387712;495190016;0;0;0;0;0;0;0;0;0;0;0;3807;0;0;0;0;0;0;
35043;4763714;551489536;38387712;495190016;0;0;0;0;0;0;0;0;0;0;0;3847;0;0;0;0;0;0;
35044;3980545;551489536;38387712;495190016;0;0;0;0;0;0;0;0;0;0;0;4178;0;0;0;0;0;0;
35045;4946106;551489536;38387712;495190016;0;0;0;0;0;0;0;0;0;0;0;3547;0;0;0;0;0;0;
35046;4030559;551489536;38387712;495190016;0;0;0;0;0;0;0;0;0;0;0;3827;0;0;0;0;0;0;
35047;4974479;551489536;38387712;495190016;0;0;0;0;0;0;0;0;0;0;0;3677;0;0;0;0;0;0;
35048;4060405;551489536;38387712;495190016;0;0;0;0;0;0;0;0;0;0;0;3857;0;0;0;0;0;0;
35049;4855456;551489536;38387712;495190016;0;0;0;0;0;0;0;0;0;0;0;3888;0;0;0;0;0;0;
35050;4233289;551489536;38387712;495190016;0;0;0;0;0;0;0;0;0;0;0;3878;0;0;0;0;0;0;
35051;4823987;551489536;38387712;495190016;0;0;0;0;0;0;0;0;0;0;0;3747;0;0;0;0;0;0;
35052;4194947;551489536;38387712;495190016;0;0;0;0;0;0;0;0;0;0;0;3437;0;0;0;0;0;0;
35053;4809569;551489536;38387712;495190016;0;0;0;0;0;0;0;0;0;0;0;3467;0;0;0;0;0;0;
35054;4356660;551489536;38387712;495190016;0;0;0;0;0;0;0;0;0;0;0;3707;0;0;0;0;0;0;
35055;4799221;551489536;38387712;495190016;0;0;0;0;0;0;0;0;0;0;0;3397;0;0;0;0;0;0;
35056;4177915;551489536;38387712;495190016;0;0;0;0;0;0;0;0;0;0;0;3607;0;0;0;0;0;0;
35057;4830679;551489536;38387712;495190016;0;0;0;0;0;0;0;0;0;0;0;3406;0;0;0;0;0;0;
35058;4250641;551489536;38387712;495190016;0;0;0;0;0;0;0;0;0;0;0;3737;0;0;0;0;0;0;
35059;5054359;551489536;38387712;495190016;0;0;0;0;0;0;0;0;0;0;0;3737;0;0;0;0;0;0;
35060;4083318;551489536;38387712;495190016;0;0;0;0;0;0;0;0;0;0;0;3947;0;0;0;0;0;0;
35061;4841059;551489536;38387712;495190016;0;0;0;0;0;0;0;0;0;0;0;3236;0;0;0;0;0;0;
35062;4381827;551489536;38387712;495190016;0;0;0;0;0;0;0;0;0;0;0;4348;0;0;0;0;0;0;
35063;4814529;551489536;38387712;495190016;0;0;0;0;0;0;0;0;0;0;0;3807;0;0;0;0;0;0;
35064;4385475;551489536;38387712;495190016;0;0;0;0;0;0;0;0;0;0;0;4248;0;0;0;0;0;0;
35065;4865244;551489536;38387712;495190016;0;0;0;0;0;0;0;0;0;0;0;3667;0;0;0;0;0;0;
35066;4136407;551489536;38387712;495190016;0;0;0;0;0;0;0;0;0;0;0;3677;0;0;0;0;0;0;
35067;4843293;551489536;38387712;495190016;0;0;0;0;0;0;0;0;0;0;0;3977;0;0;0;0;0;0;
35068;3884245;551489536;38387712;495190016;0;0;0;0;0;0;0;0;0;0;0;3737;0;0;0;0;0;0;
35069;5002632;551489536;38387712;495190016;0;0;0;0;0;0;0;0;0;0;0;3747;0;0;0;0;0;0;
35070;4030990;551489536;38387712;495190016;0;0;0;0;0;0;0;0;0;0;0;4409;0;0;0;0;0;0;
35071;4844215;551489536;38387712;495190016;0;0;0;0;0;0;0;0;0;0;0;3566;0;0;0;0;0;0;
35072;2890020;551489536;38387712;495190016;0;0;0;0;0;0;0;0;0;0;0;3477;0;0;0;0;0;0;
35073;4722657;551489536;38387712;495190016;0;0;0;0;0;0;0;0;0;0;0;3196;0;0;0;0;0;0;
35074;3158584;551489536;38387712;495190016;0;0;0;0;0;0;0;0;0;0;0;3166;0;0;0;0;0;0;
35075;4828666;551489536;38387712;495190016;0;0;0;0;0;0;0;0;0;0;0;3046;0;0;0;0;0;0;
35076;2787127;551489536;38387712;495190016;0;0;0;0;0;0;0;0;0;0;0;3566;0;0;0;0;0;0;
35077;4608303;551489536;38387712;495190016;0;0;0;0;0;0;0;0;0;0;0;2815;0;0;0;0;0;0;
35078;3462463;551489536;38387712;495190016;0;0;0;0;0;0;0;0;0;0;0;3937;0;0;0;0;0;0;
35079;5041485;551489536;38387712;495190016;0;0;0;0;0;0;0;0;0;0;0;3416;0;0;0;0;0;0;
35080;4015861;551489536;38387712;495190016;0;0;0;0;0;0;0;0;0;0;0;3807;0;0;0;0;0;0;
35081;4877948;551489536;38387712;495190016;0;0;0;0;0;0;0;0;0;0;0;3937;0;0;0;0;0;0;
35082;3952893;551489536;38387712;495190016;0;0;0;0;0;0;0;0;0;0;0;3737;0;0;0;0;0;0;
35083;4978777;551489536;38387712;495190016;0;0;0;0;0;0;0;0;0;0;0;3717;0;0;0;0;0;0;
35084;4353284;551489536;38387712;495190016;0;0;0;0;0;0;0;0;0;0;0;4228;0;0;0;0;0;0;
35085;4871696;551489536;38387712;495190016;0;0;0;0;0;0;0;0;0;0;0;3316;0;0;0;0;0;0;
35086;4113575;551489536;38387712;495190016;0;0;0;0;0;0;0;0;0;0;0;3967;0;0;0;0;0;0;
35087;5033019;551489536;38387712;495190016;0;0;0;0;0;0;0;0;0;0;0;3877;0;0;0;0;0;0;
35088;4629673;551489536;38387712;495190016;0;0;0;0;0;0;0;0;0;0;0;4368;0;0;0;0;0;0;
35089;4907544;551489536;38387712;495190016;0;0;0;0;0;0;0;0;0;0;0;4048;0;0;0;0;0;0;
35090;4251553;551489536;38387712;495190016;0;0;0;0;0;0;0;0;0;0;0;3917;0;0;0;0;0;0;
35091;4790204;551489536;38387712;495190016;0;0;0;0;0;0;0;0;0;0;0;3537;0;0;0;0;0;0;
35092;4408568;551489536;38387712;495190016;0;0;0;0;0;0;0;0;0;0;0;4499;0;0;0;0;0;0;
35093;5228827;551489536;38387712;495190016;0;0;0;0;0;0;0;0;0;0;0;4027;0;0;0;0;0;0;
35094;4099929;551489536;38387712;495190016;0;0;0;0;0;0;0;0;0;0;0;4268;0;0;0;0;0;0;
35095;4966224;551489536;38387712;495190016;0;0;0;0;0;0;0;0;0;0;0;4298;0;0;0;0;0;0;
35096;4003348;551489536;38387712;495190016;0;0;0;0;0;0;0;0;0;0;0;4158;0;0;0;0;0;0;
35097;4866206;551489536;38387712;495190016;0;0;0;0;0;0;0;0;0;0;0;3567;0;0;0;0;0;0;
35098;3781412;551489536;38387712;495190016;0;0;0;0;0;0;0;0;0;0;0;3316;0;0;0;0;0;0;
35099;4471596;551489536;38387712;495190016;0;0;0;0;0;0;0;0;0;0;0;2544;0;0;0;0;0;0;
35100;3097028;551489536;38387712;495190016;0;0;0;0;0;0;0;0;0;0;0;3677;0;0;0;0;0;0;
35101;4601289;551489536;38387712;495190016;0;0;0;0;0;0;0;0;0;0;0;3046;0;0;0;0;0;0;
35102;3242220;551489536;38387712;495190016;0;0;0;0;0;0;0;0;0;0;0;4418;0;0;0;0;0;0;
35103;4961003;551489536;38387712;495190016;0;0;0;0;0;0;0;0;0;0;0;3937;0;0;0;0;0;0;
35104;3986637;551489536;38387712;495190016;0;0;0;0;0;0;0;0;0;0;0;3908;0;0;0;0;0;0;
35105;4886294;551489536;38387712;495190016;0;0;0;0;0;0;0;0;0;0;0;3607;0;0;0;0;0;0;
35106;4085632;551489536;38387712;495190016;0;0;0;0;0;0;0;0;0;0;0;3917;0;0;0;0;0;0;
35107;4988906;551489536;38387712;495190016;0;0;0;0;0;0;0;0;0;0;0;4118;0;0;0;0;0;0;
35108;4218371;551489536;38387712;495190016;0;0;0;0;0;0;0;0;0;0;0;3677;0;0;0;0;0;0;
35109;4874832;551489536;38387712;495190016;0;0;0;0;0;0;0;0;0;0;0;3247;0;0;0;0;0;0;
35110;3954256;551489536;38387712;495190016;0;0;0;0;0;0;0;0;0;0;0;4107;0;0;0;0;0;0;
35111;4843674;551489536;38387712;495190016;0;0;0;0;0;0;0;0;0;0;0;3326;0;0;0;0;0;0;
35112;4077177;551489536;38387712;495190016;0;0;0;0;0;0;0;0;0;0;0;3868;0;0;0;0;0;0;
35113;4893828;551489536;38387712;495190016;0;0;0;0;0;0;0;0;0;0;0;4088;0;0;0;0;0;0;
35114;4104638;551489536;38387712;495190016;0;0;0;0;0;0;0;0;0;0;0;3516;0;0;0;0;0;0;
35115;4858852;551489536;38387712;495190016;0;0;0;0;0;0;0;0;0;0;0;3196;0;0;0;0;0;0;
35116;4397276;551489536;38387712;495190016;0;0;0;0;0;0;0;0;0;0;0;3967;0;0;0;0;0;0;
35117;4769845;551489536;38387712;495190016;0;0;0;0;0;0;0;0;0;0;0;3497;0;0;0;0;0;0;
35118;4210626;551489536;38387712;495190016;0;0;0;0;0;0;0;0;0;0;0;3547;0;0;0;0;0;0;
35119;5169725;551489536;38395904;495198208;0;0;0;0;0;0;0;0;0;0;0;4058;0;0;0;0;0;0;
35120;4029357;551489536;38395904;495198208;0;0;0;0;0;0;0;0;0;0;0;4118;0;0;0;0;0;0;
35121;4677321;551489536;38395904;495198208;0;0;0;0;0;0;0;0;0;0;0;3727;0;0;0;0;0;0;
35122;3892249;551489536;38395904;495198208;0;0;0;0;0;0;0;0;0;0;0;3817;0;0;0;0;0;0;
35123;4844996;551489536;38395904;495198208;0;0;0;0;0;0;0;0;0;0;0;3576;0;0;0;0;0;0;
35124;4325091;551489536;38395904;495198208;0;0;0;0;0;0;0;0;0;0;0;4328;0;0;0;0;0;0;
35125;4926118;551489536;38395904;495198208;0;0;0;0;0;0;0;0;0;0;0;3697;0;0;0;0;0;0;
35126;3912547;551510016;38387712;495190016;0;0;0;0;0;0;0;0;0;0;0;4328;0;0;0;0;0;0;
35127;5010396;551510016;38387712;495190016;0;0;0;0;0;0;0;0;0;0;0;4098;0;0;0;0;0;0;
35128;4185760;551510016;38387712;495190016;0;0;0;0;0;0;0;0;0;0;0;4549;0;0;0;0;0;0;
35129;4838935;551510016;38387712;495190016;0;0;0;0;0;0;0;0;0;0;0;3827;0;0;0;0;0;0;
35130;3924220;551510016;38387712;495190016;0;0;0;0;0;0;0;0;0;0;0;3887;0;0;0;0;0;0;
35131;4906662;551510016;38387712;495190016;0;0;0;0;0;0;0;0;0;0;0;4459;0;0;0;0;0;0;
35132;4011903;551510016;38387712;495190016;0;0;0;0;0;0;0;0;0;0;0;4328;0;0;0;0;0;0;
35133;5145079;551510016;38387712;495190016;0;0;0;0;0;0;0;0;0;0;0;4329;0;0;0;0;0;0;
35134;3899874;551510016;38387712;495190016;0;0;0;0;0;0;0;0;0;0;0;3747;0;0;0;0;0;0;
35135;5020426;551510016;38387712;495190016;0;0;0;0;0;0;0;0;0;0;0;3707;0;0;0;0;0;0;
35136;4002686;551510016;38387712;495190016;0;0;0;0;0;0;0;0;0;0;0;3226;0;0;0;0;0;0;
35137;4919917;551510016;38387712;495190016;0;0;0;0;0;0;0;0;0;0;0;3126;0;0;0;0;0;0;
35138;2876154;551510016;38387712;495190016;0;0;0;0;0;0;0;0;0;0;0;3086;0;0;0;0;0;0;
35139;4629632;551510016;38387712;495190016;0;0;0;0;0;0;0;0;0;0;0;2966;0;0;0;0;0;0;
35140;3337219;551510016;38387712;495190016;0;0;0;0;0;0;0;0;0;0;0;3447;0;0;0;0;0;0;
35141;4648598;551510016;38387712;495190016;0;0;0;0;0;0;0;0;0;0;0;2575;0;0;0;0;0;0;
35142;3150388;551510016;38387712;495190016;0;0;0;0;0;0;0;0;0;0;0;3005;0;0;0;0;0;0;
35143;4564700;551510016;38387712;495190016;0;0;0;0;0;0;0;0;0;0;0;2785;0;0;0;0;0;0;
35144;2937318;551510016;38387712;495190016;0;0;0;0;0;0;0;0;0;0;0;3125;0;0;0;0;0;0;
35145;4647696;551510016;38387712;495190016;0;0;0;0;0;0;0;0;0;0;0;2665;0;0;0;0;0;0;
35146;3152622;551510016;38387712;495190016;0;0;0;0;0;0;0;0;0;0;0;3176;0;0;0;0;0;0;
35147;4722196;551510016;38387712;495190016;0;0;0;0;0;0;0;0;0;0;0;3206;0;0;0;0;0;0;
35148;3135500;551510016;38387712;495190016;0;0;0;0;0;0;0;0;0;0;0;3126;0;0;0;0;0;0;
35149;4571703;551510016;38387712;495190016;0;0;0;0;0;0;0;0;0;0;0;3366;0;0;0;0;0;0;
35150;3046413;551510016;38387712;495190016;0;0;0;0;0;0;0;0;0;0;0;4017;0;0;0;0;0;0;
35151;4479411;551510016;38387712;495190016;0;0;0;0;0;0;0;0;0;0;0;3085;0;0;0;0;0;0;
35152;3480037;551510016;38387712;495190016;0;0;0;0;0;0;0;0;0;0;0;3827;0;0;0;0;0;0;
35153;4564340;551510016;38387712;495190016;0;0;0;0;0;0;0;0;0;0;0;2464;0;0;0;0;0;0;
35154;2897754;551510016;38387712;495190016;0;0;0;0;0;0;0;0;0;0;0;3166;0;0;0;0;0;0;
35155;4736983;551510016;38387712;495190016;0;0;0;0;0;0;0;0;0;0;0;3156;0;0;0;0;0;0;
35156;2826510;551510016;38387712;495190016;0;0;0;0;0;0;0;0;0;0;0;3787;0;0;0;0;0;0;
35157;10659822;551510016;38387712;495190016;0;0;0;0;0;0;0;0;0;0;0;3146;0;0;0;0;0;0;
35158;3034641;551510016;38387712;495190016;0;0;0;0;0;0;0;0;0;0;0;3597;0;0;0;0;0;0;
35159;4702700;551510016;38387712;495190016;0;0;0;0;0;0;0;0;0;0;0;2435;0;0;0;0;0;0;
35160;3290642;551510016;38387712;495190016;0;0;0;0;0;0;0;0;0;0;0;3807;0;0;0;0;0;0;
35161;4969300;551510016;38387712;495190016;0;0;0;0;0;0;0;0;0;0;0;3486;0;0;0;0;0;0;
35162;3989511;551510016;38387712;495190016;0;0;0;0;0;0;0;0;0;0;0;4379;0;0;0;0;0;0;
35163;4736032;551510016;38387712;495190016;0;0;0;0;0;0;0;0;0;0;0;4378;0;0;0;0;0;0;
35164;4366399;551510016;38387712;495190016;0;0;0;0;0;0;0;0;0;0;0;4057;0;0;0;0;0;0;
35165;4847742;551510016;38387712;495190016;0;0;0;0;0;0;0;0;0;0;0;3717;0;0;0;0;0;0;
35166;3902699;551510016;38387712;495190016;0;0;0;0;0;0;0;0;0;0;0;2946;0;0;0;0;0;0;
35167;4839876;551510016;38387712;495190016;0;0;0;0;0;0;0;0;0;0;0;3466;0;0;0;0;0;0;
35168;2850856;551510016;38387712;495190016;0;0;0;0;0;0;0;0;0;0;0;3396;0;0;0;0;0;0;
35169;4533322;551510016;38387712;495190016;0;0;0;0;0;0;0;0;0;0;0;3327;0;0;0;0;0;0;
35170;2903515;551510016;38387712;495190016;0;0;0;0;0;0;0;0;0;0;0;3227;0;0;0;0;0;0;
35171;4625424;551510016;38387712;495190016;0;0;0;0;0;0;0;0;0;0;0;3035;0;0;0;0;0;0;
35172;3221922;551510016;38387712;495190016;0;0;0;0;0;0;0;0;0;0;0;3497;0;0;0;0;0;0;
35173;4480312;551510016;38387712;495190016;0;0;0;0;0;0;0;0;0;0;0;2786;0;0;0;0;0;0;
35174;3114921;551510016;38387712;495190016;0;0;0;0;0;0;0;0;0;0;0;3266;0;0;0;0;0;0;
35175;4542178;551510016;38387712;495190016;0;0;0;0;0;0;0;0;0;0;0;3246;0;0;0;0;0;0;
35176;3056622;551510016;38387712;495190016;0;0;0;0;0;0;0;0;0;0;0;3216;0;0;0;0;0;0;
35177;4552708;551510016;38387712;495190016;0;0;0;0;0;0;0;0;0;0;0;2535;0;0;0;0;0;0;
35178;3106025;551510016;38387712;495190016;0;0;0;0;0;0;0;0;0;0;0;3447;0;0;0;0;0;0;
35179;4899258;551510016;38387712;495190016;0;0;0;0;0;0;0;0;0;0;0;2745;0;0;0;0;0;0;
35180;2867708;551510016;38387712;495190016;0;0;0;0;0;0;0;0;0;0;0;3086;0;0;0;0;0;0;
35181;4676821;551510016;38387712;495190016;0;0;0;0;0;0;0;0;0;0;0;2154;0;0;0;0;0;0;
35182;3024342;551510016;38387712;495190016;0;0;0;0;0;0;0;0;0;0;0;2976;0;0;0;0;0;0;
35183;4595789;551510016;38387712;495190016;0;0;0;0;0;0;0;0;0;0;0;3667;0;0;0;0;0;0;
35184;2822563;551510016;38387712;495190016;0;0;0;0;0;0;0;0;0;0;0;3226;0;0;0;0;0;0;
35185;4498076;551510016;38387712;495190016;0;0;0;0;0;0;0;0;0;0;0;3306;0;0;0;0;0;0;
35186;2849113;551510016;38387712;495190016;0;0;0;0;0;0;0;0;0;0;0;3176;0;0;0;0;0;0;
35187;4818757;551510016;38387712;495190016;0;0;0;0;0;0;0;0;0;0;0;3276;0;0;0;0;0;0;
35188;3667919;551510016;38387712;495190016;0;0;0;0;0;0;0;0;0;0;0;4389;0;0;0;0;0;0;
35189;4895050;551510016;38387712;495190016;0;0;0;0;0;0;0;0;0;0;0;4629;0;0;0;0;0;0;
35190;4031531;551510016;38387712;495190016;0;0;0;0;0;0;0;0;0;0;0;4960;0;0;0;0;0;0;
35191;4952808;551510016;38387712;495190016;0;0;0;0;0;0;0;0;0;0;0;4198;0;0;0;0;0;0;
35192;4236065;551510016;38387712;495190016;0;0;0;0;0;0;0;0;0;0;0;4869;0;0;0;0;0;0;
35193;4806985;551510016;38387712;495190016;0;0;0;0;0;0;0;0;0;0;0;3677;0;0;0;0;0;0;
35194;3948265;551510016;38387712;495190016;0;0;0;0;0;0;0;0;0;0;0;3928;0;0;0;0;0;0;
35195;4830900;551510016;38387712;495190016;0;0;0;0;0;0;0;0;0;0;0;3517;0;0;0;0;0;0;
35196;4012375;551510016;38387712;495190016;0;0;0;0;0;0;0;0;0;0;0;3857;0;0;0;0;0;0;
35197;4885923;551510016;38387712;495190016;0;0;0;0;0;0;0;0;0;0;0;4158;0;0;0;0;0;0;
35198;4003959;551510016;38387712;495190016;0;0;0;0;0;0;0;0;0;0;0;3857;0;0;0;0;0;0;
35199;4877808;551510016;38387712;495190016;0;0;0;0;0;0;0;0;0;0;0;3897;0;0;0;0;0;0;
35200;3996075;551510016;38387712;495190016;0;0;0;0;0;0;0;0;0;0;0;3737;0;0;0;0;0;0;
35201;4976813;551510016;38387712;495190016;0;0;0;0;0;0;0;0;0;0;0;3928;0;0;0;0;0;0;
35202;4026882;551510016;38387712;495190016;0;0;0;0;0;0;0;0;0;0;0;4289;0;0;0;0;0;0;
35203;4753274;551510016;38387712;495190016;0;0;0;0;0;0;0;0;0;0;0;4148;0;0;0;0;0;0;
35204;4036580;551510016;38387712;495190016;0;0;0;0;0;0;0;0;0;0;0;3256;0;0;0;0;0;0;
35205;4888668;551510016;38387712;495190016;0;0;0;0;0;0;0;0;0;0;0;2885;0;0;0;0;0;0;
35206;3077641;551510016;38387712;495190016;0;0;0;0;0;0;0;0;0;0;0;3436;0;0;0;0;0;0;
35207;4578226;551510016;38387712;495190016;0;0;0;0;0;0;0;0;0;0;0;3076;0;0;0;0;0;0;
35208;3069106;551510016;38387712;495190016;0;0;0;0;0;0;0;0;0;0;0;3507;0;0;0;0;0;0;
35209;4544843;551510016;38387712;495190016;0;0;0;0;0;0;0;0;0;0;0;2655;0;0;0;0;0;0;
35210;2947638;551510016;38387712;495190016;0;0;0;0;0;0;0;0;0;0;0;3346;0;0;0;0;0;0;
35211;4712518;551510016;38387712;495190016;0;0;0;0;0;0;0;0;0;0;0;2745;0;0;0;0;0;0;
35212;3093041;551510016;38387712;495190016;0;0;0;0;0;0;0;0;0;0;0;2635;0;0;0;0;0;0;
35213;4656693;551510016;38387712;495190016;0;0;0;0;0;0;0;0;0;0;0;2885;0;0;0;0;0;0;
35214;3930010;551510016;38387712;495190016;0;0;0;0;0;0;0;0;0;0;0;4117;0;0;0;0;0;0;
35215;4834586;551510016;38387712;495190016;0;0;0;0;0;0;0;0;0;0;0;3627;0;0;0;0;0;0;
35216;4613031;551510016;38387712;495190016;0;0;0;0;0;0;0;0;0;0;0;4067;0;0;0;0;0;0;
35217;4846178;551510016;38387712;495190016;0;0;0;0;0;0;0;0;0;0;0;3276;0;0;0;0;0;0;
35218;4204314;551510016;38387712;495190016;0;0;0;0;0;0;0;0;0;0;0;4008;0;0;0;0;0;0;
35219;4867819;551510016;38387712;495190016;0;0;0;0;0;0;0;0;0;0;0;3587;0;0;0;0;0;0;
35220;4139373;551510016;38387712;495190016;0;0;0;0;0;0;0;0;0;0;0;3767;0;0;0;0;0;0;
35221;4816964;551510016;38387712;495190016;0;0;0;0;0;0;0;0;0;0;0;3677;0;0;0;0;0;0;
35222;4033194;551510016;38387712;495190016;0;0;0;0;0;0;0;0;0;0;0;4148;0;0;0;0;0;0;
35223;4943602;551510016;38387712;495190016;0;0;0;0;0;0;0;0;0;0;0;3957;0;0;0;0;0;0;
35224;4027202;551510016;38387712;495190016;0;0;0;0;0;0;0;0;0;0;0;3907;0;0;0;0;0;0;
35225;5128898;551510016;38387712;495190016;0;0;0;0;0;0;0;0;0;0;0;3947;0;0;0;0;0;0;
35226;3983580;551510016;38387712;495190016;0;0;0;0;0;0;0;0;0;0;0;4147;0;0;0;0;0;0;
35227;4877217;551510016;38387712;495190016;0;0;0;0;0;0;0;0;0;0;0;3577;0;0;0;0;0;0;
35228;3939068;551510016;38387712;495190016;0;0;0;0;0;0;0;0;0;0;0;3686;0;0;0;0;0;0;
35229;4879050;551510016;38387712;495190016;0;0;0;0;0;0;0;0;0;0;0;3386;0;0;0;0;0;0;
35230;3957392;551510016;38387712;495190016;0;0;0;0;0;0;0;0;0;0;0;4228;0;0;0;0;0;0;
35231;4925547;551510016;38387712;495190016;0;0;0;0;0;0;0;0;0;0;0;3848;0;0;0;0;0;0;
35232;3958093;551510016;38387712;495190016;0;0;0;0;0;0;0;0;0;0;0;4038;0;0;0;0;0;0;
35233;4776117;551510016;38387712;495190016;0;0;0;0;0;0;0;0;0;0;0;3637;0;0;0;0;0;0;
35234;3348409;551510016;38387712;495190016;0;0;0;0;0;0;0;0;0;0;0;3256;0;0;0;0;0;0;
35235;4683022;551510016;38387712;495190016;0;0;0;0;0;0;0;0;0;0;0;3557;0;0;0;0;0;0;
35236;2939983;551510016;38387712;495190016;0;0;0;0;0;0;0;0;0;0;0;3286;0;0;0;0;0;0;
35237;5114302;551510016;38395904;495198208;0;0;0;0;0;0;0;0;0;0;0;3176;0;0;0;0;0;0;
35238;2827833;551510016;38395904;495198208;0;0;0;0;0;0;0;0;0;0;0;2835;0;0;0;0;0;0;
35239;4598855;551510016;38395904;495198208;0;0;0;0;0;0;0;0;0;0;0;2535;0;0;0;0;0;0;
35240;3309977;551510016;38395904;495198208;0;0;0;0;0;0;0;0;0;0;0;2855;0;0;0;0;0;0;
35241;4626867;551510016;38395904;495198208;0;0;0;0;0;0;0;0;0;0;0;3075;0;0;0;0;0;0;
35242;3107968;551510016;38395904;495198208;0;0;0;0;0;0;0;0;0;0;0;2935;0;0;0;0;0;0;
35243;4630334;551510016;38395904;495198208;0;0;0;0;0;0;0;0;0;0;0;3166;0;0;0;0;0;0;
35244;3026335;551530496;38387712;495190016;0;0;0;0;0;0;0;0;0;0;0;2665;0;0;0;0;0;0;
35245;4587463;551530496;38387712;495190016;0;0;0;0;0;0;0;0;0;0;0;2555;0;0;0;0;0;0;
35246;3476049;551530496;38387712;495190016;0;0;0;0;0;0;0;0;0;0;0;3757;0;0;0;0;0;0;
35247;4964080;551530496;38387712;495190016;0;0;0;0;0;0;0;0;0;0;0;3376;0;0;0;0;0;0;
35248;4139583;551530496;38387712;495190016;0;0;0;0;0;0;0;0;0;0;0;4218;0;0;0;0;0;0;
35249;4895832;551530496;38387712;495190016;0;0;0;0;0;0;0;0;0;0;0;3246;0;0;0;0;0;0;
35250;4190138;551530496;38387712;495190016;0;0;0;0;0;0;0;0;0;0;0;3957;0;0;0;0;0;0;
35251;4875463;551530496;38387712;495190016;0;0;0;0;0;0;0;0;0;0;0;3096;0;0;0;0;0;0;
35252;4092505;551530496;38387712;495190016;0;0;0;0;0;0;0;0;0;0;0;3987;0;0;0;0;0;0;
35253;4822895;551530496;38387712;495190016;0;0;0;0;0;0;0;0;0;0;0;3577;0;0;0;0;0;0;
35254;3882632;551530496;38387712;495190016;0;0;0;0;0;0;0;0;0;0;0;3987;0;0;0;0;0;0;
35255;4986431;551530496;38387712;495190016;0;0;0;0;0;0;0;0;0;0;0;3837;0;0;0;0;0;0;
35256;4130837;551530496;38387712;495190016;0;0;0;0;0;0;0;0;0;0;0;4298;0;0;0;0;0;0;
35257;4965813;551530496;38387712;495190016;0;0;0;0;0;0;0;0;0;0;0;3667;0;0;0;0;0;0;
35258;3950779;551530496;38387712;495190016;0;0;0;0;0;0;0;0;0;0;0;3607;0;0;0;0;0;0;
35259;4796064;551530496;38387712;495190016;0;0;0;0;0;0;0;0;0;0;0;3347;0;0;0;0;0;0;
35260;4165101;551530496;38387712;495190016;0;0;0;0;0;0;0;0;0;0;0;3697;0;0;0;0;0;0;
35261;4782760;551530496;38387712;495190016;0;0;0;0;0;0;0;0;0;0;0;3556;0;0;0;0;0;0;
35262;4054674;551530496;38387712;495190016;0;0;0;0;0;0;0;0;0;0;0;3777;0;0;0;0;0;0;
35263;4890972;551530496;38387712;495190016;0;0;0;0;0;0;0;0;0;0;0;3476;0;0;0;0;0;0;
35264;4352402;551530496;38387712;495190016;0;0;0;0;0;0;0;0;0;0;0;3637;0;0;0;0;0;0;
35265;5340316;551530496;38387712;495190016;0;0;0;0;0;0;0;0;0;0;0;4368;0;0;0;0;0;0;
35266;4028164;551530496;38387712;495190016;0;0;0;0;0;0;0;0;0;0;0;4398;0;0;0;0;0;0;
35267;4885171;551530496;38387712;495190016;0;0;0;0;0;0;0;0;0;0;0;3056;0;0;0;0;0;0;
35268;4118383;551530496;38387712;495190016;0;0;0;0;0;0;0;0;0;0;0;3637;0;0;0;0;0;0;
35269;4956596;551530496;38387712;495190016;0;0;0;0;0;0;0;0;0;0;0;3046;0;0;0;0;0;0;
35270;4041319;551530496;38387712;495190016;0;0;0;0;0;0;0;0;0;0;0;3978;0;0;0;0;0;0;
35271;4959161;551530496;38387712;495190016;0;0;0;0;0;0;0;0;0;0;0;3346;0;0;0;0;0;0;
35272;4375165;551530496;38387712;495190016;0;0;0;0;0;0;0;0;0;0;0;3937;0;0;0;0;0;0;
35273;5045091;551530496;38387712;495190016;0;0;0;0;0;0;0;0;0;0;0;3116;0;0;0;0;0;0;
35274;4294244;551530496;38387712;495190016;0;0;0;0;0;0;0;0;0;0;0;3958;0;0;0;0;0;0;
35275;4830799;551530496;38387712;495190016;0;0;0;0;0;0;0;0;0;0;0;3256;0;0;0;0;0;0;
35276;4321865;551530496;38387712;495190016;0;0;0;0;0;0;0;0;0;0;0;3436;0;0;0;0;0;0;
35277;4746021;551530496;38387712;495190016;0;0;0;0;0;0;0;0;0;0;0;3497;0;0;0;0;0;0;
35278;4285036;551530496;38387712;495190016;0;0;0;0;0;0;0;0;0;0;0;4238;0;0;0;0;0;0;
35279;4772030;551530496;38387712;495190016;0;0;0;0;0;0;0;0;0;0;0;3166;0;0;0;0;0;0;
35280;4020590;551530496;38387712;495190016;0;0;0;0;0;0;0;0;0;0;0;5219;0;0;0;0;0;0;
35281;4765797;551530496;38387712;495190016;0;0;0;0;0;0;0;0;0;0;0;3086;0;0;0;0;0;0;
35282;4271501;551530496;38387712;495190016;0;0;0;0;0;0;0;0;0;0;0;3787;0;0;0;0;0;0;
35283;5018351;551530496;38387712;495190016;0;0;0;0;0;0;0;0;0;0;0;3587;0;0;0;0;0;0;
35284;4092505;551530496;38387712;495190016;0;0;0;0;0;0;0;0;0;0;0;3506;0;0;0;0;0;0;
35285;4809780;551530496;38387712;495190016;0;0;0;0;0;0;0;0;0;0;0;4008;0;0;0;0;0;0;
35286;4166524;551530496;38387712;495190016;0;0;0;0;0;0;0;0;0;0;0;4188;0;0;0;0;0;0;
35287;5089876;551530496;38387712;495190016;0;0;0;0;0;0;0;0;0;0;0;3286;0;0;0;0;0;0;
35288;4375196;551530496;38387712;495190016;0;0;0;0;0;0;0;0;0;0;0;3837;0;0;0;0;0;0;
35289;4692290;551530496;38387712;495190016;0;0;0;0;0;0;0;0;0;0;0;3597;0;0;0;0;0;0;
35290;3923398;551530496;38387712;495190016;0;0;0;0;0;0;0;0;0;0;0;4117;0;0;0;0;0;0;
35291;4852320;551530496;38387712;495190016;0;0;0;0;0;0;0;0;0;0;0;4047;0;0;0;0;0;0;
35292;3963283;551530496;38387712;495190016;0;0;0;0;0;0;0;0;0;0;0;3997;0;0;0;0;0;0;
35293;4857780;551530496;38387712;495190016;0;0;0;0;0;0;0;0;0;0;0;3948;0;0;0;0;0;0;
35294;3970616;551530496;38387712;495190016;0;0;0;0;0;0;0;0;0;0;0;4078;0;0;0;0;0;0;
35295;4800763;551530496;38387712;495190016;0;0;0;0;0;0;0;0;0;0;0;3626;0;0;0;0;0;0;
35296;4395864;551530496;38387712;495190016;0;0;0;0;0;0;0;0;0;0;0;4167;0;0;0;0;0;0;
35297;4928383;551530496;38387712;495190016;0;0;0;0;0;0;0;0;0;0;0;3466;0;0;0;0;0;0;
35298;4015971;551530496;38387712;495190016;0;0;0;0;0;0;0;0;0;0;0;4068;0;0;0;0;0;0;
35299;5028049;551530496;38387712;495190016;0;0;0;0;0;0;0;0;0;0;0;4118;0;0;0;0;0;0;
35300;4023395;551530496;38387712;495190016;0;0;0;0;0;0;0;0;0;0;0;3547;0;0;0;0;0;0;
35301;5027929;551530496;38387712;495190016;0;0;0;0;0;0;0;0;0;0;0;3537;0;0;0;0;0;0;
35302;4083388;551530496;38387712;495190016;0;0;0;0;0;0;0;0;0;0;0;4197;0;0;0;0;0;0;
35303;4799140;551530496;38387712;495190016;0;0;0;0;0;0;0;0;0;0;0;3366;0;0;0;0;0;0;
35304;4298552;551530496;38387712;495190016;0;0;0;0;0;0;0;0;0;0;0;3406;0;0;0;0;0;0;
35305;4956996;551530496;38387712;495190016;0;0;0;0;0;0;0;0;0;0;0;3347;0;0;0;0;0;0;
35306;4354186;551530496;38387712;495190016;0;0;0;0;0;0;0;0;0;0;0;4619;0;0;0;0;0;0;
35307;5035964;551530496;38387712;495190016;0;0;0;0;0;0;0;0;0;0;0;3276;0;0;0;0;0;0;
35308;4213342;551530496;38387712;495190016;0;0;0;0;0;0;0;0;0;0;0;3837;0;0;0;0;0;0;
35309;4883889;551530496;38387712;495190016;0;0;0;0;0;0;0;0;0;0;0;2946;0;0;0;0;0;0;
35310;4212720;551530496;38387712;495190016;0;0;0;0;0;0;0;0;0;0;0;3347;0;0;0;0;0;0;
35311;4769215;551530496;38387712;495190016;0;0;0;0;0;0;0;0;0;0;0;2976;0;0;0;0;0;0;
35312;4499398;551530496;38387712;495190016;0;0;0;0;0;0;0;0;0;0;0;3276;0;0;0;0;0;0;
35313;4899799;551530496;38387712;495190016;0;0;0;0;0;0;0;0;0;0;0;4268;0;0;0;0;0;0;
35314;3982048;551530496;38387712;495190016;0;0;0;0;0;0;0;0;0;0;0;3677;0;0;0;0;0;0;
35315;4956435;551530496;38387712;495190016;0;0;0;0;0;0;0;0;0;0;0;3026;0;0;0;0;0;0;
35316;3951861;551530496;38387712;495190016;0;0;0;0;0;0;0;0;0;0;0;3778;0;0;0;0;0;0;
35317;4802977;551530496;38387712;495190016;0;0;0;0;0;0;0;0;0;0;0;3457;0;0;0;0;0;0;
35318;4029938;551530496;38387712;495190016;0;0;0;0;0;0;0;0;0;0;0;3457;0;0;0;0;0;0;
35319;5014303;551530496;38387712;495190016;0;0;0;0;0;0;0;0;0;0;0;3546;0;0;0;0;0;0;
35320;4219984;551530496;38387712;495190016;0;0;0;0;0;0;0;0;0;0;0;3527;0;0;0;0;0;0;
35321;4840437;551530496;38387712;495190016;0;0;0;0;0;0;0;0;0;0;0;2956;0;0;0;0;0;0;
35322;4329019;551530496;38387712;495190016;0;0;0;0;0;0;0;0;0;0;0;3307;0;0;0;0;0;0;
35323;4936598;551530496;38387712;495190016;0;0;0;0;0;0;0;0;0;0;0;2816;0;0;0;0;0;0;
35324;4003939;551530496;38387712;495190016;0;0;0;0;0;0;0;0;0;0;0;3346;0;0;0;0;0;0;
35325;4919606;551530496;38387712;495190016;0;0;0;0;0;0;0;0;0;0;0;3787;0;0;0;0;0;0;
35326;4166153;551530496;38387712;495190016;0;0;0;0;0;0;0;0;0;0;0;4077;0;0;0;0;0;0;
35327;4775866;551530496;38387712;495190016;0;0;0;0;0;0;0;0;0;0;0;3076;0;0;0;0;0;0;
35328;4116109;551530496;38387712;495190016;0;0;0;0;0;0;0;0;0;0;0;3536;0;0;0;0;0;0;
35329;4871506;551530496;38387712;495190016;0;0;0;0;0;0;0;0;0;0;0;3095;0;0;0;0;0;0;
35330;4411574;551530496;38387712;495190016;0;0;0;0;0;0;0;0;0;0;0;3757;0;0;0;0;0;0;
35331;4722797;551530496;38387712;495190016;0;0;0;0;0;0;0;0;0;0;0;3527;0;0;0;0;0;0;
35332;4109026;551530496;38387712;495190016;0;0;0;0;0;0;0;0;0;0;0;4058;0;0;0;0;0;0;
35333;4789392;551530496;38387712;495190016;0;0;0;0;0;0;0;0;0;0;0;3467;0;0;0;0;0;0;
35334;3741377;551530496;38387712;495190016;0;0;0;0;0;0;0;0;0;0;0;4138;0;0;0;0;0;0;
35335;4903987;551530496;38387712;495190016;0;0;0;0;0;0;0;0;0;0;0;3577;0;0;0;0;0;0;
35336;4165352;551530496;38387712;495190016;0;0;0;0;0;0;0;0;0;0;0;4489;0;0;0;0;0;0;
35337;4950444;551530496;38387712;495190016;0;0;0;0;0;0;0;0;0;0;0;4378;0;0;0;0;0;0;
35338;4011994;551530496;38387712;495190016;0;0;0;0;0;0;0;0;0;0;0;4078;0;0;0;0;0;0;
35339;4951817;551530496;38387712;495190016;0;0;0;0;0;0;0;0;0;0;0;3707;0;0;0;0;0;0;
35340;4135005;551530496;38387712;495190016;0;0;0;0;0;0;0;0;0;0;0;4128;0;0;0;0;0;0;
35341;4944202;551530496;38387712;495190016;0;0;0;0;0;0;0;0;0;0;0;3507;0;0;0;0;0;0;
35342;4009339;551530496;38387712;495190016;0;0;0;0;0;0;0;0;0;0;0;4107;0;0;0;0;0;0;
35343;4976543;551530496;38387712;495190016;0;0;0;0;0;0;0;0;0;0;0;4008;0;0;0;0;0;0;
35344;4205938;551530496;38387712;495190016;0;0;0;0;0;0;0;0;0;0;0;4258;0;0;0;0;0;0;
35345;4873159;551530496;38387712;495190016;0;0;0;0;0;0;0;0;0;0;0;3657;0;0;0;0;0;0;
35346;4233148;551530496;38387712;495190016;0;0;0;0;0;0;0;0;0;0;0;4218;0;0;0;0;0;0;
35347;4770987;551530496;38387712;495190016;0;0;0;0;0;0;0;0;0;0;0;3567;0;0;0;0;0;0;
35348;4208383;551530496;38387712;495190016;0;0;0;0;0;0;0;0;0;0;0;3707;0;0;0;0;0;0;
35349;4934033;551530496;38395904;495198208;0;0;0;0;0;0;0;0;0;0;0;4188;0;0;0;0;0;0;
35350;3817730;551530496;38395904;495198208;0;0;0;0;0;0;0;0;0;0;0;3887;0;0;0;0;0;0;
35351;4758965;551530496;38395904;495198208;0;0;0;0;0;0;0;0;0;0;0;3576;0;0;0;0;0;0;
35352;3952082;551530496;38395904;495198208;0;0;0;0;0;0;0;0;0;0;0;3948;0;0;0;0;0;0;
35353;4869993;551530496;38395904;495198208;0;0;0;0;0;0;0;0;0;0;0;3697;0;0;0;0;0;0;
35354;3915243;551530496;38395904;495198208;0;0;0;0;0;0;0;0;0;0;0;3607;0;0;0;0;0;0;
35355;4777059;551530496;38395904;495198208;0;0;0;0;0;0;0;0;0;0;0;2946;0;0;0;0;0;0;
35356;3127255;551546880;38387712;495190016;0;0;0;0;0;0;0;0;0;0;0;3837;0;0;0;0;0;0;
35357;4863050;551546880;38387712;495190016;0;0;0;0;0;0;0;0;0;0;0;2665;0;0;0;0;0;0;
35358;3352718;551546880;38387712;495190016;0;0;0;0;0;0;0;0;0;0;0;4308;0;0;0;0;0;0;
35359;4839216;551546880;38387712;495190016;0;0;0;0;0;0;0;0;0;0;0;3456;0;0;0;0;0;0;
35360;3600172;551546880;38387712;495190016;0;0;0;0;0;0;0;0;0;0;0;3176;0;0;0;0;0;0;
35361;4574870;551546880;38387712;495190016;0;0;0;0;0;0;0;0;0;0;0;2865;0;0;0;0;0;0;
35362;3078123;551546880;38387712;495190016;0;0;0;0;0;0;0;0;0;0;0;3086;0;0;0;0;0;0;
35363;4728578;551546880;38387712;495190016;0;0;0;0;0;0;0;0;0;0;0;2595;0;0;0;0;0;0;
35364;3145779;551546880;38387712;495190016;0;0;0;0;0;0;0;0;0;0;0;2806;0;0;0;0;0;0;
35365;4907624;551546880;38387712;495190016;0;0;0;0;0;0;0;0;0;0;0;2826;0;0;0;0;0;0;
35366;2921920;551546880;38387712;495190016;0;0;0;0;0;0;0;0;0;0;0;3677;0;0;0;0;0;0;
35367;4621938;551546880;38387712;495190016;0;0;0;0;0;0;0;0;0;0;0;2635;0;0;0;0;0;0;
35368;2937950;551546880;38387712;495190016;0;0;0;0;0;0;0;0;0;0;0;3356;0;0;0;0;0;0;
35369;4729169;551546880;38387712;495190016;0;0;0;0;0;0;0;0;0;0;0;2494;0;0;0;0;0;0;
35370;2987963;551546880;38387712;495190016;0;0;0;0;0;0;0;0;0;0;0;3276;0;0;0;0;0;0;
35371;4813617;551546880;38387712;495190016;0;0;0;0;0;0;0;0;0;0;0;3056;0;0;0;0;0;0;
35372;2957877;551546880;38387712;495190016;0;0;0;0;0;0;0;0;0;0;0;3536;0;0;0;0;0;0;
35373;4568798;551546880;38387712;495190016;0;0;0;0;0;0;0;0;0;0;0;2745;0;0;0;0;0;0;
35374;3068053;551546880;38387712;495190016;0;0;0;0;0;0;0;0;0;0;0;3417;0;0;0;0;0;0;
35375;4508775;551546880;38387712;495190016;0;0;0;0;0;0;0;0;0;0;0;2595;0;0;0;0;0;0;
35376;3053045;551546880;38387712;495190016;0;0;0;0;0;0;0;0;0;0;0;2986;0;0;0;0;0;0;
35377;4948620;551546880;38387712;495190016;0;0;0;0;0;0;0;0;0;0;0;2525;0;0;0;0;0;0;
35378;4070724;551546880;38387712;495190016;0;0;0;0;0;0;0;0;0;0;0;4398;0;0;0;0;0;0;
35379;4824808;551546880;38387712;495190016;0;0;0;0;0;0;0;0;0;0;0;3757;0;0;0;0;0;0;
35380;4219323;551546880;38387712;495190016;0;0;0;0;0;0;0;0;0;0;0;4759;0;0;0;0;0;0;
35381;4860526;551546880;38387712;495190016;0;0;0;0;0;0;0;0;0;0;0;3727;0;0;0;0;0;0;
35382;4318800;551546880;38387712;495190016;0;0;0;0;0;0;0;0;0;0;0;5180;0;0;0;0;0;0;
35383;5137946;551546880;38387712;495190016;0;0;0;0;0;0;0;0;0;0;0;3898;0;0;0;0;0;0;
35384;3956510;551546880;38387712;495190016;0;0;0;0;0;0;0;0;0;0;0;4027;0;0;0;0;0;0;
35385;4847812;551546880;38387712;495190016;0;0;0;0;0;0;0;0;0;0;0;3537;0;0;0;0;0;0;
35386;13131717;551546880;38387712;495190016;0;0;0;0;0;0;0;0;0;0;0;4338;0;0;0;0;0;0;
35387;5164505;551546880;38387712;495190016;0;0;0;0;0;0;0;0;0;0;0;3987;0;0;0;0;0;0;
35388;4128913;551546880;38387712;495190016;0;0;0;0;0;0;0;0;0;0;0;4408;0;0;0;0;0;0;
35389;4806023;551546880;38387712;495190016;0;0;0;0;0;0;0;0;0;0;0;3677;0;0;0;0;0;0;
35390;4032332;551546880;38387712;495190016;0;0;0;0;0;0;0;0;0;0;0;3126;0;0;0;0;0;0;
35391;4484721;551546880;38387712;495190016;0;0;0;0;0;0;0;0;0;0;0;3296;0;0;0;0;0;0;
35392;3103040;551546880;38387712;495190016;0;0;0;0;0;0;0;0;0;0;0;3447;0;0;0;0;0;0;
35393;4650652;551546880;38387712;495190016;0;0;0;0;0;0;0;0;0;0;0;2976;0;0;0;0;0;0;
35394;3066410;551546880;38387712;495190016;0;0;0;0;0;0;0;0;0;0;0;2865;0;0;0;0;0;0;
35395;4589978;551546880;38387712;495190016;0;0;0;0;0;0;0;0;0;0;0;3357;0;0;0;0;0;0;
35396;3319466;551546880;38387712;495190016;0;0;0;0;0;0;0;0;0;0;0;3627;0;0;0;0;0;0;
35397;4849244;551546880;38387712;495190016;0;0;0;0;0;0;0;0;0;0;0;3387;0;0;0;0;0;0;
35398;2945775;551546880;38387712;495190016;0;0;0;0;0;0;0;0;0;0;0;3737;0;0;0;0;0;0;
35399;4688683;551546880;38387712;495190016;0;0;0;0;0;0;0;0;0;0;0;2846;0;0;0;0;0;0;
35400;3087992;551546880;38387712;495190016;0;0;0;0;0;0;0;0;0;0;0;3066;0;0;0;0;0;0;
35401;4704062;551546880;38387712;495190016;0;0;0;0;0;0;0;0;0;0;0;2936;0;0;0;0;0;0;
35402;2974338;551546880;38387712;495190016;0;0;0;0;0;0;0;0;0;0;0;3196;0;0;0;0;0;0;
35403;4641445;551546880;38387712;495190016;0;0;0;0;0;0;0;0;0;0;0;2795;0;0;0;0;0;0;
35404;2975059;551546880;38387712;495190016;0;0;0;0;0;0;0;0;0;0;0;3306;0;0;0;0;0;0;
35405;4514246;551546880;38387712;495190016;0;0;0;0;0;0;0;0;0;0;0;2976;0;0;0;0;0;0;
35406;3047405;551546880;38387712;495190016;0;0;0;0;0;0;0;0;0;0;0;2845;0;0;0;0;0;0;
35407;4559100;551546880;38387712;495190016;0;0;0;0;0;0;0;0;0;0;0;2715;0;0;0;0;0;0;
35408;3077902;551546880;38387712;495190016;0;0;0;0;0;0;0;0;0;0;0;4318;0;0;0;0;0;0;
35409;4493176;551546880;38387712;495190016;0;0;0;0;0;0;0;0;0;0;0;2976;0;0;0;0;0;0;
35410;3557382;551546880;38387712;495190016;0;0;0;0;0;0;0;0;0;0;0;3878;0;0;0;0;0;0;
35411;4626466;551546880;38387712;495190016;0;0;0;0;0;0;0;0;0;0;0;3166;0;0;0;0;0;0;
35412;3493622;551546880;38387712;495190016;0;0;0;0;0;0;0;0;0;0;0;2926;0;0;0;0;0;0;
35413;4517272;551546880;38387712;495190016;0;0;0;0;0;0;0;0;0;0;0;2825;0;0;0;0;0;0;
35414;2999034;551546880;38387712;495190016;0;0;0;0;0;0;0;0;0;0;0;3526;0;0;0;0;0;0;
35415;4541978;551546880;38387712;495190016;0;0;0;0;0;0;0;0;0;0;0;3086;0;0;0;0;0;0;
35416;3033990;551546880;38387712;495190016;0;0;0;0;0;0;0;0;0;0;0;3326;0;0;0;0;0;0;
35417;4549512;551546880;38387712;495190016;0;0;0;0;0;0;0;0;0;0;0;2565;0;0;0;0;0;0;
35418;3060119;551546880;38387712;495190016;0;0;0;0;0;0;0;0;0;0;0;2936;0;0;0;0;0;0;
35419;4933813;551546880;38387712;495190016;0;0;0;0;0;0;0;0;0;0;0;2885;0;0;0;0;0;0;
35420;3183420;551546880;38387712;495190016;0;0;0;0;0;0;0;0;0;0;0;3025;0;0;0;0;0;0;
35421;4901232;551546880;38387712;495190016;0;0;0;0;0;0;0;0;0;0;0;3136;0;0;0;0;0;0;
35422;2912271;551546880;38387712;495190016;0;0;0;0;0;0;0;0;0;0;0;3136;0;0;0;0;0;0;
35423;4649429;551546880;38387712;495190016;0;0;0;0;0;0;0;0;0;0;0;2635;0;0;0;0;0;0;
35424;3055751;551546880;38387712;495190016;0;0;0;0;0;0;0;0;0;0;0;3306;0;0;0;0;0;0;
35425;4603042;551546880;38387712;495190016;0;0;0;0;0;0;0;0;0;0;0;2986;0;0;0;0;0;0;
35426;3143365;551546880;38387712;495190016;0;0;0;0;0;0;0;0;0;0;0;3506;0;0;0;0;0;0;
35427;4555282;551546880;38387712;495190016;0;0;0;0;0;0;0;0;0;0;0;3026;0;0;0;0;0;0;
35428;3551160;551546880;38387712;495190016;0;0;0;0;0;0;0;0;0;0;0;3787;0;0;0;0;0;0;
35429;4813817;551546880;38387712;495190016;0;0;0;0;0;0;0;0;0;0;0;3997;0;0;0;0;0;0;
35430;4231927;551546880;38387712;495190016;0;0;0;0;0;0;0;0;0;0;0;4248;0;0;0;0;0;0;
35431;4950343;551546880;38387712;495190016;0;0;0;0;0;0;0;0;0;0;0;3818;0;0;0;0;0;0;
35432;4159170;551546880;38387712;495190016;0;0;0;0;0;0;0;0;0;0;0;4308;0;0;0;0;0;0;
35433;4970893;551546880;38387712;495190016;0;0;0;0;0;0;0;0;0;0;0;3957;0;0;0;0;0;0;
35434;3239635;551546880;38387712;495190016;0;0;0;0;0;0;0;0;0;0;0;3446;0;0;0;0;0;0;
35435;4662364;551546880;38387712;495190016;0;0;0;0;0;0;0;0;0;0;0;2815;0;0;0;0;0;0;
35436;3415476;551546880;38387712;495190016;0;0;0;0;0;0;0;0;0;0;0;2815;0;0;0;0;0;0;
35437;4646373;551546880;38387712;495190016;0;0;0;0;0;0;0;0;0;0;0;3236;0;0;0;0;0;0;
35438;3614348;551546880;38387712;495190016;0;0;0;0;0;0;0;0;0;0;0;3687;0;0;0;0;0;0;
35439;4935176;551546880;38387712;495190016;0;0;0;0;0;0;0;0;0;0;0;3607;0;0;0;0;0;0;
35440;3635407;551546880;38387712;495190016;0;0;0;0;0;0;0;0;0;0;0;3416;0;0;0;0;0;0;
35441;4460605;551546880;38387712;495190016;0;0;0;0;0;0;0;0;0;0;0;2775;0;0;0;0;0;0;
35442;3107718;551546880;38387712;495190016;0;0;0;0;0;0;0;0;0;0;0;2995;0;0;0;0;0;0;
35443;4616227;551546880;38387712;495190016;0;0;0;0;0;0;0;0;0;0;0;2986;0;0;0;0;0;0;
35444;3374589;551546880;38387712;495190016;0;0;0;0;0;0;0;0;0;0;0;3457;0;0;0;0;0;0;
35445;4488698;551546880;38387712;495190016;0;0;0;0;0;0;0;0;0;0;0;2525;0;0;0;0;0;0;
35446;3053436;551546880;38387712;495190016;0;0;0;0;0;0;0;0;0;0;0;3527;0;0;0;0;0;0;
35447;4743536;551546880;38387712;495190016;0;0;0;0;0;0;0;0;0;0;0;3196;0;0;0;0;0;0;
35448;3051232;551546880;38387712;495190016;0;0;0;0;0;0;0;0;0;0;0;2895;0;0;0;0;0;0;
35449;4601720;551546880;38387712;495190016;0;0;0;0;0;0;0;0;0;0;0;2955;0;0;0;0;0;0;
35450;2848912;551546880;38387712;495190016;0;0;0;0;0;0;0;0;0;0;0;2886;0;0;0;0;0;0;
35451;5060410;551546880;38387712;495190016;0;0;0;0;0;0;0;0;0;0;0;2956;0;0;0;0;0;0;
35452;2827242;551546880;38387712;495190016;0;0;0;0;0;0;0;0;0;0;0;2756;0;0;0;0;0;0;
35453;4532410;551546880;38387712;495190016;0;0;0;0;0;0;0;0;0;0;0;2675;0;0;0;0;0;0;
35454;3002691;551546880;38387712;495190016;0;0;0;0;0;0;0;0;0;0;0;3697;0;0;0;0;0;0;
35455;4659899;551546880;38387712;495190016;0;0;0;0;0;0;0;0;0;0;0;3316;0;0;0;0;0;0;
35456;3321038;551546880;38387712;495190016;0;0;0;0;0;0;0;0;0;0;0;3847;0;0;0;0;0;0;
35457;4754316;551546880;38387712;495190016;0;0;0;0;0;0;0;0;0;0;0;2795;0;0;0;0;0;0;
35458;3101867;551546880;38387712;495190016;0;0;0;0;0;0;0;0;0;0;0;3346;0;0;0;0;0;0;
35459;4611509;551546880;38387712;495190016;0;0;0;0;0;0;0;0;0;0;0;2945;0;0;0;0;0;0;
35460;4123964;551546880;38387712;495190016;0;0;0;0;0;0;0;0;0;0;0;4238;0;0;0;0;0;0;
35461;5031817;551546880;38387712;495190016;0;0;0;0;0;0;0;0;0;0;0;3947;0;0;0;0;0;0;
35462;4107022;551546880;38387712;495190016;0;0;0;0;0;0;0;0;0;0;0;3987;0;0;0;0;0;0;
35463;4919175;551546880;38387712;495190016;0;0;0;0;0;0;0;0;0;0;0;3616;0;0;0;0;0;0;
35464;3964234;551546880;38387712;495190016;0;0;0;0;0;0;0;0;0;0;0;4378;0;0;0;0;0;0;
35465;4801254;551546880;38387712;495190016;0;0;0;0;0;0;0;0;0;0;0;3828;0;0;0;0;0;0;
35466;3975275;551546880;38387712;495190016;0;0;0;0;0;0;0;0;0;0;0;4278;0;0;0;0;0;0;
35467;4981943;551546880;38387712;495190016;0;0;0;0;0;0;0;0;0;0;0;3827;0;0;0;0;0;0;
35468;4106121;551546880;38387712;495190016;0;0;0;0;0;0;0;0;0;0;0;3777;0;0;0;0;0;0;
35469;4819498;551546880;38387712;495190016;0;0;0;0;0;0;0;0;0;0;0;3467;0;0;0;0;0;0;
35470;4017564;551546880;38387712;495190016;0;0;0;0;0;0;0;0;0;0;0;3807;0;0;0;0;0;0;
35471;4933793;551546880;38387712;495190016;0;0;0;0;0;0;0;0;0;0;0;3627;0;0;0;0;0;0;
35472;3237902;551546880;38387712;495190016;0;0;0;0;0;0;0;0;0;0;0;3186;0;0;0;0;0;0;
35473;4550744;551546880;38387712;495190016;0;0;0;0;0;0;0;0;0;0;0;2555;0;0;0;0;0;0;
35474;3235308;551546880;38387712;495190016;0;0;0;0;0;0;0;0;0;0;0;3637;0;0;0;0;0;0;
35475;4669317;551546880;38387712;495190016;0;0;0;0;0;0;0;0;0;0;0;3116;0;0;0;0;0;0;
35476;3016197;551546880;38387712;495190016;0;0;0;0;0;0;0;0;0;0;0;3266;0;0;0;0;0;0;
35477;4494740;551546880;38387712;495190016;0;0;0;0;0;0;0;0;0;0;0;2846;0;0;0;0;0;0;
35478;2969519;551546880;38387712;495190016;0;0;0;0;0;0;0;0;0;0;0;2815;0;0;0;0;0;0;
35479;4482306;551546880;38387712;495190016;0;0;0;0;0;0;0;0;0;0;0;2454;0;0;0;0;0;0;
35480;3120993;551546880;38387712;495190016;0;0;0;0;0;0;0;0;0;0;0;2826;0;0;0;0;0;0;
35481;4506722;551546880;38387712;495190016;0;0;0;0;0;0;0;0;0;0;0;2705;0;0;0;0;0;0;
35482;3216873;551546880;38387712;495190016;0;0;0;0;0;0;0;0;0;0;0;3617;0;0;0;0;0;0;
35483;4565231;551546880;38387712;495190016;0;0;0;0;0;0;0;0;0;0;0;2885;0;0;0;0;0;0;
35484;3210992;551546880;38387712;495190016;0;0;0;0;0;0;0;0;0;0;0;3937;0;0;0;0;0;0;
35485;4572094;551546880;38387712;495190016;0;0;0;0;0;0;0;0;0;0;0;2745;0;0;0;0;0;0;
35486;3264893;551546880;38387712;495190016;0;0;0;0;0;0;0;0;0;0;0;3566;0;0;0;0;0;0;
35487;4771228;551546880;38387712;495190016;0;0;0;0;0;0;0;0;0;0;0;2986;0;0;0;0;0;0;
35488;3062554;551546880;38387712;495190016;0;0;0;0;0;0;0;0;0;0;0;3687;0;0;0;0;0;0;
35489;4587764;551546880;38387712;495190016;0;0;0;0;0;0;0;0;0;0;0;2816;0;0;0;0;0;0;
35490;3341597;551546880;38387712;495190016;0;0;0;0;0;0;0;0;0;0;0;4278;0;0;0;0;0;0;
35491;4828596;551546880;38387712;495190016;0;0;0;0;0;0;0;0;0;0;0;3787;0;0;0;0;0;0;
35492;4269617;551546880;38387712;495190016;0;0;0;0;0;0;0;0;0;0;0;4368;0;0;0;0;0;0;
35493;4756781;551546880;38387712;495190016;0;0;0;0;0;0;0;0;0;0;0;3467;0;0;0;0;0;0;
35494;4187994;551546880;38387712;495190016;0;0;0;0;0;0;0;0;0;0;0;4188;0;0;0;0;0;0;
35495;4899168;551546880;38387712;495190016;0;0;0;0;0;0;0;0;0;0;0;3426;0;0;0;0;0;0;
35496;4064763;551546880;38387712;495190016;0;0;0;0;0;0;0;0;0;0;0;3988;0;0;0;0;0;0;
35497;4888588;551546880;38387712;495190016;0;0;0;0;0;0;0;0;0;0;0;3457;0;0;0;0;0;0;
35498;4015560;551546880;38387712;495190016;0;0;0;0;0;0;0;0;0;0;0;4078;0;0;0;0;0;0;
35499;4861898;551546880;38387712;495190016;0;0;0;0;0;0;0;0;0;0;0;3396;0;0;0;0;0;0;
35500;4046509;551546880;38387712;495190016;0;0;0;0;0;0;0;0;0;0;0;4098;0;0;0;0;0;0;
35501;4948971;551546880;38387712;495190016;0;0;0;0;0;0;0;0;0;0;0;3907;0;0;0;0;0;0;
35502;3952292;551546880;38387712;495190016;0;0;0;0;0;0;0;0;0;0;0;3647;0;0;0;0;0;0;
35503;4820641;551546880;38387712;495190016;0;0;0;0;0;0;0;0;0;0;0;3567;0;0;0;0;0;0;
35504;3938927;551546880;38387712;495190016;0;0;0;0;0;0;0;0;0;0;0;3727;0;0;0;0;0;0;
35505;5079827;551546880;38387712;495190016;0;0;0;0;0;0;0;0;0;0;0;3216;0;0;0;0;0;0;
35506;3987418;551546880;38387712;495190016;0;0;0;0;0;0;0;0;0;0;0;4549;0;0;0;0;0;0;
35507;4897475;551546880;38387712;495190016;0;0;0;0;0;0;0;0;0;0;0;4047;0;0;0;0;0;0;
35508;4158398;551546880;38387712;495190016;0;0;0;0;0;0;0;0;0;0;0;4558;0;0;0;0;0;0;
35509;4877567;551546880;38387712;495190016;0;0;0;0;0;0;0;0;0;0;0;3727;0;0;0;0;0;0;
35510;3914201;551546880;38387712;495190016;0;0;0;0;0;0;0;0;0;0;0;4689;0;0;0;0;0;0;
35511;4850346;551546880;38387712;495190016;0;0;0;0;0;0;0;0;0;0;0;4078;0;0;0;0;0;0;
35512;3962481;551546880;38387712;495190016;0;0;0;0;0;0;0;0;0;0;0;4498;0;0;0;0;0;0;
35513;5075118;551546880;38387712;495190016;0;0;0;0;0;0;0;0;0;0;0;3787;0;0;0;0;0;0;
35514;3950759;551546880;38387712;495190016;0;0;0;0;0;0;0;0;0;0;0;4739;0;0;0;0;0;0;
35515;4813758;551546880;38387712;495190016;0;0;0;0;0;0;0;0;0;0;0;4408;0;0;0;0;0;0;
35516;4211338;551546880;38387712;495190016;0;0;0;0;0;0;0;0;0;0;0;4078;0;0;0;0;0;0;
35517;4825410;551546880;38387712;495190016;0;0;0;0;0;0;0;0;0;0;0;3847;0;0;0;0;0;0;
35518;4213522;551546880;38387712;495190016;0;0;0;0;0;0;0;0;0;0;0;4499;0;0;0;0;0;0;
35519;4928052;551546880;38387712;495190016;0;0;0;0;0;0;0;0;0;0;0;4128;0;0;0;0;0;0;
35520;3967250;551546880;38387712;495190016;0;0;0;0;0;0;0;0;0;0;0;4058;0;0;0;0;0;0;
35521;4912172;551546880;38387712;495190016;0;0;0;0;0;0;0;0;0;0;0;3717;0;0;0;0;0;0;
35522;4036240;551546880;38387712;495190016;0;0;0;0;0;0;0;0;0;0;0;4258;0;0;0;0;0;0;
35523;4827713;551546880;38387712;495190016;0;0;0;0;0;0;0;0;0;0;0;3777;0;0;0;0;0;0;
35524;3916545;551546880;38387712;495190016;0;0;0;0;0;0;0;0;0;0;0;4028;0;0;0;0;0;0;
35525;4890952;551546880;38387712;495190016;0;0;0;0;0;0;0;0;0;0;0;3917;0;0;0;0;0;0;
35526;4166023;551546880;38387712;495190016;0;0;0;0;0;0;0;0;0;0;0;4339;0;0;0;0;0;0;
35527;4859764;551546880;38387712;495190016;0;0;0;0;0;0;0;0;0;0;0;3507;0;0;0;0;0;0;
35528;3283127;551546880;38387712;495190016;0;0;0;0;0;0;0;0;0;0;0;3346;0;0;0;0;0;0;
35529;4634542;551546880;38387712;495190016;0;0;0;0;0;0;0;0;0;0;0;2855;0;0;0;0;0;0;
35530;3183400;551546880;38387712;495190016;0;0;0;0;0;0;0;0;0;0;0;3537;0;0;0;0;0;0;
35531;4737034;551546880;38387712;495190016;0;0;0;0;0;0;0;0;0;0;0;3146;0;0;0;0;0;0;
35532;3139929;551546880;38387712;495190016;0;0;0;0;0;0;0;0;0;0;0;3066;0;0;0;0;0;0;
35533;4616949;551546880;38387712;495190016;0;0;0;0;0;0;0;0;0;0;0;3116;0;0;0;0;0;0;
35534;2988725;551546880;38387712;495190016;0;0;0;0;0;0;0;0;0;0;0;3777;0;0;0;0;0;0;
35535;4599105;551546880;38387712;495190016;0;0;0;0;0;0;0;0;0;0;0;3136;0;0;0;0;0;0;
35536;3038659;551546880;38387712;495190016;0;0;0;0;0;0;0;0;0;0;0;3607;0;0;0;0;0;0;
35537;4647977;551546880;38387712;495190016;0;0;0;0;0;0;0;0;0;0;0;3186;0;0;0;0;0;0;
35538;2887655;551546880;38387712;495190016;0;0;0;0;0;0;0;0;0;0;0;3106;0;0;0;0;0;0;
35539;4611288;551546880;38387712;495190016;0;0;0;0;0;0;0;0;0;0;0;3626;0;0;0;0;0;0;
35540;3083744;551546880;38387712;495190016;0;0;0;0;0;0;0;0;0;0;0;3767;0;0;0;0;0;0;
35541;4582665;551546880;38387712;495190016;0;0;0;0;0;0;0;0;0;0;0;2925;0;0;0;0;0;0;
35542;2949161;551546880;38387712;495190016;0;0;0;0;0;0;0;0;0;0;0;3136;0;0;0;0;0;0;
35543;4663616;551546880;38387712;495190016;0;0;0;0;0;0;0;0;0;0;0;2615;0;0;0;0;0;0;
35544;3292845;551546880;38387712;495190016;0;0;0;0;0;0;0;0;0;0;0;4328;0;0;0;0;0;0;
35545;4959832;551546880;38387712;495190016;0;0;0;0;0;0;0;0;0;0;0;3637;0;0;0;0;0;0;
35546;4099188;551546880;38387712;495190016;0;0;0;0;0;0;0;0;0;0;0;5030;0;0;0;0;0;0;
35547;4832012;551546880;38387712;495190016;0;0;0;0;0;0;0;0;0;0;0;4509;0;0;0;0;0;0;
35548;4168207;551546880;38387712;495190016;0;0;0;0;0;0;0;0;0;0;0;4429;0;0;0;0;0;0;
35549;4908785;551546880;38387712;495190016;0;0;0;0;0;0;0;0;0;0;0;3637;0;0;0;0;0;0;
35550;4233199;551546880;38387712;495190016;0;0;0;0;0;0;0;0;0;0;0;4389;0;0;0;0;0;0;
35551;4931699;551546880;38387712;495190016;0;0;0;0;0;0;0;0;0;0;0;4398;0;0;0;0;0;0;
35552;4210807;551546880;38387712;495190016;0;0;0;0;0;0;0;0;0;0;0;4549;0;0;0;0;0;0;
35553;5146281;551546880;38387712;495190016;0;0;0;0;0;0;0;0;0;0;0;3777;0;0;0;0;0;0;
35554;3335646;551546880;38387712;495190016;0;0;0;0;0;0;0;0;0;0;0;2876;0;0;0;0;0;0;
35555;4705064;551546880;38387712;495190016;0;0;0;0;0;0;0;0;0;0;0;2795;0;0;0;0;0;0;
35556;3084274;551546880;38387712;495190016;0;0;0;0;0;0;0;0;0;0;0;3497;0;0;0;0;0;0;
35557;4554893;551546880;38387712;495190016;0;0;0;0;0;0;0;0;0;0;0;2736;0;0;0;0;0;0;
35558;3086338;551546880;38387712;495190016;0;0;0;0;0;0;0;0;0;0;0;3146;0;0;0;0;0;0;
35559;4814299;551546880;38387712;495190016;0;0;0;0;0;0;0;0;0;0;0;3366;0;0;0;0;0;0;
35560;4106682;551546880;38387712;495190016;0;0;0;0;0;0;0;0;0;0;0;4248;0;0;0;0;0;0;
35561;4901663;551546880;38387712;495190016;0;0;0;0;0;0;0;0;0;0;0;4088;0;0;0;0;0;0;
35562;4151105;551546880;38387712;495190016;0;0;0;0;0;0;0;0;0;0;0;3978;0;0;0;0;0;0;
35563;5058827;551546880;38387712;495190016;0;0;0;0;0;0;0;0;0;0;0;4138;0;0;0;0;0;0;
35564;4333578;551546880;38387712;495190016;0;0;0;0;0;0;0;0;0;0;0;4178;0;0;0;0;0;0;
35565;4756040;551546880;38387712;495190016;0;0;0;0;0;0;0;0;0;0;0;3557;0;0;0;0;0;0;
35566;3986747;551546880;38387712;495190016;0;0;0;0;0;0;0;0;0;0;0;4198;0;0;0;0;0;0;
35567;4882877;551546880;38387712;495190016;0;0;0;0;0;0;0;0;0;0;0;3446;0;0;0;0;0;0;
35568;4409870;551546880;38387712;495190016;0;0;0;0;0;0;0;0;0;0;0;4108;0;0;0;0;0;0;
35569;4923243;551546880;38387712;495190016;0;0;0;0;0;0;0;0;0;0;0;3727;0;0;0;0;0;0;
35570;4094509;551546880;38387712;495190016;0;0;0;0;0;0;0;0;0;0;0;4288;0;0;0;0;0;0;
35571;5000568;551546880;38387712;495190016;0;0;0;0;0;0;0;0;0;0;0;3627;0;0;0;0;0;0;
35572;4276069;551546880;38387712;495190016;0;0;0;0;0;0;0;0;0;0;0;4749;0;0;0;0;0;0;
35573;4956745;551546880;38387712;495190016;0;0;0;0;0;0;0;0;0;0;0;3927;0;0;0;0;0;0;
35574;3053787;551546880;38387712;495190016;0;0;0;0;0;0;0;0;0;0;0;3216;0;0;0;0;0;0;
35575;4617360;551546880;38387712;495190016;0;0;0;0;0;0;0;0;0;0;0;2876;0;0;0;0;0;0;
35576;4075183;551546880;38387712;495190016;0;0;0;0;0;0;0;0;0;0;0;3887;0;0;0;0;0;0;
35577;5085186;551546880;38387712;495190016;0;0;0;0;0;0;0;0;0;0;0;3457;0;0;0;0;0;0;
35578;3952973;551546880;38387712;495190016;0;0;0;0;0;0;0;0;0;0;0;4048;0;0;0;0;0;0;
35579;4979578;551546880;38387712;495190016;0;0;0;0;0;0;0;0;0;0;0;4008;0;0;0;0;0;0;
35580;4067067;551546880;38387712;495190016;0;0;0;0;0;0;0;0;0;0;0;4558;0;0;0;0;0;0;
35581;5091178;551546880;38387712;495190016;0;0;0;0;0;0;0;0;0;0;0;4308;0;0;0;0;0;0;
35582;4096122;551546880;38387712;495190016;0;0;0;0;0;0;0;0;0;0;0;3797;0;0;0;0;0;0;
35583;4884119;551546880;38387712;495190016;0;0;0;0;0;0;0;0;0;0;0;4409;0;0;0;0;0;0;
35584;3770071;551546880;38387712;495190016;0;0;0;0;0;0;0;0;0;0;0;2995;0;0;0;0;0;0;
35585;4637337;551546880;38387712;495190016;0;0;0;0;0;0;0;0;0;0;0;2595;0;0;0;0;0;0;
35586;2858861;551546880;38387712;495190016;0;0;0;0;0;0;0;0;0;0;0;2825;0;0;0;0;0;0;
35587;4680708;551546880;38387712;495190016;0;0;0;0;0;0;0;0;0;0;0;2475;0;0;0;0;0;0;
35588;2854212;551546880;38387712;495190016;0;0;0;0;0;0;0;0;0;0;0;3046;0;0;0;0;0;0;
35589;4880703;551546880;38387712;495190016;0;0;0;0;0;0;0;0;0;0;0;3196;0;0;0;0;0;0;
35590;2832442;551546880;38387712;495190016;0;0;0;0;0;0;0;0;0;0;0;2755;0;0;0;0;0;0;
35591;4552287;551546880;38387712;495190016;0;0;0;0;0;0;0;0;0;0;0;2585;0;0;0;0;0;0;
35592;3165787;551546880;38387712;495190016;0;0;0;0;0;0;0;0;0;0;0;2976;0;0;0;0;0;0;
35593;4510739;551546880;38387712;495190016;0;0;0;0;0;0;0;0;0;0;0;3076;0;0;0;0;0;0;
35594;3204951;551546880;38387712;495190016;0;0;0;0;0;0;0;0;0;0;0;3697;0;0;0;0;0;0;
35595;4643328;551546880;38387712;495190016;0;0;0;0;0;0;0;0;0;0;0;3066;0;0;0;0;0;0;
35596;3819593;551546880;38387712;495190016;0;0;0;0;0;0;0;0;0;0;0;3978;0;0;0;0;0;0;
35597;4716906;551546880;38387712;495190016;0;0;0;0;0;0;0;0;0;0;0;3656;0;0;0;0;0;0;
35598;4137129;551546880;38387712;495190016;0;0;0;0;0;0;0;0;0;0;0;3958;0;0;0;0;0;0;
35599;4823025;551546880;38387712;495190016;0;0;0;0;0;0;0;0;0;0;0;3577;0;0;0;0;0;0;
35600;4026391;551546880;38387712;495190016;0;0;0;0;0;0;0;0;0;0;0;3857;0;0;0;0;0;0;
35601;5192017;551546880;38387712;495190016;0;0;0;0;0;0;0;0;0;0;0;4007;0;0;0;0;0;0;
35602;3904983;551546880;38387712;495190016;0;0;0;0;0;0;0;0;0;0;0;3697;0;0;0;0;0;0;
35603;4826973;551546880;38387712;495190016;0;0;0;0;0;0;0;0;0;0;0;3597;0;0;0;0;0;0;
35604;4138511;551546880;38387712;495190016;0;0;0;0;0;0;0;0;0;0;0;4028;0;0;0;0;0;0;
35605;4996861;551546880;38387712;495190016;0;0;0;0;0;0;0;0;0;0;0;3958;0;0;0;0;0;0;
35606;3938656;551546880;38387712;495190016;0;0;0;0;0;0;0;0;0;0;0;2655;0;0;0;0;0;0;
35607;4562757;551546880;38387712;495190016;0;0;0;0;0;0;0;0;0;0;0;3026;0;0;0;0;0;0;
35608;3447886;551546880;38387712;495190016;0;0;0;0;0;0;0;0;0;0;0;2915;0;0;0;0;0;0;
35609;4551506;551546880;38387712;495190016;0;0;0;0;0;0;0;0;0;0;0;2836;0;0;0;0;0;0;
35610;3209619;551546880;38387712;495190016;0;0;0;0;0;0;0;0;0;0;0;3226;0;0;0;0;0;0;
35611;4622989;551546880;38387712;495190016;0;0;0;0;0;0;0;0;0;0;0;3045;0;0;0;0;0;0;
35612;4221467;551546880;38387712;495190016;0;0;0;0;0;0;0;0;0;0;0;3336;0;0;0;0;0;0;
35613;4792598;551546880;38387712;495190016;0;0;0;0;0;0;0;0;0;0;0;3417;0;0;0;0;0;0;
35614;4144201;551546880;38387712;495190016;0;0;0;0;0;0;0;0;0;0;0;3757;0;0;0;0;0;0;
35615;4876004;551546880;38387712;495190016;0;0;0;0;0;0;0;0;0;0;0;3647;0;0;0;0;0;0;
35616;4407215;551546880;38387712;495190016;0;0;0;0;0;0;0;0;0;0;0;3968;0;0;0;0;0;0;
35617;4838865;551546880;38387712;495190016;0;0;0;0;0;0;0;0;0;0;0;3537;0;0;0;0;0;0;
35618;3594992;551546880;38387712;495190016;0;0;0;0;0;0;0;0;0;0;0;3076;0;0;0;0;0;0;
35619;4540806;551546880;38387712;495190016;0;0;0;0;0;0;0;0;0;0;0;2765;0;0;0;0;0;0;
35620;3983191;551546880;38387712;495190016;0;0;0;0;0;0;0;0;0;0;0;3997;0;0;0;0;0;0;
35621;4813006;551546880;38387712;495190016;0;0;0;0;0;0;0;0;0;0;0;3807;0;0;0;0;0;0;
35622;4044334;551546880;38387712;495190016;0;0;0;0;0;0;0;0;0;0;0;3707;0;0;0;0;0;0;
35623;10796628;551546880;38387712;495190016;0;0;0;0;0;0;0;0;0;0;0;3696;0;0;0;0;0;0;
35624;4974580;551546880;38387712;495190016;0;0;0;0;0;0;0;0;0;0;0;4127;0;0;0;0;0;0;
35625;4981513;551546880;38387712;495190016;0;0;0;0;0;0;0;0;0;0;0;3667;0;0;0;0;0;0;
35626;4203212;551546880;38387712;495190016;0;0;0;0;0;0;0;0;0;0;0;5050;0;0;0;0;0;0;
35627;4723438;551546880;38387712;495190016;0;0;0;0;0;0;0;0;0;0;0;3536;0;0;0;0;0;0;
35628;4148139;551546880;38387712;495190016;0;0;0;0;0;0;0;0;0;0;0;4899;0;0;0;0;0;0;
35629;4833645;551546880;38387712;495190016;0;0;0;0;0;0;0;0;0;0;0;3547;0;0;0;0;0;0;
35630;4233810;551546880;38387712;495190016;0;0;0;0;0;0;0;0;0;0;0;3888;0;0;0;0;0;0;
35631;4747213;551546880;38387712;495190016;0;0;0;0;0;0;0;0;0;0;0;3657;0;0;0;0;0;0;
35632;4032041;551546880;38387712;495190016;0;0;0;0;0;0;0;0;0;0;0;3867;0;0;0;0;0;0;
35633;4800252;551546880;38387712;495190016;0;0;0;0;0;0;0;0;0;0;0;3356;0;0;0;0;0;0;
35634;3934128;551546880;38387712;495190016;0;0;0;0;0;0;0;0;0;0;0;4568;0;0;0;0;0;0;
35635;4792387;551546880;38387712;495190016;0;0;0;0;0;0;0;0;0;0;0;3937;0;0;0;0;0;0;
35636;3865669;551546880;38387712;495190016;0;0;0;0;0;0;0;0;0;0;0;3977;0;0;0;0;0;0;
35637;4855917;551546880;38387712;495190016;0;0;0;0;0;0;0;0;0;0;0;3907;0;0;0;0;0;0;
35638;3940620;551546880;38387712;495190016;0;0;0;0;0;0;0;0;0;0;0;3888;0;0;0;0;0;0;
35639;4938311;551546880;38387712;495190016;0;0;0;0;0;0;0;0;0;0;0;4448;0;0;0;0;0;0;
35640;3238964;551546880;38387712;495190016;0;0;0;0;0;0;0;0;0;0;0;3717;0;0;0;0;0;0;
35641;4668765;551546880;38387712;495190016;0;0;0;0;0;0;0;0;0;0;0;2686;0;0;0;0;0;0;
35642;2982033;551546880;38387712;495190016;0;0;0;0;0;0;0;0;0;0;0;3336;0;0;0;0;0;0;
35643;4545164;551546880;38387712;495190016;0;0;0;0;0;0;0;0;0;0;0;2866;0;0;0;0;0;0;
35644;3087911;551546880;38387712;495190016;0;0;0;0;0;0;0;0;0;0;0;3417;0;0;0;0;0;0;
35645;4617359;551546880;38387712;495190016;0;0;0;0;0;0;0;0;0;0;0;2856;0;0;0;0;0;0;
35646;3040492;551546880;38387712;495190016;0;0;0;0;0;0;0;0;0;0;0;3947;0;0;0;0;0;0;
35647;4527311;551546880;38387712;495190016;0;0;0;0;0;0;0;0;0;0;0;2535;0;0;0;0;0;0;
35648;2966944;551546880;38387712;495190016;0;0;0;0;0;0;0;0;0;0;0;3005;0;0;0;0;0;0;
35649;4569490;551546880;38387712;495190016;0;0;0;0;0;0;0;0;0;0;0;2485;0;0;0;0;0;0;
35650;3252169;551546880;38387712;495190016;0;0;0;0;0;0;0;0;0;0;0;3406;0;0;0;0;0;0;
35651;4545374;551546880;38387712;495190016;0;0;0;0;0;0;0;0;0;0;0;2865;0;0;0;0;0;0;
35652;3132946;551546880;38387712;495190016;0;0;0;0;0;0;0;0;0;0;0;3116;0;0;0;0;0;0;
35653;4705505;551546880;38387712;495190016;0;0;0;0;0;0;0;0;0;0;0;3036;0;0;0;0;0;0;
35654;2956805;551546880;38387712;495190016;0;0;0;0;0;0;0;0;0;0;0;3647;0;0;0;0;0;0;
35655;4611478;551546880;38387712;495190016;0;0;0;0;0;0;0;0;0;0;0;3076;0;0;0;0;0;0;
35656;3035563;551546880;38387712;495190016;0;0;0;0;0;0;0;0;0;0;0;3417;0;0;0;0;0;0;
35657;4938201;551546880;38387712;495190016;0;0;0;0;0;0;0;0;0;0;0;2785;0;0;0;0;0;0;
35658;2886784;551546880;38387712;495190016;0;0;0;0;0;0;0;0;0;0;0;3607;0;0;0;0;0;0;
35659;4518083;551546880;38387712;495190016;0;0;0;0;0;0;0;0;0;0;0;3106;0;0;0;0;0;0;
35660;3012640;551546880;38387712;495190016;0;0;0;0;0;0;0;0;0;0;0;3236;0;0;0;0;0;0;
35661;4635664;551546880;38387712;495190016;0;0;0;0;0;0;0;0;0;0;0;2705;0;0;0;0;0;0;
35662;2866466;551546880;38387712;495190016;0;0;0;0;0;0;0;0;0;0;0;3076;0;0;0;0;0;0;
35663;4551746;551546880;38387712;495190016;0;0;0;0;0;0;0;0;0;0;0;2715;0;0;0;0;0;0;
35664;2976362;551546880;38387712;495190016;0;0;0;0;0;0;0;0;0;0;0;3426;0;0;0;0;0;0;
35665;4641074;551546880;38387712;495190016;0;0;0;0;0;0;0;0;0;0;0;3216;0;0;0;0;0;0;
35666;3164775;551546880;38387712;495190016;0;0;0;0;0;0;0;0;0;0;0;3066;0;0;0;0;0;0;
35667;4485893;551546880;38387712;495190016;0;0;0;0;0;0;0;0;0;0;0;2845;0;0;0;0;0;0;
35668;3034571;551546880;38387712;495190016;0;0;0;0;0;0;0;0;0;0;0;3567;0;0;0;0;0;0;
35669;4602422;551546880;38387712;495190016;0;0;0;0;0;0;0;0;0;0;0;3106;0;0;0;0;0;0;
35670;3975616;551546880;38387712;495190016;0;0;0;0;0;0;0;0;0;0;0;3827;0;0;0;0;0;0;
35671;4859022;551546880;38387712;495190016;0;0;0;0;0;0;0;0;0;0;0;4368;0;0;0;0;0;0;
35672;4196860;551546880;38387712;495190016;0;0;0;0;0;0;0;0;0;0;0;3798;0;0;0;0;0;0;
35673;4982123;551546880;38387712;495190016;0;0;0;0;0;0;0;0;0;0;0;4539;0;0;0;0;0;0;
35674;4322727;551546880;38387712;495190016;0;0;0;0;0;0;0;0;0;0;0;3888;0;0;0;0;0;0;
35675;4991431;551546880;38387712;495190016;0;0;0;0;0;0;0;0;0;0;0;3968;0;0;0;0;0;0;
35676;3916114;551546880;38387712;495190016;0;0;0;0;0;0;0;0;0;0;0;3777;0;0;0;0;0;0;
35677;4941758;551546880;38387712;495190016;0;0;0;0;0;0;0;0;0;0;0;3747;0;0;0;0;0;0;
35678;4106191;551546880;38387712;495190016;0;0;0;0;0;0;0;0;0;0;0;3847;0;0;0;0;0;0;
35679;4925648;551546880;38387712;495190016;0;0;0;0;0;0;0;0;0;0;0;4378;0;0;0;0;0;0;
35680;3180494;551546880;38387712;495190016;0;0;0;0;0;0;0;0;0;0;0;3426;0;0;0;0;0;0;
35681;4604365;551546880;38387712;495190016;0;0;0;0;0;0;0;0;0;0;0;2605;0;0;0;0;0;0;
35682;3017338;551546880;38387712;495190016;0;0;0;0;0;0;0;0;0;0;0;3136;0;0;0;0;0;0;
35683;4760327;551546880;38387712;495190016;0;0;0;0;0;0;0;0;0;0;0;2706;0;0;0;0;0;0;
35684;3018090;551546880;38387712;495190016;0;0;0;0;0;0;0;0;0;0;0;3076;0;0;0;0;0;0;
35685;4674957;551546880;38387712;495190016;0;0;0;0;0;0;0;0;0;0;0;3236;0;0;0;0;0;0;
35686;2965762;551546880;38387712;495190016;0;0;0;0;0;0;0;0;0;0;0;2935;0;0;0;0;0;0;
35687;4756039;551546880;38387712;495190016;0;0;0;0;0;0;0;0;0;0;0;3286;0;0;0;0;0;0;
35688;2962777;551546880;38387712;495190016;0;0;0;0;0;0;0;0;0;0;0;3407;0;0;0;0;0;0;
35689;4673505;551546880;38387712;495190016;0;0;0;0;0;0;0;0;0;0;0;2946;0;0;0;0;0;0;
35690;2908375;551546880;38387712;495190016;0;0;0;0;0;0;0;0;0;0;0;3556;0;0;0;0;0;0;
35691;4642056;551546880;38387712;495190016;0;0;0;0;0;0;0;0;0;0;0;3306;0;0;0;0;0;0;
35692;2933352;551546880;38387712;495190016;0;0;0;0;0;0;0;0;0;0;0;3015;0;0;0;0;0;0;
35693;4640653;551546880;38387712;495190016;0;0;0;0;0;0;0;0;0;0;0;2875;0;0;0;0;0;0;
35694;2859132;551546880;38387712;495190016;0;0;0;0;0;0;0;0;0;0;0;2965;0;0;0;0;0;0;
35695;4532751;551546880;38387712;495190016;0;0;0;0;0;0;0;0;0;0;0;2535;0;0;0;0;0;0;
35696;3056572;551546880;38387712;495190016;0;0;0;0;0;0;0;0;0;0;0;4178;0;0;0;0;0;0;
35697;4577254;551546880;38387712;495190016;0;0;0;0;0;0;0;0;0;0;0;3386;0;0;0;0;0;0;
35698;3077511;551546880;38387712;495190016;0;0;0;0;0;0;0;0;0;0;0;3206;0;0;0;0;0;0;
35699;4707599;551546880;38387712;495190016;0;0;0;0;0;0;0;0;0;0;0;2846;0;0;0;0;0;0;
35700;2863129;551546880;38387712;495190016;0;0;0;0;0;0;0;0;0;0;0;3306;0;0;0;0;0;0;
35701;4587333;551546880;38387712;495190016;0;0;0;0;0;0;0;0;0;0;0;3046;0;0;0;0;0;0;
35702;2974007;551546880;38387712;495190016;0;0;0;0;0;0;0;0;0;0;0;2926;0;0;0;0;0;0;
35703;4591580;551546880;38387712;495190016;0;0;0;0;0;0;0;0;0;0;0;3987;0;0;0;0;0;0;
35704;3268921;551546880;38387712;495190016;0;0;0;0;0;0;0;0;0;0;0;4669;0;0;0;0;0;0;
35705;4914847;551546880;38387712;495190016;0;0;0;0;0;0;0;0;0;0;0;3847;0;0;0;0;0;0;
35706;3884225;551546880;38387712;495190016;0;0;0;0;0;0;0;0;0;0;0;3547;0;0;0;0;0;0;
35707;5057104;551546880;38387712;495190016;0;0;0;0;0;0;0;0;0;0;0;3336;0;0;0;0;0;0;
35708;4243137;551546880;38387712;495190016;0;0;0;0;0;0;0;0;0;0;0;3917;0;0;0;0;0;0;
35709;4793400;551546880;38387712;495190016;0;0;0;0;0;0;0;0;0;0;0;3556;0;0;0;0;0;0;
35710;3942043;551546880;38387712;495190016;0;0;0;0;0;0;0;0;0;0;0;3717;0;0;0;0;0;0;
35711;4970562;551546880;38387712;495190016;0;0;0;0;0;0;0;0;0;0;0;4298;0;0;0;0;0;0;
35712;3966519;551546880;38387712;495190016;0;0;0;0;0;0;0;0;0;0;0;4138;0;0;0;0;0;0;
35713;4824388;551546880;38387712;495190016;0;0;0;0;0;0;0;0;0;0;0;3317;0;0;0;0;0;0;
35714;4069341;551546880;38387712;495190016;0;0;0;0;0;0;0;0;0;0;0;4178;0;0;0;0;0;0;
35715;4920688;551546880;38387712;495190016;0;0;0;0;0;0;0;0;0;0;0;3877;0;0;0;0;0;0;
35716;4235102;551546880;38387712;495190016;0;0;0;0;0;0;0;0;0;0;0;4048;0;0;0;0;0;0;
35717;4962386;551546880;38387712;495190016;0;0;0;0;0;0;0;0;0;0;0;3577;0;0;0;0;0;0;
35718;3980986;551546880;38387712;495190016;0;0;0;0;0;0;0;0;0;0;0;4138;0;0;0;0;0;0;
35719;4927561;551546880;38387712;495190016;0;0;0;0;0;0;0;0;0;0;0;3908;0;0;0;0;0;0;
35720;4072307;551546880;38387712;495190016;0;0;0;0;0;0;0;0;0;0;0;4038;0;0;0;0;0;0;
35721;5062284;551546880;38387712;495190016;0;0;0;0;0;0;0;0;0;0;0;3987;0;0;0;0;0;0;
35722;3998288;551546880;38387712;495190016;0;0;0;0;0;0;0;0;0;0;0;3877;0;0;0;0;0;0;
35723;5050341;551546880;38387712;495190016;0;0;0;0;0;0;0;0;0;0;0;3737;0;0;0;0;0;0;
35724;3993480;551546880;38387712;495190016;0;0;0;0;0;0;0;0;0;0;0;3938;0;0;0;0;0;0;
35725;4908025;551546880;38387712;495190016;0;0;0;0;0;0;0;0;0;0;0;3587;0;0;0;0;0;0;
35726;3934048;551546880;38387712;495190016;0;0;0;0;0;0;0;0;0;0;0;3797;0;0;0;0;0;0;
35727;4934544;551546880;38387712;495190016;0;0;0;0;0;0;0;0;0;0;0;3737;0;0;0;0;0;0;
35728;4122372;551546880;38387712;495190016;0;0;0;0;0;0;0;0;0;0;0;4419;0;0;0;0;0;0;
35729;4893237;551546880;38387712;495190016;0;0;0;0;0;0;0;0;0;0;0;3948;0;0;0;0;0;0;
35730;4418046;551546880;38387712;495190016;0;0;0;0;0;0;0;0;0;0;0;4147;0;0;0;0;0;0;
35731;4819569;551546880;38387712;495190016;0;0;0;0;0;0;0;0;0;0;0;3858;0;0;0;0;0;0;
35732;4556566;551546880;38387712;495190016;0;0;0;0;0;0;0;0;0;0;0;4608;0;0;0;0;0;0;
35733;4803949;551546880;38387712;495190016;0;0;0;0;0;0;0;0;0;0;0;4138;0;0;0;0;0;0;
35734;4014398;551546880;38387712;495190016;0;0;0;0;0;0;0;0;0;0;0;4379;0;0;0;0;0;0;
35735;4763283;551546880;38387712;495190016;0;0;0;0;0;0;0;0;0;0;0;3696;0;0;0;0;0;0;
35736;4149342;551546880;38387712;495190016;0;0;0;0;0;0;0;0;0;0;0;4538;0;0;0;0;0;0;
35737;4918404;551546880;38387712;495190016;0;0;0;0;0;0;0;0;0;0;0;3767;0;0;0;0;0;0;
35738;4220726;551546880;38387712;495190016;0;0;0;0;0;0;0;0;0;0;0;4529;0;0;0;0;0;0;
35739;4907142;551546880;38387712;495190016;0;0;0;0;0;0;0;0;0;0;0;37170;0;0;0;0;0;0;
35740;4395073;551546880;38387712;495190016;0;0;0;0;0;0;0;0;0;0;0;4098;0;0;0;0;0;0;
35741;4794602;551546880;38387712;495190016;0;0;0;0;0;0;0;0;0;0;0;3727;0;0;0;0;0;0;
35742;4069262;551546880;38387712;495190016;0;0;0;0;0;0;0;0;0;0;0;4048;0;0;0;0;0;0;
35743;4873630;551546880;38387712;495190016;0;0;0;0;0;0;0;0;0;0;0;3777;0;0;0;0;0;0;
35744;3973983;551546880;38387712;495190016;0;0;0;0;0;0;0;0;0;0;0;3977;0;0;0;0;0;0;
35745;4882257;551546880;38387712;495190016;0;0;0;0;0;0;0;0;0;0;0;3667;0;0;0;0;0;0;
35746;3905494;551546880;38387712;495190016;0;0;0;0;0;0;0;0;0;0;0;4028;0;0;0;0;0;0;
35747;4919445;551546880;38387712;495190016;0;0;0;0;0;0;0;0;0;0;0;3987;0;0;0;0;0;0;
35748;3986477;551546880;38387712;495190016;0;0;0;0;0;0;0;0;0;0;0;4358;0;0;0;0;0;0;
35749;5016859;551546880;38387712;495190016;0;0;0;0;0;0;0;0;0;0;0;3888;0;0;0;0;0;0;
35750;3966279;551546880;38387712;495190016;0;0;0;0;0;0;0;0;0;0;0;4789;0;0;0;0;0;0;
35751;4868740;551546880;38387712;495190016;0;0;0;0;0;0;0;0;0;0;0;3917;0;0;0;0;0;0;
35752;4110118;551546880;38387712;495190016;0;0;0;0;0;0;0;0;0;0;0;4188;0;0;0;0;0;0;
35753;4880293;551546880;38387712;495190016;0;0;0;0;0;0;0;0;0;0;0;3676;0;0;0;0;0;0;
35754;3965557;551546880;38387712;495190016;0;0;0;0;0;0;0;0;0;0;0;4008;0;0;0;0;0;0;
35755;4749317;551546880;38387712;495190016;0;0;0;0;0;0;0;0;0;0;0;3877;0;0;0;0;0;0;
35756;4104668;551546880;38387712;495190016;0;0;0;0;0;0;0;0;0;0;0;4108;0;0;0;0;0;0;
35757;4708901;551546880;38387712;495190016;0;0;0;0;0;0;0;0;0;0;0;3867;0;0;0;0;0;0;
35758;3988740;551546880;38387712;495190016;0;0;0;0;0;0;0;0;0;0;0;3977;0;0;0;0;0;0;
35759;4799000;551546880;38387712;495190016;0;0;0;0;0;0;0;0;0;0;0;3577;0;0;0;0;0;0;
35760;4180340;551546880;38387712;495190016;0;0;0;0;0;0;0;0;0;0;0;3837;0;0;0;0;0;0;
35761;4851608;551546880;38387712;495190016;0;0;0;0;0;0;0;0;0;0;0;3757;0;0;0;0;0;0;
35762;4118735;551546880;38387712;495190016;0;0;0;0;0;0;0;0;0;0;0;3767;0;0;0;0;0;0;
35763;4796355;551546880;38387712;495190016;0;0;0;0;0;0;0;0;0;0;0;3547;0;0;0;0;0;0;
35764;4283623;551546880;38387712;495190016;0;0;0;0;0;0;0;0;0;0;0;4157;0;0;0;0;0;0;
35765;4839667;551546880;38387712;495190016;0;0;0;0;0;0;0;0;0;0;0;3897;0;0;0;0;0;0;
35766;3866231;551546880;38387712;495190016;0;0;0;0;0;0;0;0;0;0;0;4148;0;0;0;0;0;0;
35767;5042797;551546880;38387712;495190016;0;0;0;0;0;0;0;0;0;0;0;3757;0;0;0;0;0;0;
35768;3968182;551546880;38387712;495190016;0;0;0;0;0;0;0;0;0;0;0;4188;0;0;0;0;0;0;
35769;4820901;551546880;38387712;495190016;0;0;0;0;0;0;0;0;0;0;0;3577;0;0;0;0;0;0;
35770;4075673;551546880;38387712;495190016;0;0;0;0;0;0;0;0;0;0;0;4378;0;0;0;0;0;0;
35771;4914567;551546880;38387712;495190016;0;0;0;0;0;0;0;0;0;0;0;4037;0;0;0;0;0;0;
35772;3900966;551546880;38387712;495190016;0;0;0;0;0;0;0;0;0;0;0;3747;0;0;0;0;0;0;
35773;4866827;551546880;38387712;495190016;0;0;0;0;0;0;0;0;0;0;0;3506;0;0;0;0;0;0;
35774;4109677;551546880;38387712;495190016;0;0;0;0;0;0;0;0;0;0;0;3827;0;0;0;0;0;0;
35775;4981913;551546880;38387712;495190016;0;0;0;0;0;0;0;0;0;0;0;3837;0;0;0;0;0;0;
35776;3957662;551546880;38387712;495190016;0;0;0;0;0;0;0;0;0;0;0;4218;0;0;0;0;0;0;
35777;4858561;551546880;38387712;495190016;0;0;0;0;0;0;0;0;0;0;0;3808;0;0;0;0;0;0;
35778;4074852;551546880;38387712;495190016;0;0;0;0;0;0;0;0;0;0;0;3036;0;0;0;0;0;0;
35779;4569590;551546880;38387712;495190016;0;0;0;0;0;0;0;0;0;0;0;2374;0;0;0;0;0;0;
35780;3171648;551546880;38387712;495190016;0;0;0;0;0;0;0;0;0;0;0;3186;0;0;0;0;0;0;
35781;4594396;551546880;38387712;495190016;0;0;0;0;0;0;0;0;0;0;0;2955;0;0;0;0;0;0;
35782;3132875;551546880;38387712;495190016;0;0;0;0;0;0;0;0;0;0;0;3287;0;0;0;0;0;0;
35783;4770487;551546880;38387712;495190016;0;0;0;0;0;0;0;0;0;0;0;2605;0;0;0;0;0;0;
35784;3296041;551546880;38387712;495190016;0;0;0;0;0;0;0;0;0;0;0;3376;0;0;0;0;0;0;
35785;4532000;551546880;38387712;495190016;0;0;0;0;0;0;0;0;0;0;0;2986;0;0;0;0;0;0;
35786;3181136;551546880;38387712;495190016;0;0;0;0;0;0;0;0;0;0;0;4058;0;0;0;0;0;0;
35787;4924215;551546880;38387712;495190016;0;0;0;0;0;0;0;0;0;0;0;3567;0;0;0;0;0;0;
35788;4137710;551546880;38387712;495190016;0;0;0;0;0;0;0;0;0;0;0;3657;0;0;0;0;0;0;
35789;4886304;551546880;38387712;495190016;0;0;0;0;0;0;0;0;0;0;0;4218;0;0;0;0;0;0;
35790;4049364;551546880;38387712;495190016;0;0;0;0;0;0;0;0;0;0;0;3948;0;0;0;0;0;0;
35791;4809670;551546880;38387712;495190016;0;0;0;0;0;0;0;0;0;0;0;3697;0;0;0;0;0;0;
35792;4214473;551546880;38387712;495190016;0;0;0;0;0;0;0;0;0;0;0;4358;0;0;0;0;0;0;
35793;4834287;551546880;38387712;495190016;0;0;0;0;0;0;0;0;0;0;0;3377;0;0;0;0;0;0;
35794;4127982;551546880;38387712;495190016;0;0;0;0;0;0;0;0;0;0;0;3847;0;0;0;0;0;0;
35795;4845808;551546880;38387712;495190016;0;0;0;0;0;0;0;0;0;0;0;4148;0;0;0;0;0;0;
35796;4169620;551546880;38387712;495190016;0;0;0;0;0;0;0;0;0;0;0;3607;0;0;0;0;0;0;
35797;4772019;551546880;38387712;495190016;0;0;0;0;0;0;0;0;0;0;0;3777;0;0;0;0;0;0;
35798;4030358;551546880;38387712;495190016;0;0;0;0;0;0;0;0;0;0;0;3697;0;0;0;0;0;0;
35799;5093332;551546880;38387712;495190016;0;0;0;0;0;0;0;0;0;0;0;3477;0;0;0;0;0;0;
35800;4076395;551546880;38387712;495190016;0;0;0;0;0;0;0;0;0;0;0;4247;0;0;0;0;0;0;
35801;4805191;551546880;38387712;495190016;0;0;0;0;0;0;0;0;0;0;0;3486;0;0;0;0;0;0;
35802;3708024;551546880;38387712;495190016;0;0;0;0;0;0;0;0;0;0;0;2955;0;0;0;0;0;0;
35803;4577504;551546880;38387712;495190016;0;0;0;0;0;0;0;0;0;0;0;3096;0;0;0;0;0;0;
35804;3138175;551546880;38387712;495190016;0;0;0;0;0;0;0;0;0;0;0;3246;0;0;0;0;0;0;
35805;4544543;551546880;38387712;495190016;0;0;0;0;0;0;0;0;0;0;0;2856;0;0;0;0;0;0;
35806;2919465;551546880;38387712;495190016;0;0;0;0;0;0;0;0;0;0;0;3567;0;0;0;0;0;0;
35807;4745870;551546880;38387712;495190016;0;0;0;0;0;0;0;0;0;0;0;2865;0;0;0;0;0;0;
35808;2987262;551546880;38387712;495190016;0;0;0;0;0;0;0;0;0;0;0;3256;0;0;0;0;0;0;
35809;4558559;551546880;38387712;495190016;0;0;0;0;0;0;0;0;0;0;0;2685;0;0;0;0;0;0;
35810;3015556;551546880;38387712;495190016;0;0;0;0;0;0;0;0;0;0;0;3436;0;0;0;0;0;0;
35811;4504287;551546880;38387712;495190016;0;0;0;0;0;0;0;0;0;0;0;2835;0;0;0;0;0;0;
35812;2965622;551546880;38387712;495190016;0;0;0;0;0;0;0;0;0;0;0;3316;0;0;0;0;0;0;
35813;4784272;551546880;38387712;495190016;0;0;0;0;0;0;0;0;0;0;0;3046;0;0;0;0;0;0;
35814;2829957;551546880;38387712;495190016;0;0;0;0;0;0;0;0;0;0;0;2956;0;0;0;0;0;0;
35815;4503967;551546880;38387712;495190016;0;0;0;0;0;0;0;0;0;0;0;2966;0;0;0;0;0;0;
35816;2878047;551546880;38387712;495190016;0;0;0;0;0;0;0;0;0;0;0;2965;0;0;0;0;0;0;
35817;4590168;551546880;38387712;495190016;0;0;0;0;0;0;0;0;0;0;0;3497;0;0;0;0;0;0;
35818;3042756;551546880;38387712;495190016;0;0;0;0;0;0;0;0;0;0;0;3416;0;0;0;0;0;0;
35819;4570992;551546880;38387712;495190016;0;0;0;0;0;0;0;0;0;0;0;2785;0;0;0;0;0;0;
35820;2950123;551546880;38387712;495190016;0;0;0;0;0;0;0;0;0;0;0;3156;0;0;0;0;0;0;
35821;4498837;551546880;38387712;495190016;0;0;0;0;0;0;0;0;0;0;0;2846;0;0;0;0;0;0;
35822;3115583;551546880;38387712;495190016;0;0;0;0;0;0;0;0;0;0;0;3396;0;0;0;0;0;0;
35823;4658316;551546880;38387712;495190016;0;0;0;0;0;0;0;0;0;0;0;2645;0;0;0;0;0;0;
35824;3226391;551546880;38387712;495190016;0;0;0;0;0;0;0;0;0;0;0;3616;0;0;0;0;0;0;
35825;4684094;551546880;38387712;495190016;0;0;0;0;0;0;0;0;0;0;0;2575;0;0;0;0;0;0;
35826;3120692;551546880;38387712;495190016;0;0;0;0;0;0;0;0;0;0;0;3316;0;0;0;0;0;0;
35827;4490892;551546880;38387712;495190016;0;0;0;0;0;0;0;0;0;0;0;3046;0;0;0;0;0;0;
35828;3066220;551546880;38387712;495190016;0;0;0;0;0;0;0;0;0;0;0;3637;0;0;0;0;0;0;
35829;4481264;551546880;38387712;495190016;0;0;0;0;0;0;0;0;0;0;0;2635;0;0;0;0;0;0;
35830;3236640;551546880;38387712;495190016;0;0;0;0;0;0;0;0;0;0;0;3086;0;0;0;0;0;0;
35831;4646433;551546880;38387712;495190016;0;0;0;0;0;0;0;0;0;0;0;2756;0;0;0;0;0;0;
35832;3094713;551546880;38387712;495190016;0;0;0;0;0;0;0;0;0;0;0;4348;0;0;0;0;0;0;
35833;4583426;551546880;38387712;495190016;0;0;0;0;0;0;0;0;0;0;0;2885;0;0;0;0;0;0;
35834;3101306;551546880;38387712;495190016;0;0;0;0;0;0;0;0;0;0;0;3046;0;0;0;0;0;0;
35835;4514336;551546880;38387712;495190016;0;0;0;0;0;0;0;0;0;0;0;2785;0;0;0;0;0;0;
35836;3010516;551546880;38387712;495190016;0;0;0;0;0;0;0;0;0;0;0;4007;0;0;0;0;0;0;
35837;4575070;551546880;38387712;495190016;0;0;0;0;0;0;0;0;0;0;0;2786;0;0;0;0;0;0;
35838;3011167;551546880;38387712;495190016;0;0;0;0;0;0;0;0;0;0;0;3136;0;0;0;0;0;0;
35839;5069166;551546880;38387712;495190016;0;0;0;0;0;0;0;0;0;0;0;2645;0;0;0;0;0;0;
35840;2937378;551546880;38387712;495190016;0;0;0;0;0;0;0;0;0;0;0;3066;0;0;0;0;0;0;
35841;4745700;551546880;38387712;495190016;0;0;0;0;0;0;0;0;0;0;0;3015;0;0;0;0;0;0;
35842;2894939;551546880;38387712;495190016;0;0;0;0;0;0;0;0;0;0;0;3055;0;0;0;0;0;0;
35843;4677231;551546880;38387712;495190016;0;0;0;0;0;0;0;0;0;0;0;4088;0;0;0;0;0;0;
35844;2851147;551546880;38387712;495190016;0;0;0;0;0;0;0;0;0;0;0;2735;0;0;0;0;0;0;
35845;4571783;551546880;38387712;495190016;0;0;0;0;0;0;0;0;0;0;0;3025;0;0;0;0;0;0;
35846;3378726;551546880;38387712;495190016;0;0;0;0;0;0;0;0;0;0;0;3947;0;0;0;0;0;0;
35847;4769915;551546880;38387712;495190016;0;0;0;0;0;0;0;0;0;0;0;3907;0;0;0;0;0;0;
35848;3857915;551546880;38387712;495190016;0;0;0;0;0;0;0;0;0;0;0;3547;0;0;0;0;0;0;
35849;4839696;551546880;38387712;495190016;0;0;0;0;0;0;0;0;0;0;0;3887;0;0;0;0;0;0;
35850;3895135;551546880;38387712;495190016;0;0;0;0;0;0;0;0;0;0;0;3647;0;0;0;0;0;0;
35851;4855716;551546880;38387712;495190016;0;0;0;0;0;0;0;0;0;0;0;3837;0;0;0;0;0;0;
35852;3977940;551546880;38387712;495190016;0;0;0;0;0;0;0;0;0;0;0;4188;0;0;0;0;0;0;
35853;4892665;551546880;38387712;495190016;0;0;0;0;0;0;0;0;0;0;0;3878;0;0;0;0;0;0;
35854;3816227;551546880;38387712;495190016;0;0;0;0;0;0;0;0;0;0;0;3987;0;0;0;0;0;0;
35855;4872227;551546880;38387712;495190016;0;0;0;0;0;0;0;0;0;0;0;3286;0;0;0;0;0;0;
35856;4303300;551546880;38387712;495190016;0;0;0;0;0;0;0;0;0;0;0;4027;0;0;0;0;0;0;
35857;5091038;551546880;38387712;495190016;0;0;0;0;0;0;0;0;0;0;0;3447;0;0;0;0;0;0;
35858;4168057;551546880;38387712;495190016;0;0;0;0;0;0;0;0;0;0;0;4278;0;0;0;0;0;0;
35859;7843709;551546880;38387712;495190016;0;0;0;0;0;0;0;0;0;0;0;4228;0;0;0;0;0;0;
35860;8159692;551546880;38387712;495190016;0;0;0;0;0;0;0;0;0;0;0;3877;0;0;0;0;0;0;
35861;4992062;551546880;38387712;495190016;0;0;0;0;0;0;0;0;0;0;0;3707;0;0;0;0;0;0;
35862;4864113;551546880;38387712;495190016;0;0;0;0;0;0;0;0;0;0;0;4258;0;0;0;0;0;0;
35863;4999136;551546880;38387712;495190016;0;0;0;0;0;0;0;0;0;0;0;3977;0;0;0;0;0;0;
35864;4393089;551546880;38387712;495190016;0;0;0;0;0;0;0;0;0;0;0;4038;0;0;0;0;0;0;
35865;4980380;551546880;38387712;495190016;0;0;0;0;0;0;0;0;0;0;0;3336;0;0;0;0;0;0;
35866;4472568;551546880;38387712;495190016;0;0;0;0;0;0;0;0;0;0;0;3847;0;0;0;0;0;0;
35867;5287165;551546880;38387712;495190016;0;0;0;0;0;0;0;0;0;0;0;4138;0;0;0;0;0;0;
35868;4418165;551546880;38387712;495190016;0;0;0;0;0;0;0;0;0;0;0;3847;0;0;0;0;0;0;
35869;5137575;551546880;38387712;495190016;0;0;0;0;0;0;0;0;0;0;0;3878;0;0;0;0;0;0;
35870;5354041;551546880;38387712;495190016;0;0;0;0;0;0;0;0;0;0;0;4689;0;0;0;0;0;0;
35871;4993524;551546880;38387712;495190016;0;0;0;0;0;0;0;0;0;0;0;3597;0;0;0;0;0;0;
35872;4592863;551546880;38387712;495190016;0;0;0;0;0;0;0;0;0;0;0;4519;0;0;0;0;0;0;
35873;4932390;551546880;38387712;495190016;0;0;0;0;0;0;0;0;0;0;0;3797;0;0;0;0;0;0;
35874;4799261;551546880;38387712;495190016;0;0;0;0;0;0;0;0;0;0;0;3737;0;0;0;0;0;0;
35875;5088683;551546880;38387712;495190016;0;0;0;0;0;0;0;0;0;0;0;4018;0;0;0;0;0;0;
35876;5600002;551546880;38387712;495190016;0;0;0;0;0;0;0;0;0;0;0;4558;0;0;0;0;0;0;
35877;5063456;551546880;38387712;495190016;0;0;0;0;0;0;0;0;0;0;0;3186;0;0;0;0;0;0;
35878;5321770;551546880;38387712;495190016;0;0;0;0;0;0;0;0;0;0;0;4408;0;0;0;0;0;0;
35879;4999656;551546880;38387712;495190016;0;0;0;0;0;0;0;0;0;0;0;3607;0;0;0;0;0;0;
35880;4941177;551546880;38387712;495190016;0;0;0;0;0;0;0;0;0;0;0;3928;0;0;0;0;0;0;
35881;5224958;551546880;38387712;495190016;0;0;0;0;0;0;0;0;0;0;0;4449;0;0;0;0;0;0;
35882;4409068;551546880;38387712;495190016;0;0;0;0;0;0;0;0;0;0;0;4399;0;0;0;0;0;0;
35883;5342138;551546880;38387712;495190016;0;0;0;0;0;0;0;0;0;0;0;4769;0;0;0;0;0;0;
35884;4653748;551546880;38387712;495190016;0;0;0;0;0;0;0;0;0;0;0;4018;0;0;0;0;0;0;
35885;5590043;551546880;38387712;495190016;0;0;0;0;0;0;0;0;0;0;0;4178;0;0;0;0;0;0;
35886;4441309;551546880;38387712;495190016;0;0;0;0;0;0;0;0;0;0;0;3326;0;0;0;0;0;0;
35887;4820571;551546880;38387712;495190016;0;0;0;0;0;0;0;0;0;0;0;3968;0;0;0;0;0;0;
35888;4491864;551546880;38387712;495190016;0;0;0;0;0;0;0;0;0;0;0;5050;0;0;0;0;0;0;
35889;5031396;551546880;38387712;495190016;0;0;0;0;0;0;0;0;0;0;0;4338;0;0;0;0;0;0;
35890;4517051;551546880;38387712;495190016;0;0;0;0;0;0;0;0;0;0;0;4689;0;0;0;0;0;0;
35891;4972926;551546880;38387712;495190016;0;0;0;0;0;0;0;0;0;0;0;3136;0;0;0;0;0;0;
35892;5340114;551546880;38387712;495190016;0;0;0;0;0;0;0;0;0;0;0;4308;0;0;0;0;0;0;
35893;5584884;551546880;38387712;495190016;0;0;0;0;0;0;0;0;0;0;0;5902;0;0;0;0;0;0;
35894;4525026;551546880;38387712;495190016;0;0;0;0;0;0;0;0;0;0;0;4368;0;0;0;0;0;0;
35895;5323294;551546880;38387712;495190016;0;0;0;0;0;0;0;0;0;0;0;4969;0;0;0;0;0;0;
35896;4332766;551546880;38387712;495190016;0;0;0;0;0;0;0;0;0;0;0;4448;0;0;0;0;0;0;
35897;5509192;551546880;38387712;495190016;0;0;0;0;0;0;0;0;0;0;0;4839;0;0;0;0;0;0;
35898;4432462;551546880;38387712;495190016;0;0;0;0;0;0;0;0;0;0;0;4950;0;0;0;0;0;0;
35899;5475298;551546880;38387712;495190016;0;0;0;0;0;0;0;0;0;0;0;4629;0;0;0;0;0;0;
35900;4136598;551546880;38387712;495190016;0;0;0;0;0;0;0;0;0;0;0;4308;0;0;0;0;0;0;
35901;5341838;551546880;38387712;495190016;0;0;0;0;0;0;0;0;0;0;0;5110;0;0;0;0;0;0;
35902;4311486;551546880;38387712;495190016;0;0;0;0;0;0;0;0;0;0;0;4339;0;0;0;0;0;0;
35903;5277267;551546880;38387712;495190016;0;0;0;0;0;0;0;0;0;0;0;5520;0;0;0;0;0;0;
35904;4611769;551546880;38387712;495190016;0;0;0;0;0;0;0;0;0;0;0;5179;0;0;0;0;0;0;
35905;5048458;551546880;38387712;495190016;0;0;0;0;0;0;0;0;0;0;0;3837;0;0;0;0;0;0;
35906;4455275;551546880;38387712;495190016;0;0;0;0;0;0;0;0;0;0;0;5370;0;0;0;0;0;0;
35907;5174214;551546880;38387712;495190016;0;0;0;0;0;0;0;0;0;0;0;4829;0;0;0;0;0;0;
35908;4315984;551546880;38387712;495190016;0;0;0;0;0;0;0;0;0;0;0;5140;0;0;0;0;0;0;
35909;5236942;551546880;38387712;495190016;0;0;0;0;0;0;0;0;0;0;0;4359;0;0;0;0;0;0;
35910;4582154;551546880;38387712;495190016;0;0;0;0;0;0;0;0;0;0;0;5220;0;0;0;0;0;0;
35911;5776723;551546880;38387712;495190016;0;0;0;0;0;0;0;0;0;0;0;5511;0;0;0;0;0;0;
35912;4815260;551546880;38387712;495190016;0;0;0;0;0;0;0;0;0;0;0;4489;0;0;0;0;0;0;
35913;5369881;551546880;38387712;495190016;0;0;0;0;0;0;0;0;0;0;0;3757;0;0;0;0;0;0;
35914;4255020;551546880;38387712;495190016;0;0;0;0;0;0;0;0;0;0;0;4498;0;0;0;0;0;0;
35915;5471552;551546880;38387712;495190016;0;0;0;0;0;0;0;0;0;0;0;4288;0;0;0;0;0;0;
35916;4469722;551546880;38387712;495190016;0;0;0;0;0;0;0;0;0;0;0;4539;0;0;0;0;0;0;
35917;5688619;551546880;38387712;495190016;0;0;0;0;0;0;0;0;0;0;0;4679;0;0;0;0;0;0;
35918;4995128;551546880;38387712;495190016;0;0;0;0;0;0;0;0;0;0;0;4669;0;0;0;0;0;0;
35919;6005122;551546880;38387712;495190016;0;0;0;0;0;0;0;0;0;0;0;5150;0;0;0;0;0;0;
35920;4520348;551546880;38387712;495190016;0;0;0;0;0;0;0;0;0;0;0;4389;0;0;0;0;0;0;
35921;5379389;551546880;38387712;495190016;0;0;0;0;0;0;0;0;0;0;0;5000;0;0;0;0;0;0;
35922;4460896;551546880;38387712;495190016;0;0;0;0;0;0;0;0;0;0;0;4017;0;0;0;0;0;0;
35923;5073344;551546880;38387712;495190016;0;0;0;0;0;0;0;0;0;0;0;4529;0;0;0;0;0;0;
35924;4420029;551546880;38387712;495190016;0;0;0;0;0;0;0;0;0;0;0;4078;0;0;0;0;0;0;
35925;5181628;551546880;38387712;495190016;0;0;0;0;0;0;0;0;0;0;0;4449;0;0;0;0;0;0;
35926;4540335;551546880;38387712;495190016;0;0;0;0;0;0;0;0;0;0;0;4318;0;0;0;0;0;0;
35927;5366014;551546880;38387712;495190016;0;0;0;0;0;0;0;0;0;0;0;4488;0;0;0;0;0;0;
35928;4457579;551546880;38387712;495190016;0;0;0;0;0;0;0;0;0;0;0;5040;0;0;0;0;0;0;
35929;5313345;551546880;38387712;495190016;0;0;0;0;0;0;0;0;0;0;0;4679;0;0;0;0;0;0;
35930;4241715;551546880;38387712;495190016;0;0;0;0;0;0;0;0;0;0;0;6001;0;0;0;0;0;0;
35931;5096568;551546880;38387712;495190016;0;0;0;0;0;0;0;0;0;0;0;4007;0;0;0;0;0;0;
35932;4533141;551546880;38387712;495190016;0;0;0;0;0;0;0;0;0;0;0;4278;0;0;0;0;0;0;
35933;5130862;551546880;38387712;495190016;0;0;0;0;0;0;0;0;0;0;0;3867;0;0;0;0;0;0;
35934;4616507;551546880;38387712;495190016;0;0;0;0;0;0;0;0;0;0;0;4929;0;0;0;0;0;0;
35935;5036876;551546880;38387712;495190016;0;0;0;0;0;0;0;0;0;0;0;3516;0;0;0;0;0;0;
35936;4653807;551546880;38387712;495190016;0;0;0;0;0;0;0;0;0;0;0;4508;0;0;0;0;0;0;
35937;4999646;551546880;38387712;495190016;0;0;0;0;0;0;0;0;0;0;0;3867;0;0;0;0;0;0;
35938;4794601;551546880;38387712;495190016;0;0;0;0;0;0;0;0;0;0;0;4338;0;0;0;0;0;0;
35939;4994086;551546880;38387712;495190016;0;0;0;0;0;0;0;0;0;0;0;3958;0;0;0;0;0;0;
35940;5369059;551546880;38387712;495190016;0;0;0;0;0;0;0;0;0;0;0;5631;0;0;0;0;0;0;
35941;5201505;551546880;38387712;495190016;0;0;0;0;0;0;0;0;0;0;0;4158;0;0;0;0;0;0;
35942;5048267;551546880;38387712;495190016;0;0;0;0;0;0;0;0;0;0;0;4569;0;0;0;0;0;0;
35943;4962467;551546880;38387712;495190016;0;0;0;0;0;0;0;0;0;0;0;3657;0;0;0;0;0;0;
35944;4662294;551546880;38387712;495190016;0;0;0;0;0;0;0;0;0;0;0;4529;0;0;0;0;0;0;
35945;4878589;551546880;38387712;495190016;0;0;0;0;0;0;0;0;0;0;0;3657;0;0;0;0;0;0;
35946;4863100;551546880;38387712;495190016;0;0;0;0;0;0;0;0;0;0;0;4148;0;0;0;0;0;0;
35947;5005066;551546880;38387712;495190016;0;0;0;0;0;0;0;0;0;0;0;3447;0;0;0;0;0;0;
35948;4390915;551546880;38387712;495190016;0;0;0;0;0;0;0;0;0;0;0;4719;0;0;0;0;0;0;
35949;4843173;551546880;38387712;495190016;0;0;0;0;0;0;0;0;0;0;0;3697;0;0;0;0;0;0;
35950;4438685;551546880;38387712;495190016;0;0;0;0;0;0;0;0;0;0;0;4688;0;0;0;0;0;0;
35951;4971624;551546880;38387712;495190016;0;0;0;0;0;0;0;0;0;0;0;3657;0;0;0;0;0;0;
35952;4524144;551546880;38387712;495190016;0;0;0;0;0;0;0;0;0;0;0;4158;0;0;0;0;0;0;
35953;4935456;551546880;38387712;495190016;0;0;0;0;0;0;0;0;0;0;0;3507;0;0;0;0;0;0;
35954;4603914;551546880;38387712;495190016;0;0;0;0;0;0;0;0;0;0;0;4308;0;0;0;0;0;0;
35955;5137475;551546880;38387712;495190016;0;0;0;0;0;0;0;0;0;0;0;3547;0;0;0;0;0;0;
35956;4488809;551546880;38387712;495190016;0;0;0;0;0;0;0;0;0;0;0;4759;0;0;0;0;0;0;
35957;5003814;551546880;38387712;495190016;0;0;0;0;0;0;0;0;0;0;0;3787;0;0;0;0;0;0;
35958;4667072;551546880;38387712;495190016;0;0;0;0;0;0;0;0;0;0;0;4970;0;0;0;0;0;0;
35959;4960062;551546880;38387712;495190016;0;0;0;0;0;0;0;0;0;0;0;3928;0;0;0;0;0;0;
35960;4477838;551546880;38387712;495190016;0;0;0;0;0;0;0;0;0;0;0;4479;0;0;0;0;0;0;
35961;5036515;551546880;38387712;495190016;0;0;0;0;0;0;0;0;0;0;0;4048;0;0;0;0;0;0;
35962;4718890;551546880;38387712;495190016;0;0;0;0;0;0;0;0;0;0;0;4057;0;0;0;0;0;0;
35963;5034492;551546880;38387712;495190016;0;0;0;0;0;0;0;0;0;0;0;4308;0;0;0;0;0;0;
35964;4409940;551546880;38387712;495190016;0;0;0;0;0;0;0;0;0;0;0;4398;0;0;0;0;0;0;
35965;4926640;551546880;38387712;495190016;0;0;0;0;0;0;0;0;0;0;0;3687;0;0;0;0;0;0;
35966;4611739;551546880;38387712;495190016;0;0;0;0;0;0;0;0;0;0;0;4358;0;0;0;0;0;0;
35967;5594161;551546880;38387712;495190016;0;0;0;0;0;0;0;0;0;0;0;5480;0;0;0;0;0;0;
35968;4368162;551546880;38387712;495190016;0;0;0;0;0;0;0;0;0;0;0;5200;0;0;0;0;0;0;
35969;5368588;551546880;38387712;495190016;0;0;0;0;0;0;0;0;0;0;0;5210;0;0;0;0;0;0;
35970;5602296;551546880;38387712;495190016;0;0;0;0;0;0;0;0;0;0;0;4468;0;0;0;0;0;0;
35971;5776713;551546880;38387712;495190016;0;0;0;0;0;0;0;0;0;0;0;5310;0;0;0;0;0;0;
35972;5544237;551546880;38387712;495190016;0;0;0;0;0;0;0;0;0;0;0;5981;0;0;0;0;0;0;
35973;5407230;551546880;38387712;495190016;0;0;0;0;0;0;0;0;0;0;0;3987;0;0;0;0;0;0;
35974;4435758;551546880;38387712;495190016;0;0;0;0;0;0;0;0;0;0;0;5731;0;0;0;0;0;0;
35975;5157522;551546880;38387712;495190016;0;0;0;0;0;0;0;0;0;0;0;4488;0;0;0;0;0;0;
35976;4615676;551546880;38387712;495190016;0;0;0;0;0;0;0;0;0;0;0;4649;0;0;0;0;0;0;
35977;5577911;551546880;38387712;495190016;0;0;0;0;0;0;0;0;0;0;0;5060;0;0;0;0;0;0;
35978;4705895;551546880;38387712;495190016;0;0;0;0;0;0;0;0;0;0;0;5160;0;0;0;0;0;0;
35979;5174234;551546880;38387712;495190016;0;0;0;0;0;0;0;0;0;0;0;5290;0;0;0;0;0;0;
35980;4546276;551546880;38387712;495190016;0;0;0;0;0;0;0;0;0;0;0;4077;0;0;0;0;0;0;
35981;5227283;551546880;38387712;495190016;0;0;0;0;0;0;0;0;0;0;0;4529;0;0;0;0;0;0;
35982;4384603;551546880;38387712;495190016;0;0;0;0;0;0;0;0;0;0;0;4468;0;0;0;0;0;0;
35983;5363819;551546880;38387712;495190016;0;0;0;0;0;0;0;0;0;0;0;4969;0;0;0;0;0;0;
35984;4497214;551546880;38387712;495190016;0;0;0;0;0;0;0;0;0;0;0;4529;0;0;0;0;0;0;
35985;6332185;551546880;38387712;495190016;0;0;0;0;0;0;0;0;0;0;0;4208;0;0;0;0;0;0;
35986;5206223;551546880;38387712;495190016;0;0;0;0;0;0;0;0;0;0;0;4518;0;0;0;0;0;0;
35987;5138838;551546880;38387712;495190016;0;0;0;0;0;0;0;0;0;0;0;4028;0;0;0;0;0;0;
35988;4865044;551546880;38387712;495190016;0;0;0;0;0;0;0;0;0;0;0;5039;0;0;0;0;0;0;
35989;4935486;551546880;38387712;495190016;0;0;0;0;0;0;0;0;0;0;0;3476;0;0;0;0;0;0;
35990;4789492;551546880;38387712;495190016;0;0;0;0;0;0;0;0;0;0;0;4398;0;0;0;0;0;0;
35991;4970241;551546880;38387712;495190016;0;0;0;0;0;0;0;0;0;0;0;3958;0;0;0;0;0;0;
35992;4695947;551546880;38387712;495190016;0;0;0;0;0;0;0;0;0;0;0;4519;0;0;0;0;0;0;
35993;4958168;551546880;38387712;495190016;0;0;0;0;0;0;0;0;0;0;0;4618;0;0;0;0;0;0;
35994;4746631;551546880;38387712;495190016;0;0;0;0;0;0;0;0;0;0;0;4749;0;0;0;0;0;0;
35995;5158164;551546880;38387712;495190016;0;0;0;0;0;0;0;0;0;0;0;3767;0;0;0;0;0;0;
35996;4660150;551546880;38387712;495190016;0;0;0;0;0;0;0;0;0;0;0;4368;0;0;0;0;0;0;
35997;4901262;551546880;38387712;495190016;0;0;0;0;0;0;0;0;0;0;0;3867;0;0;0;0;0;0;
35998;4585980;551546880;38387712;495190016;0;0;0;0;0;0;0;0;0;0;0;4949;0;0;0;0;0;0;
35999;4939684;551546880;38387712;495190016;0;0;0;0;0;0;0;0;0;0;0;4338;0;0;0;0;0;0;
36000;4503285;551546880;38387712;495190016;0;0;0;0;0;0;0;0;0;0;0;4118;0;0;0;0;0;0;
36001;5038970;551546880;38387712;495190016;0;0;0;0;0;0;0;0;0;0;0;3917;0;0;0;0;0;0;
36002;4725833;551546880;38387712;495190016;0;0;0;0;0;0;0;0;0;0;0;4889;0;0;0;0;0;0;
36003;4924165;551546880;38387712;495190016;0;0;0;0;0;0;0;0;0;0;0;3647;0;0;0;0;0;0;
36004;4206609;551546880;38387712;495190016;0;0;0;0;0;0;0;0;0;0;0;4007;0;0;0;0;0;0;
36005;4852771;551546880;38387712;495190016;0;0;0;0;0;0;0;0;0;0;0;3687;0;0;0;0;0;0;
36006;3650967;551546880;38387712;495190016;0;0;0;0;0;0;0;0;0;0;0;3647;0;0;0;0;0;0;
36007;4740951;551546880;38387712;495190016;0;0;0;0;0;0;0;0;0;0;0;3607;0;0;0;0;0;0;
36008;4166915;551546880;38387712;495190016;0;0;0;0;0;0;0;0;0;0;0;4008;0;0;0;0;0;0;
36009;4664047;551546880;38387712;495190016;0;0;0;0;0;0;0;0;0;0;0;3667;0;0;0;0;0;0;
36010;3869587;551546880;38387712;495190016;0;0;0;0;0;0;0;0;0;0;0;3877;0;0;0;0;0;0;
36011;4840998;551546880;38387712;495190016;0;0;0;0;0;0;0;0;0;0;0;3116;0;0;0;0;0;0;
36012;4348736;551546880;38387712;495190016;0;0;0;0;0;0;0;0;0;0;0;3907;0;0;0;0;0;0;
36013;4800553;551546880;38387712;495190016;0;0;0;0;0;0;0;0;0;0;0;3126;0;0;0;0;0;0;
36014;3786742;551546880;38387712;495190016;0;0;0;0;0;0;0;0;0;0;0;3857;0;0;0;0;0;0;
36015;4728168;551546880;38387712;495190016;0;0;0;0;0;0;0;0;0;0;0;4118;0;0;0;0;0;0;
36016;3798824;551546880;38387712;495190016;0;0;0;0;0;0;0;0;0;0;0;3807;0;0;0;0;0;0;
36017;4784994;551546880;38387712;495190016;0;0;0;0;0;0;0;0;0;0;0;3406;0;0;0;0;0;0;
36018;3623856;551546880;38387712;495190016;0;0;0;0;0;0;0;0;0;0;0;4168;0;0;0;0;0;0;
36019;4744668;551546880;38387712;495190016;0;0;0;0;0;0;0;0;0;0;0;3496;0;0;0;0;0;0;
36020;3685191;551546880;38387712;495190016;0;0;0;0;0;0;0;0;0;0;0;4178;0;0;0;0;0;0;
36021;4815230;551546880;38387712;495190016;0;0;0;0;0;0;0;0;0;0;0;3406;0;0;0;0;0;0;
36022;3706601;551546880;38387712;495190016;0;0;0;0;0;0;0;0;0;0;0;3848;0;0;0;0;0;0;
36023;4861417;551546880;38387712;495190016;0;0;0;0;0;0;0;0;0;0;0;3657;0;0;0;0;0;0;
36024;3722231;551546880;38387712;495190016;0;0;0;0;0;0;0;0;0;0;0;4228;0;0;0;0;0;0;
36025;4908035;551546880;38387712;495190016;0;0;0;0;0;0;0;0;0;0;0;3486;0;0;0;0;0;0;
36026;3848447;551546880;38387712;495190016;0;0;0;0;0;0;0;0;0;0;0;4218;0;0;0;0;0;0;
36027;4811844;551546880;38387712;495190016;0;0;0;0;0;0;0;0;0;0;0;3416;0;0;0;0;0;0;
36028;4148370;551546880;38387712;495190016;0;0;0;0;0;0;0;0;0;0;0;3687;0;0;0;0;0;0;
36029;4829568;551546880;38387712;495190016;0;0;0;0;0;0;0;0;0;0;0;3386;0;0;0;0;0;0;
36030;3796429;551546880;38387712;495190016;0;0;0;0;0;0;0;0;0;0;0;4248;0;0;0;0;0;0;
36031;4938992;551546880;38387712;495190016;0;0;0;0;0;0;0;0;0;0;0;4609;0;0;0;0;0;0;
36032;3788625;551546880;38387712;495190016;0;0;0;0;0;0;0;0;0;0;0;3888;0;0;0;0;0;0;
36033;4745670;551546880;38387712;495190016;0;0;0;0;0;0;0;0;0;0;0;3376;0;0;0;0;0;0;
36034;3685382;551546880;38387712;495190016;0;0;0;0;0;0;0;0;0;0;0;3707;0;0;0;0;0;0;
36035;4891944;551546880;38387712;495190016;0;0;0;0;0;0;0;0;0;0;0;4338;0;0;0;0;0;0;
36036;4123913;551546880;38387712;495190016;0;0;0;0;0;0;0;0;0;0;0;4459;0;0;0;0;0;0;
36037;4709272;551546880;38387712;495190016;0;0;0;0;0;0;0;0;0;0;0;3366;0;0;0;0;0;0;
36038;3791751;551546880;38387712;495190016;0;0;0;0;0;0;0;0;0;0;0;4318;0;0;0;0;0;0;
36039;4718339;551546880;38387712;495190016;0;0;0;0;0;0;0;0;0;0;0;3797;0;0;0;0;0;0;
36040;3909311;551546880;38387712;495190016;0;0;0;0;0;0;0;0;0;0;0;4178;0;0;0;0;0;0;
36041;4727215;551546880;38387712;495190016;0;0;0;0;0;0;0;0;0;0;0;3326;0;0;0;0;0;0;
36042;3730215;551546880;38387712;495190016;0;0;0;0;0;0;0;0;0;0;0;3546;0;0;0;0;0;0;
36043;4856849;551546880;38387712;495190016;0;0;0;0;0;0;0;0;0;0;0;3216;0;0;0;0;0;0;
36044;3740925;551546880;38387712;495190016;0;0;0;0;0;0;0;0;0;0;0;4218;0;0;0;0;0;0;
36045;4892154;551546880;38387712;495190016;0;0;0;0;0;0;0;0;0;0;0;3837;0;0;0;0;0;0;
36046;3975606;551546880;38387712;495190016;0;0;0;0;0;0;0;0;0;0;0;4698;0;0;0;0;0;0;
36047;5018753;551546880;38387712;495190016;0;0;0;0;0;0;0;0;0;0;0;3606;0;0;0;0;0;0;
36048;3856051;551546880;38387712;495190016;0;0;0;0;0;0;0;0;0;0;0;4418;0;0;0;0;0;0;
36049;4814509;551546880;38387712;495190016;0;0;0;0;0;0;0;0;0;0;0;3607;0;0;0;0;0;0;
36050;3866821;551546880;38387712;495190016;0;0;0;0;0;0;0;0;0;0;0;4128;0;0;0;0;0;0;
36051;4879200;551546880;38387712;495190016;0;0;0;0;0;0;0;0;0;0;0;3998;0;0;0;0;0;0;
36052;3947483;551546880;38387712;495190016;0;0;0;0;0;0;0;0;0;0;0;3596;0;0;0;0;0;0;
36053;4774334;551546880;38387712;495190016;0;0;0;0;0;0;0;0;0;0;0;3256;0;0;0;0;0;0;
36054;3824202;551546880;38387712;495190016;0;0;0;0;0;0;0;0;0;0;0;4048;0;0;0;0;0;0;
36055;4777540;551546880;38387712;495190016;0;0;0;0;0;0;0;0;0;0;0;3106;0;0;0;0;0;0;
36056;3797973;551546880;38387712;495190016;0;0;0;0;0;0;0;0;0;0;0;3416;0;0;0;0;0;0;
36057;4694705;551546880;38387712;495190016;0;0;0;0;0;0;0;0;0;0;0;9978;0;0;0;0;0;0;
36058;3918749;551546880;38387712;495190016;0;0;0;0;0;0;0;0;0;0;0;3336;0;0;0;0;0;0;
36059;4699483;551546880;38387712;495190016;0;0;0;0;0;0;0;0;0;0;0;3396;0;0;0;0;0;0;
36060;3958304;551546880;38387712;495190016;0;0;0;0;0;0;0;0;0;0;0;3857;0;0;0;0;0;0;
36061;4856177;551546880;38387712;495190016;0;0;0;0;0;0;0;0;0;0;0;3487;0;0;0;0;0;0;
36062;3890546;551546880;38387712;495190016;0;0;0;0;0;0;0;0;0;0;0;4198;0;0;0;0;0;0;
36063;4816092;551546880;38387712;495190016;0;0;0;0;0;0;0;0;0;0;0;3847;0;0;0;0;0;0;
36064;4100069;551546880;38387712;495190016;0;0;0;0;0;0;0;0;0;0;0;3968;0;0;0;0;0;0;
36065;4751220;551546880;38387712;495190016;0;0;0;0;0;0;0;0;0;0;0;3446;0;0;0;0;0;0;
36066;3957351;551546880;38387712;495190016;0;0;0;0;0;0;0;0;0;0;0;3527;0;0;0;0;0;0;
36067;7841305;551546880;38387712;495190016;0;0;0;0;0;0;0;0;0;0;0;3366;0;0;0;0;0;0;
36068;10718992;551546880;38387712;495190016;0;0;0;0;0;0;0;0;0;0;0;4468;0;0;0;0;0;0;
36069;4841139;551546880;38387712;495190016;0;0;0;0;0;0;0;0;0;0;0;3646;0;0;0;0;0;0;
36070;4053722;551546880;38387712;495190016;0;0;0;0;0;0;0;0;0;0;0;4358;0;0;0;0;0;0;
36071;4805813;551546880;38387712;495190016;0;0;0;0;0;0;0;0;0;0;0;3867;0;0;0;0;0;0;
36072;3857905;551546880;38387712;495190016;0;0;0;0;0;0;0;0;0;0;0;4088;0;0;0;0;0;0;
36073;4824137;551546880;38387712;495190016;0;0;0;0;0;0;0;0;0;0;0;4117;0;0;0;0;0;0;
36074;3760142;551546880;38387712;495190016;0;0;0;0;0;0;0;0;0;0;0;3697;0;0;0;0;0;0;
36075;4891694;551546880;38387712;495190016;0;0;0;0;0;0;0;0;0;0;0;4068;0;0;0;0;0;0;
36076;3703075;551546880;38387712;495190016;0;0;0;0;0;0;0;0;0;0;0;3727;0;0;0;0;0;0;
36077;4885612;551546880;38387712;495190016;0;0;0;0;0;0;0;0;0;0;0;3216;0;0;0;0;0;0;
36078;3832037;551546880;38387712;495190016;0;0;0;0;0;0;0;0;0;0;0;3837;0;0;0;0;0;0;
36079;4835709;551546880;38387712;495190016;0;0;0;0;0;0;0;0;0;0;0;3246;0;0;0;0;0;0;
36080;3752998;551546880;38387712;495190016;0;0;0;0;0;0;0;0;0;0;0;3557;0;0;0;0;0;0;
36081;4858973;551546880;38387712;495190016;0;0;0;0;0;0;0;0;0;0;0;3767;0;0;0;0;0;0;
36082;3925913;551546880;38387712;495190016;0;0;0;0;0;0;0;0;0;0;0;3597;0;0;0;0;0;0;
36083;4844115;551546880;38387712;495190016;0;0;0;0;0;0;0;0;0;0;0;3055;0;0;0;0;0;0;
36084;4103286;551546880;38387712;495190016;0;0;0;0;0;0;0;0;0;0;0;4148;0;0;0;0;0;0;
36085;4720633;551546880;38387712;495190016;0;0;0;0;0;0;0;0;0;0;0;3677;0;0;0;0;0;0;
36086;3869897;551546880;38387712;495190016;0;0;0;0;0;0;0;0;0;0;0;4038;0;0;0;0;0;0;
36087;4897495;551546880;38387712;495190016;0;0;0;0;0;0;0;0;0;0;0;3717;0;0;0;0;0;0;
36088;3749582;551546880;38387712;495190016;0;0;0;0;0;0;0;0;0;0;0;4038;0;0;0;0;0;0;
36089;4824929;551546880;38387712;495190016;0;0;0;0;0;0;0;0;0;0;0;3246;0;0;0;0;0;0;
36090;3675694;551546880;38387712;495190016;0;0;0;0;0;0;0;0;0;0;0;3687;0;0;0;0;0;0;
36091;4892906;551546880;38387712;495190016;0;0;0;0;0;0;0;0;0;0;0;4168;0;0;0;0;0;0;
36092;3577990;551546880;38387712;495190016;0;0;0;0;0;0;0;0;0;0;0;3838;0;0;0;0;0;0;
36093;4748135;551546880;38387712;495190016;0;0;0;0;0;0;0;0;0;0;0;3577;0;0;0;0;0;0;
36094;3861842;551546880;38387712;495190016;0;0;0;0;0;0;0;0;0;0;0;4248;0;0;0;0;0;0;
36095;4685917;551546880;38387712;495190016;0;0;0;0;0;0;0;0;0;0;0;3407;0;0;0;0;0;0;
36096;3698025;551546880;38387712;495190016;0;0;0;0;0;0;0;0;0;0;0;3677;0;0;0;0;0;0;
36097;4861888;551546880;38387712;495190016;0;0;0;0;0;0;0;0;0;0;0;3777;0;0;0;0;0;0;
36098;3738851;551546880;38387712;495190016;0;0;0;0;0;0;0;0;0;0;0;3868;0;0;0;0;0;0;
36099;4890431;551546880;38387712;495190016;0;0;0;0;0;0;0;0;0;0;0;3587;0;0;0;0;0;0;
36100;3792873;551546880;38387712;495190016;0;0;0;0;0;0;0;0;0;0;0;4098;0;0;0;0;0;0;
36101;4839015;551546880;38387712;495190016;0;0;0;0;0;0;0;0;0;0;0;3657;0;0;0;0;0;0;
36102;3703896;551546880;38387712;495190016;0;0;0;0;0;0;0;0;0;0;0;3337;0;0;0;0;0;0;
36103;4880142;551546880;38387712;495190016;0;0;0;0;0;0;0;0;0;0;0;3606;0;0;0;0;0;0;
36104;3666255;551546880;38387712;495190016;0;0;0;0;0;0;0;0;0;0;0;3717;0;0;0;0;0;0;
36105;4920448;551546880;38387712;495190016;0;0;0;0;0;0;0;0;0;0;0;3286;0;0;0;0;0;0;
36106;3790239;551546880;38387712;495190016;0;0;0;0;0;0;0;0;0;0;0;4057;0;0;0;0;0;0;
36107;4744518;551546880;38387712;495190016;0;0;0;0;0;0;0;0;0;0;0;3276;0;0;0;0;0;0;
36108;3784708;551546880;38387712;495190016;0;0;0;0;0;0;0;0;0;0;0;3927;0;0;0;0;0;0;
36109;4928433;551546880;38387712;495190016;0;0;0;0;0;0;0;0;0;0;0;4038;0;0;0;0;0;0;
36110;3752818;551546880;38387712;495190016;0;0;0;0;0;0;0;0;0;0;0;3748;0;0;0;0;0;0;
36111;5032328;551546880;38387712;495190016;0;0;0;0;0;0;0;0;0;0;0;3687;0;0;0;0;0;0;
36112;3678349;551546880;38387712;495190016;0;0;0;0;0;0;0;0;0;0;0;4268;0;0;0;0;0;0;
36113;4742294;551546880;38387712;495190016;0;0;0;0;0;0;0;0;0;0;0;3537;0;0;0;0;0;0;
36114;3732199;551546880;38387712;495190016;0;0;0;0;0;0;0;0;0;0;0;3646;0;0;0;0;0;0;
36115;4832553;551546880;38387712;495190016;0;0;0;0;0;0;0;0;0;0;0;4218;0;0;0;0;0;0;
36116;3740515;551546880;38387712;495190016;0;0;0;0;0;0;0;0;0;0;0;3286;0;0;0;0;0;0;
36117;4744308;551546880;38387712;495190016;0;0;0;0;0;0;0;0;0;0;0;3577;0;0;0;0;0;0;
36118;3922586;551546880;38387712;495190016;0;0;0;0;0;0;0;0;0;0;0;3687;0;0;0;0;0;0;
36119;5164024;551546880;38387712;495190016;0;0;0;0;0;0;0;0;0;0;0;3417;0;0;0;0;0;0;
36120;3715257;551546880;38387712;495190016;0;0;0;0;0;0;0;0;0;0;0;4177;0;0;0;0;0;0;
36121;4947759;551546880;38387712;495190016;0;0;0;0;0;0;0;0;0;0;0;3426;0;0;0;0;0;0;
36122;3874837;551546880;38387712;495190016;0;0;0;0;0;0;0;0;0;0;0;3897;0;0;0;0;0;0;
36123;4747523;551546880;38387712;495190016;0;0;0;0;0;0;0;0;0;0;0;3546;0;0;0;0;0;0;
36124;4461086;551546880;38387712;495190016;0;0;0;0;0;0;0;0;0;0;0;3557;0;0;0;0;0;0;
36125;4914597;551546880;38387712;495190016;0;0;0;0;0;0;0;0;0;0;0;3767;0;0;0;0;0;0;
36126;4001084;551546880;38387712;495190016;0;0;0;0;0;0;0;0;0;0;0;4097;0;0;0;0;0;0;
36127;4923453;551546880;38387712;495190016;0;0;0;0;0;0;0;0;0;0;0;3697;0;0;0;0;0;0;
36128;3835634;551546880;38387712;495190016;0;0;0;0;0;0;0;0;0;0;0;4509;0;0;0;0;0;0;
36129;4828135;551546880;38387712;495190016;0;0;0;0;0;0;0;0;0;0;0;3346;0;0;0;0;0;0;
36130;3968121;551546880;38387712;495190016;0;0;0;0;0;0;0;0;0;0;0;3657;0;0;0;0;0;0;
36131;4783762;551546880;38387712;495190016;0;0;0;0;0;0;0;0;0;0;0;3597;0;0;0;0;0;0;
36132;3657249;551546880;38387712;495190016;0;0;0;0;0;0;0;0;0;0;0;3646;0;0;0;0;0;0;
36133;4842521;551546880;38387712;495190016;0;0;0;0;0;0;0;0;0;0;0;3877;0;0;0;0;0;0;
36134;3901406;551546880;38387712;495190016;0;0;0;0;0;0;0;0;0;0;0;4458;0;0;0;0;0;0;
36135;4832393;551546880;38387712;495190016;0;0;0;0;0;0;0;0;0;0;0;3376;0;0;0;0;0;0;
36136;4150544;551546880;38387712;495190016;0;0;0;0;0;0;0;0;0;0;0;3787;0;0;0;0;0;0;
36137;5099022;551546880;38387712;495190016;0;0;0;0;0;0;0;0;0;0;0;3457;0;0;0;0;0;0;
36138;3976778;551546880;38387712;495190016;0;0;0;0;0;0;0;0;0;0;0;4389;0;0;0;0;0;0;
36139;4845136;551546880;38387712;495190016;0;0;0;0;0;0;0;0;0;0;0;3656;0;0;0;0;0;0;
36140;3922116;551546880;38387712;495190016;0;0;0;0;0;0;0;0;0;0;0;3817;0;0;0;0;0;0;
36141;4907093;551546880;38387712;495190016;0;0;0;0;0;0;0;0;0;0;0;3387;0;0;0;0;0;0;
36142;3981858;551546880;38387712;495190016;0;0;0;0;0;0;0;0;0;0;0;3667;0;0;0;0;0;0;
36143;5033300;551546880;38387712;495190016;0;0;0;0;0;0;0;0;0;0;0;3276;0;0;0;0;0;0;
36144;3840483;551546880;38387712;495190016;0;0;0;0;0;0;0;0;0;0;0;3807;0;0;0;0;0;0;
36145;4862580;551546880;38387712;495190016;0;0;0;0;0;0;0;0;0;0;0;3376;0;0;0;0;0;0;
36146;3963563;551546880;38387712;495190016;0;0;0;0;0;0;0;0;0;0;0;4087;0;0;0;0;0;0;
36147;4805462;551546880;38387712;495190016;0;0;0;0;0;0;0;0;0;0;0;4318;0;0;0;0;0;0;
36148;3964305;551546880;38387712;495190016;0;0;0;0;0;0;0;0;0;0;0;3557;0;0;0;0;0;0;
36149;5107579;551546880;38395904;495198208;0;0;0;0;0;0;0;0;0;0;0;3777;0;0;0;0;0;0;
36150;3727731;551546880;38395904;495198208;0;0;0;0;0;0;0;0;0;0;0;4058;0;0;0;0;0;0;
36151;4787268;551546880;38395904;495198208;0;0;0;0;0;0;0;0;0;0;0;3727;0;0;0;0;0;0;
36152;4170361;551546880;38395904;495198208;0;0;0;0;0;0;0;0;0;0;0;3807;0;0;0;0;0;0;
36153;4905479;551546880;38395904;495198208;0;0;0;0;0;0;0;0;0;0;0;3496;0;0;0;0;0;0;
36154;3886058;551546880;38395904;495198208;0;0;0;0;0;0;0;0;0;0;0;4769;0;0;0;0;0;0;
36155;4861306;551546880;38395904;495198208;0;0;0;0;0;0;0;0;0;0;0;4248;0;0;0;0;0;0;
36156;4095060;551682048;38387712;495190016;0;0;0;0;0;0;0;0;0;0;0;4309;0;0;0;0;0;0;
36157;4810341;551682048;38387712;495190016;0;0;0;0;0;0;0;0;0;0;0;3256;0;0;0;0;0;0;
36158;3849650;551682048;38387712;495190016;0;0;0;0;0;0;0;0;0;0;0;3998;0;0;0;0;0;0;
36159;4744187;551682048;38387712;495190016;0;0;0;0;0;0;0;0;0;0;0;3307;0;0;0;0;0;0;
36160;4008958;551682048;38387712;495190016;0;0;0;0;0;0;0;0;0;0;0;3497;0;0;0;0;0;0;
36161;4765257;551682048;38387712;495190016;0;0;0;0;0;0;0;0;0;0;0;2825;0;0;0;0;0;0;
36162;3769339;551682048;38387712;495190016;0;0;0;0;0;0;0;0;0;0;0;3657;0;0;0;0;0;0;
36163;4836630;551682048;38387712;495190016;0;0;0;0;0;0;0;0;0;0;0;3266;0;0;0;0;0;0;
36164;3867013;551682048;38387712;495190016;0;0;0;0;0;0;0;0;0;0;0;3717;0;0;0;0;0;0;
36165;4991511;551682048;38387712;495190016;0;0;0;0;0;0;0;0;0;0;0;3426;0;0;0;0;0;0;
36166;3925121;551682048;38387712;495190016;0;0;0;0;0;0;0;0;0;0;0;4288;0;0;0;0;0;0;
36167;5307314;551682048;38387712;495190016;0;0;0;0;0;0;0;0;0;0;0;3497;0;0;0;0;0;0;
36168;3784788;551682048;38387712;495190016;0;0;0;0;0;0;0;0;0;0;0;4168;0;0;0;0;0;0;
36169;4817855;551682048;38387712;495190016;0;0;0;0;0;0;0;0;0;0;0;3767;0;0;0;0;0;0;
36170;3842015;551682048;38387712;495190016;0;0;0;0;0;0;0;0;0;0;0;4108;0;0;0;0;0;0;
36171;4832252;551682048;38387712;495190016;0;0;0;0;0;0;0;0;0;0;0;3256;0;0;0;0;0;0;
36172;3665254;551682048;38387712;495190016;0;0;0;0;0;0;0;0;0;0;0;3667;0;0;0;0;0;0;
36173;4803368;551682048;38387712;495190016;0;0;0;0;0;0;0;0;0;0;0;2815;0;0;0;0;0;0;
36174;3708084;551682048;38387712;495190016;0;0;0;0;0;0;0;0;0;0;0;3887;0;0;0;0;0;0;
36175;4885943;551682048;38387712;495190016;0;0;0;0;0;0;0;0;0;0;0;4098;0;0;0;0;0;0;
36176;4253337;551682048;38387712;495190016;0;0;0;0;0;0;0;0;0;0;0;3677;0;0;0;0;0;0;
36177;4779784;551682048;38387712;495190016;0;0;0;0;0;0;0;0;0;0;0;3957;0;0;0;0;0;0;
36178;3845141;551682048;38387712;495190016;0;0;0;0;0;0;0;0;0;0;0;3807;0;0;0;0;0;0;
36179;4843975;551682048;38387712;495190016;0;0;0;0;0;0;0;0;0;0;0;3627;0;0;0;0;0;0;
36180;3662309;551682048;38387712;495190016;0;0;0;0;0;0;0;0;0;0;0;3066;0;0;0;0;0;0;
36181;4910198;551682048;38387712;495190016;0;0;0;0;0;0;0;0;0;0;0;3026;0;0;0;0;0;0;
36182;3721409;551682048;38387712;495190016;0;0;0;0;0;0;0;0;0;0;0;4038;0;0;0;0;0;0;
36183;5035363;551682048;38387712;495190016;0;0;0;0;0;0;0;0;0;0;0;3988;0;0;0;0;0;0;
36184;3976397;551682048;38387712;495190016;0;0;0;0;0;0;0;0;0;0;0;4338;0;0;0;0;0;0;
36185;4891633;551682048;38387712;495190016;0;0;0;0;0;0;0;0;0;0;0;4057;0;0;0;0;0;0;
36186;3735515;551682048;38387712;495190016;0;0;0;0;0;0;0;0;0;0;0;4258;0;0;0;0;0;0;
36187;5246519;551682048;38387712;495190016;0;0;0;0;0;0;0;0;0;0;0;3878;0;0;0;0;0;0;
36188;3660024;551682048;38387712;495190016;0;0;0;0;0;0;0;0;0;0;0;4088;0;0;0;0;0;0;
36189;4918093;551682048;38387712;495190016;0;0;0;0;0;0;0;0;0;0;0;3898;0;0;0;0;0;0;
36190;3646769;551682048;38387712;495190016;0;0;0;0;0;0;0;0;0;0;0;4007;0;0;0;0;0;0;
36191;5427448;551682048;38387712;495190016;0;0;0;0;0;0;0;0;0;0;0;4538;0;0;0;0;0;0;
36192;3747748;551682048;38387712;495190016;0;0;0;0;0;0;0;0;0;0;0;3737;0;0;0;0;0;0;
36193;5049029;551682048;38387712;495190016;0;0;0;0;0;0;0;0;0;0;0;3516;0;0;0;0;0;0;
36194;3643373;551682048;38387712;495190016;0;0;0;0;0;0;0;0;0;0;0;3787;0;0;0;0;0;0;
36195;4934334;551682048;38387712;495190016;0;0;0;0;0;0;0;0;0;0;0;3446;0;0;0;0;0;0;
36196;3836365;551682048;38387712;495190016;0;0;0;0;0;0;0;0;0;0;0;3777;0;0;0;0;0;0;
36197;4865795;551682048;38387712;495190016;0;0;0;0;0;0;0;0;0;0;0;3366;0;0;0;0;0;0;
36198;3768177;551682048;38387712;495190016;0;0;0;0;0;0;0;0;0;0;0;3657;0;0;0;0;0;0;
36199;4787088;551682048;38387712;495190016;0;0;0;0;0;0;0;0;0;0;0;3737;0;0;0;0;0;0;
36200;4213682;551682048;38387712;495190016;0;0;0;0;0;0;0;0;0;0;0;3537;0;0;0;0;0;0;
36201;4678454;551682048;38387712;495190016;0;0;0;0;0;0;0;0;0;0;0;3096;0;0;0;0;0;0;
36202;3792643;551682048;38387712;495190016;0;0;0;0;0;0;0;0;0;0;0;3627;0;0;0;0;0;0;
36203;4753795;551682048;38387712;495190016;0;0;0;0;0;0;0;0;0;0;0;3887;0;0;0;0;0;0;
36204;3619277;551682048;38387712;495190016;0;0;0;0;0;0;0;0;0;0;0;3326;0;0;0;0;0;0;
36205;4915879;551682048;38387712;495190016;0;0;0;0;0;0;0;0;0;0;0;3777;0;0;0;0;0;0;
36206;3634145;551682048;38387712;495190016;0;0;0;0;0;0;0;0;0;0;0;10980;0;0;0;0;0;0;
36207;4888688;551682048;38387712;495190016;0;0;0;0;0;0;0;0;0;0;0;4388;0;0;0;0;0;0;
36208;3925432;551682048;38387712;495190016;0;0;0;0;0;0;0;0;0;0;0;4028;0;0;0;0;0;0;
36209;4812415;551682048;38387712;495190016;0;0;0;0;0;0;0;0;0;0;0;3597;0;0;0;0;0;0;
36210;3849510;551682048;38387712;495190016;0;0;0;0;0;0;0;0;0;0;0;4319;0;0;0;0;0;0;
36211;4727967;551682048;38387712;495190016;0;0;0;0;0;0;0;0;0;0;0;3737;0;0;0;0;0;0;
36212;3782193;551682048;38387712;495190016;0;0;0;0;0;0;0;0;0;0;0;3917;0;0;0;0;0;0;
36213;4798890;551682048;38387712;495190016;0;0;0;0;0;0;0;0;0;0;0;3757;0;0;0;0;0;0;
36214;3991546;551682048;38387712;495190016;0;0;0;0;0;0;0;0;0;0;0;3727;0;0;0;0;0;0;
36215;4730521;551682048;38387712;495190016;0;0;0;0;0;0;0;0;0;0;0;3356;0;0;0;0;0;0;
36216;3857033;551682048;38387712;495190016;0;0;0;0;0;0;0;0;0;0;0;4058;0;0;0;0;0;0;
36217;4978516;551682048;38387712;495190016;0;0;0;0;0;0;0;0;0;0;0;3447;0;0;0;0;0;0;
36218;3794786;551682048;38387712;495190016;0;0;0;0;0;0;0;0;0;0;0;4117;0;0;0;0;0;0;
36219;4943000;551682048;38387712;495190016;0;0;0;0;0;0;0;0;0;0;0;3838;0;0;0;0;0;0;
36220;3678488;551682048;38387712;495190016;0;0;0;0;0;0;0;0;0;0;0;3988;0;0;0;0;0;0;
36221;4861778;551682048;38387712;495190016;0;0;0;0;0;0;0;0;0;0;0;3747;0;0;0;0;0;0;
36222;3890786;551682048;38387712;495190016;0;0;0;0;0;0;0;0;0;0;0;3878;0;0;0;0;0;0;
36223;4814449;551682048;38387712;495190016;0;0;0;0;0;0;0;0;0;0;0;3346;0;0;0;0;0;0;
36224;3697965;551682048;38387712;495190016;0;0;0;0;0;0;0;0;0;0;0;3516;0;0;0;0;0;0;
36225;4843273;551682048;38387712;495190016;0;0;0;0;0;0;0;0;0;0;0;3717;0;0;0;0;0;0;
36226;3860360;551682048;38387712;495190016;0;0;0;0;0;0;0;0;0;0;0;4048;0;0;0;0;0;0;
36227;4791586;551682048;38387712;495190016;0;0;0;0;0;0;0;0;0;0;0;3436;0;0;0;0;0;0;
36228;3735265;551682048;38387712;495190016;0;0;0;0;0;0;0;0;0;0;0;4008;0;0;0;0;0;0;
36229;5023240;551682048;38387712;495190016;0;0;0;0;0;0;0;0;0;0;0;3587;0;0;0;0;0;0;
36230;4118414;551682048;38387712;495190016;0;0;0;0;0;0;0;0;0;0;0;3727;0;0;0;0;0;0;
36231;4849515;551682048;38387712;495190016;0;0;0;0;0;0;0;0;0;0;0;3407;0;0;0;0;0;0;
36232;3912548;551682048;38387712;495190016;0;0;0;0;0;0;0;0;0;0;0;4288;0;0;0;0;0;0;
36233;4769865;551682048;38387712;495190016;0;0;0;0;0;0;0;0;0;0;0;3246;0;0;0;0;0;0;
36234;3764680;551682048;38387712;495190016;0;0;0;0;0;0;0;0;0;0;0;3807;0;0;0;0;0;0;
36235;4921980;551682048;38387712;495190016;0;0;0;0;0;0;0;0;0;0;0;3546;0;0;0;0;0;0;
36236;3744763;551682048;38387712;495190016;0;0;0;0;0;0;0;0;0;0;0;4157;0;0;0;0;0;0;
36237;4801314;551682048;38387712;495190016;0;0;0;0;0;0;0;0;0;0;0;3497;0;0;0;0;0;0;
36238;3916825;551682048;38387712;495190016;0;0;0;0;0;0;0;0;0;0;0;3998;0;0;0;0;0;0;
36239;4906742;551682048;38387712;495190016;0;0;0;0;0;0;0;0;0;0;0;3396;0;0;0;0;0;0;
36240;3791681;551682048;38387712;495190016;0;0;0;0;0;0;0;0;0;0;0;4479;0;0;0;0;0;0;
36241;4903406;551682048;38387712;495190016;0;0;0;0;0;0;0;0;0;0;0;3918;0;0;0;0;0;0;
36242;3886899;551682048;38387712;495190016;0;0;0;0;0;0;0;0;0;0;0;4449;0;0;0;0;0;0;
36243;4744487;551682048;38387712;495190016;0;0;0;0;0;0;0;0;0;0;0;3347;0;0;0;0;0;0;
36244;3647220;551682048;38387712;495190016;0;0;0;0;0;0;0;0;0;0;0;3637;0;0;0;0;0;0;
36245;4680357;551682048;38387712;495190016;0;0;0;0;0;0;0;0;0;0;0;2996;0;0;0;0;0;0;
36246;3637191;551682048;38387712;495190016;0;0;0;0;0;0;0;0;0;0;0;3787;0;0;0;0;0;0;
36247;4865394;551682048;38387712;495190016;0;0;0;0;0;0;0;0;0;0;0;3447;0;0;0;0;0;0;
36248;4067718;551682048;38387712;495190016;0;0;0;0;0;0;0;0;0;0;0;4107;0;0;0;0;0;0;
36249;4859213;551682048;38387712;495190016;0;0;0;0;0;0;0;0;0;0;0;3457;0;0;0;0;0;0;
36250;4071005;551682048;38387712;495190016;0;0;0;0;0;0;0;0;0;0;0;4889;0;0;0;0;0;0;
36251;4732015;551682048;38387712;495190016;0;0;0;0;0;0;0;0;0;0;0;3537;0;0;0;0;0;0;
36252;3762687;551682048;38387712;495190016;0;0;0;0;0;0;0;0;0;0;0;4028;0;0;0;0;0;0;
36253;5275884;551682048;38387712;495190016;0;0;0;0;0;0;0;0;0;0;0;3617;0;0;0;0;0;0;
36254;4248347;551682048;38387712;495190016;0;0;0;0;0;0;0;0;0;0;0;4729;0;0;0;0;0;0;
36255;4817795;551682048;38387712;495190016;0;0;0;0;0;0;0;0;0;0;0;4509;0;0;0;0;0;0;
36256;3789627;551682048;38387712;495190016;0;0;0;0;0;0;0;0;0;0;0;4088;0;0;0;0;0;0;
36257;4837231;551682048;38387712;495190016;0;0;0;0;0;0;0;0;0;0;0;3397;0;0;0;0;0;0;
36258;3972399;551682048;38387712;495190016;0;0;0;0;0;0;0;0;0;0;0;4258;0;0;0;0;0;0;
36259;4857960;551682048;38387712;495190016;0;0;0;0;0;0;0;0;0;0;0;3587;0;0;0;0;0;0;
36260;4108746;551682048;38387712;495190016;0;0;0;0;0;0;0;0;0;0;0;4227;0;0;0;0;0;0;
36261;4860516;551682048;38387712;495190016;0;0;0;0;0;0;0;0;0;0;0;3406;0;0;0;0;0;0;
36262;3912838;551682048;38387712;495190016;0;0;0;0;0;0;0;0;0;0;0;3938;0;0;0;0;0;0;
36263;4804861;551682048;38387712;495190016;0;0;0;0;0;0;0;0;0;0;0;3927;0;0;0;0;0;0;
36264;3753609;551682048;38387712;495190016;0;0;0;0;0;0;0;0;0;0;0;3747;0;0;0;0;0;0;
36265;4826792;551682048;38387712;495190016;0;0;0;0;0;0;0;0;0;0;0;3467;0;0;0;0;0;0;
36266;3711170;551682048;38387712;495190016;0;0;0;0;0;0;0;0;0;0;0;3957;0;0;0;0;0;0;
36267;4908054;551682048;38387712;495190016;0;0;0;0;0;0;0;0;0;0;0;3587;0;0;0;0;0;0;
36268;3866672;551682048;38387712;495190016;0;0;0;0;0;0;0;0;0;0;0;3697;0;0;0;0;0;0;
36269;4985660;551682048;38387712;495190016;0;0;0;0;0;0;0;0;0;0;0;3677;0;0;0;0;0;0;
36270;3875297;551682048;38387712;495190016;0;0;0;0;0;0;0;0;0;0;0;4008;0;0;0;0;0;0;
36271;4758264;551682048;38387712;495190016;0;0;0;0;0;0;0;0;0;0;0;3487;0;0;0;0;0;0;
36272;3754601;551682048;38387712;495190016;0;0;0;0;0;0;0;0;0;0;0;5099;0;0;0;0;0;0;
36273;5064838;551682048;38387712;495190016;0;0;0;0;0;0;0;0;0;0;0;3467;0;0;0;0;0;0;
36274;3803103;551682048;38387712;495190016;0;0;0;0;0;0;0;0;0;0;0;4078;0;0;0;0;0;0;
36275;4899268;551682048;38387712;495190016;0;0;0;0;0;0;0;0;0;0;0;3687;0;0;0;0;0;0;
36276;3662859;551682048;38387712;495190016;0;0;0;0;0;0;0;0;0;0;0;3567;0;0;0;0;0;0;
36277;4884751;551682048;38387712;495190016;0;0;0;0;0;0;0;0;0;0;0;3346;0;0;0;0;0;0;
36278;3676575;551682048;38387712;495190016;0;0;0;0;0;0;0;0;0;0;0;3747;0;0;0;0;0;0;
36279;4769625;551682048;38387712;495190016;0;0;0;0;0;0;0;0;0;0;0;3566;0;0;0;0;0;0;
36280;4195368;551682048;38387712;495190016;0;0;0;0;0;0;0;0;0;0;0;3677;0;0;0;0;0;0;
36281;5097831;551682048;38387712;495190016;0;0;0;0;0;0;0;0;0;0;0;3757;0;0;0;0;0;0;
36282;3832007;551682048;38387712;495190016;0;0;0;0;0;0;0;0;0;0;0;3817;0;0;0;0;0;0;
36283;5087211;551682048;38387712;495190016;0;0;0;0;0;0;0;0;0;0;0;3757;0;0;0;0;0;0;
36284;4038383;551682048;38387712;495190016;0;0;0;0;0;0;0;0;0;0;0;4589;0;0;0;0;0;0;
36285;4810401;551682048;38387712;495190016;0;0;0;0;0;0;0;0;0;0;0;3096;0;0;0;0;0;0;
36286;3741687;551682048;38387712;495190016;0;0;0;0;0;0;0;0;0;0;0;4058;0;0;0;0;0;0;
36287;4751922;551682048;38387712;495190016;0;0;0;0;0;0;0;0;0;0;0;3476;0;0;0;0;0;0;
36288;3755663;551682048;38387712;495190016;0;0;0;0;0;0;0;0;0;0;0;4158;0;0;0;0;0;0;
36289;4790043;551682048;38387712;495190016;0;0;0;0;0;0;0;0;0;0;0;3376;0;0;0;0;0;0;
36290;3746296;551682048;38387712;495190016;0;0;0;0;0;0;0;0;0;0;0;3406;0;0;0;0;0;0;
36291;4841800;551682048;38387712;495190016;0;0;0;0;0;0;0;0;0;0;0;3847;0;0;0;0;0;0;
36292;3727079;551682048;38387712;495190016;0;0;0;0;0;0;0;0;0;0;0;4148;0;0;0;0;0;0;
36293;4831200;551682048;38387712;495190016;0;0;0;0;0;0;0;0;0;0;0;3316;0;0;0;0;0;0;
36294;12745874;551682048;38387712;495190016;0;0;0;0;0;0;0;0;0;0;0;4038;0;0;0;0;0;0;
36295;4977845;551682048;38387712;495190016;0;0;0;0;0;0;0;0;0;0;0;3376;0;0;0;0;0;0;
36296;4003979;551682048;38387712;495190016;0;0;0;0;0;0;0;0;0;0;0;3647;0;0;0;0;0;0;
36297;4805593;551682048;38387712;495190016;0;0;0;0;0;0;0;0;0;0;0;3056;0;0;0;0;0;0;
36298;4053451;551682048;38387712;495190016;0;0;0;0;0;0;0;0;0;0;0;4178;0;0;0;0;0;0;
36299;4709793;551682048;38387712;495190016;0;0;0;0;0;0;0;0;0;0;0;3347;0;0;0;0;0;0;
36300;4207801;551682048;38387712;495190016;0;0;0;0;0;0;0;0;0;0;0;4007;0;0;0;0;0;0;
36301;4785284;551682048;38387712;495190016;0;0;0;0;0;0;0;0;0;0;0;3266;0;0;0;0;0;0;
36302;3800277;551682048;38387712;495190016;0;0;0;0;0;0;0;0;0;0;0;3536;0;0;0;0;0;0;
36303;4912372;551682048;38387712;495190016;0;0;0;0;0;0;0;0;0;0;0;3256;0;0;0;0;0;0;
36304;3834662;551682048;38387712;495190016;0;0;0;0;0;0;0;0;0;0;0;4438;0;0;0;0;0;0;
36305;4740129;551682048;38387712;495190016;0;0;0;0;0;0;0;0;0;0;0;3496;0;0;0;0;0;0;
36306;4168758;551682048;38387712;495190016;0;0;0;0;0;0;0;0;0;0;0;3677;0;0;0;0;0;0;
36307;4738146;551682048;38387712;495190016;0;0;0;0;0;0;0;0;0;0;0;3146;0;0;0;0;0;0;
36308;3958433;551682048;38387712;495190016;0;0;0;0;0;0;0;0;0;0;0;3526;0;0;0;0;0;0;
36309;4831441;551682048;38387712;495190016;0;0;0;0;0;0;0;0;0;0;0;3206;0;0;0;0;0;0;
36310;3902388;551682048;38387712;495190016;0;0;0;0;0;0;0;0;0;0;0;3837;0;0;0;0;0;0;
36311;4846790;551682048;38387712;495190016;0;0;0;0;0;0;0;0;0;0;0;3477;0;0;0;0;0;0;
36312;3804504;551682048;38387712;495190016;0;0;0;0;0;0;0;0;0;0;0;3617;0;0;0;0;0;0;
36313;5085908;551682048;38387712;495190016;0;0;0;0;0;0;0;0;0;0;0;3416;0;0;0;0;0;0;
36314;3752978;551682048;38387712;495190016;0;0;0;0;0;0;0;0;0;0;0;3767;0;0;0;0;0;0;
36315;4876645;551682048;38387712;495190016;0;0;0;0;0;0;0;0;0;0;0;3878;0;0;0;0;0;0;
36316;3833970;551682048;38387712;495190016;0;0;0;0;0;0;0;0;0;0;0;4258;0;0;0;0;0;0;
36317;4890291;551682048;38387712;495190016;0;0;0;0;0;0;0;0;0;0;0;3557;0;0;0;0;0;0;
36318;3699368;551682048;38387712;495190016;0;0;0;0;0;0;0;0;0;0;0;3717;0;0;0;0;0;0;
36319;4824198;551682048;38387712;495190016;0;0;0;0;0;0;0;0;0;0;0;3757;0;0;0;0;0;0;
36320;3746315;551682048;38387712;495190016;0;0;0;0;0;0;0;0;0;0;0;4368;0;0;0;0;0;0;
36321;4903395;551682048;38387712;495190016;0;0;0;0;0;0;0;0;0;0;0;3497;0;0;0;0;0;0;
36322;3738821;551682048;38387712;495190016;0;0;0;0;0;0;0;0;0;0;0;3637;0;0;0;0;0;0;
36323;4896924;551682048;38387712;495190016;0;0;0;0;0;0;0;0;0;0;0;3637;0;0;0;0;0;0;
36324;4061647;551682048;38387712;495190016;0;0;0;0;0;0;0;0;0;0;0;3887;0;0;0;0;0;0;
36325;4910579;551682048;38387712;495190016;0;0;0;0;0;0;0;0;0;0;0;3727;0;0;0;0;0;0;
36326;3694849;551682048;38387712;495190016;0;0;0;0;0;0;0;0;0;0;0;4258;0;0;0;0;0;0;
36327;4882647;551682048;38387712;495190016;0;0;0;0;0;0;0;0;0;0;0;3407;0;0;0;0;0;0;
36328;3906316;551682048;38387712;495190016;0;0;0;0;0;0;0;0;0;0;0;3978;0;0;0;0;0;0;
36329;4877587;551682048;38387712;495190016;0;0;0;0;0;0;0;0;0;0;0;3727;0;0;0;0;0;0;
36330;3982529;551682048;38387712;495190016;0;0;0;0;0;0;0;0;0;0;0;3798;0;0;0;0;0;0;
36331;4880423;551682048;38387712;495190016;0;0;0;0;0;0;0;0;0;0;0;3737;0;0;0;0;0;0;
36332;4330842;551682048;38387712;495190016;0;0;0;0;0;0;0;0;0;0;0;4188;0;0;0;0;0;0;
36333;4868119;551682048;38387712;495190016;0;0;0;0;0;0;0;0;0;0;0;3236;0;0;0;0;0;0;
36334;4007526;551682048;38387712;495190016;0;0;0;0;0;0;0;0;0;0;0;3597;0;0;0;0;0;0;
36335;4908064;551682048;38387712;495190016;0;0;0;0;0;0;0;0;0;0;0;3246;0;0;0;0;0;0;
36336;3827418;551682048;38387712;495190016;0;0;0;0;0;0;0;0;0;0;0;3516;0;0;0;0;0;0;
36337;4985380;551682048;38387712;495190016;0;0;0;0;0;0;0;0;0;0;0;3857;0;0;0;0;0;0;
36338;4334759;551682048;38387712;495190016;0;0;0;0;0;0;0;0;0;0;0;3967;0;0;0;0;0;0;
36339;4959942;551682048;38387712;495190016;0;0;0;0;0;0;0;0;0;0;0;3046;0;0;0;0;0;0;
36340;3843729;551682048;38387712;495190016;0;0;0;0;0;0;0;0;0;0;0;3707;0;0;0;0;0;0;
36341;4984919;551682048;38387712;495190016;0;0;0;0;0;0;0;0;0;0;0;3687;0;0;0;0;0;0;
36342;3902389;551682048;38387712;495190016;0;0;0;0;0;0;0;0;0;0;0;3917;0;0;0;0;0;0;
36343;4933652;551682048;38387712;495190016;0;0;0;0;0;0;0;0;0;0;0;3357;0;0;0;0;0;0;
36344;3874116;551682048;38387712;495190016;0;0;0;0;0;0;0;0;0;0;0;3717;0;0;0;0;0;0;
36345;4868710;551682048;38387712;495190016;0;0;0;0;0;0;0;0;0;0;0;3456;0;0;0;0;0;0;
36346;3956711;551682048;38387712;495190016;0;0;0;0;0;0;0;0;0;0;0;5190;0;0;0;0;0;0;
36347;4847491;551682048;38387712;495190016;0;0;0;0;0;0;0;0;0;0;0;3798;0;0;0;0;0;0;
36348;4207991;551682048;38387712;495190016;0;0;0;0;0;0;0;0;0;0;0;3426;0;0;0;0;0;0;
36349;4824388;551682048;38387712;495190016;0;0;0;0;0;0;0;0;0;0;0;3366;0;0;0;0;0;0;
36350;3869677;551682048;38387712;495190016;0;0;0;0;0;0;0;0;0;0;0;4027;0;0;0;0;0;0;
36351;4788039;551682048;38387712;495190016;0;0;0;0;0;0;0;0;0;0;0;4148;0;0;0;0;0;0;
36352;3958543;551682048;38387712;495190016;0;0;0;0;0;0;0;0;0;0;0;4288;0;0;0;0;0;0;
36353;4835889;551682048;38387712;495190016;0;0;0;0;0;0;0;0;0;0;0;3787;0;0;0;0;0;0;
36354;3810076;551682048;38387712;495190016;0;0;0;0;0;0;0;0;0;0;0;3686;0;0;0;0;0;0;
36355;4769444;551682048;38387712;495190016;0;0;0;0;0;0;0;0;0;0;0;3446;0;0;0;0;0;0;
36356;4001795;551682048;38387712;495190016;0;0;0;0;0;0;0;0;0;0;0;3857;0;0;0;0;0;0;
36357;4816804;551682048;38387712;495190016;0;0;0;0;0;0;0;0;0;0;0;3727;0;0;0;0;0;0;
36358;3694248;551682048;38387712;495190016;0;0;0;0;0;0;0;0;0;0;0;4068;0;0;0;0;0;0;
36359;4769896;551682048;38387712;495190016;0;0;0;0;0;0;0;0;0;0;0;3587;0;0;0;0;0;0;
36360;3813742;551682048;38387712;495190016;0;0;0;0;0;0;0;0;0;0;0;4538;0;0;0;0;0;0;
36361;4878890;551682048;38387712;495190016;0;0;0;0;0;0;0;0;0;0;0;3637;0;0;0;0;0;0;
36362;3649164;551682048;38387712;495190016;0;0;0;0;0;0;0;0;0;0;0;3987;0;0;0;0;0;0;
36363;4954351;551682048;38387712;495190016;0;0;0;0;0;0;0;0;0;0;0;3998;0;0;0;0;0;0;
36364;4079721;551682048;38387712;495190016;0;0;0;0;0;0;0;0;0;0;0;4148;0;0;0;0;0;0;
36365;4981582;551682048;38387712;495190016;0;0;0;0;0;0;0;0;0;0;0;3767;0;0;0;0;0;0;
36366;3828970;551682048;38387712;495190016;0;0;0;0;0;0;0;0;0;0;0;3817;0;0;0;0;0;0;
36367;4982354;551682048;38387712;495190016;0;0;0;0;0;0;0;0;0;0;0;3547;0;0;0;0;0;0;
36368;3794576;551682048;38387712;495190016;0;0;0;0;0;0;0;0;0;0;0;4108;0;0;0;0;0;0;
36369;4860876;551682048;38387712;495190016;0;0;0;0;0;0;0;0;0;0;0;3466;0;0;0;0;0;0;
36370;3924841;551682048;38387712;495190016;0;0;0;0;0;0;0;0;0;0;0;3887;0;0;0;0;0;0;
36371;4873660;551682048;38387712;495190016;0;0;0;0;0;0;0;0;0;0;0;3467;0;0;0;0;0;0;
36372;3731118;551682048;38387712;495190016;0;0;0;0;0;0;0;0;0;0;0;4258;0;0;0;0;0;0;
36373;4802797;551682048;38387712;495190016;0;0;0;0;0;0;0;0;0;0;0;3657;0;0;0;0;0;0;
36374;3800718;551682048;38387712;495190016;0;0;0;0;0;0;0;0;0;0;0;4799;0;0;0;0;0;0;
36375;4788080;551682048;38387712;495190016;0;0;0;0;0;0;0;0;0;0;0;4108;0;0;0;0;0;0;
36376;3930702;551682048;38387712;495190016;0;0;0;0;0;0;0;0;0;0;0;3677;0;0;0;0;0;0;
36377;4943561;551682048;38387712;495190016;0;0;0;0;0;0;0;0;0;0;0;3596;0;0;0;0;0;0;
36378;3921925;551682048;38387712;495190016;0;0;0;0;0;0;0;0;0;0;0;4128;0;0;0;0;0;0;
36379;4796234;551682048;38387712;495190016;0;0;0;0;0;0;0;0;0;0;0;3626;0;0;0;0;0;0;
36380;3924440;551682048;38387712;495190016;0;0;0;0;0;0;0;0;0;0;0;4168;0;0;0;0;0;0;
36381;4826040;551682048;38387712;495190016;0;0;0;0;0;0;0;0;0;0;0;3667;0;0;0;0;0;0;
36382;3851763;551682048;38387712;495190016;0;0;0;0;0;0;0;0;0;0;0;4108;0;0;0;0;0;0;
36383;4760187;551682048;38387712;495190016;0;0;0;0;0;0;0;0;0;0;0;3767;0;0;0;0;0;0;
36384;3708455;551682048;38387712;495190016;0;0;0;0;0;0;0;0;0;0;0;3847;0;0;0;0;0;0;
36385;4815090;551682048;38387712;495190016;0;0;0;0;0;0;0;0;0;0;0;3767;0;0;0;0;0;0;
36386;3875328;551682048;38387712;495190016;0;0;0;0;0;0;0;0;0;0;0;3977;0;0;0;0;0;0;
36387;4935796;551682048;38387712;495190016;0;0;0;0;0;0;0;0;0;0;0;4008;0;0;0;0;0;0;
36388;3817610;551682048;38387712;495190016;0;0;0;0;0;0;0;0;0;0;0;4308;0;0;0;0;0;0;
36389;5168944;551682048;38387712;495190016;0;0;0;0;0;0;0;0;0;0;0;3457;0;0;0;0;0;0;
36390;3797361;551682048;38387712;495190016;0;0;0;0;0;0;0;0;0;0;0;3937;0;0;0;0;0;0;
36391;4857320;551682048;38387712;495190016;0;0;0;0;0;0;0;0;0;0;0;3647;0;0;0;0;0;0;
36392;3692896;551682048;38387712;495190016;0;0;0;0;0;0;0;0;0;0;0;3747;0;0;0;0;0;0;
36393;4796385;551682048;38387712;495190016;0;0;0;0;0;0;0;0;0;0;0;3426;0;0;0;0;0;0;
36394;3709817;551682048;38387712;495190016;0;0;0;0;0;0;0;0;0;0;0;3847;0;0;0;0;0;0;
36395;4762121;551682048;38387712;495190016;0;0;0;0;0;0;0;0;0;0;0;3407;0;0;0;0;0;0;
36396;3641329;551682048;38387712;495190016;0;0;0;0;0;0;0;0;0;0;0;3918;0;0;0;0;0;0;
36397;4777079;551682048;38387712;495190016;0;0;0;0;0;0;0;0;0;0;0;3827;0;0;0;0;0;0;
36398;3751355;551682048;38387712;495190016;0;0;0;0;0;0;0;0;0;0;0;3567;0;0;0;0;0;0;
36399;5001159;551682048;38387712;495190016;0;0;0;0;0;0;0;0;0;0;0;3827;0;0;0;0;0;0;
36400;3722532;551682048;38387712;495190016;0;0;0;0;0;0;0;0;0;0;0;3657;0;0;0;0;0;0;
36401;4975581;551682048;38387712;495190016;0;0;0;0;0;0;0;0;0;0;0;3657;0;0;0;0;0;0;
36402;4019548;551682048;38387712;495190016;0;0;0;0;0;0;0;0;0;0;0;3877;0;0;0;0;0;0;
36403;5059900;551682048;38387712;495190016;0;0;0;0;0;0;0;0;0;0;0;3586;0;0;0;0;0;0;
36404;3721088;551682048;38387712;495190016;0;0;0;0;0;0;0;0;0;0;0;3396;0;0;0;0;0;0;
36405;4856047;551682048;38387712;495190016;0;0;0;0;0;0;0;0;0;0;0;3566;0;0;0;0;0;0;
36406;3844469;551682048;38387712;495190016;0;0;0;0;0;0;0;0;0;0;0;3666;0;0;0;0;0;0;
36407;4993375;551682048;38387712;495190016;0;0;0;0;0;0;0;0;0;0;0;3096;0;0;0;0;0;0;
36408;4072508;551682048;38387712;495190016;0;0;0;0;0;0;0;0;0;0;0;4358;0;0;0;0;0;0;
36409;4986832;551682048;38387712;495190016;0;0;0;0;0;0;0;0;0;0;0;3226;0;0;0;0;0;0;
36410;3870529;551682048;38387712;495190016;0;0;0;0;0;0;0;0;0;0;0;4067;0;0;0;0;0;0;
36411;4877257;551682048;38387712;495190016;0;0;0;0;0;0;0;0;0;0;0;3186;0;0;0;0;0;0;
36412;3873434;551682048;38387712;495190016;0;0;0;0;0;0;0;0;0;0;0;3476;0;0;0;0;0;0;
36413;4965192;551682048;38387712;495190016;0;0;0;0;0;0;0;0;0;0;0;4659;0;0;0;0;0;0;
36414;3862854;551682048;38387712;495190016;0;0;0;0;0;0;0;0;0;0;0;3637;0;0;0;0;0;0;
36415;4825941;551682048;38387712;495190016;0;0;0;0;0;0;0;0;0;0;0;3717;0;0;0;0;0;0;
36416;3769299;551682048;38387712;495190016;0;0;0;0;0;0;0;0;0;0;0;4147;0;0;0;0;0;0;
36417;4847901;551682048;38387712;495190016;0;0;0;0;0;0;0;0;0;0;0;3346;0;0;0;0;0;0;
36418;3821687;551682048;38387712;495190016;0;0;0;0;0;0;0;0;0;0;0;3947;0;0;0;0;0;0;
36419;4837873;551682048;38387712;495190016;0;0;0;0;0;0;0;0;0;0;0;3667;0;0;0;0;0;0;
36420;3966228;551682048;38387712;495190016;0;0;0;0;0;0;0;0;0;0;0;3888;0;0;0;0;0;0;
36421;4818947;551682048;38387712;495190016;0;0;0;0;0;0;0;0;0;0;0;3616;0;0;0;0;0;0;
36422;3712392;551682048;38387712;495190016;0;0;0;0;0;0;0;0;0;0;0;4298;0;0;0;0;0;0;
36423;4926690;551682048;38387712;495190016;0;0;0;0;0;0;0;0;0;0;0;3807;0;0;0;0;0;0;
36424;3668510;551682048;38387712;495190016;0;0;0;0;0;0;0;0;0;0;0;3487;0;0;0;0;0;0;
36425;5144187;551682048;38387712;495190016;0;0;0;0;0;0;0;0;0;0;0;3677;0;0;0;0;0;0;
36426;4232337;551682048;38387712;495190016;0;0;0;0;0;0;0;0;0;0;0;4097;0;0;0;0;0;0;
36427;4810061;551682048;38387712;495190016;0;0;0;0;0;0;0;0;0;0;0;3066;0;0;0;0;0;0;
36428;3917207;551682048;38387712;495190016;0;0;0;0;0;0;0;0;0;0;0;3597;0;0;0;0;0;0;
36429;4835859;551682048;38387712;495190016;0;0;0;0;0;0;0;0;0;0;0;3116;0;0;0;0;0;0;
36430;3962191;551682048;38387712;495190016;0;0;0;0;0;0;0;0;0;0;0;3737;0;0;0;0;0;0;
36431;4718850;551682048;38387712;495190016;0;0;0;0;0;0;0;0;0;0;0;3847;0;0;0;0;0;0;
36432;3810616;551682048;38387712;495190016;0;0;0;0;0;0;0;0;0;0;0;4158;0;0;0;0;0;0;
36433;4865465;551682048;38387712;495190016;0;0;0;0;0;0;0;0;0;0;0;3467;0;0;0;0;0;0;
36434;3981557;551682048;38387712;495190016;0;0;0;0;0;0;0;0;0;0;0;4177;0;0;0;0;0;0;
36435;4966134;551682048;38387712;495190016;0;0;0;0;0;0;0;0;0;0;0;3496;0;0;0;0;0;0;
36436;3703986;551682048;38387712;495190016;0;0;0;0;0;0;0;0;0;0;0;4298;0;0;0;0;0;0;
36437;5140030;551682048;38387712;495190016;0;0;0;0;0;0;0;0;0;0;0;4388;0;0;0;0;0;0;
36438;3892560;551682048;38387712;495190016;0;0;0;0;0;0;0;0;0;0;0;5190;0;0;0;0;0;0;
36439;4962486;551682048;38387712;495190016;0;0;0;0;0;0;0;0;0;0;0;3947;0;0;0;0;0;0;
36440;3842536;551682048;38387712;495190016;0;0;0;0;0;0;0;0;0;0;0;4739;0;0;0;0;0;0;
36441;4984327;551682048;38387712;495190016;0;0;0;0;0;0;0;0;0;0;0;4158;0;0;0;0;0;0;
36442;3905464;551682048;38387712;495190016;0;0;0;0;0;0;0;0;0;0;0;4007;0;0;0;0;0;0;
36443;4961474;551682048;38387712;495190016;0;0;0;0;0;0;0;0;0;0;0;3677;0;0;0;0;0;0;
36444;3868415;551682048;38387712;495190016;0;0;0;0;0;0;0;0;0;0;0;3967;0;0;0;0;0;0;
36445;4759876;551682048;38387712;495190016;0;0;0;0;0;0;0;0;0;0;0;3626;0;0;0;0;0;0;
36446;4205276;551682048;38387712;495190016;0;0;0;0;0;0;0;0;0;0;0;4018;0;0;0;0;0;0;
36447;4700646;551682048;38387712;495190016;0;0;0;0;0;0;0;0;0;0;0;3276;0;0;0;0;0;0;
36448;4228260;551682048;38387712;495190016;0;0;0;0;0;0;0;0;0;0;0;3316;0;0;0;0;0;0;
36449;4708530;551682048;38387712;495190016;0;0;0;0;0;0;0;0;0;0;0;3045;0;0;0;0;0;0;
36450;3982539;551682048;38387712;495190016;0;0;0;0;0;0;0;0;0;0;0;3567;0;0;0;0;0;0;
36451;4708039;551682048;38387712;495190016;0;0;0;0;0;0;0;0;0;0;0;3687;0;0;0;0;0;0;
36452;3682206;551682048;38387712;495190016;0;0;0;0;0;0;0;0;0;0;0;3917;0;0;0;0;0;0;
36453;4766689;551682048;38387712;495190016;0;0;0;0;0;0;0;0;0;0;0;3557;0;0;0;0;0;0;
36454;3972299;551682048;38387712;495190016;0;0;0;0;0;0;0;0;0;0;0;3667;0;0;0;0;0;0;
36455;4724851;551682048;38387712;495190016;0;0;0;0;0;0;0;0;0;0;0;3396;0;0;0;0;0;0;
36456;4216748;551682048;38387712;495190016;0;0;0;0;0;0;0;0;0;0;0;4088;0;0;0;0;0;0;
36457;4759706;551682048;38387712;495190016;0;0;0;0;0;0;0;0;0;0;0;4098;0;0;0;0;0;0;
36458;3919891;551682048;38387712;495190016;0;0;0;0;0;0;0;0;0;0;0;3997;0;0;0;0;0;0;
36459;4730572;551682048;38387712;495190016;0;0;0;0;0;0;0;0;0;0;0;3356;0;0;0;0;0;0;
36460;3831706;551682048;38387712;495190016;0;0;0;0;0;0;0;0;0;0;0;4449;0;0;0;0;0;0;
36461;4835949;551682048;38387712;495190016;0;0;0;0;0;0;0;0;0;0;0;3216;0;0;0;0;0;0;
36462;4034175;551682048;38387712;495190016;0;0;0;0;0;0;0;0;0;0;0;3977;0;0;0;0;0;0;
36463;4842652;551682048;38387712;495190016;0;0;0;0;0;0;0;0;0;0;0;3637;0;0;0;0;0;0;
36464;3681895;551682048;38387712;495190016;0;0;0;0;0;0;0;0;0;0;0;3687;0;0;0;0;0;0;
36465;4881485;551682048;38387712;495190016;0;0;0;0;0;0;0;0;0;0;0;3537;0;0;0;0;0;0;
36466;4008588;551682048;38387712;495190016;0;0;0;0;0;0;0;0;0;0;0;4008;0;0;0;0;0;0;
36467;4943000;551682048;38387712;495190016;0;0;0;0;0;0;0;0;0;0;0;4108;0;0;0;0;0;0;
36468;3905545;551682048;38387712;495190016;0;0;0;0;0;0;0;0;0;0;0;4178;0;0;0;0;0;0;
36469;4817485;551682048;38387712;495190016;0;0;0;0;0;0;0;0;0;0;0;3787;0;0;0;0;0;0;
36470;3918228;551682048;38387712;495190016;0;0;0;0;0;0;0;0;0;0;0;4228;0;0;0;0;0;0;
36471;5009345;551682048;38387712;495190016;0;0;0;0;0;0;0;0;0;0;0;3447;0;0;0;0;0;0;
36472;4194857;551682048;38387712;495190016;0;0;0;0;0;0;0;0;0;0;0;3827;0;0;0;0;0;0;
36473;4877046;551682048;38387712;495190016;0;0;0;0;0;0;0;0;0;0;0;3616;0;0;0;0;0;0;
36474;3802962;551682048;38387712;495190016;0;0;0;0;0;0;0;0;0;0;0;4127;0;0;0;0;0;0;
36475;4903295;551682048;38387712;495190016;0;0;0;0;0;0;0;0;0;0;0;3526;0;0;0;0;0;0;
36476;3913609;551682048;38387712;495190016;0;0;0;0;0;0;0;0;0;0;0;3376;0;0;0;0;0;0;
36477;4887987;551682048;38387712;495190016;0;0;0;0;0;0;0;0;0;0;0;3947;0;0;0;0;0;0;
36478;3835372;551682048;38387712;495190016;0;0;0;0;0;0;0;0;0;0;0;3967;0;0;0;0;0;0;
36479;5051634;551682048;38387712;495190016;0;0;0;0;0;0;0;0;0;0;0;3637;0;0;0;0;0;0;
36480;4274666;551682048;38387712;495190016;0;0;0;0;0;0;0;0;0;0;0;3627;0;0;0;0;0;0;
36481;4772581;551682048;38387712;495190016;0;0;0;0;0;0;0;0;0;0;0;3397;0;0;0;0;0;0;
36482;3863666;551682048;38387712;495190016;0;0;0;0;0;0;0;0;0;0;0;3987;0;0;0;0;0;0;
36483;4788110;551682048;38387712;495190016;0;0;0;0;0;0;0;0;0;0;0;3677;0;0;0;0;0;0;
36484;3846253;551682048;38387712;495190016;0;0;0;0;0;0;0;0;0;0;0;3838;0;0;0;0;0;0;
36485;5126815;551682048;38387712;495190016;0;0;0;0;0;0;0;0;0;0;0;4168;0;0;0;0;0;0;
36486;3805737;551682048;38387712;495190016;0;0;0;0;0;0;0;0;0;0;0;4679;0;0;0;0;0;0;
36487;4875644;551682048;38387712;495190016;0;0;0;0;0;0;0;0;0;0;0;3797;0;0;0;0;0;0;
36488;3704217;551682048;38387712;495190016;0;0;0;0;0;0;0;0;0;0;0;4108;0;0;0;0;0;0;
36489;4903115;551682048;38387712;495190016;0;0;0;0;0;0;0;0;0;0;0;3787;0;0;0;0;0;0;
36490;3793865;551682048;38387712;495190016;0;0;0;0;0;0;0;0;0;0;0;4339;0;0;0;0;0;0;
36491;4831551;551682048;38387712;495190016;0;0;0;0;0;0;0;0;0;0;0;3446;0;0;0;0;0;0;
36492;3751576;551682048;38387712;495190016;0;0;0;0;0;0;0;0;0;0;0;3998;0;0;0;0;0;0;
36493;4901783;551682048;38387712;495190016;0;0;0;0;0;0;0;0;0;0;0;3697;0;0;0;0;0;0;
36494;3790999;551682048;38387712;495190016;0;0;0;0;0;0;0;0;0;0;0;3727;0;0;0;0;0;0;
36495;5014093;551682048;38387712;495190016;0;0;0;0;0;0;0;0;0;0;0;4508;0;0;0;0;0;0;
36496;4069582;551682048;38387712;495190016;0;0;0;0;0;0;0;0;0;0;0;4549;0;0;0;0;0;0;
36497;4989697;551682048;38387712;495190016;0;0;0;0;0;0;0;0;0;0;0;3647;0;0;0;0;0;0;
36498;3877923;551682048;38387712;495190016;0;0;0;0;0;0;0;0;0;0;0;3546;0;0;0;0;0;0;
36499;4877687;551682048;38387712;495190016;0;0;0;0;0;0;0;0;0;0;0;3597;0;0;0;0;0;0;
36500;4008999;551682048;38387712;495190016;0;0;0;0;0;0;0;0;0;0;0;3737;0;0;0;0;0;0;
36501;4715744;551682048;38387712;495190016;0;0;0;0;0;0;0;0;0;0;0;3557;0;0;0;0;0;0;
36502;4013637;551682048;38387712;495190016;0;0;0;0;0;0;0;0;0;0;0;3827;0;0;0;0;0;0;
36503;4872949;551682048;38387712;495190016;0;0;0;0;0;0;0;0;0;0;0;4178;0;0;0;0;0;0;
36504;3996064;551682048;38387712;495190016;0;0;0;0;0;0;0;0;0;0;0;3837;0;0;0;0;0;0;
36505;4836330;551682048;38387712;495190016;0;0;0;0;0;0;0;0;0;0;0;4068;0;0;0;0;0;0;
36506;3853207;551682048;38387712;495190016;0;0;0;0;0;0;0;0;0;0;0;3987;0;0;0;0;0;0;
36507;5059779;551682048;38387712;495190016;0;0;0;0;0;0;0;0;0;0;0;2595;0;0;0;0;0;0;
36508;4000613;551682048;38387712;495190016;0;0;0;0;0;0;0;0;0;0;0;4158;0;0;0;0;0;0;
36509;4800062;551682048;38387712;495190016;0;0;0;0;0;0;0;0;0;0;0;3347;0;0;0;0;0;0;
36510;4010521;551682048;38387712;495190016;0;0;0;0;0;0;0;0;0;0;0;3858;0;0;0;0;0;0;
36511;4864032;551682048;38387712;495190016;0;0;0;0;0;0;0;0;0;0;0;3446;0;0;0;0;0;0;
36512;3751676;551682048;38387712;495190016;0;0;0;0;0;0;0;0;0;0;0;3757;0;0;0;0;0;0;
36513;4919957;551682048;38387712;495190016;0;0;0;0;0;0;0;0;0;0;0;3847;0;0;0;0;0;0;
36514;4117322;551682048;38387712;495190016;0;0;0;0;0;0;0;0;0;0;0;4548;0;0;0;0;0;0;
36515;4813968;551682048;38387712;495190016;0;0;0;0;0;0;0;0;0;0;0;4168;0;0;0;0;0;0;
36516;3790639;551682048;38387712;495190016;0;0;0;0;0;0;0;0;0;0;0;3937;0;0;0;0;0;0;
36517;4921199;551682048;38387712;495190016;0;0;0;0;0;0;0;0;0;0;0;3877;0;0;0;0;0;0;
36518;3747448;551682048;38387712;495190016;0;0;0;0;0;0;0;0;0;0;0;4188;0;0;0;0;0;0;
36519;10805605;551682048;38387712;495190016;0;0;0;0;0;0;0;0;0;0;0;3447;0;0;0;0;0;0;
36520;4891473;551682048;38387712;495190016;0;0;0;0;0;0;0;0;0;0;0;4860;0;0;0;0;0;0;
36521;4988666;551682048;38387712;495190016;0;0;0;0;0;0;0;0;0;0;0;3457;0;0;0;0;0;0;
36522;4038313;551682048;38387712;495190016;0;0;0;0;0;0;0;0;0;0;0;4669;0;0;0;0;0;0;
36523;4761009;551682048;38387712;495190016;0;0;0;0;0;0;0;0;0;0;0;3326;0;0;0;0;0;0;
36524;3946031;551682048;38387712;495190016;0;0;0;0;0;0;0;0;0;0;0;4147;0;0;0;0;0;0;
36525;4790905;551682048;38387712;495190016;0;0;0;0;0;0;0;0;0;0;0;4098;0;0;0;0;0;0;
36526;3810175;551682048;38387712;495190016;0;0;0;0;0;0;0;0;0;0;0;4067;0;0;0;0;0;0;
36527;4748966;551682048;38387712;495190016;0;0;0;0;0;0;0;0;0;0;0;4329;0;0;0;0;0;0;
36528;3986877;551682048;38387712;495190016;0;0;0;0;0;0;0;0;0;0;0;3917;0;0;0;0;0;0;
36529;4770907;551682048;38387712;495190016;0;0;0;0;0;0;0;0;0;0;0;3146;0;0;0;0;0;0;
36530;3972520;551682048;38387712;495190016;0;0;0;0;0;0;0;0;0;0;0;3787;0;0;0;0;0;0;
36531;4971513;551682048;38387712;495190016;0;0;0;0;0;0;0;0;0;0;0;3386;0;0;0;0;0;0;
36532;3920272;551682048;38387712;495190016;0;0;0;0;0;0;0;0;0;0;0;4047;0;0;0;0;0;0;
36533;4733147;551682048;38387712;495190016;0;0;0;0;0;0;0;0;0;0;0;3787;0;0;0;0;0;0;
36534;4023686;551682048;38387712;495190016;0;0;0;0;0;0;0;0;0;0;0;3777;0;0;0;0;0;0;
36535;4939434;551682048;38387712;495190016;0;0;0;0;0;0;0;0;0;0;0;3747;0;0;0;0;0;0;
36536;3891257;551682048;38387712;495190016;0;0;0;0;0;0;0;0;0;0;0;4358;0;0;0;0;0;0;
36537;4795202;551682048;38387712;495190016;0;0;0;0;0;0;0;0;0;0;0;3727;0;0;0;0;0;0;
36538;3621491;551682048;38387712;495190016;0;0;0;0;0;0;0;0;0;0;0;4849;0;0;0;0;0;0;
36539;4966043;551682048;38387712;495190016;0;0;0;0;0;0;0;0;0;0;0;4489;0;0;0;0;0;0;
36540;3658611;551682048;38387712;495190016;0;0;0;0;0;0;0;0;0;0;0;4939;0;0;0;0;0;0;
36541;4971654;551682048;38387712;495190016;0;0;0;0;0;0;0;0;0;0;0;3757;0;0;0;0;0;0;
36542;3871842;551682048;38387712;495190016;0;0;0;0;0;0;0;0;0;0;0;3527;0;0;0;0;0;0;
36543;4740630;551682048;38387712;495190016;0;0;0;0;0;0;0;0;0;0;0;3657;0;0;0;0;0;0;
36544;3721810;551682048;38387712;495190016;0;0;0;0;0;0;0;0;0;0;0;4348;0;0;0;0;0;0;
36545;4833815;551682048;38387712;495190016;0;0;0;0;0;0;0;0;0;0;0;3697;0;0;0;0;0;0;
36546;3783546;551682048;38387712;495190016;0;0;0;0;0;0;0;0;0;0;0;3507;0;0;0;0;0;0;
36547;4778321;551682048;38387712;495190016;0;0;0;0;0;0;0;0;0;0;0;3657;0;0;0;0;0;0;
36548;3709366;551682048;38387712;495190016;0;0;0;0;0;0;0;0;0;0;0;3878;0;0;0;0;0;0;
36549;4841339;551682048;38387712;495190016;0;0;0;0;0;0;0;0;0;0;0;3576;0;0;0;0;0;0;
36550;3864427;551682048;38387712;495190016;0;0;0;0;0;0;0;0;0;0;0;3447;0;0;0;0;0;0;
36551;5037227;551682048;38387712;495190016;0;0;0;0;0;0;0;0;0;0;0;3377;0;0;0;0;0;0;
36552;3782524;551682048;38387712;495190016;0;0;0;0;0;0;0;0;0;0;0;4037;0;0;0;0;0;0;
36553;4970612;551682048;38387712;495190016;0;0;0;0;0;0;0;0;0;0;0;3287;0;0;0;0;0;0;
36554;3761945;551682048;38387712;495190016;0;0;0;0;0;0;0;0;0;0;0;3807;0;0;0;0;0;0;
36555;4765076;551682048;38387712;495190016;0;0;0;0;0;0;0;0;0;0;0;3617;0;0;0;0;0;0;
36556;3624908;551682048;38387712;495190016;0;0;0;0;0;0;0;0;0;0;0;4238;0;0;0;0;0;0;
36557;4800733;551682048;38387712;495190016;0;0;0;0;0;0;0;0;0;0;0;3717;0;0;0;0;0;0;
36558;3746747;551682048;38387712;495190016;0;0;0;0;0;0;0;0;0;0;0;3687;0;0;0;0;0;0;
36559;4849735;551682048;38387712;495190016;0;0;0;0;0;0;0;0;0;0;0;3526;0;0;0;0;0;0;
36560;3678068;551682048;38387712;495190016;0;0;0;0;0;0;0;0;0;0;0;3657;0;0;0;0;0;0;
36561;4850256;551682048;38387712;495190016;0;0;0;0;0;0;0;0;0;0;0;3567;0;0;0;0;0;0;
36562;3875789;551682048;38387712;495190016;0;0;0;0;0;0;0;0;0;0;0;4368;0;0;0;0;0;0;
36563;5016398;551682048;38387712;495190016;0;0;0;0;0;0;0;0;0;0;0;3847;0;0;0;0;0;0;
36564;3842947;551682048;38387712;495190016;0;0;0;0;0;0;0;0;0;0;0;3927;0;0;0;0;0;0;
36565;4780055;551682048;38387712;495190016;0;0;0;0;0;0;0;0;0;0;0;3607;0;0;0;0;0;0;
36566;4383010;551682048;38387712;495190016;0;0;0;0;0;0;0;0;0;0;0;3617;0;0;0;0;0;0;
36567;4842061;551682048;38387712;495190016;0;0;0;0;0;0;0;0;0;0;0;3517;0;0;0;0;0;0;
36568;3820866;551682048;38387712;495190016;0;0;0;0;0;0;0;0;0;0;0;4108;0;0;0;0;0;0;
36569;4784182;551682048;38387712;495190016;0;0;0;0;0;0;0;0;0;0;0;3818;0;0;0;0;0;0;
36570;3686454;551682048;38387712;495190016;0;0;0;0;0;0;0;0;0;0;0;3988;0;0;0;0;0;0;
36571;4895260;551682048;38387712;495190016;0;0;0;0;0;0;0;0;0;0;0;3928;0;0;0;0;0;0;
36572;3849409;551682048;38387712;495190016;0;0;0;0;0;0;0;0;0;0;0;4208;0;0;0;0;0;0;
36573;4936167;551682048;38387712;495190016;0;0;0;0;0;0;0;0;0;0;0;3336;0;0;0;0;0;0;
36574;3672938;551682048;38387712;495190016;0;0;0;0;0;0;0;0;0;0;0;4248;0;0;0;0;0;0;
36575;4837493;551682048;38387712;495190016;0;0;0;0;0;0;0;0;0;0;0;3917;0;0;0;0;0;0;
36576;3902338;551682048;38387712;495190016;0;0;0;0;0;0;0;0;0;0;0;4038;0;0;0;0;0;0;
36577;4907233;551682048;38387712;495190016;0;0;0;0;0;0;0;0;0;0;0;3286;0;0;0;0;0;0;
36578;4335330;551682048;38387712;495190016;0;0;0;0;0;0;0;0;0;0;0;4268;0;0;0;0;0;0;
36579;4843734;551682048;38387712;495190016;0;0;0;0;0;0;0;0;0;0;0;3547;0;0;0;0;0;0;
36580;4184367;551682048;38387712;495190016;0;0;0;0;0;0;0;0;0;0;0;4308;0;0;0;0;0;0;
36581;5022029;551682048;38387712;495190016;0;0;0;0;0;0;0;0;0;0;0;3577;0;0;0;0;0;0;
36582;3872343;551682048;38387712;495190016;0;0;0;0;0;0;0;0;0;0;0;4518;0;0;0;0;0;0;
36583;4909908;551682048;38387712;495190016;0;0;0;0;0;0;0;0;0;0;0;4318;0;0;0;0;0;0;
36584;3939979;551682048;38387712;495190016;0;0;0;0;0;0;0;0;0;0;0;3747;0;0;0;0;0;0;
36585;4820891;551682048;38387712;495190016;0;0;0;0;0;0;0;0;0;0;0;4348;0;0;0;0;0;0;
36586;4188555;551682048;38387712;495190016;0;0;0;0;0;0;0;0;0;0;0;3326;0;0;0;0;0;0;
36587;5239907;551682048;38387712;495190016;0;0;0;0;0;0;0;0;0;0;0;3426;0;0;0;0;0;0;
36588;3959085;551682048;38387712;495190016;0;0;0;0;0;0;0;0;0;0;0;3297;0;0;0;0;0;0;
36589;4839756;551682048;38387712;495190016;0;0;0;0;0;0;0;0;0;0;0;2966;0;0;0;0;0;0;
36590;3893371;551682048;38387712;495190016;0;0;0;0;0;0;0;0;0;0;0;3577;0;0;0;0;0;0;
36591;5000979;551682048;38387712;495190016;0;0;0;0;0;0;0;0;0;0;0;3416;0;0;0;0;0;0;
36592;4065805;551682048;38387712;495190016;0;0;0;0;0;0;0;0;0;0;0;24035;0;0;0;0;0;0;
36593;4853462;551682048;38387712;495190016;0;0;0;0;0;0;0;0;0;0;0;2825;0;0;0;0;0;0;
36594;4211789;551682048;38387712;495190016;0;0;0;0;0;0;0;0;0;0;0;3727;0;0;0;0;0;0;
36595;4852159;551682048;38387712;495190016;0;0;0;0;0;0;0;0;0;0;0;3437;0;0;0;0;0;0;
36596;4461957;551682048;38387712;495190016;0;0;0;0;0;0;0;0;0;0;0;3687;0;0;0;0;0;0;
36597;4713490;551682048;38387712;495190016;0;0;0;0;0;0;0;0;0;0;0;3527;0;0;0;0;0;0;
36598;3835984;551682048;38387712;495190016;0;0;0;0;0;0;0;0;0;0;0;4058;0;0;0;0;0;0;
36599;4937730;551682048;38387712;495190016;0;0;0;0;0;0;0;0;0;0;0;3547;0;0;0;0;0;0;
36600;3914432;551682048;38387712;495190016;0;0;0;0;0;0;0;0;0;0;0;3717;0;0;0;0;0;0;
36601;4818336;551682048;38387712;495190016;0;0;0;0;0;0;0;0;0;0;0;3106;0;0;0;0;0;0;
36602;3858175;551682048;38387712;495190016;0;0;0;0;0;0;0;0;0;0;0;3717;0;0;0;0;0;0;
36603;4966474;551682048;38387712;495190016;0;0;0;0;0;0;0;0;0;0;0;3837;0;0;0;0;0;0;
36604;4125878;551682048;38387712;495190016;0;0;0;0;0;0;0;0;0;0;0;4348;0;0;0;0;0;0;
36605;4907403;551682048;38387712;495190016;0;0;0;0;0;0;0;0;0;0;0;3737;0;0;0;0;0;0;
36606;4045126;551682048;38387712;495190016;0;0;0;0;0;0;0;0;0;0;0;4218;0;0;0;0;0;0;
36607;4834406;551682048;38387712;495190016;0;0;0;0;0;0;0;0;0;0;0;3587;0;0;0;0;0;0;
36608;3833098;551682048;38387712;495190016;0;0;0;0;0;0;0;0;0;0;0;3927;0;0;0;0;0;0;
36609;4841981;551682048;38387712;495190016;0;0;0;0;0;0;0;0;0;0;0;3496;0;0;0;0;0;0;
36610;3768017;551682048;38387712;495190016;0;0;0;0;0;0;0;0;0;0;0;3617;0;0;0;0;0;0;
36611;5235869;551682048;38387712;495190016;0;0;0;0;0;0;0;0;0;0;0;3477;0;0;0;0;0;0;
36612;4255130;551682048;38387712;495190016;0;0;0;0;0;0;0;0;0;0;0;4759;0;0;0;0;0;0;
36613;4839746;551682048;38387712;495190016;0;0;0;0;0;0;0;0;0;0;0;4048;0;0;0;0;0;0;
36614;3959505;551682048;38387712;495190016;0;0;0;0;0;0;0;0;0;0;0;3828;0;0;0;0;0;0;
36615;4961625;551682048;38387712;495190016;0;0;0;0;0;0;0;0;0;0;0;3516;0;0;0;0;0;0;
36616;3855060;551682048;38387712;495190016;0;0;0;0;0;0;0;0;0;0;0;3947;0;0;0;0;0;0;
36617;4878709;551682048;38387712;495190016;0;0;0;0;0;0;0;0;0;0;0;3296;0;0;0;0;0;0;
36618;3875298;551682048;38387712;495190016;0;0;0;0;0;0;0;0;0;0;0;4569;0;0;0;0;0;0;
36619;4862129;551682048;38387712;495190016;0;0;0;0;0;0;0;0;0;0;0;3606;0;0;0;0;0;0;
36620;4209675;551682048;38387712;495190016;0;0;0;0;0;0;0;0;0;0;0;3567;0;0;0;0;0;0;
36621;4820360;551682048;38387712;495190016;0;0;0;0;0;0;0;0;0;0;0;3757;0;0;0;0;0;0;
36622;3758689;551682048;38387712;495190016;0;0;0;0;0;0;0;0;0;0;0;3797;0;0;0;0;0;0;
36623;4811273;551682048;38387712;495190016;0;0;0;0;0;0;0;0;0;0;0;3366;0;0;0;0;0;0;
36624;4182234;551682048;38387712;495190016;0;0;0;0;0;0;0;0;0;0;0;3918;0;0;0;0;0;0;
36625;4831180;551682048;38387712;495190016;0;0;0;0;0;0;0;0;0;0;0;3577;0;0;0;0;0;0;
36626;3867332;551682048;38387712;495190016;0;0;0;0;0;0;0;0;0;0;0;3877;0;0;0;0;0;0;
36627;4829477;551682048;38387712;495190016;0;0;0;0;0;0;0;0;0;0;0;3597;0;0;0;0;0;0;
36628;3945359;551682048;38387712;495190016;0;0;0;0;0;0;0;0;0;0;0;3647;0;0;0;0;0;0;
36629;5076941;551682048;38387712;495190016;0;0;0;0;0;0;0;0;0;0;0;3116;0;0;0;0;0;0;
36630;3691593;551682048;38387712;495190016;0;0;0;0;0;0;0;0;0;0;0;3496;0;0;0;0;0;0;
36631;4904428;551682048;38387712;495190016;0;0;0;0;0;0;0;0;0;0;0;3837;0;0;0;0;0;0;
36632;3819182;551682048;38387712;495190016;0;0;0;0;0;0;0;0;0;0;0;3797;0;0;0;0;0;0;
36633;4961275;551682048;38387712;495190016;0;0;0;0;0;0;0;0;0;0;0;3687;0;0;0;0;0;0;
36634;3917647;551682048;38387712;495190016;0;0;0;0;0;0;0;0;0;0;0;3797;0;0;0;0;0;0;
36635;4802466;551682048;38387712;495190016;0;0;0;0;0;0;0;0;0;0;0;3717;0;0;0;0;0;0;
36636;3902940;551682048;38387712;495190016;0;0;0;0;0;0;0;0;0;0;0;3717;0;0;0;0;0;0;
36637;4820130;551682048;38387712;495190016;0;0;0;0;0;0;0;0;0;0;0;3537;0;0;0;0;0;0;
36638;3738190;551682048;38387712;495190016;0;0;0;0;0;0;0;0;0;0;0;3576;0;0;0;0;0;0;
36639;4859633;551682048;38387712;495190016;0;0;0;0;0;0;0;0;0;0;0;3506;0;0;0;0;0;0;
36640;3643783;551682048;38387712;495190016;0;0;0;0;0;0;0;0;0;0;0;3877;0;0;0;0;0;0;
36641;4897815;551682048;38387712;495190016;0;0;0;0;0;0;0;0;0;0;0;3476;0;0;0;0;0;0;
36642;3835213;551682048;38387712;495190016;0;0;0;0;0;0;0;0;0;0;0;3958;0;0;0;0;0;0;
36643;5097139;551682048;38387712;495190016;0;0;0;0;0;0;0;0;0;0;0;4448;0;0;0;0;0;0;
36644;4067488;551682048;38387712;495190016;0;0;0;0;0;0;0;0;0;0;0;4137;0;0;0;0;0;0;
36645;5037478;551682048;38387712;495190016;0;0;0;0;0;0;0;0;0;0;0;3687;0;0;0;0;0;0;
36646;3918048;551682048;38387712;495190016;0;0;0;0;0;0;0;0;0;0;0;3807;0;0;0;0;0;0;
36647;5055982;551682048;38387712;495190016;0;0;0;0;0;0;0;0;0;0;0;3216;0;0;0;0;0;0;
36648;3824693;551682048;38387712;495190016;0;0;0;0;0;0;0;0;0;0;0;4438;0;0;0;0;0;0;
36649;4839146;551682048;38387712;495190016;0;0;0;0;0;0;0;0;0;0;0;4037;0;0;0;0;0;0;
36650;3794977;551682048;38387712;495190016;0;0;0;0;0;0;0;0;0;0;0;4508;0;0;0;0;0;0;
36651;4938502;551682048;38387712;495190016;0;0;0;0;0;0;0;0;0;0;0;3757;0;0;0;0;0;0;
36652;4356420;551682048;38387712;495190016;0;0;0;0;0;0;0;0;0;0;0;4599;0;0;0;0;0;0;
36653;4933943;551682048;38387712;495190016;0;0;0;0;0;0;0;0;0;0;0;3787;0;0;0;0;0;0;
36654;4170441;551682048;38387712;495190016;0;0;0;0;0;0;0;0;0;0;0;3987;0;0;0;0;0;0;
36655;5044831;551682048;38387712;495190016;0;0;0;0;0;0;0;0;0;0;0;3587;0;0;0;0;0;0;
36656;4042481;551682048;38387712;495190016;0;0;0;0;0;0;0;0;0;0;0;3907;0;0;0;0;0;0;
36657;4807466;551682048;38387712;495190016;0;0;0;0;0;0;0;0;0;0;0;3587;0;0;0;0;0;0;
36658;3753228;551682048;38387712;495190016;0;0;0;0;0;0;0;0;0;0;0;3647;0;0;0;0;0;0;
36659;4884881;551682048;38387712;495190016;0;0;0;0;0;0;0;0;0;0;0;3597;0;0;0;0;0;0;
36660;3669682;551682048;38387712;495190016;0;0;0;0;0;0;0;0;0;0;0;3597;0;0;0;0;0;0;
36661;4833315;551682048;38387712;495190016;0;0;0;0;0;0;0;0;0;0;0;3306;0;0;0;0;0;0;
36662;3925292;551682048;38387712;495190016;0;0;0;0;0;0;0;0;0;0;0;3677;0;0;0;0;0;0;
36663;4827353;551682048;38387712;495190016;0;0;0;0;0;0;0;0;0;0;0;3126;0;0;0;0;0;0;
36664;3794345;551682048;38387712;495190016;0;0;0;0;0;0;0;0;0;0;0;3416;0;0;0;0;0;0;
36665;4862789;551682048;38387712;495190016;0;0;0;0;0;0;0;0;0;0;0;3257;0;0;0;0;0;0;
36666;3774038;551682048;38387712;495190016;0;0;0;0;0;0;0;0;0;0;0;3416;0;0;0;0;0;0;
36667;4880102;551682048;38387712;495190016;0;0;0;0;0;0;0;0;0;0;0;3617;0;0;0;0;0;0;
36668;3794957;551682048;38387712;495190016;0;0;0;0;0;0;0;0;0;0;0;3757;0;0;0;0;0;0;
36669;4780435;551682048;38387712;495190016;0;0;0;0;0;0;0;0;0;0;0;3497;0;0;0;0;0;0;
36670;3992537;551682048;38387712;495190016;0;0;0;0;0;0;0;0;0;0;0;4278;0;0;0;0;0;0;
36671;4894208;551682048;38387712;495190016;0;0;0;0;0;0;0;0;0;0;0;3697;0;0;0;0;0;0;
36672;3745925;551682048;38387712;495190016;0;0;0;0;0;0;0;0;0;0;0;3877;0;0;0;0;0;0;
36673;4864453;551682048;38387712;495190016;0;0;0;0;0;0;0;0;0;0;0;3596;0;0;0;0;0;0;
36674;3860621;551682048;38387712;495190016;0;0;0;0;0;0;0;0;0;0;0;4268;0;0;0;0;0;0;
36675;4862989;551682048;38387712;495190016;0;0;0;0;0;0;0;0;0;0;0;3627;0;0;0;0;0;0;
36676;3909602;551682048;38387712;495190016;0;0;0;0;0;0;0;0;0;0;0;3737;0;0;0;0;0;0;
36677;4871176;551682048;38387712;495190016;0;0;0;0;0;0;0;0;0;0;0;3627;0;0;0;0;0;0;
36678;3908069;551682048;38387712;495190016;0;0;0;0;0;0;0;0;0;0;0;3807;0;0;0;0;0;0;
36679;4807055;551682048;38387712;495190016;0;0;0;0;0;0;0;0;0;0;0;3747;0;0;0;0;0;0;
36680;3890436;551682048;38387712;495190016;0;0;0;0;0;0;0;0;0;0;0;4228;0;0;0;0;0;0;
36681;4938010;551682048;38387712;495190016;0;0;0;0;0;0;0;0;0;0;0;3597;0;0;0;0;0;0;
36682;3915323;551682048;38387712;495190016;0;0;0;0;0;0;0;0;0;0;0;24065;0;0;0;0;0;0;
36683;4726304;551682048;38387712;495190016;0;0;0;0;0;0;0;0;0;0;0;3567;0;0;0;0;0;0;
36684;4083989;551682048;38387712;495190016;0;0;0;0;0;0;0;0;0;0;0;3827;0;0;0;0;0;0;
36685;4797998;551682048;38387712;495190016;0;0;0;0;0;0;0;0;0;0;0;3607;0;0;0;0;0;0;
36686;4164140;551682048;38387712;495190016;0;0;0;0;0;0;0;0;0;0;0;4028;0;0;0;0;0;0;
36687;4924415;551682048;38387712;495190016;0;0;0;0;0;0;0;0;0;0;0;3556;0;0;0;0;0;0;
36688;3701151;551682048;38387712;495190016;0;0;0;0;0;0;0;0;0;0;0;4218;0;0;0;0;0;0;
36689;4818316;551682048;38387712;495190016;0;0;0;0;0;0;0;0;0;0;0;3647;0;0;0;0;0;0;
36690;4545004;551682048;38387712;495190016;0;0;0;0;0;0;0;0;0;0;0;3377;0;0;0;0;0;0;
36691;4920678;551682048;38387712;495190016;0;0;0;0;0;0;0;0;0;0;0;3577;0;0;0;0;0;0;
36692;3870899;551682048;38387712;495190016;0;0;0;0;0;0;0;0;0;0;0;4709;0;0;0;0;0;0;
36693;4872427;551682048;38387712;495190016;0;0;0;0;0;0;0;0;0;0;0;2935;0;0;0;0;0;0;
36694;3912939;551682048;38387712;495190016;0;0;0;0;0;0;0;0;0;0;0;4799;0;0;0;0;0;0;
36695;4962517;551682048;38387712;495190016;0;0;0;0;0;0;0;0;0;0;0;3396;0;0;0;0;0;0;
36696;3855160;551682048;38387712;495190016;0;0;0;0;0;0;0;0;0;0;0;4328;0;0;0;0;0;0;
36697;4902404;551682048;38387712;495190016;0;0;0;0;0;0;0;0;0;0;0;3527;0;0;0;0;0;0;
36698;4182905;551682048;38387712;495190016;0;0;0;0;0;0;0;0;0;0;0;3918;0;0;0;0;0;0;
36699;4984949;551682048;38387712;495190016;0;0;0;0;0;0;0;0;0;0;0;3647;0;0;0;0;0;0;
36700;4110509;551682048;38387712;495190016;0;0;0;0;0;0;0;0;0;0;0;3927;0;0;0;0;0;0;
36701;4852500;551682048;38387712;495190016;0;0;0;0;0;0;0;0;0;0;0;4007;0;0;0;0;0;0;
36702;3746176;551682048;38387712;495190016;0;0;0;0;0;0;0;0;0;0;0;3877;0;0;0;0;0;0;
36703;4810432;551682048;38387712;495190016;0;0;0;0;0;0;0;0;0;0;0;3867;0;0;0;0;0;0;
36704;3884886;551682048;38387712;495190016;0;0;0;0;0;0;0;0;0;0;0;4167;0;0;0;0;0;0;
36705;4840117;551682048;38387712;495190016;0;0;0;0;0;0;0;0;0;0;0;3587;0;0;0;0;0;0;
36706;3804515;551682048;38387712;495190016;0;0;0;0;0;0;0;0;0;0;0;4628;0;0;0;0;0;0;
36707;4788581;551682048;38387712;495190016;0;0;0;0;0;0;0;0;0;0;0;3537;0;0;0;0;0;0;
36708;3771012;551682048;38387712;495190016;0;0;0;0;0;0;0;0;0;0;0;3867;0;0;0;0;0;0;
36709;4775516;551682048;38387712;495190016;0;0;0;0;0;0;0;0;0;0;0;3646;0;0;0;0;0;0;
36710;3644264;551682048;38387712;495190016;0;0;0;0;0;0;0;0;0;0;0;3627;0;0;0;0;0;0;
36711;5303526;551682048;38387712;495190016;0;0;0;0;0;0;0;0;0;0;0;4398;0;0;0;0;0;0;
36712;3916264;551682048;38387712;495190016;0;0;0;0;0;0;0;0;0;0;0;3527;0;0;0;0;0;0;
36713;5242672;551682048;38387712;495190016;0;0;0;0;0;0;0;0;0;0;0;3596;0;0;0;0;0;0;
36714;3698997;551682048;38387712;495190016;0;0;0;0;0;0;0;0;0;0;0;3667;0;0;0;0;0;0;
36715;5043208;551682048;38387712;495190016;0;0;0;0;0;0;0;0;0;0;0;3868;0;0;0;0;0;0;
36716;3998398;551682048;38387712;495190016;0;0;0;0;0;0;0;0;0;0;0;3998;0;0;0;0;0;0;
36717;4840077;551682048;38387712;495190016;0;0;0;0;0;0;0;0;0;0;0;3857;0;0;0;0;0;0;
36718;3819874;551682048;38387712;495190016;0;0;0;0;0;0;0;0;0;0;0;3737;0;0;0;0;0;0;
36719;4783762;551682048;38387712;495190016;0;0;0;0;0;0;0;0;0;0;0;3606;0;0;0;0;0;0;
36720;3832267;551682048;38387712;495190016;0;0;0;0;0;0;0;0;0;0;0;3937;0;0;0;0;0;0;
36721;4869041;551682048;38387712;495190016;0;0;0;0;0;0;0;0;0;0;0;3537;0;0;0;0;0;0;
36722;3828339;551682048;38387712;495190016;0;0;0;0;0;0;0;0;0;0;0;3537;0;0;0;0;0;0;
36723;4965773;551682048;38387712;495190016;0;0;0;0;0;0;0;0;0;0;0;3046;0;0;0;0;0;0;
36724;3867382;551682048;38387712;495190016;0;0;0;0;0;0;0;0;0;0;0;3817;0;0;0;0;0;0;
36725;5039931;551682048;38387712;495190016;0;0;0;0;0;0;0;0;0;0;0;3497;0;0;0;0;0;0;
36726;3778035;551682048;38387712;495190016;0;0;0;0;0;0;0;0;0;0;0;3567;0;0;0;0;0;0;
36727;5034933;551682048;38387712;495190016;0;0;0;0;0;0;0;0;0;0;0;3266;0;0;0;0;0;0;
36728;3936803;551682048;38387712;495190016;0;0;0;0;0;0;0;0;0;0;0;4308;0;0;0;0;0;0;
36729;4921159;551682048;38387712;495190016;0;0;0;0;0;0;0;0;0;0;0;3807;0;0;0;0;0;0;
36730;4119515;551682048;38387712;495190016;0;0;0;0;0;0;0;0;0;0;0;3877;0;0;0;0;0;0;
36731;4884280;551682048;38387712;495190016;0;0;0;0;0;0;0;0;0;0;0;3486;0;0;0;0;0;0;
36732;3852645;551682048;38387712;495190016;0;0;0;0;0;0;0;0;0;0;0;4108;0;0;0;0;0;0;
36733;5106256;551682048;38387712;495190016;0;0;0;0;0;0;0;0;0;0;0;3617;0;0;0;0;0;0;
36734;3913500;551682048;38387712;495190016;0;0;0;0;0;0;0;0;0;0;0;4719;0;0;0;0;0;0;
36735;4929014;551682048;38387712;495190016;0;0;0;0;0;0;0;0;0;0;0;3757;0;0;0;0;0;0;
36736;4244450;551682048;38387712;495190016;0;0;0;0;0;0;0;0;0;0;0;4369;0;0;0;0;0;0;
36737;4709653;551682048;38387712;495190016;0;0;0;0;0;0;0;0;0;0;0;3206;0;0;0;0;0;0;
36738;4033744;551682048;38387712;495190016;0;0;0;0;0;0;0;0;0;0;0;3797;0;0;0;0;0;0;
36739;4910970;551682048;38387712;495190016;0;0;0;0;0;0;0;0;0;0;0;3426;0;0;0;0;0;0;
36740;4026231;551682048;38387712;495190016;0;0;0;0;0;0;0;0;0;0;0;3707;0;0;0;0;0;0;
36741;4780195;551682048;38387712;495190016;0;0;0;0;0;0;0;0;0;0;0;3808;0;0;0;0;0;0;
36742;3911144;551682048;38387712;495190016;0;0;0;0;0;0;0;0;0;0;0;3787;0;0;0;0;0;0;
36743;7946924;551682048;38387712;495190016;0;0;0;0;0;0;0;0;0;0;0;3577;0;0;0;0;0;0;
36744;10534596;551682048;38387712;495190016;0;0;0;0;0;0;0;0;0;0;0;5069;0;0;0;0;0;0;
36745;4752744;551682048;38387712;495190016;0;0;0;0;0;0;0;0;0;0;0;3347;0;0;0;0;0;0;
36746;4046278;551682048;38387712;495190016;0;0;0;0;0;0;0;0;0;0;0;4127;0;0;0;0;0;0;
36747;4903496;551682048;38387712;495190016;0;0;0;0;0;0;0;0;0;0;0;4017;0;0;0;0;0;0;
36748;3977279;551682048;38387712;495190016;0;0;0;0;0;0;0;0;0;0;0;3807;0;0;0;0;0;0;
36749;4847912;551682048;38387712;495190016;0;0;0;0;0;0;0;0;0;0;0;3487;0;0;0;0;0;0;
36750;3917828;551682048;38387712;495190016;0;0;0;0;0;0;0;0;0;0;0;3908;0;0;0;0;0;0;
36751;4938081;551682048;38387712;495190016;0;0;0;0;0;0;0;0;0;0;0;3867;0;0;0;0;0;0;
36752;4012575;551682048;38387712;495190016;0;0;0;0;0;0;0;0;0;0;0;4398;0;0;0;0;0;0;
36753;4736583;551682048;38387712;495190016;0;0;0;0;0;0;0;0;0;0;0;3837;0;0;0;0;0;0;
36754;3884575;551682048;38387712;495190016;0;0;0;0;0;0;0;0;0;0;0;4468;0;0;0;0;0;0;
36755;4941046;551682048;38387712;495190016;0;0;0;0;0;0;0;0;0;0;0;3537;0;0;0;0;0;0;
36756;3845391;551682048;38387712;495190016;0;0;0;0;0;0;0;0;0;0;0;3927;0;0;0;0;0;0;
36757;4767471;551682048;38387712;495190016;0;0;0;0;0;0;0;0;0;0;0;3256;0;0;0;0;0;0;
36758;3975826;551682048;38387712;495190016;0;0;0;0;0;0;0;0;0;0;0;3957;0;0;0;0;0;0;
36759;4841349;551682048;38387712;495190016;0;0;0;0;0;0;0;0;0;0;0;3607;0;0;0;0;0;0;
36760;4176643;551682048;38387712;495190016;0;0;0;0;0;0;0;0;0;0;0;3797;0;0;0;0;0;0;
36761;4889570;551682048;38387712;495190016;0;0;0;0;0;0;0;0;0;0;0;3436;0;0;0;0;0;0;
36762;3823871;551682048;38387712;495190016;0;0;0;0;0;0;0;0;0;0;0;3957;0;0;0;0;0;0;
36763;4683223;551682048;38387712;495190016;0;0;0;0;0;0;0;0;0;0;0;4067;0;0;0;0;0;0;
36764;3835754;551682048;38387712;495190016;0;0;0;0;0;0;0;0;0;0;0;3777;0;0;0;0;0;0;
36765;4786236;551682048;38387712;495190016;0;0;0;0;0;0;0;0;0;0;0;3737;0;0;0;0;0;0;
36766;3811798;551682048;38387712;495190016;0;0;0;0;0;0;0;0;0;0;0;4077;0;0;0;0;0;0;
36767;4824468;551682048;38387712;495190016;0;0;0;0;0;0;0;0;0;0;0;3587;0;0;0;0;0;0;
36768;4161555;551682048;38387712;495190016;0;0;0;0;0;0;0;0;0;0;0;3527;0;0;0;0;0;0;
36769;4735851;551682048;38387712;495190016;0;0;0;0;0;0;0;0;0;0;0;3276;0;0;0;0;0;0;
36770;3906656;551682048;38387712;495190016;0;0;0;0;0;0;0;0;0;0;0;3827;0;0;0;0;0;0;
36771;4961635;551682048;38387712;495190016;0;0;0;0;0;0;0;0;0;0;0;3526;0;0;0;0;0;0;
36772;3930912;551682048;38387712;495190016;0;0;0;0;0;0;0;0;0;0;0;4147;0;0;0;0;0;0;
36773;4965612;551682048;38387712;495190016;0;0;0;0;0;0;0;0;0;0;0;3697;0;0;0;0;0;0;
36774;4050346;551682048;38387712;495190016;0;0;0;0;0;0;0;0;0;0;0;4348;0;0;0;0;0;0;
36775;4789092;551682048;38387712;495190016;0;0;0;0;0;0;0;0;0;0;0;3296;0;0;0;0;0;0;
36776;4410772;551682048;38387712;495190016;0;0;0;0;0;0;0;0;0;0;0;4299;0;0;0;0;0;0;
36777;4926929;551682048;38387712;495190016;0;0;0;0;0;0;0;0;0;0;0;4157;0;0;0;0;0;0;
36778;3821777;551682048;38387712;495190016;0;0;0;0;0;0;0;0;0;0;0;3747;0;0;0;0;0;0;
36779;4749968;551682048;38387712;495190016;0;0;0;0;0;0;0;0;0;0;0;3838;0;0;0;0;0;0;
36780;3888081;551682048;38387712;495190016;0;0;0;0;0;0;0;0;0;0;0;4408;0;0;0;0;0;0;
36781;4803098;551682048;38387712;495190016;0;0;0;0;0;0;0;0;0;0;0;3597;0;0;0;0;0;0;
36782;4017144;551682048;38387712;495190016;0;0;0;0;0;0;0;0;0;0;0;3587;0;0;0;0;0;0;
36783;4913003;551682048;38387712;495190016;0;0;0;0;0;0;0;0;0;0;0;3637;0;0;0;0;0;0;
36784;3932596;551682048;38387712;495190016;0;0;0;0;0;0;0;0;0;0;0;4488;0;0;0;0;0;0;
36785;4930386;551682048;38387712;495190016;0;0;0;0;0;0;0;0;0;0;0;3497;0;0;0;0;0;0;
36786;4024398;551682048;38387712;495190016;0;0;0;0;0;0;0;0;0;0;0;4078;0;0;0;0;0;0;
36787;4784002;551682048;38387712;495190016;0;0;0;0;0;0;0;0;0;0;0;3527;0;0;0;0;0;0;
36788;3942935;551682048;38387712;495190016;0;0;0;0;0;0;0;0;0;0;0;3426;0;0;0;0;0;0;
36789;4918133;551682048;38387712;495190016;0;0;0;0;0;0;0;0;0;0;0;3446;0;0;0;0;0;0;
36790;3824993;551682048;38387712;495190016;0;0;0;0;0;0;0;0;0;0;0;4208;0;0;0;0;0;0;
36791;4914085;551682048;38387712;495190016;0;0;0;0;0;0;0;0;0;0;0;3807;0;0;0;0;0;0;
36792;4158479;551682048;38387712;495190016;0;0;0;0;0;0;0;0;0;0;0;3637;0;0;0;0;0;0;
36793;4805993;551682048;38387712;495190016;0;0;0;0;0;0;0;0;0;0;0;3476;0;0;0;0;0;0;
36794;3829782;551682048;38387712;495190016;0;0;0;0;0;0;0;0;0;0;0;3487;0;0;0;0;0;0;
36795;4962707;551682048;38387712;495190016;0;0;0;0;0;0;0;0;0;0;0;4088;0;0;0;0;0;0;
36796;4030389;551682048;38387712;495190016;0;0;0;0;0;0;0;0;0;0;0;3587;0;0;0;0;0;0;
36797;5179072;551682048;38387712;495190016;0;0;0;0;0;0;0;0;0;0;0;3296;0;0;0;0;0;0;
36798;3961129;551682048;38387712;495190016;0;0;0;0;0;0;0;0;0;0;0;4128;0;0;0;0;0;0;
36799;4970572;551682048;38387712;495190016;0;0;0;0;0;0;0;0;0;0;0;3516;0;0;0;0;0;0;
36800;4030409;551682048;38387712;495190016;0;0;0;0;0;0;0;0;0;0;0;3637;0;0;0;0;0;0;
36801;4902394;551682048;38387712;495190016;0;0;0;0;0;0;0;0;0;0;0;3947;0;0;0;0;0;0;
36802;3822188;551682048;38387712;495190016;0;0;0;0;0;0;0;0;0;0;0;3958;0;0;0;0;0;0;
36803;5048307;551682048;38387712;495190016;0;0;0;0;0;0;0;0;0;0;0;3787;0;0;0;0;0;0;
36804;3760382;551682048;38387712;495190016;0;0;0;0;0;0;0;0;0;0;0;3597;0;0;0;0;0;0;
36805;4923233;551682048;38387712;495190016;0;0;0;0;0;0;0;0;0;0;0;3547;0;0;0;0;0;0;
36806;3932836;551682048;38387712;495190016;0;0;0;0;0;0;0;0;0;0;0;3587;0;0;0;0;0;0;
36807;4985169;551682048;38387712;495190016;0;0;0;0;0;0;0;0;0;0;0;4218;0;0;0;0;0;0;
36808;3707724;551682048;38387712;495190016;0;0;0;0;0;0;0;0;0;0;0;3927;0;0;0;0;0;0;
36809;5007842;551682048;38387712;495190016;0;0;0;0;0;0;0;0;0;0;0;3677;0;0;0;0;0;0;
36810;3651307;551682048;38387712;495190016;0;0;0;0;0;0;0;0;0;0;0;3657;0;0;0;0;0;0;
36811;4837682;551682048;38387712;495190016;0;0;0;0;0;0;0;0;0;0;0;3416;0;0;0;0;0;0;
36812;3634476;551682048;38387712;495190016;0;0;0;0;0;0;0;0;0;0;0;3317;0;0;0;0;0;0;
36813;4950844;551682048;38387712;495190016;0;0;0;0;0;0;0;0;0;0;0;3396;0;0;0;0;0;0;
36814;3689810;551682048;38387712;495190016;0;0;0;0;0;0;0;0;0;0;0;3646;0;0;0;0;0;0;
36815;5423942;551682048;38387712;495190016;0;0;0;0;0;0;0;0;0;0;0;4569;0;0;0;0;0;0;
36816;3746896;551682048;38387712;495190016;0;0;0;0;0;0;0;0;0;0;0;3406;0;0;0;0;0;0;
36817;4965232;551682048;38387712;495190016;0;0;0;0;0;0;0;0;0;0;0;3567;0;0;0;0;0;0;
36818;4333777;551682048;38387712;495190016;0;0;0;0;0;0;0;0;0;0;0;4138;0;0;0;0;0;0;
36819;4754306;551682048;38387712;495190016;0;0;0;0;0;0;0;0;0;0;0;3206;0;0;0;0;0;0;
36820;3867383;551682048;38387712;495190016;0;0;0;0;0;0;0;0;0;0;0;3466;0;0;0;0;0;0;
36821;4907965;551682048;38387712;495190016;0;0;0;0;0;0;0;0;0;0;0;3196;0;0;0;0;0;0;
36822;3899012;551682048;38387712;495190016;0;0;0;0;0;0;0;0;0;0;0;4018;0;0;0;0;0;0;
36823;4853732;551682048;38387712;495190016;0;0;0;0;0;0;0;0;0;0;0;3526;0;0;0;0;0;0;
36824;4133923;551682048;38387712;495190016;0;0;0;0;0;0;0;0;0;0;0;3757;0;0;0;0;0;0;
36825;4932491;551682048;38387712;495190016;0;0;0;0;0;0;0;0;0;0;0;3497;0;0;0;0;0;0;
36826;4075693;551682048;38387712;495190016;0;0;0;0;0;0;0;0;0;0;0;4028;0;0;0;0;0;0;
36827;5098872;551682048;38395904;495198208;0;0;0;0;0;0;0;0;0;0;0;3807;0;0;0;0;0;0;
36828;4087004;551682048;38395904;495198208;0;0;0;0;0;0;0;0;0;0;0;3927;0;0;0;0;0;0;
36829;5004425;551682048;38395904;495198208;0;0;0;0;0;0;0;0;0;0;0;3847;0;0;0;0;0;0;
36830;3952242;551682048;38395904;495198208;0;0;0;0;0;0;0;0;0;0;0;3827;0;0;0;0;0;0;
36831;4970561;551682048;38395904;495198208;0;0;0;0;0;0;0;0;0;0;0;3497;0;0;0;0;0;0;
36832;3850240;551682048;38395904;495198208;0;0;0;0;0;0;0;0;0;0;0;4127;0;0;0;0;0;0;
36833;4871496;551682048;38395904;495198208;0;0;0;0;0;0;0;0;0;0;0;3297;0;0;0;0;0;0;
36834;4012695;551792640;38387712;495190016;0;0;0;0;0;0;0;0;0;0;0;3967;0;0;0;0;0;0;
36835;5011489;551792640;38387712;495190016;0;0;0;0;0;0;0;0;0;0;0;3717;0;0;0;0;0;0;
36836;4090121;551792640;38387712;495190016;0;0;0;0;0;0;0;0;0;0;0;4107;0;0;0;0;0;0;
36837;4847731;551792640;38387712;495190016;0;0;0;0;0;0;0;0;0;0;0;3797;0;0;0;0;0;0;
36838;3861852;551792640;38387712;495190016;0;0;0;0;0;0;0;0;0;0;0;3807;0;0;0;0;0;0;
36839;4891263;551792640;38387712;495190016;0;0;0;0;0;0;0;0;0;0;0;3276;0;0;0;0;0;0;
36840;3891288;551792640;38387712;495190016;0;0;0;0;0;0;0;0;0;0;0;3937;0;0;0;0;0;0;
36841;4930837;551792640;38387712;495190016;0;0;0;0;0;0;0;0;0;0;0;3838;0;0;0;0;0;0;
36842;3824101;551792640;38387712;495190016;0;0;0;0;0;0;0;0;0;0;0;3998;0;0;0;0;0;0;
36843;5037808;551792640;38387712;495190016;0;0;0;0;0;0;0;0;0;0;0;4068;0;0;0;0;0;0;
36844;3998820;551792640;38387712;495190016;0;0;0;0;0;0;0;0;0;0;0;4489;0;0;0;0;0;0;
36845;4977204;551792640;38387712;495190016;0;0;0;0;0;0;0;0;0;0;0;3697;0;0;0;0;0;0;
36846;4006544;551792640;38387712;495190016;0;0;0;0;0;0;0;0;0;0;0;4479;0;0;0;0;0;0;
36847;5006920;551792640;38387712;495190016;0;0;0;0;0;0;0;0;0;0;0;4228;0;0;0;0;0;0;
36848;3861181;551792640;38387712;495190016;0;0;0;0;0;0;0;0;0;0;0;3417;0;0;0;0;0;0;
36849;4984037;551792640;38387712;495190016;0;0;0;0;0;0;0;0;0;0;0;4128;0;0;0;0;0;0;
36850;4046178;551792640;38387712;495190016;0;0;0;0;0;0;0;0;0;0;0;4459;0;0;0;0;0;0;
36851;4920628;551792640;38387712;495190016;0;0;0;0;0;0;0;0;0;0;0;3497;0;0;0;0;0;0;
36852;4055095;551792640;38387712;495190016;0;0;0;0;0;0;0;0;0;0;0;3567;0;0;0;0;0;0;
36853;4852520;551792640;38387712;495190016;0;0;0;0;0;0;0;0;0;0;0;3246;0;0;0;0;0;0;
36854;3923889;551792640;38387712;495190016;0;0;0;0;0;0;0;0;0;0;0;3587;0;0;0;0;0;0;
36855;4911782;551792640;38387712;495190016;0;0;0;0;0;0;0;0;0;0;0;3707;0;0;0;0;0;0;
36856;3686614;551792640;38387712;495190016;0;0;0;0;0;0;0;0;0;0;0;3457;0;0;0;0;0;0;
36857;5045101;551792640;38387712;495190016;0;0;0;0;0;0;0;0;0;0;0;3226;0;0;0;0;0;0;
36858;3739754;551792640;38387712;495190016;0;0;0;0;0;0;0;0;0;0;0;3767;0;0;0;0;0;0;
36859;4850517;551792640;38387712;495190016;0;0;0;0;0;0;0;0;0;0;0;3937;0;0;0;0;0;0;
36860;3825695;551792640;38387712;495190016;0;0;0;0;0;0;0;0;0;0;0;3998;0;0;0;0;0;0;
36861;4948069;551792640;38387712;495190016;0;0;0;0;0;0;0;0;0;0;0;3346;0;0;0;0;0;0;
36862;3840452;551792640;38387712;495190016;0;0;0;0;0;0;0;0;0;0;0;4248;0;0;0;0;0;0;
36863;4955092;551792640;38387712;495190016;0;0;0;0;0;0;0;0;0;0;0;3477;0;0;0;0;0;0;
36864;3778927;551792640;38387712;495190016;0;0;0;0;0;0;0;0;0;0;0;3787;0;0;0;0;0;0;
36865;4783351;551792640;38387712;495190016;0;0;0;0;0;0;0;0;0;0;0;3537;0;0;0;0;0;0;
36866;3720227;551792640;38387712;495190016;0;0;0;0;0;0;0;0;0;0;0;3867;0;0;0;0;0;0;
36867;4865014;551792640;38387712;495190016;0;0;0;0;0;0;0;0;0;0;0;3697;0;0;0;0;0;0;
36868;3822419;551792640;38387712;495190016;0;0;0;0;0;0;0;0;0;0;0;3987;0;0;0;0;0;0;
36869;4883819;551792640;38387712;495190016;0;0;0;0;0;0;0;0;0;0;0;3466;0;0;0;0;0;0;
36870;3732781;551792640;38387712;495190016;0;0;0;0;0;0;0;0;0;0;0;3717;0;0;0;0;0;0;
36871;5542494;551792640;38387712;495190016;0;0;0;0;0;0;0;0;0;0;0;3948;0;0;0;0;0;0;
36872;4227659;551792640;38387712;495190016;0;0;0;0;0;0;0;0;0;0;0;3396;0;0;0;0;0;0;
36873;4978828;551792640;38387712;495190016;0;0;0;0;0;0;0;0;0;0;0;3707;0;0;0;0;0;0;
36874;3835854;551792640;38387712;495190016;0;0;0;0;0;0;0;0;0;0;0;3747;0;0;0;0;0;0;
36875;5015576;551792640;38387712;495190016;0;0;0;0;0;0;0;0;0;0;0;3697;0;0;0;0;0;0;
36876;3755142;551792640;38387712;495190016;0;0;0;0;0;0;0;0;0;0;0;3988;0;0;0;0;0;0;
36877;4876585;551792640;38387712;495190016;0;0;0;0;0;0;0;0;0;0;0;3577;0;0;0;0;0;0;
36878;3883363;551792640;38387712;495190016;0;0;0;0;0;0;0;0;0;0;0;3917;0;0;0;0;0;0;
36879;4899227;551792640;38387712;495190016;0;0;0;0;0;0;0;0;0;0;0;3216;0;0;0;0;0;0;
36880;3730827;551792640;38387712;495190016;0;0;0;0;0;0;0;0;0;0;0;3717;0;0;0;0;0;0;
36881;4809991;551792640;38387712;495190016;0;0;0;0;0;0;0;0;0;0;0;3697;0;0;0;0;0;0;
36882;4122641;551792640;38387712;495190016;0;0;0;0;0;0;0;0;0;0;0;3797;0;0;0;0;0;0;
36883;4818887;551792640;38387712;495190016;0;0;0;0;0;0;0;0;0;0;0;3537;0;0;0;0;0;0;
36884;3717792;551792640;38387712;495190016;0;0;0;0;0;0;0;0;0;0;0;3717;0;0;0;0;0;0;
36885;4977465;551792640;38387712;495190016;0;0;0;0;0;0;0;0;0;0;0;3987;0;0;0;0;0;0;
36886;3737870;551792640;38387712;495190016;0;0;0;0;0;0;0;0;0;0;0;3768;0;0;0;0;0;0;
36887;4891764;551792640;38387712;495190016;0;0;0;0;0;0;0;0;0;0;0;3587;0;0;0;0;0;0;
36888;3670444;551792640;38387712;495190016;0;0;0;0;0;0;0;0;0;0;0;4649;0;0;0;0;0;0;
36889;5178121;551792640;38387712;495190016;0;0;0;0;0;0;0;0;0;0;0;4187;0;0;0;0;0;0;
36890;3975516;551792640;38387712;495190016;0;0;0;0;0;0;0;0;0;0;0;3867;0;0;0;0;0;0;
36891;5026036;551792640;38387712;495190016;0;0;0;0;0;0;0;0;0;0;0;3917;0;0;0;0;0;0;
36892;4364105;551792640;38387712;495190016;0;0;0;0;0;0;0;0;0;0;0;12704;0;0;0;0;0;0;
36893;4899889;551792640;38387712;495190016;0;0;0;0;0;0;0;0;0;0;0;4117;0;0;0;0;0;0;
36894;3787583;551792640;38387712;495190016;0;0;0;0;0;0;0;0;0;0;0;3777;0;0;0;0;0;0;
36895;4855085;551792640;38387712;495190016;0;0;0;0;0;0;0;0;0;0;0;3797;0;0;0;0;0;0;
36896;4117512;551792640;38387712;495190016;0;0;0;0;0;0;0;0;0;0;0;3707;0;0;0;0;0;0;
36897;5065670;551792640;38387712;495190016;0;0;0;0;0;0;0;0;0;0;0;3677;0;0;0;0;0;0;
36898;4096442;551792640;38387712;495190016;0;0;0;0;0;0;0;0;0;0;0;4419;0;0;0;0;0;0;
36899;4856378;551792640;38387712;495190016;0;0;0;0;0;0;0;0;0;0;0;3437;0;0;0;0;0;0;
36900;4141978;551792640;38387712;495190016;0;0;0;0;0;0;0;0;0;0;0;3937;0;0;0;0;0;0;
36901;4909988;551792640;38387712;495190016;0;0;0;0;0;0;0;0;0;0;0;3677;0;0;0;0;0;0;
36902;3604469;551792640;38387712;495190016;0;0;0;0;0;0;0;0;0;0;0;4658;0;0;0;0;0;0;
36903;4880212;551792640;38387712;495190016;0;0;0;0;0;0;0;0;0;0;0;3937;0;0;0;0;0;0;
36904;3701582;551792640;38387712;495190016;0;0;0;0;0;0;0;0;0;0;0;3937;0;0;0;0;0;0;
36905;4923534;551792640;38387712;495190016;0;0;0;0;0;0;0;0;0;0;0;3968;0;0;0;0;0;0;
36906;3887250;551792640;38387712;495190016;0;0;0;0;0;0;0;0;0;0;0;4649;0;0;0;0;0;0;
36907;4830920;551792640;38387712;495190016;0;0;0;0;0;0;0;0;0;0;0;3997;0;0;0;0;0;0;
36908;3904001;551792640;38387712;495190016;0;0;0;0;0;0;0;0;0;0;0;3277;0;0;0;0;0;0;
36909;5067453;551792640;38387712;495190016;0;0;0;0;0;0;0;0;0;0;0;4158;0;0;0;0;0;0;
36910;3772505;551792640;38387712;495190016;0;0;0;0;0;0;0;0;0;0;0;4308;0;0;0;0;0;0;
36911;4910228;551792640;38387712;495190016;0;0;0;0;0;0;0;0;0;0;0;4018;0;0;0;0;0;0;
36912;3893091;551792640;38387712;495190016;0;0;0;0;0;0;0;0;0;0;0;4078;0;0;0;0;0;0;
36913;4847852;551792640;38387712;495190016;0;0;0;0;0;0;0;0;0;0;0;4018;0;0;0;0;0;0;
36914;3766303;551792640;38387712;495190016;0;0;0;0;0;0;0;0;0;0;0;4068;0;0;0;0;0;0;
36915;5007221;551792640;38387712;495190016;0;0;0;0;0;0;0;0;0;0;0;3897;0;0;0;0;0;0;
36916;3672428;551792640;38387712;495190016;0;0;0;0;0;0;0;0;0;0;0;4308;0;0;0;0;0;0;
36917;4925017;551792640;38387712;495190016;0;0;0;0;0;0;0;0;0;0;0;4238;0;0;0;0;0;0;
36918;3638573;551792640;38387712;495190016;0;0;0;0;0;0;0;0;0;0;0;3637;0;0;0;0;0;0;
36919;4886394;551792640;38387712;495190016;0;0;0;0;0;0;0;0;0;0;0;3657;0;0;0;0;0;0;
36920;3832056;551792640;38387712;495190016;0;0;0;0;0;0;0;0;0;0;0;3727;0;0;0;0;0;0;
36921;4891884;551792640;38387712;495190016;0;0;0;0;0;0;0;0;0;0;0;3647;0;0;0;0;0;0;
36922;3966869;551792640;38387712;495190016;0;0;0;0;0;0;0;0;0;0;0;4358;0;0;0;0;0;0;
36923;5011298;551792640;38387712;495190016;0;0;0;0;0;0;0;0;0;0;0;4047;0;0;0;0;0;0;
36924;3677437;551792640;38387712;495190016;0;0;0;0;0;0;0;0;0;0;0;3807;0;0;0;0;0;0;
36925;4937630;551792640;38387712;495190016;0;0;0;0;0;0;0;0;0;0;0;3727;0;0;0;0;0;0;
36926;3784878;551792640;38387712;495190016;0;0;0;0;0;0;0;0;0;0;0;3998;0;0;0;0;0;0;
36927;4898807;551792640;38387712;495190016;0;0;0;0;0;0;0;0;0;0;0;3467;0;0;0;0;0;0;
36928;3730446;551792640;38387712;495190016;0;0;0;0;0;0;0;0;0;0;0;3757;0;0;0;0;0;0;
36929;5014033;551792640;38387712;495190016;0;0;0;0;0;0;0;0;0;0;0;3025;0;0;0;0;0;0;
36930;3937554;551792640;38387712;495190016;0;0;0;0;0;0;0;0;0;0;0;3867;0;0;0;0;0;0;
36931;4853773;551792640;38387712;495190016;0;0;0;0;0;0;0;0;0;0;0;3327;0;0;0;0;0;0;
36932;3826767;551792640;38387712;495190016;0;0;0;0;0;0;0;0;0;0;0;3837;0;0;0;0;0;0;
36933;4816633;551792640;38387712;495190016;0;0;0;0;0;0;0;0;0;0;0;3857;0;0;0;0;0;0;
36934;3776231;551792640;38387712;495190016;0;0;0;0;0;0;0;0;0;0;0;3918;0;0;0;0;0;0;
36935;4859283;551792640;38387712;495190016;0;0;0;0;0;0;0;0;0;0;0;3446;0;0;0;0;0;0;
36936;3796680;551792640;38387712;495190016;0;0;0;0;0;0;0;0;0;0;0;3546;0;0;0;0;0;0;
36937;4946497;551792640;38387712;495190016;0;0;0;0;0;0;0;0;0;0;0;3627;0;0;0;0;0;0;
36938;3743521;551792640;38387712;495190016;0;0;0;0;0;0;0;0;0;0;0;3918;0;0;0;0;0;0;
36939;4990850;551792640;38387712;495190016;0;0;0;0;0;0;0;0;0;0;0;3496;0;0;0;0;0;0;
36940;3907668;551792640;38387712;495190016;0;0;0;0;0;0;0;0;0;0;0;4498;0;0;0;0;0;0;
36941;4745580;551792640;38387712;495190016;0;0;0;0;0;0;0;0;0;0;0;3757;0;0;0;0;0;0;
36942;3808182;551792640;38387712;495190016;0;0;0;0;0;0;0;0;0;0;0;4217;0;0;0;0;0;0;
36943;4808307;551792640;38387712;495190016;0;0;0;0;0;0;0;0;0;0;0;3607;0;0;0;0;0;0;
36944;3844791;551792640;38387712;495190016;0;0;0;0;0;0;0;0;0;0;0;3597;0;0;0;0;0;0;
36945;4874532;551792640;38387712;495190016;0;0;0;0;0;0;0;0;0;0;0;3637;0;0;0;0;0;0;
36946;3942885;551792640;38387712;495190016;0;0;0;0;0;0;0;0;0;0;0;3848;0;0;0;0;0;0;
36947;4930176;551792640;38387712;495190016;0;0;0;0;0;0;0;0;0;0;0;3637;0;0;0;0;0;0;
36948;3919440;551792640;38387712;495190016;0;0;0;0;0;0;0;0;0;0;0;3907;0;0;0;0;0;0;
36949;4760618;551792640;38387712;495190016;0;0;0;0;0;0;0;0;0;0;0;3636;0;0;0;0;0;0;
36950;3718423;551792640;38387712;495190016;0;0;0;0;0;0;0;0;0;0;0;3957;0;0;0;0;0;0;
36951;4993855;551792640;38387712;495190016;0;0;0;0;0;0;0;0;0;0;0;3657;0;0;0;0;0;0;
36952;3707382;551792640;38387712;495190016;0;0;0;0;0;0;0;0;0;0;0;3908;0;0;0;0;0;0;
36953;5000388;551792640;38387712;495190016;0;0;0;0;0;0;0;0;0;0;0;3296;0;0;0;0;0;0;
36954;3948776;551792640;38387712;495190016;0;0;0;0;0;0;0;0;0;0;0;3937;0;0;0;0;0;0;
36955;5095306;551792640;38387712;495190016;0;0;0;0;0;0;0;0;0;0;0;3557;0;0;0;0;0;0;
36956;3864588;551792640;38387712;495190016;0;0;0;0;0;0;0;0;0;0;0;4819;0;0;0;0;0;0;
36957;4852350;551792640;38387712;495190016;0;0;0;0;0;0;0;0;0;0;0;3767;0;0;0;0;0;0;
36958;3661407;551792640;38387712;495190016;0;0;0;0;0;0;0;0;0;0;0;3987;0;0;0;0;0;0;
36959;4905009;551792640;38387712;495190016;0;0;0;0;0;0;0;0;0;0;0;3467;0;0;0;0;0;0;
36960;3809995;551792640;38387712;495190016;0;0;0;0;0;0;0;0;0;0;0;3958;0;0;0;0;0;0;
36961;4984037;551792640;38387712;495190016;0;0;0;0;0;0;0;0;0;0;0;4418;0;0;0;0;0;0;
36962;4077056;551792640;38387712;495190016;0;0;0;0;0;0;0;0;0;0;0;3768;0;0;0;0;0;0;
36963;5336568;551792640;38387712;495190016;0;0;0;0;0;0;0;0;0;0;0;4238;0;0;0;0;0;0;
36964;4381427;551792640;38387712;495190016;0;0;0;0;0;0;0;0;0;0;0;4739;0;0;0;0;0;0;
36965;5132074;551792640;38387712;495190016;0;0;0;0;0;0;0;0;0;0;0;3898;0;0;0;0;0;0;
36966;4588525;551792640;38387712;495190016;0;0;0;0;0;0;0;0;0;0;0;4027;0;0;0;0;0;0;
36967;10870596;551792640;38387712;495190016;0;0;0;0;0;0;0;0;0;0;0;3506;0;0;0;0;0;0;
36968;3991736;551792640;38387712;495190016;0;0;0;0;0;0;0;0;0;0;0;3627;0;0;0;0;0;0;
36969;5014544;551792640;38387712;495190016;0;0;0;0;0;0;0;0;0;0;0;3637;0;0;0;0;0;0;
36970;4207902;551792640;38387712;495190016;0;0;0;0;0;0;0;0;0;0;0;4168;0;0;0;0;0;0;
36971;4854544;551792640;38387712;495190016;0;0;0;0;0;0;0;0;0;0;0;3246;0;0;0;0;0;0;
36972;4347684;551792640;38387712;495190016;0;0;0;0;0;0;0;0;0;0;0;3797;0;0;0;0;0;0;
36973;4749878;551792640;38387712;495190016;0;0;0;0;0;0;0;0;0;0;0;3266;0;0;0;0;0;0;
36974;3634977;551792640;38387712;495190016;0;0;0;0;0;0;0;0;0;0;0;3938;0;0;0;0;0;0;
36975;4844856;551792640;38387712;495190016;0;0;0;0;0;0;0;0;0;0;0;3897;0;0;0;0;0;0;
36976;3788615;551792640;38387712;495190016;0;0;0;0;0;0;0;0;0;0;0;4097;0;0;0;0;0;0;
36977;5029112;551792640;38387712;495190016;0;0;0;0;0;0;0;0;0;0;0;3577;0;0;0;0;0;0;
36978;3733141;551792640;38387712;495190016;0;0;0;0;0;0;0;0;0;0;0;3677;0;0;0;0;0;0;
36979;4934755;551792640;38387712;495190016;0;0;0;0;0;0;0;0;0;0;0;3176;0;0;0;0;0;0;
36980;4065916;551792640;38387712;495190016;0;0;0;0;0;0;0;0;0;0;0;3186;0;0;0;0;0;0;
36981;4902054;551792640;38387712;495190016;0;0;0;0;0;0;0;0;0;0;0;3346;0;0;0;0;0;0;
36982;3822088;551792640;38387712;495190016;0;0;0;0;0;0;0;0;0;0;0;3647;0;0;0;0;0;0;
36983;4830650;551792640;38387712;495190016;0;0;0;0;0;0;0;0;0;0;0;3276;0;0;0;0;0;0;
36984;4122661;551792640;38387712;495190016;0;0;0;0;0;0;0;0;0;0;0;9538;0;0;0;0;0;0;
36985;4972175;551792640;38387712;495190016;0;0;0;0;0;0;0;0;0;0;0;3777;0;0;0;0;0;0;
36986;3950539;551792640;38387712;495190016;0;0;0;0;0;0;0;0;0;0;0;3507;0;0;0;0;0;0;
36987;4964069;551792640;38387712;495190016;0;0;0;0;0;0;0;0;0;0;0;3897;0;0;0;0;0;0;
36988;3898371;551792640;38387712;495190016;0;0;0;0;0;0;0;0;0;0;0;3256;0;0;0;0;0;0;
36989;5152944;551792640;38387712;495190016;0;0;0;0;0;0;0;0;0;0;0;3186;0;0;0;0;0;0;
36990;4014438;551792640;38387712;495190016;0;0;0;0;0;0;0;0;0;0;0;4178;0;0;0;0;0;0;
36991;4996020;551792640;38387712;495190016;0;0;0;0;0;0;0;0;0;0;0;4689;0;0;0;0;0;0;
36992;4149793;551792640;38387712;495190016;0;0;0;0;0;0;0;0;0;0;0;4168;0;0;0;0;0;0;
36993;5130832;551792640;38387712;495190016;0;0;0;0;0;0;0;0;0;0;0;3396;0;0;0;0;0;0;
36994;3895185;551792640;38387712;495190016;0;0;0;0;0;0;0;0;0;0;0;4378;0;0;0;0;0;0;
36995;4878409;551792640;38387712;495190016;0;0;0;0;0;0;0;0;0;0;0;3507;0;0;0;0;0;0;
36996;3980064;551792640;38387712;495190016;0;0;0;0;0;0;0;0;0;0;0;4388;0;0;0;0;0;0;
36997;5021087;551792640;38387712;495190016;0;0;0;0;0;0;0;0;0;0;0;3586;0;0;0;0;0;0;
36998;3958523;551792640;38387712;495190016;0;0;0;0;0;0;0;0;0;0;0;4148;0;0;0;0;0;0;
36999;4918744;551792640;38387712;495190016;0;0;0;0;0;0;0;0;0;0;0;3537;0;0;0;0;0;0;
37000;4606149;551792640;38387712;495190016;0;0;0;0;0;0;0;0;0;0;0;3908;0;0;0;0;0;0;
37001;5066782;551792640;38387712;495190016;0;0;0;0;0;0;0;0;0;0;0;3797;0;0;0;0;0;0;
37002;4138621;551792640;38387712;495190016;0;0;0;0;0;0;0;0;0;0;0;3486;0;0;0;0;0;0;
37003;4758624;551792640;38387712;495190016;0;0;0;0;0;0;0;0;0;0;0;2855;0;0;0;0;0;0;
37004;4040007;551792640;38387712;495190016;0;0;0;0;0;0;0;0;0;0;0;3807;0;0;0;0;0;0;
37005;4954411;551792640;38387712;495190016;0;0;0;0;0;0;0;0;0;0;0;3226;0;0;0;0;0;0;
37006;4252085;551792640;38387712;495190016;0;0;0;0;0;0;0;0;0;0;0;3206;0;0;0;0;0;0;
37007;5049711;551792640;38387712;495190016;0;0;0;0;0;0;0;0;0;0;0;9969;0;0;0;0;0;0;
37008;4244961;551792640;38387712;495190016;0;0;0;0;0;0;0;0;0;0;0;4709;0;0;0;0;0;0;
37009;4808387;551792640;38387712;495190016;0;0;0;0;0;0;0;0;0;0;0;4729;0;0;0;0;0;0;
37010;4062038;551792640;38387712;495190016;0;0;0;0;0;0;0;0;0;0;0;4358;0;0;0;0;0;0;
37011;5102870;551792640;38387712;495190016;0;0;0;0;0;0;0;0;0;0;0;3587;0;0;0;0;0;0;
37012;4085192;551792640;38387712;495190016;0;0;0;0;0;0;0;0;0;0;0;4318;0;0;0;0;0;0;
37013;4738597;551792640;38387712;495190016;0;0;0;0;0;0;0;0;0;0;0;2946;0;0;0;0;0;0;
37014;4194637;551792640;38387712;495190016;0;0;0;0;0;0;0;0;0;0;0;3927;0;0;0;0;0;0;
37015;4818527;551792640;38387712;495190016;0;0;0;0;0;0;0;0;0;0;0;4047;0;0;0;0;0;0;
37016;4010231;551792640;38387712;495190016;0;0;0;0;0;0;0;0;0;0;0;3667;0;0;0;0;0;0;
37017;4941648;551792640;38387712;495190016;0;0;0;0;0;0;0;0;0;0;0;3597;0;0;0;0;0;0;
37018;3824162;551792640;38387712;495190016;0;0;0;0;0;0;0;0;0;0;0;3787;0;0;0;0;0;0;
37019;4997632;551792640;38387712;495190016;0;0;0;0;0;0;0;0;0;0;0;3787;0;0;0;0;0;0;
37020;3735395;551792640;38387712;495190016;0;0;0;0;0;0;0;0;0;0;0;3968;0;0;0;0;0;0;
37021;5098041;551792640;38387712;495190016;0;0;0;0;0;0;0;0;0;0;0;4338;0;0;0;0;0;0;
37022;4076896;551792640;38387712;495190016;0;0;0;0;0;0;0;0;0;0;0;3426;0;0;0;0;0;0;
37023;5074877;551792640;38387712;495190016;0;0;0;0;0;0;0;0;0;0;0;3617;0;0;0;0;0;0;
37024;3861361;551792640;38387712;495190016;0;0;0;0;0;0;0;0;0;0;0;3336;0;0;0;0;0;0;
37025;4960463;551792640;38387712;495190016;0;0;0;0;0;0;0;0;0;0;0;3176;0;0;0;0;0;0;
37026;4117302;551792640;38387712;495190016;0;0;0;0;0;0;0;0;0;0;0;4328;0;0;0;0;0;0;
37027;5056633;551792640;38387712;495190016;0;0;0;0;0;0;0;0;0;0;0;4529;0;0;0;0;0;0;
37028;4023977;551792640;38387712;495190016;0;0;0;0;0;0;0;0;0;0;0;4228;0;0;0;0;0;0;
37029;4983266;551792640;38387712;495190016;0;0;0;0;0;0;0;0;0;0;0;4117;0;0;0;0;0;0;
37030;3889475;551792640;38387712;495190016;0;0;0;0;0;0;0;0;0;0;0;3987;0;0;0;0;0;0;
37031;4874571;551792640;38387712;495190016;0;0;0;0;0;0;0;0;0;0;0;3126;0;0;0;0;0;0;
37032;4202992;551792640;38387712;495190016;0;0;0;0;0;0;0;0;0;0;0;3917;0;0;0;0;0;0;
37033;5005687;551792640;38387712;495190016;0;0;0;0;0;0;0;0;0;0;0;3957;0;0;0;0;0;0;
37034;3876620;551792640;38387712;495190016;0;0;0;0;0;0;0;0;0;0;0;4288;0;0;0;0;0;0;
37035;4979058;551792640;38387712;495190016;0;0;0;0;0;0;0;0;0;0;0;4007;0;0;0;0;0;0;
37036;3776011;551792640;38387712;495190016;0;0;0;0;0;0;0;0;0;0;0;4167;0;0;0;0;0;0;
37037;4931238;551792640;38387712;495190016;0;0;0;0;0;0;0;0;0;0;0;3537;0;0;0;0;0;0;
37038;3771714;551792640;38387712;495190016;0;0;0;0;0;0;0;0;0;0;0;3656;0;0;0;0;0;0;
37039;4862338;551792640;38387712;495190016;0;0;0;0;0;0;0;0;0;0;0;4348;0;0;0;0;0;0;
37040;4111009;551792640;38387712;495190016;0;0;0;0;0;0;0;0;0;0;0;5380;0;0;0;0;0;0;
37041;4858712;551792640;38387712;495190016;0;0;0;0;0;0;0;0;0;0;0;3968;0;0;0;0;0;0;
37042;3947433;551792640;38387712;495190016;0;0;0;0;0;0;0;0;0;0;0;4699;0;0;0;0;0;0;
37043;4852130;551792640;38387712;495190016;0;0;0;0;0;0;0;0;0;0;0;3757;0;0;0;0;0;0;
37044;3916054;551792640;38387712;495190016;0;0;0;0;0;0;0;0;0;0;0;4248;0;0;0;0;0;0;
37045;5076430;551792640;38387712;495190016;0;0;0;0;0;0;0;0;0;0;0;3406;0;0;0;0;0;0;
37046;4166875;551792640;38387712;495190016;0;0;0;0;0;0;0;0;0;0;0;4839;0;0;0;0;0;0;
37047;4811824;551792640;38387712;495190016;0;0;0;0;0;0;0;0;0;0;0;3857;0;0;0;0;0;0;
37048;3769990;551792640;38387712;495190016;0;0;0;0;0;0;0;0;0;0;0;3657;0;0;0;0;0;0;
37049;4866547;551792640;38387712;495190016;0;0;0;0;0;0;0;0;0;0;0;3887;0;0;0;0;0;0;
37050;3914652;551792640;38387712;495190016;0;0;0;0;0;0;0;0;0;0;0;3917;0;0;0;0;0;0;
37051;5093121;551792640;38395904;495198208;0;0;0;0;0;0;0;0;0;0;0;3357;0;0;0;0;0;0;
37052;3746406;551792640;38395904;495198208;0;0;0;0;0;0;0;0;0;0;0;3656;0;0;0;0;0;0;
37053;4823095;551792640;38395904;495198208;0;0;0;0;0;0;0;0;0;0;0;3296;0;0;0;0;0;0;
37054;3746235;551792640;38395904;495198208;0;0;0;0;0;0;0;0;0;0;0;3757;0;0;0;0;0;0;
37055;5142403;551792640;38395904;495198208;0;0;0;0;0;0;0;0;0;0;0;3436;0;0;0;0;0;0;
37056;3795558;551792640;38395904;495198208;0;0;0;0;0;0;0;0;0;0;0;5059;0;0;0;0;0;0;
37057;4935235;551792640;38395904;495198208;0;0;0;0;0;0;0;0;0;0;0;3486;0;0;0;0;0;0;
37058;3857465;551829504;38387712;495190016;0;0;0;0;0;0;0;0;0;0;0;3847;0;0;0;0;0;0;
37059;5036104;551829504;38387712;495190016;0;0;0;0;0;0;0;0;0;0;0;3406;0;0;0;0;0;0;
37060;3950158;551829504;38387712;495190016;0;0;0;0;0;0;0;0;0;0;0;3496;0;0;0;0;0;0;
37061;4828495;551829504;38387712;495190016;0;0;0;0;0;0;0;0;0;0;0;3327;0;0;0;0;0;0;
37062;3682155;551829504;38387712;495190016;0;0;0;0;0;0;0;0;0;0;0;3787;0;0;0;0;0;0;
37063;4791095;551829504;38387712;495190016;0;0;0;0;0;0;0;0;0;0;0;4298;0;0;0;0;0;0;
37064;3914511;551829504;38387712;495190016;0;0;0;0;0;0;0;0;0;0;0;3837;0;0;0;0;0;0;
37065;4793791;551829504;38387712;495190016;0;0;0;0;0;0;0;0;0;0;0;3236;0;0;0;0;0;0;
37066;3725407;551829504;38387712;495190016;0;0;0;0;0;0;0;0;0;0;0;5150;0;0;0;0;0;0;
37067;4844405;551829504;38387712;495190016;0;0;0;0;0;0;0;0;0;0;0;3857;0;0;0;0;0;0;
37068;3845803;551829504;38387712;495190016;0;0;0;0;0;0;0;0;0;0;0;3967;0;0;0;0;0;0;
37069;5207055;551829504;38387712;495190016;0;0;0;0;0;0;0;0;0;0;0;3947;0;0;0;0;0;0;
37070;3793885;551829504;38387712;495190016;0;0;0;0;0;0;0;0;0;0;0;3857;0;0;0;0;0;0;
37071;4841880;551829504;38387712;495190016;0;0;0;0;0;0;0;0;0;0;0;3787;0;0;0;0;0;0;
37072;3922186;551829504;38387712;495190016;0;0;0;0;0;0;0;0;0;0;0;3607;0;0;0;0;0;0;
37073;5189483;551829504;38387712;495190016;0;0;0;0;0;0;0;0;0;0;0;3958;0;0;0;0;0;0;
37074;3937014;551829504;38387712;495190016;0;0;0;0;0;0;0;0;0;0;0;3757;0;0;0;0;0;0;
37075;4897405;551829504;38387712;495190016;0;0;0;0;0;0;0;0;0;0;0;3346;0;0;0;0;0;0;
37076;3881329;551829504;38387712;495190016;0;0;0;0;0;0;0;0;0;0;0;3447;0;0;0;0;0;0;
37077;4803508;551829504;38387712;495190016;0;0;0;0;0;0;0;0;0;0;0;3567;0;0;0;0;0;0;
37078;3836976;551829504;38387712;495190016;0;0;0;0;0;0;0;0;0;0;0;4638;0;0;0;0;0;0;
37079;4882376;551829504;38387712;495190016;0;0;0;0;0;0;0;0;0;0;0;3747;0;0;0;0;0;0;
37080;4330631;551829504;38387712;495190016;0;0;0;0;0;0;0;0;0;0;0;4168;0;0;0;0;0;0;
37081;5214720;551829504;38387712;495190016;0;0;0;0;0;0;0;0;0;0;0;4559;0;0;0;0;0;0;
37082;4380065;551829504;38387712;495190016;0;0;0;0;0;0;0;0;0;0;0;4077;0;0;0;0;0;0;
37083;5450552;551829504;38387712;495190016;0;0;0;0;0;0;0;0;0;0;0;4890;0;0;0;0;0;0;
37084;4576192;551829504;38387712;495190016;0;0;0;0;0;0;0;0;0;0;0;4538;0;0;0;0;0;0;
37085;5520403;551829504;38387712;495190016;0;0;0;0;0;0;0;0;0;0;0;4709;0;0;0;0;0;0;
37086;4635553;551829504;38387712;495190016;0;0;0;0;0;0;0;0;0;0;0;4429;0;0;0;0;0;0;
37087;5310348;551829504;38387712;495190016;0;0;0;0;0;0;0;0;0;0;0;4278;0;0;0;0;0;0;
37088;4365838;551829504;38387712;495190016;0;0;0;0;0;0;0;0;0;0;0;3847;0;0;0;0;0;0;
37089;5576588;551829504;38387712;495190016;0;0;0;0;0;0;0;0;0;0;0;4509;0;0;0;0;0;0;
37090;4592202;551829504;38387712;495190016;0;0;0;0;0;0;0;0;0;0;0;4478;0;0;0;0;0;0;
37091;5623656;551829504;38387712;495190016;0;0;0;0;0;0;0;0;0;0;0;4098;0;0;0;0;0;0;
37092;4522351;551829504;38387712;495190016;0;0;0;0;0;0;0;0;0;0;0;4388;0;0;0;0;0;0;
37093;5381823;551829504;38387712;495190016;0;0;0;0;0;0;0;0;0;0;0;4498;0;0;0;0;0;0;
37094;4847801;551829504;38387712;495190016;0;0;0;0;0;0;0;0;0;0;0;5070;0;0;0;0;0;0;
37095;5254704;551829504;38387712;495190016;0;0;0;0;0;0;0;0;0;0;0;4138;0;0;0;0;0;0;
37096;4566524;551829504;38387712;495190016;0;0;0;0;0;0;0;0;0;0;0;4178;0;0;0;0;0;0;
37097;5359852;551829504;38387712;495190016;0;0;0;0;0;0;0;0;0;0;0;4469;0;0;0;0;0;0;
37098;4416963;551829504;38387712;495190016;0;0;0;0;0;0;0;0;0;0;0;4288;0;0;0;0;0;0;
37099;5706542;551829504;38387712;495190016;0;0;0;0;0;0;0;0;0;0;0;5471;0;0;0;0;0;0;
37100;4433845;551829504;38387712;495190016;0;0;0;0;0;0;0;0;0;0;0;3928;0;0;0;0;0;0;
37101;5367195;551829504;38387712;495190016;0;0;0;0;0;0;0;0;0;0;0;4799;0;0;0;0;0;0;
37102;4603924;551829504;38387712;495190016;0;0;0;0;0;0;0;0;0;0;0;4058;0;0;0;0;0;0;
37103;5526595;551829504;38387712;495190016;0;0;0;0;0;0;0;0;0;0;0;5180;0;0;0;0;0;0;
37104;4525457;551829504;38387712;495190016;0;0;0;0;0;0;0;0;0;0;0;4298;0;0;0;0;0;0;
37105;5661377;551829504;38387712;495190016;0;0;0;0;0;0;0;0;0;0;0;4398;0;0;0;0;0;0;
37106;4474541;551829504;38387712;495190016;0;0;0;0;0;0;0;0;0;0;0;4299;0;0;0;0;0;0;
37107;5565938;551829504;38387712;495190016;0;0;0;0;0;0;0;0;0;0;0;4479;0;0;0;0;0;0;
37108;4671020;551829504;38387712;495190016;0;0;0;0;0;0;0;0;0;0;0;4138;0;0;0;0;0;0;
37109;5227454;551829504;38387712;495190016;0;0;0;0;0;0;0;0;0;0;0;4018;0;0;0;0;0;0;
37110;4525988;551829504;38387712;495190016;0;0;0;0;0;0;0;0;0;0;0;4238;0;0;0;0;0;0;
37111;5504142;551829504;38387712;495190016;0;0;0;0;0;0;0;0;0;0;0;4999;0;0;0;0;0;0;
37112;4305544;551829504;38387712;495190016;0;0;0;0;0;0;0;0;0;0;0;5170;0;0;0;0;0;0;
37113;5281094;551829504;38387712;495190016;0;0;0;0;0;0;0;0;0;0;0;4088;0;0;0;0;0;0;
37114;4721555;551829504;38387712;495190016;0;0;0;0;0;0;0;0;0;0;0;3807;0;0;0;0;0;0;
37115;5143225;551829504;38387712;495190016;0;0;0;0;0;0;0;0;0;0;0;4459;0;0;0;0;0;0;
37116;4394311;551829504;38387712;495190016;0;0;0;0;0;0;0;0;0;0;0;4348;0;0;0;0;0;0;
37117;4966815;551829504;38387712;495190016;0;0;0;0;0;0;0;0;0;0;0;4559;0;0;0;0;0;0;
37118;4256873;551829504;38387712;495190016;0;0;0;0;0;0;0;0;0;0;0;4308;0;0;0;0;0;0;
37119;5362878;551829504;38387712;495190016;0;0;0;0;0;0;0;0;0;0;0;5580;0;0;0;0;0;0;
37120;4587544;551829504;38387712;495190016;0;0;0;0;0;0;0;0;0;0;0;4258;0;0;0;0;0;0;
37121;5541672;551829504;38387712;495190016;0;0;0;0;0;0;0;0;0;0;0;4699;0;0;0;0;0;0;
37122;5084676;551829504;38387712;495190016;0;0;0;0;0;0;0;0;0;0;0;4128;0;0;0;0;0;0;
37123;5455221;551829504;38387712;495190016;0;0;0;0;0;0;0;0;0;0;0;4508;0;0;0;0;0;0;
37124;5426136;551829504;38387712;495190016;0;0;0;0;0;0;0;0;0;0;0;4608;0;0;0;0;0;0;
37125;5041014;551829504;38387712;495190016;0;0;0;0;0;0;0;0;0;0;0;4679;0;0;0;0;0;0;
37126;4906291;551829504;38387712;495190016;0;0;0;0;0;0;0;0;0;0;0;3406;0;0;0;0;0;0;
37127;5167811;551829504;38387712;495190016;0;0;0;0;0;0;0;0;0;0;0;4438;0;0;0;0;0;0;
37128;4794241;551829504;38387712;495190016;0;0;0;0;0;0;0;0;0;0;0;3988;0;0;0;0;0;0;
37129;5256949;551829504;38387712;495190016;0;0;0;0;0;0;0;0;0;0;0;3687;0;0;0;0;0;0;
37130;4140125;551829504;38387712;495190016;0;0;0;0;0;0;0;0;0;0;0;2976;0;0;0;0;0;0;
37131;4673915;551829504;38387712;495190016;0;0;0;0;0;0;0;0;0;0;0;2705;0;0;0;0;0;0;
37132;3873896;551829504;38387712;495190016;0;0;0;0;0;0;0;0;0;0;0;3938;0;0;0;0;0;0;
37133;4822895;551829504;38387712;495190016;0;0;0;0;0;0;0;0;0;0;0;2896;0;0;0;0;0;0;
37134;3823871;551829504;38387712;495190016;0;0;0;0;0;0;0;0;0;0;0;3657;0;0;0;0;0;0;
37135;5398364;551829504;38387712;495190016;0;0;0;0;0;0;0;0;0;0;0;4308;0;0;0;0;0;0;
37136;3448527;551829504;38387712;495190016;0;0;0;0;0;0;0;0;0;0;0;3536;0;0;0;0;0;0;
37137;4948921;551829504;38387712;495190016;0;0;0;0;0;0;0;0;0;0;0;3606;0;0;0;0;0;0;
37138;3419744;551829504;38387712;495190016;0;0;0;0;0;0;0;0;0;0;0;3316;0;0;0;0;0;0;
37139;5415306;551829504;38387712;495190016;0;0;0;0;0;0;0;0;0;0;0;4368;0;0;0;0;0;0;
37140;3492961;551829504;38387712;495190016;0;0;0;0;0;0;0;0;0;0;0;4098;0;0;0;0;0;0;
37141;4818206;551829504;38387712;495190016;0;0;0;0;0;0;0;0;0;0;0;2895;0;0;0;0;0;0;
37142;3647541;551829504;38387712;495190016;0;0;0;0;0;0;0;0;0;0;0;3226;0;0;0;0;0;0;
37143;4814800;551829504;38387712;495190016;0;0;0;0;0;0;0;0;0;0;0;3707;0;0;0;0;0;0;
37144;4345690;551829504;38387712;495190016;0;0;0;0;0;0;0;0;0;0;0;3977;0;0;0;0;0;0;
37145;4939914;551829504;38387712;495190016;0;0;0;0;0;0;0;0;0;0;0;3908;0;0;0;0;0;0;
37146;4835769;551829504;38387712;495190016;0;0;0;0;0;0;0;0;0;0;0;3928;0;0;0;0;0;0;
37147;4955072;551829504;38387712;495190016;0;0;0;0;0;0;0;0;0;0;0;3918;0;0;0;0;0;0;
37148;4471976;551829504;38387712;495190016;0;0;0;0;0;0;0;0;0;0;0;3717;0;0;0;0;0;0;
37149;5113309;551829504;38387712;495190016;0;0;0;0;0;0;0;0;0;0;0;3837;0;0;0;0;0;0;
37150;4839226;551829504;38387712;495190016;0;0;0;0;0;0;0;0;0;0;0;3967;0;0;0;0;0;0;
37151;5248383;551829504;38387712;495190016;0;0;0;0;0;0;0;0;0;0;0;4639;0;0;0;0;0;0;
37152;4727336;551829504;38387712;495190016;0;0;0;0;0;0;0;0;0;0;0;4218;0;0;0;0;0;0;
37153;5411018;551829504;38387712;495190016;0;0;0;0;0;0;0;0;0;0;0;5050;0;0;0;0;0;0;
37154;3968051;551829504;38387712;495190016;0;0;0;0;0;0;0;0;0;0;0;4158;0;0;0;0;0;0;
37155;4847912;551829504;38387712;495190016;0;0;0;0;0;0;0;0;0;0;0;3937;0;0;0;0;0;0;
37156;3879065;551829504;38387712;495190016;0;0;0;0;0;0;0;0;0;0;0;3717;0;0;0;0;0;0;
37157;5047556;551829504;38395904;495198208;0;0;0;0;0;0;0;0;0;0;0;3707;0;0;0;0;0;0;
37158;3640588;551829504;38395904;495198208;0;0;0;0;0;0;0;0;0;0;0;3115;0;0;0;0;0;0;
37159;4749427;551829504;38395904;495198208;0;0;0;0;0;0;0;0;0;0;0;2464;0;0;0;0;0;0;
37160;3766133;551829504;38395904;495198208;0;0;0;0;0;0;0;0;0;0;0;3507;0;0;0;0;0;0;
37161;4877437;551829504;38395904;495198208;0;0;0;0;0;0;0;0;0;0;0;2726;0;0;0;0;0;0;
37162;3679581;551829504;38395904;495198208;0;0;0;0;0;0;0;0;0;0;0;3356;0;0;0;0;0;0;
37163;5050662;551829504;38395904;495198208;0;0;0;0;0;0;0;0;0;0;0;3216;0;0;0;0;0;0;
37164;3707513;551845888;38387712;495190016;0;0;0;0;0;0;0;0;0;0;0;4038;0;0;0;0;0;0;
37165;5197988;551845888;38387712;495190016;0;0;0;0;0;0;0;0;0;0;0;4638;0;0;0;0;0;0;
37166;3645166;551845888;38387712;495190016;0;0;0;0;0;0;0;0;0;0;0;4489;0;0;0;0;0;0;
37167;5094014;551845888;38387712;495190016;0;0;0;0;0;0;0;0;0;0;0;2895;0;0;0;0;0;0;
37168;3471019;551845888;38387712;495190016;0;0;0;0;0;0;0;0;0;0;0;3517;0;0;0;0;0;0;
37169;5191166;551845888;38387712;495190016;0;0;0;0;0;0;0;0;0;0;0;4067;0;0;0;0;0;0;
37170;3951361;551845888;38387712;495190016;0;0;0;0;0;0;0;0;0;0;0;3657;0;0;0;0;0;0;
37171;5042406;551845888;38387712;495190016;0;0;0;0;0;0;0;0;0;0;0;3496;0;0;0;0;0;0;
37172;3846855;551845888;38387712;495190016;0;0;0;0;0;0;0;0;0;0;0;3446;0;0;0;0;0;0;
37173;4939875;551845888;38387712;495190016;0;0;0;0;0;0;0;0;0;0;0;2936;0;0;0;0;0;0;
37174;3831937;551845888;38387712;495190016;0;0;0;0;0;0;0;0;0;0;0;3296;0;0;0;0;0;0;
37175;4906962;551845888;38387712;495190016;0;0;0;0;0;0;0;0;0;0;0;3206;0;0;0;0;0;0;
37176;3761925;551845888;38387712;495190016;0;0;0;0;0;0;0;0;0;0;0;3196;0;0;0;0;0;0;
37177;4908556;551845888;38387712;495190016;0;0;0;0;0;0;0;0;0;0;0;2866;0;0;0;0;0;0;
37178;4605057;551845888;38387712;495190016;0;0;0;0;0;0;0;0;0;0;0;4649;0;0;0;0;0;0;
37179;5060120;551845888;38387712;495190016;0;0;0;0;0;0;0;0;0;0;0;9257;0;0;0;0;0;0;
37180;5584884;551845888;38387712;495190016;0;0;0;0;0;0;0;0;0;0;0;4218;0;0;0;0;0;0;
37181;5232312;551845888;38387712;495190016;0;0;0;0;0;0;0;0;0;0;0;3737;0;0;0;0;0;0;
37182;11534041;551845888;38387712;495190016;0;0;0;0;0;0;0;0;0;0;0;5300;0;0;0;0;0;0;
37183;5804125;551845888;38387712;495190016;0;0;0;0;0;0;0;0;0;0;0;5941;0;0;0;0;0;0;
37184;4890933;551845888;38387712;495190016;0;0;0;0;0;0;0;0;0;0;0;3516;0;0;0;0;0;0;
37185;5559356;551845888;38387712;495190016;0;0;0;0;0;0;0;0;0;0;0;5220;0;0;0;0;0;0;
37186;4724941;551845888;38387712;495190016;0;0;0;0;0;0;0;0;0;0;0;3868;0;0;0;0;0;0;
37187;5790119;551845888;38387712;495190016;0;0;0;0;0;0;0;0;0;0;0;4127;0;0;0;0;0;0;
37188;4806604;551845888;38387712;495190016;0;0;0;0;0;0;0;0;0;0;0;4759;0;0;0;0;0;0;
37189;5439812;551845888;38387712;495190016;0;0;0;0;0;0;0;0;0;0;0;5350;0;0;0;0;0;0;
37190;5320137;551845888;38387712;495190016;0;0;0;0;0;0;0;0;0;0;0;5510;0;0;0;0;0;0;
37191;5563184;551845888;38387712;495190016;0;0;0;0;0;0;0;0;0;0;0;4779;0;0;0;0;0;0;
37192;6220455;551845888;38387712;495190016;0;0;0;0;0;0;0;0;0;0;0;5310;0;0;0;0;0;0;
37193;5782564;551845888;38387712;495190016;0;0;0;0;0;0;0;0;0;0;0;6443;0;0;0;0;0;0;
37194;6848303;551845888;38387712;495190016;0;0;0;0;0;0;0;0;0;0;0;5330;0;0;0;0;0;0;
37195;6090793;551845888;38387712;495190016;0;0;0;0;0;0;0;0;0;0;0;5370;0;0;0;0;0;0;
37196;4987162;551845888;38387712;495190016;0;0;0;0;0;0;0;0;0;0;0;4188;0;0;0;0;0;0;
37197;5405217;551845888;38387712;495190016;0;0;0;0;0;0;0;0;0;0;0;4930;0;0;0;0;0;0;
37198;5070930;551845888;38387712;495190016;0;0;0;0;0;0;0;0;0;0;0;4919;0;0;0;0;0;0;
37199;5452516;551845888;38387712;495190016;0;0;0;0;0;0;0;0;0;0;0;4940;0;0;0;0;0;0;
37200;4602832;551845888;38387712;495190016;0;0;0;0;0;0;0;0;0;0;0;4198;0;0;0;0;0;0;
37201;5513280;551845888;38387712;495190016;0;0;0;0;0;0;0;0;0;0;0;4479;0;0;0;0;0;0;
37202;4958118;551845888;38387712;495190016;0;0;0;0;0;0;0;0;0;0;0;5320;0;0;0;0;0;0;
37203;5093512;551845888;38387712;495190016;0;0;0;0;0;0;0;0;0;0;0;4088;0;0;0;0;0;0;
37204;5033730;551845888;38387712;495190016;0;0;0;0;0;0;0;0;0;0;0;4288;0;0;0;0;0;0;
37205;5144137;551845888;38387712;495190016;0;0;0;0;0;0;0;0;0;0;0;3887;0;0;0;0;0;0;
37206;5001860;551845888;38387712;495190016;0;0;0;0;0;0;0;0;0;0;0;4508;0;0;0;0;0;0;
37207;5161620;551845888;38387712;495190016;0;0;0;0;0;0;0;0;0;0;0;4308;0;0;0;0;0;0;
37208;5164044;551845888;38387712;495190016;0;0;0;0;0;0;0;0;0;0;0;4708;0;0;0;0;0;0;
37209;5150940;551845888;38387712;495190016;0;0;0;0;0;0;0;0;0;0;0;4208;0;0;0;0;0;0;
37210;5355213;551845888;38387712;495190016;0;0;0;0;0;0;0;0;0;0;0;4859;0;0;0;0;0;0;
37211;5311581;551845888;38387712;495190016;0;0;0;0;0;0;0;0;0;0;0;3928;0;0;0;0;0;0;
37212;6727236;551845888;38387712;495190016;0;0;0;0;0;0;0;0;0;0;0;4919;0;0;0;0;0;0;
37213;5383306;551845888;38387712;495190016;0;0;0;0;0;0;0;0;0;0;0;5390;0;0;0;0;0;0;
37214;6347364;551845888;38387712;495190016;0;0;0;0;0;0;0;0;0;0;0;4518;0;0;0;0;0;0;
37215;5239405;551845888;38387712;495190016;0;0;0;0;0;0;0;0;0;0;0;13736;0;0;0;0;0;0;
37216;5891959;551845888;38387712;495190016;0;0;0;0;0;0;0;0;0;0;0;14217;0;0;0;0;0;0;
37217;5365673;551845888;38387712;495190016;0;0;0;0;0;0;0;0;0;0;0;4338;0;0;0;0;0;0;
37218;6207221;551845888;38387712;495190016;0;0;0;0;0;0;0;0;0;0;0;4709;0;0;0;0;0;0;
37219;5090877;551845888;38387712;495190016;0;0;0;0;0;0;0;0;0;0;0;3817;0;0;0;0;0;0;
37220;4768693;551845888;38387712;495190016;0;0;0;0;0;0;0;0;0;0;0;4428;0;0;0;0;0;0;
37221;5303065;551845888;38387712;495190016;0;0;0;0;0;0;0;0;0;0;0;4699;0;0;0;0;0;0;
37222;4895982;551845888;38387712;495190016;0;0;0;0;0;0;0;0;0;0;0;4208;0;0;0;0;0;0;
37223;4904769;551845888;38387712;495190016;0;0;0;0;0;0;0;0;0;0;0;4008;0;0;0;0;0;0;
37224;4606979;551845888;38387712;495190016;0;0;0;0;0;0;0;0;0;0;0;3867;0;0;0;0;0;0;
37225;4898797;551845888;38387712;495190016;0;0;0;0;0;0;0;0;0;0;0;3356;0;0;0;0;0;0;
37226;4471506;551845888;38387712;495190016;0;0;0;0;0;0;0;0;0;0;0;4418;0;0;0;0;0;0;
37227;4948300;551845888;38387712;495190016;0;0;0;0;0;0;0;0;0;0;0;3286;0;0;0;0;0;0;
37228;3703406;551845888;38387712;495190016;0;0;0;0;0;0;0;0;0;0;0;4318;0;0;0;0;0;0;
37229;4807776;551845888;38387712;495190016;0;0;0;0;0;0;0;0;0;0;0;2565;0;0;0;0;0;0;
37230;4871937;551845888;38387712;495190016;0;0;0;0;0;0;0;0;0;0;0;4118;0;0;0;0;0;0;
37231;5079726;551845888;38387712;495190016;0;0;0;0;0;0;0;0;0;0;0;3897;0;0;0;0;0;0;
37232;4645672;551845888;38387712;495190016;0;0;0;0;0;0;0;0;0;0;0;4699;0;0;0;0;0;0;
37233;5219328;551845888;38387712;495190016;0;0;0;0;0;0;0;0;0;0;0;4198;0;0;0;0;0;0;
37234;4905580;551845888;38387712;495190016;0;0;0;0;0;0;0;0;0;0;0;4930;0;0;0;0;0;0;
37235;5113520;551845888;38387712;495190016;0;0;0;0;0;0;0;0;0;0;0;4248;0;0;0;0;0;0;
37236;4674105;551845888;38387712;495190016;0;0;0;0;0;0;0;0;0;0;0;4728;0;0;0;0;0;0;
37237;5443408;551845888;38387712;495190016;0;0;0;0;0;0;0;0;0;0;0;5150;0;0;0;0;0;0;
37238;4692731;551845888;38387712;495190016;0;0;0;0;0;0;0;0;0;0;0;4538;0;0;0;0;0;0;
37239;5678710;551845888;38387712;495190016;0;0;0;0;0;0;0;0;0;0;0;4839;0;0;0;0;0;0;
37240;4804129;551845888;38387712;495190016;0;0;0;0;0;0;0;0;0;0;0;6522;0;0;0;0;0;0;
37241;5906948;551845888;38387712;495190016;0;0;0;0;0;0;0;0;0;0;0;5280;0;0;0;0;0;0;
37242;5016137;551845888;38387712;495190016;0;0;0;0;0;0;0;0;0;0;0;5491;0;0;0;0;0;0;
37243;5186396;551845888;38387712;495190016;0;0;0;0;0;0;0;0;0;0;0;4308;0;0;0;0;0;0;
37244;5003814;551845888;38387712;495190016;0;0;0;0;0;0;0;0;0;0;0;4399;0;0;0;0;0;0;
37245;5173182;551845888;38387712;495190016;0;0;0;0;0;0;0;0;0;0;0;4509;0;0;0;0;0;0;
37246;4822173;551845888;38387712;495190016;0;0;0;0;0;0;0;0;0;0;0;5190;0;0;0;0;0;0;
37247;5358169;551845888;38387712;495190016;0;0;0;0;0;0;0;0;0;0;0;6453;0;0;0;0;0;0;
37248;4621376;551845888;38387712;495190016;0;0;0;0;0;0;0;0;0;0;0;5019;0;0;0;0;0;0;
37249;5440773;551845888;38387712;495190016;0;0;0;0;0;0;0;0;0;0;0;4819;0;0;0;0;0;0;
37250;4815301;551845888;38387712;495190016;0;0;0;0;0;0;0;0;0;0;0;5500;0;0;0;0;0;0;
37251;5644095;551845888;38387712;495190016;0;0;0;0;0;0;0;0;0;0;0;4408;0;0;0;0;0;0;
37252;4615176;551845888;38387712;495190016;0;0;0;0;0;0;0;0;0;0;0;5240;0;0;0;0;0;0;
37253;5403163;551845888;38387712;495190016;0;0;0;0;0;0;0;0;0;0;0;4218;0;0;0;0;0;0;
37254;4972345;551845888;38387712;495190016;0;0;0;0;0;0;0;0;0;0;0;4539;0;0;0;0;0;0;
37255;5498342;551845888;38395904;495198208;0;0;0;0;0;0;0;0;0;0;0;5360;0;0;0;0;0;0;
37256;4706226;551845888;38395904;495198208;0;0;0;0;0;0;0;0;0;0;0;4839;0;0;0;0;0;0;
37257;5164235;551845888;38395904;495198208;0;0;0;0;0;0;0;0;0;0;0;4689;0;0;0;0;0;0;
37258;4748725;551845888;38395904;495198208;0;0;0;0;0;0;0;0;0;0;0;4428;0;0;0;0;0;0;
37259;5464609;551845888;38395904;495198208;0;0;0;0;0;0;0;0;0;0;0;5430;0;0;0;0;0;0;
37260;4824859;551845888;38395904;495198208;0;0;0;0;0;0;0;0;0;0;0;5119;0;0;0;0;0;0;
37261;5791402;551845888;38395904;495198208;0;0;0;0;0;0;0;0;0;0;0;4218;0;0;0;0;0;0;
37262;5099263;551866368;38387712;495190016;0;0;0;0;0;0;0;0;0;0;0;5120;0;0;0;0;0;0;
37263;5252751;551866368;38387712;495190016;0;0;0;0;0;0;0;0;0;0;0;4709;0;0;0;0;0;0;
37264;5152984;551866368;38387712;495190016;0;0;0;0;0;0;0;0;0;0;0;4368;0;0;0;0;0;0;
37265;4964220;551866368;38387712;495190016;0;0;0;0;0;0;0;0;0;0;0;4308;0;0;0;0;0;0;
37266;4823045;551866368;38387712;495190016;0;0;0;0;0;0;0;0;0;0;0;5170;0;0;0;0;0;0;
37267;5363749;551866368;38387712;495190016;0;0;0;0;0;0;0;0;0;0;0;4208;0;0;0;0;0;0;
37268;4569359;551866368;38387712;495190016;0;0;0;0;0;0;0;0;0;0;0;5149;0;0;0;0;0;0;
37269;5613738;551866368;38387712;495190016;0;0;0;0;0;0;0;0;0;0;0;4579;0;0;0;0;0;0;
37270;5254795;551866368;38387712;495190016;0;0;0;0;0;0;0;0;0;0;0;4749;0;0;0;0;0;0;
37271;5768719;551866368;38387712;495190016;0;0;0;0;0;0;0;0;0;0;0;4158;0;0;0;0;0;0;
37272;4606439;551866368;38387712;495190016;0;0;0;0;0;0;0;0;0;0;0;5700;0;0;0;0;0;0;
37273;5456042;551866368;38387712;495190016;0;0;0;0;0;0;0;0;0;0;0;4869;0;0;0;0;0;0;
37274;4898065;551866368;38387712;495190016;0;0;0;0;0;0;0;0;0;0;0;4368;0;0;0;0;0;0;
37275;5166209;551866368;38387712;495190016;0;0;0;0;0;0;0;0;0;0;0;4558;0;0;0;0;0;0;
37276;4706186;551866368;38387712;495190016;0;0;0;0;0;0;0;0;0;0;0;4468;0;0;0;0;0;0;
37277;5375041;551866368;38387712;495190016;0;0;0;0;0;0;0;0;0;0;0;4919;0;0;0;0;0;0;
37278;4688242;551866368;38387712;495190016;0;0;0;0;0;0;0;0;0;0;0;5480;0;0;0;0;0;0;
37279;5471331;551866368;38387712;495190016;0;0;0;0;0;0;0;0;0;0;0;4819;0;0;0;0;0;0;
37280;5149898;551866368;38387712;495190016;0;0;0;0;0;0;0;0;0;0;0;4669;0;0;0;0;0;0;
37281;5652090;551866368;38387712;495190016;0;0;0;0;0;0;0;0;0;0;0;5310;0;0;0;0;0;0;
37282;5058497;551866368;38387712;495190016;0;0;0;0;0;0;0;0;0;0;0;5320;0;0;0;0;0;0;
37283;5804265;551866368;38387712;495190016;0;0;0;0;0;0;0;0;0;0;0;4849;0;0;0;0;0;0;
37284;5630519;551866368;38387712;495190016;0;0;0;0;0;0;0;0;0;0;0;5571;0;0;0;0;0;0;
37285;5698326;551866368;38387712;495190016;0;0;0;0;0;0;0;0;0;0;0;5921;0;0;0;0;0;0;
37286;4787749;551866368;38387712;495190016;0;0;0;0;0;0;0;0;0;0;0;4819;0;0;0;0;0;0;
37287;5368338;551866368;38387712;495190016;0;0;0;0;0;0;0;0;0;0;0;4468;0;0;0;0;0;0;
37288;4907093;551866368;38387712;495190016;0;0;0;0;0;0;0;0;0;0;0;4408;0;0;0;0;0;0;
37289;5230820;551866368;38387712;495190016;0;0;0;0;0;0;0;0;0;0;0;3907;0;0;0;0;0;0;
37290;4710524;551866368;38387712;495190016;0;0;0;0;0;0;0;0;0;0;0;5360;0;0;0;0;0;0;
37291;5181678;551866368;38387712;495190016;0;0;0;0;0;0;0;0;0;0;0;4598;0;0;0;0;0;0;
37292;4817234;551866368;38387712;495190016;0;0;0;0;0;0;0;0;0;0;0;5050;0;0;0;0;0;0;
37293;5584583;551866368;38387712;495190016;0;0;0;0;0;0;0;0;0;0;0;4528;0;0;0;0;0;0;
37294;4954621;551866368;38387712;495190016;0;0;0;0;0;0;0;0;0;0;0;5120;0;0;0;0;0;0;
37295;5985204;551866368;38387712;495190016;0;0;0;0;0;0;0;0;0;0;0;4629;0;0;0;0;0;0;
37296;4789773;551866368;38387712;495190016;0;0;0;0;0;0;0;0;0;0;0;5510;0;0;0;0;0;0;
37297;5262740;551866368;38387712;495190016;0;0;0;0;0;0;0;0;0;0;0;4098;0;0;0;0;0;0;
37298;5268300;551866368;38387712;495190016;0;0;0;0;0;0;0;0;0;0;0;4077;0;0;0;0;0;0;
37299;5123328;551866368;38387712;495190016;0;0;0;0;0;0;0;0;0;0;0;4048;0;0;0;0;0;0;
37300;4849615;551866368;38387712;495190016;0;0;0;0;0;0;0;0;0;0;0;5571;0;0;0;0;0;0;
37301;5283729;551866368;38387712;495190016;0;0;0;0;0;0;0;0;0;0;0;4839;0;0;0;0;0;0;
37302;4011743;551866368;38387712;495190016;0;0;0;0;0;0;0;0;0;0;0;3497;0;0;0;0;0;0;
37303;4917653;551866368;38387712;495190016;0;0;0;0;0;0;0;0;0;0;0;3116;0;0;0;0;0;0;
37304;3863906;551866368;38387712;495190016;0;0;0;0;0;0;0;0;0;0;0;3947;0;0;0;0;0;0;
37305;4910980;551866368;38387712;495190016;0;0;0;0;0;0;0;0;0;0;0;3887;0;0;0;0;0;0;
37306;4046859;551866368;38387712;495190016;0;0;0;0;0;0;0;0;0;0;0;3927;0;0;0;0;0;0;
37307;5038539;551866368;38387712;495190016;0;0;0;0;0;0;0;0;0;0;0;3486;0;0;0;0;0;0;
37308;4115959;551866368;38387712;495190016;0;0;0;0;0;0;0;0;0;0;0;5020;0;0;0;0;0;0;
37309;5349693;551866368;38387712;495190016;0;0;0;0;0;0;0;0;0;0;0;4598;0;0;0;0;0;0;
37310;4742064;551866368;38387712;495190016;0;0;0;0;0;0;0;0;0;0;0;5069;0;0;0;0;0;0;
37311;5234767;551866368;38387712;495190016;0;0;0;0;0;0;0;0;0;0;0;4288;0;0;0;0;0;0;
37312;5287876;551866368;38387712;495190016;0;0;0;0;0;0;0;0;0;0;0;5009;0;0;0;0;0;0;
37313;5239126;551866368;38387712;495190016;0;0;0;0;0;0;0;0;0;0;0;5040;0;0;0;0;0;0;
37314;4964560;551866368;38387712;495190016;0;0;0;0;0;0;0;0;0;0;0;5050;0;0;0;0;0;0;
37315;5115163;551866368;38387712;495190016;0;0;0;0;0;0;0;0;0;0;0;4288;0;0;0;0;0;0;
37316;4685317;551866368;38387712;495190016;0;0;0;0;0;0;0;0;0;0;0;4869;0;0;0;0;0;0;
37317;5244035;551866368;38387712;495190016;0;0;0;0;0;0;0;0;0;0;0;4058;0;0;0;0;0;0;
37318;4898988;551866368;38387712;495190016;0;0;0;0;0;0;0;0;0;0;0;5490;0;0;0;0;0;0;
37319;5188260;551866368;38387712;495190016;0;0;0;0;0;0;0;0;0;0;0;4308;0;0;0;0;0;0;
37320;4779924;551866368;38387712;495190016;0;0;0;0;0;0;0;0;0;0;0;4278;0;0;0;0;0;0;
37321;5174264;551866368;38387712;495190016;0;0;0;0;0;0;0;0;0;0;0;4017;0;0;0;0;0;0;
37322;4628681;551866368;38387712;495190016;0;0;0;0;0;0;0;0;0;0;0;4258;0;0;0;0;0;0;
37323;5086429;551866368;38387712;495190016;0;0;0;0;0;0;0;0;0;0;0;4528;0;0;0;0;0;0;
37324;4916260;551866368;38387712;495190016;0;0;0;0;0;0;0;0;0;0;0;5821;0;0;0;0;0;0;
37325;5278168;551866368;38387712;495190016;0;0;0;0;0;0;0;0;0;0;0;3797;0;0;0;0;0;0;
37326;4597411;551866368;38387712;495190016;0;0;0;0;0;0;0;0;0;0;0;5049;0;0;0;0;0;0;
37327;5094754;551866368;38387712;495190016;0;0;0;0;0;0;0;0;0;0;0;4408;0;0;0;0;0;0;
37328;4835508;551866368;38387712;495190016;0;0;0;0;0;0;0;0;0;0;0;4739;0;0;0;0;0;0;
37329;5114392;551866368;38387712;495190016;0;0;0;0;0;0;0;0;0;0;0;4358;0;0;0;0;0;0;
37330;4723459;551866368;38387712;495190016;0;0;0;0;0;0;0;0;0;0;0;4668;0;0;0;0;0;0;
37331;5446224;551866368;38387712;495190016;0;0;0;0;0;0;0;0;0;0;0;5601;0;0;0;0;0;0;
37332;4714963;551866368;38387712;495190016;0;0;0;0;0;0;0;0;0;0;0;5060;0;0;0;0;0;0;
37333;5350995;551866368;38387712;495190016;0;0;0;0;0;0;0;0;0;0;0;4889;0;0;0;0;0;0;
37334;4906491;551866368;38387712;495190016;0;0;0;0;0;0;0;0;0;0;0;5360;0;0;0;0;0;0;
37335;5840824;551866368;38387712;495190016;0;0;0;0;0;0;0;0;0;0;0;4809;0;0;0;0;0;0;
37336;4894178;551866368;38387712;495190016;0;0;0;0;0;0;0;0;0;0;0;5741;0;0;0;0;0;0;
37337;5136824;551866368;38387712;495190016;0;0;0;0;0;0;0;0;0;0;0;4338;0;0;0;0;0;0;
37338;5504994;551866368;38387712;495190016;0;0;0;0;0;0;0;0;0;0;0;4439;0;0;0;0;0;0;
37339;5268851;551866368;38387712;495190016;0;0;0;0;0;0;0;0;0;0;0;4067;0;0;0;0;0;0;
37340;5008002;551866368;38387712;495190016;0;0;0;0;0;0;0;0;0;0;0;4428;0;0;0;0;0;0;
37341;5604751;551866368;38387712;495190016;0;0;0;0;0;0;0;0;0;0;0;4098;0;0;0;0;0;0;
37342;4818447;551866368;38387712;495190016;0;0;0;0;0;0;0;0;0;0;0;4588;0;0;0;0;0;0;
37343;5446324;551866368;38387712;495190016;0;0;0;0;0;0;0;0;0;0;0;3998;0;0;0;0;0;0;
37344;4962286;551866368;38387712;495190016;0;0;0;0;0;0;0;0;0;0;0;4719;0;0;0;0;0;0;
37345;5398554;551866368;38387712;495190016;0;0;0;0;0;0;0;0;0;0;0;3676;0;0;0;0;0;0;
37346;4987654;551866368;38387712;495190016;0;0;0;0;0;0;0;0;0;0;0;4188;0;0;0;0;0;0;
37347;5170046;551866368;38387712;495190016;0;0;0;0;0;0;0;0;0;0;0;3867;0;0;0;0;0;0;
37348;4712127;551866368;38387712;495190016;0;0;0;0;0;0;0;0;0;0;0;3838;0;0;0;0;0;0;
37349;5451253;551866368;38387712;495190016;0;0;0;0;0;0;0;0;0;0;0;3917;0;0;0;0;0;0;
37350;5042176;551866368;38387712;495190016;0;0;0;0;0;0;0;0;0;0;0;4518;0;0;0;0;0;0;
37351;5268911;551866368;38387712;495190016;0;0;0;0;0;0;0;0;0;0;0;4228;0;0;0;0;0;0;
37352;4848653;551866368;38387712;495190016;0;0;0;0;0;0;0;0;0;0;0;4478;0;0;0;0;0;0;
37353;5386732;551866368;38395904;495198208;0;0;0;0;0;0;0;0;0;0;0;3667;0;0;0;0;0;0;
37354;4792398;551866368;38395904;495198208;0;0;0;0;0;0;0;0;0;0;0;5130;0;0;0;0;0;0;
37355;5541803;551866368;38395904;495198208;0;0;0;0;0;0;0;0;0;0;0;4568;0;0;0;0;0;0;
37356;4640693;551866368;38395904;495198208;0;0;0;0;0;0;0;0;0;0;0;4919;0;0;0;0;0;0;
37357;5472263;551866368;38395904;495198208;0;0;0;0;0;0;0;0;0;0;0;3727;0;0;0;0;0;0;
37358;4812345;551866368;38395904;495198208;0;0;0;0;0;0;0;0;0;0;0;3737;0;0;0;0;0;0;
37359;5174685;551866368;38395904;495198208;0;0;0;0;0;0;0;0;0;0;0;3858;0;0;0;0;0;0;
37360;4790574;551878656;38387712;495190016;0;0;0;0;0;0;0;0;0;0;0;4869;0;0;0;0;0;0;
37361;5177510;551878656;38387712;495190016;0;0;0;0;0;0;0;0;0;0;0;4157;0;0;0;0;0;0;
37362;4867408;551878656;38387712;495190016;0;0;0;0;0;0;0;0;0;0;0;4228;0;0;0;0;0;0;
37363;5857676;551878656;38387712;495190016;0;0;0;0;0;0;0;0;0;0;0;4478;0;0;0;0;0;0;
37364;4886594;551878656;38387712;495190016;0;0;0;0;0;0;0;0;0;0;0;6001;0;0;0;0;0;0;
37365;5503562;551878656;38387712;495190016;0;0;0;0;0;0;0;0;0;0;0;4258;0;0;0;0;0;0;
37366;4549933;551878656;38387712;495190016;0;0;0;0;0;0;0;0;0;0;0;4458;0;0;0;0;0;0;
37367;5096258;551878656;38387712;495190016;0;0;0;0;0;0;0;0;0;0;0;4198;0;0;0;0;0;0;
37368;4972926;551878656;38387712;495190016;0;0;0;0;0;0;0;0;0;0;0;4488;0;0;0;0;0;0;
37369;5328843;551878656;38387712;495190016;0;0;0;0;0;0;0;0;0;0;0;4549;0;0;0;0;0;0;
37370;6107283;551878656;38387712;495190016;0;0;0;0;0;0;0;0;0;0;0;6092;0;0;0;0;0;0;
37371;5438359;551878656;38387712;495190016;0;0;0;0;0;0;0;0;0;0;0;4829;0;0;0;0;0;0;
37372;5179934;551878656;38387712;495190016;0;0;0;0;0;0;0;0;0;0;0;4718;0;0;0;0;0;0;
37373;5138667;551878656;38387712;495190016;0;0;0;0;0;0;0;0;0;0;0;4017;0;0;0;0;0;0;
37374;4682461;551878656;38387712;495190016;0;0;0;0;0;0;0;0;0;0;0;5510;0;0;0;0;0;0;
37375;11079839;551878656;38387712;495190016;0;0;0;0;0;0;0;0;0;0;0;4108;0;0;0;0;0;0;
37376;4870254;551878656;38387712;495190016;0;0;0;0;0;0;0;0;0;0;0;4909;0;0;0;0;0;0;
37377;5191876;551878656;38387712;495190016;0;0;0;0;0;0;0;0;0;0;0;4078;0;0;0;0;0;0;
37378;5072583;551878656;38387712;495190016;0;0;0;0;0;0;0;0;0;0;0;4088;0;0;0;0;0;0;
37379;5023100;551878656;38387712;495190016;0;0;0;0;0;0;0;0;0;0;0;4438;0;0;0;0;0;0;
37380;4958600;551878656;38387712;495190016;0;0;0;0;0;0;0;0;0;0;0;5420;0;0;0;0;0;0;
37381;5288548;551878656;38387712;495190016;0;0;0;0;0;0;0;0;0;0;0;4890;0;0;0;0;0;0;
37382;4554923;551878656;38387712;495190016;0;0;0;0;0;0;0;0;0;0;0;4068;0;0;0;0;0;0;
37383;5525833;551878656;38387712;495190016;0;0;0;0;0;0;0;0;0;0;0;5370;0;0;0;0;0;0;
37384;4767461;551878656;38387712;495190016;0;0;0;0;0;0;0;0;0;0;0;5460;0;0;0;0;0;0;
37385;6217550;551878656;38387712;495190016;0;0;0;0;0;0;0;0;0;0;0;4609;0;0;0;0;0;0;
37386;4563639;551878656;38387712;495190016;0;0;0;0;0;0;0;0;0;0;0;4478;0;0;0;0;0;0;
37387;5234196;551878656;38387712;495190016;0;0;0;0;0;0;0;0;0;0;0;4328;0;0;0;0;0;0;
37388;4875514;551878656;38387712;495190016;0;0;0;0;0;0;0;0;0;0;0;5169;0;0;0;0;0;0;
37389;5327070;551878656;38387712;495190016;0;0;0;0;0;0;0;0;0;0;0;4047;0;0;0;0;0;0;
37390;4851879;551878656;38387712;495190016;0;0;0;0;0;0;0;0;0;0;0;4408;0;0;0;0;0;0;
37391;5297856;551878656;38387712;495190016;0;0;0;0;0;0;0;0;0;0;0;4258;0;0;0;0;0;0;
37392;4651113;551878656;38387712;495190016;0;0;0;0;0;0;0;0;0;0;0;4639;0;0;0;0;0;0;
37393;5705911;551878656;38387712;495190016;0;0;0;0;0;0;0;0;0;0;0;5140;0;0;0;0;0;0;
37394;4962327;551878656;38387712;495190016;0;0;0;0;0;0;0;0;0;0;0;5711;0;0;0;0;0;0;
37395;5681916;551878656;38387712;495190016;0;0;0;0;0;0;0;0;0;0;0;4359;0;0;0;0;0;0;
37396;4651213;551878656;38387712;495190016;0;0;0;0;0;0;0;0;0;0;0;4598;0;0;0;0;0;0;
37397;5187910;551878656;38387712;495190016;0;0;0;0;0;0;0;0;0;0;0;3907;0;0;0;0;0;0;
37398;4747363;551878656;38387712;495190016;0;0;0;0;0;0;0;0;0;0;0;4068;0;0;0;0;0;0;
37399;5092681;551878656;38387712;495190016;0;0;0;0;0;0;0;0;0;0;0;3637;0;0;0;0;0;0;
37400;4714942;551878656;38387712;495190016;0;0;0;0;0;0;0;0;0;0;0;4178;0;0;0;0;0;0;
37401;5070620;551878656;38387712;495190016;0;0;0;0;0;0;0;0;0;0;0;3556;0;0;0;0;0;0;
37402;4484310;551878656;38387712;495190016;0;0;0;0;0;0;0;0;0;0;0;3607;0;0;0;0;0;0;
37403;4919656;551878656;38387712;495190016;0;0;0;0;0;0;0;0;0;0;0;3386;0;0;0;0;0;0;
37404;4267533;551878656;38387712;495190016;0;0;0;0;0;0;0;0;0;0;0;3958;0;0;0;0;0;0;
37405;5096598;551878656;38387712;495190016;0;0;0;0;0;0;0;0;0;0;0;3737;0;0;0;0;0;0;
37406;5008854;551878656;38387712;495190016;0;0;0;0;0;0;0;0;0;0;0;4909;0;0;0;0;0;0;
37407;5780060;551878656;38387712;495190016;0;0;0;0;0;0;0;0;0;0;0;5741;0;0;0;0;0;0;
37408;4867338;551878656;38387712;495190016;0;0;0;0;0;0;0;0;0;0;0;4869;0;0;0;0;0;0;
37409;5921064;551878656;38387712;495190016;0;0;0;0;0;0;0;0;0;0;0;6883;0;0;0;0;0;0;
37410;5086609;551878656;38387712;495190016;0;0;0;0;0;0;0;0;0;0;0;4819;0;0;0;0;0;0;
37411;5204180;551878656;38387712;495190016;0;0;0;0;0;0;0;0;0;0;0;4568;0;0;0;0;0;0;
37412;5148776;551878656;38387712;495190016;0;0;0;0;0;0;0;0;0;0;0;5090;0;0;0;0;0;0;
37413;5018432;551878656;38387712;495190016;0;0;0;0;0;0;0;0;0;0;0;4889;0;0;0;0;0;0;
37414;4924135;551878656;38387712;495190016;0;0;0;0;0;0;0;0;0;0;0;5660;0;0;0;0;0;0;
37415;5352228;551878656;38387712;495190016;0;0;0;0;0;0;0;0;0;0;0;4569;0;0;0;0;0;0;
37416;4858481;551878656;38387712;495190016;0;0;0;0;0;0;0;0;0;0;0;4669;0;0;0;0;0;0;
37417;5521705;551878656;38387712;495190016;0;0;0;0;0;0;0;0;0;0;0;4779;0;0;0;0;0;0;
37418;4765537;551878656;38387712;495190016;0;0;0;0;0;0;0;0;0;0;0;4919;0;0;0;0;0;0;
37419;5566529;551878656;38387712;495190016;0;0;0;0;0;0;0;0;0;0;0;4268;0;0;0;0;0;0;
37420;4702358;551878656;38387712;495190016;0;0;0;0;0;0;0;0;0;0;0;5280;0;0;0;0;0;0;
37421;5396531;551878656;38387712;495190016;0;0;0;0;0;0;0;0;0;0;0;4528;0;0;0;0;0;0;
37422;4951436;551878656;38387712;495190016;0;0;0;0;0;0;0;0;0;0;0;4969;0;0;0;0;0;0;
37423;5051924;551878656;38387712;495190016;0;0;0;0;0;0;0;0;0;0;0;3937;0;0;0;0;0;0;
37424;4830549;551878656;38387712;495190016;0;0;0;0;0;0;0;0;0;0;0;5160;0;0;0;0;0;0;
37425;5243945;551878656;38387712;495190016;0;0;0;0;0;0;0;0;0;0;0;4759;0;0;0;0;0;0;
37426;4813187;551878656;38387712;495190016;0;0;0;0;0;0;0;0;0;0;0;4198;0;0;0;0;0;0;
37427;5675734;551878656;38387712;495190016;0;0;0;0;0;0;0;0;0;0;0;4829;0;0;0;0;0;0;
37428;4877918;551878656;38387712;495190016;0;0;0;0;0;0;0;0;0;0;0;5000;0;0;0;0;0;0;
37429;5832027;551878656;38387712;495190016;0;0;0;0;0;0;0;0;0;0;0;5229;0;0;0;0;0;0;
37430;4604635;551878656;38387712;495190016;0;0;0;0;0;0;0;0;0;0;0;5080;0;0;0;0;0;0;
37431;5249736;551878656;38387712;495190016;0;0;0;0;0;0;0;0;0;0;0;5139;0;0;0;0;0;0;
37432;4989036;551878656;38387712;495190016;0;0;0;0;0;0;0;0;0;0;0;4599;0;0;0;0;0;0;
37433;5171609;551878656;38387712;495190016;0;0;0;0;0;0;0;0;0;0;0;5070;0;0;0;0;0;0;
37434;4933633;551878656;38387712;495190016;0;0;0;0;0;0;0;0;0;0;0;6552;0;0;0;0;0;0;
37435;5130822;551878656;38387712;495190016;0;0;0;0;0;0;0;0;0;0;0;4308;0;0;0;0;0;0;
37436;4775846;551878656;38387712;495190016;0;0;0;0;0;0;0;0;0;0;0;4899;0;0;0;0;0;0;
37437;5605562;551878656;38387712;495190016;0;0;0;0;0;0;0;0;0;0;0;5019;0;0;0;0;0;0;
37438;4822805;551878656;38387712;495190016;0;0;0;0;0;0;0;0;0;0;0;5210;0;0;0;0;0;0;
37439;5640458;551878656;38387712;495190016;0;0;0;0;0;0;0;0;0;0;0;5470;0;0;0;0;0;0;
37440;4800883;551878656;38387712;495190016;0;0;0;0;0;0;0;0;0;0;0;3697;0;0;0;0;0;0;
37441;5302073;551878656;38387712;495190016;0;0;0;0;0;0;0;0;0;0;0;4188;0;0;0;0;0;0;
37442;4306646;551878656;38387712;495190016;0;0;0;0;0;0;0;0;0;0;0;4268;0;0;0;0;0;0;
37443;4688262;551878656;38387712;495190016;0;0;0;0;0;0;0;0;0;0;0;3005;0;0;0;0;0;0;
37444;3384287;551878656;38387712;495190016;0;0;0;0;0;0;0;0;0;0;0;3667;0;0;0;0;0;0;
37445;4676279;551878656;38387712;495190016;0;0;0;0;0;0;0;0;0;0;0;3356;0;0;0;0;0;0;
37446;3008221;551878656;38387712;495190016;0;0;0;0;0;0;0;0;0;0;0;4088;0;0;0;0;0;0;
37447;4766619;551878656;38387712;495190016;0;0;0;0;0;0;0;0;0;0;0;2545;0;0;0;0;0;0;
37448;3192677;551878656;38387712;495190016;0;0;0;0;0;0;0;0;0;0;0;3166;0;0;0;0;0;0;
37449;4881204;551878656;38387712;495190016;0;0;0;0;0;0;0;0;0;0;0;3276;0;0;0;0;0;0;
37450;3108960;551878656;38387712;495190016;0;0;0;0;0;0;0;0;0;0;0;3878;0;0;0;0;0;0;
37451;4578035;551878656;38387712;495190016;0;0;0;0;0;0;0;0;0;0;0;3226;0;0;0;0;0;0;
37452;3348600;551878656;38387712;495190016;0;0;0;0;0;0;0;0;0;0;0;3216;0;0;0;0;0;0;
37453;4597543;551878656;38387712;495190016;0;0;0;0;0;0;0;0;0;0;0;2585;0;0;0;0;0;0;
37454;3286553;551878656;38387712;495190016;0;0;0;0;0;0;0;0;0;0;0;3075;0;0;0;0;0;0;
37455;4716996;551878656;38387712;495190016;0;0;0;0;0;0;0;0;0;0;0;2745;0;0;0;0;0;0;
37456;3034852;551878656;38387712;495190016;0;0;0;0;0;0;0;0;0;0;0;2705;0;0;0;0;0;0;
37457;4597381;551878656;38387712;495190016;0;0;0;0;0;0;0;0;0;0;0;3115;0;0;0;0;0;0;
37458;3182168;551878656;38387712;495190016;0;0;0;0;0;0;0;0;0;0;0;2675;0;0;0;0;0;0;
37459;4631967;551878656;38387712;495190016;0;0;0;0;0;0;0;0;0;0;0;2335;0;0;0;0;0;0;
37460;3477682;551878656;38387712;495190016;0;0;0;0;0;0;0;0;0;0;0;2715;0;0;0;0;0;0;
37461;4524585;551878656;38387712;495190016;0;0;0;0;0;0;0;0;0;0;0;2364;0;0;0;0;0;0;
37462;2935485;551878656;38387712;495190016;0;0;0;0;0;0;0;0;0;0;0;2515;0;0;0;0;0;0;
37463;4674537;551878656;38387712;495190016;0;0;0;0;0;0;0;0;0;0;0;2545;0;0;0;0;0;0;
37464;3032196;551878656;38387712;495190016;0;0;0;0;0;0;0;0;0;0;0;2815;0;0;0;0;0;0;
37465;4802126;551878656;38387712;495190016;0;0;0;0;0;0;0;0;0;0;0;2886;0;0;0;0;0;0;
37466;3181487;551878656;38387712;495190016;0;0;0;0;0;0;0;0;0;0;0;2635;0;0;0;0;0;0;
37467;4586331;551878656;38387712;495190016;0;0;0;0;0;0;0;0;0;0;0;3146;0;0;0;0;0;0;
37468;3241258;551878656;38387712;495190016;0;0;0;0;0;0;0;0;0;0;0;3346;0;0;0;0;0;0;
37469;4562847;551878656;38387712;495190016;0;0;0;0;0;0;0;0;0;0;0;2906;0;0;0;0;0;0;
37470;3091508;551878656;38387712;495190016;0;0;0;0;0;0;0;0;0;0;0;2765;0;0;0;0;0;0;
37471;4635253;551878656;38387712;495190016;0;0;0;0;0;0;0;0;0;0;0;3096;0;0;0;0;0;0;
37472;3038498;551878656;38387712;495190016;0;0;0;0;0;0;0;0;0;0;0;3787;0;0;0;0;0;0;
37473;4663736;551878656;38387712;495190016;0;0;0;0;0;0;0;0;0;0;0;3086;0;0;0;0;0;0;
37474;3216222;551878656;38387712;495190016;0;0;0;0;0;0;0;0;0;0;0;3366;0;0;0;0;0;0;
37475;4784413;551878656;38387712;495190016;0;0;0;0;0;0;0;0;0;0;0;2735;0;0;0;0;0;0;
37476;3091718;551878656;38387712;495190016;0;0;0;0;0;0;0;0;0;0;0;3346;0;0;0;0;0;0;
37477;4635383;551878656;38387712;495190016;0;0;0;0;0;0;0;0;0;0;0;3256;0;0;0;0;0;0;
37478;3005867;551878656;38387712;495190016;0;0;0;0;0;0;0;0;0;0;0;3657;0;0;0;0;0;0;
37479;4619033;551878656;38387712;495190016;0;0;0;0;0;0;0;0;0;0;0;2846;0;0;0;0;0;0;
37480;3032958;551878656;38387712;495190016;0;0;0;0;0;0;0;0;0;0;0;3146;0;0;0;0;0;0;
37481;4735821;551878656;38387712;495190016;0;0;0;0;0;0;0;0;0;0;0;3006;0;0;0;0;0;0;
37482;2950674;551878656;38387712;495190016;0;0;0;0;0;0;0;0;0;0;0;3577;0;0;0;0;0;0;
37483;4486304;551878656;38387712;495190016;0;0;0;0;0;0;0;0;0;0;0;3286;0;0;0;0;0;0;
37484;3007029;551878656;38387712;495190016;0;0;0;0;0;0;0;0;0;0;0;3136;0;0;0;0;0;0;
37485;4614484;551878656;38387712;495190016;0;0;0;0;0;0;0;0;0;0;0;3166;0;0;0;0;0;0;
37486;3087410;551878656;38387712;495190016;0;0;0;0;0;0;0;0;0;0;0;3506;0;0;0;0;0;0;
37487;4731373;551878656;38387712;495190016;0;0;0;0;0;0;0;0;0;0;0;3096;0;0;0;0;0;0;
37488;3131442;551878656;38387712;495190016;0;0;0;0;0;0;0;0;0;0;0;3877;0;0;0;0;0;0;
37489;4536247;551878656;38387712;495190016;0;0;0;0;0;0;0;0;0;0;0;3006;0;0;0;0;0;0;
37490;3176757;551878656;38387712;495190016;0;0;0;0;0;0;0;0;0;0;0;3808;0;0;0;0;0;0;
37491;4621076;551878656;38387712;495190016;0;0;0;0;0;0;0;0;0;0;0;3276;0;0;0;0;0;0;
37492;2948830;551878656;38387712;495190016;0;0;0;0;0;0;0;0;0;0;0;3978;0;0;0;0;0;0;
37493;4588245;551878656;38387712;495190016;0;0;0;0;0;0;0;0;0;0;0;4479;0;0;0;0;0;0;
37494;2851868;551878656;38387712;495190016;0;0;0;0;0;0;0;0;0;0;0;3616;0;0;0;0;0;0;
37495;4696899;551878656;38387712;495190016;0;0;0;0;0;0;0;0;0;0;0;3506;0;0;0;0;0;0;
37496;2975490;551878656;38387712;495190016;0;0;0;0;0;0;0;0;0;0;0;3306;0;0;0;0;0;0;
37497;4719050;551878656;38387712;495190016;0;0;0;0;0;0;0;0;0;0;0;3126;0;0;0;0;0;0;
37498;3097799;551878656;38387712;495190016;0;0;0;0;0;0;0;0;0;0;0;3727;0;0;0;0;0;0;
37499;4693142;551878656;38387712;495190016;0;0;0;0;0;0;0;0;0;0;0;3196;0;0;0;0;0;0;
37500;2999295;551878656;38387712;495190016;0;0;0;0;0;0;0;0;0;0;0;3686;0;0;0;0;0;0;
37501;4685206;551878656;38387712;495190016;0;0;0;0;0;0;0;0;0;0;0;3176;0;0;0;0;0;0;
37502;2944693;551878656;38387712;495190016;0;0;0;0;0;0;0;0;0;0;0;4067;0;0;0;0;0;0;
37503;4629783;551878656;38387712;495190016;0;0;0;0;0;0;0;0;0;0;0;2955;0;0;0;0;0;0;
37504;2931398;551878656;38387712;495190016;0;0;0;0;0;0;0;0;0;0;0;2975;0;0;0;0;0;0;
37505;4704563;551878656;38387712;495190016;0;0;0;0;0;0;0;0;0;0;0;3206;0;0;0;0;0;0;
37506;2935805;551878656;38387712;495190016;0;0;0;0;0;0;0;0;0;0;0;3496;0;0;0;0;0;0;
37507;4735191;551878656;38387712;495190016;0;0;0;0;0;0;0;0;0;0;0;3016;0;0;0;0;0;0;
37508;2898907;551878656;38387712;495190016;0;0;0;0;0;0;0;0;0;0;0;3587;0;0;0;0;0;0;
37509;4591050;551878656;38387712;495190016;0;0;0;0;0;0;0;0;0;0;0;3346;0;0;0;0;0;0;
37510;2923573;551878656;38387712;495190016;0;0;0;0;0;0;0;0;0;0;0;3437;0;0;0;0;0;0;
37511;4534654;551878656;38387712;495190016;0;0;0;0;0;0;0;0;0;0;0;3287;0;0;0;0;0;0;
37512;3033258;551878656;38387712;495190016;0;0;0;0;0;0;0;0;0;0;0;3075;0;0;0;0;0;0;
37513;4583717;551878656;38387712;495190016;0;0;0;0;0;0;0;0;0;0;0;2475;0;0;0;0;0;0;
37514;3037737;551878656;38387712;495190016;0;0;0;0;0;0;0;0;0;0;0;3928;0;0;0;0;0;0;
37515;4525337;551878656;38387712;495190016;0;0;0;0;0;0;0;0;0;0;0;3096;0;0;0;0;0;0;
37516;2879760;551878656;38387712;495190016;0;0;0;0;0;0;0;0;0;0;0;2986;0;0;0;0;0;0;
37517;4714080;551878656;38387712;495190016;0;0;0;0;0;0;0;0;0;0;0;3196;0;0;0;0;0;0;
37518;2921349;551878656;38387712;495190016;0;0;0;0;0;0;0;0;0;0;0;3196;0;0;0;0;0;0;
37519;4813517;551878656;38387712;495190016;0;0;0;0;0;0;0;0;0;0;0;3126;0;0;0;0;0;0;
37520;2824918;551878656;38387712;495190016;0;0;0;0;0;0;0;0;0;0;0;3276;0;0;0;0;0;0;
37521;4578396;551878656;38387712;495190016;0;0;0;0;0;0;0;0;0;0;0;2976;0;0;0;0;0;0;
37522;3106866;551878656;38387712;495190016;0;0;0;0;0;0;0;0;0;0;0;3296;0;0;0;0;0;0;
37523;4594136;551878656;38387712;495190016;0;0;0;0;0;0;0;0;0;0;0;2825;0;0;0;0;0;0;
37524;3115623;551878656;38387712;495190016;0;0;0;0;0;0;0;0;0;0;0;4048;0;0;0;0;0;0;
37525;4623541;551878656;38387712;495190016;0;0;0;0;0;0;0;0;0;0;0;2715;0;0;0;0;0;0;
37526;3036635;551878656;38387712;495190016;0;0;0;0;0;0;0;0;0;0;0;2876;0;0;0;0;0;0;
37527;4809119;551878656;38387712;495190016;0;0;0;0;0;0;0;0;0;0;0;2835;0;0;0;0;0;0;
37528;2847971;551878656;38387712;495190016;0;0;0;0;0;0;0;0;0;0;0;3276;0;0;0;0;0;0;
37529;4652215;551878656;38387712;495190016;0;0;0;0;0;0;0;0;0;0;0;2825;0;0;0;0;0;0;
37530;2856267;551878656;38387712;495190016;0;0;0;0;0;0;0;0;0;0;0;3577;0;0;0;0;0;0;
37531;4520387;551878656;38387712;495190016;0;0;0;0;0;0;0;0;0;0;0;3096;0;0;0;0;0;0;
37532;2925516;551878656;38387712;495190016;0;0;0;0;0;0;0;0;0;0;0;3196;0;0;0;0;0;0;
37533;4694394;551878656;38387712;495190016;0;0;0;0;0;0;0;0;0;0;0;3116;0;0;0;0;0;0;
37534;3220620;551878656;38387712;495190016;0;0;0;0;0;0;0;0;0;0;0;3075;0;0;0;0;0;0;
37535;4581221;551878656;38387712;495190016;0;0;0;0;0;0;0;0;0;0;0;2995;0;0;0;0;0;0;
37536;3384788;551878656;38387712;495190016;0;0;0;0;0;0;0;0;0;0;0;3436;0;0;0;0;0;0;
37537;4662825;551878656;38387712;495190016;0;0;0;0;0;0;0;0;0;0;0;2835;0;0;0;0;0;0;
37538;3102389;551878656;38387712;495190016;0;0;0;0;0;0;0;0;0;0;0;3587;0;0;0;0;0;0;
37539;4916220;551878656;38387712;495190016;0;0;0;0;0;0;0;0;0;0;0;2775;0;0;0;0;0;0;
37540;3184503;551878656;38387712;495190016;0;0;0;0;0;0;0;0;0;0;0;3727;0;0;0;0;0;0;
37541;4735852;551878656;38387712;495190016;0;0;0;0;0;0;0;0;0;0;0;2875;0;0;0;0;0;0;
37542;2921328;551878656;38387712;495190016;0;0;0;0;0;0;0;0;0;0;0;3807;0;0;0;0;0;0;
37543;4837102;551878656;38387712;495190016;0;0;0;0;0;0;0;0;0;0;0;3366;0;0;0;0;0;0;
37544;2959921;551878656;38387712;495190016;0;0;0;0;0;0;0;0;0;0;0;3727;0;0;0;0;0;0;
37545;4501272;551878656;38387712;495190016;0;0;0;0;0;0;0;0;0;0;0;3136;0;0;0;0;0;0;
37546;3034781;551878656;38387712;495190016;0;0;0;0;0;0;0;0;0;0;0;3827;0;0;0;0;0;0;
37547;4579649;551878656;38387712;495190016;0;0;0;0;0;0;0;0;0;0;0;3116;0;0;0;0;0;0;
37548;3038168;551878656;38387712;495190016;0;0;0;0;0;0;0;0;0;0;0;3246;0;0;0;0;0;0;
37549;4620225;551878656;38387712;495190016;0;0;0;0;0;0;0;0;0;0;0;2615;0;0;0;0;0;0;
37550;2993925;551878656;38387712;495190016;0;0;0;0;0;0;0;0;0;0;0;3457;0;0;0;0;0;0;
37551;4783110;551878656;38387712;495190016;0;0;0;0;0;0;0;0;0;0;0;3557;0;0;0;0;0;0;
37552;3005406;551878656;38387712;495190016;0;0;0;0;0;0;0;0;0;0;0;3527;0;0;0;0;0;0;
37553;4578656;551878656;38387712;495190016;0;0;0;0;0;0;0;0;0;0;0;2775;0;0;0;0;0;0;
37554;3116074;551878656;38387712;495190016;0;0;0;0;0;0;0;0;0;0;0;3136;0;0;0;0;0;0;
37555;4653627;551878656;38387712;495190016;0;0;0;0;0;0;0;0;0;0;0;3136;0;0;0;0;0;0;
37556;2871676;551878656;38387712;495190016;0;0;0;0;0;0;0;0;0;0;0;3376;0;0;0;0;0;0;
37557;4493737;551878656;38387712;495190016;0;0;0;0;0;0;0;0;0;0;0;2786;0;0;0;0;0;0;
37558;3030193;551878656;38387712;495190016;0;0;0;0;0;0;0;0;0;0;0;3396;0;0;0;0;0;0;
37559;4606569;551878656;38387712;495190016;0;0;0;0;0;0;0;0;0;0;0;3076;0;0;0;0;0;0;
37560;2942498;551878656;38387712;495190016;0;0;0;0;0;0;0;0;0;0;0;3216;0;0;0;0;0;0;
37561;4548099;551878656;38387712;495190016;0;0;0;0;0;0;0;0;0;0;0;3286;0;0;0;0;0;0;
37562;3075337;551878656;38387712;495190016;0;0;0;0;0;0;0;0;0;0;0;3065;0;0;0;0;0;0;
37563;4553760;551878656;38387712;495190016;0;0;0;0;0;0;0;0;0;0;0;3166;0;0;0;0;0;0;
37564;2963688;551878656;38387712;495190016;0;0;0;0;0;0;0;0;0;0;0;3176;0;0;0;0;0;0;
37565;4714482;551878656;38387712;495190016;0;0;0;0;0;0;0;0;0;0;0;2805;0;0;0;0;0;0;
37566;3490786;551878656;38387712;495190016;0;0;0;0;0;0;0;0;0;0;0;3978;0;0;0;0;0;0;
37567;5478805;551878656;38387712;495190016;0;0;0;0;0;0;0;0;0;0;0;3717;0;0;0;0;0;0;
37568;4411413;551878656;38387712;495190016;0;0;0;0;0;0;0;0;0;0;0;3627;0;0;0;0;0;0;
37569;5250266;551878656;38387712;495190016;0;0;0;0;0;0;0;0;0;0;0;4629;0;0;0;0;0;0;
37570;4144813;551878656;38387712;495190016;0;0;0;0;0;0;0;0;0;0;0;4017;0;0;0;0;0;0;
37571;5140470;551878656;38387712;495190016;0;0;0;0;0;0;0;0;0;0;0;4529;0;0;0;0;0;0;
37572;3594241;551878656;38387712;495190016;0;0;0;0;0;0;0;0;0;0;0;3998;0;0;0;0;0;0;
37573;5331068;551878656;38387712;495190016;0;0;0;0;0;0;0;0;0;0;0;4519;0;0;0;0;0;0;
37574;3977379;551878656;38387712;495190016;0;0;0;0;0;0;0;0;0;0;0;4117;0;0;0;0;0;0;
37575;5149407;551878656;38387712;495190016;0;0;0;0;0;0;0;0;0;0;0;3817;0;0;0;0;0;0;
37576;3744382;551878656;38387712;495190016;0;0;0;0;0;0;0;0;0;0;0;4328;0;0;0;0;0;0;
37577;5134369;551878656;38387712;495190016;0;0;0;0;0;0;0;0;0;0;0;3567;0;0;0;0;0;0;
37578;3918579;551878656;38387712;495190016;0;0;0;0;0;0;0;0;0;0;0;4048;0;0;0;0;0;0;
37579;5103030;551878656;38387712;495190016;0;0;0;0;0;0;0;0;0;0;0;4578;0;0;0;0;0;0;
37580;4212800;551878656;38387712;495190016;0;0;0;0;0;0;0;0;0;0;0;3226;0;0;0;0;0;0;
37581;5195864;551878656;38387712;495190016;0;0;0;0;0;0;0;0;0;0;0;4369;0;0;0;0;0;0;
37582;3892790;551878656;38387712;495190016;0;0;0;0;0;0;0;0;0;0;0;3587;0;0;0;0;0;0;
37583;5312613;551878656;38387712;495190016;0;0;0;0;0;0;0;0;0;0;0;3677;0;0;0;0;0;0;
37584;3822529;551878656;38387712;495190016;0;0;0;0;0;0;0;0;0;0;0;4218;0;0;0;0;0;0;
37585;5179363;551878656;38387712;495190016;0;0;0;0;0;0;0;0;0;0;0;4058;0;0;0;0;0;0;
37586;4028295;551878656;38387712;495190016;0;0;0;0;0;0;0;0;0;0;0;3677;0;0;0;0;0;0;
37587;5574795;551878656;38387712;495190016;0;0;0;0;0;0;0;0;0;0;0;4028;0;0;0;0;0;0;
37588;4704462;551878656;38387712;495190016;0;0;0;0;0;0;0;0;0;0;0;4107;0;0;0;0;0;0;
37589;5646479;551878656;38387712;495190016;0;0;0;0;0;0;0;0;0;0;0;3917;0;0;0;0;0;0;
37590;4596140;551878656;38387712;495190016;0;0;0;0;0;0;0;0;0;0;0;4168;0;0;0;0;0;0;
37591;5726830;551878656;38387712;495190016;0;0;0;0;0;0;0;0;0;0;0;3577;0;0;0;0;0;0;
37592;4757923;551878656;38387712;495190016;0;0;0;0;0;0;0;0;0;0;0;4298;0;0;0;0;0;0;
37593;4954151;551878656;38387712;495190016;0;0;0;0;0;0;0;0;0;0;0;3617;0;0;0;0;0;0;
37594;3764460;551878656;38387712;495190016;0;0;0;0;0;0;0;0;0;0;0;4499;0;0;0;0;0;0;
37595;5070700;551878656;38387712;495190016;0;0;0;0;0;0;0;0;0;0;0;3667;0;0;0;0;0;0;
37596;3816517;551878656;38387712;495190016;0;0;0;0;0;0;0;0;0;0;0;3196;0;0;0;0;0;0;
37597;5512689;551878656;38387712;495190016;0;0;0;0;0;0;0;0;0;0;0;3727;0;0;0;0;0;0;
37598;3700821;551878656;38387712;495190016;0;0;0;0;0;0;0;0;0;0;0;3336;0;0;0;0;0;0;
37599;5125903;551878656;38387712;495190016;0;0;0;0;0;0;0;0;0;0;0;3788;0;0;0;0;0;0;
37600;4033604;551878656;38387712;495190016;0;0;0;0;0;0;0;0;0;0;0;4318;0;0;0;0;0;0;
37601;5713685;551878656;38387712;495190016;0;0;0;0;0;0;0;0;0;0;0;4658;0;0;0;0;0;0;
37602;13131887;551878656;38387712;495190016;0;0;0;0;0;0;0;0;0;0;0;3287;0;0;0;0;0;0;
37603;5205643;551878656;38387712;495190016;0;0;0;0;0;0;0;0;0;0;0;4228;0;0;0;0;0;0;
37604;3762636;551878656;38387712;495190016;0;0;0;0;0;0;0;0;0;0;0;3828;0;0;0;0;0;0;
37605;5386952;551878656;38387712;495190016;0;0;0;0;0;0;0;0;0;0;0;3406;0;0;0;0;0;0;
37606;3815545;551878656;38387712;495190016;0;0;0;0;0;0;0;0;0;0;0;3347;0;0;0;0;0;0;
37607;5227513;551878656;38387712;495190016;0;0;0;0;0;0;0;0;0;0;0;4218;0;0;0;0;0;0;
37608;3420044;551878656;38387712;495190016;0;0;0;0;0;0;0;0;0;0;0;3758;0;0;0;0;0;0;
37609;4682171;551878656;38387712;495190016;0;0;0;0;0;0;0;0;0;0;0;3186;0;0;0;0;0;0;
37610;2992893;551878656;38387712;495190016;0;0;0;0;0;0;0;0;0;0;0;3447;0;0;0;0;0;0;
37611;4614083;551878656;38387712;495190016;0;0;0;0;0;0;0;0;0;0;0;3306;0;0;0;0;0;0;
37612;2922400;551878656;38387712;495190016;0;0;0;0;0;0;0;0;0;0;0;2935;0;0;0;0;0;0;
37613;4538031;551878656;38387712;495190016;0;0;0;0;0;0;0;0;0;0;0;2705;0;0;0;0;0;0;
37614;3591886;551878656;38387712;495190016;0;0;0;0;0;0;0;0;0;0;0;3788;0;0;0;0;0;0;
37615;4519636;551878656;38387712;495190016;0;0;0;0;0;0;0;0;0;0;0;3156;0;0;0;0;0;0;
37616;3175285;551878656;38387712;495190016;0;0;0;0;0;0;0;0;0;0;0;3637;0;0;0;0;0;0;
37617;4610547;551878656;38387712;495190016;0;0;0;0;0;0;0;0;0;0;0;4278;0;0;0;0;0;0;
37618;3232082;551878656;38387712;495190016;0;0;0;0;0;0;0;0;0;0;0;3196;0;0;0;0;0;0;
37619;4635573;551878656;38387712;495190016;0;0;0;0;0;0;0;0;0;0;0;2806;0;0;0;0;0;0;
37620;2914666;551878656;38387712;495190016;0;0;0;0;0;0;0;0;0;0;0;3417;0;0;0;0;0;0;
37621;4832784;551878656;38387712;495190016;0;0;0;0;0;0;0;0;0;0;0;3056;0;0;0;0;0;0;
37622;3257980;551878656;38387712;495190016;0;0;0;0;0;0;0;0;0;0;0;4068;0;0;0;0;0;0;
37623;4700195;551878656;38387712;495190016;0;0;0;0;0;0;0;0;0;0;0;3015;0;0;0;0;0;0;
37624;3081308;551878656;38387712;495190016;0;0;0;0;0;0;0;0;0;0;0;3937;0;0;0;0;0;0;
37625;4755659;551878656;38387712;495190016;0;0;0;0;0;0;0;0;0;0;0;3246;0;0;0;0;0;0;
37626;3012830;551878656;38387712;495190016;0;0;0;0;0;0;0;0;0;0;0;4248;0;0;0;0;0;0;
37627;4535536;551878656;38387712;495190016;0;0;0;0;0;0;0;0;0;0;0;2966;0;0;0;0;0;0;
37628;3215090;551878656;38387712;495190016;0;0;0;0;0;0;0;0;0;0;0;3958;0;0;0;0;0;0;
37629;4635363;551878656;38387712;495190016;0;0;0;0;0;0;0;0;0;0;0;3687;0;0;0;0;0;0;
37630;2881755;551878656;38387712;495190016;0;0;0;0;0;0;0;0;0;0;0;3447;0;0;0;0;0;0;
37631;4668445;551878656;38387712;495190016;0;0;0;0;0;0;0;0;0;0;0;3416;0;0;0;0;0;0;
37632;2999505;551878656;38387712;495190016;0;0;0;0;0;0;0;0;0;0;0;4198;0;0;0;0;0;0;
37633;4615597;551878656;38387712;495190016;0;0;0;0;0;0;0;0;0;0;0;3156;0;0;0;0;0;0;
37634;2848792;551878656;38387712;495190016;0;0;0;0;0;0;0;0;0;0;0;3226;0;0;0;0;0;0;
37635;4609965;551878656;38387712;495190016;0;0;0;0;0;0;0;0;0;0;0;3146;0;0;0;0;0;0;
37636;2830699;551878656;38387712;495190016;0;0;0;0;0;0;0;0;0;0;0;3096;0;0;0;0;0;0;
37637;4548670;551878656;38387712;495190016;0;0;0;0;0;0;0;0;0;0;0;2995;0;0;0;0;0;0;
37638;3045241;551878656;38387712;495190016;0;0;0;0;0;0;0;0;0;0;0;3357;0;0;0;0;0;0;
37639;4544343;551878656;38387712;495190016;0;0;0;0;0;0;0;0;0;0;0;2885;0;0;0;0;0;0;
37640;3195863;551878656;38387712;495190016;0;0;0;0;0;0;0;0;0;0;0;3045;0;0;0;0;0;0;
37641;4518614;551878656;38387712;495190016;0;0;0;0;0;0;0;0;0;0;0;2565;0;0;0;0;0;0;
37642;3279010;551878656;38387712;495190016;0;0;0;0;0;0;0;0;0;0;0;3616;0;0;0;0;0;0;
37643;4614423;551878656;38387712;495190016;0;0;0;0;0;0;0;0;0;0;0;2574;0;0;0;0;0;0;
37644;3159165;551878656;38387712;495190016;0;0;0;0;0;0;0;0;0;0;0;3076;0;0;0;0;0;0;
37645;4800433;551878656;38387712;495190016;0;0;0;0;0;0;0;0;0;0;0;3015;0;0;0;0;0;0;
37646;3032116;551878656;38387712;495190016;0;0;0;0;0;0;0;0;0;0;0;3096;0;0;0;0;0;0;
37647;4530947;551878656;38387712;495190016;0;0;0;0;0;0;0;0;0;0;0;2905;0;0;0;0;0;0;
37648;3049218;551878656;38387712;495190016;0;0;0;0;0;0;0;0;0;0;0;3066;0;0;0;0;0;0;
37649;4732315;551878656;38387712;495190016;0;0;0;0;0;0;0;0;0;0;0;3276;0;0;0;0;0;0;
37650;3085326;551878656;38387712;495190016;0;0;0;0;0;0;0;0;0;0;0;3126;0;0;0;0;0;0;
37651;4609074;551878656;38387712;495190016;0;0;0;0;0;0;0;0;0;0;0;3116;0;0;0;0;0;0;
37652;3020755;551878656;38387712;495190016;0;0;0;0;0;0;0;0;0;0;0;2805;0;0;0;0;0;0;
37653;4690306;551878656;38387712;495190016;0;0;0;0;0;0;0;0;0;0;0;3287;0;0;0;0;0;0;
37654;3260364;551878656;38387712;495190016;0;0;0;0;0;0;0;0;0;0;0;2835;0;0;0;0;0;0;
37655;4663936;551878656;38387712;495190016;0;0;0;0;0;0;0;0;0;0;0;2475;0;0;0;0;0;0;
37656;3150068;551878656;38387712;495190016;0;0;0;0;0;0;0;0;0;0;0;4057;0;0;0;0;0;0;
37657;4709312;551878656;38387712;495190016;0;0;0;0;0;0;0;0;0;0;0;2785;0;0;0;0;0;0;
37658;2928532;551878656;38387712;495190016;0;0;0;0;0;0;0;0;0;0;0;3967;0;0;0;0;0;0;
37659;4849645;551878656;38387712;495190016;0;0;0;0;0;0;0;0;0;0;0;3477;0;0;0;0;0;0;
37660;2963728;551878656;38387712;495190016;0;0;0;0;0;0;0;0;0;0;0;2795;0;0;0;0;0;0;
37661;4669227;551878656;38387712;495190016;0;0;0;0;0;0;0;0;0;0;0;2495;0;0;0;0;0;0;
37662;3054819;551878656;38387712;495190016;0;0;0;0;0;0;0;0;0;0;0;3457;0;0;0;0;0;0;
37663;4684566;551878656;38387712;495190016;0;0;0;0;0;0;0;0;0;0;0;3135;0;0;0;0;0;0;
37664;2995698;551878656;38387712;495190016;0;0;0;0;0;0;0;0;0;0;0;3216;0;0;0;0;0;0;
37665;4906401;551878656;38387712;495190016;0;0;0;0;0;0;0;0;0;0;0;2795;0;0;0;0;0;0;
37666;3204810;551878656;38387712;495190016;0;0;0;0;0;0;0;0;0;0;0;3717;0;0;0;0;0;0;
37667;4542619;551878656;38387712;495190016;0;0;0;0;0;0;0;0;0;0;0;3276;0;0;0;0;0;0;
37668;3327260;551878656;38387712;495190016;0;0;0;0;0;0;0;0;0;0;0;4068;0;0;0;0;0;0;
37669;4640373;551878656;38387712;495190016;0;0;0;0;0;0;0;0;0;0;0;3065;0;0;0;0;0;0;
37670;3049509;551878656;38387712;495190016;0;0;0;0;0;0;0;0;0;0;0;3557;0;0;0;0;0;0;
37671;4981763;551878656;38387712;495190016;0;0;0;0;0;0;0;0;0;0;0;2725;0;0;0;0;0;0;
37672;2878408;551878656;38387712;495190016;0;0;0;0;0;0;0;0;0;0;0;3226;0;0;0;0;0;0;
37673;4795824;551878656;38387712;495190016;0;0;0;0;0;0;0;0;0;0;0;3316;0;0;0;0;0;0;
37674;2913634;551878656;38387712;495190016;0;0;0;0;0;0;0;0;0;0;0;3636;0;0;0;0;0;0;
37675;4726044;551878656;38387712;495190016;0;0;0;0;0;0;0;0;0;0;0;3166;0;0;0;0;0;0;
37676;3082110;551878656;38387712;495190016;0;0;0;0;0;0;0;0;0;0;0;3416;0;0;0;0;0;0;
37677;4625214;551878656;38387712;495190016;0;0;0;0;0;0;0;0;0;0;0;2906;0;0;0;0;0;0;
37678;3011047;551878656;38387712;495190016;0;0;0;0;0;0;0;0;0;0;0;3457;0;0;0;0;0;0;
37679;4740470;551878656;38387712;495190016;0;0;0;0;0;0;0;0;0;0;0;2835;0;0;0;0;0;0;
37680;2991901;551878656;38387712;495190016;0;0;0;0;0;0;0;0;0;0;0;3166;0;0;0;0;0;0;
37681;4631085;551878656;38387712;495190016;0;0;0;0;0;0;0;0;0;0;0;2645;0;0;0;0;0;0;
37682;3647390;551878656;38387712;495190016;0;0;0;0;0;0;0;0;0;0;0;3607;0;0;0;0;0;0;
37683;4503245;551878656;38387712;495190016;0;0;0;0;0;0;0;0;0;0;0;3006;0;0;0;0;0;0;
37684;3037637;551878656;38387712;495190016;0;0;0;0;0;0;0;0;0;0;0;3456;0;0;0;0;0;0;
37685;4567697;551878656;38387712;495190016;0;0;0;0;0;0;0;0;0;0;0;2785;0;0;0;0;0;0;
37686;3008843;551878656;38387712;495190016;0;0;0;0;0;0;0;0;0;0;0;3166;0;0;0;0;0;0;
37687;4748736;551878656;38387712;495190016;0;0;0;0;0;0;0;0;0;0;0;3026;0;0;0;0;0;0;
37688;3299077;551878656;38387712;495190016;0;0;0;0;0;0;0;0;0;0;0;3306;0;0;0;0;0;0;
37689;4528803;551878656;38387712;495190016;0;0;0;0;0;0;0;0;0;0;0;2845;0;0;0;0;0;0;
37690;3326248;551878656;38387712;495190016;0;0;0;0;0;0;0;0;0;0;0;3166;0;0;0;0;0;0;
37691;4854544;551878656;38387712;495190016;0;0;0;0;0;0;0;0;0;0;0;2945;0;0;0;0;0;0;
37692;2895230;551878656;38387712;495190016;0;0;0;0;0;0;0;0;0;0;0;3196;0;0;0;0;0;0;
37693;4746120;551878656;38387712;495190016;0;0;0;0;0;0;0;0;0;0;0;2835;0;0;0;0;0;0;
37694;2861066;551878656;38387712;495190016;0;0;0;0;0;0;0;0;0;0;0;3307;0;0;0;0;0;0;
37695;4571203;551878656;38387712;495190016;0;0;0;0;0;0;0;0;0;0;0;7824;0;0;0;0;0;0;
37696;3049960;551878656;38387712;495190016;0;0;0;0;0;0;0;0;0;0;0;3336;0;0;0;0;0;0;
37697;4598164;551878656;38387712;495190016;0;0;0;0;0;0;0;0;0;0;0;3136;0;0;0;0;0;0;
37698;3100244;551878656;38387712;495190016;0;0;0;0;0;0;0;0;0;0;0;3677;0;0;0;0;0;0;
37699;4589077;551878656;38387712;495190016;0;0;0;0;0;0;0;0;0;0;0;3085;0;0;0;0;0;0;
37700;2889710;551878656;38387712;495190016;0;0;0;0;0;0;0;0;0;0;0;3276;0;0;0;0;0;0;
37701;4766579;551878656;38395904;495198208;0;0;0;0;0;0;0;0;0;0;0;3126;0;0;0;0;0;0;
37702;2737263;551878656;38395904;495198208;0;0;0;0;0;0;0;0;0;0;0;2745;0;0;0;0;0;0;
37703;4619584;551878656;38395904;495198208;0;0;0;0;0;0;0;0;0;0;0;2956;0;0;0;0;0;0;
37704;2833865;551878656;38395904;495198208;0;0;0;0;0;0;0;0;0;0;0;3065;0;0;0;0;0;0;
37705;4561845;551878656;38395904;495198208;0;0;0;0;0;0;0;0;0;0;0;2995;0;0;0;0;0;0;
37706;3003473;551878656;38395904;495198208;0;0;0;0;0;0;0;0;0;0;0;3597;0;0;0;0;0;0;
37707;4721174;551878656;38395904;495198208;0;0;0;0;0;0;0;0;0;0;0;3056;0;0;0;0;0;0;
37708;3021927;551940096;38387712;495190016;0;0;0;0;0;0;0;0;0;0;0;3536;0;0;0;0;0;0;
37709;4577965;551940096;38387712;495190016;0;0;0;0;0;0;0;0;0;0;0;3276;0;0;0;0;0;0;
37710;2880232;551940096;38387712;495190016;0;0;0;0;0;0;0;0;0;0;0;3256;0;0;0;0;0;0;
37711;4620876;551940096;38387712;495190016;0;0;0;0;0;0;0;0;0;0;0;3387;0;0;0;0;0;0;
37712;3121424;551940096;38387712;495190016;0;0;0;0;0;0;0;0;0;0;0;3517;0;0;0;0;0;0;
37713;4551466;551940096;38387712;495190016;0;0;0;0;0;0;0;0;0;0;0;2695;0;0;0;0;0;0;
37714;2959009;551940096;38387712;495190016;0;0;0;0;0;0;0;0;0;0;0;3377;0;0;0;0;0;0;
37715;4633679;551940096;38387712;495190016;0;0;0;0;0;0;0;0;0;0;0;2765;0;0;0;0;0;0;
37716;2855656;551940096;38387712;495190016;0;0;0;0;0;0;0;0;0;0;0;2965;0;0;0;0;0;0;
37717;4785195;551940096;38387712;495190016;0;0;0;0;0;0;0;0;0;0;0;3517;0;0;0;0;0;0;
37718;3009023;551940096;38387712;495190016;0;0;0;0;0;0;0;0;0;0;0;3626;0;0;0;0;0;0;
37719;4469713;551940096;38387712;495190016;0;0;0;0;0;0;0;0;0;0;0;2955;0;0;0;0;0;0;
37720;2832061;551940096;38387712;495190016;0;0;0;0;0;0;0;0;0;0;0;3416;0;0;0;0;0;0;
37721;4797057;551940096;38387712;495190016;0;0;0;0;0;0;0;0;0;0;0;2925;0;0;0;0;0;0;
37722;2945755;551940096;38387712;495190016;0;0;0;0;0;0;0;0;0;0;0;3206;0;0;0;0;0;0;
37723;4610877;551940096;38387712;495190016;0;0;0;0;0;0;0;0;0;0;0;2896;0;0;0;0;0;0;
37724;2948229;551940096;38387712;495190016;0;0;0;0;0;0;0;0;0;0;0;3136;0;0;0;0;0;0;
37725;4544883;551940096;38387712;495190016;0;0;0;0;0;0;0;0;0;0;0;3516;0;0;0;0;0;0;
37726;2930305;551940096;38387712;495190016;0;0;0;0;0;0;0;0;0;0;0;3897;0;0;0;0;0;0;
37727;4566684;551940096;38387712;495190016;0;0;0;0;0;0;0;0;0;0;0;3396;0;0;0;0;0;0;
37728;3009754;551940096;38387712;495190016;0;0;0;0;0;0;0;0;0;0;0;3667;0;0;0;0;0;0;
37729;4512463;551940096;38387712;495190016;0;0;0;0;0;0;0;0;0;0;0;3016;0;0;0;0;0;0;
37730;3256127;551940096;38387712;495190016;0;0;0;0;0;0;0;0;0;0;0;3096;0;0;0;0;0;0;
37731;4573577;551940096;38387712;495190016;0;0;0;0;0;0;0;0;0;0;0;3257;0;0;0;0;0;0;
37732;2979718;551940096;38387712;495190016;0;0;0;0;0;0;0;0;0;0;0;3487;0;0;0;0;0;0;
37733;4701087;551940096;38387712;495190016;0;0;0;0;0;0;0;0;0;0;0;2806;0;0;0;0;0;0;
37734;3009694;551940096;38387712;495190016;0;0;0;0;0;0;0;0;0;0;0;3667;0;0;0;0;0;0;
37735;4589567;551940096;38387712;495190016;0;0;0;0;0;0;0;0;0;0;0;3457;0;0;0;0;0;0;
37736;2825860;551940096;38387712;495190016;0;0;0;0;0;0;0;0;0;0;0;3316;0;0;0;0;0;0;
37737;4530536;551940096;38387712;495190016;0;0;0;0;0;0;0;0;0;0;0;3898;0;0;0;0;0;0;
37738;3093762;551940096;38387712;495190016;0;0;0;0;0;0;0;0;0;0;0;3516;0;0;0;0;0;0;
37739;4643638;551940096;38387712;495190016;0;0;0;0;0;0;0;0;0;0;0;2836;0;0;0;0;0;0;
37740;2855826;551940096;38387712;495190016;0;0;0;0;0;0;0;0;0;0;0;3226;0;0;0;0;0;0;
37741;4503897;551940096;38387712;495190016;0;0;0;0;0;0;0;0;0;0;0;2755;0;0;0;0;0;0;
37742;2895530;551940096;38387712;495190016;0;0;0;0;0;0;0;0;0;0;0;3937;0;0;0;0;0;0;
37743;4516560;551940096;38387712;495190016;0;0;0;0;0;0;0;0;0;0;0;2716;0;0;0;0;0;0;
37744;3169013;551940096;38387712;495190016;0;0;0;0;0;0;0;0;0;0;0;2795;0;0;0;0;0;0;
37745;4437522;551940096;38387712;495190016;0;0;0;0;0;0;0;0;0;0;0;2354;0;0;0;0;0;0;
37746;3108028;551940096;38387712;495190016;0;0;0;0;0;0;0;0;0;0;0;3437;0;0;0;0;0;0;
37747;4818105;551940096;38387712;495190016;0;0;0;0;0;0;0;0;0;0;0;2544;0;0;0;0;0;0;
37748;3012550;551940096;38387712;495190016;0;0;0;0;0;0;0;0;0;0;0;4178;0;0;0;0;0;0;
37749;4681319;551940096;38387712;495190016;0;0;0;0;0;0;0;0;0;0;0;2875;0;0;0;0;0;0;
37750;2843713;551940096;38387712;495190016;0;0;0;0;0;0;0;0;0;0;0;3106;0;0;0;0;0;0;
37751;4606840;551940096;38387712;495190016;0;0;0;0;0;0;0;0;0;0;0;3146;0;0;0;0;0;0;
37752;2788840;551940096;38387712;495190016;0;0;0;0;0;0;0;0;0;0;0;3145;0;0;0;0;0;0;
37753;4637407;551940096;38387712;495190016;0;0;0;0;0;0;0;0;0;0;0;2976;0;0;0;0;0;0;
37754;2932750;551940096;38387712;495190016;0;0;0;0;0;0;0;0;0;0;0;3807;0;0;0;0;0;0;
37755;4668676;551940096;38387712;495190016;0;0;0;0;0;0;0;0;0;0;0;3186;0;0;0;0;0;0;
37756;3222964;551940096;38387712;495190016;0;0;0;0;0;0;0;0;0;0;0;3727;0;0;0;0;0;0;
37757;4635183;551940096;38387712;495190016;0;0;0;0;0;0;0;0;0;0;0;3126;0;0;0;0;0;0;
37758;2805993;551940096;38387712;495190016;0;0;0;0;0;0;0;0;0;0;0;3106;0;0;0;0;0;0;
37759;4861246;551940096;38387712;495190016;0;0;0;0;0;0;0;0;0;0;0;3236;0;0;0;0;0;0;
37760;2799640;551940096;38387712;495190016;0;0;0;0;0;0;0;0;0;0;0;3256;0;0;0;0;0;0;
37761;4668064;551940096;38387712;495190016;0;0;0;0;0;0;0;0;0;0;0;3236;0;0;0;0;0;0;
37762;3157472;551940096;38387712;495190016;0;0;0;0;0;0;0;0;0;0;0;3707;0;0;0;0;0;0;
37763;4613322;551940096;38387712;495190016;0;0;0;0;0;0;0;0;0;0;0;3557;0;0;0;0;0;0;
37764;2772640;551940096;38387712;495190016;0;0;0;0;0;0;0;0;0;0;0;4038;0;0;0;0;0;0;
37765;4522952;551940096;38387712;495190016;0;0;0;0;0;0;0;0;0;0;0;2856;0;0;0;0;0;0;
37766;2951125;551940096;38387712;495190016;0;0;0;0;0;0;0;0;0;0;0;3206;0;0;0;0;0;0;
37767;4570421;551940096;38387712;495190016;0;0;0;0;0;0;0;0;0;0;0;2696;0;0;0;0;0;0;
37768;3029291;551940096;38387712;495190016;0;0;0;0;0;0;0;0;0;0;0;3727;0;0;0;0;0;0;
37769;4483569;551940096;38387712;495190016;0;0;0;0;0;0;0;0;0;0;0;3156;0;0;0;0;0;0;
37770;3533617;551940096;38387712;495190016;0;0;0;0;0;0;0;0;0;0;0;25778;0;0;0;0;0;0;
37771;4503776;551940096;38387712;495190016;0;0;0;0;0;0;0;0;0;0;0;2796;0;0;0;0;0;0;
37772;3040482;551940096;38387712;495190016;0;0;0;0;0;0;0;0;0;0;0;3587;0;0;0;0;0;0;
37773;4763103;551940096;38387712;495190016;0;0;0;0;0;0;0;0;0;0;0;2895;0;0;0;0;0;0;
37774;2837381;551940096;38387712;495190016;0;0;0;0;0;0;0;0;0;0;0;3927;0;0;0;0;0;0;
37775;4493707;551940096;38387712;495190016;0;0;0;0;0;0;0;0;0;0;0;3065;0;0;0;0;0;0;
37776;3034491;551940096;38387712;495190016;0;0;0;0;0;0;0;0;0;0;0;2665;0;0;0;0;0;0;
37777;4544583;551940096;38387712;495190016;0;0;0;0;0;0;0;0;0;0;0;3196;0;0;0;0;0;0;
37778;3184342;551940096;38387712;495190016;0;0;0;0;0;0;0;0;0;0;0;3356;0;0;0;0;0;0;
37779;4520107;551940096;38387712;495190016;0;0;0;0;0;0;0;0;0;0;0;2775;0;0;0;0;0;0;
37780;3111285;551940096;38387712;495190016;0;0;0;0;0;0;0;0;0;0;0;3637;0;0;0;0;0;0;
37781;4649230;551940096;38387712;495190016;0;0;0;0;0;0;0;0;0;0;0;2876;0;0;0;0;0;0;
37782;3040782;551940096;38387712;495190016;0;0;0;0;0;0;0;0;0;0;0;3797;0;0;0;0;0;0;
37783;4518264;551940096;38387712;495190016;0;0;0;0;0;0;0;0;0;0;0;2735;0;0;0;0;0;0;
37784;2963007;551940096;38387712;495190016;0;0;0;0;0;0;0;0;0;0;0;3888;0;0;0;0;0;0;
37785;4588665;551940096;38387712;495190016;0;0;0;0;0;0;0;0;0;0;0;2775;0;0;0;0;0;0;
37786;2872558;551940096;38387712;495190016;0;0;0;0;0;0;0;0;0;0;0;3145;0;0;0;0;0;0;
37787;4780705;551940096;38387712;495190016;0;0;0;0;0;0;0;0;0;0;0;3136;0;0;0;0;0;0;
37788;2821882;551940096;38387712;495190016;0;0;0;0;0;0;0;0;0;0;0;2845;0;0;0;0;0;0;
37789;4742504;551940096;38387712;495190016;0;0;0;0;0;0;0;0;0;0;0;2735;0;0;0;0;0;0;
37790;2791375;551940096;38387712;495190016;0;0;0;0;0;0;0;0;0;0;0;3126;0;0;0;0;0;0;
37791;4545264;551940096;38387712;495190016;0;0;0;0;0;0;0;0;0;0;0;2645;0;0;0;0;0;0;
37792;2944201;551940096;38387712;495190016;0;0;0;0;0;0;0;0;0;0;0;2805;0;0;0;0;0;0;
37793;4527931;551940096;38387712;495190016;0;0;0;0;0;0;0;0;0;0;0;2765;0;0;0;0;0;0;
37794;2991641;551940096;38387712;495190016;0;0;0;0;0;0;0;0;0;0;0;3176;0;0;0;0;0;0;
37795;4507504;551940096;38387712;495190016;0;0;0;0;0;0;0;0;0;0;0;2605;0;0;0;0;0;0;
37796;2995368;551940096;38387712;495190016;0;0;0;0;0;0;0;0;0;0;0;3337;0;0;0;0;0;0;
37797;4725352;551940096;38387712;495190016;0;0;0;0;0;0;0;0;0;0;0;3116;0;0;0;0;0;0;
37798;2806363;551940096;38387712;495190016;0;0;0;0;0;0;0;0;0;0;0;3216;0;0;0;0;0;0;
37799;4717257;551940096;38387712;495190016;0;0;0;0;0;0;0;0;0;0;0;3026;0;0;0;0;0;0;
37800;3034601;551940096;38387712;495190016;0;0;0;0;0;0;0;0;0;0;0;3396;0;0;0;0;0;0;
37801;4613161;551940096;38387712;495190016;0;0;0;0;0;0;0;0;0;0;0;3116;0;0;0;0;0;0;
37802;2912482;551940096;38387712;495190016;0;0;0;0;0;0;0;0;0;0;0;3186;0;0;0;0;0;0;
37803;4708561;551940096;38387712;495190016;0;0;0;0;0;0;0;0;0;0;0;2986;0;0;0;0;0;0;
37804;2928272;551940096;38387712;495190016;0;0;0;0;0;0;0;0;0;0;0;3146;0;0;0;0;0;0;
37805;4606579;551940096;38387712;495190016;0;0;0;0;0;0;0;0;0;0;0;3216;0;0;0;0;0;0;
37806;2792677;551940096;38387712;495190016;0;0;0;0;0;0;0;0;0;0;0;3096;0;0;0;0;0;0;
37807;4599806;551940096;38387712;495190016;0;0;0;0;0;0;0;0;0;0;0;2925;0;0;0;0;0;0;
37808;2850035;551940096;38387712;495190016;0;0;0;0;0;0;0;0;0;0;0;3096;0;0;0;0;0;0;
37809;4764766;551940096;38387712;495190016;0;0;0;0;0;0;0;0;0;0;0;3256;0;0;0;0;0;0;
37810;3275934;551940096;38387712;495190016;0;0;0;0;0;0;0;0;0;0;0;3336;0;0;0;0;0;0;
37811;4577344;551940096;38387712;495190016;0;0;0;0;0;0;0;0;0;0;0;2986;0;0;0;0;0;0;
37812;3150478;551940096;38387712;495190016;0;0;0;0;0;0;0;0;0;0;0;3216;0;0;0;0;0;0;
37813;4611558;551940096;38387712;495190016;0;0;0;0;0;0;0;0;0;0;0;2615;0;0;0;0;0;0;
37814;3108399;551940096;38387712;495190016;0;0;0;0;0;0;0;0;0;0;0;3586;0;0;0;0;0;0;
37815;4686198;551940096;38387712;495190016;0;0;0;0;0;0;0;0;0;0;0;2865;0;0;0;0;0;0;
37816;2866215;551940096;38387712;495190016;0;0;0;0;0;0;0;0;0;0;0;2835;0;0;0;0;0;0;
37817;4729951;551940096;38387712;495190016;0;0;0;0;0;0;0;0;0;0;0;2696;0;0;0;0;0;0;
37818;2870403;551940096;38387712;495190016;0;0;0;0;0;0;0;0;0;0;0;3145;0;0;0;0;0;0;
37819;4491252;551940096;38387712;495190016;0;0;0;0;0;0;0;0;0;0;0;2735;0;0;0;0;0;0;
37820;2909146;551940096;38387712;495190016;0;0;0;0;0;0;0;0;0;0;0;3347;0;0;0;0;0;0;
37821;4541667;551940096;38387712;495190016;0;0;0;0;0;0;0;0;0;0;0;2665;0;0;0;0;0;0;
37822;2856056;551940096;38387712;495190016;0;0;0;0;0;0;0;0;0;0;0;2896;0;0;0;0;0;0;
37823;4566634;551940096;38387712;495190016;0;0;0;0;0;0;0;0;0;0;0;2675;0;0;0;0;0;0;
37824;2986871;551940096;38387712;495190016;0;0;0;0;0;0;0;0;0;0;0;3096;0;0;0;0;0;0;
37825;4478218;551940096;38387712;495190016;0;0;0;0;0;0;0;0;0;0;0;2605;0;0;0;0;0;0;
37826;3090045;551940096;38387712;495190016;0;0;0;0;0;0;0;0;0;0;0;3587;0;0;0;0;0;0;
37827;4749027;551940096;38387712;495190016;0;0;0;0;0;0;0;0;0;0;0;3396;0;0;0;0;0;0;
37828;3004184;551940096;38387712;495190016;0;0;0;0;0;0;0;0;0;0;0;3627;0;0;0;0;0;0;
37829;4497255;551940096;38387712;495190016;0;0;0;0;0;0;0;0;0;0;0;2635;0;0;0;0;0;0;
37830;3290992;551940096;38387712;495190016;0;0;0;0;0;0;0;0;0;0;0;3277;0;0;0;0;0;0;
37831;4657886;551940096;38387712;495190016;0;0;0;0;0;0;0;0;0;0;0;3055;0;0;0;0;0;0;
37832;2873699;551940096;38387712;495190016;0;0;0;0;0;0;0;0;0;0;0;3277;0;0;0;0;0;0;
37833;4856648;551940096;38395904;495198208;0;0;0;0;0;0;0;0;0;0;0;3246;0;0;0;0;0;0;
37834;2875683;551940096;38395904;495198208;0;0;0;0;0;0;0;0;0;0;0;3356;0;0;0;0;0;0;
37835;4750169;551940096;38395904;495198208;0;0;0;0;0;0;0;0;0;0;0;3066;0;0;0;0;0;0;
37836;3172499;551940096;38395904;495198208;0;0;0;0;0;0;0;0;0;0;0;3286;0;0;0;0;0;0;
37837;4832814;551940096;38395904;495198208;0;0;0;0;0;0;0;0;0;0;0;2705;0;0;0;0;0;0;
37838;3131172;551940096;38395904;495198208;0;0;0;0;0;0;0;0;0;0;0;3106;0;0;0;0;0;0;
37839;4590909;551940096;38395904;495198208;0;0;0;0;0;0;0;0;0;0;0;2745;0;0;0;0;0;0;
37840;3165597;551960576;38387712;495190016;0;0;0;0;0;0;0;0;0;0;0;3867;0;0;0;0;0;0;
37841;4518645;551960576;38387712;495190016;0;0;0;0;0;0;0;0;0;0;0;2966;0;0;0;0;0;0;
37842;2981792;551960576;38387712;495190016;0;0;0;0;0;0;0;0;0;0;0;3467;0;0;0;0;0;0;
37843;4576513;551960576;38387712;495190016;0;0;0;0;0;0;0;0;0;0;0;2505;0;0;0;0;0;0;
37844;3002972;551960576;38387712;495190016;0;0;0;0;0;0;0;0;0;0;0;3166;0;0;0;0;0;0;
37845;4774875;551960576;38387712;495190016;0;0;0;0;0;0;0;0;0;0;0;3918;0;0;0;0;0;0;
37846;2827873;551960576;38387712;495190016;0;0;0;0;0;0;0;0;0;0;0;3106;0;0;0;0;0;0;
37847;4589207;551960576;38387712;495190016;0;0;0;0;0;0;0;0;0;0;0;2926;0;0;0;0;0;0;
37848;3218916;551960576;38387712;495190016;0;0;0;0;0;0;0;0;0;0;0;3457;0;0;0;0;0;0;
37849;4518744;551960576;38387712;495190016;0;0;0;0;0;0;0;0;0;0;0;3105;0;0;0;0;0;0;
37850;3090125;551960576;38387712;495190016;0;0;0;0;0;0;0;0;0;0;0;3537;0;0;0;0;0;0;
37851;4502804;551960576;38387712;495190016;0;0;0;0;0;0;0;0;0;0;0;3136;0;0;0;0;0;0;
37852;3056272;551960576;38387712;495190016;0;0;0;0;0;0;0;0;0;0;0;3246;0;0;0;0;0;0;
37853;4718488;551960576;38387712;495190016;0;0;0;0;0;0;0;0;0;0;0;3337;0;0;0;0;0;0;
37854;3007961;551960576;38387712;495190016;0;0;0;0;0;0;0;0;0;0;0;3106;0;0;0;0;0;0;
37855;4557537;551960576;38387712;495190016;0;0;0;0;0;0;0;0;0;0;0;2815;0;0;0;0;0;0;
37856;2858971;551960576;38387712;495190016;0;0;0;0;0;0;0;0;0;0;0;2835;0;0;0;0;0;0;
37857;4644630;551960576;38387712;495190016;0;0;0;0;0;0;0;0;0;0;0;3797;0;0;0;0;0;0;
37858;3299848;551960576;38387712;495190016;0;0;0;0;0;0;0;0;0;0;0;3226;0;0;0;0;0;0;
37859;10643660;551960576;38387712;495190016;0;0;0;0;0;0;0;0;0;0;0;2485;0;0;0;0;0;0;
37860;4008477;551960576;38387712;495190016;0;0;0;0;0;0;0;0;0;0;0;4589;0;0;0;0;0;0;
37861;4817074;551960576;38387712;495190016;0;0;0;0;0;0;0;0;0;0;0;3366;0;0;0;0;0;0;
37862;3196945;551960576;38387712;495190016;0;0;0;0;0;0;0;0;0;0;0;2936;0;0;0;0;0;0;
37863;4715864;551960576;38387712;495190016;0;0;0;0;0;0;0;0;0;0;0;2856;0;0;0;0;0;0;
37864;2860926;551960576;38387712;495190016;0;0;0;0;0;0;0;0;0;0;0;3637;0;0;0;0;0;0;
37865;4707167;551960576;38387712;495190016;0;0;0;0;0;0;0;0;0;0;0;3537;0;0;0;0;0;0;
37866;2852229;551960576;38387712;495190016;0;0;0;0;0;0;0;0;0;0;0;3036;0;0;0;0;0;0;
37867;4602201;551960576;38387712;495190016;0;0;0;0;0;0;0;0;0;0;0;2615;0;0;0;0;0;0;
37868;2796565;551960576;38387712;495190016;0;0;0;0;0;0;0;0;0;0;0;2755;0;0;0;0;0;0;
37869;4701317;551960576;38387712;495190016;0;0;0;0;0;0;0;0;0;0;0;3276;0;0;0;0;0;0;
37870;2805692;551960576;38387712;495190016;0;0;0;0;0;0;0;0;0;0;0;2875;0;0;0;0;0;0;
37871;4524806;551960576;38387712;495190016;0;0;0;0;0;0;0;0;0;0;0;2866;0;0;0;0;0;0;
37872;3004535;551960576;38387712;495190016;0;0;0;0;0;0;0;0;0;0;0;3266;0;0;0;0;0;0;
37873;4602512;551960576;38387712;495190016;0;0;0;0;0;0;0;0;0;0;0;2876;0;0;0;0;0;0;
37874;3083463;551960576;38387712;495190016;0;0;0;0;0;0;0;0;0;0;0;3517;0;0;0;0;0;0;
37875;4536268;551960576;38387712;495190016;0;0;0;0;0;0;0;0;0;0;0;2745;0;0;0;0;0;0;
37876;3048558;551960576;38387712;495190016;0;0;0;0;0;0;0;0;0;0;0;3546;0;0;0;0;0;0;
37877;4596550;551960576;38387712;495190016;0;0;0;0;0;0;0;0;0;0;0;3166;0;0;0;0;0;0;
37878;2991510;551960576;38387712;495190016;0;0;0;0;0;0;0;0;0;0;0;4448;0;0;0;0;0;0;
37879;4509878;551960576;38387712;495190016;0;0;0;0;0;0;0;0;0;0;0;3146;0;0;0;0;0;0;
37880;3101897;551960576;38387712;495190016;0;0;0;0;0;0;0;0;0;0;0;3877;0;0;0;0;0;0;
37881;4751381;551960576;38387712;495190016;0;0;0;0;0;0;0;0;0;0;0;3307;0;0;0;0;0;0;
37882;3177780;551960576;38387712;495190016;0;0;0;0;0;0;0;0;0;0;0;3216;0;0;0;0;0;0;
37883;4753645;551960576;38387712;495190016;0;0;0;0;0;0;0;0;0;0;0;3406;0;0;0;0;0;0;
37884;2921218;551960576;38387712;495190016;0;0;0;0;0;0;0;0;0;0;0;2936;0;0;0;0;0;0;
37885;4801194;551960576;38387712;495190016;0;0;0;0;0;0;0;0;0;0;0;3407;0;0;0;0;0;0;
37886;2871455;551960576;38387712;495190016;0;0;0;0;0;0;0;0;0;0;0;3026;0;0;0;0;0;0;
37887;4705395;551960576;38387712;495190016;0;0;0;0;0;0;0;0;0;0;0;3016;0;0;0;0;0;0;
37888;2836509;551960576;38387712;495190016;0;0;0;0;0;0;0;0;0;0;0;3046;0;0;0;0;0;0;
37889;4697930;551960576;38387712;495190016;0;0;0;0;0;0;0;0;0;0;0;2905;0;0;0;0;0;0;
37890;2946355;551960576;38387712;495190016;0;0;0;0;0;0;0;0;0;0;0;3106;0;0;0;0;0;0;
37891;4789121;551960576;38387712;495190016;0;0;0;0;0;0;0;0;0;0;0;3346;0;0;0;0;0;0;
37892;2957356;551960576;38387712;495190016;0;0;0;0;0;0;0;0;0;0;0;3236;0;0;0;0;0;0;
37893;4670208;551960576;38387712;495190016;0;0;0;0;0;0;0;0;0;0;0;3126;0;0;0;0;0;0;
37894;3267247;551960576;38387712;495190016;0;0;0;0;0;0;0;0;0;0;0;3206;0;0;0;0;0;0;
37895;4632127;551960576;38387712;495190016;0;0;0;0;0;0;0;0;0;0;0;2505;0;0;0;0;0;0;
37896;3256728;551960576;38387712;495190016;0;0;0;0;0;0;0;0;0;0;0;3336;0;0;0;0;0;0;
37897;4556455;551960576;38387712;495190016;0;0;0;0;0;0;0;0;0;0;0;2745;0;0;0;0;0;0;
37898;3064708;551960576;38387712;495190016;0;0;0;0;0;0;0;0;0;0;0;3717;0;0;0;0;0;0;
37899;4677812;551960576;38387712;495190016;0;0;0;0;0;0;0;0;0;0;0;3436;0;0;0;0;0;0;
37900;2983776;551960576;38387712;495190016;0;0;0;0;0;0;0;0;0;0;0;4108;0;0;0;0;0;0;
37901;4705895;551960576;38387712;495190016;0;0;0;0;0;0;0;0;0;0;0;3276;0;0;0;0;0;0;
37902;2997552;551960576;38387712;495190016;0;0;0;0;0;0;0;0;0;0;0;3396;0;0;0;0;0;0;
37903;4815901;551960576;38387712;495190016;0;0;0;0;0;0;0;0;0;0;0;2926;0;0;0;0;0;0;
37904;3092600;551960576;38387712;495190016;0;0;0;0;0;0;0;0;0;0;0;3336;0;0;0;0;0;0;
37905;4691609;551960576;38387712;495190016;0;0;0;0;0;0;0;0;0;0;0;3717;0;0;0;0;0;0;
37906;2819618;551960576;38387712;495190016;0;0;0;0;0;0;0;0;0;0;0;3176;0;0;0;0;0;0;
37907;4615335;551960576;38387712;495190016;0;0;0;0;0;0;0;0;0;0;0;3086;0;0;0;0;0;0;
37908;3086087;551960576;38387712;495190016;0;0;0;0;0;0;0;0;0;0;0;3416;0;0;0;0;0;0;
37909;4542429;551960576;38387712;495190016;0;0;0;0;0;0;0;0;0;0;0;3146;0;0;0;0;0;0;
37910;3365752;551960576;38387712;495190016;0;0;0;0;0;0;0;0;0;0;0;3527;0;0;0;0;0;0;
37911;4520528;551960576;38387712;495190016;0;0;0;0;0;0;0;0;0;0;0;2876;0;0;0;0;0;0;
37912;3092018;551960576;38387712;495190016;0;0;0;0;0;0;0;0;0;0;0;3296;0;0;0;0;0;0;
37913;4531949;551960576;38387712;495190016;0;0;0;0;0;0;0;0;0;0;0;3467;0;0;0;0;0;0;
37914;3295050;551960576;38387712;495190016;0;0;0;0;0;0;0;0;0;0;0;3246;0;0;0;0;0;0;
37915;4728128;551960576;38387712;495190016;0;0;0;0;0;0;0;0;0;0;0;3687;0;0;0;0;0;0;
37916;2974688;551960576;38387712;495190016;0;0;0;0;0;0;0;0;0;0;0;3397;0;0;0;0;0;0;
37917;4638198;551960576;38387712;495190016;0;0;0;0;0;0;0;0;0;0;0;3096;0;0;0;0;0;0;
37918;3087801;551960576;38387712;495190016;0;0;0;0;0;0;0;0;0;0;0;3417;0;0;0;0;0;0;
37919;4729841;551960576;38387712;495190016;0;0;0;0;0;0;0;0;0;0;0;2835;0;0;0;0;0;0;
37920;3002240;551960576;38387712;495190016;0;0;0;0;0;0;0;0;0;0;0;3446;0;0;0;0;0;0;
37921;4698191;551960576;38387712;495190016;0;0;0;0;0;0;0;0;0;0;0;3426;0;0;0;0;0;0;
37922;3113940;551960576;38387712;495190016;0;0;0;0;0;0;0;0;0;0;0;3066;0;0;0;0;0;0;
37923;4629832;551960576;38387712;495190016;0;0;0;0;0;0;0;0;0;0;0;4157;0;0;0;0;0;0;
37924;3073574;551960576;38387712;495190016;0;0;0;0;0;0;0;0;0;0;0;3076;0;0;0;0;0;0;
37925;4667303;551960576;38387712;495190016;0;0;0;0;0;0;0;0;0;0;0;2875;0;0;0;0;0;0;
37926;3046994;551960576;38387712;495190016;0;0;0;0;0;0;0;0;0;0;0;2846;0;0;0;0;0;0;
37927;4620876;551960576;38387712;495190016;0;0;0;0;0;0;0;0;0;0;0;2695;0;0;0;0;0;0;
37928;2871876;551960576;38387712;495190016;0;0;0;0;0;0;0;0;0;0;0;3246;0;0;0;0;0;0;
37929;5049940;551960576;38387712;495190016;0;0;0;0;0;0;0;0;0;0;0;2945;0;0;0;0;0;0;
37930;2864162;551960576;38387712;495190016;0;0;0;0;0;0;0;0;0;0;0;3496;0;0;0;0;0;0;
37931;4556165;551960576;38387712;495190016;0;0;0;0;0;0;0;0;0;0;0;2955;0;0;0;0;0;0;
37932;3179603;551960576;38387712;495190016;0;0;0;0;0;0;0;0;0;0;0;3377;0;0;0;0;0;0;
37933;4860145;551960576;38387712;495190016;0;0;0;0;0;0;0;0;0;0;0;2594;0;0;0;0;0;0;
37934;3082380;551960576;38387712;495190016;0;0;0;0;0;0;0;0;0;0;0;3286;0;0;0;0;0;0;
37935;4624834;551960576;38387712;495190016;0;0;0;0;0;0;0;0;0;0;0;2716;0;0;0;0;0;0;
37936;3195873;551960576;38387712;495190016;0;0;0;0;0;0;0;0;0;0;0;3136;0;0;0;0;0;0;
37937;4693973;551960576;38387712;495190016;0;0;0;0;0;0;0;0;0;0;0;3486;0;0;0;0;0;0;
37938;3431956;551960576;38387712;495190016;0;0;0;0;0;0;0;0;0;0;0;4007;0;0;0;0;0;0;
37939;4526749;551960576;38387712;495190016;0;0;0;0;0;0;0;0;0;0;0;3106;0;0;0;0;0;0;
37940;2896872;551960576;38387712;495190016;0;0;0;0;0;0;0;0;0;0;0;3556;0;0;0;0;0;0;
37941;4923273;551960576;38387712;495190016;0;0;0;0;0;0;0;0;0;0;0;2605;0;0;0;0;0;0;
37942;2811453;551960576;38387712;495190016;0;0;0;0;0;0;0;0;0;0;0;2856;0;0;0;0;0;0;
37943;4689605;551960576;38387712;495190016;0;0;0;0;0;0;0;0;0;0;0;3507;0;0;0;0;0;0;
37944;2773532;551960576;38387712;495190016;0;0;0;0;0;0;0;0;0;0;0;2896;0;0;0;0;0;0;
37945;4784112;551960576;38387712;495190016;0;0;0;0;0;0;0;0;0;0;0;2816;0;0;0;0;0;0;
37946;2877577;551960576;38387712;495190016;0;0;0;0;0;0;0;0;0;0;0;3236;0;0;0;0;0;0;
37947;4580971;551960576;38387712;495190016;0;0;0;0;0;0;0;0;0;0;0;3156;0;0;0;0;0;0;
37948;2815601;551960576;38387712;495190016;0;0;0;0;0;0;0;0;0;0;0;3307;0;0;0;0;0;0;
37949;4632768;551960576;38387712;495190016;0;0;0;0;0;0;0;0;0;0;0;3417;0;0;0;0;0;0;
37950;2916980;551960576;38387712;495190016;0;0;0;0;0;0;0;0;0;0;0;3617;0;0;0;0;0;0;
37951;4606800;551960576;38387712;495190016;0;0;0;0;0;0;0;0;0;0;0;2485;0;0;0;0;0;0;
37952;3004685;551960576;38387712;495190016;0;0;0;0;0;0;0;0;0;0;0;2815;0;0;0;0;0;0;
37953;4595389;551960576;38387712;495190016;0;0;0;0;0;0;0;0;0;0;0;2675;0;0;0;0;0;0;
37954;2978175;551960576;38387712;495190016;0;0;0;0;0;0;0;0;0;0;0;3005;0;0;0;0;0;0;
37955;4690396;551960576;38387712;495190016;0;0;0;0;0;0;0;0;0;0;0;3246;0;0;0;0;0;0;
37956;2929955;551960576;38387712;495190016;0;0;0;0;0;0;0;0;0;0;0;3457;0;0;0;0;0;0;
37957;4543291;551960576;38387712;495190016;0;0;0;0;0;0;0;0;0;0;0;3076;0;0;0;0;0;0;
37958;3124890;551960576;38387712;495190016;0;0;0;0;0;0;0;0;0;0;0;3116;0;0;0;0;0;0;
37959;4573857;551960576;38387712;495190016;0;0;0;0;0;0;0;0;0;0;0;2916;0;0;0;0;0;0;
37960;2991671;551960576;38387712;495190016;0;0;0;0;0;0;0;0;0;0;0;3407;0;0;0;0;0;0;
37961;4861577;551960576;38395904;495198208;0;0;0;0;0;0;0;0;0;0;0;3827;0;0;0;0;0;0;
37962;2911981;551960576;38395904;495198208;0;0;0;0;0;0;0;0;0;0;0;3196;0;0;0;0;0;0;
37963;4749477;551960576;38395904;495198208;0;0;0;0;0;0;0;0;0;0;0;3216;0;0;0;0;0;0;
37964;2990468;551960576;38395904;495198208;0;0;0;0;0;0;0;0;0;0;0;2825;0;0;0;0;0;0;
37965;4588685;551960576;38395904;495198208;0;0;0;0;0;0;0;0;0;0;0;2715;0;0;0;0;0;0;
37966;3147222;551960576;38395904;495198208;0;0;0;0;0;0;0;0;0;0;0;3406;0;0;0;0;0;0;
37967;4615235;551960576;38395904;495198208;0;0;0;0;0;0;0;0;0;0;0;3186;0;0;0;0;0;0;
37968;3012791;551981056;38387712;495190016;0;0;0;0;0;0;0;0;0;0;0;3095;0;0;0;0;0;0;
37969;4824377;551981056;38387712;495190016;0;0;0;0;0;0;0;0;0;0;0;3146;0;0;0;0;0;0;
37970;2918564;551981056;38387712;495190016;0;0;0;0;0;0;0;0;0;0;0;3126;0;0;0;0;0;0;
37971;4684846;551981056;38387712;495190016;0;0;0;0;0;0;0;0;0;0;0;2915;0;0;0;0;0;0;
37972;3057113;551981056;38387712;495190016;0;0;0;0;0;0;0;0;0;0;0;3296;0;0;0;0;0;0;
37973;4552047;551981056;38387712;495190016;0;0;0;0;0;0;0;0;0;0;0;3226;0;0;0;0;0;0;
37974;2902694;551981056;38387712;495190016;0;0;0;0;0;0;0;0;0;0;0;3978;0;0;0;0;0;0;
37975;4597702;551981056;38387712;495190016;0;0;0;0;0;0;0;0;0;0;0;3376;0;0;0;0;0;0;
37976;3022709;551981056;38387712;495190016;0;0;0;0;0;0;0;0;0;0;0;3607;0;0;0;0;0;0;
37977;4670078;551981056;38387712;495190016;0;0;0;0;0;0;0;0;0;0;0;2835;0;0;0;0;0;0;
37978;3296241;551981056;38387712;495190016;0;0;0;0;0;0;0;0;0;0;0;3166;0;0;0;0;0;0;
37979;4491322;551981056;38387712;495190016;0;0;0;0;0;0;0;0;0;0;0;2956;0;0;0;0;0;0;
37980;3209008;551981056;38387712;495190016;0;0;0;0;0;0;0;0;0;0;0;3556;0;0;0;0;0;0;
37981;4506381;551981056;38387712;495190016;0;0;0;0;0;0;0;0;0;0;0;3116;0;0;0;0;0;0;
37982;3085336;551981056;38387712;495190016;0;0;0;0;0;0;0;0;0;0;0;3617;0;0;0;0;0;0;
37983;4696067;551981056;38387712;495190016;0;0;0;0;0;0;0;0;0;0;0;2885;0;0;0;0;0;0;
37984;3283678;551981056;38387712;495190016;0;0;0;0;0;0;0;0;0;0;0;4137;0;0;0;0;0;0;
37985;4588655;551981056;38387712;495190016;0;0;0;0;0;0;0;0;0;0;0;3656;0;0;0;0;0;0;
37986;2869451;551981056;38387712;495190016;0;0;0;0;0;0;0;0;0;0;0;3206;0;0;0;0;0;0;
37987;5297856;551981056;38387712;495190016;0;0;0;0;0;0;0;0;0;0;0;5059;0;0;0;0;0;0;
37988;2817264;551981056;38387712;495190016;0;0;0;0;0;0;0;0;0;0;0;3396;0;0;0;0;0;0;
37989;4651553;551981056;38387712;495190016;0;0;0;0;0;0;0;0;0;0;0;3507;0;0;0;0;0;0;
37990;2772910;551981056;38387712;495190016;0;0;0;0;0;0;0;0;0;0;0;3547;0;0;0;0;0;0;
37991;5007361;551981056;38387712;495190016;0;0;0;0;0;0;0;0;0;0;0;4018;0;0;0;0;0;0;
37992;3002691;551981056;38387712;495190016;0;0;0;0;0;0;0;0;0;0;0;3356;0;0;0;0;0;0;
37993;4625314;551981056;38387712;495190016;0;0;0;0;0;0;0;0;0;0;0;3036;0;0;0;0;0;0;
37994;3121755;551981056;38387712;495190016;0;0;0;0;0;0;0;0;0;0;0;3377;0;0;0;0;0;0;
37995;4888829;551981056;38387712;495190016;0;0;0;0;0;0;0;0;0;0;0;3166;0;0;0;0;0;0;
37996;3009925;551981056;38387712;495190016;0;0;0;0;0;0;0;0;0;0;0;3667;0;0;0;0;0;0;
37997;4664688;551981056;38387712;495190016;0;0;0;0;0;0;0;0;0;0;0;3056;0;0;0;0;0;0;
37998;3606213;551981056;38387712;495190016;0;0;0;0;0;0;0;0;0;0;0;3777;0;0;0;0;0;0;
37999;4818567;551981056;38387712;495190016;0;0;0;0;0;0;0;0;0;0;0;2725;0;0;0;0;0;0;
38000;3270885;551981056;38387712;495190016;0;0;0;0;0;0;0;0;0;0;0;3897;0;0;0;0;0;0;
38001;4582944;551981056;38387712;495190016;0;0;0;0;0;0;0;0;0;0;0;3537;0;0;0;0;0;0;
38002;3188590;551981056;38387712;495190016;0;0;0;0;0;0;0;0;0;0;0;3828;0;0;0;0;0;0;
38003;4561955;551981056;38387712;495190016;0;0;0;0;0;0;0;0;0;0;0;2836;0;0;0;0;0;0;
38004;3121394;551981056;38387712;495190016;0;0;0;0;0;0;0;0;0;0;0;3126;0;0;0;0;0;0;
38005;4578376;551981056;38387712;495190016;0;0;0;0;0;0;0;0;0;0;0;2815;0;0;0;0;0;0;
38006;2908114;551981056;38387712;495190016;0;0;0;0;0;0;0;0;0;0;0;3306;0;0;0;0;0;0;
38007;4669887;551981056;38387712;495190016;0;0;0;0;0;0;0;0;0;0;0;3457;0;0;0;0;0;0;
38008;2974539;551981056;38387712;495190016;0;0;0;0;0;0;0;0;0;0;0;3567;0;0;0;0;0;0;
38009;4764596;551981056;38387712;495190016;0;0;0;0;0;0;0;0;0;0;0;3166;0;0;0;0;0;0;
38010;2760638;551981056;38387712;495190016;0;0;0;0;0;0;0;0;0;0;0;3196;0;0;0;0;0;0;
38011;5005928;551981056;38387712;495190016;0;0;0;0;0;0;0;0;0;0;0;3176;0;0;0;0;0;0;
38012;2776146;551981056;38387712;495190016;0;0;0;0;0;0;0;0;0;0;0;3216;0;0;0;0;0;0;
38013;4830749;551981056;38387712;495190016;0;0;0;0;0;0;0;0;0;0;0;3055;0;0;0;0;0;0;
38014;3295551;551981056;38387712;495190016;0;0;0;0;0;0;0;0;0;0;0;3196;0;0;0;0;0;0;
38015;4690006;551981056;38387712;495190016;0;0;0;0;0;0;0;0;0;0;0;3306;0;0;0;0;0;0;
38016;2937379;551981056;38387712;495190016;0;0;0;0;0;0;0;0;0;0;0;3657;0;0;0;0;0;0;
38017;4813337;551981056;38387712;495190016;0;0;0;0;0;0;0;0;0;0;0;2635;0;0;0;0;0;0;
38018;2923523;551981056;38387712;495190016;0;0;0;0;0;0;0;0;0;0;0;2945;0;0;0;0;0;0;
38019;4576102;551981056;38387712;495190016;0;0;0;0;0;0;0;0;0;0;0;2955;0;0;0;0;0;0;
38020;3190073;551981056;38387712;495190016;0;0;0;0;0;0;0;0;0;0;0;3336;0;0;0;0;0;0;
38021;4637808;551981056;38387712;495190016;0;0;0;0;0;0;0;0;0;0;0;3025;0;0;0;0;0;0;
38022;3025264;551981056;38387712;495190016;0;0;0;0;0;0;0;0;0;0;0;3476;0;0;0;0;0;0;
38023;4857840;551981056;38387712;495190016;0;0;0;0;0;0;0;0;0;0;0;3036;0;0;0;0;0;0;
38024;3113859;551981056;38387712;495190016;0;0;0;0;0;0;0;0;0;0;0;2635;0;0;0;0;0;0;
38025;4935676;551981056;38387712;495190016;0;0;0;0;0;0;0;0;0;0;0;3427;0;0;0;0;0;0;
38026;2956715;551981056;38387712;495190016;0;0;0;0;0;0;0;0;0;0;0;3567;0;0;0;0;0;0;
38027;4803238;551981056;38387712;495190016;0;0;0;0;0;0;0;0;0;0;0;2876;0;0;0;0;0;0;
38028;2861967;551981056;38387712;495190016;0;0;0;0;0;0;0;0;0;0;0;3437;0;0;0;0;0;0;
38029;5427058;551981056;38387712;495190016;0;0;0;0;0;0;0;0;0;0;0;3056;0;0;0;0;0;0;
38030;3014814;551981056;38387712;495190016;0;0;0;0;0;0;0;0;0;0;0;3687;0;0;0;0;0;0;
38031;4680929;551981056;38387712;495190016;0;0;0;0;0;0;0;0;0;0;0;3526;0;0;0;0;0;0;
38032;2937129;551981056;38387712;495190016;0;0;0;0;0;0;0;0;0;0;0;3267;0;0;0;0;0;0;
38033;4588946;551981056;38387712;495190016;0;0;0;0;0;0;0;0;0;0;0;3006;0;0;0;0;0;0;
38034;3002811;551981056;38387712;495190016;0;0;0;0;0;0;0;0;0;0;0;3306;0;0;0;0;0;0;
38035;4882125;551981056;38387712;495190016;0;0;0;0;0;0;0;0;0;0;0;3356;0;0;0;0;0;0;
38036;2940164;551981056;38387712;495190016;0;0;0;0;0;0;0;0;0;0;0;3387;0;0;0;0;0;0;
38037;4635003;551981056;38387712;495190016;0;0;0;0;0;0;0;0;0;0;0;3617;0;0;0;0;0;0;
38038;2980419;551981056;38387712;495190016;0;0;0;0;0;0;0;0;0;0;0;3516;0;0;0;0;0;0;
38039;4703280;551981056;38387712;495190016;0;0;0;0;0;0;0;0;0;0;0;2825;0;0;0;0;0;0;
38040;3038238;551981056;38387712;495190016;0;0;0;0;0;0;0;0;0;0;0;2925;0;0;0;0;0;0;
38041;4637578;551981056;38387712;495190016;0;0;0;0;0;0;0;0;0;0;0;3306;0;0;0;0;0;0;
38042;3131774;551981056;38387712;495190016;0;0;0;0;0;0;0;0;0;0;0;3546;0;0;0;0;0;0;
38043;4550805;551981056;38387712;495190016;0;0;0;0;0;0;0;0;0;0;0;3657;0;0;0;0;0;0;
38044;3062323;551981056;38387712;495190016;0;0;0;0;0;0;0;0;0;0;0;2916;0;0;0;0;0;0;
38045;4574099;551981056;38387712;495190016;0;0;0;0;0;0;0;0;0;0;0;3547;0;0;0;0;0;0;
38046;3022808;551981056;38387712;495190016;0;0;0;0;0;0;0;0;0;0;0;3216;0;0;0;0;0;0;
38047;4764506;551981056;38387712;495190016;0;0;0;0;0;0;0;0;0;0;0;2996;0;0;0;0;0;0;
38048;2995678;551981056;38387712;495190016;0;0;0;0;0;0;0;0;0;0;0;3396;0;0;0;0;0;0;
38049;4718239;551981056;38387712;495190016;0;0;0;0;0;0;0;0;0;0;0;2926;0;0;0;0;0;0;
38050;3030984;551981056;38387712;495190016;0;0;0;0;0;0;0;0;0;0;0;2985;0;0;0;0;0;0;
38051;4956205;551981056;38387712;495190016;0;0;0;0;0;0;0;0;0;0;0;3086;0;0;0;0;0;0;
38052;3292505;551981056;38387712;495190016;0;0;0;0;0;0;0;0;0;0;0;3717;0;0;0;0;0;0;
38053;4955223;551981056;38387712;495190016;0;0;0;0;0;0;0;0;0;0;0;3356;0;0;0;0;0;0;
38054;2876745;551981056;38387712;495190016;0;0;0;0;0;0;0;0;0;0;0;3287;0;0;0;0;0;0;
38055;4606839;551981056;38387712;495190016;0;0;0;0;0;0;0;0;0;0;0;3116;0;0;0;0;0;0;
38056;2826220;551981056;38387712;495190016;0;0;0;0;0;0;0;0;0;0;0;3106;0;0;0;0;0;0;
38057;4538933;551981056;38387712;495190016;0;0;0;0;0;0;0;0;0;0;0;2735;0;0;0;0;0;0;
38058;3323733;551981056;38387712;495190016;0;0;0;0;0;0;0;0;0;0;0;2916;0;0;0;0;0;0;
38059;4503977;551981056;38387712;495190016;0;0;0;0;0;0;0;0;0;0;0;2655;0;0;0;0;0;0;
38060;3129519;551981056;38387712;495190016;0;0;0;0;0;0;0;0;0;0;0;2946;0;0;0;0;0;0;
38061;4569650;551981056;38387712;495190016;0;0;0;0;0;0;0;0;0;0;0;2936;0;0;0;0;0;0;
38062;3269010;551981056;38387712;495190016;0;0;0;0;0;0;0;0;0;0;0;3828;0;0;0;0;0;0;
38063;4708330;551981056;38387712;495190016;0;0;0;0;0;0;0;0;0;0;0;3056;0;0;0;0;0;0;
38064;2993894;551981056;38387712;495190016;0;0;0;0;0;0;0;0;0;0;0;3657;0;0;0;0;0;0;
38065;4784723;551981056;38387712;495190016;0;0;0;0;0;0;0;0;0;0;0;3256;0;0;0;0;0;0;
38066;3073224;551981056;38387712;495190016;0;0;0;0;0;0;0;0;0;0;0;3527;0;0;0;0;0;0;
38067;4872608;551981056;38387712;495190016;0;0;0;0;0;0;0;0;0;0;0;3237;0;0;0;0;0;0;
38068;2842882;551981056;38387712;495190016;0;0;0;0;0;0;0;0;0;0;0;3737;0;0;0;0;0;0;
38069;4744698;551981056;38387712;495190016;0;0;0;0;0;0;0;0;0;0;0;3717;0;0;0;0;0;0;
38070;3021707;551981056;38387712;495190016;0;0;0;0;0;0;0;0;0;0;0;3256;0;0;0;0;0;0;
38071;4771368;551981056;38387712;495190016;0;0;0;0;0;0;0;0;0;0;0;3476;0;0;0;0;0;0;
38072;2833925;551981056;38387712;495190016;0;0;0;0;0;0;0;0;0;0;0;2906;0;0;0;0;0;0;
38073;4565391;551981056;38387712;495190016;0;0;0;0;0;0;0;0;0;0;0;2505;0;0;0;0;0;0;
38074;3262438;551981056;38387712;495190016;0;0;0;0;0;0;0;0;0;0;0;3637;0;0;0;0;0;0;
38075;4770787;551981056;38387712;495190016;0;0;0;0;0;0;0;0;0;0;0;3416;0;0;0;0;0;0;
38076;3101296;551981056;38387712;495190016;0;0;0;0;0;0;0;0;0;0;0;3186;0;0;0;0;0;0;
38077;4595137;551981056;38387712;495190016;0;0;0;0;0;0;0;0;0;0;0;3146;0;0;0;0;0;0;
38078;3103009;551981056;38387712;495190016;0;0;0;0;0;0;0;0;0;0;0;3767;0;0;0;0;0;0;
38079;4580480;551981056;38387712;495190016;0;0;0;0;0;0;0;0;0;0;0;3026;0;0;0;0;0;0;
38080;2985058;551981056;38387712;495190016;0;0;0;0;0;0;0;0;0;0;0;3186;0;0;0;0;0;0;
38081;4752543;551981056;38387712;495190016;0;0;0;0;0;0;0;0;0;0;0;3236;0;0;0;0;0;0;
38082;3118448;551981056;38387712;495190016;0;0;0;0;0;0;0;0;0;0;0;4027;0;0;0;0;0;0;
38083;4627638;551981056;38387712;495190016;0;0;0;0;0;0;0;0;0;0;0;3457;0;0;0;0;0;0;
38084;3063416;551981056;38387712;495190016;0;0;0;0;0;0;0;0;0;0;0;3166;0;0;0;0;0;0;
38085;4616538;551981056;38387712;495190016;0;0;0;0;0;0;0;0;0;0;0;2955;0;0;0;0;0;0;
38086;3279560;551981056;38387712;495190016;0;0;0;0;0;0;0;0;0;0;0;3617;0;0;0;0;0;0;
38087;4719471;551981056;38387712;495190016;0;0;0;0;0;0;0;0;0;0;0;3145;0;0;0;0;0;0;
38088;3308695;551981056;38387712;495190016;0;0;0;0;0;0;0;0;0;0;0;3436;0;0;0;0;0;0;
38089;4588255;551981056;38387712;495190016;0;0;0;0;0;0;0;0;0;0;0;2975;0;0;0;0;0;0;
38090;3362356;551981056;38387712;495190016;0;0;0;0;0;0;0;0;0;0;0;3146;0;0;0;0;0;0;
38091;4745008;551981056;38387712;495190016;0;0;0;0;0;0;0;0;0;0;0;2885;0;0;0;0;0;0;
38092;3510263;551981056;38387712;495190016;0;0;0;0;0;0;0;0;0;0;0;3426;0;0;0;0;0;0;
38093;4680447;551981056;38387712;495190016;0;0;0;0;0;0;0;0;0;0;0;3256;0;0;0;0;0;0;
38094;3068835;551981056;38387712;495190016;0;0;0;0;0;0;0;0;0;0;0;4539;0;0;0;0;0;0;
38095;4645873;551981056;38387712;495190016;0;0;0;0;0;0;0;0;0;0;0;2956;0;0;0;0;0;0;
38096;2911981;551981056;38387712;495190016;0;0;0;0;0;0;0;0;0;0;0;3246;0;0;0;0;0;0;
38097;4846268;551981056;38387712;495190016;0;0;0;0;0;0;0;0;0;0;0;3346;0;0;0;0;0;0;
38098;2972665;551981056;38387712;495190016;0;0;0;0;0;0;0;0;0;0;0;3006;0;0;0;0;0;0;
38099;4825991;551981056;38387712;495190016;0;0;0;0;0;0;0;0;0;0;0;3056;0;0;0;0;0;0;
38100;3035062;551981056;38387712;495190016;0;0;0;0;0;0;0;0;0;0;0;2995;0;0;0;0;0;0;
38101;4729179;551981056;38387712;495190016;0;0;0;0;0;0;0;0;0;0;0;3657;0;0;0;0;0;0;
38102;2912863;551981056;38387712;495190016;0;0;0;0;0;0;0;0;0;0;0;3086;0;0;0;0;0;0;
38103;4870835;551981056;38387712;495190016;0;0;0;0;0;0;0;0;0;0;0;2645;0;0;0;0;0;0;
38104;3045942;551981056;38387712;495190016;0;0;0;0;0;0;0;0;0;0;0;3086;0;0;0;0;0;0;
38105;5095456;551981056;38387712;495190016;0;0;0;0;0;0;0;0;0;0;0;3035;0;0;0;0;0;0;
38106;3048227;551981056;38387712;495190016;0;0;0;0;0;0;0;0;0;0;0;3436;0;0;0;0;0;0;
38107;4680938;551981056;38387712;495190016;0;0;0;0;0;0;0;0;0;0;0;3346;0;0;0;0;0;0;
38108;3426486;551981056;38387712;495190016;0;0;0;0;0;0;0;0;0;0;0;4038;0;0;0;0;0;0;
38109;4593455;551981056;38387712;495190016;0;0;0;0;0;0;0;0;0;0;0;3176;0;0;0;0;0;0;
38110;3275573;551981056;38387712;495190016;0;0;0;0;0;0;0;0;0;0;0;4007;0;0;0;0;0;0;
38111;4572185;551981056;38387712;495190016;0;0;0;0;0;0;0;0;0;0;0;2745;0;0;0;0;0;0;
38112;3031916;551981056;38387712;495190016;0;0;0;0;0;0;0;0;0;0;0;3236;0;0;0;0;0;0;
38113;4821512;551981056;38387712;495190016;0;0;0;0;0;0;0;0;0;0;0;2886;0;0;0;0;0;0;
38114;12000966;551981056;38387712;495190016;0;0;0;0;0;0;0;0;0;0;0;3457;0;0;0;0;0;0;
38115;4683263;551981056;38387712;495190016;0;0;0;0;0;0;0;0;0;0;0;2675;0;0;0;0;0;0;
38116;2936948;551981056;38387712;495190016;0;0;0;0;0;0;0;0;0;0;0;3076;0;0;0;0;0;0;
38117;4704774;551981056;38387712;495190016;0;0;0;0;0;0;0;0;0;0;0;3456;0;0;0;0;0;0;
38118;3079314;551981056;38387712;495190016;0;0;0;0;0;0;0;0;0;0;0;3376;0;0;0;0;0;0;
38119;4691809;551981056;38387712;495190016;0;0;0;0;0;0;0;0;0;0;0;2665;0;0;0;0;0;0;
38120;3065930;551981056;38387712;495190016;0;0;0;0;0;0;0;0;0;0;0;3145;0;0;0;0;0;0;
38121;4646654;551981056;38387712;495190016;0;0;0;0;0;0;0;0;0;0;0;2785;0;0;0;0;0;0;
38122;3197396;551981056;38387712;495190016;0;0;0;0;0;0;0;0;0;0;0;3296;0;0;0;0;0;0;
38123;4633550;551981056;38387712;495190016;0;0;0;0;0;0;0;0;0;0;0;2755;0;0;0;0;0;0;
38124;3235137;551981056;38387712;495190016;0;0;0;0;0;0;0;0;0;0;0;3146;0;0;0;0;0;0;
38125;4583596;551981056;38387712;495190016;0;0;0;0;0;0;0;0;0;0;0;2956;0;0;0;0;0;0;
38126;3569374;551981056;38387712;495190016;0;0;0;0;0;0;0;0;0;0;0;3897;0;0;0;0;0;0;
38127;4555273;551981056;38387712;495190016;0;0;0;0;0;0;0;0;0;0;0;2685;0;0;0;0;0;0;
38128;3118669;551981056;38387712;495190016;0;0;0;0;0;0;0;0;0;0;0;2856;0;0;0;0;0;0;
38129;4773873;551981056;38387712;495190016;0;0;0;0;0;0;0;0;0;0;0;2846;0;0;0;0;0;0;
38130;2927921;551981056;38387712;495190016;0;0;0;0;0;0;0;0;0;0;0;3487;0;0;0;0;0;0;
38131;4698051;551981056;38387712;495190016;0;0;0;0;0;0;0;0;0;0;0;3306;0;0;0;0;0;0;
38132;3229166;551981056;38387712;495190016;0;0;0;0;0;0;0;0;0;0;0;3246;0;0;0;0;0;0;
38133;4597081;551981056;38387712;495190016;0;0;0;0;0;0;0;0;0;0;0;2945;0;0;0;0;0;0;
38134;2958989;551981056;38387712;495190016;0;0;0;0;0;0;0;0;0;0;0;3046;0;0;0;0;0;0;
38135;4622098;551981056;38387712;495190016;0;0;0;0;0;0;0;0;0;0;0;2975;0;0;0;0;0;0;
38136;3023150;551981056;38387712;495190016;0;0;0;0;0;0;0;0;0;0;0;2685;0;0;0;0;0;0;
38137;4703450;551981056;38387712;495190016;0;0;0;0;0;0;0;0;0;0;0;2645;0;0;0;0;0;0;
38138;3040482;551981056;38387712;495190016;0;0;0;0;0;0;0;0;0;0;0;3967;0;0;0;0;0;0;
38139;4798650;551981056;38387712;495190016;0;0;0;0;0;0;0;0;0;0;0;3807;0;0;0;0;0;0;
38140;2906741;551981056;38387712;495190016;0;0;0;0;0;0;0;0;0;0;0;3125;0;0;0;0;0;0;
38141;4855335;551981056;38387712;495190016;0;0;0;0;0;0;0;0;0;0;0;2856;0;0;0;0;0;0;
38142;3013321;551981056;38387712;495190016;0;0;0;0;0;0;0;0;0;0;0;3356;0;0;0;0;0;0;
38143;4660441;551981056;38387712;495190016;0;0;0;0;0;0;0;0;0;0;0;3457;0;0;0;0;0;0;
38144;3112296;551981056;38387712;495190016;0;0;0;0;0;0;0;0;0;0;0;3607;0;0;0;0;0;0;
38145;4655411;551981056;38387712;495190016;0;0;0;0;0;0;0;0;0;0;0;3036;0;0;0;0;0;0;
38146;3020995;551981056;38387712;495190016;0;0;0;0;0;0;0;0;0;0;0;3286;0;0;0;0;0;0;
38147;4645813;551981056;38387712;495190016;0;0;0;0;0;0;0;0;0;0;0;2766;0;0;0;0;0;0;
38148;3131172;551981056;38387712;495190016;0;0;0;0;0;0;0;0;0;0;0;3586;0;0;0;0;0;0;
38149;4560022;551981056;38387712;495190016;0;0;0;0;0;0;0;0;0;0;0;2705;0;0;0;0;0;0;
38150;3300730;551981056;38387712;495190016;0;0;0;0;0;0;0;0;0;0;0;3317;0;0;0;0;0;0;
38151;4941537;551981056;38387712;495190016;0;0;0;0;0;0;0;0;0;0;0;2695;0;0;0;0;0;0;
38152;3028910;551981056;38387712;495190016;0;0;0;0;0;0;0;0;0;0;0;3406;0;0;0;0;0;0;
38153;4689034;551981056;38387712;495190016;0;0;0;0;0;0;0;0;0;0;0;3476;0;0;0;0;0;0;
38154;3123618;551981056;38387712;495190016;0;0;0;0;0;0;0;0;0;0;0;3146;0;0;0;0;0;0;
38155;4695165;551981056;38387712;495190016;0;0;0;0;0;0;0;0;0;0;0;3467;0;0;0;0;0;0;
38156;3201955;551981056;38387712;495190016;0;0;0;0;0;0;0;0;0;0;0;3416;0;0;0;0;0;0;
38157;5273610;551981056;38387712;495190016;0;0;0;0;0;0;0;0;0;0;0;2835;0;0;0;0;0;0;
38158;3236640;551981056;38387712;495190016;0;0;0;0;0;0;0;0;0;0;0;3056;0;0;0;0;0;0;
38159;4653357;551981056;38387712;495190016;0;0;0;0;0;0;0;0;0;0;0;2795;0;0;0;0;0;0;
38160;3130611;551981056;38387712;495190016;0;0;0;0;0;0;0;0;0;0;0;3386;0;0;0;0;0;0;
38161;4594146;551981056;38387712;495190016;0;0;0;0;0;0;0;0;0;0;0;2655;0;0;0;0;0;0;
38162;3033730;551981056;38387712;495190016;0;0;0;0;0;0;0;0;0;0;0;3456;0;0;0;0;0;0;
38163;4652165;551981056;38387712;495190016;0;0;0;0;0;0;0;0;0;0;0;2905;0;0;0;0;0;0;
38164;3013081;551981056;38387712;495190016;0;0;0;0;0;0;0;0;0;0;0;3607;0;0;0;0;0;0;
38165;4642978;551981056;38387712;495190016;0;0;0;0;0;0;0;0;0;0;0;3015;0;0;0;0;0;0;
38166;2978907;551981056;38387712;495190016;0;0;0;0;0;0;0;0;0;0;0;2985;0;0;0;0;0;0;
38167;5053397;551981056;38387712;495190016;0;0;0;0;0;0;0;0;0;0;0;3116;0;0;0;0;0;0;
38168;3123858;551981056;38387712;495190016;0;0;0;0;0;0;0;0;0;0;0;3276;0;0;0;0;0;0;
38169;4692330;551981056;38387712;495190016;0;0;0;0;0;0;0;0;0;0;0;2715;0;0;0;0;0;0;
38170;3292184;551981056;38387712;495190016;0;0;0;0;0;0;0;0;0;0;0;3336;0;0;0;0;0;0;
38171;4620816;551981056;38387712;495190016;0;0;0;0;0;0;0;0;0;0;0;2525;0;0;0;0;0;0;
38172;2939122;551981056;38387712;495190016;0;0;0;0;0;0;0;0;0;0;0;3156;0;0;0;0;0;0;
38173;4646544;551981056;38387712;495190016;0;0;0;0;0;0;0;0;0;0;0;2935;0;0;0;0;0;0;
38174;2907923;551981056;38387712;495190016;0;0;0;0;0;0;0;0;0;0;0;3446;0;0;0;0;0;0;
38175;4625534;551981056;38387712;495190016;0;0;0;0;0;0;0;0;0;0;0;2815;0;0;0;0;0;0;
38176;2973497;551981056;38387712;495190016;0;0;0;0;0;0;0;0;0;0;0;3567;0;0;0;0;0;0;
38177;4612830;551981056;38387712;495190016;0;0;0;0;0;0;0;0;0;0;0;2986;0;0;0;0;0;0;
38178;3237521;551981056;38387712;495190016;0;0;0;0;0;0;0;0;0;0;0;2955;0;0;0;0;0;0;
38179;4802667;551981056;38387712;495190016;0;0;0;0;0;0;0;0;0;0;0;2775;0;0;0;0;0;0;
38180;2818606;551981056;38387712;495190016;0;0;0;0;0;0;0;0;0;0;0;3266;0;0;0;0;0;0;
38181;4555173;551981056;38387712;495190016;0;0;0;0;0;0;0;0;0;0;0;2535;0;0;0;0;0;0;
38182;3046463;551981056;38387712;495190016;0;0;0;0;0;0;0;0;0;0;0;3406;0;0;0;0;0;0;
38183;4561655;551981056;38387712;495190016;0;0;0;0;0;0;0;0;0;0;0;2895;0;0;0;0;0;0;
38184;2928872;551981056;38387712;495190016;0;0;0;0;0;0;0;0;0;0;0;3146;0;0;0;0;0;0;
38185;4692791;551981056;38387712;495190016;0;0;0;0;0;0;0;0;0;0;0;3026;0;0;0;0;0;0;
38186;3076129;551981056;38387712;495190016;0;0;0;0;0;0;0;0;0;0;0;3477;0;0;0;0;0;0;
38187;4575501;551981056;38387712;495190016;0;0;0;0;0;0;0;0;0;0;0;2605;0;0;0;0;0;0;
38188;2986200;551981056;38387712;495190016;0;0;0;0;0;0;0;0;0;0;0;3075;0;0;0;0;0;0;
38189;4780575;551981056;38387712;495190016;0;0;0;0;0;0;0;0;0;0;0;3367;0;0;0;0;0;0;
38190;3099413;551981056;38387712;495190016;0;0;0;0;0;0;0;0;0;0;0;3116;0;0;0;0;0;0;
38191;4595448;551981056;38387712;495190016;0;0;0;0;0;0;0;0;0;0;0;2535;0;0;0;0;0;0;
38192;3547363;551981056;38387712;495190016;0;0;0;0;0;0;0;0;0;0;0;3406;0;0;0;0;0;0;
38193;4637347;551981056;38387712;495190016;0;0;0;0;0;0;0;0;0;0;0;2845;0;0;0;0;0;0;
38194;3376282;551981056;38387712;495190016;0;0;0;0;0;0;0;0;0;0;0;3367;0;0;0;0;0;0;
38195;4768382;551981056;38387712;495190016;0;0;0;0;0;0;0;0;0;0;0;3036;0;0;0;0;0;0;
38196;3108179;551981056;38387712;495190016;0;0;0;0;0;0;0;0;0;0;0;3436;0;0;0;0;0;0;
38197;4610146;551981056;38387712;495190016;0;0;0;0;0;0;0;0;0;0;0;2935;0;0;0;0;0;0;
38198;3057765;551981056;38387712;495190016;0;0;0;0;0;0;0;0;0;0;0;3356;0;0;0;0;0;0;
38199;4631506;551981056;38387712;495190016;0;0;0;0;0;0;0;0;0;0;0;3056;0;0;0;0;0;0;
38200;3749131;551981056;38387712;495190016;0;0;0;0;0;0;0;0;0;0;0;2845;0;0;0;0;0;0;
38201;4621186;551981056;38387712;495190016;0;0;0;0;0;0;0;0;0;0;0;3055;0;0;0;0;0;0;
38202;3176617;551981056;38387712;495190016;0;0;0;0;0;0;0;0;0;0;0;3025;0;0;0;0;0;0;
38203;4692750;551981056;38387712;495190016;0;0;0;0;0;0;0;0;0;0;0;3096;0;0;0;0;0;0;
38204;2996429;551981056;38387712;495190016;0;0;0;0;0;0;0;0;0;0;0;3076;0;0;0;0;0;0;
38205;4667353;551981056;38387712;495190016;0;0;0;0;0;0;0;0;0;0;0;2685;0;0;0;0;0;0;
38206;3316299;551981056;38387712;495190016;0;0;0;0;0;0;0;0;0;0;0;4288;0;0;0;0;0;0;
38207;4557787;551981056;38387712;495190016;0;0;0;0;0;0;0;0;0;0;0;3327;0;0;0;0;0;0;
38208;2998263;551981056;38387712;495190016;0;0;0;0;0;0;0;0;0;0;0;3226;0;0;0;0;0;0;
38209;4677833;551981056;38387712;495190016;0;0;0;0;0;0;0;0;0;0;0;2875;0;0;0;0;0;0;
38210;3086789;551981056;38387712;495190016;0;0;0;0;0;0;0;0;0;0;0;3226;0;0;0;0;0;0;
38211;4817785;551981056;38387712;495190016;0;0;0;0;0;0;0;0;0;0;0;2685;0;0;0;0;0;0;
38212;2952617;551981056;38387712;495190016;0;0;0;0;0;0;0;0;0;0;0;3357;0;0;0;0;0;0;
38213;4630494;551981056;38387712;495190016;0;0;0;0;0;0;0;0;0;0;0;2595;0;0;0;0;0;0;
38214;3131773;551981056;38387712;495190016;0;0;0;0;0;0;0;0;0;0;0;3547;0;0;0;0;0;0;
38215;4593936;551981056;38387712;495190016;0;0;0;0;0;0;0;0;0;0;0;3417;0;0;0;0;0;0;
38216;3280232;551981056;38387712;495190016;0;0;0;0;0;0;0;0;0;0;0;3095;0;0;0;0;0;0;
38217;4631876;551981056;38387712;495190016;0;0;0;0;0;0;0;0;0;0;0;3266;0;0;0;0;0;0;
38218;3275132;551981056;38387712;495190016;0;0;0;0;0;0;0;0;0;0;0;3626;0;0;0;0;0;0;
38219;4638369;551981056;38387712;495190016;0;0;0;0;0;0;0;0;0;0;0;2995;0;0;0;0;0;0;
38220;3081549;551981056;38387712;495190016;0;0;0;0;0;0;0;0;0;0;0;2975;0;0;0;0;0;0;
38221;4694203;551981056;38387712;495190016;0;0;0;0;0;0;0;0;0;0;0;3226;0;0;0;0;0;0;
38222;2913033;551981056;38387712;495190016;0;0;0;0;0;0;0;0;0;0;0;3216;0;0;0;0;0;0;
38223;4764244;551981056;38387712;495190016;0;0;0;0;0;0;0;0;0;0;0;2816;0;0;0;0;0;0;
38224;2984296;551981056;38387712;495190016;0;0;0;0;0;0;0;0;0;0;0;3476;0;0;0;0;0;0;
38225;4902985;551981056;38387712;495190016;0;0;0;0;0;0;0;0;0;0;0;3667;0;0;0;0;0;0;
38226;3090786;551981056;38387712;495190016;0;0;0;0;0;0;0;0;0;0;0;3226;0;0;0;0;0;0;
38227;4888047;551981056;38387712;495190016;0;0;0;0;0;0;0;0;0;0;0;3025;0;0;0;0;0;0;
38228;2956204;551981056;38387712;495190016;0;0;0;0;0;0;0;0;0;0;0;3947;0;0;0;0;0;0;
38229;4657234;551981056;38387712;495190016;0;0;0;0;0;0;0;0;0;0;0;2614;0;0;0;0;0;0;
38230;2847660;551981056;38387712;495190016;0;0;0;0;0;0;0;0;0;0;0;2906;0;0;0;0;0;0;
38231;4655581;551981056;38387712;495190016;0;0;0;0;0;0;0;0;0;0;0;3246;0;0;0;0;0;0;
38232;3048307;551981056;38387712;495190016;0;0;0;0;0;0;0;0;0;0;0;3306;0;0;0;0;0;0;
38233;4647436;551981056;38387712;495190016;0;0;0;0;0;0;0;0;0;0;0;3997;0;0;0;0;0;0;
38234;2839715;551981056;38387712;495190016;0;0;0;0;0;0;0;0;0;0;0;9277;0;0;0;0;0;0;
38235;4969801;551981056;38387712;495190016;0;0;0;0;0;0;0;0;0;0;0;3055;0;0;0;0;0;0;
38236;2936287;551981056;38387712;495190016;0;0;0;0;0;0;0;0;0;0;0;3236;0;0;0;0;0;0;
38237;4833745;551981056;38387712;495190016;0;0;0;0;0;0;0;0;0;0;0;3186;0;0;0;0;0;0;
38238;3124179;551981056;38387712;495190016;0;0;0;0;0;0;0;0;0;0;0;3076;0;0;0;0;0;0;
38239;4779884;551981056;38387712;495190016;0;0;0;0;0;0;0;0;0;0;0;3386;0;0;0;0;0;0;
38240;3274271;551981056;38387712;495190016;0;0;0;0;0;0;0;0;0;0;0;3376;0;0;0;0;0;0;
38241;4539303;551981056;38387712;495190016;0;0;0;0;0;0;0;0;0;0;0;2835;0;0;0;0;0;0;
38242;3164104;551981056;38387712;495190016;0;0;0;0;0;0;0;0;0;0;0;4128;0;0;0;0;0;0;
38243;4617489;551981056;38387712;495190016;0;0;0;0;0;0;0;0;0;0;0;3347;0;0;0;0;0;0;
38244;3107507;551981056;38387712;495190016;0;0;0;0;0;0;0;0;0;0;0;3587;0;0;0;0;0;0;
38245;4772460;551981056;38387712;495190016;0;0;0;0;0;0;0;0;0;0;0;3065;0;0;0;0;0;0;
38246;3039560;551981056;38387712;495190016;0;0;0;0;0;0;0;0;0;0;0;3616;0;0;0;0;0;0;
38247;4654409;551981056;38387712;495190016;0;0;0;0;0;0;0;0;0;0;0;3437;0;0;0;0;0;0;
38248;2913504;551981056;38387712;495190016;0;0;0;0;0;0;0;0;0;0;0;3236;0;0;0;0;0;0;
38249;4720423;551981056;38387712;495190016;0;0;0;0;0;0;0;0;0;0;0;3005;0;0;0;0;0;0;
38250;2948449;551981056;38387712;495190016;0;0;0;0;0;0;0;0;0;0;0;3466;0;0;0;0;0;0;
38251;4631085;551981056;38387712;495190016;0;0;0;0;0;0;0;0;0;0;0;2695;0;0;0;0;0;0;
38252;3051973;551981056;38387712;495190016;0;0;0;0;0;0;0;0;0;0;0;3336;0;0;0;0;0;0;
38253;4589087;551981056;38387712;495190016;0;0;0;0;0;0;0;0;0;0;0;2855;0;0;0;0;0;0;
38254;2955733;551981056;38387712;495190016;0;0;0;0;0;0;0;0;0;0;0;3216;0;0;0;0;0;0;
38255;4656213;551981056;38387712;495190016;0;0;0;0;0;0;0;0;0;0;0;2796;0;0;0;0;0;0;
38256;3162541;551981056;38387712;495190016;0;0;0;0;0;0;0;0;0;0;0;3717;0;0;0;0;0;0;
38257;4517662;551981056;38387712;495190016;0;0;0;0;0;0;0;0;0;0;0;3387;0;0;0;0;0;0;
38258;3167000;551981056;38387712;495190016;0;0;0;0;0;0;0;0;0;0;0;3356;0;0;0;0;0;0;
38259;4783601;551981056;38387712;495190016;0;0;0;0;0;0;0;0;0;0;0;3317;0;0;0;0;0;0;
38260;3003242;551981056;38387712;495190016;0;0;0;0;0;0;0;0;0;0;0;3556;0;0;0;0;0;0;
38261;4896753;551981056;38387712;495190016;0;0;0;0;0;0;0;0;0;0;0;3076;0;0;0;0;0;0;
38262;3092530;551981056;38387712;495190016;0;0;0;0;0;0;0;0;0;0;0;3496;0;0;0;0;0;0;
38263;5253642;551981056;38387712;495190016;0;0;0;0;0;0;0;0;0;0;0;2926;0;0;0;0;0;0;
38264;3237963;551981056;38387712;495190016;0;0;0;0;0;0;0;0;0;0;0;4127;0;0;0;0;0;0;
38265;4796766;551981056;38387712;495190016;0;0;0;0;0;0;0;0;0;0;0;3436;0;0;0;0;0;0;
38266;2999816;551981056;38387712;495190016;0;0;0;0;0;0;0;0;0;0;0;4318;0;0;0;0;0;0;
38267;4899438;551981056;38387712;495190016;0;0;0;0;0;0;0;0;0;0;0;3266;0;0;0;0;0;0;
38268;5692957;551981056;38387712;495190016;0;0;0;0;0;0;0;0;0;0;0;3327;0;0;0;0;0;0;
38269;4636556;551981056;38387712;495190016;0;0;0;0;0;0;0;0;0;0;0;3206;0;0;0;0;0;0;
38270;3229917;551981056;38387712;495190016;0;0;0;0;0;0;0;0;0;0;0;4118;0;0;0;0;0;0;
38271;4683283;551981056;38387712;495190016;0;0;0;0;0;0;0;0;0;0;0;2775;0;0;0;0;0;0;
38272;3247520;551981056;38387712;495190016;0;0;0;0;0;0;0;0;0;0;0;3877;0;0;0;0;0;0;
38273;4797276;551981056;38387712;495190016;0;0;0;0;0;0;0;0;0;0;0;3096;0;0;0;0;0;0;
38274;3743841;551981056;38387712;495190016;0;0;0;0;0;0;0;0;0;0;0;3216;0;0;0;0;0;0;
38275;4722857;551981056;38387712;495190016;0;0;0;0;0;0;0;0;0;0;0;2705;0;0;0;0;0;0;
38276;3291123;551981056;38387712;495190016;0;0;0;0;0;0;0;0;0;0;0;2955;0;0;0;0;0;0;
38277;4812245;551981056;38387712;495190016;0;0;0;0;0;0;0;0;0;0;0;3306;0;0;0;0;0;0;
38278;3052384;551981056;38387712;495190016;0;0;0;0;0;0;0;0;0;0;0;3667;0;0;0;0;0;0;
38279;4715133;551981056;38387712;495190016;0;0;0;0;0;0;0;0;0;0;0;3436;0;0;0;0;0;0;
38280;3266335;551981056;38387712;495190016;0;0;0;0;0;0;0;0;0;0;0;3396;0;0;0;0;0;0;
38281;4536368;551981056;38387712;495190016;0;0;0;0;0;0;0;0;0;0;0;2935;0;0;0;0;0;0;
38282;3130010;551981056;38387712;495190016;0;0;0;0;0;0;0;0;0;0;0;3486;0;0;0;0;0;0;
38283;4744317;551981056;38387712;495190016;0;0;0;0;0;0;0;0;0;0;0;2856;0;0;0;0;0;0;
38284;2993454;551981056;38387712;495190016;0;0;0;0;0;0;0;0;0;0;0;3467;0;0;0;0;0;0;
38285;4637837;551981056;38387712;495190016;0;0;0;0;0;0;0;0;0;0;0;2895;0;0;0;0;0;0;
38286;2879671;551981056;38387712;495190016;0;0;0;0;0;0;0;0;0;0;0;3026;0;0;0;0;0;0;
38287;4648848;551981056;38387712;495190016;0;0;0;0;0;0;0;0;0;0;0;3637;0;0;0;0;0;0;
38288;2990558;551981056;38387712;495190016;0;0;0;0;0;0;0;0;0;0;0;3156;0;0;0;0;0;0;
38289;4790063;551981056;38387712;495190016;0;0;0;0;0;0;0;0;0;0;0;3496;0;0;0;0;0;0;
38290;3100154;551981056;38387712;495190016;0;0;0;0;0;0;0;0;0;0;0;3035;0;0;0;0;0;0;
38291;4735662;551981056;38387712;495190016;0;0;0;0;0;0;0;0;0;0;0;3357;0;0;0;0;0;0;
38292;2911741;551981056;38387712;495190016;0;0;0;0;0;0;0;0;0;0;0;2946;0;0;0;0;0;0;
38293;4691217;551981056;38387712;495190016;0;0;0;0;0;0;0;0;0;0;0;2445;0;0;0;0;0;0;
38294;3157742;551981056;38387712;495190016;0;0;0;0;0;0;0;0;0;0;0;2896;0;0;0;0;0;0;
38295;4649389;551981056;38387712;495190016;0;0;0;0;0;0;0;0;0;0;0;3166;0;0;0;0;0;0;
38296;3513008;551981056;38387712;495190016;0;0;0;0;0;0;0;0;0;0;0;3276;0;0;0;0;0;0;
38297;4530316;551981056;38387712;495190016;0;0;0;0;0;0;0;0;0;0;0;3096;0;0;0;0;0;0;
38298;3098120;551981056;38387712;495190016;0;0;0;0;0;0;0;0;0;0;0;4058;0;0;0;0;0;0;
38299;4847842;551981056;38387712;495190016;0;0;0;0;0;0;0;0;0;0;0;3376;0;0;0;0;0;0;
38300;3028940;551981056;38387712;495190016;0;0;0;0;0;0;0;0;0;0;0;4398;0;0;0;0;0;0;
38301;4624603;551981056;38387712;495190016;0;0;0;0;0;0;0;0;0;0;0;3828;0;0;0;0;0;0;
38302;2993283;551981056;38387712;495190016;0;0;0;0;0;0;0;0;0;0;0;4518;0;0;0;0;0;0;
38303;4781878;551981056;38387712;495190016;0;0;0;0;0;0;0;0;0;0;0;4649;0;0;0;0;0;0;
38304;3147733;551981056;38387712;495190016;0;0;0;0;0;0;0;0;0;0;0;3306;0;0;0;0;0;0;
38305;4821141;551981056;38387712;495190016;0;0;0;0;0;0;0;0;0;0;0;3576;0;0;0;0;0;0;
38306;2950243;551981056;38387712;495190016;0;0;0;0;0;0;0;0;0;0;0;3156;0;0;0;0;0;0;
38307;4856969;551981056;38387712;495190016;0;0;0;0;0;0;0;0;0;0;0;2915;0;0;0;0;0;0;
38308;2974358;551981056;38387712;495190016;0;0;0;0;0;0;0;0;0;0;0;3607;0;0;0;0;0;0;
38309;4781487;551981056;38387712;495190016;0;0;0;0;0;0;0;0;0;0;0;3115;0;0;0;0;0;0;
38310;3133677;551981056;38387712;495190016;0;0;0;0;0;0;0;0;0;0;0;4248;0;0;0;0;0;0;
38311;4687691;551981056;38387712;495190016;0;0;0;0;0;0;0;0;0;0;0;3006;0;0;0;0;0;0;
38312;3154456;551981056;38387712;495190016;0;0;0;0;0;0;0;0;0;0;0;3927;0;0;0;0;0;0;
38313;4583425;551981056;38387712;495190016;0;0;0;0;0;0;0;0;0;0;0;3386;0;0;0;0;0;0;
38314;2947498;551981056;38387712;495190016;0;0;0;0;0;0;0;0;0;0;0;3837;0;0;0;0;0;0;
38315;4706066;551981056;38387712;495190016;0;0;0;0;0;0;0;0;0;0;0;3196;0;0;0;0;0;0;
38316;3291002;551981056;38387712;495190016;0;0;0;0;0;0;0;0;0;0;0;3677;0;0;0;0;0;0;
38317;4589567;551981056;38387712;495190016;0;0;0;0;0;0;0;0;0;0;0;2965;0;0;0;0;0;0;
38318;3359821;551981056;38387712;495190016;0;0;0;0;0;0;0;0;0;0;0;3907;0;0;0;0;0;0;
38319;4617088;551981056;38387712;495190016;0;0;0;0;0;0;0;0;0;0;0;3246;0;0;0;0;0;0;
38320;3121404;551981056;38387712;495190016;0;0;0;0;0;0;0;0;0;0;0;4198;0;0;0;0;0;0;
38321;4513334;551981056;38387712;495190016;0;0;0;0;0;0;0;0;0;0;0;3086;0;0;0;0;0;0;
38322;3234796;551981056;38387712;495190016;0;0;0;0;0;0;0;0;0;0;0;3757;0;0;0;0;0;0;
38323;4587964;551981056;38387712;495190016;0;0;0;0;0;0;0;0;0;0;0;3176;0;0;0;0;0;0;
38324;3212104;551981056;38387712;495190016;0;0;0;0;0;0;0;0;0;0;0;2715;0;0;0;0;0;0;
38325;4689635;551981056;38387712;495190016;0;0;0;0;0;0;0;0;0;0;0;2886;0;0;0;0;0;0;
38326;3235267;551981056;38387712;495190016;0;0;0;0;0;0;0;0;0;0;0;3446;0;0;0;0;0;0;
38327;4764595;551981056;38387712;495190016;0;0;0;0;0;0;0;0;0;0;0;3246;0;0;0;0;0;0;
38328;3079405;551981056;38387712;495190016;0;0;0;0;0;0;0;0;0;0;0;3477;0;0;0;0;0;0;
38329;4810982;551981056;38387712;495190016;0;0;0;0;0;0;0;0;0;0;0;2875;0;0;0;0;0;0;
38330;3134749;551981056;38387712;495190016;0;0;0;0;0;0;0;0;0;0;0;3817;0;0;0;0;0;0;
38331;4584788;551981056;38387712;495190016;0;0;0;0;0;0;0;0;0;0;0;2816;0;0;0;0;0;0;
38332;3192537;551981056;38387712;495190016;0;0;0;0;0;0;0;0;0;0;0;3346;0;0;0;0;0;0;
38333;4575410;551981056;38387712;495190016;0;0;0;0;0;0;0;0;0;0;0;2354;0;0;0;0;0;0;
38334;3153023;551981056;38387712;495190016;0;0;0;0;0;0;0;0;0;0;0;3176;0;0;0;0;0;0;
38335;5042687;551981056;38387712;495190016;0;0;0;0;0;0;0;0;0;0;0;2886;0;0;0;0;0;0;
38336;3264883;551981056;38387712;495190016;0;0;0;0;0;0;0;0;0;0;0;3136;0;0;0;0;0;0;
38337;4913314;551981056;38387712;495190016;0;0;0;0;0;0;0;0;0;0;0;3165;0;0;0;0;0;0;
38338;3095125;551981056;38387712;495190016;0;0;0;0;0;0;0;0;0;0;0;3978;0;0;0;0;0;0;
38339;4682752;551981056;38387712;495190016;0;0;0;0;0;0;0;0;0;0;0;3707;0;0;0;0;0;0;
38340;3037747;551981056;38387712;495190016;0;0;0;0;0;0;0;0;0;0;0;2886;0;0;0;0;0;0;
38341;4699033;551981056;38387712;495190016;0;0;0;0;0;0;0;0;0;0;0;3086;0;0;0;0;0;0;
38342;3452886;551981056;38387712;495190016;0;0;0;0;0;0;0;0;0;0;0;3476;0;0;0;0;0;0;
38343;4909617;551981056;38395904;495198208;0;0;0;0;0;0;0;0;0;0;0;3216;0;0;0;0;0;0;
38344;3246668;551981056;38395904;495198208;0;0;0;0;0;0;0;0;0;0;0;3006;0;0;0;0;0;0;
38345;4651233;551981056;38395904;495198208;0;0;0;0;0;0;0;0;0;0;0;3697;0;0;0;0;0;0;
38346;3067052;551981056;38395904;495198208;0;0;0;0;0;0;0;0;0;0;0;2995;0;0;0;0;0;0;
38347;4752012;551981056;38395904;495198208;0;0;0;0;0;0;0;0;0;0;0;3617;0;0;0;0;0;0;
38348;3539598;551981056;38395904;495198208;0;0;0;0;0;0;0;0;0;0;0;3707;0;0;0;0;0;0;
38349;4706647;551981056;38395904;495198208;0;0;0;0;0;0;0;0;0;0;0;3807;0;0;0;0;0;0;
38350;3237471;552046592;38387712;495190016;0;0;0;0;0;0;0;0;0;0;0;3546;0;0;0;0;0;0;
38351;5013432;552046592;38387712;495190016;0;0;0;0;0;0;0;0;0;0;0;3306;0;0;0;0;0;0;
38352;3150899;552046592;38387712;495190016;0;0;0;0;0;0;0;0;0;0;0;4198;0;0;0;0;0;0;
38353;4974359;552046592;38387712;495190016;0;0;0;0;0;0;0;0;0;0;0;3206;0;0;0;0;0;0;
38354;3222363;552046592;38387712;495190016;0;0;0;0;0;0;0;0;0;0;0;3767;0;0;0;0;0;0;
38355;4787298;552046592;38387712;495190016;0;0;0;0;0;0;0;0;0;0;0;3437;0;0;0;0;0;0;
38356;3113238;552046592;38387712;495190016;0;0;0;0;0;0;0;0;0;0;0;3266;0;0;0;0;0;0;
38357;4575912;552046592;38387712;495190016;0;0;0;0;0;0;0;0;0;0;0;4098;0;0;0;0;0;0;
38358;3259904;552046592;38387712;495190016;0;0;0;0;0;0;0;0;0;0;0;3476;0;0;0;0;0;0;
38359;4589397;552046592;38387712;495190016;0;0;0;0;0;0;0;0;0;0;0;2925;0;0;0;0;0;0;
38360;3727651;552046592;38387712;495190016;0;0;0;0;0;0;0;0;0;0;0;3546;0;0;0;0;0;0;
38361;4773082;552046592;38387712;495190016;0;0;0;0;0;0;0;0;0;0;0;3136;0;0;0;0;0;0;
38362;3921906;552046592;38387712;495190016;0;0;0;0;0;0;0;0;0;0;0;3967;0;0;0;0;0;0;
38363;4671401;552046592;38387712;495190016;0;0;0;0;0;0;0;0;0;0;0;2675;0;0;0;0;0;0;
38364;3295059;552046592;38387712;495190016;0;0;0;0;0;0;0;0;0;0;0;3546;0;0;0;0;0;0;
38365;7763719;552046592;38387712;495190016;0;0;0;0;0;0;0;0;0;0;0;3617;0;0;0;0;0;0;
38366;9289661;552046592;38387712;495190016;0;0;0;0;0;0;0;0;0;0;0;4058;0;0;0;0;0;0;
38367;4787299;552046592;38387712;495190016;0;0;0;0;0;0;0;0;0;0;0;4007;0;0;0;0;0;0;
38368;3085617;552046592;38387712;495190016;0;0;0;0;0;0;0;0;0;0;0;3347;0;0;0;0;0;0;
38369;5041354;552046592;38387712;495190016;0;0;0;0;0;0;0;0;0;0;0;2876;0;0;0;0;0;0;
38370;3056853;552046592;38387712;495190016;0;0;0;0;0;0;0;0;0;0;0;3296;0;0;0;0;0;0;
38371;4964902;552046592;38387712;495190016;0;0;0;0;0;0;0;0;0;0;0;3146;0;0;0;0;0;0;
38372;2967536;552046592;38387712;495190016;0;0;0;0;0;0;0;0;0;0;0;4178;0;0;0;0;0;0;
38373;4898617;552046592;38387712;495190016;0;0;0;0;0;0;0;0;0;0;0;3176;0;0;0;0;0;0;
38374;3153714;552046592;38387712;495190016;0;0;0;0;0;0;0;0;0;0;0;3146;0;0;0;0;0;0;
38375;4740159;552046592;38387712;495190016;0;0;0;0;0;0;0;0;0;0;0;4228;0;0;0;0;0;0;
38376;2931909;552046592;38387712;495190016;0;0;0;0;0;0;0;0;0;0;0;3326;0;0;0;0;0;0;
38377;4876655;552046592;38387712;495190016;0;0;0;0;0;0;0;0;0;0;0;3066;0;0;0;0;0;0;
38378;2910188;552046592;38387712;495190016;0;0;0;0;0;0;0;0;0;0;0;3807;0;0;0;0;0;0;
38379;4822624;552046592;38387712;495190016;0;0;0;0;0;0;0;0;0;0;0;3657;0;0;0;0;0;0;
38380;2894629;552046592;38387712;495190016;0;0;0;0;0;0;0;0;0;0;0;3196;0;0;0;0;0;0;
38381;4907013;552046592;38387712;495190016;0;0;0;0;0;0;0;0;0;0;0;3276;0;0;0;0;0;0;
38382;2967004;552046592;38387712;495190016;0;0;0;0;0;0;0;0;0;0;0;4188;0;0;0;0;0;0;
38383;4701657;552046592;38387712;495190016;0;0;0;0;0;0;0;0;0;0;0;3506;0;0;0;0;0;0;
38384;3065028;552046592;38387712;495190016;0;0;0;0;0;0;0;0;0;0;0;4528;0;0;0;0;0;0;
38385;4612641;552046592;38387712;495190016;0;0;0;0;0;0;0;0;0;0;0;3998;0;0;0;0;0;0;
38386;3043467;552046592;38387712;495190016;0;0;0;0;0;0;0;0;0;0;0;3447;0;0;0;0;0;0;
38387;4779945;552046592;38387712;495190016;0;0;0;0;0;0;0;0;0;0;0;3917;0;0;0;0;0;0;
38388;2853151;552046592;38387712;495190016;0;0;0;0;0;0;0;0;0;0;0;3676;0;0;0;0;0;0;
38389;4612901;552046592;38387712;495190016;0;0;0;0;0;0;0;0;0;0;0;3146;0;0;0;0;0;0;
38390;3112627;552046592;38387712;495190016;0;0;0;0;0;0;0;0;0;0;0;3937;0;0;0;0;0;0;
38391;4839686;552046592;38387712;495190016;0;0;0;0;0;0;0;0;0;0;0;3276;0;0;0;0;0;0;
38392;2989436;552046592;38387712;495190016;0;0;0;0;0;0;0;0;0;0;0;3226;0;0;0;0;0;0;
38393;4718128;552046592;38387712;495190016;0;0;0;0;0;0;0;0;0;0;0;2775;0;0;0;0;0;0;
38394;2933381;552046592;38387712;495190016;0;0;0;0;0;0;0;0;0;0;0;3387;0;0;0;0;0;0;
38395;4812195;552046592;38387712;495190016;0;0;0;0;0;0;0;0;0;0;0;3266;0;0;0;0;0;0;
38396;3141611;552046592;38387712;495190016;0;0;0;0;0;0;0;0;0;0;0;3256;0;0;0;0;0;0;
38397;4689425;552046592;38387712;495190016;0;0;0;0;0;0;0;0;0;0;0;3026;0;0;0;0;0;0;
38398;2955733;552046592;38387712;495190016;0;0;0;0;0;0;0;0;0;0;0;4108;0;0;0;0;0;0;
38399;4962997;552046592;38387712;495190016;0;0;0;0;0;0;0;0;0;0;0;3436;0;0;0;0;0;0;
38400;2793619;552046592;38387712;495190016;0;0;0;0;0;0;0;0;0;0;0;2995;0;0;0;0;0;0;
38401;4725492;552046592;38387712;495190016;0;0;0;0;0;0;0;0;0;0;0;3286;0;0;0;0;0;0;
38402;2915026;552046592;38387712;495190016;0;0;0;0;0;0;0;0;0;0;0;3637;0;0;0;0;0;0;
38403;4660661;552046592;38387712;495190016;0;0;0;0;0;0;0;0;0;0;0;3546;0;0;0;0;0;0;
38404;3174303;552046592;38387712;495190016;0;0;0;0;0;0;0;0;0;0;0;3917;0;0;0;0;0;0;
38405;4738015;552046592;38387712;495190016;0;0;0;0;0;0;0;0;0;0;0;2976;0;0;0;0;0;0;
38406;3087350;552046592;38387712;495190016;0;0;0;0;0;0;0;0;0;0;0;3647;0;0;0;0;0;0;
38407;4693031;552046592;38387712;495190016;0;0;0;0;0;0;0;0;0;0;0;3166;0;0;0;0;0;0;
38408;3150028;552046592;38387712;495190016;0;0;0;0;0;0;0;0;0;0;0;3075;0;0;0;0;0;0;
38409;4749357;552046592;38387712;495190016;0;0;0;0;0;0;0;0;0;0;0;3526;0;0;0;0;0;0;
38410;3531743;552046592;38387712;495190016;0;0;0;0;0;0;0;0;0;0;0;3076;0;0;0;0;0;0;
38411;4931318;552046592;38387712;495190016;0;0;0;0;0;0;0;0;0;0;0;2945;0;0;0;0;0;0;
38412;3141281;552046592;38387712;495190016;0;0;0;0;0;0;0;0;0;0;0;3587;0;0;0;0;0;0;
38413;4800082;552046592;38387712;495190016;0;0;0;0;0;0;0;0;0;0;0;3075;0;0;0;0;0;0;
38414;2992723;552046592;38387712;495190016;0;0;0;0;0;0;0;0;0;0;0;3306;0;0;0;0;0;0;
38415;4795774;552046592;38387712;495190016;0;0;0;0;0;0;0;0;0;0;0;3477;0;0;0;0;0;0;
38416;2951716;552046592;38387712;495190016;0;0;0;0;0;0;0;0;0;0;0;3527;0;0;0;0;0;0;
38417;4712228;552046592;38387712;495190016;0;0;0;0;0;0;0;0;0;0;0;3106;0;0;0;0;0;0;
38418;3124460;552046592;38387712;495190016;0;0;0;0;0;0;0;0;0;0;0;3487;0;0;0;0;0;0;
38419;4640052;552046592;38387712;495190016;0;0;0;0;0;0;0;0;0;0;0;3156;0;0;0;0;0;0;
38420;3182768;552046592;38387712;495190016;0;0;0;0;0;0;0;0;0;0;0;3397;0;0;0;0;0;0;
38421;4709702;552046592;38387712;495190016;0;0;0;0;0;0;0;0;0;0;0;3266;0;0;0;0;0;0;
38422;3376052;552046592;38387712;495190016;0;0;0;0;0;0;0;0;0;0;0;2915;0;0;0;0;0;0;
38423;4732816;552046592;38387712;495190016;0;0;0;0;0;0;0;0;0;0;0;3577;0;0;0;0;0;0;
38424;3218095;552046592;38387712;495190016;0;0;0;0;0;0;0;0;0;0;0;3076;0;0;0;0;0;0;
38425;4896112;552046592;38387712;495190016;0;0;0;0;0;0;0;0;0;0;0;3196;0;0;0;0;0;0;
38426;3012530;552046592;38387712;495190016;0;0;0;0;0;0;0;0;0;0;0;3206;0;0;0;0;0;0;
38427;4777199;552046592;38387712;495190016;0;0;0;0;0;0;0;0;0;0;0;3506;0;0;0;0;0;0;
38428;3705629;552046592;38387712;495190016;0;0;0;0;0;0;0;0;0;0;0;3367;0;0;0;0;0;0;
38429;4606458;552046592;38387712;495190016;0;0;0;0;0;0;0;0;0;0;0;2695;0;0;0;0;0;0;
38430;3086709;552046592;38387712;495190016;0;0;0;0;0;0;0;0;0;0;0;3978;0;0;0;0;0;0;
38431;4697500;552046592;38387712;495190016;0;0;0;0;0;0;0;0;0;0;0;3046;0;0;0;0;0;0;
38432;3276254;552046592;38387712;495190016;0;0;0;0;0;0;0;0;0;0;0;4228;0;0;0;0;0;0;
38433;4638409;552046592;38387712;495190016;0;0;0;0;0;0;0;0;0;0;0;2755;0;0;0;0;0;0;
38434;3359700;552046592;38387712;495190016;0;0;0;0;0;0;0;0;0;0;0;3877;0;0;0;0;0;0;
38435;4760507;552046592;38387712;495190016;0;0;0;0;0;0;0;0;0;0;0;2795;0;0;0;0;0;0;
38436;3288226;552046592;38387712;495190016;0;0;0;0;0;0;0;0;0;0;0;3637;0;0;0;0;0;0;
38437;4587764;552046592;38387712;495190016;0;0;0;0;0;0;0;0;0;0;0;3326;0;0;0;0;0;0;
38438;3113429;552046592;38387712;495190016;0;0;0;0;0;0;0;0;0;0;0;3397;0;0;0;0;0;0;
38439;4848263;552046592;38387712;495190016;0;0;0;0;0;0;0;0;0;0;0;3386;0;0;0;0;0;0;
38440;2806303;552046592;38387712;495190016;0;0;0;0;0;0;0;0;0;0;0;3958;0;0;0;0;0;0;
38441;4678213;552046592;38387712;495190016;0;0;0;0;0;0;0;0;0;0;0;2905;0;0;0;0;0;0;
38442;3030183;552046592;38387712;495190016;0;0;0;0;0;0;0;0;0;0;0;3306;0;0;0;0;0;0;
38443;4621156;552046592;38387712;495190016;0;0;0;0;0;0;0;0;0;0;0;2986;0;0;0;0;0;0;
38444;3044510;552046592;38387712;495190016;0;0;0;0;0;0;0;0;0;0;0;3136;0;0;0;0;0;0;
38445;4688402;552046592;38387712;495190016;0;0;0;0;0;0;0;0;0;0;0;2815;0;0;0;0;0;0;
38446;3087450;552046592;38387712;495190016;0;0;0;0;0;0;0;0;0;0;0;3647;0;0;0;0;0;0;
38447;5230349;552046592;38387712;495190016;0;0;0;0;0;0;0;0;0;0;0;3436;0;0;0;0;0;0;
38448;3004835;552046592;38387712;495190016;0;0;0;0;0;0;0;0;0;0;0;3828;0;0;0;0;0;0;
38449;4655671;552046592;38387712;495190016;0;0;0;0;0;0;0;0;0;0;0;3166;0;0;0;0;0;0;
38450;3116204;552046592;38387712;495190016;0;0;0;0;0;0;0;0;0;0;0;3497;0;0;0;0;0;0;
38451;4743456;552046592;38387712;495190016;0;0;0;0;0;0;0;0;0;0;0;3016;0;0;0;0;0;0;
38452;3084194;552046592;38387712;495190016;0;0;0;0;0;0;0;0;0;0;0;3777;0;0;0;0;0;0;
38453;4488067;552046592;38387712;495190016;0;0;0;0;0;0;0;0;0;0;0;2775;0;0;0;0;0;0;
38454;3246268;552046592;38387712;495190016;0;0;0;0;0;0;0;0;0;0;0;3827;0;0;0;0;0;0;
38455;4797086;552046592;38387712;495190016;0;0;0;0;0;0;0;0;0;0;0;2925;0;0;0;0;0;0;
38456;3072051;552046592;38387712;495190016;0;0;0;0;0;0;0;0;0;0;0;3125;0;0;0;0;0;0;
38457;4725993;552046592;38387712;495190016;0;0;0;0;0;0;0;0;0;0;0;2585;0;0;0;0;0;0;
38458;2959851;552046592;38387712;495190016;0;0;0;0;0;0;0;0;0;0;0;3607;0;0;0;0;0;0;
38459;4808277;552046592;38387712;495190016;0;0;0;0;0;0;0;0;0;0;0;2675;0;0;0;0;0;0;
38460;3112828;552046592;38387712;495190016;0;0;0;0;0;0;0;0;0;0;0;3677;0;0;0;0;0;0;
38461;4764685;552046592;38387712;495190016;0;0;0;0;0;0;0;0;0;0;0;2584;0;0;0;0;0;0;
38462;2974248;552046592;38387712;495190016;0;0;0;0;0;0;0;0;0;0;0;3457;0;0;0;0;0;0;
38463;4694755;552046592;38387712;495190016;0;0;0;0;0;0;0;0;0;0;0;3086;0;0;0;0;0;0;
38464;3237211;552046592;38387712;495190016;0;0;0;0;0;0;0;0;0;0;0;3176;0;0;0;0;0;0;
38465;4569179;552046592;38387712;495190016;0;0;0;0;0;0;0;0;0;0;0;3196;0;0;0;0;0;0;
38466;2995497;552046592;38387712;495190016;0;0;0;0;0;0;0;0;0;0;0;2866;0;0;0;0;0;0;
38467;4948941;552046592;38395904;495198208;0;0;0;0;0;0;0;0;0;0;0;3387;0;0;0;0;0;0;
38468;2912201;552046592;38395904;495198208;0;0;0;0;0;0;0;0;0;0;0;3777;0;0;0;0;0;0;
38469;4627970;552046592;38395904;495198208;0;0;0;0;0;0;0;0;0;0;0;3216;0;0;0;0;0;0;
38470;2995388;552046592;38395904;495198208;0;0;0;0;0;0;0;0;0;0;0;3967;0;0;0;0;0;0;
38471;4748185;552046592;38395904;495198208;0;0;0;0;0;0;0;0;0;0;0;3226;0;0;0;0;0;0;
38472;2944132;552046592;38395904;495198208;0;0;0;0;0;0;0;0;0;0;0;3526;0;0;0;0;0;0;
38473;4687791;552046592;38395904;495198208;0;0;0;0;0;0;0;0;0;0;0;3086;0;0;0;0;0;0;
38474;3241319;552067072;38387712;495190016;0;0;0;0;0;0;0;0;0;0;0;3306;0;0;0;0;0;0;
38475;4695275;552067072;38387712;495190016;0;0;0;0;0;0;0;0;0;0;0;2855;0;0;0;0;0;0;
38476;3042937;552067072;38387712;495190016;0;0;0;0;0;0;0;0;0;0;0;3236;0;0;0;0;0;0;
38477;4706837;552067072;38387712;495190016;0;0;0;0;0;0;0;0;0;0;0;3006;0;0;0;0;0;0;
38478;3319706;552067072;38387712;495190016;0;0;0;0;0;0;0;0;0;0;0;3306;0;0;0;0;0;0;
38479;4771388;552067072;38387712;495190016;0;0;0;0;0;0;0;0;0;0;0;3085;0;0;0;0;0;0;
38480;2929494;552067072;38387712;495190016;0;0;0;0;0;0;0;0;0;0;0;3336;0;0;0;0;0;0;
38481;4720954;552067072;38387712;495190016;0;0;0;0;0;0;0;0;0;0;0;2875;0;0;0;0;0;0;
38482;2910107;552067072;38387712;495190016;0;0;0;0;0;0;0;0;0;0;0;4248;0;0;0;0;0;0;
38483;4654319;552067072;38387712;495190016;0;0;0;0;0;0;0;0;0;0;0;2856;0;0;0;0;0;0;
38484;2948590;552067072;38387712;495190016;0;0;0;0;0;0;0;0;0;0;0;4068;0;0;0;0;0;0;
38485;4722657;552067072;38387712;495190016;0;0;0;0;0;0;0;0;0;0;0;3226;0;0;0;0;0;0;
38486;2842390;552067072;38387712;495190016;0;0;0;0;0;0;0;0;0;0;0;3547;0;0;0;0;0;0;
38487;4756811;552067072;38387712;495190016;0;0;0;0;0;0;0;0;0;0;0;3055;0;0;0;0;0;0;
38488;2899087;552067072;38387712;495190016;0;0;0;0;0;0;0;0;0;0;0;3707;0;0;0;0;0;0;
38489;4619533;552067072;38387712;495190016;0;0;0;0;0;0;0;0;0;0;0;2765;0;0;0;0;0;0;
38490;3151010;552067072;38387712;495190016;0;0;0;0;0;0;0;0;0;0;0;3266;0;0;0;0;0;0;
38491;4869772;552067072;38387712;495190016;0;0;0;0;0;0;0;0;0;0;0;3526;0;0;0;0;0;0;
38492;2868379;552067072;38387712;495190016;0;0;0;0;0;0;0;0;0;0;0;68038;0;0;0;0;0;0;
38493;4701507;552067072;38387712;495190016;0;0;0;0;0;0;0;0;0;0;0;3406;0;0;0;0;0;0;
38494;2969199;552067072;38387712;495190016;0;0;0;0;0;0;0;0;0;0;0;3757;0;0;0;0;0;0;
38495;4576653;552067072;38387712;495190016;0;0;0;0;0;0;0;0;0;0;0;2996;0;0;0;0;0;0;
38496;3329544;552067072;38387712;495190016;0;0;0;0;0;0;0;0;0;0;0;3186;0;0;0;0;0;0;
38497;4587013;552067072;38387712;495190016;0;0;0;0;0;0;0;0;0;0;0;3788;0;0;0;0;0;0;
38498;2991450;552067072;38387712;495190016;0;0;0;0;0;0;0;0;0;0;0;3637;0;0;0;0;0;0;
38499;4543241;552067072;38387712;495190016;0;0;0;0;0;0;0;0;0;0;0;2966;0;0;0;0;0;0;
38500;3136672;552067072;38387712;495190016;0;0;0;0;0;0;0;0;0;0;0;3216;0;0;0;0;0;0;
38501;4776658;552067072;38387712;495190016;0;0;0;0;0;0;0;0;0;0;0;3497;0;0;0;0;0;0;
38502;3170947;552067072;38387712;495190016;0;0;0;0;0;0;0;0;0;0;0;3938;0;0;0;0;0;0;
38503;4681339;552067072;38387712;495190016;0;0;0;0;0;0;0;0;0;0;0;2294;0;0;0;0;0;0;
38504;3043047;552067072;38387712;495190016;0;0;0;0;0;0;0;0;0;0;0;3266;0;0;0;0;0;0;
38505;4619113;552067072;38387712;495190016;0;0;0;0;0;0;0;0;0;0;0;3276;0;0;0;0;0;0;
38506;3030924;552067072;38387712;495190016;0;0;0;0;0;0;0;0;0;0;0;3457;0;0;0;0;0;0;
38507;4823405;552067072;38387712;495190016;0;0;0;0;0;0;0;0;0;0;0;3446;0;0;0;0;0;0;
38508;3004755;552067072;38387712;495190016;0;0;0;0;0;0;0;0;0;0;0;3597;0;0;0;0;0;0;
38509;4908926;552067072;38387712;495190016;0;0;0;0;0;0;0;0;0;0;0;3446;0;0;0;0;0;0;
38510;2890852;552067072;38387712;495190016;0;0;0;0;0;0;0;0;0;0;0;3707;0;0;0;0;0;0;
38511;4748956;552067072;38387712;495190016;0;0;0;0;0;0;0;0;0;0;0;2935;0;0;0;0;0;0;
38512;2933541;552067072;38387712;495190016;0;0;0;0;0;0;0;0;0;0;0;3837;0;0;0;0;0;0;
38513;4810061;552067072;38387712;495190016;0;0;0;0;0;0;0;0;0;0;0;3727;0;0;0;0;0;0;
38514;3118789;552067072;38387712;495190016;0;0;0;0;0;0;0;0;0;0;0;3617;0;0;0;0;0;0;
38515;4653367;552067072;38387712;495190016;0;0;0;0;0;0;0;0;0;0;0;2895;0;0;0;0;0;0;
38516;3012149;552067072;38387712;495190016;0;0;0;0;0;0;0;0;0;0;0;3497;0;0;0;0;0;0;
38517;4696357;552067072;38387712;495190016;0;0;0;0;0;0;0;0;0;0;0;3396;0;0;0;0;0;0;
38518;2910979;552067072;38387712;495190016;0;0;0;0;0;0;0;0;0;0;0;3266;0;0;0;0;0;0;
38519;4847060;552067072;38387712;495190016;0;0;0;0;0;0;0;0;0;0;0;2746;0;0;0;0;0;0;
38520;2903636;552067072;38387712;495190016;0;0;0;0;0;0;0;0;0;0;0;3246;0;0;0;0;0;0;
38521;4635403;552067072;38387712;495190016;0;0;0;0;0;0;0;0;0;0;0;3447;0;0;0;0;0;0;
38522;3192347;552067072;38387712;495190016;0;0;0;0;0;0;0;0;0;0;0;3687;0;0;0;0;0;0;
38523;4603092;552067072;38387712;495190016;0;0;0;0;0;0;0;0;0;0;0;2745;0;0;0;0;0;0;
38524;3136161;552067072;38387712;495190016;0;0;0;0;0;0;0;0;0;0;0;3807;0;0;0;0;0;0;
38525;4503065;552067072;38387712;495190016;0;0;0;0;0;0;0;0;0;0;0;3036;0;0;0;0;0;0;
38526;3251157;552067072;38387712;495190016;0;0;0;0;0;0;0;0;0;0;0;3617;0;0;0;0;0;0;
38527;4591000;552067072;38387712;495190016;0;0;0;0;0;0;0;0;0;0;0;2855;0;0;0;0;0;0;
38528;3112026;552067072;38387712;495190016;0;0;0;0;0;0;0;0;0;0;0;3377;0;0;0;0;0;0;
38529;4619323;552067072;38387712;495190016;0;0;0;0;0;0;0;0;0;0;0;2936;0;0;0;0;0;0;
38530;2943901;552067072;38387712;495190016;0;0;0;0;0;0;0;0;0;0;0;3597;0;0;0;0;0;0;
38531;4875644;552067072;38387712;495190016;0;0;0;0;0;0;0;0;0;0;0;2755;0;0;0;0;0;0;
38532;2924825;552067072;38387712;495190016;0;0;0;0;0;0;0;0;0;0;0;4048;0;0;0;0;0;0;
38533;4606769;552067072;38387712;495190016;0;0;0;0;0;0;0;0;0;0;0;3547;0;0;0;0;0;0;
38534;2959871;552067072;38387712;495190016;0;0;0;0;0;0;0;0;0;0;0;3897;0;0;0;0;0;0;
38535;4684284;552067072;38387712;495190016;0;0;0;0;0;0;0;0;0;0;0;3386;0;0;0;0;0;0;
38536;3250506;552067072;38387712;495190016;0;0;0;0;0;0;0;0;0;0;0;3927;0;0;0;0;0;0;
38537;4672473;552067072;38387712;495190016;0;0;0;0;0;0;0;0;0;0;0;3496;0;0;0;0;0;0;
38538;3023861;552067072;38387712;495190016;0;0;0;0;0;0;0;0;0;0;0;3156;0;0;0;0;0;0;
38539;4710033;552067072;38387712;495190016;0;0;0;0;0;0;0;0;0;0;0;3206;0;0;0;0;0;0;
38540;3117095;552067072;38387712;495190016;0;0;0;0;0;0;0;0;0;0;0;3416;0;0;0;0;0;0;
38541;4616137;552067072;38387712;495190016;0;0;0;0;0;0;0;0;0;0;0;3246;0;0;0;0;0;0;
38542;2915949;552067072;38387712;495190016;0;0;0;0;0;0;0;0;0;0;0;3286;0;0;0;0;0;0;
38543;4682382;552067072;38387712;495190016;0;0;0;0;0;0;0;0;0;0;0;3086;0;0;0;0;0;0;
38544;3069877;552067072;38387712;495190016;0;0;0;0;0;0;0;0;0;0;0;3577;0;0;0;0;0;0;
38545;4769394;552067072;38387712;495190016;0;0;0;0;0;0;0;0;0;0;0;2775;0;0;0;0;0;0;
38546;3041063;552067072;38387712;495190016;0;0;0;0;0;0;0;0;0;0;0;2965;0;0;0;0;0;0;
38547;4940806;552067072;38387712;495190016;0;0;0;0;0;0;0;0;0;0;0;2775;0;0;0;0;0;0;
38548;2962997;552067072;38387712;495190016;0;0;0;0;0;0;0;0;0;0;0;3437;0;0;0;0;0;0;
38549;4744047;552067072;38387712;495190016;0;0;0;0;0;0;0;0;0;0;0;3447;0;0;0;0;0;0;
38550;2944923;552067072;38387712;495190016;0;0;0;0;0;0;0;0;0;0;0;3486;0;0;0;0;0;0;
38551;4716816;552067072;38387712;495190016;0;0;0;0;0;0;0;0;0;0;0;3557;0;0;0;0;0;0;
38552;3073965;552067072;38387712;495190016;0;0;0;0;0;0;0;0;0;0;0;2945;0;0;0;0;0;0;
38553;4855165;552067072;38387712;495190016;0;0;0;0;0;0;0;0;0;0;0;3135;0;0;0;0;0;0;
38554;2911731;552067072;38387712;495190016;0;0;0;0;0;0;0;0;0;0;0;3065;0;0;0;0;0;0;
38555;4820070;552067072;38387712;495190016;0;0;0;0;0;0;0;0;0;0;0;3576;0;0;0;0;0;0;
38556;2891503;552067072;38387712;495190016;0;0;0;0;0;0;0;0;0;0;0;2745;0;0;0;0;0;0;
38557;4890551;552067072;38387712;495190016;0;0;0;0;0;0;0;0;0;0;0;2725;0;0;0;0;0;0;
38558;2956575;552067072;38387712;495190016;0;0;0;0;0;0;0;0;0;0;0;3416;0;0;0;0;0;0;
38559;4770897;552067072;38387712;495190016;0;0;0;0;0;0;0;0;0;0;0;2555;0;0;0;0;0;0;
38560;2871185;552067072;38387712;495190016;0;0;0;0;0;0;0;0;0;0;0;2895;0;0;0;0;0;0;
38561;4660841;552067072;38387712;495190016;0;0;0;0;0;0;0;0;0;0;0;2935;0;0;0;0;0;0;
38562;3324314;552067072;38387712;495190016;0;0;0;0;0;0;0;0;0;0;0;3517;0;0;0;0;0;0;
38563;4625645;552067072;38387712;495190016;0;0;0;0;0;0;0;0;0;0;0;2735;0;0;0;0;0;0;
38564;3047024;552067072;38387712;495190016;0;0;0;0;0;0;0;0;0;0;0;3035;0;0;0;0;0;0;
38565;4676791;552067072;38387712;495190016;0;0;0;0;0;0;0;0;0;0;0;2564;0;0;0;0;0;0;
38566;2777970;552067072;38387712;495190016;0;0;0;0;0;0;0;0;0;0;0;3276;0;0;0;0;0;0;
38567;4622680;552067072;38387712;495190016;0;0;0;0;0;0;0;0;0;0;0;2535;0;0;0;0;0;0;
38568;2961614;552067072;38387712;495190016;0;0;0;0;0;0;0;0;0;0;0;3436;0;0;0;0;0;0;
38569;4766419;552067072;38387712;495190016;0;0;0;0;0;0;0;0;0;0;0;4148;0;0;0;0;0;0;
38570;3224588;552067072;38387712;495190016;0;0;0;0;0;0;0;0;0;0;0;3596;0;0;0;0;0;0;
38571;4517312;552067072;38387712;495190016;0;0;0;0;0;0;0;0;0;0;0;3045;0;0;0;0;0;0;
38572;2937509;552067072;38387712;495190016;0;0;0;0;0;0;0;0;0;0;0;2806;0;0;0;0;0;0;
38573;4681971;552067072;38387712;495190016;0;0;0;0;0;0;0;0;0;0;0;2976;0;0;0;0;0;0;
38574;3022248;552067072;38387712;495190016;0;0;0;0;0;0;0;0;0;0;0;3316;0;0;0;0;0;0;
38575;4603223;552067072;38387712;495190016;0;0;0;0;0;0;0;0;0;0;0;3146;0;0;0;0;0;0;
38576;3405547;552067072;38387712;495190016;0;0;0;0;0;0;0;0;0;0;0;3236;0;0;0;0;0;0;
38577;4603323;552067072;38387712;495190016;0;0;0;0;0;0;0;0;0;0;0;2735;0;0;0;0;0;0;
38578;3011969;552067072;38387712;495190016;0;0;0;0;0;0;0;0;0;0;0;3206;0;0;0;0;0;0;
38579;4712438;552067072;38387712;495190016;0;0;0;0;0;0;0;0;0;0;0;3327;0;0;0;0;0;0;
38580;2919695;552067072;38387712;495190016;0;0;0;0;0;0;0;0;0;0;0;3727;0;0;0;0;0;0;
38581;4574589;552067072;38387712;495190016;0;0;0;0;0;0;0;0;0;0;0;3276;0;0;0;0;0;0;
38582;3084766;552067072;38387712;495190016;0;0;0;0;0;0;0;0;0;0;0;3567;0;0;0;0;0;0;
38583;4666121;552067072;38387712;495190016;0;0;0;0;0;0;0;0;0;0;0;2895;0;0;0;0;0;0;
38584;3357877;552067072;38387712;495190016;0;0;0;0;0;0;0;0;0;0;0;3547;0;0;0;0;0;0;
38585;4708550;552067072;38387712;495190016;0;0;0;0;0;0;0;0;0;0;0;2745;0;0;0;0;0;0;
38586;3166990;552067072;38387712;495190016;0;0;0;0;0;0;0;0;0;0;0;3176;0;0;0;0;0;0;
38587;4735030;552067072;38387712;495190016;0;0;0;0;0;0;0;0;0;0;0;2916;0;0;0;0;0;0;
38588;2951144;552067072;38387712;495190016;0;0;0;0;0;0;0;0;0;0;0;3637;0;0;0;0;0;0;
38589;4756611;552067072;38387712;495190016;0;0;0;0;0;0;0;0;0;0;0;3386;0;0;0;0;0;0;
38590;2919695;552067072;38387712;495190016;0;0;0;0;0;0;0;0;0;0;0;3476;0;0;0;0;0;0;
38591;4726504;552067072;38387712;495190016;0;0;0;0;0;0;0;0;0;0;0;3376;0;0;0;0;0;0;
38592;2985860;552067072;38387712;495190016;0;0;0;0;0;0;0;0;0;0;0;3226;0;0;0;0;0;0;
38593;4751571;552067072;38387712;495190016;0;0;0;0;0;0;0;0;0;0;0;3617;0;0;0;0;0;0;
38594;3029392;552067072;38387712;495190016;0;0;0;0;0;0;0;0;0;0;0;3296;0;0;0;0;0;0;
38595;4693011;552067072;38387712;495190016;0;0;0;0;0;0;0;0;0;0;0;2685;0;0;0;0;0;0;
38596;3124700;552067072;38387712;495190016;0;0;0;0;0;0;0;0;0;0;0;3106;0;0;0;0;0;0;
38597;4593615;552067072;38387712;495190016;0;0;0;0;0;0;0;0;0;0;0;2465;0;0;0;0;0;0;
38598;3148114;552067072;38387712;495190016;0;0;0;0;0;0;0;0;0;0;0;3456;0;0;0;0;0;0;
38599;4717888;552067072;38387712;495190016;0;0;0;0;0;0;0;0;0;0;0;2995;0;0;0;0;0;0;
38600;3126964;552067072;38387712;495190016;0;0;0;0;0;0;0;0;0;0;0;4348;0;0;0;0;0;0;
38601;4723959;552067072;38387712;495190016;0;0;0;0;0;0;0;0;0;0;0;3046;0;0;0;0;0;0;
38602;2787758;552067072;38387712;495190016;0;0;0;0;0;0;0;0;0;0;0;3476;0;0;0;0;0;0;
38603;4730822;552067072;38387712;495190016;0;0;0;0;0;0;0;0;0;0;0;3757;0;0;0;0;0;0;
38604;2946947;552067072;38387712;495190016;0;0;0;0;0;0;0;0;0;0;0;2735;0;0;0;0;0;0;
38605;4722085;552067072;38387712;495190016;0;0;0;0;0;0;0;0;0;0;0;2836;0;0;0;0;0;0;
38606;3367235;552067072;38387712;495190016;0;0;0;0;0;0;0;0;0;0;0;4027;0;0;0;0;0;0;
38607;4587213;552067072;38387712;495190016;0;0;0;0;0;0;0;0;0;0;0;3447;0;0;0;0;0;0;
38608;2911981;552067072;38387712;495190016;0;0;0;0;0;0;0;0;0;0;0;3747;0;0;0;0;0;0;
38609;4611849;552067072;38387712;495190016;0;0;0;0;0;0;0;0;0;0;0;2795;0;0;0;0;0;0;
38610;2981472;552067072;38387712;495190016;0;0;0;0;0;0;0;0;0;0;0;3887;0;0;0;0;0;0;
38611;4571513;552067072;38387712;495190016;0;0;0;0;0;0;0;0;0;0;0;3386;0;0;0;0;0;0;
38612;3143896;552067072;38387712;495190016;0;0;0;0;0;0;0;0;0;0;0;3797;0;0;0;0;0;0;
38613;4953570;552067072;38387712;495190016;0;0;0;0;0;0;0;0;0;0;0;3877;0;0;0;0;0;0;
38614;2843843;552067072;38387712;495190016;0;0;0;0;0;0;0;0;0;0;0;4478;0;0;0;0;0;0;
38615;4840879;552067072;38387712;495190016;0;0;0;0;0;0;0;0;0;0;0;3327;0;0;0;0;0;0;
38616;2759656;552067072;38387712;495190016;0;0;0;0;0;0;0;0;0;0;0;3477;0;0;0;0;0;0;
38617;4722316;552067072;38387712;495190016;0;0;0;0;0;0;0;0;0;0;0;3476;0;0;0;0;0;0;
38618;2971182;552067072;38387712;495190016;0;0;0;0;0;0;0;0;0;0;0;3557;0;0;0;0;0;0;
38619;10807839;552067072;38387712;495190016;0;0;0;0;0;0;0;0;0;0;0;3897;0;0;0;0;0;0;
38620;2917872;552067072;38387712;495190016;0;0;0;0;0;0;0;0;0;0;0;3276;0;0;0;0;0;0;
38621;4882376;552067072;38387712;495190016;0;0;0;0;0;0;0;0;0;0;0;4168;0;0;0;0;0;0;
38622;2905258;552067072;38387712;495190016;0;0;0;0;0;0;0;0;0;0;0;3657;0;0;0;0;0;0;
38623;4778832;552067072;38387712;495190016;0;0;0;0;0;0;0;0;0;0;0;3747;0;0;0;0;0;0;
38624;3014223;552067072;38387712;495190016;0;0;0;0;0;0;0;0;0;0;0;3156;0;0;0;0;0;0;
38625;4706015;552067072;38387712;495190016;0;0;0;0;0;0;0;0;0;0;0;2605;0;0;0;0;0;0;
38626;3160528;552067072;38387712;495190016;0;0;0;0;0;0;0;0;0;0;0;2705;0;0;0;0;0;0;
38627;4641535;552067072;38387712;495190016;0;0;0;0;0;0;0;0;0;0;0;2585;0;0;0;0;0;0;
38628;3072171;552067072;38387712;495190016;0;0;0;0;0;0;0;0;0;0;0;3406;0;0;0;0;0;0;
38629;4806995;552067072;38387712;495190016;0;0;0;0;0;0;0;0;0;0;0;3406;0;0;0;0;0;0;
38630;2881313;552067072;38387712;495190016;0;0;0;0;0;0;0;0;0;0;0;3066;0;0;0;0;0;0;
38631;4654158;552067072;38387712;495190016;0;0;0;0;0;0;0;0;0;0;0;3046;0;0;0;0;0;0;
38632;2971543;552067072;38387712;495190016;0;0;0;0;0;0;0;0;0;0;0;3256;0;0;0;0;0;0;
38633;4572265;552067072;38387712;495190016;0;0;0;0;0;0;0;0;0;0;0;2945;0;0;0;0;0;0;
38634;3356435;552067072;38387712;495190016;0;0;0;0;0;0;0;0;0;0;0;3626;0;0;0;0;0;0;
38635;4675799;552067072;38387712;495190016;0;0;0;0;0;0;0;0;0;0;0;3277;0;0;0;0;0;0;
38636;3109651;552067072;38387712;495190016;0;0;0;0;0;0;0;0;0;0;0;3647;0;0;0;0;0;0;
38637;4661161;552067072;38387712;495190016;0;0;0;0;0;0;0;0;0;0;0;3998;0;0;0;0;0;0;
38638;3135720;552067072;38387712;495190016;0;0;0;0;0;0;0;0;0;0;0;3477;0;0;0;0;0;0;
38639;4650301;552067072;38387712;495190016;0;0;0;0;0;0;0;0;0;0;0;2915;0;0;0;0;0;0;
38640;2946716;552067072;38387712;495190016;0;0;0;0;0;0;0;0;0;0;0;3317;0;0;0;0;0;0;
38641;4619493;552067072;38387712;495190016;0;0;0;0;0;0;0;0;0;0;0;3506;0;0;0;0;0;0;
38642;3205352;552067072;38387712;495190016;0;0;0;0;0;0;0;0;0;0;0;3426;0;0;0;0;0;0;
38643;4724911;552067072;38387712;495190016;0;0;0;0;0;0;0;0;0;0;0;3176;0;0;0;0;0;0;
38644;3289939;552067072;38387712;495190016;0;0;0;0;0;0;0;0;0;0;0;3436;0;0;0;0;0;0;
38645;4748055;552067072;38387712;495190016;0;0;0;0;0;0;0;0;0;0;0;3727;0;0;0;0;0;0;
38646;3034721;552067072;38387712;495190016;0;0;0;0;0;0;0;0;0;0;0;2835;0;0;0;0;0;0;
38647;4691518;552067072;38387712;495190016;0;0;0;0;0;0;0;0;0;0;0;2915;0;0;0;0;0;0;
38648;3030363;552067072;38387712;495190016;0;0;0;0;0;0;0;0;0;0;0;2966;0;0;0;0;0;0;
38649;4666752;552067072;38387712;495190016;0;0;0;0;0;0;0;0;0;0;0;3196;0;0;0;0;0;0;
38650;3431676;552067072;38387712;495190016;0;0;0;0;0;0;0;0;0;0;0;4197;0;0;0;0;0;0;
38651;4542779;552067072;38387712;495190016;0;0;0;0;0;0;0;0;0;0;0;2795;0;0;0;0;0;0;
38652;3069877;552067072;38387712;495190016;0;0;0;0;0;0;0;0;0;0;0;3917;0;0;0;0;0;0;
38653;4579348;552067072;38387712;495190016;0;0;0;0;0;0;0;0;0;0;0;3196;0;0;0;0;0;0;
38654;3077712;552067072;38387712;495190016;0;0;0;0;0;0;0;0;0;0;0;3787;0;0;0;0;0;0;
38655;4644210;552067072;38387712;495190016;0;0;0;0;0;0;0;0;0;0;0;2735;0;0;0;0;0;0;
38656;3307823;552067072;38387712;495190016;0;0;0;0;0;0;0;0;0;0;0;3156;0;0;0;0;0;0;
38657;4676530;552067072;38387712;495190016;0;0;0;0;0;0;0;0;0;0;0;3607;0;0;0;0;0;0;
38658;2961574;552067072;38387712;495190016;0;0;0;0;0;0;0;0;0;0;0;3727;0;0;0;0;0;0;
38659;4817123;552067072;38387712;495190016;0;0;0;0;0;0;0;0;0;0;0;3807;0;0;0;0;0;0;
38660;2880922;552067072;38387712;495190016;0;0;0;0;0;0;0;0;0;0;0;3116;0;0;0;0;0;0;
38661;4854454;552067072;38387712;495190016;0;0;0;0;0;0;0;0;0;0;0;3377;0;0;0;0;0;0;
38662;2901902;552067072;38387712;495190016;0;0;0;0;0;0;0;0;0;0;0;2966;0;0;0;0;0;0;
38663;4789432;552067072;38387712;495190016;0;0;0;0;0;0;0;0;0;0;0;2916;0;0;0;0;0;0;
38664;2964940;552067072;38387712;495190016;0;0;0;0;0;0;0;0;0;0;0;3427;0;0;0;0;0;0;
38665;4609775;552067072;38387712;495190016;0;0;0;0;0;0;0;0;0;0;0;2825;0;0;0;0;0;0;
38666;3114020;552067072;38387712;495190016;0;0;0;0;0;0;0;0;0;0;0;3667;0;0;0;0;0;0;
38667;4839205;552067072;38387712;495190016;0;0;0;0;0;0;0;0;0;0;0;3096;0;0;0;0;0;0;
38668;3094664;552067072;38387712;495190016;0;0;0;0;0;0;0;0;0;0;0;3066;0;0;0;0;0;0;
38669;4869893;552067072;38387712;495190016;0;0;0;0;0;0;0;0;0;0;0;3466;0;0;0;0;0;0;
38670;3320327;552067072;38387712;495190016;0;0;0;0;0;0;0;0;0;0;0;2335;0;0;0;0;0;0;
38671;4741161;552067072;38387712;495190016;0;0;0;0;0;0;0;0;0;0;0;2925;0;0;0;0;0;0;
38672;2935425;552067072;38387712;495190016;0;0;0;0;0;0;0;0;0;0;0;2976;0;0;0;0;0;0;
38673;4737976;552067072;38387712;495190016;0;0;0;0;0;0;0;0;0;0;0;2965;0;0;0;0;0;0;
38674;3261327;552067072;38387712;495190016;0;0;0;0;0;0;0;0;0;0;0;3156;0;0;0;0;0;0;
38675;4734108;552067072;38387712;495190016;0;0;0;0;0;0;0;0;0;0;0;2344;0;0;0;0;0;0;
38676;3012419;552067072;38387712;495190016;0;0;0;0;0;0;0;0;0;0;0;3165;0;0;0;0;0;0;
38677;4774785;552067072;38387712;495190016;0;0;0;0;0;0;0;0;0;0;0;3406;0;0;0;0;0;0;
38678;3167600;552067072;38387712;495190016;0;0;0;0;0;0;0;0;0;0;0;3266;0;0;0;0;0;0;
38679;4658767;552067072;38387712;495190016;0;0;0;0;0;0;0;0;0;0;0;3347;0;0;0;0;0;0;
38680;3170876;552067072;38387712;495190016;0;0;0;0;0;0;0;0;0;0;0;2505;0;0;0;0;0;0;
38681;4564770;552067072;38387712;495190016;0;0;0;0;0;0;0;0;0;0;0;2956;0;0;0;0;0;0;
38682;3255486;552067072;38387712;495190016;0;0;0;0;0;0;0;0;0;0;0;2796;0;0;0;0;0;0;
38683;4502354;552067072;38387712;495190016;0;0;0;0;0;0;0;0;0;0;0;2745;0;0;0;0;0;0;
38684;3136252;552067072;38387712;495190016;0;0;0;0;0;0;0;0;0;0;0;3566;0;0;0;0;0;0;
38685;4822554;552067072;38387712;495190016;0;0;0;0;0;0;0;0;0;0;0;3166;0;0;0;0;0;0;
38686;2881824;552067072;38387712;495190016;0;0;0;0;0;0;0;0;0;0;0;2735;0;0;0;0;0;0;
38687;4693653;552067072;38387712;495190016;0;0;0;0;0;0;0;0;0;0;0;2826;0;0;0;0;0;0;
38688;3034170;552067072;38387712;495190016;0;0;0;0;0;0;0;0;0;0;0;2885;0;0;0;0;0;0;
38689;4669647;552067072;38387712;495190016;0;0;0;0;0;0;0;0;0;0;0;2846;0;0;0;0;0;0;
38690;3140620;552067072;38387712;495190016;0;0;0;0;0;0;0;0;0;0;0;3126;0;0;0;0;0;0;
38691;4483197;552067072;38387712;495190016;0;0;0;0;0;0;0;0;0;0;0;2494;0;0;0;0;0;0;
38692;3358469;552067072;38387712;495190016;0;0;0;0;0;0;0;0;0;0;0;3376;0;0;0;0;0;0;
38693;4739639;552067072;38387712;495190016;0;0;0;0;0;0;0;0;0;0;0;2996;0;0;0;0;0;0;
38694;3243483;552067072;38387712;495190016;0;0;0;0;0;0;0;0;0;0;0;3226;0;0;0;0;0;0;
38695;5436876;560455680;55164928;511967232;0;0;0;0;0;0;0;0;0;0;0;3587;0;0;0;0;0;0;
38696;3869937;566747136;55164928;511967232;0;0;0;0;0;0;0;0;0;0;0;4348;0;0;0;0;0;0;
38697;5447886;568877056;55164928;511967232;0;0;0;0;0;0;0;0;0;0;0;2815;0;0;0;0;0;0;
38698;3670925;562294784;48549888;505352192;0;0;0;0;0;0;0;0;0;0;0;4368;0;0;0;0;0;0;
38699;4954652;562294784;48549888;505352192;0;0;0;0;0;0;0;0;0;0;0;3777;0;0;0;0;0;0;
38700;3167440;562294784;48549888;505352192;0;0;0;0;0;0;0;0;0;0;0;4027;0;0;0;0;0;0;
38701;5134089;562294784;48549888;505352192;0;0;0;0;0;0;0;0;0;0;0;3877;0;0;0;0;0;0;
38702;3158012;562294784;48549888;505352192;0;0;0;0;0;0;0;0;0;0;0;3627;0;0;0;0;0;0;
38703;4822084;562294784;48549888;505352192;0;0;0;0;0;0;0;0;0;0;0;2866;0;0;0;0;0;0;
38704;3095856;562294784;48549888;505352192;0;0;0;0;0;0;0;0;0;0;0;3236;0;0;0;0;0;0;
38705;4762191;562294784;48549888;505352192;0;0;0;0;0;0;0;0;0;0;0;2755;0;0;0;0;0;0;
38706;3188229;562294784;48549888;505352192;0;0;0;0;0;0;0;0;0;0;0;3397;0;0;0;0;0;0;
38707;4737083;562294784;48549888;505352192;0;0;0;0;0;0;0;0;0;0;0;3958;0;0;0;0;0;0;
38708;2931978;562294784;48549888;505352192;0;0;0;0;0;0;0;0;0;0;0;3797;0;0;0;0;0;0;
38709;4797147;562294784;48549888;505352192;0;0;0;0;0;0;0;0;0;0;0;3747;0;0;0;0;0;0;
38710;3032137;562294784;48549888;505352192;0;0;0;0;0;0;0;0;0;0;0;4077;0;0;0;0;0;0;
38711;4800603;562294784;48549888;505352192;0;0;0;0;0;0;0;0;0;0;0;3337;0;0;0;0;0;0;
38712;2877467;562294784;48549888;505352192;0;0;0;0;0;0;0;0;0;0;0;3166;0;0;0;0;0;0;
38713;4627990;562294784;48549888;505352192;0;0;0;0;0;0;0;0;0;0;0;2715;0;0;0;0;0;0;
38714;2978807;562294784;48549888;505352192;0;0;0;0;0;0;0;0;0;0;0;3206;0;0;0;0;0;0;
38715;4693562;562294784;48549888;505352192;0;0;0;0;0;0;0;0;0;0;0;3597;0;0;0;0;0;0;
38716;3247650;562294784;48549888;505352192;0;0;0;0;0;0;0;0;0;0;0;3506;0;0;0;0;0;0;
38717;4687291;562294784;48549888;505352192;0;0;0;0;0;0;0;0;0;0;0;2595;0;0;0;0;0;0;
38718;2911500;562294784;48549888;505352192;0;0;0;0;0;0;0;0;0;0;0;3497;0;0;0;0;0;0;
38719;4721554;562294784;48549888;505352192;0;0;0;0;0;0;0;0;0;0;0;2996;0;0;0;0;0;0;
38720;3308595;562294784;48549888;505352192;0;0;0;0;0;0;0;0;0;0;0;3016;0;0;0;0;0;0;
38721;4859924;562294784;48549888;505352192;0;0;0;0;0;0;0;0;0;0;0;3818;0;0;0;0;0;0;
38722;3245837;562294784;48549888;505352192;0;0;0;0;0;0;0;0;0;0;0;3697;0;0;0;0;0;0;
38723;4801043;562294784;48549888;505352192;0;0;0;0;0;0;0;0;0;0;0;2835;0;0;0;0;0;0;
38724;3024733;562294784;48549888;505352192;0;0;0;0;0;0;0;0;0;0;0;3557;0;0;0;0;0;0;
38725;4787418;562294784;48549888;505352192;0;0;0;0;0;0;0;0;0;0;0;3176;0;0;0;0;0;0;
38726;3032377;562294784;48549888;505352192;0;0;0;0;0;0;0;0;0;0;0;4378;0;0;0;0;0;0;
38727;4681380;562294784;48549888;505352192;0;0;0;0;0;0;0;0;0;0;0;3396;0;0;0;0;0;0;
38728;2958609;562294784;48549888;505352192;0;0;0;0;0;0;0;0;0;0;0;4017;0;0;0;0;0;0;
38729;4748305;562294784;48549888;505352192;0;0;0;0;0;0;0;0;0;0;0;3356;0;0;0;0;0;0;
38730;3109251;562294784;48549888;505352192;0;0;0;0;0;0;0;0;0;0;0;4338;0;0;0;0;0;0;
38731;4820570;562294784;48549888;505352192;0;0;0;0;0;0;0;0;0;0;0;4268;0;0;0;0;0;0;
38732;3174564;562294784;48549888;505352192;0;0;0;0;0;0;0;0;0;0;0;3547;0;0;0;0;0;0;
38733;4828786;562294784;48549888;505352192;0;0;0;0;0;0;0;0;0;0;0;2395;0;0;0;0;0;0;
38734;3000658;562294784;48549888;505352192;0;0;0;0;0;0;0;0;0;0;0;3156;0;0;0;0;0;0;
38735;4638969;562294784;48549888;505352192;0;0;0;0;0;0;0;0;0;0;0;2585;0;0;0;0;0;0;
38736;2929795;562294784;48549888;505352192;0;0;0;0;0;0;0;0;0;0;0;3777;0;0;0;0;0;0;
38737;4551515;562294784;48549888;505352192;0;0;0;0;0;0;0;0;0;0;0;3016;0;0;0;0;0;0;
38738;3154435;562294784;48549888;505352192;0;0;0;0;0;0;0;0;0;0;0;3376;0;0;0;0;0;0;
38739;4818296;562294784;48549888;505352192;0;0;0;0;0;0;0;0;0;0;0;2926;0;0;0;0;0;0;
38740;2952036;562294784;48549888;505352192;0;0;0;0;0;0;0;0;0;0;0;3727;0;0;0;0;0;0;
38741;4563238;562294784;48549888;505352192;0;0;0;0;0;0;0;0;0;0;0;3166;0;0;0;0;0;0;
38742;3130451;562294784;48549888;505352192;0;0;0;0;0;0;0;0;0;0;0;3256;0;0;0;0;0;0;
38743;4640242;562294784;48549888;505352192;0;0;0;0;0;0;0;0;0;0;0;3056;0;0;0;0;0;0;
38744;3706441;562294784;48549888;505352192;0;0;0;0;0;0;0;0;0;0;0;3657;0;0;0;0;0;0;
38745;4803328;562294784;48549888;505352192;0;0;0;0;0;0;0;0;0;0;0;3276;0;0;0;0;0;0;
38746;3403703;562294784;48549888;505352192;0;0;0;0;0;0;0;0;0;0;0;3506;0;0;0;0;0;0;
38747;4750509;562294784;48549888;505352192;0;0;0;0;0;0;0;0;0;0;0;2925;0;0;0;0;0;0;
38748;2934554;562294784;48549888;505352192;0;0;0;0;0;0;0;0;0;0;0;3356;0;0;0;0;0;0;
38749;4639330;562294784;48549888;505352192;0;0;0;0;0;0;0;0;0;0;0;2615;0;0;0;0;0;0;
38750;2928592;562294784;48549888;505352192;0;0;0;0;0;0;0;0;0;0;0;3116;0;0;0;0;0;0;
38751;4650311;562294784;48549888;505352192;0;0;0;0;0;0;0;0;0;0;0;3125;0;0;0;0;0;0;
38752;3040172;562294784;48549888;505352192;0;0;0;0;0;0;0;0;0;0;0;3076;0;0;0;0;0;0;
38753;4552598;562294784;48549888;505352192;0;0;0;0;0;0;0;0;0;0;0;2845;0;0;0;0;0;0;
38754;3369289;562294784;48549888;505352192;0;0;0;0;0;0;0;0;0;0;0;3477;0;0;0;0;0;0;
38755;4714912;562294784;48549888;505352192;0;0;0;0;0;0;0;0;0;0;0;3436;0;0;0;0;0;0;
38756;3346856;562294784;48549888;505352192;0;0;0;0;0;0;0;0;0;0;0;3667;0;0;0;0;0;0;
38757;4716054;562294784;48549888;505352192;0;0;0;0;0;0;0;0;0;0;0;2735;0;0;0;0;0;0;
38758;3165216;562294784;48549888;505352192;0;0;0;0;0;0;0;0;0;0;0;3968;0;0;0;0;0;0;
38759;4594887;562294784;48549888;505352192;0;0;0;0;0;0;0;0;0;0;0;3136;0;0;0;0;0;0;
38760;2905479;562294784;48549888;505352192;0;0;0;0;0;0;0;0;0;0;0;4007;0;0;0;0;0;0;
38761;4628680;562294784;48549888;505352192;0;0;0;0;0;0;0;0;0;0;0;2515;0;0;0;0;0;0;
38762;2848632;562294784;48549888;505352192;0;0;0;0;0;0;0;0;0;0;0;3446;0;0;0;0;0;0;
38763;4785425;562294784;48549888;505352192;0;0;0;0;0;0;0;0;0;0;0;3677;0;0;0;0;0;0;
38764;3036775;562294784;48549888;505352192;0;0;0;0;0;0;0;0;0;0;0;3647;0;0;0;0;0;0;
38765;4574729;562294784;48549888;505352192;0;0;0;0;0;0;0;0;0;0;0;2485;0;0;0;0;0;0;
38766;3063194;562294784;48549888;505352192;0;0;0;0;0;0;0;0;0;0;0;3597;0;0;0;0;0;0;
38767;4677082;562294784;48549888;505352192;0;0;0;0;0;0;0;0;0;0;0;2915;0;0;0;0;0;0;
38768;3601584;562294784;48549888;505352192;0;0;0;0;0;0;0;0;0;0;0;3156;0;0;0;0;0;0;
38769;4932952;562294784;48549888;505352192;0;0;0;0;0;0;0;0;0;0;0;3016;0;0;0;0;0;0;
38770;3447695;562294784;48549888;505352192;0;0;0;0;0;0;0;0;0;0;0;3457;0;0;0;0;0;0;
38771;4673465;562294784;48549888;505352192;0;0;0;0;0;0;0;0;0;0;0;3046;0;0;0;0;0;0;
38772;3043918;562294784;48549888;505352192;0;0;0;0;0;0;0;0;0;0;0;3717;0;0;0;0;0;0;
38773;4706847;562294784;48549888;505352192;0;0;0;0;0;0;0;0;0;0;0;2865;0;0;0;0;0;0;
38774;3171127;562294784;48549888;505352192;0;0;0;0;0;0;0;0;0;0;0;3627;0;0;0;0;0;0;
38775;4713740;562294784;48549888;505352192;0;0;0;0;0;0;0;0;0;0;0;3186;0;0;0;0;0;0;
38776;3085777;562294784;48549888;505352192;0;0;0;0;0;0;0;0;0;0;0;3577;0;0;0;0;0;0;
38777;4535596;562294784;48549888;505352192;0;0;0;0;0;0;0;0;0;0;0;2906;0;0;0;0;0;0;
38778;3153264;562294784;48549888;505352192;0;0;0;0;0;0;0;0;0;0;0;3536;0;0;0;0;0;0;
38779;4750028;562294784;48549888;505352192;0;0;0;0;0;0;0;0;0;0;0;2746;0;0;0;0;0;0;
38780;3157331;562294784;48549888;505352192;0;0;0;0;0;0;0;0;0;0;0;3657;0;0;0;0;0;0;
38781;4615045;562294784;48549888;505352192;0;0;0;0;0;0;0;0;0;0;0;4048;0;0;0;0;0;0;
38782;2994396;562294784;48549888;505352192;0;0;0;0;0;0;0;0;0;0;0;3307;0;0;0;0;0;0;
38783;4768943;562294784;48549888;505352192;0;0;0;0;0;0;0;0;0;0;0;2845;0;0;0;0;0;0;
38784;3273569;562294784;48549888;505352192;0;0;0;0;0;0;0;0;0;0;0;3406;0;0;0;0;0;0;
38785;4783771;562294784;48549888;505352192;0;0;0;0;0;0;0;0;0;0;0;2545;0;0;0;0;0;0;
38786;3264953;562294784;48549888;505352192;0;0;0;0;0;0;0;0;0;0;0;5020;0;0;0;0;0;0;
38787;4643518;562294784;48549888;505352192;0;0;0;0;0;0;0;0;0;0;0;2926;0;0;0;0;0;0;
38788;3134599;562294784;48549888;505352192;0;0;0;0;0;0;0;0;0;0;0;4038;0;0;0;0;0;0;
38789;4734419;562294784;48549888;505352192;0;0;0;0;0;0;0;0;0;0;0;3026;0;0;0;0;0;0;
38790;2997782;562294784;48549888;505352192;0;0;0;0;0;0;0;0;0;0;0;3857;0;0;0;0;0;0;
38791;4753314;562294784;48549888;505352192;0;0;0;0;0;0;0;0;0;0;0;3727;0;0;0;0;0;0;
38792;3236249;562294784;48549888;505352192;0;0;0;0;0;0;0;0;0;0;0;3286;0;0;0;0;0;0;
38793;4805272;562294784;48549888;505352192;0;0;0;0;0;0;0;0;0;0;0;3547;0;0;0;0;0;0;
38794;3148455;562294784;48549888;505352192;0;0;0;0;0;0;0;0;0;0;0;4028;0;0;0;0;0;0;
38795;4641595;562294784;48549888;505352192;0;0;0;0;0;0;0;0;0;0;0;2996;0;0;0;0;0;0;
38796;3002330;562294784;48549888;505352192;0;0;0;0;0;0;0;0;0;0;0;3657;0;0;0;0;0;0;
38797;4691659;562294784;48549888;505352192;0;0;0;0;0;0;0;0;0;0;0;2585;0;0;0;0;0;0;
38798;3218426;562294784;48549888;505352192;0;0;0;0;0;0;0;0;0;0;0;3657;0;0;0;0;0;0;
38799;4950504;562294784;48549888;505352192;0;0;0;0;0;0;0;0;0;0;0;3316;0;0;0;0;0;0;
38800;2942218;562294784;48549888;505352192;0;0;0;0;0;0;0;0;0;0;0;3196;0;0;0;0;0;0;
38801;5013302;562294784;48549888;505352192;0;0;0;0;0;0;0;0;0;0;0;3136;0;0;0;0;0;0;
38802;3036354;562294784;48549888;505352192;0;0;0;0;0;0;0;0;0;0;0;3727;0;0;0;0;0;0;
38803;4847651;562294784;48549888;505352192;0;0;0;0;0;0;0;0;0;0;0;3226;0;0;0;0;0;0;
38804;3241269;562294784;48549888;505352192;0;0;0;0;0;0;0;0;0;0;0;2975;0;0;0;0;0;0;
38805;4759937;562294784;48549888;505352192;0;0;0;0;0;0;0;0;0;0;0;3266;0;0;0;0;0;0;
38806;3012720;562294784;48549888;505352192;0;0;0;0;0;0;0;0;0;0;0;3857;0;0;0;0;0;0;
38807;4736833;562294784;48549888;505352192;0;0;0;0;0;0;0;0;0;0;0;3236;0;0;0;0;0;0;
38808;3008973;562294784;48549888;505352192;0;0;0;0;0;0;0;0;0;0;0;3166;0;0;0;0;0;0;
38809;4611488;562294784;48549888;505352192;0;0;0;0;0;0;0;0;0;0;0;2995;0;0;0;0;0;0;
38810;3430574;562294784;48549888;505352192;0;0;0;0;0;0;0;0;0;0;0;3547;0;0;0;0;0;0;
38811;4853703;562294784;48549888;505352192;0;0;0;0;0;0;0;0;0;0;0;2876;0;0;0;0;0;0;
38812;3382203;562294784;48549888;505352192;0;0;0;0;0;0;0;0;0;0;0;3586;0;0;0;0;0;0;
38813;4750620;562294784;48549888;505352192;0;0;0;0;0;0;0;0;0;0;0;3546;0;0;0;0;0;0;
38814;3119961;562294784;48549888;505352192;0;0;0;0;0;0;0;0;0;0;0;4238;0;0;0;0;0;0;
38815;4822104;562294784;48549888;505352192;0;0;0;0;0;0;0;0;0;0;0;3888;0;0;0;0;0;0;
38816;3348059;562294784;48549888;505352192;0;0;0;0;0;0;0;0;0;0;0;3907;0;0;0;0;0;0;
38817;4812105;562294784;48549888;505352192;0;0;0;0;0;0;0;0;0;0;0;3156;0;0;0;0;0;0;
38818;3457013;562294784;48549888;505352192;0;0;0;0;0;0;0;0;0;0;0;3396;0;0;0;0;0;0;
38819;4706637;562294784;48549888;505352192;0;0;0;0;0;0;0;0;0;0;0;2805;0;0;0;0;0;0;
38820;3247580;562294784;48549888;505352192;0;0;0;0;0;0;0;0;0;0;0;4087;0;0;0;0;0;0;
38821;4927922;562294784;48549888;505352192;0;0;0;0;0;0;0;0;0;0;0;2925;0;0;0;0;0;0;
38822;3214709;562294784;48549888;505352192;0;0;0;0;0;0;0;0;0;0;0;3406;0;0;0;0;0;0;
38823;4782579;562294784;48549888;505352192;0;0;0;0;0;0;0;0;0;0;0;3246;0;0;0;0;0;0;
38824;2881233;562294784;48549888;505352192;0;0;0;0;0;0;0;0;0;0;0;10059;0;0;0;0;0;0;
38825;4857640;562294784;48549888;505352192;0;0;0;0;0;0;0;0;0;0;0;3236;0;0;0;0;0;0;
38826;2979828;562294784;48549888;505352192;0;0;0;0;0;0;0;0;0;0;0;3908;0;0;0;0;0;0;
38827;4651423;562294784;48549888;505352192;0;0;0;0;0;0;0;0;0;0;0;2645;0;0;0;0;0;0;
38828;3031334;562294784;48549888;505352192;0;0;0;0;0;0;0;0;0;0;0;3687;0;0;0;0;0;0;
38829;4673354;562294784;48549888;505352192;0;0;0;0;0;0;0;0;0;0;0;3396;0;0;0;0;0;0;
38830;3171668;562294784;48549888;505352192;0;0;0;0;0;0;0;0;0;0;0;3356;0;0;0;0;0;0;
38831;4726083;562294784;48549888;505352192;0;0;0;0;0;0;0;0;0;0;0;3366;0;0;0;0;0;0;
38832;3069998;562294784;48549888;505352192;0;0;0;0;0;0;0;0;0;0;0;3997;0;0;0;0;0;0;
38833;4776197;562294784;48549888;505352192;0;0;0;0;0;0;0;0;0;0;0;4007;0;0;0;0;0;0;
38834;3270944;562294784;48549888;505352192;0;0;0;0;0;0;0;0;0;0;0;3346;0;0;0;0;0;0;
38835;4689415;562294784;48549888;505352192;0;0;0;0;0;0;0;0;0;0;0;3526;0;0;0;0;0;0;
38836;3326769;562294784;48549888;505352192;0;0;0;0;0;0;0;0;0;0;0;4198;0;0;0;0;0;0;
38837;4767782;562294784;48549888;505352192;0;0;0;0;0;0;0;0;0;0;0;3506;0;0;0;0;0;0;
38838;3143265;562294784;48549888;505352192;0;0;0;0;0;0;0;0;0;0;0;4499;0;0;0;0;0;0;
38839;4681810;562294784;48549888;505352192;0;0;0;0;0;0;0;0;0;0;0;3366;0;0;0;0;0;0;
38840;3021146;562294784;48549888;505352192;0;0;0;0;0;0;0;0;0;0;0;3817;0;0;0;0;0;0;
38841;5110104;562294784;48549888;505352192;0;0;0;0;0;0;0;0;0;0;0;3266;0;0;0;0;0;0;
38842;3407540;562294784;48549888;505352192;0;0;0;0;0;0;0;0;0;0;0;3116;0;0;0;0;0;0;
38843;5034431;562294784;48549888;505352192;0;0;0;0;0;0;0;0;0;0;0;2644;0;0;0;0;0;0;
38844;3222313;562294784;48549888;505352192;0;0;0;0;0;0;0;0;0;0;0;3126;0;0;0;0;0;0;
38845;4683974;562294784;48549888;505352192;0;0;0;0;0;0;0;0;0;0;0;3386;0;0;0;0;0;0;
38846;3027228;562294784;48549888;505352192;0;0;0;0;0;0;0;0;0;0;0;4187;0;0;0;0;0;0;
38847;4576372;562294784;48549888;505352192;0;0;0;0;0;0;0;0;0;0;0;2835;0;0;0;0;0;0;
38848;2996219;562294784;48549888;505352192;0;0;0;0;0;0;0;0;0;0;0;3587;0;0;0;0;0;0;
38849;4928703;562294784;48558080;505360384;0;0;0;0;0;0;0;0;0;0;0;3416;0;0;0;0;0;0;
38850;3135239;562294784;48558080;505360384;0;0;0;0;0;0;0;0;0;0;0;4458;0;0;0;0;0;0;
38851;4531979;562294784;48558080;505360384;0;0;0;0;0;0;0;0;0;0;0;3156;0;0;0;0;0;0;
38852;3423030;562294784;48558080;505360384;0;0;0;0;0;0;0;0;0;0;0;3877;0;0;0;0;0;0;
38853;4881835;562294784;48558080;505360384;0;0;0;0;0;0;0;0;0;0;0;3156;0;0;0;0;0;0;
38854;3181226;562294784;48558080;505360384;0;0;0;0;0;0;0;0;0;0;0;3998;0;0;0;0;0;0;
38855;5003523;562294784;48558080;505360384;0;0;0;0;0;0;0;0;0;0;0;3396;0;0;0;0;0;0;
38856;3017349;562294784;48549888;505352192;0;0;0;0;0;0;0;0;0;0;0;3627;0;0;0;0;0;0;
38857;4713320;562294784;48549888;505352192;0;0;0;0;0;0;0;0;0;0;0;3687;0;0;0;0;0;0;
38858;3071390;562294784;48549888;505352192;0;0;0;0;0;0;0;0;0;0;0;3116;0;0;0;0;0;0;
38859;4539083;562294784;48549888;505352192;0;0;0;0;0;0;0;0;0;0;0;3126;0;0;0;0;0;0;
38860;3253872;562294784;48549888;505352192;0;0;0;0;0;0;0;0;0;0;0;4218;0;0;0;0;0;0;
38861;4572315;562294784;48549888;505352192;0;0;0;0;0;0;0;0;0;0;0;3286;0;0;0;0;0;0;
38862;3075739;562294784;48549888;505352192;0;0;0;0;0;0;0;0;0;0;0;3877;0;0;0;0;0;0;
38863;4679195;562294784;48549888;505352192;0;0;0;0;0;0;0;0;0;0;0;3356;0;0;0;0;0;0;
38864;3012269;562294784;48549888;505352192;0;0;0;0;0;0;0;0;0;0;0;4528;0;0;0;0;0;0;
38865;4696598;562294784;48549888;505352192;0;0;0;0;0;0;0;0;0;0;0;3005;0;0;0;0;0;0;
38866;2985118;562294784;48549888;505352192;0;0;0;0;0;0;0;0;0;0;0;3887;0;0;0;0;0;0;
38867;5073715;562294784;48549888;505352192;0;0;0;0;0;0;0;0;0;0;0;2955;0;0;0;0;0;0;
38868;3506636;562294784;48549888;505352192;0;0;0;0;0;0;0;0;0;0;0;3346;0;0;0;0;0;0;
38869;5153555;562294784;48549888;505352192;0;0;0;0;0;0;0;0;0;0;0;3516;0;0;0;0;0;0;
38870;12243702;562294784;48549888;505352192;0;0;0;0;0;0;0;0;0;0;0;5109;0;0;0;0;0;0;
38871;5496027;562294784;48549888;505352192;0;0;0;0;0;0;0;0;0;0;0;4048;0;0;0;0;0;0;
38872;2867969;562294784;48549888;505352192;0;0;0;0;0;0;0;0;0;0;0;3356;0;0;0;0;0;0;
38873;4702689;562294784;48549888;505352192;0;0;0;0;0;0;0;0;0;0;0;3256;0;0;0;0;0;0;
38874;3166970;562294784;48549888;505352192;0;0;0;0;0;0;0;0;0;0;0;3848;0;0;0;0;0;0;
38875;4582955;562294784;48549888;505352192;0;0;0;0;0;0;0;0;0;0;0;3497;0;0;0;0;0;0;
38876;3244295;562294784;48549888;505352192;0;0;0;0;0;0;0;0;0;0;0;3456;0;0;0;0;0;0;
38877;4571373;562294784;48549888;505352192;0;0;0;0;0;0;0;0;0;0;0;3186;0;0;0;0;0;0;
38878;3341146;562294784;48549888;505352192;0;0;0;0;0;0;0;0;0;0;0;3938;0;0;0;0;0;0;
38879;4652746;562294784;48549888;505352192;0;0;0;0;0;0;0;0;0;0;0;3006;0;0;0;0;0;0;
38880;3027057;562294784;48549888;505352192;0;0;0;0;0;0;0;0;0;0;0;3527;0;0;0;0;0;0;
38881;4695926;562294784;48549888;505352192;0;0;0;0;0;0;0;0;0;0;0;2836;0;0;0;0;0;0;
38882;3185785;562294784;48549888;505352192;0;0;0;0;0;0;0;0;0;0;0;3617;0;0;0;0;0;0;
38883;4788360;562294784;48549888;505352192;0;0;0;0;0;0;0;0;0;0;0;3457;0;0;0;0;0;0;
38884;3074125;562294784;48549888;505352192;0;0;0;0;0;0;0;0;0;0;0;3286;0;0;0;0;0;0;
38885;4706005;562294784;48549888;505352192;0;0;0;0;0;0;0;0;0;0;0;3206;0;0;0;0;0;0;
38886;3107167;562294784;48549888;505352192;0;0;0;0;0;0;0;0;0;0;0;5189;0;0;0;0;0;0;
38887;4570932;562294784;48549888;505352192;0;0;0;0;0;0;0;0;0;0;0;2845;0;0;0;0;0;0;
38888;3176808;562294784;48549888;505352192;0;0;0;0;0;0;0;0;0;0;0;3947;0;0;0;0;0;0;
38889;4655631;562294784;48549888;505352192;0;0;0;0;0;0;0;0;0;0;0;3246;0;0;0;0;0;0;
38890;3039791;562294784;48549888;505352192;0;0;0;0;0;0;0;0;0;0;0;3186;0;0;0;0;0;0;
38891;4800132;562294784;48549888;505352192;0;0;0;0;0;0;0;0;0;0;0;4248;0;0;0;0;0;0;
38892;3346546;562294784;48549888;505352192;0;0;0;0;0;0;0;0;0;0;0;4668;0;0;0;0;0;0;
38893;4870985;562294784;48549888;505352192;0;0;0;0;0;0;0;0;0;0;0;3286;0;0;0;0;0;0;
38894;3317482;562294784;48549888;505352192;0;0;0;0;0;0;0;0;0;0;0;3868;0;0;0;0;0;0;
38895;4795584;562294784;48549888;505352192;0;0;0;0;0;0;0;0;0;0;0;3577;0;0;0;0;0;0;
38896;3065158;562294784;48549888;505352192;0;0;0;0;0;0;0;0;0;0;0;3266;0;0;0;0;0;0;
38897;4727786;562294784;48549888;505352192;0;0;0;0;0;0;0;0;0;0;0;3326;0;0;0;0;0;0;
38898;3140549;562294784;48549888;505352192;0;0;0;0;0;0;0;0;0;0;0;3998;0;0;0;0;0;0;
38899;4724982;562294784;48549888;505352192;0;0;0;0;0;0;0;0;0;0;0;3146;0;0;0;0;0;0;
38900;3070428;562294784;48549888;505352192;0;0;0;0;0;0;0;0;0;0;0;3126;0;0;0;0;0;0;
38901;4682532;562294784;48549888;505352192;0;0;0;0;0;0;0;0;0;0;0;2895;0;0;0;0;0;0;
38902;3500705;562294784;48549888;505352192;0;0;0;0;0;0;0;0;0;0;0;4028;0;0;0;0;0;0;
38903;4634532;562294784;48549888;505352192;0;0;0;0;0;0;0;0;0;0;0;3176;0;0;0;0;0;0;
38904;3253672;562294784;48549888;505352192;0;0;0;0;0;0;0;0;0;0;0;3366;0;0;0;0;0;0;
38905;4665068;562294784;48549888;505352192;0;0;0;0;0;0;0;0;0;0;0;2935;0;0;0;0;0;0;
38906;3135821;562294784;48549888;505352192;0;0;0;0;0;0;0;0;0;0;0;3897;0;0;0;0;0;0;
38907;4626045;562294784;48549888;505352192;0;0;0;0;0;0;0;0;0;0;0;3286;0;0;0;0;0;0;
38908;3012590;562294784;48549888;505352192;0;0;0;0;0;0;0;0;0;0;0;4228;0;0;0;0;0;0;
38909;4682411;562294784;48549888;505352192;0;0;0;0;0;0;0;0;0;0;0;2935;0;0;0;0;0;0;
38910;2906561;562294784;48549888;505352192;0;0;0;0;0;0;0;0;0;0;0;4278;0;0;0;0;0;0;
38911;4796826;562294784;48549888;505352192;0;0;0;0;0;0;0;0;0;0;0;3817;0;0;0;0;0;0;
38912;2997031;562294784;48549888;505352192;0;0;0;0;0;0;0;0;0;0;0;3256;0;0;0;0;0;0;
38913;4686108;562294784;48549888;505352192;0;0;0;0;0;0;0;0;0;0;0;2976;0;0;0;0;0;0;
38914;2948059;562294784;48549888;505352192;0;0;0;0;0;0;0;0;0;0;0;3266;0;0;0;0;0;0;
38915;5047596;562294784;48549888;505352192;0;0;0;0;0;0;0;0;0;0;0;2995;0;0;0;0;0;0;
38916;3515413;562294784;48549888;505352192;0;0;0;0;0;0;0;0;0;0;0;3196;0;0;0;0;0;0;
38917;4839105;562294784;48549888;505352192;0;0;0;0;0;0;0;0;0;0;0;3336;0;0;0;0;0;0;
38918;3440352;562294784;48549888;505352192;0;0;0;0;0;0;0;0;0;0;0;3597;0;0;0;0;0;0;
38919;4754837;562294784;48549888;505352192;0;0;0;0;0;0;0;0;0;0;0;3767;0;0;0;0;0;0;
38920;2955763;562294784;48549888;505352192;0;0;0;0;0;0;0;0;0;0;0;4168;0;0;0;0;0;0;
38921;4803709;562294784;48549888;505352192;0;0;0;0;0;0;0;0;0;0;0;3056;0;0;0;0;0;0;
38922;2966363;562294784;48549888;505352192;0;0;0;0;0;0;0;0;0;0;0;3086;0;0;0;0;0;0;
38923;4732725;562294784;48549888;505352192;0;0;0;0;0;0;0;0;0;0;0;3266;0;0;0;0;0;0;
38924;3064507;562294784;48549888;505352192;0;0;0;0;0;0;0;0;0;0;0;2826;0;0;0;0;0;0;
38925;4595408;562294784;48549888;505352192;0;0;0;0;0;0;0;0;0;0;0;2926;0;0;0;0;0;0;
38926;3275823;562294784;48549888;505352192;0;0;0;0;0;0;0;0;0;0;0;3486;0;0;0;0;0;0;
38927;4686679;562294784;48549888;505352192;0;0;0;0;0;0;0;0;0;0;0;3316;0;0;0;0;0;0;
38928;2986982;562294784;48549888;505352192;0;0;0;0;0;0;0;0;0;0;0;3236;0;0;0;0;0;0;
38929;4810651;562294784;48549888;505352192;0;0;0;0;0;0;0;0;0;0;0;3016;0;0;0;0;0;0;
38930;3241178;562294784;48549888;505352192;0;0;0;0;0;0;0;0;0;0;0;3687;0;0;0;0;0;0;
38931;4922291;562294784;48549888;505352192;0;0;0;0;0;0;0;0;0;0;0;3447;0;0;0;0;0;0;
38932;3083783;562294784;48549888;505352192;0;0;0;0;0;0;0;0;0;0;0;3366;0;0;0;0;0;0;
38933;4703922;562294784;48549888;505352192;0;0;0;0;0;0;0;0;0;0;0;2374;0;0;0;0;0;0;
38934;3216813;562294784;48549888;505352192;0;0;0;0;0;0;0;0;0;0;0;2885;0;0;0;0;0;0;
38935;4782249;562294784;48549888;505352192;0;0;0;0;0;0;0;0;0;0;0;3657;0;0;0;0;0;0;
38936;3355102;562294784;48549888;505352192;0;0;0;0;0;0;0;0;0;0;0;3246;0;0;0;0;0;0;
38937;4641074;562294784;48549888;505352192;0;0;0;0;0;0;0;0;0;0;0;2815;0;0;0;0;0;0;
38938;3033909;562294784;48549888;505352192;0;0;0;0;0;0;0;0;0;0;0;3006;0;0;0;0;0;0;
38939;4917843;562294784;48549888;505352192;0;0;0;0;0;0;0;0;0;0;0;3166;0;0;0;0;0;0;
38940;3789256;562294784;48549888;505352192;0;0;0;0;0;0;0;0;0;0;0;4759;0;0;0;0;0;0;
38941;4834466;562294784;48549888;505352192;0;0;0;0;0;0;0;0;0;0;0;3287;0;0;0;0;0;0;
38942;3241349;562294784;48549888;505352192;0;0;0;0;0;0;0;0;0;0;0;3236;0;0;0;0;0;0;
38943;5034942;562294784;48549888;505352192;0;0;0;0;0;0;0;0;0;0;0;3437;0;0;0;0;0;0;
38944;3043267;562294784;48549888;505352192;0;0;0;0;0;0;0;0;0;0;0;3377;0;0;0;0;0;0;
38945;4730862;562294784;48549888;505352192;0;0;0;0;0;0;0;0;0;0;0;3296;0;0;0;0;0;0;
38946;3145940;562294784;48549888;505352192;0;0;0;0;0;0;0;0;0;0;0;3196;0;0;0;0;0;0;
38947;4699363;562294784;48549888;505352192;0;0;0;0;0;0;0;0;0;0;0;2845;0;0;0;0;0;0;
38948;3135670;562294784;48549888;505352192;0;0;0;0;0;0;0;0;0;0;0;3166;0;0;0;0;0;0;
38949;4744608;562294784;48549888;505352192;0;0;0;0;0;0;0;0;0;0;0;3086;0;0;0;0;0;0;
38950;3131302;562294784;48549888;505352192;0;0;0;0;0;0;0;0;0;0;0;2815;0;0;0;0;0;0;
38951;4623141;562294784;48549888;505352192;0;0;0;0;0;0;0;0;0;0;0;3156;0;0;0;0;0;0;
38952;3327841;562294784;48549888;505352192;0;0;0;0;0;0;0;0;0;0;0;3707;0;0;0;0;0;0;
38953;4619734;562294784;48549888;505352192;0;0;0;0;0;0;0;0;0;0;0;22833;0;0;0;0;0;0;
38954;3388345;562294784;48549888;505352192;0;0;0;0;0;0;0;0;0;0;0;3576;0;0;0;0;0;0;
38955;4632097;562294784;48549888;505352192;0;0;0;0;0;0;0;0;0;0;0;2425;0;0;0;0;0;0;
38956;3355383;562294784;48549888;505352192;0;0;0;0;0;0;0;0;0;0;0;3447;0;0;0;0;0;0;
38957;4805563;562294784;48549888;505352192;0;0;0;0;0;0;0;0;0;0;0;3186;0;0;0;0;0;0;
38958;2976161;562294784;48549888;505352192;0;0;0;0;0;0;0;0;0;0;0;3045;0;0;0;0;0;0;
38959;4812746;562294784;48549888;505352192;0;0;0;0;0;0;0;0;0;0;0;2906;0;0;0;0;0;0;
38960;3093382;562294784;48549888;505352192;0;0;0;0;0;0;0;0;0;0;0;3677;0;0;0;0;0;0;
38961;4939183;562294784;48549888;505352192;0;0;0;0;0;0;0;0;0;0;0;3196;0;0;0;0;0;0;
38962;3200973;562294784;48549888;505352192;0;0;0;0;0;0;0;0;0;0;0;3537;0;0;0;0;0;0;
38963;4685708;562294784;48549888;505352192;0;0;0;0;0;0;0;0;0;0;0;2545;0;0;0;0;0;0;
38964;3510583;562294784;48549888;505352192;0;0;0;0;0;0;0;0;0;0;0;2705;0;0;0;0;0;0;
38965;4720984;562294784;48549888;505352192;0;0;0;0;0;0;0;0;0;0;0;3376;0;0;0;0;0;0;
38966;3728803;562294784;48549888;505352192;0;0;0;0;0;0;0;0;0;0;0;3607;0;0;0;0;0;0;
38967;4986101;562294784;48549888;505352192;0;0;0;0;0;0;0;0;0;0;0;2805;0;0;0;0;0;0;
38968;3380079;562294784;48549888;505352192;0;0;0;0;0;0;0;0;0;0;0;2886;0;0;0;0;0;0;
38969;4879691;562294784;48549888;505352192;0;0;0;0;0;0;0;0;0;0;0;2805;0;0;0;0;0;0;
38970;3359159;562294784;48549888;505352192;0;0;0;0;0;0;0;0;0;0;0;3206;0;0;0;0;0;0;
38971;4938982;562294784;48549888;505352192;0;0;0;0;0;0;0;0;0;0;0;3266;0;0;0;0;0;0;
38972;3195392;562294784;48549888;505352192;0;0;0;0;0;0;0;0;0;0;0;3797;0;0;0;0;0;0;
38973;4858612;562294784;48549888;505352192;0;0;0;0;0;0;0;0;0;0;0;2745;0;0;0;0;0;0;
38974;3214739;562294784;48549888;505352192;0;0;0;0;0;0;0;0;0;0;0;3416;0;0;0;0;0;0;
38975;4840968;562294784;48549888;505352192;0;0;0;0;0;0;0;0;0;0;0;3517;0;0;0;0;0;0;
38976;3206544;562294784;48549888;505352192;0;0;0;0;0;0;0;0;0;0;0;3416;0;0;0;0;0;0;
38977;4887396;562294784;48549888;505352192;0;0;0;0;0;0;0;0;0;0;0;2995;0;0;0;0;0;0;
38978;3219548;562294784;48549888;505352192;0;0;0;0;0;0;0;0;0;0;0;3667;0;0;0;0;0;0;
38979;4681650;562294784;48549888;505352192;0;0;0;0;0;0;0;0;0;0;0;3046;0;0;0;0;0;0;
38980;3253001;562294784;48549888;505352192;0;0;0;0;0;0;0;0;0;0;0;3577;0;0;0;0;0;0;
38981;4805001;562294784;48549888;505352192;0;0;0;0;0;0;0;0;0;0;0;2876;0;0;0;0;0;0;
38982;3175566;562294784;48549888;505352192;0;0;0;0;0;0;0;0;0;0;0;3426;0;0;0;0;0;0;
38983;4677151;562294784;48549888;505352192;0;0;0;0;0;0;0;0;0;0;0;3046;0;0;0;0;0;0;
38984;3174884;562294784;48549888;505352192;0;0;0;0;0;0;0;0;0;0;0;3196;0;0;0;0;0;0;
38985;4849515;562294784;48549888;505352192;0;0;0;0;0;0;0;0;0;0;0;2776;0;0;0;0;0;0;
38986;3228605;562294784;48549888;505352192;0;0;0;0;0;0;0;0;0;0;0;4248;0;0;0;0;0;0;
38987;4777069;562294784;48549888;505352192;0;0;0;0;0;0;0;0;0;0;0;3367;0;0;0;0;0;0;
38988;3342759;562294784;48549888;505352192;0;0;0;0;0;0;0;0;0;0;0;4078;0;0;0;0;0;0;
38989;4826712;562294784;48549888;505352192;0;0;0;0;0;0;0;0;0;0;0;3085;0;0;0;0;0;0;
38990;3374869;562294784;48549888;505352192;0;0;0;0;0;0;0;0;0;0;0;3176;0;0;0;0;0;0;
38991;5323353;562294784;48549888;505352192;0;0;0;0;0;0;0;0;0;0;0;3436;0;0;0;0;0;0;
38992;3281254;562294784;48549888;505352192;0;0;0;0;0;0;0;0;0;0;0;3416;0;0;0;0;0;0;
38993;4820571;562294784;48549888;505352192;0;0;0;0;0;0;0;0;0;0;0;3176;0;0;0;0;0;0;
38994;3043578;562294784;48549888;505352192;0;0;0;0;0;0;0;0;0;0;0;3807;0;0;0;0;0;0;
38995;4686950;562294784;48549888;505352192;0;0;0;0;0;0;0;0;0;0;0;2825;0;0;0;0;0;0;
38996;3110854;562294784;48549888;505352192;0;0;0;0;0;0;0;0;0;0;0;3697;0;0;0;0;0;0;
38997;4862378;562294784;48549888;505352192;0;0;0;0;0;0;0;0;0;0;0;3486;0;0;0;0;0;0;
38998;3199931;562294784;48549888;505352192;0;0;0;0;0;0;0;0;0;0;0;3757;0;0;0;0;0;0;
38999;4763152;562294784;48549888;505352192;0;0;0;0;0;0;0;0;0;0;0;2515;0;0;0;0;0;0;
39000;3149256;562294784;48549888;505352192;0;0;0;0;0;0;0;0;0;0;0;4058;0;0;0;0;0;0;
39001;4649320;562294784;48549888;505352192;0;0;0;0;0;0;0;0;0;0;0;2525;0;0;0;0;0;0;
39002;3107969;562294784;48549888;505352192;0;0;0;0;0;0;0;0;0;0;0;3497;0;0;0;0;0;0;
39003;4900199;562294784;48549888;505352192;0;0;0;0;0;0;0;0;0;0;0;3847;0;0;0;0;0;0;
39004;3186235;562294784;48549888;505352192;0;0;0;0;0;0;0;0;0;0;0;4037;0;0;0;0;0;0;
39005;4983045;562294784;48549888;505352192;0;0;0;0;0;0;0;0;0;0;0;2905;0;0;0;0;0;0;
39006;3039490;562294784;48549888;505352192;0;0;0;0;0;0;0;0;0;0;0;3386;0;0;0;0;0;0;
39007;4644730;562294784;48549888;505352192;0;0;0;0;0;0;0;0;0;0;0;3145;0;0;0;0;0;0;
39008;3263320;562294784;48549888;505352192;0;0;0;0;0;0;0;0;0;0;0;3657;0;0;0;0;0;0;
39009;4760418;562294784;48549888;505352192;0;0;0;0;0;0;0;0;0;0;0;2976;0;0;0;0;0;0;
39010;3056262;562294784;48549888;505352192;0;0;0;0;0;0;0;0;0;0;0;3386;0;0;0;0;0;0;
39011;4650872;562294784;48549888;505352192;0;0;0;0;0;0;0;0;0;0;0;2805;0;0;0;0;0;0;
39012;3064587;562294784;48549888;505352192;0;0;0;0;0;0;0;0;0;0;0;4278;0;0;0;0;0;0;
39013;4749367;562294784;48549888;505352192;0;0;0;0;0;0;0;0;0;0;0;3266;0;0;0;0;0;0;
39014;3506967;562294784;48549888;505352192;0;0;0;0;0;0;0;0;0;0;0;3587;0;0;0;0;0;0;
39015;5015085;562294784;48549888;505352192;0;0;0;0;0;0;0;0;0;0;0;3507;0;0;0;0;0;0;
39016;3227302;562294784;48549888;505352192;0;0;0;0;0;0;0;0;0;0;0;3076;0;0;0;0;0;0;
39017;5084525;562294784;48549888;505352192;0;0;0;0;0;0;0;0;0;0;0;2765;0;0;0;0;0;0;
39018;3224878;562294784;48549888;505352192;0;0;0;0;0;0;0;0;0;0;0;3376;0;0;0;0;0;0;
39019;4767931;562294784;48549888;505352192;0;0;0;0;0;0;0;0;0;0;0;3016;0;0;0;0;0;0;
39020;3102799;562294784;48549888;505352192;0;0;0;0;0;0;0;0;0;0;0;3076;0;0;0;0;0;0;
39021;4965783;562294784;48549888;505352192;0;0;0;0;0;0;0;0;0;0;0;3226;0;0;0;0;0;0;
39022;3127986;562294784;48549888;505352192;0;0;0;0;0;0;0;0;0;0;0;3587;0;0;0;0;0;0;
39023;4947008;562294784;48549888;505352192;0;0;0;0;0;0;0;0;0;0;0;3456;0;0;0;0;0;0;
39024;2996199;562294784;48549888;505352192;0;0;0;0;0;0;0;0;0;0;0;3536;0;0;0;0;0;0;
39025;4780325;562294784;48549888;505352192;0;0;0;0;0;0;0;0;0;0;0;3697;0;0;0;0;0;0;
39026;3283498;562294784;48549888;505352192;0;0;0;0;0;0;0;0;0;0;0;3426;0;0;0;0;0;0;
39027;4787879;562294784;48549888;505352192;0;0;0;0;0;0;0;0;0;0;0;3417;0;0;0;0;0;0;
39028;3075938;562294784;48549888;505352192;0;0;0;0;0;0;0;0;0;0;0;4378;0;0;0;0;0;0;
39029;4715533;562294784;48549888;505352192;0;0;0;0;0;0;0;0;0;0;0;3386;0;0;0;0;0;0;
39030;2913474;562294784;48549888;505352192;0;0;0;0;0;0;0;0;0;0;0;2896;0;0;0;0;0;0;
39031;4712027;562294784;48549888;505352192;0;0;0;0;0;0;0;0;0;0;0;3036;0;0;0;0;0;0;
39032;3213387;562294784;48549888;505352192;0;0;0;0;0;0;0;0;0;0;0;3868;0;0;0;0;0;0;
39033;4633189;562294784;48549888;505352192;0;0;0;0;0;0;0;0;0;0;0;3136;0;0;0;0;0;0;
39034;2936146;562294784;48549888;505352192;0;0;0;0;0;0;0;0;0;0;0;3777;0;0;0;0;0;0;
39035;4711687;562294784;48549888;505352192;0;0;0;0;0;0;0;0;0;0;0;2444;0;0;0;0;0;0;
39036;2997601;562294784;48549888;505352192;0;0;0;0;0;0;0;0;0;0;0;3176;0;0;0;0;0;0;
39037;4580219;562294784;48549888;505352192;0;0;0;0;0;0;0;0;0;0;0;2725;0;0;0;0;0;0;
39038;3531152;562294784;48549888;505352192;0;0;0;0;0;0;0;0;0;0;0;3536;0;0;0;0;0;0;
39039;4602532;562294784;48549888;505352192;0;0;0;0;0;0;0;0;0;0;0;2936;0;0;0;0;0;0;
39040;3822008;562294784;48549888;505352192;0;0;0;0;0;0;0;0;0;0;0;3557;0;0;0;0;0;0;
39041;4901883;562294784;48549888;505352192;0;0;0;0;0;0;0;0;0;0;0;4157;0;0;0;0;0;0;
39042;3475137;562294784;48549888;505352192;0;0;0;0;0;0;0;0;0;0;0;2895;0;0;0;0;0;0;
39043;4807596;562294784;48549888;505352192;0;0;0;0;0;0;0;0;0;0;0;2935;0;0;0;0;0;0;
39044;2930736;562294784;48549888;505352192;0;0;0;0;0;0;0;0;0;0;0;3477;0;0;0;0;0;0;
39045;4782388;562294784;48549888;505352192;0;0;0;0;0;0;0;0;0;0;0;2795;0;0;0;0;0;0;
39046;2991280;562294784;48549888;505352192;0;0;0;0;0;0;0;0;0;0;0;3045;0;0;0;0;0;0;
39047;4671922;562294784;48549888;505352192;0;0;0;0;0;0;0;0;0;0;0;2595;0;0;0;0;0;0;
39048;3065279;562294784;48549888;505352192;0;0;0;0;0;0;0;0;0;0;0;4278;0;0;0;0;0;0;
39049;4621417;562294784;48549888;505352192;0;0;0;0;0;0;0;0;0;0;0;2585;0;0;0;0;0;0;
39050;3102238;562294784;48549888;505352192;0;0;0;0;0;0;0;0;0;0;0;2955;0;0;0;0;0;0;
39051;4763333;562294784;48549888;505352192;0;0;0;0;0;0;0;0;0;0;0;3537;0;0;0;0;0;0;
39052;3118979;562294784;48549888;505352192;0;0;0;0;0;0;0;0;0;0;0;3246;0;0;0;0;0;0;
39053;5287947;562294784;48549888;505352192;0;0;0;0;0;0;0;0;0;0;0;4198;0;0;0;0;0;0;
39054;3142904;562294784;48549888;505352192;0;0;0;0;0;0;0;0;0;0;0;3226;0;0;0;0;0;0;
39055;4580130;562294784;48549888;505352192;0;0;0;0;0;0;0;0;0;0;0;3437;0;0;0;0;0;0;
39056;3279300;562294784;48549888;505352192;0;0;0;0;0;0;0;0;0;0;0;4077;0;0;0;0;0;0;
39057;4626195;562294784;48549888;505352192;0;0;0;0;0;0;0;0;0;0;0;2926;0;0;0;0;0;0;
39058;3422849;562294784;48549888;505352192;0;0;0;0;0;0;0;0;0;0;0;4088;0;0;0;0;0;0;
39059;49417848;562495488;48549888;505352192;0;0;0;0;0;0;0;0;0;0;0;3447;0;0;0;0;0;0;
